LEM/slope_with_small_perturbation/area_000000.asc
nrows	100
cellsize	150.0
xllcorner	0
ncols	100
yllcorner	0
NODATA_value	-9999
[rows 0 to 16 of 100, columns 0 to 36 of 100]
6.750000000000000000e+04 6.750000000000000000e+04 4.500000000000000000e+04 2.250000000000000000e+04 4.050000000000000000e+05 1.800000000000000000e+05 1.575000000000000000e+05 1.125000000000000000e+05 9.000000000000000000e+04 6.750000000000000000e+04 4.500000000000000000e+04 2.250000000000000000e+04 2.250000000000000000e+04 2.250000000000000000e+04 6.750000000000000000e+04 4.500000000000000000e+04 2.250000000000000000e+04 7.582500000000000000e+06 7.560000000000000000e+06 7.515000000000000000e+06 1.350000000000000000e+05 1.125000000000000000e+05 4.500000000000000000e+04 2.250000000000000000e+04 2.250000000000000000e+04 9.000000000000000000e+04 6.750000000000000000e+04 4.500000000000000000e+04 2.250000000000000000e+04 2.250000000000000000e+04 6.750000000000000000e+04 4.500000000000000000e+04 2.250000000000000000e+04 6.142500000000000000e+06 2.250000000000000000e+04 5.850000000000000000e+06 2.250000000000000000e+04
0.000000000000000000e+00 4.500000000000000000e+04 2.250000000000000000e+04 4.500000000000000000e+05 2.250000000000000000e+04 2.025000000000000000e+05 9.000000000000000000e+04 2.250000000000000000e+04 2.250000000000000000e+04 2.250000000000000000e+04 8.212500000000000000e+06 6.750000000000000000e+04 2.250000000000000000e+04 1.575000000000000000e+05 2.250000000000000000e+04 2.250000000000000000e+04 7.605000000000000000e+06 2.250000000000000000e+04 2.250000000000000000e+04 2.250000000000000000e+04 7.357500000000000000e+06 2.250000000000000000e+04 4.500000000000000000e+04 2.250000000000000000e+04 7.155000000000000000e+06 6.750000000000000000e+04 4.500000000000000000e+04 2.250000000000000000e+04 2.250000000000000000e+04 6.795000000000000000e+06 6.277500000000000000e+06 6.210000000000000000e+06 6.187500000000000000e+06 2.250000000000000000e+04 6.097500000000000000e+06 2.250000000000000000e+04 5.805000000000000000e+06
7.425000000000000000e+05 2.250000000000000000e+04 4.950000000000000000e+05 2.250000000000000000e+04 2.250000000000000000e+04 9.000000000000000000e+04 2.250000000000000000e+04 6.750000000000000000e+04 2.250000000000000000e+04 8.280000000000000000e+06 2.250000000000000000e+04 8.122500000000000000e+06 8.100000000000000000e+06 2.250000000000000000e+04 2.250000000000000000e+04 7.807500000000000000e+06 1.350000000000000000e+05 6.750000000000000000e+04 2.250000000000000000e+04 2.250000000000000000e+04 2.250000000000000000e+04 7.312500000000000000e+06 7.290000000000000000e+06 7.200000000000000000e+06 2.250000000000000000e+04 6.952500000000000000e+06 6.885000000000000000e+06 6.862500000000000000e+06 6.817500000000000000e+06 2.250000000000000000e+04 4.050000000000000000e+05 4.500000000000000000e+04 2.250000000000000000e+04 2.250000000000000000e+04 2.025000000000000000e+05 4.500000000000000000e+04 2.250000000000000000e+04
0.000000000000000000e+00 6.750000000000000000e+05 1.350000000000000000e+05 9.000000000000000000e+04 2.250000000000000000e+04 2.250000000000000000e+04 2.250000000000000000e+04 2.250000000000000000e+04 3.966750000000000000e+07 4.500000000000000000e+04 2.250000000000000000e+04 2.250000000000000000e+04 2.250000000000000000e+04 7.897500000000000000e+06 7.852500000000000000e+06 2.250000000000000000e+04 2.250000000000000000e+04 2.250000000000000000e+04 1.125000000000000000e+05 6.750000000000000000e+04 2.250000000000000000e+04 4.500000000000000000e+04 2.250000000000000000e+04 6.750000000000000000e+04 2.250000000000000000e+04 2.250000000000000000e+04 2.250000000000000000e+04 2.250000000000000000e+05 1.800000000000000000e+05 2.250000000000000000e+04 2.250000000000000000e+04 3.825000000000000000e+05 3.150000000000000000e+05 2.250000000000000000e+04 2.250000000000000000e+04 1.350000000000000000e+05 1.125000000000000000e+05
4.500000000000000000e+04 4.500000000000000000e+04 2.250000000000000000e+04 2.250000000000000000e+04 2.250000000000000000e+04 3.982500000000000000e+07 3.980250000000000000e+07 3.973500000000000000e+07 2.250000000000000000e+04 3.132000000000000000e+07 3.129750000000000000e+07 3.127500000000000000e+07 4.500000000000000000e+04 2.250000000000000000e+04 2.250000000000000000e+04 2.700000000000000000e+05 2.475000000000000000e+05 2.025000000000000000e+05 4.500000000000000000e+04 2.250000000000000000e+04 1.219500000000000000e+07 1.212750000000000000e+07 2.250000000000000000e+04 1.199250000000000000e+07 2.250000000000000000e+04 3.375000000000000000e+05 3.150000000000000000e+05 2.250000000000000000e+04 2.250000000000000000e+04 1.125000000000000000e+05 2.250000000000000000e+04 2.250000000000000000e+04 2.250000000000000000e+04 2.475000000000000000e+05 2.250000000000000000e+04 4.500000000000000000e+04 2.250000000000000000e+04
2.250000000000000000e+04 2.250000000000000000e+04 2.250000000000000000e+04 2.250000000000000000e+04 3.996000000000000000e+07 2.250000000000000000e+04 4.500000000000000000e+04 2.250000000000000000e+04 2.250000000000000000e+04 4.500000000000000000e+04 2.250000000000000000e+04 2.250000000000000000e+04 3.114000000000000000e+07 3.105000000000000000e+07 3.102750000000000000e+07 2.250000000000000000e+04 2.250000000000000000e+04 2.250000000000000000e+04 2.250000000000000000e+04 1.233000000000000000e+07 4.500000000000000000e+04 2.250000000000000000e+04 1.208250000000000000e+07 2.250000000000000000e+04 1.197000000000000000e+07 4.500000000000000000e+04 2.250000000000000000e+04 4.500000000000000000e+04 2.250000000000000000e+04 4.500000000000000000e+04 2.250000000000000000e+04 2.250000000000000000e+04 4.500000000000000000e+04 2.250000000000000000e+04 1.800000000000000000e+05 9.000000000000000000e+04 4.500000000000000000e+04
0.000000000000000000e+00 2.250000000000000000e+04 4.009500000000000000e+07 4.007250000000000000e+07 2.250000000000000000e+04 9.000000000000000000e+04 2.250000000000000000e+04 2.250000000000000000e+04 6.750000000000000000e+04 1.800000000000000000e+05 1.350000000000000000e+05 1.125000000000000000e+05 4.500000000000000000e+04 6.750000000000000000e+04 2.250000000000000000e+04 3.071250000000000000e+07 3.066750000000000000e+07 3.062250000000000000e+07 1.242000000000000000e+07 2.250000000000000000e+04 6.750000000000000000e+04 2.250000000000000000e+04 2.250000000000000000e+04 2.250000000000000000e+04 2.250000000000000000e+04 1.154250000000000000e+07 1.152000000000000000e+07 1.145250000000000000e+07 1.143000000000000000e+07 1.140750000000000000e+07 1.134000000000000000e+07 1.127250000000000000e+07 1.120500000000000000e+07 1.118250000000000000e+07 2.250000000000000000e+04 2.250000000000000000e+04 2.250000000000000000e+04
4.016250000000000000e+07 4.014000000000000000e+07 2.250000000000000000e+04 2.250000000000000000e+04 2.250000000000000000e+04 3.600000000000000000e+05 3.375000000000000000e+05 3.150000000000000000e+05 2.925000000000000000e+05 2.250000000000000000e+04 2.250000000000000000e+04 2.250000000000000000e+04 2.250000000000000000e+04 2.250000000000000000e+04 2.250000000000000000e+04 2.250000000000000000e+04 2.250000000000000000e+04 2.250000000000000000e+04 1.818000000000000000e+07 4.500000000000000000e+04 2.250000000000000000e+04 2.250000000000000000e+04 1.575000000000000000e+05 1.350000000000000000e+05 1.125000000000000000e+05 4.500000000000000000e+04 2.250000000000000000e+04 4.500000000000000000e+04 2.250000000000000000e+04 2.250000000000000000e+04 2.250000000000000000e+04 2.250000000000000000e+04 9.000000000000000000e+04 4.500000000000000000e+04 1.113750000000000000e+07 1.089000000000000000e+07 1.086750000000000000e+07
6.750000000000000000e+04 6.750000000000000000e+04 4.500000000000000000e+04 2.250000000000000000e+04 4.275000000000000000e+05 4.500000000000000000e+04 2.250000000000000000e+04 2.250000000000000000e+04 1.350000000000000000e+05 6.750000000000000000e+04 4.500000000000000000e+04 2.250000000000000000e+04 4.500000000000000000e+04 2.250000000000000000e+04 1.575000000000000000e+05 1.125000000000000000e+05 6.750000000000000000e+04 4.500000000000000000e+04 2.250000000000000000e+04 1.815750000000000000e+07 1.809000000000000000e+07 2.250000000000000000e+05 4.500000000000000000e+04 2.250000000000000000e+04 2.250000000000000000e+04 2.250000000000000000e+04 1.698750000000000000e+07 1.692000000000000000e+07 1.689750000000000000e+07 2.250000000000000000e+04 2.025000000000000000e+05 1.800000000000000000e+05 2.250000000000000000e+04 2.250000000000000000e+04 2.250000000000000000e+04 2.250000000000000000e+05 1.350000000000000000e+05
3.712500000000000000e+06 5.175000000000000000e+05 4.950000000000000000e+05 4.725000000000000000e+05 2.250000000000000000e+04 2.250000000000000000e+04 2.250000000000000000e+04 2.025000000000000000e+05 2.250000000000000000e+04 4.500000000000000000e+04 2.250000000000000000e+04 1.890000000000000000e+06 2.250000000000000000e+04 2.025000000000000000e+05 2.250000000000000000e+04 1.485000000000000000e+06 2.250000000000000000e+04 1.575000000000000000e+05 1.350000000000000000e+05 4.500000000000000000e+04 2.250000000000000000e+04 1.784250000000000000e+07 1.779750000000000000e+07 2.250000000000000000e+04 1.714500000000000000e+07 1.703250000000000000e+07 2.250000000000000000e+04 4.500000000000000000e+04 2.250000000000000000e+04 1.685250000000000000e+07 2.250000000000000000e+04 2.250000000000000000e+04 4.500000000000000000e+04 2.250000000000000000e+04 4.500000000000000000e+04 2.250000000000000000e+04 6.750000000000000000e+04
0.000000000000000000e+00 3.195000000000000000e+06 3.172500000000000000e+06 2.250000000000000000e+04 3.825000000000000000e+05 3.150000000000000000e+05 2.700000000000000000e+05 4.500000000000000000e+04 2.250000000000000000e+04 2.002500000000000000e+06 1.935000000000000000e+06 2.250000000000000000e+04 1.800000000000000000e+06 1.575000000000000000e+06 1.530000000000000000e+06 2.250000000000000000e+04 1.440000000000000000e+06 2.250000000000000000e+04 2.250000000000000000e+04 1.125000000000000000e+05 2.250000000000000000e+04 2.250000000000000000e+04 2.250000000000000000e+04 1.775250000000000000e+07 2.250000000000000000e+04 9.000000000000000000e+04 6.750000000000000000e+04 4.500000000000000000e+04 2.250000000000000000e+04 2.250000000000000000e+04 1.660500000000000000e+07 2.250000000000000000e+04 2.250000000000000000e+04 6.750000000000000000e+04 2.250000000000000000e+04 2.250000000000000000e+04 2.250000000000000000e+04
0.000000000000000000e+00 2.250000000000000000e+04 2.250000000000000000e+04 3.127500000000000000e+06 2.250000000000000000e+04 2.250000000000000000e+04 4.500000000000000000e+04 2.250000000000000000e+04 2.430000000000000000e+06 2.250000000000000000e+04 4.500000000000000000e+04 2.250000000000000000e+04 1.800000000000000000e+05 1.575000000000000000e+05 2.250000000000000000e+04 2.250000000000000000e+04 4.500000000000000000e+04 1.237500000000000000e+06 2.250000000000000000e+04 1.102500000000000000e+06 6.750000000000000000e+04 2.250000000000000000e+04 2.250000000000000000e+04 5.625000000000000000e+05 5.175000000000000000e+05 4.950000000000000000e+05 4.725000000000000000e+05 4.050000000000000000e+05 3.825000000000000000e+05 4.500000000000000000e+04 2.250000000000000000e+04 1.653750000000000000e+07 1.649250000000000000e+07 2.250000000000000000e+04 4.950000000000000000e+05 4.275000000000000000e+05 2.250000000000000000e+04
0.000000000000000000e+00 9.000000000000000000e+04 2.250000000000000000e+04 2.250000000000000000e+04 2.677500000000000000e+06 2.655000000000000000e+06 2.565000000000000000e+06 2.475000000000000000e+06 2.250000000000000000e+04 3.825000000000000000e+05 3.600000000000000000e+05 2.925000000000000000e+05 4.500000000000000000e+04 2.250000000000000000e+04 1.350000000000000000e+05 9.000000000000000000e+04 2.250000000000000000e+04 2.250000000000000000e+04 1.170000000000000000e+06 2.250000000000000000e+04 1.080000000000000000e+06 6.750000000000000000e+04 2.250000000000000000e+04 8.325000000000000000e+05 2.250000000000000000e+04 9.000000000000000000e+04 2.250000000000000000e+04 4.500000000000000000e+04 2.250000000000000000e+04 2.925000000000000000e+05 2.475000000000000000e+05 4.500000000000000000e+04 2.250000000000000000e+04 1.638000000000000000e+07 1.586250000000000000e+07 2.250000000000000000e+04 3.600000000000000000e+05
9.000000000000000000e+04 2.250000000000000000e+04 1.125000000000000000e+05 2.250000000000000000e+04 2.250000000000000000e+04 2.250000000000000000e+04 2.250000000000000000e+04 4.500000000000000000e+04 2.250000000000000000e+04 2.250000000000000000e+04 2.250000000000000000e+04 2.250000000000000000e+04 4.500000000000000000e+04 2.250000000000000000e+04 2.700000000000000000e+05 2.475000000000000000e+05 2.250000000000000000e+05 2.025000000000000000e+05 2.250000000000000000e+04 2.250000000000000000e+04 2.250000000000000000e+04 9.900000000000000000e+05 8.775000000000000000e+05 2.250000000000000000e+04 8.100000000000000000e+05 2.250000000000000000e+04 4.500000000000000000e+04 2.250000000000000000e+04 6.750000000000000000e+04 2.250000000000000000e+04 2.250000000000000000e+04 1.800000000000000000e+05 2.250000000000000000e+04 4.500000000000000000e+04 2.250000000000000000e+04 1.581750000000000000e+07 1.579500000000000000e+07
2.250000000000000000e+05 2.250000000000000000e+05 2.250000000000000000e+04 6.750000000000000000e+04 2.250000000000000000e+04 2.250000000000000000e+04 2.250000000000000000e+04 1.350000000000000000e+05 9.000000000000000000e+04 2.250000000000000000e+04 2.250000000000000000e+04 4.500000000000000000e+04 2.250000000000000000e+04 4.275000000000000000e+05 1.350000000000000000e+05 9.000000000000000000e+04 4.500000000000000000e+04 2.250000000000000000e+04 1.575000000000000000e+05 1.350000000000000000e+05 9.000000000000000000e+04 2.250000000000000000e+04 9.000000000000000000e+04 2.250000000000000000e+04 6.525000000000000000e+05 2.250000000000000000e+04 1.575000000000000000e+05 1.350000000000000000e+05 2.250000000000000000e+04 2.250000000000000000e+04 4.500000000000000000e+04 2.250000000000000000e+04 1.350000000000000000e+05 2.250000000000000000e+04 2.250000000000000000e+04 4.500000000000000000e+04 2.250000000000000000e+04
0.000000000000000000e+00 2.250000000000000000e+04 4.500000000000000000e+04 2.250000000000000000e+04 2.925000000000000000e+05 2.475000000000000000e+05 2.025000000000000000e+05 2.250000000000000000e+04 2.250000000000000000e+04 2.250000000000000000e+04 6.525000000000000000e+05 5.400000000000000000e+05 5.175000000000000000e+05 6.750000000000000000e+04 2.250000000000000000e+04 2.250000000000000000e+04 2.250000000000000000e+04 2.250000000000000000e+04 2.250000000000000000e+04 4.500000000000000000e+04 2.250000000000000000e+04 4.500000000000000000e+04 2.250000000000000000e+04 4.500000000000000000e+04 2.250000000000000000e+04 6.300000000000000000e+05 2.250000000000000000e+04 2.250000000000000000e+04 2.250000000000000000e+04 2.025000000000000000e+05 4.500000000000000000e+04 2.250000000000000000e+04 2.250000000000000000e+04 4.500000000000000000e+04 1.800000000000000000e+05 6.750000000000000000e+04 4.500000000000000000e+04
4.500000000000000000e+04 2.250000000000000000e+04 2.250000000000000000e+04 3.150000000000000000e+05 1.467000000000000000e+07 1.460250000000000000e+07 1.458000000000000000e+07 2.250000000000000000e+04 7.425000000000000000e+05 6.975000000000000000e+05 2.250000000000000000e+04 2.250000000000000000e+04 4.500000000000000000e+04 2.250000000000000000e+04 2.250000000000000000e+04 6.975000000000000000e+05 6.750000000000000000e+05 4.500000000000000000e+04 3.825000000000000000e+05 3.150000000000000000e+05 2.925000000000000000e+05 2.700000000000000000e+05 2.250000000000000000e+04 2.250000000000000000e+04 2.250000000000000000e+04 2.250000000000000000e+04 4.275000000000000000e+05 3.600000000000000000e+05 3.375000000000000000e+05 6.750000000000000000e+04 9.000000000000000000e+04 6.750000000000000000e+04 2.250000000000000000e+04 2.250000000000000000e+05 2.250000000000000000e+04 4.500000000000000000e+04 2.250000000000000000e+04
