LEM/slope_with_small_perturbation/elevation_000004.asc
nrows	100
cellsize	150.0
xllcorner	0
ncols	100
yllcorner	0
NODATA_value	-9999
[rows 51 to 67 of 100, columns 37 to 73 of 100]
1.037761539311680394e+02 1.014266408910487485e+02 9.316038603084294323e+01 9.418990221203600299e+01 7.594710330919942010e+01 8.851318345844003943e+01 8.951356557205593845e+01 7.281460310210654541e+01 8.384450636170274151e+01 9.211032137366967731e+01 9.158707165891692625e+01 8.328312808456783500e+01 7.064478187361221728e+01 8.067314462829072852e+01 1.005546260629103728e+02 8.629593373158725456e+01 6.950766154900804850e+01 7.072145043453792823e+01 6.550652547850528151e+01 8.557032402484421141e+01 9.535538021406053133e+01 8.963719372488974102e+01 7.129768232686889462e+01 8.963719372488975523e+01 8.920948956159266174e+01 8.089970887435666214e+01 6.425609093711615571e+01 8.260436415035817959e+01 8.389170051022766472e+01 6.616992085449346916e+01 8.628122419889059813e+01 8.513614567158226976e+01 6.504883667761244226e+01 8.513614567158226976e+01 8.158851579034916313e+01 6.149005589409834727e+01 8.158851579034481460e+01
9.185173979764915941e+01 8.990586830392152251e+01 7.320662661004988081e+01 8.422925334060958846e+01 6.597052815814021187e+01 6.855956333329065444e+01 8.058985289338636449e+01 6.129430831958853787e+01 6.389102113488804235e+01 7.800008525501476697e+01 9.795418706168821643e+01 9.900401555233965212e+01 9.070150738296926818e+01 9.900401555233965212e+01 1.090260294644441785e+02 9.787812827015925166e+01 8.956811970094804565e+01 9.078247817226980487e+01 7.554069435395734899e+01 7.969511183198444826e+01 9.975462386839434714e+01 9.966740564819103554e+01 9.136213830645317557e+01 9.966740559589761972e+01 1.040810314039817541e+02 9.263936811467509358e+01 8.433040010804366204e+01 9.263936822845644770e+01 9.465262066310739897e+01 7.621316640133449027e+01 9.465262066310759792e+01 9.345377171609979428e+01 7.509577129948746688e+01 9.345377171609470679e+01 8.869324270694653478e+01 6.859809730841752184e+01 8.158852222552951616e+01
8.187014778480077837e+01 8.164007765790296389e+01 6.168602170107003957e+01 6.427518751036467393e+01 7.440384335872653310e+01 5.444863732812524404e+01 6.547960392083891179e+01 5.236864536103384893e+01 7.232435630310547481e+01 9.211033949936192755e+01 1.010320853991483858e+02 9.277166611388418005e+01 1.010320853991559034e+02 9.614098260497269166e+01 9.832220204732685431e+01 1.065805186344056068e+02 1.067691404461354097e+02 1.039411964946707911e+02 8.972498936770612943e+01 9.975462386839434714e+01 1.080852160521613712e+02 1.123341969412832384e+02 1.082024393151833834e+02 9.825957196111258440e+01 8.419945101638288065e+01 9.414024121016066715e+01 1.023776854703125991e+02 1.064295215582431666e+02 1.048174958386395161e+02 9.637875508764031451e+01 1.048268985761619945e+02 1.035017600217980487e+02 9.517705584393057450e+01 1.035008388163125517e+02 9.701132519086047523e+01 7.864915695055803724e+01 9.701132519086492323e+01
7.360087406080468497e+01 8.342252216821893285e+01 6.346738885200647218e+01 5.016297039641814592e+01 6.867605330787816342e+01 6.041020524922407731e+01 4.552136138935956922e+01 6.547960392083891179e+01 6.866277201603300284e+01 8.861653803077021507e+01 9.106233407229770194e+01 7.283337031931812078e+01 9.030129406016162363e+01 7.620312618358653367e+01 7.838407456399680484e+01 9.049185588220399268e+01 8.683314806280741038e+01 1.067691404461354097e+02 1.097991244306297318e+02 1.137795766345074924e+02 1.055363666706871300e+02 9.244721763222088384e+01 9.244735548239029299e+01 8.008077495540435109e+01 7.013891881944283568e+01 7.425715335283476293e+01 9.414024121016066715e+01 8.658914133204150687e+01 9.236559628848539205e+01 1.120340594582871034e+02 1.102090352603379273e+02 1.019858782311740555e+02 1.045605154829340648e+02 1.127763269402566522e+02 1.070559397444293666e+02 9.873744575903454290e+01 1.070546831464382933e+02
6.694615815086935129e+01 8.111932837477733926e+01 6.346738885200647218e+01 4.350808484318259417e+01 5.563870572748925980e+01 4.044959066418056182e+01 6.041020524922407731e+01 7.374520510833445996e+01 8.861653803077021507e+01 7.955015060379982117e+01 7.129063913067264480e+01 6.286335874918344757e+01 8.204278912708680593e+01 6.210435465441608471e+01 8.052345654120406948e+01 7.055485607080299815e+01 8.465219204510960083e+01 1.045900515174167680e+02 1.121195250809927870e+02 1.039014075194889273e+02 8.564281384247151152e+01 8.929334880394394247e+01 7.255873408851108763e+01 7.838403247345483749e+01 6.018801451237306566e+01 8.008077495540436530e+01 8.305330528765712472e+01 7.254062576157377862e+01 9.240025415872068493e+01 1.065791627576285663e+02 9.875026743597437928e+01 8.214090100963946384e+01 8.471588595588826820e+01 1.045606985166674860e+02 1.091548221313723701e+02 1.067343553974292405e+02 9.852485171160583377e+01
6.092617536938217171e+01 6.115984974034853394e+01 6.482248231266622440e+01 5.563870572748925980e+01 3.567521240309167752e+01 5.377926912265892412e+01 5.377926912265892412e+01 7.373498233085015841e+01 7.600969149772629407e+01 7.129063913067264480e+01 5.134771820602629333e+01 7.129063913067264480e+01 6.898111183440884986e+01 5.505261487140891319e+01 6.058474361829087940e+01 8.052345654120406948e+01 9.874792242298222789e+01 1.022037893604430963e+02 9.395660022385411025e+01 8.401388741066358534e+01 8.766460474705820616e+01 6.939884807973371039e+01 7.671096176386917875e+01 5.848543400305494089e+01 7.838403247345483749e+01 6.192864781421453557e+01 6.317111565098640114e+01 6.442063074970938885e+01 7.847905344419928042e+01 8.737937071842999615e+01 8.867251315590155514e+01 7.067419572100128278e+01 9.052837529025899244e+01 9.377577307502653525e+01 8.932809956415422903e+01 9.652733696706734179e+01 7.870397190652715835e+01
5.608324597747698448e+01 4.704345406891068393e+01 4.485964005856472170e+01 5.158915880446210167e+01 3.287762247439377461e+01 3.381539415625306333e+01 5.377926912265892412e+01 5.605896186479956356e+01 5.605896186479956356e+01 6.527762222787447399e+01 4.533075509493568944e+01 6.344963355749941059e+01 4.903701757065047673e+01 6.898111183440884986e+01 8.052345654120406948e+01 8.878143814987554094e+01 1.037499672041270031e+02 9.395660022385411025e+01 7.405106699319509289e+01 7.988126269332086338e+01 6.776605741417321838e+01 7.508009414604246956e+01 5.680672283713219173e+01 7.671096176386917875e+01 8.662292434271031993e+01 7.187647666172009053e+01 8.305330528765712472e+01 8.429831891063165017e+01 6.622298965451923891e+01 6.751311952900296376e+01 6.881115665676368565e+01 8.867251315590155514e+01 7.257881931253587027e+01 7.393461390036159742e+01 7.529961808392125988e+01 7.669763028927459914e+01 9.652733696706734179e+01
4.860617530262580033e+01 4.946568048405642770e+01 3.073725975473035987e+01 3.162132185324798783e+01 5.158915880446210167e+01 5.377926912265892412e+01 3.515033170022435627e+01 3.609952529469553895e+01 5.605896186479956356e+01 5.837004703382077508e+01 3.979361389431990403e+01 4.350143293313787751e+01 6.344963355749941059e+01 7.724021160730096369e+01 7.557019267950413166e+01 7.557019267950413166e+01 9.013026175273279250e+01 9.312435236749351475e+01 7.988126269332086338e+01 5.997121302482687355e+01 7.347288889500927667e+01 5.517053746583863472e+01 7.508009414604246956e+01 6.745033036774393054e+01 8.734523629621975260e+01 8.593261488611153709e+01 9.998871317286024407e+01 9.432234182989859050e+01 7.616302347521524041e+01 8.737937071842999615e+01 8.028201613612890242e+01 9.689712076124497742e+01 8.661513879045459419e+01 9.377577307502654946e+01 8.280203809218456001e+01 9.072193373347161582e+01 1.047399719064287353e+02
2.863327449733012031e+01 2.949420225757817704e+01 4.946568048405642770e+01 5.158915880446210167e+01 5.985664783532320143e+01 6.337613907647384792e+01 4.667786271829693590e+01 5.605896186479956356e+01 3.745094506419868452e+01 3.841534655033556334e+01 5.837004703382077508e+01 4.124820219195276394e+01 6.119655743965150663e+01 7.091051446848240403e+01 5.564142203954840227e+01 6.194910257807845966e+01 8.187627777696465614e+01 7.904386550016428714e+01 6.496337863283515901e+01 5.243785530978507126e+01 5.355821910993893198e+01 7.347288889500927667e+01 8.332318749998469798e+01 8.734523629621975260e+01 8.151883249214333205e+01 1.014114193798836538e+02 1.140448114596090505e+02 1.042540028236086869e+02 9.602509024180680797e+01 1.042540028236086869e+02 1.001341452352886705e+02 1.083598473571666148e+02 1.064527260855007000e+02 1.108448325230998819e+02 9.682218137556925797e+01 9.899074726844916938e+01 1.187580100793865796e+02
4.860617530262580033e+01 4.946568048405642770e+01 3.615394019034278017e+01 4.191986584427985463e+01 6.188498372124851699e+01 7.489624568041588759e+01 6.663238147325198213e+01 5.156482918193839993e+01 4.897605022738488856e+01 4.734295892465113553e+01 6.663158810438123680e+01 6.119655743965150663e+01 4.270844765023329614e+01 6.265329683444864628e+01 4.566845854114404091e+01 6.560580735952623854e+01 6.817765184789006128e+01 6.925376699566048444e+01 5.087283137562094026e+01 7.079564847822047113e+01 7.347288889500927667e+01 6.420744562935834665e+01 7.570109907290397189e+01 9.560313464162197761e+01 1.014114193798836538e+02 1.096541588782841075e+02 9.595167227536617816e+01 8.769128209009396357e+01 9.595167227536617816e+01 9.290195687099122779e+01 1.011612432830790738e+02 1.095400599466881175e+02 1.012855061188614059e+02 1.095400599485348749e+02 1.166484456654318507e+02 1.188182387147588912e+02 1.270378141195779307e+02
6.068481069723798527e+01 6.439015908926901943e+01 4.613963105089084138e+01 6.188498372124851699e+01 5.133305611752010833e+01 7.129525409075873199e+01 7.977532709602333227e+01 6.567162785826597826e+01 6.308357458655719796e+01 5.886200653548358730e+01 7.555211674376636211e+01 7.091043853083773740e+01 6.265329683444864628e+01 4.417837989462060477e+01 6.411958023217114544e+01 4.717737305038638596e+01 4.824729296448531812e+01 4.932644472225315724e+01 6.925376699566048444e+01 6.714165515882953628e+01 8.705405427304887667e+01 7.828341471719994615e+01 9.235777320282501535e+01 1.038491785148659261e+02 1.007508831331689549e+02 9.249006159951437667e+01 8.597574703301404497e+01 6.773549472545700212e+01 7.879432145432885193e+01 7.295074753160456282e+01 9.290195687099122779e+01 9.957210057497368894e+01 8.134641354189248830e+01 9.957210057497368894e+01 1.076828138798694710e+02 1.076828138798694710e+02 1.276101246138359215e+02
6.895531954622981630e+01 7.437170431542166682e+01 6.610347021093565445e+01 7.437170431542166682e+01 7.129525409075873199e+01 6.285902432852444122e+01 8.281935825813322083e+01 8.561687903965423629e+01 8.302888976303958657e+01 7.880557185083053184e+01 8.706662964566243090e+01 7.821335625651963142e+01 5.828174705783731469e+01 5.569519402125859386e+01 7.237524588327329411e+01 6.711066704508047565e+01 5.821694536247106555e+01 6.925376699566048444e+01 6.193322142959668497e+01 7.601779722796555916e+01 9.530258718768064341e+01 9.818580219826330335e+01 1.018895383337045075e+02 9.345849598057053242e+01 8.519573882486605498e+01 7.253628240914800074e+01 7.619786911399350515e+01 5.774705322864991075e+01 5.882953576384718986e+01 7.879432145432885193e+01 8.860174174032698602e+01 9.131595983028326202e+01 7.136725319328971295e+01 9.131595983028326202e+01 8.774793027793624844e+01 1.037980316368278721e+02 1.120509022354962383e+02
7.109718262515521303e+01 7.936985873895571331e+01 8.041200898417341136e+01 7.892091700428917989e+01 8.719257495814339620e+01 8.281935825813322083e+01 7.915645787981733861e+01 9.911739592028605728e+01 9.570462591578188949e+01 8.743613924883008792e+01 8.525221913062561896e+01 8.646874470870935170e+01 7.821335625651963142e+01 7.562750580756905094e+01 8.388277944469561476e+01 8.638927751790897958e+01 7.813835833330921332e+01 8.638927751790897958e+01 8.185066327430547517e+01 9.010058410972170861e+01 1.041833709914780997e+02 9.679245307235684947e+01 8.852922039507235752e+01 7.367161385789275130e+01 6.523536886929539946e+01 7.469724218552501327e+01 5.622939829332490547e+01 7.619786911399350515e+01 7.879432145432885193e+01 6.037852933636380470e+01 8.034106304375558238e+01 8.304006177981231929e+01 6.471022782309798060e+01 7.364025477174958212e+01 8.752032809152255766e+01 8.386199770168236967e+01 9.626846676318756124e+01
5.111551325790730260e+01 6.783507049785889365e+01 6.043401846311896719e+01 5.894246800344919990e+01 7.307063674118373342e+01 9.304474295916210735e+01 9.911739592028605728e+01 9.081986999470183264e+01 8.255088702061325989e+01 6.746731748360491565e+01 6.528273933782502070e+01 7.940180829127403683e+01 8.072461573356147824e+01 8.899321688232252825e+01 8.357899905583279576e+01 9.184679099644320388e+01 9.437998855434315715e+01 8.440066700280407019e+01 7.613352634294518850e+01 8.440066700280407019e+01 8.961653687961864989e+01 8.135154121939568483e+01 6.856977598751821290e+01 7.223240227908731015e+01 5.369974915981956798e+01 5.472671858149890056e+01 7.469724218552501327e+01 8.446117537704165557e+01 8.860174174032698602e+01 8.034106304375558238e+01 6.193911567104477456e+01 6.308149975233730800e+01 8.304006177981231929e+01 6.638089346136256097e+01 6.756836161975178356e+01 8.752032809152255766e+01 7.632705729370773895e+01
3.957387722528027041e+01 5.734841947807831275e+01 4.630165903136891359e+01 6.043401846311896719e+01 8.041200898417336873e+01 7.802664734589318130e+01 8.629679517534250976e+01 8.255088702061325989e+01 6.257954067038873092e+01 6.842901258694422495e+01 5.115406090660811600e+01 7.113166455236867591e+01 6.075396397419019934e+01 7.746459015860084207e+01 6.361096239894493465e+01 7.450355399118257083e+01 8.277209688282233913e+01 6.614782539321942068e+01 5.616212444349370969e+01 7.441683453551041794e+01 7.809144078970670932e+01 6.138593222281215134e+01 7.080596390068495793e+01 5.225871430407873675e+01 7.223240227908731015e+01 7.469724218552501327e+01 6.089454381692636531e+01 7.501426088967535577e+01 9.496652284549259093e+01 8.625393752387435597e+01 6.629878411226482626e+01 8.304006177981231929e+01 9.129894925864297761e+01 8.049445290093166250e+01 8.752032809152255766e+01 6.926862546569898882e+01 8.921811383204408230e+01
3.201666428350145566e+01 3.736052006178017848e+01 5.734841947807831275e+01 7.217373689794527536e+01 6.390150439946090444e+01 5.805067862058992745e+01 7.802664734589318130e+01 8.110829732599727038e+01 6.842901258694422495e+01 4.844930931448774203e+01 4.408575654588416626e+01 6.406851504748136961e+01 4.921593781123463884e+01 6.115978154170295511e+01 5.207442734405420026e+01 5.452958434705524127e+01 6.388542433577699597e+01 6.481895850071667553e+01 4.616750141317301370e+01 6.614782539321942068e+01 6.844446607099020241e+01 4.984786734833193833e+01 5.083055507379454951e+01 7.080596390068495793e+01 8.049808010436407812e+01 8.912102326743634251e+01 8.085814226921226577e+01 6.795725790773045105e+01 8.791387265298970988e+01 9.379335592216470729e+01 7.384592982202725864e+01 7.445032389497397673e+01 9.439722629841830326e+01 1.004339556432667990e+02 8.921811383199967338e+01 8.921811383204408230e+01 7.103727643961502736e+01
4.597928792285451749e+01 5.534098213036256908e+01 6.562306849914007501e+01 6.390150439946090444e+01 4.391784150751228566e+01 6.390150439946090444e+01 7.203652123679191277e+01 7.283797492341786040e+01 5.286040283176257759e+01 5.652635561534415842e+01 3.776276387791040889e+01 5.774941196766731366e+01 4.027475190898898205e+01 4.117531743889223605e+01 4.207863748182679586e+01 4.298848034822109554e+01 4.390306858198709961e+01 4.483741025459886487e+01 6.481895850071667553e+01 4.751102312841345565e+01 4.846643577526653957e+01 6.844446607099020241e+01 7.080596390068495793e+01 5.749368050865046342e+01 6.902657193502170685e+01 8.898522337863050780e+01 9.324628655106651820e+01 7.329422263410322103e+01 9.324628674192014444e+01 1.020504860620952456e+02 8.382373888570680265e+01 8.076195005958555839e+01 1.007032046648307499e+02 1.174005164290098691e+02 9.990003315271829365e+01 7.996353128449008807e+01 9.098415847053938421e+01
