LEM/slope_with_small_perturbation/elevation_000003.asc
nrows	100
cellsize	150.0
xllcorner	0
ncols	100
yllcorner	0
NODATA_value	-9999
[rows 34 to 50 of 100, columns 0 to 36 of 100]
2.978181695229736945e-03 2.000297818169341824e+01 3.075412412670377194e+01 2.489625975044140205e+01 3.903839537417185568e+01 5.903839537399261417e+01 7.051784878472261653e+01 5.809909825605189582e+01 4.617120201983925654e+01 2.628498494913116090e+01 3.549137986381560950e+01 5.537647357499454159e+01 4.926224797390346311e+01 4.926224797390346311e+01 3.307790200678524428e+01 3.670531327304556868e+01 2.153306120759694764e+01 4.130134617143705356e+01 5.009607339884132671e+01 3.618479172743502659e+01 4.304606964316599260e+01 2.870635326805370369e+01 4.004126946699970091e+01 5.966889667616849380e+01 4.977192865199724281e+01 4.977192865199723570e+01 3.376637757048232658e+01 5.327601353009980301e+01 6.498631282854424285e+01 6.581913053444691286e+01 5.218099337557751483e+01 5.926018638180877218e+01 4.758913590847150488e+01 6.676709749406914796e+01 7.440457507328221709e+01 6.652335868489848281e+01 4.988989810194453867e+01
1.893497408783086870e-03 1.414402912113960831e+01 3.414402912113384758e+01 4.489625975038854477e+01 4.353809280113791402e+01 4.353820005835932960e+01 5.181163122841287816e+01 4.986134088302901546e+01 2.997583488502325011e+01 1.925405509709290186e+01 3.914036254831567874e+01 5.250876443430974660e+01 4.429465676382443462e+01 2.947160794582923060e+01 3.526815220603020862e+01 1.694140219415928428e+01 3.670531327304620817e+01 3.931167520101322310e+01 4.039898215891746247e+01 2.227711716523855046e+01 2.339754224636532953e+01 2.452417633887727177e+01 4.415163828586558736e+01 4.693724544956003086e+01 4.810524534600568103e+01 3.026469639165196668e+01 4.977192865199724281e+01 5.304068219782843840e+01 5.442468431038428633e+01 5.581628893461718377e+01 3.856648960639319768e+01 4.004680560283630797e+01 4.153638423010736602e+01 6.070249500327928871e+01 6.433063287144756259e+01 4.756775464836847789e+01 6.652335868489848281e+01
9.179827644033159914e-03 2.000917982764229919e+01 3.983788150312837217e+01 3.768957180367043236e+01 2.356917577636609451e+01 2.356917608433460387e+01 4.353819945403770930e+01 4.082974526320106179e+01 3.362489322562104377e+01 1.374118684017735426e+01 3.362489322563071426e+01 4.106046417789863057e+01 2.446627038642614949e+01 3.384434542634610210e+01 1.548174230832430176e+01 3.526815220603020862e+01 1.849302254621048291e+01 1.959420423390974619e+01 2.070122969040639305e+01 4.039898215886778843e+01 3.729073534161033621e+01 4.415163828586558736e+01 2.618483538830800583e+01 2.736836127013487285e+01 2.856139185604479280e+01 4.810524534600568103e+01 3.223347976925841607e+01 3.362981314980162040e+01 3.505665766604418110e+01 3.649189957130519701e+01 5.581628893461714824e+01 5.926018638180877218e+01 6.070249500327928871e+01 4.372165258041134450e+01 4.529315526768487388e+01 6.433063287144756259e+01 6.303724708539672150e+01
6.604900230173384179e-03 1.155361028402258938e+01 3.155361028401843271e+01 2.941793615993254818e+01 9.449548840313633846e+00 2.941793615993079669e+01 3.499642232461027902e+01 2.091210703245533864e+01 2.770306718712338068e+01 9.182320150685812976e+00 2.906325813313478434e+01 3.144368987891529699e+01 1.302323063730607089e+01 1.403600999211371025e+01 3.384434542634610210e+01 4.346646898869619235e+01 3.244814168746793825e+01 3.353574860057252494e+01 4.039898215891746247e+01 4.856053236925213668e+01 5.694067577013148451e+01 5.389748679835880552e+01 3.749679793588607168e+01 3.859656929664525649e+01 4.810524534600568103e+01 4.810524534600519075e+01 5.168449979210149081e+01 4.096410762841340869e+01 5.442468431038428633e+01 4.981879816019844753e+01 5.015324288443158451e+01 6.948809151337354706e+01 7.073648927662756591e+01 5.325715308013409555e+01 6.433063287144756259e+01 5.872903887437355053e+01 7.740167701939081724e+01
5.101467937297931264e-03 2.000510146793556387e+01 2.084134374576637683e+01 2.177700635681397401e+01 3.135407186294957071e+00 2.310337270028651702e+01 2.539749508162540081e+01 6.830834973224073181e+00 7.802111767858917801e+00 2.770306718712338068e+01 1.059700517355854998e+01 1.159895846256553575e+01 3.144368987888309519e+01 2.804126625404019890e+01 3.020860784689608280e+01 5.002152249356029756e+01 5.218816009975934378e+01 5.325599553510649997e+01 4.831699860166984450e+01 5.660942677717977034e+01 6.816798693880934934e+01 6.521228839982819636e+01 5.709121968496967270e+01 5.772312845296101358e+01 6.334432205814921701e+01 6.765265722211589150e+01 6.842987288242441934e+01 5.067082514544959793e+01 6.842987288271865509e+01 6.686202400331370654e+01 6.948809151337016488e+01 7.751215199606909323e+01 8.016438613486189979e+01 7.223343896802451525e+01 8.016438613487056841e+01 7.764369746018908813e+01 8.544333254012614987e+01
5.600358222118538565e-03 4.236280507973414489e-01 8.417385054596578930e-01 1.790469770789373083e+00 2.177700635681397401e+01 4.497739681423390756e+00 5.462696826450854637e+00 2.539749508162540437e+01 2.770306718712337712e+01 3.594806197165190298e+01 3.045669164055165723e+01 3.144368987891529699e+01 3.966614347697800014e+01 4.785421786775378905e+01 5.002152249356029756e+01 4.851362759745172326e+01 4.022115160020290148e+01 3.761579876879702766e+01 2.829688690066104684e+01 3.985541237567341710e+01 5.987574034268911305e+01 5.589993146015513759e+01 5.563612074785658734e+01 5.458917162753897401e+01 6.312279712277376120e+01 8.032879101002046696e+01 7.814261860667201631e+01 7.008660177341262454e+01 7.814261860673305193e+01 7.875452125685694682e+01 7.043014673050920749e+01 7.119438954146886545e+01 7.953621850662007375e+01 7.730807285786950445e+01 6.872081461169639738e+01 7.719635339270138275e+01 7.150581757002080963e+01
4.575904209876861112e-03 2.000457590420814213e+01 2.084134374576637683e+01 1.500906900132211730e+00 2.150246964361899416e+01 2.444635937293919170e+01 2.349278594607239512e+01 3.177964756452750095e+01 3.618303589961968925e+01 4.447104922591086051e+01 3.713477363474839876e+01 4.542382160752954690e+01 4.068618844398920942e+01 3.856727445792225240e+01 4.685788923435759301e+01 3.695495746573394058e+01 2.020078368524137602e+01 1.759536096531780913e+01 3.761579876879810058e+01 5.660942677851119953e+01 5.003340467434968986e+01 3.587103626026117098e+01 3.535919001085956381e+01 3.345471107640788233e+01 4.776839547764431870e+01 6.934238712135683613e+01 6.145980465997417497e+01 6.391844873782380176e+01 7.221488533027198287e+01 6.581634578545526892e+01 4.886698148837575673e+01 5.102884056348518982e+01 6.789200815629895658e+01 6.673510308953669323e+01 4.833128944571274133e+01 6.551595895485981202e+01 5.142698259583858800e+01
4.658155261040713979e-03 2.000465815525930680e+01 2.978718775670478536e+01 2.150246964361899416e+01 2.160836649976935142e+00 2.216438471895089535e+01 3.485365469577432762e+00 2.349278594607231696e+01 1.617353869916899356e+01 2.510546594754695704e+01 1.712273587233343619e+01 2.605700928408994343e+01 2.067165015515027804e+01 1.855141138388924205e+01 2.749400561614779903e+01 2.797735695018550572e+01 8.640159862090687426e+00 2.866238679522266253e+01 2.983790703585640003e+01 3.813181686787668667e+01 4.001905477104834574e+01 2.170854584031474133e+01 2.090254239437561523e+01 4.129816552207521596e+01 5.707873447543333612e+01 5.807277583392123432e+01 4.226812545449710257e+01 4.393066635640165174e+01 6.391844873782187619e+01 5.624039429264219336e+01 3.677248970365367597e+01 3.935954185492371948e+01 5.955111483800594385e+01 5.838049782780727526e+01 3.829274088324978464e+01 4.832645452811144082e+01 3.984429729118060237e+01
5.330849696878311485e-03 2.000533084969514519e+01 3.829365542742998230e+01 3.044981458195879753e+01 1.630565852758558165e+01 2.821770234330149840e+00 2.282727234555892792e+01 4.149798182738860142e+00 4.619926919706794699e+00 5.093503075710474448e+00 5.567510718849636220e+00 6.042349410767413609e+00 6.517754887003568420e+00 6.993729630436582134e+00 7.475212007547883175e+00 7.957146305496180183e+00 2.797735695018550572e+01 9.326449083226393100e+00 9.812196958177709760e+00 2.983790703585640003e+01 3.102248803917257192e+01 1.169168483402507164e+01 3.172295484246482999e+01 2.875125033944854991e+01 4.878198463966593579e+01 4.122920254041915911e+01 2.997382145023910383e+01 4.978495227503439935e+01 6.224806181511274161e+01 4.789321168696085351e+01 2.772371512771762170e+01 4.789321168697716757e+01 5.021535167215474615e+01 5.851988882182430274e+01 4.832645452811144082e+01 2.826385539088061449e+01 4.144193149330070014e+01
9.384206039104543359e-03 1.000938420603901768e+01 3.000938420603546319e+01 4.459397063641904424e+01 2.860219560164015107e+01 8.597274622953426260e+00 2.860219560164006225e+01 2.415909976623155586e+01 8.886747557339642611e+00 2.510546594754423211e+01 1.971944264555013859e+01 2.019526047566314375e+01 2.653377269763342383e+01 1.033057140375178307e+01 2.749400561614779903e+01 1.951654323978785754e+01 3.626915352645598745e+01 2.348634256595856229e+01 2.983790703585640003e+01 1.050025236969199049e+01 1.099327329184090019e+01 3.102248803917257192e+01 1.239385770929676589e+01 3.242695857009276494e+01 3.363206801257539524e+01 2.132883775225608503e+01 4.122920254041915911e+01 5.807277580414275064e+01 5.394502356866357218e+01 3.389900530792905187e+01 2.254398071495498712e+01 3.810843251001649179e+01 3.016616443672680603e+01 4.694452931323908018e+01 4.899103041368385192e+01 4.068377701356823906e+01 2.138312777142561671e+01
9.768314284573654735e-03 2.000976831428284086e+01 3.829365542728609739e+01 5.168702790423107274e+01 3.527038352381794084e+01 1.526581975729327745e+01 3.527038352381724451e+01 3.326308225448979528e+01 1.325370965744691887e+01 3.326308225448769917e+01 3.973143071335967846e+01 4.020852275661705022e+01 3.373051298425471600e+01 1.371467204554894082e+01 3.373051298425468758e+01 3.953504341527435884e+01 4.782674498650002448e+01 4.350856944621106237e+01 3.358199444400320743e+01 1.355554356604814359e+01 3.102248803917230191e+01 3.931776503358466357e+01 3.242695857009276494e+01 1.309745702137721501e+01 1.359596338465555299e+01 3.363206801257540235e+01 3.434279770714166347e+01 5.437883867341470534e+01 4.513412386408803201e+01 3.683189739906007532e+01 1.753053421439613047e+01 1.805989540490105583e+01 1.858983330566090331e+01 3.863994802474724821e+01 3.992706351348375193e+01 2.062737697459767006e+01 4.068377701356823906e+01
9.313476842122882932e-03 2.000931347684038997e+01 2.340275671747765784e+01 4.340275671745646235e+01 4.355646388358579912e+01 2.526813511487868880e+01 4.355646388360811727e+01 3.842939845807688215e+01 1.842034265159901452e+01 2.959132883182051543e+01 4.960050775680390700e+01 4.638939353198593096e+01 2.637394595257126184e+01 3.373051298425500022e+01 1.926652866537773434e+01 3.928173145077899164e+01 5.424417675127194371e+01 5.086935503337049624e+01 3.084415726028236193e+01 1.668422346138817147e+01 3.670940189347364679e+01 4.729753338322846901e+01 2.726491430647976344e+01 3.313233258942108250e+01 3.363206801257540235e+01 1.430481426295281544e+01 3.434279770723293268e+01 3.556215715770895258e+01 3.608764374768022520e+01 1.678709692655671759e+01 3.683189739906639204e+01 3.810843251001649179e+01 3.863994802474724821e+01 1.934116668939583761e+01 1.987302730286241825e+01 3.992706351348375193e+01 4.899103041368978495e+01
1.757287057980242524e-03 7.072825098923425813e+00 2.121496072265462729e+01 4.121496072265774302e+01 5.355868301513909557e+01 4.527263193277178743e+01 5.355868302419115423e+01 4.397893293017579452e+01 2.396980282361974446e+01 4.397893285752845571e+01 5.788817405941489369e+01 4.638939353198598070e+01 4.638939353198597360e+01 3.192509412894373710e+01 3.928173145077899164e+01 2.593810220428731839e+01 4.595354610124690709e+01 5.156304934166610110e+01 3.153768623883249589e+01 1.997695441225181057e+01 4.000140056357889051e+01 5.559514484452173377e+01 4.729753338212729119e+01 4.701464467404304770e+01 2.697869536489671205e+01 3.434279770723291136e+01 1.501599753515744240e+01 1.552099576805718506e+01 1.604498493762023159e+01 3.608764374768022520e+01 4.513412386409238053e+01 5.178564801524490946e+01 4.769912873928581121e+01 3.939356609413287913e+01 3.992706351348362404e+01 3.405355691870293811e+01 5.410696279329144431e+01
1.954507115700021471e-03 2.000195450711396461e+01 2.707282509891270550e+01 4.707282509861234843e+01 5.798309660086526662e+01 6.133029412627821131e+01 6.888952080438193093e+01 5.154176721649865556e+01 3.153239020307255913e+01 4.030715747452160258e+01 6.031646456503108311e+01 6.640490756884189238e+01 6.023127950334767178e+01 4.348107006197678714e+01 5.112160822159948736e+01 3.110578976359492387e+01 5.112160822151086137e+01 5.985762284999609761e+01 4.354126471329596626e+01 2.351676916608059642e+01 3.507738857014065559e+01 5.510313455085093892e+01 6.337426192918788814e+01 4.333790457692013121e+01 4.359997871602962505e+01 2.356219627091568114e+01 3.505583956997438122e+01 1.743303016921610649e+01 3.608764374768022520e+01 4.289025241204061700e+01 2.802523427479276208e+01 3.174569858077272855e+01 3.567523150338745808e+01 3.976569997385330879e+01 5.980683796400820995e+01 5.410696279329144431e+01 6.241308854893064506e+01
9.499524778340364892e-03 1.415163514850941517e+01 3.415163514851582249e+01 2.969896098731159029e+01 4.133032569407200896e+01 4.133032566401548991e+01 4.888961073032701421e+01 5.982984253072853420e+01 4.308481689461701336e+01 5.982995593857950212e+01 6.860468613211509137e+01 8.473392045719614885e+01 7.178721463486384380e+01 6.349684736470634761e+01 5.689974141629779325e+01 3.688370097307652173e+01 5.689974140976102746e+01 6.155559480741411704e+01 4.152964029436448357e+01 2.736995689362787587e+01 4.739510656719595971e+01 6.339765888107579883e+01 7.167292150736260226e+01 5.361915246603339824e+01 3.358080498365260524e+01 4.359997872195185664e+01 4.577343418450259094e+01 3.747288206529697874e+01 2.017380290601004944e+01 2.285192979145720216e+01 4.289025241204138439e+01 5.178564801524490946e+01 5.571595780232515693e+01 5.980683796400818864e+01 4.595058079728128320e+01 5.130699651499708835e+01 5.888200857999981963e+01
7.291241591682445615e-03 2.000729124158995020e+01 2.825385751027990011e+01 1.555682536917386116e+01 2.133032806107001633e+01 2.888961752125442928e+01 4.303175311654697310e+01 6.303173761714953116e+01 6.309417906628597450e+01 7.138252703270345023e+01 7.887607127518022310e+01 6.473391608984059076e+01 7.473391827785521002e+01 8.301821389158413922e+01 6.357173433745488467e+01 4.355575574673986949e+01 6.357173433745510494e+01 6.573129884800766831e+01 4.570532544644085959e+01 3.154488814290683862e+01 4.570532544645350725e+01 6.573129895634288289e+01 6.778868630461525413e+01 4.774993939350604677e+01 5.361915247282451702e+01 6.191903338354619990e+01 5.566874170503000130e+01 4.304636738040044008e+01 2.300803272720995452e+01 4.289025241204133465e+01 2.889305481305795809e+01 4.893231742719464705e+01 6.373482936615103966e+01 7.429183248325725231e+01 5.491351958952240153e+01 7.134776523019186811e+01 6.398227384410618868e+01
1.086749991637594439e-03 4.083569654630250234e+00 8.253857935771710785e+00 2.825385751027993564e+01 4.133032569407200896e+01 4.888961233210586954e+01 5.717308500698288043e+01 5.962235889945900169e+01 6.181013591251858941e+01 7.009450278685937974e+01 6.887606463763286513e+01 5.059178044234800353e+01 5.473391607303864959e+01 7.473391827791425612e+01 7.186214355698177769e+01 5.356392224319724704e+01 7.186214377583087298e+01 6.792182217653977716e+01 4.789598833310868997e+01 3.732556495979523703e+01 4.789598833263391953e+01 6.792182201207154435e+01 7.608813068744932195e+01 6.778868631681189072e+01 6.922849362843848553e+01 6.026619935253546601e+01 4.736807497566069003e+01 2.732914122918958455e+01 4.304636738040048982e+01 3.717678840029078202e+01 4.893231742719463284e+01 3.539386082509358289e+01 5.543429181903851344e+01 7.130933584562428962e+01 7.495403580709998437e+01 7.127684444113226903e+01 8.402200244303533339e+01
