LEM/slope_with_small_perturbation/elevation_000000.asc
nrows	100
cellsize	150.0
xllcorner	0
ncols	100
yllcorner	0
NODATA_value	-9999
[rows 17 to 33 of 100, columns 37 to 73 of 100]
2.932863236096394099e-01 2.926895853438104544e-01 3.002912597594898370e-01 3.067502228442915424e-01 3.107051414589303562e-01 3.161887775423034563e-01 3.207090690086638052e-01 3.309400564732578043e-01 3.309171234755233781e-01 3.353777930617388714e-01 3.449232674253350783e-01 3.430440055395194143e-01 3.482979242846885870e-01 3.582307447479221585e-01 3.664565554124679103e-01 3.641726470649387370e-01 3.775953985052002970e-01 3.741237390043858357e-01 3.865990934400339030e-01 3.925386384970129816e-01 3.970689534052943004e-01 3.960714749659244305e-01 4.023412973614044486e-01 4.034017067377887455e-01 4.166586667213866835e-01 4.147730635997803894e-01 4.240489173831925029e-01 4.276865819380619715e-01 4.290200824379323818e-01 4.413184464985263067e-01 4.445436581986549340e-01 4.453932890546181689e-01 4.563018879620364121e-01 4.574254373942388541e-01 4.591086920866311316e-01 4.714414896095696639e-01 4.757141105185854202e-01
2.880257262941757213e-01 2.997532567804543358e-01 3.001398468654267737e-01 3.034551542316075157e-01 3.100292305564287809e-01 3.177252833063574089e-01 3.180560576957836005e-01 3.282155373511195795e-01 3.310988365518989784e-01 3.351911279793862164e-01 3.450227146304031267e-01 3.425458149669863839e-01 3.565725037911020023e-01 3.581795743383275887e-01 3.576664690437066918e-01 3.624676362026721388e-01 3.697163189493595237e-01 3.752871650476187204e-01 3.829975541261080862e-01 3.848272373337478514e-01 3.907978841580552753e-01 4.000212466626427155e-01 4.025275910897301301e-01 4.124498701233801912e-01 4.167966451139891726e-01 4.217962815682446687e-01 4.210109233507238757e-01 4.272194947680461041e-01 4.308239287317000565e-01 4.409953239639146094e-01 4.403395115935010984e-01 4.515343328097227715e-01 4.536908782763989234e-01 4.596690358381126384e-01 4.609855220792351549e-01 4.659042823781590625e-01 4.716837146104952416e-01
2.954319452920048938e-01 2.973262826575895912e-01 2.980139278714835083e-01 3.065313924097634035e-01 3.167617021049530246e-01 3.128322461977368074e-01 3.217321910735920776e-01 3.245004851354305053e-01 3.371958087953349503e-01 3.351967469681519929e-01 3.433038444510427278e-01 3.465947654826063706e-01 3.479657773992033132e-01 3.540638393509467075e-01 3.615060933904772345e-01 3.640182066238296654e-01 3.713917648415890893e-01 3.769438183562608957e-01 3.848505969359886092e-01 3.902841694137744177e-01 3.964545365178714365e-01 4.001159908673741494e-01 3.991620728683548114e-01 4.087043977637107028e-01 4.171833616179069226e-01 4.156488531783636420e-01 4.253174897073395133e-01 4.329565557666537057e-01 4.328564135655952327e-01 4.424879695097067023e-01 4.481633930769308716e-01 4.515356980400978548e-01 4.528788796800456984e-01 4.580931836115321176e-01 4.653458829658117524e-01 4.647607664495544966e-01 4.711241842730057305e-01
2.874897799752124117e-01 3.016147395651964658e-01 3.008522885904867383e-01 3.089543689648738822e-01 3.086638186465882616e-01 3.135380597768996358e-01 3.252559809841770733e-01 3.254361037767516951e-01 3.337719760697339111e-01 3.412616657237254603e-01 3.467914549928308721e-01 3.485974521897349243e-01 3.526087511919785422e-01 3.533296934349300367e-01 3.669837371900254164e-01 3.628864019665724028e-01 3.741732060141371718e-01 3.737856529770908764e-01 3.805803819894407192e-01 3.864265489841844370e-01 3.946902329391402398e-01 3.961159842295771116e-01 4.016043668910630471e-01 4.057462645959647451e-01 4.104631858441106784e-01 4.216351266889578064e-01 4.224026036025917419e-01 4.269996239993811282e-01 4.346883421263550984e-01 4.356436127931320734e-01 4.462048040715704267e-01 4.476863054036632206e-01 4.581913309938751011e-01 4.598938931476268532e-01 4.611376983373862148e-01 4.729059238309607505e-01 4.776952225195750801e-01
2.883341018704945746e-01 2.962801509595091032e-01 3.030338480682282509e-01 3.083111409883736997e-01 3.083236357267878924e-01 3.195255246940928995e-01 3.257844475896448655e-01 3.292153687890904679e-01 3.341936027995656699e-01 3.377996284222717915e-01 3.462684729881402301e-01 3.432225011564444261e-01 3.477642293495999404e-01 3.599467819890996290e-01 3.625933650792925178e-01 3.707886915822524720e-01 3.683754502439486322e-01 3.747155224947407159e-01 3.809128287514821354e-01 3.835951526170929826e-01 3.900858139084336651e-01 4.018488396528241413e-01 4.077403075861926740e-01 4.104577926229078244e-01 4.125766690835724892e-01 4.222368479874938907e-01 4.240950171810133895e-01 4.268662383432987317e-01 4.362872706497359920e-01 4.347928405983573219e-01 4.387422855570916047e-01 4.483540549848789580e-01 4.548283923042632515e-01 4.621062777793625287e-01 4.664639089593168864e-01 4.660924584366684109e-01 4.769379567250487950e-01
2.939806537342106729e-01 3.011114939293262349e-01 3.045650838987007392e-01 3.073041027581160378e-01 3.077906741017416015e-01 3.219626134517131200e-01 3.261369402997452149e-01 3.315921947869120423e-01 3.303372206485584717e-01 3.338325931477150732e-01 3.419105735656230438e-01 3.523687769394966973e-01 3.573160836815368890e-01 3.594400396583026791e-01 3.651340929145244218e-01 3.655398438141745920e-01 3.763462437023666896e-01 3.775887689278717430e-01 3.811132790469798914e-01 3.916997928104025695e-01 3.955599859407563645e-01 3.947402369319997772e-01 3.996790735933586358e-01 4.112839407465787023e-01 4.133837631015724878e-01 4.212270256157308324e-01 4.255150005160006632e-01 4.280143283149703826e-01 4.296700177057352077e-01 4.426627138139921369e-01 4.419107664096997290e-01 4.450570909756902394e-01 4.510183359186501484e-01 4.548135939207608169e-01 4.631651008579028006e-01 4.726574739897852484e-01 4.695769795403590963e-01
2.917835092835595612e-01 3.001207620411634469e-01 3.046428358580948181e-01 3.050160205239220712e-01 3.159736990267392187e-01 3.135571048820549600e-01 3.256299924331983453e-01 3.311232527701175599e-01 3.294165330051767038e-01 3.334877614784709232e-01 3.381644132121850443e-01 3.465761701826474139e-01 3.529769167908569094e-01 3.541789370888484001e-01 3.586439887499970336e-01 3.631240617541526827e-01 3.728710862728685238e-01 3.797739876029603279e-01 3.831199556844757659e-01 3.868170662700461948e-01 3.927713875542659938e-01 4.020643936212367486e-01 4.051456247298068636e-01 4.108044828442484198e-01 4.111513820251131435e-01 4.175969144783504561e-01 4.217727643329619580e-01 4.326062300910632485e-01 4.312593379916944691e-01 4.414860351551040951e-01 4.430088775832710657e-01 4.467502348083199348e-01 4.570118471256532366e-01 4.557174428297419144e-01 4.606173677686052348e-01 4.702305430675896569e-01 4.766257157436449843e-01
2.897891560621367324e-01 2.979205397722355375e-01 3.008685866885587590e-01 3.053133266612344521e-01 3.095586868998265184e-01 3.178253777546282688e-01 3.257913945477413642e-01 3.315587564926908981e-01 3.292604468785288452e-01 3.385439676603081427e-01 3.448005298449088318e-01 3.454640676475670968e-01 3.572762474716171810e-01 3.565271746640560901e-01 3.642344120142513852e-01 3.698885486903981668e-01 3.730420174561761559e-01 3.766861717977105228e-01 3.873889564163344179e-01 3.882397454132768266e-01 3.902683192272650148e-01 3.980535383209355960e-01 4.001472381406033785e-01 4.039736838426080667e-01 4.167844135910048209e-01 4.201385777240250752e-01 4.278446766910915522e-01 4.313437787615118091e-01 4.299860037681438318e-01 4.375758292633208368e-01 4.394592128212582161e-01 4.456713731287400004e-01 4.581366851162405052e-01 4.596418263676976257e-01 4.674157828795758030e-01 4.677722399179589097e-01 4.762411734189576640e-01
2.966745867303302031e-01 2.976797954201230167e-01 3.052904346672994373e-01 3.059738677933460105e-01 3.144524752881495133e-01 3.207437793426015649e-01 3.243089302789463058e-01 3.319755985012715627e-01 3.303619127398320643e-01 3.379569413968943059e-01 3.441976489433386521e-01 3.491695973682245047e-01 3.568987881910736237e-01 3.580275834245657540e-01 3.597759965528831150e-01 3.684774989276843327e-01 3.692733883447355536e-01 3.768934468727136444e-01 3.843158844835025123e-01 3.834205590572994371e-01 3.886920154906702840e-01 4.012491172649107485e-01 4.046121368324658296e-01 4.041857445591075515e-01 4.086528734200216006e-01 4.215846187811109202e-01 4.241323216402055341e-01 4.258665800210166830e-01 4.348585590160847225e-01 4.342514378183301993e-01 4.430169814947436668e-01 4.520607049210859096e-01 4.571225775441191130e-01 4.630334626372991091e-01 4.635578198885516588e-01 4.728651173800401120e-01 4.700732872062451939e-01
2.876069021223280897e-01 2.991057704046027887e-01 2.973803389265129438e-01 3.044728152434816315e-01 3.149592936881878136e-01 3.178328670692335267e-01 3.190488623768599208e-01 3.259217030305294749e-01 3.350425041413321314e-01 3.409074775498528997e-01 3.469617381839500969e-01 3.452002208839899944e-01 3.520877053063123929e-01 3.547427767221679185e-01 3.584943204438029163e-01 3.685665796599503219e-01 3.745756853247815821e-01 3.801744651515543416e-01 3.800063675147603570e-01 3.838881758462896476e-01 3.930696087495016977e-01 3.929860042182985458e-01 4.022530347029231734e-01 4.041922871928859129e-01 4.093163666875631601e-01 4.221429807151495517e-01 4.266492996957655381e-01 4.252803498052186715e-01 4.295719955038649895e-01 4.390581026595765657e-01 4.423464660333369936e-01 4.434343001511045212e-01 4.521999543588464121e-01 4.633537124890441672e-01 4.647706663147570527e-01 4.730167318884686556e-01 4.755490233163761626e-01
2.870149973209983885e-01 2.949013335019607940e-01 2.995737625645650826e-01 3.065740209890007728e-01 3.153398861059417135e-01 3.122077883684541422e-01 3.217237531504797965e-01 3.231843994873594417e-01 3.366076772153646646e-01 3.387686949174334994e-01 3.438399558147526847e-01 3.471247527183971560e-01 3.481235806813222089e-01 3.544743892804856911e-01 3.665175413585513575e-01 3.652289458805493827e-01 3.771221830899361693e-01 3.738082555097249626e-01 3.835397188522340350e-01 3.919709144880922924e-01 3.937428420453538136e-01 3.930492196338345456e-01 4.019200527732227912e-01 4.041118256730112934e-01 4.141369770816079598e-01 4.140784498988173135e-01 4.213369329311385525e-01 4.248750926154973295e-01 4.358475783119610258e-01 4.406270912098309567e-01 4.435578441563881591e-01 4.472695016930167689e-01 4.493579697852642663e-01 4.576103152992507805e-01 4.658487380254051624e-01 4.647677578422750311e-01 4.779001623056426395e-01
2.925301569290482129e-01 2.994690016432822732e-01 3.014754262069000434e-01 3.076416296633706637e-01 3.090197862291182984e-01 3.173844886279262867e-01 3.212473830488854487e-01 3.321251995491900644e-01 3.294731689384835516e-01 3.416808062034707438e-01 3.379827633246218488e-01 3.465503372705724949e-01 3.515223977130472188e-01 3.606649768293609393e-01 3.634845442222625622e-01 3.672830797658809820e-01 3.772988106354809301e-01 3.810498898378794630e-01 3.851952581418213173e-01 3.856779883517993945e-01 3.903566400899658451e-01 3.952284797406617201e-01 4.076055848279998006e-01 4.033652492353759778e-01 4.130791694244436707e-01 4.168672357678432361e-01 4.209581091488883708e-01 4.271671756997567071e-01 4.332715043893680673e-01 4.367208725960785576e-01 4.467374612234830122e-01 4.466453374053327985e-01 4.531048968382276332e-01 4.597797585017674438e-01 4.664797811478810230e-01 4.659747215745667637e-01 4.712141292766718337e-01
2.908257110281333713e-01 3.002412108289113646e-01 2.983028009982985340e-01 3.118332459007400193e-01 3.095174540761402304e-01 3.218475695463435260e-01 3.193365914143407869e-01 3.286205507992071562e-01 3.338050173077655169e-01 3.369513130980094084e-01 3.446589119562815107e-01 3.494259992334436404e-01 3.509237001569106007e-01 3.548621827365656678e-01 3.632731668477389153e-01 3.669790855478555214e-01 3.720199227985444002e-01 3.774845374923081476e-01 3.866507175937055063e-01 3.872587235643892845e-01 3.965280244149753663e-01 4.002870895488961911e-01 4.036390997530615032e-01 4.093776315851706538e-01 4.167901141291173173e-01 4.140318050129021543e-01 4.181940879949287426e-01 4.298669390170450355e-01 4.376300534923704411e-01 4.392650495411376532e-01 4.475464632915798213e-01 4.445181915337956813e-01 4.501024243813659398e-01 4.577627776460672093e-01 4.681635573078214985e-01 4.677301103991186038e-01 4.735110700836535069e-01
2.890586979291646652e-01 3.016450697554088345e-01 2.978301526690553813e-01 3.081264762879907249e-01 3.165645543882490420e-01 3.195858331904700145e-01 3.230127897966114658e-01 3.279526453411116815e-01 3.370500871929157372e-01 3.333887505889250313e-01 3.418979378719320117e-01 3.515091237189772455e-01 3.495132571070759808e-01 3.573460302698555080e-01 3.650410881384079653e-01 3.686417683230202025e-01 3.773074287386495862e-01 3.753459481495529104e-01 3.833155095050120309e-01 3.852580950444057795e-01 3.892438641667338994e-01 4.021405872383999602e-01 4.046452533658465023e-01 4.041660611054921359e-01 4.105200370805458521e-01 4.141645928235187513e-01 4.220155748257135020e-01 4.232819320152333420e-01 4.312174494689339221e-01 4.411867619774680893e-01 4.426752026825330755e-01 4.468722500830045186e-01 4.569577107945329009e-01 4.611055754034296128e-01 4.643555471213653973e-01 4.699287355016496526e-01 4.706319957435990964e-01
2.901275271137914169e-01 2.998186124269501818e-01 3.066898692110888169e-01 3.080943649426495790e-01 3.138349270203310004e-01 3.204676044790641387e-01 3.233569800060966948e-01 3.289400975355496470e-01 3.298340688155700917e-01 3.382001696759512344e-01 3.464035273870983422e-01 3.506227971472031801e-01 3.480194382996928959e-01 3.555615391175643847e-01 3.576123813363849546e-01 3.673198772056900374e-01 3.685601444310211416e-01 3.795720273292040869e-01 3.788627280858216650e-01 3.926171666968918395e-01 3.976591206323218941e-01 4.015672942837490988e-01 4.014397991171171909e-01 4.062863830794984921e-01 4.154830184426600015e-01 4.160334490323456258e-01 4.243172675886811573e-01 4.233947065832766588e-01 4.284542743734326420e-01 4.405206714469013241e-01 4.443884109252527193e-01 4.458739609237259982e-01 4.495267043837766208e-01 4.596989367228427881e-01 4.613130905432965001e-01 4.652038168461524736e-01 4.702944086181291006e-01
2.968044621359640090e-01 3.014017446596948813e-01 2.974694326606952544e-01 3.048687295540031261e-01 3.135968178304545662e-01 3.215135364740872026e-01 3.201023496878845354e-01 3.308401630808419647e-01 3.328101567769716218e-01 3.322225601853573407e-01 3.412990400584428041e-01 3.460835097693694684e-01 3.510803793757147906e-01 3.610619787352138399e-01 3.663842678402753905e-01 3.711203247955388584e-01 3.717103723442650165e-01 3.772596601707826069e-01 3.828453308957480705e-01 3.845777394159148876e-01 3.971733128596184326e-01 3.992067103160433228e-01 4.016310195021862706e-01 4.039648888319367082e-01 4.133555415169081204e-01 4.190966445199405532e-01 4.215123165041634867e-01 4.298511922325504719e-01 4.342162406812026809e-01 4.432350278193121773e-01 4.480394997832677362e-01 4.446980893632723753e-01 4.486427912666501872e-01 4.583475155530346012e-01 4.663515351221689254e-01 4.720524785588754435e-01 4.732428399590234980e-01
2.887154440843474612e-01 2.984019767957831748e-01 2.995008171817358789e-01 3.072820043956477343e-01 3.104558879416786099e-01 3.149862687922226345e-01 3.203159617435485940e-01 3.239044839891364047e-01 3.284003904111925665e-01 3.360413228930624330e-01 3.461411834824913991e-01 3.440862760285025024e-01 3.476602871807127904e-01 3.531140772067508649e-01 3.667633295519597825e-01 3.669187790561396767e-01 3.732608520878838432e-01 3.820091016782320992e-01 3.786337183520780414e-01 3.916176212902105491e-01 3.911052072247236389e-01 3.966262566776003196e-01 4.056903280624609698e-01 4.031994753970743472e-01 4.139174094362558787e-01 4.166143024069995926e-01 4.264444900357402535e-01 4.250939486797942202e-01 4.351010046577363788e-01 4.338481735539967965e-01 4.469083552771367929e-01 4.509367345799421001e-01 4.561097925693102240e-01 4.556500832473707185e-01 4.589799299954497869e-01 4.683206926825872474e-01 4.705060127472401321e-01
