LEM/slope_with_small_perturbation/elevation_000007.asc
nrows	100
cellsize	150.0
xllcorner	0
ncols	100
yllcorner	0
NODATA_value	-9999
[rows 51 to 67 of 100, columns 0 to 36 of 100]
8.392818110607037224e-03 2.000839281811025216e+01 2.825385793577135374e+01 2.239599355950241133e+01 3.653812918323286141e+01 5.653812918323215087e+01 5.376447038558287517e+01 3.962233476185141967e+01 4.181013075667507195e+01 6.103140628426626790e+01 5.274713503680406745e+01 4.059178044233100024e+01 5.473391606606244864e+01 7.473391606606386972e+01 8.160486520698862023e+01 7.331927589740527651e+01 8.160486520698862023e+01 7.579450862259572830e+01 5.694886267275094127e+01 4.450498112798440076e+01 5.694886267275094127e+01 7.579450862259572830e+01 8.675018892163356554e+01 6.674290157630686338e+01 5.259519007367686783e+01 4.104418230200872841e+01 3.209672225063964390e+01 4.751395732223400614e+01 5.580060460632024188e+01 4.889025004769884220e+01 6.530585877594762678e+01 5.702240762861691081e+01 4.486284492984709971e+01 5.901012895199038155e+01 7.901569839012469743e+01 7.784802924281765968e+01 8.619890689324823541e+01
9.749586777120887796e-03 1.415188521050794535e+01 3.415188521050723125e+01 4.239599355950169723e+01 4.120761713670496817e+01 4.949188838416716862e+01 4.548019913812067472e+01 2.548019913811997128e+01 4.548019913812067472e+01 4.588719163110346955e+01 3.274713503680336402e+01 5.274713503680406745e+01 6.887605168979490600e+01 8.013227513335161234e+01 7.184800388588912767e+01 8.013227513335161234e+01 9.712220741444427574e+01 8.524052924399623521e+01 7.279653606977701941e+01 5.450727025729093356e+01 7.279653606977701941e+01 8.524052924399623521e+01 8.661570334393522330e+01 7.409892973389322890e+01 5.409129780233084261e+01 3.994418785789383008e+01 5.210392425209428069e+01 3.895915977685637444e+01 5.896632547040490380e+01 6.889768335453842951e+01 7.718306830158876153e+01 7.315051143095328712e+01 5.381019920119713618e+01 5.901012895199038155e+01 7.901569839012469743e+01 9.198722030886749224e+01 8.370388200179822036e+01
8.728394755072454644e-03 1.415086401848589759e+01 3.415086401848518705e+01 3.794488300037444617e+01 2.120761713670426474e+01 3.794488300037444617e+01 3.559024061535231453e+01 1.881353247145318619e+01 3.881353247145388963e+01 2.588719163110276611e+01 4.588719163110346955e+01 5.853582068328559274e+01 7.282930769994914044e+01 6.454503645248665578e+01 5.184800388588771369e+01 7.184800388588912767e+01 7.712220741444285466e+01 9.712220741444427574e+01 8.279926768809353632e+01 7.451288757373281157e+01 8.279926768809353632e+01 9.247797899017565726e+01 7.247103993449159987e+01 5.832294920473078292e+01 4.937544586112622369e+01 5.995139751960090990e+01 5.896632547040490380e+01 5.896632547040490380e+01 4.712683263525835997e+01 5.468868896876463026e+01 7.469667529836775088e+01 8.209492804590837522e+01 6.536179487926614229e+01 7.901569839012469743e+01 8.729089390991607900e+01 8.198781995584529625e+01 6.370464511918279982e+01
2.389047986999138715e-03 2.000238904798664308e+01 3.524808355052145714e+01 2.696381230305890853e+01 9.660611752911544059e+00 2.966061175291190111e+01 1.559024061535160932e+01 3.559024061535231453e+01 2.229508559056720429e+01 4.229508559056790773e+01 3.025154943582268885e+01 5.025154943582339229e+01 5.822048113214896858e+01 4.454503645248524180e+01 6.454503645248665578e+01 6.079227579588718555e+01 7.493441141961913843e+01 9.493441141962055951e+01 8.671018386267049038e+01 7.842620172917770560e+01 7.583113391212762622e+01 8.411512997622688204e+01 8.661570334393522330e+01 7.766874890803104847e+01 6.938309268077253478e+01 7.766874890803104847e+01 7.897338226810234119e+01 7.542022755456132188e+01 5.867802134374400680e+01 7.469667529836775088e+01 6.883663450956352392e+01 8.884406524675863182e+01 8.536675918397440910e+01 9.363908229049985721e+01 8.562048366234581920e+01 7.370426356049055983e+01 5.370466749746890400e+01
9.035844539165390626e-03 2.000903584453881123e+01 2.432629040947574950e+01 6.963812303058552367e+00 2.696381230305890853e+01 1.244754381007803801e+01 3.244754381007874144e+01 4.387451186281451498e+01 4.229508559056790773e+01 5.057935683803010818e+01 5.025154943582339229e+01 3.483986411323408561e+01 3.822048113214826515e+01 5.822048113214896858e+01 7.282930769994914044e+01 8.079227579588859953e+01 7.712220741444285466e+01 9.712220741444427574e+01 7.842620172917770560e+01 5.842647965846977343e+01 5.583136618498860315e+01 7.256833176057014612e+01 8.475569844906029005e+01 7.647186309257538994e+01 7.647186309257538994e+01 7.765112810197514648e+01 6.936722351796406372e+01 7.765112810197514648e+01 7.868595067417467703e+01 8.697064127371629638e+01 8.884406524675863182e+01 9.712718261102554607e+01 8.975379231327302421e+01 8.147032990037472189e+01 7.733700194404966055e+01 5.733763356889209462e+01 4.703800150309442074e+01
9.762552285145669959e-03 2.000976255228479062e+01 4.326290409475392451e+00 2.432629040947574950e+01 3.524808355052145714e+01 3.244754381007874144e+01 1.893640065530865613e+01 2.470990334720501380e+01 3.103445866754188387e+01 5.103445866754258731e+01 6.312413536069698949e+01 5.483986411323478904e+01 5.822048113214896858e+01 4.674850978637298482e+01 6.089064541010443321e+01 8.089064541010584719e+01 9.712220741444427574e+01 8.947675466431535085e+01 7.533493951128849631e+01 6.428426263113378525e+01 4.428437096512900695e+01 6.428426263113378525e+01 7.647186309257538994e+01 5.647225948421538533e+01 5.647225948421539243e+01 6.765134241044411567e+01 4.936746301039991636e+01 6.765134241044411567e+01 7.261364574628221646e+01 8.089752125512448799e+01 8.420289117187569161e+01 8.926233719213593076e+01 7.820740943207042051e+01 6.147104587951988464e+01 7.598739971834143603e+01 6.100758604501943694e+01 4.100777465875395933e+01
8.769847284209264732e-04 1.754993023342481084e+00 2.175499302334283769e+01 2.065622202803020357e+01 4.065622202803091056e+01 4.722067190277155646e+01 2.788067256530797167e+01 4.470990334720571724e+01 5.103445866754258731e+01 4.172490834403923543e+01 5.327191372783215684e+01 7.327191372783357792e+01 7.503278103383688347e+01 5.829551517016590623e+01 6.089064541010443321e+01 8.089064541010584719e+01 8.334028634390926982e+01 7.505628226023758032e+01 6.119312435826165597e+01 4.705104527507518952e+01 3.825414413904780986e+01 5.239626425007144661e+01 7.239605863645694228e+01 6.233000776006112176e+01 4.233016527845305887e+01 5.290199159912255311e+01 3.936746741638800273e+01 5.628399915408650145e+01 5.261399483085340023e+01 7.006124754133188048e+01 6.420358695531346882e+01 7.834507635240346701e+01 6.097962246095162442e+01 4.992408779533795382e+01 6.770373681272469923e+01 4.770406219736665321e+01 3.615706215897020570e+01
6.221065917130529088e-03 2.000622106591677607e+01 1.244544269983955154e+01 3.244544269984025675e+01 4.894049327549310391e+01 5.616494381277087200e+01 4.202280818903942361e+01 5.616494381277087200e+01 7.000917959149913372e+01 6.172490834403993887e+01 7.000917959149913372e+01 8.155618497529205513e+01 8.657978641762980487e+01 7.829551517016732021e+01 8.089064541010584719e+01 8.917491665756833186e+01 7.505628226023758032e+01 5.505654366475558703e+01 6.091433147741393128e+01 5.290886380643328835e+01 3.290891930517988584e+01 4.705104527507518952e+01 6.705088875075844612e+01 7.061397896663778795e+01 5.290199159912255311e+01 3.290207606987041800e+01 3.180817810817932667e+01 3.628411434341479236e+01 5.628399915408650145e+01 5.006157950038554105e+01 5.006157950038554105e+01 6.867277389211085392e+01 6.097962246095162442e+01 4.097981967520807700e+01 5.992702349571362674e+01 5.189293542253086144e+01 3.189304783188233117e+01
9.675647279733478462e-03 1.155668103107214861e+01 3.155668103107179334e+01 2.509455334051328990e+01 3.923668896424474184e+01 5.923668896424544528e+01 6.202280818904012705e+01 5.874917442268176160e+01 5.046493603291776964e+01 5.046493603291776964e+01 5.874917442268176160e+01 7.029614658183703568e+01 7.433794429947299420e+01 6.605375327404033214e+01 6.865647127806445837e+01 7.694065748545827432e+01 8.010251757751572654e+01 6.091433147741393128e+01 4.091444097165376803e+01 4.864486131169361727e+01 2.864490497823996051e+01 4.864486131169361727e+01 6.775433647526509162e+01 7.102277718203293944e+01 5.102312229337928073e+01 4.473706027488367454e+01 2.473711030371725883e+01 4.473706027488367454e+01 4.591940844607891847e+01 3.591947024405902766e+01 5.591934664809878797e+01 4.867314030550632964e+01 5.431302153237041352e+01 3.431315328129605291e+01 3.992725144444541741e+01 4.662055556608264340e+01 2.781056492724436779e+01
8.858006633845233110e-03 2.000885800663348846e+01 3.984095227853304522e+01 4.509455334051399689e+01 5.337882458797619023e+01 5.590522632196019259e+01 5.022116101675597832e+01 4.193691493247452939e+01 3.046495374810500323e+01 3.046495374810500323e+01 4.201195671778336305e+01 6.201192051505577041e+01 6.279099821701733930e+01 4.605381831002753756e+01 4.865654844914972443e+01 6.539371832409185004e+01 6.010279335539632228e+01 6.010279335539632228e+01 5.022394032805000563e+01 3.022399349063838869e+01 2.464490497826005111e+01 4.464487004500288947e+01 4.775454305539699362e+01 6.483776421107539534e+01 5.102312229337928073e+01 3.102320330954833949e+01 2.102320354017628645e+01 4.102316280146386163e+01 2.591947077414958756e+01 4.591940844607891847e+01 5.126802220192896442e+01 3.453103417032664169e+01 4.379978344208416985e+01 4.461763950784158794e+01 2.578512470633822673e+01 2.662063669262692756e+01 4.662055556608264340e+01
1.018086960643932535e-03 1.414315371069146821e+01 3.414315371069075411e+01 3.590524367337949485e+01 3.590524367337949485e+01 3.590524367337949485e+01 3.867417017057019990e+01 2.193692537901270256e+01 1.891794875038321067e+01 3.891794087699332039e+01 5.730212166072698921e+01 5.783445614185470873e+01 4.955023561316594538e+01 3.450681646528339996e+01 3.710954914136341642e+01 5.710951044901876372e+01 6.010279335539632228e+01 4.010288650039348823e+01 4.745374162479158997e+01 4.079587497331387169e+01 2.079590318366535229e+01 2.775459345148794910e+01 4.449175517833596416e+01 4.885019148282887613e+01 3.655389471250941114e+01 3.655389471250941114e+01 1.764258652126227744e+01 3.764255266864903149e+01 1.988924388281197153e+01 3.988920034714401197e+01 4.183500709419423202e+01 2.298403005894517648e+01 2.379984707539316702e+01 2.461770789550268645e+01 4.461763950784158794e+01 4.662055556608264340e+01 4.076276267824822241e+01
2.494342646960768899e-03 2.000249434264660664e+01 2.874892635432699350e+01 1.590524804603834319e+01 1.590524804603834497e+01 2.306760047093078114e+01 2.352997372544336940e+01 1.038992010233436858e+01 3.038991557999366222e+01 3.730216656829957600e+01 3.730216656829958310e+01 4.628748156112630596e+01 2.955026034618243713e+01 2.556254477338062614e+01 4.556252740426191394e+01 6.351425662188118793e+01 5.523009073692394821e+01 4.745374162479158997e+01 2.745378012159371295e+01 3.745376087319265679e+01 3.620756676780117544e+01 1.620758850625466607e+01 3.394946542320329996e+01 2.885026270447967889e+01 3.547004297150871110e+01 1.655392441335866138e+01 3.655389471250941114e+01 1.876237154317396616e+01 3.876233302108720125e+01 2.102792576743109620e+01 2.183506007970234464e+01 4.183500709419423202e+01 4.379978344208416985e+01 4.461763950784158794e+01 3.530815681999374789e+01 5.530801151618669564e+01 6.076251860146529538e+01
6.187401196855389120e-03 4.646570619680005509e-01 2.046465670870313147e+01 1.763112548952680436e+00 2.176311114158524518e+01 3.067603019418969623e+00 3.529976696679945292e+00 2.352997372544336940e+01 2.465306265555322796e+01 1.730217720608646559e+01 3.730216656829957600e+01 3.167869260851185587e+01 1.800325532353862101e+01 3.800324450898719419e+01 5.384675460805233627e+01 5.523009073692394821e+01 3.523015612175565536e+01 4.108800134725082387e+01 3.745376087319265679e+01 1.745378025371605446e+01 3.215481028252177254e+01 1.319247506047708107e+01 1.394948622458153942e+01 1.470812946639241581e+01 1.547006878415187003e+01 3.547004297150871110e+01 4.483804829044401430e+01 2.770664340194106856e+01 4.704645469029328098e+01 3.517005599050713727e+01 3.597718980084250262e+01 3.816497562604352112e+01 5.816477446742232615e+01 6.359191697841858115e+01 5.530801151618669564e+01 5.163802938051669855e+01 7.163755938504783671e+01
2.476637442850607596e-03 2.000247663744249493e+01 1.113542746491050117e+00 2.111354187567744134e+01 2.414057103856798392e+00 2.241405513855742626e+01 2.352997372544336940e+01 4.187572645901371793e+00 4.653066710017098373e+00 2.465306265555322796e+01 2.578101654296231260e+01 1.167870000344345272e+01 3.167869260851185587e+01 4.153608704979701827e+01 4.739392704794354216e+01 4.288886437536572060e+01 4.108800134725082387e+01 2.108802460100214304e+01 3.039756410040677537e+01 1.142355336219672601e+01 1.215482578632385113e+01 3.215481028252177254e+01 3.394946542320329996e+01 2.625513443240546607e+01 3.547004297150871110e+01 2.961220173960738222e+01 4.961212271979319866e+01 3.925364567821890205e+01 5.599063963222447882e+01 5.516990725124032480e+01 5.597702904970759619e+01 5.816477446742232615e+01 5.682612487440876237e+01 5.682612487440876237e+01 6.511028882935914908e+01 7.163755938504783671e+01 6.786934272223662390e+01
6.350445426094172667e-03 2.000635044542573837e+01 1.525567829244668694e+01 2.796105634653600447e+01 7.961059066108584048e+00 2.796105634653600447e+01 3.247182456359214342e+01 1.832970793673331045e+01 2.465306265555322796e+01 5.312985380052664297e+00 5.781021757253571813e+00 2.578101654296231260e+01 2.692071877015342096e+01 2.153610871923780579e+01 2.739396674867462522e+01 2.288889114286250148e+01 2.922955160071993674e+01 2.971277809161102823e+01 1.039757501011158070e+01 3.039756410040677537e+01 3.215481028252177254e+01 4.043901817652847086e+01 4.923553705378457579e+01 4.625508042029775879e+01 5.453920912883306471e+01 4.961212271979319866e+01 5.789622027234164392e+01 5.925348836848836243e+01 6.753745742609781644e+01 6.624689003942765453e+01 5.796273016907419873e+01 5.096823721770797277e+01 3.682618560605685332e+01 3.682618560605685332e+01 5.682612487440876237e+01 5.938400986142224980e+01 5.958518505697599466e+01
3.512071127920179947e-03 2.000351207112756313e+01 3.525567558484458175e+01 2.796105634653600447e+01 2.796105634653600447e+01 1.865150871648227238e+01 3.865150293006037430e+01 3.832969678616326803e+01 3.163753379013655476e+01 1.163754070036982569e+01 2.578101654296231260e+01 6.447873686301655027e+00 6.920725245442103102e+00 7.393973769722402167e+00 2.739396674867462522e+01 8.746756367423232703e+00 9.229560917008496901e+00 9.712788052713685616e+00 2.971277809161102823e+01 1.132207533715362224e+01 3.132206389870642127e+01 3.290564435395390319e+01 2.923558471929202796e+01 4.923553705378457579e+01 6.212326410534703314e+01 6.265464590519873411e+01 7.093878943188740038e+01 6.813634598437424472e+01 5.968344394225203331e+01 5.139926342107913371e+01 3.796280127356845213e+01 4.163285660709613722e+01 2.268405264986512648e+01 4.268403219443796104e+01 4.449080786882515781e+01 3.938407848155766544e+01 4.599570020782277169e+01
8.642982713123801772e-03 1.415077860644394825e+01 3.415077860644323948e+01 4.796104164307791962e+01 4.693575860264013500e+01 3.019851372203947903e+01 4.693575860264013500e+01 4.577965466487387403e+01 2.577967552310069621e+01 2.163754065830208972e+01 3.311453143771261409e+01 1.311454035290104692e+01 2.692071877015342096e+01 2.739396674867462522e+01 8.064563687294370453e+00 2.806455586389129309e+01 2.922955160071993674e+01 2.125979326994597685e+01 3.799700811098708897e+01 3.132206389870642127e+01 1.224806080624065352e+01 1.290565675546207736e+01 3.290564435395390319e+01 3.383916380277835856e+01 4.632479678530113887e+01 4.265474694500569086e+01 5.793659079350360486e+01 4.965240575996426031e+01 3.985228161186024920e+01 3.139930425343841591e+01 4.058600977632767837e+01 2.163287598740987150e+01 4.163285660709613722e+01 2.374182442056099873e+01 2.449083030683412687e+01 2.524194607302279536e+01 2.599572443446719205e+01
