LEM/slope_with_small_perturbation/elevation_000001.asc
nrows	100
cellsize	150.0
xllcorner	0
ncols	100
yllcorner	0
NODATA_value	-9999
[rows 34 to 50 of 100, columns 0 to 36 of 100]
2.978181695229736945e-03 2.000205211996321353e+01 3.075059640673372385e+01 2.489562055784488237e+01 3.903257276768193407e+01 5.896622117542831631e+01 7.045721173194814924e+01 5.629803906899967103e+01 4.437548173648803385e+01 2.432248380236962859e+01 3.358537542373844076e+01 5.367497706610039643e+01 4.587762540647618437e+01 4.587762357174322148e+01 2.918848422105789098e+01 3.284624366460938916e+01 1.761142949900844812e+01 3.757889731534434929e+01 4.484283946291464673e+01 3.079657791797433575e+01 3.741863540684209966e+01 2.265707436705323019e+01 3.423153163505872243e+01 5.400784682347592280e+01 4.212957509334176365e+01 4.212957517013333586e+01 2.634461249126126958e+01 4.627964359341322620e+01 5.883824145327579203e+01 5.532287367329491445e+01 4.134777239412640881e+01 4.803404405303865587e+01 3.458935568685202355e+01 5.440488497872457430e+01 6.049455300128795443e+01 5.235851633920700010e+01 3.389938151879943007e+01
1.893497408783086870e-03 1.414402015364263221e+01 3.414112847383875504e+01 4.487082444583580809e+01 4.343725428792554055e+01 4.557733000609325558e+01 5.383423003075686353e+01 4.803612120433431443e+01 2.803412639563279640e+01 1.726347294983514757e+01 3.723421859954361679e+01 4.970098742048849516e+01 4.148284272328314870e+01 2.593524779815301784e+01 3.177622619922505010e+01 1.292565908546448483e+01 3.284656923632502412e+01 3.473218509465001347e+01 3.551639719635878123e+01 1.673289824919880786e+01 1.752721225780214098e+01 1.832381457533634972e+01 3.821020550487730816e+01 4.016037526932962010e+01 4.097381841860747187e+01 2.227018684477998178e+01 4.212957519227757786e+01 4.419411609251536532e+01 4.505691408698638867e+01 4.592183212399556425e+01 2.734469473833567577e+01 2.822913771014391315e+01 2.911576408367210789e+01 4.891300249890895202e+01 5.107502364675490725e+01 3.259333661894179812e+01 5.235851666089038048e+01
9.179827644033159914e-03 2.000829436199729372e+01 3.979757468743691362e+01 3.751091802087748306e+01 2.337461212430650903e+01 2.556146360031084797e+01 4.511322289951317543e+01 3.687963065491518933e+01 3.169514032085254485e+01 1.172928099630677146e+01 3.170007708426478032e+01 3.819887326345192946e+01 2.153022671141827615e+01 3.071169637654309525e+01 1.184944903104176817e+01 3.177622645697899983e+01 1.403648314072757231e+01 1.482352864683769234e+01 1.561279092280640057e+01 3.549108226323880899e+01 3.158991749634635582e+01 3.821020492610320218e+01 1.947236031943286960e+01 2.028756947617331718e+01 2.110659397418532635e+01 4.097381872936152547e+01 2.349060758816756334e+01 2.435456281103878595e+01 2.522540891819041420e+01 2.609812940609723597e+01 4.592180976696033667e+01 4.803404422716296551e+01 4.891300225133165469e+01 3.038969645338639225e+01 3.129769919136060352e+01 5.107502378842151103e+01 4.656315986840145627e+01
6.604900230173384179e-03 1.155360995239561284e+01 3.155149626469233226e+01 2.923159846051046529e+01 9.237504675204871063e+00 2.923069071886781956e+01 3.359579387242911963e+01 1.690433017202384036e+01 2.607710722390540425e+01 7.160573846044617774e+00 2.711317058549139958e+01 2.890769353306901479e+01 1.002646565174429583e+01 1.077917715990245107e+01 3.071169687112973179e+01 4.000658118979842470e+01 2.811276156479686961e+01 2.889652932095678040e+01 3.551639732786028247e+01 4.373394339536241660e+01 5.157143066125767206e+01 4.755371688856079260e+01 3.094058952501148951e+01 3.021367538909519723e+01 4.097381828203090492e+01 4.097354244532670009e+01 4.333822844780138439e+01 3.183905023795152900e+01 4.505691410232402916e+01 3.599740824882384516e+01 4.011004928792547020e+01 5.998070420979062334e+01 5.772134411472971038e+01 3.785227797303949160e+01 5.107502352257977662e+01 4.379703828873296345e+01 5.780625024479711271e+01
5.101467937297931264e-03 2.000421615392234287e+01 2.082336432779194624e+01 2.154345083868401645e+01 2.581514475002177900e+00 2.256331662222928358e+01 2.431705081349646136e+01 5.383750324501566098e+00 6.118506960601411748e+00 2.607710805189029202e+01 8.217410652995564391e+00 8.965427307620847941e+00 2.889125899418336374e+01 2.487058903082995798e+01 2.705153919480751412e+01 4.699752897942596519e+01 4.804448670501442820e+01 4.883992788410110819e+01 4.881964929338506209e+01 5.702035203513809591e+01 6.850577967111630073e+01 5.901555374039048019e+01 5.083991288413805165e+01 5.010704578700804035e+01 5.010709114306230560e+01 6.084220650207230108e+01 5.986599214954686943e+01 4.176852056397144963e+01 5.986641047331576004e+01 4.745818947444151803e+01 5.997899294256290403e+01 6.815174799059641941e+01 6.592700024145884186e+01 4.930879680591914394e+01 6.592701258109178752e+01 6.359879381642184626e+01 7.169568873124600827e+01
5.600358222118538565e-03 4.147665381905247806e-01 8.240394905012560223e-01 1.552294720853686139e+00 2.154345245605758663e+01 3.616019743698554834e+00 4.347726495078672926e+00 2.431705212165796937e+01 2.607710682994722262e+01 3.432418107349884195e+01 2.816386485496139613e+01 2.890769357149504870e+01 3.714669767351151819e+01 4.486543208566116903e+01 4.699752897634375870e+01 4.899329674293452541e+01 4.073157082379213279e+01 3.812088649693215814e+01 2.880284643935022260e+01 4.036398156417326533e+01 6.036803955678109901e+01 5.665762017918394378e+01 5.661839677996130860e+01 5.661803551532387502e+01 6.481478386658720581e+01 7.802618302242957782e+01 6.976460705921068950e+01 6.163452543997968291e+01 6.976469404077901970e+01 6.728474737347062273e+01 7.534742781068250395e+01 7.693647848371298892e+01 7.740461366533301657e+01 6.925195532871222781e+01 7.494124182094785169e+01 8.077977888666187312e+01 7.320891216675651947e+01
4.575904209876861112e-03 2.000369083441455231e+01 2.082336446104924477e+01 1.524430307434529563e+00 2.152776657162267782e+01 2.359016405797767391e+01 2.364956340277815627e+01 3.191290543460651108e+01 3.641639759509246943e+01 4.466403372637762459e+01 3.743195704884065123e+01 4.567966736024553853e+01 4.104764206195740428e+01 3.896134063977517314e+01 4.720970643250750243e+01 3.743567674751454888e+01 2.070526637118977575e+01 1.809933831953072314e+01 3.812142894949737126e+01 5.702224461978584458e+01 5.076622716734186014e+01 3.659301264349681304e+01 3.659146980430717377e+01 3.659146039033414866e+01 5.661806910939934312e+01 7.061347860937188159e+01 6.228547445930284709e+01 6.487876192716926482e+01 7.317494729157520794e+01 6.987591096165384386e+01 6.166393175758833678e+01 5.689664901164418609e+01 7.093868730616314622e+01 6.897403973930164511e+01 5.486255231723969672e+01 6.074234135997906492e+01 5.311650002842448259e+01
4.658155261040713979e-03 2.000377264444346892e+01 2.978949165751567918e+01 2.152776627702882450e+01 2.226313459936140937e+00 2.223316700142336444e+01 3.637279044448927579e+00 2.364952107386831770e+01 1.640583275311321287e+01 2.536993450059382837e+01 1.741838442084264216e+01 2.638531470315135152e+01 2.103163820067016587e+01 1.894311356580596950e+01 2.791972606939899748e+01 2.843621079398460338e+01 9.139000601042580385e+00 2.916842412045252075e+01 3.042585598704024363e+01 3.869404670403014990e+01 4.071154973117577924e+01 2.242561565217665631e+01 2.242560546109569586e+01 4.245679556405518440e+01 5.747868432960620311e+01 5.894577509301170437e+01 4.213747036570450177e+01 4.474337059895923119e+01 6.487778885647358607e+01 5.833567491597379728e+01 4.160856337529813231e+01 4.271371254704175868e+01 6.276616781525483901e+01 6.074304913585525156e+01 4.067060161422525510e+01 5.001413120227412179e+01 4.153003670766067756e+01
5.330849696878311485e-03 2.000444566313828076e+01 3.825659668379638845e+01 3.049543880953959984e+01 1.637478863596588496e+01 2.929993651717046621e+00 2.293976896206583049e+01 4.345785311280266683e+00 4.847200462157847056e+00 5.352331108599123866e+00 5.858003032413832578e+00 6.364690314888511224e+00 6.872069377723414974e+00 7.380140644776838066e+00 7.894379929834542509e+00 8.409177421307248324e+00 2.843621098288424776e+01 9.872816367575932617e+00 1.039227648700105178e+01 3.042585627135575521e+01 3.169315003176422607e+01 1.240376829601584241e+01 3.244248126810045818e+01 2.951516202953673940e+01 4.950054989386585191e+01 4.206993073922922832e+01 3.056536189527764336e+01 5.063845021641012067e+01 6.336058462528450974e+01 5.007561765366789786e+01 3.003397595789529717e+01 5.008394596599523396e+01 5.146495068448705723e+01 5.971339869297289482e+01 5.001413054081253051e+01 2.994691442606362841e+01 4.290985599309625087e+01
9.384206039104543359e-03 1.000938418550224362e+01 3.000757623775498928e+01 4.461621275106474371e+01 2.871507013665421582e+01 8.709289581165203131e+00 2.871501900332481583e+01 2.436032967783128811e+01 9.442772015206594816e+00 2.536855536766815433e+01 2.001551270100960878e+01 2.052320083777647142e+01 2.689420808070383018e+01 1.086927607031146614e+01 2.791972602542778148e+01 1.997407823428878615e+01 3.670196092225101125e+01 2.403915281233311418e+01 3.042585611562279269e+01 1.112823857646641557e+01 1.165599726058476548e+01 3.169315013873490727e+01 1.315556180114758611e+01 3.319583139855032528e+01 3.448590130668213050e+01 2.202137088781974938e+01 4.206993100938353791e+01 5.890344619728851683e+01 5.511584069958900756e+01 3.505642562244469929e+01 2.424526913882962020e+01 3.930990260846886741e+01 3.140766896166484301e+01 4.815751119675503134e+01 5.037179260346523080e+01 4.209756178067537746e+01 2.284551885988338782e+01
9.768314284573654735e-03 2.000888281526606960e+01 3.825639217473181475e+01 5.160108845197754590e+01 3.538556081189113911e+01 1.537847673219807554e+01 3.538522770388643579e+01 3.422126821445694844e+01 1.416040222160565420e+01 3.422019205190688496e+01 4.003197065085760897e+01 4.053713429156439929e+01 3.436722312705602889e+01 1.440756357023879453e+01 3.436720918511792178e+01 3.999469798643187346e+01 4.822870882827708527e+01 4.406546483028641603e+01 3.452984021325958253e+01 1.431825373679224356e+01 3.169302239726455284e+01 3.996202803081715871e+01 3.319583128060362043e+01 1.390903034115274117e+01 1.444297548507668338e+01 3.448590676770988495e+01 3.520099681100085576e+01 5.503475414373495767e+01 4.620072739109265569e+01 3.792613757188917134e+01 1.867856432240420972e+01 1.925040866818921970e+01 1.982304255383537495e+01 3.988487545573005377e+01 4.127799740846852927e+01 2.202710710378507031e+01 4.209756199535538457e+01
9.313476842122882932e-03 2.000842805042458394e+01 2.340249667265693390e+01 4.339307460439755459e+01 4.366040457193262370e+01 2.538143222061301429e+01 4.366043633821188763e+01 4.063464269137134011e+01 2.049129192032083324e+01 2.683608726643262443e+01 4.693341848797471272e+01 4.699383936164927889e+01 2.702967743177215709e+01 3.436735197145022624e+01 2.029256294201097077e+01 4.017822961491026490e+01 5.550345852609984121e+01 5.237912292894618815e+01 3.205243977556126111e+01 1.762460487597274295e+01 3.803430341552034832e+01 4.774822798922762246e+01 2.802698393000203581e+01 3.395044472436949690e+01 3.448590642750250623e+01 1.520297613983653662e+01 3.524755761438018453e+01 3.655683708595820747e+01 3.712476409733405092e+01 1.787546855252491085e+01 3.792935657626876633e+01 3.930990240036842920e+01 3.988487551486026916e+01 2.063539796690807648e+01 2.121064686938429134e+01 4.127799764925173776e+01 5.037180103764628569e+01
1.757287057980242524e-03 7.072825098510362452e+00 2.121508941378615987e+01 4.121621699867863953e+01 5.365679149760545386e+01 4.539715900690943329e+01 5.366965864890782001e+01 4.788249465139266903e+01 2.758231780187256632e+01 4.693315900943320429e+01 4.693356855504030278e+01 4.699385574861693726e+01 4.699385415128391230e+01 3.285967879897361144e+01 4.017822955887511682e+01 2.753232091396161962e+01 4.729619624449365034e+01 5.379063490074127429e+01 3.308007559347904447e+01 2.116598931658430516e+01 4.180980040393031771e+01 5.580946376054049551e+01 4.718650415353099703e+01 4.422794020389829228e+01 2.472891174271635606e+01 3.524755309337059117e+01 1.596657113847560439e+01 1.650849098147509153e+01 1.707412974846729981e+01 3.712476430660418458e+01 4.620073358985896306e+01 5.267324522780204887e+01 4.897380641940493717e+01 4.070048989300961750e+01 4.127791631588781485e+01 3.540161568231709310e+01 5.546484188221603517e+01
1.954507115700021471e-03 2.000106941207194566e+01 2.706735645488480202e+01 4.702405215735300459e+01 5.620386354661957284e+01 5.827096459459963995e+01 6.043171420275872663e+01 5.633599086347305729e+01 3.925510288438076145e+01 4.892885442359193604e+01 6.703028922070224382e+01 6.696793854542279689e+01 6.099131243585870976e+01 4.433757937241722402e+01 5.287917367372720889e+01 3.321798174853174856e+01 5.283395776129668064e+01 6.240441253570509872e+01 4.601604850611248310e+01 2.505574915730526797e+01 3.868446679141950284e+01 6.190766065019476372e+01 5.478501841527095451e+01 3.587164789027546874e+01 4.422798425768305464e+01 2.598597358619785780e+01 3.601331094914129949e+01 1.841380017229585420e+01 3.712476430198803712e+01 4.383098310675590170e+01 2.897807580797187654e+01 3.269775776417699120e+01 3.662636551606845359e+01 4.071467555344415956e+01 6.061479993229146146e+01 5.546484162126039053e+01 6.370181615016904431e+01
9.499524778340364892e-03 1.415171512965431333e+01 3.415471709787281895e+01 2.809605560323575091e+01 3.879854832544776144e+01 3.829186125858188916e+01 4.047763882990462037e+01 6.043177460850884586e+01 5.971460569635492277e+01 6.818273362466391063e+01 8.032674267963288628e+01 8.068186423341386160e+01 7.248071775368667602e+01 6.429294075306282252e+01 5.986604656256408674e+01 4.013873190224330045e+01 5.653710537252533896e+01 6.932886247725879514e+01 4.611066309409616792e+01 2.939302620890772388e+01 5.071378143232323055e+01 6.782540806951098489e+01 5.074165616905023768e+01 5.478926980783757728e+01 3.750325665157247812e+01 4.593653320977294641e+01 4.645991763525840668e+01 3.844890243458904422e+01 2.113694867091847485e+01 2.380894228660571699e+01 4.383136685624905482e+01 5.267324542208946525e+01 5.656927735603607488e+01 6.061478938466962063e+01 4.689316065382385545e+01 5.224065271335630456e+01 5.978384523812668050e+01
7.291241591682445615e-03 2.000640407327718862e+01 2.762738713674757918e+01 1.395428859276709765e+01 1.880500108612157106e+01 2.415022587610053861e+01 4.414086168173876246e+01 5.201765460202054925e+01 6.612555140756001038e+01 8.585169854913553422e+01 7.586178219395391409e+01 6.252784576314955700e+01 7.320446442504506024e+01 8.130894839997621659e+01 6.820827958755634768e+01 4.993545826114976194e+01 6.820833837561269775e+01 6.923754176275032535e+01 4.671878545912198888e+01 3.421675505116256488e+01 5.349288798526168165e+01 7.558127487559549706e+01 6.771727143163046492e+01 5.350581750572436590e+01 5.726852786842108145e+01 6.538669548389033537e+01 5.638941809777531944e+01 4.393563696303852595e+01 2.393107188908457417e+01 4.383135667197559826e+01 2.984568441401115990e+01 4.988163836904939075e+01 6.463873808053014614e+01 7.463549871429248128e+01 5.582724484658709940e+01 7.194258870587162846e+01 6.480556754446325840e+01
1.086749991637594439e-03 3.780731480083902252e+00 7.629733274681391286e+00 2.762740664455068540e+01 3.879854829623202050e+01 4.414071959144829549e+01 3.569708440209313238e+01 5.567061507909896534e+01 6.123890312211575804e+01 6.933969843980324299e+01 6.682781540247323449e+01 4.915627802428880244e+01 5.332657551992858913e+01 7.323458869394025328e+01 7.815181200355264934e+01 6.994625148624790256e+01 7.846289720737046025e+01 7.889064088114155027e+01 5.712420154970374142e+01 4.085754043470104335e+01 5.282664002958046723e+01 7.766189728603156084e+01 7.918139432919313947e+01 7.277540572370560312e+01 6.976397968756252510e+01 6.084621774889423307e+01 4.815137987996470059e+01 2.816931549390114498e+01 4.393567592068491479e+01 3.807232576814112690e+01 4.988163468964355474e+01 3.634469988137934138e+01 5.639980246342404513e+01 7.225002738685562065e+01 7.478348625750800238e+01 7.206499319767422662e+01 8.421997853886361440e+01
