LEM/slope_with_small_perturbation/elevation_000005.asc
nrows	100
cellsize	150.0
xllcorner	0
ncols	100
yllcorner	0
NODATA_value	-9999
[rows 68 to 84 of 100, columns 0 to 36 of 100]
7.311399400410928048e-03 1.414944702313123592e+01 3.414944702313052716e+01 4.501193044215668948e+01 5.329620168962033233e+01 5.019787828800699714e+01 5.848214127603161927e+01 5.406251487448442816e+01 4.577825854464021660e+01 3.318313027408181171e+01 4.139707172150992420e+01 2.205708309467985018e+01 4.139707172150992420e+01 3.068850947368318316e+01 1.068851024916364878e+01 1.963278215913643265e+01 3.963278075632681663e+01 4.125712937707100281e+01 4.954138007600483462e+01 3.980448595005488244e+01 1.980448761788251133e+01 3.290279303171504921e+01 1.383631416293930982e+01 3.383631303148361980e+01 2.632196605290714686e+01 4.632196324186335090e+01 4.638682554201330532e+01 2.964958088185514384e+01 3.881595039449706519e+01 1.984943665544098579e+01 2.058316549368802839e+01 2.690772081402467464e+01 4.690771842861023799e+01 4.373895983761880046e+01 3.863010320760418637e+01 3.938121896960451096e+01 4.599285960455860334e+01
8.304378570984571536e-03 2.000830437857062805e+01 3.236281980148294934e+01 2.501193044215598604e+01 3.915406606588743443e+01 5.915406606588813787e+01 6.791267731950323139e+01 5.962840607208693910e+01 6.146737942795933662e+01 5.318312749018339503e+01 5.034133867810735552e+01 3.360408846898353374e+01 4.503607366521494981e+01 2.503607579885517254e+01 1.348907041721964539e+01 3.348906951328014969e+01 3.596271353198820719e+01 5.596270722634625372e+01 5.394661770440073667e+01 3.394662317653763495e+01 3.980448595005488244e+01 2.648542479496234847e+01 3.383631303148361980e+01 1.477496067186716644e+01 3.477495948102772161e+01 3.640724611798307109e+01 3.709690124108173137e+01 1.810257550177698604e+01 1.881595187678339798e+01 3.881595039449706519e+01 4.058316386260778330e+01 4.690771842861023799e+01 3.759817048664546490e+01 5.759816537031184680e+01 5.863009658778733524e+01 5.938121208327192591e+01 4.707911036679355021e+01
8.037589590134858880e-03 6.038264481145433571e+00 1.236281980148224768e+01 3.236281980148294934e+01 4.506580921760271252e+01 5.335008046506086288e+01 5.636567193573905854e+01 3.962840607208764965e+01 5.515246850016006164e+01 6.343673974759464329e+01 6.188833326186051664e+01 5.360408521335752141e+01 5.332032409320812150e+01 3.643790847747914796e+01 1.643790954031753770e+01 3.643790847747914796e+01 5.202512655270050601e+01 6.424694393988787056e+01 6.223085098637928070e+01 5.394661770440073667e+01 4.281535572148016655e+01 4.648542174007970829e+01 4.305921384989096623e+01 3.477495948102772161e+01 1.571881902823317567e+01 1.640724741905468065e+01 1.709690259146846358e+01 3.709690124108173137e+01 3.881595039449706519e+01 2.373961151595662145e+01 4.373960954958246816e+01 5.718782806175842381e+01 5.759816537031184680e+01 5.174030571245317134e+01 7.174028960279255784e+01 7.536327954124395490e+01 5.886064654399292095e+01
8.866319943247203544e-03 2.000886631994289289e+01 3.236281980148294934e+01 4.064709104894514979e+01 2.506580921760342306e+01 3.680678357991749294e+01 4.023675528276761071e+01 2.808140068829554181e+01 3.515246850016077218e+01 4.669947388395287646e+01 6.669947388395145538e+01 6.435968131268380432e+01 4.435968972940543864e+01 3.021755426983473924e+01 2.021755427040974595e+01 2.374087697371855654e+01 4.374087529549353803e+01 6.055314460472463622e+01 7.210012774587671913e+01 7.109955475835246830e+01 6.281534284517565681e+01 5.218940067098326807e+01 3.964114016917539374e+01 1.964114173099678595e+01 3.571881777468180985e+01 3.640724611798307109e+01 3.709690124108173137e+01 2.126719087260988772e+01 4.126718916646797197e+01 4.373960954958246816e+01 2.890358931089975414e+01 4.890358666008927457e+01 6.273482209611409388e+01 7.174028960279255784e+01 8.002447892756751457e+01 7.300277040194167455e+01 5.300278704127043738e+01
4.238120735784241429e-03 2.000423812073542962e+01 2.635433151184317424e+01 2.910154279081693218e+01 1.351880383381111272e+01 1.680678357991820349e+01 2.023675528276832125e+01 4.023675528276761071e+01 5.515246850016006164e+01 6.343673974760573486e+01 7.498374513139019371e+01 6.916092302847620488e+01 5.850179691936407522e+01 4.438784088328805666e+01 2.438784255155117009e+01 4.374087529549353803e+01 3.226890562777979454e+01 4.381591098206397561e+01 6.381590411337265323e+01 6.826548640605714979e+01 5.671850323437262631e+01 4.390515406986602187e+01 2.390515605810892197e+01 3.964114016917539374e+01 3.229025235702991381e+01 5.229024814752296635e+01 4.428230230937562339e+01 2.428230431838747094e+01 3.428230431739383022e+01 5.428230030135737394e+01 4.890358666008927457e+01 3.445059127315185066e+01 5.445058760497143169e+01 6.890694481095832202e+01 7.890691653716270082e+01 8.128695028886498619e+01 7.300277040194167455e+01
1.555317930585579152e-03 2.000155531793022945e+01 6.354331511843531288e+00 9.101542790817289230e+00 2.910154279081693218e+01 3.680678357991749294e+01 4.023675528276761071e+01 2.709669868846855678e+01 4.709669868846784624e+01 6.354593574519864774e+01 7.509294112898436424e+01 6.087669443213729892e+01 4.087669939397358121e+01 3.087669939678109898e+01 4.438784088328805666e+01 5.267209132982737430e+01 4.043387143547995066e+01 6.043386647100223996e+01 7.045620759560722490e+01 5.998126350401707896e+01 3.998126956663651299e+01 2.843426419468722699e+01 4.390515406986602187e+01 5.218940067098326807e+01 4.643238760696840473e+01 6.057448334141144386e+01 4.752673034298018706e+01 2.752673274100266454e+01 4.752673034298018706e+01 5.428230030135737394e+01 6.273482209611409388e+01 5.445058760497143169e+01 4.062272527162831182e+01 5.062272526007204476e+01 6.476485974213572661e+01 8.476482749086000013e+01 8.440371578544818476e+01
4.786148573735437791e-04 2.540481154861178759e+00 2.254048115486082438e+01 2.910154279081693218e+01 1.910154279081711337e+01 3.910154279081640283e+01 5.538096993592407813e+01 4.123883431219901041e+01 3.526166449774552802e+01 4.680866988153763231e+01 6.680866988153621833e+01 6.916092302847825124e+01 5.843598486424869520e+01 3.843598885689310407e+01 4.156714906696497280e+01 6.156714365757996177e+01 5.198087672390920488e+01 6.871809527203252799e+01 6.217199264514312773e+01 4.217199867313039618e+01 3.510093086135133689e+01 4.843426162047952488e+01 3.573723162807612397e+01 5.573722757325554511e+01 6.643237451102007185e+01 6.245434833509551709e+01 4.245435512958356128e+01 3.090734975991667355e+01 5.090734687410250103e+01 6.453680388789308608e+01 8.256644517823741580e+01 6.890694481095832202e+01 5.216973060381297955e+01 4.915075392384942887e+01 6.915074467787690082e+01 8.812535590666709595e+01 7.611954523240282811e+01
1.415922250553260878e-03 2.000141592225019949e+01 1.518959179553458405e+01 3.518959179553387173e+01 3.910154279081640283e+01 3.175065343149040586e+01 4.589278905522085950e+01 6.123883431219829987e+01 4.940380012147598165e+01 4.791077513841860025e+01 6.205291076214905388e+01 8.205291076214763279e+01 6.672021822791364798e+01 4.843598884568753249e+01 5.156714901619226055e+01 6.985136233456698562e+01 6.612301049856047541e+01 7.482109303779532183e+01 5.482110914904495047e+01 6.176759171488011191e+01 4.176759752797055825e+01 6.176759171488011901e+01 5.573722757325554511e+01 4.390219743664557228e+01 6.390219058557372023e+01 7.073856889664216396e+01 5.919158697912593681e+01 5.090734687410250103e+01 3.625257459816497629e+01 5.625257065977073268e+01 7.120345761465544854e+01 8.045391455702090866e+01 7.216971817301818248e+01 6.329288868118440803e+01 5.984120349422875762e+01 7.984118385879098412e+01 8.440371578544983322e+01
5.113348591224673584e-03 1.000511334859113788e+01 3.000511334859078261e+01 3.151952341408881608e+01 5.151952341408810554e+01 5.175065343148969532e+01 6.003492467894817253e+01 7.417706030267449080e+01 6.940380012147456057e+01 6.791077513841717916e+01 7.619504638586472822e+01 8.995236010158217255e+01 7.672019542726569341e+01 6.257812357271500758e+01 6.570928311654472509e+01 7.985131813544010981e+01 8.612297717465065716e+01 8.310525355591883567e+01 6.896324224959714400e+01 7.005181141655468480e+01 5.176759751158395773e+01 7.005181142621955814e+01 7.218640759010828845e+01 5.390219740361170153e+01 5.655130784978173608e+01 7.655128982854442654e+01 6.779957069954340909e+01 4.779957995565736439e+01 5.625257065977073268e+01 4.291924126481715263e+01 6.291923535724740901e+01 7.864348049451757561e+01 8.692766245817108484e+01 8.329286007152073523e+01 7.138820775089571669e+01 8.812535590666709595e+01 9.440365304422320492e+01
3.630678512830590090e-03 2.000363067851247578e+01 3.000511334859078261e+01 5.000511334859007206e+01 5.980379466154925439e+01 6.851456906894155452e+01 7.679878251650274024e+01 7.255636390488980680e+01 6.427252593102257094e+01 6.166979369805014244e+01 6.166979369805014244e+01 7.811814876523716578e+01 8.966403140735764055e+01 8.257809944849581996e+01 8.570925078163963917e+01 7.755718747048757677e+01 7.626324987742799522e+01 8.454855135908596253e+01 8.896319538781875735e+01 8.005178002331895470e+01 7.176758591807987386e+01 8.005178002319095754e+01 8.218637419469646943e+01 6.804433124248710385e+01 7.069344036410764431e+01 8.483546886268342746e+01 7.608378034327587613e+01 5.934658504497841847e+01 6.291923535724740901e+01 6.291923535724740901e+01 5.108420707249308634e+01 5.864349652162068338e+01 7.278563012332179483e+01 9.278558230701074194e+01 9.138816395975884177e+01 9.967228008402227601e+01 9.040965553964426249e+01
3.897887252982968069e-04 1.154739517251791625e+01 2.568953079624911950e+01 4.568953079624982649e+01 5.218464273018853561e+01 4.851457553535134792e+01 6.569660348915239467e+01 5.741259221707233706e+01 4.427254723504213985e+01 4.166981376423648697e+01 4.983477957332569730e+01 6.138178490760909511e+01 8.138165180762567275e+01 8.170483908863670308e+01 7.169953029131251299e+01 5.755619711754926726e+01 5.626230550849783185e+01 7.300072687684085793e+01 8.624360323745015933e+01 8.038536130795893087e+01 7.878003458463936681e+01 7.049522110062780200e+01 7.878003459771865380e+01 8.804429077988922359e+01 9.069338945135210395e+01 8.521887076807998085e+01 8.763073704416302689e+01 7.934656384150451913e+01 8.291919416602823389e+01 7.936840114458507855e+01 6.263121224941453846e+01 7.864348049451757561e+01 8.692766243999456321e+01 8.687676555152137325e+01 9.101916351094416768e+01 8.647696137308408026e+01 7.819206834067693990e+01
9.894987445105475968e-03 1.415203061117593109e+01 3.415203061117522054e+01 4.063763812879103909e+01 3.218464408533646548e+01 5.218464273018853561e+01 5.414970898132376931e+01 3.741260383122688893e+01 3.272554185425843087e+01 4.427254723504217537e+01 6.427252596873317714e+01 7.811814876523027351e+01 7.898703279707487468e+01 7.070149582903589192e+01 5.341390721492307847e+01 4.341339167849496761e+01 4.471475095650441034e+01 6.405590282547821346e+01 6.624248728150980980e+01 6.038431705664463323e+01 6.877947577662833112e+01 5.049418284065282592e+01 6.707789056221128021e+01 7.536269764230837609e+01 7.936080229996959190e+01 6.521778908938222230e+01 7.936080229996964874e+01 8.842621730227671151e+01 8.014131295546829392e+01 7.795338682693993348e+01 8.263118912479755807e+01 9.091535342767147654e+01 8.101870814057286907e+01 6.687569234795086004e+01 7.101803364271640362e+01 7.819206834067693990e+01 5.819096970791137124e+01
2.758038052605161963e-03 2.000275803805224939e+01 3.120954798313437806e+01 2.063763870189541194e+01 4.063763812879103909e+01 4.860275996872765347e+01 4.031859346607395622e+01 2.586559844855831614e+01 3.741260383123204036e+01 5.741259339133287654e+01 7.255637277650998840e+01 7.077261371778247678e+01 6.743898592030484451e+01 5.070052338677929527e+01 5.341387130075662526e+01 3.341286937771501897e+01 3.577001554249358151e+01 5.577100304161703548e+01 6.558250724248428298e+01 4.624141663571860761e+01 6.049470197061479126e+01 4.049358745435119999e+01 4.707681056179344381e+01 6.707789056221128021e+01 7.041600582537488151e+01 5.107487244678321758e+01 7.041600582537468256e+01 7.318756490543195525e+01 6.014022048884987726e+01 5.795230939199776543e+01 7.209528942774778670e+01 8.498878295609634392e+01 7.101812651628070228e+01 5.273279182094978523e+01 5.687515147966161777e+01 7.687622894972757592e+01 6.404915586626741231e+01
7.097940694151796438e-03 2.000709794069379655e+01 1.120954828607609599e+01 2.878269926531042699e+01 3.198526188279284810e+01 3.531859461833117564e+01 2.031859648630612014e+01 4.031859346607395622e+01 5.414970820541478247e+01 6.569670863472600786e+01 6.491457896569822594e+01 5.077177832970443205e+01 5.915392643370122983e+01 3.915293622387320482e+01 4.634244706855517393e+01 2.634135249083252006e+01 4.634244706881790421e+01 6.405589898774947244e+01 5.729773654736298738e+01 3.729658961647781723e+01 5.293499126286121026e+01 3.293380323162290324e+01 4.707681056179344381e+01 6.707789056221128021e+01 6.213120740489043214e+01 4.213003316143260690e+01 5.318641035722080801e+01 5.318641035722080801e+01 6.381048934165507092e+01 4.380932755528578326e+01 6.381048934165507092e+01 7.543420593667623564e+01 5.670274916375376506e+01 4.273215276323615797e+01 6.273333143960645941e+01 7.347828543857644945e+01 6.519345928921411826e+01
8.907212727516041623e-03 2.681519631851753793e+00 5.696633077629377873e+00 8.782700076871190475e+00 1.198526315297290523e+01 1.531859648630620896e+01 3.531859461833117564e+01 4.031859317442136614e+01 6.031855143937422525e+01 5.894934519062380218e+01 5.662988737192615929e+01 3.662903988986825965e+01 4.398024073527174238e+01 4.760634826431719091e+01 2.760522562117231260e+01 2.186882374841935572e+01 4.187006584579179247e+01 6.097316153155252039e+01 5.022626324394640562e+01 3.022500503532335259e+01 4.128142864783199428e+01 2.776940841228612911e+01 4.191251446466323216e+01 6.191363391235299218e+01 7.041600582537482467e+01 5.318641035722080801e+01 3.318516716669399358e+01 4.611490301111422951e+01 5.439968866387423674e+01 3.714222388477369918e+01 4.714821647732234311e+01 6.714937239550584991e+01 5.670274916375376506e+01 3.670154145312167060e+01 5.670274916375376506e+01 6.519345928921411826e+01 4.519231157947885436e+01
4.556156782696869564e-03 2.000455615678234267e+01 2.569663262056486630e+01 2.878269926531042699e+01 3.198526188279284810e+01 3.531859461833117564e+01 3.722762855342501354e+01 3.505891913230272650e+01 4.334342230127194995e+01 3.894875817667092122e+01 5.309137655343545958e+01 4.398024073138606838e+01 2.397926177613915044e+01 4.398024073189802152e+01 3.760578626057239404e+01 1.760440152464198960e+01 3.760578626058492091e+01 5.268837807752901625e+01 3.268709064681998910e+01 3.635739527622299505e+01 2.127991053810442779e+01 4.128142864783199428e+01 5.605546964817193611e+01 6.199661722370806416e+01 7.028143630070248093e+01 6.147119584934799974e+01 4.611490301111422951e+01 2.611349566799548683e+01 4.611490301111422951e+01 3.081720135322368748e+01 5.081849697370662966e+01 6.351103325487842710e+01 5.170244723609567217e+01 3.170119228945259948e+01 5.170244723609567217e+01 6.425735084754384729e+01 5.105051211214653506e+01
9.004134676422023004e-03 1.415113975840724692e+01 3.415113975840653637e+01 3.577429578848198588e+01 3.094348927257937731e+01 2.265904160198370221e+01 1.722710592816838471e+01 1.505834084289503316e+01 3.179608503029344746e+01 2.480614831667361742e+01 4.309102516649993930e+01 3.731324774171828551e+01 1.731215419960199142e+01 3.731324774171828551e+01 3.412399179634425650e+01 1.412258540354624259e+01 3.412399179645454694e+01 4.253014896565974112e+01 3.635739527622299505e+01 1.635574116604344397e+01 3.635739527622299505e+01 4.956620214837985827e+01 5.304419679092836049e+01 4.199540288030123492e+01 5.873371151282012192e+01 5.741222195653138272e+01 4.175023809894112503e+01 2.174858486535452329e+01 3.879373419934646705e+01 2.565270637073236060e+01 4.565418465099319434e+01 4.936799596814043412e+01 3.522495868140233455e+01 2.711244780032998136e+01 4.711384465417926748e+01 5.597254644636439025e+01 3.597129080754375252e+01
