LEM/slope_with_small_perturbation/elevation_000006.asc
nrows	100
cellsize	150.0
xllcorner	0
ncols	100
yllcorner	0
NODATA_value	-9999
[rows 17 to 33 of 100, columns 37 to 73 of 100]
6.614153069611157321e+01 7.397672635941842145e+01 6.397660594262136868e+01 7.812034817800582687e+01 6.049955047139039976e+01 4.052396736586395321e+01 3.054482376654269515e+01 5.051175891862717293e+01 6.122795446136003505e+01 5.692050765216323072e+01 4.863597506630021883e+01 2.957300236791028425e+01 4.371144336783714124e+01 6.370967765132573390e+01 6.937113372890459573e+01 5.263257941324562950e+01 6.937113372890459573e+01 7.831584964175084451e+01 8.986482880976245724e+01 8.396358755466286539e+01 6.396066440423626887e+01 5.241497149656208165e+01 5.761243927372429141e+01 5.163579438646950592e+01 7.163550446882697997e+01 7.108590967842793873e+01 5.108645849616097934e+01 7.108590967842793873e+01 7.553737889314450626e+01 9.554234375647328648e+01 9.600929701560593799e+01 8.723600560447387409e+01 6.789103255077296240e+01 8.062823711635113000e+01 6.062585814604528878e+01 7.905477103749238665e+01 8.217870206914463438e+01
5.949416676122449132e+01 7.943946287195934985e+01 8.397916170796516155e+01 8.048934574815272924e+01 6.049955047139040687e+01 5.299050361921768371e+01 3.303994404056055600e+01 4.714166589128021911e+01 6.711084698612373245e+01 6.558499670120693281e+01 5.022983080319309579e+01 3.023404637236338033e+01 5.022983080319309579e+01 5.186623315121928357e+01 5.255863870724706999e+01 4.108806824590921991e+01 5.003017433400419378e+01 6.157572279810162286e+01 8.157798664554010770e+01 8.314547743089292453e+01 7.485905194382847583e+01 6.347065701793162873e+01 4.347291968862237610e+01 6.347065701793162873e+01 7.094405281399782837e+01 6.265840872134683792e+01 4.737358593990635569e+01 5.553662382302416489e+01 6.967828372415607419e+01 8.968248591335115805e+01 8.772210487556003500e+01 6.771841013101065698e+01 5.894735554357333740e+01 7.250369553933556688e+01 5.603854386107612129e+01 5.905290758526419381e+01 6.217578356430318820e+01
5.949416676122448422e+01 6.786228714194707834e+01 8.769495104054936974e+01 7.756355233235326807e+01 6.758821373184768788e+01 5.554748056229694697e+01 3.561276037871509459e+01 5.554748056229694697e+01 7.374997536237273721e+01 5.729978722412625558e+01 3.730293070472819039e+01 5.022983080319309579e+01 3.117923099388767127e+01 3.187031606414384299e+01 3.256261839229305366e+01 5.255863870724706999e+01 6.183169054137518827e+01 6.940227978007042964e+01 7.012630982648182965e+01 7.085368952363005235e+01 5.485855557799102655e+01 5.852871504426477145e+01 3.962497075887792164e+01 5.962209067451156841e+01 6.153167503764419166e+01 4.266086962005577021e+01 6.265840872134683792e+01 7.210846508747286521e+01 8.382401168810372383e+01 8.155672039497440551e+01 7.812549530851298130e+01 6.983923613089952198e+01 5.138977764291049510e+01 5.250400770884627377e+01 7.250369553933556688e+01 7.905477103749238665e+01 8.217870206914463438e+01
4.805558467367154662e+01 6.206129320242228431e+01 8.186712538599209665e+01 6.928739009030157092e+01 4.934903405615565930e+01 3.940449004864285598e+01 5.554748056229694697e+01 6.382124910920195049e+01 6.546412965092531522e+01 4.546565660985346824e+01 5.729978722412625558e+01 5.382363930952209330e+01 3.382739505888049081e+01 5.186623315121928357e+01 5.255863870724706999e+01 3.355058236369736591e+01 5.354678339766751094e+01 4.940293810553556142e+01 5.012682271587428318e+01 5.085405439664075544e+01 5.744102223061010193e+01 3.853172597028628843e+01 5.852871504426477145e+01 4.074270963290960879e+01 4.153430566513301159e+01 6.153167503764419166e+01 4.382498922361400417e+01 6.382272172176291747e+01 7.327685754050968114e+01 6.155450571054965536e+01 6.829857239594628027e+01 4.984025767201156754e+01 6.983923613089952198e+01 7.250369553933556688e+01 5.427819562943641074e+01 7.427842929239874081e+01 8.435054894519264224e+01
6.177291455132257880e+01 6.206129621580856082e+01 8.186765802736593400e+01 7.756355233235326807e+01 6.213832259296621885e+01 4.224102625707821801e+01 6.213832259296621885e+01 7.615511259395564991e+01 5.615411492707532659e+01 6.546412965092531522e+01 7.374997536237273721e+01 5.651998999515448219e+01 3.652330958849780274e+01 5.651998999515448219e+01 5.354678339766751805e+01 5.354678339766751094e+01 3.454218692062688234e+01 3.526408637334967011e+01 3.598789042075330258e+01 3.671505454449616934e+01 3.744416571162782503e+01 5.744102223061010193e+01 6.681401548457402839e+01 6.073997160271969165e+01 5.153183027957782514e+01 6.981722382396672799e+01 6.382272172176291747e+01 4.499307097560166113e+01 6.499101402935284000e+01 4.741459234259503575e+01 4.829995544544686936e+01 6.829857239594628027e+01 7.203115726013415099e+01 8.031759849011396568e+01 7.427842929239874081e+01 5.606296245516411858e+01 7.606379058564928641e+01
7.944372556362216642e+01 8.186764107313339878e+01 9.011997917325346918e+01 7.317136154694856032e+01 5.326522359086774827e+01 4.516500863373748587e+01 6.504506052417968931e+01 8.444166088519573066e+01 6.770059482176560550e+01 8.444166088519573066e+01 6.823690079753497173e+01 4.823792799892349592e+01 3.929598323450804287e+01 5.929308826596852100e+01 7.354697626863972459e+01 5.751953188157833097e+01 3.752267909157218639e+01 5.526060966274011577e+01 4.598527671759698165e+01 5.671181190407920525e+01 5.744102223061010193e+01 4.077659746101561211e+01 6.077390718452900131e+01 7.431164565563494762e+01 6.567272916927917947e+01 7.981783762836761298e+01 7.327685754050968114e+01 6.499101402935284000e+01 4.616616650462128746e+01 6.616433592421516607e+01 6.829857239594628027e+01 5.047504389366583410e+01 5.203158927680341606e+01 7.203115726013415099e+01 7.587896143921602743e+01 7.606379058564928641e+01 5.786215015305111820e+01
7.404666040039735719e+01 9.708981867005985578e+01 8.726879329339057279e+01 6.733099530138206035e+01 6.823361953773601840e+01 4.837779341020558377e+01 5.982395908562874354e+01 7.972143048584946712e+01 8.184460915329511010e+01 8.456907885036821426e+01 6.456632754148448328e+01 6.227415058862350605e+01 4.227656619591336096e+01 6.227415058862350605e+01 7.471159375966092853e+01 5.471107526284966127e+01 4.057179186387688219e+01 6.056909150331868830e+01 6.012539923410730580e+01 7.426968203410059743e+01 6.389704344189024710e+01 4.389921397557522909e+01 4.602740888891077020e+01 6.602572132218364231e+01 7.996886288994241454e+01 9.396294608713078844e+01 8.017415278721907157e+01 6.017217826933558911e+01 4.862729368430241550e+01 6.862600741499490198e+01 7.876050493025245203e+01 6.461543351361555665e+01 7.203115726013415099e+01 5.426700435998295546e+01 5.587818620507771072e+01 7.587896143921602743e+01 7.786360673802047927e+01
7.616544923530281608e+01 9.631482801261314819e+01 9.553354117082406560e+01 8.726614387066634038e+01 7.164486039824662100e+01 5.181932032351810591e+01 7.164486039824662100e+01 8.799644227622759729e+01 1.018504989131460690e+02 9.285579724394658285e+01 8.013469646419630976e+01 6.535993204853367899e+01 4.536177142818980457e+01 6.535993204853367899e+01 7.531872034686539052e+01 5.531801675507537652e+01 4.377346860207239843e+01 6.377130874416349116e+01 8.012722041885625401e+01 8.030937313402426980e+01 6.709936405779475876e+01 4.710087822124157242e+01 6.602572132218364231e+01 5.168277671841362064e+01 7.168249624055874847e+01 8.614186599898008012e+01 8.846104260743726400e+01 7.118666433681507044e+01 5.118729444306134724e+01 7.118666433681507044e+01 8.332243319552011940e+01 8.461848962526811135e+01 8.255387170676419828e+01 6.426560940962801283e+01 7.587896143921602743e+01 5.818697219968741052e+01 7.818854401338646198e+01
8.954256245988814555e+01 9.958757825570424416e+01 1.026473651202336583e+02 9.120547463595791271e+01 7.521248145181017719e+01 5.542039526778311398e+01 6.939370397338159080e+01 8.926019471821601314e+01 9.769685305516669871e+01 8.599314112364277207e+01 6.598988680478034041e+01 5.184894085648406303e+01 4.983268033691673793e+01 6.983189164416896233e+01 8.360528028624828778e+01 6.720103160048265067e+01 4.720248274770368369e+01 5.874735474885062558e+01 7.874896893519630225e+01 7.202296476690915483e+01 5.202320414193980014e+01 6.709936405779475876e+01 6.342882277458814855e+01 7.168249624055874847e+01 5.785361198733386345e+01 7.785508474055329486e+01 8.751956361567778231e+01 6.751592898893535732e+01 7.118666433681507044e+01 5.503523063366765200e+01 7.503576991642833605e+01 8.898030962328253679e+01 9.255605448406350888e+01 7.840926078039571223e+01 8.647544682076237166e+01 7.818854401338646198e+01 6.052726029147692799e+01
7.117616542683485648e+01 9.121182596291227185e+01 9.436596123515872137e+01 7.463294051144990249e+01 6.337150603840926522e+01 6.136323668924793395e+01 7.156513983381985611e+01 9.144136476935585733e+01 8.941079911690221138e+01 6.940655944949978107e+01 5.940683339261843088e+01 7.184870434897592872e+01 5.454554745292468709e+01 7.454605693562065483e+01 8.246336414786630087e+01 6.246073414492295939e+01 5.091536841322611906e+01 7.091484033116647367e+01 8.703575563416562488e+01 7.567459817650022558e+01 5.567377827477523766e+01 7.567459817650022558e+01 7.757197426243938310e+01 8.256979840852706332e+01 6.256696237266442751e+01 8.256979840852707753e+01 9.580673965071376585e+01 8.069329332731830107e+01 6.069092748450847097e+01 7.503576991642833605e+01 6.069092748450847097e+01 8.069329332731830107e+01 9.515401629770929048e+01 9.841530911347571475e+01 9.914411575401680921e+01 8.453038394780173803e+01 6.452669524718253058e+01
8.715186421148089835e+01 9.958811398070069743e+01 9.341022679342816559e+01 7.423738961344602671e+01 8.297177974380646504e+01 6.761015543632193214e+01 8.746817537342100479e+01 9.972353100418617089e+01 9.769681165606652939e+01 8.607652246955929343e+01 6.607294420892611697e+01 7.954655249130641437e+01 5.954457025586003738e+01 7.954655249130948391e+01 9.075037050764801450e+01 7.499745275884949081e+01 5.499681842126159381e+01 6.654288520396490014e+01 8.654660681683378698e+01 7.952398502170620986e+01 5.952198424005436550e+01 7.952398502170620986e+01 9.757730456397221985e+01 8.773486753719387821e+01 6.773064081985675955e+01 8.773486753719389242e+01 9.641484421797801474e+01 7.640879236320486712e+01 6.486068468395707498e+01 8.486434479420320542e+01 8.069329332731830107e+01 6.686253814373694127e+01 8.100692677451824864e+01 1.010135017823964887e+02 9.085664010349312036e+01 7.085126158984765254e+01 7.867064338208770380e+01
8.129619441694315185e+01 1.013148581860000377e+02 1.016186617825649563e+02 8.449188582638917921e+01 9.449623405904554829e+01 7.461139150074487247e+01 9.449834558160451081e+01 1.128749756492400991e+02 9.286949197060901895e+01 7.872354390010340808e+01 8.021697241764603348e+01 8.509454066378262382e+01 6.509098481664635472e+01 8.509454066387507964e+01 9.133105439489021649e+01 7.132655955979660689e+01 5.999584256458525289e+01 7.999798958844081653e+01 9.483382007939627556e+01 8.360712945680647579e+01 6.360388863264592629e+01 7.774750551521488262e+01 9.775351304700531330e+01 9.350996542736321260e+01 7.350443949844913050e+01 9.350996542736321260e+01 1.047023840808249986e+02 8.957955756824188143e+01 6.957460400468039552e+01 8.957955756824188143e+01 9.171873933986870497e+01 7.171333842965877636e+01 8.585876965845764630e+01 1.058659576198264034e+02 9.570890834374276324e+01 7.570249386536339387e+01 9.570890834374276324e+01
1.013151020063184404e+02 1.098063268491581823e+02 1.111767229129782493e+02 9.919306475585005956e+01 1.026311971215038739e+02 8.607524682015920803e+01 1.027665145412724002e+02 1.088230073484852767e+02 1.070125829211822008e+02 9.872908583677690331e+01 1.002227275659974310e+02 9.142070076075310681e+01 7.141562598908390669e+01 9.142070076222542241e+01 9.961839048440228339e+01 8.534420245918946080e+01 6.534050591906675720e+01 8.534420245919366721e+01 9.963102747350441746e+01 7.962452750901772447e+01 6.807577965931542963e+01 8.222043978913525564e+01 1.022271492925836753e+02 1.001788371760722498e+02 8.017222192994520924e+01 1.001788371760722498e+02 1.059152978150343927e+02 8.590818372739009590e+01 7.534865735925957608e+01 9.535484707804033633e+01 9.726753584767627103e+01 7.726106552166045560e+01 9.726753584767627103e+01 1.120451540199486402e+02 9.203742091022247962e+01 8.173405996615657898e+01 1.017413260385574176e+02
9.704155511759030617e+01 1.068861689539692605e+02 1.119872872282988823e+02 1.146230985974222705e+02 1.142812971915572149e+02 1.060045702342872715e+02 1.029663900683794822e+02 8.884500325546227373e+01 9.359487080192802466e+01 1.018622615779925269e+02 1.077562536493764753e+02 8.774936902136380468e+01 8.296487957914246181e+01 9.970767208105816337e+01 1.016793801600424132e+02 8.167295504766322267e+01 7.241179975467514396e+01 9.241716869861757289e+01 1.079186169192360012e+02 9.411225630190060087e+01 7.410641878728753795e+01 8.440894299337287521e+01 1.044157982261188948e+02 1.084664375384260921e+02 9.017507929278295364e+01 1.084664375387210669e+02 1.142029700651159629e+02 9.535484707804033633e+01 8.242128580762943102e+01 1.024284466190698879e+02 1.035943889283667687e+02 8.358712277213152220e+01 1.035943889283667687e+02 1.203328994861851697e+02 1.017413260385574176e+02 8.929576899931220169e+01 1.093035603540171934e+02
7.409325778371892568e+01 9.463882920682526390e+01 8.348972624920547503e+01 1.008498383419801598e+02 9.915162621080081351e+01 9.673571020684468635e+01 9.469614922049528616e+01 7.469561038079481818e+01 7.359270034921213721e+01 8.837122158032059360e+01 9.664147073433750279e+01 1.077562536470069148e+02 1.029715671424056325e+02 1.112584810762039353e+02 1.099670522267903294e+02 1.007046848343642154e+02 8.241374909084076705e+01 1.007046848414469622e+02 1.082595946208255668e+02 8.825223689872422028e+01 8.565620843496499504e+01 9.411225630190139668e+01 1.127034370444595339e+02 1.184703135465342712e+02 1.101825950593614181e+02 1.184703135468684252e+02 1.236503380565652463e+02 1.107161107421496808e+02 9.242454334515356607e+01 1.107161107422882367e+02 9.773419238305999102e+01 9.773419238305999102e+01 1.118820652936063595e+02 1.300372096623539733e+02 1.175912962175685692e+02 1.008471355026003238e+02 1.175912962175659118e+02
6.321910508273474250e+01 7.515157697584611185e+01 6.715201973127625479e+01 9.141048003977071801e+01 8.162471125824097840e+01 7.733898105069341966e+01 9.117447616427129731e+01 8.204660735568968732e+01 6.202996719416944416e+01 6.836278862784455157e+01 8.251719241718281239e+01 1.025040985278170211e+02 1.109506630308621453e+02 1.026791659704917237e+02 1.109506628580121372e+02 1.107084012393986967e+02 1.024205896958600022e+02 1.107084080969941198e+02 1.165472930330911367e+02 1.082595946208246858e+02 1.056634325037525031e+02 1.139511102531447619e+02 1.224075807595300205e+02 1.264101794967001524e+02 1.181123441642681087e+02 1.155128031328905678e+02 1.238107184991316672e+02 1.207201011392159415e+02 1.124323498929862808e+02 1.207201011390752683e+02 1.092856741165849286e+02 1.177421549062185591e+02 1.226287153266481482e+02 1.178374921815974119e+02 1.261355614654253543e+02 1.208552515262467324e+02 1.291430583458354420e+02
6.320048686814258332e+01 5.377503749447112114e+01 6.869812018496548944e+01 7.757966826879167854e+01 8.301744900341672917e+01 6.384573511195007711e+01 8.302263084063712029e+01 7.571417706696404082e+01 5.569646358352061100e+01 7.571677742384454746e+01 8.635645342583570994e+01 9.635574084103845394e+01 1.009583841530128154e+02 8.268823055918821296e+01 1.009583839884906240e+02 1.027108575197495242e+02 1.109827948150483650e+02 1.194233716482317504e+02 1.140813891720180777e+02 1.057837762783271529e+02 1.140813891739127399e+02 1.209259783095013319e+02 1.126281645932628521e+02 1.181123441642682081e+02 9.808084829206046606e+01 9.548186843980791139e+01 1.122455138921808384e+02 1.214087096137984076e+02 1.297065410491574085e+02 1.375817716480901538e+02 1.292939224914730687e+02 1.226287153266481482e+02 1.025965235588997473e+02 9.780633681721691630e+01 1.145702039326303350e+02 1.279251580699759785e+02 1.291134976093951821e+02
