LEM/slope_with_small_perturbation/elevation_000010.asc
nrows	100
cellsize	150.0
xllcorner	0
ncols	100
yllcorner	0
NODATA_value	-9999
[rows 34 to 50 of 100, columns 37 to 73 of 100]
7.890013521261050755e+01 6.561586396473111904e+01 4.561586396473253302e+01 6.561586396473111904e+01 7.697385955851260064e+01 5.697385955851401462e+01 7.697385955851260064e+01 7.080171488864115759e+01 5.080171488864257867e+01 5.787658431743526677e+01 6.787658431743456333e+01 8.787658431743314225e+01 9.247157735634500852e+01 7.247157735634642961e+01 9.247157735634500852e+01 8.250574506888690962e+01 9.095873968509380347e+01 1.107900163166735297e+02 1.038128885035893489e+02 8.552861725590867081e+01 1.038128885035893489e+02 1.090998271461211147e+02 9.236256128218586525e+01 1.090998271461211147e+02 1.036957983046414427e+02 8.369579830464286374e+01 1.036957983046414427e+02 1.011288297502251510e+02 1.137239599901600116e+02 1.220082312381276921e+02 1.222063445937268398e+02 1.139220733457530486e+02 1.060172018823577389e+02 8.601720188235915998e+01 9.935053521569155066e+01 1.184177361199047169e+02 1.205369828796511626e+02
7.639414971639419605e+01 6.232788421862478856e+01 4.232788421862549910e+01 6.232788421862478856e+01 7.094363266695754078e+01 5.094363266695895476e+01 7.094363266695754078e+01 6.632957893364174140e+01 4.632957893364315538e+01 6.047171455737360901e+01 8.047171455737219503e+01 9.616085556507997012e+01 8.580491068967880608e+01 6.580491068968022716e+01 8.153064926927382317e+01 7.095873968509521035e+01 8.250574506888690962e+01 1.025057450688847922e+02 9.552861725590796027e+01 7.552861725590938136e+01 9.552861725590796027e+01 1.008155558983927449e+02 8.081555589839416598e+01 1.008155558983927449e+02 9.766557141308659595e+01 7.766557141308801704e+01 9.766557141308659595e+01 8.958182436643345170e+01 9.372395999016411849e+01 1.137239599901600116e+02 1.139220733457530486e+02 9.392207334575725497e+01 9.935053521569153645e+01 7.935053521569295754e+01 9.013346487199441981e+01 1.101334648719903839e+02 1.199410578403750236e+02
5.965688385224817125e+01 4.810987846845606697e+01 3.916560655845722749e+01 5.916560655845651695e+01 6.559840782870924158e+01 4.559840782871065556e+01 6.559840782870924158e+01 6.267809521694146468e+01 4.267809521694217523e+01 5.682023084067262886e+01 7.682023084067121488e+01 8.930402219669508668e+01 7.977468379812395938e+01 5.977468379812537336e+01 6.153064926927523715e+01 7.307765465306694352e+01 9.307765465306552244e+01 1.033096865248425473e+02 8.886195058924175783e+01 6.886195058924317891e+01 8.886195058924175783e+01 9.374448808652776677e+01 7.374448808652918785e+01 9.374448808652776677e+01 9.232034657483848150e+01 7.232034657483990259e+01 9.232034657483848150e+01 7.958182436643416224e+01 9.958182436643274116e+01 1.118412450209209368e+02 1.139220733457530486e+02 9.392207334575725497e+01 7.977993772202729872e+01 7.380353325344105997e+01 9.380353325343963888e+01 1.111320050079635138e+02 1.057989222164125209e+02
6.926344031164511250e+01 5.624830672849872570e+01 3.624830672849943625e+01 5.624830672849872570e+01 6.074769532798345040e+01 4.074769532798416094e+01 6.074769532798345040e+01 5.465980883668032675e+01 3.924812351409211431e+01 5.339025913782256794e+01 7.339025913782114685e+01 6.930402219669872466e+01 6.930402219669872466e+01 5.422768183587327684e+01 7.422768183587186286e+01 8.981492051686521449e+01 1.013619259007452627e+02 8.916755090098654080e+01 7.502541527712851632e+01 6.308844789734732927e+01 8.308844789734591529e+01 8.771426119497292007e+01 6.771426119497434115e+01 8.771426119497292007e+01 8.746963407411216451e+01 6.746963407411358560e+01 8.746963407411216451e+01 7.325726904609784640e+01 8.355697377309635954e+01 1.035569737730931337e+02 1.106651823750472801e+02 1.006651823749482446e+02 8.908948804552964873e+01 6.908948804553106982e+01 8.908948804552964873e+01 9.113200500796992287e+01 9.579892221633096483e+01
5.252617444772972988e+01 4.097916906393762559e+01 3.341987960375334410e+01 4.970597284021172158e+01 5.627555937298402711e+01 3.627555937298473765e+01 5.465980883668032675e+01 3.465980883668103729e+01 5.465980883668032675e+01 6.753239476160771915e+01 7.305918530764972729e+01 6.477491406012049424e+01 4.930402219670013864e+01 6.930402219669872466e+01 7.055761345442664378e+01 9.055761345442522270e+01 9.071455628479067457e+01 7.916755090094233083e+01 6.088327965339856007e+01 5.774322305909903008e+01 7.774322305909761610e+01 8.236903635672480561e+01 6.236903635672622670e+01 8.236903635672480561e+01 7.696727122755783057e+01 6.299749811911431152e+01 8.299749811911289044e+01 6.722704215454299970e+01 8.722704215454157861e+01 1.005113134021996757e+02 1.023809111273018999e+02 8.238091112730332100e+01 7.238091112730403154e+01 6.530984331543905341e+01 8.065993776568518570e+01 7.698986938423996662e+01 8.174114827682143414e+01
6.926344031164508408e+01 6.097916906393691505e+01 4.970597284021172158e+01 2.970597284021243567e+01 4.611386679967628766e+01 3.201154504587267979e+01 4.730972751032646073e+01 3.157374183743930729e+01 5.157374183743859675e+01 5.773011672181741716e+01 6.055854384656350931e+01 4.477491406012191533e+01 5.891704968385236896e+01 7.758829344424050589e+01 9.055761345442522270e+01 8.663646283556872163e+01 8.243028503718960565e+01 6.243028503719101963e+01 5.088327965339891534e+01 7.088327965339749426e+01 8.602749430666847275e+01 7.751832385599831809e+01 5.751832385599973207e+01 7.119376853566177488e+01 5.696727122755925166e+01 7.227526342596632958e+01 7.605490815605847388e+01 6.222704215454335497e+01 7.222704215454264443e+01 9.222704215454122334e+01 1.106651823750472801e+02 1.006651823749482446e+02 9.238091112730261045e+01 8.065993776568518570e+01 6.065993776568660678e+01 7.639592343857313494e+01 6.174114827682284812e+01
6.630087186840486879e+01 7.152488156702007416e+01 5.799024408778302586e+01 4.611386679967628766e+01 2.611386679967699820e+01 4.452279545316003606e+01 2.730972751032717127e+01 2.995879222445721268e+01 4.995879222445650214e+01 3.773011672181812770e+01 4.055854384656421985e+01 6.055854384656350931e+01 7.305918530764972729e+01 8.720132093144609087e+01 8.077859845939518380e+01 6.663646283557014272e+01 8.077859845939518380e+01 6.703427785880012379e+01 4.703427785880154488e+01 6.117641348253199851e+01 8.117641348253057743e+01 8.580259510356673047e+01 7.119376853566177488e+01 5.119376853566319596e+01 6.711128563102329281e+01 5.227526342596775066e+01 5.605490815605989496e+01 6.760191353985159424e+01 8.760191353985017315e+01 1.005113134021996757e+02 1.144244041506779865e+02 9.442440415069525272e+01 9.442440415069523851e+01 8.894420901326276407e+01 7.639592343857313494e+01 5.639592343857454892e+01 7.639592343857313494e+01
5.801660061979567473e+01 5.612367007772971306e+01 4.324061031945913669e+01 4.324061031945912958e+01 2.398185963612093019e+01 2.452279545316075016e+01 4.452279545316003606e+01 4.995879222445650214e+01 3.380779401905458315e+01 5.380779401905387260e+01 6.055854384656350931e+01 6.884281509408221211e+01 7.432330131996093314e+01 8.018116569622833367e+01 7.183432654936692074e+01 5.249432721184019357e+01 7.183432654936692074e+01 6.344217181826545726e+01 4.344217181826616780e+01 6.344217181826545726e+01 7.903132180231507675e+01 8.731559304991259296e+01 7.947803978320668250e+01 6.711128563102329281e+01 4.711128563102470679e+01 6.711128563102329281e+01 7.605490815605847388e+01 8.433917940362037768e+01 9.588618478748011853e+01 1.069504023690236494e+02 9.866613112124501583e+01 9.270867539830379656e+01 7.442440415069665960e+01 9.270867539830379656e+01 7.410176609986758933e+01 5.410176609986901042e+01 7.410176609986758933e+01
4.880104872588216836e+01 3.612367007773042360e+01 4.250088359800383131e+01 2.324061031945984013e+01 4.324061031945912958e+01 4.452279545316003606e+01 2.531961452605033358e+01 4.531961452604961949e+01 4.668635154455340341e+01 4.725569248686296930e+01 5.553996373435942502e+01 6.277629593616952519e+01 5.432330131996234712e+01 6.018116569623119005e+01 6.355005530184064355e+01 4.355005530184135409e+01 6.355005530184064355e+01 6.001220011541539634e+01 4.001220011541610688e+01 6.001220011541539634e+01 5.903132180231649073e+01 7.903132180231507675e+01 8.224245757268253953e+01 6.490265510952643524e+01 4.490265510952784922e+01 6.490265510952643524e+01 7.808868959074777649e+01 8.808868959079070748e+01 9.834381833131449469e+01 9.005954708364372152e+01 7.866613112124775853e+01 8.233619950269297760e+01 6.442440415069737014e+01 7.373395447419972015e+01 7.185159029801562269e+01 5.185159029801703667e+01 7.064340832892023059e+01
4.051677747839460864e+01 2.198153445399997352e+01 2.250088359800454185e+01 4.250088359800383131e+01 5.152488156695066834e+01 5.360388577354382278e+01 4.531961452604961949e+01 2.611770141051794170e+01 2.668635154455411751e+01 2.725569248686367985e+01 4.725569248686296930e+01 4.277629593617023573e+01 4.018116569623189349e+01 6.018116569623118295e+01 5.722549998150410744e+01 3.722549998150481798e+01 5.204907872363457244e+01 5.672422036930836242e+01 3.672422036930907296e+01 4.488918617858604421e+01 6.488918617858462312e+01 7.764892710637198547e+01 6.810032194889880941e+01 5.395818632511402058e+01 4.273335053134135819e+01 4.980441834320658501e+01 5.980441834320622974e+01 7.980441834320481576e+01 9.005954708364372152e+01 7.005954708364514261e+01 7.591741145991376527e+01 6.233619950269439869e+01 7.373395447419972015e+01 5.373395447420114124e+01 6.832609765089136999e+01 4.962936807579489340e+01 5.064340832892165167e+01
2.124780561575293092e+01 4.124780561575222038e+01 2.721492880591477714e+01 4.135706442964522722e+01 6.135706442964451668e+01 6.244763302907117719e+01 4.244763302907188773e+01 3.128167920546107439e+01 4.668635154455340341e+01 4.725569248686296930e+01 2.806249836196476011e+01 2.863416031243978210e+01 4.863416031243907156e+01 5.002898636329427262e+01 5.061244632928583798e+01 3.145199728960876584e+01 3.204907872363528298e+01 5.204907872363457244e+01 3.374279639930945507e+01 5.374279639930874453e+01 4.936465585882002927e+01 6.350679148259651186e+01 5.697337448330814880e+01 3.981605070138356695e+01 5.981605070138285640e+01 6.980441834320517103e+01 7.808868959074777649e+01 8.808868959079070748e+01 9.225508444504848171e+01 7.591741145991376527e+01 5.591741145991518636e+01 5.339192759269555921e+01 6.612771648163922578e+01 4.740939915386460513e+01 4.832609765089278397e+01 6.832609765089136999e+01 6.478554395265160792e+01
3.279481099954503520e+01 3.279481099954504231e+01 4.721492880591406305e+01 3.477421826609905509e+01 5.477421826609834454e+01 7.073190427661069180e+01 5.662690404370866304e+01 3.662690404370937358e+01 5.662690404370866304e+01 5.634676960946148938e+01 3.960950374575686794e+01 4.863416031243907156e+01 2.944626981654692699e+01 3.002898636329498316e+01 3.061244632928655207e+01 5.061244632928583798e+01 5.204907872363457244e+01 3.289498859251088447e+01 5.289498859251017393e+01 3.460909256295784786e+01 3.522252023508957564e+01 5.522252023508886509e+01 3.697337448330885934e+01 5.697337448330814880e+01 6.618562256880747441e+01 7.363249046129449482e+01 7.582028645611798368e+01 8.410455770370553807e+01 7.618798151404224939e+01 6.397081319737527139e+01 6.397081319737526428e+01 4.522696178341858797e+01 4.612771648164064686e+01 6.612771648163922578e+01 6.832609765089136999e+01 7.661036889842684161e+01 8.478554395265018684e+01
4.693694662327548883e+01 4.693694662327549594e+01 4.912474261809898479e+01 5.477421826609834454e+01 4.330224692032317080e+01 6.330224692032246026e+01 6.265713093526372290e+01 4.265713093526443345e+01 6.265713093526372290e+01 6.789377499327764554e+01 5.960950374575615740e+01 5.287624151939627382e+01 3.287624151939698436e+01 5.002898636329427262e+01 5.061244632928583798e+01 3.532649153719670210e+01 5.532649153719599155e+01 4.703712421624133810e+01 6.117925984001419693e+01 4.875122818668830149e+01 5.522252023508886509e+01 3.609249669167026298e+01 5.609249669166955243e+01 3.790135132129601203e+01 5.790135132129530149e+01 5.363249046129590880e+01 5.582028645611939766e+01 7.033011713783261598e+01 5.618798151404366337e+01 6.272081319737530691e+01 4.397081319737597482e+01 6.397081319737526428e+01 6.612771648163922578e+01 6.612771648163923999e+01 8.612771648163632676e+01 8.263601193013268187e+01 9.092028317774122570e+01
6.693694662327406775e+01 6.693694662327408196e+01 6.326687824182943842e+01 6.996891358698817953e+01 4.996891358698960062e+01 6.996891358698817953e+01 6.972819874712824628e+01 4.972819874712966026e+01 6.972819874712824628e+01 7.218627277320797475e+01 5.812849883378499527e+01 3.812849883378570581e+01 4.701837714312743799e+01 6.116051276690055971e+01 6.361076278470441281e+01 4.946862716092715573e+01 4.040649661720414798e+01 6.040649661720343744e+01 7.532139546378606099e+01 6.875122818668688751e+01 6.017497959630804161e+01 4.017497959630875215e+01 6.017497959630804161e+01 5.790135132129530149e+01 3.883133243124653688e+01 3.949035483756545517e+01 5.949035483756474463e+01 6.109346493793157862e+01 4.204584589031320974e+01 4.272081319737601746e+01 6.272081319737530691e+01 6.526296111780736453e+01 6.632295899781369997e+01 6.740601971996142083e+01 6.849387630640222824e+01 6.263601193013409585e+01 8.263601193013268187e+01
5.616986205160097256e+01 7.616986205159955148e+01 8.326687824182745601e+01 7.825318483453685303e+01 5.996891358698924535e+01 7.825318483453685303e+01 6.972819874712824628e+01 6.387033437086011389e+01 7.801246999467461762e+01 6.390200152568105096e+01 4.390200152568176151e+01 5.812849883378499527e+01 5.812849883378500238e+01 7.530264839067267246e+01 7.775289840848067513e+01 5.826253900447551359e+01 4.412040338074505996e+01 5.566740876453716425e+01 7.566740876453575027e+01 7.608634278481913782e+01 5.608634278482055180e+01 4.453933740102844752e+01 6.453933740102702643e+01 6.711560367875974009e+01 5.297346805497699052e+01 5.949035483756474463e+01 4.042642759196724001e+01 4.109346493793228916e+01 6.109346493793157862e+01 6.272081319737530691e+01 4.420740148987029983e+01 4.526296111780878562e+01 4.632295899781511395e+01 4.740601971996284192e+01 4.849387630640364932e+01 6.849387630640222824e+01 7.117953949069139696e+01
6.975107400882033915e+01 7.249979367015433240e+01 9.249979367015198761e+01 8.825318483458316621e+01 7.996891358698782426e+01 8.825318483458316621e+01 8.972819874712429566e+01 8.387033437085869991e+01 7.804413714941078695e+01 5.804413714941220803e+01 6.390200152568105096e+01 5.097306933754698832e+01 7.097306933754556724e+01 8.641277008142225213e+01 8.654681025206595280e+01 6.829069166188499196e+01 4.829069166188641304e+01 6.829069166188499196e+01 8.395168001210770115e+01 8.437061403239094659e+01 6.453933740102704064e+01 5.453933740102809224e+01 5.348360931102729410e+01 7.348360931102587301e+01 7.297346805497556943e+01 6.597342955421791544e+01 4.597342955421933652e+01 6.109346493793157862e+01 4.893811034345937117e+01 6.893811034345795008e+01 5.834953711360075346e+01 6.526296111780736453e+01 5.186996096006721046e+01 6.740601971996142083e+01 6.849387630640222824e+01 5.005087419472664578e+01 5.117953949069281094e+01
6.389320963255220676e+01 8.389320963255079278e+01 1.007840649177036880e+02 1.043919066771637887e+02 9.610763542970451567e+01 1.043919066771637887e+02 1.012518500828652463e+02 9.296757883540533385e+01 8.632840839700264723e+01 7.804413714941078695e+01 7.925734058509461022e+01 6.252007472133909260e+01 5.991734124754583490e+01 7.146434663133753418e+01 9.146434663133611309e+01 7.657496290942371786e+01 5.723496357188525252e+01 5.584998112207069454e+01 7.584998112206928056e+01 9.282360864870911143e+01 7.453933740102668537e+01 7.453933740102667116e+01 6.055467712289252091e+01 8.055467712289110693e+01 8.011556517794836907e+01 6.011556517794978305e+01 5.353271901440361802e+01 7.353271901440220404e+01 6.308024596718982480e+01 5.836620075927967122e+01 7.834953711359933948e+01 7.764346365196185218e+01 5.764346365196326616e+01 7.764346365196185218e+01 7.521485198966827568e+01 5.521485198966968966e+01 7.117953949069139696e+01
