LEM/sinusoidal_perturbations/elevation_000794.asc
nrows	100
cellsize	150.0
xllcorner	0
ncols	100
yllcorner	0
NODATA_value	-9999
[rows 68 to 84 of 100, columns 37 to 73 of 100]
4.533739034397586209e+01 5.466734814835552214e+01 3.457457011267594282e+01 5.464895726466158266e+01 5.639126229076544661e+01 7.648321382057339690e+01 7.195154303448390465e+01 5.925019794756088487e+01 7.373647261028938260e+01 9.399207303713083661e+01 8.295620806384073376e+01 6.862184659190440073e+01 6.164240243162083743e+01 8.200435408397081005e+01 8.154801162976824003e+01 6.109733961815960868e+01 4.639381939505828001e+01 4.007898690641228256e+01 5.822553090999246450e+01 6.667333724953188323e+01 7.084404516100701699e+01 7.308675465969979257e+01 5.269038183198988889e+01 5.856052372698574970e+01 4.251325729901504502e+01 6.270775406192223045e+01 7.155454461938428778e+01 6.311999227621635100e+01 4.556501141578912950e+01 6.710280985534623710e+01 8.656653282374597325e+01 9.662685494814263620e+01 1.025221372521615990e+02 9.976008876539542314e+01 8.405011291065285661e+01 6.379445253444909980e+01 6.214524000467940112e+01
5.832140793318598782e+01 3.808114489722679963e+01 3.336322990157869839e+01 4.741664260740395065e+01 6.738018163487912204e+01 7.195154177371215098e+01 5.137667992263452277e+01 7.195154303448390465e+01 8.803943594664370664e+01 7.679981092802863429e+01 6.839153432891416173e+01 5.408015326597912775e+01 6.862184659120786989e+01 8.892745004453179547e+01 8.376248652537901762e+01 6.334059795240376900e+01 6.541027679739704581e+01 4.627600887725678547e+01 3.742349303991051812e+01 5.553858806152754113e+01 5.015819829039293154e+01 5.689840975634093923e+01 5.266047329410842792e+01 3.772397198387114514e+01 3.837538401013243572e+01 5.826186720084835713e+01 6.183994154422558154e+01 4.317175292341602955e+01 6.405472656865870817e+01 7.511657019817566550e+01 8.730701030299741205e+01 9.605491360377065746e+01 8.273667093981498510e+01 8.273666039111067505e+01 7.509504275436198384e+01 5.848721836596200063e+01 7.300896781090673926e+01
5.406017646270861832e+01 5.050800349895558838e+01 3.219661611943131874e+01 4.360524868603332749e+01 6.380449843016376121e+01 6.710200114716172948e+01 4.642907411728579348e+01 6.710200114716172948e+01 7.121364914145523528e+01 6.277994875522095697e+01 4.777325230245202903e+01 6.839153224604332593e+01 8.295618970970899397e+01 8.744744398384965223e+01 9.211591276171999709e+01 7.911494002664676373e+01 6.862715775637364857e+01 6.018954267635233180e+01 5.377659806834510903e+01 3.488713519979495459e+01 3.552656058264881267e+01 3.616719445936758603e+01 3.680858255019266778e+01 5.758284846397703660e+01 5.925649497316895520e+01 3.931806848378731445e+01 4.086709401166159950e+01 6.183745338036413131e+01 4.870956199042915813e+01 6.770037898589481529e+01 6.595043668219871336e+01 8.741941915736107660e+01 8.083922524405294041e+01 6.244003323527254423e+01 5.527618338661525144e+01 7.569461641258514817e+01 8.706845723191327124e+01
3.416179179592274551e+01 3.056203553214065138e+01 5.051300026373967711e+01 6.051337522347175479e+01 7.211550962054914748e+01 6.259079851179566845e+01 4.188568639707463603e+01 6.259079851179566845e+01 5.755238820596348148e+01 4.209755245108610211e+01 6.277994875522095697e+01 7.679981092802870535e+01 8.134218664676102151e+01 6.695682489253465519e+01 8.134215275314630844e+01 7.079914687726396494e+01 5.003958690034400547e+01 3.512489234855767961e+01 3.403746004853601193e+01 5.463762814894018049e+01 5.621708983011429694e+01 5.585693377995914943e+01 4.075619525111810759e+01 6.209343805287429063e+01 6.858945380693671723e+01 6.001565404743783461e+01 4.039080642276471877e+01 4.116283460762525692e+01 4.195573350866965967e+01 5.075753829187500088e+01 7.188891786932727257e+01 7.824946419772327033e+01 6.970975420641752862e+01 5.210130074617840990e+01 7.258835032081640293e+01 8.391762071974294201e+01 9.471644604480333385e+01
4.937798930276562004e+01 2.946872817754801233e+01 4.938276680563430432e+01 5.833334204414815360e+01 7.861472309846320172e+01 5.836438510650351930e+01 3.771313646661473484e+01 5.274382564764751180e+01 3.690034429514381031e+01 4.830863419647164392e+01 6.767822116480630257e+01 8.282228199546379699e+01 7.239832462201079011e+01 5.178375785183438040e+01 7.239832442326391515e+01 7.904198874419202525e+01 6.865457708560508365e+01 5.400491578013236449e+01 3.343887018100566166e+01 4.805130329280884638e+01 6.937632290163742255e+01 6.979007895917642657e+01 6.209353783466799115e+01 5.204457020924613175e+01 7.394006889772094837e+01 6.964644657546419637e+01 6.134639954287845143e+01 4.736376874782655477e+01 6.296729226709528859e+01 4.311323053050519150e+01 6.410856059556347475e+01 6.925996520157025316e+01 4.897200613478785414e+01 6.762450119702258178e+01 7.591432588119613456e+01 8.053984377375142856e+01 7.466890029837091447e+01
4.233448025093826317e+01 2.838479823952994963e+01 3.816849350577904687e+01 5.504560979561141920e+01 6.460015325593892044e+01 6.682009149919187507e+01 5.274361129241067658e+01 3.222628484336668464e+01 5.274382564764744075e+01 6.525624004436413372e+01 7.671882441311798573e+01 7.421761405726242344e+01 5.262044734789677847e+01 4.187203094418171645e+01 6.371410193610964257e+01 6.247776312195809822e+01 6.880025065795278749e+01 5.230579358241143950e+01 3.284536471499322374e+01 5.336209957264848214e+01 6.984322238183057152e+01 7.490825193923488712e+01 8.197992439907203277e+01 6.784160972386032995e+01 7.394859196246591182e+01 7.733569036929077356e+01 5.681759959417365735e+01 6.816016753920732185e+01 7.231978855712094401e+01 6.359005465591199169e+01 4.429834540166150703e+01 6.455525751978640869e+01 4.674119221287836723e+01 4.768238525078302104e+01 6.840010101586142355e+01 6.015335961471260617e+01 8.054021098085381425e+01
5.667095591226070894e+01 4.669290980983228678e+01 2.687146658770166141e+01 4.382802470907898140e+01 4.379774633299103215e+01 5.531373386550472304e+01 4.697235983293037975e+01 2.988549827761356070e+01 4.464468698184838757e+01 6.550718480386505860e+01 6.674744544815278857e+01 6.055263482425532118e+01 5.407825665107785795e+01 3.482163801737201680e+01 5.097257728003766175e+01 4.399189284099988839e+01 5.770605457528521498e+01 5.203123975483907770e+01 3.225424283728378327e+01 5.246002797755730995e+01 5.219323226927729564e+01 6.502334765530093819e+01 8.192970263280102472e+01 8.869215130807904757e+01 9.461194790158094747e+01 8.452985543917500877e+01 6.418266072128740518e+01 8.452985543917500877e+01 7.823344166703289204e+01 6.141515774582661180e+01 4.941674929293327523e+01 4.551405220289234421e+01 6.641266156350044980e+01 6.839997594292401573e+01 4.900898580217755551e+01 6.964055779816102643e+01 7.182934911545461887e+01
5.566320297596634958e+01 5.488531630375292281e+01 4.509565641984393380e+01 2.539050859876658706e+01 3.648496982029696767e+01 4.487921369668934801e+01 2.714231264275589339e+01 4.605903277372897975e+01 5.507774149050379719e+01 5.418805640869029361e+01 4.344111613531593719e+01 4.435644753238848637e+01 2.892384624475194244e+01 2.935025154255520974e+01 2.977873835441965156e+01 4.548517252657364196e+01 4.908436531554297488e+01 3.142361224463645897e+01 4.552982040277903053e+01 4.165424417948739944e+01 6.059066857488031133e+01 6.996880723501635657e+01 8.691052908461948334e+01 8.983549116521307099e+01 9.792632768203847604e+01 9.267542121227870666e+01 7.606933515458555917e+01 9.267542121227870666e+01 7.952183314831182770e+01 5.841587081923999136e+01 7.084545285144048421e+01 6.689811982731960427e+01 7.480668628349059190e+01 5.661242978837491080e+01 6.955797539299267385e+01 5.034828821295835866e+01 5.131023085137979933e+01
3.577292828964044702e+01 4.739833525359968291e+01 3.081822221936115724e+01 2.435692402410921886e+01 2.475857214694206121e+01 2.515897377327636875e+01 2.555891188064650166e+01 4.546328166812181593e+01 5.253529386848033056e+01 3.125114885715526114e+01 2.789960160856995230e+01 2.832244755668992298e+01 3.446208618794720024e+01 4.193092170720283463e+01 4.736166413006019837e+01 3.038577036946493592e+01 3.081521998626270786e+01 4.926824394069426205e+01 3.231848068062053869e+01 5.123800179931157572e+01 6.017849547893552398e+01 6.830846898031684589e+01 7.707857715006592514e+01 7.022146312695531378e+01 8.470633717133239315e+01 9.280920314964710371e+01 9.608747157550939733e+01 1.041319259170361846e+02 8.797401900495232496e+01 6.789645331446573095e+01 8.797401900495232496e+01 8.396795352534583401e+01 6.452348706386040078e+01 7.667787050194394283e+01 7.500623169374223664e+01 5.437718922213116457e+01 7.183248814296878493e+01
4.780918780704568150e+01 2.811793346195612386e+01 2.382484060113369040e+01 4.295589655035451671e+01 3.915244293117918062e+01 3.998798833266297947e+01 4.557861189586964201e+01 2.613634606379255843e+01 4.572465002325121475e+01 2.730407872368483169e+01 3.066979882585410522e+01 4.837913732672323164e+01 5.041572425550387493e+01 4.203249968924209412e+01 5.289053632935853244e+01 4.594585010882250486e+01 3.234866766591010645e+01 4.262798623033205558e+01 5.208850875763291555e+01 3.321723545239991182e+01 3.669894930409593314e+01 4.825223275975256598e+01 6.887258507417465125e+01 5.858120003341957016e+01 6.491436971747599216e+01 8.061115292570441682e+01 8.870112536644542445e+01 9.744674299054670996e+01 9.726301920603285112e+01 8.295281959234321789e+01 9.726039295891739300e+01 8.937456293814867081e+01 7.047424369255666932e+01 8.937561217207800723e+01 8.273253555308126295e+01 7.388728421907907773e+01 6.048622259641447840e+01
4.150754579847073700e+01 2.328988912747886886e+01 3.958888000633126580e+01 5.064836942557793975e+01 5.837541696921034884e+01 6.089053832276957223e+01 4.768520104889200439e+01 2.627654981740540663e+01 2.669258539930568830e+01 4.684100923310772657e+01 3.791705754746772783e+01 3.560499823362485472e+01 5.588903600283625650e+01 5.940036947067351747e+01 6.625437261668565725e+01 6.654577031699585632e+01 5.286622504330254202e+01 5.536579487214220308e+01 6.152902687589796216e+01 5.358663934005583229e+01 3.412367319473140270e+01 5.453757499336343528e+01 6.211305577277847334e+01 4.820267464350824582e+01 5.426308107875825471e+01 6.078878721689515885e+01 6.979070343815477884e+01 8.367194555807412826e+01 1.031095244176472931e+02 1.033510302829789680e+02 1.045024645593219361e+02 8.492065170140544694e+01 8.030059626374979587e+01 9.629303552842137037e+01 8.776096652480205762e+01 6.732907639253365062e+01 8.140902163089970145e+01
2.275478819219796378e+01 4.221745270929611848e+01 4.731488252746424195e+01 4.959172911425884678e+01 5.174727016287045700e+01 5.987002676116743771e+01 5.669948801091217661e+01 4.210085946983905814e+01 3.835880040486281217e+01 5.561302146801862278e+01 4.619974804971834459e+01 5.594938772089223988e+01 4.093683944041593747e+01 6.128502635123313524e+01 7.488650169889965014e+01 8.295280381556202087e+01 6.945533143445344137e+01 7.520984471244315728e+01 6.695227368209235408e+01 4.853095261097431035e+01 3.476667615124001998e+01 5.474964149101757016e+01 4.156081073411446170e+01 6.211305577277847334e+01 7.434277047395518423e+01 8.061115292570441682e+01 8.870112536644542445e+01 9.744672309287263090e+01 9.319371711581440820e+01 1.013099149261876875e+02 1.125027795494977028e+02 1.034365774420312789e+02 9.040523910731698720e+01 8.430973083408343882e+01 7.512179592226122793e+01 8.540304269004140281e+01 9.481240157010630298e+01
4.188303963118254813e+01 2.548731254492042453e+01 2.744256467700424906e+01 2.945527629133804481e+01 3.153000899351400932e+01 5.176614511189639245e+01 6.331735155221426226e+01 6.340299145537280623e+01 6.097036979343757679e+01 6.842889167641732229e+01 5.525709953491018211e+01 6.927102065073681558e+01 6.128502635134436360e+01 4.680913194488540086e+01 6.129945097720258218e+01 8.074266310617176146e+01 8.863115129580316420e+01 7.757728313434088818e+01 6.204145405672610991e+01 4.153244009047327268e+01 5.520530152722331962e+01 3.568873356989425361e+01 5.611087534572999402e+01 7.017478485707101754e+01 8.253591441364152104e+01 9.202301333690027718e+01 8.409869466924450876e+01 8.191148031280201280e+01 7.365230966535978041e+01 8.748556232192501625e+01 1.069744223656379774e+02 1.124306667866724041e+02 9.752418111118419120e+01 1.031357571870289291e+02 9.347976633567147076e+01 8.513774854809214787e+01 1.024298102009059193e+02
5.029534201482628930e+01 4.560328811014846906e+01 4.152784331764268444e+01 4.363254490972812505e+01 5.176614512685116409e+01 3.458478632786869156e+01 5.495445532138847966e+01 6.661327290162628856e+01 8.092779146300684090e+01 8.198917469355811249e+01 6.890941163339255127e+01 8.198917063096085656e+01 7.135462078762840576e+01 5.137285025544863970e+01 6.318859643200364218e+01 8.250961293785032069e+01 8.642920257513996773e+01 6.944413062105037682e+01 4.916715372991168920e+01 6.190303315796847272e+01 5.308773997764205888e+01 3.635052732298613876e+01 5.656728465466862588e+01 5.420229943657506055e+01 7.437194345920042338e+01 8.064040783015144598e+01 6.425814378467974564e+01 6.214337975247194379e+01 8.191148034541573963e+01 1.013098087201346118e+02 1.012857068309377127e+02 1.094208180470213989e+02 1.139528027478803125e+02 1.213080882239363660e+02 1.097649545305629601e+02 9.407232997750877246e+01 1.097649545305629601e+02
4.617677936306135678e+01 5.950992661984331278e+01 6.183706430591751513e+01 6.397847244151634527e+01 6.331735155221791445e+01 5.495445613713029331e+01 3.778208842190759498e+01 5.229766820523997950e+01 7.012798592915014240e+01 8.181837210257961601e+01 8.730686363025347418e+01 8.696613619252310912e+01 6.784601276572755069e+01 5.714473266914717442e+01 7.680831814998441587e+01 9.020707590940506293e+01 7.834910619156653411e+01 5.843697547791724389e+01 6.364903496779225378e+01 7.179344524461050980e+01 5.159927829155208201e+01 5.627660803803737366e+01 3.729183238413669699e+01 5.811255669353388242e+01 7.644575841313410081e+01 6.834402804815546517e+01 5.250712233757360536e+01 7.259270838271568493e+01 8.147468725433030556e+01 8.540485654816627914e+01 8.183571686306612492e+01 9.961042118403703682e+01 1.077364571850753947e+02 1.174930370072903116e+02 1.183475358873302667e+02 1.107872904243031087e+02 1.183475358873302667e+02
3.097375865285985341e+01 5.114181050940184292e+01 6.493147897227103726e+01 7.663517220801541896e+01 7.266478698506885792e+01 5.229766830185634063e+01 5.826305892729328662e+01 4.124667780094421943e+01 5.318382906837042157e+01 7.356222613838527025e+01 9.179794877152292543e+01 9.465510557912274692e+01 8.262595843231245851e+01 6.333102845057319286e+01 8.262595843231245851e+01 9.218193991803623533e+01 7.261935885601080543e+01 7.006800494871109208e+01 8.341088045892350067e+01 7.994657342103040776e+01 7.161794706416227996e+01 5.854959106093576082e+01 3.796084080178814446e+01 5.857865744019442644e+01 6.426379293925847946e+01 4.800593557208786422e+01 6.834402803965868145e+01 5.790444984171631404e+01 6.179319459048187468e+01 6.586131051013133231e+01 7.283277943132979715e+01 8.021794431397655956e+01 8.989726199338620916e+01 1.035839598675598978e+02 1.231802503995768205e+02 1.245495847477381233e+02 1.168274666567781850e+02
5.114181050940184292e+01 3.624253459060778937e+01 4.796672427310692655e+01 6.833697827556176208e+01 8.092918505526371575e+01 7.266478641956027218e+01 6.439573927278067345e+01 4.382589903312171487e+01 5.311922440202752682e+01 6.344216768216507063e+01 7.777161146359514987e+01 9.765425894441752064e+01 8.929898275273669128e+01 7.042481976075785610e+01 8.929898275273669128e+01 1.002390462942691443e+02 9.218193991803623533e+01 8.966130086061794202e+01 9.771675925354291792e+01 8.181715741870354464e+01 6.236568235884519851e+01 4.964221599323832379e+01 3.863399571215896344e+01 5.873325381447684634e+01 4.368298413196120578e+01 6.426379305977135914e+01 7.650632393853298652e+01 7.773698024947780993e+01 8.147468729090236650e+01 8.540485654816627914e+01 7.445753593020933181e+01 8.228041695163445013e+01 9.339549131120831760e+01 1.070995876948866368e+02 1.267416529732822426e+02 1.153590285158652335e+02 9.855476621000370585e+01
