LEM/sinusoidal_perturbations/elevation_000738.asc
nrows	100
cellsize	150.0
xllcorner	0
ncols	100
yllcorner	0
NODATA_value	-9999
[rows 68 to 84 of 100, columns 0 to 36 of 100]
5.009162696260268353e-03 2.000500916269590590e+01 3.558703529299634738e+01 2.984279095724642161e+01 1.788030796226015440e+01 9.944757576126816545e+00 1.737543257404372810e+01 4.684190317582989316e+00 4.997271989523814462e+00 5.309767673782709529e+00 6.682856955348825956e+00 1.633948804021224177e+01 3.041186774850219621e+01 4.607488217296511834e+01 3.831315352670365115e+01 2.874974017351123834e+01 8.222264989724719086e+00 1.132626547859030985e+01 1.984140550511015277e+01 2.879220345560090522e+01 3.569420464539908977e+01 4.667437602796422169e+01 4.526146996254372823e+01 4.739167621773362526e+01 6.179558098860864845e+01 5.459577139734886231e+01 6.830582402645670470e+01 8.837762945362534595e+01 9.213399036698210409e+01 7.818398064811135839e+01 6.996638382566034409e+01 5.930420840113678338e+01 4.054471310397273953e+01 3.149403273059988706e+01 4.635139951793888002e+01 4.233789161981011517e+01 2.301688763330086474e+01
4.695337527364121070e-03 1.994940671959746581e+01 2.983029153420785917e+01 6.726270786870849783e+00 3.616702194742102083e+00 3.928659865415254249e+00 4.241222773447194783e+00 7.026799504123410145e+00 1.022892916231344707e+01 2.453899853475292403e+01 3.276289543408500293e+01 2.733615625365107960e+01 4.418613232611177466e+01 5.768215915536378446e+01 4.226844873111756584e+01 2.340590848789286582e+01 8.553492593499184338e+00 2.776697822578452346e+01 1.547668744061167523e+01 1.837909481286805757e+01 2.166072052705228757e+01 2.561657716399862039e+01 3.021060605469576643e+01 3.593530797530415555e+01 4.194995993350398322e+01 5.203938138886359610e+01 6.570920547116581645e+01 8.565700467545224228e+01 8.711512737146237839e+01 7.831253284208135312e+01 7.872068788438878073e+01 5.930420839812997968e+01 4.991118252653616594e+01 4.638021309679215420e+01 2.781558203284048147e+01 4.089904587848349138e+01 2.263708766956004581e+01
7.614146464036155443e-03 2.000760887948723266e+01 3.258605716457502854e+00 3.175947868757598158e+00 1.937600221246116661e+01 2.374058467324505628e+01 2.244588973810329335e+01 7.401415375780869610e+00 9.756523044524760380e+00 2.653067537687918787e+01 4.482266881216152399e+01 4.721283685373794725e+01 5.519640764786411324e+01 5.378419294238502602e+01 4.330971759545903410e+01 9.015072566198087500e+00 1.094638139968133039e+01 2.879755679872479135e+01 3.436869184156315526e+01 3.904667057359952764e+01 4.246281625517107727e+01 4.667437602796422169e+01 5.113559965282112074e+01 5.629139604186958934e+01 6.179558098860864845e+01 7.009847498588406722e+01 7.997532123947878802e+01 8.437177166790483795e+01 7.507051166265688380e+01 5.761196439712195883e+01 7.507051166340951909e+01 7.700284560392539390e+01 6.218486210977521012e+01 4.010578583853441614e+01 2.523405637574491323e+01 3.524987182813283937e+01 2.225621446472294096e+01
2.352828262072654761e-03 2.000235282826171712e+01 2.479955807149880087e+01 2.864829828360517805e+00 1.703763975769603434e+01 2.180418512803518993e+01 3.304118040938470813e+01 3.275895418804535097e+01 1.844148608511681076e+01 1.764672413313516586e+01 2.842596627795422748e+01 4.836249175963902758e+01 6.096101850828651436e+01 4.540517617578220921e+01 2.529660954097876058e+01 2.480505462259976923e+01 9.465005357345130932e+00 2.920251591288316462e+01 3.508227908967052855e+01 3.899077833319459785e+01 4.322208749319891297e+01 4.767912107465463123e+01 5.252799196688682315e+01 6.104768985083304500e+01 7.373521695893862216e+01 8.239451469238869663e+01 9.044936232628194261e+01 6.942915221204397369e+01 5.495860493495015930e+01 4.601051111506072999e+01 5.805297970350827796e+01 6.668161208281942720e+01 6.562707499426491609e+01 4.347596175328045121e+01 2.452102370872538373e+01 2.171540745140672257e+01 3.983914722630323269e+01
6.786455232800275850e-03 2.000678632364050102e+01 2.843661939214274170e+01 2.554165057409953477e+00 1.009653323933070013e+01 1.058107051412247124e+01 3.408293744211911047e+01 4.579292285915536809e+01 3.759415981234468518e+01 3.684179913939046003e+01 4.519365459666600771e+01 5.693006376141035929e+01 5.272075188796678447e+01 3.251916024949325390e+01 2.102188869507207869e+01 9.975880843785475349e+00 9.774452821277261449e+00 1.121660238387495312e+01 1.496287034889926204e+01 1.907670341882203502e+01 2.328927488063832740e+01 2.774349746011051465e+01 3.253558493786509587e+01 5.252799196688682315e+01 5.322678364870614587e+01 6.762979891715816905e+01 8.847499999936242432e+01 8.437177166790483795e+01 7.507051166265688380e+01 5.805297970350827796e+01 3.804236993413441326e+01 5.097816077172717542e+01 5.952179571286041693e+01 5.913037687993980285e+01 4.298159001347266894e+01 2.133446177048245573e+01 2.567368235404147825e+01
3.257643153035955173e-03 2.000325535273352884e+01 3.214465997472780856e+01 1.795608369100306234e+01 2.115122018997308118e+00 2.704582913096169161e+00 3.531259487726101298e+01 5.238735419375480262e+01 4.418634918595949301e+01 5.009347546758205283e+01 5.689481722519489182e+01 6.522401010290700185e+01 5.391982028316011366e+01 3.403340688429973682e+01 2.255848398315302816e+01 3.096060550363131014e+01 2.955898630545855355e+01 1.018905911619073024e+01 3.001697911888176762e+01 3.898688714824115209e+01 4.273762171854089331e+01 4.752885203225336852e+01 5.252799191902914089e+01 4.058919303454549521e+01 5.054496750085473167e+01 6.489280028727904437e+01 8.568987422995935788e+01 8.508818534913474707e+01 7.557916710830373574e+01 5.500274958761175270e+01 4.091483624591844404e+01 3.126279964076690376e+01 4.528704443740386409e+01 3.955795218652296086e+01 3.995954096011009682e+01 2.095262635387493333e+01 3.417440042454001059e+01
1.880098487986705483e-03 1.998722620963991048e+01 3.319520151179044376e+01 2.051369591086183064e+01 1.804583275114011620e+00 1.883322959195822577e+01 4.192543359034670658e+01 3.671167856041225974e+01 2.372057907406618327e+01 2.962987422499476864e+01 3.649170223325825191e+01 5.689467935425787459e+01 6.220671555463430735e+01 5.070521038162456762e+01 4.243825075947331982e+01 3.848474010338660634e+01 2.210480159996098593e+01 1.047107619952509161e+01 2.385894791055707387e+01 3.964668219694802076e+01 3.402541545167021297e+01 4.225658394760768743e+01 5.383270601964364488e+01 6.076454485853842868e+01 6.935030867330448245e+01 7.963529151889932223e+01 7.912391357522947999e+01 6.486406545641479227e+01 7.912385405743106048e+01 6.967895219117340844e+01 5.952177985756183176e+01 4.528704444119401984e+01 2.552065728863452421e+01 2.201743852238651300e+01 2.041298812887932002e+01 2.471860734810486449e+01 2.544838829909200584e+01
2.900726248362994839e-03 1.998853131698192342e+01 1.832301167757602656e+01 1.795498292544654362e+01 1.494072817786063156e+00 2.213859040831988167e+01 3.314145479413545559e+01 1.631081209335345505e+01 3.671205320572310882e+01 5.009379495448133213e+01 5.689483283647482637e+01 5.096816503877861493e+01 7.120301600903545136e+01 5.285729880587184226e+01 3.352695133223959800e+01 2.182889688891221169e+01 1.315999734853934910e+01 1.074784206447949941e+01 3.066425644598205835e+01 3.145108012286676313e+01 1.242715430983409419e+01 2.564319086418558769e+01 4.556947733333696959e+01 4.977499352043551539e+01 5.804115731330801253e+01 6.949696439261572323e+01 7.006502131633136798e+01 5.051740702114994974e+01 6.327726012258149524e+01 7.161418943396971315e+01 6.100389992117710136e+01 5.269093836367243000e+01 4.516258113218303549e+01 3.891149249619060413e+01 2.003057859819232789e+01 3.958643681488024413e+01 4.477731503120199363e+01
5.081304048347549951e-03 1.950288239069487162e+01 2.016183181283432546e+01 1.054766943810296453e+00 2.301318158408575787e+00 4.468934710475808814e+00 2.474396182093635232e+01 1.157600984509114816e+01 3.191904954128353467e+01 3.660369002244471659e+01 5.699765700915161659e+01 7.120304040563881642e+01 7.947900120860371942e+01 6.101033838576866941e+01 4.978952572467030535e+01 4.082864868087850141e+01 3.246228271738972637e+01 1.209421716820494197e+01 1.115285555207328727e+01 1.145113599911745261e+01 1.176307635421476405e+01 2.992851954311962714e+01 3.855718007496278688e+01 3.047624348968397356e+01 4.143605514108728016e+01 6.116619497427926433e+01 6.171437679471935667e+01 4.182116654338781103e+01 4.333996702966915393e+01 6.007128646465249489e+01 5.264349294839435345e+01 3.294421840964844250e+01 3.862284204034189372e+01 1.948753238739038096e+01 2.807069444799074986e+01 4.035729487578829833e+01 5.606750821200198232e+01
4.469920835086939326e-03 3.119076517857598541e-01 6.195178801205224461e-01 1.184091687900046352e+01 2.323304747393222769e+01 2.473690453803132172e+01 7.861851702058643809e+00 2.814537159009705647e+01 1.618381620351425809e+01 3.660369010185208793e+01 4.783281665618624601e+01 5.465670043465712524e+01 6.299317901737728675e+01 7.311511003869351555e+01 6.429246176315362504e+01 4.433477013699459235e+01 3.709191267249918411e+01 1.704034616099478683e+01 3.113484748448403749e+01 2.562865076357692828e+01 3.170847470569704640e+01 1.222259684273378078e+01 1.934838620765131978e+01 3.541066599776217316e+01 4.312123346975491955e+01 5.186140769241423953e+01 6.348762587060043927e+01 5.176645858847209070e+01 3.292933607777116123e+01 4.488640183728059441e+01 4.091468519305052354e+01 3.723515728699738503e+01 1.894787948537627642e+01 3.868111116566394969e+01 2.310679817067199338e+01 3.746808835137674976e+01 5.885442330496893248e+01
2.324776005098761877e-03 1.999680626962520691e+01 1.056310278882206521e+00 2.285446876262702176e+01 2.982161880050703573e+01 3.429162336074496409e+01 1.390681177722339257e+01 3.429162607627156234e+01 3.660369007545429554e+01 2.115971467440631315e+01 2.731815245666419045e+01 3.418504910424051957e+01 4.448597002523118960e+01 6.482743085214556800e+01 6.202108522779444399e+01 4.433477013787135235e+01 2.450220776628857067e+01 3.709191267249918411e+01 3.708652981574868335e+01 4.538860093556437647e+01 2.862454416160970894e+01 3.213331577705550046e+01 1.269162133583445495e+01 1.425152578094200706e+01 2.312177942511187112e+01 3.501314311255672607e+01 5.517386860183546560e+01 6.007128646474404832e+01 4.488762950192501222e+01 2.721400868644284898e+01 2.359690756390986266e+01 2.794218250270136750e+01 1.856650761908622371e+01 4.186601514443014338e+01 2.566974407890463539e+01 4.511311746241248954e+01 5.152549678284590584e+01
8.699724428260374037e-03 1.925784037544561400e+01 2.286814450610623695e+01 3.355758847304869619e+01 4.813577251593155637e+01 4.152984594995300682e+01 2.105707318348875035e+01 4.152984598912220804e+01 4.612539608426933313e+01 2.560469775437153217e+01 4.612539608426933313e+01 5.465670043465712524e+01 6.299317901737728675e+01 7.311510815915411854e+01 5.371916083811224496e+01 3.381659154952329516e+01 4.433477013787135235e+01 5.261261958040858389e+01 5.697115929971257486e+01 5.696226547792797135e+01 4.860082827354431600e+01 4.092456928545922068e+01 3.272973517165923596e+01 1.316382477206459534e+01 3.319675648921994338e+01 4.995276328032645807e+01 5.922777083747796212e+01 6.957067061305832567e+01 5.303529346191986349e+01 4.467246566502586091e+01 3.575288244845607721e+01 1.802864321523594171e+01 3.474936045500696480e+01 4.934092924579202588e+01 4.511309764777649178e+01 2.928736140589164449e+01 3.197456164567870474e+01
2.249585233037712084e-03 2.000224958523268270e+01 3.235512782151867128e+01 3.942642655070456215e+01 4.771576104061606571e+01 4.992773413497032209e+01 3.288274185216992151e+01 4.992765481265254834e+01 5.230602900819383905e+01 3.180717831234575144e+01 3.661098483603678488e+01 5.111894783192210667e+01 7.137254001505333179e+01 6.786504679962204989e+01 4.785974303744374936e+01 5.371916084968898986e+01 6.198916984147874842e+01 6.162105770007118366e+01 5.901941941269534198e+01 5.684680685199688810e+01 3.696607272749739082e+01 3.418097906141948528e+01 1.474434816083812549e+01 1.349779912853593444e+01 2.888864284904137136e+01 3.307317608770429729e+01 4.410605454794432490e+01 5.312594296712121178e+01 4.888616988969774724e+01 4.612706220793899092e+01 3.741438918273668435e+01 1.765192016103776496e+01 3.160152671267086077e+01 5.066426159564719001e+01 5.696905301331780436e+01 3.783739452397891512e+01 3.978265706139842450e+01
2.739267172789772273e-04 6.030500818272577668e+00 1.235505613860942553e+01 1.942612395049031093e+01 3.097313001453347070e+01 5.097428624428151522e+01 5.334202067230804545e+01 6.168703572547181579e+01 5.911272802052472031e+01 3.869264542233227644e+01 5.705109400911324968e+01 5.333970190570429537e+01 7.356494520537404469e+01 7.618242741840556675e+01 6.786504679962203568e+01 6.759078218873276001e+01 4.768801756878549725e+01 4.185521109632610859e+01 3.915965422501388105e+01 4.236786846762581149e+01 3.696607274329393533e+01 1.707613713756696328e+01 3.418097545746137200e+01 3.351628817862906118e+01 1.397698603558607289e+01 2.552492679159006173e+01 3.729782269048989463e+01 3.211499940198767433e+01 2.191478689056147289e+01 2.758735022615964638e+01 3.650860303757218617e+01 1.727740228540018563e+01 3.698231543025366364e+01 5.450670300221260334e+01 6.579634950578433461e+01 4.916607057430349670e+01 5.962685904012138138e+01
8.327778614586212741e-03 2.000832777861423040e+01 3.130582313087399626e+01 3.942640991784374194e+01 4.771503202791850384e+01 5.926665096926258514e+01 5.892236470715525343e+01 6.720539563595244203e+01 6.742699554136535767e+01 5.318889525566341803e+01 5.318889525566341803e+01 7.341412542268309949e+01 8.181948567769123315e+01 8.059939245674897279e+01 6.904176757697207734e+01 6.011181917699342137e+01 4.769799623198098004e+01 2.794628481091405092e+01 2.522954672745943938e+01 2.257404364728794732e+01 1.996626642486682002e+01 3.696607275709255447e+01 4.521283686532343182e+01 4.011527595526391821e+01 1.803158064631741908e+01 1.445760026482345495e+01 1.528639779113402852e+01 1.515449187562273181e+01 1.548270425724541965e+01 2.291379237445072192e+01 2.707324120163896808e+01 1.690506266243759015e+01 2.556996207377616415e+01 3.792013322494958771e+01 5.876420180905619617e+01 6.908866221230893245e+01 7.723604034526589146e+01
6.510866554257996840e-03 3.021624312331888440e+00 2.302161848006609191e+01 3.572005647240701620e+01 4.985150011504032364e+01 4.627331628152311538e+01 3.892246228307432432e+01 5.306459146595556575e+01 7.306428340212113426e+01 7.341412542268309949e+01 7.341412542268309949e+01 8.166509582706730441e+01 8.637632625337880654e+01 7.229752017178043388e+01 5.228910886279993520e+01 4.080279119835609691e+01 3.202523225225633752e+01 4.769799623198098004e+01 4.498436279942950478e+01 3.655084345831826909e+01 2.344232066704660866e+01 3.740700107128424889e+01 5.727803134839786026e+01 5.091202012209526373e+01 3.631671862132741779e+01 2.196073473435241397e+01 1.479054374408423911e+01 3.419664397679214574e+01 3.476782238375602674e+01 1.600486151412679448e+01 1.638011878440433122e+01 2.031256547865143247e+01 4.497896877824925355e+01 5.528219672940051765e+01 6.738883446103776009e+01 7.672346424515180274e+01 7.106092566324960558e+01
8.953482861371391335e-03 2.000895348286101694e+01 7.438885355325732363e+00 2.158101882493945922e+01 3.558278939202913449e+01 2.627335193913566513e+01 4.422531567968221822e+01 4.922531604687064544e+01 5.499881449569689096e+01 6.166547381317266030e+01 6.994976083197923344e+01 7.994975742415938669e+01 7.807119645368420890e+01 5.805710629960305624e+01 4.651520067599567199e+01 3.662319601771056199e+01 5.182693711966116012e+01 5.182693711966116012e+01 6.469531438185998695e+01 4.677559005444675222e+01 2.701563746562763768e+01 4.677559005622460830e+01 6.090466720874643158e+01 5.751914499709845074e+01 3.840163297813285936e+01 3.635890482509086041e+01 1.682784022465166274e+01 3.648254592396946094e+01 3.861214586662045889e+01 1.778354423295925102e+01 3.675712987683619559e+01 4.401575281095277603e+01 5.596801311028615800e+01 6.566473993095466710e+01 6.496853859326495240e+01 5.725373973997398025e+01 5.153461618544759659e+01
