LEM/sinusoidal_perturbations/elevation_000169.asc
nrows	100
cellsize	150.0
xllcorner	0
ncols	100
yllcorner	0
NODATA_value	-9999
[rows 17 to 33 of 100, columns 0 to 36 of 100]
5.222468517465790779e-03 2.000522246851711117e+01 2.629294228534727296e+01 2.112806634150301122e+01 3.323238500798009909e+01 3.740263073981731878e+01 2.524748002947636039e+01 3.231852515461806519e+01 4.048324539686824863e+01 6.044554860128667428e+01 5.574312368708581289e+01 3.607942610182733745e+01 2.609246400943377253e+01 3.788593088934317876e+01 2.276155435749394229e+01 4.281565823660761083e+01 5.132054392978138679e+01 3.092935602808098494e+01 3.341159260153933985e+01 5.184271558718562289e+01 5.196922788544554095e+01 3.240964173992666986e+01 3.812682769812395378e+01 2.099040135378453087e+01 3.494570251964998420e+01 5.444227262582087690e+01 7.113324730574346688e+01 8.580883740476062371e+01 7.725196262164010363e+01 5.722195471591862770e+01 4.301759441120134397e+01 3.539105828593014991e+01 4.897746856912278446e+01 5.728426238069926058e+01 5.316107074986728520e+01 3.301425298322175195e+01 4.238653787280238561e+01
7.333276091007126865e-03 3.130808513863121867e+00 6.293086174031487623e+00 9.581065920138605918e+00 1.323254963683951679e+01 1.740283791796457891e+01 2.447390703754214414e+01 4.448246429953417902e+01 6.044554860128667428e+01 6.831968789552473709e+01 6.369959524866317224e+01 4.591127489445654675e+01 3.502642348349581880e+01 4.948296953220728511e+01 2.941032406900734486e+01 4.954632082436690865e+01 5.719194504789393108e+01 3.678839320772756594e+01 5.362406542496238870e+01 5.336498943084668412e+01 5.999163265763430530e+01 5.197871094691374338e+01 4.251784627522240356e+01 2.282263035929955208e+01 4.251784627538221883e+01 5.380958636503677184e+01 6.752535441702535479e+01 7.640423558805683513e+01 7.944187220685340378e+01 5.941329599173509024e+01 6.219413045390717087e+01 4.211917233485120704e+01 6.219412947920172030e+01 6.734690290521446343e+01 4.728510756896637446e+01 5.316107120108984674e+01 5.945466816092113760e+01
6.343274376862209282e-03 1.999510612039550495e+01 2.627045159861541634e+01 2.112808321202468775e+01 3.323236362091513030e+01 2.737465500583987676e+01 4.448235347168306930e+01 3.712511408994934925e+01 5.129794903874925893e+01 7.163549976281156262e+01 7.330390602496160568e+01 6.267885857055615872e+01 4.652283282960802069e+01 5.791678998046013760e+01 3.944970747152346746e+01 5.791679175806044100e+01 6.363403087740440611e+01 4.326236677385625740e+01 6.363403087740440611e+01 7.234732171816202140e+01 7.347795781404535376e+01 5.866942915665445213e+01 4.580354621330077691e+01 2.611314522051248588e+01 2.609030352051849988e+01 4.009381831304821731e+01 4.901248171440581558e+01 6.443341391111135863e+01 7.285822785801937584e+01 7.944187220685340378e+01 7.048919123295125644e+01 5.217589553876752007e+01 7.048919123295125644e+01 7.560871756846022151e+01 6.734690312863777706e+01 6.112162088058940412e+01 4.952224580352967109e+01
3.497053469895897767e-03 1.414688944315301278e+01 3.418167221460392824e+01 4.113091414515072586e+01 4.942648890307953025e+01 4.151660097206725197e+01 5.565589250323463943e+01 5.718866883560860970e+01 6.557367110529010290e+01 7.666693901467340311e+01 6.835853780186499762e+01 7.382486758609718436e+01 6.591116136787560720e+01 6.801677552913919556e+01 5.964293417721026458e+01 6.801677552913919556e+01 7.129032531292348551e+01 5.104038744173263353e+01 7.129032531292348551e+01 7.530397777505640988e+01 6.417130079151938560e+01 4.511757311258515557e+01 3.102985051996615340e+01 4.580354621330494069e+01 4.577629472397282484e+01 2.951057052246833123e+01 4.067044573522125717e+01 4.592662959603038786e+01 5.925504030554949964e+01 7.834172177962759065e+01 8.050506522996838044e+01 7.221236536904764591e+01 8.050506522996742831e+01 7.497086596288160365e+01 6.666178202328329405e+01 5.283721517789071243e+01 3.271012615418008096e+01
9.635555453094322986e-03 2.000963555545273920e+01 3.374657952610346001e+01 4.203085077356566046e+01 5.357785615735837581e+01 6.151528784730707144e+01 6.403757873435313286e+01 7.236003267538119132e+01 6.626364293535418426e+01 5.805413035366490249e+01 4.808722436191035854e+01 5.665488953047990606e+01 7.684458672182148575e+01 7.281292102738055405e+01 7.866825727656996037e+01 8.315843185900938295e+01 7.938066338054993309e+01 6.547084956009459233e+01 7.938066338054872517e+01 6.732101957798893466e+01 4.800819639458645582e+01 3.668668555827029110e+01 4.246118251544577049e+01 5.866942926021720695e+01 5.716284664352431832e+01 4.914327592261822275e+01 3.313093795595473523e+01 4.708996787146568863e+01 6.631276877628842215e+01 8.362712100760185763e+01 9.110828606644628280e+01 7.967809997053973348e+01 7.150104330008107922e+01 6.666178202328329405e+01 4.659411432076793602e+01 5.246825390457038196e+01 4.269875519700714506e+01
8.845047570523793118e-03 6.675511714237218897e+00 1.374657952610275657e+01 2.529358490989547548e+01 4.529358490989618247e+01 6.073987026782980081e+01 4.389607076847985212e+01 6.073987026782980081e+01 5.515588904231569956e+01 3.905531370899652188e+01 3.647609995566956087e+01 5.656921353466435676e+01 6.430043615477333674e+01 5.284997030871006984e+01 5.869698423617871441e+01 6.317346867148699374e+01 8.315843185900938295e+01 8.534253639084302279e+01 7.635314555077822263e+01 5.711739652878023321e+01 4.347782235837982512e+01 4.800706123192863828e+01 6.180511708716629471e+01 6.985146543913158723e+01 6.892026232740674629e+01 4.975915465952903816e+01 3.588965325753405722e+01 5.537131417511616149e+01 5.640388852949147491e+01 7.554154649305003488e+01 8.296319967899007963e+01 6.311016246642007843e+01 5.164211695980380057e+01 6.003548683170506450e+01 5.246881767303068500e+01 3.230457114766510784e+01 2.464732990696785464e+01
8.023991185656003874e-03 2.000802399118530062e+01 3.374657952610346001e+01 4.203085077356364962e+01 4.917988084232990786e+01 4.087033006047745687e+01 3.242352158571146958e+01 4.644576540646380636e+01 3.818638958037648479e+01 2.892992203343673907e+01 2.954811648619245545e+01 4.694935988876027722e+01 4.436244435303292022e+01 3.877500210287374927e+01 4.689263907572397017e+01 6.098783613556545902e+01 8.097102876315996411e+01 8.393066240750700047e+01 6.461170924898783596e+01 5.110114485545260976e+01 6.275141697612096436e+01 6.725128815593865284e+01 7.532297650365914876e+01 7.639938876880459873e+01 5.729462149903810797e+01 4.370825663342028378e+01 5.537131417511616149e+01 4.064025846955804155e+01 5.185152327418436613e+01 7.093160386288796815e+01 8.142815992082658738e+01 6.157392667922388085e+01 5.010566064912917739e+01 4.009226967609423298e+01 3.530432705268253102e+01 3.074943159120405411e+01 4.162388628553627257e+01
4.598823041778624977e-03 1.414673444677285374e+01 3.414673444696635585e+01 3.897559485331503737e+01 4.086758249617842154e+01 2.108124133553302215e+01 3.229937104161220418e+01 3.466852812558730790e+01 1.813149368210800816e+01 2.072873924294880510e+01 2.372682134533145515e+01 2.693647386998280879e+01 3.024639551613140753e+01 5.020222642764903753e+01 6.090261898449653444e+01 6.623446249138685005e+01 7.451561362913187736e+01 8.345339150569456876e+01 7.835650823476302662e+01 7.027009962369280061e+01 6.065031090221735610e+01 7.988988834516831616e+01 8.541506332608150842e+01 6.623769871625363237e+01 5.282078849336818394e+01 6.289027828361626149e+01 6.346938999837984596e+01 4.433827223528685835e+01 6.346938999837984596e+01 7.898833906228472301e+01 8.957960104497998088e+01 7.407619988051857263e+01 5.421963306215776868e+01 5.421984771925020397e+01 5.533474350475057690e+01 5.084466221162944777e+01 4.831367653146191543e+01
7.340434288523949372e-03 2.000734043428018438e+01 2.321123779323600900e+01 1.897558602361947777e+01 2.695172871389790714e+01 2.125389193704017643e+01 1.218030192156867031e+01 1.456556580826523728e+01 3.466852812558730079e+01 4.091682127663199253e+01 3.279703733629224871e+01 4.696496075593110220e+01 5.020222642764903753e+01 3.629219140260074283e+01 4.097938046067425688e+01 4.628453084870815104e+01 5.518965619509316411e+01 6.671912168165282253e+01 8.671387427929839475e+01 8.804034911248125184e+01 7.017337071954625571e+01 8.804034911248125184e+01 8.396820379523532552e+01 6.481494413269672350e+01 7.185461876518533586e+01 6.986899691250323485e+01 5.063786377430682251e+01 6.075267094107654486e+01 5.554243846130682272e+01 6.931183999995992906e+01 8.916506379830103413e+01 8.224528328934353283e+01 7.407619988010365830e+01 7.408498587843376981e+01 6.537655164811246777e+01 4.539329346474976035e+01 3.110422647389071926e+01
3.515918393995972821e-03 1.604797456444868820e+00 3.211236114249869988e+00 4.833450325557501870e+00 6.824035119607011701e+00 8.946906146391139458e+00 2.913549391479591222e+01 3.466821245857000378e+01 3.100699946991040790e+01 5.096090665003653442e+01 5.276511672435663769e+01 4.910320849682272382e+01 6.448026379872949576e+01 5.036170660875957594e+01 5.505286968280216797e+01 6.038073348284503084e+01 6.038073348284503084e+01 8.036661445426514661e+01 9.499832992789417574e+01 9.781212407201924464e+01 8.960640597079036240e+01 9.781212407201924464e+01 9.205157014094511680e+01 7.829146897874655053e+01 8.542003127362983150e+01 6.616879604369056267e+01 5.574152389384021689e+01 7.288031441449017223e+01 7.032435747750584198e+01 8.341490286828359046e+01 9.254564257440588904e+01 8.432220909538982312e+01 8.188756620404573994e+01 6.781424727452719026e+01 5.958405180195774875e+01 5.361845032830835578e+01 3.353694025379898136e+01
4.608085242692564441e-03 2.000460808524233869e+01 2.321123779323706060e+01 2.483345298613694396e+01 8.871848769781559341e+00 2.852023471026971535e+01 1.242867299752068888e+01 4.311360935577936715e+01 5.096086197000800411e+01 5.733295011654648476e+01 6.561777280849460681e+01 6.905873982178238180e+01 7.733815469836798684e+01 7.031764838491847058e+01 7.502516308512957721e+01 8.036661445426514661e+01 8.036661445426514661e+01 8.865049377541875231e+01 9.757501352069623124e+01 9.380255869168593108e+01 8.553378833576796580e+01 8.812126001409549758e+01 9.639167218493993516e+01 9.767305397919794530e+01 9.356307633609998220e+01 8.041569917566476988e+01 6.120745558523972818e+01 8.041569917566476988e+01 9.193333943949257048e+01 9.348975932347703122e+01 7.358524550273332920e+01 6.442352768215216940e+01 6.807495383221909435e+01 5.377879674247307662e+01 3.965470361195918514e+01 3.704586455010928603e+01 5.361845032857777227e+01
1.610643649003322799e-03 2.000161064364864671e+01 3.645125933517707040e+01 3.680330797305036583e+01 2.852023471027061419e+01 1.274754655257167890e+01 1.517793803452246237e+01 3.515825374951933924e+01 4.249790486438749326e+01 3.733285701525606015e+01 5.403709885448095207e+01 5.760930527345867347e+01 6.315354753992026815e+01 6.917947968017728044e+01 7.624276380253361651e+01 8.446576032477463514e+01 9.595611031523603174e+01 9.741317379333391102e+01 7.760372656404605607e+01 7.760372656404605607e+01 6.552519174057856333e+01 6.812507176521407359e+01 8.812126001409549758e+01 1.010075959227071820e+02 9.990285220036027169e+01 8.041569917566476988e+01 6.837994540818860401e+01 8.772892668856924558e+01 1.024079300101374344e+02 8.767059223381183131e+01 6.775090385599310139e+01 5.371778634652712014e+01 4.822095979570968893e+01 4.350798261186351112e+01 5.960298380017390230e+01 4.604967743811812397e+01 6.528479295080366285e+01
2.022278438842990342e-03 8.166988087716175571e+00 1.971399347150889625e+01 3.971399347150960324e+01 4.061777527066871585e+01 2.388556198773798656e+01 3.515825374951624838e+01 1.937534989438508504e+01 2.249790751739194405e+01 2.578585223225546841e+01 4.576818671961572704e+01 3.761649591427067207e+01 4.316349776459826160e+01 4.919372375880134030e+01 5.626477940107206877e+01 6.781061587261218904e+01 8.776129208327458286e+01 8.914262863664450265e+01 6.915666398334211351e+01 5.749867661232148208e+01 5.383014086833523493e+01 7.272753570761783237e+01 7.272753570761783237e+01 9.256722233983607850e+01 1.001208167795235653e+02 9.585724159182021253e+01 7.948141978307197064e+01 9.585724159182021253e+01 9.419860833377218512e+01 7.427056139633424436e+01 6.431149522040998079e+01 7.358524550273332920e+01 6.670446889299431348e+01 4.684981180111320498e+01 6.670446889336358254e+01 5.753985797347020537e+01 7.418057085846687926e+01
6.642187732006160465e-03 2.000664218773165004e+01 3.645125933517908123e+01 4.799826471897179658e+01 5.216878758538058491e+01 4.387760399691079982e+01 4.765897174294713068e+01 3.351654115163488967e+01 3.664000880606032950e+01 4.577949731165078617e+01 3.094982927683793861e+01 5.095159480055094292e+01 5.394445133183660346e+01 6.917947968017728044e+01 7.624276380253361651e+01 8.446576032477463514e+01 8.969432559815209061e+01 8.857444584627710071e+01 8.029458884413931230e+01 6.685712532642762085e+01 4.658183087125720334e+01 5.254523857115977137e+01 6.425932972269511367e+01 8.429532020750176002e+01 8.018443970600689852e+01 9.429164288058061061e+01 9.899523063936624112e+01 1.071548874636046804e+02 1.024079300101374344e+02 9.245986793435454842e+01 8.423458486505319343e+01 7.174763713540538390e+01 5.189266391443441506e+01 6.670446889228503551e+01 7.493816038012657543e+01 7.743236549586831075e+01 8.566098631590332957e+01
1.591255364720534126e-03 1.414372687909579618e+01 3.414372687909649784e+01 3.581396439165619228e+01 4.158598860915441264e+01 4.825311332378199580e+01 5.653328707965446398e+01 5.351662484439206935e+01 5.664011697537264212e+01 5.727626326258710066e+01 3.727438458490041029e+01 5.727749779871525249e+01 7.391603529550467044e+01 8.213989517133731511e+01 8.492844165084760277e+01 7.664630412251982250e+01 6.968155377286612406e+01 8.029458884413931230e+01 6.019295952523819437e+01 6.193964411294711425e+01 4.159732252089781213e+01 5.603989607490366609e+01 7.618289584097588829e+01 8.329936621086444859e+01 6.602486389642443498e+01 8.429782733547307316e+01 9.323865576452739390e+01 1.047556490596080607e+02 1.010004654264841406e+02 8.109598186740038273e+01 6.698343391120228318e+01 5.996688457605280576e+01 6.074106181277123540e+01 5.996688457605280576e+01 7.145031645648970198e+01 9.138369647215517944e+01 9.394678941669461381e+01
6.189296070378335485e-03 2.000618929607002272e+01 2.825447797615635892e+01 1.581430848981454673e+01 2.158781105293995140e+01 2.825447675981675744e+01 3.825443901227024668e+01 5.239579481854144660e+01 7.238940491465635318e+01 6.558815786148144866e+01 5.141666716873685061e+01 5.141666716873685061e+01 7.142863481103266565e+01 9.079428682014464869e+01 7.078601780894382500e+01 5.651191130433472409e+01 5.539774019507752456e+01 7.222018294294990426e+01 6.608059025731897407e+01 4.581068789642073824e+01 3.773344913717050986e+01 5.809530668278559773e+01 7.741159801087553660e+01 6.325162976021588435e+01 5.590517700909609289e+01 6.496527375993058229e+01 7.654489211560550643e+01 9.648170283180340334e+01 1.010004653005631070e+02 8.109598186738793402e+01 8.692587008496944634e+01 7.145031645648970198e+01 7.068396860603917276e+01 6.698343391120228318e+01 8.692587007755605555e+01 9.959783642334615195e+01 9.974644331340428494e+01
2.247884206357958405e-03 4.084730788844970206e+00 8.255019069986300195e+00 2.825163289788682519e+01 4.158586831135088602e+01 4.825306310407820121e+01 5.653328707965446398e+01 6.653032104398120339e+01 6.453799871346475925e+01 7.272010852800413261e+01 7.142863481103266565e+01 7.142863481103266565e+01 7.975964855422593303e+01 8.207584336096444133e+01 7.621284790822512889e+01 6.391219600051952909e+01 4.362301687907672232e+01 5.526086095460177461e+01 5.940572364180851395e+01 5.105451660555277016e+01 3.402723827528383538e+01 5.437775711930554223e+01 6.302230087595506092e+01 4.888816775104802304e+01 6.912347581967082988e+01 6.757535830621215212e+01 7.914015088004300935e+01 9.907519054613381115e+01 1.091994959785089350e+02 1.010004653000905250e+02 9.959783893280022937e+01 9.138369648439763182e+01 8.221036406650118522e+01 8.109598186738473657e+01 8.109598186738473657e+01 1.010004652616710530e+02 9.770534830015206751e+01
