LEM/sinusoidal_perturbations/elevation_000433.asc
nrows	100
cellsize	150.0
xllcorner	0
ncols	100
yllcorner	0
NODATA_value	-9999
[rows 17 to 33 of 100, columns 0 to 36 of 100]
5.222468517465790779e-03 2.000522246851711117e+01 3.535073059352873770e+01 2.090234265880849307e+01 2.257217287887645085e+01 2.459276012342912665e+01 2.071647922871146719e+01 3.473602377392209917e+01 2.332222237658981001e+01 3.978302023958711686e+01 4.263745070850126240e+01 4.558295383516619381e+01 3.290030788775200676e+01 4.182575076657055035e+01 5.336082537989639007e+01 7.336619912314318981e+01 8.331093010178112479e+01 7.505750056800793857e+01 6.493763884358364180e+01 4.563344890063252279e+01 3.483045860476308064e+01 5.379235963507188956e+01 6.629388576817528644e+01 7.506449831594296995e+01 8.662519699573407195e+01 9.036679664825931013e+01 7.611185553285314143e+01 8.407175000491746175e+01 7.373214008513541273e+01 6.084624025895566746e+01 4.057219782984235934e+01 2.893887205623180847e+01 4.207784451637549950e+01 2.394171804238902013e+01 4.334521583017297530e+01 3.953650954511874716e+01 5.950711636775121605e+01
7.333276091007126865e-03 1.414946889982208234e+01 3.414946889982278577e+01 4.256038622659988846e+01 4.255553391941327845e+01 4.457894151337509925e+01 3.070852381576277779e+01 4.898316973389795237e+01 3.147968521451997148e+01 3.963496387541405142e+01 5.962518794784551091e+01 6.043258847969826775e+01 4.044302469259292820e+01 5.287686635867121510e+01 7.008893496188036920e+01 8.162962344572179063e+01 7.505750056800793857e+01 5.544562966435078977e+01 6.118981366027686875e+01 5.084502118876788046e+01 3.184145794513903738e+01 3.900120990208911564e+01 4.732938623452793792e+01 5.830738416866530116e+01 7.818334097724007847e+01 8.228805209765764062e+01 6.414281325466814110e+01 7.153777951535342083e+01 6.542034709794076264e+01 6.940260935680382204e+01 5.515456487796186025e+01 3.611782323468697342e+01 2.241028468724505984e+01 4.207766311846075524e+01 5.187922781100613889e+01 5.948107248186283869e+01 6.784794361553872477e+01
6.343274376862209282e-03 1.414847889810793724e+01 3.414847889810864245e+01 4.305019241712713551e+01 5.133446209003927407e+01 5.897790551976155626e+01 5.069242160447723933e+01 5.897790551976155626e+01 4.300922938689170394e+01 5.146028338710029004e+01 6.791230760938877609e+01 6.872411123462754290e+01 5.197571766091068923e+01 6.872411123462754290e+01 8.115646647059229224e+01 7.743765485065536325e+01 7.505750056800793857e+01 5.544562966435078977e+01 4.205102448818622918e+01 4.816725181019337043e+01 2.906638934685075526e+01 3.862593005849092265e+01 4.947903420295562427e+01 6.310018672753891877e+01 8.308806165887317263e+01 8.271762848699692938e+01 6.335356204716372019e+01 5.265140901439387733e+01 4.723774467232932750e+01 5.915006965841018882e+01 5.570034722412683692e+01 3.527961935119507331e+01 2.134591993961417700e+01 3.942394117107214413e+01 3.942430478738688038e+01 5.931062772880412126e+01 6.007717758023557764e+01
3.497053469895897767e-03 2.000349705346954110e+01 2.750318704508809731e+01 2.305019243287865649e+01 3.609150171473211088e+01 4.143672654282841705e+01 4.972099485645425432e+01 5.972099323989883857e+01 6.300463784013935964e+01 7.129303852387867835e+01 7.975024667940397194e+01 8.027885497817679550e+01 7.198545559037785324e+01 7.582771217269544195e+01 6.749479980417926583e+01 5.755194465321345376e+01 7.168750044725339876e+01 6.406725286781579598e+01 5.162041893269010728e+01 3.261910956762650216e+01 2.638788622576725018e+01 4.562470434136070452e+01 5.540886670997850416e+01 6.368876794528588192e+01 7.350610977719748007e+01 9.091163929478528871e+01 7.966110136997146185e+01 7.153777951535342083e+01 5.928944942487533609e+01 4.006832623293034601e+01 5.320416953512886948e+01 4.746411218790928643e+01 2.386587544731009913e+01 1.981593675886593786e+01 3.788766036079781685e+01 4.613989228737177939e+01 5.218830535504020673e+01
9.635555453094322986e-03 3.723542318994124578e+00 7.503187049086380789e+00 1.150318704908634615e+01 1.609150172649750132e+01 2.143672656474589644e+01 3.143672656474571880e+01 4.557886218839984593e+01 6.557886203900049793e+01 8.241771914190323400e+01 7.498587140484126223e+01 8.169407563197574973e+01 8.169779000849987938e+01 6.749479980418432490e+01 4.790852577227474995e+01 4.391409088413849560e+01 6.186811905365566844e+01 5.593002353279552352e+01 3.670078253244606259e+01 4.017867876988401576e+01 2.390481679068605558e+01 2.996029909553699611e+01 3.637166676128455833e+01 4.573847384691239171e+01 6.507925957304465214e+01 8.096117690755298213e+01 7.282925523878130036e+01 7.892333229379450188e+01 5.928944942487530767e+01 5.320416953512678049e+01 3.389080265488244947e+01 4.794020523977398085e+01 4.625499203790517555e+01 3.788765990433869746e+01 1.826836889389674567e+01 3.636172597106566684e+01 4.064466926981366868e+01
8.845047570523793118e-03 2.000884504757016913e+01 2.750318704508809731e+01 2.564532267280729627e+01 2.763850711028981166e+01 4.143672654282841705e+01 3.298373194853800783e+01 4.712586757203456500e+01 6.712586702846418518e+01 7.251302103858900239e+01 5.665372281027681822e+01 6.795341091806791667e+01 6.355135884895160814e+01 6.940294795558877183e+01 4.838405556050840062e+01 3.438833289686785832e+01 4.575736783522052065e+01 4.128691884944089452e+01 3.728240052534457760e+01 2.059888814531251100e+01 4.023570784980331894e+01 4.906284770272933571e+01 5.540886670995215013e+01 6.368876794528588192e+01 7.350610977719748007e+01 6.993293515421026996e+01 5.394761185104989920e+01 6.993293515421026996e+01 6.709533966791616422e+01 4.745025846889678434e+01 4.794519111057478966e+01 2.876448214547163929e+01 4.299034909100271307e+01 4.613988337064751732e+01 3.636172597106545368e+01 1.671820023248251985e+01 2.967606808233478333e+01
8.023991185656003874e-03 1.415015961491619301e+01 3.415015960151747265e+01 4.564532260449616530e+01 4.763850709719999799e+01 5.592277856236542277e+01 4.712586757207441224e+01 6.126799204125276788e+01 7.260023878428030741e+01 6.519018763728212207e+01 4.665204180690530933e+01 5.594764379229757623e+01 5.049785373232455044e+01 6.857949955941039377e+01 5.789566265545730062e+01 3.768609161353973747e+01 2.639317347975789829e+01 2.166206485243387903e+01 1.736461285181724890e+01 3.728240052522412640e+01 4.023570789445270890e+01 5.956048997582313120e+01 6.949586147576907535e+01 6.150732801009297646e+01 6.949586163685427209e+01 6.192793334613207890e+01 4.329303731553169143e+01 6.192793334613207890e+01 7.534360897446651961e+01 6.709533966791620685e+01 5.428656703071926870e+01 3.472055521580173121e+01 2.421699066141377088e+01 3.856768942259202504e+01 3.527375783187137870e+01 1.562953932237623711e+01 2.317038942279210190e+01
4.598823041778624977e-03 1.414673444677285374e+01 3.414673444677355718e+01 4.287102450595946124e+01 4.287102450595946834e+01 6.287100718596332882e+01 6.712586722715730048e+01 6.715139904603068999e+01 5.423400674474134320e+01 6.715138932878313938e+01 5.594764379229757623e+01 3.613776342727300062e+01 5.054985859624626698e+01 6.829837004054903105e+01 6.704591185353780247e+01 5.390158502852011679e+01 4.575736783522052065e+01 3.519931078395816115e+01 1.508718037447602001e+01 3.449390218995262103e+01 5.361704631240038310e+01 6.157558755920693017e+01 6.011880452712244960e+01 4.297353906047395355e+01 6.011880452712244960e+01 5.533950267116018296e+01 3.662636496344077131e+01 4.943729270150836896e+01 6.836887970417599547e+01 7.752336637790723728e+01 6.254768866002131489e+01 5.118649853970241992e+01 3.856768942259202504e+01 2.028281140400497051e+01 1.763813588288775236e+01 2.310299478491321779e+01 1.409708934808948122e+01
7.340434288523949372e-03 2.000734043428816733e+01 3.132401995951986251e+01 2.287102595629724533e+01 3.701316156663519763e+01 5.701315666059884535e+01 5.910289534076398610e+01 5.856074139417551550e+01 3.998505469599201234e+01 5.856074039546948740e+01 5.116194395519745797e+01 3.082783042990194744e+01 5.116194401064678488e+01 6.666169173320663788e+01 5.584153921217764349e+01 4.775223849068153470e+01 4.639905329161123149e+01 3.332991612238251378e+01 1.309065356344650688e+01 3.331052321985999498e+01 3.572547773455376330e+01 5.251073745880007237e+01 5.224043146901802714e+01 3.356138737815784623e+01 5.063872453220482583e+01 4.273302003394660176e+01 3.046917863533005999e+01 4.393151694277074171e+01 6.274555214561410565e+01 5.868494595979511530e+01 7.076240324767751133e+01 4.861962464572127374e+01 3.200409104145185779e+01 3.849878627156202526e+01 3.098550581125293846e+01 1.362901675136606094e+01 2.839686425399911585e+01
3.515918393995972821e-03 5.550517880646262725e+00 1.132402057254247119e+01 2.546615618690113436e+01 4.546614644834302510e+01 5.399374281176395129e+01 4.075532759466103272e+01 5.079900216688823633e+01 3.031379834556599917e+01 4.108259239654262984e+01 4.062038804625120747e+01 2.604581914015228250e+01 4.076106078064358229e+01 5.195983151129462385e+01 4.285561558156526019e+01 3.072581419768244615e+01 2.780557385167013962e+01 2.895210346958611680e+01 1.116658221724869549e+01 2.138497056024817766e+01 3.744179648066943855e+01 2.935127766599471144e+01 3.873143822335944009e+01 2.661120382933251705e+01 3.674082362656859857e+01 2.339897020682512974e+01 4.273302003331669141e+01 5.736073494389599858e+01 5.242944258521823997e+01 4.646850450590169856e+01 6.420274712167893938e+01 6.038212300384057585e+01 5.204903704247069385e+01 4.954187762955874064e+01 3.237944568335943529e+01 1.330000387858171074e+01 3.021258918301452923e+01
4.608085242692564441e-03 2.000460808524233869e+01 3.132401995951986251e+01 3.960826190900795041e+01 4.401188165178956524e+01 4.518679478750615885e+01 2.867547402479490870e+01 4.518631260428613672e+01 4.108257273834424694e+01 2.029459782559218795e+01 1.994244480833155109e+01 4.062038797647570476e+01 5.037194137656639725e+01 3.803761165361120788e+01 2.225710561824018896e+01 2.979741398296138755e+01 1.756267411552507696e+01 8.556062438887575894e+00 2.683861266703757664e+01 2.821113540280125065e+01 2.810159191694360103e+01 6.955137241279501836e+00 2.994428064308845094e+01 3.226535181662143259e+01 1.713331418928364513e+01 3.662766410324989153e+01 4.951150568722169965e+01 4.335832852998188258e+01 3.481191473507983147e+01 5.242944258518060963e+01 5.582445812277436659e+01 6.466145524934866273e+01 6.018316005621548470e+01 4.426634441090609329e+01 2.432950780105892719e+01 1.297945347687331719e+01 3.289439418466404419e+01
1.610643649003322799e-03 1.969650848554108791e+01 2.679925818754705347e+01 2.945140129118944117e+01 2.717058979021411957e+01 3.690401308576977613e+01 2.014830351747153614e+01 3.472759748384834921e+01 3.052133757606335251e+01 1.449977971075932892e+01 3.503872907628064581e+01 4.858344893726586378e+01 3.901645526855001833e+01 2.079582590567946809e+01 1.256650948137591328e+01 1.541826553751052309e+01 1.398453410570900779e+01 2.459254590975623600e+01 6.084450327021070137e+00 6.390861948612839072e+00 6.697156995855248596e+00 7.003611646201735930e+00 2.617932483158169887e+01 1.215756062016703609e+01 3.039750393153007124e+01 3.390404510656364323e+01 3.584073601617219396e+01 2.602939335430546564e+01 4.335828898948629018e+01 5.187810291234755766e+01 3.355323817417922783e+01 5.196070966679953784e+01 4.824705481277156593e+01 2.906642552929769963e+01 2.957632251566337089e+01 1.268435448877420590e+01 3.264223875493115656e+01
2.022278438842990342e-03 1.794361259518726470e+01 7.628204764240134494e+00 1.335975676443953120e+01 2.442407046571428708e+01 2.382104106307330227e+01 1.425950554866083309e+01 2.501925287576750989e+01 1.011459345993005066e+01 2.711539186986606254e+01 3.296471937549588915e+01 3.460549962064133211e+01 2.925345194320833997e+01 6.851700197295150119e+00 4.755152649264744014e+00 5.151377315272443802e+00 5.315088007460972541e+00 5.657485323672627686e+00 1.369469575274402651e+01 2.100292917932955561e+01 2.446339487868679186e+01 2.531606053585040428e+01 7.437549717540519190e+00 2.573470004144524736e+01 2.746189120311804999e+01 1.989695925295864143e+01 1.914579083136170823e+01 3.592838564439258420e+01 4.522627698010717268e+01 3.895429962959884307e+01 1.949737527100911549e+01 4.090736214291291617e+01 3.760580964678240434e+01 1.445591089411594510e+01 1.232229516495473298e+01 1.874380649122439735e+01 1.914884984896151110e+01
6.642187732006160465e-03 2.997788594906924953e-01 8.416485797068849806e+00 1.520811431626118804e+01 1.933210323457575441e+01 7.246939297473087294e+00 2.320231731747708537e+01 2.746933485814579967e+01 2.114458748162630286e+01 5.906005243495032531e+00 1.627658862905288117e+01 1.610580568048724714e+01 2.355133316711946279e+01 4.332313609009035282e+00 1.617898437522921640e+01 4.855229737119691080e+00 2.485272511129787887e+01 2.559218600116268050e+01 1.324316157760318013e+01 1.883317312831757562e+01 3.048688715473172905e+01 2.746316237192701237e+01 8.561491480064974624e+00 7.873021309921384159e+00 8.179752351862418891e+00 1.306950700448614455e+01 2.740578457854334360e+01 2.996199636074899075e+01 2.721376528438154097e+01 9.990952754856071039e+00 1.030332292666988714e+01 2.950172520867722881e+01 2.750822038728793828e+01 3.151766003038071418e+01 1.210565926933985637e+01 2.957332434272008115e+01 3.679006571785321711e+01
1.591255364720534126e-03 1.907986960311133728e+01 7.146933359698754984e-01 1.008145227947846889e+00 1.301691641646306019e+00 9.298114181659393296e+00 1.460607970465146543e+01 1.763206455985737975e+01 2.723437994388350436e+00 3.018413541097667796e+00 3.315013147306264507e+00 3.611716719443621049e+00 3.909064645914506642e+00 2.331118775083150396e+01 3.145448734214989983e+01 2.760731989631420191e+01 1.037428459100402911e+01 3.067531270760348505e+01 3.581833745912635436e+01 3.659680201764178520e+01 3.357432929422541434e+01 3.622646478468291775e+01 1.593144280276744773e+01 2.886621442135003335e+01 2.566855639951885593e+01 8.613917607145191724e+00 8.922118037332909424e+00 9.234963188271509082e+00 9.548507567979857669e+00 1.620412714982202118e+01 1.330679473710405958e+01 1.074583236506187589e+01 1.106239299783785945e+01 1.234039836064083318e+01 1.187144268666652813e+01 2.987499020076076306e+01 4.012238543446517269e+01
6.189296070378335485e-03 1.611930868270508910e+01 2.555450315271891171e+01 2.283498801133480427e+01 1.312409116884852089e+01 1.717589166357986752e+00 2.011957848848781261e+00 2.306419604778411347e+00 1.072311561598656482e+01 1.898164451940010267e+01 2.340575473986768529e+01 2.360772088388057455e+01 4.899836031142350556e+00 2.436959040730998183e+01 4.035813930409330652e+01 3.895884730702744037e+01 3.071031049700417626e+01 1.374550751043306107e+01 3.401457352068096895e+01 4.561029727773544806e+01 5.127324538393528996e+01 4.660962655449939263e+01 2.600799768899121744e+01 4.661776557138014709e+01 4.290599180714887950e+01 3.037771772453956842e+01 1.117009015027172225e+01 2.093182112007363926e+01 2.610395759646488045e+01 3.093943172596675240e+01 1.378873859779687017e+01 2.808490579232870488e+01 3.117085366252572953e+01 1.149569319429410186e+01 2.796054710866875936e+01 1.376211888871979383e+01 3.398326111382112202e+01
2.247884206357958405e-03 1.667999571501217204e+01 3.741578352190466461e+01 3.474825579062822101e+01 1.322688442357214100e+01 2.684848175532716397e+01 2.530389913287843839e+01 4.393563411994002799e+00 2.553471286635269522e+01 2.483176765486179605e+01 2.912008853981171796e+01 9.111954391507881112e+00 2.452229678616033581e+01 1.207619143861819921e+01 3.233588598335195741e+01 5.009808690396857145e+01 4.223702493478347719e+01 3.401458220964081391e+01 1.717222865175747160e+01 3.741131830346611764e+01 5.613375190515901636e+01 5.737053739082178794e+01 4.537846904045367324e+01 5.737979118208443907e+01 4.735226545330148440e+01 2.741783431053532993e+01 1.343748427149701463e+01 3.220250584758222345e+01 3.950838974521922609e+01 2.570708002113675761e+01 2.963512242181937850e+01 1.697305234226044846e+01 3.709098075922408810e+01 3.615253811206167711e+01 3.431022598233860066e+01 3.397500197652448151e+01 1.569939880983455893e+01
