LEM/sinusoidal_perturbations/elevation_000139.asc
nrows	100
cellsize	150.0
xllcorner	0
ncols	100
yllcorner	0
NODATA_value	-9999
[rows 51 to 67 of 100, columns 37 to 73 of 100]
6.843979656334977335e+01 7.971907254665133280e+01 9.944316250925791678e+01 1.192411324033377298e+02 1.182362110234644916e+02 1.098439149741019634e+02 1.182362110234644916e+02 1.137825410667129802e+02 1.164977399760801546e+02 1.171629449604556896e+02 1.256603800190557365e+02 1.359542836913230985e+02 1.370779951739106082e+02 1.287355197945843770e+02 1.130495588790049339e+02 1.178872758443239377e+02 1.380836499459233551e+02 1.460323222617967076e+02 1.490042330256463856e+02 1.327710161632810468e+02 1.242502482560968957e+02 1.166022145643041483e+02 1.188310581963814059e+02 1.016338063524271149e+02 1.021275779470916376e+02 1.108164399495702526e+02 1.311943283727224809e+02 1.333572049135620432e+02 1.250066270273843685e+02 1.333572053219198494e+02 1.299881481959274083e+02 1.098894318542379551e+02 1.086523251185105181e+02 8.850492587361897279e+01 1.086525304775780398e+02 9.267381806175190206e+01 1.015374996417315572e+02
8.805545385982665607e+01 7.971907254665133280e+01 9.105434739814327827e+01 1.109024970586913810e+02 1.079960982196758721e+02 8.927279820876788108e+01 1.079960982196758721e+02 1.104585041215419068e+02 9.604185807507941774e+01 1.104585041215419068e+02 1.145940249091592591e+02 1.229751259330831630e+02 1.287355601455338103e+02 1.084726022956396321e+02 1.012693801443446233e+02 1.215933795448301140e+02 1.338864047464749092e+02 1.490042330256463856e+02 1.288905441307370836e+02 1.325813368798540353e+02 1.400086973599265150e+02 1.372502822576699089e+02 1.306953805821840433e+02 1.221854500986954690e+02 1.226856421707888529e+02 1.311944252005885119e+02 1.398768793288307393e+02 1.469513774283234397e+02 1.386114011130061670e+02 1.434251108525960490e+02 1.385601574560567713e+02 1.252345815742774846e+02 1.049259902673316702e+02 9.555521756646120934e+01 1.158156581933692735e+02 1.016527128445154489e+02 1.213220490069983981e+02
1.007038791762257972e+02 9.944316250925793099e+01 1.077339256112945662e+02 9.766949012986756884e+01 8.917271178798389997e+01 7.878706248239600995e+01 9.955835659143494354e+01 1.012332349807515612e+02 8.128564163698749212e+01 1.001051580548102322e+02 9.410367290034768928e+01 1.145940249091545411e+02 1.290578345760970080e+02 1.144077649629966658e+02 9.400073309197686910e+01 1.052281755060150061e+02 1.255307133723132864e+02 1.435261085725060752e+02 1.318428162551596756e+02 1.122426268453403395e+02 1.197720956996727182e+02 1.400084732194234789e+02 1.396180467023472715e+02 1.388997317232921489e+02 1.305547211378314216e+02 1.388997317232921489e+02 1.374504983073525182e+02 1.291052968246834780e+02 1.184458186370827946e+02 1.232702464460315639e+02 1.434250446010849487e+02 1.336355367400492753e+02 1.242226555068657632e+02 1.056361889110990973e+02 1.242226555068657632e+02 1.133734032553356883e+02 1.304164103271982071e+02
1.039430305484018362e+02 9.547724042584705728e+01 1.039427932563640127e+02 8.917271163111747967e+01 6.830880731035547626e+01 8.065505533146254891e+01 8.919361415207806942e+01 8.512928339396286503e+01 7.187174801609965868e+01 7.931474181349624075e+01 9.410367290034768928e+01 1.145940249091097058e+02 1.206970446557932206e+02 1.003571760875085062e+02 8.852866373889813190e+01 1.089537606203250846e+02 1.247306579921692702e+02 1.352014539859993079e+02 1.149091911228194363e+02 1.028996792101428355e+02 1.154112296338587527e+02 1.238163009481853152e+02 1.193293283759627315e+02 1.287978316996714909e+02 1.103271976176344964e+02 1.287978316996714909e+02 1.257796802587077565e+02 1.088629500764305362e+02 1.067092495079372441e+02 1.210643707124537940e+02 1.412232965265448286e+02 1.426620531756259425e+02 1.343881850716246902e+02 1.259951335557213810e+02 1.343881320445568122e+02 1.337628821529559389e+02 1.421742334467722628e+02
9.359788921910579518e+01 7.468276887783967766e+01 9.359779141046749373e+01 9.535657643233994918e+01 7.456548007125907418e+01 5.988178846382042764e+01 7.922952803853408454e+01 6.427049829813812210e+01 7.162765087396506658e+01 8.104164744350389071e+01 9.313007483021777944e+01 1.136304499863188653e+02 1.208194421029468941e+02 1.045991153335720725e+02 8.422342954029339523e+01 9.598920838749415907e+01 1.163604669461346361e+02 1.233608804114894468e+02 1.298646903145774445e+02 1.094244101047708995e+02 9.473588968924556752e+01 1.085195965111253997e+02 1.047548614997947425e+02 1.204409596936422417e+02 1.000905255779181289e+02 1.188058383038568309e+02 1.104234895293135708e+02 9.702493754827300165e+01 1.114942901118893985e+02 1.317203724779456593e+02 1.370829832519941647e+02 1.232294572973968201e+02 1.329978909601384203e+02 1.412161851610673295e+02 1.449746779791822178e+02 1.453336893586174199e+02 1.535981400932766689e+02
8.508000301381403574e+01 6.427711555629035445e+01 8.508000301381403574e+01 8.007841921481580982e+01 7.152650895950002052e+01 5.495855456912037340e+01 5.848420693320201735e+01 6.880420916321021707e+01 8.359559270423622479e+01 9.251357141795072891e+01 1.102209220565336096e+02 1.220118624970636461e+02 1.124400164086134595e+02 9.206728210509385235e+01 8.039763538621843963e+01 1.006778127743478137e+02 1.174160210501599124e+02 1.031309069909648315e+02 1.174160207954728037e+02 1.184662246880735239e+02 1.085195965110572729e+02 8.801865835011196282e+01 1.085195965111253997e+02 1.132459946995850117e+02 9.279313796118721314e+01 1.040991996523148231e+02 8.993042984979523169e+01 1.104234895293135708e+02 1.257796802587077565e+02 1.219050879451806537e+02 1.275546509557118640e+02 1.101350812646569608e+02 1.139746189641817722e+02 1.329936099265342193e+02 1.253226662696936557e+02 1.253510678794519038e+02 1.453428729449989305e+02
7.814570558812920353e+01 5.744316312174692740e+01 7.615249240249016793e+01 6.760361787062731764e+01 5.095163955086752594e+01 7.152651101342587481e+01 7.897938371896550791e+01 8.759538079522765486e+01 9.815171525704562328e+01 1.127078378098550786e+02 1.214662861583829425e+02 1.205601845322965602e+02 1.114738523011355369e+02 9.113590243540389224e+01 7.692659058117693860e+01 9.709275003564471263e+01 1.084135323182974844e+02 8.890939584881876101e+01 1.083884073583327705e+02 9.851907799802080490e+01 1.044189215051538895e+02 8.404593261648966518e+01 9.887455444146523575e+01 9.754246445243344965e+01 9.903476576948874310e+01 8.352742362033437473e+01 1.023633075510978756e+02 1.040438718854706934e+02 1.057633931869266632e+02 1.015696535912680645e+02 1.116097568004281442e+02 1.009660864232823485e+02 1.195280590522343545e+02 1.311990175880319782e+02 1.111115419117360830e+02 1.311990280894503371e+02 1.275332618446934845e+02
7.190365377248289747e+01 5.131102584200088756e+01 6.382656013443429543e+01 4.708611503404402043e+01 6.760361787062731764e+01 7.770124315632125445e+01 8.462469190271485786e+01 9.252586930824045908e+01 1.010160888298653958e+02 1.129055280606288818e+02 1.146649223314890662e+02 1.003921045484195673e+02 1.080841939901801680e+02 8.778673551269780262e+01 7.367434360899558499e+01 8.919015189829370627e+01 9.757469026205475870e+01 8.019669644615370885e+01 9.099023953867973091e+01 8.543631766107255032e+01 1.043518833401550552e+02 9.887451095797899825e+01 7.850743760918814473e+01 7.682529364464078014e+01 7.835588784555048392e+01 8.008001890644625576e+01 8.180649630910906467e+01 8.352900412095411298e+01 8.527193661911796596e+01 8.702659365988304785e+01 9.268596579204196928e+01 1.111535871716946673e+02 1.140444010780146726e+02 1.160861708945245141e+02 1.043652953553160785e+02 1.218669973575452730e+02 1.075196856857254772e+02
6.940729691406586710e+01 6.087014703247945135e+01 4.334392933646883961e+01 4.767560832750250910e+01 5.220667654145637471e+01 5.698297143132347031e+01 6.380315916641455942e+01 7.165913281257685696e+01 8.378246861742975682e+01 1.045039324317894938e+02 1.062991984121845377e+02 8.619365163895216142e+01 9.358333413089199837e+01 9.548398332305754366e+01 8.566965823023683413e+01 6.926044016237838719e+01 8.719865688716839713e+01 7.377888820483498478e+01 7.488762740798055972e+01 9.005417465742462468e+01 9.231216634743663008e+01 9.349937011277600618e+01 7.471079977503262626e+01 9.544555616857458347e+01 9.037736391622809151e+01 1.006960235291942780e+02 1.023633132055929309e+02 9.274829722064538373e+01 9.829960049158266600e+01 1.075257644151552512e+02 8.967917592712430519e+01 9.165559641897534959e+01 9.366968699837397594e+01 9.577192998564444792e+01 9.790682656908848003e+01 1.017857051274195896e+02 1.218725676775737981e+02
5.797627096493722831e+01 4.040735310138776271e+01 6.087014703319628239e+01 6.820524608718434934e+01 7.281554387612239054e+01 7.160373061423020147e+01 7.004651216139043868e+01 9.092737299248338445e+01 1.010160888298653958e+02 1.004924304457562698e+02 9.206847344364403796e+01 9.339361599259233060e+01 7.357911329992509764e+01 8.369057860076432576e+01 6.526299089718945368e+01 6.625394753509345946e+01 6.731260740573112855e+01 6.837895390037850518e+01 6.947282716793387181e+01 7.058048345420749570e+01 7.169398157926764270e+01 7.281931275633843370e+01 9.348530623573415710e+01 1.038736854455717378e+02 1.108610076480131568e+02 1.192458455330139344e+02 1.215499901090059751e+02 1.046111948333904849e+02 1.153426856063009325e+02 9.952220286394607740e+01 1.132262204957066700e+02 1.120765454089932689e+02 1.020660171723725398e+02 1.160470982271745584e+02 1.181527776197993802e+02 1.018407900616490025e+02 1.160739302084206912e+02
3.753357921818813736e+01 4.207854856349832318e+01 5.650947817690791908e+01 7.715627697495904158e+01 8.681943124751089158e+01 9.242194063217735334e+01 8.483493627488711297e+01 9.952267090428593121e+01 9.800155302535210922e+01 8.661253671148031685e+01 7.212732563518981976e+01 6.112015439655950644e+01 8.215478385381747728e+01 6.387114589072965742e+01 8.105246146786440420e+01 8.591449209008699484e+01 8.719867472271150177e+01 7.581078028183861761e+01 9.223792845720579692e+01 9.117486967277552878e+01 8.629201585292138077e+01 9.348064910772318115e+01 7.616149801126903185e+01 9.688365778257980310e+01 1.089571852091331721e+02 1.233652018442585501e+02 1.332361799155783899e+02 1.248903714558869922e+02 1.280050861164246783e+02 1.069988165960905775e+02 1.280050861164246783e+02 1.223241401198173719e+02 1.164138893196754196e+02 1.305961201659323763e+02 1.245409602579862423e+02 1.046692106180582442e+02 1.246985538359904098e+02
4.662236821013227228e+01 6.252536669855396667e+01 4.926086339030473482e+01 5.757745241049219231e+01 6.949786630946394439e+01 9.027800295959508503e+01 1.056643433869028428e+02 9.268497876194740570e+01 8.415064507557296736e+01 6.754776129153559339e+01 6.087077364070729146e+01 6.198962462267135720e+01 6.252063245322921858e+01 8.194195019538017277e+01 6.771403318550419215e+01 8.755191067754537926e+01 9.974115248831779468e+01 9.450898780995960635e+01 8.858512885195627007e+01 1.088104630565000548e+02 1.068824798177500384e+02 1.037533317979420957e+02 8.313850060663911279e+01 7.987430008836075501e+01 9.454916857400772301e+01 1.127272553514606130e+02 1.214185465657808578e+02 1.297590161513000737e+02 1.364799184718728498e+02 1.192515131467451397e+02 1.364799184718728498e+02 1.425074863105652980e+02 1.365927475350103464e+02 1.341294382659345388e+02 1.141168212300457583e+02 1.246985538359854075e+02 1.092323712467143224e+02
6.101637323909376676e+01 7.534186483770126586e+01 5.603994593133961644e+01 7.672287718014871416e+01 8.681943124790306854e+01 9.876954336478098639e+01 1.044982055433782762e+02 8.418622728565685520e+01 6.513779060909902796e+01 5.967285544546860621e+01 7.925972828190964492e+01 8.082307162613602713e+01 6.815025270260377965e+01 8.753881257524935222e+01 8.755191067754537926e+01 7.169390132553611750e+01 9.162507357215665138e+01 1.043350304811453526e+02 1.088104635714831403e+02 1.173883833316827037e+02 1.241123948846681486e+02 1.037570318591826890e+02 9.244079589620270099e+01 1.005368244076238256e+02 8.374248549329536218e+01 1.043273800059849918e+02 1.010876235274881054e+02 1.155093992981252171e+02 1.356844900380044976e+02 1.399626891668815745e+02 1.483657599502580240e+02 1.597811056924184072e+02 1.398161626758870284e+02 1.256859341509110521e+02 1.341295564876139963e+02 1.374167474923726502e+02 1.291530639147485431e+02
8.129582287758456971e+01 8.526684083859447583e+01 7.064118134797459447e+01 7.064118134797460868e+01 9.140538974067797540e+01 1.080095628402931425e+02 8.723282687225118082e+01 7.552581220630072778e+01 7.837040164137191312e+01 5.885121858087821067e+01 7.837040928788252359e+01 9.353584950845015555e+01 7.416631961772854709e+01 9.379205468230561848e+01 9.162507357215665138e+01 9.162507357215665138e+01 7.596267392096891058e+01 9.599689283138330609e+01 1.092908118383211189e+02 1.183007952325731935e+02 1.299120775336628526e+02 1.212949918808679541e+02 1.043262572004269515e+02 1.111574020109689229e+02 9.066733599601717231e+01 8.804488146214947619e+01 1.085601418029800840e+02 1.184447325944044707e+02 1.240622224244959142e+02 1.307828956949737176e+02 1.390923896715960950e+02 1.491295530346040437e+02 1.539530523653642149e+02 1.456637590992601190e+02 1.539530524487794310e+02 1.480404317455978003e+02 1.282221116054171262e+02
8.313513087566369109e+01 8.995047486331529285e+01 9.140538974052060439e+01 9.140538974067712275e+01 9.989250091242735152e+01 1.164095549249462067e+02 1.044982046100810038e+02 9.160886561560911900e+01 7.163701960490870135e+01 5.803786740294218305e+01 7.163705050349580006e+01 9.161309197015829398e+01 8.130423226491055289e+01 1.015961852196558937e+02 1.117346649761437618e+02 1.043350304811453100e+02 8.486146993771349401e+01 8.082158903585830956e+01 8.980872602797185777e+01 1.014703606365835498e+02 1.215775921334312812e+02 1.330016871265058285e+02 1.246404825252636641e+02 1.188547995661866281e+02 9.848939989268394868e+01 1.085601418148639112e+02 9.275246807133980553e+01 9.809015590779699778e+01 1.038080748062566840e+02 1.106208758835430643e+02 1.207401679739570710e+02 1.408256234160044755e+02 1.455547339555731980e+02 1.371335554391889957e+02 1.455547339718333433e+02 1.562902978422808928e+02 1.480404317455997614e+02
6.971188703703413125e+01 6.971188453877269353e+01 8.284477372848776611e+01 9.123257914530206847e+01 1.029338192290152847e+02 1.033276200996007077e+02 9.203581413770189101e+01 8.328145489978433602e+01 7.539063469601167355e+01 5.723084300539890279e+01 7.661276484726548119e+01 9.558995446151911324e+01 1.016626091938639291e+02 9.550741240309474733e+01 1.165225687652140749e+02 1.133410711493526009e+02 9.649782294135616212e+01 1.009528726284643199e+02 8.648337153662659205e+01 1.066595530469507338e+02 1.217042997128651933e+02 1.333068919505956558e+02 1.390297033703088232e+02 1.188547995661866281e+02 1.103106590369394553e+02 1.174323576482344293e+02 9.709144298461137623e+01 1.174323576482344293e+02 1.181707960737349055e+02 1.307828956949720975e+02 1.390923896122711767e+02 1.491295530265081197e+02 1.353934355589416896e+02 1.168142425955985431e+02 1.353934355589416896e+02 1.406625849158791084e+02 1.322063542701197605e+02
4.952841747152992014e+01 5.590137025429219619e+01 6.260712500554620874e+01 7.427175166611652912e+01 9.455573965289131877e+01 9.509593535602297720e+01 7.560232176944570881e+01 6.445682731965094092e+01 5.609677754197286959e+01 7.510968183887447935e+01 6.736438352433788168e+01 7.871239938850598605e+01 9.884406403916040063e+01 1.165225687652140749e+02 1.251513727311225921e+02 1.249611935350804401e+02 1.166275495224435446e+02 1.149925325130143534e+02 9.659616006534271548e+01 9.322792151312508224e+01 1.048864612745794460e+02 1.249714007803534201e+02 1.403189473761252373e+02 1.388601283136345046e+02 1.305263125826427597e+02 1.167745275001278600e+02 1.024434123983246536e+02 1.100167588466735822e+02 1.301928176582518972e+02 1.465923827688122003e+02 1.452480583031103549e+02 1.335036943106370302e+02 1.250793745728652340e+02 1.065707057779705593e+02 1.269738990171826174e+02 1.304340121119594187e+02 1.117318121498308869e+02
