LEM/sinusoidal_perturbations/elevation_000739.asc
nrows	100
cellsize	150.0
xllcorner	0
ncols	100
yllcorner	0
NODATA_value	-9999
[rows 34 to 50 of 100, columns 0 to 36 of 100]
2.064481644892168701e-03 1.777568834753898130e+01 6.979612240085975028e-01 1.914490543985392534e+01 2.051848663266716244e+01 1.860499178013904631e+00 1.857497580632576728e+01 2.718305007815821384e+01 1.214206740396815398e+01 1.227179517236876549e+01 3.935034713050063360e+00 9.754280350852573278e+00 1.645963150905228289e+01 2.736919665863747397e+01 3.871703092393960333e+01 5.694509695188636300e+01 5.380653314322320568e+01 6.822954732791176014e+01 8.621922446600559908e+01 7.809909421724869105e+01 7.837970769954372940e+01 6.014928347375639817e+01 7.837970769954372940e+01 7.782489111284013461e+01 5.745555615500668267e+01 7.782489111284013461e+01 8.937142845061617891e+01 1.007871807033566967e+02 9.363882700700234807e+01 7.632625318651720647e+01 8.268939392049509252e+01 7.838936983754224741e+01 6.395595018594231362e+01 7.709555499264997991e+01 9.569995525027754013e+01 7.917335652452688066e+01 5.853793230209318210e+01
2.905961989428186391e-03 1.869393771531904136e+01 3.286738727468486942e+00 1.106273321698644896e+00 1.395055842471306207e+00 1.684031142771284184e+00 1.912319235297475117e+01 2.517552405884051581e+01 5.531509274402202081e+00 3.513351307188323336e+00 1.986430237004303478e+01 2.970789704029689204e+01 3.707735420636061008e+01 3.236229042333978612e+01 5.301585428669844902e+01 6.513140596964261420e+01 7.449465498592681456e+01 7.500633570844669862e+01 7.946862577633135061e+01 8.499469649445846642e+01 8.835025778457247725e+01 8.025788388319807609e+01 8.835025778457247725e+01 8.598056153807513624e+01 7.782489111283778982e+01 6.569199959336758354e+01 7.988437986290725235e+01 9.958664469246718909e+01 9.363882700700236228e+01 9.363882700700234807e+01 8.765242802391941268e+01 6.922766383072134033e+01 7.106616515704484982e+01 7.912108350265010870e+01 9.777769693773069548e+01 8.742097759717478311e+01 7.066271297807058716e+01
3.542675937824442140e-03 5.766929791431937069e+00 2.191177344576624719e+01 2.184384540651763729e+01 2.205754318194802011e+01 2.190086148067121741e+01 2.092593485938227360e+00 1.784295531737830487e+01 2.132792645115390684e+01 3.216651291558341619e+00 1.295451446493667902e+01 2.327775703462931745e+01 4.055401641400882085e+01 5.333403735875808849e+01 6.223479847842261847e+01 7.474121420405163008e+01 6.652858541428766159e+01 5.502880776447737787e+01 5.951265812281786083e+01 6.507016516840425879e+01 7.723192604436604825e+01 8.540950833867377412e+01 9.685360369011615944e+01 9.958664469245401563e+01 7.988437986290725235e+01 7.988437986290725235e+01 7.988437986290725235e+01 9.958664469246718909e+01 1.120548126061155756e+02 1.086587176348668464e+02 9.141069131466134934e+01 7.298934228451177830e+01 7.922230942679235000e+01 9.740441309038178019e+01 1.057275921402845711e+02 9.898246997926405299e+01 9.079911419891993773e+01
3.411803931810562015e-03 2.000308100859394500e+01 1.192668370986972803e+01 1.666607351184076080e+01 3.010032210919202811e+01 2.504481479509806618e+01 2.761034750843248453e+00 2.508765268115953795e+00 2.800819286909552730e+00 3.962643666141039134e+00 1.541036414097368556e+01 3.301216347177225430e+01 4.937432563960542353e+01 5.912238362840370343e+01 6.722530269609957543e+01 6.320202225211554747e+01 4.647608187759674792e+01 4.077447275991178088e+01 4.533347830311474524e+01 5.090124673221696128e+01 5.722735515482481361e+01 6.882140951235101056e+01 8.872090528604766746e+01 1.076500785773886975e+02 9.958664469245059081e+01 9.958664469249761453e+01 9.958664469246718909e+01 1.076500786053447740e+02 1.143732327758227427e+02 9.517146631896228826e+01 8.205943622850247721e+01 7.782044663113791216e+01 9.636759537488330807e+01 9.227374183816050390e+01 1.113104200359586429e+02 9.787734357720303535e+01 7.807262479382470133e+01
3.327314952832964925e-03 2.000332731495247884e+01 1.912774509878302354e+01 1.645815940379488040e+01 1.612725695101619650e+01 4.371307593889829590e+00 2.495796812611274973e+01 2.474101437974252349e+01 5.464495259726840359e+00 1.952958001692187651e+01 3.142084197783561450e+01 4.236039006604013224e+01 5.568632310554976073e+01 3.875833883367813826e+01 5.568632310555283738e+01 5.495126709945320442e+01 3.460186465939061407e+01 5.495126709945320442e+01 6.535762572339253040e+01 6.169966125996779027e+01 7.723192604436604825e+01 7.359302613218005717e+01 9.342317387860614986e+01 8.880235230369021338e+01 9.695339295085744880e+01 9.699174668196856430e+01 1.050763245688992527e+02 1.137125717219265226e+02 1.160774362826385300e+02 9.722097251271254947e+01 1.007372743725337045e+02 8.303473580636733686e+01 1.017784732106096754e+02 1.113104200359586429e+02 1.193515162068174504e+02 1.060195180846454122e+02 9.461024667489181184e+01
6.779948344387334673e-03 2.000677994834403250e+01 3.229314167480396236e+01 1.875122081749496417e+01 2.035378662653677750e+01 2.547926153612685241e+01 6.193720497415555748e+00 2.795099382915402941e+01 2.668958436405042889e+01 3.105943532943574326e+01 3.384197147022168650e+01 3.606860544327587803e+01 3.762636519765140264e+01 2.636663317078392055e+01 4.726829719891408388e+01 4.629708805163741658e+01 3.057516275880908907e+01 4.272112469348476793e+01 6.286751590783593002e+01 8.163370108286669335e+01 8.979945043521483683e+01 9.342317387862058808e+01 8.548071747972593926e+01 6.885119217254580803e+01 8.548071747496122441e+01 7.725521661520488692e+01 8.562113593285280899e+01 9.539382556443113970e+01 1.049014629551750915e+02 1.160541819583661010e+02 1.084919680679756908e+02 8.950328180072635575e+01 1.017784732106096754e+02 1.209976204084346847e+02 1.261385345421234661e+02 1.063920031716347836e+02 9.260257916824249946e+01
9.516927588586143695e-04 1.414310210710012683e+01 3.414405190277823010e+01 3.459643993230109515e+01 2.506174623719045869e+01 1.917167622734234556e+01 2.801621444668970184e+01 8.052543107054992433e+00 9.381276151843930933e+00 1.073553324964049516e+01 1.216067463100248602e+01 1.367783790172491898e+01 1.526957528038578005e+01 1.693923473119298251e+01 3.918802226839445524e+01 2.505756230477041413e+01 4.629494287265278274e+01 5.950552635397806256e+01 7.109220145064197993e+01 7.670485313183984033e+01 8.250523081073653486e+01 8.349582600434698065e+01 7.728354463125525342e+01 5.725001276141608031e+01 7.728354463125414497e+01 6.565974270869061513e+01 7.928548004475820221e+01 7.393733687428556323e+01 9.512112032268001371e+01 1.133838819261389119e+02 1.165174077051084680e+02 1.028376987097107929e+02 1.049461843502016904e+02 1.242688963503385509e+02 1.199963808735547559e+02 1.118368598371928755e+02 9.619430063205376769e+01
1.945935296826602993e-03 1.414408155902765074e+01 3.414408155902693665e+01 4.686858413525631306e+01 3.528536523379588630e+01 2.981687737291745321e+01 3.875471097475698912e+01 3.020554390597423122e+01 3.169721772475827848e+01 1.799011598754519881e+01 1.956522962679703070e+01 3.606856466326352262e+01 3.762636519761566944e+01 3.918803012196790547e+01 1.945758304317073950e+01 4.142440746884223302e+01 5.229248009115359963e+01 7.147858480838289097e+01 6.328134775534433487e+01 5.673604221245588519e+01 6.258485081545851614e+01 6.355882951735716802e+01 7.020062151308110288e+01 5.020403233813510724e+01 6.679127060062882038e+01 5.747325529977164393e+01 5.948787936089242123e+01 7.106881713812721557e+01 8.509269705448865295e+01 1.016932316500117679e+02 1.099039292163120081e+02 1.221421502124751015e+02 1.242688963503385509e+02 1.211287775869324577e+02 1.113349899339654883e+02 9.227947623758689133e+01 9.586831594350070418e+01
5.600688922766023682e-03 2.000560068892241006e+01 3.458026060998891182e+01 4.288036649227112918e+01 5.125011801295777047e+01 4.371842713894022125e+01 5.746226630702548732e+01 5.045886656400349324e+01 2.946284709456138984e+01 3.996085682928247707e+01 4.143559719785952922e+01 3.100180277824572528e+01 5.186939161731257286e+01 4.981592699731959328e+01 2.989862323724823767e+01 2.237199248093185489e+01 4.394056893434406419e+01 5.474246267687600920e+01 4.319382153193127039e+01 4.252902940607221183e+01 5.559670164392134950e+01 4.940827384724904192e+01 6.016805479696289893e+01 4.390922375962630042e+01 4.682072813242612597e+01 5.008135674927075343e+01 7.008239167891984778e+01 8.048826473778538571e+01 8.550388748474945544e+01 8.186705294561689072e+01 9.886756210339289908e+01 1.071203329088562839e+02 1.186368942055621716e+02 1.129675828774084891e+02 9.335774083194979767e+01 8.382438092156664311e+01 7.659247690728356872e+01
8.215197286175309616e-03 6.828602130418888194e+00 1.424988897915974562e+01 2.398139306656500835e+01 3.602778931215391367e+01 5.616939399059921811e+01 7.120610547511077471e+01 5.875399475776783476e+01 4.027839548635176214e+01 5.875399475776783476e+01 5.186939161731257286e+01 4.595069638988765348e+01 5.186939161731257286e+01 4.704114106433197406e+01 5.073093980193832664e+01 4.393937148432434014e+01 2.527393809412022563e+01 4.644103364684624324e+01 3.116786105009208541e+01 3.327354866875842276e+01 3.539518554486789981e+01 3.777063701128952999e+01 4.015802076464891712e+01 6.016805479696289893e+01 6.679127060062882038e+01 7.008239167891984778e+01 5.570169794558306364e+01 6.041228847349958642e+01 6.544287052431403140e+01 7.184296753785487510e+01 7.900053557926543135e+01 9.053820528704288506e+01 1.102899287099104129e+02 1.211287775869324577e+02 1.113349899339654883e+02 9.586832108189510393e+01 8.714497392018296296e+01
2.613274238814250559e-03 7.561902734423325612e+00 1.650617464442232674e+01 2.805318002821463708e+01 4.805318002821392298e+01 6.445814583372188622e+01 7.587484892575024276e+01 6.885863552871420268e+01 6.063933764165516038e+01 6.885863552871420268e+01 7.198056049616064911e+01 6.615838590691458876e+01 7.198056049616064911e+01 6.132579348302304112e+01 6.077714829094021098e+01 4.050959196106451543e+01 4.644295986395095355e+01 2.816145999616106366e+01 4.897898821199917307e+01 5.361549978407430217e+01 5.559670164392134950e+01 4.160977767336014921e+01 6.016804953746674300e+01 4.802203710176975449e+01 5.466520269119539677e+01 6.284131510647571162e+01 7.575571107690529971e+01 6.840891356858048766e+01 8.550455037540260150e+01 9.182515691914350953e+01 9.886756210339289908e+01 1.071203326180163913e+02 1.162126704897374054e+02 1.246552671678435331e+02 1.236107203588120171e+02 1.147676888102431576e+02 1.066135948429605804e+02
7.532853315450405325e-03 2.000753285331509446e+01 3.584617398188623127e+01 4.479044589188322334e+01 5.633745127567553368e+01 5.988270293227428454e+01 5.628855013769507565e+01 5.949735927917375733e+01 5.141364375274390852e+01 5.949735927916593425e+01 7.458051912360880920e+01 6.898643093628220413e+01 7.717912159146654005e+01 8.120630850063234618e+01 6.903913947827184927e+01 6.077711919072780944e+01 5.726771254894539709e+01 4.897960709269556645e+01 3.586751685025481606e+01 5.615616642676645398e+01 6.599565232374517620e+01 4.600926459905296184e+01 6.599565207461213845e+01 6.800500788331655144e+01 6.800401580450288463e+01 7.467220968985026275e+01 7.555085200309353866e+01 8.836746615223164270e+01 8.476946916894510764e+01 1.046068697521209714e+02 1.080278007310232198e+02 9.959117144425613333e+01 9.585557453556478436e+01 1.059162064694551191e+02 1.143590281671758930e+02 1.136194030804113311e+02 1.051261375116215504e+02
6.101047412966256744e-03 2.000610104741260997e+01 3.695544362129419369e+01 4.836564343243728104e+01 5.429661853518916104e+01 4.053028821925692426e+01 4.264149499683877309e+01 4.980847502283330641e+01 3.209305622446335349e+01 4.980844532428595528e+01 5.485336289305954693e+01 4.980427928453519826e+01 6.600366955658319057e+01 6.675930431584488645e+01 6.678336374202042691e+01 7.484828426370808074e+01 6.888812857976085979e+01 4.879061543371157228e+01 5.615616642676645398e+01 4.612671254206478721e+01 6.618672774037423778e+01 6.599565232374517620e+01 5.285097430187733636e+01 7.285800840791029032e+01 8.789402880497191006e+01 9.449550008973969284e+01 8.707873919612424629e+01 1.033500439151902128e+02 1.045960561949487868e+02 1.078176658460606347e+02 9.959117137720231483e+01 7.954747088074793737e+01 9.959117045779943567e+01 8.573124671303904165e+01 1.026717870160966299e+02 1.034249869834378330e+02 8.478561741181806610e+01
6.842009524227352091e-03 8.941616439373039071e+00 2.041647603209541728e+01 4.016028680283756103e+01 4.619847925636540253e+01 2.683709636842085899e+01 3.670901410126547404e+01 3.315676723451953478e+01 2.234750463773231388e+01 4.175333229425228154e+01 4.107641218001527506e+01 3.920971268768178675e+01 5.293794386468458413e+01 4.880903650224269086e+01 4.892213733177973722e+01 6.678336374202042691e+01 7.721891383554000754e+01 6.302006761871232499e+01 7.445045460591060760e+01 5.618216499018605248e+01 7.445045460591060760e+01 8.105797709422397190e+01 6.441871795400403755e+01 6.138427383059037368e+01 7.558023134354324668e+01 9.540696714969026004e+01 1.066480025011499180e+02 1.145755836612137983e+02 1.019397882225612904e+02 8.762697816745225055e+01 9.250465286274072696e+01 7.267216897454564162e+01 8.363529642238566453e+01 7.438089675217770491e+01 9.426241456101651295e+01 9.495587473463002937e+01 7.491872797687956620e+01
1.934550753332892102e-03 2.000193455075297777e+01 3.405790514212120002e+01 2.686809400269918768e+01 3.547414880633137102e+01 3.545983358883349013e+01 1.698588260714996778e+01 1.352104800864727174e+01 1.533740345173880293e+01 2.520287191833979890e+01 3.948988283020305801e+01 3.099906378237653826e+01 3.253689654499068240e+01 3.792564419306567203e+01 4.670766793207769751e+01 5.880372618683189501e+01 7.803068157327237486e+01 8.330287660428989227e+01 8.444248646020540150e+01 7.619315380521618408e+01 8.445374045935700735e+01 9.253736784056376052e+01 8.438629355786176234e+01 7.558023134354324668e+01 7.299043902116751781e+01 8.454201507995381348e+01 1.042172280240490352e+02 1.078176658460606632e+02 8.762697816745225055e+01 7.367756610099904435e+01 8.207271162180661861e+01 8.363529642238573558e+01 6.403691085124255267e+01 8.363529618631285700e+01 1.026717121895018323e+02 8.787167270004387376e+01 6.806510973420189714e+01
4.364784840791047053e-03 2.000436478484043690e+01 2.292921464324443548e+01 5.042410244124710061e+00 2.511925260409820027e+01 2.843028768580765941e+01 1.097226089172178298e+01 1.543769985378760623e+01 3.493161702286163717e+01 1.806588182128761488e+01 2.001113624068037211e+01 2.526305184307526730e+01 3.789790791371299150e+01 4.746075519513976815e+01 5.650784269528520554e+01 6.380169555997672148e+01 7.197268246524104995e+01 7.389066989129430851e+01 7.623152298751611511e+01 7.393868131193656268e+01 8.217655435030761168e+01 9.364718931912615574e+01 9.816313159582507808e+01 9.540696714969026004e+01 9.285773853441246217e+01 1.009750435922757106e+02 1.123121562514992036e+02 1.078176658460607484e+02 8.762697816745225055e+01 7.367756610099903014e+01 6.247662112853834060e+01 7.371691055993831299e+01 5.981526852385171367e+01 7.935857807255574414e+01 9.577551131392108630e+01 7.574003045940389711e+01 6.195775254349533157e+01
5.219006137575642711e-03 1.467763842169448329e+00 2.934234815832834631e+00 2.017279765308967043e+01 7.180438066370609107e+00 8.700909080023659925e+00 2.843028788222655479e+01 2.933180778019869450e+01 2.223826644154335241e+01 3.759524423410159244e+01 3.948988541298723476e+01 2.311191587485102517e+01 2.532218240953396560e+01 3.474192281931479442e+01 4.805867807443412687e+01 4.404365764641174508e+01 6.359862271491284247e+01 5.388806999974698897e+01 5.674652722746829880e+01 5.421524992699212220e+01 6.554998659045159570e+01 8.539872884670418784e+01 7.834150954563405378e+01 9.238877003636818586e+01 1.012586247205263561e+02 1.127524875300368592e+02 1.049767970094555523e+02 9.494718240743954141e+01 8.658432197561334931e+01 8.035831737899552252e+01 7.371691055993831299e+01 5.417838020639743490e+01 7.371691055993831299e+01 8.766730321785301783e+01 8.070628966820696348e+01 7.242208586540503745e+01 5.781256584136997390e+01
