LEM/sinusoidal_perturbations/elevation_000746.asc
nrows	100
cellsize	150.0
xllcorner	0
ncols	100
yllcorner	0
NODATA_value	-9999
[rows 17 to 33 of 100, columns 37 to 73 of 100]
2.953052666437145746e+01 3.235389689896925347e+01 3.511774851483414750e+01 3.787906939000135509e+01 4.114510961532506172e+01 4.497345515787017689e+01 4.977940167458815779e+01 5.685178376898320352e+01 6.439291578709604380e+01 7.658824603856180602e+01 9.721685730908893674e+01 9.496090882074953754e+01 7.594465421830886953e+01 7.488326170828339912e+01 7.302141502673644879e+01 9.030276109735392254e+01 1.018017557688562533e+02 8.985599500032843423e+01 7.633913639133149331e+01 5.522666267607130663e+01 7.633913639127719364e+01 8.301171908350043793e+01 6.856144874998207683e+01 4.894386249570147385e+01 6.290895536523959208e+01 6.344282726074440859e+01 4.473207555217947373e+01 5.591150662725753762e+01 7.566768032125652610e+01 7.778945815761504434e+01 7.081184503703754274e+01 5.527826412534341927e+01 6.665547408770838445e+01 8.659865509858795463e+01 1.007708157551073356e+02 1.005671531015420754e+02 1.049614950897989729e+02
3.446208230429414243e+01 4.980763063063190543e+01 5.426264481747774937e+01 4.887470972495786015e+01 6.155324723345398041e+01 5.689604872534830093e+01 7.089239783247720084e+01 7.089239775911494235e+01 8.530692303904187668e+01 9.376117648185822873e+01 9.995173108537412077e+01 9.635597864832487858e+01 7.737439679031004403e+01 6.308055556741684455e+01 6.294157870778864350e+01 8.233516750499352099e+01 9.398576542489796282e+01 8.873408257970179136e+01 7.300462998768071543e+01 5.202219060728545941e+01 7.300462998417280858e+01 7.851744320357532558e+01 6.893270083484937061e+01 6.065722064000716784e+01 4.328235157906779307e+01 4.388197500811453011e+01 6.201734016874145539e+01 7.196879159547373206e+01 8.388762942343791451e+01 9.297647698653688053e+01 7.291800018581541565e+01 5.881145223076791950e+01 6.511014171458839428e+01 7.264966777187423475e+01 8.421774151695731803e+01 1.040476524597827677e+02 1.117530499050232891e+02
3.877326236514331725e+01 5.476253015383527156e+01 6.891194161443002031e+01 6.961563100152271488e+01 7.815543560173887272e+01 7.604285271819431102e+01 8.559805410062371323e+01 9.167397102020882471e+01 9.794664915704169061e+01 8.948432869636360465e+01 7.901692598995975914e+01 9.365828383299351856e+01 9.077464968495858955e+01 7.482884950931750723e+01 5.426199581116995319e+01 6.653748815972451780e+01 8.615505974457508387e+01 7.399544907682522421e+01 5.925681569819418115e+01 4.890976524999782526e+01 6.980816060694797898e+01 7.023866846112676399e+01 5.273522610265569455e+01 4.244672014766027957e+01 6.191434058853580069e+01 5.267904937419493905e+01 5.244408463847659618e+01 7.206237399190221993e+01 9.078547042031718206e+01 9.344445294769984400e+01 7.408803963667359938e+01 6.258456829007735678e+01 8.261387058396257999e+01 9.259884803893625360e+01 1.007708157551073356e+02 1.121907477143127494e+02 1.036365242461079248e+02
5.222870588163629435e+01 4.571308659597407598e+01 6.159381010214114838e+01 7.782371341124245134e+01 8.827062853659776920e+01 8.956534909766600094e+01 8.129019912123109748e+01 9.050616498276241373e+01 8.948432869636360465e+01 6.832344985911643676e+01 6.389406701676625744e+01 8.313504405926309460e+01 8.462943427770341032e+01 6.483217511953859002e+01 4.984912698784417273e+01 7.063065807805755014e+01 6.976603781129874449e+01 6.125550873553800812e+01 4.456698632149822714e+01 6.541444340600958185e+01 6.942437661217591938e+01 7.035297240783685879e+01 6.170882875693185099e+01 4.186338576566991776e+01 6.106474644952292152e+01 6.866524348485621942e+01 7.201591569925821545e+01 6.280248543008120521e+01 8.253717488254713430e+01 1.006817740931542602e+02 9.037178448480793236e+01 7.414733668412448253e+01 6.923154310488804697e+01 8.930503432349976833e+01 1.053407063942477464e+02 1.142133790705767638e+02 1.117530499050236443e+02
5.093630875817138559e+01 6.159260302347206562e+01 5.429453474934648938e+01 6.434085632846151270e+01 7.901981935426788084e+01 7.265169257198034813e+01 5.929209320649425763e+01 7.890297392175502011e+01 8.922509748990897549e+01 6.814120154878915514e+01 5.332732680346042287e+01 7.452132772817707007e+01 8.370603667099733514e+01 6.293058835753168268e+01 4.585206690672470131e+01 6.141905731469596930e+01 6.052314443947693690e+01 4.054373888656066782e+01 5.795872224859859756e+01 5.836421867717543677e+01 4.568350686013557294e+01 5.534826573921991866e+01 6.128696567319845201e+01 4.128679301836946536e+01 5.519669692551994444e+01 5.347208555204000646e+01 7.101195434004064566e+01 8.266562432259878790e+01 7.904614721930001053e+01 9.877045056796586664e+01 1.023740799641697237e+02 9.417937097314340633e+01 8.086243559312204354e+01 7.713432075795408593e+01 8.615552448023514387e+01 9.771758300137511810e+01 1.174608498245066954e+02
4.376774474392530578e+01 6.823737008099968193e+01 7.031094104700990499e+01 7.782358515393852372e+01 6.725546974504041486e+01 5.058994273837189581e+01 4.891418826311051049e+01 6.992819709148567142e+01 8.550301062765501570e+01 6.288992406973467553e+01 4.707466478473246241e+01 6.086345662756724550e+01 6.814196991686131355e+01 6.586456145538491569e+01 6.053164282559882992e+01 4.075061398610809960e+01 5.354671088600390760e+01 3.955477772286140947e+01 3.708092411749395723e+01 3.742457868301362822e+01 3.777196948848403935e+01 5.207678761324851990e+01 5.777942880283863047e+01 5.914109791129627780e+01 4.048271328010043391e+01 6.039666913255803848e+01 7.101024749360514932e+01 8.937209587360092655e+01 9.877045056796585243e+01 9.357634763591447324e+01 1.018915527163075012e+02 1.090080694951400631e+02 1.008378386631540877e+02 9.134905004397008099e+01 9.134905004397008099e+01 1.111874807774131000e+02 1.255937949385276937e+02
4.901026745447192212e+01 6.607298593008430032e+01 6.808288179271418983e+01 6.628891087533749271e+01 5.834051566185656412e+01 3.809226295359227521e+01 5.831850269364543493e+01 6.916845587458763589e+01 7.676854005201283826e+01 7.665456666591164492e+01 6.086343066535321356e+01 4.023918282500851262e+01 5.447924064040069680e+01 5.303179089774365451e+01 4.948925030732034713e+01 5.510443653239764927e+01 3.626482900962885481e+01 3.660252985033604034e+01 4.090162707611238346e+01 5.478810589350775473e+01 5.689388198615878878e+01 3.827521197866981595e+01 4.242083707078615618e+01 4.740652118004218352e+01 3.992968234720921572e+01 6.374532313649987003e+01 7.831921667628962780e+01 9.278469128458564796e+01 8.441597344936505465e+01 7.309312825545545422e+01 9.013464516232225776e+01 9.925588921379888063e+01 1.109489883973585620e+02 1.111874807774131000e+02 1.111874807774131000e+02 1.193323627445253976e+02 1.195962895824363272e+02
4.718832253979883262e+01 4.544174030622842508e+01 4.518661498364423323e+01 4.476102867182112988e+01 4.969199960025930807e+01 3.330992963828627751e+01 4.233191755531159117e+01 5.454776450946560828e+01 6.748012295633094482e+01 6.016127922053479438e+01 5.876579039900550328e+01 3.869450432076828150e+01 3.473504450575563851e+01 3.508953580931515148e+01 3.544009022125549535e+01 3.578580918919959686e+01 4.972592115042979088e+01 5.594500729532843764e+01 5.846976041911714361e+01 4.766627298359056653e+01 6.494582131937733038e+01 5.445647821567534663e+01 3.879278901703747806e+01 3.916648821341720321e+01 5.926106707017142838e+01 5.265468755346552143e+01 6.778815710106663062e+01 8.107095629590037333e+01 6.410558461096796634e+01 6.149025930265129603e+01 7.041198291687085487e+01 8.230686188588255447e+01 1.026935531255567469e+02 1.010258287979036425e+02 1.092691808913101710e+02 1.165646707436426226e+02 1.080417346076674079e+02
2.951473796843096764e+01 2.989732566497492527e+01 3.028038587044120433e+01 3.066311482166029379e+01 3.104500347036993446e+01 3.142533895281021117e+01 5.071427855176207089e+01 5.544356259095759754e+01 5.300434080911699652e+01 3.351245164988809933e+01 3.386927485946576866e+01 3.423234845619131050e+01 5.054387907465756058e+01 5.216225391146859636e+01 5.115891472615424362e+01 3.653312037703134507e+01 4.384938878273147367e+01 6.053437745692978922e+01 6.996016860130833948e+01 5.253308377025844322e+01 7.076828481250740310e+01 7.319976362817769200e+01 6.508297693082033675e+01 5.570439043946909408e+01 3.995939636104715476e+01 4.053527623945102221e+01 6.069037160629282113e+01 6.569412787458782077e+01 5.290334763903887705e+01 7.268976498617050197e+01 8.857908331872781105e+01 9.686389673294304714e+01 9.766669654854889870e+01 8.084901450291394553e+01 9.766669654854889870e+01 1.023894918800113061e+02 8.821431301637989009e+01
3.657593773764565270e+01 3.555429413833948615e+01 4.725355638617638476e+01 4.942549494566203094e+01 5.031586417790122567e+01 4.927146570490467070e+01 3.195956939708267441e+01 4.933105572316819831e+01 3.300291587055397002e+01 4.100367590796203388e+01 4.475075973491760806e+01 3.423068384944109965e+01 5.260348353189174020e+01 6.318057580172663990e+01 7.246282351120849796e+01 6.603742659072088372e+01 4.845134770479853614e+01 6.685129288207384946e+01 7.799774273454724494e+01 6.538798778721584881e+01 6.073792778192569131e+01 7.890065890617350419e+01 7.433704612725190941e+01 5.435173761987214647e+01 6.009814422959294689e+01 6.027024222952304200e+01 4.137222896077276602e+01 4.604243736458787595e+01 6.569415957657655269e+01 7.426582445429906443e+01 6.833708543987427220e+01 8.857908331872781105e+01 8.937673963330226456e+01 6.917865596076833867e+01 8.937673963330226456e+01 9.230920325250890812e+01 7.387813010071377562e+01
5.180053991694872195e+01 5.097665042641034461e+01 4.406088526851786469e+01 5.987361054459745446e+01 6.199375710748124391e+01 4.372367471615581991e+01 3.294551074810664915e+01 3.248637388764865364e+01 4.741829585024476756e+01 5.463847255541476500e+01 4.390303704370490578e+01 5.258226195816122583e+01 3.639189546947158505e+01 5.593191512337712368e+01 6.549127662332732314e+01 7.378037934403013764e+01 6.727091709200034586e+01 5.907128216108505825e+01 7.846019119319844037e+01 8.379061401532213438e+01 6.699239810464020195e+01 8.541350302881711798e+01 8.284049678066658373e+01 7.454906276468436488e+01 7.007240295489216919e+01 5.003322081200290228e+01 6.103551314432015573e+01 4.223604602583368717e+01 6.238614644798060738e+01 5.398743007187987786e+01 7.369522220415122149e+01 8.396883492502810498e+01 8.223563866730839322e+01 6.213114358008428439e+01 8.223563866739112882e+01 8.399269315700831839e+01 6.383590671379266723e+01
5.649261393875150361e+01 6.621015836486890294e+01 6.046685925491308211e+01 6.029869611854935840e+01 6.945020395794517754e+01 5.613659468668910790e+01 3.608841049826234126e+01 5.280453800827691424e+01 5.833423916117081376e+01 5.874964338128005892e+01 6.145370792169503460e+01 6.190538899363901493e+01 5.593049879582670059e+01 3.811710051283659340e+01 4.554992881076393019e+01 5.713564378885835282e+01 7.732143327326984661e+01 7.232592700254387807e+01 7.846019111077511354e+01 9.340680257754712557e+01 7.588408617132373024e+01 9.340681226432710105e+01 9.431976156309383441e+01 7.421595765697574620e+01 6.004058456058750437e+01 7.007240502701031915e+01 7.050833010077823815e+01 6.238652050345332611e+01 4.311197409546537074e+01 6.324109707183626483e+01 5.812569406347090961e+01 7.185138895650878510e+01 6.843345420190779294e+01 5.618084156595044476e+01 7.256567228904766864e+01 7.476918546449519454e+01 5.997039668477304986e+01
3.914008178526810866e+01 5.881999707648785147e+01 6.947193942631052721e+01 7.822844547488203659e+01 7.038735542325827055e+01 4.880444574225663956e+01 5.673711946076070234e+01 4.200276203221761051e+01 6.331390757827356452e+01 7.719862666696566578e+01 7.844681014827050092e+01 6.908746832237586943e+01 5.916587421113732148e+01 3.934163393870622372e+01 5.916381345909217515e+01 7.385301803389756969e+01 8.573058908607592343e+01 9.326961499745604556e+01 9.956559323224716707e+01 1.029902974564940195e+02 9.494291997381232306e+01 1.029903191662069588e+02 9.431976156309382020e+01 7.421595765697574620e+01 8.010422549343320497e+01 8.105681096831919774e+01 6.797601782932240155e+01 4.791651107335382420e+01 4.842265546692728151e+01 4.401274511374713683e+01 4.465138581807067908e+01 6.123757581625289959e+01 4.842813334026604366e+01 5.046113804425648652e+01 5.263152624489142539e+01 5.481606011919864585e+01 7.476903174796859730e+01
5.881999798765814802e+01 4.140867180830413474e+01 6.120108364444104154e+01 7.193624255183020466e+01 7.918166849819226627e+01 6.402230818644973454e+01 6.828703677906867142e+01 4.660986730894700258e+01 6.187540708914543330e+01 8.377010294589300088e+01 7.108468474455604280e+01 5.127962372095677068e+01 4.123605787916074661e+01 5.019153119086651316e+01 6.433778338887576353e+01 7.100836068166644566e+01 8.710546392389626646e+01 9.022006916006476729e+01 9.832193046129299319e+01 1.029385692581841454e+02 1.041180021295371603e+02 1.122433029785919132e+02 1.025894313173751442e+02 9.431976156309382020e+01 8.577126176889008491e+01 7.129230433959840241e+01 5.291046991946927136e+01 6.797601782932240155e+01 7.043493459971537618e+01 6.410956199025591218e+01 6.472541933800339109e+01 4.555434583900800760e+01 6.551617997983714758e+01 7.038950066530483696e+01 7.256567228904766864e+01 7.476918546435555868e+01 5.877597957621576086e+01
5.535965147042834644e+01 6.120104602720497411e+01 4.381084003193640086e+01 5.783315792128401256e+01 7.806318627010905686e+01 8.575399159392516424e+01 7.395577511194503018e+01 5.200084672828072740e+01 6.755490402668706906e+01 8.940884441323971998e+01 7.817549003108459260e+01 6.238129823574722366e+01 4.264552033487687055e+01 6.241392021819028457e+01 5.796080773699483046e+01 7.017489655901336221e+01 7.544054121114898237e+01 7.122009284125890360e+01 8.350847506294789468e+01 8.350847506294790890e+01 8.452740531913750033e+01 1.041180021295371603e+02 1.049977554945422042e+02 8.488348441649409892e+01 7.849604430797381838e+01 5.835645025863330204e+01 7.299786713265838500e+01 8.131780387096274865e+01 8.709753458787373859e+01 7.031778118440863068e+01 5.132559029828840380e+01 4.622351077276125864e+01 6.624753361521703710e+01 7.544922934598430686e+01 8.484595627209192514e+01 8.709354042615652247e+01 7.881867902366931844e+01
7.530359016123313154e+01 6.543015918534024422e+01 4.556082915710432246e+01 5.699441951868390532e+01 7.106441394844385684e+01 9.096009271884790337e+01 8.062445301789534824e+01 5.850695056372645553e+01 8.062445301789534824e+01 8.714458667360192123e+01 6.735726906734515751e+01 5.331373909323649940e+01 4.427641481708096194e+01 4.714655238139511084e+01 5.047840523676934765e+01 5.381761115974450149e+01 5.720940185603051020e+01 6.097885390908708558e+01 6.494807698881793101e+01 7.115400651487969697e+01 8.199335919374928494e+01 1.015651191657768209e+02 1.010942971735253053e+02 8.488348441649408471e+01 6.468462525393194085e+01 6.995894782447614091e+01 8.681463515955250898e+01 9.790471975718392628e+01 7.875504999080816049e+01 5.896789354957209639e+01 7.031287480778090071e+01 6.605945322209620940e+01 4.717188739447374246e+01 6.715982783870073547e+01 6.454615866047623740e+01 8.458102613118209945e+01 8.579012642082277296e+01
5.886042728977832184e+01 6.723528013655366919e+01 4.736120706366944688e+01 5.620853067791567526e+01 6.768673802926892336e+01 8.772320732763461137e+01 8.842063937871311907e+01 6.636969445642881738e+01 8.842063937871419910e+01 9.294577064782825460e+01 7.315283981378084377e+01 6.590457859645253791e+01 4.595067800009622516e+01 6.590457859645253791e+01 7.309793105341468333e+01 6.674157947527147883e+01 6.991897201501846837e+01 6.853473362413950554e+01 8.350847506294789468e+01 7.535563839242418283e+01 9.464545706778858403e+01 1.096941578411206279e+02 9.281817712161817724e+01 7.258860065253381322e+01 7.634632242248882505e+01 9.015793493754634369e+01 9.844333919566990687e+01 8.959926711423118206e+01 6.931159456158201237e+01 7.875504999080816049e+01 8.152905546587192021e+01 6.131156078932581721e+01 6.696512220861929165e+01 4.811968694695617188e+01 6.730570679823640035e+01 7.482356898386274224e+01 6.598382832875404347e+01
