LEM/sinusoidal_perturbations/elevation_000708.asc
nrows	100
cellsize	150.0
xllcorner	0
ncols	100
yllcorner	0
NODATA_value	-9999
[rows 17 to 33 of 100, columns 37 to 73 of 100]
6.981584680323817338e+01 7.431449217262493789e+01 8.258267335162906875e+01 8.569546017091593626e+01 7.984210016949563737e+01 8.425380409104245416e+01 6.753161945316018944e+01 8.425380409104245416e+01 8.825723262775977673e+01 6.869230301867470700e+01 5.471420668685799171e+01 7.442276213577585509e+01 8.634865520149317319e+01 9.452633242158013616e+01 9.676024923509621090e+01 7.703869402993599635e+01 6.307676195423452015e+01 7.067436646172289727e+01 5.064014865994172254e+01 6.233755663155477578e+01 8.206184132006310961e+01 8.490497731456527220e+01 6.381833853886848829e+01 8.016547296073939322e+01 8.861483441869670230e+01 8.529210140610075541e+01 6.727762205157200981e+01 4.735342692876364623e+01 5.915534530065365715e+01 5.973714142037048447e+01 4.055331406053309706e+01 6.055035096973844588e+01 6.971015507974952641e+01 7.708513338977277840e+01 8.586962162055773717e+01 9.182136367812903188e+01 7.230686641307670470e+01
7.100965668288542076e+01 5.423468772833073359e+01 7.100965668288542076e+01 6.570087583242199969e+01 5.984338892344566574e+01 6.528444627892476149e+01 5.597279338804700188e+01 7.597731039972144629e+01 8.537265352599197854e+01 6.577766875397917090e+01 5.172950144982881682e+01 6.751924632623133959e+01 7.409406185051720684e+01 8.224332025877866670e+01 9.205264221430711302e+01 9.102081289246039830e+01 7.294588299193723913e+01 5.298026890213948548e+01 4.712451065931812622e+01 6.148982155646782388e+01 8.128471307502493914e+01 7.744972489635874524e+01 5.629024934241361677e+01 5.907160010203913458e+01 7.655385951414798740e+01 7.972861009517720277e+01 6.623700025491024235e+01 5.723809730843226617e+01 3.918009015121094762e+01 3.974187347819596994e+01 4.289211039693867633e+01 6.284825121539669368e+01 7.492158301715740265e+01 8.304469102629940380e+01 9.280635799251389528e+01 1.000329667071912496e+02 8.604629739326099980e+01
6.272141110364335503e+01 4.265435316188462878e+01 6.272141110364335503e+01 6.503223213504341516e+01 4.568284075207762385e+01 4.526596783396896484e+01 5.942673699709131796e+01 7.942620747156585992e+01 8.254347137181004257e+01 7.205512725537093388e+01 6.389090101408300626e+01 4.764595703706750385e+01 5.436961716941534917e+01 6.430769871977318530e+01 8.388042500683920366e+01 8.843764092847416691e+01 7.699374044026558295e+01 6.401698901630790317e+01 4.379387053261998375e+01 6.401698901630790317e+01 7.391864742479536687e+01 7.149282975893845560e+01 6.297225853006458607e+01 4.732492679782556166e+01 6.532965015071832227e+01 6.572222581687205434e+01 5.171280310163721339e+01 3.839087747848680721e+01 5.833819665588880099e+01 5.518091311151053446e+01 6.277968303214254320e+01 4.764953547894710795e+01 5.531479976399446485e+01 6.519619436261082512e+01 7.891722045466478619e+01 9.850143851966743114e+01 1.057636070266611767e+02
5.533929226317734162e+01 3.563396293132099402e+01 4.666973994378112423e+01 5.028158954878341547e+01 3.681606339482421220e+01 5.674853838929689687e+01 6.399381970322389179e+01 7.217680157168237542e+01 6.857853207515886140e+01 5.461359277850779392e+01 4.398559059289280526e+01 6.334117325473239646e+01 7.409405831145585353e+01 8.224331697751620140e+01 9.205263301277422272e+01 8.021834784913190219e+01 6.040592346506986843e+01 4.869162649795858044e+01 4.098872046679360892e+01 5.746670443782838333e+01 5.108125357605152317e+01 5.350643406114012635e+01 4.070468366301377472e+01 6.063804624999384885e+01 5.396326079684747157e+01 5.671731496176107612e+01 3.760528797497066478e+01 5.752621300785664005e+01 4.848291985299191253e+01 6.777292962095872042e+01 7.505164697473456670e+01 6.749434416385092561e+01 5.327634692482401846e+01 7.285749127934325031e+01 8.368472426876618897e+01 8.983786705255774052e+01 9.801853240218491692e+01
4.333266201524124739e+01 4.407704618257398721e+01 2.726214455423131966e+01 3.053506084253356789e+01 5.028158954878341547e+01 6.073486202518572696e+01 4.414988802629567033e+01 5.477641346028675429e+01 5.706591779501115269e+01 4.051352164153768598e+01 6.040173922628000724e+01 7.205504291053276233e+01 7.651637292433963466e+01 7.834761466127308438e+01 7.966909588094762285e+01 7.702980949618850559e+01 7.699374002204646672e+01 6.877866534515311514e+01 5.746659845985405468e+01 3.736881382142669139e+01 3.441328398146789880e+01 3.469266925812206637e+01 4.594290091597675740e+01 5.531683005389719199e+01 4.307390957178939317e+01 3.681989309722350612e+01 5.671728372929652551e+01 6.572294025127715145e+01 6.276052990108769336e+01 6.276052990119210762e+01 8.243090093470578950e+01 7.974673360073238371e+01 6.307819950202564030e+01 5.954633437349689729e+01 6.451723930032781595e+01 7.069811661338299302e+01 7.958091849191497147e+01
2.467181987857258818e+01 2.500462501865512266e+01 2.533839309699956388e+01 2.748802103528606722e+01 4.725151215281258033e+01 4.947667782989467611e+01 3.281856067195018056e+01 3.499439474011710161e+01 3.723589889666381936e+01 5.706591776285797835e+01 6.857852654804760562e+01 6.939286783052702390e+01 5.455045195812057557e+01 5.289121512613565557e+01 5.457903661497056902e+01 5.738574992062876134e+01 6.522526845824722841e+01 5.778105838077762257e+01 5.311288171038120964e+01 5.208970536090361492e+01 3.416676810293863298e+01 5.165270640733780283e+01 3.525291621267803777e+01 3.564451907188228574e+01 3.603279513443995796e+01 4.276943092922975609e+01 6.268505198880420437e+01 7.634838291803006882e+01 8.243090074364471320e+01 8.243090093470578950e+01 9.059547003128983533e+01 8.967387902903590202e+01 8.114108139068008541e+01 6.915039124531547543e+01 8.368472426876618897e+01 8.009533826467195183e+01 8.983786705255774052e+01
4.410583629405576289e+01 4.377366707908345234e+01 4.477656981932903335e+01 2.581415382052430019e+01 2.783842997084954973e+01 2.986456982907962043e+01 4.947667782989836383e+01 5.477641346028675429e+01 5.418789262438283316e+01 6.295243431112844235e+01 6.328195768272927069e+01 5.424224815821548873e+01 4.238946121274779699e+01 3.648884704729858441e+01 4.052254980401867357e+01 5.827962671667565075e+01 5.466812421439718150e+01 3.456593731995759811e+01 3.325961275187637511e+01 3.363415570149297196e+01 5.348376307872822366e+01 6.024940412606792961e+01 5.716888944110161930e+01 4.730594816719829510e+01 5.591509354950442656e+01 3.679384857290339284e+01 4.828880700537936121e+01 6.817605613159956590e+01 7.522221473464216501e+01 8.214222469214178091e+01 9.030127366126768607e+01 1.016305482552506021e+02 9.668970417949618934e+01 8.850559126225455486e+01 9.668970417949618934e+01 9.965566047687296702e+01 1.078704309521605182e+02
5.710395435096233996e+01 5.717763236259602166e+01 4.586850177787736982e+01 2.615537756901444411e+01 4.500445101171017370e+01 4.938211160252723886e+01 5.406543294428384172e+01 4.953707523987211658e+01 3.108674875055671194e+01 5.269751400488390658e+01 5.391267390296825113e+01 3.066194971628131327e+01 3.061961961336135474e+01 3.096902338593310589e+01 4.437284903319125817e+01 5.147931558920735284e+01 5.201386576845024479e+01 3.273256449255079303e+01 5.256912676370387771e+01 3.770161639085070959e+01 4.603278013562231052e+01 6.594730170945790348e+01 7.505991045335591139e+01 6.710441246566091422e+01 5.724684800238578219e+01 3.733120787834095466e+01 5.724685207290048083e+01 6.640062043798960190e+01 5.549653015605534989e+01 6.256948082483599904e+01 7.387960634411547289e+01 9.342917125732131467e+01 9.970849295303298732e+01 9.419447354117822613e+01 1.012289305725723523e+02 1.093104457535704626e+02 1.184552607175049701e+02
7.112592628800673822e+01 4.702312070700429558e+01 3.008336908104899621e+01 2.649654968393411281e+01 4.570870513091936971e+01 5.190583989364643003e+01 2.970251196756560930e+01 2.845843363768755907e+01 2.880567589736774892e+01 4.591816951477230191e+01 4.789233075615385360e+01 3.013554458248474077e+01 4.901539005778038671e+01 4.753382090910334057e+01 3.148317632875518868e+01 3.184807718396713838e+01 3.221176134925661216e+01 5.125934175679242344e+01 4.183430244346666171e+01 5.914970629140949399e+01 6.546508608932458628e+01 6.596152664178183045e+01 7.280111725063990491e+01 5.295249980914201160e+01 4.417628784072373094e+01 3.786794656358109989e+01 5.723757239922281315e+01 4.646069358926909842e+01 6.640062043798960190e+01 8.214222469214178091e+01 9.030127366126768607e+01 9.363823931213617868e+01 7.911949704445655129e+01 7.410655691337329642e+01 8.152251130679317725e+01 9.221589757001565602e+01 1.041319937683968391e+02
7.097958694132312019e+01 4.944456844416405517e+01 4.763948761329833559e+01 4.451579569996845720e+01 2.697906610155152407e+01 4.493799481262377071e+01 2.796600493327991188e+01 4.462286598540408278e+01 3.925082231743522243e+01 2.929350539877071213e+01 2.963641996139548596e+01 4.926523342922394733e+01 5.713224367523464053e+01 5.767314725104328943e+01 4.628194903358127021e+01 5.144202615060407169e+01 3.466880482181608158e+01 5.364032484102146725e+01 6.173795845127629178e+01 5.248509838432804031e+01 7.236448780745620013e+01 8.572302467041504315e+01 7.280287242876492826e+01 7.107954145718092320e+01 6.287672761692620327e+01 5.780081889289707675e+01 3.862860823103297747e+01 5.833457007491891488e+01 6.006781169637473994e+01 7.813971707727715454e+01 8.622489571756888438e+01 7.766775402730287681e+01 6.473334800807946010e+01 8.514987432825648739e+01 1.012289305725723523e+02 9.950421436798386310e+01 8.703188787287781736e+01
6.331468706594143470e+01 5.928027776712702490e+01 4.869253376886243956e+01 2.904208063564352571e+01 2.828401002783736828e+01 2.747224880088626264e+01 4.702773330359941184e+01 5.351154322189947976e+01 4.649189935586840505e+01 4.710362155705008291e+01 3.212874595295141944e+01 3.150529575719575348e+01 5.134593672839540801e+01 6.155442598585528913e+01 6.740171253060772472e+01 6.175334516796050366e+01 4.780989558966404473e+01 3.925924944749758083e+01 5.918427941468242892e+01 7.236448780745620013e+01 6.658329580055803376e+01 8.632152007383045600e+01 9.259408030776303633e+01 8.270686012636147666e+01 6.621664885547471613e+01 4.645983825909402753e+01 5.800507354280773598e+01 3.939823186308056080e+01 4.346424845786403779e+01 6.777899799010721438e+01 7.766773981224326917e+01 5.715361036900580416e+01 7.766775402730287681e+01 8.546377040697845473e+01 9.182853009238024811e+01 8.706651380733360668e+01 6.620251481560748630e+01
4.334315350518533450e+01 5.095656352190136573e+01 3.121834079722199817e+01 4.869256347631657178e+01 4.810166623352609605e+01 3.096566306740268359e+01 5.081639099614232435e+01 6.361500123684140817e+01 6.306641190839159350e+01 6.324631531511082727e+01 4.791838695889985189e+01 5.135381250215314708e+01 3.344094162068912368e+01 5.211897473586494556e+01 6.517227089593176004e+01 7.596263600120843762e+01 6.330201443825097840e+01 4.319624072443095741e+01 6.330201443825097840e+01 7.846640645988669860e+01 8.632152007383045600e+01 9.452989803114158462e+01 9.365777274134192965e+01 7.483718621951587124e+01 5.548302461563937982e+01 6.610342137190579592e+01 6.657044625945110283e+01 5.855772420424128910e+01 4.017185732108286089e+01 6.066221839163868168e+01 7.306939912717786001e+01 5.248615340302418275e+01 7.164056121155890366e+01 6.654809023696499537e+01 7.626458710949071929e+01 6.114823021468644981e+01 6.533782529307032405e+01
4.090008109216416443e+01 3.348379914050786965e+01 5.101560791123289107e+01 5.931610758584480436e+01 5.961216909357037252e+01 5.105836282676252580e+01 3.640641998171285110e+01 5.679852335814103270e+01 7.185602743369075540e+01 7.699180566858515817e+01 6.513930404626290738e+01 4.761549673476709188e+01 4.921824671610598045e+01 3.547371461008278004e+01 5.047849443740742714e+01 7.322900564113827215e+01 7.154177806672279871e+01 5.487170101758915308e+01 5.015090098995376167e+01 7.021822055992036837e+01 8.756365659072857000e+01 9.905469117988718608e+01 8.026737360849513436e+01 6.683377313118261043e+01 7.483219691433193077e+01 7.590071932819614631e+01 6.512734903759962890e+01 5.078131639571045497e+01 4.072070931573156116e+01 6.085514269971419310e+01 6.508266454358304998e+01 4.796093122762057703e+01 5.063030679439372506e+01 5.336782493437524266e+01 5.621022203934597883e+01 6.092201427625425936e+01 7.976546001584986811e+01
6.098429284607166068e+01 4.751185717791791063e+01 3.594650025470011201e+01 5.595324370656164348e+01 6.686738276326512675e+01 6.532791099368448329e+01 5.679853223426844266e+01 4.266234515654465298e+01 5.722141879926962105e+01 7.809862399433143310e+01 7.323888381916549406e+01 6.289069420388407394e+01 4.521669400681181372e+01 3.694151450044763152e+01 5.111929279906001256e+01 7.129830651731742819e+01 8.304243002520118466e+01 7.481803673273992672e+01 6.025784419374576828e+01 5.920991176774087705e+01 7.339405944024346695e+01 9.342790407706640110e+01 9.365777274356742055e+01 8.577005167760106019e+01 8.083193958456860173e+01 6.803719797884198783e+01 4.756771805156985522e+01 4.433545542212000612e+01 4.127185317184014934e+01 5.101993348491200209e+01 4.495320537608891698e+01 5.970778494968848804e+01 5.641966407594203758e+01 7.238126177238788728e+01 7.626539769003589697e+01 7.402788061561111022e+01 6.785631934026655188e+01
7.588240482936215869e+01 6.425750578513978439e+01 5.595324732773250531e+01 3.848077454842760403e+01 5.319069753759546870e+01 7.256002232867236046e+01 6.854783351584170248e+01 4.770145272416807813e+01 6.242806226563219241e+01 8.332226793804323961e+01 7.884917908188288038e+01 5.935363895466009865e+01 5.858371278816300531e+01 3.844884717915982009e+01 5.267141190006043416e+01 7.285726890065951977e+01 8.752135065741755682e+01 8.842499984307568184e+01 7.435884686416201816e+01 7.090103093187759953e+01 7.558506613782526529e+01 9.562158787601102006e+01 9.706963865942195469e+01 7.796097602684078254e+01 7.287916267789670144e+01 5.267109990453980117e+01 6.797454567461366537e+01 6.656006675786497340e+01 6.054722101827002234e+01 4.206925392887777804e+01 6.221774925411676804e+01 7.062334206385519053e+01 7.385738823629765193e+01 6.486927121748986735e+01 8.187292378747486055e+01 9.361293722751858581e+01 8.120704820120340628e+01
7.603073633523858632e+01 6.935586197727054980e+01 6.045350997413155625e+01 4.037108797350688860e+01 4.157002177360222106e+01 7.672625728431106040e+01 7.518470002741403846e+01 5.419726873916946630e+01 6.854783348858300940e+01 8.927409573666008669e+01 8.697668995818207804e+01 7.884917908108660356e+01 6.016070388375050015e+01 3.997451153958453318e+01 4.898456202948774063e+01 5.912373525838150101e+01 7.339872193984533055e+01 9.345876382304298602e+01 9.422871645523484574e+01 8.594552093907790891e+01 9.562158787601102006e+01 1.023639042044740251e+02 9.138792156646523779e+01 7.796097602684085359e+01 5.823021449461384691e+01 7.287916267789668723e+01 7.962871506621934259e+01 6.298667626007674869e+01 4.290673133302158959e+01 6.216233884367044737e+01 6.221748215465192544e+01 8.219031793366185923e+01 8.966173066897127342e+01 7.661151608118821343e+01 7.661151608118873924e+01 9.457508562916527239e+01 1.014055378657284763e+02
5.600611326136270662e+01 4.923107199162801351e+01 4.313047299137213031e+01 6.045350997419272687e+01 4.951613143493453606e+01 6.989186349632751671e+01 8.362146850768188244e+01 6.908691690181952083e+01 6.751247606124056233e+01 8.838675015560697545e+01 8.765869652224888853e+01 6.754764707489617592e+01 5.323932856773840427e+01 4.154156353212577102e+01 6.177639280185763937e+01 7.367985412371007214e+01 8.058464604608184345e+01 8.911358911076206368e+01 9.950879807794838428e+01 1.084179961328729433e+02 1.053591507305792305e+02 9.447795158361439860e+01 7.547822771398045916e+01 6.423105429296978741e+01 7.796097602684085359e+01 8.587464893068896288e+01 7.413122825589204012e+01 5.554967215969751493e+01 4.350198467276615588e+01 6.359300683946607080e+01 7.425394631278444990e+01 8.236841984507495340e+01 9.109742202192551019e+01 9.457508562022479737e+01 9.457508562916527239e+01 1.027120334534602364e+02 1.151765508386255874e+02
