LEM/sinusoidal_perturbations/elevation_000602.asc
nrows	100
cellsize	150.0
xllcorner	0
ncols	100
yllcorner	0
NODATA_value	-9999
[rows 51 to 67 of 100, columns 37 to 73 of 100]
6.790499607123128101e+01 5.357374760730614582e+01 7.355715252994730236e+01 8.559129416238037891e+01 9.382440434965863574e+01 1.018519518894507314e+02 1.100937655468779326e+02 1.126618919501332243e+02 1.027206170427880494e+02 9.448461834695035577e+01 8.784507251820799922e+01 7.474393892461553435e+01 5.450168102081711652e+01 7.474393893213999718e+01 7.783392425745762466e+01 6.104060765368791408e+01 7.171177628806125881e+01 5.723860204324218870e+01 5.893752053736795915e+01 6.614700907772864014e+01 8.612017476332859189e+01 9.630835672297230587e+01 1.045485116278335340e+02 1.134418272794225686e+02 1.264502659938868163e+02 1.182416940698318086e+02 1.197416590150738358e+02 1.115347117569088624e+02 1.197416605739018252e+02 1.209289397341447767e+02 1.291291496523927833e+02 1.104090213002128422e+02 9.520600437648191416e+01 7.431709092836831587e+01 8.907663830230369229e+01 1.100036681604603217e+02 1.090105889708250544e+02
4.785150796380438720e+01 6.790499607123128101e+01 8.179355513800500432e+01 9.604148267543341433e+01 8.780686611518251539e+01 8.198920110372286274e+01 1.018519518893553624e+02 1.040419368279259658e+02 9.580555660236454685e+01 1.004915343762568938e+02 8.637664361701784799e+01 7.132237285224084644e+01 5.101798709545948185e+01 7.132237285224019274e+01 6.656468367593245716e+01 4.921271285541511986e+01 5.140057699847883299e+01 5.448139100803658863e+01 7.473037964595508242e+01 8.612017476332859189e+01 7.882472124035271577e+01 9.288604337287047485e+01 1.126470003798549726e+02 1.223479350824096059e+02 1.150060375038556089e+02 9.841774568980318350e+01 1.098271758958177315e+02 9.169926271707664966e+01 1.069214628841271946e+02 1.011193759982268716e+02 1.209289397341447767e+02 1.122603452454963389e+02 9.137317649562645272e+01 8.163050187054902551e+01 1.026307222790711791e+02 1.152574007894149588e+02 9.436044696407309118e+01
6.206856496660962108e+01 6.206856496660962108e+01 8.199538719986571778e+01 8.780686611506335737e+01 6.791940038303003746e+01 7.786313380699618847e+01 8.609895656319294233e+01 9.580555659168260263e+01 7.584940043847086599e+01 8.169442324672546363e+01 7.226175312200221867e+01 5.794124035062782241e+01 4.769950926206207242e+01 6.364428931598444450e+01 4.622649031218796267e+01 6.656468367595320501e+01 7.171177628806125881e+01 5.892133543846274790e+01 7.906731173474469188e+01 9.623877487404277531e+01 9.867389367748046425e+01 1.068550591220215011e+02 1.165544933830811942e+02 1.025399785909611126e+02 1.067961469099948602e+02 8.693761254368104119e+01 9.533144203318362031e+01 8.173760948001350357e+01 8.707010636213175303e+01 1.069214628841301220e+02 1.257119546926493854e+02 1.206957214085363574e+02 1.111436555294809665e+02 9.215538516663794155e+01 1.111436555294809665e+02 1.116941659571296697e+02 9.071629643231760554e+01
8.199538719985790181e+01 8.199538719986549040e+01 9.023078195852339434e+01 7.828052743178301398e+01 7.003666227684308865e+01 5.790947036650598534e+01 7.786313421401752066e+01 9.580555661461728789e+01 7.584940043847444713e+01 6.158617182230018727e+01 7.269388601322415866e+01 6.708513567980843106e+01 6.364428545424847528e+01 4.333567616380867094e+01 6.364428931598444450e+01 7.486604365409867512e+01 8.731414320247016292e+01 7.322253626543684391e+01 6.801661151379727244e+01 7.805423867809113858e+01 9.214278814797881978e+01 1.120067004091354477e+02 1.066267636017191762e+02 8.847463318191182680e+01 1.065698671423463253e+02 9.530307962448395642e+01 7.541959300368911556e+01 9.533144203319014309e+01 1.062196828208234933e+02 9.769944354599412861e+01 1.091426869534681572e+02 1.289432619724424853e+02 1.215286854311251119e+02 1.131060593915044876e+02 1.215286854310573830e+02 1.201266624745372980e+02 1.029368091829116310e+02
7.488487247969453620e+01 6.670380587723035148e+01 7.488487247969453620e+01 7.003666311387989651e+01 5.000778756553755500e+01 7.003666268965254460e+01 8.609883107548473902e+01 1.016305142222057896e+02 8.169442322989696947e+01 7.270173982324286044e+01 5.245125715386065934e+01 4.679812179026233565e+01 5.967745677959025841e+01 4.167230519227457819e+01 6.195190488120249483e+01 7.704454863374824924e+01 8.530800313461338646e+01 9.317784794177315177e+01 7.959621795136553146e+01 9.623877487404277531e+01 1.061842279631156885e+02 1.107422535502617649e+02 9.086260533262199601e+01 7.844818258650263942e+01 9.552019880496136750e+01 8.729233620661680959e+01 7.175744949711948095e+01 7.808990101962251629e+01 9.799439025674845993e+01 1.175113963542821267e+02 1.257119546926493854e+02 1.371428981709964319e+02 1.302962042341843869e+02 1.220977350601574472e+02 1.302962042341843869e+02 1.290418926895689538e+02 1.236569377807154382e+02
6.530378217186861889e+01 4.778545676839714673e+01 6.530378217186861889e+01 6.531581185488225572e+01 4.526301955293609325e+01 6.531581185488225572e+01 8.360595962042131646e+01 9.196776027930445707e+01 7.816021967464087083e+01 6.975617964556668937e+01 6.584964592377430392e+01 5.752590095316797658e+01 3.943633123042211963e+01 5.967683052625549323e+01 4.962451779777770611e+01 5.685807589780143445e+01 6.702868913981532728e+01 8.122598061715966367e+01 9.949756284454933564e+01 1.077204407537348914e+02 1.068879726960393555e+02 9.868911608967314919e+01 9.086260533262199601e+01 7.082589810899405336e+01 8.316650282241513992e+01 6.729211688762848098e+01 8.729233620661720749e+01 9.799439025674845993e+01 8.959949739591172602e+01 1.010735803994501367e+02 1.209777689591311258e+02 1.255365960293144809e+02 1.173355371495226933e+02 1.022708690824961337e+02 1.191338451877626028e+02 1.092257976859562945e+02 1.232317875326351100e+02
5.203505851383206249e+01 3.916750814905160638e+01 5.715414556891235520e+01 5.515338523464746601e+01 4.089474157595540049e+01 6.093993382437281525e+01 6.373800410765047531e+01 8.044300986313707824e+01 6.975399949959961532e+01 4.951566966618467802e+01 5.542586678216882490e+01 3.731656666913539766e+01 4.491561725715897779e+01 6.517428720398520170e+01 6.990755275381573597e+01 6.622407828201244229e+01 8.530800313461338646e+01 9.530529207638129208e+01 1.093846041748364399e+02 1.141016474080873309e+02 9.868911608852239681e+01 7.936967124469556722e+01 8.452056136135698239e+01 6.467025070579815349e+01 6.304192318016733765e+01 8.316650282241423042e+01 8.729233608253177579e+01 1.071681846370913718e+02 1.094740509327484261e+02 1.177429357969931516e+02 1.293032227994434891e+02 1.173355371495226933e+02 9.749508328945320557e+01 9.233230186960447838e+01 9.929756309618299781e+01 9.518515367867729537e+01 1.066531024918471218e+02
3.078139537428257810e+01 3.072012635561094740e+01 5.136282608318148135e+01 3.514927681437026052e+01 5.515338497842710552e+01 6.920071186248222261e+01 5.251990998118171206e+01 7.161295048783183859e+01 6.173145345415634466e+01 5.339147327081946770e+01 3.525981292589311522e+01 4.688352130777484206e+01 6.517431363601777150e+01 5.928386120400114834e+01 7.939512378542357851e+01 8.629713463501502702e+01 9.454881725132460701e+01 1.067665927132033943e+02 1.150471148416064864e+02 1.058323698304848079e+02 8.649562401771790121e+01 7.538811683276914266e+01 6.544757709619807429e+01 5.884020211296343206e+01 7.918115121966410186e+01 9.140218108314905976e+01 9.715566110252902376e+01 9.932920160018350941e+01 1.075519859507673885e+02 1.181226402439727252e+02 1.291335291529110805e+02 1.195581254149028894e+02 1.033062176832483772e+02 8.344366572162439866e+01 8.524668580730788392e+01 1.051074756072775074e+02 1.232317875326351100e+02
2.465732563438465164e+01 2.526011164951566101e+01 4.521888065589485706e+01 3.133594641792738500e+01 5.130358987061190135e+01 6.336146359269668693e+01 4.315817118457454882e+01 5.482506013400606548e+01 5.140584342359551329e+01 3.327725409938929602e+01 4.748379606960626376e+01 6.376941287740913111e+01 6.711866959851427339e+01 7.939512378568180395e+01 8.761361978793193828e+01 1.009394605946240375e+02 9.267056912602485852e+01 8.683180498034494121e+01 1.067665927132033943e+02 9.920878008176700291e+01 9.081598014354470649e+01 9.312882217633381288e+01 7.680108658163692326e+01 5.634131931730982501e+01 7.353461525572208757e+01 7.804141530890052536e+01 7.724331089164378739e+01 7.942270427774199959e+01 8.974350867623699912e+01 1.078993270107915237e+02 1.096780666315469404e+02 1.096974295268410771e+02 9.150353870690729252e+01 7.746992344707112466e+01 9.731743293455359378e+01 1.133158050388401961e+02 1.162260679610142944e+02
4.462603981863336600e+01 4.521887982436489750e+01 2.611295871437969751e+01 4.605983056500957673e+01 4.886085739654070181e+01 4.826428154100066337e+01 4.534011956195638504e+01 3.240181163369913975e+01 3.134439593731347884e+01 4.470964168684803752e+01 6.079518746126758089e+01 7.599246125506334693e+01 8.719804732361717470e+01 9.433367558985253254e+01 8.606454815855396134e+01 8.268958287860836265e+01 7.270859663099389536e+01 9.267056912602485852e+01 9.317884477707508495e+01 9.081598014354470649e+01 7.101306763633054686e+01 7.681320642244958208e+01 8.467763820544365672e+01 7.353461525426686762e+01 5.290218818331523920e+01 5.766205441729475467e+01 6.294020659171118837e+01 6.977340207799456095e+01 7.978599250598071535e+01 9.966963371535895533e+01 1.096974295268412476e+02 8.991565919294934872e+01 9.356627867783032571e+01 7.372853860269997028e+01 9.356660620256256777e+01 1.071233893223541997e+02 1.002575035832615953e+02
5.763320636733008229e+01 3.760959780517980278e+01 4.588875280493439135e+01 2.697615458484965956e+01 2.758754087530298094e+01 2.819940692520549419e+01 2.881011817964845889e+01 2.941999280885023893e+01 4.853768134249179411e+01 5.809989195852025290e+01 7.123484671268748514e+01 8.497503276011501328e+01 8.747076273654799650e+01 7.919520951203510606e+01 6.603715653779738659e+01 6.263351686491228776e+01 8.268958287860836265e+01 8.740136433981663799e+01 7.331798836685511844e+01 8.740136433980985942e+01 7.671215023732315785e+01 5.761145362736586151e+01 7.610817099834004296e+01 6.836543442684217098e+01 5.062635338579484312e+01 7.124869660478911726e+01 8.307558770208854071e+01 8.972781303725670909e+01 9.795971290197881842e+01 1.078993225518787966e+02 9.400630812743187903e+01 8.574725916337928311e+01 7.735456392950720783e+01 7.015765257401091048e+01 8.866187934672895210e+01 8.736758423322655176e+01 8.060438820611106792e+01
5.395206806070563488e+01 5.760761561432020983e+01 5.245193096916780462e+01 3.324557960177542526e+01 3.501216702249567447e+01 4.797378926427986556e+01 4.883482355129560659e+01 4.945926172945902266e+01 3.038792786855063000e+01 5.043672536291187924e+01 6.488969672405143285e+01 6.488969672417687207e+01 7.584402282409219254e+01 5.899118257904120100e+01 5.417701507245924830e+01 7.450172821514406962e+01 9.095834300903278802e+01 7.913419842011724370e+01 5.950003646015886716e+01 6.780151847845318969e+01 6.289575152015148518e+01 5.043794528439298119e+01 6.553433204786496447e+01 4.789032561767680107e+01 6.076359752062883501e+01 7.795041343584962590e+01 9.639882623443446619e+01 1.044952743639305339e+02 1.009658478466812994e+02 9.277771995591167808e+01 8.574568332602137843e+01 6.583031199428516800e+01 8.159660317243256600e+01 6.661389473843951237e+01 6.886968264061756884e+01 7.341054498988663113e+01 9.315392557603982482e+01
6.813472878372553510e+01 6.279190655543904143e+01 4.372325973678691469e+01 5.263185685333532859e+01 4.338300185813668719e+01 5.958367364943782007e+01 6.317078291463792539e+01 4.469291329175574390e+01 3.107413956431545543e+01 5.112949016985282924e+01 4.469466553604369352e+01 6.488328703119961460e+01 6.155311347888795837e+01 4.690285143928442579e+01 6.753040912355662329e+01 7.880959754882285040e+01 7.343143636710235000e+01 7.403562993374976031e+01 6.772642255246235266e+01 4.805531645256883877e+01 4.256577115919428422e+01 4.343172220273022788e+01 4.529261665904871137e+01 6.557717158873117569e+01 7.596642393539745797e+01 8.768330414346661428e+01 7.691136447423228617e+01 8.581368660108256563e+01 8.700323337017555048e+01 7.290884879288181253e+01 7.657130289262400424e+01 5.938747000883183347e+01 6.162404130040485484e+01 6.452540895711474889e+01 8.440540244606849285e+01 7.487615301383790722e+01 7.930299298065020253e+01
8.820233139604906114e+01 7.079996155777739375e+01 5.332553187791290839e+01 6.851322179170477966e+01 5.562145842349356428e+01 6.808482795481755545e+01 5.968190158224597752e+01 3.954727484358205913e+01 5.112853543121435251e+01 3.205354909459710200e+01 5.177151309995435469e+01 6.103728708077273524e+01 4.114655384118724868e+01 6.155270807521993959e+01 7.484230950558807649e+01 5.756381765871513068e+01 5.291396457886584415e+01 5.369789662949253284e+01 6.041080841674202873e+01 4.134923790706162805e+01 6.164604973216415118e+01 6.378312460712736254e+01 4.483622289936383254e+01 6.511285524998100982e+01 7.266390397261218936e+01 8.259633398026510065e+01 6.504108649768208750e+01 6.577335792914156798e+01 6.685298724410897364e+01 7.352011921292893248e+01 5.638403743690674474e+01 7.656859501331480544e+01 8.160014390327563660e+01 7.859682087965524033e+01 8.076305417869980374e+01 9.462859825457285012e+01 9.326000279027859108e+01
7.671367945741904748e+01 8.035704449718627984e+01 7.225828123296523131e+01 8.035704449718627984e+01 7.365185621923889414e+01 6.387776208054204830e+01 4.960921787639344416e+01 5.968255925411633456e+01 6.044558740075382985e+01 5.211361359219746703e+01 3.303460506865260982e+01 5.311488589034779295e+01 3.796293445812586498e+01 5.764265207878927555e+01 6.487458493569008056e+01 4.049691275975394689e+01 3.861930216497753321e+01 3.938692607752815178e+01 4.015411502708693092e+01 4.206795226260193488e+01 6.235362510332578267e+01 7.346210856915030263e+01 6.521238519707812031e+01 4.625526255898377315e+01 6.127616625422957952e+01 6.888884105924741164e+01 6.911259600830145189e+01 5.126359310037187811e+01 5.234830734247323392e+01 5.344565478571367123e+01 7.376245570904099225e+01 7.672719730528257287e+01 8.500162708502772091e+01 9.841062739449186836e+01 1.005534341203587871e+02 1.087373515090925622e+02 1.130185091569574922e+02
6.259225571430432211e+01 8.272027698939159279e+01 8.206359354317648069e+01 9.024375079353964679e+01 9.175647365982094072e+01 7.796488572994564947e+01 6.128190218589228522e+01 7.796488572994564947e+01 7.341766988716452147e+01 5.738662084299033950e+01 3.790769010425216834e+01 3.402235579266132959e+01 3.472028790728074199e+01 5.482411504058958940e+01 5.660826964420297713e+01 3.753218659071696095e+01 5.760917398403095291e+01 5.960550238232423226e+01 4.896247953511437601e+01 6.225659041577988972e+01 4.485392291305972634e+01 6.517664640603727833e+01 7.498170913004211968e+01 6.669698532783694134e+01 4.769313793546260172e+01 4.871966904259524966e+01 4.975713211429131633e+01 7.015976954522879794e+01 7.270080429663846644e+01 7.376200085713992394e+01 5.529648481865559972e+01 5.662379867797683630e+01 7.681359841248760745e+01 7.862342673987807018e+01 9.851987008812487545e+01 1.085712124910477172e+02 1.095588303247507440e+02
7.671367945741904748e+01 7.876290550018707393e+01 6.212153800899204015e+01 7.876290550018707393e+01 8.671481468174312113e+01 8.947444185279238127e+01 8.128418374436644456e+01 7.673345055443977003e+01 5.664927326512100336e+01 4.537667232686457908e+01 5.738667022123879491e+01 5.412125218891800671e+01 5.428250372897650777e+01 3.572838241169155538e+01 3.644997731755603354e+01 5.661078411009670930e+01 6.142718208148095727e+01 7.527164545898885706e+01 6.953197046197689701e+01 7.305880925226790623e+01 5.928303704681057695e+01 4.775102835113122524e+01 6.807809217820228298e+01 7.716417045008351749e+01 6.957603699850835710e+01 6.912551352823150808e+01 5.661501292867401958e+01 7.606595057868445053e+01 8.965228782933625951e+01 6.969730528770972455e+01 6.969727751765049106e+01 7.681359841248760745e+01 5.851246601384734447e+01 7.862342673987807018e+01 8.044893233087810813e+01 9.332939446751704793e+01 8.968191199302499683e+01
