LEM/sinusoidal_perturbations/elevation_000204.asc
nrows	100
cellsize	150.0
xllcorner	0
ncols	100
yllcorner	0
NODATA_value	-9999
[rows 68 to 84 of 100, columns 0 to 36 of 100]
5.009162696260268353e-03 2.000500916269590590e+01 2.545298651502064757e+01 2.874948336685248407e+01 1.415551072677273581e+01 3.393713458164536689e+01 4.801556918074088998e+01 5.634578619913558839e+01 3.636893573909716082e+01 5.634578619912280573e+01 6.613546790185667135e+01 6.473381100989703896e+01 4.274339118264128246e+01 3.292060972887043846e+01 2.713575208318321330e+01 2.216998082203050302e+01 2.799398758800111864e+01 1.458065689905863849e+01 3.561302486558465574e+01 3.315262391286283616e+01 5.315019667435386452e+01 5.837886862179066583e+01 6.162282233519729857e+01 4.267209510529624339e+01 5.171680199836460190e+01 6.305738768156535201e+01 6.305638667569380118e+01 7.703218149964590111e+01 8.529032620648698071e+01 9.691737584676450012e+01 8.265136273119578902e+01 7.155872463963645203e+01 5.144027192671970283e+01 7.155872470686900044e+01 7.508046014407364055e+01 5.497638812577562106e+01 4.064863414706361056e+01
4.695337527364121070e-03 1.247653250271695136e+01 3.066801518270210636e+01 4.226675783743583281e+01 3.394697703000552025e+01 1.975504186513936133e+01 3.379670213642553733e+01 5.397455501855885984e+01 5.634578619913558839e+01 4.705136628630070561e+01 6.701886044251135388e+01 7.362314815882621133e+01 6.270539448770787772e+01 5.373859931504267706e+01 4.677724838920691752e+01 3.769090161975234565e+01 1.511933507930857523e+01 2.556973655568618753e+01 3.791119623412342321e+01 5.308450430214944760e+01 4.756479153155615336e+01 6.681493213048874225e+01 7.198731919695006809e+01 6.358328149414051467e+01 7.198731919694847647e+01 8.084043939106254584e+01 8.359906621770933555e+01 7.756915501447504369e+01 7.414510144231238087e+01 8.236423733329641550e+01 9.228935597865879004e+01 7.976798748730384148e+01 6.313675134229276154e+01 7.976798732249007173e+01 7.037261472372490800e+01 5.020335495990310903e+01 6.086473445829753359e+01
7.614146464036155443e-03 6.329740558240641413e+00 2.623808595873530791e+01 4.443455988548742397e+01 4.420416401446993859e+01 2.409070740626874496e+01 4.420416401446993859e+01 5.991555627191522149e+01 7.528809394312790459e+01 6.701886097692454314e+01 6.335527328523151880e+01 8.331995646680933021e+01 7.052125011640623597e+01 6.058066647437097174e+01 5.233771350094450270e+01 4.007229957982566759e+01 1.550012833890277086e+01 2.962160897984315966e+01 4.015894475489839976e+01 5.545711456461473432e+01 6.674632592842229428e+01 7.459922352796478151e+01 7.149787187174280234e+01 6.337394324091623332e+01 7.149787187174280234e+01 7.542906431132163902e+01 6.720911566182088848e+01 5.772099557201411812e+01 5.429427217906022918e+01 6.421688083334551322e+01 8.407332205002714431e+01 9.124184359616279494e+01 8.306335427470266097e+01 8.449615098280855818e+01 6.452245445752058117e+01 6.191977810898786316e+01 6.376412085240608718e+01
2.352828262072654761e-03 2.000235282826171712e+01 1.629746996113294699e+01 3.617870195633643959e+01 5.253969244853205112e+01 4.420416401446993859e+01 3.134893998067407495e+01 5.159811853818212768e+01 6.872913858694330713e+01 7.700442234968237187e+01 8.331995646680933021e+01 7.635318923910907074e+01 5.643707748838463800e+01 4.240505573435481779e+01 3.241525799874601432e+01 4.168656122525607799e+01 3.568009786384129711e+01 1.603849996072176864e+01 2.765788563597742566e+01 4.752521194334352117e+01 6.318004712876306428e+01 6.327319589714023351e+01 5.504866824783456281e+01 4.361922919496140594e+01 6.164128316807438068e+01 6.318259520864394574e+01 4.741371070983546332e+01 4.376509663856315768e+01 5.772099557201389075e+01 7.756915500906961825e+01 9.228935597865879004e+01 9.319259324864204075e+01 9.792267359324628728e+01 9.271170324441237653e+01 8.449615098280855818e+01 7.610303617410114896e+01 7.794016479654122520e+01
6.786455232800275850e-03 2.000678645523244370e+01 3.617870195633643959e+01 3.035003604983810277e+01 5.025034623834092429e+01 5.991555626322865180e+01 4.569243271734983836e+01 4.091718192605917181e+01 4.860635042240521386e+01 6.286393246689177516e+01 8.288899874808505785e+01 7.213309601977552177e+01 6.322131828558995181e+01 5.496300799224893296e+01 4.168871307396851478e+01 2.132221826958350519e+01 1.797243488558371638e+01 1.641971591387929408e+01 3.642691608346948584e+01 3.539257995840060289e+01 5.156042910339257190e+01 5.164698271928103424e+01 3.524647352708061732e+01 3.373947170162981735e+01 4.731204646278042958e+01 4.342110759441882095e+01 3.606687418546314916e+01 5.578023328623881127e+01 7.175478782776181674e+01 7.574212941101352214e+01 7.867350980084448508e+01 7.336117473843491155e+01 7.810660127509144957e+01 8.984838734363870572e+01 9.806270197448327508e+01 9.596135902838227594e+01 9.780129470332077801e+01
3.257643153035955173e-03 1.414539326688411158e+01 3.414539326688481680e+01 5.025034623834092429e+01 5.851908368044710329e+01 5.881426176894351698e+01 6.585570534188263991e+01 6.112343967712163106e+01 6.872913858694330713e+01 7.700425116689699223e+01 7.798557803115876652e+01 5.802509484136542284e+01 4.395165068694755206e+01 3.504766281311648868e+01 2.788227661329626272e+01 4.168871307396558734e+01 3.807088728503590147e+01 3.649299168716259345e+01 1.696257847745810921e+01 1.928267194348890001e+01 3.920073715704484130e+01 4.086917473231906683e+01 2.356884355642996809e+01 2.548224934791570817e+01 2.745030724070191397e+01 2.942293490200341921e+01 4.920911289624805107e+01 6.042013353767082151e+01 6.992180230116298389e+01 5.588027488805896326e+01 5.879192088828986584e+01 5.926399690219894723e+01 6.402873129893328041e+01 6.999412325076292518e+01 8.984838734363871993e+01 1.018100445767808822e+02 1.076050244453047640e+02
1.880098487986705483e-03 1.154888548227979328e+01 2.569102110528923077e+01 4.569102013728500111e+01 4.553357097661251629e+01 3.882143791403673561e+01 5.295946891258069655e+01 5.606368826971459640e+01 5.346876470306286677e+01 6.175295769839711113e+01 7.329935585557437605e+01 7.213309601977552177e+01 5.788080085186111035e+01 3.796293955048258084e+01 3.986379845574006708e+01 5.617789454755992296e+01 5.153389260995515997e+01 3.278713462610719631e+01 3.706072877839452673e+01 1.750487092381110088e+01 1.918389548229665920e+01 2.092940597673518610e+01 4.107886523261405642e+01 4.544013427520668102e+01 4.731394138610948374e+01 4.920911358975327232e+01 3.250388138886890488e+01 5.221503657609920879e+01 5.775038721126312424e+01 4.196122658908124947e+01 4.482815721571991219e+01 4.783297823077673172e+01 5.588960741174790314e+01 7.580930256809767798e+01 8.253582771481082148e+01 8.206599768710610476e+01 8.784889513301811803e+01
2.900726248362994839e-03 2.000290072624800786e+01 2.612463922168940300e+01 2.873389249275126289e+01 2.556129659507436358e+01 2.470322515031673305e+01 3.821821671921485120e+01 3.607092528455127933e+01 3.347727024743160484e+01 4.501657200347811738e+01 6.501467464881730507e+01 8.241884372033189265e+01 6.614001116906165123e+01 4.686299757290120027e+01 6.089959366974431987e+01 6.910394838614760715e+01 5.580205085787383013e+01 4.726269043022876559e+01 3.221911380022885396e+01 1.789799527130842449e+01 3.773790063782623605e+01 4.103927502603080057e+01 3.287706845505546482e+01 4.453729406488477593e+01 6.438793826013478849e+01 6.041669281982078843e+01 4.642289737019864759e+01 3.564445043841465122e+01 3.806391609702952650e+01 5.775038615203583703e+01 6.461510339374522971e+01 6.767712120994656289e+01 5.308311889470638789e+01 5.775592493362373148e+01 6.260282663823226557e+01 6.796921718122989375e+01 7.505955486511211916e+01
5.081304048347549951e-03 2.000508130404799090e+01 6.154174148982105130e+00 8.777294772287099534e+00 1.146797713373677396e+01 1.474319349571028503e+01 1.826089402639895098e+01 2.195603720308180939e+01 4.192666999815131845e+01 5.413474844563799593e+01 5.413474356102950935e+01 6.908577186695320904e+01 7.505518016847476304e+01 6.094790949705733141e+01 7.505510750007238130e+01 6.312643859848957106e+01 5.433894111583093434e+01 4.192393631391324504e+01 2.038941255974361511e+01 1.829045415626286086e+01 3.818424261420581445e+01 4.526375845924690822e+01 5.255491580133723772e+01 6.114869790481657930e+01 7.261265352666426054e+01 7.437697965612433393e+01 5.499016183536003410e+01 4.107025387870837108e+01 5.775038721153795507e+01 4.603597422915900239e+01 5.743200717311238179e+01 7.730692574611421719e+01 7.300017981179586002e+01 6.304571928433278316e+01 8.253582771481082148e+01 8.784889513302664454e+01 9.484361758863988712e+01
4.469920835086939326e-03 2.504403641501641964e+00 1.663787400761129120e+01 2.873387412675424102e+01 1.959895214093614513e+01 2.074820650486854490e+01 3.821821309052629090e+01 4.192666999815131845e+01 2.860174050577396088e+01 3.413975932741447394e+01 4.080240698803987698e+01 5.494310250416840091e+01 7.494297066936076135e+01 8.090904877439906784e+01 7.320106895699426275e+01 5.433907043502241407e+01 3.329931506044685108e+01 2.762434131064295784e+01 4.116522441889119932e+01 3.843774429467188014e+01 1.885060395349140450e+01 3.204653099692739460e+01 4.650261873653265354e+01 6.130791379826320764e+01 6.977785347616600120e+01 8.310190319808216941e+01 6.709740772055644698e+01 4.724663470180608016e+01 6.709740772055644698e+01 5.298345199290688612e+01 7.285931605361787433e+01 8.552543011678172036e+01 8.295463988296829427e+01 7.715553392675826672e+01 7.932220186950213758e+01 9.911713814586934745e+01 1.074690585867524248e+02
2.324776005098761877e-03 2.000232477600474468e+01 3.077481540077696920e+01 4.491002018965291853e+01 2.851430610608975513e+01 4.046404258595679693e+01 3.104352116780360404e+01 5.054293005086736201e+01 4.858913418002808271e+01 4.491946136912562793e+01 6.080089094619257395e+01 5.494310249183222794e+01 7.494295736106253969e+01 7.969396924192480469e+01 5.815841765281659548e+01 4.298349591452375051e+01 5.433907043502242828e+01 4.791908027254621771e+01 3.357831350565479056e+01 2.721098907319628069e+01 3.837674844929424012e+01 1.942105818677827855e+01 3.963715801049399801e+01 3.954483921928312640e+01 5.832649492349775500e+01 6.670085532864256095e+01 7.463404139518559077e+01 5.469398296952037697e+01 7.463404139518559077e+01 6.445981639489069437e+01 6.921663585263327434e+01 8.906738469723259755e+01 1.027510249247234384e+02 9.695492281090611186e+01 9.911713814586934745e+01 1.015975582827551449e+02 8.752029293104747865e+01
8.699724428260374037e-03 8.952971634427495218e+00 2.049997701822021412e+01 4.049997704435767076e+01 4.263967841917435209e+01 4.849616465191489567e+01 4.474927071266790790e+01 4.597763798448166739e+01 6.491639330098186633e+01 6.491723364130825757e+01 7.320057159391922141e+01 7.494295213454465454e+01 8.322847513258621177e+01 7.969397756911965303e+01 5.815841766257416623e+01 6.446603753706067153e+01 6.108622890450747889e+01 4.317098418656152603e+01 5.212829107994826217e+01 4.651527585407765031e+01 4.139773015375465803e+01 2.673664124928737351e+01 2.000491995691858449e+01 2.796056952698420517e+01 3.769772832879196045e+01 4.996986945088755050e+01 7.008997695773842906e+01 6.620118878353881087e+01 8.289637971264116345e+01 7.853472372826942660e+01 8.906738479523413332e+01 9.166318317603503374e+01 9.166318440519964383e+01 1.001170923404354482e+02 9.419077174010827491e+01 8.593442295093520045e+01 7.328331972265745264e+01
2.249585233037712084e-03 2.000224958523268270e+01 3.723724373522107101e+01 4.878425191149597850e+01 6.263497314287335627e+01 6.849226376807614258e+01 6.453006100091799624e+01 6.491639339331011627e+01 7.070309882227564913e+01 6.686296784205107713e+01 6.540937289829825829e+01 7.363635314784363572e+01 8.763962823295862847e+01 8.824378701062035191e+01 7.969397886573098333e+01 7.218313467656251703e+01 5.463738502419860765e+01 6.108622890450747889e+01 5.470330878927710216e+01 4.628037824351694951e+01 4.045630512203526763e+01 2.060435034002940924e+01 3.998244798227067065e+01 5.045657690254899563e+01 5.832431235672435577e+01 6.670085532864337097e+01 7.824352819811606707e+01 8.615353228906265315e+01 9.441435767884630081e+01 9.833211777566789635e+01 8.552306219983175595e+01 7.092912434827900370e+01 7.092912434858456550e+01 9.166318444759900785e+01 8.259634622568552231e+01 6.579034536906608821e+01 6.422529115176813264e+01
2.739267172789772273e-04 1.000027392671719184e+01 2.414240955044789061e+01 4.414240955044717651e+01 4.675300897398958710e+01 4.960969485015948521e+01 5.265910276857142236e+01 5.616893829854869580e+01 4.630730673481153303e+01 4.738551577796449976e+01 4.594899738275831425e+01 5.963318233974614913e+01 7.800272931368097318e+01 8.947024168972339453e+01 9.007700083375907241e+01 7.218313287888217644e+01 7.218313467656251703e+01 6.018847770004184383e+01 4.632592139961051458e+01 2.621631262023499431e+01 2.248890847696793216e+01 2.103545167975963892e+01 4.097293879936717076e+01 4.392603300219912654e+01 5.114474272293238499e+01 6.061153999808973936e+01 7.252242868692015065e+01 8.383508643596874776e+01 9.201784074375531475e+01 8.986046280410651832e+01 7.700198968454364490e+01 5.606578130768873791e+01 7.700198968454364490e+01 8.853186888733590365e+01 6.841095471542482187e+01 5.409420223858735710e+01 7.430416225992156853e+01
8.327778614586212741e-03 2.000832777861423040e+01 3.828454517417808489e+01 4.088440450812651505e+01 2.672041934103702587e+01 2.957248345888273988e+01 3.261679347350502667e+01 4.055248962382260913e+01 2.830341588158184507e+01 3.365642938406661244e+01 4.163431146303137353e+01 5.021823720234307586e+01 6.138071027343495700e+01 8.117258735098438649e+01 8.795921205649987940e+01 7.927715245893168117e+01 6.628018871841651105e+01 5.172784499295935490e+01 3.192496916288947517e+01 4.620989368385372131e+01 4.208203248979256728e+01 4.059361709105925797e+01 2.165953102289474685e+01 2.714521580832037984e+01 3.240826401160209258e+01 4.114028611806568847e+01 6.309194066503818732e+01 6.438094070924465484e+01 8.073512355099497029e+01 8.135769252822214526e+01 6.049205992792971642e+01 4.938752258468436906e+01 7.038137926362988139e+01 8.485261717655586722e+01 6.925181139576119449e+01 4.907379426627718289e+01 6.270498106664291527e+01
6.510866554257996840e-03 2.000651085373229421e+01 3.700308169171822215e+01 2.870874659021071196e+01 1.252509613383827691e+01 1.536570817175386239e+01 1.839868806712037852e+01 2.158450606857878284e+01 2.633802242229323554e+01 4.609360489846474707e+01 5.887447599122621256e+01 6.536292047965397956e+01 7.356402065574205551e+01 8.340558886248076931e+01 7.927715598162336619e+01 5.862813027909277253e+01 5.774498183040971355e+01 3.781276818417280339e+01 5.172784499295935490e+01 5.917496895946855062e+01 5.170343476878769451e+01 3.117843407785588994e+01 2.210459952022310048e+01 2.850007001519881911e+01 4.386791179266811014e+01 6.060150646570359356e+01 7.050430312094675855e+01 5.348614994481963691e+01 7.224969459570992569e+01 7.641080358720864751e+01 6.432097485118936220e+01 4.337804559694342288e+01 5.542600277361420069e+01 7.632083462255226891e+01 7.755769598861132863e+01 6.270510464462080336e+01 4.265556559457031227e+01
8.953482861371391335e-03 2.000895348286101694e+01 2.497061307377039796e+01 8.665312971396563313e+00 2.870874659021071196e+01 2.697082002349691976e+01 3.848704995539178952e+01 3.581352211553305409e+01 4.609360489845606423e+01 3.365586336894376984e+01 3.938183627227216022e+01 4.589758701828734644e+01 5.556943203470052595e+01 7.515640893036803050e+01 7.927718768067433075e+01 5.862813033500902549e+01 4.449898553555257763e+01 5.774499244089968641e+01 6.478980983116186110e+01 6.474466251190590071e+01 4.603738778507381113e+01 4.322397734691429605e+01 2.255223580732809552e+01 3.569634673926074697e+01 4.316720154732725945e+01 6.122349027131426880e+01 6.421659957070019686e+01 4.480599787815738466e+01 6.421659957070019686e+01 6.177014599038279385e+01 4.712943446785669011e+01 3.884390274781517149e+01 5.938332319428123185e+01 6.917512548137072770e+01 6.611924731887131657e+01 6.916488589101788875e+01 5.718631416554837443e+01
