LEM/sinusoidal_perturbations/elevation_000646.asc
nrows	100
cellsize	150.0
xllcorner	0
ncols	100
yllcorner	0
NODATA_value	-9999
[rows 51 to 67 of 100, columns 37 to 73 of 100]
5.049663724447592017e+01 6.056983567258075141e+01 7.486815245098179616e+01 9.538043710739398762e+01 1.003667429259710531e+02 8.658000590583137068e+01 6.845282426597131575e+01 8.658000590582564371e+01 7.795532602772864550e+01 5.792200502177318810e+01 5.133306067989862953e+01 4.504031775277921668e+01 5.522907504820848601e+01 6.945534437926717430e+01 7.741002698075675426e+01 5.730131933093661445e+01 4.307039395773654178e+01 6.319081727651911251e+01 7.014439015982750902e+01 6.805921960494528378e+01 6.805921921678272213e+01 8.353588535731226727e+01 7.765515679060587217e+01 9.773320910319657173e+01 1.075022431939460148e+02 1.144394924262363986e+02 1.038704907731649598e+02 1.145276490290300444e+02 1.166772925204705587e+02 1.203600228316409613e+02 1.147072515239274537e+02 9.361262919900867985e+01 9.834357409626723268e+01 7.677471327575415216e+01 8.140094754015105138e+01 9.917080901655288017e+01 1.026525489267946227e+02
6.437878202178383447e+01 7.918602016872550564e+01 8.936754996755080072e+01 8.517634551111538599e+01 8.129060333247677761e+01 7.840206197563723833e+01 5.842790406483110388e+01 7.840206197563723833e+01 8.626872783656376953e+01 7.795532602772864550e+01 6.866201398292375302e+01 4.774663178661855767e+01 4.091273348717442815e+01 5.732087374587067785e+01 6.565141151531219066e+01 5.771033577591446573e+01 4.073206049961910225e+01 5.500779482165629020e+01 7.511781202196262086e+01 8.816441741480288385e+01 8.816428163592547662e+01 8.816419988909474625e+01 9.773317464843920277e+01 1.060261685819089905e+02 1.144394924262363986e+02 9.450011803772262908e+01 8.971693870416466154e+01 9.466644181644447542e+01 9.684421768308273215e+01 1.166772925204705587e+02 1.231858989988623989e+02 1.147072515239274537e+02 1.043030752976767275e+02 8.281578813980564746e+01 1.028532080948701548e+02 1.114301999923165596e+02 9.401558324414872914e+01
8.510463935301889649e+01 9.139051118137459184e+01 7.927339860416797990e+01 6.538805656242045927e+01 6.749910780571526914e+01 7.174386065745738961e+01 5.171471725097778460e+01 7.174400933870188624e+01 8.590134651405729471e+01 7.760310413469311186e+01 7.623242909948881163e+01 6.765435546102251863e+01 5.732087374587067785e+01 3.702967798025194668e+01 5.490194404418590324e+01 3.745873513849311820e+01 5.765524436086548832e+01 6.851700626710331221e+01 7.436957954175390739e+01 8.149332295538985704e+01 8.980134895483760715e+01 9.985135422886058620e+01 1.164903874546250648e+02 1.130094461195505886e+02 1.108470925896482981e+02 9.815906141212022362e+01 7.814370807150754672e+01 8.050613468656395355e+01 9.207402537443654467e+01 1.061710670505496239e+02 1.257017280921452311e+02 1.191148988924627190e+02 9.816781708123858152e+01 9.111823079565718331e+01 1.123145193192469264e+02 1.062844984159498978e+02 8.503411398230889517e+01
8.220947699294788436e+01 7.967408496895095027e+01 6.535400270725530447e+01 5.149596054085007069e+01 6.197722473539687371e+01 6.595890335602089749e+01 4.579289780135664500e+01 6.596198015168681650e+01 7.760310413469311186e+01 5.762502769475955944e+01 6.015094362302376396e+01 7.176318710440847326e+01 5.471066835652453619e+01 3.437023967716436346e+01 3.457962819097107143e+01 5.490194404418590324e+01 4.378492178313365457e+01 4.842615000945429671e+01 5.422924530968922596e+01 6.134436150189013404e+01 7.142533092765253855e+01 9.156137688464431790e+01 1.071140555367023524e+02 9.290972861278505945e+01 1.026292322421398779e+02 8.262981127033278028e+01 7.103720021499506743e+01 9.108256116049334139e+01 9.636295490761500560e+01 1.025754021060592578e+02 1.114798217486928849e+02 1.275481478327922957e+02 1.191148988924627190e+02 1.019288791157395195e+02 1.207874019994549144e+02 1.148074701804433886e+02 9.745673791641866046e+01
6.162422719165171259e+01 5.672892800692505233e+01 7.011602333366865025e+01 6.198528463967554103e+01 4.173627363926419775e+01 5.409469863711263571e+01 4.024931584688602726e+01 5.488567236997090504e+01 7.492529244010221134e+01 6.347547397087932097e+01 4.366444492317418735e+01 5.389522011053953321e+01 5.004069709379313480e+01 3.179392140099689001e+01 5.213642762397591213e+01 6.323379861547797276e+01 6.397025929968806679e+01 6.855556069405400876e+01 6.265756433921700363e+01 7.436957954175392160e+01 8.980134895483760715e+01 9.985267161766695665e+01 9.879386441061765822e+01 7.869877379265982142e+01 8.608633647746982831e+01 8.101981695264711902e+01 6.673186814009977752e+01 8.681228926932575973e+01 7.617856066922006164e+01 8.252607722142155922e+01 1.026064559205270399e+02 1.219090971300290533e+02 1.311014706481209942e+02 1.227001595227541770e+02 1.311014706481209942e+02 1.267777047753492354e+02 1.183434435168342560e+02
6.133682304331814805e+01 4.089101764812119910e+01 6.133401239073382527e+01 7.014436505903850616e+01 5.410126867916537208e+01 3.284238170848335159e+01 5.410125722802001746e+01 6.899666107747557930e+01 7.684084059622895779e+01 6.860494433181351326e+01 5.389520990951145052e+01 3.377292225496425715e+01 2.976107773529362532e+01 5.004069709379313480e+01 3.905472023922273905e+01 5.929105096537332287e+01 7.551159540790339975e+01 8.450214371551328441e+01 7.690508934673204067e+01 9.109815135252098628e+01 1.027665811826734910e+02 1.042250686911700654e+02 1.000973206399586104e+02 8.018612345233633221e+01 6.596336484563519775e+01 6.089119121731340556e+01 6.332066920946538602e+01 6.795951304467371301e+01 7.801908494467265598e+01 9.779999635775342881e+01 9.409745860337113754e+01 1.081884798248203481e+02 1.277270001157642412e+02 1.347368605336037888e+02 1.265605414849362518e+02 1.313180775834480585e+02 1.271086429458663645e+02
5.336916886739914645e+01 3.410358135260596413e+01 5.336803012634518240e+01 5.915386140623199651e+01 5.056296353583775272e+01 2.882706405204489641e+01 5.056753779594900777e+01 5.670159952819151528e+01 5.670159956092563647e+01 5.434360726057352764e+01 4.008051438058834037e+01 2.786226405534210215e+01 4.205319399458227991e+01 5.838641650024456453e+01 5.929105096537332287e+01 4.704793925283775735e+01 5.607153364969364873e+01 7.030240949751703283e+01 9.040132808529503450e+01 1.052912133583098324e+02 1.042250686911700654e+02 8.422089133645272341e+01 8.789172627677157834e+01 9.406540387121435742e+01 7.707490516950350923e+01 5.692880881040255048e+01 7.707492527177798536e+01 8.806494559370698028e+01 9.624003431204401693e+01 9.797750187213345896e+01 1.138841164760700337e+02 1.219090971212961989e+02 1.222609729955918141e+02 1.231148263920453445e+02 1.062688071135806780e+02 1.111428866701320999e+02 1.313180775834480585e+02
4.746638472388519148e+01 2.867467519819793509e+01 4.292372546435047553e+01 4.012981130673169616e+01 4.226274899897578763e+01 2.516406152150776876e+01 4.709485428800086027e+01 3.675620319966967031e+01 4.302189235844520709e+01 4.410556513095713882e+01 2.616508363828413408e+01 3.251462680279806960e+01 5.273734155521688649e+01 7.059128035127194778e+01 7.551159540790339975e+01 5.713408331156786346e+01 7.551159540790339975e+01 8.450214371551328441e+01 9.150302890136291012e+01 9.982368751224018411e+01 1.020443683157869685e+02 8.202946855098716128e+01 6.781154903862891103e+01 7.711600986233128197e+01 7.426605322367882422e+01 5.431434485273443613e+01 6.856680272818152844e+01 8.865845524006128642e+01 1.066093394690033307e+02 1.176670768551671955e+02 1.160059539000282314e+02 1.222742297604895896e+02 1.018874481571820354e+02 1.056334160117598202e+02 9.424714448019763324e+01 1.089211194112668863e+02 1.291468651490539514e+02
3.773889883810165458e+01 2.357348620162171571e+01 2.919226992127056874e+01 3.903544222556540433e+01 2.046217665494930316e+01 4.069843585907514694e+01 4.158006049165904727e+01 3.365827864484671750e+01 2.334023644068893688e+01 2.455593216597795703e+01 4.410556348281424732e+01 5.273734155418713243e+01 4.420471324922869627e+01 5.588574718740287040e+01 7.601442768728755084e+01 7.136428654807045291e+01 8.556259052146924660e+01 8.816278292887022872e+01 7.126042134370236170e+01 8.507422037574919216e+01 9.340865899072024092e+01 9.133737738696788711e+01 7.128156322833925174e+01 5.704435169356371915e+01 6.857880587211282375e+01 5.179851560273863242e+01 7.191415314781831114e+01 7.829198622609308700e+01 9.834417537589214930e+01 1.098874749697974664e+02 9.539260078434281809e+01 1.098874749697974664e+02 1.056334160117598202e+02 8.489138456570506719e+01 1.056299483894302682e+02 1.157198252867199528e+02 1.255338894845770312e+02
1.781084686233034375e+01 1.839546820189530507e+01 1.899417750630833268e+01 1.960107227811669617e+01 2.650645715820604664e+01 2.132675381977194817e+01 2.192836914641383927e+01 2.251945383362949471e+01 4.217582873994033577e+01 2.423929440896430521e+01 3.540668143967022985e+01 5.558536642976947206e+01 6.439312858224717218e+01 7.271544827895185392e+01 8.432622453683285357e+01 9.146135032791742958e+01 9.098246004965001532e+01 7.076280514239115860e+01 5.957249777010778757e+01 6.483482285598140038e+01 8.507422037574919216e+01 8.196489381951744235e+01 8.279041445857083659e+01 6.269650817943404775e+01 4.850804809351455305e+01 6.858433813939433321e+01 6.185667479410748371e+01 7.609622551904458021e+01 9.615611628648061071e+01 1.014301121289459644e+02 8.070456427798357879e+01 8.946421149809432904e+01 9.796513367462713973e+01 7.985479618261933865e+01 8.696847111829296750e+01 9.736189774609256631e+01 1.117427870443542588e+02
3.722092731237558638e+01 3.255656654972882080e+01 4.031894197647609701e+01 3.977914369520507165e+01 4.154676487463307666e+01 3.511396945665025271e+01 4.076257023210467878e+01 3.096136537745143613e+01 4.450799957500284876e+01 2.485769238441057993e+01 4.461275708694408593e+01 6.392029360137821925e+01 7.195366161462953869e+01 8.028989615621996734e+01 7.945756022694976650e+01 8.870431848634564176e+01 8.507060245597691051e+01 6.483434187542529514e+01 5.067076175931028104e+01 7.076280514239114439e+01 7.614519346644195252e+01 6.231998727741514443e+01 7.614519099525131196e+01 6.645622100765757523e+01 4.640362180414285831e+01 6.645622116694546833e+01 8.197163149358402734e+01 9.026030795147144659e+01 8.792481279888829704e+01 8.876178722187162862e+01 8.027070849156658028e+01 6.891005937034887552e+01 8.946141194300560073e+01 7.501038057038718421e+01 8.697567191178389123e+01 1.076454524078801285e+02 1.131526325775224251e+02
1.759959820267253505e+01 1.809157366450572368e+01 3.125337204583215822e+01 4.553849372652695848e+01 5.699030466549412210e+01 5.520286366774071496e+01 5.782391417175347215e+01 4.018056526914175208e+01 4.529451087069766402e+01 2.545097939769114248e+01 4.529452731051684822e+01 5.759455412171536182e+01 5.170195950315179800e+01 7.195366161462953869e+01 5.697696605726974894e+01 7.238428316707208410e+01 6.587103436499062070e+01 6.543873261618030313e+01 4.584936978503877469e+01 5.880997430712911012e+01 5.670233820601740860e+01 4.819722253961214165e+01 6.799289685050129606e+01 6.147231650545529646e+01 4.432078203995671828e+01 5.848097010244323002e+01 7.857084192416870394e+01 8.194944849218146032e+01 6.747987046320074001e+01 7.619711853546604630e+01 6.005655294190896143e+01 8.026941221249555269e+01 6.960287595608333788e+01 8.143761032699985947e+01 1.021348850655205354e+02 1.159668076175076834e+02 1.026037195030826439e+02
3.752085065298358302e+01 3.800253883061765237e+01 1.880372594005325482e+01 2.871769329623079159e+01 4.281474810554682620e+01 6.286680739031395149e+01 6.739247089153114700e+01 5.231421848364058036e+01 2.848086728739737339e+01 2.602135048230777059e+01 3.800477147169674907e+01 3.739841158744246741e+01 5.763354567872827516e+01 6.528107976673287283e+01 4.465376369006629176e+01 4.822637474871971364e+01 4.594592525102661540e+01 6.027964259291314164e+01 5.880997430712887564e+01 3.963964738325346815e+01 3.642816093702906954e+01 5.577264846806352239e+01 5.846677352514809201e+01 4.140031309245728153e+01 6.147231593749374667e+01 7.267208823949287932e+01 7.820934886185531809e+01 6.974747030109959667e+01 5.342423268844240170e+01 5.610573302340579005e+01 7.619675543417058350e+01 6.472689914107466791e+01 8.512352556094303679e+01 9.864375669991943596e+01 1.105137323973034000e+02 1.060629186771867438e+02 9.406221946981416693e+01
5.379754505580258694e+01 3.899476579372841911e+01 1.931495014593622628e+01 3.919871513923607154e+01 5.166008204243468072e+01 6.010092775793949471e+01 7.170530136638663521e+01 6.305107384261896897e+01 5.257974825152673759e+01 3.478004842173459110e+01 2.683706336614804044e+01 3.740387736254922402e+01 5.511401796468179271e+01 5.586080382380249887e+01 5.078458511386387642e+01 3.145999128382690557e+01 3.222342012765364672e+01 5.194725039411947876e+01 5.445001717123027873e+01 3.525369157779989848e+01 5.558819590787442877e+01 3.761367001252477849e+01 3.845186240800207855e+01 5.850660671983131778e+01 6.808168269749093326e+01 8.113554036278132742e+01 6.974783189203246536e+01 4.975893863883459289e+01 6.950454490472112923e+01 7.608156151079995766e+01 8.422263747124831923e+01 7.981975713035286901e+01 8.735410248806661571e+01 9.320688742968695806e+01 1.013971242874002172e+02 8.619418383002913231e+01 8.540375045877817684e+01
4.595616788710278655e+01 2.809846665198640636e+01 1.983144993898100239e+01 2.954901671536661212e+01 3.179120215062431143e+01 4.327959433638384468e+01 6.339997322053923767e+01 7.125682548564742547e+01 5.129511802012656574e+01 5.495144886316423083e+01 4.696850857070072749e+01 2.770675770142864636e+01 4.796751828151428754e+01 4.961596035539574245e+01 3.039086842993595283e+01 4.961175110383413767e+01 5.224613779944203173e+01 3.332158282807196059e+01 3.410852779700696402e+01 4.194200121321740227e+01 6.194322452983045224e+01 5.825005853491335017e+01 5.861969103634981337e+01 3.973312571666846793e+01 5.984117577032807844e+01 6.106526106285644317e+01 6.414087873032315201e+01 4.727335709680968279e+01 6.576607687248858269e+01 6.844896789940652582e+01 6.898273744439225652e+01 6.040607339930095065e+01 7.470893342340436050e+01 7.319253666333241881e+01 9.320689007107930024e+01 8.478070738370890069e+01 6.783300733167921237e+01
5.421872660535110100e+01 3.876214831101341929e+01 3.969472313577782785e+01 2.056294383391383818e+01 4.039799657359682783e+01 5.150439066754469764e+01 5.981266909092827433e+01 6.982093885517541310e+01 7.125682548564736862e+01 5.765784012364014899e+01 3.725895438525413539e+01 4.661699817970986714e+01 2.863870919868288922e+01 2.933022754174739077e+01 4.971095553610466311e+01 5.798382518616891446e+01 5.349332281858696803e+01 5.389701728205864839e+01 3.948532596561301489e+01 5.890592081997852603e+01 5.466605703428680130e+01 7.446547759094519847e+01 6.814826940125573174e+01 5.984083276244272298e+01 4.100328436503017571e+01 6.106552576227309004e+01 4.379963798317018586e+01 4.486234914768901660e+01 6.390967339122332902e+01 4.786733802736381449e+01 4.893764907884632009e+01 5.001432032244998993e+01 5.898035246073267501e+01 7.281838307047385683e+01 7.398257145937841983e+01 7.536777820975544273e+01 5.722629913005562230e+01
6.675923828555163198e+01 4.750391638434123820e+01 2.911708623024672349e+01 2.107673397410087901e+01 3.785625852552819026e+01 3.157714943847090794e+01 4.151419134830537416e+01 6.151330887997949759e+01 7.200409331515390932e+01 5.171542741699141743e+01 4.906264085470646563e+01 4.882609692719463368e+01 4.897782877287566805e+01 3.128090445195230274e+01 5.137318346179392847e+01 6.300593499860954694e+01 7.289675953439781608e+01 6.538445109586844239e+01 4.510136725448924722e+01 6.538445128233900050e+01 7.446547759094519847e+01 7.446547758764313585e+01 7.423660076035920952e+01 5.421303461400886903e+01 4.295144074880015950e+01 4.240787601490380609e+01 6.169659532256438439e+01 6.479442392433517739e+01 4.635667475957361461e+01 6.341180654552759677e+01 6.872511009288695050e+01 7.008092868989409396e+01 5.157078130759956025e+01 5.271419827171064298e+01 5.386858848541422873e+01 5.524930610435018252e+01 7.536777820975548536e+01
