LEM/sinusoidal_perturbations/elevation_000974.asc
nrows	100
cellsize	150.0
xllcorner	0
ncols	100
yllcorner	0
NODATA_value	-9999
[rows 68 to 84 of 100, columns 0 to 36 of 100]
5.009162696260268353e-03 2.000500916269590590e+01 3.645393239426759635e+01 4.645393239426777399e+01 4.978012365035178277e+01 4.145262570538864111e+01 3.038926076036740653e+01 4.924605865814133665e+01 5.740343896406659496e+01 3.259110340163070418e+01 3.178870204195804661e+01 4.677125878794107905e+01 4.480784471169859984e+01 5.108331915942906676e+01 4.545679235845226174e+01 3.367296263115716215e+01 2.571596086919646496e+01 6.141298193310386289e+00 1.199891077329244915e+01 1.798958070665029396e+01 2.449885743772067670e+01 4.401539279113318770e+01 5.653304255077866713e+01 5.044179715377358519e+01 5.856392655954349635e+01 3.849508421798253011e+01 5.476628579030987964e+01 4.705214122241756769e+01 6.243877366504060689e+01 6.104225136838005028e+01 6.324228746877196272e+01 7.250912825230626879e+01 8.681619328247494138e+01 9.512853134105469621e+01 9.207001007103262680e+01 7.831106599136113289e+01 8.398677675679209642e+01
4.695337527364121070e-03 8.169661146804696017e+00 1.816966114680487365e+01 3.231179677053632560e+01 5.231179677053702903e+01 5.865439625393604928e+01 3.835882916419740241e+01 5.865439625393604928e+01 6.634266274982590517e+01 5.851441740002877623e+01 5.528759712377542002e+01 5.526840083277142668e+01 4.627357310858736383e+01 4.701622985319306025e+01 3.483468352441835947e+01 2.665999175771984042e+01 6.647152495318857213e+00 1.158238840297404693e+01 3.074265290093448399e+01 3.750030149027499959e+01 4.401539279113318770e+01 3.676869619249713139e+01 5.648521277818554154e+01 7.052933365772308605e+01 6.688534141605104821e+01 4.851778077837748526e+01 6.688534141605104821e+01 5.864525399339606793e+01 7.546464756949809782e+01 8.115013263876056726e+01 8.334777644037237110e+01 9.166304023660084965e+01 1.009183445243380817e+02 9.491449966130366533e+01 8.398677675679209642e+01 6.465422701138662376e+01 8.398677675679209642e+01
7.614146464036155443e-03 2.000761414646368053e+01 3.132285748241105239e+01 3.798952414907818564e+01 4.627379539654037899e+01 5.627379539654055662e+01 5.866677104700973189e+01 5.508460323840080264e+01 7.460558996834328127e+01 6.237060918008520360e+01 5.348416804099252886e+01 4.627357311182607447e+01 2.484827423101476995e+01 3.071265130547327260e+01 2.110132492011874206e+01 7.154248133278148458e+00 2.670541418131098155e+01 2.071780322749374648e+01 2.000485743549732476e+01 3.483982375900443174e+01 5.570006612491540920e+01 5.648521277818554154e+01 5.648521277818554154e+01 7.667419107406797707e+01 7.693089389614958407e+01 6.861007325349595476e+01 7.693089389614958407e+01 7.875113961175745203e+01 8.706831269361767056e+01 8.692326500406660728e+01 7.865283535890692690e+01 8.124662031541146234e+01 8.951529802801361768e+01 8.682019445587377504e+01 6.748318203510802959e+01 5.785213573259235176e+01 6.958178094803869840e+01
2.352828262072654761e-03 5.549354790514387403e+00 1.132285748241069534e+01 1.798952414907747865e+01 2.798952414907765629e+01 4.213165977280910823e+01 6.213165977280981167e+01 7.460558996834328127e+01 6.838746002563668469e+01 5.348416804099252886e+01 3.239244111734016229e+01 3.857006490634307738e+01 3.112359926812003863e+01 1.029614685913858629e+01 7.660963918051928445e+00 2.713706008662203573e+01 2.353888898063284785e+01 3.660236993376457093e+01 3.439085103947062549e+01 3.326083316116945099e+01 4.821734004614579305e+01 6.857864972279215010e+01 6.503539500214520785e+01 7.333873355465804877e+01 7.861217239193516093e+01 7.033417604554533398e+01 7.861217239193516093e+01 8.114806939223174709e+01 7.286762318157971663e+01 7.534776438608267313e+01 5.856919497273451469e+01 6.118023074415168594e+01 8.124662031541146234e+01 9.491449966130366533e+01 8.073228913095860548e+01 6.141904242792883650e+01 5.041972417010004648e+01
6.786455232800275850e-03 2.000678645523244370e+01 3.132285748241105239e+01 3.798952414907818564e+01 4.627379539654037899e+01 5.355442078667254435e+01 6.183123075740132890e+01 7.129756391422881734e+01 5.930269095519994949e+01 3.666289513232677422e+01 2.576899830677362502e+01 1.799089822146358841e+01 2.861568315946607299e+01 8.167339271989105143e+00 2.638973423853677147e+01 3.463442827553525660e+01 4.324313414225718333e+01 5.121846626334387764e+01 5.471206432849568557e+01 5.418102957659628771e+01 6.248024538595671373e+01 6.171459612674324546e+01 4.486552815627869961e+01 6.171459612674324546e+01 6.858242074945769673e+01 5.024375079188416748e+01 6.858242074945769673e+01 6.956011611873951495e+01 5.276349670896195221e+01 5.916331105440346505e+01 4.693112600865717354e+01 5.856919497273451469e+01 7.279800762711235507e+01 9.278763987436347804e+01 8.880828920557203787e+01 7.762667485996972516e+01 6.723598013499521642e+01
3.257643153035955173e-03 2.000325764315267918e+01 2.816988050370865437e+01 3.257295974421710127e+01 3.732578916574949801e+01 3.367848743924366772e+01 4.317183497327567920e+01 5.858731795359847894e+01 6.722914194039779545e+01 5.636987682082492057e+01 4.707755146319519923e+01 3.037720230961394918e+01 9.136051362009848020e+00 8.527363442613109967e+00 2.806635245927044409e+01 3.583105756855326263e+01 4.031182294804379040e+01 3.365980297643481123e+01 4.194171424295421957e+01 5.375357471846357527e+01 5.095879597159731134e+01 4.264020908841263235e+01 3.327870670626445815e+01 5.339031694916526050e+01 6.028896341871471520e+01 4.019385971015778836e+01 6.028896341871471520e+01 6.057407069929188737e+01 4.114374543556203889e+01 3.904857659956787330e+01 5.916331105440346505e+01 7.534776438608267313e+01 8.554070218390239688e+01 8.796004198529470841e+01 9.549540563838978358e+01 8.804312035446568530e+01 7.262612146129518464e+01
1.880098487986705483e-03 4.083864520187908909e+00 8.250837741816063442e+00 1.271053611481882939e+01 1.752915433214303675e+01 2.348013688572461533e+01 3.086132278455296074e+01 4.180529510970820439e+01 6.077511679521918353e+01 5.551018988040471669e+01 3.446280709141910847e+01 2.012696182796794631e+01 3.006048513677297862e+01 2.741614078262518461e+01 9.040534718734573261e+00 2.741012787111822391e+01 2.748362950830975748e+01 1.038982197949191999e+01 2.577807134850293380e+01 4.513697943289390935e+01 3.992701057342052451e+01 2.298462095912628911e+01 3.508590841763730594e+01 4.327104800772486470e+01 5.359059551586240389e+01 3.352322654659747769e+01 5.359059551586240389e+01 4.669266433290557927e+01 3.217622695750768713e+01 5.226401405536034162e+01 6.746640694407305716e+01 7.972813984697508261e+01 6.566643960210546993e+01 6.908857978319458937e+01 7.879120410314557432e+01 6.454320446520711130e+01 7.111884332513564289e+01
2.900726248362994839e-03 2.000290072624800786e+01 2.816988050370865437e+01 3.257295974421710127e+01 3.732578916574949801e+01 4.317183497327567920e+01 5.037306533079493676e+01 5.858731795359847894e+01 6.891844714310568065e+01 5.551018988040471669e+01 3.446280709141910847e+01 4.062744278407883769e+01 3.964799488157464680e+01 2.347839897010046784e+01 1.090303328007395045e+01 9.560558143178109702e+00 9.930746544688364708e+00 1.030337252378440027e+01 3.030870881262379868e+01 3.159898345965421029e+01 2.238168450868742454e+01 2.134543635473642453e+01 1.274544309756380223e+01 3.508493308504077390e+01 3.994267686628944602e+01 2.777132698338937544e+01 4.669266433290557927e+01 2.665423859618415747e+01 4.669266433290557927e+01 6.057407069929188737e+01 7.517229051779932547e+01 7.148747634123169803e+01 5.174155596946216917e+01 7.148747634123169803e+01 7.051778811890804377e+01 4.955877736677991408e+01 5.132354611478135098e+01
5.081304048347549951e-03 2.000508130404799090e+01 3.856641718484341652e+01 4.685068843010344608e+01 4.649790188408144331e+01 5.478217313171783331e+01 5.586914279625514013e+01 6.415341404400923864e+01 6.808281142517502360e+01 6.438828347208264802e+01 5.551018988040471669e+01 5.359220008261106472e+01 3.770668028082463508e+01 1.728879051331837147e+01 3.111679039778265832e+01 2.382792999435717007e+01 2.995140913358099866e+01 1.867671866762390565e+01 1.083387902056353802e+01 1.514494238381218416e+01 1.191163415900265043e+01 1.229310027517263570e+01 1.267271833958408678e+01 3.211570242422718024e+01 2.002210905497137006e+01 3.868422915105738014e+01 3.819167532607601601e+01 2.306806862336866359e+01 3.715178630218176892e+01 5.723548366552782340e+01 5.510204290176574204e+01 5.650800861904412642e+01 4.483281440150307873e+01 6.477115133940874614e+01 7.111884328760588403e+01 5.132354611477872908e+01 3.670054625316036123e+01
4.469920835086939326e-03 2.000446992083448450e+01 1.856641718484412706e+01 3.086841359564899889e+01 2.649790188408073988e+01 3.953921117770003946e+01 3.586914279625443669e+01 5.175287980661921239e+01 4.808281142517360962e+01 6.808281142517502360e+01 5.946760719769461190e+01 3.957499566116586465e+01 2.504307421105927745e+01 3.770668028082463508e+01 3.765203874720461386e+01 4.416307420667792627e+01 3.516255918232847222e+01 1.532549346917594768e+01 1.905125012512142746e+01 1.137137030713497943e+01 2.981312182901400831e+01 2.264748521640303380e+01 2.070083845987874227e+01 1.319825755485395824e+01 3.279484991267243288e+01 2.344725865881455817e+01 1.838958810411324407e+01 3.819166249140071301e+01 5.134450911000536877e+01 5.764494451833128608e+01 4.079626671188458431e+01 3.642066810788601572e+01 5.650800861904412642e+01 7.303105973746106372e+01 7.081514541146702868e+01 5.893023474790686578e+01 4.753816523374510439e+01
2.324776005098761877e-03 3.483877895119062984e+00 7.019411801051815836e+00 1.086841359564935416e+01 1.495089650028801920e+01 1.953921117769933602e+01 2.508621313995172386e+01 3.175287980661850895e+01 4.329988519041143036e+01 6.329988519041213380e+01 6.160877848490643771e+01 4.175888299804668691e+01 3.287666344642094174e+01 5.301230800643803320e+01 5.746824855809197885e+01 3.979854695783311769e+01 1.986175015554318790e+01 3.516333585494477632e+01 2.036349051802340426e+01 3.926339743192117027e+01 4.482933505150596432e+01 4.166521450521879899e+01 2.987305916868332645e+01 1.468046240067897656e+01 1.370871799902373134e+01 1.405927336986123599e+01 3.166206930800954211e+01 4.123292346455864532e+01 5.072739905376483449e+01 4.338667392408429180e+01 2.932932521057271913e+01 4.932712000882710157e+01 6.479855947696719909e+01 6.942891368202428737e+01 6.275746189522093488e+01 4.170317864716967193e+01 2.349878343370834699e+01
8.699724428260374037e-03 2.000869972442790612e+01 2.701941180105217200e+01 3.086841359564970944e+01 3.495089650028872086e+01 3.953921117770003946e+01 4.508621313995242730e+01 4.508621313995243440e+01 6.003715105428186405e+01 7.158415643821368235e+01 6.975681432045323049e+01 6.115305707491222620e+01 4.470901915344572330e+01 6.115305707491222620e+01 6.307426833303232883e+01 4.318149823870324155e+01 2.316768855873651134e+01 4.318149823870324155e+01 4.118685136891097898e+01 2.955636165478780697e+01 4.983271933311468871e+01 5.713890576145496425e+01 4.483256484467406011e+01 2.768689861416829601e+01 3.329636641971785593e+01 3.239645792549689673e+01 1.453702387846884037e+01 2.923888170423301247e+01 3.783376352366800432e+01 2.364070516041526204e+01 4.338667392408429180e+01 5.764494451833128608e+01 6.326445288429717806e+01 4.838572999404507158e+01 5.607451139671618279e+01 4.865542180473619283e+01 4.137813372135575918e+01
2.249585233037712084e-03 2.000224958523268270e+01 3.016425172166092139e+01 3.593775441355757749e+01 4.260442108022436258e+01 5.088869232768656303e+01 6.088869232768691120e+01 6.508621313995385549e+01 6.867822686385724751e+01 6.648983135266946931e+01 7.234900233798867930e+01 7.249776510291957266e+01 6.435568036548509951e+01 6.638576973171966245e+01 4.628495657523956908e+01 3.469039582284909073e+01 2.705333165650080218e+01 4.711613834683632263e+01 5.814378367163990191e+01 4.983271933311468871e+01 4.046105364109617142e+01 6.059449804250559168e+01 5.603654772626402547e+01 4.774651924446740736e+01 3.837617412921863291e+01 1.828242039654877260e+01 1.583296999163986207e+01 1.500237848020077536e+01 1.843168322478764765e+01 3.795270696901971519e+01 5.022251834640213275e+01 5.825958731221646048e+01 5.453736534867999808e+01 3.371819354516244260e+01 4.101079907660820822e+01 3.001886796329999640e+01 3.664368643490226418e+01
2.739267172789772273e-04 5.000273926717299311e+00 1.016425172166056612e+01 1.593775441355687406e+01 2.260442108022365915e+01 3.260442108022400731e+01 5.260442108022471075e+01 6.867822686385724751e+01 4.867077482773398600e+01 4.648207432671906503e+01 5.234221068328434967e+01 6.597047262873269347e+01 7.425593475980851110e+01 7.465718007241147802e+01 6.307426833303232883e+01 5.121610070161352724e+01 3.113046923396582955e+01 4.532691272724721898e+01 6.543385818069320692e+01 6.059449804250559168e+01 5.471277306977567889e+01 6.888825637031591498e+01 5.591218293196761380e+01 4.280830497057979755e+01 2.274097909500865100e+01 3.837617412921863291e+01 4.223132972265619145e+01 3.466483709270880809e+01 1.546138448383733532e+01 3.517876417882711593e+01 3.072916204077479208e+01 4.953020671738973135e+01 4.617429700651909741e+01 4.136878235442894436e+01 2.046521966453335750e+01 1.850198123619115975e+01 1.887643832381417042e+01
8.327778614586212741e-03 2.000832777861423040e+01 3.016425172166021085e+01 3.593775441355757749e+01 4.260442108022436258e+01 5.088869232768656303e+01 6.088869232768691120e+01 5.994058389548717258e+01 5.165429058657490202e+01 3.233675835097168516e+01 4.963459003626520172e+01 4.596318420394192827e+01 5.480015332618654611e+01 7.480715691736415351e+01 6.732823453532985525e+01 4.720777298777274211e+01 3.560683594359534254e+01 4.982220811077124978e+01 6.993012511143960808e+01 8.064743924133338737e+01 7.479423824181851899e+01 6.158887985822883593e+01 4.760335177752742908e+01 2.754423183386284890e+01 4.280830497057979755e+01 3.912413454807605717e+01 4.936800796210145847e+01 2.932077868140977728e+01 3.515654169957971931e+01 1.592140553550554394e+01 3.566808276656556131e+01 3.659539188633674200e+01 2.476091104291197809e+01 3.734319457805729314e+01 1.797264754524693942e+01 3.473796313305615513e+01 3.569067098660198667e+01
6.510866554257996840e-03 1.414864649028533350e+01 3.414864649028604049e+01 4.519566850678702252e+01 5.347993970039058098e+01 5.794236117506698491e+01 5.221842271213058240e+01 4.838538617195743541e+01 3.164910586607216914e+01 2.526555295417765734e+01 2.962992932445881777e+01 3.479401273052758370e+01 4.893987598392686778e+01 6.894811436515367120e+01 7.559919905085988034e+01 6.178093951170448861e+01 4.165148509441486624e+01 5.202402578077566631e+01 7.211986313682312755e+01 7.937578824191830051e+01 6.778633594166561238e+01 5.328182309156345298e+01 3.320539522692256895e+01 3.511120172134202733e+01 5.519389718508636378e+01 5.332254616837866479e+01 5.770484435586661220e+01 4.936348605361951769e+01 4.108123623964822002e+01 1.705723286605080702e+01 1.639647897974460733e+01 1.673849310113306643e+01 1.708673742104421933e+01 1.744362619267833736e+01 3.736464775771371194e+01 4.557681800918271620e+01 5.793253100451169502e+01
8.953482861371391335e-03 1.415108910659252572e+01 3.415108911191563834e+01 2.519566850681481185e+01 4.193293433866050890e+01 3.836503172370792214e+01 3.262807178373297035e+01 4.009301349742500520e+01 2.010157004863525998e+01 4.010429180304441843e+01 4.963459003626520172e+01 5.480015332619124280e+01 4.422369138515200859e+01 5.837224518147666430e+01 7.837973597482118748e+01 6.849365200686028743e+01 4.835551452139321782e+01 6.849365200686028743e+01 8.037947305554003208e+01 7.109103574278270798e+01 5.098754370797442448e+01 3.938602432315203572e+01 5.328182309156345298e+01 4.514221484883554325e+01 6.349919264039132827e+01 7.339278655021840336e+01 6.553933078436836013e+01 5.133695065912116462e+01 3.953120438885779464e+01 1.939262219002955590e+01 3.623639896846903952e+01 2.464266826151323286e+01 3.685161431459705739e+01 1.848390565998884227e+01 3.781803915245539827e+01 4.814273219703811435e+01 5.757678483811853454e+01
