LEM/sinusoidal_perturbations/elevation_000203.asc
nrows	100
cellsize	150.0
xllcorner	0
ncols	100
yllcorner	0
NODATA_value	-9999
[rows 17 to 33 of 100, columns 37 to 73 of 100]
3.323217103709625064e+01 3.612583823131986804e+01 3.695943421207190482e+01 1.867784141743290505e+01 3.921826413471603701e+01 4.738389114692470372e+01 5.495386987450127947e+01 6.345892427782020917e+01 7.063629379263045394e+01 7.909759353843094232e+01 8.219232638458741746e+01 7.611773721459846342e+01 6.833776761590885940e+01 8.306493750683529242e+01 7.512053154344405925e+01 5.498534676580145941e+01 6.615525379416243368e+01 8.568580683548286459e+01 8.923053997991883080e+01 6.934875532224755545e+01 5.651179595065366357e+01 7.138417164453584007e+01 6.041741528654222293e+01 8.025646391132200108e+01 8.198287031040230488e+01 7.373952654697917808e+01 5.947280086647178621e+01 7.337724940104456550e+01 9.331361625742934507e+01 9.970423644233048321e+01 1.071237547165795547e+02 9.583001512709178371e+01 8.157946635623611087e+01 6.166862911670351366e+01 8.157946635623406451e+01 9.478497942113405372e+01 8.670571802573260811e+01
1.753447982261323190e+01 1.786889778148449182e+01 1.820353608932660450e+01 2.205718183505181074e+01 1.936786829894409578e+01 3.648091201593982191e+01 3.460480707525185551e+01 5.514615461494871340e+01 5.781721116269924465e+01 6.454616995689762859e+01 7.280538936330383137e+01 8.174494857201247555e+01 8.932773220940704562e+01 8.875294561854684616e+01 6.947380074518953563e+01 6.246290711051367595e+01 8.204321621680533383e+01 9.360891165507304379e+01 9.043237864866003406e+01 7.054449538638399986e+01 7.054449538638399986e+01 8.461760846860657637e+01 6.742132141243996557e+01 8.727623643885097238e+01 9.549581131696056957e+01 7.555666970048473274e+01 6.433193930441494501e+01 7.337724940104456550e+01 8.745786638001557378e+01 1.074506470293462996e+02 9.895397193619193388e+01 7.941866946996449883e+01 6.792236048994863040e+01 8.157946635623611087e+01 8.974204573380107774e+01 8.670571802573273601e+01 6.732722973356005980e+01
4.028086927324542188e+01 3.921461779916081980e+01 1.922370773253923559e+01 4.106654430613951945e+01 3.976399180550239976e+01 2.005397364877409316e+01 4.047307133157357839e+01 4.914330328558125416e+01 3.747509405965374896e+01 4.435929357430246966e+01 5.347558019456083400e+01 6.766579028094305670e+01 8.759344499102316206e+01 9.665642188300662951e+01 8.875294561828825124e+01 7.648469437986537400e+01 7.648469437986537400e+01 9.546267502229275692e+01 9.869072155082916709e+01 9.043237864866003406e+01 9.043237864866003406e+01 9.553018679390918066e+01 7.733915405591879733e+01 9.553018679390918066e+01 1.037319606463158550e+02 8.932515355006816549e+01 6.938746554201824779e+01 8.932609680006017072e+01 1.015725604324215681e+02 1.094865194556028740e+02 8.993012575267727016e+01 7.610851014938154435e+01 7.941922498296396782e+01 9.583953359712049291e+01 9.340779040921746912e+01 7.407993821373743515e+01 8.670571802573273601e+01
5.985607527988877052e+01 5.275087281718172960e+01 3.634531807999338326e+01 4.858238081794670649e+01 3.329605181316887297e+01 2.053529018571514797e+01 4.097519203884839811e+01 2.864985495666526916e+01 4.321206512687702883e+01 6.344529933856632198e+01 7.280538936330383137e+01 8.174494857201247555e+01 8.156082049471960715e+01 8.156082049422533942e+01 8.965632320253571663e+01 9.546267502229275692e+01 9.546267502229275692e+01 1.033803319729532859e+02 1.027866454908875369e+02 9.454707217522829410e+01 1.027866454908875369e+02 1.054791929598045925e+02 9.721331882178324690e+01 1.054791929598045925e+02 1.034750971137818425e+02 8.346447702039090188e+01 7.748309846308318072e+01 8.932609680006017072e+01 1.093224535680617748e+02 1.094865967199627619e+02 8.993012698979637776e+01 8.488938003236559382e+01 9.900446117544949232e+01 1.072594964087632690e+02 9.841454554653874709e+01 7.927136154866066420e+01 9.841454554653850550e+01
5.023756743699330940e+01 6.103470078899295004e+01 5.998446992503862418e+01 5.816772568551349565e+01 4.047677697164645849e+01 4.097231870188337410e+01 2.120780588689628132e+01 3.774083877461998782e+01 4.198973766182459855e+01 6.196215993456811333e+01 7.711950907913917774e+01 7.630629298126018512e+01 6.295626261406174962e+01 6.295626261406174251e+01 8.156082049449089766e+01 8.576443926225687164e+01 8.472156214375083039e+01 9.295297071768479213e+01 9.281344341803958287e+01 7.457817022746912983e+01 9.281344341803958287e+01 1.011191791108000473e+02 9.882636592855645574e+01 1.070695014315400186e+02 1.117135519380276918e+02 1.034748408931033197e+02 9.163523765926271381e+01 9.382606142857156328e+01 1.138277564323253301e+02 1.177597464034255808e+02 1.094865967199627619e+02 9.607273409155153843e+01 1.126114133676826725e+02 1.078045582981639399e+02 8.928818337912207426e+01 9.841452225318371916e+01 9.553283546673685578e+01
3.279244123893275287e+01 4.441800546589810494e+01 6.426996103693986129e+01 6.865042220357108249e+01 5.391568641541292095e+01 3.332422426430667883e+01 4.168885542514701115e+01 2.188451556083557392e+01 4.240864476850233444e+01 5.746240184536015505e+01 5.752800220514079399e+01 6.840541145632883513e+01 4.947499765657479998e+01 6.840541145632883513e+01 7.991083624916552708e+01 6.582680517642907603e+01 6.478149014847953424e+01 8.145201193547079299e+01 8.456262120134866223e+01 6.460637485537803570e+01 8.117497394024807988e+01 8.117471645282806492e+01 7.886047304534203306e+01 9.555321381722801277e+01 1.032573994572552891e+02 1.114758653599503617e+02 1.116466277356044827e+02 1.138277564323253301e+02 1.113003073484877348e+02 1.030622119378697334e+02 1.113003073484877348e+02 1.157046289393741034e+02 1.240214142721217030e+02 1.155077349779923281e+02 1.049031532694834823e+02 1.040623227756266829e+02 1.140743186591151925e+02
3.935460331709411719e+01 5.928777101870519317e+01 7.249852391474169622e+01 7.050094056576399737e+01 5.018823560494802649e+01 5.225857211352494858e+01 2.412462910122820148e+01 2.236814027684326689e+01 3.914274176298523145e+01 3.758934274242717777e+01 5.317537635150217312e+01 6.034326015017552436e+01 4.309039297773096422e+01 6.241908899066995531e+01 6.791755326029733908e+01 5.156031722693405328e+01 5.312464821631266432e+01 7.320915620962048820e+01 7.750706412723899064e+01 5.753722837838130033e+01 6.120893057181474006e+01 7.577408503313077404e+01 6.733929255584969553e+01 8.729898249593334469e+01 8.329490304749693053e+01 1.032578328186679357e+02 9.694288099811532788e+01 1.052035007116795100e+02 1.012992537224999410e+02 8.301305599670249080e+01 1.012992537224999410e+02 1.023003198268431362e+02 1.105964672240798450e+02 1.142688371777976784e+02 1.197740210578097617e+02 1.204192523678719624e+02 1.289353312915758636e+02
4.656048006706457443e+01 6.619110016695269394e+01 6.634461002411491393e+01 7.465540162612654740e+01 7.050094056576399737e+01 5.447190993888131061e+01 3.391617911731520962e+01 4.291902799949938441e+01 2.307091847625121517e+01 4.001222011457593197e+01 2.633873532109587146e+01 4.944016366342606972e+01 3.754681504194466868e+01 5.352405385514267522e+01 4.766800176884736118e+01 4.122231516070131363e+01 6.161336011314300976e+01 8.093676063838340440e+01 7.119207777071073906e+01 5.116290771448769448e+01 5.116290771448770158e+01 5.579870151839952541e+01 6.213158477778463862e+01 6.917997320419190999e+01 8.914202023915682105e+01 9.356000885122239197e+01 7.668288682931037670e+01 9.356000885122239197e+01 9.303763396728616897e+01 7.293744010513987064e+01 9.303763396728616897e+01 8.208512534275870109e+01 9.895676064219968282e+01 9.073944719983865070e+01 1.078247386464011868e+02 1.247151685468017348e+02 1.315367266066439527e+02
4.793609179597448389e+01 4.648097877637334818e+01 4.648794285142362526e+01 6.634512363618300412e+01 7.107899963179896474e+01 5.095918371662283874e+01 5.465123815433823751e+01 4.192441240336120245e+01 3.612111425603232107e+01 2.379067320846507982e+01 2.666545986688674930e+01 3.573410426728071343e+01 4.609822116140188086e+01 3.066128624873418573e+01 3.306998493353088264e+01 5.361533425813932752e+01 6.988741412377640927e+01 6.092018269603941860e+01 6.092018269603941150e+01 4.525885826507356313e+01 5.955495080561937016e+01 7.577495073528413627e+01 8.208451537974420376e+01 8.914202023915682105e+01 9.738717924755916044e+01 8.524576791097565831e+01 6.485384361148555854e+01 8.524576791097565831e+01 8.633756934657060356e+01 6.625507346263661645e+01 8.633756934657060356e+01 7.035770694581566431e+01 8.647203440564618404e+01 7.732551035181492693e+01 9.296824452772520431e+01 1.109756023666357834e+02 1.225466615128832757e+02
3.039259836336444565e+01 3.224143336828171158e+01 5.222176706334790453e+01 6.307527222720793247e+01 7.454755576314330767e+01 7.107899963179896474e+01 6.982498848282253334e+01 6.066360981772100303e+01 4.813498198715571164e+01 2.935462169898870854e+01 2.451583530022802293e+01 2.502948004730495413e+01 2.553715702923923558e+01 2.604236197218699900e+01 3.379467306406593963e+01 5.358881646001157151e+01 6.499115214319240863e+01 5.669283439820841153e+01 4.052226726724416039e+01 4.755908568059672348e+01 7.002134936688335642e+01 8.779983583963802118e+01 9.203204423473520990e+01 9.349927341816201931e+01 9.531272568505963250e+01 7.300764755035609710e+01 5.765923977735612027e+01 7.803613393416951283e+01 8.054025214427635149e+01 6.049970658171927340e+01 7.562643275960587630e+01 6.131780432661852132e+01 6.607486544531305128e+01 7.328630419556486686e+01 8.244219651907678781e+01 9.419429101317395236e+01 1.142918145753864536e+02
4.466062550076976123e+01 5.228034696464689546e+01 3.497294535003953087e+01 4.659358599731162087e+01 6.633250551897633329e+01 8.392233204521026835e+01 7.652720062158454084e+01 6.658021537647705657e+01 5.208765947318341460e+01 3.109312030450511344e+01 5.116144385952120643e+01 4.049317568279453639e+01 4.500191517800954699e+01 4.667334092243091703e+01 2.677791051563141167e+01 4.742097282064476360e+01 5.264843038644578144e+01 3.615591295912398806e+01 5.669283439820841153e+01 6.748845633229822738e+01 8.234640814565342737e+01 8.115015305915500221e+01 7.469915070352851671e+01 7.793794890722858781e+01 8.957356350043315274e+01 6.773797873416579307e+01 5.182711708216844215e+01 7.208406678960902525e+01 7.517574879100958185e+01 5.516984341196006625e+01 5.552295091931073046e+01 7.562643275960587630e+01 8.647493946887659888e+01 9.363362079649976977e+01 1.019501040267182361e+02 1.071154431115759991e+02 1.153698374254978489e+02
6.448172241510808078e+01 5.685059668708118608e+01 3.695596665457764374e+01 4.459959889495212337e+01 5.595489830973249923e+01 7.568687251867308419e+01 6.839156755279016409e+01 4.839287774487259952e+01 3.796310306977888871e+01 5.208765947318341460e+01 5.208743866508242348e+01 6.349371425714338102e+01 5.272650875637373957e+01 2.767699514897642032e+01 2.730879586768763190e+01 4.794980343761368147e+01 3.203514058223465355e+01 5.264843038644578144e+01 6.499115214319240863e+01 7.957265922693136417e+01 7.790791622010937090e+01 6.461413422984760757e+01 6.286849687820109267e+01 7.977583768123450625e+01 8.192697856770180920e+01 6.690441994483747123e+01 4.677975848217445787e+01 6.400045287973910035e+01 6.594428532026942946e+01 5.015543069783421259e+01 7.018098365500797797e+01 8.394524406396550376e+01 9.299928231784060984e+01 9.642824117712926579e+01 1.002435656922834539e+02 8.701432520057566933e+01 1.037937480345194814e+02
7.278000697608942460e+01 5.306840703257148562e+01 3.902956835399476887e+01 5.884180098719014040e+01 6.066478047711879640e+01 8.044550957050996942e+01 7.652720062158454084e+01 6.359418618466686013e+01 4.344706804279780954e+01 6.359418618466686013e+01 7.210310918528496416e+01 6.429267445050963659e+01 4.427640479888916047e+01 5.244545402794800282e+01 4.008087891351279097e+01 2.806853916164638818e+01 4.870212524990622427e+01 5.781064621612321019e+01 7.159389276555796755e+01 5.749845634393537352e+01 6.951388166838414406e+01 5.318863226856192483e+01 6.325794213429075086e+01 7.075693838893852217e+01 6.780227623665592773e+01 5.367740687270551803e+01 4.199103147854214768e+01 4.395906598949618171e+01 4.594815495982585674e+01 6.597098547686231029e+01 7.269871376372908856e+01 7.567406136471146283e+01 7.296460466337408945e+01 7.631397653558082084e+01 8.011456932363688566e+01 7.535785042441952442e+01 8.545399758471208429e+01
7.238690736142774540e+01 6.084389057282847801e+01 4.113945796263205779e+01 6.086566736917087184e+01 7.542462251798048101e+01 8.867827177690566032e+01 7.758177554873417137e+01 5.780033696516453290e+01 5.073256776762887910e+01 7.062843887265592002e+01 8.051588659841809203e+01 6.064659072276951690e+01 6.429267445050963659e+01 6.708472869085197487e+01 5.575725888533955299e+01 4.780397399737333330e+01 2.884143498315947696e+01 4.633665708788988979e+01 5.764132976615925941e+01 4.122405841819160344e+01 5.585074303439216692e+01 6.228405394701520947e+01 4.572321974544943401e+01 5.995623441562641176e+01 5.704976689052668348e+01 3.939278551865865552e+01 5.953242392368958491e+01 5.814475736532516237e+01 6.597098547686231029e+01 4.983116406320822023e+01 5.273322676531542896e+01 5.571367730092699588e+01 5.885481597703986267e+01 6.215328189945827830e+01 6.589833790791088575e+01 8.601021586153403575e+01 1.003854852423474711e+02
5.835804057197352535e+01 4.451523958139961934e+01 6.080026574652221427e+01 4.761472410468982730e+01 6.722337578714810036e+01 8.262312114995310708e+01 8.569379127338586954e+01 7.758177554873417137e+01 5.972877891108519322e+01 7.875189623649073667e+01 8.875528831744121305e+01 7.816552758634726672e+01 6.992376161857856687e+01 6.277295349375333444e+01 5.232504375550882258e+01 3.171570407753411303e+01 4.946822222950564907e+01 2.963982676856706533e+01 3.020605757686040604e+01 3.078247892771790717e+01 4.438360251738385642e+01 5.407357947539943410e+01 4.672047164581497469e+01 3.919023384986331138e+01 3.680418969581659638e+01 5.704976689056506700e+01 6.779022190688648664e+01 7.813735240776465218e+01 7.809009099428520528e+01 5.981961010395026790e+01 7.269871371718421926e+01 6.720997517802184973e+01 7.883262451387957981e+01 7.107630892469974526e+01 8.601021586153403575e+01 7.347135149058890136e+01 8.019883216770831780e+01
6.650861775697123335e+01 4.693721579084168383e+01 6.649491742444884324e+01 6.722337578714805773e+01 5.473425739952734403e+01 6.858512480155013691e+01 8.845803330258206643e+01 8.754961804430151062e+01 7.371165091580225237e+01 8.754961804430151062e+01 8.384783765574881897e+01 6.424865624163093969e+01 5.051490674603969211e+01 5.028569149076631817e+01 3.466081094145629038e+01 5.232504375550846021e+01 5.456043385021744996e+01 3.518481829867130273e+01 3.250671254618579553e+01 4.912506440591282342e+01 3.164873075606866948e+01 4.130868231804593194e+01 3.350657476696376591e+01 3.416073767287719676e+01 5.458874716963836704e+01 6.341400537145679550e+01 7.048244892971415254e+01 7.883742840574133481e+01 8.808256902961333878e+01 7.981458628265907862e+01 8.808255603804806810e+01 8.723621311870489592e+01 9.549240107331412730e+01 8.527395555016838102e+01 9.086985608463240283e+01 8.357423988586846519e+01 1.003854852423474711e+02
5.455929813889522251e+01 4.966258143967965566e+01 6.922095095882650639e+01 8.142119709750079437e+01 7.440576493960263349e+01 6.344062355154384392e+01 7.484655419624212414e+01 9.479261320794508094e+01 9.329147636176111291e+01 9.162844661638102650e+01 8.289836564896762638e+01 7.595386039777504550e+01 5.818660608045831850e+01 3.771392126529657673e+01 5.521781531658346154e+01 6.351594469912910768e+01 6.376942303567078341e+01 4.826194693063603580e+01 5.115457876131372217e+01 3.647536420272052737e+01 5.285015644650237476e+01 3.257090789763407201e+01 5.432944876089278807e+01 5.459558917578930703e+01 3.510941424838016900e+01 5.444865134990959632e+01 5.047450328461668789e+01 7.054041115223304814e+01 8.571217552827548047e+01 7.772092852056542256e+01 8.621937028727749919e+01 8.885432722921939330e+01 9.722004110119772236e+01 1.052058537033355208e+02 1.096578006392346509e+02 9.803023404940606156e+01 1.124608092413012486e+02
