LEM/sinusoidal_perturbations/elevation_000661.asc
nrows	100
cellsize	150.0
xllcorner	0
ncols	100
yllcorner	0
NODATA_value	-9999
[rows 0 to 16 of 100, columns 37 to 73 of 100]
1.094069548776907652e+02 1.025926955142471968e+02 9.428049313382993546e+01 9.428049313382993546e+01 9.583581471549128139e+01 9.497464629036012695e+01 9.497464629036012695e+01 1.032845118873772776e+02 1.052522717885854746e+02 9.694287358588312031e+01 9.153237384512614483e+01 9.735229128913083230e+01 1.037188199940967053e+02 1.108211786862532762e+02 1.191126255320161533e+02 1.306764730698126016e+02 1.413050215749023266e+02 1.329427048913814531e+02 1.280994285863854714e+02 1.364693134587025156e+02 1.237327643596347855e+02 1.153483376332250430e+02 1.184211469638429435e+02 1.124939172553943223e+02 1.116342030259112335e+02 1.200162302441829638e+02 1.145733311680425999e+02 1.062207635965575605e+02 1.062207635965575605e+02 1.085921556033310083e+02 1.085921556033310083e+02 1.169469452955372901e+02 1.196821061280009673e+02 1.113147113751032151e+02 1.086941059350092189e+02 1.170612214991967051e+02 1.146795302177045102e+02
9.935604172126367928e+01 9.428049313382993546e+01 7.416740108626760275e+01 7.416740108626760275e+01 7.572347005210164639e+01 7.486184929534017840e+01 7.486184929534017840e+01 9.497464629036012695e+01 9.363500589714936950e+01 7.679589814832755224e+01 7.137285704590897240e+01 7.719150587138588548e+01 8.358608849756252823e+01 9.073267471168065867e+01 1.023509471388716889e+02 1.223917301559128958e+02 1.310489612430187094e+02 1.126710153291239322e+02 1.078197309105712520e+02 1.247731703609246665e+02 1.120908848563610434e+02 9.521609992964809521e+01 9.828714616461398634e+01 9.240250890128272943e+01 9.154866860339647872e+01 1.083943968706572605e+02 1.062207635965575605e+02 8.623492446767167507e+01 8.623492446767168929e+01 8.857229412815230774e+01 8.857229412815230774e+01 1.085921556033310083e+02 1.113147113751032151e+02 9.124855826089485333e+01 8.865720958865824741e+01 1.004616824826482571e+02 9.457245712303516427e+01
8.097967262224081253e+01 8.930195374991227197e+01 8.005838935636943177e+01 6.001888375946639087e+01 6.156470713577058973e+01 6.070845449163201835e+01 7.310329941978262980e+01 7.639309465785177622e+01 7.983392866543726996e+01 6.518692311182503829e+01 8.531101189365357129e+01 8.215922064270557712e+01 9.641645057185752421e+01 1.108211786862532762e+02 1.191126255320161533e+02 1.251026981873690431e+02 1.107925763058460973e+02 1.163909396741700135e+02 9.618597958334116527e+01 1.163909396741700135e+02 1.037249847756753667e+02 8.376570919112560887e+01 9.220149164410567266e+01 7.842051804149498651e+01 8.014100048945174137e+01 1.000378143202548387e+02 1.048829251574309893e+02 9.208864120905006700e+01 7.230014598954412008e+01 7.461515577883356798e+01 8.857229412815230774e+01 1.085921556033310083e+02 1.064865522935963043e+02 9.712579843571896276e+01 7.730232519485225851e+01 8.057426556154480579e+01 1.004616824826482571e+02
6.092297894152360982e+01 7.339895496490099447e+01 6.856107862111696249e+01 7.003863655790623000e+01 5.015232028807369602e+01 6.858518505406973986e+01 5.315207868121541424e+01 5.638205145137135332e+01 5.977059108905842777e+01 7.132337483437002845e+01 9.145956139895007198e+01 9.380828331154739885e+01 1.105977760653246236e+02 1.247791015587916377e+02 1.299603417140559998e+02 1.167255340916189255e+02 9.655266680592855266e+01 1.039670925798028520e+02 8.990556356140785965e+01 1.100015702821878278e+02 1.063399477987138795e+02 8.634515135384958739e+01 7.239338629892112920e+01 6.961793230047267400e+01 8.940251997121340821e+01 1.083943968706572605e+02 9.655373804849638475e+01 7.670203440334971390e+01 6.528513300122766339e+01 8.509235163402554747e+01 9.767287524916798702e+01 1.092109044411379983e+02 9.238917185202147664e+01 7.829157083983770349e+01 7.076353395245895683e+01 9.051797402209673749e+01 1.088101352463674516e+02
7.339895496490099447e+01 5.345187878052055197e+01 4.871317438312050996e+01 6.212156845045459619e+01 4.580786295247401796e+01 4.872981411819449704e+01 6.858525032033233515e+01 7.639309465785177622e+01 7.983392866543515254e+01 8.816016980984451834e+01 9.977584012813132119e+01 1.138901070517716079e+02 1.221808126734619577e+02 1.246051460148218553e+02 1.156827678563452650e+02 1.014051939986345872e+02 1.039670925798028520e+02 8.400395322611410620e+01 8.423231674967291838e+01 1.042003528372483743e+02 1.122544552911954270e+02 9.220149164410568687e+01 8.411486649960590967e+01 6.426603266752586308e+01 8.411486649960590967e+01 1.028142840309781434e+02 9.657162727951211423e+01 8.086943842496182810e+01 6.097490155019544034e+01 6.950818705224433813e+01 8.094862028347462513e+01 1.008750839973279056e+02 8.410879066987467922e+01 6.423529641114991762e+01 7.848771283325326920e+01 8.675823526675421249e+01 9.267170081872511389e+01
7.923310772527875656e+01 6.772840921456237595e+01 5.945197923172348453e+01 4.241355471621454143e+01 6.212152069988990633e+01 6.858515512232196443e+01 7.689575282381767352e+01 8.229897904724001023e+01 8.788248668144747455e+01 9.425510427714344530e+01 1.025649605163382887e+02 1.141635412585454077e+02 1.186895771112190232e+02 1.044074105444499594e+02 1.073172603161792580e+02 8.730826927142942395e+01 9.466246323951490638e+01 7.710050851654624182e+01 9.690905697442015310e+01 1.125683805106256727e+02 1.047851398847069504e+02 9.647577107228325133e+01 8.042903058873767463e+01 6.048622204584433604e+01 7.460719657146383099e+01 9.210474716017372998e+01 8.827248179655336457e+01 6.841625358672148138e+01 5.681013144201660481e+01 7.680848309074606561e+01 9.315730563326074787e+01 1.045701742549552904e+02 9.238906696698805376e+01 7.848771492677298056e+01 5.829134982237614793e+01 7.819743047142929981e+01 7.375250087729206427e+01
7.092619280469560294e+01 5.105224121701128581e+01 3.978403897761609898e+01 5.945197923172239740e+01 4.826428944530306353e+01 5.262721448857710982e+01 5.726217154206428717e+01 6.221592631208351065e+01 6.775083960743506850e+01 7.410306811374367442e+01 8.575293669966649190e+01 1.058692811752095935e+02 1.103231902991098110e+02 9.026881566996276263e+01 9.763969012342992926e+01 9.466246323951490638e+01 7.487428609817860092e+01 7.318742576365727359e+01 9.294734728284532821e+01 1.106334211115115806e+02 9.061148041503241757e+01 7.658093174856929863e+01 7.695743321716177832e+01 5.692093399778985230e+01 7.216779380311731984e+01 7.216506526924958109e+01 9.191607773042137808e+01 7.337879407780667407e+01 5.330240252156944791e+01 6.496872158920484708e+01 8.486716707883834943e+01 8.450379193157473878e+01 8.884656522269835932e+01 6.890213301117205447e+01 5.447140087355614213e+01 5.854953939224618154e+01 6.968281081662129850e+01
7.517045100938295832e+01 5.762452905272280645e+01 3.796968715145695228e+01 5.762583416305779593e+01 6.810323949368148533e+01 7.256041136284683546e+01 7.727822768640662332e+01 8.229897904724001023e+01 8.788234971121654837e+01 9.425510427714351636e+01 9.056701732715634989e+01 1.106645712149985172e+02 1.092107010893963661e+02 8.916912220140594059e+01 7.778233225686535945e+01 8.766628611753516509e+01 6.790535514289558705e+01 8.766628611753516509e+01 1.012708125016951612e+02 1.102562223258945124e+02 9.797043395480996253e+01 7.806217618310014927e+01 6.398376849068007033e+01 5.757260260394568974e+01 5.203028662993931874e+01 6.373838509166344579e+01 8.367233402023028077e+01 7.016095161546375891e+01 5.003500530306840943e+01 7.016399601018017052e+01 7.409798316466225288e+01 7.043797173325974370e+01 7.645761407921295927e+01 7.712559192077689829e+01 6.968281081662129850e+01 4.973660558598490411e+01 6.968281081482459172e+01
6.151246118034661947e+01 4.749305113441693749e+01 3.616908827820737571e+01 5.582873819203329191e+01 7.001400168656635969e+01 7.838286456160093962e+01 7.755253821601559139e+01 8.588992657931487429e+01 8.997747995172925073e+01 9.217892475139859698e+01 1.005076918355100162e+02 1.189495341971157103e+02 1.175768204436293161e+02 1.059794262002282892e+02 8.917248427926733712e+01 6.937261678534260056e+01 6.468006162134527415e+01 8.450200472309637689e+01 9.024061420742884820e+01 9.024061420742884820e+01 1.038447093790663871e+02 8.389316988043240997e+01 8.316109972426366426e+01 6.320666436063206106e+01 4.889987225974232388e+01 6.906041304604927689e+01 8.118810820192463495e+01 6.120518240039908875e+01 4.689569322350372715e+01 6.283596423399517761e+01 5.414956603057473217e+01 6.159958976527758523e+01 5.638706811683740483e+01 5.707389750735799083e+01 6.363442065461759967e+01 4.702323993413162384e+01 6.660335191207784078e+01
5.081917594033925667e+01 3.363344949748429968e+01 5.323693523633746594e+01 5.509974490883769960e+01 4.961182903491821605e+01 6.191562870486880854e+01 5.720536660465876366e+01 7.063879285458295954e+01 6.981279191889767333e+01 7.201985827218220493e+01 9.167610218766802177e+01 1.017405038150479015e+02 1.149843919282605071e+02 1.049556038524674904e+02 9.545157860100798075e+01 7.558860783490453628e+01 6.149623448336942744e+01 7.767684197571757920e+01 7.037554607953663321e+01 9.024061420742884820e+01 8.464867606124741428e+01 8.269295506100891657e+01 8.057309282071844336e+01 6.052794747649713969e+01 4.622779146388828764e+01 6.052718942327197027e+01 8.054346023027459012e+01 7.429740322107181782e+01 6.264203545348334501e+01 4.266079740775149531e+01 5.784588623820523878e+01 4.141032623319934203e+01 4.209987106074529351e+01 4.279048019937269487e+01 4.348163514207906388e+01 4.417293763735350609e+01 6.316415623934882007e+01
3.114133625623678014e+01 5.081845545201283443e+01 4.114067917085372272e+01 3.572872867816264630e+01 3.845609446515442187e+01 4.159575769697186587e+01 4.522401397491618980e+01 5.013119442262098602e+01 5.539883082894580468e+01 6.316152646955279693e+01 7.327407725782713044e+01 9.342369581347251994e+01 1.066237475360971558e+02 8.661869570635596460e+01 7.678286662637130178e+01 6.932890630818563693e+01 6.223232584038697013e+01 5.764794932756373669e+01 7.458631674407635614e+01 7.254411717797412962e+01 6.468128845553219719e+01 6.269654136238310826e+01 7.682111044653761667e+01 6.382915053720174825e+01 4.366588204719503352e+01 6.376862081293141671e+01 7.954026495916049555e+01 6.599092731435648318e+01 4.995652159801360881e+01 3.976130347799306008e+01 4.043920408669919908e+01 4.584432256484807766e+01 6.225712357757212345e+01 6.294692679743405961e+01 5.776241586126173644e+01 6.432687485529955040e+01 4.517529644335817807e+01
2.972496143413831859e+01 4.741158849399936059e+01 3.171677720125757460e+01 5.138964746086123370e+01 4.690086166247196076e+01 6.191562870486788484e+01 6.580509320895123437e+01 5.833193967156236681e+01 7.571880019565493569e+01 7.571880019565494990e+01 9.167610218766802177e+01 1.017405038150479015e+02 1.149843919282605071e+02 1.049556038524674904e+02 9.098327160719384210e+01 7.117501357184082167e+01 8.212474931061271377e+01 6.875511703809414144e+01 5.447341618005479802e+01 5.239895422489253463e+01 5.036898134079400791e+01 4.838803707938943433e+01 6.580832695700789259e+01 6.132815276199332288e+01 4.115693094488323567e+01 5.294343717184373332e+01 6.604522936689083679e+01 5.808590650703489189e+01 3.883056905090126065e+01 5.901256813992610262e+01 4.974665581012971671e+01 6.544661239621399318e+01 5.401722769527546575e+01 7.339073171891139680e+01 7.781145351977681912e+01 6.644966777605975494e+01 4.613748891665951390e+01
4.565509054115143073e+01 2.774308343607923533e+01 4.741774955304874339e+01 4.559114348270673389e+01 6.538847440624822127e+01 6.136674017386875590e+01 8.172175092655908202e+01 7.013529982028921950e+01 8.700045287373491476e+01 9.586562225599806197e+01 1.028798311575650501e+02 1.111552589675139586e+02 1.178324317234343965e+02 9.770461495971706256e+01 8.365124964555978693e+01 8.255845418329425911e+01 9.696784437662722667e+01 8.123008616000267068e+01 6.129428994336465308e+01 7.254411717797412962e+01 7.052953510837323847e+01 6.580821168867439042e+01 4.564449041191043932e+01 4.377896918557650707e+01 5.923583754157409942e+01 3.905779686793790972e+01 5.716343178344406795e+01 3.790629906554537598e+01 5.808708750063864557e+01 6.731871396669792773e+01 6.265336611256986998e+01 7.634685853189169791e+01 6.023293765393239596e+01 7.907832243230204483e+01 8.074092374612817480e+01 5.935683734912978338e+01 4.710056797185404065e+01
2.600314228193450816e+01 4.380786018987092234e+01 5.497420098223683738e+01 6.538847440631488439e+01 7.367594865181685293e+01 8.172175092653974104e+01 9.006143285264982978e+01 9.031581957281582618e+01 9.863568736740072040e+01 9.967042681602242737e+01 8.302328041484891230e+01 9.967042681602242737e+01 1.085692916591560078e+02 1.119487823454603017e+02 1.035999159993295820e+02 9.659878502514497711e+01 9.528448623920149885e+01 7.540856303618103595e+01 7.540856303618103595e+01 8.949932174416177588e+01 7.996964945708067773e+01 5.994285761849955207e+01 5.994285964710485359e+01 6.394537052348760398e+01 6.280841029513089069e+01 5.632366086434324615e+01 3.699094161300553196e+01 5.716593638401263888e+01 5.071953345025138304e+01 6.518634471296979882e+01 8.325380381361273407e+01 7.879388658634941578e+01 7.763300973898006418e+01 7.211908542866666494e+01 8.812419493327074349e+01 7.565451124414326500e+01 6.728261425594051559e+01
4.398821618696830171e+01 3.154296592858278814e+01 5.120649077031335850e+01 6.540377698666686967e+01 7.373917765042870087e+01 8.130250989444647303e+01 8.962486563447676247e+01 1.012268596935299598e+02 1.026893172797218625e+02 9.141564624108033854e+01 7.163002019745520954e+01 8.045917986898170682e+01 9.451423576406887150e+01 1.033907741403663891e+02 1.148880332983369499e+02 1.167187496635030044e+02 1.035900804567660742e+02 9.528448623920149885e+01 9.528448623920158411e+01 9.285502564897142008e+01 8.826088719248761549e+01 7.996969478924033581e+01 7.997028068838423565e+01 6.466895430996470395e+01 3.843483152735636565e+01 3.615997202549130662e+01 5.632602874415179883e+01 6.547542425323204895e+01 7.102677721706130853e+01 7.946833987296338364e+01 9.508382201073261797e+01 9.691212733352563191e+01 9.713551473777080503e+01 8.189155135752578474e+01 9.249010729872939862e+01 7.059033062028574079e+01 5.852821445097559661e+01
4.913317825929090787e+01 5.120649077031335850e+01 3.745962068511547471e+01 5.714049879026861589e+01 5.383437628510787931e+01 6.129181369381933564e+01 7.280789425004800819e+01 9.290637066007955980e+01 8.864924655281063792e+01 7.460917582589938490e+01 6.414493306871136724e+01 6.647693234207908120e+01 7.532069513337339117e+01 8.672561492076818013e+01 1.066081973469594431e+02 1.116810857120884037e+02 1.001179178540147205e+02 9.181564450228307805e+01 8.425401952131807093e+01 7.281040319758399448e+01 7.378311504238816099e+01 7.886920391646292217e+01 8.717698288622877101e+01 7.298667446672088488e+01 5.573410020230729600e+01 3.557617137051587264e+01 5.189404905428578019e+01 7.406617103420968817e+01 8.354915025830361230e+01 8.699529219572791305e+01 8.892024153206261872e+01 9.689953936300021553e+01 1.071918224448312884e+02 9.953388263539524417e+01 1.017670468655516203e+02 8.666198926271093228e+01 7.616128634530667796e+01
5.599821116375574093e+01 6.540377698539253970e+01 4.876246565676325417e+01 4.459559818471505821e+01 5.593264127804214780e+01 7.586243753551565305e+01 8.962486563447676247e+01 8.524962679335919802e+01 7.618447521165172986e+01 6.058311633639196714e+01 5.708801857304437277e+01 7.693969490857325866e+01 8.969620278556051574e+01 9.797001301419388142e+01 1.002846131747623417e+02 1.033700608968449615e+02 8.335722464965691358e+01 7.180946529511612653e+01 6.416167336698630663e+01 5.848544990617924810e+01 5.350827684672815110e+01 5.866636410305288507e+01 7.553757150797646602e+01 6.936029196868285851e+01 4.925527214589842373e+01 3.499409685034133588e+01 5.514268170313970074e+01 5.822639413676807152e+01 6.883703528255396975e+01 6.774113779226790655e+01 6.981775367572555524e+01 8.542329794964450684e+01 9.339532128669972622e+01 1.029962149289825106e+02 9.952882203933832272e+01 7.949326268808776774e+01 6.795303166928839289e+01
