LEM/sinusoidal_perturbations/elevation_000970.asc
nrows	100
cellsize	150.0
xllcorner	0
ncols	100
yllcorner	0
NODATA_value	-9999
[rows 34 to 50 of 100, columns 37 to 73 of 100]
5.506947089157549868e+01 3.927185886006878945e+01 4.847790190962768264e+01 3.001817584729074184e+01 3.810350116966832701e+01 4.247138868885229357e+01 2.687458161772806164e+01 4.261919749695750426e+01 4.716037122904833012e+01 4.801535636531653495e+01 2.853883309213004793e+01 4.146417192695235343e+01 4.891854943383095389e+01 2.992410373179396288e+01 3.030238446003732378e+01 3.068537974446456928e+01 3.107334394714053971e+01 4.815007492176472681e+01 5.950586215235254173e+01 7.266309721261080767e+01 8.142471273853898595e+01 8.671663420389464250e+01 8.613151848935390831e+01 7.998661831662813881e+01 6.846104083749064273e+01 8.595529426026257624e+01 7.926178828119712705e+01 5.954898805735963663e+01 7.144228470756603144e+01 7.144125692406275618e+01 7.495115092937000156e+01 6.366567424475436354e+01 4.427613025785456813e+01 6.050637767693964975e+01 4.527381063579220921e+01 6.372562578526581234e+01 7.662577741001692289e+01
6.101622546871309538e+01 5.538642551131966485e+01 5.316818190447209247e+01 3.453605120535652162e+01 5.039082700797324321e+01 4.633017048439843677e+01 3.306720387444549658e+01 2.737446852262355534e+01 2.771382596897192485e+01 2.805019802918873850e+01 4.579788321976243282e+01 5.241040242066167565e+01 4.721949161568831954e+01 5.199119304418658771e+01 5.086735039784557699e+01 3.503903440254410384e+01 5.129567375056991807e+01 3.166696407229105503e+01 5.044686781780556117e+01 6.082087739090500378e+01 6.687427154935478768e+01 6.687431640502066443e+01 6.545331903498421866e+01 5.943342945107584541e+01 5.679937043691009535e+01 7.727480488665214864e+01 8.647358338200247374e+01 7.144228470756574723e+01 5.196896082370604120e+01 6.489729732288336095e+01 6.499423373337175747e+01 4.887821886952024641e+01 4.006001949222923031e+01 4.052795430585727132e+01 4.099837517009871135e+01 6.077100102376206792e+01 5.632098622429430179e+01
7.999355314079268453e+01 7.460602484825875536e+01 5.854352488385210052e+01 3.975059027929285804e+01 4.664206347460427793e+01 5.638880847621029346e+01 5.434684480999259648e+01 3.637452100453081272e+01 4.783807243498295492e+01 2.896790794811742842e+01 4.063847757885517353e+01 5.595167511016548190e+01 6.247941634307461811e+01 5.632873529355114073e+01 4.143794308019042205e+01 5.621437447256845843e+01 6.001384798115374508e+01 5.079541440251372109e+01 3.226282289428584704e+01 5.247426565658693676e+01 4.711967869602988657e+01 6.554355428624570834e+01 5.798647313836293193e+01 4.544122711538806669e+01 6.545059187896904973e+01 7.011640853432324150e+01 6.065664181612184791e+01 6.240328672137928834e+01 6.468274279946052729e+01 4.533473026779757475e+01 5.442374503566910704e+01 3.940541780359664870e+01 5.944162192022143643e+01 6.052779909148196680e+01 5.672729447529680868e+01 4.167260786554991370e+01 4.216690026605498076e+01
7.986620375809729921e+01 7.509551866297260858e+01 5.482585902636201780e+01 4.629228958869909150e+01 6.488912202287264108e+01 7.158026024664013676e+01 5.372832246495043051e+01 5.770848740642838237e+01 5.074622373312088541e+01 3.010448301377262936e+01 5.029364017583510815e+01 6.305181381213836289e+01 7.613796787375534336e+01 6.025729585126704535e+01 6.188198740749834315e+01 4.873522160295729577e+01 6.910014946544343672e+01 6.012926935274137463e+01 4.861703530941721141e+01 3.285933845624836636e+01 5.306122102358398251e+01 5.417879062180765715e+01 3.831392504961589651e+01 5.542828184068150676e+01 6.381265946751538110e+01 5.300581064535209208e+01 3.659526161325192106e+01 3.703882310735478711e+01 5.595648259098057054e+01 5.439097634844393525e+01 3.875578702536106590e+01 5.038058917160596906e+01 6.659912863068889521e+01 6.427707841438962078e+01 4.453063874818803924e+01 6.162648611911122742e+01 6.209401269795730371e+01
7.455204418289260104e+01 8.386499409115376125e+01 7.425768711776032660e+01 5.539420644694729390e+01 7.425768711776032660e+01 8.335861758878148464e+01 7.504125499731667048e+01 6.322153462467012019e+01 5.235431326297995724e+01 3.160878613394287129e+01 3.770006752827188734e+01 5.114114526392739180e+01 7.285467905606893169e+01 7.832713601305952977e+01 7.516568168599125954e+01 5.424716074787674103e+01 7.516568168599125954e+01 6.196950669260158406e+01 4.194032900632911520e+01 3.671355668203313627e+01 3.345704558678313845e+01 3.387919012642622363e+01 3.430049842672859484e+01 5.412664808915297243e+01 5.547256590552672151e+01 3.596825240784127686e+01 4.454877056212600195e+01 5.046283806376690251e+01 3.766796425824851724e+01 3.811425145134272441e+01 4.767264459254106157e+01 6.578825712795543268e+01 6.968370162618444397e+01 6.616418177607872053e+01 4.655577083372362779e+01 6.616418178139952033e+01 7.733543412509044401e+01
6.505544656874953091e+01 8.545728611912269912e+01 8.457446727068483483e+01 7.576952653967316564e+01 8.457446727068483483e+01 7.772402782217740480e+01 5.714397572414831927e+01 5.464714566249897132e+01 3.397819946052202056e+01 5.235431326396005858e+01 5.869215407009779284e+01 4.999701240761182675e+01 7.056993847060859082e+01 8.506492336149248956e+01 6.385903824612345403e+01 7.516568168599125954e+01 7.359447188358016945e+01 5.347267868348410502e+01 5.580899599879944617e+01 5.911182915364605606e+01 4.516050240635126301e+01 5.365815670056820608e+01 4.308221418506812483e+01 3.489616313833179362e+01 3.534056554870936395e+01 5.346240423490479543e+01 5.832422257843002456e+01 6.124483753134185093e+01 5.775005230337653472e+01 4.018022021821463596e+01 5.698748182992735423e+01 7.389389480842817193e+01 8.914686535815749835e+01 7.453312658270215252e+01 5.527098183282741672e+01 4.945267301575020724e+01 6.893299282775095094e+01
7.942696110636079254e+01 9.392351693853608197e+01 9.664618699533164659e+01 8.813960973074004812e+01 8.164826089305982748e+01 7.175865390034199720e+01 5.110696418657377649e+01 3.637323981456008681e+01 5.472709202657218697e+01 5.379213931304120422e+01 7.311882537156205331e+01 6.199057706275676338e+01 7.899515234996860613e+01 9.310218027449909073e+01 7.326668593653640471e+01 9.310218027451387002e+01 8.211088110046473787e+01 6.499007084800057044e+01 7.610656558162449414e+01 7.265887486006349150e+01 6.478338466752116176e+01 5.680254829693130603e+01 3.671032761103864317e+01 5.502902473602330957e+01 4.272778502811762280e+01 4.834502771305358237e+01 6.626895390154561483e+01 6.464620032213241529e+01 4.470197296848950685e+01 5.989017038941979365e+01 5.989166113193689966e+01 8.000692608089595126e+01 9.162243523751025975e+01 7.123599127143435794e+01 7.497696837890431709e+01 6.305831811677334997e+01 5.230973087955131717e+01
1.000157785504504204e+02 1.027684557082432235e+02 8.208014332500015087e+01 6.761216231697270018e+01 6.106337673660697618e+01 7.324451712679139348e+01 6.568737387618187995e+01 5.715537035001575106e+01 3.883404574811408594e+01 5.445171559404149519e+01 7.727767259965123969e+01 8.228956410208205341e+01 9.072657411756765100e+01 1.017677279291150398e+02 9.286253726131883468e+01 9.378446856373213336e+01 9.396032968299624599e+01 8.538894176241447553e+01 8.520133647820699707e+01 7.675372932986518038e+01 7.053854082417730353e+01 5.811989209383246191e+01 3.800136539299801797e+01 5.811806110500895528e+01 6.274127197595272776e+01 5.998104656603518947e+01 6.640752322904955918e+01 7.297627830451298792e+01 5.880337217570219366e+01 5.005664782816091929e+01 6.974050722496791366e+01 8.417491533759994127e+01 9.328132257654925752e+01 9.162243753568742477e+01 9.161256344066482882e+01 8.021346927041615515e+01 7.177183071086513166e+01
1.033107420815013739e+02 1.027684557082432235e+02 8.208014332500015087e+01 8.813960973074640037e+01 7.324451712679139348e+01 5.190919498897837059e+01 4.521186722900925048e+01 4.163432369653555298e+01 4.091120450751639481e+01 6.173027824112926965e+01 7.317813138039403498e+01 8.433633310262449356e+01 9.362075130169957049e+01 9.731577950141745248e+01 1.049186829013072213e+02 1.129937690111752744e+02 9.809183560584553163e+01 7.707793096137129396e+01 6.562735342641208547e+01 5.713972110669238447e+01 5.113094060412605302e+01 4.566498257535730687e+01 5.164966600180557776e+01 3.991790111686157871e+01 6.523590531051443975e+01 7.877706185178151088e+01 8.457168001410805402e+01 8.724288723567636339e+01 7.815148592702220753e+01 5.871178138576102157e+01 5.592063231412357283e+01 6.448769149496209252e+01 7.871545849148809282e+01 9.942710291868905870e+01 8.994250701593578867e+01 7.797786892232088007e+01 5.819982436418945326e+01
9.507915719328677540e+01 1.112122306789806601e+02 1.027684557082432235e+02 8.527595359625934179e+01 6.470068044567645416e+01 5.383881014538162191e+01 6.772861584365803367e+01 5.764283248275835803e+01 6.173027824112926965e+01 4.393425446402867607e+01 5.677027768055705792e+01 6.590111025012799928e+01 7.830209580101841027e+01 7.500601970516450478e+01 9.410537673669571745e+01 1.038472039558883608e+02 1.070626842192498600e+02 9.446446715018187490e+01 8.520133646442658915e+01 7.675372932986516616e+01 7.053623474639339008e+01 6.138717945526597930e+01 4.188106519586931142e+01 5.980674909307123954e+01 5.714433956472406351e+01 7.232679715632021100e+01 9.372447481786653611e+01 9.543974480467574040e+01 7.489230314333165950e+01 7.866282897378833638e+01 6.080997513651028896e+01 8.089043730975713231e+01 9.328098427625408817e+01 9.605563670351035910e+01 7.532043210228627572e+01 6.133040317593616209e+01 7.797786882468946601e+01
9.716791276699279933e+01 1.054756446756636734e+02 1.058793272186132413e+02 8.527595359625934179e+01 8.092538886296453882e+01 6.034935325057374200e+01 8.092266888785546541e+01 7.891932580991291957e+01 7.322606472236012110e+01 6.471740834564066347e+01 4.708511472915986928e+01 5.209249505417711390e+01 5.767682742517607153e+01 6.490690594513804967e+01 7.516658528909988490e+01 9.596139156993113772e+01 1.008022115853350016e+02 9.245525997421626130e+01 9.014317168759060905e+01 7.546017898094702048e+01 6.429777236422091846e+01 4.502767322996503196e+01 6.083580626593061425e+01 4.443403305270658876e+01 6.396341251270931139e+01 7.674564066836148868e+01 8.377150430927358116e+01 9.214616426284952411e+01 9.543974480467574040e+01 8.736864253013327186e+01 6.688244924275721814e+01 7.709984637303401200e+01 9.775727725296169979e+01 9.863954117094866092e+01 7.780831907162749417e+01 6.362518283814618059e+01 7.780831907160391836e+01
7.751483108757437890e+01 9.406069032834749066e+01 1.039734276818484204e+02 9.184366527409741821e+01 7.135078342659105033e+01 8.092538886296453882e+01 8.941530629076889625e+01 8.419730799350271866e+01 7.123534158195172949e+01 5.066283854506511375e+01 6.778253234824416040e+01 7.275217453271947932e+01 7.830209580101841027e+01 8.558499391604894413e+01 9.410537674225356852e+01 1.043620025761256471e+02 9.245525997413729158e+01 7.233632502391398589e+01 7.026416479186387676e+01 6.724167099683937465e+01 4.816338893777273711e+01 6.429777236422091846e+01 6.534027939807546659e+01 4.624577428872113671e+01 5.185739906037743197e+01 5.740284050000282434e+01 6.389936113098561066e+01 7.517036704222671517e+01 9.552087635702409329e+01 9.472304746113347562e+01 7.392079921902265482e+01 9.472304746113347562e+01 1.061840019405344435e+02 1.003446874007424867e+02 8.687359718644557915e+01 6.633871847025905311e+01 7.160603818758158923e+01
6.639325764759578874e+01 7.601116633463088590e+01 9.566523727518595877e+01 1.003483846073470431e+02 8.317998686839408151e+01 1.003483846073470431e+02 8.900996075537716479e+01 7.569225859224304997e+01 5.526806876500394594e+01 7.123534158195172949e+01 5.648429107548765415e+01 7.689673487149048015e+01 9.143582182604617969e+01 1.033344869966157376e+02 1.058142748766417611e+02 9.747802946858979567e+01 9.437637761042526563e+01 7.767360750283883419e+01 5.902464292010792946e+01 5.126808584580311390e+01 6.724167099683937465e+01 7.545417764467624977e+01 6.717331037750425082e+01 4.813709894496791719e+01 6.717981869237301851e+01 7.674564062564169831e+01 8.377150428642075042e+01 9.214617067010922824e+01 1.038577427680857568e+02 1.031870888689233396e+02 8.591347698580798919e+01 1.031870888689233396e+02 1.065913678869587926e+02 8.565763335647137922e+01 7.093476945664171751e+01 7.257965812182919763e+01 9.239787431078219981e+01
7.094457277612232815e+01 9.044636267293931553e+01 1.040312863472004636e+02 1.121928269874551063e+02 1.038232838966426499e+02 9.421022818109804575e+01 8.049046813031139891e+01 6.013335372707083337e+01 6.968010778101785263e+01 8.419729984803117873e+01 7.689673487149175912e+01 6.251503482545248147e+01 7.418882871894010123e+01 9.482630106062494235e+01 9.747802946858979567e+01 7.709222958064859199e+01 8.169111603520919118e+01 5.740904414734183092e+01 5.443899119394871633e+01 7.026416479195744103e+01 7.852696484978615388e+01 7.650609900240475270e+01 5.858656399226810407e+01 5.015051904594263732e+01 5.443691303244668234e+01 5.878293097239533438e+01 7.834929447946915104e+01 9.260621790286606370e+01 9.994084624207400225e+01 1.082918202470300599e+02 1.067544037428055788e+02 1.150881411789978443e+02 1.102866844349292990e+02 8.938281675667175818e+01 7.448208315564869508e+01 9.348419087752974121e+01 8.298590250478858366e+01
8.216618260534332308e+01 9.034711780549626781e+01 9.911272409447460063e+01 1.105401188169466735e+02 9.763341584973490228e+01 7.692541267158124185e+01 6.525566854151566076e+01 8.049046747291332338e+01 8.900992648714394306e+01 9.871447460010804775e+01 9.017813285273821577e+01 6.962428668035808244e+01 7.152536830786783639e+01 9.212262332029990830e+01 9.747802946858979567e+01 7.709222958064859199e+01 6.325849127110085846e+01 5.770048026107759398e+01 7.353477504139763710e+01 6.768930185446647840e+01 8.764699625296054819e+01 8.535825889689338908e+01 7.537684778823269482e+01 6.901606335862146580e+01 5.293842789023670292e+01 7.166746486163820862e+01 6.594116859865408742e+01 7.188230757134137150e+01 7.919648478179523465e+01 9.128795508588240182e+01 1.117609153776018047e+02 1.259956988730042724e+02 1.054863845162471563e+02 9.059186238732057461e+01 7.831345023431369157e+01 9.942590053340370559e+01 1.039824792502709130e+02
6.282421225485524019e+01 7.139344314900711197e+01 8.254883265751649901e+01 1.022641634303518430e+02 1.061349869422935939e+02 8.970965929607447720e+01 6.916743397818346750e+01 8.091618309007583321e+01 9.563023287319306576e+01 1.162897619431752787e+02 9.870633355306348733e+01 7.870166966093778171e+01 7.870166966093781014e+01 9.946278661022326162e+01 9.969722444459637245e+01 7.932465619969123338e+01 7.988997671060410255e+01 6.025224239383862113e+01 7.988997671060408834e+01 8.764699633254312516e+01 9.600619825217323466e+01 9.560334617673726143e+01 8.672094811793907354e+01 7.364874477388252672e+01 5.485267322180758498e+01 7.364874477388252672e+01 8.635748951325940936e+01 9.260621790286606370e+01 9.994084624207400225e+01 1.083016429806673102e+02 1.200393513370906788e+02 1.301590361345613474e+02 1.097629237947767251e+02 9.494855716928900335e+01 8.262596347372657135e+01 1.037347053554147891e+02 1.210182289269259570e+02
6.558520360960444862e+01 7.410300569155393191e+01 8.526429852976418999e+01 1.050889243648240097e+02 1.104621159609547334e+02 8.970950473092540278e+01 7.521641267579522605e+01 7.930925768308138402e+01 9.401918125568313656e+01 1.148139098381446246e+02 1.079579963994381586e+02 9.067222854165761703e+01 8.794985776945735267e+01 1.079579963991085521e+02 1.080212225163120081e+02 9.895515265015163209e+01 8.285981465404074697e+01 6.293753607724965349e+01 7.687535217450241021e+01 9.730758513888582684e+01 1.021195425222169746e+02 8.054928543515480044e+01 6.674122451418038793e+01 6.171571457703648633e+01 5.678163320509032275e+01 7.586552101992930375e+01 8.349076913445901482e+01 8.729622257942378383e+01 9.239731930117888226e+01 9.789203646668433123e+01 1.062348367778314895e+02 1.179497476745420244e+02 1.157368064248790347e+02 9.494855716928302058e+01 9.766704409666044739e+01 9.175803331328026502e+01 1.126379188340218036e+02
