LEM/sinusoidal_perturbations/elevation_000886.asc
nrows	100
cellsize	150.0
xllcorner	0
ncols	100
yllcorner	0
NODATA_value	-9999
[rows 51 to 67 of 100, columns 37 to 73 of 100]
5.910039415949655961e+01 6.485223625506471024e+01 7.150209263698172890e+01 8.147556870753527392e+01 1.015494909752359689e+02 1.069891812041535815e+02 9.559731577526814306e+01 8.353144368743075177e+01 6.399703149221274856e+01 8.353144368743075177e+01 8.962103802853447121e+01 7.004198878259337846e+01 8.962103803343974562e+01 1.041418897129596104e+02 8.457775977950660717e+01 9.435982474623307326e+01 8.884568440675877810e+01 6.937006626216719951e+01 8.312026956036665126e+01 1.026680585791310847e+02 1.026968160535932384e+02 8.659043740915237208e+01 6.712759072470907995e+01 7.948546775009695864e+01 6.532906112072065241e+01 8.477909667206587585e+01 8.876774181720550416e+01 7.755246782363234104e+01 9.710494693155193602e+01 1.055176348177932226e+02 1.251501753023034667e+02 1.079010349729391862e+02 8.822354620418514060e+01 9.927691333335651791e+01 8.341419548537099615e+01 8.905487682945907579e+01 1.083735260416098214e+02
7.903739302083612017e+01 8.483605011099680837e+01 9.151252984138591273e+01 9.988779557900265615e+01 1.099577768261017212e+02 1.079857911515608322e+02 8.823118039085169073e+01 7.440017071334688126e+01 7.269733475233567788e+01 9.171810562589845972e+01 9.783053304430944763e+01 7.875097758494328559e+01 9.783053304430944763e+01 1.122256053834765197e+02 9.436368208567701288e+01 1.122256053834402394e+02 9.282826484633102382e+01 7.331768497324905809e+01 8.709842716835534304e+01 1.066613166786961102e+02 9.456373867285965673e+01 7.503322152814621404e+01 8.659043740915235787e+01 8.867521341342452956e+01 6.919462869957246198e+01 8.040094154458417108e+01 9.997807898277822858e+01 9.136002730023004403e+01 8.797636860301226136e+01 9.929324048946838843e+01 1.189178604485983755e+02 1.164549660179134492e+02 9.947471305422867260e+01 1.107443192396436302e+02 9.276916644117792998e+01 1.083735260416098214e+02 1.166547073434987993e+02
7.273445787460450163e+01 8.398667214426720307e+01 8.941074118891772571e+01 9.695140766212762173e+01 1.052463335012371317e+02 1.152453765788470577e+02 1.022409857322663242e+02 8.567710954045145400e+01 8.396317607038038489e+01 1.005145070742632925e+02 1.066543664185318931e+02 9.261675786824632439e+01 1.066543685809111395e+02 1.219946156196808289e+02 1.082132509021821249e+02 1.110372071434010905e+02 9.146763006105379645e+01 7.765099736073030101e+01 9.146763006105379645e+01 1.110372071434011332e+02 1.010916146182364344e+02 8.150799089243018614e+01 1.010916113260508666e+02 9.304075925889623022e+01 7.351739515832068150e+01 9.304077381997697671e+01 1.081254430564184048e+02 1.109744098208585967e+02 1.018397851861979575e+02 1.157328628496074145e+02 1.270745356457759954e+02 1.281696077035610131e+02 1.197458384315134339e+02 1.205752567462954943e+02 1.122474798835536944e+02 1.205752567463179048e+02 1.187586629564923300e+02
5.929784453608788652e+01 6.412958073109818713e+01 6.946111663132332126e+01 7.700067945433188754e+01 8.696381191674230138e+01 1.069390034075130558e+02 1.136683991111827225e+02 1.054099091938697796e+02 1.036798199740091491e+02 1.119332280018103489e+02 1.166507985205070668e+02 1.124135428604512867e+02 1.152049301725941604e+02 1.232519262327500655e+02 1.276976434093871404e+02 1.110372071434011048e+02 9.146763006105379645e+01 8.453649164724906484e+01 9.361003364350740696e+01 1.131703931079781995e+02 1.092313294643986552e+02 9.127935489002877034e+01 1.092311559093437978e+02 1.011808534282093319e+02 8.729487250917931362e+01 8.085330000310783305e+01 8.958721276479778339e+01 1.009257199131514966e+02 1.205769041425915304e+02 1.296259710280916693e+02 1.314292017619399360e+02 1.400000459569573366e+02 1.332228497765932502e+02 1.248261277407634680e+02 1.248261277407634822e+02 1.262960222694322709e+02 1.269843901778038457e+02
7.936181747713214918e+01 8.407897975396841161e+01 8.941074118891772571e+01 8.356212464547476770e+01 1.035305505692172972e+02 1.152453765793712250e+02 1.250426893847606209e+02 1.056484585835051178e+02 1.056484586045907577e+02 1.109719243525808992e+02 9.724351195044246765e+01 1.029277747537349512e+02 9.579304301993833803e+01 1.095320819298463988e+02 1.289003973382187951e+02 1.191165741347044928e+02 1.110372071434011048e+02 9.329895976546387715e+01 1.041250155129598198e+02 1.212501043758766031e+02 1.190495903791516810e+02 1.109038743464441694e+02 1.190495903791516810e+02 1.150670665390051113e+02 9.684081920121178655e+01 9.214295004186591598e+01 1.004461902948932419e+02 1.173861365949647251e+02 1.287421486973915989e+02 1.279938357956875734e+02 1.105909565354183002e+02 1.279938408911873182e+02 1.248261277407634680e+02 1.048112725727154952e+02 1.048112725727154952e+02 1.062533728317288393e+02 1.191621833999683275e+02
8.852129446829766835e+01 9.683992457048196911e+01 1.058003178861668374e+02 1.035305505692172972e+02 1.118326051972834847e+02 1.150337702962869741e+02 1.069917000321600966e+02 1.039987870583843375e+02 8.627469391840391211e+01 1.012876723988024850e+02 8.358069670131428097e+01 8.358069670131428097e+01 1.029277747561929601e+02 1.183128490832250890e+02 1.313376078410140337e+02 1.230138800759622200e+02 1.209568233193350437e+02 1.071743113320720369e+02 1.209568233193450908e+02 1.317310605921225033e+02 1.276776218554415721e+02 1.193712258676317219e+02 1.276776218554433342e+02 1.246523217428457571e+02 1.164882518459910727e+02 1.117886273494925149e+02 1.199458156067527739e+02 1.282691669180557597e+02 1.323483576976164215e+02 1.116188957623588607e+02 9.881603768090606366e+01 1.193982353018388238e+02 1.261199554756236552e+02 1.106734879269700684e+02 9.089285088046274552e+01 9.232137449033150745e+01 9.925442788652196668e+01
6.858558162989609741e+01 7.746506627765458575e+01 9.158578376254266118e+01 1.116619986694428235e+02 1.150337702962869741e+02 1.038483462909231321e+02 8.763518892646746394e+01 9.596157627311340832e+01 7.672479660191311268e+01 8.733284372632735426e+01 7.406673264100862752e+01 8.123500957869387662e+01 9.084568271815491869e+01 1.102691585695317400e+02 1.198805449645482355e+02 1.032736498426417597e+02 1.198805449645482355e+02 1.266666276301111225e+02 1.227219097705804813e+02 1.310412057141805349e+02 1.177829541634071404e+02 9.969127536494238484e+01 1.177829541634076236e+02 1.294156979523439475e+02 1.211157188985794875e+02 1.211157188985794448e+02 1.211157188985795443e+02 1.294156979525637894e+02 1.262585979105078451e+02 1.055549326746494074e+02 9.126028540496588448e+01 1.033075279340318815e+02 1.118427994806079653e+02 9.785206172658911328e+01 8.388988635957193196e+01 1.036799766310825248e+02 1.191621833999683275e+02
7.303414183587052833e+01 9.300058958052206037e+01 1.058003178861668374e+02 1.130743831614424835e+02 1.069917000321600966e+02 8.763518892646746394e+01 7.658317947909736745e+01 8.619969630690319207e+01 6.956176084566560291e+01 6.822254701514660269e+01 8.733284367753937261e+01 1.005574206436615583e+02 1.086017392848650474e+02 1.183128490832250890e+02 1.116168528368895210e+02 9.203126466138651551e+01 1.116168528368895210e+02 1.195843337354346403e+02 1.029777153174659503e+02 1.195843337352594489e+02 1.095312506162870250e+02 8.996621765456345088e+01 1.095312506162870250e+02 1.211157188985795159e+02 1.014029707888430778e+02 1.014029707888430920e+02 1.014029707888430778e+02 1.211157188985795443e+02 1.178952299310756189e+02 1.178063619931571253e+02 9.730191422553058089e+01 8.310202001262278770e+01 9.657235863165828960e+01 9.395727760277728180e+01 7.968768832802790314e+01 9.833383381844726046e+01 1.092922507740175462e+02
8.453107822409951666e+01 1.013267461995974656e+02 1.073412725460590593e+02 9.338815448616530546e+01 1.006237189308834559e+02 9.982610486761360846e+01 8.055545307462526239e+01 6.707780899820775744e+01 6.282968656525977025e+01 8.192763557342367164e+01 9.534757799430961711e+01 9.545047717063006587e+01 1.039709734124281937e+02 1.182070043575536715e+02 9.850534521110689923e+01 8.512742734114389975e+01 1.046923017306768600e+02 1.008393402986410905e+02 9.171022235993419258e+01 1.113225937881423988e+02 1.030095729623791669e+02 8.344535413013929315e+01 1.030095729623791669e+02 1.211157188985795443e+02 1.014029707888430920e+02 8.753903084441779470e+01 9.975435936989117636e+01 1.018009251959791328e+02 9.818381275149617693e+01 1.178952299305735778e+02 1.118427994806079653e+02 9.657235863165828960e+01 7.636432834690884874e+01 7.393214942766074671e+01 9.352809052087776820e+01 9.888291861986851927e+01 8.934403201427811325e+01
1.045701572510361501e+02 1.129140430805317692e+02 9.915411736916486518e+01 7.970312382951652808e+01 8.114789095719113732e+01 9.498111668557146459e+01 9.420865411951088220e+01 7.869949293071010743e+01 5.958799792949241692e+01 7.869949293071010743e+01 8.151636720824136262e+01 7.574466990658879695e+01 9.545047717491949868e+01 1.123861827738778913e+02 9.275571403578817353e+01 7.889256291632963780e+01 9.248105747343737448e+01 8.123742955444252800e+01 1.008393402986410905e+02 1.118388254709136049e+02 9.736186945773995660e+01 7.773847937101601246e+01 9.736186945773995660e+01 1.144060608675809618e+02 1.154093343707035189e+02 9.975435936989117636e+01 7.999822578643821203e+01 8.207240211665607887e+01 9.899420297786272727e+01 1.072078014577034253e+02 1.062705430199145553e+02 9.805353530876702450e+01 9.054571186485090095e+01 7.007127169908311259e+01 7.441693562030989995e+01 7.965189888379519800e+01 8.930230531000319161e+01
1.146807148581735873e+02 1.094087711286307467e+02 8.976456818924766878e+01 7.614040433117423845e+01 6.763297170064092256e+01 7.983434840354046003e+01 7.554880860037764023e+01 7.602333255058518091e+01 5.690584856996402152e+01 7.235886067575489733e+01 6.220078291504368906e+01 7.323315582945706126e+01 9.295762752410114160e+01 1.047611443398039057e+02 8.515467951980077999e+01 7.374728395612631004e+01 7.277180120421635934e+01 9.248105747343737448e+01 1.090489099188560829e+02 1.036154171515773612e+02 8.400810798171383453e+01 7.258288766791703495e+01 8.654790439954621206e+01 1.034375052139976532e+02 1.132897842649866078e+02 1.043594329567923893e+02 8.464631925586094496e+01 7.306286849793073657e+01 7.918582820221240581e+01 9.576787878072515525e+01 9.805353531035011372e+01 7.819741761913198275e+01 8.401313984219574138e+01 6.724877607118689582e+01 7.491165688035050607e+01 9.472809583777531373e+01 1.056716822591882590e+02
1.077191898302780970e+02 1.152109154075486686e+02 9.551822201918825783e+01 9.498092723118155334e+01 7.983434842987375646e+01 6.066883185343198903e+01 5.639360194311483809e+01 6.977323931514415278e+01 6.879175602626996522e+01 5.319571973849894420e+01 6.671287107352969770e+01 8.612403156433600770e+01 1.015496999345332085e+02 1.129901403200886989e+02 1.016263606973027294e+02 8.721353716313025473e+01 6.740568327869783616e+01 8.254478123098812148e+01 8.967614545700783424e+01 9.786627604918547263e+01 8.799356757083394598e+01 6.820037771446040153e+01 7.554029590087573354e+01 8.542333095660076481e+01 1.050568188137402217e+02 1.125845085574096203e+02 1.011787905363966473e+02 8.755783246893196292e+01 6.757318573878015400e+01 8.271084368305098167e+01 8.922691397362990529e+01 8.099984452594819118e+01 6.402519994598671360e+01 8.401313984219574138e+01 9.472809583777531373e+01 8.900873920947394424e+01 1.085358441778691372e+02
9.937789672590095336e+01 1.090567825691435502e+02 9.925898638340073887e+01 9.109932888237077009e+01 8.791985601381799142e+01 7.983434840354046003e+01 6.977330322517954642e+01 5.063763941031386651e+01 4.987738964460789504e+01 5.591263264953153111e+01 7.505870064472526337e+01 9.327932388154292198e+01 9.374773420191910134e+01 1.127208547827500098e+02 1.027098310917860715e+02 8.307404113564714976e+01 7.163237604644254475e+01 6.266891414367422897e+01 6.989975567936848222e+01 8.644899191798489824e+01 7.882293197208409197e+01 6.401024007906860902e+01 8.386640218561170457e+01 1.028335689996467153e+02 1.132897842649866078e+02 1.121283247921257669e+02 1.039586690120267178e+02 9.576787878072515525e+01 8.271084368305098167e+01 6.280012358695370267e+01 7.814301121841479869e+01 6.113277596129621116e+01 8.099984452594819118e+01 7.560929155540611646e+01 9.549301009150082109e+01 1.085358441778691372e+02 1.166886889705281476e+02
1.077191898302780970e+02 1.008542276900879813e+02 8.134443007465341680e+01 7.176580450992526039e+01 8.076512541372291309e+01 7.952543759151528491e+01 6.032146294118354746e+01 4.680355556037275022e+01 6.594617688058764315e+01 7.505870058486954122e+01 6.611549006644453641e+01 7.463969943082042846e+01 8.818102950175074284e+01 1.074336574124422441e+02 1.109322596457911914e+02 9.955918948959288173e+01 8.711570792314633138e+01 6.730981088203456864e+01 5.834539536759701406e+01 7.442601247123491248e+01 5.891503222130886996e+01 6.600747963817070740e+01 7.494492704414216178e+01 8.888477805004608001e+01 1.085333443977812067e+02 1.039586690120267178e+02 8.427881705900193765e+01 9.004291224329544718e+01 9.093247643414511572e+01 7.814300989922965357e+01 5.843279282530259167e+01 7.633306436549872842e+01 7.368547077286561375e+01 9.356013896897671600e+01 8.971325799270979928e+01 1.094465659955564831e+02 1.264383007742824105e+02
1.014550172239388104e+02 1.090567825691435502e+02 9.447714791033942561e+01 7.508541972805936382e+01 6.156602439641094549e+01 7.257860123379008144e+01 6.409558982835946495e+01 4.491050611770237566e+01 6.409558982699445551e+01 7.357033145002429819e+01 8.035133542581598931e+01 8.844243523399342166e+01 9.965847387066978058e+01 1.081360589809558803e+02 1.162806198158209980e+02 1.031859926701347234e+02 8.350399384445817930e+01 8.644899191798489824e+01 7.442601247123491248e+01 5.448785249859935220e+01 7.442601246953327632e+01 8.583193537526572925e+01 9.401440941551624064e+01 1.028335689996467153e+02 1.139609837919855408e+02 1.056992589469134742e+02 9.004291224329544718e+01 7.020214743799246548e+01 8.012252984064397765e+01 7.418098072586228398e+01 5.684139405896161890e+01 7.647085457917970075e+01 9.350834477400252354e+01 9.356013896897671600e+01 1.094465659955564831e+02 1.176933786041107055e+02 1.143461351635257159e+02
9.158361687202500434e+01 1.032434901274349386e+02 9.221931868086646489e+01 8.431384527359708159e+01 7.257860123379008144e+01 5.342021919242478134e+01 6.226636386930606193e+01 4.300117319500769497e+01 4.864013818964405544e+01 5.441990251042039262e+01 6.117175984767843744e+01 7.218490228280390397e+01 9.150689055748027556e+01 8.828030929635333734e+01 1.048495409067876949e+02 1.114145675896706109e+02 9.782218594417150825e+01 7.810213479666863634e+01 6.403588624896713100e+01 5.246331084857462912e+01 6.661709095099075739e+01 8.643680910696073738e+01 8.719209121831208620e+01 9.539103955979160787e+01 1.022580003824470651e+02 8.529464597035905626e+01 9.820357092556388068e+01 8.012252984064397765e+01 6.036994990844211628e+01 5.462735380745311176e+01 7.395280969175689734e+01 6.807411788794414065e+01 8.213609183499835353e+01 1.019149173356758808e+02 1.215812741521973948e+02 1.143461400871910882e+02 9.480835359224852255e+01
8.338029986729463872e+01 9.534306611987717872e+01 7.623989524638214732e+01 6.522941672378097167e+01 5.800977186914341388e+01 6.532467895254708878e+01 4.613917696499787979e+01 4.114489004338784639e+01 6.053629867384682228e+01 7.357033144999775232e+01 8.035133542581573352e+01 8.844243523397194906e+01 9.596248537558014391e+01 7.674620374370991271e+01 9.596248537558244607e+01 9.800323204873649274e+01 8.979578614609465603e+01 8.450260266642280271e+01 6.466368371435432039e+01 5.048957424791198179e+01 6.776730453547575905e+01 7.598143754032227548e+01 6.738546155687895123e+01 8.395781021665021626e+01 9.391865015218955648e+01 7.288849991155164787e+01 8.158350296418140601e+01 7.497280706142529993e+01 7.051412948914394008e+01 5.309355187501587636e+01 7.263971515319566663e+01 8.792588031031796447e+01 8.792917570024134477e+01 1.077096907654019304e+02 1.118886745583919549e+02 1.036784397681596772e+02 9.839348111471043978e+01
