LEM/sinusoidal_perturbations/elevation_000825.asc
nrows	100
cellsize	150.0
xllcorner	0
ncols	100
yllcorner	0
NODATA_value	-9999
[rows 17 to 33 of 100, columns 37 to 73 of 100]
8.697363192012585387e+01 9.489575499072560660e+01 7.833101925800224308e+01 5.849293301877573015e+01 4.414635682475220335e+01 3.676531538728617221e+01 5.717679478483253774e+01 6.932245215781594538e+01 8.260370937029207994e+01 8.347870886513136668e+01 9.164767650923459996e+01 9.151468587805217680e+01 9.969420211176978341e+01 1.030577774934414776e+02 9.490458405982334966e+01 1.030577774934414776e+02 9.666093281203679055e+01 8.280708386822882972e+01 7.039444972971301695e+01 5.045274493642123304e+01 6.462602634088625564e+01 8.432065408386942806e+01 8.644967357087064386e+01 9.468431302106976943e+01 9.902822761509749228e+01 7.969945218956875976e+01 7.716374343870667474e+01 9.037161046500573036e+01 9.844702689327527878e+01 8.832258130870336288e+01 7.710286065762143437e+01 6.214502121971050030e+01 4.205659278811365454e+01 6.092518766064194580e+01 6.143354573839665989e+01 6.239567635957713776e+01 5.342275099852887621e+01
6.806016151278465998e+01 8.394016982977299790e+01 7.153272642393410763e+01 6.331359505909825458e+01 5.464506213257284628e+01 3.416703467966382846e+01 5.464506213257318024e+01 6.334813365925136708e+01 7.000735872517296343e+01 7.818576343649270655e+01 8.806646691373478575e+01 1.044812005056468394e+02 9.633655689057530935e+01 9.323162284300788372e+01 7.526521514820444736e+01 9.323162284300788372e+01 9.336033581289109406e+01 7.368300118041531732e+01 5.969740874411136389e+01 4.804678286379527208e+01 6.804429714554854058e+01 7.246079236077756036e+01 6.666640841453694577e+01 8.644967357087166704e+01 9.813711739690826619e+01 7.966820676164789461e+01 6.768727221828953589e+01 7.105366907105715768e+01 8.726692397514580080e+01 8.513054628096017495e+01 7.709468630559712210e+01 6.872749390734384178e+01 5.973042725002154185e+01 4.082324795417711272e+01 4.024683633809517147e+01 4.204123504846250370e+01 4.338059042044745439e+01
5.693330738386520551e+01 7.605393468913740662e+01 6.331359505953276567e+01 4.309461221907746875e+01 4.901661517409834090e+01 3.165805377294349299e+01 3.686506436628064165e+01 4.315815903375985840e+01 5.002968352740813174e+01 6.011961718712939273e+01 7.989510026321657676e+01 9.633655689057530935e+01 7.666529811589703058e+01 8.242687641652490527e+01 6.543582761665699365e+01 8.508489960401381325e+01 8.952911812574373585e+01 8.129511981727196712e+01 6.576536937635931679e+01 4.572269569219601948e+01 6.257634938083333509e+01 5.230977422043753222e+01 6.540493403341875478e+01 8.373387145383723862e+01 1.055609886128785035e+02 9.035439643564676260e+01 7.105356894914136490e+01 5.983391600178187986e+01 7.318372340348547311e+01 6.944656889403424316e+01 5.757074527023879540e+01 7.091372221012395016e+01 5.806689888352784834e+01 3.992372387660674349e+01 6.034657762765698408e+01 5.662575088194139283e+01 6.320693741899134466e+01
6.501463536736407889e+01 6.860283835754050585e+01 5.435934293244888238e+01 4.604556158955468703e+01 2.854004144688752120e+01 4.901661517404193802e+01 5.726062726292268934e+01 5.359593078246940934e+01 7.000735872517296343e+01 7.818576343649270655e+01 8.806646691373478575e+01 9.531378604337129445e+01 8.242687641652490527e+01 6.270644577495710337e+01 5.836721484052586817e+01 7.813790358087251775e+01 8.129511982057063335e+01 6.150371452944680328e+01 6.729766728522754704e+01 5.971940189786377573e+01 4.248318974775902035e+01 6.257635006613919160e+01 7.845802181339263370e+01 8.666099145031070350e+01 9.805358274548402164e+01 9.845248434680539162e+01 8.438509829359486503e+01 6.498362975518780615e+01 5.352536518875045601e+01 4.963069148064190728e+01 4.589878111310993347e+01 6.096474400492630252e+01 5.711813788768286315e+01 3.922312580831414408e+01 6.069956522821105693e+01 7.661263164014083316e+01 7.308979130767845334e+01
6.113247096529526914e+01 5.282599294488635877e+01 4.010807113317454053e+01 2.565269305702290481e+01 4.604556158951662326e+01 4.531415978779416776e+01 6.549065243862777663e+01 7.356665666314479779e+01 8.175250112685091608e+01 9.394315812081015338e+01 8.579942791909601851e+01 7.560757902026631427e+01 7.922373538595218179e+01 7.188586284789842296e+01 5.195451583387527705e+01 6.611339757818309693e+01 8.582182679037293838e+01 6.730048293690828132e+01 4.725802469906513892e+01 3.943030705096825272e+01 4.347354252707828692e+01 5.086205758064251370e+01 5.857668850463138455e+01 7.014690808778973974e+01 8.981119742082744040e+01 8.925478333989994439e+01 9.245594177706368555e+01 8.124552032129106749e+01 7.318368150772015213e+01 6.944657916873356385e+01 6.112388053688309952e+01 4.087242387435059499e+01 3.822274185657501988e+01 4.405858346366722600e+01 5.757667744991828584e+01 7.789724332075248014e+01 8.022864871090212091e+01
4.831792150883408254e+01 3.224661795163454059e+01 4.122397675958121255e+01 2.368791811060801678e+01 3.807392273332786914e+01 5.836279274557818297e+01 7.370530305261117121e+01 8.131221353450366962e+01 8.949154681865289263e+01 8.579942791909601851e+01 6.607239090019324124e+01 6.156742472450706316e+01 5.939540529602536623e+01 6.174635618885272237e+01 4.747888709967524790e+01 6.753648635293686198e+01 7.562954990603238059e+01 6.740491619829218450e+01 5.777379235806788671e+01 3.727958231690023894e+01 5.777379235806788671e+01 7.141316288562724424e+01 7.845802181414588006e+01 8.666099082904121076e+01 8.358073318782406602e+01 6.978969101961943977e+01 8.358034454271991365e+01 8.006979037322733461e+01 7.001964343601666485e+01 6.180001034819849082e+01 5.698952823599127271e+01 3.722140425860742852e+01 5.200968588482690791e+01 6.351023673833929450e+01 5.498947713220150746e+01 6.680535804946003964e+01 8.726640853282555099e+01
3.527184409583392011e+01 2.042538509796951374e+01 2.099619244267321250e+01 4.060639129979933415e+01 4.394501568151395787e+01 6.393141296051261691e+01 7.804176846922632649e+01 6.144543219459296779e+01 7.804176846922632649e+01 8.579942791909594746e+01 6.607239090019324124e+01 5.190836567389548151e+01 4.505855605747434822e+01 4.148662358465432476e+01 6.174635618885272237e+01 7.570681263744032208e+01 6.740492284143942925e+01 4.725829797306754898e+01 5.315907943780712230e+01 3.523267176690520586e+01 4.970829905934878212e+01 6.911742338149495879e+01 8.007840078511632953e+01 8.654471582999143209e+01 7.478967936730451527e+01 5.578556320984281314e+01 7.478965026233429114e+01 7.196026694665934542e+01 5.163974634423745869e+01 4.225497934659129129e+01 3.624408237563491042e+01 5.698934238598619118e+01 6.586828426732404296e+01 7.913413725491155049e+01 7.535279737699258362e+01 8.378533042474207093e+01 9.599965221090249656e+01
1.807072354604273556e+01 1.841110150175479276e+01 2.073203611682087555e+01 4.351554938882036083e+01 5.956398638653524813e+01 6.862125475173377254e+01 6.038485414022788689e+01 4.978022731702738213e+01 6.402935648695104476e+01 8.387537926812728983e+01 8.000777451050211653e+01 7.185029561821561117e+01 5.784736883127148133e+01 3.739898369060852446e+01 5.784736883127148133e+01 6.793901983500548170e+01 5.885180252381596944e+01 5.054197806556544492e+01 3.242712197725548862e+01 5.233771707432410381e+01 6.365682926637015271e+01 7.229259871557877659e+01 5.660166781108011946e+01 6.347784369523140668e+01 6.667816282470590750e+01 4.658801653267867948e+01 6.667816280545422103e+01 8.007147686905679507e+01 7.001936477654489011e+01 5.637828258292712746e+01 3.556560897852904901e+01 5.637828735330695906e+01 6.975844533887108412e+01 7.543201346053400869e+01 8.279123657988398577e+01 9.088438308088923634e+01 1.021250412721179259e+02
3.749382696602435772e+01 3.859128229094812212e+01 1.889679261965923729e+01 3.075121542943130493e+01 5.134938801179436041e+01 5.243456430547559677e+01 4.011551263716782501e+01 6.038485414022788689e+01 7.804176846922632649e+01 8.791007689354725585e+01 8.225070110668549717e+01 6.900353570358271327e+01 4.891543510754026158e+01 3.418554933178664612e+01 5.067625994806997625e+01 4.779520982689720654e+01 4.799720534087513357e+01 2.966888002790483725e+01 5.053441181200103216e+01 6.114559827620478671e+01 7.002247375313471878e+01 6.020214219309902859e+01 4.127920520882869226e+01 5.444227620288513236e+01 5.937791402429955667e+01 4.012430810118583224e+01 6.026112313548922117e+01 7.142962361465380638e+01 6.197273792245900381e+01 5.490516859193390076e+01 3.489468233845081357e+01 5.576605936079174342e+01 4.991946307070369215e+01 5.577821585776885627e+01 6.332056320699468444e+01 7.459116433057148754e+01 9.399274386788215452e+01
5.071566834242544530e+01 3.943907584606194661e+01 1.923929688022113993e+01 3.274241440794189373e+01 4.550108496047101880e+01 3.204388198722431724e+01 4.124343348399799680e+01 5.303236049265303365e+01 7.303951586799897200e+01 6.855429491936435227e+01 6.288105772080514555e+01 7.476318347857824165e+01 5.479390768184502747e+01 5.067524906042096688e+01 2.975946170488575149e+01 4.476074301630826113e+01 2.653020672045533601e+01 4.763094774024891365e+01 5.704352238222576688e+01 6.388185318931725476e+01 6.218854331791014545e+01 4.474410246017927761e+01 3.507381325217291845e+01 3.645812731471435342e+01 4.982720697269458299e+01 3.505960557115984244e+01 5.453386818520402102e+01 6.348987674194234643e+01 4.542780187958940274e+01 3.396114207763579884e+01 4.825607670101329916e+01 4.205224043101148368e+01 6.226001703023395351e+01 7.543201346053400869e+01 7.543201346053405132e+01 9.088438308088923634e+01 9.076871629679941123e+01
4.311272113802545647e+01 1.976081064168997514e+01 1.958230014101050998e+01 3.694526481637697657e+01 2.580429708890080676e+01 4.614186312603766993e+01 6.071518437941782764e+01 6.972038813012643743e+01 8.123342416268563682e+01 6.855429491936435227e+01 4.881745009539651647e+01 5.726284451118875296e+01 6.489664704545610618e+01 5.248266533446161475e+01 2.644080187179710961e+01 2.601534369024902560e+01 2.640144124046193852e+01 4.689216108915174885e+01 4.808952148903577495e+01 4.278825118255997495e+01 4.899215438759607366e+01 3.645489408944525422e+01 2.916614943204303501e+01 2.959392835845343939e+01 3.002715819860106095e+01 3.046621755657838904e+01 5.154310140516823679e+01 6.038649157304542570e+01 5.345096438067785982e+01 3.330893271583641990e+01 5.429625959458679318e+01 6.226001602704054250e+01 6.226001703083880301e+01 8.190514594173937724e+01 9.490805717260765562e+01 8.508923777386911524e+01 7.129017372878547576e+01
5.143684197556096649e+01 4.311671560056374375e+01 3.977091355396920846e+01 2.007064996483659769e+01 3.707452042284617022e+01 4.820706225288767399e+01 6.153100034022955356e+01 6.445428952937533040e+01 6.853305171560704423e+01 6.143638544101484200e+01 5.726287819016175007e+01 3.713107102060301656e+01 4.819394422003434642e+01 4.513009060241392945e+01 2.548286476099529452e+01 4.588069677711216343e+01 2.713502215197527789e+01 2.695151783284006797e+01 2.734637177546964537e+01 2.774806375172600426e+01 2.815594158791650514e+01 2.856946553073056805e+01 4.942480226434782509e+01 4.827926761333372951e+01 4.462930186335112381e+01 5.153143916224588139e+01 3.110096777442781502e+01 5.215927165380399799e+01 3.239664518172885721e+01 5.131365999962297764e+01 5.468941004845622444e+01 6.284953055823736889e+01 6.597619260512279027e+01 8.490041135928028382e+01 9.381720980480663741e+01 7.699530675932589929e+01 5.740263526703986940e+01
5.333709240236125737e+01 4.263234663173779637e+01 2.236043875605305686e+01 4.028072237451548432e+01 2.057670695538930161e+01 3.453250385141792833e+01 4.922335526040903630e+01 4.508407948600606119e+01 4.738732255724966791e+01 3.752763668611037673e+01 5.177295733894829510e+01 4.831696857535681744e+01 2.469373620190378915e+01 2.495465424992985959e+01 4.550150508044698228e+01 5.263405079021879374e+01 3.672872750334105518e+01 4.775596417527464155e+01 4.813062706422699222e+01 4.849947803069252217e+01 4.015162751772356842e+01 3.327559408072698943e+01 4.520741642551058703e+01 6.430914367306164081e+01 6.335266499136297114e+01 5.278458399880040020e+01 3.245052990139358684e+01 3.174540550738563738e+01 4.606279059130041276e+01 3.336331454119056161e+01 3.405458266887389129e+01 4.641016316400088471e+01 6.372443673642801087e+01 7.803700729341201736e+01 7.426904173619939797e+01 7.156127820136566697e+01 5.181724894977590168e+01
3.905587578044263353e+01 2.464294976575337159e+01 4.263234696041841687e+01 4.878251274952706495e+01 3.456128867610681965e+01 2.108602044347847482e+01 4.124961117976136649e+01 4.323852176173100759e+01 2.867929547120733247e+01 2.863396506127926955e+01 3.982442550719821384e+01 4.408378165111484037e+01 4.453676191318879773e+01 2.457992132961758003e+01 4.510634434632358136e+01 6.345036062364609819e+01 5.713620202999668152e+01 4.787202212095232312e+01 6.777315010629885705e+01 5.980466308069119208e+01 5.923578521153305587e+01 3.938403176385147475e+01 5.968944514255314715e+01 7.400698076188288610e+01 6.107557043474521663e+01 4.060103563865659737e+01 5.332222561523813198e+01 4.422335552441825968e+01 5.836052927487330777e+01 5.529651640373057120e+01 5.490909364877072107e+01 3.504526157849550572e+01 4.998323122523240869e+01 6.491841072932427892e+01 7.101422353371333429e+01 5.454798132570777369e+01 4.652906811063761694e+01
4.660365368031510513e+01 2.627379222630321820e+01 4.619981176493856623e+01 6.092757510153613509e+01 4.907298007031751297e+01 4.104433755623912106e+01 2.159597456726417164e+01 4.159785524531965706e+01 2.260383186319600313e+01 2.296011307073996122e+01 2.331569234230497756e+01 2.366815385749542955e+01 2.404808517799705569e+01 2.926521692995545365e+01 3.517415591610249948e+01 4.731196512639061780e+01 6.767628268624660848e+01 6.205773214944152727e+01 6.420001140494719039e+01 7.877746229707234704e+01 6.828247841575753796e+01 4.969545580839121612e+01 6.828247841575694110e+01 7.048143326484760962e+01 5.052601583100720717e+01 6.107557075036422134e+01 6.106116106578864589e+01 6.421958101977598687e+01 7.212601127363895159e+01 6.072747797204176123e+01 4.047347426139538840e+01 5.565049471246565105e+01 3.606753677520633516e+01 5.673660833262895409e+01 5.950773140281730633e+01 4.291479344782685246e+01 6.288308221222012406e+01
2.867439198609612561e+01 4.656531015246562788e+01 4.308413066409928405e+01 6.358940031671436088e+01 5.458527669916269787e+01 3.398866450867082989e+01 2.241900364219576147e+01 2.210049478190481054e+01 4.137538851131142792e+01 4.618196049064402331e+01 4.358749453849951294e+01 4.113785623887222442e+01 2.440344977098864732e+01 4.541455819844912867e+01 5.576751274920213319e+01 6.425580269947980128e+01 7.594568780450681800e+01 8.158469730141703735e+01 8.369165959750806394e+01 9.169855491725374463e+01 7.844805862077909353e+01 7.013987065054169534e+01 7.844805862077909353e+01 7.794097132475538103e+01 5.820173758419539922e+01 7.794097132475538103e+01 8.090340552788994444e+01 7.926238467376673213e+01 6.578762515817759038e+01 4.586296095858142507e+01 6.072747797204176123e+01 6.481667554943112464e+01 5.090248610183223832e+01 3.710568952687569322e+01 3.961433304580137360e+01 5.947953070282530064e+01 6.287283333078252667e+01
4.807259684007460976e+01 3.129662742311519708e+01 5.233848898268097827e+01 7.176755658494259649e+01 6.314050846107618753e+01 5.163050215048355085e+01 4.281650259721090634e+01 2.618180672669128128e+01 4.038118682541302462e+01 5.848384260264780465e+01 4.611242724780259294e+01 2.550813118217457998e+01 4.496522820990985991e+01 5.434276278508459512e+01 7.130206015076825565e+01 7.940071375720718549e+01 8.599389363591487268e+01 7.790669548861146154e+01 8.599389363591487268e+01 8.952489223595237888e+01 8.156376842797381244e+01 8.608210927193609052e+01 9.396538807077222089e+01 8.612863740059985673e+01 7.217915305981890128e+01 8.612863740059985673e+01 8.495061457334682586e+01 6.543341637192153826e+01 5.141980362354279066e+01 6.578762515817759038e+01 7.391092874229616427e+01 7.844079915876444886e+01 6.572330233067579286e+01 5.765416302477915167e+01 3.819113754464614630e+01 5.851952878212396314e+01 7.523408652241145944e+01
