LEM/sinusoidal_perturbations/elevation_000775.asc
nrows	100
cellsize	150.0
xllcorner	0
ncols	100
yllcorner	0
NODATA_value	-9999
[rows 68 to 84 of 100, columns 37 to 73 of 100]
5.046996292405045637e+01 2.972290773514969686e+01 4.755470009432708878e+01 4.834851428852564226e+01 6.774883558884926060e+01 6.449738561180016916e+01 4.759168756206246798e+01 4.176528633047825423e+01 6.196103979526095173e+01 7.663016823983065251e+01 6.500956960200116441e+01 5.655833424527968134e+01 4.350443692707445820e+01 6.407787743815343617e+01 7.120211001723615141e+01 5.092004399531491998e+01 3.884760796599067589e+01 5.949250057290203841e+01 7.107916921055604575e+01 6.473013946332751800e+01 4.414507189703775936e+01 6.469183397895659482e+01 5.799508418955214495e+01 6.556261257994552238e+01 5.784412955102558129e+01 3.938457945922034753e+01 5.415525458160652761e+01 7.432135269217765483e+01 8.909825155002313579e+01 1.001460953274757202e+02 9.173094239322620069e+01 8.264678742298865188e+01 6.291950870501612059e+01 8.264678742298865188e+01 7.680628313218720393e+01 6.846433576735545046e+01 5.157538375455647639e+01
5.859617041413120830e+01 4.780444295248764064e+01 2.842688440115004411e+01 4.735744140446045236e+01 5.572918061044222782e+01 5.092082031868552150e+01 3.595727313537859260e+01 5.612061558420585072e+01 6.011392893448708463e+01 6.681125422443970763e+01 5.643957442389738333e+01 3.621532416488827266e+01 5.111792994703059634e+01 5.883574791448702968e+01 6.926010193597687703e+01 5.725509248688626940e+01 3.660378653022828388e+01 5.419716777395072427e+01 6.257372959226608344e+01 5.987255944140849806e+01 3.922837607864688181e+01 5.344992073894809437e+01 4.444173863273837810e+01 5.322560016705488550e+01 3.710961687010755128e+01 5.784398667680798667e+01 6.823810449836896908e+01 5.911776606273883772e+01 7.410805125272972305e+01 8.021626424368041341e+01 7.159739622311482776e+01 7.410434662857716148e+01 5.387376299085848075e+01 6.456755804444190971e+01 6.532446358983176538e+01 4.823849122408216772e+01 6.846433576279615352e+01
7.015683337385037532e+01 5.699426803399214947e+01 4.732348761434352724e+01 2.712430958661343539e+01 4.606854495049580578e+01 3.078561029518883885e+01 4.866264775335359616e+01 4.836229881847469159e+01 4.446218471768525404e+01 5.400081861792754268e+01 4.789307218964134449e+01 4.410980921865398585e+01 3.065490608529039207e+01 4.130691742444908954e+01 6.094158503077379407e+01 6.544519461322380494e+01 5.419449614063925225e+01 3.356137349058136721e+01 5.121024233336836318e+01 5.186046495903971021e+01 4.062028970910316872e+01 3.276010818120276014e+01 3.339831863392365818e+01 3.490905950723520590e+01 5.564412364373350073e+01 5.667177095905861250e+01 5.742393502338397582e+01 4.193237507572738565e+01 6.445282345865379625e+01 6.047712466162457901e+01 6.046691093335441991e+01 7.147683961625605775e+01 6.335388357028262618e+01 4.402053155544514595e+01 4.489761517449935724e+01 6.531664440663796256e+01 7.455462790559042219e+01
5.676430372656324863e+01 6.509301889997522039e+01 5.570854716597553136e+01 4.606851741065475636e+01 2.588311128782964232e+01 4.481484343920235602e+01 3.584584562983668121e+01 3.265964651484709691e+01 4.430690092544330838e+01 4.592019126844357402e+01 2.652364551217297617e+01 2.696382947265686880e+01 2.740493299984312259e+01 4.707648467523407732e+01 5.068322433947186312e+01 4.928904986781022757e+01 4.972787166964063488e+01 4.349175508106110044e+01 3.075202756124025427e+01 3.132546714739962823e+01 3.189949138680180596e+01 5.250872242846332938e+01 5.410151280800960194e+01 3.442835483721805900e+01 3.516220883084231019e+01 3.590066023760793712e+01 3.664592753574466144e+01 3.739936476718301606e+01 5.817825027635419843e+01 4.673804844299318262e+01 6.619253801102851753e+01 6.180614692510884822e+01 4.279035695829799835e+01 6.309009978423220844e+01 6.517829734451355250e+01 4.622775941055110849e+01 6.640089247114384818e+01
3.658272329013730939e+01 5.186489647415503157e+01 6.021795672467397509e+01 5.443240888571381220e+01 4.481807657178605808e+01 2.480088986266369844e+01 2.462040450816460435e+01 2.504917389541001427e+01 2.547668029180968929e+01 2.590532623090396669e+01 4.161325566068907023e+01 4.634759457433047913e+01 4.759284357479154437e+01 2.803081016999740527e+01 2.847250015471752249e+01 2.891350265131448793e+01 2.935307090467192026e+01 2.994997100913410293e+01 5.033433489975466557e+01 5.177436128625490852e+01 4.617392765470304283e+01 4.114790917126504866e+01 6.166280947678851021e+01 5.534412357597950916e+01 5.380760023339137632e+01 4.749308245742252410e+01 5.217379190914758169e+01 5.409574993497682271e+01 3.848612408953938768e+01 3.926932686669199768e+01 6.000948901239301847e+01 4.156765627858344914e+01 6.220025311565102299e+01 7.127166970574374716e+01 7.429690958412494695e+01 6.543769454713950040e+01 4.755284006495443805e+01
5.186489647415503157e+01 3.172986697876170936e+01 4.735900543119625183e+01 5.112664592649957029e+01 4.357976539237306923e+01 2.401088613731416288e+01 4.412647054147338110e+01 4.848470572708043136e+01 4.631598673040361547e+01 3.290900208684686845e+01 3.090884560624316890e+01 4.904937564327455846e+01 5.320875469869591257e+01 3.919659546853697663e+01 3.691432981575065497e+01 4.877127461445356005e+01 4.973687647177619198e+01 3.021021531187282960e+01 4.181281147512262919e+01 6.229040972202287207e+01 6.512978295198524847e+01 6.167020485803704588e+01 5.225763037294777291e+01 7.248075461096007643e+01 7.234069021799274424e+01 6.678080257318455892e+01 6.702712800671423565e+01 4.764538412193032002e+01 5.924959235634968024e+01 5.321613136609373385e+01 4.039981388026328091e+01 6.109943744741610772e+01 4.590955515959989697e+01 6.627927142185434661e+01 7.869653139428217514e+01 7.580744445181181845e+01 6.195283137623406589e+01
5.186489647415501736e+01 4.735900567237802505e+01 2.725743545815624103e+01 3.839307818753768942e+01 2.346258059661061424e+01 4.207271263843743014e+01 3.824717190214084894e+01 5.846926197398280323e+01 6.393660693464986622e+01 4.414783375446469904e+01 5.055390355772792077e+01 3.613403974571500044e+01 5.541582233288521309e+01 5.566028729389310570e+01 4.840751367941396666e+01 6.113161852771191462e+01 5.095337983794065906e+01 3.077913196819799069e+01 5.109001619690886287e+01 7.044076484785207981e+01 7.697500546500414487e+01 8.080401177153839853e+01 6.399550393859651365e+01 8.080419082756102966e+01 8.953546588170684117e+01 6.955504833423091782e+01 5.799440662394329848e+01 6.799708652804686437e+01 6.656578675196271888e+01 4.626211937269380314e+01 5.518785207213862520e+01 6.944413848607865702e+01 6.627927145261236319e+01 5.028229720619031440e+01 7.043694085359420853e+01 8.402669090587798451e+01 8.244445791125762923e+01
6.380153445355397679e+01 5.013325546720292181e+01 3.811408019826667726e+01 2.291478803184061874e+01 2.855450226718644302e+01 4.802656794716719446e+01 5.839192824848399965e+01 6.684110208384329610e+01 7.340889393277498698e+01 6.476252487415403891e+01 5.993316297012092519e+01 4.076772146779291006e+01 4.582103207101152265e+01 6.396017062895744942e+01 6.960225359318289406e+01 6.133931457169099843e+01 4.312702935078763034e+01 3.131676035962962601e+01 5.173639844750267258e+01 5.842577125979055808e+01 5.546165125457542899e+01 7.700003967775478486e+01 8.407182270487794540e+01 9.240047190448517256e+01 9.785363511356349875e+01 8.630078543835773530e+01 7.214215782698445878e+01 8.630078543835773530e+01 7.058840989335826066e+01 5.047529418638089282e+01 7.058840989335826066e+01 8.370200264051418060e+01 7.502882257814928835e+01 5.501327452658039618e+01 5.609061275680591763e+01 7.609321457526021959e+01 9.055777174927327167e+01
4.597408751066711829e+01 4.193054692642268577e+01 2.237304945028569847e+01 3.317391336171039740e+01 4.772873721641145295e+01 3.781622747028588094e+01 4.961997570481273101e+01 7.034287834238432424e+01 8.234060945405697396e+01 6.274500845776181990e+01 5.181184917875400231e+01 4.689067895231370642e+01 6.484130313624677910e+01 5.777478652137286019e+01 7.700107137528772228e+01 6.606978626476261240e+01 4.595684203566310089e+01 5.176287577327745026e+01 3.210816310305605015e+01 3.666516865991342655e+01 5.911813660653872660e+01 7.385843587951279687e+01 8.996926452201336133e+01 8.415658247495477440e+01 8.415657899071034365e+01 9.244812367910820683e+01 9.214128456981586623e+01 8.642091546974531013e+01 6.638740182400356105e+01 5.484474374927327034e+01 6.898220423305593840e+01 8.903182333059027087e+01 7.986869227424580231e+01 5.991339829624281066e+01 7.609321465674480578e+01 6.229292081221169042e+01 8.225304168943557670e+01
2.533569766014469238e+01 2.183285790537276227e+01 2.600105100583285989e+01 4.848877179262733961e+01 5.167072678340166902e+01 4.961997648167520225e+01 6.682982958765838077e+01 7.870034543578324815e+01 9.076311909438898340e+01 7.932477333473461556e+01 7.102708394391912350e+01 5.317500420536324413e+01 7.235998189123732516e+01 7.122149058146698053e+01 8.531118752933856797e+01 7.473616041831900247e+01 6.640187375968874051e+01 6.109869896034721393e+01 5.269478953078284178e+01 3.297417634290934529e+01 4.497872428044245652e+01 6.545930875995769327e+01 6.998533449293196895e+01 6.412834650698205508e+01 6.412834650528787961e+01 8.415657899071034365e+01 9.586490177740452623e+01 9.476791964396743140e+01 7.985142543627955547e+01 5.986413051722588818e+01 7.985142543627955547e+01 8.742326350280019653e+01 6.743574677032169973e+01 7.986869227424585915e+01 8.696195510861448952e+01 6.698372742636234989e+01 8.696195511586978455e+01
2.129458178882430630e+01 4.138247927548651006e+01 4.888076782355493322e+01 6.240708262481025059e+01 7.185119079083648330e+01 7.034466634797024653e+01 7.871682939594944628e+01 7.686040070166448857e+01 8.095554441903861687e+01 8.315748406083122291e+01 8.068257704623971449e+01 6.155086408934234043e+01 8.068257707427814296e+01 9.095421981409759837e+01 8.849603924597155924e+01 8.016769506195984718e+01 6.410440380077606903e+01 4.433438645111051812e+01 3.884772638214577256e+01 3.361556188426030189e+01 5.429827401891815697e+01 6.303288600196872693e+01 6.284359532449596486e+01 4.977764832949828389e+01 5.753994592521269169e+01 6.755915591082712979e+01 8.756555179073650663e+01 9.625724218979613056e+01 7.616430225993654801e+01 6.615938097617762992e+01 8.618365774498114718e+01 9.321263190680139132e+01 7.315767146787337083e+01 9.321263190680139132e+01 9.213544890880022820e+01 7.209859360707338283e+01 9.213544890880022820e+01
3.947935444213711520e+01 4.935372931923265583e+01 6.190070534332085828e+01 6.139748677011015587e+01 6.977662386720820109e+01 6.795205669532592196e+01 7.097588218523308967e+01 5.678200115273762094e+01 6.089351933195394651e+01 6.308644640062286868e+01 8.315748406076356503e+01 7.264063893373895553e+01 8.953052972318845093e+01 9.177870016568050460e+01 7.166784932978298173e+01 6.005123443686519380e+01 5.304029949195028593e+01 6.405494587629887349e+01 5.860263621338829410e+01 5.427866204669294348e+01 3.454095144101413695e+01 5.409496088451000162e+01 4.232162799819332122e+01 6.284374971323477865e+01 7.756232201778438196e+01 8.585730935289156207e+01 9.586490177736033047e+01 1.046153588996067185e+02 9.328737008303238554e+01 7.319503741969406008e+01 9.328737008303238554e+01 9.992592396883073036e+01 7.978604778274275589e+01 9.992592396883073036e+01 9.794276120350924941e+01 7.782564130379827816e+01 9.794276120350924941e+01
2.331243129880025222e+01 4.342742263680402459e+01 4.190432149213227575e+01 4.120197052581975328e+01 5.168694557087235353e+01 4.776061412355449676e+01 5.727294388609593767e+01 4.249570570855050988e+01 4.665080256665926584e+01 6.676955043562648484e+01 8.218971966321090861e+01 9.266692177788611673e+01 1.011828570478714653e+02 1.001057623567196941e+02 8.849603924597155924e+01 8.016769506195984718e+01 7.305545220572767562e+01 7.489845514321213216e+01 6.079772011105334428e+01 4.025689857014077688e+01 5.525102883544257537e+01 3.547637532443626185e+01 5.588159897873183724e+01 6.966682806921701854e+01 7.006429705003381514e+01 9.088527877461606863e+01 9.452683826707179549e+01 1.031171212463234923e+02 1.016468010013027907e+02 8.476178419422271304e+01 1.016468010013027907e+02 1.082370965043492248e+02 8.983741821486854917e+01 1.082370965043492248e+02 1.046694035157483427e+02 8.448947657903099184e+01 1.046694035157483427e+02
3.404302756649168060e+01 2.589603751771351625e+01 2.773106043514457753e+01 2.962655010465894279e+01 3.155339942766613603e+01 3.350184479150499328e+01 3.708373729198155644e+01 5.727294639951503541e+01 6.676955043562648484e+01 5.381026175685539670e+01 7.385722075755032279e+01 9.074796219517421036e+01 1.023731663892967276e+02 1.044972979082289726e+02 9.287535491451005498e+01 8.453587617969152745e+01 7.849548592335158048e+01 6.657041043893715937e+01 4.629015788728050040e+01 6.030593411546162486e+01 4.097352654659763260e+01 3.614614084402506222e+01 4.961022025492621168e+01 4.927959653423960162e+01 6.396748499455838299e+01 8.479311920330709995e+01 7.315886209758623693e+01 9.088671465280002337e+01 1.058293293839927998e+02 1.049335369892924632e+02 1.132957394574903134e+02 1.183002147114994500e+02 1.100144297227930679e+02 1.183002147114994500e+02 1.129618623713031269e+02 9.459211655693262344e+01 1.129618623713031269e+02
4.510912534656846162e+01 4.598888234636088157e+01 3.589063288747884428e+01 4.973140383971459499e+01 5.168694557087235353e+01 5.367462786337770098e+01 3.692006930908866025e+01 5.123081752708323222e+01 7.140817173158401943e+01 6.797677690704783515e+01 6.236357708575778247e+01 7.389734795803329348e+01 9.401805689812900368e+01 9.615584618428391650e+01 7.602946775390365985e+01 6.450216811209942591e+01 5.844758904495454743e+01 5.280796868443983527e+01 6.657041043894034260e+01 7.304256087125622798e+01 6.294460209251570859e+01 5.673636247735814919e+01 3.711331455999754780e+01 5.797945452154741730e+01 6.625737125958677609e+01 7.084279518423885236e+01 6.096395137145801613e+01 7.594409992247427965e+01 9.538357032358558740e+01 1.075977813679133561e+02 1.155457867436353894e+02 1.129051737165733442e+02 1.212822739855373158e+02 1.330087411011001564e+02 1.230086099642215913e+02 1.147466904745639766e+02 1.230086099642215913e+02
3.062238442184160192e+01 5.073839678925258312e+01 5.605529677287987766e+01 5.014475114022815205e+01 7.032461620025273419e+01 5.965040247369873327e+01 3.941595173979354882e+01 5.374414971422145015e+01 7.390935798843226223e+01 8.805386805420671692e+01 7.650342757078763611e+01 7.650342757078763611e+01 9.664022905900340277e+01 9.877508383961048821e+01 7.863780324950631950e+01 8.453587617969152745e+01 6.924981031852830426e+01 6.705525700782182241e+01 8.126067331719502818e+01 7.354943108358523318e+01 5.336488281713170778e+01 5.075559669313372524e+01 3.781185340895632407e+01 4.089688962359389279e+01 4.455549770218028272e+01 4.933914264552317519e+01 5.716897422949651997e+01 6.518779173927819670e+01 7.767919670014605060e+01 9.911048760708699490e+01 9.502343311625092781e+01 9.234420228854938273e+01 1.042848801824447094e+02 1.246807136722718781e+02 1.258319981833965926e+02 1.174447911602564005e+02 1.200984848122228783e+02
5.073839678925258312e+01 3.651159377427588737e+01 5.668813386936908927e+01 7.032461620025273419e+01 7.867921221990786762e+01 6.223979991719972560e+01 4.201595937486111154e+01 5.372432766107603186e+01 6.796393470881446319e+01 8.813584807508051711e+01 9.664022905900340277e+01 9.664022905900340277e+01 1.049924968195606425e+02 1.071129065795138047e+02 9.877508383961048821e+01 9.766781728158245812e+01 8.933330226260103757e+01 8.713063728867690827e+01 9.364534937972449313e+01 7.355081010825057319e+01 5.966511348764546341e+01 3.884067219477271493e+01 5.850431313177741544e+01 5.256042567416057665e+01 6.563843054643139396e+01 6.462017201710519032e+01 6.694593966112593364e+01 8.661732953596809637e+01 9.538357032358558740e+01 1.010342913278035724e+02 8.053864075467335226e+01 9.079259790954094456e+01 1.053171812686038749e+02 1.256921010000099272e+02 1.140025428033235499e+02 9.685586856719652360e+01 9.955404171543912639e+01
