LEM/sinusoidal_perturbations/elevation_000640.asc
nrows	100
cellsize	150.0
xllcorner	0
ncols	100
yllcorner	0
NODATA_value	-9999
[rows 68 to 84 of 100, columns 37 to 73 of 100]
2.845381240507528275e+01 3.155861876144448530e+01 2.204350721096181331e+01 4.453693195512607872e+01 5.606635516920065498e+01 6.310166957363762208e+01 7.342699248375983245e+01 7.524228820779531191e+01 5.531698901230102194e+01 4.658856451490073169e+01 6.603229590539159233e+01 5.612579836624840368e+01 4.231136304059207731e+01 3.028180007425839548e+01 5.008350297588947342e+01 3.484010452571050109e+01 5.468686862686499950e+01 6.654565279904545605e+01 5.650042799527764004e+01 7.056327866422326167e+01 7.802145927642698098e+01 6.115341499765260380e+01 7.639217395735639116e+01 5.618169136213152370e+01 4.455346956142300030e+01 5.816717844087204980e+01 7.740898812465366063e+01 8.830732582523866370e+01 8.248585192287835355e+01 6.187503444258469187e+01 6.787407955963639949e+01 4.904721007596379678e+01 5.021897892836875599e+01 5.143206803846502595e+01 7.192876509386981354e+01 5.623216194510132482e+01 7.076597487254937846e+01
4.245191056788156914e+01 4.117226526886563676e+01 2.252985824255234704e+01 3.654248564551447487e+01 5.781872716126076028e+01 6.513356679381443826e+01 7.342883015740474661e+01 8.357464946607764489e+01 7.427972198967638917e+01 5.615275548443538156e+01 6.968700871047060730e+01 4.636947275129575985e+01 3.701005280736742975e+01 5.008556971691304938e+01 5.841035834792543113e+01 5.468686862702021756e+01 3.844420811409478489e+01 5.248803698706860388e+01 7.265190310670016061e+01 8.462614533553187357e+01 8.965868842051607146e+01 8.132106065039647547e+01 8.474052130326664667e+01 6.674965280677766089e+01 4.653477186105533292e+01 5.635923335815729729e+01 7.069239821504582721e+01 9.274274385074865279e+01 9.112369061963867978e+01 8.252732397845480250e+01 7.799722215367785338e+01 6.953341133419081643e+01 5.501466257200596743e+01 7.191362749325251968e+01 7.901789403054554839e+01 5.844172724112235784e+01 7.902675063445668968e+01
4.857918214112378053e+01 4.253309808567644978e+01 2.301149675934033922e+01 4.265610068182834880e+01 5.253288202450887212e+01 4.521738753598754101e+01 5.929956434882541316e+01 7.922538919093894094e+01 8.390646960446363778e+01 6.996092337041052645e+01 7.692161702453431360e+01 5.955189719880330301e+01 4.242380434921495436e+01 6.244110157528860583e+01 6.319734386819602889e+01 4.310420781727886208e+01 4.291364328578617204e+01 5.708622689685842033e+01 7.728533910248654593e+01 8.696342917502522596e+01 9.704145676080456440e+01 9.684895702464909562e+01 8.681847957290413831e+01 6.883334301447639803e+01 4.861138231236339635e+01 6.775915707430237944e+01 8.333905438852747238e+01 9.652239084372628497e+01 1.047722916533677164e+02 9.779941998326967223e+01 7.734105696937119490e+01 6.274287420484120759e+01 7.555077142016203595e+01 7.554761216371608157e+01 7.301454151715827834e+01 7.902675063445668968e+01 6.173794157018777184e+01
2.960829133003732494e+01 2.658847495425457907e+01 2.349003482984091562e+01 3.407700484165865618e+01 3.276384742367640257e+01 4.670404333402186836e+01 6.662042139487657266e+01 7.610789512588534933e+01 8.436761028226857206e+01 8.966530381564915331e+01 7.899619915382010049e+01 5.872042829912624740e+01 4.986538903107367560e+01 7.008242165789572198e+01 6.670720662641613785e+01 4.653669485134790307e+01 6.300240992273946006e+01 5.017978296604202626e+01 5.841011498654836487e+01 6.853649017324602255e+01 8.873144937994413795e+01 8.861144355839209652e+01 6.847848252597860608e+01 5.838182270709664579e+01 5.073733469580366773e+01 7.095315129205249605e+01 8.230766454029721046e+01 7.641973212077034816e+01 9.652239084376071787e+01 1.000191931647277386e+02 7.958307525520426395e+01 7.004338589418793504e+01 9.060159855489740721e+01 9.600383384912315421e+01 8.493160766333085121e+01 9.081933260161817145e+01 8.237443133057978173e+01
4.887214700502240561e+01 4.546937177323010104e+01 4.312842530147091935e+01 2.417293318146990089e+01 4.384546365745906371e+01 6.080425154829219991e+01 5.988919025755362924e+01 5.624411951762931494e+01 7.475269371191880907e+01 8.364292463147849332e+01 8.739347607855000888e+01 7.848909012760938708e+01 6.148494703154336349e+01 7.848909012760938708e+01 7.033737335737140484e+01 5.012340082827461885e+01 7.033737335737140484e+01 7.037761563196934844e+01 6.096753326069350010e+01 8.118350942340683218e+01 9.704145676080456440e+01 9.684895702464945089e+01 8.681847957290426621e+01 7.506731782917717055e+01 5.487540060617708804e+01 5.450326256531875657e+01 6.212778940779868719e+01 8.230766454086239037e+01 9.723448955730117405e+01 1.084144159368307498e+02 9.901038287953196004e+01 8.039959603027550372e+01 9.901038287953196004e+01 1.136566175330418105e+02 1.052898216137700302e+02 1.086443516995348517e+02 8.843181169646437922e+01
6.245434752515883048e+01 5.819919317261888381e+01 4.434908958034971960e+01 2.465794892829556773e+01 4.435190184191046825e+01 5.238659991793667814e+01 4.003915614314484372e+01 4.665712822422967321e+01 5.552954599772849065e+01 6.955904024868713975e+01 8.944918613090614201e+01 9.022021356562727590e+01 8.182679040588487851e+01 8.462201354106495899e+01 6.442048165966602369e+01 7.033737335737140484e+01 5.607214466412455067e+01 7.630202864309472943e+01 8.118350942340683218e+01 7.528098447823565209e+01 9.543346519828456564e+01 1.061208953484491531e+02 9.447261615881534169e+01 7.938517939920780009e+01 5.917874346527221263e+01 7.470441024131031327e+01 5.858306320820232571e+01 6.866983666912032902e+01 8.299479374268088350e+01 1.031598811658301713e+02 1.091889601918981043e+02 1.008036010795192396e+02 1.091889601918981043e+02 1.262005135444638171e+02 1.060933045569838669e+02 9.178455438936087774e+01 7.989639279184534360e+01
6.121425244719370085e+01 4.202727748834328025e+01 3.194339842053063805e+01 2.514414584849266987e+01 4.485895727065948080e+01 3.254692023695420744e+01 5.238659991106984393e+01 6.650522126997307737e+01 7.475269371191880907e+01 8.364292463147849332e+01 8.817644814738261516e+01 8.000084594924796022e+01 8.817644814737444392e+01 9.293718108091049146e+01 8.462201354106500162e+01 8.463000406955963228e+01 6.512863558542616715e+01 6.346437080397077324e+01 8.368351242572549609e+01 9.543346519828456564e+01 1.037352721959617980e+02 9.780109309587074051e+01 7.758855495236613820e+01 6.589278068219779527e+01 7.346458755553209130e+01 8.183291337181309189e+01 6.161815502718351922e+01 8.183291337181191238e+01 9.084049386339691523e+01 9.625523509162324842e+01 1.038803531775454445e+02 1.121803542377207634e+02 1.221991279580550867e+02 1.234148674311990419e+02 1.033038365068922957e+02 8.896051539107178030e+01 7.701624308451422962e+01
6.950262585314708019e+01 5.826717275478933544e+01 5.013427146740736617e+01 4.485943745381590020e+01 2.583571315754748454e+01 4.558137934937019509e+01 5.228696803959059025e+01 6.323889340528985770e+01 7.243996339199594559e+01 8.026925154023578557e+01 7.824816637980595146e+01 6.009502669388003682e+01 7.824816637980595146e+01 8.970407112053700871e+01 1.017538587879787571e+02 8.165289858830347214e+01 8.534149351157958563e+01 6.908693186241039541e+01 8.928383118670063823e+01 1.070067457228356034e+02 1.086263838915333650e+02 8.849931964366342640e+01 7.415421382185260768e+01 8.613137875771276697e+01 9.367875252548513743e+01 9.018007004961749828e+01 8.183291337181228187e+01 6.617220792759161441e+01 7.057219978036427221e+01 7.599512857756555206e+01 8.370618700469451312e+01 9.386175661076714505e+01 1.138989497443235166e+02 1.163388091619610236e+02 9.618265714456437365e+01 8.438901840108546537e+01 9.752441220007742118e+01
7.185460138367248817e+01 6.252505540031624776e+01 4.990947785192712871e+01 3.007673601894525106e+01 4.558101219471834042e+01 2.654468001437917479e+01 3.164324615133005025e+01 5.265192476839053626e+01 5.321672438142564232e+01 6.772859339134828360e+01 6.111832460038670689e+01 5.008071931600341742e+01 6.164347621456389703e+01 8.152865219005059316e+01 9.957492976369572091e+01 1.017538587879787571e+02 9.756825301209325119e+01 8.928383118670063823e+01 7.865121582676687240e+01 9.291398234017553648e+01 1.128746185504063675e+02 1.011267675650431102e+02 8.092966569937539134e+01 1.011267675650431102e+02 1.107496026570224927e+02 9.064538252229530713e+01 7.630140671053152346e+01 7.291057565098027737e+01 9.084049386339812315e+01 8.493516826034243650e+01 8.886260348788893282e+01 1.031158790466991491e+02 1.221991279580550867e+02 1.247235330543178691e+02 1.105303629017301432e+02 9.034119628047076844e+01 1.105303629017301432e+02
5.199541919393950451e+01 5.440543900385328868e+01 3.455189317714926034e+01 4.990944772773298865e+01 5.454225147456126876e+01 4.573096867125586584e+01 2.725938909055901505e+01 3.713143839361655552e+01 5.174292426862892569e+01 4.837086797998022547e+01 4.117401366851899525e+01 5.008071931600316873e+01 6.009502669382280260e+01 7.165281125250474759e+01 9.140442612299889902e+01 9.221814078145622773e+01 1.000294413312823991e+02 1.070067457228356034e+02 9.876031732935435059e+01 9.509549948688595578e+01 1.149935978792846214e+02 1.094378165420898341e+02 9.108364155077184421e+01 1.094378165420898341e+02 1.107496026570224927e+02 9.064538252229530713e+01 9.653377226928972732e+01 8.010422503955818740e+01 1.003176056647945131e+02 9.662233445109072250e+01 1.089761740842272957e+02 1.172781168305474750e+02 1.314403546143955737e+02 1.221501009464330139e+02 1.020241242823665857e+02 1.105303629017301432e+02 1.105303629017301574e+02
5.929222932767375909e+01 3.944267934619117000e+01 4.859076112038380302e+01 6.263977375998452146e+01 5.865121560148128310e+01 3.473651868800089204e+01 2.777498150668381527e+01 2.878361199317608055e+01 3.179911184563302484e+01 3.438974986137024104e+01 5.428534746944103517e+01 6.201825672475312246e+01 6.549881422914313589e+01 6.921648223721294357e+01 7.694180267112770366e+01 7.304965088924934946e+01 8.676903646632928258e+01 9.352671756219811527e+01 1.013456505687814797e+02 1.107644778177997580e+02 1.231369786327130242e+02 1.194760481691041036e+02 1.111698935793144187e+02 1.194760481691041036e+02 1.190571209325421194e+02 1.107496026570224927e+02 1.003176056647949395e+02 9.444242469838006571e+01 1.003176056647949395e+02 1.166741077177715198e+02 1.249834163038751598e+02 1.260328977732290525e+02 1.344818905844801691e+02 1.305558910779361383e+02 1.162279175652444394e+02 1.305558910779361383e+02 1.307138168848689759e+02
4.543054695308887148e+01 5.090217408540426902e+01 6.753202121702172178e+01 7.673234267552314236e+01 6.275578196135116826e+01 4.871621815293770652e+01 4.511667391463732457e+01 2.850391006490940171e+01 4.880713238105707319e+01 5.428536938556297287e+01 3.874938955086176406e+01 4.205012631001129364e+01 4.550671125459599864e+01 4.919861237774465934e+01 6.857896505408514543e+01 6.149643457804384639e+01 6.732287623045301928e+01 7.442221107569299932e+01 8.420281308029757383e+01 1.028703452121911965e+02 1.189105601205273643e+02 1.105922258900762074e+02 1.189105601205273643e+02 1.268643707526294264e+02 1.185220366600982516e+02 1.268643707526294264e+02 1.203676589540110342e+02 1.145015472353098289e+02 1.203676589540110342e+02 1.257290779373208949e+02 1.172939576648441999e+02 1.057473950760429489e+02 1.170095329463418636e+02 1.254433954575498262e+02 1.364475163841594281e+02 1.275431294028000764e+02 1.191335681862892955e+02
5.945764854237342689e+01 7.075325792776865796e+01 7.900491865198840458e+01 6.618435268811076355e+01 5.788078969174813437e+01 4.940393949601036638e+01 2.924770942816208930e+01 4.569227997712998501e+01 5.580082684895725009e+01 6.693110830867269101e+01 5.024604344257312505e+01 6.201826320925985669e+01 5.965469848498891281e+01 6.898911739755689609e+01 5.496778881009294793e+01 7.502781900167863682e+01 7.766045218604708111e+01 8.676903646612375098e+01 1.013456504579350224e+02 1.107884877232339846e+02 1.089554514817167501e+02 9.075326081672069733e+01 1.089554514817167501e+02 1.168676260334516996e+02 9.858930682974414594e+01 1.168676260334516996e+02 1.253226590191166565e+02 1.168913879201582517e+02 1.253226590191166565e+02 1.140742775215855573e+02 9.718076386479215500e+01 9.426809548332136046e+01 9.690542143890507987e+01 1.110534869042761983e+02 1.313887000792153117e+02 1.159454668872090082e+02 9.913477403059867754e+01
7.932205163863837072e+01 8.136014191426866660e+01 7.311826764973146453e+01 5.791987918288075576e+01 3.735099527010532938e+01 3.275716870785432633e+01 2.978027058619403178e+01 4.953279321166981219e+01 5.681614087163659832e+01 6.597276621996807933e+01 7.022972797518893628e+01 7.845576572557514794e+01 7.961182432674226561e+01 8.307908993547862053e+01 7.530120859221480600e+01 8.407968772638540145e+01 9.669677347379203525e+01 1.045495679128725186e+02 1.135081366626219079e+02 1.115692056093659801e+02 1.006727433530895297e+02 8.096734362167885024e+01 9.934542015003523829e+01 1.076205726254403032e+02 8.874179375874865627e+01 1.085556717449212414e+02 1.152366520883666681e+02 9.679512343580530853e+01 1.152366520883666681e+02 1.051542299712049271e+02 8.586661042537724597e+01 8.451888377426233490e+01 9.580603001109368222e+01 1.158901464246358870e+02 1.207691907783732006e+02 1.075872589970334161e+02 8.795025965072851193e+01
9.130643933773278320e+01 7.311826764973146453e+01 5.317786409291663574e+01 4.641621658642191761e+01 5.787082210362083146e+01 5.271320850474987907e+01 4.962414964215453494e+01 3.054506742023345822e+01 4.001730576346608359e+01 5.281555309453300140e+01 7.257196141844546844e+01 6.900976012647308266e+01 7.472493638711300434e+01 8.144177071140087776e+01 8.952084810646273638e+01 1.006941784991695812e+02 1.107142068803352259e+02 1.081197487694510073e+02 1.164463925978852501e+02 1.032815556352897914e+02 8.353850881933537664e+01 7.407261130855422948e+01 7.964776208320212447e+01 9.273260056421857200e+01 8.183319115848352965e+01 1.015504080021084690e+02 1.068432556779817730e+02 8.699677026025048576e+01 9.692001296911615782e+01 9.682006716257626522e+01 7.724610589379713588e+01 9.682006716257626522e+01 1.126808254883872706e+02 1.243227122704849990e+02 1.124032720952467628e+02 9.268714660863734878e+01 8.233583019850949825e+01
8.720831631038163323e+01 6.728197839999323548e+01 7.311826764973146453e+01 6.647146646411974302e+01 6.724772328203492577e+01 5.436836257696053565e+01 3.427481252347486418e+01 3.108873395406727269e+01 4.488272642849303651e+01 5.552021743199185266e+01 6.162745277707325187e+01 5.007512769999338786e+01 5.578632801098403604e+01 6.244369431624926392e+01 7.332522065204710771e+01 9.252918428392456462e+01 9.085607852209594171e+01 8.829234117351998634e+01 1.049525492966715206e+02 9.949884882181233081e+01 8.716141960472532446e+01 6.753106400884924199e+01 6.834286786820666748e+01 7.310814910162781644e+01 8.438497758341685540e+01 1.041356656172086588e+02 1.110192691822374798e+02 9.107990982626817811e+01 7.733256136806262759e+01 8.892346933844235934e+01 7.325312495449790617e+01 9.273861409784102250e+01 9.865792028034223904e+01 1.187262872542657277e+02 1.114269639240670102e+02 9.630512304628815912e+01 7.730458048128616610e+01
9.543830550569370530e+01 8.720831631038163323e+01 8.376075667891768717e+01 7.224120081437467888e+01 5.904890567376495625e+01 3.892292428821666306e+01 5.180507101771541301e+01 3.164227623572635295e+01 5.022624841198713597e+01 3.827717172905969534e+01 4.255742563612963636e+01 6.162749874878677758e+01 7.472493638712734310e+01 8.144177071143572277e+01 8.952084811480838766e+01 9.352610348039520716e+01 7.696358747529964717e+01 7.696358747529964717e+01 9.667238965667712591e+01 8.553339841104737218e+01 7.156723064740018003e+01 6.221340498125454843e+01 8.191499031896051974e+01 9.273260056421857200e+01 1.009808491675009066e+02 1.124303069278697222e+02 1.095589402135656201e+02 1.016461057160502577e+02 8.892328146988702997e+01 6.953211810124071235e+01 6.945217794045412063e+01 7.902511349846284361e+01 9.865792028034222483e+01 1.110645618768624274e+02 1.031175600485763937e+02 8.376802300850995664e+01 7.315299741995011118e+01
