LEM/sinusoidal_perturbations/elevation_000882.asc
nrows	100
cellsize	150.0
xllcorner	0
ncols	100
yllcorner	0
NODATA_value	-9999
[rows 17 to 33 of 100, columns 0 to 36 of 100]
5.222468517465790779e-03 1.858723901352933439e+01 2.600600708576194364e+01 9.616204847865967409e+00 2.581998655217617866e+01 2.033695025294205294e+01 1.345066226127554820e+01 2.596560577558376437e+01 2.482442593365360750e+01 2.300263380693945692e+01 3.341758179223667025e+00 1.840094283198021330e+01 1.265642150077956529e+01 3.230129344217493781e+01 4.126322844757207520e+01 5.042205259280821394e+01 6.282724073718861746e+01 6.818947837240121146e+01 5.521233934938094023e+01 3.441716634215749337e+01 5.521233460886750777e+01 6.412634416753455469e+01 4.889326792653521636e+01 2.764789604162227832e+01 3.110624310553138017e+01 5.154079060228345810e+01 5.994224656654387218e+01 4.004937310811358486e+01 4.372286078145403820e+01 2.487275119688110792e+01 1.714194735917543611e+01 3.718954562683040876e+01 2.749056123449167188e+01 3.456508909266542418e+01 4.607532640425194614e+01 6.621537234473967715e+01 7.653550849999994909e+01
7.333276091007126865e-03 1.256734699466559491e+01 2.700841889579719179e+01 3.690910162517320003e+01 4.654671525600731030e+01 4.207552127174411538e+01 3.297306339075318959e+01 4.648302280334103642e+01 4.406154434337527448e+01 2.362753055593632823e+01 2.290381247176251023e+01 3.765986410867157019e+00 4.000008745972015056e+00 1.133936524986375716e+01 1.889723902587984838e+01 3.055971252752859613e+01 5.304064038942177461e+01 5.802880859292767468e+01 3.550677885944426038e+01 2.521356678075824220e+01 4.604683668736178248e+01 5.927581101324707191e+01 5.566236543881595367e+01 3.394579067512060533e+01 2.188095578389123830e+01 3.789692844722965503e+01 4.661235098223490780e+01 4.587586082664725495e+01 2.625380029307095597e+01 3.493737339804893338e+01 1.620010458974354961e+01 3.626141927015179078e+01 4.750848503652889576e+01 5.458750633070245328e+01 6.306072714740472662e+01 7.477892560151384771e+01 7.310704796133664729e+01
6.343274376862209282e-03 2.000634327437650839e+01 3.140233251115241231e+01 3.816701151151023907e+01 4.657932491437147604e+01 5.727928554393642457e+01 5.687231029581754171e+01 4.571187509400127169e+01 4.122539976214217461e+01 3.369292343682730007e+01 2.617654411204145859e+01 7.387020972162598120e+00 4.175060478201900516e+00 2.695790380995313384e+01 4.127218509320838535e+01 4.525944189118413163e+01 5.813907143418639123e+01 5.739582985777337143e+01 3.900439494137604157e+01 1.848653017057609205e+01 2.960082701947467498e+01 5.025750336123019935e+01 6.469786399544865674e+01 5.159874790585762838e+01 3.789692844722965503e+01 1.712049789072761641e+01 3.789691733369668469e+01 4.197939584091905374e+01 3.363015036879351527e+01 1.490570571178066928e+01 3.448471230038030200e+01 2.624981664540678139e+01 3.519473629366837031e+01 4.669778260503635892e+01 6.681682821326273825e+01 7.894551103197485986e+01 5.860131044313373394e+01
3.497053469895897767e-03 5.550522406218967753e+00 1.132432636148375948e+01 1.799382971142156507e+01 2.803867213693921201e+01 4.857969828184654659e+01 5.524372840796244333e+01 4.298791865289481251e+01 2.634230028653864863e+01 1.639260774269356702e+01 1.263843863966079972e+01 2.214494507907539855e+01 4.486877588977185027e+00 2.086074542405791732e+01 4.396225843770354658e+01 5.348460260224396734e+01 4.892414537362510885e+01 4.079828601161840140e+01 2.748939321220099075e+01 1.305561894322317862e+01 3.339035153406133816e+01 5.127219848446414829e+01 5.955400306276212774e+01 4.948326245896015507e+01 2.849000118473313847e+01 1.396708626810144516e+01 3.401898605817476806e+01 3.231848467035640482e+01 1.364682880863381165e+01 3.363015235046207607e+01 4.315216472135367098e+01 4.625327840013861902e+01 5.466364188277098179e+01 6.366752974959866407e+01 7.537492349215695242e+01 6.789613298716751899e+01 5.939235839106121517e+01
9.635555453094322986e-03 2.000963388919176467e+01 3.140233222020503945e+01 3.816701066408603538e+01 4.657927232384668770e+01 5.579798313472209514e+01 4.763761011631092401e+01 3.082788400717171484e+01 2.221209677399861349e+01 3.389994025496540786e+01 2.939084553470517847e+01 2.391755822605686888e+01 4.796615921416323758e+00 2.480190267238145196e+01 3.545054825715462954e+01 3.877138029263247176e+01 2.704063675656206911e+01 1.912012850469911740e+01 2.700411675822497415e+01 8.962438347957288443e+00 2.886801688694800916e+01 3.230148655655804646e+01 4.371035345039060616e+01 3.348550143149567049e+01 3.007857830706096891e+01 1.143774265416480773e+01 2.835951897034906466e+01 1.238528857160167185e+01 3.231806679039985397e+01 4.197860222580587219e+01 4.873012805332152908e+01 4.873012805332152908e+01 5.719917563210346145e+01 7.446671124174126533e+01 7.160029147815035344e+01 5.939221453832315234e+01 3.941395868112811485e+01
8.845047570523793118e-03 2.000884504757016913e+01 3.018933902050866536e+01 3.624056417959441490e+01 4.456015651969517677e+01 5.590529380827234007e+01 5.500182231769495189e+01 4.393331966256852184e+01 2.673818557660318618e+01 4.323661548268427879e+01 2.694776414617260585e+01 5.351447729979255996e+00 5.099064964994036941e+00 2.511578972614847061e+01 2.235748501453526416e+01 2.998395086165508516e+01 8.437102637974385644e+00 7.127123433665760288e+00 7.433822083328514907e+00 7.740255733570440277e+00 1.745491761786477980e+01 3.404700772198577141e+01 3.333809229761973825e+01 1.216132104752131404e+01 9.840045126719410007e+00 1.016176191984843236e+01 1.109304705956534498e+01 3.023780324739385250e+01 4.026925858601850194e+01 4.297374958749814056e+01 2.879703988045155683e+01 2.879703988045155683e+01 4.873012805332152908e+01 5.423437185787172155e+01 6.296054911466299586e+01 4.300797084756975153e+01 4.300465341940354591e+01
8.023991185656003874e-03 5.008024161389205808e+00 1.017200522669093132e+01 1.620229422516364437e+01 2.776236615634329041e+01 4.801805861422461419e+01 5.839930309182805956e+01 4.075962264511119315e+01 3.237983520060768683e+01 4.947575293243264838e+01 3.446753863526835460e+01 2.720724117637041317e+01 2.435651728224879164e+01 5.526410763996869591e+00 2.538816285079555612e+01 2.629222794251069928e+01 6.690055044763213665e+00 2.004789091868078188e+01 2.743211393035531032e+01 2.782774626774684990e+01 8.176389716284926834e+00 2.826434014796787864e+01 2.904353587851921503e+01 9.385672665934052361e+00 2.831352809012591010e+01 3.020006466941621426e+01 1.065242888756459472e+01 2.919264799655336873e+01 3.152777842267723685e+01 3.191361025133931406e+01 1.208242494280434087e+01 3.448130372859083792e+01 3.389942090278047715e+01 5.423437185787172155e+01 5.451528575498853257e+01 3.458281532278075332e+01 2.305786752572388920e+01
4.598823041778624977e-03 2.000459882303307069e+01 2.431953681763235053e+01 3.624056544336406205e+01 3.035777353566070147e+01 5.044288141344081566e+01 6.554972039976760811e+01 5.672222649735226696e+01 3.887564121210958490e+01 5.138363676740910790e+01 3.330585050156889793e+01 2.240534801783811858e+01 2.643050360803052712e+01 5.920427693293942362e+00 5.944813628381756310e+00 6.248113864781792870e+00 2.418230220855727097e+01 3.277887275341726081e+01 4.276862352463191996e+01 2.991505197009467309e+01 1.019519123038913122e+01 8.615663647256914359e+00 8.930565750459196650e+00 2.798474579728968337e+01 3.649336119232044240e+01 3.500394382714770103e+01 1.257245234896303820e+01 1.114449305478628105e+01 1.149194310692231191e+01 1.183803456456133851e+01 1.218243468288808096e+01 1.311017656109272345e+01 3.977689680680033035e+01 5.434824618506252847e+01 6.026331910478924669e+01 4.145013101823962387e+01 2.148904837246821842e+01
7.340434288523949372e-03 1.414947605801959973e+01 3.414947605804064068e+01 5.267076390944610864e+01 5.044288143386926748e+01 5.877647973840445417e+01 7.156543736454516136e+01 5.369912329103582493e+01 5.167976689568738635e+01 5.884278427865810102e+01 4.793608087509230131e+01 2.774418000728404365e+01 9.322942951496425934e+00 2.663328116570293602e+01 2.623005229563776908e+01 8.278126539040776777e+00 2.048223706357120477e+01 3.664837039694872090e+01 4.140153287060800835e+01 2.140931103669748481e+01 2.992229334872108382e+01 2.862598619847361903e+01 9.821392301846334050e+00 1.744677502907452649e+01 2.669988458420143118e+01 4.165350366311418639e+01 3.168040505037220100e+01 3.148993490145602792e+01 2.164148541673467463e+01 2.146172252519032142e+01 3.161250115717965414e+01 1.266167095197953429e+01 2.676689480853892178e+01 4.136915331310340349e+01 4.608205968593843949e+01 3.189566569028716003e+01 1.993921592223619399e+01
3.515918393995972821e-03 2.000351591839364218e+01 3.051381073859949922e+01 3.654403765281593763e+01 4.361510565109290383e+01 5.189940494931943960e+01 6.189943282604323826e+01 7.156543730489651978e+01 6.911514924790073167e+01 5.866573825466947056e+01 4.678025894311625876e+01 3.186298438498872798e+01 1.160544036156794334e+01 3.186297448062682847e+01 3.927323715769198742e+01 2.946858608266920143e+01 1.645054323863119805e+01 3.647019148788396592e+01 4.866744358615413546e+01 3.560407652579924331e+01 4.951357555082606865e+01 3.118783537003809414e+01 1.108882967100133854e+01 3.107196397359212625e+01 4.372081903136766101e+01 4.024977636714720575e+01 5.476565347229912106e+01 4.171982361181765242e+01 4.165874464462464744e+01 3.874702517949272362e+01 2.057688234863735488e+01 2.087092713903976460e+01 1.314034719132311402e+01 3.318013904436553219e+01 3.753229906594624055e+01 1.776141216428939629e+01 3.774402101139620669e+01
4.608085242692564441e-03 5.168585880185936787e+00 1.051381071843447046e+01 1.654403760998985007e+01 2.361510542185544992e+01 3.361510542185580164e+01 4.775724104715999374e+01 6.775724361675247565e+01 6.626022277945203598e+01 5.018069320438792147e+01 2.942412788106289767e+01 1.781600011360549018e+01 3.186298438552462287e+01 1.544915063354616436e+01 3.566513530660009224e+01 4.502088586320908803e+01 3.067103956290857880e+01 2.917216506516926700e+01 4.916158155690600751e+01 5.581781466431596073e+01 4.867748039219002720e+01 3.288884060214044780e+01 1.272230837766502276e+01 2.694152435958052649e+01 4.724693215871525354e+01 5.718088912968843118e+01 6.474576138273859272e+01 6.192040781994484178e+01 4.314206115315609935e+01 2.928170114249544653e+01 4.036999828195376949e+01 3.964445943453307564e+01 2.723858267240006370e+01 1.362728677707079150e+01 3.194950797986049551e+01 1.624982882988899391e+01 3.689241251555120726e+01
1.610643649003322799e-03 2.000161064364864671e+01 3.051381073859949922e+01 3.654403765281593763e+01 4.361510565109290383e+01 4.921653345592651618e+01 5.743754290660791639e+01 6.883782745803785019e+01 5.780561278031517247e+01 3.678863384113974888e+01 2.513866049491275945e+01 3.811799589425284296e+01 3.851366667221222428e+01 1.821143282776512606e+01 3.244167040102453825e+01 5.288744964056805742e+01 5.123149328267162872e+01 4.332583946024038113e+01 5.843574524334535170e+01 5.966447641376355193e+01 4.005321645981616996e+01 2.022432715555425276e+01 1.444024844860709322e+01 3.461087014059989286e+01 4.552787224373413011e+01 5.452814315714461912e+01 6.334997619074103170e+01 7.179516996311809862e+01 5.624660802191841924e+01 3.659113383747448012e+01 5.624660124026004837e+01 5.476588726370899707e+01 4.073786373661432236e+01 2.397673464372597962e+01 1.411953307629056198e+01 3.405040986857784446e+01 3.500257018249731544e+01
2.022278438842990342e-03 1.414415790216991908e+01 3.414415790217062607e+01 4.352190637043825205e+01 3.809050931247590199e+01 2.994569435323218798e+01 4.091294738934728770e+01 6.055944296538495308e+01 6.259790697465970055e+01 4.171536680355720250e+01 3.222728694878654920e+01 5.274875622445810563e+01 4.142322009030218055e+01 2.107709171425994299e+01 4.142322009030218055e+01 4.582462414951304197e+01 6.693973197164304167e+01 6.468880682891922618e+01 6.300486528621698312e+01 4.165806400394355791e+01 3.010993374988897386e+01 3.995384676147833858e+01 2.153033451992866176e+01 1.706758764648232329e+01 3.562006338828185648e+01 3.405469466300486658e+01 5.466652617120689683e+01 7.038449801941315798e+01 6.471633120732553834e+01 5.035872711870317886e+01 6.004851973196797132e+01 5.978115615246417747e+01 4.136563500666134274e+01 3.741618398824321190e+01 1.715472661172911373e+01 1.462244112891600878e+01 1.497676447324435500e+01
6.642187732006160465e-03 2.000664218773165004e+01 2.574567980370396469e+01 2.438939921889330620e+01 1.910059073150573283e+01 2.994569435323218798e+01 4.344731486665135378e+01 6.314465921844837482e+01 7.134448166502339461e+01 6.125109334183761689e+01 4.678084212115514617e+01 4.872685888241901608e+01 5.014280212819222271e+01 3.747541354357247911e+01 2.535355783200642321e+01 4.582462414951304197e+01 5.957161977463191249e+01 7.360594088315444594e+01 7.212157776723151414e+01 5.968489972061031068e+01 4.421219968362512276e+01 3.292318177028941761e+01 4.146584004242120614e+01 3.725688686898529767e+01 1.973562426977986917e+01 3.995689655538801333e+01 5.343628394548660054e+01 4.962725975312490334e+01 7.038449801941315798e+01 7.046121641806354319e+01 7.567215246313502064e+01 6.364785632813619998e+01 5.495173539249915962e+01 4.046677128588579819e+01 2.019809695116021331e+01 3.470581802384331382e+01 3.503216127700293470e+01
1.591255364720534126e-03 2.833984126794907077e+00 5.703373930707159367e+00 1.086661688840271722e+01 2.999318082248075967e+01 3.807734438167403823e+01 4.238428679120996634e+01 5.073434548527694687e+01 5.974550449831739485e+01 7.147341954143603004e+01 6.860232316471527270e+01 6.290828002777494277e+01 6.492303349065413443e+01 4.210207106250573617e+01 4.412224905064806535e+01 3.014856901445572390e+01 5.074909073290370287e+01 5.218849949654189402e+01 7.360594087476401626e+01 7.383322723674454835e+01 6.078106479912477766e+01 4.260649370034061434e+01 5.639391928331325943e+01 3.592410954198610540e+01 2.167447316371973898e+01 2.724592263875985054e+01 3.304929322496689537e+01 4.206245610433031601e+01 5.381886762918140477e+01 7.468493217350575719e+01 6.724668500165206808e+01 4.484127985112198900e+01 3.404397846286700968e+01 2.678659655332600664e+01 3.978716288120437383e+01 4.896457186771748837e+01 5.061616616302710980e+01
6.189296070378335485e-03 2.000618929607002272e+01 2.574567980370396469e+01 1.081101326514420080e+01 1.452549476018506525e+01 1.840070847131119436e+01 2.256634701282122890e+01 3.131431390721617802e+01 4.281244161286204530e+01 6.302912124888458578e+01 7.602033306021539261e+01 8.184535899410528259e+01 7.689649922716267838e+01 6.646906340718457784e+01 5.957161977463191249e+01 5.074909073290370287e+01 3.532236964912539889e+01 5.611867322502477151e+01 7.227374849094381659e+01 8.471362707965040784e+01 7.072107576943173513e+01 5.628856508724375374e+01 5.855998062289162220e+01 3.804342069433718621e+01 2.377764390641680947e+01 4.405155449371773102e+01 5.343628394548660054e+01 6.211755974407466141e+01 7.139256071843459495e+01 8.351664534202018331e+01 7.636932409311529568e+01 6.431550005854639096e+01 5.387339160106679259e+01 3.321903449952998244e+01 5.386394874241069175e+01 5.746968484097226337e+01 3.727806929248614409e+01
2.247884206357958405e-03 1.414438350793718335e+01 3.414438350793647459e+01 3.431373594589540232e+01 2.837751220371017524e+01 3.223092324877825376e+01 3.650121874873352112e+01 3.072658126213177709e+01 3.784183388124115055e+01 4.686747892876168464e+01 6.135447120097286700e+01 8.271637049058642788e+01 8.482652305627306077e+01 8.281683244773627450e+01 6.115649937639828693e+01 4.620690902170288439e+01 5.611867322502477151e+01 4.223281462785038087e+01 5.424227207514590532e+01 7.583391134323920824e+01 8.515361684230263961e+01 7.279076050047366664e+01 5.197273841955303197e+01 3.757091341486801639e+01 2.593038598558012353e+01 4.623571195893858743e+01 5.827422842162421546e+01 7.297481396068577908e+01 8.338004455114787561e+01 8.644206413923880916e+01 8.462699989886847618e+01 6.135363693750980474e+01 4.619968379411314174e+01 5.394692330073569764e+01 6.285559364309194308e+01 5.869231390584945274e+01 4.577691964360048615e+01
