LEM/sinusoidal_perturbations/elevation_000175.asc
nrows	100
cellsize	150.0
xllcorner	0
ncols	100
yllcorner	0
NODATA_value	-9999
[rows 17 to 33 of 100, columns 0 to 36 of 100]
5.222468517465790779e-03 2.000522246851711117e+01 2.661620401207916586e+01 2.163302335972145940e+01 3.401366997844576190e+01 2.814919231848450210e+01 4.217390572010247496e+01 5.279932519363195098e+01 6.176433693594835006e+01 7.331648639965560221e+01 7.297784846950092685e+01 5.311887026665866074e+01 4.157422864104198368e+01 5.211338316106144219e+01 3.544686204791092621e+01 5.539593581753346996e+01 6.491078722308785132e+01 4.527880596569347205e+01 4.631075203858037526e+01 6.435055397349914585e+01 5.404865194636385439e+01 3.452272176454489738e+01 4.024173524140601188e+01 2.336888117754626037e+01 3.193931356857242321e+01 5.139641416752745329e+01 6.219068428293653028e+01 7.363164176336914579e+01 6.090288813574232307e+01 3.953900836014801712e+01 2.755665089722104000e+01 2.105537752344615754e+01 3.496161519638329196e+01 1.545705939897421111e+01 1.425917399751264547e+01 1.458181274974392849e+01 1.490317245307783089e+01
7.333276091007126865e-03 3.256478536963006931e+00 6.560328410724499015e+00 1.002070346924380928e+01 1.391889467991511076e+01 1.901624632816360716e+01 2.431822692983178058e+01 3.341448308096247644e+01 4.501962647642260862e+01 6.503185106432906082e+01 8.130280206101402030e+01 6.979675208104032436e+01 5.311887026664658862e+01 6.197107306873196819e+01 4.224566131513642375e+01 6.197107306873196819e+01 7.185455113923406145e+01 5.221462059646480469e+01 6.595144480225387440e+01 6.595144480225387440e+01 6.225988273863795541e+01 5.404865980409633153e+01 5.085779305037851827e+01 4.269509158271346649e+01 2.593812516334114093e+01 3.444894237125594572e+01 4.560713376743147052e+01 6.539101568464042202e+01 6.381036522131646649e+01 4.231330672408302718e+01 4.802388433603786666e+01 2.746914003125305470e+01 4.615688688429190734e+01 3.747377913319277098e+01 2.581323367986785300e+01 3.460665871449420194e+01 2.593168002837529684e+01
6.343274376862209282e-03 2.000634327437650839e+01 2.661620401207916586e+01 2.163302335972145940e+01 3.401366997844576190e+01 2.814919231768676156e+01 4.450520510889320747e+01 3.713664666788011459e+01 5.132461517133457107e+01 7.133226450235801508e+01 7.467909323119498310e+01 8.130272558838350960e+01 7.297784474271533384e+01 7.024910792230552659e+01 5.208742619238496729e+01 7.024910792230552659e+01 8.015608988609403696e+01 6.190729590435159224e+01 8.015608988609403696e+01 8.585890004426524058e+01 7.646495839368695613e+01 6.244468906643725603e+01 4.962402163868438265e+01 3.024377245552649640e+01 2.822835501913310452e+01 4.754641738256891159e+01 5.910935392120243392e+01 6.803942763982810504e+01 7.236928685289421992e+01 6.381036522131646649e+01 5.587754879214551806e+01 3.467075953852017989e+01 5.587754879214551806e+01 5.453125451224546083e+01 4.611097260493013295e+01 4.787072172279039250e+01 3.766787843714404005e+01
3.497053469895897767e-03 1.414563267720097173e+01 3.414563267720167516e+01 4.165442585768691686e+01 4.993946890463799093e+01 4.231285002602777467e+01 5.645685154913276449e+01 5.718471998478884188e+01 6.547069893228945148e+01 6.875260375831187787e+01 5.448753956833207468e+01 6.458333520810845130e+01 7.293140135387480427e+01 8.018206148885342088e+01 7.185471994507892646e+01 8.018206148885342088e+01 9.013656718427041881e+01 8.180180141166322016e+01 9.013656718427041881e+01 7.176931727238749659e+01 6.353928944092116637e+01 4.842441973918747777e+01 3.469309038375123322e+01 4.962402163868438265e+01 4.754641738256891159e+01 3.148491148609499390e+01 5.089776378124263090e+01 4.853519377111081212e+01 6.233886684238986220e+01 8.180179883013613562e+01 6.519505055588759035e+01 4.700787634384847280e+01 6.519505055588759035e+01 7.082518290284195928e+01 5.646862511691054465e+01 3.432623540782657301e+01 1.950725064554164945e+01
9.635555453094322986e-03 2.000963555545273920e+01 3.337278621307175541e+01 4.158014084121413134e+01 5.145339324255562019e+01 6.231645912627112693e+01 6.144852317057404889e+01 5.442456772555528488e+01 5.579034937471532629e+01 5.525588284285159801e+01 4.027756372422766162e+01 4.443956930834963259e+01 6.458333707991317851e+01 7.560233697520823171e+01 8.150424843266171138e+01 8.324732187815718021e+01 9.154806627518075857e+01 8.970658745068492124e+01 7.822465784583502568e+01 6.353928944092116637e+01 4.372476491106227314e+01 3.978797683745524694e+01 4.585653388232372407e+01 6.234552159908562885e+01 5.910935392120288867e+01 5.089776378124263090e+01 3.486150748159146673e+01 5.440484050180457842e+01 6.704711167691161222e+01 7.852849468092976792e+01 8.036248168885984455e+01 7.015543387168604283e+01 7.252826668779246688e+01 6.277032242193465095e+01 4.330268809441572841e+01 4.125932859100726091e+01 2.095342531270893005e+01
8.845047570523793118e-03 6.667451387601258439e+00 1.369273320515535097e+01 2.352761834113572803e+01 4.321795408500771885e+01 5.741179097322677194e+01 4.899310719839018446e+01 3.492277556825636964e+01 3.368716071498421627e+01 3.550501270528314990e+01 3.036323823982132808e+01 5.033953762275732657e+01 6.965574824845860746e+01 5.538772387914584527e+01 6.130844697592007719e+01 6.302059305216078400e+01 8.324732187815718021e+01 8.149969661940244237e+01 6.158184947972014811e+01 5.008650003780203264e+01 6.353928944092116637e+01 5.109248231620982494e+01 6.552675248221260063e+01 7.360328526399759141e+01 6.162009537158836991e+01 4.186030611994036832e+01 5.440484050180457842e+01 3.911188910488681358e+01 5.040496477962221178e+01 7.028988257549148955e+01 8.534497332349862120e+01 6.691487428705018203e+01 5.332470976612535907e+01 5.920258406902070902e+01 4.719094928026689928e+01 2.694136381597776619e+01 4.125236837729836026e+01
8.023991185656003874e-03 2.000802303015847627e+01 3.112378958939789442e+01 4.158014084121413134e+01 5.145339324255562019e+01 4.936510155951653900e+01 2.977602055065574049e+01 3.564373407861592824e+01 1.924540402541023099e+01 2.164192160787414920e+01 4.140495649880561757e+01 4.857681989426690450e+01 5.345458242083324052e+01 4.128494267123104322e+01 4.874080239041557405e+01 6.302059305216073426e+01 8.324732187645469139e+01 8.938319866596471286e+01 6.951127084607011852e+01 5.538296865478535125e+01 7.533162374926763505e+01 7.097226361703536668e+01 7.919371133155578946e+01 8.121944474029373850e+01 6.129626142053811577e+01 4.725951785806982741e+01 6.215523245657269769e+01 4.236054702208456746e+01 5.632080824677586861e+01 7.624077848850731698e+01 8.042450719848000062e+01 6.080165076510048294e+01 4.930992238364241587e+01 3.918461596090751442e+01 3.392086984861486343e+01 4.719094928026689928e+01 4.504383588717013964e+01
4.598823041778624977e-03 1.571119600137591998e+00 2.202385497878679388e+01 2.514968038985039556e+01 3.340935061991405775e+01 4.078428215064431583e+01 3.251427487586413889e+01 1.598284236607628728e+01 3.500438937904131365e+01 4.132156638330953768e+01 2.550561664831078446e+01 2.965254434155236396e+01 3.394353253952196070e+01 5.345458242087881473e+01 6.307573916326611396e+01 6.849804718177054497e+01 7.684248494969379806e+01 8.588431067803855967e+01 8.354719664009880375e+01 7.533162374926763505e+01 6.537945164837879020e+01 8.528379585015647990e+01 9.059930744962944971e+01 7.070161386481919408e+01 5.659358519839763346e+01 6.713162671211335919e+01 6.572479596844280536e+01 4.585030745860667167e+01 6.572479594881541232e+01 8.393343218320273991e+01 8.865899288626512487e+01 7.316135434979894114e+01 5.342067210467180871e+01 5.920258389190935588e+01 5.406385735496949252e+01 5.827571855495309450e+01 3.810587680760509954e+01
7.340434288523949372e-03 1.469094122782821721e+01 3.807137074754307182e+00 5.398132677262704071e+00 2.514596301716883175e+01 2.949983639716972661e+01 1.285602071525636880e+01 2.669883861197094888e+01 4.349379392863681204e+01 4.513806254460451584e+01 4.107319369591890279e+01 3.000455029577305766e+01 3.360999883334455518e+01 3.790901065590982455e+01 4.274663092401064546e+01 4.820962837210479535e+01 5.729154717015835985e+01 6.901939051554612092e+01 8.923685429269781366e+01 9.348346631463765277e+01 7.537496907649192224e+01 9.348346631463765277e+01 8.911773723322687601e+01 6.921400770632853039e+01 7.652951338583800123e+01 7.219723510616773865e+01 5.224783787956108227e+01 6.572479596844280536e+01 5.575083468468358916e+01 6.986861253650317849e+01 8.977397163192497942e+01 8.136961647268243780e+01 7.316135434979894114e+01 7.808710796796439979e+01 6.993351476399030275e+01 6.626521844890356761e+01 4.825426545658216781e+01
3.515918393995972821e-03 1.854340314763089026e+01 2.347486324651958611e+01 2.514063105784028096e+01 7.683537287889966372e+00 9.811521413157432647e+00 2.949356360158909141e+01 4.077048355008298586e+01 5.487393815574368006e+01 6.443291957786647117e+01 5.924590556299406074e+01 5.018974201820953596e+01 4.788861688924159665e+01 5.234306177013761641e+01 5.714127719321208332e+01 6.256837225981807649e+01 6.256837225982370398e+01 8.281354879879808095e+01 9.751938450071352804e+01 1.033873323167676404e+02 9.519262262382096651e+01 1.033873323167676404e+02 9.734201322424864600e+01 8.330481548704619854e+01 8.845716303349972520e+01 6.854289969530302074e+01 5.756606961169507741e+01 7.753384848580799371e+01 6.728062824848952062e+01 8.393343935909973652e+01 9.194066979897060321e+01 8.382511250560621363e+01 8.064570996431224614e+01 6.658968125554859796e+01 4.992422739055582781e+01 5.578884001792096825e+01 4.994093433976121332e+01
4.608085242692564441e-03 1.481462294314335892e+01 3.606591367481481569e+01 2.739477459434673179e+01 2.740105643089887977e+01 1.127911282844126362e+01 3.069480013731754653e+01 4.264750402337494961e+01 5.845516086992049765e+01 6.160447056911140606e+01 6.995322250349416038e+01 7.355000531067578606e+01 6.820076899171770890e+01 7.262711152495398892e+01 7.740279773675780461e+01 8.281354878498450489e+01 8.281354879879808095e+01 9.111659763956397740e+01 9.887798560139455617e+01 9.513084115233942839e+01 8.688702418716090392e+01 8.946042930604681942e+01 9.770954905337852381e+01 1.031513717498698810e+02 9.668287259630271535e+01 8.329245748881169220e+01 6.334405074348691755e+01 8.329245748881169220e+01 8.719813528168593564e+01 9.542217958201081274e+01 8.382511250560621363e+01 6.407667437803590360e+01 6.986085798775832245e+01 5.253369735127287043e+01 3.813457806549835993e+01 3.550872987842809181e+01 3.305102301053891267e+01
1.610643649003322799e-03 2.000161064364864671e+01 3.645125933517707040e+01 4.721283121332231758e+01 3.897766661388047993e+01 3.069482017379005967e+01 1.492707030153106729e+01 3.432917033265704987e+01 3.827563443121294284e+01 4.129038947671199367e+01 6.160447091576346423e+01 5.740722420321800001e+01 6.306355737975041365e+01 6.919313721954640073e+01 7.635871644481345299e+01 8.466670458936600596e+01 9.628164637296208639e+01 9.872364551626800733e+01 7.905054163703695735e+01 7.905054163703695735e+01 6.711844871908667187e+01 6.968011060594363926e+01 8.946042930604681942e+01 1.023255525450408214e+02 1.031427078732914424e+02 8.329245748881169220e+01 7.091726671443355201e+01 9.081193548720577269e+01 9.745218485724291213e+01 8.764274091295634150e+01 7.952707623023680128e+01 6.986085798775832245e+01 4.985702928111937382e+01 4.212592200233888207e+01 5.838114762029069027e+01 4.387635755241484503e+01 5.334740165449867533e+01
2.022278438842990342e-03 8.166988087716175571e+00 1.971399347150889625e+01 3.971399347150960324e+01 4.845018730296622778e+01 2.848005358905437134e+01 3.432917033265704987e+01 1.874151407134806036e+01 2.719466188118052585e+01 4.616236013064369104e+01 5.059865511942621907e+01 3.698151695184284193e+01 4.266935808065468905e+01 4.886362076841618318e+01 5.609139779955044958e+01 6.783096561101953625e+01 8.800784072091987298e+01 9.047190596334942825e+01 7.068952265842170846e+01 5.927214178454105564e+01 5.568853066193324963e+01 7.425357506659342732e+01 7.425357506659342732e+01 9.391583311043605420e+01 9.987494217609416580e+01 9.902924967159820824e+01 8.243178204513580454e+01 9.902924967159820824e+01 8.934726493392824409e+01 6.970688752654528741e+01 5.974428278911044288e+01 5.300364108672340535e+01 4.655085009669291196e+01 6.230013276520647025e+01 7.048514275336469836e+01 5.404665423241802813e+01 7.218570008348868328e+01
6.642187732006160465e-03 2.000664218773165004e+01 3.645125933517908123e+01 4.799826471897179658e+01 5.681924330277893631e+01 4.845018730296622778e+01 4.663435309900563652e+01 3.827561109679326989e+01 2.293324720950554152e+01 2.607577413345520156e+01 3.026929641222461242e+01 5.059865511942626881e+01 5.368303759181388557e+01 6.919313721954640073e+01 7.635871644481345299e+01 8.466670458936600596e+01 9.029591834896086766e+01 8.949378752313168661e+01 8.124237721022340963e+01 6.847854222179988426e+01 4.864709048561641680e+01 5.445110331411405724e+01 6.589326334358445081e+01 8.567397326378038258e+01 8.004823518840804297e+01 9.409701891353421388e+01 1.022594379766847226e+02 1.104798085383297632e+02 9.745218485724291213e+01 8.764274091295634150e+01 7.952707623023680128e+01 7.016543769194916536e+01 5.016968663286518648e+01 7.016543769194916536e+01 8.210627367681075839e+01 7.396782023376319160e+01 8.210627367681075839e+01
1.591255364720534126e-03 1.414372687909579618e+01 3.414372687909649784e+01 3.644912920239725906e+01 4.248376419444139174e+01 4.952802877489544642e+01 5.778220605072183957e+01 5.115348610236168270e+01 3.682410528426031249e+01 4.616242535249003254e+01 3.447831863511769512e+01 5.484815109930853794e+01 7.397795433087095773e+01 8.229451278601402464e+01 8.709246872997114508e+01 7.886396350650805687e+01 7.049519173199969657e+01 8.124237721022340963e+01 6.141901330932838476e+01 6.366870867958671454e+01 4.380141549060594031e+01 5.786959041442832330e+01 7.766901867035137741e+01 8.152539503469604654e+01 6.608814594698191058e+01 8.419438766441143684e+01 9.304988486767300060e+01 1.045082909900385744e+02 9.874035636827822771e+01 7.916578130742497876e+01 6.521034131847315507e+01 5.812172265846283636e+01 7.016543769194916536e+01 5.757888404550174499e+01 6.909869556583710448e+01 8.875129359475964463e+01 8.754856820253941407e+01
6.189296070378335485e-03 2.000618929607002272e+01 2.856767853296866733e+01 1.635528629465192907e+01 2.246913536822664881e+01 2.960382792545084740e+01 4.112149964189189433e+01 6.101146263508586998e+01 5.711554049270952760e+01 6.322464830630767096e+01 4.624532755602121625e+01 4.737040461540340175e+01 6.179162508989962532e+01 8.201717773611512996e+01 7.886396350650802844e+01 5.906072944574703598e+01 5.649089268979125933e+01 7.307659908795591264e+01 6.657459455050870645e+01 4.736966414510704482e+01 4.001986480484451647e+01 5.991414317932228784e+01 7.574939667931170106e+01 6.173981702872235644e+01 5.618554029621508761e+01 6.504634389211553014e+01 7.644104272466012162e+01 9.624357915735095048e+01 9.874035636827822771e+01 7.916578130742497876e+01 8.489904160390383936e+01 6.810821808427832025e+01 8.334719799846131139e+01 6.363869524113658116e+01 8.334719799846131139e+01 9.685740109752310900e+01 9.329120100028983131e+01
2.247884206357958405e-03 4.154872549521325453e+00 8.423253913510604818e+00 2.856767853296866733e+01 4.248376419444139174e+01 4.952802877489544642e+01 5.778220605072183957e+01 6.927560814747886297e+01 7.380609159725267432e+01 7.493864686099519190e+01 6.659982660371419172e+01 6.771555230673054382e+01 7.605100088538706871e+01 8.202182331623261291e+01 7.620951856843892358e+01 6.486096241271955876e+01 4.500163894171160450e+01 5.597960295905335926e+01 5.833075878509874457e+01 3.843541821276334502e+01 3.636363464451171978e+01 5.628196150221835836e+01 6.155327423988717328e+01 4.769614101184283328e+01 5.522521428168035840e+01 6.409006793771463606e+01 7.548567762513474122e+01 9.528208966072293151e+01 1.068466132533518334e+02 9.874035636827822771e+01 9.587391057296447627e+01 8.203767417022406505e+01 8.334719799846131139e+01 7.761176142739293482e+01 7.761176142739293482e+01 9.719376675446486047e+01 9.343039447525563901e+01
