LEM/sinusoidal_perturbations/elevation_000126.asc
nrows	100
cellsize	150.0
xllcorner	0
ncols	100
yllcorner	0
NODATA_value	-9999
[rows 0 to 16 of 100, columns 0 to 36 of 100]
8.271705653423140972e-03 3.659755422354538101e+00 7.373662185895869747e+00 2.737406249862598884e+01 3.700600448029904044e+01 2.405976354099600911e+01 4.392417577932829431e+01 5.635630170121623195e+01 6.266692623145840457e+01 7.046257448972154691e+01 7.983005036436799173e+01 8.615373900215416825e+01 7.797272349007018022e+01 7.538125311009567042e+01 8.357646704685627981e+01 8.979434131238782868e+01 8.500793427903045085e+01 8.241114893334263058e+01 9.073382203375352617e+01 8.641223402752247296e+01 7.776574296267401110e+01 8.641223402752247296e+01 8.447011826931766620e+01 7.831093171112181039e+01 7.831093171112181039e+01 8.701477737000867307e+01 8.661690006683518561e+01 7.836568333138851017e+01 7.836567700221328892e+01 8.022859008493203703e+01 8.022859008493203703e+01 8.847449574292741659e+01 9.309540666155145061e+01 8.171960494172833478e+01 7.353640084577071434e+01 7.353634892340825502e+01 8.171935428995787731e+01
7.813061968023241044e-03 2.000781306196766707e+01 2.737455049538030849e+01 1.292066415101684562e+01 1.700314706360647676e+01 3.638672653412544378e+01 3.155045024321894687e+01 3.723022241128571608e+01 4.373505264073180143e+01 5.333482751011251111e+01 7.199902495280431935e+01 7.797272349007018022e+01 5.793751791110055649e+01 5.533179619440221586e+01 7.204562845662732684e+01 6.984007151514140332e+01 6.508182850763495253e+01 6.250507166799749115e+01 7.921477576527455255e+01 7.615531939805498496e+01 5.740129847333062685e+01 7.615501223521437169e+01 6.376847450044857624e+01 5.774485037444845403e+01 5.774485037444845403e+01 7.831093171112181039e+01 7.836568333138851017e+01 5.847607887810989524e+01 5.847607883243686189e+01 6.033733185157159795e+01 6.033733185157159795e+01 8.022859008493203703e+01 8.488247645552897325e+01 6.523049703290968182e+01 5.398517605902511463e+01 5.398517592467152326e+01 6.701282711583802154e+01
2.526786264046545528e-03 1.000250445285372258e+01 2.999089814202289261e+01 3.292294154696080710e+01 3.114862047835939407e+01 3.442522624426632660e+01 4.876050091510900586e+01 5.635630170121623195e+01 6.266692623145840457e+01 7.046257448972154691e+01 7.983005036436799173e+01 7.678176310087296486e+01 6.380569376271424886e+01 4.385868614674780730e+01 6.380569376271424886e+01 5.591710430201393933e+01 5.121943363028594831e+01 5.121943362823027002e+01 7.091969731689668777e+01 6.758352071800231897e+01 4.771576180988413540e+01 5.764963354767504455e+01 6.375380019114152930e+01 4.396610262062421270e+01 5.745565086397867560e+01 7.777253873596883693e+01 7.746075574885551873e+01 6.430160914735711231e+01 4.441310221170860473e+01 4.627666510708051106e+01 6.033733185157159795e+01 8.022859008493203703e+01 9.224826291320597704e+01 8.087601254074600376e+01 6.224849595215627573e+01 4.275986364494261949e+01 4.750421716028179731e+01
4.163169627051843593e-04 2.000041631696235100e+01 2.997274237360122484e+01 4.978857406566577737e+01 5.122382753314284543e+01 5.575056843836514986e+01 6.325863037755525653e+01 6.325373477080583484e+01 5.450215537939377697e+01 5.724181486708680211e+01 6.599444117254147102e+01 6.856905905909853516e+01 4.856621358134881206e+01 3.776390332592632149e+01 5.779144467612130143e+01 5.954565334373138796e+01 4.034232728141657986e+01 5.376322608177430595e+01 7.350374377153693217e+01 6.916283939886079679e+01 4.922138746050403313e+01 3.839478141269362510e+01 4.950718063102143418e+01 3.815962945936928463e+01 5.156047391597204665e+01 7.168802640289985106e+01 6.907779336779225332e+01 4.891758022926767069e+01 3.730576013315059924e+01 5.726995572275332336e+01 7.440198312960365001e+01 8.289026540079920835e+01 8.403714416072376991e+01 6.439205226521475822e+01 5.315134123642381780e+01 5.575240610043586997e+01 3.621891392321656866e+01
5.883922493566802643e-03 2.000588392249321146e+01 3.463529074706242028e+01 4.294453808046981180e+01 5.452374263518411368e+01 5.697140218529761313e+01 4.830507033821144347e+01 5.123058111720065710e+01 3.380319573776215236e+01 3.646672106185987161e+01 5.724181486708680211e+01 6.638554599379460797e+01 4.637620334209177031e+01 3.198277491760153879e+01 5.223680411769027643e+01 5.474454469626834907e+01 3.597961969177576691e+01 5.474454469626834907e+01 6.976317749615618879e+01 7.774496969795380608e+01 6.610014598592539414e+01 5.037198166589914194e+01 3.151266860435722705e+01 4.213371006674804420e+01 5.570321765830551897e+01 7.592350536873706801e+01 6.610442400361519333e+01 4.707579463394917951e+01 3.306541658813419104e+01 5.309942427425992406e+01 5.480856546003635543e+01 6.885195374918936295e+01 8.031689691222749161e+01 8.087601254074600376e+01 7.269504506659745857e+01 6.388396825729054740e+01 5.022744778066369520e+01
1.256007409845548732e-03 7.072323820322107935e+00 1.463161337104154747e+01 2.617870210185597202e+01 4.619590237461988380e+01 4.830507033782592430e+01 2.785312817623600878e+01 3.384336334248513367e+01 2.219895510630122004e+01 4.255160515762420204e+01 6.038054044187553870e+01 6.575480073515817026e+01 4.770786550672391968e+01 2.728430689573045242e+01 4.770786550672391968e+01 5.043957565533661835e+01 3.213358193059776369e+01 4.232535439809523581e+01 6.152380802465608411e+01 7.188200894925701334e+01 6.093200773255843217e+01 4.148961052037483199e+01 2.834646620268746275e+01 3.902418752713448669e+01 5.245948550005903854e+01 7.250582794179874213e+01 6.301579382979205235e+01 4.337068986174908503e+01 2.913289971219965224e+01 4.922442062898373649e+01 4.070313099004331292e+01 5.223363632064750561e+01 7.208083036455400361e+01 7.815637800092410714e+01 7.612176255107873146e+01 6.979107000035979524e+01 5.022744777063445554e+01
9.594114293757748102e-03 1.415172973802483369e+01 3.415172973802553713e+01 4.294785667869815171e+01 4.699540724978114525e+01 3.855885648515129560e+01 3.384336334248513367e+01 1.365485331588826590e+01 3.384336334248513367e+01 5.048656758082501739e+01 3.975004635565183975e+01 4.578702500299340272e+01 4.344925914999227246e+01 2.306494085178088582e+01 4.344925914999227246e+01 4.670288033365323344e+01 2.875683307759118179e+01 4.172553316295802261e+01 4.965687713692745575e+01 5.784290153130979206e+01 4.380379411336249262e+01 4.424221846727817109e+01 2.533382877452179471e+01 4.424221846727817109e+01 5.948833515397044636e+01 7.080308065591414390e+01 5.931529299552686751e+01 4.561587372082610159e+01 2.544998794709605860e+01 3.059420847058521531e+01 5.066262055489484339e+01 6.885195374918936295e+01 7.815637800092410714e+01 5.942640395858134639e+01 5.737163220395295582e+01 6.618021076010185766e+01 5.103867727862456860e+01
7.711341127313004785e-03 1.879380084479334556e+01 2.633934948609876869e+01 2.924308736586240443e+01 3.626298140145978266e+01 1.903187249607972475e+01 2.314404624420950185e+01 9.066038119288355901e+00 2.910476219266089615e+01 4.379210174679884204e+01 2.278658315517932209e+01 4.401492287336905207e+01 3.945155621558209447e+01 1.936750990433315778e+01 3.945156542792047105e+01 4.505619256222852442e+01 3.724285166154091087e+01 2.407863726776906788e+01 4.172598032812186375e+01 4.900780633259277863e+01 3.090448416550435340e+01 3.758335861004626821e+01 2.235836036878921362e+01 3.187264178105803936e+01 5.103546348688257694e+01 6.257047136132966614e+01 4.266386261531338420e+01 3.101550701812494637e+01 2.187421340239405865e+01 4.210544066021954279e+01 5.890039988870284304e+01 6.805902500305676028e+01 7.612176255107912937e+01 5.737163220395295582e+01 4.408486254912668301e+01 5.409215160687652713e+01 3.737123193464591253e+01
2.297228869525369630e-04 3.180505859688167458e-01 8.306089212543485090e+00 1.084285886345886318e+01 2.145347630795352956e+01 2.175184396976746726e+01 3.663060220200089923e+00 2.261646098232778712e+01 3.534304702579880342e+01 3.163500643651983069e+01 1.187481337031752915e+01 3.492153411034331612e+01 3.073284940619345917e+01 1.607977364252154828e+01 3.572204960602925183e+01 3.307151960940796442e+01 1.954386101928218622e+01 3.724332510147905140e+01 4.965219174263557278e+01 4.087151773537949850e+01 2.181432947321943061e+01 1.835486065797570276e+01 3.758335861004466949e+01 4.956278109641677077e+01 5.896102924579115268e+01 6.124273282616042025e+01 5.742380481922657509e+01 3.927250219976163237e+01 1.900003033951612252e+01 3.927250219976163237e+01 3.961255407823492192e+01 5.973708710719863291e+01 7.496693803192229666e+01 6.931177117863094850e+01 5.409215476800144984e+01 3.542550834050535258e+01 3.039168957671779836e+01
9.647730019007896146e-03 1.233666981541658458e+01 7.676875102302682663e-01 1.085709208000682491e+00 1.403932121670610433e+00 1.722316283342740562e+00 2.041166969579189416e+00 2.174031728443367584e+01 2.410475799554215826e+01 1.920825097164388495e+01 4.038683092406328612e+00 2.565209836526855725e+01 1.163565222408915822e+01 3.069063630965739264e+01 2.901135892473223166e+01 1.506410779139513423e+01 3.307151960934884016e+01 4.505941667325555500e+01 4.995931663181479365e+01 3.383928351940721058e+01 1.443553707584033674e+01 3.045524690181811422e+01 3.852649642100008975e+01 4.826677955685130428e+01 5.385448257020613028e+01 4.138207168766282251e+01 4.812658440794150039e+01 2.832283767945536113e+01 1.619877657654846459e+01 2.304354107681753305e+01 3.324492297771917038e+01 4.505181205551022572e+01 6.656110265977923746e+01 7.234646391595576631e+01 5.398385744836261324e+01 5.409191881005846625e+01 4.596069549441688196e+01
3.582433992925927561e-03 1.933229091843531933e+01 2.163837596389180717e+01 2.121026980503997450e+01 1.554222075976465334e+01 2.150357906820653398e+01 3.108805916682047421e+00 2.495260736834313153e+00 2.815966089543596951e+00 3.136845114699299941e+00 3.458555428664041642e+00 1.827316093523412022e+01 8.476648781804907884e+00 2.546183373809116546e+01 1.054442008736105763e+01 2.622098439894653055e+01 3.639568024051017403e+01 4.831558285517879625e+01 3.622585459005294695e+01 2.197776354071332605e+01 2.752652307826059896e+01 1.082280052002162485e+01 2.223039757763674729e+01 4.052225130363969896e+01 4.437122722798950036e+01 2.725498213406920911e+01 3.883794401015875053e+01 3.389548381404318889e+01 1.373467603096605849e+01 3.401264384747202030e+01 5.163544735711597866e+01 5.603613584544043391e+01 6.428456175315061216e+01 6.039221339562160296e+01 4.960836260273855913e+01 4.115932374482456169e+01 3.715357577339838713e+01
1.813270376062421294e-03 8.828985489471451231e+00 2.003137488998578419e+01 3.856681119590437845e+01 3.526097612897566336e+01 2.704654259026878194e+01 7.247054023937955947e+00 1.415319839936322310e+01 1.260619736307217131e+01 2.048490859463666425e+01 1.346085005727544015e+01 3.913831040123820326e+00 1.486477005747227587e+01 1.855782852766194324e+01 1.980562304835509480e+01 6.244416747741692753e+00 2.863303744032169007e+01 4.004079395061034319e+01 1.931139714161709975e+01 8.014247885459782950e+00 7.393820096027782895e+00 2.311384586028316690e+01 3.252413757831839547e+01 3.275962120330038374e+01 2.963607978938475540e+01 1.712814858121809536e+01 2.892746575510349416e+01 2.674312469365303357e+01 1.179738745717446768e+01 3.161158493491848986e+01 4.191823189143011774e+01 3.607046115526335939e+01 5.603613584543963100e+01 5.185304438235198887e+01 3.106145809968840510e+01 2.005012165231961774e+01 1.575308994840011145e+01
2.372884694381488524e-03 1.985780507206459689e+01 3.161605044512696949e+01 4.607758180368733747e+01 3.218896613970023424e+01 1.270208388719319892e+01 2.710276470363066181e+01 2.988453432688827860e+01 2.383817502940826927e+01 3.245758845531025116e+01 1.994172070139500264e+01 5.783058345125215105e+00 4.371568787610522477e+00 4.695161160286737356e+00 5.018424316338173874e+00 5.342581729654110489e+00 2.543744955892175241e+01 2.623901903098823851e+01 2.653096350168436146e+01 6.926991982241352375e+00 2.699520750006289660e+01 7.862831785638746851e+00 2.328649179505935152e+01 8.812484032149829005e+00 9.153467456085150999e+00 9.495972152072935657e+00 9.837289492889125242e+00 1.017767905522759975e+01 1.051885117088435351e+01 3.064638446743669675e+01 2.182928809913746804e+01 4.191813009654878641e+01 5.707059962375224416e+01 6.017894828797498974e+01 4.788842156664744465e+01 3.673930218247495816e+01 1.529807743174793266e+01
8.175220331382775790e-03 1.216347680095122463e+01 2.926637341097911005e+01 5.203852679577752838e+01 4.029469757071584723e+01 3.218903288987758771e+01 1.837213617398460386e+01 3.758593371162117336e+01 4.310247292533399843e+01 4.397835730491350148e+01 2.366312331360450116e+01 3.115380128623655764e+01 1.699269237489856010e+01 2.892322348613727101e+01 2.594137302797280142e+01 8.325401825140573919e+00 5.802709824781696391e+00 6.130103869194067912e+00 6.459377112008804822e+00 2.656611153627881450e+01 1.683564228332974366e+01 8.435359737296954208e+00 8.336102257590786380e+00 1.344369909347683034e+01 2.596338250968990380e+01 2.574887009285356143e+01 2.717905250239408943e+01 3.009069960665459575e+01 2.917083815294721560e+01 1.100878944010038296e+01 3.113922491070265863e+01 3.038355527098787334e+01 4.344486264959228095e+01 4.403431779725085704e+01 4.795852292634442904e+01 3.298763835083039453e+01 1.485068439904013182e+01
9.124702163186202558e-03 2.000912470216283268e+01 3.723067020021621687e+01 4.877786270581801631e+01 5.128953723495295236e+01 3.190971527888244452e+01 3.758593371162154995e+01 2.491918016036439099e+01 4.383933408780580976e+01 5.447719332475836751e+01 4.728329145326507188e+01 4.905971921621066656e+01 3.994401080910850510e+01 4.351407362350516905e+01 3.027721415730303534e+01 1.014560255727560723e+01 2.591502255371587182e+01 8.455112829404992425e+00 7.227446855996081609e+00 2.837536843964319289e+01 1.046142838130166730e+01 2.979614068792016113e+01 2.944972492894445182e+01 3.069596540467401269e+01 2.046047534767204112e+01 3.716008383681934646e+01 4.718676876935266762e+01 4.360218263548906492e+01 2.377735202969238060e+01 3.117228257493504628e+01 1.150037583588804502e+01 2.505775975007931677e+01 1.247241534325775270e+01 1.282112219569592604e+01 3.512088892955348030e+01 3.633539427427584911e+01 1.440540371128617636e+01
2.239863785106879172e-03 8.946511773784342481e+00 2.049351715760960602e+01 4.049351884069820784e+01 5.935841865574823117e+01 5.128953723495788353e+01 4.383932523612425314e+01 4.383933408780568897e+01 3.250458389790953362e+01 3.937602908211339070e+01 5.741238169601479768e+01 5.820002765455540583e+01 3.660535885037393911e+01 2.419970867546552995e+01 1.498758845116604199e+01 3.027929800017395223e+01 2.997515849986990943e+01 3.545141012480861065e+01 1.673948545243160524e+01 3.631612050891581589e+01 3.068838708237668911e+01 1.265928094973565976e+01 3.253400442267156478e+01 4.524200089988347884e+01 3.245485453700680267e+01 3.247956007350863672e+01 5.199751449208118004e+01 4.335906379527861532e+01 4.369383249369497690e+01 2.791132787846391494e+01 1.242680478996988036e+01 1.198578948472522221e+01 1.548663812051631439e+01 2.134970309970838898e+01 1.332331112755709235e+01 1.377486922741604758e+01 3.471825943444539320e+01
1.766589122093755728e-03 2.000176658912173977e+01 2.756576145273070821e+01 3.588368511147888285e+01 5.008748781600766620e+01 5.785777897876353393e+01 6.303780406913855217e+01 5.891074074592387433e+01 4.313638585350908272e+01 5.741238169601457741e+01 5.133450910339102791e+01 6.562236312717314490e+01 5.324494485623328899e+01 3.917859945912144326e+01 1.890760378629219218e+01 3.917859945909999908e+01 5.018621887168287543e+01 3.687856442515087707e+01 3.689335873737451266e+01 4.517929961774134995e+01 3.441975947612599640e+01 1.422147422084165136e+01 3.445258777359666880e+01 4.511708307975914778e+01 5.240716861700893503e+01 5.306592776928908961e+01 6.168352313529261721e+01 6.235952350543733047e+01 5.659956216688875941e+01 4.794457540346922286e+01 3.413096787905912777e+01 1.698305672440148584e+01 1.592912669138090109e+01 3.062113500281270007e+01 3.135207112046023070e+01 1.351961238773904839e+01 3.192757074395885297e+01
