LEM/sinusoidal_perturbations/elevation_000222.asc
nrows	100
cellsize	150.0
xllcorner	0
ncols	100
yllcorner	0
NODATA_value	-9999
[rows 0 to 16 of 100, columns 0 to 36 of 100]
8.271705653423140972e-03 3.044786251428855395e-01 6.007180359350922094e-01 8.970549848635913648e-01 1.193489568673235857e+00 8.189653561915697821e+00 2.293533299870587072e+01 6.102670182029890533e+00 8.373829848911064744e+00 1.073726210204776166e+01 1.302722876315148426e+01 3.276014925916071974e+01 4.405521462125945220e+01 5.800703940712225659e+01 6.016307260981903227e+01 6.294745594691914192e+01 6.531639108545371641e+01 6.200350194969765028e+01 5.963140999690354249e+01 6.321079520258899720e+01 6.320990151623141884e+01 8.330342129964296305e+01 8.986416869818370401e+01 9.817861637958037591e+01 1.000164243658049088e+02 1.082694918387582987e+02 1.003970200630681546e+02 9.210776912434059227e+01 9.730596169885906477e+01 8.902027269412513988e+01 9.730596169885906477e+01 9.627849450320078972e+01 8.799210478279182723e+01 8.894507594113686366e+01 8.375967302033951967e+01 9.080846404912156800e+01 9.909757808249420918e+01
7.813061968023241044e-03 1.953718016041837302e+01 1.468941126172346046e+01 1.502429898675014286e+01 2.040420670051369356e+01 1.612849609447853494e+00 3.324664266696212067e+00 2.326845695970870054e+01 2.844891336907876678e+01 3.059885113570771864e+01 3.276014925914088138e+01 1.616578888641465994e+01 3.010338983539675439e+01 4.728566760502687316e+01 4.049908481805066884e+01 4.326043783146351274e+01 4.903886848960767253e+01 3.695720521367753975e+01 4.025456171503974190e+01 4.360569501104708223e+01 6.320922896116522338e+01 7.334527035881906443e+01 6.963657978673542459e+01 8.570627983624527246e+01 7.977882389258240892e+01 1.000164243658049088e+02 8.886980360561975090e+01 7.216122158770663475e+01 8.732571492707232608e+01 6.907756101787691705e+01 8.732571492707232608e+01 8.475318476666124923e+01 6.804736652401810204e+01 6.899785739767654036e+01 6.381526465073444854e+01 7.087147230664697872e+01 8.083173384430024555e+01
2.526786264046545528e-03 1.985276055440685283e+01 3.413837466432573819e+01 3.466477593030104032e+01 2.111759684540362159e+01 2.153648385325916337e+01 2.036653517341608044e+00 1.721598786089571576e+01 2.660562391556022632e+01 3.897659556145990933e+01 4.405349905704601809e+01 3.586838411073198785e+01 1.939728698368248061e+01 3.909947696775861914e+01 2.664036869091783544e+01 2.945370372408564563e+01 3.236885105505462690e+01 3.935443174067349048e+01 5.625790177200651954e+01 6.321079520258899720e+01 4.903688798766838630e+01 5.325841558259462971e+01 5.875035645389888117e+01 6.543683110015706461e+01 7.977882389258240892e+01 1.000164243658049088e+02 8.059162436762173343e+01 6.063375602085522331e+01 6.906894451110504463e+01 5.908897217873402496e+01 7.904891683693817583e+01 7.582155598174162492e+01 5.650894067718268587e+01 5.486688183540154284e+01 6.899785739767654036e+01 8.894507594114705284e+01 9.909757808249420918e+01
4.163169627051843593e-04 1.416363067429510458e+01 3.445388395346404309e+01 4.716319867226246032e+01 3.250185117847637883e+01 1.339422409034721717e+01 1.995942836500680073e+01 2.460796962597882498e+00 3.285811601720380004e+00 1.878301095890743966e+01 4.180803472603268034e+01 4.717484517581479508e+01 3.747870742024531410e+01 2.277051890874361817e+01 4.244745500604314259e+01 4.902662923754775193e+01 5.190753835978465247e+01 5.033441456233702382e+01 5.084931170678317613e+01 6.932311382010664147e+01 6.305083632913672176e+01 6.479529194199774622e+01 7.894979692421584616e+01 7.894979692421584616e+01 9.402415786567043199e+01 9.039260011390214800e+01 8.318038158390338310e+01 6.322377548046811313e+01 4.906862824388645095e+01 6.906894451110504463e+01 8.166138086461675982e+01 6.170065299507214007e+01 4.753910603116632672e+01 6.754701503754614578e+01 7.726865008527899192e+01 8.554503937638033051e+01 9.707003844281184968e+01
5.883922493566802643e-03 1.414800817155565582e+01 3.414559412581215980e+01 4.968639013219247147e+01 3.134569878652181174e+01 2.588179475709947042e+01 2.306040640827384891e+01 1.807729182781547905e+01 2.883320808098985388e+00 1.219569281248589832e+01 2.614324246935748164e+01 5.208383963007020157e+01 5.030963242244971667e+01 3.262281052010635563e+01 3.208472299226300350e+01 4.184615190644360183e+01 5.566500926907912117e+01 6.913680763613049862e+01 6.931951100614267602e+01 7.752067484269369402e+01 8.324269969766911004e+01 8.502875261569832332e+01 9.333598982431604441e+01 9.915322993404971896e+01 8.455442810671003429e+01 7.043466773175305207e+01 7.777009537085803004e+01 6.448055553125834649e+01 4.446408778312771659e+01 6.447888182086774123e+01 6.703780514371342747e+01 5.875974014951038527e+01 4.352544277217231894e+01 5.021536549902352675e+01 5.730509378159029410e+01 6.883967140582299749e+01 8.878284908935239628e+01
1.256007409845548732e-03 1.161152801729000394e+01 2.637513643980123135e+01 4.810116517464032171e+01 4.633360275857872779e+01 3.042831441439853180e+01 1.247649298891676928e+01 3.305051830215390840e+00 1.146353175506493294e+01 2.755414030095707645e+01 4.778406521352396652e+01 6.232000156671388424e+01 6.043541161602514222e+01 4.616500740116987345e+01 4.335092220073175184e+01 5.981528373740808746e+01 6.964344612686346636e+01 8.354425824547359980e+01 7.678943432875961150e+01 8.512803204351619968e+01 8.203039260732471405e+01 7.378934813947545024e+01 7.636438889090341320e+01 8.460580302923411011e+01 7.628021078802203192e+01 5.630433164656641765e+01 5.779611091919485233e+01 6.021531404757248396e+01 4.019452854844854528e+01 5.443028524932146439e+01 5.458539799379464341e+01 3.874034719391873693e+01 4.582347388472250316e+01 6.583481839713809336e+01 7.726865008527899192e+01 8.554503935875418108e+01 9.052180306582903313e+01
9.594114293757748102e-03 2.000959411429340307e+01 3.604548778857762414e+01 4.559532662862816466e+01 4.342365658892559566e+01 2.800197907285423327e+01 2.335792393502882902e+01 3.603995400059258003e+00 9.081308850823585743e+00 2.840249243180167937e+01 4.233395573457648453e+01 5.183836255520098035e+01 6.575310335322016897e+01 6.537495091137311931e+01 6.288464731196626190e+01 7.098199824149489245e+01 7.174790112167904965e+01 7.395615065653808529e+01 5.776259418595874706e+01 7.395615070137598934e+01 7.053852806249302887e+01 5.388144184335907738e+01 5.646787851732725727e+01 7.636438889148784881e+01 7.696156450283362460e+01 5.697784129751252635e+01 4.364059425410911075e+01 6.364635551777234213e+01 5.443424384849620878e+01 3.443804514139861084e+01 3.458832345403601494e+01 5.458539799379464341e+01 6.583481839713809336e+01 5.849523881153352534e+01 7.261945665635782632e+01 9.257557243030234417e+01 8.225586151370488608e+01
7.711341127313004785e-03 7.568639066778373170e+00 1.760847439434959227e+01 3.809336928464468741e+01 4.980774939095354625e+01 3.640299621566700239e+01 1.798805259191898998e+01 3.904216644739963105e+00 2.167265714017177913e+01 1.713826937542560103e+01 2.320054161667191650e+01 3.266110748736350189e+01 5.595469049155181551e+01 6.777853090342769349e+01 7.048580256162514956e+01 7.165853147492153141e+01 5.256816079002386743e+01 5.592491988503704192e+01 4.732168658139074324e+01 6.580428314739637585e+01 6.229550899921768803e+01 4.228748683843487299e+01 6.229550899921768803e+01 7.525938781465788452e+01 7.111234414186957054e+01 5.112313852281761228e+01 3.698320768859347396e+01 4.942063633110471699e+01 4.761099930915205647e+01 3.062926025694601861e+01 5.058597025665337554e+01 6.286619261296570471e+01 7.333746668834626803e+01 7.846446764040258870e+01 8.674372447411482767e+01 9.654463310474812943e+01 8.678101735575248199e+01
2.297228869525369630e-04 2.000022972288659773e+01 3.604549252109083568e+01 4.669005563596252273e+01 4.776377709629014134e+01 2.959837623892454417e+01 1.573482258125292432e+01 4.204522425562236876e+00 2.271452659055402989e+01 3.500573869334624533e+01 4.234634503642309511e+01 5.184918993534386544e+01 6.137688733514556816e+01 4.881292959285817545e+01 5.084377745125416226e+01 6.481602806587531518e+01 5.592491961307875670e+01 3.786055302706141390e+01 5.046231072425322850e+01 6.909161555187817783e+01 5.626286436131024260e+01 3.623006615234862693e+01 4.704256048115330913e+01 6.701068052157395982e+01 6.631343262882253953e+01 6.355730543440121494e+01 4.356502917605474323e+01 2.947970958433979050e+01 2.768990694173366762e+01 4.761099484378861035e+01 3.911103445442110882e+01 4.577904991210599661e+01 5.335495817045809019e+01 6.490348869960749312e+01 8.485849487592220441e+01 8.876109055973239492e+01 6.968624277259179678e+01
9.647730019007896146e-03 1.156987301028400772e+01 2.590934140846160361e+01 4.698445832583772841e+01 4.498155155038211461e+01 2.509441309057105585e+01 1.345816964146314376e+01 4.504538861345792178e+00 1.448763933592512032e+01 2.593843815567149846e+01 4.625690194196604210e+01 6.104628779228124813e+01 5.202746726914138975e+01 3.468066714747157420e+01 3.612528231859888450e+01 5.669860625626346007e+01 5.124629123502957384e+01 3.330357368211731739e+01 5.124629138502232450e+01 6.002908757381143090e+01 5.070676663931754291e+01 3.067714080179764125e+01 5.070676663931754291e+01 6.046410491852492441e+01 4.633504769849904648e+01 5.039197636484615828e+01 4.211840079641635270e+01 2.481803172016697445e+01 3.886992343129249861e+01 4.761099799993854731e+01 5.911620942522956312e+01 6.578478838125288064e+01 7.333746668834626803e+01 8.161371897956540522e+01 9.314207256961738324e+01 8.488587565096743504e+01 6.508923399878159444e+01
3.582433992925927561e-03 2.000358243399256963e+01 3.603820159819660063e+01 4.631896968020362948e+01 5.245773860887442197e+01 4.143885936959038219e+01 2.479072907209312149e+01 4.804900317263398613e+00 1.884629590899861284e+01 3.805602562192959937e+01 5.315744281753683254e+01 4.228642815853793024e+01 4.372682933830510166e+01 2.236532846169923872e+01 4.372687861405016463e+01 4.915890958117899601e+01 4.147673429004510837e+01 2.910068619809086243e+01 4.701134147298340338e+01 4.006360975455039863e+01 4.006361418731064106e+01 2.610539664517781588e+01 4.611165532851293847e+01 5.218658116668161284e+01 3.224756260137443320e+01 3.957603857274861525e+01 2.211849940934697401e+01 4.211840480057398395e+01 5.299715988597850469e+01 6.712415300309002930e+01 7.587876293387070348e+01 7.924622152682631793e+01 8.719361007066561342e+01 8.820242692597338419e+01 9.626728380208461999e+01 9.352813216054404677e+01 8.171630169123359622e+01
1.813270376062421294e-03 7.561219826565661606e+00 1.756930167172901491e+01 3.798957300579677820e+01 4.448157259637696370e+01 3.421873566241130504e+01 2.508370355134321983e+01 5.105985272685108711e+00 1.918719428188505916e+01 3.854814787504514584e+01 4.295688146516156536e+01 2.677962726071377020e+01 3.107602956947406270e+01 1.644348929232948819e+01 3.380956472949435465e+01 3.645774325665946947e+01 2.343961517450976473e+01 4.147654230300486233e+01 5.470625078188110990e+01 4.006359628769382653e+01 2.016660994404319140e+01 4.006361418661672502e+01 5.381983980692091762e+01 4.485216461619377526e+01 3.712395599666700718e+01 1.972898228752027450e+01 2.016686222649236626e+01 5.013129909811232210e+01 6.725484760806536144e+01 5.933564346627561292e+01 6.376578858222146806e+01 6.028613199842494907e+01 7.477238001537971002e+01 6.926709992133598348e+01 8.816194280886024615e+01 1.029451227419588690e+02 9.318812516774521271e+01
2.372884694381488524e-03 2.000237288469402586e+01 3.603820159819660063e+01 4.653721410730068442e+01 3.664044231184243472e+01 1.654688633307836909e+01 5.743922153630256489e+00 5.408433576081209893e+00 2.540865776234706175e+01 3.177222658655581355e+01 2.186919879769790498e+01 2.726962041487186639e+01 9.918233259388010481e+00 1.294169267594582706e+01 1.624787331552102998e+01 1.742849626425925891e+01 3.511407649019933785e+01 3.859982918497046711e+01 4.077077141111476521e+01 3.625046050329778069e+01 1.659267268123477024e+01 3.133445737923684860e+01 3.950199218112791044e+01 3.512215771861136915e+01 1.731526824229690220e+01 3.712395599666700718e+01 4.764602545381575993e+01 6.117120889368762704e+01 5.345613917287976591e+01 4.005164784950105883e+01 4.470461705191202384e+01 5.031843411390353538e+01 5.627702068413699266e+01 6.667800999284379770e+01 7.715513540459795649e+01 9.457082889506416734e+01 8.512147703261791776e+01
8.175220331382775790e-03 1.155036251105626732e+01 2.562097230394637748e+01 4.519757276337109175e+01 4.511652753289524753e+01 3.478784292902471265e+01 1.531757651859164326e+01 2.442217057297592930e+01 5.837644705840050463e+00 6.141988537276446891e+00 6.446894749322373386e+00 6.752080493650430171e+00 1.093612006095597877e+01 2.012667352026928214e+01 2.653597011749445045e+01 2.790212452311835278e+01 1.009267249434088676e+01 1.953578967957236756e+01 2.781012475855156652e+01 2.960557161180672381e+01 1.859719184492901434e+01 1.038842758089590568e+01 3.122893286149544778e+01 3.306341202401733170e+01 1.565866339970801491e+01 2.983094270496095746e+01 5.091385494064229533e+01 4.831251133910958373e+01 3.391792092436563166e+01 5.345613917287976591e+01 6.376578858222146806e+01 6.906686030511558272e+01 7.472766678146564345e+01 7.599367837648368607e+01 6.426708540032363715e+01 7.615632126372040034e+01 7.362355644992925363e+01
9.124702163186202558e-03 2.000912470216283268e+01 3.747724835376568819e+01 4.576165503469999862e+01 5.161753121660712651e+01 3.163596341679463464e+01 3.529268508322000741e+01 2.682255621237807475e+01 8.156686023801844598e+00 8.405011120947104786e+00 2.007123294031621086e+01 2.233193116522380706e+01 7.188166406543174958e+00 7.500359978977283681e+00 7.819200746127611623e+00 8.149484678230022539e+00 9.252860175201819359e+00 1.746873936643551062e+01 2.128288937036073136e+01 9.829891131143902783e+00 1.020355192062605454e+01 1.056799129780078594e+01 1.315679142494506060e+01 1.336955045656988084e+01 3.306341189620504650e+01 4.368677005551666781e+01 4.345568887440768435e+01 2.859740565692359837e+01 4.831251133910958373e+01 4.941176210058800677e+01 6.221650461719551828e+01 8.017130900145333783e+01 7.877497162942579223e+01 6.593700993786201536e+01 4.641246109916567519e+01 6.593700993786227116e+01 6.531604287531392572e+01
2.239863785106879172e-03 2.000223986378475161e+01 1.747723560264841680e+01 3.747724835376567398e+01 5.311750588927295524e+01 5.161753121660776600e+01 3.824654208063412852e+01 1.733142736823770136e+01 2.706979665911876864e+01 2.676827711633882600e+01 1.619481012147846855e+01 2.853943901668128547e+01 2.586492440498937739e+01 2.779677912075233692e+01 9.567740037164474742e+00 2.622961950762870842e+01 8.619334117139928253e+00 8.952977932128076688e+00 9.303321115962326360e+00 1.882884642542866516e+01 2.894853426782686867e+01 3.041197192420737849e+01 1.106170221619530913e+01 2.991340890931755325e+01 3.567235606899282629e+01 3.885125604077173733e+01 2.364955597923836450e+01 4.316809312390613940e+01 5.633535706066705018e+01 6.324182800573890972e+01 5.767060143231085334e+01 6.628811492797444771e+01 6.651985544084423907e+01 5.019937620283636903e+01 3.661915534575908282e+01 5.750841199394678682e+01 5.844840065995313694e+01
1.766589122093755728e-03 3.335099922455433852e+00 2.333510371363323799e+01 2.482902254738832326e+01 4.482968071201018034e+01 5.496704305778561661e+01 4.704447057870191173e+01 3.197227461139527804e+01 3.824660577841630982e+01 3.376362345744752957e+01 2.768869279194465705e+01 3.815047267767991457e+01 3.281757577525635838e+01 1.247691432512174359e+01 3.061268137687643431e+01 3.805173102606080704e+01 3.060280668104714152e+01 3.387317205344449889e+01 1.031627110269934988e+01 3.705949305819642348e+01 3.750631914279050960e+01 1.466674143630306126e+01 1.140718983156236277e+01 1.503909134061430386e+01 1.600474159925920148e+01 1.902473374817555651e+01 3.885125604076110051e+01 5.154062855201420490e+01 5.249408312499979701e+01 4.324043697193277325e+01 3.278641742806460968e+01 4.533361697107439880e+01 5.794498385436931898e+01 3.997547702858928176e+01 2.923938584177732736e+01 5.032150360126411215e+01 5.269616229619865777e+01
