LEM/sinusoidal_perturbations/elevation_000597.asc
nrows	100
cellsize	150.0
xllcorner	0
ncols	100
yllcorner	0
NODATA_value	-9999
[rows 0 to 16 of 100, columns 37 to 73 of 100]
1.010770201931533450e+02 1.092828297684247758e+02 1.102569369233317786e+02 1.020449606797421467e+02 1.020449606797421467e+02 1.102569369233317786e+02 1.216809068648134513e+02 1.349475147231707979e+02 1.265783789743294250e+02 1.292027124739777548e+02 1.375743539497898382e+02 1.431347170811745286e+02 1.346876670359824573e+02 1.296823069367321182e+02 1.182307719400585029e+02 1.099818270177250810e+02 1.125495904184087976e+02 1.107024252461340126e+02 1.107024252461378779e+02 1.189530260651641385e+02 1.234290047093790434e+02 1.119621376265051822e+02 1.037446935650799418e+02 1.063210193126915470e+02 1.063210193126915470e+02 1.145372157735761505e+02 1.115919521325346437e+02 1.031337456745781225e+02 1.031337456745781225e+02 1.009531460770154609e+02 1.009531460770154609e+02 1.093603313670874684e+02 1.207791282708541019e+02 1.125987259683445956e+02 1.100475048463669054e+02 1.182222788701511860e+02 1.238639949370873694e+02
8.147464143953713744e+01 9.945115049849032118e+01 9.889487803255370579e+01 8.242569021347250668e+01 8.242569021347250668e+01 9.369800967129077662e+01 1.134471078014307182e+02 1.233310222269633698e+02 1.064930355065930030e+02 1.090991933659001774e+02 1.259494183207329598e+02 1.313288002356975426e+02 1.142162446226887766e+02 1.213880520735420845e+02 1.016318907552521438e+02 9.045429704728090314e+01 9.297406313708106040e+01 9.116569628108511836e+01 9.116569628108511836e+01 1.107024252461378779e+02 1.152243095564437141e+02 9.534103140802149312e+01 8.360655952478727215e+01 8.623482690916505078e+01 8.623482690916505078e+01 1.063210193126915470e+02 1.031337456745781225e+02 8.309997167897520853e+01 8.309997167897520853e+01 8.114699337881590679e+01 8.114699337881590679e+01 1.009531460770154609e+02 1.125987259683445956e+02 9.309676575745821481e+01 9.058142370056300763e+01 1.042424081426799631e+02 1.042424081426799631e+02
7.183651844384401386e+01 9.127583081634521989e+01 9.071776959473727686e+01 7.129321362107528159e+01 9.071776959473727686e+01 1.000035615538287317e+02 1.082041470019187983e+02 1.144099401386710753e+02 9.512008363462830118e+01 9.768358486712540412e+01 1.175959403052654721e+02 1.228684857950742213e+02 1.026993295321001938e+02 1.228684857950745624e+02 1.160672989062473874e+02 9.870760233247969495e+01 7.945923743125486283e+01 7.768737742883561737e+01 9.688787171274543653e+01 1.094470792328614692e+02 1.043837906079059650e+02 9.272202745802462687e+01 8.440445471068673555e+01 7.170998201556294305e+01 9.211793645594016766e+01 1.024090329976000220e+02 1.055820822697338315e+02 8.377195992591117601e+01 6.930003058424584594e+01 6.748900614096872630e+01 8.694808119490234333e+01 9.970682677056917953e+01 1.114542138635325159e+02 9.200805549620980628e+01 7.957346719863025442e+01 8.489819810942817924e+01 1.042424081426799631e+02
6.545311309248420173e+01 8.479606002551149402e+01 8.533036708964820605e+01 6.599362782371807157e+01 8.533036708964820605e+01 8.043954906185641107e+01 1.000035615538287317e+02 1.060995365328582380e+02 8.655076496080621951e+01 1.060995365328514168e+02 1.233953598065239845e+02 1.152452612771618874e+02 9.554514232133884377e+01 1.152452612771628822e+02 1.078396669302182005e+02 8.839208756533339795e+01 9.009947185759969557e+01 7.110765375824935575e+01 8.193756049059558677e+01 1.012488501283642250e+02 9.613319434515148032e+01 7.581842138951155619e+01 6.397836378246106648e+01 8.440445471068673555e+01 8.743423599477537778e+01 8.352449938458214262e+01 1.024090329976000220e+02 9.734596190575493324e+01 8.006825923177514426e+01 6.073495467215713717e+01 7.179653609264201464e+01 9.136764317290239035e+01 1.007484729576920728e+02 9.200805549620980628e+01 7.292652545748029524e+01 9.200805549527952110e+01 9.887788269195760904e+01
5.965585844018130501e+01 7.191368876891210959e+01 8.000117683855121697e+01 6.120517534397381354e+01 6.680235484684878600e+01 8.043954906185641107e+01 1.000035615538287317e+02 1.010520654170325656e+02 8.168601445169375097e+01 9.525178789615985409e+01 1.060739592948519459e+02 1.090155366695339012e+02 8.971859171844877778e+01 1.090155366695360328e+02 1.056825849105018591e+02 8.627702919513448876e+01 7.292010278288533698e+01 6.727833375646076775e+01 8.049901249980543128e+01 9.975651377541362308e+01 9.430845457082159555e+01 7.399845513316654433e+01 5.963141258298135483e+01 7.694921989816997154e+01 6.755281595410465911e+01 8.168354044026897043e+01 1.013176431715807411e+02 8.981423417204582904e+01 7.030228150575351265e+01 5.666234489281186626e+01 7.286541926923874257e+01 9.450942132274352048e+01 8.151004617050249124e+01 8.151004617050249124e+01 6.853540812714591368e+01 8.751049573438341156e+01 7.967851796008081067e+01
7.191366994967326320e+01 5.251561938378402061e+01 7.065852859776713046e+01 5.651459983853730051e+01 6.762661362171715496e+01 8.127314731138787351e+01 1.008472984075898182e+02 9.660918862264333029e+01 7.735666890014239527e+01 9.455773139686691309e+01 8.683396112800825506e+01 9.669887187668528838e+01 8.460163628012179515e+01 1.036635270941054046e+02 1.114708015233227059e+02 9.196078487147205749e+01 8.244044382716965913e+01 6.367024291288633009e+01 8.244044131818078824e+01 8.935074278418971971e+01 9.439843551785652664e+01 7.158881255571596114e+01 5.563586012019115401e+01 5.693231868073011981e+01 6.665881330675327376e+01 8.094936853685915423e+01 1.010224349641478483e+02 8.603577347114385532e+01 6.661939813840258751e+01 5.284593154857669361e+01 7.230631633496230393e+01 7.888935551918061151e+01 7.627937223030725988e+01 6.265058307358788880e+01 8.151004617050249124e+01 8.998832489867560014e+01 7.071678961390074392e+01
5.431254602013218857e+01 4.781705870441349759e+01 5.122371372722607674e+01 5.864788605939722288e+01 6.724727315394972038e+01 7.836075397615501004e+01 9.790337212583729354e+01 9.591278961206479892e+01 7.332407647472476242e+01 8.222518300215403997e+01 7.355326744796278149e+01 7.778190136131455290e+01 9.670310870245715762e+01 1.100539370971485482e+02 1.021213935151909880e+02 9.283198309319399755e+01 7.377215008861942636e+01 6.060160348262791530e+01 7.521277956822498822e+01 7.213136380238289291e+01 8.816643583528869499e+01 8.419367136590601319e+01 7.031884355610731063e+01 5.052503336847131976e+01 6.445128459616974226e+01 8.469464998672390266e+01 8.375988807129643021e+01 7.779677152301655951e+01 6.882322796489651751e+01 4.913768201825027404e+01 6.828144863408552112e+01 7.153003552732070602e+01 5.741348207640400858e+01 7.627937223030725988e+01 8.952367299377105780e+01 7.760658436091884482e+01 6.945961941022424924e+01
4.413510744466679370e+01 6.404346325649038363e+01 5.722885734481752706e+01 7.659071589331315977e+01 8.607003233614291560e+01 9.477509345065726620e+01 1.060993125810283573e+02 1.007045300278836777e+02 8.555459510502801379e+01 6.797959825355404462e+01 8.714449197723220664e+01 9.669887187668469153e+01 1.048965124098259025e+02 1.014857087819625008e+02 8.418178403062445625e+01 8.892243482289111967e+01 8.736654527177896057e+01 7.521278869363183617e+01 5.638427491476432607e+01 6.350078248146040494e+01 8.522847979266946083e+01 8.163311815511885072e+01 6.147588934443335518e+01 4.780650450997057277e+01 6.737980497315427897e+01 8.067610689670611634e+01 6.417464238884929273e+01 5.805856062174425603e+01 6.058550586216342992e+01 4.543846352358770702e+01 4.884440721861221846e+01 5.241733857282229536e+01 7.153004010313067340e+01 8.425238248185954149e+01 7.612412893038656136e+01 6.798157752047505653e+01 5.001191173181346272e+01
4.179460609831965456e+01 5.604101250930118283e+01 7.556605183731956288e+01 6.756295053683919605e+01 7.617309452761065813e+01 8.737391287341432644e+01 1.070317039901855338e+02 9.818157701899650647e+01 7.881423677651073945e+01 6.536588781430455697e+01 8.090512450082643170e+01 8.899415498099259025e+01 9.079696917771937592e+01 8.035314839596371428e+01 8.722244403491994547e+01 7.174285879865085747e+01 7.916929538856585680e+01 7.246249655822228419e+01 5.349720127777422363e+01 5.652854903702902334e+01 8.395134969045192008e+01 7.871544423745096708e+01 5.868032106814097659e+01 4.532115713347270969e+01 6.075650120749211425e+01 6.075650130836235263e+01 6.406386975178631360e+01 4.386207063557567665e+01 4.028354851528649760e+01 4.377672700373322812e+01 6.374301691532957648e+01 6.392065494175806606e+01 6.409741618624948956e+01 7.224717875767380804e+01 6.651101153820467005e+01 4.835488013939733776e+01 6.798157752067892545e+01
5.848316957940949834e+01 6.973600220562994423e+01 7.335354061720549623e+01 8.139320079078837011e+01 9.510870174087541784e+01 1.038658673558174854e+02 1.152436329590936879e+02 1.039571495490682196e+02 8.448679939987503928e+01 7.525168210660190482e+01 6.182696461603281080e+01 7.750588936468848544e+01 8.266362353285269648e+01 6.294087920386863999e+01 6.574253076090562331e+01 7.282886490005512314e+01 6.218164736014463045e+01 6.970267920832218067e+01 5.072986425135773203e+01 6.986681534949967443e+01 8.418045608892757059e+01 7.621426351247853859e+01 7.202820653600204537e+01 6.059504828647893504e+01 4.196098227491059163e+01 6.075650040252137529e+01 5.879962084185902427e+01 3.937316109074291859e+01 5.969314439529991745e+01 4.124186310391729648e+01 6.151500179613422148e+01 4.322514057564654166e+01 4.394858670314535942e+01 6.409712931659386470e+01 4.668026267491448067e+01 6.651101153820464162e+01 5.981180085113085454e+01
6.385402423602949540e+01 6.750718836676399803e+01 5.396338381150037833e+01 7.335354061676451920e+01 8.514218758954876876e+01 9.098274617627531313e+01 9.906184269356066352e+01 1.103145946932926904e+02 1.027366275940954523e+02 8.899415496618196642e+01 7.750588936468848544e+01 5.842761933737044444e+01 7.436943960401234222e+01 6.919535453539425873e+01 4.980837194042720029e+01 5.323125621231380222e+01 7.031055836414371640e+01 6.029371339023740006e+01 4.799422898842491492e+01 6.734632190312964894e+01 7.621426351247853859e+01 5.771738668718614917e+01 6.214296708770514499e+01 4.694839111280982991e+01 3.954074122309341988e+01 5.747927850029860508e+01 3.847599742283539825e+01 5.879961720142178194e+01 6.647457315560801305e+01 5.565532587564689493e+01 4.221805582956090319e+01 6.097873546525299560e+01 6.402313015009939079e+01 4.499330608152730093e+01 6.293665689399523444e+01 7.374000039099654202e+01 7.914170114180238613e+01
4.400664278956646314e+01 4.784990261137850354e+01 6.750718836092072195e+01 6.048813202943638601e+01 6.583106161825710956e+01 7.161180477829873325e+01 8.275109357806060473e+01 1.022273927398856870e+02 1.008245751972871460e+02 8.140465181421002683e+01 6.791916304636919222e+01 7.436944109266313774e+01 5.523166029367974517e+01 5.299132066826761900e+01 6.629759638408344813e+01 4.672841627894380423e+01 6.367448299657601041e+01 4.415265272193531843e+01 6.025495158026799913e+01 6.827745773845970234e+01 7.173790407766468036e+01 6.224761655619994372e+01 4.442738394577000349e+01 3.638705545197309021e+01 3.697689357885949590e+01 3.758908099002312753e+01 5.790765265214158575e+01 6.693284835475031969e+01 6.919005120370225370e+01 5.024134391431600477e+01 6.139135733890584845e+01 5.648129226416311610e+01 7.252342545779916350e+01 6.503220558878338409e+01 4.635113275219989504e+01 6.622364837080388611e+01 7.520357586582812814e+01
6.385652877234284830e+01 6.750413901852822107e+01 6.395276295787964926e+01 7.978624490674012293e+01 7.622643845365020354e+01 9.098274617562249489e+01 8.527618469576083271e+01 1.047596042999369246e+02 1.008245751971246023e+02 8.140465181421002683e+01 8.709261568299005773e+01 8.241600907531048392e+01 7.436944109266313774e+01 7.221627267660302607e+01 5.312296393094517555e+01 6.375953621028188678e+01 4.404592489121073839e+01 4.220465908540398203e+01 4.039747063060971755e+01 5.824574130410147177e+01 5.200146067061839261e+01 3.808065782882096784e+01 3.556240192633586616e+01 5.560202432981689924e+01 5.928715562484563861e+01 4.177065712955041477e+01 5.654865169947586168e+01 7.687718781825019221e+01 6.806070066024217624e+01 6.919047102363376212e+01 5.945572162536623750e+01 6.919953688718929641e+01 8.151848390633396946e+01 7.436685097802872235e+01 6.109424927834184160e+01 4.771035035190200801e+01 6.041356671131946143e+01
5.868857950782812338e+01 7.739392441356501706e+01 8.332256776338711290e+01 9.138063057319190818e+01 9.562556720605751082e+01 1.037047188290654702e+02 1.047596043002460675e+02 1.128475024068618211e+02 1.090468391896430802e+02 1.008245751972094411e+02 1.016568576037382456e+02 9.344599752731727449e+01 7.878216617184459380e+01 5.962562870274972937e+01 7.239392320758469168e+01 7.178086172372873364e+01 5.561544558792454040e+01 5.634990488354951310e+01 5.824586706573263228e+01 3.832763621188862402e+01 3.691421776206193783e+01 5.428448291185623731e+01 3.498974222688068636e+01 5.528510784360084074e+01 6.585549245048777323e+01 4.631666570377135628e+01 6.585549245059401358e+01 8.052205235037772013e+01 8.308875106117353937e+01 7.208895535867875992e+01 7.256641434111308797e+01 7.701594113843870559e+01 9.211462446429477779e+01 8.961315394986795013e+01 7.502743064383666649e+01 6.723285475162747105e+01 4.905319345721904511e+01
6.332877808838458833e+01 6.853491600230657355e+01 7.543403537128192227e+01 8.352635404198709068e+01 9.329031561651484594e+01 1.070949417190545034e+02 9.873158994929751486e+01 1.017232980515835834e+02 1.100708749932640558e+02 1.047255592049122583e+02 8.518878529221088058e+01 7.414235738382906504e+01 6.742066628057622779e+01 7.064492108744443044e+01 8.687777097125511716e+01 8.293257563780835540e+01 7.488451100070312805e+01 7.564245787356078665e+01 6.575143139836089290e+01 5.186742480757731499e+01 5.330360878543887537e+01 3.496113122822673347e+01 3.442167085529269599e+01 5.548192471970187256e+01 7.386450389156343022e+01 6.585739679641076805e+01 5.334363191232368706e+01 6.679422656785919798e+01 8.797102285789435427e+01 8.187207196810857113e+01 9.181418576741448589e+01 9.390502062728764088e+01 8.962445377062677210e+01 8.007625117406897175e+01 7.422134300324985645e+01 6.944842415397755531e+01 5.001045642271198233e+01
4.396538029242597645e+01 4.905548484760831940e+01 5.592037901121028654e+01 6.567366185414127244e+01 8.519440888842262893e+01 9.529334702572508320e+01 7.818705656925973813e+01 8.121270297767300406e+01 9.828957560198693955e+01 1.130181469081432795e+02 1.016568576037382456e+02 9.344599752731727449e+01 7.842427643544695570e+01 8.997824597151024761e+01 9.822318232095868495e+01 9.067432029499518364e+01 8.257689040642004841e+01 9.067320940543019958e+01 7.724355421580618497e+01 6.303697383363613227e+01 4.515516025653239751e+01 3.362290757620484527e+01 5.279880699254893273e+01 6.277467263980550882e+01 7.807074573145729346e+01 7.771358931039753770e+01 5.885212761228916634e+01 7.771358931039753770e+01 9.490802485539994393e+01 9.904460131202264961e+01 1.069050517658515957e+02 9.587540775501133794e+01 7.510565695094157945e+01 6.218724929113013644e+01 6.166298736019026450e+01 5.133683483596606578e+01 6.921672950071570085e+01
5.083065621714230531e+01 6.853491600230657355e+01 6.495096512137584455e+01 8.352635404198709068e+01 9.329031561651484594e+01 8.611736889359087854e+01 6.627635636828347288e+01 6.929685056014261590e+01 8.912127093138330736e+01 9.586607587488460069e+01 8.748171694468511816e+01 9.586607587488460069e+01 9.782507910098161119e+01 1.060809890605334260e+02 9.627940104942193500e+01 7.685524487232819979e+01 6.317191007828266436e+01 7.343772616165421141e+01 6.823084956725881511e+01 6.342483422263072868e+01 5.304299721540827761e+01 3.310655019393552578e+01 5.228312750279478394e+01 5.114390344313251546e+01 6.557074670807891437e+01 7.652929134647914111e+01 7.771358930892108674e+01 6.774795801329906908e+01 8.099832596779307892e+01 1.005952617462206007e+02 1.066247185006929357e+02 8.512609700915214717e+01 7.095505477788417181e+01 7.861974954269527416e+01 5.632035381054820533e+01 5.226120138013772731e+01 6.252192907062944727e+01
