LEM/sinusoidal_perturbations/elevation_000941.asc
nrows	100
cellsize	150.0
xllcorner	0
ncols	100
yllcorner	0
NODATA_value	-9999
[rows 51 to 67 of 100, columns 37 to 73 of 100]
8.803212600112983921e+01 9.803342543340762916e+01 9.597105017844467056e+01 1.043736086151820359e+02 1.148069255352568945e+02 1.082297130625019008e+02 8.780025356666349978e+01 9.801498332541619618e+01 9.426768494127665576e+01 1.146885489969919689e+02 1.183132553922093138e+02 1.099848724062489396e+02 9.990148719292839985e+01 1.167554638614503659e+02 1.258938995925741295e+02 1.122840010869179110e+02 9.265688980138546071e+01 8.871300052407107728e+01 1.081375049604527590e+02 1.066989123022997461e+02 8.688159480262382317e+01 7.316446646908531193e+01 8.530752445438265852e+01 8.381316463599843303e+01 6.376342467577893558e+01 7.296336321111901668e+01 8.222393591070544971e+01 8.578265895530135765e+01 7.208360650331074737e+01 7.784424163671582164e+01 8.771048959233701225e+01 1.016845268941011113e+02 1.216928243781876660e+02 1.038406092197754447e+02 8.385314809511287137e+01 9.122588479565287400e+01 1.115480943936818647e+02
6.974547883644446244e+01 8.394602867472043783e+01 1.038692256039720405e+02 1.180910619758595743e+02 1.248921914886195026e+02 1.044849064915590588e+02 1.022488817491256299e+02 1.166679924101009362e+02 1.146885489969919689e+02 1.164323445545466598e+02 1.080513872271499451e+02 1.164323450097867578e+02 1.200682576402235924e+02 1.283829878598354810e+02 1.262432139252335617e+02 1.065019058091405242e+02 1.122840010853124681e+02 9.597782700810317635e+01 1.152257525223540000e+02 1.019687149854736816e+02 8.227700254573181837e+01 9.268595271335205155e+01 9.890571908792570355e+01 7.907411866010595247e+01 6.750365213478629300e+01 8.745593928441854814e+01 1.011126728182447749e+02 9.888989724831310468e+01 7.912588164757644904e+01 9.748408374657765307e+01 9.179468746743549445e+01 1.115277437608700950e+02 1.184216744711101086e+02 9.780093423882549075e+01 9.516233095926287433e+01 1.115480943936818647e+02 1.202243038985563715e+02
7.822792381428435249e+01 8.993252080491629386e+01 8.993252080491630807e+01 1.070876846065015116e+02 1.185711202488826927e+02 1.248921914886195026e+02 1.226687169666281818e+02 1.146513087375497832e+02 1.062761215851949714e+02 1.063255567574149154e+02 8.784603644805631006e+01 1.019797939574634569e+02 1.103571425672162576e+02 1.220402109499366361e+02 1.344124185022356244e+02 1.262432139253449748e+02 1.233387553512047816e+02 1.066970402774764608e+02 1.233387553560474572e+02 1.102778271791080016e+02 9.092217473295573882e+01 1.102778199025444081e+02 1.071230987293958634e+02 9.213808240971643215e+01 7.227343107330069927e+01 7.822476246876118466e+01 9.805639019486567065e+01 1.071213907026048417e+02 8.898659951942855173e+01 1.069615315516833220e+02 1.115136221813736057e+02 1.196755193342944921e+02 1.271394609644635381e+02 1.184216744711101086e+02 1.156953577847458092e+02 1.244108592921155463e+02 1.319619699251132943e+02
6.483076746811163105e+01 6.990844553495853120e+01 7.891900641330362021e+01 9.044256243095921377e+01 1.103173619918464681e+02 1.203874122661744366e+02 1.120365175494392105e+02 1.029852549590070936e+02 8.607550064176339788e+01 9.794871134749065789e+01 7.779764630769818723e+01 8.180578406618467113e+01 9.342265480616609352e+01 1.136690634218627309e+02 1.153062473056087356e+02 1.236833036803410408e+02 1.307666549226762811e+02 1.254758161361161086e+02 1.334963767634502005e+02 1.192293391361664590e+02 1.023589838861981178e+02 1.120326520473044098e+02 9.219699124619909014e+01 8.078123848091540538e+01 8.119281458697555820e+01 9.805639019486567065e+01 9.224499115978484554e+01 1.120863485617198450e+02 1.029578313062493322e+02 1.170396373407878343e+02 1.263056347930761234e+02 1.345493456468344107e+02 1.293778459934371483e+02 1.211931749200308133e+02 1.237578501841648801e+02 1.196938620319707809e+02 1.279461557492458610e+02
8.492650198737072742e+01 8.410179742556584870e+01 8.261477224942585451e+01 9.670007688633107534e+01 1.165862566970280909e+02 1.120365175494392105e+02 9.181483339361246010e+01 9.461328736977991127e+01 7.444999722883368065e+01 8.297200626751067887e+01 7.017526387182589076e+01 9.033232391609789147e+01 9.844189121098379758e+01 1.068271479881788224e+02 9.500534142951792660e+01 1.119755503162726171e+02 1.077196579305810644e+02 1.207120341799026733e+02 1.326040906463775571e+02 1.308681633003730269e+02 1.225803853828395518e+02 1.202541554015488288e+02 1.080673508407294179e+02 8.825907929509064331e+01 1.009929903035585710e+02 9.734928501411120294e+01 1.120863485617198450e+02 1.203023435192735064e+02 1.228810090929803636e+02 1.230983470961556634e+02 1.065002421523221727e+02 1.230983470961556634e+02 1.179959498173257657e+02 1.014095124053675079e+02 1.039758642379354541e+02 9.988114033187258656e+01 1.164886611832611862e+02
9.826542121500835947e+01 1.040091322650467731e+02 1.025246041016001328e+02 1.107724731230194379e+02 1.148200343049159216e+02 1.064303648263585984e+02 9.708261723123412423e+01 7.757684850076967109e+01 8.297120221864652478e+01 6.279770807438069369e+01 7.960765551780755800e+01 8.309764706679800383e+01 7.820753092736197232e+01 9.076767485627112819e+01 8.331873284343012642e+01 1.007754839706949213e+02 9.142227477861828788e+01 1.034809552641724366e+02 1.242031347787675628e+02 1.337431959597121249e+02 1.253062220374079487e+02 1.170376559660195994e+02 1.162919641243912849e+02 1.022405623357264091e+02 1.080673508414286914e+02 1.172056196146794207e+02 1.254180478666313689e+02 1.314206529936828929e+02 1.272146355888095854e+02 1.073934842531947425e+02 9.508737591611401285e+01 1.148709860205305802e+02 1.097845428407681965e+02 8.995137814870859927e+01 8.995140385798461580e+01 8.841534710962348242e+01 9.988114033187258656e+01
8.937488685547614864e+01 9.086049341586047490e+01 1.121986771435312704e+02 1.230517890540910173e+02 1.064303648263585984e+02 8.622682981611853847e+01 8.872192278901091811e+01 6.856984671281709609e+01 7.864555329748806400e+01 5.869420246196472135e+01 5.941354412934462914e+01 6.286367721860769819e+01 6.649842908807215736e+01 7.048352099134665139e+01 7.528331090668721970e+01 8.037917994428295287e+01 8.949631674191152797e+01 1.012687396902994124e+02 1.216910105795815440e+02 1.230338739586207168e+02 1.055527353026512998e+02 9.714518985224427183e+01 1.138095287901169428e+02 1.221344626769750477e+02 1.279539975554727391e+02 1.314411718143747692e+02 1.232489291574884334e+02 1.117008552654921516e+02 1.256694680280935614e+02 1.073934842531947425e+02 8.756295981184246102e+01 1.073934842531947425e+02 1.122546082676671801e+02 9.252206909493318676e+01 7.839931845158527324e+01 9.833516446733169403e+01 1.025442402622579436e+02
6.970715636224021239e+01 8.461951747670103430e+01 1.062568946763286561e+02 1.031567256824208272e+02 1.064659046735009156e+02 8.622768396848384498e+01 7.199493806459274481e+01 6.486689044797476811e+01 5.851194801079289931e+01 5.470453293189898858e+01 7.482207066338735046e+01 8.309764706679800383e+01 8.675957785435484482e+01 9.076767485627112819e+01 9.561236403988321797e+01 1.007754839706949213e+02 1.091988173229677415e+02 1.183097182389031161e+02 1.300603559314553195e+02 1.147684848497519710e+02 9.484845520708918798e+01 8.561547339523394839e+01 1.055527353003858053e+02 1.175062584712458857e+02 1.241738342201338128e+02 1.159626760762122899e+02 1.035531082668079250e+02 9.778610875897527421e+01 1.158112118173664129e+02 1.016689049410016281e+02 8.178190187995572558e+01 9.440719815586218999e+01 1.026299521348228012e+02 9.398193446074670021e+01 7.401434070018439115e+01 9.365013817566786258e+01 8.265642339781972225e+01
7.473455576541644518e+01 9.632187882126407885e+01 1.089838548318469122e+02 8.899512056970365848e+01 9.487628523508885792e+01 8.907530594349904618e+01 9.214412191458553991e+01 8.501906756355053574e+01 7.227968846659771884e+01 5.220990342013814711e+01 7.227968846659770463e+01 8.574347940928281275e+01 7.910926485274227105e+01 8.491975292206721804e+01 9.163368599534938141e+01 1.000064628407506717e+02 1.101042868890786508e+02 1.254287808203696102e+02 1.195815082208236504e+02 1.127391650536153378e+02 9.850384875453885059e+01 7.850951775555370205e+01 8.929839411547919781e+01 1.092436626736158871e+02 1.159631759253450554e+02 9.623341834958114305e+01 9.214413123465857325e+01 8.786729076146396267e+01 1.076313795277137046e+02 1.098865933550219012e+02 9.440719815586218999e+01 7.445622449396290676e+01 8.793424192686082108e+01 8.981840625519616594e+01 6.983355742058709836e+01 7.369079340581915005e+01 9.365013817566786258e+01
9.470437159709472041e+01 1.050898382595360232e+02 1.049527275500670243e+02 8.531913851991943432e+01 7.492974439275874943e+01 6.909269832553300716e+01 8.147479089367415384e+01 8.979870311632205926e+01 7.011060075610505749e+01 5.008003540144904520e+01 7.009093042523531381e+01 6.561725274470229863e+01 5.900907837623562813e+01 6.479163182453743275e+01 7.149188678659088225e+01 8.154333657175800454e+01 1.017240354471183963e+02 1.054963077358346482e+02 9.966202666620813488e+01 1.044798215086276230e+02 8.452416714548490972e+01 7.293782939774997942e+01 9.295841909021196159e+01 1.053208104139607713e+02 1.168369212845500016e+02 1.020123056952492817e+02 8.217702007595184455e+01 8.030537930211588105e+01 9.314124579418863448e+01 1.129218321638112315e+02 1.020034722488575625e+02 8.210657591533791333e+01 6.795330720423483228e+01 8.204218149665058490e+01 6.583285467257502432e+01 7.068668453931014994e+01 7.570292165907804360e+01
1.082546130694226321e+02 1.248049977804911492e+02 1.060894548027998070e+02 1.031616414997370299e+02 9.487628523508884371e+01 8.147479089367396909e+01 6.147177106895108523e+01 7.477478650610187572e+01 6.804502357415212543e+01 4.798714149507753746e+01 6.490348822659103689e+01 5.147975533614110333e+01 7.151212164803536098e+01 8.491975292206721804e+01 9.163368599534938141e+01 1.000064628407506717e+02 1.101042856710448774e+02 1.048381999197908669e+02 8.555248558381410362e+01 1.048381999197908669e+02 8.858956824621287751e+01 6.857045451535228153e+01 7.706809647626749893e+01 8.862832583028816202e+01 1.085732748805292829e+02 1.045776345624325785e+02 8.476817125978057277e+01 7.321202521746101866e+01 8.750451411426801940e+01 9.571215218710750605e+01 9.300410769108023601e+01 8.735824758732064765e+01 7.911364179965578103e+01 6.207218294971408312e+01 6.782887570931502808e+01 8.775540993125821387e+01 9.565205533141121919e+01
9.980479990896536435e+01 1.110241715846806869e+02 1.024637779907665021e+02 9.407425146947340977e+01 8.852408089037140826e+01 7.691926089110506837e+01 6.858374576368315445e+01 5.479582041083627786e+01 7.477478650609342026e+01 6.501275858596962109e+01 4.505739649748763043e+01 6.501274838970438452e+01 7.986288222756044775e+01 8.782310183083089328e+01 9.621430627189734253e+01 1.105481480341296532e+02 1.085028666248579583e+02 9.657715932321778496e+01 7.659047637442405687e+01 9.657715932321779917e+01 8.441529447665479324e+01 6.441059681648584956e+01 8.441529447665479324e+01 8.976899613840204495e+01 1.097258746400169684e+02 1.127535192415158463e+02 1.013321439964725812e+02 8.750439056731543985e+01 6.754761788467538963e+01 8.235166573812259116e+01 7.310210182783359301e+01 7.628128234115867201e+01 5.918620753082741004e+01 7.911364179965578103e+01 8.775540993125821387e+01 7.727440383212966424e+01 9.710226479350778561e+01
9.980479990896536435e+01 1.024637779907665021e+02 8.240661109713967392e+01 7.386530554014959193e+01 8.017700749574531471e+01 6.009354317081864849e+01 4.863792467696888622e+01 6.319978624189681682e+01 6.894235536773894069e+01 6.059676757636573541e+01 4.320193456274154897e+01 6.314054888503957130e+01 7.495154023956006029e+01 6.747137621682350073e+01 8.188056436732540533e+01 1.011987005710718392e+02 1.002416590111526347e+02 8.027197107878646420e+01 7.026189400612463487e+01 8.318754305387496117e+01 8.082234471142955101e+01 6.083186084434462515e+01 6.976367537669618457e+01 8.392183207637454245e+01 1.038852989183690596e+02 1.070666581023736939e+02 9.890228541313244648e+01 9.571183002949872787e+01 8.235166574986236299e+01 6.240746969652710163e+01 5.902798897680614232e+01 5.640658245408074833e+01 7.628128234115867201e+01 7.911364178933803259e+01 9.903263352423272181e+01 9.710148981751261488e+01 8.878642461784808404e+01
1.068196970969647737e+02 9.407425146947340977e+01 7.386530554014959193e+01 6.224652278410568584e+01 7.290305432682893638e+01 7.274099867190069801e+01 5.404943185929388250e+01 4.321254362794297066e+01 5.818547126261351110e+01 4.059543809247661983e+01 4.508685356964700475e+01 4.973294829245206472e+01 5.470130987996303418e+01 6.227202275739479376e+01 7.249886545028338958e+01 9.281300422017758933e+01 1.085029565388754662e+02 9.852181421648900539e+01 8.318754305387496117e+01 6.321300945666892090e+01 7.670694861709054635e+01 5.759358810372588522e+01 7.757946000940756903e+01 8.336143640565454405e+01 1.033317365349712134e+02 9.890228651504577329e+01 7.910572005606840662e+01 8.490399816711635594e+01 9.057003774149201547e+01 8.027537128936914712e+01 7.203275873745272406e+01 5.444103182048067424e+01 7.431339565593681584e+01 8.942112940418395794e+01 9.763531542072152547e+01 1.075573244031318723e+02 1.084614309083648891e+02
8.664236890401819835e+01 1.009003236894301097e+02 8.454766299796864359e+01 6.437860914529778711e+01 5.279246004057747399e+01 6.530196415552362055e+01 6.977304932838325158e+01 5.725137869046319850e+01 3.819951735095740020e+01 5.818547126261351110e+01 6.658347646184743951e+01 6.972295322677034335e+01 7.495154024054325248e+01 8.265593482680216653e+01 9.105177489376411870e+01 1.011987002463438046e+02 9.844719348462918163e+01 9.020408563256114576e+01 8.274508607557763185e+01 7.636103476974309956e+01 5.675763917505873479e+01 5.442360744714265053e+01 6.336647114509624856e+01 7.750970037545330626e+01 9.748877689319355966e+01 9.890227985575363334e+01 7.910572004176380290e+01 6.501562218581791797e+01 7.552852728153258965e+01 6.980317290116067852e+01 5.209073300038043897e+01 7.141594187459357101e+01 6.287792676100182376e+01 6.950976356049773131e+01 7.950122730128350668e+01 9.934144183766773040e+01 1.174271147362472192e+02
7.239542481670551410e+01 9.255217150550575411e+01 9.293095384056098851e+01 7.692447718744926988e+01 5.679369410452265754e+01 4.524775813862814289e+01 5.895948402203494965e+01 5.602574038332146955e+01 3.668311337317604881e+01 5.666723126820058809e+01 6.805877549946514193e+01 7.366300438763910563e+01 8.005378113573641485e+01 8.831988912534269787e+01 9.726666388239348748e+01 1.042500446480900962e+02 8.438605891179240359e+01 7.046942777372728983e+01 6.311839508401730825e+01 5.658395463024178440e+01 5.238388694097445608e+01 5.145002604477080155e+01 7.147119504404771817e+01 8.685472994670988101e+01 1.008211671576093380e+02 9.505362451489972386e+01 9.308613195172237909e+01 7.552852728153258965e+01 5.563502319039688615e+01 4.972171214907884007e+01 6.980317290116067852e+01 6.619585960543244596e+01 8.278393059611511262e+01 8.942112940460091863e+01 9.763531601122750203e+01 1.075575504382840251e+02 1.058611486194166815e+02
6.479997049727423075e+01 7.902705696355408804e+01 9.919338387978346816e+01 8.530001873790894251e+01 7.366236043892104135e+01 5.896026738755930552e+01 3.894587849569151672e+01 5.305817290942656683e+01 3.517763572175200437e+01 5.516273038222636416e+01 4.800552334614468464e+01 5.345666977189642211e+01 5.984437059410468862e+01 6.897447793761340051e+01 8.319150489221321720e+01 1.030814184936199638e+02 9.844719795645978877e+01 9.020408563256114576e+01 7.952928072972626694e+01 6.747927548618758919e+01 4.805471448385626587e+01 4.851884043397011226e+01 5.858015632016484631e+01 7.858262113923750292e+01 8.105158371054429267e+01 7.525174889734790895e+01 8.923415670732080685e+01 7.443234983476897071e+01 6.617800536369034603e+01 4.813812406101475716e+01 6.828493620816975351e+01 8.608931702219163640e+01 8.608931702219163640e+01 1.059442966947619738e+02 1.155851522488443521e+02 1.073170498272288143e+02 9.756883908894965884e+01
