LEM/sinusoidal_perturbations/elevation_000450.asc
nrows	100
cellsize	150.0
xllcorner	0
ncols	100
yllcorner	0
NODATA_value	-9999
[rows 0 to 16 of 100, columns 0 to 36 of 100]
8.271705653423140972e-03 2.000827170565306901e+01 3.545498171232908646e+01 4.378862384495208460e+01 5.177618197120131072e+01 4.348176823681305336e+01 4.337675177859021147e+01 4.337675177859021147e+01 5.165947676595073546e+01 5.097602680474599168e+01 4.270034756304333001e+01 4.590308999869513684e+01 3.075396911206494721e+01 3.423708181021373065e+01 3.783157911014815511e+01 4.154868190113048598e+01 6.151275210766309698e+01 7.123202912320380165e+01 7.570498719096248408e+01 8.054297895899520654e+01 8.587171467509107003e+01 9.188175473503943635e+01 9.893029973832243229e+01 1.071985675559752877e+02 1.187221537883894342e+02 1.126933199639957195e+02 1.042806208687358378e+02 1.090303964997728343e+02 1.064107619788800463e+02 1.148307600804866269e+02 1.119177753539682101e+02 1.035132109258028805e+02 1.061261489950005483e+02 1.057822916831489408e+02 9.740541144709231958e+01 1.057824363052001218e+02 1.158245372749109237e+02
7.813061968023241044e-03 2.000282994373488776e+01 1.544945734022565453e+01 3.546002849285684277e+01 4.341686462082303422e+01 2.339519122975419663e+01 2.337164151686497249e+01 2.337164151686496893e+01 4.337675177859021147e+01 3.833572364908219754e+01 2.269912544424060741e+01 2.590196704301841990e+01 4.590289922139328382e+01 5.423486150820338025e+01 5.782603192535609793e+01 6.152984836018232073e+01 4.710053677658647331e+01 5.127365770583472937e+01 5.574686430396938874e+01 6.059542788352786857e+01 6.593341132079473255e+01 7.194870688118572843e+01 7.899400386104267113e+01 9.049524751201342099e+01 1.104527953617089366e+02 1.011338330975599007e+02 8.437847545282440365e+01 8.904484244085448097e+01 8.647097726762335412e+01 1.032543031307346411e+02 1.003656740112957237e+02 8.362102160750035296e+01 8.618897251133557802e+01 8.807578459228747647e+01 7.761438317059177905e+01 8.742983039172402471e+01 1.073812941795463445e+02
2.526786264046545528e-03 1.307182932370932527e+00 2.130733686161435969e+01 2.451247773693410537e+01 2.585781693096719991e+01 2.627219612036918761e+01 9.227653794420232813e+00 2.923100265413969368e+01 3.416520323360216338e+01 1.833460794886088863e+01 3.833572364908219754e+01 4.590308999869513684e+01 5.417596808008843823e+01 5.745438752228322699e+01 6.573435639105531436e+01 7.534443928507550936e+01 6.709562684883215411e+01 7.124221524310141263e+01 7.570498719096248408e+01 8.054297895899520654e+01 8.587171467509107003e+01 9.188175473503943635e+01 9.893029973832243229e+01 1.071985675559752877e+02 1.068957607751239038e+02 8.694736076678863412e+01 7.305663297314583815e+01 7.513422975307099705e+01 7.513422975304665385e+01 9.489870183377259139e+01 9.202844763851163634e+01 7.229961699782334961e+01 7.229961699676692888e+01 6.839759449005622116e+01 8.807564574209312980e+01 1.057604223518167714e+02 1.158116307971582017e+02
4.163169627051843593e-04 1.999812783125588567e+01 3.176260186434927579e+00 4.512566395997055224e+00 5.857911983989685822e+00 7.212482906946884320e+00 2.721493153743930904e+01 1.130715477505579081e+01 1.416429783991202740e+01 3.416520323360216338e+01 4.661282002352692899e+01 4.121154259349583526e+01 4.330883979706150200e+01 3.744959258850624906e+01 5.745441067926492451e+01 6.597254641811039733e+01 6.666645341582139395e+01 7.494278001486856056e+01 7.639135782261516283e+01 8.031144633444353076e+01 8.249718493797284680e+01 9.076505923555015443e+01 9.299906968935263762e+01 1.012703694254376217e+02 1.128341857325854960e+02 9.279011185540831264e+01 8.348766069937542511e+01 6.384699483513237794e+01 7.727673399942571564e+01 8.552985714458354494e+01 8.363381430912080816e+01 7.539421978581761152e+01 6.101771520548204109e+01 8.063802084975066009e+01 8.807536959321562620e+01 1.080378562217992453e+02 1.037539904614295097e+02
5.883922493566802643e-03 2.000588378842806137e+01 1.317626017574350428e+01 2.451247773647865813e+01 2.585781693073306187e+01 1.192643256699037302e+01 3.176844207388946018e+01 3.111675251253802799e+01 1.375054370606985898e+01 3.375470119099700383e+01 3.827768574974357563e+01 2.120543888806525246e+01 2.330203494247094298e+01 4.330883979272218909e+01 4.866583897044237972e+01 4.597137684467544005e+01 4.666585879756392075e+01 5.860204179916519962e+01 5.639876951083354584e+01 6.032209871037295557e+01 6.250891395582527110e+01 7.668160187150560603e+01 7.301461658367216501e+01 9.202111509792408128e+01 1.020122558524741976e+02 9.750442652478996308e+01 7.770217724503163481e+01 6.640569095053325555e+01 5.765820340136490785e+01 7.212465387412842688e+01 7.056471248199257218e+01 5.577645654455278645e+01 7.539420299839167683e+01 7.700448581281627014e+01 9.680372750169091489e+01 9.670091929407405473e+01 8.840408870707017286e+01
1.256007409845548732e-03 2.000125600740949139e+01 3.317609469816749623e+01 3.317609472163435669e+01 3.671582440651246770e+01 1.692510318786257173e+01 3.671582440734655961e+01 4.189315987142728659e+01 3.375470019753830542e+01 1.623123885255612819e+01 1.827248161496331491e+01 3.827768574151494363e+01 4.330883979560473307e+01 2.640679274772566743e+01 2.865719489354490790e+01 3.182024436766482722e+01 3.510980112392410035e+01 3.859408061680025526e+01 4.224942472811076044e+01 4.617633323401552303e+01 5.134506413575783768e+01 5.669243408669510131e+01 6.376175368986155689e+01 7.375531645991064522e+01 9.374073887561385732e+01 1.058763828182198949e+02 9.437431155778840264e+01 8.552985714458354494e+01 7.212465387412842688e+01 5.247650194118676126e+01 5.090210055704351788e+01 7.056471248199257218e+01 8.363663680686285318e+01 9.680362391210337591e+01 9.669965710649314872e+01 8.528595062731237419e+01 6.874100585828017529e+01
9.594114293757748102e-03 1.415172973802483369e+01 3.415172973802643241e+01 5.317479819575740407e+01 3.672081884150379238e+01 3.672081884223995729e+01 2.582411932744103567e+01 4.553643392725493300e+01 4.451495061603264247e+01 3.623108279538537602e+01 2.002271792160100006e+01 4.052190298904310595e+01 5.463925905696094532e+01 4.055567744685488663e+01 4.866583897045565266e+01 3.337293442896048390e+01 5.338202824902862176e+01 5.860204179916519962e+01 6.225441997400029948e+01 6.617687219974594370e+01 6.032209877121088937e+01 7.668180189263050295e+01 8.374802766776228680e+01 9.202191912244468597e+01 1.020122558524741976e+02 9.901278136824015519e+01 9.068236099658219018e+01 8.850215332565964843e+01 8.035418178231357444e+01 6.728761642733419990e+01 4.756190436435672098e+01 6.152489349227022331e+01 8.120006029336408915e+01 9.594674665479895737e+01 8.840445373557270159e+01 6.874100601723952764e+01 5.743241154475271060e+01
7.711341127313004785e-03 2.000771134112695648e+01 3.535556878221535726e+01 4.429984069221467280e+01 5.650699317041183178e+01 5.249797561014766956e+01 3.280776232863325248e+01 5.249797561014766956e+01 5.885292204714813380e+01 3.842780478397273924e+01 2.314726467051552206e+01 3.843761386285299153e+01 5.895573566166964241e+01 6.055959981265305458e+01 6.166203446561767265e+01 4.752416395425102280e+01 3.845660896830860054e+01 4.317521932887397185e+01 4.818006360639502361e+01 6.817832664746137539e+01 8.031151827527210685e+01 8.031151827527210685e+01 1.002905340452034011e+02 1.053081881335885868e+02 9.535072678999146945e+01 8.704109722279044092e+01 7.093431029814891531e+01 6.878234780924644554e+01 6.979091171902571489e+01 6.497889832736672133e+01 4.519967318778559218e+01 6.497889832736672133e+01 6.789683002893669084e+01 8.762911916798708489e+01 9.005394010681425243e+01 8.046470496528054639e+01 6.724155057537038260e+01
2.297228869525369630e-04 7.071297534752457814e+00 1.601556944475177247e+01 3.015770506848297572e+01 5.015770506848367916e+01 6.076964600414822826e+01 4.411672624365230178e+01 6.076964600414822826e+01 5.921230304499568575e+01 3.851978673147392129e+01 4.455030962875316192e+01 3.033766150766745895e+01 4.542988524048000443e+01 6.564271547523587458e+01 7.579913216760044747e+01 6.423808225391360338e+01 4.423565454995091528e+01 6.317876446901768617e+01 6.817832664746137539e+01 5.602829563150147862e+01 7.601953639955775088e+01 9.428395403844025680e+01 1.042725372628805900e+02 9.693796006983409086e+01 7.714423437574680520e+01 6.736129745680506176e+01 6.083673282861840903e+01 5.490233826167535369e+01 5.008359150059314402e+01 6.271006736733372122e+01 4.288058415410477409e+01 5.182327772241726649e+01 7.151770193379525153e+01 8.157635332421925511e+01 8.184516566984690655e+01 6.313527018693046955e+01 5.547395400109203933e+01
9.647730019007896146e-03 2.000964773001865282e+01 3.535556878221535726e+01 4.429984069221266907e+01 4.827335766688787544e+01 5.655762882565414884e+01 6.394697516023251893e+01 7.225846118439274335e+01 6.791755878325639628e+01 5.933863860833399428e+01 5.855508803453379585e+01 3.817626527018210680e+01 4.120600569871141516e+01 5.562723251604807473e+01 7.565819843619296137e+01 7.056137756361964364e+01 5.056538590831260649e+01 7.056137756361145819e+01 8.429329473986696541e+01 7.016587145069267706e+01 6.602610231583703637e+01 7.602055753308843578e+01 9.600538343346866554e+01 1.053081881335885868e+02 9.535072678999146945e+01 8.704109722279044092e+01 8.048116396746200962e+01 6.402154381090058166e+01 6.397954003187238925e+01 4.417713752529036952e+01 4.066605849721272392e+01 6.053350012754911802e+01 7.584584004268567980e+01 6.181733466158983958e+01 7.584584004268567980e+01 7.049942604985747607e+01 4.861858268534168559e+01
3.582433992925927561e-03 2.000358243399256963e+01 2.777313776765741693e+01 3.194342604877787650e+01 2.827335766743227552e+01 4.283565284918882554e+01 4.916020816943741067e+01 5.744447934266283795e+01 6.638875121820034053e+01 7.491639509731402313e+01 5.487796818291091938e+01 5.007692524191489269e+01 6.149416660092507669e+01 5.562723251604809604e+01 7.565819843793541111e+01 7.883677217447193186e+01 6.470709202449458530e+01 6.470709202449458530e+01 8.469487311016948183e+01 9.015153370869599314e+01 8.601297048327846539e+01 9.428395403844025680e+01 1.042725372628805900e+02 1.155374893156645584e+02 1.071295685061943033e+02 1.036400731592442384e+02 8.371939796914145404e+01 8.371939796914145404e+01 7.162715908369041529e+01 5.837857479339653111e+01 3.849051070064223978e+01 5.572229224136285808e+01 6.393663383483463036e+01 4.782299223530552723e+01 6.698423748312796988e+01 6.315377313900464173e+01 5.493736980314409379e+01
1.813270376062421294e-03 3.850815064973559743e+00 7.773137767737224202e+00 1.194342604887868475e+01 1.728865088712707987e+01 2.283565284937927231e+01 2.916020816971591856e+01 3.810448007971476159e+01 5.224661570344521522e+01 7.224661570172611391e+01 7.491639509731402313e+01 7.013647378666323107e+01 7.841213337826764018e+01 7.565819843809345002e+01 8.393198991976282741e+01 8.810980813637415565e+01 8.469487311019149445e+01 8.469487311017019238e+01 9.296645230384461911e+01 9.252728651182576414e+01 8.396286819941086321e+01 8.510161982374778233e+01 9.367337262419518140e+01 1.071295685061943033e+02 8.718096814621898716e+01 9.302377791647535332e+01 8.905070389900980388e+01 7.769523515122892832e+01 6.344627767432963594e+01 4.369769983900750532e+01 3.967332348693711452e+01 3.583338677094165092e+01 5.336186777189378461e+01 3.889832695396368933e+01 5.872248516524892636e+01 5.217948751347756087e+01 3.505135549220734248e+01
2.372884694381488524e-03 2.000237288466443530e+01 2.777313776517577182e+01 3.194342604877787650e+01 2.827335766743227552e+01 4.283565284918882554e+01 4.916020816943741067e+01 5.744447934266283795e+01 6.638875121820034053e+01 7.348582046608363783e+01 6.526165186693758358e+01 6.783309264118980764e+01 7.606010916658821941e+01 8.452918955649948884e+01 7.636826584639347004e+01 6.858626741040616537e+01 8.245614162741902931e+01 9.223459429819914135e+01 8.870031635896751254e+01 8.014959565120437901e+01 6.345667453596212226e+01 6.458214389858989080e+01 7.904848866911480343e+01 9.971934244717083118e+01 9.302377791647535332e+01 7.337213038668727449e+01 8.079232041954045940e+01 6.123559967682552241e+01 4.988035609307483043e+01 6.344627767432963594e+01 5.948378250238631182e+01 4.741044144240644442e+01 3.350237235388344459e+01 3.190534375492605434e+01 4.929549752998141798e+01 3.234643298267830858e+01 4.343985712466128035e+01
8.175220331382775790e-03 8.952447130330618563e+00 2.309458275406207406e+01 4.309458276522680364e+01 4.827335766688787544e+01 5.655762882565468885e+01 5.749882311063959861e+01 5.219277246725246755e+01 5.782135435630924292e+01 6.196344070024193229e+01 4.526186941720194312e+01 4.786677223389566649e+01 6.783309264118980764e+01 7.329841998988949570e+01 5.701953470228178134e+01 5.498512760623246010e+01 6.457944795691663842e+01 8.402979142360993592e+01 8.014959565120437901e+01 5.971235615284231812e+01 5.180520349751349585e+01 7.212361176776416016e+01 8.405322032541988619e+01 9.289495377205157922e+01 9.645543726018289021e+01 7.674237176630050783e+01 6.299806510069637966e+01 5.734958077689001499e+01 6.950124243426762405e+01 7.769523515122892832e+01 7.410383847056998263e+01 6.033123081950836308e+01 5.149693587678481066e+01 4.949459365592981896e+01 2.973113048545243231e+01 3.830109297833746496e+01 5.531410618516674305e+01
9.124702163186202558e-03 2.000912470216283268e+01 2.895244713113818591e+01 4.895244714795919805e+01 5.663513599271388443e+01 5.533923772059996082e+01 3.958781650000003083e+01 3.448129734354641585e+01 3.966886830246306062e+01 4.507398799733399386e+01 3.325709093167133545e+01 5.133604831079251340e+01 5.506478428605101527e+01 5.893202590105425287e+01 4.575581486512138696e+01 6.519727071186289891e+01 8.245614162013976056e+01 9.223459427930485788e+01 8.106837159217964484e+01 6.569828501317903147e+01 4.551669903687563590e+01 6.564332569883788437e+01 6.341597753695154438e+01 8.073872001057321768e+01 9.269535893788074077e+01 9.078109985419823147e+01 8.251953046760260690e+01 7.688442330633144195e+01 8.347381503262492686e+01 7.537422437934105801e+01 7.335600222642230506e+01 6.428413935456316608e+01 5.142697657372178810e+01 4.661551241315667227e+01 2.858662012032023370e+01 4.829368392531907972e+01 5.243782569727751053e+01
2.239863785106879172e-03 1.414437548751618223e+01 3.414437548751688922e+01 3.664987459786215140e+01 3.664987459740332554e+01 4.208366011067451495e+01 2.807664201430215201e+01 2.316927280081261387e+01 3.816765760253495898e+01 2.326518522488027685e+01 2.698061621285554068e+01 3.083571452139976188e+01 3.486274083980354987e+01 3.907654432466783589e+01 5.893202590105388339e+01 5.929687820702036305e+01 7.251995771413044167e+01 9.162671816190704988e+01 7.253254661289174976e+01 5.221952806168287253e+01 4.073032420726903524e+01 6.080481988429741591e+01 5.177053528393648207e+01 6.341513924943070180e+01 8.400097845738440583e+01 9.679773023606885829e+01 8.556326599204331274e+01 7.749693322292128528e+01 7.005873603404347705e+01 5.561397489529274907e+01 5.348574248654633578e+01 5.149838648822684917e+01 3.049452126631441118e+01 2.699565982230333816e+01 4.660769343634411399e+01 5.305702533327440307e+01 6.039377578179425399e+01
1.766589122093755728e-03 2.000176658912173977e+01 3.202713188756926144e+01 1.659581375738709141e+01 2.869855099809591437e+01 3.082098171727780667e+01 1.394226194494322080e+01 1.630206705280552981e+01 1.880989538892876922e+01 2.455419232918692529e+01 3.060931578942158637e+01 5.040597392798596132e+01 5.506478428605101527e+01 5.070557190990243157e+01 6.523841997354091404e+01 7.811626470202521944e+01 8.344084438738912013e+01 7.501112078361798297e+01 7.258029199128773712e+01 5.652581174859339797e+01 3.653669713972087152e+01 4.182022325155890030e+01 6.169287566732571548e+01 6.843853443405856751e+01 7.696227914710341622e+01 8.872280420522382371e+01 6.927902530466259634e+01 5.781731325849098369e+01 5.023851479510963003e+01 4.433569475995989251e+01 3.963616835508614855e+01 3.578028172071633151e+01 4.547975571736678546e+01 2.595066799589698192e+01 4.378564041069404311e+01 3.347614410230725213e+01 4.086505654702153834e+01
