LEM/sinusoidal_perturbations/elevation_000425.asc
nrows	100
cellsize	150.0
xllcorner	0
ncols	100
yllcorner	0
NODATA_value	-9999
[rows 0 to 16 of 100, columns 37 to 73 of 100]
1.215277385492138649e+02 1.131982897847644125e+02 1.131982897847644125e+02 1.112943588566861735e+02 1.112943588566861735e+02 1.196318178532716843e+02 1.211365508548845895e+02 1.127418584107676622e+02 1.124156385922161405e+02 1.040220937641952474e+02 1.040274595320891962e+02 1.099674466032950733e+02 1.116920849531128255e+02 1.200880839223071206e+02 1.130888235735630047e+02 1.046462894158150476e+02 1.063532773932335402e+02 9.791695298443887907e+01 1.005556957467864976e+02 1.089943748064284819e+02 1.081719779512344815e+02 9.943263148286062858e+01 9.943263148286062858e+01 1.019355391433095406e+02 1.019355391433095406e+02 1.106673402863457341e+02 1.160276488262014425e+02 1.075189805736846864e+02 1.160276488262014425e+02 1.146259643959872676e+02 1.061004488125674214e+02 1.146259643959872676e+02 1.196208584301973445e+02 1.112272807243354151e+02 1.138535869341293107e+02 1.222489602885130182e+02 1.216305251625622219e+02
1.131982897847644125e+02 9.288265870411190406e+01 9.288265870411190406e+01 9.098202220987795386e+01 9.098202220987795386e+01 1.112943588566861735e+02 1.094258405849575553e+02 9.245128616799270560e+01 1.040220574247787795e+02 8.379339070730327421e+01 8.379343698656307993e+01 8.971852546920889893e+01 9.140144681613914202e+01 1.116920849531128255e+02 1.046462894158150476e+02 8.438161072398160911e+01 9.031699769425310365e+01 7.771815149421884428e+01 8.033169758905805224e+01 1.005556957467864976e+02 9.943263148286062858e+01 7.829839672896669356e+01 7.829839672896669356e+01 8.077535991472647936e+01 8.077535991472647936e+01 1.019355391433095406e+02 1.058526909304460304e+02 8.724852192069621992e+01 1.058526909304460304e+02 1.043772465914850045e+02 8.563821296386386450e+01 1.043772465914850045e+02 1.080416473652046818e+02 9.125769969697635986e+01 9.383433444189631700e+01 1.138535869341293107e+02 1.132167301156220844e+02
1.131982897847644125e+02 9.288265870411190406e+01 7.861250994214644550e+01 7.673282614344873309e+01 9.693136787198400839e+01 1.119611109066499921e+02 1.003782283834565732e+02 8.081477864228429553e+01 9.098343210562414640e+01 8.260774420129001783e+01 6.960683807670217504e+01 7.716809192251287186e+01 9.734443713185628155e+01 1.053778734497998641e+02 9.695225469859092016e+01 9.031699769425310365e+01 7.020005296452002597e+01 6.618177627754197090e+01 8.625516950675253725e+01 9.960391349212558509e+01 9.795855690630432377e+01 8.448845797298339733e+01 6.361976188744141325e+01 6.605093893653312875e+01 8.077535991472647936e+01 1.019355391433095406e+02 9.738375124719051712e+01 7.745033720545406197e+01 9.738375124719051712e+01 9.586933088821561455e+01 7.565182852387397361e+01 9.586933088821561455e+01 9.969783774258567632e+01 7.997354501822563577e+01 9.969783774258567632e+01 1.128494779547076519e+02 1.099985266330147624e+02
1.016553252052089675e+02 1.072051986266628347e+02 8.979010495882069165e+01 6.968772281721281558e+01 8.337128532303522377e+01 9.766801569883851641e+01 9.198787015273164513e+01 7.184018358238806456e+01 8.191402686755991169e+01 6.249089512886104103e+01 7.670011622157066711e+01 9.687010387795848487e+01 1.057447653692230887e+02 9.369298310760794379e+01 7.675585441105448581e+01 9.369298310760794379e+01 7.956403843034898671e+01 5.946131952212192573e+01 7.105762215739784438e+01 9.118401915436548677e+01 8.921327353751769351e+01 6.825018491751742999e+01 5.632454745366108284e+01 7.711026323159693163e+01 8.178483309584009930e+01 9.050861197090361543e+01 9.073927989994497523e+01 7.090136178472442907e+01 9.073927989994497523e+01 8.913016343343508652e+01 6.899314848713089532e+01 8.913016343343508652e+01 9.375073972241840181e+01 7.406127327915139347e+01 8.464738936887205512e+01 1.044970189950463180e+02 1.016732707687143176e+02
8.144028960977215092e+01 9.572343657117528437e+01 8.529507894309701044e+01 6.523830953120064180e+01 6.919621338770950558e+01 8.760353406630865436e+01 9.618010759114388009e+01 7.600479516489217247e+01 6.176109608844802068e+01 5.803403266749950262e+01 7.821805982636681165e+01 9.139776492008105890e+01 1.030569116948978348e+02 8.529185755592027363e+01 6.515012978319280990e+01 7.452565119831808715e+01 7.517708559110974420e+01 5.497768490735209213e+01 6.927913286296768547e+01 8.941661738075504218e+01 8.748304146344642618e+01 6.654660192295564514e+01 5.186934308063227661e+01 6.701512811304510819e+01 6.089732231887624181e+01 8.178482709420897834e+01 8.501256621795285184e+01 6.510850336540718786e+01 8.501256621795285184e+01 8.331710793347296828e+01 6.312603779213372235e+01 8.331710793347296828e+01 8.188074484862413271e+01 6.853563151068549075e+01 8.248663618454470736e+01 1.023000962283046391e+02 1.016732707687143176e+02
6.725726261090721891e+01 8.080098398067073617e+01 8.250344877633132512e+01 7.416027125414635179e+01 5.921859271173575934e+01 7.334799696079812747e+01 9.349133092518691512e+01 9.028850486180836299e+01 7.400939922255824399e+01 5.371730667305706675e+01 6.287000573676723292e+01 7.449795126038104343e+01 9.466454783212306268e+01 8.878094388923994984e+01 6.862091563014018902e+01 5.427248135789385231e+01 6.588921405914238960e+01 5.081368063317758299e+01 6.523413403532373422e+01 8.539527650018054317e+01 9.366973578541480094e+01 7.267872432563352447e+01 6.701512811304510819e+01 4.615515568331693430e+01 6.089732185414418097e+01 8.178464587000262043e+01 7.987335928796781559e+01 5.980315108130291435e+01 7.298964130803781813e+01 7.810379604017209942e+01 5.776736731934989422e+01 7.810379604017205679e+01 6.194041947943193094e+01 8.188074484861358826e+01 9.582388535803470120e+01 9.952723175928051091e+01 9.122827212484207848e+01
5.723143146460672170e+01 6.070191477990934459e+01 6.955814301891913942e+01 5.409980639237188171e+01 7.416032103183709978e+01 8.760211385622626779e+01 9.700073355026331967e+01 8.534265946137089998e+01 7.091488438796240246e+01 5.051926180284033308e+01 7.091488438796240246e+01 8.497326580882354108e+01 9.332467608442007645e+01 8.431903552584297756e+01 7.652357045123083878e+01 6.588967056141750334e+01 4.539839781617207137e+01 6.588367914926294588e+01 7.113475965549045554e+01 9.129731284042682660e+01 8.415493076744182588e+01 7.585057638225025300e+01 6.353846496217568784e+01 4.269625845493413863e+01 6.321699932938921052e+01 7.535507042522162635e+01 8.632477926378486188e+01 7.298963919682132939e+01 5.261787365046847498e+01 6.713703640989315602e+01 5.279124184013205934e+01 7.214992804382417546e+01 5.749639221384234133e+01 6.771386161060569009e+01 8.754504478048849592e+01 9.122827212484203585e+01 7.090017819355055906e+01
4.815478062738358034e+01 4.638011442377098348e+01 4.941918959487958318e+01 6.955814301889567730e+01 7.046869637025936584e+01 9.058630947148400026e+01 8.861636299958459517e+01 6.844440065303126630e+01 5.670601946171672836e+01 4.740900551504047655e+01 6.790712134185179139e+01 6.474744900451077001e+01 8.497326580882354108e+01 7.651472041376088384e+01 5.822907305110024367e+01 6.220833871199901921e+01 4.227124640248508314e+01 5.689695370390067097e+01 7.717987776419397505e+01 8.042410587454435245e+01 7.585057638225025300e+01 5.589296536802110182e+01 6.007010902436127253e+01 3.941774602451280174e+01 4.785482901075823037e+01 5.958709912779904272e+01 7.855132557311975461e+01 7.006239971559855917e+01 6.071886078718222279e+01 4.587985211586314449e+01 6.508146610907897411e+01 5.174424737618799242e+01 6.370909892249353135e+01 8.368031503879399224e+01 9.582388533472166614e+01 8.853350259701807090e+01 6.824293218307798270e+01
4.220873046845421328e+01 6.250603357199243248e+01 6.955369695374626815e+01 6.367432339410916597e+01 8.376352680296034237e+01 9.894527965712659068e+01 9.080575131623129437e+01 8.177062422564388555e+01 6.509285941092642247e+01 4.451140361185841243e+01 5.024247038938778331e+01 6.153573991589095726e+01 8.185134248948708091e+01 7.465770124174567002e+01 5.539146736318581077e+01 4.445546854514072521e+01 3.928880678030230200e+01 6.130086263744138364e+01 7.448723303614609392e+01 6.003622515093698553e+01 7.447236255972499919e+01 6.113258212080472020e+01 4.147733282907825014e+01 3.635850100698451115e+01 5.699272377887459129e+01 7.535276855298764076e+01 7.715078588395228110e+01 5.618945104592569351e+01 4.124987515307171293e+01 4.296025282224672281e+01 4.640592191448879333e+01 5.852816622668845525e+01 7.868751097514557102e+01 9.195220568701412844e+01 9.827448457939669879e+01 9.681905693515112432e+01 8.031172131816528292e+01
5.888958374124285200e+01 6.901978821128408015e+01 7.735646072294842668e+01 8.376327424948303246e+01 9.212117992702478375e+01 9.408399936343543857e+01 7.390219890301067096e+01 6.223417076088448852e+01 5.305028049995503636e+01 6.153431036999040060e+01 4.088677543890011634e+01 6.153620156378153894e+01 7.195144537750920222e+01 6.354268500342252679e+01 5.589188103592472601e+01 3.520285278099477466e+01 5.589188103592449863e+01 6.950759401274855520e+01 6.532474682247500652e+01 4.556747454840717637e+01 5.761061121916649341e+01 4.903407496613561278e+01 3.197516219797254422e+01 5.286296952412182293e+01 6.544737253439291180e+01 7.259549813742687263e+01 6.450225815657368855e+01 5.598646538431893305e+01 3.823576131358895225e+01 5.911658795895104390e+01 6.704850787745655794e+01 7.535244473888148775e+01 8.695948240875048896e+01 9.231503859847030924e+01 7.815520712007823079e+01 9.231503679166188192e+01 7.728774884563289049e+01
4.235814980124232676e+01 4.884657588341425338e+01 5.791390492743581575e+01 6.949675620792717723e+01 8.962661717157207875e+01 1.024674774494318115e+02 8.768021857603635283e+01 6.748391242462547268e+01 7.339927354145412153e+01 5.918295033557197371e+01 3.851747990764745566e+01 5.589497047858726830e+01 5.376177183634389678e+01 4.297964248937701370e+01 4.963248084449318753e+01 3.256307336316248069e+01 4.712023692650948448e+01 6.697529297963494344e+01 5.685068376583883065e+01 3.644462578100700512e+01 4.674259234308447475e+01 2.838997847939690544e+01 4.891850913458205241e+01 6.049600512300209942e+01 6.554098067981139764e+01 5.034068621378865060e+01 5.295774583402423019e+01 3.522235570080037803e+01 5.598646538428808128e+01 6.761627490771611804e+01 8.292650459964168874e+01 9.086838057681868008e+01 8.750073061816164000e+01 8.404449279338015799e+01 6.382469037714212590e+01 8.404449267455962058e+01 8.464900468018562663e+01
5.434530312202774383e+01 6.901978821128408015e+01 7.736308609570205874e+01 8.635785190517324850e+01 9.799028723712068256e+01 1.057918513651299861e+02 9.605733602666228421e+01 8.768021857603635283e+01 8.163181644219278610e+01 6.240100445849368782e+01 4.180372506043663350e+01 3.521284150876167729e+01 3.306029411861450740e+01 3.096591636227216782e+01 2.897984589152467905e+01 4.738402214964650483e+01 5.371104624791038162e+01 6.196638918820611508e+01 5.353641571314105363e+01 4.118608062430990202e+01 2.627733902806511779e+01 2.773610695227962708e+01 4.732923121031324598e+01 5.050590340502892417e+01 4.591606876959929906e+01 3.459631090980028745e+01 3.234287305715029959e+01 5.295774579227587253e+01 6.449786385828365098e+01 6.833191673468975580e+01 6.227375439456906037e+01 8.292650459964168874e+01 6.688547087857037354e+01 6.684209951697978624e+01 5.604309025430814728e+01 7.639563968297458985e+01 6.919701509139142104e+01
4.422055790836824940e+01 5.332978380212964709e+01 6.497548817088959083e+01 8.510128409522796744e+01 9.987921580095400031e+01 8.557375018265533129e+01 9.987921580287147094e+01 8.493911029268629420e+01 6.475212910694637003e+01 5.292364814298781539e+01 6.240100432396514663e+01 4.723006046378112899e+01 4.775884167209135711e+01 5.166939805055289980e+01 4.737915960313222996e+01 2.674693088200689317e+01 4.681151249734151065e+01 3.912725232276743270e+01 4.512613489833660907e+01 2.546912417496507075e+01 4.591663981909078274e+01 2.703807658724146634e+01 2.759767715334266924e+01 2.821796102553375363e+01 2.885557153293582999e+01 2.947437535302288936e+01 5.004055989534946747e+01 5.935811552291378490e+01 5.703474491010309322e+01 4.718363267767138325e+01 6.832887299193701836e+01 7.687412271192336277e+01 6.677356726018830102e+01 4.628106357459360254e+01 6.672192285784848309e+01 6.749973060745857367e+01 5.910106180431664313e+01
6.446944091539020860e+01 7.281503965416638380e+01 8.182648911491268962e+01 9.345196009964716666e+01 9.087257875168302235e+01 7.139772870395091786e+01 9.087257876354897235e+01 9.327711683261610176e+01 8.163183111734433339e+01 7.328415120160538265e+01 7.612552295492405108e+01 6.773145540644206619e+01 6.825413363898792340e+01 6.050292732384659899e+01 4.076389651727654240e+01 2.981488477667235770e+01 2.349926387745490786e+01 2.404838463925542413e+01 2.465954691356985151e+01 3.090974571719261377e+01 5.225010844971676960e+01 5.185522460100482789e+01 3.258645455111714284e+01 3.702394307712653898e+01 4.906587421275301608e+01 4.998708711829053897e+01 3.035544854089210887e+01 5.090267186992914361e+01 3.704074431873910100e+01 5.692511308800207814e+01 6.329624470570694683e+01 5.538022004927069730e+01 5.666713104346667507e+01 4.099483365171062843e+01 5.706687545534830974e+01 5.772725924820756660e+01 3.878863625291834438e+01
7.181069495828519678e+01 8.016497555494353833e+01 9.182801399821590849e+01 8.749406418253597906e+01 7.913702340978815641e+01 6.246382800049197215e+01 7.542099211625765065e+01 9.554920279140620210e+01 8.043556390870671180e+01 6.868579060181880891e+01 6.026832287960765910e+01 6.868579060181764362e+01 6.739512817037361003e+01 5.897599609452152691e+01 5.090575596880208309e+01 4.081811627784082219e+01 2.331781871620163216e+01 4.286145413550178773e+01 3.803625282989088419e+01 5.116603787671725456e+01 5.827876356489902321e+01 3.996097678545843479e+01 5.210392522024796591e+01 5.441451666774534601e+01 5.073317877842217882e+01 5.812409750996253877e+01 4.168936126568380018e+01 3.122362321600111557e+01 3.183756276840702881e+01 5.216251405084334891e+01 3.357680572844851241e+01 5.192131748754339071e+01 3.533437770411066481e+01 3.596145214359381015e+01 3.659545972825829807e+01 3.723230361129879640e+01 3.801300067646526060e+01
5.161585491851880647e+01 7.181069495828623417e+01 7.170867306764371563e+01 7.589275038199934897e+01 5.907676503509457433e+01 5.536714917801951685e+01 6.953593748835628219e+01 8.962877113404150009e+01 7.203486705535441104e+01 5.165461471345734878e+01 3.981542917224550848e+01 4.933579133374284709e+01 5.776375862956088980e+01 3.851749308681432638e+01 4.227238009288222287e+01 2.258845895952735461e+01 4.301709331407663939e+01 3.101874992201396353e+01 5.100075774210775847e+01 6.434385151866656827e+01 6.745839322919337633e+01 5.924134208695399906e+01 4.813664626864112961e+01 6.747640917717659192e+01 6.194354916423520763e+01 6.862421905662407084e+01 5.677609314449925648e+01 3.642205305912298030e+01 5.030486534078197991e+01 3.270500344373047596e+01 4.244744483053753470e+01 3.444959794506975470e+01 5.051264375230513792e+01 5.627212410622656336e+01 5.106462161158545143e+01 5.172045719259647711e+01 5.853037332818129101e+01
5.161585491851879937e+01 7.181069495817695270e+01 5.750741530987885852e+01 6.119474701096813618e+01 4.744162139929650124e+01 6.167650783234298473e+01 8.174771338719203584e+01 7.241274530177621216e+01 6.410430854695131586e+01 6.374946908633896925e+01 4.334237828293539252e+01 2.889480860294109732e+01 4.100947843033557660e+01 4.151022457664240761e+01 2.186998402535696329e+01 3.627327992034058468e+01 5.133650538260509677e+01 5.124065844525474489e+01 3.974083132280837560e+01 5.402242448437376510e+01 7.352612091278406581e+01 7.401871545576344147e+01 5.448339476518407309e+01 7.401871545576344147e+01 7.911460993813786047e+01 6.586853681661223447e+01 4.494555792483718193e+01 5.725337830967485075e+01 5.687063104870708230e+01 3.763092724317718307e+01 5.581241210928099150e+01 3.845362119829266589e+01 5.613201910703937614e+01 6.841252944695311555e+01 7.159891861147266923e+01 7.221951598584197995e+01 6.657464114256220000e+01
