LEM/sinusoidal_perturbations/elevation_000929.asc
nrows	100
cellsize	150.0
xllcorner	0
ncols	100
yllcorner	0
NODATA_value	-9999
[rows 17 to 33 of 100, columns 37 to 73 of 100]
8.715319412646596220e+01 7.374352156822352811e+01 5.319547600423383926e+01 5.920991474725811088e+01 4.798580951905799452e+01 3.616514673875651908e+01 3.830409883720028574e+01 4.052319420596041510e+01 4.437831833448007757e+01 4.844765808486056358e+01 5.289663803192046743e+01 6.041692118627949526e+01 8.077702699170865230e+01 9.789195260043128144e+01 1.077520438059160739e+02 1.161964292520223410e+02 9.801380243862469399e+01 8.519455078977428286e+01 9.478582047366856500e+01 8.525724675044656919e+01 6.574110777204859346e+01 7.979120697922955685e+01 9.847918736148005792e+01 9.926539121895775963e+01 9.158053927410063011e+01 8.058717643241278950e+01 9.867527539529595515e+01 1.086399131811113534e+02 1.164006734894763753e+02 1.255550024654255310e+02 1.233906380316792024e+02 1.137439286278443262e+02 1.014251709448818417e+02 8.196780701278602521e+01 7.035903474712928585e+01 6.528098425000058569e+01 6.029996084761467756e+01
7.120264367591646248e+01 7.180048717615957798e+01 5.921385920863028929e+01 3.853842938053257683e+01 3.352223107862696594e+01 5.403547714910266109e+01 5.909194070133563770e+01 5.259405141024129904e+01 6.494289132416717791e+01 6.066050582107789779e+01 7.357864255136119880e+01 6.237023354103754258e+01 6.974369814748925478e+01 7.986349438785137522e+01 9.954285723885881509e+01 1.143233372172119573e+02 9.618925477162973436e+01 8.571462406562956460e+01 7.622849886323814417e+01 8.327120575287629833e+01 6.359359315414458536e+01 8.043044548548645878e+01 8.409022332079543105e+01 8.657254178645627007e+01 7.312343046825175463e+01 7.916443025692097990e+01 8.537985912460842997e+01 9.155019605788771742e+01 9.966265008100086220e+01 1.176171762812217594e+02 1.154026699575827450e+02 9.610562348932842269e+01 8.640033612201615654e+01 7.941475523521000923e+01 9.019254069600241053e+01 7.392144121702155246e+01 5.934206254591716601e+01
5.069108062549246796e+01 5.733450621939638836e+01 4.286982972811487969e+01 3.110559401598739626e+01 5.139821313653287405e+01 4.307565784044666657e+01 6.380950771191566417e+01 7.260597473324256157e+01 8.028150511977172243e+01 8.102167059214582423e+01 8.925061972642127728e+01 8.264642758542960621e+01 8.970317581335517332e+01 9.789195260043128144e+01 1.077520438059160739e+02 1.220358329704258438e+02 1.069415548814690027e+02 9.771536939016429812e+01 8.800943810813777191e+01 6.887414306165263156e+01 8.044502986032783554e+01 6.060238607727848859e+01 6.372168557891319551e+01 6.750962154252081859e+01 8.657254448250249368e+01 9.688488606889990251e+01 1.001791829144315926e+02 1.050265398588791754e+02 1.135095329604418595e+02 1.255550024654255310e+02 1.233906380316792024e+02 1.137439286278443262e+02 1.057541411535157323e+02 9.891361939462818498e+01 1.017240190043662267e+02 8.646001480185009314e+01 7.164288549644334125e+01
3.625966799574346311e+01 4.648076543281020889e+01 2.887195110456587344e+01 4.286982972811487969e+01 5.984623943831705617e+01 5.782343548237019348e+01 5.628224236922621060e+01 7.088063306983487166e+01 9.096128193616642932e+01 8.684373866088564853e+01 8.144328388468646551e+01 8.963972371843870235e+01 9.730386996572399028e+01 8.911427228833152014e+01 9.730409371376191530e+01 1.071976765795083821e+02 9.926595998319191949e+01 8.089572987879165566e+01 7.111333511602890667e+01 6.384613526139794004e+01 7.795430531061975898e+01 5.854145961702455025e+01 7.565325495282367285e+01 8.563968577120138548e+01 8.702756095684105730e+01 9.178922031374085577e+01 8.067190392236456375e+01 8.623783378876980521e+01 1.064070817422030188e+02 1.208680956816535428e+02 1.236696810301650089e+02 1.140027715722460613e+02 1.059903798398867281e+02 9.866610195578493858e+01 9.363145344424117411e+01 8.358492934634097082e+01 6.343002586949626220e+01
4.421213398232745106e+01 2.676756828412900546e+01 4.048667260924138134e+01 5.733515845446630976e+01 7.180048718081711456e+01 7.826116447382928243e+01 7.676211895215743652e+01 8.504159722860815407e+01 8.096224563852406675e+01 6.689423183057823508e+01 6.138848199562672647e+01 7.810616174556888325e+01 8.477007541882548480e+01 6.902077612801927842e+01 7.906762138074562074e+01 9.705702749991000644e+01 1.069500231179445109e+02 9.771517873697774803e+01 9.007304919482585603e+01 7.795019130335761304e+01 5.810559796069357219e+01 5.678029094397330567e+01 7.682234341286608981e+01 8.060242973816457379e+01 6.734828150821579129e+01 7.231070109490082132e+01 8.244162007246788448e+01 9.283575422532058496e+01 9.578768265836725959e+01 1.130425141215091571e+02 1.156532275728522450e+02 9.632753210692136747e+01 8.661216202542334486e+01 7.916699211656752766e+01 7.396311899450574856e+01 6.911557324583370132e+01 8.358492934634078608e+01
2.475876871931785672e+01 4.421213398232745106e+01 5.491221094936029345e+01 6.933774928947933347e+01 7.232156148165211107e+01 7.399707390377878369e+01 7.617208608856613239e+01 8.438306195439574253e+01 7.092422898344965176e+01 5.257044705311084698e+01 4.960058965208314419e+01 6.554226899517151139e+01 6.468337417778471377e+01 5.865534797168861303e+01 6.813225890238921068e+01 8.485467221330601717e+01 1.069199275929692021e+02 9.354511131019627612e+01 9.041466876930633134e+01 7.431388041885364260e+01 5.433389541195759875e+01 7.218836657685142200e+01 7.459083724900214918e+01 6.071071201628807046e+01 8.060242973817106815e+01 9.178922031374085577e+01 9.803698587365749972e+01 1.051064131906947381e+02 1.123417073720926282e+02 1.208680956816535428e+02 1.236696810301650089e+02 1.109070357473329267e+02 9.155242001302687527e+01 9.866610195578493858e+01 9.363145344424117411e+01 7.632436887951278948e+01 9.592569943150961365e+01
4.200949489488378674e+01 5.262195299901154044e+01 6.056353812630742794e+01 5.229595751108282542e+01 5.229595751108282542e+01 5.395594452084298354e+01 5.615212129813231456e+01 7.492182381561197246e+01 6.265386778347423302e+01 4.242130691481210647e+01 4.050468557209334364e+01 4.513747696176498891e+01 5.013773591450031830e+01 6.468337418258475680e+01 8.477007982269543618e+01 9.705701538251797444e+01 1.032971978043435541e+02 8.506973061837447858e+01 7.189815110526356534e+01 6.443277895520317600e+01 7.217621459670681361e+01 5.220903765763385707e+01 5.464420101709797706e+01 5.856399378496379171e+01 7.841025128607971340e+01 8.811142311926899140e+01 9.265190844920040547e+01 9.818994106064799610e+01 1.042779744022085566e+02 1.121352508345538581e+02 1.215018282319832252e+02 1.189226720883940516e+02 1.052511519701895111e+02 1.096318641472565076e+02 9.024842011812775411e+01 9.592569940961530506e+01 1.039489407297022581e+02
4.028971222823978593e+01 5.444746988136541432e+01 5.038875928376178592e+01 3.240820083038288146e+01 4.908373987339996347e+01 3.975077524639269200e+01 5.982585541446793087e+01 6.666990793721372199e+01 4.646857839871923801e+01 3.494702046993569411e+01 5.500667774243431296e+01 6.095241389455546255e+01 6.619013088704727465e+01 7.203553582855303716e+01 7.877462409648759945e+01 8.711443530538198843e+01 9.740280271191886641e+01 9.806552157912233270e+01 9.041474295945431550e+01 7.786997898791851469e+01 6.899676025291495307e+01 5.073562073266961647e+01 7.069813510427533743e+01 7.841025128607971340e+01 6.455466109298765787e+01 6.898300043671279980e+01 7.393100784232586875e+01 7.982236481172404297e+01 8.601387437752694609e+01 9.500914665505895584e+01 1.079780635089874323e+02 1.269909265002525558e+02 1.245615470693187206e+02 1.176494613581522373e+02 1.096318641472565076e+02 1.032890890059077833e+02 9.204407166050827982e+01
3.251434766898358930e+01 3.893147100648027248e+01 3.751444243395049227e+01 2.074046469752296673e+01 2.925202508373648058e+01 4.909292415194366299e+01 4.647115259991472414e+01 5.436060948962963124e+01 4.797601530591308716e+01 3.178839165654757082e+01 3.609983683619252304e+01 4.072780879288502121e+01 4.592533738026358492e+01 5.181293812292869916e+01 5.861332162743380536e+01 6.874770751444049210e+01 8.890831504574222777e+01 1.015413221677753910e+02 8.823209442647129208e+01 6.477910844598024198e+01 4.891849418157043772e+01 6.554621231686014937e+01 7.381647540151264764e+01 8.509174024592331875e+01 8.403322970059507213e+01 8.028146408157306269e+01 9.265190844920040547e+01 8.926090256537032985e+01 1.042779744022085566e+02 1.121352508345538581e+02 1.089606801314849207e+02 1.169891936040933444e+02 1.208012590858521378e+02 1.096328698551944285e+02 1.015831652155931977e+02 9.536456834013775108e+01 7.574453835937792689e+01
1.990376131261399806e+01 2.025230255469187313e+01 2.060155920897559767e+01 2.095184707422680503e+01 4.092196054263219906e+01 4.175218396745753324e+01 2.535334761280040894e+01 4.409008589745865692e+01 2.819266582031289659e+01 4.797600364035033493e+01 5.618138758255065568e+01 6.095241389455546255e+01 6.619013083852399859e+01 7.203553582855303716e+01 7.877462409648759945e+01 8.711433471525754157e+01 9.711517605216778293e+01 9.392655584064128504e+01 7.614743369231541692e+01 7.722704088047865412e+01 6.711162993761874418e+01 4.712677443827310952e+01 5.713835635050484996e+01 7.137640271365815181e+01 9.086642725173396684e+01 9.880734607535319469e+01 1.066112850703337500e+02 1.077401543470195122e+02 1.156207889918230620e+02 1.059929126820798615e+02 9.005391627686042000e+01 1.059929126820798615e+02 1.127009571061770004e+02 9.344437635176818446e+01 8.190196608720162885e+01 9.022021958162093824e+01 9.204407195289006438e+01
3.411538938854300795e+01 4.032422442958603170e+01 4.056555898028841511e+01 2.858737877559497775e+01 2.144961159745549040e+01 2.180479859853512536e+01 2.216109732068153093e+01 2.465279466658721930e+01 4.437191828238699287e+01 5.550820590995093795e+01 5.834837556878487419e+01 6.618851089178907898e+01 7.564707269785719745e+01 8.332261319935973631e+01 7.520869720936390479e+01 8.352691648398140956e+01 9.088938795604077825e+01 8.374002233971810938e+01 7.999854839604361700e+01 6.105645833822298840e+01 6.583772677941576035e+01 4.587593217411679802e+01 6.404628221160230339e+01 7.010926682068485150e+01 7.717545798006602809e+01 8.533583840357876227e+01 9.667760936627364288e+01 1.082051517705045711e+02 1.161390995315628771e+02 9.804485493051286937e+01 7.922554318567104303e+01 9.804485493051286937e+01 1.088269776993140567e+02 1.015831649647299599e+02 8.190196608720161464e+01 6.986800160669076831e+01 8.191146138675834720e+01
5.393017654780742731e+01 5.882257378065238385e+01 4.595262631669467623e+01 2.604081017080331506e+01 4.142208837998018822e+01 4.171256694144008037e+01 4.188607562575047893e+01 2.267233653395114601e+01 3.338338073724442268e+01 4.751544769985191863e+01 3.878833811932233289e+01 4.876717706922153894e+01 6.785400437694339359e+01 7.320800356944246801e+01 5.483281561186795017e+01 7.331251313173149242e+01 8.373954297175748707e+01 6.426978869965489594e+01 7.001344895631302734e+01 6.838220093021325852e+01 4.864115869608367859e+01 6.229302743961233091e+01 4.410558888257815369e+01 5.006450641230076570e+01 5.717720209687203692e+01 6.889708653501250524e+01 8.852924354036866816e+01 8.935837080791850440e+01 1.052059128127584842e+02 9.139122345449223417e+01 7.249515910787378914e+01 8.194573734353855343e+01 1.008556078715931079e+02 1.096328486123100276e+02 9.831177521378559447e+01 8.191146138732291604e+01 6.120709770483266965e+01
5.806253715865672405e+01 5.096279535332553223e+01 3.094484159227156184e+01 4.007643229993585976e+01 5.423117511374969979e+01 5.684140375369612030e+01 3.678236521620179644e+01 4.264090367944810112e+01 2.318501855062433847e+01 2.875652807492310714e+01 4.858917286710790506e+01 6.618842811283316507e+01 7.564706579376279194e+01 6.499011751062472797e+01 4.427887898741934691e+01 6.499012413163374902e+01 7.804458239098921979e+01 7.001328386202034437e+01 5.011793234103588901e+01 5.939960810903706090e+01 4.115706258788290484e+01 4.236864922858441673e+01 5.999766095364245189e+01 6.996570448244453644e+01 7.719186612939786585e+01 8.530687820465273319e+01 8.646421914749707582e+01 7.852748117638883230e+01 9.732395770839765703e+01 8.541576323965063011e+01 6.637446252952825887e+01 8.541576323965063011e+01 9.503797641974212240e+01 1.029830857268702573e+02 9.820585096300906969e+01 7.824938089773085892e+01 7.501000682612510673e+01
6.555359488196695850e+01 5.469349886633976610e+01 3.460428904218403545e+01 5.469368816233883024e+01 6.840380341683015786e+01 6.531647867046524425e+01 5.692593282312027725e+01 4.391256004823554093e+01 2.354842652535382896e+01 4.118240921974627611e+01 4.809181318630393065e+01 6.640425271735752233e+01 5.883474836042623934e+01 5.038226406476216113e+01 3.741516506238377815e+01 4.972491541545408467e+01 6.970953750222072642e+01 7.331300696073145673e+01 5.357157418663108217e+01 3.947035930620530308e+01 5.939960756242969353e+01 6.130866744962749948e+01 5.538488174251914131e+01 7.023162127762495288e+01 9.002489048582511089e+01 8.647180692282587700e+01 6.754330524321241569e+01 8.647180644144836492e+01 9.125723923692940787e+01 8.065543806212002664e+01 6.145899919801410505e+01 8.065543741864000538e+01 7.606816784238858986e+01 9.503797641522334061e+01 1.062900636839359834e+02 8.983531903931481111e+01 6.909736573051253572e+01
7.382723195376847514e+01 5.864436796186699752e+01 3.850203807110448651e+01 5.275834490022238299e+01 7.285453540306893672e+01 6.139349416839105089e+01 5.268648050277821682e+01 4.395825181961350836e+01 2.391171062236505662e+01 4.361391891827575051e+01 5.450593840478457963e+01 4.820684965401203925e+01 4.688954522494005772e+01 3.043011136727522725e+01 4.481128586636862821e+01 4.745914702050873757e+01 6.570844824661269001e+01 7.261672564553308007e+01 5.823033049157284324e+01 3.830725008044361601e+01 5.665220856554469719e+01 6.568905287162914419e+01 7.625257396782392050e+01 8.443531807499768149e+01 9.379494114817835282e+01 7.495999923153979694e+01 6.137107309089998353e+01 7.326349921974546930e+01 7.223315241162183042e+01 7.625147258115569571e+01 5.690794339969581017e+01 6.243644226517388063e+01 7.606816784114523955e+01 9.503797315753156738e+01 1.053952649576403644e+02 9.766674996504353601e+01 8.983057590460133213e+01
6.731655086735771931e+01 4.708430827965921850e+01 4.455342848231487807e+01 6.468576340617217113e+01 7.195505142503918705e+01 5.268841056243315535e+01 3.040257060391690658e+01 2.442480047434681012e+01 3.388031048817102686e+01 4.665250058251233867e+01 4.764166391501565556e+01 2.672494104879497812e+01 2.709818143077163199e+01 2.747270626590180953e+01 3.374273597724994289e+01 4.385771561256314044e+01 6.027425317680700090e+01 5.354521613974215200e+01 5.388218671770029999e+01 5.420644100885159133e+01 3.667387518243413780e+01 5.086533657993710023e+01 7.174830641628314254e+01 8.478520356255233992e+01 9.071009337722109933e+01 8.833450775188089210e+01 7.326349921974546930e+01 5.390221383769865326e+01 5.850918188055264579e+01 6.716456493104048775e+01 5.256715758724543974e+01 7.203036942448986224e+01 8.952555435455549571e+01 1.000213584262830437e+02 8.744113432212697035e+01 8.992254271012326683e+01 9.757511710104419933e+01
5.723234720224874650e+01 6.574683777612078472e+01 5.128503333646489182e+01 7.137904566498643533e+01 6.354668208383888128e+01 4.167874571522600746e+01 4.538652631020648442e+01 2.478783688569067678e+01 3.855336728143707603e+01 4.526643181634445767e+01 2.619900925990003415e+01 3.873487682827641976e+01 4.669942665144539973e+01 4.726148958891597118e+01 2.800706133903494433e+01 4.402793542569736474e+01 5.704715601831815519e+01 5.227709429572536948e+01 3.395117604641556852e+01 3.506658886164018440e+01 4.985955790994666614e+01 6.575248697666478392e+01 7.884470652026504922e+01 6.452618864440997015e+01 7.045990703438846481e+01 7.831547306926236729e+01 7.779785539255229310e+01 6.666462980624747559e+01 4.708157501571863435e+01 4.759505089915775500e+01 6.716456566600740530e+01 7.994810424310543340e+01 8.141270119472596889e+01 8.655018015428544231e+01 7.373019318173008685e+01 7.117541277016204049e+01 8.699295195231077571e+01
