LEM/sinusoidal_perturbations/elevation_000770.asc
nrows	100
cellsize	150.0
xllcorner	0
ncols	100
yllcorner	0
NODATA_value	-9999
[rows 68 to 84 of 100, columns 37 to 73 of 100]
7.127043579745426882e+01 5.116104094143052095e+01 3.735483981838286383e+01 2.930849700490355048e+01 4.770870732014778071e+01 4.629451496626830931e+01 4.889644496598508283e+01 3.492285125011073887e+01 4.866430087516942393e+01 6.954585255762425788e+01 8.118941034596201689e+01 5.840098512862524416e+01 4.209745369615141897e+01 6.350710245869109372e+01 6.806807307568030296e+01 6.620077117872149586e+01 5.493868141516058756e+01 3.540214882559572374e+01 5.207276354421306763e+01 5.497550421210468130e+01 4.392629896494229769e+01 5.894180599628469253e+01 5.306120064272791126e+01 4.329964582796872463e+01 5.708378906861292990e+01 3.958425228431880072e+01 5.922239966165571445e+01 7.219554697322939774e+01 8.055114607194674647e+01 9.314168076021000786e+01 8.447609196117750230e+01 9.314059077641401529e+01 9.969812437548031880e+01 8.412483430096133930e+01 7.144210716586100318e+01 6.171176955044609258e+01 5.266482198700447981e+01
7.706650415486799943e+01 5.701348062717269016e+01 4.521905938711194750e+01 3.252673309825681969e+01 2.803265704815431292e+01 2.714630435420477994e+01 2.958857450698184621e+01 4.888968449415282436e+01 6.243533269822389542e+01 6.294085861938792448e+01 6.285680181785872378e+01 5.506971850779274291e+01 3.792049993527820106e+01 5.709883102642842800e+01 4.948017428679187901e+01 5.005813151656757753e+01 5.063987008331170614e+01 3.651888436846891040e+01 3.259482118454317146e+01 3.721458453675283096e+01 5.115709131720792158e+01 5.392756473848758247e+01 3.560420243152710640e+01 3.621273025166279780e+01 3.759865454013507957e+01 5.645539757300461758e+01 5.553331736499325189e+01 5.234620558999891671e+01 7.228565040688287979e+01 8.234837454365323595e+01 6.360869845841133952e+01 8.267072058024210435e+01 8.018368480146000365e+01 7.761227452475004895e+01 7.954657337454210619e+01 7.038109788816242940e+01 5.038321513512901362e+01
6.493521498245399926e+01 7.362870742110270328e+01 6.431454844645310231e+01 5.281252729143013624e+01 4.468700834262050137e+01 4.443015113217614243e+01 2.590731485500031894e+01 4.001438265114503423e+01 5.777108870476684643e+01 4.562751893241003387e+01 4.510492968421586113e+01 3.344394565682206633e+01 4.331147573642444115e+01 5.485568585821184939e+01 4.760240944431808430e+01 3.049967127912428921e+01 3.111777057422996506e+01 3.173346905862116785e+01 5.122615431606507030e+01 3.348885617954435645e+01 3.411507026014065502e+01 3.473573553498119537e+01 5.285573264847796082e+01 5.561998141440736276e+01 3.715758105910192199e+01 3.782472591769359127e+01 3.849244485611391298e+01 5.775713973890969299e+01 6.720384323263105841e+01 7.345361136748617525e+01 5.338233855389245974e+01 6.481109903579353215e+01 5.664716556875477238e+01 7.281078630177457001e+01 6.285856219921732446e+01 6.543097669915717063e+01 4.817654122050756627e+01
5.168846670454615833e+01 5.996889822512572721e+01 6.357806371567535564e+01 4.251734911270451533e+01 2.482832868253593972e+01 2.472544389382057872e+01 3.918130335659991914e+01 5.147567298031948724e+01 5.158764807800913132e+01 2.946036566880103891e+01 2.750399753846821227e+01 3.678770353802936199e+01 4.579728252061963190e+01 4.700941092672412225e+01 2.962608254537968477e+01 4.920272824369849474e+01 5.063874802159436683e+01 4.331621144917935595e+01 5.032883231887926456e+01 5.400115980714982555e+01 5.472378089836954018e+01 4.264989055634124071e+01 5.983367371238306731e+01 4.901897452873063799e+01 5.699811019036849302e+01 5.196250591257837215e+01 5.753041494817240675e+01 3.944821391708676828e+01 5.914787095534773442e+01 6.695548031465386885e+01 6.061095842531707234e+01 4.344839930754812940e+01 4.417880164603469950e+01 6.410180411080493457e+01 6.589005460356865740e+01 4.706704558996806753e+01 6.702289429850119973e+01
3.197102095036983016e+01 4.710322142187682459e+01 5.122054725907076289e+01 3.935985958082501668e+01 2.421853131716627416e+01 4.339847402021412393e+01 2.530411125627640700e+01 4.498055557905824031e+01 2.647843270805059390e+01 2.689716543006078453e+01 4.085046414592858355e+01 2.812115015616824110e+01 2.855971147304863678e+01 2.900011004446681895e+01 4.851502894596792714e+01 3.053080634833637674e+01 5.009142761678072731e+01 5.655131003458348005e+01 6.466540953809611381e+01 7.493714828670486838e+01 7.079167355124688754e+01 6.173425769720119405e+01 7.027284632578567880e+01 5.953225740507907204e+01 7.573449860468832640e+01 7.378858867606811600e+01 6.734736091238941924e+01 5.905988282737214945e+01 4.041734677447751523e+01 5.996075551933709136e+01 4.242426163783576953e+01 5.956321759903350710e+01 6.265212788680458544e+01 4.521899931543613604e+01 4.597040898408071996e+01 6.589013196718782694e+01 7.518100826691919281e+01
4.710322142187682459e+01 2.741047989313977595e+01 4.275868167497376504e+01 2.371084520798694228e+01 3.643941560099108301e+01 4.733712189115152569e+01 2.653384010677342886e+01 2.589066475246199062e+01 3.799644269044390654e+01 2.876711295303592308e+01 4.631788258411543069e+01 5.169956716459428492e+01 4.972356059532392436e+01 2.888667357668403213e+01 5.506769766596870141e+01 4.823794634231717282e+01 3.143263405500433905e+01 3.851391615867377283e+01 5.777517040040822138e+01 7.487878875149931446e+01 7.002738148826813358e+01 7.754462726841968845e+01 8.484031476992754506e+01 7.770411141807684885e+01 8.543293012689821353e+01 8.586992938190599034e+01 6.825827842541890789e+01 4.836721008987862547e+01 5.765179964786390343e+01 4.140681337636107173e+01 6.120743412383004056e+01 6.841325818463543840e+01 5.080651444297921415e+01 6.490919692877125158e+01 4.901754921574295309e+01 6.860166601285301624e+01 8.209284561964985016e+01
4.237746578887479387e+01 2.650548262709608238e+01 2.320972752879244538e+01 4.153629693244293009e+01 5.041245530871780289e+01 5.342676967511304298e+01 3.287005092900234615e+01 4.557192175670171252e+01 4.889686027807390190e+01 3.552051643955053351e+01 3.741351115644417291e+01 5.611008204729053261e+01 6.693975853687966548e+01 5.992722997239688709e+01 6.006095257478367699e+01 4.060152404502039047e+01 5.095789749914578692e+01 3.233039112876255672e+01 5.182727855406692186e+01 5.471544184401730604e+01 4.957387224725491848e+01 5.696871165638965806e+01 6.899981299266414680e+01 8.921706063802774622e+01 8.904981880732037780e+01 6.926316884188881318e+01 5.775407031720725826e+01 6.825828007848787138e+01 6.491449534236855357e+01 4.504365128640102967e+01 6.501695564528591831e+01 7.435115338837128718e+01 5.491986730503390390e+01 7.419929036697620006e+01 6.860166601285301624e+01 5.363993725558055559e+01 6.813382719176722446e+01
4.657083332352073768e+01 4.117788655554881672e+01 2.286216854430641732e+01 3.759915663272905562e+01 6.009668964621690890e+01 6.082741521995556155e+01 4.014461593368047687e+01 6.078427611957455667e+01 5.934604566721768037e+01 4.233418910024958137e+01 5.610945299125487651e+01 4.687749513012236946e+01 6.494509628497051779e+01 7.153868267364656219e+01 5.190691393386927643e+01 6.011727181320364366e+01 5.085400280663896666e+01 3.295889669747539585e+01 3.813007116315381495e+01 4.056961994555736339e+01 6.064379901667463457e+01 7.754462726841968845e+01 8.586815345963130142e+01 9.750558627988917237e+01 9.732690094183502083e+01 8.586993028536797112e+01 7.182845571956875119e+01 8.586993027482937180e+01 6.903191563514948825e+01 4.895711635447018040e+01 6.903191563514948825e+01 7.853974876771628999e+01 5.934519395723687296e+01 7.853974876771685842e+01 7.799897953483393565e+01 5.765500765332232191e+01 7.226661339270295059e+01
3.028671652706023920e+01 3.993291842433295358e+01 2.251660929113283061e+01 4.257935128240165312e+01 6.276877068021314443e+01 6.930506772452419284e+01 5.216557454898274671e+01 6.930467166207355945e+01 6.742350104883206541e+01 5.080660814890661925e+01 6.742165854074809772e+01 5.423232406707671771e+01 7.273114714187479990e+01 7.965496604456814111e+01 6.328182076030767433e+01 6.921374612995828102e+01 4.909499156097480466e+01 5.244374671514592023e+01 3.383499356086836940e+01 5.327692403708326907e+01 6.836567998747946717e+01 7.793400015290517047e+01 7.912862037555603933e+01 8.730395669054243513e+01 8.792632118265157715e+01 9.610600724717714627e+01 9.162243656352568166e+01 8.487265599962894669e+01 6.486438184285943009e+01 5.321215274505198778e+01 7.332182074211304723e+01 8.648569358821065123e+01 7.853974876471798439e+01 6.637345742731480414e+01 8.235129077499618688e+01 6.240649506544557568e+01 8.235129077605165548e+01
4.103098540409724393e+01 2.202959619483242903e+01 2.994340906061266239e+01 3.267345511925057622e+01 4.470816694234900979e+01 6.769617904616794135e+01 7.269533208411542091e+01 8.115495181056633101e+01 7.651421196892017917e+01 6.850656905005769204e+01 7.651049112207782343e+01 6.484017593196830376e+01 8.110746279681619342e+01 9.095076538759917639e+01 8.281776580280751432e+01 7.772506141147187009e+01 6.428733843971846795e+01 4.647495139979752565e+01 3.445187500277751980e+01 4.800723352269117328e+01 6.671856091067441241e+01 5.807048048678456809e+01 5.927422796598681032e+01 7.396929021695670770e+01 6.818811493821068836e+01 8.792632118265392194e+01 1.033916843349300336e+02 9.332357110299585656e+01 7.818705758430490960e+01 5.812717219030138693e+01 7.818705758430490960e+01 9.223461130817882747e+01 7.360614920996422939e+01 8.519371444972016150e+01 8.694766952677758809e+01 6.744688602518287723e+01 8.694766952690400785e+01
2.154258329460390442e+01 3.496271202815289314e+01 4.682754081098750731e+01 5.364608061031159991e+01 6.276889624838630510e+01 7.564473336427836614e+01 7.317307785626282168e+01 7.414650064212844427e+01 8.241458363641005747e+01 7.918265906822554712e+01 8.747712364425827047e+01 8.410677306735883008e+01 9.232992954823578202e+01 8.755220265536368629e+01 7.923801512693169968e+01 7.211533307364979350e+01 5.846121282524170937e+01 3.963444779718592059e+01 3.506298950198868170e+01 5.455963473772852979e+01 5.883129666390271950e+01 4.401695999892289279e+01 4.771672479148907797e+01 5.403553503781648715e+01 6.408137678058388076e+01 7.555427673521289478e+01 9.519921274943835954e+01 9.456594141414709043e+01 7.450598744442939392e+01 6.424800332974770356e+01 8.420402429923808540e+01 9.761878980635927405e+01 7.896744837462263433e+01 9.761878980635927405e+01 9.192365034594828899e+01 7.265175950274267791e+01 9.192365034594828899e+01
4.046827134914669699e+01 4.848765173147683782e+01 6.016800221482347411e+01 6.185402958091146530e+01 6.668292345048357106e+01 6.403047598008338070e+01 5.323190631797987749e+01 5.419178224672789668e+01 6.654083589612847049e+01 5.919416574990972890e+01 7.333405294651460338e+01 9.330252974040705283e+01 9.082255704617456615e+01 7.075754174524303153e+01 5.909202795740071679e+01 5.216436765727069513e+01 4.662500693393731410e+01 5.845484060638180779e+01 5.440437664364987569e+01 3.592403451648189616e+01 3.913724666839553379e+01 5.873169511502992890e+01 6.753251008274763478e+01 5.556539946195800894e+01 6.969744612724025501e+01 8.940449117956215730e+01 1.003653730478855834e+02 1.030935506211532555e+02 9.083843536322588363e+01 7.093520217126214789e+01 9.083843536322588363e+01 1.039144276845241848e+02 8.502751405002955210e+01 1.039144276845241848e+02 9.748313804740429589e+01 7.822450772145198528e+01 9.748313804740429589e+01
2.339269648972915761e+01 4.296479046033996951e+01 5.367724463469479446e+01 4.160420489795797039e+01 5.111807434910270587e+01 5.381362072926334150e+01 3.934586805000616039e+01 4.280231579398639497e+01 4.661067564261703922e+01 6.654083589612847049e+01 7.340168511490917069e+01 9.338342034361458843e+01 9.913878854840640997e+01 8.755220265536368629e+01 7.923801512693169968e+01 7.211533307364979350e+01 6.609989067652267636e+01 7.017727281230081360e+01 6.363010313749235536e+01 5.548024867108644287e+01 3.679427374533326400e+01 4.520219117570201917e+01 6.399737917239571061e+01 7.540423287510296291e+01 6.502966867916619265e+01 7.256517313021487325e+01 8.392278606558188869e+01 1.035109946252155169e+02 9.933639545490139255e+01 8.080456317138691702e+01 9.933639545490139255e+01 1.122223658478881276e+02 9.418675421776590895e+01 1.122223658478881276e+02 1.039374064616612543e+02 8.457460121889029381e+01 1.039374064616612543e+02
4.296479046033996951e+01 2.582674085182653201e+01 4.545501526235835144e+01 3.097607205595936009e+01 3.285660843385237229e+01 3.474785463896662208e+01 5.436947902678448941e+01 6.263220993800043601e+01 6.654083589612847049e+01 5.339904423866061478e+01 7.340168511490917069e+01 9.021642784645102608e+01 1.017532777844062792e+02 1.031491629937884937e+02 9.163439385312581464e+01 8.337610130429241906e+01 7.018663032195476603e+01 5.013747284449325292e+01 4.586030218889212762e+01 4.184666729546861319e+01 5.576345589774601308e+01 3.767675959943280617e+01 5.155969496923103179e+01 7.249546856331942024e+01 8.477981357242191507e+01 9.220173714036849333e+01 1.003653730478855834e+02 1.117090800759404772e+02 1.094717910813948123e+02 1.008723075550649924e+02 1.094717910813948123e+02 1.220863693873378679e+02 1.136421011512824322e+02 1.220863693873378679e+02 1.121516835081583991e+02 9.415795412984120105e+01 1.121516835081583991e+02
4.465914121279791971e+01 4.545501249003523725e+01 2.835513539809920402e+01 4.766063360449609831e+01 5.241725424262190813e+01 5.436947902909744101e+01 3.807088409110292559e+01 5.193253359625441590e+01 7.187513760251685824e+01 6.755228218904485971e+01 6.193879229337540693e+01 7.349388219735605787e+01 9.343730619183530450e+01 9.489476520560938866e+01 7.494385409321880331e+01 6.317666107882843818e+01 5.700967499437825126e+01 7.018663032101284216e+01 6.580006004806222109e+01 5.134065933296908923e+01 5.696287091190428242e+01 3.830190882404063046e+01 5.802634033402632951e+01 6.874301221325346489e+01 7.331335399798211938e+01 7.839137923452335599e+01 8.535172012816620679e+01 9.403499227728889309e+01 1.048942516266362759e+02 1.194786633053889915e+02 1.112108355948550269e+02 1.112108355948550269e+02 1.194786633053889489e+02 1.309763391041826708e+02 1.219927808834859349e+02 1.137168587934814781e+02 1.219927808834859349e+02
3.043900530100185264e+01 5.011677150307186679e+01 4.798657960892521857e+01 4.219157119592534855e+01 6.192170163211085310e+01 6.024610607437089982e+01 4.046595073061703118e+01 5.439483587667482567e+01 7.437232194275821939e+01 8.752339299031581277e+01 7.607937348610930428e+01 7.607937348610930428e+01 9.603064281772343236e+01 9.746916026887794260e+01 7.753856514583743831e+01 8.054106074235811263e+01 6.744213097369886611e+01 8.518515080473302703e+01 7.729228435705789479e+01 6.377445148796668661e+01 5.865350661512244557e+01 3.892980497983099752e+01 5.506553696380382945e+01 4.999743175312838872e+01 5.463805024011193012e+01 5.960030159836431096e+01 6.593491177029950734e+01 7.515127861015334076e+01 9.594709102589222027e+01 1.079952918157066222e+02 9.135026262884306902e+01 9.135026262884308323e+01 1.028129001691912094e+02 1.226826287256529895e+02 1.249888142989574220e+02 1.169148167989104934e+02 1.194474810507081628e+02
5.011677161059120067e+01 3.618577078458014284e+01 5.594280234983560263e+01 6.198893510144230845e+01 7.024978648555908478e+01 6.281079459413365385e+01 4.294479918578010569e+01 5.435570400334729158e+01 6.850545344155978000e+01 8.849638977940823281e+01 9.603064281772343236e+01 9.603064281772343236e+01 1.043534822067927195e+02 1.057302225604141768e+02 9.746916026887794260e+01 9.661175462616012055e+01 8.861771683657590870e+01 9.653070373270192306e+01 8.866210973483890712e+01 7.917192265642150062e+01 5.670756976553789031e+01 3.956168932386528070e+01 4.373364221082356096e+01 6.264834357818026689e+01 7.331335383873857836e+01 7.839137923452335599e+01 7.501630227495414260e+01 9.403499226384141707e+01 1.047720499631167428e+02 9.974432844666372944e+01 7.978925214802887922e+01 9.033174287429569915e+01 1.044048740276004708e+02 1.243052480310429218e+02 1.137078270433923137e+02 9.735615172798308947e+01 9.991070106933101158e+01
