LEM/sinusoidal_perturbations/elevation_000532.asc
nrows	100
cellsize	150.0
xllcorner	0
ncols	100
yllcorner	0
NODATA_value	-9999
[rows 34 to 50 of 100, columns 37 to 73 of 100]
5.207547988725725219e+01 5.763284050833612326e+01 4.889191491542781876e+01 5.813885089067284895e+01 6.497918153371546168e+01 7.358598645878457489e+01 8.805098065112400718e+01 9.684109290123981850e+01 9.980405762277243298e+01 9.145717657450691718e+01 9.145717657450693139e+01 1.115377144011875856e+02 1.104435560421436975e+02 9.949830727110185080e+01 8.300802924809691774e+01 7.901295918353949332e+01 9.698110228504521046e+01 1.023377886554587661e+02 9.517401417937870178e+01 7.590837073390113687e+01 7.944368217677362054e+01 6.303181065277021133e+01 4.903977025292314806e+01 6.545026091931205769e+01 6.545026089021391158e+01 7.000524594141484158e+01 6.184268969625136236e+01 4.285198795956626583e+01 5.695038184753476429e+01 7.169700967629340482e+01 6.863651733232470065e+01 6.863693279473008602e+01 8.830249244265752395e+01 8.947400672117927911e+01 7.309103269613291332e+01 6.980599503766501357e+01 8.354757812504473691e+01
3.010255805968776244e+01 5.482282551222088784e+01 5.949195512810761244e+01 6.191923115412634360e+01 7.023184941435334849e+01 7.597624283341380647e+01 7.367459053278568604e+01 9.016737353761045881e+01 9.145717650990268055e+01 7.147686440140098796e+01 9.145717650990268055e+01 1.019618246891085533e+02 1.122098793906974521e+02 1.108749162503014389e+02 1.026195194854906561e+02 9.278721685785970408e+01 1.068082060609203410e+02 1.111624221116501730e+02 9.305140365728381369e+01 7.380717938655054411e+01 6.010396777586470307e+01 5.260349341255653854e+01 6.131281574599687900e+01 7.624200193282050009e+01 8.506063122438600033e+01 6.944198158318351943e+01 5.547616514349348904e+01 6.271944432245654610e+01 4.373447399244744815e+01 6.349704896937499399e+01 5.463153481685108659e+01 7.427653164819612641e+01 8.303767864962894407e+01 7.515913005918578449e+01 6.181602043665277080e+01 7.309103269613291332e+01 9.258461172625929692e+01
5.482282360416940037e+01 3.319891378137496218e+01 3.567032308590301426e+01 3.913690217797163484e+01 6.192230861369810668e+01 5.757360565101067351e+01 6.982969205070668295e+01 7.097963122784081236e+01 7.465283246003799889e+01 6.380046734610901638e+01 7.482604449477673825e+01 9.374281278799502104e+01 9.210806265265078707e+01 1.063743401606112400e+02 1.180054018987374604e+02 1.125343489947661197e+02 1.057963584397601977e+02 9.756440140576447106e+01 8.328292953485849637e+01 7.617591659589164976e+01 5.665340121173355925e+01 6.069583800274478591e+01 7.712887239858943644e+01 8.750277712335544322e+01 9.724232366723802556e+01 8.334220243605921041e+01 7.518340202256217708e+01 7.175856156247157003e+01 6.360041648357085364e+01 4.461299747177435648e+01 6.448379032537989985e+01 6.524609077001329638e+01 6.968669129620955971e+01 5.555175552838292674e+01 6.944328487734367172e+01 8.895840101761363883e+01 1.007765868923155637e+02
6.605109914346445521e+01 4.860712692387422607e+01 5.949195209422766339e+01 4.129244754963769992e+01 4.384506770412934884e+01 4.691355413620230053e+01 4.977638839862559195e+01 5.249623991058055594e+01 5.511545483936811962e+01 6.655346603997037391e+01 7.915879546774117159e+01 8.738612462034242867e+01 7.814695975380712412e+01 8.951523547351943932e+01 1.095803446391532532e+02 1.089311311853983568e+02 8.924337769116637276e+01 7.801167757322693319e+01 7.068280504255307051e+01 6.381957301909224611e+01 6.015533108987067124e+01 7.961613281218562577e+01 7.301483780839527071e+01 8.678354660860283332e+01 1.064613444684950423e+02 9.341508680904746598e+01 8.207529735817053052e+01 6.911120983331051093e+01 4.927316357760970078e+01 6.389811760565106624e+01 4.551090672375368484e+01 4.614740284040784957e+01 4.992409681904391050e+01 6.970253169596001896e+01 8.276173482490241895e+01 7.915899612793202778e+01 8.749835543112648395e+01
7.808576728282736212e+01 6.980259136910660800e+01 6.585997684464827273e+01 4.504137529081935298e+01 6.522173708315223450e+01 6.233953449727599860e+01 5.928380745919562855e+01 6.770030538965819744e+01 7.465283246003799889e+01 5.908862592086583021e+01 6.195822513340724669e+01 6.788856763021611584e+01 8.738612462034242867e+01 9.968893773510265532e+01 1.080704967509930299e+02 1.172162259007125726e+02 1.057963584397601977e+02 9.711554328419835258e+01 7.755327331681344560e+01 8.316581004208252637e+01 6.372342713531276814e+01 8.316581004208252637e+01 9.254704016294712687e+01 1.007567241981878254e+02 9.626482751299218421e+01 8.523138301010712325e+01 6.563838751437070584e+01 5.417559577766434131e+01 6.911120983331051093e+01 7.329509670496450724e+01 6.538898657746750587e+01 6.603026887497711073e+01 4.706786887172486900e+01 6.695263561827745491e+01 6.899049733795780526e+01 5.102246529719987933e+01 7.642687968032389279e+01
8.977359414480851285e+01 8.607606026332489080e+01 6.438124961029633653e+01 4.845693772387133436e+01 6.883516823984980704e+01 8.210181689780782222e+01 7.910932002845453326e+01 7.625751660613597949e+01 7.539417760055791007e+01 8.303661809698809293e+01 8.122045642661471732e+01 6.664025303590584315e+01 7.293139764043404227e+01 7.977907565972516579e+01 9.120314287163444078e+01 1.112807490899037219e+02 1.221961115630168706e+02 1.053440143923082104e+02 9.711554328419835258e+01 8.691108184525785418e+01 6.745007869149318935e+01 7.864289139661526917e+01 9.820564004143146519e+01 1.019676858284397838e+02 8.230464306853396295e+01 6.846487530151937051e+01 5.963569824340463299e+01 7.391936178935144142e+01 8.207529799058386288e+01 8.322835716728725686e+01 7.097655343541742923e+01 5.120607871451649373e+01 6.677859295808409001e+01 4.802271092640749828e+01 4.870365623145029588e+01 4.939937426917763474e+01 6.928893993538790141e+01
9.003663689989862462e+01 8.116036602811139744e+01 6.292558737278697123e+01 5.162410076170189654e+01 7.152047504273664913e+01 8.428983757289893219e+01 9.827230791349072092e+01 9.461220399395033098e+01 8.984446750170677376e+01 1.017653879371868442e+02 8.183673097318710177e+01 7.062603909306983496e+01 9.025957247443389520e+01 9.968893773510265532e+01 1.080704967509930299e+02 1.197072495899412701e+02 1.138874906690955413e+02 9.413561080868036868e+01 8.439597488340758957e+01 7.570803365241070537e+01 7.328319371919262437e+01 9.279372981777416385e+01 1.064398545218667778e+02 1.057291343461387925e+02 9.626482751299218421e+01 8.361486576480629651e+01 6.397006245203859720e+01 8.361486576480629651e+01 8.768370402091061067e+01 7.509974135068587486e+01 5.548312567335189271e+01 7.097655343541742923e+01 7.559694578385690988e+01 6.180462244732916588e+01 5.326118205993042665e+01 6.922737962226497643e+01 5.039125392420429961e+01
8.163064271214939538e+01 8.916528217968176762e+01 7.674350482015573505e+01 5.738640949253638013e+01 5.650148799053986437e+01 7.030736723230704399e+01 8.918688719034634005e+01 1.006214397110518206e+02 1.102757931022554772e+02 1.101466498758359762e+02 9.858917388076866928e+01 8.183673097318710177e+01 7.818050319243022273e+01 9.803880174001406544e+01 1.163367311212138873e+02 1.279368337751566571e+02 1.221961115630168706e+02 1.091616959454979963e+02 8.947231128229454100e+01 9.523919853275647540e+01 7.975291805483240637e+01 9.931413569924514206e+01 1.115501436705964551e+02 9.159556148701580014e+01 7.752564284109337223e+01 7.093984054698869102e+01 8.047152722415542314e+01 9.113520484684296719e+01 7.955216692681554491e+01 6.007512425687855284e+01 6.686711807346688374e+01 8.322835716728725686e+01 8.786798486551700194e+01 7.693986966832035534e+01 5.789387624778161978e+01 7.701351200266775265e+01 7.025822728353644209e+01
9.003663689989862462e+01 8.555744621937363092e+01 6.611347319594479188e+01 7.686183713276187746e+01 7.606366896205113903e+01 6.144561522475262194e+01 7.261262059826802329e+01 9.230062248232576394e+01 9.646495868364591786e+01 1.165248753806304620e+02 1.101466498762772801e+02 1.017653879371868868e+02 8.958108989982787307e+01 8.804129246819258015e+01 9.952250130909226300e+01 1.195743402414678229e+02 1.207806797682898718e+02 1.174457546391477365e+02 1.091616959454979963e+02 9.568585754789528153e+01 9.098798934192203092e+01 1.075541217562098382e+02 1.115501436705964551e+02 9.159556148701580014e+01 9.744012329284238660e+01 8.085147511496192863e+01 8.534469267300917750e+01 8.446465704685110154e+01 6.523563915916082578e+01 6.806820296757962296e+01 8.634571388715404794e+01 9.451594245395844496e+01 8.436683350416910798e+01 6.560183732409113588e+01 7.701408805545659675e+01 7.701408805540886249e+01 7.951169939243031592e+01
9.945639766954067795e+01 7.980031202594925333e+01 7.727167123803214110e+01 9.380375535898153316e+01 8.093374929475926649e+01 8.093374929475926649e+01 6.701421273754355923e+01 7.669213431450506846e+01 9.646495868364590365e+01 1.088916944676798551e+02 1.188034133507226642e+02 1.179784506558177100e+02 1.095922509715968545e+02 1.020969681345248574e+02 1.163367311212138873e+02 1.150096357728455985e+02 1.009338216465326212e+02 1.150096357728455985e+02 1.237664721635932068e+02 1.154581221176405563e+02 1.106878631389757857e+02 1.189830625243447315e+02 1.198627072052617848e+02 1.115501436705964551e+02 1.007471187189608912e+02 1.007322948751156702e+02 1.023859815234672652e+02 8.802384407470553640e+01 6.897215297751989738e+01 7.766663851549617448e+01 9.594140127125412221e+01 9.959840890929540080e+01 8.094361504865258894e+01 7.239250128387585903e+01 9.091581325743942443e+01 9.580806127573505648e+01 8.574828973349764283e+01
1.078071986920138983e+02 9.945639766954067795e+01 9.687602533392760051e+01 1.052092062793904148e+02 1.007612671873186798e+02 9.486049685034076617e+01 7.669213431450506846e+01 7.430612175635295102e+01 8.079677841216441436e+01 9.065062205137938633e+01 1.047068628296690349e+02 1.245884246186760720e+02 1.187378575105346954e+02 1.219446146733082230e+02 1.157332983449068564e+02 1.061186081958227874e+02 8.689373789008533322e+01 1.061186081958227874e+02 1.171228900681195597e+02 1.088509539180740973e+02 1.171228900681195597e+02 1.216565656339191008e+02 1.133805027301492885e+02 1.216565656339191008e+02 1.207066650200131477e+02 1.096742282712934013e+02 9.056916351294829326e+01 7.984154372154937107e+01 7.337004683013859108e+01 9.238652732541500257e+01 9.318053087788328526e+01 1.077343577473604768e+02 9.889145322336521815e+01 8.167967519908626173e+01 9.889145322336521815e+01 9.294559802678639926e+01 7.389247196261609929e+01
9.980722193679628162e+01 9.122306122478404689e+01 9.980722193679628162e+01 9.694886881210314300e+01 1.055238878497330859e+02 1.047971042709492195e+02 9.060797970279384117e+01 8.818612399462249130e+01 9.402196686024392136e+01 9.693874963341230000e+01 1.167930644320206426e+02 1.126099110310274796e+02 9.773792805578052878e+01 1.116187991247606561e+02 1.074626175147645029e+02 8.756856585577996555e+01 7.792106047602329966e+01 9.786825829359445095e+01 1.071747620521964137e+02 8.898533494743512051e+01 1.071747620521964137e+02 1.117225946764038014e+02 9.355905272124222449e+01 1.099990682451091146e+02 1.182686160978827559e+02 1.178844698151108759e+02 9.864391399017763717e+01 9.700581321685824321e+01 7.796002637845792549e+01 9.700581321685824321e+01 1.125650782738495934e+02 1.208141654667510636e+02 1.083048872024022558e+02 1.001519513157926440e+02 1.083048872024022558e+02 1.013731924918923681e+02 9.074044327699580492e+01
8.937224386153985733e+01 7.029264690260934856e+01 8.937224386153985733e+01 7.608318367337116683e+01 9.350477069968097510e+01 1.082120042324737454e+02 1.106049567737530737e+02 1.081228544343992439e+02 1.139987702140131489e+02 1.167930644320206426e+02 1.159307526254299461e+02 1.035775771230223370e+02 8.346967102462667754e+01 9.776326991062585137e+01 1.061394199471645123e+02 9.121919235440400087e+01 7.119013035236326914e+01 9.121919235440400087e+01 8.894616747595090089e+01 7.897419051914728527e+01 9.891814443275463020e+01 1.034697777256956641e+02 8.358988159196319145e+01 9.013900558029784804e+01 1.099990682451091146e+02 1.262619269860014271e+02 1.107497175180505877e+02 9.131290165534635150e+01 9.131290165534635150e+01 8.734822824248877282e+01 1.008844707923398971e+02 1.206150919411190330e+02 1.187255472872847122e+02 1.100619467905195421e+02 1.116311618206710392e+02 1.036668125788213075e+02 8.392281161514117116e+01
8.075785406369664088e+01 5.982178657073800565e+01 7.371391989472677153e+01 6.397096656954626326e+01 7.879753716688833265e+01 9.720549493325020762e+01 1.092013414872078840e+02 1.135580710139449394e+02 1.053204386774165755e+02 1.135580710139449394e+02 1.072204152742486087e+02 8.686748637057246469e+01 7.524767325399884044e+01 7.786308844274715568e+01 9.472975724686590127e+01 8.604771078280008112e+01 6.600022980855877108e+01 8.040619133759271620e+01 6.891814814189338279e+01 8.894616747595090089e+01 9.637641532401674738e+01 8.812137772396529556e+01 7.598173495615559148e+01 9.595588326003138491e+01 1.037872141603000387e+02 1.236614291070133760e+02 1.190208603650853405e+02 1.107497175180505877e+02 1.107497175180505877e+02 9.684681819434975125e+01 1.149128640381306639e+02 1.249257648987425000e+02 1.039051517414467583e+02 8.921387406770452344e+01 9.076487351952177107e+01 9.254005706012056010e+01 8.870321434938213656e+01
7.335583641587156478e+01 5.276420537093157748e+01 5.310473295632577617e+01 5.975651449493715717e+01 6.765277026658390014e+01 7.981759809198854327e+01 1.006347587054809907e+02 1.036270149554542854e+02 8.546880268073515197e+01 1.019222061633497418e+02 1.101628238325335758e+02 1.014261875326348559e+02 8.636482445811128628e+01 6.625016280969899185e+01 8.636482445811128628e+01 8.118548245602148938e+01 6.120767454369942584e+01 6.043774823384142536e+01 7.584891032417725398e+01 7.900159173512277277e+01 8.266115852133965802e+01 6.805925132869607808e+01 7.569453469917344535e+01 8.390967047536223333e+01 9.797673482916796672e+01 1.178149521654077034e+02 1.293850013732091497e+02 1.210603024204019675e+02 1.247944871187723948e+02 1.164801380168337204e+02 1.247949386914632299e+02 1.245181938771774668e+02 1.140194710719395346e+02 9.687646786473484894e+01 7.653689828570345810e+01 7.239269583605768332e+01 6.851526718495081525e+01
6.684419093188722627e+01 4.681436904137397192e+01 6.684419093188722627e+01 8.069262254684286972e+01 8.861596556506685829e+01 9.720549493325020762e+01 1.070150846319636884e+02 9.539462067907595610e+01 7.538151515085860410e+01 8.199335136594835660e+01 1.019222061633497418e+02 9.307641177606994631e+01 7.298508457520553350e+01 6.145858609481634005e+01 8.147671547397564495e+01 8.945389863227097749e+01 7.486794488898119937e+01 5.513861702600134151e+01 5.607085240763881018e+01 5.906228374796484104e+01 6.261688572626308513e+01 8.266115852133965802e+01 8.228596478707250128e+01 1.022093107782593080e+02 1.120407178210776209e+02 1.180066150780445753e+02 1.178260895584922991e+02 1.010693678973340468e+02 1.132222492543624242e+02 1.215366842971514529e+02 1.307309190407978008e+02 1.097075769480121323e+02 9.482332151965148626e+01 8.460250973121829077e+01 9.687646786473484894e+01 9.162458256389594169e+01 7.674473897921187415e+01
6.023706392742904114e+01 4.343862515954566561e+01 5.720741964796805235e+01 7.778502913582295264e+01 8.883960061261669239e+01 1.006788055731395986e+02 9.876868389650678637e+01 7.879404857559570985e+01 6.773424949806450002e+01 8.199335136594837081e+01 1.019222061633497418e+02 8.877844102780737501e+01 6.872824381570141838e+01 5.735957315092410624e+01 7.179547718574092130e+01 8.008057684209516935e+01 7.153307281334552670e+01 5.204217252058253962e+01 7.153307281408375218e+01 7.900159173512277277e+01 6.968363696862689949e+01 8.970169249805790912e+01 1.022093107782593080e+02 1.104668658609609793e+02 1.180066150780445753e+02 9.797852862738406543e+01 1.016537509685554568e+02 8.946704087452239662e+01 9.318768040220561488e+01 1.073617343503801038e+02 1.273707838180461920e+02 1.202192479944049239e+02 9.918281900170559595e+01 9.918281900170559595e+01 1.067554488665842740e+02 8.936761274242284969e+01 9.135216262953234434e+01
