LEM/sinusoidal_perturbations/elevation_000922.asc
nrows	100
cellsize	150.0
xllcorner	0
ncols	100
yllcorner	0
NODATA_value	-9999
[rows 17 to 33 of 100, columns 0 to 36 of 100]
5.222468517465790779e-03 5.350447306765976130e+00 1.089744926901831512e+01 1.722200458935518697e+01 3.136414055766766751e+01 5.136429522767784306e+01 4.970883307211101965e+01 4.153363207241106636e+01 2.599367147586005444e+01 3.732854280150019122e+01 5.696154177994795731e+01 7.254155084698666656e+01 7.255382361671064473e+01 7.562319876312990630e+01 5.363683616826445899e+01 4.044817839993253017e+01 3.089240877121816453e+01 2.323773495722189608e+01 3.923457529893104123e+01 4.631839323850289958e+01 5.460442887405714174e+01 6.461583321645301226e+01 6.837379202904364206e+01 4.878633640443540997e+01 6.837379202904364206e+01 8.084614030823121311e+01 6.097704997021367745e+01 4.673755717601598292e+01 4.056899992990238957e+01 3.514932377681282816e+01 4.177653546412889796e+01 2.160980821257564699e+01 4.177653945613656106e+01 5.477872070028496410e+01 4.899182039292324475e+01 6.875000277391390568e+01 7.433959526418476571e+01
7.333276091007126865e-03 2.000733327609065171e+01 3.089745162493661113e+01 3.722198112232139522e+01 4.550631755584367966e+01 4.587567963156941886e+01 3.768024118192716543e+01 2.183626556877276670e+01 4.153363207241106636e+01 5.380774326420360865e+01 6.475789382644704517e+01 6.341841364568519168e+01 4.760522504288253742e+01 6.227575084571584796e+01 6.571774191777669216e+01 4.577843927382241418e+01 4.577767902482086271e+01 3.923457529815029687e+01 1.951708949509776048e+01 2.628232206999539144e+01 3.629930563241703112e+01 5.633748084459217154e+01 6.246795194681077845e+01 4.318774833036501093e+01 6.246795194681077845e+01 7.260880240278656572e+01 7.500749360071031901e+01 6.679657000613062223e+01 5.475943138570540469e+01 4.621042261622670821e+01 3.955244324051916749e+01 2.071774629346460372e+01 3.501157479807865514e+01 5.494466130158979666e+01 6.875000277391390568e+01 7.693841992590607504e+01 7.186383350810015713e+01
6.343274376862209282e-03 2.000634327409979463e+01 3.057847252409871075e+01 4.206443989248861470e+01 4.220066499669574966e+01 3.398676881338916189e+01 1.791709325922395735e+01 3.768027399781729514e+01 4.006674954630454977e+01 5.588990472384792696e+01 6.680262363038879414e+01 5.177728841732094622e+01 3.024780656475367735e+01 4.541176469685616013e+01 5.678901568039574954e+01 4.577823710437110805e+01 2.602096337775338242e+01 3.328191957751507601e+01 1.729334411859610654e+01 3.668716135853002669e+01 5.460442887218344765e+01 6.461583320439930844e+01 5.731510078394995134e+01 3.827509466164767815e+01 4.512964114266728188e+01 5.608881454893102614e+01 6.421298008730656193e+01 6.051852523031001851e+01 4.062846760239203547e+01 2.769896202053439183e+01 1.945368185633546432e+01 3.947206844422899508e+01 3.351741996976064542e+01 4.766901470973194677e+01 6.743784311519472396e+01 7.186383350810015713e+01 5.195240666019412146e+01
3.497053469895897767e-03 2.328358549652782106e+00 2.230521289383866446e+01 2.216646850921159384e+01 3.043462163164454637e+01 1.416579124042969617e+01 3.392700631164780134e+01 4.587021373405593039e+01 4.712027214800986741e+01 5.281151951818164747e+01 5.016941866734321565e+01 3.556488163274166681e+01 2.077192428331908758e+01 2.710324148761866070e+01 4.792778397603920837e+01 4.723644145041108544e+01 2.748969705509995975e+01 1.434212228684507551e+01 3.328247982585251208e+01 3.302693781756862279e+01 4.712579602610612994e+01 6.709038397815785970e+01 6.546333980056343194e+01 5.078443256179439658e+01 3.186517000847575787e+01 3.702109281138103114e+01 5.311193856250800849e+01 5.778020291561589517e+01 5.475942762319986201e+01 3.864471685099296394e+01 1.854879882427300331e+01 3.864471685132455292e+01 5.346055651382260265e+01 6.164296594373395521e+01 6.899969054417570646e+01 6.969665660509951977e+01 4.976977227220857714e+01
9.635555453094322986e-03 2.000963555459689047e+01 5.683167675343488767e+00 8.087662091691431243e+00 1.056200125243074162e+01 3.041237428777400709e+01 4.220066440618900572e+01 4.075260348194017013e+01 2.685015373652219139e+01 3.156469123924624398e+01 3.596971197737831005e+01 2.141516749461084501e+01 1.412850228064094793e+01 3.387308291612252731e+01 4.967288404950426184e+01 5.015428726368973855e+01 3.109345772743989045e+01 1.236499169587021640e+01 2.553105163811657619e+01 4.623498607010483852e+01 5.521553709630882167e+01 6.342015184126602634e+01 7.446225081607352081e+01 5.886922177097006426e+01 4.508006027092368129e+01 2.598760126952492655e+01 3.998449296644957940e+01 3.880709736672171317e+01 4.404345737025306562e+01 3.646682319688525098e+01 1.763510803862862986e+01 2.943362104558356407e+01 5.025230889154745739e+01 6.303920200222079728e+01 4.887610315989847010e+01 6.303386153765087130e+01 5.157055357435796594e+01
8.845047570523793118e-03 2.000884504660665542e+01 2.562053479086077701e+01 2.799442773477456115e+01 3.043461624522198861e+01 3.436633400021727169e+01 2.657099656271070387e+01 2.671318983719982043e+01 1.420509803967413553e+01 2.308485066269779296e+01 4.404975402437947274e+00 8.260262036388306583e+00 1.766251709648129165e+01 3.201931845480958572e+01 3.141440466329273917e+01 3.335293384959364005e+01 2.314319157668812466e+01 1.033084071127548142e+01 2.847437899883059487e+01 4.067124635028240220e+01 3.466059271913275097e+01 5.521756530361367510e+01 6.613239263167483273e+01 4.514029104159705241e+01 4.896411675079099979e+01 3.998442357119805024e+01 2.057024013521238714e+01 3.273072988263642458e+01 3.378221250498887684e+01 1.634265634503243803e+01 3.540567720949130859e+01 4.539837798496280641e+01 5.717893603588819929e+01 5.381024397002265403e+01 3.456912499154804408e+01 4.925931853271291772e+01 4.107422408854756668e+01
8.023991185656003874e-03 1.995383847358105101e+01 2.946551150681708364e+01 2.856770865467182574e+01 3.328988851345901878e+01 2.458686490916012701e+01 1.054690442939666717e+01 1.184188329693023967e+01 1.905061017080001662e+01 2.873954162493730813e+00 3.162922811812930668e+00 1.202818721863958729e+01 1.959782297527212691e+01 2.215629313772647890e+01 2.403344876955252829e+01 1.432649017570078875e+01 1.302035352061247409e+01 8.223166319977849525e+00 2.650630516019372607e+01 1.857393376122866258e+01 3.466087802007199059e+01 5.523575659241206637e+01 6.468654249235858344e+01 4.899241158291393106e+01 2.722357858664595298e+01 3.510479401022845281e+01 1.698031553989008913e+01 2.943903092370068819e+01 1.505863536454393703e+01 2.306160149431876505e+01 3.578672298458111811e+01 4.687202814129143746e+01 5.184351965294678877e+01 4.555579746936066243e+01 2.538809872467556161e+01 3.887739173833993078e+01 2.076064617780008703e+01
4.598823041778624977e-03 1.996967510832937620e+01 1.347764665606518975e+01 1.223075147249316252e+01 1.968464249075076467e+01 1.585215497932434880e+00 1.878398019063976410e+00 2.171335102882220536e+00 2.463492490353903719e+00 1.193001515566307269e+01 1.887630166480069249e+01 3.573056851242847998e+00 3.865344912704114844e+00 4.160520410905036215e+00 4.458763566519816202e+00 4.759384854027349121e+00 5.389421592541362216e+00 1.419214039060301502e+01 7.086874767010937326e+00 2.959602163407962294e+01 3.988976098790215019e+01 4.867548821772039958e+01 4.470563978585074949e+01 4.471810640751508714e+01 3.630491293208006454e+01 1.568629006469635101e+01 1.347861929034207762e+01 1.379186855522764787e+01 2.087991676771402538e+01 2.952008003082159604e+01 2.837090121761429273e+01 3.541569964126463788e+01 3.125884482672200804e+01 3.638306408665273750e+01 1.862731701218828562e+01 1.853394497021614740e+01 3.875914456538259856e+01
7.340434288523949372e-03 2.980209144198222027e-01 5.887321007763296477e-01 8.795662094158593902e-01 1.170523396938243366e+00 3.868035318689110991e+00 2.145782738918976662e+01 2.460847547290538628e+01 4.866367189558274298e+00 1.151917418909019553e+01 2.002570663807770401e+01 8.490288545276362342e+00 2.351549372082715905e+01 2.413631223788805258e+01 6.689636206819525199e+00 2.362268421350080061e+01 5.160039099810088459e+00 5.454014789344866720e+00 5.782175419143833928e+00 2.578735604678116999e+01 1.958348258189552382e+01 3.720403662436984860e+01 4.306007471896067074e+01 2.450052339077347341e+01 3.251551765564691721e+01 1.304469529436938302e+01 3.330608466361790221e+01 3.425104555010062057e+01 1.427331195272782871e+01 1.461579387797381813e+01 1.495921544139704906e+01 1.530308737319213641e+01 1.564784175368217589e+01 1.599381983647539407e+01 1.634169257607348058e+01 3.673309392441171894e+01 1.820249386067481367e+01
3.515918393995972821e-03 1.329364468523927201e+01 2.042211845880824583e+01 1.802369412204768651e+01 2.141387040449815160e+01 3.162674968860270219e+00 4.912304311533298495e+00 2.470330043230799077e+01 3.375875838839969845e+01 2.249937945002912087e+01 3.195332315358293584e+01 1.391609103751373056e+01 2.617916361683497328e+01 3.652731439149631143e+01 2.487053243690870730e+01 3.685361490179464283e+01 1.894788800882122359e+01 2.491544195596096145e+01 2.602751933810983687e+01 6.265549953710558562e+00 7.582496622408578801e+00 2.850568024721086857e+01 3.460721256714615635e+01 1.533110156126623735e+01 1.262391504392616426e+01 3.282822875968010123e+01 2.846742408456478657e+01 4.674126315458459402e+01 3.415624688700660982e+01 3.448686028439968965e+01 3.172065159832526504e+01 2.260189357293352330e+01 3.002100517371101773e+01 3.644005924848037381e+01 2.574612681453902141e+01 1.685265886523866641e+01 1.721774072209413475e+01
4.608085242692564441e-03 9.887739696912797527e+00 2.588346553113048287e+01 3.216092873702842780e+01 1.333736401041124431e+01 2.354883439687457169e+01 2.482679646216152847e+01 8.290891117014179912e+00 2.850986430670764094e+01 4.255476389918437974e+01 4.639703639902484866e+01 3.680604409168461899e+01 2.233083661435016509e+01 4.163020033430883871e+01 4.634235981766611445e+01 5.002368853125420856e+01 3.186253817184890735e+01 4.000703694619814144e+01 2.113276418544355195e+01 2.596589189801796138e+01 6.744271767174329746e+00 2.700741479466898198e+01 4.084706602905200867e+01 3.215970915183266499e+01 1.233709816467623810e+01 3.273293694833775191e+01 4.849654204564382809e+01 5.711750243422981299e+01 5.959773285735275294e+01 5.867332344590070647e+01 4.311517160478237543e+01 3.175356536938844343e+01 4.903869312552451021e+01 4.642399963370390026e+01 2.634896706395424459e+01 3.729085624818570466e+01 2.346963554376506522e+01
1.610643649003322799e-03 1.966415957500884559e+01 3.344187771610076254e+01 4.242464393967892988e+01 2.877625381690804574e+01 3.511230404356964385e+01 3.120004377247958161e+01 1.090191338206417804e+01 3.120008335866436511e+01 4.352633073337426595e+01 5.795236137881897065e+01 3.820370743394911983e+01 4.163096077992526034e+01 3.350314182089633164e+01 5.273269171601899075e+01 6.137188380304748136e+01 5.280581478691250652e+01 4.635044407789905563e+01 3.799972104889533142e+01 2.705955984458001851e+01 7.080486990226266819e+00 7.089735764258772832e+00 4.375262771751614110e+01 2.628851149397494780e+01 1.205799715894794666e+01 3.272466640524906722e+01 5.167669695932792706e+01 5.168160816639429811e+01 7.314112483699949507e+01 7.299636704560556666e+01 6.081825544314638421e+01 4.344665863713095177e+01 5.811905992783950126e+01 3.796438234830739589e+01 4.648275140905717251e+01 4.677045588881500748e+01 2.657773219686909627e+01
2.022278438842990342e-03 1.414415858344652577e+01 3.414438062797766804e+01 4.734780344646254235e+01 5.067741923716237551e+01 5.624186380656319528e+01 3.958128231374244166e+01 3.120050923831237455e+01 1.483231831197508654e+01 3.518813762848274251e+01 4.869910612593172061e+01 5.804108245920276232e+01 6.080122394398980390e+01 4.703945496477745536e+01 6.077959513639507350e+01 5.627385221509008062e+01 4.773093165588268505e+01 5.427215387877165398e+01 3.961841859472962568e+01 7.546995226345379670e+00 1.104796171821935857e+01 2.787476132443282140e+01 4.204102939689195750e+01 3.101445920633077691e+01 1.178261695681159615e+01 3.250300570988803628e+01 3.017334077340542109e+01 4.534746310810918857e+01 6.697562599492002278e+01 6.796470007841634242e+01 7.247328997267358375e+01 6.437048776398972905e+01 6.651329702144879263e+01 4.961288664105470758e+01 5.837849289445219370e+01 3.828620016928886827e+01 4.089444093259373147e+01
6.642187732006160465e-03 8.950920536354331603e+00 1.895111153250278235e+01 3.310339477428492927e+01 5.326389059303485141e+01 6.594198823316676794e+01 5.608819821856656773e+01 4.000657338715257083e+01 1.957310529778141728e+01 1.994289659921468782e+01 4.036465025628530157e+01 5.275893142034743732e+01 6.097546276707730328e+01 6.647357300524447510e+01 6.255990309677353878e+01 4.179303744785502062e+01 2.726036231625432649e+01 3.573501304600488027e+01 4.220747655785418573e+01 2.774575892359412066e+01 8.000911535263464103e+00 2.096289624442633226e+01 3.062562041830900128e+01 2.879799724758080970e+01 1.150439307541973655e+01 1.814608028343760182e+01 3.292681190933577540e+01 5.425621634404389226e+01 5.417261345656518046e+01 4.798112483358739411e+01 6.236102872775960293e+01 8.220986324849891957e+01 7.817285472682443981e+01 6.973870873726556852e+01 6.660238983162497561e+01 4.995514520499658317e+01 6.085510530773177607e+01
1.591255364720534126e-03 1.414372687909579618e+01 3.414372687909649784e+01 4.539978177273410154e+01 5.694687041737211075e+01 5.807863676726800861e+01 3.752059517998338833e+01 2.723939745582875105e+01 3.401472186369439754e+01 4.036465025628530157e+01 2.544877641388973899e+01 3.225657709275915863e+01 4.684394870414652701e+01 6.704425916783358730e+01 6.605215848838781767e+01 4.588712046441265358e+01 3.576702927629461470e+01 1.563508630497029195e+01 2.896679008188195326e+01 2.813853657999316127e+01 8.315091894277736984e+00 1.120334676383416728e+01 1.342473904094855541e+01 1.131124507480343588e+01 1.123755585686911296e+01 1.511220432831058780e+01 3.578719857549349825e+01 4.374570665123759028e+01 3.384266141739315259e+01 4.817064777324433322e+01 7.043481690128277251e+01 7.561429660166359668e+01 8.396355358826022552e+01 8.836008841009153514e+01 7.808729104181946923e+01 6.988499983427963969e+01 7.626785237008252238e+01
6.189296070378335485e-03 8.171155105347709835e+00 1.711542701534702360e+01 2.866243239924966346e+01 4.866243784072716494e+01 6.638204671621544151e+01 5.503877982369263577e+01 3.448558516955893083e+01 5.447218259881957891e+01 5.087611764189368557e+01 3.038798160244442315e+01 5.087611764189368557e+01 4.684388138790386336e+01 6.703912543078823205e+01 6.019137723107465376e+01 3.997814168116074995e+01 2.565106747795857345e+01 2.900662882173369184e+01 9.438294446669505788e+00 8.746354729725247523e+00 2.419997438326571526e+01 2.993500875512889081e+01 3.046483492294211359e+01 1.088858622167572143e+01 2.970988808497048694e+01 3.555363758180070022e+01 1.955631819576200670e+01 2.275505747771397225e+01 2.667324376777743566e+01 4.762423926621030290e+01 5.862237107651068158e+01 5.480352295966474685e+01 7.157327415520202862e+01 6.780052374257377323e+01 8.836008841009153514e+01 8.244464937983542541e+01 6.173633857398899494e+01
2.247884206357958405e-03 2.000224788420600319e+01 3.373979889635010210e+01 4.202406289596250133e+01 5.096833142449229115e+01 6.251532943110659346e+01 6.328917760087744426e+01 4.484613548951864459e+01 6.328917760084826938e+01 5.631519828606950995e+01 3.587757810812446024e+01 5.631519828606950995e+01 6.703912543078823205e+01 7.511443829689166307e+01 6.613793159014531398e+01 4.589846096525543118e+01 4.589845554348352152e+01 2.903751772205593085e+01 9.236403869487324059e+00 2.851569633710919405e+01 9.683796661744263901e+00 1.020111499428819712e+01 1.051358400384727609e+01 1.252365049290516019e+01 3.225558407553833717e+01 4.705030995231138036e+01 4.010116481850140246e+01 3.116339762460906115e+01 4.725244277368481960e+01 3.283429586174873549e+01 3.763932141951026011e+01 4.396600327949970222e+01 5.062540134308705575e+01 6.282184612506951282e+01 8.352794716375422013e+01 7.979608434730540978e+01 5.902113609794307081e+01
