LEM/sinusoidal_perturbations/elevation_000651.asc
nrows	100
cellsize	150.0
xllcorner	0
ncols	100
yllcorner	0
NODATA_value	-9999
[rows 34 to 50 of 100, columns 0 to 36 of 100]
2.064481644892168701e-03 2.000206448164453832e+01 3.140790238245813626e+01 3.817773100211302761e+01 4.656138800518039744e+01 5.716767081836546538e+01 7.410779661768390270e+01 6.630842746672777821e+01 7.410779661768422955e+01 6.965175200488344842e+01 6.124923672200287683e+01 6.236950295250318987e+01 7.077073055844066118e+01 7.808985986552525560e+01 7.938521565775593558e+01 7.097224333476012248e+01 6.955337147548569021e+01 6.955337720473141871e+01 7.797565843822128784e+01 8.080106408308348875e+01 7.240096231944102101e+01 6.200442540789787671e+01 7.921345069733946787e+01 8.627641655164988777e+01 6.642808521488895224e+01 6.384848262940677444e+01 8.043051886934573247e+01 7.377748852174823924e+01 5.420692421961449980e+01 4.437594701040075762e+01 5.051704107370923680e+01 3.041621278354869418e+01 3.086513825115441279e+01 4.519629795745451162e+01 6.490352741678756843e+01 7.002928815800086682e+01 7.648165767036029195e+01
2.905961989428186391e-03 5.549973315045780176e+00 1.132421279201311393e+01 1.799667730883139072e+01 2.806379448168629764e+01 4.861920575088665686e+01 6.474047901512410874e+01 4.761302142450463037e+01 6.474047901512797409e+01 5.795574903159234026e+01 4.100251269024572309e+01 4.211556073580170789e+01 5.641495348461659631e+01 7.674505703569796822e+01 6.764920913279767944e+01 5.065062726902034740e+01 4.924377634958856476e+01 4.924377637129492769e+01 6.955337720473141871e+01 7.082198383656276519e+01 7.924721250771339953e+01 8.279819164149083122e+01 9.108592194118456575e+01 9.443295252380242744e+01 8.627641655164988777e+01 8.370663851345165085e+01 9.187043165417132684e+01 8.206460621695417501e+01 7.221542829272553377e+01 5.371815296055611100e+01 3.349914067891046443e+01 5.057968662439317598e+01 3.271417756212522221e+01 5.282923454385785789e+01 5.738382254226928580e+01 5.101492056121539065e+01 6.078355911460485572e+01
3.542675937824442140e-03 2.000354267593747082e+01 3.140790238121237721e+01 3.817773100211302761e+01 4.656138800518039744e+01 5.683618747008058847e+01 5.696072444561617232e+01 3.794932870293261118e+01 4.971723818214169199e+01 4.133640927588050573e+01 2.941671029230808898e+01 4.362518779528954838e+01 6.388717057799812693e+01 7.177662712694881009e+01 5.923842056072756890e+01 3.901693706399969841e+01 3.500954713967411180e+01 5.118529754670189647e+01 5.500446346635058603e+01 5.044492823210828902e+01 6.690190426711765781e+01 7.754929683459369016e+01 8.257247555647201409e+01 9.091364897991125815e+01 1.009990906849494081e+02 9.226893016012472515e+01 8.255330104384370316e+01 7.444949333870047781e+01 6.762021441135901512e+01 5.603186550151954748e+01 3.585944240567351926e+01 5.603173290973192167e+01 5.282923454362929760e+01 3.543520536818747502e+01 3.741362169426384554e+01 3.945583796320856607e+01 4.155255334108137077e+01
3.411803931810562015e-03 1.414554742764351225e+01 3.414554728836552044e+01 4.470309436496625466e+01 5.298676630578243874e+01 4.740087292854698120e+01 4.115715659111323532e+01 3.097329783731023412e+01 4.133640927587541114e+01 2.124945189263221934e+01 4.133640927587541114e+01 4.896861502716312486e+01 5.046136408738568946e+01 5.207998757487337826e+01 4.330716915228387620e+01 4.331717918148817148e+01 2.744739649797498160e+01 3.103929141403191849e+01 3.481876240804596989e+01 3.881948912851841271e+01 5.037975437309302151e+01 6.980302965780570901e+01 6.232473274542017805e+01 7.247315380137261798e+01 9.267179731157125389e+01 8.411000544373941068e+01 6.478898123366155914e+01 5.513337557816139167e+01 4.808438962830205554e+01 4.156270870867725620e+01 5.603186530002375321e+01 4.028477824446292033e+01 6.023847392392109867e+01 4.976287016581773059e+01 4.914486331533468899e+01 5.931471040450328758e+01 5.482838233135162653e+01
3.327314952832964925e-03 2.000332722525192253e+01 3.056193988654602478e+01 2.470448219775902388e+01 4.470309436496624755e+01 4.115715659111323532e+01 2.159819836526557779e+01 3.351354060075336605e+01 3.645380512324866373e+01 1.639877788340774245e+01 3.326373002279402868e+01 2.883797085804264526e+01 3.032224330257254863e+01 3.185337118419971603e+01 3.923058096825779728e+01 2.323115601491989324e+01 4.330393659585635646e+01 5.118429384495593837e+01 5.500446346635058603e+01 5.905728529803901949e+01 4.590977966488727446e+01 5.149221734518180682e+01 6.319365130504886707e+01 8.343724747582621148e+01 1.009990906849494081e+02 9.226893016012472515e+01 8.255330104384370316e+01 6.856511760812583134e+01 4.905887308447749007e+01 6.144244418291662413e+01 6.325179924747903470e+01 4.349210321423130665e+01 6.325179930419431429e+01 6.930618614558474633e+01 6.296081479527362035e+01 7.215246120065833679e+01 5.307198909378969631e+01
6.779948344387334673e-03 2.000677584597596592e+01 1.056278459338494713e+01 2.361418171320151416e+01 2.484013571321662184e+01 2.607538699155111672e+01 2.725027514984839172e+01 1.375871130634253170e+01 2.988575294695943185e+01 1.181046975886660455e+01 1.321419457033770684e+01 1.468066571575977264e+01 1.616316433189753354e+01 1.768814997475093520e+01 1.923118328190654580e+01 3.929885952251938619e+01 4.986636449862396603e+01 6.040298228390851420e+01 6.973126000770244559e+01 7.470338742298933710e+01 6.701221062214153790e+01 7.174960177726190125e+01 8.010805432149703620e+01 9.177726626357998896e+01 1.007374951556081868e+02 8.114637663931792133e+01 6.751984243152227805e+01 5.788914310012010134e+01 6.289576724252184903e+01 7.664683950404406687e+01 6.634395340898069549e+01 4.678745371487691784e+01 6.634395340675619934e+01 7.773786278971977026e+01 8.234547441441890214e+01 7.851995320430287961e+01 5.941747720339826344e+01
9.516927588586143695e-04 1.198320372937356826e+00 2.397840660745488961e+00 3.615001899645855499e+00 4.841280578615782204e+00 6.076884705046207813e+00 7.319624237048561355e+00 8.594777663174809845e+00 9.916414864081419367e+00 2.995812572963413700e+01 1.837815703405727064e+01 3.473410002524030205e+01 2.372274854649873888e+01 3.775057958889999554e+01 3.929885952251932224e+01 2.188024416585274068e+01 2.920699866482704365e+01 4.157347029319247156e+01 5.968924765891983952e+01 5.989649865112674831e+01 7.937705321200483866e+01 7.813946973561871800e+01 8.650013282104073653e+01 1.041541788295096467e+02 9.566409045324576255e+01 9.505803043061594337e+01 8.532181069274136576e+01 6.751984243152227805e+01 8.225214015061186501e+01 8.443818418416647376e+01 6.512142439169276997e+01 5.144650121213763327e+01 5.347989289392504730e+01 5.852058757516500265e+01 7.773786279067884664e+01 8.669334810546726544e+01 6.879539403218699078e+01
1.945935296826602993e-03 2.000194593488037498e+01 2.239731925115854594e+01 1.775680724518880282e+01 1.898294836741890634e+01 2.607538699155111672e+01 1.334982939904683263e+01 2.875101173915531660e+01 2.406919732438690218e+01 3.831384886716905669e+01 2.372334877242892048e+01 4.381451679753967454e+01 3.790065086564528940e+01 3.790065086560058205e+01 5.032863039694469620e+01 4.195736234893862360e+01 2.462361499675782284e+01 3.038188959029183422e+01 3.974919135113624691e+01 6.012577579185434473e+01 6.377736155528493356e+01 5.782879216740180794e+01 7.813946973561871800e+01 9.225943824338648369e+01 7.501813377073398215e+01 9.224850287751254996e+01 9.505803043061645496e+01 8.114637663931792133e+01 8.898199901743981854e+01 6.960984328672189747e+01 5.857705344378078394e+01 7.077917234435668092e+01 6.710997645889752050e+01 7.205034555393640971e+01 6.705871420313073372e+01 8.637747548346052895e+01 8.244114501990745225e+01
5.600688922766023682e-03 1.414773631265384068e+01 3.414773631366001183e+01 3.775513459406769101e+01 3.898063684080144498e+01 3.964520778850525318e+01 1.967419139880560408e+01 3.964520778850525318e+01 4.418302371865297573e+01 4.962483119540197407e+01 2.949731170529900481e+01 4.962483119550349642e+01 5.809357043738308590e+01 5.215565051846265732e+01 6.647984170165209150e+01 5.076845734190657566e+01 3.088513888550010478e+01 2.759668676793003073e+01 4.763925740504377160e+01 5.290076697815419493e+01 4.353203748994665290e+01 6.377765189663904266e+01 7.751702133005358064e+01 8.111545746361530007e+01 6.315361546798808234e+01 8.367794753306927191e+01 9.842852661149301241e+01 1.007374951556081868e+02 9.716885449928257401e+01 8.360494574853468919e+01 6.434375985471366732e+01 8.360494574853468919e+01 8.645493511631674721e+01 9.146874403829147582e+01 7.379448966919058250e+01 9.325933894083880205e+01 1.022550805559418734e+02
8.215197286175309616e-03 2.000821519728582132e+01 3.180634285768990921e+01 3.887741066955490510e+01 4.716168191701650869e+01 4.788968310589296351e+01 3.380617917219527158e+01 3.380617917219759505e+01 5.374314995222162139e+01 5.800982151026578038e+01 4.107683868122968107e+01 4.218887396990280081e+01 5.647420729522625038e+01 7.242897619104144269e+01 6.087116630896775149e+01 4.086242943902753666e+01 5.049159308128134427e+01 3.027204007836582633e+01 3.057501143499385421e+01 3.277752485067347976e+01 5.295692543317094447e+01 5.971539652122903163e+01 5.717949890859706130e+01 6.075962872994943353e+01 5.546360615669109251e+01 6.988271488677652599e+01 8.474768592539696499e+01 9.243941919283378184e+01 1.007560234927504439e+02 9.176393661217231568e+01 7.536604284585848745e+01 7.788257157860012114e+01 9.741997907856428185e+01 1.014714818424933611e+02 8.342854141009907210e+01 1.014714818424933611e+02 1.082845578918021516e+02
2.613274238814250559e-03 5.776115966135046520e+00 1.180634285769026626e+01 1.887741066955561564e+01 3.042441605334792598e+01 5.042441605334721544e+01 5.374314991231409522e+01 5.374314995117742200e+01 6.197319601024865676e+01 6.969185163999871691e+01 6.130160612131752629e+01 6.242032315161274170e+01 7.080923718975840586e+01 8.514426684464314121e+01 6.925889309371177660e+01 5.073728235121907204e+01 6.795579604876331814e+01 5.757235159260044099e+01 4.214688852671159225e+01 5.295692543314601153e+01 3.620560388933214568e+01 3.951138817302845752e+01 4.289834891936231998e+01 4.643910944454007961e+01 5.117365119109617666e+01 5.757016167279425645e+01 6.436505119588034063e+01 7.210929144142581038e+01 8.653398868016265055e+01 1.030768098822025536e+02 9.485949641290389422e+01 9.741997907856428185e+01 1.056453016457945040e+02 1.113394936370016524e+02 1.030901364715784467e+02 1.113394936370016524e+02 1.165431547812321611e+02
7.532853315450405325e-03 2.000753285331509446e+01 3.180634285768990921e+01 3.887741066955490510e+01 4.716168191701650869e+01 5.870868730080881903e+01 5.406049972815891635e+01 5.406049972815891635e+01 6.253572543242093928e+01 7.217510974281663039e+01 6.411727944456036710e+01 7.217510965961184866e+01 7.267286326806326713e+01 8.070872701972862728e+01 7.938869837311925437e+01 7.100505026671605435e+01 7.938869837311925437e+01 7.077547020076379169e+01 6.238562725367317086e+01 4.695620809503925130e+01 5.639387800927585204e+01 4.212740310900662166e+01 6.236020611737767183e+01 6.672171292936810971e+01 7.150931564084399383e+01 6.290249745889232003e+01 8.326644792314382926e+01 9.243941919283378184e+01 1.007560234927504439e+02 1.149780583053376688e+02 1.014442275266919467e+02 9.331767558952073216e+01 9.331767558952068953e+01 9.383830532308432737e+01 1.019664885105226659e+02 1.080903769892550770e+02 9.997798129976507653e+01
6.101047412966256744e-03 2.000608020735226944e+01 3.983641278747104764e+01 4.952426407209115666e+01 5.780881140430095400e+01 4.822555816065276701e+01 3.391539088893851783e+01 3.391539088893851783e+01 5.406049972815891635e+01 6.234747850289818416e+01 4.437837111472938290e+01 6.234747847117817088e+01 5.307139884279661146e+01 6.942583508447958707e+01 7.119158063789832624e+01 6.975873781049108402e+01 7.786843017742113204e+01 8.374784817399770986e+01 6.349618930969626263e+01 5.863576816695491090e+01 6.954071363506243131e+01 4.923117140259881808e+01 5.001330274063570869e+01 6.436997006407248989e+01 8.471356300022158337e+01 8.326644792314382926e+01 7.955439060142997221e+01 9.978320890073293015e+01 1.016998574475922368e+02 1.074601982642560216e+02 9.331767558952073216e+01 7.390194234964899067e+01 7.390194234964899067e+01 7.440972073631998285e+01 9.071648517599474815e+01 9.833573618550218498e+01 8.050008634776430938e+01
6.842009524227352091e-03 1.155384739177782727e+01 3.155379892573137468e+01 2.952205718823397973e+01 3.873805779802128058e+01 3.036283638741058510e+01 1.976308457947873976e+01 3.981575666020509630e+01 5.061642256016149588e+01 5.424782527960369549e+01 3.439090195511974457e+01 4.994071889010724874e+01 4.158418790315620583e+01 6.135595250541270218e+01 5.154555717336488385e+01 5.007173713544356275e+01 6.404379101799548835e+01 8.365920898071587430e+01 8.374784817399770986e+01 7.302240649993780153e+01 7.793113498707667475e+01 5.828261983856265260e+01 7.032847048137182355e+01 5.956379013257804189e+01 7.133862621155275008e+01 9.166242662548543763e+01 9.978320890073293015e+01 9.599907067310816444e+01 8.214764409548186563e+01 8.787435479910884339e+01 9.169930225280401714e+01 7.231947929810475273e+01 6.035618443419220114e+01 6.334843941372488274e+01 8.262120678194253287e+01 9.023903382376462901e+01 7.091316243487183613e+01
1.934550753332892102e-03 2.000173326233483451e+01 1.319166331064464259e+01 3.122023838335890389e+01 2.786658517452922723e+01 1.033491158190984471e+01 3.032411586771170064e+01 3.471236829779524413e+01 3.075565016988139533e+01 3.856721680646359829e+01 2.732038291605056557e+01 3.004967221495512320e+01 4.539770189158210911e+01 4.794667288397820215e+01 3.746524216347577152e+01 5.729974422252517030e+01 7.591988321389978012e+01 7.799020932880767987e+01 8.584978252100898999e+01 9.327803947167797105e+01 8.701808783798118441e+01 7.269953258221350723e+01 8.701808783798118441e+01 6.976003187954373175e+01 8.829384849986185202e+01 9.999122157388792687e+01 9.341193684030989175e+01 8.530183315068620686e+01 6.854366444794393942e+01 8.787435479910881497e+01 8.597921820742487853e+01 6.666143018338890158e+01 5.301465397520563982e+01 7.231947929810475273e+01 9.071648517452753424e+01 8.379707669413340909e+01 6.457106806013405276e+01
4.364784840791047053e-03 1.595479353192252869e+00 3.191653122127500630e+00 2.302918210638557284e+01 7.882354223969219476e+00 2.768281703022066154e+01 1.291690047939398767e+01 1.475804971521690234e+01 1.662305933177559325e+01 1.862305933204772046e+01 2.065375166319338263e+01 2.297870444208800222e+01 2.547870445985785182e+01 2.803944212391613533e+01 4.794667288398077432e+01 5.974358425039886811e+01 5.662744173489289778e+01 5.874684361562156454e+01 7.461842255105509025e+01 8.240815214594123006e+01 9.088546439908067498e+01 9.301127036359790168e+01 9.843032939618998967e+01 9.009691809154656994e+01 9.843032939618998967e+01 9.908930107959888289e+01 7.959087694374646560e+01 6.600988544450514439e+01 6.135478463273864946e+01 8.056804060762630115e+01 7.796903624438915870e+01 6.800278912652858310e+01 4.850930785695152991e+01 6.800278912652858310e+01 7.901250397114553436e+01 7.098537508725998180e+01 5.903455246874198536e+01
5.219006137575642711e-03 2.000521900613722082e+01 2.319212300778219316e+01 5.508790907581479601e+00 2.551531086472797583e+01 1.942581304126176178e+01 3.287321129026229016e+01 3.471236395379389705e+01 2.239655936934655145e+01 3.856548962984246032e+01 2.620075025072589980e+01 4.290816992541993358e+01 4.525639856939166350e+01 4.794667288398077432e+01 3.212192520559674591e+01 5.153507540652955043e+01 4.260662713945571767e+01 4.837777025510613527e+01 5.504006918679766613e+01 6.393582081727316080e+01 7.759534667298704846e+01 9.632238755749082770e+01 9.922516779585035351e+01 9.081558707853550061e+01 9.348308307521786276e+01 1.018732676298435251e+02 9.341193684030319844e+01 7.416362194933043384e+01 5.494617639578918045e+01 6.792832888821384074e+01 5.863639750206133527e+01 6.085474819157003878e+01 4.419141315506205103e+01 6.393811730167017515e+01 7.098537508726259659e+01 5.163809987150752079e+01 6.867881996341417050e+01
