LEM/sinusoidal_perturbations/elevation_000994.asc
nrows	100
cellsize	150.0
xllcorner	0
ncols	100
yllcorner	0
NODATA_value	-9999
[rows 68 to 84 of 100, columns 37 to 73 of 100]
8.716834616239074762e+01 6.721406396042137033e+01 7.719120506140603766e+01 8.013657205813004225e+01 8.852313632977578095e+01 7.910898249417256523e+01 5.943276710922313555e+01 6.097661136053927322e+01 4.102168065268040209e+01 6.104949585089069330e+01 7.160854987071040512e+01 7.644067780205924123e+01 8.471190597107809594e+01 9.203055044972862220e+01 1.005215825059000565e+02 9.885616291161773006e+01 1.070841305323057639e+02 1.064274317083963268e+02 9.513607392117829420e+01 7.490594557315851887e+01 6.483421794267124483e+01 5.775227311726165169e+01 6.672028385123445560e+01 8.691545749958417844e+01 9.275744674078377727e+01 8.532572292956687932e+01 9.960558476027485142e+01 1.171274379456390733e+02 9.690115784407433352e+01 9.518443347170509128e+01 7.527726001399284428e+01 5.568647197954364714e+01 4.907202716247166308e+01 6.826001492443857899e+01 8.147116560466299973e+01 8.990929844112166336e+01 1.015621689020052401e+02
7.627912465529490760e+01 7.719120506140603766e+01 5.727666130628038132e+01 6.027698553484343336e+01 7.705982641789491083e+01 8.683212978979516095e+01 7.893936713638677816e+01 5.960500451784467657e+01 3.952414009945464102e+01 5.757901074379547168e+01 6.561901094691296521e+01 7.906810838452952339e+01 7.936763959647686306e+01 8.783197447202387309e+01 8.735596373510234969e+01 9.588307792498002868e+01 1.123856694932816538e+02 9.215660218602283749e+01 7.785369785689995581e+01 6.777716120320174298e+01 6.142814367832445299e+01 5.542080303534623908e+01 7.240431799567684834e+01 8.076037412009743832e+01 7.256941306383653512e+01 7.106373492865478170e+01 9.124800362785592256e+01 1.006623843179228714e+02 9.690115784407433352e+01 7.673978965675270558e+01 6.682704027042413486e+01 6.695590206462917138e+01 4.764366057832068435e+01 6.690683874496630779e+01 7.548022555604688932e+01 9.551830288793254908e+01 9.434562323236197301e+01
5.669981868162093264e+01 7.037246286126996608e+01 6.226227054152954565e+01 4.895256508056682776e+01 6.288249596384187612e+01 8.312033121754400611e+01 7.922701915984234233e+01 5.957080300489811009e+01 5.755148458393946953e+01 3.745102829823574098e+01 5.174547610535167763e+01 6.357482069451400264e+01 5.945088848457714903e+01 7.316319130932794224e+01 6.728435248289726189e+01 8.735596373510234969e+01 9.991507665208796141e+01 1.022711358396519756e+02 8.204292154423757211e+01 8.796762834006545972e+01 8.058608452728546467e+01 6.049108342612781541e+01 5.239042488668969355e+01 6.949695645547141964e+01 5.839039771072873464e+01 7.256941306383653512e+01 9.275744674078377727e+01 8.051136044035483508e+01 8.051136044035482087e+01 8.201308442701768797e+01 8.052924302629293152e+01 6.548176898105249677e+01 4.618753575786681864e+01 5.578149393550471302e+01 7.539388892628906547e+01 8.703207268439935262e+01 8.593101989133248253e+01
4.303177000866928381e+01 5.677039265938812918e+01 4.272990390437126962e+01 6.229120444296483328e+01 7.698301199908813430e+01 7.331947556473008376e+01 6.508053475925761688e+01 6.229775747037835032e+01 5.415482471527792541e+01 3.603359382668778466e+01 3.976647341612920172e+01 4.367044786269339340e+01 4.802546889938264485e+01 5.335535020460921629e+01 6.136613748240592514e+01 7.121923679085183778e+01 9.137557994009907247e+01 1.106072609018808635e+02 1.022711358396520467e+02 9.480929219751703840e+01 7.469532892179957173e+01 7.239121426872115705e+01 6.949695645547149070e+01 4.956639176711598793e+01 6.679443088124450867e+01 7.513144171533062377e+01 8.423754132643618675e+01 8.051136044035483508e+01 6.043285119871727318e+01 6.190455745710583102e+01 6.892849014390991158e+01 5.541756940302958867e+01 4.477110061013584641e+01 6.409410367112477047e+01 5.956901950343217322e+01 7.381565697555443251e+01 8.387429742166352753e+01
5.677039265938812918e+01 3.702679271337509448e+01 3.860018165045531902e+01 6.376489421617624487e+01 7.912721534994015826e+01 5.926220807067742413e+01 4.512165415226787957e+01 5.245743019261482232e+01 3.419080062793042174e+01 4.846209114711308530e+01 5.988551630071817300e+01 5.370544473233886151e+01 6.786883491507428801e+01 6.419600172126310156e+01 7.318098176653333553e+01 8.976956510865410621e+01 9.991507664262256583e+01 1.087212843482082860e+02 1.169699223048838235e+02 1.031072688012092726e+02 9.480929219751703840e+01 9.251637284943501527e+01 7.784432206095107176e+01 6.679443088124450867e+01 4.694325590525389202e+01 6.416247463201236201e+01 6.416247463201237622e+01 7.897758423827484364e+01 6.737768453344622799e+01 4.811600321377509459e+01 4.228854829026033713e+01 4.291438289599950906e+01 4.363756993867283995e+01 4.442789987883905667e+01 4.529873316918047976e+01 6.478833720465156887e+01 6.212818955404890886e+01
5.339886173068600073e+01 3.281211773529116726e+01 5.339886173068600073e+01 6.680537187949984457e+01 6.201616482962559473e+01 5.892986399584207646e+01 5.067402723666169351e+01 3.239085762606374175e+01 3.950722816755401823e+01 5.953283421422963073e+01 7.646919282603602142e+01 6.775538363638320050e+01 8.218267178372862247e+01 8.421106853789034119e+01 9.270701687786183243e+01 1.022148392690571370e+02 1.053630833232909083e+02 8.853908911711133101e+01 9.793971123514414501e+01 1.062514930332109060e+02 1.075934711729957343e+02 8.742989952094411876e+01 8.742989952094411876e+01 7.513144171533062377e+01 6.416247463201236201e+01 4.437646343350093758e+01 6.160570060117787250e+01 6.762700258605194392e+01 5.304914894131480452e+01 4.134372626039250775e+01 4.417016324775401870e+01 6.186023079052999663e+01 6.737024478409037442e+01 6.473973364182323564e+01 6.256146329676088413e+01 4.657184345654876978e+01 4.747418516554178325e+01
3.914512211783964091e+01 2.993776964390696804e+01 5.036878578745372437e+01 5.118022673160805880e+01 4.185489693248209875e+01 4.891226852471407227e+01 3.065623999660228094e+01 4.482644213546839751e+01 5.953243430491342991e+01 5.223840182988010383e+01 6.627987160641721687e+01 8.609891974605091036e+01 9.732286544131939365e+01 9.872676205990839549e+01 9.023363653567744791e+01 9.872430841451125616e+01 9.705119473091554028e+01 7.688584116018718362e+01 7.775030697777739874e+01 8.970042931525152596e+01 9.803707884838664199e+01 8.742989952094411876e+01 6.733097564064328822e+01 7.471822392492407516e+01 7.248731804499527698e+01 6.160570060117787250e+01 4.186037435957719310e+01 5.906273640697247629e+01 4.034651713939030060e+01 6.007198624867159964e+01 6.112441269746784656e+01 5.614389335013370896e+01 7.599238843124089726e+01 7.277972698494153292e+01 5.250222254699315982e+01 6.682970701429802318e+01 6.770686268798908714e+01
4.861593244245310785e+01 2.751550849272125632e+01 4.373810511664914458e+01 4.571865155232595868e+01 2.775545887291161762e+01 2.894129633184038397e+01 3.595921138977731601e+01 5.599653019884657823e+01 7.302515627721059843e+01 7.208471140440903469e+01 8.029703868602319972e+01 8.703992047450427094e+01 9.455088007775104586e+01 8.855629246429833756e+01 7.005307763735368098e+01 8.856805617956008803e+01 1.053630810279939283e+02 8.628335325237529219e+01 6.614570036123167540e+01 6.954462488100413964e+01 8.640508322508242145e+01 9.185413569617873009e+01 7.471822392492407516e+01 5.464622873099807521e+01 6.525619464921152257e+01 6.643762395289675737e+01 5.814085581596285834e+01 3.934457319775770401e+01 5.908559998315681838e+01 5.081363863540452286e+01 7.065083506850005790e+01 7.595680495872360893e+01 8.434488274061340007e+01 6.685250065529442054e+01 5.742306664201713318e+01 7.769702762048623867e+01 7.585643399480059657e+01
4.651644445852554810e+01 2.540642154992743684e+01 2.491311866478583426e+01 2.608610575519534791e+01 4.594198605522583989e+01 4.306130160976570664e+01 5.599653239402741178e+01 4.867785734080025151e+01 6.277046778216740819e+01 8.264031981311478603e+01 8.386989401926231835e+01 6.714975885162674274e+01 7.910236239711166206e+01 8.013317158785449124e+01 6.008716992991082151e+01 8.013394128757427382e+01 9.346159278523863634e+01 8.969953552980794598e+01 6.954462472206503776e+01 5.798376681535768284e+01 7.171434404014080144e+01 7.171434404014080144e+01 8.305483484994371679e+01 6.525619239993979193e+01 4.512753105111357144e+01 5.725126595425683007e+01 3.839940869257020495e+01 5.816504405233762753e+01 6.738425784733988166e+01 7.079695816170239198e+01 6.488294415180894248e+01 8.507465360473493377e+01 8.337855383953605326e+01 8.291791581888395513e+01 6.269750191746607015e+01 8.291791619875127139e+01 9.710725108439118003e+01
3.582392759550621264e+01 2.324925145620481359e+01 4.318087896884733823e+01 4.012764920012508441e+01 4.230588116171679047e+01 6.209828092479235551e+01 7.100242648551063951e+01 6.859021263263444723e+01 7.683238743870245457e+01 8.973209351665089173e+01 6.974483185198651825e+01 5.568936842649813457e+01 5.912404390047402103e+01 6.562187793473346176e+01 5.349924090952998768e+01 6.495565364635210415e+01 8.504902494466814744e+01 9.803334861291573077e+01 8.332809413797598097e+01 6.321248890424426037e+01 5.168897424913002681e+01 6.636272945473321272e+01 7.469585588472371285e+01 6.772016734770777191e+01 4.063231065880751913e+01 3.745619273432085095e+01 5.724080293876428271e+01 4.642475594298324637e+01 6.039334812332022295e+01 8.043829301847914337e+01 8.507465393866236525e+01 9.343915217914758387e+01 9.768474102039029106e+01 9.128226081043068518e+01 7.175240038388706409e+01 7.437617108225553864e+01 9.458615702053600671e+01
2.175227188731301808e+01 4.168071085277574639e+01 5.145728190007471170e+01 5.986105203676627440e+01 6.199085550116569721e+01 6.541833639674452172e+01 5.715061938210066472e+01 6.585558732938388005e+01 7.150052292825232314e+01 7.973382177587539843e+01 7.645560032285754914e+01 6.497620531027934021e+01 4.516891131538722703e+01 4.579310773287995318e+01 5.975857579752407389e+01 7.977714147467604278e+01 8.942729058089481953e+01 9.161105211601507392e+01 9.167268981634479985e+01 8.005386076259716788e+01 6.636272945473321272e+01 4.649522604373171220e+01 6.161376966728790450e+01 6.946959981765571968e+01 5.660955744045163840e+01 3.680557202252641247e+01 5.660955744099777576e+01 6.626437649263088758e+01 5.626155578623836107e+01 6.620749625442874731e+01 8.041363248240708117e+01 1.006027890423023052e+02 1.178907920294221299e+02 1.003143542044785761e+02 8.339273723933703764e+01 8.602678826167318960e+01 1.029457403503379282e+02
4.019188502974982669e+01 4.599318987600618414e+01 5.344316989423596453e+01 6.287628082421306175e+01 6.487485093064381658e+01 5.489001044155322973e+01 3.663630838581381255e+01 5.527344468464398375e+01 5.150052091647769004e+01 6.825945816602977345e+01 6.236414500896503910e+01 4.827173324532193988e+01 3.930493608888411927e+01 5.901145651386725177e+01 7.395446812431684691e+01 8.001629561217892217e+01 6.944702708477549891e+01 7.163308763256326017e+01 9.161105211601507392e+01 8.277451026840215320e+01 6.267426588645850671e+01 6.161376966728790450e+01 4.213307500845990461e+01 5.730144003064774694e+01 5.506724975371544417e+01 3.617430193172466346e+01 5.013876644809737826e+01 7.004458520022291168e+01 7.036837722029115127e+01 8.461234516711746778e+01 9.467832363414599683e+01 1.084688009789506538e+02 1.166932570346899354e+02 1.119885711692162289e+02 1.036418249562374143e+02 1.062784721855015846e+02 1.146180906880355934e+02
3.939330940383611335e+01 2.711585012152239926e+01 3.591430049528344171e+01 5.412771771991293690e+01 4.843959301650232163e+01 3.543228507703496177e+01 2.553485150600646492e+01 4.637824980971841882e+01 4.062276666910329936e+01 5.995276399476998819e+01 5.408644483586028429e+01 3.453798356715979168e+01 5.408673296673329389e+01 6.731027402458047959e+01 7.418564526380301061e+01 6.008123728169972821e+01 5.539792286771960050e+01 6.944552621527982694e+01 8.938535852666518622e+01 9.111765321866791112e+01 8.166881203484982166e+01 6.161376965815752271e+01 5.730143979577717772e+01 3.817527194944939595e+01 3.531577785887159848e+01 3.978595336141894734e+01 4.721419700086086380e+01 5.885092053604518014e+01 7.896550083938842590e+01 9.885625832170264005e+01 9.947213770854885695e+01 8.837327849659240542e+01 1.051316902869330221e+02 1.037313842146329250e+02 1.118726719995284640e+02 1.138340209161197265e+02 1.218918116187783909e+02
1.980863956074236398e+01 2.023136652538502389e+01 3.982816850017093913e+01 4.704667798881006036e+01 2.745586533626430636e+01 2.267614981167004018e+01 2.312066769023801882e+01 2.995374134287323287e+01 4.879319277061961202e+01 5.432794280743944171e+01 4.651665239590618484e+01 3.122598489828904889e+01 5.091656386853565408e+01 6.671554463710614868e+01 5.845357721555586750e+01 4.614602501235978593e+01 6.592008068334770599e+01 8.356136228227779839e+01 8.879267233542290683e+01 7.695909628439443395e+01 6.853425399704325116e+01 7.494203136563402268e+01 6.184095294059133607e+01 5.357123853244424794e+01 3.474748478904705706e+01 5.444357624862433198e+01 6.720030773461040496e+01 7.568859412609074866e+01 8.730497152596609567e+01 9.355632999316827636e+01 7.938512094274270225e+01 7.677802018385081340e+01 9.686664519603480983e+01 8.384735721648945628e+01 9.773435962994749104e+01 9.411604332473871182e+01 1.130919224515637893e+02
3.911912990951575608e+01 3.945825215860421764e+01 2.082957409267074667e+01 4.030450139132418030e+01 2.204212128316135022e+01 4.138145032572439419e+01 4.269562129134446593e+01 2.375082035747633213e+01 4.328791531585054031e+01 4.434031296052204851e+01 2.589513565958136709e+01 4.651714639282741359e+01 5.466597068472803045e+01 5.190809850679233506e+01 3.880150391194528936e+01 5.845357721555586750e+01 6.725919875163843642e+01 7.642775331986068466e+01 8.028071995077135625e+01 5.997141553145208093e+01 4.843945360250409493e+01 5.691622544541415607e+01 4.688639866984230764e+01 3.395327229425146243e+01 5.156030838717652642e+01 4.603847344515119033e+01 5.741564151866265320e+01 7.748873211971184105e+01 9.410098520372166320e+01 8.526847141553304255e+01 6.525055926467273082e+01 8.526800370506596494e+01 8.544462651506100315e+01 7.231990766550805461e+01 7.785525681921167518e+01 8.540483469617394974e+01 9.683995902213378315e+01
4.867481028674709620e+01 2.909315518699566283e+01 2.122895409808185363e+01 2.140933253403204972e+01 3.997828910279919512e+01 4.840615905161322274e+01 4.981681889148652687e+01 3.577943280103139045e+01 2.438261802521603983e+01 2.483032069405754783e+01 2.528335954951729647e+01 4.485523085014865785e+01 3.795441142797924527e+01 3.235987468313103932e+01 5.190809849967199341e+01 5.245450157729267460e+01 4.616162870994921263e+01 6.698238052675003473e+01 7.905160017906615622e+01 7.113973617457536136e+01 5.103688442981680140e+01 3.806662213745757839e+01 3.315397888988274389e+01 5.270493401471470207e+01 5.342904846104243433e+01 6.585265015990519544e+01 7.423188502570533842e+01 8.599659677463304774e+01 7.995491771194984665e+01 6.580883808667665846e+01 5.954243892618259792e+01 7.930605512195775475e+01 6.549213077827960205e+01 8.544462651506100315e+01 9.773435962994749104e+01 1.051125794175288917e+02 1.123258878884478662e+02
4.143413913039061214e+01 4.876803768961020324e+01 3.344414418687243540e+01 4.070858983223642724e+01 2.362092233474006875e+01 4.313255398136852392e+01 5.341420695360080373e+01 5.055246351250225700e+01 3.836601633312293558e+01 4.443911484473597540e+01 3.701437440380451704e+01 2.592264390553989628e+01 2.637423555038301970e+01 4.592743183015777930e+01 4.706552117199992580e+01 3.038319965798438460e+01 4.456913866687064996e+01 6.253541295963419344e+01 5.960649163870849065e+01 6.370102466437366218e+01 6.521407965798201190e+01 5.209846260572822985e+01 3.258034265065356294e+01 4.628492523155002658e+01 6.613414585689277203e+01 8.147665187666295594e+01 8.593611684440462284e+01 7.578610183451496596e+01 6.744000461542522373e+01 5.187896061775487055e+01 5.553306058113778931e+01 5.938096634017823305e+01 7.931031788126784932e+01 9.367911388293006780e+01 1.046260686473136161e+02 1.123633870539315751e+02 1.146745610470516397e+02
