LEM/sinusoidal_perturbations/elevation_000906.asc
nrows	100
cellsize	150.0
xllcorner	0
ncols	100
yllcorner	0
NODATA_value	-9999
[rows 0 to 16 of 100, columns 37 to 73 of 100]
9.491292510946287564e+01 8.647761846312651812e+01 9.491292510946287564e+01 9.714384640423955375e+01 9.116451638319615824e+01 9.714384640423955375e+01 9.888295501543295529e+01 9.042786939915522737e+01 9.888295501543295529e+01 1.087287682405490301e+02 1.003507201879703246e+02 1.087287682405490301e+02 1.054568223300628063e+02 9.705067285679777456e+01 1.054568223300628063e+02 1.179036502237425168e+02 1.119951424320985041e+02 1.157743270440021206e+02 1.157743275830387830e+02 1.240544619710345984e+02 1.304773835123546917e+02 1.304773835123546917e+02 1.386663437002047203e+02 1.445842189040975256e+02 1.362620072054103844e+02 1.445842189040975256e+02 1.418916450551162711e+02 1.359995337482855859e+02 1.360339189165541711e+02 1.277034554475800547e+02 1.360339189165541711e+02 1.407069254267343297e+02 1.291209770475760763e+02 1.208000002912881996e+02 1.208000002914491660e+02 1.291209771541010980e+02 1.280743669114087595e+02
8.362558672165711471e+01 6.596856473590898418e+01 8.467954836083926295e+01 7.668080196863137132e+01 7.068145102458012730e+01 7.668080196863137132e+01 8.862678125342353042e+01 6.987411495085541446e+01 8.862678125342353042e+01 9.848135167892186814e+01 7.974469727906956962e+01 9.848135167892186814e+01 9.519228335644690731e+01 7.642432187407304411e+01 9.519228335644690731e+01 9.749104345535393179e+01 9.148325159488096858e+01 9.529853759973391902e+01 9.529853760011297936e+01 1.157743275830387830e+02 1.103080845821264546e+02 1.103080845821264546e+02 1.304773835123546917e+02 1.345562932202569471e+02 1.162209618949840433e+02 1.345562932202569471e+02 1.218158908273787375e+02 1.159408335656820555e+02 1.260054887625901472e+02 1.076692350504598750e+02 1.260054887625901472e+02 1.323739740807561418e+02 1.123272634317130638e+02 1.007616411866616772e+02 1.007616411866616772e+02 1.138998947192584410e+02 1.080286360977894020e+02
6.315143375543174642e+01 5.578436981331090294e+01 7.622309159951777247e+01 7.668080196863135711e+01 5.626610127123255722e+01 7.668080196863135711e+01 6.990772048062791555e+01 5.966444878625054571e+01 8.015099217500532802e+01 9.004770873352003946e+01 6.946785420476024342e+01 7.975778146914001354e+01 7.671892849029882200e+01 6.617583021414846201e+01 8.168164420470512255e+01 8.445097525465057231e+01 7.687286016131710653e+01 8.064425897390309217e+01 1.012957576359603564e+02 1.162155354670117759e+02 9.569520436585739276e+01 1.089605028301020582e+02 1.291901085651356880e+02 1.262414845501972138e+02 1.062197721577025504e+02 1.262414845501972138e+02 1.207138589681424463e+02 1.017893543546533124e+02 1.091499970477292862e+02 9.766698522181079056e+01 1.101197383870241993e+02 1.301668883749476322e+02 1.230747464422656066e+02 1.092308482681816741e+02 8.917997245676498608e+01 9.385468932350298132e+01 1.138998947192584410e+02
4.876401868826827979e+01 4.811883746874440959e+01 6.849798089061185635e+01 6.987577867645507013e+01 4.950374015678163886e+01 6.120767330809410112e+01 4.950430129599798335e+01 6.990772048062791555e+01 7.871435049433291908e+01 8.717296001658499449e+01 7.975778146914001354e+01 5.927600341303536169e+01 5.627201710960498104e+01 5.849505433006556387e+01 6.117836163966043017e+01 6.391305860768937919e+01 7.035482395828685753e+01 9.097000815798105577e+01 9.644310920062443415e+01 1.008586689470819380e+02 8.830479829739847730e+01 1.030016444739919308e+02 1.233464594896831983e+02 1.195675804193655978e+02 9.955192804796897121e+01 1.110328775715655922e+02 1.006941234952059716e+02 1.025544522217462742e+02 8.913226207800049394e+01 9.010176173148656176e+01 1.101197383865171986e+02 1.277480183965454472e+02 1.147582076946805500e+02 9.471331195299424621e+01 8.312913412210100716e+01 9.731413945178148595e+01 1.173594730868287002e+02
6.170493308332273585e+01 4.138296653569536687e+01 5.607254080047167122e+01 5.755160779958332284e+01 5.826343758740158307e+01 4.087416599090962421e+01 6.120719762277137477e+01 6.521056122826152546e+01 5.824633506923092341e+01 6.866044791125791846e+01 7.068033180535384474e+01 5.316381859133377219e+01 7.358251961500872085e+01 7.293892592418963261e+01 6.567688135457372312e+01 8.445097698725319901e+01 6.864197211851247005e+01 7.208836050788248428e+01 7.576238155659811468e+01 8.014785791016421967e+01 8.800660662205201845e+01 1.027069823781805411e+02 1.230588487310532742e+02 1.225913397042562281e+02 1.025714960323877136e+02 9.102068457841338045e+01 8.654108896789138328e+01 8.252628242506540346e+01 8.155172141089848026e+01 1.015840444595721550e+02 9.939541206614850921e+01 1.194272525301415016e+02 1.132677364927079822e+02 9.321928112900783958e+01 7.903710935960005202e+01 9.363326811401891803e+01 1.019430130314412963e+02
5.276204520046177038e+01 5.385684405504694183e+01 3.581732100427128529e+01 3.727162639067337579e+01 3.874097406837977786e+01 5.904256890291099324e+01 4.318606056590376596e+01 4.484173008664846094e+01 4.651805046987000480e+01 4.827053052937632316e+01 5.028050421560263317e+01 7.068031799063680864e+01 8.205405395749124864e+01 9.350521483826790359e+01 8.623370324318045732e+01 7.340226359630864295e+01 8.923995594597406011e+01 8.400414867428197851e+01 9.644310920062443415e+01 8.772579242734087757e+01 1.083511822441743817e+02 1.027069823781805411e+02 1.230588487310532884e+02 1.309032950361280427e+02 1.193368866627635754e+02 1.025714943072032952e+02 1.006941234952059716e+02 9.710459488856122334e+01 7.705070661523973286e+01 8.303487199551676667e+01 1.013576007073486807e+02 1.035307165559226092e+02 1.118397676425626770e+02 1.052099481599433517e+02 8.515855013743328072e+01 7.358265207547098896e+01 8.877027942075169165e+01
3.255815484416805816e+01 3.390039428149227518e+01 5.412279958329003193e+01 5.755089249636665727e+01 4.884706964273317453e+01 6.748875451591528929e+01 5.755047127378573890e+01 6.521056119253120187e+01 5.367897443573759375e+01 6.866044782243345423e+01 5.355566876268795085e+01 7.352794789095270289e+01 7.959828393580365002e+01 1.003660635718683380e+02 9.975924502083135792e+01 7.910360913036498687e+01 9.975924502083135792e+01 1.046467596843701671e+02 1.130081130191752123e+02 9.972443606057012744e+01 1.166858133034970990e+02 1.230588487310532884e+02 1.312907942520103006e+02 1.418434331166845084e+02 1.309016589138609277e+02 1.225909296498611809e+02 1.207138589681424463e+02 1.046202282910747243e+02 8.458536935066796048e+01 7.297650664231879603e+01 8.935669762198807575e+01 8.348562674621925339e+01 1.035307165559226092e+02 1.135225795490685101e+02 1.019430130312880891e+02 8.289757814140773462e+01 6.872059047145282307e+01
5.086154521251819460e+01 5.412071376223295260e+01 6.256690471950533805e+01 7.768356675415139989e+01 6.924116971171633850e+01 7.769904734809509250e+01 7.802878385101062975e+01 6.534085524453743687e+01 7.394238896083972179e+01 8.186320413999433754e+01 6.334607286848663676e+01 5.946526034267835570e+01 7.959828468897991627e+01 9.569158051746104832e+01 1.081492880865985171e+02 9.375593008804767692e+01 9.018736879998670020e+01 1.021529673975648365e+02 1.224959695533231212e+02 1.201355370907399163e+02 1.283874326680875981e+02 1.275060025303040447e+02 1.131685719439237090e+02 1.275060025303040447e+02 1.364776654012281938e+02 1.164167987858266144e+02 1.164167987858266144e+02 1.129286497062475689e+02 1.013575745962360344e+02 8.935669762198807575e+01 6.926498364021891518e+01 8.585917914790711336e+01 9.416718029065503970e+01 1.049593640145395170e+02 1.112609243756521948e+02 9.586321436010112507e+01 7.581267953064752874e+01
4.954837130910580356e+01 5.791756687984721452e+01 6.334610503254337743e+01 6.948456616359929683e+01 7.669396300321140814e+01 8.509835586624078019e+01 9.408170535802078405e+01 7.705424557578957945e+01 9.408170535802078405e+01 8.370982527020758823e+01 8.370982527020757402e+01 7.082726590227464669e+01 6.652141645592354280e+01 8.711972265773292179e+01 1.055354145705400697e+02 1.142525293507544859e+02 1.048083622764634981e+02 1.190634032179987827e+02 1.307298781997145056e+02 1.289202161774227591e+02 1.205157476302556034e+02 1.191014535710628195e+02 9.894121667946336629e+01 1.191014535710628195e+02 1.305905536783037064e+02 1.105458372796105522e+02 9.639589614847385235e+01 1.048577252587316906e+02 9.950600287023948454e+01 9.478183010938987252e+01 8.585917914790711336e+01 6.576721506325469591e+01 7.658610637443358371e+01 9.077273519448661432e+01 1.021220382058246940e+02 1.041736854854612062e+02 8.926842238000538998e+01
3.279769010166104692e+01 3.766113376738186957e+01 4.303604220315135365e+01 4.912792002801585056e+01 5.629644390421434252e+01 6.806947121039853243e+01 8.852791430677763174e+01 9.748189454549866184e+01 1.058143123553698217e+02 1.044988651241670681e+02 1.001176090672173871e+02 9.157971916868973494e+01 7.823659603725684519e+01 7.600391241130316189e+01 8.817089892981763910e+01 1.091385401459425566e+02 1.250975636795605510e+02 1.201981242624113406e+02 1.286085045544582499e+02 1.172529933912689444e+02 1.003414736359730171e+02 1.114816002585882302e+02 9.136041215923856385e+01 1.114816002585882302e+02 1.241645417957756337e+02 1.164167987858266144e+02 9.639589614847383814e+01 8.483341365186640814e+01 7.946303530207806887e+01 7.471474858902301719e+01 7.041674193342349497e+01 6.631164493912545765e+01 6.239164007537020495e+01 7.374721311462077722e+01 8.793462566022280669e+01 9.589146761195152635e+01 8.570502239469441008e+01
4.695365337124400895e+01 5.791288147581296641e+01 6.334610504241482687e+01 6.948457645479436451e+01 7.670349773737446242e+01 8.510152059759964516e+01 9.690908911708089590e+01 9.659973518200165188e+01 8.821336086639793450e+01 9.082621627833333378e+01 9.922094442688194249e+01 1.077337385024417813e+02 9.925429928633693066e+01 8.817089892981763910e+01 1.055354145705400697e+02 1.175151582887541224e+02 1.169196460217513192e+02 9.997676547374886979e+01 1.169196460217513192e+02 1.082405402769663851e+02 8.875311424459506782e+01 1.051187218963263916e+02 8.501853683947105367e+01 9.561835397166639439e+01 1.157702634929549816e+02 1.247341510872348209e+02 1.131651069537566627e+02 9.899245872570884330e+01 9.364084271606010645e+01 8.891490691139939884e+01 9.050351395408121391e+01 8.640331877527535198e+01 6.852701315168073393e+01 5.958994301037359520e+01 7.692303739485700476e+01 7.583219464776757945e+01 7.583219464776804841e+01
3.350043090027000403e+01 5.364664414583536711e+01 6.743288652871142119e+01 7.512432119779462880e+01 7.511271921933159490e+01 9.528885010817606371e+01 9.475682572303108486e+01 8.496115088275928429e+01 6.809140533479208557e+01 7.070157283127079495e+01 9.082621627833333378e+01 9.235079962950084109e+01 1.007443340433205208e+02 1.091385401459425566e+02 1.175151582887540940e+02 1.211227462036039384e+02 1.009088680022934881e+02 8.837737838306136950e+01 1.085233172940721715e+02 9.987241877678181368e+01 7.978403246661727621e+01 9.242650999724966709e+01 7.922928627861681150e+01 9.931629826965803431e+01 1.083139341365830575e+02 1.068138019522669850e+02 1.151575997603223840e+02 1.190177312696885821e+02 1.136657520599498241e+02 1.089458356633797109e+02 1.027803257483980985e+02 8.272992033135327006e+01 8.793461920954378286e+01 7.104752763257161519e+01 5.693359336225329059e+01 7.428896524783128541e+01 5.586118897050328513e+01
5.364664414583536711e+01 4.080795736451185007e+01 4.713575351590112916e+01 5.474300997003091851e+01 6.915961819323069903e+01 8.952862026252383032e+01 8.636681879583635180e+01 6.619256351147110706e+01 5.646051138784966383e+01 7.103468059090560871e+01 7.591819987214414311e+01 7.222505735304753216e+01 8.869152804059187645e+01 9.706935503625003037e+01 1.071497961019985894e+02 1.151430497761365217e+02 9.495374014884798441e+01 8.083969730806991549e+01 9.277319908938386561e+01 8.839300118593664024e+01 7.269760221098826491e+01 7.235477010705703549e+01 9.242650999724955341e+01 1.024516196261230903e+02 8.824338622497668894e+01 8.674616446113903123e+01 1.009280525629935568e+02 1.210232579525800105e+02 1.273654792100356303e+02 1.190498048072972637e+02 1.110904020819004643e+02 1.027803257478002195e+02 9.941660243137017972e+01 8.438661557360381948e+01 7.231623858853943432e+01 5.433456804576314880e+01 7.428896524765468712e+01
6.943468892143728510e+01 5.241379152741545511e+01 6.743288669406143754e+01 7.512432119779462880e+01 7.932709443962306750e+01 8.799243951059020219e+01 8.448793106604388470e+01 6.988413308774991606e+01 4.974090119192415926e+01 5.089362154340921762e+01 5.578293405085719314e+01 6.186024388835248544e+01 6.857641992565658029e+01 7.863800316222994979e+01 9.874505291895383152e+01 1.119029645606332934e+02 9.044073214473947075e+01 7.976438930363237034e+01 7.270061063307366567e+01 6.833443152467114601e+01 6.602854437890343320e+01 8.607926853170303616e+01 9.576152093326857084e+01 8.743725398001699034e+01 7.406793472772504572e+01 9.412191360615673830e+01 1.124938705788294584e+02 1.225452075904104561e+02 1.190498048072972637e+02 9.903179892449009003e+01 1.048949371017321823e+02 1.052937849703658628e+02 9.111348132968559810e+01 8.280718431391427714e+01 7.335141454956325902e+01 5.339582875548052243e+01 7.206714207109072845e+01
6.945362694699390715e+01 7.278045821706518836e+01 8.117737111616575874e+01 7.493321365045225946e+01 5.896182304743746982e+01 7.595798040916106686e+01 7.612480372885477209e+01 5.599015267794140271e+01 4.435716420919651881e+01 6.450005814737866672e+01 7.591819987214414311e+01 8.198649200228004474e+01 8.869152804059187645e+01 9.706935503625003037e+01 1.071497961019985894e+02 1.206285675624510247e+02 1.083044353603657726e+02 9.924063821964284671e+01 9.277319908938386561e+01 8.247805215490463127e+01 6.244633216821065247e+01 7.869241291078506606e+01 8.152797026569047034e+01 6.739789792278165237e+01 8.743725397990334613e+01 8.409009536456126455e+01 9.411573334744534236e+01 1.141917303478805366e+02 1.200776863138567023e+02 1.048949371017321823e+02 8.486266966639547604e+01 9.418723975555225536e+01 7.693317768900530496e+01 6.275225094376411050e+01 5.878485132189514673e+01 7.186647620429276628e+01 5.209052803926558539e+01
5.504500060893207802e+01 7.544732224955127720e+01 7.493321365045225946e+01 5.476467208011438714e+01 4.732402205727499478e+01 6.682911308137047968e+01 6.628071380812019697e+01 6.123232654826938415e+01 4.109854196819591721e+01 6.123127814149830073e+01 6.905318714068380359e+01 7.512306302105689326e+01 8.182958283729833227e+01 9.015706901894805014e+01 1.002080731049358491e+02 1.064706087811059660e+02 9.810167524455783905e+01 9.810167524455783905e+01 9.561290714206339203e+01 8.726427052448416077e+01 7.869241291078105860e+01 5.868535058478822464e+01 6.151356628033649088e+01 8.152797026569047034e+01 9.576152090220752200e+01 1.041537318476628400e+02 1.124938705788294584e+02 1.225452075902434643e+02 1.117692959092807286e+02 9.175343729980262708e+01 8.172215251708429662e+01 7.412130654702421850e+01 6.924631528089049937e+01 8.280759902378257209e+01 7.879630253602171308e+01 7.118037482714527187e+01 5.118414114917850810e+01
6.945362694699390715e+01 7.456371699249464768e+01 6.622723409243664605e+01 5.846566829313898950e+01 3.834559961797985750e+01 4.987691609129213788e+01 4.616052012619168465e+01 5.428538826681619867e+01 3.797157050101866105e+01 4.333248261175339167e+01 4.891485495241180104e+01 5.499156220183105859e+01 6.171002338857420000e+01 7.177954051719304118e+01 9.187962515740342440e+01 9.810167524455783905e+01 7.769409150020645427e+01 7.769409150020645427e+01 8.726427052448919142e+01 6.722118057281623749e+01 7.309166570370483385e+01 5.610156699186422458e+01 7.608771525464543117e+01 8.984729670074425201e+01 9.425129198065309311e+01 9.898663758731701989e+01 1.011917275822897864e+02 1.095616381378127642e+02 1.200776863138567023e+02 1.100635520390576119e+02 1.017613639943062935e+02 9.418723008161767041e+01 8.932053593540251768e+01 8.776989948828271793e+01 7.936839389573511028e+01 7.030184040769023568e+01 5.028525605315712710e+01
