LEM/sinusoidal_perturbations/elevation_000212.asc
nrows	100
cellsize	150.0
xllcorner	0
ncols	100
yllcorner	0
NODATA_value	-9999
[rows 0 to 16 of 100, columns 0 to 36 of 100]
8.271705653423140972e-03 2.000827170565306901e+01 3.829208430942883012e+01 5.390804100727609693e+01 4.579773605769858591e+01 3.821978257705188753e+01 2.826591260593174582e+01 5.096866008136482051e+00 4.882129403933601175e+00 5.174234583717414182e+00 8.482242957823116214e+00 3.285991582460579963e+01 4.620626449647038925e+01 5.434520765728652236e+01 5.879477337021135952e+01 6.444892929062316966e+01 6.510132023912950672e+01 5.710944981794816755e+01 6.280600797818154035e+01 5.668209367427349576e+01 5.927548382672310368e+01 6.435251730626342237e+01 7.072419132630153626e+01 7.890279463097354551e+01 9.195600211546258151e+01 1.000936953542608165e+02 9.891700579205944166e+01 9.070791334774614256e+01 9.668343220685115114e+01 8.848861230130025035e+01 9.668343220685115114e+01 9.506286830809416699e+01 8.685234916452492371e+01 8.757125186426428343e+01 8.243166072186689064e+01 8.939153929045056657e+01 9.761287701959022911e+01
7.813061968023241044e-03 1.000781306196793707e+01 3.000781306196758180e+01 4.579773605768718170e+01 2.448857149634812203e+01 2.804349896521428320e+01 1.575463017597632742e+01 4.468601822511404364e+00 1.879327128153181903e+01 2.122065578519447371e+01 5.594735554605400729e+00 2.553037250565241578e+01 2.756292117791611673e+01 4.626438202836656188e+01 3.900308838136039924e+01 4.479963709413194550e+01 5.375517496924202021e+01 3.731681878981671474e+01 4.818153213324743689e+01 3.502732332426487005e+01 3.966744319832049825e+01 4.671347819358891940e+01 5.559590341316148709e+01 7.145403291386472233e+01 7.258452004709444338e+01 9.195600211546258151e+01 8.754313618455768164e+01 7.105682885273046168e+01 8.685320765799546905e+01 6.887935845052179218e+01 8.685320765799546905e+01 8.372687649386676867e+01 6.729547264385853111e+01 6.801248503947738300e+01 6.299901019762312160e+01 6.970602996212879532e+01 7.946476115849056043e+01
2.526786264046545528e-03 2.000252678626369018e+01 3.829208430942883012e+01 4.014323645435811727e+01 3.010532037167561370e+01 7.581976241969051067e+00 4.049552314170501432e+00 2.408810713587498142e+01 2.914539938295203214e+01 2.582601956639200225e+01 5.894146369204330327e+00 1.431699483057292710e+01 3.246892614383241948e+01 3.308242706407476419e+01 2.430879556009616849e+01 3.834019725536935397e+01 4.113639406905078033e+01 2.520324081108551439e+01 2.884986493284355902e+01 3.680636332968974500e+01 5.505452169528447826e+01 4.705400700170012129e+01 5.294307052155006232e+01 5.943936873580125990e+01 7.825829578328591651e+01 9.328216672773980633e+01 7.359657938306587255e+01 6.008848622903056480e+01 6.906003852382907837e+01 5.943520050518353059e+01 7.868398537591103548e+01 7.510166412176151596e+01 5.645156010756623033e+01 5.471706813728138741e+01 6.801248503947739721e+01 8.757125186431457564e+01 9.761287701959022911e+01
4.163169627051843593e-04 2.000041629632024254e+01 3.299417158983526832e+01 1.906577232252211829e+01 2.240859255908424430e+01 3.629587486446637978e+00 1.036516771227115363e+01 3.043774621593027518e+01 3.672876868560128827e+01 1.180926228292572056e+01 9.180565102917427112e+00 6.317766431392339399e+00 2.817471685826786043e+01 1.239931685644811310e+01 1.489122886215204211e+01 1.756954634596081988e+01 2.039925892920857109e+01 4.113634711430222524e+01 4.907107216159851504e+01 4.862740147031597360e+01 4.794510428235423660e+01 5.875950445974335423e+01 7.211852886978324761e+01 7.824278989474687762e+01 8.633910770067755891e+01 8.754372854226846812e+01 8.275977768471359752e+01 6.338542076241682111e+01 5.022137803043329995e+01 6.310147239825371202e+01 7.113775652838528174e+01 6.701509886516649317e+01 4.825287331491349363e+01 6.701509886516817005e+01 8.189652945240452198e+01 8.773455381874933323e+01 9.594455697706023045e+01
5.883922493566802643e-03 2.000588392249321146e+01 2.468557371535564116e+01 4.204297791427952902e+00 3.209416246233025127e+00 2.188899903649585355e+01 2.079658557038582956e+01 3.837390964396382032e+01 3.432016553447706997e+01 1.477809726710403915e+01 1.867497843623221954e+01 6.617286527749498326e+00 8.971637829878668313e+00 2.356821777456680422e+01 3.563608676009376097e+01 3.244916226905431955e+01 4.113639406905010532e+01 2.965943688775168141e+01 5.010898219097424544e+01 6.731489668576321606e+01 5.828013916833531738e+01 7.206943735751720226e+01 8.292749775569802750e+01 9.574056814301378893e+01 8.189404420644228821e+01 6.804752026985543978e+01 7.628758744801373837e+01 7.716625388246407624e+01 6.310278074045798746e+01 4.435974566832158672e+01 6.310278074041850260e+01 5.816120018264990676e+01 4.451871645655234033e+01 6.326265375511725608e+01 7.389895303851808706e+01 6.816805955176644716e+01 8.773455381874933323e+01
1.256007409845548732e-03 2.000125560062416596e+01 3.123566595883961838e+01 1.476885150710895189e+01 2.912364551906497123e+00 1.673386446997905708e+01 3.554392754265165877e+01 4.797249866879975144e+01 3.641251702672609269e+01 1.994942727642089153e+01 2.348133430537286870e+01 6.919750218399323138e+00 2.703477847035303228e+01 3.738926133100862614e+01 5.241051192459843122e+01 5.256241517354950332e+01 5.816169711971839007e+01 5.010898219097668260e+01 4.126647862408686507e+01 5.423021778060946474e+01 7.398663827643851221e+01 8.248485243137871237e+01 8.544050675649914695e+01 7.729226825423108949e+01 6.804752026985543978e+01 5.468429833434057485e+01 5.713649524932909429e+01 7.078571197020309569e+01 5.935417372603018293e+01 4.056602210999795233e+01 5.424075854241486638e+01 3.935942257910267017e+01 4.396747694671542916e+01 4.877581619068396890e+01 5.486592535829856843e+01 6.565157481244992255e+01 8.516508120994581077e+01
9.594114293757748102e-03 1.833979302282924806e+01 3.157127217506058159e+01 1.170204378531509448e+01 2.615432734863968545e+00 1.148041541185064851e+01 2.290946551270248221e+01 4.371336993142911354e+01 4.099530866240248628e+01 2.685204712532111415e+01 2.597793373362923219e+01 9.714583142017952255e+00 7.347791459783625356e+00 3.177973748614568450e+01 3.979676284019616617e+01 6.050104193964585875e+01 7.329060477462982703e+01 6.937064774233229514e+01 6.135802386508092354e+01 6.937064774307359016e+01 8.281545105452426014e+01 8.279074593890987899e+01 7.426342833479570515e+01 5.806236780829326705e+01 7.426342833478994976e+01 6.274572028719509120e+01 4.393651017829311201e+01 6.274572028719509120e+01 5.912958612599432939e+01 5.119064041777171781e+01 3.539268185135918543e+01 5.424075854241486638e+01 6.270594664255470008e+01 6.755461047844491418e+01 6.189737335679674146e+01 8.121238906308838068e+01 9.337390021954135477e+01
7.711341127313004785e-03 2.000726588373132486e+01 3.467039710209535031e+01 1.933718707539727433e+01 2.318744794733863746e+00 2.238413482871260385e+01 3.891260463492381660e+01 5.048906316932495741e+01 4.688649077612819127e+01 3.581936557489343187e+01 2.698867311670597147e+01 7.773831935094648315e+00 2.767444674681581063e+01 1.785504284135118525e+01 3.979695946974051424e+01 5.645028608982661211e+01 5.266551223303345353e+01 7.329060597587071868e+01 7.105114933823702472e+01 7.061330909137956269e+01 7.901357164012550527e+01 7.467153334448929058e+01 5.553590528417855410e+01 4.729254417851275605e+01 6.618988005527923235e+01 5.731596902738566257e+01 3.849816954829537963e+01 5.634194601466408159e+01 4.841385794151209154e+01 3.235318383112360863e+01 3.756033140749591581e+01 5.597494556498351415e+01 7.093531585543790641e+01 7.914831443960144952e+01 8.121238906308838068e+01 8.939757374804612766e+01 8.989752703137291689e+01
2.297228869525369630e-04 1.965506588232081953e+01 2.914731466615927502e+01 1.927998342983788405e+01 2.022112665371977869e+00 2.219058071911304708e+01 2.951346128579218231e+01 4.697132277590558402e+01 5.380933125100022352e+01 4.197278088941834540e+01 2.326067401240565857e+01 8.072065472376038997e+00 2.798502966552112525e+01 3.967954586308213294e+01 2.827692366678998326e+01 3.570704241053885397e+01 5.645017601216691361e+01 6.484934235581380335e+01 5.026397333511397392e+01 4.949893012342108278e+01 6.696426970895734598e+01 7.540066564448252961e+01 5.904735835754086537e+01 4.025852116630324673e+01 5.904735845933899441e+01 5.228670056854522841e+01 3.346322663215831739e+01 4.575495204823160122e+01 2.961192318807793811e+01 4.841385794151209154e+01 5.597494556498351415e+01 4.574933430641045362e+01 5.204782926127970910e+01 6.262755498501213225e+01 8.228392825300588242e+01 9.315310700534577393e+01 7.323283428690621122e+01
9.647730019007896146e-03 5.211602855320623284e+00 1.600941498105725103e+01 1.520056585709456698e+01 1.725552967500356250e+00 1.013191383082049590e+01 2.428762594520044971e+01 4.251643121424665139e+01 5.541629729341044452e+01 4.233608587635561094e+01 2.816364685474083629e+01 8.364965857671887051e+00 2.131884575409426219e+01 3.926976822989811922e+01 4.911386849545576894e+01 5.645028621373927535e+01 6.485099617989733645e+01 5.469768334462327175e+01 3.613390852451522051e+01 3.776191254401139474e+01 5.791245247823289333e+01 5.661390692227871568e+01 5.383627259575393964e+01 3.507127885635535591e+01 4.701084756815129140e+01 4.758083292181431290e+01 2.877717083150264799e+01 2.696087608901488508e+01 4.575495204823180728e+01 4.287708024387441696e+01 6.178082168015059494e+01 6.424338294331894872e+01 7.089609688549110444e+01 7.905984125238394711e+01 9.054595249592189532e+01 1.013944643691111764e+02 8.989752703137291689e+01
3.582433992925927561e-03 1.734196844789632408e+01 6.342955133236076293e+00 5.671122059295636397e+00 1.429263277227693196e+00 2.533700089669005351e+01 3.655835030032805832e+01 4.907685855244866957e+01 4.983840969692033696e+01 2.637569416558147495e+01 1.305941728162857274e+01 8.649523941069304556e+00 2.825122689909781570e+01 3.038471034170693486e+01 5.016011556509585745e+01 5.431562665832318970e+01 5.186497571581453769e+01 4.409839982280450954e+01 2.716783611026790979e+01 4.498203833971514598e+01 5.090329001946498977e+01 4.208407085174064122e+01 5.861159867494824738e+01 4.701081467768310063e+01 2.821571249930289582e+01 4.076518613748103803e+01 2.430964071608685373e+01 4.314790274756591515e+01 5.366572400590526115e+01 6.178082168015059494e+01 6.980678017569422877e+01 6.684930257013692767e+01 7.507277510296469814e+01 7.623715377662495030e+01 8.470213820504059754e+01 9.510609736383717916e+01 9.436624500582944108e+01
1.813270376062421294e-03 1.729415176217713324e+01 1.913314949195834558e+01 1.010850478357302462e+00 9.954564708355695402e+00 1.136015171161217729e+01 2.287476123373317805e+01 4.218629263413642150e+01 3.875816887689596513e+01 2.971861287664448525e+01 2.872661106874616976e+01 8.923080435182480841e+00 1.029378860494587222e+01 2.490985162904335581e+01 4.589192744953633962e+01 3.517742772031030540e+01 3.542844973087097316e+01 2.634886691837065698e+01 2.280418841353801795e+01 3.538891379802510073e+01 4.139783892430310885e+01 2.903977608850342662e+01 4.142769644226116554e+01 3.853554689330141514e+01 3.869962898385755068e+01 2.184234177939152133e+01 4.064550630908068030e+01 5.042321902727701399e+01 5.595419215927734058e+01 4.790001433574265377e+01 5.169913598605558747e+01 4.752510207571950929e+01 6.020324216868414879e+01 5.662371674625813966e+01 6.668530356571119455e+01 8.476182817003227399e+01 8.613078434139823969e+01
2.372884694381488524e-03 2.975456943913397101e-01 5.927516247273552086e-01 5.480509609429622842e+00 1.361797412251816120e+01 2.884379975965483567e+01 2.224417448447545098e+01 4.005809232117311325e+01 2.998083697453539642e+01 9.974104780019519723e+00 9.289703453143596690e+00 1.289471773326732418e+01 3.019015948034709851e+01 3.602999247931423810e+01 4.414860418791462138e+01 3.399233894208840923e+01 1.918540745068627729e+01 1.683920548543450479e+01 2.881534450159253424e+01 3.183069336536979321e+01 1.573443361999466461e+01 2.368982588224556807e+01 2.472894802592259111e+01 1.794480698399849672e+01 1.954063686107297571e+01 3.730786568188548102e+01 3.776723505329141517e+01 4.576570127414510836e+01 4.264772365475130300e+01 2.791462042362561391e+01 3.234391995872959313e+01 3.658408962588179492e+01 4.106176761554094412e+01 4.731182384406675112e+01 5.686651008737491253e+01 7.646667276973231253e+01 8.440650503205780808e+01
8.175220331382775790e-03 2.000817412693632136e+01 2.433120592901319323e+00 8.936371273092516887e+00 2.376811486719036282e+01 3.602180715079088458e+01 3.158093424517011982e+01 4.808711055380363320e+01 2.975459016092509046e+01 9.647465144271601289e+00 2.908316645383155219e+01 3.094147127087444815e+01 2.663090436062541855e+01 2.360769538219977193e+01 2.981027444808715643e+01 3.071180755937517759e+01 1.222429100572587046e+01 1.253932347952670412e+01 1.285279249532255008e+01 1.316444811058594233e+01 1.347473514755742485e+01 2.234930319042327085e+01 1.574276624486151199e+01 3.192506582881059884e+01 3.300058470754115802e+01 3.425601130843152475e+01 2.167245372710275930e+01 3.684944442266937870e+01 2.151872412737365892e+01 4.264772365475131011e+01 5.169913598605558747e+01 5.568614891176193282e+01 6.020323624479404856e+01 5.661864816003398460e+01 6.693182617051257921e+01 8.476183068773714524e+01 9.267697007961945133e+01
9.124702163186202558e-03 1.739409489291788447e+01 2.324621732974290822e+01 2.928716751844475041e+01 2.091869763575973096e+01 4.077368231088289718e+01 4.385756133539594259e+01 5.578685275003442001e+01 3.193037346680016952e+01 1.549966492109213867e+01 1.001586585816908581e+01 1.550031852936588450e+01 1.083299715354626613e+01 1.114215261961244963e+01 1.145748813553821499e+01 1.177594863667216174e+01 3.124356230998273531e+01 3.359580705451062244e+01 3.333190009612302163e+01 2.275318033231141257e+01 3.353956607091936348e+01 1.391039160204177172e+01 1.421602375192738776e+01 1.452397889265506414e+01 1.482721673796160466e+01 1.512517267994829595e+01 1.541802768662264889e+01 1.570701561979866412e+01 3.592368391749258194e+01 4.661543434708135436e+01 5.542160456615071240e+01 6.441715031388559964e+01 7.497982391457762219e+01 7.615287066376902203e+01 8.441376762972956271e+01 9.647875431845756111e+01 8.340577052095135002e+01
2.239863785106879172e-03 1.545498170123428494e+01 3.729893376964265173e+01 4.884814771274749035e+01 4.150321080493509385e+01 5.042584784878171433e+01 6.320554371060555354e+01 5.220835755779120291e+01 3.233990165357803193e+01 1.879710140980196797e+01 2.465687488945602723e+01 1.041009872956685101e+01 3.047051891071545882e+01 3.252347134076617152e+01 3.188306231209118735e+01 1.222015798318689228e+01 1.769620692462752842e+01 3.795001364074883554e+01 4.895641204879063224e+01 3.639614208857847188e+01 3.311758064853002281e+01 4.020371880778845508e+01 2.228574988413204139e+01 3.557159754962320619e+01 2.696363268286609838e+01 3.596187574615779425e+01 3.567440226217965460e+01 2.087156191935762095e+01 1.611538674448264530e+01 2.491549823583916279e+01 3.606682474235054059e+01 4.910597276159725055e+01 6.785735706602461903e+01 7.238843495468033495e+01 8.076851526298342776e+01 9.202985812871317250e+01 6.774083490477889313e+01
1.766589122093755728e-03 1.414390221285316862e+01 3.414390221285387383e+01 4.731347817330631500e+01 5.173149394640753940e+01 5.173149394641202292e+01 5.998085263226207786e+01 5.127841139004393511e+01 3.124882708247916341e+01 3.243905782289836282e+01 3.379664096557480235e+01 2.210887928987427742e+01 1.487566256781594021e+01 3.532598757212854679e+01 4.240788332968018182e+01 3.592081326932057550e+01 3.828237858418462736e+01 2.533567563744785645e+01 4.616393138239338612e+01 5.679997987362913392e+01 4.978238897685277919e+01 5.490527802722024120e+01 3.460915073625111660e+01 5.204348526998261093e+01 4.492879791558330282e+01 4.615567193774595012e+01 2.938395478215816325e+01 1.652344158164997268e+01 1.704205871079886236e+01 3.781446788733594389e+01 4.552068487174533118e+01 5.151747343136236879e+01 5.829368499052680619e+01 5.070138659844968032e+01 6.727044449582840002e+01 8.788973897569911742e+01 7.927000739041068300e+01
