LEM/sinusoidal_perturbations/elevation_000176.asc
nrows	100
cellsize	150.0
xllcorner	0
ncols	100
yllcorner	0
NODATA_value	-9999
[rows 0 to 16 of 100, columns 0 to 36 of 100]
8.271705653423140972e-03 2.000827170565306901e+01 3.034494907204793535e+01 3.493326375392098981e+01 3.993326376346254136e+01 4.570676646985457836e+01 5.237343317394573461e+01 6.065772185801998262e+01 7.065774524662296585e+01 7.658377741845866638e+01 6.892331375011845296e+01 7.127329681616012635e+01 6.987431518611607828e+01 6.987431992686278193e+01 7.754738371713882827e+01 8.584611466484386710e+01 7.440990952810945203e+01 6.620003235767997296e+01 6.620003235767997296e+01 7.440990952807015901e+01 8.729490654651110049e+01 7.888944647983370828e+01 7.742772831116626264e+01 6.898339713609463786e+01 7.164598813018493217e+01 8.008017325437521094e+01 8.861682521831352233e+01 8.024809911147040964e+01 8.125936377927520482e+01 7.295281808941794566e+01 7.770496574196916129e+01 8.604175276257049632e+01 8.075665226597277524e+01 7.808237945952805603e+01 7.293652839397395837e+01 7.986576150361571536e+01 8.822901192418090943e+01
7.813061968023241044e-03 2.000781306196766707e+01 1.034494906588929020e+01 1.493326374330056616e+01 1.993326374330065320e+01 2.570676643519701088e+01 3.237343310186390966e+01 4.237343310186425782e+01 6.237343331491454279e+01 6.596515834734428552e+01 5.057356941300623276e+01 5.296741463245430737e+01 5.153446788741318585e+01 5.153446789036826914e+01 6.987431694495111856e+01 7.762927304012657714e+01 5.783324748619580191e+01 4.613221870686975734e+01 4.613221870686975734e+01 6.286559059204932254e+01 7.339094256462631449e+01 5.837187820292827212e+01 6.213692213845779833e+01 4.844397215925338429e+01 5.111014556747755933e+01 7.164598813018493217e+01 7.712967232426385067e+01 6.047916203055678608e+01 6.980370841987418373e+01 5.319885347956309829e+01 5.791663494546401836e+01 7.506045652772861843e+01 6.100695158989016420e+01 5.836278575392636725e+01 5.326358585723198757e+01 6.026693062261578859e+01 6.993315920507411931e+01
2.526786264046545528e-03 4.172815067405560185e+00 2.417281506924270928e+01 3.493326375392098981e+01 3.407539936704144168e+01 4.570676646985330649e+01 5.237343317394573461e+01 6.065771944429674534e+01 7.065771481979925284e+01 5.832908398245471915e+01 3.910533522461462752e+01 3.910533522461306433e+01 3.755441005315194047e+01 5.690608157245907961e+01 6.217773417505020461e+01 6.981965779656668758e+01 6.850701820557858923e+01 5.461387474433742284e+01 3.421182634509192155e+01 4.502986850055715706e+01 6.516269330637570079e+01 6.213692213845779833e+01 4.159083935162301771e+01 3.657399794542043026e+01 5.712495459671517750e+01 7.059598558516648836e+01 6.883449796621209771e+01 4.888837764614511627e+01 5.731860003013277094e+01 4.131457002364226128e+01 6.154786130435588376e+01 6.508111120242305958e+01 4.683460552242535613e+01 4.407690679277523316e+01 5.836278575392636725e+01 7.808237945952805603e+01 8.822901192418090943e+01
4.163169627051843593e-04 7.559705777147216921e+00 1.650397768714621805e+01 2.805098307093852839e+01 4.805098307070402086e+01 6.235967904014541574e+01 6.270676704083231101e+01 5.421387381242235648e+01 6.270674974992516582e+01 6.170755906798021329e+01 4.723024745365012933e+01 2.672826286220986347e+01 4.723024516437285314e+01 5.897528077631785237e+01 4.325676905075543743e+01 5.897540387639008230e+01 6.025894429866038848e+01 4.004623752873067133e+01 2.826953263787725135e+01 4.872431068021321465e+01 6.325968453192608365e+01 5.479896763442971519e+01 5.027463571295026412e+01 2.977221987159349226e+01 4.159083934946820449e+01 6.213690884854247543e+01 7.140558971230294105e+01 5.148357785076807147e+01 3.685094216244176835e+01 3.419858833442113877e+01 5.480343087745134767e+01 5.681305525696777892e+01 3.628642605623376483e+01 5.098558958026327304e+01 7.088180192793147683e+01 7.711732432398245862e+01 8.531271935504233284e+01
5.883922493566802643e-03 2.000588392232988610e+01 3.584397692117460821e+01 4.478824887876253058e+01 5.633525421966775326e+01 5.350369915694079737e+01 4.508105551718250581e+01 3.423196854484468332e+01 5.263940759753792520e+01 5.402808502110478628e+01 3.431170842900469609e+01 2.178443934340657151e+01 3.674541909287140840e+01 4.126430894777576697e+01 3.127490841057596782e+01 5.125370986721112132e+01 5.822480422098836783e+01 3.785552779358619802e+01 2.334238980144944620e+01 4.382155073130898160e+01 5.148576012628726772e+01 3.441957687788333686e+01 3.966037861797286013e+01 2.528675555580784007e+01 4.568331246502677345e+01 6.134741811747795737e+01 6.833096039111437392e+01 6.559033327101546718e+01 4.859083709748924207e+01 2.786713609125238378e+01 4.859083709748924207e+01 4.695396452129940457e+01 3.194608454682636633e+01 5.262307461687513666e+01 6.322406028198940220e+01 5.746928189016548316e+01 7.711732432398245862e+01
1.256007409845548732e-03 1.000241801697777788e+01 2.417224451983311795e+01 4.433126340837812762e+01 4.605184628126767876e+01 4.178901866020341771e+01 2.480870942035594240e+01 2.393170144497266705e+01 4.422292119976608404e+01 4.850505973988074970e+01 5.051056382134513001e+01 3.674541909287140840e+01 1.569853505593303566e+01 2.045021333510942441e+01 4.126430894777576697e+01 5.897540387500432502e+01 5.406694308043942243e+01 3.366594573031298410e+01 1.923631969169151645e+01 3.964125951119412150e+01 4.247845133946651686e+01 2.289212185749514816e+01 1.945374798645710612e+01 3.966037861797286013e+01 5.299477859405294566e+01 4.470407706374968626e+01 5.863057422854671330e+01 6.054002436060456915e+01 4.444603201035993578e+01 2.381347664241642903e+01 4.170383886633541692e+01 2.628952845458992371e+01 4.271685541627186922e+01 5.872092897734614070e+01 4.415605974020670743e+01 5.976564344960989672e+01 6.791254069218143741e+01
9.594114293757748102e-03 2.000959411429340307e+01 3.794427542065690773e+01 3.533961258534306893e+01 2.344075201527914842e+01 2.686488501723502154e+01 1.186391532551555450e+01 3.020371843508688059e+01 3.388979221324531466e+01 3.243662531724782383e+01 3.574107317784087456e+01 2.831847967293052903e+01 1.181647727025405814e+01 3.276600713969163081e+01 4.917233366648929405e+01 5.810380347540897361e+01 5.021216185881788618e+01 2.980947022642064681e+01 1.545328632369386312e+01 3.578481017241433904e+01 3.243371996858174100e+01 1.433077360001529499e+01 3.310844532637133852e+01 4.349113870968584195e+01 4.232480796533811684e+01 3.479807468543717164e+01 5.172614422007195145e+01 5.231805394312371504e+01 3.180170508114639105e+01 1.998011824986291174e+01 2.116933200481544119e+01 4.170383886633541692e+01 5.471580399541367967e+01 5.544628947495597515e+01 3.691537388771223505e+01 4.094618618443970348e+01 5.154791059506431594e+01
7.711341127313004785e-03 1.983528181494789067e+01 2.136123142424227694e+01 1.656907920437229365e+01 1.336215055834052423e+00 7.794440285712085803e+00 6.652122876774277493e+00 1.521728579888000077e+01 1.623855102513670445e+01 2.316786236616284356e+01 2.277760905219039245e+01 7.527695759393393082e+00 2.778308025016345795e+01 3.448109301975554786e+01 3.973484449128364560e+01 4.003283665957529536e+01 4.772434262058349930e+01 2.662549861899156056e+01 1.192737805025143061e+01 2.783901723541351103e+01 1.017331224161090653e+01 1.701725037065260082e+01 2.454257004518444418e+01 3.654776692265297555e+01 2.556887829013367863e+01 3.772670932976223668e+01 4.194574708449026446e+01 3.641912445547438892e+01 3.329916376497794062e+01 1.640639497623015686e+01 3.679398974496788099e+01 5.009234247529987272e+01 5.589554531742201959e+01 4.890022473156120952e+01 3.063614323764059577e+01 4.890022473156120952e+01 5.900260024046612273e+01
2.297228869525369630e-04 3.027050248964043844e-01 6.052149251675661423e-01 9.078633373050845057e-01 5.553352818213651787e+00 1.764851414133534302e+00 1.093363929132112489e+01 1.716716713294240648e+01 3.250851096659825856e+00 3.234246029164121516e+00 3.537929341815896134e+00 2.294512604820673474e+01 2.749427230905930131e+01 2.724233397553237879e+01 2.360730157898452930e+01 3.973598441514886304e+01 3.774931046468108775e+01 3.572039882433734448e+01 2.527249901806450794e+01 7.561248661737728582e+00 7.192717809065169554e+00 2.007841527273813398e+01 1.575357251176239970e+01 2.752018723027245883e+01 2.002829917396961079e+01 2.336364460516212915e+01 3.039951382718023609e+01 1.086063688700874508e+01 1.293432337768639506e+01 3.326153251219297857e+01 3.669192353617467006e+01 3.853200153812282736e+01 3.842456971537542643e+01 3.939168311641441278e+01 2.614836090118305378e+01 3.260784681341647939e+01 4.152054661822582915e+01
9.647730019007896146e-03 1.458154774612142290e+01 1.536120924439129176e+01 1.985399975333592693e+01 1.150220179795392639e+01 5.061713967914935886e+00 2.194620606858994627e+00 2.499298886257938168e+00 2.803952649783268303e+00 1.396083831023059219e+01 1.732820093488810542e+01 3.966475871246736506e+00 1.497862014711630962e+01 2.240481864252202726e+01 1.564960509989555781e+01 2.605767727046864835e+01 1.947723890021196169e+01 2.472321156506409423e+01 2.552929825470448222e+01 6.765929418730197042e+00 2.538206769868197199e+01 7.628615220153983856e+00 7.941483369783019164e+00 1.505533357945756201e+01 2.056864602534668762e+01 1.137390273701891807e+01 9.486915636850859812e+00 9.809523583104589051e+00 2.921019995039243966e+01 3.016273000301958973e+01 1.499198330290241721e+01 2.780046395568200168e+01 3.454874806866433090e+01 2.085685347813760870e+01 3.939168311641441278e+01 5.096136473262023969e+01 5.900260024046612273e+01
3.582433992925927561e-03 1.997285659768646937e+01 3.182520088115630585e+01 2.591488687245433198e+01 2.707769433032500217e+01 1.424024298774789266e+01 6.326837999287213243e+00 2.454629056789053010e+01 2.415078076992894296e+01 1.891506531706403749e+01 2.078917079152078884e+01 1.017928816199798270e+01 4.389540863585767561e+00 1.078518303482704077e+01 1.704554805993018363e+01 5.501787139169843854e+00 5.786447747771704897e+00 6.070373132941478289e+00 6.355549757042171954e+00 2.534265132516758712e+01 8.979594444816479282e+00 2.672540614392290692e+01 2.778014781188791460e+01 8.391575219266758978e+00 8.711664586435885482e+00 9.032261210559187958e+00 2.159463830231063142e+01 1.174743882660089334e+01 1.027074266072704134e+01 1.059575347444448568e+01 1.091997294131718199e+01 2.042612558924019339e+01 1.604652027626456245e+01 3.451932043853740595e+01 3.851428775067520860e+01 5.652383786730942461e+01 7.106336827378072485e+01
1.813270376062421294e-03 1.452479579213421879e+01 3.541120236711959990e+01 3.984603819789627721e+01 2.754041961411187245e+01 3.272055945176241920e+01 2.898862401572418079e+01 1.319289930721779491e+01 3.586503858519186139e+01 3.597246060224032504e+01 2.790139614377223864e+01 3.316845933181841133e+01 2.805544726753349494e+01 4.804888388323471204e+00 5.095417228513021257e+00 8.363652004952228936e+00 2.537593186958793012e+01 2.616728979552852152e+01 7.712038721852008116e+00 2.927488236582368586e+01 2.886767992130171834e+01 1.123807219008251934e+01 3.097520151553877099e+01 3.705925774334423295e+01 3.428117528009454418e+01 1.140735361281509874e+01 3.241017873950147532e+01 1.677376402818830314e+01 2.998087622344018754e+01 2.709366425764183361e+01 2.752356650461798893e+01 1.137842531395011392e+01 2.221233175821394212e+01 2.649552148943824648e+01 3.893575149589152318e+01 5.036956221966025993e+01 5.174769213211734353e+01
2.372884694381488524e-03 2.000237288469402586e+01 3.181324519902037196e+01 4.010604146754847932e+01 4.424657998003316806e+01 4.424720459052655031e+01 4.220930142986478018e+01 1.927593212140589785e+01 3.158978371889343961e+01 5.058319653991059539e+01 4.880694419536476403e+01 5.348257932745055143e+01 3.967380600645203259e+01 2.763729950519545397e+01 5.880121612690624389e+00 2.648811696856733633e+01 1.286093383376701027e+01 3.091964489476251998e+01 3.112196221984276789e+01 3.930638729231187511e+01 3.159357918282084299e+01 1.284906456140319975e+01 2.263193863056104860e+01 4.198193002847708755e+01 5.058402248795434986e+01 4.108054099645720214e+01 4.028249826843789094e+01 2.190528085712989181e+01 4.066272028479779266e+01 4.595432656805242999e+01 1.714219544631068004e+01 1.743560926958559065e+01 1.183997939838768687e+01 3.409329136202030952e+01 2.205978725427636888e+01 4.231121642663334370e+01 3.780879361505345315e+01
8.175220331382775790e-03 5.781677912231674377e+00 1.181190480399069109e+01 2.595427435420727491e+01 4.596779776077298862e+01 6.118409390628122679e+01 4.850511035331364695e+01 2.612926570006567673e+01 4.817336634118273508e+01 5.449761710871828768e+01 6.105365741471409535e+01 4.522668471004661939e+01 2.414519346008291478e+01 1.052376274989937954e+01 2.810863677129588112e+01 3.500574628429288992e+01 1.602060625210312494e+01 3.537057305096307402e+01 4.887321561542943726e+01 4.809335399828653124e+01 2.843411184694083715e+01 1.449280408969681666e+01 3.419216302223287585e+01 4.198195324961267971e+01 6.152982653925094780e+01 5.653831529273558232e+01 3.712772450452904849e+01 2.796690367767264718e+01 4.680835321441740859e+01 5.405480677350275442e+01 3.137375948794930025e+01 2.503813833348810292e+01 1.216685288753722638e+01 1.616783471158099061e+01 3.830575517334717262e+01 2.930398269011148216e+01 4.941118298859196756e+01
9.124702163186202558e-03 2.000912470216283268e+01 3.181331878809400848e+01 2.446105911967564950e+01 3.860428404508594724e+01 5.863596376215885897e+01 5.654934980244183151e+01 3.981335397426619949e+01 3.986598668452556637e+01 6.045073908497980852e+01 5.494474681476929590e+01 3.397414121073331472e+01 2.307025865726161129e+01 1.493826447039682392e+01 3.692634994268205872e+01 4.340547398481454167e+01 3.537057341952024103e+01 2.104397832135234125e+01 4.087040638290935135e+01 4.973707046680964083e+01 3.008072157615536568e+01 1.615737259604462039e+01 3.583793217957747146e+01 3.821371449412794163e+01 5.785301061546389434e+01 6.470892141875395964e+01 5.493307836454032866e+01 3.675149765820485470e+01 4.602680129937679965e+01 6.172501170947112570e+01 4.867604575673230016e+01 3.264054136191548139e+01 1.249532711299711174e+01 1.963420983896354954e+01 3.951467235903457720e+01 4.941106392243015222e+01 5.740275651886590680e+01
2.239863785106879172e-03 2.000223986378475161e+01 3.983304322037540146e+01 4.446767043423626120e+01 5.278111354347348794e+01 6.210310188373426854e+01 6.809547899400222093e+01 6.037827037060153401e+01 5.249427739210274524e+01 6.856395718361630998e+01 6.549234302055124601e+01 5.221335781484898320e+01 4.340621037807667904e+01 3.692638630898410668e+01 2.143460387378187448e+01 4.257564983035719308e+01 4.887645354421015043e+01 4.087040638291149008e+01 2.716933487638721800e+01 4.698791799031062055e+01 4.397684429114269733e+01 3.583793715446394401e+01 1.855052346719791245e+01 3.245693066537320703e+01 5.211187962205472957e+01 6.665886735725372603e+01 6.465537149144459761e+01 5.065128514458383790e+01 6.329264205209394589e+01 5.496466847290920299e+01 4.213654501464571922e+01 2.997719814678514183e+01 1.282465983306994062e+01 3.265474778016706381e+01 4.521300429137112076e+01 5.580798624642284267e+01 5.751922896570577848e+01
1.766589122093755728e-03 1.154877197291450841e+01 3.154877197291415314e+01 4.151673341294198138e+01 4.980118868300012736e+01 4.210298887110673149e+01 5.624550491107829231e+01 6.641619911482975169e+01 7.198989851112960991e+01 7.964884993955377013e+01 7.707032147595043625e+01 6.733937048588566654e+01 5.048161893331861449e+01 3.032532485936903655e+01 2.785574237823205834e+01 4.816464784500217178e+01 5.497535051667351524e+01 3.553496433046931458e+01 3.493238088993216905e+01 5.427129706509481366e+01 5.345554722673659853e+01 3.414157127467596808e+01 2.026593961189951543e+01 3.992504230376346896e+01 5.046790247881484248e+01 4.735283417613216983e+01 6.665886735781549532e+01 7.052315457850656344e+01 6.340217321750120760e+01 4.623911283852733334e+01 2.619560823622603962e+01 1.587684341539481636e+01 1.315478505974224710e+01 3.308504380909822373e+01 2.923921342317329675e+01 4.808158598074217593e+01 3.896104923829623345e+01
