LEM/sinusoidal_perturbations/elevation_000777.asc
nrows	100
cellsize	150.0
xllcorner	0
ncols	100
yllcorner	0
NODATA_value	-9999
[rows 0 to 16 of 100, columns 0 to 36 of 100]
8.271705653423140972e-03 2.000827170565306901e+01 2.884430682168786220e+01 3.369501932241491460e+01 3.904024416066349801e+01 4.507047105221887762e+01 5.214153886408459471e+01 6.042581011154679516e+01 7.197281549534071132e+01 8.472417173393168355e+01 8.472417173393168355e+01 9.309814377984322675e+01 9.531580778050519598e+01 8.696942787531925489e+01 8.696942787531925489e+01 8.278141752379207219e+01 9.113451228258649905e+01 1.012441813449116808e+02 1.050096199835789577e+02 9.334619915806247548e+01 8.502125096667816706e+01 8.502125096667816706e+01 9.334619915806247548e+01 9.324723106615336121e+01 1.015286900344074894e+02 1.056219071389049304e+02 9.733227542956724676e+01 9.547235183592812291e+01 9.547235183592812291e+01 1.037601376031395972e+02 1.125138757935232121e+02 1.042880904488519036e+02 1.125138757935232121e+02 1.077370209780093262e+02 9.620808277980250978e+01 8.791597941815378192e+01 8.791597941815378192e+01
7.813061968023241044e-03 4.372170866687890012e+00 8.844306821687506925e+00 1.369501932241420938e+01 1.904024416066279102e+01 2.507047105221817063e+01 3.214153886408389127e+01 4.368854424787681268e+01 6.368854424787751611e+01 6.438356909597689537e+01 6.438356909597689537e+01 8.472417173393168355e+01 8.696942787531925489e+01 6.658522018946743515e+01 6.658522018946743515e+01 6.232981525928490640e+01 7.264971914682399756e+01 9.291311590076010418e+01 9.674319782097258269e+01 7.644019030571250539e+01 6.469312967046448648e+01 6.469312967046448648e+01 7.889209178191687499e+01 7.294599840063139595e+01 9.324723106615336121e+01 9.379623617169423255e+01 7.665504740319363464e+01 7.498886697437049520e+01 7.498886697437049520e+01 9.547235183592812291e+01 9.761524635378184200e+01 8.394252650175492647e+01 1.024123783775938961e+02 9.941651218826633851e+01 7.949700511632055111e+01 6.805736987956612438e+01 6.805736987956612438e+01
2.526786264046545528e-03 2.000252678626369018e+01 2.884430682168786220e+01 3.369501932241491460e+01 3.904024416066349801e+01 4.507047105221887762e+01 5.214153886408459471e+01 6.042581011154679516e+01 6.018671867519509533e+01 5.003224367517726989e+01 7.034119367521289234e+01 6.981833042818102797e+01 7.820200738299405430e+01 7.255561639153854969e+01 5.189638269279046057e+01 7.255561639153854969e+01 9.113451228258649905e+01 1.012441813449116808e+02 9.285278388889400958e+01 8.271462344738273487e+01 7.328480466418994865e+01 5.297449743479361928e+01 5.857327357868710749e+01 7.590892354362851790e+01 8.430170520741953055e+01 8.539427226244517044e+01 6.435586470636545187e+01 6.032869348641241913e+01 8.098834078798869029e+01 9.154042618416561083e+01 7.719367765799786696e+01 7.364789660799968374e+01 9.411530847530339372e+01 9.948470148033732130e+01 9.050419214983371319e+01 7.062941981214960663e+01 5.650511105947971657e+01
4.163169627051843593e-04 2.000041631696235100e+01 3.132638857664168697e+01 3.799305524330929984e+01 4.627732649077149318e+01 5.627732649077167082e+01 5.999576989556523898e+01 5.161499414773620487e+01 4.008424276896594307e+01 6.018671867519509533e+01 5.545539599199512537e+01 4.950607375305136770e+01 6.981833042818102797e+01 6.754501623364095053e+01 4.685024914670479745e+01 6.754501623364095053e+01 7.869392201005899778e+01 8.915699116306237215e+01 8.451264426560676668e+01 6.417773590109466397e+01 5.402950209260700376e+01 4.690888682044575830e+01 6.154375079283308736e+01 5.560153580045037103e+01 7.589971851634490463e+01 9.319841179469123915e+01 7.368405243605523935e+01 5.310582555929469351e+01 7.029827161224196175e+01 7.511770239342710909e+01 6.263281534467545697e+01 8.317501664652604632e+01 9.358634528050610868e+01 7.939510089447773566e+01 9.358634528050610868e+01 7.981105737155981217e+01 5.988869228064969974e+01
5.883922493566802643e-03 5.552885884745833778e+00 1.132638857664204224e+01 1.799305524330859285e+01 2.799305524330877049e+01 4.799305524330947748e+01 5.161499414773620487e+01 3.187602238480060279e+01 5.161499414773620487e+01 5.032916457942098987e+01 3.567290110522230862e+01 5.078843152182103182e+01 5.404909790874688014e+01 5.749695728269614392e+01 4.228910388150070077e+01 4.955892465521486656e+01 5.997822786029839648e+01 8.063246813046859529e+01 9.285278388889400958e+01 8.271462344738273487e+01 7.434198574018299155e+01 6.152300179878947972e+01 4.141115989929154040e+01 6.154134903926420463e+01 6.853977120355654051e+01 7.974033427863292900e+01 6.861106929656439490e+01 4.830575246478603901e+01 5.001236869516786498e+01 5.467061222101310847e+01 7.511770239342710909e+01 9.154042618416556820e+01 8.462227111987239425e+01 6.523945381824114520e+01 8.462227111987239425e+01 8.809341528266142518e+01 7.657193498892911521e+01
1.256007409845548732e-03 2.000125600740949139e+01 3.132638857664168697e+01 3.799305524330787875e+01 4.627732649077149318e+01 5.627732649077167082e+01 4.667949884445988573e+01 2.719528829382181812e+01 4.129468675493466634e+01 2.563779414264447709e+01 2.825503170699281341e+01 3.103801911448162087e+01 3.395832040280915010e+01 3.710935613239782782e+01 5.749695728269610839e+01 7.025038153499396287e+01 7.869392201005899778e+01 8.888563278726319083e+01 9.151383277630402802e+01 8.606595667887492596e+01 6.424613337667412338e+01 4.956808954501018860e+01 3.809639955539504541e+01 5.807060661113280275e+01 5.244882777208807312e+01 7.164219920579735401e+01 6.388329485083051651e+01 4.383736086389305342e+01 6.388305004364440265e+01 7.511744916352192547e+01 8.352158003193947877e+01 9.246077544148374727e+01 7.631715785243115135e+01 5.639809680069357256e+01 7.631715785243115135e+01 8.080137153729069155e+01 8.906564803749886039e+01
9.594114293757748102e-03 2.000959411429340307e+01 3.374544486297141788e+01 4.202967966144039025e+01 5.357654469114768148e+01 5.718785877153926123e+01 4.208712593841723049e+01 2.276326895063937528e+01 2.190700043532103081e+01 2.747186956807280822e+01 4.484406667394776491e+01 5.078843152182103182e+01 5.404909790874688014e+01 5.147250490296411130e+01 6.595605836826013046e+01 7.230419626910207853e+01 8.066863064274906492e+01 8.648000358833525070e+01 7.331593092322124505e+01 8.648000358833525070e+01 6.920361187583441165e+01 4.897335371032328055e+01 3.507729286333630370e+01 3.942417055364826695e+01 5.139498504301521820e+01 5.401924319683842413e+01 5.672198040632938643e+01 4.085260566563245987e+01 5.482417517979995125e+01 7.512320524922313325e+01 9.003982787622381068e+01 8.003650528405393061e+01 6.416153232096327486e+01 5.020396492961246793e+01 7.001819767488710511e+01 6.086200336148475998e+01 7.755725117029686544e+01
7.711341127313004785e-03 6.674378007793950296e+00 1.374544581965936274e+01 2.529245120333263941e+01 4.529244613913676432e+01 4.314820967172613564e+01 2.910896642321720762e+01 1.845595402965820853e+01 3.784286785819424637e+01 3.920637650173393496e+01 3.611846339326584143e+01 4.647602595079982279e+01 6.632207947787547653e+01 7.204127192371598198e+01 6.906955882976284045e+01 5.225682321111317918e+01 6.906955882976754424e+01 7.885713774197145653e+01 5.984703989389233669e+01 7.885713774197145653e+01 7.502119201781677305e+01 5.487477892344592334e+01 5.065073643920531055e+01 3.115757121813314257e+01 3.199439814029210183e+01 3.443935262835370992e+01 3.698292355460912972e+01 5.663460721413983379e+01 5.482827845527526023e+01 7.519113737386909690e+01 8.173153183670710575e+01 6.174512297303190422e+01 5.189543346984559236e+01 4.496650091079948197e+01 5.889681447081409260e+01 4.947079131198933766e+01 6.868195733227358346e+01
2.297228869525369630e-04 2.000022932356688088e+01 3.374544483613222923e+01 4.202967966143291534e+01 4.883218312003475603e+01 2.910896636619754574e+01 1.542586824094307651e+01 3.488577517350069002e+01 4.613383954952347210e+01 5.829761569510626629e+01 4.903006502900539232e+01 6.316980438652064578e+01 7.468680791500470662e+01 7.323255294508339830e+01 5.314988618958618360e+01 4.067516720652790951e+01 6.072984003752742410e+01 7.171583752611259399e+01 5.269723023356066705e+01 7.171583752611259399e+01 7.365778865129101405e+01 5.351197170469294662e+01 3.952575116502497821e+01 2.863006690324500880e+01 4.536642212707129573e+01 5.356234296462960032e+01 5.672198040632938643e+01 6.508013885229000550e+01 7.517355249039378862e+01 8.364667232472719149e+01 9.004127184064510914e+01 8.003650528405393061e+01 7.173797479797593724e+01 5.889484539413586361e+01 3.918673314700090771e+01 4.070630511107646754e+01 4.988743146175833942e+01
9.647730019007896146e-03 1.415178335375008345e+01 3.415178335375078689e+01 4.983486798276236129e+01 4.678594220593939212e+01 2.710228208072500422e+01 1.334048383067618992e+01 3.286748572739163166e+01 4.657794866151621704e+01 5.662944016228526323e+01 6.894820484277725825e+01 6.554162227756793868e+01 6.815563274460710375e+01 5.982006867232619385e+01 5.314988618958618360e+01 3.303519029006508845e+01 5.314988618958618360e+01 6.572914178072116442e+01 4.681333586469233410e+01 5.810240763321392166e+01 6.638416582908128305e+01 6.019388509692586098e+01 5.059506867946815589e+01 4.297742976975749229e+01 2.615378919132020030e+01 4.536843380314606833e+01 5.906746569524470658e+01 6.618234818214040160e+01 7.453470647045044473e+01 8.619153419349305523e+01 7.565551923298093584e+01 6.736932099085822756e+01 7.565413181874721715e+01 6.715357800845688985e+01 5.353241342827698190e+01 3.389179014950364888e+01 3.032624483611933286e+01
3.582433992925927561e-03 1.000358243399301372e+01 2.155058781778583210e+01 4.155058799427749250e+01 4.240677798910587626e+01 3.088280221086004573e+01 1.129660438176502346e+01 1.875850577782123452e+01 2.838745001945345336e+01 4.817776810194271775e+01 5.957783588740201708e+01 4.526129137731265217e+01 5.271521480821301253e+01 3.973430552214496458e+01 4.734327364345821110e+01 2.720069519151789450e+01 4.734327364345821110e+01 5.948318778834143217e+01 5.153035303614527152e+01 3.927705982221179681e+01 5.815943740144405893e+01 5.192885435507252367e+01 3.310159009216378934e+01 2.365620886819578672e+01 4.289787409974007204e+01 3.344023284894073811e+01 3.914303575289839188e+01 4.605842156682300725e+01 5.763825425250950474e+01 7.785379754233662197e+01 6.565889663956752997e+01 4.738701493361095629e+01 6.565889663956752997e+01 6.459463297384542102e+01 5.630444142208016700e+01 5.222637785266653765e+01 4.397823154165925530e+01
1.813270376062421294e-03 1.414394889410713851e+01 3.414394889410784373e+01 4.241265763555742296e+01 2.270603389203816036e+01 2.630054590474364318e+01 9.336794250485544566e+00 2.898655543423063463e+01 4.657791730865798030e+01 5.639474087211694098e+01 5.120126277328786557e+01 3.017289249711008381e+01 3.176581715020683561e+01 2.807986273025889545e+01 3.524298373404398177e+01 2.202716027644689234e+01 4.214248225052213570e+01 5.166291488789897102e+01 3.290988354367543423e+01 5.161253669933501698e+01 6.602283750965182207e+01 5.900957888755056757e+01 4.089827043927737549e+01 2.176021162334045300e+01 4.132880678465525648e+01 5.305671245946969350e+01 5.906703990171794771e+01 6.618234818214040160e+01 7.453470647045044473e+01 6.929582380357183524e+01 5.737802319987987687e+01 3.747950767998157318e+01 5.737802319987987687e+01 5.553097113521663175e+01 3.677409533323281465e+01 4.234531160041526476e+01 2.436336190893353404e+01
2.372884694381488524e-03 1.414450850842658980e+01 3.414450853038924549e+01 4.021160379765527182e+01 2.056202191748805319e+01 6.544266432189232319e+00 2.631725118240099803e+01 3.622006369677473714e+01 3.806324039225716405e+01 3.811722231263021143e+01 4.799394730669315834e+01 3.764874586987161109e+01 1.475505463085900182e+01 1.795991754802586371e+01 1.519637080692869269e+01 2.935305985197933509e+01 4.946251785129209821e+01 4.767504880946901835e+01 2.884659459390683622e+01 4.767504880946901835e+01 6.286574820270786290e+01 5.358081695553518387e+01 3.393028654576714587e+01 1.978192578265646517e+01 3.956765590544065958e+01 4.609505500836001346e+01 4.611215839338665745e+01 6.579970651606274146e+01 7.128920401123271233e+01 6.101854448050340096e+01 4.113225090264474204e+01 3.096590637386083245e+01 5.074514684008456555e+01 4.748890225782557195e+01 2.761731238110735731e+01 2.271492316285444346e+01 3.397574008073955554e+01
8.175220331382775790e-03 1.881836330867296425e+01 2.562677110707128136e+01 2.515520145275500141e+01 2.325572993400084698e+01 4.516118719217082855e+00 2.295715052745418561e+01 2.651411993216450469e+01 6.140965587220040156e+00 1.795672463880675451e+01 3.142804493308608826e+01 2.728071611857752643e+01 5.793041396116006325e+00 9.168576305657918368e+00 2.918283139585256691e+01 4.333647726888264629e+01 4.688461498262634564e+01 3.893460450723944888e+01 2.490238191495362940e+01 3.592450323245390820e+01 5.483717434886015241e+01 5.814311578461872898e+01 3.849731040835857243e+01 1.780460557782921427e+01 3.480015180047236356e+01 2.647655054186362378e+01 4.036229896758782587e+01 6.000612888252585009e+01 5.098196784531211989e+01 5.883384516309759249e+01 3.896072536775457706e+01 2.508747046253793300e+01 3.802694199706998290e+01 3.914184279792183219e+01 2.107865779332928113e+01 3.463436389542145832e+01 5.005067841868031309e+01
9.124702163186202558e-03 3.097378501531588557e-01 6.103962589389612114e-01 7.528877457981848487e+00 1.327955859664834648e+01 2.623882130186866668e+00 2.072368923022819942e+00 2.377436230668370953e+00 4.175899347513805537e+00 1.463252143270612038e+01 3.546575110103252548e+00 3.854552739328712008e+00 4.164697464185120879e+00 2.435956906807479427e+01 3.399247493125571395e+01 3.118722243671152938e+01 3.434077759039235644e+01 1.942939545472659191e+01 3.107012663529069485e+01 4.984660655285691888e+01 5.814311578461872898e+01 3.846083862937831555e+01 4.151297929315661861e+01 3.335902818010963244e+01 1.512028021879161166e+01 3.567596590236713894e+01 5.426637737647233450e+01 5.380095927356697416e+01 3.692005786290479818e+01 4.460456161143920184e+01 3.564323286828338411e+01 3.645371443434402892e+01 1.835188286084245490e+01 1.946517661815000722e+01 3.334010283433698874e+01 4.860100001697818328e+01 6.115091020957395074e+01
2.239863785106879172e-03 4.425019486967205040e+00 1.179470675066308694e+01 1.035833110789859290e+00 1.336766626259824786e+00 1.639171476908769742e+00 1.329564021345584202e+01 1.583183135232004624e+01 2.808152642802743237e+00 3.113091751606772650e+00 5.421641879762462146e+00 1.594362904489049804e+01 1.860976051340787407e+01 4.610133423218062632e+00 2.500580094645058793e+01 1.009813692513434802e+01 1.394702923131706385e+01 2.872684207841838244e+01 4.682852509663972995e+01 5.776600498039984188e+01 5.168465876455274355e+01 4.203909660121178149e+01 2.218630623016695225e+01 1.286543630076162437e+01 3.201773214097136133e+01 4.046474238467948936e+01 5.332142136383020414e+01 4.537762807022092204e+01 2.557881869608814185e+01 3.397032323278875765e+01 1.580566125597363936e+01 1.684614655012650530e+01 3.649635863282077963e+01 3.328010840062147224e+01 4.723368026923969865e+01 6.123407586252860568e+01 5.953686603080004858e+01
1.766589122093755728e-03 1.702435000772517526e+01 1.440497545623665943e+01 1.728664423193672661e+01 2.116873847499764594e+01 2.185391569439916193e+00 8.434080936363937298e+00 2.295205514565741822e+01 1.739563179033352824e+01 2.349963169826445863e+01 7.532890592887287795e+00 1.951216198599721707e+01 1.727626877047820386e+01 9.785187851547176408e+00 5.060163467241922675e+00 2.626569612911102425e+01 3.431921701856121132e+01 4.229804828383042548e+01 5.617051551989196412e+01 4.118466897994572662e+01 3.022959535867174807e+01 2.508043224087954925e+01 2.980111985985264056e+01 1.048560024327976592e+01 1.874843020055045173e+01 2.774124619904711153e+01 4.075009813558199312e+01 3.272563852104283910e+01 3.245909736904952325e+01 1.433770780481230211e+01 3.345336116932631398e+01 3.644244920294410406e+01 4.440048851316673506e+01 5.254237645364578668e+01 5.274746101308381441e+01 5.488459245452109769e+01 3.990182561934332028e+01
