LEM/sinusoidal_perturbations/elevation_000620.asc
nrows	100
cellsize	150.0
xllcorner	0
ncols	100
yllcorner	0
NODATA_value	-9999
[rows 34 to 50 of 100, columns 0 to 36 of 100]
2.064481644892168701e-03 2.000206448164429318e+01 3.252805125314321089e+01 9.835299152168870407e+00 9.349417713731414281e+00 2.899729468263437226e+01 3.642605248632784765e+01 3.812686120574160498e+01 2.631284073503277199e+01 1.868462080764918909e+01 6.905767514413347463e+00 6.598850626691313614e+00 6.295780311651421712e+00 5.993921270865260276e+00 6.564148483859147731e+00 1.991898778796890568e+01 2.918825047235753090e+01 2.543764993953845632e+01 4.249530804374293069e+01 4.660745103714636883e+01 2.613598623655514430e+01 4.661017485081152500e+01 3.107868425821429170e+01 4.323578517481097094e+01 5.450290889738244005e+01 5.088948447196690239e+01 7.091152911849938789e+01 8.243843116714347730e+01 8.342427857886904974e+01 5.531273748313553540e+01 5.125146151601144595e+01 4.544256367562922350e+01 4.013925505037616404e+01 3.486312381523566017e+01 5.506957517787863310e+01 5.921124044109046025e+01 6.096055691756790651e+01
2.905961989428186391e-03 1.154122924050963306e+01 3.130019224151212498e+01 3.203457610350774587e+01 2.300716064867805244e+01 8.891250178603032239e+00 2.865176153922131164e+01 2.813792096734745840e+01 1.703556464573713924e+01 7.346407306682131377e+00 2.761984097048380704e+01 1.550873503031458434e+01 2.793908923869694050e+01 2.670699370714935128e+01 5.569105202085034456e+00 2.149659410071833321e+01 1.351547710764923238e+01 2.755404258255491712e+01 3.078309355278414117e+01 3.307274980343584758e+01 2.021802536427626862e+01 3.840813833955808576e+01 2.348626108792464962e+01 2.875339103528145657e+01 3.441215624277737817e+01 4.156800775128234449e+01 5.148474607377799117e+01 7.271259745450343814e+01 8.447152776469522450e+01 6.518938663735725925e+01 7.128658788856417061e+01 6.501459709236219453e+01 5.735653151979603592e+01 3.759400036034884351e+01 3.733832304876498398e+01 3.910933799164661906e+01 4.089359068331073388e+01
3.542675937824442140e-03 2.000354267593747082e+01 3.943784995095231238e+01 4.885655911115741645e+01 3.618733105766433766e+01 9.438418726743691423e+00 8.433303085453276893e+00 8.111268078773687051e+00 7.792758564178017266e+00 1.126975367074014400e+01 3.772934754286723802e+01 2.939618661875230643e+01 2.714763237491597536e+01 2.925150326970440418e+01 2.515539935638486924e+01 5.145790941600308699e+00 5.179864680467235694e+00 7.759273153928381461e+00 9.999532539307974588e+00 1.228772433522534513e+01 1.485428436475259950e+01 1.752307365089430036e+01 3.840813834018995010e+01 4.798935331628790379e+01 5.451760049239299377e+01 6.179221545923574155e+01 7.086651321290383976e+01 8.224322179962838675e+01 9.267332456265096141e+01 8.530358401047251959e+01 7.384103424772243329e+01 6.133297987091797410e+01 4.143377496031583007e+01 5.751371927657166339e+01 4.899993833339159721e+01 5.921124044118521823e+01 6.096097070453298983e+01
3.411803931810562015e-03 1.412307294045966621e+01 3.410412559986569647e+01 4.972076136436194815e+01 4.684301713394785338e+01 3.075021853520701143e+01 1.003217077076314823e+01 2.837307670243454183e+01 2.910858139434475333e+01 3.389093820933069878e+01 2.562816038908687233e+01 8.104091194664322373e+00 8.405295706204492845e+00 1.575813796676753498e+01 1.886360836061686896e+01 4.848103818620115746e+00 1.664201101822364492e+01 2.853781005426201745e+01 2.208017200343211073e+01 3.309781195156153899e+01 2.705587273853477370e+01 3.840813834018995010e+01 2.307095510642087177e+01 2.761879149826206259e+01 4.798717980979284192e+01 6.010471039454694164e+01 6.736629588407187441e+01 7.605445420956766611e+01 8.653128644261636282e+01 7.972020626026639434e+01 5.959213253818924017e+01 4.550154389218991469e+01 5.022000736356235251e+01 6.970213955075665524e+01 6.905962386178867973e+01 7.745617680265736738e+01 6.948752289188880127e+01
3.327314952832964925e-03 1.986404446993159922e+01 3.372735240182528571e+01 3.419864558332464810e+01 2.900424659235519442e+01 2.986186405945308664e+01 2.918724306866660001e+01 3.247588035704532672e+01 2.959975675949699081e+01 2.391439898388420815e+01 1.739522906202691033e+01 3.559613391133329863e+00 3.849451844338789730e+00 4.138668521119329924e+00 4.431946289231744274e+00 6.208775543011720188e+00 3.005660118349616639e+01 3.706484046746664518e+01 4.267673623774581415e+01 5.106719788625366618e+01 4.164567927676067427e+01 5.208442274244532655e+01 3.260432107165689786e+01 4.798935331400022619e+01 3.448730917989753664e+01 4.036067089733054303e+01 4.734989310738858137e+01 5.721387606346747390e+01 7.766743022689148290e+01 8.277763643436648522e+01 6.268619068693225671e+01 4.852200221941475178e+01 6.857105564630121819e+01 6.440457442832769175e+01 8.461327338165891376e+01 7.949958679756323932e+01 5.947561726114688696e+01
6.779948344387334673e-03 1.014211929519983002e+01 1.815025984177866647e+01 2.704284796308185079e+01 2.138518761040799276e+01 1.124979136905464294e+01 1.727125811493474217e+01 1.680146616678394267e+01 2.567165127918851653e+00 2.858050449741862398e+00 3.148727874454711362e+00 2.318578572913373392e+01 1.832573985224389546e+01 5.861323024989065544e+00 2.478321397767694734e+01 2.633652757539479694e+01 4.208150442317211315e+01 5.722354581883929825e+01 5.446394334904825740e+01 6.271129917931084918e+01 6.172592485331462342e+01 6.111155076141917419e+01 4.690821475600538548e+01 6.111140792904449626e+01 4.606378096004764444e+01 5.075883605979131374e+01 6.025171042265520072e+01 7.605590304060629592e+01 8.644609160074224974e+01 8.544993154269278079e+01 7.181229470437754969e+01 5.176274215805592860e+01 7.181235561870489903e+01 8.461327338165891376e+01 9.301971529990574084e+01 8.789271518825145790e+01 6.940730300011442466e+01
9.516927588586143695e-04 1.693097215557041579e+01 1.895118855692133408e+01 9.924806693632567400e-01 1.282953985412937925e+00 1.573596042132013206e+00 1.864461337038059829e+00 2.155589396168166250e+00 7.332203892293144953e+00 1.500731439560963132e+01 4.236094961499308198e+00 2.847896648220323002e+01 3.135032845676285262e+01 2.016807306083678242e+01 8.391940858268453596e+00 2.840573089431045162e+01 3.903231775024610073e+01 4.224147349569222598e+01 3.513815975799626301e+01 4.874654795030526344e+01 6.833014437571419819e+01 6.903175663925277661e+01 6.691972294339177552e+01 7.438780172585421724e+01 6.597047236735974707e+01 7.039063443932300856e+01 7.854814512858729358e+01 8.915772957758842665e+01 9.689891118904432687e+01 7.753227124449091434e+01 5.764768920727711077e+01 7.181235561870441586e+01 6.074385764355741912e+01 6.884464803883849982e+01 8.843876850289765912e+01 9.800272282156258541e+01 8.363006966920322327e+01
1.945935296826602993e-03 2.916314211527626932e-01 5.818604744412003704e-01 4.753598181094605302e+00 1.359187915704914396e+01 2.033044823294063264e+01 1.084139477900203730e+01 2.189871673001867336e+01 7.668754359059754222e+00 9.353560815377038651e+00 2.472078587976227837e+01 3.733139284671865710e+01 4.758598120709608992e+01 3.641445372026491611e+01 2.840573089431045162e+01 1.098065689147252755e+01 3.090653163130787817e+01 2.281314219988622938e+01 4.224075136713356216e+01 5.731520442254033298e+01 5.296355612293178439e+01 4.934781366577986006e+01 6.903175663925277661e+01 6.879512700928182767e+01 7.029278837284041970e+01 7.877496643993093528e+01 8.743954452466211080e+01 1.026681283744919426e+02 8.298644089528833945e+01 6.908574592521155466e+01 7.753227124449009011e+01 6.529499154132969352e+01 8.071958497592210335e+01 8.145002962899656040e+01 8.249542676826126808e+01 1.018676407725622539e+02 1.039849312462685162e+02
5.600688922766023682e-03 1.959934555809930146e+01 1.130196954161191147e+00 4.346166290642470287e+00 7.313993458114935287e+00 1.101069701348027507e+01 1.526249067113565161e+01 3.145953026183500967e+01 2.792490222824786628e+01 2.607592697303379836e+01 1.515100905804637144e+01 2.705966003093276129e+01 4.575307793773988152e+01 5.044609239439641613e+01 3.090630315951841212e+01 3.090300627703683034e+01 1.362524176901308515e+01 1.562727956321246481e+01 2.969551849763860218e+01 4.127025498385493307e+01 3.365958899486820854e+01 4.764048464050689091e+01 5.110608342594944986e+01 4.896165317059381294e+01 5.033094736971234084e+01 5.876798868098541107e+01 7.722124301624069176e+01 9.171454598563812510e+01 9.683602884297980040e+01 8.784934542414406167e+01 9.039634368819287147e+01 7.082660371654604603e+01 9.039634368819287147e+01 1.031024687171831147e+02 1.006189664362652820e+02 1.101100217890961943e+02 1.163002785490962196e+02
8.215197286175309616e-03 6.065186587634402215e+00 2.575966707133804690e+01 2.650845975241367825e+01 2.577486622779452929e+01 2.331758921814902408e+01 3.244427710404628584e+01 2.170908095574870700e+01 3.938086108365463645e+01 4.047920802388860295e+01 2.470132448427289162e+01 2.393595762498771862e+01 4.240919734389503759e+01 5.457735872523436882e+01 3.514883403536377671e+01 2.131871572474555521e+01 3.345646264312855322e+01 3.538499701515879536e+01 1.863748190531610760e+01 2.178185274156626861e+01 2.497095788119812099e+01 2.835582921420528280e+01 3.181648582797614111e+01 3.538616110929380909e+01 3.920002796956625701e+01 4.880820665715900475e+01 6.278682277578960935e+01 7.993076818767814018e+01 8.903440774000345925e+01 9.966169594398022014e+01 9.833638834294610831e+01 8.107936398295701963e+01 8.314835987796327288e+01 9.688225917306486679e+01 1.155643088829596650e+02 1.168078062646160191e+02 1.079829496829922988e+02
2.613274238814250559e-03 2.000212163506052221e+01 1.545619199981264202e+01 2.298354762061732615e+01 4.185769666432837255e+01 4.367631431102555695e+01 4.483985318976964862e+01 2.675038475257154502e+01 4.483985512659955930e+01 5.136438456805908714e+01 4.323561076582022622e+01 3.279030555962230409e+01 5.053131416462565539e+01 5.457743666465212584e+01 3.514883484065899921e+01 2.880692919255468709e+01 4.817071481766327423e+01 4.637015711759953263e+01 3.008274300418647229e+01 2.290315692832158589e+01 4.231194445233209933e+01 4.764048464050689091e+01 5.110608342594944986e+01 5.477110303976692762e+01 5.876798348186250109e+01 4.657752240997707105e+01 5.236706001954397749e+01 5.891117001728854063e+01 6.888767757909901945e+01 8.968317200952172641e+01 1.011716433254660643e+02 9.989198355444844424e+01 1.024421110024261452e+02 1.093430513327333529e+02 1.078367970280901744e+02 9.305324813161533370e+01 1.078313637022133094e+02
7.532853315450405325e-03 2.000753284794190989e+01 3.494764415517492040e+01 4.228303078276795901e+01 3.678250288000594281e+01 5.547803304701582761e+01 5.276338780473472667e+01 3.701768742913404253e+01 3.939098280747846559e+01 5.799459709479510394e+01 6.023418238381827194e+01 5.202808916721473054e+01 6.023420045747155172e+01 6.284558694950366942e+01 5.457743666465212584e+01 3.843947588068449761e+01 5.647844329332638580e+01 4.936274090323182406e+01 4.521741371845028823e+01 2.594154621775980374e+01 4.521861982307285643e+01 5.422242948079582447e+01 5.866763024038810670e+01 6.409812109760051158e+01 7.070030547241329089e+01 6.665588736467482533e+01 7.284214326827962793e+01 7.993078459946298153e+01 8.904139197511042880e+01 1.011654616747014188e+02 1.181214054010498273e+02 1.044023703556874949e+02 9.607688049982820644e+01 1.048695618464086294e+02 9.764075987981806293e+01 7.740989059276631679e+01 9.764176933281052584e+01
6.101047412966256744e-03 2.000610104741260997e+01 3.666964071341379849e+01 4.856353561912901284e+01 5.547803305019687059e+01 6.252125839713235678e+01 6.372839613383542456e+01 5.562739836002459271e+01 5.799459719833474480e+01 6.613797262892238393e+01 6.550646815006847135e+01 6.611404770556029575e+01 5.783770304664317052e+01 6.611404787061648847e+01 6.655422290104982608e+01 5.800217368896935710e+01 6.639772915832963918e+01 6.869132269198424012e+01 5.162812040438252836e+01 3.239926042752476576e+01 3.081778556047666484e+01 3.497509071219656818e+01 3.929125132704773904e+01 4.451822241808137903e+01 5.089376164035875405e+01 5.825938555464338009e+01 6.817227354926249916e+01 8.238246624547466013e+01 1.027481458598227846e+02 1.097332968426782571e+02 1.076800734504621460e+02 9.422433929257820751e+01 7.555680698015527241e+01 9.422442314786717077e+01 8.888126952110708601e+01 6.836738157087229695e+01 8.888126952110708601e+01
6.842009524227352091e-03 8.172199796540345673e+00 1.973667559948118466e+01 4.005182112669597672e+01 4.605991545290626732e+01 5.440627210721886087e+01 5.945562402291501769e+01 5.106435363784051162e+01 5.945690027173888836e+01 6.211232650744346984e+01 4.532176839471998164e+01 4.700265014988394086e+01 3.787822912292582345e+01 5.613117578936169139e+01 6.336493886235450645e+01 6.338921501682934689e+01 8.333367404637888853e+01 6.547384577161913910e+01 4.589302600879109661e+01 4.338099884432175202e+01 5.002214423559568246e+01 3.976467671961960093e+01 5.866667053751052663e+01 5.502338486663457928e+01 6.409812742405576103e+01 7.825977592329788024e+01 8.669709860375198218e+01 9.682999581733869832e+01 1.039484434667259052e+02 8.971199434783876825e+01 9.738406753368096247e+01 7.861475743466171195e+01 6.580994410927721106e+01 8.561334425179354923e+01 8.222702419368658866e+01 6.198815045883164032e+01 7.513901606912334330e+01
1.934550753332892102e-03 2.000193455075297777e+01 3.659699254442362104e+01 4.274391184898281182e+01 2.590383782098933452e+01 4.275194998456422724e+01 4.936370685437063344e+01 3.103247548082806873e+01 4.934123721739153723e+01 4.964426762778970215e+01 3.549072538283429878e+01 2.526131984231879812e+01 2.788763918906871098e+01 4.785796605314836683e+01 4.342480873253190055e+01 5.754323034735485720e+01 7.750426367127282390e+01 7.380589009372855003e+01 6.547383826688135855e+01 5.707021234833127465e+01 6.561214461582891033e+01 4.652825416511532097e+01 6.663659608514097954e+01 7.488266265108919129e+01 8.329113906822604463e+01 9.260919625966634783e+01 1.048510699900245271e+02 1.131882513844565779e+02 9.399666696646593778e+01 7.584476958121379653e+01 8.902412725368292001e+01 6.924464148978668732e+01 5.892776215859481681e+01 7.856387252756152861e+01 7.668235309203799943e+01 5.665578836183487255e+01 6.901555442819362440e+01
4.364784840791047053e-03 2.000328166095923876e+01 2.311927237980277638e+01 2.505089686771613344e+01 1.432810788501012844e+01 3.439168644449424050e+01 4.103768261818467522e+01 2.103351277165543465e+01 3.604256748733094184e+01 3.823311469937547002e+01 2.166913801076274737e+01 3.795477141027092927e+01 4.716794079455215183e+01 3.188875463933138832e+01 5.186641182441751852e+01 6.148098637968859492e+01 6.701858419752505824e+01 7.333651834026994720e+01 8.160675733850091262e+01 7.695000984093874763e+01 6.680732985827073378e+01 6.074142126456344926e+01 7.565299869450792869e+01 9.337730879032613984e+01 8.758666918005313562e+01 9.593908530670333334e+01 8.464666939782722466e+01 1.015361993312810824e+02 8.570196274979890916e+01 6.617217892816726987e+01 8.570196274979890916e+01 7.287424413994962435e+01 5.321992349715253567e+01 7.287424413994962435e+01 7.169942460194755540e+01 5.182882360625328033e+01 7.138651951573284293e+01
5.219006137575642711e-03 1.677703026151755372e+00 3.356065742745130365e+00 5.052443602105065601e+00 6.767429453530120931e+00 2.676570675935331423e+01 3.110334961493687445e+01 1.396251727148855970e+01 1.608251300459611244e+01 1.823916837622180509e+01 3.823311545892848073e+01 4.811890946082821330e+01 5.734356665699483813e+01 5.186641182448457954e+01 3.636205523264037964e+01 4.152161115654401868e+01 4.705380004750153233e+01 5.335748142976672170e+01 6.748531890770691177e+01 8.746256336651323693e+01 8.779339565920138000e+01 8.218385718098124926e+01 8.746394698358878372e+01 7.320400631672704606e+01 6.742961072548530410e+01 8.153002550691662975e+01 7.299722053118497911e+01 9.318605386930441625e+01 7.879132700620003504e+01 5.931327719245155095e+01 7.007974424009526615e+01 6.561460331933560042e+01 4.845223289463562821e+01 6.823107350523554260e+01 6.741724364307299311e+01 4.745987567812988317e+01 5.606685144987955738e+01
