LEM/sinusoidal_perturbations/elevation_000992.asc
nrows	100
cellsize	150.0
xllcorner	0
ncols	100
yllcorner	0
NODATA_value	-9999
[rows 34 to 50 of 100, columns 37 to 73 of 100]
2.113308332671747536e+01 2.148715894485874500e+01 4.151862532358013169e+01 5.032771205852910867e+01 6.164131150117778901e+01 5.968152955536695714e+01 4.060932510805494644e+01 5.002149132550189847e+01 2.557605492573290462e+01 2.519122484176263654e+01 2.554558517356680269e+01 4.018114016800139154e+01 4.604843583656058570e+01 2.698060686379913875e+01 2.736125340185649080e+01 2.774194742598471564e+01 3.821995120059427364e+01 2.986900371444242452e+01 5.014736217772080096e+01 6.019012317106499665e+01 7.015764928847478643e+01 7.861185708717931675e+01 7.608361223864579870e+01 6.775067237581922086e+01 6.414747590091153029e+01 4.364621703811236841e+01 5.371601331163876836e+01 4.315391749318018810e+01 3.489199952264556259e+01 3.534313903322681938e+01 3.579521674153360777e+01 5.374272401014144407e+01 5.666019901795785785e+01 3.755814381713695838e+01 3.802226138876127237e+01 3.849038968339406352e+01 5.882568905154720795e+01
2.401509085416338607e+01 4.150101234075093970e+01 2.199242440404114518e+01 4.201015476296346662e+01 4.172739394381060407e+01 5.979977852399523641e+01 4.324038988302968534e+01 3.078409763238308017e+01 2.468940787974002760e+01 3.785981975364290975e+01 4.271073226144013546e+01 2.606585697746812258e+01 2.644236570597434621e+01 3.844161814901110574e+01 4.496495316599674652e+01 4.658022890388907911e+01 2.828195306643416629e+01 4.857343751037581114e+01 5.856278057628207989e+01 7.367699798110703568e+01 8.113126083793216026e+01 7.572209782549442991e+01 6.690170844664156391e+01 4.696513982854924052e+01 5.306051652917629013e+01 3.475566376471996932e+01 3.380976084159200923e+01 3.425700104134502766e+01 5.170438805041090546e+01 5.494969595535625473e+01 4.103409926051636347e+01 3.644219612212875603e+01 3.690337542744564558e+01 5.494967700622875384e+01 5.794244857833441387e+01 5.880531869571275649e+01 3.915225317514192227e+01
4.415218798724666271e+01 5.015107465986044843e+01 4.186539722430206467e+01 2.249589541905020695e+01 4.231849804731735532e+01 4.334349125482572163e+01 4.254204642583069784e+01 2.418207728912329912e+01 4.279007727172730569e+01 4.826192416658077633e+01 5.153651838452383060e+01 4.482740635486710090e+01 4.201550602122453881e+01 3.691831964998410598e+01 4.964347375725547806e+01 3.341435779733753719e+01 2.868832503416549784e+01 3.485174169692564305e+01 4.490288045596838629e+01 6.531849849894658178e+01 6.052361328114368888e+01 5.461549210559265788e+01 5.794479991859793699e+01 3.560388491348494711e+01 3.273842423293292114e+01 3.317904883750659906e+01 5.350488052716694654e+01 4.586418648157462741e+01 5.748505870230601289e+01 5.949347183252540816e+01 4.207927311831303996e+01 5.752337594158836964e+01 5.757151132517981296e+01 5.243890031604612290e+01 6.990671876806706564e+01 6.553078341700650356e+01 4.800723254439930088e+01
5.692237764075930073e+01 5.715303200624936864e+01 3.738925333488555935e+01 2.863260768091723918e+01 2.299418836303473057e+01 2.334400616344999335e+01 2.369222700111463098e+01 4.231301269129034637e+01 2.610348903585504843e+01 4.022938801196939806e+01 5.899117686622886936e+01 6.549480894296226552e+01 5.218293283337723665e+01 5.091107156931140310e+01 5.943930142746876299e+01 4.181969207232190655e+01 3.294767686252794903e+01 2.926390908713628392e+01 4.950878021043747168e+01 5.083245794472372125e+01 5.080154372371937654e+01 4.008862191902998262e+01 5.176316801882406082e+01 3.211754683517004594e+01 5.243063917415108222e+01 3.959604264614876001e+01 3.979555997053832783e+01 5.970893883276619363e+01 6.932254901088762722e+01 6.142295507425897227e+01 6.279764360818983704e+01 4.871108476949571298e+01 6.913187169624281125e+01 7.120256329331536449e+01 7.397256284353635181e+01 6.291796628383328738e+01 4.255218698491401597e+01
5.944970504930416411e+01 6.530836726061789932e+01 5.296900427903720043e+01 3.445391262668118770e+01 4.320378294513677275e+01 4.328284914577080400e+01 2.419464285924007640e+01 4.609125812484085571e+01 2.749308812438503224e+01 4.769803477693518090e+01 5.760928692136099727e+01 6.919911708731838473e+01 6.931111517927294585e+01 7.342071718634748834e+01 6.977887670836383904e+01 5.189535050716181530e+01 5.464703339161867035e+01 3.704092660189594000e+01 2.983938368598397517e+01 3.024755911620096427e+01 3.065570546818224074e+01 3.106409609898847535e+01 3.149980267997018046e+01 5.179809153633375729e+01 6.079566191458672364e+01 5.307248832798077132e+01 6.016215670769309298e+01 4.717547749116068445e+01 6.764693979347079278e+01 7.953325298609389904e+01 7.455478940825265965e+01 5.383295835569709453e+01 7.398363751550621714e+01 8.185003251146950731e+01 6.012127267430417277e+01 4.529151609674811141e+01 6.269325859881062968e+01
4.575775841414808554e+01 6.629568027528489438e+01 6.490951586910080096e+01 4.708373938449348373e+01 5.770994127100001947e+01 3.675712983531700218e+01 4.638606102068355597e+01 5.462963040941741610e+01 4.769979841242808050e+01 2.950109513831090169e+01 4.117805824700408124e+01 6.187590978102385719e+01 7.429098479312327186e+01 8.239493673758305192e+01 8.204919565903524870e+01 7.326821903225074095e+01 6.316776572200623008e+01 5.352739685786129087e+01 3.465214944455272672e+01 4.184224550582900548e+01 5.078407241606139877e+01 3.823675562046391718e+01 3.225736825999369017e+01 4.640697321257930952e+01 6.679239231268202559e+01 7.394863106008494924e+01 7.330733706750091017e+01 5.289720744183831869e+01 7.330736781264596402e+01 9.219556609425811189e+01 8.001922281582650953e+01 5.957318519212608976e+01 8.001922281582650953e+01 8.225814209511432296e+01 6.192051301452340084e+01 4.726923836713083915e+01 6.783861196637764124e+01
6.629568027528489438e+01 5.354307218651211997e+01 7.404448616248561166e+01 6.523580892014985011e+01 6.677051069397576555e+01 4.883207285797707442e+01 6.667930877334356410e+01 6.412352401089646037e+01 5.120557953074020219e+01 3.094651460674819532e+01 5.120651310336608475e+01 6.145443033472865579e+01 5.398955858032415733e+01 6.843179640297601907e+01 8.844685296749516112e+01 7.412978641439266880e+01 5.454967334671894008e+01 4.279744323904800751e+01 5.500678148378159449e+01 5.106166820192755296e+01 6.321863897667294907e+01 5.355604466447565670e+01 3.320245449500099966e+01 5.359562221518535807e+01 7.084087409157386617e+01 7.903451999309044140e+01 8.152590079164524184e+01 6.743845199077655650e+01 6.394704984328084407e+01 8.405376783618469005e+01 8.604595832022198465e+01 6.605753794142864876e+01 8.604595832022198465e+01 8.790541637109457440e+01 6.784705012233976618e+01 5.764591363264414525e+01 5.029459468414078316e+01
6.389487544349233872e+01 6.547997908441200821e+01 8.232981020183142107e+01 9.024164375757486312e+01 8.024032464641618390e+01 7.176980492260042865e+01 6.961767939720493814e+01 5.613079811464984203e+01 3.589199025316798242e+01 3.255634338208407996e+01 5.266624767441816601e+01 4.107801532915062381e+01 6.145472344227275130e+01 7.771280184746821362e+01 8.776069139822706688e+01 8.208535746612953687e+01 6.944001847526605786e+01 4.962359283523167619e+01 6.944001847526605786e+01 6.523175286242923221e+01 6.294338678119508756e+01 4.026640755064473609e+01 3.442138313925604365e+01 5.480175019872250175e+01 5.066756739607524906e+01 7.034290888552146725e+01 8.199831293039743230e+01 8.747618398622878999e+01 7.566629480860191848e+01 9.219556623027709463e+01 9.290219080403431917e+01 7.350983687325384608e+01 9.290219080403431917e+01 9.396427287891977187e+01 7.438284697142913160e+01 7.322259010870182294e+01 5.252731922256676000e+01
7.309146572550147880e+01 8.574382903620328022e+01 9.395455661940115988e+01 8.588475199111425695e+01 7.488045277352443918e+01 7.171004813562841207e+01 6.105288645224001698e+01 4.117557992031545666e+01 5.612717356159889448e+01 5.283582662995076618e+01 3.486397890876853012e+01 5.516710818516570214e+01 4.905626682844451381e+01 5.934318287097021738e+01 7.373752698646073611e+01 9.364882970909195592e+01 7.744010136065271865e+01 5.976120664445691943e+01 7.744010136065271865e+01 8.551383102474487430e+01 7.291668624375283514e+01 6.117751077959616879e+01 5.485223828688946668e+01 3.627017093601412512e+01 3.971386408216444863e+01 5.220858048436613785e+01 6.745042489763361004e+01 8.816299414746113428e+01 9.550538861546714031e+01 1.035710745110213367e+02 9.290219080403433338e+01 8.744983815713462150e+01 1.005825519472692804e+02 1.016705626569703753e+02 8.778785430721207206e+01 7.569383162208708882e+01 5.504033842811521993e+01
8.736752607723903452e+01 1.013475115411066696e+02 9.193252562208695622e+01 7.229114348394111289e+01 5.796987029209510922e+01 5.168094550453370317e+01 4.701167187841232931e+01 6.139736667300402218e+01 6.959146436607244368e+01 5.695644891711450697e+01 3.663784964423519597e+01 5.695644891713798330e+01 6.945629770131736791e+01 6.092310891764002179e+01 7.269096627759435592e+01 9.261735795272079486e+01 8.710901877066220322e+01 7.911885130554991008e+01 8.710901325090728164e+01 8.310330819526660662e+01 6.286109083354508442e+01 5.970984223968713422e+01 3.934843040459751506e+01 5.662358463781936990e+01 3.850086206696016689e+01 5.286282100762586111e+01 7.324209449113769210e+01 8.787144510557443766e+01 9.606584563833298773e+01 1.054328533914527384e+02 1.114408163919133017e+02 1.060653345110204526e+02 1.019170290963160426e+02 9.201075263431799556e+01 7.969741632761460437e+01 5.928559210474988106e+01 6.061284533234267968e+01
1.072000055290691165e+02 1.006617104928669875e+02 8.116105578856841873e+01 6.972858334901485478e+01 6.447926960934678675e+01 7.171007236397663576e+01 5.875360877053400088e+01 7.532196202873998914e+01 7.314211438693656930e+01 5.281496686162159904e+01 3.843125056972285591e+01 5.281496686162137877e+01 7.314211438130926979e+01 8.111285035510950081e+01 8.929729985137663562e+01 1.007539753141938945e+02 9.914422545247894902e+01 9.115814054028045632e+01 8.872168364424202025e+01 7.446012890567465092e+01 6.286109679542895634e+01 4.243201075599426275e+01 5.970984223968713422e+01 6.042626178357847522e+01 4.006839685397182649e+01 6.042623396713974415e+01 7.142990751357802992e+01 6.773475627434457635e+01 7.732861530869409705e+01 9.264781176916886807e+01 1.025675567258311958e+02 1.076956848725526612e+02 8.792343580278534887e+01 7.389792122333716407e+01 6.367711772536237902e+01 7.969741689822171793e+01 6.648621990074676091e+01
1.048561398656698458e+02 1.087439229652100465e+02 9.748326459425432233e+01 8.940300224996622092e+01 7.442141018696709409e+01 8.675854578021203167e+01 7.865506645320193968e+01 7.552311807039106384e+01 6.724040663585043376e+01 6.062041120018667328e+01 4.025574591189442941e+01 6.062041119977196502e+01 7.086941595340967126e+01 7.829952702485317673e+01 8.687236183599132744e+01 9.923409294263824165e+01 9.087852712574111536e+01 7.142912346702607351e+01 7.727840363721048789e+01 6.019857416709420050e+01 4.562612696792134415e+01 6.286109652482593191e+01 7.119195021348082264e+01 6.203488758911232281e+01 4.164388010634323933e+01 6.203847621333625995e+01 5.087396321400260746e+01 5.689489214336560252e+01 6.429718894470471469e+01 7.451028101984341845e+01 9.440119707355312073e+01 1.083785284620981599e+02 8.860579989934170442e+01 7.458344949046094996e+01 8.380625706516825346e+01 6.874817444136817812e+01 8.650372946173105504e+01
9.083625507538825161e+01 1.106482920222091622e+02 1.132975661214776153e+02 9.388343953119992591e+01 9.388343953119991170e+01 9.376923515322187086e+01 7.963161731973603708e+01 6.724031484176752826e+01 4.673888285581547564e+01 4.400443835594267483e+01 6.061624154646825957e+01 4.390873954166860216e+01 5.035416677157808607e+01 5.769847144594898225e+01 6.968087964959330805e+01 9.065999094429487570e+01 9.154963697390560640e+01 7.727840363721048789e+01 5.689965514172804006e+01 4.901469098331940444e+01 6.019857416709420050e+01 7.446012065553254899e+01 7.864585351320664586e+01 5.830721218286139163e+01 6.203861267612601438e+01 4.390681085396006722e+01 6.437927960215186829e+01 7.732861530869408284e+01 8.445573904669821275e+01 9.264781176916886807e+01 1.025675567258311958e+02 1.105423071777983779e+02 9.076854524348503617e+01 9.439709764404598502e+01 9.206855119599653392e+01 7.230269204638049985e+01 9.206855125801378392e+01
9.937796756837916234e+01 1.092774089585872446e+02 1.099689841874984353e+02 9.854313762311969072e+01 8.963979915424600620e+01 8.143343999306370051e+01 6.549399316262662296e+01 5.087211217065834035e+01 6.724040663585043376e+01 5.851933743546953082e+01 6.728205343493713997e+01 4.677970404838518448e+01 6.728313275842708663e+01 7.828604895389054263e+01 8.687236183599132744e+01 9.733770736947231228e+01 7.760031935734689057e+01 6.322712540033368356e+01 5.275529875241632993e+01 6.959924764031396194e+01 7.788265523016315228e+01 8.872168364424146603e+01 8.690357028297988506e+01 7.300949533861636098e+01 5.244256025598178894e+01 4.561171054285986060e+01 6.615385032388843456e+01 7.783488584036858526e+01 8.322776535334342896e+01 8.923652863613685327e+01 9.623425890731664367e+01 1.044008308394119240e+02 1.105423070846924105e+02 1.075134071586585520e+02 8.773350160042667767e+01 7.637533318186294196e+01 8.371778265135651509e+01
8.127756041068759885e+01 1.010549202326455998e+02 1.018268790222306421e+02 8.198149022541326758e+01 7.038830928117674546e+01 6.119112718317050081e+01 5.536971198150772011e+01 7.138454359568385144e+01 7.954010437141383250e+01 7.894204302842636878e+01 7.510567582894914551e+01 6.712352572181960397e+01 5.114693116373415904e+01 6.577776215648263758e+01 8.612958265534992108e+01 9.649993171472758036e+01 7.667763583867986199e+01 6.494700920335840522e+01 5.556271226539102770e+01 7.020629435710911537e+01 9.020139149163934178e+01 9.787193958229178747e+01 7.799122678128307484e+01 6.360048964705597996e+01 6.801256607702488566e+01 4.739844208180095109e+01 5.224806876936357014e+01 5.738142881334609058e+01 6.304947456152692098e+01 6.930773765281233523e+01 7.644222490074083964e+01 8.788753192973373984e+01 1.076364428746983322e+02 1.157217009616440038e+02 1.005066771018982621e+02 8.077035672434448088e+01 1.005066771018982621e+02
9.937796756832706535e+01 1.092774089585872446e+02 1.053353403377360422e+02 8.563783851437348460e+01 7.409917462807092647e+01 7.902964999994674145e+01 5.927666110104148345e+01 7.113967814624798791e+01 9.101838263812827279e+01 9.059325426678979909e+01 7.081794703290108828e+01 5.628843893875152560e+01 5.966365524264055153e+01 7.170602261929263932e+01 9.196961452881200216e+01 1.046471659811852390e+02 9.322865311543004907e+01 7.900309205885746167e+01 5.863161562331515597e+01 7.317493750502760008e+01 9.307350182631985547e+01 1.000301026193477441e+02 8.016970117707010957e+01 8.381415274587629938e+01 7.004941253363541875e+01 4.937767872511712852e+01 7.004941253363881515e+01 7.783488584036858526e+01 8.322776535334342896e+01 8.923652863613685327e+01 9.623425890731644472e+01 1.044008308394119240e+02 1.157975116423809823e+02 1.166729099488374004e+02 9.687339917982639292e+01 8.600254370252068270e+01 1.057969446086981264e+02
9.620802685551625189e+01 1.044255905284556434e+02 1.134265098827424936e+02 1.020818323053864844e+02 8.573889007233952952e+01 6.570977653624511561e+01 7.955777144155861436e+01 7.954853429262998077e+01 9.903673820249875348e+01 9.169892401187405540e+01 7.195862851317193076e+01 6.012672300979872375e+01 7.970942550914962510e+01 7.410113590467456390e+01 9.405008010596745294e+01 1.066772071367163193e+02 8.696231227232478034e+01 8.204899624021182092e+01 6.184475287193885862e+01 7.624510232247195063e+01 9.606083345362822001e+01 1.081930524284641848e+02 9.117883846060959740e+01 7.122831233990038413e+01 6.088885729310425887e+01 5.142710987048370441e+01 7.211855727398958038e+01 7.978677731826638819e+01 8.340892724211838072e+01 9.160725248998700465e+01 1.055916578461240363e+02 1.104200338445458840e+02 1.186208471355001564e+02 1.248964865788028078e+02 1.124102053569104811e+02 9.257037390252779119e+01 1.021632219104911314e+02
