LEM/sinusoidal_perturbations/elevation_000812.asc
nrows	100
cellsize	150.0
xllcorner	0
ncols	100
yllcorner	0
NODATA_value	-9999
[rows 34 to 50 of 100, columns 0 to 36 of 100]
2.064481644892168701e-03 1.414420010537596717e+01 3.414420010537666883e+01 4.889962044708001088e+01 4.061534919457741921e+01 3.326445983524776295e+01 4.740659545897921134e+01 6.740659545901290528e+01 7.999990253097236348e+01 8.077741086576541818e+01 6.079604141143106943e+01 6.446269102384191285e+01 5.740163775077613906e+01 3.928346116224506090e+01 3.697758553245463986e+01 4.114698097154744261e+01 4.585854460501924734e+01 5.162477081189273065e+01 5.867722553594379065e+01 6.863397278797833678e+01 8.271970853214601505e+01 1.027078726327659410e+02 1.033320257787198670e+02 9.529120028932510422e+01 1.033320257787198670e+02 1.043363064007140792e+02 9.720139676811281504e+01 7.732064539663089420e+01 6.317818463579528299e+01 6.057153564169749416e+01 7.606390242819082914e+01 7.022851764830772936e+01 9.015176750545026607e+01 7.623233780872521947e+01 5.602931155659327800e+01 4.595984804846265348e+01 5.604533636547073883e+01
2.905961989428186391e-03 2.000290596198907167e+01 2.808602558057686238e+01 3.245038338529850108e+01 2.061534919457379900e+01 3.061534919457397663e+01 4.475748481830542858e+01 6.475748481833024073e+01 6.006244405746555515e+01 7.414658393588675267e+01 6.446269102402004592e+01 4.449101809932520268e+01 3.742374235108386671e+01 3.172531507090878122e+01 5.170543369290489011e+01 6.110309752448967657e+01 6.580437478287544195e+01 7.155884687277347211e+01 7.155884687277347211e+01 8.688112694985136386e+01 8.481238675197624843e+01 9.312550319228066087e+01 1.032479333795790666e+02 9.492974740050790672e+01 9.642852356186996587e+01 8.426776180783807035e+01 9.846241574998752810e+01 9.136264071635815753e+01 7.732064539663089420e+01 7.213591219871639737e+01 8.877515097392220866e+01 9.015176750545026607e+01 9.836242059728478182e+01 8.451570032675391531e+01 7.444424099130543482e+01 6.613082468245075063e+01 5.599547474646278999e+01
3.542675937824442140e-03 4.003542675937841189e+00 8.086025580576507110e+00 1.245038338529639255e+01 2.399738876908911323e+01 4.399738876909419361e+01 5.889962044983905542e+01 6.417232202101929772e+01 4.593511094554241225e+01 6.417232202101929772e+01 7.274552086397183359e+01 6.446269102384191285e+01 4.846725148342824241e+01 2.847890793914200813e+01 4.846725148342824241e+01 5.917089891183513117e+01 6.746016039393160213e+01 7.900919973442135813e+01 9.151405293920828399e+01 8.155580757871706510e+01 6.478565245973882725e+01 8.155580757871706510e+01 9.166708152946567623e+01 7.488075556003472855e+01 7.637657053325568768e+01 7.010683311784650584e+01 8.843720336814628524e+01 1.000148993096122894e+02 9.720139676811281504e+01 9.204897512849937868e+01 1.002545276704806128e+02 9.609170202711230502e+01 8.710963485810773932e+01 7.883549895218271786e+01 7.167144654038160922e+01 5.930194831774014119e+01 3.918945477245539877e+01
3.411803931810562015e-03 2.000341180393145635e+01 2.808602558057686238e+01 2.399738876908911323e+01 4.073465463127316610e+01 5.228166002261467327e+01 6.246187404226738238e+01 5.591855069515427346e+01 3.593495736553714437e+01 5.591855069515427346e+01 6.778955341979317950e+01 6.277755410456345686e+01 4.567027526760983847e+01 2.567357624781809378e+01 4.567027526760983847e+01 3.917890176409223812e+01 5.071994633089217075e+01 7.071511482358094725e+01 8.347821993884522840e+01 7.324994631736393558e+01 5.326551905393321107e+01 7.324994631736393558e+01 7.474620308868981056e+01 6.332916269591192560e+01 6.222661958644319924e+01 6.010753939579552707e+01 7.165544515886665522e+01 9.169762659799215498e+01 9.798891951664306532e+01 1.063124774096826854e+02 1.019719691825130496e+02 8.200626802732931253e+01 6.768791167643736628e+01 5.857249925882730679e+01 5.140230758009467849e+01 4.505099663669762577e+01 4.201496090683781404e+01
3.327314952832964925e-03 1.414546293868390769e+01 3.414546293868460936e+01 4.399738876908723739e+01 5.228166000563273030e+01 4.570879919636993094e+01 4.179826720031813636e+01 4.925735291861784049e+01 2.926270804550099314e+01 3.956298684273374278e+01 5.953947466170986758e+01 5.449219971456030009e+01 3.450201521578898678e+01 2.294365021641025848e+01 2.762810338990547265e+01 3.470456963218369140e+01 4.364669590513990016e+01 5.518484573864768095e+01 7.518195695667739642e+01 6.618438429931335065e+01 4.630167382365040396e+01 6.618438429931335065e+01 5.476018235815469382e+01 6.452087236191604802e+01 5.070120089893894999e+01 6.482318396420940587e+01 8.485152128859951404e+01 9.240573505854381153e+01 7.793503188423541417e+01 9.349730166371944051e+01 1.018186947374062612e+02 9.609170202711230502e+01 8.555504098771598365e+01 6.537171704683090923e+01 5.363863251358625917e+01 6.526178205054391412e+01 6.218311288622385291e+01
6.779948344387334673e-03 1.992212496105959474e+01 3.915931313396328761e+01 4.449938070593873363e+01 3.982468658347608681e+01 2.536886335433211315e+01 2.756678831784859796e+01 3.615575329070072996e+01 2.322464326895313746e+01 4.322611576054190152e+01 4.562702040446375662e+01 4.533700268257408084e+01 3.707963907042628904e+01 2.030781670367388614e+01 4.032539661835546951e+01 5.469685384669097772e+01 6.298432333078262957e+01 7.192749829016013052e+01 6.606398562530580421e+01 6.018952152994579308e+01 4.058373225210211643e+01 5.541234488598092156e+01 4.080682134106717740e+01 4.459941070068384050e+01 6.452087219563686915e+01 7.899396072969969396e+01 8.654412149567696133e+01 7.236266705942848887e+01 6.637971735491871073e+01 7.345365407875731023e+01 8.501469415474431912e+01 1.050847590113119878e+02 9.380446971065030937e+01 7.390219347730452171e+01 6.380041312286964938e+01 8.219684704246353135e+01 7.182446903363084800e+01
9.516927588586143695e-04 1.154051296240377944e+01 3.139785497814689208e+01 2.445592457220211458e+01 2.445877089112019931e+01 1.294331243859862468e+01 3.127286985807610975e+01 1.615306299879621932e+01 2.949315430770663937e+01 3.060341421814385399e+01 2.584220012729302951e+01 3.391260514607290588e+01 1.705615685321072661e+01 3.707963835814616260e+01 4.861087378517169810e+01 5.586543643237629198e+01 5.196442524093510684e+01 5.956571031459812104e+01 4.688206071415087450e+01 4.759791076069784310e+01 3.569769306642678686e+01 3.583028048026608303e+01 5.541234488598090024e+01 6.452087236191603381e+01 7.281998907250113007e+01 7.986644158500682522e+01 7.155977453485688500e+01 5.821303206249886131e+01 7.823314599379936851e+01 9.349730166371944051e+01 1.018186947374062612e+02 1.134117402669293142e+02 1.022219121746588115e+02 9.225819084480365007e+01 7.813970088641474376e+01 8.046322628421404488e+01 6.020354473982752097e+01
1.945935296826602993e-03 1.990677767397457743e+01 2.199639426317098057e+01 2.301233902554312749e+01 4.449661162200788667e+00 1.380896391459519457e+01 2.606576487600963432e+01 2.795737787875931701e+01 9.510259355615360732e+00 1.061629264451388721e+01 1.172489191697532718e+01 1.390255686062324791e+01 3.391498228737498266e+01 3.625276914868094025e+01 3.763519245558283188e+01 3.388245025397451826e+01 3.225816629688612380e+01 4.858523183089523911e+01 4.001110945873898572e+01 3.049377773045121742e+01 3.107816149853297105e+01 5.059157144717202925e+01 6.368403911041978205e+01 7.168062236440559332e+01 7.381862475800402024e+01 6.552311414689229707e+01 5.153843678765090175e+01 7.155977466218422478e+01 8.654415314423044947e+01 9.372286372375961605e+01 9.591912342490613241e+01 1.042408888432373431e+02 1.080581295898116707e+02 1.063766808031925706e+02 9.052869958708268427e+01 7.039775302728095596e+01 8.046322628421404488e+01
5.600688922766023682e-03 1.005600688922765107e+00 2.006853037566280751e+00 3.011890852825490850e+00 2.299413603957899710e+01 5.912096016186666247e+00 6.948790218254697670e+00 7.989200817786782594e+00 2.796963518951332262e+01 3.060341184452263619e+01 3.171929281804258949e+01 1.355815632738933374e+01 1.486403043811857572e+01 1.622191957759903147e+01 1.760186209122764822e+01 1.899716683076229273e+01 2.051804451287015851e+01 4.047673832807521421e+01 2.498297013277856848e+01 2.666705988405054839e+01 2.879224856412040268e+01 4.963987815304102469e+01 5.506987083366348656e+01 5.161003271985011054e+01 5.995808434833162437e+01 4.546023233226636506e+01 6.552311414689229707e+01 7.068905217671388641e+01 7.495623593703183474e+01 7.367836290616413919e+01 7.587021870546733737e+01 9.166738872461823462e+01 8.798365377685745159e+01 1.080581295898116707e+02 9.875735373811910733e+01 8.054100031982223129e+01 9.875735373811910733e+01
8.215197286175309616e-03 2.000821519728582132e+01 2.200756268879276689e+01 1.632461843389333112e+01 1.723076954113935599e+01 3.101032129312293151e+01 2.667697428530900794e+01 1.191452904243763378e+01 2.879860879897971415e+01 4.239616110934410642e+01 4.186441466723433535e+01 3.356975636751042913e+01 2.003308428088928039e+01 2.779427978311230873e+01 3.763519245421231574e+01 3.902738081147516880e+01 2.417241685834150644e+01 2.270413899349951237e+01 4.255003931553157770e+01 5.090366104304396089e+01 4.964024618151001533e+01 3.193742722393780653e+01 3.450580087247775651e+01 3.710994718507159007e+01 3.974253448498741648e+01 4.312811196324344110e+01 4.657155478756025246e+01 5.067480891322432512e+01 5.494136997757417618e+01 5.952872799800411485e+01 6.530275127932269186e+01 7.162960663162350272e+01 8.578891570668069733e+01 1.058592780105673370e+02 1.087202207408931542e+02 1.005163989576099794e+02 1.087202142546327224e+02
2.613274238814250559e-03 1.437320903545282214e+01 3.472193858228779106e+01 3.444334104942063135e+01 3.716782830247723979e+01 3.730556708104131047e+01 3.995504046272299803e+01 3.175437890406238495e+01 1.784401492350987439e+01 3.843679072344504988e+01 5.555086612127235668e+01 4.540512224879698522e+01 2.539339825853703303e+01 4.540512223991402152e+01 4.780728046593432623e+01 4.771875224965079099e+01 2.779918370424440255e+01 4.255003931553157770e+01 3.079369031890826136e+01 5.066071317701783983e+01 6.100291597577712821e+01 5.266349884988497365e+01 3.910767285525477632e+01 5.748885987265919084e+01 5.995866958850016459e+01 5.735181159645531324e+01 6.660366187809023586e+01 5.602192241397900574e+01 7.495623593703183474e+01 7.954926127013855819e+01 8.533088565741832099e+01 9.166738872461823462e+01 9.166738872461824883e+01 1.117471974487304465e+02 1.053545115130062726e+02 9.708175540672228010e+01 1.053545115130062726e+02
7.532853315450405325e-03 2.000753285331509446e+01 3.463647337619326549e+01 4.292125734273627558e+01 5.292190240975433113e+01 5.717894494535957506e+01 5.152978509039554211e+01 3.082797658832911836e+01 2.940346846680563431e+01 2.859183551228732512e+01 5.166783660741583617e+01 5.143669379194561486e+01 3.143223408713667055e+01 5.143669379194561486e+01 6.782132528052815701e+01 5.174728978834819770e+01 3.160460237392069160e+01 5.174728978834819770e+01 5.066071317701783983e+01 4.012093736769902819e+01 6.006013441125192287e+01 6.502303748308229103e+01 4.489547723459353534e+01 5.356152736602516029e+01 7.362204886503273826e+01 7.737892658959269454e+01 7.604051863796964028e+01 7.017110024282004588e+01 7.017110024282004588e+01 9.021054813078214352e+01 9.385763935341802267e+01 8.549963643345216724e+01 9.385763935341802267e+01 1.082769060296560326e+02 9.536143533182605836e+01 7.708982378250108525e+01 9.536143533182605836e+01
6.101047412966256744e-03 7.077168859278471835e+00 1.463645831946308284e+01 2.463645831983586731e+01 3.877859480849882345e+01 5.877883131068675482e+01 5.152984485838472040e+01 5.152984485838473461e+01 4.319720898870247794e+01 4.031146243205847668e+01 5.794901416525575399e+01 5.850895934768986706e+01 3.850557161641496862e+01 5.850895934768986706e+01 7.028483422013023585e+01 5.017193129819104058e+01 3.582102638047745558e+01 5.606286417468027850e+01 6.761278453499517127e+01 4.763034968161318972e+01 6.761278453499517127e+01 7.106599412393256898e+01 5.102377432184588457e+01 7.106599412393256898e+01 7.361332691615119472e+01 9.355738379264577986e+01 9.609039455786493988e+01 9.021054813078214352e+01 9.021054813078214352e+01 9.852902416167420085e+01 8.382093832073894646e+01 6.546956190962043820e+01 8.382093832073894646e+01 9.711515715050488495e+01 8.001107308759151238e+01 6.707546952626609027e+01 8.708578959461166846e+01
6.842009524227352091e-03 2.000684200952387215e+01 3.180566413420529770e+01 3.887673194607124572e+01 4.716100319353344617e+01 5.870800857732616151e+01 7.172697385814352344e+01 6.613236306055372893e+01 6.182433781053110522e+01 6.007576905640116394e+01 6.837699644795615939e+01 6.680511751210030980e+01 5.005194579594984106e+01 6.680511751230400819e+01 7.615731071848227884e+01 5.606286334260173732e+01 4.261390015401613596e+01 4.669143343450392791e+01 6.682437320704424621e+01 5.915341710043527712e+01 7.591364706143436081e+01 7.936787611137356180e+01 6.260145805528515695e+01 6.519918348569237310e+01 8.522972793464683150e+01 9.361911596170382666e+01 8.538201671745055421e+01 8.797735028697316295e+01 9.611021664655424956e+01 8.747994889653926975e+01 7.548459917153631693e+01 5.547461283421678502e+01 7.548459917153631693e+01 7.711557410598588547e+01 7.711557410598587126e+01 5.998382328233234517e+01 7.030097925748439991e+01
1.934550753332892102e-03 5.775437242649615222e+00 1.180566413420494065e+01 1.887673194607054228e+01 3.042373732986326118e+01 5.042373732986396817e+01 6.020619608360199493e+01 4.597630431048922617e+01 6.020619608360199493e+01 5.540768368378400766e+01 6.144996353820197754e+01 6.974008123816784632e+01 7.006145469951589178e+01 7.836309631123387476e+01 7.697113053471801436e+01 5.691222739561410293e+01 5.275335685199356561e+01 5.679665043892754994e+01 7.512973232590934458e+01 7.916849535055077070e+01 8.747649532886514123e+01 9.093499353291326770e+01 8.262876542495455112e+01 8.522972793464683150e+01 9.353656873705641317e+01 8.214368080949195416e+01 6.543157229308934575e+01 6.803429351414165183e+01 8.465987066589755727e+01 7.913213092384539493e+01 5.911722088993748514e+01 4.883333761248837135e+01 6.881460372576309226e+01 7.538823848957298424e+01 5.708908584219039994e+01 5.394243538999960208e+01 7.397263007285894787e+01
4.364784840791047053e-03 2.000436478484043690e+01 3.180566413420458360e+01 3.887673194607124572e+01 4.716100319353344617e+01 4.777541316255006620e+01 4.439351705563499451e+01 3.175279188256287810e+01 4.756854640644643695e+01 3.542172671034128939e+01 4.140998838261162263e+01 6.144996353828020830e+01 7.215631392080878470e+01 9.216313823781266024e+01 8.527561825404956153e+01 7.697113053471801436e+01 6.435349547882354670e+01 7.098259112114294567e+01 8.515631172026155582e+01 8.004255167716596020e+01 7.178547367914795529e+01 8.004255167716596020e+01 8.271481752100079632e+01 8.012979585862059650e+01 8.838517603732850603e+01 7.320567197223996914e+01 5.387831776546469342e+01 5.648251849588658047e+01 7.646469604190725988e+01 7.693736236359649183e+01 5.692997712981002678e+01 4.282435506183926321e+01 6.279002531358354844e+01 6.710232997516847320e+01 4.709172341353733771e+01 6.710232997516847320e+01 8.225505916940269913e+01
5.219006137575642711e-03 2.000500993538814498e+01 2.571871743583316317e+01 2.816180176503952381e+01 3.066180172869810860e+01 3.155281199886493226e+01 1.926025614675382158e+01 2.343103010545523901e+01 2.775172196848245321e+01 3.911491988436475253e+01 5.911641498971586373e+01 5.212656642371966598e+01 6.629574300873267134e+01 8.630498369999250485e+01 9.050491897456275581e+01 9.269513891372361059e+01 8.438861026934756637e+01 9.102228715589164665e+01 8.296142355273741487e+01 7.007411522169333296e+01 5.184755561519834544e+01 7.007411522169333296e+01 6.278917796159592513e+01 6.020335985695076886e+01 7.687999775952252435e+01 6.493265027722171112e+01 4.494229503209443521e+01 6.405841269095613200e+01 7.228268504082844004e+01 6.944883048402462578e+01 5.719945423596372081e+01 3.809758540436476437e+01 5.560149960487800058e+01 5.766053074423182068e+01 4.311355576442743853e+01 6.310020866282766860e+01 6.863084464373312699e+01
