LEM/sinusoidal_perturbations/elevation_000406.asc
nrows	100
cellsize	150.0
xllcorner	0
ncols	100
yllcorner	0
NODATA_value	-9999
[rows 51 to 67 of 100, columns 37 to 73 of 100]
7.238226989248174448e+01 8.862003278286040597e+01 9.807042202952609955e+01 8.134121567048538282e+01 9.807042202952609955e+01 8.660809480602249266e+01 7.480187721220636377e+01 6.633958866791805065e+01 4.948810313445651587e+01 6.388869686418293981e+01 8.277309748588997707e+01 9.324358485889241877e+01 7.823766771446177870e+01 5.781380753366350689e+01 7.342290425280199884e+01 6.391430298773625651e+01 7.413746243881480780e+01 9.454639912046621930e+01 1.045106047871199735e+02 8.472208873275762642e+01 1.045106047871199735e+02 1.151852700252862860e+02 9.788863567810967936e+01 9.210391654481081503e+01 9.426697566647519011e+01 1.140013579057313251e+02 1.101437288782784094e+02 1.142919495826474758e+02 9.369975876010683180e+01 7.926589687821007146e+01 7.361115632125033414e+01 8.678775898148808210e+01 1.070782049818370041e+02 1.053458284641489229e+02 8.544574625536957058e+01 7.555133446083679871e+01 8.761215254682252862e+01
6.322991985239585233e+01 8.384425350539102340e+01 8.980487221742502868e+01 6.976111053004196094e+01 8.980487221742502868e+01 7.815666874154337052e+01 5.768888565651090516e+01 4.596515532247931191e+01 6.633958866791805065e+01 7.835571098825504066e+01 9.282272511232626755e+01 9.832776533656593188e+01 7.819356952398712224e+01 7.341160599833891354e+01 5.304096840683332204e+01 7.333613227627287756e+01 8.989477569897289300e+01 1.029277898902015522e+02 9.854414378460541002e+01 7.865318079288495312e+01 9.854414420683048093e+01 1.070255367470377621e+02 8.720247951787260376e+01 7.795215668824036470e+01 9.637554542181952399e+01 1.026580267422727104e+02 1.108123140212428837e+02 1.196281092140443434e+02 1.082096516291958039e+02 9.973107168698217606e+01 8.123388953198654860e+01 1.017478190161820919e+02 1.157330597804423604e+02 1.136018612957507941e+02 1.036471713578813194e+02 8.698613314790695483e+01 8.956783977115350126e+01
6.926771838971609441e+01 8.980434037109944256e+01 8.271833231260718833e+01 6.273684647196390785e+01 8.271833231260718833e+01 7.841918269408752451e+01 5.796358073276729073e+01 4.362208667703922060e+01 6.395488783366371166e+01 8.188479803239290788e+01 9.516477895194894643e+01 8.676552930297634703e+01 8.473071881791395299e+01 6.446759859270393633e+01 5.009989618377534981e+01 6.179454562928507499e+01 8.147749522199708849e+01 9.605922910623837652e+01 9.308585845637090017e+01 7.327600715434424217e+01 8.617902429051723345e+01 9.339153607108146105e+01 8.518304402115410312e+01 7.083935710314239032e+01 7.641705210018355388e+01 8.279011193566900317e+01 9.175073176954681742e+01 1.057380008025888003e+02 1.253532702617092554e+02 1.102345872983461561e+02 9.301818450383929360e+01 1.102345872987082060e+02 1.260683046642274263e+02 1.202440875708174417e+02 1.151415874397663259e+02 1.068835886501927206e+02 1.094656974689714986e+02
7.967952288619838441e+01 9.084080196150435427e+01 7.083376103392085099e+01 5.679245807586833905e+01 7.669368765013328471e+01 7.608789256569994564e+01 5.565223509317716832e+01 4.138590675825059151e+01 5.300476920471907505e+01 7.343050416875652786e+01 8.676552930297634703e+01 6.636683273704977637e+01 7.232435831582363051e+01 6.759942585897663037e+01 4.733716705812912551e+01 6.767871182072660474e+01 6.757051682678124394e+01 8.740838202239568488e+01 9.995624834631664157e+01 8.033613037886000541e+01 6.621591260028887405e+01 8.002656665438519212e+01 6.521211184486566026e+01 8.518304402115410312e+01 9.637556109134442295e+01 1.026585621258432468e+02 1.108125343789570820e+02 1.196281092140443434e+02 1.220884941001927899e+02 1.221121483105120404e+02 1.136727216921059522e+02 1.175197057315381244e+02 1.063321960542062925e+02 1.005697019097628129e+02 1.059242931178734608e+02 1.124476936406189367e+02 1.206749780570063280e+02
8.809710456235838194e+01 8.509919736607892560e+01 7.155521226945471369e+01 5.171437005347306837e+01 7.155521226945471369e+01 7.384464709029015239e+01 5.343766736106998394e+01 3.926874572976473843e+01 5.941473334022213493e+01 7.565075344080939601e+01 8.408793558991850148e+01 7.234147263384295456e+01 5.199053702332864901e+01 6.141650581636553596e+01 4.465837431250010070e+01 5.136839994460013514e+01 6.152932081985160551e+01 7.608959360761792823e+01 9.728665065638296028e+01 9.436205413585243207e+01 8.002655131257651533e+01 6.016861065981321843e+01 8.002658910711448925e+01 9.339187146881427282e+01 9.266714417271489879e+01 1.008687461421780966e+02 1.107909389891360803e+02 1.163203213922530210e+02 1.023528195017668594e+02 1.163203213922530210e+02 1.118046608234324282e+02 9.785039643923212793e+01 1.057448755893924357e+02 8.674319646474279466e+01 8.633579420216970846e+01 9.287749207238266536e+01 1.025969506166828040e+02
9.096337067160669676e+01 7.097344578373959223e+01 5.692900259397129048e+01 4.707040335645964291e+01 6.103753852959891901e+01 6.928671223097006759e+01 5.725481581563588662e+01 3.717985432245820476e+01 5.725477952271698712e+01 5.525345944759911987e+01 7.565075282599428874e+01 6.672129010727861953e+01 5.830218295574790233e+01 4.123337750418330216e+01 6.146297317646342151e+01 6.468575047712907633e+01 8.024264625806870299e+01 9.066887738791446338e+01 1.003305210393119609e+02 8.044181485910181095e+01 6.632873730994495531e+01 5.756597169419163862e+01 7.735038303530376425e+01 8.269816680661475061e+01 7.272918944411053133e+01 8.272673960383765746e+01 1.026075487415921401e+02 1.074491041303600269e+02 8.826712190889433884e+01 1.074491041303600269e+02 1.036114037496974873e+02 8.395451736432073631e+01 9.117929721271038090e+01 7.786893057645129090e+01 9.757172911555517203e+01 1.124476936406189367e+02 1.206749780570063280e+02
8.194670768747235456e+01 7.370127673067051433e+01 7.212814774708168386e+01 6.103753852959891901e+01 4.124476287575589595e+01 6.103753852959891901e+01 5.513880357403695598e+01 3.500006043021539881e+01 4.100826499721200946e+01 6.060641362021735290e+01 6.366958084797443007e+01 5.525852188496292428e+01 3.811780564945289740e+01 5.830250100016864678e+01 5.549755650491175629e+01 7.577113828741480006e+01 9.217556258072850994e+01 1.019109170248294731e+02 1.061122319616703322e+02 8.626708204949059677e+01 7.483897034733074349e+01 5.510445668454077150e+01 7.422051370824210892e+01 6.281630795841159198e+01 8.269816680891220528e+01 1.008687457096214217e+02 1.107909389891360803e+02 9.924885489829807739e+01 7.928111392460694162e+01 9.924784304588359873e+01 9.416193726891800964e+01 8.595241051019998224e+01 7.138725494443842479e+01 9.117929721271038090e+01 1.042081804396109561e+02 1.123953489098033600e+02 1.238124040185836918e+02
7.370127673067378282e+01 5.390099476618149055e+01 5.226982750165167602e+01 5.226982750166210678e+01 3.750484279502634877e+01 5.729705551990272738e+01 6.357302540546929492e+01 5.218530438517623082e+01 3.168735502151595185e+01 5.218536808691001028e+01 5.231277108083218508e+01 3.506979955149782313e+01 4.931401412844987675e+01 5.830250175832753001e+01 7.582163913600811611e+01 8.417774139235530129e+01 9.612350312744523251e+01 8.206289962105169877e+01 9.612350312744523251e+01 8.966939169268739818e+01 7.237332576037498200e+01 5.266180203987894970e+01 5.447587693076084037e+01 7.422051370959552230e+01 7.665912781784174967e+01 9.637519536838553336e+01 1.067974004242340271e+02 8.690661584797848604e+01 7.294325443530755138e+01 9.107978570576429433e+01 8.284314801423158769e+01 6.598485887198390287e+01 6.870081982244109042e+01 8.869943103397859829e+01 8.428335018851433347e+01 9.584644463667889625e+01 1.156305241111488158e+02
7.370127673067526075e+01 5.390099476618149765e+01 3.995378781085480568e+01 3.248527154208943557e+01 5.226982750166210678e+01 6.553831398150292387e+01 6.452058733782033073e+01 4.420566638961724237e+01 2.939606617762003182e+01 4.943131281185632275e+01 3.204593268270679118e+01 5.231277108083218508e+01 6.366966466077334275e+01 7.802531519309667374e+01 8.704674655488115320e+01 9.809586661214889602e+01 8.729965305634109995e+01 6.822003917091737435e+01 8.384108267787968316e+01 6.980064908685767477e+01 7.418981280670010392e+01 6.597506339994053803e+01 4.922466628747773143e+01 5.716845903689712571e+01 7.089010559927869792e+01 9.058677950231728460e+01 1.009988205939830834e+02 8.106943350098460144e+01 6.694060361888291766e+01 7.984743438411642558e+01 6.291716620675234140e+01 8.285284082526140992e+01 8.869943103397859829e+01 7.267885934502822920e+01 9.270457397467605176e+01 1.008291285374887281e+02 1.045952741852209016e+02
5.563293413011065525e+01 5.326927946809594516e+01 4.508221522661414582e+01 2.948509168007970516e+01 4.589537927823067065e+01 5.997011772779836747e+01 5.099681121871151390e+01 4.617015307593517548e+01 2.765476129408709127e+01 2.919299945788185013e+01 4.943127559918767844e+01 5.231276061945797551e+01 7.260243584522719118e+01 8.647308846776779490e+01 7.824188976356577996e+01 7.824188976356577996e+01 7.908572490837157432e+01 5.946734264953049376e+01 7.562006906236985060e+01 5.579263779202322127e+01 6.308010046944885119e+01 4.612187013100799504e+01 5.472327867598154683e+01 7.366802144214413772e+01 8.483273383781981636e+01 9.383689981073679576e+01 1.020471726484880435e+02 9.395226753648906026e+01 7.400501034456729599e+01 5.992982099885905711e+01 7.984743438411629768e+01 9.108834935350176920e+01 1.009186541397902062e+02 9.270457397467609439e+01 7.716339602257693286e+01 8.084501035225437704e+01 8.466670461492586242e+01
3.580430982659707695e+01 4.124354553376383592e+01 2.535538242980058499e+01 4.389902153489668990e+01 4.383273373093681613e+01 4.444478175393138031e+01 2.542319605875270483e+01 2.607981190714003716e+01 2.681605382981000929e+01 4.678105695870823411e+01 5.530872898726915565e+01 6.395001440937899417e+01 7.293607983525467375e+01 7.769091681673687333e+01 5.870142324799183342e+01 7.769091681675055838e+01 7.214957934280342045e+01 5.247577062876224119e+01 6.335118468324983354e+01 6.024590369229308351e+01 4.263667709026414343e+01 6.308010046944885119e+01 7.266583997290355512e+01 8.420792013654215680e+01 9.055518918800119366e+01 7.389767703779142494e+01 9.055518918800119366e+01 9.204170277428089264e+01 7.209842616613975963e+01 5.802277297318376981e+01 6.463900200519991301e+01 8.459000849463262739e+01 1.034682604702713320e+02 1.053801080430421280e+02 9.718054443018804989e+01 8.792830361099839820e+01 1.045952741852209016e+02
2.719098510459381401e+01 2.136527807029117554e+01 3.877999493258005259e+01 2.320262215116032323e+01 2.385045986587140021e+01 2.449718089112639063e+01 3.303842137639161081e+01 4.476979973225348886e+01 4.656199859310087419e+01 2.789786584674625658e+01 3.931313675233198524e+01 4.645687665099277552e+01 6.435107144606341478e+01 6.950312747538937685e+01 5.004488649076329665e+01 6.038286454264021330e+01 5.597820035064566468e+01 5.687145732380413676e+01 4.356287033668864694e+01 3.854813534334299874e+01 6.024590369525856204e+01 6.308010046943005023e+01 8.291911739929909686e+01 8.585499252970899420e+01 7.762104275066893422e+01 6.237922528353232821e+01 8.232498417534489477e+01 8.183960646656879590e+01 7.359903816438198021e+01 5.620774352782328975e+01 7.612904572192412900e+01 7.529818505395250838e+01 8.685854159845389688e+01 1.067368465462080280e+02 1.159842645244009844e+02 9.793197616355467972e+01 1.159842645244009844e+02
2.046754644946776125e+01 4.035524061917779193e+01 2.228320477392593801e+01 2.759257312273322782e+01 4.318752090316084491e+01 4.443133690964391747e+01 3.059363543588744605e+01 4.036834354574111927e+01 5.429430541139143429e+01 4.787480858608604706e+01 2.896427130219523605e+01 4.076489800286010023e+01 5.699529475345333651e+01 5.501268593454693701e+01 5.924806120487113503e+01 4.074512797582521273e+01 3.595807455741680769e+01 3.685663724463377378e+01 3.776078067903037550e+01 3.880183713414398028e+01 5.879821428843954578e+01 6.850845266907398923e+01 7.707299833518791843e+01 7.419006372238204960e+01 5.767842681182005293e+01 5.484697496096200808e+01 6.942284283377153997e+01 7.112685095955642112e+01 5.366763550132975524e+01 6.775946504434634221e+01 8.434842671504698330e+01 9.526010183358867778e+01 1.034682604702713320e+02 1.149272714460406490e+02 1.258573888707442308e+02 1.176783914343062918e+02 1.258573888707442308e+02
3.357711476373377479e+01 4.868992656186023993e+01 3.383634458747619789e+01 4.475706872953866622e+01 3.490035138025342576e+01 5.269944660456287266e+01 3.539819577015032337e+01 5.429443718192801072e+01 5.638384250114163621e+01 5.493102485630798526e+01 4.431007501508599233e+01 3.003822967202976457e+01 5.010335530996901099e+01 3.228337770379495453e+01 5.249968648447211450e+01 3.469435536421377009e+01 5.471412922630255338e+01 5.687097573434717646e+01 5.776833147337855223e+01 5.879821428844022790e+01 4.027818787462597072e+01 6.025938406636952038e+01 5.695763854894389766e+01 6.363883225338548755e+01 4.614889853664909225e+01 4.778153508997228727e+01 4.947276375493139255e+01 5.118360033437836165e+01 6.528749709410523394e+01 8.181690648680984168e+01 9.585132893831155343e+01 1.064041047006315210e+02 1.064041060824966962e+02 1.145937740159093607e+02 1.232788283615199134e+02 1.175063139765883591e+02 1.175063139765883591e+02
4.777969236620469928e+01 6.200886350654524648e+01 4.874251350755005063e+01 5.932881483399381750e+01 4.062117980078489410e+01 5.932305921514357294e+01 4.063802340522516232e+01 6.185654150993412514e+01 7.349714890073937568e+01 6.792618568705267990e+01 5.357253769615793715e+01 3.070724301018702818e+01 3.108881989945024316e+01 4.818075854079540932e+01 3.349065993990424062e+01 5.351117034339876000e+01 3.943283661733712364e+01 5.942893425762738246e+01 7.258654114077489794e+01 6.850160638709212435e+01 6.025202436286841845e+01 4.175947212617819559e+01 4.281703349011381476e+01 4.387808434259849122e+01 6.384010244490553987e+01 6.773661674868939997e+01 6.942284283377153997e+01 6.531552464887752762e+01 7.935778406174034671e+01 9.337521650763871151e+01 1.005600910064709979e+02 8.652648220481893304e+01 8.652648220530254264e+01 1.064041061114095044e+02 1.035386450938243570e+02 9.775304720784674828e+01 9.775304720784674828e+01
4.978755768345321542e+01 5.814441212699876615e+01 7.052173302279496170e+01 6.767860534388118765e+01 5.355597803217828101e+01 5.932019965618474799e+01 6.185654337642890965e+01 4.954569901774308249e+01 7.100810941464183657e+01 6.170098072187097671e+01 4.120394259554129945e+01 5.377998687211788109e+01 5.122243718249502820e+01 3.472174039718976246e+01 5.346803616227502687e+01 6.167131625057944433e+01 5.942900468401527547e+01 4.437580258904460351e+01 6.434509919189332550e+01 7.239252123849395559e+01 5.244374293884025917e+01 6.172960730635738003e+01 6.278184561843512057e+01 6.384010244490553276e+01 4.589223520231274023e+01 6.585100451421773471e+01 7.618250683179164184e+01 8.555680643384511086e+01 8.568313449104195456e+01 7.765735652264919509e+01 8.341467755341443535e+01 7.237186199435767264e+01 8.652648220527117928e+01 1.064041060353321342e+02 1.035386450938243570e+02 8.361005646250234236e+01 1.035386450938243570e+02
2.974421150525199309e+01 4.978764150934180321e+01 6.189350854040328187e+01 7.618119374088749396e+01 7.343225286254826756e+01 7.906805959785293680e+01 7.811690405640737822e+01 5.679052013111076036e+01 7.811690405640737822e+01 6.788495484231229682e+01 4.737503297154023585e+01 6.788495484231229682e+01 6.321909678519747189e+01 5.487347764885286949e+01 3.845931807651983547e+01 5.864171243431189851e+01 6.798845375633604249e+01 4.803297895738645451e+01 6.798845375633604249e+01 8.062974306083415854e+01 6.655514528134318653e+01 7.239255724907208389e+01 7.367337309308658178e+01 5.373016808007753298e+01 6.585100451421773471e+01 4.799433551587618751e+01 6.788715022617077466e+01 7.828574689344216608e+01 7.472691636573732410e+01 5.774903469145397139e+01 6.347073170272253861e+01 8.253718142592880724e+01 8.461781985419088414e+01 8.697344212022588295e+01 8.936599114986354664e+01 7.753241720276898263e+01 9.534167623041497563e+01
