LEM/sinusoidal_perturbations/elevation_000087.asc
nrows	100
cellsize	150.0
xllcorner	0
ncols	100
yllcorner	0
NODATA_value	-9999
[rows 17 to 33 of 100, columns 0 to 36 of 100]
5.222468517465790779e-03 2.000522246851711117e+01 2.874015370787931545e+01 2.673129112620784298e+01 2.872447556368060972e+01 4.234144797483072153e+01 3.867137959338537456e+01 5.729238588895887574e+01 6.623665779895671335e+01 7.298441785270300386e+01 5.850056748811010721e+01 7.298441785270300386e+01 8.477170916150252822e+01 7.652748096301274927e+01 7.855593513057714006e+01 6.997054638092296841e+01 7.016297202361516838e+01 5.014853599797525163e+01 3.879320514391289976e+01 4.484616787354969603e+01 2.549936446848359495e+01 2.034466001581818162e+01 3.694923038835428741e+01 3.699174511629343698e+01 5.686765490588624772e+01 7.163652286852013162e+01 7.521637565660149960e+01 7.621440296018958804e+01 6.781882500715258288e+01 7.621440296018958804e+01 8.374892307640716638e+01 7.215814521232081802e+01 5.404404242055633034e+01 3.407968016840174386e+01 2.711506896255001564e+01 2.078465804524418203e+01 3.262355582548349986e+01
7.333276091007126865e-03 2.000733327609065171e+01 8.740153707879670719e+00 1.258915550247714243e+01 1.717747017988829938e+01 2.234144797483143208e+01 2.900811464149798269e+01 3.795238655149682216e+01 5.209452217522727580e+01 7.209452217522586182e+01 7.914549580213471813e+01 7.725252432096787913e+01 6.899195161639131868e+01 5.658490969745938770e+01 7.327376120640902002e+01 8.219233781365350922e+01 7.862130681809757959e+01 6.699734680601328307e+01 5.269561649008052484e+01 3.347349405649631393e+01 4.484617067369669030e+01 4.014941661501633519e+01 2.286649689896664839e+01 4.264445206722975001e+01 4.194481630074775325e+01 6.222859973732817451e+01 5.523253322566502277e+01 6.771387303889538600e+01 7.617035230749625896e+01 8.629049133412316053e+01 7.726316310521845310e+01 5.713629352197933287e+01 4.555308308204767087e+01 5.359553786086827643e+01 3.374418024230710955e+01 2.236868372611824540e+01 4.213420844105064589e+01
6.343274376862209282e-03 3.487896393490812041e+00 1.763003201722201396e+01 3.258915550247643012e+01 2.673129112620784298e+01 4.234144797483072153e+01 4.900811464149727215e+01 5.729238588895887574e+01 6.623665779895671335e+01 7.226594782565220498e+01 7.094644252586512323e+01 6.268411011710090008e+01 4.904399398406368960e+01 4.506596647690172119e+01 5.398932224806411995e+01 6.550464821495070566e+01 8.544985599800043019e+01 6.665556450636563568e+01 4.691321669171180275e+01 4.127065094975174020e+01 6.079718357409741714e+01 5.016873015312729223e+01 3.873302555384705670e+01 2.547006056269442809e+01 4.522584805948926601e+01 5.187464803837155358e+01 4.138457959514830975e+01 4.788045667968028596e+01 5.766641560500901420e+01 7.776133047278177912e+01 8.567800456145114651e+01 7.402589982267318192e+01 6.564290953339079238e+01 6.192251369148100792e+01 4.371763915801090405e+01 2.396764374129114827e+01 4.325754573380166335e+01
3.497053469895897767e-03 2.000349705346954110e+01 3.177216764095321366e+01 4.591430326468491785e+01 4.087342674993829661e+01 5.501556237366873603e+01 6.476137498920128621e+01 5.654963944915963481e+01 5.244094836247851532e+01 5.244094836247816716e+01 5.942782237239577370e+01 4.273170062072334474e+01 3.751937479461543745e+01 5.747499290758371870e+01 5.917293639348386591e+01 7.911809127381458495e+01 9.370514063394830373e+01 7.518643939414387489e+01 6.665556450636563568e+01 5.243218563381447694e+01 6.963906714742702775e+01 5.389143928748384837e+01 3.429608102699504002e+01 4.522584805962350174e+01 2.826540202884899244e+01 3.338462055973678844e+01 5.322675158286867259e+01 6.771387303889538600e+01 7.617035230749625896e+01 8.629049133412316053e+01 8.448593652641864082e+01 7.490164636977996793e+01 6.686959571364378974e+01 6.010131583474755956e+01 4.806146926174326950e+01 2.860229415054435620e+01 2.637612045087178103e+01
9.635555453094322986e-03 1.415177117918416982e+01 3.415177117918487681e+01 5.356649876719986025e+01 6.087342674993758607e+01 6.210618824500715363e+01 5.654963944915963481e+01 3.645604590060420946e+01 3.224169312076773508e+01 3.903138617919528031e+01 4.729942739668265261e+01 3.120256951959408198e+01 5.116458082045728872e+01 6.573644003442899475e+01 7.911809127381458495e+01 8.737458601933413149e+01 9.100869354566182778e+01 8.348298478838437120e+01 8.154117677500521211e+01 7.289558981510350577e+01 6.538501969714457118e+01 4.551406574147139139e+01 4.805945850340642522e+01 5.628680197333333268e+01 4.798322499150222598e+01 3.133530680450001427e+01 5.101620957262631606e+01 6.417143390380506673e+01 7.260221949058266944e+01 8.427706431994182878e+01 7.636172115134380078e+01 5.737747027594384264e+01 4.771013592014858773e+01 4.075466873984197491e+01 3.551147797485975133e+01 4.761472676684438454e+01 2.809318250089123126e+01
8.845047570523793118e-03 2.000884504757016913e+01 2.528222751973896720e+01 4.528222751973825666e+01 4.129616330135188917e+01 4.129616330135188917e+01 5.594075878493554654e+01 4.234132240191682683e+01 1.670088571322329685e+01 1.893010829118098570e+01 3.903138614716875310e+01 2.728542708362822822e+01 4.724976091063828676e+01 6.426461862566159766e+01 7.252869085864156773e+01 7.387968624780152993e+01 7.698588639119577692e+01 6.384834770905285950e+01 8.035373457250925355e+01 8.934876153419021705e+01 7.394189689886658812e+01 5.679762537329524008e+01 6.797231187608591085e+01 5.440904255084211627e+01 3.475366646759695755e+01 5.101619775001611856e+01 3.876455964747925265e+01 4.439411998335546627e+01 5.567965166184145431e+01 7.577142417342859915e+01 8.448593652641864082e+01 7.490164636977996793e+01 5.660251874316848841e+01 6.009369008991076555e+01 5.492812000283931440e+01 4.961886497632414006e+01 2.986033648799691065e+01
8.023991185656003874e-03 8.952295901184735172e+00 2.895229590118437812e+01 3.959210717075561092e+01 2.085082513497436807e+01 3.959210716989888823e+01 4.182476852484541041e+01 2.770877847391232862e+01 1.625119187565166001e+01 3.621078903298445084e+01 2.193908245537915036e+01 2.442495245310097118e+01 4.439017170838943827e+01 4.431411800281410507e+01 5.648299042508561740e+01 5.401537265042317415e+01 5.752130127937512327e+01 5.236445955490886917e+01 6.127580921699539829e+01 7.533799652544860237e+01 8.599158764176112868e+01 7.723096817897358335e+01 6.831088869872277769e+01 4.844915730586883740e+01 3.719629468911558234e+01 5.684371023353647701e+01 5.846164464697697127e+01 6.417143390380506673e+01 5.677651797352777407e+01 7.090840959861802162e+01 9.142165751545893215e+01 8.420301451709589458e+01 7.586799783410818065e+01 7.378934747964913754e+01 5.405673744368856859e+01 5.144080866067176316e+01 3.163952995418265601e+01
4.598823041778624977e-03 2.000459882304142312e+01 2.278906745587697458e+01 2.419520923461639939e+01 1.203870620240114953e+01 3.107349421816217472e+01 3.355567015735827141e+01 1.359322864476373560e+01 3.355567009667784362e+01 4.447949104572271750e+01 3.606842045234175487e+01 4.439017170838943827e+01 2.801153145206784600e+01 4.797510307974812349e+01 3.653708085448565868e+01 3.991377877863195778e+01 4.344405586925056184e+01 5.754278911511735828e+01 7.747522018752627559e+01 8.934876153419021705e+01 1.030524492126515383e+02 9.367321991446132756e+01 7.675156358088922559e+01 6.342003469319663367e+01 4.369106880324538622e+01 4.106678128123991200e+01 5.487102708376720983e+01 7.488762753557621465e+01 7.690524148321436826e+01 8.544134155349911453e+01 9.358057656397856761e+01 8.337499267961591443e+01 7.491264282416383935e+01 6.839986937129899047e+01 4.827055319016668022e+01 3.423786021117775391e+01 5.144195902350767824e+01
7.340434288523949372e-03 1.397436528002354184e+00 2.790902556585586947e+00 4.198097646046164755e+00 5.615864893432418903e+00 2.561683494236773839e+01 2.917106164035734039e+01 1.175678434667205430e+01 2.587886760778890860e+01 4.584185254335495330e+01 5.602718538967220496e+01 5.582607312731234117e+01 3.941284295169013774e+01 3.189203161614149451e+01 3.765908174504836836e+01 5.760581492474377541e+01 6.338086301069342454e+01 5.049784580700811176e+01 7.042681908371631039e+01 8.651366482214051246e+01 9.803408650950504466e+01 8.515463597904961546e+01 6.482920302058167294e+01 5.494882707390709697e+01 6.342003469165688756e+01 4.387385117861169448e+01 6.357362483411559140e+01 7.672902981204121886e+01 8.576260290171266831e+01 9.755895555490749871e+01 8.502550932602758849e+01 6.486303412433905180e+01 5.487142435215218228e+01 6.490287113100947636e+01 5.652510334678314763e+01 3.657459030760326613e+01 3.814767400263799857e+01
3.515918393995972821e-03 2.000351591839364218e+01 1.693245364608498704e+01 2.419520923460870421e+01 2.559890041622339751e+01 7.678936983900708668e+00 9.189336769082716572e+00 1.197991215524577413e+01 3.188364948193328630e+01 4.408740029142459349e+01 5.813193852190661204e+01 6.650956152027039536e+01 5.845284670622294243e+01 4.341983543732624895e+01 5.760581492474377541e+01 4.706838750185796982e+01 6.700542442156603329e+01 7.042681908371631039e+01 5.831563328002827973e+01 6.981493175376887450e+01 8.975585945654235331e+01 9.367321991446132756e+01 8.347531994330046246e+01 7.249396476233646069e+01 5.254747830042894918e+01 6.357362483411559140e+01 4.849881175966692126e+01 5.719593639741288627e+01 6.866391072918962379e+01 8.905239285585318498e+01 9.358057656398219137e+01 8.342739206493114068e+01 6.490498132901659289e+01 4.483046656233736371e+01 3.999120766299896701e+01 5.652510334678334658e+01 5.810121662798396613e+01
4.608085242692564441e-03 2.000460808524233869e+01 3.692818393806898314e+01 4.181094747924363020e+01 2.182511798125499425e+01 2.767828444045431624e+01 1.281480083807120884e+01 3.145849461137513714e+01 1.600078150498345764e+01 3.004286206094251455e+01 4.829403612150142067e+01 5.152166135515896173e+01 7.131643759307131347e+01 6.335907742891026118e+01 7.161934004537619103e+01 6.116471647306212844e+01 5.967708548506206512e+01 7.962425861628837254e+01 7.824295947945516616e+01 6.896176376195583657e+01 8.305186132007685273e+01 1.030215532541134991e+02 8.687020102913362507e+01 6.653913272474916596e+01 6.236725331183520638e+01 7.537931485685179211e+01 5.535242551738582506e+01 5.462197856834598753e+01 6.863182637826311350e+01 8.864062845543325864e+01 8.970658358517061970e+01 6.813648346318485949e+01 5.643888002993318764e+01 6.290862732817162595e+01 4.285588242803939352e+01 5.703713466426585654e+01 7.708366454874713725e+01
1.610643649003322799e-03 8.945882553648083046e+00 2.049288793744039339e+01 4.049288793743598092e+01 3.595938750589422739e+01 3.590130684902361224e+01 2.936449623418267052e+01 4.291410388316194968e+01 3.585829316864435157e+01 2.022726481911837837e+01 3.170206885299070265e+01 5.059865662375316475e+01 5.687236433795661128e+01 6.394779843161701649e+01 7.243270968701276047e+01 8.110614076470480427e+01 7.377136471674430140e+01 8.793664062861314790e+01 9.717864253781118578e+01 8.890084866934941488e+01 8.890084866934918750e+01 1.088796180243050458e+02 9.537966215314524732e+01 8.687020102913362507e+01 7.395660330637875290e+01 8.385456460692934400e+01 6.415491671224914683e+01 7.459755618700322088e+01 6.153883187297902424e+01 8.170850265870426199e+01 9.838548527947429534e+01 8.554091006708122791e+01 7.682204379335090039e+01 6.593158667210420276e+01 4.587959529963201533e+01 5.747073944475496177e+01 7.748931892220242901e+01
2.022278438842990342e-03 2.000202227843848846e+01 3.723015379652446200e+01 4.877715917715324423e+01 5.594208775632143471e+01 5.766417968449233200e+01 5.168256369003703554e+01 5.409637493242133388e+01 3.427521638679393590e+01 4.008069931383452911e+01 2.504685189355071628e+01 3.079504494161288264e+01 3.708269437903128818e+01 4.408318723856761778e+01 5.548893853965237355e+01 7.569278851419605303e+01 9.379191497304408642e+01 9.623969066237788184e+01 8.738444689639634078e+01 7.908949652977705114e+01 8.199252468267550853e+01 9.093566224227380701e+01 1.086888263473357341e+02 1.029741373918983101e+02 9.445601990330133901e+01 9.296516508972999304e+01 7.578720097726032634e+01 8.848508042736416712e+01 6.815534712138448015e+01 7.419073314800793639e+01 9.436098335744148358e+01 8.968988304337119644e+01 6.957566733740107168e+01 5.808898282681861502e+01 4.911374560824484803e+01 6.913805114752769043e+01 8.591382427216606743e+01
6.642187732006160465e-03 1.414877781146308067e+01 3.414877781146378766e+01 5.034908525572316051e+01 4.901479949587838547e+01 5.724153443514401829e+01 6.166752936190115975e+01 6.231285585621527900e+01 5.409637493242133388e+01 5.107255078658010206e+01 3.135479665035853358e+01 3.350391543197147826e+01 5.295551291702763308e+01 6.392267265244515073e+01 7.237525270974681746e+01 8.411991765374096985e+01 8.738270141489836362e+01 8.649305872668736583e+01 6.753005364579527736e+01 5.900954051183722271e+01 6.163603154684638241e+01 8.205296479393000197e+01 8.954591793335096384e+01 9.063210012028460483e+01 9.865533803760435205e+01 1.048162072913025185e+02 9.630736719995414319e+01 9.620755487742945888e+01 7.577580797650608702e+01 9.436098335744148358e+01 9.436098335744148358e+01 9.818254866397280978e+01 8.650383826689657951e+01 7.267047104727771512e+01 5.268815780297796891e+01 7.266968955044370659e+01 9.180887098658907064e+01
1.591255364720534126e-03 2.000159125536436378e+01 2.189097367424443874e+01 3.403954511650839976e+01 2.998010202210842579e+01 4.340546361283305288e+01 4.285920889384779287e+01 5.895227404746172795e+01 6.960350762855051698e+01 5.925775124608784949e+01 3.850021983683014071e+01 5.295551291702763308e+01 4.323049053225783922e+01 5.712505692308360494e+01 7.688422941606063432e+01 7.938126145502592124e+01 6.521372628467302945e+01 7.814263331130595702e+01 5.801714440828565245e+01 4.740232806042470060e+01 6.162934811766132270e+01 8.191240332066118413e+01 7.592599762398633345e+01 7.132257779688508492e+01 8.749678539567203472e+01 1.011775746962976825e+02 1.093997247411117115e+02 1.046681109795405433e+02 8.755996116814834807e+01 1.046681109795405433e+02 1.144866914890707505e+02 1.037209326752323193e+02 9.356429159088756364e+01 7.692375139355570468e+01 5.697388074165247218e+01 6.335261891759099484e+01 7.743967590817995017e+01
6.189296070378335485e-03 3.786451205365049422e+00 7.639753512074777930e+00 2.182740798661648540e+01 1.980204254611002312e+01 2.459233399758270977e+01 3.083389012478341940e+01 4.037312716252939993e+01 6.094816301000142289e+01 6.797156581761896632e+01 4.906214992279813458e+01 6.758547839260383228e+01 5.616916624054597662e+01 5.824521809487749380e+01 7.577304144464910962e+01 6.955641756643180429e+01 5.054213094700722309e+01 6.955641764521389803e+01 6.171018122699519637e+01 4.160291321098395656e+01 5.582912315682234805e+01 7.616470732255855580e+01 7.842263414933961485e+01 6.030272098884611864e+01 7.948374220894670827e+01 8.125960545922683309e+01 9.380219280299471052e+01 1.020314719566181623e+02 1.080203875659139499e+02 1.164709884378308260e+02 1.096717535460778095e+02 8.920025536342154737e+01 7.499361353604953706e+01 6.507973218520605485e+01 6.399754596172771670e+01 8.336758183760429120e+01 8.336948050301072044e+01
2.247884206357958405e-03 2.000224788420600319e+01 2.779072304758112821e+01 1.362233428063523633e+01 3.435620752399010769e+01 4.340546361283305288e+01 5.053609192896310276e+01 5.910185236021108324e+01 6.962770301842513732e+01 7.928703372775889591e+01 7.069123991534836193e+01 7.871705332072227179e+01 7.389195353156469537e+01 7.577304144440749667e+01 7.486693817625936731e+01 6.083742896310501180e+01 4.047463286810810956e+01 6.083742896313084003e+01 5.709303304148277647e+01 3.699959287265097174e+01 5.708998919234080915e+01 7.286695948938837830e+01 5.926456264985291966e+01 5.388413511848945348e+01 7.309507238291476483e+01 6.981610956611750396e+01 7.392517635214295524e+01 9.380219280299471052e+01 1.050621515207513994e+02 1.050621515207513994e+02 1.132800461769185603e+02 9.943600445474973526e+01 7.915464258939840647e+01 7.915464258939840647e+01 7.805943240477414236e+01 7.655712065817736800e+01 9.078722176900248542e+01
