LEM/sinusoidal_perturbations/elevation_000431.asc
nrows	100
cellsize	150.0
xllcorner	0
ncols	100
yllcorner	0
NODATA_value	-9999
[rows 68 to 84 of 100, columns 0 to 36 of 100]
5.009162696260268353e-03 1.986031793489521391e+01 1.244543341300561679e+01 1.957293785052526758e+01 2.049806259408185483e+01 1.876933986625516582e+01 2.077221031448258870e+00 2.199369207617645827e+01 2.700510440920509936e+01 6.919683782348246659e+00 2.701876488895833717e+01 4.508913626247208839e+01 3.150649238332068691e+01 4.010306532682296421e+01 3.476407836691385000e+01 2.716204923677205585e+01 6.457215267854698126e+00 6.795179431320057972e+00 7.133308171464447511e+00 7.471591050718852323e+00 9.383851795733271217e+00 2.411945231929484734e+01 4.416269346426791031e+01 5.231654399803947797e+01 3.882306973994524668e+01 3.049118515664503448e+01 1.115087326924430400e+01 1.973569281551569432e+01 3.666819965696382155e+01 4.587825997311536241e+01 5.566207912737395702e+01 5.851443196232789745e+01 6.916422847820521724e+01 6.576299479911942569e+01 5.160958239557515981e+01 3.154472048418464780e+01 2.949511874198463701e+01
4.695337527364121070e-03 9.220083534333664232e+00 2.850939352750023659e+01 3.653934621606003219e+01 3.484089565667073174e+01 1.481531442242676100e+01 1.843294944990246265e+01 2.536762792532992083e+00 2.246346814119415214e+01 4.285384022109126612e+00 2.411608009765767235e+01 3.524866898026384376e+01 1.787183206009409631e+01 2.334221439529224895e+01 1.602279714055002913e+01 5.983420379506174669e+00 1.091113908650545206e+01 2.494946866932436436e+01 2.609815993103129017e+01 1.099188596892789249e+01 2.768404809333841143e+01 2.632110317929851107e+01 4.641450051066251348e+01 6.214152996123984707e+01 4.419040266645183124e+01 3.823151995554486149e+01 2.984498224653572507e+01 1.175423604943090439e+01 1.938462550920617744e+01 2.782366702891872734e+01 3.882359332730082713e+01 5.652858694214519630e+01 8.045873582644645694e+01 6.803122614004274737e+01 4.791890235563202083e+01 3.908802836898134103e+01 4.954918115607374318e+01
7.614146464036155443e-03 2.000761414645123182e+01 2.573603531676405609e+01 4.554975686396853263e+01 3.522423899233785960e+01 3.521782846658052080e+01 1.896765154688233324e+01 6.309084594885534081e+00 2.996667801290928690e+00 3.323355737560582224e+00 9.522929478167174722e+00 2.724925734600837401e+01 1.203085978045828242e+01 5.178351030316257209e+00 5.509309496707796683e+00 7.512762555927857910e+00 2.556820953759780934e+01 3.360224026500224426e+01 3.371787311608792947e+01 2.972409631997520307e+01 1.903690515353193646e+01 3.961636134760573924e+01 5.472856534098764314e+01 5.761724302533144026e+01 3.888168404171105408e+01 2.430657398146982828e+01 1.261882074241154861e+01 1.218878869877625526e+01 3.272771627843545872e+01 2.138953884170702935e+01 4.374987627015460134e+01 6.129402496187714178e+01 6.988688291675491371e+01 7.630427519793165914e+01 6.751281680485031700e+01 4.914519646496684402e+01 6.751281680485031700e+01
2.352828262072654761e-03 1.414448845199314775e+01 3.414448845202407767e+01 5.377773661858520171e+01 5.566878003381337692e+01 4.725554827824961990e+01 3.174459714213477213e+01 1.189820813650013420e+01 2.301503313331363998e+01 2.307143973421420569e+01 3.788068168037508343e+00 2.373353320365096764e+01 4.712169813007027308e+00 2.466370877867842637e+01 2.550686142075729990e+01 1.098718102826537191e+01 1.003552464664791799e+01 2.886932896890990818e+01 3.865660426652853943e+01 4.603411057669825368e+01 3.343114590855756774e+01 3.342614904138410026e+01 5.447205520684781987e+01 6.142263975212971872e+01 4.424436524477911092e+01 2.386850369394382199e+01 3.345224457950649111e+01 2.277697186142041375e+01 1.280625400856692409e+01 3.857625871527407924e+01 3.176762389475674553e+01 3.960277231060077696e+01 5.227351448716656535e+01 7.361627142543542845e+01 7.755840193717173747e+01 6.929079277927664293e+01 7.755840193717173747e+01
6.786455232800275850e-03 2.000678645523244370e+01 3.861995329414503431e+01 4.690422453980879425e+01 5.845122992236010617e+01 4.599616043245606534e+01 2.594059466896270649e+01 2.594063733862498466e+01 3.325569337077494225e+01 1.329612835482461719e+01 4.602256376539993532e+00 4.249173372936898119e+00 1.499364346346477461e+01 2.459543495071899599e+01 3.650316304218581109e+01 2.203461201530863889e+01 2.886932898393543567e+01 1.253219378793918892e+01 2.605707200912340582e+01 4.581432254120952763e+01 5.454730803029496400e+01 5.437102705338835307e+01 6.290710652291154759e+01 5.388604884344240276e+01 3.456041632316306789e+01 4.381727470196499752e+01 3.723525271395516967e+01 2.322800029532460897e+01 1.324486058495274321e+01 3.798316777089601004e+01 5.254614847416547718e+01 6.129402496187714178e+01 6.988688291675491371e+01 8.203830966350015785e+01 8.101345151741571726e+01 7.276363025005288421e+01 7.386282223672344571e+01
3.257643153035955173e-03 2.000325764315267918e+01 1.861995329414574485e+01 3.016695867793805519e+01 5.016695867793734465e+01 5.434878893712278369e+01 4.599616043245606534e+01 4.600057112952858063e+01 2.957358223590020785e+01 3.278224106945845762e+01 2.355689741097036816e+01 7.367981715939838416e+00 2.707387797728178924e+01 3.274760867751729165e+01 4.848969267389426818e+01 4.416214952209318767e+01 3.377017464060499208e+01 1.442652410371506377e+01 3.403011344106945302e+01 4.963479987570418928e+01 5.779359581243370769e+01 6.768122964249663198e+01 6.681215422139904092e+01 4.853188068723225967e+01 5.387988580584460152e+01 5.181709404930793994e+01 3.360030067056635517e+01 2.932091536059902026e+01 1.368422721712964929e+01 1.669538248003674497e+01 3.919083234110183867e+01 6.635631590128359392e+01 7.197283288931411960e+01 6.608170458001892200e+01 6.949943072382146170e+01 5.280997568531439157e+01 5.390973592192587205e+01
1.880098487986705483e-03 7.072947910353431844e+00 2.707294791035378623e+01 3.564918263505266793e+01 4.169106522839217632e+01 4.837546989831463407e+01 5.668227070371757037e+01 5.822561935908097297e+01 4.965151919156524229e+01 4.705425566538438886e+01 3.048193145926422787e+01 1.038748739193220949e+01 2.459259161473159239e+01 4.505053717918810463e+01 5.985962189811403533e+01 4.737536037567713265e+01 2.945036781510946966e+01 1.649768631173291666e+01 3.628318470982146238e+01 2.978550949039226836e+01 3.975481080798808620e+01 5.957218316186776974e+01 7.431340278055952808e+01 6.681215422139904092e+01 6.024131820585446917e+01 5.201961871485932676e+01 3.797506062271540372e+01 1.430677958324670840e+01 2.035943887478012471e+01 3.558532379376761412e+01 5.335733893486533219e+01 6.132249118565201940e+01 5.191468822611910383e+01 4.604651791397233040e+01 6.012181053913131734e+01 4.126536389150729178e+01 6.124338172773352795e+01
2.900726248362994839e-03 2.000290072624800786e+01 2.779361828792328026e+01 1.562134468695030698e+01 2.165240763896028398e+01 2.832225588861534504e+01 4.249706451288626852e+01 6.256719590597698044e+01 6.084227479005456729e+01 4.116824417542319736e+01 2.016349504955324434e+01 1.428566095979875783e+01 3.465359049298342597e+01 5.063791413375989947e+01 6.177456626942301909e+01 4.859153833502098507e+01 3.085774805285865696e+01 3.628318470979976951e+01 1.981721778992679006e+01 3.969739007872601633e+01 5.779359582765135173e+01 6.780226209738974319e+01 7.048174808551750914e+01 5.054195193919344575e+01 4.873852099288571793e+01 3.199695259605636721e+01 3.462896769069564584e+01 1.474678968366052700e+01 3.438567068499366997e+01 4.469002587134890803e+01 3.961278083105627701e+01 4.197917643812483135e+01 5.190921883352966404e+01 3.188223517758025238e+01 4.701521286095768204e+01 3.521442113629920811e+01 5.355379801761191771e+01
5.081304048347549951e-03 3.854083101701248903e+00 7.776405909621310286e+00 1.444317777529057345e+01 3.447877462917372782e+01 4.837546989831463407e+01 4.469287328367599343e+01 6.476114576195728034e+01 5.221108402025515005e+01 3.253988256160282333e+01 2.826654892572540234e+01 2.875697855098007949e+01 2.183461534220707634e+01 3.409474036829727339e+01 5.593382804052114921e+01 5.817369107446980792e+01 4.988840891870469108e+01 4.231415198450668669e+01 2.241456418240499460e+01 3.652424590652069725e+01 5.629222176296778457e+01 7.224993835666217024e+01 6.226899122344823212e+01 5.054384258473202607e+01 3.053627998014886913e+01 2.029454714879481614e+01 1.722320726857474327e+01 1.518623824551749024e+01 3.516152998349875247e+01 3.622502708226730306e+01 2.472375848523470765e+01 4.155968074024022485e+01 4.073913253076831609e+01 2.433316914757107341e+01 2.703908193510529756e+01 3.023347793037453712e+01 3.352950150761382275e+01
4.469920835086939326e-03 1.926587034153596889e+01 2.186199914335720962e+01 3.444020622627471795e+01 2.599780475689268755e+01 3.757192908855180491e+01 5.766437258450739023e+01 7.306009215556207437e+01 6.084227571024708681e+01 5.196130541326881058e+01 3.897382414580213350e+01 4.888927101541906239e+01 3.026969544722425454e+01 3.626509025168824252e+01 5.645543886683489632e+01 6.892438817745338042e+01 5.844237734232186199e+01 3.919789130886006490e+01 2.512676838426003556e+01 3.924182522364072412e+01 5.902028477337146484e+01 6.398163356896844078e+01 4.401955675442219018e+01 3.402519391027163920e+01 2.641270134953585114e+01 4.054204500445145243e+01 3.676230474740021492e+01 2.014970168374513193e+01 1.581216654163707425e+01 1.625492891494994652e+01 1.669722872410392966e+01 2.640135425395305901e+01 2.076853562817355225e+01 4.073913253076831609e+01 4.705494394295414651e+01 5.026205472482466519e+01 4.251139820311299644e+01
2.324776005098761877e-03 1.426188152771095830e+01 3.423047005411847721e+01 4.875103487780533840e+01 4.606399492344009872e+01 5.437814146576641861e+01 6.597271290781395692e+01 7.955664803459976042e+01 7.127276286286453910e+01 6.526431933974227206e+01 5.715101674725992353e+01 5.890389576430924734e+01 4.030318512096574324e+01 5.645543886683489632e+01 6.501073801583152090e+01 6.102765080896238459e+01 4.114157463185387087e+01 3.407258058635658671e+01 2.831709781763441569e+01 4.822223277418350307e+01 6.160419984063884868e+01 7.224993835666217024e+01 6.226899122344823212e+01 5.160969509393162724e+01 3.163007469460008636e+01 5.160969509393162724e+01 5.039983606251536230e+01 4.105881111828178121e+01 2.343725753095836950e+01 3.547663893861976447e+01 3.666634370260929643e+01 1.732179920302112563e+01 3.728329502459817490e+01 4.898745469441466582e+01 6.141761745338740752e+01 6.969795253788912248e+01 6.248783010289766793e+01
8.699724428260374037e-03 2.000869972442790612e+01 3.728322008943991506e+01 4.901169632263007259e+01 5.996517180915486733e+01 6.136061197714263216e+01 6.963178006850590407e+01 6.801297853817104055e+01 5.128054800901843180e+01 6.680629835687609841e+01 7.508923981010664761e+01 6.907696221667083591e+01 6.048623228766156501e+01 6.907696221667083591e+01 7.500734165541872756e+01 5.523707326257714811e+01 6.102225104126907951e+01 5.394369066153949177e+01 3.539515575939869052e+01 3.354805031648745484e+01 4.767777746257387150e+01 6.740248101853276808e+01 6.791159112973376466e+01 4.794592756592626870e+01 3.829654158351795701e+01 5.826627184913845525e+01 5.796085879040091982e+01 3.785539783225452481e+01 4.374415100801420664e+01 4.914452159772346818e+01 3.525404836825845933e+01 1.776978031867225738e+01 3.772984291892159092e+01 4.879771700860782602e+01 4.148067157534205762e+01 5.557105132604070263e+01 7.553247669133895670e+01
2.249585233037712084e-03 8.322350236427455528e+00 1.906914154231813185e+01 3.091132254782749200e+01 4.432125587892062413e+01 4.155979156574880307e+01 6.136061197714263216e+01 5.907161237473285809e+01 3.973789606812590591e+01 4.681376229191604921e+01 6.354582445132167834e+01 6.989951237412735452e+01 6.989951237412735452e+01 7.818241576013429039e+01 8.320506589658948826e+01 7.500734165541872756e+01 6.657275648174808680e+01 4.691177587058115961e+01 5.522148403335885547e+01 3.753674550224732798e+01 5.166953377922828849e+01 7.134547919126367788e+01 7.618604162525724632e+01 5.826627184913846236e+01 4.828741367432971998e+01 6.653823519209632309e+01 6.620133576272083076e+01 5.796085879040091982e+01 5.932950870827506407e+01 3.982470479943705044e+01 2.978943614895649006e+01 1.821692019686007313e+01 3.663956577927638136e+01 2.884354576958365612e+01 4.880838469861726736e+01 5.126240958681000848e+01 5.789590438597566191e+01
2.739267172789772273e-04 1.414240955044835424e+01 3.414240955044905945e+01 3.728152014791005797e+01 2.783911767977399521e+01 4.735931660216269279e+01 4.803558641115956362e+01 5.078937700275887579e+01 3.078832154223697160e+01 3.526593418099744781e+01 5.526360227798810598e+01 4.990817726359132678e+01 4.990817726359132678e+01 6.989951237412735452e+01 8.335996562842296953e+01 8.248099006979920489e+01 6.299746256993422833e+01 6.657275648174808680e+01 6.168643643555135014e+01 4.179799130651854000e+01 6.168643643555135014e+01 7.792115071587146247e+01 8.650852128211809600e+01 7.651994092745613329e+01 6.824513002394721184e+01 7.651994092745613329e+01 7.201079310788315979e+01 6.374715166150748757e+01 5.393380689278765772e+01 4.186305504482749740e+01 2.185235840414284780e+01 3.818198674562943751e+01 1.885813659249832241e+01 3.885031823949221064e+01 4.266560595581015747e+01 3.110116242143460852e+01 3.799541998847864477e+01
8.327778614586212741e-03 2.000832777861423040e+01 3.728152014791005797e+01 1.754850146484412576e+01 3.728152014791005797e+01 3.142630727147619041e+01 2.802954116201675561e+01 3.641068138535359822e+01 2.370625377297774250e+01 4.252068385866729017e+01 4.576675607944593338e+01 3.577000840639732360e+01 5.576350375249462843e+01 5.508425185144578506e+01 7.507671544062374380e+01 8.597330232172592446e+01 8.248099006979920489e+01 7.307388133476250403e+01 5.370529343663740462e+01 6.165004098410536670e+01 4.980310041571836877e+01 6.404079188203346007e+01 8.382965785362338806e+01 9.315316968581734614e+01 7.977858023192790426e+01 7.152131945898560161e+01 6.374715166150748757e+01 4.381645976577359392e+01 4.566930294234968812e+01 2.568263211836287496e+01 4.186305504482749740e+01 4.710317969047643061e+01 3.299331387112889757e+01 1.950068863609136827e+01 2.121591895714981035e+01 4.266562491024894399e+01 5.789590438597566191e+01
6.510866554257996840e-03 2.000651086655390287e+01 2.387413148155939879e+01 1.160992923555832057e+01 2.799559024079435332e+01 1.142206626142755965e+01 1.388035040056446512e+01 1.639691206490012831e+01 1.937748877432304440e+01 2.250458238451492576e+01 2.575662302702918893e+01 3.209405028991277220e+01 3.876425964080466713e+01 4.770287076073388732e+01 5.769551613299675807e+01 7.183247615288297538e+01 9.183043134128996599e+01 8.121486743575519540e+01 6.558876993312854609e+01 6.422083402267811891e+01 6.069668178535205527e+01 7.807269391961104077e+01 8.749398192098037441e+01 7.365855385599678584e+01 7.152131911457806268e+01 5.162374017836611273e+01 5.745160600543291451e+01 4.965402426829431448e+01 2.970127792670005817e+01 4.566930294234968812e+01 5.393380689279493367e+01 6.122745520892876669e+01 4.777326690865022840e+01 3.950304243382706204e+01 2.014412018045171138e+01 4.015490706097562423e+01 5.543848927403335836e+01
8.953482861371391335e-03 1.942418386972666555e+00 3.884922476038952688e+00 5.864920721330314279e+00 7.995964675286852064e+00 1.354126292375799601e+01 3.349953137180435192e+01 3.641069859930286157e+01 3.094050946156222537e+01 4.252068385866729017e+01 3.731667600636620818e+01 3.307288653416919288e+01 3.940018348162271167e+01 4.833865408090577631e+01 5.833148288082718125e+01 7.246865206357121281e+01 9.246670144766927990e+01 9.184581603218734358e+01 6.657608409524009119e+01 7.721104005403373094e+01 7.945630639351789171e+01 9.074034883626379155e+01 7.849744683011525126e+01 5.983421560130994976e+01 6.717986012956806974e+01 5.745160427942360570e+01 3.754689684553818552e+01 3.407016846634832064e+01 4.965402426395250046e+01 5.791362643283937928e+01 6.710862755155932291e+01 5.297105817578513864e+01 4.177283921484695384e+01 2.209918652896053359e+01 2.059857453325154353e+01 4.061730819008348448e+01 3.544282553587162710e+01
