LEM/sinusoidal_perturbations/elevation_000177.asc
nrows	100
cellsize	150.0
xllcorner	0
ncols	100
yllcorner	0
NODATA_value	-9999
[rows 17 to 33 of 100, columns 37 to 73 of 100]
1.575394440568053867e+01 1.608403187886503716e+01 1.641128445902954169e+01 1.673858520581803333e+01 1.715652833165595226e+01 3.722883143271888429e+01 4.616474933078653464e+01 4.535780165708155920e+01 3.281009437735767875e+01 3.927056916803579156e+01 4.653219665488638412e+01 5.830111053179137315e+01 7.828565376780957763e+01 7.293069031290619364e+01 5.943329868356546797e+01 3.964563434449221546e+01 5.765895174535552314e+01 4.953213337065429300e+01 3.820914148270187383e+01 5.762045008287373804e+01 7.171124641593777937e+01 6.357934227198184374e+01 5.239851950309728323e+01 7.189091823614273835e+01 6.592059108788592425e+01 5.767256273196864669e+01 4.335758106138343493e+01 5.718196629885431292e+01 7.712138825130031705e+01 6.714165748631252484e+01 8.039011742781710268e+01 6.639690153448991339e+01 4.685092209905626959e+01 6.640061417998482796e+01 8.437050761954023415e+01 7.289722784054806937e+01 6.229589772128132097e+01
3.524308556067237674e+01 3.169565272547804469e+01 3.313660394602093362e+01 3.002952047479393372e+01 1.739507086556426785e+01 3.721175827226349497e+01 4.450015308093826150e+01 5.415333776318599490e+01 5.268290243244196347e+01 4.914613996013408581e+01 6.674757235090022789e+01 7.498275240965499222e+01 8.649138283791708659e+01 7.353651984771714467e+01 5.359155320422662072e+01 5.101250678941267580e+01 6.772500858180740124e+01 6.596458735717830280e+01 4.763424936874604754e+01 5.175065967641645415e+01 7.179399484902756967e+01 7.837460666899099238e+01 5.892322544474087920e+01 7.837481393698416809e+01 8.130211006306075205e+01 6.130278746622386876e+01 4.732911178544893005e+01 6.130278746622386876e+01 8.130211006306075205e+01 8.832662574640356468e+01 8.186114910251981769e+01 6.991053888816955464e+01 5.010735479556102945e+01 6.991053888829063112e+01 7.618538702606473123e+01 5.606545692756098020e+01 4.614561014322126198e+01
4.276521480627995686e+01 5.310320058121223497e+01 5.210680192917759257e+01 4.458643660859459601e+01 3.741979643715261261e+01 1.802110929420764052e+01 2.886033024185438123e+01 4.601429273742476056e+01 5.974994639559009357e+01 6.896844672419857147e+01 7.716776638309146108e+01 7.765111171410185875e+01 8.579553792939759660e+01 8.185846395941536002e+01 7.353651984771714467e+01 7.093631433096039984e+01 7.925492928362440637e+01 7.598556250407311552e+01 6.168847336201155684e+01 7.179353547036178895e+01 8.020125336434044527e+01 8.656262414375471792e+01 6.857177002680496969e+01 8.656262414375471792e+01 8.602029173511301963e+01 6.600274220404315884e+01 5.190287799058543783e+01 6.600274220404315884e+01 8.602029173511301963e+01 8.947562914951740254e+01 6.963209635875307413e+01 5.558532072501214572e+01 6.408152887454873792e+01 7.810397605103347018e+01 8.453736856759623208e+01 6.876134628005482341e+01 4.873217313998489431e+01
3.494683030759253484e+01 4.656700126275028850e+01 5.864488868574217406e+01 5.569849592652128223e+01 3.385031391598241157e+01 1.850622570047956472e+01 2.707052540471977409e+01 3.496328162000939699e+01 4.655765686437693773e+01 6.700801947171324002e+01 6.381259670213675861e+01 5.808049610107720184e+01 7.765111171410185875e+01 8.899434104849861171e+01 8.751143177125577211e+01 7.922882233497604432e+01 7.662551240560900112e+01 8.491242822003566459e+01 8.189326407107030548e+01 8.469409577642906584e+01 9.295531207732847179e+01 9.640214898642355479e+01 8.817785784716321018e+01 9.640214898642355479e+01 8.602029173511105853e+01 6.600274220404315884e+01 5.941608665689526703e+01 7.186574671895593269e+01 9.187871084876469752e+01 9.364837418598229135e+01 7.389540177371604557e+01 5.988969933127499701e+01 7.967779630091472143e+01 9.208170879577370727e+01 8.311013524566268984e+01 6.311364347824572718e+01 5.147843069319441867e+01
1.943467751853810555e+01 3.067360921994866629e+01 5.047563593296008833e+01 5.630420701797172001e+01 3.955209321637078546e+01 1.906315872417287949e+01 3.895223681095144741e+01 4.685896995218764260e+01 5.637901367065524738e+01 5.464946287338805320e+01 4.419508950933421687e+01 5.808049610107720184e+01 7.765111171412684143e+01 6.900338161913235524e+01 7.922882233499322524e+01 5.916713248094484356e+01 5.656412571116300114e+01 7.333928220165418566e+01 8.139149668899815993e+01 6.462910110391607077e+01 8.139149668899815993e+01 8.146539145770674395e+01 8.146539145770674395e+01 8.973599553291879261e+01 9.429729478210873594e+01 8.602029173510908322e+01 7.356640609932652808e+01 7.356640609932652808e+01 9.358758671586583944e+01 9.416844322606631579e+01 7.397464892092841637e+01 7.968091343769778234e+01 6.785010335425751293e+01 8.741560884635067907e+01 9.132896489175574573e+01 7.455048393248024752e+01 5.445201039300739865e+01
2.090132977645340517e+01 3.468486596047969073e+01 5.450220903842073028e+01 4.814044377369391015e+01 3.028095859171079951e+01 1.966406471332149408e+01 4.005628171614738164e+01 2.842937558664978326e+01 4.576086048777860071e+01 3.437578687914772502e+01 5.464946287338451469e+01 7.193562215665993165e+01 7.485859807331749494e+01 5.532576731075418053e+01 6.104680098427579082e+01 6.504306528732804793e+01 4.521362682469793270e+01 6.504306528732804793e+01 7.310957498141520716e+01 5.305286611638102556e+01 7.310957498141702615e+01 6.141102442455225940e+01 6.141102442455225940e+01 8.146539145770674395e+01 8.463714003408884423e+01 9.292303419745395843e+01 9.358758671586583944e+01 9.358758671586583944e+01 1.018587387466498484e+02 1.025104936896617573e+02 9.412014468058529815e+01 7.736750873436747611e+01 8.741560884330279180e+01 9.547752411757970492e+01 9.341903606617749745e+01 7.767420246116283522e+01 5.759348713558923549e+01
2.232702024403634056e+01 3.616004073965413568e+01 5.599675812264275265e+01 5.438835573039890647e+01 3.458685994988666579e+01 3.661366270862254169e+01 2.052133011286702313e+01 2.112342279831222669e+01 2.188139998642349937e+01 4.643319269944326777e+01 5.780958370686590087e+01 5.839802160518180330e+01 5.895431341655234547e+01 5.389719841754764218e+01 4.232527979100203908e+01 5.903783509469260338e+01 3.963293785870310870e+01 5.144111195524529023e+01 5.966292480148922550e+01 4.600828459410343640e+01 5.658565353106185825e+01 4.726851901440586801e+01 6.402967505882837429e+01 6.821788035248410154e+01 6.452773594699756643e+01 7.830632007240970438e+01 8.504019235218726180e+01 9.337195346924681871e+01 1.024904846529221913e+02 1.120595349103651728e+02 9.304483133712199106e+01 8.770709460943801616e+01 1.045056187838783615e+02 9.928910686196719837e+01 7.935751640642742188e+01 6.507106317885892111e+01 6.192837340928569034e+01
2.375337444661828812e+01 4.347532323433335932e+01 6.314454889546478000e+01 6.324786504458687375e+01 5.469305434249507414e+01 4.821824363990557316e+01 2.895761949657538281e+01 4.089861601992976148e+01 2.194644084172850640e+01 4.224363706789946349e+01 3.776504399251143695e+01 3.834961383020397818e+01 4.294418226246650505e+01 3.182613978472677019e+01 4.187115666033726313e+01 4.649165946621091905e+01 4.714277199295485588e+01 3.241196638765772065e+01 5.143975867860219608e+01 5.250868935769860002e+01 3.663563662367585039e+01 4.026862862412715316e+01 4.400769054011731640e+01 4.814206335491105193e+01 5.298226813399418234e+01 5.816125919000963762e+01 6.486659744777614378e+01 7.388818921120537198e+01 8.821093063398099332e+01 1.087846290026856195e+02 1.120595349103651728e+02 1.007504876695214051e+02 1.134518132354074993e+02 9.205951424486926271e+01 7.434752332441142642e+01 8.519534409116367613e+01 6.643812394419290968e+01
2.521825889947205468e+01 3.508535437527525858e+01 4.908158925000705608e+01 6.901439057614156525e+01 6.313396274634953897e+01 4.317624675872284001e+01 4.902172643450354883e+01 3.941887793766434100e+01 2.882014528974434597e+01 2.279756376710786370e+01 2.341487039780978563e+01 2.402409573925832120e+01 2.462232379073461885e+01 2.521553411171847259e+01 2.581034747838905119e+01 2.640641253354292672e+01 2.700567728984608706e+01 2.760702206023066552e+01 4.769732346245406518e+01 3.252210486197319739e+01 5.250869712686700552e+01 6.023838028697161207e+01 5.558498446156078643e+01 6.821788035248410154e+01 7.310072132845158421e+01 7.830632007240970438e+01 7.461267349459268416e+01 9.337195346924681871e+01 1.024904846529221913e+02 1.095818647724402695e+02 1.181618873821254567e+02 1.193407511244607093e+02 1.086272075486428434e+02 8.873362147571313585e+01 8.613783467917883740e+01 9.193822211953265366e+01 7.199017650427705917e+01
2.731462658753936168e+01 4.713035578200694431e+01 5.845927289251304160e+01 7.255877549919443936e+01 7.140080959647954728e+01 6.313396274634953897e+01 6.739506567900400569e+01 5.765241862466427136e+01 4.604588905847442959e+01 2.627360228252499752e+01 3.065630797132678964e+01 4.421221989825336607e+01 4.475644840283181480e+01 3.952439735014850442e+01 4.596732213792388677e+01 3.471046008181287590e+01 4.714221895463305145e+01 4.773182971961088583e+01 2.846711077114608557e+01 3.976432682800866303e+01 4.852325769759367802e+01 6.884998415046811715e+01 7.604556156335333128e+01 8.373178896095235757e+01 8.844507992559499598e+01 9.630422438753197412e+01 9.474137067912074883e+01 1.030370246984905833e+02 1.027378014106240585e+02 8.908443627572070511e+01 1.017479440717684724e+02 1.100860847595545238e+02 1.168101950987139475e+02 1.086272075486428434e+02 1.002835482013446722e+02 9.794692085053580399e+01 7.801804363713758050e+01
4.713037605887641490e+01 3.038161447460498721e+01 4.436127276980748491e+01 5.336885296007782387e+01 7.333979071788444060e+01 8.105070616534571570e+01 6.106006522163210803e+01 4.692308299085782863e+01 3.796569117591742071e+01 3.015730432634886071e+01 5.019543908621277239e+01 4.141434719832664513e+01 6.125613080195087434e+01 5.963320471304322012e+01 6.300402306280977172e+01 4.627926593653904774e+01 6.299238651548664336e+01 5.645692931925034230e+01 4.833264347662011318e+01 2.935022237879669760e+01 4.360375537611204777e+01 6.407457330303472531e+01 8.247438082867748221e+01 7.393016493374831555e+01 6.916750513092664221e+01 8.846481315102766985e+01 1.020606910057314280e+02 9.683569552012009751e+01 8.263901965822657303e+01 7.740596464557692968e+01 8.158442236113874912e+01 1.017479440717684724e+02 1.032319336398888510e+02 1.114787060489419872e+02 1.200248581775757657e+02 1.049718230048438556e+02 8.510202469010584991e+01
5.846042131778609274e+01 5.019164732251409333e+01 3.355871523936956891e+01 4.752734340395852541e+01 6.747151595020393700e+01 8.686699291297186676e+01 6.691446944897769811e+01 5.654093460358812706e+01 3.654919008624959531e+01 5.021893372967641511e+01 4.286985773893999863e+01 6.125807358599690389e+01 5.549214584354947277e+01 7.507920277864606362e+01 7.453411171244579236e+01 6.629810721757012004e+01 6.151348928871876609e+01 5.299992826441468452e+01 4.827380491439114962e+01 2.997662938899611262e+01 4.426542033634804341e+01 6.505697089190958593e+01 7.480736152888873391e+01 5.516224761636891571e+01 7.480737736134999238e+01 8.307103212773724010e+01 8.307103212773749590e+01 8.675036464570852957e+01 6.830948968579600944e+01 6.723645677468043402e+01 8.749018113757988147e+01 9.059548362500797225e+01 8.325195184694291584e+01 9.740610949232136306e+01 1.172967173089468815e+02 1.131364888296732119e+02 9.663463928896150890e+01
6.721667264469793679e+01 4.725714961658116664e+01 3.586894862662482808e+01 4.467150142258288525e+01 5.874039528323248760e+01 7.878135317242660562e+01 7.951809538378064701e+01 6.125119050392277842e+01 4.126746640154028256e+01 6.125119050392277842e+01 5.442269591414252972e+01 7.129056955681140550e+01 7.500317783151342610e+01 8.283856978014418360e+01 7.818953973352708431e+01 6.404637142413758966e+01 5.346848544567848904e+01 3.382206027872688736e+01 3.226360798617590575e+01 3.065397157165192965e+01 5.047938830008553879e+01 5.866991938007841867e+01 5.985280852201839963e+01 4.850338383262022290e+01 6.826333240177623907e+01 6.315690454697028144e+01 7.952480903978143090e+01 7.138324961409463754e+01 5.792774035207145289e+01 7.841766631072741234e+01 9.059548362500797225e+01 7.052307091677991480e+01 8.886669624272246892e+01 9.491104093104435435e+01 1.019833094179776651e+02 1.102572150475143218e+02 1.163575115874213992e+02
7.551927221933365786e+01 5.817991907545619767e+01 3.832340731458111094e+01 5.817991907526687356e+01 6.460979745221176529e+01 8.465540768945737682e+01 7.126328033977785026e+01 5.123931836799611261e+01 4.880057539905703123e+01 6.881696740567792858e+01 7.467710413232501310e+01 8.300525477900571047e+01 8.162698937050507197e+01 7.385491061956727776e+01 6.642868957422308540e+01 4.992266176222518936e+01 3.596547528899679946e+01 5.346848545523642571e+01 5.024345692246667028e+01 5.037901542380009801e+01 3.161225807865642068e+01 3.727609007244137729e+01 3.993105867094122630e+01 5.958801287041718808e+01 4.812051467974920627e+01 6.227943666506695308e+01 6.477395976450333137e+01 5.052144384211705841e+01 7.092941154807310511e+01 7.415245734506480346e+01 7.755153393726668298e+01 6.333106364779145281e+01 6.878270843101279297e+01 7.486525660910437807e+01 8.198501823720812354e+01 9.357217447113977471e+01 1.134853887496182807e+02
6.380624506601475332e+01 4.966587081108530555e+01 4.083021786628006566e+01 5.226590318347457043e+01 6.641923053352543604e+01 8.649863609608763682e+01 7.952134515176575746e+01 6.124045211060837346e+01 5.879251442698615904e+01 7.708436544142634261e+01 8.728533554180093290e+01 7.910092907723254996e+01 7.051419088720906814e+01 5.390620238244004980e+01 5.817473128070344757e+01 3.820850086074781871e+01 5.578846032922011489e+01 6.404637209906395867e+01 6.940736757584733141e+01 5.661624245212156126e+01 4.240668268185025624e+01 3.257023953315946585e+01 3.847070041371242155e+01 5.633600528813973085e+01 3.884871601988231049e+01 4.119815125673585499e+01 4.364489538179765304e+01 4.674887392423383403e+01 5.004363509805505572e+01 5.351517329408733303e+01 5.715735831483039675e+01 7.755153393726668298e+01 8.886669624272246892e+01 9.491104093104435435e+01 1.019833094179776651e+02 1.102572159913764551e+02 1.218107009634661040e+02
6.968732356693315921e+01 6.378762252468489891e+01 4.381805044339732547e+01 5.014869656359459782e+01 6.429186830318496959e+01 8.437133928555743978e+01 8.951949754938883075e+01 7.543229961045189214e+01 7.298158812164471954e+01 8.709461075345701886e+01 7.910092903281314136e+01 5.908068213321066509e+01 6.237646594787069887e+01 4.238746400432560790e+01 4.060620373883212864e+01 5.817472943833151078e+01 6.642866692633430148e+01 7.280570093572890755e+01 5.612811754567444211e+01 4.833323907089185667e+01 5.549736367467799880e+01 4.351209189523846277e+01 3.353208534237110428e+01 3.569234370894235298e+01 5.660267339214511395e+01 6.228379181487404281e+01 5.876183226930731252e+01 6.184288586651044284e+01 6.499488823473063803e+01 6.561992549857475865e+01 7.755153393726668298e+01 6.691331119109084113e+01 7.858043094586525967e+01 9.275929805511785275e+01 1.126770038481778045e+02 1.205943107302941542e+02 1.227418199340606293e+02
6.793736921534573980e+01 5.375158642256408115e+01 4.724556358768143838e+01 6.729000901545686020e+01 6.168639232198327704e+01 7.327753472425470704e+01 9.336132535249595321e+01 9.541845354808793900e+01 9.299442141614909474e+01 9.286265905487117323e+01 8.473016994207165453e+01 6.494447554409734380e+01 4.497251376537332135e+01 6.170470208183490257e+01 6.060927049650746312e+01 5.324076133805782263e+01 7.317547790156571352e+01 8.072211332072907908e+01 6.633417818893244089e+01 4.998061319137791969e+01 3.793860477261653585e+01 3.453893542606122224e+01 5.343746778961909172e+01 5.633526024485979633e+01 5.656120756792668658e+01 7.722797109137903249e+01 7.929246887584500314e+01 8.223607668592674713e+01 8.525663500289951457e+01 8.580811260596986756e+01 9.407760078336545462e+01 8.703876281904659606e+01 8.118230153899223467e+01 1.011775111270951868e+02 1.147622020581852240e+02 1.007407675520559991e+02 1.029141475566853074e+02
