LEM/sinusoidal_perturbations/elevation_000962.asc
nrows	100
cellsize	150.0
xllcorner	0
ncols	100
yllcorner	0
NODATA_value	-9999
[rows 0 to 16 of 100, columns 37 to 73 of 100]
9.870241316161495604e+01 1.067381908138561357e+02 1.078559134318977328e+02 9.983548902590165142e+01 9.983548902590165142e+01 9.983548902590165142e+01 1.078559134318977328e+02 1.071744391418442177e+02 9.879989688615691534e+01 1.071744391418442177e+02 1.153606094205693751e+02 1.095561665107321687e+02 1.153606094205693751e+02 1.203637456708721487e+02 1.214342823271454961e+02 1.156092013746619642e+02 1.182623189582009360e+02 1.240955943812006552e+02 1.232595417820817829e+02 1.149973324539681272e+02 1.215744965947231719e+02 1.290943265306924275e+02 1.374013948217770746e+02 1.489751464568773827e+02 1.518486865416568321e+02 1.419726851944215298e+02 1.337979836104647973e+02 1.419726851944215298e+02 1.443303306096802032e+02 1.361399906868038840e+02 1.335869225076675662e+02 1.417696969430692775e+02 1.391206724325822677e+02 1.308856492043773585e+02 1.283013776821277361e+02 1.365060992529643613e+02 1.341445132242181728e+02
7.918723200215947600e+01 9.549055897832806750e+01 9.983548902590165142e+01 8.033825112124340251e+01 8.033825112124340251e+01 8.033825112124340251e+01 9.983548902590165142e+01 9.707956834911456667e+01 7.862183277087977729e+01 9.707956834911456667e+01 9.567157868226146888e+01 8.992039409574847753e+01 9.567157868226146888e+01 1.006897752746399703e+02 1.017077082656918208e+02 9.594951542325111404e+01 9.858249796845099411e+01 1.043465840838113223e+02 1.069946494814911802e+02 9.539483390499282223e+01 1.018429928255839769e+02 1.091987125708876079e+02 1.206241970471361782e+02 1.406646392112636477e+02 1.416618288351763510e+02 1.240202484794031221e+02 1.142423382627672481e+02 1.321685270144074025e+02 1.361399906868038840e+02 1.165459100074431689e+02 1.140107737333509021e+02 1.302281163155719241e+02 1.308796345044492568e+02 1.112010212361368247e+02 1.086561680826729486e+02 1.202289017033660485e+02 1.144648666827137617e+02
6.777130622527764103e+01 8.405615095894722799e+01 9.212413567255444491e+01 8.604885988911036065e+01 6.637008313755971756e+01 8.033824615778983969e+01 9.983522284531278501e+01 8.871086482851245592e+01 6.864442550376881513e+01 8.871086482851819710e+01 9.567157868226145467e+01 7.602808011623379514e+01 9.567157868226145467e+01 8.683565802416883628e+01 9.044373597689374833e+01 8.211010622240267764e+01 8.477500596224260221e+01 1.000885452572110381e+02 8.746131587575769117e+01 1.012218826000158884e+02 1.209313415664531988e+02 1.290943265259245152e+02 1.351495468122845125e+02 1.434565972539352288e+02 1.334886278065820591e+02 1.139138632790219674e+02 1.044773901483276575e+02 1.240201609366161364e+02 1.278196047025712687e+02 1.196937307173353986e+02 1.027299668557161993e+02 1.219319796748468434e+02 1.299138362425423736e+02 1.169592106315957807e+02 9.733338974102595387e+01 1.006028316675766945e+02 1.144648666827137617e+02
5.890279799453454501e+01 6.436926309897127396e+01 8.078935051563335890e+01 7.381723911413773465e+01 6.106919553874103457e+01 8.078937565942545973e+01 8.257305099231575696e+01 7.430159260316439429e+01 6.204296505690974328e+01 8.153253958363735876e+01 8.096766611912443068e+01 6.943515842424388040e+01 8.495021764843653500e+01 8.694103938223067018e+01 7.074845064458895649e+01 7.326113172926845607e+01 7.593653342081343283e+01 8.049717375976733535e+01 1.000885755028870392e+02 1.091653599925849960e+02 1.140540374091828824e+02 1.210251224825554033e+02 1.151745943700858419e+02 1.351495468122845125e+02 1.313394201150401557e+02 1.117758676421545090e+02 9.793935335194015579e+01 1.103612041434926283e+02 1.165222488741913054e+02 1.001468474803831867e+02 9.652122539404156498e+01 1.160659236768529468e+02 1.218952481050285570e+02 1.021243322614301405e+02 9.075365820359522218e+01 1.104158666854713857e+02 1.157995970243349433e+02
7.268992095348409066e+01 5.290275886117634485e+01 6.740183186538037319e+01 5.404040773322771685e+01 7.381723911177989805e+01 8.025955993707040648e+01 7.196148505530180728e+01 5.440464565316941759e+01 5.606722401312480031e+01 7.418343731067368196e+01 6.125214842135777360e+01 6.318998120035880106e+01 6.524720149122221358e+01 6.733730053371633062e+01 8.704061736254858772e+01 9.294338433889289774e+01 9.559399985975088043e+01 8.115347068366284589e+01 8.503598911180264963e+01 8.965637358485949449e+01 9.449932765953542457e+01 1.013079164478701699e+02 1.151745943700858419e+02 1.351495468122845125e+02 1.315904371518350615e+02 1.120260952590472243e+02 9.819061944553550347e+01 9.074147953133440581e+01 1.046974761000004719e+02 8.877975450438114535e+01 1.084083324186627948e+02 1.241681560555523447e+02 1.201084787268001435e+02 1.004684048473098557e+02 8.651881395256653207e+01 1.007520902418825841e+02 9.616769599138865487e+01
6.210175599177514272e+01 6.342626720568432575e+01 4.756823777280151688e+01 6.649746059225915928e+01 6.812992454186058922e+01 6.971121359075961266e+01 5.207132512362213816e+01 7.198001974755214860e+01 7.595986108786584623e+01 5.853209864042663924e+01 7.852378918762806848e+01 7.969426742841189082e+01 8.422706888869001318e+01 8.115764838609659648e+01 7.412104421391676112e+01 9.377295030603288239e+01 1.089268698276552527e+02 1.007366919064441930e+02 1.045670476274834897e+02 9.627404838840895707e+01 1.140540374378332729e+02 1.067670406681247641e+02 1.207310031203488734e+02 1.407458099473147968e+02 1.315904371518350615e+02 1.120260952590472243e+02 1.160080473828033831e+02 9.641756325835918062e+01 8.501016268656961472e+01 8.421518478030230881e+01 1.039087011975633885e+02 1.118613662641708828e+02 1.200018157455329657e+02 1.142523508744127412e+02 1.006700413955399114e+02 8.098869617756254513e+01 8.474619500233316671e+01
4.220853113382369060e+01 4.354855724158394992e+01 4.508170940485423728e+01 4.662855906416594109e+01 4.819686276398012836e+01 4.978589111944211965e+01 6.971121360564336555e+01 6.819245307638509246e+01 8.658349753647691216e+01 7.874682950252007174e+01 6.479432080138414562e+01 8.528368229422309810e+01 9.991660213526164114e+01 9.994181887282049104e+01 9.377295030603288239e+01 8.159225227710011552e+01 9.138405847931015558e+01 1.109644407356435636e+02 1.241561869117821999e+02 1.075154987067487866e+02 1.241561869117821999e+02 1.265932043158284017e+02 1.348911677918295311e+02 1.411555931298418329e+02 1.397586780167767415e+02 1.315904371518350615e+02 1.241441929994308140e+02 1.128248438073137123e+02 9.961423265053464604e+01 7.985478629000208173e+01 9.581258639406065925e+01 9.220570542616081866e+01 1.043025061983784241e+02 1.100626278654592483e+02 1.088723797127320836e+02 9.564654515782716260e+01 7.581772382147545386e+01
6.020940155395980042e+01 6.344632786223944976e+01 6.515253455251996684e+01 6.656954616746916997e+01 6.813103695037688112e+01 6.970706474405422171e+01 7.800119004743491757e+01 8.770477766191071112e+01 9.580343477681485354e+01 9.401850583130712380e+01 7.642594386603389012e+01 7.235253171944511053e+01 9.332209704326409394e+01 1.127677272170148086e+02 1.076912208227878267e+02 8.814030717685498928e+01 1.076912208227878267e+02 1.109644407356435778e+02 1.307796444288661917e+02 1.273427843960519112e+02 1.356365635670054530e+02 1.371904368697894085e+02 1.286899593929338437e+02 1.203404477520092399e+02 1.349541590229566452e+02 1.367854717427700564e+02 1.254645919038969453e+02 1.173249333494483011e+02 1.077465663248543848e+02 9.581258635765451004e+01 7.599670415811610269e+01 9.251063337810441567e+01 8.457741002757806825e+01 9.035640480324707369e+01 1.095018814306633317e+02 1.037980239361979642e+02 9.109563987280604636e+01
5.893917699496757479e+01 6.465992059410980630e+01 6.835229314062058847e+01 7.232645339672262708e+01 7.666081538609059010e+01 8.162772202705558300e+01 8.791923310086157528e+01 9.495779128828097271e+01 1.032097164830322669e+02 1.061555782410045907e+02 9.739967473907678652e+01 8.428733914416223172e+01 8.264341129593837820e+01 1.040007827905899660e+02 1.159084240176205469e+02 1.019205907099042321e+02 1.040705704431371288e+02 1.238012675492473988e+02 1.268821306531773985e+02 1.268821306531773985e+02 1.353952485807161281e+02 1.251372053357022907e+02 1.076661698596520864e+02 1.053786623267493070e+02 1.244976418875323105e+02 1.286217457643445812e+02 1.090550926981694175e+02 9.774415015974207677e+01 9.076940110360696679e+01 8.415105291873042859e+01 9.251063337810440146e+01 7.264152468063119272e+01 7.044215310692054288e+01 8.159750182083146797e+01 9.555106825894509370e+01 1.042876059289604882e+02 9.846325550121343895e+01
4.124944568675516621e+01 4.476972667025829367e+01 4.846857914228628061e+01 5.245602649204835188e+01 5.679872331473347202e+01 6.175820552374423045e+01 6.802610652468079877e+01 7.505058743194020110e+01 8.655029133131387198e+01 1.064426498118146469e+02 1.144179391108772137e+02 1.056638058504794628e+02 1.040007827905899660e+02 9.771621908378355670e+01 1.191730617251595135e+02 1.216227543047497477e+02 1.238012675492473988e+02 1.206396925557084217e+02 1.058841365307005589e+02 1.058841365307005589e+02 1.268821306531773985e+02 1.157615631047855516e+02 9.548882135914298885e+01 9.484485990439425507e+01 1.159078625042708524e+02 1.259469983937042912e+02 1.254645919038969453e+02 1.173249333494483011e+02 1.038578544108974029e+02 1.023863762163102820e+02 8.264433302745864296e+01 8.668713658644892917e+01 8.738657651765049650e+01 6.739952098290190463e+01 8.451748070021253056e+01 8.451748055962787021e+01 9.644587530346041149e+01
5.650095452132389084e+01 6.465992094787793576e+01 6.253070418581471301e+01 6.650410369528459853e+01 6.825643942645575635e+01 8.162855150652154634e+01 7.797749405819527624e+01 9.495779128828097271e+01 1.032097164830322669e+02 1.147030197193355292e+02 1.162291900814183663e+02 1.080629408578573418e+02 1.162291900814183663e+02 1.191730617251595135e+02 1.278192353502459895e+02 1.311995852091353356e+02 1.226659586969700939e+02 1.120343066178588174e+02 9.105521058565524584e+01 1.021446659061688962e+02 1.107781985656906585e+02 1.071321876474969628e+02 8.622773686221147216e+01 8.702692702804486657e+01 9.630255583503078753e+01 1.112269278848243346e+02 1.321910731335278513e+02 1.316233842507883196e+02 1.162742574844795627e+02 9.663382744318626294e+01 9.663084740365263769e+01 1.057916205960130327e+02 8.724188796796586587e+01 8.451748070025885795e+01 6.445160786499725702e+01 8.451742825963839323e+01 7.577727462028155969e+01
5.237677285045033670e+01 7.519021047671310498e+01 8.240685214987436780e+01 8.638284901081341616e+01 8.814140644990683882e+01 9.638887958763224617e+01 9.787389417316114759e+01 1.061288470302146294e+02 1.161006349801258040e+02 1.103405929565138024e+02 1.064910638670211114e+02 8.868560975241534550e+01 1.064910638670211114e+02 1.111036328678995062e+02 1.192808142072714901e+02 1.226659586969700939e+02 1.016714573287216865e+02 1.078206044118514058e+02 1.021446659061688962e+02 8.139666058848331431e+01 9.400662867670691014e+01 9.400663004823347535e+01 7.906452786944629452e+01 9.088155440730794510e+01 1.118440515786030431e+02 1.259469983937042912e+02 1.285992483583643207e+02 1.369875428332556453e+02 1.244242700776035093e+02 1.162742574844795627e+02 1.162445457742893211e+02 1.141643080128516630e+02 9.706425616671094758e+01 7.676918567272862504e+01 6.244186165617150408e+01 7.979310929358086923e+01 6.134584191223280669e+01
6.439201846825869779e+01 7.197336545468772329e+01 7.197336545468773750e+01 9.180595957489485670e+01 9.845747271506253639e+01 1.065769482587449346e+02 1.052748022385520414e+02 1.134218241112336614e+02 9.661570085816900644e+01 9.093066440892702929e+01 9.837427530513460283e+01 7.915216741461115646e+01 9.736913537147115960e+01 9.168012023607124661e+01 1.111036328678995062e+02 1.226659586969700939e+02 1.016714573287216865e+02 8.693731434705388494e+01 9.737895566363999933e+01 9.238492880787505612e+01 7.353381120325444442e+01 7.353381120325444442e+01 9.400663004823347535e+01 1.083781065441419571e+02 1.204489419701581454e+02 1.252818413148771981e+02 1.083145470319063293e+02 1.252818413148771981e+02 1.238956293929304309e+02 1.157426093317604199e+02 1.145495964561483646e+02 1.091176140229356548e+02 1.009626576503034698e+02 9.067225364587922343e+01 7.974924104111195788e+01 5.969214957745988670e+01 7.979342711191303295e+01
4.545244705682086561e+01 5.231573116710097082e+01 6.617042220174805323e+01 8.598290975761619848e+01 7.920810729147171969e+01 9.540366572187821248e+01 8.593530622011097364e+01 1.022005001713784509e+02 9.661570085816893538e+01 7.741565916553926741e+01 8.553055161846212684e+01 7.245378335542150694e+01 7.816288794655091010e+01 8.917612738677627249e+01 1.085609924119731602e+02 1.188138538477903410e+02 9.782531801366670265e+01 8.584421106067263452e+01 7.678805424968530247e+01 7.196894885384874385e+01 6.843248959804780895e+01 8.872057095246520930e+01 1.026292407873915664e+02 1.100316122595201591e+02 1.183085147203290433e+02 1.168878705871025971e+02 9.668538068581597145e+01 1.168878705871025971e+02 1.157426093317604199e+02 9.606775650798350341e+01 9.484626577005172976e+01 9.484626577005171555e+01 8.120468042455773627e+01 8.544369901586946980e+01 7.879082467784330390e+01 5.870251783359881159e+01 7.740630315117859084e+01
5.863840436288528934e+01 7.197336545468772329e+01 8.019524296339477587e+01 8.734384640602289096e+01 6.820185818122477883e+01 8.734384640602289096e+01 7.491491946859700590e+01 9.357204194126575203e+01 9.913426548461073651e+01 7.989570883648057986e+01 6.646189255954824660e+01 8.553055161847690613e+01 9.736913537147115960e+01 1.054804672216713328e+02 1.167287978263356649e+02 1.273348035908421707e+02 1.152876065514923170e+02 1.059996276821262029e+02 9.737895566363999933e+01 8.576124804598785545e+01 6.556704596530244089e+01 8.576124804598785545e+01 9.599486042226156712e+01 9.018064743960360374e+01 1.100316122595201591e+02 1.097452117840763606e+02 8.958809661633397070e+01 1.097452117840763606e+02 1.157426093317604199e+02 9.606775650798350341e+01 8.207630819082208973e+01 7.504959960540283248e+01 6.983643486132434930e+01 6.600161267692273270e+01 6.268084472500251536e+01 7.597263304503775316e+01 5.730323800607110485e+01
5.130545655552055706e+01 6.543899314232653808e+01 8.530168848878258814e+01 8.010885491428821581e+01 6.094209537317481562e+01 7.595133051606103436e+01 6.637743795808646041e+01 8.552522307403573620e+01 9.567891870726570858e+01 7.648351608994526885e+01 6.302793448257162368e+01 8.210571934895241952e+01 9.121011395846197445e+01 9.928594418181511116e+01 1.089706151764287512e+02 1.118278135877889952e+02 1.034319368056679593e+02 1.034319368056679593e+02 9.786332718362045568e+01 7.731031345333877880e+01 6.320551195217255014e+01 8.333015180111806330e+01 7.615715877113623833e+01 9.018064743960360374e+01 1.100316122595201591e+02 1.036676128870414146e+02 8.354224928168106601e+01 1.036676128870414146e+02 1.183143274916521364e+02 1.099816929504569885e+02 9.484626577005172976e+01 8.593346742522446391e+01 8.377205094700950383e+01 8.544369044762807164e+01 7.648673157891070673e+01 5.825518832245904832e+01 5.632087805392719559e+01
7.125664191666108138e+01 7.949148987253475696e+01 8.520375581064305948e+01 7.371993506725038969e+01 5.443997336407394982e+01 5.672860835928275236e+01 7.595133051590525497e+01 8.270217398245530660e+01 8.305418391882227525e+01 7.505679812535200313e+01 5.976005007602443442e+01 6.490063942314276346e+01 7.208160366116408113e+01 8.157822904102084749e+01 1.008419988759032151e+02 1.034319368056679593e+02 8.327895631843642832e+01 8.327895631843642832e+01 9.755338495311271174e+01 8.097474086628849932e+01 6.090791731172112122e+01 6.683423666411080433e+01 8.664327818181735097e+01 1.042445810799596586e+02 9.995078927901521126e+01 9.159079458030949183e+01 7.819459956209362872e+01 8.976731888122139935e+01 1.099295485783619171e+02 1.227031107443054339e+02 1.138259250693286617e+02 1.056710656577187137e+02 1.035175857244331610e+02 9.016077566556462841e+01 7.514684015619165791e+01 5.494296275597842794e+01 7.317888160069846037e+01
