LEM/sinusoidal_perturbations/elevation_000676.asc
nrows	100
cellsize	150.0
xllcorner	0
ncols	100
yllcorner	0
NODATA_value	-9999
[rows 51 to 67 of 100, columns 37 to 73 of 100]
6.932524239117057618e+01 7.396632847896351848e+01 8.773098309510021409e+01 9.122937437527686200e+01 7.132842079533688207e+01 5.698782461509243547e+01 4.656050787740947783e+01 6.707254988095762371e+01 8.205044348699509271e+01 8.766625116297795728e+01 6.720461781637690990e+01 5.268434796423215261e+01 6.035969696497013359e+01 7.485061102625736851e+01 8.304700735653503330e+01 6.309920995957930501e+01 4.856739571679540290e+01 6.896682178664953256e+01 7.809334490221336011e+01 8.292991458033209540e+01 8.805419142337366623e+01 9.376515601875703965e+01 1.012333195153797334e+02 1.012333181330841825e+02 1.210835743975851386e+02 1.069469733566441079e+02 8.703033594528417893e+01 7.998175336571249261e+01 9.990920049071519315e+01 1.166357798184258741e+02 1.051197830746029780e+02 9.685855588196568533e+01 8.523659649210448208e+01 6.539327659309753926e+01 7.681636450679548034e+01 9.673884728976018721e+01 1.010197250924558432e+02
7.743107409686628273e+01 9.335377269216823493e+01 9.398341146196311513e+01 8.574185443267403173e+01 7.793043111845987880e+01 5.774033430015443003e+01 4.305075098062071959e+01 5.351205236960905154e+01 6.794831062191990156e+01 8.791266591377873851e+01 8.084570671411091780e+01 6.035969696497013359e+01 4.570263615046962258e+01 6.051715084796068567e+01 6.902101605109504590e+01 6.639673322348450313e+01 4.590139732087083502e+01 6.639673322348450313e+01 8.376087062920386472e+01 8.723026631927895380e+01 8.834946419284752039e+01 9.657632560774440833e+01 9.789422634646483345e+01 1.061345296806264571e+02 1.160624989480780300e+02 1.151904812035272982e+02 1.069469733209283930e+02 8.890109837103345569e+01 1.081532967846047200e+02 1.083762523328723404e+02 8.842699122603342232e+01 7.692805233409036703e+01 7.162438677540457377e+01 7.047293680429791607e+01 9.037538704836971704e+01 1.049995797782437279e+02 9.278341579526262706e+01
8.435051753079400783e+01 9.398341146196311513e+01 8.245301246111769444e+01 6.573981737919491763e+01 7.485147021879144802e+01 5.457229728705780047e+01 3.987950001949894130e+01 6.051192952190796603e+01 7.757094048507752859e+01 8.384798582611833240e+01 7.801212083788460916e+01 7.485061102624879936e+01 6.051715084796067856e+01 3.975805391139711276e+01 5.844292793639480266e+01 6.034489666488083515e+01 4.329629773600469633e+01 6.387393177736725391e+01 6.375488074891804047e+01 6.730010295289272904e+01 6.846801190212886468e+01 8.171362881557594449e+01 7.807712326088979182e+01 8.799075646765177794e+01 1.036995606433971773e+02 1.151474767533247103e+02 1.170569629369849167e+02 1.029887002943571019e+02 1.170569629369849167e+02 1.016780171549424807e+02 8.757277341401024273e+01 9.685855588196568533e+01 8.051076293550016771e+01 9.037538704837302816e+01 7.857951081371989233e+01 9.851333786408822846e+01 9.887015454986851637e+01
8.192412420706300225e+01 8.574185443267403173e+01 6.573981737919491763e+01 5.392444644876839277e+01 6.405905970213767375e+01 5.750238036795813912e+01 3.690753425094856510e+01 4.887473212603583050e+01 6.928796704134009588e+01 6.374417676101143115e+01 5.783420081718966799e+01 6.264634359397400942e+01 5.421473967520479675e+01 3.592784460728319829e+01 3.777808013251266317e+01 3.968422787924436079e+01 4.278722719939958807e+01 4.597805724535265171e+01 4.924045623851617393e+01 5.289934228345907030e+01 5.676598399837011044e+01 6.174655596653564515e+01 6.814074226698674863e+01 7.568584479574633406e+01 8.710593172887681135e+01 1.068896774082787715e+02 1.201971316326024777e+02 1.228807343626049686e+02 1.298865964816180281e+02 1.157823464603937396e+02 9.908826226243439805e+01 1.087095268655869376e+02 9.201571233700545349e+01 1.048210392545831411e+02 8.487433606040795553e+01 1.048210392545831411e+02 1.000444128300341617e+02
7.379069874803110451e+01 8.831913257951755725e+01 6.834271600448826689e+01 5.392444644876839277e+01 4.353132680686692879e+01 3.839082347663274675e+01 3.415427267120682586e+01 4.867146653180906668e+01 6.907112810393702773e+01 6.374415938324710140e+01 4.326914366358767694e+01 5.188960540532087151e+01 3.362812852190718615e+01 3.980077871233370246e+01 5.833946950521999497e+01 5.441065770232378895e+01 6.338133170897585700e+01 6.647071635603325035e+01 5.771922764021989138e+01 7.313751283638345058e+01 7.105172138798560866e+01 6.846801190213183474e+01 8.171362913519422477e+01 9.546752649011388314e+01 1.036995606433971773e+02 1.144355646966714062e+02 1.003666125999504573e+02 1.061748371501651178e+02 1.260584140069420158e+02 1.272995609015976441e+02 1.190420257908470347e+02 1.202265552624402432e+02 1.119671823852713857e+02 9.897687114208582670e+01 9.897687114208582670e+01 1.130824457290820106e+02 1.082846519182943155e+02
7.378737017903715412e+01 8.390890071931482908e+01 8.245301246111769444e+01 7.236664121868767552e+01 6.405905970143138006e+01 5.188323266040836046e+01 3.154081365243675705e+01 5.188323266052509553e+01 6.280967675284622231e+01 5.734059290067064296e+01 4.974200705105327103e+01 3.148171605869911716e+01 4.593328793610873362e+01 6.015515562729213883e+01 4.962456855347572571e+01 6.957165046873700476e+01 8.293069028407664689e+01 8.605444498322307822e+01 6.941531622591726602e+01 8.605444498344472493e+01 9.091964859713056057e+01 7.844810655578716307e+01 9.657635303961069440e+01 1.097850022701348678e+02 1.227235993721009635e+02 1.061748371501653736e+02 8.646195430263526305e+01 9.872406777320591686e+01 1.185431283587369933e+02 1.222007174185660858e+02 1.139098984398716539e+02 1.222007174185660858e+02 1.271880203171246393e+02 1.130890749927317387e+02 1.189301091725625668e+02 1.167549359331655552e+02 9.687992061780052211e+01
7.802661923797694499e+01 6.396410684499439725e+01 6.696849487240663734e+01 5.863010051743334827e+01 5.852889871774574004e+01 4.953429226303675392e+01 2.933050162894267743e+01 4.630876164498958758e+01 4.155012595821994381e+01 4.531854658320839491e+01 2.946496853763962775e+01 4.974387467329312784e+01 6.004621728594023722e+01 7.398645163705914740e+01 6.957165053876305194e+01 6.140213237858579021e+01 7.276864283086970886e+01 9.160877561909200040e+01 8.930343241971432633e+01 9.753374577905417198e+01 1.064910212383302053e+02 9.825082269034174942e+01 1.064910220463470409e+02 1.169580325609346545e+02 1.028975567901248525e+02 9.872406777320591686e+01 7.901858921545297676e+01 9.872406777320591686e+01 1.121411337366095893e+02 1.122779559996609606e+02 9.413490986894983337e+01 1.122779559996609606e+02 1.214913870583596065e+02 1.330316131077961757e+02 1.307715211608110053e+02 1.250057252758528108e+02 1.135234136062825172e+02
6.795784415611511520e+01 4.954782267914205818e+01 5.855985435795041383e+01 3.823982859556753766e+01 3.821432755341377430e+01 4.478881468766151386e+01 3.701099161598003207e+01 2.623721401891735283e+01 2.686919500308751552e+01 2.750104219951809981e+01 2.971701850940553769e+01 5.569987289176914658e+01 6.747333109546966057e+01 5.965343361592391602e+01 6.788672888578737741e+01 8.073141988224365662e+01 8.853848476822864200e+01 9.941806636987506351e+01 9.668998499746614073e+01 8.845636416307188199e+01 9.102527174302561264e+01 9.926495507993638512e+01 1.122123554588339545e+02 1.039716582517402514e+02 8.896556722732744049e+01 9.303558609829146064e+01 7.328910431887875632e+01 8.413311324092273935e+01 1.038875332507979152e+02 1.040224041544108218e+02 8.431451571169414194e+01 9.342473151936607678e+01 1.132057354540042127e+02 1.249774616151628095e+02 1.108628619158893116e+02 1.249774616151628095e+02 1.259731617561917574e+02
5.967681220027883882e+01 3.931110650257743089e+01 4.873728030461727201e+01 4.200024240558980893e+01 2.415253350888142592e+01 2.475716357101873299e+01 2.537233945327361084e+01 4.537679650193505410e+01 4.694334021779400246e+01 4.761699931100877592e+01 2.848818689963990636e+01 4.855288055757770138e+01 5.044876791023296647e+01 4.055592866171064514e+01 5.850178819673487851e+01 7.264588946382207268e+01 7.480823916178528066e+01 8.310806834049465408e+01 8.254790158178226989e+01 6.855645058700228844e+01 7.114407639529768801e+01 9.102527175335490028e+01 1.039716582517394414e+02 8.421720694034019061e+01 7.908636384991504542e+01 8.775811685452458732e+01 6.794148116744781873e+01 8.197527493691598011e+01 1.017191322410750445e+02 9.705461337405422739e+01 7.733894048511552910e+01 9.126648819314719674e+01 1.110283836865133651e+02 1.127939888666115991e+02 9.682077408762644666e+01 1.160735352201054127e+02 1.274131426199524242e+02
5.612579256421398100e+01 4.879088458477533408e+01 2.860687611442888922e+01 2.334117984179280825e+01 4.328497959031619757e+01 4.364458447895416526e+01 3.480936059074566913e+01 5.270805151070666739e+01 6.155660599738325800e+01 4.110584210495685653e+01 3.021611651132331744e+01 2.945509683427672343e+01 3.013205650784199818e+01 3.082110152362182021e+01 4.517885606940725296e+01 5.960563426471519932e+01 5.473287446123838151e+01 7.487303085349924459e+01 6.250925971074011755e+01 5.682485285720748180e+01 7.114407639530257654e+01 9.102527181844862980e+01 1.039716582516931851e+02 8.421720694034019061e+01 7.014380997657673333e+01 8.221367705267829251e+01 6.353351412577331558e+01 8.343377242331546029e+01 9.235907175862624285e+01 9.196404852351219006e+01 7.220438809779419387e+01 9.196404852351219006e+01 1.070612451888536469e+02 9.303327172822064028e+01 8.797066524169061097e+01 9.935555861416675327e+01 1.191173904984073317e+02
3.573770649581232561e+01 4.154686644181528266e+01 2.260038213196342127e+01 4.240807218382570909e+01 5.164854824008635603e+01 6.026488185543352927e+01 5.381105969396328703e+01 6.204582465123408497e+01 6.987418272775535399e+01 5.504548123865689746e+01 5.722373917523936626e+01 4.974227476950260041e+01 3.675033025787784879e+01 5.120960588828546634e+01 3.182444624360183738e+01 4.011782406402720369e+01 6.060211430283632694e+01 6.116173341679863285e+01 4.796650763770693970e+01 6.837844202899968593e+01 8.520451766969057417e+01 9.091254557244765522e+01 9.912462001134468892e+01 9.821478118339422281e+01 8.221367705267266501e+01 6.215271753427472134e+01 5.927166085296855869e+01 7.574411341811087084e+01 7.254757809985606798e+01 8.103849656973281412e+01 6.748500433615012639e+01 8.730665189652258107e+01 9.209982903000835108e+01 7.915166125636999084e+01 8.987714646781579120e+01 1.079854457690677805e+02 1.239852983238539821e+02
3.781716453157843461e+01 2.188292582590846536e+01 4.127066096370583637e+01 4.876752513000280942e+01 5.511381815658937455e+01 5.057555115216592867e+01 5.893316098185914598e+01 6.481331654030061884e+01 7.316866921218149855e+01 7.584573531839751581e+01 7.022213863799380817e+01 4.982858544935517386e+01 4.870199779736060464e+01 6.066569980859789268e+01 5.228895316062579468e+01 3.284496292649803451e+01 5.309412435979780298e+01 4.054993337298671463e+01 6.116173341679863285e+01 7.664772702754262923e+01 8.762297990144308812e+01 7.095147054450964674e+01 8.762297990144308812e+01 9.912600348197349831e+01 9.000921667677977211e+01 7.518897209237174195e+01 5.503346594570525241e+01 5.562443431819563244e+01 5.833225213563375888e+01 6.110177683021548489e+01 6.468838230184327642e+01 6.842568855736539035e+01 7.235088327656971785e+01 8.393637307865091657e+01 1.037322799747687299e+02 1.163094916933653167e+02 1.138680869427062845e+02
2.110307152483574455e+01 2.158972128941869073e+01 2.976584287867271073e+01 2.946600071752721917e+01 4.202799970994077228e+01 3.232591364280133917e+01 4.952477963995218602e+01 4.439325841435734787e+01 6.148316780217272282e+01 7.069726086156823897e+01 7.853324603435228823e+01 6.433041513627246388e+01 6.931390935852958535e+01 7.744072096837724928e+01 6.173885874128151841e+01 5.337766136163882891e+01 3.387459336057971626e+01 4.849930300025718566e+01 6.890940500530433610e+01 7.856766561367103918e+01 7.026503675205312049e+01 5.898843814437906019e+01 7.095147055493009702e+01 9.091263643398367833e+01 8.241152518057029397e+01 6.412487267544663894e+01 5.180971851712352105e+01 7.210101585190787432e+01 7.834976944616961703e+01 8.103847398592736795e+01 7.876313036304524928e+01 8.244437848357590326e+01 8.376521039752756792e+01 1.003202112414859499e+02 1.121769143022700064e+02 1.177616483943003658e+02 1.054731465082770256e+02
2.786355648536752128e+01 3.799822306236946901e+01 2.226619573860901014e+01 2.274088638102434956e+01 2.328349003060655775e+01 2.390090854817200139e+01 4.097035552668318559e+01 3.272491020029426778e+01 4.065158350841117141e+01 5.387891624524214507e+01 7.614001114783519597e+01 8.445887826995702596e+01 8.457662965440381697e+01 7.468606594652031561e+01 6.612567825833340862e+01 5.503643234424988862e+01 3.461952517954146202e+01 5.526780019378912101e+01 7.078326211288205627e+01 6.255491846765378483e+01 4.986597040046267892e+01 7.026503673449205678e+01 8.762251368255880379e+01 8.500115760514418639e+01 8.907074300923025589e+01 6.715082656559692964e+01 4.975197159863590457e+01 6.910478489975251648e+01 8.527829049003689477e+01 9.742441410440105187e+01 9.851433546189845458e+01 1.021661563282505938e+02 1.034900395797771324e+02 1.117630449607235619e+02 1.207231429405554621e+02 1.080130485723563822e+02 9.111744467418195370e+01
3.515164874834184161e+01 4.590764401729171595e+01 3.158345917610034093e+01 4.254606055076641979e+01 2.388589754093813156e+01 4.346808282890579989e+01 2.472809296633498022e+01 4.452675516966683489e+01 6.147090254717763713e+01 7.060603822273465369e+01 8.264100551153498486e+01 9.045215343968820321e+01 7.042631789102674134e+01 5.551236833307211782e+01 4.545205230783538042e+01 3.977647549217405754e+01 3.537452316423168241e+01 5.606146344430437267e+01 5.790398470555257404e+01 4.266380094350586916e+01 5.660387521485271378e+01 7.692185289525507130e+01 7.924172329417143601e+01 6.565754184471737176e+01 7.884710245571945109e+01 6.819474414690471065e+01 4.773234024121271091e+01 5.925456708616361112e+01 7.821316483460446989e+01 7.955693203245182588e+01 9.198438631152001221e+01 9.964385486351847021e+01 1.032934680945279950e+02 1.084116788262417685e+02 1.126429452653510737e+02 9.533152523740436379e+01 8.142135176554609188e+01
4.869035709763292630e+01 5.484138527040911981e+01 4.770081726961811341e+01 3.012918278596110255e+01 4.780019262322299056e+01 4.503633456595242279e+01 2.526628305458406487e+01 4.503181257379579705e+01 6.050535552298914155e+01 6.107305491027983635e+01 7.288210874048569110e+01 8.376542488315095625e+01 8.457671254279996731e+01 6.704879563545362942e+01 6.698568606122503866e+01 6.026911142860667070e+01 4.569723158409414765e+01 3.647990050306444232e+01 3.727870114642113464e+01 3.809054748308389549e+01 5.882896147959155542e+01 6.084501108980544615e+01 6.168217980449900750e+01 5.186250690380362016e+01 7.069702082159189160e+01 6.419869326034654478e+01 4.577855296988083467e+01 6.633001833085147325e+01 6.254469094864977308e+01 7.623403239980547141e+01 7.282079703226378342e+01 9.198462699861124747e+01 8.373515137984486500e+01 8.932120123886512886e+01 1.013180504128116297e+02 8.701419889799070972e+01 8.734294590164422800e+01
6.773307711382422269e+01 5.928509767665452301e+01 3.795925541704918516e+01 5.174463571618376534e+01 5.312757186274104981e+01 2.727909376199727376e+01 2.577791164258910328e+01 3.702561001670370899e+01 4.641785866395760252e+01 4.363102538052490331e+01 5.441106152941335949e+01 6.946327958024909321e+01 8.990381614461303172e+01 8.759482820975736672e+01 8.092697364763776591e+01 6.178829038655772621e+01 6.430372498761067845e+01 4.392853746489284816e+01 5.801329930537307433e+01 5.708231144489547404e+01 3.927700371397546064e+01 4.014191252105828056e+01 4.101380898646914375e+01 4.617652468074986416e+01 6.277844542890342439e+01 4.445703147842071701e+01 6.502382992072520551e+01 4.730924268612396588e+01 6.467339160081179728e+01 5.856046886326980427e+01 7.142960000740990267e+01 7.811099209887429140e+01 6.974321024700655869e+01 8.946364971698132251e+01 9.328125110712122137e+01 7.311372851125504724e+01 8.020934953682328228e+01
