LEM/sinusoidal_perturbations/elevation_000852.asc
nrows	100
cellsize	150.0
xllcorner	0
ncols	100
yllcorner	0
NODATA_value	-9999
[rows 17 to 33 of 100, columns 37 to 73 of 100]
4.157726297221577738e+01 6.186781223759811610e+01 5.754163978615449082e+01 3.698929412901354397e+01 5.754163978595829576e+01 5.740880024492886946e+01 5.740880033363846735e+01 5.991494956645433234e+01 4.309396765901116311e+01 4.870036293104334391e+01 5.478081510461328918e+01 6.667278757174574366e+01 8.681141375279474914e+01 1.061198383420752123e+02 9.800359159019730271e+01 9.800359159019045308e+01 8.195377746153540954e+01 6.164832548727446238e+01 4.943500848751865817e+01 6.569246355356673917e+01 4.580279761720129983e+01 6.673543040863371800e+01 7.896500699434049864e+01 8.354390629834057336e+01 9.170789138566921395e+01 1.031369341311378065e+02 1.142429896803093783e+02 1.059084242370874449e+02 1.051101823836332869e+02 9.923353033105784959e+01 9.450670917415222050e+01 8.317367976014399744e+01 6.359480065108274971e+01 5.585538969347178551e+01 4.209104980437179933e+01 6.182223025110533143e+01 7.027000758494610011e+01
3.548608866482582158e+01 4.780184341130564718e+01 4.558356544164666246e+01 3.196698155099416638e+01 5.239931056707762735e+01 5.397606060978319675e+01 3.681236394687348223e+01 3.924871359659353942e+01 4.854115610683234650e+01 6.906633225809704868e+01 7.518437250602534050e+01 8.350872736063382717e+01 9.512380767039347518e+01 9.800359159019608057e+01 7.818656485292888192e+01 7.818656485292888192e+01 9.012942647839513199e+01 7.848853252672086001e+01 6.568729554395287096e+01 4.476859640854062405e+01 4.303015577711261130e+01 6.398684106656010329e+01 7.185644294126865361e+01 6.330062595229247080e+01 7.514161115628174059e+01 9.502165491248766216e+01 1.059084242370874449e+02 8.588374251899858791e+01 8.505306686034106178e+01 7.917932657003370878e+01 7.440794417235424874e+01 8.861835389253332096e+01 8.214904979275428332e+01 7.089760290913510232e+01 5.578627203175482663e+01 4.089625859179746925e+01 6.061594256181065532e+01
4.780171921896668863e+01 2.761054054058555707e+01 2.527524441119062004e+01 4.558352791053543740e+01 5.075787347819539974e+01 3.349568370411527241e+01 5.397606093658522752e+01 5.991494793913054906e+01 5.615507991032484369e+01 6.537326800432990126e+01 8.542408130441206993e+01 9.066958271198214447e+01 8.287273766378875450e+01 9.066958271201583841e+01 8.399083760131765075e+01 6.377135846718486789e+01 8.399083760131765075e+01 8.174756608205190389e+01 7.353695464640030366e+01 6.127992161137568417e+01 4.037021218711024062e+01 4.560697596658168607e+01 5.113435612092897742e+01 6.061757503709779371e+01 7.252090808087218932e+01 9.246169918523730757e+01 1.033088222726578920e+02 8.328633871902746932e+01 7.166152857477368343e+01 6.486517937699520076e+01 5.998098206774326968e+01 7.416990884177413079e+01 8.251284570495138837e+01 8.475733005223152361e+01 7.027180144274565521e+01 6.061594256184986307e+01 3.971647558008681500e+01
3.016123504860803450e+01 2.254785730327860449e+01 4.287183668822964222e+01 2.826448926959064423e+01 3.038166774935716319e+01 5.075788013174302193e+01 4.528634246240067540e+01 6.584643711383691311e+01 7.645109809598854156e+01 8.460345471373425141e+01 9.357573716078117343e+01 8.139046700629300801e+01 6.442428054157440442e+01 8.139046716491517941e+01 7.725101122327836833e+01 5.677032200082413738e+01 6.888980486069441156e+01 6.384914096961127683e+01 5.299389708048013148e+01 5.676129692488187573e+01 3.857078558368272070e+01 5.939932089696149831e+01 7.185644294126865361e+01 8.011067383573995926e+01 8.912575046430036707e+01 1.005813971607336867e+02 1.116378028724266471e+02 1.000633660996540328e+02 8.137323169705160808e+01 8.505306686034104757e+01 6.825626686127762355e+01 5.364229596662803345e+01 6.868367353126498642e+01 7.705682464628705475e+01 8.113683996134054155e+01 6.061594256138661052e+01 5.941628323807885437e+01
2.000616759805680900e+01 4.036035539443037123e+01 5.131105561999172693e+01 4.859802683236830489e+01 4.207733160805838679e+01 5.075788013174238245e+01 6.584643724621589911e+01 6.211816204966592636e+01 8.243535949153785225e+01 8.435714458294705764e+01 8.473708915595939573e+01 7.364850910272441809e+01 5.464484320140282136e+01 7.364850910272441809e+01 8.546353701902434352e+01 6.888980486069441156e+01 4.812023987195404118e+01 4.304048582335204998e+01 5.677219190479405597e+01 3.612581058089243413e+01 5.677219190480037270e+01 6.782081871319719824e+01 7.610626774630691216e+01 9.605790094083617703e+01 1.024132042206653921e+02 9.409659246230000917e+01 1.024132042206653921e+02 1.097554977299712107e+02 1.014264556745294641e+02 9.676942454862945908e+01 8.251284570495344894e+01 6.868367353126498642e+01 4.795255093980380678e+01 6.365563775584013229e+01 7.157213187651439057e+01 6.485130735265479984e+01 5.766122540944465413e+01
3.791860509356705222e+01 4.879726357101050382e+01 5.420644808572400564e+01 5.644333429141317993e+01 6.261572993387787278e+01 7.101575855267633131e+01 7.958686814381712793e+01 8.243535949153785225e+01 7.890001616692258324e+01 6.519930271828832247e+01 7.693562258537738785e+01 5.785628167947619716e+01 4.755831954441507037e+01 6.731395380229130865e+01 8.002809362956864447e+01 7.718051931802165200e+01 6.888948930827461936e+01 5.710006206317289212e+01 3.647376401176715888e+01 3.452152526396981358e+01 5.498191720247333336e+01 5.558236209593340504e+01 7.022906463116009945e+01 9.029509121571562957e+01 9.237597138773845984e+01 7.402362261862154469e+01 9.237597138773845984e+01 9.749928388688930170e+01 8.918207092884456699e+01 8.918207092884456699e+01 8.893900931011597777e+01 6.868367353126498642e+01 6.365563775584013229e+01 4.282214213082391296e+01 5.894329074672511126e+01 4.996857076531718178e+01 3.690361651684313671e+01
4.410053460366579969e+01 4.809184227040354642e+01 3.368708705853089924e+01 3.593343146413494082e+01 5.644333429141317993e+01 6.311448159728339391e+01 7.150207626052208809e+01 7.890018614323373924e+01 6.924533947189712535e+01 5.159246363565766558e+01 6.924533947188010075e+01 6.135740595802148079e+01 4.084709142285883843e+01 5.266419366710310612e+01 7.219538181132425336e+01 7.740813531861756758e+01 5.695108070359045627e+01 4.225597147027076517e+01 3.234675851725826590e+01 3.486958619514926738e+01 4.202618334840433079e+01 5.170848234985576397e+01 6.380730089752047718e+01 8.405188190310406071e+01 8.406010754046074851e+01 6.390315806371971519e+01 8.406010754046074851e+01 8.918207092884456699e+01 6.889839447704605391e+01 6.889839447704605391e+01 8.319883918196758543e+01 8.402629514643558650e+01 6.365563216663895929e+01 5.898594211657824360e+01 3.822731759815984276e+01 3.607368262863706576e+01 5.675363293033859691e+01
3.605288325189729903e+01 3.685654705206858495e+01 1.992118700520345698e+01 3.969481395349752972e+01 4.866011813782329654e+01 4.267364194423112878e+01 6.311448159728339391e+01 7.081050879642418749e+01 5.159246363566018800e+01 4.170657118128085017e+01 5.324271855881966076e+01 5.630243485834817818e+01 3.542263938978205573e+01 4.994640510479746354e+01 5.801339197609954823e+01 6.985136948290465853e+01 7.127642024552250177e+01 5.106510157821059437e+01 3.090959996758780548e+01 5.106565054811645865e+01 6.312638793848343965e+01 7.147874967528650814e+01 8.062200990018222058e+01 9.222244314669551102e+01 7.734112438154708968e+01 5.713319585129178080e+01 7.734112438154708968e+01 9.107615458949125298e+01 7.483934576238381453e+01 5.403947957616092879e+01 6.553736281932516761e+01 7.397782872047019964e+01 6.346579305162646989e+01 5.497948958698620459e+01 3.526219327324065489e+01 4.197024928977014469e+01 6.250095085862899680e+01
1.607580361241725342e+01 1.643723616209241456e+01 1.680153326404395031e+01 3.716598053885924458e+01 2.826092627837679672e+01 4.866061280390922406e+01 6.684916919207356045e+01 7.889996370904131595e+01 6.924529682707202483e+01 5.324271855881909232e+01 3.370972383081039681e+01 4.612936839114767906e+01 4.685330077462807452e+01 2.954550610796582788e+01 4.125399497430441897e+01 6.192677743465322493e+01 5.586964235725253047e+01 4.745743006445574252e+01 2.949086962622887498e+01 3.927726996036444262e+01 5.382949613374915288e+01 7.432506572988827998e+01 8.285557791625653579e+01 8.575408634458743506e+01 6.560650915533508964e+01 5.128465344486067323e+01 6.258579038212688062e+01 8.275035036517363096e+01 8.319883918196758543e+01 6.553736281932516761e+01 4.452118786636372505e+01 5.759458996347716209e+01 5.411140260675480107e+01 3.448683714017035840e+01 5.481267147864027578e+01 6.248997451793955094e+01 5.394523511780040792e+01
3.655003186235423129e+01 3.589763675730753079e+01 2.979979465700534647e+01 1.732265879641045814e+01 2.466535772779087665e+01 3.734554814034240167e+01 5.420712549570602334e+01 6.386385824244500498e+01 6.869658913800566324e+01 5.570352837199223472e+01 4.530443259118008825e+01 2.669545037773417206e+01 3.422168777735566181e+01 2.667038289850351873e+01 4.447747695777525934e+01 5.900946332326718391e+01 4.745118788316136005e+01 2.748031496292964349e+01 4.559093619069414416e+01 5.409016799627436711e+01 6.820565096100672520e+01 6.963771095484196394e+01 6.242777656173760192e+01 7.682468807686497314e+01 6.628605608589965925e+01 4.609636080873163877e+01 6.037690686335842116e+01 8.055200428124123846e+01 8.069679578610531223e+01 7.222343034595816391e+01 5.759458996497015448e+01 3.759805250120335529e+01 3.373125898636805431e+01 3.631992538470009890e+01 4.696901468020607240e+01 6.208800403146315716e+01 7.418834189217137975e+01
5.059253212229930341e+01 3.998799164210925738e+01 1.965993232322119511e+01 3.764587837716849350e+01 1.786164387085705130e+01 2.492679002107442088e+01 3.571309162759334299e+01 4.567109514552696226e+01 5.454890310488197258e+01 3.983174419210215689e+01 2.900901489319709370e+01 2.205619507586988348e+01 2.245799919347607343e+01 2.912258839283930456e+01 3.611882478675647690e+01 4.317943766991337640e+01 4.422212230210914186e+01 2.606096135979262485e+01 2.797798637385046305e+01 4.567645120491571475e+01 5.283313646070578073e+01 4.920649824547685114e+01 4.793222303773399773e+01 6.841094105372047807e+01 6.198159858981718173e+01 4.188292947813636857e+01 5.607116022556401447e+01 7.625066523951959141e+01 7.222512240052876109e+01 5.107037833295355256e+01 5.726116456191662252e+01 5.265673880141489605e+01 3.321750176134669630e+01 5.350582989974574843e+01 6.788296687181743039e+01 7.667884880842257189e+01 9.117613775586883662e+01
4.228076899863127380e+01 2.198078325760256035e+01 4.001099259852230716e+01 4.654585157326329181e+01 3.723146630681829095e+01 1.840251242316737290e+01 2.519681381708465295e+01 1.947374691203986785e+01 3.992586551283993401e+01 3.541422689338314456e+01 2.148646826249857256e+01 4.125684029137135411e+01 4.273136933663402459e+01 2.302653521394602620e+01 2.342776315954748156e+01 2.382912132232628366e+01 2.423113926109605387e+01 2.463375025828065290e+01 2.505195451210812863e+01 4.477340891542939971e+01 2.652736900574380030e+01 3.532597963531038232e+01 5.334617155277916112e+01 5.632057482824357919e+01 5.282526090718309320e+01 3.809709562315103426e+01 5.213605305355715558e+01 7.229314800012807041e+01 7.222201687902175138e+01 5.107001238957702327e+01 3.712831622086778793e+01 3.250144487559788331e+01 5.102001638602087041e+01 4.590369243866221183e+01 6.057687500053198448e+01 8.103684875168794122e+01 8.462903779582677544e+01
2.431475759364365885e+01 3.621123322159025548e+01 5.056979634494418718e+01 5.384758447096943712e+01 3.185863283079930852e+01 1.897093287201009915e+01 1.893494117963035706e+01 2.918145351592964687e+01 2.001437098049621000e+01 2.694101338277648594e+01 2.108052652958734541e+01 4.133347776169819809e+01 4.935827775569097042e+01 5.100126263470378518e+01 4.395905953178147030e+01 3.484054006532232961e+01 3.517344099726940954e+01 4.436063902420025329e+01 3.825419663550496097e+01 2.563808878127924729e+01 2.604882130460301681e+01 4.576336552601848950e+01 3.359643243198247831e+01 4.328403308274109662e+01 3.314218276629604532e+01 4.935504234256787726e+01 5.303933059153514051e+01 6.092783101450537941e+01 6.265999535590453462e+01 6.541639623937884096e+01 5.206199484582695192e+01 3.198735609608236885e+01 5.206315966774543114e+01 6.652840107391656943e+01 7.498427393997675949e+01 7.981995788595892805e+01 7.147514623902843311e+01
4.459170357448546440e+01 4.983659360570622709e+01 6.363482017750926190e+01 6.251940060057253845e+01 4.738253419891325535e+01 2.583477604884184942e+01 3.334290429022446745e+01 4.215974917605625905e+01 3.848610742343234392e+01 2.054895978001809098e+01 4.108720505990815042e+01 2.241941471445187162e+01 2.973120524470408199e+01 5.012724176108886809e+01 6.193311559125776000e+01 5.414846393096613753e+01 4.858386675622914908e+01 5.721396304976497049e+01 3.791603004503141250e+01 4.535293814055084738e+01 3.228313750452243625e+01 2.661592507059934221e+01 2.701061684370849747e+01 4.017745209968231279e+01 3.804954962631131821e+01 2.848244073170097224e+01 2.886928110193517583e+01 4.869983202801294198e+01 4.330921992583071045e+01 4.998044646913891853e+01 5.064221993571400304e+01 3.144130199262309233e+01 4.116701495678972833e+01 5.575949948618691820e+01 7.631091040390042224e+01 7.147514623966611680e+01 5.076287083071306938e+01
2.920011071855909179e+01 4.438745884169286171e+01 6.717023318687706990e+01 5.962033268064237035e+01 3.843417309749223421e+01 4.121252152897132959e+01 5.372929766782655037e+01 4.772167904424122042e+01 2.675350388747917307e+01 4.185670593753988555e+01 5.014725356590707861e+01 4.265919198665244494e+01 2.375495525175752221e+01 3.884009344456402602e+01 5.775710263141958478e+01 7.129834313685158520e+01 6.823520652657070684e+01 5.733304378780821509e+01 5.800011667412930194e+01 5.479573466220769262e+01 3.436433552298085203e+01 4.634608330848821822e+01 4.603777958627160416e+01 2.755722855079238798e+01 2.794059999317423149e+01 4.229424015620708133e+01 4.342248397769758128e+01 2.942170480788286824e+01 2.981513140706423570e+01 3.021093514306116035e+01 3.062843727308612429e+01 4.605819812435679239e+01 5.882793949768759489e+01 7.022263442128756594e+01 7.231088979345433643e+01 6.390401444633786099e+01 4.744363092767301993e+01
3.099836480574870734e+01 4.536117667012246102e+01 6.589541696946311333e+01 6.808183412394100742e+01 5.086632935870675709e+01 6.229765036500202058e+01 6.766375188211164016e+01 5.216022177103425861e+01 3.137421295751355999e+01 5.216022177103348412e+01 5.453914114818192616e+01 3.318738817000248531e+01 2.470112296092493764e+01 2.841053167169549099e+01 4.167613540324573052e+01 6.288304881739401253e+01 7.643355956123954797e+01 7.579838113899131713e+01 6.590273909766641225e+01 4.512415931738350139e+01 5.479612102291205389e+01 6.307542356682272100e+01 5.375158821468962600e+01 3.254314903109028734e+01 4.463324147866581626e+01 3.477049978888032200e+01 5.306838168278095935e+01 4.931314518556101234e+01 4.973768938065987300e+01 4.976918976675372619e+01 3.150033681867905244e+01 3.149000017996054623e+01 5.150846804899026665e+01 5.971142397072758712e+01 6.377330684540579853e+01 4.306658134786986381e+01 6.390401446274255193e+01
5.136672604521498187e+01 4.536101280961636206e+01 6.588233518796947408e+01 7.995877551816988671e+01 7.157852360320173091e+01 7.681085498438652337e+01 5.924889878201633309e+01 3.858203145745569884e+01 5.216022177103425861e+01 6.061039864295621982e+01 5.560035672668681883e+01 3.523329215797554070e+01 4.493383024150016780e+01 2.606953865662160652e+01 4.035561957723882642e+01 6.091483291981640491e+01 5.535042395976171292e+01 6.915038451728059954e+01 7.434414363603424647e+01 5.719542602048710478e+01 7.434414363603424647e+01 6.368472625669045328e+01 4.179451144421422981e+01 5.389512476591594492e+01 5.919399264626045465e+01 5.398457968793878337e+01 4.268306883568018861e+01 6.178065799337213093e+01 5.563813038614122775e+01 3.506715767270986817e+01 5.153764771301204917e+01 3.721252385857701483e+01 3.228566843087675409e+01 3.498903936213933008e+01 5.984308558901560104e+01 4.019419806506187598e+01 6.098178158987121122e+01
