LEM/sinusoidal_perturbations/elevation_000614.asc
nrows	100
cellsize	150.0
xllcorner	0
ncols	100
yllcorner	0
NODATA_value	-9999
[rows 17 to 33 of 100, columns 0 to 36 of 100]
5.222468517465790779e-03 4.855913738379205924e+00 9.855668218280186466e+00 1.984418640808649670e+01 3.393185511850878555e+01 4.711988899606068770e+01 6.069341071238505236e+01 5.231018904220108823e+01 4.356750070954542053e+01 4.997803106361560310e+01 2.992179370222186563e+01 2.731473098841522429e+01 2.359644278458498334e+01 4.370985157481547390e+01 5.266051427872610446e+01 3.352340635359938403e+01 4.700668838621895418e+01 4.135837197844680446e+01 6.067896924728611197e+01 4.904365575430954749e+01 2.926313322814660367e+01 2.980781007439021479e+01 4.953749001807826602e+01 5.290945448813982210e+01 3.203560776788145859e+01 4.246457528507648505e+01 5.626483424616240825e+01 5.020266922522506547e+01 7.090019525705301362e+01 5.662417416476434084e+01 3.668701685411117097e+01 3.929772909556621840e+01 2.410853801581136935e+01 2.526700449635658074e+01 4.151891442220317430e+01 5.405650090252490259e+01 6.951656543325846371e+01
7.333276091007126865e-03 2.000733327609065171e+01 2.980274926642838196e+01 1.983587366611471481e+01 2.795131602042957653e+01 4.756471600637012642e+01 5.231018904220135113e+01 3.108112235807253754e+01 2.840157661583502602e+01 3.977739308420997588e+01 3.016171246199958134e+01 1.569919174529755956e+01 3.577709635546742106e+01 5.156002838756560891e+01 5.021454594515772385e+01 4.220393866193843735e+01 2.806960763978153039e+01 4.701646393655212108e+01 4.766827318571916550e+01 3.943139665217785961e+01 2.394827078227385186e+01 3.482960290931904268e+01 5.349672413992458786e+01 4.960900953020615134e+01 2.882871597606239078e+01 4.512741377538063858e+01 3.542862845910844527e+01 5.626483424616240825e+01 6.158282875421492975e+01 4.909176308874830141e+01 4.085381181488823898e+01 2.248104227238592756e+01 4.193160251395934779e+01 2.955653972814046426e+01 4.894306065367796066e+01 6.109667011245004886e+01 6.818791197974492491e+01
6.343274376862209282e-03 2.000634327437650839e+01 3.535883611280912220e+01 3.963098939510662433e+01 4.756471600637033958e+01 5.569040242852534561e+01 5.081554299351650883e+01 2.984481936660528234e+01 1.666396994026160527e+01 2.871525655112226971e+01 1.016054750488692626e+01 2.810336163706388390e+01 4.040399346389773427e+01 4.518014645896761294e+01 3.774595338268343880e+01 2.355563153547162258e+01 4.220393848472363629e+01 5.510290863749401780e+01 3.943139665217780276e+01 1.955655167806068917e+01 3.943139665217785961e+01 5.118815879761873333e+01 6.267274241278524016e+01 5.813111247009686622e+01 4.512741377538063858e+01 2.448005078531615908e+01 4.512741377538063858e+01 6.005492017720999343e+01 4.752140362083572711e+01 3.345997849759459797e+01 2.087923437024220874e+01 4.085381181675588635e+01 5.057487312534636459e+01 4.325592039258978616e+01 3.606688681167527477e+01 4.160853856235114989e+01 4.776391148811534038e+01
3.497053469895897767e-03 7.074564865335340791e+00 1.601883677533433925e+01 2.756584215912664959e+01 4.756584215912735658e+01 5.013734826767502994e+01 3.871690526550840872e+01 2.942507952377096103e+01 9.350247424843368904e+00 8.656756593648816889e+00 8.957312359381086608e+00 2.822687437849943493e+01 3.667633926863471316e+01 3.700717586418596738e+01 1.935767722850241412e+01 3.473413731306903429e+01 4.045022795880367994e+01 4.070314416760174936e+01 3.261572520813221132e+01 1.657724040009305355e+01 3.098020264211761443e+01 5.134937384883298250e+01 6.303016752965643832e+01 5.268121369560869738e+01 4.144059982142473331e+01 2.176564662659307814e+01 4.231766236267411330e+01 4.598801567476254348e+01 3.192111113401901079e+01 1.929314609211346720e+01 2.512000577229191833e+01 4.501152075801763175e+01 6.248060446325509787e+01 6.297290468918457407e+01 4.987705901288425991e+01 5.253282269966332052e+01 6.818785226469182703e+01
9.635555453094322986e-03 2.000963555545273920e+01 3.535883611280912220e+01 4.430310802284596861e+01 5.585011340696549098e+01 4.106729770443906347e+01 2.004068185994986351e+01 7.990685504142118312e+00 8.230730962694389419e+00 2.799497286252720585e+01 2.892477462694517598e+01 9.385507726492161140e+00 2.861540142748613036e+01 2.588139321782542979e+01 2.893216279249118728e+01 1.516556836186558854e+01 2.485711449634554171e+01 3.156627149629531104e+01 1.194004783722135876e+01 3.248570539015203451e+01 3.547303888729205568e+01 5.389479080254501753e+01 5.483235621683850525e+01 3.847861970753500316e+01 2.944046640655818692e+01 1.914452671152523067e+01 3.572509590993209372e+01 3.622432174264345406e+01 1.775789282500952737e+01 3.774632314332026084e+01 4.501152982920478252e+01 3.453856299365150306e+01 4.596083186345718730e+01 6.569470480271967006e+01 7.001364716048237824e+01 7.377178918678472996e+01 8.184578613398180380e+01
8.845047570523793118e-03 7.568134507755100771e+00 1.651240641775441631e+01 2.805941180154713521e+01 4.805941180159353365e+01 4.932645528044040617e+01 3.469770085151728978e+01 2.757685869442357074e+01 7.929014848207710742e+00 2.761505561412726806e+01 3.457820093697358743e+01 1.273874367128926188e+01 9.817882968171700142e+00 1.012529045221936208e+01 1.531903185648731025e+01 1.239337073202624850e+01 1.130014383608278550e+01 1.160586306560307790e+01 1.191226230143240272e+01 1.858804490924082486e+01 3.859980657392954839e+01 4.066618575651721557e+01 4.323856243285747780e+01 2.602556055440428651e+01 3.064555284400906743e+01 3.452945567408119842e+01 1.470720442317880483e+01 1.616040246838499428e+01 3.622432174264345406e+01 4.598801536527151512e+01 6.248451347689498192e+01 4.847806076638396178e+01 6.248505089037363547e+01 7.388710879933911713e+01 7.658072292599376851e+01 6.895659569147245804e+01 6.700071777017144825e+01
8.023991185656003874e-03 2.000802399118530062e+01 3.585240576150517455e+01 4.479667768605022360e+01 5.634368310167728566e+01 5.685249685235795880e+01 3.779184299412649040e+01 2.785755784492955911e+01 7.626815288361257217e+00 2.656943875278159339e+01 3.894185363198371874e+01 3.377794658171752218e+01 1.828299078876475292e+01 2.071318861692015645e+01 1.055980250747299998e+01 1.086644327796527421e+01 1.877541056140925946e+01 3.150628188937186636e+01 3.177923347270299814e+01 1.234472692331377353e+01 3.233147701341608382e+01 2.459809507071466683e+01 1.352853866525595627e+01 1.384059590666319117e+01 1.415427956243567031e+01 1.446988579322797364e+01 1.479677559556581912e+01 1.885914339887581548e+01 3.805018497949309619e+01 4.356649967489592967e+01 6.363134722658318054e+01 6.787087340278705483e+01 6.565175186457547341e+01 6.827722130164107739e+01 6.081998944287134634e+01 5.022981500600091209e+01 4.816452862947959801e+01
4.598823041778624977e-03 1.155160420683439604e+01 2.569373983056559752e+01 4.569373983056630095e+01 4.746085982687102245e+01 3.918622826811319015e+01 3.486346330910970437e+01 1.842319880170008517e+01 7.324299712838043597e+00 1.323969053363526172e+01 3.134956122350560292e+01 4.307231773489538540e+01 3.672130373747661736e+01 3.447739417756162084e+01 1.674055256928294710e+01 2.541090483128661859e+01 3.726444871026817651e+01 4.421461067128110756e+01 3.323783974765849081e+01 1.407473174806478333e+01 1.278003858958080130e+01 1.308903316191878829e+01 1.814764603374008445e+01 2.146637005856802105e+01 2.831075328769099286e+01 3.440170262784463517e+01 3.484845492318648752e+01 1.526868492681996337e+01 2.354481815448177784e+01 3.769690973760171460e+01 5.773229503919149863e+01 5.973063794251683589e+01 4.608263574431740750e+01 5.721469715591786809e+01 4.223796031761767011e+01 4.724550140837666135e+01 3.386688810730215238e+01
7.340434288523949372e-03 1.414947605801959973e+01 3.414947605802030495e+01 4.590207381067716597e+01 3.591614592288058105e+01 1.920752644994922775e+01 2.636510291508789550e+01 6.896782329454685723e+00 8.790660625069135037e+00 2.863752502093345242e+01 2.254303137673142032e+01 3.625646624901297344e+01 5.492305663315013220e+01 4.590968191016220601e+01 2.408453088358181660e+01 3.635127002709667465e+01 5.192437050171384527e+01 3.862963268940888639e+01 1.885660302309418412e+01 3.349136438888996992e+01 3.283756209191663800e+01 1.351027844242728371e+01 2.725697939924501867e+01 2.199394304047402571e+01 2.941447667218671569e+01 4.108974244195843539e+01 3.510313781661107413e+01 1.560935511821015709e+01 3.534196264308560131e+01 5.111850081957781100e+01 6.152022206417931471e+01 5.097177580919324669e+01 3.447282189297640542e+01 4.447293559660129603e+01 2.996854987247211355e+01 2.664076443566833419e+01 4.723215185520987802e+01
3.515918393995972821e-03 1.414565154212482057e+01 3.414565154212410647e+01 3.763969396801222445e+01 1.765760454224562537e+01 7.437574862518439467e+00 6.469684868130985755e+00 2.532662826530554412e+01 2.205096720100581109e+01 3.799877254100559298e+01 3.625995927991199608e+01 3.625995927991199608e+01 5.499883024079920091e+01 5.435027353845232057e+01 3.212834420275179781e+01 5.284240250864385757e+01 6.239169848618367809e+01 4.489149037058316338e+01 2.510678639829426828e+01 2.574707283813425462e+01 4.494747816912703087e+01 4.722668421162401131e+01 3.646930610763495650e+01 3.554885220787644329e+01 4.110537372412668589e+01 3.870689609798581188e+01 1.730040500009219784e+01 1.595275374197606943e+01 3.485632010202057529e+01 3.499691147685196313e+01 5.106890808517787406e+01 4.117709818799041699e+01 2.628858221663725558e+01 3.365916997802590060e+01 2.037140428196503095e+01 3.989785938416886069e+01 4.842282672660729048e+01
4.608085242692564441e-03 1.414674370897376754e+01 3.414674370897446920e+01 4.590207380984073637e+01 3.561320324715238428e+01 2.602207268433042486e+01 6.168349660656782696e+00 2.496074981228446177e+01 4.072326393964534219e+01 5.195414000762388440e+01 5.499883024076975602e+01 5.499883024080288862e+01 6.277759397212014392e+01 6.338449344946160124e+01 4.531332354674330531e+01 6.338449344946160124e+01 5.901962545778641100e+01 3.903944723711627063e+01 3.493738847931423663e+01 4.543923414419217011e+01 3.309637799445928152e+01 5.293906412474608203e+01 5.668700642286384550e+01 5.684252352578320711e+01 5.412786865157368510e+01 4.072121847927938632e+01 2.068466326414148426e+01 3.478921119090841074e+01 1.644043320843626077e+01 3.644372780730837746e+01 4.198865488930346146e+01 1.848977724616571905e+01 1.838296506346353354e+01 1.873941153391117354e+01 1.909468987781561822e+01 3.133939656237495441e+01 3.699600803582057296e+01
1.610643649003322799e-03 1.154859048863530191e+01 2.568948236744274993e+01 4.565647536453507627e+01 3.441329607667342572e+01 1.655038967742175160e+01 5.867488912928322087e+00 1.626087544228013471e+01 2.932554346732342054e+01 4.931678003813508582e+01 5.748824660083042914e+01 6.543201629258459207e+01 6.021956132711608944e+01 6.822958613421425866e+01 6.740815493769008526e+01 7.584656773982271716e+01 6.746923009886513967e+01 5.901962545778640390e+01 4.634748308811033723e+01 5.870123142459182475e+01 3.874049711504438420e+01 5.870122834801244949e+01 7.117430347685177594e+01 5.151713554187982425e+01 3.757752594897195308e+01 2.609640415884031484e+01 4.072955962996914536e+01 4.375826362383900658e+01 3.522534408533224592e+01 1.692527260061456928e+01 3.578550309135837182e+01 1.785450244751416093e+01 3.774619157483687104e+01 4.032185368441890461e+01 3.708299120671770766e+01 1.959923763752066606e+01 1.995204944825063365e+01
2.022278438842990342e-03 1.414415790216991908e+01 3.414415790217071844e+01 4.734315488910237235e+01 3.138865300268989245e+01 1.217289984606732567e+01 5.566976080140251248e+00 1.942771872082872164e+01 3.741659004470367478e+01 5.472064374960324074e+01 3.919611439283004017e+01 5.472125416717359059e+01 4.185888439884821111e+01 5.490934958643045860e+01 6.283031959214106621e+01 6.388261852860606638e+01 7.192887523267029337e+01 7.493794970548795220e+01 6.645213621700675333e+01 6.539568714400053295e+01 4.531232989072320549e+01 6.539567276173069388e+01 6.989468150036729810e+01 5.006986450131190480e+01 3.866802539867978794e+01 3.070217767514504814e+01 5.047438837132374090e+01 5.333455055132537836e+01 3.763102234972181037e+01 1.737964336462381709e+01 1.739842307824113732e+01 1.756491433873518915e+01 3.815662251289138851e+01 4.655769004742704453e+01 5.114953658413836735e+01 4.427953866992061194e+01 3.896786814902764462e+01
6.642187732006160465e-03 8.950937026226602811e+00 1.895150341875675082e+01 3.900793443292356955e+01 2.801719597223444325e+01 5.142195255580871205e+00 1.661232662468099264e+01 2.646346002962270560e+01 3.987827512472127012e+01 4.691574954133512421e+01 2.869434290275157196e+01 3.718389899447219449e+01 3.149527375575164001e+01 3.675427996600664926e+01 4.878931045085799667e+01 4.539716686747178187e+01 6.032800384020302431e+01 6.835010894291838213e+01 7.788070274845199492e+01 7.388887001473435134e+01 5.526265095600506072e+01 7.388881238817639030e+01 7.813991637100882315e+01 6.667989259569904448e+01 5.526313932847997989e+01 3.551861142220818124e+01 5.526313932847997989e+01 4.665167235788488398e+01 2.610871850982296394e+01 3.782799829967838434e+01 3.168361774217830984e+01 3.835994810378813469e+01 2.000999595833302536e+01 2.347086948417500452e+01 4.681770471990507332e+01 5.622537557552437448e+01 6.045809092693548337e+01
1.591255364720534126e-03 2.000158782595410756e+01 3.584959508983602916e+01 4.739732345038853367e+01 3.193381102317092513e+01 4.841729973284158106e+00 1.136347473799161634e+01 1.634802524312678429e+01 3.493192239760038120e+01 4.032181823406794763e+01 3.293586068019266122e+01 1.846700657327252060e+01 2.210347471930163010e+01 2.627279854911946799e+01 3.080526752240562161e+01 3.618811886913817943e+01 4.203070933593437530e+01 5.092716831092605645e+01 6.972936458342786636e+01 8.407588746629366483e+01 7.552872333215577783e+01 8.407588753482305322e+01 7.817278162433369459e+01 5.829679500589536900e+01 4.689268861769970442e+01 4.248194849980188081e+01 6.225340470777545931e+01 5.422971044088986758e+01 3.324530123083112443e+01 5.422971044088975390e+01 5.252912117534229708e+01 4.812746154596305814e+01 3.994118059544498323e+01 2.172476882246710517e+01 2.896046448624620240e+01 4.198910403439469263e+01 6.045437162742981485e+01
6.189296070378335485e-03 7.565478756254889525e+00 2.170761438947532085e+01 4.170762834658097518e+01 3.204158925824856397e+01 4.540865889329712246e+00 1.153182984297180980e+01 2.392101794259002645e+01 2.882193522627880711e+01 2.887687536608185468e+01 1.401965522485060589e+01 3.228575870223168209e+01 3.294177295399402539e+01 4.442751551236991503e+01 4.878931045085799667e+01 5.422883992629747496e+01 6.032800384020281825e+01 6.835010894291838213e+01 7.788435497053924905e+01 8.611565762995557805e+01 7.782122572718974141e+01 8.611565763140599472e+01 8.642219518013573065e+01 7.494023790786324923e+01 6.669738076605021604e+01 5.128388805102665771e+01 7.049265177132545546e+01 6.310934231590922394e+01 4.520288408248550382e+01 6.310934231589302357e+01 6.083345637904039904e+01 5.259652662275431112e+01 4.268161652193804656e+01 2.285292820537208769e+01 4.268095980507901288e+01 4.366926336949175891e+01 5.686897975043211773e+01
2.247884206357958405e-03 2.000224272988052121e+01 2.389541067269137642e+01 4.389544295482168934e+01 4.088981479879406322e+01 1.912490811877682972e+01 4.114380812910303220e+00 1.901953657888693527e+01 2.374930075846043565e+01 9.956041041283942405e+00 2.890331945873912645e+01 4.061455125687002266e+01 5.158651736344503291e+01 5.974211246842948952e+01 5.400110860021315062e+01 6.235056375624948544e+01 5.911353412451224898e+01 6.738093991963745566e+01 7.258600522290774393e+01 7.044005730588014558e+01 5.782955719923588589e+01 7.611501091553219567e+01 7.852922680425488977e+01 8.685942390437234906e+01 7.937623045048681547e+01 6.529787329035849552e+01 7.937623045048681547e+01 7.546297111741357355e+01 6.671319741372853684e+01 6.605128303114123867e+01 5.259652662275430401e+01 3.189009854433022184e+01 4.383866998701927287e+01 2.398470785584010301e+01 4.383869312333585810e+01 6.159368623147783950e+01 5.810931767438806617e+01
