LEM/sinusoidal_perturbations/elevation_000556.asc
nrows	100
cellsize	150.0
xllcorner	0
ncols	100
yllcorner	0
NODATA_value	-9999
[rows 68 to 84 of 100, columns 0 to 36 of 100]
5.009162696260268353e-03 2.000500916269590590e+01 8.942026216311296238e+00 1.448902817856353842e+01 2.051925507011870664e+01 2.718592173678525725e+01 3.718592173678490553e+01 5.718592173678419499e+01 5.881188244520551223e+01 3.766134036810763774e+01 5.017723589928734640e+01 3.714315021456383192e+01 5.810946294519661137e+01 7.399934816606405263e+01 7.600260989923505406e+01 6.204972135443989600e+01 4.237646926153801274e+01 2.910212701375602151e+01 3.603236387392691853e+01 2.985257533599094870e+01 1.042505286667625519e+01 2.155126841033143137e+01 3.986707190867653594e+01 4.411673979558158010e+01 5.828877267483481717e+01 6.983482152911244611e+01 5.858406340004324875e+01 3.850266142348972664e+01 2.832421071458291806e+01 4.061207132499684747e+01 3.802532066488564766e+01 1.860615631436790807e+01 3.866847023944346518e+01 2.054555045956657722e+01 2.619587566401846956e+01 4.635360928836583128e+01 6.129076822723037310e+01
4.695337527364121070e-03 3.596801378062854937e+00 1.773893700179355548e+01 3.448902817856282610e+01 4.051925507011799255e+01 4.718592173678454316e+01 5.547019298424615386e+01 6.547019298424480382e+01 6.483544979976682043e+01 4.408062693097150486e+01 2.876853621590409205e+01 2.898092717651011441e+01 4.353243212676805030e+01 6.260418155985503574e+01 6.110831505554575926e+01 5.044942054595431102e+01 4.037479068608400468e+01 3.160101312492523107e+01 1.702342951227506873e+01 9.947534791911259333e+00 1.191081421479707281e+01 1.595419116495826550e+01 3.672509811062042218e+01 3.051838730906460739e+01 4.155289329088601846e+01 6.148018999807276685e+01 6.691181314596927621e+01 5.562953858757475700e+01 3.558856507513632295e+01 5.562651881440029200e+01 4.474309132592969007e+01 2.772272102425897700e+01 1.926003108061971858e+01 1.972786114198083141e+01 3.438113591847996275e+01 3.989063512237010656e+01 5.959131889571846585e+01
7.614146464036155443e-03 1.155461953025645094e+01 3.155461953025609390e+01 4.602320824925445208e+01 5.564802399819679835e+01 6.393359478720498856e+01 6.422409503443927292e+01 5.575037706988007358e+01 6.415076232115529820e+01 5.852546192920704726e+01 4.283539897759791160e+01 2.149456803505433911e+01 3.383722106505081939e+01 5.459396692208219548e+01 4.752991848023687282e+01 4.306717139957194718e+01 2.115508708738662591e+01 1.208232656502328517e+01 9.471917238968831754e+00 2.949840049348764026e+01 3.280872263812310052e+01 2.868967764338876592e+01 2.259633193733080958e+01 4.203643443081718090e+01 4.263849234179268421e+01 5.401256106659970158e+01 7.432915882712437394e+01 6.396612400729724612e+01 4.710014160006264916e+01 6.396611187701037693e+01 5.389799811882097202e+01 4.479000000058758246e+01 2.459256233040868977e+01 3.977592180044550219e+01 2.039203498339752230e+01 3.456196918828832310e+01 5.457146528854662648e+01
2.352828262072654761e-03 2.000235282826171712e+01 3.983889077769524789e+01 4.150557974945222384e+01 3.564758753651681644e+01 5.564802399819679835e+01 5.348291341110572716e+01 3.397556364547570951e+01 5.348291341110572716e+01 5.838375932176045069e+01 3.903904787031208912e+01 1.787595641609216912e+01 3.389714500006732578e+01 4.092542666617716662e+01 3.531800879141692207e+01 5.031099419654168514e+01 4.049637353483973357e+01 2.931518760820591396e+01 9.136817602560119767e+00 2.457028853936589385e+01 4.543056500077453563e+01 4.424448055027893645e+01 4.203643008527880909e+01 3.626684954296757724e+01 5.596827315609815656e+01 7.094628418060935360e+01 8.262882497260724790e+01 7.560212765295902670e+01 6.728091558121408866e+01 7.149124418272687365e+01 5.540168247675149615e+01 3.452945300798546668e+01 3.189435756557763213e+01 2.642863832931398349e+01 2.086412389702188364e+01 4.087481406694941199e+01 4.857257174109144415e+01
6.786455232800275850e-03 2.000678645523244370e+01 3.256124600472078612e+01 2.150544148286198265e+01 3.305244856862351099e+01 5.305277168440958491e+01 4.485147331609568511e+01 2.284168091181869542e+01 3.447158816492662936e+01 4.306893143601579510e+01 2.946319962528664504e+01 2.953923954269074414e+01 1.298420479850591214e+01 1.969938499307892243e+01 3.481655085926932713e+01 5.499581237670248157e+01 4.335116308201963164e+01 2.306275639856535165e+01 8.802430852009807793e+00 2.876026840945111829e+01 3.830523364391176244e+01 5.416454719962876396e+01 5.811236457196653760e+01 5.596844632980236867e+01 6.433778021835330208e+01 6.698209224215925417e+01 7.579663649137741288e+01 8.875684455060620337e+01 6.895650392694778930e+01 5.486493691644503912e+01 4.313429372977472553e+01 5.540168247675149615e+01 4.387918725690494171e+01 2.599426444164961580e+01 2.133900288749848073e+01 4.129617088435551153e+01 2.870253996153152087e+01
3.257643153035955173e-03 2.000325764315267918e+01 1.256116955875377350e+01 3.256124600472078612e+01 4.979059116186090250e+01 6.133820161367076196e+01 5.348291341110572716e+01 3.447158816492662936e+01 1.281798872017239432e+01 2.596668855284504929e+01 2.516277571804258173e+01 8.781904600005150385e+00 2.940486485162674768e+01 3.888464097421835675e+01 4.467323219920886856e+01 5.194084293874486491e+01 4.345570487796720016e+01 2.283892812552934970e+01 8.468647896167038169e+00 1.991609162387972631e+01 3.302088844364295994e+01 4.232692940135496684e+01 3.735287447663729665e+01 4.684322292705898860e+01 5.274963204911325931e+01 4.685444914646856773e+01 6.698209224215925417e+01 8.144266637737990777e+01 7.319439032391073852e+01 5.400043769205716160e+01 6.327184326270457149e+01 5.782382718005700184e+01 3.810312838897547749e+01 4.387890653842270439e+01 4.131686650744216394e+01 2.201689756841591716e+01 3.772673866792322173e+01
1.880098487986705483e-03 5.001880098488006965e+00 2.500190088655955023e+01 4.084576508550327389e+01 5.291045490756917502e+01 5.174287643729968522e+01 4.188387436933087571e+01 3.568484206076659859e+01 2.575396023878568386e+01 5.049112436931440406e+00 4.791784769774303676e+00 2.460201041892031881e+01 3.099649931551683935e+01 3.292391861193465274e+01 3.160234112686918095e+01 4.176500883516754214e+01 4.200003340677221075e+01 2.963109867196845570e+01 8.135199816353221536e+00 1.112213053631394288e+01 1.404683393620688392e+01 3.333789461306493251e+01 2.291624003297670598e+01 2.670531803741682353e+01 3.252537573021103157e+01 4.094208761886574166e+01 5.100763107339296454e+01 7.259727933579905823e+01 7.377130882524538436e+01 6.802935291208372348e+01 8.190276965306583179e+01 6.612555505677424605e+01 5.782382722209423065e+01 5.629156141697322369e+01 4.799418903043248008e+01 4.198398964957667090e+01 2.270160934503031669e+01
2.900726248362994839e-03 7.073968538095471104e+00 1.463325799704941765e+01 2.463325752519392964e+01 4.463215361266427550e+01 4.306286445529759277e+01 2.086300672997336747e+01 1.821498050544578007e+01 2.044554937195784561e+01 4.343547006239999675e+00 2.067814059054540365e+01 5.245170665531372123e+00 2.311224381548208129e+01 1.570131759441751029e+01 2.585344420728993597e+01 2.220295154207344623e+01 2.141898725850407459e+01 2.734881996668346105e+01 7.803585161064856557e+00 1.724862235977141722e+01 3.072426701317715469e+01 1.811921035810299685e+01 3.730943381105414147e+01 4.684322292672125343e+01 3.625898469189525741e+01 5.615706079808762752e+01 7.021456590255768049e+01 8.204213680043051227e+01 9.338391553565875824e+01 8.763361626358289413e+01 8.402026940917271247e+01 7.521439431228264993e+01 6.100926620540295175e+01 4.799562674695879849e+01 2.788624913791267090e+01 2.427089645143173513e+01 2.319254967402579837e+01
5.081304048347549951e-03 2.000508130294679177e+01 3.463266899509589791e+01 4.291295650551901986e+01 5.291045561373925210e+01 4.222443601294908433e+01 1.806419832960328264e+01 3.919373529328844974e+00 3.893389361612289434e+00 2.273003670129676479e+01 2.507548947877916490e+01 9.573406577931889316e+00 5.703749361692169728e+00 6.029124938916393894e+00 6.354065463186309159e+00 6.678375996005576631e+00 7.002529995396874263e+00 7.334576552492243273e+00 2.156549706484264206e+01 1.826682009288661845e+01 3.736514908956117154e+01 3.730943381181292295e+01 2.737246208866282515e+01 4.724640553496300299e+01 5.615706079808762752e+01 4.777488473457733420e+01 5.886035516266617407e+01 7.838008082215340266e+01 8.986107149934582594e+01 7.986105285075981897e+01 6.398548247450177229e+01 6.398548155409494598e+01 4.680413809852799290e+01 3.285614045219251267e+01 4.799561870419248777e+01 4.425498881506973703e+01 3.668540364421816946e+01
4.469920835086939326e-03 7.563759381028751783e+00 1.650803129517900203e+01 2.805503851351694067e+01 4.805752121003391153e+01 5.165799038332153259e+01 3.917599158547830740e+01 2.431483914725782469e+01 3.574791472839702777e+00 2.201619492965839342e+01 3.281888844048207687e+01 2.896802731510921092e+01 2.218844312303518862e+01 2.713671396156713911e+01 1.801834332572769881e+01 2.078502709448196839e+01 2.698841301847236451e+01 8.154788145467705363e+00 2.782909231780661941e+01 3.784071767822413790e+01 3.216370198658382407e+01 5.176814006678868196e+01 4.139555192757874380e+01 4.139555192757874380e+01 6.137161566536973112e+01 6.732605567997356388e+01 7.593505027851075795e+01 8.704276798790550629e+01 8.157897221723985126e+01 6.157673879680835682e+01 5.149032106432552069e+01 4.381884473588506523e+01 3.785381305886008363e+01 5.269537777090300068e+01 6.100843379895410123e+01 6.213870504856133437e+01 5.163447521513256078e+01
2.324776005098761877e-03 2.000232477245887353e+01 3.585065351910326115e+01 4.479961601612091471e+01 5.634659333484831478e+01 4.588497872060764848e+01 3.788654283717421123e+01 2.456717051866688450e+01 3.256066505351927542e+00 2.134456752281972314e+01 3.249296972569666764e+01 4.073936286411365160e+01 4.548069390783960841e+01 4.898102945204365000e+01 3.947504750961281417e+01 4.046440695622351313e+01 2.936058698041014026e+01 9.305364727107429346e+00 2.936730044868879475e+01 3.995024049897367036e+01 5.176813997789462007e+01 5.984584820361762780e+01 6.137161566536973112e+01 6.137161566536973112e+01 7.001017115402608226e+01 8.322174083357346319e+01 7.474686602707213012e+01 8.322174083357346319e+01 8.986107149934582594e+01 7.986105285075981897e+01 6.507195164465412063e+01 4.504578965000773394e+01 5.790501172950089170e+01 6.621102045454446738e+01 7.112402995367061465e+01 6.284629875067197702e+01 5.672319432159913077e+01
8.699724428260374037e-03 1.000870019638122344e+01 2.415105550673615298e+01 4.416313814729156206e+01 4.467291587199698455e+01 3.591902727003235185e+01 1.861434845141318561e+01 2.208276501446502138e+01 2.937090265946788126e+00 8.480022387778829440e+00 1.424365467048993317e+01 2.530902891578534408e+01 3.815316561732790035e+01 5.674517781270957073e+01 5.483330355583448323e+01 3.754702123122311264e+01 1.780070359525146273e+01 2.936747444697196840e+01 1.149940401276874802e+01 3.160651858412629878e+01 4.991248110046052489e+01 5.830507651689745785e+01 7.315549344763370243e+01 6.486998446675555385e+01 6.480650994949475319e+01 6.942792293142967708e+01 5.457886314429256913e+01 7.309495431017974454e+01 8.479799392909934852e+01 8.456092538822875326e+01 6.462335188848491896e+01 5.057080997002528733e+01 7.046290765909434128e+01 8.054556612887080291e+01 6.284629875180699798e+01 4.310858186514179380e+01 4.855604813369779293e+01
2.249585233037712084e-03 2.000224203252130550e+01 3.829250616175189492e+01 3.582466020587642674e+01 3.639715474838737919e+01 1.626921161525299198e+01 1.986412862981740446e+01 2.486523962505959418e+00 4.419642069558448405e+00 2.133867230797487835e+01 3.267942178073412407e+01 2.656778191077323115e+01 3.983485098604685248e+01 5.840625199903233522e+01 4.677751476930508545e+01 2.758939955695595714e+01 3.754701995752136412e+01 3.320467248766620827e+01 1.309678745328287697e+01 3.320475913731260675e+01 2.980450076087211997e+01 4.991248110046052489e+01 6.165345163892057201e+01 4.498135961873240518e+01 4.468010448863548589e+01 4.928375066649643088e+01 4.455482139536501052e+01 5.613151842317076756e+01 7.631690017215203170e+01 8.209368018386392407e+01 6.261199086529045843e+01 6.204110683335662912e+01 7.873098292293471445e+01 7.226908034908713319e+01 5.228034317374660134e+01 5.510468764723389512e+01 3.601317000394074341e+01
2.739267172789772273e-04 1.999705705315382076e+01 2.346121921002362143e+01 1.521979241287181317e+01 2.133408649009195202e+01 2.103848673684088411e+01 2.036761112225250248e+00 2.209492525952034470e+01 1.761128342034453809e+01 1.411853206625013080e+01 3.385647397678990700e+01 4.527402459184709471e+01 5.307722212246508064e+01 5.883925785158360355e+01 4.064939720459705796e+01 4.634466721417506818e+01 5.173735002987695708e+01 3.720301629159062173e+01 1.705142649766502672e+01 1.557868668032720549e+01 3.569399184637180156e+01 4.018766715216202812e+01 4.234030914345444785e+01 3.340725376568686045e+01 3.048052628467117842e+01 3.509436557835186221e+01 4.406985325011218890e+01 5.564613130526868900e+01 7.582623806207284645e+01 9.033920052197498762e+01 7.493740318436867653e+01 7.611302502883042109e+01 8.641340136586124743e+01 6.641031075354105440e+01 6.641031075354105440e+01 6.336187132735097549e+01 5.510479775544050085e+01
8.327778614586212741e-03 3.236894891200183255e-01 6.390904115060579427e-01 9.550418406322280784e-01 1.271151086202391589e+00 1.587391879484876700e+00 5.364504128960674301e+00 2.403300306815018672e+01 3.485170424470990014e+01 3.385544823078816279e+01 2.671921979036086725e+01 4.050353637551298647e+01 6.001944722292766699e+01 6.287109743347532032e+01 5.723800592360070993e+01 5.910835086642994440e+01 4.335225652435431698e+01 2.306487644636874634e+01 3.720302101447645526e+01 3.569399157358316188e+01 1.813400359264853279e+01 2.006532656356442246e+01 2.221885136501319025e+01 2.439965001034997982e+01 4.451970186344025393e+01 5.518384212148502144e+01 6.358157667190818074e+01 7.260526672856653363e+01 8.430533946639391729e+01 1.012863961385496623e+02 9.380317535779238369e+01 9.610101055628773281e+01 9.468147767427333861e+01 8.641340136586124743e+01 8.641340136587490406e+01 7.041406360102836004e+01 5.652913707949874578e+01
6.510866554257996840e-03 1.423652437245094227e+01 6.328998462591551188e+00 1.893623661426065397e+01 2.127299531159142276e+01 3.055299947606353594e+00 2.341968904168337673e+01 1.086724587538905062e+01 3.075521471198602796e+01 4.253905143881617335e+01 4.617798648228532699e+01 5.431050299330778586e+01 6.564231463393741706e+01 7.568708422164853289e+01 6.851402153132951867e+01 4.587931583303445393e+01 3.036563720742249828e+01 3.485367569954204470e+01 5.179895590491367585e+01 4.296873561896163807e+01 2.352506836280183578e+01 4.018691547744339942e+01 2.678960110260243255e+01 4.451970186348314229e+01 2.821955396065598620e+01 4.834452786459551277e+01 6.067901183139172616e+01 7.498228711063897833e+01 7.039456646293335496e+01 8.178839574187450978e+01 9.202399801806043911e+01 1.032378053703047840e+02 9.495898829528051976e+01 9.061790963812350697e+01 7.646981747863820544e+01 6.211793540657667023e+01 4.196723647000700907e+01
8.953482861371391335e-03 1.343412541631569468e+01 2.250853837192089912e+01 1.436732404729335144e+01 2.938634672181623486e+01 1.541383599747061162e+01 3.188030882537211141e+01 3.075521449225092141e+01 1.665754432056622036e+01 2.193574716325420582e+01 2.836550554645567601e+01 3.578360961181255107e+01 4.660368521514527629e+01 6.845071321904883632e+01 6.767241485494594144e+01 4.710144759993269759e+01 3.737333041918670062e+01 5.564264344135559526e+01 6.428997673760321163e+01 4.938915362663812658e+01 2.933809041511253213e+01 4.938889739708275073e+01 3.167125568474414621e+01 5.175852331447912746e+01 4.834452786459551277e+01 3.214188759584244082e+01 4.637573655214463741e+01 6.324320847473713059e+01 5.275341107170669375e+01 6.307334290204090621e+01 8.349671862119176069e+01 9.495898829528050555e+01 7.494431197277677370e+01 8.080647494438426293e+01 6.232172533388101243e+01 4.806581396900045178e+01 6.211793540658734258e+01
