LEM/sinusoidal_perturbations/elevation_000020.asc
nrows	100
cellsize	150.0
xllcorner	0
ncols	100
yllcorner	0
NODATA_value	-9999
[rows 0 to 16 of 100, columns 37 to 73 of 100]
1.001643957316612443e+02 1.060210609159961450e+02 1.128708153100745335e+02 1.210769848996138762e+02 1.324349419460112927e+02 1.353055480239459314e+02 1.436243406081398462e+02 1.431988871499058007e+02 1.373429927027851534e+02 1.314313530676839150e+02 1.231849636225822024e+02 1.277325281427007155e+02 1.195080826076023897e+02 1.277325281517207287e+02 1.368264166452968595e+02 1.285537474479315563e+02 1.285537474479313573e+02 1.265923556536221213e+02 1.348510431697056617e+02 1.360909315212762465e+02 1.444154893134630981e+02 1.336542030764675246e+02 1.254249598602213069e+02 1.254249598602213069e+02 1.282995865750291387e+02 1.282995865750291387e+02 1.365446197506054489e+02 1.454806148645187136e+02 1.370677011505766814e+02 1.288227107830022646e+02 1.288227107830022646e+02 1.370677011505766814e+02 1.484890540099256668e+02 1.446723420138682172e+02 1.347123985776404993e+02 1.264381557518794494e+02 1.198393161947384726e+02
8.063193048516137651e+01 8.659670092143579723e+01 9.349678985997374525e+01 1.046143527442826979e+02 1.241493636989041391e+02 1.156821492071771047e+02 1.322170341245680731e+02 1.234423669830549386e+02 1.176845392844703895e+02 1.200449317683467569e+02 1.035404308879496540e+02 1.178781950872409965e+02 9.986026526708141660e+01 1.178781951030832431e+02 1.285537474479315563e+02 1.089463140773823113e+02 1.089463140773823113e+02 1.070026403319549360e+02 1.222062102540928805e+02 1.164549703954554616e+02 1.360909315212762465e+02 1.254249598602213069e+02 1.058147409239489605e+02 1.058147409239489605e+02 1.086838143550224771e+02 1.086838143550224771e+02 1.282995865750291387e+02 1.319129534144294951e+02 1.175208819846328510e+02 1.092473690857813580e+02 1.092473690857813580e+02 1.205125673322426820e+02 1.401745778458327720e+02 1.363749436658546870e+02 1.165013678379041266e+02 1.066416370804566043e+02 1.000746117239741864e+02
1.001643957316612443e+02 1.060210609159961450e+02 1.128708153100745335e+02 1.210769848996138762e+02 1.234172897632680730e+02 1.043895637771998963e+02 1.234172897632680730e+02 1.228805653985383515e+02 1.038519488565524540e+02 1.118431873601367812e+02 9.208438691737515569e+01 1.004354386056448618e+02 8.989963279212474845e+01 1.096841739373410149e+02 1.210018145083665502e+02 1.128012689532077673e+02 9.501121554079689702e+01 9.561133560047187530e+01 1.026222317122251440e+02 1.222062102540928805e+02 1.285972920059835189e+02 1.203819721666154550e+02 1.115584410698303657e+02 9.182275702604492551e+01 9.473250510089300747e+01 1.144291410200516452e+02 1.293517293228800327e+02 1.179946956689561830e+02 1.040764379234829278e+02 9.789181890681612686e+01 1.175208819846328510e+02 1.307580692480792379e+02 1.390144428107504666e+02 1.446723420138682172e+02 1.347123985776404993e+02 1.264381557518794494e+02 1.198393161947384726e+02
8.880553050519542069e+01 9.981449261222435609e+01 1.187998662204936835e+02 1.283392951856639002e+02 1.086579403988592674e+02 9.554048259044094493e+01 1.152166687015786124e+02 1.146812656553541672e+02 9.499540413064755739e+01 1.146812656553518082e+02 1.004354386056441797e+02 8.047737491864285175e+01 8.277367217878746430e+01 1.026892823341175500e+02 1.095963643659314641e+02 9.306428137264691713e+01 8.742854488316714878e+01 1.014976905952626964e+02 1.211428342265532763e+02 1.304352298516816404e+02 1.203819721666127407e+02 1.007002123326090270e+02 1.045808230604723548e+02 8.469068493498535588e+01 1.045808230604723548e+02 1.196145414624405561e+02 1.211446300676656591e+02 1.015327918791499826e+02 9.005301257235085188e+01 1.098217300102226943e+02 1.169035191210350746e+02 1.111647765578354097e+02 1.307580692480792379e+02 1.272664940563674207e+02 1.173194899210456299e+02 1.090491878333000955e+02 1.163344856382964991e+02
1.072908376396174503e+02 1.158398355203904799e+02 1.268956867176509320e+02 1.225480936202914677e+02 1.029044507477735522e+02 8.885895353035944311e+01 1.011746270554034197e+02 9.967187112940412419e+01 8.830830735568797252e+01 1.081193118137848046e+02 9.378275070997683827e+01 7.376087526585405385e+01 9.378275070997683827e+01 1.044609869711524510e+02 9.625830708149511850e+01 8.146874393567844663e+01 1.014061069621550928e+02 1.154364082131113349e+02 1.127546396927962178e+02 1.209484142773983990e+02 1.203819721683504866e+02 1.007002123326091265e+02 8.660985914313555156e+01 8.003926692569007173e+01 9.166370395860994336e+01 1.114295002150023919e+02 1.089429396743709617e+02 1.007583856365558859e+02 8.563943993357452200e+01 9.123934656573119639e+01 9.727080432953196976e+01 1.086319266812356261e+02 1.282027245235525186e+02 1.189662579165393197e+02 9.913211775006084281e+01 8.907783879219140033e+01 9.837401283058372314e+01
1.149392181881243147e+02 1.159798049937426754e+02 1.242706048863166615e+02 1.259677532004461114e+02 1.145777368861670737e+02 1.011746270554034197e+02 8.122709163454129566e+01 7.969444350156751966e+01 9.967187112940412419e+01 1.027218096536814471e+02 8.849956353416810373e+01 6.968877642010735940e+01 8.848077753938461854e+01 9.154925388501764871e+01 7.627948639229707339e+01 9.045932688145754241e+01 1.095963643651785731e+02 1.095441320164688364e+02 9.301374262950341176e+01 1.095441320028911889e+02 1.186201253704646490e+02 1.104186917422049561e+02 9.585191856843671587e+01 7.583894122012075911e+01 9.585191856843671587e+01 1.045470035985077857e+02 9.634925880402096254e+01 8.079521484080599691e+01 9.497890939520091536e+01 1.109840328865371930e+02 1.169035191210350746e+02 1.250896096842929950e+02 1.364437314260976564e+02 1.272664940563674207e+02 1.124748242821911361e+02 9.253332192519788180e+01 7.798963815680016864e+01
1.019493590599539914e+02 9.613775807343179736e+01 1.159798049927785684e+02 1.177478392489550316e+02 9.806802440216353034e+01 8.653914610535822760e+01 7.980309329202360402e+01 7.427236061956963908e+01 9.433267901137298850e+01 8.911746573119295078e+01 6.520625970996199783e+01 6.622119635489639222e+01 6.883135330650601702e+01 7.166325434976067754e+01 8.573271338507065309e+01 1.044609869711524510e+02 1.184626470608473596e+02 1.013572274587307760e+02 8.147155860003213945e+01 1.013572274582048607e+02 1.104186917428842776e+02 9.061358561732802741e+01 9.236810638294129205e+01 7.238665854587145532e+01 9.236810638294137732e+01 9.217759725472286902e+01 7.634267284130554287e+01 9.634925880402096254e+01 1.089429396743709617e+02 1.229069699535410791e+02 1.305118254635569599e+02 1.222150953717106461e+02 1.205087593278637144e+02 1.122545552849047823e+02 1.122545552849047823e+02 1.066451491352178351e+02 9.837401283058372314e+01
8.211485844688183988e+01 9.356923478059292165e+01 1.133968217142488442e+02 1.202984565245387785e+02 1.006228374453684751e+02 1.023437702195878956e+02 8.241973972740480292e+01 7.078095883197934768e+01 8.679589894513291881e+01 8.216561510967738968e+01 6.296121239690091898e+01 7.900843075191761500e+01 8.718136500005159917e+01 9.154925388501764871e+01 9.976407021161908517e+01 1.137954270381968200e+02 1.072224641897993536e+02 9.432658180924751434e+01 7.443144772649357321e+01 9.432658180925690772e+01 1.104186917101856693e+02 9.061358561731603345e+01 7.649745918132205702e+01 6.915006872906894841e+01 8.814178475742914998e+01 7.220134456368629117e+01 9.217759725472286902e+01 1.045470035985077857e+02 1.174823177284196447e+02 1.288577136569404615e+02 1.189589167303470845e+02 1.022130940222495354e+02 1.122545552849047823e+02 9.231545105871812495e+01 9.231545105871812495e+01 1.064121051932908983e+02 1.083965385599889544e+02
1.019493590614862057e+02 1.102041798541758340e+02 1.216805936364913094e+02 1.285326363269657293e+02 1.202984565245387785e+02 1.105437028699763857e+02 9.793638644887897726e+01 6.861852646131774236e+01 6.711459353717597764e+01 6.468471922930058327e+01 6.238727844702156489e+01 6.018981126334411158e+01 7.671790133880477924e+01 8.245523994904141318e+01 9.104765423918072997e+01 1.033177682596546845e+02 9.901938848894417333e+01 7.921103963130792636e+01 6.856221919103464302e+01 8.832797318137657783e+01 1.027556779326002214e+02 9.134995594355419257e+01 8.316598991797160068e+01 6.603509437466915699e+01 6.828406739254396030e+01 7.370321906767311759e+01 8.128290941061041508e+01 8.950418786821714434e+01 1.009937980099311261e+02 1.206449401459641138e+02 1.099659357844336682e+02 9.052061398676512738e+01 1.099659357844336682e+02 9.815547947578289723e+01 7.806733743884453247e+01 8.868583850527770096e+01 9.696384927514209551e+01
1.032911383217756907e+02 1.147647984807185111e+02 1.289020662302079643e+02 1.207104543012125788e+02 1.193603181595326674e+02 1.111775294774061535e+02 1.081123037434459206e+02 9.427263878219099524e+01 8.679589886220152550e+01 8.411761253728940346e+01 8.152078295802596131e+01 7.671790133880479345e+01 5.817851186308677569e+01 6.057921102549104830e+01 7.326224994978444727e+01 9.501309945544078062e+01 1.005102306166390349e+02 8.284593937286352627e+01 6.333101599050204555e+01 8.284593937286354048e+01 9.461382079365466780e+01 7.476788278424886869e+01 6.359662804032652161e+01 8.316599056107253318e+01 7.632906349962908621e+01 9.368323921871261462e+01 8.787167142686963928e+01 1.077136376119520520e+02 1.174823177284196447e+02 1.120121305699108234e+02 1.016572260717520351e+02 8.152464692925362044e+01 1.016572260717520351e+02 1.028551714121568921e+02 8.281670864546900646e+01 6.862908090499321645e+01 8.136214610829385663e+01
8.666018560920804248e+01 1.064975463423750455e+02 1.207104543012125788e+02 1.010548535244227111e+02 1.068118457036489986e+02 9.140505615933746242e+01 9.503337261671833858e+01 9.047802197556748638e+01 9.867111670483937758e+01 9.477626197449362166e+01 8.888719541379728639e+01 6.948730915262598273e+01 5.678520105325689826e+01 7.516940428411591313e+01 9.104765423917824307e+01 9.422304261123601066e+01 8.603226326209485819e+01 7.259409184383174818e+01 5.912719982249338813e+01 7.579897580595783779e+01 7.735406430667400457e+01 7.893446307273033824e+01 6.194795808637439194e+01 8.139424609387337739e+01 8.636542907703174876e+01 1.044908563824716481e+02 1.077136376119520520e+02 1.159075047398378331e+02 1.178878339366213481e+02 9.782971801060824646e+01 8.365331781130505817e+01 7.532178650846127255e+01 9.529074554536261132e+01 1.028851009233227103e+02 9.696384035908351962e+01 8.136214610520589474e+01 6.153141381414074118e+01
8.923232752613554908e+01 1.090761239983984296e+02 1.207104543012125788e+02 1.010548535244227111e+02 8.700195321060226661e+01 8.066627907443253775e+01 7.517705942897305249e+01 7.076093704673769480e+01 8.453309720992514542e+01 7.511441706671833174e+01 7.745786406541913038e+01 7.366331167699412674e+01 5.546730484473209088e+01 6.801568242103935802e+01 8.729789482258925659e+01 8.603232172964591484e+01 6.654658625636191971e+01 7.225230596734837718e+01 5.527814249131630930e+01 5.672047027621594140e+01 5.818164546495864897e+01 5.965842156719319433e+01 7.893446317625952702e+01 8.960317735754863122e+01 1.062172242996683167e+02 1.062172242996683167e+02 1.259277130078200457e+02 1.234019975685203718e+02 1.119190152043462234e+02 1.036771120419463870e+02 8.952620360766682950e+01 6.976228255380434007e+01 8.293822992304602337e+01 8.293734578434633420e+01 8.342325715802063257e+01 7.515326479363289991e+01 5.708455275829696518e+01
8.775252754741288186e+01 1.017693941381054969e+02 1.216492529733203583e+02 1.149783189038073203e+02 1.068118457036489986e+02 9.477020543996815150e+01 9.503337261671833858e+01 7.874268732352908273e+01 6.516694311584949162e+01 6.185724016604321918e+01 5.882200060298815458e+01 7.219187589601735056e+01 5.419689600916792216e+01 7.219225171878730407e+01 9.023161697538627379e+01 7.841144005145585538e+01 7.030288022301796502e+01 5.339117227469748883e+01 7.225378619875969832e+01 7.579897580595783779e+01 7.735406430728389182e+01 6.364613518372515699e+01 8.318482207117705229e+01 9.696096966726392452e+01 1.044445696638405821e+02 1.125824384795056972e+02 1.239121239095849774e+02 1.151552251785676191e+02 9.527455005091584894e+01 8.370215281140777108e+01 9.214456395314311976e+01 8.293822992304602337e+01 6.340896933843949057e+01 7.717922983307008167e+01 7.363561714111160939e+01 5.562202505418402154e+01 6.279953417633836210e+01
1.075920689305653042e+02 1.158622091535194443e+02 1.140364310007410040e+02 1.057429607344916604e+02 1.140364310007409898e+02 1.144948031672412014e+02 1.066986175318424870e+02 9.272065209885796833e+01 8.453309721082723627e+01 6.841776124231118672e+01 7.329075832336884844e+01 5.516598769386742873e+01 5.296087111939490910e+01 7.075238127598777282e+01 7.445840313149706446e+01 6.275912014193551869e+01 5.158642889169242807e+01 5.924516804290259131e+01 6.771869801881412343e+01 8.766082119252058646e+01 9.136696171196099669e+01 7.327489338624619108e+01 7.085911832495312979e+01 7.708054947530395395e+01 8.464482242763884301e+01 9.615995584523732020e+01 1.157615588596670477e+02 1.177280127097063058e+02 9.785703842180306822e+01 8.370215281140777108e+01 7.215100264291477572e+01 8.398222672795792221e+01 7.717923478098015266e+01 5.784437548208789082e+01 5.418357271627163385e+01 7.364189304256255753e+01 8.265990717443152391e+01
1.123896096570123859e+02 1.155687145602311716e+02 1.041923793394037432e+02 8.619324826441199150e+01 9.804076822420671533e+01 1.062808980945215751e+02 1.142751470849867275e+02 9.454043194340724199e+01 8.058529957788368847e+01 8.783889868041526938e+01 7.651610592234138153e+01 5.831344609606399132e+01 5.172920295714108363e+01 6.838889904593978031e+01 5.612315189124697667e+01 4.983767992501996957e+01 6.841223314274490974e+01 6.534516798928477499e+01 8.389172903161096428e+01 9.597585801842264175e+01 1.012618424429260244e+02 8.731055649714478761e+01 8.230027530246262302e+01 9.696096971293530942e+01 1.044445696638405821e+02 9.968023149999751809e+01 1.079216730738716592e+02 1.052852946413307791e+02 9.668596747851461259e+01 1.003995293701750882e+02 8.398222672795792221e+01 6.413385717493618188e+01 7.657952971354575311e+01 6.396856619223358109e+01 5.320647934376442834e+01 7.261711047399460028e+01 8.755106680651459783e+01
1.029402871838378246e+02 1.072627087666327839e+02 8.769978315569088068e+01 7.630654727224622036e+01 7.839724502599274558e+01 9.489742145572938625e+01 1.061954312571066197e+02 1.085047730040134581e+02 1.003205961270293187e+02 9.009566244529283097e+01 7.089126943956784999e+01 7.181993193848425960e+01 5.062276394224613085e+01 5.877467690956719792e+01 5.364274888805584851e+01 4.859972993550065468e+01 6.710413489366769113e+01 8.426505042517685240e+01 9.238501810974554473e+01 9.920044050519133805e+01 1.054862384786567731e+02 1.070590310525532090e+02 1.021132637028252361e+02 1.102625621823848121e+02 9.641382524034190737e+01 7.973457219859869838e+01 9.641382524034190737e+01 9.668596747851461259e+01 7.666897710100498387e+01 8.253181784363172824e+01 9.073685997427323002e+01 7.673919094880122316e+01 5.713297280927366018e+01 7.018779916792486517e+01 5.223092654090725517e+01 5.988765129750138527e+01 7.097218576622439912e+01
9.498147358810513197e+01 1.064511531300954061e+02 1.005871836106093298e+02 8.094713890700705861e+01 6.678948647748534029e+01 7.817632604480650116e+01 9.795110397882105246e+01 9.231129179428872078e+01 1.005507936687449444e+02 9.826032277244232205e+01 9.009566244529283097e+01 8.200293550258693642e+01 6.673835429817982856e+01 4.900072330450567648e+01 4.779395563610344766e+01 4.733207469091952646e+01 6.662076012381727708e+01 7.369968386308437402e+01 7.823443056934641504e+01 7.803549330577583021e+01 8.443879245801178968e+01 1.014006823790546861e+02 1.133068051508121243e+02 1.003873686463944068e+02 8.816458697985950721e+01 6.827398615089759915e+01 8.622073456119909451e+01 8.039104088184502928e+01 7.203795088267951030e+01 6.281496074167947086e+01 7.758811718418718328e+01 6.902039243453397432e+01 6.879472279728099693e+01 5.086083037902462678e+01 5.962101851076053549e+01 7.743721497206662718e+01 8.755106680832231802e+01
