LEM/sinusoidal_perturbations/elevation_000931.asc
nrows	100
cellsize	150.0
xllcorner	0
ncols	100
yllcorner	0
NODATA_value	-9999
[rows 0 to 16 of 100, columns 0 to 36 of 100]
8.271705653423140972e-03 1.415040732970671655e+01 3.415040826034670118e+01 3.564003536286220708e+01 2.735470432361159965e+01 2.908876835838630370e+01 1.168158664846034966e+01 1.352273588052987030e+01 3.350690749025994819e+01 4.441638660685750750e+01 5.853971643293535010e+01 5.447217870984449917e+01 6.275014147335222248e+01 6.157059138534753373e+01 6.131457843719402945e+01 6.959548373942584476e+01 6.862856939972198234e+01 6.034782049115791125e+01 6.393106475633830854e+01 6.770289436497809277e+01 7.169738522794379776e+01 7.605954544859358180e+01 8.140678534852740711e+01 8.773698703117683806e+01 9.481464690376189708e+01 1.031027027942180041e+02 1.146557851340790108e+02 1.184311353745849544e+02 1.101386926744509083e+02 1.075291643719802721e+02 1.158274665399820123e+02 1.152363935448112642e+02 1.069632511775430856e+02 1.152363935448112642e+02 1.066057791770457897e+02 9.833841764432666821e+01 1.012084115485103979e+02
7.813061968023241044e-03 2.000781267622418014e+01 2.327383916206347436e+01 2.492911586021997294e+01 7.354551816725623858e+00 9.088771755773850103e+00 2.764665682286173976e+01 3.328867265794445984e+01 1.616025766953932674e+01 3.029304577026818990e+01 4.076720081036396692e+01 3.450915893406033064e+01 4.517930012509714288e+01 4.160775421676731156e+01 4.135548019420446764e+01 5.222944921115202277e+01 5.550955984812613764e+01 4.039916081566907025e+01 4.398040503335194984e+01 4.774424810063587898e+01 5.172493091311575597e+01 5.606961604394049203e+01 6.139924567808738232e+01 6.771913166577473930e+01 7.479600174041458160e+01 8.635662844506003921e+01 1.063685149840263904e+02 1.101386926744509083e+02 8.984772171048982159e+01 8.719773735198137388e+01 1.041394285425374022e+02 1.051858387921166553e+02 8.680913186354320032e+01 1.051858387921166553e+02 9.833841764432666821e+01 7.837945758147404263e+01 8.422530163845209472e+01
2.526786264046545528e-03 1.635519948119496858e+00 3.273983789157574265e+00 4.929195566362303715e+00 2.492891110158174328e+01 2.908034900695924918e+01 1.803010544248536107e+01 3.791197466369825975e+01 3.614202492028417879e+01 1.885705604651242950e+01 2.079052692796462765e+01 2.297269820518215866e+01 2.520874217273161122e+01 2.748788393597765278e+01 2.982851751419323350e+01 3.227141854172322866e+01 3.555742577030733287e+01 5.550955984812613764e+01 6.393106475633830854e+01 6.770289436497809277e+01 6.583781716281275465e+01 7.019790036171039560e+01 7.238711359748964469e+01 8.140678534852740711e+01 9.481464690376189708e+01 1.031027027942180041e+02 1.019030541645018957e+02 9.355419991516266975e+01 9.248180002217759466e+01 7.553021661444697088e+01 9.579080950897464675e+01 9.494845268119787818e+01 7.653148880839877677e+01 9.688619152054313588e+01 9.574562911081883954e+01 7.579183660884811502e+01 6.429978391331412979e+01
4.163169627051843593e-04 2.000041631696235100e+01 2.327383918445087829e+01 1.903525823153831453e+01 1.757817018419236277e+01 3.757502799326782394e+01 2.509251474887543054e+01 4.492242662986799928e+01 4.711023050915997601e+01 3.883598289374866397e+01 2.895243620851471178e+01 2.809147472313887661e+01 4.517930012509710735e+01 4.745472544171435914e+01 4.394419836102981236e+01 5.222944921115202277e+01 3.770838835764084251e+01 5.765940676897729134e+01 7.048509916026918631e+01 7.877082171528580545e+01 8.584363392043115937e+01 9.021080851516475718e+01 9.239999330115126952e+01 1.006886520089193766e+02 1.097093451592629378e+02 1.051853622582939494e+02 8.510491407081970294e+01 7.343498069504011028e+01 6.749329835749583140e+01 7.510847000020012842e+01 8.202055492953680016e+01 7.455792592846204059e+01 6.920835339660354180e+01 8.968971736214638213e+01 1.040144534619591070e+02 8.892967364040843847e+01 6.899300846936743881e+01
5.883922493566802643e-03 1.153315354124325864e+01 3.136641082724996465e+01 3.863857754638632258e+01 3.757097764124717543e+01 3.757703152357580478e+01 3.913777905154925207e+01 3.913777905156126025e+01 5.888799666460253945e+01 5.719407897394493290e+01 3.893728761292823748e+01 4.805791338255718870e+01 3.592702851035993916e+01 5.003684963077269998e+01 6.390709708565336200e+01 6.396951929524205127e+01 4.401518997395727695e+01 4.498988003047203676e+01 5.051561110006385036e+01 6.048726663256801572e+01 7.202564941767970197e+01 9.203579411616311745e+01 9.726668286527403495e+01 8.903176005310308483e+01 9.726668286527440443e+01 1.134920565547001843e+02 1.019030541645018957e+02 8.298472932604741459e+01 6.237072498692197087e+01 7.525991877893929427e+01 6.514352806800074802e+01 6.003790298265158043e+01 7.455792592846204059e+01 9.494845268119787818e+01 8.636145661349841873e+01 7.795839615634483266e+01 8.228411857857545897e+01
1.256007409845548732e-03 1.982756108667867423e+01 3.867298950106298605e+01 4.024607147254236139e+01 4.850968945614081207e+01 5.758042533937823038e+01 5.888799654312130372e+01 5.888799666456685600e+01 6.709367675315283464e+01 6.717904972471077940e+01 5.304778812850774727e+01 6.219888330203970384e+01 4.223821852447076708e+01 6.219888330203970384e+01 7.829389943944725871e+01 7.103039163245932741e+01 5.105923455259977572e+01 6.494655364228128747e+01 6.462725318915622097e+01 6.462725325286520217e+01 8.462719019621560790e+01 1.003226198264771938e+02 8.737952374554417645e+01 6.930157382434863678e+01 8.737952374554429014e+01 9.699327832062965626e+01 1.078455013522167008e+02 9.125942532537752072e+01 7.525991877894250592e+01 5.591490416811925712e+01 5.915820413009065959e+01 5.480024540105374342e+01 7.523909159037356176e+01 8.429133404918286487e+01 7.795839615634483266e+01 5.818186864746359532e+01 6.397427944572724812e+01
9.594114293757748102e-03 2.000957678731196765e+01 2.613584814765528463e+01 2.028302896699887725e+01 3.698301865398726562e+01 5.108722731007388518e+01 4.557312446322488597e+01 5.380663305971055621e+01 6.270028898551151286e+01 7.417178961194446174e+01 7.302534053666582281e+01 7.048055965555150237e+01 5.634607472865338451e+01 5.634607472865338451e+01 7.632881313788261934e+01 7.931618656929151712e+01 6.103200977264904026e+01 7.931618656929228450e+01 8.462717637272086790e+01 8.462719019621560790e+01 9.291439017771897113e+01 8.690708135667335910e+01 7.869432305314128939e+01 5.946079072952367994e+01 6.883425116665931398e+01 8.291376474363775628e+01 9.297578054563408045e+01 8.080815976425911629e+01 6.713187200741518268e+01 5.756954268797144891e+01 5.027967132546565665e+01 5.005616970497187168e+01 7.122895344027523379e+01 6.484841292163423532e+01 7.645664080268805662e+01 6.363787494409980638e+01 4.480425206227429413e+01
7.711341127313004785e-03 1.995928179149323256e+01 6.113543017462904849e+00 8.739671064678764978e+00 2.287451995148872896e+01 3.561162659372353545e+01 2.565017498024965903e+01 3.457607953412703949e+01 4.607246649316619624e+01 6.594105647074101739e+01 7.215973993272019982e+01 8.031645372639705727e+01 7.632881313788243460e+01 7.632881313788261934e+01 8.461504458247891591e+01 8.931613491241022018e+01 8.102877349226970694e+01 8.931613491239826885e+01 8.143767459573537337e+01 7.325983519515160935e+01 8.143767459574523571e+01 7.869432305314128939e+01 5.894283639841678024e+01 5.194605004906073731e+01 5.485092400315210881e+01 6.474825154338086008e+01 8.463871546942640123e+01 9.450367980213232499e+01 8.496074284799585996e+01 7.688289141762869860e+01 5.959568178141681472e+01 4.561312966683818360e+01 6.175331631985189063e+01 5.100600337979760468e+01 6.664943117692885721e+01 5.079461554480306518e+01 3.747744964820390834e+01
2.297228869525369630e-04 2.462059542393857825e+00 2.238348859998537677e+01 2.870490716838143896e+01 1.273965664835712985e+01 1.565692567644767408e+01 3.561164972173730092e+01 4.858229354695354374e+01 5.160648847466050881e+01 5.606045561072347994e+01 5.244221973551852756e+01 6.747525996040913299e+01 7.448264861980281637e+01 8.264988932248661513e+01 9.403656255732660441e+01 7.934185434674648718e+01 7.117778016153835097e+01 7.934185434670624204e+01 7.155173527287155366e+01 5.347601566134274975e+01 7.155173527287222157e+01 7.869432305314128939e+01 5.894283639841678024e+01 4.480928997984680962e+01 6.472791290106999895e+01 8.029015305735522645e+01 9.310006380531866910e+01 9.344894772282466988e+01 1.014709855464183477e+02 8.764342990836851754e+01 7.059649123825009553e+01 5.082255098379045677e+01 4.196266341402569822e+01 3.960904644865175328e+01 5.615653430838254678e+01 5.431075310787142030e+01 3.620945029764430245e+01
9.647730019007896146e-03 2.000964773001865282e+01 1.660337799797065372e+01 3.658822256476958756e+01 2.686827070263205641e+01 3.561164972173730092e+01 2.043743925701252095e+01 4.036267957214398905e+01 3.180230414551582285e+01 3.626275149430761502e+01 4.178242513251843349e+01 4.776422843076729663e+01 5.475494083473344631e+01 6.614502326413563082e+01 8.587205666288168970e+01 6.946306912398235056e+01 5.140043026325550812e+01 6.946306912398226530e+01 6.336792542824723995e+01 4.340113317130293780e+01 6.336792542824723995e+01 7.419580431933236753e+01 6.065963775412192405e+01 4.062212609909123273e+01 5.228899808033993679e+01 7.209414419202614965e+01 9.040382861428452088e+01 7.428048956290342630e+01 9.040382861428452088e+01 8.680155941548810006e+01 6.695448527486472301e+01 6.995613165029438107e+01 5.339161615977850062e+01 5.615653430838374049e+01 3.640444043742201075e+01 3.449246805014855966e+01 5.430888198061973782e+01
3.582433992925927561e-03 2.000358243399256963e+01 3.660412352031569583e+01 4.489141893131962746e+01 4.680118801167394338e+01 4.855004230969921508e+01 3.196343830727012403e+01 2.578050564577884529e+01 4.565862189748560240e+01 5.013767170935962270e+01 6.149859315405765159e+01 6.747525996040913299e+01 7.436776812742547804e+01 8.264988932248661513e+01 7.087107914698303546e+01 6.128910521239692599e+01 4.135724377039190358e+01 6.128910521239692599e+01 5.671232800926577511e+01 3.656612107863034566e+01 5.671232800926577511e+01 6.012517444063868766e+01 4.605454456194464541e+01 3.678956890031380311e+01 5.112236545416951827e+01 7.097468766893429404e+01 8.238881746185926147e+01 6.321299813558860592e+01 7.280341351334168110e+01 8.080270733548387341e+01 8.680155941548810006e+01 8.139808507309690810e+01 7.316761433286355043e+01 6.434197360736598625e+01 5.306819846633295867e+01 3.327224086026649275e+01 5.309126007801872760e+01
1.813270376062421294e-03 2.000181327037570611e+01 3.862186547934658876e+01 3.862186547934658876e+01 5.861881850247701209e+01 5.994288672842338883e+01 5.180322985592956542e+01 3.728817878118444185e+01 5.384906969208351768e+01 6.859056340508143990e+01 6.607138221180875348e+01 5.707887818539688141e+01 6.733860272365222954e+01 7.667457693887149617e+01 5.689965073742734347e+01 4.276061324257361207e+01 3.458988784490765767e+01 5.464515139839522817e+01 5.089661901198961402e+01 3.061851265114679421e+01 5.089661901198961402e+01 4.747251064069102711e+01 3.162461558642703352e+01 4.082039112070228981e+01 5.248564407723348779e+01 7.229931265327751078e+01 9.040382861428452088e+01 7.280341351334168110e+01 5.347579435027416395e+01 7.280341351334168110e+01 8.623215711724017751e+01 8.306637930702378014e+01 7.389838711994539722e+01 6.568797302595469034e+01 5.202506627114906479e+01 3.219598600788037146e+01 3.918127241869036226e+01
2.372884694381488524e-03 2.000237288469402586e+01 1.862388884609662654e+01 3.519190014702881797e+01 4.151700738489950027e+01 4.978957554221028659e+01 5.872556215070260066e+01 5.709285551307428364e+01 6.527438043631063636e+01 6.333489275091453408e+01 5.472610235535875489e+01 3.318017453398483951e+01 5.472603322074828469e+01 7.234892474941271701e+01 6.162739033037295400e+01 4.859826191852179278e+01 2.847460028441923185e+01 4.859776103773030798e+01 4.564837346438820020e+01 2.532869161014779280e+01 4.344471395029511029e+01 2.713855315067074514e+01 4.747251064069102711e+01 6.012516887123322107e+01 6.905315116135020048e+01 8.048304031138398784e+01 7.834873050416575779e+01 6.744378332287654132e+01 4.799740678746587008e+01 5.887864072579736785e+01 7.819616389279644864e+01 6.890509979500453142e+01 5.479516624216709175e+01 4.584609619242379352e+01 4.949897220458743163e+01 3.112558763461711564e+01 5.097488909488729547e+01
8.175220331382775790e-03 4.511150802578509200e+00 9.690066059689252498e+00 1.524532319557953919e+01 2.158608463022722646e+01 3.060311061137289457e+01 4.460842482201273640e+01 6.458926372131995208e+01 5.343785626371499831e+01 3.778259937409088565e+01 4.479143946200041881e+01 2.230684152054230296e+01 4.111902124079297494e+01 6.105478522336485270e+01 4.982833477693569790e+01 3.470792368236561032e+01 2.372530872029283699e+01 3.802344144391783942e+01 3.728745613815928550e+01 2.041226836810421830e+01 2.310767752806038544e+01 4.344471395029511029e+01 3.898020817854568776e+01 5.067899608313979343e+01 7.053992310033686408e+01 8.144161673672003587e+01 6.221049289048706044e+01 5.095068858442218840e+01 4.288684245572677156e+01 5.689816326722905160e+01 6.493141394035053793e+01 6.063151146759551580e+01 4.074325720500851844e+01 4.805160815351906223e+01 2.960162905434816238e+01 3.617958567647958290e+01 4.929095171740866022e+01
9.124702163186202558e-03 2.000896587715318731e+01 2.964522358176085248e+01 3.519190014702881797e+01 4.151015744245703587e+01 4.977918214206606962e+01 5.870658462773432262e+01 5.310621947608976967e+01 4.233720556753694098e+01 2.150260833258240112e+01 2.898053327250247335e+01 1.570400644373219734e+01 2.852290838568608322e+01 5.316820101066829807e+01 5.761012701306427886e+01 5.208018464513315848e+01 3.802347893673472612e+01 1.780583590334317989e+01 1.710669394144088429e+01 3.738931278251457258e+01 4.314887914970925920e+01 5.159277099718185156e+01 5.907321154060267787e+01 6.727318695819151628e+01 7.872148520084681422e+01 8.948246752715841978e+01 7.834873050416578621e+01 6.812095169341560563e+01 4.868251193666440457e+01 3.728493690748167921e+01 5.199519553002305372e+01 5.486753626818153151e+01 4.661897007009040550e+01 2.809668059293268172e+01 3.538996308137569713e+01 3.721247019510471432e+01 5.715677716635352823e+01
2.239863785106879172e-03 1.414743453006572160e+01 3.421574423106952167e+01 4.399908478788610466e+01 4.599063954964501733e+01 5.397698797609442067e+01 4.395346850406756545e+01 2.978799043089856369e+01 3.581462611072077351e+01 2.858636714500008580e+01 8.288936890296531246e+00 2.897985141644128859e+01 4.498701272781717364e+01 5.186804176784359299e+01 3.760271904941670584e+01 5.185000644824361160e+01 3.411933247633736954e+01 1.386402084253151479e+01 3.412083192000005738e+01 4.385817087991805607e+01 5.201882108194037357e+01 6.110907950545395551e+01 7.298751495397053191e+01 7.691825412156536856e+01 8.514120624605325816e+01 8.352535590388967535e+01 7.512485540929414185e+01 7.614149809784211698e+01 6.493141393998837430e+01 5.199519553002305372e+01 3.229799921314413069e+01 4.654780355956459204e+01 2.657879233502151806e+01 4.587037044324238622e+01 5.521546259090512621e+01 5.128803331182641756e+01 4.655355512411824037e+01
1.766589122093755728e-03 1.996915839255174063e+01 2.593420272171990959e+01 2.593215907710291290e+01 2.801465640154859926e+01 4.588258713270590761e+01 3.312461057442098422e+01 1.298488822163393408e+01 2.293917456057704385e+01 1.927314445935325438e+01 4.782139799009069492e+00 2.456769249295117064e+01 3.810000641992724013e+01 3.387036354701739782e+01 1.947411595686622832e+01 4.235300704002909100e+01 3.216136302296580851e+01 1.189590784034865933e+01 3.216136145171375205e+01 2.351169569491107580e+01 3.263619268040049093e+01 4.442293533422227370e+01 6.468856680225169953e+01 5.701118119107794513e+01 7.365717160665404606e+01 7.512485540929414185e+01 5.477183169860013123e+01 6.073309432581185519e+01 5.455064730399695350e+01 4.930054534720588322e+01 2.884499138494972925e+01 4.307646415217025293e+01 2.548781675582386086e+01 3.654115494108041418e+01 6.081294415782861051e+01 7.132517817404657023e+01 5.816010868694918656e+01
