LEM/sinusoidal_perturbations/elevation_000379.asc
nrows	100
cellsize	150.0
xllcorner	0
ncols	100
yllcorner	0
NODATA_value	-9999
[rows 0 to 16 of 100, columns 0 to 36 of 100]
8.271705653423140972e-03 1.000827170565350954e+01 2.415040732938471280e+01 4.415040732938541623e+01 5.606467878378487057e+01 5.034028470219246287e+01 5.330917625653876257e+01 4.765711195888194851e+01 4.748736112551708999e+01 5.577532157573836713e+01 5.259360213655599381e+01 6.088081460043850512e+01 6.066546805921079510e+01 6.355457116564897291e+01 6.556109425589406214e+01 5.727465295931108358e+01 4.260504004623666674e+01 4.645646605433824305e+01 6.636234308368945278e+01 8.039015187983343935e+01 8.586488943458569167e+01 9.220472102200174902e+01 9.930341635174748660e+01 1.076016181670176337e+02 1.191758340675542627e+02 1.040536781620028250e+02 9.564781487881020894e+01 9.564781487881020894e+01 1.015792154972988897e+02 1.066366388502229086e+02 1.004681272556737355e+02 9.210679169276347977e+01 9.471402425760291521e+01 1.030824120080956021e+02 1.063445503461191777e+02 1.063445503461191777e+02 1.147414460486104275e+02
7.813061968023241044e-03 2.000781306196766707e+01 3.829254295299431732e+01 3.928498808757704808e+01 3.655364849074573641e+01 3.084303679613516280e+01 3.344115517957273909e+01 2.764171201324755245e+01 2.747093657253915566e+01 3.845232117991933052e+01 3.257569040709130803e+01 4.373531750650759165e+01 4.064853089779828110e+01 4.353827768512523733e+01 5.241905857401318514e+01 3.725452443042213702e+01 5.000458282796684983e+01 6.493206303719237837e+01 5.221457025770333615e+01 7.210389875341607535e+01 6.587566198162936359e+01 7.215641322363723020e+01 7.922527393047919020e+01 9.082491028520516352e+01 1.108852710238044921e+02 9.564781487881020894e+01 7.535836265912863041e+01 7.535836265912863041e+01 8.130100562771289674e+01 8.646705072644067513e+01 8.646705072644067513e+01 7.185209818120875980e+01 7.448895260422270326e+01 9.471402425760291521e+01 8.628496085360769996e+01 8.628496085360769996e+01 1.063445503461191777e+02
2.526786264046545528e-03 2.000252672922927388e+01 3.326196533852260018e+01 1.928180224386382235e+01 2.651251695365720806e+01 1.682932692392218854e+01 3.017739623333218546e+01 1.349369128919600946e+01 1.591908224028018637e+01 1.843894686696471652e+01 2.102118692071044848e+01 2.371853727523909683e+01 2.649305740240459173e+01 2.938146745552859329e+01 3.239895440729687692e+01 5.241905857401160063e+01 6.389640466787721351e+01 7.360522849948105772e+01 6.625359620487867574e+01 5.864876697962026952e+01 7.856585558114859680e+01 8.218439878992923298e+01 9.930341635174748660e+01 1.076016181670176337e+02 1.000093579309061340e+02 9.156360284904610580e+01 8.130100562771289674e+01 6.072469920801930243e+01 8.130100562771289674e+01 8.646705072644067513e+01 6.605580008411671145e+01 5.984804914298708667e+01 8.041273894148703505e+01 9.216027858807557038e+01 7.194895626423038948e+01 8.501449705207315333e+01 1.051544278580575309e+02
4.163169627051843593e-04 2.000041631254321572e+01 2.295454921955276006e+01 5.138586438916620480e+00 6.508963859347615788e+00 7.889094980798535772e+00 1.018325253923316254e+01 3.019075395998992306e+01 3.593087302164141050e+01 3.845232117991933052e+01 4.103625541093538942e+01 4.373531750649843275e+01 4.651135605379100468e+01 4.940091431135058286e+01 4.655672438674042724e+01 4.506218198552795684e+01 5.921869080036517374e+01 7.922523460891254388e+01 8.622777777359998197e+01 7.856585558114859680e+01 8.686297195850258390e+01 1.022411947089699282e+02 1.105379471173486792e+02 1.059310311400787441e+02 8.561243736652538416e+01 7.116028173427909564e+01 7.509670574462072068e+01 5.445495361319798633e+01 6.700055374590061774e+01 7.546457803754043425e+01 7.355784234197700755e+01 5.291935502356859899e+01 7.355784234197700755e+01 7.699955560687348566e+01 6.458032563716808738e+01 7.911695855891912288e+01 9.925241446683786251e+01
5.883922493566802643e-03 2.000587524333841927e+01 3.218524995655930532e+00 1.730025324483571936e+01 2.651251693325377801e+01 2.789499753254191106e+01 1.039891872585575250e+01 3.040721066690603891e+01 3.510265472934330688e+01 3.724708232323024504e+01 3.942948609556044914e+01 4.753794438865811856e+01 5.645984682079654959e+01 6.485698722557243912e+01 6.657198527609108396e+01 6.507847180356307604e+01 7.336312433916671694e+01 7.481018574239249119e+01 7.550318185334310783e+01 8.377633676963841936e+01 8.402234980414981180e+01 9.229701913593285667e+01 9.065575691801575431e+01 9.893367862533938251e+01 1.000093573237413267e+02 7.978401440622904772e+01 5.913188287944370103e+01 5.256846926920042762e+01 4.656728690807460680e+01 6.143629541944880401e+01 6.190994859316444376e+01 4.807925229065197215e+01 6.855227392040237078e+01 5.634073139311724532e+01 6.840165976017131300e+01 8.874449974443027145e+01 1.032645058446234714e+02
1.256007409845548732e-03 1.328702630609790880e+00 2.132882213373733293e+01 2.035387555317537789e+01 3.585069757174179728e+01 3.771319518242474800e+01 1.984002983501895656e+01 1.298091248282777954e+01 1.510092058902569079e+01 1.724517778414839952e+01 1.942742509164359177e+01 3.925420245135291708e+01 3.644115847163016042e+01 4.724889931550562494e+01 4.968856026578835383e+01 5.796483030708252926e+01 5.757385512361837954e+01 5.484035819017081081e+01 5.553080407983814126e+01 6.813838589466790552e+01 6.406240373357638873e+01 7.803689938873233700e+01 7.070359128649251090e+01 8.480829136283188063e+01 1.047727875634371770e+02 8.823370528630778153e+01 7.977018150355849002e+01 7.264270582617548655e+01 6.143541237577260716e+01 4.145707018764836249e+01 4.189615628666197011e+01 4.553826347313241030e+01 4.949208884703740097e+01 6.143827952077585763e+01 8.196355308968230702e+01 9.710469062217478609e+01 9.509066931357808983e+01
9.594114293757748102e-03 1.957893628780388440e+01 2.941890239987481337e+01 4.238760783961649992e+01 4.867195045871502401e+01 3.970853995667224012e+01 3.870111298830764213e+01 3.298247261425674282e+01 1.823324630720544803e+01 3.724708112156610440e+01 3.942948609556044914e+01 2.260980429881863074e+01 2.488909990062395039e+01 2.724608092809744164e+01 2.967914165837168383e+01 4.968856026578835383e+01 3.764016995687704537e+01 4.074025811622796311e+01 4.400400226900983824e+01 4.815769788168582011e+01 5.251805752890791723e+01 5.806780668110675947e+01 6.700807982131875917e+01 7.852666598705636147e+01 9.847873325429391400e+01 8.439192319606806336e+01 6.404271356293800466e+01 5.215411997086552987e+01 4.471682869502625124e+01 3.813914775703514692e+01 5.778679465438688112e+01 6.590399767386344365e+01 7.011328086901255574e+01 7.854052146512370314e+01 9.033932353950930860e+01 9.291599619368793128e+01 8.467544066093206823e+01
7.711341127313004785e-03 1.998746916712507016e+01 2.409779104439110142e+01 3.746955940195278600e+01 5.609275189060337397e+01 6.170029543273144412e+01 5.237746523720194602e+01 3.237736380272826153e+01 3.823525785255863241e+01 2.413101622211021535e+01 4.413373900293986196e+01 4.266833917226485084e+01 4.489154456643108659e+01 4.139165852812047319e+01 3.730838567921305327e+01 3.334274012594182324e+01 5.327484614533899787e+01 6.068938526108160403e+01 6.397212416945310309e+01 5.341346491318196144e+01 7.249846874660200058e+01 6.883567284777581108e+01 8.630879676515326082e+01 9.523490628608259101e+01 1.067618869925995853e+02 9.268745790837482446e+01 8.099411776595087531e+01 7.264271583945028965e+01 5.568022800886966905e+01 3.615137679843851970e+01 5.286148113178815322e+01 5.979468756709439958e+01 6.813563108080366248e+01 7.821992021081916846e+01 8.587256191694679330e+01 7.763779754700772173e+01 6.433749317149145952e+01
2.297228869525369630e-04 8.163125270821620205e+00 2.288181094283374506e+01 4.486215858901130105e+01 5.089636354055834744e+01 5.918060689659377971e+01 6.065636996347379295e+01 5.237746529202058809e+01 3.827639420688056049e+01 4.413373900304871000e+01 3.120275887844807627e+01 3.937095916933142803e+01 5.937084680549499183e+01 6.138952946249575149e+01 4.828699989202105769e+01 5.327484614537453922e+01 4.086744682785434435e+01 6.081389590663993516e+01 8.044707879558545471e+01 6.048209862366608291e+01 8.044707879558545471e+01 8.879604600068897469e+01 9.707326996006374031e+01 9.798288730981340677e+01 8.957326425202235498e+01 9.109655724429670443e+01 7.073804758545287541e+01 5.624029571316426512e+01 4.628365690182652514e+01 5.286148074659751472e+01 3.338371655232385393e+01 4.003963191044261549e+01 4.969724330170432580e+01 6.989213183257416517e+01 7.763779754700772173e+01 5.725869430262526549e+01 6.322759544840415202e+01
9.647730019007896146e-03 1.403100336411690030e+01 3.326241801161034317e+01 3.456643287289563204e+01 3.089636419067202766e+01 4.059665923387067465e+01 6.059665559455811490e+01 6.655229211838582160e+01 5.242067569731855059e+01 5.787304791718257491e+01 3.787168477132577493e+01 5.787304791718257491e+01 5.351759154625878523e+01 7.350185503637467832e+01 6.314935966418531166e+01 6.657760415974011892e+01 4.661153510644348330e+01 6.072962615413796073e+01 8.069591323525891369e+01 7.460171710382732613e+01 7.678434933980474852e+01 9.674435586495512496e+01 9.049060729855595753e+01 8.626047242513398317e+01 6.926895246901212033e+01 8.048527361693136584e+01 8.511846453578418448e+01 7.490849003426262698e+01 6.647060635900086822e+01 5.097764255394475441e+01 3.141785628943813435e+01 5.097764255394475441e+01 6.813563108079556230e+01 7.821992021081791790e+01 7.512367705875976753e+01 6.322759544834349299e+01 4.292792385551160805e+01
3.582433992925927561e-03 2.000358243399256963e+01 2.749536473330402231e+01 1.456643257587476192e+01 2.059665946742993015e+01 4.059665923387066755e+01 5.957134280043883479e+01 6.851559732555381288e+01 7.240729258059704421e+01 6.615017543236264430e+01 4.787771606252375989e+01 6.615017543236264430e+01 7.350185503637467832e+01 8.177770505593329631e+01 8.357815862861377809e+01 7.485036262426373810e+01 5.813844036065959386e+01 6.072962610141996009e+01 8.069587559364708795e+01 9.455902564652858189e+01 9.674435588846185397e+01 8.449156771973352420e+01 7.013105719226257406e+01 7.785056437579524413e+01 5.755197668355977214e+01 6.018550462534845735e+01 6.919521750018247985e+01 7.760453442796318768e+01 6.322068177257541066e+01 4.326896862312162284e+01 2.937742618512320192e+01 4.326896862312161574e+01 6.322068177214637785e+01 7.208737837060175480e+01 6.080148479107595705e+01 4.647929252339206840e+01 3.547138212944240365e+01
1.813270376062421294e-03 3.715720033917092380e+00 7.495364764009348590e+00 1.416203143067595605e+01 3.416203118187003440e+01 3.128710914392637576e+01 4.023138105392285269e+01 5.437351667309008718e+01 7.437351358962307302e+01 7.614371530197891502e+01 6.786837977184143256e+01 7.614371530197891502e+01 7.546707929389150138e+01 8.376938110749904354e+01 9.026789857118666305e+01 8.637983454346212397e+01 7.810571555206020378e+01 8.069587493666431044e+01 8.897134286995171237e+01 8.936557460217909465e+01 8.097732628445724856e+01 7.425994330029996604e+01 5.555216936892606583e+01 7.425994330028923684e+01 6.613116930646272351e+01 4.592866757972866054e+01 4.896759399733444695e+01 6.591355235753178476e+01 6.530159297420883036e+01 4.727236725808962348e+01 2.725465850603006146e+01 4.143700625732859066e+01 6.136017492765179071e+01 5.777571595854727349e+01 4.346405354794568865e+01 3.225643872189059636e+01 4.647929252339206840e+01
2.372884694381488524e-03 2.000237288435839034e+01 2.749536473330387309e+01 3.416203118187003440e+01 2.570903681446382905e+01 3.725604219813389761e+01 5.725604000404042182e+01 6.851559732555381288e+01 7.018930096059344237e+01 7.847801353797711954e+01 6.960878489397659052e+01 6.131158609757653721e+01 5.544818883365224593e+01 7.546707929381908286e+01 7.023807248244976620e+01 8.440602148044303021e+01 8.685717486893993566e+01 9.516186651934255281e+01 9.221370008473340363e+01 8.044742351802320002e+01 6.049561954232594019e+01 6.425406909676767953e+01 4.528531661264803887e+01 6.582320034229539374e+01 7.454027762462769147e+01 5.751679362545361585e+01 3.745216837856390413e+01 5.082858520962831506e+01 5.691575229160453375e+01 3.703457097233506801e+01 2.502691703501344378e+01 4.283471828104159584e+01 4.443444147125708810e+01 4.643645469680552651e+01 2.894035187024574896e+01 4.830093351968407234e+01 6.080148479098969716e+01
8.175220331382775790e-03 2.000817522033102591e+01 3.646621942730189403e+01 4.801869122704887616e+01 4.570903588700837616e+01 5.399323962113344777e+01 6.554019778784828532e+01 6.693003787478457411e+01 5.019136559817201970e+01 6.017859226497732550e+01 5.188661684017978359e+01 4.131820707446058805e+01 6.131158609757616773e+01 7.439401168619622240e+01 5.608778123087765977e+01 7.439401168620861426e+01 6.682890905051618802e+01 8.359498506890884073e+01 8.384134711935713824e+01 6.339246694036575036e+01 5.144831311397912543e+01 4.373086900505931851e+01 3.816586834132851180e+01 5.241230824498544649e+01 6.086534903418786513e+01 6.591355243182555057e+01 5.082858520962827953e+01 3.075683486901085217e+01 4.477672477558287056e+01 4.741643609993202091e+01 4.184655169966701038e+01 2.185614020398693924e+01 2.479070946339261283e+01 2.533146865024805194e+01 4.643645469685323945e+01 5.777571595923782866e+01 6.815840535650917786e+01
9.124702163186202558e-03 8.174090538102367631e+00 1.972111013339528185e+01 3.972394103141768795e+01 5.492807436622417327e+01 6.256104989280122908e+01 5.772210970050623757e+01 5.798926773813161617e+01 3.865684020690237332e+01 5.188661684017941411e+01 3.190065868187708276e+01 5.188661684017963438e+01 6.960878488594788394e+01 6.609622697443266759e+01 4.609861470723962640e+01 6.373828274561414275e+01 5.527902036511593309e+01 7.529385019525001610e+01 8.855850694341707197e+01 8.044741173939823398e+01 7.203518014748802045e+01 6.425407615890838997e+01 5.241230824498544649e+01 3.209378317726164909e+01 4.725139767532022717e+01 5.569781896425237022e+01 5.920513644376097773e+01 4.477672477409515039e+01 2.463180166730548137e+01 3.157485813624916204e+01 3.057730321059923639e+01 1.987759332031571446e+01 2.164703772177362140e+01 2.666166080900317681e+01 4.588058183287983383e+01 5.789915162023936546e+01 5.125966425904572077e+01
2.239863785106879172e-03 2.000131337899955497e+01 3.644001318724471616e+01 4.018491740569635340e+01 3.713581886939933696e+01 4.362870670661234129e+01 3.773172023019962040e+01 4.970518661806664795e+01 2.972034164793085509e+01 4.654495496166524049e+01 2.655697257964349234e+01 4.651700962918022952e+01 6.131849403971534684e+01 5.358640887106329842e+01 3.903965680235234004e+01 4.374577415173748562e+01 5.129210480609766876e+01 6.023153520825835017e+01 7.438890188136895176e+01 9.442108604578760378e+01 7.982467096389321171e+01 5.936057467798671894e+01 4.489117378675099701e+01 4.725139767532201063e+01 2.687890116292479803e+01 4.244955416457124642e+01 4.204233800844237123e+01 3.855631685996251434e+01 2.540941911057159430e+01 1.904821967783745507e+01 1.939755497897807857e+01 2.178501909606710640e+01 2.035231929364511316e+01 2.295377241906482979e+01 3.874920959550782129e+01 4.294176073446128328e+01 2.169633720116682341e+01
1.766589122093755728e-03 2.000176658912173977e+01 2.857417292498006489e+01 2.178014284405012901e+01 3.773683713128509964e+01 2.394747970886754018e+01 2.359773515150573076e+01 3.399723016056771741e+01 2.265128594765918635e+01 3.831608006428577085e+01 2.170635605175231220e+01 4.138007727705056737e+01 4.845311435950412715e+01 3.360216253469203451e+01 5.358640887106420081e+01 6.373828274561309826e+01 6.373828272634516168e+01 7.960056479380352812e+01 8.855861983345417343e+01 8.379884898239916424e+01 7.538791113173306258e+01 7.378872829802072886e+01 6.535436970927423772e+01 5.569781896451667791e+01 4.244955416457074904e+01 2.209621570306738292e+01 2.133343040713663186e+01 1.818959897023707839e+01 1.854864531174366249e+01 3.890295600184360580e+01 4.065045565639646696e+01 3.048951607352719151e+01 3.700452264502431632e+01 2.079732702712050596e+01 2.109604076339743628e+01 2.138106672260417085e+01 2.165980090033824723e+01
