LEM/sinusoidal_perturbations/elevation_000664.asc
nrows	100
cellsize	150.0
xllcorner	0
ncols	100
yllcorner	0
NODATA_value	-9999
[rows 68 to 84 of 100, columns 37 to 73 of 100]
7.535077399532200104e+01 7.550113489455868887e+01 7.661063653871748613e+01 7.101498031530107369e+01 6.596229432864208775e+01 6.815884113522537291e+01 4.844734854659159140e+01 4.844716426926207475e+01 2.953110158199916668e+01 3.848455740451255025e+01 5.124243373346421748e+01 7.253911577177208869e+01 7.572605739745597475e+01 6.789455977597272351e+01 5.456149600403598754e+01 7.275601337628941678e+01 8.615852360305279944e+01 8.711950290513313178e+01 7.890946353728504903e+01 7.500971974129889475e+01 5.534278803935165314e+01 7.500970294248392634e+01 7.513717675875793134e+01 7.435195468130805807e+01 7.567454663445647611e+01 6.738092750922302798e+01 4.855733913963725712e+01 4.958534799962927053e+01 5.061733479758445498e+01 5.164985219682222350e+01 5.268605166793611971e+01 5.372570131557262130e+01 7.385061455047203083e+01 5.673878275975825147e+01 7.675693453306371339e+01 5.997227911589121874e+01 6.136943928693490591e+01
9.356266066365174083e+01 7.661063653871748613e+01 5.713247393271307573e+01 5.136705215197677177e+01 4.617394670545570534e+01 5.919943986428366145e+01 5.563818922810785494e+01 4.966465125993993013e+01 3.000355507420364276e+01 4.966816541760245229e+01 5.977515464935358835e+01 6.702926830076069109e+01 7.555711553295722638e+01 8.029195521742953190e+01 7.275601337628941678e+01 5.986151399535313544e+01 7.814857283059987481e+01 9.247191334032110888e+01 9.482961572264839845e+01 7.500971335012413022e+01 6.167788148113045565e+01 8.117531445368499021e+01 9.479870810320782937e+01 9.094579774127636540e+01 8.202925765556641124e+01 7.102728998477255118e+01 5.087008156367370049e+01 6.975483757223300074e+01 7.077149632701014070e+01 6.588940133561850132e+01 7.281886452209035099e+01 7.264600265828048009e+01 5.519702422816214948e+01 7.529261276149215121e+01 8.492227109545881092e+01 8.022903158475567409e+01 6.329045148118271413e+01
8.616392386044998375e+01 6.693404368819814465e+01 7.661063653871748613e+01 7.101498031533145650e+01 5.919947371100290212e+01 3.934050365217998291e+01 3.586450243055454479e+01 3.834295973914659328e+01 3.048054505542358683e+01 3.267774318424820024e+01 3.953314323142513587e+01 4.721049798998409841e+01 5.861640811892009850e+01 7.908237568290266495e+01 8.615852359241324621e+01 7.814857283058957194e+01 6.568646983985925658e+01 7.869637991568681912e+01 9.810019006215154036e+01 8.810067729427470340e+01 6.851315099901664496e+01 8.810032996108104442e+01 9.635182323352330513e+01 8.423819406773372975e+01 6.541206939394956521e+01 5.423444867651867440e+01 7.102830585893940452e+01 6.733382340967258983e+01 8.746686762184465636e+01 8.604021062475248982e+01 8.071655333051681680e+01 6.052201135153699596e+01 7.533112894001227744e+01 6.791464553264715676e+01 8.808075504884995155e+01 8.589217034983427368e+01 6.566948366118489844e+01
8.057813030307833913e+01 8.616392386044998375e+01 8.199365249512048592e+01 6.230061170853740293e+01 4.825908095891585958e+01 5.919941796827519198e+01 5.089417193714969301e+01 3.116504161597862677e+01 5.017326297164213145e+01 5.362160221785988057e+01 5.977515464935358835e+01 6.702926830076069109e+01 7.553044151269322981e+01 8.767766767816472395e+01 9.478773289434283811e+01 9.247191306734143268e+01 8.437962432672998148e+01 7.299942648056838834e+01 9.223079947630849063e+01 9.648822054701726358e+01 7.965076714056856133e+01 9.648822054701726358e+01 8.813307068039114256e+01 6.793643108497192884e+01 5.785697640899930860e+01 7.439058797537482803e+01 6.697388796806600908e+01 8.715385115987287179e+01 9.568424325901952443e+01 9.886315148242613304e+01 7.881254787647243631e+01 6.444885602044089978e+01 8.468523282709679734e+01 8.808432675200980100e+01 8.808432675200980100e+01 8.837666625975252543e+01 6.811881826140296425e+01
9.390405078695188479e+01 9.383326129706668439e+01 7.371262104833108708e+01 5.974697561115077349e+01 6.806856386386235158e+01 6.570417048925393999e+01 5.301286449902225684e+01 3.165656797882790841e+01 3.770499625416947964e+01 5.904902791767191417e+01 6.294906917190008500e+01 6.765876765343242027e+01 7.266115297815652241e+01 7.879596200166457720e+01 7.520189350098091552e+01 9.478773287978980022e+01 1.003743800090462770e+02 9.223079947630849063e+01 8.242727705069394517e+01 1.020343219017876493e+02 9.964346922393336570e+01 1.081043451110443243e+02 9.635492403148796825e+01 8.630433881830219889e+01 7.803433463925685487e+01 6.170352032818658472e+01 8.192609619980827063e+01 8.348744496905922574e+01 1.034674878987746069e+02 1.005597509933143385e+02 8.053800993031386213e+01 6.876123844370252414e+01 8.053800993031386213e+01 1.005597509933143385e+02 1.079546201512118273e+02 9.103520482503813582e+01 7.078833840351316553e+01
1.119613296011774537e+02 9.932743115197784789e+01 7.949021948909455659e+01 7.949021949423138267e+01 7.105998582302514421e+01 5.224910438435858850e+01 3.940940428706811360e+01 3.214942120302615081e+01 5.181704796698365811e+01 5.669185992311271605e+01 4.357527680392337999e+01 4.828015003801001370e+01 5.335829448735427860e+01 5.913581097575836765e+01 6.896388979853198009e+01 8.292139379029687518e+01 1.024050829217639347e+02 1.101899807714929693e+02 1.020343219010872815e+02 9.625923259392725129e+01 1.159766208327399113e+02 1.168536847530115068e+02 1.032070908309293173e+02 8.322364575593536529e+01 6.885163063904708736e+01 6.505045366543249941e+01 8.530123067573735796e+01 9.847990401280873130e+01 1.116108610377374362e+02 1.086948871142936781e+02 9.420894309345530360e+01 7.403554227980411895e+01 9.420894309345530360e+01 1.086948871142936781e+02 1.093829753644511271e+02 8.952316633353605368e+01 7.514883259112858127e+01
1.054878358165608461e+02 9.440937369239598809e+01 8.649637468441675026e+01 9.440911738582352086e+01 7.677300031213491138e+01 5.775868496761680149e+01 5.775867265924970440e+01 5.207367466723456317e+01 3.285078188651056763e+01 3.709981616988576292e+01 5.663567355025378447e+01 6.747211694887701583e+01 7.286820343187987703e+01 7.879596200166457720e+01 8.687162789520935746e+01 9.666569642665332651e+01 1.028649147406633517e+02 1.017569012217522157e+02 1.098940247607953182e+02 1.159766208327399113e+02 1.241207289657771469e+02 1.087503514854782196e+02 8.889271720048300551e+01 7.717817391030187935e+01 8.907674276811843583e+01 8.530123067573735796e+01 7.004545657546820792e+01 9.028350070178269959e+01 1.046545730089589199e+02 1.160751240404553499e+02 1.005412012645466575e+02 8.051684271168589646e+01 9.420894309345530360e+01 1.139838055549359552e+02 1.136777690946891113e+02 9.408266734101836448e+01 7.985450701720255040e+01
9.762231774421833563e+01 7.835162279895146753e+01 6.717498507581190381e+01 7.616865643807150832e+01 7.277025211569672081e+01 6.951607609729202863e+01 6.642202633268125567e+01 6.094177177202200824e+01 5.281448482327250815e+01 3.356312185328084752e+01 5.031307446431092956e+01 6.096835191088520389e+01 6.963291573660801248e+01 7.847151453073892924e+01 9.001290710000228046e+01 9.684283311718260734e+01 8.268711556890461623e+01 8.154699078952987179e+01 9.832139647682913619e+01 1.017818693953293803e+02 1.099126390750699471e+02 1.087503515268471830e+02 8.889271720048310499e+01 9.728554100335915678e+01 1.054386708042905809e+02 9.699365625844998817e+01 7.686348878914397176e+01 7.635758830253094231e+01 8.810060143187281767e+01 1.079723100492953307e+02 1.075532308419995644e+02 8.772021618560904699e+01 1.075532308419995644e+02 1.182663959421707460e+02 9.879230958139383745e+01 8.730203752370037762e+01 9.982193976663165813e+01
9.961541657652337278e+01 9.001216109406234978e+01 7.616865643807147990e+01 5.690678420328460163e+01 5.348362033072217514e+01 5.016218813518936770e+01 4.695830648485993919e+01 4.381208650142048810e+01 5.588454714809849122e+01 3.588480404369289545e+01 3.430299742671552821e+01 4.152343277829892543e+01 5.049094746620053087e+01 6.174238438415756036e+01 8.152282379790072753e+01 8.669999892867014069e+01 6.815456583937098856e+01 6.966702823592666505e+01 8.926008933829731973e+01 8.154113198712441601e+01 9.833001980845952517e+01 1.099126390881191071e+02 1.004458831445207778e+02 1.168536901077505945e+02 1.084610337634179018e+02 8.859946788034680765e+01 9.699365625844998817e+01 8.317750158174061426e+01 8.724158955592072573e+01 1.071303787071551028e+02 1.156514493861785553e+02 9.926428470685351613e+01 1.156514493861785553e+02 1.262970335982033845e+02 1.129133835603444140e+02 9.337728076779735886e+01 1.129133835603444140e+02
8.616021625848885890e+01 7.245247342307484928e+01 6.281763131559057456e+01 7.616865753033620479e+01 7.277025213007067350e+01 6.385915820982246771e+01 6.642202964462856585e+01 5.920068883958663264e+01 3.935177911572435505e+01 5.470174177185031539e+01 3.483275208656915822e+01 5.492579301162861327e+01 6.605760199687354373e+01 7.493066174855805173e+01 7.542511178108431125e+01 6.706120992025155658e+01 5.799400136246276816e+01 6.056217229341672947e+01 7.985763395917031460e+01 6.961939372369009504e+01 8.154113198712441601e+01 1.017818693953373810e+02 1.200944663023501846e+02 1.281734024562058494e+02 1.165721646239343983e+02 1.001585491779072612e+02 1.101605134642092452e+02 9.035966978084131540e+01 1.071303787071551028e+02 1.013802916609428735e+02 1.210123168389462478e+02 1.188761418332097719e+02 1.269569206811045206e+02 1.266345127636957244e+02 1.072299057532427895e+02 1.072299057532427895e+02 1.129133835603444140e+02
8.962593366820357232e+01 7.035830995425610013e+01 8.210298083624198284e+01 9.001220695435368668e+01 9.111166708213950471e+01 7.871712704731186250e+01 6.473688469234767240e+01 4.516348865988096861e+01 5.920068648755831475e+01 5.945395138284570180e+01 4.931812123170394102e+01 3.559506776535994987e+01 5.665146701828965803e+01 5.461635076661793420e+01 6.295960577309725892e+01 4.675876833015619383e+01 4.974970635005372799e+01 5.339161150925729515e+01 5.944443745936203527e+01 7.985763396372684042e+01 9.232931460183483807e+01 9.994045933027437911e+01 1.080098965299289802e+02 1.192984661342026271e+02 1.279156109942526456e+02 1.198046381139205465e+02 1.182536947096812838e+02 1.003580367704728076e+02 1.182536947096812980e+02 1.210123168389462478e+02 1.290899901081280632e+02 1.268496488475881847e+02 1.349946137030486852e+02 1.346619613741891328e+02 1.266345127636957244e+02 1.266345127636957244e+02 1.323112306176716686e+02
8.072234119239418249e+01 8.155789299314029961e+01 9.745089420419878934e+01 9.669900731488655765e+01 7.736665553540329654e+01 7.072468053391847320e+01 5.132197267379593342e+01 6.473688469234765819e+01 7.273303193487878104e+01 6.271655895741278641e+01 5.367369364002853160e+01 3.614145729827176012e+01 3.841736914461379371e+01 4.060090650683596181e+01 4.279303400089367670e+01 6.295960423551855456e+01 7.005497149661093204e+01 7.370282363474650822e+01 6.008757817176032034e+01 6.512826905059918658e+01 7.195418797534897237e+01 7.980326318651749773e+01 9.164723090681202677e+01 1.112692200362879476e+02 1.255839838073947305e+02 1.339278153525274035e+02 1.280411550339163682e+02 1.199653527664384569e+02 1.280411550339163682e+02 1.262539637053119037e+02 1.181131514740382613e+02 1.072182148219413165e+02 1.195828130976137231e+02 1.277237171024883366e+02 1.352401391807499067e+02 1.271356905845714067e+02 1.352401391807499067e+02
9.424866699490679878e+01 1.006470821891060297e+02 1.084154431361161244e+02 9.325032383712063222e+01 7.736665553540329654e+01 5.800213657668194145e+01 7.072468053391847320e+01 7.117384587769602433e+01 6.308909272912048749e+01 5.695059864511387815e+01 3.695599571134546579e+01 5.623605052840692053e+01 5.820432382109866865e+01 5.462787837534824575e+01 6.295960655896575986e+01 4.941532621788160640e+01 6.973250312813968321e+01 8.425361912156823507e+01 8.043476085250858887e+01 8.553609127774262788e+01 7.812832312413705438e+01 9.828719707856123478e+01 1.080098965054118594e+02 1.110763902199909552e+02 1.050666998259763432e+02 1.255845700739261162e+02 1.215512504704099399e+02 1.134360334507281181e+02 1.215512504704099399e+02 1.149413894744808289e+02 9.854392916241805267e+01 9.595500251591305130e+01 9.999935746695325633e+01 1.195828130976137231e+02 1.254008850781993516e+02 1.074105259898259987e+02 1.254008850781993516e+02
1.127713045904437763e+02 1.125142106605464818e+02 1.029101350564098993e+02 8.528956584074354907e+01 6.588247748571042450e+01 7.736665553540329654e+01 7.636098311898344093e+01 6.308909342715648449e+01 4.358450401118344786e+01 4.752629401779450546e+01 3.754203784819021905e+01 5.099567280612130560e+01 6.827878699816078267e+01 7.514085082928272641e+01 7.808958994456946812e+01 6.973250312813968321e+01 5.705519771192386713e+01 6.380306750138657890e+01 7.831381621956850836e+01 9.859861196669392314e+01 9.252638767282951449e+01 1.063878322941268095e+02 1.110763902200710191e+02 9.051476848388928431e+01 1.110763902200710191e+02 1.224763037444454028e+02 1.117799935519879426e+02 9.391396235948154469e+01 1.117799935519879426e+02 1.062169735422603196e+02 8.735236387400298952e+01 8.610652956088031829e+01 9.727790475060061226e+01 1.170285914769351194e+02 1.172731082871987809e+02 9.748438713151131196e+01 1.073787477093550393e+02
1.030509209264270254e+02 1.046353305741045290e+02 8.534726907861930556e+01 7.558778564338254569e+01 8.528956584074354907e+01 8.196027053184718625e+01 6.825904238198150153e+01 4.891486468486501593e+01 5.831586986215172885e+01 3.839030186411150680e+01 5.751167330155135460e+01 6.429936554658058867e+01 7.010438944446283926e+01 7.838467785514717434e+01 8.815596086822330335e+01 8.576410602063261024e+01 6.881081734372993708e+01 8.425509566421622765e+01 7.831381622659154118e+01 9.859862315107423569e+01 1.121950212784147993e+02 1.177381557071501845e+02 1.038067988664817420e+02 8.336781683952710864e+01 9.358370726205471613e+01 1.140724128094033603e+02 1.036749979051048030e+02 8.421928167443446966e+01 1.036749979051048030e+02 9.811096475564616526e+01 7.910091661793099149e+01 7.912127610262621147e+01 1.129621116769301921e+02 1.251703785523166772e+02 1.209733784503940228e+02 1.073787477093550393e+02 8.750254873211429185e+01
9.474393947859853427e+01 1.125141524668831607e+02 1.029101350564098993e+02 9.499134483749206481e+01 8.827344174479380001e+01 7.383087701298423156e+01 5.452947566721959305e+01 6.825904238198150153e+01 6.612104394921496464e+01 5.241231620350208686e+01 3.926369725551084144e+01 5.289716652787980422e+01 5.083410901557308392e+01 6.051868567768473639e+01 7.425322925759971326e+01 9.389776935661032553e+01 8.921993589932793611e+01 9.746015588421401787e+01 9.859862404382901957e+01 1.067656090616017508e+02 1.119395210008178907e+02 9.810048623061440765e+01 9.734345478235825055e+01 7.711220888667494933e+01 8.995610892197342423e+01 9.839146690909090864e+01 9.718975916154809624e+01 7.780037592696278637e+01 9.666866389254775527e+01 8.859035138570095569e+01 7.460279218014561309e+01 8.857985528119276353e+01 1.076881469413370382e+02 1.190090331995196777e+02 1.128346024026172785e+02 9.300477849337634950e+01 8.149316821329801996e+01
9.410344893305006053e+01 1.040452782384460164e+02 1.076713916289534296e+02 9.627195807297049157e+01 8.011070963902859887e+01 6.075496554935109117e+01 7.383087701298423156e+01 8.196027053184721467e+01 7.858466194645993141e+01 6.684289995191544165e+01 5.912311293379429600e+01 4.014243424639876423e+01 5.992980203073400247e+01 7.015800852021557432e+01 7.706211509261156323e+01 8.521196406062510675e+01 9.654814564343239169e+01 1.007271313875751133e+02 9.254113311218623039e+01 1.007102313735399690e+02 1.021232842316170206e+02 8.417501037949918441e+01 9.199614892631845464e+01 8.362522706799025229e+01 7.005403080360822798e+01 8.995609439378866057e+01 9.134445928576862173e+01 7.206027650556028163e+01 8.378191611941845451e+01 6.935795971833087492e+01 8.289719942610142311e+01 1.020583111992956304e+02 1.131816204549219265e+02 9.922979494953823121e+01 1.115819456943513046e+02 9.174838463852043446e+01 7.771599830282768551e+01
