LEM/sinusoidal_perturbations/elevation_000251.asc
nrows	100
cellsize	150.0
xllcorner	0
ncols	100
yllcorner	0
NODATA_value	-9999
[rows 68 to 84 of 100, columns 37 to 73 of 100]
5.964931739443075287e+01 6.674499152034684357e+01 6.674485366099486328e+01 8.687436338175169226e+01 9.475173728263729345e+01 7.891203097667121824e+01 5.851190515556136518e+01 6.002535598328349664e+01 7.446510182036463732e+01 6.687677422124249915e+01 4.687779013509673831e+01 6.179874352468991816e+01 6.229704527673642644e+01 6.432892759102105629e+01 4.811637575732352445e+01 6.225596279788707221e+01 8.216484153276327618e+01 8.879266656144744729e+01 6.888616349954627083e+01 8.030450517149198220e+01 7.444411170824461976e+01 9.445274690834911269e+01 9.367257068821257349e+01 7.297597959941501244e+01 8.585120681326321801e+01 8.900357132029029117e+01 7.527281572339171589e+01 9.586904071427377971e+01 1.021822219463051482e+02 9.415769808647080197e+01 1.081617447103233616e+02 1.299023411822923606e+02 1.296138644659505132e+02 1.093835122295317888e+02 1.296167224671424378e+02 1.426821021019700879e+02 1.511115616498635745e+02
4.390805234409000946e+01 4.692429865441352632e+01 6.674499156023648538e+01 7.643307361012443835e+01 8.485953970094517729e+01 8.739667760002548391e+01 7.292328305575763636e+01 8.041934741150711830e+01 7.373399209814253652e+01 5.374194006806041557e+01 5.265071061156136523e+01 7.265005617567331342e+01 7.943730862287976890e+01 6.198828253377538999e+01 5.088385674282506699e+01 7.089076302971241716e+01 8.442001737534761219e+01 9.721233212506430732e+01 8.879266656145752279e+01 7.944303015199091078e+01 9.445274685401776082e+01 1.028992856105873130e+02 1.013937185093723770e+02 8.096548166993197526e+01 8.615089985497822056e+01 1.043724157477211918e+02 9.586904071223028723e+01 8.319482812723917675e+01 1.035702400704775386e+02 1.152549255477087797e+02 1.238452653512432562e+02 1.377765520596765327e+02 1.235159961659633439e+02 1.033438358845124583e+02 1.142198068355395577e+02 1.343910817348415208e+02 1.310159723925485480e+02
5.371958655327727428e+01 6.674499156023648538e+01 5.153237321317912034e+01 5.646193496347002849e+01 7.643307361012443835e+01 9.310582887219351278e+01 9.337390952395081456e+01 9.305215498385902606e+01 7.301913739407014248e+01 5.893042651516218200e+01 5.900549581103584984e+01 7.895949786776029100e+01 8.853686030423330067e+01 7.545359748432662172e+01 5.578188041987687740e+01 5.609857964662458585e+01 7.606962056640277581e+01 9.001621193501453888e+01 1.080093982229468565e+02 9.952914809505401195e+01 9.355286822597962271e+01 1.139571645998580038e+02 1.099049063928540875e+02 9.115256859932506472e+01 1.066148655588145715e+02 1.028367996900631027e+02 1.113139665579364106e+02 9.082623419612563964e+01 9.601011827535015186e+01 1.105170562795005367e+02 1.312152213083151082e+02 1.296747773145432632e+02 1.101781825873661091e+02 9.789899904026033539e+01 1.179213047466082855e+02 1.218241787983077131e+02 1.244035100572071570e+02
7.365360070433165163e+01 7.602009758454583732e+01 5.602768801789957109e+01 7.602009758454583732e+01 6.456072705648317367e+01 7.868603112324096571e+01 9.900799524453003642e+01 9.527189524279468458e+01 7.520417759841065219e+01 6.559963719947850791e+01 6.607485819101101754e+01 8.600779210018197318e+01 8.315810078111371695e+01 6.338763026866298844e+01 7.571829552228540194e+01 7.606962056640277581e+01 6.169982316023557445e+01 8.162418268215560602e+01 9.764473506852881712e+01 1.065687655543695058e+02 1.139571645998580038e+02 1.224659282199140193e+02 1.201609004873039623e+02 1.116348685131628855e+02 1.201609004873039623e+02 1.173841303438118615e+02 1.198606067823569248e+02 1.009749162192840828e+02 1.165794084582070695e+02 1.251151878699356956e+02 1.375058327119763533e+02 1.277839133812570509e+02 1.076239109861633949e+02 9.359491889927301145e+01 1.135286389789491892e+02 1.017201201064333844e+02 1.042582648969770815e+02
9.252910102888615995e+01 7.230978336775784499e+01 6.177904699514937192e+01 6.169398257106351480e+01 8.456506347963949111e+01 7.520490833812390008e+01 9.547074536448296556e+01 1.037163304824836842e+02 9.259504190073775476e+01 7.261262314943151353e+01 7.493632537520346659e+01 9.441393454692159537e+01 8.884981406321234942e+01 6.913235715781796387e+01 8.884912243941847976e+01 8.791535220135799023e+01 6.802092737445185833e+01 6.952967028391159943e+01 7.708268560830674687e+01 8.744750499324740645e+01 1.036695685014008745e+02 1.274574530363196914e+02 1.258231834564603986e+02 1.258231834564603986e+02 1.340637364387259254e+02 1.380100791487133733e+02 1.301910769968552302e+02 1.216533232990606876e+02 1.301922420047550020e+02 1.375058327119763533e+02 1.176914414202197037e+02 1.213274499690929531e+02 1.095240642817720698e+02 8.968113337402421337e+01 1.041011285004300504e+02 8.776797818429166398e+01 9.024090206535630898e+01
1.010208334465507960e+02 9.003749239881945243e+01 8.158535093450271347e+01 7.075304714947415619e+01 9.108449388805611591e+01 8.524986124142647270e+01 1.039828732259712041e+02 1.069255322643632695e+02 8.665915843666704177e+01 8.665915843666704177e+01 8.639736540672059562e+01 1.034218476056918377e+02 9.544202893925560716e+01 7.566543279756200491e+01 9.544197046705819787e+01 9.498104211162012689e+01 7.499625311438930453e+01 8.956992430960215756e+01 8.360786012108788157e+01 1.039636205332523105e+02 1.179714356572220595e+02 1.169023433585915228e+02 1.060188601969812936e+02 1.060188601969812936e+02 1.258231834564603986e+02 1.311251606437358248e+02 1.228233547701494501e+02 1.311251606437358248e+02 1.427258256658081166e+02 1.327292348439316072e+02 1.129807641449748985e+02 1.021111412539404029e+02 1.122687951674984106e+02 1.041011285001119404e+02 8.437078043883887801e+01 1.012198031238469014e+02 1.095166180921189465e+02
1.010388972820182829e+02 1.078028085129821108e+02 8.734564288353563200e+01 8.247963791835775282e+01 9.959761097560350152e+01 9.965029851011941275e+01 1.142282882730680171e+02 1.154206668616149898e+02 1.069255322643632695e+02 1.069255322643632695e+02 1.066681258072981393e+02 1.151670029500010912e+02 1.038781174239486944e+02 8.540237786905481698e+01 1.038781174239486944e+02 1.034692639969283192e+02 8.483959877368658908e+01 1.034692639969283192e+02 1.039636205332523105e+02 1.125019019666574280e+02 1.252464546080069994e+02 1.053400614079518363e+02 9.211793740332510083e+01 1.118194121828722274e+02 1.187793960467144672e+02 1.127668922888304195e+02 1.027099850583609566e+02 1.143101149740212747e+02 1.344535370671525811e+02 1.409934112042473373e+02 1.295572958607637304e+02 1.122687951677012848e+02 9.363129350495572112e+01 8.865177407316029701e+01 1.001027329879823498e+02 8.157615537824851515e+01 9.536816581083807876e+01
8.690194063150634918e+01 1.069176671224738442e+02 1.078028085129821108e+02 1.028746946276265959e+02 1.114072654712449548e+02 1.202766920457168851e+02 1.179656240839845225e+02 1.095714209242506172e+02 1.084955213988732794e+02 1.168923754356979003e+02 1.121465198901755542e+02 1.205556594261985168e+02 1.139828349184776641e+02 1.054816800094564400e+02 1.139828349184776641e+02 1.136581662348711745e+02 1.051224854495535936e+02 1.136581662348711745e+02 1.194326952761308007e+02 1.172403522268209457e+02 1.194011035415166191e+02 9.951581933082429998e+01 8.555440682765221538e+01 1.005910111075071001e+02 9.871980113191868611e+01 9.275017130804094734e+01 1.127668922888304195e+02 1.311251606437358248e+02 1.329506620696398613e+02 1.246423519083557778e+02 1.239867672513752836e+02 1.156695781051093519e+02 1.122687951677011569e+02 1.001270311545457901e+02 8.172841687966587187e+01 7.967264189209890901e+01 9.500851089025374563e+01
1.010388972820182829e+02 1.096152708314465229e+02 1.096152708314465372e+02 1.096152708314465372e+02 1.179750664379714351e+02 1.179656768623620735e+02 1.062308330888876640e+02 8.922135573610701442e+01 8.814924180554667998e+01 1.051580480277156795e+02 9.177335316738364668e+01 1.020603982611850569e+02 1.105700038609634390e+02 1.228803337665860624e+02 1.273979294818218762e+02 1.191132913677091807e+02 1.191132913677091807e+02 1.194326952761308007e+02 9.940966430108998964e+01 9.722018885366529162e+01 1.113747377894584076e+02 1.000987551556598731e+02 8.027342610434142500e+01 8.071243374711173146e+01 8.466872194192217194e+01 1.045951204546071551e+02 1.210795010201475890e+02 1.335798797794351742e+02 1.246423519083557778e+02 1.045257109022362982e+02 1.104177386381376493e+02 9.563623699032882541e+01 1.107026717804936311e+02 9.661179396578307887e+01 7.704599409876571769e+01 9.385731356265068825e+01 1.002485990181229596e+02
1.037353366434692248e+02 8.949560684896495388e+01 8.949560684896495388e+01 8.949560684896495388e+01 1.096152708314465372e+02 1.095714217252443206e+02 8.922135573610961501e+01 7.753348939218948033e+01 7.646590310984686312e+01 9.608479798290649398e+01 8.011394201134588400e+01 8.168033491747726771e+01 9.338456243307297200e+01 1.141388786273571583e+02 1.191132913677091807e+02 9.907619259294258995e+01 9.907619259294258995e+01 1.090947419803259493e+02 1.030839589452000098e+02 8.314245318771533277e+01 9.311320606645766418e+01 9.100342541395896490e+01 7.531001682754413196e+01 9.518075380535793784e+01 9.862557881146540240e+01 9.526568102378027447e+01 1.052391084897854512e+02 1.253051583771243571e+02 1.246423519080291271e+02 1.045257109022362982e+02 9.044980382351022286e+01 8.429109663475551883e+01 9.077970297870952265e+01 9.485317167004603789e+01 7.532444215041499547e+01 8.902844798365293855e+01 1.089153395863210534e+02
9.376020019864918709e+01 7.552139014989619170e+01 7.552139014989619170e+01 9.538851999423908978e+01 1.029961460801200133e+02 1.113463897950349804e+02 1.018886025023103912e+02 8.767789753885817561e+01 6.736061416560249882e+01 8.767789753885817561e+01 6.998938698292147365e+01 9.024900434726099263e+01 9.715360859361865664e+01 1.055496137311879750e+02 1.154634502151511981e+02 1.049449229487670578e+02 8.496844564959575052e+01 8.910050906203818499e+01 1.032425962196529952e+02 9.311320606645766418e+01 7.319362636164862579e+01 7.108827557849346590e+01 8.104672665397269782e+01 1.009601241739452462e+02 1.179165037738385280e+02 1.152697261506489639e+02 1.235599039979509399e+02 1.335798797794351742e+02 1.298277716041919518e+02 1.187381863954326633e+02 1.104177386381376493e+02 9.661500543938410601e+01 7.700651299229494384e+01 9.070274074791068131e+01 7.360938644198289182e+01 9.312563025050896215e+01 1.026500716344479258e+02
8.545495507206770469e+01 6.596344548949116415e+01 8.545495507206770469e+01 8.886801467525151565e+01 8.301595103636564943e+01 1.029961460801200133e+02 9.330352283031800198e+01 7.262832916563030494e+01 6.233248388524661010e+01 7.673155034538604014e+01 6.404297695109795541e+01 8.438524803520216722e+01 7.736781249823955875e+01 8.742288619361094959e+01 1.073440721617492102e+02 1.064945218044064035e+02 8.651040103588290719e+01 7.500528186086107496e+01 8.767146218629363830e+01 8.360922633366831747e+01 6.712679332265328469e+01 8.710722680623680958e+01 9.927563655466637726e+01 1.009601241739452462e+02 1.209648303572362380e+02 1.216154679865381780e+02 1.229918095031908933e+02 1.171053255461231117e+02 1.097118181281276605e+02 1.239176814000210811e+02 1.107026717804936311e+02 9.077970297870952265e+01 9.070282334947410163e+01 7.116572811384102693e+01 8.848907303784642409e+01 9.672494113870811816e+01 9.010699132231623310e+01
8.058207767642349495e+01 6.133701071302422747e+01 7.962864465912501544e+01 6.926835109836741822e+01 8.301595103636564943e+01 1.029961460801200133e+02 1.012177717156386194e+02 8.885571675166157490e+01 7.540685884529327154e+01 5.617108570715242877e+01 6.074982601388580861e+01 6.650003159975645417e+01 7.823116371157166782e+01 9.829659589408794318e+01 1.154634502151511981e+02 1.147861033517854850e+02 1.017938803874202165e+02 8.182176503388235744e+01 6.767628485669540339e+01 6.357498572048539387e+01 8.360922633366831747e+01 9.415792189953384650e+01 1.024443278808641224e+02 1.124378940019332305e+02 1.157325548838529841e+02 1.015433240798901977e+02 1.029291894119727289e+02 9.705724156316030360e+01 9.556357141525627696e+01 1.156036444912338794e+02 1.190140849165905195e+02 1.107026717804936311e+02 9.893870791809059995e+01 8.847207761244983715e+01 6.888146171803258255e+01 8.630214186320317538e+01 7.052047327844204005e+01
7.604597189168728733e+01 5.697836936142618924e+01 6.040916844017106513e+01 7.962864465912501544e+01 9.718117041570035042e+01 1.028537572397163729e+02 9.448788711897617532e+01 8.760081873052214974e+01 6.747747313681780668e+01 5.289060582255481080e+01 7.344227095540610151e+01 8.671181322210593123e+01 9.496727810264947323e+01 1.065134890878633911e+02 1.107191314461320246e+02 9.657412987124547499e+01 8.828721368807710235e+01 8.663830525940824145e+01 7.835285007500363008e+01 6.113808310626694009e+01 6.751123300207964917e+01 7.420706433091862664e+01 8.417182051215672800e+01 1.041440232869109366e+02 1.074223189171950850e+02 8.745467610593921393e+01 9.479367275954390948e+01 8.300132481960650921e+01 9.705724156316030360e+01 1.171053255461231117e+02 1.085091300022968852e+02 1.002583862108929935e+02 1.084641714542871256e+02 9.671915052522082590e+01 8.630214186320317538e+01 6.657741473543909194e+01 8.630011325598313476e+01
7.178232634912615140e+01 5.275550375525471480e+01 6.609030607688562498e+01 8.552407888767187671e+01 9.508326583457940728e+01 9.448788711897617532e+01 7.415512126352105327e+01 8.008705929239467025e+01 7.053460560628134601e+01 5.022894303983689213e+01 6.980362960872743372e+01 7.564645177872071713e+01 9.626355829380133855e+01 1.104055553978887048e+02 9.894701065457994105e+01 8.242912829715919543e+01 6.827438845872558204e+01 7.562999166015059416e+01 5.832065412160628881e+01 7.834898123261019975e+01 8.118421509834398364e+01 9.415792189953384650e+01 1.024443278808643072e+02 1.124378940019337705e+02 1.089207295330026426e+02 8.894205424756265188e+01 7.466161560500847827e+01 8.894205424756265188e+01 1.089207295330026426e+02 1.066787439033099645e+02 9.857635487272185060e+01 8.048993405348387853e+01 9.790030955574664517e+01 9.032278008086635168e+01 8.311218800166577125e+01 6.514437381460506060e+01 8.496550049502771174e+01
6.857737224012797128e+01 4.950080105774026151e+01 6.861118925014750403e+01 8.487059784909874338e+01 7.482781247459267604e+01 8.911070218551019195e+01 8.011045050230552533e+01 5.965987856709719495e+01 6.811977579246683945e+01 4.760876674816456244e+01 5.536336605614888384e+01 7.132975348512661640e+01 9.396991016708076927e+01 8.696530502499047088e+01 8.605228425577696783e+01 7.219434000500041293e+01 7.301723059919481784e+01 5.562463999841102691e+01 7.562469272876174387e+01 7.249506228106680794e+01 9.251610858884568245e+01 1.094585094344487715e+02 1.055133274069336125e+02 1.113624691828736957e+02 1.046890401453722745e+02 9.059584865820241362e+01 6.986933622332476546e+01 9.059584865780792029e+01 1.009201663042887986e+02 8.687452755108704139e+01 9.036987020601279141e+01 7.027222198193913982e+01 8.974695787507408795e+01 7.800965789669913875e+01 6.314400582542207729e+01 8.311036007224775801e+01 7.457197159332903880e+01
5.909112070224357183e+01 4.630363095709819277e+01 5.742934960834252678e+01 7.664494190659927142e+01 6.018119712288017809e+01 7.827316577672830533e+01 7.203315953501612512e+01 6.898185116914874015e+01 4.851895564869229105e+01 4.488119083243542917e+01 6.451827044376489084e+01 7.375257249744018395e+01 9.025537218003339035e+01 8.602361519886011365e+01 6.376208545297941299e+01 7.048297871833925399e+01 5.302451097831573179e+01 6.715426337583561178e+01 8.388252455760043347e+01 9.251516336898664861e+01 1.008908820918204725e+02 9.910826108714499583e+01 8.366808674330067674e+01 8.764118003016297109e+01 8.605872496753922007e+01 8.653104514458563301e+01 6.483934999883713601e+01 8.653104514458556196e+01 9.267505022916623147e+01 7.264405615183684972e+01 8.000633823696951197e+01 6.327107397971087011e+01 8.345613366692982993e+01 7.997059070348544196e+01 6.173337011830053456e+01 8.180695116010217305e+01 9.423464851720967772e+01
