LEM/sinusoidal_perturbations/elevation_000344.asc
nrows	100
cellsize	150.0
xllcorner	0
ncols	100
yllcorner	0
NODATA_value	-9999
[rows 34 to 50 of 100, columns 0 to 36 of 100]
2.064481644892168701e-03 2.000206448164453832e+01 3.488818188456777847e+01 4.302281910318180991e+01 5.486159901143168582e+01 5.192910553662913031e+01 5.780096148678375556e+01 5.648415281952637912e+01 6.060755803621506033e+01 4.104740239496288012e+01 4.677643927243391886e+01 2.718908169574579503e+01 4.682152976201271599e+01 3.500503154352657731e+01 4.131982272663619682e+01 5.127569187606890466e+01 6.277885565473397378e+01 8.294546001696149062e+01 9.250540660321665598e+01 8.370597014498602562e+01 8.384955292157741269e+01 6.601824769575748064e+01 5.379052591635836933e+01 4.537402524006496662e+01 4.335351414739878351e+01 2.361597923437852842e+01 2.546681848682120375e+01 4.577163443082974226e+01 5.643668517908390925e+01 6.151621304249292166e+01 4.947543050698784839e+01 6.978693756713744278e+01 8.798335730875217564e+01 9.733084639021220141e+01 8.832340999437725770e+01 7.011990827658202363e+01 8.832340999437725770e+01
2.905961989428186391e-03 2.000290596198907167e+01 3.826914396089599535e+01 4.655937483304613522e+01 4.837770259445610321e+01 5.265206899016556008e+01 5.484539808442377762e+01 6.315432902886274036e+01 6.855322919903352386e+01 6.060755827191884038e+01 5.123511503179975080e+01 3.127463420777836944e+01 5.123511503179975080e+01 5.497432014032415992e+01 6.128945431918307207e+01 5.540887960523806299e+01 7.549616417426615556e+01 9.137777864887003432e+01 8.370655279670098992e+01 6.263552348446270202e+01 6.880729171941300137e+01 5.761258664113996275e+01 3.697933310005927154e+01 2.642657475806306522e+01 2.316202527027022384e+01 4.324583963199290082e+01 4.398002546281244207e+01 3.110903596604626742e+01 3.592935723138506177e+01 4.115807922184833956e+01 6.151621304284790881e+01 7.815006057582630206e+01 7.462768656770610676e+01 8.288255647216824684e+01 8.008061344199370524e+01 5.986777721345178094e+01 6.994805207709960371e+01
3.542675937824442140e-03 2.000354267593747082e+01 1.826449837256672737e+01 3.037266055699365097e+01 2.836143033862587259e+01 3.262649602147946126e+01 3.481647460873593758e+01 5.236256555021869019e+01 6.251994541899394164e+01 6.958704682149361531e+01 4.972674545849544359e+01 3.563949699159449835e+01 5.558618163335865603e+01 7.163682176436928728e+01 7.998536452254208484e+01 7.549796624336224227e+01 8.397297885537153661e+01 9.428783672291972096e+01 7.312233916922727417e+01 5.829173193988784618e+01 4.793675408479776934e+01 5.990824212149702532e+01 5.355137850735654581e+01 4.315232374998991105e+01 2.284159582456763005e+01 4.317407999916168393e+01 5.811164079095752300e+01 5.173928253538446143e+01 5.643670655288605076e+01 6.151620302333028434e+01 6.436707100099054912e+01 6.025025010670700709e+01 5.429492398081507787e+01 7.462768656770610676e+01 7.255863487116349120e+01 6.994805207709960371e+01 4.943886576511388853e+01
3.411803931810562015e-03 3.336745137265815675e+00 6.717362156201341250e+00 1.036884587354817278e+01 1.421784767905637281e+01 1.848186218308538642e+01 2.402887051755362080e+01 3.403026879920204806e+01 4.821850429863916787e+01 6.868167468151528965e+01 6.389495735981908808e+01 4.456170174077057311e+01 4.414774642600787757e+01 5.166745732765675569e+01 6.574625164139119704e+01 8.585657318406143190e+01 8.424369731914956105e+01 9.277836028705624472e+01 8.811625626403117906e+01 7.757409575011978120e+01 5.925173514845940304e+01 3.898193619150828937e+01 5.035720288072090511e+01 3.703045070026469432e+01 2.252125773756409899e+01 4.303263827164590083e+01 6.075331180186103097e+01 6.119025320612377783e+01 5.627123569426358785e+01 4.784575277935179116e+01 4.377321621121639339e+01 3.955243843979578600e+01 5.387880486096906196e+01 5.599148663474549892e+01 5.216699368296600170e+01 6.034003799505165944e+01 4.317483159607652254e+01
3.327314952832964925e-03 2.000332731495247884e+01 2.671945644543104592e+01 3.037266055699365097e+01 2.836143033862587259e+01 3.002976213289744933e+01 4.404782479683753138e+01 3.557793344946912129e+01 4.973723304346145824e+01 6.981512533813047128e+01 7.283610571436230430e+01 5.604591603890110463e+01 5.563186682611030420e+01 7.163682176436928728e+01 7.998536452254208484e+01 8.075364877981425593e+01 6.332355658391865916e+01 8.075364877981425593e+01 9.331091491034707985e+01 8.552924291722037253e+01 6.864213430403820837e+01 5.228676499216241780e+01 3.124801156637804667e+01 2.659600956369860114e+01 2.220105420766239845e+01 4.196955105212757786e+01 4.141899626443093752e+01 4.307162085145098729e+01 4.511617597192793738e+01 2.697618371735464748e+01 2.888887408139001423e+01 3.087645250989222490e+01 3.299501350798542632e+01 3.518796528532394063e+01 3.742839297881482707e+01 3.970220957393456729e+01 4.597628847621915327e+01
6.779948344387334673e-03 1.155378533213680292e+01 2.569592095586750347e+01 4.569592095586678937e+01 4.837770259445610321e+01 5.005127828940660351e+01 5.835870271405676135e+01 5.561791154463687548e+01 5.561791154463687548e+01 7.570746061057479892e+01 8.441962312733977569e+01 7.606073322794847513e+01 7.564209662564520897e+01 8.399881834270033210e+01 8.133093100574788537e+01 7.216495159103467927e+01 5.071047535878905421e+01 7.216495159103467927e+01 8.556118840297949646e+01 6.780745090239729223e+01 7.287893068301379174e+01 6.074121962178683276e+01 5.142725471971747453e+01 4.226771312595688102e+01 2.461539288186140340e+01 2.175062486287736618e+01 3.498142782688558583e+01 3.782327113049746004e+01 2.436939519795673093e+01 4.511679290596843117e+01 4.980507053102407866e+01 4.578334601391352265e+01 4.787773141840372659e+01 5.000551006540131027e+01 5.216706282803981765e+01 5.171133256382426424e+01 6.654006691224310543e+01
9.516927588586143695e-04 2.000095169275850182e+01 2.644893743401419783e+01 2.982955445292829211e+01 3.336508835886140645e+01 3.721409015345898297e+01 4.180240483087049341e+01 4.665311733159789753e+01 5.268334422315450638e+01 5.935001088982442496e+01 6.763428215510701591e+01 7.763428218156320781e+01 8.548200298252454843e+01 7.507611085771448245e+01 6.029401857155134081e+01 6.457940272824980354e+01 4.285167524754777446e+01 6.457940272824980354e+01 7.890379243894957995e+01 7.258072673158626742e+01 5.530850890423972999e+01 4.944174431194453234e+01 5.916380081855768225e+01 5.269676192875319742e+01 4.550005804546369603e+01 3.757086687104132494e+01 2.130753963585812372e+01 2.113696435217016756e+01 4.231428068128273878e+01 5.239439586149057249e+01 6.475293904714327198e+01 6.632689075156540071e+01 6.836667775480739806e+01 7.044291245250381905e+01 7.256323132358249950e+01 7.212414268988045762e+01 8.036926794196995161e+01
1.945935296826602993e-03 3.204509011398576135e+00 6.448937434013840786e+00 9.829554452927936836e+00 1.336508835886070479e+01 1.721409015345827598e+01 2.180240483086959102e+01 2.665311733159633434e+01 3.268334422315182053e+01 3.935001088981871931e+01 4.935001088981906747e+01 6.935001088983544548e+01 7.669785536875764365e+01 5.569869291153533197e+01 4.494179825476946633e+01 5.802820525503122440e+01 3.627827114079829585e+01 4.816980567805483560e+01 7.015530937222411012e+01 8.046690578948360439e+01 7.287570958971950574e+01 5.916379947372359283e+01 4.173958721430621210e+01 5.916378884142315542e+01 6.290893710544984430e+01 4.043236362137879780e+01 2.100534126904164012e+01 3.707921216456449542e+01 4.120443071806253954e+01 4.199503318178580002e+01 5.742187448103683067e+01 7.075056789960237325e+01 6.270289654810594726e+01 7.075056790282089025e+01 8.363212075766213616e+01 8.464243685308207432e+01 8.464243685308207432e+01
5.600688922766023682e-03 2.000560068892241006e+01 2.644893743401419783e+01 2.982955445292829211e+01 2.491209374265342547e+01 3.721409015345898297e+01 2.986320079413201611e+01 4.665311733159789753e+01 4.298304895015143501e+01 5.935001088982442496e+01 6.763428215510701591e+01 7.763428215661519971e+01 6.808904101990555091e+01 4.662832857273728138e+01 3.414073442609355169e+01 4.650634852701440280e+01 3.041516407962597413e+01 4.586151675879682443e+01 6.840219673392245170e+01 7.572131040869966512e+01 6.700843039553900837e+01 4.932285913452388826e+01 3.762938925650549038e+01 4.881773518265102751e+01 5.591756895169456243e+01 4.365104823966136394e+01 2.071284439747787331e+01 3.549102474561789222e+01 3.139662148612397630e+01 4.931637362845862071e+01 6.476649161440140290e+01 6.085025132686525495e+01 4.288483678545954092e+01 6.089854385269465809e+01 6.421529273263875837e+01 6.536664643313751810e+01 6.536664643313751810e+01
8.215197286175309616e-03 1.155522058107858996e+01 2.569735620480928873e+01 4.569735620480857818e+01 4.491209374265420706e+01 5.319636499215840786e+01 4.986320079413292206e+01 4.619313241268711323e+01 6.298304895015932914e+01 7.126732020819207492e+01 7.413662466756792924e+01 6.588025001299037342e+01 6.371495945229852254e+01 6.442202246479891414e+01 4.650634852701440280e+01 2.524709277976185007e+01 2.569266586819654918e+01 3.869970163534385676e+01 6.291922531193004886e+01 6.110254851680668509e+01 6.174909195210916835e+01 5.888626494383276366e+01 4.848072775391541001e+01 3.308503703207801294e+01 4.794824867324430784e+01 4.122966485831504002e+01 2.042759425054489242e+01 2.714439092462311365e+01 2.583836732205559983e+01 5.011577949583353586e+01 5.884711599341394361e+01 5.072847339711461956e+01 3.308714879050108948e+01 4.443280248956059353e+01 6.118637700314780403e+01 5.136035927624916297e+01 7.101239473440857353e+01
2.613274238814250559e-03 2.000261327423845970e+01 2.906857962374339621e+01 3.406914306918208268e+01 4.039506931650259958e+01 4.747587969028233346e+01 5.581000088302408102e+01 6.619313241269559001e+01 7.447740367024192665e+01 7.702100612241774513e+01 5.720083300051664565e+01 4.596256346340233989e+01 4.377817934762882857e+01 5.787032284690330641e+01 4.082457343387012827e+01 1.982896139117576695e+01 4.082457343387012827e+01 5.592639845488021422e+01 6.897095254934866659e+01 5.898135985272391224e+01 4.712039947802931295e+01 5.173900250199497464e+01 4.188596306209021236e+01 3.033538595430195883e+01 4.043261365878809244e+01 4.036517917160079350e+01 3.847595805546090730e+01 2.003109625895943680e+01 3.645652701666765694e+01 5.347952653458899874e+01 5.068522223735910615e+01 3.116259306405261498e+01 5.076667469170899238e+01 3.507573506635471716e+01 4.126944566734070463e+01 5.863072121083355626e+01 6.021751299616844477e+01
7.532853315450405325e-03 4.479668808315065753e+00 9.067983485727848958e+00 1.406798348580106861e+01 2.039253882079163915e+01 2.746360739409138674e+01 3.901107432575768286e+01 5.905333613353286637e+01 7.826237072830879526e+01 7.120327763250523390e+01 5.140083052756867232e+01 3.714033939768333425e+01 2.941062320716313394e+01 4.198003127417788249e+01 3.751859503261037787e+01 1.669049510215059584e+01 3.128912000642804259e+01 5.255787812748557997e+01 5.367336026798825799e+01 4.120217475166234067e+01 4.975088033833186785e+01 3.760684682380399835e+01 3.194931480700183002e+01 2.734430345721306921e+01 3.297784023885105142e+01 3.149239136951891638e+01 3.316969843177217570e+01 1.975261912619136595e+01 4.191599298325909473e+01 5.544857747686508986e+01 4.739012093662888248e+01 2.981550088794892517e+01 4.935924082352577358e+01 5.488805134438373301e+01 3.715794695452991903e+01 3.866397825962494039e+01 4.020875089812579972e+01
6.101047412966256744e-03 2.000610104741260997e+01 2.906857962374339621e+01 3.406914306918208268e+01 3.039823428889259915e+01 4.747587969028233346e+01 5.581000088358111100e+01 6.742226623561268184e+01 5.778142347836840287e+01 7.222601085030642309e+01 6.543965541873429004e+01 5.720029526923563168e+01 4.198003127417788960e+01 2.171589691584196657e+01 3.407215474915493303e+01 1.372135421248536780e+01 3.374581629344730516e+01 4.085175621931011847e+01 3.113161335105631977e+01 2.141506844080084093e+01 4.310085155153281988e+01 4.995014131239793187e+01 3.521724088871770419e+01 2.392145344814482044e+01 3.894797671638075798e+01 3.991373624960431243e+01 1.935243573729878364e+01 4.192557547909977700e+01 5.001549919519319332e+01 4.555264089103200575e+01 2.790072364370493219e+01 4.739009412587323311e+01 5.746871706936401836e+01 6.515022423287626907e+01 5.130470430217331312e+01 5.287933558000456458e+01 6.021751299615707609e+01
6.842009524227352091e-03 1.000684200955122982e+01 2.414897783502988560e+01 4.414907383596543156e+01 5.040281403377272795e+01 5.869674404912473165e+01 7.383403467369444684e+01 6.193548750871335073e+01 4.308296735477753714e+01 5.783463666787418589e+01 4.929451124940282369e+01 5.783115530790156100e+01 5.026220818248481947e+01 3.522531473131718371e+01 1.500405125915202476e+01 1.087037676183756751e+01 2.817860179280486577e+01 2.738500137517790023e+01 7.362177771296858353e+00 2.623986790092394017e+01 3.621604641454512574e+01 4.668424418249735908e+01 4.211705784816070519e+01 2.805411065482480737e+01 1.923045115438828034e+01 1.893803675612897663e+01 3.929111206947209212e+01 4.811883341600292141e+01 4.553814950202730927e+01 2.604262665834196966e+01 4.555266194207809605e+01 3.338446279546012363e+01 5.307400083301616434e+01 6.725728786531610126e+01 7.097776795530387517e+01 7.251579440321856396e+01 7.787054931604157559e+01
1.934550753332892102e-03 2.000193455075297777e+01 3.829122110064081141e+01 5.173177495420369354e+01 4.879495729816276395e+01 5.707979721097048298e+01 6.537051537343243979e+01 4.469551741071739315e+01 3.247079590919526026e+01 4.405952955468607968e+01 2.830199316763358297e+01 4.739132991453081445e+01 5.111992441867032966e+01 3.374547642305714845e+01 3.148788391837551615e+01 2.753951890306294104e+01 7.830945001516001369e+00 7.290757562203304509e+00 7.599456642306236631e+00 9.790883573278645002e+00 2.041732419443997415e+01 3.849170940422794729e+01 5.087436634937861157e+01 4.220119153761573472e+01 2.641578227684096447e+01 1.863350881251098912e+01 2.833214825512882484e+01 4.282558550307818024e+01 4.426392899397551162e+01 2.465388388718342938e+01 4.426393297257550330e+01 5.307400083301616434e+01 3.936612885507243931e+01 5.919257491043891406e+01 7.121606010920903884e+01 7.706480943806177208e+01 8.384769796113660334e+01
4.364784840791047053e-03 2.000436478484043690e+01 2.344971444258608528e+01 3.465280591546839872e+01 2.879493938303878053e+01 4.879495889984125512e+01 6.049704484906772706e+01 6.193831484658813480e+01 4.405952955468607968e+01 2.301283146682778380e+01 1.800621142741580627e+01 3.252936875294839325e+01 4.102699128233843595e+01 4.155694846593910086e+01 3.109754295191289941e+01 2.419014789191216508e+01 6.851461966385889113e+00 2.613053396110360538e+01 2.708544979077606740e+01 8.030831169898725364e+00 1.649496594322742737e+01 3.042851883282460435e+01 5.047863955306440431e+01 4.839673776072892508e+01 2.530530779951260456e+01 1.832486666200269454e+01 3.780676704800059440e+01 4.745832372463254245e+01 4.114240720900230031e+01 2.319185567038865869e+01 3.722308892587211204e+01 5.686814169733352031e+01 5.919257491047049768e+01 4.620487872747000324e+01 5.159823750618688365e+01 5.766670235793775845e+01 6.466279199413999379e+01
5.219006137575642711e-03 4.593533683548791657e+00 9.307578891459067805e+00 1.465280372970760148e+01 2.221209318989227910e+01 3.221209319000883653e+01 5.221211167814725229e+01 6.481228898245495884e+01 4.405852735079039917e+01 4.405952955468607968e+01 3.252936875295582553e+01 1.253603583749556449e+01 2.842814508265905715e+01 2.273666895901495266e+01 6.112826796474013058e+00 6.416182737953630699e+00 2.636182562066853663e+01 3.224086774146078227e+01 2.178837205238859909e+01 8.333045494291154043e+00 2.768289292913627264e+01 2.986865253244203089e+01 4.710236713088733751e+01 5.306845380852043803e+01 3.777432993268649852e+01 1.801274989079555766e+01 3.743478324242408917e+01 3.910915094965618977e+01 2.106334269054165631e+01 4.064919371555677685e+01 4.289975100424637589e+01 6.230922569313887038e+01 7.399814224351779046e+01 6.597297649037621170e+01 7.121606010921871643e+01 7.706480943806177208e+01 8.384769796113660334e+01
