LEM/sinusoidal_perturbations/elevation_000849.asc
nrows	100
cellsize	150.0
xllcorner	0
ncols	100
yllcorner	0
NODATA_value	-9999
[rows 51 to 67 of 100, columns 37 to 73 of 100]
5.204772866763309480e+01 5.663988220089666470e+01 6.134245911932809747e+01 6.628948935113682239e+01 7.532519473817427524e+01 8.535700170211721627e+01 1.053788254111435094e+02 1.127713725514741014e+02 9.427871037409994415e+01 1.127713725514741014e+02 1.208471830501092512e+02 1.044250070753627284e+02 1.208471830501092512e+02 1.060848664066044904e+02 8.560428397084125152e+01 8.760591407560353616e+01 1.036340121895155875e+02 9.873550677140428888e+01 7.896537983898369362e+01 9.873550677140428888e+01 1.129367037369037803e+02 1.067770406145104545e+02 9.114486859135557495e+01 7.115845726171357910e+01 9.114486859135557495e+01 1.070972771481931431e+02 1.114854941789316172e+02 9.752827309458798766e+01 9.607091084069546127e+01 1.158582611839648564e+02 1.257398869460277950e+02 1.088686914602454010e+02 1.128792149019159012e+02 9.259569935382860706e+01 1.128792149019159012e+02 1.076270738651766123e+02 1.218874326947932474e+02
7.236621987936747757e+01 5.979409234903824455e+01 8.000536161712892635e+01 8.640453721020875832e+01 8.053571705166714878e+01 1.005731224320885246e+02 1.136813960525057752e+02 1.228853453355636844e+02 1.144465392139041739e+02 1.228853453355636844e+02 1.298287693285485034e+02 1.223476582943976751e+02 1.298287693285485034e+02 1.122266724746105240e+02 9.302741258200592256e+01 1.061165539621431435e+02 1.136393507381495454e+02 1.046533784637391307e+02 8.502601850279860685e+01 1.046533784637391307e+02 1.124975022435435932e+02 9.288269652913270136e+01 7.882992297699951223e+01 9.114486859135557495e+01 7.911602355775552553e+01 9.892529739528660571e+01 1.177436040054037534e+02 1.172048953800609610e+02 1.100487878687334558e+02 1.242091617480625985e+02 1.373792901013670189e+02 1.290645617811560726e+02 1.212230996685607067e+02 1.043330809213197341e+02 1.212230996685607067e+02 1.278297040844535246e+02 1.275283896536932104e+02
8.671308745871228041e+01 6.658990993396230351e+01 7.632120492436015979e+01 9.052761211246624384e+01 1.005731224320885246e+02 1.088736390580785951e+02 1.216671067002089472e+02 1.132766523662471201e+02 1.132766523662471201e+02 1.142669600001953683e+02 1.201995638013876118e+02 1.265087029616380931e+02 1.299379180677545662e+02 1.203343084117092587e+02 1.041071887204620481e+02 1.203343084117092587e+02 1.184570352287943535e+02 9.893571662131013511e+01 9.640713719119895586e+01 1.127775191225802729e+02 1.084378607499770482e+02 8.881761947247683509e+01 9.862774011122691320e+01 1.067770406145104545e+02 9.062080633415743591e+01 8.978060630977137180e+01 1.011454852019822823e+02 1.210876943319395735e+02 1.304883701992552005e+02 1.357640669742356181e+02 1.297148189228864794e+02 1.378538979588367681e+02 1.328754889533653341e+02 1.245534510235557661e+02 1.310485407834573266e+02 1.226992342230799693e+02 1.310485407834573266e+02
9.501514011454541730e+01 8.084193524684766885e+01 8.084193524684766885e+01 1.008873027553524224e+02 1.188712242048666212e+02 1.209189415587248817e+02 1.132766523662471201e+02 9.319012131662660181e+01 9.319012131662660181e+01 9.416872117616188120e+01 1.000553590378145401e+02 1.062926091054319642e+02 1.096768066398070545e+02 1.240087911277181973e+02 1.233592931139413196e+02 1.315293649976837003e+02 1.266193216238501691e+02 1.184570352287943535e+02 1.159179535277648654e+02 1.240714120341287554e+02 1.165993741923537357e+02 9.865147279014462356e+01 1.165993741923537357e+02 1.184643605622568856e+02 1.102694431502898738e+02 1.094875094450151920e+02 1.177436040054037534e+02 1.294892415670758226e+02 1.270082843541277668e+02 1.166580471689111107e+02 1.097221518239043121e+02 1.261708271481646904e+02 1.269613701896432332e+02 1.186026524741621984e+02 1.186026524741621984e+02 1.023613666806832612e+02 1.209060931128821466e+02
1.042388545148843377e+02 1.008873027553524224e+02 1.008873027553524224e+02 1.091883449822430521e+02 1.150346664404432175e+02 1.007550689545710867e+02 1.100700097632736458e+02 9.907333001328952093e+01 7.921888838537239508e+01 8.018316916155721685e+01 9.583160025640526669e+01 9.214979254418908283e+01 9.548301122796617335e+01 1.156111487826765654e+02 1.308994715201626207e+02 1.282891177666520548e+02 1.283941882302582655e+02 1.200666301907015594e+02 1.174560604323145583e+02 1.257845487489982190e+02 1.264154074152804554e+02 1.182242487098095580e+02 1.264154074152804554e+02 1.351613092955042532e+02 1.267770692966204678e+02 1.241188417711844778e+02 1.325134707815929858e+02 1.270114505819540085e+02 1.073333812094243171e+02 1.025780952938231820e+02 9.808948264790411997e+01 1.170915453365995802e+02 1.186026524741621984e+02 9.826908657208419129e+01 9.826908657208419129e+01 9.218569520357732472e+01 1.110063248654879260e+02
9.113850955864187142e+01 9.867687166976315893e+01 1.069111551661675179e+02 1.183923431680701981e+02 1.050113700719261089e+02 8.668450311235932304e+01 1.017159240092623804e+02 8.184795994085416737e+01 7.237394772752959682e+01 7.151138749875860867e+01 7.604666189206035654e+01 8.294229233596496442e+01 9.698149007996671855e+01 1.171236660599983850e+02 1.108853564585055551e+02 1.082981983162549540e+02 1.200666301907015594e+02 1.001091725890828172e+02 9.753490604694606247e+01 1.142516804096705272e+02 1.225273927341446409e+02 1.141951314522812595e+02 1.225331058249488336e+02 1.234074055483781791e+02 1.063702426292580583e+02 1.037177212857235986e+02 1.207575690868301734e+02 1.250399347166883075e+02 1.051796374479353062e+02 9.092455015103469407e+01 8.903354804522670918e+01 1.068832871984527912e+02 1.151483879610484706e+02 1.042246501390993103e+02 8.385549965490363888e+01 8.385549965490363888e+01 9.066130068632159578e+01
7.112304568149069439e+01 7.873224023098427438e+01 9.026929092244428432e+01 1.101618405549696433e+02 9.667271680885258434e+01 7.689461290654611503e+01 8.610087558564586629e+01 8.549379941587977783e+01 6.598298155987254177e+01 8.549379941587977783e+01 9.583160025640526669e+01 8.996189120796583438e+01 1.100023314483318160e+02 1.167473550406171370e+02 9.696401050864741933e+01 9.441670992749857305e+01 1.078999744014605113e+02 1.059545765853539478e+02 8.642855481640138748e+01 1.059531011319353411e+02 1.126041832960022475e+02 9.446448609842509825e+01 1.126048988221356950e+02 1.149951824269127201e+02 9.466125017033142797e+01 9.202586735062521939e+01 1.116715330511059250e+02 1.230211758746729487e+02 1.149597062912629468e+02 9.553229717883274930e+01 8.132504532105923545e+01 8.664099004496829082e+01 9.987340943588861819e+01 9.146621407601647036e+01 7.660588317542507752e+01 9.702306792190731244e+01 1.110063248654881392e+02
7.784374249710899107e+01 9.781320575352057745e+01 1.069111551661675179e+02 1.058108481157545810e+02 1.001298096192047211e+02 8.028990084330830257e+01 6.654902743800002440e+01 7.811886700396050287e+01 6.289040830819492811e+01 7.658188546688445797e+01 9.634227028032267981e+01 1.100023314483318160e+02 1.183867667614811694e+02 1.167473550406171370e+02 9.696401050864741933e+01 8.327579838102492715e+01 8.830682502488210162e+01 1.000671640169719723e+02 8.083049866256936866e+01 1.000668432402409138e+02 1.043293617903765806e+02 8.486824148754695329e+01 1.043293749928750032e+02 1.176424713943405749e+02 9.729605326876880156e+01 8.295656018761822281e+01 9.428280318958411499e+01 1.146172688175523717e+02 1.161479757315799901e+02 1.098210969850033081e+02 9.519639148787219085e+01 7.483898723992808755e+01 8.957210990409038232e+01 7.101117524332428843e+01 9.146621407601647036e+01 1.054252961993736335e+02 1.163407040410725841e+02
7.784374249710899107e+01 9.781320575352057745e+01 9.987930392897716558e+01 8.552412250465845034e+01 9.409830162314133872e+01 9.438423476718479321e+01 7.811886700396050287e+01 5.860471655363409127e+01 7.811886700097684866e+01 8.539287025294738953e+01 9.132221525103290105e+01 9.833178357685258675e+01 1.066808577372659101e+02 1.182830061681816005e+02 1.078999744014605113e+02 8.830682502488210162e+01 7.466234354303294651e+01 9.404541350400062072e+01 7.586691334558399546e+01 9.492598299186703059e+01 9.784209912993982527e+01 7.851250398696735999e+01 9.784209912993982527e+01 1.123890488624229675e+02 9.206001071960970705e+01 7.767816055225361538e+01 9.173839527355058010e+01 1.001551115777426872e+02 9.386820445172480731e+01 1.082000648769653850e+02 1.034190641180376815e+02 8.951683230681400971e+01 6.914072295813929259e+01 6.732161096559256919e+01 8.779593435851714389e+01 8.754783103830244784e+01 1.003155676597060477e+02
9.781320575352057745e+01 1.060504097162233705e+02 9.146596686807774290e+01 7.155434121600808339e+01 7.411784384616724708e+01 8.831568629482488575e+01 7.555653352076372187e+01 5.595639771517982552e+01 6.061316550896205513e+01 6.583484344054545545e+01 7.165680266119660757e+01 7.850573039134253861e+01 8.986366259240556076e+01 1.098994519639271772e+02 1.030032157649735325e+02 8.348278137780978625e+01 6.976914307248817693e+01 8.745857647836500348e+01 7.112438384542376468e+01 9.016130477179073921e+01 9.226204090207582453e+01 7.295357434840821043e+01 9.226204090207582453e+01 1.066895714181595309e+02 1.034746418363568807e+02 8.314686649942083818e+01 7.134828931642279315e+01 8.628891024993843928e+01 7.887330480923306197e+01 9.961934682190828028e+01 1.015355364224333101e+02 8.108171733401502479e+01 8.105614225650940341e+01 6.374500316576282444e+01 6.822850339800490360e+01 7.307191027864391231e+01 7.991689377420672713e+01
1.074674271914915380e+02 1.102089167969864008e+02 9.987930384495571445e+01 7.996998443783158450e+01 6.062350857761894929e+01 7.172061941311680755e+01 6.987031349552086112e+01 5.331786888818496806e+01 7.302616686522466694e+01 8.539287025939489695e+01 9.132221525103290105e+01 9.833178357685258675e+01 1.066808577372659101e+02 1.108822327400383045e+02 1.021018548755615996e+02 8.480512570607994860e+01 6.532252462910547308e+01 7.542179280934584540e+01 6.652252874087645296e+01 8.889590334872642075e+01 8.727655749029474919e+01 6.789233783307471981e+01 7.908077697026537578e+01 9.847186117826790053e+01 1.118891928064257542e+02 1.001551872276367163e+02 8.032735187069908989e+01 6.585613024351883382e+01 8.159277369354022369e+01 9.001494850641117296e+01 8.646516507479324787e+01 7.801845007258123132e+01 6.056740844068167462e+01 8.107167854152451980e+01 8.272249823864696339e+01 8.754783103830244784e+01 8.754783595216234460e+01
1.102089167969864008e+02 8.959552154019581849e+01 9.337817339700141872e+01 8.259884849237262472e+01 7.171960461845034729e+01 5.243664279101830061e+01 5.002083406355190931e+01 6.987031349552086112e+01 8.123362952814785842e+01 9.102289422919436390e+01 9.933250156987028845e+01 1.108648801496896823e+02 1.166133666363692072e+02 9.685598306848045524e+01 8.317974377372739525e+01 7.456338693969364328e+01 7.982063257780622223e+01 6.019239411199031053e+01 7.607782323899189691e+01 8.419140786578361713e+01 7.752831496958488344e+01 6.342353107676144219e+01 7.325570897132111270e+01 8.690448015482164124e+01 1.064448954371510041e+02 1.090950418374908821e+02 9.471119685409499311e+01 8.159277369354022369e+01 6.113326943760851151e+01 7.717341808334687414e+01 7.502680465849896052e+01 5.748712909813570349e+01 7.801844935367401490e+01 8.950881184708073590e+01 1.031204554700197491e+02 1.079242609202998011e+02 1.079244556973667528e+02
9.864657334804898881e+01 9.337817339701592800e+01 7.211329540437596108e+01 7.482731730676682957e+01 5.764598476147283890e+01 4.699616784973181893e+01 6.696771960365272491e+01 5.826165120678202669e+01 6.449395704443413990e+01 7.135533641774601676e+01 8.261437497470545566e+01 1.025089196596847927e+02 1.087252683214293256e+02 1.108854446493317027e+02 1.021220949458772509e+02 9.393849387238176973e+01 8.793068356772838001e+01 7.607782323494699028e+01 5.627684327320309166e+01 7.243217686583638226e+01 5.779116565462580724e+01 7.752831496958488344e+01 9.106393533531682749e+01 1.008035777432513527e+02 1.096346316956959157e+02 9.785446835598690996e+01 8.942029620924674305e+01 9.001494850641115875e+01 7.717341808334687414e+01 5.668013882703027662e+01 5.446745698780672740e+01 7.502680465849896052e+01 8.491404438607663963e+01 9.215183681199624743e+01 9.215183684009019771e+01 1.125441169222683442e+02 1.194626379420357125e+02
8.353555996240271497e+01 9.176381966168658266e+01 8.110089949468289205e+01 5.943871357140681511e+01 5.194210673344234408e+01 4.505923607595958913e+01 6.510446476158745099e+01 7.787908915021634471e+01 8.406937199244161718e+01 9.102289422919436390e+01 9.933250156987028845e+01 1.028545332448786667e+02 8.869367350830506780e+01 1.028545518877767933e+02 1.026463976203074395e+02 9.136534407917871192e+01 8.323403888647206372e+01 7.631307938117410572e+01 7.243077951152669414e+01 5.246292566243699440e+01 7.243217686583648174e+01 8.564272858367205288e+01 9.462582284478817485e+01 1.028169300932094217e+02 1.012241951915798381e+02 8.077924242676820654e+01 6.893033014065032660e+01 7.759040878385617646e+01 7.909581332395319464e+01 7.062770747442077379e+01 5.237206266408804822e+01 5.789241709090138244e+01 6.441120514506899042e+01 7.168026854121015390e+01 8.617141703967192257e+01 1.065898474309444595e+02 1.081024274349192495e+02
6.389809587314081796e+01 8.038768554398990318e+01 8.070971256398387084e+01 6.087146754972980034e+01 6.087146754975994156e+01 4.322498950243116411e+01 6.329704760707259936e+01 7.762365041442443214e+01 8.504585703242598527e+01 9.330850192149809175e+01 1.047712083488952430e+02 9.389753735930960943e+01 7.453187555523231822e+01 9.389753735930960943e+01 9.446334343981175152e+01 7.501361962638222280e+01 6.365861011665769809e+01 5.649816313480341279e+01 6.744380794196942475e+01 5.030791435794418476e+01 7.036593478857774642e+01 8.334613305154000784e+01 7.508861830792669423e+01 9.025286216079314272e+01 9.842241330246123709e+01 9.207156418417038424e+01 7.159197536019277663e+01 5.705010038371042214e+01 6.840453631206827367e+01 5.006679861706003720e+01 7.062769665006413788e+01 7.843047666215989011e+01 7.843047736136138326e+01 9.215183684009019771e+01 1.005796924122404619e+02 1.080699541338441918e+02 9.996221198308776934e+01
5.241052893474576280e+01 6.609130120451769130e+01 6.217626343597093097e+01 5.849649742493498650e+01 4.078927052773458684e+01 6.070891413031439043e+01 5.154804433409630349e+01 5.793107636416608841e+01 6.540854405004797911e+01 7.669342653045110580e+01 9.645548928146774870e+01 8.560348580714448019e+01 6.551423516694674731e+01 8.560348580714448019e+01 9.812923056037884351e+01 9.136528859054473628e+01 8.323403881771982071e+01 6.745188467489720097e+01 4.730056651995252537e+01 6.471019120809714309e+01 7.288348270901535386e+01 6.367445836830475514e+01 6.367445811581411164e+01 7.071694368143175780e+01 9.025287464947933813e+01 9.361469539759094971e+01 8.289762762483637459e+01 6.239462457554908781e+01 4.787415283272446231e+01 6.840452748440910113e+01 5.977542697464681254e+01 7.431128002845912306e+01 9.477796699929146484e+01 1.072886524864476030e+02 1.080699541338441918e+02 8.826957444731986868e+01 9.190301181872631275e+01
6.609136036742607700e+01 4.612846726559839539e+01 4.215206873420390110e+01 3.843846608597831249e+01 5.849605162734778219e+01 6.902578995943680695e+01 7.139631104084350000e+01 7.762365041442443214e+01 8.504585703242598527e+01 8.987761183631818085e+01 8.157665378231692443e+01 7.925069866988340550e+01 5.907774812808887077e+01 6.973964528478008162e+01 8.983528153158975726e+01 1.008016544583624068e+02 8.142235857970668178e+01 7.097935448285535642e+01 5.102557533278679358e+01 4.450349121798463159e+01 6.211232412281723470e+01 4.937901198411366721e+01 5.663197112153059010e+01 7.071695304411407790e+01 9.025462759958084291e+01 8.482428104046874751e+01 6.478546554366310772e+01 6.480230427160533679e+01 4.640162230375943864e+01 6.689944726180310397e+01 8.030583385041637712e+01 7.278133426264054151e+01 8.727318856025208049e+01 1.076918836933912331e+02 1.059244282932819772e+02 8.609515095128369921e+01 7.177565312882204296e+01
