LEM/sinusoidal_perturbations/elevation_000787.asc
nrows	100
cellsize	150.0
xllcorner	0
ncols	100
yllcorner	0
NODATA_value	-9999
[rows 0 to 16 of 100, columns 37 to 73 of 100]
1.023484252370857917e+02 1.005166985811140989e+02 9.251947614442705969e+01 1.005166985811140989e+02 1.068313420357700210e+02 9.830987700605632540e+01 9.830987700605632540e+01 1.043873434720777738e+02 1.042324541477803592e+02 9.607456437501977575e+01 9.657468427420288037e+01 1.018652982713794302e+02 9.779210753522038146e+01 1.059456647795364717e+02 1.157890527229652662e+02 1.337724174476573751e+02 1.255742236038415456e+02 1.281285282310840330e+02 1.363348416672511121e+02 1.283474064915757538e+02 1.201279134895988960e+02 1.201279134895988960e+02 1.259303237822896335e+02 1.309767143356516215e+02 1.284005437028187941e+02 1.366421995873219544e+02 1.260554236441629428e+02 1.178401896204593697e+02 1.178401896204593697e+02 1.199297809049152050e+02 1.208985458140043221e+02 1.126989530881529049e+02 1.101446073597276580e+02 1.183371428896830651e+02 1.194246624798597622e+02 1.112278455951014706e+02 1.086684537583562360e+02
8.873163240781039462e+01 9.102169660134120477e+01 7.366077743200565919e+01 9.102169660134120477e+01 9.830987700605632540e+01 7.694560347799308886e+01 7.694560347799308886e+01 8.320305431923856077e+01 9.278191294411868739e+01 7.618447092009515131e+01 7.668401120647318692e+01 8.206982187495833614e+01 7.794349504789558125e+01 8.794774726437158563e+01 1.076364678060691205e+02 1.224598465055745606e+02 1.060623909605183570e+02 1.085848513438979666e+02 1.281285282310840330e+02 1.201279134895988960e+02 1.004830903749480910e+02 1.004830903749480910e+02 1.062369258500190483e+02 1.112336532235151054e+02 1.086823892851923858e+02 1.252276548297836030e+02 1.178401896204593697e+02 9.818136138859853190e+01 9.818136138859853190e+01 1.002591365968247601e+02 1.126989530881529049e+02 9.301511369850572919e+01 9.046118259969051678e+01 1.069568297562551180e+02 1.080365950104869910e+02 9.152970802350668578e+01 8.896124163101343640e+01
6.860554027915809172e+01 8.227580387994994737e+01 6.408794533251564474e+01 8.309012678821636655e+01 9.433997244180143582e+01 8.320305431923856077e+01 6.185195288736506569e+01 8.320305431923856077e+01 8.383508280420633696e+01 6.448487177517377233e+01 6.236305408098501601e+01 6.782030794173279276e+01 8.786780129155799557e+01 1.059456647795364717e+02 1.157890527229652662e+02 1.143090617748359392e+02 9.481653919444225664e+01 1.081449849052053622e+02 1.277187805325966679e+02 1.188828707522757782e+02 1.062369258500190625e+02 8.659257796210323477e+01 1.062369258500190625e+02 9.737396702786551828e+01 9.737396702786551828e+01 1.170162619418795060e+02 1.178401896204593697e+02 9.818136138859853190e+01 8.422231502254253144e+01 8.631687843574874819e+01 1.028197000184347019e+02 9.878037677594649324e+01 7.893285464070635271e+01 9.878037677594649324e+01 9.985512056560689587e+01 8.000797708084012072e+01 7.740262679867660722e+01
5.433706367480677102e+01 6.823170186383832458e+01 5.708289049111467506e+01 7.648799052949595989e+01 7.420254480119206164e+01 7.676545501829809837e+01 5.563562288386930987e+01 6.847765298965255454e+01 6.987478097232526864e+01 5.535876567201204068e+01 7.559955894341054261e+01 8.786780129155799557e+01 9.604540272694653424e+01 1.088729355223425728e+02 1.187023740084480465e+02 1.081449849052053480e+02 8.856698440078163514e+01 1.024274749635741273e+02 1.219482749492943441e+02 1.106891084621018706e+02 9.100152270960641943e+01 8.056969571789974793e+01 9.728470577764586835e+01 8.599696972592950317e+01 1.056757776857715356e+02 1.074564502196700602e+02 1.156486382544319298e+02 1.108027166781699009e+02 9.464462354663858434e+01 7.474729154825867283e+01 9.464462354663858434e+01 9.279612369041322495e+01 7.280197361332147921e+01 9.279612369041322495e+01 8.928541543394882751e+01 8.105386220607893222e+01 6.828808959706857706e+01
6.823170186383832458e+01 4.812284593678661793e+01 6.178105325888126487e+01 7.110437463853428142e+01 5.987675099254845179e+01 6.381372773515325036e+01 6.540995916971522206e+01 4.767111699359352173e+01 4.962069436527846022e+01 5.191709807329961279e+01 7.218446119576194064e+01 8.375299410047642823e+01 8.086962525389240852e+01 1.007059811638977607e+02 1.048244683157433457e+02 9.094656262303853111e+01 8.356772654121382971e+01 1.032504838417295332e+02 1.136774276777493355e+02 1.054895197144196430e+02 9.461426200846786116e+01 7.472904445918676686e+01 7.745925134586538263e+01 9.728470577764586835e+01 1.042505718620228805e+02 8.772919153866436659e+01 1.042505718620228805e+02 9.680404733034916376e+01 8.280537798252818504e+01 6.963179694291257249e+01 8.967029054704366331e+01 8.745246230982625946e+01 6.731752013141726820e+01 8.033368523325023602e+01 8.105386220607893222e+01 6.074661518163779306e+01 8.105386220607893222e+01
7.654622852250223275e+01 6.346223292892758394e+01 4.339894827132697941e+01 5.949189593538083898e+01 6.096505883749472332e+01 4.343705576590716078e+01 4.511582615618194581e+01 5.860280005292093364e+01 6.946863184097500721e+01 7.218446119576194064e+01 5.525880180429155786e+01 6.439580440691166530e+01 8.450966438538908676e+01 8.765010501421392064e+01 9.118478173020073996e+01 7.684178557160618084e+01 8.839713893085344409e+01 1.080172306001658313e+02 1.054895199530183874e+02 8.573914880371120262e+01 8.979138738286142996e+01 6.975375342736930406e+01 8.979138834116947976e+01 9.363493991136068928e+01 8.542849156955634271e+01 7.616424971077911721e+01 9.606691210981797724e+01 8.680468537121180361e+01 6.852158073496984514e+01 6.476272907193335016e+01 8.494717230962889687e+01 9.446856688811395486e+01 7.447882554926705723e+01 6.000961185512094431e+01 7.406154001900874562e+01 5.608812219911589381e+01 7.063294153297501055e+01
7.770218964731125766e+01 6.024945977947675857e+01 4.031534066583633091e+01 3.955829026703163009e+01 4.113284795318141818e+01 6.082325160703010880e+01 5.115431133995470248e+01 7.070883534324067909e+01 8.240148510574694285e+01 8.375299466296046091e+01 7.551437783342821319e+01 5.884405465271839120e+01 7.906070878085654385e+01 6.756268897974855747e+01 7.118677705122614441e+01 8.541421389843802103e+01 1.048244679028532147e+02 1.161576478724965540e+02 1.054895536626832779e+02 8.573914884006882176e+01 7.152046848768182485e+01 6.619164094163146217e+01 8.635496231266841960e+01 8.542849156955634271e+01 6.522172689075449625e+01 8.542849156955634271e+01 9.270936823804909466e+01 7.270520808769548182e+01 5.818786984480323099e+01 7.311846665695851755e+01 8.139668612517168356e+01 8.802488114127413610e+01 8.857179644760873316e+01 7.406154001900874562e+01 5.359228639866984878e+01 5.174632798214705076e+01 7.225413735339348875e+01
6.353966659819906226e+01 4.937714324467499694e+01 3.736612280062497149e+01 4.116320121333440341e+01 6.115437100676747662e+01 6.784913146784933247e+01 7.117388595279999208e+01 6.134444503602291832e+01 7.562546171348363089e+01 9.485071859038994546e+01 8.683883886633516624e+01 7.094440009323136564e+01 6.258645253223912874e+01 8.277706649441003606e+01 9.118453005757952212e+01 9.933661436037684211e+01 1.132590148223157058e+02 1.194204092163800510e+02 9.971916856482643254e+01 8.573914881243139519e+01 8.299440875930274331e+01 6.270144604126360122e+01 7.908902625224391159e+01 7.659168232941709675e+01 5.917804495365890460e+01 7.959530101113104195e+01 9.352734644429902744e+01 8.478168366401102674e+01 6.458018529529310570e+01 5.262193366209855583e+01 6.821885691240768779e+01 6.789242460380935995e+01 8.206690291665722725e+01 7.511157151056306702e+01 6.815257539024663913e+01 4.762580111832777163e+01 6.413153382015518389e+01
5.338861879915467767e+01 3.555684257212255517e+01 5.525400307315243253e+01 6.117367680704580835e+01 4.694435408223780826e+01 6.713182287946720805e+01 8.150532912450596257e+01 8.125634498162406771e+01 7.562546116251706962e+01 9.485050398640964886e+01 9.622049997745057226e+01 7.862898584053509410e+01 8.277782194347322786e+01 6.906902737543823889e+01 8.911780076315676524e+01 1.031885787100439416e+02 1.113231236639642958e+02 1.211197663966501068e+02 1.136777198171085956e+02 9.559491653318492865e+01 7.567176432745530690e+01 7.908902608442217286e+01 5.864738527980347271e+01 5.606738701764450639e+01 5.355188895451632192e+01 6.504926275989838302e+01 7.928831174512636437e+01 9.299212179976383652e+01 8.139541248426152720e+01 6.821885691240768779e+01 4.769821639412602821e+01 5.335460682895563878e+01 6.904485327874988343e+01 5.472954340577961574e+01 6.169140295438794652e+01 5.716012495084252976e+01 4.363507790424867494e+01
3.376956591302278099e+01 5.338861879915467767e+01 4.937714324467499694e+01 6.944199777522835859e+01 6.713182287946720805e+01 5.329107226520997642e+01 7.354230623098990804e+01 8.970823152644888410e+01 9.485050396705577214e+01 1.024590870272193968e+02 1.055957376240953920e+02 9.762129600846279232e+01 9.728064804516080244e+01 8.075767271191892860e+01 7.676684703957495515e+01 8.349049773470591163e+01 9.341067636007380770e+01 1.129664810600138765e+02 1.117062233391722970e+02 9.197398295712287108e+01 8.913624114016019462e+01 6.904181136755087778e+01 7.322849153286350088e+01 7.659168232941709675e+01 7.098070866955481506e+01 5.034798858251483011e+01 6.801802272310364117e+01 7.634626588578323947e+01 7.762478392668356264e+01 7.653283469496091129e+01 6.357184588620752663e+01 4.312504755262813205e+01 5.929393867376261085e+01 4.033871770330389239e+01 4.130020155681769722e+01 4.226285278302901105e+01 6.269533634372950104e+01
3.249513831983801992e+01 5.214183633690482367e+01 6.944199777522835859e+01 7.770219008449203102e+01 8.181961011002687201e+01 6.502836188905190795e+01 6.126537079774325889e+01 8.146541570090334972e+01 9.217654989764841389e+01 1.119992788794090472e+02 1.149268407700499495e+02 1.070677113166526482e+02 1.086798149702758991e+02 1.005379480603759532e+02 8.679722394316189593e+01 1.031885787100439416e+02 1.113231236639642958e+02 1.211197663966501068e+02 1.199065669133389918e+02 1.031391857504146969e+02 8.333603156943357249e+01 8.333603156943122769e+01 9.323760839035250569e+01 8.185341194375986618e+01 6.151244668369466240e+01 6.801802272310364117e+01 4.739272956215525312e+01 6.514395841741060167e+01 5.721301306224140859e+01 7.154180054515330767e+01 7.035228674919727609e+01 5.582318803786842665e+01 3.898268095943153355e+01 5.930496040974011152e+01 6.068335125638616745e+01 5.321916010053212887e+01 7.014178946017695182e+01
3.574125181678056151e+01 5.526351783467554668e+01 7.155700393289902195e+01 8.045172903525221386e+01 9.340385781192190962e+01 8.517257048848428269e+01 7.300147389025359246e+01 7.213785269172240078e+01 8.636383474381949554e+01 1.062096856894788743e+02 1.038989718194932550e+02 8.791418869192385444e+01 1.038989718194932550e+02 1.145886712415262139e+02 1.064478794933672958e+02 1.145886712415262139e+02 1.114757287913732426e+02 1.031864962147319744e+02 1.114757287913732426e+02 1.113282578001024916e+02 1.031391857504146969e+02 1.031391857373196643e+02 9.597665117717629357e+01 7.600337470863895817e+01 8.185341194375986618e+01 6.801802272310365538e+01 6.514395841741051640e+01 4.457334669977539221e+01 4.267956722153500237e+01 6.048049582486140707e+01 6.884706608815668005e+01 5.837332590827642065e+01 3.807489628974865070e+01 5.434497949313463039e+01 7.568166323426218867e+01 7.191757853243346688e+01 8.026592257124784169e+01
5.526351783467301004e+01 4.360466224585370298e+01 5.232413855074170073e+01 6.633155004568273228e+01 8.634112001181182450e+01 1.012342084743588515e+02 9.302737523040312340e+01 9.217654990738559206e+01 1.003844540378010493e+02 9.861340446609186472e+01 9.067957174107830554e+01 7.646737450321782603e+01 9.600941987341418837e+01 1.005035539900374317e+02 9.225439677840748232e+01 1.005061125207860755e+02 1.014393709615129069e+02 8.308862207173754655e+01 1.014393709615129069e+02 1.073437343576750180e+02 9.907323051934470470e+01 1.042440890717167719e+02 1.041753820929918106e+02 9.597665117717629357e+01 9.646472345096745471e+01 7.955988056374665973e+01 5.917270242942919367e+01 6.514352770716556051e+01 6.048645292426617459e+01 4.006123222228053748e+01 5.786128458759182536e+01 5.744684475235896315e+01 3.717264255830353648e+01 5.161842576747321232e+01 7.267048566188708492e+01 7.112301280667944070e+01 7.906335868813155798e+01
7.155657160036896869e+01 5.489573854560983079e+01 7.155700393289902195e+01 8.045172903525221386e+01 8.969057821496046756e+01 8.756358458278023704e+01 8.777340576556402141e+01 7.971372184807881922e+01 8.777340576556402141e+01 8.624577489892512006e+01 7.093885279447512460e+01 6.880790337972653958e+01 8.862235611444954486e+01 9.055904386402887951e+01 7.238063804898816045e+01 9.055908842713726870e+01 9.313755914323486707e+01 7.290833948252908669e+01 9.313755914323486707e+01 9.589445223184944211e+01 7.929881799501841044e+01 8.442495251000495671e+01 9.847505086742451397e+01 1.092583446837930268e+02 1.008890998296537731e+02 8.782088572169750762e+01 7.955986240111640484e+01 7.973684124413375685e+01 6.022510658572426223e+01 5.786128464615757139e+01 3.751820520188551455e+01 5.527848287132849237e+01 3.627636401131505295e+01 5.652523279310380389e+01 5.889972140649738463e+01 5.120957049589718224e+01 6.797981956907501910e+01
7.005626196985882359e+01 7.479686059408285814e+01 8.305157674394750700e+01 8.969057821496046756e+01 6.987804932673022051e+01 6.769407005059680671e+01 7.782141754325749616e+01 5.962493233243767321e+01 7.782141754325749616e+01 6.635107809270155599e+01 5.917523826679870069e+01 7.351261677868399147e+01 9.300910010241041448e+01 8.231727626294896538e+01 6.241341977537752683e+01 8.231727626294896538e+01 8.639448592299952168e+01 6.625919998914397979e+01 8.639448592299952168e+01 8.714223612983060718e+01 6.821761867776973531e+01 7.071535791267439208e+01 9.022984317707646085e+01 9.756861209235589172e+01 8.062446460497250200e+01 9.756861209235589172e+01 9.005470342198044875e+01 6.794341512726232679e+01 6.697710444638998695e+01 5.892920975287567842e+01 5.439989154287327722e+01 3.501316114455715223e+01 4.768878588564877674e+01 5.603922281349272794e+01 3.857784260477226468e+01 3.952045362174769849e+01 5.986736221483602804e+01
7.829211958042590425e+01 8.118166028285484970e+01 8.352481662349062219e+01 8.756358458278377555e+01 6.769407005059680671e+01 5.330544110159322457e+01 6.340957860989082207e+01 4.939722498061626510e+01 6.577695933558996444e+01 5.192534533259257046e+01 7.217809987759417822e+01 8.731531603713490597e+01 8.851206722152159045e+01 7.454640339715174946e+01 5.587251501071403936e+01 7.568259219148471573e+01 8.058192954593882007e+01 6.089232564296645478e+01 7.486258548362391707e+01 7.200955648192557135e+01 5.991995012110273677e+01 7.896314959232931585e+01 9.847487070848163171e+01 8.918930722765438190e+01 6.878313217505785815e+01 8.528324673607976081e+01 8.619320054677261567e+01 6.207994664946787111e+01 4.582635878002797369e+01 3.924338082065528965e+01 3.416064079478818627e+01 5.440013993960599237e+01 3.632167067122722415e+01 3.725033903594054152e+01 5.760668152301220601e+01 4.279954867442568656e+01 4.086726640308453540e+01
7.478434832854237868e+01 5.963472144130686559e+01 6.199485183408668121e+01 8.352481662349062219e+01 7.713493956639189264e+01 6.340957860988794437e+01 4.311070446732063743e+01 4.170888110748489908e+01 4.546894142626191382e+01 5.460971101466729039e+01 6.639868046501577226e+01 8.630351401708112746e+01 8.025321964879863401e+01 6.036044158063136678e+01 5.039629795070790408e+01 7.000471953309454420e+01 8.046033904008953641e+01 5.626160159865241894e+01 5.935964208028963895e+01 5.308154613207360484e+01 7.200955640317795314e+01 8.714214489957676335e+01 1.011099988511620040e+02 8.147649799632277734e+01 6.093792051099279661e+01 6.555635009606606900e+01 8.017128469825907189e+01 7.594352574753175134e+01 6.581631765353698427e+01 5.378299806130097949e+01 3.356424510943829631e+01 5.347727586544704081e+01 6.036558643867986973e+01 4.965884291698327502e+01 6.673571768399590098e+01 5.421323303197822696e+01 6.124957641989431067e+01
