LEM/sinusoidal_perturbations/elevation_000006.asc
nrows	100
cellsize	150.0
xllcorner	0
ncols	100
yllcorner	0
NODATA_value	-9999
[rows 17 to 33 of 100, columns 0 to 36 of 100]
5.222468517465790779e-03 2.000522246851711117e+01 3.645102687816559239e+01 3.959841148514165354e+01 3.592834310369605078e+01 5.592834310369675421e+01 6.062529834701665976e+01 5.473887999269474847e+01 6.062529834701665976e+01 5.818959523055297467e+01 5.818959523055298177e+01 7.828941932135116133e+01 8.056922496539246481e+01 7.225473197997558827e+01 8.056922496539246481e+01 7.542641360095791470e+01 8.368848030747680866e+01 8.373921132840958137e+01 7.108179151914778515e+01 7.108179151914778515e+01 5.978702246844178347e+01 5.055656475331868194e+01 6.483532742412975836e+01 8.185364292912160522e+01 9.017667909602478460e+01 9.290207180294518707e+01 8.448932117191920099e+01 7.497751306318355091e+01 9.541202982973862845e+01 8.555716642964735286e+01 6.504410160237047478e+01 8.555716642964735286e+01 9.299156380937429844e+01 1.013820758693465365e+02 1.076206899458429120e+02 1.003489098007502918e+02 8.412036328482746228e+01
7.333276091007126865e-03 2.000733327609065171e+01 3.017032106932050439e+01 1.959841148514095011e+01 3.374054710887239850e+01 5.374054710887310193e+01 6.339627074685242292e+01 5.504791773516004127e+01 5.504799089829937486e+01 5.595443261884560826e+01 6.468662023758012936e+01 7.682299350486303524e+01 7.805618623094157726e+01 6.839754302981202727e+01 6.282822482955425158e+01 5.550692814576098044e+01 6.958869645853383190e+01 8.951990949949602339e+01 9.120706582682798569e+01 8.826221087057319892e+01 7.785857914659631263e+01 5.770363736470099525e+01 5.694939949866039086e+01 6.171611194792597388e+01 8.185364292912160522e+01 9.838507984530072292e+01 1.037934857235288177e+02 8.946438246324397880e+01 9.541202982973850055e+01 9.396675226007648973e+01 7.692585738289847086e+01 9.396675226007648973e+01 9.772743384599135652e+01 8.969264854608961457e+01 9.772743384599135652e+01 9.231749270835571508e+01 7.283096023958331955e+01
6.343274376862209282e-03 5.006343274376882313e+00 1.017032106932014912e+01 3.017032106932050439e+01 3.959841148514166065e+01 5.959841148514236409e+01 5.504791727029677872e+01 3.489532140321207976e+01 3.489532150815291800e+01 3.505897796522163645e+01 5.575940097367876547e+01 5.961856310682816229e+01 6.190533723774219510e+01 4.584585381583593033e+01 4.290198105397669082e+01 5.699357998222875210e+01 7.691430355159765497e+01 7.928946269199353480e+01 7.682580762871580760e+01 8.527131435864357911e+01 8.618423073082702501e+01 6.673399420598846632e+01 7.710718140145151267e+01 7.596470972394405408e+01 6.995031503678409024e+01 9.006572423671734384e+01 1.084307242688648500e+02 1.097709207661427939e+02 1.156841428863129124e+02 1.057232218949595648e+02 9.734775378998321571e+01 9.524691621857685675e+01 8.797666639275608702e+01 7.014809869416838239e+01 8.797665434039195986e+01 8.542793429551194606e+01 6.581960300959767096e+01
3.497053469895897767e-03 2.000349705346954110e+01 3.017032106932050439e+01 3.017032106932050439e+01 5.017032106932121138e+01 4.957912784084835778e+01 3.820066234977306863e+01 3.253016898959337055e+01 2.069272157384930111e+01 4.079788241315712582e+01 4.216222800870927756e+01 5.493302494289893190e+01 4.664444935746099929e+01 3.346796053258886872e+01 4.769417076400580413e+01 6.781702234729294787e+01 7.341417729296037464e+01 5.919813883389075215e+01 5.660305437411084739e+01 7.085971217355387353e+01 9.122923619098045833e+01 8.685855740500740296e+01 8.317064593108818826e+01 9.607078534097075817e+01 9.006572423671734384e+01 8.001730678588644707e+01 1.001141392981062097e+02 1.113035518480172215e+02 1.016122569199680044e+02 9.358541959566454693e+01 8.670642376416608954e+01 7.577128216157763063e+01 7.707206291534045306e+01 6.019723658459528082e+01 7.992037361719130217e+01 7.951579581861020074e+01 5.978459571034776587e+01
9.635555453094322986e-03 1.000963555545300743e+01 2.415177117918370797e+01 4.415177117918299388e+01 4.792302055321255949e+01 3.674805534637958715e+01 1.622744604927817136e+01 1.254492309467340938e+01 3.253016305554975673e+01 2.669421706658941318e+01 3.856585347028386934e+01 4.042699578163535534e+01 2.658750038732875964e+01 4.664444935746099929e+01 6.190363169261785004e+01 6.449667970912534543e+01 5.650960378971194586e+01 4.503653864393150741e+01 6.508275134891393066e+01 8.463630923463335876e+01 8.906076078421841657e+01 9.779014924307085721e+01 1.032678816805040469e+02 1.115838528932525975e+02 1.084307242688648500e+02 9.162550607626631916e+01 1.084307242688648500e+02 1.032784118809336320e+02 8.389242847398222125e+01 7.412868173342234002e+01 6.713433598747701581e+01 6.178251207867926098e+01 5.728987543981192232e+01 5.312897437885252572e+01 6.799263729334835205e+01 7.404334398569201880e+01 5.423902456754887424e+01
8.845047570523793118e-03 2.000884504757016913e+01 3.829390680291390225e+01 4.774503810820687733e+01 2.792157788816261643e+01 2.792180749183210153e+01 1.020756245997601930e+01 3.020857055122585777e+01 1.500480249537967126e+01 1.675459883694162144e+01 1.854746894685829517e+01 2.039936632680339912e+01 2.248746522218179678e+01 4.251499756658368057e+01 5.380277048426626862e+01 5.214680001575974444e+01 3.650591844724959856e+01 5.650960378971194586e+01 6.937191917985988709e+01 8.049710553895069154e+01 6.881397231647554236e+01 8.310483604471114916e+01 8.981552241670742376e+01 9.821982398437856432e+01 1.083411908443597298e+02 1.117098326480927284e+02 1.200246098250113107e+02 1.113036280631880146e+02 1.016122569199679617e+02 8.314457688897113030e+01 8.670642375800271395e+01 7.323617523346112534e+01 7.707206291534045306e+01 6.222658577461506724e+01 4.821935275523403419e+01 6.339544201765298936e+01 4.971915805715840264e+01
8.023991185656003874e-03 1.415015961491673124e+01 3.415015961491743468e+01 3.946804875283373093e+01 1.946810532724991916e+01 7.920914657305967665e+00 2.792180749181749988e+01 3.849600567425306252e+01 3.499915901456530776e+01 3.675937029299135617e+01 2.750203311956160235e+01 4.042699578163535534e+01 4.251499756658368057e+01 2.549699360658366487e+01 4.551594641210429160e+01 3.250309081033493186e+01 5.250841866546885939e+01 4.128839366159536439e+01 5.532939033671878093e+01 7.008224636812309427e+01 5.723861623331479365e+01 6.301255404505172919e+01 6.968346330254273369e+01 7.971364483005218915e+01 9.991740000801360111e+01 1.196372702158665078e+02 1.255248562239285803e+02 1.207459110704363781e+02 1.105828358586463622e+02 1.025548249388161679e+02 1.007611055710870431e+02 9.273077633996824432e+01 8.997188588945597587e+01 7.609923583203553221e+01 6.339544201765298936e+01 4.377984220026035445e+01 5.995463781954385496e+01
4.598823041778624977e-03 2.000459882304142312e+01 2.232256003150681778e+01 2.348701663197917355e+01 2.465787669278027749e+01 6.344693844826930551e+00 2.634551537386059294e+01 3.722928065553205812e+01 5.136765407738850087e+01 5.580569773656608135e+01 4.751667215672958378e+01 4.751667215672958378e+01 5.375016816252925622e+01 3.964313905895377843e+01 2.861156088149840926e+01 4.862235754160681012e+01 5.944567201993168482e+01 6.128574011085929385e+01 4.645329984973658100e+01 5.016756276664141012e+01 7.009636598020151155e+01 8.310359096641114718e+01 8.981552241670742376e+01 9.821982398437847905e+01 1.083411897839823723e+02 9.959741463500792236e+01 1.054669524049353697e+02 1.006991946215677132e+02 1.148780328747605353e+02 1.153713034390747509e+02 9.514926143614010812e+01 9.514926143629392641e+01 9.117271732712478638e+01 7.160477344527564014e+01 5.762103592792399098e+01 5.995463781954385496e+01 4.051954348483099011e+01
7.340434288523949372e-03 1.163970298221005617e+00 2.322539190947992438e+00 3.486984210427158448e+00 4.657395682388468572e+00 2.464448117372585045e+01 8.948472066274366199e+00 2.309090807793118216e+01 3.988999971880472373e+01 4.315612106294169337e+01 6.314897303532853101e+01 6.752239340472627305e+01 6.749580640444268909e+01 5.676781695774314329e+01 4.276325076947592407e+01 3.427584399526588754e+01 3.944245316999699469e+01 4.521723579931110493e+01 6.522003986886203108e+01 7.018309459041503828e+01 5.959630585271971626e+01 6.854494481978284171e+01 8.011073955489460729e+01 1.001680722004607986e+02 1.054669524406423022e+02 8.563455333581779882e+01 9.401671148917773735e+01 8.672107698034839984e+01 1.065707418769750632e+02 1.094235961486193673e+02 8.923663840466649333e+01 7.529976628324997989e+01 8.453925998449646784e+01 8.541058569335238815e+01 7.387784072396220836e+01 5.418745834486123414e+01 5.673771780304496559e+01
3.515918393995972821e-03 2.000349386480083425e+01 2.232256003150681423e+01 2.348701663412130713e+01 1.172130346399169198e+01 3.133682781650080074e+01 2.894850502320410612e+01 1.160923251938913481e+01 2.315650435502466564e+01 4.265023903008373196e+01 4.875929166909897816e+01 4.875929166909897816e+01 6.875161313897127968e+01 7.106051247883527822e+01 6.094831878385785018e+01 4.094544407469932423e+01 5.944567201993168482e+01 6.522029724788308158e+01 5.464564817885104020e+01 7.465083075221825482e+01 7.962445432182586558e+01 7.962445432182833827e+01 9.690111922273037237e+01 1.084847677111337276e+02 1.063178882269298526e+02 9.401671148917773735e+01 7.445570969860317234e+01 9.401671148917773735e+01 1.002736131319963704e+02 1.061025559795199626e+02 1.035144722091023652e+02 8.453925998449646784e+01 6.490403672455735773e+01 8.453925998449646784e+01 8.196368515896510587e+01 7.387784072396220836e+01 6.485027401858546625e+01
4.608085242692564441e-03 1.414674381980481321e+01 3.414679674081698124e+01 3.950767191018790214e+01 2.160626352554267626e+01 3.950779234784906180e+01 3.988999971880472373e+01 2.575174571176546934e+01 1.436949505959349871e+01 3.436969048206640309e+01 2.875964403512616130e+01 4.290253773709856233e+01 6.289888051331602270e+01 7.622340586989166411e+01 6.924049509674728142e+01 6.094831878385785018e+01 5.359568865689393391e+01 7.360042486649363980e+01 7.465083075221825482e+01 6.619250477397115162e+01 7.774150449640993088e+01 9.776663121151774760e+01 1.079953918991950133e+02 1.133517328515514038e+02 9.216219236444884189e+01 7.810455665947124260e+01 6.953560614735914669e+01 8.309589526750484367e+01 8.063847461008388962e+01 8.638947353361481873e+01 9.305035924416209525e+01 7.861901741832973300e+01 5.901514277911415718e+01 7.861901741832973300e+01 8.677276152531779019e+01 7.796112836942943147e+01 6.977950955071750627e+01
1.610643649003322799e-03 2.000161064364864671e+01 3.535740889604101511e+01 4.430109085067284980e+01 3.533001344558622492e+01 4.929861521699043436e+01 5.402825372584398878e+01 3.436969049205738713e+01 3.436969048206640309e+01 1.721217309486043234e+01 3.721248057145336219e+01 4.854286492011724619e+01 5.992952676073978324e+01 5.625610040789840838e+01 6.883665732025994544e+01 7.701388657127367310e+01 7.360042486649363980e+01 7.360042486649363980e+01 9.362098065149187676e+01 8.620511891199393517e+01 9.450949639944380465e+01 1.060776996147734224e+02 1.148639558961228460e+02 1.065049148273603663e+02 1.063171727838589504e+02 9.720478999433400702e+01 8.309589526750484367e+01 6.382684922179245746e+01 6.705452432348738512e+01 8.587698281634345676e+01 8.474269956218239486e+01 6.506134037245168145e+01 5.378450900502139120e+01 6.702215455429841029e+01 6.702215455428783741e+01 6.982615646451935731e+01 5.042537728829724841e+01
2.022278438842990342e-03 7.073090090304288147e+00 1.601736200030360280e+01 3.015949765202928745e+01 5.015952032466664434e+01 6.326753629289291325e+01 6.264126440082813474e+01 5.135389905300205982e+01 3.135491324535218638e+01 3.721248056962489414e+01 2.026215348371468039e+01 4.026258602254952024e+01 3.992855094309030051e+01 4.211591733816999295e+01 4.887258450495274786e+01 6.883666266356659946e+01 7.847887842351492793e+01 7.746260159786066879e+01 8.154506127054230546e+01 8.373035875023498420e+01 9.199414345901695356e+01 1.008304315036499901e+02 1.069614422902912594e+02 8.787133129104232410e+01 9.358247040179965381e+01 1.016217170097879432e+02 9.128051413862701224e+01 7.774262137854468335e+01 5.864084249864864518e+01 7.204723010445542286e+01 9.149251223547223333e+01 8.162389013818574313e+01 6.702215455429841029e+01 4.747132801750490216e+01 6.179697637366952989e+01 6.998986035420077201e+01 5.614017010556933229e+01
6.642187732006160465e-03 2.000664218773165004e+01 3.535742229864992936e+01 4.430183915084735702e+01 5.532656897320161704e+01 6.118445422986557958e+01 6.458543274483918140e+01 5.963090873997617791e+01 5.135389905292117163e+01 3.659288474007266956e+01 4.026260708700050372e+01 2.344441473005990062e+01 2.578528317600968833e+01 3.473030338016535268e+01 5.269109004492541715e+01 5.021943277476899681e+01 5.961122202698865635e+01 5.746921632147646619e+01 6.155169674688515613e+01 6.373916528490674693e+01 7.257208197258023574e+01 8.898536726741437519e+01 9.896505114427660033e+01 9.358247040179014675e+01 7.436648052263907971e+01 8.456327687988574837e+01 9.262043667220760312e+01 7.455512513805965114e+01 5.559114924045036332e+01 7.455512513805966535e+01 9.075381748889209632e+01 8.092932035207608976e+01 6.126161786668767917e+01 6.179697637366952989e+01 4.227406784961241470e+01 5.704996751474468653e+01 4.906922617758856831e+01
1.591255364720534126e-03 2.000159125536436378e+01 3.083920308583449099e+01 3.583920329175921893e+01 3.532656329733843847e+01 4.118442930257149470e+01 4.458542714668916318e+01 6.458543274491267994e+01 6.486700673995355260e+01 5.659100251702150075e+01 3.977533587292280259e+01 3.758779589956731115e+01 4.577677967697696459e+01 2.940688698921324828e+01 3.269514509539476421e+01 3.607618585206459016e+01 3.961226991489653670e+01 4.332676145563925019e+01 4.740972513258801513e+01 5.257386808810786505e+01 6.073841567448971546e+01 7.073824255737741851e+01 9.072144785527174804e+01 1.016217170097879432e+02 8.456327687988574837e+01 6.543063595754306050e+01 7.708277593629581759e+01 7.151407826966057257e+01 5.271288409337600456e+01 6.339992924187205858e+01 8.260047167792339451e+01 8.921257834166404166e+01 8.092932035207608976e+01 6.278847870600657899e+01 5.704996745280246273e+01 3.710258912750155247e+01 5.269010464460971832e+01
6.189296070378335485e-03 2.000618929607002272e+01 1.083920283201459789e+01 1.583920283201464052e+01 2.118442767026322215e+01 2.825549548212882200e+01 4.239763110925236589e+01 6.239763475972929285e+01 6.814575896859231818e+01 6.804939781019926670e+01 5.977332157396455870e+01 5.760297846301819646e+01 4.573813116848256044e+01 4.941339173812222185e+01 3.589644787783313262e+01 5.589673493909048574e+01 5.961122202698865635e+01 5.746921632147646619e+01 5.895666129019508617e+01 7.257049913146411768e+01 6.522357858013712928e+01 8.526897696895616718e+01 9.896505118108383670e+01 1.001016202302605222e+02 8.871345745783918346e+01 7.708277593629581759e+01 5.811299150888002174e+01 5.356811494234825233e+01 5.004439741041001355e+01 6.867758712787123443e+01 8.054340454674914440e+01 8.864626032342540896e+01 8.963986780326168002e+01 6.851875473614371970e+01 4.961987804558743420e+01 5.269010449186382061e+01 3.151991066709756595e+01
2.247884206357958405e-03 4.172536165347871417e+00 1.571954154914122448e+01 3.571954169911013821e+01 4.118442845308599942e+01 4.825549655451887787e+01 5.653982700750124479e+01 5.182521555843362648e+01 4.815725656163108681e+01 6.814575896859231818e+01 7.835164709065803379e+01 7.401676752721284913e+01 6.573680033406438383e+01 6.418372747697708292e+01 4.744453555662931876e+01 4.374199438511792692e+01 6.374329829778665868e+01 7.746260159786066879e+01 7.895183869331538062e+01 8.721929685751202044e+01 7.938207064565904147e+01 9.370390036718629290e+01 1.043421527071867274e+02 9.178339674293350470e+01 7.232904348680263240e+01 6.143045283943123280e+01 5.394281099989056116e+01 6.268912453118424821e+01 4.745841689249815687e+01 6.592659594384707589e+01 6.147478187087504864e+01 7.485157320701533479e+01 9.428470099043873631e+01 7.828637263202087127e+01 6.433197280191622269e+01 5.087276253956795102e+01 4.829239265969528816e+01
