LEM/sinusoidal_perturbations/elevation_000551.asc
nrows	100
cellsize	150.0
xllcorner	0
ncols	100
yllcorner	0
NODATA_value	-9999
[rows 51 to 67 of 100, columns 37 to 73 of 100]
6.753149026436449276e+01 5.228672797847526255e+01 5.790473513137983730e+01 6.555560915234444508e+01 7.560160515320198726e+01 9.546003286459787773e+01 1.043716923898371363e+02 8.430736011036303523e+01 7.006104777611008672e+01 8.886869677601042383e+01 9.719067932651140040e+01 1.004250762086415278e+02 8.035406513644230131e+01 6.608606686809244479e+01 7.951760703455123291e+01 8.784190898745455911e+01 7.937350540625486417e+01 5.916631606990850401e+01 6.931242202373225325e+01 8.943458878877758877e+01 1.017897959081675197e+02 9.592043912169624775e+01 1.159596767721167510e+02 1.281325440957841408e+02 1.165060902836914778e+02 1.081656313578113924e+02 9.052652992398115828e+01 9.178230363973366934e+01 1.085884452555322923e+02 1.148893084641090212e+02 1.232351441722508980e+02 1.209932623821403581e+02 1.128965470689375792e+02 1.127890636927069892e+02 1.072671836253012714e+02 1.023720111849283398e+02 8.247571423640432897e+01
4.738677409147482678e+01 6.753149026436449276e+01 7.798089934221822261e+01 7.214814513385020689e+01 9.206241365804906707e+01 1.036968756677666335e+02 9.742911910819032073e+01 8.460338012129280116e+01 6.443466472477429363e+01 6.872600703734940453e+01 7.723930943319132325e+01 9.735698310790165522e+01 9.454789671369887571e+01 7.951760703455123291e+01 5.931673688085975726e+01 7.356099991068055033e+01 7.291934759666979460e+01 5.645319842565859858e+01 7.667320816568901876e+01 8.943458878877760299e+01 1.094966432783134707e+02 1.159596767721167510e+02 1.242951173196544232e+02 1.197931939964738461e+02 9.965366473812076720e+01 8.808300394458916571e+01 8.061990229600702662e+01 8.059762967751289864e+01 1.003230693504907123e+02 9.477108499275428244e+01 1.148893084641090212e+02 1.185151224609334690e+02 1.268625731554084268e+02 1.240659378470853085e+02 1.142581488130027765e+02 1.061080165861088460e+02 9.252419659233927973e+01
6.164724370420492505e+01 6.016489446901972116e+01 8.020436702467404189e+01 9.206241365804906707e+01 1.003013924445596103e+02 1.033101921446302214e+02 8.321177712254531400e+01 6.894917499563021579e+01 7.485076586792975206e+01 5.702131739538090471e+01 7.723930943319132325e+01 9.334717059893931435e+01 8.488092267435236238e+01 8.784190898745477227e+01 7.356099991068055033e+01 5.333739934033889796e+01 5.269542426650453137e+01 5.811088531002477708e+01 7.837795467158839813e+01 9.514821304149594994e+01 1.040931639089087923e+02 1.156083944444858531e+02 1.123744824277652867e+02 1.040056486235500870e+02 1.040056486235500728e+02 1.081656313578113924e+02 9.242843155777053710e+01 7.247707283236577780e+01 8.063361023523768267e+01 9.750549173117090618e+01 1.042205760255288283e+02 9.829958102401218412e+01 1.185151224609334690e+02 1.158907118629196020e+02 9.632532130929807579e+01 8.644017573900893581e+01 7.967424288807116284e+01
8.140584184191249051e+01 8.020015910911820356e+01 8.020436702467404189e+01 1.000943728347077979e+02 9.756629192296614406e+01 9.621181028353328202e+01 8.458431724144666930e+01 7.485072967306570035e+01 5.463195030507953476e+01 5.270349230095759907e+01 7.292916730091077682e+01 8.488092267435236238e+01 6.504295760738270360e+01 7.085336305055629680e+01 6.679200090728906503e+01 4.937989039251827705e+01 6.366096403825102357e+01 7.808601746697252111e+01 6.676629286329561808e+01 7.580674560962255271e+01 8.740195536181757063e+01 1.073411829441128873e+02 1.040056486235500870e+02 8.371297713770039195e+01 8.371297713770039195e+01 9.186031116546379849e+01 8.347095147464290221e+01 6.774539380462458382e+01 7.275437991285433270e+01 7.761528379858827975e+01 8.407532314245499094e+01 9.567125514097197936e+01 1.158991655389383055e+02 1.240659378470853085e+02 1.142581488130027765e+02 1.061080165861088460e+02 8.792503537419965198e+01
7.375267598572834515e+01 7.809584799477036654e+01 8.647515902878426175e+01 9.198631448633950924e+01 7.830614307761045723e+01 8.788235836086612096e+01 6.773038534265906208e+01 5.603583860875188094e+01 4.698591184327175796e+01 6.720863177111462505e+01 8.126720907607229094e+01 7.393931175881807860e+01 7.085336305055629680e+01 5.138502015008500479e+01 4.658012873952140609e+01 6.088164806456231304e+01 7.788999484579311172e+01 9.068163610374256223e+01 8.687464267837613363e+01 8.320827518600418671e+01 1.031848000566808992e+02 1.044292294846372045e+02 9.604715878882073810e+01 8.965656300751479080e+01 6.933760128662974864e+01 7.949708214707237630e+01 6.315787657034704239e+01 6.959814396946106285e+01 8.335207359721128739e+01 9.750549173117090618e+01 9.159420155374866113e+01 1.117766086486265351e+02 1.242471285626028390e+02 1.278758121142255817e+02 1.196097946979393782e+02 1.157271765157649526e+02 9.929997104655760154e+01
6.233382675937547646e+01 5.754655893982607040e+01 7.466549040091038592e+01 8.230539823230324714e+01 6.460454836102766762e+01 8.230539823230324714e+01 7.825022922204398412e+01 5.805563384205770916e+01 4.375578771379661447e+01 6.397049388553712390e+01 6.801103046359236259e+01 5.374112813278545531e+01 6.144959479647118883e+01 4.384014954249210660e+01 5.814544531882467737e+01 7.511626553326259170e+01 8.939324883508916741e+01 9.422320346007455782e+01 8.589077880665257680e+01 9.431647389453877395e+01 1.114377244270169598e+02 9.270855708556145203e+01 7.571956266454375850e+01 8.428563300659322977e+01 7.588136893487320833e+01 5.916231694562640087e+01 7.949708214707237630e+01 8.068692388682349304e+01 9.831366427012461884e+01 1.141604263399338066e+02 1.117766086486265351e+02 1.201302113463789851e+02 1.215522192087647113e+02 1.132898788008466084e+02 9.970293283899188452e+01 1.163742823126666224e+02 1.188754376165002213e+02
5.397727934463575394e+01 4.596628097560813586e+01 6.559024347456427506e+01 7.427592921439034512e+01 5.470951950825563159e+01 7.427592921439034512e+01 7.517083138628966310e+01 5.497165541522149113e+01 4.071404224799724858e+01 6.088785708227253934e+01 5.716752197684014902e+01 3.950633847247171815e+01 4.124708627932324845e+01 5.553377404881128143e+01 7.234660367425044569e+01 8.657043427408650871e+01 8.294653464441503843e+01 8.407700267825674700e+01 6.568129884213591652e+01 8.407700334015902399e+01 9.828872466788317297e+01 8.431101569449147348e+01 6.396767806173375703e+01 7.256578423600331007e+01 5.554263893794839646e+01 6.232210653789842780e+01 7.670991458652932238e+01 9.702819586216529046e+01 1.084792697399709880e+02 1.163363834220479021e+02 1.080048069427978561e+02 1.163363834220479021e+02 1.132898788008466084e+02 9.323655213732742197e+01 8.797735577857338285e+01 9.911003553172312763e+01 1.191246843299538085e+02
4.694510658008362469e+01 3.736588965064549939e+01 5.716875779124620749e+01 6.775379264567870052e+01 4.804704601557506294e+01 6.775379264567870052e+01 7.507118233935926810e+01 5.794527128841854591e+01 3.788219899654605172e+01 5.473001962700805478e+01 3.713915097987469238e+01 5.716752200259898586e+01 5.552462473880675020e+01 6.971397361560255490e+01 8.399821010472399507e+01 8.294624419094266443e+01 6.250948750083043137e+01 6.625803735057453991e+01 5.533321962428608742e+01 6.986517568569462355e+01 8.929718494117388161e+01 7.790661794596736911e+01 6.949762202967501423e+01 5.224109213870447377e+01 7.112483627389192975e+01 8.266100016079182922e+01 7.519147097792605905e+01 8.957437540741177884e+01 1.098544866770478023e+02 1.063575856821876613e+02 8.811208122227120043e+01 1.063575856821876613e+02 1.096044455095574932e+02 9.911003553172312763e+01 7.827768016489788749e+01 9.312657179743159475e+01 1.132756599813453988e+02
2.778332720073169071e+01 4.726732699742287025e+01 6.292617562220297600e+01 5.483525603200059351e+01 4.233615885557699698e+01 6.206494490980770706e+01 6.672195727594319692e+01 4.655607859655098224e+01 3.519054450551104196e+01 3.486410380730996650e+01 5.473001962700805478e+01 6.552158015429725424e+01 7.554418806361776717e+01 6.991452968119955358e+01 6.872953037509027752e+01 6.970103717665747922e+01 6.484422312751975426e+01 4.593330538565918886e+01 6.622729043040358476e+01 8.059012151633545784e+01 7.493408894438326229e+01 6.057108438284299723e+01 4.920528577449040597e+01 6.697265602382903182e+01 6.818972214741275195e+01 9.179681468481304307e+01 9.551427438282189541e+01 1.038965988964606169e+02 1.112318334061513809e+02 9.805843245812921793e+01 7.831391020539305714e+01 9.805844408253454958e+01 9.494329851146919452e+01 8.028215151338068267e+01 7.186657668668269139e+01 8.762932370571817842e+01 1.080930103191528673e+02
2.271661419951974992e+01 4.264677180241264409e+01 5.177136493550416674e+01 3.506541038454846415e+01 5.483456814236990340e+01 6.923427178428542561e+01 5.778209659460669201e+01 5.034948750583482990e+01 3.261857452613760699e+01 5.234732583032192110e+01 6.307978083699785543e+01 6.635444084278272214e+01 6.268693802964056516e+01 4.844984624048539246e+01 4.900047386949825068e+01 5.110885448025329225e+01 3.974727811394297561e+01 4.422510653411686832e+01 6.159198413217290380e+01 5.717382767175318037e+01 6.366074319493807110e+01 4.625614875962439498e+01 6.057122968624287296e+01 7.790661867793772899e+01 9.083206230294885586e+01 1.017480717469642428e+02 1.128906096059786819e+02 1.048202621744913472e+02 1.029184433373923895e+02 8.310116071706843854e+01 7.174335073890671310e+01 8.373678372346783760e+01 8.149629633838185327e+01 6.538527614238125807e+01 8.626464080184761940e+01 1.010943040621986029e+02 9.599196155417953946e+01
3.690421910688950646e+01 2.359697168644581566e+01 4.352452192787870189e+01 3.054769204354382595e+01 4.515189530714528132e+01 6.311579207317146256e+01 3.129738956757278245e+01 3.067162223965320322e+01 5.034948750736481315e+01 6.068655228943980262e+01 6.039085503547732259e+01 4.619876236435028005e+01 5.286384046283095728e+01 3.407240231434180799e+01 3.490626308572335290e+01 3.574650336729398248e+01 3.658917267403860762e+01 3.745025949914185048e+01 5.758423993535600971e+01 4.143039611525243515e+01 4.341075832340275298e+01 6.366109838630695350e+01 7.493413585514048236e+01 8.934816933055155630e+01 9.940870478961110734e+01 1.049553426943514580e+02 1.008274932120660168e+02 8.346881287337592426e+01 1.009748242043590949e+02 9.772803395000232740e+01 7.794141812508151190e+01 6.393691211180672695e+01 6.145724601077382943e+01 6.334486830808005919e+01 8.335676019446282226e+01 8.358990054175765749e+01 7.595070777871443113e+01
3.414155883619030618e+01 4.334311253646705353e+01 2.448194659116751382e+01 4.343605098284078991e+01 4.589940802748191828e+01 4.677219128082451505e+01 4.708251748071204190e+01 2.927058348341049765e+01 4.895379456026289233e+01 5.910831065377523430e+01 5.086264648339002292e+01 3.205295164592051549e+01 3.289325190803089072e+01 5.268014602882178821e+01 4.244337585392151624e+01 5.584909607229146644e+01 5.671361420476722515e+01 5.758423993563649645e+01 3.868119049610569249e+01 5.883540542634879955e+01 6.010869615040125069e+01 6.094694736647061006e+01 8.033395138454682183e+01 8.521997601696226354e+01 8.151260724161474513e+01 9.379674638803589914e+01 8.570607430325857479e+01 7.093492351815234542e+01 9.169575104283360645e+01 8.516145308457448948e+01 7.687551808700666811e+01 5.903977128121119478e+01 7.911275941539862799e+01 8.335676019446282226e+01 6.602555431058030422e+01 6.795041700282418162e+01 6.993021113053369220e+01
4.818187598559021723e+01 5.180898393226945586e+01 3.679121003116220123e+01 2.537808095755236693e+01 2.601288058680806969e+01 2.665626962899671071e+01 2.730114224481691210e+01 3.210215554274338956e+01 4.802369053199942783e+01 4.971306439120849774e+01 3.086972116294434798e+01 5.091496315622539726e+01 5.038337750069451459e+01 4.980596979879275921e+01 6.259080760572009439e+01 5.519746477583170474e+01 7.533581551138992438e+01 6.532638357247655847e+01 4.433098085503006303e+01 4.008091553902588089e+01 4.107659830817772217e+01 6.123798999881932303e+01 7.082913382565760685e+01 6.598154350480467656e+01 7.329350409070485739e+01 8.055306734397552759e+01 6.387684266900667751e+01 6.191480480328186076e+01 8.117732787732566635e+01 7.467923020352125718e+01 5.677770234720784970e+01 7.687551808700666811e+01 8.739619294783258852e+01 9.429984937798644751e+01 7.756495632612801217e+01 7.688134469188457842e+01 8.994918125372900874e+01
6.829197214249583681e+01 6.299869854999194985e+01 5.284379642682849720e+01 4.553658844491375390e+01 3.014321810343626140e+01 3.981286862006285787e+01 4.721290942711095084e+01 2.833033203963091395e+01 2.905666395299489224e+01 2.977894918204512464e+01 3.032695709137314211e+01 5.146881572220772938e+01 6.178685814507859675e+01 6.996812612006793586e+01 7.829319413051246102e+01 7.533580497205943516e+01 7.533581553480462389e+01 6.738060946211055580e+01 6.616675080393126507e+01 6.023478478375503897e+01 6.123798999793462627e+01 4.249995084426003444e+01 6.266457070406107732e+01 6.515040995364103082e+01 5.350881209571576846e+01 6.727199112372278478e+01 5.249944620084892932e+01 7.277447292769568321e+01 6.447138327955748593e+01 5.456216688481168831e+01 7.467923019919240346e+01 7.546223728725861690e+01 9.346257015303508808e+01 1.058511287342942069e+02 9.757090427574860314e+01 8.691885279214385207e+01 1.012764146885364909e+02
7.997675286106185411e+01 7.443518517136762114e+01 5.603260772239595155e+01 4.353761886539979997e+01 3.478084399225515710e+01 5.444117192888337087e+01 5.441000293840461666e+01 5.541893344750153716e+01 4.903387902866973747e+01 3.216426606379243935e+01 5.121195175937913291e+01 3.372725730928933530e+01 5.414349116755648339e+01 6.480668656474837519e+01 7.392120966561978435e+01 8.243504352063789042e+01 9.532566326153316538e+01 8.934704870976381130e+01 8.438668012341770464e+01 6.425701036953016398e+01 5.257840211570476896e+01 6.262757628022125544e+01 4.394635380751968512e+01 4.497246234407727172e+01 4.600964134514948967e+01 4.708239105668809543e+01 4.815979958527947247e+01 6.836787653036337531e+01 7.106854489025549526e+01 5.301753547839541625e+01 7.314359697978656527e+01 9.000149161814397303e+01 9.812419931988897304e+01 1.067631484185342998e+02 1.151168635013306556e+02 1.068712467907083692e+02 1.151168639705689145e+02
7.094261717923860999e+01 8.134698944212985339e+01 7.076619989897430685e+01 5.386022240034486686e+01 3.971278126636105554e+01 5.969824127413915704e+01 7.238708044419713872e+01 6.860111428330975514e+01 5.536523594245996804e+01 3.470834286797364143e+01 5.536455988387461247e+01 5.414349116755648339e+01 3.664762569205088028e+01 5.462720697636932954e+01 5.375329082141101367e+01 7.412553086960950566e+01 9.357608674186602116e+01 1.018626997112686610e+02 9.269798550821934668e+01 8.108700605475999623e+01 6.425697865872972159e+01 7.239459012320735098e+01 6.411944587025429598e+01 5.258857166442798814e+01 5.088691438323898808e+01 6.727619551161544109e+01 6.836317988607846985e+01 4.972766071480273808e+01 5.084868249426320119e+01 5.252350351635792691e+01 6.430893569890257311e+01 8.169539640962456417e+01 7.707838890844848834e+01 9.170928465144432096e+01 1.000169606136435334e+02 1.089990043963326229e+02 1.205771097404311547e+02
5.209107061743931411e+01 7.424087612850880191e+01 8.173779087878139649e+01 6.547569777401506030e+01 4.546304954572045887e+01 6.547428548290825745e+01 7.621833484345577858e+01 5.487889925646533129e+01 3.978555334867294135e+01 4.940773523168792281e+01 6.377943726963523119e+01 6.514432817244255602e+01 5.680125097328361505e+01 3.936587500491737046e+01 5.952357992388835584e+01 7.717528487893881106e+01 7.348859051995694358e+01 8.618101946829789028e+01 9.451952944145175195e+01 9.268207135989462131e+01 8.438193658437377564e+01 8.549573038337615571e+01 6.539333005155663159e+01 7.278185513031856146e+01 5.594538858936315506e+01 7.614515655313250875e+01 6.625347650155931944e+01 6.404993079557004876e+01 6.517556827081851623e+01 7.275094273901213171e+01 5.493335906125737722e+01 7.516174618664577167e+01 6.510968026307894263e+01 7.154957453198353790e+01 8.060932626381902821e+01 9.223195155593633388e+01 1.122520877248403934e+02
