LEM/sinusoidal_perturbations/elevation_000329.asc
nrows	100
cellsize	150.0
xllcorner	0
ncols	100
yllcorner	0
NODATA_value	-9999
[rows 34 to 50 of 100, columns 37 to 73 of 100]
7.312318411425538045e+01 5.316314521728951803e+01 7.312318411426295484e+01 8.711828832999131578e+01 8.567546466148851891e+01 9.376468626806214957e+01 9.589218883076792110e+01 1.040913053599165039e+02 9.427782622224097508e+01 8.148777723390914218e+01 6.720736574402189945e+01 4.770600783870511208e+01 6.720736574402189945e+01 7.134890515778502618e+01 6.169481133989695110e+01 5.713069475057314861e+01 4.254474355639582939e+01 6.249081484598710290e+01 7.143771970231674118e+01 7.211715569147722249e+01 6.057350142062865928e+01 5.046782519535466349e+01 6.789390360270786573e+01 6.795592175602190821e+01 5.007513269026726732e+01 7.015474077441190559e+01 7.753283235497210057e+01 7.752328853290947563e+01 7.972774644970347424e+01 8.197999855480404108e+01 8.428779541968066269e+01 8.080055647455723999e+01 8.793591673113475338e+01 8.035630500377479279e+01 8.747204943442973502e+01 1.062601762775410492e+02 1.053192563819604146e+02
6.700648308820342436e+01 4.708198709710057273e+01 6.052733779049358276e+01 7.746073928590284652e+01 6.597977356664263482e+01 7.854435494482770252e+01 8.685494275678615850e+01 1.000596281843443052e+02 8.026152952952703856e+01 6.666058916927983091e+01 5.725138964766614436e+01 5.027688234994347738e+01 6.394780101120282012e+01 8.326050346227326315e+01 8.354811686826357686e+01 6.896266919676440921e+01 4.975876917838898095e+01 4.333304040515542965e+01 6.327770526601256762e+01 6.463580661214803058e+01 4.552648835564443885e+01 4.611105039881257994e+01 5.600531509465373858e+01 4.782153543098986148e+01 6.807115905291438196e+01 6.032858302331144529e+01 5.960018325963456221e+01 7.634056129983395067e+01 8.010164082660448059e+01 8.501077778353580072e+01 9.396163301427976933e+01 1.009100991359945851e+02 1.052513402492902372e+02 1.003935959641970612e+02 9.885451007505767507e+01 1.141485330234141315e+02 1.150256822984882490e+02
5.772014788695826581e+01 4.192422295911502772e+01 5.215281914430198640e+01 6.175383478332098264e+01 5.462373598801827512e+01 5.870928873292155004e+01 7.854852635071088685e+01 9.327186155046901206e+01 9.233065062746548790e+01 7.277119718894833511e+01 7.220711750497558512e+01 5.307809814499962897e+01 6.406075535829710077e+01 8.333525514576660953e+01 8.347035224889938831e+01 6.308868932315539269e+01 6.848986777609313492e+01 5.080978460996536938e+01 4.412176628999918648e+01 4.470301197723005515e+01 6.463442143195148049e+01 6.840862973573632644e+01 4.695761431793457774e+01 5.675554104176501369e+01 4.878657489139678916e+01 4.950279400414568443e+01 5.023024223656119602e+01 6.986817401898534285e+01 5.922318428360124898e+01 6.595413679411360874e+01 8.554304057700009878e+01 9.767608811119319512e+01 9.845455811883996944e+01 1.067776556278871283e+02 1.178188696272403035e+02 1.090710968449694462e+02 9.482276855351855716e+01
4.885409065621308855e+01 3.703748757654562951e+01 3.957893084817542473e+01 4.222734673685393147e+01 4.492179074253459703e+01 6.447843826312754345e+01 6.525849978544451346e+01 8.506468340932806882e+01 1.005541587724925279e+02 8.351238991281523738e+01 6.427046909813809350e+01 5.593359970083168520e+01 7.491886846225456509e+01 9.153385906059791921e+01 9.171669998601630880e+01 8.342278073292504814e+01 7.981891655627876503e+01 6.989507952480556696e+01 6.406800672271333497e+01 4.556522172658200276e+01 5.442806757743425550e+01 7.488625430890887458e+01 7.174217054055844756e+01 6.894680607657512894e+01 5.157538230347910257e+01 6.917901994650836173e+01 5.606655286525836601e+01 5.127582325170334343e+01 5.202238003852489356e+01 7.090895196056196426e+01 7.834039808507739622e+01 7.759207890746456826e+01 7.802991867203215293e+01 9.845455811883996944e+01 1.074753262756504455e+02 9.914176062888441265e+01 8.043434018984477518e+01
3.384575417173268619e+01 5.374979408683693549e+01 5.078484135584250225e+01 6.174650946323473022e+01 6.449503267633217263e+01 4.921403974212431365e+01 6.309329366306197784e+01 8.288421246429852829e+01 9.949270131849969800e+01 7.988034979261794888e+01 7.784484091410439532e+01 5.888237216297800813e+01 6.959626854828158571e+01 8.911260031077301846e+01 9.703458006240605016e+01 8.699915313358718549e+01 7.871260435776250119e+01 6.889929321670075524e+01 4.877005333805966814e+01 6.596331148308483705e+01 7.228109303511185146e+01 8.310925843171402505e+01 7.457336032146309890e+01 5.544391236662763589e+01 7.097079336386620696e+01 7.901837681139490144e+01 6.126249535617073150e+01 7.077809912241755796e+01 7.145639289453626475e+01 5.307813254327763985e+01 6.272908379969021553e+01 6.335400273968100748e+01 7.802991867203215293e+01 9.845455811883996944e+01 9.580066302248478394e+01 7.888175694627405221e+01 7.144763447277961177e+01
3.815328499690054542e+01 5.826399915542855723e+01 7.044389857849070324e+01 7.858536944578324324e+01 7.228282641249117546e+01 5.253030594849056456e+01 7.228282641249117546e+01 8.574764360920049455e+01 9.786513190999494327e+01 9.949270131848595611e+01 8.098252989822937309e+01 6.189671291386310514e+01 8.098252989822937309e+01 9.734559365074053972e+01 8.865456600299502554e+01 6.887271500229694254e+01 5.936464302213477851e+01 5.234620373759303646e+01 6.889942610521504207e+01 6.318202831082053450e+01 8.270283962105494879e+01 7.834719842258435563e+01 5.922254765878994220e+01 7.457336032146315574e+01 7.457336032146316995e+01 8.937986107577647488e+01 7.000278967571343003e+01 8.693727675792044352e+01 6.865145952541466556e+01 6.022783267199946522e+01 5.411863117441021842e+01 8.034942233223453911e+01 9.240378714995966902e+01 9.248493312466857219e+01 8.413534195011244776e+01 6.745114616310368660e+01 7.154056310417215059e+01
4.951922501199806703e+01 4.552132413513707831e+01 6.603327466209441354e+01 8.379018861209617342e+01 8.043453752451148375e+01 7.216041708909135366e+01 5.768754493422549956e+01 6.910411875884877020e+01 8.924995583789630871e+01 9.834307766768250758e+01 7.847641041759396785e+01 6.497907112439524724e+01 8.429522253566506151e+01 9.932183175601782921e+01 9.712154109744200525e+01 8.702155465019767178e+01 7.404002731404575854e+01 5.476311818611941362e+01 7.404002731401693893e+01 8.270283959369709237e+01 9.091939794765289662e+01 8.109783134727869935e+01 6.185495473929870514e+01 8.109811568903286627e+01 9.402657605538907148e+01 9.834059736907506988e+01 8.153614696233751147e+01 9.058014402479713567e+01 7.386633501165090365e+01 5.513596953220533692e+01 7.341883461985051440e+01 8.387098208357843987e+01 7.890567165811509653e+01 8.100456208797076840e+01 6.445941498173164064e+01 7.822154710909227049e+01 9.175430404332580281e+01
7.023604649181996251e+01 6.603327466209441354e+01 5.396522727397572794e+01 6.595427969951363423e+01 8.746475301225613919e+01 8.150561659978320961e+01 6.172624660163121746e+01 7.312991904616131933e+01 9.294397988507073194e+01 9.237236884580194385e+01 7.258748180815322826e+01 8.429522253566506151e+01 7.132199798496195342e+01 9.106806902750386712e+01 9.637799760880642452e+01 7.657756228478191929e+01 6.548100714381423870e+01 5.705198203104049526e+01 7.050547676904558614e+01 9.014345279543545075e+01 9.784844961863902313e+01 7.821160795131415000e+01 6.454590454625171958e+01 7.821160795131405052e+01 9.784844961550527387e+01 1.099339532321149306e+02 1.016519950415849252e+02 8.228297853360911063e+01 6.432942492017618008e+01 5.583717577717785474e+01 7.449095357397200701e+01 6.180606879693945643e+01 6.000846740867156370e+01 6.177360006980263307e+01 8.079546683820376529e+01 9.238240270212131122e+01 1.067483191402448597e+02
8.437037658733692069e+01 8.379018861209587499e+01 6.429311755698428499e+01 8.379018861209587499e+01 9.636207263484013197e+01 8.606368614142277806e+01 6.626646954751404905e+01 8.606368614142277806e+01 1.011121308115526460e+02 9.869224514510133872e+01 7.870704150879939220e+01 9.640335801719182030e+01 7.644053455835221200e+01 9.640335801719182030e+01 1.045231930771508928e+02 9.317335515996261108e+01 7.860370233376079341e+01 5.939559793836752988e+01 7.282582481889571113e+01 9.255273259255237406e+01 9.989077541265693583e+01 8.702567337242470558e+01 6.743107620285979920e+01 8.127218108286466247e+01 1.009162851367657936e+02 1.100496275853919315e+02 9.839747608305437154e+01 8.159856503966872765e+01 6.249445841370889099e+01 7.093079602704780484e+01 5.679610251578004210e+01 5.745198796637302507e+01 7.606374875053001006e+01 8.100456208796376245e+01 8.880057416605747278e+01 9.954550080345381957e+01 1.009917595201278857e+02
7.275040199433665578e+01 8.437046606561563067e+01 8.574279580126304268e+01 8.574279580126305689e+01 1.069661482024203565e+02 9.156540470807394172e+01 7.172867631284076140e+01 8.241201027017940817e+01 1.023117804744886854e+02 1.057744188750382079e+02 8.574300659511973777e+01 1.024486019539702113e+02 8.239879604950547787e+01 1.024486019539702113e+02 1.013973844653671676e+02 8.140527560962911480e+01 7.012550214959129846e+01 6.175815397269460760e+01 7.522527135159607781e+01 9.504953730603207873e+01 9.182141680109008064e+01 7.206964411704434781e+01 8.702542706982330856e+01 8.702573521958204594e+01 1.065958603093712469e+02 1.017101352812028807e+02 8.150780199906060375e+01 7.023458829015415006e+01 8.159856503966872765e+01 8.278343406777403857e+01 7.541191018309280025e+01 7.606374874796219387e+01 5.838456317512951443e+01 7.704090067501442718e+01 7.278470354648491991e+01 8.647093962237735809e+01 8.074072502837763921e+01
5.590731877809202643e+01 7.601769231855696773e+01 8.409167053566926597e+01 9.245661120997374383e+01 1.025400015244359935e+02 9.756951069803926657e+01 7.765614392779897912e+01 9.756951069803926657e+01 1.105453995918608143e+02 1.140014254230295876e+02 9.474065107846087130e+01 1.095262916690376187e+02 8.950756209840385225e+01 1.095262916690376187e+02 1.096470898514456707e+02 9.811741746762609750e+01 8.364903400412941892e+01 6.423563101249553142e+01 7.781462844947860447e+01 9.773453502255219405e+01 9.989424635509759298e+01 9.182103282021532209e+01 7.725330929782104761e+01 8.877740487530483904e+01 1.082747142929350588e+02 1.043340571462551054e+02 8.412813520645939036e+01 9.004631272249956453e+01 9.839747553744012976e+01 9.246418602290611943e+01 8.048633950422956218e+01 6.138392516008368460e+01 7.117661426888668075e+01 5.931227205627136811e+01 5.994936723565074033e+01 6.665307587164588199e+01 8.667211554423116127e+01
5.081355968639549303e+01 5.690913403385727065e+01 6.400484811417975095e+01 7.401986684960813534e+01 9.416347422173045345e+01 1.058127314021743501e+02 8.912748913566191789e+01 9.172404365333969167e+01 1.116817165157578131e+02 1.229090577311019388e+02 1.063118576859891249e+02 1.177428561815216881e+02 1.011181794144035280e+02 1.177428561815206791e+02 1.120793001764475889e+02 9.208131126521567467e+01 7.794266408585966133e+01 6.678875604067253846e+01 8.053715418432800277e+01 1.005334558952967257e+02 1.146408700192226036e+02 9.529704967489671219e+01 8.126770193452077251e+01 1.009627234796954554e+02 1.162846527001325967e+02 1.126668169596494806e+02 1.043340571462551054e+02 1.082068730232373497e+02 9.837659074863502440e+01 7.821776007201142988e+01 6.454342663070015362e+01 8.048652735442567518e+01 8.509866203606459578e+01 7.806838315918213311e+01 7.429804061772533430e+01 6.083317450596501885e+01 7.985631621343870279e+01
7.093532569739589633e+01 6.354758151761505047e+01 7.698990636230666951e+01 9.245661120997398541e+01 1.025400015244369030e+02 1.173238458129868462e+02 1.091015266115428233e+02 1.116817165157578131e+02 1.199014191511294456e+02 1.343594319942800155e+02 1.261606029635083956e+02 1.292121865785737214e+02 1.210119866067389438e+02 1.178445499134793124e+02 1.096251768006386698e+02 1.020489309459153304e+02 8.934683090371477476e+01 6.953519319162059276e+01 8.086902851625691824e+01 1.009277243332465162e+02 1.188381595906316619e+02 9.960343493120122105e+01 8.568396990186481332e+01 9.710116866199540198e+01 1.163511198499382715e+02 1.205732580363087010e+02 1.004090396637244851e+02 8.867196465205154254e+01 7.960767682005055690e+01 7.300433239607059477e+01 6.723386182414826351e+01 8.712003557496531414e+01 1.020880888703172218e+02 8.638322313928271967e+01 6.662050991241537190e+01 6.089680014262925312e+01 6.169259866056448516e+01
8.868590340266825933e+01 7.513248891380972339e+01 9.201033903174007378e+01 1.055114409597041032e+02 1.145735028918208798e+02 1.227869379593107624e+02 1.214919635991699494e+02 1.297319276733783227e+02 1.343940529704345863e+02 1.285656678299378086e+02 1.343940529704231608e+02 1.335780535751243008e+02 1.137828613403772380e+02 9.966961592145227655e+01 8.958032018157580012e+01 8.193431983029653054e+01 7.660924991229214243e+01 7.333347435208924026e+01 9.334884027075347035e+01 1.091755830933586537e+02 1.237810820818532136e+02 1.046368778864917886e+02 9.090101587560856444e+01 1.102440854748932537e+02 1.243604565196334022e+02 1.288538236981646321e+02 1.172412892434906553e+02 1.082068755513300289e+02 9.987112781180204024e+01 9.022221342056630533e+01 7.011737038478054274e+01 9.022221342047333792e+01 9.372977635587086809e+01 7.361041177273497738e+01 8.638322313930378016e+01 8.922211079817471102e+01 7.246780610880136919e+01
8.614797751918085567e+01 9.528006047391247080e+01 1.036543332046904737e+02 1.114132537280027009e+02 9.492721509703501681e+01 1.114132537280026298e+02 1.018433385281330175e+02 1.183464588313772481e+02 1.146667292185815370e+02 1.089096003431666446e+02 1.146667292185811675e+02 1.327216859931486681e+02 1.277847325530607634e+02 1.146862052214872136e+02 9.470478179231599825e+01 9.987466811285209189e+01 7.975376793034477885e+01 9.334884025471102120e+01 8.967324640846096884e+01 1.097033574485461145e+02 1.237797058443947265e+02 1.046368636013420854e+02 9.980619339819213565e+01 1.102440854748932537e+02 1.294369931458452925e+02 1.244138282440777203e+02 1.161699995330749147e+02 1.090376161289035792e+02 9.620407518959878246e+01 7.591783769912895252e+01 7.501318145052320574e+01 9.529189074391288727e+01 9.957807964037854731e+01 7.931896278672446954e+01 9.957807964038053683e+01 9.251057278097398751e+01 8.969061956790606871e+01
7.189145061178264484e+01 9.203471156823177068e+01 9.727316592332330458e+01 1.032307133448844212e+02 8.349362468958493366e+01 9.879030879513257446e+01 9.047603015975487040e+01 1.101478246252006699e+02 1.066764661940768519e+02 9.509466199508642603e+01 1.048650349010953562e+02 1.244684238742175069e+02 1.308779436648707701e+02 1.110471047072266231e+02 1.114282912880699996e+02 9.141691494549807828e+01 9.987466811563804470e+01 8.879294958032156160e+01 1.088295321322574551e+02 1.179288556060591304e+02 1.317850336636860789e+02 1.237797058443947265e+02 1.109876262577271149e+02 1.268083887329407276e+02 1.303365809266497877e+02 1.103020093873937952e+02 9.598567827565570099e+01 8.876597844635919898e+01 8.230861881740717934e+01 9.620407518959878246e+01 8.039306213564252346e+01 1.007261323381322455e+02 1.063445367296546067e+02 8.604516546183249659e+01 1.063445367296546067e+02 1.127003983086805761e+02 1.013117182811085542e+02
8.614797751920514202e+01 9.145484240579381208e+01 7.744848482860714967e+01 8.585148742148567180e+01 7.593217980987279248e+01 7.899003296395626705e+01 9.591889098944746195e+01 9.972670585216334871e+01 8.701957560399686997e+01 1.066764661940768519e+02 1.228728656111180015e+02 1.327217042242222647e+02 1.260438506833308736e+02 1.308779436490456192e+02 1.196349835663660173e+02 1.030334040451175071e+02 1.169374764473856487e+02 9.760242043942375290e+01 1.088295320892235907e+02 1.286241923192648642e+02 1.264243175125638317e+02 1.247723633732837669e+02 1.298388519635099954e+02 1.378486035351794783e+02 1.324948294645515148e+02 1.124969873305974346e+02 1.143239861632363841e+02 9.408383699900979025e+01 9.408357131487079528e+01 1.065874950395924827e+02 8.628313903855594447e+01 1.065874950395924827e+02 1.146762706699693553e+02 9.622235283456389254e+01 1.146762706699693553e+02 1.148853406013707428e+02 9.468348905430018192e+01
