LEM/sinusoidal_perturbations/elevation_000446.asc
nrows	100
cellsize	150.0
xllcorner	0
ncols	100
yllcorner	0
NODATA_value	-9999
[rows 51 to 67 of 100, columns 37 to 73 of 100]
4.087113768403401792e+01 4.502580979213337997e+01 4.973760795305237536e+01 5.501096694194655612e+01 6.673093583972098486e+01 8.687944500084113031e+01 1.042452421768184792e+02 9.715740233357247746e+01 8.576951616030298453e+01 6.592937310163175368e+01 8.575900838750607136e+01 9.335937799434559281e+01 7.334360842047307472e+01 5.921370750361126056e+01 7.412011735409342350e+01 7.235593881417523221e+01 5.688810345657088874e+01 7.103272407779363107e+01 8.763887024993778141e+01 7.706955915511542798e+01 8.600214773142550939e+01 1.001533281676091036e+02 1.201642458105420701e+02 1.289599958542219156e+02 1.166229878006440970e+02 1.161474485380912540e+02 9.592839220543105228e+01 1.161474485380912540e+02 1.135505742132183542e+02 9.405412917050377075e+01 1.012441269819483836e+02 1.180571309596428193e+02 1.069580114305085772e+02 8.672573566235533349e+01 7.489341146581894293e+01 6.615356099048730698e+01 7.380003449958482520e+01
5.573363325902835896e+01 6.521934129468651520e+01 7.000850845449011217e+01 7.524652583824887131e+01 8.359883542282280189e+01 9.523823603885938383e+01 1.007448701544301457e+02 8.287730996158438757e+01 7.047439609120327475e+01 6.162448183761610210e+01 8.133334925597382892e+01 9.715173982517713114e+01 8.747668191549703920e+01 7.412011735409342350e+01 5.406987491351127773e+01 5.227356603972042137e+01 7.235593881417523221e+01 8.516360500504173103e+01 9.929448593228997311e+01 9.706464331784636101e+01 1.053512231907499626e+02 1.142996925828898327e+02 1.185174808161527977e+02 1.268043640187346170e+02 1.366226510213591609e+02 1.243994343722312550e+02 1.102658081676836446e+02 1.243994343722312550e+02 1.143049426203346854e+02 1.084125141016362477e+02 1.214299113623811763e+02 1.296563879129284942e+02 1.152922219958911967e+02 1.036300027856658517e+02 9.454269470965182620e+01 7.859021505329513957e+01 5.918554524228058966e+01
4.115052783800460645e+01 5.068272809395800493e+01 6.483908240601374473e+01 8.490112057482060948e+01 9.804177534069380329e+01 1.063178902552178613e+02 1.059493919279499181e+02 9.565566389044590778e+01 7.351902047680661667e+01 5.748169010536578583e+01 7.015831322445795593e+01 8.846545312761875834e+01 8.658668466815522891e+01 7.830423903937622754e+01 6.925713816600230643e+01 4.905964977620308076e+01 6.925713816600230643e+01 7.645617344776212576e+01 8.400512426880251837e+01 9.228649735392767184e+01 1.022809153711418304e+02 1.152345145734934846e+02 9.846413647707072414e+01 1.152345145734934846e+02 1.223285866222442451e+02 1.140180045446294343e+02 1.223285866072022685e+02 1.385330604162061263e+02 1.343465681433268344e+02 1.285305234654904893e+02 1.288987666293355687e+02 1.171160721759908085e+02 1.086878146757741490e+02 1.009675259027110172e+02 9.455710194886385977e+01 8.192681481305302782e+01 6.221995129341476627e+01
5.852327111270895443e+01 6.900357449746690008e+01 7.902978220115210206e+01 8.379215589809979292e+01 7.789116773095028634e+01 9.804177535058020965e+01 8.780266337410573385e+01 7.483326479368321316e+01 7.365763865142545797e+01 5.390604247818328076e+01 6.197412615604657304e+01 8.561426491107854986e+01 7.830423962368801938e+01 5.821086492169285975e+01 6.409607370860609876e+01 4.666162354255138922e+01 5.147724519854579484e+01 5.643999216756452597e+01 6.403247773687267852e+01 7.401243235520105657e+01 9.399781618240398018e+01 1.069396770638314820e+02 8.692083347023299211e+01 1.069396770638314820e+02 1.096203380552503859e+02 9.396938754126938420e+01 1.123020955840473789e+02 1.223554707434620497e+02 1.269029143140431870e+02 1.210850644725285719e+02 1.205048049212786196e+02 1.000371774235190259e+02 8.826185053264511282e+01 8.069598544125196327e+01 7.447772743716737409e+01 6.883669929229709794e+01 6.718034892714258888e+01
6.980432610829581108e+01 8.034805094971207495e+01 8.379314406024352024e+01 6.348127731136656848e+01 8.379314406024352024e+01 9.503408558712470722e+01 7.940013516741974797e+01 5.877664777373482252e+01 6.580278273335673589e+01 5.034273591021768368e+01 6.331874277816922358e+01 8.216922125999037974e+01 6.966254619262663539e+01 6.134130363726539059e+01 4.357372501887158478e+01 6.409607362477257197e+01 7.160153627343969163e+01 7.060382767095609324e+01 6.801251136363345040e+01 8.799043265063782826e+01 1.022809153711418304e+02 9.986194703555838714e+01 7.989355516685314740e+01 9.986194703555838714e+01 8.960209511349087563e+01 8.399453570560889659e+01 9.396939208526109155e+01 1.140233900999198227e+02 1.070211017879187096e+02 1.011956177032441957e+02 1.070211017879186102e+02 1.152534979035849574e+02 1.086878146757741490e+02 1.009675259027110172e+02 8.504152536377502258e+01 8.876068580912023265e+01 7.259345917160818829e+01
5.265725223014474921e+01 7.213362586981605773e+01 7.661188606868434192e+01 5.614993269891335359e+01 6.641447158412772467e+01 8.672378697881757148e+01 7.732375690226425036e+01 5.736884498164486956e+01 4.557601559901360133e+01 6.171949408031490947e+01 7.001624169015127563e+01 6.695292210216697981e+01 5.860695701695563287e+01 4.060731202296477704e+01 6.134130363726539059e+01 5.670686864971382590e+01 7.095292488648443907e+01 9.058498599382402006e+01 7.954010542934798877e+01 9.627241975472504976e+01 1.075796098082641663e+02 9.384125035416933258e+01 7.391645818212791141e+01 8.862622973285597539e+01 7.552721817485502243e+01 9.546530272369246006e+01 1.123020955840473789e+02 1.223471144589518076e+02 1.070211017879187096e+02 8.709948827439642116e+01 8.709948827439642116e+01 1.037596716031211912e+02 1.142622123235955769e+02 1.137283765237221189e+02 1.053090520624487283e+02 9.886189227697212800e+01 7.849288161849089818e+01
5.192087363536698774e+01 7.202015805641646295e+01 7.014130039807048433e+01 4.947269109340989957e+01 7.014130039807048433e+01 8.358802360492300920e+01 8.561030515473332514e+01 7.327870971311334358e+01 5.324253086881991237e+01 4.119708270483802437e+01 5.784357946047749266e+01 5.597433664744026771e+01 3.771137760119066940e+01 4.537581143925929439e+01 6.584330535271286067e+01 7.681111699958933059e+01 8.509372678876975726e+01 9.923464498515392052e+01 9.953380037502655853e+01 1.078161850477180792e+02 9.928972912363637704e+01 7.933579427930345673e+01 6.841793784641080833e+01 6.872684242161768964e+01 8.862622973285597539e+01 9.546530272369246006e+01 1.154921492143303681e+02 1.083650796371252341e+02 9.988093457156278987e+01 9.551934338097483135e+01 7.558713565997061323e+01 8.611027131335023910e+01 1.060288491099064743e+02 1.126990715656187945e+02 1.208968232785247778e+02 1.065644070721487680e+02 8.555109639432470203e+01
6.609310413815923368e+01 6.714921947945724412e+01 5.869912344356580292e+01 4.416210621927677238e+01 5.470869511184833556e+01 6.930437794687571795e+01 8.956867376982189910e+01 8.152512434470526159e+01 6.999218499877365218e+01 5.784357946047749266e+01 3.710445801381857223e+01 3.504975111511412678e+01 5.597433664744026771e+01 6.584330535271286067e+01 5.845548901379822127e+01 7.269684341127437222e+01 9.270093872053827511e+01 1.007809186571478079e+02 1.019863472199793222e+02 9.370341226740592333e+01 9.710072529109422135e+01 7.715555331994066535e+01 6.310658315835451049e+01 6.428363734347480829e+01 7.833239769995573454e+01 9.828503298217275130e+01 1.152494958226863417e+02 9.987885192676633039e+01 7.982962384823522939e+01 8.563294740096274893e+01 6.984585310283907233e+01 8.976539844207540852e+01 9.865641497938857185e+01 9.283975616962426614e+01 1.126990715656187945e+02 1.156095930637402205e+02 9.765546832699453716e+01
6.064202344885612916e+01 5.869912344356580292e+01 3.790477337961795712e+01 5.869912344356522027e+01 7.337767206147860577e+01 7.557459153034633914e+01 8.125760571548553912e+01 7.272532341965353453e+01 6.447998039562631334e+01 6.043618515841590266e+01 5.202699227508168178e+01 3.328974791428416324e+01 4.814077058031292466e+01 6.859615049098644590e+01 7.855593138720762170e+01 8.683792657639990864e+01 8.445907959519209385e+01 8.079053291244248669e+01 9.046483748016490267e+01 7.376457160461870899e+01 8.279225007539172054e+01 7.452648311713878115e+01 5.863628986830624967e+01 7.854966580054255587e+01 8.417638927157511830e+01 1.041479985115878151e+02 1.070747314693988272e+02 8.720000791443827381e+01 7.569373930564130148e+01 6.574628672335202850e+01 8.566089342592799483e+01 7.498000669487031189e+01 7.874202963346351680e+01 9.865641497938857185e+01 1.129073062132106031e+02 1.213827643806342849e+02 1.199842546861537187e+02
4.699056831612518437e+01 5.447525670453088509e+01 3.410889682110592247e+01 5.469726039644766757e+01 6.989608999805790290e+01 5.614702523643769183e+01 6.183722402475196134e+01 6.447998029749057025e+01 4.394553442495868012e+01 4.996167298998809514e+01 3.131871246691828148e+01 5.202655313933735926e+01 4.659997190250104637e+01 6.119462691706136326e+01 8.133240624661866036e+01 7.858779096570819434e+01 6.443608944719795772e+01 6.662716885596063321e+01 8.219171092954523772e+01 6.225663537678951087e+01 7.068218914276032194e+01 5.455127373260098977e+01 7.452648311713878115e+01 7.854966580054257008e+01 9.849767550529217885e+01 1.005009679444790152e+02 9.223748579764007616e+01 8.770380843243569302e+01 7.944574611962971744e+01 6.313465787270269658e+01 8.304839376778805615e+01 9.489984409526297782e+01 9.865641497938857185e+01 8.505083856816638388e+01 9.394894036197730713e+01 1.052537987038738549e+02 1.187171808640802766e+02
3.680063689051354459e+01 4.776400363327786636e+01 3.057316960980384835e+01 4.575227159109465447e+01 5.118485841055886709e+01 4.196609684682761099e+01 6.183609086330621807e+01 5.635618494781589760e+01 4.794848760192169834e+01 2.937841200529693353e+01 4.996167298998809514e+01 6.043519869302733838e+01 6.709283271309764984e+01 7.540604972005432671e+01 8.413842795489640025e+01 7.030053348042133621e+01 5.005442612572112893e+01 7.030060027239488818e+01 8.465931071694878085e+01 7.068218914275998088e+01 5.058554529444273840e+01 7.068218914276032194e+01 8.279225007539172054e+01 9.085791677809753253e+01 9.749693164117192623e+01 8.920055924130960534e+01 7.229570181199667900e+01 7.595508735576296999e+01 5.952889910537723495e+01 7.944575601159978362e+01 9.130252496116619909e+01 1.044470919638493456e+02 1.131031266947776857e+02 1.049255493413631228e+02 9.356049069575499288e+01 1.010866170757925602e+02 1.150725603399310017e+02
1.992571302756748253e+01 4.010795046417761256e+01 4.205959922584796828e+01 2.562535355233150725e+01 3.111121336773460655e+01 5.119376390729974702e+01 4.605975705232989270e+01 4.619148864516298403e+01 2.745153219832137736e+01 4.794848758833897051e+01 5.838311004902671897e+01 7.158099492361739635e+01 7.986318288885993866e+01 7.706989909581299969e+01 7.486053929011936248e+01 5.667769973418613461e+01 4.297416948364264044e+01 6.355184988279141578e+01 6.464868537299327045e+01 6.464870005105802875e+01 4.794158569207982623e+01 6.817007422182307153e+01 8.503576445214530111e+01 7.094199995573832496e+01 8.467461769375150027e+01 6.831761818061545455e+01 7.303409836191720217e+01 5.602502205339830255e+01 6.018796037410477595e+01 6.475404238901127485e+01 7.624613702662102810e+01 9.619424313526094750e+01 1.075231498068306735e+02 1.164418039076104208e+02 1.133738897474739389e+02 1.133738897474739389e+02 1.150725805724629822e+02
3.401333676175342902e+01 2.084956260658848493e+01 2.151482212518072501e+01 2.218174303098428979e+01 4.118987632869416160e+01 4.432320779669277755e+01 2.482681640073682061e+01 2.552389843647861056e+01 2.633679123029429903e+01 4.704876374850376664e+01 5.668468337386659073e+01 5.160711453018448935e+01 6.712183395094224636e+01 5.427547804192644776e+01 6.320236440938174383e+01 4.889417733582753556e+01 3.643061593400643972e+01 5.734743587684313582e+01 6.121531760690793078e+01 4.419246578287336291e+01 6.464786775618335923e+01 6.542605688805001307e+01 6.660998830779863056e+01 5.710109938785931405e+01 6.899002779994140155e+01 5.532408260981353010e+01 5.306971260657883960e+01 7.303409836191720217e+01 7.167964157520016499e+01 8.467719400677189867e+01 7.227162465388300916e+01 7.931291692898085444e+01 8.823854414749557407e+01 1.023604233710845079e+02 1.222895358130705006e+02 1.330876509523359914e+02 1.347627312634564589e+02
3.896507510891728288e+01 2.435875313791450125e+01 4.165735041709373121e+01 4.270134817131071259e+01 2.315336653674336986e+01 2.384329309171157973e+01 4.309015426364227608e+01 4.613676763280728466e+01 4.704876333273429623e+01 2.748973585032881672e+01 4.824732377555461227e+01 3.969991224253647744e+01 5.125633462018931397e+01 4.028521717088350584e+01 5.476951043350567971e+01 3.494795835385225757e+01 5.589221138542683320e+01 3.796242994866175025e+01 4.051214529185016033e+01 6.121532129849874337e+01 6.315539348889630133e+01 4.502822743913166903e+01 4.630373697986874504e+01 4.757404349836146906e+01 4.884295156095914336e+01 5.010475956837653655e+01 7.018977302292825016e+01 8.058354983940408545e+01 9.161782226915137528e+01 9.987225651971107254e+01 8.637093983119754625e+01 8.855429231594420969e+01 1.075231500792766468e+02 1.164418039076104776e+02 1.180882394412452925e+02 1.263578220055492380e+02 1.328009604369441377e+02
5.025868801927649798e+01 4.236448434973685551e+01 2.967309654351833714e+01 4.870390120284523050e+01 3.892613179952039815e+01 2.634125407576868128e+01 5.043392025171791460e+01 5.391488880580735099e+01 3.313793194973817435e+01 4.820128409081944909e+01 2.867469121099275142e+01 2.952508386394903539e+01 3.038410318000662613e+01 3.125005424388062636e+01 5.215148078326678416e+01 3.392309841010820293e+01 5.486897552093421382e+01 5.882589929531697237e+01 3.968668059555721328e+01 6.046191840522133276e+01 4.321918525118896781e+01 4.964835399320926257e+01 6.660996253372194076e+01 6.779515149652844741e+01 6.314074957268583432e+01 7.018978515245986216e+01 5.230712407607277470e+01 7.231678849615667559e+01 9.023952640121956392e+01 1.017610378866631038e+02 1.063242816723258670e+02 1.085040352186492356e+02 1.167485597450237265e+02 1.148219620183627967e+02 9.810085129275326210e+01 1.148219620183627967e+02 1.128355193168430333e+02
6.253331874579713912e+01 4.483365455188357629e+01 3.353326696789667949e+01 5.250261938433516207e+01 5.912042451416943578e+01 5.692899343453667882e+01 5.917417090652612188e+01 3.926987246130044440e+01 5.393087209553183214e+01 5.525603602258803448e+01 3.442371239075642819e+01 5.036526069012245443e+01 5.125633465555299040e+01 4.797846334220864861e+01 3.249494890006189252e+01 5.341372175139937895e+01 6.323052014453782732e+01 6.715797008737769147e+01 4.819812451228645500e+01 4.144106186169420880e+01 6.209886558228603093e+01 6.977182646146202671e+01 5.924137846148810382e+01 7.900259915794185872e+01 8.311143479423600411e+01 7.383092263264568089e+01 5.385812156244456617e+01 6.203236793610099653e+01 7.353506328745039866e+01 9.349365003115987349e+01 1.019994287090368346e+02 1.043108504866868174e+02 1.066854493852994921e+02 1.065483760689870820e+02 8.655191915319528562e+01 1.020757036603016275e+02 1.052783131034291699e+02
6.815282975734568538e+01 4.944530455872422436e+01 3.763933382805193872e+01 5.670367287845410686e+01 7.208040996124644550e+01 6.654128202903928013e+01 4.610471514568116902e+01 5.397236027379533851e+01 6.825938857791997805e+01 6.148566829770517472e+01 4.083738264106082028e+01 6.148566829770517472e+01 6.749775797793658683e+01 4.691930939019610491e+01 3.444003810120253917e+01 5.538226135593523480e+01 6.657445670598656307e+01 7.851554228807550828e+01 6.786032146066807513e+01 6.209886644800617006e+01 5.620340090918590192e+01 7.633309319773242407e+01 6.677047989677812723e+01 8.629920732853332765e+01 9.516747824329856087e+01 7.537925123608468425e+01 5.543043636646128647e+01 7.537925125528695958e+01 9.023952640098048050e+01 9.614246785669655537e+01 8.201644633469304324e+01 8.433309232409737888e+01 8.670001554301464353e+01 9.499305122206396845e+01 7.900445454258840527e+01 8.208028149591794431e+01 8.527802354152355235e+01
