LEM/sinusoidal_perturbations/elevation_000136.asc
nrows	100
cellsize	150.0
xllcorner	0
ncols	100
yllcorner	0
NODATA_value	-9999
[rows 17 to 33 of 100, columns 37 to 73 of 100]
1.604833379670856885e+01 3.582552642941310239e+01 4.182949983228373725e+01 3.797463044331576754e+01 3.856196297887376545e+01 2.412321116197345106e+01 4.324769377525871050e+01 3.889591426689039366e+01 5.849264710863179317e+01 6.496729832799023541e+01 4.458123060403556082e+01 3.262946170224395814e+01 5.030956069642001438e+01 5.227886021667963234e+01 4.825484560486206931e+01 5.626440782520483452e+01 4.708771639223534322e+01 4.829129710040660939e+01 6.898833474622840356e+01 7.993213642117871132e+01 7.060259863367191713e+01 7.275262899189542054e+01 9.236586243237998417e+01 9.035274850221948384e+01 9.080387939930956520e+01 9.887978335510202044e+01 1.014433966421577082e+02 9.739876617344265242e+01 7.529100867993010127e+01 6.061424624242595627e+01 5.058116368911450422e+01 6.453847144490539733e+01 7.035075985454992065e+01 7.885696121849339590e+01 8.065414332540373721e+01 6.881280609052809893e+01 4.886246658005611465e+01
1.598987878775329463e+01 3.267375076342104023e+01 1.741953397377742618e+01 1.795706111434703445e+01 1.850142710073728480e+01 1.905148515345031512e+01 3.915299098832620217e+01 2.986404590795165603e+01 5.012462980207953933e+01 5.402171633255178307e+01 4.578741806620178068e+01 2.720471234560103824e+01 2.913969830378655601e+01 3.117239853409211747e+01 3.329343663724311853e+01 3.547806156586283777e+01 3.768468729978263809e+01 5.829047821281215391e+01 6.359381380647067061e+01 6.004541036584974734e+01 5.638512643715460371e+01 7.084259774839526358e+01 7.357951014577884052e+01 7.075919995676139251e+01 7.127560934449789443e+01 8.650284910914277248e+01 8.354352865840431264e+01 9.294915760719929665e+01 9.004683842889346579e+01 7.936434959353300655e+01 6.216603972928828625e+01 5.911678481310291744e+01 7.952748460533797470e+01 8.651354876716388276e+01 6.663178199895511966e+01 5.249779577096732908e+01 5.640496301242108501e+01
3.330901068938397458e+01 1.667150227265598161e+01 2.489846513981199294e+01 3.748571305101170026e+01 3.856274530301665493e+01 3.907544392947280443e+01 1.984721661046057761e+01 3.999155653216245554e+01 4.808602817069199631e+01 4.310004620562626343e+01 2.474607340148199341e+01 4.581317704805195490e+01 5.030966263690641682e+01 5.227886381522661452e+01 5.426118285494229809e+01 5.036197322250115604e+01 5.829131386484031907e+01 4.096194601681425240e+01 4.328860164706913594e+01 4.562950771429879637e+01 4.800831567441911574e+01 5.070581852914734355e+01 5.347999414848850819e+01 5.648843797065647010e+01 5.963666248202721221e+01 7.758096937069244348e+01 7.018558310394632827e+01 7.441435708778257663e+01 9.297727031692537025e+01 9.122943738507034084e+01 8.259866377713903773e+01 6.583149992957359586e+01 8.640781787199180997e+01 8.916446433736528832e+01 6.930353704378204327e+01 5.516419520684291911e+01 7.512066796114856970e+01
1.875366583696417422e+01 3.630714362093629433e+01 2.533705796005678224e+01 3.532475395285016617e+01 5.316724722257849578e+01 4.423871670468315642e+01 2.501283780627870001e+01 2.066763204972772883e+01 3.970336027142323587e+01 2.236127560911408807e+01 4.274999488993155694e+01 4.877774501269188789e+01 6.003921012768767440e+01 6.198568807330053687e+01 6.982020545142810874e+01 7.051414549407223831e+01 6.958458855752037664e+01 5.288707267373128929e+01 5.775210839196974177e+01 6.587009757190531900e+01 5.450771053389124177e+01 7.083818032334119152e+01 6.177092908463004761e+01 7.438529132612035255e+01 7.895236506271463384e+01 6.447554673664036784e+01 8.434376555657121344e+01 9.297727031692537025e+01 8.079703673514364937e+01 9.906738710772181378e+01 9.514008420740491090e+01 7.488883664404298202e+01 9.514008420736914218e+01 8.985724511725778996e+01 6.953490251451924564e+01 5.793565899029947275e+01 7.788600823476977553e+01
3.877732547656083995e+01 3.426218713052139719e+01 4.688113877735074908e+01 4.428259625095820695e+01 5.329931626314400006e+01 3.288363392581041467e+01 4.412045197917016282e+01 2.476640237342402528e+01 2.150808352398530232e+01 2.962984215924728915e+01 2.327753144601419422e+01 2.954567540435476403e+01 4.851033465103920861e+01 4.233671444619393753e+01 5.638161618218522619e+01 7.552866496541975039e+01 8.111665625088731701e+01 7.295189649657548614e+01 7.769771079956224469e+01 8.113559038036706283e+01 6.132841212016758448e+01 8.113474546580754065e+01 7.545105061797885071e+01 7.718884591756504676e+01 9.095893571027689006e+01 7.118993284000538324e+01 9.132793613868227567e+01 1.036069323838095215e+02 8.544875127945867632e+01 1.036069323838095215e+02 1.046968673519460253e+02 8.955495654936228789e+01 1.045284876592155001e+02 9.819097935567369007e+01 8.078927122481852052e+01 6.085646865856227805e+01 7.241169892740842329e+01
4.270241802785995588e+01 5.354922402589019015e+01 6.175632434904371593e+01 6.674427005440293215e+01 6.027701267977603550e+01 3.963359139026173494e+01 5.885683707791565666e+01 4.049037670486341511e+01 3.635464113741402770e+01 4.417317801295283175e+01 4.313493565017327569e+01 2.419015337313705416e+01 3.100965508351088928e+01 5.064777896708726246e+01 6.979602368670200008e+01 6.895473785440481151e+01 7.732452926783793146e+01 7.912570883192702809e+01 8.755107501385218427e+01 8.923710431651353758e+01 7.287520620799887183e+01 8.113559038036706283e+01 9.479199779386490832e+01 9.029228362802763286e+01 1.000356837967225516e+02 8.109874740017461647e+01 1.000356837967225516e+02 1.114671693452044963e+02 9.347684715352404794e+01 9.504103318166934855e+01 1.134434240694750144e+02 1.109660672431815556e+02 1.036234154802770320e+02 8.434209067997737463e+01 7.290475240593444539e+01 6.395242110016229731e+01 8.388276418445457239e+01
3.845135939432055494e+01 5.864187737149809720e+01 6.700417587404172082e+01 7.531332699941891917e+01 6.861457696434808895e+01 5.004709883170543350e+01 6.861457696434808895e+01 6.276274135040508639e+01 5.945017579238989924e+01 4.854152468718157110e+01 2.859569460520992124e+01 2.483420517590892729e+01 4.458904981063565742e+01 5.354549162822861774e+01 5.261410103715412134e+01 4.851035299271520529e+01 6.242375962812220536e+01 5.867138720043577393e+01 7.699511553640043360e+01 8.540216863588895535e+01 9.241948500484093643e+01 1.005251442560704618e+02 1.087958891369204366e+02 1.097366971720274336e+02 1.103926382195966767e+02 1.017133679706089282e+02 1.103926382195966767e+02 1.197731326598065209e+02 1.038426018650889091e+02 1.134434240694753129e+02 1.078780155774060745e+02 1.268795087311753633e+02 1.114672210442885074e+02 1.005756273781899495e+02 8.724636981293261329e+01 6.734701033141890036e+01 8.145203950303809393e+01
4.605209729492082715e+01 5.272738537278659976e+01 4.681374512684062950e+01 6.700417587404172082e+01 7.876946795308255389e+01 7.050692652784671566e+01 7.876946795308255389e+01 7.722064771557585061e+01 5.741466477420700443e+01 3.650957752485559382e+01 4.853713552556263977e+01 4.460814643219714526e+01 2.574729267112267195e+01 4.494453824452320134e+01 3.249773541162506518e+01 3.686351585019570365e+01 4.200877290247156282e+01 4.876823102428588896e+01 5.650749789152432356e+01 7.102251006175907833e+01 9.141426067598355587e+01 9.696705159790083428e+01 1.052555853882768275e+02 1.098236753167175976e+02 1.180534695017729092e+02 1.081495478262028769e+02 9.988219902951102824e+01 1.081495478262039569e+02 1.226667907809904108e+02 1.307635731745002943e+02 1.268795087311753633e+02 1.350248536746216814e+02 1.181239166018116578e+02 1.082813521544208868e+02 9.081401608107479717e+01 7.095020256087707367e+01 8.245664018978497722e+01
2.967374704047761114e+01 3.251226611442044145e+01 5.272738537761780719e+01 6.479491942642745528e+01 7.310155608794475768e+01 8.315045631718781749e+01 8.051678395057172111e+01 5.968272556576675214e+01 4.777148231517220012e+01 5.741466477420700443e+01 6.574920527625485533e+01 5.392579648711095786e+01 4.560603695442339500e+01 2.666034567246133946e+01 4.655626633995203889e+01 5.715257575137050594e+01 6.242375962811978951e+01 6.925152393004032092e+01 7.699511553640043360e+01 8.540216863588895535e+01 9.357455061549094921e+01 7.664301052724442798e+01 9.357455061549094921e+01 8.971050997685129857e+01 1.001901428432671111e+02 9.188436050214961881e+01 7.959188065983570937e+01 9.805288777209966611e+01 1.096998825879950061e+02 1.190467147787129534e+02 1.164678428497898892e+02 1.246653804422335980e+02 1.100006065399118711e+02 9.028494635225052889e+01 8.035348730373520709e+01 9.081401608107479717e+01 7.801019679149281671e+01
3.868670552263785112e+01 5.272738537761836142e+01 3.690311371991644052e+01 4.455353464609468261e+01 5.472787433492864295e+01 7.486196451792694972e+01 8.932002422867502389e+01 7.722064771557585061e+01 6.848823473379223969e+01 7.535663439489191262e+01 5.902693831617423115e+01 3.822891863806803059e+01 4.721682846916055354e+01 2.731370350922771806e+01 4.721699463725475709e+01 6.440728742668014206e+01 6.527230751556984956e+01 7.380429004467127641e+01 8.575053714421325424e+01 9.915588169202754898e+01 8.523296101473621889e+01 6.477099515733002022e+01 8.523296101473621889e+01 7.793174890540173294e+01 8.847481416192064785e+01 7.149356664588776766e+01 6.931867465592458188e+01 8.117072624688995575e+01 1.014388419634703098e+02 9.902734296942291792e+01 9.641595721837200017e+01 1.131326017045019796e+02 1.181239167846390501e+02 1.082813539077743314e+02 9.437623569391480771e+01 1.035224475784382321e+02 8.375701066201362721e+01
5.039195876451117329e+01 6.104289543682037333e+01 4.078569344049666512e+01 4.773849825827931426e+01 6.794548250525436117e+01 8.315045631718781749e+01 1.012677954653587733e+02 9.119785626148738800e+01 8.293707686820567915e+01 6.700116192393822701e+01 4.666863796743792392e+01 5.144661467373799724e+01 2.985920131477816497e+01 2.797232855516408279e+01 4.787814590322027186e+01 4.613949456703792862e+01 4.383843087280577322e+01 5.648833472117360088e+01 7.727143752241171626e+01 7.887124052902348126e+01 7.799856360764654539e+01 5.748307100359939881e+01 7.516617127421372402e+01 6.766635957549509328e+01 8.011173017753745285e+01 5.959664100551121635e+01 8.011173017774832772e+01 9.511727619005013423e+01 1.015122564862847838e+02 8.466868528487945866e+01 8.466868528487947287e+01 1.048908812827311863e+02 1.117612762708108249e+02 1.199850066165573423e+02 1.140644373331892609e+02 1.116537618249824249e+02 9.367756207087636255e+01
7.055728037070714720e+01 6.509496727164047059e+01 4.483460809753946563e+01 6.509496727164047059e+01 6.057322129850003734e+01 8.063136894943885125e+01 9.308844745982753466e+01 7.278570627658383785e+01 6.250989101931544667e+01 5.571939766423425056e+01 6.511619884363538802e+01 5.214234024184649030e+01 3.190510075955780067e+01 4.788380192759199616e+01 2.892688125714236946e+01 3.292969943770003027e+01 5.427542519660956799e+01 7.380429000618237012e+01 8.481247437386905119e+01 6.437812437384141617e+01 7.036320691581562414e+01 5.098565623066981800e+01 5.465839092269497002e+01 6.420747805704306188e+01 6.848786080295731438e+01 5.444365752079148280e+01 6.634204673013812226e+01 8.678666216533645184e+01 8.489508244193977760e+01 7.283459065009469668e+01 9.321559097976614794e+01 9.903298401756397595e+01 9.163607914750663497e+01 1.059228699403211493e+02 1.258564360125638331e+02 1.214852923804873797e+02 1.076272617426727720e+02
8.098307234089817541e+01 6.093788267230387845e+01 4.917078851115896754e+01 6.940997668977813362e+01 7.478971270199411947e+01 8.892728719806645188e+01 1.012677954653587733e+02 9.119785626148738800e+01 8.293707686820567915e+01 7.001502185533995259e+01 5.669528196663468833e+01 3.633473087943075797e+01 5.214232597254436286e+01 5.712948935937371431e+01 4.821475636321798675e+01 2.986711981737975918e+01 4.986814825731267575e+01 6.626505108155716073e+01 7.468341829800145604e+01 7.036320691574304931e+01 4.986551718140008660e+01 4.482998838051093315e+01 6.128350030542919313e+01 4.371969056892995553e+01 4.795913071546122808e+01 6.848786080295731438e+01 7.257672370514383431e+01 7.741867466193109237e+01 6.442009771589570732e+01 8.489508244193977760e+01 8.887700159859775795e+01 7.872101917910782731e+01 9.903298401756397595e+01 1.109707172430777717e+02 1.109707172430777860e+02 1.308549549700484249e+02 1.272250929888715660e+02
8.926612002295674131e+01 7.479898168883249809e+01 5.463517132675920607e+01 6.573905273674434113e+01 8.574371516533919646e+01 1.030648616941386280e+02 9.110016243187189389e+01 7.931475592424922638e+01 7.089327887904593695e+01 6.157696432231369954e+01 4.115553759396906486e+01 5.669528196663468833e+01 6.513906819713679397e+01 6.292085499557035888e+01 4.382960424525987975e+01 3.052189238565365415e+01 5.053363220777380604e+01 4.572253802360379638e+01 6.620663012061544350e+01 6.409114345836496796e+01 5.686264027239404584e+01 3.897466327305480149e+01 4.091048422569042486e+01 6.136613069815655308e+01 4.710424015654486851e+01 4.953857555083009601e+01 5.201869256147254816e+01 5.687495600810039775e+01 7.741867511696695203e+01 6.467240445519738046e+01 6.844303723285332808e+01 8.887700159859771532e+01 1.009034074587678447e+02 9.083609767445803129e+01 1.051331959212081699e+02 1.250637403889777630e+02 1.304793182064795758e+02
9.771972974583715654e+01 8.058332324667935609e+01 6.054577631363360268e+01 8.058332324667935609e+01 9.404171554222666884e+01 9.506781012151273558e+01 8.272490137378773056e+01 6.223193007692009360e+01 5.036465100325827393e+01 4.637796479561879437e+01 6.157696432231369954e+01 7.001966365318381236e+01 7.466943307721487599e+01 5.431608662631054329e+01 5.206701919394438960e+01 3.082276458689910115e+01 3.147761705014137590e+01 5.164154294357830111e+01 5.356276572043794459e+01 5.081191172349496554e+01 3.647513794087256400e+01 5.686264094800537805e+01 6.136613076423571300e+01 6.980065672328213111e+01 6.762886096512765732e+01 7.008369623972390627e+01 7.257605994223644075e+01 5.626673021334310931e+01 5.941867801055644094e+01 7.994591453235643996e+01 8.887700115122935074e+01 7.530403356650883495e+01 8.060927742104095728e+01 1.009034074587679441e+02 1.109707172430776865e+02 1.308549549700461228e+02 1.387455588374209867e+02
9.771972974583715654e+01 8.721148203329424575e+01 6.732700567344943465e+01 8.721148203329424575e+01 9.845492661255060796e+01 7.811070929917792682e+01 6.624050739738731863e+01 5.702153989684135382e+01 7.089327887904593695e+01 6.086747276968254283e+01 7.530009870414544082e+01 7.729396755009189235e+01 6.516407965258291313e+01 5.438836123743718787e+01 3.389539073025803617e+01 5.208221380246694565e+01 4.947245885671817689e+01 3.255970156517815184e+01 3.330992928297847300e+01 3.406374265032794568e+01 5.397116577291178885e+01 5.655814477832291942e+01 6.504177301239117526e+01 7.950130345903313867e+01 7.810486046249882008e+01 8.647212626616665432e+01 8.520032619773627403e+01 7.084135138672493781e+01 7.994591579549242510e+01 6.915020804660915132e+01 8.957359071541084461e+01 8.976024678625127251e+01 1.009034074587679726e+02 9.722455510903206743e+01 1.172724232541314535e+02 1.163268837486218814e+02 1.247254037827776614e+02
1.059964943195444391e+02 9.549332099015154540e+01 7.731821821542268935e+01 9.549332099015154540e+01 1.067664791923097454e+02 8.720193811788932692e+01 6.673836099192610050e+01 6.891609044282702712e+01 8.595181658077144959e+01 8.135210868914819571e+01 7.730691905087357441e+01 5.575188272538522938e+01 5.576118440987178815e+01 3.634377797282580502e+01 5.438836123743733708e+01 6.280410125899890517e+01 5.976160013376203750e+01 3.967634529920702846e+01 4.084589486009387826e+01 5.437101218521857504e+01 3.529491659324794028e+01 3.618204016353998753e+01 5.058195600942224956e+01 6.513933132554437577e+01 5.760456121882494784e+01 7.213958548247619262e+01 9.250630822255419616e+01 9.124195949224642277e+01 9.789346305390414216e+01 8.364610124278151204e+01 8.364610124278151204e+01 1.038838161910563258e+02 1.181456058146490022e+02 1.172724232541314535e+02 1.128153146240654650e+02 9.555176255287949516e+01 1.128153146240654934e+02
