LEM/sinusoidal_perturbations/elevation_000074.asc
nrows	100
cellsize	150.0
xllcorner	0
ncols	100
yllcorner	0
NODATA_value	-9999
[rows 51 to 67 of 100, columns 0 to 36 of 100]
6.455108993161302530e-03 2.000645510899280666e+01 3.166374725378624788e+01 3.700897208461897492e+01 4.303919896419689906e+01 5.011026675433636512e+01 5.839452873488973950e+01 6.415440030791901904e+01 7.247839192280360976e+01 7.499172602888323524e+01 6.665420904932243218e+01 7.499172602888323524e+01 6.489074650027838231e+01 4.775738637288539934e+01 5.041550208835233349e+01 7.091790327591037624e+01 6.966989850727021860e+01 5.261940803446984205e+01 5.082937515988651000e+01 6.046083967281091276e+01 4.664257254685313114e+01 6.765533624962897363e+01 7.908333600580935752e+01 8.790423385164824310e+01 9.811377489488788228e+01 1.035000037546956548e+02 8.578210368531175334e+01 7.331339542373341089e+01 6.425173211043438926e+01 7.724583453947592204e+01 5.980635561236258013e+01 6.071139442640610184e+01 6.159437900198662419e+01 7.179032963772094433e+01 6.407346269927825233e+01 6.494609981031229040e+01 6.581341057979138043e+01
3.995603441288198172e-03 2.000399560344093430e+01 3.596491098932707331e+01 4.411411771647721736e+01 5.400189661464269619e+01 6.613394178173115279e+01 6.091143542438916114e+01 4.414525062471818018e+01 6.091143542438916114e+01 6.494410397437590632e+01 4.657275927071646038e+01 6.494410397437590632e+01 5.642051636558095140e+01 3.637041009907387945e+01 5.642051636558095140e+01 5.949344829913379584e+01 6.056697242624557020e+01 4.088391871580058989e+01 3.641796567165491894e+01 3.984918267546518678e+01 4.536629960353780433e+01 5.135857647768518319e+01 5.798959001970146687e+01 6.760068623269185650e+01 8.483982904745649023e+01 1.080580766655764791e+02 9.989923633414345261e+01 8.853313769347508355e+01 6.220115852590869565e+01 5.851494895534543161e+01 7.787335781442179439e+01 7.983956935881074912e+01 8.066553134961422700e+01 6.829312248741571523e+01 8.267137623991466455e+01 8.351494809540967879e+01 7.876789279635936225e+01
4.804567899273937473e-03 1.991335132247210638e+01 1.603940239482602692e+01 2.603503457557854261e+01 4.589478740307558269e+01 4.616306192622961646e+01 4.616306192622961646e+01 3.279324566401913899e+01 5.260211235206749336e+01 5.661348416001945338e+01 3.654710249010382483e+01 5.661348416001945338e+01 5.035721314693104489e+01 3.056046730250012899e+01 4.309720213401018896e+01 3.926726309690126016e+01 4.782278597063770320e+01 3.175196468863615706e+01 5.212860988505572379e+01 6.046083967281091986e+01 6.609325368386139132e+01 7.224025932179168308e+01 7.908335563675359481e+01 8.791953124170504452e+01 9.839416003649944287e+01 1.102832405221375183e+02 9.096957591743040439e+01 9.043909608506380948e+01 7.708320019867763051e+01 5.758763209998742383e+01 7.139754234237314279e+01 9.074260583698480787e+01 9.475966731797936404e+01 8.682421610437256732e+01 7.561733769219776491e+01 8.889128407375210372e+01 9.787201078122096476e+01
9.707512844716031236e-03 6.039934068959447622e+00 2.606903074814519883e+01 4.411411771647712499e+01 5.400189661464248303e+01 4.453824467147558863e+01 2.641921863305518414e+01 2.538417014328543075e+01 4.511506449340932079e+01 4.992469027004759852e+01 2.983928037459291716e+01 4.136024271403354646e+01 4.554055873415241251e+01 3.005555850057417544e+01 2.276043334479295766e+01 2.484790275374611213e+01 2.747972942126867579e+01 3.318520559251521007e+01 3.904673853380390369e+01 4.543176536605624705e+01 5.257628481459994418e+01 6.163261886894090935e+01 7.333930104023420427e+01 9.383644010007773772e+01 1.112653295075039637e+02 1.038957213849044479e+02 8.925164932704680609e+01 7.201886133661869849e+01 7.626758430164821334e+01 5.663638780549476337e+01 7.059283916048566709e+01 8.996676384244663893e+01 1.048830780792225710e+02 8.555993361287734444e+01 9.455476789158804252e+01 1.025291055014621548e+02 1.160578999668432516e+02
5.001202446392439237e-04 1.996132620517050782e+01 3.427139775695799528e+01 3.740529176375974885e+01 3.774734378500202325e+01 2.951635280202813760e+01 1.653941035200656984e+01 3.629114027964241274e+01 5.339652486168912304e+01 4.241583974610849594e+01 3.409297165237315852e+01 2.122205836693570902e+01 3.756668513103618068e+01 2.003414702152942795e+01 4.023844359918539482e+01 4.519137558510018238e+01 3.008623384567427905e+01 5.020077926585668138e+01 5.926765840125480622e+01 6.566951237878403447e+01 7.282471757982119698e+01 8.099785210045338602e+01 9.048847971007018032e+01 1.023919475838050062e+02 1.038356056679884887e+02 8.463423734786152863e+01 8.122316014903226744e+01 6.185927187365612667e+01 7.413419928016281801e+01 5.566224701510054729e+01 7.556136569676789350e+01 9.065723899246957274e+01 9.880621999882293949e+01 1.048830890093910568e+02 9.920974245498828736e+01 1.185776421307745920e+02 1.164612862029746054e+02
5.279685921607564676e-03 2.000527968592125205e+01 2.216269159733398197e+01 1.738678627595119508e+01 2.434588345039632173e+01 9.687032539158936473e+00 2.372433778809001126e+01 4.349951400214617081e+01 4.005768226391404596e+01 3.174130635456716831e+01 1.395018727289452087e+01 1.561397117557369540e+01 1.738768669435211578e+01 3.756668513103618068e+01 4.858307886993736702e+01 5.395995865402829850e+01 3.388656598010231846e+01 5.395995865402829850e+01 6.433367472490888872e+01 6.942607392986515435e+01 7.536317981410049072e+01 8.239064945567930920e+01 9.168168406613818888e+01 1.029310022234580799e+02 1.017173975333996765e+02 8.212014162055544375e+01 7.095467275278124930e+01 7.433869324821034752e+01 5.425494686000755706e+01 7.320688452900475340e+01 7.856357156824219601e+01 7.154074246269695436e+01 8.488798216934956997e+01 1.045942019439926725e+02 1.185758470151610311e+02 1.264433972742310885e+02 1.185360744358865190e+02
5.738623160518319517e-06 1.075215438558088987e+00 2.152002490642709986e+00 3.233568979417118960e+00 4.323277359861262603e+00 5.418111314444135296e+00 2.544890976316019149e+01 2.822924948839892778e+01 2.943098329877710739e+01 1.162419693024920697e+01 3.174130648528060306e+01 2.712679365970195278e+01 3.683498672559593956e+01 2.746568612869052117e+01 3.816958833904022441e+01 5.671061660830260109e+01 5.396034917974002809e+01 3.959555413605236396e+01 4.419251794455075100e+01 4.917576306083696380e+01 5.490234804785161060e+01 6.152262304091583189e+01 7.168445967335338764e+01 9.364969224368689993e+01 1.101344650121131110e+02 9.829378201173132368e+01 8.320721588728741835e+01 6.366720360080185515e+01 5.943862219691463622e+01 5.284458843572773645e+01 5.971185503950971452e+01 7.294961520532358179e+01 9.212192988183235798e+01 1.036877765358968730e+02 1.038689211823799496e+02 1.121811970384472659e+02 1.264238929687061841e+02
4.532054705376768917e-03 2.000453205470502027e+01 2.216269159733398197e+01 1.738678627125354481e+01 2.434589521109313281e+01 2.538868693551935962e+01 7.028578322794140298e+00 8.180877575586745110e+00 9.339530601695155809e+00 2.943098329877710739e+01 4.004709855941246133e+01 4.699428433070629296e+01 5.311534164579876460e+01 4.727482000850418586e+01 4.572460409649544744e+01 5.758647343858396539e+01 6.805850768690289954e+01 4.969148840957239344e+01 6.433367472490888872e+01 6.334926112431669054e+01 7.536115827052290683e+01 8.239544083386216755e+01 9.173010755694777174e+01 1.026918799950861825e+02 1.082279210455431837e+02 8.874655376408158247e+01 7.498779172496240619e+01 8.320361789147467846e+01 7.240251690193740330e+01 5.184477671296325241e+01 7.233548767381034850e+01 8.538439303516585710e+01 9.383702333675229568e+01 8.438079419489685051e+01 8.438822281119712443e+01 1.038715796446347497e+02 1.220433030548281295e+02
9.001595176218036079e-03 2.000900159517586374e+01 3.828994559937620323e+01 3.740528668883998620e+01 4.124746370916570726e+01 2.119901547658966479e+01 2.119859941243024437e+01 2.657107338957388265e+01 1.974814751729231332e+01 1.173586942694902469e+01 3.182447682333457806e+01 4.219420498362165972e+01 5.027738257942170463e+01 5.861777069366542037e+01 6.671377887169677479e+01 7.259008646073370130e+01 7.820403577427083519e+01 7.056224039334480835e+01 7.932281190631920254e+01 8.403190048607697804e+01 7.924248056691797615e+01 8.795563667058731028e+01 9.761671477806189046e+01 1.132880321075736276e+02 1.102110661657245316e+02 9.351610054251170823e+01 9.413558454750696569e+01 8.921716259578536778e+01 7.152266105041114486e+01 5.084700810836098839e+01 7.012617157963542525e+01 7.674735314924127749e+01 7.472996859419389182e+01 7.074865247548723346e+01 9.006276881440091131e+01 9.487753455339381503e+01 1.141346115629339977e+02
5.674351268809080251e-03 1.000567435126889571e+01 2.414780997500009718e+01 4.414780997501132020e+01 4.956505955981420186e+01 4.125127780751040518e+01 4.124322495602910976e+01 4.330709109661623302e+01 2.902919358248288262e+01 3.182447681196003586e+01 1.418780403728829143e+01 3.428021061152764304e+01 3.018016496475290111e+01 4.700763638471716632e+01 5.814954001696096242e+01 5.822820116999192663e+01 6.659455761916706251e+01 7.115644705251136770e+01 7.747781736882090797e+01 6.894091521144864032e+01 5.808772626908140779e+01 6.670375204027419613e+01 8.019487313902254755e+01 1.030270852924604839e+02 9.649039082231101361e+01 8.866047672748047148e+01 8.211375934820938483e+01 8.145288267547317673e+01 6.232149978632579490e+01 4.985766471163227465e+01 5.372960480886452928e+01 5.743125176823232891e+01 6.101632257986399566e+01 8.039552254331199777e+01 7.909832950457540335e+01 9.841987400735415292e+01 1.086947879770104493e+02
9.518805923843161668e-03 2.000951880592348786e+01 3.017304004974803178e+01 3.594654274164307139e+01 4.261320940830728432e+01 5.089748064684121687e+01 6.089748063232293163e+01 5.866205377801950505e+01 4.708713585357347853e+01 3.191175278943655869e+01 2.132868001351264908e+01 1.674985003320470156e+01 1.857815472003296620e+01 3.867350915952911095e+01 3.802193554987939450e+01 3.803280137909649028e+01 5.493051104136434759e+01 5.076062089735040672e+01 6.150020660940410977e+01 4.825563231546247778e+01 6.288763496177674739e+01 8.355431437151898422e+01 9.744157103024295452e+01 9.841814747526858298e+01 8.041808578182873646e+01 6.990230639570162907e+01 6.160177486522726298e+01 7.275017047895356370e+01 6.882122580856993466e+01 4.891196294297058245e+01 6.995142735046660221e+01 7.711722597416444103e+01 8.039552254331199777e+01 6.693727968914831195e+01 7.271178369865189950e+01 8.132616452185618527e+01 9.252139303632927181e+01
9.062254805971973678e-03 5.009062254805949799e+00 1.017304004974912601e+01 1.594654274164533447e+01 2.261320940831188508e+01 3.261320940831153337e+01 4.675534503204198700e+01 6.675534503199457959e+01 5.321736028031234866e+01 3.349825233671384694e+01 4.051712083861448122e+01 3.683926735057283963e+01 3.405816614347528315e+01 2.124579292443593914e+01 2.380471590585704078e+01 2.642460851131230015e+01 4.656758801784908286e+01 3.638520123848227428e+01 4.102390082322296649e+01 6.150007660750330274e+01 6.894086453508491275e+01 8.958141392072863596e+01 1.025431564813381158e+02 1.060998087199855746e+02 9.649037775218222635e+01 8.866041302829049187e+01 7.313885917530009806e+01 5.026612842298104056e+01 4.760114507675944395e+01 6.436070472106746365e+01 6.429925100004896876e+01 8.412477881677058633e+01 9.421358677382431779e+01 7.653796339684042493e+01 9.202835184351928888e+01 8.636266506140768229e+01 1.057066251154106595e+02
3.063233560239582431e-03 2.000306323355988525e+01 3.017304004974803178e+01 3.594654274164307139e+01 4.261320940830728432e+01 5.089748064684121687e+01 4.858597755087759396e+01 5.687607677168293918e+01 6.242853250336363402e+01 5.386463331493624196e+01 6.232749391029352637e+01 5.554966922753289538e+01 3.577358586594621670e+01 4.135623285383151426e+01 2.544296138078999547e+01 4.555508823089961368e+01 3.032229191747403974e+01 5.052277555130808651e+01 6.023837599284411937e+01 6.597225113381584549e+01 7.245873797122203541e+01 7.256835926370513334e+01 9.132192281184001104e+01 9.557682942582364660e+01 8.635513062280240604e+01 8.123332347078455484e+01 7.426737614061018178e+01 6.690432887236231352e+01 4.671164936776322207e+01 6.802851579252318004e+01 8.385612915480878371e+01 9.219122423132978383e+01 1.038811489342434840e+02 9.587046423020915142e+01 1.038811182058025935e+02 1.057066251154106595e+02 1.137174735842543356e+02
5.666595628964066558e-03 2.000566659562794314e+01 3.699710209259205840e+01 2.872782239971430229e+01 3.155628877254498477e+01 3.444308693430424739e+01 2.858490982979028772e+01 4.858597755087291148e+01 5.973341893484083442e+01 6.192199597711414327e+01 7.021584119051169637e+01 6.421338657076145751e+01 5.593004906076225780e+01 4.859230940422382616e+01 2.847172090367557118e+01 4.859230940422382616e+01 5.043992441966268814e+01 3.568876239569765119e+01 3.988933713349648968e+01 4.572277691685233236e+01 5.210358729636360664e+01 6.220134152185344334e+01 8.271759424543851935e+01 8.717002640916369671e+01 6.672015639424124345e+01 6.762628441593984974e+01 5.788028207092600752e+01 4.549455751999452957e+01 6.518680541240351545e+01 6.485964953634683638e+01 8.551926348810599166e+01 9.315742398869961960e+01 9.527618978627162960e+01 1.032365076327366324e+02 1.044236989505000395e+02 1.123397400461354891e+02 1.113319088935023728e+02
2.110006612196471242e-03 1.999917849734727326e+01 2.484206176297098523e+01 8.727584114154005590e+00 1.155601123890022031e+01 1.444276258484837427e+01 3.444308693429503165e+01 4.215982561978037779e+01 3.973146340677837429e+01 4.191934585628508358e+01 5.609960861618483108e+01 6.439074003334769714e+01 6.602066855519343846e+01 4.582744957434552191e+01 3.160269185252824187e+01 5.174190647985086144e+01 6.441098428128876208e+01 4.736920679441185911e+01 6.023876331491469927e+01 5.020973094151225524e+01 6.940033451431179401e+01 7.373234921694232469e+01 9.131549980577830183e+01 8.422442589882017216e+01 6.388845564157394818e+01 5.192713150508988207e+01 4.432457916852693813e+01 6.574212796721199936e+01 7.472106099577848681e+01 8.528055708875125163e+01 8.736319342008549427e+01 7.359905770226727384e+01 7.574320018144372568e+01 9.067782081442584285e+01 8.498409166373616586e+01 1.044236989505000395e+02 1.032218479335381289e+02
9.367352646185668139e-03 2.417084414361574396e+00 4.842440664724914967e+00 1.061594335662128863e+01 3.061619896797654405e+01 3.444308693430169654e+01 1.891489853984803204e+01 2.215932696246333933e+01 2.558929866531357433e+01 3.075327646026110884e+01 3.609850129862362422e+01 5.609960861618479555e+01 7.333869647120518209e+01 5.506225000277633796e+01 3.489660073622752634e+01 5.506225000277659376e+01 6.852208770096733303e+01 6.772114778671533486e+01 7.618695105698439818e+01 6.443426650949476198e+01 6.716679417196540669e+01 9.196121470168080236e+01 1.047946327067565733e+02 9.275273722393988862e+01 8.090631707290239660e+01 6.527513826229426286e+01 4.353220768457309475e+01 6.312374000208614433e+01 7.130976462149911299e+01 6.872342170002281136e+01 7.300820400821578460e+01 5.934418833801730386e+01 6.511498321689990121e+01 7.112460317092752859e+01 8.244753393943784658e+01 1.019206017660932275e+02 1.010878462974314971e+02
3.648181865326004768e-03 2.000364818186497118e+01 2.484262248775941018e+01 3.061619896797800422e+01 2.004403380107692456e+01 4.004451731395509739e+01 3.891531630426655397e+01 3.630148464184043888e+01 4.558990054396839753e+01 3.375426449504521287e+01 5.375528157398349549e+01 4.504277372144567693e+01 6.504477595002687451e+01 6.344418033499967891e+01 5.506225000277658665e+01 3.991790751247317814e+01 6.012247747107839757e+01 7.077905440578304308e+01 7.923592184305823594e+01 8.482108432477100735e+01 9.163329897292560133e+01 1.020751115661834945e+02 1.051618862063619702e+02 8.826929910083991615e+01 7.777433134868377351e+01 7.394971894826154823e+01 6.397374367959046282e+01 4.243515441176373315e+01 6.248288496453867680e+01 4.761300835406819232e+01 5.238389976040443941e+01 7.300827023095187940e+01 8.478230387191305795e+01 9.067782081442584285e+01 9.866191585493575644e+01 1.098481846764625800e+02 9.670146998087462009e+01
