LEM/sinusoidal_perturbations/elevation_000408.asc
nrows	100
cellsize	150.0
xllcorner	0
ncols	100
yllcorner	0
NODATA_value	-9999
[rows 34 to 50 of 100, columns 37 to 73 of 100]
3.155814605754180135e+01 4.350769066290495601e+01 6.381416714708782223e+01 6.310498966553024758e+01 4.290921237638583108e+01 6.310498966553024758e+01 7.402647281899494658e+01 7.335675235150540630e+01 7.548987815388039735e+01 9.410005336764635331e+01 1.038863499082750224e+02 1.021232816522527003e+02 8.427342779342735923e+01 9.932449358382493187e+01 1.074576016214927137e+02 1.062295773619602102e+02 9.808606962280056507e+01 9.552663001309177560e+01 8.759368452441145791e+01 6.808945698476708230e+01 5.404712408207883101e+01 6.130780355924311209e+01 5.642141554020512473e+01 3.649411065492543571e+01 3.465120226825221295e+01 5.505696955112041735e+01 5.811394165687867286e+01 6.002012918638067163e+01 6.802212407066427602e+01 7.994415243764296974e+01 8.762626322445859728e+01 9.600006381676139711e+01 8.251485665228219091e+01 8.460818128968361407e+01 1.037025649382584902e+02 1.030129290615143134e+02 1.111450948217239443e+02
3.400756775957369626e+01 5.437422424658064557e+01 7.181181703419102291e+01 6.639424223674701864e+01 4.638649994386302922e+01 4.951846294992301978e+01 5.434889235347942815e+01 5.952405699643418302e+01 6.647291024714417063e+01 7.620652332195135159e+01 9.572603398906107941e+01 1.118856908930930700e+02 1.037381442788122712e+02 1.118856908930930700e+02 9.900657405811500666e+01 9.087712708161855346e+01 7.860275549470412670e+01 8.784360857201878048e+01 8.695377140825084439e+01 7.246624679892251208e+01 6.130796096232177916e+01 4.093773927479927011e+01 3.902298006414896037e+01 5.642214628092740014e+01 5.472882539104140420e+01 3.556356000764296965e+01 5.376249306303172659e+01 6.416284268063537866e+01 6.813234370727894884e+01 6.127102969230367080e+01 7.457723418854561714e+01 9.290167921778035520e+01 1.016249246308705239e+02 1.037025649382584902e+02 9.983307003047885075e+01 8.343640612545972601e+01 9.983307003047885075e+01
3.653207370683112742e+01 5.086490747256256384e+01 6.986994528340471788e+01 6.974493150274194875e+01 4.992198647673982492e+01 6.938842262415835194e+01 7.402647281899494658e+01 7.907433216064598014e+01 8.596627865550620129e+01 9.410005336764635331e+01 1.038863499082750224e+02 1.162778614866163309e+02 1.066855301832970326e+02 9.892629812144042489e+01 9.087712979917873213e+01 7.144587926346324025e+01 6.743663782167094212e+01 6.841454902469070021e+01 6.745263245123058482e+01 6.435882833140267678e+01 4.412166322555682285e+01 6.130796096232177916e+01 4.927349156226929239e+01 6.738427640821586806e+01 5.592666000590248387e+01 5.597023740317715124e+01 3.647648799796753849e+01 5.599466135820576085e+01 4.870442376280403352e+01 6.813448529014911514e+01 8.307025122180621679e+01 9.074927421814672357e+01 1.013538878925734110e+02 1.055550692751579192e+02 8.597577606382739646e+01 7.211831399180346125e+01 8.191436613319487492e+01
5.681795794763710461e+01 5.099399603884406673e+01 7.086561147753458556e+01 7.367536846138561657e+01 5.402318366816742667e+01 5.996154378381124417e+01 6.739597289403010905e+01 7.610856769205298633e+01 8.734717613516068013e+01 1.069466397174039827e+02 1.188098837193606983e+02 9.765112584494357861e+01 8.754638077445608246e+01 8.136227712144579982e+01 8.565603626025794881e+01 7.713709857474441378e+01 5.772091827430407562e+01 5.460878316846959990e+01 6.745263292305340030e+01 4.752219155523203398e+01 6.435878112301996623e+01 7.246618180183961044e+01 6.348666169209980126e+01 7.739393624708350217e+01 7.557965863244925231e+01 5.795397442824401679e+01 3.712272147575748704e+01 4.168162601744194262e+01 6.166948204768415565e+01 5.773648797405890321e+01 6.461869736043298929e+01 7.537797722733807859e+01 9.357809280086208048e+01 9.542187990812571741e+01 8.729356783242174345e+01 8.191436613319487492e+01 6.222838196782569042e+01
6.314619225364653232e+01 7.090931545790115820e+01 7.906627440524091810e+01 8.178669108020973511e+01 6.542896380587831118e+01 6.048945402385616177e+01 8.000803107760410171e+01 9.503684873879645068e+01 1.037907111106018476e+02 1.151350721571779019e+02 1.146590697019106528e+02 9.765112584494357861e+01 7.317164838928350434e+01 7.006304019922643533e+01 6.628105605933612310e+01 6.268382557922927845e+01 6.069366340950835337e+01 7.068497494283705862e+01 5.102340577164617486e+01 6.745259622228313390e+01 6.174264467394326061e+01 8.123783133190924843e+01 8.319002601287715493e+01 8.331336568265497533e+01 7.534429073105704333e+01 5.823001518435783908e+01 3.777619005486815240e+01 5.814350660239021806e+01 6.939079701323528582e+01 7.654664180431093712e+01 8.307025122180621679e+01 9.074927421814672357e+01 9.483360316838171400e+01 8.729356783242171502e+01 6.764755981255288475e+01 7.340174233832712503e+01 5.626623340368634985e+01
4.714487495425743191e+01 6.127287143189166585e+01 8.099683867624855793e+01 9.307185356981983659e+01 8.494016671069472579e+01 7.176562466445197686e+01 6.788840254985193212e+01 8.164466952045269466e+01 1.011997603238497732e+02 1.140821895644787247e+02 1.064925351159509006e+02 8.656403516883206350e+01 7.737420525926977177e+01 8.958388516455322303e+01 8.565603626025763617e+01 8.205819275967407123e+01 6.504342133125541636e+01 7.876691416068476315e+01 5.993958394522520905e+01 7.876658049558855623e+01 8.123784009855675947e+01 8.934230636803323478e+01 8.351398492337662560e+01 7.210375874335737478e+01 5.554123733315495315e+01 5.887908714880055783e+01 3.843050199069601547e+01 5.887805130697239520e+01 7.174056008332057388e+01 8.004426739022726167e+01 9.145448835435141177e+01 8.909372216370709907e+01 7.521947568968496967e+01 7.907886751246823565e+01 7.094526483378889736e+01 5.374992230202138899e+01 7.340174233832712503e+01
5.004062693116193827e+01 6.988477211282068424e+01 7.461352504684437292e+01 9.425856048567605683e+01 9.941507176825378167e+01 9.126736762628588906e+01 8.737222301004901226e+01 7.658371945193313479e+01 8.630584559762867514e+01 1.058947658672499301e+02 1.146590697018518625e+02 1.029448292746605915e+02 8.332361654803968065e+01 1.029448292746595683e+02 1.003466180892220478e+02 8.084634782462279645e+01 6.987123501282935933e+01 8.747424558164327379e+01 7.367988255351544069e+01 8.747430738175360432e+01 9.422256474010551131e+01 8.604663371750403655e+01 7.537223854315838878e+01 5.556478979934254170e+01 4.364565573860724612e+01 4.140340111085428987e+01 3.908688791553211672e+01 4.990666650534137005e+01 5.195578977934243170e+01 6.350526913983979682e+01 8.325248332793245254e+01 8.096432044254216009e+01 6.131424112792645786e+01 6.853651902566862475e+01 5.130254594688281600e+01 7.094526483378889736e+01 6.764755981255288475e+01
6.988477211282068424e+01 5.483172163796112386e+01 7.461352504684437292e+01 8.546042794265272846e+01 9.165208336987220150e+01 9.979927778039119346e+01 1.042617689767138671e+02 8.781575292068042415e+01 1.042617689767138671e+02 1.140821895644787247e+02 1.168225522905820100e+02 9.719648818660830614e+01 9.719648818660830614e+01 1.110916676602868449e+02 1.084988467903218634e+02 9.429822337557908440e+01 7.484673677457021768e+01 9.429822337557949652e+01 9.313510617107705514e+01 9.417499993486042342e+01 8.289932849140910776e+01 6.652299332594951409e+01 6.782815015642607648e+01 4.761583991995535570e+01 6.393640347874903540e+01 6.137359324135378102e+01 5.954524111861381641e+01 4.005932710165007649e+01 6.051299925261501755e+01 6.476529348656430329e+01 6.364188249715844137e+01 7.155163396721384572e+01 6.620079661928436110e+01 4.878620381991589028e+01 6.278215674143067559e+01 7.906762997306383056e+01 8.729356783242164397e+01
8.275687328171281365e+01 7.461330169190807737e+01 6.007563790598582898e+01 6.582110746741467722e+01 7.207234973299533465e+01 8.591292663061175006e+01 1.055076334061848513e+02 1.074172153322956547e+02 1.156078417157008289e+02 1.189774958268025387e+02 1.249868471340007972e+02 1.168225522905820100e+02 1.168225522905839284e+02 1.194805821539113992e+02 9.983236432499641921e+01 8.856614766296164021e+01 8.167952031190856133e+01 1.011996191538144529e+02 9.893379935425909366e+01 8.603579792051168340e+01 6.652295712313690501e+01 5.524279372153712586e+01 5.203921230491446437e+01 6.782815015645783774e+01 6.782815015645783774e+01 7.452730097586741920e+01 5.470821087770327296e+01 6.051267257898796004e+01 4.105488201080419230e+01 4.178464308269597183e+01 4.254803318016845992e+01 6.312524959935023361e+01 4.623564669592586540e+01 6.620079661460319187e+01 7.666512328376008156e+01 9.052450185982168307e+01 9.563812703638367907e+01
9.475611693557026172e+01 8.470295088193057609e+01 6.505532519839913164e+01 8.470295088201602596e+01 9.165208336969284630e+01 8.591292663061175006e+01 1.055076334068056951e+02 1.173728816558662658e+02 1.091353453348584281e+02 9.914553461411253465e+01 1.131907959580251486e+02 1.107195056458770352e+02 1.192996496664340640e+02 1.276755709211621905e+02 1.136032943876383143e+02 9.399136183955977231e+01 1.011996036271073791e+02 1.024470488622649214e+02 9.073869056796131360e+01 7.114352263249423913e+01 5.998488795380413308e+01 7.477465468193526021e+01 6.357734201667507534e+01 7.996017595329597327e+01 8.745010393088553258e+01 8.267220057239019582e+01 7.452720813372410191e+01 6.604816641891035545e+01 4.456282704544897655e+01 4.490922920989210354e+01 6.210033238705236158e+01 4.364994491563643919e+01 4.452475220539748335e+01 6.493107267097347801e+01 7.421449735543914983e+01 9.041990434198964977e+01 7.777318036514061816e+01
9.600794455051666887e+01 7.642712113742429381e+01 7.896581428762829091e+01 7.750518354738706250e+01 9.708857538694033451e+01 1.055076334067871926e+02 1.136856292685950507e+02 1.091353453348584281e+02 8.921829065958750959e+01 8.506045138529569272e+01 9.679780420194727242e+01 9.103124665256254389e+01 1.107195056458770352e+02 1.205034322879137392e+02 1.217873185490217480e+02 1.078340660087856691e+02 1.056626927123034250e+02 8.588085322584211667e+01 7.457977678485833906e+01 6.727199416506407204e+01 7.942541516952874758e+01 6.680033109599567354e+01 8.309935286210287586e+01 9.126265947854876970e+01 9.262225136731795772e+01 8.442439302553164282e+01 7.767275017410133842e+01 6.722456192838851052e+01 4.812305070232869042e+01 4.805540045036860164e+01 6.674067270068881896e+01 6.412317502186361651e+01 6.493107416162649770e+01 4.577707119737551267e+01 6.606994499198684423e+01 7.453647368411685648e+01 6.417838085838245377e+01
1.041648978421531382e+02 8.772231209189465062e+01 9.855362385740595244e+01 9.134047649900304577e+01 1.052479324374043443e+02 1.069516135207236829e+02 1.151649206556691922e+02 1.081533292079774782e+02 8.826354492467618229e+01 7.500579735466902775e+01 7.797282376750528954e+01 9.679780420194727242e+01 1.144493350198490305e+02 1.000599009827453330e+02 1.144493350198490305e+02 1.275314437839507633e+02 1.138771418655116179e+02 1.024470553304310130e+02 9.424163051247113287e+01 7.517071525598846904e+01 9.143405665548523586e+01 7.177688448737869464e+01 9.143405665548523586e+01 9.576363509646276384e+01 7.612349171028749595e+01 6.532825212061011655e+01 5.890673333947819401e+01 5.302624105941971067e+01 6.722485646498633116e+01 6.682444379744211460e+01 5.239837117892311369e+01 7.075496875664320839e+01 7.421906138930002328e+01 6.027983482312295394e+01 4.703676281736721876e+01 6.535163409855370276e+01 6.907063186556551670e+01
1.062078128297949462e+02 1.073263289754217737e+02 1.155086040202231459e+02 1.109657136800607020e+02 1.037765901133159190e+02 8.726932180474959466e+01 1.037765901133157627e+02 1.023244983027243791e+02 8.243930733559287205e+01 6.826593173916717205e+01 8.826354492467618229e+01 1.041349568071506724e+02 1.052887669409160907e+02 8.548107522938785507e+01 1.022225601833127655e+02 1.106368662409098391e+02 1.108061290781291603e+02 1.191833984970372029e+02 1.030458845638428755e+02 8.495090146453705415e+01 9.715873435639227296e+01 7.737447232149031606e+01 9.715873435639227296e+01 1.040047118084322051e+02 9.262225136731795772e+01 8.442439302553164282e+01 7.557810770054967975e+01 5.700789844840296183e+01 7.557810770054967975e+01 7.357783136179808992e+01 5.537266169472868427e+01 7.357783093196722746e+01 8.811034851398571277e+01 7.527102096590263614e+01 6.702092851592638567e+01 4.829079049805788770e+01 4.917443764169595255e+01
9.779495105809191102e+01 9.610802986568195649e+01 1.045233855852068103e+02 1.095067418129450658e+02 8.982272083756745928e+01 7.579458493115930651e+01 8.569131101569836062e+01 9.388345730556639523e+01 8.407658666961404492e+01 6.403815187389344032e+01 7.801571442969759573e+01 9.708179961825568682e+01 9.685001068173176009e+01 7.629628131212173514e+01 8.171709473242245281e+01 9.633734394766904074e+01 9.034417691557021612e+01 1.108061290781291603e+02 1.129427129887516656e+02 9.892221196569136055e+01 1.038218115921518176e+02 8.389607616754152275e+01 1.038218115921518176e+02 1.034268902331251354e+02 8.356639593524988641e+01 7.001369731728429713e+01 6.316011568188555003e+01 6.842520422940394553e+01 8.147755380570345096e+01 5.888077700005125337e+01 6.098607431470283302e+01 7.239231636361965627e+01 8.975714550343461440e+01 7.895639469845140468e+01 5.915828858275585134e+01 6.848334458420511339e+01 6.370587563588606628e+01
8.961968498688032980e+01 7.567630139979324611e+01 9.274661278164468570e+01 1.029479630207330985e+02 9.711046766273669562e+01 7.733190817047837129e+01 6.575166549519684622e+01 7.815483340455118366e+01 7.512725139901320404e+01 6.016926667895129555e+01 7.438299354872623326e+01 9.431242233527288477e+01 8.958316997376957147e+01 6.909421907487393355e+01 7.001397718519055502e+01 7.600998023333724518e+01 8.690031334685349407e+01 1.008094054295025899e+02 1.210450885881107013e+02 1.187494159624380785e+02 1.121369627163280285e+02 9.380264031211919473e+01 1.121369627163280285e+02 1.034142601872702443e+02 8.356621113308595739e+01 8.850112862011721404e+01 6.918100548713486830e+01 8.679920920533928097e+01 9.197972776905265846e+01 6.538116505236754961e+01 6.219356959628303372e+01 6.314486358949407219e+01 8.891216802661520546e+01 8.718557561111853715e+01 7.060614154393569208e+01 8.718557561127023803e+01 8.484727131889917473e+01
6.921931696974016290e+01 6.392481992931850954e+01 7.409426269591250502e+01 9.452926973453094206e+01 1.053023370992980290e+02 9.219562347342416331e+01 7.233894751586564098e+01 5.822500814866926788e+01 5.522469365472128544e+01 7.512723668254228926e+01 8.846794461883564509e+01 1.014493605468573065e+02 8.310399480298313790e+01 6.270004511003902792e+01 8.310399480298315211e+01 9.633734394766904074e+01 1.047637877063003913e+02 1.140360460480695082e+02 1.256009927909121444e+02 1.222369656847751287e+02 1.224059559327500182e+02 1.140026539691586862e+02 1.224607981269057149e+02 1.116295385869516963e+02 1.034142601872737970e+02 9.673117708513738933e+01 7.757759724242841060e+01 9.673117708037509033e+01 9.400497320482426744e+01 7.549965700968225235e+01 6.484516940567097265e+01 6.855317752468000947e+01 9.717802647923394943e+01 9.862369316278787323e+01 9.036305263555139788e+01 9.541281571347975898e+01 8.087787689223081600e+01
5.490133088889879076e+01 7.519444493129593354e+01 9.274661278164468570e+01 1.029478941187974783e+02 1.025184320809154741e+02 9.437575750684199249e+01 8.632453900095366350e+01 7.163918228839014546e+01 5.216791796276158522e+01 6.172903405261833143e+01 7.327377232633055826e+01 9.320789170909353061e+01 7.929279252931580402e+01 5.888496756702644319e+01 7.929279252931580402e+01 8.127218906050184444e+01 8.981535058300192986e+01 8.954956847318690905e+01 1.153605320502898479e+02 1.048843063478549027e+02 1.133238078468322811e+02 1.279830386383621459e+02 1.208380592679776271e+02 1.157045209063407469e+02 1.178366337358045399e+02 1.055892345875937366e+02 9.148887621297099315e+01 1.055892345870559552e+02 1.024626839929483140e+02 8.698392028870263459e+01 6.811048378422280791e+01 7.899835592418585861e+01 9.811046836989135045e+01 1.132050144313943605e+02 1.011355816164461032e+02 8.156374853767945865e+01 6.804061962442048639e+01
