LEM/sinusoidal_perturbations/elevation_000192.asc
nrows	100
cellsize	150.0
xllcorner	0
ncols	100
yllcorner	0
NODATA_value	-9999
[rows 68 to 84 of 100, columns 0 to 36 of 100]
5.009162696260268353e-03 2.000500915860896001e+01 2.397427678744313795e+01 2.719857804713018723e+01 1.177325922058308016e+01 3.195560183546761124e+01 4.539652101042179311e+01 5.001849484981435268e+01 2.964636727720783327e+01 5.001849484981435268e+01 5.858764869302245160e+01 6.686201005759235727e+01 7.801933471841735468e+01 6.427085759001508336e+01 4.339081414802176084e+01 3.304967152534666042e+01 2.629500674489312928e+01 3.798222030742722666e+01 2.506181164825822805e+01 3.044517356413275522e+01 1.146005542803189137e+01 3.121454721214089645e+01 4.153150121278552120e+01 4.689279064517277362e+01 4.691717836607526237e+01 6.222400064390938468e+01 7.152767892649306702e+01 8.041122603411787395e+01 8.873058096160588093e+01 9.139371980139614493e+01 8.305755356021803948e+01 7.682855518353986213e+01 5.875631117885793486e+01 7.682855513595275454e+01 7.558725289646866941e+01 5.588043138110443664e+01 4.230360201852396074e+01
4.695337527364121070e-03 2.000469533353779639e+01 3.363710432930586336e+01 4.033677062921335477e+01 3.195560183546771071e+01 1.677427833795572809e+01 3.106928629836949085e+01 5.137278368339651990e+01 5.001849484981435268e+01 3.766221534834630091e+01 5.208167091800939374e+01 7.226354563901431050e+01 8.802775128160163831e+01 7.287395856675725270e+01 6.244987874280720774e+01 5.383083214612300793e+01 4.690377750433102477e+01 5.201092290602242230e+01 4.334683713159395069e+01 3.153862176339306700e+01 1.183789155005279703e+01 3.156514858736515095e+01 4.509643684025356691e+01 5.617192356186856728e+01 6.443441778433168565e+01 7.557041333870174071e+01 7.716123866683963683e+01 6.039159567635536519e+01 7.060111499427347326e+01 7.891370804388824922e+01 8.893110411708367735e+01 8.671259363390498720e+01 7.270063847730490636e+01 8.444650032233917614e+01 6.465322170431900872e+01 5.078231928167397768e+01 4.943263621158327226e+01
7.614146464036155443e-03 5.352838984712546377e+00 2.535283898738196484e+01 4.216513924967079419e+01 4.085016435372887855e+01 2.056190115810700902e+01 4.085016435372887855e+01 5.521250052508914763e+01 6.633299394026475682e+01 5.799280516673439223e+01 4.788687709907102175e+01 5.959731000035723270e+01 7.971185443084964106e+01 7.611400103798922601e+01 6.358907067288989623e+01 5.417130947723432399e+01 4.661313804464333543e+01 4.058877726088667970e+01 3.394391032692715982e+01 1.238334245587857119e+01 1.321845099125734713e+01 1.988587302112587452e+01 3.684890189787275716e+01 3.634644745337597982e+01 5.617192356186856728e+01 7.220672429472647025e+01 6.415399891470352145e+01 4.892235646982047825e+01 5.065606106987667090e+01 6.058975479222320359e+01 7.472761058939737211e+01 9.481462559115365707e+01 9.251807661297979735e+01 8.444650055163373281e+01 6.465322170435216265e+01 6.208629514002246452e+01 5.814894414559206837e+01
2.352828262072654761e-03 2.000235282826054117e+01 1.388086763893704045e+01 3.388086764981174070e+01 4.922706454868866643e+01 4.085016435372887855e+01 2.650735749951528319e+01 4.684841495638458042e+01 5.969217733370091139e+01 6.801735610233478724e+01 6.809872105336894776e+01 6.440910741719051202e+01 8.451550734621486072e+01 6.691942555828637751e+01 4.358948187489604464e+01 3.316646700743778098e+01 2.734405198381684698e+01 2.242540504976495086e+01 1.761985456541883366e+01 1.276496622004754222e+01 3.204613181359932383e+01 1.506690007194021774e+01 2.252750401497304722e+01 4.215319441548948731e+01 5.820650036279611328e+01 6.094574767238081137e+01 4.428126635492020569e+01 4.008203504093043534e+01 5.409124595855094952e+01 7.405711058831197136e+01 7.203855697494857679e+01 8.036559108380521366e+01 9.214167369755438131e+01 9.262269066108942184e+01 8.444650055884812900e+01 7.607473512278799888e+01 6.955019681057069647e+01
6.786455232800275850e-03 2.000678645523244370e+01 3.388086764981174070e+01 2.457131731543420727e+01 4.457131735222195346e+01 5.521249697292471836e+01 4.090673619604852007e+01 3.347934623225045669e+01 3.937778442358442987e+01 5.378530311227229532e+01 7.395263319030590310e+01 8.451550747608717984e+01 8.463722392802314687e+01 7.378030207568335186e+01 6.294591972816814263e+01 5.417139987459175643e+01 4.661313804464334254e+01 3.730719406914668923e+01 2.229434807391551843e+01 1.314489786341627386e+01 3.548919550577178939e+01 3.414571596108613960e+01 1.688496651157307227e+01 3.621928357346040173e+01 3.834243414613269607e+01 4.657336588534359834e+01 3.287060012989429936e+01 5.268868596224297818e+01 6.618465855572137002e+01 5.787191957172397849e+01 5.200390734440190244e+01 7.203855677819187520e+01 7.211070755835589807e+01 8.057679000495974719e+01 8.889820393145789978e+01 9.588254474715662923e+01 8.937950502365509919e+01
3.257643153035955173e-03 1.414539326688411158e+01 3.414539326688481680e+01 4.457131735222195346e+01 3.871345293922751551e+01 5.871345310221320091e+01 6.119289622912480553e+01 4.369422208535212349e+01 5.969217733370091139e+01 5.115950295973439665e+01 6.285907720964419099e+01 8.294414875302142320e+01 7.638357314131106079e+01 5.718844960820383960e+01 4.789051679903991499e+01 5.638376624158486550e+01 5.014695570719033668e+01 4.336474030610550301e+01 3.166119182363709328e+01 1.352385665451718744e+01 3.382011859395492337e+01 4.440672230687381017e+01 3.621928357338433813e+01 1.876335531229677756e+01 3.834295935743674022e+01 2.676375194009301595e+01 4.451088798351641884e+01 4.644449172852931440e+01 4.841450587531860350e+01 3.794197695493147648e+01 5.186590063875080858e+01 7.138211748320273387e+01 5.808842305785951510e+01 6.066156020690475259e+01 8.057679000495974719e+01 8.625408007684458767e+01 9.111662671669319025e+01
1.880098487986705483e-03 1.000188009873872552e+01 2.414401636760629444e+01 4.414415251435999465e+01 5.871345311643037945e+01 6.699773843996274536e+01 7.227679285271861431e+01 6.396161236577965070e+01 7.227679285271861431e+01 7.134802729075981631e+01 7.964755481539673099e+01 9.122989107499445538e+01 8.463764635285549787e+01 7.493242890680821233e+01 5.638376624158486550e+01 3.705565839448695442e+01 3.059736515031486803e+01 4.202030176950005824e+01 3.382483630009629394e+01 1.390302917142464345e+01 2.699386558755908538e+01 4.376723190983879164e+01 4.177361810872313441e+01 2.218127005455347955e+01 2.099014962414191388e+01 2.280655086660334518e+01 2.468893048532575563e+01 2.663094938088956098e+01 2.861610875767891926e+01 4.550490993271528595e+01 5.317146602482031881e+01 5.660503367724942336e+01 4.671531748977061937e+01 6.376790386897051377e+01 6.780316695908422275e+01 6.627113536227348334e+01 7.106877480107570477e+01
2.900726248362994839e-03 2.000290072624800786e+01 3.828669049373949917e+01 4.254488143212535078e+01 4.553111856939228375e+01 4.878014809248461603e+01 5.263577794706672108e+01 5.672688356371765650e+01 5.860331173357140244e+01 6.694685589826221417e+01 6.790199418129334674e+01 7.625918095746877157e+01 7.690948733368759349e+01 6.684762811218621437e+01 5.846620164382210305e+01 5.179517579263728067e+01 4.203128686935647806e+01 2.225138310021239008e+01 2.516447465303758335e+01 1.428334040422583762e+01 1.680199863321572806e+01 3.888494186256413343e+01 4.547839166591965920e+01 2.587457205393137727e+01 4.073241138483270163e+01 4.261228878928136510e+01 3.869413245116629696e+01 4.062557416738786031e+01 4.752047261846610127e+01 3.160746390158842090e+01 3.398346587795717966e+01 3.688244254079657480e+01 4.015787029236248884e+01 4.401690495365910039e+01 4.803473082443181141e+01 5.232366557014393749e+01 5.708138053249940924e+01
5.081304048347549951e-03 1.997962273937907440e+01 2.556305550482568023e+01 2.252529200298712908e+01 2.550701903939816972e+01 2.875178519397781329e+01 3.260133747738838395e+01 3.668464119813253888e+01 3.856016605160996136e+01 5.370784307993768891e+01 4.782843318738320448e+01 6.790199418129334674e+01 6.848215150142861773e+01 4.845025178621555284e+01 3.845312409026761458e+01 3.173092610193520358e+01 4.323938228394648320e+01 3.482973710859297967e+01 1.482506625274802481e+01 3.425950824751775770e+01 3.879427839800990085e+01 4.712744344589140155e+01 5.373715725532333920e+01 3.562693531683020609e+01 3.191719616227247869e+01 5.153149601440136962e+01 5.855377807874504015e+01 6.049260142354997782e+01 6.040447646133095816e+01 5.243035506166287973e+01 3.856889816130019000e+01 4.005138294799592558e+01 5.978719545388732115e+01 4.943104518439316308e+01 6.780308691656443898e+01 7.212400436109548707e+01 7.106888756070581792e+01
4.469920835086939326e-03 2.751681199808873490e+00 5.525182180935030551e+00 8.382325038078029422e+00 1.136374900808075239e+01 1.460817743076618669e+01 1.845717922858143112e+01 2.253966218401551558e+01 2.701179876627527676e+01 3.367850243308799207e+01 4.522864256724148646e+01 6.529064638406271115e+01 7.690948733368759349e+01 6.684762811218621437e+01 5.846620164382210305e+01 4.323975097824620661e+01 2.318617820360091741e+01 3.457775296088600925e+01 1.521103157773610981e+01 2.295530082359669066e+01 3.477094405804061950e+01 5.469999859954332067e+01 6.364200795025885782e+01 4.947419851592176343e+01 5.153149600479277836e+01 3.836106082821717678e+01 5.223824039766431326e+01 7.230860335693691354e+01 6.583659255584139203e+01 4.600613746808119231e+01 5.834138504907598843e+01 5.978761733360833119e+01 4.660633091925427607e+01 6.637816324288216663e+01 5.927518515156855017e+01 7.917437431818187576e+01 9.112548121104961751e+01
2.324776005098761877e-03 1.984382764534634092e+01 2.543265934570447939e+01 2.836878504253808231e+01 2.136404029003251637e+01 3.461795680943448872e+01 2.529882438185669002e+01 4.255487732550218993e+01 4.703139619933066484e+01 3.856016605161027400e+01 5.860331193706235098e+01 7.364455456919515086e+01 6.459080421844765851e+01 5.585574910309741625e+01 4.854749069682796403e+01 4.184200803567181737e+01 2.281195213125139887e+01 1.576252266772526234e+01 3.505815192568679350e+01 2.292977146986464021e+01 4.279788173823647668e+01 5.865902206790276807e+01 6.669256605281547934e+01 6.946664173080911553e+01 6.325982555689515863e+01 4.334063862851167670e+01 5.735588466727448775e+01 7.751319972410099979e+01 7.157729025024484315e+01 5.169093009510490333e+01 7.157729025024603686e+01 7.133036268904312749e+01 5.152156436445171295e+01 7.133036268904312749e+01 7.917437431818187576e+01 7.181009945990192023e+01 8.595521149771397518e+01
8.699724428260374037e-03 8.173647716199587521e+00 1.817283247710466654e+01 3.228226771738845713e+01 4.137781224673841507e+01 4.141695015326011742e+01 3.944618334071461163e+01 3.944618334099055090e+01 5.949863359717785016e+01 5.011518675767410258e+01 6.694688303238149274e+01 7.067674672659001089e+01 4.974467516385716692e+01 3.545490938047620233e+01 2.861079199201789436e+01 3.271676072355734277e+01 1.632046446886435831e+01 3.471060740578393222e+01 3.990298658933088660e+01 4.268334725840985300e+01 3.182007569322956897e+01 3.888220136627440127e+01 5.037389731648740110e+01 6.997671317523619905e+01 6.996170337703171072e+01 4.985606991215543360e+01 6.325982555689516573e+01 8.342171871630985436e+01 7.823257687894212609e+01 5.826671699285382999e+01 7.823257687894212609e+01 7.885072024800483348e+01 5.895374507496538996e+01 6.290038629801139081e+01 8.284592904875820807e+01 9.184515931327591431e+01 1.001594639087173277e+02
2.249585233037712084e-03 2.000224958523268270e+01 3.634864256289039020e+01 4.609414287161621360e+01 5.955997769899840222e+01 6.160814379618911829e+01 5.949863304927269070e+01 5.949863396885746170e+01 6.784335206339788726e+01 7.019830661616721557e+01 7.855903825792117345e+01 7.682011982291261631e+01 5.586425203255085847e+01 5.567826615461519424e+01 4.180786517394338375e+01 2.099509636019984882e+01 1.671771490747409317e+01 3.676421300938024928e+01 4.323087436505191050e+01 5.243931686045984009e+01 5.166685935629634230e+01 5.865902206799231777e+01 6.669256593818253975e+01 7.795074364235661335e+01 7.831728931199810972e+01 6.404426305815522369e+01 6.404426305815522369e+01 8.424766805916679857e+01 8.656740366379989382e+01 6.819226538485317235e+01 8.656740366379989382e+01 8.716601724711551924e+01 6.883823740952892933e+01 8.284592904875820807e+01 7.916034932735473717e+01 9.924487821535277021e+01 9.931332916845938996e+01
2.739267172789772273e-04 1.000025137340691117e+01 2.414064731327614766e+01 4.411296800695446052e+01 5.042439208474468870e+01 5.390321858663754995e+01 5.515621302661372027e+01 6.342502221848393162e+01 6.671143249659466790e+01 6.671143249659466790e+01 7.496573018058353455e+01 7.871956667734062307e+01 5.957735600659295727e+01 5.956024544807208798e+01 4.393279330972177377e+01 2.424792589865772285e+01 3.580862000584024685e+01 1.728900513205258349e+01 2.743062993556257467e+01 4.485026337778649008e+01 6.250821240384711786e+01 6.765855449805015098e+01 7.256545063656857053e+01 7.467828251566267284e+01 8.274301793370844393e+01 8.424766805916679857e+01 8.424766805916679857e+01 9.259031556584115208e+01 9.661710049352667795e+01 8.827288837303120772e+01 9.661710049364799602e+01 9.718981288520018325e+01 8.886321405844596200e+01 9.718981288520018325e+01 9.924487821535277021e+01 9.347245381855459812e+01 7.933809102919056500e+01
8.327778614586212741e-03 2.000832777861423040e+01 3.824764590311107781e+01 4.456520256895345256e+01 3.043117469496816696e+01 3.391253244538943079e+01 3.516673586220078818e+01 4.787719565915625708e+01 4.673788568360195939e+01 4.673788568360195939e+01 6.671143249659466790e+01 7.318061700909527190e+01 5.400536618948117251e+01 4.020393731279473570e+01 3.311544961954982824e+01 4.391870512157036899e+01 3.849830239877746152e+01 1.769659787482269309e+01 3.091591485149035989e+01 3.652548224719709680e+01 4.894872522306421558e+01 4.770558162111425560e+01 5.285301287003909465e+01 5.501798169569847374e+01 7.374847776980227820e+01 8.349172635027129274e+01 9.580443978411884132e+01 8.754953762008418039e+01 9.013297902527682481e+01 9.838905003433661989e+01 9.998458017629288008e+01 9.191313618015787767e+01 9.232057904249124647e+01 8.387655310069602876e+01 9.232057904249124647e+01 8.355141995915938935e+01 6.541153254511569060e+01
6.510866554257996840e-03 1.414864649028508303e+01 3.414864649028437071e+01 3.163812995555507257e+01 1.628945493009240408e+01 1.977100803458685263e+01 2.362000976395844276e+01 2.788402373951957713e+01 3.259806684734613924e+01 4.414397174837377236e+01 5.826988209034664123e+01 7.810567920047478196e+01 6.763078843363335579e+01 5.956233720080690119e+01 5.269653070027615627e+01 5.252178212433463500e+01 3.919965208517348998e+01 2.111752176511575030e+01 1.827878042267564851e+01 2.302233985349207046e+01 2.807201305160887017e+01 3.300085031036581285e+01 3.829229944813889830e+01 4.570153069550777047e+01 5.593984952199208038e+01 7.544894327635643094e+01 8.438316677075742689e+01 6.782817230422679700e+01 7.037701117832125419e+01 9.013297309787563449e+01 8.879037487083184033e+01 7.256459774712286048e+01 8.157592359109894176e+01 6.193010411772127810e+01 8.157592359109894176e+01 7.530011768474102496e+01 5.568326293375124436e+01
8.953482861371391335e-03 2.000895348286101694e+01 2.722154699957131996e+01 1.163954938622862656e+01 3.163812995555507257e+01 3.131783946694314480e+01 4.361528300478002507e+01 4.202472217892835715e+01 4.673788568360195939e+01 4.414424619188535814e+01 5.568681905762161932e+01 7.564558752004921871e+01 8.232355278225122674e+01 6.188801417914964276e+01 4.803880080117336604e+01 4.441418227660171425e+01 2.537534453374814447e+01 3.471555921111479392e+01 1.869450293032480204e+01 2.619442196678382473e+01 4.417777592600295833e+01 5.354230259908954537e+01 5.285298782949943330e+01 6.569425628342918344e+01 7.374846536822590792e+01 8.348760500832885612e+01 7.616340196103519133e+01 5.664969471216800656e+01 6.999265898136832220e+01 8.970870832527522509e+01 8.017241431717978628e+01 6.153813265621498374e+01 7.290332860920860014e+01 5.033120716938579875e+01 7.290332860920860014e+01 8.355021378408764576e+01 6.549168511994952269e+01
