LEM/sinusoidal_perturbations/elevation_000927.asc
nrows	100
cellsize	150.0
xllcorner	0
ncols	100
yllcorner	0
NODATA_value	-9999
[rows 17 to 33 of 100, columns 37 to 73 of 100]
8.443102050929081770e+01 7.360903088072680589e+01 5.331939360849465004e+01 5.926209073208501366e+01 5.422989514002294698e+01 3.708883223288783881e+01 3.915986722927559072e+01 4.140048538281248369e+01 4.534895408116055648e+01 4.948474546058720591e+01 5.382283858786531283e+01 6.137168674874936869e+01 8.183288056883053230e+01 9.811862328525704413e+01 1.079262448207558265e+02 1.071631188027304802e+02 8.697507569260014293e+01 7.287999415428585337e+01 8.394005669234734057e+01 7.914368722719245852e+01 5.874396912630560053e+01 5.895216233026916797e+01 7.878208533849468154e+01 9.464980443981403369e+01 8.726120793934595099e+01 7.438085954710518877e+01 9.557373926465413660e+01 1.063425805216634785e+02 1.146557734437904230e+02 1.247367541011114440e+02 1.146507872293130106e+02 1.045430305535812892e+02 8.602883854377368777e+01 6.568348053730518643e+01 6.024038833304995677e+01 5.517416872715423892e+01 7.418078733037542349e+01
7.059195770728939578e+01 7.175599873774085324e+01 5.926185038129437288e+01 3.929641815348301748e+01 3.450921921340290055e+01 5.422990454721164610e+01 6.372440255624115224e+01 5.674737794970945970e+01 6.054685057415089489e+01 6.180507816180798386e+01 7.459868287810424192e+01 6.252213379481988653e+01 6.995874040345472622e+01 8.018610204050622770e+01 9.986353579899855504e+01 1.045433025164431200e+02 8.435544102467008543e+01 7.287999414770588658e+01 6.432021503487780478e+01 7.721046215705689519e+01 7.556554587986596516e+01 5.519556038146786392e+01 7.305316522572086058e+01 8.149662933563899969e+01 6.558583516394914170e+01 7.183762124700322715e+01 7.856521950911836427e+01 8.578387940096796171e+01 9.622343496590320910e+01 1.164617260774237479e+02 1.063091042378921145e+02 8.606173407733898273e+01 7.587225792993179141e+01 8.008726558859407874e+01 8.055860507004992144e+01 6.817415158688893939e+01 5.387350827061605685e+01
5.040289873641284402e+01 5.758851843489789246e+01 4.341649601226578170e+01 3.194278333751645960e+01 5.171521482305480788e+01 4.357883821187175499e+01 6.372858741381148917e+01 7.742399255656710011e+01 8.104783153508942917e+01 8.224391946033210843e+01 9.040346567259423693e+01 7.451839489755371915e+01 9.002481796160815009e+01 9.811862328525704413e+01 1.079262448207558265e+02 1.128887632892600408e+02 1.012400832515720026e+02 8.863645653963128268e+01 6.884199379302701516e+01 5.802061032924719086e+01 7.203113034045072993e+01 5.314172193562776414e+01 7.350064509621120123e+01 5.980657765816986426e+01 8.153954979450533358e+01 9.318071788627501917e+01 9.948968014809818783e+01 1.063425805216634785e+02 1.146557734437904230e+02 1.247367541011114440e+02 1.146507872293130106e+02 1.045430305535812892e+02 9.618541915761547045e+01 1.003730645478344172e+02 9.599298361642266286e+01 8.240583648152198748e+01 7.287403538007785642e+01
3.634286464583792053e+01 4.690064622466941557e+01 2.929507666718822989e+01 4.341649864835223127e+01 6.002454988696202065e+01 5.778153001451808990e+01 5.625522570653349419e+01 7.071258762046517177e+01 9.077401437443086252e+01 9.064551401017281762e+01 8.978691996811826925e+01 9.442137496406256503e+01 1.025030667417527468e+02 1.007478831815816989e+02 1.086667918244977642e+02 1.120226266642853403e+02 1.036693469973012469e+02 9.697582299439385167e+01 8.011861614830776546e+01 5.410365318952436553e+01 5.946927846443278298e+01 5.112625539605710401e+01 5.455291931531542815e+01 7.607813934243493748e+01 8.107323953243346182e+01 8.628056037683852253e+01 9.210291543320305152e+01 9.883379473059893883e+01 1.071822871619038295e+02 1.172811843229433180e+02 1.195759471423111080e+02 1.094987128215866221e+02 1.011582572172461454e+02 9.349952861072793553e+01 8.825629167080793991e+01 7.803328959449719093e+01 5.770835294757343092e+01
4.456574158450815304e+01 2.641193981491472087e+01 4.102954267602958538e+01 5.758955814477854318e+01 7.176261672198477015e+01 7.808605404339679978e+01 7.658844347642445882e+01 8.481079394508272173e+01 8.472072577985824182e+01 7.080656082034698784e+01 6.990857452295274754e+01 8.385412266646396517e+01 9.108892273145859519e+01 8.116963887171408487e+01 9.744112613863718764e+01 1.036693469973005790e+02 8.328171150252650534e+01 8.925311168658703309e+01 8.292701146423868863e+01 6.564691999295730795e+01 4.869495406984623287e+01 6.895630677380647455e+01 7.594964040063884170e+01 7.415082302792181679e+01 6.090080371864907249e+01 6.611269346809908143e+01 7.193368587854509144e+01 7.864115683841160376e+01 8.871718966263681239e+01 1.089503997985608521e+02 1.112432901873415574e+02 9.107322424715069076e+01 8.089516595465883597e+01 7.319255926609969265e+01 6.793560825588292573e+01 6.313693700666043185e+01 7.803318721813180048e+01
2.320677161205446026e+01 4.456574158450759882e+01 5.519824302787545633e+01 6.936694337972140545e+01 7.152208535217572205e+01 7.127188528197004302e+01 7.127188528197004302e+01 7.964900382298871762e+01 7.476052059382274706e+01 5.654965531056066652e+01 5.564933745762257900e+01 7.126598659110356948e+01 7.126113956791483872e+01 6.954232559703677907e+01 8.944437855901935563e+01 1.036693469973038759e+02 8.328171150252650534e+01 6.879217956380520604e+01 7.902264562519613378e+01 6.737809395578329941e+01 4.714443376849467882e+01 6.525494258687376714e+01 6.768174360126099032e+01 5.398814485241969408e+01 7.415415113054929463e+01 8.628056037683852253e+01 9.210291543320305152e+01 9.883379473059893883e+01 1.071822871619038295e+02 1.172811843229433180e+02 1.195759471423111080e+02 1.062874853794396017e+02 8.606795041113477396e+01 9.349952861072793553e+01 8.825629167080832360e+01 6.992377578199888433e+01 9.023823472421067038e+01
4.047427398546300736e+01 4.973341940188873167e+01 5.971630940320467573e+01 5.136621429263982463e+01 5.136621416704553411e+01 5.106203593221458448e+01 5.106203593221458448e+01 7.127188528197004302e+01 6.658343761124832838e+01 4.651530184488586173e+01 4.562192944144553053e+01 5.116315657638550363e+01 5.786515256599625445e+01 7.214613993860909602e+01 9.197515137462461610e+01 1.036693469973022701e+02 8.328171150252650534e+01 6.879217956380520604e+01 5.871645158733787895e+01 5.376607385935154326e+01 5.646486607581820749e+01 4.508190793786680928e+01 4.765141874383530762e+01 5.149685158289612019e+01 7.165609313004519265e+01 8.178055743291631074e+01 8.667004957345594107e+01 9.274843696975534613e+01 9.947801981133716254e+01 1.078260104942504825e+02 1.179249652312418988e+02 1.146253642871366623e+02 1.003917713679680617e+02 1.045444224664620805e+02 8.431246467336130479e+01 8.431246467336130479e+01 9.858897800017150814e+01
2.325336075779410905e+01 4.127252990236238617e+01 4.894696562613821555e+01 3.135965459433097635e+01 4.746122360701023268e+01 3.678636570857864996e+01 5.698136375999945358e+01 7.108202698216513227e+01 5.901417470768009821e+01 3.897182555791940217e+01 5.901417470768009821e+01 6.525881387047979842e+01 7.161778192255307829e+01 7.872546592838317281e+01 8.684792446339420735e+01 9.826522783236403313e+01 9.765216908663319373e+01 8.744862193888140212e+01 7.902264562519613378e+01 7.394609711563182941e+01 6.377498688404146776e+01 4.364294882930162345e+01 6.377498361306980712e+01 7.165609057095171863e+01 5.730533092395392458e+01 6.160931841870046810e+01 6.651015702227253712e+01 7.258870664563896469e+01 7.928927128639419664e+01 8.936080731954130840e+01 1.036807085638023977e+02 1.238741557282283310e+02 1.205209982338088963e+02 1.128894789686045357e+02 1.045444224664620805e+02 1.045444224664620521e+02 9.124785306223485293e+01
3.156859004546395653e+01 3.769732555880371905e+01 3.434300538704103900e+01 2.364818105376329171e+01 2.716739429173804510e+01 4.746131132226356897e+01 6.535188133995856674e+01 5.104576110173677961e+01 5.104576110173679382e+01 3.516842688877019896e+01 4.003991897573778402e+01 4.518907162452877913e+01 5.150895930975749337e+01 5.862189969216944263e+01 7.029866035001583668e+01 9.023669642118747447e+01 9.687124563744826844e+01 9.093655529990498110e+01 8.258338619527584967e+01 8.255021257532317236e+01 6.247549915039235202e+01 4.237387071973130759e+01 6.247544130091181103e+01 7.629786147819521602e+01 7.748002592480152373e+01 7.325451289525747711e+01 8.667004957345594107e+01 8.296567661662706428e+01 9.947801981133716254e+01 1.078260104942504825e+02 1.084008458530274481e+02 1.167238500416131615e+02 1.196362490265158272e+02 1.115723395318018021e+02 1.104714870811998253e+02 1.015699819715405283e+02 7.810501679529211572e+01
1.761935352532981369e+01 1.798932541514436068e+01 1.836122491560772474e+01 1.873598009686558186e+01 3.956523554368103390e+01 4.861740563899512324e+01 5.499257537214437264e+01 4.705764804862933914e+01 3.089827803500254078e+01 5.104576107774259697e+01 6.008266594179922038e+01 6.525881319672249958e+01 6.512797768224464789e+01 7.872546592838317281e+01 8.684792446339419314e+01 9.087610755421042086e+01 7.652959714581504613e+01 8.258338695988081213e+01 6.230714991521919899e+01 6.230601808597509006e+01 6.117867194663902097e+01 4.111548439517868303e+01 4.772335262997525973e+01 6.791529609114348887e+01 8.799915802968494916e+01 9.342733851102128995e+01 1.017750263617872122e+02 1.031526190483098588e+02 1.114894536669040122e+02 1.050201504189736568e+02 8.805576020653001024e+01 1.050201504183231691e+02 1.115723394161594939e+02 9.249700862267734180e+01 9.143735400007068392e+01 8.933256489267276379e+01 9.166346195916180761e+01
3.712928823672366008e+01 3.891258117735937816e+01 3.941645917449216086e+01 3.953800489363224813e+01 1.927777361102216602e+01 4.031696455552784641e+01 4.670181069839766508e+01 2.663486059847971532e+01 4.319809326135278127e+01 5.171822323856709147e+01 5.598982629582586412e+01 6.461889631310108939e+01 7.679100423671454223e+01 9.242563548669583895e+01 9.687124563744826844e+01 7.652959714581504613e+01 6.213043581453955255e+01 7.073435536730491435e+01 6.824592311425864466e+01 4.807007262227361366e+01 5.808006380968678428e+01 3.988555093651177685e+01 5.995628784951317414e+01 5.934024632803964749e+01 7.368668644671348034e+01 9.397512288142517889e+01 1.056551844829168374e+02 1.045892119069393260e+02 1.129425407592636503e+02 9.665460517590014433e+01 7.656333153813091030e+01 9.665460517590014433e+01 1.080042600714866836e+02 9.808404351270516486e+01 7.928436636243235114e+01 7.274643761789660346e+01 8.363388657252514236e+01
5.320112238468485089e+01 5.668807851072730131e+01 4.476785273929237974e+01 2.416371075146525982e+01 4.022613630761077275e+01 1.983847983499989809e+01 4.074583597991220785e+01 4.166707469927097662e+01 2.261193947945496063e+01 4.309140378254523540e+01 3.546288039849041240e+01 4.723553837255154519e+01 6.819091520739692669e+01 8.253781556006606479e+01 9.090864075007330314e+01 8.248752804850145992e+01 6.213043581453954545e+01 5.052153640646859145e+01 6.248250554412516777e+01 5.815898205456529269e+01 3.815414586329642788e+01 5.813607331521421173e+01 6.839056176572385937e+01 7.962903189805517457e+01 8.799915802968604339e+01 9.963885286886812764e+01 8.527553588865490042e+01 8.420559977457463674e+01 1.012107337291220261e+02 8.955126725911458152e+01 6.968471679943655772e+01 7.958344132145197136e+01 9.966737833020772541e+01 1.060666194406529144e+02 9.808404363207129961e+01 8.392190367928557748e+01 6.507761531429184743e+01
6.360235590662975369e+01 4.340665224698935276e+01 2.900179526253187490e+01 4.476803627956071807e+01 4.439335927154883166e+01 2.331623933318992314e+01 2.041766931764897208e+01 2.083647799699842906e+01 2.126542531067677544e+01 2.555313579151403047e+01 4.486241034883418166e+01 6.418029330444078084e+01 6.881975388853165043e+01 6.317386651333892900e+01 8.253682585985701792e+01 9.087610755954298725e+01 7.914073621140998682e+01 6.248250658115700418e+01 4.245927350795722788e+01 5.524703792990676021e+01 3.695186756476810785e+01 5.693928199698918746e+01 7.539421804912927882e+01 8.551712328688107334e+01 1.014175584590697525e+02 8.117373395329185826e+01 7.110287114286853694e+01 7.264754258839998613e+01 9.282072795526175923e+01 8.326891239258937105e+01 6.349948553975947618e+01 8.326891239258937105e+01 1.007760571677096380e+02 1.092869845081108906e+02 9.940117275712283629e+01 8.044301734115128966e+01 7.787408534406279159e+01
6.696240143420236279e+01 4.677295056180769706e+01 3.248939731008406540e+01 5.268624164560854695e+01 5.303462066094034810e+01 3.552506003141468227e+01 4.144262368087936466e+01 4.176762932295660136e+01 4.211809311380855547e+01 2.188925963866655522e+01 4.187669523383639358e+01 5.805673716341521384e+01 5.032952415548906089e+01 6.216418310538190184e+01 6.297825678549174455e+01 7.243694174270504504e+01 8.399301671799813107e+01 6.502876789713926087e+01 4.615250781823754522e+01 3.527336220804981792e+01 5.524438176607274187e+01 4.686089690244445904e+01 5.688522353118873554e+01 7.714626599537038487e+01 9.616142719214752788e+01 8.117373395329185826e+01 6.119487172814790910e+01 7.525394853942572126e+01 9.546536018578576943e+01 7.832655567751962167e+01 5.850779303221467842e+01 7.248148003117248095e+01 8.090012488732611473e+01 1.007725171744321955e+02 1.074070222006316868e+02 9.338509618310133931e+01 7.438806520788946841e+01
7.057353093372583430e+01 5.624456618576102329e+01 3.610550419040558978e+01 5.030727779205381012e+01 6.478369687500519092e+01 5.623780725997486485e+01 5.400399982281317790e+01 3.378471847913836257e+01 3.841614707705603138e+01 2.233162191315742007e+01 3.941818149277918337e+01 4.023718597770841399e+01 5.164537954670570485e+01 4.272056204087449061e+01 4.277583319358843283e+01 6.319069741864586121e+01 6.401379742841358222e+01 6.404111561190993029e+01 5.408991108629805922e+01 3.411810004432140886e+01 5.408997260531990747e+01 6.700608022767855232e+01 7.539421292574449751e+01 8.551712328688107334e+01 8.777743161354628398e+01 6.768839063532000466e+01 5.615340278880925950e+01 6.997871578156500050e+01 7.694241692285537226e+01 6.866082359135226909e+01 5.396400271905805113e+01 6.108648586393866964e+01 7.246112685622811966e+01 9.242801056381641445e+01 9.792553755887604439e+01 1.013805732803487700e+02 9.170559964327317459e+01
5.035573995185555418e+01 4.430764267822060987e+01 4.113525202835578654e+01 6.128100433552864956e+01 7.844212938147067860e+01 6.351457936794042780e+01 4.333959505141701385e+01 4.561985148730071415e+01 2.565889208458851201e+01 2.277219217196805445e+01 4.338170277250977591e+01 4.318259415491991859e+01 3.105725402149310810e+01 3.056354587721515159e+01 4.782962821896735051e+01 5.859587217019647909e+01 6.404353668183331649e+01 4.395671614418222362e+01 5.133032790681476598e+01 3.296385944336556406e+01 4.290080520607867953e+01 5.715939195539424134e+01 7.781143467967879701e+01 9.489628428265528726e+01 8.733057358338703580e+01 8.367608675222673753e+01 6.997871578156500050e+01 4.988851768333595516e+01 6.426316958399142720e+01 4.859593458908015151e+01 6.866082359135226909e+01 8.090012488036238381e+01 8.921444047637012886e+01 9.194088816161369948e+01 7.767703911632069946e+01 8.249887521235717713e+01 9.082024987457235454e+01
7.032270310213515074e+01 5.010484856890247585e+01 5.273232317596755081e+01 6.964887288581755342e+01 7.523780985039411462e+01 5.493257830578861700e+01 6.351457936792452585e+01 5.400680341508306270e+01 4.515553371869984289e+01 2.931914413156111365e+01 2.338600019387958895e+01 2.869968261458801706e+01 2.459051424967431743e+01 2.500817310434909402e+01 3.326195999696642502e+01 5.032541767456167747e+01 5.809541922380705614e+01 4.974368704229730298e+01 3.134238291892172512e+01 5.054031474031753390e+01 5.999479105170087223e+01 7.150286850217825929e+01 7.174401226265733555e+01 7.653028081317135900e+01 6.772323796187977507e+01 7.065368307833860229e+01 7.768368410251996181e+01 6.426311802379879623e+01 4.413908164939108048e+01 4.506794905981584520e+01 5.932446084453609814e+01 7.932507468398169692e+01 7.956992396017682267e+01 8.360768700129986541e+01 6.329012697233054752e+01 6.216878333643459342e+01 7.912787824002778336e+01
