LEM/sinusoidal_perturbations/elevation_000252.asc
nrows	100
cellsize	150.0
xllcorner	0
ncols	100
yllcorner	0
NODATA_value	-9999
[rows 17 to 33 of 100, columns 37 to 73 of 100]
6.007985333879021539e+01 7.558734789277552579e+01 8.739432085075151235e+01 8.319823116642594130e+01 6.290210291885887273e+01 5.116384153818984259e+01 5.975050002497614088e+01 6.655044804757929455e+01 5.032094515334897977e+01 2.971241008298233055e+01 2.484351042849171520e+01 2.773113168534211326e+01 4.703373323561406494e+01 4.802195797413812528e+01 5.741396576979295219e+01 4.939660423111365617e+01 6.108473354363084695e+01 7.862543916959202761e+01 9.172290152761654269e+01 1.062239885384672249e+02 9.851527585619156469e+01 8.106814124781503494e+01 9.852838928625494930e+01 9.338017813267444467e+01 7.324131088027213821e+01 8.261548879982328231e+01 6.628525587907016359e+01 6.945903740238607327e+01 8.104775531563339541e+01 1.012291503975759213e+02 1.050966036857567332e+02 8.504875774978306424e+01 7.198865842769386347e+01 6.052298369468354622e+01 6.622308223766614788e+01 8.023972749811163396e+01 1.002541594909163507e+02
4.651819047301679433e+01 5.847326169687379860e+01 7.902605271567470879e+01 9.161029945657965357e+01 7.988908558005667260e+01 7.148017474466131205e+01 7.526540581238226935e+01 5.812587339162008959e+01 3.722518820757682079e+01 4.549875511112475834e+01 2.531678112153382187e+01 4.477950226155131475e+01 3.201347850998465105e+01 3.512598555349765661e+01 3.840073555095549551e+01 4.212309964629048409e+01 5.150724489051814459e+01 6.485937710076697726e+01 7.547583933069168438e+01 8.783218596290824109e+01 9.705086046749349293e+01 9.968177311379660921e+01 9.993101389997146100e+01 1.017367762544324989e+02 8.484258627992178958e+01 9.158458435783465745e+01 7.146763940539257476e+01 8.957741648192900641e+01 8.104775531563339541e+01 1.012291503970967881e+02 1.120083366177457265e+02 9.189084208102508455e+01 8.506992414578182604e+01 6.525843338352468948e+01 8.506992414578182604e+01 7.875149922982421913e+01 9.874994926242376891e+01
5.847326169687379860e+01 5.686960420457266707e+01 6.883946659891699937e+01 8.921245022610824549e+01 9.725752142161366010e+01 8.135761997116954092e+01 6.104199915461053649e+01 4.614873203583823624e+01 5.730800255771688256e+01 4.589734946634453649e+01 2.579170773200548794e+01 4.582497407123211275e+01 5.101149748062075417e+01 5.420686164934727458e+01 5.741396576979295219e+01 6.108473354363179197e+01 4.823328211557691247e+01 5.365679428808483920e+01 5.943802727736643021e+01 6.826659579760382712e+01 8.252527954937737320e+01 1.036637724071203479e+02 1.191010217793397743e+02 1.133920453678290414e+02 1.050427455023674383e+02 9.717519579058671297e+01 7.701795979858049179e+01 9.717519579091083415e+01 9.267786461090852868e+01 1.095827285392361290e+02 1.082206608811345774e+02 8.808716111568436702e+01 7.663182687899072221e+01 7.181653886900116390e+01 9.169661678417209316e+01 9.874994926242376891e+01 9.874994926242378313e+01
7.902605271567470879e+01 6.883946662135834060e+01 8.582387252044541981e+01 9.753974991670938266e+01 8.930129523291327587e+01 6.945957779143097355e+01 5.747366750758322951e+01 6.431645373397347498e+01 4.946942941636835656e+01 2.937791198318923236e+01 2.626773942912559789e+01 3.439954505265331619e+01 3.976691875448463520e+01 5.618483250247073357e+01 7.102365305824910990e+01 7.560142725027328936e+01 6.168092038073847050e+01 6.381157831855924911e+01 7.938597516129497933e+01 8.783218596290824109e+01 9.705656171287650125e+01 1.054694190086292309e+02 1.054694190086292309e+02 1.138793098036575060e+02 1.114837500598629134e+02 9.124839855576014713e+01 8.862364858286093749e+01 9.346233168188170737e+01 1.129104239552059994e+02 1.212453555962012501e+02 1.165805210430946062e+02 1.049481555631577550e+02 9.659657937182259957e+01 8.320963262717488362e+01 8.580819145864255404e+01 1.059125330660870503e+02 1.189110489975711857e+02
8.509014760030146363e+01 8.921255882239104551e+01 9.754137930767880960e+01 1.069030607746520900e+02 8.809989107799978569e+01 7.418837906890898637e+01 7.222836939503994813e+01 5.585032536443040385e+01 3.518815707829172368e+01 4.752483122428732543e+01 4.614388191608544076e+01 2.693744398484646396e+01 4.710363801153420127e+01 4.029411835221788607e+01 6.230755685379193665e+01 8.174783883055602018e+01 8.122868923444222844e+01 8.340113703378936805e+01 9.170666039778670608e+01 1.021146118635115698e+02 9.951476933132997260e+01 8.515022885900516769e+01 8.515022885900516769e+01 1.054694190086292309e+02 1.198242332336760967e+02 1.114837500598629134e+02 1.029271966375459186e+02 1.136955465642401037e+02 1.220296850543450375e+02 1.225906393944923849e+02 1.197431822842864904e+02 1.113511324100492175e+02 1.116521123173971546e+02 1.032900527441464362e+02 1.059125330660870503e+02 1.142728457559785085e+02 1.248746228373175029e+02
7.157204275187950770e+01 7.827929180818129851e+01 8.657566364570307371e+01 9.658439992496724358e+01 9.390567887005738612e+01 8.172731580697652021e+01 6.374375710788136473e+01 4.290903577978796335e+01 5.582678260154187200e+01 5.351672135044866963e+01 2.759943306403890873e+01 3.214066221659653166e+01 3.237541716647656642e+01 5.756884695889920778e+01 5.141526085562576753e+01 6.263377758249984595e+01 7.771348097504177588e+01 9.837782810710612580e+01 9.616672143725838851e+01 8.180939520806251153e+01 9.110158186561123728e+01 7.084330292529432427e+01 8.926152011518864526e+01 9.642747321519971138e+01 1.048446208820551107e+02 1.165831644009581680e+02 1.231722194035867233e+02 1.117647678886217903e+02 1.033573601812019263e+02 1.022643262756696316e+02 1.080389005880157072e+02 9.107366432262584510e+01 1.071371388604316621e+02 1.155215140446824762e+02 1.155863021542580213e+02 1.239649887010393741e+02 1.330667478088289499e+02
5.136353933301820263e+01 5.815754463927616769e+01 6.827541874826511048e+01 8.828316486809727337e+01 8.543739178173473192e+01 6.428521411033906929e+01 5.222390634872066073e+01 6.374375710788136473e+01 6.646358409305739201e+01 4.867326197154159217e+01 2.806223583595551574e+01 4.579279381575403107e+01 4.185501941117271230e+01 5.899084854512085485e+01 7.319985285186523072e+01 8.174783883055602018e+01 9.220166605101715618e+01 8.695944574421854156e+01 8.601909910647314916e+01 6.746491118518318331e+01 7.526743032674241363e+01 6.404221261779581198e+01 6.900594778178906097e+01 7.615909709246936643e+01 8.782972245619114915e+01 1.081722191674126066e+02 1.117647678822761321e+02 1.000692312750908428e+02 8.311667091743242963e+01 8.795268036700801417e+01 9.899741406501148333e+01 7.944621863157554742e+01 8.689706559087592552e+01 1.012348481725097997e+02 9.529030119218990080e+01 1.155860124249547027e+02 1.146864928433709423e+02
7.157204275187950770e+01 7.827929180818129851e+01 8.657566364570307371e+01 9.658439992496724358e+01 8.789929608345808276e+01 6.698520399772706924e+01 7.311079974727780950e+01 7.298786089301341917e+01 5.242782185969957709e+01 3.783947570497198853e+01 2.852096970964932154e+01 4.858488279390213194e+01 5.984675999129562030e+01 6.754278352711483535e+01 7.923503174722976894e+01 8.766296269191450108e+01 8.098271736670028531e+01 6.659517631255432946e+01 7.761078332908239474e+01 5.717682012817390813e+01 5.478116229196968590e+01 5.985327237805633160e+01 8.020295278305952991e+01 9.642747321519971138e+01 1.048446208820551107e+02 1.062327434599018119e+02 1.033573601811936271e+02 8.311667091743242963e+01 7.151211868811476791e+01 8.307544942834944379e+01 9.061126377592248105e+01 7.046844717733397090e+01 9.061102421797090756e+01 8.102544846102868803e+01 1.012349346721121464e+02 1.018483567270940284e+02 9.438802841919995501e+01
7.141619311468230080e+01 7.814664849324135787e+01 8.647042470500858258e+01 9.652108429319285676e+01 9.658548789094589893e+01 8.789929608345808276e+01 8.465849063251729945e+01 7.622940856817143640e+01 6.531372064641516317e+01 4.915192584098569029e+01 2.897721036318245424e+01 4.915136314627108760e+01 5.940741492954932568e+01 6.232675095883579530e+01 5.876528548191177492e+01 7.850322021121709781e+01 7.007124952057085920e+01 5.201204739179527792e+01 6.533380943080932468e+01 4.926988491238877543e+01 6.988747282519666726e+01 8.020295278305952991e+01 7.426451391083733711e+01 9.453961244770206918e+01 1.001695562130051655e+02 8.567891342573356894e+01 1.001695562130051655e+02 9.735364506194423484e+01 7.715923950964634059e+01 6.288673888363016573e+01 7.688260184121109830e+01 6.461987109580165622e+01 8.352159696805594535e+01 7.344661547313992855e+01 9.173931102616145949e+01 8.163002295525058116e+01 1.018486167265153028e+02
5.115933264692444027e+01 5.795528235756400903e+01 6.809352609238224829e+01 8.819977089410056692e+01 9.244325114054412040e+01 8.401714615614606885e+01 7.622941059932152541e+01 5.574821170507062362e+01 5.797847682032333694e+01 3.999433188632405489e+01 2.943125775292701718e+01 4.963632054441851693e+01 3.365758738674806949e+01 4.177648765341667314e+01 6.252155370325264272e+01 6.665574563871177816e+01 4.948248292597869380e+01 4.157403770135896792e+01 4.466181451967143801e+01 6.533380943080932468e+01 6.615105485307645949e+01 8.651262626689670299e+01 9.453961244770206918e+01 1.029511784479744705e+02 9.104660852472683530e+01 7.132026254347783834e+01 9.104660852472683530e+01 9.299926087803504515e+01 7.785891967696281313e+01 5.750914088173718852e+01 5.649701050429752058e+01 5.992990018423859055e+01 6.338314478134029173e+01 6.743810341085915638e+01 7.161217169662208448e+01 7.737969950293843624e+01 8.372796993773116014e+01
7.141619311468230080e+01 7.814664849324135787e+01 8.647042470500858258e+01 9.652108429319285676e+01 8.401714615614606885e+01 6.359913061376305876e+01 6.957942890775473188e+01 6.174701561825157370e+01 4.121288019299004901e+01 3.298958683182037532e+01 4.253420678123389109e+01 3.008202536034056607e+01 3.054164931851475373e+01 5.083110027364973149e+01 6.000859911644764111e+01 5.434829872821002539e+01 3.752674257047016226e+01 5.818433221586474957e+01 6.533380943080838676e+01 7.377533287901655967e+01 8.651262626689670299e+01 9.082558880776832666e+01 9.082558880776832666e+01 9.903650004808871188e+01 8.258534649972297359e+01 6.244507243937516705e+01 8.258534649972297359e+01 8.461354284222574051e+01 6.436491701880365213e+01 5.232147169506991702e+01 7.292269840988464580e+01 8.016523096309042273e+01 8.352163556568530112e+01 8.754251870969969218e+01 9.173932018506704367e+01 9.756684799232178307e+01 1.039669872110279556e+02
7.216532309006214518e+01 7.657495217303019786e+01 8.489615458400545833e+01 9.649740018703330691e+01 8.137602641872942399e+01 6.094372017328062441e+01 4.899583326435665498e+01 4.278244637125931860e+01 3.692636562244715748e+01 5.336418227107935763e+01 4.959878832597742360e+01 5.033526038960179960e+01 4.727908472773406601e+01 3.119464207205233564e+01 5.153744105497910510e+01 3.429896893473863173e+01 5.434829872821002539e+01 6.663408162826475234e+01 7.224024684159742549e+01 8.063223281346991200e+01 8.484671101274248883e+01 7.065692197739623737e+01 7.065692197739623737e+01 9.082558880776832666e+01 7.621643262665226359e+01 5.606518408257322506e+01 6.831244838289723020e+01 6.567192654346735026e+01 6.721638962431744346e+01 4.983511920136311346e+01 7.054380584166395352e+01 8.610535014622060146e+01 9.452777241717546985e+01 9.343188682814438550e+01 9.513093787048609329e+01 9.561022421958988105e+01 1.040732295720305842e+02
5.190351577206221378e+01 5.636749311365046111e+01 6.808026807890831833e+01 8.817890644272424083e+01 8.980290288229161888e+01 7.802119087715365708e+01 6.957942890775032652e+01 6.077305809830959049e+01 4.019315633175643399e+01 6.077305809833692507e+01 6.988678761448650789e+01 6.272248938571139831e+01 4.204927353745165419e+01 4.746635737677068789e+01 3.185502680533523900e+01 3.232680154905202130e+01 5.275311894887020969e+01 6.186108719683505086e+01 5.109025871636445260e+01 6.858635619563601438e+01 7.656418771811554791e+01 5.615548493727204971e+01 7.656418772452001065e+01 9.005844504860544930e+01 8.464867099353317315e+01 6.831244368292308877e+01 4.798075500786222847e+01 4.498643540768956228e+01 4.644927806112359292e+01 4.851924175826491847e+01 6.930397193775988285e+01 6.583939966794389420e+01 7.665601972079322479e+01 7.302816385833614277e+01 7.529778547597057070e+01 7.533985591277969718e+01 9.562540111214073590e+01
7.216532309006214518e+01 7.657495217303019786e+01 6.405940078488943357e+01 8.417971682003187084e+01 9.267857435203080740e+01 7.230124373843000285e+01 6.045591266585068269e+01 5.120121328998687460e+01 4.404010892369801411e+01 6.468271561554885807e+01 7.946332787433637179e+01 5.897314995559778339e+01 5.663230166238093233e+01 5.962468032071512880e+01 5.224703659712186976e+01 5.274665903751898810e+01 3.302053965319594653e+01 5.347137380668580420e+01 3.733045662325395853e+01 6.002867799169268181e+01 6.238515350558881778e+01 4.957665572497531770e+01 6.152460784413880646e+01 8.182865196172961930e+01 6.991378852584369952e+01 6.145815211995518013e+01 4.295932382150227369e+01 5.750076779752546940e+01 6.722176025098083585e+01 6.930397193775988285e+01 5.160680838119883163e+01 5.384385687520832420e+01 5.621710629771895640e+01 5.860916725271645333e+01 6.102565663205670177e+01 8.127053681560072107e+01 8.735909104837543282e+01
8.114638239559502608e+01 8.997398949414848346e+01 6.990204016519253116e+01 8.997398949414848346e+01 1.011120910557956734e+02 8.935011189166284851e+01 8.021296383488547121e+01 6.874391710005325251e+01 4.808481940709954472e+01 6.007903076212286919e+01 8.058037195857328072e+01 7.946332787433637179e+01 7.699753552067194562e+01 6.852656228951484252e+01 5.673901572097368984e+01 3.622333178939059195e+01 5.175224106704054350e+01 3.374728297106693731e+01 3.426754806915266727e+01 5.475772686276812351e+01 4.177945581770605799e+01 5.636460190408758564e+01 7.661234083821159402e+01 6.788214094873602278e+01 5.941907919695086804e+01 4.074376966073971573e+01 6.145840860122736160e+01 7.195677940296913278e+01 8.641279100841282457e+01 8.068043078889967035e+01 7.227761557681023419e+01 6.178448688879813488e+01 7.665311719597114859e+01 7.893787247679868813e+01 8.127053681574548705e+01 6.457801198695850076e+01 6.717100539589324626e+01
8.946482107357473978e+01 9.665470398388652029e+01 7.661256051467252348e+01 9.665470398388652029e+01 9.716603399122799090e+01 7.666008980982260823e+01 6.216761332761627301e+01 5.524141686937707618e+01 6.007903076212286919e+01 7.721855268090207858e+01 8.904307379080421470e+01 8.637805914524066964e+01 7.196963938346193856e+01 6.007459922648240536e+01 3.949638951431306566e+01 5.673901572097290114e+01 6.216456692796000993e+01 5.423137338957727138e+01 5.472067661124378191e+01 3.501175447590141232e+01 5.544283809577782307e+01 5.674117939765368845e+01 5.737296256738789424e+01 5.792621234819793585e+01 3.793688495747070988e+01 5.941907919695086804e+01 6.760854951113611833e+01 7.510078976638668280e+01 8.455065518500525457e+01 8.368783645625401846e+01 9.010916271013012135e+01 8.187668051629096055e+01 7.589426754724681246e+01 9.520599470420947341e+01 9.263729660400478849e+01 7.436469183137369043e+01 7.718951003276599465e+01
9.950476821490339319e+01 1.049765660842600710e+02 8.663488985933749120e+01 1.049765660842600710e+02 9.563046827887255574e+01 7.513206828660422332e+01 8.266614180592344496e+01 6.308625956731290074e+01 8.058037195834444333e+01 8.904307361018234701e+01 8.838023270549199140e+01 7.665018569351961730e+01 5.754583285027517547e+01 4.290121449390067454e+01 6.007459922648240536e+01 6.852656228799136784e+01 8.028727302312562131e+01 6.067995447380577190e+01 5.670776299252440822e+01 3.608807315546751227e+01 3.576923175185084602e+01 3.630270904232754958e+01 3.684276944570406442e+01 3.739070261174202869e+01 3.798637093087342009e+01 5.852564163892973426e+01 4.378448773864795385e+01 5.458345805717986821e+01 7.527143672076640257e+01 6.359462472700559488e+01 7.779656863945785972e+01 8.897428050543922495e+01 9.520599470420947341e+01 1.004525232093922114e+02 1.041497342265779338e+02 9.131463820005276943e+01 9.718591419897485650e+01
