LEM/sinusoidal_perturbations/elevation_000246.asc
nrows	100
cellsize	150.0
xllcorner	0
ncols	100
yllcorner	0
NODATA_value	-9999
[rows 68 to 84 of 100, columns 37 to 73 of 100]
6.026157808629448454e+01 6.697245278447300620e+01 6.273643559311815920e+01 7.911268350793380932e+01 9.455001039362679194e+01 8.585638556583326420e+01 6.639304039169506666e+01 6.639284472295015860e+01 7.121052453598440479e+01 6.317287030411732474e+01 4.552574643722505243e+01 4.788409894450823145e+01 5.094318290243501934e+01 5.416635982852521636e+01 7.088061852185991540e+01 7.234215973565096647e+01 6.665509332152576860e+01 8.606922076881144790e+01 8.903666576047380943e+01 6.997916347995118258e+01 7.995402709950316478e+01 9.904056441514667597e+01 9.629570459532585858e+01 7.703117553350236335e+01 7.453558151307791491e+01 7.928358658163344330e+01 8.563343327120321646e+01 1.050635290234292682e+02 1.117057447590424459e+02 1.044679780478989102e+02 1.183598274336567187e+02 1.381635331995301783e+02 1.265111672953412096e+02 1.065514792046296719e+02 1.265111672953412096e+02 1.401215850853591576e+02 1.485539930922770111e+02
4.436996544552543043e+01 4.723252716871784429e+01 5.128618955083157260e+01 7.099568449210998722e+01 8.564320683767112996e+01 9.395827944035042378e+01 8.585638427771823444e+01 8.585123494597753790e+01 8.614357217745693163e+01 7.110965932916843713e+01 4.968817321589615688e+01 6.812098534908616898e+01 7.100338082144114082e+01 7.390443071537958986e+01 5.859592476480720080e+01 7.803488048540468469e+01 8.607582244573630703e+01 9.417218738656227117e+01 9.522849174952348505e+01 7.603693041895354554e+01 9.522306772285152476e+01 1.071486792644631834e+02 1.036250253480559707e+02 8.423324727746647511e+01 9.376101947492722388e+01 8.555494363004098091e+01 9.034442880744590809e+01 9.594481046440611749e+01 1.155348405778948120e+02 1.241601985598579034e+02 1.323799771223507378e+02 1.353007475267730513e+02 1.207493016492845896e+02 1.008086858084967048e+02 1.117439603472614778e+02 1.317762167842257099e+02 1.284115220900376357e+02
5.834692245483253714e+01 6.697250142887178015e+01 5.352346857901222421e+01 5.793631233626668120e+01 7.752536688991339986e+01 9.302210379273134322e+01 1.043163566672116929e+02 9.170526691185762047e+01 7.251110758063386186e+01 5.827126589065212414e+01 5.784429707880747884e+01 6.753368670390041473e+01 8.702703137469387684e+01 8.284680247662674901e+01 6.359911451180393271e+01 6.413164603597275004e+01 8.332847432394262910e+01 9.679993574544671731e+01 1.033197216760160160e+02 9.058445388631047024e+01 8.949057637886599537e+01 1.090944551182585229e+02 1.117735359184499231e+02 9.535823339561136436e+01 1.117735100073664114e+02 9.416012919999151620e+01 1.098461604567346939e+02 1.040830602144254726e+02 1.082840796340490499e+02 1.222032102743437321e+02 1.420344787264695015e+02 1.269566098806758134e+02 1.069715607288031407e+02 9.551966938936455165e+01 1.154199478951770317e+02 1.194729994844439602e+02 1.219813692763541439e+02
7.796616693014966870e+01 7.768537940628935701e+01 5.810048492513031704e+01 7.752536817346832265e+01 6.541230831589260220e+01 7.665093243653218735e+01 9.613427936216238834e+01 9.381951447488526696e+01 7.460747102992057478e+01 6.530996689193563043e+01 6.530996689193563043e+01 8.454443658811135265e+01 9.507850214549091561e+01 8.796346160161398586e+01 6.881867619098444777e+01 8.332849008280194880e+01 6.986183669911342520e+01 8.890786589849444965e+01 1.052881116481292452e+02 1.123642848440805011e+02 1.090930358045054049e+02 1.175397216658335680e+02 1.230984194538928023e+02 1.149192042417479342e+02 1.219152698892957432e+02 1.079423834255029391e+02 1.219152698892973490e+02 1.153990724771829548e+02 1.280116543244405136e+02 1.362457272993134723e+02 1.410714520861268113e+02 1.252898022124761042e+02 1.053214010082132717e+02 9.136357289776775303e+01 1.055679108332560077e+02 9.944486354430824804e+01 1.019144099939949939e+02
9.361297088653329013e+01 7.410582123374332753e+01 6.340663439269199841e+01 8.289351590083076360e+01 8.488556521145889633e+01 7.515248540515200659e+01 9.461863467345349932e+01 1.019021792274474052e+02 9.128244254308971506e+01 7.222448373340753847e+01 7.400013489003282530e+01 9.256846061878640342e+01 9.654590729322725906e+01 7.735497531358637957e+01 8.231605787446578404e+01 9.493362258864458170e+01 7.587850669110294177e+01 7.831894421496018310e+01 8.895691261358295776e+01 1.019424726393845901e+02 1.209152978585172917e+02 1.272111114875871465e+02 1.216208814904078963e+02 1.216208814904078963e+02 1.299112814244689105e+02 1.276570805778416400e+02 1.304587345516312951e+02 1.351800924007500839e+02 1.434243051149625217e+02 1.410714520861268113e+02 1.207116526707986424e+02 1.244477454751371255e+02 1.142874870548430692e+02 1.046651909941986247e+02 8.591636258443736551e+01 8.554591888980480974e+01 8.794454566496561654e+01
1.017836465525480918e+02 9.102198286104965064e+01 8.289350764554217221e+01 7.214738426544136018e+01 9.158732461124353108e+01 8.380717569282738566e+01 1.027945371835461543e+02 1.049002314876961179e+02 8.564176967269942509e+01 8.564176967269942509e+01 8.494090402379947591e+01 1.011558525484821871e+02 1.033736497453411687e+02 8.406187779300128682e+01 1.015975002719017226e+02 1.017157833037258854e+02 8.253293647243964415e+01 9.725265130029742977e+01 9.161865099632835552e+01 1.108543312445537197e+02 1.213380367749509787e+02 1.071788332123308294e+02 1.015976108761853141e+02 1.015976108761853141e+02 1.216208814904078963e+02 1.245808795410111713e+02 1.104179166351170522e+02 1.245808795410153351e+02 1.345957248795097030e+02 1.362438901311896871e+02 1.158123682534746166e+02 1.033408734891089580e+02 1.056378746115758389e+02 8.518386793233136700e+01 8.222894035630683618e+01 1.019001195801531736e+02 1.077918862899726520e+02
1.094359109553160039e+02 1.054353369322230947e+02 8.585126834044980626e+01 8.332458068000792650e+01 9.975131917643251711e+01 9.503091316296797686e+01 1.115695761992697044e+02 1.130578029042284385e+02 1.049002314876961179e+02 1.049002314876961179e+02 1.041862772937293755e+02 1.123425122716123212e+02 1.115163581008029325e+02 9.361892951203037683e+01 1.115163581008029325e+02 1.098258082710864727e+02 9.200613421866627561e+01 1.098258082710864727e+02 1.108543312445537197e+02 1.189794490974866079e+02 1.130461516771009087e+02 9.305382371420810728e+01 8.749247041197017438e+01 1.074622910575577919e+02 1.139283432634768900e+02 1.073380292294289688e+02 9.627558290860140744e+01 1.062694646739747526e+02 1.263060079307036432e+02 1.445626753281610775e+02 1.328254116146090382e+02 1.144978706011658431e+02 9.279412570141990102e+01 9.998342492030289463e+01 8.027245365174606206e+01 9.889840435937840368e+01 1.049351941142446094e+02
1.011883375065142303e+02 1.136499796425416520e+02 1.054353380129111315e+02 1.028745836027681975e+02 1.110867017651852393e+02 1.147478051955825720e+02 1.229789253684099180e+02 1.151604208982490860e+02 1.068906925799435328e+02 1.151604208982490860e+02 1.130447305239480471e+02 1.213195463020750253e+02 1.213047868254407291e+02 1.131283699786518611e+02 1.213047868254407291e+02 1.195717116277181020e+02 1.114254323887853388e+02 1.195717116277181020e+02 1.153426230443972855e+02 1.131514210210479234e+02 1.145415862735434018e+02 9.454504064407773001e+01 8.049127747359632679e+01 9.596010273208567298e+01 9.393477794888029564e+01 8.736982555168474107e+01 1.073380292294289688e+02 1.245808795410153351e+02 1.345957248795096461e+02 1.267611513129890426e+02 1.223227438856654032e+02 1.139961042072328752e+02 1.144978706011658431e+02 1.020001463212393844e+02 7.849303999091787887e+01 8.852097594687651849e+01 8.612344565389048512e+01
1.094359109553160039e+02 1.123626949154686940e+02 1.161358739174025345e+02 1.079068667275176949e+02 1.161358771996076911e+02 1.275672853061478520e+02 1.117757690437342575e+02 1.035154889218538869e+02 8.707413904858179876e+01 1.052304207211409164e+02 9.317714233664217716e+01 1.098304579936435204e+02 1.125522969765717249e+02 1.208262907857587010e+02 1.230628336539030272e+02 1.147852045629623490e+02 1.147852045629623490e+02 1.153426230443972855e+02 9.535366786897908753e+01 9.316899133767390140e+01 1.073003001787617876e+02 9.542417486096481127e+01 7.554510246388849737e+01 7.607750908720859684e+01 7.988609082012014539e+01 9.979075764942953697e+01 1.156299588205032052e+02 1.287740887601392217e+02 1.267611513129890426e+02 1.066435820273925827e+02 1.103352247747227466e+02 9.397695889992353102e+01 9.765053144621420245e+01 9.875433830418742787e+01 9.318076342577454341e+01 7.601155585733658882e+01 9.563218160093005338e+01
1.067330277640095773e+02 9.286192768363139294e+01 9.755222183200088182e+01 8.853509993293914704e+01 9.956616793747053862e+01 1.193004731920083969e+02 1.035154889218538869e+02 8.373481966424569123e+01 7.726105893242204559e+01 9.698241581426262314e+01 8.180852148600570217e+01 1.009691436123676027e+02 9.268931384737699375e+01 1.093394180518431682e+02 1.147852045629623490e+02 9.481339288182145708e+01 9.481339288182145708e+01 1.047992987223919243e+02 9.902170948735070510e+01 7.910142854030837611e+01 8.906124519362916203e+01 8.675457081426699801e+01 7.082552612652195023e+01 9.073867783706927526e+01 9.393477794888029564e+01 9.048945025376987417e+01 1.004608083911345489e+02 1.204826750337021650e+02 1.245586828292651091e+02 1.044436755446866698e+02 9.027963137752846023e+01 8.375283927449468990e+01 7.799766196617635217e+01 8.001420597368804977e+01 7.365771764710480340e+01 8.855635822568963533e+01 1.024580924548916130e+02
9.715837061562963584e+01 7.965180878932700637e+01 7.868085378232353833e+01 9.755222181192996800e+01 1.040215774993257867e+02 1.122129810630302558e+02 1.038972696330756662e+02 8.952844355339087201e+01 6.984618760267684934e+01 8.952844355339087201e+01 7.303566683904857371e+01 9.273470499412806589e+01 8.132374442397673420e+01 1.004800841670461438e+02 1.103891691494758192e+02 1.006630010906469153e+02 8.073707015668861686e+01 8.485992962870967915e+01 9.896753885762348091e+01 8.906141690593473470e+01 6.907021139449174996e+01 6.671102078352187448e+01 8.675604629470366547e+01 9.901101409886865667e+01 1.139283432634768900e+02 1.104717417124183783e+02 1.187638324868595987e+02 1.287740887601392217e+02 1.227476555934910607e+02 1.186666187392549006e+02 1.103303307306287451e+02 1.036494043219173591e+02 9.079213609615486291e+01 7.135332262968587713e+01 9.079196401720187737e+01 1.007031204186521904e+02 1.016512436594746589e+02
8.911268947662401274e+01 7.063373755783185004e+01 8.911268947662401274e+01 9.045712204186844474e+01 8.483854062788101658e+01 1.040215775039091284e+02 9.565530358694313406e+01 7.593210118909331641e+01 6.456012155664770091e+01 8.426813938436198725e+01 6.606724711689361129e+01 8.384807457673672104e+01 7.254955163007949182e+01 8.236204440375723834e+01 1.021322860797254464e+02 1.022072640071543361e+02 8.227615979265695501e+01 7.070733141047205095e+01 8.339973223493714727e+01 8.303378465937859687e+01 6.277132853700246073e+01 8.303378465937859687e+01 7.943287687710733280e+01 9.350566975778525602e+01 1.134849231388861881e+02 1.142765405974459583e+02 1.157193442904222564e+02 1.096242606720949482e+02 1.019977463007421363e+02 1.167038950647766171e+02 1.095423538624413737e+02 8.960553772456677279e+01 7.834372648941935324e+01 6.984038733520308995e+01 8.704660661543269384e+01 9.526540599655764652e+01 8.907150441994498635e+01
8.475715874026845142e+01 6.631633575447770568e+01 8.166708591116568527e+01 7.181063957912756734e+01 8.483854062788003603e+01 1.040215774928168173e+02 9.369914787535572032e+01 7.396744762024489717e+01 6.000751960179317734e+01 7.392595356664493522e+01 5.945962308632962134e+01 6.413833565084262034e+01 7.551336862261143779e+01 9.523349464314513568e+01 1.103891691494758192e+02 1.104828870331524513e+02 9.751836743939931296e+01 7.755155771068446313e+01 6.314073859310231285e+01 7.743517598729579277e+01 6.022254016933423770e+01 8.064583130477403472e+01 9.935745759006540823e+01 1.076392348789655671e+02 1.082869891958529962e+02 9.365453351055397491e+01 9.509196894879137574e+01 8.907249662463674156e+01 8.754687784977777198e+01 1.080752540235825023e+02 1.179536619875140531e+02 1.063444238866237157e+02 9.561722886576394842e+01 7.620661989949535098e+01 6.773115153335427863e+01 8.494027966942118724e+01 6.968761066570775142e+01
8.063366536510271487e+01 6.210731914244315277e+01 6.312130652467269698e+01 8.166708591116568527e+01 9.852575993393716658e+01 1.051764317103864244e+02 9.693177740670797959e+01 8.795056742234552871e+01 7.392595248551482712e+01 5.422268428973897869e+01 7.392595356665155748e+01 8.384807397450019550e+01 9.205869009311680884e+01 1.034733100267547172e+02 1.038462789874938323e+02 9.412220355037283070e+01 8.583426709209867056e+01 7.875198637216834641e+01 5.823228333515876898e+01 5.683900153332783844e+01 7.743516827691418314e+01 7.132982819942419894e+01 8.296394477261301859e+01 1.031130884617186751e+02 9.969457954462747296e+01 7.928912783687698607e+01 8.678903872841462430e+01 7.475402653893431193e+01 8.907249662463674156e+01 1.096242606720949482e+02 1.253964630663517568e+02 1.057472379121941231e+02 9.199426615252282602e+01 9.392178338342019117e+01 8.494019001873367358e+01 6.565777142498563990e+01 7.234783260221054491e+01
7.668383507986354175e+01 5.801642869062242625e+01 5.760763711133278520e+01 7.631338055017360489e+01 9.005682723867535344e+01 9.693177740670797959e+01 7.715268218758056662e+01 8.294584505152860743e+01 7.126916527346145358e+01 5.167055212531569452e+01 6.549072975047408818e+01 8.521954287339080736e+01 8.533215080644521322e+01 8.384758904540527169e+01 8.384758904540527169e+01 8.583426709209867056e+01 6.554502856672681332e+01 7.148760894569682023e+01 5.361286145775090972e+01 6.835691617214659743e+01 8.573643597715677345e+01 8.572027370786270239e+01 9.984195383309111094e+01 1.114860576596358186e+02 1.012340381337034785e+02 8.080572406627283044e+01 6.654544040642566927e+01 8.080572406627283044e+01 1.012340381337034785e+02 1.150759869564545710e+02 1.115031484857711916e+02 1.032128738104562444e+02 1.039195892646194181e+02 9.003878037059972428e+01 8.186259464299826050e+01 6.437154361261089264e+01 8.364860958004719294e+01
7.784364948076901669e+01 6.791206510869371016e+01 5.246463108961090427e+01 6.342366073252948411e+01 8.209254662030836869e+01 8.446033455927279476e+01 8.294584468970823821e+01 6.310336475627478592e+01 6.871764317106224951e+01 4.926075547066057680e+01 6.871764317106224951e+01 7.986527618537964202e+01 6.605875677033175464e+01 6.464657763079912911e+01 8.384758904540527169e+01 7.716742278129686383e+01 6.880526711747675961e+01 5.089042062049558268e+01 7.148760894569682023e+01 8.259931983530782418e+01 9.684172349846932093e+01 1.067445494204359591e+02 1.080123457226602852e+02 1.023940443671447866e+02 9.465105587287914091e+01 8.256795668589840886e+01 6.243287423751010579e+01 7.660059583000965233e+01 9.697444019575925722e+01 9.523686315659858792e+01 1.032128738104562444e+02 8.347501402831092321e+01 8.925537927980224140e+01 7.613055143726876395e+01 6.258706324535086907e+01 8.181077198926291771e+01 7.388710247521878216e+01
6.979622760187835695e+01 4.835481333687135219e+01 6.083338124741639774e+01 7.023658723610544996e+01 7.871803047185611035e+01 6.474337846105497363e+01 7.151425512467724843e+01 6.321404885252634642e+01 5.275425187917468151e+01 4.695918546015043660e+01 6.624659680256173999e+01 7.153356009858464404e+01 5.369659581313247543e+01 7.162906735503835876e+01 7.456222875217282819e+01 6.619386885512793128e+01 4.837339030117239247e+01 6.880526711747675961e+01 7.983361605854980780e+01 8.884563063199996691e+01 9.712150067308289181e+01 1.027948204056394701e+02 8.926619334672251682e+01 9.464943877460635235e+01 7.605399039320360544e+01 7.843883049305850363e+01 5.870977298634307573e+01 7.590209178061678585e+01 8.492351159992722387e+01 8.133894295141784880e+01 9.788465720035320317e+01 8.925609931239206674e+01 6.982090189963106752e+01 7.886733160375067087e+01 6.134335922738964797e+01 8.061575609674645193e+01 9.340775324967964366e+01
