LEM/sinusoidal_perturbations/elevation_000980.asc
nrows	100
cellsize	150.0
xllcorner	0
ncols	100
yllcorner	0
NODATA_value	-9999
[rows 68 to 84 of 100, columns 0 to 36 of 100]
5.009162696260268353e-03 2.000500916269590590e+01 2.211961952929858199e+01 3.124039061680155527e+01 3.793091034923890703e+01 1.715354462958972093e+01 3.185523530726824148e+01 5.259888741517252697e+01 6.175416314217394387e+01 5.322661491727943428e+01 5.031933893636752941e+01 3.772480843214549395e+01 2.639511480796939225e+01 6.443799771849638702e+00 2.611681267564096132e+01 3.574709466539398051e+01 4.109525145293894610e+01 4.957396034831432985e+01 5.880806936611131874e+01 5.871737846956872175e+01 5.508538224832796715e+01 6.755804165712098097e+01 5.717530104849691241e+01 3.901828608078744054e+01 5.168456355384726919e+01 4.174769209110286283e+01 5.888829548670525327e+01 6.271417614817884356e+01 5.907750296288757852e+01 7.313915523598372204e+01 7.910733163621318909e+01 8.609811798017666717e+01 9.431068190136046780e+01 9.606746597528520226e+01 8.203999987131642513e+01 8.203999987037589392e+01 1.018982977493393491e+02
4.695337527364121070e-03 1.154434981528769910e+01 2.561926395275322932e+01 4.533535105320780900e+01 4.652008534496537351e+01 3.185523530727335029e+01 2.756210139941335413e+01 4.221661527658060464e+01 6.294402309508586768e+01 5.775585659674444372e+01 3.451871698318390003e+01 1.874187596929647981e+01 1.117496732849713759e+01 6.799751565540582021e+00 2.396978021741892917e+01 2.062499657255635199e+01 1.957529632511301898e+01 2.960050386766005204e+01 4.447166159162306798e+01 6.480320199482628141e+01 7.487790840180674934e+01 8.307436413082329807e+01 6.710605073759637662e+01 5.889157009691594169e+01 6.710588188373954210e+01 5.323841462989744855e+01 5.581369417375311315e+01 7.564255888560262520e+01 7.889551618392572152e+01 8.710641619518095524e+01 8.971135099074805908e+01 8.149581229313460540e+01 8.971135114609101890e+01 8.785636092965114585e+01 6.793867977024289928e+01 7.894890297880127150e+01 8.717234975470380220e+01
7.614146464036155443e-03 2.000761414646368053e+01 3.235713504015330955e+01 3.991642450033772604e+01 4.820069574779932964e+01 5.259888743556210500e+01 4.221661527481813891e+01 4.447512069296357851e+01 6.512493416094045529e+01 5.998065025515620619e+01 4.587061101935424290e+01 3.051970128147786809e+01 1.454553524750537541e+01 2.661004626682197838e+01 7.300823521019109030e+00 8.770476519361041667e+00 3.415088484604856944e+01 4.957396034831432985e+01 5.880806891275701531e+01 6.303611945185527787e+01 7.130765803985360662e+01 7.515759404170037783e+01 6.693184339077600953e+01 7.515759404172092673e+01 8.128269592288364720e+01 7.307285185680032669e+01 7.564255888560262520e+01 8.385363788171483179e+01 8.391590603565965978e+01 8.063402896000332021e+01 7.241442459793749720e+01 6.163216728287429902e+01 7.978386040840905480e+01 9.606743266292633621e+01 7.894890303353491845e+01 5.893623414874517152e+01 7.138482522750560122e+01
2.352828262072654761e-03 6.032579719817319663e+00 1.235713504015402364e+01 1.991642450033843659e+01 3.405856012406889022e+01 5.405856012406817968e+01 6.294402001653456580e+01 6.512493420013956325e+01 6.590408703955480973e+01 4.597066416889192908e+01 3.195668007441794600e+01 2.382261550385670290e+01 3.366801561308944457e+01 2.099461929768239443e+01 2.280766604107991569e+01 7.799277644224456907e+00 2.980050461732757228e+01 4.841610022844048444e+01 6.013238001570525171e+01 4.393393116632601902e+01 6.013238015169446982e+01 6.517452553520773506e+01 4.692121286118622692e+01 6.517452573717798714e+01 8.194604314751217089e+01 7.371143634649470755e+01 8.194604314751217089e+01 8.063815187897361625e+01 6.403666821233733231e+01 6.403666821239944795e+01 5.247954692457859949e+01 5.162287878975623556e+01 7.156398978796789834e+01 8.720802258453602462e+01 8.291779919423267131e+01 6.294210232148988382e+01 5.126999353105006207e+01
6.786455232800275850e-03 2.000678645523244370e+01 3.235713504015330955e+01 3.991642450033772604e+01 4.820069574779932964e+01 5.349269768189078178e+01 6.177697324421031766e+01 7.122058793526396414e+01 7.143235715676524933e+01 5.172005952293270781e+01 5.080313240617486059e+01 4.359914645341743977e+01 4.186283616923589790e+01 3.335717098267637226e+01 2.618491026964398571e+01 8.150205361545303617e+00 1.972733407362771629e+01 4.021685382647708451e+01 5.200746590159715765e+01 3.294863793998778334e+01 5.200746590180335716e+01 5.504362470032254606e+01 3.689459735514450500e+01 5.692652812598110046e+01 7.197830434747018558e+01 5.375302035308859416e+01 7.197830434747018558e+01 6.653696354470602614e+01 5.243577510862440505e+01 4.404293342873862116e+01 4.088964319242728607e+01 4.909253480068141329e+01 5.911552509791712851e+01 7.899332542683222869e+01 9.113607265139799551e+01 7.962593246514218492e+01 7.138482522750560122e+01
3.257643153035955173e-03 2.000325764315267918e+01 2.808436300590768653e+01 3.244872081301124922e+01 3.716276602461149281e+01 3.349269763446279313e+01 4.293626877465711544e+01 5.829160827694904157e+01 6.829160871756651829e+01 6.751979269620717616e+01 5.662200329465421333e+01 4.887288614712909407e+01 4.242781347238856426e+01 3.637676428175347354e+01 2.779482234961074028e+01 8.500066101149961639e+00 2.867427731077976105e+01 3.640669228970284621e+01 3.668308276588751227e+01 2.607010491682153841e+01 4.526914948400654026e+01 3.504809672209609062e+01 2.985479711664580549e+01 4.984417108175070865e+01 6.373204932024621883e+01 4.370803511895169891e+01 6.372451889114638846e+01 5.649481334998883142e+01 3.825323526188373080e+01 3.401342181477674131e+01 4.811184527037367786e+01 6.708951822154533318e+01 7.727582484790887918e+01 8.720802258453602462e+01 8.424536945714076808e+01 7.619542235022063892e+01 7.210826334409615868e+01
1.880098487986705483e-03 4.001880098488003412e+00 8.084363003126668445e+00 1.244872080784655388e+01 1.716276601575695437e+01 2.293626870765331205e+01 3.000733651951891190e+01 4.000733651951856018e+01 6.000733651360452114e+01 5.986537924085664741e+01 4.082582329910430019e+01 2.950025522370073716e+01 2.325337714925370847e+01 2.980535693539260222e+01 9.261325899273783691e+00 8.851900757458432523e+00 2.883684912939398615e+01 1.119147635166695665e+01 1.703907235028700384e+01 3.654662899516338115e+01 4.080825611226893557e+01 2.114970553358305594e+01 3.363221911597200631e+01 4.198192176199067660e+01 5.368800987909923350e+01 3.702465303991593260e+01 4.809407220979657183e+01 4.343591137000330349e+01 2.826583828504276497e+01 3.825251800866362117e+01 5.240166933670241889e+01 7.206676577019935337e+01 7.927206265739610558e+01 8.043220636068757301e+01 7.305506601890054696e+01 5.683483596653996983e+01 6.793022648193422697e+01
2.900726248362994839e-03 2.000290072624800786e+01 2.808436300590768653e+01 3.244872081301124922e+01 3.716276602461149281e+01 4.293626872440415099e+01 5.000733651256660295e+01 5.829160827694904157e+01 6.829161060144610929e+01 6.346377762502555697e+01 4.517399543393973715e+01 4.886707238604225267e+01 3.498005610635897256e+01 1.510214904875560649e+01 2.751611885953339254e+01 1.803028612174328060e+01 9.353126877959924812e+00 9.710071614519710792e+00 2.803745830851546827e+01 3.008054211926744159e+01 3.079498348639086913e+01 2.928015760533978451e+01 1.143144297421623357e+01 2.528823102866128281e+01 4.534416114693758715e+01 4.809408187163910497e+01 2.810682698062764118e+01 2.354816086554573218e+01 4.349392603248396938e+01 5.653715173286215645e+01 6.641279069136332680e+01 7.159293484794824280e+01 5.668424171955774682e+01 5.666030441271448126e+01 6.381227139378231783e+01 4.518584418182353346e+01 4.787586107009637715e+01
5.081304048347549951e-03 1.414721692777942330e+01 3.414721692778012851e+01 4.419324348938831548e+01 4.636470647270871837e+01 5.470440683028003548e+01 5.816291866853003256e+01 6.628307801542025857e+01 7.044790979890508709e+01 7.089831939030946728e+01 5.782222021148066204e+01 3.648710214482156999e+01 2.196506370195960045e+01 3.497913845904766106e+01 3.895066231988150207e+01 2.189302091704416497e+01 2.741936013178475307e+01 1.789897109111043960e+01 1.021792096835874908e+01 1.057986581394954229e+01 1.094114812778531309e+01 1.130200023283276423e+01 1.166334787024177544e+01 2.563276586046748307e+01 3.980727636659354118e+01 3.767311549559673267e+01 3.656254027706287246e+01 2.031590897266596940e+01 2.920321740174312808e+01 4.073956557323948147e+01 6.078271950000665669e+01 6.279693558358557226e+01 4.169568791845128430e+01 4.070358095435158674e+01 5.788053780432332474e+01 5.374964854495178912e+01 3.255358903791719882e+01
4.469920835086939326e-03 2.000446992083473319e+01 2.652166330558599228e+01 2.400703548421257949e+01 2.620845239468105348e+01 4.185337973955260793e+01 3.818789451050346173e+01 5.431211123324853673e+01 5.068567325980948368e+01 7.044790979890508709e+01 6.129456144053673938e+01 4.128845832257464110e+01 2.724819912748644768e+01 4.718597787421779799e+01 4.700176632675192678e+01 3.484790036837497240e+01 3.227929449644781101e+01 1.455665399632954227e+01 1.585684327805875782e+01 3.057962054824413300e+01 3.050600353088496064e+01 2.269469135470434651e+01 3.154799387709213931e+01 1.217611020562283386e+01 3.215849429808389459e+01 1.491145665244023455e+01 1.655338083183682585e+01 3.656254025767847082e+01 4.854674821267369822e+01 5.749271810370350977e+01 6.905076704143280608e+01 6.391344074596187852e+01 4.923246462643165700e+01 2.879623921927383989e+01 4.924153962815244512e+01 6.198073833795178444e+01 4.516408439271515363e+01
2.324776005098761877e-03 3.204887880066381367e+00 6.449316823308524071e+00 9.829939510935970404e+00 2.964384252440453693e+01 2.176800579383566259e+01 2.712575336343617138e+01 3.424191620763172494e+01 4.591211042024132638e+01 6.578137309656200671e+01 6.137703500922079769e+01 4.130784954496002115e+01 3.611363616665627774e+01 5.548736900139671491e+01 6.042453281131455611e+01 4.363053302834345004e+01 2.427737652958111525e+01 1.801569351917894579e+01 2.166740889363639155e+01 4.183214455040995006e+01 4.900878164631274103e+01 4.202466889198566236e+01 2.998281582259153311e+01 1.904859886423838944e+01 1.269077544045932271e+01 1.305569020941176284e+01 3.162352050468666320e+01 4.030186294121891422e+01 5.182332564319309398e+01 6.001974246483371900e+01 6.562322003687559402e+01 5.520059098073484449e+01 3.418513896304730793e+01 2.307630049107957859e+01 3.732067355679135545e+01 4.540446796201018032e+01 3.936237763517276278e+01
8.699724428260374037e-03 2.000869972442790612e+01 2.597139771924350882e+01 2.950722246348563615e+01 1.527373158744189041e+01 3.545251590389229079e+01 4.722538979821484872e+01 4.122050950717514439e+01 6.035928360025150141e+01 7.382949484819367569e+01 6.966688901181819915e+01 6.137703500922079769e+01 4.763077119355683209e+01 6.444724222552632398e+01 5.461631025001140216e+01 3.548648879490774277e+01 4.101054486379292996e+01 2.148193017815444605e+01 4.101432236711918478e+01 3.117960534951976115e+01 5.136474783526781351e+01 5.719876188775761250e+01 4.428373801386482711e+01 2.741388839995613580e+01 3.266925815839969971e+01 3.240879227290636067e+01 1.357957481702801239e+01 2.368669769354698573e+01 4.086623751654519765e+01 3.945291565167223524e+01 4.547678002822870980e+01 5.105443818771821896e+01 3.156257933289059281e+01 1.716274751917926622e+01 1.730309322411869033e+01 3.661335821813179336e+01 1.937138800134354355e+01
2.249585233037712084e-03 2.000224958523268270e+01 3.207201128717484551e+01 3.930199713321392352e+01 3.550233435288795647e+01 2.790332797616604665e+01 4.890314464900797020e+01 6.056893450982779825e+01 6.835123890965596161e+01 6.758381928056269317e+01 7.340332589326393986e+01 7.604889109244410861e+01 6.777255449455658720e+01 6.798545809979385979e+01 4.907862789326047448e+01 4.645630792713234314e+01 2.683848110778706797e+01 4.101586247926272932e+01 4.914131704386808508e+01 5.136474783526781351e+01 4.299360749356726785e+01 6.279993820067558374e+01 5.531099350086510924e+01 4.702430200725623166e+01 3.774599503058956174e+01 1.782584021531317831e+01 3.344636520465081020e+01 1.411003228371876794e+01 3.407029478285453195e+01 2.424415218180722320e+01 3.593929090533882231e+01 3.593012010265774592e+01 3.619758468144380714e+01 1.675376969920288062e+01 3.674593508865461899e+01 1.786830542511710718e+01 3.784662194530249479e+01
2.739267172789772273e-04 6.030291219895617338e+00 1.235241034600012355e+01 1.989017344490297035e+01 3.781010099165418126e+01 4.175079312371593687e+01 5.561594306227037521e+01 7.276275541048279649e+01 5.340370313971802574e+01 4.774654217995367134e+01 5.355674612244540356e+01 6.666812191881001581e+01 7.494753951862070096e+01 7.588041065212971148e+01 6.798545809979384558e+01 5.046911486283800485e+01 3.081504013136482101e+01 4.475260874891022667e+01 6.426998145247114280e+01 6.279993820067559085e+01 6.279993820067558374e+01 7.093592864002299336e+01 5.510837321313240267e+01 4.209910942281391755e+01 2.215063321164424082e+01 3.774599503058956174e+01 4.153764969885529013e+01 2.529618584377282176e+01 1.464267915942473053e+01 1.502045859675994244e+01 1.540448674321432954e+01 1.578960740422498787e+01 1.618919551391562095e+01 3.621141617278248503e+01 4.286947020096209116e+01 2.106351114045157047e+01 1.847417174272983331e+01
8.327778614586212741e-03 2.000832777861423040e+01 3.210121958508421613e+01 3.932349203507403956e+01 3.636188778408445188e+01 5.616231506305793886e+01 6.767332172487564890e+01 6.061335506622501157e+01 5.234255028545759814e+01 3.370863207692235619e+01 5.041507663820421214e+01 4.676228806689279338e+01 5.554515667504237086e+01 7.548155958548549904e+01 6.612855102789951900e+01 4.663373983663891664e+01 3.521926406231009565e+01 4.916566879021149106e+01 6.866295038056605904e+01 8.236522825565931782e+01 7.223692760918363831e+01 6.066851562011922283e+01 4.681620121722252037e+01 2.680327564538794149e+01 4.209910942281391755e+01 3.842164941227368047e+01 4.929900005797119888e+01 3.095954419408946023e+01 2.685138681319984855e+01 1.736401960516764476e+01 3.381797441117206660e+01 3.553270689403931470e+01 1.704785613332524363e+01 3.737721578390257804e+01 5.254211589302462926e+01 3.652731162610312765e+01 3.291901199126642297e+01
6.510866554257996840e-03 1.155351625034687579e+01 2.569565187407807727e+01 4.569565187521610738e+01 5.663035673008229764e+01 5.925166893018347025e+01 5.340505131276895412e+01 4.911085458339422161e+01 3.243809811717122216e+01 2.616672348073502619e+01 3.052750294095364936e+01 3.567644212765713263e+01 4.971269423060619630e+01 6.962596661043190238e+01 7.430905653397653055e+01 6.077813811250882026e+01 4.120392352548884674e+01 5.129669859350310901e+01 7.080364717199138624e+01 7.856657360417432301e+01 6.396558862401416690e+01 4.390022110168035141e+01 3.231724098365410214e+01 3.433322248390987141e+01 5.440117389768645495e+01 5.259721802514473410e+01 5.807611962163567654e+01 4.752484210813265975e+01 3.792431613060372086e+01 1.967669931205957923e+01 3.525490114681560527e+01 1.883908737128401611e+01 3.691154000609991215e+01 4.554115587633084772e+01 6.163570624210822047e+01 5.712151602752336288e+01 5.423081932845207831e+01
8.953482861371391335e-03 1.415108910659244756e+01 3.415108910659315455e+01 3.994781793091974009e+01 4.114791719952511784e+01 3.926749642445530952e+01 3.341152945092171933e+01 4.085060484101483524e+01 2.091519064801573435e+01 4.085070946802538572e+01 5.041507663820421214e+01 5.554515667504237086e+01 4.503253382433717888e+01 5.907301504314423113e+01 7.903715015659594201e+01 6.726177903016422022e+01 4.781085627719785691e+01 6.726177903016422022e+01 7.903168866674893422e+01 7.030429928496944569e+01 5.025953616755958109e+01 3.864906846134456941e+01 5.238084328360597652e+01 4.436866939034569413e+01 6.268596140224531155e+01 7.262059725468736815e+01 5.542322564474140023e+01 3.615143316347541713e+01 2.293322019747236595e+01 3.861728195302758593e+01 4.448376967148357863e+01 3.870870657587712316e+01 2.093733473389248445e+01 3.486551882607628272e+01 5.053966927325756586e+01 6.090889091110484799e+01 5.869096913440237273e+01
