LEM/sinusoidal_perturbations/elevation_000549.asc
nrows	100
cellsize	150.0
xllcorner	0
ncols	100
yllcorner	0
NODATA_value	-9999
[rows 68 to 84 of 100, columns 0 to 36 of 100]
5.009162696260268353e-03 2.000500916269590590e+01 8.885454081708644480e+00 1.443245604396098436e+01 2.046268293551636219e+01 2.712934960218314728e+01 3.712934960218349545e+01 5.712934985515896358e+01 5.683202555655929444e+01 3.701195467488063429e+01 4.959475895755947761e+01 3.727129078597874923e+01 5.710559743895508689e+01 6.707850170655501643e+01 5.287102390767586257e+01 6.704936954986412445e+01 5.254785828193446662e+01 3.293161095955547779e+01 1.154937514284218025e+01 2.925705636876100613e+01 3.427349166743842801e+01 4.421946761399221515e+01 5.664021382942648586e+01 5.288865280813507042e+01 6.111923930035720787e+01 6.991429594918861312e+01 6.752270903872000929e+01 4.678272893187108394e+01 3.491814928807027485e+01 4.020865593476340649e+01 5.247368205496419336e+01 4.024381117084593740e+01 1.957121348873903699e+01 3.977811109017515889e+01 4.799354786569229248e+01 4.096448866887985218e+01 5.979863772950623968e+01
4.695337527364121070e-03 3.540229243460109032e+00 1.768236486717643530e+01 3.443245605830092870e+01 4.046268297066971797e+01 4.712934967925065877e+01 5.541363681379489492e+01 6.541364738124673295e+01 6.481480584386930843e+01 4.959475895755947761e+01 2.955441445127377520e+01 2.955442276457834083e+01 4.960869875541204976e+01 5.801565767141718055e+01 3.843826027620573882e+01 5.801550176257112668e+01 4.347941815486315420e+01 2.155915186251290194e+01 1.121704161881283923e+01 2.798748195719573673e+01 2.497652320220589672e+01 3.186956430487233405e+01 4.520784991433859545e+01 3.481501543420176858e+01 4.714923714395285970e+01 6.570776792172156888e+01 7.620625438777950933e+01 6.359402012362971846e+01 4.518186521902951824e+01 6.033050982719232991e+01 5.534861355298671981e+01 3.472508571628637242e+01 2.003159555375585299e+01 4.052982034379609644e+01 5.862189088286766747e+01 5.979848456183137273e+01 5.931439135103324389e+01
7.614146464036155443e-03 2.000761414646368053e+01 3.182450085413434238e+01 4.596662395337991569e+01 5.799548030309454560e+01 6.620861009073209402e+01 6.451417120092172297e+01 5.580580787592861469e+01 6.224907452579694223e+01 5.379035286799906146e+01 4.292238292030135938e+01 2.266406788158353436e+01 4.292241068264397086e+01 4.968534558835975901e+01 2.924964339407648950e+01 4.968534485363303332e+01 5.213760725312991440e+01 3.235605188674377075e+01 1.088274357959723382e+01 2.346809790609199808e+01 1.773849109230827636e+01 3.570556617629427620e+01 2.762952102842905688e+01 4.520816374524878967e+01 4.476877643204085189e+01 5.548714644698831222e+01 7.558289748272586905e+01 7.366396323640414323e+01 6.532539390851968619e+01 7.366396068152769772e+01 5.553409254295064557e+01 3.516831573490335927e+01 2.049599087507167994e+01 3.243980186660668608e+01 5.157174668575805043e+01 5.254591352382684732e+01 5.746590730430236960e+01
2.352828262072654761e-03 1.414448845199289728e+01 3.414448845199218852e+01 4.401342293908133030e+01 3.822186514919960842e+01 5.799548030282544886e+01 5.273997147750861814e+01 3.567338099640164728e+01 5.074548522629449110e+01 3.471280098171757800e+01 3.922574508971194973e+01 1.876319988139793793e+01 3.411358912467150617e+01 3.482418130760128605e+01 2.265085049998671352e+01 4.322280167844740362e+01 6.074384152427780492e+01 4.175055276392632209e+01 1.054740434115998582e+01 1.232603682690613667e+01 1.553803577202281616e+01 2.041588240555289602e+01 3.327435967629605074e+01 5.139730768580136555e+01 6.398061021319828967e+01 7.240073623884330800e+01 8.406938687177948566e+01 7.800075542200609391e+01 6.648552807929127084e+01 5.751640754445026005e+01 4.922161976596577659e+01 4.151092819499486808e+01 2.096522412736010921e+01 4.153835607728076695e+01 4.474819379879797765e+01 3.236986333698470730e+01 3.694082314045708415e+01
6.786455232800275850e-03 2.000678645523244370e+01 3.409462242870661441e+01 2.417582154977456810e+01 3.822186514919986422e+01 5.799548030693649991e+01 4.418234584039407764e+01 2.551299232566668351e+01 3.417089669670968988e+01 2.482971474753795604e+01 4.107789289050779757e+01 3.370679196053795579e+01 1.340198664838794684e+01 1.399138492680059542e+01 2.941328092649664683e+01 3.763733243466585066e+01 5.429170286703382686e+01 3.553189217156015900e+01 3.184316601868608743e+01 1.007261141182735642e+01 2.249997209113786312e+01 3.597621448150688650e+01 3.858244825318889326e+01 5.712847023057095441e+01 7.090232279985801256e+01 7.218641528917491712e+01 8.055093509503979021e+01 6.973544031193465287e+01 4.979432416040828002e+01 3.808802024308891276e+01 2.883563811523818643e+01 2.483834175894579488e+01 2.143939779398964518e+01 4.201242944190948947e+01 2.665004403984967141e+01 4.589267771874566648e+01 5.642565023789424572e+01
3.257643153035955173e-03 2.000325650410653111e+01 1.422911343778718418e+01 3.409462242787792974e+01 4.307086035773576072e+01 5.048395152763583127e+01 5.247792663329538954e+01 3.417208610831227844e+01 1.719600926385163930e+01 1.784424153539317004e+01 3.071007740497903171e+01 2.608998132230107103e+01 2.655040025427911132e+01 8.805624655337373596e+00 1.112526131802145102e+01 2.941504697529651935e+01 4.148549711346079505e+01 3.326197239834164066e+01 2.110500871741809448e+01 9.736856775467641611e+00 1.338801414681511481e+01 3.381629029693519328e+01 4.660397262186751277e+01 5.050787056764000482e+01 5.050787056764000482e+01 5.172058151278484672e+01 7.218641528917491712e+01 7.235370478589675258e+01 5.239186114576910569e+01 3.808835017754367414e+01 4.922161976596577659e+01 4.448295644629391177e+01 3.799561243700975410e+01 2.212290472411314823e+01 2.261082708953449583e+01 2.533390037396302574e+01 4.965538631810242265e+01
1.880098487986705483e-03 5.755250326899257196e+00 2.405536284581576112e+01 2.988028414495398977e+01 2.436027229191331855e+01 4.298629336265973677e+01 3.924235335393625235e+01 2.894678671803407255e+01 1.184958043670038919e+01 1.163669453254901676e+01 2.257938917071891183e+01 5.805567217984910044e+00 6.124160360079224041e+00 6.442428876923512959e+00 6.763005296577404124e+00 2.676226296948577144e+01 3.306975292321151016e+01 1.775659317989513042e+01 1.450117805584134345e+01 9.399472501057939411e+00 2.844305304723311068e+01 1.877660994462931754e+01 3.825724707268632585e+01 3.053496787799243961e+01 3.733036908062021553e+01 4.904991466523971155e+01 6.955145564906855782e+01 7.235370478589675258e+01 5.239186114576910569e+01 5.239324340649787359e+01 6.650806973286397294e+01 5.527488708678772866e+01 3.525848343668023688e+01 4.267001496545467631e+01 4.288280990023230999e+01 2.330999965663650286e+01 3.782393462017576979e+01
2.900726248362994839e-03 1.973191198527447909e+01 3.900330336212656235e-01 1.017610711975588522e+01 2.858827532116434256e+01 3.825175362622784547e+01 3.143336227787572312e+01 1.718234663378732918e+01 6.485633447246081928e+00 5.032594498820748719e+00 5.353689017260250260e+00 1.701493331919288110e+01 1.748246366516518790e+01 2.611231631063006020e+01 2.642060417889233648e+01 7.218587969292766360e+00 2.280931479151002250e+01 2.582978447290490820e+01 8.921116949578362210e+00 2.885491714800639329e+01 3.823556505289748486e+01 3.825656490674317922e+01 2.443771750656288333e+01 4.403212006188893923e+01 4.099821352660028850e+01 6.138985278357247921e+01 7.792324677956939638e+01 8.065178964170203813e+01 7.235370478589675258e+01 7.239482598237486854e+01 7.515639392567119614e+01 5.537567842855381883e+01 5.538311725735351843e+01 4.982946488595901258e+01 2.401014538878390425e+01 3.159104687727605665e+01 4.597703542374792107e+01
5.081304048347549951e-03 3.199345870849650275e-01 6.348268926562429249e-01 2.156625971355927707e+00 1.421670081941992514e+01 3.222622330315305561e+01 3.104185096075640971e+01 4.612886614742794933e+00 4.577744596465779914e+00 2.445187793995954095e+01 8.808285279129894008e+00 2.918087107132675584e+01 3.586179772095527341e+01 4.232238344182651701e+01 2.743147402397543999e+01 2.744752977353657997e+01 7.676420795605632286e+00 2.791543343845733460e+01 8.591393267814911638e+00 1.392399234126635577e+01 1.945334724109198987e+01 3.961729522928462899e+01 4.403212003593941404e+01 5.243174319265884264e+01 6.138985278357247921e+01 5.542605082583478548e+01 7.566271704176064361e+01 9.187373895846029370e+01 8.016311452307448349e+01 7.171857052611238714e+01 6.447956225892686177e+01 5.819150585669277831e+01 5.258267592119823064e+01 4.557389448643836261e+01 2.450437846737310466e+01 4.189837941551223111e+01 2.953617126915531088e+01
4.469920835086939326e-03 1.841362505124453364e+01 2.063355475305790421e+01 1.080578402612989874e+00 1.575295237714450636e+01 3.376005606880855936e+01 3.191298572745192175e+01 1.964876405200869414e+01 4.257180456973237881e+00 2.396944941502021820e+01 3.327730636005461662e+01 3.901109692541876228e+01 5.081000381204040650e+01 5.545671819818530679e+01 4.018965022692091793e+01 1.991051650706721077e+01 8.502720249148959297e+00 8.133018310702166076e+00 8.597306543656134892e+00 3.146849813194176448e+01 3.961729425230632984e+01 2.855036697823905456e+01 3.765620921467966298e+01 4.910336499077816796e+01 6.819207068549938811e+01 7.552387562071619698e+01 8.385760495989664776e+01 8.364839215862795641e+01 6.292302578962140558e+01 5.121930242004692246e+01 4.457564989349766194e+01 3.878358232124319471e+01 3.328619025265943776e+01 2.963793703040239436e+01 3.716292725815596754e+01 2.520721571891881752e+01 4.636754296119968188e+01
2.324776005098761877e-03 1.980679180261367733e+01 4.296705745884031202e+00 1.395379738176531381e+00 2.047504335535971620e+01 2.392873605991463393e+01 2.748666736021358048e+01 1.480336199301524580e+01 3.938621326563375380e+00 2.125808998114771953e+01 3.136464880463215721e+01 2.591377261656082709e+01 3.538960292205285185e+01 5.337719903427252177e+01 4.850104420045470022e+01 3.687660384624330590e+01 2.848389619529164563e+01 2.821803032675109790e+01 1.012582229124976863e+01 2.216957474636964065e+01 4.419318620823605670e+01 4.026679285888176452e+01 5.647354585031303742e+01 6.510212037297966958e+01 7.613962889061990325e+01 8.549713222082881714e+01 7.708372560376145088e+01 8.555457098402011695e+01 8.016311452307448349e+01 7.171507409233016972e+01 5.949604932430360549e+01 3.997516049628633539e+01 5.259458924744527053e+01 4.913077549011708811e+01 4.585323459895295173e+01 2.570946560805832348e+01 4.024143323500023683e+01
8.699724428260374037e-03 1.980693298602128394e+01 2.500574369155491539e+01 1.919931807876129781e+01 1.839700856551478747e+00 1.916679984641372414e+01 2.244724244877314590e+01 3.490440450657697813e+00 8.360195868419884491e+00 1.024726436117662054e+01 1.510123243719742803e+01 2.758080365149816870e+01 4.519271634621226497e+01 6.145269367776421632e+01 5.097140055759534505e+01 3.671915514066472497e+01 1.632614898650487234e+01 1.235927953037806581e+01 3.051890439319111081e+01 3.894960488158884004e+01 5.211120141729445265e+01 5.984458308337116250e+01 6.781423758051346340e+01 6.962316828678761738e+01 7.774533175936225859e+01 7.156079213359760161e+01 5.708142981789912795e+01 7.522989886757125078e+01 8.670792347741398487e+01 7.964740581390746854e+01 5.891164354079504761e+01 4.489259088712019263e+01 6.502495166413081051e+01 5.908496103392765519e+01 4.617951646336546645e+01 2.621163498132978020e+01 4.658177071126423385e+01
2.249585233037712084e-03 2.000224958523268270e+01 3.186143769583269147e+01 3.025449913901724841e+01 2.231731228326597716e+01 2.284650166516082326e+00 1.827010996860114034e+01 3.173855676007745874e+00 1.658395527436279338e+01 2.103324855523661085e+01 3.172582776921127490e+01 2.499294509198890069e+01 4.174308206458408677e+01 5.795383144837096978e+01 4.279206290872779306e+01 2.244203288188307965e+01 3.671915514066021302e+01 3.267753062505556017e+01 1.470944865922093392e+01 3.505783571352362316e+01 3.691029079198447249e+01 5.569673851308079549e+01 5.353514510985242936e+01 4.991944432737393100e+01 6.577948723665780051e+01 5.183053376034865067e+01 4.716755611116824554e+01 5.860915737126119751e+01 7.841951730159138378e+01 8.571147442904268132e+01 6.502495166390885117e+01 5.163273481387088992e+01 6.519161284548108881e+01 4.560501336727430299e+01 3.282357416623648305e+01 2.671387901447277713e+01 4.699558534862703851e+01
2.739267172789772273e-04 6.415010761540735018e+00 1.288337022620957484e+01 3.108899719067652612e+01 2.859000349941826968e+01 2.924960293580512793e+00 2.727775531496213990e+00 3.792460173805809909e+00 1.719186852601664484e+01 3.152309795281593452e+01 4.187303943876948864e+01 3.363821079159257010e+01 4.927140695113278213e+01 4.983042813385094405e+01 2.964134361052551014e+01 3.696033543143948208e+01 5.097135814303963031e+01 3.972183335926835923e+01 1.939193746546543196e+01 1.726678617458289011e+01 3.763237569232259006e+01 4.242307905366813259e+01 3.359370095913449461e+01 4.689725209556927865e+01 5.116190402376322055e+01 3.776504341984453106e+01 4.668761321865306257e+01 5.812273844604352746e+01 7.781412503851801432e+01 8.554980295663334289e+01 6.467535966124167146e+01 6.624643251316727799e+01 6.519161215589728897e+01 4.560501336710013476e+01 5.133690901848235200e+01 4.120703913950370634e+01 2.742567790916143977e+01
8.327778614586212741e-03 2.000832777861423040e+01 3.186523933989267832e+01 2.439816256765499958e+01 3.560721573029164233e+01 2.775301136944037950e+01 2.713997661780102177e+01 2.547969122200623460e+01 9.705686894455537228e+00 2.142870559731153790e+01 4.137613202699626669e+01 4.433548669600047987e+01 5.689910601809771862e+01 3.784148497163002389e+01 4.983042813441274177e+01 5.687109758919898894e+01 4.684296104111813008e+01 2.670137107341050253e+01 3.972183383249765853e+01 3.763237567648276638e+01 1.991651494305338232e+01 2.212864716039269908e+01 2.439528085136413438e+01 2.676548190813917572e+01 3.118258228384096853e+01 5.116190402376402346e+01 6.577949115864701923e+01 7.460900933783059941e+01 8.598285380542358780e+01 9.387978995793010029e+01 7.955601350171093600e+01 8.708109627347511150e+01 7.338913888581822675e+01 6.519161215041812341e+01 6.904693486628838173e+01 5.502200074470020752e+01 4.127869588097082953e+01
6.510866554257996840e-03 2.000651086655390287e+01 3.984083022941992169e+01 4.241451777722815564e+01 3.838927735355055404e+01 5.403132165825291366e+01 3.484446663432396463e+01 1.666635552874734927e+01 2.984775535103930011e+01 3.831840597461604858e+01 5.010376273058790986e+01 5.952300314589428609e+01 6.377724593188631985e+01 4.405558041154769455e+01 6.377724593188631985e+01 5.533528807687729056e+01 3.541901535395399492e+01 4.103484811048780756e+01 5.501287802513981973e+01 3.807244759596736827e+01 2.365351540100945016e+01 4.242307905366813259e+01 4.461706016021759780e+01 4.689725218202435286e+01 3.079546728345643558e+01 5.077929287276727877e+01 6.293280703019039635e+01 7.684215938907139787e+01 8.019134489117655562e+01 8.889512873114556157e+01 1.000110374670471174e+02 9.337234367876563113e+01 8.520768393136745544e+01 8.055270196926421988e+01 6.654150774495789733e+01 5.328063418762580028e+01 3.320781020466546352e+01
8.953482861371391335e-03 1.155595951389593523e+01 3.155611360060402504e+01 4.180389678832267464e+01 5.606577300082085458e+01 6.371425809980360100e+01 4.522963106004672085e+01 2.826074353791729976e+01 2.531016205285975573e+01 3.424090964852467067e+01 4.647761640002504180e+01 6.897050841301063429e+01 7.032328597840178475e+01 5.124378410812843754e+01 7.098707675064626699e+01 6.193063887785196187e+01 4.214458595341202596e+01 6.086498589715187535e+01 6.608473617851255710e+01 4.993422747974794618e+01 2.990268157318423548e+01 3.074768111732446840e+01 5.075795728748651925e+01 5.893165122766831843e+01 5.077929287276727877e+01 3.492704081938011029e+01 4.902339772575400900e+01 6.561726780371969880e+01 5.990501842566077073e+01 8.011642203683493335e+01 9.238650142437754198e+01 8.520768393136745544e+01 6.544045034320038212e+01 7.123013901582274343e+01 5.253031352064887471e+01 3.841426407346379079e+01 5.328063418762580028e+01
