LEM/sinusoidal_perturbations/elevation_000438.asc
nrows	100
cellsize	150.0
xllcorner	0
ncols	100
yllcorner	0
NODATA_value	-9999
[rows 68 to 84 of 100, columns 0 to 36 of 100]
5.009162696260268353e-03 2.000500916269590590e+01 2.563865760816149830e+01 2.206991743056729049e+01 3.107213699589673972e+00 2.172710690398460898e+01 3.110807687105322472e+01 4.431993430292299507e+01 2.430218107144836281e+01 2.740390085532704845e+01 1.212988214680307308e+01 3.118808393279138613e+01 4.211931463595990266e+01 3.785974597672014852e+01 3.952960487056816419e+01 4.048518445584322478e+01 2.957522977390239305e+01 1.031367463627475622e+01 8.395582020452293293e+00 2.272459855192501976e+01 2.844727964925126429e+01 2.917033640879890299e+01 2.430784943862774128e+01 2.368542842622884237e+01 3.034658481980675404e+01 1.115219196350598985e+01 2.119332642397952782e+01 3.806120941976217154e+01 3.371206597549313955e+01 5.121130182904526151e+01 5.579770264247851941e+01 6.418921539316131941e+01 7.442381675721031797e+01 6.938645553890594897e+01 5.948912168999329708e+01 4.287758294954349481e+01 3.608165978375699012e+01
4.695337527364121070e-03 1.415447383115268742e+01 3.423659636370116033e+01 3.072316217370740787e+01 1.686014434414071772e+01 3.564373263495022481e+00 2.317753615702128300e+01 2.639976636145380695e+01 2.334620366452364593e+01 8.306773664010242086e+00 2.710061138474369358e+01 2.777412639005906669e+01 2.661647919955069241e+01 1.503835975566724059e+01 2.355812042314834898e+01 2.692573604019128197e+01 2.712083193087679334e+01 7.913473082715134055e+00 2.763887099636000144e+01 1.636055239956479213e+01 2.574517156980911636e+01 3.692251945573120508e+01 4.499092870751612594e+01 4.202082649383154234e+01 3.374902470901623275e+01 1.155803364579984382e+01 1.782110836494511119e+01 2.417473788578521621e+01 4.108797102730530071e+01 4.476806390654587631e+01 3.517509523223217371e+01 4.547599264816987130e+01 6.015403833310310944e+01 8.052110018537322844e+01 7.095417127491114684e+01 6.251908497212243532e+01 4.372858368504537907e+01
7.614146464036155443e-03 2.000761414646368053e+01 3.645158988404637768e+01 4.405029412987061477e+01 2.944187413387452779e+01 6.658842612632725810e+00 4.025303745974490255e+00 4.351336289640708621e+00 4.675099004676821934e+00 1.801793181769257757e+01 2.295551859352665147e+01 5.882013145789755093e+00 6.190361694356695921e+00 6.498439668758641652e+00 6.808715378078248115e+00 7.123181181851141019e+00 7.445409938820634288e+00 2.723744356774842856e+01 2.742354631927224062e+01 2.513941614305787553e+01 4.365413842671962641e+01 5.081787241887303708e+01 5.209730444850514175e+01 5.548115309151770447e+01 2.878451016946103280e+01 1.196063112239439263e+01 2.783736935226162146e+01 3.508783703734939508e+01 3.824398000725548741e+01 2.428859524657001856e+01 4.477445530660892814e+01 5.975244834999677579e+01 6.811972734840246346e+01 7.727498501822248045e+01 8.376658620071685846e+01 6.344055630461600970e+01 5.492165116677361425e+01
2.352828262072654761e-03 8.167318637539262127e+00 1.971432402133157424e+01 3.971432402133016382e+01 3.776971041688390329e+01 2.359840075205623933e+01 1.129019195266010733e+01 1.563315797435323873e+01 5.714912681679460427e+00 5.127745300888140179e+00 5.442509476919359379e+00 1.866177733139322470e+01 2.378682533592749238e+01 2.557048084102878249e+01 2.632546304098342205e+01 2.674257378396372431e+01 7.338117080646476609e+00 2.798339675339616051e+01 4.637715255286298799e+01 4.556072616940156905e+01 3.987484145147280401e+01 5.832913592417588688e+01 6.556681905399922528e+01 6.120696590718344510e+01 4.232004717434234919e+01 3.193792319744116881e+01 1.252516346470094000e+01 2.516927149512810757e+01 1.837188948178688719e+01 3.873815649365251090e+01 3.225060387391489769e+01 3.906578409852107825e+01 4.832351812398677993e+01 6.304961589763242813e+01 8.336087901504119202e+01 8.360315204237467412e+01 7.507759713540502844e+01
6.786455232800275850e-03 2.000678645523244370e+01 3.645158988404912748e+01 4.799859526426013190e+01 4.141733888971533872e+01 2.264415527134113759e+01 2.777858054382607733e+01 2.732420573174542966e+01 1.328040465718536822e+01 2.488598314302045367e+01 2.347057215652428752e+01 9.721065374813434801e+00 1.739028078478813200e+01 2.580956982120168419e+01 4.088239941429112179e+01 2.977688753512497399e+01 1.024106650160273446e+01 2.996350149522931261e+01 4.127801303345783168e+01 5.649521304387698706e+01 5.835111528342128651e+01 6.360553794720085108e+01 6.677779555418337054e+01 5.385583044238375550e+01 3.305014129166069381e+01 2.049365374559118891e+01 3.087499010788206633e+01 1.308793451204149072e+01 3.365763101167395632e+01 4.722638624800077878e+01 5.285662865309937786e+01 5.285689359950778510e+01 6.811972734840246346e+01 7.727498501822248045e+01 7.860051346950332629e+01 7.025535458857197568e+01 7.025535459070765398e+01
3.257643153035955173e-03 2.000325764315267918e+01 3.000188009848067949e+01 5.000188009827756019e+01 5.042230174956883815e+01 4.159659269536021498e+01 4.238841222352736793e+01 2.424548739545855369e+01 3.283494742430895030e+01 3.193158867067621642e+01 3.236359321322015603e+01 1.299957421660987578e+01 3.192456259712725242e+01 4.079733632008598221e+01 4.210682606138013995e+01 3.776110957523214751e+01 1.334815721141421108e+01 1.308574177192019228e+01 2.725343013470915920e+01 4.347554153647915598e+01 5.214944857634581155e+01 6.077170431333752276e+01 6.012137012927984614e+01 4.052815154345099558e+01 3.087909626760090731e+01 3.518269224314059329e+01 3.316369968330315032e+01 1.348734134333170864e+01 2.523638529677284126e+01 3.914061713592916902e+01 5.972584572914225731e+01 7.333802435896375016e+01 7.209458791095005381e+01 6.376021210563778396e+01 6.701505973865081955e+01 5.022206342844592797e+01 5.022206342844592797e+01
1.880098487986705483e-03 1.000188009848790038e+01 3.000188009848525894e+01 3.808426054551733131e+01 4.437150340180126307e+01 5.222465150170184955e+01 5.068157547364485538e+01 3.702824374894433390e+01 5.071490018942982658e+01 5.062197176975276136e+01 3.837241534723202818e+01 1.823231347383990553e+01 1.942448645026549059e+01 3.865472303827467471e+01 5.741629523842841820e+01 4.359275123243768491e+01 2.344760979357657149e+01 3.296634783482457465e+01 1.617379669178944113e+01 2.321843137741667462e+01 3.330376706802332620e+01 5.391353902552463495e+01 6.888317375800167497e+01 5.800055718048557196e+01 4.993016427163761506e+01 5.192377480870064943e+01 3.241254076025334285e+01 1.440369743820026471e+01 1.385240613826807454e+01 4.777336145402321677e+01 5.230014555944364218e+01 6.065112007580188447e+01 6.051606924352437034e+01 4.373312520028531480e+01 5.868912854420446479e+01 3.868791589877557868e+01 5.868912854450963579e+01
2.900726248362994839e-03 2.000290072624800786e+01 1.216959028360493278e+01 1.819861544560901123e+01 2.486137538622578802e+01 3.241062047794334688e+01 5.202617494184905667e+01 5.644614349315584434e+01 6.162238878339513803e+01 4.164984567497021573e+01 2.704430617613127552e+01 3.837241534723202818e+01 2.448016553089848912e+01 4.501668497605862029e+01 5.786337085611156539e+01 3.781433003007553850e+01 4.368655803046160457e+01 3.867431274905703020e+01 1.856650797392844154e+01 3.822691776240438344e+01 5.108445313288446954e+01 6.202116499563972951e+01 7.139732388166932253e+01 6.136808405784184828e+01 5.304882190019382193e+01 4.511811031305640540e+01 3.437449134647945215e+01 1.427416132270986893e+01 3.435894735691508117e+01 4.889724499777338451e+01 3.269766805317497216e+01 4.924901933510793839e+01 5.153835710665091341e+01 3.212605014717864549e+01 4.556474918461407242e+01 3.309482391168630500e+01 5.095743165424993038e+01
5.081304048347549951e-03 4.005081272323951502e+00 1.032961329547678275e+01 1.699604772992660529e+01 3.697787517016939773e+01 5.222662088574731598e+01 4.862243763612570291e+01 6.826339728604997958e+01 6.162238878339525172e+01 4.164984567497021573e+01 3.900437858326006335e+01 5.073375539737240558e+01 3.012056464395421429e+01 5.073375515206378594e+01 6.612985607108937813e+01 5.786337085611156539e+01 5.738028414078395656e+01 4.119093129182210333e+01 2.105798298948950986e+01 4.119092067724737660e+01 4.534084060465850285e+01 6.540482898342509088e+01 6.307207768353366362e+01 4.303036062408632745e+01 3.294847589019736489e+01 3.686241096411922058e+01 1.763523235244720411e+01 1.465870394996716186e+01 3.481767677872968392e+01 3.582594422330243589e+01 2.267847776229749357e+01 4.076203128345869686e+01 4.004768027899847738e+01 2.302444134720386870e+01 2.540574358954661349e+01 2.811983052626321111e+01 3.090148396922957019e+01
4.469920835086939326e-03 2.000446992083473319e+01 2.399661525334335366e+01 3.697787517016939773e+01 2.853817031159695716e+01 4.007166060799676899e+01 6.002924057203062347e+01 7.633976378634429238e+01 6.963269620432572538e+01 6.162238878339525172e+01 5.342082436440488635e+01 5.791953804962282959e+01 3.759507623570809898e+01 5.073375295084569103e+01 7.051814214252100044e+01 6.683661048138962713e+01 4.907347280123791222e+01 2.897685597404385760e+01 4.119090809323383695e+01 2.522341498241834756e+01 3.946341753414272091e+01 5.953033773223533842e+01 7.139732002517172305e+01 5.753153506579547383e+01 4.230614103750899346e+01 2.230637873235323454e+01 3.680603348722662105e+01 2.567798964498687653e+01 1.526674776940757106e+01 1.569778776706066914e+01 1.612807571031356346e+01 3.097676101153890471e+01 1.981833747305807947e+01 4.004768027980262701e+01 4.556474918461407242e+01 4.236346756949330938e+01 3.990540465671136872e+01
2.324776005098761877e-03 1.414446039973617353e+01 3.414446039973687874e+01 5.224077301340933133e+01 4.850672640742216402e+01 5.677370369088596647e+01 6.829640895047585047e+01 7.317015169622756332e+01 6.487651258833281531e+01 7.317015169622756332e+01 7.282593413051060338e+01 6.600082079700057136e+01 4.807627867492019647e+01 6.600077588530382400e+01 7.271642743271726772e+01 5.265632216296301493e+01 3.846767012537931407e+01 4.907347280123791222e+01 4.844140461172746370e+01 2.834730477331101994e+01 4.256624416019624135e+01 6.262534079982066260e+01 6.338972910512136849e+01 4.334103405816728838e+01 2.907599517348094054e+01 4.230614103750899346e+01 4.528926080539991972e+01 2.521510435631265423e+01 3.544772387834706251e+01 3.118690193201790350e+01 3.634209563961712064e+01 1.674417240532671158e+01 3.697801608374268767e+01 4.004761067413908648e+01 6.013304433434969809e+01 6.238678979830872606e+01 5.989870931754941097e+01
8.699724428260374037e-03 2.000869972442790612e+01 3.584581126816507179e+01 4.584581180156652636e+01 5.998794893397847261e+01 5.676499962763619322e+01 6.505333518911638180e+01 6.315741105026648938e+01 4.484984446014250636e+01 6.315741105026648938e+01 7.610188723462835014e+01 7.580407840540463837e+01 6.776279742432541298e+01 7.580407840540463837e+01 7.271642260759050203e+01 5.265632216011571387e+01 5.853178954989780181e+01 5.916346269931270996e+01 3.910437450017365535e+01 3.197647272848107036e+01 4.617188172962286785e+01 6.622747415519982894e+01 6.558805346717747398e+01 4.553298775570463874e+01 3.550025064967355348e+01 5.555504309703785282e+01 5.366266669422182645e+01 3.525557166588955482e+01 5.359874545123807366e+01 5.178396805553798998e+01 3.740625418402346014e+01 1.719320446559583360e+01 3.154160572214294334e+01 5.167464259167012131e+01 6.329350523484882984e+01 6.432311757444118427e+01 7.021059313343627650e+01
2.249585233037712084e-03 7.561539045417615235e+00 1.756153904541779198e+01 3.170367466915463339e+01 4.261593834952581261e+01 3.675520527328447429e+01 5.676499962763619322e+01 5.486317852169547393e+01 3.484344424311603206e+01 4.778513358440464032e+01 6.664760589547769598e+01 7.108775927542127704e+01 7.108775927542127704e+01 7.938361579628701747e+01 8.101689880266360433e+01 7.271642260759050203e+01 7.184985337870902811e+01 5.179090849471825919e+01 5.583583368432316973e+01 3.578207093890647172e+01 5.583583368432316973e+01 7.082409094499173818e+01 7.393508350316631095e+01 6.263035571470842910e+01 4.261834959075147111e+01 6.263035571479191788e+01 6.372984123241235466e+01 5.538341992687347215e+01 6.372984123115272581e+01 4.701999068249437386e+01 3.164540364547352880e+01 1.764554708013604056e+01 3.788967290195532200e+01 3.486729009773575427e+01 5.497773983287946464e+01 4.432826727368419739e+01 5.018462333796603048e+01
2.739267172789772273e-04 2.000027391875298477e+01 3.584580737683153018e+01 4.008449397565108541e+01 2.261011111178115840e+01 4.261593399597865783e+01 4.684928406691343383e+01 4.778513357925150729e+01 2.777110011115837906e+01 3.833377714341825282e+01 5.835412690699379112e+01 5.105187132556277163e+01 5.105187132556277163e+01 7.108775927542127704e+01 8.457118638130972954e+01 8.822893393746184643e+01 6.816873902501983196e+01 6.741434182522382912e+01 4.735977744933389033e+01 5.583583368432316973e+01 4.246941639833406157e+01 5.664296705075803118e+01 7.670514295369187607e+01 7.097242167001867585e+01 5.415244943442349523e+01 7.097242167001867585e+01 7.278850395657804029e+01 6.445297349824235766e+01 5.429119617957002220e+01 4.186650096252378006e+01 2.163690296214851472e+01 3.530457525236595728e+01 1.829876137648166434e+01 3.855811890254781815e+01 4.223874516292099202e+01 2.992653226019358925e+01 3.728483877739481755e+01
8.327778614586212741e-03 2.000832777861423040e+01 2.393939270077171244e+01 2.008099550524706345e+01 1.505065681156976787e+01 3.032406869796164628e+01 2.683781227992331608e+01 3.514412954775940534e+01 2.199735551549871815e+01 4.200757977593958259e+01 4.690709402102218206e+01 3.689394100306196123e+01 5.692024703898245974e+01 5.623846711359969675e+01 7.627623982420927007e+01 8.719159147937061505e+01 8.822893393746184643e+01 7.571804382833528280e+01 5.893424519707437526e+01 6.856598750523826880e+01 4.851053922223533732e+01 5.883759942407687049e+01 7.889958476394326681e+01 8.257648601013549694e+01 7.421139106467879287e+01 7.567621084108043306e+01 6.445297349824235766e+01 4.444759898256086927e+01 4.598033945190145033e+01 2.582672908551338509e+01 4.186650096252378006e+01 4.608940999968881158e+01 3.256326989121729554e+01 1.895654367831878062e+01 2.056067283690256886e+01 4.223874628306587908e+01 5.723974978297648164e+01
6.510866554257996840e-03 1.967672217936100365e+00 3.938330774264691136e+00 5.938330774264799494e+00 7.979572226585677441e+00 1.032039517055867428e+01 1.269395848755140044e+01 1.513734737997783064e+01 1.805464729447215078e+01 2.241901107887703759e+01 2.689119211975049595e+01 3.321632598569682671e+01 3.988527421121472116e+01 4.883851405336879026e+01 5.885653280505874818e+01 7.302981365870816433e+01 9.306262157981345240e+01 8.729715207302780300e+01 7.899836924582280062e+01 6.488384228156495226e+01 5.747329817581167788e+01 7.687044267741069348e+01 8.719794286480913570e+01 8.741781905204025804e+01 7.567621084108043306e+01 5.561938792808492593e+01 5.929988350834673838e+01 5.030703751802737855e+01 3.024496391280921870e+01 4.598033945190145033e+01 5.429119617957002220e+01 5.990843743712913749e+01 4.729718375353599669e+01 3.921717293340190480e+01 1.961749941145718168e+01 3.988197950254254920e+01 5.525009497371927836e+01
8.953482861371391335e-03 2.000895348285671460e+01 2.393939273523472622e+01 2.594004218139598450e+01 2.798204677558293696e+01 1.582425318316283303e+01 3.269903666480942661e+01 3.514412954775940534e+01 3.806434050445636785e+01 2.382819321990250927e+01 2.867906278096570105e+01 3.384361784273836804e+01 4.017035845919895820e+01 4.912249929462551279e+01 5.913684771481231905e+01 7.330340874808010199e+01 9.333182462268287338e+01 9.725119337543783615e+01 9.324444332313777295e+01 8.494965490941041253e+01 6.905730471002071624e+01 8.584114281408479030e+01 8.741781905204025804e+01 6.726672959317312461e+01 7.096452340690659355e+01 5.929988350834673838e+01 3.934683754913052667e+01 3.524206367602550927e+01 4.185740597991896550e+01 5.861805146956604773e+01 6.699134717395159555e+01 5.280337032913884343e+01 4.152255846246512050e+01 2.114555140463618699e+01 2.009671482721660851e+01 4.035700568018951628e+01 3.515825327201405770e+01
