LEM/sinusoidal_perturbations/elevation_000894.asc
nrows	100
cellsize	150.0
xllcorner	0
ncols	100
yllcorner	0
NODATA_value	-9999
[rows 51 to 67 of 100, columns 37 to 73 of 100]
6.189138389526336681e+01 7.181586193025874820e+01 9.161814591700709798e+01 1.060480171601254682e+02 9.620920371773809165e+01 8.805348767351760841e+01 8.012873768153988863e+01 6.034194579787044432e+01 7.436166777394372218e+01 9.401695120528317773e+01 7.850924712078450796e+01 7.851165620366967346e+01 6.535623238840958038e+01 7.677518839575057541e+01 9.644645628008220228e+01 8.090613580865590393e+01 6.129641289515308955e+01 7.608854243144520524e+01 7.032732968619431801e+01 8.999734037674680565e+01 9.004171762912601196e+01 7.019400126059628064e+01 5.890215257431223250e+01 7.162453257275873852e+01 5.703386387722378714e+01 7.403818854559659712e+01 7.769010770315462366e+01 6.566298898814605423e+01 8.545202900051164363e+01 9.254812174766769317e+01 1.125593304065733804e+02 1.076885611984376965e+02 8.835346125665670058e+01 1.002321965630320193e+02 8.028087058416983268e+01 8.683906628688094997e+01 1.068198561816530372e+02
8.171700392363298704e+01 8.991099709703789244e+01 9.980755513925102207e+01 1.113148705003572871e+02 9.165022036700851515e+01 7.774457864055634104e+01 6.787038675644731711e+01 8.012873768153988863e+01 7.028039036736380751e+01 8.997604227294694113e+01 9.818561572322747111e+01 9.035159420531830676e+01 7.066207917567737695e+01 9.035159420531830676e+01 1.019178201344461030e+02 8.447628312291357133e+01 6.487719029984361896e+01 8.447628312291368502e+01 8.999734037674680565e+01 9.818306334530487334e+01 8.703010394947482098e+01 6.721902907853312570e+01 7.858263324095604219e+01 8.079508079450499736e+01 6.109052799939115630e+01 7.239047928798289888e+01 9.227597996109911094e+01 7.960673946455037253e+01 7.491872424104087713e+01 8.638663346589193281e+01 1.064011488461372466e+02 1.166305672589709275e+02 9.989102877119233881e+01 1.085162225421804436e+02 9.022425489149352984e+01 1.068198561816530372e+02 1.151009483372154278e+02
7.564336029118990723e+01 8.833759803294722701e+01 9.456850885783303795e+01 1.027051148196447770e+02 1.055696228554694756e+02 9.413451355259030606e+01 7.446263541776212946e+01 9.413451355259030606e+01 7.910745506107511460e+01 9.812853636312976846e+01 1.042518999114975173e+02 8.459389906068676623e+01 7.812262982589733440e+01 9.778222135852435315e+01 9.373673547088772295e+01 7.409243519859688831e+01 8.447628312291368502e+01 7.158173317173141470e+01 9.115459523339508507e+01 1.068785668593024667e+02 9.366747748849074640e+01 7.375535687144299857e+01 9.366747748849074640e+01 8.545995441075326937e+01 6.566853650960194955e+01 8.545995441075326937e+01 1.005530563085634697e+02 9.956380627422694829e+01 8.484030990595950072e+01 1.031331584859713217e+02 1.146865517427765297e+02 1.281791405214742383e+02 1.199052292086907556e+02 1.185204318448761995e+02 1.102401382345704945e+02 1.185204318448761995e+02 1.142574022783265661e+02
6.308573761804539970e+01 6.858658384212766634e+01 7.486463875379556043e+01 8.883401372714432398e+01 1.084128047757042168e+02 1.022912519500765001e+02 8.430846508614477841e+01 1.022912519500765001e+02 9.046155528366956844e+01 1.069253165604400095e+02 1.124141905954634097e+02 1.042518999114975173e+02 8.795903756274607588e+01 1.059380207509967704e+02 1.019188302247813169e+02 8.284045564157148078e+01 9.928425348910798220e+01 9.113526581315863950e+01 7.923878769499766861e+01 9.881221106143406985e+01 1.019471864555421092e+02 8.366701054968901019e+01 1.019471864555421092e+02 9.209581597251911944e+01 7.218823667340039663e+01 7.702793377447518708e+01 8.851718202830116411e+01 1.085355512740736543e+02 9.898357353844995998e+01 1.131405230994725883e+02 1.273166583804312211e+02 1.356720760472206848e+02 1.288689999101662806e+02 1.205137584813090399e+02 1.205137584496612817e+02 1.224016771963909065e+02 1.225569851965835255e+02
8.285965230929990355e+01 8.833759803294722701e+01 9.456850885783303795e+01 8.883401372714432398e+01 1.084128047757042168e+02 1.121263646655629884e+02 1.039605620190356774e+02 1.121263646655629884e+02 1.101170467323595688e+02 1.182836316908103953e+02 1.134891889848080808e+02 1.157710531671760776e+02 1.076054051543026304e+02 1.157710531671763050e+02 1.107421116089249153e+02 9.418603889436919019e+01 1.098379250052181959e+02 9.048498665054331980e+01 9.051261713376756290e+01 1.070215035873347631e+02 1.119449466388420831e+02 1.036679444272924684e+02 1.119449466388420831e+02 1.003778707883773649e+02 8.363908304235378921e+01 8.842346978236000155e+01 9.697815862162048006e+01 1.168012536306817424e+02 1.190189228371400532e+02 1.240341934202000260e+02 1.071652019246190832e+02 1.240341934202000260e+02 1.205137584813090399e+02 1.003846097170005152e+02 1.003846097169752056e+02 1.022666645099969998e+02 1.157665717210201279e+02
8.637147268925565413e+01 9.392403036910899061e+01 1.022848374121173549e+02 1.084128047757042168e+02 1.165762159121452584e+02 1.172875764380169414e+02 1.089363127018721542e+02 1.125223141007259215e+02 1.041726325287827706e+02 1.049006326723453384e+02 9.334724630156460989e+01 1.063634102642644166e+02 1.147145204742674736e+02 1.263517781002258573e+02 1.221641244999214564e+02 1.139801416032891694e+02 1.177578957422966681e+02 1.016368596175472732e+02 1.101376383880320589e+02 1.183980592427582081e+02 1.270239066773440442e+02 1.186064417798988444e+02 1.234738643709679593e+02 1.119259857114614221e+02 1.036479666266786808e+02 1.084348362178085949e+02 1.166971937041102478e+02 1.252381843385907985e+02 1.282254942274474558e+02 1.080796585059369619e+02 9.556775012300099092e+01 1.156822095711050338e+02 1.217478997528697846e+02 1.062803008905536473e+02 8.618955326650650761e+01 8.806869711701101266e+01 9.565225144963226001e+01
6.646721033670542056e+01 7.396290467647125411e+01 8.546502882210879193e+01 1.055214208274531700e+02 1.172875764380169414e+02 1.056621932266837831e+02 8.881131950593267277e+01 1.009051522127230669e+02 8.406622156544197821e+01 8.479375226464441084e+01 7.916288112103084984e+01 8.623427071763975960e+01 9.784643491131474491e+01 1.179978149597997117e+02 1.260474742765154446e+02 1.302813215467800489e+02 1.282730118503755818e+02 1.205604457326331698e+02 1.234280774246087304e+02 1.325000565428197774e+02 1.152797419507495960e+02 9.825669380720798074e+01 1.031230687049843198e+02 1.234738643754913880e+02 1.217615159082481142e+02 1.195555803199506215e+02 1.217615158872277590e+02 1.301127852252593300e+02 1.223170449779098874e+02 1.021823399364985505e+02 8.798723976753184672e+01 9.987696290469902749e+01 1.082165910154758848e+02 9.328708149169212049e+01 7.911596941254950366e+01 9.917714892608955779e+01 1.157665717210201279e+02
7.131389853715654681e+01 9.123779289852824093e+01 1.022848374121173549e+02 1.139528325642197188e+02 1.089363127018721542e+02 8.881131950593267277e+01 7.726135777585415099e+01 8.728925011930566313e+01 7.255286630389167613e+01 7.069140719324155953e+01 9.068292213276627933e+01 1.063634102642644166e+02 1.147145204742675162e+02 1.199971379974067816e+02 1.055164627810104889e+02 1.097761373897878343e+02 1.242383603074174090e+02 1.193647132692625235e+02 1.019128720009514097e+02 1.193647132692625235e+02 1.068575093117492827e+02 8.640012426027992376e+01 1.068575093117492827e+02 1.217615159061657266e+02 1.016300915174877986e+02 9.942947775875548189e+01 1.016300915174186343e+02 1.115832426664323265e+02 1.137870720863985952e+02 1.140970860657595694e+02 9.398679503277195124e+01 7.982069386926788468e+01 9.319153989288867024e+01 9.490008793943970034e+01 7.487649454412741079e+01 9.489997098994258806e+01 1.035117603607147174e+02
8.279908234918055143e+01 9.953381399693822118e+01 1.146658174693299230e+02 1.063720096508820632e+02 1.064208926699535454e+02 1.014863861592306478e+02 8.140860382471286982e+01 6.733504971483380075e+01 6.370119273430545803e+01 8.361485425731200394e+01 9.902201923769435155e+01 1.027742200317949255e+02 1.111208276683007483e+02 1.096925632248278788e+02 9.085143948668756764e+01 9.514672536292847838e+01 1.079042911274824377e+02 9.932243730086715061e+01 8.961224405023112638e+01 1.107319980482163402e+02 1.003883161386631571e+02 7.977627447718782605e+01 1.003883161386631571e+02 1.145303547286915204e+02 1.053242767200735699e+02 8.524769571034016735e+01 9.676359381311912955e+01 9.148487055706165449e+01 9.368224248544538568e+01 1.137870720863985952e+02 1.082165910154758848e+02 9.319153989288867024e+01 7.319224817801060112e+01 8.701961664998535184e+01 7.091987546345133353e+01 7.639391683684837631e+01 8.344141647177930565e+01
1.027652858841208570e+02 1.110790710303720630e+02 1.063991285691181048e+02 8.633217625288421004e+01 8.633292309616751936e+01 1.005322710843493326e+02 9.562098154652807125e+01 7.946256879311141574e+01 5.954774909692049789e+01 7.946256879311141574e+01 8.857789579356935405e+01 8.269758575825046876e+01 1.027742200317949255e+02 1.011906478363430750e+02 8.041567546289829238e+01 9.233216984883735279e+01 9.033478827409452094e+01 7.838127873572118176e+01 9.932243730086715061e+01 1.096551503992477450e+02 9.467156436176124146e+01 7.387498442021941969e+01 8.552704651337666064e+01 1.060981291460351770e+02 1.136682943457918924e+02 9.676359381311912955e+01 7.673949638490665848e+01 7.734365936243968065e+01 9.509889876521226881e+01 1.034308834342991901e+02 1.021859545199247492e+02 9.385695870679919040e+01 8.701962453867439251e+01 6.709864045583275072e+01 6.705739920857863012e+01 7.591122442903053980e+01 8.589049834063217759e+01
1.118070515276988175e+02 1.154126831724986033e+02 9.530642836937082052e+01 8.111807073994380346e+01 7.221360306325185263e+01 8.465734716167163754e+01 8.008470137956861379e+01 7.583617073551543797e+01 5.632495821642745426e+01 7.627364548179913584e+01 6.859292947695477949e+01 8.269758575825045455e+01 1.027742200316058359e+02 1.069830705937190061e+02 8.626356803817239438e+01 7.153773546142635098e+01 6.950286267615743441e+01 9.033478827409452094e+01 9.989456022525999401e+01 1.012162050565804776e+02 8.058004156640717497e+01 6.831377638890687365e+01 8.930191051048778661e+01 1.023668250219618159e+02 1.142129340731551110e+02 1.007687675279816517e+02 8.072275427612770216e+01 6.924864797699086694e+01 7.510161313865978627e+01 9.186550726601578276e+01 9.385695870679919040e+01 7.387998360762490790e+01 7.973110414657833189e+01 6.309050055128833634e+01 8.295119337939323145e+01 7.696476438244668827e+01 8.849987131722217271e+01
1.035570769769752246e+02 1.212917627471970548e+02 1.011954140569423544e+02 1.005322710843493326e+02 8.465734716167163754e+01 6.472324796178888562e+01 6.015309935155900689e+01 5.587018351546462469e+01 5.316474231793363714e+01 5.862239498874962607e+01 7.272408765544085441e+01 9.273590289506421414e+01 9.920296316807170456e+01 1.075434791944510522e+02 9.941737803788248584e+01 7.865918079434226229e+01 6.391187064474681279e+01 7.952118124389940590e+01 7.918662439170716993e+01 9.378752648776476519e+01 8.492558202206615192e+01 6.379730815445126524e+01 7.303189877387400486e+01 8.519601146036619355e+01 1.057774666269094155e+02 1.091079157370418500e+02 9.751972209608288722e+01 8.355346052566044079e+01 6.367642855597031826e+01 7.858420253315235016e+01 8.503371390735524926e+01 7.674107753475304605e+01 5.989751262755154215e+01 7.973110414657267597e+01 9.126303824083976224e+01 8.849987024856243067e+01 1.053210958300575300e+02
1.009759965802338826e+02 1.103498261954549378e+02 1.003015333456433353e+02 9.196763951688366490e+01 9.296953770835928310e+01 8.465734716167163754e+01 8.008172250658476798e+01 7.006310660450310479e+01 5.003941563632245249e+01 7.007315330955697164e+01 7.871025071286595676e+01 8.501986805185880769e+01 7.914503772467863030e+01 9.920296316811916881e+01 1.007877200900994410e+02 8.005876623763111866e+01 6.802739084854205487e+01 5.862501027112858054e+01 6.442965154431850294e+01 8.340774736981282445e+01 7.539460055559878526e+01 5.947862047619486248e+01 8.069992724861984357e+01 9.799771607242568905e+01 1.082935251144006941e+02 1.068403971822056775e+02 9.835873621733905736e+01 9.186550726601578276e+01 7.858420253315235016e+01 5.873229232017709478e+01 7.390506241447791069e+01 5.688897281292551611e+01 7.674107753475304605e+01 7.239262582323227946e+01 9.235885838265792813e+01 1.085867065891078482e+02 1.169141782030461911e+02
1.092243330394505989e+02 1.020063168921126362e+02 8.192896214165462254e+01 7.194760528119444132e+01 8.126648109096450412e+01 8.958475574680194597e+01 8.198552984342374828e+01 6.197860677641201477e+01 4.777895895645166036e+01 5.318124241371859284e+01 5.876138874681940649e+01 6.506710610577236764e+01 7.914503772467051590e+01 9.920296310440531329e+01 1.092834575429861133e+02 9.735252727332461120e+01 8.807545695122570351e+01 7.484016441301351108e+01 5.388815566745076069e+01 7.086148273870912817e+01 5.413239330592340792e+01 6.090886265273010736e+01 6.853298207481969939e+01 7.917257954887159599e+01 9.984863411810660239e+01 9.835873621733905736e+01 7.794352592434803739e+01 8.392300257981572997e+01 8.688221263020379581e+01 7.390505816824010310e+01 5.397597642588605282e+01 7.390506241447791069e+01 6.831969161729435314e+01 8.824490463307412824e+01 8.867480323534047670e+01 1.087510239724955312e+02 1.222569280554938587e+02
1.011138512747808278e+02 1.103498261954549378e+02 9.543553920216152164e+01 7.539746505525427267e+01 6.128371816703125319e+01 7.310855228851369247e+01 7.994982016930727298e+01 6.579707373332846032e+01 4.572787951411998364e+01 6.579707373375555335e+01 7.871025071286794628e+01 8.501986805185023854e+01 9.334425451025424536e+01 9.070557095538673309e+01 9.937349689855035706e+01 9.694957044051362516e+01 8.737643176373705955e+01 7.178009896831252945e+01 5.082934109536822831e+01 4.965165180312784088e+01 7.086148273837993372e+01 8.209389647334072038e+01 8.951060683344532265e+01 9.799771607242568905e+01 1.082935251144006941e+02 9.835873621733905736e+01 7.794352592434803739e+01 6.439179262838315765e+01 7.471590191219169697e+01 6.986940059328068742e+01 5.222257880704613342e+01 7.220858588076899309e+01 8.824490463307412824e+01 8.456554010723628778e+01 1.046161993507499943e+02 1.170942447542700364e+02 1.174925885202003855e+02
9.107948365488368836e+01 1.012270547839152357e+02 8.965760860440519764e+01 8.134638017219793937e+01 7.310855228843234954e+01 5.309901987435058146e+01 5.994192824037560285e+01 6.379020229482943449e+01 4.370710307017805718e+01 6.378981751516368348e+01 6.938404601374364233e+01 8.939981545696281273e+01 8.759021601642913879e+01 7.051047157337953308e+01 8.759021615193412913e+01 8.884713331838635497e+01 7.031570541538086161e+01 6.077592566315223621e+01 5.355567504254038624e+01 4.663125380188451174e+01 6.753129445188790214e+01 8.511844401026495177e+01 9.306378992973027664e+01 1.014012003092979626e+02 1.026638859663497811e+02 9.438394891367678952e+01 9.239196155327684323e+01 7.471590191219169697e+01 5.560395947376206749e+01 4.984557093731809374e+01 6.986939667481459537e+01 6.379347711573235813e+01 7.784477494115785134e+01 9.784886750249714282e+01 1.129558184287650562e+02 1.174925885202003855e+02 9.749891709695842223e+01
8.274968171041386711e+01 9.290099502572871870e+01 7.288781503752345259e+01 6.136053744196067328e+01 5.427078838479351930e+01 6.484773510616787462e+01 4.573703688708452830e+01 5.911374647305083840e+01 4.171389363295781294e+01 4.934785749162157487e+01 6.352652051829218038e+01 8.353014320963285400e+01 7.904592489084635076e+01 5.897101819186667626e+01 7.904592489084635076e+01 9.695584297790399830e+01 8.750872945893546273e+01 7.957547698105511813e+01 6.551649870654532037e+01 4.464420153146504333e+01 5.668673673762354071e+01 7.711176585091082814e+01 7.269045226251712677e+01 9.306378992973027664e+01 9.438394891367678952e+01 7.443762044037528369e+01 8.027798580411662499e+01 7.275855730066254523e+01 6.611944834637607471e+01 4.829578090553672354e+01 6.828093273206344804e+01 8.370383795986761299e+01 8.370383800089076942e+01 1.037368072525966483e+02 1.119514633502431451e+02 1.036798435612700189e+02 1.011678241629308843e+02
