LEM/sinusoidal_perturbations/elevation_000056.asc
nrows	100
cellsize	150.0
xllcorner	0
ncols	100
yllcorner	0
NODATA_value	-9999
[rows 17 to 33 of 100, columns 37 to 73 of 100]
6.702129329586792039e+01 8.068272250981344484e+01 9.893782407362671449e+01 1.038190010587191807e+02 8.561581758132975040e+01 1.038190010592528978e+02 1.167318618985324292e+02 1.245248744239550120e+02 1.245248744241635563e+02 1.332784807320935556e+02 1.331586718477258557e+02 1.211810303197100041e+02 1.125102157712062052e+02 1.046539399696687695e+02 9.275767824436400133e+01 7.338062044861871414e+01 9.275767824436208286e+01 1.087221716481426625e+02 1.087251585203137694e+02 1.289610286956269931e+02 1.241022439632239269e+02 1.140895326019234375e+02 9.578201955666743572e+01 1.140895326019234375e+02 1.076949142583690673e+02 9.321822493475080762e+01 7.503596359887832534e+01 7.236543426058629791e+01 7.290255017617512578e+01 9.162337742883813974e+01 9.521762318082410559e+01 9.312176674062018833e+01 7.645212864437819178e+01 7.717348991163721905e+01 9.598234774257505819e+01 1.053815054124140147e+02 1.084703906869761738e+02
7.410182427501533198e+01 9.405577671426807740e+01 1.089224884010919538e+02 1.137746526862010086e+02 1.054742384830416313e+02 1.137746526860514393e+02 1.183621298345998980e+02 1.034457789776042915e+02 1.034457789776042915e+02 1.245248744241737597e+02 1.189263784165250968e+02 1.105102721900077256e+02 1.097557040903843699e+02 9.732624190237218897e+01 8.956684584603685551e+01 7.209127418423543077e+01 9.141188322971314051e+01 1.072098969760353668e+02 1.156200925572979799e+02 1.272843650322484450e+02 1.157364972602498483e+02 9.578201955666743572e+01 8.587395638871987558e+01 9.760194544497969105e+01 9.254996472188193479e+01 8.942505690642796878e+01 7.160501213802596965e+01 9.023162269308066641e+01 9.013673794973280451e+01 8.592179910653290165e+01 1.054774573643119311e+02 9.574238586073428792e+01 9.028444788553285605e+01 9.597884115456285770e+01 7.820049379108255039e+01 8.875287854952597399e+01 9.928758226899410033e+01
8.563397547341119775e+01 1.023319297518422957e+02 1.115142639597574146e+02 1.197462318313482257e+02 1.183563964804677369e+02 1.096461152364875744e+02 1.096197030926179821e+02 8.918458577220727079e+01 1.028079973191547367e+02 1.237094432798029544e+02 1.105102721900077256e+02 9.052111841323872454e+01 9.620029473485361393e+01 8.343296939509052379e+01 7.032147359490268457e+01 8.956652269989302795e+01 8.056056399288989667e+01 8.735681191437140569e+01 9.871284924782889902e+01 1.188170800299340470e+02 1.241022439632239269e+02 1.140895326019234375e+02 9.764111785354261031e+01 7.798806695504930531e+01 7.404718054561843132e+01 7.085188721495876507e+01 8.939875416244916551e+01 8.060558049506305167e+01 9.970860590911584609e+01 1.054219404052770415e+02 1.138007490846413106e+02 1.167728656769367177e+02 1.135879813179614501e+02 1.047519171654645476e+02 9.343653215499966791e+01 7.922813664903011954e+01 7.997003971103916342e+01
1.055606944003712897e+02 1.082856984612592157e+02 9.167377289322118372e+01 1.082856984612592157e+02 1.096461152364875744e+02 8.933242162798416075e+01 9.528216473496894423e+01 8.289650419337974085e+01 9.672298801374630273e+01 1.174985065039575716e+02 1.103716361629435312e+02 9.047950644238545692e+01 7.676740426490890457e+01 8.649318911276125732e+01 6.907667090932028486e+01 8.828468199895377211e+01 1.001907712605872689e+02 1.072098969760353668e+02 1.156200925572979799e+02 1.118133184795815254e+02 1.096014514574676326e+02 1.110267767152132024e+02 1.027867718542949831e+02 9.578842315344938640e+01 8.808618026987427641e+01 7.031857466786442501e+01 8.886970911873733314e+01 9.995624851418605772e+01 9.265186887579343988e+01 1.066412465932927631e+02 1.267315794245846519e+02 1.289322014804203604e+02 1.164068051533186150e+02 1.006454667026579841e+02 8.382381676015640437e+01 9.808279038818996298e+01 8.317659048707091074e+01
1.109990537859719666e+02 1.000593511016384412e+02 8.069398594079596876e+01 1.000593511016384412e+02 9.803311481208426414e+01 8.958862170090935706e+01 7.597442091990210145e+01 8.933241602997655662e+01 1.096450955849019238e+02 1.065040955891772825e+02 9.819736778419536449e+01 9.794102299112715571e+01 8.008336107623654243e+01 6.730629261231517546e+01 8.074672861430357784e+01 8.426772731627164603e+01 9.791761807290566821e+01 1.181817163492766127e+02 1.118133184795815254e+02 9.202475551486419647e+01 8.987963948919610857e+01 1.026082030675601970e+02 8.272509704785774431e+01 8.563495218728786540e+01 6.956310030749874329e+01 8.481749512254923218e+01 7.604759646433329578e+01 9.498327268337534690e+01 1.101366061351905472e+02 1.125255688432833807e+02 1.326539044316932632e+02 1.204933192687468875e+02 1.003205318886469826e+02 8.892155194181043498e+01 1.032745371267177461e+02 1.061749534275109852e+02 8.654938808193966793e+01
1.027450696288124163e+02 8.333594243789308109e+01 7.423663791801844525e+01 9.255469357574422418e+01 8.452678415720104965e+01 7.064895986552410534e+01 8.958862170090935706e+01 1.038426737322327540e+02 9.897204697107521554e+01 9.068153836306576920e+01 7.872717802560664779e+01 8.233947232102454450e+01 8.354224444262327154e+01 6.604980705859001944e+01 7.567225412994558553e+01 8.948316444209672227e+01 1.092660202652150758e+02 1.057636326955309016e+02 1.026445851900741673e+02 9.563478261152951632e+01 7.688887166824783037e+01 8.600598878035826544e+01 8.518651835484395463e+01 6.879503258900682283e+01 7.916156559027646722e+01 9.411178319766941058e+01 9.498327266709232219e+01 8.245411568249673451e+01 1.018356961849498248e+02 1.182505479286381131e+02 1.298455745297351314e+02 1.248969014417259160e+02 1.046986349070946289e+02 9.311524255550814644e+01 1.132354269435844856e+02 1.143203388129344233e+02 1.004040897740287619e+02
8.696000432598513896e+01 8.689570395556835081e+01 6.823232374537076339e+01 7.992347301546514871e+01 6.586545654682672080e+01 8.452678415720104965e+01 9.803311281238673303e+01 9.799079478733948179e+01 8.679189718080718308e+01 7.123012201859356196e+01 8.007810526089437531e+01 6.295320173602087266e+01 6.424991226999611627e+01 7.643306204569840645e+01 9.229359615401969563e+01 1.035893257042297222e+02 1.057636326955309016e+02 8.669575927358367551e+01 8.377891146816254775e+01 8.471490638492755920e+01 8.029372905798372528e+01 6.747289037121548461e+01 6.802720491718579865e+01 8.654355908546324372e+01 7.253145400111823449e+01 9.122297187474995894e+01 1.036190778347753962e+02 1.018356961849498248e+02 9.014302905682244216e+01 1.014436758030500414e+02 1.214573344667664827e+02 1.333330302397144180e+02 1.182819507036853395e+02 9.809585566328209438e+01 1.182819507036853395e+02 1.282365878518398858e+02 1.166048623454100976e+02
7.791634707977196683e+01 8.547599741095174863e+01 7.714367537035283817e+01 6.164385038397079342e+01 7.977613743037696281e+01 9.132585662863728260e+01 9.022973341151347881e+01 8.096350716943285875e+01 5.870560091943769265e+01 5.975096996006931960e+01 6.108518486559672311e+01 8.064658296601430720e+01 7.526015151767326472e+01 9.078745052927835957e+01 1.022586502539983400e+02 1.050224130805441973e+02 9.680315032921839702e+01 8.995203601877368271e+01 7.309611713963495561e+01 6.610904919064023488e+01 6.667848917078183035e+01 8.524752390821069525e+01 7.058517013659486850e+01 9.271638600557670884e+01 9.122297187474995894e+01 7.637553362532845824e+01 9.536731626004352336e+01 1.081619343962025539e+02 1.099024432498004700e+02 1.014436758030500414e+02 1.155466594952267769e+02 1.357269661458367978e+02 1.246596814741645431e+02 1.044915259361096673e+02 1.145641405830781707e+02 1.348243087009424528e+02 1.213874140974842533e+02
7.342742833285507231e+01 7.263008120480144214e+01 5.833602147034525842e+01 7.051868327659748559e+01 7.934179562109154915e+01 7.702188676846344606e+01 7.471520683223656079e+01 5.770361067305782399e+01 5.811758977190494591e+01 7.777320624921146930e+01 8.064567574030253638e+01 8.884221617568675811e+01 9.405352258416803579e+01 1.021102720827449843e+02 1.108853774890555712e+02 9.646524316684049438e+01 7.776353982455954394e+01 8.320914499992819913e+01 6.529300353144626001e+01 8.396277886909270194e+01 7.060630019964446547e+01 8.830355761829419237e+01 9.399789089884049531e+01 1.022839785715812440e+02 1.036191077271974024e+02 9.536731926991103592e+01 8.052853706583015025e+01 9.403686389475500107e+01 1.139262707875391385e+02 1.214573344667664827e+02 1.214573344667664827e+02 1.416827871022905754e+02 1.317954411413048774e+02 1.116124649430952758e+02 1.317954411413048774e+02 1.432768549831395433e+02 1.266048942491945581e+02
5.462304818200898637e+01 5.497080824026206614e+01 5.988891522876446771e+01 6.927332925565954724e+01 7.487367271486540687e+01 5.675443629055078532e+01 5.714450354368147345e+01 6.816961946141879025e+01 7.046753117491545026e+01 5.871718765139745955e+01 8.103848252062061874e+01 8.922487349645560073e+01 8.591692035364316382e+01 9.125350698038266728e+01 9.153326750609262774e+01 9.149883167482165902e+01 7.472995183497305050e+01 6.446395389610543702e+01 8.320962870326211203e+01 9.203276906002355418e+01 8.830355761829419237e+01 7.613008242133251713e+01 9.465888419569758128e+01 1.105749255103713580e+02 1.174061074197406924e+02 9.741596787978718908e+01 8.368998260595704153e+01 1.032709441945785898e+02 1.147592097280869581e+02 1.211008559001820544e+02 1.294819826794249025e+02 1.384890682171857748e+02 1.402566913857301643e+02 1.231862690907789215e+02 1.402566913857301643e+02 1.424239235533892725e+02 1.230496485426835704e+02
7.401290056308950227e+01 7.012579644258582334e+01 5.547454287938668216e+01 5.583793180135159417e+01 5.621081393851406460e+01 7.074067650602658830e+01 7.552457267837014854e+01 7.952734871395513494e+01 7.807596266862515222e+01 5.913955235109722963e+01 7.825776800913054387e+01 6.983722427195847615e+01 7.021242004205376475e+01 7.270320458892184945e+01 9.150120526782890806e+01 8.996245493222905054e+01 8.192327812743717175e+01 6.387036614944970125e+01 8.266637188078524900e+01 1.015250780398671537e+02 1.028917570173351095e+02 9.465888419569758128e+01 8.287286764590011501e+01 1.022651716024780768e+02 1.212465090605782621e+02 1.103082767888689233e+02 9.040369392654528724e+01 8.952169022729557923e+01 9.473677648518642513e+01 1.010468098814734077e+02 1.100061628378994527e+02 1.241452908211376780e+02 1.443962216478513767e+02 1.435557888678741847e+02 1.520335407080123673e+02 1.505847599350333610e+02 1.415459475184780160e+02
8.722110146515896645e+01 8.694744876438412007e+01 8.117709472756189371e+01 6.270954814621176610e+01 7.598712850556893272e+01 6.399311465769714857e+01 7.591080375698682303e+01 9.162931594537819535e+01 8.387445193150858813e+01 6.818509935906963904e+01 5.974831335184553893e+01 6.018662668374683022e+01 6.063036992323551289e+01 7.973085617796117219e+01 8.075941980830452849e+01 8.116859164633670787e+01 6.302605369116220402e+01 6.958598103615155139e+01 7.437335989538919989e+01 8.771040282106915242e+01 1.073531248637014528e+02 1.105749255103713580e+02 9.642858181265964390e+01 9.301215269200741886e+01 1.128907044782726672e+02 1.186616149107156701e+02 9.923019643690872726e+01 9.755283973867746283e+01 1.088721157091969047e+02 1.211008559001820544e+02 1.294819826794249025e+02 1.384890682171857748e+02 1.436146781217933324e+02 1.351027330699950255e+02 1.362328402153428044e+02 1.447459969756481541e+02 1.512578729503790669e+02
8.883548865217693447e+01 1.030163907973707040e+02 9.259599541297122016e+01 7.181829992345126357e+01 8.941376917921833467e+01 7.493221888886557736e+01 7.329057831446777982e+01 9.094482249031493382e+01 9.258385383506757194e+01 8.256890330460427663e+01 6.421582093888673626e+01 7.930384513469881824e+01 7.378914706535819334e+01 6.126680762879446007e+01 6.172002732465147545e+01 6.217550968788725640e+01 7.559714479114059316e+01 8.718504483936109750e+01 9.335352373315649288e+01 1.016537076405485180e+02 1.016988890269478389e+02 1.099337590816290913e+02 1.163559458312554682e+02 1.044155201036600289e+02 1.212465093166989476e+02 1.276481581354599655e+02 1.107721548942507468e+02 1.075477248690009162e+02 1.259593011527492195e+02 1.373752537840059915e+02 1.390314432992098546e+02 1.305403476117907928e+02 1.298008119766425352e+02 1.148439689392025969e+02 1.159523470896586730e+02 1.302164178822669953e+02 1.507577686088187079e+02
7.797757785550702181e+01 9.494226185935707463e+01 1.026288923971116418e+02 8.496523050237902908e+01 1.002886412720937983e+02 9.232220257666872953e+01 8.166879715922964067e+01 9.918886563667409462e+01 1.010085380403063624e+02 8.177653369900647817e+01 6.866190439753725627e+01 8.738620908539539300e+01 7.419166685513866355e+01 8.036831923404952249e+01 6.814708847953953352e+01 7.456820112980837223e+01 6.315561404865936623e+01 8.203472339308645189e+01 9.095771909848005521e+01 8.991690940821020206e+01 8.304996065363209823e+01 9.596500018080197947e+01 1.156152006107559629e+02 1.244680216357504179e+02 1.328581742469534674e+02 1.392908781514052521e+02 1.308797661378246175e+02 1.217028817188437984e+02 1.360289265890399975e+02 1.336787210996558599e+02 1.252676507547438263e+02 1.103150473437945749e+02 1.095789620886062181e+02 1.032536656354248095e+02 1.148439689392025969e+02 1.290904401222712465e+02 1.496176922453973646e+02
8.459431904632741350e+01 9.233550992413393033e+01 1.102417322222958802e+02 1.075253190910030128e+02 1.164214964252020508e+02 1.087709092638210393e+02 1.002288909091219153e+02 1.087709092638210393e+02 1.060328750984093205e+02 8.658357238863602845e+01 7.341915471020001860e+01 9.227995321203511025e+01 8.554710380417483861e+01 8.161067846893085687e+01 9.004683275916313789e+01 8.746525323542337560e+01 8.203314376136708574e+01 6.412588158709755248e+01 8.290252701318991058e+01 7.230710359281661681e+01 8.909276330112933806e+01 1.030977173916442382e+02 1.062827581949417350e+02 1.144310320296520160e+02 1.242678286018600176e+02 1.242678286018600176e+02 1.325937782452689930e+02 1.419254696459123863e+02 1.390909233791539918e+02 1.188461241092818312e+02 1.050792072372009045e+02 9.871289607537975996e+01 9.536063211415249441e+01 1.155018047926755855e+02 1.318690852825678519e+02 1.340343670466227479e+02 1.426829524924100951e+02
9.448527470793220573e+01 1.094925544417503147e+02 1.177742810953387078e+02 1.175612922660964017e+02 1.092478281250000123e+02 1.175625030573643670e+02 1.147037221031680616e+02 1.230662497922972562e+02 1.060329142567787954e+02 8.658357324801811217e+01 8.031282330847776052e+01 9.955828938049754129e+01 1.040946353523846568e+02 9.400977154138814740e+01 1.057485673944602098e+02 8.965250477784000793e+01 7.089666073992172812e+01 7.161052388656692358e+01 6.508959945514061474e+01 6.576191119478143321e+01 6.868087572929330520e+01 9.122970356278388238e+01 8.688768322592923710e+01 1.062827581949417350e+02 1.043991468739605040e+02 1.043991468739605040e+02 1.242678286018600176e+02 1.305001593946590788e+02 1.220381659231499043e+02 1.188506394143149834e+02 9.871288256965550545e+01 8.880901503455268653e+01 1.087880805665009518e+02 1.239325958347019281e+02 1.308633087253981557e+02 1.137308563082056452e+02 1.308633087253981557e+02
1.111520628249948288e+02 1.183578908105186116e+02 1.124283624943943494e+02 1.076472100209665115e+02 8.951897955415664399e+01 1.076472100209665115e+02 9.485693505421095040e+01 1.115498452753162866e+02 1.142468389032469958e+02 1.060329142567787954e+02 8.973693598745028055e+01 1.077859782586627944e+02 1.230189241026841245e+02 1.148131090393706586e+02 9.750285263762285126e+01 7.827583653426141552e+01 8.965250477784009320e+01 8.971166629926365488e+01 8.377286966930908818e+01 8.438862118717402439e+01 6.669534447012554779e+01 7.377805676525710510e+01 9.256836916273145732e+01 1.009443544455378827e+02 9.054501140038071583e+01 1.043991468739605040e+02 1.242678286018600176e+02 1.188548889095122831e+02 1.019751887893561246e+02 1.188508370066556949e+02 1.051987637357959926e+02 8.543999393126559028e+01 9.930316187212018519e+01 1.194320057134341369e+02 1.223121296563077323e+02 1.021521231238414344e+02 1.223121296563077323e+02
