LEM/sinusoidal_perturbations/elevation_000789.asc
nrows	100
cellsize	150.0
xllcorner	0
ncols	100
yllcorner	0
NODATA_value	-9999
[rows 0 to 16 of 100, columns 0 to 36 of 100]
8.271705653423140972e-03 4.596586383064639847e+00 9.310631590974915994e+00 2.931063159096681048e+01 4.216060098659394129e+01 4.848515630690462785e+01 5.604444576703409808e+01 6.432871691772831468e+01 7.587572223468052357e+01 7.599886883447595665e+01 7.599886883447595665e+01 8.416576907779537464e+01 8.520622829814539045e+01 7.688949822941576429e+01 7.688949822941576429e+01 7.273979557890039871e+01 8.105260087882254538e+01 9.107068918396221591e+01 1.055780137860586194e+02 9.410655919778008638e+01 8.588725886349220673e+01 8.588725886349220673e+01 9.410655919778008638e+01 9.310160346552531507e+01 1.013119606161415760e+02 1.055035120213715487e+02 9.730907859653196113e+01 9.544108893539304006e+01 9.544108893539304006e+01 1.036379966374941404e+02 1.067005399159878181e+02 9.849493468176042654e+01 1.067005399159878181e+02 1.124053033912937707e+02 1.010329854433607153e+02 9.286807136222152792e+01 9.286807136222152792e+01
7.813061968023241044e-03 2.000781306196766707e+01 2.931063159096681048e+01 1.661359902437700242e+01 2.216060098662919486e+01 2.848515630696584111e+01 3.604444576715012261e+01 4.759145115094222689e+01 6.759145115066777976e+01 5.636436147273128228e+01 5.636436147273128228e+01 7.599886883447595665e+01 7.688949822941576429e+01 5.696983781204770736e+01 5.696983781204770736e+01 5.286854695982277974e+01 6.273525648360258344e+01 8.274433467419805766e+01 9.737342258230459890e+01 7.747880343726741614e+01 6.590327178612655246e+01 6.590327178612655246e+01 7.900758928019573091e+01 7.316965745635343410e+01 9.310160346552531507e+01 9.403740863937510142e+01 7.741740939747950279e+01 7.553818442827663660e+01 7.553818442827663660e+01 9.544108893539304006e+01 9.323832820446638436e+01 7.861722091602541695e+01 9.677158726443863657e+01 1.042322335898219308e+02 8.454892722616291678e+01 7.298980625530514033e+01 7.298980625530514033e+01
2.526786264046545528e-03 1.414466240999512259e+01 3.414466240999582425e+01 3.661359902435602720e+01 4.216060098659394129e+01 4.848515630690462785e+01 5.604444576703409808e+01 6.043164736566957629e+01 5.228356751197048169e+01 4.245195949021179871e+01 6.211517553372910783e+01 6.238768188257530056e+01 7.066396621538724787e+01 6.280417126936156791e+01 4.306104776994437344e+01 6.280417126936156791e+01 8.105260087882254538e+01 9.107068918396221591e+01 9.611497864805254210e+01 8.460312173850101658e+01 7.434949854489303789e+01 5.422348800422122395e+01 5.894049844866840004e+01 7.900758928019573091e+01 9.175769749751363236e+01 8.582461802982808763e+01 6.584253744164877276e+01 6.134333109356168023e+01 8.136761019310276311e+01 8.738403228752089547e+01 7.331852253766926708e+01 6.860892233768120718e+01 8.273772293764538688e+01 1.026028290156270515e+02 9.286807136224589954e+01 7.298980625530514033e+01 6.131552741464719958e+01
4.163169627051843593e-04 2.000041631696235100e+01 3.132638857664254672e+01 3.799305524330967643e+01 4.627732649077187688e+01 5.627732649077205451e+01 5.237812600604460300e+01 4.422060801081940440e+01 3.253343091744611115e+01 5.228356751197048169e+01 5.329604921609028167e+01 4.257175747095676144e+01 5.919537002011947635e+01 5.801576047126088298e+01 3.827017887956924369e+01 5.801576047126088298e+01 6.886671565380362381e+01 7.778282825518712684e+01 8.789642688879210652e+01 6.791680322771851763e+01 5.625098955008613189e+01 4.806079429854356277e+01 6.717056211620892725e+01 6.349399840760858638e+01 8.352939462631485412e+01 8.722573536892556945e+01 7.428795842327404841e+01 5.416162426169903199e+01 6.717243011196934788e+01 7.157369057431552051e+01 5.910020183828998341e+01 7.915289853755592731e+01 9.677158726436205427e+01 1.027675900569370668e+02 1.010329854709889901e+02 8.507117431017712761e+01 6.505869556241873397e+01
5.883922493566802643e-03 5.552885884745881739e+00 1.132638857664218968e+01 1.799305524330897299e+01 2.799305524330915063e+01 4.799305524330985406e+01 4.422060801081940440e+01 2.436406813843306907e+01 3.732466075298065533e+01 3.654012116568569013e+01 3.344038014091292155e+01 3.110680548102985199e+01 4.518170554261669025e+01 4.840345389670158482e+01 3.381126526093384399e+01 4.083040034014234720e+01 4.962286399122261571e+01 6.359684201445735141e+01 8.364015507037002806e+01 7.785139110517376082e+01 5.775681621823125766e+01 4.336094657090421123e+01 4.693842125787050179e+01 5.812247365828980605e+01 7.823149535954831890e+01 7.898934040912595833e+01 5.890261187187038416e+01 6.258769908491384371e+01 4.693087723228148178e+01 5.140477702386183267e+01 6.311583074672457627e+01 8.312734438419809635e+01 9.702179935097258578e+01 8.315441610184124954e+01 9.702179935097258578e+01 9.325520693940711681e+01 8.174402937270677683e+01
1.256007409845548732e-03 2.000125600740949139e+01 3.132638857664254672e+01 3.799305524330967643e+01 4.627732649077187688e+01 5.627732649077205451e+01 5.050490214953555324e+01 3.135835123127981205e+01 1.724394529661795161e+01 1.654480193595249204e+01 1.929893308972866350e+01 2.214682448285864425e+01 2.528416144650784148e+01 2.854369334534080593e+01 4.003795655778041862e+01 5.983093577525292517e+01 6.886671565380362381e+01 7.778282825518712684e+01 8.897533267921717481e+01 7.868895098317109671e+01 7.080689548198873240e+01 5.812247363737454009e+01 3.780144748211789363e+01 5.812247365828980605e+01 6.486533550327220610e+01 6.739281053660241128e+01 6.258861638249828729e+01 4.228461265957317750e+01 6.258861651478551380e+01 7.157041831015985167e+01 7.981773568115764306e+01 9.135238813341443631e+01 8.889898175270903380e+01 6.911667393133680548e+01 8.889898175270903380e+01 8.089318807006873158e+01 8.905836140119743050e+01
9.594114293757748102e-03 1.415172974345574097e+01 3.415173704362622686e+01 5.012456866278085954e+01 5.867306413589150793e+01 4.931109216941826645e+01 3.757114169841622697e+01 2.929499623786097828e+01 1.270018347516319857e+01 3.276143775491872390e+01 3.925597096803634400e+01 3.369104384654582418e+01 4.518170554261669025e+01 4.003795655778041862e+01 5.664436902096021242e+01 6.810109860394669568e+01 7.703612439131238432e+01 8.544401731004988676e+01 8.082782764652884566e+01 6.081341980979322415e+01 5.066667014720681550e+01 5.478171753434696711e+01 3.447277622358468108e+01 5.018264796851882892e+01 4.463124794047593014e+01 4.717301036507741685e+01 5.571918931865391755e+01 3.927047087188766739e+01 4.949453903786265130e+01 6.122237647062329557e+01 8.127020358244080001e+01 9.413582737795356081e+01 7.438297855891221388e+01 6.151269165213423662e+01 7.758303999681794494e+01 6.094967934656165909e+01 7.758304000520010391e+01
7.711341127313004785e-03 1.414984712191995442e+01 3.414990796410748430e+01 2.790345566729325810e+01 3.876826484800341177e+01 4.109320294643585214e+01 2.115403079955147092e+01 9.473908680428056783e+00 2.958138310663088788e+01 3.276143775476688091e+01 5.266304775862002430e+01 5.352573107830003352e+01 6.178042980165731990e+01 5.983093577827384735e+01 6.810109978839211919e+01 6.288785852134432020e+01 5.702745491394320965e+01 7.703612439131238432e+01 8.903327086792623390e+01 7.900187446506494382e+01 6.073764585254902926e+01 4.047495150741735870e+01 5.018245540518113756e+01 2.992527192816929116e+01 3.029518467322572306e+01 3.279463079228169420e+01 3.539426379989571103e+01 5.571488385890717154e+01 5.369344515026219256e+01 7.384537043189862970e+01 8.950309143998291006e+01 8.838823965055351550e+01 6.858180947085230628e+01 5.433681207078907960e+01 6.680623980670492301e+01 4.921907067412926295e+01 5.776613627505104631e+01
2.297228869525369630e-04 2.000019706104450989e+01 2.889468035066187568e+01 1.365772647199623968e+01 1.654454676056801432e+01 2.877944856505000359e+01 2.460451170789911401e+01 7.298800243342231653e+00 2.742561539551926941e+01 4.127218717837946116e+01 4.828177808950307792e+01 5.649693417561947228e+01 6.792586327762364817e+01 7.301907053894599642e+01 6.288780066033145033e+01 4.343707370637225296e+01 5.992808410343559444e+01 6.823449183329395851e+01 7.973510014548675429e+01 8.043126186206210093e+01 6.067748315190677033e+01 5.247136595735817366e+01 3.219765779469275202e+01 2.686035605994813835e+01 4.705686348861567581e+01 5.309525271710300132e+01 5.571918931865391755e+01 6.403128823971685790e+01 7.384464722223324884e+01 8.210525590214876956e+01 8.364959220514185745e+01 7.541183823323505919e+01 8.255105357879916994e+01 6.680623980670492301e+01 4.659472429944311500e+01 4.186549281821669410e+01 3.739338825326102267e+01
9.647730019007896146e-03 8.989224035015098480e+00 1.180734655095672814e+01 1.011057922223879357e+00 1.306456618999878971e+00 1.949797611749329462e+01 4.476487204862112712e+00 2.422469959657868088e+01 1.526108019934560112e+01 2.135737088256222904e+01 2.845566102668516706e+01 3.993081825363086779e+01 5.968940137614050911e+01 6.468754402770902345e+01 4.526871013077663974e+01 3.657460792198727972e+01 4.070933224635298586e+01 5.156447804900351173e+01 7.135298244103520915e+01 7.026086206944627577e+01 5.852087094736370432e+01 4.969645156531028363e+01 4.272116081305937030e+01 2.509012134108963110e+01 4.525051067935771698e+01 5.355096050141305852e+01 5.966319177212891844e+01 6.681234930211537915e+01 7.508721893966442451e+01 8.665173811362130607e+01 7.208379443608818349e+01 5.531928920275532846e+01 7.208379443608818349e+01 7.501048038349249225e+01 6.680623980670331719e+01 6.215400545105378427e+01 5.235691778650124917e+01
3.582433992925927561e-03 2.985625516079233321e-01 5.935747646538966915e-01 6.851779733944786344e+00 9.021567663884692223e+00 1.724489715849335303e+00 1.882112960144023006e+01 2.994311103992669842e+01 3.523262556353140695e+01 4.127218717831260619e+01 4.828177808935969750e+01 5.649693105207804678e+01 5.992914873609105086e+01 5.892215380278035042e+01 4.883213254526032188e+01 3.034925621692856268e+01 4.883213254526032188e+01 5.953497273253425703e+01 6.944071620252418597e+01 6.094413619147599093e+01 3.950731915770706593e+01 2.926420003237210565e+01 2.260272606049117528e+01 4.029667427700193372e+01 2.773770496762823257e+01 3.329377651114824488e+01 3.939123407071716088e+01 4.659147822521795490e+01 5.832456701679447519e+01 7.840687552565546525e+01 6.381139964178180435e+01 4.356260165725132794e+01 6.381139964178180435e+01 5.953486209764120929e+01 6.390823975788925537e+01 5.764063409008283401e+01 4.932628913402741944e+01
1.813270376062421294e-03 1.993977971998568677e+01 1.820897986952967074e+01 1.459813534277570746e+01 1.987686118368303667e+01 2.023635663176044375e+00 7.440905127578367306e+00 2.558541000760139283e+01 3.976359044136469834e+01 5.197963527020371544e+01 5.901831683365351466e+01 5.460883648946233393e+01 4.096525258603194430e+01 3.991580396603296066e+01 3.991580396603431069e+01 2.648989650083417047e+01 3.263735301270474309e+01 4.164931744804351865e+01 6.101280934118001653e+01 6.889339485063287327e+01 5.575748406859323580e+01 4.889432037671074482e+01 3.600311307150283824e+01 2.020589175935698378e+01 3.801949417196483694e+01 4.636341968087408105e+01 5.966308581358432406e+01 6.681234930211537915e+01 7.508721893966442451e+01 7.019946859816165841e+01 5.665236845891283224e+01 3.637145389910431703e+01 5.271536968896775477e+01 3.839660671941730641e+01 4.412022989378367299e+01 4.760686499810054784e+01 2.908321633326994515e+01
2.372884694381488524e-03 2.000236525725801684e+01 3.611473426224098660e+01 2.911568140708707375e+01 8.997175399298578569e+00 2.323288224035559235e+00 2.011275368567160982e+01 1.542184360527897091e+01 3.336029166681974800e+01 3.603877728923104229e+01 5.198271462923454322e+01 4.651964916963751051e+01 2.858232134063076302e+01 3.562295587880092995e+01 2.196176027365460826e+01 3.991285803143055233e+01 5.130774446233994723e+01 5.953497273253425703e+01 6.920772588899642130e+01 7.069413583405724921e+01 4.950340403560893776e+01 4.621266305920955375e+01 4.350620700850839739e+01 3.579586677187025856e+01 1.793522477364420808e+01 3.210600922493024001e+01 5.229691509436590735e+01 6.764506487097793297e+01 5.918254433588359831e+01 6.191375448943888671e+01 4.168407942868451244e+01 3.001374998109965375e+01 4.259842027561941791e+01 2.411460100235899517e+01 4.407949395745359311e+01 2.740270101419707771e+01 4.760686499810046257e+01
8.175220331382775790e-03 2.000817521883006478e+01 3.773220686022593640e+01 3.956283223185321418e+01 1.944137027894621639e+01 2.623079799130759504e+00 2.142006432148416906e+01 3.044153632842974844e+01 2.465775597984638878e+01 3.734631470294188915e+01 5.169027760966864804e+01 5.037268811727185636e+01 3.562295587877471092e+01 1.774114655566884480e+01 3.562295587880092995e+01 4.789638131732819204e+01 6.327504541868407273e+01 6.393049123646640197e+01 5.587840287640502623e+01 6.431712066226810975e+01 4.964882592532133998e+01 2.699054306055460728e+01 3.181356791862810951e+01 1.573425341933105948e+01 3.057185944661391375e+01 3.438834513055534359e+01 5.632045037503498008e+01 5.918254433588359831e+01 3.831431987675918549e+01 4.442648130951374696e+01 3.991149631743228809e+01 4.046082921523531439e+01 2.251171893414374736e+01 4.241984480648740430e+01 2.573555145474818673e+01 3.238643618849555850e+01 5.274372426027819927e+01
9.124702163186202558e-03 9.994543579793576882e+00 2.900426391565199324e+01 3.098704113440469854e+01 8.845167268222951407e+00 2.922977312722210730e+00 1.787365007818767637e+01 3.696288819898740741e+01 4.037237667283648790e+01 3.978419527069653583e+01 3.418867170289894375e+01 2.444238188055921057e+01 2.936251053194949279e+01 1.495393043723472104e+01 2.779198436443967779e+01 4.693625834432707933e+01 4.227922505267073916e+01 4.289328030359606458e+01 3.396538228679843741e+01 4.962518872919815749e+01 3.978870679307669178e+01 2.209470907283797914e+01 1.359739753176798160e+01 3.361438577901289904e+01 4.292896373983522551e+01 5.176013481955121875e+01 6.450037968752582174e+01 5.809301716185036923e+01 4.441196365609511076e+01 2.504091156500310689e+01 1.985560547529859221e+01 2.094960512092520233e+01 4.101280826207532471e+01 3.628193245399940281e+01 3.834985684451488197e+01 5.274306624122115750e+01 4.417061312961047292e+01
2.239863785106879172e-03 2.000223986373873686e+01 3.679225926874039487e+01 2.510783117239004980e+01 3.956581265863856611e+00 3.223214729300983183e+00 2.280680639368734930e+01 2.644963111487171759e+01 2.466485577558301046e+01 2.141891300075479876e+01 7.073450741287492072e+00 8.874035953004828059e+00 1.117619735985349294e+01 2.875626056967911381e+01 3.696143644455080590e+01 4.155318523168687506e+01 3.976757342828807396e+01 9.211836592043360028e+00 2.650400079931201702e+01 3.523546550965387070e+01 2.238436529518828877e+01 3.004033447594101247e+01 1.216183373541278456e+01 2.099545071229505311e+01 3.257080762261973206e+01 5.276270167183103865e+01 6.034297456630815759e+01 4.983905078776057707e+01 2.982850410667002095e+01 1.830645492537366437e+01 3.836363631834719001e+01 2.795307473131682130e+01 4.783514623570840740e+01 5.541915283993036212e+01 5.144129626696348367e+01 6.835201563791855506e+01 5.617743612722667734e+01
1.766589122093755728e-03 1.414390221285316862e+01 3.414390221295540329e+01 3.434086190624165624e+01 2.481131967583509024e+01 5.584570271012413656e+00 3.648134290571728222e+00 3.948755299039656830e+00 4.249502635905741066e+00 4.550379366323737074e+00 7.849511278654242474e+00 1.717778903178978211e+01 2.179580738839806742e+01 2.633451653585466090e+01 2.736729598761658622e+01 2.213158143537300404e+01 6.928364912126156128e+00 7.229993664933331843e+00 2.548361316258247911e+01 1.734288649220467704e+01 9.673877037134223755e+00 1.019825338613748222e+01 3.003747679609973531e+01 4.043879896777062299e+01 4.943767327897760566e+01 6.107408939823314853e+01 5.214714134425569370e+01 3.206079765568881612e+01 3.576472063342411900e+01 1.722697905844340127e+01 3.728734723579840704e+01 4.204178897857990194e+01 4.204178897857990194e+01 6.182154789754066826e+01 7.163529184806051830e+01 7.974013814045599702e+01 7.761497120737884359e+01
