LEM/sinusoidal_perturbations/elevation_000208.asc
nrows	100
cellsize	150.0
xllcorner	0
ncols	100
yllcorner	0
NODATA_value	-9999
[rows 17 to 33 of 100, columns 0 to 36 of 100]
5.222468517465790779e-03 1.000522246851755348e+01 2.155222785231027416e+01 4.155222785231097760e+01 4.585960832743723614e+01 4.585960832743723614e+01 5.674054771971960776e+01 6.502481896718281007e+01 6.354654771298482530e+01 6.143957847174264941e+01 6.595938664561560927e+01 4.997756363435166094e+01 3.168992156554314477e+01 2.833532996141144977e+01 4.653296599413478418e+01 5.984010310181952974e+01 5.771199448303421775e+01 4.948538215310861688e+01 3.702611378576083467e+01 5.749290322875772574e+01 7.168314657888714692e+01 6.285805725142856204e+01 5.460013015179325180e+01 6.217240793510799790e+01 5.930131355407110760e+01 5.258903606784859619e+01 3.274818322542775917e+01 1.724101498464928639e+01 2.516188449627828660e+01 4.463404948665346694e+01 5.943240715450075839e+01 6.748387071689428751e+01 5.338634377494359029e+01 3.133363381014954285e+01 5.338137152264538798e+01 5.637711008100522037e+01 3.623165973271991191e+01
7.333276091007126865e-03 2.000733327609065171e+01 2.763498979906702147e+01 3.171747270370568472e+01 2.585960832743652915e+01 4.259841209598673828e+01 3.674054771971890432e+01 5.674054771971960776e+01 7.137396063723845430e+01 6.897149763692594604e+01 5.041279918095312951e+01 3.974407718008303902e+01 4.997756363435166094e+01 4.653296614606597359e+01 3.382756104529661911e+01 5.222254881366927748e+01 6.709850287610807129e+01 6.413163107355575221e+01 4.412763124718476604e+01 5.749472714481567692e+01 7.728953985987573105e+01 6.954306431764644003e+01 5.583126678304633828e+01 4.775637992159857959e+01 3.941375270146533438e+01 4.181381521987284344e+01 3.806157289205462035e+01 1.759980177805315549e+01 3.637758833282968851e+01 4.736554445301798921e+01 5.643649758323113730e+01 5.502171704233492733e+01 4.639159365698288440e+01 2.699768781771364345e+01 4.620164141644725220e+01 4.223016108212264896e+01 3.091565425896870423e+01
6.343274376862209282e-03 3.785988004469142965e+00 7.634989799066664418e+00 1.171747270370532945e+01 1.656818520443207277e+01 2.259841209598745237e+01 3.154268400598645172e+01 4.308968938977855601e+01 6.308968938977784546e+01 7.668494544454249251e+01 6.595938664561560927e+01 5.282644351981500819e+01 5.825662808756090527e+01 5.997511129370602845e+01 4.432945713516947706e+01 4.061287944242132397e+01 5.931054823326690695e+01 7.190641181410184402e+01 5.313907185773842912e+01 7.190641181410184402e+01 7.147739163571749543e+01 6.031006291397324048e+01 4.211947268411176282e+01 2.820588747388099904e+01 2.504460281150388212e+01 2.185280694678128555e+01 1.796798050028741400e+01 1.796524593810486792e+01 3.845134149590145256e+01 3.280851549727463379e+01 4.749834911157154949e+01 4.672188028081301070e+01 3.193258708927695366e+01 4.161267743112564688e+01 2.127661554665233723e+01 2.168005693100116460e+01 2.208099569537303353e+01
3.497053469895897767e-03 2.000349705346954110e+01 2.763498979906702147e+01 3.171747270370568472e+01 3.656818520443277976e+01 3.071032082816327247e+01 5.071032082816397946e+01 5.982695525344734477e+01 6.286658199500138267e+01 7.115195022564464011e+01 7.005320262526565500e+01 7.136625331720222221e+01 7.679307187378019250e+01 7.076901600153965433e+01 6.300471256089949890e+01 4.617801984146556293e+01 6.501124094160890365e+01 8.037845937881672853e+01 6.704551201706452446e+01 8.037845937881672853e+01 6.338543340963124706e+01 4.412313447751708395e+01 3.292269557576772598e+01 4.778345051418694567e+01 4.283497398929981870e+01 2.261018551112732311e+01 3.696629334184272153e+01 3.491592390629123344e+01 1.848723080664646901e+01 3.398305067352983144e+01 3.739193665070424544e+01 3.785895187864463907e+01 3.207773339965338266e+01 2.070794330625870217e+01 3.072870722537589927e+01 3.850150989885371899e+01 4.192120216795755994e+01
9.635555453094322986e-03 2.000963555545273920e+01 3.984012167882383437e+01 4.390981158687103658e+01 5.219408283433322993e+01 5.071032082816397946e+01 5.899459207562617280e+01 5.960462631494246466e+01 4.286689874698971181e+01 5.960462624901369821e+01 5.005826126967721024e+01 6.407663943871524737e+01 7.234559800529525830e+01 8.387895950562700875e+01 7.188882112180921524e+01 5.330495578487603581e+01 6.547205880698913916e+01 8.537194551580789437e+01 8.565859738764349629e+01 7.069394066008459276e+01 5.719121219137911538e+01 3.802433279457356718e+01 5.226433993596408101e+01 6.031006291397324048e+01 4.514921260886399779e+01 2.539415550759840556e+01 4.467290375723697338e+01 4.295234376373427665e+01 2.308181001580518554e+01 1.901673334068658860e+01 1.939421542424164713e+01 1.977454801401659168e+01 2.015869871967253601e+01 3.786754528288809496e+01 2.289056307910972166e+01 3.461179441488090447e+01 4.742313270594467411e+01
8.845047570523793118e-03 1.155585043136293955e+01 3.155585043136258250e+01 2.390981158687032959e+01 3.805194721060178153e+01 5.805194721060248497e+01 5.855157130136412036e+01 5.034781729799913563e+01 3.131990687991084243e+01 4.648820849193049298e+01 3.591636354586606927e+01 4.408132183308973850e+01 5.562810881075389347e+01 7.561754690116121935e+01 7.965195875014775595e+01 6.409186950077688039e+01 7.965195875014775595e+01 8.828570354333039916e+01 7.698065265996068263e+01 6.260575961416449786e+01 4.341645362770688621e+01 5.179544380448930951e+01 6.524787446276175729e+01 6.157060257018496685e+01 4.207796041604745341e+01 2.814120378943002265e+01 4.775427928678613654e+01 5.386914322422736490e+01 3.763916668619274475e+01 4.114447138909658008e+01 3.934674984492817629e+01 2.508856611343867726e+01 2.511748666561627275e+01 4.285206017725362670e+01 4.079737472111816743e+01 2.491695151200847747e+01 4.343155084575112568e+01
8.023991185656003874e-03 6.038250882740903158e+00 1.236280620307760714e+01 3.236280620307831413e+01 5.219408283433322993e+01 5.480156873760333269e+01 4.708859895822999420e+01 3.038827113865673724e+01 2.315494116513895761e+01 2.648827449847192739e+01 4.648820849198848038e+01 6.067276088377664678e+01 6.777687275663069499e+01 7.443575006562598162e+01 8.271097105397876703e+01 8.253965511159599089e+01 9.038683328265193495e+01 8.015831125844879068e+01 6.059409736287427961e+01 4.957707258257742211e+01 5.440306390658668079e+01 6.947382647173330383e+01 7.365792251889796205e+01 6.332230100273632445e+01 4.886196883522823953e+01 3.095243602031690244e+01 5.044111847156176509e+01 6.355096299654036329e+01 5.868871124928802629e+01 5.131204963435700250e+01 3.230697372554862312e+01 4.442627657189752455e+01 4.006070274024678923e+01 5.097642194434936869e+01 3.665730623287592493e+01 4.405254129903762816e+01 2.687647433048867640e+01
4.598823041778624977e-03 2.000459882304142312e+01 3.236280620307831413e+01 4.064707745054050747e+01 5.348235453879126311e+01 3.480107505917260369e+01 3.480107505917260369e+01 1.884163023700152806e+01 3.884169916241857834e+01 4.648820849198848038e+01 3.238595274327713014e+01 5.238618694945849796e+01 4.777392126947573558e+01 5.444057795366870778e+01 6.858170392016847927e+01 8.856886325286329509e+01 8.792262213265273374e+01 6.821867041567909951e+01 5.853808184330102904e+01 5.807058362190164758e+01 7.381085033022952757e+01 8.193298311251194832e+01 6.591006692523036747e+01 4.717201971390376514e+01 3.749376643162686662e+01 5.044111847156176509e+01 3.606940813805724133e+01 4.972066744377309533e+01 6.920143835857915349e+01 5.681171635185093294e+01 3.776197431719862152e+01 5.681171635185093294e+01 6.315287649847959983e+01 5.033107313997039967e+01 5.422038978362961359e+01 4.721274449613452617e+01 2.824802136612609260e+01
7.340434288523949372e-03 1.414947614146221078e+01 3.414952599705421221e+01 3.912406047783539265e+01 3.933947070472217433e+01 2.519681337840067670e+01 1.480102005879261284e+01 2.634802551211952704e+01 4.634815547989559548e+01 6.067276088377641940e+01 4.652808125424714802e+01 3.924589606769423966e+01 5.079278379779926667e+01 7.076805633234593529e+01 6.858170392016847927e+01 8.856886325286329509e+01 8.792262213265274795e+01 8.620193786940230041e+01 6.974231732821849050e+01 7.182442631830134872e+01 7.759398963705940844e+01 7.841296330635111644e+01 5.864122737906340888e+01 4.513014540755318649e+01 5.685114929139324147e+01 5.920092742637157102e+01 3.988403261427473723e+01 5.920092742637157102e+01 7.479094381130624924e+01 6.312219586942105565e+01 4.419085712020817169e+01 6.312219586942113381e+01 7.469248171687912929e+01 6.709934767437755454e+01 5.839938418857987301e+01 4.118660627841050115e+01 2.962218612177848698e+01
3.515918393995972821e-03 2.000351591839364218e+01 2.330938367422407254e+01 1.912401219243188422e+01 2.746260665175376658e+01 1.105467681246586942e+01 3.105472151033073303e+01 4.308602429114288412e+01 5.463353531173351740e+01 5.924314375911423980e+01 6.652890516865305415e+01 5.924681403600778395e+01 6.750025582261721979e+01 7.896530173366060978e+01 8.856886325286329509e+01 9.684023818778916848e+01 1.075566641009259854e+02 9.755739631478567730e+01 8.944735518670177044e+01 9.152316302036341256e+01 9.726333410682373426e+01 7.843466307829419293e+01 5.865336978318909900e+01 5.357753653661034576e+01 7.142935169000193696e+01 4.744070834414986848e+01 4.823254269993871901e+01 4.713752829275740908e+01 6.653466074325500301e+01 7.102561744904686236e+01 5.377062435100960869e+01 7.102604077138116168e+01 7.903164357610837953e+01 7.092758553304041413e+01 6.172624845736761756e+01 5.080646654064563705e+01 3.187261623255471221e+01
4.608085242692564441e-03 1.654180282927335766e+00 3.309392060132068547e+00 4.981876080146243169e+00 7.462570771930401747e+00 2.746260741104175551e+01 3.888954393219312067e+01 5.299168939643541876e+01 5.342884737795346695e+01 3.932878774232936792e+01 4.899285415813520927e+01 5.305330403949808726e+01 6.132915069010845599e+01 7.284451276537502906e+01 7.561169329821510132e+01 8.392328050058729616e+01 9.395386767850824583e+01 1.092502346703973330e+02 1.009918974923324271e+02 1.009918974923324271e+02 1.031758131948392361e+02 8.674666532602969937e+01 7.843449519749702858e+01 6.326916793691544427e+01 7.669917555650779661e+01 5.660093761250693944e+01 6.586560997606008527e+01 5.286450620706256132e+01 7.243912931062902771e+01 8.046500824609321967e+01 7.247402410928810923e+01 8.046150251482131921e+01 7.092722092491391095e+01 5.191658231633817167e+01 5.413144877582524828e+01 3.511846464943123891e+01 5.089133972401172912e+01
1.610643649003322799e-03 2.000161064364864671e+01 2.330939117003961769e+01 2.498073273631999669e+01 8.269855803966013497e+00 1.066031296333476597e+01 2.478653231893800424e+01 3.668101870246985641e+01 4.010101827507256189e+01 2.523816505283157952e+01 2.908490510583651911e+01 3.316124336853091137e+01 4.463775147757507256e+01 6.454916262596810839e+01 5.562793074649041358e+01 6.558308282734536476e+01 8.564030376908482367e+01 1.009918974923324271e+02 8.102224035831858373e+01 8.102224035831858373e+01 8.320681989647559362e+01 1.031758131948392361e+02 9.155034067729833680e+01 7.733112906198932990e+01 8.526496829582336545e+01 6.844157021049906575e+01 7.904465904893631034e+01 5.923670271553087474e+01 7.904601506986954007e+01 9.298305958520255388e+01 8.170259288623994109e+01 7.312486664547219561e+01 6.507211850327756508e+01 5.748423559778832725e+01 3.851649229471303215e+01 5.413144877582524828e+01 6.210168711745247805e+01
2.022278438842990342e-03 1.414416867786296450e+01 3.414562586111418341e+01 3.649387114712195768e+01 2.239876550090169971e+01 3.062560479904894351e+01 1.416854288031798070e+01 1.672927540243882305e+01 2.015920157877172869e+01 4.010101827507256189e+01 4.899285415813520927e+01 5.305330403949808726e+01 3.998836255999378153e+01 4.571584820530402027e+01 6.561981202235276101e+01 8.392328050058729616e+01 9.395386767850824583e+01 1.009918974923324271e+02 8.102224035831858373e+01 6.690899596665531135e+01 8.687121751490094823e+01 8.954930422768617859e+01 9.775494294478774293e+01 9.743460069923503397e+01 9.687639037692241573e+01 8.854624459216779542e+01 7.536451150460372617e+01 7.315817135219971590e+01 8.740365299325385706e+01 8.477868407612253066e+01 6.535167211228616679e+01 5.457744082002029273e+01 4.627166565877733717e+01 4.227322704218509131e+01 5.748457538193677863e+01 5.191657946280375313e+01 7.092690664514610432e+01
6.642187732006160465e-03 2.000655900871409543e+01 3.287189906607505918e+01 4.442006973838264372e+01 4.233960987592979563e+01 4.239074929787050650e+01 2.828951446417406146e+01 3.668100550099141088e+01 2.250198459801222839e+01 4.243500786487842191e+01 5.716374484022602331e+01 6.712902662749959859e+01 5.987403258849590060e+01 5.620823955209515788e+01 6.561981202235276101e+01 8.564614795050893292e+01 9.938698607293302700e+01 9.545331709840002077e+01 7.548657048357198107e+01 6.137135572482493018e+01 7.692461196932735845e+01 6.958683540298791570e+01 8.370301649545453415e+01 1.036634913603754455e+02 1.043687754512845345e+02 1.041100240863630972e+02 9.559321937113928414e+01 9.326106122622060468e+01 9.720481026262109481e+01 8.572509245022284574e+01 6.628648568216095782e+01 5.306244450635099952e+01 6.464323317247554712e+01 4.584189077786834332e+01 6.464323317247554712e+01 7.092690664514610432e+01 7.902564104162051706e+01
1.591255364720534126e-03 4.589905932775976360e+00 1.613691130735687551e+01 3.613685762050220518e+01 4.424725179431421651e+01 5.253146118955598354e+01 4.821823252460917075e+01 4.243500786487842191e+01 4.243500786487842191e+01 2.898457949128223632e+01 3.894295156966287408e+01 5.299964840416622280e+01 7.296193838025274658e+01 7.618494110312718703e+01 8.449195713041808631e+01 9.158345372037388188e+01 7.940873650506155457e+01 9.353318377455184418e+01 7.634386160953930300e+01 5.637726087467855507e+01 5.695867869753340784e+01 7.692461196932735845e+01 8.607370723412233815e+01 9.432564396127814632e+01 8.452111956274025317e+01 9.856867125136358254e+01 1.100435451154242799e+02 1.004192494243372664e+02 8.059245401229300398e+01 6.935354597807439347e+01 6.092621528457544144e+01 7.197992178770765292e+01 6.832770020322844573e+01 4.954052940249017922e+01 6.267700555129482609e+01 8.196968386875582269e+01 7.713808802733943537e+01
6.189296070378335485e-03 2.000618929607002272e+01 1.214919539296058737e+01 1.792269808485694682e+01 2.424725340519397321e+01 3.838938904072454505e+01 5.838938350055054372e+01 6.236734323568596494e+01 4.889319909959158394e+01 4.047990056138713300e+01 3.894295150878426881e+01 4.782733206719516517e+01 5.930733108766182227e+01 7.930862996302812462e+01 9.158345372037388188e+01 7.160992115601051466e+01 6.529003501779114060e+01 8.354772277056888186e+01 8.461026280606053263e+01 6.986584234976076857e+01 4.989399144032315547e+01 6.986584234953208750e+01 6.611527936636149150e+01 7.970211301809607107e+01 7.041474012578788688e+01 8.193595928567674491e+01 1.018560825808607149e+02 1.086789508200248662e+02 9.412351239102061129e+01 7.442894680632630866e+01 8.019735216190409233e+01 8.050150469206316473e+01 6.125302961717164862e+01 5.400203333165641340e+01 6.720589155676111659e+01 8.669696066833292036e+01 7.583724478718411888e+01
2.247884206357958405e-03 2.000224788420600319e+01 3.214919655651063124e+01 3.792269698338234463e+01 4.424725179431421651e+01 3.838938904072454505e+01 5.838938350055054372e+01 7.707947162896940085e+01 6.863543054326463277e+01 6.038535618256671000e+01 5.884628217607220080e+01 6.712826762183000540e+01 7.605506137948295020e+01 8.761086535330265690e+01 8.928225835624067486e+01 7.527513267252254536e+01 5.530437379894000571e+01 6.634393779180504680e+01 7.068166009890306611e+01 6.241090961502318635e+01 4.624488235002169745e+01 5.032467978926263186e+01 5.458550797181187164e+01 5.974416293534059008e+01 6.972586375291807315e+01 8.124786185020811047e+01 9.535691319440324776e+01 1.152129504674564657e+02 1.023565568543270814e+02 9.412351002182585091e+01 9.657724702936398842e+01 7.688856395352080142e+01 7.803930441031718601e+01 5.886476354835246383e+01 7.803930443016463414e+01 8.815405035491687613e+01 6.776796874506170809e+01
