LEM/sinusoidal_perturbations/elevation_000596.asc
nrows	100
cellsize	150.0
xllcorner	0
ncols	100
yllcorner	0
NODATA_value	-9999
[rows 17 to 33 of 100, columns 0 to 36 of 100]
5.222468517465790779e-03 5.350447306765976130e+00 1.089744926901831512e+01 1.722200458935518697e+01 2.616627649935450250e+01 3.771328188346639365e+01 5.771329104957715117e+01 7.381860557233162012e+01 4.923347146317457401e+01 2.917202951760616614e+01 2.428370587758996280e+01 4.157696253721197621e+01 3.940349899321883242e+01 2.167353306571661875e+01 3.810820112501401979e+01 3.548556140504938128e+01 1.976861562522458016e+01 3.284101012578014434e+01 5.341449978266887655e+01 4.691658613089703067e+01 2.443766456771130180e+01 4.691636224967426472e+01 6.370476634604533217e+01 6.232039681106724061e+01 4.753692795043324537e+01 2.729825100083040468e+01 4.753692795125726889e+01 6.562335259779960950e+01 5.234542943760027356e+01 5.511400769663386257e+01 3.474692543488044549e+01 4.068052388850821188e+01 4.190501545938560923e+01 2.225973487597229550e+01 4.370615914678778324e+01 5.619555006777599715e+01 7.542560561956230458e+01
7.333276091007126865e-03 2.000733327609065171e+01 3.089744966377839219e+01 3.722200545109364356e+01 4.550632253144500083e+01 5.445067613124993500e+01 6.599794137300959562e+01 6.073856837014681531e+01 4.951796594426487985e+01 3.711675131891594503e+01 1.354635499444833080e+01 2.508985103921573057e+01 3.101056944447994823e+01 1.753856463020932921e+01 2.953684886633436690e+01 1.347119138170945973e+01 3.548472199418054629e+01 4.981342802487375110e+01 6.151287838583590428e+01 4.300343200596189064e+01 1.942017553415146125e+01 3.391266671583453984e+01 5.541816486053870250e+01 4.802963474243133390e+01 3.965733739831801330e+01 2.388079844081996583e+01 4.420970237051867713e+01 5.597713688890955552e+01 3.833973443545419713e+01 4.708954356327489421e+01 3.814334468440716819e+01 1.902760871050624303e+01 2.025665466338108089e+01 2.480151757131887535e+01 4.551147565913057491e+01 5.562157180045952742e+01 6.236215298693539211e+01
6.343274376862209282e-03 2.000634327437650839e+01 3.176208877665484209e+01 3.877503493651099120e+01 4.697579945847625993e+01 5.808431701502557587e+01 6.036132176770238544e+01 4.866020925810568798e+01 3.285174440079227764e+01 1.825943361930161046e+01 7.537354468477279745e+00 7.793593405044644484e+00 1.164058347598523468e+01 2.371411400723223650e+01 2.724940833249574013e+01 9.750234465372859205e+00 3.292827450530946720e+01 4.440471188046003448e+01 5.103166247219879637e+01 3.917310169434625777e+01 1.481843299635139566e+01 3.917684089463332242e+01 4.374194284033163882e+01 3.913873145231774231e+01 1.864898065623825119e+01 3.962776443864392917e+01 5.155735571398885497e+01 4.771045552873584938e+01 2.759919910578580726e+01 3.728058796556720011e+01 1.739035142155004365e+01 3.896463090320013123e+01 4.190312973775562000e+01 4.551141580647373530e+01 3.109010616987152531e+01 3.545898917912813175e+01 4.214040942759456954e+01
3.497053469895897767e-03 5.776990592535418578e+00 1.180708453466860064e+01 1.887663336366937372e+01 3.038663458608544232e+01 5.003285894141806978e+01 5.191846953062188419e+01 3.169767263424574111e+01 1.984923014434178512e+01 2.654362554625586412e+01 7.179568771232510471e+00 7.352298230144302948e+00 7.789239660670419951e+00 8.322636286537944628e+00 8.697453678897986151e+00 9.011131666636153170e+00 3.005244727837461483e+01 2.567217275351255878e+01 3.907767065067995560e+01 3.354562292614880903e+01 1.107526276514751018e+01 3.309974802107092273e+01 2.292789043664369686e+01 1.316940713476777169e+01 1.749150434657207853e+01 3.586885505843901711e+01 4.325429390806379359e+01 4.616093451205063758e+01 3.603255515998274916e+01 1.574369461852318253e+01 3.728058796556492638e+01 3.318999992327977111e+01 5.036396908996522370e+01 5.950476122905498499e+01 5.127585027782321703e+01 5.479869199039017502e+01 4.437874285687955478e+01
9.635555453094322986e-03 2.000963555545273920e+01 3.176208877665480301e+01 3.877503493651099120e+01 4.697579945847586202e+01 4.968658199553219390e+01 3.832970207491367631e+01 2.923668721117740432e+01 2.760923888096608181e+01 6.738170144742350764e+00 2.772479914311813332e+01 2.377922124699161088e+01 3.232657464177730589e+01 3.422590132372225469e+01 3.056448523540190010e+01 1.840354760111375754e+01 9.451918861483283862e+00 2.880722889525038966e+01 3.067336984550806278e+01 1.063699322497355304e+01 1.586032023684348147e+01 1.151642707776810859e+01 1.182879394611539681e+01 1.214254042801429634e+01 2.450744280863049340e+01 2.895873559928378427e+01 2.637997263529958758e+01 3.305384448895890870e+01 3.370518487650849693e+01 1.464894910267132744e+01 3.641738993659533463e+01 5.035340577785488847e+01 4.594209614555212084e+01 5.357688314383636907e+01 6.948381687360821957e+01 7.120503619843125875e+01 5.434706804756574172e+01
8.845047570523793118e-03 1.415098067130159976e+01 3.415098067130230675e+01 4.642096097243590691e+01 5.467404271447801989e+01 4.074055513055330380e+01 1.837756840039509143e+01 7.200978713265380193e+00 6.299662455800253191e+00 2.732674487352093351e+01 3.593935919809716495e+01 4.164291672697349611e+01 4.954592787731584735e+01 5.030936104299152589e+01 3.223067872887776275e+01 3.317954881516463672e+01 1.259342982419201462e+01 9.890284758644540375e+00 1.019920892788944755e+01 2.310811918127256703e+01 2.948969133228854389e+01 3.140238405015411516e+01 2.580284905350037405e+01 1.276439374578891162e+01 1.258954625132429861e+01 1.290608853969432346e+01 1.322560899616707708e+01 1.355662619657576862e+01 1.390945584873136553e+01 1.430100679389035001e+01 3.454343112903955415e+01 3.860312972559767530e+01 2.774388256419926080e+01 3.838610364059222491e+01 5.661973091167722316e+01 7.923391046523329351e+01 6.944616878369191681e+01
8.023991185656003874e-03 2.000802399118530062e+01 3.014103239648764898e+01 2.648220194242195191e+01 4.498634065478820077e+01 4.965210761701562348e+01 3.808998030600870521e+01 2.612551027063219777e+01 5.990767174672182449e+00 2.648328997960786779e+01 3.465381046408560906e+01 3.800427192016832123e+01 4.731475656339203795e+01 5.798219301285394067e+01 4.720373543965286700e+01 3.193745734857516894e+01 3.398162553818420406e+01 3.148820888702039156e+01 9.943923899649695031e+00 1.987938287917860336e+01 2.713841087904731708e+01 4.057880809960738588e+01 4.022042046185291753e+01 2.072501957715205378e+01 3.786917655882033529e+01 3.682817474536404490e+01 1.447807092775263804e+01 3.110777607049407223e+01 3.045423661729858367e+01 3.432622192916191750e+01 1.484975897002630063e+01 1.639547877151388278e+01 3.974325327486374704e+01 5.704996039068389990e+01 6.236620679494741637e+01 8.169035478858231158e+01 9.214835407891690977e+01
4.598823041778624977e-03 5.004597449661233988e+00 1.016855357552070416e+01 1.683470570344422157e+01 3.090266004306696601e+01 5.042022322635758513e+01 4.661455399273327060e+01 2.302014733921690848e+01 7.062130267203979628e+00 5.554717954519588829e+00 2.512189023770845608e+01 1.748039847723336493e+01 3.655389824432229773e+01 5.583256970344017844e+01 6.140323469800183886e+01 5.593061686555310530e+01 5.251923854690308957e+01 2.904625599879575404e+01 3.584119224116884084e+01 1.879425300106368724e+01 3.930087703188181081e+01 4.756173640348408327e+01 5.011149678776926208e+01 2.818368435015965545e+01 4.225639333451733393e+01 5.332166982345016493e+01 4.579574231371869786e+01 5.025813475296448019e+01 5.363701827294499935e+01 4.335598513422471001e+01 3.499374550707788245e+01 1.536064437448169251e+01 2.522290943080037096e+01 4.172817233337588760e+01 6.643235566243924950e+01 8.573434411146058665e+01 7.899103927854973506e+01
7.340434288523949372e-03 2.000734043428816733e+01 3.014103239644935783e+01 3.676530445497250810e+01 3.094683585176404250e+01 5.081233679326841468e+01 4.812098462578809688e+01 2.397659895858318890e+01 2.798597757188579749e+01 2.590560671456464092e+01 5.119770924456747530e+00 4.972362350992509228e+00 2.168773185202095988e+01 4.395264315076244088e+01 5.311780391854453853e+01 6.286739608785534728e+01 6.154888593210203140e+01 5.261199333693058833e+01 4.132261881212350119e+01 2.553789745822856361e+01 4.795590496949925807e+01 6.168362359960941887e+01 4.189512974967925629e+01 4.451560398013565845e+01 5.002998346881968672e+01 6.655034166525386752e+01 6.980902615704053460e+01 5.650323959216363079e+01 4.858657113051496879e+01 4.127851309613216557e+01 2.693853393372202731e+01 1.570115451144375385e+01 3.844401477694312774e+01 5.752175683449257093e+01 5.845361483380193590e+01 7.279208339545128581e+01 6.922242150551157636e+01
3.515918393995972821e-03 1.414565154212482057e+01 3.414565154212410647e+01 4.723315133610181960e+01 5.081233679326841468e+01 5.903022458116286941e+01 5.497026351741011041e+01 4.313973360042740524e+01 4.092415022957659687e+01 2.151677972293116525e+01 4.812965049132547080e+00 2.624511568473472778e+01 1.476064376304687364e+01 2.164964226259650459e+01 3.159619188213298102e+01 4.725433660872268149e+01 6.946486520962665168e+01 6.853104886539081519e+01 5.344743944757585297e+01 3.280518063571462051e+01 5.384129858691153458e+01 6.968589371008268074e+01 5.407505652869888735e+01 6.447280342461215241e+01 6.882090847127712152e+01 6.707141667993283818e+01 5.942116065282834825e+01 4.380167794334803233e+01 2.790924132135188884e+01 2.330078193552106569e+01 3.662315376903957542e+01 1.602641286367968121e+01 3.813203197568974900e+01 5.114381581751035810e+01 4.303513847481367094e+01 6.459450454906038885e+01 6.114328657659570609e+01
4.608085242692564441e-03 8.948879995241927787e+00 1.894887999524210542e+01 3.309101561897355737e+01 5.309101561931856139e+01 5.916917586624204262e+01 4.966532046712885773e+01 4.047084706733211590e+01 3.364418458728135164e+01 2.439820460253113055e+01 4.507869633837903400e+00 2.247069439944760205e+01 3.630661026065262575e+01 4.395264318374715629e+01 5.311780391854448879e+01 6.286739608799812373e+01 6.297006558921798103e+01 6.860068000696553270e+01 6.203012082152041984e+01 5.384129858691153458e+01 4.394268653911159106e+01 6.407890015793770999e+01 7.396448499479016903e+01 8.188536477960238358e+01 7.262331986507788884e+01 5.394127620536758627e+01 3.966660335733906351e+01 3.472247168878309509e+01 4.835973053077744055e+01 4.073198048889857859e+01 1.715413877640614260e+01 1.634516750203918534e+01 3.807770558096321167e+01 2.834184181325354146e+01 5.089741715569599023e+01 4.870364042871836574e+01 5.671892756314476003e+01
1.610643649003322799e-03 2.000161064360270302e+01 3.300785264776909855e+01 4.132250931177129161e+01 5.144415340933155534e+01 5.136090700914638063e+01 3.230102585666333681e+01 2.340866775668932220e+01 2.962686056183507333e+01 1.731053947061444376e+01 4.205279851344890574e+00 2.227466602457338496e+01 4.606223366015629495e+01 4.459366868114740612e+01 5.229648367179333235e+01 5.186072388047637816e+01 4.439891681509063659e+01 4.983803931026427847e+01 6.469029803113795651e+01 7.231597944691115742e+01 6.407890015793770999e+01 5.853579462566946034e+01 7.926114487970630762e+01 7.879684520668587311e+01 6.148561184367869714e+01 4.808374213137187780e+01 5.942424939167507603e+01 5.485861128115464425e+01 4.654040534326915690e+01 3.216488187130580911e+01 3.039925610617113350e+01 3.372464209322014739e+01 1.679358114876748687e+01 3.620705915887202053e+01 3.905808987403349164e+01 2.718439171901265539e+01 4.411663281934156799e+01
2.022278438842990342e-03 6.326577788002414771e+00 1.299324900553341244e+01 2.299386289961089247e+01 4.305515335493691254e+01 5.915341618664811563e+01 4.969752034458029755e+01 3.261742908673075902e+01 1.516973819297749770e+01 2.052850054734997087e+01 3.905262405738621823e+00 2.752217092057255954e+01 4.248400169939168336e+01 2.877232379642839888e+01 3.735968547975126341e+01 3.432892489075139508e+01 3.256088258040384886e+01 3.885536657289534901e+01 5.672338955636890034e+01 6.484589182313568756e+01 7.293258574592675814e+01 7.926114487970630762e+01 8.731132478957530907e+01 7.670693672839651356e+01 6.109104909635881597e+01 5.786918414257805665e+01 7.436075015149816636e+01 7.124157299562362766e+01 5.960461319538037372e+01 5.234183300082023038e+01 4.635319038502179012e+01 3.317556356154732811e+01 1.780355091962266201e+01 1.726157327896455129e+01 1.760924128541053335e+01 2.278055094203362430e+01 3.809377653030819033e+01
6.642187732006160465e-03 2.000664218772475778e+01 3.300785261992745490e+01 4.132249806131867587e+01 5.125930326195912556e+01 5.927435451601650129e+01 4.548144713636786207e+01 2.378237885990013112e+01 1.015106715316396269e+01 1.418779566588845320e+01 3.606651845543776158e+00 2.751968167367101969e+01 3.297366873349496785e+01 2.268141432479877651e+01 2.387481427782615384e+01 2.497867715742856376e+01 2.759519188795387379e+01 4.213420988531974132e+01 4.941275492762174792e+01 4.594423656087071350e+01 6.087318127826608105e+01 6.746097820398532008e+01 7.562420626513628008e+01 8.455790345265123165e+01 7.305730053866066953e+01 7.069471281577615684e+01 8.338028709979685971e+01 7.768638278699620514e+01 6.934100647009100271e+01 6.151722739391399131e+01 5.486375919654879141e+01 3.997089414243652783e+01 1.846585496688264882e+01 3.055276178363934747e+01 3.734727689950830154e+01 1.809211617507979142e+01 1.843333579191997629e+01
1.591255364720534126e-03 1.995872070447479985e+01 2.414190378482706478e+01 3.217480289414829997e+01 3.860353743874143362e+01 3.862498739457963381e+01 4.120716484255802925e+01 3.290622724671832344e+01 2.321358286481282107e+01 3.184407863585748011e+00 2.354245808785347904e+01 2.716079581573010771e+01 2.070949040415216302e+01 3.302264754187107343e+01 3.726760253836298631e+01 3.946386989767106712e+01 2.690658184465360847e+01 2.864688615628672963e+01 3.110264020512571648e+01 3.605541690620584916e+01 4.175133817740964304e+01 4.821520607745197395e+01 5.813515280230119231e+01 7.814928605368926640e+01 9.020084493543137683e+01 8.845407619675455635e+01 8.323514404697071711e+01 6.433937684831838055e+01 5.095160814361674539e+01 4.243563335044493812e+01 3.616235515888583762e+01 4.097777701915673276e+01 1.942313594557680645e+01 4.065748505203141860e+01 4.503933932984543276e+01 4.106984517167812498e+01 3.017212229898141018e+01
6.189296070378335485e-03 1.964867079638748493e+01 1.022886678228640278e+01 2.410129611963617791e+01 1.689650149377124322e+01 2.512424456013584262e+01 2.161130136034327265e+01 1.211287989480375060e+01 2.474015275961659199e+01 2.885320865910903976e+00 1.459758255636141300e+01 2.258415484158170017e+01 1.891926441621356147e+01 2.938260170285307282e+01 3.002149233275290641e+01 4.574398347613995952e+01 5.041165157022719256e+01 4.065742914004720632e+01 4.941275492762174792e+01 3.862234799527396945e+01 5.743412254819354246e+01 6.746097820398532008e+01 7.562420626513628008e+01 8.653936243722026234e+01 9.564157435477532943e+01 8.421862677468642744e+01 7.601730323753091056e+01 7.768638278680614917e+01 6.934100573899365827e+01 6.151722737795755336e+01 4.754420663243236334e+01 2.728686876670108674e+01 2.056619621318363755e+01 4.217529871062455271e+01 5.131026363951463765e+01 5.539357578778088254e+01 5.219209481254486604e+01
2.247884206357958405e-03 5.094139634048596044e+00 8.715439026125515909e+00 1.778023950169089318e+01 2.299963331625151852e+01 1.577618450279805851e+00 1.869148338886002181e+00 2.160801696489118129e+00 2.461218508905119506e+00 4.018521458313858652e+00 1.992074489926544345e+01 3.095831104663768585e+01 2.158970238415013299e+01 1.598037588292319988e+01 2.673218490677740533e+01 4.577038975387466024e+01 5.257920895025330310e+01 5.875456055279387613e+01 5.835374765014913834e+01 5.743412254819354246e+01 4.800227765591546358e+01 5.637877666090087558e+01 6.718023435873081439e+01 8.651077700453069497e+01 8.743197791056817891e+01 6.766118142499799148e+01 5.626961460899990897e+01 6.461596989197556695e+01 7.111700840092642295e+01 5.729799767559934054e+01 4.570931898029642326e+01 2.501662310276561740e+01 4.217529871062345137e+01 2.270244395724808584e+01 4.392610539706009121e+01 4.640978705030352813e+01 5.497204615972042774e+01
