LEM/sinusoidal_perturbations/elevation_000921.asc
nrows	100
cellsize	150.0
xllcorner	0
ncols	100
yllcorner	0
NODATA_value	-9999
[rows 34 to 50 of 100, columns 0 to 36 of 100]
2.064481644892168701e-03 6.668731147988722796e+00 1.373979894555016124e+01 2.268406931748932820e+01 3.423099282804657406e+01 5.422502295922503635e+01 7.157121093585118388e+01 6.312706098423852552e+01 7.157121085046134112e+01 6.092530322242781438e+01 3.978914314793172480e+01 4.404568646818507460e+01 6.498468248637672673e+01 7.204385919956652629e+01 6.025790036824320595e+01 5.185890311449597334e+01 4.583592729374959873e+01 4.050827099901151485e+01 3.171651294850544289e+01 1.168378398923088746e+01 9.518020202883924696e+00 8.734611087579429167e+00 9.031559315848381786e+00 2.675601351261947158e+01 2.630778039034073856e+01 4.209771444286348441e+01 4.881313362149710855e+01 3.140916525719604380e+01 4.881772539064473904e+01 4.245062352267582639e+01 5.598935189838474002e+01 5.220942911358579153e+01 6.882915245414918104e+01 7.712008329495627379e+01 8.878463109602328984e+01 7.769374686781661410e+01 7.204981551576564414e+01
2.905961989428186391e-03 2.000290596198907167e+01 3.078651778086840807e+01 3.594707068859231214e+01 4.149310999956203005e+01 4.781607195320803783e+01 5.608689206640971037e+01 6.502478458919640047e+01 7.779349263511035417e+01 5.713402539742146047e+01 5.484975734601061248e+01 5.633317942381167143e+01 7.336702166922871982e+01 6.353706772141887882e+01 4.336899827250590533e+01 3.189604954022816585e+01 2.591195411417934835e+01 2.056665952770055128e+01 1.552672561644936877e+01 3.171651294848415148e+01 2.428257208776515341e+01 2.875901838633748397e+01 9.524728487756014772e+00 2.813956803718228272e+01 3.796999275480390423e+01 5.205099620036659758e+01 5.475271155967121217e+01 5.226640527729939834e+01 6.062427089071111652e+01 6.332267162793640125e+01 7.166824270441703959e+01 7.280805690326616286e+01 8.106755564751789223e+01 7.746425615296344347e+01 8.590969675386106985e+01 9.706198261043259379e+01 9.131940248304073293e+01
3.542675937824442140e-03 2.000354267593747082e+01 1.078567790797701242e+01 1.594965568948569690e+01 2.149665757846062419e+01 2.782121221479706819e+01 3.676545009066907710e+01 5.090547579301187398e+01 7.088354472241665860e+01 7.779349263511031154e+01 7.559296847611128101e+01 7.697495680132816176e+01 8.511863449038048657e+01 6.608903226287627319e+01 4.596459311937474013e+01 5.185890439291923570e+01 4.583592739338687494e+01 3.874415955606416873e+01 1.880464223797945422e+01 3.874415966806490985e+01 4.496830401658907306e+01 3.798304739521367424e+01 2.724240664407771462e+01 1.125555843050284821e+01 3.132986004099887012e+01 3.791867680041114852e+01 3.421682050754746029e+01 4.843989549710705944e+01 6.270697949555805906e+01 5.946536694792723665e+01 6.789133262862104345e+01 7.152904928640629123e+01 6.309877974694206415e+01 5.714840458808716050e+01 7.746425615222612748e+01 8.508385597252062382e+01 9.106673396838422718e+01
3.411803931810562015e-03 3.925734506695499615e+00 1.099680230977044282e+01 3.099228130217463573e+01 4.149310999956203005e+01 4.781607195322004600e+01 5.608689206641955138e+01 6.502478458875647505e+01 7.493301662633535898e+01 7.857934050761582512e+01 7.029478476150450206e+01 7.139695457742713813e+01 7.968149617100360160e+01 7.455151554118067736e+01 6.608903179055768362e+01 6.553384125345606037e+01 5.715182952435808517e+01 4.209272999448787544e+01 2.220839234560869002e+01 4.209272999448787544e+01 5.284863860015328640e+01 3.190725955206109177e+01 2.114553213562794554e+01 1.268312791279310403e+01 3.278552071511297328e+01 1.785729481733067914e+01 2.003778672148522944e+01 3.417252971222863778e+01 4.549358314059143993e+01 3.927024043868753722e+01 5.027540534778044901e+01 5.280989437589268221e+01 4.282584198661233188e+01 6.021037390240699949e+01 6.528559686138086704e+01 6.476250539823750785e+01 7.071449117857585520e+01
3.327314952832964925e-03 2.000332731487927518e+01 3.099228130206451937e+01 2.364579433640767192e+01 3.778590029513491544e+01 5.775193505720758935e+01 5.705520849229574054e+01 5.860229246278655069e+01 5.493204596092031977e+01 6.703172603451663747e+01 5.029357730214490374e+01 5.139575024607204057e+01 6.553877995506394427e+01 8.553983920148618836e+01 6.874452726439895400e+01 4.866538540559077575e+01 3.719763079389896632e+01 2.972141746835289666e+01 2.690804840954927002e+01 4.673210005080575513e+01 6.079227004464860329e+01 5.048435285149552243e+01 3.932338982335514999e+01 2.165942098254081571e+01 1.481030822636887478e+01 3.491041832719110971e+01 4.006595364904629974e+01 2.322523424634243838e+01 2.548951169755900992e+01 2.778108462994926953e+01 3.021026597498138599e+01 3.269176020502795410e+01 3.526096667794091388e+01 3.995581891070023062e+01 4.498470503817370059e+01 5.040142865462792088e+01 5.759351159678465848e+01
6.779948344387334673e-03 1.414891557207546313e+01 3.414891557219967666e+01 4.363381648353710318e+01 5.187718885079844000e+01 5.119713426174333648e+01 3.705445414695716266e+01 3.860150306440407064e+01 4.078938095494574867e+01 5.021869200805456757e+01 3.874623425065119164e+01 5.874708225072568268e+01 7.246896259145198371e+01 7.465453173480945281e+01 7.717131851057938263e+01 6.553384125345606037e+01 4.960985138705199660e+01 3.961969621820455956e+01 4.673209987327620496e+01 3.411412745770090282e+01 5.389291358427100675e+01 5.477350187735674325e+01 3.546297390997516175e+01 3.791555916218997169e+01 1.784034861603171507e+01 1.918652643122857526e+01 3.918620524546430062e+01 4.322868835485130035e+01 4.549358425541731066e+01 3.665503362733305437e+01 5.027539541181558747e+01 4.687242673564760764e+01 5.543632950993118413e+01 4.024342572783558580e+01 6.049982182785213780e+01 7.071449117857585520e+01 7.789059319774312939e+01
9.516927588586143695e-04 1.995137104659757199e+01 3.475319707435624395e+01 4.284665284945078412e+01 5.138885476711617173e+01 4.114731169759161844e+01 2.291216589190053554e+01 2.445918194044772065e+01 4.265919808196032648e+01 3.021815104210595848e+01 5.021869200805456757e+01 6.180334665210932599e+01 5.251542388015874963e+01 5.469749574081672705e+01 7.465453173480908333e+01 7.812135304223326671e+01 6.799169855096739923e+01 5.370168815053657596e+01 5.938963675795676522e+01 3.957091927648032481e+01 5.938963685525273206e+01 6.300091043240949773e+01 5.477350186138220067e+01 4.100095334355238208e+01 2.093429546945360542e+01 3.918620564166099030e+01 2.368875339918436751e+01 4.364958275862313286e+01 5.659525874983819449e+01 5.682678803987351301e+01 5.310227281601834903e+01 6.714424331645217592e+01 6.473136826222142304e+01 4.443424239892321737e+01 5.104911957929386546e+01 6.012634551636598701e+01 7.183239682458167863e+01
1.945935296826602993e-03 2.000194593526468978e+01 1.490013655794258263e+01 2.333776509383863029e+01 3.846613759064707949e+01 3.014181231155842511e+01 1.291215891131509963e+01 3.291235267888048810e+01 2.265885415060395758e+01 4.265919808196032648e+01 4.509903182485133755e+01 4.186071316184443702e+01 3.842056645447073748e+01 5.835968008026179632e+01 6.577119867523920504e+01 7.282712543712233355e+01 8.110761711326796330e+01 7.383980720750271587e+01 6.567866563810004266e+01 4.579101041394589089e+01 6.567866563810004266e+01 7.031645606013171346e+01 4.982689761700899567e+01 3.557163998644102776e+01 2.407353053156100486e+01 4.413304887619357686e+01 4.364958275862313286e+01 2.832057031516652756e+01 4.829310207168018110e+01 6.327338841535936353e+01 7.339898032525688620e+01 8.184183056648110721e+01 6.916305624417994125e+01 4.885086495434271114e+01 6.916305624417994125e+01 7.978732329284291325e+01 8.887977218927889567e+01
5.600688922766023682e-03 1.678084708936949054e+00 3.356447425530330708e+00 2.335665968220406086e+01 2.755417237744480374e+01 1.020301706540062092e+01 3.020317235029271075e+01 1.579891025726571563e+01 3.579913670863096797e+01 4.147174595590369250e+01 2.506669085747710923e+01 2.770972185372278673e+01 3.351704216620686339e+01 3.953923982969609341e+01 4.583455348998482748e+01 5.286995079358954541e+01 6.438164090996656341e+01 8.436387184848560139e+01 7.323763844324275851e+01 5.323847623373484339e+01 7.323763844324275851e+01 6.884119372447828766e+01 6.030263237177005919e+01 4.748079566825493458e+01 2.738943347609307111e+01 4.748079570050001763e+01 5.329769438584202845e+01 3.327932513119074542e+01 3.494048378325391724e+01 5.496941121589326684e+01 7.011697554761872198e+01 7.842335477152428780e+01 7.758896104914936132e+01 6.321456522753940988e+01 5.627823219837581803e+01 6.799201267294365891e+01 8.231742753050389183e+01
8.215197286175309616e-03 2.000821516966869140e+01 2.335665970673685621e+01 5.799836312656445614e+00 7.553952351270511123e+00 2.755417238126990398e+01 3.848767345007308904e+01 3.579912176178658001e+01 1.904333867996039942e+01 2.139525867842383988e+01 4.147174595593255475e+01 4.770177552273154475e+01 3.245809636559131661e+01 5.240278332100182013e+01 6.565547581705176583e+01 7.282712543712233355e+01 8.110761711326796330e+01 9.264683378353274179e+01 8.167516860713344329e+01 6.469768675177508044e+01 7.483508353763478738e+01 5.428309433728169608e+01 3.994706871939179393e+01 3.241383439731215077e+01 4.748077750313392897e+01 5.596790781433055884e+01 5.865914804273625549e+01 3.859842536586674555e+01 5.496941121589326684e+01 4.249473899295905710e+01 5.009488501576556985e+01 6.168051261491355319e+01 8.164139823177973199e+01 8.352398393220798312e+01 6.799201267294377260e+01 6.642691707951851754e+01 7.654025822473985841e+01
2.613274238814250559e-03 2.000261327423845970e+01 3.408461549793864975e+01 1.994871379585248405e+01 2.168550524342053265e+01 1.608197866741075543e+01 3.607937769058167277e+01 4.732797092065993638e+01 3.904360898054280682e+01 2.789485049281745432e+01 4.673301313504533283e+01 6.067090938743965722e+01 5.240278332100182013e+01 3.745851004921176042e+01 5.738420774493030763e+01 6.824683435365167838e+01 7.455990234932538385e+01 8.284137568922645301e+01 9.338789851080257165e+01 8.490342940087958823e+01 8.089846707037051488e+01 6.030263260719241458e+01 5.683830501288642267e+01 3.654777739655023794e+01 4.818297040941583731e+01 6.866164309357280615e+01 6.445183249721281982e+01 4.438538492518145517e+01 6.445183249721281982e+01 5.254609733287397688e+01 6.254933665120383068e+01 7.842335477152428780e+01 8.997420722837769347e+01 9.672779498511781071e+01 8.829047185825636745e+01 8.074357660460513841e+01 9.512400862121714340e+01
7.532853315450405325e-03 1.414966847704652508e+01 3.414966847704722852e+01 4.003505306882977521e+01 4.150136071178216923e+01 3.607937125094893815e+01 2.608190163390106520e+01 4.607685374723853045e+01 5.509311537664950720e+01 4.093076057435251158e+01 4.093076057435251158e+01 6.074088995938468116e+01 6.565547581444266712e+01 4.636270164816210837e+01 4.333160424787174492e+01 4.830387097269673546e+01 5.459622845948241832e+01 7.455990234932538385e+01 9.438256350267262462e+01 8.748401516879758333e+01 6.649854212433899647e+01 5.462595368057424139e+01 4.553588691067967886e+01 4.363545505468382402e+01 6.399626960176517798e+01 7.721200049548680511e+01 7.112488950599143323e+01 5.110571848335281686e+01 7.112488950599143323e+01 6.670015534209682073e+01 8.086422162011893988e+01 9.089726544775990646e+01 9.536664398197034131e+01 8.698879746866859364e+01 9.536664398179864577e+01 1.011019838590897990e+02 9.779993472260548515e+01
6.101047412966256744e-03 2.000610104741260997e+01 3.366373935846910825e+01 4.186054929772727462e+01 5.294138484288905033e+01 5.435534936257487004e+01 4.607685374715772042e+01 4.022232190210550584e+01 6.021094392910248416e+01 6.074088995938675595e+01 6.074088995938527091e+01 6.925547018167577562e+01 7.457790724959812678e+01 5.786155223020731597e+01 5.145404872826152598e+01 6.824683435365167838e+01 6.458051796168346925e+01 6.611254233410193137e+01 8.609921072503347261e+01 9.621778422309340328e+01 8.408495444239528638e+01 7.476926974268120318e+01 5.730182515729971726e+01 5.803300318217863207e+01 5.800000199146699487e+01 7.830740598341108694e+01 7.942856993641373720e+01 6.115584447728337381e+01 7.942856993641373720e+01 8.668156922100367012e+01 8.152284189404828396e+01 8.989235050003406968e+01 8.528979951148448890e+01 6.686502375020323541e+01 8.528974580748116807e+01 9.192687929721397211e+01 7.765754623706133941e+01
6.842009524227352091e-03 6.673464757739286490e+00 1.374392564338628908e+01 2.526533363897847551e+01 4.464355452837222060e+01 5.016449868746980911e+01 5.224162660400874358e+01 6.021094392910322313e+01 6.848837682065133947e+01 7.182731943724222390e+01 8.013248237689354880e+01 7.922004409442415351e+01 8.611048628482026857e+01 7.782901141782684817e+01 6.141788791691596572e+01 7.968669252956074445e+01 7.870405615539783639e+01 8.024241517483194741e+01 9.438256350267262462e+01 8.813069614057418733e+01 9.651235688917968503e+01 8.680065759660772073e+01 7.809044962852061644e+01 7.879545809656552535e+01 7.821120760161309704e+01 8.660324958134665962e+01 8.942225766263355524e+01 8.109393454419877401e+01 8.942225675355624048e+01 7.825647773391197859e+01 6.139039951108807003e+01 7.521501162372619831e+01 6.686044805646248790e+01 5.679398544970960927e+01 7.692691060943589321e+01 7.407838675555510122e+01 6.344969568026970563e+01
1.934550753332892102e-03 2.000193455075297777e+01 3.366373935846910825e+01 4.186054929772727462e+01 4.347845412960162292e+01 2.924174738846060606e+01 3.221720664394558042e+01 4.638008476912599320e+01 5.546668562970916128e+01 5.178971708874748003e+01 7.067463320521235914e+01 5.917927914024546965e+01 7.335266604780470345e+01 8.492490437416410032e+01 7.553971185010387046e+01 8.967823350992273390e+01 9.869774328082056059e+01 1.002387659743763351e+02 8.484059701103966233e+01 6.792250078744739028e+01 8.484059701103966233e+01 9.031804393159687550e+01 8.185547874699238946e+01 7.930492429658704623e+01 8.787520827775985310e+01 8.768506039660165641e+01 7.605319584669670974e+01 6.770171637265694642e+01 7.605318804197460736e+01 6.989936637074046644e+01 4.975082963255189128e+01 5.826661443324349676e+01 4.670612168277344978e+01 6.513270688685901177e+01 6.869652054378390460e+01 5.394128728965232966e+01 5.934158562905896162e+01
4.364784840791047053e-03 1.414650040857186575e+01 3.414650040857257096e+01 3.911595798545819491e+01 3.082102642677055826e+01 1.498417070169052323e+01 1.807024103658052638e+01 3.808222346083805832e+01 3.543881746471816285e+01 5.164630170010836707e+01 5.063501921979406006e+01 4.501022700654093001e+01 5.657882510485998040e+01 7.661967115944176498e+01 9.553300229961689638e+01 8.923365103676471222e+01 8.085561234982105816e+01 8.923365103676471222e+01 7.646348911360989575e+01 5.630668644957498259e+01 7.646348911360989575e+01 8.185547433575591469e+01 6.136831646179852129e+01 5.870777971847218879e+01 7.584603066924698567e+01 7.932493813883813516e+01 5.919292749217188288e+01 4.755762544619223320e+01 5.693424685831586629e+01 5.334436318135793442e+01 5.532752313930313193e+01 3.811942191471789698e+01 4.151376034884991384e+01 4.496737708697472868e+01 4.853654611545347564e+01 6.869652054378390460e+01 7.038488136098511916e+01
5.219006137575642711e-03 2.000521900613722082e+01 2.473941676025247105e+01 2.716630680089682315e+01 1.081388104039369757e+01 3.068925954538834944e+01 3.804524502952769183e+01 2.278433268616397100e+01 2.714885534534374401e+01 3.162150277593381631e+01 3.647367815903466948e+01 5.650448626377289685e+01 5.917927914024547675e+01 7.922004409441895234e+01 9.079722254151826633e+01 7.914318854243519752e+01 6.069351321656906606e+01 7.914318854243519752e+01 6.933698318822088424e+01 4.928286675679532181e+01 6.933698318822088424e+01 6.708576549273195155e+01 5.862228006538670400e+01 4.687304650530261796e+01 6.736894595134988606e+01 7.955142168166473482e+01 6.792085410679372615e+01 5.693407647883300626e+01 3.680138178022390605e+01 3.322773804883700421e+01 3.519771948973060915e+01 5.532784350243212401e+01 4.261356134596634604e+01 4.588230668274945145e+01 6.604574780057369310e+01 7.704977657547397030e+01 9.051260112360836274e+01
