LEM/sinusoidal_perturbations/elevation_000516.asc
nrows	100
cellsize	150.0
xllcorner	0
ncols	100
yllcorner	0
NODATA_value	-9999
[rows 17 to 33 of 100, columns 0 to 36 of 100]
5.222468517465790779e-03 1.414735809224854179e+01 3.414735809224924878e+01 3.432674156477597194e+01 3.987366041048466769e+01 4.590317491370434055e+01 5.418210503489508056e+01 6.852894354648563535e+01 6.735551971833852747e+01 5.046665045000469263e+01 6.735551971833852747e+01 8.370410935626671289e+01 7.843037121850292692e+01 7.240601692805000766e+01 6.508619286090093681e+01 7.976697643699171181e+01 9.272402941514131669e+01 7.835225428995609320e+01 6.697651487158016437e+01 4.978775310831030509e+01 6.103752953346774746e+01 4.069993202936254306e+01 6.092836292951285770e+01 2.983985084628695361e+01 2.977262533406481637e+01 4.933195491720023540e+01 4.817959719839675614e+01 3.751914546504376347e+01 5.115318819134757433e+01 7.044655268076134291e+01 7.111387084097826516e+01 6.257161446186080411e+01 4.525116605991505025e+01 2.513776749510887853e+01 4.341101403430782568e+01 3.335805036394877021e+01 4.093282031534024412e+01
7.333276091007126865e-03 2.000733327609065171e+01 2.702343029942393571e+01 1.432639773282285844e+01 1.987339969506587067e+01 2.590362658656369277e+01 4.590317491370434055e+01 6.486903505812101400e+01 7.380900105658923849e+01 7.061298047811922629e+01 7.900711598000323477e+01 9.082428330600565403e+01 8.310078104320984949e+01 9.082428330600565403e+01 8.677897729754792522e+01 8.904081506919800404e+01 7.513944249391840913e+01 6.536654027747363216e+01 4.928689124993311310e+01 3.795763395400588536e+01 5.334490581161234246e+01 3.294587289753239645e+01 5.334490581161234246e+01 4.581317425707272406e+01 2.645568174726616562e+01 4.111890651343546210e+01 2.900313428527836734e+01 4.253026244511323739e+01 6.181829777815941895e+01 6.628746991614215744e+01 6.456955349064344318e+01 5.627299344804531245e+01 4.994148605967993149e+01 4.164010622890368296e+01 2.333860659334785481e+01 3.231490971176518201e+01 4.395029932153965291e+01
6.343274376862209282e-03 3.487896393490826696e+00 7.023430299423579548e+00 1.236865513767201996e+01 1.814215782956817691e+01 3.814193084994929706e+01 3.659407593786343682e+01 4.553834629696671499e+01 5.968034245431922358e+01 7.967483931836197542e+01 8.808590028548941575e+01 8.156055601063789595e+01 6.462250574753591081e+01 8.156055601063789595e+01 9.169334189736152041e+01 7.922526910798725908e+01 5.720613482186682575e+01 4.521862428750547735e+01 3.603792659090989048e+01 2.876022610003837698e+01 4.200601741647221843e+01 2.642275104782829231e+01 4.689082855725960997e+01 5.404975564693303625e+01 4.111890651343546210e+01 2.224731303241477676e+01 3.478194485826745819e+01 5.136877951157022437e+01 5.853073716188456643e+01 4.508364259399976248e+01 5.117641669077033839e+01 3.622583826129714879e+01 3.990455874737544661e+01 2.162480737108167617e+01 2.827206906464729030e+01 4.740722520995069544e+01 6.087151611542148544e+01
3.497053469895897767e-03 2.000349705346954110e+01 2.702343029942393571e+01 3.236856507052027609e+01 3.814193084994929706e+01 2.757024823895730847e+01 3.911725241253870422e+01 5.911623933018502441e+01 7.380900105658923849e+01 8.470806133756931899e+01 6.936219489403930538e+01 6.936221800809693150e+01 5.495757379183199731e+01 7.380921795070665326e+01 7.566731842908002648e+01 7.715344068311512160e+01 6.563146822492151955e+01 5.737559708155157523e+01 5.665100706113177864e+01 4.200601741647221843e+01 2.135160042184805462e+01 2.032792695961797591e+01 4.097961853038564328e+01 4.366346321459997881e+01 3.555789467733332998e+01 1.996234168914520879e+01 3.203361770018328514e+01 4.638345532797492865e+01 5.046221734002622128e+01 3.001218440048302938e+01 3.115492878352485207e+01 3.820181585873383057e+01 1.997446351602688353e+01 3.403134042220884226e+01 4.740722520871667456e+01 4.005244092156254965e+01 5.412159164719157189e+01
9.635555453094322986e-03 1.155664093924550961e+01 2.569877656297621016e+01 4.569877656297549606e+01 5.584891506845466580e+01 3.911725241253870422e+01 5.584891506845666953e+01 6.739205481071761028e+01 8.073006915782235637e+01 7.122269919799481386e+01 5.773621886034415240e+01 4.998593339637923805e+01 4.780867597936084223e+01 5.776707734055739252e+01 7.605075239767464268e+01 6.891070912020521178e+01 4.893133896407317707e+01 3.763785913935890193e+01 4.598019563619869388e+01 5.046983948096446682e+01 3.545808765037850918e+01 1.442652211799642004e+01 3.087591803695727677e+01 3.131498001641835671e+01 1.670685404521468342e+01 3.268046610133521312e+01 3.617316176952800078e+01 4.221673896325629016e+01 3.422478720917841599e+01 3.501083702485415472e+01 1.721381684747820273e+01 1.835631832788785900e+01 3.233292644175956099e+01 4.820529986989625826e+01 6.237925835577083689e+01 6.006303811718120755e+01 6.842813512993454594e+01
8.845047570523793118e-03 2.000884504757016913e+01 3.374575846971859505e+01 4.203002971719259762e+01 5.357703510100073885e+01 5.911623933018502441e+01 6.739205481071617498e+01 7.793901486927809685e+01 6.826300037922487718e+01 5.344449670148392784e+01 4.354176478423479324e+01 3.977342089507757095e+01 5.967408740351545759e+01 7.131707030030911199e+01 6.461307636880988525e+01 6.259663486513458253e+01 5.567770076109660238e+01 4.579019465685107093e+01 2.704494080818535195e+01 4.597981600770236810e+01 3.938714933653734107e+01 1.054085949009479961e+01 1.072790934678066144e+01 1.328171336912808620e+01 2.902166052762712667e+01 3.040629437700079052e+01 1.948478307588080938e+01 3.254323944373841471e+01 1.436697750443476629e+01 1.559095182193613027e+01 3.537294272905177195e+01 2.667911018846536564e+01 4.480442426714878934e+01 6.066669929023876051e+01 7.315269264217992884e+01 6.515190615079492886e+01 6.756167290346637344e+01
8.023991185656003874e-03 6.674690657852351272e+00 1.374575846971788806e+01 2.529276385351060696e+01 4.529276385351131040e+01 6.267037606022622498e+01 7.096726149355146163e+01 7.008432312519579455e+01 5.057111814805849548e+01 4.043714333807991324e+01 3.345886561339821696e+01 5.344449671480941078e+01 6.753493752510334502e+01 5.777445186291279811e+01 3.910091593595461035e+01 5.097787887296150444e+01 4.181325017315452897e+01 3.846854480113061925e+01 2.164561538356357673e+01 3.279791916706974320e+01 3.003007635228191674e+01 1.029942800047671803e+01 2.211741589164844868e+01 1.118687285872389303e+01 1.151006706797920209e+01 1.183192424873429260e+01 1.215663725966843423e+01 1.257589262330445301e+01 3.260602405523170688e+01 2.520818040666716087e+01 3.460057113951848606e+01 4.609673604701416849e+01 5.501909459639562527e+01 6.838572645958193164e+01 6.048044499224033643e+01 4.528325214122836684e+01 4.893604898074318044e+01
4.598823041778624977e-03 2.000459882304142312e+01 3.374575846971859505e+01 4.203002971719332947e+01 4.851489515519109830e+01 4.265150298241221094e+01 6.267037606022622498e+01 7.793900744327778796e+01 6.826299586703909483e+01 4.969575986675553736e+01 2.990078761102072491e+01 4.969575986675553736e+01 6.586672351679749227e+01 4.796283707875871016e+01 2.597356212076924820e+01 3.503292484664438433e+01 3.487080984900422465e+01 2.947435067213553594e+01 3.177087058735604330e+01 1.443588248869318313e+01 9.859811600756634320e+00 2.173594775658551725e+01 2.444497861955725426e+01 2.922852943840682016e+01 2.801433615386605780e+01 3.227525018751055086e+01 2.651849876674749851e+01 1.262151592455595761e+01 3.251614427261741724e+01 4.326824578894706264e+01 5.227355553823493040e+01 6.308118540173354205e+01 6.551598285184628878e+01 5.669687853874185635e+01 4.094003017822939938e+01 4.882051520270923817e+01 2.866106730510733414e+01
7.340434288523949372e-03 1.414947605801959973e+01 3.414947605802030495e+01 3.851029796371256708e+01 2.850570077223393994e+01 4.265150298241221094e+01 6.267037606022622498e+01 6.357381670243743343e+01 6.050256812807519680e+01 4.070416058198506448e+01 2.695566773796713278e+01 3.876045705853132262e+01 5.777695232674663117e+01 4.760018087172062451e+01 3.456169238548729794e+01 1.448656628372941668e+01 1.665532047245216773e+01 2.760412150962003963e+01 2.833617118354083431e+01 9.421831758065282614e+00 2.870079986131194616e+01 1.692746749217953095e+01 3.378464300274767851e+01 4.664428308539737600e+01 5.154009838407310440e+01 4.203052547405132344e+01 2.657130906793206293e+01 1.295748579234569497e+01 1.659750548814206539e+01 4.885628809585889343e+01 6.834565111711761176e+01 6.444931184430478766e+01 5.178591893718739669e+01 3.550026107458176483e+01 2.969558276982458622e+01 4.021198386181593065e+01 2.285707665501576002e+01
3.515918393995972821e-03 2.000351591839364218e+01 3.066373701137210261e+01 1.850541429702830598e+01 3.005297901756227219e+01 5.006321077458961355e+01 6.357381674433758434e+01 4.384966592556509113e+01 4.746911485634721117e+01 4.356566471034160060e+01 2.422151343776250698e+01 4.356566471133981366e+01 5.158396691475459761e+01 2.813069940515610767e+01 2.191758545574155193e+01 8.080209506240164430e+00 8.377903354618247533e+00 8.680117139010855354e+00 8.985780475704645553e+00 1.444480031330614089e+01 3.381299866117390707e+01 2.172256155051397286e+01 3.879553171744877460e+01 5.638396356499465156e+01 5.472896250430886056e+01 3.353844721068960411e+01 1.709937159576246302e+01 1.330583235453402935e+01 2.620884089999834288e+01 4.403469701414605453e+01 4.839943088325033216e+01 5.126686949466321863e+01 3.637116082666754124e+01 2.182441846027715471e+01 2.005941997366512908e+01 2.038491866549368225e+01 2.071387990737131091e+01
4.608085242692564441e-03 2.000460808524233869e+01 1.066075603186923182e+01 2.220795361754673891e+01 4.221455204592663080e+01 5.835798647881348700e+01 6.143757148998774653e+01 4.167931386921987524e+01 2.786199397529808763e+01 3.698625744725794817e+01 2.154415777935268395e+01 3.395591701571999721e+01 5.130928896851376919e+01 2.798868053763749941e+01 7.666213579638196940e+00 1.637120368476208299e+01 2.707118902000610561e+01 1.077852690060989183e+01 1.147764538557173886e+01 2.268420035294486681e+01 4.025120887769570999e+01 3.879841211859108796e+01 2.957614543882484526e+01 4.816588150583743300e+01 4.959734522550002822e+01 2.938583929993367505e+01 1.591410240841586621e+01 1.365318402816684440e+01 3.346737102156891552e+01 2.897598991735019425e+01 4.608478778805346820e+01 4.298963384999225212e+01 2.106381677363989624e+01 1.960444658391104156e+01 3.958550187369647233e+01 4.045798211877713868e+01 2.336290218459737034e+01
1.610643649003322799e-03 4.171898924816880516e+00 2.417391299627141876e+01 3.895431207342164726e+01 5.050758657792582795e+01 6.729185622287513979e+01 6.222171417865132526e+01 4.252195722957219459e+01 2.869460073518050436e+01 1.776610867598494892e+01 3.698051112895146986e+01 4.877592877940072214e+01 5.912368504713857220e+01 3.980383459848138017e+01 7.379279057673695519e+00 1.065219762140525361e+01 2.612185338953513636e+01 3.504369393361582041e+01 3.130760342393737261e+01 4.034417341013442382e+01 4.886553712369254043e+01 5.554913018044975104e+01 3.983893697218988450e+01 5.643092817458088462e+01 5.533900099305677145e+01 3.527343096735091166e+01 2.333147844062588305e+01 3.350204763408412134e+01 1.413655849020973676e+01 2.163350330861062787e+01 3.721829776698508851e+01 4.997452402496506352e+01 3.816321315147481386e+01 1.928863663142031371e+01 3.907187897577233571e+01 5.119193334852684529e+01 4.478175482553562148e+01
2.022278438842990342e-03 1.991792409127923236e+01 2.419318445336914536e+01 4.429709016959405687e+01 4.780258443959780834e+01 4.778592688326007476e+01 5.107943913461893715e+01 4.297028173554888042e+01 3.460187211376110383e+01 1.529599550532695140e+01 2.886205442579848324e+01 4.845901781471748393e+01 6.050093060329885475e+01 4.804498179908173228e+01 2.402602793456104990e+01 6.976585198913310748e+00 2.422345261234692160e+01 3.266795066439885886e+01 4.194011322895376281e+01 4.280990671993918539e+01 4.294664916827099432e+01 6.423478456428607331e+01 5.954079134799354733e+01 6.787771447054113594e+01 5.758325672475264412e+01 3.754333049852800741e+01 4.340547601128402988e+01 4.215939443038114121e+01 3.395856829841060431e+01 1.462049884885581363e+01 1.732319204456919337e+01 4.934387864973041360e+01 3.966538527762484279e+01 1.897495022273146148e+01 3.258843896376734506e+01 3.866309512818828864e+01 5.605205784518754086e+01
6.642187732006160465e-03 1.419859463528377397e+01 3.456795167427243598e+01 3.564997896093273511e+01 2.909354889757440787e+01 4.719721102292467663e+01 4.297026327990839434e+01 2.340729176195809558e+01 2.913715230976134407e+01 1.292058104572986643e+01 2.150888052672856077e+01 3.263990776443888819e+01 5.240275269001723046e+01 4.634778911507549282e+01 2.428894271149013662e+01 1.195833051968788041e+01 6.576037707186194403e+00 2.593153125467753028e+01 2.147397967032193478e+01 2.130922604563725287e+01 4.120434119481310375e+01 5.110936967680162013e+01 5.110936967586030732e+01 7.228318947685194473e+01 6.575731763752004611e+01 5.757730286098588124e+01 5.357152998129263466e+01 4.553608402973780755e+01 3.553121363075074868e+01 1.973690638330625902e+01 1.510772412862090874e+01 4.186605060089571850e+01 4.313307766103607577e+01 1.865988076805702534e+01 2.093937550818341009e+01 2.396894715171347201e+01 5.260405763903996501e+01
1.591255364720534126e-03 1.975852680457400723e+01 2.846442678893997424e+01 1.871408523473451169e+01 3.466775761315471271e+01 3.999590588003415093e+01 3.270913221820659089e+01 2.618493994619082699e+01 9.840241909162729783e+00 2.913715230994089467e+01 4.038015095967809742e+01 4.911724115912069522e+01 5.551210354690471149e+01 4.789426703267854890e+01 3.787077238546660141e+01 2.715886264356066704e+01 2.395953001229067780e+01 6.174928639384662077e+00 7.660327526486358174e+00 1.121631167799033335e+01 3.243647550515763101e+01 2.910910906071979198e+01 4.482450072579541001e+01 6.628238556465947795e+01 7.037460128334934950e+01 5.069487580788882752e+01 3.754861113443103449e+01 2.853132042675172286e+01 3.330085921522478998e+01 1.949373672647623934e+01 1.545322583053660281e+01 4.403977233009452164e+01 4.061628483179147509e+01 3.105943662836385144e+01 1.820785361770665034e+01 4.074447743288919810e+01 5.381802378668508169e+01
6.189296070378335485e-03 5.443733453402487044e+00 1.068346858602335914e+01 2.016599879334177103e+01 2.855411087596560193e+01 3.098764444436718435e+01 2.060965192094687026e+01 7.075987143596393025e+00 2.598631911546208428e+01 3.571788725482861082e+01 4.806554206578639565e+01 5.235046241314474003e+01 4.782622171607334138e+01 2.938077170560288565e+01 3.477811598418268346e+01 3.103181118410364192e+01 2.212919031332288355e+01 5.886333184357240178e+00 2.665237973306246033e+01 3.243413694681269988e+01 1.840736854151223767e+01 4.010924052026619790e+01 5.110936180658205785e+01 7.228307802283765682e+01 6.700683431004425472e+01 4.753795923038047277e+01 3.724676396933266886e+01 3.885397978143093667e+01 2.374654096350776911e+01 2.531567875233207587e+01 1.579913365458099150e+01 3.799415177512186403e+01 2.138857163752506452e+01 1.953389148552572152e+01 1.788000372504373203e+01 3.940225594580965662e+01 3.722981181440682263e+01
2.247884206357958405e-03 1.325434361553594975e+01 1.618130383392735538e+01 1.815093274701011339e+01 1.946972115271657700e+01 1.943739897155832352e+01 4.458508800481746803e+00 1.121340315920236819e+01 2.534619190440030678e+01 3.276661228463527920e+01 2.547616182388463457e+01 3.105381359492690052e+01 3.818298304299954538e+01 3.470161674261591855e+01 1.555732279893072167e+01 2.384583004487959812e+01 5.465027610182741746e+00 6.247113910251692381e+00 2.945404729263954380e+01 4.104405500797260231e+01 4.010924051992435579e+01 3.205808071469508036e+01 4.772461488174322852e+01 6.902505376186431363e+01 7.517873496624481788e+01 6.389427181364281694e+01 5.257203338818499105e+01 4.485520645034986842e+01 2.706676684965410828e+01 2.188828550842552545e+01 1.614302554314546256e+01 3.536778316603603400e+01 3.635599740402375346e+01 1.742460953741755247e+01 2.022447320143085747e+01 1.960943932776453735e+01 2.087527638638641392e+01
