LEM/sinusoidal_perturbations/elevation_000821.asc
nrows	100
cellsize	150.0
xllcorner	0
ncols	100
yllcorner	0
NODATA_value	-9999
[rows 34 to 50 of 100, columns 37 to 73 of 100]
5.242298111083830747e+01 3.131700981016422958e+01 4.632609549812832483e+01 6.714208939977338275e+01 7.429679689192731473e+01 6.399526565209347950e+01 4.764176677898514356e+01 2.683358742422926113e+01 4.122677143727921134e+01 4.151363472087773943e+01 2.358228159438831284e+01 2.277017886827755788e+01 4.329324729297924534e+01 5.312715070780325988e+01 4.964275983804594716e+01 6.680930984375825687e+01 7.438604143890211162e+01 5.597291709548860439e+01 7.438602801664902131e+01 7.681148876322053809e+01 5.908003183012230153e+01 7.456284800786754374e+01 8.278707465572200874e+01 9.370401803091441195e+01 8.522171258718394427e+01 8.836669767378299412e+01 6.812214293165619949e+01 5.601475447221628912e+01 7.030207845053519122e+01 7.866137658516053932e+01 8.514493761645461234e+01 6.421010515905344107e+01 6.160301567696389924e+01 4.049607802468318596e+01 3.572647876713664772e+01 5.764946949423982403e+01 5.941653330088374929e+01
3.418866209403468304e+01 5.242299441451635289e+01 4.132533350918980375e+01 6.231999031456484772e+01 6.593758149262362167e+01 4.515977892671289595e+01 3.462895371424801993e+01 4.764176677898514356e+01 4.763732549432668861e+01 5.429757625406031707e+01 4.583515132828411254e+01 4.329162502865715823e+01 2.402138609493303534e+01 4.464588196947791232e+01 3.742787192769313975e+01 5.838018090007813043e+01 6.609923042196275844e+01 4.535042468122053094e+01 6.609922744629410829e+01 5.638615786146448983e+01 4.826880159815038951e+01 5.427363924097761583e+01 7.456284800786754374e+01 9.216748410592759910e+01 1.010348718449405396e+02 9.661090303147578595e+01 8.497912641345607199e+01 6.654018018794671718e+01 6.465423487015587511e+01 8.497402458306159190e+01 8.909375793900807139e+01 7.066576206025945339e+01 4.978626915972254352e+01 6.212413980227317722e+01 5.677409575536663056e+01 3.670540551820540998e+01 3.741285040058525624e+01
5.539345859044357212e+01 6.384291542404995567e+01 4.945908637574875399e+01 7.013458088233734600e+01 7.429680196015331717e+01 6.292879751946667000e+01 4.205467343275925884e+01 6.292879751946667000e+01 6.829124209622894170e+01 6.959163538576666497e+01 4.889956868303585935e+01 4.638492562986343160e+01 2.565104798328511038e+01 2.554778655861464642e+01 4.628262232759578865e+01 5.625544925591115231e+01 5.303559093875193753e+01 3.811167762823146887e+01 5.612383534777582383e+01 4.029200003781487283e+01 5.638615836309595153e+01 7.456284800786754374e+01 6.402674768964574525e+01 7.299175277246676785e+01 8.702192281512240868e+01 1.068578706267863936e+02 9.506372096070398925e+01 8.095674181999270047e+01 7.119776380128291748e+01 9.134520486002278972e+01 8.080002919158792452e+01 6.053149492893093964e+01 6.474723488661324211e+01 7.358906423957671450e+01 5.253258631373491028e+01 5.868267850792477702e+01 5.941654130101149889e+01
4.187102907708046473e+01 6.293576068425717551e+01 7.013458219167411301e+01 6.421497423062211851e+01 8.442578001685895117e+01 7.130884495498185061e+01 5.426353898373789519e+01 7.130884495498185061e+01 7.443908498599539314e+01 5.996228103506109619e+01 4.890040007712069325e+01 2.801070514733510208e+01 4.638702658862057149e+01 4.625402507595507018e+01 2.711283288688224147e+01 4.783267911422687035e+01 3.031460533961344694e+01 3.146774609016265600e+01 3.363282649147866010e+01 5.612439397258771123e+01 7.071506713669678845e+01 8.504397591029757564e+01 8.395901567482871997e+01 9.216748461844072438e+01 1.010362255952639714e+02 1.041530207335477201e+02 1.091707000920257542e+02 9.842084255979996499e+01 7.840791696487349327e+01 9.842084255979996499e+01 8.909375793900835561e+01 7.076882153037470857e+01 8.495427826865493159e+01 8.201175146789783810e+01 7.363878378105874845e+01 7.760982208568252361e+01 6.521607675957548622e+01
4.527726840733622993e+01 6.615766754635581037e+01 7.923014036792709192e+01 8.442578001685895117e+01 9.267399192931307539e+01 8.306836657706320182e+01 7.476576080963208426e+01 7.815589908379540418e+01 5.816605254006683623e+01 4.539945874121038116e+01 3.045594058104365942e+01 4.890040009407484689e+01 4.884496693907096443e+01 5.643789662847662214e+01 4.795141914413918727e+01 2.869708142045579180e+01 4.503891223423406132e+01 5.218660544834468595e+01 3.322105136608205100e+01 4.837079316494168779e+01 6.915279631800882498e+01 8.251783213734601929e+01 8.651789549002145918e+01 9.086707893483452381e+01 9.569054160993064784e+01 8.430681210869215647e+01 9.832352122441210440e+01 1.066270322934195747e+02 9.001936570902077506e+01 1.066270322934195747e+02 9.911599845416033361e+01 9.083123685280125414e+01 9.911599845416033361e+01 9.364834119586403460e+01 7.348425084457225864e+01 6.925109091564031871e+01 4.809129802552074295e+01
6.615766754635581037e+01 5.036898817051500288e+01 7.094041131691805901e+01 8.453417813522136726e+01 9.608225776891460157e+01 9.548334437410454711e+01 8.763246452726542657e+01 7.376897533462494039e+01 5.816942945021344258e+01 3.706345076065910149e+01 3.223139191437581275e+01 5.360955491811569118e+01 6.931187906927812037e+01 6.152182019086721709e+01 4.070902924522074073e+01 4.937282223312740115e+01 5.526112140833779307e+01 5.580065966273510725e+01 3.448170892668400711e+01 5.580065966151092027e+01 6.444824265752309600e+01 6.240468852624390195e+01 6.651759583573561940e+01 7.093653574018527763e+01 7.580292261510996354e+01 7.020470679076518650e+01 9.011962868031224616e+01 1.097718579962323986e+02 1.098974733672713597e+02 1.180846274003088325e+02 1.124174990565938685e+02 1.042090454581855568e+02 1.005978971462187843e+02 8.640825275192929666e+01 7.348425580789648848e+01 5.274606756897708948e+01 6.060790555080372144e+01
6.504369691289996069e+01 7.094041131691805901e+01 5.597106061507606256e+01 6.779535515733971351e+01 8.785034698243956086e+01 8.763246452726542657e+01 6.824537179301924539e+01 6.571682185028646472e+01 4.503724744492249243e+01 5.550894415204591326e+01 3.421587427026183548e+01 5.557456835548485685e+01 6.857018466587777539e+01 7.014342063306308717e+01 5.563987405052244384e+01 6.902307794120477524e+01 6.352116648054677484e+01 4.363954427791005486e+01 3.578567172162298249e+01 5.628520462901634858e+01 4.341177388588732100e+01 4.757654386992063422e+01 5.197627260204502164e+01 5.661753385079391165e+01 6.161508875534939023e+01 8.162787134495835062e+01 8.172848789256356383e+01 9.577903914934881868e+01 1.155920295991944755e+02 1.114554198447546156e+02 1.015061246387933664e+02 8.424938855716997921e+01 8.791205384202034168e+01 7.221860836096551850e+01 5.765448673087566789e+01 6.223667965112161227e+01 8.105790169354214925e+01
7.932860348588887689e+01 8.038583406568839962e+01 6.023024684992159195e+01 7.193285027816288846e+01 9.193282465722646180e+01 8.763246806705228664e+01 6.824537179462890890e+01 5.382100675471701834e+01 5.888714024778483491e+01 3.750988945231906513e+01 5.526546636409570823e+01 4.147394385699951158e+01 4.783148613790047676e+01 6.857018988264852055e+01 7.749995866316633908e+01 7.809902664935063399e+01 5.753798436645431735e+01 6.356017422284398322e+01 5.715863292966891862e+01 3.774276312892995122e+01 5.911630443801350054e+01 6.829569189895680381e+01 7.237554678814166209e+01 7.677406240463653830e+01 8.162787750094378225e+01 8.984527685578930800e+01 1.015821294430703290e+02 1.097718579962323986e+02 1.172761225259646523e+02 9.744022791409636852e+01 8.331456344243916590e+01 7.318869198506936868e+01 6.770558549322430508e+01 6.296951546805504307e+01 6.801451752281573704e+01 8.258373606186353300e+01 7.890473916311164260e+01
9.928974446849387903e+01 8.498435886917651771e+01 6.492765275229304223e+01 8.498799137176709451e+01 1.001559048003490915e+02 8.763246615316946020e+01 6.824537179363152006e+01 7.392372026403668883e+01 6.121421616953351474e+01 3.993566587409716107e+01 6.115766858244017357e+01 5.120569314922828852e+01 6.857018463527458607e+01 5.842528237074076713e+01 7.862243317190556979e+01 8.654713325617011321e+01 7.809902664935063399e+01 7.128939882709589426e+01 5.314553316033656927e+01 3.926578421778808803e+01 6.060294873883974986e+01 7.092283144187742039e+01 7.582867578038421641e+01 8.118897061579556862e+01 8.721330585126504786e+01 9.426100814116458082e+01 1.024574996218800038e+02 1.139054309789832189e+02 1.172761225259647233e+02 9.744022791409636852e+01 8.331456344243916590e+01 9.227537606748734333e+01 7.215299134262976111e+01 8.327637207684897191e+01 8.236818147888621411e+01 9.646808639206959413e+01 9.895339531786972032e+01
9.497739883827394181e+01 7.500370263311930330e+01 7.500370080235451553e+01 7.914586754933932866e+01 9.910367409512068093e+01 9.548344124657316456e+01 8.763246615316946020e+01 7.832747431532355620e+01 6.359203041456554217e+01 4.245755512392884157e+01 6.359203041455596406e+01 7.179530409248232559e+01 6.809626161365264352e+01 7.862243315997201876e+01 7.128105592360770970e+01 9.125517575982449614e+01 8.383720736249335914e+01 6.037532809506047471e+01 4.827525080471809815e+01 4.082991020510938540e+01 6.208554717076992802e+01 5.038435074217035492e+01 5.560136138988260512e+01 6.113258384959227953e+01 6.723284626389514074e+01 7.432709581727699799e+01 8.586384054367314889e+01 1.057317523991732742e+02 1.194409327174422657e+02 9.961120389722501045e+01 9.744022791409636852e+01 9.934506776671958050e+01 7.934896156195904382e+01 9.934506615623537584e+01 1.023555052316948775e+02 1.034514262846710011e+02 9.522433910156274806e+01
1.031648984882030504e+02 8.396239690442921244e+01 8.655893511800594808e+01 9.910162228303644838e+01 1.073476284859785466e+02 9.690919501944412673e+01 8.427342986513228595e+01 6.404205148238442291e+01 4.930820288439896615e+01 4.550456426861656212e+01 6.641106199287305856e+01 8.247480832068895040e+01 8.825415591027235962e+01 9.653535714983948424e+01 8.540114995932833608e+01 9.954347277659368842e+01 9.253718800083542817e+01 8.047129190282657873e+01 6.839059097726870107e+01 6.210955208074004474e+01 4.313863197538039174e+01 6.425968102230223167e+01 7.582867578038421641e+01 8.118897061579556862e+01 8.721330585126504786e+01 9.426100814116458082e+01 1.024574996218800038e+02 1.083750765352326084e+02 1.141627039436322946e+02 1.194409327174422657e+02 1.172761225259647233e+02 1.075576100049385389e+02 9.094502989633805612e+01 1.075576005266445776e+02 1.093083719795985189e+02 8.939054167057180678e+01 7.513091717412648052e+01
1.119881740821687970e+02 9.547829926094948405e+01 1.064487812750288924e+02 1.145913601603612193e+02 1.051314350171044509e+02 8.857034922197959759e+01 6.841752876727423427e+01 5.662174448003876392e+01 6.971436758466330730e+01 4.908523077583508609e+01 5.370932628698218991e+01 7.412895693128871244e+01 9.107499298508290053e+01 1.011427173923525089e+02 1.053880442418647618e+02 1.080464230246802089e+02 9.985263945745414560e+01 9.183450287051118721e+01 7.768528719103623814e+01 6.585857447684171007e+01 4.488745797004187210e+01 6.585874197808784913e+01 7.146638896205234914e+01 7.418869633358720250e+01 8.243237782813082504e+01 8.447924914457782108e+01 8.918537513011818874e+01 8.851714630535967387e+01 9.433339940936011203e+01 1.091532436083123514e+02 1.180144109045204885e+02 1.190185949420948788e+02 1.108197330535697489e+02 1.158841688040937612e+02 1.088512803647116129e+02 9.473405477303739985e+01 8.251614324606892126e+01
9.916448308724780247e+01 1.152774629870731644e+02 1.233783028522548335e+02 1.167672427737044387e+02 9.679502905857512474e+01 7.664876016115884738e+01 6.500804108889593635e+01 7.693511290752518050e+01 7.306712364706785934e+01 5.267310469744325019e+01 7.306712364706785934e+01 6.255142238738813631e+01 7.266689259436202519e+01 8.689588821305693500e+01 1.070675310681492221e+02 9.657405496337382544e+01 7.994495756081879279e+01 8.131198376968606567e+01 6.353888126656548252e+01 4.881965759329760601e+01 6.581187077972701616e+01 4.810824721730342901e+01 5.107608602037075940e+01 5.399952489138206602e+01 7.418869633358720250e+01 6.449169938017249137e+01 6.921897470665203400e+01 7.439518851787110520e+01 8.106942372085592297e+01 8.999325460201227145e+01 1.040481907483488584e+02 1.238296524630572293e+02 1.158841688040937612e+02 9.604282953838485071e+01 9.897303652100798388e+01 8.061682918136318676e+01 6.626499220252178191e+01
9.090000256306734627e+01 1.006174091018468033e+02 1.088955211870050448e+02 1.084466493361150157e+02 8.826545102491613193e+01 7.664876016115886159e+01 7.926112048596939985e+01 9.076791509616040798e+01 7.064143876928592647e+01 5.630747153088660184e+01 7.653634720403691460e+01 8.273545910600113018e+01 7.683446892160407060e+01 9.698170964060307142e+01 1.073307173560155547e+02 8.835893410228534606e+01 6.838673153356764089e+01 7.306208252028353911e+01 5.277053897542574390e+01 6.941751376424517161e+01 7.697856925677189111e+01 6.876562731300772668e+01 5.295940881139674872e+01 7.324623841842461047e+01 5.811144561266691966e+01 7.815863060539061280e+01 8.918537513011818874e+01 9.433339940936011203e+01 1.009653884723804822e+02 1.091532436083123514e+02 1.180144109045204885e+02 1.256756047674355159e+02 1.058675550512176073e+02 9.968378313261536050e+01 7.968471063125973330e+01 7.053705367841449458e+01 8.061682918136318676e+01
8.872304896485132986e+01 8.077159526917598953e+01 9.741397650991889634e+01 1.088955211870050448e+02 1.051314350171044509e+02 9.679502905857512474e+01 9.941336172059898502e+01 9.026585653529650699e+01 7.015898389072994235e+01 6.007773911249096699e+01 8.021242021301327441e+01 9.712428930294633744e+01 9.698170964060307142e+01 1.053155170485617589e+02 9.913029342149913248e+01 7.920758531630592358e+01 7.682797755553070829e+01 5.672421174253987175e+01 7.306208264035670652e+01 8.131198856249596929e+01 8.799919546966201267e+01 6.802524975590704059e+01 5.635213072405453261e+01 7.646723253501529882e+01 7.815863060539061280e+01 6.350967372275754741e+01 8.350173326778056548e+01 9.737991140536324508e+01 9.914148679501558092e+01 1.187103519791253632e+02 1.301796958649369742e+02 1.187463287638107658e+02 1.058675623534068251e+02 8.597867893624395208e+01 7.584868743369645472e+01 7.889827737002923413e+01 9.073992601261980440e+01
7.919881059553910063e+01 6.923819804782274900e+01 8.077159526917598953e+01 1.006174091018468033e+02 1.050594260650672567e+02 1.133469187503933284e+02 1.104262712500283641e+02 9.026585653529652120e+01 8.578518054956062144e+01 6.569230741026701992e+01 6.868275725621664662e+01 8.287901186205859005e+01 1.030376341467218708e+02 1.101653870949760261e+02 9.866551213257103825e+01 8.286347037872968713e+01 6.285520427015823941e+01 6.066173014459320001e+01 8.067857397718134393e+01 9.464756655078979009e+01 9.621303910691700878e+01 7.990170397436745020e+01 5.987546622728149259e+01 7.990170397436745020e+01 9.172465496281381547e+01 8.350173326778056548e+01 6.929938343657843802e+01 7.931044693873860751e+01 9.914148679501558092e+01 1.133825225182885390e+02 1.219860641357944075e+02 1.021737804252537671e+02 9.071027005245322528e+01 8.174748281586836640e+01 9.592312275746246542e+01 8.897599939479823661e+01 1.071199242254975132e+02
5.896521479866731141e+01 7.919881058241992378e+01 8.390766802365872934e+01 8.886131129774852866e+01 8.522086807758132920e+01 1.046022454928557295e+02 1.145503192577517098e+02 9.852162079303050746e+01 7.838354056703340689e+01 7.388356510524707232e+01 8.878333562985818617e+01 8.026660843542998691e+01 1.004174013345487708e+02 1.019325801739630748e+02 8.199656133127595581e+01 7.044439442766457660e+01 7.443348766108468340e+01 8.067857397718134393e+01 6.646844041721551832e+01 8.644157310000797168e+01 9.500108951363553444e+01 7.506748990206247640e+01 6.350015739327723452e+01 8.349242041205961584e+01 9.952591655900253897e+01 9.747622960157531224e+01 8.926543625143700922e+01 7.638457085847940675e+01 8.532447870314355498e+01 9.939896350796364288e+01 1.192079032297897072e+02 1.105474368022525198e+02 9.071027005245322528e+01 8.884897268422990635e+01 1.086913127393269036e+02 1.030399795000272718e+02 1.170431662213839985e+02
