LEM/sinusoidal_perturbations/elevation_000798.asc
nrows	100
cellsize	150.0
xllcorner	0
ncols	100
yllcorner	0
NODATA_value	-9999
[rows 68 to 84 of 100, columns 37 to 73 of 100]
4.385729109766585054e+01 5.637222721120868130e+01 3.837156591907443470e+01 5.254670318679345087e+01 6.886403002051228839e+01 7.903931534558950034e+01 7.077120953681517790e+01 5.847958032074505752e+01 7.279827381769676720e+01 9.296032713146041715e+01 7.968772274657281685e+01 6.518314950370614724e+01 5.797427541679380170e+01 7.844082851540358092e+01 8.791493430714479018e+01 6.747394752210266233e+01 5.304668662666821177e+01 4.670780918785283831e+01 4.058723658569917347e+01 6.088544842475850771e+01 7.248980536280157594e+01 6.596681476930427834e+01 4.444448162983391626e+01 5.926006088322882448e+01 6.809137854078552721e+01 7.044144395761038879e+01 6.240111124257990127e+01 4.498608418351350480e+01 5.882020886293643969e+01 7.848812969618198565e+01 8.757227063312261350e+01 9.583010606628934624e+01 1.008740902354082323e+02 9.979954632678409610e+01 8.234327169620267739e+01 6.233557568009002381e+01 6.077345738458200941e+01
5.046182318211513262e+01 3.623427708991285101e+01 5.637222721163171002e+01 6.679267210568086455e+01 8.103863093866043243e+01 7.077120953681517790e+01 5.058347359576452362e+01 7.077120953681517790e+01 8.699571774705501070e+01 7.365698220127016782e+01 6.518556967942298286e+01 5.085619904561516336e+01 6.518314950370614724e+01 8.569218438631212109e+01 9.385588868572537535e+01 7.346097393729685621e+01 7.346097393729685621e+01 5.904710815269790913e+01 3.853969888817425726e+01 5.645196932610608087e+01 5.043423302362184302e+01 5.685022971934375846e+01 5.723964173631456731e+01 3.804128836127899405e+01 5.830821723737162188e+01 6.002275272355726088e+01 4.277987278587695386e+01 6.233288826533676286e+01 6.457986646983117396e+01 8.433134102669674803e+01 8.490001987601505107e+01 9.089805626662982263e+01 8.065472821793221669e+01 8.065472821793220248e+01 7.380969022192655871e+01 5.732300886678596186e+01 7.108438075531637423e+01
5.300038773989533780e+01 3.477166253732871581e+01 4.906186471190333975e+01 6.924786469933572164e+01 8.030087352513587007e+01 6.009834767800045086e+01 4.582384945791964270e+01 6.601230519023707188e+01 6.821066785272380173e+01 5.976557132071166478e+01 4.493283167420263169e+01 6.518556967942298286e+01 7.968758345559422196e+01 8.748092554047445901e+01 9.520204747420099523e+01 8.287622993420710316e+01 7.439671400716315475e+01 6.739428327866339430e+01 5.644435998017796408e+01 3.599289242380161369e+01 3.570436354523192080e+01 3.638193807856445972e+01 3.706264647232467979e+01 5.165501897723931535e+01 3.903200957641599445e+01 4.059115683042048062e+01 6.024913035146067131e+01 7.002124527576675916e+01 7.805245552143222199e+01 7.713481495730439974e+01 6.486485347114148681e+01 7.073301767772908022e+01 7.904463550454255483e+01 6.078793734838487950e+01 5.424669607924995063e+01 7.380969022192655871e+01 8.536622483192073219e+01
3.270882076751464496e+01 5.300020894788139714e+01 5.495508444796768543e+01 7.504633365331450534e+01 7.764315562847920660e+01 6.170760738584373684e+01 4.148012429478787055e+01 6.170760738584373684e+01 5.468832946214058666e+01 3.948000338849801949e+01 5.976557132071166478e+01 7.341907863561634429e+01 8.433570031579505155e+01 6.877321175953562715e+01 8.441268052096394570e+01 7.440017782996723383e+01 5.338758273482401506e+01 5.949394504034410858e+01 5.337522012921042602e+01 3.473847859340969535e+01 4.292976021984149071e+01 5.583065773632417716e+01 4.467947391789726197e+01 6.208730014881662385e+01 5.899953384176730964e+01 4.012656944663142866e+01 5.322303802246081261e+01 6.146612830869595001e+01 5.699298993063310803e+01 6.176371928806820222e+01 5.159479736678342476e+01 7.055440111264843495e+01 7.058321782509329978e+01 5.095620844767022106e+01 7.072133278315854454e+01 8.215759848599007853e+01 9.155479695640256921e+01
3.132039411935905093e+01 4.982545751004404622e+01 5.639917576923265585e+01 6.833730370427097967e+01 6.932915614481555622e+01 4.912169175773669849e+01 3.738455496156070268e+01 5.242569190756432818e+01 3.429899692450491244e+01 4.978317296254311231e+01 5.818845498611333511e+01 7.371048681965555716e+01 6.647771800556603239e+01 5.760456052269172744e+01 7.668002602370204102e+01 7.926681161996859259e+01 5.801045520021911273e+01 3.690506184766086051e+01 3.382211846494328000e+01 5.409350823442792233e+01 6.091858571319175297e+01 5.468694223161080714e+01 6.459170636032858681e+01 5.711134572341788385e+01 7.179661456740655012e+01 6.279339283955110318e+01 4.121199139168067660e+01 4.197583102998387261e+01 4.274813620486878563e+01 4.351900206547202998e+01 4.428883176424195511e+01 6.417827614895996646e+01 4.723633815341007391e+01 4.962741641299945883e+01 6.865318777198727673e+01 8.536305139062532987e+01 7.093901376857078844e+01
4.982588516928596789e+01 2.942304011553206067e+01 3.811546787293360694e+01 5.808327077016518558e+01 7.155871233763241435e+01 6.599408702909492774e+01 5.242563225915770175e+01 3.211763588030821381e+01 4.752823232654077401e+01 2.988088016650835854e+01 4.967119315443325434e+01 6.633471257516495712e+01 4.697006021725085390e+01 6.647639563369361326e+01 7.559629869058372265e+01 6.721384483823909761e+01 5.327983113882102373e+01 5.238724840428942997e+01 3.317303702761076778e+01 4.504841311198925524e+01 6.661245809256028849e+01 6.465326585438641871e+01 7.896230564613885861e+01 7.089624277115918005e+01 7.666724102761571658e+01 7.578201750347459154e+01 6.289221694663666540e+01 4.630642949409799769e+01 6.257574762637608501e+01 6.340091244266952941e+01 6.380757305379638922e+01 4.538360977890403802e+01 4.619527334413285047e+01 4.698653318956417735e+01 6.688879918919299428e+01 6.896006214258099476e+01 5.067793182719134393e+01
3.840730854610710310e+01 2.813807548025262761e+01 4.673458641910045941e+01 4.511202753127444254e+01 5.632202020416945487e+01 6.323414789669199365e+01 5.297927195421184621e+01 3.281495117846795750e+01 2.712953551792719509e+01 2.756883693299373661e+01 4.788509981224193979e+01 5.333278811552793286e+01 4.112065757207524541e+01 6.066206363825244097e+01 6.054204617420237611e+01 4.763733079911816759e+01 5.169112187071771558e+01 3.225360852580885052e+01 4.400145090474147480e+01 6.046427298365343006e+01 7.563359145167875397e+01 8.126017585139960886e+01 8.866180948513230931e+01 9.059966328678459035e+01 9.640899759113344203e+01 8.246076771214502799e+01 6.249461664596182686e+01 5.515478378426703188e+01 5.438922107794929417e+01 7.437246850165685430e+01 7.128075388507217269e+01 5.942231866923271610e+01 6.604548447183253757e+01 6.683344317468022666e+01 4.814973278235692078e+01 4.901036831941359395e+01 4.989290776925140847e+01
5.607369901183101035e+01 4.393401230140012359e+01 2.637204323100878156e+01 4.498420892117162140e+01 3.667984557652680166e+01 4.534688834926074463e+01 4.628905632263597880e+01 2.651502997263094841e+01 4.690844821988162749e+01 4.744956527689254244e+01 2.819708112398589961e+01 3.337922683266364743e+01 4.949480611870220059e+01 5.013455134637133881e+01 4.242471930701643856e+01 5.102645004469436429e+01 3.133421979030702786e+01 5.167447063844545596e+01 5.937757540941665724e+01 6.357630508665951652e+01 7.233457606707750642e+01 7.545192679654918777e+01 8.426569638938840967e+01 9.099220694281856936e+01 9.932843000549810597e+01 9.067620555128982573e+01 7.502287761850065806e+01 6.920820645577660457e+01 7.439576539061565086e+01 6.373101299478101822e+01 8.387587518867672998e+01 7.940838976474201161e+01 7.472202479180958790e+01 5.480908070915727137e+01 6.809262728492738859e+01 6.896007675616158394e+01 6.970624859350060376e+01
4.906726138557915817e+01 4.398441380742890061e+01 2.787098921598441237e+01 2.464413831915621955e+01 2.506005516405920019e+01 2.548074560377081355e+01 2.590559328882766366e+01 3.978387764337762178e+01 5.421228323335958521e+01 5.322266588388013986e+01 4.250718489261009125e+01 2.883004267805396736e+01 2.928392730338710237e+01 2.974101205173415963e+01 3.020216877480967455e+01 3.066760370807930514e+01 5.104500926875653732e+01 3.231469009873782738e+01 5.263589366526809243e+01 3.628388859893581042e+01 5.945426222928929860e+01 5.411091372388720799e+01 7.536572928005296035e+01 7.071393807811168131e+01 8.569538913572189642e+01 9.404258052171019244e+01 9.487859293150815176e+01 8.963719367169895236e+01 9.246098653917960064e+01 7.271596443283084454e+01 9.246098653917960064e+01 8.230365184034229742e+01 6.226744989401639430e+01 7.473067932857658491e+01 8.307086436369274907e+01 7.675823524691205080e+01 5.691198381723135924e+01
2.335621279500880121e+01 2.367757824842757941e+01 2.408621736947569758e+01 4.436880690531254601e+01 3.943232218422065216e+01 4.571015706170260273e+01 2.983534948415987742e+01 4.937571047508998845e+01 6.514780906080122236e+01 5.379150393681800324e+01 3.353703753878613725e+01 4.967477449641851450e+01 4.974840712718390279e+01 4.421126615573827934e+01 5.073355232090107592e+01 3.567927432723340075e+01 5.464887349323179677e+01 4.964672155455605207e+01 3.329381742167744562e+01 3.398458613047569088e+01 3.851205641794694401e+01 5.320785206445532367e+01 7.367614892254985648e+01 5.901931909825112399e+01 6.543387366157388385e+01 8.141089644823570382e+01 8.977171325327455520e+01 9.882737578247413524e+01 1.015925714739336030e+02 8.722396229440978743e+01 1.015925714739336030e+02 8.812649411560353485e+01 6.795557679152123853e+01 8.812649411560353485e+01 9.606222840810403341e+01 8.096689405532218586e+01 6.107162935745707699e+01
2.317572924097548182e+01 4.341433596599627975e+01 2.696889318547079739e+01 5.045459149849299507e+01 5.931225162621363722e+01 5.772389974277351143e+01 4.944529265105721549e+01 3.993836789640669593e+01 6.036239274428140789e+01 6.276173487194721190e+01 5.405457905741050695e+01 3.844321819806766882e+01 5.895871060084263604e+01 6.445256110684358930e+01 5.467019484853782529e+01 5.467020201829515003e+01 4.611667544282747855e+01 6.118396011250258226e+01 5.358990571757981058e+01 5.424944314235678178e+01 3.496073601093880967e+01 5.518997870677299034e+01 6.275946789194896525e+01 4.893718766230082196e+01 5.474711345957091879e+01 6.113090788211188453e+01 7.019085646836254000e+01 8.456243712689483516e+01 1.047939138631273863e+02 1.076478848058675908e+02 1.024473528605180519e+02 8.219460019863063849e+01 7.798859099103857773e+01 9.648167157649544379e+01 8.767683244018600419e+01 6.754701726494317882e+01 8.096689405532235639e+01
4.284220674568361176e+01 2.596511723739200761e+01 4.614497866406604487e+01 5.136632668781538769e+01 5.353050689789912298e+01 6.190995248898009606e+01 6.875830767035854763e+01 5.441506173014730763e+01 6.036239356083360974e+01 6.937847723536914657e+01 4.853894396632348673e+01 5.895871060084263604e+01 4.426289093069141245e+01 6.492265523675079919e+01 7.491771748519141738e+01 7.471175454691220352e+01 5.776325971544012106e+01 7.471175454690758500e+01 6.617738448217387770e+01 4.001661347325904927e+01 3.564786818649616862e+01 5.585795120020283377e+01 4.258630355298346615e+01 6.275946789194896525e+01 7.499780096912331828e+01 8.141089644823570382e+01 8.977171325327455520e+01 9.882737578247413524e+01 9.700315236239808314e+01 1.052687024203034980e+02 1.107687454950616370e+02 1.024473528605180519e+02 8.971833764981738568e+01 9.564271930018263390e+01 7.533361297843184445e+01 8.767683244811006205e+01 9.606222922788967367e+01
4.245439038995830572e+01 4.610111308756061987e+01 2.888846321820005869e+01 3.103139833486360644e+01 3.323889274434765184e+01 5.353051085997095271e+01 6.505001284790915861e+01 7.472052272676276630e+01 8.065814932784920188e+01 7.819233287557710810e+01 5.765631853669284368e+01 7.372110731966388641e+01 6.492265523675079919e+01 5.061219350484318369e+01 7.154052595084449706e+01 8.640755791079189407e+01 7.807915892840692607e+01 7.717033013046604140e+01 6.201141659963671771e+01 4.169512982891710351e+01 5.585853494405584740e+01 3.662751102216547139e+01 5.600194005664716457e+01 6.585131338585269134e+01 7.783413840756679747e+01 9.409430000723510545e+01 8.578813743788430202e+01 8.422438595920286275e+01 7.679814860172935198e+01 9.112926637405585950e+01 1.111839675792871276e+02 1.182396675925624265e+02 1.099385317977859415e+02 1.040177870343420636e+02 8.706338946249508126e+01 8.619032985191253715e+01 1.064971957292745657e+02
4.897714713847592805e+01 5.746376434822104784e+01 4.331378017739258723e+01 4.543790388735117602e+01 5.353051085997095271e+01 3.644271864341816780e+01 5.667046629552479686e+01 6.828509753595807297e+01 8.259872388310164126e+01 8.768973222342198426e+01 7.256405579453124233e+01 8.768973227910848323e+01 7.652753068436085471e+01 5.537084449939975883e+01 7.021658223975202873e+01 9.176301073314509438e+01 8.623440788607848617e+01 6.879234542857567192e+01 4.844959299851556267e+01 6.201141659716907384e+01 6.518953541312311017e+01 5.681540614199270323e+01 3.761697120551473716e+01 4.924096988839054490e+01 6.945929040462948478e+01 8.243154816230308768e+01 6.553801636368437755e+01 6.396906320994098394e+01 8.422438595920286275e+01 1.019839352314099727e+02 1.041689126429252639e+02 1.124100737600965516e+02 1.189484799933180028e+02 1.157145911381790455e+02 1.073623019043986204e+02 9.639167557808275433e+01 1.148501996003049186e+02
4.656528570180407911e+01 5.994259260615970675e+01 6.357186412120581309e+01 6.568252742327342730e+01 6.505001284790915861e+01 5.667046629552479686e+01 3.971360976426609568e+01 5.397146076219093658e+01 7.139025652490165896e+01 8.271692932465181514e+01 9.406625056844049482e+01 9.754453511182857994e+01 7.591380427570744871e+01 6.084037829128109109e+01 8.224930656444541910e+01 9.220348128374637042e+01 7.193231036407208023e+01 5.757271289176947704e+01 5.864468826477160945e+01 7.716981718071328089e+01 7.278992872341028431e+01 5.254890713021128335e+01 3.831592159555098220e+01 5.254876402441375660e+01 7.278029331719008610e+01 6.967937299109452454e+01 5.385781139401500184e+01 7.409672458457245625e+01 8.348317247672440544e+01 8.180154528808371595e+01 8.401441036469228152e+01 9.898145030835839009e+01 9.898145032821464895e+01 1.148093774890546825e+02 1.249455016073699767e+02 1.166027158804664481e+02 1.249455016073699767e+02
3.129467886502900598e+01 5.155239083052295257e+01 6.535587338425240489e+01 7.705676142822963470e+01 7.644263001240334177e+01 5.618632230046746656e+01 5.990342402338985295e+01 4.313029099503631869e+01 5.468521174686583919e+01 7.429610397044672254e+01 8.397171540591352823e+01 9.406876136180029846e+01 8.909285494062692123e+01 6.745164056620401993e+01 8.909285494062692123e+01 9.220236971970611251e+01 7.193230421601130331e+01 7.193230409639278378e+01 7.300423006495127254e+01 8.730153907542657521e+01 7.403211367097395623e+01 5.330775005396839816e+01 3.901392772851744439e+01 5.916426796325015403e+01 6.546361039149898886e+01 4.945803187323071626e+01 6.968022948225390678e+01 5.925837921888885518e+01 6.321830683299321407e+01 6.742810344054852578e+01 7.284500015521037142e+01 7.873140454114832210e+01 8.646082866897508268e+01 1.007592666304058611e+02 1.206642311579273752e+02 1.217388427387058272e+02 1.134173685333606869e+02
5.155239083052295257e+01 3.671155700835205948e+01 4.839555618305302431e+01 6.867221674419435828e+01 8.481233536412162266e+01 6.882006866502628384e+01 4.859431601121598021e+01 6.331531603549688469e+01 4.779790705339293311e+01 5.539619388407264466e+01 6.551112309196631145e+01 8.576462876121009060e+01 9.731444173997790870e+01 7.556214775436869502e+01 9.731444173997790870e+01 1.005364930060464417e+02 9.220236971970611251e+01 9.220231025777394507e+01 9.327023378787079366e+01 8.737676956158983899e+01 7.371033794453660448e+01 5.388544230979324112e+01 3.971046985626167469e+01 4.249080947461917646e+01 4.528271921941415457e+01 6.546361043054791651e+01 7.802647759378659487e+01 7.950890534734342907e+01 8.348317247672440544e+01 7.916775875322952061e+01 9.313576561964106304e+01 9.898145030832479563e+01 1.065892957611861931e+02 1.065892957612377643e+02 1.264582312216106459e+02 1.115898167760082771e+02 9.303306241605913840e+01
