LEM/sinusoidal_perturbations/elevation_000688.asc
nrows	100
cellsize	150.0
xllcorner	0
ncols	100
yllcorner	0
NODATA_value	-9999
[rows 0 to 16 of 100, columns 37 to 73 of 100]
1.073293620180130148e+02 1.027741198327601211e+02 9.396012918889435639e+01 9.396012918889437060e+01 9.560351592018535882e+01 1.005332768144128863e+02 9.429876455728388862e+01 8.946636748961429930e+01 9.282538996178597301e+01 9.602446778098413915e+01 8.720787028329831969e+01 7.334234149281148518e+01 8.185394274430842643e+01 9.129533995635600263e+01 1.064077810391932388e+02 1.279317059306373920e+02 1.415824482177639254e+02 1.331650603809629558e+02 1.331650603809590336e+02 1.300013101175975976e+02 1.216125018997694980e+02 1.189916475661554074e+02 1.273769796078947394e+02 1.347196701825466789e+02 1.303552996824899424e+02 1.387634080906296674e+02 1.309702667548877741e+02 1.224961898280080987e+02 1.224961898280080987e+02 1.243987165519127558e+02 1.243987165519127558e+02 1.328786170669398530e+02 1.317001632729118228e+02 1.232567264232433502e+02 1.286335890064943897e+02 1.201976666755290211e+02 1.228320336800254182e+02
9.493632134812621359e+01 9.396012918889435639e+01 7.299704505849130953e+01 7.299704505849130953e+01 7.460252320650525348e+01 7.945928810782935159e+01 7.331257570394913614e+01 6.861846030268613106e+01 7.184830134649816102e+01 8.152711547182161667e+01 6.633544432033107796e+01 8.720787028329831969e+01 8.267656291068119856e+01 1.039686808193851988e+02 1.127119926821449951e+02 1.341805185184475420e+02 1.331650603809627853e+02 1.129510334892994194e+02 1.129510334892994337e+02 1.216125018997694980e+02 1.015946362878645459e+02 9.901432218682550968e+01 1.157979732027311428e+02 1.148067892266431897e+02 1.101830381096861942e+02 1.270955209050847117e+02 1.224961898280080987e+02 1.023628227100192589e+02 1.023628227100192589e+02 1.042277132029557265e+02 1.042277132029557265e+02 1.243987165519127558e+02 1.200417038488227490e+02 1.031428864969517321e+02 1.142594073578928260e+02 1.001375296966739086e+02 1.027274428778213320e+02
7.692245426548943499e+01 8.450892932279383274e+01 7.913699024570229312e+01 5.873390847335119958e+01 6.028398345821532445e+01 7.757253909599451447e+01 5.901571541536893761e+01 5.452944240750052529e+01 5.758570947889925407e+01 6.091605843884947546e+01 8.152711547182161667e+01 7.824983821805666651e+01 9.944476965233398857e+01 9.325018981964066711e+01 1.055857892098850641e+02 1.271198916729214972e+02 1.305189016246979463e+02 1.103451572697033640e+02 9.892046133239817607e+01 1.103643972212868505e+02 1.053926888641464359e+02 8.755787125569571572e+01 1.044332961063236240e+02 1.007911164731132772e+02 9.871424133787201072e+01 1.181206052511201534e+02 1.211845014901219173e+02 1.082597494107599374e+02 8.831252541148694490e+01 9.017132711425085745e+01 1.042277132029557265e+02 1.243987165519127558e+02 1.116439955273618239e+02 9.167017366406463452e+01 9.425209921652326273e+01 8.867267543089994319e+01 1.027274428778213320e+02
5.604231442289447074e+01 6.333996348485126759e+01 7.833730605321518681e+01 6.893274134421403687e+01 4.913109476791968433e+01 6.633913671567216852e+01 5.042472429896745467e+01 7.031772710540120386e+01 7.184830134649816102e+01 7.263333907218373042e+01 9.031081241640761448e+01 9.040649965143619227e+01 1.082871482528018134e+02 1.055857892098850641e+02 1.235215973367824205e+02 1.358954745736459415e+02 1.389409066441846505e+02 1.272667408480821791e+02 1.103643972212868505e+02 9.047756379272537686e+01 8.548708009457659784e+01 8.089742665529689702e+01 8.457983898847329840e+01 9.979514062139071484e+01 8.983640588681348049e+01 1.097669859628248190e+02 1.127540090310069871e+02 9.275459288052941531e+01 8.126200088484392836e+01 1.012073407328934564e+02 1.185531651349479034e+02 1.218163843212620918e+02 1.134140055740123074e+02 1.001121040978414811e+02 8.017169428091618499e+01 1.001121040978414811e+02 1.170001215083033372e+02
6.954021002807832019e+01 4.969336943515796889e+01 6.355558737426343185e+01 6.077325611479858480e+01 4.412456442594548633e+01 4.670564169146084055e+01 6.633913671567216852e+01 7.898286093409312514e+01 9.282538996247656371e+01 9.367623996876167780e+01 1.025064648584158675e+02 1.117912760798232199e+02 1.206229710417462826e+02 1.271198916729205308e+02 1.358954745692345227e+02 1.452430293998413617e+02 1.462173683351987279e+02 1.378178787031310151e+02 1.187200159967157873e+02 1.103643972212868505e+02 1.053926888641464359e+02 9.559098855668838723e+01 7.565387379441153826e+01 7.987292463575424506e+01 9.395202545916392012e+01 1.139240496984175337e+02 1.131297408364210497e+02 9.704844988130814443e+01 7.710270548006492675e+01 9.118698448624697050e+01 1.111992791334455148e+02 1.134140055740123074e+02 9.338943388775828680e+01 9.586079444044865738e+01 7.592232050770769547e+01 9.586079443918258391e+01 1.061840170381951935e+02
7.835951662893818082e+01 6.355597066530321371e+01 4.453094329171316446e+01 4.130987564879222163e+01 6.079532844397980540e+01 4.872281802077666413e+01 6.823652634522014182e+01 7.906499261206072049e+01 8.417401498372032620e+01 8.973714759138655950e+01 9.591453298125064464e+01 1.030355209233496936e+02 1.118896046633178969e+02 1.225962731781718418e+02 1.392479047126303442e+02 1.248734303431404129e+02 1.344988383445754891e+02 1.175129493226698685e+02 1.137199419962863942e+02 1.037319893446037327e+02 9.543708446908233611e+01 8.839696751759302629e+01 7.234244177769684825e+01 9.226830314647786224e+01 9.980169592481910001e+01 1.198337006241408602e+02 1.047387167294273382e+02 8.477020609731832224e+01 7.327200573681201945e+01 9.320988958155979276e+01 1.095845973940007383e+02 1.111521788699135840e+02 9.865753678850602171e+01 7.931515806772117116e+01 7.194558981731438507e+01 9.187309965391177968e+01 9.618948581540597331e+01
7.739163735816450185e+01 6.878098780574879356e+01 5.881689717813765128e+01 3.927451406009574697e+01 5.881689717813765128e+01 6.823652634522014182e+01 5.355846547360823706e+01 5.757266513666979790e+01 6.249826879831464055e+01 6.819122764915195489e+01 7.451544227489408456e+01 8.167255709705227673e+01 9.231324153509279995e+01 1.137578003116066157e+02 1.291427429304978602e+02 1.106661910280980976e+02 1.254919744484979134e+02 1.060160765785567776e+02 1.053949753722401823e+02 8.547957318299546614e+01 7.551589351671340467e+01 6.848892360082722064e+01 8.836717792087502232e+01 1.002727839047916518e+02 1.014658053113395226e+02 1.098339365587726775e+02 9.330697231979935680e+01 8.498826642478435645e+01 6.975737803834095985e+01 8.124961561682157196e+01 1.012087450903191410e+02 9.464067225690047280e+01 8.280764984379702298e+01 7.041563179514135129e+01 6.812128351592822639e+01 8.803804859778507819e+01 8.787811911418435784e+01
6.880275535326970271e+01 4.889206253267546032e+01 5.463420596032225518e+01 3.743360066197534053e+01 4.867897380701636934e+01 6.853068247601422058e+01 7.437498225411984265e+01 7.906499261206072049e+01 8.417401498372032620e+01 8.973714759138655950e+01 9.591453298125064464e+01 1.030355209233496936e+02 1.118896046633178969e+02 1.225962731781718418e+02 1.207528694024475584e+02 1.007588260167954530e+02 1.107558477096215626e+02 9.718244949223310414e+01 1.137147618063650327e+02 1.037317230846793876e+02 8.597651428090952663e+01 6.600391380746786751e+01 8.233361568270811404e+01 8.731451131374357999e+01 8.149181804840989685e+01 1.014658053113395226e+02 8.498827146120055431e+01 6.506918647445387194e+01 8.058888153054721215e+01 8.889696578769557789e+01 9.464067225690044438e+01 7.469497880231634213e+01 7.835508174699947403e+01 6.289515996597059910e+01 8.280764984379700877e+01 8.340399944157577750e+01 8.126421517410332740e+01
5.828378182385733908e+01 5.224202972730964234e+01 3.483542414855066482e+01 5.463341895833192297e+01 6.552075102205807866e+01 7.714497675410839861e+01 8.152604737923596190e+01 8.254068846830071493e+01 9.132877581325060135e+01 9.135581576215339794e+01 1.002135164124753146e+02 1.059004211193754230e+02 1.064015392476865429e+02 1.152744686475530926e+02 1.291427429304978602e+02 1.107558477094900127e+02 9.085316640561472923e+01 8.968502679428210911e+01 1.095814629656774457e+02 1.059025949729202836e+02 8.591312898147168653e+01 7.665458741986915925e+01 6.258656046152909624e+01 6.741704773262935646e+01 7.920009926228021868e+01 9.914970674393147476e+01 9.330696937488353626e+01 8.058888154212981192e+01 6.067283264981784896e+01 7.643609828163607745e+01 8.248883289223005022e+01 7.420222409924787144e+01 5.844071164479388614e+01 7.834851574498526361e+01 7.701853181308399598e+01 6.350412509268031869e+01 7.036348981425736326e+01
4.049661041020046071e+01 3.226845321843244818e+01 5.224202972730964234e+01 5.796886382294227502e+01 6.080041213420063428e+01 6.383458585816757136e+01 6.099360726329813076e+01 6.188178123201589642e+01 7.461275891289065498e+01 7.021861657616587138e+01 8.444614784016459907e+01 8.444614784016459907e+01 8.486540977195222979e+01 1.064015392476865429e+02 1.243627814322360052e+02 1.047549749920126487e+02 8.483941674805345201e+01 8.302995602405437126e+01 1.029493454827969430e+02 1.027838391954657880e+02 1.046437618666880240e+02 9.077815219332754282e+01 7.920008936058042082e+01 5.929142591871994483e+01 7.610967218768712428e+01 8.438546443177703793e+01 9.547014364993883362e+01 8.889696835401207409e+01 7.643609828163607745e+01 5.653887016021686662e+01 7.245665265735219407e+01 5.432006133561888817e+01 7.418729888659117933e+01 7.399006724383978906e+01 6.617069657812075434e+01 4.960434334785033172e+01 5.058876769476650992e+01
2.974653888350394126e+01 3.257118835258361145e+01 3.544991268220386615e+01 3.832937867943388710e+01 4.123271907907091105e+01 4.422828329925888369e+01 4.725522838395023939e+01 5.061545070094657461e+01 5.431339481044602024e+01 5.851309144100055448e+01 6.345498905940073087e+01 6.990040176660298243e+01 8.207825023133250397e+01 1.035971230958968192e+02 1.159925023129720785e+02 9.603643106180589939e+01 8.455519531340581807e+01 7.700262865866326933e+01 9.195824835036097511e+01 8.284099564393524417e+01 8.583829124824261214e+01 8.310502200084562219e+01 8.044508540500157778e+01 7.610967218768712428e+01 5.621808491308584621e+01 6.726100584411716454e+01 8.136557712946935794e+01 9.323301935851054623e+01 8.473554657504222121e+01 7.245665265735219407e+01 5.262716198360939757e+01 5.158099485261022465e+01 7.101141886088079502e+01 5.803719272158235754e+01 4.822374948998651689e+01 6.788651950728335294e+01 7.036349068579062305e+01
4.779406453784089592e+01 5.254017886489439348e+01 5.523905686594655151e+01 5.210157749762498014e+01 5.081599202501736556e+01 6.383458585816757136e+01 5.578078120015656793e+01 7.061326281426818241e+01 6.578437767785169399e+01 7.915916132647677728e+01 7.892874033655431276e+01 9.117319605488332002e+01 1.000699392097527038e+02 1.124823685270336711e+02 1.208164028645960144e+02 1.007972820963499743e+02 1.034674279244491260e+02 8.353294414869080242e+01 7.203031106416327134e+01 6.877530616706027899e+01 6.593977512384590511e+01 6.319986439840879910e+01 6.053089021045168749e+01 5.804873218116986777e+01 5.561797221760345877e+01 5.320709741053841668e+01 6.503191097036172152e+01 7.913236561191212104e+01 9.105683180489957351e+01 8.074767822407694950e+01 6.864045904196066772e+01 4.893898607334203632e+01 6.595144004849903752e+01 4.729761410334727145e+01 6.691863397964682747e+01 4.948268186158402671e+01 6.920583487597778571e+01
4.504669628674051296e+01 5.191064389965102066e+01 6.828814023139344158e+01 7.213379039579474750e+01 7.078483224338395985e+01 7.078483224338394564e+01 7.608996110653792755e+01 7.224306897901550428e+01 8.667255195424760927e+01 9.549291331478687539e+01 1.023485421136463032e+02 1.001476182952463603e+02 1.009202323133366264e+02 1.009202495074223975e+02 1.093669534043595775e+02 1.208164028645960144e+02 1.117946529784146179e+02 9.864701954511265569e+01 7.871721306863649659e+01 8.868211928403617605e+01 7.999929728362221226e+01 8.310502200084562219e+01 6.866267240082051160e+01 7.795581265118379122e+01 7.550542200643721458e+01 7.086334360144525135e+01 5.096110431529150020e+01 6.286073835926059417e+01 7.695870033604163041e+01 7.914633569697600990e+01 7.330106155233313814e+01 6.505167893700973991e+01 4.637315766992495725e+01 6.588586527718261721e+01 7.511804550915522327e+01 6.920583487597795624e+01 5.075107080760795952e+01
3.489595657602122714e+01 5.260143543956162659e+01 6.441068870373904076e+01 7.265518970086179706e+01 8.307555434858497279e+01 9.157562514992497427e+01 8.940786573707660523e+01 9.320666816954228295e+01 1.020152674352241746e+02 1.001335897756255804e+02 9.174041383254277093e+01 8.158350931878926815e+01 8.086786878986175964e+01 8.086786880299857216e+01 1.009202481671525504e+02 1.164573311747804496e+02 1.149729262926335878e+02 9.497785573279085725e+01 9.279668742799533732e+01 1.069613142921750182e+02 9.993486966824386286e+01 9.686778990425160885e+01 8.273297315350356484e+01 8.857374798491636625e+01 8.494166734979908995e+01 6.503191097036189205e+01 6.869183125640674348e+01 4.886911723020731557e+01 6.656659457955009884e+01 5.928633565324966526e+01 6.415336050340464169e+01 4.550454421078808309e+01 6.505167525613596524e+01 6.013982756614377223e+01 7.999229168063017426e+01 7.880453903537627980e+01 7.053358427972221989e+01
3.272600127208724530e+01 3.926542684931341398e+01 4.582745217513379998e+01 5.618914522873648565e+01 7.480434845195755145e+01 8.321839399515467051e+01 6.806437278229745402e+01 8.321839399515693003e+01 9.655939393610837840e+01 8.857333584254681114e+01 7.181686634258038282e+01 6.834420253648042376e+01 6.693926663085257189e+01 8.674106758503954495e+01 8.783233705228734323e+01 1.033054380653959896e+02 1.134190994008277897e+02 1.149729262926335878e+02 1.127709706866464927e+02 1.066079307664280833e+02 9.829416314726161374e+01 1.066079307664280833e+02 1.026746257976808039e+02 1.085531754760645242e+02 9.323301977702865884e+01 8.494166734900117888e+01 7.695893820627655657e+01 6.656661009277802066e+01 4.703590000239840663e+01 4.583457374123076278e+01 4.463319536769656537e+01 6.415326181522480908e+01 7.330075917997437784e+01 7.999511469082960957e+01 8.828583314983735875e+01 8.393825620012832189e+01 6.439260551382139397e+01
5.568362171320661247e+01 4.857074384542943335e+01 6.441068870373904076e+01 7.265518969308224939e+01 7.605110467408105990e+01 7.383137852065476636e+01 5.353404466484357016e+01 7.383137852065478057e+01 7.653322823766711736e+01 7.653274610977054238e+01 6.052723532821049446e+01 5.722854884002538967e+01 6.238538927662118283e+01 6.801805655480329449e+01 7.494930068117409405e+01 8.481334534919567147e+01 1.049432618674537139e+02 1.152242263771680371e+02 1.036817049633310148e+02 9.537635360768004489e+01 7.839118119490500192e+01 9.461650564448625289e+01 9.410377954951414381e+01 1.024075825506879625e+02 1.033974340763348465e+02 9.193042291403763500e+01 8.304560704957789596e+01 7.395532292234305771e+01 6.591903788676260945e+01 6.270430167829388779e+01 4.401180438509953774e+01 6.352011180838518101e+01 7.850788844373445841e+01 8.677709959470442413e+01 9.672919757792227813e+01 9.195968589738983212e+01 7.974117739125611592e+01
6.511882735723244764e+01 6.823794708574244794e+01 7.673222045519968049e+01 6.700757067113154619e+01 5.145775512386908446e+01 6.486041112749370541e+01 4.476482613397436694e+01 6.502188172459543125e+01 7.498387492066179050e+01 5.691892333887174971e+01 5.198747936946599424e+01 7.142419587274355308e+01 8.211244696277674393e+01 8.783233705228734323e+01 9.487830360832465715e+01 1.033054380653959896e+02 1.134190994008277471e+02 1.068856845891475871e+02 8.695093856811919864e+01 7.548209824558610137e+01 6.846528201162891492e+01 7.471797303643472787e+01 7.420973627791956062e+01 9.089586001505347213e+01 9.505960030422016871e+01 7.530910785389650641e+01 6.372116002638443888e+01 5.404253749818300889e+01 4.721330193901074779e+01 4.320242551745959503e+01 6.146773534071191136e+01 5.219456955197361481e+01 5.869631401786074321e+01 6.858041368053413578e+01 8.843537212710442930e+01 1.028157197663030473e+02 8.291771824815113234e+01
