LEM/sinusoidal_perturbations/elevation_000877.asc
nrows	100
cellsize	150.0
xllcorner	0
ncols	100
yllcorner	0
NODATA_value	-9999
[rows 51 to 67 of 100, columns 37 to 73 of 100]
5.491532446128246647e+01 5.899144231243943892e+01 6.338402638517649734e+01 6.816513712147158799e+01 7.562662948384614481e+01 8.973579296067470068e+01 1.099729529981478322e+02 1.145670812612055727e+02 9.774077216337788343e+01 1.145670812612055727e+02 1.155824200576771830e+02 9.802693163645460572e+01 1.164117941103140623e+02 1.134014877234319130e+02 9.384152531213011628e+01 9.590322270553468798e+01 1.111685528716384539e+02 9.998664213957030711e+01 8.032600515446198131e+01 9.998664213957030711e+01 1.084027207595033957e+02 8.912247506106858452e+01 7.546975471424791237e+01 9.146207555861226979e+01 7.210120871038002122e+01 8.330267988865357154e+01 1.028291791811504794e+02 9.517645657526021807e+01 1.120360155128893354e+02 1.061344048945078811e+02 1.262837639076310552e+02 1.187490752164208203e+02 9.827933954036453201e+01 1.042747863107852027e+02 8.835851923980962397e+01 8.233631547997372024e+01 1.115553499001764806e+02
7.466871970970704808e+01 7.881368820049574708e+01 8.325754094677436967e+01 8.809003928790964721e+01 7.873938846476463027e+01 8.870794143613031224e+01 1.030001573847522707e+02 1.233054178717368217e+02 1.177838335293541689e+02 1.261755173895767115e+02 1.264668092788357256e+02 1.180779335277085949e+02 1.264668092788357256e+02 1.216887974952310856e+02 1.034891597846653895e+02 1.145377108081159747e+02 1.211363504555302342e+02 1.056249295833946604e+02 8.583404932578412172e+01 1.056249295833946604e+02 1.031499113165693302e+02 8.371539307591515922e+01 9.486300487190447939e+01 9.626842634556989253e+01 7.684935578409982782e+01 9.626842634556989253e+01 1.111370530959622300e+02 1.149710942895561772e+02 1.149710942895561345e+02 1.262837639076310552e+02 1.347676101647105895e+02 1.272418171095939812e+02 1.187490752164208203e+02 1.045590662053770501e+02 1.022191641462276976e+02 1.151440394561188043e+02 1.259131430905730014e+02
5.896590340428619470e+01 7.876877199985945310e+01 9.183100069575694135e+01 1.002441297713163806e+02 9.882768596188061849e+01 1.072028262247260955e+02 1.173180145952568694e+02 1.137694019909660170e+02 1.115525940583657558e+02 1.174921942559085295e+02 1.152115983052886037e+02 1.110171334557363565e+02 1.194233964048707719e+02 1.316425098769001636e+02 1.233146781767698030e+02 1.316425098769001636e+02 1.151191513648603149e+02 9.228354275979710053e+01 9.776370425708478251e+01 1.139697639110262486e+02 1.096631797308734804e+02 9.012337455516711771e+01 1.096631797308734804e+02 1.045273560915549922e+02 8.546524551553005722e+01 8.648220535625573291e+01 9.764617528409719682e+01 1.175408337632701858e+02 1.352787349600580455e+02 1.336942388045886787e+02 1.252744588942038177e+02 1.336942388046968517e+02 1.335245963927698654e+02 1.250335293187978039e+02 1.227794325542632095e+02 1.242676959894281055e+02 1.326995232320646210e+02
7.876877199985959521e+01 6.611453520788386129e+01 7.179506595002438019e+01 8.172510411490711135e+01 9.332923951541697249e+01 1.136951764454744023e+02 1.137694019909660170e+02 9.356991109151866226e+01 9.136327088524666351e+01 9.727658673508655340e+01 9.500622132239485040e+01 9.083134431739058812e+01 1.077507400193032225e+02 1.194233473095999756e+02 1.391717870872246579e+02 1.308304325707743203e+02 1.244382778735790254e+02 1.082733753878338092e+02 1.171793214695809553e+02 1.257067075478549754e+02 1.178455148450200198e+02 9.980738977133951551e+01 1.178455148450200198e+02 1.133431113144714573e+02 9.661258834988588262e+01 9.764617528409719682e+01 1.143965767403448979e+02 1.259526443425205997e+02 1.289856485411401650e+02 1.235786486497844265e+02 1.050830292278317444e+02 1.235786486497844265e+02 1.262786622585631591e+02 1.178640205207902625e+02 1.178640205207902767e+02 1.040714923014711815e+02 1.210121785453032430e+02
9.443698893602987710e+01 8.604712453629971947e+01 9.183100069575695557e+01 8.589692676276473549e+01 1.061571224649114384e+02 1.221306463061329453e+02 1.135643426991515952e+02 9.727658673508655340e+01 7.708124624380067758e+01 9.727658673508655340e+01 8.073376984153946978e+01 7.917166963379786182e+01 9.083134431738368164e+01 1.110171325089522583e+02 1.275789376443518108e+02 1.107737878042237156e+02 1.275789376443518108e+02 1.325143563221928957e+02 1.349093518955897082e+02 1.330483531438310649e+02 1.277109049273604029e+02 1.195189698626525683e+02 1.277109110501077112e+02 1.248854647860188436e+02 1.164772523220930367e+02 1.175408337632701858e+02 1.259526443425102400e+02 1.289856485411401650e+02 1.087685930597489516e+02 1.124784918641581299e+02 9.513123038954779531e+01 1.151787440610178237e+02 1.178640205207902625e+02 9.774250377048301175e+01 9.774250377048301175e+01 9.254663409244533057e+01 1.036359595788892847e+02
9.110929765254034862e+01 9.868910461065132722e+01 1.070524731820608224e+02 1.061571224649114384e+02 1.145913327798680967e+02 1.092547982159599940e+02 1.008625886196250150e+02 8.497615529432644621e+01 7.069392379152884587e+01 8.926726462430384856e+01 6.907149286688692769e+01 8.926726629107875510e+01 9.939066306156952635e+01 1.094945282087897596e+02 1.192507457467741432e+02 9.931955480811961934e+01 1.192507457467741432e+02 1.349093518955897082e+02 1.153578655774419133e+02 1.132384938492527482e+02 1.272540905314172619e+02 1.271298388218620232e+02 1.354707649923831809e+02 1.326153820260309431e+02 1.241792099969522241e+02 1.226083384909906329e+02 1.310424717241673136e+02 1.267614972240900499e+02 1.065622773326266355e+02 9.242464138327689227e+01 8.806853798997381944e+01 1.080908776295045470e+02 1.155298259622219632e+02 1.036359595788892705e+02 8.355824052019190162e+01 8.355824052019190162e+01 9.067957793188156757e+01
7.122255509826355535e+01 7.863482028055108231e+01 9.277575390388092558e+01 1.129651951675145085e+02 1.092547855527565304e+02 9.758813083103385111e+01 8.067743447931404432e+01 8.528879208015251834e+01 6.515913305347854134e+01 7.793848891069015394e+01 6.375594141753069266e+01 7.081372063039678721e+01 8.091698434838455967e+01 1.011035867065132976e+02 1.122040106742195178e+02 9.228434664888003169e+01 1.122040114273618201e+02 1.229568227393864390e+02 1.146820155564356156e+02 9.924562338207773848e+01 1.190406674424091591e+02 1.070856352579012452e+02 1.238825843036860306e+02 1.209317168543793315e+02 1.039963640299572631e+02 1.024449383987992661e+02 1.151492529463393737e+02 1.235603999754648754e+02 1.159645600363807318e+02 9.587522909024210094e+01 8.167293089712306653e+01 9.540740358088562800e+01 9.540740358088562800e+01 9.653741393030760776e+01 7.633422337904806909e+01 9.653741393030760776e+01 1.107220399983132637e+02
9.110929765254034862e+01 9.868910461065132722e+01 1.070524731820608224e+02 1.080501638342768302e+02 1.008625882255685440e+02 8.067743447930372724e+01 6.908076031641175518e+01 7.914471109991164610e+01 7.358895745239287578e+01 5.800646272128527414e+01 7.793848381089337352e+01 9.101028200691195025e+01 9.939066306156952635e+01 1.094943238284475626e+02 1.061980101576612157e+02 8.619069188961690031e+01 1.061980101576612157e+02 1.114535471057554759e+02 9.477966682191564018e+01 9.218854249741070817e+01 1.120597538887720077e+02 9.557269064951252346e+01 1.149302099182629036e+02 1.125266384448950134e+02 9.244390514347264798e+01 9.089673991452480095e+01 9.504283287322556362e+01 1.151492529463393737e+02 1.176713349286024908e+02 1.069980494897456822e+02 8.692246188305969667e+01 7.520323674335621433e+01 9.000761286008172135e+01 9.264930799303182596e+01 7.236958927400810637e+01 8.675400997209473530e+01 1.068818167805820849e+02
8.265554787289919147e+01 1.027278639338742749e+02 1.021523002921065171e+02 8.786291023700533742e+01 9.528262230916824649e+01 9.532543397274484676e+01 7.914472225179743248e+01 5.920967828713747849e+01 5.383617325424614108e+01 7.358896412060646242e+01 8.630565608741309802e+01 9.285348273502687277e+01 1.012351868429489485e+02 1.149808423586809880e+02 9.499798777266863681e+01 8.067553165798608461e+01 1.008508320390932909e+02 9.631397123216439127e+01 8.311549335882111222e+01 1.031913891572358324e+02 1.066199179068347576e+02 8.655223000011962142e+01 9.952491880605859365e+01 1.195760052239226638e+02 1.009318669672552886e+02 8.079525026079170402e+01 9.381249785560791565e+01 9.750947688307071815e+01 9.750947688307073236e+01 1.153703012375412982e+02 1.037565194536836799e+02 9.000761286008172135e+01 6.971911437452746441e+01 8.900333184223957517e+01 6.869022938355426788e+01 8.900696317445856209e+01 9.716526781324402862e+01
9.948073900066488306e+01 1.110884036550567942e+02 9.377561931451461419e+01 7.365443263036198118e+01 7.515446152262482826e+01 8.680317601305016240e+01 6.699399970762588907e+01 6.699483770590549625e+01 5.099097223186090844e+01 7.064439191878008728e+01 7.863432043450050912e+01 7.274455056403837716e+01 9.285348273502687277e+01 1.102708490914089481e+02 9.022383575536323974e+01 7.571255449018403283e+01 9.003742734231443023e+01 7.595522126341474234e+01 9.631397123216439127e+01 1.114535472305877732e+02 9.952491880605857943e+01 7.924961276955228584e+01 9.952491880605857943e+01 1.164541735566960909e+02 1.080405599567973240e+02 8.791904156700861961e+01 7.355067013023929690e+01 7.730081379412240494e+01 9.376150357760289467e+01 1.021322590778073334e+02 1.032107641993734859e+02 8.636867508665727655e+01 6.607435594771757792e+01 8.135763941760096429e+01 6.521973215947743086e+01 7.086202397522458796e+01 7.678603244196938249e+01
1.133668218287137961e+02 9.907102201371911576e+01 8.900196221106654093e+01 8.064387057252022828e+01 6.109338463956095211e+01 7.846989242211461146e+01 5.859254845306698201e+01 4.740615530574910252e+01 6.699484330930982878e+01 6.925659816709114125e+01 5.874116741239257067e+01 7.274455056403837716e+01 9.285348273502685856e+01 1.058962372513087757e+02 8.574555714681045515e+01 7.104917403959323963e+01 6.936549933793013167e+01 9.003742734177795626e+01 1.046019244682137384e+02 1.081374441747524457e+02 8.800486467482360808e+01 7.338424190954719961e+01 8.800486467482360808e+01 1.045812754099515018e+02 1.146586426673805619e+02 9.906516762985772573e+01 7.886941660400766807e+01 6.710937263329819302e+01 7.352025680804965191e+01 9.045145780411318981e+01 9.485864618021830097e+01 7.466338427870766736e+01 7.837075579009267301e+01 6.116355031236723505e+01 6.826407156527801590e+01 8.854378557070626243e+01 9.716526781324402862e+01
1.030726179370819722e+02 9.069632099783558488e+01 7.059142014720491431e+01 6.069501066761090868e+01 5.421197708711874697e+01 6.740018890796297057e+01 6.458362802352161225e+01 4.498003501993976982e+01 6.122163539395144483e+01 4.957503927062456484e+01 6.925659816709114125e+01 8.698986870348947775e+01 8.991086784839498591e+01 9.828883506048633478e+01 9.997474074054989046e+01 8.582145444303979787e+01 6.495949431608124769e+01 8.169699443939653349e+01 9.010815010600140340e+01 1.017616501504469824e+02 8.906558227434204866e+01 6.832973217995697723e+01 7.577726101234431155e+01 8.615554377043906698e+01 1.063389982901454687e+02 1.074371549020082028e+02 9.577442457943044474e+01 8.207521430646774263e+01 6.191700684759449302e+01 7.732387924216111230e+01 8.393413950772099952e+01 7.557165297130782733e+01 5.830399157676671251e+01 7.832141585583276822e+01 8.853189309001932372e+01 8.112869147810231141e+01 9.539358879223375709e+01
9.477587879995336095e+01 9.907102201371911576e+01 8.900196221106654093e+01 8.064387057252022828e+01 6.740018890796297057e+01 4.773243500093199287e+01 6.740018890796297057e+01 6.122163539395106113e+01 4.156112319269725219e+01 6.122163539372456142e+01 6.823103994054038424e+01 7.351423677204709861e+01 6.982917803000319168e+01 8.894387534512225102e+01 9.902602090518197997e+01 9.222598821433408034e+01 7.279192130494550383e+01 6.070544948159631105e+01 7.776922420067968744e+01 8.622093612648060912e+01 7.280805079369112320e+01 6.352173653991091840e+01 8.442890523611561093e+01 1.037013334049389925e+02 1.146586426673805619e+02 1.086209091666917885e+02 1.003117848811071582e+02 9.045145806443062497e+01 7.732387924288616432e+01 5.742294499534673236e+01 7.291166483262814779e+01 5.568485846936160044e+01 7.557165297130782733e+01 6.982563888863542445e+01 9.004182889317742422e+01 1.013033770981382560e+02 1.096982337218131960e+02
1.030726179370826117e+02 9.945224530487195125e+01 7.905556061736395179e+01 6.496449728687062475e+01 6.320702501239986759e+01 4.352813924549828073e+01 5.752623903124697335e+01 5.635789232074582600e+01 3.937835974450555199e+01 4.383239459000291305e+01 4.858801106273016757e+01 5.374632432975298002e+01 6.059895526280205047e+01 7.050941551277431074e+01 9.064626209444948302e+01 1.004098282794712560e+02 8.817394938636353174e+01 6.742409436088264840e+01 5.673848432274022002e+01 7.408137192183296804e+01 5.782226672806437051e+01 6.537110748774919955e+01 7.488528651889247101e+01 8.946775958721345035e+01 1.096149600194696205e+02 1.003117848811071582e+02 8.025600445715784304e+01 8.613020654134413689e+01 8.155763056096597552e+01 6.105491984725154708e+01 5.321763176801429296e+01 7.291166483262814779e+01 6.815641268891924653e+01 8.833149605615948019e+01 8.413898687253251296e+01 1.042938794273863579e+02 1.202341580800995189e+02
9.984052038545583230e+01 9.138189263537348950e+01 8.279842199526079582e+01 6.278460220330727282e+01 4.924847510850639765e+01 5.720426372504308432e+01 3.780202575790049480e+01 3.664570702727757379e+01 5.635789232046345631e+01 5.765392297472040894e+01 6.823103994053458621e+01 7.351423677204709861e+01 8.057783878761476615e+01 8.894387534512225102e+01 9.902602166326113320e+01 1.086974772959214306e+02 8.837160160497033701e+01 8.622093612648077965e+01 7.408137192183296804e+01 5.309120688982173419e+01 7.408137184710187739e+01 8.620826964183866892e+01 9.458896907963629985e+01 1.037013334049389925e+02 1.026650577393917416e+02 9.429688759927239516e+01 8.613020654134413689e+01 6.604563658162317097e+01 7.539455231992013751e+01 6.914966222150053454e+01 5.174075277868063694e+01 7.131237363809820806e+01 8.833149605615948019e+01 8.833149605615948019e+01 1.042938794273863579e+02 1.126759192426219016e+02 1.157007918785565010e+02
9.138189263537348950e+01 7.093780796125483334e+01 7.692574172715224279e+01 7.030951539787110960e+01 5.744705115227648662e+01 3.820043965668590147e+01 3.404448462401687436e+01 5.371189989511319851e+01 5.272582746124053443e+01 7.251863753810427227e+01 8.584707959786715037e+01 8.882447695047835623e+01 9.709757995868991998e+01 9.341353962117837284e+01 1.016832952584371554e+02 1.124765278760208957e+02 1.007852364742942655e+02 9.242027783016466458e+01 7.206198452825037748e+01 5.111774618875087128e+01 7.206198452825037748e+01 7.943600064410632910e+01 8.788178077025229129e+01 9.972488521021276142e+01 9.104640697327535293e+01 7.420529186280953127e+01 9.104640697327535293e+01 7.539455231992013751e+01 5.560203875073303692e+01 4.968130161427565383e+01 6.914960875476960211e+01 6.283807528948157994e+01 7.698224920753447975e+01 9.714737443340115419e+01 1.168985372981389474e+02 1.214742259758348979e+02 1.017366108499420392e+02
9.113743988733182277e+01 7.692574172715224279e+01 5.707706273930907770e+01 5.091061621438109341e+01 4.549480790811680464e+01 5.211375010542170827e+01 3.255449311158324122e+01 5.211375010561034316e+01 6.765710681892386447e+01 8.083768396373217513e+01 8.553887154263209425e+01 6.878464225373456031e+01 8.553887154263209425e+01 7.338867672853920965e+01 9.013206561427914210e+01 1.041427542400477648e+02 8.383882950760261110e+01 7.181271854345865790e+01 7.007442169915398722e+01 4.917568225688722805e+01 6.738804561707163998e+01 5.856833040995149986e+01 7.071532226456345427e+01 9.134866884872919002e+01 8.269699939237648323e+01 6.274235593450198678e+01 7.203079380743405125e+01 7.394939876994075689e+01 6.566321478237507847e+01 4.824811117544118133e+01 6.768535172265650601e+01 8.288847695577089780e+01 8.288847764271483243e+01 1.030605865248576123e+02 1.077635360497013295e+02 1.159740430365922066e+02 1.065134386792486652e+02
