LEM/sinusoidal_perturbations/elevation_000187.asc
nrows	100
cellsize	150.0
xllcorner	0
ncols	100
yllcorner	0
NODATA_value	-9999
[rows 68 to 84 of 100, columns 37 to 73 of 100]
6.141586551566665264e+01 4.595383902674461041e+01 5.729623772328004350e+01 7.695650530826014801e+01 9.462878045829791063e+01 8.626267185897272327e+01 8.583080436323918150e+01 6.535773522394545409e+01 5.349839721767124701e+01 6.280470436173145998e+01 7.722966877739794711e+01 8.134479690542481478e+01 6.701276614617665928e+01 5.701266543799473396e+01 7.754798210243960455e+01 8.832798974362840738e+01 9.558109015279700316e+01 1.040524016408342334e+02 1.142697149342997989e+02 1.116932520763451180e+02 9.135007724207400770e+01 1.116932520763451180e+02 1.224232998716411771e+02 1.274462549235875599e+02 1.337726108991883791e+02 1.420322880845204168e+02 1.519968582774488937e+02 1.475356683271889153e+02 1.359925861001898113e+02 1.177030580727774662e+02 1.324451128679948226e+02 1.363134197719709846e+02 1.180655930299864451e+02 9.785245672147642892e+01 1.180655930299864451e+02 1.337685383195972406e+02 1.369188282925445890e+02
7.381558182638414678e+01 6.560564452573180461e+01 5.050493690234898025e+01 7.010137597737967496e+01 8.359248236333310444e+01 9.351446577238627356e+01 9.419975364806828111e+01 7.803423449167533477e+01 5.751801279320259397e+01 7.803423449167533477e+01 9.165463319306458345e+01 9.589388150629166319e+01 8.570898450135440783e+01 7.723309930537476475e+01 6.185798480356046269e+01 6.779735243002079415e+01 7.508203501839498983e+01 8.537078887303194108e+01 1.057937473640000690e+02 1.077782062541002688e+02 8.736587048657303001e+01 1.077782062541000698e+02 1.240623564133371559e+02 1.223742865708773735e+02 1.306313163548000773e+02 1.278772378362596243e+02 1.361206671720144641e+02 1.392950698479023401e+02 1.192610067763319108e+02 1.075058342552880362e+02 1.122929616737493745e+02 1.264970021366783755e+02 1.139127286852197898e+02 9.355909906342625959e+01 1.054079988152403615e+02 1.255304057399361568e+02 1.179869846908728448e+02
7.921128436819007845e+01 7.699171018177206349e+01 5.741963734455516999e+01 5.574769538844389416e+01 6.545085072784142710e+01 7.936566976344768420e+01 9.936227852425335527e+01 8.372050909011922215e+01 6.321835445906133089e+01 6.671476954097930445e+01 8.719187400404881316e+01 1.063991239528508146e+02 8.893633097482471328e+01 6.853427410440656331e+01 8.240223534766229818e+01 7.864538909427272984e+01 8.833068704712431440e+01 1.040524016408342334e+02 1.142697149342997989e+02 1.040514406703531591e+02 8.357600821050371565e+01 9.547868321010275849e+01 1.157620451415374987e+02 1.022144880632577042e+02 1.190301947843727390e+02 1.078028297293871418e+02 1.245599584464283680e+02 1.345794257565394219e+02 1.298509219458160260e+02 1.096629486046840043e+02 9.776427166422631387e+01 1.111875742927737321e+02 1.101128430041241586e+02 8.963699639421737686e+01 1.101128430041241586e+02 1.235097537726085051e+02 1.042094431888081232e+02
8.751060078390696617e+01 8.511071082497420548e+01 6.609537975117230246e+01 7.533669587492239827e+01 6.172794773953668823e+01 7.556612094159230253e+01 9.552978492098800700e+01 8.989181830146871732e+01 6.942390118215841710e+01 8.719187400404881316e+01 7.770909477539885302e+01 9.808124788517403658e+01 9.386917814956093764e+01 7.353052821309387355e+01 9.386917814956093764e+01 9.911828421734131211e+01 1.075911606768890891e+02 1.172538374604372109e+02 1.173593422410249332e+02 1.005904608981843609e+02 8.007190382591372213e+01 1.005904608981843609e+02 1.099721744248217448e+02 9.038621935661758755e+01 1.067388466006227645e+02 9.603200192876883534e+01 1.062400926411137760e+02 1.263344531827549275e+02 1.381107808605348168e+02 1.264970018788318384e+02 1.111875742927737321e+02 9.058517474810345504e+01 1.046725235101763474e+02 8.588795019686843091e+01 1.013833966255444494e+02 1.061646810475145060e+02 9.638478741656190607e+01
9.903658202859531912e+01 9.385324377973441301e+01 7.740341330291366262e+01 8.653257987625593728e+01 6.671325675877912431e+01 7.774736157136075576e+01 9.772508836819613975e+01 9.669273212068294754e+01 7.628999066304007215e+01 9.669273212068294754e+01 8.953611984194678541e+01 1.063991240929086501e+02 1.020737342679002921e+02 9.386917814956093764e+01 8.194033021375527426e+01 9.371725106652279180e+01 1.135483646141969558e+02 1.272641308513932898e+02 1.090340133015070450e+02 8.864413471417776691e+01 7.673577682281683110e+01 9.278274162603059949e+01 9.559533247620339580e+01 8.115406357860723574e+01 8.632250226175187890e+01 9.819198907549329647e+01 1.184140711024757735e+02 1.345794257565394219e+02 1.301336304740663934e+02 1.210782588475284314e+02 1.127495884317840193e+02 1.046725235101763474e+02 8.392116597911370945e+01 1.013833955294239502e+02 8.064834642020990430e+01 8.585748946791045455e+01 1.018506971728516959e+02
1.077429609598521978e+02 1.050967185349973931e+02 9.699916169461290849e+01 8.633523619090462375e+01 7.257613259768100988e+01 9.256246646809466938e+01 1.060355141669650010e+02 1.050137134461229920e+02 8.656256525950934133e+01 1.050137134461229920e+02 1.097541098708133518e+02 1.180328761321490134e+02 1.160821087487289844e+02 9.630681702242510767e+01 9.371725106652279180e+01 1.102444216821129430e+02 1.216464827852541504e+02 1.189711664103066369e+02 9.873664827117046627e+01 8.846254239963623434e+01 8.003405114721303448e+01 7.232276780234606406e+01 7.511183932201647906e+01 9.559533247620342422e+01 1.067388466006227219e+02 1.150506396070044843e+02 1.266813880244720423e+02 1.360530141449504242e+02 1.159701568225131041e+02 1.014980310749426309e+02 9.217616090910541971e+01 8.516032862753608867e+01 7.952474992613028348e+01 9.555105082105180259e+01 7.710137409717516732e+01 7.903933275969066585e+01 8.108605420361163851e+01
8.738981020091979701e+01 1.050015990858024537e+02 1.134018854196311992e+02 1.007361732906485940e+02 8.405729171871146832e+01 8.516648333997051168e+01 1.052891726271935653e+02 1.151049814747434539e+02 1.068228989818565822e+02 1.151049814747434539e+02 1.220864199929555269e+02 1.303613957633702682e+02 1.241820263418007926e+02 1.160821087487289844e+02 1.135483646141969558e+02 1.216464827852594937e+02 1.351690164940036141e+02 1.272641308513932898e+02 1.171781426600645517e+02 1.043546340831909447e+02 8.393782826558512511e+01 6.959344327086331816e+01 8.991777223939287467e+01 9.657220736735266087e+01 1.018527825135766136e+02 1.090580957715757506e+02 1.173820954663187450e+02 1.264075361907939339e+02 1.301336304740663934e+02 1.210782588475284314e+02 1.021546933107474899e+02 1.055775072851186707e+02 9.431004700536101382e+01 7.471978712450260218e+01 9.555105082105151837e+01 1.000189297888145035e+02 1.019283505750197065e+02
7.613705768272291152e+01 8.789051462781787905e+01 1.083877916682286155e+02 1.124979317876593967e+02 1.041807512393778410e+02 9.940096016071296958e+01 1.136053263213977687e+02 1.289975131709946936e+02 1.088452621625446568e+02 1.088452621625446426e+02 1.018639566869489386e+02 1.187273649778231288e+02 1.292080172506234419e+02 1.251209411734533745e+02 1.168157833396163454e+02 1.067487677057846156e+02 1.209588920998985060e+02 1.191546698265146915e+02 1.108302465396281775e+02 1.020861001034577811e+02 8.168382562075886710e+01 6.750217380146320068e+01 8.765951346511211284e+01 7.615226919764523927e+01 8.140120291385468931e+01 8.867839231035758019e+01 9.786658661461225961e+01 1.122329675203645394e+02 1.323059803941861219e+02 1.308102793424721995e+02 1.225199048457894264e+02 1.112508456082451289e+02 9.406047459875620120e+01 7.324406061447096761e+01 9.406047536226441252e+01 1.051480131463351739e+02 1.135272548644084480e+02
8.142761172769688471e+01 1.017838306165349280e+02 1.169785854044497455e+02 1.155708984200272198e+02 1.237444423338514810e+02 1.195045750219053531e+02 1.232213354792300066e+02 1.213387264270392052e+02 1.070153601614790091e+02 8.845307601844557155e+01 9.003892931276081413e+01 1.104109753595552661e+02 1.090952077826235467e+02 1.168157833396163454e+02 9.655984475676568479e+01 9.233945468530754397e+01 1.108403929651018416e+02 1.108302465396281775e+02 9.052279268225737496e+01 9.647070820844832895e+01 8.547314300428885758e+01 6.552007763399029727e+01 6.936686162982280734e+01 8.956822635774791763e+01 1.018527825135766136e+02 9.591263137578813769e+01 1.161935759529716421e+02 1.264075361907939339e+02 1.273232283764986761e+02 1.191788148359479749e+02 1.176670746104567513e+02 9.706488601542031347e+01 8.223701509778477714e+01 7.179300223389819280e+01 9.054334581975425067e+01 8.449389454392563437e+01 1.051480131463363676e+02
1.017838306165349280e+02 1.102187710235258180e+02 1.122563429352376545e+02 9.542849599938361393e+01 1.122563429352376545e+02 1.232213354792300066e+02 1.029735231043763548e+02 1.066890659038959370e+02 9.269199389591869931e+01 7.816439145631655094e+01 9.864916909049505023e+01 1.006495341455292447e+02 9.471112862706048929e+01 1.149861132870877611e+02 1.024926718083844008e+02 8.209776548085845604e+01 9.379625453031613347e+01 1.012021490875622050e+02 9.647070820844832895e+01 7.617342018562928274e+01 8.333394985020269985e+01 6.360819986534482950e+01 8.333394985510378206e+01 8.956822635774793184e+01 1.098965583275690392e+02 1.161935759529716421e+02 1.244997079788686989e+02 1.197040668616714356e+02 1.115965231497329313e+02 9.983352464797616221e+01 1.161006051563131081e+02 1.072962847371695005e+02 8.656701990924561585e+01 8.967828180648191960e+01 6.980736917016818666e+01 8.854671688293095144e+01 9.702288129759283208e+01
1.112711121850129103e+02 1.170693535597094694e+02 1.039616924251580627e+02 8.359357749066774090e+01 1.039616924251580627e+02 1.123375658387213889e+02 1.066890659038959370e+02 8.624905946865823125e+01 9.336002224863275956e+01 7.288786519322067647e+01 8.973468091920994993e+01 8.022971354562369584e+01 1.006495341455292447e+02 1.123986316713113354e+02 1.055549004456357949e+02 8.518832829209000579e+01 7.349248180147432663e+01 8.087985614442916926e+01 8.247483069753596396e+01 8.562135139958405716e+01 6.575627167824016794e+01 6.193749943732849772e+01 8.146166453496775262e+01 9.702230060275772416e+01 1.053740668308236081e+02 1.154992569932471298e+02 1.253385220705974348e+02 1.059044008225944253e+02 9.243282680830746756e+01 8.892838965812006791e+01 1.075079968833647257e+02 1.156793282135231635e+02 1.072333128977291778e+02 9.881042225106594401e+01 8.854671688293095144e+01 6.789138879934320414e+01 8.854640778786334465e+01
1.144504919860354448e+02 1.027425476636416164e+02 8.841574176757360704e+01 7.634924602501223490e+01 9.676571696777355669e+01 9.203866939053591523e+01 1.063578195673629097e+02 9.488802268627372882e+01 7.439588489199709898e+01 6.798746304992040734e+01 6.932717386486280020e+01 8.743887992394540731e+01 8.370280105206009580e+01 1.040625245426281253e+02 1.138926584018527848e+02 1.021741647056317390e+02 8.683211793821331526e+01 6.686451933314407370e+01 6.287291788980475360e+01 7.669454196003668756e+01 5.971379981766356337e+01 7.849965389710898478e+01 6.923228861632975395e+01 7.667856433710765884e+01 8.686089449463541712e+01 1.071837067108800170e+02 1.207465451673453742e+02 1.095929601308807122e+02 9.947633738438486262e+01 8.046311912267599098e+01 9.947633738438486262e+01 1.131572705238899772e+02 1.130835041520994508e+02 1.046983209611854875e+02 8.715792108524999549e+01 6.657627203883589573e+01 8.520322797416943672e+01
1.061152084384326599e+02 8.576729310715296606e+01 7.397787360344419483e+01 6.993662953522547809e+01 8.509200660618363088e+01 7.759992302286758559e+01 9.798407850960580845e+01 1.032796190502368887e+02 9.473673605353494054e+01 8.242625895700376759e+01 6.264616733176683994e+01 6.708936824732984405e+01 8.674215689840305288e+01 9.690488710884721968e+01 1.008564626803281072e+02 9.251150559947517138e+01 9.453765005522106435e+01 7.460512366407982654e+01 7.460512366407982654e+01 5.756758735073936606e+01 7.668398552639445143e+01 7.530296021523206207e+01 8.933309104610461304e+01 8.338456971246657190e+01 1.036940077925712558e+02 1.154992569932471298e+02 1.126354865874655076e+02 9.342595302526521550e+01 8.242764071198818954e+01 7.525682857960724448e+01 8.593899422886549644e+01 1.050921734491215602e+02 1.046983209591232651e+02 8.408939688225333953e+01 9.012561080209675879e+01 8.345095182883689233e+01 6.474754149815143478e+01
9.790843224168379777e+01 1.027425476636416164e+02 8.417280084319322953e+01 6.389229719724846035e+01 6.479501513763672449e+01 8.509200660618363088e+01 9.576362307552821562e+01 9.321620536414890523e+01 8.482935085466147029e+01 8.273700405021047288e+01 7.433837154216436716e+01 5.813964475224383222e+01 6.816034556307265291e+01 8.851625771784985375e+01 9.251150559947517138e+01 7.235783622479755195e+01 7.826070931884892445e+01 7.259808768268113965e+01 5.556470761452473539e+01 5.998305439169077857e+01 7.964723088294310571e+01 9.541513416053383878e+01 1.038309246757991104e+02 1.036939105312560798e+02 1.120239271747070120e+02 1.147548500928641459e+02 1.133938943096003698e+02 1.022839917668410692e+02 8.945406788033551493e+01 7.015704833034820354e+01 8.385062119793613533e+01 1.029819848570183467e+02 1.022704930121245610e+02 8.171902672122217837e+01 6.953376927953968334e+01 6.311542124681872679e+01 8.333162445340475699e+01
7.756198705466233889e+01 9.191718407580627570e+01 8.965520695885498981e+01 6.932219329835038479e+01 5.771677784192758764e+01 6.707452218484846185e+01 8.141907262331412198e+01 8.482935085465925340e+01 6.455136457199949973e+01 7.049064924538187427e+01 5.416074529080647437e+01 7.433837129575898928e+01 8.674214286365720739e+01 9.690488706107278460e+01 8.982381947157786328e+01 7.814826178125399281e+01 5.869577309786232178e+01 5.366732821285140176e+01 7.259808398592403478e+01 7.964723047829993163e+01 6.977305615426227803e+01 8.214423629442313768e+01 1.030642077771792202e+02 1.111977912642699238e+02 1.027490273186829484e+02 9.396536987848628542e+01 1.053347573389489895e+02 8.617157949923766580e+01 7.506837483411439393e+01 6.637242631431601581e+01 8.574035473661386675e+01 1.013521041554436835e+02 8.853087114281549930e+01 8.005646592946389717e+01 6.150229096315426602e+01 8.171902677468442278e+01 9.188237977424272174e+01
6.320083029239980021e+01 8.176433126375573579e+01 9.804913367972298488e+01 8.632142672542168782e+01 7.301781696815720579e+01 5.280511625130738196e+01 7.301781696814779821e+01 8.483705819184694974e+01 6.455146851925972840e+01 5.026838547019456627e+01 6.688755761323039906e+01 7.478186502857873563e+01 7.033712207076195000e+01 7.891002532219860655e+01 8.168618469692681572e+01 6.239197163018042147e+01 5.188899605703459628e+01 7.063505946065963315e+01 6.897087846458913418e+01 8.873732192068413838e+01 8.488686432495343581e+01 9.948368644307520015e+01 1.114461375297210282e+02 1.027490272923325278e+02 8.162680212752950126e+01 7.885379496150744671e+01 9.127927185676331590e+01 8.348775176753983374e+01 7.766769971059676436e+01 6.276138689270216275e+01 8.225013668934244038e+01 8.632657068957063018e+01 7.240909386679476256e+01 5.993290113103500971e+01 8.005646589225410992e+01 7.033175918972719387e+01 8.489854673350801306e+01
5.308419529817957283e+01 7.336107358586892246e+01 8.385130263521658378e+01 7.793882326452961706e+01 6.982238984805590576e+01 4.963563836742655155e+01 6.982240205199516936e+01 7.581662948672358482e+01 7.599291348646863753e+01 6.688697865743320392e+01 4.657758209483101552e+01 6.321142772311108615e+01 4.732731884340716277e+01 6.957031980223753465e+01 7.560084885284635448e+01 6.746176488124523019e+01 5.064612538493306459e+01 6.110411922075887503e+01 8.050236422233891176e+01 9.708251879990662303e+01 1.057108093446637440e+02 1.046058918534134250e+02 9.609184613965481958e+01 1.046058574528803291e+02 8.781331719604230557e+01 6.677906139321409285e+01 7.764341546990333143e+01 6.543792485079208632e+01 5.817580252795250573e+01 7.539126796093950134e+01 7.620058926083940776e+01 7.539756881375080866e+01 5.834607021503300928e+01 7.841538305935256403e+01 8.853129523512149035e+01 9.093151976364008249e+01 8.220908546654426630e+01
