LEM/sinusoidal_perturbations/elevation_000653.asc
nrows	100
cellsize	150.0
xllcorner	0
ncols	100
yllcorner	0
NODATA_value	-9999
[rows 0 to 16 of 100, columns 37 to 73 of 100]
1.020493052141028727e+02 1.101263837526775689e+02 1.037422149025668574e+02 9.766657693669463924e+01 1.015896514844368568e+02 9.348722014998497798e+01 9.600885076363356063e+01 1.041209689365754798e+02 1.106085307365310229e+02 1.024759751651425006e+02 9.774828654239618686e+01 1.041862399518616940e+02 1.115161307182753632e+02 1.197001425744920766e+02 1.295253850377361005e+02 1.453460914271266802e+02 1.434375905027081330e+02 1.351672102305175542e+02 1.303884197415003143e+02 1.386607381419419198e+02 1.291393599837331578e+02 1.177717873116069001e+02 1.096100871586779135e+02 1.121639738971581295e+02 1.139042280191417262e+02 1.220692982739676609e+02 1.200920726665583231e+02 1.119890816275186012e+02 1.119890816275133858e+02 1.143014932979423151e+02 1.143014932979423151e+02 1.224014224548103726e+02 1.241326342339805251e+02 1.158610693902819406e+02 1.132839053049540183e+02 1.215485477679983006e+02 1.276627375442961210e+02
8.277254820975922200e+01 1.020493052141000589e+02 8.365125665026698698e+01 7.782067649079436933e+01 8.584724735992570288e+01 7.405372428986169098e+01 7.657534362525281324e+01 9.600885076363356063e+01 9.939430986622392084e+01 8.313941174382186716e+01 7.843945944224134337e+01 8.487241574881787187e+01 9.212323802387780347e+01 1.017381748394802372e+02 1.212942478683524143e+02 1.253823030754390970e+02 1.253823030754390828e+02 1.152248708213132886e+02 1.104628008666225867e+02 1.271489818923540582e+02 1.209692438588477188e+02 1.012946073230172033e+02 9.000475991426145583e+01 9.254454997179932718e+01 9.427195806876616757e+01 1.107210816557518314e+02 1.119890816275186012e+02 9.240950226894730690e+01 9.240950226894730690e+01 9.471144285430979437e+01 9.471144285430979437e+01 1.143014932979423151e+02 1.158610693902819406e+02 9.627185352927237716e+01 9.375589277982960823e+01 1.078588336303369886e+02 1.078588336303369886e+02
8.015246503670165623e+01 8.818303700090629604e+01 8.354958745414327836e+01 6.416512262365169761e+01 6.670628571991164790e+01 6.267651532301242412e+01 7.886329940636836966e+01 8.221954690560110635e+01 8.571913794117905638e+01 7.193775796722896132e+01 9.131200506864080069e+01 8.873538784128902535e+01 9.984726783809500716e+01 1.193689033284875336e+02 1.295243171782409490e+02 1.237009845215520869e+02 1.055239984034832048e+02 1.188843581531324389e+02 9.910928740544429161e+01 1.188843583424917369e+02 1.194879010686088492e+02 1.081452434945655767e+02 9.829094619656328291e+01 7.871571126184025502e+01 8.298416602711952805e+01 1.025695316784889854e+02 1.106306314813451053e+02 9.814422828931591880e+01 7.863547050384894987e+01 8.092800815244213197e+01 9.471144285430979437e+01 1.143014932979423151e+02 1.149971282383685178e+02 1.020094020168349829e+02 8.286855907000584409e+01 8.852196016438216475e+01 1.078588336303369886e+02
6.057687547930405003e+01 7.300447038537814137e+01 7.509520427258175346e+01 5.574581000720106516e+01 5.265496767927168520e+01 5.589665770453864013e+01 5.920931241966898995e+01 6.264943832915231070e+01 6.623424970678711077e+01 7.753858485376035503e+01 9.689398127560049545e+01 1.023693634738298925e+02 1.162601216312504278e+02 1.275833157931084827e+02 1.303611173695874470e+02 1.154531507394611651e+02 9.573379787615958492e+01 1.049127325231007433e+02 9.295330751251539425e+01 1.126309318162162185e+02 1.113267594746386209e+02 9.170417768508801259e+01 8.039572740071385226e+01 7.248390127614506184e+01 9.210071338390106632e+01 1.107210816557517603e+02 1.025240011214504534e+02 8.299138652497541102e+01 7.176713165160336416e+01 9.124684006548081072e+01 1.035515580862152802e+02 1.148317880911859135e+02 1.067745070982189759e+02 8.747008770166414138e+01 7.671230304383520604e+01 9.562912103455867907e+01 1.130850647268026421e+02
6.730300023456352676e+01 5.323478135932468547e+01 6.851742275036636443e+01 4.858594216880145211e+01 6.850799117477181710e+01 7.563166376697520832e+01 7.886329940636836966e+01 8.221954690560110635e+01 8.571913794117905638e+01 9.378968528589676623e+01 1.050012861358496963e+02 1.219284313568814753e+02 1.270320061366503381e+02 1.187789534420036546e+02 1.163343469078070740e+02 1.023075764374839736e+02 1.049126646020331606e+02 8.531500304124054423e+01 1.049127325420403878e+02 1.208791063301026867e+02 1.127959127270633957e+02 9.316724556208602337e+01 7.931639106273311768e+01 6.793346029159222610e+01 8.760030803799925536e+01 1.009810830838106881e+02 1.024778251091959191e+02 8.709375234839360758e+01 6.763502567114353781e+01 7.595497539053263836e+01 8.718964826638305965e+01 1.067412143412206973e+02 1.048855778202524789e+02 8.565747367493943898e+01 7.246696008184393634e+01 8.565747367493943898e+01 9.585303931270075850e+01
6.273933743961317333e+01 4.857087189316962395e+01 6.299237040447142277e+01 4.596457746842072112e+01 4.969610167120423228e+01 6.971544136204575182e+01 7.881755359928847327e+01 8.314252487333229169e+01 8.845538646396876459e+01 9.417729720020469131e+01 1.020939412899935235e+02 1.130540389813590139e+02 1.155926683502515715e+02 9.901146556463690729e+01 1.081055903466709793e+02 8.845219344759581759e+01 9.567568958763955322e+01 8.131850999299561522e+01 9.513835584607771523e+01 1.148520559189965553e+02 1.073459247091770834e+02 9.919805105315241178e+01 8.394826609485365054e+01 6.424193597730587157e+01 7.318694105004747996e+01 8.708401206692920482e+01 9.437655919571265883e+01 7.488268126576022610e+01 6.368230498002190387e+01 7.740866343800315974e+01 9.691241001943481592e+01 1.080571645753566088e+02 1.009606603070242841e+02 8.184970038942350357e+01 6.863642228301227988e+01 8.241978628373601623e+01 7.685555069234926862e+01
6.422738105961951760e+01 4.420662321371030856e+01 4.293498031813242477e+01 6.233152153783293414e+01 6.875425669618154245e+01 5.521242623653242276e+01 5.932489860403035209e+01 6.380066533434047926e+01 6.929959157948584902e+01 7.519986620420380063e+01 8.620739210645756145e+01 1.050643900240142443e+02 1.073661889948033803e+02 8.770784116343776304e+01 9.601643658254114655e+01 9.567562348814121265e+01 7.606202275358705833e+01 9.567568958763955322e+01 1.091186211850965435e+02 1.130847344237204055e+02 9.344599846468223348e+01 7.957489377861493551e+01 8.678727667890437658e+01 7.894285323958123968e+01 5.920715996777645529e+01 7.894285323958123968e+01 9.361720495244223628e+01 7.412744492638071847e+01 6.041244667489696241e+01 7.983586347431557328e+01 9.191553392111231346e+01 8.862283889161614070e+01 1.023723117309556159e+02 9.548796482523340501e+01 8.241978628273915319e+01 6.353235586452907313e+01 7.685555069234926862e+01
5.760448179970264704e+01 4.000796528490771209e+01 6.014096500926649469e+01 5.714873051461584197e+01 7.589433034528673261e+01 6.920717236032682251e+01 7.321767001821021381e+01 7.757280204280696978e+01 7.965334214060575846e+01 9.417729720020469131e+01 8.864512242308883572e+01 1.075331485765361492e+02 1.073661889948033803e+02 8.770784116343776304e+01 7.638778458085973000e+01 8.800301173668491117e+01 7.280871569375392482e+01 9.245126244204348609e+01 1.061346029936171362e+02 1.119382896661296201e+02 1.006641072242779984e+02 8.103930526425725134e+01 6.710903463784751466e+01 7.569832525189882233e+01 5.599586060357993489e+01 7.569832525192727246e+01 8.856757449500010182e+01 7.672562760055595277e+01 5.733082454287853835e+01 7.244203220224980555e+01 7.244204742368980021e+01 7.486412963404269760e+01 8.982169777534045352e+01 8.181908019844549074e+01 7.501550077575703313e+01 6.032984475296860438e+01 7.931402054591549700e+01
3.743162346706963461e+01 5.760448180561716214e+01 6.741059094295991372e+01 7.654755985748639091e+01 8.421710588130736141e+01 8.843417844318311438e+01 9.233686848843807127e+01 9.658902526944530109e+01 9.866760765329503613e+01 1.066254632496728334e+02 1.075331485765361492e+02 1.155427601568980691e+02 1.155926683502511310e+02 1.042087353213543253e+02 8.800307296239432731e+01 6.831020712183759258e+01 8.421327750377811583e+01 9.238571794885159250e+01 8.644969071316802456e+01 9.221526803304924158e+01 1.012254436484347480e+02 8.160033007295633922e+01 6.767333608140229728e+01 5.779977499202136215e+01 5.297994648698706754e+01 6.891108645997712756e+01 6.891107013199032849e+01 7.655341706253909706e+01 6.846158730887482591e+01 5.313835682181507281e+01 6.091381991691250875e+01 7.953094308128159184e+01 7.532539244443098880e+01 6.281485555788366071e+01 5.591301099831614607e+01 7.501545558418322912e+01 7.568570916573469276e+01
3.567973892260469171e+01 5.582838546332421714e+01 5.775721951157722600e+01 6.164084208672252885e+01 6.566344327163449179e+01 6.993407232948604246e+01 7.451160595431500155e+01 8.079843570016289789e+01 8.782135799469143933e+01 9.619562456075416890e+01 1.062410598994924271e+02 1.232754671316977095e+02 1.134023513378360803e+02 1.052024642971839228e+02 8.988812109232449643e+01 7.021897407827435700e+01 6.446706118055490720e+01 8.085146656339205151e+01 7.253258652047712474e+01 9.221526803304924158e+01 1.008325889967803874e+02 9.548780667632910024e+01 8.565390628987923094e+01 7.751086440938549060e+01 6.891108645041346392e+01 4.952165451459592305e+01 6.542981770912864192e+01 6.466475130345399691e+01 4.926828773769185688e+01 6.846158655971375140e+01 5.214582652467588986e+01 6.484685775266555652e+01 5.985854002771154114e+01 5.173180327949781798e+01 6.750592538086164041e+01 6.799145552098835310e+01 5.758433567524068764e+01
3.430922052445086479e+01 5.242870864221846716e+01 3.757083772346178563e+01 4.146094723400134541e+01 4.555043734707464864e+01 4.990304649217939215e+01 5.455859947302597845e+01 6.091773444158603468e+01 6.795753408186220668e+01 7.782827810752129949e+01 9.781443788186152233e+01 1.150548499797888695e+02 9.535007861457911815e+01 8.557994733693612943e+01 7.904347347785916611e+01 8.632029915206426551e+01 6.660158294234817333e+01 6.105002211856249517e+01 7.789964201551453016e+01 8.607597051887179873e+01 8.110924953056101572e+01 8.110924953056003517e+01 7.503072783748139329e+01 6.683726195436258877e+01 6.509295724798633387e+01 6.403258820475767266e+01 4.633004689728826264e+01 4.570221288551132943e+01 6.265531951323982440e+01 6.331225289830960179e+01 4.524039926504573828e+01 4.581005407292621356e+01 6.063008659497012331e+01 6.607780664801391879e+01 4.797668784338188885e+01 4.856710006710371630e+01 4.916469471204633379e+01
5.067423891836038763e+01 3.241838069585145377e+01 4.031493002422266159e+01 5.872903026740907961e+01 6.566344327163449179e+01 6.993407232948604246e+01 7.451160595431500155e+01 6.610079967100622866e+01 8.600098100362457387e+01 9.619562456075416890e+01 1.062410598994924271e+02 1.232754671316977095e+02 1.134023513378360803e+02 1.052024642971839228e+02 9.510617121602717816e+01 7.546105186115219965e+01 8.632059587810417156e+01 7.212728959164016374e+01 5.803762314164177383e+01 7.501775788290034086e+01 7.309042303142513219e+01 6.127788971259136019e+01 6.683726195293324679e+01 4.802363315928626974e+01 4.596441521396879182e+01 4.969789385834474160e+01 6.012038686368303786e+01 4.322882628230984636e+01 4.383140457637809106e+01 4.442337286705797794e+01 6.223320896979608818e+01 6.474921838639012606e+01 4.660576334005053667e+01 4.717088339924865892e+01 6.457821071337554031e+01 6.789362085726794760e+01 6.868100152049984786e+01
3.498476786875868783e+01 3.118021408280433349e+01 3.798608915877939296e+01 4.747219868914353924e+01 5.734960184463529487e+01 6.905274926600093011e+01 8.903901753093019522e+01 7.754459795439062475e+01 9.436515988528049093e+01 1.102948093225847828e+02 1.020695156710051492e+02 1.102948093225847828e+02 1.215455517694676359e+02 1.017511196848261079e+02 8.787529123489424876e+01 8.679517258294741566e+01 1.000236636662579031e+02 8.249645225963269013e+01 6.270968674709383350e+01 5.508124824992846413e+01 5.310582953657202410e+01 5.117301093504433140e+01 4.928422336883099319e+01 4.755486685876321218e+01 6.434351427777112065e+01 4.396097792791228898e+01 4.241227826990279937e+01 6.118666802507394920e+01 6.270861001397635448e+01 4.826390316990069351e+01 5.952193577976576222e+01 5.355282935047038251e+01 6.691563242129218736e+01 6.646061505041778616e+01 6.046173661203234673e+01 7.903105392717165500e+01 7.819985593447452743e+01
2.944835043407317698e+01 4.936769722782799619e+01 6.201173863247101536e+01 6.832765594298071221e+01 7.682976691271355207e+01 8.583886201040847652e+01 9.741956675701555923e+01 9.755261507301040069e+01 1.059696310549713019e+02 1.004009204198782328e+02 8.231066558094398999e+01 1.004009204198782328e+02 1.101372863000814988e+02 1.157760516737381948e+02 1.075487746126811004e+02 1.006642811340367558e+02 9.641622354271703443e+01 7.673069555334839720e+01 8.249645256676163285e+01 6.667012506987389031e+01 6.730093265252322965e+01 6.539550674985150636e+01 6.354389551147482962e+01 7.699634928435655468e+01 7.455468449100980877e+01 5.694342194078380004e+01 4.185800117809555587e+01 5.599750749752714540e+01 7.098000801007869143e+01 7.548437543674097583e+01 6.820978844688961829e+01 6.723244475998221503e+01 6.192466383865846780e+01 8.142758457524722360e+01 7.930940554067765902e+01 8.721291899473894205e+01 7.263724955317408671e+01
4.765223601018690402e+01 3.496722778462800107e+01 5.493351297106446651e+01 6.612198830073060662e+01 7.239994509857262983e+01 7.936940972159966634e+01 8.750181053715806456e+01 9.881941823221468724e+01 1.044437191094007176e+02 9.219009062597453408e+01 7.243232417790869704e+01 8.214209951205799598e+01 9.613969290606978291e+01 1.049865932131649515e+02 1.164231563771396196e+02 1.204493938419074510e+02 1.046148769931430422e+02 9.641622354271703443e+01 9.460249902496121877e+01 8.642083008354360629e+01 8.706751280618441058e+01 8.519133164214703413e+01 8.336897905646033280e+01 7.438420686310361418e+01 6.633596360286554727e+01 5.985091666776497732e+01 4.129731634802210039e+01 4.817178200201868066e+01 6.406541452736966846e+01 8.609776185405249294e+01 8.904659082131347247e+01 8.579783710343227199e+01 7.086690584685175054e+01 7.587721509714627643e+01 9.466101717007464345e+01 8.353953486472354939e+01 6.612600771583235826e+01
5.587931812936592024e+01 5.493351297106446651e+01 4.095731019615691793e+01 4.615492725955202502e+01 5.254730256525441234e+01 5.965678693687111434e+01 7.109705427008030654e+01 9.066965741750969698e+01 9.045224278360738879e+01 7.646076645656255266e+01 6.544763290807678402e+01 6.817541765740178050e+01 7.701023801030144966e+01 8.840941221429213215e+01 1.081884581848054410e+02 1.086272282718151700e+02 9.870590039622446454e+01 9.044768130893342573e+01 8.348663158395140726e+01 7.823187447674129658e+01 7.347953323251704205e+01 8.100877019593482942e+01 7.950272539781268222e+01 6.116557262358145408e+01 5.065104694987208234e+01 5.295560149034636765e+01 4.073238725501035873e+01 5.890338755453452535e+01 6.084273950896632499e+01 7.375522955515164369e+01 9.290550975007272427e+01 9.814630753911770000e+01 8.216979849973526484e+01 9.462449701226594811e+01 1.024550952863512947e+02 9.166072570567450839e+01 8.195322924720578328e+01
6.831368443913817146e+01 6.914596499014355402e+01 5.516117312283234497e+01 5.733351674781160057e+01 6.250333822549777807e+01 7.936940972159966634e+01 8.750181053715806456e+01 9.198224021772406900e+01 8.057887502819191639e+01 6.252614161028574813e+01 5.891485496502802732e+01 7.861898784116610273e+01 8.372245589702002633e+01 9.193280061204660569e+01 1.033654990556125597e+02 1.003298872228734240e+02 8.056547539499354116e+01 7.075885945008725741e+01 6.382513082409786165e+01 5.863746954623757546e+01 5.401848187907069843e+01 6.143147840243076274e+01 7.533267096636751603e+01 7.201492011054935460e+01 5.726872399215403675e+01 4.398403234372594994e+01 4.016241485270476375e+01 6.725783270674146763e+01 7.922133820146099481e+01 8.174781715931344195e+01 8.869139468045823094e+01 9.690762551373065037e+01 1.011919697771067916e+02 1.091133576304993085e+02 1.078766971572726590e+02 8.808047387091481539e+01 8.808047387089722235e+01
