LEM/sinusoidal_perturbations/elevation_000095.asc
nrows	100
cellsize	150.0
xllcorner	0
ncols	100
yllcorner	0
NODATA_value	-9999
[rows 51 to 67 of 100, columns 0 to 36 of 100]
6.455108993161302530e-03 4.857167609719800438e+00 2.485716761522746410e+01 3.750535987432959928e+01 4.327886256336851289e+01 4.994552922508606940e+01 5.822979720046789254e+01 6.822979540278748800e+01 7.860984746960838265e+01 7.060793006950454753e+01 6.233305191846709192e+01 6.312883068257268349e+01 4.639985375644972265e+01 4.639985375644972265e+01 4.899468909567316643e+01 6.899059146979611512e+01 7.575639692097263378e+01 5.868670671270036365e+01 4.868675228998832694e+01 4.868675228994248272e+01 6.868663554164602658e+01 7.811338546008850869e+01 8.638309654191448317e+01 9.143924956656982772e+01 9.339352941538963648e+01 7.369195014435820212e+01 5.983397627981696587e+01 7.020947713926703670e+01 5.284985861528437567e+01 6.153610754742334876e+01 4.143510553742009961e+01 6.153612536165955760e+01 7.338804165349854713e+01 8.495080291771169811e+01 8.975305825276846861e+01 6.978435215533801284e+01 8.975305825276846861e+01
3.995603441288198172e-03 2.000399560344093430e+01 3.174136096533487361e+01 3.873064253248328725e+01 4.692316374731086626e+01 5.791344395866753558e+01 6.459881784342859135e+01 5.058778821724862951e+01 6.459881784342859135e+01 5.906710834151959943e+01 4.233880562351614429e+01 5.418933167485145219e+01 3.485965267741475770e+01 3.485965267741475770e+01 4.899468909567316643e+01 6.899059146979611512e+01 6.162121841400126243e+01 4.748603990702994793e+01 3.869237266780201168e+01 4.471743798054551888e+01 5.103987483463240693e+01 5.811230903678000459e+01 6.966391181941416733e+01 8.965558110185658336e+01 9.339352941538963648e+01 7.369195014435820212e+01 7.946240911275911856e+01 6.541124794977206136e+01 7.050084859527676429e+01 5.045511843132454288e+01 6.153612536165955760e+01 4.500227919050079350e+01 5.662792902849664500e+01 7.664125938518419900e+01 8.715105906723671580e+01 8.975305825276846861e+01 7.974487518770671102e+01
4.804567899273937473e-03 5.778272725393921228e+00 1.180807073378008099e+01 1.887518018130944597e+01 3.035426475581399330e+01 4.987858817834862890e+01 5.639217673611963733e+01 3.608153531040929352e+01 5.639217673611963733e+01 5.078936843783348110e+01 3.079876521092771924e+01 3.924778828351641380e+01 2.592177887607045861e+01 4.591079298723938251e+01 5.509007295339092991e+01 5.684306340880834796e+01 4.856454420368764602e+01 3.335329744234987714e+01 5.334299616466482519e+01 5.868670671272199257e+01 7.104193698671546997e+01 7.811338546008850869e+01 8.638309654191448317e+01 9.791762778350692997e+01 1.016791083335867683e+02 9.339352941538963648e+01 9.350694170240612380e+01 7.681521425377769674e+01 7.757276013800944270e+01 5.757039679167849755e+01 7.338804550034349461e+01 6.508655775594536408e+01 4.878750530312552769e+01 5.884667580939950682e+01 7.298119147837901721e+01 9.298459567816145466e+01 9.976124131783026883e+01
9.707512844716031236e-03 2.000970751284324933e+01 3.174136096552428299e+01 3.871728803247915351e+01 4.692316374731086626e+01 4.953942211820174180e+01 4.871547585317161833e+01 2.804805964444468103e+01 4.871547585317161833e+01 5.545385419096244561e+01 3.924751463531969620e+01 1.925410675968763741e+01 3.722544402880824777e+01 3.907384101660212394e+01 3.509915021482633080e+01 4.403840674321494930e+01 2.857766233332619876e+01 4.856454420368764602e+01 5.334299616466482519e+01 7.333676432094702591e+01 8.694738010313466248e+01 8.162796636481523649e+01 8.542068655211450334e+01 8.950948214211217646e+01 9.422489174370294052e+01 9.956763818429283219e+01 1.050225302270813330e+02 9.670114161059466085e+01 8.588315733958020814e+01 6.757969852478487383e+01 8.588315733958016551e+01 7.162118723934776199e+01 5.159002164249415046e+01 7.162118723934776199e+01 8.264582474591283301e+01 8.840668427212339964e+01 9.547081393626572776e+01
5.001202446392439237e-04 1.433831309634675932e+01 3.546841584373589740e+01 4.398428363992323398e+01 3.556976132406620650e+01 2.913876068095910199e+01 4.149779541573182939e+01 2.166883981871673726e+01 4.217986499599680172e+01 4.134861383419146108e+01 2.721916620268035913e+01 1.540051456285222997e+01 1.722866091518758935e+01 1.908037296875907529e+01 2.096420825829188317e+01 2.405147348873122226e+01 4.403840031514819486e+01 5.497802214948931265e+01 6.465398987675284559e+01 7.297339945377767378e+01 7.570524265761760319e+01 6.150718427335693406e+01 6.535149773601816037e+01 6.947855642603953186e+01 7.421910311156126738e+01 7.957691149919953943e+01 9.299213454506181620e+01 1.012541091635446833e+02 9.589365136851127147e+01 8.169384838432465301e+01 8.686590292433761817e+01 6.689346218574293346e+01 5.533634430703853013e+01 5.795648184123553648e+01 6.268399310822569959e+01 6.845048148279565225e+01 7.549043798147928896e+01
5.279685921607564676e-03 1.926145553043443570e+01 3.135067021142986476e+01 2.373245352682728893e+01 1.551552317761647615e+01 1.580926791928971475e+01 3.261775113963965822e+01 1.653650861024089380e+01 3.634376968477620551e+01 3.081757495250235124e+01 1.307334258578707598e+01 3.307510439771056099e+01 3.722527559360829486e+01 3.321866251679382032e+01 4.095395633027038684e+01 2.440561438897982782e+01 2.693051695787531230e+01 4.665059543224120375e+01 4.444854894234497067e+01 6.465398987675284559e+01 6.231373366378517176e+01 4.705365993963606996e+01 5.096739387137725430e+01 5.518200575216825143e+01 5.999746305499596843e+01 6.540148293317268724e+01 7.299005683533806632e+01 8.454645659871751207e+01 1.045291451719501197e+02 1.017420194915201819e+02 9.519066743129673114e+01 7.932892466458032743e+01 5.935834581009501676e+01 7.794077590727513893e+01 8.264582474591283301e+01 7.897207500839405725e+01 8.840668427212503389e+01
5.738623160518319517e-06 2.000000573858405062e+01 2.176657413911408057e+01 3.027421581748326318e+00 3.922037698104245518e+00 4.820793052564681602e+00 2.481885952453569288e+01 1.183029702501714375e+01 2.849062803034681934e+01 1.081499258963777876e+01 3.081757495631837429e+01 2.721924928357325157e+01 4.721253865023989249e+01 5.320893485191360384e+01 4.044577710514108304e+01 3.825675234102933331e+01 4.665059543224120375e+01 3.052862680195698886e+01 5.036658557516880563e+01 5.744102638388931581e+01 4.192973665333293809e+01 6.231373366378517176e+01 7.122962704733960493e+01 6.687555371239180602e+01 8.007866293893077625e+01 7.957691149919953943e+01 8.543205978441646664e+01 1.012541091635446833e+02 1.127806843932156937e+02 1.076614109968309378e+02 8.758254238665786318e+01 7.347418902737774715e+01 6.395374861425355562e+01 7.804647238170709045e+01 9.805341409069330894e+01 9.899213652055497903e+01 1.073388667181388598e+02
4.532054705376768917e-03 8.849829610310011585e-01 1.766288259509465552e+00 2.011669793020753616e+01 2.378763549229642038e+01 1.908358787041090920e+01 6.101150749560725117e+00 7.012125857088582492e+00 8.578655989308208163e+00 2.857778043646473520e+01 3.801395312725541231e+01 4.721255181515711996e+01 5.549231879239965082e+01 6.882029007517773778e+01 6.049928181360875357e+01 5.829458656124034377e+01 5.871096827577039079e+01 5.036658521665497545e+01 3.435027896473230413e+01 3.718907972571959419e+01 4.728341042208842993e+01 6.170102873359638096e+01 8.183674111364345549e+01 8.691561148363774691e+01 9.518288261174755860e+01 9.956763818429283219e+01 1.054108304408495229e+02 1.058675412994693232e+02 9.761366858093140308e+01 1.058675412994693232e+02 1.018011810357065485e+02 8.390636993746511507e+01 7.804647238170709045e+01 7.209289297331420698e+01 8.204161379636882145e+01 9.356044945262580370e+01 1.077716940930128686e+02
9.001595176218036079e-03 2.000899835343568611e+01 1.589663151447868294e+01 1.243253204686125279e+01 3.203884618238968329e+01 2.002211513860030934e+01 2.609986906244952820e+01 2.699356064273891320e+01 8.642314521204854216e+00 9.820596657325385337e+00 2.973876450905899560e+01 3.969351787038819879e+01 4.586346245365616170e+01 5.411302790459870948e+01 6.258134301513527475e+01 5.816038366276418969e+01 6.643441178971974637e+01 6.277107128642258260e+01 4.849061875688720846e+01 4.886328683336953560e+01 6.573173427887756759e+01 7.590747174675563258e+01 8.140056992746269771e+01 7.313079989710740847e+01 7.572428192268503722e+01 8.399235643176153587e+01 1.003958336942719143e+02 9.588338746778951815e+01 7.762808978430773266e+01 9.588338746778951815e+01 1.061638758910401492e+02 1.039524526195845340e+02 9.805341409069330894e+01 9.205646350602000894e+01 8.358484515234650303e+01 9.511302292104861067e+01 1.152618368682491905e+02
5.674351268809080251e-03 2.000567431163160848e+01 3.567831344545977146e+01 2.233799873435729921e+01 4.023709794081879920e+01 3.141517049193720723e+01 3.707958763040137029e+01 1.711037892626943702e+01 2.856511803904655977e+01 2.973876450905886060e+01 1.149655596610548258e+01 3.140981686244951021e+01 2.584368443548688177e+01 3.430738153895006093e+01 4.550177562502857143e+01 3.814536700155279902e+01 5.230565076133157731e+01 7.229495923747478514e+01 6.880570328657618973e+01 6.910864321413524181e+01 7.730679875842598392e+01 7.965979673452629584e+01 6.986896561259528937e+01 5.315402344035481974e+01 5.574557479344629485e+01 7.572428192268503722e+01 8.042466644975884549e+01 8.762087918261954655e+01 6.762341907003677477e+01 8.762087918261954655e+01 8.619523612691384074e+01 1.003026342134783562e+02 1.025224960714236886e+02 1.107720718581777959e+02 1.036289116651686157e+02 1.119895337673775515e+02 1.236329171279798658e+02
9.518805923843161668e-03 2.000951880592348786e+01 3.723760547407983523e+01 4.179960250862538373e+01 4.179960250868207083e+01 4.559440765902412807e+01 4.375085748080566361e+01 2.373714351317005011e+01 4.375085748087578708e+01 3.954804479826582764e+01 3.092225118030111730e+01 1.318107759135452284e+01 1.438638613237836417e+01 3.430847972917656108e+01 2.545488863492655440e+01 3.964030793428793231e+01 5.965261041942630271e+01 6.930884899694686396e+01 6.930884899694686396e+01 7.757706711805053601e+01 7.380476603633724153e+01 5.967940742264160292e+01 6.159716763390948557e+01 4.165106471747512273e+01 6.159720263226031278e+01 6.995726822133168810e+01 6.629014712894141326e+01 8.095505914509197964e+01 6.095836635702290351e+01 7.939960099518229697e+01 7.205149897126264591e+01 9.204391530275513844e+01 8.254449961416187875e+01 9.924821374561317100e+01 1.033555305772068920e+02 1.116045051962828296e+02 1.212703915283557166e+02
9.062254805971973678e-03 8.953334164805207607e+00 2.309546978854919885e+01 4.309546985803703478e+01 6.127040023262792801e+01 6.569821588180940353e+01 5.203117407466417887e+01 3.374308845399865220e+01 5.203117405537476969e+01 4.462788972366782048e+01 2.463499959862045330e+01 2.723345495037109742e+01 3.430847972917653266e+01 1.610045534563185399e+01 3.605158245945104056e+01 4.614370007364556869e+01 6.345155751578393222e+01 4.932604791351730000e+01 4.932604791351730000e+01 6.930884899694686396e+01 6.553156569004401888e+01 4.556906705100097099e+01 5.290565463125406609e+01 3.563026394256111473e+01 5.558321104085148079e+01 4.999189733556750070e+01 6.995726822133168810e+01 6.676763918541010412e+01 5.494235984450369159e+01 5.940062064828706667e+01 7.512765779382525011e+01 7.850893222952814199e+01 7.099215988545046230e+01 8.704616770976373630e+01 8.338072204964143452e+01 9.307416855056649752e+01 1.102599689114392305e+02
3.063233560239582431e-03 2.000306323355988525e+01 3.723760578377685704e+01 4.256562585124508047e+01 5.084654629748089150e+01 6.498158214375609987e+01 6.203326119083795476e+01 5.375862651052381125e+01 6.203326061272345271e+01 5.290439004829210035e+01 3.618556508288992291e+01 4.724971709095783723e+01 3.018370646969196613e+01 3.605158245945102635e+01 1.785493933217671980e+01 3.785484475662516246e+01 4.574430035203176459e+01 3.516512004163707417e+01 5.517887484375192031e+01 6.060171380651568285e+01 5.859772547627815698e+01 5.032751956760970558e+01 3.292648555565197910e+01 5.290605560336457103e+01 3.849123878369271523e+01 5.843025596596491766e+01 6.355234619643887584e+01 4.681740184586122666e+01 4.931928024371634223e+01 5.186270042428655813e+01 5.513385539847399031e+01 5.850504289935520319e+01 6.203873915901883151e+01 6.704428059287032227e+01 7.308155152567704249e+01 8.202931109484849515e+01 9.357420565739521123e+01
5.666595628964066558e-03 2.000566652408666712e+01 2.993076082529737292e+01 2.258815016514404661e+01 3.671151045120565470e+01 4.903968394055873148e+01 5.729599002989265699e+01 5.994100267399564075e+01 6.499359795562985198e+01 6.443867514368243121e+01 5.617297930824486230e+01 5.870734471979653790e+01 4.438708015902636816e+01 3.406526370830452066e+01 3.753086187199416202e+01 1.963337380352668404e+01 2.566190136974783442e+01 4.336334734623112297e+01 4.490864293558961151e+01 4.061531938608798242e+01 4.804597576246880664e+01 3.030705392922360275e+01 5.032751956760970558e+01 6.112614994774779120e+01 5.603755349883212489e+01 4.148128171359366689e+01 4.361523445213567385e+01 6.355228516989793519e+01 6.928276450681330800e+01 7.184069692764622062e+01 5.914432797979026191e+01 7.850893222952814199e+01 8.204569593054034726e+01 7.147626406165613844e+01 9.147157670545921349e+01 8.941063617829806276e+01 1.093750182633289114e+02
2.110006612196471242e-03 2.888840332532807142e+00 9.956555903911924688e+00 2.993076083750220562e+01 3.402041667494309252e+01 2.922470972900469377e+01 4.166059664888118164e+01 4.021092362504270312e+01 4.534865832113888473e+01 5.928854066834743719e+01 7.065488573056998689e+01 7.360742608294675904e+01 6.223988997893298603e+01 5.404409503395945791e+01 4.225996771626536486e+01 2.087826115286726392e+01 2.165609353830428674e+01 2.317742674237480216e+01 2.476045348979985050e+01 2.636284320774309009e+01 2.797760405584272547e+01 4.804597576246880664e+01 3.551691248311757931e+01 5.549162800879088309e+01 6.520051682829895867e+01 6.141486349710111625e+01 6.355234167609703633e+01 5.510931254211586605e+01 7.508572456159011210e+01 8.448903429718259872e+01 6.448706322098469457e+01 8.448903429718259872e+01 9.902489886673043884e+01 7.904068685565395924e+01 9.902489886673043884e+01 1.093750182633289114e+02 1.047244260497836592e+02
9.367352646185668139e-03 2.000936735264583177e+01 7.416445220501282520e+00 1.070132920043639402e+01 1.417489744235464499e+01 1.780930179375632250e+01 2.194394509573945840e+01 2.635528729587909424e+01 3.159136804877302040e+01 4.281314008772164215e+01 6.242604229635470148e+01 7.757651146519947361e+01 5.818325238379205899e+01 4.422470544286600358e+01 3.407714400490122131e+01 2.431352530198670081e+01 4.182864022193309239e+01 4.336334734623112297e+01 3.905090688535127441e+01 4.646919878036226947e+01 3.805682511488490150e+01 5.621856871840305558e+01 5.549162800879088309e+01 4.096137413625667278e+01 4.541930936799803220e+01 6.541557265952255307e+01 8.076087967765602116e+01 6.663713906426755784e+01 8.335489694197283939e+01 9.051816637002887944e+01 7.052179747289997636e+01 9.051816637002887944e+01 1.072778700544287460e+02 9.317966539932938019e+01 1.072778700544287460e+02 9.894673423940601253e+01 8.478795426479562991e+01
3.648181865326004768e-03 2.000364818186497118e+01 2.734995905112324266e+01 2.218791202102985594e+01 3.402041551890612681e+01 2.922470972900439534e+01 4.166059664888118164e+01 3.766106461931757110e+01 5.110252792661056986e+01 4.262049899872928194e+01 5.348932253868136399e+01 7.268938394427499361e+01 7.185120258755291900e+01 5.719877231209165558e+01 3.727325485828656326e+01 2.802294053676025243e+01 4.828781228668707115e+01 6.143858441918613522e+01 5.905046875287678887e+01 6.611361466390714270e+01 5.795700835270329065e+01 6.611361466390714270e+01 6.920879677475788583e+01 4.988261319031920493e+01 6.541557265952255307e+01 5.247382999958758631e+01 7.249364797387363524e+01 8.662670818435992715e+01 9.488844380557975455e+01 9.877856115839361451e+01 8.207409600375991943e+01 8.466810722869892913e+01 1.046414584897121642e+02 1.131365407789673299e+02 1.047244260552906212e+02 8.478795426479592834e+01 7.120297067138528746e+01
