LEM/sinusoidal_perturbations/elevation_000981.asc
nrows	100
cellsize	150.0
xllcorner	0
ncols	100
yllcorner	0
NODATA_value	-9999
[rows 68 to 84 of 100, columns 37 to 73 of 100]
8.521925267160941075e+01 6.441766025310519694e+01 8.521925267160941075e+01 1.001012867835130322e+02 8.566079010291309714e+01 6.486223707925837800e+01 6.424529829674307280e+01 5.602918926884910888e+01 3.785932010518828861e+01 5.791024096398947307e+01 6.879540569642851722e+01 7.498026717395555352e+01 8.096651189894919298e+01 8.791032022701057258e+01 9.635252558895579966e+01 1.066471095099530260e+02 9.826781268525469670e+01 7.747113786343432196e+01 8.626085685622373944e+01 8.135065918319600087e+01 7.488917523894126305e+01 5.444497733516772087e+01 6.882246250794838716e+01 8.953551536332928151e+01 9.864916079979462893e+01 1.103277421453281022e+02 9.015191518922016201e+01 6.835202496146764872e+01 5.640760227149719697e+01 6.502574730634478328e+01 4.696192373335234294e+01 5.848124605693461575e+01 7.296081636482931287e+01 9.363126763897678018e+01 9.779675390049877137e+01 9.404260971200355357e+01 1.071296280752506931e+02
7.786477914230792408e+01 5.718217905727506434e+01 7.786477914230792408e+01 8.559726502105768020e+01 7.109324325860248450e+01 6.486222248194576423e+01 3.504397743181608149e+01 3.591352874840242038e+01 5.602918924290382563e+01 4.413151066817937362e+01 6.442734199670663031e+01 7.741357916551147866e+01 8.475866445155303097e+01 9.321780122378758904e+01 1.035230793585275961e+02 1.086682519885173406e+02 8.814814194006576997e+01 7.326355902629013883e+01 6.542865070887320655e+01 6.066909638032032603e+01 5.632053976076100810e+01 5.219257315055077839e+01 6.969332046725098451e+01 6.969332046725099872e+01 8.994808887836728672e+01 1.020114150111226365e+02 8.141581956870732029e+01 8.439229611873587089e+01 6.502575209812158619e+01 4.488265415881358678e+01 6.298065532830487712e+01 7.143822651978705096e+01 8.163522204345214561e+01 9.779675390049877137e+01 7.686817887097235769e+01 9.779675390049877137e+01 9.519306604663577787e+01
6.669128199172672566e+01 5.111137452460273778e+01 7.162874058130547894e+01 7.535311712558667807e+01 5.662243924359528791e+01 7.337825018203101024e+01 5.465567242472494769e+01 3.455265649605390621e+01 5.466001745513894150e+01 6.442734197542741015e+01 5.096753741378594071e+01 5.676973316700075145e+01 6.398362599493928116e+01 7.437535115417516351e+01 9.514197774893072790e+01 1.086682523152774849e+02 8.814814194056231145e+01 8.626085685622373944e+01 8.626085685622373944e+01 8.135065918319600087e+01 7.683713627401830593e+01 5.692421218378111547e+01 4.940887160869092298e+01 6.096433755950688749e+01 7.545621321893322886e+01 8.729113053000523337e+01 8.519518181157313563e+01 6.440614473288393071e+01 5.477146810253700693e+01 4.653709148034916154e+01 4.284303253418913471e+01 5.278503341126681647e+01 7.317213405670328541e+01 8.988678519883210072e+01 6.911775463441186673e+01 8.988678519883210072e+01 8.662300681549565695e+01
4.631911668155715489e+01 4.558808635099371287e+01 6.593824709246663929e+01 6.687721691775111310e+01 4.656691901049811833e+01 5.602102002332731701e+01 5.141995165197760542e+01 3.320082154330540192e+01 5.330128718675535282e+01 7.134238093440404782e+01 7.145421414333679877e+01 6.765950034285968684e+01 7.741357916551147866e+01 9.321780122378758904e+01 1.035230793585275961e+02 1.168858218547736385e+02 1.086682523152774849e+02 1.068162109387223637e+02 1.050708035501122453e+02 8.454036781702477299e+01 6.983590323602086869e+01 7.745057557960416261e+01 6.096433755950688749e+01 4.675984501532330739e+01 5.836008603814945417e+01 7.281282358263044330e+01 7.457339762471788447e+01 7.398215584527903843e+01 6.507216567854185030e+01 5.957574549221559579e+01 4.143408879440535486e+01 6.156403969813642618e+01 8.163519832695554612e+01 8.331921536720186339e+01 6.290528535544350319e+01 8.331921536720196286e+01 7.912685953720247767e+01
6.068385818284198763e+01 4.047372804876140151e+01 6.068385818284198763e+01 6.485917746655862004e+01 5.550119728809812614e+01 3.582784731108664289e+01 3.128729176211212604e+01 3.524126719620632286e+01 4.255876072093717255e+01 5.415477818611720551e+01 7.470631997477455855e+01 8.833875427535782876e+01 9.676557967294569096e+01 1.064196390718523020e+02 1.115539479759891464e+02 1.032475969172686092e+02 1.005184653270705297e+02 9.212523918611789497e+01 1.005184653270705297e+02 9.892372530627538652e+01 9.055359322253144683e+01 8.994808887836728672e+01 7.538401513387549358e+01 6.407938042609455920e+01 4.418545285518121801e+01 6.178624483995829308e+01 5.407308637105221294e+01 6.481316460340006813e+01 4.696427996896452584e+01 3.948111084822383532e+01 5.957517429903316497e+01 6.919849056694151557e+01 7.673268206492330989e+01 7.763811951468720451e+01 5.754953315555263771e+01 7.031948476342765275e+01 6.722671701570089908e+01
5.153430752122680047e+01 3.737998242159356721e+01 5.328008254005433031e+01 4.795232221266395101e+01 3.956136814947863201e+01 2.941469764781135154e+01 4.954061380565185857e+01 5.887316852608360307e+01 5.342489625900052630e+01 7.134238191657874495e+01 8.320007447082839747e+01 9.455187787722915971e+01 9.182806292317296482e+01 1.003361219518766347e+02 1.032475969172686092e+02 8.263631550852923624e+01 8.867322006420486957e+01 7.138380055312794070e+01 8.588617669525280007e+01 9.432086564801799966e+01 1.053347876330738160e+02 8.442144574754360065e+01 8.437613771141710117e+01 7.279269062805762758e+01 6.180939227138458847e+01 4.167487052277008530e+01 3.994151464367804749e+01 5.755868048285139338e+01 3.850250674060939815e+01 5.857649942319415004e+01 4.062399188098924441e+01 6.073981946178321323e+01 5.671156337225634303e+01 7.105521137031902867e+01 7.028418398897925101e+01 5.045702958180926601e+01 4.702411944642250319e+01
6.600890561936773793e+01 5.328008254005204947e+01 3.318703690216178614e+01 3.031655770797993910e+01 4.648067641918322579e+01 2.811961167081890522e+01 4.233509138525842985e+01 6.266148441107815614e+01 7.463120109980445704e+01 8.317862714453632123e+01 8.839295801536424335e+01 7.371219806575101074e+01 7.100461490887497007e+01 8.836165418020578954e+01 1.003363854244777826e+02 8.867322006420486957e+01 6.791711953191075679e+01 6.113155636286541039e+01 6.522903837224927770e+01 7.918412025466776072e+01 8.764679959074234716e+01 8.442144574754358644e+01 6.332958169581350916e+01 7.101773344238587526e+01 7.014571945217819859e+01 6.177084333452576459e+01 5.666013211076406719e+01 3.753171175349880428e+01 5.758037382122929415e+01 6.695904489066138865e+01 5.472005828168373398e+01 4.177622337281068354e+01 4.259886132123794766e+01 6.274394932500793232e+01 6.477639377018849132e+01 4.580338571631432387e+01 6.599009213190385026e+01
6.213260324565546000e+01 6.174115772834800708e+01 5.320767184411210593e+01 4.488064669798961148e+01 2.628742226872964949e+01 4.647724970433880287e+01 5.671103876865674209e+01 7.037575092805043653e+01 8.061874953284328171e+01 9.021584223988568851e+01 6.944689206126898284e+01 5.907778347656743989e+01 5.907773416069571226e+01 7.100461490890725713e+01 9.182806340478583706e+01 9.709512021613942068e+01 8.867322006420486957e+01 7.395977232377939004e+01 5.356150623195496507e+01 5.867245133776490462e+01 7.581807144912271212e+01 8.256933630492926568e+01 7.101773344238587526e+01 4.931758043555955595e+01 6.013766619852484752e+01 5.574326087149769648e+01 3.663263179144863102e+01 5.054932993698432142e+01 6.572467614329227104e+01 8.285732548012300924e+01 6.904734875286297324e+01 4.879487639865782711e+01 6.253971538704549715e+01 4.377050932832391794e+01 4.460490347057612581e+01 6.477639690723168542e+01 7.446423366496550500e+01
4.559982882879016586e+01 4.216905136693174683e+01 4.328704473410062548e+01 2.462873545906164097e+01 4.488064652171448188e+01 3.453720487463989031e+01 4.161154741679577995e+01 5.164877291876132404e+01 7.213197678392855039e+01 8.413204083789048582e+01 6.336410427252570088e+01 4.891781596047351144e+01 6.944689206126898284e+01 8.609594063772215122e+01 9.329896988388126999e+01 1.022527175785215832e+02 8.842820054398994500e+01 6.775763819844800651e+01 5.602871236192188320e+01 4.712773875563359383e+01 6.212247733332922905e+01 6.212247733332922905e+01 7.671231462836726678e+01 6.013758576102346609e+01 3.766124371118666403e+01 3.573011651183514914e+01 5.574313272405846220e+01 6.487543636615960452e+01 7.809444323968160973e+01 8.213064564534181500e+01 6.152034256315117489e+01 6.909554544412485200e+01 5.640827071819764171e+01 6.393066005020379095e+01 4.968412700167627349e+01 6.915773183840809679e+01 8.332385985116812321e+01
2.554398303409976734e+01 2.175972301726727665e+01 2.295056637466120364e+01 3.735156891904331644e+01 5.331087600531475346e+01 4.611294543018322400e+01 6.188950795864912635e+01 7.037805093843421389e+01 8.063063274675563719e+01 7.924056795253565610e+01 5.854884588940647205e+01 4.420744015579326458e+01 5.801019416061549805e+01 7.605669182194561984e+01 7.046385975245425470e+01 9.303072157738230885e+01 9.684381451609256430e+01 8.496888113973022882e+01 7.581642105569693513e+01 5.614241434925502006e+01 4.200144186032871119e+01 5.744443074967366414e+01 6.117699661655968413e+01 4.799459618486317680e+01 3.482662760434036642e+01 5.483603086013626893e+01 4.457199469572477568e+01 5.877945381778882705e+01 7.927007429929005866e+01 9.059739228893811003e+01 7.607569567138746436e+01 8.531059642660531495e+01 6.814100503885671856e+01 7.748809204973747455e+01 5.737131203600757345e+01 6.046133123784253627e+01 8.103723598035419684e+01
2.007997694636791408e+01 4.058832429004748832e+01 3.462022088986714863e+01 5.125962313523624658e+01 6.607832306346244877e+01 6.647818212974070207e+01 7.496286039818070890e+01 6.943009149962881565e+01 7.797921804306935201e+01 7.691118539391145248e+01 6.038463281753201528e+01 4.006739517260623984e+01 4.622553777039527745e+01 5.440759291124484776e+01 7.573749706396729664e+01 9.187820309879791125e+01 8.582461848972472751e+01 8.924677308004012843e+01 8.501563748049433400e+01 7.057989230592507113e+01 5.744443074967366414e+01 3.737532106468592730e+01 4.746344401635629850e+01 3.392387630660393683e+01 4.534403214841106688e+01 6.188073159004537871e+01 6.478101880935616919e+01 5.613083940718271236e+01 6.788467558088709097e+01 8.849916413725271980e+01 9.674858799191828496e+01 9.715586234839661017e+01 8.875882231214059459e+01 8.665469608618435871e+01 6.922914857568773073e+01 7.217696683546857628e+01 8.955627609332593408e+01
3.904010374371145531e+01 4.901680930645937195e+01 5.404421695101264334e+01 6.212306283765516923e+01 6.665896624672906512e+01 6.612074846622243740e+01 6.573961720428761168e+01 4.823024351927292486e+01 6.583675668217746590e+01 6.830596413670301104e+01 4.768123761157210794e+01 3.610694249418935442e+01 5.047653970743626672e+01 7.194975949663182746e+01 7.567061042045432373e+01 8.015819461749241270e+01 6.390898921705696978e+01 6.857390301178260472e+01 8.924677308004008580e+01 7.579918779587676170e+01 5.575760643058355015e+01 4.585521555612658062e+01 3.302332426779042862e+01 4.587709665728583985e+01 4.272893109498397735e+01 5.683030915489205626e+01 7.732449407914521089e+01 7.659738362002852341e+01 8.505807183071243571e+01 9.690596267321699031e+01 1.011988013365334069e+02 9.252350903198869503e+01 1.011988013365334069e+02 9.867654566504249658e+01 9.028447355890313020e+01 9.314058871663529260e+01 1.015462258976531302e+02
4.484059712102330053e+01 5.613893223831810531e+01 5.716621652825662636e+01 4.795022193393862864e+01 4.669061638715420770e+01 4.821349957771074202e+01 5.668760628004428526e+01 3.616512663176276021e+01 5.709904785116581394e+01 5.715293022952067048e+01 4.871072058698038632e+01 3.284692392425328933e+01 4.761141503400857999e+01 6.954966811164301532e+01 6.026085264850492251e+01 6.212839648516413860e+01 5.103066529254998329e+01 7.236744535134468492e+01 7.797580205092565109e+01 6.638503914447936438e+01 5.782792597367787124e+01 5.154152312394766255e+01 3.239773185517606890e+01 5.241620012198664824e+01 6.284516895540089365e+01 5.419757487701587451e+01 6.592942487502293147e+01 8.658624912766636328e+01 1.000031519025801288e+02 9.111873886755525120e+01 9.060172654098511202e+01 7.122574754184046242e+01 9.060172654098511202e+01 9.441869201831050873e+01 1.030808033690208703e+02 1.042299130198251049e+02 1.128207190408442244e+02
3.805385976680146598e+01 3.754749372306703492e+01 4.193975236120619599e+01 2.669531371427594735e+01 4.213632514762270631e+01 3.671796099989695961e+01 4.518848628413960000e+01 2.890930054277930594e+01 4.612941678586209093e+01 4.821070014365983525e+01 2.823044777660413374e+01 4.870630928399879878e+01 6.106436050611088007e+01 6.227453199160785147e+01 5.428754384930785903e+01 4.089622440964365069e+01 6.209106096173277933e+01 7.564923760058489677e+01 6.967984883737901214e+01 4.907820946566287290e+01 3.213931667026617589e+01 3.151262885079709619e+01 4.447011521641621101e+01 4.669950968852162987e+01 6.688656864337440311e+01 7.466002608479988112e+01 8.313912239470553800e+01 9.501205740881472650e+01 9.111873886755525120e+01 6.889948698346594824e+01 7.540735518742371823e+01 6.092265932799886485e+01 7.789992780885665979e+01 7.308521633315415045e+01 8.685529955476312125e+01 8.295044428607918974e+01 9.973852937451806611e+01
1.812998982879431153e+01 3.480366751349846055e+01 1.941063174590088636e+01 1.988453954714097094e+01 3.300273236129427090e+01 3.910754875004685260e+01 2.176198050108314774e+01 2.225721175894029003e+01 3.426724763915742500e+01 4.154805056199292324e+01 2.557163857955085362e+01 4.560187983011050505e+01 6.190178115476594201e+01 5.392344417440196480e+01 3.310085562918907698e+01 5.241523044225554884e+01 5.331589263179451166e+01 6.548215343604402960e+01 6.229346958660060807e+01 6.440254996152567912e+01 4.961076789653567687e+01 3.088495811709488947e+01 5.103399532778184522e+01 6.653266770095768834e+01 7.531922614193280197e+01 8.037202065773266213e+01 8.875569295480008236e+01 8.835192750140090823e+01 7.966480015631989886e+01 7.538024800114618529e+01 5.516247453442050386e+01 5.339412182659184225e+01 5.714213167013623007e+01 6.109242268934241338e+01 6.559702156921230198e+01 7.114823568940728649e+01 7.827595885410572407e+01
1.984094014422823093e+01 1.875036709443343241e+01 2.033840591440218049e+01 4.015469037936343000e+01 2.057046278521079685e+01 2.106164773188032413e+01 3.124942505886916777e+01 4.048679492138639802e+01 2.295321385463205388e+01 2.344133387014257153e+01 2.392527982280495635e+01 3.876180246485349556e+01 4.365737725452906659e+01 4.566437452084008441e+01 2.929853764602853516e+01 3.910726560545169406e+01 5.271886971543351308e+01 4.474390134027986221e+01 4.242611924074270746e+01 4.883038811266300883e+01 4.917026663543393283e+01 3.025916702872084230e+01 4.458218586912094139e+01 6.610486933297900691e+01 6.637062641611076685e+01 6.057108439404183287e+01 8.037202065773266213e+01 7.966480015631989886e+01 5.884557970828393536e+01 6.494338819849605215e+01 4.858069715552520051e+01 6.914004814593710080e+01 7.789992780885665979e+01 8.210180408873520719e+01 8.685529955476312125e+01 9.258433920104722858e+01 8.869347045863240453e+01
3.070036350854555707e+01 3.394989719343734436e+01 4.044830225276944446e+01 2.261819272854350871e+01 4.145793079343933840e+01 4.251213547051023056e+01 3.068685245163511155e+01 3.646788663809147124e+01 4.585749729510135353e+01 4.396623237673507845e+01 2.472584998605001871e+01 2.460781613527329625e+01 2.508512435316006162e+01 2.555699674190093518e+01 2.602488082828334015e+01 4.157389268859320453e+01 4.613036779658169451e+01 2.781343213023864536e+01 2.828241546615144131e+01 2.875247101166911179e+01 2.937563653401253561e+01 4.665467774496595865e+01 5.815310920362755098e+01 6.604768342561767724e+01 4.736148968989562036e+01 5.910981361299639758e+01 7.863249653806965966e+01 6.968044832760713803e+01 6.103778044866768226e+01 4.427685454927118514e+01 6.494338819849605215e+01 6.529536203429233865e+01 8.624693956392171401e+01 9.672465542985131037e+01 9.672426879530338795e+01 1.051905325869358592e+02 1.098967197609380122e+02
