LEM/sinusoidal_perturbations/elevation_000831.asc
nrows	100
cellsize	150.0
xllcorner	0
ncols	100
yllcorner	0
NODATA_value	-9999
[rows 68 to 84 of 100, columns 37 to 73 of 100]
8.027009703138217844e+01 6.410510884943137455e+01 4.404333419108982639e+01 3.849199519003268222e+01 4.276647812683708594e+01 4.724486897443650690e+01 5.279521151610251195e+01 5.892888313377395804e+01 7.917593454117078977e+01 8.530156096919263575e+01 7.087532006085297098e+01 7.276706634003473084e+01 5.957713062166526186e+01 7.438580791843078543e+01 9.476085953963773534e+01 9.166702538926426769e+01 7.435766165911206826e+01 5.444555902141400594e+01 6.622875675873743262e+01 6.343144089301731725e+01 4.610369283840523735e+01 5.603693815564641767e+01 7.594874893288391604e+01 9.172091653563155944e+01 7.215382271434222616e+01 5.833579983583266682e+01 6.211277554680873436e+01 4.383221540231834013e+01 6.419669826152048131e+01 5.880127965538613921e+01 7.339790102614735190e+01 9.029337993347559177e+01 9.868800934181359708e+01 9.752199494841076444e+01 7.798206926850836851e+01 6.394571810441436099e+01 5.642383976539417745e+01
7.089274807325375605e+01 6.529216806565217723e+01 5.686795019467196965e+01 3.711358222371590188e+01 5.570959599984566069e+01 6.712582993543585985e+01 7.307121884746653961e+01 7.917593454116980922e+01 8.145817732558242596e+01 7.300178291080752047e+01 5.604203486822139979e+01 5.184179378640227753e+01 6.242235082793835232e+01 7.715908383549880512e+01 9.748286613659632849e+01 8.736680726155651655e+01 6.771324228714378535e+01 5.362784165338391063e+01 4.636653931987621036e+01 4.365058670058830614e+01 6.343411579394444999e+01 7.413153616812913071e+01 8.404238526474257753e+01 8.393318740014346702e+01 7.233805009292525767e+01 5.185347970528246009e+01 4.185946810220439573e+01 6.211277556941822553e+01 7.257974476463949998e+01 7.930031278977187981e+01 8.759811565112278231e+01 1.018729169228960529e+02 1.007660390976531204e+02 9.382914102068869511e+01 8.541681088424930124e+01 7.421436084647001508e+01 5.431254752719498669e+01
5.069957003356399383e+01 4.520468317017525095e+01 4.036583026159411247e+01 3.573493204082819830e+01 4.992490262503000764e+01 7.108602811411188327e+01 8.437863071396051851e+01 7.651193608323599449e+01 6.802786613329983822e+01 5.219430175163743257e+01 4.563142703170738912e+01 6.645786482574702347e+01 8.122013448544417713e+01 9.150098374819661728e+01 9.668638263187280302e+01 9.303811936137489624e+01 7.346963819365889492e+01 6.092079095460412219e+01 4.125516278127783210e+01 5.862703171403381930e+01 5.862668489448137876e+01 7.835802002725861826e+01 7.785601949296493274e+01 6.355026592650159500e+01 6.708406075687972248e+01 5.870273277720436056e+01 4.049305502292825309e+01 5.468639026896981647e+01 7.479496073623583641e+01 8.039258472538458022e+01 7.999285385241134350e+01 8.836619060675643311e+01 7.941560339646993327e+01 7.930806434033786445e+01 6.543225954503111552e+01 6.910065998735382209e+01 5.225970722487243592e+01
7.089274807325375605e+01 6.529216816274033874e+01 5.408976014192250403e+01 3.440567769635152473e+01 5.407462521914812470e+01 5.706744375301452976e+01 7.666899691459778410e+01 6.459636632459714178e+01 4.732487018104927756e+01 4.043350715665938822e+01 6.098798768599709064e+01 7.495675630904186448e+01 7.989897972310026830e+01 8.498752072966249216e+01 7.669624788243814351e+01 9.070772566171950757e+01 8.029540214733476944e+01 6.080771314043328601e+01 5.791834390408131839e+01 3.907100347883645242e+01 5.639343387345871150e+01 6.453935171915919966e+01 6.923067357747959250e+01 4.921414950268019339e+01 5.675068869908885461e+01 3.874719053168016103e+01 3.953396471754901143e+01 6.859196550259810010e+01 7.411131773456797589e+01 6.057766759198562312e+01 6.054396502352946641e+01 7.998229053742812766e+01 7.912907072746989456e+01 5.904370548530521035e+01 6.626726522155495047e+01 4.953615359442835597e+01 6.910065998696090617e+01
7.192689828915739270e+01 6.824846237009781191e+01 4.708488526009064401e+01 3.306680614872242785e+01 4.091734875466569576e+01 5.081432043658026032e+01 7.052997560669587074e+01 5.607498584723507662e+01 3.580855345613907303e+01 5.607498584723629875e+01 6.951125015017211695e+01 7.526983100323094789e+01 6.316456845687735466e+01 6.805006382945755661e+01 6.233037358255713656e+01 7.367669571189641431e+01 6.490358178650977550e+01 6.559373377284687479e+01 6.614185694947683203e+01 5.622317986187286465e+01 3.691151716441939357e+01 5.554503850076493165e+01 5.487465087698204513e+01 4.509076991275261292e+01 3.692091791016725466e+01 5.661469204432305702e+01 5.802728056948038216e+01 5.876381518077518962e+01 5.936104563794619793e+01 4.705771917464623044e+01 6.623230377212836117e+01 7.383870637129665226e+01 6.549899785016710041e+01 6.328490745072429036e+01 4.687085742465303895e+01 6.631428594679074706e+01 7.729138681818153600e+01
5.200968036083020252e+01 6.588955719718265414e+01 5.519810699423506151e+01 4.901705968373561717e+01 3.116626536284449500e+01 4.502353927034753411e+01 6.500635996362308333e+01 5.294781261106562908e+01 3.279345792626475031e+01 5.294729963665869832e+01 6.131506567940982677e+01 5.935499208722407616e+01 5.130590512446800489e+01 6.803744167365240969e+01 5.233466141998426480e+01 5.970563810373974434e+01 4.416255280492004687e+01 4.574929209193818025e+01 5.777924234326106046e+01 5.574630037680981332e+01 4.185828503084690055e+01 3.467189394902941046e+01 3.536404382646529854e+01 3.602570926678371421e+01 4.870136917362384565e+01 3.791659908407709878e+01 3.861588162244775191e+01 3.931787117517271213e+01 4.002111556763356504e+01 4.072690219273398071e+01 6.024792857783749156e+01 6.057103049809648354e+01 4.352249915553850457e+01 4.427590584432281418e+01 4.510888559362106065e+01 6.145374046750973918e+01 7.324956613186543564e+01
3.817861658180077455e+01 5.127068197847071929e+01 4.718879224228911085e+01 2.930558277029549785e+01 4.794531281169322057e+01 5.861107823242019776e+01 6.406652203726760320e+01 4.498676394757072217e+01 2.983182992844525572e+01 4.714680829557715924e+01 4.477011721724757365e+01 4.169617256539316941e+01 5.761791853091143167e+01 6.340532388330889546e+01 5.620400621837224264e+01 4.018678784611066135e+01 3.433141838945994806e+01 3.391219813618896239e+01 4.924854430221621016e+01 5.173639492856719357e+01 3.373381073950567810e+01 4.149160799239356123e+01 5.433811983958383962e+01 4.064203940899665213e+01 5.845561464620761427e+01 5.150194141241487955e+01 4.530590432062734862e+01 5.876364780572225754e+01 5.950434655068583822e+01 5.615585815270851100e+01 4.173925818637907525e+01 4.246600036616855789e+01 5.675440944153068301e+01 6.355052662645476147e+01 6.478575928232112346e+01 4.629222988862338184e+01 6.600767915936867780e+01
5.127068198159674495e+01 3.173853082705329598e+01 2.751067805022615431e+01 4.717954482549208706e+01 5.484570913153451244e+01 4.914177569417154245e+01 4.660573887232536094e+01 3.241325917789744437e+01 2.698720211793017398e+01 2.737941564034090192e+01 3.310972773079648590e+01 4.927427831196749963e+01 4.839565298707041308e+01 4.869802759523881264e+01 3.840536990524169880e+01 5.005666380200681687e+01 3.121746946610061713e+01 3.168027542721788947e+01 3.214564502676908830e+01 3.278825746007967723e+01 5.007505255468500138e+01 5.217001355682217678e+01 6.288486402132623709e+01 6.296384114216446193e+01 6.296354828330502329e+01 7.127464583839777390e+01 5.262576988153771396e+01 7.248841426821600464e+01 6.966401193869756980e+01 4.992295019371081111e+01 6.131233660926568518e+01 6.207313626557546371e+01 4.851164609750182422e+01 6.757664766417677527e+01 7.396107893313511283e+01 6.536510845192448471e+01 4.747881352441127234e+01
5.615563859398234570e+01 4.597764303335249991e+01 2.635966026946224616e+01 4.416272381768493460e+01 4.432478244007170076e+01 2.569845049811107174e+01 2.607679524853124065e+01 2.645050653630002913e+01 4.191130388282434183e+01 4.699286844161043319e+01 2.796174487095852967e+01 3.921405184861144733e+01 2.919538461690353159e+01 2.964479284990332175e+01 3.010325741047204673e+01 3.056453749956400756e+01 5.015313463159457541e+01 5.760486537855147304e+01 4.616058597512880368e+01 3.288581258564829568e+01 5.275724044504136145e+01 6.127994278999690181e+01 6.907982937038609350e+01 7.776201671187276077e+01 8.466252746521365680e+01 8.075944702834060251e+01 6.663648849586361678e+01 7.248323114976993509e+01 7.629066520584726163e+01 5.640977193199515227e+01 7.629153311385306324e+01 7.222961009030710500e+01 5.304343458108181864e+01 7.218840189204937019e+01 7.731103299583035948e+01 5.726296061806027637e+01 6.724699400647556047e+01
2.323931756092894929e+01 4.312734348166853948e+01 3.421840122679577689e+01 2.475539270690911309e+01 2.515252830524886818e+01 3.658565384020231193e+01 4.386632120787886890e+01 4.534750279357398739e+01 3.295947439868982798e+01 5.219714146179073566e+01 4.953449706662280505e+01 2.856913392400666751e+01 4.721729391039091439e+01 3.266114387381443862e+01 4.326344440417906156e+01 3.042180986269441334e+01 5.518705403491896533e+01 7.332464110748476571e+01 6.091612906369308433e+01 4.690601007486934293e+01 3.381257816765757696e+01 5.326162844709455868e+01 4.904769380630437325e+01 6.942194963778540284e+01 7.487130282592200103e+01 8.322276785724304204e+01 8.662084651476379804e+01 9.243058631548124993e+01 8.460497847050271503e+01 6.628536709385235781e+01 8.461150281473227608e+01 7.718231442686932553e+01 5.801672550411002760e+01 7.718231442686932553e+01 8.573952634861959154e+01 6.724837732634401277e+01 8.491583978912038333e+01
2.667592158469524577e+01 2.382377509145279149e+01 2.421367169942126907e+01 4.369686415581519157e+01 4.470978538194659535e+01 3.513375934269544842e+01 4.574541881623778039e+01 5.502806560385282353e+01 3.789857043910060952e+01 5.450043941752824850e+01 6.361089505404381583e+01 5.750503429494683161e+01 5.587014168805254144e+01 3.560941963172234637e+01 5.408446794919424860e+01 5.518847201102496314e+01 4.964549913687929461e+01 6.857245009899008892e+01 7.523580339468949774e+01 6.202274875367479012e+01 5.370683327791427786e+01 3.496091901570406435e+01 5.464898675077009216e+01 6.475990659703610675e+01 5.464848931659373932e+01 6.473186951151943447e+01 7.909728199111661695e+01 9.928694372875646934e+01 9.463439925553181808e+01 8.629769913385574398e+01 9.463439925553181808e+01 8.539050494945807657e+01 6.652725532879381376e+01 6.899636058919132608e+01 8.836453532320746262e+01 8.148456614862639924e+01 9.585267124372852265e+01
4.198531985388476784e+01 4.323340922552504395e+01 2.552177463060652585e+01 4.301402102661362647e+01 5.978745398428961977e+01 5.458454825750133921e+01 5.136143466733692975e+01 5.585282248176275033e+01 5.695792662024655328e+01 4.649861728091746471e+01 6.541673559134056859e+01 7.367738670166943393e+01 5.303749547603433712e+01 3.860076816748378548e+01 5.906873614022141084e+01 7.266700017714973114e+01 6.857321561629869677e+01 7.680048905449073970e+01 7.462342117852335832e+01 5.895187492411596253e+01 4.014055924678297771e+01 3.576906826968394881e+01 5.531318933661722070e+01 4.481516241963885250e+01 6.475988740561250268e+01 8.322276785724304204e+01 9.333503875394660554e+01 9.015757054474809706e+01 8.753954567701831024e+01 9.586055578194100235e+01 1.074904696445215677e+02 9.411429185442079870e+01 7.748142025656400733e+01 8.000146316752126552e+01 9.670079189461114311e+01 1.017618719228169084e+02 9.853525376693481519e+01
5.046609609749403091e+01 4.652881501715953760e+01 2.691845749113944208e+01 4.655841186587541358e+01 5.768725259333213984e+01 7.181394965239731221e+01 6.956315560454915214e+01 7.314880139589125463e+01 5.734796031747943346e+01 6.541673633978589919e+01 7.336118865418343660e+01 7.363301316661458884e+01 5.303601506972419344e+01 5.906873614020190644e+01 4.351293752580204455e+01 5.978953890476559963e+01 8.001426837490150490e+01 8.058262146227440326e+01 6.032045995720574894e+01 4.663256524114258639e+01 5.888973255657168693e+01 4.427399692761115091e+01 3.676665755514108724e+01 5.596126676550026247e+01 6.540046817435565174e+01 7.969425589091582651e+01 8.109085045547594461e+01 6.989015245792462849e+01 6.725168140521900284e+01 7.900311492867857055e+01 9.920052693689686407e+01 1.055892758029980598e+02 9.716916036014480085e+01 9.978870433538745033e+01 1.082216236594099144e+02 1.084360111602354948e+02 8.874039336213941453e+01
5.787437267992595480e+01 5.310707466114263298e+01 3.364048869725949942e+01 2.963473024565521641e+01 4.356186811947496551e+01 6.048594443406702226e+01 6.807641556999438137e+01 7.642027584778766425e+01 7.643241043998985162e+01 7.078697888474526678e+01 9.006168786611026178e+01 8.199055985731327212e+01 7.363301316666434104e+01 6.839697999739263423e+01 4.745271778342095104e+01 5.828275199694376596e+01 7.695716432350337755e+01 7.580320683735955356e+01 5.554907324297859361e+01 6.625531669626283815e+01 7.231633021751957813e+01 6.157006225194279381e+01 4.284186725324211409e+01 3.767810237395957529e+01 5.133225581033734386e+01 6.638312061964046507e+01 6.081469236474004703e+01 5.554105637640684989e+01 7.582634177841235612e+01 8.630608476099212112e+01 8.774912525427313881e+01 9.607701745090459156e+01 9.711089119496060107e+01 1.054119071993905834e+02 1.148960640087186107e+02 1.166548492106925039e+02 1.052588203347889930e+02
5.159283678839199183e+01 6.276047299743728303e+01 5.475960325468231105e+01 4.940467243199800862e+01 3.260138388662136322e+01 5.165602186469205037e+01 4.801490056391161687e+01 6.220332650440959554e+01 8.235569738893811120e+01 9.006168786611026178e+01 9.797527921722704036e+01 8.966857931218099509e+01 6.958558996193183077e+01 5.485306837526073309e+01 6.839697999739264844e+01 5.961655460156474362e+01 7.984080877900360917e+01 8.416059514627832527e+01 6.456736532400054784e+01 8.416059514629498040e+01 7.339485950130807623e+01 5.329970775767888114e+01 6.265340641152951662e+01 4.615793290513428815e+01 3.857096655874050128e+01 5.775971600180523779e+01 4.668621660416440022e+01 6.675448635681256349e+01 6.823587629718539915e+01 6.601476836367254464e+01 6.740949924443073371e+01 8.056361505980095217e+01 7.684469961292333551e+01 8.644930569596566272e+01 1.019313799582738511e+02 1.119928369483363468e+02 1.050608311656898763e+02
3.543055241664301747e+01 5.636236067928199134e+01 6.935241026654186669e+01 6.064319867343100867e+01 5.234839018861925553e+01 3.560584552290388416e+01 5.538487568305873765e+01 6.692907725048954148e+01 7.361702989596290081e+01 8.191747078515200542e+01 9.351593500646390567e+01 9.184951860717713146e+01 7.178604542956598777e+01 6.131594379618503865e+01 8.157657000690375071e+01 7.141520677908970072e+01 8.823334213543185456e+01 9.322197989961485121e+01 7.634623489605846203e+01 8.768586265984531281e+01 6.747533217312525267e+01 7.339485950130807623e+01 6.245537676158356533e+01 6.617217346383108634e+01 5.229474554603607572e+01 3.947651514778336690e+01 5.917339147526870846e+01 6.312760060450352029e+01 4.812405209161527608e+01 5.191342133545243342e+01 5.576915447932737635e+01 6.018392932861216593e+01 6.606067525702609089e+01 7.333053333716216571e+01 8.353473908317668872e+01 1.037136620064158166e+02 1.132641472359887302e+02
5.636229758963165182e+01 4.084089758685185956e+01 6.133224245808933262e+01 7.454073480083575021e+01 6.369457687430337245e+01 5.538487568305873765e+01 3.873135670532309405e+01 5.860954337394517211e+01 5.343966103357308839e+01 6.510561586432288550e+01 8.524383768531052397e+01 1.001121270893261652e+02 8.912995475739278106e+01 6.914557715081119227e+01 8.157657000690375071e+01 9.153062312481003460e+01 9.983613921626799481e+01 1.048645217579376379e+02 9.656855623842430703e+01 9.598692975030803609e+01 8.768586265984531281e+01 9.104108640191361701e+01 8.271076842093215475e+01 8.079457238842465472e+01 6.753176224453694942e+01 5.917341412236945786e+01 4.040698976548038956e+01 4.079642478456672450e+01 6.312760131364889560e+01 7.195795733666619753e+01 7.592462024575961266e+01 7.197736984793735360e+01 8.644930569596566272e+01 9.362420054479628106e+01 1.019313799582738511e+02 1.119928369483363468e+02 1.246578248213497631e+02
