LEM/sinusoidal_perturbations/elevation_000762.asc
nrows	100
cellsize	150.0
xllcorner	0
ncols	100
yllcorner	0
NODATA_value	-9999
[rows 51 to 67 of 100, columns 37 to 73 of 100]
9.827350025910666886e+01 1.127593622894820840e+02 1.097869671487987233e+02 9.007556732985916881e+01 8.559614578345909308e+01 6.598722203472418357e+01 5.930316363617662745e+01 7.903569003303503848e+01 9.403010601244692168e+01 8.740431233483857909e+01 6.807684076535082340e+01 8.115319415867882924e+01 9.488347712783416910e+01 9.564573488537588730e+01 7.623108981972762876e+01 6.237555486261744164e+01 8.027620549697498120e+01 7.655468476923718413e+01 8.429330991613315405e+01 6.856372200210240919e+01 7.836917811209178808e+01 9.214872722297624819e+01 1.070977337544228902e+02 1.126650458745302217e+02 1.187549802857276404e+02 1.260381707586053466e+02 1.340986184640624685e+02 1.347202257841263133e+02 1.221059354026050272e+02 1.050613496390674300e+02 1.221059354026050272e+02 1.132972887711294874e+02 9.297036050982829636e+01 9.892396904051308582e+01 8.211396556518003820e+01 1.025409197496320957e+02 1.028955109041980052e+02
1.058260526714847742e+02 1.060266887094786767e+02 1.046702675387108741e+02 8.438771047661300884e+01 7.045423183140280798e+01 6.234698644360093311e+01 5.590120046014900623e+01 6.627431727298581166e+01 8.015221176623703059e+01 8.302596924626847397e+01 6.357118314693820338e+01 6.734362319745386571e+01 8.514586450807752271e+01 8.396063324717781029e+01 7.589910551296875951e+01 5.876237652111714738e+01 6.070851331889618763e+01 6.268987902461362438e+01 6.473229508218285844e+01 8.429330991613313984e+01 9.612542569616945798e+01 1.058357231533877467e+02 1.195198076876115607e+02 1.178417721883252085e+02 1.258833137598070238e+02 1.273932838608037059e+02 1.354587706669096860e+02 1.248480710491015060e+02 1.058750961890103071e+02 9.298724874342866542e+01 1.137060773092652823e+02 1.216307189473104984e+02 1.132972887711294874e+02 1.109086772388410509e+02 9.395218339458720891e+01 1.109086772388410509e+02 1.103364092219463544e+02
9.072626827013276340e+01 8.730687458088686981e+01 1.060266887094786767e+02 9.826513252397761278e+01 8.203116613450201555e+01 8.203116613473113716e+01 7.203127074564585541e+01 5.195611337058171841e+01 6.845318011272695458e+01 7.659678800241827901e+01 7.709022508272997243e+01 5.737471641219849516e+01 7.709012443858212293e+01 7.589911951684794644e+01 5.635397064931310496e+01 7.590494090645771053e+01 8.027620549668090177e+01 7.655468468437834417e+01 8.429330983704932123e+01 6.941977437085235181e+01 8.891673913258961193e+01 9.775803835408152054e+01 1.020855277778338888e+02 9.854439265418352534e+01 1.137541175407914551e+02 1.081045898715800178e+02 1.273932838608037059e+02 1.164496794180554389e+02 9.581203887859305723e+01 8.506015436385652606e+01 1.058744480476144361e+02 1.071286098977536057e+02 1.155721107024252063e+02 1.226106997558403293e+02 1.142741012541672916e+02 1.214801724273806940e+02 1.020758347250356906e+02
7.187016074098568197e+01 8.719476042801061055e+01 1.039819910134216059e+02 9.644841937324440551e+01 1.015988338937727491e+02 9.164741377261682942e+01 7.203127074562591758e+01 6.845318011028771821e+01 4.844402107175428540e+01 6.499502877696536984e+01 6.843524484280685272e+01 5.352717230303711204e+01 7.345925205699626304e+01 7.189040530418481012e+01 5.468329373365684631e+01 6.596251057133417817e+01 8.551726373582199869e+01 9.602940846708965239e+01 9.694477267764544592e+01 8.891673913258961193e+01 7.439377474488502173e+01 7.837760780366326685e+01 8.273240673099041942e+01 8.834880415462397707e+01 9.448366972867660252e+01 1.081045898715800178e+02 1.273932838608037059e+02 1.142195238109182043e+02 9.354314547493947885e+01 7.879843126893591432e+01 9.246456014376728660e+01 8.639090702944905331e+01 1.071264849975516000e+02 1.145566535833042821e+02 1.229393386591937514e+02 1.132889662338659349e+02 9.308612107468240993e+01
8.116618926220000674e+01 9.870871318738979028e+01 9.082079816304987219e+01 7.543806884695442250e+01 9.082079816087785673e+01 8.329230796513783730e+01 7.462722453732193628e+01 6.836196525688016834e+01 6.256952293020159317e+01 4.543122825226151207e+01 4.843069302596422432e+01 6.806877844980368764e+01 6.964815104551462355e+01 5.235447048491416666e+01 5.850185978800989517e+01 7.800141522223852064e+01 9.356478344398838942e+01 1.059721644378455494e+02 1.052507623543463637e+02 8.686899307385654367e+01 9.127537032443613896e+01 9.210164884443122446e+01 9.393186204345359158e+01 1.076602668790222594e+02 1.137541175407914551e+02 1.217816802692447737e+02 1.208249811333217423e+02 1.089571288140424343e+02 1.004876727829843190e+02 9.246449939593946965e+01 7.176022178917428107e+01 9.246456014376728660e+01 1.053129325075597791e+02 9.392274242557554942e+01 1.110987972444129639e+02 1.214801724273806940e+02 1.073333742338543857e+02
7.763521871963169474e+01 9.713529924890301004e+01 8.265034988578423736e+01 6.233431989890696201e+01 7.122445401899990713e+01 7.475707577970452178e+01 5.759864187062860452e+01 4.971607125001033012e+01 4.297686920482641426e+01 4.444965973259490966e+01 6.398970793901469989e+01 4.863922051365896237e+01 5.011962456102465069e+01 6.964814683551155383e+01 7.800141471955156192e+01 6.897173574495424475e+01 7.874770405566333409e+01 9.799325673719404506e+01 1.131973497711206136e+02 1.020115769622022981e+02 1.125511849953525143e+02 1.114137706223441455e+02 1.132236423049640308e+02 1.212529799990586525e+02 1.188932085232282674e+02 1.104735014932295627e+02 1.124170007535450537e+02 9.175479860838153456e+01 7.976188649643576412e+01 8.832346200174553985e+01 6.771982955354060607e+01 8.832371155660079864e+01 8.461060071222252077e+01 8.191313778177678273e+01 1.026442049239663845e+02 1.138803354619564630e+02 1.155598117736904413e+02
8.300050931140036425e+01 9.107124271602991428e+01 8.531330970599640295e+01 6.538845524591631886e+01 5.167384002293810141e+01 6.334425134279330649e+01 4.934072768848503188e+01 4.132357301599789423e+01 6.093354624321680291e+01 6.401227372632185109e+01 4.653930569517236648e+01 6.606865299012130777e+01 5.535833526066029009e+01 5.803064036261772429e+01 7.765775895145418417e+01 8.837048039642884589e+01 9.634686416265296316e+01 1.059721644378460894e+02 1.107222256062099603e+02 1.181411354301621515e+02 1.122135916869441274e+02 1.039141436936075564e+02 1.065095985991557086e+02 1.148116413925395847e+02 1.070182163592178881e+02 8.980553702185439136e+01 1.070182163592178881e+02 1.089571288133653582e+02 8.940927401787534734e+01 6.881164634814649617e+01 6.394790900197666872e+01 8.379750022700143575e+01 7.004170909557163327e+01 7.684521292695369254e+01 8.467241952745206390e+01 9.672882042514666523e+01 1.173383435365653327e+02
6.342782627535154916e+01 7.978586520956773143e+01 9.107289522551965888e+01 7.122419465397011606e+01 6.334428759048424951e+01 4.429633332863605233e+01 3.970559103965287306e+01 5.933201184495907654e+01 6.903034287610275044e+01 7.412187226846504018e+01 6.608760158670069984e+01 7.422010429303411172e+01 6.146611434834657928e+01 7.763611114739471475e+01 6.772607683928156064e+01 7.927668929998621650e+01 9.894487114811391848e+01 1.050114878459191488e+02 8.875035255995200600e+01 1.050114878459191488e+02 1.007398732658038796e+02 8.410883610277915068e+01 8.666810513906834501e+01 1.065095985991557086e+02 9.854084664207947242e+01 7.783850680811244160e+01 9.854084664207947242e+01 1.100477306008233427e+02 8.940927401787523365e+01 8.062645647821825889e+01 6.029386849355622502e+01 6.335570341140660844e+01 8.379750022700143575e+01 9.759029911738055318e+01 1.054394298203180114e+02 1.138803354619564630e+02 1.257131305004897115e+02
5.215203628362694133e+01 7.169718420067270870e+01 8.196818551292413702e+01 8.298474218091938326e+01 6.334386884562475473e+01 5.822713594077558241e+01 3.861478353340677216e+01 5.822299138794452489e+01 6.822263759077603140e+01 7.538229954950524814e+01 8.354410506391099034e+01 9.091052655240784475e+01 7.198964554037192443e+01 9.091052655240784475e+01 7.927668929998621650e+01 9.567673431694139197e+01 1.069910917303752029e+02 9.604316583391420181e+01 7.542298025717647647e+01 9.604316583391420181e+01 9.247954402465931878e+01 7.285088629433695928e+01 9.247954402465931878e+01 1.046805277239312773e+02 9.122146420056623128e+01 7.063257105880990139e+01 8.201383127127699879e+01 9.052399623410390461e+01 9.487500616546023480e+01 7.748906257842139667e+01 5.730620919691865112e+01 7.748906257842142509e+01 8.462267977717441170e+01 9.013689207840168649e+01 9.747416153727199628e+01 1.059636928494277157e+02 1.162796676489986396e+02
5.792568057388802316e+01 5.434095628131272804e+01 7.387004950555966332e+01 7.606853250079898032e+01 6.372715375362964352e+01 5.562459693230587732e+01 3.753727587951094335e+01 4.276803837632814265e+01 4.824659136356734734e+01 5.569929680041941822e+01 6.705749483972282121e+01 8.676262360817376873e+01 8.722535070713315974e+01 1.012586999939181709e+02 9.894487114811391848e+01 1.069910917303752029e+02 1.014460556227606531e+02 8.163553731633695065e+01 6.786666762730372682e+01 8.082821804877481497e+01 7.962448091736457911e+01 6.694104742794748120e+01 7.671697883387948025e+01 9.640558322394832658e+01 9.391386379404745810e+01 7.330240285288685698e+01 6.169677681635818089e+01 7.504513908471318473e+01 8.042352836236231894e+01 6.597205055801295259e+01 5.496277277641084424e+01 5.937804812944816746e+01 6.414885884776197145e+01 6.950459888927491647e+01 7.672122957823142997e+01 8.710168470769470161e+01 1.078466383668492767e+02
3.852136443560740986e+01 5.220500805125215749e+01 7.173153863166758981e+01 6.223460627420035962e+01 4.839143174428501482e+01 3.606133722540474906e+01 5.561978693336961044e+01 5.353638710701642367e+01 6.822493217670043464e+01 6.683178678732269873e+01 8.356746919422049302e+01 9.495766663211119862e+01 1.072602233944367356e+02 1.037989019019177874e+02 9.553188813660017331e+01 9.328082106573049259e+01 8.746406361133260532e+01 8.650491512940595840e+01 7.083888266203405237e+01 5.947873314127091504e+01 5.995745423666649287e+01 7.131678744167999184e+01 9.097300027836148217e+01 1.046805277239312773e+02 1.024051381786822930e+02 9.052399623410390461e+01 7.504513908471318473e+01 5.504897349007615759e+01 6.902791067497541633e+01 5.209486006185527884e+01 7.194820662791201471e+01 7.965704191058760841e+01 8.462267977717441170e+01 8.406933094270628715e+01 9.013689207840170070e+01 1.059636928494277157e+02 1.162796676489984549e+02
3.682877638202344883e+01 5.622183856256523882e+01 6.076567756897141237e+01 5.266034443087787764e+01 3.459669251054606320e+01 5.413076604115434520e+01 6.372611973449056677e+01 7.312699239976537058e+01 8.120877914403259012e+01 9.010646586903720845e+01 9.577454302537728381e+01 1.017642274739797159e+02 9.541827541120937894e+01 9.553188813660017331e+01 7.576983471538252957e+01 7.351391554314677990e+01 6.773557501619146137e+01 7.750165643595244092e+01 6.929840040065776918e+01 5.397411916412357158e+01 7.375334991678408869e+01 8.783068119201018931e+01 9.922355216648270471e+01 1.014132387056459521e+02 8.955223695713206666e+01 8.105153963792059812e+01 7.057385529794999002e+01 5.078348106984260824e+01 4.930177581181911961e+01 5.244969677769400107e+01 7.333668026741446511e+01 8.177791657901083511e+01 1.026379219696905949e+02 1.047852804627253249e+02 1.107849731712275201e+02 1.153079912017411459e+02 1.132521764859216091e+02
3.515603762809948307e+01 5.227523714602702398e+01 5.120153165528066097e+01 3.314376154030217236e+01 5.266034443087787764e+01 4.693822885143084278e+01 6.094090194387827353e+01 8.137380967392721232e+01 8.704736330942843381e+01 8.433710134189662710e+01 8.741817753494446208e+01 8.945218894198292503e+01 7.234043070733470415e+01 9.024650629384997558e+01 8.155800615228635309e+01 6.185408871518058049e+01 5.377670057950327021e+01 6.509793880491990592e+01 4.950175461544736777e+01 6.929840040065776918e+01 8.196544533110463249e+01 8.981623289356949158e+01 9.827499555835751721e+01 9.292463467557745105e+01 7.235983658352753878e+01 6.080027643580239527e+01 5.347735649847383144e+01 4.670182390354863600e+01 6.613380706359052397e+01 7.313544585826477373e+01 6.025689223706064013e+01 8.177793991438774412e+01 1.008238679828058082e+02 1.111826281381723902e+02 1.153079912017411459e+02 9.536346603782813247e+01 9.741786974181600556e+01
4.656662745533795800e+01 3.290045788818305539e+01 3.169490305475271086e+01 5.120152845306072464e+01 6.076528471176080615e+01 6.668265423031333228e+01 7.490581868938379273e+01 8.226866143090542494e+01 6.990186439703465737e+01 6.935962239198076418e+01 8.548183382218338977e+01 8.083148840710983052e+01 5.931666888167451646e+01 8.083148840710983052e+01 8.107032364769607113e+01 6.963962077015418117e+01 6.143557488694881386e+01 4.513374671896091428e+01 6.509790815016218346e+01 7.750122389272010537e+01 8.602659202928765581e+01 6.827265674843147281e+01 8.602659202928765581e+01 9.016004288103539466e+01 8.162124277120162219e+01 8.105153963792059812e+01 6.514357395272332951e+01 4.509165715051604195e+01 6.221974225075373255e+01 7.484561322530200300e+01 8.177793991438774412e+01 7.126003311249186822e+01 8.188369048132327066e+01 1.027080037339450485e+02 1.045657158064655476e+02 9.629737556135029308e+01 7.935516616342171403e+01
6.031622714445516920e+01 5.017480540718518256e+01 3.068728818089222088e+01 4.444115745062806866e+01 6.401658895602645316e+01 7.608424553528581669e+01 6.839955197108847074e+01 7.483682765879841270e+01 5.759823879943103009e+01 7.503031325515334515e+01 8.235645980661750798e+01 7.249899742174613948e+01 5.190731797722572338e+01 7.249899742174613948e+01 7.286192823781422589e+01 5.307090331114449810e+01 4.105863249408761106e+01 6.143557488694881386e+01 7.329574264306805276e+01 8.579877525513266789e+01 7.716082749793594076e+01 5.621030381481035931e+01 7.725313604717453586e+01 8.150744869584795538e+01 6.097768670925503898e+01 6.672756913157307679e+01 6.074793796868949158e+01 4.351869250906139541e+01 4.988539200726552991e+01 6.965927678741911677e+01 8.952630861280850638e+01 9.229584690116274714e+01 1.008238679828058082e+02 1.111826172741707381e+02 9.629608632889576825e+01 7.674706717398531453e+01 8.247167960488808092e+01
5.583477568611370145e+01 3.628278267862010154e+01 2.986545665437374097e+01 4.358531700150570032e+01 6.315739258429811542e+01 6.535188479691878172e+01 4.887470995215261382e+01 6.250162888463084698e+01 5.169647296913313994e+01 6.915389477876810531e+01 6.680643379149488226e+01 5.270538467726658638e+01 4.591062248376194788e+01 6.616731492043297180e+01 7.299059980464173236e+01 5.311403209273424153e+01 3.816505497178503958e+01 5.893574371988104588e+01 7.107015658920374790e+01 6.921886421748396856e+01 6.930796633157649467e+01 4.936388640860094057e+01 6.856146188623559112e+01 6.812162619505119210e+01 6.346480311956668885e+01 4.704270671758511924e+01 4.141349141818552937e+01 6.058274692609168710e+01 6.283460702223667482e+01 6.115790884923324455e+01 7.528880324395315427e+01 9.542662967975013544e+01 1.080189237612257500e+02 9.969996038250647530e+01 9.626666021187027411e+01 7.674647696135447461e+01 6.367612074427017888e+01
4.671490716171617663e+01 4.847144736593450176e+01 2.907002043350428977e+01 4.728219575571491617e+01 5.497142228059936286e+01 5.160204034600202760e+01 3.852874632265143617e+01 4.383980667512509655e+01 5.995680756630763852e+01 5.280023333902050098e+01 5.201639127578938826e+01 3.850997194211603158e+01 5.839407636944506663e+01 7.474026615865435019e+01 7.061741534886623128e+01 5.059752870333321084e+01 3.544346885560125315e+01 5.299912325947583014e+01 5.239552364605847146e+01 5.702775907411909628e+01 6.262752537855460844e+01 4.340782040200973313e+01 5.565434569731316827e+01 3.658403063909231179e+01 5.419629512265399995e+01 3.936520971063011842e+01 5.858629939993405600e+01 6.891782532170131503e+01 8.218672547426474750e+01 8.117943083507458368e+01 8.952630861280850638e+01 1.026143320517978594e+02 9.645437256404257198e+01 7.969162147422693465e+01 9.641959122529119952e+01 7.999813004311926079e+01 6.115703826530933895e+01
