LEM/sinusoidal_perturbations/elevation_000790.asc
nrows	100
cellsize	150.0
xllcorner	0
ncols	100
yllcorner	0
NODATA_value	-9999
[rows 0 to 16 of 100, columns 37 to 73 of 100]
1.011495257339973506e+02 1.016007831882506025e+02 9.335301051127871119e+01 1.016007831882506025e+02 1.026921571679709757e+02 9.446213565512707078e+01 9.446213565512707078e+01 1.002792678324044999e+02 1.028257789617692595e+02 9.459717824657329288e+01 9.510272369388309244e+01 1.004229274360909159e+02 9.631331808480705092e+01 1.045388797790989202e+02 1.144651909628989017e+02 1.329725566008283977e+02 1.247215759491781739e+02 1.272988986043337576e+02 1.355542017594823960e+02 1.342341207704787678e+02 1.261427820042192991e+02 1.261427820042192991e+02 1.318530468112690812e+02 1.329148543489921508e+02 1.303838370610342281e+02 1.384892845090452909e+02 1.217575631715753417e+02 1.136419800532537749e+02 1.136419800532537749e+02 1.106505302772040693e+02 1.187544122585869815e+02 1.200203822975300625e+02 1.119213562610492261e+02 1.200203957192310895e+02 1.209526735389256515e+02 1.128477473838692617e+02 1.103249800198385628e+02
8.763103530518193907e+01 9.159869242981073967e+01 7.331059838290620689e+01 9.159869242981073967e+01 9.446213565512707078e+01 7.446758456195161102e+01 7.446758456195161102e+01 8.032385299036182857e+01 9.131023433364373432e+01 7.461857051261408458e+01 7.512197184981964426e+01 8.051680099773180643e+01 7.638107293564026179e+01 8.638934316196758800e+01 1.062372930076465423e+02 1.215208651270128968e+02 1.049217557981995412e+02 1.074875284945433549e+02 1.272988986043337576e+02 1.261427820042192991e+02 1.068875582309347152e+02 1.068875582309347152e+02 1.125272827008652712e+02 1.135631473522098815e+02 1.110667837016307118e+02 1.272940954341744941e+02 1.136419800532537749e+02 9.417632680095535136e+01 9.417632680095535136e+01 9.117464258027008839e+01 1.074950147331288406e+02 1.102987429269090853e+02 9.252365115820916230e+01 1.102988158262808724e+02 1.097126580384095291e+02 9.342037086168757298e+01 9.088542409359229168e+01
6.749182712823366614e+01 8.169192741115651302e+01 6.313672579478006242e+01 8.333180444709233825e+01 9.210550155082599133e+01 8.032385299036181436e+01 6.006372585495010696e+01 8.032385299036181436e+01 8.231560340650359819e+01 6.286668836594444087e+01 6.073054631751510613e+01 6.624342725048278169e+01 8.634719551022362793e+01 1.045388797790989202e+02 1.144651909628989017e+02 1.132901444551044534e+02 9.352162124212463823e+01 1.070387885220117852e+02 1.268542410905196363e+02 1.258862319987884462e+02 1.125272827008652570e+02 9.332113931243945615e+01 1.125272827008652570e+02 1.000119631107409219e+02 1.000119631107409219e+02 1.192311311040322863e+02 1.136419800532537749e+02 9.417632680095535136e+01 8.016083409670365256e+01 7.967718374575896689e+01 9.869824135641151486e+01 1.022225036113487562e+02 8.263241900497486370e+01 1.022225036113487562e+02 1.016313463191394391e+02 8.199896864627335447e+01 7.941305944216546209e+01
5.303942546154146953e+01 6.710999759602050574e+01 5.588431459628858278e+01 7.619176591626951733e+01 7.200351313108942009e+01 7.421519481644745042e+01 5.381906616443011160e+01 6.621635623335536991e+01 6.825516501937245550e+01 5.361026453375102818e+01 7.403068346038273262e+01 8.634719551022362793e+01 9.458359169792363730e+01 1.076417306239497123e+02 1.177166327262470702e+02 1.070387885220117852e+02 8.725716836281739575e+01 1.012417848977702164e+02 1.210339932927818296e+02 1.178287334620661113e+02 9.861627012638287226e+01 8.739154317220931034e+01 9.989696844413556676e+01 8.881513392910432003e+01 1.081349392677482655e+02 1.127787131710044264e+02 1.208310112594571990e+02 1.054066341733517760e+02 9.058307215724497041e+01 7.058828674427024907e+01 9.058307215724497041e+01 9.569247541304783056e+01 7.590292533273085951e+01 9.569247541304783056e+01 9.771485894979103648e+01 8.959887072477346237e+01 7.033889838288499163e+01
6.710999759602050574e+01 4.674136356110262369e+01 6.224096276970117003e+01 7.057921192884835193e+01 5.780586897255882661e+01 6.174671060556202917e+01 6.348470451514140223e+01 4.574967367534267737e+01 4.776190316646960810e+01 5.016071474264595054e+01 7.065304773811540429e+01 8.238897634632941447e+01 7.947682130693661406e+01 9.940931675862326244e+01 1.037026993453762174e+02 8.968876596450516558e+01 8.227828461424066120e+01 1.020933834822132411e+02 1.180571447888880954e+02 1.100175686321921944e+02 1.147531909888587052e+02 9.989696814793711610e+01 8.030556891202580516e+01 9.989590935913362557e+01 1.096229411692085165e+02 9.338977301808225207e+01 1.096281726592041963e+02 9.730395834462257199e+01 7.750022041173176035e+01 6.578897508724035958e+01 8.587025603771769511e+01 8.997972438256984162e+01 7.003771897920877620e+01 8.244235482239240298e+01 8.625863498712617172e+01 6.965295552653302025e+01 6.490542174649165474e+01
7.543943888594559155e+01 6.224096276970125530e+01 4.196360930070832040e+01 5.764669109962215288e+01 5.571658335030932108e+01 4.141060607610786803e+01 4.312679441444551287e+01 6.352916549338106478e+01 6.825516501937239866e+01 7.065304773811540429e+01 5.367262722363408045e+01 6.294634581494891279e+01 8.313450237296369494e+01 8.643904315500091684e+01 8.997221085753405134e+01 7.559962610814561401e+01 8.711937756687538581e+01 1.069205801922754375e+02 1.100175687335106289e+02 9.062260723993826161e+01 9.630325987000229304e+01 9.637823026878434973e+01 7.663376611687014872e+01 9.637823084650342764e+01 9.109037441581561723e+01 8.195190345065516624e+01 1.015845033544132860e+02 9.700951163767624053e+01 8.168294325289414815e+01 6.159765393672790879e+01 8.168301799920264727e+01 9.643504478370093125e+01 7.664639286633661186e+01 6.239993823151609575e+01 7.593973621967951715e+01 5.804256984599427938e+01 7.808309121590112056e+01
7.631391386779959873e+01 6.400192283857357722e+01 5.565331453878204826e+01 3.755622795874590025e+01 3.905626770171288342e+01 5.927819318312057817e+01 4.897917824182530211e+01 6.943083571039744584e+01 8.724736830627398376e+01 8.238897634632941447e+01 7.410608429213786508e+01 5.745611733661363019e+01 7.778625218416964060e+01 6.636678164662214385e+01 6.998559612529062690e+01 8.416255065240402189e+01 1.037026993453762174e+02 1.151434990206184921e+02 1.100175685722828689e+02 9.062260723989187738e+01 7.654245740581062307e+01 8.823594589911782293e+01 7.309570140271381433e+01 9.109037441407419067e+01 7.105740887461170985e+01 9.109037441581561723e+01 1.019770084629357569e+02 8.860515755410402505e+01 6.928966498911033511e+01 5.773906923997952134e+01 7.774395646746471300e+01 8.925136919452481266e+01 9.059114018561912474e+01 7.593973621967951715e+01 5.601097007073712319e+01 5.403752113804211632e+01 7.390435364524218187e+01
6.204456292723356370e+01 4.777546119206645159e+01 3.567957800312572658e+01 5.565451554867851058e+01 4.314962304373622715e+01 6.334545075992085117e+01 6.943083571039746005e+01 5.870707310795899758e+01 7.313148722112833866e+01 9.314855123244390711e+01 8.604676315352750748e+01 7.778609845358120367e+01 6.136069645846810516e+01 8.157080466417356490e+01 8.997221085753405134e+01 9.819123323658517677e+01 1.122199158207662038e+02 1.236775731941631591e+02 1.043594093958208475e+02 9.062260723989187738e+01 8.823594604607937697e+01 6.811106281288752484e+01 8.436291311063456533e+01 8.186353752807431761e+01 6.470535284318016522e+01 8.494294587309448730e+01 9.411040002327125364e+01 7.468659269578085969e+01 6.309486876477123474e+01 5.429689374087650577e+01 6.959487244216303736e+01 6.938550420859947110e+01 8.338727319375253444e+01 7.669730224876086311e+01 6.992864288681043661e+01 5.025013245419947339e+01 6.597514186128979929e+01
5.178973836068164616e+01 3.383844829275790289e+01 5.369597677625624499e+01 6.400850244392998434e+01 4.754212051060552824e+01 6.775547785372380361e+01 8.269672208062949892e+01 7.899434953059743236e+01 7.313148722112833866e+01 9.314855123244390711e+01 9.567166672411941875e+01 7.573007790776857462e+01 8.157080466417356490e+01 6.862412065515513859e+01 8.864002254456391938e+01 1.049592059228869516e+02 1.131238369050156507e+02 1.244937304787539176e+02 1.180571333653311967e+02 1.020996086692126141e+02 8.249342894293415895e+01 8.436291291462852371e+01 6.401862249178473974e+01 6.135139615882454933e+01 5.872617815650163209e+01 7.544218710854211452e+01 8.419709467659222923e+01 9.159897563349512950e+01 8.234589405171828957e+01 6.959083771932641582e+01 4.999695718907621256e+01 5.542519611593398565e+01 7.079687171147263314e+01 5.695466394984997294e+01 6.364000854211850822e+01 4.670333907301495913e+01 4.664300018854932972e+01
3.202600416918701853e+01 5.178973275817109823e+01 4.777546119498442323e+01 6.798936772441865628e+01 6.775754143505714922e+01 5.437798392078431675e+01 7.444732019219205199e+01 9.081565534557591945e+01 9.314855123244390711e+01 1.013632495809958982e+02 1.038962900209091913e+02 9.567170188420699617e+01 9.684779615623823190e+01 8.025353012857401325e+01 7.765962171518226853e+01 8.521522866993255718e+01 9.664329270976230646e+01 1.163189546276286848e+02 1.214739824845216134e+02 1.020996086682845316e+02 9.403732812760213733e+01 7.439050155892344662e+01 8.436291306459612827e+01 8.186353730973745257e+01 7.619454076051579250e+01 5.535504822201927055e+01 7.314377012746119533e+01 8.141049441577766288e+01 8.266582821556036720e+01 7.779456818336065282e+01 6.531463873245692753e+01 4.597199658374507436e+01 6.125314188397327797e+01 4.351733396423925626e+01 4.443238182653335144e+01 4.535355067157934172e+01 6.461836621433744199e+01
3.073107619279274871e+01 5.052250583881475876e+01 6.798936684368912609e+01 7.631395566788322071e+01 8.269672208081493636e+01 6.862926453853481235e+01 6.269084549813472762e+01 8.255808796587731990e+01 9.315497518426019496e+01 1.131461523948106418e+02 1.154187335769926648e+02 1.070447527104421681e+02 1.082953689226615239e+02 1.000960823282077286e+02 9.170029494362482581e+01 1.049592059228869516e+02 1.053006444290213466e+02 9.693110408079378715e+01 1.053010991729771320e+02 1.085258754133696186e+02 9.007297016510248966e+01 8.839568533518252025e+01 1.020301858872826983e+02 8.787384929230744035e+01 6.764309362505825618e+01 7.314291698571791756e+01 5.223356366465768730e+01 7.017656177462535538e+01 6.217787049013020351e+01 7.651059544473881147e+01 7.344156038125655073e+01 6.137656481472598102e+01 4.221178459316490716e+01 6.140441226289976129e+01 6.367026687282701403e+01 5.539314370009113020e+01 7.181405368130407396e+01
3.319920177419903951e+01 5.279269259242803969e+01 6.609157151529376506e+01 7.445292056707272366e+01 8.351602487671188157e+01 8.849334905788737160e+01 7.674129580603860745e+01 7.333001451552388517e+01 8.730660549125106229e+01 1.072741886148945269e+02 1.038364362821129419e+02 8.704801515531936218e+01 1.033430239136636715e+02 1.124167877201337973e+02 1.111758602594231462e+02 1.045879100532980317e+02 9.515056032759537175e+01 7.659218873028999042e+01 9.515056032759537175e+01 1.128208664840643536e+02 1.085258754133696186e+02 1.076574586697958438e+02 1.039159292374679779e+02 8.426569956816774720e+01 8.787384574558539896e+01 7.314373653856836199e+01 7.017656177462535538e+01 4.929843642020885852e+01 4.737240157986065725e+01 6.541171568023469263e+01 6.857527254019366580e+01 5.981028242276639872e+01 4.132063151277452562e+01 5.502654989681456499e+01 7.486935517200187462e+01 7.340271507544572671e+01 8.167823274575866321e+01
5.279269259242803969e+01 3.958164119622540511e+01 4.601151532739505967e+01 5.485597270406800163e+01 6.924646897989816807e+01 8.950946086398329271e+01 9.660106648761990300e+01 9.315497518426019496e+01 1.014403716757370120e+02 9.880862717415439533e+01 9.045797725262411859e+01 7.567614429969431455e+01 8.214841267112269918e+01 1.036756437932429549e+02 1.091525281161935084e+02 9.622254778929361407e+01 7.577715158634130432e+01 6.656314969601918108e+01 8.136131871253428471e+01 1.014370252360721878e+02 9.313747419973337571e+01 9.490468220567593960e+01 1.032365001330603036e+02 1.039159292374679779e+02 1.013666497554627455e+02 8.372390932929678797e+01 6.276278282923105678e+01 6.419498806673900049e+01 6.541177884067765547e+01 4.474025458877469674e+01 6.018831422019378152e+01 4.004348071804458442e+01 4.938752916214794908e+01 6.192429425286442068e+01 7.091565013347657498e+01 6.964373238653151077e+01 7.760673644066943666e+01
6.774926006261701161e+01 4.826370339795600017e+01 5.939822070598665960e+01 7.445292056707272366e+01 8.351602484794319992e+01 8.832282661180489924e+01 8.900509938719822856e+01 8.069166569400297817e+01 8.900509938719822856e+01 8.666719762895193924e+01 7.024137340537595264e+01 6.681440862973403227e+01 8.114428910107841375e+01 1.013705180994681001e+02 8.888750348420953173e+01 9.682693239985665912e+01 7.951824675572667900e+01 5.900206258358947053e+01 7.952890697890578053e+01 8.980894454064480215e+01 7.295416084436791948e+01 7.472172232744483722e+01 9.157880228754810048e+01 1.085980940974289410e+02 1.003363123989235959e+02 9.204785784390402625e+01 7.833397631112030979e+01 8.461734824716447179e+01 7.368741515389272934e+01 6.270351233651787481e+01 4.222721935891652834e+01 4.051004195609716163e+01 3.874886609590092235e+01 5.731399994773227746e+01 5.166440974819479948e+01 5.017766125365797336e+01 6.663701955560016188e+01
6.179253019920309953e+01 5.981936846811795760e+01 7.676135394631337761e+01 8.791065487377215959e+01 8.241828886812228916e+01 6.820792887105550051e+01 7.894864759489595940e+01 6.056115835914832246e+01 7.894864759489595940e+01 6.647629959346140538e+01 5.857948265443096858e+01 7.024137381245152767e+01 9.045871605253361736e+01 9.482297530517892881e+01 7.437102129370528303e+01 8.036121020114723024e+01 6.819625393431235238e+01 5.382918986430519936e+01 7.417903475985126249e+01 8.078620278878892691e+01 6.127652986528231338e+01 6.304233861160515318e+01 8.324927169302172558e+01 9.701359320123003727e+01 8.022197797692747656e+01 9.701359320123003727e+01 1.000444096743720337e+02 9.434683118963141624e+01 8.265451433142413862e+01 6.264175009525717286e+01 6.269223394684080830e+01 6.471925844732210464e+01 5.706030147720131396e+01 3.758791778421688434e+01 3.754645835175627155e+01 3.846809592272187217e+01 5.862081058996697180e+01
6.182157007401610116e+01 8.013620784657061336e+01 8.845097398615141060e+01 7.689332943866597248e+01 6.857972976900391870e+01 5.402995897614498944e+01 5.990817583389252121e+01 5.057442821398012001e+01 6.657709863673846939e+01 5.226899670974944456e+01 7.239007670981040121e+01 8.714609465980326775e+01 9.881360259179697891e+01 9.409320432027314496e+01 7.425434777612835546e+01 5.989354250939241098e+01 6.947320169536277490e+01 4.934231925940095920e+01 6.947428658837377213e+01 6.534556576735889166e+01 5.236128052571464053e+01 7.244729442881518366e+01 9.157880228754802943e+01 8.872329600581403497e+01 6.853508429738697316e+01 8.391946027863512825e+01 9.190872434488443332e+01 8.951874273491566214e+01 7.231729512080374889e+01 6.157640232580675388e+01 5.301677993632393537e+01 6.118737098480058023e+01 5.497883325101778240e+01 3.676981438415830894e+01 5.658014335660384830e+01 4.502036871050441391e+01 4.017313602488714253e+01
8.234993635586586436e+01 9.134414713506518524e+01 8.278811603054539603e+01 6.269454065587621727e+01 4.856447656142712788e+01 5.592094347815509536e+01 3.998223383279734833e+01 4.323330046008008054e+01 4.656324840902193785e+01 5.356503353508021803e+01 6.253245561645211836e+01 7.421225013057149056e+01 9.462947003427727566e+01 9.256224345966228384e+01 7.061762204549374644e+01 5.879369271368294392e+01 4.991622538112700624e+01 4.524432644164706829e+01 6.067436407095746631e+01 4.549719993419360264e+01 6.534556576735889166e+01 8.078620278878881322e+01 9.533458145979524545e+01 7.519375883969865981e+01 6.098513052947765800e+01 6.360418830517278366e+01 7.993914522692509195e+01 8.908162736178371688e+01 8.730132014518099481e+01 7.071169629595850381e+01 6.037050855068885369e+01 4.176842983576980117e+01 3.589587533440764844e+01 4.382582658767653072e+01 6.338315958948510342e+01 5.523172859009620339e+01 5.996082607999021974e+01
