LEM/sinusoidal_perturbations/elevation_000908.asc
nrows	100
cellsize	150.0
xllcorner	0
ncols	100
yllcorner	0
NODATA_value	-9999
[rows 0 to 16 of 100, columns 37 to 73 of 100]
9.412288941234612594e+01 8.596699553901190427e+01 9.412288941234612594e+01 1.010247988313838334e+02 9.523909066344599239e+01 1.010247988313838334e+02 9.769623574023569290e+01 8.918228954397352481e+01 9.769623574023569290e+01 1.083705207396661763e+02 1.002287720112556997e+02 1.083705207396661763e+02 1.042785227050858055e+02 9.614601936823221706e+01 1.042785227050858055e+02 1.158677570646546258e+02 1.101028171313562183e+02 1.136795995260381886e+02 1.136795995260381886e+02 1.218748221099879885e+02 1.268257815915228122e+02 1.268257815915228122e+02 1.352264951570188032e+02 1.530375141083206074e+02 1.448038482838879304e+02 1.324822100270628482e+02 1.241495245895972062e+02 1.324229138082809243e+02 1.364508063973183027e+02 1.282160256263079532e+02 1.364508063973183027e+02 1.404229010422636179e+02 1.290306887290818167e+02 1.208284167431758220e+02 1.208284167431758220e+02 1.290306887290819873e+02 1.279698261071897889e+02
8.320303959579510433e+01 6.618432220471861172e+01 8.424511424777136881e+01 8.091289260662736638e+01 7.497878707425002176e+01 8.091289260662736638e+01 8.740271427558067785e+01 6.858176042044853205e+01 8.740271427558067785e+01 9.858020118577921664e+01 8.067931535351910100e+01 9.858020118577921664e+01 9.448222992942496035e+01 7.657042249645141396e+01 9.448222992942496035e+01 9.629993539779013645e+01 9.058259458391518137e+01 9.416932524483561906e+01 9.416932524483560485e+01 1.136795995260381886e+02 1.073074086306718158e+02 1.073074086306718158e+02 1.268257815915228122e+02 1.415864733072388333e+02 1.249787945115946144e+02 1.225405018543581122e+02 1.044399794666852017e+02 1.223744779515120200e+02 1.265681489538948483e+02 1.084984300197647542e+02 1.265681489538948483e+02 1.321809387590430731e+02 1.125177938335166772e+02 1.014126111679093043e+02 1.014126111679093043e+02 1.141383715671854020e+02 1.084091955093685868e+02
6.337339220308393095e+01 5.615822296627001009e+01 7.607565887186534326e+01 8.091289260662736638e+01 5.922273682025424790e+01 8.091289260662736638e+01 7.886959188417451116e+01 5.843064305244440959e+01 7.673703527089458021e+01 8.427842655508392511e+01 7.075974957995482839e+01 7.992700101562024884e+01 7.669404078457962726e+01 6.658455182401985439e+01 8.121444401535229929e+01 8.391418184995335139e+01 7.671633952345231933e+01 8.038408795958589792e+01 9.988375227899030051e+01 1.129525301713507588e+02 9.425156259064436881e+01 1.063589863640096240e+02 1.257324149961947199e+02 1.327389911183849449e+02 1.136026936623827339e+02 1.142862967362121651e+02 9.471955738966669003e+01 1.142764652132202485e+02 1.164660279113821986e+02 9.874160920601052283e+01 1.109432208697022162e+02 1.306626144004977164e+02 1.231424948086751385e+02 1.096186961677622662e+02 9.066115040099931832e+01 9.498933514085567253e+01 1.141383715671854020e+02
4.916036832057920236e+01 4.851703382767821893e+01 6.854757570611187134e+01 7.368284067779299562e+01 5.111641916076406744e+01 6.406048625683438047e+01 6.315455984787747212e+01 5.131654465052849901e+01 5.782481312261618456e+01 7.400792010813728439e+01 7.992700101562024884e+01 6.000660887732029636e+01 5.670476440705076016e+01 5.892865733750672064e+01 6.130722072493303187e+01 6.407523953431078212e+01 7.046538073807595026e+01 9.013392011928809211e+01 9.531947339790986007e+01 9.946533741142151541e+01 8.761161880654715617e+01 1.007605611092266287e+02 1.198747805420390193e+02 1.245237125880985047e+02 1.048358389375029418e+02 1.077616666198009767e+02 8.831353393851908606e+01 1.024685405236242843e+02 9.689581030707731202e+01 9.144211864993276606e+01 1.109432208697022162e+02 1.276303718863638608e+02 1.149743310981168491e+02 9.579784390269932715e+01 8.526122701863428688e+01 9.826473460528377757e+01 1.175142292548621441e+02
6.187072841330068940e+01 4.170125900262162588e+01 5.627672647458383892e+01 5.775483196400777786e+01 5.924737476886441101e+01 4.127184113930631071e+01 4.294421580701244068e+01 4.462064008164674078e+01 4.633780704506312276e+01 6.632632435464729781e+01 7.076861468511158648e+01 5.361332746511758529e+01 7.362782921357559474e+01 7.312219734806667759e+01 8.121418023784598006e+01 6.846365119138084765e+01 6.878714666828814472e+01 7.219597289313675503e+01 7.579223740475777049e+01 8.001951150436214277e+01 8.740022393294677272e+01 1.010966007086252176e+02 1.206543980607137314e+02 1.260535596239870557e+02 1.063539144176173608e+02 9.511149574784234062e+01 1.024682211182347373e+02 8.310324471716792516e+01 8.326018517671070640e+01 1.026279229437444940e+02 9.982432070109233280e+01 1.194210389559906389e+02 1.135849426133703304e+02 9.451094530250308878e+01 8.160088671047603270e+01 9.506756667890893198e+01 1.030261021616883426e+02
5.296607699711920247e+01 5.432662868267438228e+01 3.601240903926235859e+01 3.748807056711319063e+01 3.900151493070686115e+01 4.425791709017993725e+01 6.138560734055693047e+01 6.460599881466933425e+01 6.632632406142964498e+01 4.878639367147945904e+01 5.076149401315954890e+01 7.076861468511158648e+01 8.179321318837618549e+01 9.279584900728461605e+01 9.324795817025868416e+01 7.365078412006279507e+01 8.849651748772518545e+01 8.358405386991350383e+01 9.531947339790986007e+01 8.710251837631288652e+01 1.065440426991656153e+02 1.011039718379157932e+02 1.206749836136461198e+02 1.342785564435440051e+02 1.228783690746441266e+02 1.063539144176173608e+02 1.024685007161224206e+02 9.762720796897814068e+01 7.830661661557554964e+01 8.402733262733677577e+01 1.018364248097152398e+02 1.038941230719047866e+02 1.120493196394150175e+02 1.052545544340497514e+02 8.708570234093191686e+01 7.663923916272550230e+01 9.059804074639704652e+01
3.279006020951511857e+01 3.409832429904083284e+01 5.432679120513550686e+01 5.189844239644335744e+01 5.339954027227574329e+01 6.191776485325647883e+01 5.138815252442496728e+01 6.971640561939356928e+01 7.696304477124225230e+01 6.877783177610244536e+01 5.403596062238923992e+01 7.402515874009868924e+01 8.002683325876738252e+01 9.964932792208195167e+01 9.865427508935214007e+01 7.916195532330371520e+01 9.865427508935214007e+01 1.030522418512987741e+02 1.112009678458834117e+02 9.829267058525927325e+01 1.147067027693806693e+02 1.206749836136461198e+02 1.288978337000430088e+02 1.411989919069629877e+02 1.342785564423921016e+02 1.260535596239861320e+02 1.220926911997067918e+02 1.049323079931189540e+02 8.551870497626801182e+01 7.441241664872262618e+01 9.016833432063990017e+01 8.448292646559799834e+01 1.038941230719047866e+02 1.131016117411382282e+02 1.027276638421539019e+02 8.511730840755389238e+01 7.210051670320119399e+01
5.106808101928680088e+01 5.432677356656797940e+01 6.258006203949915403e+01 7.189342832285593943e+01 7.336528839435203508e+01 7.772550486340263376e+01 6.971640846625730603e+01 6.079204349950364161e+01 7.996453421055444721e+01 8.217967934414460274e+01 6.411416425636706151e+01 6.012153076650668027e+01 8.002683325876738252e+01 9.534961323195139471e+01 1.067838359211282437e+02 9.294542664679248389e+01 8.959745054633458494e+01 1.007866097494159021e+02 1.203487959019986135e+02 1.178156266228401563e+02 1.260307099007485760e+02 1.271253476302687346e+02 1.130517033535747515e+02 1.271253476302687346e+02 1.359555831692865979e+02 1.161920721835110726e+02 1.161920721835110726e+02 1.130939862478767708e+02 1.018364248096969078e+02 9.016833432063990017e+01 7.085056318265179698e+01 8.680554200265027021e+01 9.489002882552210849e+01 1.053610890416387633e+02 1.118842765744801824e+02 9.718585680199900878e+01 7.861136442624159315e+01
4.797475134070023728e+01 5.295580178892486600e+01 5.839955939500195115e+01 6.454466890794941492e+01 7.176063186396618221e+01 8.036344994960334986e+01 8.801509468423103044e+01 7.174532163514952288e+01 8.801509468423103044e+01 8.393615322383040223e+01 8.393615322383040223e+01 7.171157030491596629e+01 6.749210198282723638e+01 8.723644966437187520e+01 1.045779051430393594e+02 1.124352741738461958e+02 1.033147046183043329e+02 1.172305289766802332e+02 1.285751551178007617e+02 1.285060164119494459e+02 1.202667136672315280e+02 1.188842619399263469e+02 9.897015069979866553e+01 1.188842619399263469e+02 1.301388657076518029e+02 1.104151211541945656e+02 9.661603729023984499e+01 1.048898431682153500e+02 9.970409558347991208e+01 9.514559832832175346e+01 8.680554200265027021e+01 6.747784749994568188e+01 7.786412868383281705e+01 9.161439869317935347e+01 1.026689565909234716e+02 1.051684114008747031e+02 8.661723144956245335e+01
2.798574194335493814e+01 3.270127314413392128e+01 3.803538313882125976e+01 4.416364660613344739e+01 5.135080650799241653e+01 6.305493111612008761e+01 8.365284024337233859e+01 9.119219552687066255e+01 9.923957772400143540e+01 1.035296931205215429e+02 9.950238896479564232e+01 9.138569369287591826e+01 7.897225932388489866e+01 7.689302940977543699e+01 8.822377149960271936e+01 1.077127238587880100e+02 1.229117255737121042e+02 1.199800290560171732e+02 1.282188062707186305e+02 1.170185052428187049e+02 1.003674756330564293e+02 1.113574353796043539e+02 9.149483999523093303e+01 1.113574353796043539e+02 1.238154064253855324e+02 1.161920721835110726e+02 9.661603729023984499e+01 8.548655241184475528e+01 8.036402965662428244e+01 7.582975005662078161e+01 7.161380029224881127e+01 6.774022866872526549e+01 6.420845339625540760e+01 7.518603150071515984e+01 8.892652497504053599e+01 9.854434965223047982e+01 8.668135658453286396e+01
4.620724954098641746e+01 5.295580247101723614e+01 5.839955946985811153e+01 6.454466890794944334e+01 7.176063186398491212e+01 8.036344995182982132e+01 9.230456162937490205e+01 9.680790149843312520e+01 8.859183907305501293e+01 9.115832013952687873e+01 9.937864831010814726e+01 1.066483160959124064e+02 9.852554361118706083e+01 8.822377149960271936e+01 1.045779051430393594e+02 1.158605883940673067e+02 1.167312577530375535e+02 1.000801740069348966e+02 1.167312577530375535e+02 1.081390774339938616e+02 8.893928904789422063e+01 1.050763312139076078e+02 8.526584263922261187e+01 9.571257060599768351e+01 1.155757708158430006e+02 1.243973988920751168e+02 1.130557055113674636e+02 9.914821635934059429e+01 9.398459274499614935e+01 9.514554798496030230e+01 8.273605961667318809e+01 7.739290257601032863e+01 8.085785053745600237e+01 6.152691249300930565e+01 7.821621121925277009e+01 8.519472365291939298e+01 7.155342983257843059e+01
3.279743517229285743e+01 5.291214990492395032e+01 6.688661570594381089e+01 7.445908173146497688e+01 7.445908173144231057e+01 9.436906682746355557e+01 9.495839683937347786e+01 8.540668652657183202e+01 6.888074236977810472e+01 7.143472474318713239e+01 9.115832013952687873e+01 9.266039112215443652e+01 1.008828222768519396e+02 1.077127238587880100e+02 1.158605883940673067e+02 1.208674299066187672e+02 1.009930831647277643e+02 8.865363609529291011e+01 1.084908423865950198e+02 9.990579419700277697e+01 8.012924282944428001e+01 9.257552503881423434e+01 7.958474663062727927e+01 9.935753575822133143e+01 1.085302979962067127e+02 1.070459920467005759e+02 1.152834556822732281e+02 1.187513564802858497e+02 1.135121969061787723e+02 1.102724334690893784e+02 1.021242913169195532e+02 8.851660373235435486e+01 8.892749404581473982e+01 7.258133970479906338e+01 5.888617302598172643e+01 7.571181143567537219e+01 5.780978273106088494e+01
4.690172681746891215e+01 4.036059538263123159e+01 4.676762345806344712e+01 5.442421981638801753e+01 6.862379623989474453e+01 8.854670710554148627e+01 8.674644252663010491e+01 6.702913288980617779e+01 5.751871569835786602e+01 7.177340199013912070e+01 7.654978381688191291e+01 7.292900745001809071e+01 8.905406962162265927e+01 9.727161252693827009e+01 1.071689200965807203e+02 1.150408731541802041e+02 9.517429802961147800e+01 8.120940643684284055e+01 9.291643086928151263e+01 8.860757506606127265e+01 7.316726185847853969e+01 7.283041271811036665e+01 9.257552503881423434e+01 1.017285368967188219e+02 8.869993158963575297e+01 8.722186216801368630e+01 1.012223366805514786e+02 1.211055398142447217e+02 1.272903620578334483e+02 1.190942396696605385e+02 1.161439240836175344e+02 1.079764233885809261e+02 1.000485623579312744e+02 8.374337082848313685e+01 6.160042924914923645e+01 5.622436568495163556e+01 7.572215202782432186e+01
6.632231737313102826e+01 5.204320775392235277e+01 6.688661570594381089e+01 7.445908173146497688e+01 7.967336463236638622e+01 8.787344628016995784e+01 8.495194576421110355e+01 7.064732662304943744e+01 5.093654539996016695e+01 5.206576044912568335e+01 5.685625703694073252e+01 6.279748952983198507e+01 6.935026054052310940e+01 7.917510690464837353e+01 9.893303233859707291e+01 1.132340838553049167e+02 9.337146933039059604e+01 8.197727007603499771e+01 7.317077294270217180e+01 6.887051591411537288e+01 6.659867645755679177e+01 8.633157227988643001e+01 9.594740138806498919e+01 8.193439315459717420e+01 7.475241679988501176e+01 9.450811143717093898e+01 1.126500487861179209e+02 1.225885619803759283e+02 1.190942396696605385e+02 9.952373277914823291e+01 1.051366933544812809e+02 1.073708974889628109e+02 9.689986895840908687e+01 8.717784977945606784e+01 7.479544592563179606e+01 5.525645483254397305e+01 7.353491630887475594e+01
6.842416414900205268e+01 7.209927012302493665e+01 8.034769833736986300e+01 7.557450817459236703e+01 5.995452280505273279e+01 7.647559337129027313e+01 7.675626660461875872e+01 5.705095345687220032e+01 4.564268220244920116e+01 6.537939875430139125e+01 7.654978381688191291e+01 8.248613326125617107e+01 8.905406962162265927e+01 9.727161252693827009e+01 1.071689200965807203e+02 1.214737730291088269e+02 1.100010555860107075e+02 1.011391566337390202e+02 9.291643086928151263e+01 8.278743945144925931e+01 6.305897911462380989e+01 8.278435427580564010e+01 8.191192401372168774e+01 6.799524792526828776e+01 8.773196409358216385e+01 8.460302817014952836e+01 9.447820168208863834e+01 1.143481877262961888e+02 1.201476236141775757e+02 1.052558015361212398e+02 8.538864493275711709e+01 7.717968772517676257e+01 8.479148211295419912e+01 7.074750558248061338e+01 6.065129058765926828e+01 7.344835930374705413e+01 5.392963116420434488e+01
5.424837736657021736e+01 7.432361621170677779e+01 7.557450817459236703e+01 5.583027693961212634e+01 4.853241023378537022e+01 6.763918294024816191e+01 6.712975024816842051e+01 6.217768054680463052e+01 4.240620701105618906e+01 6.217768054680259837e+01 6.983737117117149751e+01 7.577636914169333693e+01 8.234063632485138839e+01 9.054466631297955814e+01 1.004253074656176636e+02 1.062208160376697350e+02 9.793595764090677847e+01 9.793595764090679268e+01 9.792057592285379997e+01 8.017976066275458891e+01 6.044701294504574207e+01 7.652926574891658618e+01 6.218283481233869026e+01 8.191192401372168774e+01 9.594741766088928614e+01 1.044131947041923212e+02 1.126500487861179209e+02 1.225885619803759283e+02 1.119836525590773846e+02 9.260595991227967261e+01 8.315471421067105950e+01 7.647203020922664507e+01 7.098545021125919163e+01 6.659148909849004383e+01 7.998969441221991872e+01 7.266341639092124183e+01 5.299076485172969342e+01
6.842416414900205268e+01 7.469240863032126754e+01 6.653825833445139892e+01 5.945341071259206700e+01 3.957060358030919645e+01 5.097540896094526630e+01 4.734182643223680031e+01 5.534142441080017250e+01 3.925493663797200128e+01 4.461626037607163653e+01 5.012088596120685935e+01 5.607894124279018655e+01 6.264783477537719136e+01 7.247863401961252805e+01 9.220263863009026295e+01 9.793595764090677847e+01 7.844991652138816107e+01 7.844991652138817528e+01 8.972745014279358600e+01 6.997515380869103296e+01 7.360136764648396479e+01 5.681350274210154794e+01 7.654234880232039018e+01 9.011898736684237576e+01 9.414906063205700093e+01 9.881667609003739017e+01 1.009945201919737912e+02 1.092545947300045128e+02 1.201476236141775757e+02 1.104101750297919295e+02 1.022948062356785499e+02 9.506053144009852929e+01 9.031051985595038900e+01 8.605850232526506716e+01 7.665080257417932330e+01 5.717875092842796647e+01 5.207908494993418458e+01
