LEM/sinusoidal_perturbations/elevation_000763.asc
nrows	100
cellsize	150.0
xllcorner	0
ncols	100
yllcorner	0
NODATA_value	-9999
[rows 0 to 16 of 100, columns 0 to 36 of 100]
8.271705653423140972e-03 2.000827170565306901e+01 2.957257076991385958e+01 3.491779560748030775e+01 4.094802249780390468e+01 4.801909031588284194e+01 5.630336202158071757e+01 6.785036772399924132e+01 8.276541392748190162e+01 8.021256291969521612e+01 8.021256291969521612e+01 8.830115355513882491e+01 9.474380886980380012e+01 8.668910720957438798e+01 8.668910720957438798e+01 8.265759902487691591e+01 9.071418300153783321e+01 1.004576167277592305e+02 9.656669206698109065e+01 8.536211174381740818e+01 7.726654029357996478e+01 7.977449807106330582e+01 8.410008538469155326e+01 8.157957478750019220e+01 8.970531012756291034e+01 8.810464058235800167e+01 7.998781615908922049e+01 7.998781615908917786e+01 7.458128657233365288e+01 8.093725502088207691e+01 8.906987791514713138e+01 9.776772830951928484e+01 1.091360324590304742e+02 1.078895354096799082e+02 9.649715881243864146e+01 8.833174943728872108e+01 8.833174943728872108e+01
7.813061968023241044e-03 4.721858269878320691e+00 9.572570770604938772e+00 1.491779560885338007e+01 2.094802250040854830e+01 2.801909031227414815e+01 3.956609569606707311e+01 5.956609570460522463e+01 6.293226397376398751e+01 6.031642481834047942e+01 6.031642481834047942e+01 8.021256291969521612e+01 8.668910720957438798e+01 6.700889006976360918e+01 6.700889006976360918e+01 6.288858540291323607e+01 7.289901936508596236e+01 9.241617866134505732e+01 8.839328904159398803e+01 6.912119489927843574e+01 5.824302517079451036e+01 6.069507511004588451e+01 6.492423566716463768e+01 6.245970360673443622e+01 7.858233784278371559e+01 7.998781615908920628e+01 6.092622480591297318e+01 6.092622480591297318e+01 5.565064914938428586e+01 6.186934967523691853e+01 7.026271031590941618e+01 8.128948805196313288e+01 1.008888263186029945e+02 9.973495200487691648e+01 7.998402578881427871e+01 6.850720269831016651e+01 6.850720269831016651e+01
2.526786264046545528e-03 2.000252678626369018e+01 2.957257076991385958e+01 3.491779560748030775e+01 4.094802249780390468e+01 4.801909029929154826e+01 5.630336202158071757e+01 6.418647178306768808e+01 4.850561425597648224e+01 4.582770498071554499e+01 6.031642481834047942e+01 8.021256291969521612e+01 7.866470098697122637e+01 7.277309219895610681e+01 5.269141363224778019e+01 7.277309221479049484e+01 9.071418300153783321e+01 1.004576167277592305e+02 8.789716998656601277e+01 7.679581545869476145e+01 6.628330871420168080e+01 4.738547469735914319e+01 5.159416054168688959e+01 5.159416054168688959e+01 7.054071201441402650e+01 7.998781615908883680e+01 6.092622480591297318e+01 4.766253534778473977e+01 6.650923565305143370e+01 8.093725502088207691e+01 8.464678437570745473e+01 9.038519786912408449e+01 9.196467815133094348e+01 1.001646315545495867e+02 8.833174943728872108e+01 6.850720269831016651e+01 5.701402990479120092e+01
4.163169627051843593e-04 2.000041631696235100e+01 3.132638857895064532e+01 3.799305524981831184e+01 4.627732884026887206e+01 5.627733116823088011e+01 5.809670699538074246e+01 4.381647156143898059e+01 3.647998931792940169e+01 5.705820410331079273e+01 7.430878918673968769e+01 7.274758078418919638e+01 5.873606080427026654e+01 6.790256974856698946e+01 4.765310002585349025e+01 6.790256974856698946e+01 7.910775081340011639e+01 9.047963773113718844e+01 7.978288069999609888e+01 6.070451593955503711e+01 4.984929745462941497e+01 4.134444489912020515e+01 4.063139805587709930e+01 5.360291109473070037e+01 7.265604215767039875e+01 7.582823590945864112e+01 5.683296137342083654e+01 4.351054854224523893e+01 6.113169138283723214e+01 6.585053223014271850e+01 6.547311977672717376e+01 7.108895611757203881e+01 7.260335110024354321e+01 9.196467815133094348e+01 9.649715881243864146e+01 8.312324826784127652e+01 6.327949759915960470e+01
5.883922493566802643e-03 5.552885884745881739e+00 1.132638857664218968e+01 1.799305524330897299e+01 2.799305524330915063e+01 4.799305526411980338e+01 4.978270649358259448e+01 2.902941222522388998e+01 4.978270649358259448e+01 6.530227955453116806e+01 6.158941186393766287e+01 6.255117093623620406e+01 4.421860865625878034e+01 5.792218505247139149e+01 4.297339241951096511e+01 5.084378273173955165e+01 6.262431737004811794e+01 8.241471129771449000e+01 8.007594199752276154e+01 7.654671138329399582e+01 5.750163226254137072e+01 4.412601540068590822e+01 3.447014273119159355e+01 4.896253316087202734e+01 5.689924530475585129e+01 6.792433173799309998e+01 5.854145988149895885e+01 3.957161830734134611e+01 4.220012083770008360e+01 4.697516884092081568e+01 5.220155018882999798e+01 5.926390974972266434e+01 7.827415250073654818e+01 8.416230213726224463e+01 8.824841682715423019e+01 8.007174680220715857e+01 7.728889585183239319e+01
1.256007409845548732e-03 2.000125600251547553e+01 3.132638857569343926e+01 3.799305524981831184e+01 4.627732884026887206e+01 5.627733220396790870e+01 4.535808928882966740e+01 2.445414788081631130e+01 4.535808928882966740e+01 5.509611835204170660e+01 4.076416752571419266e+01 4.961278485408842442e+01 3.375595628399339887e+01 3.736010349746456427e+01 5.792218505247139149e+01 7.098872203620769028e+01 7.910775081340011639e+01 7.405066915052530874e+01 5.959958822429798886e+01 7.405066915052530874e+01 7.106718745475593835e+01 6.154204472848272189e+01 4.896253316087202734e+01 2.966666257126210482e+01 4.091849840836378860e+01 5.995088884056396239e+01 5.482116786779152307e+01 3.573555540162851685e+01 5.482116786779152307e+01 6.585053223014271850e+01 7.108895611757203881e+01 7.827415250073654818e+01 7.833664479010552384e+01 6.433897318527371567e+01 7.680983195455165458e+01 6.022972050976613190e+01 7.680983195455435464e+01
9.594114293757748102e-03 2.000959411429340307e+01 3.646830380451578435e+01 4.649908730497070053e+01 6.186328069955511211e+01 5.702417127973934896e+01 4.117730100527390391e+01 2.002241350434784195e+01 3.980243085242072709e+01 4.253615007341932852e+01 2.590299837850326981e+01 2.904801435027377465e+01 4.977939881918213416e+01 5.202821047851718106e+01 6.615268185037932369e+01 7.047193355675911164e+01 7.884236666002979632e+01 6.481431546146949074e+01 4.483639807917618469e+01 6.481431546146949074e+01 6.772948717953438802e+01 5.981815341644011141e+01 4.594902446021854558e+01 2.655335920719623743e+01 4.345046309597243095e+01 4.585652306737662087e+01 4.831027817693759374e+01 3.285150832548681166e+01 4.154667843429118079e+01 5.250699192267163795e+01 7.147612742307016731e+01 7.833664479009878789e+01 6.841948956524360881e+01 5.028669395180035195e+01 6.841948956523542336e+01 4.875606795048037867e+01 6.861594758099870717e+01
7.711341127313004785e-03 8.172677277892907099e+00 1.817269347906382748e+01 3.818231570458529234e+01 4.138556957342506593e+01 4.138556957341834419e+01 2.777692158337142203e+01 1.560495570041022972e+01 1.855290049340043979e+01 2.153811780686119448e+01 4.248627474575603458e+01 4.381518289025832757e+01 5.808720012728904436e+01 7.215149840523520197e+01 6.699012460563194793e+01 4.981042132436979841e+01 6.699012460790630996e+01 5.631282565824622566e+01 3.539678366001376730e+01 5.631282565824622566e+01 5.981815341644011141e+01 4.118643183931550311e+01 4.294888694758567027e+01 2.351310796048651142e+01 2.398562500153219545e+01 2.645824770722700592e+01 2.899102054659186223e+01 4.026033444562160923e+01 5.930670581244427808e+01 6.849583960543489525e+01 7.952651282155764534e+01 7.014509180961960055e+01 5.028669395180035195e+01 4.036381072839858319e+01 5.175093660866350831e+01 4.125685605530273392e+01 6.110961864242317176e+01
2.297228869525369630e-04 1.414236534661802835e+01 3.414236534661873179e+01 4.648350094381448372e+01 3.929862394784394297e+01 2.011840790381580035e+01 1.217589488635057293e+01 3.390271748163105059e+01 3.376774364094784175e+01 3.655665212123975039e+01 3.861603851985178437e+01 5.841641100825562205e+01 7.217403994100779130e+01 7.156062061517465622e+01 5.058362119110637423e+01 3.736952629027604900e+01 5.854300390752433003e+01 4.969859242323084203e+01 2.876608937031225111e+01 4.969859242323084203e+01 5.980487718852327816e+01 4.118615274301025408e+01 2.757135905709351675e+01 2.054711630428576541e+01 4.008745131787552651e+01 4.585652306737662087e+01 4.025981385442459981e+01 5.618555552381441487e+01 6.727825935359710741e+01 7.295041417033382913e+01 7.514238331997761122e+01 7.833664479009861736e+01 6.321303523549158143e+01 4.336009805245993221e+01 3.190217472068076177e+01 4.624588055161758859e+01 4.991069946699310123e+01
9.647730019007896146e-03 1.415178335375008345e+01 3.415178335375078689e+01 4.564204940893397122e+01 2.457609531640599698e+01 9.067440054707226693e+00 3.075198873859064364e+01 4.240054720389765919e+01 5.457980662298559338e+01 5.730580045239697284e+01 5.843244851913632232e+01 5.919517703471498038e+01 5.828449882873326260e+01 6.419702787497013219e+01 5.055166824438222761e+01 2.871896741927903918e+01 5.055166824438252604e+01 4.389296064776131345e+01 2.304363414814359245e+01 4.389295852526808517e+01 5.928769007160974525e+01 5.445795950938468621e+01 3.831513680239452668e+01 1.874717630661229606e+01 3.831513680239452668e+01 5.319325216628281794e+01 5.925089627756875643e+01 6.711367165794030143e+01 6.297070384796337805e+01 5.299607988170202333e+01 5.517836354526149023e+01 7.514150499776604875e+01 7.141288741686628327e+01 5.996038411610442154e+01 4.624588055161758859e+01 2.640069646746286480e+01 3.006299701446063821e+01
3.582433992925927561e-03 1.414571805772400204e+01 3.414571805772470725e+01 4.361149991103660284e+01 2.242652851886509779e+01 7.244883695575232707e+00 2.862674412640794230e+01 4.600507889591522570e+01 4.801903128614071647e+01 6.516734107787529240e+01 5.175448803263446251e+01 3.705314610215845050e+01 3.799452901436205110e+01 4.392009507212660679e+01 4.424777368222842711e+01 2.184296348914640618e+01 4.424777368222856921e+01 3.868062907687892249e+01 1.797942502733256021e+01 2.986269225554622153e+01 5.073646666382000348e+01 5.021053756005422741e+01 3.091274337295027763e+01 1.695728765060571419e+01 2.584421116515903805e+01 3.963446690165852004e+01 5.876675845642478180e+01 5.713105726238254789e+01 4.301069062636630491e+01 3.887465333450802518e+01 5.884056654950492060e+01 7.690162968704679258e+01 6.756305279625432547e+01 5.626172700350394962e+01 4.745835355050341775e+01 3.942289803431376782e+01 2.127176517125077382e+01
1.813270376062421294e-03 1.998016246002235619e+01 3.683642791085314627e+01 4.534913923760177568e+01 2.248904092744776761e+01 5.577572063512967304e+00 2.656971872278280955e+01 2.571839065026320625e+01 4.600487966935764206e+01 4.283519044938513787e+01 4.095037408375887367e+01 2.272956133950400570e+01 2.419429776839436386e+01 4.393732358290272089e+01 3.846194232873910579e+01 1.569845465744554502e+01 3.845817378711124945e+01 3.390857474563225793e+01 1.345966531158688184e+01 3.005258816686002987e+01 3.576875443962772749e+01 3.936523366898172327e+01 3.248818762682103767e+01 1.519509595379888367e+01 3.486474788757723786e+01 5.319325214729803264e+01 4.929972717368946178e+01 4.102805165651244579e+01 2.889723654592421553e+01 4.885684314639895121e+01 6.710484732865755575e+01 5.715279269794616113e+01 5.949278317616733602e+01 3.990455977817573086e+01 2.848577030692768020e+01 1.978207102035654685e+01 3.945066382382660208e+01
2.372884694381488524e-03 1.067272204395120205e+01 2.434915031857870460e+01 3.606364223586624718e+01 2.382580795639658788e+01 3.897142615352509498e+00 1.171251552711276922e+01 3.270649667244060055e+01 3.725856998616541915e+01 2.379583173569754351e+01 2.551072277105575736e+01 1.408741920935751146e+01 3.244171379121148391e+01 4.028640471570574277e+01 3.075207538500414728e+01 1.033673233859648199e+01 2.866615167157775801e+01 6.323041271819607623e+00 2.128222070598796023e+01 8.012030221002214958e+00 2.543500003087504879e+01 3.162440971619698615e+01 1.269576295010330469e+01 3.248818519002950467e+01 3.486474424399470706e+01 5.415107895163436069e+01 4.102805165650445929e+01 2.114199981680180684e+01 4.102805165650944019e+01 5.608414116340271249e+01 5.979733468029970567e+01 4.331912557048617884e+01 5.979733468048016221e+01 4.502320817805563991e+01 3.681720821298724644e+01 1.874820213132266744e+01 3.835178404189214518e+01
8.175220331382775790e-03 1.978065026820174666e+01 2.647995335498572800e+01 1.139188625407618671e+00 1.418380606505751595e+00 7.729890252199850487e+00 2.206959427947027308e+01 2.258309215480068133e+01 1.707328316950830072e+01 3.399187350193171753e+00 8.197038287726144290e+00 2.462111769137129258e+01 3.470839367770859951e+01 2.834468030148031659e+01 1.715295600995568037e+01 5.641156494950319455e+00 5.954807330402171139e+00 6.924667094469058704e+00 6.646064507240633468e+00 6.896060665909553578e+00 2.463583823913327819e+01 2.815110748043507627e+01 1.094696685647115864e+01 3.067444806087485176e+01 3.801546788444852609e+01 3.796396547497333529e+01 3.043957342920415599e+01 1.656952965961245994e+01 2.791723561763579298e+01 4.783406329657614009e+01 5.161329620407155261e+01 3.198797032422728748e+01 4.112417118454974485e+01 3.529819616417330508e+01 1.726408746924085591e+01 3.673774014670456722e+01 3.254521310924405242e+01
9.124702163186202558e-03 1.929047156598513268e+01 7.326478082998846286e-01 1.661345483642554521e+00 8.965278368429286715e+00 1.850172702767199473e+00 2.173763922367657919e+00 2.500305713006426345e+00 2.818668423155472613e+00 3.131371147720427572e+00 9.880043738914961793e+00 2.392874485775600490e+01 2.796458206980465278e+01 1.280409751686660336e+01 5.198486474773023502e+00 1.218577709007441534e+01 1.953196340343689386e+01 1.547292059802464692e+01 2.420891402452764396e+01 2.665776027120310232e+01 7.323978294643540998e+00 1.198928322771221566e+01 2.695692168872042416e+01 8.547271469796942966e+00 9.240930477792687725e+00 2.855655361211028875e+01 9.645788363173011248e+00 3.043882895377600306e+01 4.150208551983189409e+01 4.378498403068979172e+01 4.916424110046356333e+01 4.101882756913700945e+01 2.153960523656521531e+01 1.570731051275696544e+01 3.529819616417330508e+01 4.498356162968084959e+01 5.237967421410939295e+01
2.239863785106879172e-03 3.047172494659756148e-01 8.242377441988288922e+00 1.528028552921043470e+01 7.526903358121588283e+00 1.895693047799900910e+01 2.049773823032109377e+01 2.171136739694670936e+01 7.362492904913301217e+00 2.286395991015350759e+01 3.569495874181508377e+00 9.520500794081158347e+00 2.305561546722049115e+01 4.756004014968628013e+00 2.421303425430535228e+01 2.680212517636067204e+01 2.271815828335419241e+01 2.438560060828985598e+01 2.412661045606919075e+01 2.864000835748663221e+01 7.359800126241068163e+00 7.780025030861886570e+00 8.100607386186856829e+00 1.174391449159697665e+01 8.971180077599852254e+00 9.281093062070670641e+00 9.615624290194061174e+00 2.932134121043393549e+01 2.746726124631675248e+01 2.897377055562527559e+01 4.117352924031205674e+01 4.652832812735183410e+01 3.416153020469037926e+01 1.459600573104921573e+01 3.273962766276682856e+01 4.125001434654586774e+01 5.101620895901083230e+01
1.766589122093755728e-03 1.991857936971371856e+01 2.274305220486811052e+01 2.699941629699262435e+01 1.468039648345037307e+01 1.502787103758427811e+01 2.212079268468670534e+01 2.621865371359876562e+01 1.269949330450389446e+01 3.415764435456213732e+01 2.422392821363722959e+01 4.007386424011581738e+00 4.317231375397889259e+00 2.319325350927439189e+01 8.245064038963112907e+00 2.779555355378716186e+01 3.635639661431726921e+01 3.821243675177324661e+01 3.073883140788140977e+01 1.163584547413987025e+01 2.992361089107477312e+01 2.879315610488804111e+01 2.811738929764278794e+01 1.384398405930498654e+01 2.865290280818413748e+01 2.593590275375964183e+01 2.364068730770192062e+01 1.008611860547478045e+01 1.832297179794099051e+01 2.826446915395724346e+01 3.233972316978079675e+01 3.261172641466517064e+01 3.195456116147377301e+01 2.748587911296717579e+01 1.326940529662040547e+01 3.279578234293958161e+01 3.114210064941685374e+01
