LEM/sinusoidal_perturbations/elevation_000780.asc
nrows	100
cellsize	150.0
xllcorner	0
ncols	100
yllcorner	0
NODATA_value	-9999
[rows 51 to 67 of 100, columns 0 to 36 of 100]
6.455108993161302530e-03 1.988059615988587225e+01 1.150375065660416851e+01 2.750417893625413868e+01 3.023048014019230934e+01 3.306468800781768635e+01 1.781714418559831969e+01 3.785135637236382422e+01 4.678477154688699358e+01 4.264822797114935327e+01 5.674592594549874747e+01 5.303739508522522783e+01 7.225710048630082838e+01 8.195005719574740510e+01 6.775111367433662224e+01 8.195024707954426901e+01 9.079674874941750318e+01 9.221130833611120181e+01 9.183996078380852168e+01 8.342097942780210929e+01 8.274001610502607207e+01 6.841533802402982190e+01 7.705932874095745433e+01 8.556580299376419418e+01 9.758139591060553641e+01 7.777270191474735839e+01 6.366026285204340240e+01 5.379105539913908274e+01 7.380837129590399570e+01 7.576244916118955075e+01 8.415678855603771069e+01 9.580605912855548922e+01 1.146635227092004214e+02 1.007210342441035493e+02 1.020606949876979286e+02 8.269864825495304217e+01 8.269864825495304217e+01
3.995603441288198172e-03 2.411712665157522029e+00 4.837068915544457504e+00 7.486133630392481031e+00 1.020778890959743102e+01 1.303621612209522063e+01 1.936091509717223147e+01 3.354796039853192013e+01 5.400899550257497594e+01 6.256493324729979832e+01 7.094580609660152959e+01 7.324699272409300477e+01 8.163197183121809530e+01 7.364161474659950102e+01 5.362531259582246435e+01 7.364161552257830579e+01 8.405943688632116562e+01 8.437451591774355109e+01 7.597905692900461361e+01 6.330758674147126897e+01 7.268463543203641564e+01 5.425354592942708365e+01 5.690631466493917401e+01 7.110561151936100543e+01 9.162101606560189282e+01 8.483396320096892396e+01 6.953910764250183263e+01 4.952428166189743308e+01 6.418911484078714125e+01 5.572568442363042607e+01 6.727129035026725035e+01 8.736207700791015895e+01 1.047347608859903829e+02 8.658074345328866173e+01 9.377152370140056803e+01 7.366758737710200933e+01 9.377152370140056803e+01
4.804567899273937473e-03 2.000480456789891903e+01 2.485129092216211433e+01 2.750417893626270072e+01 2.435521899149117075e+01 2.458608195916349004e+01 3.945730053522341052e+01 3.093296322059809711e+01 4.262612083226219539e+01 6.399631486177297290e+01 7.571734367049975845e+01 6.742087457780488080e+01 7.571727568787828488e+01 6.607572261896810062e+01 4.608890306878646470e+01 5.573702822982878047e+01 7.577164887898898371e+01 7.597905682487044032e+01 5.590561103764420636e+01 5.176146780326527619e+01 6.429737275585685552e+01 4.426309302563817738e+01 5.840127793392063893e+01 7.851663588847162600e+01 8.623137684238490408e+01 7.642107994885873268e+01 5.634219538746565803e+01 6.001447925774718328e+01 4.417613054736569467e+01 6.419447579460207010e+01 8.196777962684001295e+01 9.094566289014866811e+01 9.654280746549503078e+01 7.651235752163667314e+01 8.583608160937458820e+01 6.904559683509836532e+01 8.329152694650160527e+01
9.707512844716031236e-03 8.953979422843795888e+00 2.050098480663610800e+01 4.050098480663529443e+01 4.441461528788266122e+01 4.464667925895453493e+01 5.300390151343209055e+01 5.134812181612205961e+01 6.001438427871547532e+01 7.278335731047893375e+01 6.565513081444662191e+01 4.725729434035284982e+01 6.565501156380395287e+01 5.941344283778671098e+01 3.939909267378239832e+01 5.941344927505039664e+01 7.254630052775924298e+01 7.597905758430238166e+01 5.590561103777385199e+01 4.177609259310797540e+01 5.325316592341719257e+01 3.893150330691572236e+01 5.305660521165987831e+01 7.312701360738086009e+01 6.612039135461351691e+01 6.612039135461350270e+01 6.001955304676273073e+01 4.001364920231836919e+01 6.001536900218512471e+01 5.360724070136124197e+01 6.254937093367466616e+01 7.669678736820958420e+01 9.682202496699424898e+01 8.583608160937458820e+01 6.577694333493060697e+01 6.479741511044720426e+01 8.494529949721008677e+01
5.001202446392439237e-04 2.000050012024428270e+01 3.723825066885533630e+01 4.878525605164701773e+01 4.732517489790933496e+01 5.569165200125298298e+01 5.176387650640322846e+01 6.017833858339719910e+01 7.034939035916080741e+01 6.830137730081703751e+01 5.675669429765313367e+01 3.711823413567817198e+01 5.634120746071049268e+01 4.804677507965337213e+01 3.416251459519006772e+01 4.424150056808178277e+01 6.425002805571740794e+01 7.676459591978372998e+01 6.518853513367811559e+01 5.325313508813066932e+01 3.327846031699425566e+01 3.410190756084776353e+01 4.821148613161745544e+01 6.825456597185110752e+01 6.612030232881376435e+01 4.610330915101708626e+01 5.346056007140938249e+01 3.728262090010746732e+01 5.727183022652766908e+01 7.363102006353146578e+01 8.196777962684001295e+01 9.094566289014866811e+01 9.371314919135129173e+01 7.363105618273006314e+01 5.955387963760333037e+01 7.942328596681551289e+01 7.898051719582487351e+01
5.279685921607564676e-03 2.000527968592125205e+01 2.736883072525488458e+01 3.129390367519182448e+01 2.713474639104105535e+01 4.101509567975303128e+01 3.165182064572274001e+01 4.162718793900113923e+01 6.190545043956319660e+01 6.003870695243984557e+01 4.004250975476163177e+01 2.991349238581833347e+01 4.244900688821982726e+01 2.786379233124086241e+01 4.800401768386751655e+01 6.252693627737185267e+01 7.254629979964049369e+01 6.841597368663896361e+01 4.838581335336502320e+01 3.686501110770228706e+01 2.796859381288708235e+01 4.791014749545323781e+01 6.239198902514667822e+01 5.541405237584386612e+01 6.375120397243929204e+01 5.345235069077278212e+01 3.349881753437741594e+01 5.346056007140938959e+01 6.227611970789232743e+01 6.895328507638045323e+01 7.730920692298936103e+01 8.736317699572209960e+01 9.061201257562285605e+01 7.055926555668726508e+01 5.658272319460132849e+01 7.055926555668726508e+01 9.061201257562285605e+01
5.738623160518319517e-06 3.651489455328646550e+00 7.365396219004055389e+00 1.128771892464394178e+01 1.555182814976024197e+01 2.107504212036134916e+01 3.250827441585349931e+01 5.269855391780825471e+01 7.032807130374318660e+01 6.830073404284345884e+01 5.831005051498546976e+01 4.244900710142575662e+01 2.217394117511118523e+01 4.244900712913805307e+01 5.634205843611334785e+01 5.664673563920361943e+01 6.493116838161499516e+01 7.054038217472459849e+01 5.050192123965063473e+01 3.639012610849105300e+01 2.491118747318435211e+01 4.483637684414122049e+01 5.217736213338229589e+01 3.542443847785867916e+01 4.581143338170261359e+01 4.778198120403808957e+01 3.102073041718157853e+01 3.652086649542243890e+01 4.226293905394000205e+01 4.892178897091576317e+01 5.892625533061826815e+01 7.898031482214294385e+01 8.769025917316075436e+01 6.767642294911357226e+01 5.378459116800016915e+01 7.353833986157999902e+01 8.939372454415097025e+01
4.532054705376768917e-03 2.000453205470502027e+01 2.736883072525488458e+01 2.543100406050497853e+01 2.961939133552172976e+01 3.219562149332226397e+01 4.940265469328544157e+01 6.125024300414106193e+01 6.880921431061854321e+01 6.548094058662806560e+01 4.517720514128636466e+01 3.087481859310968346e+01 1.902403262272898132e+01 3.523853628312574671e+01 4.241848125178520945e+01 3.652600345825006656e+01 5.663646259586946030e+01 5.766829083114231480e+01 4.925349888346343619e+01 4.192973113193028922e+01 2.203322615584930944e+01 3.937166219684058177e+01 4.117804914625595103e+01 2.394843480323268281e+01 2.588144121510362083e+01 2.784505964907743802e+01 3.196939602453975127e+01 5.154998224510338645e+01 6.227611970789199347e+01 6.895328507638045323e+01 7.730920692298936103e+01 8.736317699572209960e+01 8.489062877746680158e+01 6.492569399393556751e+01 5.108819345739885165e+01 6.119433050295790366e+01 7.067628849432314553e+01
9.001595176218036079e-03 1.415113721890729259e+01 3.415113721890799781e+01 4.544819543978793064e+01 4.917935593294188834e+01 5.324786638452286525e+01 6.237426801587371727e+01 6.766063497956527328e+01 4.631985388721448516e+01 4.922875306861252653e+01 5.002470187946422442e+01 3.978120211486036339e+01 3.142069164602326836e+01 1.466899301029701519e+01 2.211137496164258209e+01 3.652427530927247545e+01 5.659541119086436822e+01 4.924552153655998410e+01 2.928102809094581005e+01 3.511732909788457135e+01 1.923936962601236900e+01 1.950829937681004012e+01 2.128653642839361382e+01 4.117572147666775351e+01 4.580424503125740188e+01 4.778261611758805572e+01 5.154998224510388383e+01 3.805791359452702238e+01 4.421868414814267823e+01 5.458473949374906908e+01 6.646879694277697581e+01 8.673412252021367408e+01 9.125895823011481411e+01 7.906272009881821816e+01 6.702078345344794741e+01 4.736959927547419369e+01 5.092974165638560891e+01
5.674351268809080251e-03 2.000567435126845339e+01 3.089032166303267246e+01 3.732283071210872549e+01 4.569817234967880637e+01 5.519130265777508271e+01 6.891232086418658298e+01 5.903483851358161161e+01 4.845993690297451195e+01 2.879237154104030694e+01 3.105909433322741364e+01 3.135935797797809954e+01 1.076282011693011675e+01 2.770775165393830619e+01 3.601171145048358824e+01 3.975295771521383870e+01 4.808124109539382829e+01 4.135636029865625574e+01 3.306764802406625137e+01 1.537753926120096715e+01 1.703956425328609470e+01 2.841549330733320389e+01 4.117922277293835975e+01 3.188298347644742492e+01 4.334072347750380061e+01 6.309457382358369415e+01 6.615147580816908146e+01 4.565464466299860646e+01 6.480933541830717104e+01 5.883503434589690073e+01 7.923257409301992027e+01 9.519329811816071185e+01 8.294653185419099373e+01 6.297019065006506366e+01 5.606545705363125620e+01 6.367606670473548292e+01 4.392009774042794845e+01
9.518805923843161668e-03 5.042677889266643732e+00 1.032523915322019015e+01 1.638413171901958876e+01 2.433342849460719037e+01 3.770464144742566504e+01 6.297022828845673104e+01 5.594208593954861897e+01 4.119514982130723979e+01 3.675254930554293509e+01 1.756536736324682835e+01 1.271740497469965447e+01 2.592186811503392008e+01 5.979997405003649291e+00 2.734371328780514432e+01 1.995607229882479672e+01 2.969435459913736253e+01 3.107490910559823405e+01 1.341177404680918706e+01 3.308190123674467031e+01 2.687778720895520479e+01 4.511349861515648740e+01 4.834727365368755159e+01 4.590909236710475483e+01 5.835134986915896604e+01 7.097580695540295892e+01 7.418233520575971340e+01 5.758935549585261526e+01 7.464396661992367399e+01 7.923257409301992027e+01 8.767556695730908700e+01 9.713474170374450978e+01 7.706958290871054373e+01 8.294653185419099373e+01 7.588382868982419893e+01 6.149438490291121440e+01 4.150442287911000250e+01
9.062254805971973678e-03 2.000906225480561673e+01 3.089032166303267246e+01 3.732283071210872549e+01 4.569817234967880637e+01 5.519143263939180599e+01 6.705895641705008359e+01 5.236465263683217586e+01 3.912648703645705694e+01 2.796416086920963906e+01 3.512052619071025106e+01 2.567970818509926545e+01 5.935604113455056563e+00 6.253117468277768154e+00 2.035246888971249035e+01 8.677291977435858783e+00 1.006730367674963134e+01 1.144792259295003767e+01 1.875849979948389290e+01 3.856197737862166974e+01 4.094478007318126345e+01 5.510397320211919947e+01 6.837879448609977828e+01 6.572041530498643169e+01 6.551755510726754039e+01 6.760178187186784271e+01 7.119068338024329989e+01 7.792147629141290111e+01 8.641315073295629645e+01 8.828810527233029859e+01 9.675605932445478174e+01 1.054483335515191698e+02 9.713474170374450978e+01 8.688509962163637113e+01 7.337442184988873350e+01 5.352500795393859789e+01 3.900434815243640685e+01
3.063233560239582431e-03 6.669732048459389162e+00 1.374085611951652908e+01 2.268691370162986232e+01 3.426694024139059991e+01 5.490401149873714104e+01 6.674499318785908031e+01 4.833808897536615490e+01 4.669749082665661177e+01 3.872180653863057387e+01 2.674784285018090557e+01 5.486474693943313774e+00 1.317981463768083294e+01 2.569785174675224582e+01 6.707536486726127123e+00 2.643780969014361304e+01 2.969191525232767859e+01 3.105706303229671406e+01 3.856057433726800099e+01 3.271582556486384163e+01 5.269625848200526974e+01 6.923660707036385986e+01 6.539625791970435387e+01 5.692307318482608025e+01 4.392933963863023905e+01 4.702496671641657144e+01 5.055894117272977439e+01 6.509009659311354312e+01 7.962364611112508328e+01 6.770576542553932597e+01 8.489632650274974424e+01 9.675605932445478174e+01 9.603605557788182523e+01 7.858274507574071777e+01 5.870863123509771242e+01 4.729961255311585688e+01 5.649132387948937861e+01
5.666595628964066558e-03 2.000566659562860750e+01 3.380317022631491142e+01 4.223126390490562443e+01 5.145362629341215666e+01 6.391287506291254772e+01 6.648565094937927711e+01 4.960350578706282931e+01 3.035253195454333408e+01 2.141065768814676318e+01 1.389502874418977996e+01 5.169699218941285146e+00 6.635025232603945611e+00 2.017174955618072119e+01 2.055672432681410911e+01 7.177149454582322008e+00 2.769648591989329489e+01 3.681597913981643444e+01 4.640426508839775011e+01 5.269864954681865044e+01 6.111541648588329423e+01 6.396461944918478792e+01 5.367554653571126977e+01 3.668646006504653911e+01 2.973814556129445208e+01 3.283326274444125659e+01 3.620208975311985000e+01 5.055654707405085446e+01 6.667800570995346732e+01 5.577105764484805661e+01 6.770576542553932597e+01 8.828810527233029859e+01 8.772424352549631976e+01 6.772778882326772987e+01 5.786231278352348539e+01 6.127984642653273539e+01 6.476224747454975272e+01
2.110006612196471242e-03 2.000211000661184002e+01 3.300058938534080255e+01 4.128487117709206444e+01 5.128489369584963242e+01 5.902072906750003511e+01 4.459243500089579015e+01 5.158028675409508423e+01 4.686311191383947516e+01 3.865825568084107999e+01 2.882993712001429643e+01 1.834537773412515804e+01 4.728948644877373653e+00 2.599249434236502410e+01 2.173070663791911272e+01 1.901781391060269755e+01 7.647146115339142014e+00 1.723118138001239075e+01 3.164152730715043305e+01 5.267560509216570352e+01 6.342766916621594930e+01 4.964155048145875782e+01 3.543434609865554563e+01 2.564164334997358452e+01 3.513987635860069503e+01 5.303466233174275146e+01 5.658355166943795211e+01 4.174012484761731656e+01 4.606688282263095857e+01 6.667800570995346732e+01 8.489632650199247621e+01 9.482328060416682547e+01 9.603605557788182523e+01 8.602757188496926233e+01 7.772601617438201060e+01 8.117984159085514762e+01 7.614579077061119960e+01
9.367352646185668139e-03 6.333922672982970958e+00 1.300058933964969654e+01 2.300058933964987418e+01 4.300058955314320031e+01 5.043722630337284585e+01 2.979451007899031367e+01 3.125801827090111473e+01 4.498319000497185272e+01 3.173114240014943022e+01 2.386986308618274322e+01 4.299809748887990501e+00 4.928337964381299230e+00 3.080143789838442459e+01 3.560925914278276849e+01 2.746814982238068126e+01 7.978832378144432802e+00 2.766760704903287049e+01 4.407850761093649794e+01 4.567299251628699608e+01 4.706681513905810021e+01 3.540582272043512546e+01 2.209256104527286269e+01 4.131512775822365313e+01 5.367555568504969443e+01 5.157992388782520266e+01 7.079300125085897832e+01 5.624674680972864138e+01 6.064131918661587406e+01 5.636235872615035447e+01 6.560886643995748102e+01 8.023257523113376521e+01 1.010767468054754517e+02 1.047204998078931766e+02 8.801166065673764649e+01 7.647727335897144485e+01 6.819439768335568886e+01
3.648181865326004768e-03 2.000364818186497118e+01 3.300058938534080255e+01 4.128487117556947794e+01 5.128488020058684072e+01 5.615139277970151710e+01 3.721021305504457644e+01 1.729109403296345349e+01 2.812603466735715685e+01 2.212050527021047230e+01 3.881543501424123743e+00 1.884473675642204071e+01 2.736440872596840990e+01 4.096581792054228544e+01 3.101083369809726520e+01 1.413106829983364499e+01 1.386376387417817035e+01 8.446041385458212147e+00 2.950773693850371870e+01 2.581615824801176728e+01 2.757015675902271212e+01 3.528952611940242434e+01 1.974888685651581000e+01 3.293411992712781711e+01 5.284369456451705815e+01 7.206520008349795603e+01 8.052382364479083776e+01 7.685370640422158317e+01 8.125185618638886353e+01 7.701187378713741793e+01 8.553453274923667493e+01 9.482328060416682547e+01 9.916728832438087693e+01 8.533612379763054889e+01 7.971832514107003931e+01 5.975829728157073362e+01 4.831754940985202040e+01
