LEM/sinusoidal_perturbations/elevation_000754.asc
nrows	100
cellsize	150.0
xllcorner	0
ncols	100
yllcorner	0
NODATA_value	-9999
[rows 51 to 67 of 100, columns 37 to 73 of 100]
9.051054758489176777e+01 1.029616800226942530e+02 9.457391956734390703e+01 7.473301674451886356e+01 6.335676849685744827e+01 5.740809580869942863e+01 5.186999234785797341e+01 6.786919787584943720e+01 6.786919780055784202e+01 8.288904300591184438e+01 6.312672750185711124e+01 7.100322004328384651e+01 8.498910872521575754e+01 8.411830918461939177e+01 6.408014579321577742e+01 5.262607496265312790e+01 7.082651722477858414e+01 7.270592831298745295e+01 7.516245258040491706e+01 5.891357223045500291e+01 6.776235990523137787e+01 7.918738716450242521e+01 9.905507159310181464e+01 1.012673349487898093e+02 1.072690947552867868e+02 1.139147092799020555e+02 1.221928485233063952e+02 1.321836007394971659e+02 1.200855930538537848e+02 1.032839166077744011e+02 1.200855930538537848e+02 1.075364009456080652e+02 8.774856154130347363e+01 9.354428551779396628e+01 7.647734322711893640e+01 9.621016195855528963e+01 1.006187348173851888e+02
9.876413483193486798e+01 1.087587399565206283e+02 1.028410179540245650e+02 9.136597451188765717e+01 8.311876898162073246e+01 7.716030164391334267e+01 6.786919787584943720e+01 4.793600611438488102e+01 6.422991161974826468e+01 7.245540759453244561e+01 7.679025483514874395e+01 5.701685287984791017e+01 7.679025799276642772e+01 7.486359189933939717e+01 6.560402639724554774e+01 4.919029738072671876e+01 5.103071985677551226e+01 5.290510404253848975e+01 5.535732054055264939e+01 7.516228357012343508e+01 8.695563611549887639e+01 9.583390427450993343e+01 1.073183022793171233e+02 1.096401648138919285e+02 1.179394600093230849e+02 1.197488829789585338e+02 1.280266363561460139e+02 1.226961727677998795e+02 1.117508567854843875e+02 9.170669590892735812e+01 1.117508567854843875e+02 1.158096358714079059e+02 1.075364009456080652e+02 1.044507414500168210e+02 8.632438911726796960e+01 1.044507414500168210e+02 1.060875409199804267e+02
9.250545008301588723e+01 8.885260654070488329e+01 1.087587399565206283e+02 1.010812944646479821e+02 8.116148610251104856e+01 8.116148610251082118e+01 7.609063365425069492e+01 6.422991161974826468e+01 4.416815122926471560e+01 6.422983616827593778e+01 7.298484858689495525e+01 5.320827480369916884e+01 6.779127690360277825e+01 6.444086068159661806e+01 4.690560760821487918e+01 6.669149620008707302e+01 6.501997343886594649e+01 7.270592831298745295e+01 5.713707047077506473e+01 7.656960192793353315e+01 8.471262031989810737e+01 8.871154893549837084e+01 9.313241327649164703e+01 8.942237934639220498e+01 1.055522040961154033e+02 9.967165865791159263e+01 1.197488829789585338e+02 1.143526762541571884e+02 9.429784433411403199e+01 8.460557218912380506e+01 9.797797456036161634e+01 1.180421580838242335e+02 1.231215655064695795e+02 1.143643727276450193e+02 1.060959347998427660e+02 1.143643727276460709e+02 9.784606994332538932e+01
7.266542528066911188e+01 8.667713254691513214e+01 1.065762533244875527e+02 9.521301102390161475e+01 7.534115390804747392e+01 6.134932039148503691e+01 7.057143807664880342e+01 6.174155642400274502e+01 4.173141290231858136e+01 6.174155642400274502e+01 7.227293691626510963e+01 6.779127690360277825e+01 4.801987503918668665e+01 4.466511352934286094e+01 6.444086068159661806e+01 7.491624719844118374e+01 8.484475398324204320e+01 8.484889987479286333e+01 7.656960263580246817e+01 6.147487150373667930e+01 6.500690249335571025e+01 6.871690909865746733e+01 7.287346896005662700e+01 7.802758429976677235e+01 8.529418308291801054e+01 9.967166020700409490e+01 1.197493279308946370e+02 1.121565177715390007e+02 9.210502966759905519e+01 7.798323095901211843e+01 9.797797456036163055e+01 1.172630377867952518e+02 1.030434632035977955e+02 1.130825143550336378e+02 1.214278547566610627e+02 1.092732689572027169e+02 8.948077967697278723e+01
8.940842226742856269e+01 1.007560705170639181e+02 9.684027911565425484e+01 8.861937802334085745e+01 8.943834499017116002e+01 7.057143807670503577e+01 5.064112129657923589e+01 4.480646996308739460e+01 3.955499358038125735e+01 5.699539537960949787e+01 5.248619190284027525e+01 5.958288681521608510e+01 6.089761822055941565e+01 4.310986140338540906e+01 6.286545350403110177e+01 7.832600505579394223e+01 8.656412268740504601e+01 9.649382260721461080e+01 8.727047128682981736e+01 6.740541794322777491e+01 8.471262077423540404e+01 8.278190244249279317e+01 9.313241327649164703e+01 9.248292123453938984e+01 9.248292107416865804e+01 1.126505958751077543e+02 1.172909531956345290e+02 1.057165143492856458e+02 9.326516829749481019e+01 7.341730538330641309e+01 9.326516829749481019e+01 1.072038954496747607e+02 8.881148674878149052e+01 9.297993614270986029e+01 1.130825143550336378e+02 1.175445114516640217e+02 1.060875409249093906e+02
7.534952791084549517e+01 9.520809158242292369e+01 8.540768869882241177e+01 6.883626615618345568e+01 8.540768869882241177e+01 7.872307052496226731e+01 7.054492072698090510e+01 5.710958334115790080e+01 3.767086264641026361e+01 3.745673996474052103e+01 3.868450806361285998e+01 3.992749984084487380e+01 4.119009515219139672e+01 6.089723641914206809e+01 5.191915177365034140e+01 5.851153150366456401e+01 6.840839001735405134e+01 8.824362009454060285e+01 9.561268760996074434e+01 7.873070769622567866e+01 8.135465505230361316e+01 1.015525150728420556e+02 1.113416629218876039e+02 1.126506653456739002e+02 1.126506054284720193e+02 1.209386882365212017e+02 1.089545331667448096e+02 8.893948396303154880e+01 7.753678693574252634e+01 6.928531902125646980e+01 8.893400952666739556e+01 9.886784498176655234e+01 7.873005543246108573e+01 9.836517749199676075e+01 1.050732143469427484e+02 1.134052644124532492e+02 1.234452883930376430e+02
7.644386846543724801e+01 8.468156361907284690e+01 7.719759306142904620e+01 5.742119780998940115e+01 7.719759306142904620e+01 7.148502686145434382e+01 6.118037572355325437e+01 5.365207406840674054e+01 3.572535733007547520e+01 5.520096253690474697e+01 5.828159307946560119e+01 5.958288681521608510e+01 4.731921597023514181e+01 4.995356685509899819e+01 6.969033196494928006e+01 7.832600505579394223e+01 8.656412268740504601e+01 9.649382280929444278e+01 1.072595309200211062e+02 9.893600529398602816e+01 1.015525150728420556e+02 1.098707201676182166e+02 1.084318962686904513e+02 1.167714850066062553e+02 1.115373049074953684e+02 1.032022539085266715e+02 1.115373049074951979e+02 1.010350435187754670e+02 8.483697433894285211e+01 6.537847293386344916e+01 8.483697433894285211e+01 8.462040506978148358e+01 7.276985829651651727e+01 7.827952141971499600e+01 8.494903531150404774e+01 9.503537757962654098e+01 1.151097084696368711e+02
5.660890657225112932e+01 7.322091030666894085e+01 7.020558146656979659e+01 5.046051939176387435e+01 6.137532126272599697e+01 6.341459912229859697e+01 4.505288152905178833e+01 3.423789087993738178e+01 5.366920177725936014e+01 5.133223614198619345e+01 7.042379721796696401e+01 7.295924883571180430e+01 5.374245090399822544e+01 6.968832135971841524e+01 6.050377878905104723e+01 7.444543523470636615e+01 9.422774680201794695e+01 1.040884161085680546e+02 9.573307451101862853e+01 1.040884161085680546e+02 1.024916540556850890e+02 9.413414541838999128e+01 8.821182310476412169e+01 1.084318962686904513e+02 1.014939735334191795e+02 8.313015582572812434e+01 1.014939735334181279e+02 9.273119743583994534e+01 7.300474414305713822e+01 6.198183966090074648e+01 7.942265933078152784e+01 6.496827072705214334e+01 7.002340025624286568e+01 8.980064920975367215e+01 1.050732143469476227e+02 1.134052644124532492e+02 1.234452883930376430e+02
4.516019797839720695e+01 6.499211906528708482e+01 7.534658973272523497e+01 5.558823237889675539e+01 4.173865762355335107e+01 5.420502550982038059e+01 5.110487249526327247e+01 3.317589031468867233e+01 4.680799291626588143e+01 6.625749588368297793e+01 7.608660478612259226e+01 7.993171625266541014e+01 6.088300404935640842e+01 7.993171625267585512e+01 7.188603980476320032e+01 8.846496524838727282e+01 1.006453330264933754e+02 9.229312262918796250e+01 7.557026785274763370e+01 9.400572809928105755e+01 9.413414541838999128e+01 7.397904013916426891e+01 9.413414541838999128e+01 1.058593073720875992e+02 9.316621442215799220e+01 7.311689708938179422e+01 8.314155711125090420e+01 9.146122256713871934e+01 7.806963892701108421e+01 5.871973117790668084e+01 5.994994256321138693e+01 7.942265933078152784e+01 8.964318602808309322e+01 9.796508816269518150e+01 1.071038971451943951e+02 1.174210263288990745e+02 1.241517319324051982e+02
5.118899774637738886e+01 5.856462720887411422e+01 6.877020327704632052e+01 6.957232697739175364e+01 5.420502550981545653e+01 3.472227935844097857e+01 3.166307213746522820e+01 4.502530932225185722e+01 4.522590957762899677e+01 5.969547654885293753e+01 8.318448215913984711e+01 8.808799690850040065e+01 7.312122379038557085e+01 8.808799690850040065e+01 9.165063382082210808e+01 9.990273190121712332e+01 9.229312262918796250e+01 7.220955348709927080e+01 6.565038263932086693e+01 8.565167118188314532e+01 7.984305912514619763e+01 6.738024877555780279e+01 7.732573454712563432e+01 9.750581942947314928e+01 9.471878427124127597e+01 7.466643861926358738e+01 6.315434323009183970e+01 7.584325905574246462e+01 7.488853368868747395e+01 5.549345801074205298e+01 5.646364120626791561e+01 6.198029237384741208e+01 6.863019534589047055e+01 7.677704007475000481e+01 8.823977829619812496e+01 1.090416766395209152e+02 1.159353008564757914e+02
3.135843017572629421e+01 4.234945889196667679e+01 6.059891885915204313e+01 5.634485067704459738e+01 4.817360931236446930e+01 3.011432226496773978e+01 4.386591692877149740e+01 5.839597109572180500e+01 6.593165240052491072e+01 7.519491702844952385e+01 8.817341426564439644e+01 9.609835056708691070e+01 9.146601637101504423e+01 9.894706718080900032e+01 9.101723717272523118e+01 8.906710241206208423e+01 9.229312262918796250e+01 7.220955348709925659e+01 5.816975212055788091e+01 7.353809399860273288e+01 5.990500875733687280e+01 7.135316391700519034e+01 9.144047144881437816e+01 1.058593073720875992e+02 1.030479094067003842e+02 9.146122252247282347e+01 7.584325905574246462e+01 5.591179278511293660e+01 6.919943738618327700e+01 5.232911908686755709e+01 7.223500116502428625e+01 8.402826025134028498e+01 9.101980051838233976e+01 9.864072746785956269e+01 1.071038971451943951e+02 1.174210263288990745e+02 1.166623435866939502e+02
2.968330346734479974e+01 4.729907121633693379e+01 5.490599431417729193e+01 4.673814048613018457e+01 2.857715132050509865e+01 4.242454879963469239e+01 5.779071609077217886e+01 7.172368187434000220e+01 8.304088243240821043e+01 8.492437337323566737e+01 6.916948962897845377e+01 8.490445993540531333e+01 9.652883183011054768e+01 9.101476351569642986e+01 6.961855274539929894e+01 6.861550591778417640e+01 8.305312978135737012e+01 7.276747813148088539e+01 5.270923777350183315e+01 5.349765662343109085e+01 7.353809399860273288e+01 8.818336685379769335e+01 9.979447936234501526e+01 1.002570025342315319e+02 8.883224154047509558e+01 8.057230776541167927e+01 7.311354751981227196e+01 6.665359917239089782e+01 4.931655045567041640e+01 5.426016317035573877e+01 6.418307889157784984e+01 7.569998435599057984e+01 8.987417270244721124e+01 1.099662588001781813e+02 1.159347680634758149e+02 1.078237693840057858e+02 1.084695782673551747e+02
4.729867026402443742e+01 2.731540820864307051e+01 4.530032574649687405e+01 2.703103826155930989e+01 3.302269807657465606e+01 5.413678571189627320e+01 7.024891899436403264e+01 7.708736342159735955e+01 6.300440634705688581e+01 6.702557566260715305e+01 5.761748282281220668e+01 7.311948119933970247e+01 7.349419857271472267e+01 8.592159259631453949e+01 7.460563984486712741e+01 5.416589435513081696e+01 6.756724980306164241e+01 6.336505433724799019e+01 4.740723103799933114e+01 6.775291804198607792e+01 8.186013940942005718e+01 9.359054352058713278e+01 1.016887634753769731e+02 9.197968792791253634e+01 7.227216781324293038e+01 6.086163112249578688e+01 5.337798501237691084e+01 4.679255430518983161e+01 6.663362876413121683e+01 7.416542741098989211e+01 6.313136496369872930e+01 8.311790127405522810e+01 1.021740434903671542e+02 1.137805790098491485e+02 1.078237693840057858e+02 8.840382254953000540e+01 9.409179328706575518e+01
4.764726609555210501e+01 2.562502140732672018e+01 2.548263354619471599e+01 4.530027097680070369e+01 5.320038221554508340e+01 6.646319687155586564e+01 7.598733045592156543e+01 6.702502844051184638e+01 4.873826945242552711e+01 4.723266434200048280e+01 6.702557566188491478e+01 7.132231675352900879e+01 5.242258265548713325e+01 7.146703645301187180e+01 6.912870863679435729e+01 5.409428579875994814e+01 4.462836656188449069e+01 4.279247406198749104e+01 6.336505433724799019e+01 7.607067185407467491e+01 9.009222183081314483e+01 7.328315366526005903e+01 9.009222183081314483e+01 8.980099087199297969e+01 8.150839517752164909e+01 8.057230770786480889e+01 6.493639240023667014e+01 4.509247637659268548e+01 6.493633472597191769e+01 8.292558865467044882e+01 8.311779088849453956e+01 7.378470079752290189e+01 8.535048930562952307e+01 1.054262618462189636e+02 1.058947859901097814e+02 8.750892992604710230e+01 7.463004573689130439e+01
3.386287551593294864e+01 2.388096855911077299e+01 4.394166993885080075e+01 5.332521036776021361e+01 6.640012388125890652e+01 5.711378488374229789e+01 5.967083600750834194e+01 5.879801859093819871e+01 3.837709490094346876e+01 5.880562356983112693e+01 7.517098634487668107e+01 6.199686278405388151e+01 4.099368960810780749e+01 6.200644227277256704e+01 6.874386304368408673e+01 4.961296322625409516e+01 3.853506436594125972e+01 5.913961012500946168e+01 7.169952323938616701e+01 7.904514482994433422e+01 7.064021437670274395e+01 6.086442022166335875e+01 8.186606652107535353e+01 7.823983880138715108e+01 6.148205804646507744e+01 6.922758434584783060e+01 6.095161160749223939e+01 4.341448232546732555e+01 5.482266278190180486e+01 7.475373704288524834e+01 8.860652909704738533e+01 9.383550916571989831e+01 1.021740434903671542e+02 1.052953425239578991e+02 1.127077301554396911e+02 1.021692953065029315e+02 8.516537399753057969e+01
4.231999649972912891e+01 2.357996595896844028e+01 2.265034003500606730e+01 4.763106039806577741e+01 4.988089802413552576e+01 4.284757302750944064e+01 5.641761102865834943e+01 5.006899445999429332e+01 3.265345777910085445e+01 5.418743110158064979e+01 5.734364249880483300e+01 4.899077424255062851e+01 3.419849741372989627e+01 5.291423670099264598e+01 6.306892522287360237e+01 5.614197119020182214e+01 3.609126949064233258e+01 5.487422522117061163e+01 6.422010941299431863e+01 7.063825171672463910e+01 4.896628119011941749e+01 7.064003616191484980e+01 7.049860501175038507e+01 6.979280923578788531e+01 5.003351922779901884e+01 5.870284575684804196e+01 4.115529666713441515e+01 6.095042250420291197e+01 5.271992206767111355e+01 6.020848121338223535e+01 7.170788135924883022e+01 9.193936951971679150e+01 9.970994891103666191e+01 8.272723741926365904e+01 9.970994891103666191e+01 9.959198085287017932e+01 8.256077242994159349e+01
2.583170274170847236e+01 2.219651284816457348e+01 2.264366860925385794e+01 3.817330897624836439e+01 3.131256430218993358e+01 4.293801906338563157e+01 4.445315905048240523e+01 3.433477988163593864e+01 2.709888490111457671e+01 5.052151493535762228e+01 4.863881763368833333e+01 2.870209444287973710e+01 2.784605872093982626e+01 3.491186071926662038e+01 5.380184239057728490e+01 5.561528679428437982e+01 3.373209851051448993e+01 4.216344251445297431e+01 5.671289956707794744e+01 6.052374179600936799e+01 4.271229915402808786e+01 5.801104819556197612e+01 4.954220518878234003e+01 5.564485162557464548e+01 4.551942686907278812e+01 3.895276179382395298e+01 5.870284582397083284e+01 6.922555642845014745e+01 7.263991420987255765e+01 8.020963542848659245e+01 8.870901911328110145e+01 1.004945381305262941e+02 9.094350809800843649e+01 6.969557726764922734e+01 9.094350809800843649e+01 9.142340818245429546e+01 7.167432592185815565e+01
