LEM/sinusoidal_perturbations/elevation_000355.asc
nrows	100
cellsize	150.0
xllcorner	0
ncols	100
yllcorner	0
NODATA_value	-9999
[rows 51 to 67 of 100, columns 0 to 36 of 100]
6.455108993161302530e-03 1.414858466615164012e+01 3.414745881007767991e+01 4.879511593380902212e+01 4.292877134946689921e+01 2.368993023100635398e+01 3.491857836236880619e+00 2.752833936811850180e+00 2.271115106778933779e+01 3.033490493752958272e+01 1.178843651992675490e+01 2.491468168329092947e+01 4.564402938272183974e+01 5.535787366114153230e+01 3.867620384085293495e+01 3.909222318856964762e+01 3.070734787029400792e+01 7.191537154898221651e+00 1.131754879430591032e+01 2.968837181702256700e+01 4.693878351893414447e+01 4.025189715240853161e+01 2.088809011950422345e+01 1.992781744199875149e+01 3.877130176288821417e+01 4.099708754596514382e+01 4.921181382775559143e+01 5.294238891570048366e+01 7.271807126276806343e+01 6.737433508215534061e+01 5.908535209018932477e+01 5.428812032006452881e+01 6.838216194078428600e+01 6.905295403917881458e+01 7.739216049565524713e+01 8.157060289079427662e+01 8.997915467380545351e+01
3.995603441288198172e-03 8.948268882553952253e+00 2.049539530342029536e+01 4.050231100280375784e+01 3.926456546849057361e+01 3.008201799692281853e+01 2.209588976143290395e+01 2.468015389276698723e+00 2.240873983572888406e+01 3.792761420182546317e+01 2.601983599665019042e+01 2.589495217872403288e+01 4.589006147481754994e+01 5.650133908778244063e+01 3.515308602170881613e+01 1.998081603189148225e+01 2.268425744766198449e+01 7.482387665024841539e+00 2.040641049145078512e+01 1.872370001351692537e+01 3.768203137469989628e+01 4.797588757473878474e+01 3.175339121589059488e+01 3.928689488146611097e+01 1.947693786112169079e+01 2.272190690828974979e+01 3.537407182007000017e+01 5.516676806967929281e+01 6.362152584725027538e+01 5.502760389320019385e+01 3.939191603811413245e+01 4.042538727180954794e+01 5.293273061234875598e+01 4.930979307148632529e+01 6.749483495090484553e+01 6.166446026783229684e+01 8.157060380041070857e+01
4.804567899273937473e-03 1.999760477970771433e+01 3.716752677482678280e+01 3.907859776257576101e+01 1.836404693644951536e+01 1.977863964473942815e+01 2.066113750426533446e+00 2.927964958620508096e+00 1.717913678394460675e+01 3.685316484573828433e+01 4.654966099119869227e+01 4.588975040544728756e+01 5.422120822278242258e+01 5.811414130380423870e+01 3.944572988282720161e+01 3.338771786149195009e+01 1.195558125626166834e+01 1.235820593300203285e+01 7.893969292883594946e+00 3.265256815665456003e+01 4.613305535074526631e+01 5.848355341344390723e+01 5.070470338165397095e+01 3.906647609962947598e+01 1.916098511302645591e+01 3.862732525908304382e+01 4.645959678925844116e+01 5.346949014371334385e+01 5.215756282362734453e+01 3.584795632303602986e+01 2.795729748042320040e+01 3.054064018383792600e+01 3.326087099303544647e+01 5.293273061235112209e+01 4.781294481163903498e+01 6.749483495090484553e+01 7.226125536665091431e+01
9.707512844716031236e-03 2.000922336621820108e+01 2.907217378917971828e+01 2.506222950554022333e+01 2.746611257852111354e+00 1.664684217677476541e+00 7.458560368279150588e+00 2.294514157787178732e+01 1.088470455535486359e+01 3.093372286555829831e+01 4.705629862420632037e+01 5.525546025596499078e+01 6.677391330638356237e+01 5.628881012961087293e+01 4.680871820489068114e+01 3.921584785382218286e+01 2.783962166377547476e+01 1.899658306967340593e+01 8.184722415380026206e+00 3.079718588487348896e+01 4.453324286524855324e+01 5.589950290469761285e+01 5.186623153887797599e+01 3.194730400525331859e+01 2.121802920905648193e+01 1.871699102082019550e+01 3.748710952445420475e+01 3.316471191285377529e+01 4.097319610533917711e+01 2.441734462635614733e+01 4.422832740212433578e+01 5.025851995043305465e+01 5.293273061235112209e+01 3.735809458805287164e+01 5.697442225590369702e+01 6.554162441964368213e+01 5.260600060094771635e+01
5.001202446392439237e-04 2.931427265262450899e+00 6.933876601659126893e-01 9.783738818871864362e-01 1.262944387167303617e+00 2.614754625792361953e+00 2.631277280292976783e+01 1.715486599925542066e+01 3.090495983077052600e+01 1.985519349481966600e+01 2.693679203278277257e+01 3.855303367711497486e+01 5.867861787968595877e+01 4.195029458982801884e+01 2.335507260445273658e+01 3.840140113261396948e+01 3.104443549663786683e+01 2.450018085999937512e+01 8.475135909562448333e+00 1.909916724211389649e+01 2.654295254508264890e+01 4.740102469668356377e+01 6.013399525870507745e+01 4.851883305294354187e+01 3.480528046838118428e+01 3.356351721968212587e+01 1.827790636624304099e+01 1.940055366524343228e+01 2.117551348035328473e+01 4.097319610533843814e+01 3.844686040287564310e+01 5.818602386589642350e+01 6.460440415878252907e+01 4.831520052473251781e+01 4.212343378273586580e+01 4.594636653362974243e+01 5.567070717378608435e+01
5.279685921607564676e-03 2.901524785482082480e-01 2.351657709213468284e+00 1.063994717643630317e+01 2.705071122122026939e+00 8.013933134553740345e+00 2.856204479681088770e+01 3.581115565801002987e+01 2.901958568371528457e+01 3.983944961680220587e+01 4.705640904661159851e+01 5.525817080734595521e+01 4.915492834470560979e+01 3.163305616713036983e+01 1.070636285999611026e+01 2.959086187967396242e+01 2.933258920387397950e+01 2.545179291943687616e+01 8.766236489049376246e+00 8.924599046770245181e+00 2.079128792865673958e+01 3.584977785745947187e+01 6.049358341512112247e+01 6.321866027606639449e+01 4.801181024044808510e+01 2.513392238606223827e+01 1.797383429919979392e+01 3.786080506307850868e+01 4.096426192885757445e+01 4.920581955603946511e+01 5.818602380415288167e+01 6.647974930493788293e+01 7.492752542122322268e+01 6.668702565345991218e+01 6.170697326997843390e+01 5.336982174795375755e+01 6.189836123726596639e+01
5.738623160518319517e-06 1.175686038217360974e+01 1.292949030733654325e+01 8.024242626604127793e+00 2.328633907112337909e+01 2.858311391373965904e+01 1.643600644503423069e+01 3.690961805079301428e+01 4.247685017534196561e+01 4.311856732102754108e+01 5.480436184442827852e+01 4.469224930554953801e+01 3.279068749544079964e+01 2.361845286401004174e+01 1.006834189336320229e+01 9.771491908556514616e+00 9.475364576913529291e+00 9.162804459339332297e+00 8.910988679774728638e+00 3.273110306390135094e+01 3.180551835057451626e+01 5.429161495717884378e+01 6.644146479576765785e+01 5.740424252171357722e+01 5.105267072573523990e+01 3.758030524318060372e+01 1.767133573674810521e+01 3.623724374494980083e+01 4.379711881572263366e+01 5.236924133630230926e+01 4.903052664581744580e+01 6.358110463577716587e+01 8.412386022487280002e+01 8.419572113878113839e+01 8.144926221193166782e+01 6.467335348768435210e+01 8.144926221193166782e+01
4.532054705376768917e-03 2.000453205470502027e+01 1.604455312704581260e+01 2.378521381920685229e+01 3.189945689268609996e+01 4.353105578551880939e+01 2.347343943942928490e+01 3.668838983421462530e+01 5.702383192164548120e+01 5.553243436942181432e+01 5.280199619913654629e+01 2.626281666710633544e+01 1.204375180046775995e+01 1.048648542024359109e+01 2.962496060018177602e+01 2.688216516853104920e+01 2.347955100585175003e+01 2.085443902733489452e+01 3.358791534331461293e+01 4.474123872330741136e+01 5.726860198864233098e+01 6.626983346141139464e+01 6.698515683795646680e+01 4.774201674034291898e+01 3.377362646923524636e+01 2.489058266363246474e+01 1.736929272349741638e+01 2.269303346045148473e+01 2.442182460024496038e+01 3.259782618019355738e+01 5.280471704792664411e+01 6.058749876693324410e+01 6.745827564707381896e+01 6.369662061261634278e+01 8.419572113878113839e+01 8.460091877821096773e+01 9.302292722596338592e+01
9.001595176218036079e-03 2.000900159517586374e+01 3.381788331148925408e+01 2.810975139816311597e+01 4.759798603420531293e+01 5.176915434341570688e+01 3.343791661539997051e+01 5.177172877670812312e+01 6.724291024171606068e+01 5.602515013586636883e+01 4.375382616182020712e+01 3.184137699882650807e+01 1.090163559903830226e+01 2.832791770452196189e+01 3.646262549402696607e+01 4.416583474958129329e+01 4.223487590276432257e+01 4.159458032629185453e+01 5.102723674538205501e+01 6.204361596967424930e+01 5.800641607477516004e+01 6.142915010350603211e+01 6.627004217386499363e+01 5.482403467588099488e+01 4.838762811529532826e+01 3.668722792688439682e+01 1.706743253360473034e+01 1.880934082884684955e+01 4.328777254995675605e+01 3.080892589506515833e+01 3.531879110597329685e+01 4.017871367519845194e+01 4.680594138561507833e+01 5.875931512920588062e+01 7.335787442823034610e+01 9.355295906099253500e+01 7.907547490679870350e+01
5.674351268809080251e-03 1.414780997499988402e+01 3.414780997500059101e+01 4.759817463244446856e+01 5.597778164231788622e+01 6.180063851398510621e+01 5.362495126904126863e+01 6.179749730183527845e+01 7.284828404191304685e+01 4.648965376344182232e+01 2.372800273714698349e+01 1.197337789932552532e+01 1.119364294907355806e+01 2.974184719760643958e+01 2.714927439574065815e+01 3.442964192341656116e+01 3.951509093627858960e+01 4.272366280709972131e+01 3.566062763307613892e+01 3.869343925861758038e+01 4.018490314314503564e+01 4.141965405802237399e+01 6.119180460491231344e+01 5.270660457654478392e+01 4.378793103504600737e+01 3.584447032532481359e+01 1.676640073161072308e+01 2.866289440371764385e+01 4.791650630404809164e+01 5.047221721382808113e+01 5.532095332805821641e+01 5.454624679601725745e+01 6.058385343733962003e+01 7.583847313020386594e+01 8.277100519067693085e+01 7.447307665577004343e+01 7.082137088908584133e+01
9.518805923843161668e-03 1.415165442965466802e+01 3.415165442965395926e+01 4.343291817612146843e+01 5.395264077860867502e+01 6.677951184474157742e+01 6.085654985181831478e+01 5.016370766057502095e+01 6.085654985181816556e+01 5.007516686845232101e+01 2.727893505986954992e+01 3.077610663231869381e+01 2.347085930179371971e+01 1.160370541919236587e+01 2.675783258688584709e+01 3.033022331155475371e+01 1.860741701179627583e+01 3.209755864003415127e+01 1.549313614355440549e+01 3.494989311419384848e+01 2.765144738184887530e+01 4.133981586366925143e+01 6.024007891052924180e+01 4.749256935386228662e+01 2.941866609750996986e+01 3.426749435970334901e+01 1.646532884790735451e+01 3.673272793455164731e+01 5.585680055755641860e+01 6.364957509279807368e+01 7.200289544295574728e+01 7.517237093127778280e+01 8.113216724522553136e+01 7.973142226593490989e+01 7.131845677564443520e+01 5.491206776098533027e+01 6.558863820529856525e+01
9.062254805971973678e-03 7.559484669303603077e+00 1.566792514683047344e+01 2.687983181469920879e+01 4.591636519532222138e+01 4.900933033223921598e+01 4.900933040766326343e+01 3.569597109559219206e+01 5.040989356361168205e+01 5.618008698482771024e+01 4.936798053120345742e+01 4.658451246808236590e+01 3.442196553393655734e+01 1.326453648994333001e+01 1.201359540076171051e+01 1.230431279795051758e+01 1.259679946347981883e+01 1.289143734694941834e+01 1.318813948334713437e+01 1.898923285817713236e+01 3.747955678798959411e+01 4.976662624793598155e+01 5.217129368305911186e+01 4.277792247159869987e+01 3.553079349800832176e+01 1.603941963783665159e+01 1.781459188038004982e+01 3.735642791403736140e+01 5.061944630924033106e+01 4.304718826976480983e+01 5.767394997383702560e+01 7.807602189878602417e+01 7.393955734159928284e+01 5.988782899848789754e+01 6.312653229974113600e+01 4.379031177685290288e+01 4.628772361102637234e+01
3.063233560239582431e-03 1.414519885729131410e+01 3.414519885729201576e+01 4.343291817612134764e+01 4.509220263132407780e+01 4.475610386995197842e+01 3.180213450494587946e+01 2.723349774357966879e+01 3.338356713455026892e+01 5.041264360605165251e+01 4.673303908175356014e+01 4.539569076192481845e+01 4.578008321155277116e+01 2.903948890741736122e+01 3.474315450013180850e+01 2.393317770759642826e+01 2.274588159189280034e+01 2.692004095863491742e+01 3.270395092945538096e+01 1.361231369593800977e+01 3.310708375983297458e+01 4.004202055798714355e+01 3.741842853243459643e+01 2.779625246002063577e+01 1.561440431868067513e+01 3.382944957965823107e+01 3.714874244249310209e+01 2.385548432775743066e+01 3.016636319161768753e+01 4.190659070553430610e+01 6.252151154866054839e+01 7.546197357576863851e+01 6.401722970966197579e+01 4.589813195005512370e+01 6.401722970966197579e+01 5.194052203744283958e+01 3.330675309565830844e+01
5.666595628964066558e-03 1.754837186585192654e+01 2.671045723179200237e+01 3.243354375678588042e+01 1.986460328515971696e+01 2.331774471016446881e+01 3.074829869698178086e+01 1.869330495848515028e+01 3.709066419138255100e+01 4.125429359917674788e+01 2.634653782205136352e+01 2.134620554651955615e+01 3.725816784018054761e+01 5.265424409202788070e+01 5.296035429107648440e+01 4.422401507478210902e+01 3.379882375255883886e+01 4.539745325681489163e+01 3.865768497610188348e+01 2.147733398324786691e+01 1.403919826312186991e+01 3.350957033085626335e+01 1.488978703333902587e+01 1.518946346407009251e+01 1.838200946683871351e+01 3.970662960446478706e+01 5.107681653125556664e+01 4.415162520181669237e+01 3.660677560898361804e+01 5.713449397890319403e+01 7.088304820934854433e+01 6.722792805607052458e+01 4.742811691228160953e+01 3.598199247712145166e+01 4.693489354622608545e+01 4.615022294353335042e+01 2.872845105920538344e+01
2.110006612196471242e-03 3.331070230994532255e-01 5.084880810851574395e+00 2.029461176528068478e+01 3.819073277276318290e+00 1.193067040718866068e+01 1.050742530778743600e+01 2.612784542854327086e+01 2.409755635243149996e+01 1.896446102258726896e+01 2.170935347547474237e+01 8.082831307821258804e+00 2.722570470247654484e+01 4.011597762348318241e+01 5.024593368570925378e+01 5.881244866320132303e+01 5.031696758721043494e+01 5.133300462730338865e+01 3.290505103277515531e+01 3.528559495480672581e+01 1.420225153342181024e+01 1.445457827948895257e+01 2.666318177107454090e+01 1.751949528973146641e+01 3.965067820409937838e+01 2.965089827811053169e+01 4.196970591497328229e+01 6.140743559742259094e+01 5.113265970694632756e+01 6.552817909952165110e+01 7.058239255405722190e+01 6.237028493597652812e+01 6.094287985183712664e+01 4.113257697017471060e+01 2.706022135491941327e+01 3.589361429381710167e+01 2.470731783871240594e+01
9.367352646185668139e-03 9.216382722121624127e+00 8.013998182972775775e-01 1.132668880133778311e+00 1.464091278567386301e+00 1.931284585731729209e+01 2.115672071127572806e+01 2.738231592497675226e+00 3.071856354662981126e+00 3.405403799579591162e+00 3.738888293019711817e+00 4.072233471516852887e+00 1.806538963294054767e+01 2.009333862167152063e+01 3.682085775666688221e+01 4.633388182967868829e+01 5.765497132201598873e+01 5.933399978995411317e+01 4.421756143054274446e+01 4.390504377917450540e+01 2.627529105218423311e+01 3.443948257619990727e+01 2.245747941538709824e+01 3.396488222318771477e+01 4.930075628297742441e+01 4.195877348906859794e+01 5.822595995412066827e+01 6.944283628794804031e+01 7.162421418397993023e+01 7.227851733034798087e+01 6.237028493597128431e+01 4.253920494186957768e+01 4.834755232541674275e+01 4.679422939693484551e+01 3.858181067377351070e+01 1.953777091035187397e+01 2.014663690274984731e+01
3.648181865326004768e-03 1.955216082702266078e+01 1.594135744657473097e+01 1.922493522429978796e+01 3.078346010918859399e+00 1.934572037961686419e+00 2.267298880402437877e+00 8.024641988103040191e+00 1.805800934565273508e+01 2.166141277059865544e+01 2.107725647377938571e+01 2.345578162044312265e+01 4.543622592742308619e+00 5.579044259663278993e+00 1.387553635317218514e+01 2.505923823833569841e+01 4.794572591964798391e+01 6.976416261214382075e+01 6.245403789692859675e+01 5.542519301402559506e+01 4.683251361972556026e+01 4.685540162408886289e+01 3.060784096567019219e+01 2.874571047907475219e+01 5.301036058949007668e+01 6.121610520258463595e+01 6.911099778525105819e+01 6.313173176800698627e+01 5.471617256531514784e+01 5.820899775615425398e+01 4.413947826090577564e+01 4.834759379368063037e+01 2.844826506076812578e+01 3.770270675913568681e+01 1.868763695456430085e+01 3.858223525883122562e+01 4.373019279149566074e+01
