LEM/sinusoidal_perturbations/elevation_000843.asc
nrows	100
cellsize	150.0
xllcorner	0
ncols	100
yllcorner	0
NODATA_value	-9999
[rows 34 to 50 of 100, columns 0 to 36 of 100]
2.064481644892168701e-03 2.000206448164453832e+01 2.883939972170844257e+01 3.369011222243470627e+01 4.197438346988808178e+01 5.818500965026576921e+01 6.646928089767756376e+01 6.409928690729918799e+01 7.238187549926223596e+01 7.337416506132994698e+01 8.165610369864775464e+01 7.167766958180796166e+01 6.311856397563003895e+01 4.680983372808447029e+01 4.422879936440502036e+01 5.624282620186563975e+01 7.716843501502482638e+01 7.440038536743122677e+01 8.833745584717094346e+01 9.234320746547696501e+01 8.402430388768257785e+01 9.234320746547696501e+01 9.909932699722135396e+01 9.101750428981597452e+01 8.853828655638457690e+01 9.659412710397432988e+01 9.555539880030642053e+01 7.528839598365946983e+01 6.348125513192685787e+01 6.435710766227983015e+01 6.548340860325167512e+01 7.992029618762603604e+01 1.001226975828934798e+02 9.290011144254241060e+01 7.282282222384785086e+01 7.282282222384785086e+01 5.624250240130024281e+01
2.905961989428186391e-03 4.367263766709257311e+00 8.839399721708797841e+00 1.369011222243541503e+01 3.369011222243470627e+01 3.818500965026647975e+01 5.002004384098894718e+01 7.002004384098752610e+01 6.974993124824192137e+01 7.800431968443551511e+01 7.774687457724654394e+01 5.705932028694512326e+01 4.263906741404945677e+01 3.508192283604615369e+01 5.553064750403444805e+01 7.370405889773944352e+01 7.845799295994351041e+01 6.039411503901344958e+01 7.845799295994351041e+01 8.447571237504793373e+01 7.631995913331955705e+01 8.447571237504793373e+01 9.542793263563517314e+01 8.727621457329996701e+01 9.197157943736937113e+01 1.001309424254644824e+02 1.038424838640350316e+02 9.218532630111680248e+01 7.792908165334768000e+01 7.880067350902209000e+01 8.583744256004729323e+01 9.416139061607026406e+01 9.568700206488867366e+01 8.706798093734050781e+01 6.692228428656201800e+01 5.254326980952042447e+01 5.818587964456352069e+01
3.542675937824442140e-03 2.000354267593747082e+01 2.883939972170844257e+01 3.369011222243470627e+01 2.185507803171253371e+01 3.002004384098965062e+01 5.002004384098894008e+01 6.647619899784673692e+01 4.976630630912492137e+01 6.340467460917813725e+01 7.166423879370843508e+01 6.631986556585992787e+01 5.016620112174257429e+01 2.993357790134962926e+01 5.016620112174257429e+01 6.854776247553566293e+01 6.035498992334962765e+01 5.042758428934548220e+01 7.028239462983225394e+01 7.459334900297876914e+01 5.652416775688936212e+01 7.459334900297876914e+01 8.407411118077632750e+01 6.761686344056678877e+01 7.231969490110500942e+01 8.759112739280810445e+01 9.574500659996003549e+01 9.947655770590513669e+01 9.815883514202285198e+01 9.901813238374070636e+01 9.735475548338419571e+01 8.916591695397966078e+01 7.572666190381463025e+01 7.572666190381463025e+01 7.033385619067583150e+01 6.111441717839078791e+01 4.071951325093280616e+01
3.411803931810562015e-03 1.414554742766288520e+01 3.414554742766358686e+01 5.013934927915294537e+01 4.185507803171181962e+01 5.002004384098894008e+01 5.830431508840527499e+01 5.754199476853391815e+01 3.822376455212595658e+01 4.341975074335940121e+01 6.340467460917813725e+01 5.716910215323613187e+01 3.838063439342180061e+01 2.584057351952343140e+01 4.590391337748022949e+01 5.222938310402245321e+01 4.045139897399323559e+01 6.035495934604013968e+01 6.467755352910960198e+01 5.648472293187287363e+01 4.654738241925149111e+01 6.642206344067761847e+01 7.592588290172959375e+01 5.613107737326144075e+01 7.150994974447971231e+01 6.789565942463457304e+01 8.344020221450668373e+01 7.983737247886539024e+01 9.947661322492494662e+01 1.006541701410219360e+02 8.075593193084955601e+01 6.913566369210801099e+01 6.198000093456225557e+01 5.554996509703578056e+01 5.008965959975009241e+01 4.496352813992620412e+01 4.389635681658224797e+01
3.327314952832964925e-03 1.414546293868390769e+01 3.414546293868460936e+01 4.886785298692741009e+01 5.697895573448717244e+01 4.839951135413348737e+01 5.697895573448717244e+01 4.927319942216086446e+01 2.932707138943217018e+01 4.927319942216086446e+01 5.472211518074897896e+01 4.668099391373175422e+01 2.785008634066666389e+01 2.214164224635096545e+01 4.205522822886045731e+01 3.232636850292657016e+01 4.510921048430697766e+01 4.653693723474876975e+01 4.835914936021357136e+01 3.658085694709600943e+01 5.648472292986815546e+01 6.587684116875720974e+01 6.042846602001145584e+01 4.942851368900249298e+01 5.163093417993989931e+01 5.744279051827471960e+01 6.376501374342572603e+01 7.514676133589190954e+01 9.477172073049700884e+01 1.088062498007312939e+02 9.735475548338419571e+01 8.916591695397966078e+01 8.208415299865299630e+01 7.058836461862502176e+01 5.034736598523094386e+01 6.527281796248378498e+01 6.425597437108851295e+01
6.779948344387334673e-03 8.951727921728179993e+00 2.050848205425164039e+01 4.056711948155853520e+01 4.674621081488367480e+01 2.803638244327197526e+01 4.674621081487470065e+01 4.374113885531678392e+01 2.391670717831556203e+01 3.650227991211134082e+01 3.476630937515279385e+01 3.304326332530173715e+01 1.725063194527490751e+01 1.872283204159803205e+01 3.839734366254732123e+01 4.150413788939496840e+01 2.482441506544563481e+01 2.662912234181942850e+01 2.846728298358618758e+01 4.835839452196815103e+01 5.335627479458316458e+01 5.053109262969540794e+01 4.044214745867039085e+01 4.471689567650690122e+01 5.889576926612883767e+01 7.721880777494010317e+01 8.344100259914793583e+01 9.159585360534643428e+01 1.029469573592260474e+02 1.162758453586690734e+02 1.010877160214466244e+02 8.119534324390447466e+01 6.958126111247362644e+01 6.052780640033749648e+01 5.503624851972651300e+01 7.521848787051909824e+01 7.715412147341923799e+01
9.516927588586143695e-04 2.000095169275850182e+01 3.719129541587609111e+01 3.675123515876713753e+01 3.788277958638722964e+01 1.797506065979048984e+01 2.812321723317678490e+01 2.915069386287234821e+01 3.172296656859293762e+01 1.697882887507172356e+01 3.298953325405437909e+01 1.535036125391391160e+01 2.928359191505942150e+01 3.715276879338244953e+01 2.088119732728348410e+01 2.245905223264549377e+01 4.025039464753128726e+01 4.634230684409599377e+01 4.835375397154997046e+01 3.126444886748823393e+01 3.345511493180449492e+01 3.568351509325189141e+01 5.564655798614521842e+01 6.438413747523549091e+01 7.264700893664272030e+01 8.684179182176646350e+01 9.483829818382653798e+01 8.975721975432969657e+01 9.665951785410034347e+01 9.665951785348192971e+01 1.092410932372151962e+02 9.779146345292620879e+01 8.887061413372400409e+01 8.064892283055908706e+01 6.271821249820087019e+01 6.411806414146234090e+01 8.419891931208881886e+01
1.945935296826602993e-03 2.000194593524631514e+01 2.217490560231556529e+01 1.842355288597545027e+01 3.091952123293284771e+01 2.638596615782473265e+01 7.948074453266950279e+00 9.076568051293214978e+00 1.700641624267872487e+01 1.241118799128699912e+01 1.364940070595928034e+01 3.154159400175892358e+01 1.874004802120198221e+01 3.830694448462079293e+01 4.063890332668010785e+01 4.229161706253037067e+01 3.695784429636366752e+01 5.612679544764284856e+01 5.584814668826091832e+01 3.593966208555931274e+01 5.335641519346650341e+01 5.564655798614521842e+01 4.012349659995005169e+01 6.011402218319378221e+01 7.298275766003132503e+01 8.912646833815523451e+01 7.527091621572979818e+01 7.017981929430115429e+01 7.713744827649733793e+01 9.092548695306138029e+01 1.105026930224549204e+02 1.094400705729753440e+02 8.963549360835556001e+01 7.547874924435355126e+01 8.281397042500488226e+01 7.126668726151521582e+01 9.127179187865000642e+01
5.600688922766023682e-03 1.088661411428937464e+00 2.173313706719222971e+00 8.815475629056839679e+00 2.367301328020809947e+01 6.379196672400649248e+00 2.027942422785795173e+01 2.912524979744437914e+01 1.069884392972448950e+01 3.116472336461487558e+01 2.843759547223766759e+01 4.006741802046292378e+01 3.830849097800583536e+01 2.231909579705855151e+01 4.207598120123017083e+01 5.422469655461594584e+01 5.801909827221976457e+01 6.580595392305779967e+01 6.083347221005839600e+01 4.090955401195961372e+01 6.083347224382733032e+01 6.830437054123702012e+01 6.011420530551945518e+01 4.483205520293788737e+01 6.482731461573122544e+01 7.379744470245212540e+01 6.127136574002344105e+01 8.100206970411792895e+01 9.665951785410034347e+01 1.048052124193435475e+02 1.010848775462898743e+02 1.068655066487704630e+02 1.036054773343986568e+02 9.543611990276181700e+01 9.945333211227000447e+01 8.132688208565969035e+01 9.945333211227000447e+01
8.215197286175309616e-03 2.000478231250287564e+01 1.821624593881447751e+01 3.718682348470934595e+00 4.814839147606110537e+00 2.474576814711557660e+01 3.398648107579892041e+01 2.607687258906416261e+01 3.292248650961870737e+01 1.712659804958290266e+01 3.956090246138457900e+01 5.448642418137954735e+01 5.029624843566675452e+01 4.207598120123017083e+01 2.616997116284474600e+01 4.600363114019101829e+01 5.844269780102386846e+01 6.986160103042611524e+01 6.902271595866405107e+01 6.083347224382733032e+01 4.943403943577133219e+01 6.930757723405685056e+01 7.299936221304146500e+01 6.482731461573122544e+01 4.994110839710520366e+01 5.390292192319105169e+01 6.395340417645230957e+01 7.791130799512936278e+01 9.747535681887326575e+01 9.517314849483780392e+01 8.108581177745148239e+01 8.694340252374853151e+01 9.157685675093591726e+01 9.972647708111111342e+01 1.093670168204459685e+02 1.012167016716402514e+02 1.093670168204459685e+02
2.613274238814250559e-03 2.000248485779991015e+01 3.529004878837876191e+01 2.181370510625476555e+01 1.894146404721338328e+01 1.633565032625992686e+01 3.644980977990788062e+01 3.782671688433648427e+01 4.779377745038317471e+01 2.782830753265442780e+01 2.571773213862871543e+01 4.744407031935082841e+01 6.464920735690249387e+01 5.422469655461676297e+01 3.762979287676106566e+01 3.039786014728676022e+01 4.186389285664709803e+01 6.165589334153279566e+01 7.291102125216224294e+01 7.747841262756126923e+01 6.930757723405685056e+01 6.010848837817940904e+01 7.987118053024441622e+01 7.804731011346132163e+01 6.154975607152402262e+01 6.548347402724078847e+01 7.379744470206057372e+01 9.176872712352184180e+01 1.010848775462898743e+02 8.108581177745148239e+01 6.665313088970991373e+01 7.679826670672919420e+01 7.114186062436570523e+01 9.128610812897169069e+01 1.038441841517165045e+02 9.559579125801489852e+01 1.038441841517165045e+02
7.532853315450405325e-03 1.414966907187677414e+01 3.414983594042120529e+01 4.412563967937226295e+01 3.916979975398954394e+01 2.792146482023002108e+01 4.499025951831151104e+01 5.024153835696440495e+01 5.786070664069983138e+01 4.138395743611633293e+01 4.141749034511371264e+01 3.552661465104223737e+01 5.630326289937849538e+01 6.567348655846450356e+01 5.744250693521855311e+01 5.023236091172518769e+01 3.497208518958542101e+01 4.488143042498894886e+01 5.884954603749837077e+01 7.872074600980218406e+01 8.803281664510730309e+01 7.987118053024441622e+01 7.626093548106184983e+01 8.942893883697581714e+01 8.129673357146965884e+01 8.515453985009871474e+01 9.328407164777517835e+01 1.015791756820812424e+02 9.815573464264944903e+01 8.663073834992134437e+01 7.679826670672919420e+01 5.630730288472933154e+01 6.946257321599966872e+01 8.695274545471060890e+01 9.388289232318929578e+01 7.566939614639734657e+01 9.388289232318929578e+01
6.101047412966256744e-03 2.000610104741260997e+01 3.299806399652844391e+01 4.128233524420868861e+01 5.128233524479428240e+01 4.834069291528637535e+01 5.691006297975820871e+01 6.649258842087178323e+01 7.041524504876559831e+01 6.397433777342143912e+01 6.199352142788012543e+01 5.630326289937849538e+01 4.684765714771801726e+01 6.716143262146717063e+01 6.965346488453420193e+01 4.984736349042585601e+01 3.844075513300268909e+01 5.821840691304868898e+01 6.995904127046441090e+01 7.624094661911085780e+01 8.450115034067471242e+01 9.342360419803699756e+01 9.593492884551591260e+01 1.041135053655247589e+02 9.384280396116437828e+01 8.559112354347773532e+01 8.516480157489755243e+01 9.340419223248186142e+01 8.989756745364820745e+01 6.992537443741774439e+01 5.832405480929028840e+01 5.118722362632319545e+01 6.478547802743663908e+01 8.244499488755155880e+01 8.563259370220617939e+01 6.567000572007195558e+01 7.857475303610600292e+01
6.842009524227352091e-03 6.331397329861013112e+00 1.299806399652773869e+01 2.299806399652791455e+01 4.299806399652862154e+01 5.822081755928569180e+01 5.011317925851535904e+01 5.302428079163662034e+01 6.048664660192254416e+01 6.298935418614891546e+01 7.133332710999971482e+01 7.546587819258864727e+01 5.864141233552862786e+01 7.546587819258864727e+01 7.790176365919873547e+01 6.520847714811471008e+01 4.543757289137234778e+01 4.470290648789653432e+01 5.016438700201656786e+01 5.637581767179419501e+01 6.520832769101704685e+01 7.931612360565659969e+01 9.929063596359179655e+01 9.334401536892232798e+01 8.232010774693119970e+01 6.561807777519844365e+01 6.522629863273995454e+01 8.190061534150568434e+01 8.314706739718660344e+01 8.663073834992134437e+01 6.679503808701514345e+01 4.660350810139537714e+01 6.156159597722811583e+01 8.316988007822658346e+01 7.857475303610600292e+01 5.856347864160744621e+01 6.545624202783767487e+01
1.934550753332892102e-03 2.000193455075297777e+01 3.299806399652844391e+01 4.128233524420868861e+01 5.128233524461446535e+01 4.971687867307201714e+01 3.318321529320920149e+01 3.222593031921940110e+01 4.648767287133088644e+01 4.272069889674822463e+01 5.706010515563477981e+01 7.730382761030352867e+01 7.879999677281807635e+01 8.707304267293552869e+01 7.777470137813818951e+01 5.790575630050323497e+01 6.520847714811471008e+01 5.273827119215082604e+01 6.995904127046441090e+01 7.624094661911085780e+01 8.450115034067471242e+01 9.342360419803699756e+01 9.306632587620197228e+01 8.154195043520836350e+01 6.507797662378250436e+01 5.397598045894066132e+01 5.354794716704908808e+01 7.293471442410078964e+01 6.296241545830481101e+01 6.718941780455043045e+01 6.310481235168753500e+01 4.283993095641582016e+01 6.274952531289012825e+01 7.487494245907468837e+01 6.660088703442040980e+01 5.271707158597898513e+01 6.694889637311334241e+01
4.364784840791047053e-03 1.414650040857186575e+01 3.414650040857257096e+01 4.099778089429458561e+01 4.696564454938867783e+01 4.155587861860315257e+01 3.276449200771735804e+01 2.235314266798753380e+01 2.995204289416414767e+01 5.017033101769117565e+01 6.031273937946604491e+01 6.866818786209675807e+01 6.939554778807371349e+01 8.956423993925700699e+01 8.602968073343367905e+01 7.193287141459887835e+01 7.256199216466774260e+01 6.672315516194970542e+01 8.081721044347909810e+01 8.769601750804892504e+01 7.941499107591818074e+01 8.769601750804892504e+01 8.481447898812837138e+01 6.483748644150571749e+01 5.318813065871540147e+01 4.484106002947856950e+01 4.435801103280368096e+01 6.455374973720263654e+01 4.884628775468446804e+01 4.697592266478152112e+01 5.464568107767043159e+01 3.924418492940100833e+01 5.877194650583252411e+01 6.089004352051298952e+01 4.640995476922361007e+01 6.660088703442040980e+01 8.105977037394326601e+01
5.219006137575642711e-03 2.000521900613722082e+01 2.549765705284754702e+01 1.982619442320024561e+01 3.024033048971035953e+01 2.821572830720304026e+01 1.742012159646090907e+01 3.822664250339751391e+01 2.924764465298694915e+01 3.444601585956715439e+01 4.003470336036285460e+01 4.908577075807583867e+01 6.347216133870459487e+01 8.369586768922528108e+01 9.071542999860176337e+01 9.187812650519232704e+01 9.249799102546705853e+01 8.665819164511546546e+01 8.106345195905318235e+01 7.277549059159551348e+01 5.935270375258918563e+01 7.767514282915718127e+01 8.047406962742547876e+01 8.154195043520836350e+01 6.907740805029021658e+01 4.890201788591888032e+01 3.705606456637119805e+01 5.187235391252610839e+01 4.536916265845994900e+01 3.249162559749783696e+01 3.424478090168545208e+01 3.630996040306573036e+01 3.841618948450495452e+01 4.057401234364388642e+01 6.088918322059962662e+01 6.723985285460845773e+01 7.017316625729682755e+01
