LEM/sinusoidal_perturbations/elevation_000540.asc
nrows	100
cellsize	150.0
xllcorner	0
ncols	100
yllcorner	0
NODATA_value	-9999
[rows 17 to 33 of 100, columns 0 to 36 of 100]
5.222468517465790779e-03 2.000522246851711117e+01 3.585089398373641245e+01 4.479516589373541535e+01 5.634217127752772569e+01 6.223017851528374678e+01 7.046539305582830082e+01 7.169397677981709194e+01 6.340604605646436909e+01 5.047639976885602664e+01 5.047639976866749834e+01 7.047750309238855948e+01 7.996001854996427483e+01 7.165524024263608283e+01 7.996006470657501097e+01 7.583352452109306796e+01 5.413279133837738755e+01 3.947494634454082529e+01 5.109111446326727446e+01 4.379795515898364044e+01 2.331038800524823884e+01 3.841765854773511535e+01 3.841765854773494482e+01 4.498406189378273723e+01 3.618100173427125554e+01 1.974566029288965652e+01 2.988355921132923854e+01 5.091319056271986199e+01 6.636014855827707493e+01 6.687945315493493581e+01 4.915747845350499290e+01 4.978867474654224168e+01 3.146204127359423097e+01 5.160886607906081736e+01 6.411250672567251740e+01 7.018024542366188712e+01 7.741185418410999830e+01
7.333276091007126865e-03 7.566622736275518513e+00 1.651089464627451875e+01 2.805790003006682909e+01 4.805790003006611499e+01 4.238768473076571297e+01 5.411589184031505084e+01 6.230411162961671323e+01 7.370568473252041031e+01 7.047750420897249057e+01 7.047750369545811111e+01 7.876645658550864937e+01 6.977671832936391638e+01 5.115726899525004967e+01 6.977671832936391638e+01 8.031571618163454218e+01 6.963635968743940907e+01 5.109111446326727446e+01 3.037258721830201225e+01 4.326024566890357193e+01 3.841762783480037768e+01 1.804763390578745330e+01 3.347720192287966512e+01 3.446011398379462776e+01 1.567040564522069879e+01 3.618100173427125554e+01 4.716262111672926238e+01 5.091309959282986597e+01 7.239051521303268544e+01 5.775040861770934697e+01 3.840986362092294826e+01 2.963020498286927307e+01 4.845265611997934485e+01 3.893510824027215023e+01 4.451662645364852011e+01 5.067097918290289016e+01 5.779297815029448770e+01
6.343274376862209282e-03 2.000634327437650839e+01 2.790595392552948439e+01 3.215342361943434213e+01 3.671685290240516508e+01 3.089414661656369532e+01 3.432113330741123036e+01 4.577764836536531590e+01 6.550614425003614372e+01 6.853278397870660399e+01 5.997075174225779648e+01 6.853278397870658978e+01 6.140625443549518536e+01 3.979468345896582093e+01 5.284334277592609652e+01 6.952246413726300034e+01 6.221008392762388439e+01 6.009853899118684950e+01 4.326024781381347140e+01 2.275335891619932838e+01 3.642356977872593404e+01 3.210509627993712911e+01 1.318269682695227374e+01 1.421199133230369860e+01 3.208204999797105472e+01 1.723541085735315548e+01 3.852295692928269233e+01 5.420597139976815981e+01 6.273558835821650348e+01 6.343667415441615276e+01 4.648859551831733938e+01 2.836988901265387497e+01 4.852175780141149630e+01 5.874817970972627990e+01 6.411869059311719354e+01 7.018024542366188712e+01 7.741185418410999830e+01
3.497053469895897767e-03 3.925819676107165979e+00 7.925818278701779462e+00 1.218981734881262824e+01 1.677801735438651676e+01 2.280694527010019357e+01 3.687508563243265769e+01 5.647528421919852804e+01 6.337891449148231260e+01 5.804958181177766363e+01 3.888181061556660012e+01 5.804958181177766363e+01 5.376541098856907297e+01 3.125557695987524198e+01 5.376541098850236722e+01 5.772456272966019952e+01 3.996083734706427748e+01 5.772456246399847402e+01 5.215398005589653252e+01 3.642461844593478304e+01 1.607516571814030470e+01 1.178712266430001776e+01 3.120764470223410569e+01 3.443245096939850924e+01 3.820524250216665507e+01 1.834473860875511875e+01 3.841112197858549848e+01 3.411188439840690734e+01 5.420597139976807455e+01 5.402534633913996487e+01 4.557902689960276632e+01 2.712317731752892769e+01 4.726546831077742894e+01 5.989161832558660592e+01 6.847371515763070704e+01 7.755230987629745698e+01 8.953309529870828953e+01
9.635555453094322986e-03 2.000963555545273920e+01 2.790595392552948439e+01 3.215342361943434213e+01 3.089414661656369532e+01 4.228067635942578306e+01 5.088010296377057529e+01 5.778652096024917029e+01 4.378118747549336831e+01 4.942325487559433839e+01 2.777067209376422596e+01 4.772242956896950972e+01 3.915172929355621534e+01 2.435303198242834810e+01 4.757117998486096866e+01 4.843197498011202384e+01 2.809851136184301623e+01 4.843197497773452653e+01 5.345243000130108157e+01 4.522097501280725851e+01 3.301749716760274822e+01 1.081600112738804853e+01 2.258010927037937421e+01 3.415562177144293088e+01 4.683177952826231660e+01 3.841112197858549138e+01 1.992321424647358441e+01 3.999730621935297137e+01 4.275526852162733604e+01 4.391037132486032135e+01 2.545434685437631828e+01 4.556524715944637904e+01 3.275280228768547630e+01 3.994794174633292982e+01 4.884327261173545764e+01 6.018628429602652119e+01 8.067699745209124274e+01
8.845047570523793118e-03 2.000884504757016913e+01 3.463839114422152221e+01 4.292287125778954504e+01 5.077410938739878077e+01 5.469948448008495490e+01 4.695162383852676413e+01 4.952014753554127680e+01 3.109839499212486302e+01 3.782531993221392952e+01 1.996213099239697542e+01 3.203778474799378273e+01 1.487231008943159516e+01 3.655514308273991020e+01 3.541167290049097716e+01 3.694002579453736956e+01 2.086847987623799483e+01 3.637400248602708785e+01 3.543341895931975216e+01 4.679922167706375546e+01 3.945404638218310822e+01 2.789162632911677520e+01 9.454694217615228879e+00 2.375492853572816543e+01 4.422244041427182992e+01 4.837580725864753362e+01 3.410615478124179845e+01 2.152202899979372575e+01 2.266045541133081898e+01 2.380319838731449167e+01 3.674048529742370306e+01 5.073341755568926459e+01 5.283517501863077115e+01 3.994789607155516364e+01 4.884201387516942816e+01 6.017478151794544772e+01 8.062055227461510754e+01
8.023991185656003874e-03 7.079091803051161591e+00 1.463838126323580546e+01 2.878051700646611266e+01 4.878055033426522158e+01 4.362860502107499627e+01 3.076208488345674397e+01 3.430981564342331325e+01 3.671877104587814955e+01 1.952548014301046209e+01 2.964438345970094701e+01 1.007444916865341256e+01 2.756765160855287888e+01 6.452330303268433376e+00 1.254216924753780660e+01 1.218268523759927469e+01 1.874342098626422981e+01 1.668706475023281044e+01 2.738619042036657447e+01 2.303372233164103378e+01 2.839449843380835148e+01 8.318519528104499017e+00 2.371575491139153868e+01 2.794050802038758263e+01 4.601553534974807036e+01 6.242507822262734152e+01 4.996027247272438387e+01 3.312267786396073177e+01 4.273881987321593812e+01 3.049213609507624057e+01 4.998216698738811914e+01 6.329333502343988727e+01 6.693807940556882841e+01 4.700993575504487865e+01 5.988346191650997241e+01 7.750830279793341049e+01 8.946666357025991090e+01
4.598823041778624977e-03 2.000459882304142312e+01 3.463839114422152221e+01 4.292244682116079701e+01 3.578987944238959074e+01 2.387100033746235894e+01 2.649886633028221894e+01 1.949832659369720744e+01 2.736083723374914456e+01 2.460417724846253407e+01 4.080893468128902413e+00 4.366765623224995174e+00 4.674416719758617944e+00 5.003126729802689354e+00 1.048078499364794958e+01 2.066115858822040252e+01 6.224390316700091574e+00 6.540160654817119834e+00 6.858216925116807694e+00 7.178832376985466723e+00 7.502083750719798161e+00 7.847390601305046509e+00 2.706785949806468494e+01 2.819100648912466767e+01 4.771983389613593118e+01 5.866246818212729153e+01 6.171117948983992818e+01 5.319726658126426599e+01 5.838749726463886702e+01 4.693110625192159091e+01 4.169254321000746444e+01 6.008942889382581143e+01 7.561565444604688935e+01 5.679788627539831225e+01 7.561565444604688935e+01 8.910832553766603326e+01 8.107147058089377367e+01
7.340434288523949372e-03 1.415809657599898408e+01 3.432516887096522851e+01 3.805961713595123541e+01 2.387382181041902030e+01 1.226491437199127077e+01 9.815805575389822124e+00 1.992957733559288869e+01 2.235888889157677895e+01 3.670690133769355157e+00 4.523568073039017534e+00 7.751275038947998297e+00 1.928168902537348117e+01 2.141243306669056068e+01 5.462882828326541151e+00 5.779757194585470437e+00 8.603085921635463151e+00 2.168635937132351543e+01 2.529126185546354577e+01 2.612773340673039257e+01 1.908284085622695514e+01 2.705019775134446647e+01 8.336707895407776903e+00 2.830047536678142706e+01 3.662389919456295928e+01 3.864490041364128814e+01 4.234968545906654214e+01 5.116880181884017986e+01 6.202093980296685061e+01 6.525229071469188113e+01 6.008942889382581143e+01 6.926201360846208388e+01 8.590743360200360712e+01 7.708530951552987176e+01 8.590743360200360712e+01 8.885283061990595854e+01 7.216594619097401164e+01
3.515918393995972821e-03 1.991499975120617805e+01 3.234105968058579350e+01 2.419152170469428498e+01 7.951045314612959380e+00 3.353701831385796694e+00 2.604482125412230342e+00 2.922489679606008028e+00 3.234098231365214016e+00 1.431309291627322544e+01 2.012967626680714517e+01 2.342368705817248653e+01 1.304907907991129612e+01 3.022495772590310636e+01 1.348843066725632234e+01 2.739135916510831947e+01 1.149146963187753556e+01 1.315934216475452700e+01 2.483416100410607186e+01 3.910454172331617428e+01 3.262816980394862298e+01 3.562800044857175408e+01 2.835719162171370300e+01 8.822823598736921014e+00 1.997414896882796498e+01 3.138905111255915159e+01 2.199344333747723468e+01 3.208481968535321016e+01 4.659882940462066614e+01 6.879271512247403564e+01 7.392548222868522600e+01 7.392548222868522600e+01 8.257594801734525447e+01 7.643841756006834487e+01 6.761113069351158344e+01 6.761113069351158344e+01 7.216594619097401164e+01
4.608085242692564441e-03 2.000459701771937659e+01 2.429047487238372227e+01 7.487491586443606906e+00 8.505025050125365027e+00 2.143617857710503394e+00 2.111080614381708642e+01 1.416629297302748292e+01 4.840031236169115125e+00 1.089287228011407116e+01 2.037818258077675537e+01 2.803813991907519210e+01 1.780670748826126371e+01 3.545189512843751345e+01 2.185596435316028874e+01 3.772197298833202694e+01 3.072881909811519918e+01 3.248177429442184661e+01 1.975765871431581289e+01 3.818312533662388830e+01 5.003192416466607284e+01 3.952970675580305482e+01 1.949291059444083629e+01 2.194395225779897274e+01 9.303379531923063439e+00 1.127407545965900404e+01 3.139771218867686642e+01 4.702231827957678689e+01 5.888019573668957207e+01 6.671771290295632184e+01 5.259429783818148962e+01 5.259429783818148962e+01 7.392548222868522600e+01 6.719295552029294072e+01 4.705106236576362022e+01 6.719295552029294072e+01 7.277082378584108824e+01
1.610643649003322799e-03 2.874790722707760260e+00 2.376661823131314932e+01 2.153421635227206821e+01 1.673198915024317834e+00 2.173998600028256689e+01 1.995885171196946573e+01 2.998156956203669310e+01 3.157726830019777253e+01 1.631855359607840228e+01 2.143040141783680497e+01 3.450285325869027275e+01 3.637175725090364864e+01 2.640258546052866961e+01 4.156630579307808659e+01 3.397712774014729575e+01 5.202217850294977808e+01 4.409166355618250321e+01 2.508657462633776447e+01 4.409166324571643258e+01 5.401166820336631247e+01 3.359021982715840693e+01 3.954675835413294038e+01 3.657195203059848865e+01 2.938051728041343935e+01 9.778224560222648520e+00 1.804377585852505206e+01 2.983389511906396763e+01 5.031848583949395248e+01 5.884205709541938489e+01 3.723127090778361037e+01 5.884205709541938489e+01 6.838822833818916536e+01 5.844442057794655199e+01 3.810141275508394187e+01 5.844442057794655199e+01 7.270896399627237372e+01
2.022278438842990342e-03 1.819339508453101217e+00 1.096251315594527398e+01 1.486614793322295824e+01 1.352906291035270048e+00 1.341476208344240106e+01 3.439160924792826535e+01 3.573331789657827784e+01 4.754711238275599783e+01 2.316686531734976029e+01 3.379042709665920796e+01 5.060812520968150352e+01 5.182529973222284525e+01 3.330967581223521989e+01 5.258473532709999176e+01 4.467246763311691637e+01 6.021715935887940674e+01 5.109758598015766040e+01 3.124307417801459152e+01 5.109759877057346955e+01 6.277730421285026807e+01 5.401166820054604045e+01 4.455464619543646165e+01 3.576578371244697507e+01 3.011324340584838311e+01 1.011160673441116131e+01 3.016253790054902240e+01 4.493273496180169957e+01 5.017546500790354003e+01 4.320749901962594919e+01 3.038380625599562634e+01 5.191862380603717497e+01 5.323727872044202059e+01 3.864679280537431794e+01 3.174142713257846538e+01 4.334051505018440764e+01 6.385604121235653707e+01
6.642187732006160465e-03 3.093508826937679812e-01 6.125696989833461226e-01 9.189743781968672254e-01 1.356980772910311384e+00 2.120500299881161510e+01 4.339081596913450056e+01 5.000721791891783852e+01 6.056563063275058312e+01 4.978649710666567074e+01 5.696609810695418474e+01 6.611005655670363979e+01 6.173578020773667419e+01 4.474741256542960599e+01 6.170376489837217804e+01 6.302426564052610303e+01 7.090490960601132997e+01 6.040683023688315245e+01 4.111674070375782009e+01 6.040686997928516178e+01 6.179036314070142311e+01 5.039026062246803406e+01 2.977020753085885829e+01 1.541933712423033498e+01 1.193416891978820082e+01 1.044345095648007593e+01 3.051448351576403795e+01 3.264936884014117169e+01 4.174556655833982433e+01 2.178512910887452847e+01 4.052359659502288736e+01 3.644812509398277456e+01 3.816875361813151812e+01 2.425394246302427348e+01 4.460985029329716411e+01 6.071934492045669884e+01 6.084491300304453887e+01
1.591255364720534126e-03 1.454745823163061935e+01 4.291619996630725353e+00 2.135255348332314895e+01 2.712004208405815220e+01 3.889532630280181991e+01 4.567758772000670575e+01 6.550777574409542581e+01 7.807937506342000233e+01 7.394055959568734693e+01 7.240269220855898880e+01 7.756340452482011472e+01 7.385192525812810516e+01 6.639114618128833456e+01 7.094627025503392304e+01 7.807222659381994845e+01 8.155183257177580458e+01 7.190951391282133898e+01 5.924672086848313057e+01 6.597088608597832149e+01 4.538131319282799581e+01 3.182231812688788608e+01 2.172733732947138208e+01 3.119158396773979192e+01 2.593819437988702958e+01 3.005018188236816101e+01 1.091513892296406496e+01 3.088089465268685174e+01 3.178653985002341287e+01 1.684437062176059285e+01 2.740679548575477398e+01 1.790370772090436091e+01 1.753243732551386813e+01 2.955073040683321040e+01 4.387849644066882604e+01 6.445539399541438286e+01 5.218875689030931397e+01
6.189296070378335485e-03 2.000590827976825281e+01 2.420547289308091976e+01 9.630013293737963664e+00 2.930226824232951088e+01 3.038043887386699282e+01 4.737690173326937781e+01 6.232218299246768822e+01 7.694540463126075736e+01 6.740375647804074788e+01 5.671815114077624997e+01 7.026552766438064168e+01 7.110968353052714974e+01 6.468295796602502890e+01 5.450590852823859933e+01 6.591920242093412696e+01 6.570155344609015913e+01 7.775618266234945963e+01 8.200303630050551362e+01 7.212408967186185293e+01 4.729696528503903608e+01 3.311705505365041802e+01 2.906226640904023029e+01 4.416833705079827865e+01 4.718023448418068710e+01 3.367383991877900229e+01 1.307393591043405756e+01 1.139057347339251791e+01 1.173001025385830687e+01 1.207162168814281422e+01 1.241537024669549538e+01 1.275931953316522005e+01 1.320093114647641563e+01 3.578160288873611705e+01 5.213704767189047828e+01 4.646876857291523777e+01 4.973144314334805216e+01
2.247884206357958405e-03 2.000224788420600319e+01 3.720556393643078508e+01 2.914422015339887650e+01 1.536568616410359489e+01 2.426558481578863180e+01 3.421561291615358158e+01 4.990717143606210726e+01 6.923916263952781947e+01 6.360755703754959001e+01 4.730130058837514184e+01 5.648039345359341468e+01 5.466187968894104898e+01 5.479470417859798204e+01 4.309320113930891694e+01 4.837512458703977103e+01 5.517458874066491603e+01 6.488189855644492354e+01 7.936678398616892594e+01 7.988224756987746389e+01 6.534533806436853354e+01 4.961055540403692277e+01 3.801387498965900846e+01 5.559571013050484822e+01 5.412699490033676852e+01 3.163506540510924125e+01 3.369430491347930001e+01 1.584891390111125276e+01 3.166486633108045723e+01 3.194659928552118444e+01 3.185469706974166471e+01 3.279535629909510419e+01 1.323614043793218897e+01 3.148906691671621516e+01 4.016247746802923757e+01 2.493389041501374237e+01 3.369259034972231603e+01
