LEM/sinusoidal_perturbations/elevation_000995.asc
nrows	100
cellsize	150.0
xllcorner	0
ncols	100
yllcorner	0
NODATA_value	-9999
[rows 34 to 50 of 100, columns 0 to 36 of 100]
2.064481644892168701e-03 1.414420010537596717e+01 3.414420010537666883e+01 4.218920155422573259e+01 4.370897689222373117e+01 2.593964300741009055e+01 3.880183669194094875e+01 3.041645932757451476e+01 4.256247062601920561e+01 5.750499310588441659e+01 7.079817761841988499e+01 7.918601103206945879e+01 8.311433633666226228e+01 6.126788923126518682e+01 4.831530535418336569e+01 5.930554514833696800e+01 6.786840673046606298e+01 6.299903287030501531e+01 4.215075128707310625e+01 2.693750101757030890e+01 3.321921155356972122e+01 3.977234193983851895e+01 4.732411613177942655e+01 5.935244731011253094e+01 7.969027294585212928e+01 8.569440316117966461e+01 6.904659268241107384e+01 8.569440316117966461e+01 8.623035659067018344e+01 7.801580688219564763e+01 6.633880724053254596e+01 5.421500144704706514e+01 4.186898056352425357e+01 2.261314621346308940e+01 2.607959042551744488e+01 1.961754354138179579e+01 1.993341900157646762e+01
2.905961989428186391e-03 2.000290596198907167e+01 2.526940436036297655e+01 2.211391834474147089e+01 3.088838475841281195e+01 1.514440514831467866e+01 1.853515483739622383e+01 2.245747094380326558e+01 3.287839998532378871e+01 5.366894385072426843e+01 5.073348824418188485e+01 6.939599409156936360e+01 7.836549495388288733e+01 7.789839157241307532e+01 6.069732378026650110e+01 7.789839157241307532e+01 7.989120770930887261e+01 5.944502642144817628e+01 5.089702814247967666e+01 2.961301794096430484e+01 5.089702814247967666e+01 6.065650062027282274e+01 6.794822384032626417e+01 7.637023919959068508e+01 8.811077891310543464e+01 9.717969345844177553e+01 8.896546943997741153e+01 8.388384141822081119e+01 7.542492072178549734e+01 7.542490742606598531e+01 5.789497324586978522e+01 3.766547529552671136e+01 2.622750971711014145e+01 4.250327890381810647e+01 4.379895442259740435e+01 3.945026387971947202e+01 3.970482412325606703e+01
3.542675937824442140e-03 2.586235383507136998e+00 5.193482755257820216e+00 7.875478882859621166e+00 1.072314976590475588e+01 3.088806436142993661e+01 3.880153142561898250e+01 4.256250484248221255e+01 2.902859880714855478e+01 3.440131000672556638e+01 4.106521912808882036e+01 5.000144760863418725e+01 6.416783348038295287e+01 8.424354017000158024e+01 8.131545465452070687e+01 8.976536684116179288e+01 7.886709695370937823e+01 5.944502642144939131e+01 3.850679231153937820e+01 5.089702813795078384e+01 3.405255100812282620e+01 5.516172538492261168e+01 6.851191646933033041e+01 7.621538441356933902e+01 8.462496748768147370e+01 9.631602942153891433e+01 9.143689347672763290e+01 7.542492114059606934e+01 5.504221330896127284e+01 5.504221329921474393e+01 5.667400487993975133e+01 4.897113417306975691e+01 2.890958034646194008e+01 4.897113417306975691e+01 5.796761267247994454e+01 4.484188736516441054e+01 2.490325771666598698e+01
3.411803931810562015e-03 2.000341180393145635e+01 2.526940436036297655e+01 1.950595571426269359e+01 3.088639192785196741e+01 2.500108832670592918e+01 4.508591465791140962e+01 5.736595685115106846e+01 4.060057132714446482e+01 5.441062497868863801e+01 6.108283835686363261e+01 6.939599409156936360e+01 7.836549495388483422e+01 7.973067746471070905e+01 8.798723392715126579e+01 8.479716552876401181e+01 6.449467016877636638e+01 4.986930095548289188e+01 5.944502642144939131e+01 5.898434568369650322e+01 3.804699174946240703e+01 4.148627056142727554e+01 4.791323683538044520e+01 5.583392822052767457e+01 6.767888725554318796e+01 8.787645919288357277e+01 8.297286041713785210e+01 6.258203075696005868e+01 5.082413016468816380e+01 4.066437387682281468e+01 3.640119208497649339e+01 3.291087981128723072e+01 4.896823567792356613e+01 5.739565112158106786e+01 4.958612964173314452e+01 2.960849173821572577e+01 4.484188739158473425e+01
3.327314952832964925e-03 2.000332731495247884e+01 3.723532310580652904e+01 3.959739598267350402e+01 4.789082427582901857e+01 4.508599954364365914e+01 5.333779852820789813e+01 5.780103442234871380e+01 6.062205759360315227e+01 6.893448868388071560e+01 7.593868500528337506e+01 6.767456257627775074e+01 7.593868500528337506e+01 5.970438955512463508e+01 7.644081119547794856e+01 8.798723405022113297e+01 7.044113336623010468e+01 7.044113338469938412e+01 6.462416966866139489e+01 4.390213289805689811e+01 5.898434568485938456e+01 5.631882357387882365e+01 5.855729994205140088e+01 6.851191646933033041e+01 8.462496748768147370e+01 9.183742306001775546e+01 7.142191782880759376e+01 5.702560821701015215e+01 4.932506419103001605e+01 4.719443025726331342e+01 5.667400487993975133e+01 3.803313527122716664e+01 5.833067151708460329e+01 5.719594844752319318e+01 3.706226036514011923e+01 4.958612964173314452e+01 3.637670880107355487e+01
6.779948344387334673e-03 8.951051858343623380e+00 2.309318748207482486e+01 4.309318748207552829e+01 5.088122174820636445e+01 4.259874138371289831e+01 4.181289414311486041e+01 3.841698966968190376e+01 5.276727566438017902e+01 6.441570551547823698e+01 6.594707356636760665e+01 4.767814019152957172e+01 5.812011346952333213e+01 4.807173220534368596e+01 5.970438955512464929e+01 7.973067749892911138e+01 9.074302498622233770e+01 8.307904528567210889e+01 6.280143440135979915e+01 4.815841156271277868e+01 6.874060490570413151e+01 7.674388341652912970e+01 7.895954070033710082e+01 8.739071914928858575e+01 9.725362033504141834e+01 9.183742314924596428e+01 7.142191782883648443e+01 6.970012475472746871e+01 6.970012485620911491e+01 5.549992179191353614e+01 6.397832600516890267e+01 4.361732286806820724e+01 6.397832600516890267e+01 6.303103678242024444e+01 4.281769785703190223e+01 6.303103678242024444e+01 5.634861705215116245e+01
9.516927588586143695e-04 2.000095169275850182e+01 3.723532310580652904e+01 5.055362064610723394e+01 3.920269595208674929e+01 2.259144357114632840e+01 2.127174214905758376e+01 2.748747810507478917e+01 3.763711490486795697e+01 5.528349424157962488e+01 5.485025177375604954e+01 3.765203972733655746e+01 3.801966651038808465e+01 5.812011346954597002e+01 7.076443040623703951e+01 7.904357925012647001e+01 8.904211548193308090e+01 8.847613253742981954e+01 6.828209071889082793e+01 5.378163709552689653e+01 5.928704110667535332e+01 6.951129553550975970e+01 8.376496695984870655e+01 1.039655542380225910e+02 1.097486466215856638e+02 1.003038887723165828e+02 9.183742313830676096e+01 9.010875220692689425e+01 8.433964425043373581e+01 6.568006869691873817e+01 7.042088388736974025e+01 5.004772702214444280e+01 7.042088388736974025e+01 6.977997233929609422e+01 4.953316566866864434e+01 6.977997233929609422e+01 6.925618855502536064e+01
1.945935296826602993e-03 1.414408155902790121e+01 3.414408155902860642e+01 3.643354258675535817e+01 2.229456357052428217e+01 1.092596681250698154e+01 1.293625209699225742e+01 3.295321812146418949e+01 2.663258261588610409e+01 4.056221859345287584e+01 3.665192677619523209e+01 2.947246180619253764e+01 4.954925408497362582e+01 6.006292431460121151e+01 5.074374574754919109e+01 6.076198439613354907e+01 8.076687641634073600e+01 8.847613467360130812e+01 6.828209072272757396e+01 6.160966352820722847e+01 7.959643882200319354e+01 8.800918192554748032e+01 9.812600585829022748e+01 1.038883395638849407e+02 8.967654316877921872e+01 1.038883398950264478e+02 1.039537372723730186e+02 9.562220149534327618e+01 9.454490499119485492e+01 8.009141209645324011e+01 7.812186759114744916e+01 5.774697986039066677e+01 7.812186759114744916e+01 7.818796866395597078e+01 5.965097715079652119e+01 7.818796866395597078e+01 7.651791041706295005e+01
5.600688922766023682e-03 2.000560068892241006e+01 2.362226845852109491e+01 2.545567054752408964e+01 8.152465831380812489e+00 2.815247064676766797e+01 3.226618817918588178e+01 1.592369468277462552e+01 1.812978465249912574e+01 2.050786174115464888e+01 2.294343004589931923e+01 4.299086889556234325e+01 5.221160096418551433e+01 4.004589882895299269e+01 5.160178101008850149e+01 7.162106101362611810e+01 8.904211548193308090e+01 9.691651364768739541e+01 8.847613467360130812e+01 7.594424890055344690e+01 7.594424890055344690e+01 9.609082450480164539e+01 1.046277901221147886e+02 9.493716660294556675e+01 7.558225919229727197e+01 9.493716660294556675e+01 9.239593000820042334e+01 7.564300692971734463e+01 9.239593000820042334e+01 1.005355442762143525e+02 8.658433793685232160e+01 7.214146555462561139e+01 8.658433793685232160e+01 8.832618596683738588e+01 7.990896752779556778e+01 8.832618596683738588e+01 8.544503795083024045e+01
8.215197286175309616e-03 1.811554466621038140e+00 3.622269387471405366e+00 5.455666381527820796e+00 2.545567054752408964e+01 3.643677435810466392e+01 4.262985977178902175e+01 2.490419157033154818e+01 2.635440997921918793e+01 4.056221859345287584e+01 4.299086889556234325e+01 2.719530660218693541e+01 3.220690393594109224e+01 5.221160096418551433e+01 6.834724759407595229e+01 7.989991063799263316e+01 8.043573075878786938e+01 8.874364491859419957e+01 1.002912079039913067e+02 9.609082450480165960e+01 9.609082450480164539e+01 1.045659978058012030e+02 9.629743862771330498e+01 7.631290424200895472e+01 6.669398481624271824e+01 8.662320954955524144e+01 8.408720813468720223e+01 6.415800556857345782e+01 8.408720813468720223e+01 9.704737881448021142e+01 8.871245318177331285e+01 9.255983529616187866e+01 9.076756056170945897e+01 8.244410312991766432e+01 9.076756056170945897e+01 9.277211037577018260e+01 9.503950039830006347e+01
2.613274238814250559e-03 2.000261327423845970e+01 2.362226845852109491e+01 1.959770635706317066e+01 1.959780524831245074e+01 3.959794827395595718e+01 4.475947972670618924e+01 3.903081026377542884e+01 4.047967775329972540e+01 4.264710876362379821e+01 5.549668300333333093e+01 4.721042670712438394e+01 3.275310960350231682e+01 5.261786483652724655e+01 6.416926591677201941e+01 6.986509514748702543e+01 6.065988234982817318e+01 7.200557081711542651e+01 9.195154339707836755e+01 9.590730945763741033e+01 8.760007575991546958e+01 9.590730945763741033e+01 9.410226428020517631e+01 7.413055699979322810e+01 6.005522823030155877e+01 7.998013463035312043e+01 7.704117099561759119e+01 5.710956669368894012e+01 7.704117099561759119e+01 8.551129834909222893e+01 6.878986804259093901e+01 8.551129834909222893e+01 8.078570055866411792e+01 6.253459697367711811e+01 7.646073883970250051e+01 7.279484174160866417e+01 9.277211037577018260e+01
7.532853315450405325e-03 1.414967843667249880e+01 3.415042189330230116e+01 3.958989214853293959e+01 3.959766389178126644e+01 4.788249131469831354e+01 6.466961711908875543e+01 5.947548854790927209e+01 6.027500846548611690e+01 6.243141108234555503e+01 7.060661056688901738e+01 6.084688810755459087e+01 4.425192097150377890e+01 3.906745416037273344e+01 4.439583801589022727e+01 5.013416390981827675e+01 6.986509514748702543e+01 8.874364491859419957e+01 8.880024998218328847e+01 8.589671226547491756e+01 6.759306482441691344e+01 8.589671226547491756e+01 8.910933744905210574e+01 6.915417678962259629e+01 5.506361598170558125e+01 7.499890802710251592e+01 7.103156618295112423e+01 5.108572830078021809e+01 7.103156618295112423e+01 7.721014328871318355e+01 5.730900052161531733e+01 7.721014266003747650e+01 7.248934561545263477e+01 5.260080332864782804e+01 5.656197181161722654e+01 7.646073883970250051e+01 9.103183409213286836e+01
6.101047412966256744e-03 1.414823667114404238e+01 3.414823667114474404e+01 4.116701613440674379e+01 4.084170241072748553e+01 4.864436932007390624e+01 5.414508967580585619e+01 5.732623319762375758e+01 6.180455131004691083e+01 6.399430236613478229e+01 7.228202282143774937e+01 7.229572154297915176e+01 6.404595668111269902e+01 5.309064842945895890e+01 5.525157396230156337e+01 6.986509514748702543e+01 7.812898039917267567e+01 8.294750450060355718e+01 6.878849449694946827e+01 7.614372303604591252e+01 5.760514428928930641e+01 7.759657029216614887e+01 8.464722786761109319e+01 6.469835022340923558e+01 5.059399194500258545e+01 6.478296633670549909e+01 6.107629362116151128e+01 4.574190879240983065e+01 6.570081677957823274e+01 7.017402658556538597e+01 5.025786705513964137e+01 6.126724906598187914e+01 6.023408639704733503e+01 4.508063466293646826e+01 6.497218033949583571e+01 6.279715116368553396e+01 7.270663871757862751e+01
6.842009524227352091e-03 2.000684200952387215e+01 2.469978009863147150e+01 2.124563177376810330e+01 2.119582325345444218e+01 4.026571070251234374e+01 3.328524514854056804e+01 3.730055359331714726e+01 4.177689775596876842e+01 4.396795933990240712e+01 5.877828210520612373e+01 6.545618204883781743e+01 7.374301730234493846e+01 7.287241945553229527e+01 7.504968494673023827e+01 8.333143864564094372e+01 8.541749339164596222e+01 7.464978116450429013e+01 5.465621869108112918e+01 5.614820276323049342e+01 5.053850066518059947e+01 6.466954026065920402e+01 8.467339562177262735e+01 7.882757810823967759e+01 6.478296619022634673e+01 4.482192288434914218e+01 4.110605249528538252e+01 4.073995309210898341e+01 6.071107847401417246e+01 7.226664036243869305e+01 6.126666815333102534e+01 4.132683936938875036e+01 4.030861461525788059e+01 6.023409321297820185e+01 5.136539015898561900e+01 6.537302846140619295e+01 8.529707038887750059e+01
1.934550753332892102e-03 2.342757494675948848e+00 4.699780098631117120e+00 7.107497160346511578e+00 2.689890851646743641e+01 3.338398129003493864e+01 1.897862613731827963e+01 2.314899844216913394e+01 2.762145461025557935e+01 3.296808519069696786e+01 3.874572838829377019e+01 4.542248221794272922e+01 5.544505008301529614e+01 6.960863205564045586e+01 8.961142345775706985e+01 7.882927471109384499e+01 7.053502132924556633e+01 5.712117853687987434e+01 6.200452863890581057e+01 4.200736826201505636e+01 5.614820194784470431e+01 7.614349567603008495e+01 8.118026505418222882e+01 7.292066736056494847e+01 7.306442104341039112e+01 6.478296633670537119e+01 5.600384730108433473e+01 3.601298733590088119e+01 5.593351807495815819e+01 5.198631782167770865e+01 5.192975731453036303e+01 3.576909658295306116e+01 5.573627510229414384e+01 6.382487171933081527e+01 6.727154348857361299e+01 6.020872081650398400e+01 6.718234556070153474e+01
4.364784840791047053e-03 2.000436478484043690e+01 2.469978009863147150e+01 2.704018333726981638e+01 1.075898089943698466e+01 1.343159337946813103e+01 1.790373364195112416e+01 2.249208369246360917e+01 4.249411222172466296e+01 5.299538196469862328e+01 5.877828210520612373e+01 6.545618204883781743e+01 7.374301730234493846e+01 8.375050787808761754e+01 8.468093680118599309e+01 6.467559129338033586e+01 5.054257914683301323e+01 4.297850319459824675e+01 5.403410956265814491e+01 3.773220982816041413e+01 5.188458369477529430e+01 7.188148590740286181e+01 6.971164316874775579e+01 5.308799338195178308e+01 6.971164316874775579e+01 6.734968909027269035e+01 4.738414260286900515e+01 3.322088668351220520e+01 4.941635371913358910e+01 4.913237407634333209e+01 3.189371727345424290e+01 3.445449280124582714e+01 5.447605737253488911e+01 6.646030292848413978e+01 7.982011486710008796e+01 8.003042820569417870e+01 8.705795075049235265e+01
5.219006137575642711e-03 2.000521900613722082e+01 3.829072635645414380e+01 3.913462447700327829e+01 2.491674527037523745e+01 3.343285126425986675e+01 2.412263441970466005e+01 4.249411222172455638e+01 2.956374559164041926e+01 3.588978606014955375e+01 4.744125006274366996e+01 6.158122057163302543e+01 8.156126483298177732e+01 8.358531557070081419e+01 7.527732381962690056e+01 7.882927471109384499e+01 7.053502132924556633e+01 5.403427842141845616e+01 3.401072358111874649e+01 3.371487729282888068e+01 4.788169103152455364e+01 6.788262949669821467e+01 6.147026770026253217e+01 4.157204065548871341e+01 6.147026770026253217e+01 5.611738865578207225e+01 5.751270742148231818e+01 4.941635580620575041e+01 2.937580270685452177e+01 2.928891674785311849e+01 4.933469452638831143e+01 5.447507716658503085e+01 3.815472586442861314e+01 5.296043587853660028e+01 7.016988219712314390e+01 8.029425483000520103e+01 8.860364387574814771e+01
