LEM/sinusoidal_perturbations/elevation_000611.asc
nrows	100
cellsize	150.0
xllcorner	0
ncols	100
yllcorner	0
NODATA_value	-9999
[rows 34 to 50 of 100, columns 37 to 73 of 100]
5.003572078021511516e+01 6.812987784063666652e+01 6.813122257459411912e+01 7.643919704066743748e+01 8.835011680825270730e+01 7.979866659008169449e+01 8.246952257178219270e+01 9.102564193207918208e+01 8.095992005628234267e+01 6.050411855175210718e+01 4.566796127699820573e+01 6.649572915488086267e+01 8.358354652867062384e+01 6.351326395756500887e+01 4.948896577290346244e+01 6.049093490453852695e+01 4.430403275766992266e+01 5.828344675495878136e+01 7.829153292556192412e+01 8.415625988355765230e+01 7.263846304304050250e+01 5.988282405499743533e+01 4.015672655094709143e+01 5.572419755770661709e+01 5.996120356141631191e+01 4.573142080083172800e+01 3.338194475319055243e+01 3.396599359613491487e+01 4.179920246709239962e+01 4.252197380025662454e+01 6.227628996183290866e+01 7.923970764348926821e+01 8.758234573041596605e+01 9.476608691565159859e+01 8.053384634990618451e+01 8.053384634990618451e+01 1.006466944210466181e+02
5.003614262457512041e+01 4.823406417021529791e+01 4.823407232074070095e+01 6.813126764004800862e+01 8.379407286245090347e+01 7.735269879510502733e+01 8.568249158861766546e+01 9.573324028816428211e+01 8.318072028180424127e+01 6.274620625134664209e+01 5.209104261729222429e+01 7.271362644937251218e+01 8.096617609578783004e+01 6.091862013924159669e+01 6.939171426768179174e+01 6.684580748525972638e+01 4.698930325035587430e+01 5.838510761537790472e+01 7.840333844131399132e+01 7.582050519794353249e+01 5.594353466322040447e+01 4.464216691373638923e+01 5.988282405499743533e+01 6.815546783048620227e+01 7.111691166832630984e+01 6.061351532057047109e+01 5.328274704338695500e+01 5.386370082350404687e+01 3.480907656130096939e+01 5.468784517683210566e+01 7.058137041208499340e+01 7.998934622955394502e+01 8.581112677054545657e+01 7.749089046092984745e+01 6.644801650135252657e+01 8.053384634990618451e+01 1.006466944210466181e+02
3.241015614604813777e+01 3.415313672185327931e+01 5.406181587163886348e+01 5.550938917788104732e+01 6.666244084037147388e+01 5.735306032989713998e+01 6.730580536218671739e+01 8.739959767258432066e+01 9.157678469656470099e+01 7.951596417437743014e+01 5.910896036609022275e+01 7.951596417437743014e+01 8.931685358759048654e+01 7.244477715009259100e+01 8.388803829906048293e+01 6.380620129327575540e+01 4.979244135428501750e+01 6.968803517375555145e+01 8.675343388985444903e+01 6.953482367973603573e+01 4.977077763244877673e+01 6.434453090904679584e+01 5.851178052480474179e+01 7.842603599262110947e+01 8.575738050661493617e+01 6.610440716012925577e+01 5.455895050269312918e+01 5.323926090818135748e+01 3.541599142422181501e+01 5.527337228556037729e+01 7.421626663080378705e+01 6.012259377325209186e+01 7.024403324585867381e+01 5.764455462236229266e+01 7.162518533890334993e+01 9.165195531940759111e+01 9.285228081734726402e+01
5.235466015770323622e+01 5.406181588562052553e+01 3.670478235373453657e+01 4.155089954008654018e+01 4.680743906044495617e+01 5.820643233160902952e+01 7.821356327796007690e+01 9.573320039104385160e+01 1.057145496759387129e+02 8.790037930124327659e+01 6.937899855357581202e+01 8.790037930537302202e+01 1.009568645097111670e+02 9.260662353138954472e+01 8.594514402648677276e+01 7.266109191143202395e+01 5.271722101222173507e+01 6.676846325635915491e+01 8.688715592853733938e+01 7.335197213389525928e+01 5.351748694598491340e+01 6.747477216742652217e+01 7.842603599262110947e+01 8.676514556130395306e+01 9.413546801119777285e+01 7.610722556743408518e+01 5.503425341956891259e+01 4.114695788135431798e+01 3.602919153048488710e+01 5.585955304471773530e+01 6.038433212592122601e+01 4.629411972613272042e+01 5.052703176455464273e+01 6.440561867623142689e+01 8.433920692977852696e+01 8.600354283004234901e+01 7.400411407895016680e+01
6.826937897630159569e+01 5.844952834085020754e+01 3.864431571150205258e+01 5.844952834085020754e+01 6.666244084037147388e+01 7.497489896316785973e+01 8.654342969763881399e+01 8.557094124178001948e+01 8.557092484346149774e+01 9.803027270291212858e+01 8.965295366232525964e+01 9.803064683733335016e+01 1.032042741710598364e+02 9.416999246172846938e+01 7.758931308444591934e+01 5.757078404824120099e+01 6.078935377673813178e+01 7.266109191121802269e+01 9.280473992013892826e+01 7.750544574806049525e+01 5.758608605799940250e+01 7.750544574806049525e+01 9.589837543775566076e+01 9.536215668165745285e+01 8.375560823235116459e+01 7.541580564406373810e+01 6.211161248526456546e+01 4.241503379979893396e+01 5.173558689841804892e+01 3.691375799335718000e+01 4.075418283485111459e+01 6.038433214588982878e+01 7.024403324585851749e+01 7.853854911396237526e+01 7.798767702339678465e+01 6.342288154277279233e+01 7.278683408471785299e+01
7.447528512692650793e+01 5.452817084461621278e+01 4.059245605839643645e+01 6.037054619227318142e+01 7.151508377147223428e+01 8.491694803819844140e+01 7.658429309392701612e+01 6.547616436802917406e+01 7.443148531981152871e+01 8.605884060178259176e+01 1.062271444034485341e+02 1.065465449901684991e+02 8.628608597773853717e+01 7.462886425352688491e+01 6.567847595070605848e+01 6.223830699077942086e+01 8.085137969578856598e+01 7.493607869752960937e+01 9.513217959130443546e+01 8.197948160856421396e+01 6.197098497284784457e+01 7.886697514431895684e+01 9.592414495834117361e+01 8.700485144577842789e+01 6.693203530596581174e+01 5.550596234220557079e+01 4.929772478949136882e+01 6.211161248526456546e+01 6.335775848089834739e+01 4.594618519111310917e+01 3.781205965869011010e+01 5.754276758909875156e+01 6.657731612065583704e+01 6.964315845027553564e+01 6.105044891837876975e+01 4.413113180432304006e+01 6.268145618999749757e+01
7.447528790485655747e+01 5.452817084587854879e+01 6.037054619227318142e+01 4.342414917310518518e+01 6.321190173621949526e+01 6.902086829319719641e+01 5.657334580252224043e+01 7.658429309392701612e+01 9.390764348643793369e+01 1.029148855161357830e+02 1.145438363794390568e+02 1.148760975306925047e+02 1.001134694174516540e+02 7.988063912115306664e+01 8.580673717753626306e+01 6.705961682780572630e+01 8.721067952265107692e+01 9.513217959130443546e+01 1.034843017894982182e+02 8.769866511101190554e+01 6.770497622074155686e+01 6.994724840467137028e+01 9.305143295884798249e+01 8.962484151050509240e+01 6.953023027993802430e+01 6.911976037497176151e+01 6.325838699124987841e+01 7.743879537705882399e+01 7.511848774178123733e+01 5.976788169163950215e+01 4.883497281733365725e+01 3.870760947039611466e+01 5.816482185664988691e+01 5.994959012620716265e+01 4.122493781580826777e+01 4.188465359264895227e+01 4.323995188493471886e+01
8.279760099069703472e+01 7.447528799673277433e+01 6.775031434245612161e+01 4.790099656631382175e+01 4.660911290683885966e+01 4.912288274606743954e+01 5.210652115404761986e+01 7.206441921412042007e+01 8.487499009273834361e+01 1.016160147203679145e+02 1.038185839024382346e+02 1.121413254957312660e+02 1.084669896412612644e+02 1.001125494221250278e+02 8.720924244177142270e+01 7.413173172757821305e+01 7.976800954428738066e+01 1.000177225097553588e+02 9.929762318323908232e+01 7.920763848728040557e+01 7.762778511997669284e+01 9.171128421448680967e+01 1.026080305724875075e+02 9.798098618476426225e+01 8.962484151050509240e+01 8.917496116688182894e+01 8.327036749209169386e+01 8.491233900926253853e+01 7.255976858198530977e+01 6.128756573328688972e+01 4.171214972515306130e+01 5.761091760930035832e+01 3.963465460653068817e+01 4.028517413375296741e+01 5.932606554734655901e+01 6.144503277173725309e+01 4.292843517404524079e+01
8.897304350362277603e+01 6.893659118405469144e+01 5.485109401608561086e+01 6.775031434245612161e+01 5.183808961129862070e+01 6.902086829319719641e+01 7.206441921412042007e+01 5.652201250491042828e+01 7.654074356030838544e+01 8.144255777501415139e+01 8.365027239598441611e+01 1.012156573356942602e+02 1.095423226501646070e+02 1.157171249290093158e+02 1.020400973897716028e+02 8.174764205867037958e+01 9.408860923196682791e+01 1.083644769686225686e+02 9.929762318323909653e+01 9.338767249349606914e+01 9.179353354706697132e+01 1.060622993900247764e+02 1.065203866755524587e+02 9.814996632294621293e+01 9.814996632294621293e+01 9.319909280115057015e+01 7.904022150116045964e+01 6.486017383976739836e+01 6.426265653771061181e+01 4.467563214506785840e+01 6.128756573374216288e+01 6.721236711129454022e+01 5.920123078346414047e+01 4.251542354360933018e+01 6.163246147802504282e+01 7.063153365631526981e+01 6.250601957779058182e+01
7.450212568127909663e+01 6.295647778100887848e+01 7.480513219753530052e+01 6.069798609241719589e+01 7.178194055815845331e+01 7.178194055815846752e+01 8.155734942057284798e+01 6.149092597815278793e+01 6.266007680368419841e+01 6.723586211193705253e+01 7.390643325462352209e+01 8.101493410258154881e+01 9.268930522874154576e+01 1.128628709154025955e+02 1.104151182110105793e+02 9.346588477781315873e+01 1.104151182110105793e+02 1.226403447052783946e+02 1.194655732491550424e+02 1.135655062913728699e+02 1.119926423323835536e+02 1.090777420767536796e+02 9.814996632294621293e+01 7.792903445731877810e+01 7.792903445731877810e+01 7.924329600093435033e+01 6.485997293115254081e+01 5.095862396510462133e+01 4.832882740757500528e+01 4.828762429500733333e+01 6.792993288518434269e+01 7.574286396588303205e+01 5.584249898438613258e+01 6.166885888131801607e+01 4.564466656978029846e+01 6.535039553575771265e+01 7.027374862021378021e+01
7.364280505936164900e+01 8.297949457265337969e+01 8.745204943439824774e+01 6.734304538866712164e+01 8.745204943439824774e+01 9.187814283675899674e+01 8.693252575630492629e+01 6.682045751297124525e+01 8.273644542788392187e+01 8.144255777501415139e+01 8.735122651433333374e+01 1.012156573356849378e+02 1.095423226501646070e+02 1.211691847961935053e+02 1.221083595861811801e+02 1.137583243387442593e+02 1.100486876227795392e+02 1.182244717137525498e+02 1.250271417564922416e+02 1.168451377514963951e+02 1.150351122370885122e+02 9.477293707068238859e+01 8.044541585441771758e+01 7.040181820679889313e+01 6.377370684508348120e+01 5.925017475715005588e+01 5.498674978517101408e+01 7.073331704044049673e+01 6.801705404770017083e+01 5.202317298104527765e+01 7.174818121497889933e+01 8.405012534879264763e+01 7.574940189812629399e+01 6.803150452142065774e+01 4.808635460982421250e+01 6.803162146395442278e+01 7.679664735008446996e+01
8.522708354022385890e+01 1.020014738502504201e+02 9.578854395693717549e+01 7.737152324032086881e+01 9.578854395693717549e+01 1.033998213999535238e+02 8.323158551470586985e+01 7.348916275391306385e+01 9.365420725637113719e+01 1.016160147203679145e+02 1.075091973289550538e+02 1.114865628727854130e+02 1.114865626813428747e+02 1.194819675977605016e+02 1.183835305417623829e+02 9.867922743163049404e+01 9.035620491707756230e+01 1.068472994358192807e+02 1.136483520920164665e+02 9.715491318807154641e+01 1.136483520920164665e+02 1.049040246538854291e+02 8.464184966106751062e+01 8.385160827884992329e+01 8.385160827884992329e+01 7.896258099056477420e+01 5.897247536277050983e+01 7.896261855957031628e+01 7.573525768342878450e+01 5.592547767313133278e+01 6.831985494680458260e+01 8.752007817234893139e+01 8.349450835468080356e+01 7.063144847236529245e+01 5.082858309704703004e+01 7.079159472668423803e+01 8.549503083840676254e+01
1.052768431333096970e+02 1.135740913125660114e+02 1.058611470524379286e+02 9.753257562847555562e+01 1.058611470524379286e+02 1.117231737359868475e+02 9.365420725637115140e+01 8.774355242284202916e+01 8.995286299128503060e+01 1.101233005706321393e+02 1.059070606532660292e+02 9.233214151902095068e+01 9.233214151899777278e+01 1.114865626801183822e+02 1.104264468780666704e+02 9.867922743163047983e+01 7.894894696612458063e+01 9.867922743163047983e+01 1.054769812993988722e+02 8.578188875735716579e+01 1.054769812993988722e+02 1.132675224594806878e+02 1.049040246538854291e+02 1.040763659490388022e+02 9.934738005807679428e+01 8.334227090949543992e+01 6.327218249837250852e+01 8.334227090949543992e+01 8.019646641204910509e+01 6.024533445402715159e+01 8.019646641204910509e+01 9.521357734240496029e+01 7.292408857238866915e+01 5.514345840794555897e+01 6.075402109890701041e+01 7.098873138592644239e+01 9.119168848374791025e+01
1.058829037333179315e+02 1.053485897916008156e+02 9.726317657443603082e+01 1.053485897916008156e+02 1.068177386767914214e+02 1.149219361637775734e+02 1.138090417580133931e+02 1.079237903311013298e+02 1.101233005672372087e+02 1.106053319526236010e+02 9.115896800912672404e+01 7.855902681481607885e+01 9.376279637654026544e+01 1.012998280286265782e+02 1.022534910896586950e+02 8.251342122122686362e+01 7.231324259568631874e+01 9.210246727646186571e+01 9.851371455311178238e+01 7.878171721135052508e+01 9.851371455311178238e+01 1.092071717067760517e+02 1.154268594127971426e+02 9.516586926866210661e+01 8.083750916421729471e+01 7.079083067225843706e+01 7.480149919612516385e+01 9.171532120448948433e+01 8.506410922349184034e+01 6.499430376413455690e+01 8.506410922348504755e+01 9.252077939504303572e+01 7.235270894941145059e+01 5.828345716173842561e+01 7.771223839542945200e+01 7.614606954471591393e+01 9.364949678847996495e+01
9.693217060594673740e+01 9.565519971674289934e+01 7.793154237312722898e+01 9.565519971674289934e+01 8.737012307714803683e+01 1.036739555718516073e+02 1.149205491395084238e+02 1.216974893713271086e+02 1.111235307082658608e+02 1.029644548541865277e+02 9.197814660480759130e+01 7.152391412157989237e+01 7.483268437728155220e+01 9.090993499501989561e+01 1.027944365539425178e+02 8.613579153480971229e+01 6.626721945003785663e+01 8.613579153480971229e+01 9.256429350339244877e+01 7.277836835590568398e+01 8.129481455393427325e+01 9.526304143033424054e+01 1.149707223222880401e+02 1.094707646017341460e+02 9.812928271444295092e+01 7.787649946109580412e+01 9.500918203788292260e+01 1.033841323103122534e+02 9.045364172904220368e+01 7.028785761839158397e+01 9.045364172904220368e+01 9.621017068957060303e+01 7.600254235655043544e+01 6.186679835427221974e+01 6.978965162556364987e+01 8.959844373665642081e+01 1.008073114372104442e+02
8.887329999480557774e+01 8.759735947378166543e+01 6.833920650883034398e+01 8.593419726356688670e+01 7.627914673554539604e+01 8.737012298377179320e+01 1.068175811973090532e+02 1.133734026936343611e+02 9.386010088991324096e+01 8.326064213623669730e+01 8.687635913874022719e+01 8.156947159922715684e+01 6.331441748740305542e+01 7.488502179397222847e+01 9.463943657428188772e+01 8.131695498565011349e+01 6.135742911501841235e+01 8.131695498565011349e+01 8.063402985600909290e+01 6.721912938791483327e+01 8.707666522248815966e+01 9.945456549905853194e+01 1.076230085321441123e+02 1.174753674000667303e+02 1.065043402570704103e+02 8.798601894781181443e+01 1.065043402570704103e+02 1.047796447816578365e+02 8.451961697005040719e+01 7.785571571355708897e+01 9.810845927698375135e+01 1.001038868148821024e+02 7.987154436182936479e+01 6.565592327172505804e+01 8.579746026703958250e+01 8.423457042662892036e+01 1.046933159764992070e+02
8.311985053084345054e+01 7.508870858340979737e+01 6.145938304071871983e+01 6.668102834590844452e+01 8.026504509529128484e+01 9.961807834867970257e+01 1.053735137270475093e+02 1.052154745505623907e+02 8.554739042274538008e+01 7.410709629862533632e+01 6.701980418973396070e+01 6.160375265899712360e+01 5.875432092625058544e+01 7.878001664831533901e+01 9.173345173207887626e+01 7.685386932110388614e+01 5.678604025882773954e+01 7.564049198454608813e+01 6.065987837015715201e+01 6.675973255723232569e+01 7.309597374378739687e+01 7.972780591477790324e+01 8.960868833530047084e+01 1.093004426628165362e+02 1.166323464863750132e+02 1.082725464810743006e+02 1.166323464863750132e+02 1.131367189591602482e+02 1.047796447816578365e+02 8.796560357924886375e+01 1.064777205134473945e+02 1.017165184473653881e+02 8.144651533763240536e+01 6.979360283915649177e+01 9.001362669548640838e+01 1.046933159764992070e+02 1.129822882647521141e+02
