LEM/sinusoidal_perturbations/elevation_000455.asc
nrows	100
cellsize	150.0
xllcorner	0
ncols	100
yllcorner	0
NODATA_value	-9999
[rows 51 to 67 of 100, columns 0 to 36 of 100]
6.455108993161302530e-03 1.263844335917025719e+00 2.523725912614452671e+00 3.791174413663410903e+00 5.068927544608198055e+00 8.449658744981153546e+00 2.842791408048717017e+01 4.164216509550714562e+01 5.315381066876915384e+01 5.002571586577393248e+01 4.176016741917196384e+01 2.662902261304125417e+01 4.659564198102206234e+01 6.010079928239477454e+01 6.612904429203763357e+01 7.199605680083719506e+01 7.381254294007433714e+01 5.697711846999612817e+01 7.381925384526780931e+01 7.346376192130627203e+01 5.345396612561770411e+01 5.532035281504141011e+01 6.943698057296120396e+01 8.941052529086368850e+01 9.982757348674489606e+01 9.155918875143504465e+01 9.423387076656966599e+01 8.534853068366297180e+01 7.715403993248305881e+01 6.361985463160340970e+01 4.281555197748158292e+01 5.259458538296119912e+01 6.603850357461784881e+01 7.430704483527409820e+01 7.587084429813246800e+01 5.558488392602129835e+01 4.061485818685980576e+01
3.995603441288198172e-03 2.000399560344093430e+01 2.252392444707806263e+01 2.379148452912831857e+01 1.283724201888128569e+01 2.823466178006501437e+01 1.344984590838134864e+01 2.496215320156440143e+01 4.487770767302386332e+01 5.627192824211548583e+01 5.486032344592926790e+01 4.599644154119751960e+01 3.187997323527594773e+01 5.183647649065718355e+01 6.415535583375462636e+01 7.120423110138322897e+01 7.947391185694100102e+01 7.705315296785680346e+01 8.543860848998066615e+01 6.978076067137490668e+01 6.758911015907405329e+01 6.943698057296120396e+01 7.528709637650207753e+01 9.528686735476335912e+01 8.829081386901330575e+01 7.156839913815606735e+01 8.829081386901330575e+01 9.053768838470521985e+01 7.068781718209078235e+01 5.626940905291939998e+01 4.571688691973506735e+01 3.749276423634910316e+01 4.532358793718613299e+01 6.247459810478102327e+01 6.503050725836486379e+01 5.844264654936244341e+01 3.734852344990235906e+01
4.804567899273937473e-03 1.000480456789918726e+01 2.414694019162988781e+01 4.068953913740643458e+01 2.606979598718635316e+01 3.165842102076134523e+01 3.337927310611866005e+01 1.899121913743983470e+01 2.713263572395092638e+01 4.276352416340934326e+01 6.541955216535207285e+01 6.010079923143310054e+01 4.340744385862397081e+01 3.790452275732634035e+01 4.421726584192439446e+01 5.126700109546986539e+01 6.535895496309734654e+01 8.531597603024920318e+01 9.822680205842695500e+01 8.985123820553312157e+01 8.764642587990589107e+01 8.941052529086368850e+01 8.863612073348254228e+01 9.448537630244354091e+01 8.001750098689527135e+01 5.998697826767379837e+01 8.001750098689527135e+01 9.121655586793612258e+01 8.469066919341821631e+01 7.464223630581145130e+01 6.638555945228816313e+01 5.407874145510615449e+01 3.279456004781627598e+01 5.407874145510612607e+01 4.425053998246819020e+01 5.263790011840767846e+01 3.474845543273236359e+01
9.707512844716031236e-03 2.000970751284436133e+01 3.828907581535368365e+01 5.243121143905551662e+01 4.670228941998252026e+01 5.188028989866843688e+01 4.345931428691869769e+01 2.356582714605336903e+01 4.345931428691869769e+01 4.509059015534187154e+01 6.267724256684820716e+01 7.161751078039011986e+01 6.335074919514383396e+01 4.682862452790932650e+01 4.942252364728066993e+01 6.936304156398573184e+01 6.754161110529838652e+01 8.750102120567601105e+01 9.774345591332931349e+01 9.299846452902404792e+01 1.012821155269271003e+02 8.276927592956187141e+01 6.863169991587848529e+01 7.449085911964532158e+01 7.293564176415884504e+01 5.288250164352931648e+01 6.292002848959766226e+01 8.294283564582170243e+01 8.640725656484231365e+01 6.642469400623274112e+01 5.183959196133824321e+01 3.950447151404693358e+01 2.978511653381089630e+01 4.714019158625605144e+01 2.901469897993238334e+01 3.130116402427444200e+01 5.263790010931082008e+01
5.001202446392439237e-04 2.000050012024428270e+01 3.132578434006972756e+01 3.799245100673591935e+01 4.627672225419753005e+01 5.627672225419735241e+01 5.172257576230330045e+01 3.504312625672329773e+01 3.167866486969602136e+01 3.869547097940193225e+01 5.264386408402330630e+01 7.220395076647668020e+01 7.503501725813438838e+01 5.833643637187139319e+01 6.093067607772909611e+01 7.763173501568266488e+01 8.750102120567601105e+01 9.189443118036854230e+01 7.776212725791548053e+01 7.302821788505413281e+01 8.974751011569148318e+01 7.449085911964532158e+01 5.444610892503909128e+01 7.449085911964532158e+01 6.659428206218960611e+01 4.653129073378374159e+01 6.659428206218960611e+01 8.143288115732009658e+01 7.970802247157922693e+01 7.149117485594861421e+01 6.879823866281103051e+01 5.953437755395840014e+01 4.714017031622541509e+01 2.592974869289940898e+01 4.714019157841866559e+01 5.263783943740673976e+01 6.104893472370665108e+01
5.279685921607564676e-03 5.552281648173874373e+00 1.132578434007008283e+01 1.799245100673663345e+01 2.799245100673645581e+01 4.799245100673574171e+01 6.322969375925682556e+01 5.495604093919219224e+01 4.313088869327423680e+01 5.837350511981524903e+01 5.264420836776503165e+01 7.220525104147500883e+01 8.655533395537422336e+01 7.828375255466353622e+01 8.088186703220733875e+01 8.915376131570035056e+01 8.898858468988056813e+01 8.071083084820158149e+01 6.366078009735569765e+01 6.151817550924328515e+01 8.082061069695264166e+01 6.740396972474718496e+01 4.734710729272853769e+01 5.885169484804251994e+01 6.157853422447595904e+01 4.151614831918325876e+01 5.310539765662794309e+01 7.315305401744484470e+01 7.149117485594861421e+01 5.123165432852147916e+01 5.716553050741679698e+01 6.546967859059139982e+01 4.541396502981994843e+01 2.430731673809052396e+01 4.409205350234646659e+01 3.625732113361787157e+01 4.339607809903214530e+01
5.738623160518319517e-06 2.000000573862280362e+01 3.132578434006972756e+01 3.799245100673591935e+01 4.627672225419753005e+01 5.627672225419735241e+01 5.811797050966266198e+01 6.640296441788331094e+01 6.290675123823048409e+01 7.112210897866121684e+01 7.220525104147500883e+01 8.035920143983518926e+01 8.026038268623391048e+01 7.197529907982938369e+01 8.026038268623391048e+01 8.850078516450020061e+01 7.745644413501656800e+01 6.074072468840719807e+01 5.365934108597449637e+01 5.256374102684881677e+01 7.254651952488077882e+01 7.568848417843084064e+01 5.885169484804251994e+01 3.879463709813729366e+01 5.152789285666848684e+01 3.714464618089353110e+01 5.132883461766389388e+01 7.137616837188788566e+01 7.149117485594861421e+01 5.123165432852147916e+01 3.672452569095405295e+01 4.752954770732601730e+01 4.655475786646126579e+01 2.270964818699142640e+01 2.751836083648185038e+01 3.426596978097389012e+01 4.479097452216932140e+01
4.532054705376768917e-03 1.155153743849799497e+01 2.569367306222919822e+01 4.569367306222990521e+01 4.860432065463810858e+01 4.176846261506107538e+01 3.809399456597189015e+01 5.519106105794685391e+01 6.349793762495841776e+01 7.507768253222336341e+01 8.458297987784148120e+01 7.638098319704181449e+01 7.022586581188512866e+01 5.187848297510272744e+01 7.022586581188512866e+01 8.022333254259849866e+01 6.022486465229921748e+01 4.911501799627060905e+01 4.458569127069085880e+01 4.537626994808545078e+01 6.548154043342752573e+01 7.919543834084527134e+01 6.714323752643763044e+01 5.152789287017129993e+01 3.148654440813404776e+01 5.152789287017129993e+01 6.549341461801978426e+01 7.919543643931976362e+01 6.895589653956520237e+01 6.092401425601961762e+01 4.752954770732601730e+01 2.718804883126963645e+01 3.922690654233744567e+01 2.118875586218933904e+01 3.540230077869775727e+01 5.258121271901386251e+01 6.141710027865862997e+01
9.001595176218036079e-03 2.000900159516975663e+01 2.681432938519415643e+01 3.052567952646227312e+01 2.859683539064127800e+01 2.175552380293657251e+01 2.808036850500360870e+01 3.515290801152464439e+01 4.671321615783202219e+01 6.677201256084805436e+01 7.308764333622853826e+01 5.642527092931983645e+01 6.192689102746600582e+01 4.180059401115859430e+01 6.192689102746600582e+01 7.386109723284116058e+01 6.389465288292269207e+01 4.367437919341924868e+01 3.601334448837351232e+01 5.649019013117840871e+01 7.217577890243595107e+01 7.091284837949224595e+01 5.087140571118256105e+01 4.850654590917653053e+01 2.848120785361631135e+01 4.850654590917653053e+01 5.087140571117215160e+01 7.091284837170520916e+01 6.092401425601961762e+01 4.061463961439161352e+01 4.655834328737586247e+01 3.909592876457299582e+01 1.905522023720746816e+01 3.922671729675963803e+01 4.970154064375953595e+01 6.359733047909794834e+01 5.912527725524545019e+01
5.674351268809080251e-03 3.386291370182837657e+00 6.816263073031612940e+00 1.053016983642508819e+01 1.445249254903517944e+01 3.436778818058766660e+01 4.810549205861011046e+01 5.519106069813511084e+01 6.349793762495841776e+01 6.987386781000104463e+01 6.174945115522100281e+01 4.483005156756057374e+01 5.521812535536356847e+01 3.511247150048185972e+01 4.546774526093680180e+01 6.556708393088068476e+01 7.217565101150248097e+01 5.222047220704978798e+01 3.137187261390605286e+01 4.367437919342565067e+01 6.389465339325355586e+01 7.023063316439639436e+01 5.454907895897130743e+01 3.450601920273683021e+01 2.560576173110127129e+01 3.450601920273683021e+01 5.454907896407768675e+01 5.679580965265886050e+01 4.850162067010597866e+01 4.634708123135143865e+01 2.588355144776134154e+01 3.570689267968685243e+01 1.760386732346179173e+01 3.776347435357033788e+01 5.354348880450888259e+01 4.791799571424561321e+01 3.874901575512493679e+01
9.518805923843161668e-03 2.000951835642226229e+01 1.836580167427707266e+01 3.052567948783633867e+01 2.854876580571891509e+01 2.710253429233141986e+01 4.123640627041914541e+01 6.103669037317832391e+01 6.602943767286821242e+01 6.157329709869078016e+01 4.185446878166312246e+01 3.587679385713557423e+01 4.915604262796307466e+01 2.915482000099625282e+01 4.326772306135038093e+01 6.337170358526623914e+01 6.538322927100800541e+01 4.864496723467636485e+01 2.741295705566242091e+01 4.864496723467636485e+01 6.538322927098764126e+01 6.194215165348735752e+01 4.189244091616344434e+01 3.189281362962122301e+01 2.307792094979895481e+01 3.709483341668591549e+01 5.712685056360580660e+01 4.832219934243470050e+01 2.840915662855464063e+01 3.286167779811132306e+01 1.974858928821531734e+01 1.555995218744015141e+01 3.552197921548359716e+01 3.691460733622417223e+01 3.503202813065993126e+01 3.032686807913571769e+01 2.201834247812830370e+01
9.062254805971973678e-03 2.000906225480561673e+01 3.842410720220524922e+01 4.669417777925244906e+01 4.808880317357785117e+01 4.701371565876034708e+01 5.523222830475165068e+01 6.013374884739735649e+01 4.655434425969803414e+01 5.176853429869890988e+01 4.771380927438189445e+01 2.786279838948118837e+01 3.962793441245776904e+01 2.465442665618959950e+01 3.856342204123232875e+01 5.863314993242070017e+01 5.707202885382889690e+01 3.643017030276404711e+01 2.353277507501074695e+01 3.643017030276404711e+01 5.707202885382889690e+01 7.023063222548745443e+01 5.466107970652352321e+01 3.465480215071411862e+01 2.070574383735573676e+01 3.723573567342290858e+01 4.551491596204520818e+01 4.097654438634130258e+01 2.975216432162405411e+01 1.419275687139929332e+01 1.475540291927621261e+01 3.080233631555489282e+01 1.644461082576560784e+01 1.707188781800008215e+01 1.770050303800934444e+01 1.833058032405545745e+01 1.896146114690674622e+01
3.063233560239582431e-03 1.964933923142775285e+01 3.372228130207860630e+01 4.226940157181805802e+01 5.361225191850028438e+01 5.588102475404654257e+01 4.794964598895729324e+01 4.788592515786864112e+01 3.323538341543569175e+01 3.321232995995430315e+01 4.637104930183927820e+01 3.962793441245776904e+01 2.022250613978330236e+01 2.067535582947822803e+01 3.427101287619360903e+01 5.425357625457322541e+01 5.550762010032440941e+01 4.189485668687969877e+01 1.991862090580644917e+01 3.306244780899177016e+01 4.803075125424167169e+01 6.827499020346280645e+01 5.466107971961600498e+01 3.465480215071547576e+01 3.723573564686529380e+01 1.712661540131524518e+01 3.401569745903893249e+01 3.253077845779928623e+01 1.340152565950841179e+01 3.332709263078191242e+01 2.875907085911797267e+01 4.046975188209392371e+01 3.048015799199060893e+01 3.109900394052552741e+01 3.173849168534174225e+01 3.791394546064613991e+01 3.176002033564260074e+01
5.666595628964066558e-03 6.672053958745102875e+00 1.374056143294119359e+01 2.524443147707600232e+01 4.517937041899907058e+01 4.794304894017804486e+01 2.963141456459079492e+01 2.962934143391611741e+01 3.852594070419339545e+01 1.991615302681538324e+01 3.861133786307669169e+01 3.462292593196170287e+01 1.572742682264591352e+01 3.462292583925244571e+01 4.841357770314412079e+01 5.159392418645455791e+01 3.441348570047212263e+01 3.441348570047212263e+01 1.640405122558532369e+01 3.259880438903670097e+01 5.361871761055808605e+01 5.599432419587311927e+01 6.295274326650134356e+01 5.466107971609552152e+01 4.551514564486748071e+01 3.401569924954372937e+01 1.300055642486479179e+01 1.260650195866850964e+01 3.194756775437232577e+01 2.229245101839896392e+01 4.195423614292587189e+01 5.629547292172117068e+01 5.040176764664865061e+01 5.096393296594646216e+01 5.175997664237749518e+01 4.471917416387324096e+01 2.495498398342103386e+01
2.110006612196471242e-03 2.000211000640992509e+01 3.374394411533951654e+01 4.196532261538022368e+01 4.518566453871198974e+01 4.552670077208357924e+01 3.497240332615970004e+01 1.619212399233994404e+01 3.182869201056576713e+01 1.376248690720883161e+01 2.560884205554537019e+01 2.791643549457754148e+01 1.308757739751842486e+01 2.509070495665975997e+01 4.355736297842107518e+01 3.015815032985095101e+01 3.015815065231698355e+01 1.147205771903840699e+01 3.441348569900953436e+01 4.728669935143012992e+01 4.332877694846091288e+01 3.596833576105744612e+01 5.013215968903925557e+01 6.106569794727350597e+01 5.282402816760431108e+01 3.948633562117483820e+01 3.121119407920360089e+01 1.202900619327833809e+01 3.198078300139798458e+01 4.220600952497236591e+01 3.293170500163704872e+01 4.444160574510588901e+01 6.435040249746143104e+01 6.174712172541342881e+01 4.180476986339940026e+01 3.040605114683375376e+01 4.473428250090461944e+01
9.367352646185668139e-03 1.939577282869327846e+01 2.299818424288016416e+01 2.805983058086233939e+01 2.356115740006470460e+01 2.666396691011225428e+01 1.675009667293647908e+01 9.160487746814963472e+00 2.058764209088552022e+01 7.109046611599957544e+00 6.757467071102629674e+00 9.385034824150316979e+00 2.791624955463949576e+01 3.991590234743795662e+01 4.705242536443774526e+01 2.966672525308121067e+01 7.357268696530582908e+00 2.785945137896166912e+01 3.654684338420240408e+01 3.742655137289717970e+01 2.345934100470578088e+01 2.198285445836753027e+01 4.183381194559571981e+01 4.117533994566987587e+01 3.868376883802244492e+01 2.459231051874048646e+01 1.123953200357509097e+01 1.764286902203459206e+01 3.037428713924462187e+01 5.000465633974857127e+01 4.702632261808646064e+01 6.109861120974627369e+01 7.259024510889831561e+01 7.005139680801988789e+01 5.447028082649256930e+01 3.459754685816427155e+01 4.602442383713901108e+01
3.648181865326004768e-03 3.219113845670728558e-01 6.552705554948199840e+00 1.443588158730204007e+01 1.869476448156119730e+01 1.860946652265818901e+00 2.180429986864625747e+00 2.500697218891852369e+00 2.821429054450985685e+00 3.142301019107311078e+00 1.377325603919796571e+01 2.254216768940036530e+01 2.894061284826497271e+01 2.855673489772103935e+01 2.537564943636984083e+01 5.637679818112222740e+00 5.966247885336164458e+00 1.362467192939642224e+01 2.572442071395055763e+01 2.701035625132647411e+01 1.105248269056554200e+01 2.927798963149225031e+01 4.487972334274004282e+01 3.637707326321172729e+01 2.123892445886471236e+01 1.049974146451773471e+01 2.459236390530841376e+01 3.618068605394640969e+01 2.897526462580750106e+01 4.271230915306091447e+01 6.274431354159481344e+01 7.517089980140609384e+01 7.758442372655909480e+01 5.753266604376432980e+01 4.602442383714453200e+01 4.054248757219374255e+01 6.048238644319140178e+01
