LEM/sinusoidal_perturbations/elevation_000521.asc
nrows	100
cellsize	150.0
xllcorner	0
ncols	100
yllcorner	0
NODATA_value	-9999
[rows 51 to 67 of 100, columns 37 to 73 of 100]
3.916236075619249135e+01 5.963657501097061697e+01 6.712193747649682507e+01 5.853835286622911127e+01 6.870014592476942994e+01 8.899448799285265466e+01 9.681636809953515410e+01 7.728907862892806691e+01 6.350714779339023153e+01 8.300848929667613163e+01 9.807396437654959698e+01 9.766153662523034029e+01 7.794991826289914627e+01 7.240609957148369347e+01 5.282257368172857070e+01 7.240609957148255660e+01 7.047386126172114018e+01 5.094316830243678140e+01 7.047386123255952839e+01 8.768337534861885274e+01 9.122013124336601209e+01 8.542325317632656834e+01 1.052150328922357829e+02 1.113728697520474498e+02 1.031311903167699171e+02 9.077069751336256331e+01 7.106528420635044085e+01 9.077069751336256331e+01 9.899501650358821792e+01 1.072304662133992679e+02 1.203613382321239840e+02 1.105615491199181122e+02 9.160459195542925670e+01 1.054035156459002138e+02 1.135194056778301785e+02 9.800274272293054878e+01 7.816932590804276515e+01
3.585907203828246992e+01 4.123393507507787348e+01 4.675150963507653046e+01 5.853835286977405161e+01 7.884735305636110070e+01 8.945796121902732523e+01 8.019884139973532911e+01 7.301579038941650879e+01 5.913780652457571563e+01 7.040513074491194345e+01 8.990762991977445040e+01 9.407823083192957370e+01 7.438757226160549862e+01 6.054077852889784594e+01 4.923229486053688220e+01 6.412712171203561695e+01 6.817214703483163873e+01 4.862461385041836337e+01 5.988900455548441215e+01 7.948713003898801333e+01 9.529853379345382791e+01 1.052150328922357829e+02 1.134715967362746767e+02 1.031311903167699171e+02 8.334861877646959272e+01 8.636443314544170846e+01 6.668600171787801401e+01 8.502545241871773385e+01 7.923906951432429935e+01 9.899501650358821792e+01 1.165855573060460983e+02 1.193286734877536190e+02 1.054907754899613934e+02 1.193286734877536190e+02 1.161885093284728043e+02 1.061444052881000744e+02 9.078744860343303458e+01
3.977958896381012011e+01 6.025238474708910985e+01 6.117527738865165787e+01 7.550915296301629098e+01 8.721842138208440076e+01 8.171448005087002286e+01 6.412214053031763683e+01 5.350272574495344458e+01 7.272598689162502694e+01 8.194535263985474671e+01 8.998687984143224128e+01 8.624759231915891178e+01 7.813280731430312187e+01 7.596400842399850717e+01 6.394109283402447375e+01 4.447424701057170893e+01 6.288547088317780265e+01 4.635682727113834289e+01 5.615583370989956791e+01 6.742471155034823482e+01 8.708272128028217196e+01 1.043039049120929178e+02 1.069979259650037307e+02 1.000947725513520368e+02 8.033670062520289434e+01 6.945176338984062170e+01 6.252771589198425062e+01 6.536233709562678484e+01 8.502545241871773385e+01 8.852030094731104271e+01 1.025093924988840257e+02 1.224041389805416031e+02 1.250377466778433444e+02 1.219057787727678033e+02 1.023370475828110955e+02 8.836678561958355260e+01 7.939322845936760586e+01
6.025238474708910985e+01 5.429783843305701652e+01 7.462792616979660920e+01 8.984229579186246895e+01 9.461678070041632793e+01 8.835604824461188400e+01 6.999548594171029947e+01 4.997507639518012468e+01 6.770384387424623185e+01 6.316985645672499317e+01 8.215216675843160488e+01 7.813280731430312187e+01 5.858912807907304909e+01 6.409269934218583842e+01 5.464600469158515494e+01 4.117792877853889166e+01 4.321179993881043657e+01 4.896437185079663124e+01 5.635759090221299772e+01 6.507718242830446798e+01 7.637984892701504691e+01 9.608952915854013099e+01 8.719950074966267550e+01 8.719950074074313306e+01 8.033670059913360717e+01 6.072019452874811662e+01 5.848011123835910752e+01 7.807349131939682252e+01 7.459845379785036812e+01 8.852030094731104271e+01 1.083364288333744128e+02 1.197415594820183458e+02 1.197415594820183458e+02 1.279088007620606078e+02 1.161885093284728043e+02 9.925767952225304214e+01 9.094337438811149354e+01
6.552390098473048852e+01 7.462792896952261401e+01 8.297451017327270506e+01 8.909178558374875934e+01 7.532519010587061814e+01 8.325723515162573563e+01 5.940987796461042336e+01 4.651640008885758704e+01 4.944200167999814965e+01 6.864039902299801099e+01 7.719514057413532271e+01 7.387362737246304789e+01 6.356979470579865676e+01 4.458437246786942154e+01 3.871967290544483831e+01 5.856286832871180081e+01 5.206391171961516307e+01 6.852579770667374248e+01 6.493022782154561412e+01 8.410435810044910454e+01 9.290395679336764090e+01 9.709871302957984085e+01 7.736521592448966089e+01 6.753093113827293337e+01 7.379786440888874210e+01 5.425710219345915419e+01 7.379786522066613941e+01 8.626663971371978334e+01 9.432431032931438608e+01 1.025529291266804535e+02 1.138995344380521431e+02 9.989026811404369255e+01 9.989026811404369255e+01 1.197415594820183458e+02 1.270251938378899439e+02 1.187373513891312626e+02 1.106152295566447066e+02
5.575521285239211267e+01 7.597903821024445392e+01 8.417794421443568353e+01 8.097556653358921608e+01 6.189668876282098608e+01 8.097556653358921608e+01 7.407543857415869581e+01 5.584537625934223115e+01 4.189918548553832522e+01 5.758297000290364309e+01 5.758297000228117213e+01 6.176713182926653189e+01 4.777494396568670965e+01 3.628955284964570183e+01 5.622509697118218241e+01 6.671804062602731733e+01 6.334272046760619190e+01 7.972597665078380658e+01 8.455986680891201956e+01 9.275112527226131931e+01 1.003249637642346386e+02 8.636529850349934634e+01 7.736521592430156602e+01 5.778391774850122431e+01 6.757456682776020784e+01 5.161712006572229683e+01 6.133088216004161808e+01 7.516877620373459479e+01 9.489525621964439495e+01 1.012977286614368069e+02 1.057045767404135290e+02 8.585203946780839601e+01 9.908706431621182276e+01 1.189218720685881152e+02 1.269880411865417642e+02 1.352504017734888464e+02 1.260704007975441812e+02
6.552388967083960836e+01 5.802285146118210690e+01 7.325440729041962129e+01 7.331136624059570295e+01 5.406603438759609759e+01 7.331136624059570295e+01 8.304233198808334748e+01 6.777461867697391540e+01 4.914439676853810823e+01 3.773247828137334636e+01 5.382469075993000018e+01 5.175943864684918339e+01 3.397249037725481458e+01 5.397512565883101843e+01 5.046451459031641207e+01 7.013237308223568789e+01 8.290907452581201653e+01 9.102874969794237359e+01 8.915421435273209738e+01 8.093906291963311617e+01 8.915421435273209738e+01 7.240563324276394042e+01 5.858074077704158356e+01 6.431992745033620906e+01 4.804670594285809671e+01 6.757350006425525635e+01 7.931151923065021947e+01 8.914549206901943990e+01 9.551659399817791041e+01 8.154471910164966175e+01 9.161084675281864520e+01 7.930685189606002439e+01 9.327258366631025410e+01 1.131244623593600949e+02 1.070531201630230242e+02 1.237389261983303612e+02 1.239059118861587336e+02
6.535621093699843698e+01 4.692480264326729156e+01 6.535621093699843698e+01 6.696635471614220592e+01 4.756657565185051340e+01 6.127559748541951024e+01 8.070451757086065925e+01 7.573651647381450402e+01 6.524402146067892261e+01 5.382370800217226048e+01 3.386209855301648730e+01 3.171802051142319812e+01 5.175943864684928997e+01 6.214383294446158601e+01 7.013237308223568789e+01 7.830694041515951653e+01 8.431053215013444913e+01 9.009494737739031223e+01 7.942134013284324112e+01 6.162548890745570418e+01 7.937214482904808222e+01 6.935284831038160291e+01 6.122326288140411066e+01 4.473487872421546996e+01 6.431992746823634377e+01 7.573619517648762667e+01 8.644145166359027144e+01 7.828165074711932903e+01 8.181566845357174600e+01 6.783392758932399147e+01 7.199430608132880138e+01 8.323977423706531908e+01 1.030459444662561026e+02 1.154786095458336064e+02 9.561029646982363772e+01 1.040076337235429804e+02 1.040076021899714505e+02
4.960484729888330691e+01 3.909792336156762360e+01 5.825702053959404481e+01 6.162644305094917740e+01 4.207052974521045030e+01 5.591971480567171682e+01 7.540370377747566977e+01 8.059237429000700104e+01 7.222380342761142913e+01 6.197075737794249051e+01 5.020392292436304871e+01 3.014522408438615386e+01 4.440908390706614739e+01 6.423359302276584515e+01 8.163468661540377980e+01 7.866543766760533174e+01 6.481141002934840856e+01 7.052257067134200952e+01 7.128227591354445281e+01 5.249751311771277784e+01 6.188716343114274565e+01 5.815953181935643812e+01 4.154333275874563469e+01 6.122326288140411066e+01 7.247301982317881652e+01 8.164612714671599747e+01 7.352195258920976073e+01 5.895368329846641586e+01 6.244612229612172882e+01 8.181593010103769359e+01 9.160635333567677208e+01 9.981021928434229551e+01 1.112421353249908975e+02 1.037533933787010199e+02 1.040076337235429804e+02 8.423407994860031067e+01 9.557616526202272667e+01
2.939468813466065811e+01 4.960124468186305080e+01 6.612104388968332103e+01 5.691124288467259618e+01 3.720740684485065941e+01 5.118385486370237203e+01 7.073838072187255932e+01 6.861633299369452743e+01 5.126768900693546982e+01 6.147063772466266585e+01 4.819508468921001310e+01 2.880198506347591803e+01 4.887927120747720267e+01 5.393100683518375149e+01 7.355870134093224522e+01 7.051873735128052090e+01 5.115783438885846834e+01 6.017078139018411775e+01 6.630732771448496976e+01 5.815408240717923150e+01 4.333105447871572835e+01 3.840826304895242771e+01 5.818657767156793170e+01 6.774746835448544857e+01 7.725533940279389356e+01 6.915207894783583242e+01 5.422496648442901801e+01 6.781319023416951097e+01 8.181479158716928168e+01 8.998240883361479803e+01 8.478298569175336752e+01 9.310847429561967203e+01 9.794216260335957713e+01 8.392850827894140764e+01 9.754741330097057528e+01 8.934371657571540482e+01 7.585720139718371513e+01
2.391693437918182852e+01 4.517898777635260643e+01 5.260576456533829059e+01 5.260155933611083867e+01 3.279776611096372818e+01 5.263186413466311109e+01 5.783818712926348837e+01 5.824459957650388020e+01 3.901287292456422051e+01 4.755701994454271642e+01 2.689704457408577909e+01 2.777508119341302617e+01 3.778523581754174643e+01 5.677266632885649500e+01 6.953998597220012812e+01 6.256409955394506284e+01 5.434331866206216688e+01 4.070523134936663467e+01 5.476511343668146736e+01 3.620258097981099610e+01 3.710343835443923410e+01 5.690863093892468783e+01 3.986273227378452333e+01 5.959998318077261814e+01 6.890733586050895099e+01 4.984646710095358912e+01 6.915207894783583242e+01 8.163299927938004430e+01 9.542624893146856380e+01 8.159190275485707389e+01 6.507908047025765086e+01 8.161223655487226836e+01 8.780225553610264910e+01 7.001416868776000513e+01 8.365277101947675931e+01 6.963985160643946415e+01 8.933123387738633880e+01
1.916375683461852475e+01 3.912355730101465667e+01 3.434638650932663495e+01 4.824775968350182609e+01 2.863653281101084147e+01 4.299985700965176960e+01 3.782700923754286748e+01 3.846089497980513983e+01 4.199397405134121897e+01 2.585683132541057461e+01 3.318295091267589925e+01 4.698520051987789969e+01 2.901478244584394872e+01 4.517021585172199138e+01 4.819408385306974907e+01 5.064536710839679756e+01 3.319595127516186039e+01 3.406324420912709883e+01 3.494093208716679300e+01 4.658147734939142026e+01 5.635841998112691442e+01 6.505732798774207026e+01 5.959349126541864194e+01 4.133118159630051025e+01 6.096548695405751062e+01 4.685908500260307363e+01 6.053209383198487359e+01 8.005692270701017321e+01 7.927490345671769489e+01 7.109898536222017640e+01 5.384261393481686042e+01 7.338731229384904964e+01 7.741858490417519079e+01 6.022167217547473683e+01 6.397354544048246794e+01 8.364481644466989962e+01 8.681338044428444789e+01
2.907597543672677176e+01 2.000532397636876425e+01 2.059815072440755657e+01 4.060545149965156497e+01 4.077441982230288886e+01 2.291016199098751471e+01 2.354016186900483376e+01 2.417939776866256807e+01 2.482722156203928776e+01 3.986281603878710911e+01 4.701508778547620437e+01 5.511188966527748789e+01 4.730287366747992195e+01 3.024513851143790077e+01 3.110964785783350450e+01 3.196956664346140187e+01 3.769673687375075133e+01 5.363114970845759899e+01 5.476511368394994861e+01 4.693065349862692415e+01 6.453518320336529257e+01 7.646614169503642700e+01 5.848557824849844877e+01 4.519325922430651588e+01 4.284553366291654442e+01 4.391658748467252593e+01 6.350845902512732977e+01 7.323070727436466143e+01 6.884435290235124683e+01 5.158350012722227262e+01 7.109145412049396384e+01 5.615591504424433111e+01 5.781086127939484953e+01 7.741956639741165702e+01 6.303101124633489860e+01 6.505741199317726853e+01 6.712499680645191802e+01
3.140933250817755962e+01 3.998995591727816645e+01 3.617117951473980497e+01 2.143796824781859556e+01 2.204145470961682562e+01 4.179881408075024751e+01 3.790503777858576484e+01 4.427721678890192436e+01 4.488776820572730486e+01 2.698820476921609313e+01 2.881073530037850361e+01 4.856597725898794238e+01 5.774757864808402985e+01 5.014245223314797784e+01 5.092712892212578168e+01 4.618506632386134214e+01 5.035626612886331799e+01 4.589976643922889821e+01 6.369265584991327955e+01 6.489724824511604595e+01 6.489724824511606016e+01 7.187657956807876758e+01 5.163191937165618128e+01 6.510859174534292038e+01 6.246839671543594363e+01 6.350845902512732977e+01 4.553006706779125778e+01 6.507313885930904007e+01 4.935961842388518050e+01 6.886348948314433471e+01 7.109966400313614088e+01 6.996913211627999374e+01 6.909496149634462370e+01 8.560622507024130812e+01 7.692433452677704508e+01 7.896359215624207195e+01 7.848146959357278263e+01
4.296009157103180343e+01 4.734665253704001486e+01 2.736875891738790045e+01 4.148002403893869428e+01 2.839436804855156637e+01 4.742913594084228635e+01 5.834397793946011745e+01 5.109480014370036827e+01 3.099252388518483770e+01 4.717734388461651918e+01 4.856597727953401034e+01 3.142040908260963405e+01 5.108338398327682484e+01 5.547331675083803759e+01 6.353902745529914142e+01 6.654201234669142195e+01 6.755310651590473014e+01 6.369266505317261817e+01 5.487112071411231540e+01 7.251420939223285700e+01 8.351853513263023387e+01 7.727339835097028242e+01 5.708035148688432514e+01 7.727339835097028242e+01 7.986631717556460330e+01 5.972143261914730061e+01 6.399461533093596444e+01 4.714312423653797879e+01 6.665516170212701752e+01 7.703353424404446059e+01 9.077744045517248139e+01 8.968718889319062271e+01 8.878728939316862068e+01 9.697674547072172402e+01 9.666197465575338299e+01 9.870499850605801839e+01 9.821807009232976782e+01
6.283754393819125283e+01 5.169725034589302481e+01 3.180027739090349215e+01 5.163735661268232491e+01 4.747513048444753991e+01 4.162463040181895479e+01 6.254840835917338637e+01 5.394063870897841895e+01 3.386311735192069250e+01 5.394303656705999117e+01 5.915321303217314863e+01 5.108338368217554404e+01 3.405901796318079278e+01 3.596964876261164790e+01 5.547055239440435059e+01 6.619492486044011059e+01 7.992056823016451972e+01 8.031244715689882696e+01 7.251420939223285700e+01 6.716612125878987172e+01 8.542563629675764503e+01 8.326238711579014762e+01 6.339915850922844953e+01 8.326238711579014762e+01 8.802641134329421391e+01 7.921484806230921549e+01 6.589485423290712163e+01 4.876804693846775507e+01 6.826844133000362547e+01 7.881997203422729115e+01 8.983968692644565124e+01 8.976537162682416238e+01 9.799100081927045380e+01 1.086998469879994929e+02 1.047027063165487846e+02 1.090241380953085297e+02 1.017952651515631004e+02
6.780460772221353238e+01 4.807720438535147167e+01 4.591816725493819717e+01 3.968579960996576261e+01 5.944902517870445990e+01 6.258896582797230224e+01 7.088161494623302872e+01 5.686328330015550137e+01 3.681901105790809225e+01 5.686328330031190603e+01 7.016703573562999452e+01 6.169744189998942829e+01 4.395957637246469574e+01 5.547452358400090588e+01 3.872637029983506807e+01 5.246907060549768431e+01 6.891842429339922660e+01 7.616489305347543848e+01 8.432136124520415876e+01 8.542563629675764503e+01 9.345877305500779642e+01 9.021272892254614817e+01 7.055419363005984223e+01 9.021272892254614817e+01 9.269723565388900965e+01 7.300439020489412201e+01 5.915193637464146548e+01 6.826844132901322837e+01 5.113046287919362243e+01 7.064349019505523586e+01 7.060421302698165391e+01 7.003701117306016499e+01 8.634198700604436283e+01 8.955927127424985201e+01 8.492516640162324393e+01 8.922061517328643276e+01 8.204477731484050196e+01
