LEM/sinusoidal_perturbations/elevation_000346.asc
nrows	100
cellsize	150.0
xllcorner	0
ncols	100
yllcorner	0
NODATA_value	-9999
[rows 0 to 16 of 100, columns 0 to 36 of 100]
8.271705653423140972e-03 1.176723252831980915e+01 2.734528475374727208e+01 5.015194413633444981e+01 5.858544369134371266e+01 5.524975761703463917e+01 5.369986626106857841e+01 4.541799724129024440e+01 3.740851471505192194e+01 3.996448823446610987e+01 2.380124606532363885e+01 2.659275823206523270e+01 4.667118430425050235e+01 5.371441058752672859e+01 5.682630112932334043e+01 6.014473694690926209e+01 6.360962896877239814e+01 7.192239682028640857e+01 8.607423031283174453e+01 8.134317065002588265e+01 8.767234271854475480e+01 8.660678473552071921e+01 9.815855520115428590e+01 1.186040169604636958e+02 1.170017860567052708e+02 1.089256153220767089e+02 1.128854051898156854e+02 1.048376645968252774e+02 1.027346051866833250e+02 1.027346051866833250e+02 1.107692996571863659e+02 1.195559398118479351e+02 1.114780066418978919e+02 1.114780066418978919e+02 1.137453938688399830e+02 1.137453938688399830e+02 1.218369231666781189e+02
7.813061968023241044e-03 2.000781306196766707e+01 3.721633639987653197e+01 4.400274961628253578e+01 3.691116170849362987e+01 3.145209733797679519e+01 4.128169657385132041e+01 2.538552318926826601e+01 1.734745482087270219e+01 1.989564348777568981e+01 3.996448336634952625e+01 4.667118314683624192e+01 3.066312588768685643e+01 3.363425324276875727e+01 3.674344339642674839e+01 4.005567964028885797e+01 4.351094808074930853e+01 5.772916668063657397e+01 7.319122963624580791e+01 6.089767975699389524e+01 6.707722253456775263e+01 7.655487650293561330e+01 9.418370523861530330e+01 1.175332881322411538e+02 1.089256153220767089e+02 8.988748313899358777e+01 9.546362295429263156e+01 8.582087341062110397e+01 8.375008130602670064e+01 8.375008130602670064e+01 1.027346051866833250e+02 1.114780066418978919e+02 9.240787403664883470e+01 9.240787403664883470e+01 9.463293988236571863e+01 9.463293988236571863e+01 1.137453938688399830e+02
2.526786264046545528e-03 9.894084940073339496e+00 2.299151865641031733e+01 3.487702149065090396e+01 2.481103910687359715e+01 1.664674495646255536e+01 2.766635793922705133e+01 1.380491443127036533e+01 3.385244566762906970e+01 3.409683024275283003e+01 3.409683024368687398e+01 5.413026770815429245e+01 4.487236815958801373e+01 4.784302925038524990e+01 4.835122872259592697e+01 6.014473694690926209e+01 6.360821459359199537e+01 4.889825651633483972e+01 5.293282117315796143e+01 7.319332399586231475e+01 8.767234271854475480e+01 9.608889626516450733e+01 1.072759388909422000e+02 1.124304268001438203e+02 9.448693253718346341e+01 8.445767392015243047e+01 7.656525731109074684e+01 8.455264646294610031e+01 7.032241320213360325e+01 8.931051961307309739e+01 9.457473244763666287e+01 1.025525286501708138e+02 9.799338655859958180e+01 7.908182704738501911e+01 8.130080587186039054e+01 9.463293988248662458e+01 1.137453944220196007e+02
4.163169627051843593e-04 1.999921868816040416e+01 2.294878404413045914e+01 2.443494117543327349e+01 6.581967106286357172e+00 8.120481149256020714e+00 1.044577558056323063e+01 3.046959131399115250e+01 4.214687630229452964e+01 5.413026726362200947e+01 5.413026863289201174e+01 6.242764689024780012e+01 6.491390748007921729e+01 6.788917904271004033e+01 6.840346533520497019e+01 7.672324786174172573e+01 7.736252448658618164e+01 6.902513965425366393e+01 6.666255531307261606e+01 6.374102006107033702e+01 7.384777507212639591e+01 8.810272384768627774e+01 1.085089047578193941e+02 1.203957642843129747e+02 1.036957354814173442e+02 8.484938899900151910e+01 7.162223092456686402e+01 6.551029903809036625e+01 6.442872759672357574e+01 8.358539011812490571e+01 7.554138885011160198e+01 9.152527700331617666e+01 9.130714057200323452e+01 7.233710358709282673e+01 9.130714057200323452e+01 1.045227895493692643e+02 1.152633530958407988e+02
5.883922493566802643e-03 1.472355083072186988e+00 2.942784478733588838e+00 4.425284246160317458e+00 2.435283218034108188e+01 2.813251631970902267e+01 1.112928049731532454e+01 3.094517673649293599e+01 4.231390750099627240e+01 5.145218184862564925e+01 5.976932967015541465e+01 5.960649014266390822e+01 6.265418006708426901e+01 6.324397664837012911e+01 7.153144520196171641e+01 7.326004279878405612e+01 7.550094464778860015e+01 8.346744718309214761e+01 8.480938720551199594e+01 8.391611008720600751e+01 9.231131545263095006e+01 1.025156526484907005e+02 1.098174095729005870e+02 1.177641435288981882e+02 1.093370366684145409e+02 9.036935608310990631e+01 9.036935608310989210e+01 7.827228788830417727e+01 5.884900642178617147e+01 7.371792376398926194e+01 6.432558010224688871e+01 7.831190310536838695e+01 8.177419753850131201e+01 6.798792922165361574e+01 7.758967317303081757e+01 9.654094951760635013e+01 1.091328428057037314e+02
1.256007409845548732e-03 2.000125600740949139e+01 2.294892733721229305e+01 2.443494117571860613e+01 1.597693363771540120e+01 3.597171022091062298e+01 3.094574496532562691e+01 1.416134630230539138e+01 3.398815618552163897e+01 3.120980033963287070e+01 4.248732851167706315e+01 3.938222788601519397e+01 4.246901664097514839e+01 4.308428692636334745e+01 5.525326032675425836e+01 5.319988134711991989e+01 5.486813012022318503e+01 6.794925644039770418e+01 7.585953485679947050e+01 8.412315519345339965e+01 9.411008606596143977e+01 1.067681328854930882e+02 9.061145444643979374e+01 1.067681328854930882e+02 1.079379312942931932e+02 1.073019917621105606e+02 8.823978240790351890e+01 7.477471651962072485e+01 7.371767591505432904e+01 5.395601048548017076e+01 5.527651468455140105e+01 5.883931853991470007e+01 6.249695798933666424e+01 8.177419753850131201e+01 9.500049493527157551e+01 1.045227895493692643e+02 1.011346365660463960e+02
9.594114293757748102e-03 2.000959411429340307e+01 3.585127204877272078e+01 4.422180026556029020e+01 3.597490320023244692e+01 3.597490320023244692e+01 4.231639862878942182e+01 2.809498064719688415e+01 1.724977110392486068e+01 1.974051845429156415e+01 2.231113856374286897e+01 2.499368662610080349e+01 2.799587741354481096e+01 3.123223101523200285e+01 3.495965013147112188e+01 3.887316511438454114e+01 4.314640847420628944e+01 4.821549011395517681e+01 5.582920296852799424e+01 6.587263029177540830e+01 8.584687238215811078e+01 9.877110324456587875e+01 7.945198822937038585e+01 9.877120513090864051e+01 8.855149783777912376e+01 1.023061533412050181e+02 9.509007690901833598e+01 7.679239278846529260e+01 6.927481293303108600e+01 5.057959090080813525e+01 7.056848741486992083e+01 7.831190310536838695e+01 8.177419753850125517e+01 8.970289443797140905e+01 9.998612837956827093e+01 1.054530760457053020e+02 9.663547473260281606e+01
7.711341127313004785e-03 7.567000801311824176e+00 1.756700080131164654e+01 3.170913642504234531e+01 5.170913642504163477e+01 5.592212326698910374e+01 5.653736736567496735e+01 4.549612769713922944e+01 2.599758428857924741e+01 2.489206526216166537e+01 4.248732854474179277e+01 3.408848645575354652e+01 4.838111412923571919e+01 4.044432139508847968e+01 5.525326032610742999e+01 5.319988134711989858e+01 5.480316466302157608e+01 6.828872934597447397e+01 5.983234994715368771e+01 7.984042165103048205e+01 9.410592093335006325e+01 9.194447435758998211e+01 7.260760668714063115e+01 9.194463784969366316e+01 7.487224897609821994e+01 9.260680343571002027e+01 9.255942105952865973e+01 7.782495304228170596e+01 5.838966373563773971e+01 4.826790147548615550e+01 6.267121235112204403e+01 8.212812084670346735e+01 9.567566971936737730e+01 9.483273789946170496e+01 8.188187724598695638e+01 8.718448963470868307e+01 8.872365798247700752e+01
2.297228869525369630e-04 2.000022972288659773e+01 3.585127204877272078e+01 4.585127204877254314e+01 4.967194670527476319e+01 4.967194670527476319e+01 6.917359633565796173e+01 5.451397462064192467e+01 3.764586510322407520e+01 4.507213435140167235e+01 3.346072334654536462e+01 5.370381959369840530e+01 4.849148226073104695e+01 6.063377047441752410e+01 5.695687975203664166e+01 7.326004279686546283e+01 7.485728190944740845e+01 8.313428742343714362e+01 7.140968171883442039e+01 8.810001773124997726e+01 9.979003027111843949e+01 8.045312315217162791e+01 6.676449165669198749e+01 8.455048926397003584e+01 6.518246686681588642e+01 8.455095085513431741e+01 8.454083402374018874e+01 6.609232348218192499e+01 5.517960558860627174e+01 4.607074928065698316e+01 6.051266023119151072e+01 8.007266483470780827e+01 7.751723117188717538e+01 7.751863901254669997e+01 6.910133894479457695e+01 8.718448963470862623e+01 7.798279021168005443e+01
9.647730019007896146e-03 2.000964773001865282e+01 3.169458173138840706e+01 3.830553306365231947e+01 2.998474077814077177e+01 4.395594976977954360e+01 6.347158402943034616e+01 6.615124878012980503e+01 5.784944749981173118e+01 4.781270396295042246e+01 4.363098260149835284e+01 6.201293878597194009e+01 6.273715577619491768e+01 7.688242572545878772e+01 7.699405802714368008e+01 8.527141231012775791e+01 8.563146865065753843e+01 9.393542410195607317e+01 9.135717325189803262e+01 9.961653888016583380e+01 9.932906444096296639e+01 8.094664934786595722e+01 6.157428575669487003e+01 7.523544306340032506e+01 5.830113022368343678e+01 7.770242106360308298e+01 8.893332583792408741e+01 8.175427371701989898e+01 6.419030653164239197e+01 4.397995661611506080e+01 6.410589899974554839e+01 7.718826903814371576e+01 7.013279460247788677e+01 5.942470041706235406e+01 7.751863901002427326e+01 7.476589940217365893e+01 6.712173222741328971e+01
3.582433992925927561e-03 5.777078436731853728e+00 1.180719179498111693e+01 1.847267906686046501e+01 3.830553306365231947e+01 4.638605928744908624e+01 5.475139350364325708e+01 6.376432766521853068e+01 7.621317358245399021e+01 6.206171312624747571e+01 5.790827238783332831e+01 7.206636446648428773e+01 8.274978924711423645e+01 8.280610953441647837e+01 7.450177284218196405e+01 7.295108645833599326e+01 6.558202400495291329e+01 7.975296783089787311e+01 9.982342520931496210e+01 1.024567953088710510e+02 8.311305449288971658e+01 7.194045018629533672e+01 7.523544306340068033e+01 5.581825191633073757e+01 5.208710357632560317e+01 6.146998415923027181e+01 7.520166475183657440e+01 7.676356893324496866e+01 5.644701209784221163e+01 4.194863517781214313e+01 5.882827278205866861e+01 6.687584288277199107e+01 5.214028544250595587e+01 6.358743992836057402e+01 7.070487540888677813e+01 6.409289934443580705e+01 4.972294637640987958e+01
1.813270376062421294e-03 4.590127839975879809e+00 9.304171218177836877e+00 1.430415451082910749e+01 1.964928779534527337e+01 2.631564643796594183e+01 3.526292731350046239e+01 4.946310702911545576e+01 6.968124345413484377e+01 8.208442906499831793e+01 7.794418930615438512e+01 7.949904705457988996e+01 7.119632901246373535e+01 7.123906450640328103e+01 5.447275138398864414e+01 5.292493737607862414e+01 7.295108645833599326e+01 8.465665220437641381e+01 9.468241404917027637e+01 1.105150833545540650e+02 9.932906702309726654e+01 9.128871706317012524e+01 8.327031217040719469e+01 7.523544306340149035e+01 6.715599055833634168e+01 4.756716081393044959e+01 6.302675894283669322e+01 7.108429283924249376e+01 6.997188607775800051e+01 5.335068183474841419e+01 3.927882474397540591e+01 5.658734717835879025e+01 6.278848684699526217e+01 4.542836972798777140e+01 6.102486910033838541e+01 4.649774793530777828e+01 6.409289927684775989e+01
2.372884694381488524e-03 2.000237288469402586e+01 2.932971368160404069e+01 3.433823340519565193e+01 3.380398286284605547e+01 3.969592167095473911e+01 5.475139350364325708e+01 6.376432766521853068e+01 6.833022957522265983e+01 7.649551595398877168e+01 9.016297590888656543e+01 7.119632901024962734e+01 5.117174291235115646e+01 5.703680838816265464e+01 4.292605711820754522e+01 4.924925018486728590e+01 5.631919690567173120e+01 6.632527730110999187e+01 8.637684008226867149e+01 1.052319935877788595e+02 9.403482288741875550e+01 8.598090387193548167e+01 7.913894915665672158e+01 7.328910712407039796e+01 7.520166668171893321e+01 6.302675894283669322e+01 4.330315249557371970e+01 6.302675894231391140e+01 7.949718597674336706e+01 6.431525019713421898e+01 5.582336373510521099e+01 3.701780931968039567e+01 5.483788583557556962e+01 4.075768343724460152e+01 4.315556185661346689e+01 6.109587128835994463e+01 6.888956317148810626e+01
8.175220331382775790e-03 1.000817522033147000e+01 2.155518060412418890e+01 4.155518060533969305e+01 5.392032025016293062e+01 5.984110339639650533e+01 5.800587355642581144e+01 5.437794962012257116e+01 4.859872603669381164e+01 6.833022957522265983e+01 7.599120724461589305e+01 6.181943725513686161e+01 5.703680838147484167e+01 3.702846204489987514e+01 5.703680838816265464e+01 6.926872603734703659e+01 7.635105869168931747e+01 8.465665220437641381e+01 9.468241404917027637e+01 9.714989087177876570e+01 7.780463791784730176e+01 6.662893356847104087e+01 5.973721805135691199e+01 5.378551710103711514e+01 6.563916973091725993e+01 6.023769536916786649e+01 4.039225911057538099e+01 6.023769536430081928e+01 6.462575782847447670e+01 5.623729805177497099e+01 3.476385722656144139e+01 3.664166598068880631e+01 3.777574410377741998e+01 5.009962247948608649e+01 5.523029883009024132e+01 5.703024964239774164e+01 5.766161766024688973e+01
9.124702163186202558e-03 1.415126032589426153e+01 3.415126032589496674e+01 4.983945234291890358e+01 5.404608471810913528e+01 5.215170916817522340e+01 3.803856624349514703e+01 3.457712354055178849e+01 5.361740383166672075e+01 6.263428566384688168e+01 6.597763032464769140e+01 4.766853399270245006e+01 5.344320329203497266e+01 3.343592144591244875e+01 5.344320330109574257e+01 5.973051822676016798e+01 6.528174484474870098e+01 7.161408907132678792e+01 7.992358273500839516e+01 8.889647742942639752e+01 9.403482288741875550e+01 8.598090387193548167e+01 7.913894915665672158e+01 6.563916973091725993e+01 4.587941906135659309e+01 5.751196804633309512e+01 3.747114711855206082e+01 5.383777327397081081e+01 5.244721777931761864e+01 3.418247185215793849e+01 4.788763636217843356e+01 3.534541124870713702e+01 3.574939848270323495e+01 3.615162793656879359e+01 3.655156234721768982e+01 3.695615245696630069e+01 3.736740049609541359e+01
2.239863785106879172e-03 1.415590705618031642e+01 3.433621297252934568e+01 3.423670658478260975e+01 3.423670408026855227e+01 3.606148967354368295e+01 2.394706939492256126e+01 4.388685515341681764e+01 5.486368608132326585e+01 4.055269929895477077e+01 5.471030093409480344e+01 3.766781776996570841e+01 4.612558195152271878e+01 3.000559037833481568e+01 3.472012283638913743e+01 3.972042371221661483e+01 4.526685560035084421e+01 5.158991012130643838e+01 6.053533901541663198e+01 7.469878231656356604e+01 9.477828264133441394e+01 9.519316678151166400e+01 7.583225856689968225e+01 6.207222173704543167e+01 5.922834395940973451e+01 3.912412653795151840e+01 3.968670416569960224e+01 3.318701411840500271e+01 3.359791128927751203e+01 4.850664476383885670e+01 4.418027345298329323e+01 6.089890159279160997e+01 6.260021498036449117e+01 5.964832436336993737e+01 5.678376738056658013e+01 4.355291481678486321e+01 5.312528574404807102e+01
1.766589122093755728e-03 2.000176658912173977e+01 2.283169133160297548e+01 1.429088283482045441e+01 2.899659538025128924e+01 1.610073996662483253e+01 3.606148967234795322e+01 5.148597581708581572e+01 4.481794798250054157e+01 2.587401448228336065e+01 4.457141036397042910e+01 4.253248232605148615e+01 2.612011600238347597e+01 4.612558195648158232e+01 5.472792513613020304e+01 5.973051822637670227e+01 6.528174484474870098e+01 7.161408907132678792e+01 7.992358273500839516e+01 8.889647784042435319e+01 8.574015535300752333e+01 7.693823702480939630e+01 7.598264861020305716e+01 7.499769132002398919e+01 5.401620000486197171e+01 3.635511722867031636e+01 3.261677161259981972e+01 5.334239796132987976e+01 3.489556178958753918e+01 4.867521521761291581e+01 6.022713698116061920e+01 5.474660129555170585e+01 7.276198468719807977e+01 7.274925402966334786e+01 5.350680133428311791e+01 6.314824468379767097e+01 6.468794680056200264e+01
