LEM/sinusoidal_perturbations/elevation_000499.asc
nrows	100
cellsize	150.0
xllcorner	0
ncols	100
yllcorner	0
NODATA_value	-9999
[rows 68 to 84 of 100, columns 0 to 36 of 100]
5.009162696260268353e-03 2.000500916269590590e+01 3.603708744087413152e+01 4.147517460383190979e+01 2.967725316114940526e+01 2.145522130179081444e+01 5.096153348201511335e+00 2.510044468073719770e+01 3.646950764124911615e+01 3.360087559617204533e+01 4.719994395113523211e+01 6.144966699615141437e+01 4.581525510818909197e+01 3.487884925117033674e+01 4.571730139673999815e+01 5.195587542290100203e+01 3.565183720162691117e+01 5.086894092038306070e+01 5.103112616579363703e+01 3.293766077164691097e+01 3.977471983391698984e+01 3.008931277768877521e+01 4.691902837206819044e+01 3.695991751086226884e+01 4.533727369805487939e+01 6.273863314248719547e+01 6.414655410251285161e+01 4.301452119269245600e+01 3.653862432830793949e+01 1.707433671788533047e+01 3.650653703820498919e+01 2.795783653536032176e+01 3.525702711873430673e+01 4.254900623618625843e+01 5.342555960736847709e+01 7.200423282636393196e+01 6.908945394349056812e+01
4.695337527364121070e-03 2.000469533752700713e+01 3.682785567612550892e+01 3.575156647898984374e+01 1.219857741218106995e+01 1.242681754538952887e+01 4.769396930986530947e+00 1.182658551799899627e+01 1.925312852119162699e+01 3.319690485009265046e+01 5.398184724160942238e+01 5.813255498753657946e+01 4.967902809140827713e+01 5.497411946893939216e+01 5.777137549306868181e+01 6.033428945087025141e+01 5.602923130939237950e+01 6.437122808588073042e+01 5.039696156464567167e+01 5.103112201246538859e+01 3.976405201737906481e+01 4.792902867359276797e+01 5.601151555913774160e+01 4.509690398636267616e+01 6.407077809426588999e+01 7.498858406656221121e+01 5.774832237594385020e+01 3.659203927026538850e+01 2.478766442104737422e+01 2.030351760597748623e+01 1.768305811392150773e+01 4.340598508820024648e+01 5.465618990696319912e+01 6.127783084219059617e+01 6.918287014567368942e+01 8.005380636344560230e+01 8.892602802711832055e+01
7.614146464036155443e-03 9.731031894551337658e+00 2.547515117687607145e+01 3.775931491062242173e+01 2.568304181508880646e+01 4.307530989470942373e+00 2.102766814364179027e+01 2.790316863928854829e+01 3.598195761849106589e+01 3.772047438332634783e+01 5.586933932162724403e+01 4.623464284358362875e+01 2.902896578687989404e+01 3.449906843326385797e+01 3.738302349190680474e+01 4.029553598474839760e+01 5.471710415935370975e+01 6.910355252305465967e+01 6.889823490245260018e+01 6.751978908236986854e+01 5.316039772232694816e+01 5.908258985056524182e+01 7.191652208488459053e+01 5.643862935935065650e+01 7.191652208465400520e+01 6.740428157480985760e+01 5.648084949259790477e+01 4.240626024796847560e+01 2.453728390015499627e+01 3.452994008056840869e+01 1.811458569979077637e+01 3.544511483158786547e+01 5.536571181587814294e+01 6.909539444227118565e+01 6.100549756439504989e+01 6.909540326361047846e+01 7.863891418411782297e+01
2.352828262072654761e-03 2.000235282826171712e+01 3.682785567612550182e+01 3.816108618530949315e+01 1.643482734376237175e+01 3.981107138439803794e+00 1.376859758717526816e+01 1.277711188808576814e+01 3.177993115349762476e+01 4.351958168176714992e+01 4.250245917714982369e+01 3.396781748737936368e+01 1.635462401965205004e+01 1.938396194990496824e+01 2.253518838482613518e+01 2.573834771328099080e+01 4.033074965159750747e+01 5.914907811775129431e+01 7.233163272021324985e+01 8.064218023057661355e+01 7.338002640554636002e+01 7.940068442670366267e+01 8.259468854447466413e+01 7.518119134336443210e+01 7.233942682342369324e+01 5.940944412141450925e+01 4.064767554011216077e+01 2.998617359865261633e+01 4.228011607649199277e+01 3.767583520928338459e+01 1.854620299179650544e+01 3.288317152162549917e+01 4.633115832067898765e+01 5.169003863508636698e+01 4.237457972910240755e+01 5.164578903124303366e+01 7.036520609754705902e+01
6.786455232800275850e-03 1.414892184167530687e+01 3.414875373030108108e+01 4.603594947813743943e+01 3.266982822158093569e+01 2.049381360669010022e+01 3.518254153949420537e+00 2.080739773139651305e+01 2.565934054052037183e+01 2.177598036592700836e+01 3.027118552780908090e+01 1.224848548211010879e+01 3.396781862884260761e+01 3.183668837524534112e+01 4.335463285053378968e+01 4.628909754741693661e+01 3.042690824155564755e+01 5.071669117180167774e+01 5.196878238840790942e+01 6.645062074564819454e+01 7.367940097925514920e+01 8.198088420841766322e+01 9.207135404052391436e+01 7.522383850206684031e+01 5.621789286681811859e+01 4.548389606714553679e+01 3.782323585062452764e+01 4.854795746352490227e+01 5.531657765721871556e+01 3.896906535352932366e+01 1.897774015516191781e+01 2.336835504777068806e+01 2.784872919858159435e+01 3.281692808192703126e+01 4.380632316910199364e+01 6.245939362241397674e+01 7.863891418411782297e+01
3.257643153035955173e-03 1.425869571748744846e+01 3.509334315013728656e+01 4.651546928987949059e+01 3.896609182067983568e+01 2.729527669730422446e+01 1.587347384570878361e+01 3.048894597274080631e+00 4.093627245284050531e+00 5.973705177956789569e+00 8.410876242880812370e+00 3.027118553551541424e+01 4.250248169103282692e+01 5.232501009882495424e+01 6.076375756925440896e+01 5.627410083682153186e+01 3.590141136968578195e+01 3.621178782303533694e+01 4.037151475941058010e+01 4.609734316177281244e+01 5.323332288769202592e+01 6.353119546603105050e+01 8.382760649247924789e+01 8.346164002216103484e+01 7.233942682342369324e+01 5.658921436298547292e+01 5.657904817577424694e+01 6.359801478233744376e+01 5.302320026541604392e+01 3.309605063697951977e+01 1.941084492447961196e+01 3.701178659999927589e+01 4.679484293617743873e+01 5.167954193900067850e+01 5.962543438591770695e+01 7.057741275485876997e+01 7.325695025387103954e+01
1.880098487986705483e-03 1.949623299131835097e+01 2.773050850801366707e+01 3.030290028166595917e+01 2.502868237307175647e+01 2.421676169798537614e+01 1.127781931880117838e+01 2.712071898488662924e+00 1.691402709305571861e+01 2.724694078898322402e+01 3.027118553529996703e+01 3.886287334402125992e+01 5.471452688244866636e+01 6.297119780009337831e+01 7.298124998479427461e+01 6.210294720519834755e+01 4.165179428120796246e+01 5.636238943833782145e+01 5.461929470382370511e+01 5.309493530505086767e+01 6.645062074564820875e+01 8.198088420847736302e+01 9.207135404058807637e+01 8.577744006123907639e+01 7.763476279762737420e+01 7.567716360324502034e+01 6.600500673883475145e+01 5.768885741915572396e+01 4.890632438925075576e+01 3.926204603744873367e+01 1.984321283689621751e+01 3.437024204903647018e+01 5.562035579253938522e+01 6.423145615988346435e+01 7.182573391825988551e+01 6.908505892405320026e+01 6.088819815958182602e+01
2.900726248362994839e-03 1.778525435709671143e+01 8.638906324002565640e+00 1.421114581742570593e+01 2.545569461428686964e+01 1.763778338556969771e+01 2.229082409386999863e+00 3.653695195917321392e+00 2.924641942335528810e+01 4.132884784557293756e+01 3.865149601416727876e+01 4.455974635105484793e+01 3.440496581965417278e+01 4.466854692440634267e+01 6.476050684051406847e+01 6.864641172759019128e+01 4.795416004833030144e+01 6.864641172759019128e+01 7.495380746578361197e+01 6.489389344472152743e+01 8.175225963004312746e+01 9.493667845131579952e+01 8.425609921038996220e+01 7.437509487713425926e+01 5.784751248910079369e+01 7.437509487713359135e+01 5.774217915801784784e+01 3.768983804338162003e+01 4.071789314261160797e+01 2.158777041688479059e+01 2.027607569367743068e+01 3.970548422083827944e+01 4.747809635668872374e+01 4.498620605022664165e+01 6.099437583572711219e+01 5.761085145802043428e+01 4.097901892628269849e+01
5.081304048347549951e-03 1.771473858665658874e+00 9.800520270169938541e+00 1.560749636476887581e+01 1.728994507417669624e+01 1.742825485865427293e+00 2.204682296435618838e+01 2.614895847235580817e+01 2.881579699610814060e+01 3.083562788595184045e+01 1.820569423242845630e+01 2.409296786863889395e+01 4.455974635105484793e+01 6.297119765555522974e+01 7.298124988005041303e+01 7.723886438073191130e+01 6.864641172759019128e+01 6.096905732876705031e+01 8.185729009500300890e+01 8.513019115489092314e+01 9.338281188150146761e+01 9.001886412574886265e+01 7.035268920109295721e+01 5.630839853443030307e+01 4.628021121244644576e+01 5.729961451461182520e+01 5.462604080098595460e+01 4.349520922766105002e+01 2.385920535876756787e+01 4.071774180922528785e+01 3.955317739305557723e+01 2.089768900128104079e+01 4.015134292694991558e+01 3.365613771674841814e+01 5.075152060454073677e+01 4.562218489689936973e+01 2.961599342394032774e+01
4.469920835086939326e-03 3.194818174162519786e-01 6.347455888148022529e-01 9.515344489682235896e-01 1.272867186135888451e+00 2.158806010457148616e+01 4.528049074795098328e+00 6.472322082648900299e+00 8.514212626245354798e+00 1.058706910486646358e+01 3.092492310598796834e+01 4.262934766747820703e+01 5.287124285821777647e+01 5.215666984188581523e+01 6.043166541384421464e+01 7.201091766766271007e+01 8.450649734970508575e+01 8.185729009500300890e+01 8.185729009500234099e+01 1.025726242352722295e+02 8.937404056099143190e+01 7.950657884995725055e+01 7.132504977925970024e+01 6.433565810793145090e+01 5.729147879128268528e+01 3.731889085319235022e+01 4.640437347372113663e+01 2.667346164657826790e+01 4.349520922766105002e+01 5.169758121915563720e+01 3.668789018975827076e+01 4.032222127943112611e+01 2.150695198462561564e+01 4.074766748999866905e+01 3.491736078842193081e+01 2.597764312726923919e+01 4.562218489689936973e+01
2.324776005098761877e-03 1.993890166622217563e+01 2.585442774039221447e+01 9.506050139256871034e+00 2.365789308063944940e+00 2.956642442536953652e+01 2.479078092873903216e+01 1.281218039860008240e+01 2.881580671709736663e+01 3.092492310598774452e+01 1.385262312858321465e+01 3.425693293187103450e+01 4.038817237289185158e+01 3.177305662835781419e+01 4.364765815497183610e+01 6.378019612555760176e+01 6.469482861173655408e+01 7.870308762958177340e+01 8.057975521614730496e+01 8.878351708754266269e+01 8.118931213468110286e+01 6.146519027594035123e+01 5.145192826613826043e+01 4.433080097428528177e+01 3.798820775882063572e+01 3.199502094468323676e+01 2.957623453166895189e+01 2.881400157675591700e+01 5.372485733478307424e+01 6.459549089191665416e+01 5.643352118077305590e+01 4.757712129487480013e+01 3.019526175960191594e+01 2.210540886773526736e+01 2.252717936658492803e+01 3.598635465933233490e+01 4.957526149013084904e+01
8.699724428260374037e-03 1.474676260519888160e+01 3.648152369136420958e+01 2.356892272715130687e+01 2.250615938684010686e+01 4.424662325303751942e+01 3.318530095310117645e+01 3.318710659789915951e+01 2.456237330737030788e+01 4.262925134234182423e+01 3.425693293187103450e+01 1.724558981393174761e+01 1.987257208479700310e+01 4.038818551565202597e+01 5.285274666206683492e+01 6.709501427926200279e+01 5.055434178035754655e+01 6.655761743608842096e+01 6.074945779412415447e+01 8.057975521614737602e+01 8.937383646099532086e+01 7.933324294206917671e+01 6.938164465031188399e+01 5.575324827503322922e+01 3.591795533117408468e+01 5.195798059070887120e+01 3.842060346788517222e+01 5.433373815594248413e+01 5.048846527480471025e+01 7.144325249521693877e+01 6.095073288566041469e+01 4.684764934048101992e+01 2.718729558801969048e+01 4.159301760430182071e+01 4.200249320325319502e+01 2.312920353296246745e+01 4.263923544226222617e+01
2.249585233037712084e-03 1.414439292849458418e+01 3.414563339968358235e+01 4.488577598410610392e+01 4.484969633304141468e+01 5.310279504355131053e+01 5.346627680000403871e+01 5.326187135737585976e+01 3.904655783223027754e+01 4.496933506936762370e+01 4.420201984516593541e+01 2.369547233747906745e+01 4.038818551565202597e+01 2.400046559872078333e+01 3.860684786682104885e+01 5.339635508258389507e+01 4.036085048032092715e+01 4.655282810105183700e+01 5.817200991662634380e+01 7.801257033383967610e+01 8.785708950544024276e+01 7.645532095402514017e+01 6.181583077601748499e+01 4.181648956594784039e+01 3.982924113480598294e+01 5.984039572420990538e+01 4.998885348529458383e+01 6.660314662378502248e+01 7.144325369361054356e+01 6.680212277362105056e+01 4.671231594295235112e+01 3.268193624818200504e+01 4.684764934048101992e+01 5.106716333916052264e+01 3.382489912453566916e+01 2.355454782808489966e+01 4.217366903745424622e+01
2.739267172789772273e-04 1.414240955053746340e+01 3.414240989754230071e+01 4.316510635322458000e+01 4.381441647651401894e+01 5.209976664772487709e+01 5.114632102498125477e+01 5.943268868853414943e+01 5.926818420217931305e+01 6.512096157405660790e+01 5.141671568732022735e+01 3.101047427057765304e+01 5.141671568732022735e+01 3.184685967736660217e+01 2.875380310648990445e+01 3.301538166769501714e+01 5.339654667269716271e+01 6.655761743608782410e+01 7.476648744090891796e+01 8.621498344382209211e+01 7.969065647771238048e+01 5.993055246728799546e+01 4.835158961849228376e+01 6.181583077601748499e+01 4.393003497756182441e+01 6.392103970599016804e+01 6.987995665238287302e+01 7.806531337674802273e+01 7.664835522451163285e+01 5.969349513087707493e+01 3.962011671399734780e+01 4.410875494202429081e+01 6.095073288567752456e+01 5.697856349288466760e+01 3.762316260814385771e+01 4.308973415548498309e+01 2.415872319229114140e+01
8.327778614586212741e-03 2.000832777861423040e+01 2.593679144650030821e+01 2.316497761308681191e+01 2.381427489037162815e+01 3.574889158142264733e+01 3.114483100790864611e+01 4.386197044685250290e+01 4.386197044685250290e+01 6.386298328112090417e+01 5.969069489098952630e+01 4.290726532156151052e+01 5.969069489101404713e+01 4.030666011756122913e+01 4.923624313753673931e+01 3.724739140236327017e+01 4.602527691903478768e+01 5.768038427448551175e+01 7.755562151778087809e+01 8.995421197309320860e+01 7.029070918932295342e+01 5.624579466968948793e+01 6.828216179572416422e+01 6.817167769180767323e+01 4.823441829382539225e+01 6.239430545539587314e+01 8.211948809983056208e+01 8.249144935239237952e+01 6.236792659247103643e+01 4.816711528874409964e+01 5.119988719828706536e+01 6.419093782341171561e+01 7.256997891863991867e+01 6.562591216694531226e+01 5.743857934639796525e+01 5.194325790047939506e+01 4.373114594878417449e+01
6.510866554257996840e-03 2.955349989652207299e+00 5.936773959651938881e+00 9.022840958893803887e+00 1.226726938150908275e+01 1.574882250062307065e+01 1.959782429522064362e+01 2.386183862233292885e+01 4.386197044685250290e+01 5.921893098808175182e+01 7.126954852060595158e+01 6.304084105918988001e+01 6.871730448211165765e+01 5.050538796276020292e+01 6.419903299665153895e+01 4.412387603724355500e+01 5.750731401018238387e+01 7.429798197467135878e+01 8.576242854098677526e+01 8.995421211945313189e+01 7.029070918953995317e+01 6.517175770038905114e+01 8.421340020662093195e+01 7.329584553688671633e+01 5.345002880972386805e+01 6.455414177584754043e+01 8.426786664402155225e+01 8.249144935239237952e+01 6.236792659247103643e+01 5.976688458286430006e+01 7.129597933658004649e+01 7.969334282542239123e+01 7.801004819675827662e+01 7.354806616636888350e+01 5.868898862756397250e+01 4.738754304331745715e+01 2.765247338414711464e+01
8.953482861371391335e-03 2.000895348286101694e+01 2.593679144650030821e+01 2.902287079467292585e+01 3.226731563369881428e+01 2.574882252616119516e+01 3.959792801466010559e+01 4.386197044685250290e+01 3.093290643446108135e+01 5.093311035579162649e+01 6.792090592030307050e+01 7.620814640437544085e+01 7.867773240764542209e+01 6.466153189386361078e+01 7.241630911907172674e+01 5.319703091253047234e+01 7.241630912115320484e+01 8.564181543291400089e+01 9.752791260738686674e+01 9.813609122326636225e+01 8.995421211945320294e+01 7.909919216151638466e+01 8.485071157277960197e+01 7.877020428790295625e+01 5.903212311082890551e+01 7.877020428790295625e+01 9.243138833585898340e+01 9.092878385655242823e+01 8.249144935239237952e+01 7.986647236288642659e+01 8.829484718880335947e+01 7.801004819675827662e+01 5.820560947154815068e+01 5.368203580240218997e+01 5.046822726001135351e+01 3.062249011646867203e+01 4.738754304331745715e+01
