LEM/sinusoidal_perturbations/elevation_000648.asc
nrows	100
cellsize	150.0
xllcorner	0
ncols	100
yllcorner	0
NODATA_value	-9999
[rows 0 to 16 of 100, columns 37 to 73 of 100]
9.395368268401371381e+01 1.018651407955456989e+02 1.060085773021396705e+02 1.004217966560807014e+02 9.800112333334389803e+01 9.011132272976736601e+01 9.256114584452937777e+01 1.004636786795190631e+02 1.146865262855124996e+02 1.097474915268394824e+02 1.017994173273621641e+02 1.084582456278968294e+02 1.164552436877883963e+02 1.250183334968135398e+02 1.361867073078414023e+02 1.396292026466657035e+02 1.336892216901135271e+02 1.256836113789203608e+02 1.281982085035957084e+02 1.361998587869223059e+02 1.293789507855231307e+02 1.178413508041978019e+02 1.095985015886044636e+02 1.121979293393189749e+02 1.121979293393189749e+02 1.204306600469113278e+02 1.143965870291137037e+02 1.059628576544441785e+02 1.059628576544441785e+02 1.083526363003334581e+02 1.083526363003334581e+02 1.167906569070673442e+02 1.211232764683478536e+02 1.130153276889641489e+02 1.104612683412700562e+02 1.185762276657523699e+02 1.246278724062507877e+02
7.507481543977672800e+01 9.239332562065554555e+01 8.707113198254188546e+01 8.154110630481872590e+01 8.705395417558800375e+01 7.118619061887845589e+01 7.364426710807150300e+01 9.256114584452937777e+01 9.571943685122393219e+01 9.571943685122394641e+01 8.305965891217864794e+01 8.962423504363701454e+01 9.793946589167127570e+01 1.088298902141601445e+02 1.280851419916214127e+02 1.207813469174946306e+02 1.207813469174946306e+02 1.060054180665097476e+02 1.085748535875573850e+02 1.281982085035957084e+02 1.211834674488805490e+02 1.011177179749315229e+02 8.943820581569167416e+01 9.206097079077461842e+01 9.206097079077461842e+01 1.121979293393189749e+02 1.059628576544441785e+02 8.580753349750536074e+01 8.580753349750536074e+01 8.816665712449990622e+01 8.816665712449990622e+01 1.083526363003334581e+02 1.130153276889641489e+02 9.322540908454996611e+01 9.064742758100915410e+01 1.049455397008146775e+02 1.049455397008146917e+02
6.547830200304034065e+01 8.451424886144017989e+01 8.645850870441303471e+01 6.809140036172040311e+01 7.518697491883538930e+01 6.001155531659734521e+01 7.918489261109631627e+01 8.692098844119954038e+01 9.030645128618239426e+01 7.696830479449801032e+01 9.571943685122393219e+01 9.235075040935417690e+01 1.031604220537959975e+02 1.222960357280824724e+02 1.309451231054572986e+02 1.112800250790784702e+02 1.014198348059320836e+02 9.445459174176222916e+01 1.143224011728346028e+02 1.259618477712839422e+02 1.207617091640186828e+02 1.091898024943516390e+02 9.795894939717088334e+01 7.782661546059621571e+01 9.206097079077461842e+01 1.121979293393189749e+02 1.046204166182053541e+02 9.171089126605971842e+01 7.165281705534604839e+01 7.401193435238855045e+01 8.816665712449990622e+01 1.083526363003334581e+02 1.117913532217999801e+02 9.902174204465309515e+01 7.916343623085306547e+01 8.511294706446722103e+01 1.049455397008146775e+02
5.895008219945382422e+01 7.670645011089882814e+01 6.879472125645020242e+01 5.938419774674510876e+01 5.588522233189328858e+01 7.518697541969852693e+01 6.463386437042467492e+01 6.797800365430475722e+01 7.145699189210404256e+01 8.236615187487601020e+01 1.011531019956814816e+02 1.031604220537963243e+02 1.192620796027651835e+02 1.303705639165700916e+02 1.249204336172158492e+02 1.113672135881858622e+02 9.147977789844760821e+01 8.782255542486130651e+01 9.782003797212257723e+01 1.177731052108976542e+02 1.125310473066032699e+02 9.241644247222481567e+01 8.080683879006404879e+01 7.286951563502529439e+01 9.292586591302716670e+01 1.053218745648233323e+02 9.621421638571892743e+01 7.613121671568622162e+01 6.454339543536046619e+01 8.461929112009032394e+01 9.687251556239303341e+01 1.053060490623227565e+02 1.036476295626246440e+02 8.378802489303531331e+01 7.248556089955044968e+01 9.240230677338641385e+01 1.038147237351800953e+02
5.294358355873990263e+01 6.527915813275652113e+01 4.922111590792301428e+01 5.187814243641221879e+01 7.132662480408690442e+01 8.306678602878214690e+01 8.367229335407201063e+01 8.692098844119954038e+01 9.030645128618239426e+01 9.818363319664256039e+01 1.090960811118151668e+02 1.222960361359520363e+02 1.303705801141458380e+02 1.245625362311312898e+02 1.116287703270356815e+02 9.777272955436512802e+01 1.014965239779449320e+02 8.156110267180338269e+01 9.563744704470067859e+01 1.156415869731703481e+02 1.140233268825960096e+02 9.392187536728839348e+01 7.969875883139579287e+01 6.819803077775216593e+01 7.697539903831911090e+01 9.114863680157121451e+01 9.629876439852640146e+01 8.033909577862550577e+01 6.036213025493850637e+01 8.033909577862550577e+01 7.675213271912247137e+01 9.687251556239303341e+01 1.015055323191900385e+02 8.161348567562490075e+01 6.741588624386035633e+01 7.569267742256189990e+01 8.975370057887872122e+01
6.527914903406417579e+01 4.549419492203196569e+01 6.527913693106893334e+01 6.965742722544206345e+01 7.308123909955720876e+01 7.671635124498176594e+01 8.061685653608266477e+01 8.485998947318077512e+01 9.008224129523156876e+01 9.572812301271504509e+01 1.036213863112416220e+02 1.145457866336896728e+02 1.185710257335555866e+02 1.096529685822788167e+02 9.770793429075585834e+01 8.382547163778332333e+01 9.227172444674522467e+01 7.759014904611379393e+01 9.165507658585401884e+01 1.116309238222223996e+02 1.020913422339003489e+02 9.382950382161118341e+01 9.649655524521240579e+01 8.285317819971085385e+01 6.285152726094430164e+01 8.285317819971085385e+01 8.791643119957765862e+01 6.787187741088168025e+01 5.656385896694754933e+01 6.270069605152211523e+01 7.675380578871055093e+01 9.692536573130095690e+01 9.849083215935849012e+01 9.563852675362014111e+01 8.153502148984166809e+01 6.146089978242923735e+01 7.309627583876644508e+01
6.048524101011319232e+01 4.313060668823223409e+01 4.664879286582422679e+01 5.013700383426128582e+01 5.371398329548585338e+01 5.748130156092712184e+01 6.150836112660820021e+01 6.588412212725187089e+01 7.125314445848536593e+01 7.700285173293188734e+01 8.778656853160522644e+01 1.065764880594179829e+02 1.094684774883926366e+02 8.813479187764613698e+01 9.369478152833713125e+01 8.776111527105811660e+01 7.232840383066205447e+01 9.227172444674522467e+01 1.057555483090375077e+02 1.079848424132774625e+02 8.796617059695978469e+01 7.378332977991613006e+01 8.115119015283129045e+01 7.771704371286455171e+01 5.936911437702307381e+01 7.942292336319808044e+01 8.680496162420217843e+01 6.681606658574472135e+01 5.307489919270587819e+01 7.267067839408267105e+01 9.102276583227589413e+01 9.292093236764357300e+01 7.847188951948510294e+01 7.847173547915784297e+01 7.311027741671712477e+01 5.804153955031532774e+01 7.207876197275325580e+01
4.032183147679555191e+01 5.805314671627873935e+01 6.383622440433119039e+01 6.965758332490975135e+01 6.751271851307912186e+01 7.117160638161527686e+01 7.509321626800910110e+01 7.935219480270001213e+01 8.140592902672258901e+01 9.572812301271504509e+01 9.021102631786513371e+01 1.090475726783456594e+02 1.047805147775929981e+02 8.512575578669094511e+01 7.362526416862310441e+01 6.771408129552024491e+01 8.776111527105811660e+01 1.005153270795155152e+02 1.030892996927409655e+02 1.089257246939145745e+02 9.532392267908062422e+01 7.528065212457242694e+01 6.100900914121013585e+01 6.606372286643087932e+01 5.601497192622489507e+01 7.977855859344523992e+01 8.367510498804010410e+01 6.377622599098323519e+01 5.007337743939921637e+01 6.959072020136660797e+01 8.599721355871660933e+01 7.279125979789330358e+01 7.279940493584105354e+01 5.882451097698420028e+01 5.387056396502301681e+01 7.308885842574115088e+01 7.922352391240174541e+01
5.438945251382195067e+01 3.752710987537025744e+01 5.307746548708640688e+01 7.641104248238414698e+01 8.652493752888192091e+01 9.010254948898413829e+01 9.395210376956147513e+01 9.815698187230546523e+01 1.002287962474701430e+02 1.081548454412033635e+02 1.090475726783456594e+02 1.170317466382918354e+02 1.128981468970945485e+02 1.019986964803771912e+02 8.467141388499950949e+01 6.452447990210220041e+01 8.079429536090171382e+01 8.906709686032289142e+01 8.309656278859702638e+01 8.895229985334222533e+01 9.589656441971625611e+01 7.585430423771060759e+01 6.158760359628141856e+01 5.139150709387560312e+01 6.779177349455487445e+01 7.603262644925816005e+01 7.144847953011165487e+01 6.341143890928224636e+01 4.710782045623471959e+01 5.833663027298160131e+01 7.798239384175674616e+01 7.258099048032454448e+01 5.024488251992621457e+01 5.033886750878914995e+01 6.820895503217569456e+01 6.984428561953360770e+01 6.074990535845034856e+01
3.479046619639176186e+01 5.548485717272365036e+01 6.722597175251681278e+01 6.625078318336312577e+01 7.020616625440642622e+01 7.439396148134700582e+01 7.887868911420930829e+01 8.503404361644241760e+01 9.189183392127682737e+01 9.994184556083220627e+01 1.096359152483540953e+02 1.203400336133827153e+02 1.103854290077479590e+02 1.021676907541161086e+02 8.658928160216420622e+01 6.649689524679462238e+01 6.053180590461715838e+01 7.734458976070841629e+01 6.884715621337052482e+01 8.895229985334222533e+01 9.667007810204748353e+01 9.000419486389061774e+01 7.995740058516450688e+01 6.779177330351643604e+01 4.748787336210216381e+01 6.408100661562461653e+01 6.159699168326153540e+01 4.296860182762842584e+01 5.239509786558625137e+01 6.446405039863941511e+01 6.567371253511095119e+01 6.634654328464434059e+01 4.697754619541058929e+01 4.766742917667616553e+01 4.837320421855977060e+01 4.908019342485290792e+01 4.979109810081536125e+01
5.289960920874468542e+01 5.757791282824024393e+01 6.082417126505834659e+01 4.629092169185658889e+01 5.042925089928314719e+01 5.475146074999142343e+01 5.933021457325841652e+01 6.556910358361365354e+01 7.249507380726183214e+01 8.221694559499803745e+01 1.015667222475554894e+02 1.121512215775558161e+02 9.218415993067645786e+01 8.221806231870371562e+01 7.555300779214567797e+01 8.256293155167433895e+01 6.235169390825780056e+01 5.701185053864981711e+01 7.434669091484381909e+01 8.264804219005043251e+01 7.659888163637349123e+01 7.659888163639068637e+01 8.489372326068593111e+01 7.610545503744980067e+01 6.408425881788885192e+01 4.371706710504334836e+01 4.203115161703272662e+01 6.247288674308102685e+01 4.394017509378340947e+01 4.462860189282205425e+01 4.531575513003694056e+01 4.600171928158755463e+01 6.634680762571223056e+01 7.370606163384354659e+01 6.359706027042890497e+01 6.373413203962100937e+01 7.057207181093833981e+01
3.372298905312053563e+01 3.706859934897295261e+01 4.053656652238979774e+01 6.082417126263912621e+01 7.020616625384577958e+01 7.439396148134700582e+01 7.887868911420930829e+01 7.066816578353608236e+01 9.009447256227367973e+01 9.994184556083287418e+01 1.096359152483553174e+02 1.203400336133827153e+02 1.103854290077479590e+02 1.021676907541161086e+02 9.110545479955318626e+01 7.107224372793392320e+01 7.670195461203620368e+01 7.434669091484381909e+01 5.399097446833646075e+01 7.140859632144740488e+01 6.945115700954856663e+01 5.631668211991564021e+01 6.566189620628583157e+01 6.903153003019778566e+01 6.067410013850999917e+01 4.110958168414936154e+01 6.156548332495636799e+01 7.075655330411071020e+01 6.120633710651875958e+01 6.500652395161979769e+01 5.575146620192276004e+01 4.996272011482641773e+01 6.374212327404832479e+01 8.411042877684677421e+01 8.569881277899743566e+01 8.337330087526200373e+01 7.354348539483591196e+01
5.019161269289412530e+01 5.757787653435465103e+01 6.082417125998322405e+01 5.091106033586697777e+01 5.990201328719184914e+01 7.127409783572292667e+01 9.074435994816307982e+01 8.190705453120365576e+01 9.814646284386131470e+01 1.075661026693907303e+02 9.928655622629860034e+01 1.075661026693907303e+02 1.178629633489619977e+02 9.789303863859598209e+01 8.376181298166306988e+01 8.111616125754053996e+01 9.671371967958253890e+01 7.947796004842851403e+01 5.940478693099483820e+01 5.105211701178715344e+01 4.910267570564089823e+01 4.716718547215456425e+01 4.525389426487291900e+01 6.067414790819501746e+01 4.022611375121983457e+01 5.980698371524653112e+01 6.600173418887851540e+01 7.526338885655472666e+01 8.386099917414419735e+01 7.594126069689765757e+01 7.585782713958553813e+01 6.374351173421729300e+01 5.690835658387841534e+01 7.159214761765858270e+01 9.183564917226719615e+01 8.929038927061131403e+01 7.362605730034877638e+01
5.433233996369149565e+01 5.827447912237037997e+01 6.645744608501100004e+01 7.073728219555673036e+01 7.882061964492339712e+01 8.757000769914073146e+01 9.881252248375946579e+01 1.012786935841180735e+02 1.093499973245432244e+02 9.753177515456150104e+01 7.918473854785631261e+01 9.753177515456150104e+01 1.086541951820618834e+02 1.119817356102119277e+02 1.037420941664774006e+02 9.264592815481374544e+01 9.350756951556385843e+01 7.366670553234307306e+01 7.818383661760570646e+01 6.060829924166418436e+01 6.823923098705947154e+01 6.752840625588503087e+01 6.303814410890597486e+01 4.252692416728485370e+01 4.079548777325979358e+01 3.934137004275610394e+01 4.209201706450043190e+01 6.079000395632475318e+01 8.158743437368153195e+01 9.582411722126380482e+01 9.255038708774463885e+01 8.368847022496024124e+01 6.320603131850916867e+01 8.368847022496024124e+01 9.504608326049491041e+01 7.520617295522880852e+01 6.095458486600758619e+01
3.363673852536945219e+01 3.779613150162762025e+01 5.827447912237037997e+01 6.891606574894606752e+01 7.486335949192060468e+01 8.140556733922062449e+01 8.951577975415899857e+01 9.929814728093050746e+01 1.001224082454124300e+02 8.923564738707742094e+01 6.911128185057745554e+01 8.028140032146980332e+01 9.446779775176585758e+01 1.060564413574116571e+02 1.208573011511737434e+02 1.126360513486761761e+02 1.017120776728585554e+02 9.350756951556385843e+01 8.815948376650838725e+01 7.955563512711424323e+01 8.567911734858954276e+01 7.961055661892811486e+01 5.932778428347271671e+01 6.297989210790192516e+01 5.919560357876738976e+01 3.871361966890795969e+01 4.466477961566376109e+01 6.474030222183222349e+01 8.074114438572863151e+01 8.909571535648548490e+01 1.007517986976159818e+02 9.078826477193224775e+01 7.070701329515169675e+01 9.078826477193224775e+01 9.520117013867226774e+01 7.521348582037033736e+01 8.089045108637797910e+01
5.433238456783637815e+01 5.827447865082336875e+01 4.421667395757307162e+01 4.900168585190912296e+01 5.512965393954589643e+01 6.177894379732061481e+01 7.162943362397351166e+01 9.118170105446775153e+01 9.183238504399729152e+01 7.170343599295311776e+01 6.195028146223497600e+01 6.601779370564261740e+01 7.767017771261255632e+01 9.777575968032761011e+01 1.132225473037775316e+02 1.019160390480090115e+02 9.376342714507782716e+01 8.693480727044081391e+01 8.080465760617907733e+01 7.605792449610463279e+01 7.164417547732060143e+01 7.972083796991728377e+01 7.958165043284276408e+01 7.325310637549817727e+01 5.268700422881227752e+01 3.812520549057914110e+01 5.861521241964018003e+01 5.370500121178675812e+01 6.073541597778589818e+01 7.220084477971875003e+01 9.240743104145467157e+01 9.905406028350387260e+01 8.235675863493538884e+01 9.905406028350387260e+01 1.037325898716662493e+02 9.511690489809106452e+01 9.461049390667820091e+01
5.009831883284906695e+01 7.011738337199055593e+01 5.856542877174069872e+01 6.060220344018548388e+01 6.531416007191803885e+01 8.140556733922062449e+01 8.951577975415899857e+01 9.929814728093050746e+01 8.975865611135866118e+01 7.539716696615123226e+01 5.517042088205171524e+01 7.539716696615123226e+01 8.588440339071786411e+01 9.417271837068265938e+01 1.050140886501862525e+02 8.552737130457919079e+01 7.444917346707761396e+01 6.754957193366038837e+01 6.123627077445733846e+01 5.632148729724559644e+01 5.176665009827365793e+01 6.578112606140042828e+01 7.374619024667646272e+01 7.343265414778231559e+01 5.772553052438443899e+01 3.754001896675242023e+01 5.805986938844071688e+01 7.366804980566919880e+01 8.074114607595363680e+01 8.909581926500759153e+01 9.234929995770889377e+01 1.009048246446222379e+02 1.023059163472342732e+02 1.105734944372825765e+02 1.151355716228913764e+02 9.498524216325814962e+01 8.699840429130043162e+01
