LEM/sinusoidal_perturbations/elevation_000822.asc
nrows	100
cellsize	150.0
xllcorner	0
ncols	100
yllcorner	0
NODATA_value	-9999
[rows 34 to 50 of 100, columns 0 to 36 of 100]
2.064481644892168701e-03 1.414420010537596717e+01 3.414420010537666883e+01 4.947539701834068637e+01 4.119112577087907567e+01 3.384023641155285844e+01 4.798237203528331207e+01 6.798237203528189809e+01 7.225947753067939061e+01 8.060125090622297250e+01 8.572577370461316093e+01 7.408214799811172213e+01 5.443237801635352469e+01 5.814509485052440851e+01 4.457139051165864174e+01 5.075234003937653426e+01 5.792174180420712304e+01 6.927918844073458615e+01 8.822745511899772453e+01 8.574175136613573045e+01 7.694713683695870543e+01 8.571310404236898250e+01 8.733992980702717546e+01 7.898175218488039206e+01 8.766012110338347441e+01 1.000701938647139997e+02 1.040433446960561668e+02 8.370344930243372517e+01 6.905163222825137836e+01 6.744217924783185936e+01 8.103750446929117857e+01 7.728312441735889138e+01 9.774258000086933862e+01 8.113135215407709211e+01 6.103585760333245247e+01 6.690903255567639007e+01 6.181840221018452297e+01
2.905961989428186391e-03 2.000290596198907167e+01 2.843784528419111979e+01 3.302615996160196232e+01 2.119112577087978977e+01 3.119112577087961213e+01 4.533326139461006221e+01 6.533326139460864113e+01 5.212909922412559638e+01 6.897754365617880978e+01 7.745660965755183724e+01 5.721294677092977565e+01 4.538030122488338947e+01 3.769801604205899537e+01 5.814509491147938292e+01 7.081691750147494702e+01 7.768836701925978616e+01 8.575614541072198449e+01 9.611645706055033145e+01 9.523058477408123679e+01 8.695665547127289585e+01 9.523058477658230458e+01 1.020369917369083623e+02 9.378422366420400635e+01 9.922720790904529053e+01 9.467370159456038436e+01 1.029332595552264138e+02 9.801500852167802691e+01 8.370344930243372517e+01 8.211684985497572598e+01 9.644469877942800906e+01 9.774258000086933862e+01 9.427158803575137824e+01 8.113135215132371059e+01 6.103585760333238852e+01 4.696265602992924215e+01 4.950193648658832757e+01
3.542675937824442140e-03 4.173830957079302628e+00 8.437845284191475059e+00 1.302615996160267109e+01 2.457316534539498321e+01 4.457316534539427266e+01 5.947539701834050874e+01 5.998647636843062969e+01 4.054529243106185987e+01 5.998647636843062969e+01 7.002497532926636836e+01 7.405895693544312053e+01 5.399764982566639304e+01 3.349551920735240884e+01 5.399799903892989761e+01 6.843203144876308386e+01 6.219086053951303228e+01 7.057242461840949943e+01 8.230059315123894237e+01 8.516321361490929576e+01 6.675575911379672789e+01 8.516321361490929576e+01 9.046440254451749752e+01 7.369005321270368825e+01 7.927279995072613872e+01 7.510180199857711614e+01 9.172505557662915976e+01 1.031897269147753207e+02 1.040433446960561668e+02 1.024833513755420000e+02 9.964748134556202785e+01 8.960059640969903683e+01 7.415429247394654055e+01 7.415429247356351539e+01 6.971023459124840826e+01 5.708788778828078136e+01 3.709320761809198075e+01
3.411803931810562015e-03 2.000341180393145635e+01 2.843784528419111979e+01 3.302615996160196232e+01 4.131043120906356592e+01 5.285743659285587626e+01 6.000973359824906339e+01 5.165182477869293365e+01 3.160228687279738580e+01 4.129295350661228525e+01 6.147409629194279290e+01 6.258423828124629296e+01 5.044568267430187802e+01 2.994122230576288857e+01 3.956585337338631803e+01 5.035233203623264586e+01 4.168592768516225533e+01 5.357256468643778646e+01 7.396367161216724639e+01 7.685620729253435002e+01 5.652095796436160668e+01 7.685620729253435002e+01 7.574590730849628528e+01 6.193346435498192903e+01 6.495292669436578592e+01 6.337981188257726473e+01 7.510713206760627259e+01 9.503019664383384679e+01 1.009398989261106010e+02 1.092154382583607770e+02 9.134321832547028919e+01 7.123060020494507683e+01 6.111282246348178404e+01 5.392896035181862402e+01 6.137593347867116478e+01 4.124372152401919323e+01 5.708788778866714608e+01
3.327314952832964925e-03 1.414555880151646505e+01 3.415180863931025357e+01 5.005080442324371148e+01 5.390193970411048952e+01 5.347046036578464623e+01 3.949266705852279102e+01 4.497000438722805882e+01 2.494262134681511611e+01 4.496989143474976203e+01 5.653261709157619208e+01 4.221188381985606242e+01 5.653253998650717449e+01 4.556611223875445660e+01 2.510265699321873711e+01 2.982925999382509730e+01 4.009251106154719935e+01 5.464330326930340220e+01 7.502223100973620262e+01 7.007779084981004303e+01 4.965464426126924025e+01 6.136933188398478478e+01 5.540760980065705610e+01 5.275381918815730131e+01 5.312957235536328682e+01 6.758067239758956646e+01 8.770652510279012404e+01 9.403475222021121738e+01 8.074656549024953733e+01 9.759306956210356532e+01 9.964748118624004292e+01 8.960059640969903683e+01 8.128690926479973200e+01 6.589733521104422209e+01 4.565457493560863611e+01 6.137593347919415265e+01 6.447661586250629284e+01
6.779948344387334673e-03 1.433379381492841276e+01 3.535645681281506825e+01 3.295115677326025860e+01 3.761876343734498818e+01 4.351351955183283593e+01 2.536292660796352294e+01 3.292715651903720442e+01 1.977198902925321278e+01 3.979752338080907492e+01 4.819590543622025081e+01 2.771355426692591806e+01 4.819608048375709330e+01 4.230242869872234479e+01 2.189369080546884661e+01 4.230252090896276940e+01 5.877956164755253354e+01 6.899984899621460954e+01 7.190381122799470859e+01 7.189982709577807896e+01 6.136933188398478478e+01 4.082679031324885699e+01 4.082678990050489887e+01 4.559116499758331287e+01 6.605489112301269472e+01 8.176016151593836412e+01 8.806047746529443998e+01 7.378833023692534709e+01 6.899529283522123535e+01 8.074656549024953733e+01 1.009398989244176619e+02 9.029184322950887065e+01 7.016329981634748947e+01 5.847428146885692968e+01 4.997937370030072657e+01 7.032920561848422381e+01 7.279981927634426597e+01
9.516927588586143695e-04 1.999388735883513490e+01 2.732333275470117684e+01 1.949379440184952372e+01 3.147267306891547989e+01 2.613587695868650940e+01 1.536652346432827088e+01 1.287361395884469673e+01 2.949887174142183000e+01 3.225924302609774230e+01 3.205530972956341884e+01 2.007016799258123996e+01 3.448312989773170045e+01 3.575504029484320512e+01 1.919878747136255726e+01 3.955877794255084012e+01 5.409040202783658913e+01 6.250298868112742667e+01 5.148577157404682936e+01 5.148963017789967012e+01 5.148963915165234084e+01 3.528226408656284718e+01 5.587910671204731727e+01 6.605489112301269472e+01 7.439063703284330131e+01 8.066093626608572720e+01 7.229994532584690603e+01 5.940217742633348053e+01 7.971836994106541852e+01 9.759306956210356532e+01 1.092154374843787963e+02 9.859771409006327758e+01 8.698941282117597495e+01 7.500483704184880196e+01 5.457911285130798973e+01 7.500483717293145958e+01 8.339173496419429910e+01
1.945935296826602993e-03 1.047835459418452464e+00 1.210115647055240728e+01 2.330581140588083144e+01 5.086436247609523065e+00 6.149807117810752288e+00 7.207102274729877855e+00 8.272938412658296770e+00 9.389300710971044239e+00 1.053058752062520220e+01 1.173120090121591907e+01 1.294527398260789752e+01 1.417807944966951261e+01 1.544972196578619084e+01 3.575546051891942767e+01 4.627306800037966639e+01 3.355543366314265086e+01 4.390930260835791188e+01 3.692142538280980801e+01 4.733305145318035301e+01 3.090819144327470269e+01 5.148963915165234084e+01 5.686953923222637286e+01 5.960309614194872552e+01 6.240115660593797742e+01 6.571099934097901496e+01 5.197840160824875966e+01 7.229994532584690603e+01 8.806047746529443998e+01 1.034139874232985790e+02 1.075721937976992706e+02 1.005253023851266079e+02 7.876870516693782065e+01 6.522779690157321397e+01 7.500483743994944064e+01 6.485940564635214400e+01 8.515026909193119309e+01
5.600688922766023682e-03 2.000560068523717305e+01 2.532600930961830699e+00 3.585568089517924495e+00 9.047245418773194103e+00 2.495344029068360570e+01 2.683056152477025336e+01 1.809620446219030399e+01 2.937395731741251126e+01 1.517172932968957078e+01 3.167046138759537044e+01 3.326700451988724438e+01 1.900177984898413186e+01 3.575546048343200312e+01 1.749456832523307170e+01 3.781752973661711081e+01 2.184793130512840165e+01 2.348838036210421265e+01 2.514536802356896672e+01 2.683379188162347972e+01 4.733308922288495779e+01 5.305787944398372247e+01 3.641786642293049425e+01 3.922447303137720809e+01 4.211249233500105760e+01 4.536008635229374164e+01 5.006188201800646453e+01 6.173017505051077336e+01 7.579591043804927608e+01 8.923059301223570117e+01 8.921696264122661546e+01 1.055555023937267123e+02 9.461907558147480302e+01 7.760734610268345079e+01 9.349096989193569129e+01 7.504968919245972359e+01 9.349096978450133122e+01
8.215197286175309616e-03 1.998225912318976683e+01 2.370301067122011318e+01 2.362313082949135534e+01 1.458180150783537954e+01 3.211940532108548751e+01 3.545709478026149242e+01 3.686402345425086224e+01 3.847422189937622505e+01 1.987836096336421576e+01 3.850576158627862355e+01 4.436229258027612588e+01 2.400447992220825455e+01 4.343579410964659360e+01 2.528155351394020300e+01 1.955693838022338227e+01 3.990131508157524109e+01 4.390945524721649917e+01 4.560463342897462979e+01 4.733308921845889472e+01 2.989648532922353752e+01 3.253838425688382330e+01 5.305787944195616745e+01 5.960309614152632918e+01 6.240115660593797742e+01 5.186647405438105807e+01 6.835224364526239071e+01 5.776209196321138251e+01 6.432986131496579674e+01 7.097393345471327564e+01 8.232000203200669830e+01 9.753562689811722919e+01 1.071169299481460655e+02 9.917411188502491370e+01 1.035768412126404883e+02 9.525084900080078398e+01 1.035768412126404883e+02
2.613274238814250559e-03 1.414474889796989032e+01 3.414474889885798348e+01 4.103438933832796209e+01 3.266250354746537710e+01 4.103394720394879158e+01 5.008043661549493919e+01 4.589021174906498146e+01 2.739576196778140726e+01 3.850628436503295404e+01 4.637335871237038276e+01 4.984188061759023469e+01 2.944810237145646425e+01 4.967579083066988233e+01 4.566712912433444416e+01 3.990136585215559961e+01 2.447143986507734681e+01 3.625214904180468523e+01 5.680900848455725338e+01 4.668518324732730207e+01 5.016830891466397446e+01 3.607445456939086625e+01 5.044384081336553294e+01 6.925913513825410917e+01 7.823819804773555120e+01 6.488849096291133378e+01 6.413828623621408553e+01 7.592147513043859419e+01 7.620466112160342220e+01 8.923059301223570117e+01 9.675239638751737914e+01 9.391338947042237351e+01 1.039639785048596252e+02 1.091496053136044395e+02 9.904039406937997114e+01 9.394641073534002373e+01 1.022805539192018074e+02
7.532853315450405325e-03 2.000753285331509446e+01 3.090242782085770301e+01 3.723184469175955513e+01 4.554173415183139895e+01 5.454184048112653471e+01 6.291608093045773131e+01 4.372696015539812464e+01 4.589365935983384759e+01 3.716557543333021840e+01 5.591639286963021505e+01 5.600536836374170235e+01 3.556339212916037695e+01 5.600536836374170235e+01 6.327477602416873737e+01 4.274394668927202900e+01 2.820325912824366554e+01 4.875728737807992275e+01 6.522687994312376247e+01 6.118926385090047404e+01 6.482073429575328305e+01 5.687300470194483637e+01 4.316927396324203414e+01 5.343627213935768339e+01 7.357210472821225267e+01 8.191700263836166584e+01 8.271506158174311452e+01 7.869522489792571207e+01 9.531568605791864002e+01 1.039955389849149299e+02 8.972690942660993585e+01 7.157581255027545808e+01 8.972690942660993585e+01 9.944718253072679204e+01 7.712821933910913685e+01 7.395454962450999403e+01 9.121809747954112879e+01
6.101047412966256744e-03 5.351325886354153738e+00 1.089832787009861903e+01 1.722288389865718017e+01 2.616723339225269029e+01 4.031913655331120339e+01 6.048807983701671276e+01 6.421887560801201289e+01 6.404925185773448959e+01 4.774777073925037030e+01 6.404925185773448959e+01 6.324263439497955375e+01 4.277255484322223822e+01 6.324263439497955375e+01 6.473290147236426151e+01 4.420124770357679012e+01 3.227065432221341723e+01 5.287894564204653847e+01 7.047125298921923786e+01 8.146761169775612643e+01 8.007738403171076413e+01 5.984967207694529634e+01 5.004307272457245404e+01 7.032075320869455481e+01 7.357210472821225267e+01 9.354319020706726917e+01 8.712034566741564845e+01 9.485336378872767682e+01 1.039809245431722786e+02 9.484976339087717179e+01 8.032193146700723219e+01 5.932547345836274388e+01 8.032193146700723219e+01 9.445319722046784250e+01 8.209932403896713993e+01 6.238583332830594941e+01 8.271514766955982623e+01
6.842009524227352091e-03 2.000684200952387215e+01 3.090242782085585205e+01 3.723184469174491795e+01 4.554173410942458133e+01 5.454807204047585856e+01 6.279776760668136859e+01 5.452600481895575513e+01 6.279776760499090926e+01 6.707493821364295172e+01 7.529561023437136669e+01 7.163074692894340956e+01 5.462076746058186671e+01 7.163074692894340956e+01 7.311932011342264559e+01 5.939084423140755575e+01 3.879841279698926826e+01 4.151210554883547843e+01 5.344246232613740943e+01 7.386705861561760855e+01 8.845395824550361397e+01 7.869184671266242503e+01 6.179124587347902775e+01 6.661522485246410952e+01 8.680846362133404170e+01 8.162751437390296871e+01 6.534911689228111698e+01 7.831333409630525466e+01 8.682407007866072490e+01 8.545661910981166898e+01 6.601732542159831496e+01 5.234400975533198164e+01 7.245656025387383181e+01 7.423580868873234806e+01 7.423580868873234806e+01 5.640076943752934824e+01 6.699337287713822775e+01
1.934550753332892102e-03 1.414407309451655870e+01 3.414474373842507049e+01 4.216357533372958244e+01 4.184765294619611353e+01 4.996326949052227917e+01 5.280995776263254271e+01 3.454797533633431073e+01 4.900559327785620667e+01 5.385129993896854472e+01 6.212261858541955917e+01 7.365075919181575159e+01 7.502032365541590764e+01 8.336589686915651498e+01 7.383401338754985943e+01 5.340828768328462672e+01 4.915194917561456123e+01 5.185276313240625967e+01 7.047125298921923786e+01 8.221938073407956438e+01 8.514437220920780192e+01 9.035153656098950137e+01 8.197227691036469821e+01 8.680846362133404170e+01 8.371580470570539489e+01 7.168400654857646259e+01 5.232054028953618285e+01 5.830453024963033215e+01 7.520619727881273775e+01 7.702964645652234310e+01 5.697717378821159429e+01 4.613035531288807078e+01 6.601732542159831496e+01 7.255691818739946086e+01 5.417107859609853904e+01 5.068239130322646702e+01 6.478582820961594280e+01
4.364784840791047053e-03 1.414650057066122812e+01 3.414642114454564847e+01 2.198317572125074193e+01 2.196355469002588734e+01 4.182268661405861820e+01 3.899340135662795603e+01 2.454929669393655445e+01 2.902139223756181607e+01 3.387193954444344968e+01 4.541269702308609624e+01 6.537864589451341146e+01 7.080795962181356629e+01 9.077408474619346634e+01 8.218789603541725342e+01 7.383401338754985943e+01 6.103708076931238224e+01 6.636068104750017937e+01 8.065404321630975915e+01 7.928262506446532143e+01 6.510125765273032528e+01 7.928262506446532143e+01 7.773516461420555856e+01 8.362034553560103234e+01 7.501101546890943439e+01 5.527181924333784480e+01 4.288828640982453066e+01 4.675197277194735790e+01 6.686653922672748251e+01 7.477299791654408523e+01 5.478432188153218618e+01 4.081511980714662258e+01 5.495004616505979556e+01 5.866057290504721067e+01 4.422477118917983319e+01 6.420344364240911261e+01 7.908195860134907207e+01
5.219006137575642711e-03 2.000521895620263280e+01 2.449269822706495958e+01 7.826032221678304701e+00 2.747986235352029283e+01 3.384153532553372656e+01 1.900230816643841791e+01 3.314150603302651632e+01 4.900559327785620667e+01 4.800370607919256116e+01 4.329651438402676433e+01 5.084883352784670763e+01 6.496177285015274094e+01 8.492190301412318831e+01 9.319415192228787248e+01 8.969593359064428739e+01 8.136752910868061406e+01 8.662875261206610844e+01 8.336184766991190997e+01 7.035400416070636709e+01 5.104784664439645070e+01 7.035400416070636709e+01 5.775248612391474268e+01 6.360527714745035865e+01 6.668020878312184152e+01 4.664789631606700482e+01 3.517829683735302382e+01 5.527181924333783769e+01 6.014964576901439841e+01 6.188554284044924003e+01 5.618694081176113997e+01 3.637159091263231403e+01 3.500624844911346401e+01 3.868452744572525859e+01 5.866057290504702593e+01 6.369958853539024801e+01 6.707218465321547285e+01
