LEM/sinusoidal_perturbations/elevation_000907.asc
nrows	100
cellsize	150.0
xllcorner	0
ncols	100
yllcorner	0
NODATA_value	-9999
[rows 68 to 84 of 100, columns 37 to 73 of 100]
7.754318951061613063e+01 8.266781109603243749e+01 6.059155049160076345e+01 6.283002192152289211e+01 6.283362694577130014e+01 7.133154424476727229e+01 6.484705652440418078e+01 5.470751759324804908e+01 3.453543374122529741e+01 4.423778681169505944e+01 5.564367596228813539e+01 7.587022633134876060e+01 9.236273837271201614e+01 9.517756268850261847e+01 8.224205118799046943e+01 6.034175163228746896e+01 8.224205118799046943e+01 8.273838186768658431e+01 6.279655090714381771e+01 6.435648556872806125e+01 4.422865444425762860e+01 5.581283253976533842e+01 7.608725679052749058e+01 7.360670545678237886e+01 5.439608538390785952e+01 7.467385290746845783e+01 8.018420971882108006e+01 6.005242220888422366e+01 4.808415821452052796e+01 6.675733327600835310e+01 6.137453885995038405e+01 7.154795959527874061e+01 8.585649539675496555e+01 1.059776259796359597e+02 1.083099145195606070e+02 8.808277364179052427e+01 9.400716604087375572e+01
6.532920425733117042e+01 7.341614562948069533e+01 6.992174986542399040e+01 4.774586358811351516e+01 4.108442229243112109e+01 5.479510633502343353e+01 5.921920515417320274e+01 5.080145800978392145e+01 3.295427735961764171e+01 4.627961434013685249e+01 7.019664971212729654e+01 8.416863252245782689e+01 9.995724568833614398e+01 8.666449759197152503e+01 6.507792210410858047e+01 5.357089264058679845e+01 7.531656838439099033e+01 7.970021249567369637e+01 5.967971637261935314e+01 4.855729748982398775e+01 4.238928554766356882e+01 6.251322135524582535e+01 6.513987994659642311e+01 5.337210639692382586e+01 4.770043720632865814e+01 6.791448458659111509e+01 7.341906178362661706e+01 6.501994359681573599e+01 4.658502706670735449e+01 6.714037793514718544e+01 8.163460302917458478e+01 8.998650557835546238e+01 1.000702973727325826e+02 1.086838572973130823e+02 1.083099144294849481e+02 8.808277364175700086e+01 7.373686822176725286e+01
4.519844773324893339e+01 6.388953049995033950e+01 7.748871424876259084e+01 6.991568426246865897e+01 5.479427310142428098e+01 3.366206025030128046e+01 4.864766702702878121e+01 3.074900472970619347e+01 5.080145419194758460e+01 6.150241067944899243e+01 7.845989224102723369e+01 8.144410733574683547e+01 8.058484525612445282e+01 8.217130602695834796e+01 6.903913251219319136e+01 4.761795479846894352e+01 6.903913251219319136e+01 7.838833643594230693e+01 5.971960262153871923e+01 3.986209070841195512e+01 5.971960407395560111e+01 6.405400310171327760e+01 3.887875405013969043e+01 3.947557900693323774e+01 5.901091765803752764e+01 6.438136285463525610e+01 6.294689184580045804e+01 4.466065723524975084e+01 6.501865676918342274e+01 6.117619226399575183e+01 7.561372458668391516e+01 9.585448573608738343e+01 1.027435870120575601e+02 8.859061880949171552e+01 1.027435870120574748e+02 1.015867068097432195e+02 8.387201592941055139e+01
4.124471411235133900e+01 5.606289211113479354e+01 6.439720880791625746e+01 6.633558962316298846e+01 5.053764118410781947e+01 2.887327239876941576e+01 2.855736566018259737e+01 4.766251714343370338e+01 5.598109633325145751e+01 6.987590072228549332e+01 6.617467725863900796e+01 6.427058059117265998e+01 7.253661411605591525e+01 5.832363446457195977e+01 6.394474738733892849e+01 4.290155779078992282e+01 6.399010632362418960e+01 6.990608724237554839e+01 4.981023359143416229e+01 3.817026042251060147e+01 5.677618263882092009e+01 3.801040563739186240e+01 4.140079498310088724e+01 5.847799063426756305e+01 4.030456234642038993e+01 5.193730636733479145e+01 4.290755601366890204e+01 6.294689184580037988e+01 7.340265454700133319e+01 8.154052913703300476e+01 8.267594576364274417e+01 7.880225653334518654e+01 8.674325421964378791e+01 7.457881023074266125e+01 9.383669258270072078e+01 9.323732569858863428e+01 7.291838482657419718e+01
5.606289211113479354e+01 3.608493002795005111e+01 5.123319110630019679e+01 5.491098174161277967e+01 4.088150872180197126e+01 2.795089986371414881e+01 4.503666729113603395e+01 2.918310904967754382e+01 4.295796159966988625e+01 5.764601326021477945e+01 5.033503994826080685e+01 5.764909935967457244e+01 5.515449002799615386e+01 4.283833355288069100e+01 5.322467010015241584e+01 3.860255726167628865e+01 5.938738192194524146e+01 6.295053460828616920e+01 4.892377750949320614e+01 3.646951811190722736e+01 3.711379570812822948e+01 4.106831592640023842e+01 5.780202303976963663e+01 6.686359461049435993e+01 6.025964556817297790e+01 4.114826731350593292e+01 4.185935955713586054e+01 6.254196806794942631e+01 6.398041939387630350e+01 6.515931756312694745e+01 6.040751697194374259e+01 5.938350650360298744e+01 7.845468441338228160e+01 6.574424793178575044e+01 7.499632423127310688e+01 8.329341681851109058e+01 7.920763137598461867e+01
6.439720880791625746e+01 5.123319110630019679e+01 3.133126805096716083e+01 4.661879529511893594e+01 2.733313285598440601e+01 4.721972328246621231e+01 5.392569683804939729e+01 4.560316198061268267e+01 2.981145061395304197e+01 4.946600277778137666e+01 5.089999924190799163e+01 3.878011593032530158e+01 4.822199042898706978e+01 3.238790599592226727e+01 3.283415709046326469e+01 5.277993061782419204e+01 5.471248038364305444e+01 5.437956043601738543e+01 3.560705993970517369e+01 5.524784293924948742e+01 5.677618263288260891e+01 4.587975785316417898e+01 6.386053656597464112e+01 7.590214228299680599e+01 5.581733809765145082e+01 4.932578518322561933e+01 5.293570032684527860e+01 4.292533892223831771e+01 4.370263355239325875e+01 4.449055938372627139e+01 4.528364662624378667e+01 6.322352378728147926e+01 6.744021882754449848e+01 6.843554957249244808e+01 5.496654308905203834e+01 7.496346508311279422e+01 7.696279049801209737e+01
5.207719286596653774e+01 4.560345877933160352e+01 4.602356251414471444e+01 2.670919058370717636e+01 4.650319302096951191e+01 4.144175595604976792e+01 6.157322810104408006e+01 5.575775964228731851e+01 3.885277420454018227e+01 3.043777436561870076e+01 3.087918282799128988e+01 3.131844884379060190e+01 3.175859367936181954e+01 4.267196832972254583e+01 4.963457762007202945e+01 3.347043012358205516e+01 3.925226093403629335e+01 3.473481276983944355e+01 5.437906985702075957e+01 6.357670607637503224e+01 7.282891792094463312e+01 6.433379327517160107e+01 7.282894322146461263e+01 8.421599342351994721e+01 7.582803582327557024e+01 5.964514282784411137e+01 5.999473704962296949e+01 5.712518966580339708e+01 6.354075485207231111e+01 5.272019109102153323e+01 6.557504811077568263e+01 4.640746359883769401e+01 4.720714175643529131e+01 4.800871670878847652e+01 4.881620379210162497e+01 6.922112081409012774e+01 7.471602852737521516e+01
3.664324843468538262e+01 2.563778448017059119e+01 2.608373197568915813e+01 3.238997845770432349e+01 5.232558778646017572e+01 6.166585976039301187e+01 6.999338331841177308e+01 5.945023859758907037e+01 3.931026218598307054e+01 4.408444702280910832e+01 4.809208458763630745e+01 3.704061368979019164e+01 4.757129324410934146e+01 3.607513843835071299e+01 5.450013057616954626e+01 3.396608313723044148e+01 3.408993663919753914e+01 4.193971926483803259e+01 3.569772325660053980e+01 5.680208483136647146e+01 6.649272420083806878e+01 7.492884315914942306e+01 8.538863188181665009e+01 8.717895866075119216e+01 8.750549931507516987e+01 7.925136184228284719e+01 7.849400698852566904e+01 7.672436993157344887e+01 6.671655431912179779e+01 7.218785999378890494e+01 5.599867340763304213e+01 6.769038425040591278e+01 6.761161820658327315e+01 5.821675802525462018e+01 6.926725255201961318e+01 4.997957590591921218e+01 7.045588955008039989e+01
2.500230124193623382e+01 4.500798363459456652e+01 2.929638869812592006e+01 4.987715930756903049e+01 4.603972507724848384e+01 6.750103897824394039e+01 7.223542042993162227e+01 5.203574203751999505e+01 5.257307820271208243e+01 6.206371604722981061e+01 6.091001121611962077e+01 4.289328027812008770e+01 5.720649840415304510e+01 3.907509961198852011e+01 5.840426800147101716e+01 6.440099639919191077e+01 6.049448612962005711e+01 4.476911160704261761e+01 3.637208328379347222e+01 5.591737409815801385e+01 4.030308786875627902e+01 5.632243437157634247e+01 6.796331520089788114e+01 6.796331520542612736e+01 8.348474694581184963e+01 9.300660616684426429e+01 9.519743018793765543e+01 9.266674320314402280e+01 7.999991602829165060e+01 8.358328476350766323e+01 6.327597839953225645e+01 8.358509295566170749e+01 7.866086012251346915e+01 7.865765607520127389e+01 7.399684801630287723e+01 5.174615216030786513e+01 5.115537405672868232e+01
2.455013586002780102e+01 4.457337216932044299e+01 5.138133714225703130e+01 5.986570732008257067e+01 6.750103897824394039e+01 7.594896117940399449e+01 8.050637753083331916e+01 6.636317303302699599e+01 7.155392079932303773e+01 6.716767820027291691e+01 5.254566341496247617e+01 6.221328095932879165e+01 6.666868955089697124e+01 5.840426805407479094e+01 4.341273024879814102e+01 6.335312468199575164e+01 7.466449533530477822e+01 6.233678086116288597e+01 5.513164561902983252e+01 3.731403245988991557e+01 3.797482477026712644e+01 5.756311005740612785e+01 4.907562290491969748e+01 5.543472379092731472e+01 7.522566940493173604e+01 7.286422103921749738e+01 7.507041249064728561e+01 9.519743018793765543e+01 9.784533808775647401e+01 9.174465929022518651e+01 7.776095361305448250e+01 8.358619481567001230e+01 9.901431437872881247e+01 8.214583819900290962e+01 6.150231311906618714e+01 7.406179446748853934e+01 6.568492166418110401e+01
2.409937135290388710e+01 4.354169391394639632e+01 5.864518210858381764e+01 5.969333120094471923e+01 6.560535649432524963e+01 7.382085123074308797e+01 8.249449945721401889e+01 8.641227973714887867e+01 9.235935315312377725e+01 7.929105870194322847e+01 6.275168599944139913e+01 7.929099123763499790e+01 7.548026877850604421e+01 5.447543623338489027e+01 6.335312468200611136e+01 4.870405766955030202e+01 6.939993257414151628e+01 6.681382253086158585e+01 4.691268782773688173e+01 5.687837483343626133e+01 5.553868759411652434e+01 3.889206969230131250e+01 3.953332752006708262e+01 5.923352491944995535e+01 6.852574048772461879e+01 5.835339916409795791e+01 7.876378890171909575e+01 9.280314030512346335e+01 8.924024026748402605e+01 9.750601010584743733e+01 9.765379596759690628e+01 1.033497230354730050e+02 9.870885633875209919e+01 7.842338481734995526e+01 6.907530794792054962e+01 8.929434856304467871e+01 8.609898150300604414e+01
2.366101456511919565e+01 3.655275371050276334e+01 5.087529926650774570e+01 4.104243892034381958e+01 4.690989098274541647e+01 5.506592946574453862e+01 6.831405849031133926e+01 8.817751690151355604e+01 8.977641771169666640e+01 8.572573919386120167e+01 8.105614220704237027e+01 8.887483313011362895e+01 7.162417133258799140e+01 7.548027523474198119e+01 7.401464159784872265e+01 5.286738818651453187e+01 7.401464159784875108e+01 7.510039282725922760e+01 5.576164016300332804e+01 7.271355419621869487e+01 5.273014287895964003e+01 5.853888296133103353e+01 5.431709227136170171e+01 4.043922956259735457e+01 6.022676043400486634e+01 5.044393626782662210e+01 6.473860614044328088e+01 7.635901027735845048e+01 6.887289254657548554e+01 8.336483091254467581e+01 1.034230338257276856e+02 1.100070771537517658e+02 1.071336516572598896e+02 9.771859251423306603e+01 7.912080321652095449e+01 9.771859251423306603e+01 1.039544635749005579e+02
2.324048474703587530e+01 2.830294115229656171e+01 3.332398539327846976e+01 5.207913631185901693e+01 6.560535649432524963e+01 7.382085123073956368e+01 8.249449945714331989e+01 8.123713225435548679e+01 7.248003975927443321e+01 6.349143677833544785e+01 8.763603692062433481e+01 1.010711085142719554e+02 9.263796999238608976e+01 8.208315999773955696e+01 6.073586686287945469e+01 6.503895858627544158e+01 8.262353602825496068e+01 8.404408818169848416e+01 6.730750328672590399e+01 8.112691609408389581e+01 7.282943680449201906e+01 6.517078932090981880e+01 4.521740926658828386e+01 6.022672974031013382e+01 4.137464487696028925e+01 6.123544595398628587e+01 5.779074778323557382e+01 5.613031753357460474e+01 7.040285471892489966e+01 9.073844180613269828e+01 9.511292207268458299e+01 8.894356103801850111e+01 1.037489913166941307e+02 1.078900612296152133e+02 9.946789390957017929e+01 1.078900612296152133e+02 1.123107858832303236e+02
2.330984314769763799e+01 4.351516961674685291e+01 5.205585698354046542e+01 5.573151024669169118e+01 6.647185044714551339e+01 7.985819852579885492e+01 7.522391223122822623e+01 6.084895208268723366e+01 5.732247344072865758e+01 6.463852275502094358e+01 7.497232775047686459e+01 9.456227418783572602e+01 9.911555926207377354e+01 7.825521561558667827e+01 6.793493737985478731e+01 8.627565260797423718e+01 9.475509993171185386e+01 9.559062376658403082e+01 8.730671079472995189e+01 8.453453814148608103e+01 6.455672225470205206e+01 5.041361786636804254e+01 6.517080863435187155e+01 6.954840055923493480e+01 6.124696707945478380e+01 4.233652749311365682e+01 4.764781802038903180e+01 6.894328165336794711e+01 8.419358010834720574e+01 7.606458413269037067e+01 7.412292084293532923e+01 7.412292084293532923e+01 9.107520234322738872e+01 9.746702022023141865e+01 1.049998458065213924e+02 1.135845770170018767e+02 1.185161038145234897e+02
4.352458332181161893e+01 2.518288756551191199e+01 4.529294932389070283e+01 3.680913232789509237e+01 5.485871603240894245e+01 5.969727621701483145e+01 5.973895242420343976e+01 4.630314025634518060e+01 5.329255112015700035e+01 7.812138094829843737e+01 9.148722735201627643e+01 1.028573097276857737e+02 1.074796322199383383e+02 9.759873052201935195e+01 8.038295402730439321e+01 8.310215160607216944e+01 1.037756234096868866e+02 1.093175400716271497e+02 9.786268944132859815e+01 8.897397366216196701e+01 7.431420439583671111e+01 5.434000359139542979e+01 7.431420439583671111e+01 8.222185519520149910e+01 6.226367769921947115e+01 5.224380603052549787e+01 4.333047558853603221e+01 6.335182723638766333e+01 7.046888692872961713e+01 5.556658099347971813e+01 5.966483022556567306e+01 6.468680368979161699e+01 7.008523869693519259e+01 7.626775859392269297e+01 8.369379759227696525e+01 9.608632260716623819e+01 1.171759449340624855e+02
5.358699229650399332e+01 4.528878068217414921e+01 2.711348991441107614e+01 2.839754578445701583e+01 4.767789424770653284e+01 5.390761204010447472e+01 3.952169420671484801e+01 5.280076544138693606e+01 6.957463488262045814e+01 8.684453216444981649e+01 9.607401707607326102e+01 8.778452985163117717e+01 9.608208064760154343e+01 1.094758594085325996e+02 1.011432116111766106e+02 1.037756234096868866e+02 1.120953094379665487e+02 1.011039151336791377e+02 8.125900094759762737e+01 6.975410210528339405e+01 6.083723407095475011e+01 6.588300728761826974e+01 8.257089192469071293e+01 8.801694500570565083e+01 6.853224212934985360e+01 6.406699455398729981e+01 4.404295553280535103e+01 5.561206732795962182e+01 5.011027726918539571e+01 7.046888692872963134e+01 8.027074986601495254e+01 8.546539859142262685e+01 9.107520234322738872e+01 9.746702022023141865e+01 1.049998458065213924e+02 1.135845770170018767e+02 1.256565868376694795e+02
4.854546949623269114e+01 4.705904848666878593e+01 4.705957005067652688e+01 4.831818366815024035e+01 3.018922011993981513e+01 3.390951101387071276e+01 5.390772515101394191e+01 6.812505977116569511e+01 7.808545153869559385e+01 8.409728512255250621e+01 8.586955842594170463e+01 6.721525294430176700e+01 8.586955842594173305e+01 9.913433345796637752e+01 9.097448914453387658e+01 9.913433345796637752e+01 1.152897914592620339e+02 9.550695733562091050e+01 8.145776195673528264e+01 7.149413645653092431e+01 6.974960071640313686e+01 8.583143382997678827e+01 9.408382930155670465e+01 9.574236241040470929e+01 8.348665010914703544e+01 6.386286806919742531e+01 6.272484817990136463e+01 4.506695924460288438e+01 6.534048947865237267e+01 7.907328748988240363e+01 9.541285461613061614e+01 9.158840334764050795e+01 9.896837436605251526e+01 1.070283765082957785e+02 1.181728233110069368e+02 1.235632358318455601e+02 1.146775852158549895e+02
