LEM/sinusoidal_perturbations/elevation_000100.asc
nrows	100
cellsize	150.0
xllcorner	0
ncols	100
yllcorner	0
NODATA_value	-9999
[rows 68 to 84 of 100, columns 37 to 73 of 100]
6.219745771274824619e+01 5.546327527664286805e+01 5.162723555633643002e+01 6.694113814492526160e+01 5.917297255176116266e+01 4.532857852740441729e+01 4.587621966439111532e+01 6.614848670203366510e+01 7.054360503392611292e+01 5.652172126504829208e+01 7.702710757926288920e+01 8.743417121466677600e+01 7.894195338432368203e+01 6.352316027318509839e+01 8.408152458278691199e+01 9.807159122830221065e+01 1.072063496059544860e+02 9.877898501716587987e+01 8.320731552285870691e+01 8.697984507672765631e+01 7.196738622525778339e+01 8.229926556700687001e+01 1.028879054070406625e+02 1.193889873236910120e+02 9.899598647954351804e+01 8.436119864744979679e+01 1.049689581380513914e+02 1.142549975952485966e+02 1.058546237463340418e+02 9.221432905616889286e+01 1.040874073029305720e+02 1.244053281780268208e+02 1.398180200430156503e+02 1.270064086086918707e+02 1.066458429113325792e+02 9.719854421106741427e+01 1.175923894693408016e+02
6.258719635073607179e+01 7.574335167730603757e+01 6.698563526037015947e+01 4.697850444657491664e+01 4.456278365436513411e+01 6.488458337030613166e+01 5.254706292781403221e+01 7.118238020513062736e+01 8.557221298866087977e+01 7.702710757926288920e+01 6.348072179908467660e+01 8.443587197399287447e+01 9.256840445240904103e+01 8.408152458278691199e+01 6.894991351811782465e+01 8.960064344522767499e+01 1.041394430730272802e+02 1.121798000539555460e+02 1.037656734075164735e+02 9.109170858174852015e+01 7.645862228621507484e+01 9.709731831968286997e+01 1.113041964056852891e+02 1.237653158192409109e+02 1.133826080420585640e+02 9.366799005870134920e+01 9.416574471522908141e+01 1.146033266616147444e+02 1.210521332211464625e+02 1.126747710914164884e+02 1.010104962355875671e+02 1.112094297016042788e+02 1.314820787750849149e+02 1.354083032905523964e+02 1.260035373266759819e+02 1.074241535812993078e+02 1.260035373267727437e+02
8.283102249817540041e+01 8.870762939707618955e+01 7.299878181094099716e+01 6.371764597398232155e+01 4.402857423847468255e+01 6.436763717331764667e+01 7.118249250045157339e+01 6.525233577637034443e+01 8.549922676026451995e+01 9.289013533264018463e+01 7.564930593044302043e+01 7.290597836381726893e+01 9.376234212660541800e+01 9.807159122830221065e+01 8.960064344522767499e+01 7.503718285644372088e+01 9.569113355131567289e+01 1.113917953057894437e+02 1.199803317109671212e+02 1.055361538623327675e+02 8.841946175913359696e+01 8.459154936314526196e+01 9.494173068502217916e+01 1.153944873825155639e+02 1.225001318210453292e+02 1.055250970355088640e+02 1.060177132518382166e+02 1.086564700081725476e+02 1.289603086478437888e+02 1.297033559237906104e+02 1.112094297016042788e+02 1.297033559029770799e+02 1.398180200279671226e+02 1.336654144832612587e+02 1.361649397113779969e+02 1.277606253573821817e+02 1.361649397113779969e+02
9.435897308228008740e+01 8.238027358514841580e+01 5.488096387587174263e+01 4.327430647598310998e+01 5.995946166993409321e+01 6.280355047008648484e+01 8.104960291628924551e+01 8.549922676026451995e+01 9.398932868290430065e+01 1.047223530779006353e+02 9.638756100495072587e+01 9.376234022845551408e+01 8.419185296819094333e+01 1.047524360808954214e+02 1.041394430730272802e+02 8.701097963094110810e+01 8.237977170086139722e+01 9.698783971475550914e+01 1.174166069890947739e+02 1.173449631468418062e+02 1.089514908317908635e+02 9.192492265280328922e+01 1.124110481707627827e+02 1.237653158194698477e+02 1.342111734962642799e+02 1.258410601266527920e+02 1.203975911291818051e+02 1.289603086478437888e+02 1.373256094027739778e+02 1.398180200342080184e+02 1.314820787750822149e+02 1.398180200191255551e+02 1.277259824370045180e+02 1.134420087570552624e+02 1.211694466271846551e+02 1.211694466271855930e+02 1.295280709861004311e+02
7.424392128453578721e+01 8.660333261981506325e+01 6.880301140394307424e+01 4.274230920998746086e+01 5.383054033079668699e+01 6.524589408912883925e+01 7.023075268491288625e+01 9.089045336729562052e+01 1.005807790704457574e+02 1.005807790704457574e+02 1.088697765057991234e+02 1.131344103870602851e+02 9.615203884431797121e+01 1.131344103870602851e+02 1.159563352439575112e+02 1.075484443159237031e+02 9.084769705058567979e+01 9.432734249722166453e+01 1.088256710048040361e+02 1.291506119051433643e+02 1.207912118703755908e+02 1.022249495514809183e+02 1.207912118703755908e+02 1.365030797519914358e+02 1.281108597446441877e+02 1.365030797519914358e+02 1.406571983037660516e+02 1.374552292444450927e+02 1.291060696051266916e+02 1.272145098443800748e+02 1.355651079304525410e+02 1.292889620835003086e+02 1.175799676933469016e+02 9.902871912341075245e+01 1.008419161361994156e+02 1.008419161361994156e+02 1.211694466271855930e+02
6.345767215056463328e+01 7.089838175534406162e+01 7.245690239076792238e+01 6.257710185836048566e+01 4.199039759611252265e+01 4.397254274660332385e+01 6.402497646216509963e+01 8.532728331828558055e+01 8.023761301922984046e+01 8.023761301922984046e+01 1.005807790704457574e+02 1.152890854103644926e+02 1.165007971886977174e+02 1.248505136760248888e+02 1.316471220352499074e+02 1.113353270347624004e+02 1.027279505906473247e+02 1.147787083672976678e+02 1.147780083562147979e+02 1.350588662215202476e+02 1.309454379086764959e+02 1.225971467900445333e+02 1.309454379086362508e+02 1.262948678600897097e+02 1.076298963417797268e+02 1.262948678600897097e+02 1.390450868902137813e+02 1.257931125036883913e+02 1.088889939088215755e+02 1.069918460484082772e+02 1.219364891061404848e+02 1.209299592623172117e+02 1.006079004551201024e+02 8.865273431500085621e+01 8.619524556240141067e+01 1.067957119722329224e+02 1.184350564380709443e+02
5.683464686890759765e+01 5.187471147731051957e+01 6.406940787118384151e+01 6.175470772356056415e+01 4.146007109364828125e+01 5.666700457386851042e+01 7.535715096679138014e+01 7.796144531579568593e+01 6.602261054501521187e+01 7.492221950301183142e+01 8.673705323551250501e+01 1.070366185164099875e+02 1.156311319845265473e+02 1.239147228090170643e+02 1.323670231442744125e+02 1.314582487028705771e+02 1.230932219173592728e+02 1.194674489868153273e+02 1.184266502654795516e+02 1.267805852935035915e+02 1.276644938483266003e+02 1.194803237706634320e+02 1.276644938483260745e+02 1.178703780432119714e+02 9.722221253951447295e+01 1.178703780432119856e+02 1.186486925010035094e+02 1.167254615256243113e+02 9.711868238555248922e+01 9.520147825818933995e+01 1.016470284580598076e+02 1.219364891061404848e+02 1.139825792997083340e+02 9.351858084930034920e+01 7.874022075874866289e+01 9.696157978496661656e+01 1.018338097459387797e+02
7.604457975640505651e+01 6.510616908529482316e+01 4.599771612324211389e+01 5.669115050534983880e+01 4.092991064901233500e+01 6.296946385564258009e+01 7.144043422605115268e+01 5.840327686578770283e+01 6.940927251768876260e+01 8.964752464033320223e+01 1.036327670857118761e+02 1.095437017928404941e+02 9.516567876456139174e+01 1.038153970588919748e+02 1.223546713629917946e+02 1.236607902371966645e+02 1.135099297143056987e+02 9.925183599051379701e+01 9.819080441507665569e+01 1.150882191043277487e+02 1.176975878315224406e+02 9.947382652060349528e+01 1.176975878315223696e+02 1.109876562086462002e+02 9.020395594350176793e+01 1.109876562086462002e+02 1.040600014015071793e+02 1.083485675592429658e+02 8.787550631353808228e+01 8.484098937649871175e+01 9.811203693639058088e+01 1.184748680534691658e+02 1.107894110115147726e+02 9.486755854360555418e+01 7.405339609059272732e+01 7.606121989484519474e+01 8.089088716208441099e+01
6.651449618069148073e+01 5.180802763503157138e+01 4.581604111138351954e+01 4.018030885017517306e+01 6.067498076302309329e+01 6.590822208434457252e+01 5.264725776745632402e+01 7.144275170247989593e+01 8.632433041571925969e+01 9.802751627664349598e+01 1.020017689643341186e+02 8.889180569188690129e+01 8.300191078978907910e+01 9.356216265428309953e+01 1.140663952411891842e+02 1.144685557037306580e+02 9.493488368032264191e+01 8.469044938480369922e+01 8.628843297006275748e+01 1.067417559936411351e+02 1.094770751456335063e+02 8.916084000711407498e+01 1.094770751456335063e+02 1.049879187372272895e+02 8.411024137528058020e+01 9.962820433424117539e+01 9.200215285931507481e+01 1.127508027223429394e+02 9.811203693639056667e+01 7.745307440845540725e+01 9.811203693639056667e+01 1.105827566499618229e+02 1.023717846579425270e+02 8.168794488694329914e+01 6.964791163148321118e+01 8.611944760707346802e+01 9.460721193070587276e+01
6.231335266456138555e+01 7.245105751771517077e+01 6.022861700402931007e+01 3.965764188925250266e+01 5.976049536304081045e+01 4.757794566227655508e+01 6.592029814763786533e+01 7.093149941369559031e+01 8.994644528433674679e+01 9.578592960410688306e+01 8.118010939595528441e+01 7.395818238096492792e+01 9.494060601549620060e+01 1.121723724272948175e+02 1.223542348032750340e+02 1.061227484646796739e+02 8.561823677213610040e+01 7.416088933332001432e+01 9.493237034253154150e+01 1.096431204811226650e+02 1.027049967661269818e+02 8.217076849401186678e+01 1.027049967661269818e+02 9.940812475722654540e+01 7.849193869820078362e+01 7.871404425220211465e+01 9.962820433424117539e+01 1.098994134637112268e+02 9.360388171908017796e+01 7.292519137151157338e+01 8.161036904649712653e+01 9.609656284822948180e+01 1.036122276718100892e+02 8.304549328689552112e+01 8.304540963873085957e+01 6.545992573619025734e+01 8.611945136760189712e+01
8.262669440830164547e+01 7.787480868728211192e+01 5.574717036643150436e+01 3.913741874505952012e+01 4.237016666168153733e+01 5.001282705359203362e+01 6.180124085956187230e+01 8.281690710666502753e+01 8.977065535678694630e+01 8.122697928127797695e+01 6.631405859327330177e+01 7.681654262647919040e+01 9.171472104490027277e+01 1.122910838827814786e+02 1.123032683530692708e+02 1.053247015681365184e+02 8.938084339174677950e+01 6.847997192369695085e+01 8.067447278160548763e+01 1.012754637986657400e+02 9.677727565587355230e+01 7.613337702471216062e+01 9.677727565587355230e+01 1.079248600463875221e+02 9.223393212582573142e+01 7.135285911763986633e+01 8.054843709580212874e+01 9.522392527975672749e+01 1.020394952389178655e+02 8.763445799975143302e+01 6.700942621297201640e+01 8.230909769140522769e+01 8.866942332432492435e+01 8.018739717521071952e+01 6.250125858042407856e+01 8.304541495111625693e+01 7.000583597821437820e+01
7.899572117454448517e+01 6.528865791409636188e+01 6.771277313023735189e+01 5.870920346546171231e+01 3.840572517887215298e+01 5.891976058836989694e+01 7.554179519298537571e+01 8.421025774195349811e+01 7.565920612493661679e+01 6.039412340746408603e+01 8.122697928127797695e+01 9.578569584207640730e+01 1.061603938435314518e+02 1.064692450052239252e+02 9.247389035216961872e+01 9.690372147189944485e+01 7.617176629219382278e+01 6.400873965227599172e+01 7.887596450890684707e+01 9.952304918222826302e+01 9.144704394925470581e+01 7.080513291838933299e+01 9.144704394925470581e+01 1.067519630546847793e+02 1.007863280705664124e+02 8.665323062119394137e+01 6.589718163803847517e+01 8.054843709580212874e+01 1.013915059456825816e+02 9.609656284822948180e+01 8.230909769140522769e+01 6.182325121742121610e+01 7.741108899654629738e+01 5.976166275230637837e+01 8.018739717074063833e+01 7.270729048491321578e+01 9.077103459258492535e+01
8.323408222534776257e+01 6.828852747887745522e+01 4.951673917908576072e+01 5.579829869285499200e+01 3.789401157208944682e+01 5.882087887915682956e+01 7.099046588671323832e+01 7.085335976236386557e+01 5.498842435037784782e+01 6.411488615607623842e+01 7.617370542191753202e+01 9.705400186048029809e+01 1.028496041763583975e+02 9.471306132613877082e+01 7.805322077818962612e+01 9.628937637710656361e+01 8.086045969718871618e+01 6.017158509530225530e+01 7.490247732143576798e+01 9.561945230197729018e+01 8.658169886039662799e+01 6.602796374142684499e+01 7.789694700554609597e+01 9.844529051968640943e+01 9.786838428166744563e+01 7.704611715864498933e+01 6.251659552670594167e+01 8.314481799930049988e+01 1.003835481717445788e+02 1.028382440095986823e+02 8.230878139970631935e+01 7.741081106095404607e+01 5.710699979286995642e+01 7.741203656704558966e+01 8.867266557732159526e+01 8.055277620231314017e+01 1.011801507891050562e+02
6.336530324529250890e+01 6.176310023234363911e+01 4.003641807439507261e+01 3.717479259364575483e+01 4.778132411759754916e+01 4.191570391139189411e+01 6.246303847059081704e+01 5.029853963697799202e+01 7.085335977016266895e+01 8.421953408097132865e+01 9.351743698806566840e+01 1.054828318935041693e+02 9.471306225627822073e+01 7.439098122137460223e+01 6.753272169663424052e+01 8.815428138311982309e+01 7.729465229202293131e+01 5.673089282343654816e+01 7.121982796356392953e+01 9.196135371867126196e+01 8.229594882538044942e+01 6.188135516747964715e+01 8.229594882538044942e+01 9.977660379192988671e+01 9.572108815215275968e+01 7.984165881848333868e+01 5.936474994568038710e+01 7.105990441264097512e+01 9.183775842665990297e+01 9.472586122112838325e+01 8.627646967108550768e+01 7.573915103994765730e+01 5.550821566919604777e+01 6.972926852794543606e+01 9.024829090869229731e+01 1.011801508048791760e+02 9.520421769286669189e+01
5.370805221708695143e+01 4.672108877700053853e+01 5.331542613580007384e+01 3.666546059769081012e+01 5.733658305726016380e+01 6.246303543499053035e+01 4.605180546341201619e+01 6.656739285505518922e+01 6.206325537581847840e+01 7.676588876007861018e+01 9.757544160451440973e+01 9.946691936770208997e+01 9.131391774746606416e+01 8.034317783365057153e+01 5.921177630697503957e+01 8.034317783365057153e+01 7.386799174685992853e+01 5.359409201373262732e+01 7.386799174685992853e+01 8.597400280349168611e+01 7.829231761677633017e+01 5.804834225506310474e+01 7.219055698330890891e+01 8.960461836233032784e+01 8.114800395175095105e+01 6.657491975074601953e+01 5.644075868553954223e+01 7.068764018522369952e+01 9.140170278564932005e+01 8.627646980378759167e+01 6.584777206604250921e+01 7.183119669034184085e+01 5.393711467417701044e+01 7.409452639083050940e+01 9.329673824101442392e+01 1.052305109359096065e+02 1.156073295868446138e+02
6.341732449877144262e+01 6.674207774311686592e+01 5.070730891892844028e+01 3.617223717194809041e+01 5.607757268708615328e+01 6.365738844447244560e+01 6.653930395146120702e+01 7.512142123196770171e+01 8.286086567475405218e+01 8.286086567475399534e+01 1.035692017106858458e+02 9.131391774746606416e+01 7.075719753217907737e+01 7.469264975209874535e+01 5.298397066091173002e+01 7.469264975209874535e+01 7.062213214069851119e+01 5.060104471717360752e+01 6.621242953500984640e+01 6.604471845520789941e+01 7.498922667393905783e+01 5.449966265661589659e+01 6.340707501676781277e+01 7.655316523267580919e+01 6.873336178348071712e+01 5.247439823407589188e+01 7.260809322862090198e+01 8.531574992489919396e+01 9.030457761288722907e+01 7.808727722378519331e+01 6.964568192485212705e+01 5.178204674170084587e+01 5.993433653159806340e+01 6.420973697938450186e+01 7.599885822722846740e+01 9.678060074135561308e+01 1.074030440300123246e+02
8.359949627423883101e+01 7.806066389116118387e+01 6.048672352976920052e+01 3.617474846436895319e+01 3.549800455134440114e+01 5.134960341333973588e+01 6.312258090910359698e+01 6.764386998922397254e+01 7.610379154139623381e+01 9.055664018520445779e+01 8.576925927709108066e+01 7.736640721855053471e+01 7.677812148428202477e+01 5.522005810523375402e+01 4.722967471463005751e+01 6.942536658872076316e+01 7.367298206501439495e+01 6.447862727921963710e+01 4.643763266234192599e+01 6.367876067136968743e+01 7.513098178041244068e+01 6.933713909047447999e+01 4.949791855757859338e+01 6.498388328490221966e+01 4.855257195778088430e+01 6.873336178348044712e+01 8.114789200881604359e+01 8.017571433602654452e+01 7.534103923758095789e+01 6.156103125040321089e+01 4.967220265381995858e+01 6.368135356141181092e+01 7.882348614125771746e+01 8.471268980340475707e+01 9.329673824101442392e+01 1.012196917503912346e+02 8.668503683725633380e+01
