LEM/sinusoidal_perturbations/elevation_000851.asc
nrows	100
cellsize	150.0
xllcorner	0
ncols	100
yllcorner	0
NODATA_value	-9999
[rows 0 to 16 of 100, columns 0 to 36 of 100]
8.271705653423140972e-03 2.000642984787911161e+01 2.973003366792968194e+01 3.082671853302180409e+01 3.453547662717711830e+01 3.558443100796684178e+01 4.436580509936116101e+01 4.315843518318950345e+01 5.134836343609544684e+01 6.566854564709622366e+01 5.735684714797698547e+01 6.000146994434386727e+01 6.828920936959882226e+01 7.541134480833518694e+01 6.952850436351840813e+01 7.075976229124795225e+01 6.148340959723199717e+01 5.315799543989408704e+01 3.840392911872965698e+01 4.226641004765659204e+01 4.628050773174920351e+01 6.645177142577901463e+01 7.706916841870737755e+01 8.198064981140927898e+01 8.837938639305444610e+01 9.550737905329903299e+01 1.036863411080246067e+02 1.151477502413617628e+02 9.997524908140526634e+01 9.165618405034275895e+01 9.997524908140518107e+01 1.000945627123785044e+02 9.177176062113386479e+01 1.000945627123785044e+02 1.092030162448605637e+02 1.009068932719280127e+02 9.830495938383114662e+01
7.813061968023241044e-03 1.847861626828803239e+01 1.042675048565060614e+01 1.681112790716902339e+01 2.120342861195333839e+01 1.395825155657612093e+01 2.710219880520009639e+01 2.060692485269236940e+01 4.315387011938759798e+01 5.122750971725579916e+01 3.673618610676899721e+01 3.942470928174487454e+01 6.000146994434386727e+01 5.527350123038488050e+01 4.936888560097003165e+01 5.653274352640651301e+01 4.230572475911201735e+01 3.304399819515752057e+01 5.315799543986054942e+01 6.241751868697323147e+01 6.645177142577901463e+01 5.233665609797254348e+01 5.683529644262287661e+01 6.173009325104326450e+01 6.814480464761584244e+01 7.534637126807145080e+01 8.707314613141082305e+01 1.070287554860332051e+02 8.991849103909605390e+01 7.153044184752897650e+01 8.991849103909602547e+01 9.003574913955011993e+01 7.164394156022633808e+01 9.003574913955037573e+01 1.009068932719280127e+02 8.084191848461864538e+01 7.823716611059141712e+01
2.526786264046545528e-03 2.060107921479187087e+00 1.149711692383454498e+01 1.675865925352485775e+01 1.293506215184496266e+00 1.593054307972367134e+00 2.442582274787019170e+00 1.945186015948791436e+01 4.107261841668263003e+01 3.081665396153523417e+01 2.514986444586584113e+01 3.942470928174488165e+01 6.000146994434386727e+01 5.527350123038487339e+01 3.515507781869094828e+01 4.365812405797252183e+01 2.812219579684764881e+01 4.820627161907809466e+01 6.148340959903723046e+01 6.981877960725294940e+01 7.402659643633779751e+01 7.254473710004647558e+01 7.706916841870737755e+01 7.608631248800335811e+01 7.829403599972862082e+01 9.550737905329903299e+01 1.036863411080235835e+02 9.743455098351353172e+01 8.159331294893586062e+01 6.138914039628447483e+01 8.159331294893586062e+01 8.120083968454919443e+01 6.150112801008702945e+01 8.170785109068010854e+01 9.298847118263695677e+01 8.671881353548445759e+01 6.658393897226066827e+01
4.163169627051843593e-04 2.919646197993333026e-01 5.836082621071103649e-01 8.757449785613868887e-01 7.369308531140831064e+00 1.223821785535363560e+01 2.024845214583028241e+00 2.209010294521000617e+01 2.963956586841103302e+01 1.722173138033573281e+01 3.679485520256531572e+01 5.385695932567179511e+01 4.805234816294606759e+01 4.788770080564392373e+01 3.956888380473928635e+01 2.362501994582872555e+01 4.365812405797252183e+01 5.653274352640651301e+01 6.387740723212246508e+01 4.965164978989472644e+01 5.384661583885079494e+01 6.807236203966465382e+01 8.229810841349426198e+01 9.621083891877773908e+01 9.838420015208541258e+01 1.065544017319886763e+02 9.824191875974071309e+01 8.661823507928529864e+01 6.895356622144528558e+01 5.453679325502803721e+01 7.485858876471829149e+01 6.094778733042991803e+01 5.423411330093188099e+01 6.447188940039552563e+01 8.465623310197693741e+01 8.933106641858562114e+01 6.921061554955096540e+01
5.883922493566802643e-03 1.964921397065100805e+01 2.438869034454082296e+01 2.269833717195123057e+01 1.939871196613932014e+01 2.168271743154628695e+01 2.333175028527154637e+00 9.197041713281119968e+00 1.050693706215910872e+01 2.379626612820659304e+01 4.377451897366091771e+01 4.218875314411137367e+01 2.800908173770389098e+01 3.565190310248338790e+01 1.961013641345891401e+01 3.956888380473928635e+01 4.359989417088942076e+01 4.641141131722303470e+01 5.008138621188044226e+01 3.543439157959609531e+01 3.962079383283712275e+01 5.384661583885079494e+01 7.298066410258252290e+01 7.972489477124257462e+01 8.797866521364994696e+01 9.801389724655275870e+01 8.992213719553093654e+01 6.976982481111150491e+01 5.801755679730688797e+01 4.880512441501431198e+01 6.259811837349648300e+01 4.642453143474971000e+01 6.687976902522527212e+01 8.290209385718459600e+01 9.298293652371089024e+01 9.763926549435247182e+01 8.602941506237957014e+01
1.256007409845548732e-03 1.414883381482437130e+01 3.426162429136456211e+01 2.540388287813416568e+01 6.471505267679781070e+00 2.781938087939372029e+00 1.381912305580703126e+01 4.510464520958553436e+00 6.026963936302466074e+00 2.583982302413864574e+01 2.974561961039936619e+01 3.140736409909720095e+01 1.404199117868433966e+01 1.578497118529151955e+01 1.831801727817071779e+01 2.090558819096831300e+01 2.355830902443440067e+01 2.633332445919102582e+01 2.997681785294193446e+01 5.008138621188044226e+01 5.975719531180329369e+01 4.671819405388824009e+01 5.277511523922775183e+01 5.949220276526241236e+01 6.962997476156860444e+01 8.981981478091636006e+01 9.468883734428646903e+01 7.454824984282086575e+01 6.019829880858512894e+01 4.833138920697057017e+01 4.213455893065125935e+01 4.159328764271673151e+01 6.205839168394122396e+01 7.761306639618527470e+01 8.154686947126958785e+01 8.987583643511052856e+01 8.082618882907105728e+01
9.594114293757748102e-03 1.415172973802483369e+01 3.415172973802978618e+01 2.326210805295065853e+01 3.227670288219453454e+00 1.582860905547989105e+01 2.880390352107971452e+01 2.426015874368144409e+01 2.583749938469866692e+01 8.297561154048903376e+00 9.945785783553331427e+00 1.160328545348706974e+01 3.140662358065996074e+01 2.143665374078937091e+01 3.824949564517537937e+01 4.089748738103186554e+01 3.770437770724606708e+01 4.641141131722277180e+01 3.300054804430931199e+01 4.721068399972508445e+01 6.733445966741992095e+01 6.688846189686070431e+01 6.318700096454994508e+01 7.972489477124257462e+01 8.797866521364994696e+01 9.801389724655275870e+01 9.207897002479640491e+01 7.193231157393377373e+01 6.019829880858512894e+01 6.875653005324811318e+01 5.748222851278517709e+01 3.709754948393195662e+01 4.886268447957526462e+01 6.925674462908634155e+01 6.124544959357373131e+01 7.819335528591987838e+01 6.914711958150181204e+01
7.711341127313004785e-03 1.414984792700150074e+01 3.414997761542753096e+01 2.349435042073123014e+01 3.538397475862168573e+00 2.305015109404401841e+01 3.434831212748250096e+01 3.906336308698740112e+01 1.900413558097144318e+01 2.810130431152097685e+01 2.973833481904638987e+01 1.779330092705025734e+01 3.745482216737413239e+01 4.142449032106826223e+01 3.032087183155839583e+01 5.040750715422773709e+01 5.782559457496945754e+01 6.144346710854065208e+01 5.312207391339637752e+01 4.087215130114010719e+01 5.248668022878523232e+01 7.265070994085300526e+01 8.335807434849003528e+01 9.158739095817497855e+01 9.425900322139361265e+01 1.024700963863652845e+02 1.003969461158496159e+02 8.877630772543383841e+01 8.044729134491943512e+01 6.918562264699112063e+01 4.881611600358858283e+01 3.450897370604189263e+01 5.478220637001673055e+01 6.904568656010766858e+01 4.925989559407482687e+01 6.838276401416749195e+01 6.007033470590091895e+01
2.297228869525369630e-04 1.414262638130687044e+01 3.415589072482650579e+01 2.371007707030378242e+01 3.843922761739281935e+00 2.346437943866588327e+01 3.594861059740620135e+01 4.616953708064331607e+01 3.410648692203689336e+01 3.994140395443221792e+01 4.611934891923753099e+01 2.923748839309446979e+01 3.187203462278027999e+01 5.220092181956320587e+01 4.450620455124022357e+01 4.189288323512494117e+01 5.351415936506200666e+01 7.368343842738650551e+01 6.773115051586627544e+01 4.756753178442819774e+01 6.773115051586627544e+01 8.088899496472650696e+01 9.401510120095538525e+01 9.103739871141448248e+01 7.446582069923226754e+01 8.797822764570706511e+01 9.618535085701186915e+01 8.225788360682868472e+01 7.212411843668354550e+01 6.375346368222979265e+01 5.218647998923535170e+01 3.204263845905906294e+01 5.218647998923033526e+01 6.062571692696455727e+01 4.000117622599962175e+01 5.857374225436130644e+01 4.822721544457299814e+01
9.647730019007896146e-03 1.415185167655828380e+01 3.415645684936603033e+01 2.420921112327843261e+01 4.145602391725879521e+00 1.078283165116916820e+01 2.557553690399593549e+01 4.894449440031110754e+01 5.594760053888175122e+01 6.074612636922201148e+01 5.796800193235814191e+01 4.947892177442457040e+01 5.237661974671346599e+01 6.102373442065751874e+01 6.465451193402779495e+01 6.203869973139276794e+01 7.034049979699483401e+01 8.194895754270088162e+01 7.600843419468148454e+01 5.764120032656159509e+01 7.600843419468148454e+01 8.823627001584951302e+01 7.425082705811064443e+01 8.151507668268301643e+01 6.316774756364591070e+01 6.826313152156215835e+01 8.797822764570706511e+01 7.391166004067770245e+01 5.359526732378186864e+01 4.340960603677748963e+01 4.966849522761597768e+01 2.959371975477818850e+01 4.966849422123689806e+01 5.367489953845540640e+01 3.333707013751395465e+01 4.876223350610419516e+01 3.046415025161271828e+01
3.582433992925927561e-03 1.446291205222387788e+01 3.424688227517020778e+01 2.426345665502264026e+01 4.445339942442366521e+00 2.173167629142444568e+01 3.728873251586897908e+01 5.059714925164561805e+01 5.835761604761843557e+01 5.765815632452538608e+01 5.845894039894423599e+01 5.022295776271283785e+01 4.527770822537566886e+01 5.040860410512862444e+01 5.603376317162004483e+01 6.236150690927507156e+01 6.983160840519349222e+01 7.796476451779653871e+01 8.605380795857681164e+01 7.782297421460114606e+01 8.605380795857681164e+01 8.003964892931989539e+01 6.040374466386415264e+01 6.186562004868035558e+01 5.446399144186934649e+01 6.784784695173472358e+01 8.753971276644466570e+01 8.225788360682868472e+01 7.212411843668354550e+01 5.358153485950365535e+01 3.330245820513198396e+01 2.684771474777087619e+01 4.454490940030121493e+01 4.575068928901992393e+01 2.751192873826024865e+01 2.872451697350781785e+01 4.279541985408578597e+01
1.813270376062421294e-03 1.997198015828522344e+01 3.256792503281540974e+01 1.072838519847064909e+01 4.744160650135125223e+00 2.452327336603816832e+01 3.745749355030253724e+01 2.992906396077700748e+01 3.532507548565261146e+01 3.413748795262281988e+01 4.670856236852791454e+01 2.967650993961455796e+01 2.452596529271807313e+01 2.988502058611676659e+01 3.575196372474388795e+01 4.235142424841841802e+01 5.006757757858172653e+01 6.409323218482781215e+01 8.368527410239951791e+01 7.955630074401729246e+01 8.762205639570304072e+01 8.034925930833168195e+01 6.069928622052752587e+01 4.804377964868596251e+01 4.827070721450931501e+01 6.784784695179537550e+01 7.535381085962809777e+01 6.704998320954423718e+01 7.096549568829995280e+01 5.066751007801629925e+01 3.631605213073299154e+01 2.359271669570454222e+01 2.457034533108808461e+01 2.579612926816008311e+01 4.575305294285121960e+01 3.529330027757406185e+01 5.556714025714394722e+01
2.372884694381488524e-03 1.997804022130205581e+01 2.639745388091579770e+01 6.136564441551016991e+00 5.042696659849379870e+00 2.482342517126926396e+01 2.010280167102293092e+01 2.712973698511378728e+01 6.839069448726381673e+00 2.458566196940643778e+01 3.225683526095732390e+01 1.721688225125895144e+01 3.836046058115643831e+01 5.040860410512862444e+01 5.603376317162004483e+01 6.236150690927507156e+01 6.983160840519349222e+01 7.796476451779653871e+01 7.669799525215587721e+01 6.086368622829923680e+01 7.669799525215587721e+01 7.456794466645916941e+01 5.495469984868316260e+01 4.108128646286758112e+01 6.069928625471380457e+01 7.601686064387256181e+01 6.704998320954423718e+01 4.687094653204742656e+01 5.262670811047011199e+01 4.626684188353435445e+01 4.137805238931329654e+01 2.302072252235253558e+01 4.285511187396064514e+01 3.301442921536139607e+01 5.302689232710822864e+01 4.970584398697204875e+01 4.890292120374895291e+01
8.175220331382775790e-03 1.997902322708664258e+01 3.461115211494058030e+01 2.636896442290825959e+01 1.994461618892694688e+01 5.464934501880907014e+00 5.763224016218962298e+00 6.059301765122389938e+00 6.351486182577395390e+00 7.962452319797306721e+00 1.076995965941194200e+01 3.225683526095732390e+01 4.390293398536677216e+01 4.978054960184379496e+01 5.665104601051859134e+01 6.503913271986158406e+01 7.527675365210191671e+01 7.950309144850456278e+01 6.876410385950889292e+01 4.988419995548183294e+01 6.876410385950889292e+01 7.307307529089024456e+01 5.705631514962608009e+01 3.744060342372791439e+01 5.705631514962608009e+01 7.307307529089024456e+01 6.704998320954462088e+01 4.687094653204742656e+01 3.152230121712390343e+01 2.227307529413387854e+01 2.162575636628749365e+01 4.137805234042222935e+01 4.755431121730330091e+01 4.224566864937780508e+01 6.084511186930822646e+01 6.971756120659017597e+01 6.664185951681213282e+01
9.124702163186202558e-03 1.415052418088022890e+01 3.410709934118843023e+01 4.462492597548039441e+01 2.482332936442999127e+01 7.565955650924862219e+00 7.354544050159922186e+00 1.940438589819126847e+01 2.198625949840849003e+01 6.776114243837092488e+00 2.724294055755096622e+01 1.836111228322975464e+01 2.368800838884680005e+01 2.941989185112619865e+01 3.603955678449413824e+01 4.632038891448391382e+01 6.698170310655329729e+01 7.151169246488605324e+01 5.246880919813670374e+01 4.271759390149501456e+01 6.208902905230777236e+01 6.490869523677791619e+01 4.530191338265349543e+01 3.400884178135267888e+01 4.530191338265349543e+01 6.490869523677791619e+01 7.291954632121830571e+01 5.278124953707403222e+01 5.262670811046935171e+01 4.035843269918850496e+01 2.067666541305986527e+01 3.994842325651590187e+01 5.014723427113491994e+01 6.128052755432754140e+01 5.861324531907703772e+01 7.270140422174422667e+01 8.828252941149530386e+01
2.239863785106879172e-03 1.414437548751618223e+01 3.414437548751688922e+01 4.884212511806720158e+01 3.594582918918398207e+01 1.774410495845136992e+01 2.048046834987121301e+01 2.778076810552112974e+01 9.761675968777124623e+00 7.092371563046038219e+00 1.542054955705996022e+01 3.232285058850502679e+01 4.357471557285218466e+01 4.978054959798246415e+01 5.665104601051859134e+01 6.503913271986158406e+01 7.527675365210191671e+01 7.263152617815738665e+01 5.596324338657942121e+01 3.593537136616134120e+01 5.596324338657942121e+01 6.431758979025623546e+01 4.471070075114748477e+01 3.093310331423094794e+01 5.045342559273023397e+01 6.693529888338497358e+01 6.793921521119426643e+01 5.640986261003088487e+01 4.811780714182351915e+01 4.109137226886861072e+01 1.975844531590486142e+01 2.456620456169056155e+01 3.718428397134209007e+01 5.514519606867715140e+01 6.735084599997362886e+01 7.976839369221411857e+01 8.038777147253492217e+01
1.766589122093755728e-03 9.990641711837906058e+00 2.143737792339822334e+01 4.022882846589142503e+01 4.833779331241773747e+01 3.960219685515082233e+01 4.257800651494773092e+01 3.596154695167960824e+01 1.862205658733672209e+01 2.684801883487601515e+01 7.578639282186316883e+00 2.627004682587941886e+01 2.982421973466047049e+01 3.889177999572834210e+01 5.048309528357194154e+01 6.175659068685475717e+01 6.336579289703990980e+01 5.549611391054222764e+01 4.527299031955206488e+01 3.030612765293945188e+01 5.095627537985026123e+01 6.410475822056400830e+01 4.747660435317826710e+01 2.802924243288765993e+01 3.920177651393677110e+01 5.878022939352490539e+01 5.961922583138206022e+01 3.969818430198012749e+01 2.846490795772225368e+01 3.677120050715507205e+01 1.885415461731387055e+01 3.560252332926376084e+01 3.238652419938778593e+01 3.877299195074635918e+01 4.877526054299107017e+01 7.222267337318046998e+01 7.156984678551037860e+01
