LEM/sinusoidal_perturbations/elevation_000186.asc
nrows	100
cellsize	150.0
xllcorner	0
ncols	100
yllcorner	0
NODATA_value	-9999
[rows 34 to 50 of 100, columns 0 to 36 of 100]
2.064481644892168701e-03 2.000206448164453832e+01 3.373998236273769891e+01 2.638909300341169839e+01 4.053122862714214847e+01 6.053122862714143793e+01 6.916620542200266186e+01 6.323896973021047074e+01 4.904223539677646926e+01 6.323896973021047074e+01 7.281442374139638218e+01 6.458971647079268052e+01 7.281442374139638218e+01 6.207333738531752232e+01 5.622160236469335359e+01 7.034670466235040465e+01 5.617820153491282298e+01 3.618692719972337102e+01 4.801679796391075428e+01 3.118090984911160390e+01 3.438761108292123225e+01 3.767822986516880945e+01 4.139342468538223585e+01 5.293310067275994868e+01 6.706011473928788291e+01 8.397060735581024460e+01 9.395778174979621156e+01 1.022944183376990281e+02 1.044649252796296963e+02 1.085271236588332471e+02 1.027352742272357915e+02 8.853931480469631765e+01 9.011174814291776158e+01 6.972365838552946116e+01 9.011174814291776158e+01 9.756998434377595686e+01 7.729391428497582694e+01
2.905961989428186391e-03 1.414504158572050407e+01 3.414504158572120929e+01 4.638909300341098429e+01 5.467336425087259499e+01 5.646788550930539685e+01 6.458200696091154214e+01 5.431763835207333102e+01 3.502724241042418640e+01 5.431763835207333102e+01 6.285901037058022922e+01 4.465626252531924223e+01 6.285901037058022922e+01 6.207333738531752232e+01 4.208669475619176836e+01 5.139002752387763451e+01 5.342162050009994800e+01 4.514422429277188797e+01 2.801163785307251786e+01 4.216253747622718606e+01 5.437663778383812740e+01 5.766604119190763811e+01 4.922154354689599387e+01 5.771081320393650316e+01 7.768745162547573102e+01 9.529273092018475211e+01 9.655174846243450304e+01 8.257503863197693761e+01 8.472912426215361847e+01 1.044649252796296963e+02 1.099620094564803026e+02 1.086609563906178693e+02 9.841999679195181727e+01 8.002401775506370996e+01 9.841999679195181727e+01 1.058597992712456914e+02 9.419782556001378282e+01
3.542675937824442140e-03 1.000655918100173913e+01 2.419313222555682685e+01 4.434815269825390516e+01 5.316647295804947504e+01 3.661977351250840940e+01 5.316647295804947504e+01 4.602885011787589065e+01 2.639504616675593951e+01 4.602885011787589065e+01 5.462298949805597914e+01 3.463329656196163597e+01 5.462298949805597914e+01 5.060701177447647581e+01 5.139002752387753503e+01 3.138876613882989020e+01 4.244519150534134866e+01 2.512840876302854554e+01 4.514422437951834866e+01 5.629186272777089783e+01 7.036564739616780173e+01 7.744060586434326865e+01 6.075786299226039944e+01 7.744994048719649982e+01 8.596419199032507663e+01 9.533214991872230826e+01 8.835071122699055479e+01 6.865675975869321235e+01 8.500672191431104352e+01 9.320251045131448109e+01 9.018542514974400603e+01 1.099620094564803026e+02 1.084810918106781941e+02 1.001994785307718274e+02 1.084810918106781941e+02 1.054683056387096087e+02 8.532986753034613514e+01
3.411803931810562015e-03 2.000341180393145635e+01 3.828592355756042309e+01 3.401529981524886637e+01 4.202222576494994399e+01 2.517046700207432863e+01 4.004466404340733021e+01 3.183839864204660586e+01 2.026651039532108101e+01 3.982009614850078805e+01 4.795975851785510002e+01 2.794484909155529095e+01 3.942548754827608803e+01 3.059933902643999559e+01 3.817061345819212903e+01 3.990146354734958578e+01 2.241652081309666045e+01 4.244519150534134866e+01 3.457513325633119905e+01 4.612438849301716459e+01 6.026296868401271922e+01 8.028514460913676487e+01 8.072510857270721374e+01 8.896577050810117271e+01 8.958031122866002249e+01 7.560282536200082859e+01 8.138784791119469730e+01 6.164525225768106509e+01 6.528256830890902052e+01 7.411971442926413545e+01 9.381449598760117681e+01 1.048969787307019743e+02 1.034829538559758646e+02 1.117305863153019487e+02 1.154543823269150522e+02 1.137363356076129719e+02 1.021394435769525018e+02
3.327314952832964925e-03 2.000332725580825866e+01 2.185275880454931396e+01 1.431193677340096215e+01 3.079385238963491389e+01 1.706385838963705837e+01 2.640653251731247053e+01 1.222782466194438200e+01 2.607695680556769346e+01 4.573856848609425185e+01 4.596336734155435266e+01 3.917911910303956802e+01 1.939847163309487499e+01 1.644634303378871110e+01 1.814252059300991959e+01 1.986603969900481559e+01 3.990146354753703406e+01 5.072356028353208757e+01 5.457862559180730955e+01 4.872127825539041623e+01 6.878018434464614472e+01 8.805017905775326881e+01 8.805017905775326881e+01 9.606991545629973928e+01 8.138141073643429024e+01 6.161989306392474219e+01 6.888312956307436252e+01 5.534358176878053825e+01 7.514469099231023108e+01 9.092750572549964261e+01 7.696251047403396228e+01 8.737582294290314167e+01 8.375582787735703505e+01 9.927286597517500866e+01 9.563615316378225373e+01 1.154543823269150522e+02 1.052930618425932607e+02
6.779948344387334673e-03 9.293111563732719960e-01 1.852825349452491333e+00 2.780303140972826270e+00 2.273274334271830810e+01 2.187762412490104325e+01 6.416550800255696352e+00 7.386783765699770576e+00 2.738246674395130142e+01 2.980026565777684056e+01 2.534487459099856466e+01 2.977539080543759198e+01 1.407510376427251586e+01 2.820706396448782627e+01 3.817061206744141799e+01 3.404331486590701417e+01 3.254952085505954074e+01 4.669894108435651958e+01 6.668385363693123224e+01 6.878018434464614472e+01 7.710199026018089796e+01 6.827035625210196201e+01 6.827035625210196201e+01 8.805017905775326881e+01 8.285413374971143696e+01 6.309611021462012559e+01 4.901751133122796489e+01 6.888243251649642218e+01 7.282714184244100863e+01 7.678460469949011724e+01 6.300241742407737888e+01 6.768170761100910227e+01 7.338678522007407423e+01 7.960379001305429369e+01 9.091718682779440996e+01 1.106869359563686572e+02 1.052930618425932607e+02
9.516927588586143695e-04 2.000092752738057200e+01 1.599418137861095346e+01 2.278021895496743809e+01 4.101940341883000940e+00 5.060536065467203137e+00 2.504237501577140534e+01 2.651312039843864099e+01 8.797509519803966782e+00 9.801634082603397857e+00 1.081153088618200186e+01 1.182681809639249693e+01 1.715749100550022277e+01 3.986394230321349852e+01 5.649151023802167515e+01 5.404426004061766520e+01 5.255238611698701590e+01 6.082742821895010366e+01 6.630038873982313419e+01 5.810140193317447910e+01 6.411553823934141860e+01 5.415887991940157775e+01 7.406373222120895150e+01 8.050970595072313074e+01 6.979079290003514302e+01 6.159165693053723345e+01 4.535417287607261727e+01 4.914589637150049128e+01 5.300118187171370465e+01 5.699835314057553148e+01 7.678460469949011724e+01 8.737582294290314167e+01 9.305295802405804295e+01 9.927286597517500866e+01 1.075116246806495894e+02 1.189600933127848208e+02 1.135607254590826471e+02
1.945935296826602993e-03 2.000194010121417776e+01 3.596328532498476704e+01 2.411643075961132610e+01 2.403301574072185787e+01 5.594018287143645018e+00 2.885022001287051907e+01 3.455335278299391177e+01 2.230615186102971492e+01 2.405577350559977035e+01 3.080626020289101774e+01 3.182802784011664698e+01 1.370425238070787621e+01 3.369559018276441265e+01 5.111732902850988580e+01 5.939107644677774545e+01 6.380001748951143270e+01 5.556033143322461854e+01 5.055420545961574419e+01 3.812591519924651351e+01 4.415969844132484923e+01 6.409167659837183351e+01 6.791202593748825223e+01 6.638321275464656424e+01 5.224872870034689498e+01 4.165965980469852781e+01 6.159165693053720503e+01 6.699298080474653716e+01 7.016969784860336290e+01 7.214093119325394809e+01 8.142452316087452857e+01 9.625563492689465761e+01 9.931106810354422976e+01 1.077054937850495833e+02 1.096697165614355782e+02 1.180406516215969077e+02 1.241355694662501179e+02
5.600688922766023682e-03 1.414773632639806777e+01 3.414775035865569919e+01 4.420163196260841687e+01 3.734535935056844380e+01 2.896762480969869813e+01 1.498710817258340278e+01 3.585516898569974842e+01 3.964414419952635171e+01 4.484234948128395359e+01 3.897016916016649191e+01 2.209176184800642062e+01 1.503373143791641731e+01 3.503146420851574305e+01 3.111103597823445810e+01 5.111732902850988580e+01 5.229104374782709641e+01 3.558476269182191487e+01 3.055997083332367836e+01 4.720117490920509340e+01 5.525345168954049058e+01 6.178539328914228435e+01 4.784608535521853412e+01 5.547468120358648491e+01 3.808824074965032480e+01 4.095101679767380887e+01 4.387752363380213438e+01 4.690424773487561794e+01 5.007692323395529854e+01 5.341541018173742117e+01 6.759557914847658822e+01 8.269609991845173624e+01 7.896197103051780175e+01 9.302332684454806611e+01 8.928213612849188507e+01 1.075502084487060444e+02 1.038227336198350628e+02
8.215197286175309616e-03 2.000821519728582132e+01 3.586750087214984717e+01 4.424540029004409547e+01 5.468988932692306548e+01 4.133421199465654183e+01 2.138780709404252534e+01 3.016837486424833514e+01 5.321303425270037479e+01 5.457744364570292106e+01 3.571675649858855905e+01 4.202222843488397075e+01 3.503146420851574305e+01 1.695722464181992706e+01 3.697074354625483750e+01 4.043937847410549580e+01 4.190892192375218883e+01 2.402740557975159774e+01 2.555369194824665868e+01 2.719446179433945687e+01 4.705240732880114507e+01 5.121987621420498016e+01 3.369621537570283465e+01 3.545897753017833764e+01 4.961919769795767365e+01 6.135172353707649506e+01 5.805860339873970588e+01 6.108101684822094057e+01 6.425015121893662240e+01 7.352799631632609589e+01 5.857400811670015628e+01 6.248835233822424584e+01 6.748406235516918628e+01 7.266480499543061455e+01 7.940975539509446435e+01 8.712475465415634801e+01 1.075502084487060444e+02
2.613274238814250559e-03 2.000261327423845970e+01 1.578108011928743615e+01 2.579612063601478056e+01 4.614585762855679718e+01 4.718297790089588517e+01 2.744560131969629069e+01 4.453540262376513681e+01 6.089499526335180235e+01 5.797213296207861788e+01 5.833813135657004523e+01 4.699555596778853328e+01 2.696588061415008042e+01 3.581247105516103346e+01 1.895830443597521509e+01 2.040944513176241060e+01 2.190103635416893013e+01 4.136959174674816353e+01 3.372678239027066383e+01 4.720469261569937913e+01 2.955463456795529709e+01 3.124095239153233905e+01 5.123665000185361151e+01 4.185859144489904082e+01 6.080874635127688066e+01 7.789554674115170485e+01 7.822324933558014948e+01 8.126572436885126649e+01 8.446074760504458823e+01 8.714124750023957233e+01 7.278452696739542205e+01 7.673615698371033034e+01 7.896197103051599697e+01 9.302332684454806611e+01 9.983011256927477461e+01 1.075502084487060444e+02 1.040309166202084157e+02
7.532853315450405325e-03 5.780992647288830000e+00 2.574302644443533339e+01 4.424521307622696753e+01 5.449695348807836126e+01 5.580986941559076087e+01 4.120827192009705442e+01 3.971376063152460034e+01 6.003570238376898516e+01 7.885501447882128900e+01 6.114600706573226319e+01 4.113424720932296452e+01 4.112481551261325308e+01 4.592002111589147972e+01 2.617133751988884427e+01 4.043937847410541053e+01 2.241561651687477408e+01 4.912775113823263951e+01 4.266744750175129752e+01 5.787924271139637966e+01 4.964561350685229968e+01 4.124811635380957853e+01 5.955866282240758380e+01 5.492617548800126315e+01 5.345429889212003616e+01 6.739681073227313846e+01 8.811142105116394418e+01 8.937660560672091492e+01 8.389641491844568577e+01 9.209359636856714815e+01 9.309400227680062301e+01 9.708467498247408400e+01 9.931106810114366112e+01 1.077054932339378439e+02 1.080948965112875158e+02 9.819570520815886994e+01 8.418105748444261849e+01
6.101047412966256744e-03 2.000610104741260997e+01 2.521740056218255432e+01 4.302471514233425864e+01 4.847138386333985238e+01 5.751753029399552020e+01 6.160719411093211306e+01 6.003570238376898516e+01 6.003570238376898516e+01 8.121762950034509743e+01 6.941631546088233051e+01 6.114600706573226319e+01 6.109187701723181618e+01 5.442377950232796024e+01 3.609790755595160761e+01 5.407036860610222817e+01 4.076663799543788258e+01 5.840876525159798405e+01 5.414679470199219224e+01 7.053004551455558158e+01 6.960661295601877896e+01 6.126080724150212120e+01 6.962317249640184968e+01 7.500511282326436913e+01 7.346397962503949941e+01 8.198122453015504618e+01 8.355078856540907850e+01 6.953568810496921060e+01 6.405604379869205900e+01 7.816602301150660992e+01 8.478278750044098899e+01 9.298070291494397566e+01 1.028936984930184195e+02 1.058992672767075334e+02 9.770864432927558596e+01 7.999610379562237483e+01 6.999726097153401838e+01
6.842009524227352091e-03 2.000684200952387215e+01 2.934445495681184113e+01 3.454734806254890600e+01 2.865972871627725027e+01 4.882260335020462350e+01 6.142470441440197249e+01 7.656828095273934309e+01 6.839695341825047592e+01 7.656828097096411057e+01 6.985468378661461486e+01 6.134862104764730617e+01 6.985468378661461486e+01 6.444653156426744545e+01 5.616910586705508024e+01 6.444653156405325944e+01 6.230035706149364927e+01 7.058003253413384925e+01 7.377093300320774460e+01 8.183281664083183671e+01 8.706044344433901472e+01 7.886873581901683394e+01 7.648108526098100413e+01 6.827676432049851485e+01 7.648108526098100413e+01 8.638457670326823745e+01 7.364337360053885106e+01 5.552838734234293128e+01 5.263155483782349364e+01 5.833594063350545156e+01 6.493249403631065775e+01 7.485551591913058189e+01 9.471005908630944248e+01 9.440358357536264577e+01 7.774070796377299075e+01 7.999610379562237483e+01 5.993077423875232768e+01
1.934550753332892102e-03 4.590251680898800757e+00 9.304332241677752080e+00 1.446864289301706741e+01 2.154394752284122561e+01 3.312761548969636749e+01 5.318014596729690169e+01 6.686911710715945389e+01 4.913490284812065312e+01 6.686911711526022373e+01 5.940196102107267251e+01 4.028991918910365655e+01 5.244532520675485188e+01 6.101389682882113874e+01 6.242318656089000228e+01 5.505755753238761230e+01 6.242318672814318603e+01 7.056884007793033220e+01 6.228246804557375071e+01 7.056884007681550486e+01 7.562267485157624947e+01 5.904374659604405196e+01 6.657475825152140203e+01 4.846176124081961945e+01 5.836926278065907070e+01 6.692631767031356560e+01 6.543767281930624335e+01 4.564216146369099647e+01 6.543767281930624335e+01 7.816602301137325526e+01 8.478278750017911136e+01 9.298070289283657530e+01 1.028936953939766994e+02 8.534970658948768119e+01 6.577271063969209308e+01 7.590028555102921359e+01 5.588424937706629692e+01
4.364784840791047053e-03 2.000436478484043690e+01 2.934445495681184113e+01 3.454734806254890600e+01 4.160281209812468717e+01 3.790658605456506081e+01 5.777136972140253590e+01 5.876592813318355013e+01 3.903390076853429491e+01 5.876592813318355013e+01 5.081927011837549202e+01 2.973056342409953956e+01 3.136533523939236545e+01 4.890992224522431542e+01 5.343659706098562623e+01 3.700527320327194047e+01 5.343659706099312245e+01 6.050454733594695256e+01 4.210272163483121943e+01 6.050454711790263218e+01 6.676083469135910775e+01 4.759907568494133301e+01 5.836926278065907070e+01 3.852229806011457924e+01 5.836926278065907070e+01 4.710441758296777692e+01 5.590335302935047679e+01 4.158955398243738699e+01 6.139693098430485918e+01 7.388378655652932991e+01 8.208904156037139899e+01 9.200275910546265834e+01 9.335492045148126294e+01 7.685433585864662120e+01 5.567216047075837793e+01 6.728990000985098163e+01 5.214281068112922668e+01
5.219006137575642711e-03 2.000521900613722082e+01 3.471216900387423010e+01 4.308013054026130106e+01 5.472684412852913738e+01 5.777136972140254301e+01 5.629398217606755850e+01 5.218858567045663932e+01 3.177834865520136276e+01 5.218858567829947503e+01 5.939822421130263308e+01 4.027478732457241506e+01 1.942625893469121579e+01 4.027478732458351374e+01 4.603068249524964983e+01 2.718804842292544066e+01 4.603068241259512661e+01 5.219259353236945742e+01 3.194691256749124619e+01 5.219259481859874938e+01 5.855734602245147613e+01 3.869181848796383605e+01 4.862458225847473159e+01 3.216940047316544593e+01 4.880424085424497349e+01 3.300614126178474805e+01 3.604847595676744731e+01 4.120965642686584118e+01 4.747986119402882821e+01 5.406867643492632425e+01 6.396253650390380585e+01 8.380503662828034805e+01 8.502538250650897567e+01 6.206899583982711022e+01 4.795961229055833286e+01 4.758254623683958329e+01 6.728990000985095321e+01
