LEM/sinusoidal_perturbations/elevation_000279.asc
nrows	100
cellsize	150.0
xllcorner	0
ncols	100
yllcorner	0
NODATA_value	-9999
[rows 51 to 67 of 100, columns 0 to 36 of 100]
6.455108993161302530e-03 3.082408456723843004e-01 6.178710136972440647e-01 9.528293729250698618e-01 1.317261530745884368e+00 5.731338110690082921e+00 2.389629119030351134e+01 3.945730583625387311e+01 5.390818993257738612e+01 4.577686388879477875e+01 5.390818993257738612e+01 3.885860525428173418e+01 5.509740888968745764e+01 6.367626334911226138e+01 7.225494159562754248e+01 7.534229518229925304e+01 6.524354516855252939e+01 6.082328423863275191e+01 4.120775655877561405e+01 2.964382135323115719e+01 2.032468207861003862e+01 3.990644471441237329e+01 3.390547580634119385e+01 4.044376035282100901e+01 3.770623972162877635e+01 2.870294863675043828e+01 1.677651707946049342e+01 1.635783311902490667e+01 1.594524568077849658e+01 1.553507081639289922e+01 2.558688578321066487e+01 1.830951441210112662e+01 4.007934775090200219e+01 5.845998474947472090e+01 7.020102212915878681e+01 8.378164202243522141e+01 6.743387242744559273e+01
3.995603441288198172e-03 1.327476935083377008e+01 1.490178638785027765e+00 2.049937328668494274e+01 2.672367508776929412e+00 6.602594581135742935e+00 2.665148398106682137e+01 3.870770398373073107e+01 4.468320918098462613e+01 5.168899018651441679e+01 6.034042982957895873e+01 5.850195406179776825e+01 6.693721353050774781e+01 7.964654837982186564e+01 7.161528510276428960e+01 6.516220960871964962e+01 4.980816944685108894e+01 5.434997543774935735e+01 5.371464421859395344e+01 3.494372989874909052e+01 2.087131350269405061e+01 4.108131727153144652e+01 5.457477060522369783e+01 5.099024226293906992e+01 3.514486857311029411e+01 2.664799092084414411e+01 2.282604216432346433e+01 3.653550425555530978e+01 3.330364819568055879e+01 1.612032763741367347e+01 1.921307251171792174e+01 3.364700234920336186e+01 2.605371305498441004e+01 3.727238426236680624e+01 6.056142633782354778e+01 7.571151419045122566e+01 5.592889318831701928e+01
4.804567899273937473e-03 1.890117023100816951e+01 3.076151536079649773e+01 2.208025080891611225e+01 1.726903971168210106e+01 2.665148398106682137e+01 1.316834436057658486e+01 1.828892137576574584e+01 2.406690615612212980e+01 3.079125621300418558e+01 4.096696993881043625e+01 5.648473430513156046e+01 8.075470922155730591e+01 7.017250919942279097e+01 5.270398312325990986e+01 4.599793655133741055e+01 4.015013475242855634e+01 3.467085363241199758e+01 4.787003304948677140e+01 3.993953444968924060e+01 2.138854615038153995e+01 4.131419070323478593e+01 5.293016229984346666e+01 5.861990374991896857e+01 5.072872708041494150e+01 4.476466409650927147e+01 4.065301932203156099e+01 3.435000872918795523e+01 1.697781068329623722e+01 2.053694077272244911e+01 3.765091779761286972e+01 4.525440378352499948e+01 4.340654280908198359e+01 5.845998474947472090e+01 7.001626289263910508e+01 6.862136783837055987e+01 4.880307681725186342e+01
9.707512844716031236e-03 1.415184327566069378e+01 3.415191753074776670e+01 4.244096801069641600e+01 3.936697757613429616e+01 4.190248522525119768e+01 3.341915352195879763e+01 3.870770398373073107e+01 4.468320918098462613e+01 5.168899018651441679e+01 6.034043562961134910e+01 7.163327867815557681e+01 8.517498120098619552e+01 6.710300853616395500e+01 7.161528819696725634e+01 6.523498876704499594e+01 5.960908156790825529e+01 4.802794157695353761e+01 2.798684476584080372e+01 4.173070718983426985e+01 2.187547224180478977e+01 2.345533563922307252e+01 4.471936249226185112e+01 6.350517981303529780e+01 5.642650444979834390e+01 3.695663542937892743e+01 2.514452370413325255e+01 1.787419226183503440e+01 2.602817316720661722e+01 4.121299581146209334e+01 3.504013831377767474e+01 5.270086434444583290e+01 6.925663765170737918e+01 7.665483679160143993e+01 7.672563219697775594e+01 5.692215811054384744e+01 4.275055454723178627e+01
5.001202446392439237e-04 2.000046922648798287e+01 3.701551042648520706e+01 4.532055323843650285e+01 4.570239800710618283e+01 3.740247985230735139e+01 4.203603949276774188e+01 4.692987675125459646e+01 5.245442258595021912e+01 5.936417509862796749e+01 6.769604433479656791e+01 7.743444034224839356e+01 9.309577671667804566e+01 8.537861084453396643e+01 8.121691049485774272e+01 7.334321190852880079e+01 6.246865256466767846e+01 4.787435578917034462e+01 2.327158291270066215e+01 2.252103356783913313e+01 4.172905129874410335e+01 4.471914838880503140e+01 3.530672726227240332e+01 5.554992103586051400e+01 5.530327069739302459e+01 3.432417273409880920e+01 2.365668781848291147e+01 1.852411184759673901e+01 3.846165000013554902e+01 5.419477486903697638e+01 5.626248785622447457e+01 6.473259203084076319e+01 7.182913843165701451e+01 5.975931233741147963e+01 6.620329311725693344e+01 5.779523306364043833e+01 5.354987091543743816e+01
5.279685921607564676e-03 2.000304889123933094e+01 1.695121755465955360e+01 2.830574032590427080e+01 3.131231536878849298e+01 1.717339293138205036e+01 2.180565948384819563e+01 2.671442515334277346e+01 3.213041630011633032e+01 3.873621990365528944e+01 4.789713573237618505e+01 6.346327787339357229e+01 8.728416551088395181e+01 8.208382557165019477e+01 7.334321190852880079e+01 5.368113018429733074e+01 5.439464275862794551e+01 3.445175466480263538e+01 2.313552206838921421e+01 4.231001225069712746e+01 3.736150809357637570e+01 5.665304853557834264e+01 4.705121592259113328e+01 6.383757641873778965e+01 5.967326911607824513e+01 3.973582144629272506e+01 3.881016487462161990e+01 1.917930052293337440e+01 3.796667037966172131e+01 5.198078884855411275e+01 4.943416454260233905e+01 5.770244084858623523e+01 6.365801678699207855e+01 4.480146162345351257e+01 5.130275918648055011e+01 3.790482990362601612e+01 3.668263694223801963e+01
5.738623160518319517e-06 2.638167824564598973e+00 5.316515027848685015e+00 8.138497632268776982e+00 1.109333679300106112e+01 1.572286389840338394e+01 3.610216632314259755e+01 4.692987675125459646e+01 5.106420131692929942e+01 5.339340452989957697e+01 6.670060926396963907e+01 7.743444034224839356e+01 8.208382557165019477e+01 6.358815448178868479e+01 6.783696496835119660e+01 5.863093213377115376e+01 3.954967446695809485e+01 4.434717266259854540e+01 2.955862085372562831e+01 2.373908435716005627e+01 5.191816042873279002e+01 6.489048797946350078e+01 6.715929276481783461e+01 7.541780221268020057e+01 6.198395811321002924e+01 4.309572129797325601e+01 3.066770443962474957e+01 1.982588261948414399e+01 3.998174714588239453e+01 2.804515337394938612e+01 3.144277947261620199e+01 4.864304813522588233e+01 6.174952854690675252e+01 5.130228657535439396e+01 3.238644898772584213e+01 2.614177147706657323e+01 2.683078135126058683e+01
4.532054705376768917e-03 2.000453205470502027e+01 2.543130043069447765e+01 2.242203203236415732e+01 2.280628350258469439e+01 3.610216632314259755e+01 2.295045368695780397e+01 4.363286741755413090e+01 6.070506915275834814e+01 6.947439026016765240e+01 8.053072057238198056e+01 9.443781516736611081e+01 8.033921982918397475e+01 6.072195390269850890e+01 4.850569528692033572e+01 5.057996735986733228e+01 3.088575475349006894e+01 4.236016281155063723e+01 2.433697433306298308e+01 4.358523132988874949e+01 5.385893675486160959e+01 6.281696934244657626e+01 7.279825130281960810e+01 7.357581907360044227e+01 6.208610928442079313e+01 4.658301698543396441e+01 2.664444315824675158e+01 3.500371949544288697e+01 2.071871140072658335e+01 2.133837877432969066e+01 2.195246309941735063e+01 4.201820998476633662e+01 3.864784574890424551e+01 4.292440236576872792e+01 2.515328600567470829e+01 4.510316392640504546e+01 4.669337314504437586e+01
9.001595176218036079e-03 1.415113721890704213e+01 3.415113721890632803e+01 4.251026868521608293e+01 4.293177098342288645e+01 5.124726714235244174e+01 3.759748762869161709e+01 3.142606350104430746e+01 3.894590403154217739e+01 5.152525044956215794e+01 7.505987189289092498e+01 7.630624891975895707e+01 7.568901620670925467e+01 6.072195406799381345e+01 4.085120194035627605e+01 3.619429137215769288e+01 4.604569617256704817e+01 2.500770951773552042e+01 2.475784496356483544e+01 2.934860432471508318e+01 3.469241294099287387e+01 4.458606628687450524e+01 6.460307292159383508e+01 6.538500039473508707e+01 4.543189279992888885e+01 3.392234925869177431e+01 4.658301698543396441e+01 4.822267764384149302e+01 3.240044915288798677e+01 3.904068915803142659e+01 3.992974974924808151e+01 2.282731419881983825e+01 2.346410202708758064e+01 2.415999684756805976e+01 4.349841447700340780e+01 5.325018503151950711e+01 4.852480649830189918e+01
5.674351268809080251e-03 2.000567435126845339e+01 3.040847919424139789e+01 3.628888528667718560e+01 4.309797852584126332e+01 5.127003274233641861e+01 5.820356315789852886e+01 4.480411253445954145e+01 6.093749571181794522e+01 7.044677629826436771e+01 8.330176067011635155e+01 7.508243602384300175e+01 5.643440393095222873e+01 4.880009591508752465e+01 6.072195406799381345e+01 5.024179944686586907e+01 5.450746539090344811e+01 4.004058625195598609e+01 4.416532239287791128e+01 2.534228849259460148e+01 4.482849188427191223e+01 6.277960299812956180e+01 7.278278431478486254e+01 6.647911627661792977e+01 4.653455502888100881e+01 4.388285532845812043e+01 6.208610928442079313e+01 6.070771607928151781e+01 5.245088604569268398e+01 4.719310365475422486e+01 2.739560094631914211e+01 4.112015376597477712e+01 4.064872449836189361e+01 2.583969858875502368e+01 4.326644677749283829e+01 6.457178608249886054e+01 5.502199239819211840e+01
9.518805923843161668e-03 5.327983130517159438e+00 1.077964936979938138e+01 1.687743855936669490e+01 2.397394030608758797e+01 3.587889304515365296e+01 5.037192588012012351e+01 6.636891272775640971e+01 7.596703657482918004e+01 8.439944526412254788e+01 8.513676826684140053e+01 8.357749376008325726e+01 7.568901620670925467e+01 5.867114596752503530e+01 7.641981023732910216e+01 7.004116489681769053e+01 6.789217466711330928e+01 5.785702451680365499e+01 3.917956967215476993e+01 2.575247684232506984e+01 4.523910338506023976e+01 4.846473939905066430e+01 6.841312085153832356e+01 7.466754624555727560e+01 6.067002112616366816e+01 5.803142653775870485e+01 7.204179945637089588e+01 6.536350356369250392e+01 5.202761506535618707e+01 3.205456505899418573e+01 4.731767282580374712e+01 5.392407880936041664e+01 4.649922140580211760e+01 2.743575233376092015e+01 4.229790335459568951e+01 5.640906169098104783e+01 6.726790761083955772e+01
9.062254805971973678e-03 2.000906225480561673e+01 3.040847919424167500e+01 3.628888528667766167e+01 4.309797852584126332e+01 5.127003274233641861e+01 5.856433599672882906e+01 5.485684753321154261e+01 6.324438521502015931e+01 6.405567347828281299e+01 6.414392340142167370e+01 7.858329968214842154e+01 8.612685862621961519e+01 7.814963554584878125e+01 8.612685856829088493e+01 7.271617040375505781e+01 5.849707610855130469e+01 4.927418830586604059e+01 4.562058327049861362e+01 2.616012159997317710e+01 3.005380393953646490e+01 4.846507665246832630e+01 6.579218349185701697e+01 7.481810690253483642e+01 8.050351065460696987e+01 7.788799701334507120e+01 7.290959193320304621e+01 5.712444772919398872e+01 3.706917708177309834e+01 4.617153474959901160e+01 6.027415880658961811e+01 5.833197446141662823e+01 3.846671828003785265e+01 4.686276351700556120e+01 2.959274913595408307e+01 4.925797374466492329e+01 5.859263051149039114e+01
3.063233560239582431e-03 1.414519885730569904e+01 3.414519896828838341e+01 5.071971038346773497e+01 5.585229112447232325e+01 4.751193491493631171e+01 3.578502777515979716e+01 3.447251338341880000e+01 5.485684753320481377e+01 4.958842191569331703e+01 4.959168779666715210e+01 6.409312596915579263e+01 8.460457310713231038e+01 8.035160312721124853e+01 7.055429867941856514e+01 6.202247246265477543e+01 4.174889792476346884e+01 2.910232018607236171e+01 2.673219286534352435e+01 4.398232309126437656e+01 4.845007352746843310e+01 3.749641029685648874e+01 4.627570354688322851e+01 6.071258419252394134e+01 8.074703821661015013e+01 8.180297096371826626e+01 6.469823213259829231e+01 4.465900919505426003e+01 4.242191998556340593e+01 6.249659927320697506e+01 7.437678286358016067e+01 6.646535327877356281e+01 4.997979737164823177e+01 5.743275571749274633e+01 4.925797374859683941e+01 3.180617243851326492e+01 3.514576107271156502e+01
5.666595628964066558e-03 2.000566654965102131e+01 2.535188102450933911e+01 4.320022607688326133e+01 4.418203442419770255e+01 2.722710212429233323e+01 2.012892883199271665e+01 4.044294662590157685e+01 4.948168198373866034e+01 3.775901689710021003e+01 5.822138263161864558e+01 7.288987313210670038e+01 8.459427285693142551e+01 7.199370176791742892e+01 5.264059502137445179e+01 4.406913429343329369e+01 4.681406782658221744e+01 2.729664001108062976e+01 4.620977443132856166e+01 5.389330398577531867e+01 6.495123256969705494e+01 5.749994033450264652e+01 6.579218063410336015e+01 7.481810546821809282e+01 8.505905743478437842e+01 6.523284670867302282e+01 5.367972934139878305e+01 6.469823213259829231e+01 4.916003025429517947e+01 5.889587084879033796e+01 7.917256986126089657e+01 7.783870447991499475e+01 6.974126060750224099e+01 6.901751217257010751e+01 5.988381846067873227e+01 5.172841655696089447e+01 3.418510630705368669e+01
2.110006612196471242e-03 9.937113176993499053e+00 2.405932110430960691e+01 3.273233772904367100e+01 3.158277344609650328e+01 1.558426622746135415e+01 3.582010861503729870e+01 2.524591249701249041e+01 2.906677507083817602e+01 3.493913653292197097e+01 4.409584075408724857e+01 5.592446585560992389e+01 7.625062107448573556e+01 8.035166021422408278e+01 7.055429867941856514e+01 5.306585719386496436e+01 3.537912603713844106e+01 3.074915157636378282e+01 2.785513570258090255e+01 5.131240145809228892e+01 5.784802978732056999e+01 6.589045213090321340e+01 8.000391927438239748e+01 8.802157359856438745e+01 9.323467230606388512e+01 8.180297096371826626e+01 6.369568859165453034e+01 7.620494245789426202e+01 5.629202270396815067e+01 7.620494245789426202e+01 8.765314373918354818e+01 7.957523861870147641e+01 7.228379274881581296e+01 6.091666944991145982e+01 4.083597793729361314e+01 3.675525713474284117e+01 5.426696818926890131e+01
9.367352646185668139e-03 2.129363519935909110e+00 4.261375547290942478e+00 2.435976824320941958e+01 1.140833413875706448e+01 3.158277344609650328e+01 4.422404492135037657e+01 3.964585122465979339e+01 4.085059439159311268e+01 5.538344567787404316e+01 4.788944432850917110e+01 6.234067052212947857e+01 8.261477279337182722e+01 7.827348222857418136e+01 5.911190376693227932e+01 4.626609195792003959e+01 3.585696520828293643e+01 4.562303440284789247e+01 2.824424589161796817e+01 4.800253309577740879e+01 3.779771272855093400e+01 5.784818327089238466e+01 6.057015528599743703e+01 7.568848902250807953e+01 8.370716979831748006e+01 9.170626679152861982e+01 7.773761576742187174e+01 8.442215835124096657e+01 6.781910495010765771e+01 8.442215835124096657e+01 8.596414389171823700e+01 6.661720576739946864e+01 5.264712001806272923e+01 4.717947321479078937e+01 6.091666944991145272e+01 5.690317105489012306e+01 3.978847783253940662e+01
3.648181865326004768e-03 2.000364818186497118e+01 2.435976645348927150e+01 7.366125837689769362e+00 2.749101772673385824e+01 3.718311772308501162e+01 4.556660024626089722e+01 6.004699322441474152e+01 6.127196689690510567e+01 6.965624208858962163e+01 6.827881759490669822e+01 7.664369023025128058e+01 8.422206524134875849e+01 7.509833965847337822e+01 6.740727438743995492e+01 5.745333531684541128e+01 3.979103927439123822e+01 4.817666223442579110e+01 2.862737054191128294e+01 3.214809349708922070e+01 5.209716208071657917e+01 4.424483785875901987e+01 5.014384492291965500e+01 5.622542938869175799e+01 7.568869027373300185e+01 9.484915992535719909e+01 9.751095971975991006e+01 9.587657083245910883e+01 8.766020952553940049e+01 9.255302454255703992e+01 7.325774605643795212e+01 6.204714993006523116e+01 6.347078862996120563e+01 6.133843193723245690e+01 7.509720602640280163e+01 6.802240048915101056e+01 5.990626104418186060e+01
