LEM/sinusoidal_perturbations/elevation_000807.asc
nrows	100
cellsize	150.0
xllcorner	0
ncols	100
yllcorner	0
NODATA_value	-9999
[rows 17 to 33 of 100, columns 37 to 73 of 100]
7.589050472880597908e+01 8.475782900230026939e+01 7.959687123236577122e+01 5.958324056611780861e+01 4.535038869838950859e+01 3.840093173278712868e+01 5.858403488314295515e+01 6.594555993983867381e+01 6.953140285522738395e+01 6.349264725881443638e+01 8.411024851594413576e+01 1.012770122211164363e+02 9.390734617670764806e+01 9.167311110158341592e+01 8.323023317534278931e+01 7.876962554914938153e+01 7.023740544026983912e+01 5.476286464812670118e+01 4.106695521585253061e+01 4.098625294064861180e+01 6.067297946126863906e+01 7.290929214260158631e+01 8.346235469386034822e+01 9.447006785714103216e+01 7.447136881020206545e+01 5.972150060944579764e+01 6.054290977362279591e+01 8.042511379185337717e+01 8.826684669083782353e+01 6.754688051028706752e+01 5.265544890547297996e+01 6.301602661346221623e+01 5.706248396948541313e+01 3.778980331278378202e+01 5.828755517319591917e+01 6.064965991580036331e+01 4.123908423602423312e+01
5.474686793447660449e+01 7.250590545118366492e+01 7.292614220855118390e+01 6.446927181972722565e+01 5.592344069972466514e+01 3.592931442114198859e+01 5.592344069972466514e+01 6.620431854454182030e+01 7.468260534682080731e+01 8.411024851594413576e+01 9.253204948918421735e+01 8.788110763874939835e+01 7.343014564569492109e+01 7.983572837358700269e+01 6.267756352795743169e+01 7.983572837358700269e+01 8.371154267435080953e+01 6.923720371843896260e+01 5.670480672389352605e+01 3.748344109993136897e+01 4.430713387550045468e+01 5.401361150890411267e+01 6.858431470186724255e+01 9.014305647449208436e+01 8.867781878816623475e+01 7.200585102252546221e+01 5.115077171407405388e+01 6.543115874772087182e+01 7.393262384615840688e+01 7.708256276177904454e+01 5.649405081181100741e+01 4.233994811241502276e+01 3.700617223514041143e+01 5.295847164433619270e+01 5.239756233795542073e+01 7.063355668319252345e+01 6.207736232525238762e+01
4.306443106555809663e+01 6.368319968272670195e+01 6.446928108744648966e+01 4.424141627925718012e+01 5.016559567648852180e+01 3.354421305178578905e+01 3.882828039586039637e+01 4.578140718430238820e+01 5.591535580609132694e+01 7.048178239056022676e+01 9.100632343929291324e+01 7.942773967099736865e+01 5.890889417759567692e+01 6.645047176400782973e+01 5.087288683174122639e+01 7.136414370922068429e+01 7.899779115764694382e+01 7.058737379227065389e+01 5.456818756474705623e+01 3.557488935632806459e+01 5.456416608758315334e+01 7.232958676043909918e+01 7.719525172207130481e+01 8.587707799138584619e+01 9.039374587616418921e+01 6.982660332707266093e+01 5.501159411240341512e+01 4.465683418865836529e+01 5.979043216784272374e+01 6.419788684213405361e+01 5.564910642139673769e+01 3.623944918443904584e+01 5.602874258238018967e+01 6.485549492707836805e+01 7.295831132742873137e+01 7.337504569524685394e+01 7.564414148185524311e+01
5.177378953772796422e+01 6.720386622514628527e+01 5.557121812158467122e+01 4.718525021465733005e+01 3.050886657155010440e+01 4.928435862153594371e+01 5.884121028063898251e+01 5.522297435151305223e+01 7.468260534681338925e+01 8.494675494654762815e+01 9.403629597286064268e+01 8.561018878093157980e+01 6.645047176400782973e+01 4.612352101571386243e+01 4.336639893629711651e+01 6.361917638197823521e+01 7.058737379227065389e+01 5.059027612194871182e+01 5.249600341160899575e+01 3.369547468504980969e+01 5.228963588905151028e+01 6.045905378383002926e+01 5.675264661731775107e+01 7.607572278034658098e+01 8.632892670619715147e+01 8.427982974943292049e+01 6.412978853962719938e+01 4.937281873542291777e+01 3.929740297672755389e+01 5.479303880842940799e+01 3.549248610820135497e+01 4.002958573216511695e+01 6.082907321555640578e+01 7.666859789275437720e+01 8.721235760175432006e+01 9.390211600689482907e+01 8.324776076059740149e+01
6.048217180204899535e+01 5.875798287918362917e+01 3.871549838193854498e+01 2.765009065605143235e+01 4.718525021465560343e+01 4.425050231873100870e+01 6.448111447826887854e+01 7.571716816459462507e+01 8.416971337359029803e+01 8.645619327529546183e+01 7.800997480160076236e+01 6.509257493091976698e+01 7.492386674128809432e+01 5.686825056675125012e+01 3.699760318566199402e+01 5.686825056675125012e+01 6.017205586717373933e+01 5.579406369061383941e+01 3.731060728502136925e+01 3.182806688652491545e+01 3.619515946287739183e+01 4.091880698468999356e+01 4.746981832407890778e+01 5.733202820377704256e+01 7.783687877935520305e+01 9.326618084105123785e+01 7.869798469416308251e+01 5.837444675378519321e+01 4.269296012904103321e+01 3.476556744784909370e+01 5.479407631767212905e+01 5.412100746212115610e+01 4.792124629763936383e+01 5.823934671611473135e+01 7.281999365549273762e+01 9.324687991639197548e+01 8.967570390571984262e+01
4.785159401635500842e+01 5.071575157352052088e+01 4.237510890705474509e+01 2.565543521353575684e+01 4.517034544153569442e+01 6.451669240048001086e+01 7.298128895810923211e+01 8.311532881786023097e+01 9.154087155132896214e+01 7.800997560869951997e+01 5.753230352624635202e+01 5.329579108501618379e+01 7.199395728135064587e+01 5.253211898529697521e+01 3.298705652514899356e+01 4.688416316777395565e+01 3.989606212370053839e+01 4.518875771071740388e+01 2.936020170341947022e+01 4.782027581559119511e+01 5.524438404896152122e+01 6.047273308553150173e+01 6.758437037804631586e+01 7.607643948097442888e+01 8.632970665320813453e+01 8.825751274738756535e+01 8.690906269583682331e+01 7.115728768849662345e+01 5.420327789924073869e+01 3.426774563430010545e+01 5.418077224693035987e+01 7.263759679610936359e+01 6.851612680513741793e+01 5.964481322861023926e+01 7.124374195010962296e+01 9.126466622822456998e+01 9.807538464032222691e+01
3.943318610006203784e+01 3.965811560908004907e+01 2.278264709011466138e+01 3.056487121948967456e+01 4.311802134792016972e+01 6.389363054185658086e+01 7.973261704628981761e+01 6.261667325707806242e+01 7.973261704628987445e+01 8.055179710863733078e+01 6.353007005749111613e+01 4.334049451009553877e+01 6.353006915529628174e+01 6.074821597833527420e+01 4.687896424339675150e+01 2.825040036925109277e+01 2.651434322841484104e+01 2.689771105030491682e+01 3.811162726243266974e+01 3.379983338169236617e+01 5.323081440423341348e+01 6.363024116060534396e+01 7.222530593878521188e+01 7.075374266139172619e+01 7.061935612208517909e+01 6.492951837391674985e+01 7.836867659096775185e+01 6.742258111496467166e+01 5.371263968780137787e+01 3.377279848889574509e+01 5.296256660963398843e+01 6.207722083880219799e+01 7.142663449637528572e+01 7.721954335823680537e+01 8.798283091840868053e+01 9.953109405834540269e+01 1.098206876085936301e+02
3.440485138130075882e+01 1.991831116394511980e+01 3.965811560902186983e+01 4.903823353004272434e+01 6.057133814191726628e+01 6.881180507606775620e+01 6.035396470511464884e+01 5.083889014867851586e+01 7.128042449563078264e+01 6.786544483160879793e+01 5.173852174518898295e+01 3.784708698240107339e+01 5.045191049833941577e+01 5.259170302037473022e+01 4.345406601802221758e+01 2.597098984550161305e+01 4.506298317173164492e+01 4.329064737855346578e+01 2.745038435889061645e+01 2.783976789712779265e+01 4.604475367055376012e+01 4.307486158008681798e+01 6.245879694072538513e+01 4.909192038970681438e+01 5.141413503078908320e+01 5.041113195204088981e+01 7.090409168408343987e+01 6.496783273120843205e+01 4.441067576228861924e+01 3.327788250121957248e+01 3.947768250959712333e+01 4.589748074015790991e+01 5.640783568263249492e+01 7.372685880685504856e+01 9.832086813193863861e+01 1.053602206682941897e+02 9.696024688786378931e+01
1.710739827270746716e+01 3.689074351010582120e+01 4.484062293632176477e+01 5.607170416388184009e+01 6.016713636780777108e+01 5.173499891660813432e+01 4.014069831976805602e+01 6.035396470511464884e+01 6.786544483112916737e+01 4.771225990596298061e+01 5.141024441873768325e+01 5.032047781726124924e+01 3.107467798177803431e+01 4.398303691501514834e+01 2.542885054057625993e+01 4.358665171435445984e+01 5.309451144821935031e+01 5.626937893210217112e+01 5.001309277698032218e+01 3.525156349158169888e+01 2.838700443360067638e+01 4.661773225252116504e+01 4.875548620855294502e+01 3.796498958658526135e+01 3.912281389322196645e+01 5.700337533781463151e+01 6.655472347081962425e+01 5.874266260830971476e+01 5.134761424630212900e+01 3.278183987835894442e+01 3.955077802960316546e+01 4.763050050935976998e+01 6.006850596585852742e+01 8.024206730242781305e+01 9.808686358018283613e+01 9.350980178988487523e+01 7.633274117794617553e+01
3.694118286272562557e+01 1.758332454928258670e+01 2.976800515195104069e+01 4.398355776129086792e+01 4.471036454584416475e+01 3.186633258753862208e+01 5.173499891660813432e+01 6.743000374036490996e+01 5.535853015738982208e+01 4.684253124643818467e+01 3.194862417375228603e+01 4.213758905251410170e+01 4.344777905572013310e+01 2.488686826183324641e+01 4.385269245926668447e+01 3.177174809472004569e+01 5.117385052610710261e+01 6.713281008641084213e+01 6.159969012453964865e+01 4.328817959285888151e+01 3.514184097306346644e+01 2.893100459024033810e+01 2.931374357568366307e+01 3.277324208610750844e+01 4.655469092796536046e+01 4.844042447046154365e+01 4.494177379306693609e+01 5.063937304728618471e+01 3.207434815762003666e+01 3.760548937248422874e+01 5.685353109730740329e+01 6.512000217440846939e+01 7.394685868062769885e+01 7.044984302328577996e+01 8.466690989371966225e+01 8.505095091353230430e+01 6.422126679643974967e+01
3.380270112052480869e+01 3.741941900799870524e+01 1.806871642058996486e+01 2.733813432391795217e+01 2.509386136681215973e+01 4.471036454584416475e+01 6.016713620875353996e+01 5.470143090451976065e+01 3.889626694866760914e+01 2.844786865444416435e+01 2.356150072029531017e+01 2.395600142074641781e+01 2.434401394496054039e+01 4.275858175861087318e+01 5.208738669750712802e+01 5.117394475508263696e+01 3.879834020121356275e+01 5.869369558851982305e+01 7.025918102629812267e+01 6.119491476100610328e+01 5.270088251480975572e+01 3.832884493072177889e+01 3.702028866460203460e+01 2.985226531851123610e+01 3.023212943664440289e+01 3.060949225784824534e+01 3.098384251112685916e+01 3.135486788241106737e+01 4.961459450840674634e+01 5.769507917918080864e+01 6.865684808142775353e+01 6.373303122552466959e+01 6.403541618053739626e+01 5.676003600948085648e+01 7.637812576346601645e+01 7.810772287450147644e+01 5.727890907995080738e+01
5.371973257886624964e+01 4.527952171329841491e+01 3.229275061344898745e+01 1.856909852432020003e+01 2.710340417768943766e+01 4.547990293355935876e+01 6.039432246385064929e+01 4.633432246784138897e+01 2.554143004531080052e+01 2.299338319514164652e+01 4.134878369870469328e+01 4.270202558533026860e+01 3.056921300883384873e+01 3.864432731075822147e+01 5.838638390681047241e+01 5.869369579245365287e+01 5.869369579508257573e+01 4.853605584125902794e+01 6.885133525459345094e+01 7.430376856215707448e+01 5.577451284527259645e+01 5.552673583521431055e+01 3.701733275712099669e+01 5.404107402826404183e+01 4.380189640493178871e+01 4.993069115190872509e+01 5.023766286502807077e+01 3.662521924276326502e+01 3.208946554695575060e+01 5.145460350990018128e+01 5.292054880733229538e+01 4.717629052846384496e+01 4.578496517969269775e+01 6.404756198031553538e+01 7.438123771853071275e+01 6.584244545586443564e+01 5.109441839549173636e+01
5.367807349329678601e+01 5.038853379871599714e+01 3.987335058519958153e+01 2.037239433567166103e+01 1.910055892141225087e+01 3.305226215129926715e+01 4.753394047951811530e+01 4.954125786750669391e+01 4.088003854211393673e+01 2.258516759427632437e+01 4.178831371488762159e+01 5.524763292771251599e+01 4.765278243557582982e+01 5.604249401384460327e+01 6.692712203842756935e+01 7.907514399379981285e+01 7.730761359441561353e+01 5.861259123735453613e+01 7.730730692882023902e+01 7.805209322457393739e+01 5.899142062970367562e+01 4.549730369069771285e+01 5.678608402145575695e+01 5.676902871216422142e+01 6.519127589014136959e+01 7.018434553966338285e+01 5.631880414354110087e+01 3.637141910867139671e+01 3.630636265827160969e+01 3.282133995850288244e+01 3.333354112389575619e+01 3.843433321537117564e+01 5.225813291121988868e+01 6.157126885737702082e+01 6.034707303805809175e+01 4.528064465570567165e+01 6.584244545586325614e+01
5.012155228434318843e+01 3.385248053018905523e+01 2.282762907293460586e+01 3.990889713642748404e+01 3.889634734648421244e+01 1.964892539652990422e+01 3.942558314722602830e+01 2.976115795480826165e+01 4.113592583947394132e+01 2.217676433250067447e+01 3.951331049348215885e+01 5.717615654159599359e+01 5.679672984777754152e+01 5.559036075032473434e+01 6.433535400618471556e+01 7.863580800337513210e+01 8.753234053841818252e+01 7.909008068283083048e+01 8.753223612432722689e+01 7.805196462887066389e+01 5.899142036336242967e+01 5.512784376926689589e+01 7.267023949693663099e+01 7.590587061361192411e+01 7.611612509568485052e+01 6.167877061579800113e+01 4.126890122305513131e+01 5.631881332076132196e+01 5.880026931256190181e+01 5.180995030397590284e+01 4.366755671421411478e+01 3.405868726642150790e+01 3.458142047919944417e+01 4.904712282310011062e+01 4.005041472688008497e+01 6.034707303805809175e+01 6.353086826885078864e+01
3.039002614556009974e+01 2.518493228474272527e+01 4.224753629545502065e+01 5.058733539053694983e+01 4.521652717458954385e+01 3.195387007282977265e+01 2.020830069563604425e+01 2.917603442296842431e+01 3.161430332747065108e+01 2.176495213908368953e+01 3.909453191125602700e+01 4.305076886441015915e+01 3.083166739464972039e+01 3.534017298237470328e+01 4.770332369169700115e+01 6.953942241672477564e+01 8.441521833423426813e+01 7.822680681390960444e+01 8.634732015954901385e+01 8.634897833133054235e+01 7.805196413426689617e+01 6.831891945069678229e+01 8.226476133788538903e+01 8.284432140263319866e+01 6.763256189422190801e+01 4.700825115621798744e+01 6.167877238767004400e+01 7.019671730619511152e+01 7.291992595669867683e+01 5.932046387324351855e+01 3.854795123009095192e+01 5.695210694068241253e+01 5.434932742453062815e+01 3.533175628089166054e+01 5.522487667463227012e+01 5.947068873133153488e+01 4.282795960608259378e+01
4.646119877312244739e+01 2.690266451989789331e+01 4.057126963076257198e+01 6.068074559002370449e+01 5.076892340233561640e+01 3.141410237472558720e+01 3.990666262650667306e+01 2.077144788806118214e+01 2.116916328075132014e+01 2.187886172726078371e+01 2.267246023604588601e+01 2.362289296751401579e+01 2.456033255611592381e+01 4.403886118687227480e+01 4.345409138915525915e+01 6.235417249177794474e+01 6.458340830442755021e+01 5.825224670651014236e+01 7.339120745768153142e+01 8.153154142928704573e+01 9.141364866975501968e+01 8.778504877184695943e+01 8.896263456965751004e+01 6.831031794664926338e+01 5.362627149406554139e+01 6.763256189422190801e+01 7.614490185833638236e+01 7.908613236027863991e+01 6.475642161373521333e+01 4.376708271304497089e+01 5.933241914541565620e+01 6.549021863955771039e+01 4.844446007326637726e+01 3.587752294674000808e+01 5.584528310915848692e+01 3.746236293557394958e+01 5.946855583368733988e+01
4.240017156575780888e+01 2.865295914787635567e+01 4.240017264251671492e+01 6.257932903386215173e+01 5.923828298160637473e+01 4.247277932231135367e+01 4.896097753796782825e+01 2.670294596955017852e+01 4.170855874379423511e+01 4.631017017966018301e+01 3.397892107598155320e+01 4.329643598824431194e+01 4.411792732725272970e+01 2.581728585268433562e+01 3.967294445624608556e+01 6.070865328986926812e+01 5.029623373918218476e+01 4.654131339220290897e+01 5.330105252081481382e+01 6.346282850116490692e+01 7.759995688336607600e+01 9.712799359928288823e+01 9.119615780490805435e+01 7.057523083487620852e+01 5.958750842804108316e+01 8.035401572827628058e+01 8.520293804053778786e+01 6.466395122513725369e+01 4.973830294872060875e+01 6.475656317418754782e+01 7.321764755005101222e+01 7.388498061919831628e+01 5.940328071575588353e+01 3.995847410979947512e+01 3.667320422029639104e+01 3.725833865152105062e+01 5.708464640240042343e+01
