LEM/sinusoidal_perturbations/elevation_000635.asc
nrows	100
cellsize	150.0
xllcorner	0
ncols	100
yllcorner	0
NODATA_value	-9999
[rows 51 to 67 of 100, columns 37 to 73 of 100]
5.048794451010024886e+01 7.081610573679520826e+01 7.604519733305930629e+01 9.606913564494944069e+01 1.069055089679503538e+02 1.018496209217996693e+02 9.356796356893603672e+01 9.385579256709533524e+01 7.372270941371407105e+01 5.938700046822005163e+01 5.301478157235574429e+01 4.723934612316804760e+01 5.732068668414220980e+01 7.155018392454678633e+01 7.007299248068076736e+01 6.199879063899606280e+01 4.525697718725713514e+01 6.537539004439418022e+01 7.251297568336539712e+01 7.067154202902842997e+01 6.647642991141059099e+01 8.666977082587605707e+01 9.669519288124760692e+01 1.049673510357264945e+02 1.164939397605617728e+02 1.140761756013359189e+02 1.118588296395681994e+02 1.127983155704469738e+02 1.186935032459358865e+02 1.103740990134549520e+02 1.083944958509951562e+02 8.836401167750697994e+01 9.423080466147185064e+01 9.427386853849729675e+01 7.437224297338984513e+01 9.427386881786088679e+01 1.032534636415692546e+02
6.492222880710026800e+01 6.492222880710038169e+01 8.504518335571576415e+01 9.617654888679861358e+01 8.788943713853301176e+01 9.029390708540675803e+01 7.354402127479579576e+01 9.029390708540675803e+01 8.794352060925965020e+01 7.961955294314682874e+01 7.322145807318220534e+01 6.322816721083864167e+01 4.310998756803500243e+01 5.931679030958837728e+01 6.146294405404820793e+01 4.188944854576635635e+01 6.199879063899606280e+01 6.894036468820718255e+01 7.726711144785127772e+01 9.082072239250615553e+01 8.666977082587605707e+01 7.930005928482519550e+01 9.350238399777194331e+01 1.134717296016614938e+02 1.140761756013359189e+02 9.390664259664659141e+01 9.170464825031169198e+01 9.267485658533156823e+01 1.056747846214109785e+02 1.140443042321507363e+02 1.166974946041058132e+02 1.083944958509951562e+02 1.021239796414911609e+02 8.211004550471254504e+01 9.427386881786082995e+01 1.025985619774098723e+02 9.494628383404614169e+01
8.504518335146185848e+01 8.504518335559205866e+01 9.337076558250060998e+01 8.460345044577886142e+01 6.783016788611273284e+01 7.976802072681678624e+01 6.191360506235704975e+01 8.200713508916659578e+01 8.684324822058837867e+01 7.853514080415656906e+01 7.853514080415656906e+01 7.156768468106248804e+01 5.931679030958837728e+01 3.919312680360499002e+01 5.680160591740951048e+01 3.957057100674798278e+01 4.407164236311278671e+01 4.878711482758856732e+01 6.894036470417668738e+01 8.399875644041605938e+01 9.229409295478313879e+01 9.935126990929340707e+01 1.076283276306016603e+02 1.118956500028563710e+02 1.100053628366260341e+02 9.760782086409818703e+01 7.750292270679946682e+01 7.847603380141580942e+01 8.558003195305207100e+01 9.977015980756827673e+01 1.199354008730598338e+02 1.163586007105942457e+02 9.622780653942670881e+01 8.961667571459224746e+01 1.097237329230535323e+02 1.056712468050528884e+02 8.560667834338077853e+01
7.425046238770258356e+01 8.256532733355835774e+01 9.048391864015147235e+01 7.043638909265699510e+01 5.618718638642111074e+01 5.966500418744915635e+01 5.428129291204202644e+01 7.441249459850121184e+01 7.853514080415656906e+01 5.839611135563146860e+01 5.839611135563146860e+01 7.261967978810990587e+01 5.662767742493660705e+01 3.647879009593135891e+01 3.665590369616036526e+01 5.090243260615184084e+01 6.418941756698541212e+01 6.894036470412849837e+01 5.666447111041966878e+01 6.381523016071502497e+01 7.551238048686333570e+01 9.559136304084570668e+01 1.063281300900664093e+02 9.237143498135850450e+01 1.016218412829424693e+02 8.150702159148409010e+01 6.989081930365703954e+01 8.999571563771301896e+01 1.056690638985717499e+02 1.056764221713893477e+02 1.258611781433927632e+02 1.246961362730079230e+02 1.163586007105939331e+02 9.964209776068322810e+01 1.180651445066734482e+02 1.139760954143290661e+02 9.716030611785943449e+01
5.425408162240377408e+01 7.425046238770258356e+01 8.437443346269830613e+01 7.607689093783753265e+01 6.555304140952463854e+01 4.539224964893019632e+01 4.754826964748342277e+01 6.770209403564716411e+01 7.853514080415656906e+01 5.839611135563146860e+01 4.415259146281491809e+01 5.528687329344715806e+01 5.182936691681830155e+01 3.380925211953318410e+01 5.398009228511178748e+01 6.512237770586742158e+01 7.930431651003199534e+01 8.517433533005873869e+01 6.834936805093158796e+01 8.399875646656019512e+01 9.229409817132844296e+01 1.038717915077802587e+02 9.808994432896187732e+01 7.867341407747318272e+01 8.580985361527491762e+01 8.011615391202627734e+01 6.566981396527890524e+01 8.581370748461283426e+01 9.549737487614979159e+01 1.026067799652336987e+02 1.109926916611862850e+02 1.226583938698933025e+02 1.281410433470759358e+02 1.198053680854240071e+02 1.281410433470759358e+02 1.255772739531714990e+02 1.172974079938617109e+02
5.165941160721116887e+01 7.165581460019502913e+01 7.607689093783753265e+01 5.596107547628829337e+01 5.947432968224312333e+01 3.929298321207214428e+01 5.947432968224312333e+01 7.600848750489470262e+01 7.744435160023179776e+01 7.023618408672321323e+01 5.528687329344664647e+01 3.512957394537522759e+01 3.165381377423935305e+01 5.182936691671274332e+01 4.145487873049209782e+01 6.159072790804024322e+01 7.850477928388325211e+01 8.856798058776146831e+01 8.849236880729920074e+01 9.678184698793678820e+01 1.063372317964637830e+02 9.799385876075326962e+01 9.998390052242461934e+01 8.580985361527491762e+01 6.611501861270667746e+01 5.988670195112125327e+01 6.366814969698902615e+01 6.930579150544051004e+01 7.538832871181325856e+01 8.249834577046063089e+01 9.408337596985887785e+01 1.142499663496346614e+02 1.194917249122350853e+02 1.204161627449345104e+02 1.118654059398122484e+02 1.118654059398122058e+02 1.204161627447099079e+02
6.840970447798036957e+01 7.996569716724812338e+01 7.607689093783751844e+01 5.596107547628828627e+01 4.168024937432448951e+01 3.532269464587572827e+01 4.961683048299585153e+01 6.975936032192697667e+01 5.732193043182155634e+01 5.600001948751857128e+01 4.176385487627145920e+01 2.954053936925912183e+01 3.962075889632918546e+01 5.977173997130868344e+01 6.159072790812417253e+01 5.003181020575284776e+01 6.010498290150258782e+01 8.026179852105767054e+01 9.580470354462534033e+01 1.041684520013264859e+02 9.799385876075326962e+01 7.792429555135716157e+01 8.380253451654567698e+01 7.153483435544673341e+01 7.155381937596501984e+01 5.589605059671436038e+01 7.622299401042950251e+01 8.943426932896434778e+01 9.549737487614979159e+01 1.026067799652336987e+02 1.109926916611646135e+02 1.134728262409526280e+02 9.889614575140009833e+01 1.085243152560951927e+02 9.128720429828091198e+01 9.128720429828091198e+01 1.058290148321048463e+02
7.158846031480119620e+01 7.254141704725633133e+01 7.840714497592115606e+01 7.016775408172314599e+01 5.176655539500543313e+01 3.158561351441473875e+01 5.176655539500543313e+01 6.632204613106718227e+01 5.402720242587778898e+01 3.718020362049544048e+01 2.755992500375600684e+01 3.512918731260616312e+01 5.528196810343040823e+01 5.977173997128360838e+01 7.850479054786532629e+01 6.166736831938335683e+01 7.850479064994613054e+01 8.856798316324088205e+01 7.551025535478231632e+01 9.246879221259762005e+01 9.799385876075326962e+01 7.792429555135716157e+01 6.363702597771703040e+01 4.920051585166091002e+01 5.186709716977573947e+01 7.221953233546066997e+01 8.458143060711005035e+01 9.443050821113109805e+01 1.027696249483598194e+02 1.094529254766723483e+02 1.009191469552250453e+02 1.049284512251443857e+02 8.432325471578339204e+01 9.189658070415806890e+01 7.936415357208665000e+01 9.998457568263562223e+01 1.204161627397654541e+02
6.661233853002127603e+01 5.232436916462305021e+01 5.823889548298512153e+01 6.718586076872377078e+01 4.857566773079450684e+01 2.845169946201499300e+01 4.857566773091802048e+01 5.167622859740853869e+01 3.787154326762011181e+01 2.566798052452771017e+01 3.979398298625771702e+01 5.528196810343040823e+01 4.938265185685695968e+01 6.952417739463584212e+01 8.820469345063540345e+01 8.181649361955204824e+01 9.012089377479760799e+01 8.408769841916446808e+01 6.347926747972196182e+01 8.408769841916446808e+01 9.786578905659600025e+01 9.213076367391045096e+01 8.380253450612840993e+01 6.947521049857711262e+01 4.920667069950058448e+01 6.947521054302868038e+01 8.022463082074436613e+01 7.434036374026520377e+01 9.443050821113109805e+01 9.758129494433518403e+01 8.037348825725297274e+01 9.758129494433518403e+01 9.189658070415806890e+01 7.123707874433301868e+01 9.189658070415806890e+01 1.085243152560951927e+02 1.121887972202142123e+02
5.824103429199379178e+01 3.805083209454408433e+01 4.744620150420809779e+01 4.730288900919313022e+01 4.545567388515578244e+01 2.548169036064090420e+01 4.128934830224653041e+01 4.101022193549871986e+01 2.383364276462929254e+01 4.367054789381629831e+01 5.402720220481661784e+01 6.826042186548048107e+01 6.952417739463584212e+01 7.784084401382170881e+01 8.776262303173076873e+01 9.370570297339087062e+01 8.947333845865553315e+01 6.895008222485249405e+01 5.551413881822287522e+01 6.895008222485249405e+01 8.867125411294875903e+01 9.468358544032665236e+01 7.315731346044937311e+01 5.853848998543579540e+01 4.694683941843457120e+01 5.319952036978658327e+01 6.000402427131902527e+01 7.434036374026520377e+01 9.443050821113109805e+01 8.905710537527281190e+01 6.856106814514555481e+01 8.905710537527281190e+01 8.749196008677317593e+01 6.688024330346074464e+01 8.749196008677317593e+01 1.061701266600609443e+02 9.160325830067861830e+01
4.855669844713289507e+01 4.744350712523729641e+01 2.737948196477351459e+01 3.925391532808840367e+01 3.864058073945343352e+01 3.955064869524959192e+01 2.138195313531885233e+01 2.200194528830884622e+01 3.855700599254702610e+01 5.038345796402762033e+01 6.315864501532807651e+01 7.148683565729201916e+01 7.011228645818543725e+01 7.580799040552984991e+01 6.685970442288574134e+01 7.298202753682596722e+01 7.822947159055344457e+01 6.895008222485249405e+01 4.835150667294789883e+01 5.966762449120114553e+01 8.025174695154757387e+01 9.139734295554352173e+01 8.319720781195850634e+01 6.488634891518171344e+01 4.490446160217871352e+01 5.897114014108055358e+01 7.916692613015558777e+01 8.855499434431243344e+01 8.119390445564319236e+01 7.270375077890741977e+01 6.144698758706907427e+01 8.181066191883537897e+01 8.336961673011080620e+01 6.287369411127264840e+01 8.336961673011080620e+01 8.920896994295793547e+01 7.699897115908488843e+01
3.786041553487789457e+01 3.782361342847217855e+01 3.578515911193643717e+01 1.923918493319407474e+01 1.986937960034954997e+01 2.050211903140842296e+01 4.044452120646494819e+01 4.189954668258589265e+01 2.295401308104366223e+01 3.436135499821745753e+01 5.466666736683895067e+01 4.841935756694770987e+01 5.135394499341165897e+01 5.718397598796229175e+01 5.214508954721095790e+01 7.218927460667408980e+01 5.952697360890354616e+01 5.952697360890353906e+01 4.331754348873280236e+01 5.962282195543016172e+01 6.573532113940873955e+01 7.508248735302510113e+01 6.401148676198044996e+01 6.276569718038348356e+01 4.288277893880866998e+01 5.686155833612842514e+01 7.699961233721847975e+01 8.686250142986942535e+01 7.270375030297620356e+01 5.255148860779652153e+01 6.991320139465794625e+01 7.258083789142689568e+01 7.532942486850002695e+01 5.914784383244502664e+01 6.368588285285738237e+01 6.857992994351884875e+01 8.317146918815687684e+01
1.717065029007385846e+01 1.776474824115950923e+01 1.836573410876167500e+01 3.841531681245752594e+01 3.984912060510300336e+01 2.263155335764017195e+01 4.496642117142566519e+01 4.333375515525678878e+01 2.361617933837309380e+01 4.356221287042865242e+01 4.523107801025550856e+01 3.428411380072442682e+01 3.866732732154318342e+01 5.719857843531525532e+01 4.303278035784437350e+01 6.175130532352231683e+01 5.952616751548550411e+01 4.253117654142201332e+01 5.178410623818452052e+01 3.714289070240596402e+01 4.764465414681860267e+01 6.690562710291428061e+01 6.612116658551383352e+01 4.782024748441911299e+01 4.085626630385155522e+01 5.481408164030467134e+01 7.500637432342554689e+01 7.248471606913167875e+01 5.810693418712858005e+01 4.725391287836696108e+01 4.981591854398372732e+01 5.244740510048195148e+01 5.513871022731213856e+01 6.910165994682199653e+01 8.400149760560944401e+01 8.920896994295793547e+01 9.055451359635783604e+01
1.728096833795032339e+01 3.722297536649302430e+01 2.912540314791648299e+01 4.560393591103946420e+01 5.036261710410931158e+01 3.232894722551250055e+01 5.289654672137056934e+01 4.783246500209444463e+01 2.733025225876755471e+01 2.454500176963027158e+01 2.520104358150791057e+01 2.586666247897074555e+01 4.525738403534198540e+01 4.765943775078216049e+01 3.535893305737056380e+01 4.301587839139898506e+01 4.991045117304763323e+01 4.671304323556636007e+01 3.150802638204824646e+01 4.282562628563205465e+01 5.312245073394216632e+01 5.452829104748553846e+01 5.534601205252699430e+01 3.796855738564186566e+01 5.783795111938809441e+01 6.841232453431400984e+01 6.059202025968185268e+01 6.118981175405952655e+01 4.402763074115090802e+01 6.404058147692791181e+01 6.991318803014669925e+01 7.258083656991577470e+01 7.532942486850002695e+01 8.348145488863386277e+01 9.583334908807671582e+01 8.433831300173491741e+01 7.029504068090550106e+01
1.777431525556286118e+01 3.771638929692067421e+01 4.717651649303348904e+01 5.530921107488698851e+01 6.031376866384766799e+01 4.806818784431435176e+01 5.401805133887099686e+01 5.190951548381122649e+01 5.074289880646197304e+01 3.862408429814691857e+01 2.968563177026300437e+01 4.594230348698871325e+01 2.682259893427090347e+01 2.751601406083278079e+01 2.821854462408701991e+01 2.893434174131513004e+01 2.966083793475571895e+01 3.039660985832742313e+01 5.066880768713851069e+01 3.265546177978034592e+01 3.347106085897231509e+01 3.429081019992398893e+01 3.511755391188135889e+01 4.317928152426827637e+01 5.670083049765840144e+01 5.884607503356942004e+01 3.989235479980962396e+01 4.090539741239939531e+01 4.204453769063338342e+01 6.215891113641174570e+01 7.214034423479898805e+01 8.635169598313528638e+01 8.689787919230236923e+01 9.198486187912514822e+01 8.223339949150245332e+01 7.352143068637282397e+01 5.590365783099906594e+01
1.826158901345830543e+01 3.232014533786534116e+01 5.242835009041377248e+01 6.117324325384367967e+01 6.938380752881005264e+01 7.112511486164476082e+01 7.523939802485014638e+01 7.235222816512218458e+01 6.663103989780009329e+01 5.446423360002938097e+01 3.442203524375533874e+01 5.141113081247018357e+01 3.070725943678452552e+01 4.099877527959458234e+01 4.842745232574461056e+01 4.918492535219090911e+01 4.991168261501204029e+01 3.274118180956346436e+01 4.407996810350596917e+01 5.714562586558542989e+01 5.374648203786761513e+01 4.259322570385442219e+01 5.534663206635366350e+01 3.640513979804523359e+01 3.742827412489074845e+01 3.845071897956518825e+01 5.773548978997303038e+01 4.787953868429076465e+01 6.202992223837511432e+01 4.364586781101389334e+01 5.786443127206943160e+01 6.665607292024023423e+01 6.665241585493734533e+01 7.176812827313354148e+01 7.177418541645867833e+01 5.365651268765256532e+01 7.398144434395621261e+01
1.874038666896552030e+01 3.870231061644844317e+01 4.685230231124527478e+01 4.200273160671053319e+01 5.488925504234245523e+01 6.309238713455994940e+01 7.448669775737087662e+01 7.565516397176696728e+01 5.590998940889414826e+01 4.179683140376298667e+01 5.447872851906372915e+01 5.558335112391139177e+01 3.483964292182508160e+01 5.451858614712478612e+01 6.544773800700617983e+01 5.588352642163473405e+01 3.609326555327258745e+01 5.254767575654325640e+01 6.086632147338762167e+01 6.410351278630044192e+01 7.107980137716917568e+01 5.268828798446916295e+01 6.803644797577693737e+01 5.778950155795010346e+01 3.924300703173020821e+01 5.245106502947458438e+01 6.548623992987023712e+01 5.524212142228647338e+01 7.133070097426585221e+01 6.379686693650502605e+01 4.526141579455880048e+01 4.641553084192891987e+01 6.663865458375371986e+01 6.959394622926038210e+01 5.145773822179084789e+01 7.177418541647298866e+01 7.409869208807810992e+01
