LEM/sinusoidal_perturbations/elevation_000638.asc
nrows	100
cellsize	150.0
xllcorner	0
ncols	100
yllcorner	0
NODATA_value	-9999
[rows 51 to 67 of 100, columns 0 to 36 of 100]
6.455108993161302530e-03 2.000645510899280666e+01 2.317227086972187067e+01 1.371308790392906651e+01 2.852913552211204262e+01 3.249621633809154275e+01 1.837351892595180303e+01 2.353803845222321200e+01 4.361178283853629978e+01 5.155592509566074710e+01 3.198807177823746883e+01 5.155592509566074710e+01 6.480347580476679070e+01 6.256161833572787145e+01 4.842781998598664472e+01 4.029518489666424585e+01 6.032340719707297438e+01 6.859051461615813139e+01 6.274863019225266214e+01 8.269407122216702533e+01 9.283169282563434876e+01 9.720099840904620692e+01 8.898476865783599976e+01 7.451802249242054188e+01 7.712874310074329287e+01 9.716814932544563987e+01 9.103191932972117684e+01 7.048660277304907140e+01 6.749225773849290988e+01 4.714855223384251559e+01 3.949537694508507712e+01 3.593612939049577903e+01 5.243241034862521133e+01 5.325849343141774028e+01 5.571303821060300976e+01 4.205708356832291628e+01 4.288778828786005448e+01
3.995603441288198172e-03 1.416657873738922291e+01 3.427983178210038773e+01 2.772095741502969801e+01 3.342982472016499429e+01 4.599951024966215840e+01 2.593500619457679690e+01 4.361178109296047722e+01 3.207442502467620216e+01 5.218841845464761775e+01 5.156965484781427023e+01 4.184492402415865087e+01 6.128962671395161266e+01 7.669541668537529233e+01 6.479746164879396986e+01 4.478888187062669601e+01 6.479746164879396986e+01 8.121637207175150763e+01 8.269407122216702533e+01 9.096683324165154261e+01 1.030918756093357871e+02 8.314141363267701479e+01 6.888537163518623174e+01 6.283517398844925594e+01 8.299814929300666222e+01 9.615052599335946582e+01 9.948754689495719106e+01 8.197964823547259527e+01 6.149138411124897630e+01 6.749213477754825874e+01 5.980280271116843238e+01 5.244845056477195300e+01 3.213513438221713869e+01 3.295033231141468377e+01 3.541550564353570962e+01 3.840255931984907534e+01 5.866923797757573311e+01
4.804567899273937473e-03 1.414694019163034966e+01 3.414694019163105310e+01 4.721224960514755509e+01 5.293815153632825599e+01 5.431457004080596107e+01 4.011215058158674651e+01 4.599951280215640992e+01 3.875708371635510474e+01 5.890408582363402701e+01 6.947190486685732935e+01 5.154685272248396188e+01 6.947190486685732935e+01 7.890885779083160401e+01 5.895232998274256886e+01 6.479746164879396986e+01 5.298350787381520632e+01 6.451941436743733504e+01 8.446138792293180586e+01 9.555112635705764035e+01 8.738629273073112813e+01 8.738696118050265227e+01 7.627704851788327289e+01 5.611902734721770258e+01 6.777292614785854141e+01 8.789389571222903896e+01 1.028055560760503511e+02 9.045289494611512282e+01 8.197964823547259527e+01 7.516674570252384058e+01 6.559397608045573236e+01 4.983551903356232060e+01 2.952671470538775367e+01 4.983551904962802581e+01 5.571303821060300976e+01 5.006986318370589828e+01 6.711707480262798242e+01
9.707512844716031236e-03 2.000970751284436133e+01 3.089272692074584370e+01 3.721728224108306193e+01 4.550155348854907800e+01 5.444582539854975067e+01 6.021288157093502491e+01 6.609529306086993472e+01 5.037680059358151397e+01 5.299630227300026775e+01 7.316673699513891904e+01 6.523220979137826703e+01 7.924156338856236914e+01 8.718016241616200546e+01 7.890885779083160401e+01 8.121637207181804285e+01 6.192564225365785546e+01 8.121637207181804285e+01 9.273556893920725486e+01 8.738629273073112813e+01 6.736256785503267963e+01 6.736258095934476842e+01 7.165248723642892514e+01 5.152404166132787111e+01 6.576034690759863111e+01 8.587737232969648460e+01 8.280968830618482457e+01 9.692502680034682783e+01 8.179066828539679079e+01 6.667269151713382769e+01 4.634716866357080534e+01 3.564069517154887734e+01 2.778399803532357737e+01 4.213051804516273080e+01 6.244312514309895334e+01 7.041613097143407174e+01 7.887647746505413693e+01
5.001202446392439237e-04 5.345724958493149437e+00 1.089272692074548843e+01 1.721728224108235850e+01 2.616155415108167404e+01 4.030368977481312243e+01 6.030368977481382586e+01 7.886072700195180118e+01 7.055257407283765758e+01 7.316673699513891904e+01 8.146812333959769603e+01 8.496845759992294234e+01 8.564287984206249860e+01 7.724097629280475985e+01 8.564659057529954111e+01 9.013785804631501719e+01 7.601985618432254910e+01 9.013785804631501719e+01 9.005624497904540249e+01 8.786145887059497284e+01 7.322738108651091693e+01 5.313039357206741897e+01 6.375354325348313722e+01 4.735663710540387683e+01 6.745542067679252796e+01 7.595999195802090753e+01 6.857583833899604997e+01 8.866634238026892945e+01 7.333834594445700361e+01 5.313619810688599188e+01 4.191667108772664108e+01 3.344109451236595731e+01 2.609629194880462677e+01 4.636204361241185268e+01 6.518009184835034375e+01 6.938468937936895031e+01 6.087671758447938686e+01
5.279685921607564676e-03 2.000527968592125205e+01 3.089272692074584370e+01 3.721728224108306193e+01 4.550155348854906379e+01 5.444582539855660741e+01 6.276445093215524906e+01 7.115731850435410877e+01 7.157434808316419605e+01 6.326456419758198990e+01 6.586200251043769072e+01 7.417511583829282529e+01 7.555064658670043798e+01 5.718224997810391130e+01 7.555064658670043798e+01 8.804618502017987680e+01 9.597664777496409272e+01 9.005624497904540249e+01 6.992923009366938913e+01 6.772468022756268624e+01 8.145684710604503209e+01 6.375354325348313722e+01 4.368974025494144087e+01 4.335970297852490773e+01 6.345075376887501761e+01 5.583682860539327919e+01 7.595999195802090753e+01 7.278155519948454355e+01 8.109613836135942222e+01 7.009252982087204487e+01 6.118254135149192052e+01 4.471184707415245185e+01 2.446147466055542807e+01 3.646406857339477625e+01 4.843493416638840898e+01 5.212040647540384697e+01 4.034131730132654070e+01
5.738623160518319517e-06 1.976496626297349124e+01 2.782012833190754719e+01 4.755302214239686265e+01 5.691241956704865146e+01 4.865950105135370762e+01 4.281703951413292231e+01 6.276445093215524906e+01 6.003605295205188952e+01 4.331141272669520959e+01 4.589699006611050436e+01 6.586200251043766229e+01 6.693482937026121249e+01 4.722212232406227628e+01 5.964972735112956315e+01 7.553335162063386576e+01 8.556993949370203723e+01 8.525541715177199364e+01 6.510679744601613095e+01 5.348021072208027960e+01 6.412738988088378278e+01 5.797818677460304571e+01 3.791050040581060898e+01 5.691502441687516267e+01 4.580485117967501907e+01 6.589841028170707204e+01 6.948702057225780493e+01 5.265972341419340097e+01 6.948702057225780493e+01 7.636281247181240417e+01 6.811576995697785719e+01 5.313560532396996905e+01 4.240272161044870103e+01 2.216793892256220389e+01 2.688829690770473491e+01 3.182800746813739678e+01 5.212040647873567423e+01
4.532054705376768917e-03 8.146067543542150347e+00 2.239952717978950503e+01 4.344585039754402089e+01 4.864571185166224154e+01 2.878584818089302644e+01 3.871181276745421940e+01 4.696986246857257186e+01 5.174460682458009586e+01 3.182824560403765446e+01 5.174460682458009586e+01 6.111112221659115562e+01 4.696268014149388392e+01 3.971822403196171081e+01 4.722212203203695680e+01 5.718218211361714509e+01 7.721992538380037274e+01 9.355719324900103118e+01 7.419895525151650872e+01 5.405582451025097157e+01 4.403878812379080188e+01 3.887113692789307606e+01 3.476126002427237438e+01 3.683725210598976929e+01 5.691502441687516267e+01 6.401900422955868919e+01 5.569527400916253157e+01 4.105717597626127002e+01 6.116421020165833511e+01 6.811576995697785719e+01 4.759699581943030466e+01 5.355527837884680764e+01 4.083896216348207986e+01 2.065220513575746253e+01 2.983980001445485541e+01 4.191881049176648588e+01 5.212040647873567423e+01
9.001595176218036079e-03 2.000866740379161968e+01 3.215076957553861803e+01 4.225030674892430227e+01 3.948821370687070242e+01 3.155600781381869169e+01 1.881844792796904642e+01 3.515052560036232165e+01 3.760592893426229466e+01 2.581625909019898302e+01 4.324445836825285028e+01 4.694205439752524001e+01 3.290702682942504964e+01 4.696268014149388392e+01 6.693482937026158197e+01 7.553335162063386576e+01 8.556993949370203723e+01 9.430856391407560579e+01 7.419895525151650872e+01 6.379594258682863739e+01 4.957651479189087240e+01 5.894052869638097292e+01 4.546059082551471420e+01 3.122094917058947416e+01 4.820449286761839147e+01 4.612313173462520410e+01 3.556517195835363054e+01 3.343034263085965563e+01 5.356446545292427430e+01 6.811576196172086384e+01 4.759699579748566833e+01 3.274370045431221854e+01 2.567230937611395447e+01 1.920688110064973486e+01 3.934185581501380824e+01 5.530290495018827812e+01 6.868700351265114534e+01
5.674351268809080251e-03 1.969444716948893159e+01 2.370320784198941055e+01 2.060132028541129046e+01 2.673836709784750809e+01 1.056590156569322758e+01 1.278825008688104425e+01 1.519629702037441099e+01 1.765878958554763756e+01 2.046054533455296820e+01 2.331890447329880445e+01 2.703139629830744539e+01 3.698095655329508702e+01 4.845903846425993322e+01 6.256591045162752351e+01 8.261456759166451036e+01 9.454525158239860616e+01 8.867871999480034617e+01 9.223616558427140433e+01 7.801605409696270499e+01 6.117997280194798293e+01 7.387843512082518771e+01 5.582113174787106402e+01 3.570061697159317049e+01 2.802509160420913759e+01 2.593319422805839025e+01 2.390896287297456624e+01 4.135403522824578459e+01 4.738759268017233950e+01 5.647761316443374824e+01 5.036659362383016258e+01 4.579673249384807576e+01 2.910671881858454668e+01 1.773131299564762386e+01 3.197649977153913170e+01 5.239671448144835608e+01 7.000794311343079812e+01
9.518805923843161668e-03 1.850668044347116403e+00 3.699668742884321126e+00 5.572840759451458403e+00 7.479768302115151535e+00 1.174389324125564116e+01 1.633129184854850635e+01 3.500286898827125981e+01 3.760592893424979621e+01 4.039782478130001664e+01 4.324445836825285028e+01 3.016418575735863783e+01 4.010539429217109131e+01 5.159035064350624111e+01 6.570983186159145362e+01 8.576813005965772163e+01 7.445381050224268904e+01 6.856166006689542769e+01 8.276443392307143654e+01 8.963123204412606526e+01 8.132327632130987638e+01 7.007546635660479240e+01 4.991685879434660222e+01 5.581630836880627555e+01 3.970756043062694829e+01 4.612305598915996541e+01 4.135421468854729454e+01 2.126396050871048260e+01 2.754052127428513685e+01 4.612043888248873458e+01 3.187300705724577554e+01 3.511952369603778834e+01 3.495980512282726238e+01 1.568764672697414042e+01 3.659579373128082835e+01 5.024976705311155456e+01 5.060108981490830615e+01
9.062254805971973678e-03 2.000906225480561673e+01 2.370541962110141299e+01 2.558174893241823256e+01 2.162761926591101869e+01 2.553513497303302771e+01 3.585265970337167829e+01 2.315689745212325690e+01 2.909613949823325996e+01 4.832732947594861628e+01 5.836284049329118062e+01 5.007319073983527602e+01 3.905607131198384963e+01 5.053777995045727778e+01 7.052702167875413863e+01 8.521774860415835917e+01 7.445381050224268904e+01 5.431422935895346882e+01 7.285751618382182926e+01 7.514964187538188867e+01 8.103152520257619074e+01 7.843266889088319260e+01 7.007547578842503810e+01 6.808183939793515549e+01 5.979998106254442547e+01 5.380915697887213156e+01 3.947917163190975742e+01 1.946840768685552092e+01 3.947917163190975742e+01 3.953986671732674552e+01 2.466597990286055975e+01 1.503034946825440699e+01 1.538983256604539385e+01 1.575711874064023732e+01 3.058882231356928116e+01 3.065219300003707659e+01 3.894131302775615922e+01
3.063233560239582431e-03 2.000306323355988525e+01 3.299688858229750110e+01 4.128115945182845792e+01 4.164232176049385004e+01 4.415442981125458743e+01 5.055598355681561173e+01 3.291898385626318913e+01 4.832732947594861628e+01 3.872602073728381811e+01 5.792863821461341445e+01 6.729174427700036176e+01 4.899540124102296090e+01 6.729174427700036176e+01 7.885026989607348469e+01 7.691113499311455826e+01 5.677239366447105340e+01 4.672489370768621342e+01 5.273547765421991329e+01 5.502621101672664139e+01 6.092022745448811349e+01 6.606168598435047556e+01 5.774021328135680875e+01 6.606168598435023398e+01 5.715412781325479585e+01 3.681022770391203380e+01 2.515108785094858490e+01 1.768583024710016005e+01 3.514894199516761830e+01 3.374926411660414516e+01 1.452151322518506582e+01 3.429504076577093485e+01 3.535203075706741771e+01 3.576005706082075619e+01 1.628029403988386292e+01 3.630936808444516828e+01 1.769394240260287532e+01
5.666595628964066558e-03 6.330221915965695167e+00 1.299688858263230351e+01 2.299688858263212765e+01 3.713902420636139112e+01 5.713902418819993301e+01 6.024434785876933773e+01 5.213883119961133161e+01 6.024434785876930221e+01 5.223089052212076666e+01 5.223089052212075956e+01 7.168421796880920738e+01 6.310504764713854797e+01 7.729834655737141702e+01 9.080346597314448331e+01 8.521774860415835917e+01 7.024680262101195183e+01 5.012432766473398260e+01 3.853271007096994794e+01 4.081812561963889863e+01 6.025355401352478424e+01 5.601238154705263383e+01 3.763796072906502843e+01 5.601238154705263383e+01 6.553709056695393542e+01 5.380939791272397343e+01 4.525938332851242762e+01 3.504170518354163022e+01 1.522870061419499166e+01 1.401204619620934544e+01 3.134845806471827956e+01 2.873644574247335015e+01 4.844854746304544335e+01 4.041203621520170230e+01 1.639787280360157595e+01 1.677714684380903165e+01 1.724197813560864034e+01
2.110006612196471242e-03 2.000211000661184002e+01 3.299688858229750110e+01 4.128115946040669115e+01 5.128115800960504345e+01 4.964159143440067368e+01 5.792589766456863742e+01 5.889663922245030392e+01 6.718097527037640759e+01 7.168421796880922159e+01 7.168421796880920738e+01 7.991954117419921033e+01 8.315333113993382597e+01 8.491551088200728259e+01 7.074509168117987201e+01 8.491551088200728259e+01 7.856147587394367804e+01 6.092022745448811349e+01 4.081812561963889863e+01 3.183597960656114267e+01 4.682633320110386421e+01 4.364865636146836891e+01 2.759196578903513242e+01 4.768908700521067345e+01 5.917706167943402562e+01 5.107663170665208696e+01 3.954510926563622064e+01 3.294859022573937324e+01 1.350133109605620518e+01 1.807444125692969905e+01 3.757856158104896593e+01 4.839837575998044628e+01 5.635832662022424699e+01 4.052819798172325960e+01 4.049073173592660879e+01 2.841425863572743538e+01 3.731421977683980629e+01
9.367352646185668139e-03 2.000936735264583177e+01 3.860743059039108260e+01 3.032640232716380879e+01 3.409695806100043569e+01 2.964221732573436086e+01 4.256674780559458782e+01 3.889668845927471352e+01 5.368543126206466809e+01 6.035209852754607596e+01 6.863642701738788787e+01 7.863645969235729183e+01 8.890124371361726219e+01 7.594697711134449492e+01 5.655451689457476050e+01 7.594697711134449492e+01 7.734786574529341863e+01 5.722819999955354575e+01 6.025355401352478424e+01 4.682633320110386421e+01 2.672894023867641877e+01 2.355027316537691107e+01 2.047602722354878324e+01 3.075208343295604507e+01 4.496292731518445862e+01 3.933830817259491397e+01 2.079082795487294533e+01 1.300105655411488392e+01 3.237614594244102761e+01 3.761702689038049385e+01 2.504731828064230115e+01 4.531924217885906359e+01 6.284552848020705085e+01 6.036992756674406735e+01 5.672328127835739764e+01 4.849592197372782465e+01 4.597006882362855862e+01
3.648181865326004768e-03 2.000364818186497118e+01 2.528844340364102905e+01 1.049193901034185217e+01 1.414505339612139245e+01 1.810500066844989675e+01 2.256824846902066994e+01 2.791208509134244053e+01 3.368544185961968651e+01 4.035209673110230000e+01 5.035209602612552970e+01 7.035210102896655826e+01 8.041906175900257381e+01 6.055929671957755289e+01 4.760091187437490845e+01 6.455741470806198379e+01 7.285751843995001309e+01 7.734786574529341863e+01 6.104223983466800973e+01 4.093791187205201254e+01 4.093791187205201254e+01 4.364865636146836891e+01 3.664024618367552932e+01 1.649744960318211895e+01 3.296232896708232829e+01 3.203355009185573721e+01 1.249902189444569345e+01 3.251956227950650913e+01 4.118403284699157041e+01 5.324168462357882703e+01 4.531924217885953254e+01 3.397469549925438770e+01 4.591753177250181750e+01 6.621718462337612721e+01 6.902404474590422012e+01 4.872454284635625754e+01 4.260574170129217464e+01
