LEM/sinusoidal_perturbations/elevation_000506.asc
nrows	100
cellsize	150.0
xllcorner	0
ncols	100
yllcorner	0
NODATA_value	-9999
[rows 17 to 33 of 100, columns 0 to 36 of 100]
5.222468517465790779e-03 1.414735809224854179e+01 3.414735809224924878e+01 4.722357433281813144e+01 5.550472191628519880e+01 6.672415927770929045e+01 6.661506441115270150e+01 5.770945269763375762e+01 5.478263529627800210e+01 3.634909874457368062e+01 5.478687764425060891e+01 6.317010038335439503e+01 4.673642829565028478e+01 5.039509596455483376e+01 3.107219575151795254e+01 2.315412358767817480e+01 1.767673881599151287e+01 3.005790359502335818e+01 3.587051590083764552e+01 2.568198067284749442e+01 2.964530191280985250e+01 3.420849716446640087e+01 4.064248151180463253e+01 4.908974057189384865e+01 6.687008955350684403e+01 7.548932152026495146e+01 5.887486377253053149e+01 5.630566759072898719e+01 7.026445175683468847e+01 9.007409332263149793e+01 8.900485843593817492e+01 6.931531462106100605e+01 5.549518284303301385e+01 5.987412511762628498e+01 4.123455361912929362e+01 4.994322886585228360e+01 6.378928606409850488e+01
7.333276091007126865e-03 1.414946889982208234e+01 3.414946889982278577e+01 4.292097179388988337e+01 5.292097179389006101e+01 6.372473551039368544e+01 5.549748075988225082e+01 6.372473549915662261e+01 6.487197448073315798e+01 5.684099774190389098e+01 6.487146068823011547e+01 7.449435813347487567e+01 6.676233298352362056e+01 5.336405104688250134e+01 3.158781114056806771e+01 1.833367286553853504e+01 1.956323771688196445e+01 1.936251501751602078e+01 4.173521175485651469e+01 4.264479315335326248e+01 4.680689434947699823e+01 5.140156230729568421e+01 5.796363187345287571e+01 6.577345178429148120e+01 7.489810252419334802e+01 6.722923751344073651e+01 4.744418046515404797e+01 6.722923775132224478e+01 8.436094724505367992e+01 8.276790442335851594e+01 7.792417603939684057e+01 6.966193659384803993e+01 6.581634411832116882e+01 5.761397487084485647e+01 3.990804663771125149e+01 5.116701414411487292e+01 7.081101648196599285e+01
6.343274376862209282e-03 7.077411086242367588e+00 1.463670054642697949e+01 2.463670054642715712e+01 4.463670054642786056e+01 5.399791539898031800e+01 3.621286465154451406e+01 5.399791534005125726e+01 6.253570712659623609e+01 5.359719173506280043e+01 6.217994632538841415e+01 5.922527982307864391e+01 6.746940571093348638e+01 5.380009024661268313e+01 3.929027700227111808e+01 2.652144612817488678e+01 1.887085867356310587e+01 1.967442777387971375e+01 3.453273634265348591e+01 3.859406535705097951e+01 4.371330335893660646e+01 4.958068293228797785e+01 5.657620682137930856e+01 6.486910382258471941e+01 7.642518978433132304e+01 6.242129966032622690e+01 4.263000357089583048e+01 6.243066714488101354e+01 7.499692490389584520e+01 6.299382737812897659e+01 6.966193659390475545e+01 5.003471187575361512e+01 5.578339289977054705e+01 3.804335704137849206e+01 4.444277915509331933e+01 6.513408436159419068e+01 7.909606496508702378e+01
3.497053469895897767e-03 1.414563267720097173e+01 3.414563267720167516e+01 4.292097179388988337e+01 5.292097179389006101e+01 4.585517269116784433e+01 2.815254530370010499e+01 4.541031004651431857e+01 5.196238769706347682e+01 3.256695726583603800e+01 4.874182747493779289e+01 3.689803215688053228e+01 5.278365735612599963e+01 4.547153880058464637e+01 2.673835592212038037e+01 2.038930013521941476e+01 1.922169769768040126e+01 1.965481282384570960e+01 2.036177706757818484e+01 2.185161943963777276e+01 2.503325814681769756e+01 3.012260122327896639e+01 3.680323207863986568e+01 4.817359522100741032e+01 6.807200045287498824e+01 5.800328404208805466e+01 3.822268752936396652e+01 5.800328404208805466e+01 5.532462702254994014e+01 4.913353490761747366e+01 5.274559836197690998e+01 5.398644513090209784e+01 3.619875408272832829e+01 5.003471187575260615e+01 6.308262476593814227e+01 7.654184129784191271e+01 8.670806852037502210e+01
9.635555453094322986e-03 1.000982741834663869e+01 2.156128467243467028e+01 4.170145196568290658e+01 5.355368141212544231e+01 3.993551967749258580e+01 2.484332520105843045e+01 2.370565351940520316e+01 4.268341863797081714e+01 2.718670008082062139e+01 2.179583559537809023e+01 2.750858047472854651e+01 3.076127319271074612e+01 3.772333069049159349e+01 2.030622642468314965e+01 1.965599130933711081e+01 1.981556033189860599e+01 3.180337325969765416e+01 3.484971398527645903e+01 3.297267549370535278e+01 3.496329497361488592e+01 4.958068293232334867e+01 5.657620679388887197e+01 6.486910097131409714e+01 6.948684372830987854e+01 4.849434473978426041e+01 3.396569086892900202e+01 4.846483337244641376e+01 4.141822037233399811e+01 5.096845088988133199e+01 3.301391132701797204e+01 3.435732468756746982e+01 5.178133683684425392e+01 6.348992747862889274e+01 7.792417171195398851e+01 9.248117883646098392e+01 7.315078771300561300e+01
8.845047570523793118e-03 2.000884504757016913e+01 3.736351863371628212e+01 5.016883487393220520e+01 4.532528483065071612e+01 2.848370068799019350e+01 2.376213092953445383e+01 2.365524770137664490e+01 2.319036584912571897e+01 2.845520085510813146e+01 2.327648246671033405e+01 2.118781913925988292e+01 2.077922512101200780e+01 2.040966746190947134e+01 2.006763734696799162e+01 3.035760208879123923e+01 3.446184138512455775e+01 2.446856007117061793e+01 4.239090803458348233e+01 5.222959386737407783e+01 5.432938577359551147e+01 6.255738957635630726e+01 6.889299438944786402e+01 6.587008000575465871e+01 6.319530180597567437e+01 5.311737299467726814e+01 3.444392729661399244e+01 2.705837008497005414e+01 2.920943005489578326e+01 3.096168122772619213e+01 4.522285935023533909e+01 5.398465671718835779e+01 4.711641329051246885e+01 6.163840253260478619e+01 8.162109038253518634e+01 8.405263442838570143e+01 7.566720325180628492e+01
8.023991185656003874e-03 8.952677056863681315e+00 2.315243445083033791e+01 4.359859991828054149e+01 4.218020404880834207e+01 2.371797813625985185e+01 2.377861322955299528e+01 2.328463388949195689e+01 2.330160259248457066e+01 2.228353892855087892e+01 2.183670177047687133e+01 2.596170121524963292e+01 2.401805982588195931e+01 2.099143432400228448e+01 2.070298095700167806e+01 3.340500164776179304e+01 4.997287331590686676e+01 4.239090843199122816e+01 3.401946277440920596e+01 5.052384602701894778e+01 6.520744776618020921e+01 5.831475710628876641e+01 5.175796455526497652e+01 4.713830651395399229e+01 5.261802837985732850e+01 3.860750837202581209e+01 2.344685347287817478e+01 4.667645167050597621e+01 4.973101754935959917e+01 5.033640092245215669e+01 5.887126606839496645e+01 7.243570934054517352e+01 6.767218077880517058e+01 7.598108950959310448e+01 8.274481315155020411e+01 7.566720325180628492e+01 5.568760844072320282e+01
4.598823041778624977e-03 2.000459882304142312e+01 3.736350254332904086e+01 3.846766823590132134e+01 3.514503184637445798e+01 2.438262407896260342e+01 2.368763694076205439e+01 2.312042646967225323e+01 2.281996313968438628e+01 2.389664574371047223e+01 3.416028641055444837e+01 2.303555759699473526e+01 2.306372328737010946e+01 2.984580812059929755e+01 2.182208700267536372e+01 3.721809389612732843e+01 5.648821178182029001e+01 6.104426049246800545e+01 4.724059011862145496e+01 6.104334087557142396e+01 5.020777751051176807e+01 3.146067275937134156e+01 3.976974490402357532e+01 3.125468214776701359e+01 4.229756937067951839e+01 1.890459151853498909e+01 4.470758134304768561e+01 5.425980288129103002e+01 4.744594941556933065e+01 5.488218055903461590e+01 6.784130239866802015e+01 7.072955277777609240e+01 7.937495240980366873e+01 8.274481315155020411e+01 6.277413478363857990e+01 6.643882254534302945e+01 6.153086857039396307e+01
7.340434288523949372e-03 1.692765667510929717e+01 3.657910615573073443e+01 2.474278865390331816e+01 2.273967661261126594e+01 2.365719044306688801e+01 3.077871198726734647e+01 4.438881030356361634e+01 4.209935151667195186e+01 4.195495658875238831e+01 4.583172704564956490e+01 2.968328162554914940e+01 3.657619606960452074e+01 4.157451238911609437e+01 2.604580483234947863e+01 2.920280678058027135e+01 4.227986881435202093e+01 6.242820343162555474e+01 6.676580746224719576e+01 5.762456357195991785e+01 3.366440770772018709e+01 9.668891178786518381e+00 9.091712580989900871e+00 3.842846618900915701e+01 1.388298798735761963e+01 4.178124026114040390e+01 4.252975285456769683e+01 4.284199389932371105e+01 2.946982894157482846e+01 3.869647696641820289e+01 5.834658522804824088e+01 5.238895500700324703e+01 6.786796558883500552e+01 8.056112219443275535e+01 6.058917449879330519e+01 4.542132993754344028e+01 5.507060073530928435e+01
3.515918393995972821e-03 1.994530913588367227e+01 2.940063723116944772e+01 1.446041897543161880e+01 3.402099522770492968e+01 2.346246641903356078e+01 4.719049289682805437e+01 5.562815270726606798e+01 5.611149640355781543e+01 4.760151650000386780e+01 5.359168026617663827e+01 4.698364622151264314e+01 4.698459680207691491e+01 5.258260715192954393e+01 3.464059264628777157e+01 4.818117951986452141e+01 5.649857091079076099e+01 6.481910448981498973e+01 5.631347995044988863e+01 4.709688749673950525e+01 3.745380906265196330e+01 8.528410926938384762e+00 3.884740469221452486e+01 9.772209410342455271e+00 1.046640916079350347e+01 1.145992354074591368e+01 1.252028416126847432e+01 1.356544433057776367e+01 1.465717265332522068e+01 4.308977604842537801e+01 4.915527141967417890e+01 4.223855129685770748e+01 5.995656508120237049e+01 7.234085348525955794e+01 6.385031671051626034e+01 5.520301126076743259e+01 3.356252827201996070e+01
4.608085242692564441e-03 1.996582499432737023e+01 1.546129868830647736e+00 1.549129681177967477e+01 2.418336894666148140e+01 4.447903111432896139e+01 4.657180781440821704e+01 4.736596492306250639e+01 4.249080108970840541e+01 2.164535770285809946e+01 4.266835958548922036e+01 5.612650236137653081e+01 6.541636321975323654e+01 6.233327730460981542e+01 5.414750851762930495e+01 6.233327730579495096e+01 6.222490633351996792e+01 5.368758295973633210e+01 3.350917199161327176e+01 3.760870462492908217e+01 8.040902690974062850e+00 3.831544535253573258e+01 3.581838474729187993e+01 1.094653700418855635e+01 1.119968769885711524e+01 2.697471500808691403e+01 3.998529241221512365e+01 4.283431660645177885e+01 4.316222285799111802e+01 1.635531875109456124e+01 3.042555753784641226e+01 4.515176758225604203e+01 5.994077820324988437e+01 6.129522628790033423e+01 4.471471929614401830e+01 3.531249260357544983e+01 3.064901370855708507e+01
1.610643649003322799e-03 3.080151237851386781e-01 1.480147975662014614e+00 2.061775208532123926e+01 2.868536376195389437e+01 3.047589396768644932e+01 2.605115857832464954e+01 2.442373182171002455e+01 3.071008704684795276e+01 3.480662139938554223e+00 2.253849692587312603e+01 4.752275336503521430e+01 5.900214733822829771e+01 5.144242672246333825e+01 5.975300533122618418e+01 6.162731563630171649e+01 5.367891277790687354e+01 3.018835333134434862e+01 3.655057134372339789e+01 7.596304665729334715e+00 3.767487464387757257e+01 4.717690105353381114e+01 2.682393323436086163e+01 2.655133650870259743e+01 4.270330155700062846e+01 4.705388705046702569e+01 4.020895792781414002e+01 5.775894689989964093e+01 5.202398005581921581e+01 4.408856990538909315e+01 1.815525189062211808e+01 3.069790116480988829e+01 5.275898227664703199e+01 5.303283886286965298e+01 3.515979689701845246e+01 3.011943965395920486e+01 4.673129649603128399e+01
2.022278438842990342e-03 1.880540684557374576e+01 7.262461094261417616e-01 1.011289797290201520e+00 1.298866277419000070e+00 6.945351668211031004e+00 1.882139643179442601e+01 2.524094237845129651e+00 2.839770276435538587e+00 3.150875936416228207e+00 3.107497441431319984e+01 4.124350991683891721e+01 4.535878333169441134e+01 3.511104358553716054e+01 5.036565713885043749e+01 3.956467250259414925e+01 3.921440474326085024e+01 3.590008054705906204e+01 7.165098760166094038e+00 2.802825433134132638e+01 4.505188657734296243e+01 5.700087018139915784e+01 3.515178644037212052e+01 5.184278959645060780e+01 4.259599229850491753e+01 6.416881150338157624e+01 5.367198703140907412e+01 6.673840996989750352e+01 5.411782126292462891e+01 3.566312220877259875e+01 4.093242156913190399e+01 1.997559810668193592e+01 4.601461322469133819e+01 6.020490860656160237e+01 4.917852597185611074e+01 2.971270909414377925e+01 3.796953141755027872e+01
6.642187732006160465e-03 2.000664218773165004e+01 3.373307815948484034e+01 2.999533707883643530e+01 2.364894869417137002e+01 1.741651525673900247e+00 2.067881720095695375e+00 7.312628478064644888e+00 3.062230961246045169e+01 3.130885863764777000e+01 3.587930542990778626e+00 3.198202686396334471e+01 2.739805898765503755e+01 2.763166207446312583e+01 4.330199113183273596e+01 3.952060260404118708e+01 9.550448021444877256e+00 6.730732313583767557e+00 3.562593064957653155e+01 3.050645865487548392e+01 5.332284159639653609e+01 5.330072331786847428e+01 5.702470563399470649e+01 4.674348211118745411e+01 6.446887587057771896e+01 6.014113394766624054e+01 7.489554290398194780e+01 7.222033770297714739e+01 5.165547787398633517e+01 5.368568929131274103e+01 4.553928782853288482e+01 2.124233627173136441e+01 3.934012518645663903e+01 5.728688429315073449e+01 4.852888279463624599e+01 2.926744110578558633e+01 4.639268905975983159e+01
1.591255364720534126e-03 8.727115549301142750e+00 1.995030870616752239e+01 3.973387216426153401e+01 4.171088274710686505e+01 1.655751823082006879e+01 3.624686020794688091e+01 3.895859432899026586e+01 4.171914167807609175e+01 2.080562535616815723e+01 2.383077936134048258e+01 4.024998204792390233e+00 1.470258083437960828e+01 2.585449820694735124e+01 3.344686168056251319e+01 3.647972723841921550e+01 3.508671609522809121e+01 6.417964403100143933e+00 3.589684387698325452e+01 5.368165104788968023e+01 6.212703352842756743e+01 6.778185567982879434e+01 7.545982381435435116e+01 5.888488769003405565e+01 6.366380241423142650e+01 7.905727326202789129e+01 8.409432423033305781e+01 7.799839464833945613e+01 6.599725703271133170e+01 4.723478383705754879e+01 2.289398718071958427e+01 2.496983169457788065e+01 4.447763403690370865e+01 5.438071053265615973e+01 4.709524922027821958e+01 2.876950567625794264e+01 4.859975500169080220e+01
6.189296070378335485e-03 2.000618929607002272e+01 3.655345373636518502e+01 4.796296612076776711e+01 5.404377910131317719e+01 3.584574433208496913e+01 5.404377910123783124e+01 5.983470862928870559e+01 3.891464184207737986e+01 4.498085841161095288e+01 3.520969642405359679e+01 6.928132382847069337e+00 4.462983760320184956e+00 4.772696293716424343e+00 8.400093073344416794e+00 5.656666086640793623e+00 5.971632810266079616e+00 8.125884207647935398e+00 2.748184749023051765e+01 4.825794871736691505e+01 7.354393826387283184e+01 8.748132087817899105e+01 8.690802715929055466e+01 7.880419458278934997e+01 8.349942469480160412e+01 9.158791048370402166e+01 9.159907047548868775e+01 7.839764218620264558e+01 6.821698919979569098e+01 5.009835191180967229e+01 2.397435232814218864e+01 3.290960060650677832e+01 4.598211861211313334e+01 4.746077099066559413e+01 2.796891460851260192e+01 2.940054370752775981e+01 4.898553531344781220e+01
2.247884206357958405e-03 2.000179772936852274e+01 3.178065857620320145e+01 3.732978532659586790e+01 4.562810282458652722e+01 5.832346632682379806e+01 6.659856595703112703e+01 6.811824605864102011e+01 5.983470862929041090e+01 5.559259438613684523e+01 2.924722658418125576e+01 3.876048335917569432e+01 3.790737088835184210e+01 3.404142496530160855e+01 5.210585370043192555e+00 2.849870345480026046e+01 7.129275337411748126e+00 3.635452094866428041e+01 3.998997025023393093e+01 5.651013865322382657e+01 6.470982247983023683e+01 7.304638916915122593e+01 8.340238891395219412e+01 9.152949900473809919e+01 8.616766741840913824e+01 9.443234871633380578e+01 8.481796552481223728e+01 6.090074819132462380e+01 4.821447823759166340e+01 3.832479823816701980e+01 4.466147313692250265e+01 2.534607798854011662e+01 2.623802981420409708e+01 2.703327427821238516e+01 4.413398550990977043e+01 4.539402945538275702e+01 3.102679196937470607e+01
