LEM/sinusoidal_perturbations/elevation_000730.asc
nrows	100
cellsize	150.0
xllcorner	0
ncols	100
yllcorner	0
NODATA_value	-9999
[rows 34 to 50 of 100, columns 0 to 36 of 100]
2.064481644892168701e-03 9.927773103747183470e+00 2.401395530071105355e+01 4.376546223910332856e+01 5.494008268867473532e+01 4.808350314096736611e+01 5.043144556363240838e+01 3.527274415292692566e+01 5.101382049669823715e+01 3.874421238131351686e+01 4.426917982670039464e+01 5.114629773314231898e+01 3.938848801553870516e+01 5.100843114303106773e+01 3.465685641069026701e+01 5.352483740459328487e+01 6.618652081765607420e+01 7.483454953459359160e+01 7.273884511716768486e+01 6.459858661543556480e+01 6.787260752284444720e+01 7.587341888193505213e+01 7.774515770583263929e+01 6.467414653082200005e+01 4.645232589832356496e+01 6.467414653082200005e+01 7.599112236727680170e+01 8.722258115485378482e+01 7.812226561488363075e+01 5.807993765765576200e+01 6.740934978491250718e+01 5.130101405341722653e+01 6.292676002487849729e+01 8.294243509232479994e+01 8.747487181170600934e+01 6.772838672476774491e+01 5.613820861799081285e+01
2.905961989428186391e-03 2.000290525961811383e+01 3.709839885797436665e+01 3.220206759181503031e+01 4.134463690277841152e+01 4.824668175425829020e+01 5.611482468892293696e+01 5.419650463332018830e+01 6.154241686586657778e+01 5.879117869380173289e+01 6.301821451551710140e+01 5.872338799421667943e+01 6.508942333829720894e+01 6.257236682820940388e+01 4.867940802144562440e+01 6.257236682820940388e+01 7.804115419567936840e+01 6.981508148341879405e+01 7.663244919030398705e+01 8.176245816887268347e+01 8.176245816887268347e+01 8.998482393573745242e+01 8.047665742118056187e+01 6.112261325310415572e+01 5.245601384739368456e+01 6.112261325310415572e+01 8.047665742118056187e+01 9.227920641675584079e+01 7.225831403540171038e+01 7.812229764849431035e+01 7.968973958657353762e+01 7.138695842379178202e+01 5.562249824569938994e+01 6.720322935036227818e+01 8.720904257222488809e+01 8.434468096400908621e+01 6.772838672476774491e+01
3.542675937824442140e-03 2.000354267575817957e+01 2.286652098331627769e+01 9.622765589212201931e+00 3.023014000631792797e+01 2.757465456905211099e+01 4.438773800866997732e+01 5.047884343443466548e+01 5.876569125596859067e+01 5.418567460178873318e+01 4.580747443069960667e+01 3.935292346689444543e+01 5.287241663187748486e+01 7.389297145095956409e+01 6.993567906835764347e+01 7.252279823063838649e+01 6.429244970948234084e+01 4.990294944698387525e+01 5.674483461365618098e+01 6.189401882898153673e+01 6.189401882898153673e+01 8.176245816887268347e+01 8.875581929492183519e+01 7.958370251501013115e+01 6.158313090943684642e+01 7.135646518496263013e+01 8.875581929492183519e+01 1.005977878054201256e+02 9.227920641675584079e+01 9.372327305287932120e+01 8.024911086497350254e+01 6.023988379358841172e+01 7.565868092322514826e+01 8.396199717766423021e+01 9.552383672244529578e+01 9.580822827227524385e+01 8.747487181170600934e+01
3.411803931810562015e-03 2.000228057869069076e+01 2.862265966220028712e+00 4.053395552351565456e+00 2.405638936476507794e+01 1.593363106203530322e+01 3.521343664611785584e+01 3.047647171765732566e+01 4.721676882692175070e+01 4.576284809492675976e+01 2.662124082306379336e+01 4.576284809492675976e+01 5.805092454182695860e+01 6.978798985964883173e+01 6.107848155614718877e+01 6.102576072944935959e+01 4.436092279908233138e+01 3.836630100591195713e+01 4.263094019386336697e+01 4.779239709156531291e+01 5.485242976876967447e+01 6.893560788919337767e+01 8.877769553112744916e+01 8.942854202868329594e+01 8.112979946048844226e+01 8.942854202868329594e+01 9.944601045807273465e+01 1.127111088571802213e+02 1.026798646140518230e+02 8.541170742183761888e+01 6.541704844411850672e+01 8.024911086507215430e+01 7.289562541741810264e+01 8.443117804203271248e+01 1.044749875825969383e+02 9.719119480146810020e+01 7.755233991555994066e+01
3.327314952832964925e-03 1.183890207068615030e+00 2.117612728478099271e+01 2.405541154194933284e+01 5.763389470640093215e+00 6.984371902319965741e+00 2.698174023354408746e+01 1.893598717508551132e+01 3.130209455941515628e+01 3.262399306735705551e+01 2.022055301300629893e+01 3.003056281388729332e+01 4.974194776991572553e+01 6.171340954882606411e+01 4.210774429717327649e+01 4.801186431801054511e+01 3.281761318521063941e+01 5.278497728240260756e+01 6.256978206153188893e+01 5.892143851677732158e+01 7.474722080661808832e+01 6.893560788919337767e+01 8.877769553112744916e+01 1.001729380975529295e+02 9.187054203325206458e+01 9.447823216583527994e+01 1.028301020851291270e+02 1.043750978664586171e+02 8.433676988221247939e+01 7.435588535033710400e+01 8.541170742183761888e+01 7.248648245740861285e+01 9.248074768573285098e+01 1.012243071518364985e+02 1.128098525216874322e+02 1.055154213824009588e+02 9.409954115381761142e+01
6.779948344387334673e-03 2.000677994834403250e+01 2.943675951764752696e+01 2.576210017824815779e+01 2.008967340291665948e+01 2.622080773052020675e+01 8.740930116618624623e+00 9.999576750374385981e+00 1.131577972374307883e+01 1.263949593473593502e+01 1.397109556852933210e+01 3.395765742649275154e+01 4.419841666263837965e+01 5.395061488891382595e+01 4.796025367353602320e+01 2.803671133408174398e+01 4.801186431801054511e+01 4.913040387127841058e+01 6.904596418944785796e+01 7.880304924206633643e+01 8.702760292680625298e+01 8.877769553112744916e+01 9.700122928458561944e+01 8.861653470302748303e+01 7.185176427226998896e+01 7.444798264634441409e+01 9.447889314499236946e+01 1.127111088571802213e+02 9.435603596705573182e+01 8.848054655757965747e+01 9.782727402886074231e+01 7.782240424351458330e+01 9.194662394285069240e+01 1.120244192220769861e+02 1.210110849239489994e+02 1.002159122089664436e+02 8.862232796693562875e+01
9.516927588586143695e-04 1.414308731648993422e+01 3.414308731649063589e+01 4.575029224859583366e+01 4.104681238257463605e+01 2.858762746520970666e+01 1.873548310558982521e+01 1.499539137223036356e+01 3.130209455928862994e+01 3.262399306735705551e+01 3.395765742649275154e+01 1.592401085975272501e+01 3.591248151595088700e+01 3.355285689774881774e+01 4.052508627230651683e+01 2.498899226543506913e+01 3.913962676936805707e+01 5.936915194465930057e+01 7.727512038479241596e+01 8.258328343621971612e+01 7.671652762914231971e+01 8.258327400488877856e+01 7.739454393448261271e+01 8.031322672047380706e+01 6.030605103628708719e+01 8.031209585697025943e+01 9.153146616485280163e+01 1.030985565127425616e+02 1.144378334322084498e+02 1.085407221849924326e+02 1.061569243017309390e+02 8.674468943959244882e+01 9.194662394285069240e+01 1.120244192220769861e+02 1.295778115012483056e+02 1.101845983994453348e+02 9.860996889748655292e+01
1.945935296826602993e-03 2.000194593529647236e+01 3.328987193638368325e+01 4.483687732017639860e+01 5.608685513259868571e+01 3.873119174027246459e+01 3.873119497273198419e+01 3.498642617240454911e+01 2.254697656487310553e+01 4.254494945833451425e+01 4.406069073122569790e+01 2.485623998546019209e+01 1.792004904532061715e+01 1.936432935397359500e+01 2.082408866402953862e+01 4.082136824844412359e+01 5.153081111400484815e+01 6.568488618660923350e+01 7.298200150777651629e+01 6.255941378711916911e+01 5.669534643798913720e+01 6.255941324963698236e+01 5.737392842146648775e+01 6.760841904498931854e+01 5.426474898470745245e+01 6.321988579801095653e+01 7.476508735174023457e+01 9.479109140641645581e+01 1.032697696296686587e+02 1.113315000757648221e+02 1.151346033573554877e+02 9.829031223025424424e+01 1.120244192220769861e+02 1.203672246606048759e+02 1.147547486137359556e+02 1.017389048733037100e+02 8.183266224973084491e+01
5.600688922766023682e-03 5.005600688922786645e+00 1.655260607271550555e+01 3.655260607271620898e+01 5.076217250060949482e+01 5.873535707081663304e+01 5.669078046899359435e+01 3.668555440268155365e+01 2.961414496236031013e+01 4.961704126935986636e+01 4.112435567104525802e+01 4.474869273975015460e+01 2.498220004945880035e+01 3.935707857329574466e+01 4.082136824844412359e+01 2.323669226706811486e+01 3.737703438213843299e+01 5.400340965593285603e+01 5.295380415331430157e+01 5.295380437141105290e+01 4.252635195262008949e+01 5.745399614064032789e+01 4.320271038049495615e+01 4.757888733326115727e+01 6.760869642403618229e+01 8.257855835304020786e+01 8.206202352515103371e+01 8.719171435046305874e+01 8.357825388451104232e+01 1.018853108753356622e+02 1.106652552598042973e+02 1.184085341361792842e+02 1.267554452508334180e+02 1.180761353463683037e+02 9.764151873037607743e+01 8.620067178557199838e+01 7.888766033388691312e+01
8.215197286175309616e-03 2.000821519728582132e+01 1.353362934314728072e+01 2.247790125314659448e+01 3.402490663693951944e+01 5.402490663694022288e+01 6.497805074276001847e+01 5.669078046899359435e+01 3.855755068893499526e+01 5.790435510950965181e+01 5.512221998224914898e+01 5.326781140544403570e+01 3.652720771321995841e+01 4.131100412555736767e+01 5.153096028437386877e+01 4.323802079653712838e+01 2.570499598411404918e+01 4.570982610837744886e+01 5.013534533038129126e+01 3.292240256786549679e+01 3.495420550309748364e+01 3.741826238473030486e+01 5.745399652585780359e+01 4.674847715861607611e+01 6.678874726522884941e+01 7.523620019887700039e+01 6.216149979604261944e+01 6.732450721283635175e+01 7.398080564089109146e+01 8.290063327527802528e+01 9.690208325431743219e+01 1.163991812640322792e+02 1.244259179147226178e+02 1.265611324735127141e+02 1.147547486137362114e+02 1.062782039384279358e+02 9.015172628195186633e+01
2.613274238814250559e-03 2.000261327423845970e+01 3.353362934314798594e+01 2.767576496687848220e+01 4.767576496687918564e+01 6.230917788440242333e+01 7.536677974792081613e+01 6.685177420233465284e+01 5.270390196674621563e+01 6.685177420233586076e+01 7.476392897229757750e+01 6.481711955030905870e+01 5.653096790031492702e+01 5.545577532361834017e+01 6.184887800674701452e+01 4.197554623935176465e+01 3.563998111956733794e+01 2.827457777156711316e+01 3.010741981747105100e+01 5.013534557897551025e+01 5.310321988184973918e+01 4.099340453902674142e+01 4.195492673798663930e+01 6.181482637885257958e+01 5.168815279654104700e+01 5.529175395602077714e+01 7.523620019887700039e+01 8.719171435046305874e+01 9.379716870524896422e+01 1.018853108753356622e+02 1.106652552598042973e+02 1.185914674627701544e+02 1.045945839084433118e+02 1.104030471547272327e+02 1.301865554182823530e+02 1.188320380997577956e+02 1.103525762370502719e+02
7.532853315450405325e-03 1.414966847704652508e+01 3.414966847704722852e+01 4.767576496687918564e+01 5.596003621434138608e+01 6.272293855279280450e+01 5.537511147288584112e+01 6.949938030524270971e+01 7.271274735773363318e+01 6.853060226962882950e+01 6.024214875394401503e+01 6.283752214018253568e+01 7.112660068458079365e+01 7.546015562380875963e+01 7.013373213325903066e+01 5.494056722491675515e+01 5.494056722491674805e+01 4.827995925775666564e+01 3.527214867848515212e+01 5.495146988595964643e+01 6.173527283903986529e+01 4.536840076558678447e+01 6.198839848384366746e+01 7.006580514657467518e+01 7.165323137829118139e+01 6.942664380116623590e+01 6.472711791539580872e+01 7.471080327113543262e+01 8.875992437486765141e+01 1.083772924511892342e+02 1.227090922130686295e+02 1.027494980964014104e+02 9.015365969100861321e+01 1.104030471589071851e+02 1.212560632070087934e+02 1.271308563750765472e+02 1.189433916275796719e+02
6.101047412966256744e-03 2.000610104741260997e+01 2.895113747599563681e+01 4.895138538079603308e+01 5.685842213990056848e+01 4.272632523883809341e+01 4.123333854678865151e+01 6.123053554341164073e+01 5.731510577171929555e+01 5.698163682918709583e+01 4.024152988350944327e+01 4.283667297379345484e+01 6.283752214018253568e+01 6.577577986118518538e+01 6.796398824828004592e+01 7.437116617577916600e+01 6.883173930507400939e+01 4.920207404318469457e+01 4.920207404318469457e+01 4.584785672295019765e+01 6.541375346039933447e+01 6.525991133056766103e+01 5.204634078299182676e+01 6.604381973957352159e+01 8.591893417762317142e+01 8.926171004016137545e+01 7.625004880589929712e+01 9.273487506150280524e+01 1.025925672530192685e+02 1.113700588015197468e+02 1.195751709500911062e+02 1.027494980964014104e+02 8.217858872297870221e+01 9.283696048335980322e+01 1.130555214656381651e+02 1.156787693347176713e+02 9.907908663625440226e+01
6.842009524227352091e-03 8.951113919533677077e+00 2.309325052383223564e+01 4.309351903701680442e+01 4.858319684045392961e+01 2.858424893539255862e+01 4.822799870518747412e+01 5.142263898287149715e+01 3.729492245972657827e+01 4.869478606513950325e+01 2.869452193254256045e+01 4.869478606513950325e+01 5.508475277853031571e+01 4.577472149933871037e+01 4.796256691013478957e+01 6.796398824828004592e+01 7.714141311274755708e+01 6.883173930507400939e+01 6.883173930507400939e+01 5.559718572123138358e+01 7.374286918964824622e+01 8.014666467906114633e+01 6.347941768514090910e+01 6.050797960620283789e+01 7.445308909330391600e+01 9.445177831681952796e+01 9.602579086336442060e+01 1.041077226754041334e+02 1.079567724501203116e+02 9.111602299684510342e+01 1.079567724501203116e+02 9.654713555232906685e+01 7.573543316438683348e+01 9.060876486114149486e+01 1.108836306133930094e+02 1.074747297935732462e+02 8.726653912466370855e+01
1.934550753332892102e-03 2.000193455075297777e+01 3.445025278675638702e+01 4.272988160959598503e+01 4.225897055319413909e+01 2.225969363318791139e+01 2.823674059774132772e+01 4.143400404261577563e+01 2.315239847755718472e+01 3.500947141774990001e+01 2.266429504043621534e+01 3.890101128114523732e+01 3.508425186173354859e+01 3.163255948224434633e+01 5.163289611198958085e+01 7.035971234173061362e+01 7.865047176729477485e+01 8.252152860774151577e+01 8.366707581492430279e+01 7.530971682587433236e+01 8.366708062532404711e+01 9.163617807546890504e+01 8.332156973941229694e+01 7.445308975615121483e+01 7.187317076397199855e+01 8.332274029965684292e+01 1.034660728511609307e+02 1.139492566002396927e+02 9.376436910874248554e+01 7.900307296378271360e+01 8.933972937064862663e+01 8.532342916416122591e+01 7.068620355415202994e+01 8.565098762889005002e+01 1.061047989268702878e+02 9.983675165692885400e+01 7.930509064633675109e+01
4.364784840791047053e-03 2.000431782193126296e+01 1.445032609566257698e+01 2.437374897616194858e+01 2.586034009842422421e+01 2.735885470566782729e+01 1.409472782919618261e+01 3.059165498709777253e+01 1.315239722998564353e+01 1.500935061175617768e+01 1.689079234852340505e+01 1.890086797904186255e+01 2.094210943136121372e+01 4.094225855954820048e+01 5.231458575573581982e+01 5.035818936113916067e+01 6.987064975372864239e+01 6.251875953294091914e+01 7.666735247605012660e+01 8.339100360744303941e+01 8.339100360473517526e+01 1.034013780089277219e+02 9.632537539478646238e+01 9.445183856698452018e+01 9.183631438017242488e+01 1.001893728670393813e+02 1.118256280743352420e+02 1.154867643596102909e+02 9.534309746318082546e+01 8.062590055344145412e+01 6.836224046673235932e+01 6.426469981135275589e+01 8.532342916416122591e+01 9.999614442110771506e+01 1.073255036912543261e+02 8.705609117932002050e+01 7.219960307409112943e+01
5.219006137575642711e-03 1.452368216722417227e+00 2.903320716942437762e+00 4.373749961130047659e+00 5.860338253624374438e+00 7.359401631616103501e+00 8.930750034252888270e+00 1.059165963132770116e+01 1.506379558632731808e+01 3.500934925986167201e+01 3.689092358278167438e+01 3.890101128114523021e+01 4.094226630839339265e+01 2.402817643060310715e+01 3.402817667766568377e+01 5.316694200073968801e+01 4.986953282707132473e+01 4.837649418598871875e+01 6.837742641562766721e+01 6.338883824795562560e+01 8.339100361380300797e+01 8.689497920881264292e+01 7.632048411766984941e+01 9.047253123149135945e+01 9.942148784906113690e+01 1.109785277442018554e+02 1.158714738786370759e+02 1.041931394428444833e+02 9.587968394684158113e+01 8.894761133741293690e+01 8.111168329369090202e+01 6.007804253252625415e+01 8.111168329369090202e+01 1.009157332018020270e+02 9.126664876534135828e+01 8.285367717184003311e+01 6.743929861028023254e+01
