LEM/sinusoidal_perturbations/elevation_000829.asc
nrows	100
cellsize	150.0
xllcorner	0
ncols	100
yllcorner	0
NODATA_value	-9999
[rows 68 to 84 of 100, columns 37 to 73 of 100]
7.675972339445263515e+01 6.180134747764154213e+01 4.277374618571354858e+01 3.713443751327469755e+01 5.693876399335683658e+01 4.447249904123894026e+01 4.987049753849074563e+01 5.577599329055756527e+01 7.594904582591436792e+01 8.608562430161504153e+01 7.174224302358153693e+01 7.348154990832738065e+01 6.006897945320947940e+01 7.487277174197554075e+01 9.516807745440772237e+01 8.564680229947990142e+01 6.873173154326606493e+01 4.925877413173351016e+01 6.109235844055401543e+01 4.404562924342094732e+01 5.539200722934348420e+01 6.910789791967083318e+01 8.884802635030271745e+01 8.767030936916140149e+01 7.614854159556809066e+01 6.038086174220567415e+01 5.203780818425259724e+01 4.350380389192970654e+01 6.319509127549006422e+01 5.994345279030212481e+01 7.852896271133214157e+01 8.860714284606716262e+01 9.683193791557292229e+01 1.011000132652248169e+02 8.125379614284754837e+01 6.724494549400294829e+01 6.039905336534748415e+01
7.273051646126998548e+01 5.994882655399256066e+01 4.023775518829411624e+01 3.559351783285031701e+01 3.796328155461267784e+01 5.766950245026708899e+01 6.980290343571095946e+01 7.594851985130252103e+01 8.235110787187451820e+01 7.395185931987744254e+01 5.696740745416950347e+01 5.266130230350428576e+01 6.315805367770120426e+01 7.788294873495436832e+01 9.810223520649091711e+01 8.352290689534586932e+01 6.405409133752689854e+01 5.032771525201969354e+01 4.137416625561539973e+01 6.109509800973552274e+01 7.173533726130874300e+01 8.125572076678757583e+01 8.722348205757525363e+01 7.911404621330284215e+01 5.944785731528132544e+01 4.957609847260825831e+01 4.152987622959966529e+01 6.116395362081514264e+01 7.133251561860173240e+01 7.904878500749373416e+01 8.724433384908942912e+01 9.446758347518203891e+01 8.619208618813551936e+01 9.446758347518203891e+01 9.525057114647039214e+01 7.781560592060607462e+01 5.832663195612779106e+01
5.277457968407421163e+01 4.734925806723235553e+01 5.994882654162958602e+01 5.329692886016707121e+01 3.352731195865524683e+01 4.746534195379805965e+01 6.736234764010021081e+01 7.749636621932660319e+01 6.906661495175572441e+01 5.322559358866567436e+01 4.659655379299651656e+01 6.734199381708835119e+01 8.188406433870048318e+01 9.212561120439661977e+01 8.583977251345864090e+01 8.924513941168362408e+01 6.975640515365826388e+01 5.943409160502000788e+01 3.962258862851783192e+01 5.710733512709809645e+01 5.351131132329038564e+01 7.310483594335998703e+01 6.786622296636177509e+01 6.787158753878777873e+01 7.453314630116739181e+01 5.976968124433027185e+01 4.019617617825316813e+01 5.000437609181248888e+01 6.379374693771711691e+01 8.339774757708400443e+01 8.626670196093236598e+01 8.459236129071689447e+01 6.653623718574576174e+01 8.459236129071689447e+01 8.092263018493024163e+01 7.277052102243500542e+01 5.633635930369582212e+01
7.273051646126998548e+01 6.719573541348215429e+01 6.600450198286229408e+01 4.610854381985414108e+01 3.216369043267950190e+01 4.610887064358669818e+01 6.602183513149442717e+01 6.560465602326033263e+01 4.836918909976485281e+01 4.132988060833141475e+01 6.198554422066656855e+01 7.579078000717058217e+01 8.399831189605845339e+01 7.552678665178336814e+01 6.521380131734426300e+01 7.974285676560525360e+01 7.901969317569894713e+01 5.943409136768986656e+01 5.710732941081677438e+01 3.717898595022959540e+01 5.482096327769839661e+01 6.291115255890955638e+01 6.773469087478301276e+01 4.871603198592727324e+01 5.370184469541113259e+01 5.678000884283107297e+01 3.882858509433417993e+01 5.840447141451946322e+01 7.770431413580456592e+01 7.462771702579377120e+01 6.696914373942664156e+01 6.696962003808492625e+01 5.757922033093841208e+01 7.636097965314696978e+01 7.000075884983138508e+01 5.369734368499262445e+01 7.257004390933929017e+01
6.650444755839885147e+01 6.206571832442640613e+01 5.632230581000168712e+01 5.059060418265858772e+01 3.083386546990250210e+01 4.476671329055648130e+01 6.465270877639241576e+01 5.711634767920765654e+01 3.653616092625772893e+01 5.711695770683679285e+01 7.046066636800365757e+01 8.748127026060038247e+01 7.552678665167786676e+01 5.542161870632344289e+01 5.136556386369570504e+01 6.970990759460535457e+01 6.725984526813239484e+01 7.339741945268784207e+01 6.509756402925658847e+01 5.479299263063793290e+01 3.480143582203409380e+01 5.385818535488529335e+01 5.452912728675049436e+01 4.727454777293724675e+01 3.613721883988127814e+01 3.682870652661079447e+01 3.761810377682788697e+01 5.753369894645361171e+01 6.607488912637896306e+01 5.499028393959957128e+01 6.149105354973192306e+01 4.908126233648383874e+01 6.696417604147609381e+01 6.993183762427598538e+01 5.103956739129381504e+01 6.735067591117942243e+01 7.567757302752846726e+01
4.989619795201738128e+01 5.028886845352622714e+01 3.975961901744072691e+01 4.739505334778941403e+01 2.953760424171940357e+01 4.346044867201757000e+01 6.358120873129804096e+01 5.397841861476390335e+01 3.339162285883667636e+01 4.795016203587354653e+01 6.885242578080773512e+01 6.890200141621019725e+01 7.841867206155838232e+01 5.660857007530023566e+01 4.250754765062286822e+01 5.450373666892748759e+01 4.887104986255440764e+01 5.424936287183069794e+01 5.984767019432641177e+01 4.909401133808308515e+01 3.316883056706902266e+01 3.382673861118543357e+01 3.449324220281951625e+01 3.516764587095610750e+01 5.518083788722706373e+01 5.678092949990660543e+01 5.753436047755925387e+01 3.873435814548962952e+01 3.955766491823013808e+01 4.044681751508676371e+01 4.140425640236794891e+01 5.164711978367775913e+01 6.276606900992354099e+01 6.377514000983062203e+01 6.493458739941787883e+01 4.828028830242103453e+01 6.746353147291185337e+01
3.768094700880273251e+01 5.086609804872946938e+01 4.559148155472997388e+01 2.775057515854591372e+01 4.739410191983741782e+01 5.749377538675285848e+01 6.201626166232741610e+01 5.097488281476814365e+01 3.024255370320071634e+01 5.055120835319225847e+01 6.555723924294868254e+01 5.522501561220661870e+01 7.170331364493041804e+01 6.303856192998560459e+01 4.700579718810716656e+01 3.529488310300598641e+01 3.824774913003314936e+01 5.082235089902428626e+01 5.150575677634876826e+01 3.231657710855587595e+01 5.236101638210284648e+01 4.811233353462634454e+01 5.451742164861973805e+01 4.357388813886243639e+01 4.875861176627815752e+01 6.751269313771869918e+01 6.564890948008115856e+01 5.099945411270576301e+01 4.129427584096225701e+01 5.962447523604388522e+01 6.148600390969677676e+01 4.276457030947124593e+01 4.368427731222020327e+01 4.456004841809328099e+01 4.542071513858975607e+01 4.634635983166040774e+01 6.578267151161627169e+01
5.246076148691355456e+01 3.050262435486123991e+01 2.602419855647546498e+01 4.558888351435188468e+01 5.472169826043341345e+01 5.411957592345154922e+01 4.045407612423793609e+01 4.591380251057313444e+01 2.764024264171011680e+01 4.111920466127896390e+01 5.225543331240536560e+01 4.419455262934445017e+01 6.379991611319121603e+01 5.703142957908365673e+01 4.608937200663952893e+01 3.017345771931890042e+01 3.060507351186440772e+01 3.103952287304419855e+01 3.147642338063194600e+01 5.108116297962273933e+01 6.034605882404437693e+01 6.779215028136542287e+01 7.056258702254672244e+01 6.232407505121869207e+01 6.126748623261245541e+01 6.751238803607020600e+01 7.554657131277731708e+01 6.631573931153410228e+01 4.822144795256324556e+01 4.902403172109784180e+01 6.837243974498831278e+01 6.708850241370690526e+01 6.250372958993069261e+01 4.910416824994006646e+01 6.487408435950231933e+01 6.438179922617341333e+01 4.763575356160475138e+01
4.385482509278401153e+01 2.974244063861649323e+01 2.484898448314156028e+01 4.413394588929327966e+01 4.373514098311370191e+01 4.298083584035889260e+01 2.568186375789687403e+01 2.606843072943460271e+01 2.645361944509273755e+01 4.549411536125120392e+01 3.439150143369826651e+01 5.064011613214253771e+01 4.834016551527362537e+01 4.877896665169971868e+01 2.956854417597565998e+01 4.940361178372377537e+01 5.279863104501616533e+01 5.104817178933973310e+01 3.977185866986558693e+01 3.241365715037321138e+01 5.245158950801167919e+01 6.026022975341087573e+01 6.780813202945195428e+01 7.655606551470555132e+01 8.044721835068551741e+01 8.689222214043520864e+01 8.145332656728649567e+01 6.190227233263249929e+01 6.762864257975321891e+01 5.581295570288828145e+01 7.524123653869629891e+01 7.476570528229100887e+01 5.569718993947083874e+01 6.820599179450790928e+01 7.603873229277955659e+01 5.868788405922462204e+01 6.699220668895041797e+01
2.272313074278840617e+01 2.313611736147170816e+01 3.588586214984056255e+01 2.432011690286157091e+01 2.472794885016641686e+01 2.512810734586719619e+01 3.949697223010494440e+01 4.479369281632514088e+01 4.153480373169701068e+01 2.700707619087080857e+01 3.313237082992787208e+01 4.186568996461538461e+01 2.855408454247112715e+01 2.896921152001185007e+01 4.449799552685730930e+01 4.373198298593994338e+01 6.340889544358205399e+01 5.686570095487832077e+01 5.686226842634398793e+01 4.668108860996549936e+01 3.336651263474386298e+01 4.236433333655502054e+01 4.932091709626325127e+01 6.841144333066419847e+01 7.414610485933856410e+01 8.232369809607877187e+01 8.964678522331807642e+01 8.145332667164736051e+01 8.335544308662581159e+01 6.545662921513401500e+01 8.335544308663357072e+01 7.972859643640961735e+01 6.060516326065809523e+01 7.972859643640961735e+01 8.605985925673914494e+01 6.818322333153354009e+01 7.935759344347542310e+01
3.795370158029246710e+01 4.049262219489395420e+01 2.373089237322594158e+01 2.713805283626297538e+01 4.384584049011726137e+01 2.654998798876291133e+01 3.834043186946913551e+01 5.073882241631849865e+01 3.730525647571553094e+01 4.694076408194387540e+01 2.756928728692057007e+01 2.797293388133450520e+01 4.784123772253884965e+01 3.150391277167346971e+01 5.048396470349616294e+01 6.320698982644358210e+01 7.140865154215929067e+01 7.591435629097549054e+01 7.454182048433489172e+01 6.156127989480236806e+01 5.340620655543950335e+01 3.433642673799464973e+01 5.436352862218481619e+01 6.438544380728434646e+01 5.462474005344763128e+01 6.433877497453055128e+01 7.815896012538939885e+01 9.794278999744277314e+01 9.314462944755257467e+01 8.502685649380967448e+01 9.314462944755257467e+01 8.685290998129528361e+01 6.913429211698273491e+01 7.150585428936355470e+01 9.089135336954637978e+01 8.167557376682817960e+01 9.538634556403512477e+01
4.581360015490351856e+01 5.000869009179174896e+01 4.428827070066940053e+01 2.612299519538463599e+01 3.739952639831683712e+01 5.625733421694763337e+01 4.892342017971415657e+01 5.965453807909607065e+01 5.487502014838505460e+01 3.951987151021018718e+01 5.547903797043549901e+01 5.185927778098929508e+01 5.354647722744799410e+01 3.401797548423402162e+01 5.355024616102377166e+01 6.657760175994522456e+01 7.794997709589000578e+01 8.498967373851887430e+01 7.364518983771596083e+01 5.832578427406215127e+01 3.846251339857221296e+01 3.503163350446448732e+01 5.504302726431492232e+01 4.474997009099394774e+01 6.438544510380705788e+01 8.232369809607877187e+01 9.215994217480556472e+01 8.921134876077482545e+01 8.663684345113999541e+01 9.485658098274977590e+01 1.063103390600872729e+02 9.499211649434856497e+01 7.988485902537799177e+01 8.203226914414187831e+01 9.798475342979457992e+01 1.009852240356981525e+02 9.627955215024883273e+01
5.861493007054549764e+01 4.827453587608558649e+01 2.837387164824594166e+01 4.543395248184555868e+01 5.374786477620447300e+01 6.586265875583225693e+01 6.962283716070116668e+01 7.277532124438911865e+01 5.275538765823297638e+01 6.211266121548671748e+01 7.016752879454648451e+01 6.740975794035719559e+01 4.780625352637813563e+01 5.354027988968429952e+01 3.871197942198329400e+01 5.013705571368076619e+01 6.969621717603106958e+01 7.681481982778167605e+01 5.719847904846324127e+01 4.522867486824754479e+01 5.832562513987944186e+01 5.503688767980528240e+01 3.603832197959929573e+01 5.601162193468906736e+01 6.510317914226669700e+01 7.883849118444096860e+01 8.038177590816931684e+01 6.946786535196783063e+01 6.691528740344206483e+01 7.825447613332926267e+01 9.808737015112207303e+01 1.053500621298457247e+02 9.777287167541412316e+01 9.984582466653702681e+01 1.077589386562248137e+02 1.064130562226625614e+02 8.624958182604935075e+01
5.919683942351262829e+01 5.658077477459103477e+01 4.827643792433261183e+01 3.081605284405558365e+01 5.125187685100567592e+01 6.259069597053635903e+01 7.055539081962035652e+01 7.861954691192275391e+01 7.277830024290585698e+01 6.723318959397710159e+01 8.616538157640934514e+01 7.569375083296270645e+01 6.743509116012648974e+01 6.209290549974586781e+01 4.253296108631946737e+01 5.635842335932746039e+01 7.593716569190098653e+01 7.474072456367402140e+01 5.511490728828380270e+01 6.548902557879664244e+01 7.363376030688749552e+01 6.220628607473614125e+01 4.255464565814742883e+01 3.706499049877399443e+01 5.125652535381514241e+01 6.607350575580494478e+01 6.072871930712649657e+01 5.565006244191233975e+01 7.525059775816329477e+01 8.431484373633364271e+01 8.578979891197384688e+01 9.420702014221863863e+01 9.546840775376176680e+01 1.037890274186545838e+02 1.133336733560907561e+02 1.147457445728045684e+02 1.031172062027002312e+02
5.136623838153111166e+01 6.347854906743570780e+01 5.954972302341111856e+01 5.125917667763111751e+01 3.361345181527070736e+01 5.435152498696809431e+01 5.011251399307495547e+01 6.470758519883513316e+01 8.467324245944135441e+01 8.616538157640934514e+01 9.400309452885257144e+01 8.269200976430748540e+01 6.299834311357610517e+01 4.930979751805532629e+01 6.209290896255344450e+01 5.383711814857818467e+01 7.337052978936381464e+01 8.291030645638026897e+01 6.394952885442763346e+01 8.291032996476783978e+01 7.259605350724692130e+01 5.315957107118322966e+01 6.210101205043909545e+01 4.667388273642910690e+01 3.809789891847587029e+01 5.797546924171687976e+01 4.682832665142883855e+01 6.585951635146184913e+01 6.661844526051879711e+01 6.422679986153241316e+01 6.541519054067259731e+01 7.866764211817324792e+01 7.489175620612267892e+01 8.463313062906998141e+01 1.003293769334714227e+02 1.104871142139899121e+02 1.023574756384111311e+02
3.647660367531106829e+01 5.565455972076072300e+01 6.815644210837643868e+01 6.260794049522551319e+01 5.435152498696809431e+01 3.673892574667066668e+01 5.754385836150563449e+01 6.907144806061654663e+01 7.589500224708824305e+01 8.390339620449222480e+01 9.511396346440575655e+01 8.487548174886221375e+01 6.514607002075909747e+01 5.513106606346759975e+01 7.465235892432885123e+01 6.502791107145522176e+01 8.163440467908357334e+01 9.167923185582877466e+01 7.512850907888650909e+01 8.636753528180830131e+01 6.689171898224959989e+01 7.259605350724692130e+01 6.181186646929220530e+01 6.512845664487470287e+01 5.797712988267887368e+01 3.913205915016963843e+01 5.883390520266785018e+01 5.702009014760047023e+01 4.757645616676170874e+01 5.106491479569583447e+01 5.471993851511327023e+01 5.863292584192638657e+01 6.396807224410463277e+01 7.116916753386091443e+01 8.175669456372585842e+01 1.022369385560967032e+02 1.107037113369437407e+02
4.762569354419275669e+01 4.128399030841796957e+01 6.034772735084282402e+01 7.272582654504344646e+01 6.575759899012922460e+01 5.754385836150563449e+01 4.018214242884489096e+01 6.090565738451563504e+01 5.591193818835326113e+01 6.765379395046669231e+01 8.715270213815227862e+01 9.319822352273061483e+01 8.209900557693926260e+01 6.239694934437633833e+01 7.465235816617578735e+01 8.476675750059941095e+01 9.309111644381127348e+01 1.030975477507444253e+02 9.486701975203038728e+01 9.452371937806390179e+01 8.636753528180830131e+01 8.924094053122122716e+01 8.091918169165265340e+01 8.101034455554747638e+01 6.707706916357241766e+01 5.895806914764094842e+01 4.017519168108497496e+01 4.311001093590399336e+01 6.384428767030448171e+01 6.981485382214334834e+01 7.408882865180264332e+01 6.983432107774106612e+01 8.463313062879701931e+01 9.199681655991130924e+01 1.003293769334714227e+02 1.104871142139899121e+02 1.223572629415869244e+02
