LEM/sinusoidal_perturbations/elevation_000804.asc
nrows	100
cellsize	150.0
xllcorner	0
ncols	100
yllcorner	0
NODATA_value	-9999
[rows 34 to 50 of 100, columns 37 to 73 of 100]
4.980732343193228218e+01 3.045709936706872156e+01 3.909577460511748370e+01 5.904181253509659655e+01 7.023025721264998822e+01 5.977337523084113258e+01 4.511025677041186555e+01 3.317252396691605298e+01 4.171332775671390181e+01 6.184954374340404826e+01 6.968599185246470995e+01 5.954807206778215800e+01 4.153146330164632616e+01 2.817493099609154328e+01 4.741335395397209140e+01 3.721799709543481782e+01 3.746172961692759884e+01 5.646522297101481769e+01 7.086337064624760274e+01 7.911876719268137492e+01 8.042036208904774242e+01 8.871053772404272308e+01 9.882936795009402431e+01 8.622341479081489979e+01 6.610861604661937463e+01 8.622341479081489979e+01 8.486404711397243261e+01 6.488780884759384548e+01 5.338570094045931569e+01 7.333076057348255006e+01 8.332169328591808721e+01 6.651719586163947895e+01 4.620438402173596160e+01 5.883967366655685538e+01 5.615587502472330783e+01 5.649877700757398458e+01 3.800731692568185593e+01
3.336156637163421124e+01 3.505675247970711439e+01 5.406806565506629880e+01 6.632999354591348151e+01 7.987893454513002212e+01 7.301701948522382679e+01 6.055837690320922917e+01 4.266573925473908702e+01 6.055837690320922917e+01 7.087650400456728050e+01 7.034654177334856229e+01 5.103102622947088207e+01 4.891649041281625188e+01 2.978519550072329025e+01 2.982724134984274045e+01 3.101112515812259574e+01 5.001630649667013273e+01 5.952191511405154500e+01 5.955706157640866394e+01 6.437255498843038026e+01 6.076589264548499614e+01 7.747178069227175001e+01 8.575508450931593529e+01 9.383294131597710930e+01 7.370000906754043513e+01 9.383294131597710930e+01 9.318697211449942586e+01 7.832036220237705493e+01 5.836195568679904966e+01 7.832036220237705493e+01 7.798371249641540714e+01 5.812312309914977959e+01 5.659392805646015745e+01 7.479113969236763637e+01 7.180380200242532851e+01 5.188077903232314725e+01 5.771124986712602833e+01
5.281447314852952246e+01 5.452678213888059133e+01 4.233368668792898148e+01 5.202707921651096257e+01 6.583472445743164769e+01 8.562186610631410133e+01 7.034742400200464374e+01 6.202401794556649861e+01 7.034484640989293780e+01 7.480415256481808228e+01 6.138810877233720475e+01 5.107079604390328598e+01 3.207454834992278592e+01 4.892660343559388991e+01 4.891906610102380171e+01 5.001630649667013273e+01 3.271720816266608978e+01 5.099603925574123053e+01 4.052223877820817677e+01 4.511059169532422430e+01 5.105330640914568363e+01 5.784440468088267551e+01 6.910198410608751374e+01 8.890531764172374096e+01 8.531565092957683305e+01 1.021753450671228762e+02 9.466362000764827656e+01 7.464729882881185574e+01 6.466717674660684168e+01 8.463462318156457798e+01 8.629037014653653159e+01 6.954574354696917737e+01 7.059080054867564513e+01 8.474352520974682079e+01 8.013277786346817777e+01 7.181926401330187559e+01 6.691583070220372065e+01
5.895076806036379935e+01 7.002230359262257764e+01 6.182849644254101662e+01 5.269964472485209939e+01 6.651364034510986301e+01 8.630858097115975625e+01 8.904857429778198252e+01 6.925477728768879615e+01 6.925479717520360623e+01 6.365394699365816678e+01 4.761489206623797088e+01 3.435572032261264042e+01 5.107079604390326466e+01 4.400527012698594120e+01 6.322886490997632336e+01 5.970025805612252867e+01 5.161331942364382286e+01 3.438647097556133758e+01 5.321987064622501862e+01 6.437255498843038026e+01 7.053238662198953079e+01 7.747178069227175001e+01 8.575508450931593529e+01 9.724730833208657543e+01 1.054677513496259280e+02 1.138062307976647531e+02 1.030016016063132440e+02 9.170143391473428096e+01 7.171347475158965779e+01 9.170143391473428096e+01 9.784245368692495504e+01 8.951019243770329581e+01 9.056279970195328133e+01 9.363378288612412348e+01 8.531793084159448881e+01 7.526243599546987184e+01 6.326976558113323534e+01
4.347419855899044450e+01 6.314480116499357365e+01 7.643743872055051725e+01 7.231144422129477789e+01 6.867426776305931924e+01 8.849502355899272743e+01 8.319543028647137817e+01 6.348039787237690490e+01 4.981726859564376753e+01 5.553319472421439684e+01 3.659518677634098793e+01 5.327777588041138301e+01 6.138810877233723318e+01 5.749505373379803785e+01 7.141883804484717757e+01 6.973357541016331140e+01 5.439814164278720909e+01 3.558266269481408273e+01 5.439814164278720909e+01 7.108049428080414600e+01 7.932986523997990957e+01 8.175421420871121825e+01 8.578341270213952896e+01 9.020896765729690969e+01 9.517183699940950703e+01 9.736270086150078384e+01 1.056939248475643325e+02 1.000382335611495392e+02 8.322186820614001590e+01 1.000382335611495392e+02 1.089575803185854568e+02 1.006155422472414926e+02 9.832512786112521042e+01 8.208819988418680680e+01 6.535299574832544067e+01 6.697253210857668648e+01 4.703252411595274651e+01
4.933573655992988449e+01 4.840554586802811343e+01 6.233596974021539694e+01 8.223160868291942904e+01 8.849502355631619821e+01 8.756032011953159611e+01 7.934810512492758505e+01 6.883589240999677372e+01 5.803253999900909577e+01 3.899491035221003443e+01 5.553319472421439684e+01 4.226205663112500588e+01 6.146234628254735100e+01 7.707150961560807900e+01 8.101793152519830699e+01 6.159885579518741139e+01 4.249068361258105142e+01 3.675719155315450593e+01 5.558422268083060658e+01 5.174529211882948943e+01 7.064272703959274224e+01 6.205798797903582908e+01 6.604445193955942273e+01 7.041728422151069822e+01 7.532035963095961506e+01 7.748756787875784369e+01 9.602443757943865421e+01 1.049436635196036889e+02 1.032847360857335701e+02 1.116398095217494415e+02 1.006155422472414926e+02 8.059356897915878903e+01 7.831000456466932746e+01 7.379117019114214315e+01 5.383642509623852135e+01 5.089364548590614845e+01 6.697253210855073746e+01
6.910565622555384380e+01 5.216275719862510130e+01 6.614012831615600874e+01 8.606642656984183759e+01 9.322451014382966150e+01 7.360031151596420784e+01 5.987617414725460918e+01 6.065468594335178665e+01 4.147412987983003774e+01 5.803254000190119655e+01 6.590514499989585318e+01 4.652789569278857584e+01 6.591261780458906117e+01 8.133624585114264960e+01 7.283009649784521855e+01 5.337701696880636604e+01 6.159885579438522996e+01 5.558422266720160110e+01 3.841467900339751651e+01 5.731300093155960695e+01 4.374141705596147744e+01 4.807467364252503472e+01 5.223493569522114655e+01 5.658917438463322469e+01 6.145236814819828908e+01 6.795741561039830003e+01 7.673859458302526093e+01 9.074528430595216832e+01 1.107695344511223254e+02 1.073406825129859072e+02 9.731923341192722887e+01 8.645786917664440807e+01 6.649975838402548334e+01 5.835537227390296522e+01 7.379117019114180209e+01 5.981725872932026533e+01 7.914274868779966710e+01
7.018578563267833204e+01 5.617121758821953392e+01 7.603007907753740824e+01 9.161139733023664178e+01 9.526438787608849168e+01 8.391693147800052088e+01 6.703298107403887229e+01 4.770569257066170366e+01 5.642981522712890552e+01 4.428983918634757799e+01 6.603744073027741024e+01 6.591261780458906117e+01 5.349151697260401761e+01 7.305687725159371837e+01 8.101793152528257735e+01 6.708127792261954880e+01 7.103186732254515334e+01 5.133639727098275785e+01 3.933138450924548124e+01 4.088429248699444685e+01 4.412381249433504848e+01 6.256583968520538264e+01 7.182585969334402876e+01 7.621413408875508821e+01 8.113472273560734038e+01 8.772337629821176108e+01 9.602443757943865421e+01 1.049436635196036889e+02 1.132190073391053033e+02 9.310647505338748431e+01 7.899574404628855007e+01 6.904229596271949276e+01 6.388995046815994527e+01 6.986901989320722350e+01 8.661304957435025642e+01 7.391721254266975905e+01 7.977387256902768797e+01
8.432475848534626550e+01 6.606724700129780103e+01 6.339036700699656279e+01 8.330007741254794951e+01 8.700622362824138634e+01 6.746890982240419987e+01 5.628737574740540595e+01 6.699172397174362459e+01 6.492176553155121610e+01 4.633415300033698969e+01 6.570924996654402150e+01 8.133624585114264960e+01 7.305687725159371837e+01 6.214724634625248001e+01 8.188295405634856650e+01 8.670897226977729133e+01 7.920443109718011954e+01 7.072808046953200289e+01 6.039325942350223642e+01 4.102221703425886545e+01 5.986847015529740901e+01 6.980610533711414689e+01 7.499682803697812972e+01 8.022154668449563530e+01 8.611381945967845297e+01 9.301641194970008542e+01 1.010925845062198221e+02 1.123333912600870121e+02 1.132190073391053033e+02 9.310647505338748431e+01 7.899574404628855007e+01 8.899652170966476206e+01 7.019802136440645768e+01 8.984060405884154932e+01 9.816472131628671605e+01 9.391310063493708071e+01 9.979909952336653589e+01
8.599291115377705808e+01 8.599291115377705808e+01 6.911540661429285137e+01 8.905660575988321170e+01 8.956612336242261563e+01 6.999372851705005871e+01 7.572635024319909292e+01 8.182743551897497980e+01 6.788184424787573334e+01 4.844891884957403505e+01 6.211604876428138056e+01 8.180170590223868032e+01 9.021068404521150796e+01 7.603123749922607999e+01 7.454749441853907399e+01 9.450551386145903621e+01 8.214525728202995936e+01 6.224374492711052653e+01 5.102240084971595024e+01 4.242360819431996788e+01 6.179929877206704703e+01 5.069387896380754199e+01 5.543344668238984241e+01 6.067321210290137401e+01 6.657168774593991145e+01 7.349293211985356322e+01 8.479915041588149904e+01 1.042413999544370000e+02 1.154272520834701510e+02 9.530475176416557304e+01 9.310647505338748431e+01 9.848082079025365942e+01 7.909867588442021713e+01 8.647486900383002251e+01 1.065322040042844094e+02 9.661402034123618421e+01 8.834456309057333101e+01
1.006152260426357685e+02 8.059510844751214620e+01 8.059510844751214620e+01 9.738110984070816301e+01 9.784013443904207463e+01 8.956612336242261563e+01 8.758807083872569876e+01 6.783477198831943156e+01 5.411624978131494146e+01 5.108274584229317838e+01 7.055681310851392141e+01 7.446155955157435358e+01 9.436117414450329477e+01 9.601024753142931445e+01 8.860171060109610153e+01 1.028824706386443637e+02 9.069523513136978465e+01 7.908911850813198896e+01 7.020750604809747131e+01 6.186475752713420206e+01 4.444308639545580775e+01 6.389268707770072098e+01 7.499677023164109357e+01 8.021967226405593010e+01 8.611340588579037103e+01 9.301641194970008542e+01 1.010925845062198221e+02 1.070715431194619072e+02 1.130988248413844701e+02 1.154272520834701510e+02 1.132190073391053033e+02 1.074445839844674850e+02 9.060569997734305048e+01 1.065322040042844094e+02 1.023951812806986652e+02 8.252460657562184565e+01 6.847931324526014407e+01
1.089617377663429068e+02 9.211156980945631290e+01 1.006152260426357685e+02 1.089617377663429210e+02 1.078823359251846767e+02 9.439121762452724340e+01 7.453483490730431527e+01 6.072164197824061915e+01 6.783477198836141042e+01 7.055681310827573327e+01 5.493782733808071583e+01 7.446155955143544247e+01 9.118731240360760637e+01 1.011867488182592467e+02 1.087585557622097525e+02 1.038636750723867266e+02 9.218286523326887050e+01 8.376680962713844281e+01 7.709366639043577152e+01 6.541377622843376116e+01 4.591836233463190098e+01 6.541512369745544220e+01 7.090896614847761725e+01 7.353229884340626654e+01 7.787311631952751156e+01 8.242549997870537482e+01 8.726420267175682000e+01 8.665514125780052268e+01 9.263496691565151764e+01 1.083077237394790728e+02 1.185649345283468108e+02 1.190616955170369948e+02 1.107048105173479655e+02 1.089946773291043343e+02 9.937247043573779592e+01 8.791417452290859558e+01 7.578067589318133912e+01
1.020273724837323073e+02 1.122314364822088493e+02 1.205866340726337285e+02 1.192487537170252239e+02 9.960467829708842658e+01 7.969034025713359881e+01 6.832321008433595466e+01 8.035063475535122279e+01 8.758807100940727253e+01 7.777177444981440146e+01 5.818827901026590865e+01 6.315290943623283937e+01 7.290407163088566733e+01 8.694293139448714669e+01 1.070504439209007330e+02 9.539873239083094347e+01 7.525165118411669596e+01 6.387881407966293779e+01 6.877803034765094026e+01 4.916910632159380157e+01 6.541512540433559764e+01 4.870614110286818743e+01 5.124755228874461466e+01 5.386587615871123091e+01 5.812414806277790547e+01 6.259250109779159743e+01 6.731372037734540470e+01 7.253940720986173574e+01 7.952344879848583048e+01 8.955316130887433701e+01 1.100586272671023664e+02 1.219763022251866147e+02 1.089946773291043343e+02 8.906965343605168073e+01 9.109525775428390659e+01 7.130549212748833554e+01 5.965000837148571122e+01
9.359611605139346580e+01 9.695025713966084879e+01 1.054201687653931430e+02 1.110673230383643784e+02 9.116525846359934349e+01 7.969008099012675927e+01 8.227153578368201181e+01 9.637300188882841212e+01 8.270103168042857078e+01 6.298400275835233231e+01 7.777177444990950050e+01 8.286817854578293918e+01 7.701595845551754849e+01 9.699668765769392564e+01 1.116434260693191618e+02 9.987683472059588041e+01 9.085736906836584126e+01 7.228447003945352378e+01 5.260462750603716842e+01 6.295593962403176391e+01 7.662061572112789065e+01 6.830477054259780800e+01 5.353500817208389861e+01 7.322802403555242279e+01 5.874314857864041528e+01 7.850607570755023801e+01 8.726420267175682000e+01 9.263496691565151764e+01 9.980589428798825224e+01 1.083077237394790728e+02 1.185649345283468108e+02 1.136404817044343503e+02 9.365812170699049943e+01 9.272596344551844538e+01 7.297470246264818172e+01 6.408389906134085834e+01 7.130549212739084908e+01
8.940572342435052633e+01 7.669006801426846209e+01 9.369115424889189114e+01 1.058887294637273584e+02 1.078118670906186765e+02 9.953214531348062621e+01 1.021955002542356539e+02 9.632589950019527691e+01 7.631506799062340463e+01 6.649592832742297333e+01 8.044766749335339284e+01 1.004987163904483793e+02 9.699668765769392564e+01 1.053586663516979058e+02 1.031537630767730604e+02 8.282128125310023847e+01 7.135477998189281834e+01 6.259831795158675760e+01 5.522782880670322214e+01 7.494284185682401755e+01 9.123845563121463442e+01 7.683249875021228092e+01 5.708997814050590591e+01 7.683249875021228092e+01 7.850607570755023801e+01 6.385802414893525025e+01 8.372282904942572657e+01 8.564368638036611969e+01 9.999321747654001058e+01 1.205508239624460884e+02 1.198877711146224954e+02 1.098750614553938618e+02 9.732495308765446396e+01 7.754395072152296109e+01 6.875482620826497282e+01 8.389293100571092054e+01 9.109525144245228034e+01
6.929616078585793559e+01 6.515167132933791549e+01 7.669333847299222384e+01 9.708261756163966538e+01 1.004691956980803553e+02 1.089677158402888892e+02 1.165065118704900300e+02 9.632589950019520586e+01 9.185551709199177139e+01 7.189868069423788199e+01 7.526501524113564301e+01 8.936576401099300426e+01 1.095054322839953329e+02 1.142729388449983361e+02 1.024564606975729220e+02 9.395563585469599843e+01 8.788510248956377779e+01 7.785476862314155255e+01 5.810512040728156080e+01 7.197808463677090174e+01 9.204233880481835683e+01 8.064342693235542470e+01 6.084126322595114544e+01 8.064342693235542470e+01 9.214710034501001701e+01 8.372282904942572657e+01 6.937436155511676361e+01 8.938178216408759624e+01 1.050117033118653040e+02 1.152420734366275070e+02 1.115459410577469299e+02 9.156755152225206018e+01 8.172820043303435966e+01 7.432111008266974750e+01 8.847861989692995621e+01 8.119041985940179984e+01 1.010198574750486813e+02
5.525832239025185544e+01 7.399358840839114748e+01 7.858505217000985965e+01 8.387397838044560672e+01 8.018396846966841451e+01 9.984950162217813840e+01 1.099465662106723300e+02 1.045678984738304536e+02 8.446783709952687502e+01 7.998334512787245387e+01 9.526453627730781193e+01 8.676104697137651556e+01 1.068804932942210257e+02 1.057403903258890097e+02 8.532859682705819182e+01 7.382255676465072725e+01 6.791638115931165487e+01 6.251525207640992221e+01 7.782863553918886623e+01 7.785163749216214057e+01 9.799633440963680187e+01 8.470296420727055420e+01 6.481537437656925249e+01 8.470296420727055420e+01 1.017517182126012187e+02 9.784028504248334457e+01 8.080321690828924375e+01 7.632603023433735245e+01 8.630621707955700117e+01 1.067382029119934117e+02 1.198877711146224954e+02 1.098750614553938618e+02 9.886173470031283728e+01 7.907299524912401978e+01 9.886173470031283728e+01 9.516148059127401382e+01 1.093311404965443927e+02
