LEM/sinusoidal_perturbations/elevation_000217.asc
nrows	100
cellsize	150.0
xllcorner	0
ncols	100
yllcorner	0
NODATA_value	-9999
[rows 51 to 67 of 100, columns 0 to 36 of 100]
6.455108993161302530e-03 1.414859073272423728e+01 3.414859073272494072e+01 4.408596769933783577e+01 4.503077921382292459e+01 4.409775405302757179e+01 2.375922672322259288e+01 2.970578749295202670e+01 1.337728081836547389e+01 3.201893235632985579e+01 4.558276096936368305e+01 4.472290420880917594e+01 2.909441609011908980e+01 4.197439576175647602e+01 2.490915684746382297e+01 4.077025869218523724e+01 4.385752454244175169e+01 2.781264040891961997e+01 2.655641959635118710e+01 7.707550396725825870e+00 2.806975860853010829e+01 4.436403580537799485e+01 3.097651770046241992e+01 3.897893869291945634e+01 2.917470609420144712e+01 4.386924643367257204e+01 3.686170113200074638e+01 5.102868107674906639e+01 5.014566677375517401e+01 4.480033302529626837e+01 5.826541245285773840e+01 7.785120499035140540e+01 7.962116111929383067e+01 5.968257255167642228e+01 4.546438694685746640e+01 3.515922820542342464e+01 5.549306974896124700e+01
3.995603441288198172e-03 7.563285355476122795e+00 1.572826026138836575e+01 2.727616064577006583e+01 4.734056840623625817e+01 5.248557041030782244e+01 4.421649050296246486e+01 3.688839560782741955e+01 1.642281457307279169e+01 3.688839558309194899e+01 4.985987551604149814e+01 6.087220648861058692e+01 5.267850065225996303e+01 5.021583891367240682e+01 3.438456700509151887e+01 5.170573309804304785e+01 4.968750886363159225e+01 3.084253169212465551e+01 8.165483116194062418e+00 1.418134639917752615e+01 2.392671408665324506e+01 4.400561682686961262e+01 5.064648665081101342e+01 5.675801930096801584e+01 3.902953803596682292e+01 5.676006360337789403e+01 5.042206390217558720e+01 6.423090998044139610e+01 6.950048625001304003e+01 6.400241193632311365e+01 7.219892104923447107e+01 8.187313240522566105e+01 7.709509862062319030e+01 5.709764706713751536e+01 4.282207796460500049e+01 3.253213753085329785e+01 5.229237077810484635e+01
4.804567899273937473e-03 1.414694019163034966e+01 3.414694019163105310e+01 4.407291265074699282e+01 5.571811622956070664e+01 5.993454326270385479e+01 4.012408763074922291e+01 2.839008930006780318e+01 3.688839561182879834e+01 2.139240196259017068e+01 4.006361707303359765e+01 5.526953993886047556e+01 6.586524765921606672e+01 4.886958867343447110e+01 4.704090132979502670e+01 5.921365652841987526e+01 5.247258881448423296e+01 3.261594135127161564e+01 1.299572622838559788e+01 8.626474800425597778e+00 2.955112802423030161e+01 4.491180161159859097e+01 5.741434153171221766e+01 6.644607249750994526e+01 5.830852018460316089e+01 6.648321658700581338e+01 6.981302327609469671e+01 6.459438363674973971e+01 7.284477699829959363e+01 7.580152697279061158e+01 7.000662730627988140e+01 6.249806450789233736e+01 7.624697701769029834e+01 7.124909688760978099e+01 5.194536547167701457e+01 3.006899037876105396e+01 3.657102868326133205e+01
9.707512844716031236e-03 2.000623990827002885e+01 2.526914149273717314e+01 3.938754752728809194e+01 5.918201337047028687e+01 6.812021178678409683e+01 5.669145494872870472e+01 4.849699515333564648e+01 3.437216270204566371e+01 4.166662982556051276e+01 2.719757538379414541e+01 4.711122511757680797e+01 6.131089055522954112e+01 6.586524765921606672e+01 6.393254838451179722e+01 6.093694778755448738e+01 3.959643040002788439e+01 2.335187716932913204e+01 2.894785986684596324e+01 8.953632328033510390e+00 1.534800823073965326e+01 2.682004431383624521e+01 4.889995010573606748e+01 5.610978159312193014e+01 5.237355999374408100e+01 6.057845770258415286e+01 6.131004698517237728e+01 4.459056613499328847e+01 6.131004698517237728e+01 5.599285615952853590e+01 5.018816209055139410e+01 4.865265731093320767e+01 6.731435063125631757e+01 7.508583545067746456e+01 5.198321913297920815e+01 4.614960957985147871e+01 2.674807922175117270e+01
5.001202446392439237e-04 8.944768427265390898e+00 2.893710741540559184e+01 3.759152960522580855e+01 4.587384849609883730e+01 5.481733719009918104e+01 6.636214594622910568e+01 6.239736876677133637e+01 4.589232187358801696e+01 4.711122511757681508e+01 4.711122511757680797e+01 3.364293478591417141e+01 4.744417311847174545e+01 6.700486271456476572e+01 6.319680648652389010e+01 5.497164925712394989e+01 5.391355652064807202e+01 4.576935277840452443e+01 2.947395335594738697e+01 9.282045826024367230e+00 1.699789839615715081e+01 3.657809930002474630e+01 4.722664242841521798e+01 3.454994957513002873e+01 3.365830010276400230e+01 5.197180355731141077e+01 5.298379736125109929e+01 3.304081283904233857e+01 5.298379725788721828e+01 4.820564767952370033e+01 3.603029399016837431e+01 5.018816209055139410e+01 7.000662730627988140e+01 6.750177634473139676e+01 5.948466681642204890e+01 4.457910544492033722e+01 2.458746534813548479e+01
5.279685921607564676e-03 3.764526005268812092e+00 1.049546231075016500e+01 1.758743678635132568e+01 2.653579968632218211e+01 3.808325531569536793e+01 5.808219785124700252e+01 7.378416675920955470e+01 6.559262901489944397e+01 6.678754829198712173e+01 5.788951723867496213e+01 3.858006953436403563e+01 5.216833857654325612e+01 7.170166435755290024e+01 5.497164925712394989e+01 3.480773202624838802e+01 4.069260440461846429e+01 3.670888327016174202e+01 2.985527992164550781e+01 9.611460568831230233e+00 1.754339764120952339e+01 3.048355720181550055e+01 3.147115321913967634e+01 2.047835092380351085e+01 3.343939038186076118e+01 5.104802375987743090e+01 4.560343962756725489e+01 2.644654518273240384e+01 4.117928350581622965e+01 2.824282459813322177e+01 4.820564767952370033e+01 6.419965489298766670e+01 6.160675374578180197e+01 4.740461635624984638e+01 4.805326333851286336e+01 3.067146102732870006e+01 2.246567432210276039e+01
5.738623160518319517e-06 2.000000573862280362e+01 1.051646566934894445e+01 3.069508593644916772e+01 4.401862669879246681e+01 5.067686623451991323e+01 5.897122557754890693e+01 6.894289909565230801e+01 8.049724521845740810e+01 6.087846080648152736e+01 4.746784441841715108e+01 5.788951723867496213e+01 5.733941977274944435e+01 6.862493838450214412e+01 4.665416809729151737e+01 3.200651954140854372e+01 2.009196711820505854e+01 1.523174079728394048e+01 1.016865747101472017e+01 1.358764565075725983e+01 1.047912116783306580e+01 1.109698668732970361e+01 1.171932667850511400e+01 2.504545388249315252e+01 3.276764835516526375e+01 3.380390731527494097e+01 3.428557209731559396e+01 2.078494000481664372e+01 2.138229026282190048e+01 4.112549430050611221e+01 4.702975581769472768e+01 5.497473481842512655e+01 5.329148267860936983e+01 3.311745448724659724e+01 4.052547933372028410e+01 2.150974254899439231e+01 4.151046790199340819e+01
4.532054705376768917e-03 2.000453205470502027e+01 3.069508593644916772e+01 1.801309032878734939e+01 2.374246829421402083e+01 3.032132073870221944e+01 3.991699185085763446e+01 5.810407747247505483e+01 8.023485317037116715e+01 6.189895460115989323e+01 6.087846080648152736e+01 7.477834817435332582e+01 7.588948380555464723e+01 6.098152369183600996e+01 5.295295175825936695e+01 3.845254869299754574e+01 2.467018648948255688e+01 1.072974398140586949e+01 2.998705666977254936e+01 3.718482543112107663e+01 3.571349388672999225e+01 2.258281386828233295e+01 2.838358962189380108e+01 1.260588224388552625e+01 1.323267757608137707e+01 1.385753942559992247e+01 1.448653740426546577e+01 1.511234171116429970e+01 3.489525707259482346e+01 3.430028859407738651e+01 2.828837080377422453e+01 4.464336002365916301e+01 4.787555862328431999e+01 3.955389279045663642e+01 2.056036494822840055e+01 4.053071771378584742e+01 3.781507641814273057e+01
9.001595176218036079e-03 1.415113721890729259e+01 3.415113721890799781e+01 3.824912696051220706e+01 4.401862669879246681e+01 5.067686623451991323e+01 5.897122557754890693e+01 6.894289909565230801e+01 8.848925105657920653e+01 8.059424351013301191e+01 8.049724521842988167e+01 7.173200770871265775e+01 6.376490729348201825e+01 5.294963029073480953e+01 3.464775478707225176e+01 3.444640377708493162e+01 1.533975153596953689e+01 1.112928849004044629e+01 2.147875986858563024e+01 4.283160018316036144e+01 5.074955617903179217e+01 4.253064724386541684e+01 2.990706294402245291e+01 3.517659048713138503e+01 3.276038262717473515e+01 1.787667239665814023e+01 3.426904669259288738e+01 3.360321942471314571e+01 1.599953894876406757e+01 1.662791168781795292e+01 1.724827377712359322e+01 3.702544767997446229e+01 3.858635169161331646e+01 1.963356136634730120e+01 3.955391138742216839e+01 4.885339212382455543e+01 5.209506990070712362e+01
5.674351268809080251e-03 2.000567435126845339e+01 3.051872143911597846e+01 3.654894833067170623e+01 4.362001614253730253e+01 5.190428738999950298e+01 6.345129277379242438e+01 6.736383145602653144e+01 7.564786241495490060e+01 7.943751882869079850e+01 7.696599739792722517e+01 5.834634401358336220e+01 4.562735464719558820e+01 3.835610794103449450e+01 3.995645467557592667e+01 2.151322620815409081e+01 3.096810309314389897e+01 1.153303435616636285e+01 3.212201856100026731e+01 4.282728157446485540e+01 6.372514754520732794e+01 6.003356152563634396e+01 5.157314392936246605e+01 4.362137147990097219e+01 2.372732384418713281e+01 3.762667345986179157e+01 4.129246067927947195e+01 2.134505187499302892e+01 3.577001619001484300e+01 3.639709789397806361e+01 2.280062330094741085e+01 1.811263369647945964e+01 1.872083850426723828e+01 1.998367261259888750e+01 3.893302004531865634e+01 5.965164449725683937e+01 7.211660588386968129e+01
9.518805923843161668e-03 5.173496600867087736e+00 1.051872143911562141e+01 1.654894833067099924e+01 2.362001614253659909e+01 3.516702152632952050e+01 5.516702152633022394e+01 4.736367294715184784e+01 6.410089041756823747e+01 5.943718710339449274e+01 7.357920394746966508e+01 7.173200768443614095e+01 5.580159355358738082e+01 3.774206426193769914e+01 2.869263476449950900e+01 3.756984682500470996e+01 3.204764422592561601e+01 1.193868006254751357e+01 3.229628689403014619e+01 5.165127913298093176e+01 5.165723562050624906e+01 7.126039599229335408e+01 6.198342982307990212e+01 4.233044982618922347e+01 2.811723267236419233e+01 4.808667439675490840e+01 4.539469403730603858e+01 2.529884391360677043e+01 4.539469402720784785e+01 5.140128789097897766e+01 3.212059717827975902e+01 3.791897285018153241e+01 2.035367080655873906e+01 3.977718468592598100e+01 5.046791013072825649e+01 5.965052123850812649e+01 7.125292031443305518e+01
9.062254805971973678e-03 2.000906225480561673e+01 3.051872143911597846e+01 3.654894833067170623e+01 4.362001614253730253e+01 5.190428738999950298e+01 5.434794393050552230e+01 3.581666444850282005e+01 5.264594973316346938e+01 4.529500907873521243e+01 6.529514864003301966e+01 7.440729262008792944e+01 5.577651318834794125e+01 5.435609737678143460e+01 4.672791831971793641e+01 4.995401521857251481e+01 2.849163127649004323e+01 1.234551541767371496e+01 3.264054745115097944e+01 3.198293465509897260e+01 4.592360138265187430e+01 6.549945315917413780e+01 6.408413066065169517e+01 4.449132814613287223e+01 3.367936996551526363e+01 5.361613933836272139e+01 5.370276984712124602e+01 3.688184163355725076e+01 3.213257957465254577e+01 5.231835939603749353e+01 4.619303229725228022e+01 4.816291832818195218e+01 3.985098472992328311e+01 2.257381832030227642e+01 3.113707456476396729e+01 4.283474828587489469e+01 6.297530880039315093e+01
3.063233560239582431e-03 1.414519885729131410e+01 3.414519885729201576e+01 4.278996747338451456e+01 4.556348923539789553e+01 4.848997346094568428e+01 3.434786386509150446e+01 2.687239248871658504e+01 3.264589518148605407e+01 4.419290206730438797e+01 6.419302758412764831e+01 7.540245018219688689e+01 5.511472430932887079e+01 4.026186266485171927e+01 4.411272090742721730e+01 4.760930869557486744e+01 3.302380019370149000e+01 1.275266459402852881e+01 2.042929850472668107e+01 3.866852865577893539e+01 4.724990065887239155e+01 5.897894225368893473e+01 7.204681528876282925e+01 5.957605571200901551e+01 3.980924931872873174e+01 5.957605571200901551e+01 6.530749371447349461e+01 5.702346667949434789e+01 3.736338752671747443e+01 5.752374002905157369e+01 6.637998111557845959e+01 5.474085214541950961e+01 3.544809914465625411e+01 2.414640337083139343e+01 4.411791799875580722e+01 5.510289083413232447e+01 6.416339653261913156e+01
5.666595628964066558e-03 2.000566659562860750e+01 2.595100182308143388e+01 2.278993146343541554e+01 2.556343281737059314e+01 3.430807318426485608e+01 2.020572582189127075e+01 4.020575169197740450e+01 5.264594973316346938e+01 6.093012756396544205e+01 7.247710509864192829e+01 7.176807508971921834e+01 6.249610523948180685e+01 4.411272155447644394e+01 2.306492911715351468e+01 3.362751333053147107e+01 2.826435229733120735e+01 1.316020072485418879e+01 1.287885910915585796e+01 1.890625775752006987e+01 3.024877601831127905e+01 5.064386745300242154e+01 6.495903018550644958e+01 6.646250547804378073e+01 4.698468416658880642e+01 6.646250547804378073e+01 6.606559390527804965e+01 4.603317088569730231e+01 5.752374002905157369e+01 6.580147892686841260e+01 7.646138562322154542e+01 6.277735193157602112e+01 5.195246601764767291e+01 4.411791799875580722e+01 2.653515916657591234e+01 4.677247840230637621e+01 4.401571928409899925e+01
2.110006612196471242e-03 2.000211000655283300e+01 5.950995798766788525e+00 8.647795248619779329e+00 1.142129622974594838e+01 1.430804757569410235e+01 1.857206190280638580e+01 3.857211281568723393e+01 5.334589425966272813e+01 6.489338480315078073e+01 7.792317491675591157e+01 5.742940506594913330e+01 4.244753196640923676e+01 3.297705257935959366e+01 3.725934967959238975e+01 1.589265773609081656e+01 1.373547911514073583e+01 3.343115132688027558e+01 3.527020839915694239e+01 3.886875592292989268e+01 2.450577236792031144e+01 3.624418458999065962e+01 5.666235389387368571e+01 7.437279576141769155e+01 5.840753638388119384e+01 7.437279576142293536e+01 7.271664245838898921e+01 5.276349679905614209e+01 7.271664245838898921e+01 7.971543163630889239e+01 5.981528525894947990e+01 4.821946709258969577e+01 3.987177803783249885e+01 3.208268260505302294e+01 4.678889349327012326e+01 2.953324960729781878e+01 4.991543286474630037e+01
9.367352646185668139e-03 2.204652552439997137e+00 6.204652552439980262e+00 2.620463843852778041e+01 3.142131371809722751e+01 3.430807318420502838e+01 3.857211281568723393e+01 2.506091874807630759e+01 3.660792516199125401e+01 5.660819006425075628e+01 7.342192521662094862e+01 7.176807508971921834e+01 6.249610523948181395e+01 5.404084344799041162e+01 3.485881982240280763e+01 1.431034063612272789e+01 2.864292308894668793e+01 3.354541778060020363e+01 5.231467148879585949e+01 5.323623884768362302e+01 4.487391834991748141e+01 3.140589194362297576e+01 5.190249815587348792e+01 6.815245037716064758e+01 7.746579788736852379e+01 8.538719545436191538e+01 8.098707756532294866e+01 6.275165056885226988e+01 8.098707756532294866e+01 8.794549611600062633e+01 7.646138562322154542e+01 5.936455378416928852e+01 3.915503252360396402e+01 5.243298446804787716e+01 5.220881940484029826e+01 3.182001213639115278e+01 5.220942100703195621e+01
3.648181865326004768e-03 2.000359447069520513e+01 2.620463560885472631e+01 1.223487944399435889e+01 3.223363982576375264e+01 4.717666762367991851e+01 5.334316790169673084e+01 3.920306225365533948e+01 3.358894742720713822e+01 4.513595665575763860e+01 6.513641353053461103e+01 6.890657720478542103e+01 5.807958948237588714e+01 4.814171521642527551e+01 3.303127066459772720e+01 1.471527188511953632e+01 3.474568153127057712e+01 2.977531248799849450e+01 4.589554281316656414e+01 6.520761727340995151e+01 6.021713657936341946e+01 5.190249815587348792e+01 3.950480129996486056e+01 5.989940264722686436e+01 7.813173420337078312e+01 8.803213144517719968e+01 9.096036375741111613e+01 8.268163434792577959e+01 9.096036375741111613e+01 8.241469605219734262e+01 6.248803438457956361e+01 5.091267671360741076e+01 4.599945985887835320e+01 6.604707024418154049e+01 6.050386528644229145e+01 4.632315555862254541e+01 3.524812849841102036e+01
