LEM/sinusoidal_perturbations/elevation_000568.asc
nrows	100
cellsize	150.0
xllcorner	0
ncols	100
yllcorner	0
NODATA_value	-9999
[rows 51 to 67 of 100, columns 37 to 73 of 100]
6.635689503723588700e+01 5.143947941701937765e+01 5.719303365885579638e+01 6.602435676059195657e+01 7.740278053217515719e+01 9.713653868576108152e+01 9.738870985661337443e+01 7.778195429448611264e+01 6.554961676962300032e+01 6.948396892966989924e+01 8.911721310305664190e+01 9.460761859148200870e+01 7.499109282220544515e+01 6.100877759173889103e+01 7.416068599505015868e+01 8.229896631919001493e+01 7.387656463106928584e+01 5.406596448644097563e+01 7.387656463106928584e+01 8.396970097726990900e+01 9.209422806116457139e+01 9.904143195558647506e+01 1.071897258817256784e+02 1.159627534163850129e+02 1.210063133892365954e+02 1.097297557816521874e+02 9.188402841970533075e+01 1.097297557816521874e+02 9.759888947859356279e+01 1.114344779310668940e+02 1.227185521713410878e+02 1.278169076220683422e+02 1.194115975772636347e+02 1.038087786840023483e+02 8.673682868038298466e+01 1.038087621545772947e+02 8.842261306373492857e+01
4.647544673930392634e+01 6.635689503722765892e+01 7.692469180685553454e+01 7.114751630840484609e+01 9.087202724742780902e+01 9.982623754298090546e+01 9.170001749925096135e+01 7.778195429448611264e+01 5.803087194219759226e+01 7.778195390736794934e+01 8.081265391878926607e+01 8.893994150782384622e+01 8.806877666838983032e+01 6.839976621143823365e+01 5.435769625387677451e+01 6.832110290474234660e+01 6.764891394810324243e+01 5.131986121084498365e+01 5.763885965383310150e+01 6.427986160368631374e+01 7.416709448219741319e+01 8.804035584159036887e+01 1.076104628381709176e+02 1.150147643030117024e+02 1.128454333582081262e+02 9.338450119555471929e+01 8.215187129198780269e+01 9.290787176292734273e+01 8.385089351051719575e+01 9.507832806298564776e+01 1.145506152004273730e+02 1.185044936479501558e+02 1.266805760886698380e+02 1.155867126408586643e+02 1.071680829041212348e+02 1.093095986424798127e+02 9.323714545613388793e+01
6.635666875683456567e+01 6.057256868950773310e+01 8.032149415512752455e+01 9.087202724742780902e+01 9.905017167113379628e+01 9.170001749925096135e+01 7.206742342957416270e+01 7.312657967644747714e+01 5.332532682255693857e+01 6.686487274844570550e+01 6.108751398367630259e+01 8.081265407864569283e+01 7.962728195612301363e+01 7.386646062275774227e+01 6.832110290474234660e+01 4.846658298899148321e+01 4.778962081772826309e+01 5.410643213677392538e+01 7.391196487437191820e+01 8.396970097726990900e+01 9.209422806116457139e+01 1.018989029844026390e+02 1.093436970132871835e+02 9.552873583037344929e+01 1.026907177981260588e+02 1.037225224239700196e+02 9.290787176292734273e+01 7.338107206335821786e+01 9.290781604723082410e+01 9.824860815294321981e+01 1.047258751237489633e+02 9.901858446025967453e+01 1.185044936479501558e+02 1.210583686183224614e+02 1.007089028630181531e+02 8.888578650193053932e+01 8.112959004923530415e+01
7.793563664207935915e+01 8.032149415512725454e+01 8.849711296369676461e+01 9.319393647199552788e+01 8.470291033351684007e+01 9.170001749925096135e+01 7.206742342957416270e+01 5.806880167747539190e+01 6.686487364201531136e+01 4.700945084369628546e+01 6.686487364201531136e+01 7.945428326714744571e+01 5.986776104830754264e+01 5.406940049452568076e+01 6.172261003576626592e+01 4.455189796184573936e+01 6.442731119384133365e+01 7.391196487437191820e+01 6.474506143967586524e+01 7.463174677145134694e+01 8.851083041964319875e+01 1.080901163749389298e+02 1.012360614316149992e+02 8.175185046598549832e+01 8.320631495317613258e+01 8.421125842294435415e+01 8.421125842294433994e+01 6.906735172875733042e+01 7.385977432065253367e+01 7.877810069937142146e+01 8.529407421133144851e+01 9.649984114270871771e+01 1.159628465142440064e+02 1.294618269478731634e+02 1.177234811985408385e+02 1.093095986425347093e+02 9.138666357401849893e+01
6.982413421952738020e+01 7.758162049735040000e+01 8.562514698521495404e+01 8.149046082202002594e+01 6.452639291246767073e+01 8.149046082202002594e+01 8.594683048627129551e+01 6.794323941064544670e+01 4.810239717030014361e+01 4.323309505424060006e+01 6.311255143223320374e+01 6.547688889720758709e+01 5.149426584608050916e+01 3.996482384454440506e+01 4.183225817980838457e+01 6.172261003576625882e+01 5.863949565673162567e+01 7.840033396004535859e+01 8.443860863830501273e+01 9.256588146436119757e+01 1.023743854239595237e+02 1.070819195798057137e+02 9.897016045960904762e+01 8.891316440713026736e+01 6.933489125499373529e+01 8.028365827681199107e+01 6.457332031074800227e+01 7.205389683790751576e+01 9.161291771585315757e+01 9.824860815294321981e+01 9.254878828327215956e+01 1.120091905853867473e+02 1.241292317608994580e+02 1.242543353956644978e+02 1.301138588111663523e+02 1.202051655797232996e+02 1.117935827592667550e+02
7.454945905512695958e+01 5.856791646490299286e+01 7.457907888061086510e+01 7.305399256916498985e+01 5.304799307075604986e+01 6.236033602587676228e+01 7.074021848732850515e+01 7.609046214427387156e+01 5.948307586683928605e+01 3.957965067315723928e+01 5.523965217566286867e+01 5.478867113515642728e+01 3.737717290778458334e+01 5.729835858344057442e+01 5.335238740382806100e+01 6.989112203762631736e+01 7.840033396004535859e+01 8.653859240531460273e+01 8.938476858117748236e+01 9.732294904571573113e+01 9.900954689742312098e+01 9.095802359875347065e+01 7.943596301482909894e+01 8.238707331930771716e+01 6.271990545182278964e+01 6.058581353479318921e+01 8.028365790369774402e+01 9.160634756129368839e+01 8.590162643252791952e+01 1.054099582157091817e+02 1.120091905853867473e+02 1.201605821348119036e+02 1.187298444495189642e+02 1.046710819269840300e+02 1.103661212716696554e+02 1.151470370635574483e+02 1.229459784556603665e+02
6.660048010560808507e+01 4.752671801756897452e+01 6.660048010560547027e+01 7.678723264872957088e+01 6.233398288791072872e+01 4.250392119017531201e+01 6.236033602587676228e+01 7.552250474707513206e+01 6.764819978388673860e+01 5.523965217210375300e+01 3.530785085546678204e+01 3.485130319487487327e+01 5.478867113516181320e+01 6.509738413666842405e+01 7.315654416868180476e+01 8.130113987003402087e+01 8.785716264592595337e+01 8.621438716334024832e+01 7.011264065776468613e+01 8.621438716334024832e+01 9.095802359875347065e+01 7.173293408096299117e+01 7.736383243180542024e+01 6.335365325000528003e+01 5.669820627790650036e+01 6.375228596456500441e+01 7.768491786498672980e+01 9.717628109904399025e+01 1.054091521686517439e+02 1.135502332428383312e+02 1.141815972370288108e+02 1.221984021183051823e+02 1.102191668143203884e+02 9.141437634512104182e+01 1.046271691428745214e+02 9.675004968748574186e+01 1.073591702641696202e+02
5.984991994088171197e+01 4.058730731987753870e+01 5.984991994088171197e+01 6.850545312606968196e+01 4.814206448281814232e+01 3.684965638216645800e+01 5.662458677236936211e+01 5.573741488790307130e+01 5.845824627116324024e+01 5.026025429195007632e+01 3.238501465559318149e+01 5.215657677568142958e+01 5.115107534860796790e+01 7.098543055070783225e+01 8.213977429637778016e+01 7.409476567488661658e+01 6.852577383614010387e+01 6.852577383614010387e+01 5.879560882622638474e+01 7.825800033673813516e+01 8.929790259939282748e+01 7.736383243180542024e+01 5.784865693192558922e+01 5.338202044367550769e+01 6.335045241363621926e+01 8.285228446734100771e+01 7.622723677140689347e+01 9.003459026503634277e+01 1.094654079752783247e+02 1.111194270411776870e+02 9.504788307058274199e+01 1.111194270411776870e+02 1.030351331355668663e+02 8.418205658583893580e+01 8.583050865070720192e+01 1.046271691428745214e+02 1.194859817335722738e+02
5.404039607862083727e+01 3.455923195140892545e+01 5.388643977933210749e+01 5.397772384201481799e+01 4.944260237349706699e+01 3.164560557596947632e+01 4.529720865560707921e+01 4.164830766182589628e+01 4.821256869910966714e+01 3.030164315264181951e+01 5.006724840796135823e+01 4.653768449408062935e+01 6.656511398946010161e+01 7.922868073163807878e+01 7.097903295648080757e+01 5.441163544588423662e+01 6.086506521896166788e+01 4.887380930586930816e+01 6.852577383614010387e+01 8.618865534270985052e+01 7.537040711845914132e+01 6.148349492898318402e+01 5.029813336393434753e+01 6.431944790071023021e+01 7.302346615751048375e+01 8.279131794082596230e+01 9.572574500836655886e+01 1.037974669365489291e+02 1.074784161816595116e+02 9.933648809681412217e+01 8.378626874610841924e+01 9.787822650309857409e+01 8.939907470575413129e+01 7.763287911814181541e+01 7.926246105591820879e+01 9.239607181431536276e+01 1.057668389952124244e+02
4.738553688746944204e+01 2.917133590817761046e+01 4.246400662648792235e+01 3.348591315324522100e+01 4.828716099930257144e+01 3.098139525868796440e+01 2.529180850702504557e+01 4.529701833612025297e+01 2.824187352176857502e+01 4.821258889449764951e+01 5.841389457044254385e+01 6.655187711358411207e+01 7.487988133611843011e+01 7.041562583521816521e+01 6.072277762002536861e+01 4.290407678084319798e+01 4.103557220244820058e+01 6.065295300367949949e+01 7.400780593115217698e+01 8.115555179454615597e+01 6.148279007142857466e+01 4.740863042161702623e+01 6.725463250564199313e+01 7.816302962148000688e+01 9.097165982266341189e+01 9.958775234195721282e+01 1.095454795878747660e+02 1.131862938648198451e+02 9.359971071147313637e+01 7.961597809733183340e+01 7.564492353633109190e+01 8.900461853119379896e+01 6.868139978156574443e+01 8.337086288308017856e+01 7.291715059205851901e+01 8.953721927493211297e+01 8.597488336707085921e+01
3.722929045085854938e+01 4.093154114130678778e+01 2.201185676416587711e+01 2.262037202552273385e+01 4.270775976662901741e+01 2.440040580258459002e+01 4.442340098522291214e+01 2.618903592066771324e+01 4.617966928724627707e+01 5.517232837705803661e+01 6.223821408054896409e+01 7.046176968240172300e+01 7.388846871290216711e+01 6.002607228353475222e+01 4.540000587408750476e+01 3.394879581376097377e+01 5.375449502941495439e+01 4.857555226124098624e+01 6.315405034959240993e+01 7.676974340629391236e+01 6.528957991126392812e+01 4.543935564964135665e+01 6.528957991126392812e+01 7.084237583981536091e+01 9.047999030257221875e+01 1.012796777096600351e+02 1.012796777292117980e+02 1.094051071056708935e+02 1.074784161816595116e+02 8.795084634005630164e+01 6.802098242500136394e+01 8.070731668319685070e+01 6.326014635858609125e+01 6.525582625958334404e+01 6.728918200561173535e+01 6.952587854904749065e+01 7.180142703015962979e+01
2.060656179528338683e+01 2.117717490994759544e+01 3.966908911419854888e+01 2.506329840089769334e+01 2.350733341032173129e+01 4.353761482364195956e+01 5.262673498538524797e+01 4.617815671427626967e+01 2.718140065933561189e+01 4.650587576139229640e+01 4.233248528276504175e+01 6.227488602893195235e+01 5.987710636987411306e+01 4.586295306285782658e+01 3.283189140843045095e+01 5.278574509674704274e+01 3.508568107938985037e+01 3.589198719733126808e+01 5.582810705508116911e+01 5.696918683387087157e+01 6.071056400485398541e+01 4.349443454804023190e+01 5.102988562177381482e+01 6.508178952891691438e+01 8.474966143880720892e+01 8.178271316640990563e+01 8.178271316641071564e+01 1.012796777292171697e+02 9.704081634684392554e+01 8.614591582424921512e+01 7.829075039663450752e+01 6.063302043165107591e+01 7.482806193860599819e+01 8.524185761710354825e+01 7.894149660870075991e+01 8.953927985280408564e+01 9.177181298586876323e+01
4.168571766545323243e+01 3.613660504074664459e+01 4.343680586387436193e+01 2.963517562482967449e+01 4.333737523147284776e+01 3.989098175725325035e+01 5.969868822854943602e+01 5.535167211326503889e+01 4.715947926616059505e+01 2.817303913366829349e+01 4.814330836215919618e+01 4.986170660297355539e+01 5.057983881245176860e+01 3.171419100125115165e+01 5.168018080553228799e+01 6.098075334994614138e+01 4.925474514262786840e+01 5.570623515804231118e+01 3.703971099913761833e+01 5.696678791772885830e+01 4.083379781105013251e+01 6.071056399748582777e+01 7.084227750012438207e+01 7.897169122972964317e+01 7.771108366976092441e+01 6.792892546839456713e+01 8.749324186490454736e+01 9.798201150691495798e+01 8.912373756022375915e+01 6.980822328783247599e+01 5.821029581352480875e+01 7.829080107615067163e+01 8.844075821854472963e+01 1.013597868744305970e+02 9.881882762927024544e+01 1.070049046082035176e+02 1.034187194807041550e+02
4.644705424701126617e+01 5.776448264464837479e+01 5.586276863632841838e+01 4.975862024964681751e+01 3.702962456906419675e+01 5.656516386668267415e+01 6.773584748898842633e+01 6.396983825945219593e+01 5.082780959939800169e+01 2.942378372420348853e+01 2.916956669748517328e+01 2.987553698245843847e+01 3.059614414732471843e+01 5.057772465574416287e+01 5.167995008006663227e+01 7.150260276830981354e+01 6.960756063416990003e+01 6.506615498778249673e+01 5.114460764115383284e+01 3.819566428451557272e+01 5.769145374180250485e+01 6.027328201496085569e+01 6.839992956200133278e+01 6.931883076217995665e+01 5.802950601987381418e+01 7.771108366976092441e+01 8.535941037115777874e+01 7.935303678919191839e+01 9.239124164309154708e+01 7.662294586475424296e+01 5.653868231715367187e+01 7.662239535251107725e+01 8.797162656915443790e+01 9.493654157360823831e+01 1.028435158402233753e+02 1.138181276033284348e+02 1.173832270712986201e+02
3.591158748988060267e+01 4.986547555735019444e+01 6.951350724756964894e+01 6.174023607136485481e+01 4.241881820173644257e+01 6.174023607136500402e+01 6.720718813973778083e+01 4.746237662935161694e+01 3.557995412517458789e+01 5.082782952485508332e+01 4.332408058289919950e+01 4.424431688927874262e+01 4.989701449498137720e+01 3.327029171051307088e+01 5.337672106915988479e+01 6.446795980062603348e+01 7.457848419785676697e+01 7.861172395504563326e+01 6.417496676142377510e+01 4.499961188254206235e+01 3.949514730434510312e+01 4.041560422641246930e+01 6.012643807923604555e+01 4.953973787860761036e+01 6.489543035328188125e+01 6.551860847023522183e+01 6.544794589246838257e+01 6.561124067129084381e+01 8.480933487050700137e+01 7.497446417731076451e+01 5.488404541231763289e+01 7.495820362832074579e+01 6.809233969751130644e+01 7.521786810971019577e+01 8.672645632320754316e+01 1.060898684732468240e+02 1.141492980635701571e+02
4.986547299793607380e+01 4.986547299830734659e+01 6.951296206285928747e+01 6.749873348517243699e+01 4.839995820734117871e+01 6.749873348517243699e+01 7.536426507717791878e+01 5.953462938856029041e+01 3.981259858620288128e+01 5.953462938856029041e+01 6.320228654485828912e+01 6.491147752718909203e+01 6.073213153365212946e+01 5.282923507690699694e+01 3.597875244321949850e+01 4.598160274738967956e+01 6.607541036146014335e+01 7.848965362225374065e+01 5.830627446911355349e+01 5.863565345886620861e+01 5.959496747377812653e+01 6.030169656095099384e+01 4.172152756052405920e+01 6.159510284408033698e+01 4.450635727534211838e+01 4.553464280832562139e+01 5.306505959784263382e+01 7.263302954442620774e+01 7.760757001769806607e+01 7.205872993434307716e+01 5.324853071443093455e+01 5.906324960367181376e+01 7.908857658020632186e+01 9.493654154761559028e+01 1.028435152309777862e+02 1.082810126053470015e+02 9.440362436180480188e+01
6.951296108862669598e+01 6.951296206285918799e+01 7.765127383379780213e+01 7.415487870227283906e+01 5.532845702397646193e+01 7.415487870227283906e+01 7.844619781208139386e+01 5.791001172138041397e+01 4.376195350617334867e+01 6.341520078590983900e+01 7.856502507943443447e+01 7.305266235355398408e+01 5.293957749961362680e+01 3.878751958728565086e+01 5.591952457700028845e+01 6.446795980060193187e+01 7.457848419786363081e+01 8.691939385054740796e+01 7.848965362225374065e+01 8.008534327179108914e+01 7.079935393320789672e+01 5.748311105327389470e+01 4.191374922019569738e+01 4.299162621948708818e+01 6.079658465438888726e+01 6.495435047499279335e+01 4.700520616064215318e+01 6.617303365214745270e+01 6.610880758134420887e+01 5.103630805008760518e+01 5.251094423738340566e+01 7.221130729863678255e+01 8.240364157199303463e+01 8.985374200626320373e+01 9.799046190790090805e+01 9.951025713874572887e+01 8.046166520508391784e+01
