LEM/sinusoidal_perturbations/elevation_000434.asc
nrows	100
cellsize	150.0
xllcorner	0
ncols	100
yllcorner	0
NODATA_value	-9999
[rows 51 to 67 of 100, columns 37 to 73 of 100]
4.837321789324472121e+01 5.851324415718828220e+01 7.301904455764606894e+01 9.355141115164880716e+01 1.024164691706509416e+02 8.248018961482327427e+01 8.613856507689831687e+01 7.912638698155340933e+01 7.403341201726850329e+01 5.420879391304085715e+01 7.403341201726850329e+01 9.149190962938332916e+01 7.512637221496738960e+01 5.521814780431933656e+01 7.512637348642721236e+01 7.231086145600515636e+01 5.753191601447920078e+01 7.745496203945445757e+01 7.165451191207394288e+01 7.829351733407108327e+01 8.823598886684970921e+01 1.082775779394027467e+02 1.232173229720523153e+02 1.122645594090090810e+02 9.569353942065365004e+01 1.043479044988150264e+02 8.445639796542792510e+01 1.043479044988150264e+02 1.059533919505576591e+02 8.803866319775140425e+01 8.556199964938414837e+01 1.053059335852252332e+02 9.608438800193925999e+01 7.623287527020062271e+01 6.649871291227040615e+01 5.997075073249094856e+01 5.365340422450635316e+01
5.739127839825953714e+01 7.725517321300809215e+01 8.750547457977525312e+01 8.880999687517869745e+01 9.712054292654411825e+01 8.613856507689831687e+01 6.630513034847351150e+01 5.930580569800122959e+01 6.998491462840132726e+01 5.018251032533021316e+01 6.998491462840132726e+01 8.317301399531430661e+01 6.323325845989310068e+01 5.180376586809564543e+01 7.166072619141722555e+01 5.244602069102242581e+01 7.231086145600515636e+01 8.575412546530387203e+01 9.160236138010748164e+01 9.825678340312585135e+01 1.066051019372079622e+02 1.166515034724968132e+02 1.168267329986823029e+02 1.236968578800549494e+02 1.154904359127121438e+02 1.125378517229721353e+02 9.598802825777698899e+01 1.125378517229721353e+02 1.075967968591942991e+02 1.075967968591942849e+02 9.435859429734163939e+01 1.135221190112060299e+02 1.044830416612757915e+02 9.449509954888705465e+01 8.615863163606988451e+01 7.709852334307805677e+01 5.746554624078848406e+01
5.739127079632885398e+01 7.782459102384407856e+01 8.562921650322186906e+01 6.897265672164300554e+01 8.562921650322186906e+01 9.443535373035095404e+01 8.613856507689831687e+01 7.026235356083680017e+01 5.046498896469370976e+01 4.638801067176385118e+01 6.617242293394376418e+01 8.253110016138847982e+01 6.260259022547415952e+01 4.864514193033612344e+01 6.411996491222245709e+01 4.905196176532813723e+01 6.885289073012879157e+01 8.309665162834073726e+01 9.142242435912892518e+01 1.029927618889933001e+02 1.193745642390005912e+02 1.110728491420644986e+02 9.699292112251663411e+01 1.110728491420644986e+02 1.195910083439422920e+02 1.112829081731582193e+02 1.157677077314420302e+02 1.239555304419774870e+02 1.272506618848838116e+02 1.223847757625176769e+02 1.083496925740923018e+02 1.223847757625176769e+02 1.123754764072520658e+02 1.034020379510863563e+02 9.504372879396605356e+01 8.101653717993050918e+01 6.142646799566846028e+01
6.985222103556927209e+01 8.006504011919977870e+01 7.735690319752868049e+01 5.754801739915554037e+01 7.735690319752868049e+01 8.856607403103393494e+01 9.007407604597187856e+01 7.851774878829898796e+01 6.249718829980056256e+01 4.272033718308136230e+01 6.249711171535828669e+01 7.923181162814032064e+01 7.672591395181844121e+01 6.411998084562370082e+01 4.442546863918929034e+01 6.410289514362591490e+01 7.157959812483053952e+01 6.316154525236272832e+01 7.465133878905106712e+01 9.463316350971717839e+01 9.953123117319975677e+01 9.953123117319957203e+01 8.324618958319659612e+01 1.022732868233733541e+02 1.081449143670538149e+02 9.155399379475983324e+01 1.081449143670538149e+02 1.195909564345461291e+02 1.196102280232875046e+02 1.279432169546612386e+02 1.281959169481536662e+02 1.182665094029563733e+02 9.806109573419355740e+01 8.399897244242305305e+01 7.525544817391914876e+01 6.878679778196249117e+01 6.831294154924745499e+01
5.117882560293369210e+01 7.159184033838047867e+01 7.035340445963890943e+01 5.056257901447343528e+01 6.045747179349529432e+01 8.028012232709167506e+01 8.179176235656311178e+01 6.196006368339106984e+01 5.954833217828457492e+01 3.976673585317127646e+01 5.118074808328336900e+01 7.097858618433741640e+01 6.741381931315780207e+01 5.916730598204677705e+01 4.229115055864693318e+01 4.671420812665433431e+01 5.174014513436855367e+01 6.057244835614171308e+01 7.205895517708505338e+01 9.202633563615869150e+01 9.953123117319975677e+01 7.995700149828303438e+01 7.452604757082886522e+01 9.405643658587500511e+01 9.114663963192245433e+01 8.033626818270715830e+01 9.155399379475908006e+01 1.112829076062145077e+02 9.969752889043441257e+01 1.164119630842657074e+02 1.213415008805864517e+02 1.130191932537580186e+02 1.123754764072520658e+02 1.034020379510863563e+02 8.478358260645302380e+01 8.844763525395038073e+01 7.700441857075990981e+01
6.985222103556927209e+01 8.006504011919977870e+01 6.409499594148499568e+01 4.427769888974717816e+01 5.829191053381194365e+01 7.810488343629874919e+01 7.845039925621034627e+01 6.559924819589269873e+01 4.581216804264735032e+01 3.695560069641793888e+01 5.675019693614724048e+01 6.471059887648908671e+01 5.647704400883246478e+01 3.958246150811956454e+01 5.916239326918915964e+01 5.805374925309475742e+01 7.158711259584602260e+01 7.988496877678575459e+01 8.881653236660710604e+01 1.003775504924378481e+02 1.041762019885097459e+02 8.715140133000006983e+01 6.745204112615921588e+01 8.398462116658313903e+01 7.153264432270341899e+01 9.114663963192245433e+01 1.081449143670538149e+02 1.075751069174259129e+02 8.846737025067511695e+01 1.075751069174259129e+02 1.098770677075757192e+02 9.325948941647325796e+01 1.098770677075757192e+02 1.131386001022680006e+02 1.047507999260075735e+02 1.051971012661610700e+02 9.094647089917012295e+01
6.316003793324004789e+01 7.329953166956617849e+01 5.348507559612239959e+01 3.940323683428854196e+01 5.928859541451110005e+01 7.465303129794742176e+01 7.006103596005358725e+01 5.047500879988076861e+01 5.047921501358494822e+01 3.431422144909461736e+01 5.412785201874707752e+01 5.390513198420429575e+01 3.691608204720290587e+01 5.647712070026074116e+01 6.741381827490830858e+01 7.795333417557532130e+01 8.628678155688874085e+01 9.264768961911130418e+01 1.008341985686637088e+02 1.069610221540660007e+02 8.725169238050428078e+01 7.631478889148540645e+01 6.221233880762043356e+01 6.418791731487303309e+01 8.398462116658313903e+01 9.114663963192245433e+01 1.108687071390634458e+02 9.932755322797902409e+01 7.984329361932037727e+01 9.932755322797902409e+01 1.016109229241944121e+02 8.210966956045903942e+01 1.016109229241944121e+02 1.139465057865244972e+02 1.076522055110726228e+02 1.159488305621753454e+02 1.110380108899164782e+02
7.161727064164492162e+01 6.897566286904562105e+01 4.913932580696841512e+01 3.506531301741507178e+01 4.656463655903710475e+01 6.640285315589632376e+01 6.189632738537077472e+01 4.211179055121337456e+01 3.063411253883498375e+01 5.047921501365789254e+01 5.390513197753380581e+01 3.433374668204831437e+01 5.185727304140759486e+01 4.811431046915058118e+01 5.939550504624872929e+01 7.919437154820387548e+01 8.952821080349674787e+01 7.314029750585497425e+01 8.952821080349674787e+01 8.958536692689789049e+01 8.725169238160181351e+01 6.751974733780197369e+01 5.751360893411757047e+01 6.646958417503626038e+01 8.046622531697268244e+01 1.001008002221515198e+02 1.067682193302979670e+02 9.316608933944048943e+01 7.367899467604794950e+01 9.316608933944047521e+01 9.471618867662691343e+01 7.525601246285341972e+01 8.606819104009124999e+01 9.524192005054386811e+01 8.802982127700146009e+01 1.018149468313035158e+02 1.217445945828511498e+02
6.716058670688001087e+01 5.883347977751645175e+01 5.112258390023331600e+01 3.139565496831558633e+01 5.112258394895141578e+01 5.850373396684010885e+01 4.963848562117279783e+01 4.467406391955807266e+01 2.819203591134634834e+01 4.805431548517260154e+01 4.960766766609016543e+01 3.251687660224107645e+01 5.211714811444027617e+01 6.774023632309979348e+01 7.602805967500719930e+01 8.750282499264380931e+01 8.138509153133526297e+01 6.175883000158760439e+01 8.138509153133526297e+01 6.987636574532959344e+01 7.869154777131895173e+01 7.049911123538225866e+01 5.467260835543132913e+01 7.445573695855088658e+01 8.621705916098436262e+01 1.059159849163028895e+02 9.853258426346943111e+01 7.893336324988077024e+01 6.818681092038052327e+01 8.180537468859729699e+01 8.452975991576080617e+01 6.901368034260705997e+01 7.233354681382908780e+01 7.581729704780124734e+01 9.524192005054386811e+01 1.084022616448645948e+02 1.167130515031065556e+02
5.295016303638232102e+01 3.903838818283855261e+01 4.265061015727865623e+01 2.803853094275171998e+01 4.752067592866277579e+01 4.937685136346362214e+01 3.078216110412144602e+01 2.480528080881262909e+01 4.385021360419624870e+01 4.719724928244526296e+01 2.995691189663129350e+01 3.620583346689020487e+01 5.001875862387927896e+01 6.974408920891919195e+01 8.686832674516142561e+01 8.828533348430083549e+01 6.871378696588891444e+01 5.482926395233200623e+01 6.608148755008782871e+01 5.597563405894704402e+01 6.678818766704175403e+01 5.086274945041686379e+01 6.471369596798923851e+01 7.445573695855085816e+01 9.419870806522359885e+01 9.942906616792501495e+01 9.121922382763588644e+01 8.252991149089055511e+01 6.285061201483115667e+01 6.211143478208726521e+01 6.488393865443754294e+01 8.452975991576221304e+01 9.180809938873609610e+01 9.524192005054386811e+01 8.152081832031421982e+01 8.876525221242185637e+01 9.844825171469503289e+01
3.299389632421644336e+01 3.937636590273992709e+01 2.342375775449332664e+01 4.265034773129637102e+01 5.091908806423317913e+01 4.272106026181057814e+01 2.383496373331518470e+01 4.369596398907148682e+01 2.582472499650105391e+01 2.751187655060550696e+01 4.720694586976392060e+01 5.579617415493652999e+01 4.746876401122901257e+01 5.879740508493875950e+01 7.861103088130053607e+01 8.026012297534275319e+01 7.206458967858915798e+01 6.608063297632602939e+01 4.651117993711814336e+01 4.468480925128975656e+01 4.722454066841865483e+01 6.678818766704191034e+01 7.869157800125424274e+01 9.266946003256595077e+01 9.453760258694344998e+01 8.634317405822854141e+01 7.157828251135948960e+01 7.518246239626390093e+01 5.828699074768015009e+01 7.801527958094462178e+01 8.452975991575999615e+01 9.270079092937955068e+01 1.068372710713751559e+02 1.092436879547639137e+02 9.518244992056976628e+01 8.934979574361049970e+01 9.800367998519681123e+01
1.902376923579426560e+01 1.966396001474030442e+01 2.030749361986273271e+01 4.011207264286887408e+01 4.174898572210901904e+01 2.287097644184735046e+01 4.272145004758014153e+01 4.867772601849548408e+01 2.662653685362709410e+01 3.663916798357045934e+01 4.411426629727695570e+01 6.336658295066570901e+01 6.717162870532125396e+01 7.540838408543868354e+01 7.512837240847970577e+01 7.203348533099521944e+01 5.221645401995290570e+01 5.800972765051629665e+01 4.110923077458571129e+01 6.087870130015410552e+01 6.267186035984715886e+01 6.746965963286278622e+01 8.908506681839674002e+01 8.858051110161122210e+01 8.634317405822854141e+01 6.669145761521302518e+01 7.244731209941714667e+01 5.545901311349702212e+01 7.518246239626382987e+01 6.428855137027964872e+01 6.927170599891879021e+01 7.906766202518399211e+01 9.280865353063316547e+01 1.125569043098325750e+02 1.149771035017327279e+02 1.031500036977853796e+02 1.031500036977853796e+02
3.797279137518355441e+01 3.944966464954079299e+01 3.956619909927516687e+01 2.124454617616088470e+01 2.191273532222864873e+01 4.098887050364520945e+01 5.076905215839718721e+01 4.761325726309444661e+01 2.743323489264019344e+01 4.709734353011238284e+01 4.910405522756748553e+01 5.774480458339637323e+01 7.071407758379997688e+01 6.818750612091120900e+01 5.559090855116657792e+01 5.566540028321761469e+01 5.609781987063337994e+01 3.784022635915564337e+01 3.897341009622408592e+01 5.910133203560589266e+01 6.867677966967477232e+01 7.799406703533952623e+01 8.057846855242939910e+01 6.938652657750954234e+01 7.800167870077535781e+01 6.984786479244401391e+01 5.273602694726476159e+01 7.244731209941714667e+01 8.334940836093903727e+01 7.314051416403448513e+01 8.883022214623608193e+01 7.804485171148891709e+01 8.670862065256631013e+01 9.793453343725822435e+01 1.178014925945363132e+02 1.231365953938505697e+02 1.231365953938505555e+02
4.658762768264077891e+01 5.249386863354460075e+01 3.268481056621476455e+01 4.106868487860968742e+01 2.635244111470918327e+01 3.696089987177397518e+01 5.727515812422043950e+01 5.546016853223795806e+01 4.548776059232083924e+01 2.858433373105345510e+01 2.941380375802517122e+01 4.961647089175512804e+01 5.080424947625961352e+01 4.760804243247150680e+01 5.387169722223820401e+01 3.545093925319223871e+01 3.642660097634839644e+01 5.663088998933510254e+01 5.910133203432880578e+01 4.059860627173380720e+01 6.064572332987066972e+01 5.796640643945502092e+01 6.440259396534862901e+01 5.564432205197866921e+01 6.730237702095372754e+01 5.013744124324578877e+01 6.984786479244401391e+01 6.669145761521302518e+01 8.634317405822854141e+01 8.439177957559711274e+01 1.008889377541555916e+02 8.923897878504045877e+01 1.057944136023318862e+02 1.146211213380439347e+02 1.261331640992061125e+02 1.219645482737156215e+02 1.136191379839445261e+02
5.560451660851804689e+01 5.250018744027759965e+01 4.670599962342131306e+01 5.237113790223227738e+01 3.203483015146767343e+01 5.237113791184227551e+01 6.562923424044895171e+01 5.565568742596994412e+01 3.554834100642262484e+01 4.878052636850457446e+01 4.961640778695539211e+01 3.059455484025912853e+01 5.080425510562506730e+01 3.313413512254219739e+01 3.408651478062609641e+01 5.430442530054884287e+01 4.395587245132715282e+01 6.284236393289804568e+01 6.881563257834439185e+01 6.062113494810909486e+01 4.223750985499446386e+01 4.340228205043307241e+01 4.456487475941074194e+01 4.573710432041668383e+01 4.756608199548924887e+01 6.730324340942776473e+01 7.801484627730006594e+01 8.634317405822854141e+01 9.453760258698075347e+01 1.039972834648790609e+02 1.122702933385574795e+02 1.089167183581591729e+02 1.172159741202443968e+02 1.208404832480054409e+02 1.242961503596419846e+02 1.120357501808631184e+02 9.388166643176359116e+01
6.402427735624817728e+01 7.229750137136073818e+01 6.648859428971898922e+01 5.258157451063713239e+01 4.670392165108937377e+01 4.891983025035317922e+01 6.347216100125469040e+01 4.354398535731457542e+01 5.565568742596994412e+01 6.385895124810106438e+01 5.462459635115613565e+01 3.514276749040853076e+01 3.179395234374531043e+01 5.198805097149570287e+01 5.238732321486558874e+01 5.412746856271883189e+01 6.284666007289634138e+01 5.710544682347669720e+01 7.672715176725525055e+01 7.033798122580874690e+01 5.223989902144951714e+01 6.329688951541580622e+01 5.091980166974062882e+01 6.283345534805496158e+01 4.786452460414770371e+01 6.758182156055860901e+01 7.783060908503918540e+01 8.576524163873159523e+01 9.393225885721969348e+01 1.081590989440171029e+02 1.023404364497564956e+02 1.024753677084371049e+02 1.010015803566464712e+02 1.010015803566464854e+02 1.142213064046491837e+02 9.640436679937576514e+01 8.435889039206023199e+01
5.557214174336886003e+01 5.874225968446735635e+01 6.725771357810003792e+01 7.259750688792061624e+01 6.677148375907850664e+01 6.321089154541378718e+01 6.944072868035252100e+01 4.964522915294275407e+01 6.944072868035252100e+01 6.365720456778570480e+01 4.345986167056248206e+01 5.462469470326257692e+01 5.200387505872731708e+01 3.454983062100459534e+01 5.461515172617588121e+01 6.556308339284831277e+01 8.193237349243646861e+01 7.673041793398388677e+01 8.512142909866278728e+01 7.963615606533706170e+01 6.591348157975008348e+01 7.816638203906215665e+01 5.759971852648943269e+01 7.434738452690260146e+01 6.758182156054493817e+01 4.998294513810684947e+01 6.967507091353368764e+01 6.620091928115139979e+01 8.576524142339012258e+01 8.854558530289905605e+01 8.283157823430805422e+01 8.298874175861074320e+01 8.154513263145302915e+01 1.010015803566464712e+02 1.006358212230961868e+02 8.677445045051538841e+01 7.717282909072611119e+01
