LEM/sinusoidal_perturbations/elevation_000979.asc
nrows	100
cellsize	150.0
xllcorner	0
ncols	100
yllcorner	0
NODATA_value	-9999
[rows 34 to 50 of 100, columns 0 to 36 of 100]
2.064481644892168701e-03 2.000206448164453832e+01 2.567310400670644199e+01 3.394982820206810459e+01 4.808008318149320814e+01 5.058972928209610131e+01 5.417237173254115845e+01 5.549357867834872593e+01 6.377483807816999217e+01 6.473626814277366748e+01 7.302385677877732917e+01 8.247313013171054763e+01 7.690678370124325625e+01 5.698485107990483556e+01 4.282814931298473482e+01 5.497972419039853520e+01 4.431227388103134501e+01 4.943208752581172405e+01 2.970173020096538963e+01 3.579744179841976859e+01 4.239526610900421133e+01 5.242502979214266645e+01 7.239304200527361388e+01 7.551114330730945312e+01 9.288677409212095881e+01 8.319060444406265731e+01 6.662918744749231337e+01 8.319060444404780696e+01 7.124471836825635762e+01 6.306754139042302398e+01 6.381549075232094737e+01 5.311540687961882412e+01 3.477660239595039116e+01 2.044961017842137352e+01 3.775251970820351488e+01 3.809358796523131474e+01 2.129051432844839553e+01
2.905961989428186391e-03 2.831332675012448785e+00 5.688470119132990277e+00 1.982172719972981056e+01 3.311583106533890941e+01 3.064566857852430104e+01 3.422583015138750540e+01 3.554646241538884510e+01 4.843422043612965666e+01 4.477041882088040126e+01 5.419140790787228923e+01 6.954136578839381855e+01 7.954957596666565678e+01 6.914198076563907591e+01 4.915520862859730755e+01 6.914198076563907591e+01 6.425510135342074136e+01 5.203944609100722829e+01 3.218239482094722348e+01 5.203944543011697021e+01 6.240902856553284295e+01 7.065075983005570492e+01 8.062062872868661145e+01 9.629935604029498109e+01 1.048741861254399481e+02 9.461629205518748620e+01 8.637762167697729865e+01 8.356623993795894023e+01 7.541341023625888340e+01 6.981479891999678955e+01 4.962433890320635044e+01 3.474455198114753074e+01 2.412722044392670639e+01 4.136649674122454456e+01 4.756847917136666126e+01 2.601662656837939025e+01 3.646899611745084968e+01
3.542675937824442140e-03 2.000354267593747082e+01 2.567336192611614720e+01 1.000153445141804376e+01 1.316328022710720269e+01 1.654237016374598923e+01 2.013072800244142968e+01 2.404496647864544201e+01 2.850176336057574744e+01 3.424855156686166424e+01 4.128719136114293065e+01 5.125680897919569645e+01 7.124434676714389525e+01 7.667362024146142119e+01 5.674677522383885275e+01 7.667362024146142119e+01 6.674555871402510832e+01 4.674145939853570297e+01 3.523120667573381581e+01 3.934110830100800626e+01 5.934316425131629558e+01 7.295512115506269879e+01 8.117948882955342071e+01 8.289210345605808072e+01 1.027114349004736908e+02 9.594393346247416332e+01 8.204630702278473109e+01 7.214921909494738372e+01 5.560036448969249534e+01 5.972977000060907216e+01 5.559817096046845819e+01 4.795437156574681836e+01 2.690134886161748540e+01 4.795437156574681836e+01 5.114926516531407685e+01 2.966691678844039615e+01 5.114926516531407685e+01
3.411803931810562015e-03 2.000341180393145635e+01 3.824118157777256499e+01 2.996927432130239310e+01 2.458226946609802965e+01 3.648714871420432360e+01 3.422583015138750540e+01 3.813320799609056166e+01 3.999952784644672477e+01 5.419140790787228212e+01 6.124948980123461695e+01 6.954136578839381855e+01 7.955567931717963859e+01 8.488754059979574151e+01 7.086678206387169610e+01 8.488754059979574151e+01 7.498204076523634853e+01 5.853441365352220771e+01 3.850505126837727943e+01 5.853441365352220771e+01 4.718303480203964284e+01 5.298724279871982645e+01 6.301813885406733107e+01 8.289210345605806651e+01 9.717319765952368016e+01 8.736055207103116516e+01 6.814868058309532728e+01 5.405311507210086575e+01 4.361808623042583122e+01 3.907179902597606258e+01 3.470411837868495297e+01 3.110563848766788553e+01 4.770375779407023487e+01 5.620286199206459088e+01 5.469915561137898408e+01 3.357860405608720100e+01 5.485595488997789460e+01
3.327314952832964925e-03 2.000332731495247884e+01 3.585034065599186448e+01 4.585034065599204212e+01 4.275010627568828880e+01 5.209880497584644132e+01 5.417237173254115845e+01 5.808552291125278089e+01 5.995622478674892619e+01 6.824143852027782486e+01 7.496304308107238512e+01 6.675918804933543527e+01 7.496304308107238512e+01 8.486597212175364291e+01 9.069256772430446745e+01 8.887770483606287542e+01 6.901227867023249019e+01 5.487190074269496876e+01 4.668530327233668231e+01 4.427727503888507954e+01 6.432035142778357795e+01 7.295512115506269879e+01 6.714014712694432774e+01 8.699371031859323011e+01 8.899946469105550761e+01 6.941884471151030311e+01 5.955108392058107825e+01 5.188079210550294107e+01 6.397434294101245911e+01 4.544956394414226963e+01 5.559817580568247308e+01 3.689750022516786743e+01 5.762294609370500353e+01 6.404555773169839483e+01 4.348337342302649944e+01 5.485595492629568781e+01 4.083512427683522361e+01
6.779948344387334673e-03 7.566069408528965035e+00 1.756606940852914178e+01 3.756606940852984877e+01 5.656366431699427011e+01 4.856906768546389230e+01 5.001146694569008133e+01 5.840344985561035429e+01 7.008460068160206902e+01 6.419483475663157890e+01 6.504056837058968199e+01 4.689804646533480792e+01 5.682861725733512515e+01 7.649414457276596124e+01 8.327902144222873915e+01 9.156180082823649968e+01 8.078353868467340249e+01 6.087926331717042672e+01 6.670909059770762894e+01 4.856927256090891376e+01 6.276441544734445444e+01 8.264893229208971093e+01 8.699371031859323011e+01 9.521883053216247106e+01 9.717319765952395016e+01 8.736055207103116516e+01 7.177910233827688558e+01 6.348147993644912646e+01 7.327334181692251036e+01 5.335995130755558336e+01 6.355893243747791388e+01 4.315884805179772599e+01 6.355893243747791388e+01 7.115391490636616822e+01 5.108609530540775268e+01 6.974644502719792172e+01 6.158959410910767218e+01
9.516927588586143695e-04 2.000095169275850182e+01 3.585034065599186448e+01 4.585034065599204212e+01 4.447240881731144668e+01 2.827197171192355896e+01 3.054765402769547222e+01 5.001106149466946249e+01 5.003724873284978969e+01 4.416699580578602280e+01 4.833401283615412325e+01 3.690700402818900017e+01 4.843872619837563320e+01 6.828942157744286590e+01 6.329148793679922136e+01 8.002049391942877321e+01 8.900696986395550425e+01 8.078353868467340249e+01 7.434981861653045598e+01 5.439187165284442926e+01 5.932185625711568377e+01 6.931865912076763436e+01 8.334403985224061273e+01 1.031344181915495852e+02 1.091718828488157413e+02 9.960172237362181136e+01 9.127468927532272858e+01 8.311386533018438172e+01 8.143056080195580648e+01 6.344051487355160646e+01 7.022635022756307421e+01 5.022409685730757190e+01 7.022635022756307421e+01 7.922994048285687541e+01 6.132137638165691840e+01 7.922994048285687541e+01 7.608202207497714653e+01
1.945935296826602993e-03 1.396657038398258166e+01 3.235964363138050714e+01 3.930789905458760103e+01 3.000100175475043329e+01 1.697354065919628852e+01 3.624822622459970489e+01 4.704953372588686733e+01 3.877678906774843171e+01 3.001695122605440957e+01 2.837460591711609581e+01 4.250905805140559579e+01 6.239669765978002403e+01 6.105679737685702690e+01 5.175424282163180578e+01 6.588457685542006459e+01 8.587355700569509054e+01 9.417960446628842419e+01 7.434981861653045598e+01 6.150040606059519632e+01 7.922958329317224013e+01 8.744790323893639084e+01 9.736311608659947581e+01 1.033692078125825731e+02 8.934028872235209917e+01 1.033692078125825731e+02 1.082636668355808069e+02 9.979927740756018295e+01 9.126964363165126315e+01 7.736114995632320301e+01 7.838620193734480779e+01 6.037755906013195784e+01 7.838620193734480779e+01 8.902445942146950131e+01 8.098645343107547490e+01 8.902445942146950131e+01 8.413430609596139220e+01
5.600688922766023682e-03 2.000560068892241006e+01 2.455191950100924458e+01 2.613026737499004426e+01 8.781039991448437831e+00 1.067931236835421416e+01 3.068079805156320461e+01 3.559351850912513981e+01 1.877023442767016448e+01 2.106485461183983077e+01 2.378835869222513466e+01 4.379418366771093929e+01 5.211805188193878280e+01 4.106915481867792295e+01 6.105679737685702690e+01 7.339974374704490856e+01 8.168124137886873370e+01 9.167595068622586041e+01 8.959167860833385078e+01 7.558082641014594572e+01 7.558082641014594572e+01 9.537155188597714073e+01 1.054427258571573702e+02 9.514882816025409795e+01 7.518535365068547094e+01 9.514882816025409795e+01 9.650201598192236929e+01 7.945362371134736179e+01 9.650201598192236929e+01 9.697587107292667952e+01 8.823545577605754886e+01 8.007514139499419059e+01 8.823545577605754886e+01 1.003456091858515151e+02 9.555472622559248919e+01 1.038450998882803873e+02 9.285661457396065543e+01
8.215197286175309616e-03 2.000821519728582132e+01 4.313820983510638030e+00 6.132000535485722992e+00 2.307462826942963119e+01 3.023994033938871695e+01 1.353626933778849306e+01 1.558802621796622745e+01 2.315037567748272807e+01 4.107173572417177354e+01 4.379418367333764905e+01 2.775409990379647240e+01 3.212376534780316462e+01 3.879234371303518714e+01 4.586147112815816484e+01 5.341647723681878546e+01 6.340664377734404411e+01 7.753612562331683478e+01 9.753221196889766986e+01 9.537155188597714073e+01 9.537155188597714073e+01 1.036025308065710959e+02 9.721389685597321773e+01 7.723828333388283340e+01 6.750494206413475240e+01 8.760334403781180868e+01 8.805270876921287027e+01 6.771477040255638258e+01 8.805270876921287027e+01 9.739339855935313039e+01 8.913364128999751301e+01 9.739339855935313039e+01 1.003456091858515151e+02 8.028699149638858046e+01 7.548560974698182235e+01 8.845922204176609682e+01 9.675522673474056035e+01
2.613274238814250559e-03 1.763515084964050184e+00 2.130381119985115390e+01 1.750893358781159748e+01 3.249821955207576707e+01 4.012285825798922190e+01 3.354152188556469838e+01 2.315020923715179535e+01 4.311546596721883873e+01 3.470350224211114210e+01 5.469826834311965769e+01 4.775494026080426124e+01 3.310503516377108468e+01 5.309838328363652948e+01 6.383586113176518495e+01 7.049696910855880105e+01 7.804973677272434429e+01 8.633168448761901459e+01 9.787424430428598043e+01 1.020266548055221989e+02 9.370515161288474815e+01 1.020266548055221989e+02 9.504221577373783703e+01 7.504758492497064992e+01 6.064317806821383527e+01 8.090387671325279939e+01 8.086216170200432884e+01 6.043749276722292763e+01 8.086216170200432884e+01 8.738470627934526647e+01 6.908454183125125780e+01 8.738470627934526647e+01 8.839151198251586550e+01 8.396781642299578152e+01 6.384866210606520553e+01 6.835946377604929580e+01 8.258568676724534896e+01
7.532853315450405325e-03 2.000724378771765544e+01 1.587848252429495410e+01 3.551115591777947600e+01 3.568629169005022561e+01 5.323599923548233903e+01 5.135518972984841213e+01 3.468773419512006484e+01 5.135551312365638665e+01 4.625005265422013423e+01 6.297859973250572807e+01 6.137799196170018234e+01 4.465099623785678062e+01 3.913673207175827429e+01 4.384981234854642196e+01 5.051364517817798117e+01 5.806699182309197482e+01 6.960086242789901689e+01 8.959111376113840208e+01 9.199369012680907076e+01 7.364914536662972466e+01 9.199369012680907076e+01 9.004355806154597985e+01 6.995485804127922336e+01 5.543708525345216742e+01 7.583870205199308145e+01 7.470389230892281773e+01 5.416441695980767435e+01 7.470389230892281773e+01 7.910909156062434988e+01 5.895093804417061278e+01 7.910909156062434988e+01 6.826434157238102785e+01 7.685462119529132963e+01 5.665305246634712688e+01 7.685462119529132963e+01 9.675522673475137481e+01
6.101047412966256744e-03 2.000610103017872277e+01 3.554887914562472417e+01 4.355350846110877683e+01 4.865776338245113664e+01 4.706357250533459791e+01 5.582606466158335223e+01 5.444688374170897305e+01 6.254215258584127213e+01 6.623874559080657320e+01 7.451959004414808874e+01 7.291791199760440634e+01 6.463772858377119235e+01 5.067847479410784928e+01 5.798230084327514788e+01 5.649061962968009709e+01 7.647525317001695555e+01 8.633168448761901459e+01 8.409265231296659238e+01 8.189864669509690032e+01 6.368150082780937282e+01 8.367714848975727193e+01 8.295820129828391032e+01 6.272535466961443262e+01 5.076158016305707577e+01 6.547419221529263211e+01 6.921448661888861409e+01 4.858778145612786403e+01 6.921448661888861409e+01 7.238970705513972348e+01 5.211983972682394040e+01 6.374660673296311586e+01 5.388746433244389067e+01 6.537160569759475948e+01 5.166357196335417967e+01 7.195502109709249794e+01 8.587903469303182646e+01
6.842009524227352091e-03 1.414897763325505231e+01 3.414897763325425473e+01 3.999679189483962460e+01 2.675372441885161123e+01 2.625675393605524732e+01 4.303004677232178921e+01 4.696796233720641567e+01 5.213382741665235187e+01 5.812739589376364080e+01 6.472506974168692295e+01 7.284455131140684614e+01 7.894418075790200362e+01 7.066341468010351434e+01 7.796760576840630108e+01 7.062002688637139158e+01 8.475673347894942822e+01 8.409265231296659238e+01 6.405163997845258450e+01 6.186007146348234187e+01 5.664426369425957830e+01 7.660649052127143932e+01 9.121326612893457764e+01 7.958312497678123520e+01 6.547419221529263211e+01 4.486157694764764159e+01 6.006105424988406583e+01 4.355845753035449519e+01 6.421177578979822442e+01 7.802812419715779413e+01 5.783100784523088578e+01 4.333770308050296904e+01 4.201843668622220207e+01 4.495919482479255436e+01 4.894380293197580301e+01 6.928697831595695789e+01 6.576351790880970327e+01
1.934550753332892102e-03 2.000193455075297777e+01 2.500236783438349519e+01 2.757448052655822934e+01 1.162915356500192843e+01 1.464581361668156845e+01 3.471188494523028112e+01 2.662867448575340035e+01 3.219677351738643267e+01 3.824897806126286071e+01 4.493204828820996255e+01 5.490397456989600045e+01 6.883043332364189837e+01 8.834516163654423337e+01 9.187783616438449030e+01 9.061101987475763053e+01 8.126541863739755911e+01 6.970245783133256623e+01 6.140328730205366270e+01 4.772483350789632084e+01 5.854593741894144898e+01 7.697797820371414446e+01 8.598353325459441976e+01 7.766802624647317543e+01 7.381881601404143112e+01 6.006105424988406583e+01 3.943693322512168464e+01 3.885205564434686920e+01 5.951770048710974237e+01 6.340762408778216042e+01 5.503087065610587558e+01 3.804798866888286568e+01 5.848555945403913370e+01 6.537160569755234008e+01 6.928697831595695789e+01 5.489887091353831039e+01 7.512683869810906856e+01
4.364784840791047053e-03 2.485059970010477848e+00 4.985066072546694649e+00 7.545843861954360854e+00 2.757448052640503633e+01 3.471188494518727197e+01 1.930278124571177756e+01 2.448154523976205255e+01 2.984718321631577354e+01 4.984598093904611460e+01 6.472506974168692295e+01 7.284455131140684614e+01 8.265657854437685614e+01 8.599920099842874777e+01 7.181590277955919532e+01 8.599920099842874777e+01 7.296066506951761710e+01 5.294271132651178391e+01 4.134981017719125873e+01 6.140328730205366270e+01 7.518427784573249539e+01 8.537854256589861279e+01 7.440839705068209753e+01 5.763035585179299147e+01 7.440839705068209753e+01 6.375733271948469394e+01 5.366644167464707493e+01 3.441641373395108161e+01 5.495420466220073052e+01 5.503067980137127080e+01 3.462098085591519947e+01 5.503087095586801780e+01 5.845206419727536229e+01 6.681728687734674565e+01 8.343945779049322198e+01 7.512683869810906856e+01 6.289300137215115427e+01
5.219006137575642711e-03 2.000521900613722082e+01 2.500236783443391175e+01 2.170455308687341045e+01 1.755449460362290282e+01 3.759447448645312306e+01 3.937966529314998354e+01 3.199572450091410047e+01 4.984592272870134622e+01 3.840754481579505608e+01 5.255097591653710509e+01 7.234694218131279797e+01 8.412054422448797197e+01 7.581348987060397349e+01 5.763260163641662359e+01 7.702889465268503955e+01 7.170813232322015551e+01 5.167690017225361743e+01 3.741151094723166892e+01 5.754399097279754471e+01 7.381292066692878961e+01 8.103840723786690603e+01 6.609927185017153306e+01 4.611290940655575810e+01 6.609927185017153306e+01 5.718998047089677783e+01 4.287446613604564760e+01 3.173251264440687791e+01 4.839907025985315414e+01 5.011531706342488235e+01 3.228416718187916956e+01 3.511832569297042284e+01 3.801426194633279465e+01 5.845206421956638820e+01 7.115541823494373830e+01 8.490585658731987451e+01 8.301545575923644549e+01
