LEM/sinusoidal_perturbations/elevation_000014.asc
nrows	100
cellsize	150.0
xllcorner	0
ncols	100
yllcorner	0
NODATA_value	-9999
[rows 68 to 84 of 100, columns 0 to 36 of 100]
5.009162696260268353e-03 4.593323840107515821e+00 9.307369048017873681e+00 1.447134684296114138e+01 2.024484953485750083e+01 2.691151620152986368e+01 3.691151625839520278e+01 5.691270938265169832e+01 5.696367359308135292e+01 3.708073017713552133e+01 3.876050256469444122e+01 1.901855277790305720e+01 3.450897584830062215e+01 4.281763239513413311e+01 5.083993269249450719e+01 3.388907217299678365e+01 1.355302828967887052e+01 2.829091526218238073e+01 2.394396274707461814e+01 5.395664355501939902e+00 2.367621025333288287e+01 1.927609552216556210e+01 3.707551185260903992e+01 4.746477373901407049e+01 2.846526047622020172e+01 2.648078692789638211e+01 2.651962495894523997e+01 1.145210054127721833e+01 1.119147320990298766e+01 1.113501540101721510e+01 1.163920616455064305e+01 3.105184836163747164e+01 3.185286354773278106e+01 1.445519776691223157e+01 1.520235780187818087e+01 3.328448497475609003e+01 1.730022226895480486e+01
4.695337527364121070e-03 2.000469533752700713e+01 2.930740305879647067e+01 3.447141444332771698e+01 4.024497777749362371e+01 4.691182524529973108e+01 5.520156093909611883e+01 6.520775880338482011e+01 5.706829942118439902e+01 3.708292042532169575e+01 2.568653553554306157e+01 2.002924513978759080e+01 1.478102936021474889e+01 3.090975973809623412e+01 3.790030806930264617e+01 3.034422954371631320e+01 2.550810139739875737e+01 5.478363775646177380e+00 5.129197955394507957e+00 5.337710016554786385e+00 1.145880589647942571e+01 2.692398695563156963e+01 4.030760135553274637e+01 5.519912257598234362e+01 4.674457393731989896e+01 3.809932555654428654e+01 2.108386152462794527e+01 1.230541445348889873e+01 2.955836141321072219e+01 1.083345216279028200e+01 1.109612600872563171e+01 2.343067855730376792e+01 3.830688676662727943e+01 3.890687110486547340e+01 3.326018415224289981e+01 1.625480191318084522e+01 3.046573099784116323e+01
7.614146464036155443e-03 8.172579955741367641e+00 1.817257995574192719e+01 3.231471558639320563e+01 5.231472066719747716e+01 6.537472889860703162e+01 5.717669010064847157e+01 6.537472889860715952e+01 6.552502732795547047e+01 5.383385588332811267e+01 4.548267645486512833e+01 3.976362974255049920e+01 3.090975973809623412e+01 1.114814352584890500e+01 2.743996346007162046e+01 2.183424265023123212e+01 2.174845188265899765e+01 4.845897190318368075e+00 2.281592147785444880e+01 2.364463402422064320e+01 5.643414107892627207e+00 6.788283414316362396e+00 3.154566365567909969e+01 4.903250435830761234e+01 5.250149906193743021e+01 3.647271043935268864e+01 3.706402941611869295e+01 3.117097288517654619e+01 2.923536369101743659e+01 1.057946559616400783e+01 2.333643094925825423e+01 2.107631964340640351e+01 3.172600918285856864e+01 5.181171009313249698e+01 4.366093881778261476e+01 3.557612030383920398e+01 3.702143489006959243e+01
2.352828262072654761e-03 2.000235282826171712e+01 3.645687072214192170e+01 4.645685910683408082e+01 5.696899146559880478e+01 5.521166047904311824e+01 3.662622863968402953e+01 5.521182963156037715e+01 5.778582320816920515e+01 5.620882984810186400e+01 6.411017443849551967e+01 5.421239623069632785e+01 3.913738508437567276e+01 2.743996346007042320e+01 7.501838135965812171e+00 4.606092046920126748e+00 4.589643681724587587e+00 2.370418532274276302e+01 3.051841687137913084e+01 2.900680536215813987e+01 5.868115010506925522e+00 6.628450667894052017e+00 1.766294321118177990e+01 3.769890907162953653e+01 5.812585603246326116e+01 4.905343730417316550e+01 3.560788075840721945e+01 3.425201439726931341e+01 2.808712037367851266e+01 1.033896254905094203e+01 2.938894502196380287e+01 4.554686436851474696e+01 5.025195078697692708e+01 5.873228860469414769e+01 6.083072693592916380e+01 4.625988481502793093e+01 2.769806201466999340e+01
6.786455232800275850e-03 1.155379361610019728e+01 2.569610693124099399e+01 4.570565078872006382e+01 3.635634495162626934e+01 3.635636122720000429e+01 2.583941245534044384e+01 4.689663819376021081e+01 3.649301678905319335e+01 3.622891472070416796e+01 5.620894556440673995e+01 4.608864916023421188e+01 2.666473848115341738e+01 2.899811503242285937e+01 1.295304306469374822e+01 4.345037219756717306e+00 8.741196801019913920e+00 2.488633539097090619e+01 3.744618760750257991e+01 2.096169938618707107e+01 6.109521456411941109e+00 1.327326227814244852e+01 2.067358486745174417e+01 4.190958376146431874e+01 5.668426166019368395e+01 4.073187729653565725e+01 2.937874308835055004e+01 1.978606981719277158e+01 2.579097387867110669e+01 1.009107384302464006e+01 3.213993320632692985e+01 4.936043241421509009e+01 6.070256473313273915e+01 6.745622979337021263e+01 4.720009178114229798e+01 3.390741422186677312e+01 4.625990065914866278e+01
3.257643153035955173e-03 1.789757890189153144e+01 3.188807656429648318e+01 3.639851170706582195e+01 2.848586070921291125e+01 1.454259192383202937e+01 3.625752922030721948e+01 3.189254791359551078e+01 2.151058161837019966e+01 4.223498857916020910e+01 4.628068805251152895e+01 3.795589847698747832e+01 2.985780307169459036e+01 1.229096677629019574e+01 4.079195834200482373e+00 1.451262806449175535e+01 2.956656662895575849e+01 4.159296179951871153e+01 3.915118738507499074e+01 2.580821611423472461e+01 6.376279422786443440e+00 1.549593265951746623e+01 3.255301765222575483e+01 4.974615571979379780e+01 4.949090584798559433e+01 4.167842852873511816e+01 3.585626086903570098e+01 2.804455608130095357e+01 9.752831142386735763e+00 9.904520130531464517e+00 1.764781506757393714e+01 2.794108264660680874e+01 5.173407203278577526e+01 6.953351890205281904e+01 4.916365606768827234e+01 3.946173501735104594e+01 5.824437435502328952e+01
1.880098487986705483e-03 1.322136250980942229e+00 2.374986581050521295e+01 2.491188733520246501e+01 1.018815894241337539e+01 8.536047858798445631e+00 2.608371228351645144e+01 1.141759865049769473e+01 3.071994205950736045e+01 3.103808412171626685e+01 3.259873455012774457e+01 1.607371927081610608e+01 2.204873576812647684e+01 3.794750999518936130e+00 8.741269924168374672e+00 2.522003289864447240e+01 2.962768494028034283e+01 4.555465857571170574e+01 3.208360473841130300e+01 1.879825031532313062e+01 6.662709575079428959e+00 1.755759398030546237e+01 3.283477226287197226e+01 4.395156188613360371e+01 3.724165083668654574e+01 2.174536819456947967e+01 2.839234241866508412e+01 9.403258414979204005e+00 2.384574214933201475e+01 1.637718029170708078e+01 3.801379802624367699e+01 4.936064764973760788e+01 6.176431930370735301e+01 7.815524101594745332e+01 6.489790482190423404e+01 4.549856692231586663e+01 6.489878122181892195e+01
2.900726248362994839e-03 1.377734436199353985e+00 4.545826743353312160e+00 5.189793917775854304e+00 8.565216593858139049e+00 4.185482538467381275e+00 4.444110665724025466e+00 1.421650128274568203e+01 2.138763078581941812e+01 1.464857382120837492e+01 2.008759211418264456e+01 3.841977259005914025e+00 3.492994096745947630e+00 2.024496513767980588e+01 2.788693390993956456e+01 1.640501706976629492e+01 3.572988520864758755e+01 5.171672487109812266e+01 3.084251703742950212e+01 7.256701392572888487e+00 6.947325621840104048e+00 2.057573604748741047e+01 2.520121425069844179e+01 2.962457364474263599e+01 1.819555738427352409e+01 9.403239445110793682e+00 9.048093680661729366e+00 2.775143860423548148e+01 3.480990484137505803e+01 4.059298720347936751e+01 5.259977841251289732e+01 6.452851575054877742e+01 6.428878690748467761e+01 8.269809191494628919e+01 7.386791146733754942e+01 5.474058064649012323e+01 7.407780862603857486e+01
5.081304048347549951e-03 2.272873704558316388e-01 4.499858449873710420e-01 6.746732403632432762e-01 9.045865489597303410e-01 1.141142233105896686e+00 5.180637856553852671e+00 9.775439053378576659e+00 8.805161334552073171e+00 1.286233931323292801e+01 1.429354575447039366e+01 1.573261076181422347e+01 3.272132033122261863e+00 2.554299808623674295e+01 4.228363051148277663e+01 2.995765381137218597e+01 2.667034545404875345e+01 4.624781847863413020e+01 4.277501210654601493e+01 2.889166481811825804e+01 1.195809822027779035e+01 7.316387987536018045e+00 1.208438339203033074e+01 1.536583311101138349e+01 1.669419459113873927e+01 1.887141272500783629e+01 8.796759611198613271e+00 3.176305377891504378e+01 4.278730476039891784e+01 4.806403123173905811e+01 3.790512284255964204e+01 4.511342574418237916e+01 5.876434317178939892e+01 7.662836414244624450e+01 8.313434888754348151e+01 7.624472956540945745e+01 8.576641183965951143e+01
4.469920835086939326e-03 1.425786615588683759e+01 1.983066647706711194e+01 3.906671367633678837e+00 1.133946645132272124e+01 1.193651655461264305e+01 1.483147920378854900e+00 1.723829102333937158e+00 1.959621377349388016e+00 2.189826491007826892e+00 2.416167239671033862e+00 4.520658541640760753e+00 3.049385374549983485e+00 2.973247743030174561e+01 4.229195514520010590e+01 4.961448638418613655e+01 4.057978015742340716e+01 4.386335821072346874e+01 6.080718501257199904e+01 4.594659771311799545e+01 3.083614770311838171e+01 7.354988377375359043e+00 7.682551932349523938e+00 7.935191024082961064e+00 8.186451779765910430e+00 8.439942356663534540e+00 8.887370417863902361e+00 3.530636368926293045e+01 2.316421442920023566e+01 2.846147868768110101e+01 3.966804816176395576e+01 5.982057769436700312e+01 7.239763840434144981e+01 7.331951640588881958e+01 7.684831062944330426e+01 8.468366849574893251e+01 9.302279413727785595e+01
2.324776005098761877e-03 2.000232469336344110e+01 2.705825653991819735e+01 7.137830494627183775e+00 2.488005846414392508e+01 2.897497450175805511e+01 2.847805156763760337e+01 2.121742092158265791e+01 2.570268770828988991e+01 1.024165282921513231e+01 2.562173354230650801e+01 2.733286296166118845e+00 1.344143850781281557e+01 1.309605979757531458e+01 3.407091098451652300e+01 5.318775197678784394e+01 6.055854353387000089e+01 6.168220463964070177e+01 5.232849574447609342e+01 4.417699786354251756e+01 2.848849381977347406e+01 8.393568249546252247e+00 2.787502007630527245e+01 3.154493838323205779e+01 2.411184718860066312e+01 2.813495594175549641e+01 1.408610825345871653e+01 1.607064435546010728e+01 3.668546410826872517e+01 3.930362400906017939e+01 5.630855706660329929e+01 6.833494979272825276e+01 6.847231721007162264e+01 5.471607496545965432e+01 5.835704150275821434e+01 6.885178153070295082e+01 8.729253560860922789e+01
8.699724428260374037e-03 1.999976196202081979e+01 3.557700478791443288e+01 2.728762581387723785e+01 1.182580438021536295e+01 3.205319397356318234e+01 4.542910699700405530e+01 4.554782767086841488e+01 4.115184067662082867e+01 2.043220269841148706e+01 3.743928401988949162e+01 2.729921813208241232e+01 1.046043197121295165e+01 3.197100923113576698e+01 2.465595023762600135e+01 3.904849054860977020e+01 5.971282432872344970e+01 5.714966131866246712e+01 4.419043388634238312e+01 2.435852681863471147e+01 2.894917037338487731e+01 9.056324009064748992e+00 2.890218803125114277e+01 4.337785579093843324e+01 4.281692984742383601e+01 3.898179093970800579e+01 1.966705919869006536e+01 3.668430087998560651e+01 4.503271258837067137e+01 5.927156128242455679e+01 6.754350018508462483e+01 6.381056093922305195e+01 4.969236476469924924e+01 6.847227929479758757e+01 7.684830239690630549e+01 6.430997679943625656e+01 7.709388242139934277e+01
2.249585233037712084e-03 1.414488250213745779e+01 3.416476822183970086e+01 4.012868556367585171e+01 3.205319397356318234e+01 1.680572512623769299e+01 3.713137726462681343e+01 5.101455839120872326e+01 5.068971795868715446e+01 3.620529042716939472e+01 5.068839630662434814e+01 3.790870527966382042e+01 1.650939218497723004e+01 3.790879042414506728e+01 3.900676590607766059e+01 5.349583081827247355e+01 6.519928016354788269e+01 4.897402755418378462e+01 2.778244090998711968e+01 2.931265597254299848e+01 1.007551360088769421e+01 2.916993429036455865e+01 1.615485041320688708e+01 3.609992202688581386e+01 5.096214369849620596e+01 4.768852416320024901e+01 3.364136574374447974e+01 3.185085618884186687e+01 5.238528277991305515e+01 6.730722114830645353e+01 5.930132562052000367e+01 4.482606896143277453e+01 6.381056093922305905e+01 7.148158971849967713e+01 7.954106674567542257e+01 8.258456851802264964e+01 7.089481127093874591e+01
2.739267172789772273e-04 2.000027392671692539e+01 3.649088821666317273e+01 4.810897019567488542e+01 3.713137732468551633e+01 3.713137732468551633e+01 2.247992570404091239e+01 4.274867282273675073e+01 5.750100351891341433e+01 5.686586545810571636e+01 5.258275741616547805e+01 3.183063458441468185e+01 2.634863312185952822e+01 4.646175575309624861e+01 5.937944643336815176e+01 5.931784252468328589e+01 4.529627503352961071e+01 4.311735052871378571e+01 3.186139863039649001e+01 1.111665397829399460e+01 2.814480521804691193e+01 3.641011106884749182e+01 3.609369475038610631e+01 2.408061751921621862e+01 3.408533932496334984e+01 4.536643648647083182e+01 5.522821427180345211e+01 4.635013462071710677e+01 6.106915095756989587e+01 5.930132562013962882e+01 4.008448411024134117e+01 4.301023443578691285e+01 4.746499327291706294e+01 5.216058386472149522e+01 7.148160261603673860e+01 8.746168050396647686e+01 8.890561054204682989e+01
8.327778614586212741e-03 8.173297706912199700e+00 1.972127996505273373e+01 3.978501939669499876e+01 5.723460749808308634e+01 5.101455839120873037e+01 3.426356636203266248e+01 2.915513271431026965e+01 4.926749878300360308e+01 6.528916092228654122e+01 6.109303213448897907e+01 5.258275741616547805e+01 3.860093696091076509e+01 5.576355052765828901e+01 6.506545747464876683e+01 4.528821575810235345e+01 3.139300506398585711e+01 2.005654034217798909e+01 1.218165030634213686e+01 2.867525146279341186e+01 2.331214322247686610e+01 3.510352727347159174e+01 4.979430313796571994e+01 3.825155050493089703e+01 3.839896001420328986e+01 5.872575867664537697e+01 6.362883260702037802e+01 6.829355295379522772e+01 6.992654370068538583e+01 5.057304288230618994e+01 3.685567820742289058e+01 5.624155203230302646e+01 6.679552999573719774e+01 7.148160261603673860e+01 6.002929166626213942e+01 7.368611472891826963e+01 9.313539261802783642e+01
6.510866554257996840e-03 2.000651086655390287e+01 3.649091163271988592e+01 4.335509943501071461e+01 5.163937068247291506e+01 6.257103342842589200e+01 5.433954718258908656e+01 4.081547024172793670e+01 3.710815597339630045e+01 5.709673142803575985e+01 7.458820038799153451e+01 6.760400241922766895e+01 5.909121662653915763e+01 6.201062109573849312e+01 5.380610615474267178e+01 4.747042149475815620e+01 3.970360712927523394e+01 2.006021962811369974e+01 1.294083368025382974e+01 3.267656488864201947e+01 4.152055859385767889e+01 4.858775047156508009e+01 5.822607341515249146e+01 5.809386877911146030e+01 5.881560594369022255e+01 6.711593400488794714e+01 8.109949197562616519e+01 7.183629075167138467e+01 6.376243674183429988e+01 5.380847380101062782e+01 3.433030498752559367e+01 5.380847380101062782e+01 7.073832987253834403e+01 8.746167959610377807e+01 7.368611472868587953e+01 7.223704969331123493e+01 8.596294290370762781e+01
8.953482861371391335e-03 2.000895348286101694e+01 3.180809405121764399e+01 2.335509943501001118e+01 3.749723505874145957e+01 5.749723505874216301e+01 6.901255693579132355e+01 6.081318448389723130e+01 5.709673142803575985e+01 4.654934191761287821e+01 5.808164639159647891e+01 7.792477145735580280e+01 6.781700095834736430e+01 4.800260350610687254e+01 3.377091336708466685e+01 2.749136721486177493e+01 2.226677398922892692e+01 1.807667870362913831e+01 1.370215601421661589e+01 3.349938983569565920e+01 4.267925201383059886e+01 4.430684092526210804e+01 5.286938456532153197e+01 6.265945857893289883e+01 5.459013546749834944e+01 6.281836210629137440e+01 6.797792481294001732e+01 5.980133055170718848e+01 4.440813471323595252e+01 4.812882319832089451e+01 3.185965814694169040e+01 4.318752460445245589e+01 6.266479133461709239e+01 7.826384578099764155e+01 9.313539180069821555e+01 9.167956393344833543e+01 9.978627840804888649e+01
