LEM/sinusoidal_perturbations/elevation_000236.asc
nrows	100
cellsize	150.0
xllcorner	0
ncols	100
yllcorner	0
NODATA_value	-9999
[rows 34 to 50 of 100, columns 0 to 36 of 100]
2.064481644892168701e-03 2.000206448164453832e+01 3.299412794899364343e+01 4.127839919645584388e+01 5.127839919645601441e+01 5.393201297692476004e+01 6.221239971089882914e+01 7.375536844181459628e+01 7.880707505125572254e+01 8.001744151566718699e+01 7.173385353835567457e+01 8.001744151566718699e+01 6.892441084360788750e+01 4.906434676567688769e+01 6.892441084360788750e+01 7.505614852277849991e+01 6.503167817719501897e+01 5.109049378297709154e+01 3.060017000097060702e+01 5.109049378297732602e+01 6.443303623400855429e+01 7.278172500465743155e+01 7.794732699857294733e+01 5.822825738272513973e+01 4.497024224048774954e+01 4.831942367352827006e+01 6.638880334053077092e+01 7.715487766290218019e+01 6.546884673022340451e+01 4.581732653690974644e+01 6.546884673049211756e+01 5.540146327571729046e+01 6.665691967481610902e+01 8.587849156494802116e+01 1.005524043183317247e+02 9.538901470703797258e+01 1.036242915028482940e+02
2.905961989428186391e-03 6.327461282326213521e+00 1.299412794899293822e+01 2.299412794899311407e+01 4.299412794899382106e+01 6.137875437572772341e+01 6.137875437572772341e+01 6.962753742693477932e+01 8.145976839189654584e+01 7.318207350912197739e+01 8.145976839189647478e+01 7.603762687993496172e+01 5.604798825030589171e+01 4.195462534977014712e+01 5.339687998873773012e+01 6.171293715685993675e+01 6.370603694494968749e+01 4.803389290156298586e+01 2.737569598863035836e+01 4.660991736032726607e+01 6.223967638221033383e+01 6.664206311525006754e+01 7.474462693033159155e+01 5.823488777906154468e+01 3.811684108256309855e+01 3.811684760360119384e+01 5.823172685907594115e+01 6.334298919074590373e+01 4.953110039400102238e+01 4.054730098121844861e+01 4.599975705812726545e+01 5.998379113657213679e+01 7.931356965880408438e+01 7.273340174523440282e+01 8.664290303178306374e+01 7.575959229633220104e+01 8.406013946440643281e+01
3.542675937824442140e-03 2.000354267593747082e+01 3.299412794899364343e+01 4.127839919645584388e+01 5.127839919645601441e+01 4.143998766059535654e+01 4.143998766059534944e+01 6.137875437572772341e+01 7.145870746227353720e+01 5.317249638231179887e+01 7.145870746227353720e+01 7.622378628595414796e+01 6.463161799025075993e+01 5.339687998873771591e+01 3.311252877599925881e+01 5.339687998828733129e+01 4.939322897519662092e+01 3.506001413634618302e+01 2.430083140097720928e+01 3.566372189421360872e+01 5.618037037157356650e+01 4.739404904028248211e+01 6.357880026352033553e+01 6.639506674826485266e+01 5.062767403633316121e+01 3.017066846897352406e+01 5.062767403635095320e+01 5.053507598188095784e+01 3.518066661981786325e+01 5.527023193765898412e+01 6.564535218689985641e+01 7.366217035445220063e+01 7.681593647819082094e+01 5.884804427762906442e+01 7.681593647819082094e+01 6.446495629777203362e+01 8.405544154540339719e+01
3.411803931810562015e-03 1.414554742766288520e+01 3.414554742766358686e+01 4.245400034280952895e+01 3.730896384632912088e+01 2.733801375854814708e+01 4.727991722296101074e+01 5.775605776749851117e+01 6.317728494571692721e+01 4.321425332772266614e+01 6.317728494571692721e+01 6.785791798987425238e+01 4.782888894877015673e+01 3.604419487368848962e+01 2.779634399580967852e+01 4.832579218549140165e+01 4.101945836854817884e+01 2.024305164359187614e+01 4.101875763331289448e+01 5.281154591179343782e+01 5.517791392823160379e+01 3.624424105112783678e+01 5.517791392823160379e+01 4.891923529649843516e+01 4.060541948378611465e+01 2.578894923777649595e+01 4.592328783670419057e+01 3.016996505254713412e+01 5.053507598188095784e+01 6.334298923487870070e+01 6.357107704199275844e+01 6.548382548538238268e+01 6.866418880513110423e+01 4.889814724631477816e+01 6.738859164250439449e+01 5.700411269848326867e+01 7.665007754709404253e+01
3.327314952832964925e-03 2.000332731495247884e+01 2.550515938684783634e+01 2.256340730612679835e+01 1.739008233169186113e+01 3.547620098340188122e+01 3.943791829413352445e+01 3.781621863031354280e+01 4.841770663754654436e+01 3.666925246042809050e+01 5.652294107305218773e+01 6.575251675741365887e+01 5.758647647145229342e+01 4.348695484245924092e+01 2.282965871531301261e+01 3.764418917342198512e+01 3.830951708369487818e+01 1.759605967169049734e+01 3.232928477653138088e+01 5.274707502579084917e+01 4.748654363576049064e+01 2.745181919295992756e+01 3.815323514066804478e+01 3.514186211877794364e+01 1.975222417623553994e+01 4.058569854407049604e+01 2.527738564310480385e+01 4.592328783670419057e+01 5.576078361124111638e+01 4.752262494753787081e+01 4.361310298852456668e+01 4.558997290139824088e+01 5.552631813028555996e+01 4.174936543635303110e+01 4.759948177627486388e+01 6.738859164250439449e+01 8.281611645328625571e+01
6.779948344387334673e-03 2.779341269445000151e+00 5.575381966644262555e+00 8.511757052265195966e+00 1.201641639492963520e+01 1.567742666546183905e+01 1.967607359958114088e+01 2.392236260908066114e+01 2.874986676155155152e+01 4.841770663754654436e+01 6.480142577912242530e+01 5.758647647145230053e+01 3.858513519417110160e+01 4.415049920264683436e+01 3.764418917342198512e+01 1.700937824283557021e+01 3.212930397744847966e+01 1.508996840544021900e+01 2.970173142182563453e+01 5.016500283598663401e+01 5.243902012900153409e+01 3.223586139855671462e+01 1.798769794248663345e+01 1.429287531140483480e+01 1.738017411585421357e+01 2.057718145455923064e+01 4.112728555797998808e+01 4.297558880491204292e+01 4.480117243386317938e+01 2.688194222327442873e+01 2.896109900649410562e+01 3.106148146493087836e+01 3.539382953074453297e+01 5.552631813161995211e+01 6.182550029051373741e+01 6.463153078816709751e+01 6.751633769558046083e+01
9.516927588586143695e-04 2.000095169275850182e+01 1.707325715573419700e+01 2.840193073953521363e+01 2.601986239574364390e+01 2.697056283448458203e+01 3.943791829413352445e+01 3.837023426170447493e+01 4.575935708897539911e+01 5.590118771940997533e+01 4.900454982037845042e+01 5.622822153214612939e+01 4.114966684116836859e+01 2.530667854982304021e+01 3.442527473300017959e+01 2.922374212519683923e+01 1.178868089270522468e+01 3.207725755780733579e+01 4.403797139063681954e+01 4.622834941745462345e+01 3.969126619756850261e+01 3.126452190718023871e+01 1.235098544535966170e+01 3.314610977491060595e+01 1.671163141381746087e+01 1.845119308992090268e+01 2.023034083529064731e+01 2.207771410301798909e+01 2.398121251321027358e+01 4.480073570964827212e+01 4.945858917766267382e+01 5.141674741934756554e+01 3.443643892236428883e+01 5.460421539474194930e+01 4.191486487056877053e+01 4.479048393002143769e+01 4.773972356226747138e+01
1.945935296826602993e-03 2.000194593529647236e+01 3.702335203677574071e+01 4.529347338546074297e+01 4.591229342833572957e+01 4.595327251682753911e+01 5.139387948414957918e+01 5.974245903042199046e+01 5.932005716349273428e+01 4.440681799675582653e+01 2.391178451896853474e+01 3.344072047497274980e+01 3.379378752651010842e+01 3.439692229456360906e+01 1.512416493786380123e+01 9.206156729564455077e+00 2.721106347309805074e+01 3.696875855536725197e+01 4.622738247166178382e+01 2.562826938678567501e+01 2.940581186283411341e+01 1.051305169166932352e+01 3.126452190765099814e+01 2.084365373279529621e+01 3.771876772828010616e+01 3.938210166620503827e+01 3.254289402411624366e+01 4.297558880491204292e+01 4.480117243386317938e+01 3.314604458173304380e+01 5.346530748192596150e+01 6.260845681942811325e+01 4.464389604004225731e+01 3.789247505280116712e+01 4.619069090747253625e+01 6.463152033163137844e+01 6.751633769558046083e+01
5.600688922766023682e-03 1.045010957086769032e+01 2.691295565862979799e+01 5.019503182278417341e+01 5.059108378567302822e+01 4.107408921700842797e+01 4.113517024253052057e+01 3.940428844622979909e+01 3.770140393016833968e+01 2.173670141835853897e+01 1.730261255840026990e+01 5.311794828174644323e+00 1.902439054207237135e+01 2.926206075153178787e+01 2.054947196840961965e+01 7.166950802129750997e+00 7.741800141956346692e+00 2.833813515135238958e+01 3.510147294906521864e+01 2.757502322698270802e+01 8.646129465799154090e+00 2.338728297190852246e+01 3.969126626333008545e+01 4.161859190213983339e+01 3.030300501504989796e+01 5.077309453331890410e+01 5.294051782907948933e+01 6.115939449912461612e+01 6.014221873794722484e+01 4.011155303186789212e+01 6.014221513180022072e+01 6.061265924555420526e+01 6.314998885861401590e+01 4.335561810226096924e+01 6.327010105096581327e+01 5.874956916854873867e+01 7.809918488558085414e+01
8.215197286175309616e-03 2.000821519728582132e+01 3.550332631129217731e+01 3.939632009823080239e+01 3.996942948670469775e+01 1.822728413974017414e+01 1.818830094245353735e+01 1.773546032700614461e+01 2.800426884272632311e+00 3.104824514935791147e+00 3.408954932237123536e+00 5.454423438526600165e+00 1.787889606058856629e+01 4.555812636697714524e+00 4.850782130087286426e+00 5.146255033778474264e+00 9.231186604577789723e+00 2.552232869566871187e+01 2.629704524201387628e+01 6.964953717735057559e+00 2.756216413157122247e+01 3.775201083754173936e+01 5.301552284675118187e+01 5.900801322107820823e+01 5.077309453331890410e+01 4.229436213517822551e+01 5.398360489049752431e+01 7.379114972087079138e+01 6.831593930389436764e+01 5.024704261452593101e+01 6.831593930389436764e+01 7.409186547933599343e+01 6.923887949748434778e+01 4.944268667219102298e+01 6.923887949748434778e+01 7.242005156033758340e+01 8.608596141076471042e+01
2.613274238814250559e-03 1.705095360615053224e+01 2.755483089076585301e+01 2.200500049737826558e+01 3.241792761950682689e+01 2.230509059979198838e+01 4.555178669536433134e+00 2.370132393382377245e+00 5.018663609808951875e+00 1.299668178159104137e+01 1.811345639932122609e+01 3.836443141504496168e+00 4.136334463489568236e+00 6.389347234549196841e+00 1.808388314975223921e+01 2.369333936321093148e+01 5.576782308160514567e+00 5.885976710275600432e+00 6.200330727155355603e+00 6.529657688522957137e+00 9.341697644962506430e+00 3.601927004598198323e+01 4.741257788147831320e+01 4.749308952587220745e+01 6.636648023483050451e+01 6.235525838106921981e+01 7.053890986938836249e+01 8.196038081205320225e+01 7.819814704672572248e+01 7.003739488597497598e+01 7.819814704672538141e+01 9.313523796595106319e+01 7.620074756435521124e+01 5.650962752168910441e+01 7.620074756435525387e+01 9.117613223679397549e+01 9.724237805549179825e+01
7.532853315450405325e-03 8.646183029671211884e+00 1.532606383209760814e+01 1.029229767705366427e+01 1.939899496241365995e+01 2.008123422798346525e+01 1.940548462776001237e+00 1.236223437171626394e+01 2.128706697895631095e+01 2.472282624171943155e+01 2.035563883038174993e+01 1.656686719921189521e+01 2.203217593142742459e+01 7.445268867177376571e+00 1.258627263920469730e+01 2.653431656515599357e+01 2.762383077525543840e+01 1.446281561438106067e+01 1.694762880089989920e+01 2.200173883851099177e+01 6.998610237023589420e+00 2.643573353373801282e+01 2.914089210007027830e+01 4.649256577678513480e+01 5.373919542570532570e+01 6.205528988319034056e+01 7.332264289902315113e+01 8.048072795538710977e+01 7.229657779765014425e+01 6.889418280102647429e+01 7.710343879910273301e+01 8.863378253006592900e+01 8.435955968614418055e+01 6.790421393288086449e+01 8.435955968614418055e+01 9.154037943076558292e+01 8.711429224982661879e+01
6.101047412966256744e-03 3.063187842396093985e-01 6.065703505211667013e-01 9.072627424860980616e-01 1.208159261687004493e+00 1.511766203879466586e+00 2.155970540752598552e+01 2.747247020939073181e+01 2.431969195225528679e+01 3.421601259146652296e+01 3.370375422095148821e+01 3.540840396708330928e+01 3.061994722765207655e+01 2.773169525893182907e+01 3.209840407159446585e+01 2.225181600485328559e+01 3.781786257901663362e+01 2.539759149942567973e+01 3.134539008976510743e+01 2.734705015563390162e+01 7.329507993689770906e+00 1.570901832049887226e+01 3.452087206276907239e+01 2.778428191080515930e+01 3.513064123332803490e+01 4.572337725819900101e+01 6.483667453788078205e+01 6.870571800918978056e+01 5.163796243422363830e+01 4.801261534639917272e+01 6.039032454099020697e+01 8.051066920048167219e+01 9.571237225049654285e+01 8.753406920001606295e+01 9.139692041440407877e+01 7.208941879632199345e+01 7.208941896733502119e+01
6.842009524227352091e-03 1.440761012488270687e+01 6.263208027258000854e+00 2.256860104696152902e+01 2.195973844012392817e+01 1.822503863452566542e+00 4.345366211555382385e+00 2.505850079073055525e+01 2.619683941683260286e+01 3.512142793793425000e+01 4.074263103921269646e+01 4.892170434326765616e+01 4.875501652703006528e+01 4.967863634638581516e+01 4.909458147324713906e+01 3.256332911145043596e+01 4.909644711786964422e+01 4.397144489315731875e+01 4.234475480978399986e+01 2.218483478316000301e+01 9.502777861336667797e+00 7.789466690391038561e+00 1.707878211847160443e+01 3.768512131873901438e+01 5.373919531278877315e+01 5.780132018307270414e+01 6.186896634674429407e+01 5.340532164128611470e+01 3.890483079230000385e+01 6.036932063963615036e+01 6.039032454025355889e+01 7.221246750725704544e+01 9.184616829926528681e+01 9.692104716427726885e+01 8.336050498257199592e+01 6.383841053221738093e+01 5.242797676569429655e+01
1.934550753332892102e-03 8.611024601321055627e+00 1.200992193169716593e+01 2.844823515782574219e+01 3.362298075094497563e+01 1.783303388041509763e+01 2.501460032617434948e+01 7.686626601386585378e+00 2.850441801716744550e+01 1.674163660957128386e+01 2.099731047099317749e+01 4.130042704486577065e+01 5.456125080542316397e+01 6.222528538186865887e+01 6.056323960295097919e+01 5.226618143501990943e+01 5.549615594980901534e+01 4.699877538923247045e+01 3.917853838719323534e+01 2.799367477200073040e+01 8.231674720540071988e+00 2.732419972876542502e+01 3.720000612812883389e+01 4.521992913219948917e+01 5.005037941910103427e+01 4.025760604241809659e+01 5.169071461138374701e+01 3.173821760099022171e+01 5.340532164128611470e+01 6.870571613911181430e+01 8.051065645432477424e+01 8.863342939444562774e+01 9.996162929803107033e+01 8.889112258892673424e+01 6.947580415836770840e+01 5.809976272537561215e+01 4.822512418188543393e+01
4.364784840791047053e-03 2.000318467389010380e+01 2.962598146222193307e+01 2.123741467688061491e+01 3.911494613544117982e+01 4.057659756442656374e+01 2.876715674655815747e+01 2.878146083060902782e+01 1.109260270462027620e+01 3.258836763260993763e+01 4.130042704486577065e+01 2.781485449111125874e+01 3.569665748437704167e+01 4.909125623126498539e+01 6.807450032578701382e+01 5.880976439200478723e+01 3.848611699537810438e+01 2.681993827116758666e+01 1.914293525050842248e+01 2.850092753905673604e+01 8.530992677125148305e+00 2.818413153043103847e+01 3.733609130858908998e+01 3.445387044635658214e+01 2.193669815121238642e+01 3.066130064454907256e+01 4.214365664056637684e+01 2.750730065997588980e+01 4.275565271557461955e+01 6.387711046730076703e+01 8.251283193391776649e+01 9.064340800721006985e+01 9.084094417037390201e+01 8.281958091780569475e+01 7.799544351527573838e+01 5.844276655562939027e+01 4.450747836360151410e+01
5.219006137575642711e-03 2.000521900613722082e+01 3.827994161863446010e+01 3.916774159429590441e+01 3.367129289651752799e+01 5.247810069627634988e+01 4.987209733062920947e+01 3.620437026608215092e+01 1.428804735687395322e+01 3.621206449685557516e+01 5.258970217619501142e+01 3.386263319942050032e+01 5.258969317201357541e+01 5.461977323360975589e+01 7.365471395165747026e+01 6.724011107299612888e+01 5.549351676114729059e+01 4.495518851154451312e+01 2.991016672926756925e+01 9.376001287009186669e+00 8.815584815814760944e+00 2.626703538655301529e+01 2.489525254209114991e+01 1.499928717365830622e+01 1.748420132125869131e+01 1.989098955886330344e+01 2.236117653087879376e+01 4.316707482493256975e+01 5.746936436426013728e+01 6.832360370036161612e+01 6.244623292641541923e+01 8.251283193391776649e+01 8.281958091780569475e+01 6.337511281745048564e+01 6.907026566747903473e+01 6.088945045475919216e+01 4.123078020155801227e+01
