LEM/sinusoidal_perturbations/elevation_000860.asc
nrows	100
cellsize	150.0
xllcorner	0
ncols	100
yllcorner	0
NODATA_value	-9999
[rows 17 to 33 of 100, columns 37 to 73 of 100]
5.805675698065290646e+01 7.522348478824322626e+01 7.132403211203286730e+01 5.134124447927537460e+01 7.132403211203286730e+01 6.506727956781413980e+01 6.506727956781413980e+01 4.849946862016550142e+01 5.294296681549428740e+01 5.868614338223295590e+01 6.482823696899438914e+01 7.618973987454349128e+01 9.530474656973024139e+01 1.075081385538467913e+02 9.936727941912984363e+01 9.936727941912984363e+01 1.010692124765661930e+02 8.021201216562089087e+01 7.239563489031971244e+01 5.266248257679647082e+01 5.504202097877087851e+01 7.460411356446687137e+01 8.696409753414189936e+01 8.407580477362765237e+01 9.218829962171221837e+01 1.034774346903370628e+02 1.197796780178211122e+02 1.117383808260363480e+02 1.106227687684390304e+02 1.049881343018060988e+02 1.004740266865440930e+02 9.763765289123280411e+01 7.815309448028455108e+01 7.721130800236240077e+01 6.921598478104785102e+01 5.068165312737686889e+01 6.865835209748742329e+01
4.616397879633434798e+01 5.643292046895861347e+01 6.448211538820554267e+01 4.597752422438345121e+01 5.938946349729852869e+01 6.166468288142667831e+01 4.479397003378379338e+01 6.351918935783157139e+01 7.217892889415089996e+01 6.383554134040659989e+01 7.749916204816368293e+01 9.212000984068612297e+01 1.032395617352898824e+02 9.936727941912984363e+01 8.008650107659693163e+01 8.008650107659693163e+01 9.379731981522185436e+01 8.125063223388350764e+01 5.931533761413407291e+01 5.039209362507481416e+01 6.697723164403173257e+01 7.261293087194032125e+01 7.272223928806171500e+01 6.448714522806585592e+01 7.582481413484664756e+01 9.534686759258998734e+01 1.117383808260363480e+02 9.264580045803629105e+01 9.144583166672384777e+01 8.583642624951187372e+01 8.121480489310044959e+01 9.484218947330268179e+01 7.815495161083447329e+01 5.837364672120432374e+01 4.952314136188658011e+01 6.812641640135475996e+01 6.859648416412821348e+01
5.642879973162990126e+01 3.569395500326946546e+01 5.637147663755096261e+01 4.078395845594634039e+01 3.899018655812957235e+01 4.131450205488341965e+01 6.166468288142667831e+01 6.200465393430026495e+01 8.243336625791614836e+01 7.518791246158653507e+01 9.112236405055047328e+01 1.029630384968840957e+02 1.107319741762198220e+02 9.863817764301792579e+01 7.927371998516183282e+01 6.635373934234107196e+01 8.573371030657017400e+01 8.917627757589160353e+01 7.863108893698196766e+01 6.754112365516395755e+01 4.783391267538838321e+01 6.501656949479306036e+01 5.319208773503472543e+01 6.233812446581944755e+01 7.336180647422415291e+01 9.281683034525369180e+01 1.092483281425033681e+02 9.017768601654364602e+01 7.902705204098741376e+01 7.197156219734284832e+01 6.712567866495996327e+01 8.090687644509860377e+01 8.622112060759789642e+01 7.646519199189701510e+01 6.490599048681711736e+01 4.836657391511119641e+01 6.696308230109629278e+01
4.190297884334121647e+01 2.958100058557888445e+01 5.059538538032945354e+01 3.569965880223970345e+01 5.620385565871744404e+01 6.166468288141578569e+01 5.435006124886769641e+01 7.425138549687443401e+01 9.118774062694659222e+01 9.442049896937035669e+01 1.025657205859800882e+02 1.046840495764641332e+02 9.028466991014366272e+01 9.294035330496357972e+01 7.361281511212266082e+01 5.977024043040896828e+01 7.927371998516122176e+01 8.173722060387108002e+01 7.314537377715805633e+01 7.084793058286626888e+01 6.271686924133760499e+01 4.530904704952897788e+01 5.112651733246097052e+01 7.141996256233177576e+01 8.959171842562994925e+01 1.009379359022694729e+02 1.172752895478571986e+02 1.049881342980146854e+02 8.583642624951176003e+01 9.144583166672384777e+01 7.520718128732941921e+01 6.082261069012310628e+01 7.544077145284720132e+01 8.308467946195696641e+01 7.556772805522504655e+01 6.696301978264222043e+01 4.720520306595931004e+01
2.671221313573359524e+01 4.756505404026707140e+01 3.268688798040583521e+01 5.337470057116023980e+01 5.033621273021604736e+01 7.036959879587081446e+01 7.425138549687427769e+01 7.425138549687443401e+01 9.358899311576129776e+01 9.050505155526431622e+01 9.864936640648181765e+01 9.451392142543605246e+01 7.591858322607156140e+01 8.795000440205471648e+01 6.855822150737296283e+01 5.466273200292233980e+01 6.771287281293530214e+01 7.385058805350108457e+01 5.461720499654445860e+01 6.044684562141238615e+01 4.299402564064097021e+01 6.251648649398037350e+01 7.141328467342846409e+01 6.132246433138817565e+01 7.526209137951508410e+01 9.521856845182934137e+01 1.176158527402877780e+02 1.129962075370343086e+02 1.049881342981676227e+02 1.026588536789055013e+02 8.893301738639128473e+01 7.544077145284720132e+01 5.518279647404716570e+01 7.044324009932472563e+01 7.853470882655399521e+01 7.291163109587355962e+01 6.492187307112878614e+01
2.939382512980064632e+01 4.965898926388488377e+01 4.871121881310565271e+01 5.729161429810748984e+01 7.036959879587314504e+01 7.840890185734734530e+01 7.423392169237384053e+01 8.208004803518132064e+01 8.735878849909509825e+01 7.099321164337075629e+01 8.735878849091361076e+01 8.609606494915480823e+01 6.581916098737764287e+01 8.609606494934449472e+01 7.897355607286885970e+01 5.946948053826951508e+01 4.807449120223525796e+01 6.192183001212718096e+01 5.828296546999564498e+01 4.067218953092349665e+01 4.698080311888310945e+01 6.661281099128424898e+01 8.504609093133177566e+01 8.302255475579298150e+01 7.813993954008324749e+01 9.463503193104807565e+01 1.089977317008258524e+02 1.021138553734012646e+02 9.403369054142150674e+01 9.403369054142150674e+01 9.502257725047410020e+01 7.544077145284720132e+01 7.044324009932472563e+01 5.042357370544094408e+01 6.589965376970198463e+01 6.383929951522920021e+01 4.515217333081802309e+01
3.521608632466113420e+01 4.450207143723326908e+01 3.120012711342241474e+01 4.696075070866402257e+01 5.760213356564783993e+01 7.174171884723598680e+01 5.675641673179325153e+01 7.174171884723598680e+01 7.923984044804331006e+01 5.983122164978856006e+01 7.923984044804331006e+01 7.892709680271558170e+01 5.867200032740150561e+01 7.892709680268069405e+01 8.703899419072827470e+01 7.322211797277837775e+01 5.364944508413424984e+01 4.221055521955638312e+01 3.840871827959581708e+01 5.828296546999564498e+01 6.661308561265295225e+01 5.752938394081022011e+01 6.887093531504183375e+01 8.836794409908188186e+01 9.798038038014252038e+01 8.663586414316971229e+01 9.974505016751429309e+01 9.403369054142150674e+01 7.451169202418093107e+01 7.451169202418093107e+01 8.831277369879116179e+01 9.017525608924920277e+01 7.044213106260734492e+01 6.590084868114094263e+01 4.632170557450238135e+01 4.426838331972351881e+01 5.220682060219481002e+01
2.392770932193361944e+01 2.427339376728388487e+01 2.461804962840044197e+01 2.773100562234571242e+01 4.889938492026280414e+01 6.414306621624565707e+01 4.761090761549553463e+01 6.414287826197893594e+01 6.360943827735377454e+01 5.277095099394222188e+01 7.237764764732580147e+01 7.281995532037583985e+01 5.256191761786342909e+01 6.505899157214450668e+01 7.342608029985346718e+01 8.129035336552807678e+01 6.888746501462171068e+01 5.462418401322211281e+01 3.690339025326994005e+01 5.110871573115502287e+01 7.077140287796260054e+01 7.711134211359996016e+01 8.525636691711076764e+01 9.656051194312763641e+01 9.252618605881136205e+01 7.540234916952948652e+01 9.252618605881136205e+01 9.444293405229819882e+01 7.454276580732293667e+01 6.032099687892143436e+01 7.173017502651173061e+01 7.984194196055388204e+01 7.042138657980454752e+01 6.231042847253582551e+01 4.338565790766300978e+01 5.003153155048774181e+01 6.964678726851148838e+01
4.422980938377298088e+01 4.388188998342396729e+01 4.441572373592551060e+01 2.510637606685203238e+01 4.534328054835442856e+01 5.314425522782805444e+01 4.179945498148359206e+01 5.828833192181058109e+01 4.290817180983935941e+01 6.360925074459382245e+01 7.391646892473690400e+01 7.568344369206097610e+01 6.505899152692043685e+01 4.486981994994668810e+01 6.505899157214349771e+01 7.531371968410840623e+01 6.682455173229185164e+01 5.546661525040628504e+01 3.543953232121832286e+01 4.560166893025768076e+01 5.959475006607828362e+01 7.918144981363570878e+01 8.328047987126673490e+01 9.133498634003517225e+01 8.598125262685286430e+01 6.834602765691623460e+01 7.997108703702379273e+01 9.789269010208300870e+01 8.831277369879116179e+01 7.173017502651173061e+01 5.166975153461574166e+01 6.463198110314398548e+01 6.146862762490311383e+01 4.252321686503969289e+01 6.221850729910243416e+01 6.967015987763785745e+01 6.145311634903894316e+01
5.347588042925751495e+01 4.880402457148058204e+01 2.876792907752395934e+01 2.545263812793105984e+01 4.556256073151522656e+01 3.372553381275807993e+01 4.593161921119565250e+01 5.438444248847303442e+01 3.600936137855390484e+01 5.442391207590281965e+01 5.505860306056715814e+01 6.711042750202800278e+01 6.022600582668261637e+01 4.021510750419050595e+01 6.038158492376303599e+01 6.680813491573880469e+01 4.644290723432401791e+01 5.220428883330194481e+01 3.412804111252531669e+01 5.408145129265378159e+01 7.344665049378718891e+01 8.008431604288176686e+01 6.377658484772242531e+01 8.008431604288176686e+01 8.006033747297803416e+01 6.200563979357150401e+01 7.473749438156278302e+01 9.291081745465672270e+01 9.071207628608725315e+01 7.984237219954448506e+01 6.463198197818879009e+01 4.541935489312292162e+01 4.166140900194955776e+01 6.143022332715454326e+01 5.507091600085546901e+01 6.910338834695686216e+01 8.090394483661117420e+01
4.170604121822086796e+01 4.771899024725551897e+01 2.765003279160228189e+01 3.972457224877511806e+01 2.595848812988320731e+01 4.014691504991964877e+01 4.034852109709405710e+01 4.523507651950539810e+01 3.084318951662046615e+01 3.815035500722737538e+01 5.254471204218233993e+01 5.287237104944164656e+01 5.424707177806522651e+01 3.597857400571365361e+01 5.033674278525077028e+01 5.079483327224005507e+01 5.106003649757920471e+01 3.251716983563988350e+01 5.134209112882526682e+01 6.116299983340027069e+01 5.943430846556689318e+01 6.153343445485373309e+01 5.241022946881257383e+01 7.201990082917724578e+01 7.538825819306794074e+01 5.710280192371018160e+01 7.001716532226441814e+01 8.835522629090591806e+01 8.263049573604548925e+01 6.299942567376292857e+01 6.644532058247055772e+01 6.003085558696125901e+01 4.105419912684624961e+01 6.087208044910554605e+01 7.488595171772379899e+01 8.306346928802082630e+01 9.694677639244096667e+01
4.159390047270142787e+01 2.989368138642182515e+01 4.773884579259041061e+01 5.101999267200513799e+01 2.923136319724788379e+01 2.646914400208222418e+01 2.683173828623921153e+01 2.719559711564948046e+01 2.816653201976120258e+01 4.206382166574308457e+01 4.317681641473361509e+01 4.775506194962110129e+01 3.530988938171975633e+01 3.626528712287330336e+01 3.016417834825611166e+01 3.056853023312840634e+01 3.097302492544246277e+01 3.138358869782928906e+01 5.095006847664446781e+01 5.248397148639688226e+01 4.191316153070416561e+01 4.184666091516476882e+01 6.153771114757842753e+01 7.321224085468112719e+01 6.549483176550197072e+01 5.277087532120069824e+01 7.118639107050069015e+01 7.922005706742694997e+01 8.468321022024450428e+01 6.660170310980599595e+01 4.753694332867782890e+01 4.019126768983136344e+01 5.088252377184583963e+01 5.461269098939923339e+01 6.837087637349638669e+01 8.768803321625642866e+01 9.450357101287420392e+01
3.222833685370098777e+01 4.997386215872047188e+01 5.808878156507404356e+01 6.369895172048376253e+01 4.640397119294154038e+01 5.022289261492696255e+01 4.665084914731377808e+01 3.073783717490377043e+01 2.768332123377109255e+01 2.831110124900671465e+01 2.834676370265113832e+01 2.876933401561525727e+01 2.917917534485551911e+01 2.959327915682342791e+01 4.788966237993581387e+01 4.575123933739283899e+01 5.099312820477430819e+01 4.325077710091817096e+01 3.199191348769479504e+01 3.241895352581575906e+01 3.284407010161519480e+01 5.292761536429171088e+01 6.157641141972416676e+01 6.492175273188439633e+01 4.698416612562373018e+01 6.074941649122512644e+01 6.926596531287958669e+01 5.972018672170293030e+01 6.538837615184324648e+01 7.253381979763656773e+01 5.981547118195341284e+01 3.957515500422224619e+01 5.115614753164453532e+01 6.884619425005917037e+01 8.200040720241604220e+01 9.158571864523278805e+01 8.351001712869280880e+01
3.390822280034949898e+01 4.813586103356982449e+01 6.807796591608064318e+01 7.682311319081513545e+01 6.534944174703599629e+01 4.635980894544459119e+01 3.877960528535867013e+01 3.459806424390591673e+01 5.367263608215942838e+01 2.789295175623177414e+01 4.933433168180575734e+01 3.909353021140025675e+01 4.911776887538130865e+01 3.018307918827284198e+01 5.007935352077507218e+01 6.598074265608252631e+01 6.324875741126254525e+01 4.363774340467296042e+01 5.223425978315339790e+01 5.249662473980085764e+01 5.170259765926490303e+01 3.344844614327359977e+01 5.351883201541703272e+01 5.336956612721439086e+01 5.687074448239662416e+01 4.162017611260229444e+01 5.715425307347595663e+01 4.573737420515448093e+01 5.710102867589800013e+01 5.613253911170915700e+01 5.797372314960782091e+01 3.895264941869284314e+01 5.861715835866756663e+01 7.575071919060721370e+01 7.930215747936148318e+01 8.028145373058602274e+01 6.389589039975361828e+01
3.569901055953640423e+01 4.981642113442509157e+01 6.916222969345783156e+01 7.695306147706617139e+01 5.856879716894886911e+01 5.827205719089212010e+01 5.371518880119656103e+01 5.422201911014959563e+01 4.014851423943392206e+01 5.974605966894549169e+01 5.909639887127806901e+01 5.924475120244123616e+01 5.101856025576101672e+01 3.089794296588052802e+01 5.096044312318922920e+01 6.039578499625074670e+01 7.090747036316757601e+01 5.776974320620070813e+01 7.153247909166012164e+01 6.393064643728271079e+01 4.408952427377892036e+01 4.026253148697102802e+01 3.405882797364897385e+01 3.449435490022334960e+01 4.273599642472125026e+01 5.248955855693093753e+01 3.620619913790064714e+01 3.666442027190619513e+01 3.713047978250977366e+01 3.759701326739813965e+01 3.806256634650157622e+01 5.744962185366073726e+01 6.665633117106271754e+01 7.213423516141304503e+01 5.961000556032418984e+01 6.806419831198792281e+01 5.241930088210167327e+01
3.751001730561980452e+01 5.728804182469153261e+01 7.481762591755689584e+01 8.444869474165423640e+01 7.165691223599171167e+01 7.702045534986343966e+01 7.549204810634105911e+01 6.411613934003655402e+01 4.485808393890253853e+01 6.411613934003655402e+01 7.954676990248528057e+01 7.035152587504273924e+01 5.095989731952239765e+01 5.080257898976545050e+01 3.220423018520099134e+01 4.663712062269370051e+01 6.697256746068046596e+01 7.785756812152817474e+01 7.790713155458584538e+01 5.818059767543652328e+01 6.387712765247032110e+01 5.729766816299211740e+01 4.167616040127701638e+01 4.950123692080113358e+01 3.511890357062307544e+01 3.556615968262379113e+01 4.575932229245834293e+01 3.952970300431258721e+01 5.710178199082287875e+01 5.250826376515315275e+01 4.484027561406816176e+01 3.901322385354187361e+01 5.885321646507019722e+01 6.084917106497490380e+01 4.537704123638918219e+01 4.814171292324193985e+01 5.975103334097928354e+01
3.933092924932012835e+01 4.745485236346225122e+01 6.135260762582492333e+01 8.128276943283134415e+01 8.954380885070287377e+01 8.462124092323566060e+01 6.566496803089161460e+01 5.228447836996394926e+01 5.608852545771566156e+01 7.211680596707239488e+01 8.393114175805533250e+01 6.448091800344442959e+01 5.427477543811710348e+01 3.362148433129278402e+01 5.095449793755457790e+01 5.924569205298442398e+01 6.633346479004387675e+01 7.497341932019810429e+01 8.616356231275321420e+01 7.792767210664094080e+01 7.224399980087427764e+01 5.352272661250841423e+01 5.953829602218068118e+01 5.895352957177004072e+01 4.094612008862675623e+01 5.582792826369541217e+01 5.888847828249287630e+01 4.230090997890299320e+01 6.117268907519899557e+01 6.818266760718258013e+01 5.696489030920177044e+01 5.886191873851688428e+01 3.994928661188136942e+01 4.203885550437662744e+01 6.183708106579576480e+01 5.975094473972170306e+01 7.614217241493179245e+01
