LEM/sinusoidal_perturbations/elevation_000935.asc
nrows	100
cellsize	150.0
xllcorner	0
ncols	100
yllcorner	0
NODATA_value	-9999
[rows 68 to 84 of 100, columns 0 to 36 of 100]
5.009162696260268353e-03 2.000500916269590590e+01 3.414777911969287771e+01 4.270985609860755972e+01 5.353746594947288884e+01 5.861706034938427479e+01 5.033798493126376883e+01 3.598420189099700650e+01 5.272403904252466589e+01 6.427725157515754972e+01 5.836115600680421522e+01 4.059129457171215449e+01 5.836115600680421522e+01 4.899383614059977532e+01 2.881634755478614807e+01 1.749303336224341976e+01 3.220628472239570073e+01 2.455112578469904960e+01 1.345769025523917328e+01 8.724450598793577427e+00 2.810097847586872888e+01 3.056951120853532800e+01 1.419896324870756210e+01 2.774545113587945622e+01 4.500581555018559499e+01 4.499920386528501126e+01 2.970950948028438532e+01 4.970487712681530468e+01 5.493910818794672224e+01 5.724137606104132914e+01 7.709153296191516347e+01 8.420485236585730604e+01 9.249153367613904209e+01 8.660385223651634590e+01 7.510970266864940470e+01 6.690680075962245610e+01 5.367828561931365527e+01
4.695337527364121070e-03 9.819420175543822182e+00 2.043013388780489947e+01 3.239101966243420350e+01 4.953535186633354215e+01 4.706683799312115468e+01 3.032490145758372790e+01 2.443217330031576395e+01 3.598422717182965869e+01 5.599862382884520429e+01 6.807921732958587313e+01 5.411796408566963379e+01 6.598339527216654687e+01 4.568152471648102875e+01 3.142799138754806876e+01 2.165886641369521470e+01 4.174211152599847452e+01 4.355307831068462576e+01 3.408961570189044465e+01 1.564688416222832146e+01 9.219467132440799517e+00 1.132365247773535444e+01 3.049754875022383516e+01 4.106638281134628699e+01 5.594748538481207589e+01 5.795198734297502341e+01 4.126826022153103679e+01 5.795198734473967761e+01 7.481330631944913989e+01 7.709153296191516347e+01 8.534919518483674494e+01 8.273745138994473791e+01 9.095824150783747086e+01 7.846030210702184604e+01 5.844905076801065036e+01 4.658350367047641782e+01 6.690680075962245610e+01
7.614146464036155443e-03 1.414974977019486069e+01 3.414974977019414837e+01 4.044681810824730661e+01 4.145292965190672163e+01 3.378147774041433138e+01 1.877510669736219384e+01 3.878342583376949904e+01 3.129349258502120179e+01 5.130819383455195037e+01 6.714632111112463519e+01 7.363108152781903470e+01 7.339408293964292795e+01 6.001640008706171869e+01 4.640098617154948357e+01 2.617101740525402320e+01 4.640098617154948357e+01 5.393989739578516662e+01 3.354046420350466207e+01 2.140901323335361894e+01 2.857326322777273830e+01 9.721745696219667110e+00 1.621887060376455736e+01 3.444887492415672625e+01 5.318058331903939262e+01 6.110934950326385007e+01 6.091041215280839793e+01 6.901091299945576907e+01 7.714205872196387759e+01 6.890110147017412601e+01 7.714205872196387759e+01 6.279420024950692891e+01 7.946031981157035773e+01 7.437552253316016504e+01 5.425394636043314733e+01 4.234144722781284287e+01 5.739659030294658493e+01
2.352828262072654761e-03 2.000235282826171712e+01 2.489025883021771079e+01 2.101024885976806900e+01 2.841225580013106367e+01 1.377508332614780073e+01 3.378147774041433138e+01 4.706684145919302154e+01 5.130819383455195037e+01 3.885723221444581554e+01 5.887371067250333567e+01 7.657134870289613104e+01 6.494628095559720293e+01 4.448904478588312372e+01 3.436224914212173331e+01 3.785672617338825319e+01 5.483561622738600505e+01 5.870781560747573025e+01 3.999654154453665456e+01 3.986651340276770128e+01 3.638044844159086466e+01 2.778946183764405475e+01 1.022330114281334090e+01 2.393255669336120661e+01 4.285860050601186799e+01 3.922379817843983574e+01 6.136524983392433086e+01 7.894322709331217425e+01 6.713486734382263421e+01 4.883744718550276076e+01 5.965143470236440493e+01 5.118030726866238211e+01 7.122320997549661570e+01 8.254005739102278483e+01 7.099230091251273222e+01 5.739659030294286168e+01 3.679459422152408621e+01
6.786455232800275850e-03 2.000360943088471899e+01 4.890008989101187531e+00 6.952851481618818497e+00 9.061036588397911373e+00 2.906559708289257671e+01 4.135427375414447226e+01 5.290692661616691339e+01 6.714632111342658050e+01 5.887371067250333567e+01 4.829604142726251581e+01 6.830693442251211422e+01 7.339423740125873508e+01 6.256521268858896434e+01 4.200704720472960219e+01 5.881608678662652778e+01 6.677751979884516231e+01 5.390599517041544431e+01 4.542320315432226607e+01 3.880337080336400390e+01 4.360792896238411487e+01 2.970505003738136196e+01 1.057689157084569054e+01 2.906993495763061475e+01 2.257628923853679126e+01 3.670830728091070227e+01 5.791192560704217840e+01 6.677036144652032590e+01 5.065019748673557842e+01 3.873672989414147594e+01 3.952405639410996940e+01 5.378722347912154333e+01 7.380889297013780492e+01 7.963493862325002226e+01 7.142464616337449002e+01 6.567197135366848215e+01 5.739659030285564967e+01
3.257643153035955173e-03 2.003257643153039780e+00 1.614536478762481764e+01 2.695240948405916370e+01 2.906559708289257671e+01 1.306103659832937147e+01 2.460882192867100215e+01 4.462046433323489225e+01 5.727372199928925767e+01 7.657135140048382027e+01 6.830693442251211422e+01 6.245306554205298255e+01 8.243940647814287104e+01 7.116048518529679257e+01 5.382141921196367207e+01 7.104966129943319686e+01 6.233215857308229602e+01 4.115411312078580863e+01 2.636193611299324857e+01 1.977937541886347006e+01 3.151615458449422036e+01 3.020950228510113078e+01 1.092875503471218224e+01 1.421544846220301750e+01 3.357582392663725557e+01 5.187883033627410612e+01 5.923009738509200872e+01 5.094522614224714374e+01 3.838715061853930166e+01 3.050195911119064363e+01 5.065019748114207232e+01 6.603892864099273652e+01 7.605040329588015879e+01 7.142464616337464633e+01 5.127936550686208506e+01 5.717978160224824080e+01 6.545715202566545088e+01
1.880098487986705483e-03 2.000084559843292098e+01 3.029304847758741559e+01 4.439368383662138484e+01 3.306673720403339445e+01 3.306673720403339445e+01 1.742539474860629412e+01 2.897365343861400433e+01 4.898793964342894469e+01 6.207205975722428803e+01 7.620482404643723839e+01 8.243940681305642215e+01 9.068812626268606891e+01 8.312576250816432832e+01 7.458042069203784763e+01 7.855479618443617085e+01 5.829691882332962649e+01 4.340062043713619033e+01 4.737436496722866508e+01 3.162546066707361447e+01 1.235134965301172194e+01 1.142180005779517593e+01 3.002339500411828865e+01 3.290450473744998305e+01 4.228694800705009271e+01 5.570863030650384218e+01 4.763613238853967147e+01 3.083079904784984393e+01 2.418554502904868997e+01 3.050195911119064363e+01 3.763134014492621304e+01 4.773367682328773753e+01 6.780721715533667293e+01 6.883580273479236666e+01 4.864698191912935954e+01 3.684877607145187284e+01 4.851061171545497075e+01
2.900726248362994839e-03 2.000290072624800786e+01 3.645431836078858368e+01 4.645431836078876131e+01 5.307978885893719223e+01 4.204521791960119259e+01 2.125895040316231288e+01 2.557875708150366023e+01 3.410622106487765848e+01 4.793929546802436903e+01 6.418295679903397399e+01 7.246419748348009193e+01 8.247147571316000381e+01 8.693477717378729608e+01 7.601217612656158451e+01 6.758887184199558362e+01 6.625359481814186324e+01 5.978733483767580736e+01 4.456476957586048115e+01 3.136680385102453172e+01 1.190617958240952312e+01 3.070829939264342556e+01 1.326753246673683151e+01 3.052943090352189159e+01 4.910784025269228437e+01 3.517081848148288259e+01 3.495180745710803194e+01 1.951803683326702199e+01 3.344278619488753890e+01 5.065019748095934204e+01 5.777044698931219102e+01 6.603892864099273652e+01 7.605040329588015879e+01 7.705445396198521735e+01 6.545715206408937092e+01 4.851061171545497075e+01 2.819642756045081811e+01
5.081304048347549951e-03 8.170047113325679788e+00 1.817004711332585742e+01 3.231218273705730581e+01 5.231218273705800925e+01 4.737869868770020076e+01 2.954503936698955968e+01 2.547326932177366388e+01 3.070650784053542992e+01 3.683026085587995624e+01 4.410443243868674301e+01 5.416661852345205830e+01 7.419929507461576179e+01 7.676094041961552250e+01 5.817102219698248433e+01 4.728364988451249928e+01 4.519865305049894033e+01 4.594943991140908679e+01 3.044340578932992258e+01 1.643654087423954380e+01 1.218559339682989417e+01 1.236734027096209765e+01 1.270665159990474891e+01 3.202914535090474857e+01 3.342753980741682795e+01 3.331969474758557936e+01 1.605577222800376802e+01 3.487857781373185162e+01 4.734043725744996323e+01 6.182947858219314696e+01 5.969941043158039662e+01 6.795423707810459746e+01 7.105292795402282024e+01 5.936777791439162399e+01 5.072734394087962073e+01 4.350372276347941636e+01 3.900613509752581365e+01
4.469920835086939326e-03 2.000446992083473319e+01 3.180605435945619419e+01 3.887712217132119008e+01 4.716139341878279367e+01 5.249630481910084256e+01 3.257155115101566167e+01 5.101135458420070279e+01 5.123733906168978791e+01 5.708412643332352587e+01 5.708412643332352587e+01 7.246419748348009193e+01 8.247147571316010328e+01 6.833265808973247601e+01 4.800938630423249265e+01 3.791582213728695194e+01 3.081421458780241807e+01 2.585157353927855794e+01 2.170395960398828450e+01 3.621972239230327517e+01 3.691767850357043557e+01 3.187166914582677180e+01 1.713657040954570121e+01 1.318188306228778117e+01 1.351112151857000754e+01 1.383589477011887503e+01 1.415879932916243789e+01 1.569617216132644266e+01 4.184259261519744655e+01 4.550221016537351915e+01 3.962161620338067536e+01 5.969941042542273379e+01 6.278400871994649179e+01 4.242591551176331421e+01 3.083197781492875222e+01 2.484269424728761422e+01 2.034215385254828945e+01
2.324776005098761877e-03 5.775827467901331502e+00 1.180605435945655124e+01 1.887712217132190062e+01 3.042412755511421096e+01 5.042412755511350042e+01 5.249630481910084256e+01 4.142239313518386723e+01 5.559007393228961291e+01 7.561516586534311557e+01 7.711934941754724093e+01 8.115925889457669484e+01 8.934777412346468850e+01 7.676094041961552250e+01 6.659573097729580127e+01 5.100972753873206500e+01 4.223470251302325806e+01 4.594943991140908679e+01 3.313598326028222374e+01 5.003234676630097510e+01 5.104795253623961315e+01 3.747325150077990941e+01 1.762400571008538464e+01 2.850074974643633396e+01 2.627775229018178038e+01 3.337610368028570917e+01 2.891498268827655949e+01 1.461820883628348078e+01 3.427235032491721967e+01 2.546638572758693897e+01 4.550157011491843662e+01 6.311792742745872431e+01 6.873766815277527087e+01 5.936777621129312621e+01 5.071217237326041527e+01 3.988934324278588406e+01 2.128312075413108673e+01
8.699724428260374037e-03 2.000869972442790612e+01 3.180605435945619419e+01 3.887712217132119008e+01 4.716139341878279367e+01 5.870839880257510401e+01 6.973790659298094852e+01 5.559007393228961291e+01 5.559007393228961291e+01 7.561516586534311557e+01 7.794067583611233374e+01 6.140620387367585664e+01 7.794067583611233374e+01 8.714796415300376964e+01 7.974383842957371371e+01 7.088293432920495718e+01 6.247812586266002910e+01 6.168912033548146212e+01 5.329833367036717817e+01 5.684387752390205151e+01 4.274067422006081074e+01 2.268292607881049605e+01 3.747325150077990941e+01 4.328082167464810226e+01 4.342741437514418834e+01 3.836051128576342961e+01 1.848168032603046385e+01 3.368948570397639486e+01 1.508208853354861567e+01 3.464383083663960861e+01 3.479940744473062608e+01 4.860411412252777552e+01 4.877092061427651259e+01 5.706661084428300512e+01 5.413550018285782528e+01 3.352395793556781456e+01 1.933778774974053505e+01
2.249585233037712084e-03 2.000224958523268270e+01 3.000027392671772120e+01 5.000027392671842819e+01 5.242475306650820954e+01 6.065906213292564075e+01 7.185724948154776826e+01 7.561516586534311557e+01 7.561516586534311557e+01 8.388573925367234096e+01 6.975482726094212182e+01 4.992225428628401573e+01 6.975482726094212182e+01 6.739723549712670092e+01 8.137229150836984104e+01 8.937815900983483175e+01 6.934981319791113208e+01 6.934981319791113208e+01 6.175442210363366513e+01 4.854031871060088577e+01 2.844976086369634771e+01 4.274067422006081074e+01 5.104795273102174491e+01 5.540555685369080408e+01 4.262551553013918948e+01 2.260805378696617041e+01 3.836054384488670621e+01 4.286479922877637705e+01 3.477478326336060377e+01 1.555061586419221165e+01 2.826610903651549123e+01 2.868014935925437570e+01 4.859461696690078725e+01 3.673070892918928365e+01 3.807606230352065779e+01 3.833621906513381816e+01 1.895512927071618492e+01
2.739267172789772273e-04 1.000027392671736592e+01 3.000027392671772120e+01 3.625147380391857865e+01 3.261661223606765247e+01 4.376720163132780783e+01 6.344335522240906045e+01 6.475691669999272904e+01 7.295520358028936414e+01 6.740961461962295687e+01 6.274295384156322086e+01 4.285875405202114763e+01 6.065136119364880329e+01 5.336926812254485952e+01 7.318208998705762269e+01 8.353540433241360574e+01 6.347394895972060880e+01 4.925429725217831134e+01 4.166410235973522447e+01 3.496988825155724356e+01 4.854031871060088577e+01 5.684387752390205151e+01 6.027612870600353290e+01 4.711811288388562957e+01 2.702658486240621372e+01 4.262551603794562993e+01 5.091856078533587038e+01 4.602011821136317593e+01 2.597387173310098518e+01 3.508686452526781352e+01 1.602783702060456861e+01 3.582437972697685069e+01 4.282385301198452510e+01 2.685417097062008551e+01 1.804697690811839550e+01 1.841172926273350186e+01 1.936681954611769285e+01
8.327778614586212741e-03 2.000832777861423040e+01 2.812918098956379964e+01 1.635600086727500369e+01 2.390872231964972983e+01 3.539971284340960977e+01 5.519740388150547261e+01 4.489190015192528449e+01 5.328786232583531302e+01 4.755873783994811532e+01 5.645501776308385189e+01 3.653519614474495114e+01 4.075795995896167057e+01 6.065136119364880329e+01 7.276931449904961369e+01 8.095723374724798305e+01 7.762927697613555722e+01 6.665633435815880148e+01 4.656682176683128915e+01 4.917498056756617331e+01 6.335612741293473960e+01 6.564190303489927203e+01 5.199869514060646480e+01 3.187551070059463498e+01 4.711811288388562957e+01 4.711811288388562957e+01 6.021244124044272183e+01 4.014157780958272070e+01 4.601930701404547364e+01 4.385978451399432032e+01 3.569741968630001594e+01 1.651427294831313830e+01 3.621398489847618407e+01 1.753409517389647831e+01 3.709430872218757713e+01 3.012478292723158901e+01 3.553752866847962366e+01
6.510866554257996840e-03 2.000651067705646113e+01 8.192342444508881272e+00 2.812918098956379964e+01 4.376195371024321190e+01 4.494954853334525069e+01 4.732031376305418036e+01 3.336544829703570514e+01 3.336544831139413247e+01 3.344715933533120733e+01 4.469160027070668662e+01 3.076159570085521722e+01 5.070466057630519430e+01 6.023772798709082821e+01 5.295513646243227868e+01 6.698614333329545900e+01 8.673112476093820078e+01 7.493903493587183107e+01 5.817180964872378013e+01 6.925966641974396509e+01 7.154333637453278527e+01 5.151175814225702254e+01 3.724806056705326540e+01 4.612058725469357512e+01 6.027612870600353290e+01 6.716782245016618447e+01 6.846219950894112571e+01 6.021244124044272183e+01 6.001382427377711082e+01 4.611682378579042307e+01 3.658610260563175132e+01 1.726184640091080524e+01 1.702450734367711149e+01 3.682196362823763991e+01 3.345961119411173712e+01 4.467681855232424226e+01 2.808576755559835192e+01
8.953482861371391335e-03 1.516510205750188023e+00 3.028368097787100144e+00 2.302946092124738442e+01 3.325204811944007588e+01 2.481007643487001957e+01 2.734376483308101768e+01 3.563971966379867240e+01 1.921529805300715310e+01 2.190184085006289649e+01 2.473123883757562780e+01 2.890160342918961334e+01 3.326608079132672202e+01 4.033696063065480075e+01 6.023772798709082821e+01 7.688509595343688829e+01 8.676844955205247345e+01 8.650670926446213116e+01 7.824641065028392006e+01 7.785821376872597455e+01 5.788865867506413565e+01 4.362947543360350977e+01 4.890221704747554554e+01 6.564190303489927203e+01 7.443167015731344804e+01 7.357301343480632738e+01 6.504980574815897398e+01 4.465569377754054869e+01 4.464747071019723990e+01 3.270817649017385520e+01 1.870535009852546793e+01 3.688589797940130666e+01 2.079144697866314928e+01 4.368495609583294481e+01 4.688526879670613567e+01 5.239983272028867844e+01 3.358793160617282325e+01
