LEM/sinusoidal_perturbations/elevation_000823.asc
nrows	100
cellsize	150.0
xllcorner	0
ncols	100
yllcorner	0
NODATA_value	-9999
[rows 68 to 84 of 100, columns 37 to 73 of 100]
8.199290867890346135e+01 7.364039157580239703e+01 6.784298853677029228e+01 5.709660460087978606e+01 3.675277329695943962e+01 4.100094964111914209e+01 6.027654713846725087e+01 5.570750184270457339e+01 7.545309303253722533e+01 9.224560107090862004e+01 9.075220148556589095e+01 8.307854216905404598e+01 7.087101622411023527e+01 9.094916400332510875e+01 9.956927165756727049e+01 8.914658711837861915e+01 8.096547800074777967e+01 6.651438903787901324e+01 4.645252464089953293e+01 4.133758787825410508e+01 6.133443792432900210e+01 7.710172922246660221e+01 6.885546182166464746e+01 5.578314671907619271e+01 7.591360757102401635e+01 7.183239881792560766e+01 5.749181590243469486e+01 4.549325292672247656e+01 6.556491974373103915e+01 6.177778759737542202e+01 8.213597068631462150e+01 8.849464840280853650e+01 9.687018026329830889e+01 1.023196908074316411e+02 8.194167626056423615e+01 6.756013051919444479e+01 6.047102710061467690e+01
6.656408252660001779e+01 5.329383463124357689e+01 6.767686172903869135e+01 5.523714781524973461e+01 3.529281093511132639e+01 5.542287721472599316e+01 6.922364944554671240e+01 7.545290089641470388e+01 8.333972843607038783e+01 8.479185420172606769e+01 7.059832459733523535e+01 6.278724779476161189e+01 7.461089374230172666e+01 9.466490846701822193e+01 9.155528783960006933e+01 7.308638105374969030e+01 7.646304133053837404e+01 7.473387913595904308e+01 5.954389261975090619e+01 3.955495515227667624e+01 5.954312460135574980e+01 6.885033165551431011e+01 4.854111666030248529e+01 6.881753962945685998e+01 6.927814016441575973e+01 6.136208563856728659e+01 4.354803446430369718e+01 6.280419014789637799e+01 7.396658279781117074e+01 8.213597039398291599e+01 9.051008976758770075e+01 1.057362644531842761e+02 9.807815471993146161e+01 1.057362644531843046e+02 9.635904725234593116e+01 7.816469666942418826e+01 5.785543693240200724e+01
4.620234292735963777e+01 4.159304195864554998e+01 5.570622492651521185e+01 5.037538135913975168e+01 3.384941269270614583e+01 5.514742613703634788e+01 7.353285101942677215e+01 8.541939560496371087e+01 7.902103675174747366e+01 7.068187361963180138e+01 5.592431789940626885e+01 7.650145196249802382e+01 9.133736371253139907e+01 1.028769210299132055e+02 8.946151573144260283e+01 7.107889694352429899e+01 5.769401420323776364e+01 6.707614994828963972e+01 5.776826002076819577e+01 3.778051931047585299e+01 5.775555011429585051e+01 6.437237924573206271e+01 4.411759013717899336e+01 6.251969596344971336e+01 5.820033439901864369e+01 4.162668000954837311e+01 6.130508842830152361e+01 7.020864844245366498e+01 8.107426626862262253e+01 9.015096563585601075e+01 8.134562703622052027e+01 8.961248552381319143e+01 7.902237794601046517e+01 9.629147930264907984e+01 8.079369990180308037e+01 7.234791917287662955e+01 5.509291613301815715e+01
6.656408252761424649e+01 5.599670243208311149e+01 3.582938954697863210e+01 5.035304684364532335e+01 3.242142908486082575e+01 4.396993682889533517e+01 6.476982333554957449e+01 6.524090850555381849e+01 6.529012214720145835e+01 4.979817587215080010e+01 7.068187361963180138e+01 8.479185420294095366e+01 8.266434985647985911e+01 8.836259314708176760e+01 9.244641184047870297e+01 8.421637126418960406e+01 6.707614491298852499e+01 4.779974996112812846e+01 4.179132487113984240e+01 3.598794529589284963e+01 5.485765477324586925e+01 5.559114941276705935e+01 4.494528616133801080e+01 3.825355268347949078e+01 3.967346455827809848e+01 5.923723186087442372e+01 4.266222141562384707e+01 5.397320867821054691e+01 7.169519405380165722e+01 7.625763743802592387e+01 6.149574936963115590e+01 7.713621320318658547e+01 6.871160196509522677e+01 7.753405408479042649e+01 6.905718268295862572e+01 5.115926848416004447e+01 6.588275330212464098e+01
6.328598220531387852e+01 5.823541659988706698e+01 5.045128842203180852e+01 3.042855599330497540e+01 5.041138670193853955e+01 6.088351434964126696e+01 6.877053105866383476e+01 6.030852579513452838e+01 4.414998247710963142e+01 6.529012214720145835e+01 7.902138606774381913e+01 7.723587583441442916e+01 6.366437805932862659e+01 6.922934095601145543e+01 7.348347875331766943e+01 7.953144817628965768e+01 5.964767538054677942e+01 5.745467177069126308e+01 5.206882502933754608e+01 3.421193401733186334e+01 3.492151303999762746e+01 3.563927366533635421e+01 3.633150397105278273e+01 4.301677634292910568e+01 5.726277563795315473e+01 3.921628560117991924e+01 3.998140726404284351e+01 5.514729301869975586e+01 6.162366999217587704e+01 5.660686144380551355e+01 5.290351787444907927e+01 5.621461473734926528e+01 7.108484343938425809e+01 6.653454424962140479e+01 4.776741061630541907e+01 6.905715065341206582e+01 8.033383103934264113e+01
4.309609540556900953e+01 3.810798560260686685e+01 3.354836429008720700e+01 2.911400115912040931e+01 4.912452923266831561e+01 6.393719921363541658e+01 5.560898361958270897e+01 3.902601991560216987e+01 6.030852579513455680e+01 7.368830885794660901e+01 7.829284932215354331e+01 6.921977805196344491e+01 5.021953159258590915e+01 6.566502612427096608e+01 6.012583587513985606e+01 7.903759302514262686e+01 6.066952374232401013e+01 4.000138110894981480e+01 3.335757502775785355e+01 5.349338215283817277e+01 5.528450548565000133e+01 4.993021676378166518e+01 5.271843637176866793e+01 3.739664436041339712e+01 3.814316799707840033e+01 5.288308227185164156e+01 5.972782667911545218e+01 4.106261979235176085e+01 4.181892190758092198e+01 4.256626722383859374e+01 6.216086845353242296e+01 6.453627932954576352e+01 4.542075073782562100e+01 4.618751300424639794e+01 4.702079740798367169e+01 6.638742418391451849e+01 6.829967971277756078e+01
6.328598460345896370e+01 5.823851193805417381e+01 4.789084707457259071e+01 2.785336838562433570e+01 4.777040644227599842e+01 5.110496868009448690e+01 3.423652859107035340e+01 5.560898361956410696e+01 6.877053098653418317e+01 6.874075527214552039e+01 5.465282258163675522e+01 5.971757495067995336e+01 4.296161510636864733e+01 4.666951195652278273e+01 6.549607619587793295e+01 6.219428433112783239e+01 6.540384360642191552e+01 5.294296662919168739e+01 3.285235627417402782e+01 5.294295023523075372e+01 7.173370095684217063e+01 7.099876885832934192e+01 7.057042202656265317e+01 6.375439921205506266e+01 4.972829277522627933e+01 4.981992788710062570e+01 6.534155221328511232e+01 6.317045588419517799e+01 5.053628909446439366e+01 6.229551051325683630e+01 4.361156629167140153e+01 4.435223273462634097e+01 5.227236079451254369e+01 6.564457465303202355e+01 6.732966586759873451e+01 4.820541720014539777e+01 6.861094162422321574e+01
5.841810307191704510e+01 5.319735758042396156e+01 4.488883353463997139e+01 2.659745749007036864e+01 4.017323565027911769e+01 2.957961642924759360e+01 4.839928443819547255e+01 5.956914158241114876e+01 5.571172963225674835e+01 5.015326172462926024e+01 3.832874447463083101e+01 5.131394777169582966e+01 3.650587696884474553e+01 5.144665124178301596e+01 5.062134126770300924e+01 4.329104355650252955e+01 5.003630636226318984e+01 5.163038172388338154e+01 3.236027539217672455e+01 4.383284524072506372e+01 6.396566724946173110e+01 6.795814582097331424e+01 7.489549356442896055e+01 7.905637876711483614e+01 7.047789569780998420e+01 6.142027828701613856e+01 7.668889775358115912e+01 6.592415398332776988e+01 7.027421178425480264e+01 5.250707241751027254e+01 6.400695009519247947e+01 6.457931843828303897e+01 5.065611704705790430e+01 6.936474672616927251e+01 7.628666780177967155e+01 6.240898597362466660e+01 4.940716815356061176e+01
3.777129849475621626e+01 4.305043519656700823e+01 2.482902561991655332e+01 4.452907311944082380e+01 4.958321366903464167e+01 2.682518151383008842e+01 2.636607877081495488e+01 4.633119763830038096e+01 2.729356948649374104e+01 2.774700760507590047e+01 2.819007903093130096e+01 3.878235035461048597e+01 4.769148643332489712e+01 2.987977020240398929e+01 3.031658575292231816e+01 3.075000381418895401e+01 3.118073343833768263e+01 3.160946517294363289e+01 3.384246287722670132e+01 5.234270043617201651e+01 5.342954390246138274e+01 4.799456898632131185e+01 6.791108611681964646e+01 7.935042554988331176e+01 8.586276611165578743e+01 8.525627783748245747e+01 9.120090382534888818e+01 7.916566963421693970e+01 7.990169670166756077e+01 5.929280647760023726e+01 7.990169670166756077e+01 7.533027192505460334e+01 5.538175377594232174e+01 7.501010367377983812e+01 8.860522745861158000e+01 7.766570234887144863e+01 5.775382889608466996e+01
2.398029988909204135e+01 2.307869153075106894e+01 4.311765778635018620e+01 5.068982486972672774e+01 3.693616140726885533e+01 2.546976381355443309e+01 2.600172531680788879e+01 2.658670025139220527e+01 3.236745897511578107e+01 4.273505257100119081e+01 4.655574642507320959e+01 2.881526665096958340e+01 2.925919706949909838e+01 4.148940375668581027e+01 4.580947607217760975e+01 5.059279577098558178e+01 4.969346480964408386e+01 3.904841379751806585e+01 3.247497700895579698e+01 3.308185472091953727e+01 3.371464557481739632e+01 5.251419168623384337e+01 5.109352220453519067e+01 7.106880200450810037e+01 6.691444818906624903e+01 8.125049652433614256e+01 9.013350011588138955e+01 9.823243740397380463e+01 8.853197429772824023e+01 6.955125803049850219e+01 8.853197429772824023e+01 8.107630124862184573e+01 6.070065692435773741e+01 8.107630124862184573e+01 9.229730036806464000e+01 7.222812522204449692e+01 7.762008127024486726e+01
2.251743956281699965e+01 4.247739118040281880e+01 2.366841197818169462e+01 4.347150163240260667e+01 2.486197300275968303e+01 3.062171937131104116e+01 4.796696771892197830e+01 4.663129738479142361e+01 3.114552459480403357e+01 4.109909326780989147e+01 5.182866025018848433e+01 5.125725690758525133e+01 3.017554434379306016e+01 3.482566346166878191e+01 4.177409801102522380e+01 6.166797743675834909e+01 6.330918012873327427e+01 4.517664220944355691e+01 6.022080307055791337e+01 5.321450625363164022e+01 5.388594273429116299e+01 3.468079331681825295e+01 5.483923795257728528e+01 6.420825482414697660e+01 5.312775322958754032e+01 6.204297630313919143e+01 7.608033486864719919e+01 9.591126652349976212e+01 9.891287272695315380e+01 9.025213537283663356e+01 9.891287272695315380e+01 8.782505938815452851e+01 6.688576845083474609e+01 8.286135211926901434e+01 1.004955818419374936e+02 9.227970013694277895e+01 9.089699681318003854e+01
2.211964950712651046e+01 4.217779239287200710e+01 2.430180997300200474e+01 2.426167328117979594e+01 4.435457170201512866e+01 4.964929308506513905e+01 3.847582224640182602e+01 4.145646625036376065e+01 5.954981318426744252e+01 5.811031960851448019e+01 6.264816270953383537e+01 5.040237144751137777e+01 5.535591041956622149e+01 3.684269811872693623e+01 5.452946113716802756e+01 7.270332530039387109e+01 6.571131664150148310e+01 6.571131664150148310e+01 7.376180759901689044e+01 5.953599587484443845e+01 4.012727435623516214e+01 3.538297322124173405e+01 5.546163362551818921e+01 4.423033384720826433e+01 6.420825482414697660e+01 8.125049652433614256e+01 9.013350011588138955e+01 9.128913810130752893e+01 8.787520792292767169e+01 9.617009732127554855e+01 1.076448661581545423e+02 9.669438007781670308e+01 7.707923644828125020e+01 9.669438007781670308e+01 1.141332382024063037e+02 1.030101333656680254e+02 8.819804533891623066e+01
3.444694274061128425e+01 4.641754236298761072e+01 2.662395069646678181e+01 4.441968696254937043e+01 5.283643248497454437e+01 6.480266377646151454e+01 4.877485331266419877e+01 6.264486815510715445e+01 5.280009956021131501e+01 7.238341868895184916e+01 7.716860713881685285e+01 6.408699457278871137e+01 6.089488871641977141e+01 4.107728726842166367e+01 5.475456022260916455e+01 7.571895304360337775e+01 8.630578544391079276e+01 8.076661855706159088e+01 6.089659832123121674e+01 4.714909578960847369e+01 5.943534466747365741e+01 5.135257867255904074e+01 3.638340547167893391e+01 5.133378294682132292e+01 6.468214446115834448e+01 8.028047501376920536e+01 8.291001518062924447e+01 7.164176471658851142e+01 6.827105451206243458e+01 7.953753759141162050e+01 9.926467740415823471e+01 1.074222583531175133e+02 9.857088232802766470e+01 1.074222583531175133e+02 1.117922209150995343e+02 9.142210133560610075e+01 7.966627951462700707e+01
4.813046240668397502e+01 5.486720788575330232e+01 4.685868239681822445e+01 2.987951208986797269e+01 5.009589494870505177e+01 6.192572787204758100e+01 6.890073532302214687e+01 7.647511529681568732e+01 6.702258692418649844e+01 6.702258938985639247e+01 8.532778841844985607e+01 8.249123484091074943e+01 6.520382171840249441e+01 4.499313445787942101e+01 5.621207044112560425e+01 7.748678238767396920e+01 8.967942542519021742e+01 6.974978339779222836e+01 5.575166870331977265e+01 6.671639250599203308e+01 7.374423776812182041e+01 6.392781548130055569e+01 5.647873231331841737e+01 3.738241705948561133e+01 5.745086129862035307e+01 6.309220388235085153e+01 6.324504751212474218e+01 5.771750475267118929e+01 7.739634714846859254e+01 9.617009732127554855e+01 9.344729977700680479e+01 1.019488197058636132e+02 1.035027863224356537e+02 1.119762685716230664e+02 1.200634753807123190e+02 1.083706838344306931e+02 1.000315268950358529e+02
4.510960308991570145e+01 5.806845553150257189e+01 5.858287154963505827e+01 5.009589494870505177e+01 3.313605241488470909e+01 5.343263404202751587e+01 5.690132888363498154e+01 7.741978402142932225e+01 8.532735193522434258e+01 8.532803048283247449e+01 9.254420734921156111e+01 8.257904289148534360e+01 6.129882987045763088e+01 4.984692941392812315e+01 7.080513878251049675e+01 8.620342691097741294e+01 8.967942542519021742e+01 6.974978339779222836e+01 6.974978339779222836e+01 8.385866564108029308e+01 7.127155543539882387e+01 5.001867292962824507e+01 4.178092545012389536e+01 3.808592426765358141e+01 4.397622685872023141e+01 5.377007424850867778e+01 4.920671316096028391e+01 6.846473652811515365e+01 7.300015964182243522e+01 7.697803038477209725e+01 7.249278820100587950e+01 8.665878613449790180e+01 8.287318347853988598e+01 9.983670616544006293e+01 1.082907086978442663e+02 1.184733464468664010e+02 1.041420346150853931e+02
2.962434180951179741e+01 4.971982256227614982e+01 6.302300508897440068e+01 6.193010431080958256e+01 5.343263404202751587e+01 3.652683651528249698e+01 5.690143399082202080e+01 6.415935948969557501e+01 6.790038857115722237e+01 7.642113257840600227e+01 9.096010467149757517e+01 9.125431335967094526e+01 7.762081249380965176e+01 5.606775977757124707e+01 7.080513878251049675e+01 9.215171490041547031e+01 9.796754801300252780e+01 8.967942542519021742e+01 8.967942542519021742e+01 8.547101673266210753e+01 6.538994598781295053e+01 7.075015600883287448e+01 6.297450771590280283e+01 5.806693705211893075e+01 3.908298203981163255e+01 4.175332926817276302e+01 4.487164468022091768e+01 4.810725857663130967e+01 5.168329631182540140e+01 5.555654498997141388e+01 5.993490792634370479e+01 6.541017253945071275e+01 7.203541762126589276e+01 7.924002458543331784e+01 8.967249764018481528e+01 1.100009146907004407e+02 1.123755426555690491e+02
4.971982256227614982e+01 3.456128793783426545e+01 5.467032537202050690e+01 6.840491510787383334e+01 6.540674199634753450e+01 5.690142669878987647e+01 4.011163691076291116e+01 4.369368453813218167e+01 4.740897708179844017e+01 6.188208876541437320e+01 8.222852532130805514e+01 9.410549447731949613e+01 8.634935740585645192e+01 6.565809051225090798e+01 7.762081249380966597e+01 9.887189828587121099e+01 1.033824200470726709e+02 9.516807262876095308e+01 1.033824200470726709e+02 9.378602673097725528e+01 8.547101673266210753e+01 8.292277293344699274e+01 7.322531363455247799e+01 5.439468859405685919e+01 3.980919823671210622e+01 6.015977171454888150e+01 6.574063592135638601e+01 6.025214547366542206e+01 7.300015964182243522e+01 6.805290705099581317e+01 8.134920687786558346e+01 7.752679827035028381e+01 9.297114563877056526e+01 9.983670616544006293e+01 1.082907086978442663e+02 1.184733464565842240e+02 1.238963550734819563e+02
