LEM/sinusoidal_perturbations/elevation_000963.asc
nrows	100
cellsize	150.0
xllcorner	0
ncols	100
yllcorner	0
NODATA_value	-9999
[rows 34 to 50 of 100, columns 0 to 36 of 100]
2.064481644892168701e-03 2.000206448164453832e+01 2.671619823922413772e+01 3.025173214575177383e+01 3.853600452945721599e+01 4.811844467812368009e+01 5.640271592615624741e+01 5.698385381752476064e+01 6.526812506616320775e+01 6.732907865577668360e+01 7.561334991544325135e+01 7.231618685079261866e+01 5.164647169122487469e+01 3.722481088011585371e+01 5.087464733288697261e+01 4.694275812320141483e+01 4.371328447947293938e+01 2.603313556365584702e+01 4.657190807611765848e+01 5.811442222462346052e+01 5.724174429174168210e+01 4.066532432823509424e+01 6.142622413396495062e+01 7.234144747595598801e+01 7.954978403840233625e+01 8.768317915174715438e+01 9.678370282390899604e+01 8.665715602405082052e+01 7.831510226695770882e+01 8.617196280594902191e+01 7.910722029184304915e+01 6.742177214904708649e+01 5.337375152504795039e+01 3.336317111464423846e+01 2.951160111781467421e+01 2.751026939527798021e+01 4.599437578436828744e+01
2.905961989428186391e-03 2.000290596198907167e+01 2.613958108183213014e+01 2.942756082793930617e+01 3.285753253078986091e+01 2.811844467812297665e+01 4.065392219896966708e+01 3.698385381752405721e+01 5.099914703721833575e+01 4.732907865577272588e+01 6.635448609778222817e+01 7.635448609846369550e+01 5.770049109634326356e+01 5.770049109634326356e+01 4.553685802866105803e+01 6.609215659673287746e+01 5.517069839383342611e+01 4.657190807611765848e+01 2.889584862053536440e+01 4.951368228650595427e+01 3.650408559451657453e+01 5.724183756399519041e+01 4.507386091660887928e+01 5.162805944383549672e+01 5.896616704068031112e+01 6.918949012068603110e+01 8.787224549774219895e+01 9.854042566215842669e+01 8.797009326689889974e+01 7.893578028683282355e+01 7.070499881477233828e+01 5.056090132216768041e+01 3.904973181600906429e+01 5.337375152504795039e+01 4.957580696447396207e+01 3.087824987431190848e+01 4.245265636905615025e+01
3.542675937824442140e-03 3.053514082589923628e+00 6.139581081831774867e+00 9.427560827938949117e+00 1.285753253078915570e+01 1.657143929433025775e+01 2.065392219896896009e+01 2.565392219896904891e+01 3.099914703721762876e+01 3.807021484908334941e+01 4.807021484908369757e+01 6.807021484908511866e+01 7.843004083650815517e+01 7.262977122966000820e+01 5.195601852516462316e+01 7.262977122966000820e+01 6.512251326089675274e+01 4.431926508910235185e+01 3.241869073653965216e+01 3.253164035180324731e+01 5.322228862620078615e+01 6.582432953679966658e+01 6.584253763953876160e+01 5.025381781242562340e+01 7.103189279453043525e+01 8.768317915174715438e+01 9.678370282390899604e+01 9.089840167264789272e+01 6.844850413962049629e+01 5.812007336603834773e+01 5.101566568685293390e+01 4.550182867558680755e+01 5.906824948361815331e+01 6.573434621351250939e+01 4.591594603402243990e+01 3.442476464135393854e+01 5.432729435861968170e+01
3.411803931810562015e-03 2.000341180393145635e+01 1.768658646562449377e+01 2.942756082793930617e+01 2.440453791458187638e+01 3.657143929433096474e+01 3.220092758276188505e+01 4.565392219896975234e+01 5.099914703721833575e+01 5.807021484908405284e+01 6.635448609778258344e+01 7.635448609876605985e+01 8.973394122502429582e+01 6.878569674379200194e+01 6.649389530905489210e+01 7.262977122966000820e+01 7.370615390666377209e+01 5.696512187923301695e+01 3.621403492096735732e+01 4.173165126840184769e+01 5.322227424850192534e+01 7.401425935682419777e+01 7.482204165969922371e+01 5.404059287008632140e+01 7.482204165969922371e+01 8.860128006346968732e+01 9.695698593363843543e+01 1.000764099180278492e+02 8.805636224445163407e+01 6.771019904423599201e+01 7.113076175703822912e+01 5.550262843466823171e+01 7.403651902376397231e+01 7.315573613361149796e+01 5.800526151399942876e+01 3.822374205276371839e+01 5.808435837733776452e+01
3.327314952832964925e-03 2.000332731495247884e+01 3.768658646562519721e+01 4.597085771323907721e+01 4.440453791458258337e+01 5.268880916223788091e+01 5.220092758276258849e+01 6.048519883106558126e+01 6.943935384455011217e+01 6.943935384455011217e+01 7.771986000731727984e+01 7.663455158662256395e+01 8.491945978609236079e+01 8.973394122502429582e+01 8.744308609422337497e+01 9.356093795754274822e+01 7.570351257832126635e+01 5.486191379643207711e+01 4.017611054745016474e+01 6.096580837427055855e+01 5.641730032045558119e+01 7.724583819335452972e+01 8.058587359503232506e+01 5.980409718539186770e+01 6.190132234351050045e+01 6.791896859793418173e+01 8.258006935058502052e+01 1.026601887017751409e+02 9.835791049241237261e+01 8.893319810350979537e+01 8.443444409255917549e+01 7.587359182202385455e+01 8.419854534383129874e+01 6.747361906480185212e+01 4.755565569200079779e+01 5.808435837733776452e+01 4.544938588788049572e+01
6.779948344387334673e-03 2.000677994834403250e+01 3.983222832401217062e+01 5.311916480326105017e+01 4.481760260847782007e+01 5.312931735693209845e+01 5.081359834240696927e+01 5.908858981480937445e+01 4.944030385630972546e+01 4.944030385630972546e+01 6.943935384455011217e+01 5.663421641242160831e+01 7.337205753343691583e+01 8.491945978609236079e+01 8.083957827167900234e+01 8.911603886596124369e+01 7.735177662392655407e+01 5.649034290105156231e+01 4.448698938694297311e+01 6.530759854033225054e+01 7.724583848669169583e+01 8.578051465759359928e+01 8.684491053461488264e+01 6.608602874155330653e+01 8.264568593198482915e+01 8.860128006346968732e+01 7.994858067297461446e+01 9.450717598091689808e+01 1.145248011924997087e+02 1.082074538350334336e+02 9.994638877397463261e+01 9.418151302804596980e+01 7.426451992075780595e+01 6.013705917348819696e+01 6.162853488861587437e+01 7.358465012630868785e+01 6.517488353682328750e+01
9.516927588586143695e-04 1.154795707655127401e+01 3.154795707655091874e+01 4.294777164993526242e+01 2.481023934389576269e+01 4.308379520808868079e+01 3.081495615653376419e+01 4.529803446547083468e+01 3.529817895036506314e+01 5.529788998057657068e+01 5.508727587982609464e+01 4.508719906973725244e+01 5.663421641242160831e+01 7.663455158662256395e+01 6.086213305993017997e+01 7.758143012172212138e+01 8.590158347382390502e+01 6.530752345129276648e+01 6.530759854033225054e+01 5.206276155897976565e+01 6.410914460417339455e+01 8.496921394386252757e+01 9.374331319426191556e+01 7.304810522804675088e+01 9.374331319426191556e+01 1.086121844215634837e+02 1.003912126715489705e+02 1.086121839903645565e+02 1.098604395636092903e+02 9.694938391538119049e+01 8.063337263949995304e+01 9.694938390468108480e+01 8.837771218449528021e+01 8.009807214117159901e+01 8.158490055616218228e+01 8.758484750645136785e+01 6.833820220527864819e+01
1.945935296826602993e-03 2.000194593529647236e+01 2.357619668327335205e+01 2.540193854189370981e+01 1.481022865153963153e+01 3.196447452876325812e+01 1.926795183770990505e+01 2.529817873060743239e+01 4.529803446547083468e+01 4.655921412554507555e+01 3.508719825331249353e+01 5.508727587982609464e+01 6.332025101760005015e+01 5.862220314229919182e+01 4.931902667357474002e+01 6.345465075269511601e+01 8.343102361637089359e+01 8.611460805583982392e+01 7.922297123770871963e+01 5.833711053733342311e+01 7.922297123770871963e+01 9.349593553285954783e+01 1.021404628994743717e+02 8.347884266646961748e+01 1.021404629817387075e+02 1.090428361776110791e+02 9.898184441324353600e+01 9.079827814023774124e+01 9.898184448278084346e+01 8.169368165785822100e+01 6.982870670456351547e+01 8.879592818133816934e+01 1.000065871017074812e+02 9.197485201753647743e+01 1.000065871057878581e+02 9.543264636999246875e+01 8.761188138475985454e+01
5.600688922766023682e-03 1.787342301672260048e+00 3.576196683672088206e+00 5.401938542022634238e+00 7.250939196106738649e+00 1.196498440401709651e+01 3.196499150765013653e+01 4.068465375922134797e+01 4.655918496220667890e+01 2.655916957914077514e+01 4.393563557672271713e+01 4.673620153595145865e+01 4.378283187551718925e+01 3.862924490792669019e+01 5.862232480892080844e+01 7.375471214879398474e+01 8.270503842363272895e+01 9.426103634362797834e+01 8.777500951473146529e+01 7.041838379110265578e+01 7.313096328236841259e+01 9.393037946563957519e+01 1.123468419936801439e+02 1.040077837220635502e+02 1.123468420444398674e+02 9.872905261569518132e+01 8.127186405615620401e+01 7.172941372880659117e+01 8.934665515428368110e+01 8.163968482984611796e+01 6.265363561377530033e+01 8.163968482984601849e+01 9.067371684547541122e+01 7.360924376774475775e+01 9.067371686298317002e+01 8.564198543206563841e+01 9.058165965455306434e+01
8.215197286175309616e-03 2.000821519728582132e+01 1.512320206746431595e+01 2.540193854189370981e+01 2.725095398954911730e+01 1.023236316610648444e+01 1.240166774429306429e+01 3.240156777187169013e+01 3.780892261876997651e+01 2.121394474089091986e+01 2.393560001065005238e+01 2.673616017870612183e+01 2.968499930180635005e+01 4.968851868075035583e+01 4.545589883954413324e+01 5.440162159349183213e+01 6.595473797097599800e+01 8.597335886651958958e+01 9.974930991796600210e+01 9.125026135946842487e+01 9.393037946562613172e+01 1.024190558462223066e+02 1.046431599161048496e+02 9.645492454400583426e+01 9.899627392965112449e+01 9.056343515978319658e+01 7.141901688673982562e+01 6.226970991632853014e+01 8.126384593450026728e+01 7.615676886218869868e+01 5.697203122020021482e+01 7.615676886218869868e+01 8.279204789263982889e+01 6.440199975215875838e+01 7.359709849080027766e+01 6.961084555016540776e+01 7.115607494520604348e+01
2.613274238814250559e-03 2.000261327423845970e+01 3.512320186947640366e+01 4.340739132141109735e+01 3.851675307310170382e+01 2.177936866726320986e+01 3.240165231766648901e+01 1.554436454956663560e+01 1.780891861785586627e+01 3.780894390564790086e+01 4.393563241274033260e+01 3.828316616699416386e+01 4.968851868075035583e+01 3.476500460742705201e+01 5.476972197274760390e+01 6.830223446710289181e+01 7.586726406633016495e+01 8.415669241065526762e+01 9.571318812850064717e+01 9.932460857196585380e+01 9.120828210365478128e+01 9.932460863780829641e+01 9.343615472213946305e+01 7.719171571713741287e+01 7.967391901675885890e+01 8.908336917796007981e+01 7.493208309597952166e+01 5.573669844360123449e+01 7.493208309598739447e+01 7.120180046547099550e+01 5.174325363765344576e+01 7.120180046547099550e+01 8.117982172974814148e+01 7.359709849080027766e+01 5.472100945696757179e+01 5.781817959642261684e+01 7.773547679472521565e+01
7.532853315450405325e-03 1.000753285331553677e+01 2.414966847747029632e+01 4.414966972197841244e+01 5.006386288899963688e+01 4.177940981226453232e+01 4.382930217588085497e+01 3.554444982458174707e+01 3.195105615116011322e+01 3.195105616355952804e+01 5.195114754360579923e+01 5.242531972336035295e+01 6.305449473611033540e+01 4.476531472340769824e+01 4.162497458266161487e+01 4.829181525009513365e+01 5.585207708593210185e+01 6.740567040512105734e+01 8.742601596404318798e+01 8.953601720083629800e+01 7.163829140668782713e+01 8.953601726539078243e+01 8.533330574233553989e+01 6.620500612939906659e+01 6.620500612939906659e+01 8.100734313060273450e+01 6.189827204804311123e+01 5.051575997039207522e+01 6.997568437675782604e+01 6.661425655238849686e+01 4.689415011941621714e+01 6.661425655238849686e+01 6.181000170492114876e+01 6.816216504595314518e+01 4.858057853878000287e+01 6.707805004721252828e+01 8.286736699016121577e+01
6.101047412966256744e-03 2.000610104741260997e+01 3.829181917886256770e+01 4.162660054857126113e+01 4.165759816329534715e+01 4.994195625530321792e+01 6.334031805926299796e+01 5.505588735014331547e+01 5.195113090965308089e+01 5.195114751759698635e+01 6.023611340745001996e+01 7.242558770295519821e+01 7.305482198084541778e+01 5.891170973138891753e+01 5.577011521553529860e+01 5.427620047684506943e+01 7.428981758270562352e+01 8.415669241065526762e+01 8.171947651574231486e+01 7.957597051057786075e+01 6.178629685226321300e+01 8.142328675513488179e+01 8.784050711939332245e+01 6.867659769541612036e+01 5.498847561295539066e+01 6.671906206965033448e+01 6.562217125414807128e+01 4.592440648941867209e+01 6.562217125414807128e+01 6.231009569816997384e+01 4.239218885967468253e+01 5.700712666250355198e+01 4.774178754909765132e+01 5.853843384883352030e+01 4.427608371396641473e+01 6.407794542799902615e+01 7.334979846462728403e+01
6.842009524227352091e-03 2.000684193002678768e+01 2.494446000330037450e+01 2.162659722898542825e+01 2.165759564316476471e+01 3.839491703328172889e+01 5.179324530298238471e+01 3.505588178358272700e+01 4.885410443222200172e+01 5.462760835100458934e+01 6.095216585183784730e+01 6.923662515135967510e+01 7.818098708395369556e+01 7.892354506593041208e+01 7.578416055913216098e+01 6.842676436154640385e+01 8.257891508146032322e+01 8.171947651574231486e+01 6.202867373682367003e+01 5.987036520381382587e+01 5.471694359518247097e+01 7.448056239386313848e+01 9.391767368704509522e+01 8.231908481283885237e+01 6.671906206965033448e+01 4.708866117891836467e+01 5.998589011256783010e+01 4.163456835925964583e+01 6.151481443942193295e+01 6.734208954118554402e+01 5.403129406943651247e+01 3.648935259840462919e+01 3.598926973856509903e+01 3.845508122746173285e+01 4.174030522750150851e+01 5.998418946745016456e+01 5.457340813801912560e+01
1.934550753332892102e-03 2.463764370339992738e+00 4.944459062124171744e+00 7.484461602127992386e+00 1.011059025932246591e+01 3.011059134938896520e+01 3.702002114688573187e+01 2.350887639955780983e+01 2.885410123780638969e+01 3.462760392970285039e+01 4.095215925003983415e+01 4.989643116005090206e+01 6.403856694939544525e+01 8.403860715903122980e+01 8.685453256334284333e+01 8.844448018614347973e+01 7.921303982329465043e+01 6.779222273392909415e+01 5.962588510295096000e+01 4.568879639274895510e+01 5.471694359518247097e+01 6.619168409300391431e+01 8.580338075371253126e+01 8.323323659365198068e+01 7.473893766563749352e+01 5.998589011256783010e+01 4.008755575414641470e+01 3.755879228321368402e+01 5.753868675888178075e+01 5.802845301693216840e+01 4.987935850613256150e+01 3.266014961919112380e+01 5.271530481268999324e+01 5.853843384883352030e+01 6.174438288375402095e+01 4.661612525873653823e+01 6.640663108347928301e+01
4.364784840791047053e-03 7.075432596706236588e+00 2.494445650833534955e+01 2.748446249498289973e+01 3.011059134938896165e+01 1.407118043122919815e+01 1.702001955432719171e+01 2.236524439257577157e+01 2.791224635482815941e+01 4.791224936241582810e+01 6.095216585183784730e+01 6.923662515135967510e+01 7.818098708395369556e+01 7.919274838089424406e+01 6.724671361671553882e+01 8.109876725520042839e+01 7.108413295615213201e+01 5.123786550869073864e+01 3.958636878767794087e+01 5.962588510295096000e+01 7.378163595372835459e+01 8.259858107531107407e+01 7.769168783345145357e+01 6.406571680893468113e+01 7.769170355854645038e+01 6.758042596033195082e+01 4.794132471160418163e+01 3.371134815550895780e+01 4.977480664389277365e+01 4.760485242170959452e+01 2.992133094935330462e+01 3.263261901396181486e+01 5.268769323762975176e+01 6.488929587020608380e+01 7.352901931219012965e+01 5.840935013501943018e+01 5.341726929804321600e+01
5.219006137575642711e-03 2.000521900613722082e+01 1.776588227315188107e+01 3.776586976842545340e+01 4.235551986600891894e+01 2.561818581509750103e+01 3.702002114688573187e+01 2.596429146432651081e+01 4.596429434529176206e+01 3.644027500905287553e+01 5.058241067746231323e+01 7.058242842689277552e+01 7.919274838089424406e+01 5.948590530103498253e+01 5.321464594871522991e+01 7.124024162357839884e+01 6.995566261496036020e+01 5.008451635178034422e+01 3.586188655344164289e+01 5.008451635178034422e+01 6.995566261496036020e+01 7.836468980841124221e+01 6.901209360067825571e+01 5.024458126130678437e+01 6.901215572870481196e+01 7.324379087794932275e+01 5.369296568104277867e+01 4.977356743524237004e+01 2.988036068847642568e+01 2.774430756020696975e+01 4.760485242171075981e+01 5.268769323762975176e+01 3.669883569748427021e+01 5.678859501365421636e+01 6.917129198170563598e+01 7.648156426473096303e+01 7.283213724468213002e+01
