LEM/sinusoidal_perturbations/elevation_000322.asc
nrows	100
cellsize	150.0
xllcorner	0
ncols	100
yllcorner	0
NODATA_value	-9999
[rows 68 to 84 of 100, columns 37 to 73 of 100]
6.611852125088954324e+01 4.559005122584041203e+01 6.612179008278690162e+01 7.966294938545804882e+01 8.856776152325235785e+01 7.437667806055947040e+01 8.151037380010623679e+01 7.659366944713644898e+01 7.172451081259544026e+01 5.109134477013229514e+01 6.195294328260568051e+01 4.658683324536636405e+01 6.612328599680358820e+01 6.821848175941552483e+01 6.914140940813986447e+01 7.005465767342052175e+01 5.418537593626516724e+01 5.156483849091699057e+01 7.217448934623472212e+01 8.193447813586189454e+01 9.314639252338571396e+01 9.507407306242585321e+01 7.487958997418841989e+01 8.079423921568944422e+01 8.217216783292491300e+01 6.421758990963382985e+01 6.585283212016251753e+01 6.752265328902490182e+01 6.924991070243609670e+01 7.106180748207934528e+01 7.298230260846577266e+01 7.497786083507648414e+01 7.738273923837653001e+01 9.760278855529551834e+01 1.093688821604152110e+02 1.026504657472025457e+02 1.115679043558316295e+02
7.442710859715309368e+01 6.612179008776880096e+01 5.098511501119397593e+01 7.139041637305567178e+01 8.547333260081832407e+01 9.441267162300508176e+01 9.348323273343417839e+01 7.323463659011672178e+01 5.878783624205653524e+01 7.172451081259544026e+01 7.369916504895040532e+01 6.616997393383303461e+01 4.957766480268615084e+01 6.395798089543568210e+01 8.428804206028354429e+01 8.610827766007152206e+01 6.602089568364918648e+01 7.226260079129362168e+01 5.609610347967961985e+01 6.456071199879471578e+01 7.622502564711965078e+01 9.644949239626748749e+01 8.913915983541514265e+01 9.410972265074887844e+01 7.407928695927148510e+01 6.661804602039200063e+01 8.592813482866962715e+01 8.772364499869739518e+01 8.954723468259186347e+01 8.545576998158497872e+01 8.316813351395155962e+01 9.525142082553918499e+01 9.760278855529551834e+01 8.080859938125583142e+01 1.009914414147048944e+02 8.839639295421065412e+01 9.135819610976834326e+01
8.304492847048047111e+01 7.139041637305548704e+01 7.139041637305567178e+01 5.700845120009341116e+01 7.137614155556462947e+01 9.135226430997300895e+01 9.941455421741574128e+01 7.916530972137462641e+01 6.532384178468956293e+01 8.556665162454926588e+01 8.437254749892179007e+01 6.407489103590199875e+01 5.214037665414613798e+01 6.671170327025683378e+01 8.699895772709437836e+01 9.507476507754688555e+01 8.667118363912889834e+01 7.976681793998183423e+01 5.949882813784392965e+01 7.976681793998183423e+01 9.314639252350298193e+01 1.048204088184245393e+02 1.094032963155160729e+02 1.032946621545659127e+02 9.272284304619694240e+01 8.676967276004050689e+01 7.029892501587407594e+01 9.056606832048636591e+01 1.043410399340459094e+02 1.057395911746081367e+02 1.034321437477889134e+02 1.034321385140496687e+02 1.093724248211455716e+02 1.009914324056022252e+02 8.432824031102626350e+01 1.045051637862280245e+02 1.115678806882374232e+02
8.738135030768700062e+01 9.141141574375123469e+01 7.356406351470506877e+01 7.722701244851592151e+01 6.426705703075087683e+01 8.431504788043065446e+01 1.014428884864110501e+02 9.271536659905798672e+01 7.249574725807811149e+01 9.271536659905798672e+01 9.273350338027952944e+01 7.554721238741616673e+01 5.508715090388091795e+01 7.554720511551670370e+01 8.128142545905001271e+01 1.015030961817487167e+02 9.742559657701897891e+01 7.720691004962654347e+01 6.295674779632415152e+01 8.312883201468279992e+01 9.566297927965534598e+01 1.040424122482491640e+02 1.141767040244707658e+02 1.105016512481560937e+02 9.025213910464601952e+01 7.593063899355691149e+01 9.056606832048636591e+01 7.572569418767277227e+01 9.597898908183307753e+01 1.101766241605504320e+02 1.218526523299758537e+02 1.237110122393213771e+02 1.173277827345967665e+02 9.705347671190401115e+01 1.045051856654092717e+02 9.378891712608873377e+01 1.081254771033242008e+02
9.824253992853223849e+01 1.017417921057187300e+02 9.352527117434094350e+01 9.254190913428071497e+01 7.589688199506927901e+01 7.329577676935558372e+01 9.322983506093312656e+01 1.010933247223232740e+02 8.414143957947217700e+01 1.010933247223232740e+02 9.478971104359496280e+01 7.987496339576007642e+01 5.957601868257730615e+01 6.100789998962260086e+01 8.128142523729984248e+01 9.602963751447613561e+01 9.964249281070024722e+01 7.941745136843425712e+01 8.312881909194069863e+01 6.836149576350337043e+01 7.544576313782636134e+01 8.551259827451345075e+01 1.058133602847974686e+02 1.121002013919450633e+02 9.183617266609178387e+01 8.017351442696062236e+01 1.004007551413035202e+02 9.597898908183307753e+01 8.158826500281348615e+01 9.325234109252097880e+01 1.135216037546491350e+02 1.253766181506486390e+02 1.256877875169960390e+02 1.113970729666405504e+02 1.224285716652369445e+02 1.039147028123464906e+02 1.224286165699776490e+02
8.946191591264194187e+01 9.861253195254606396e+01 1.081048139084693389e+02 1.040250286186633986e+02 9.581446130980225462e+01 8.086501737601966511e+01 1.007429914031294658e+02 1.127883955066594837e+02 1.044275687180061425e+02 1.038276242351574297e+02 8.642745879168194278e+01 6.623131955252574699e+01 7.987496220416245762e+01 8.128141024299763728e+01 6.747175858662981796e+01 7.911207858429906992e+01 9.935574712339250425e+01 9.964249348849268983e+01 8.107066483712128502e+01 7.371478097686662068e+01 9.391342998257395891e+01 1.040424122482490503e+02 1.141767040244707658e+02 1.204351354817376745e+02 1.051701579733406930e+02 8.493529456653020304e+01 1.051701579733406930e+02 1.101766241605504320e+02 1.018191395003941437e+02 8.850771565873363045e+01 9.675712064382597077e+01 1.085000119426510707e+02 1.287418189383257641e+02 1.316458106332835598e+02 1.325543417475026331e+02 1.242093379841002729e+02 1.325543185413062588e+02
7.182800592349445878e+01 8.125658614838863514e+01 9.460114740211815842e+01 1.136276324718836577e+02 1.089487126856091095e+02 9.236229049597660890e+01 1.089487126856550105e+02 1.199322613683924601e+02 9.968022600813112888e+01 8.533111319078643930e+01 7.524842968363064699e+01 7.524842968361063811e+01 9.478922804768421884e+01 9.288477226513724361e+01 7.268046000881966506e+01 9.288478573719611120e+01 1.077008310367499746e+02 9.760406194876399866e+01 1.013252090800963856e+02 8.191129355781434640e+01 8.533587619443970596e+01 9.704655077770678417e+01 1.173565970312022841e+02 1.195037268514105904e+02 9.923297609717801038e+01 9.164687175956993315e+01 1.051701567264534418e+02 1.253999457723016775e+02 1.159455535691505901e+02 9.564591488372920480e+01 1.087685474841747748e+02 1.253766181506486390e+02 1.370197541521442872e+02 1.391879680716832013e+02 1.190886317082651402e+02 1.190886323695286819e+02 1.153953223319108332e+02
8.076791365310364768e+01 9.209879180134755927e+01 9.873783378457562776e+01 1.066314247187839044e+02 1.169064847869520491e+02 1.121912433248014906e+02 1.203916961799717456e+02 1.185891374234166733e+02 1.139437025240122807e+02 1.038275886646400465e+02 8.690019109852183021e+01 8.690019108973088180e+01 1.038262027174945956e+02 9.928985392656868214e+01 7.903512772451979629e+01 9.288479982095958576e+01 1.131284539545153365e+02 1.119643791817809984e+02 1.105662333343466202e+02 9.202872294680283005e+01 1.056305863594928809e+02 1.139938221915597296e+02 1.256857099736094767e+02 1.278150284086732853e+02 1.195037232830209746e+02 1.017835107874328457e+02 1.059983082295272823e+02 1.262565116598209300e+02 1.242712028101966268e+02 1.058107149785713830e+02 1.242712028101966268e+02 1.372647123534574405e+02 1.326314770810723473e+02 1.243362278512044554e+02 1.190886327225112495e+02 9.858676570102805670e+01 1.190886327225112495e+02
6.729707115115382976e+01 7.304913450893933202e+01 7.976581783965499994e+01 9.065849400939359271e+01 1.091497502306774408e+02 1.116065830674476445e+02 1.033441074733331533e+02 9.859851707719806768e+01 1.127153342067412467e+02 1.155047827047121700e+02 1.071801036973324841e+02 1.071802101050097775e+02 1.155067351990959992e+02 1.076418014479652925e+02 9.070990762168496246e+01 9.334826834279262187e+01 1.136344138330562856e+02 1.321698175819630308e+02 1.207047344424832716e+02 1.123586356138473548e+02 1.207047344134477953e+02 1.229468060108322192e+02 1.251014121913411259e+02 1.332901623214282267e+02 1.303825251433224253e+02 1.161737293760943572e+02 1.262565116598209300e+02 1.345441875353935188e+02 1.343675788602882335e+02 1.260803921597298540e+02 1.343675788602882335e+02 1.385376755109467695e+02 1.184537956251728161e+02 1.039711863503732303e+02 1.114562445887308542e+02 9.161097742455454807e+01 1.019792868309803140e+02
8.079158201160214503e+01 9.209879180134763033e+01 9.873783378457565618e+01 1.066314247186973603e+02 1.065319682920612223e+02 9.605094191661918046e+01 8.305200444988784625e+01 8.418130995773810810e+01 1.044536018530706656e+02 1.029968489217302618e+02 9.859053673280965313e+01 1.068110147993386505e+02 1.151992602783986825e+02 1.193230802638947239e+02 1.110104888017979192e+02 1.136344138330562856e+02 1.219353345531378494e+02 1.327961923909812185e+02 1.234110077057786867e+02 1.152399179921568759e+02 1.152398621626723951e+02 1.032979550041967798e+02 1.054461866649151887e+02 1.246503082061048815e+02 1.360134395495524871e+02 1.363392936878223338e+02 1.313184639220594647e+02 1.231919613476883910e+02 1.258849853847137013e+02 1.218754293000323941e+02 1.299915190608921307e+02 1.358910997328781320e+02 1.157799294122347078e+02 1.012421345662844345e+02 9.079759641757873112e+01 8.507325760238268231e+01 1.001054478554692082e+02
9.993560993901968459e+01 1.010664549102203296e+02 1.090578063930164348e+02 1.086855156241476976e+02 9.781172261050487293e+01 7.681323186230061140e+01 7.101515410652383764e+01 9.163219447906077164e+01 9.707353170406821619e+01 8.293796432642669458e+01 7.844991146682954763e+01 8.696234315358563549e+01 1.034440406572842051e+02 1.149401962197699305e+02 1.157525003021517591e+02 1.076221669457532926e+02 1.157525003021517591e+02 1.131068265367166674e+02 1.152399169131135750e+02 9.555184034519530201e+01 9.555184025088296096e+01 8.933344814244921395e+01 9.683104410730351219e+01 1.081795658778796536e+02 1.278174703068153093e+02 1.243042838569260056e+02 1.201970463163409022e+02 1.040766655716436020e+02 1.067129576649738993e+02 1.027811998499466881e+02 1.188829527600476865e+02 1.299915190690417717e+02 1.299716082715887921e+02 1.198142054335054496e+02 1.114562446939191602e+02 9.409067025968067810e+01 7.952031368406871081e+01
9.783279025316043942e+01 8.156224449560122025e+01 9.203723553853720318e+01 9.127203844395435794e+01 1.034025074690702439e+02 8.522043167236832062e+01 6.437941475868601060e+01 7.818344971772565088e+01 8.656573349640440540e+01 6.843081979365443601e+01 6.653284975939625667e+01 7.499927676979615399e+01 8.678048055146136619e+01 1.067382776191327736e+02 1.060863989408472463e+02 8.841263702129204205e+01 1.060863989408472463e+02 9.917010533862583088e+01 1.027857820611722701e+02 1.013183070107273238e+02 8.144388154393261914e+01 1.013183417159265503e+02 1.164794947461373908e+02 1.246503082061048815e+02 1.187805019159482924e+02 1.051253524922445308e+02 1.116335292960998657e+02 9.311678771688039546e+01 9.327619826433220851e+01 9.180576940174205447e+01 1.027811998499466881e+02 1.218754293000337583e+02 1.299469701966015123e+02 1.216018785692328947e+02 1.229750174343376443e+02 1.085328438470091044e+02 9.503773819569734371e+01
8.905854425640093552e+01 7.008620009344234347e+01 7.313474374838182257e+01 8.832287755403210383e+01 1.046855719286419344e+02 9.365925172139971266e+01 7.818344971781347397e+01 5.742291308883794443e+01 7.197257036975703670e+01 5.803654613221395664e+01 7.267986501038292602e+01 9.296771091309599910e+01 1.034440406572816755e+02 1.069498966967611864e+02 9.801740198352266020e+01 7.914801090388702676e+01 9.801740198352266020e+01 1.027857838460743523e+02 8.289416122496939465e+01 9.130134845704505153e+01 7.705945545261846519e+01 9.708109196342962832e+01 1.068154588328619212e+02 1.149970918480891271e+02 1.107427311366899971e+02 9.160699691894036789e+01 9.864023062640740136e+01 8.443019061959947180e+01 8.204918196463057711e+01 1.013285700943992964e+02 1.029771763608689099e+02 1.221919832212330306e+02 1.216018785692328947e+02 1.011244018290978914e+02 1.071221159046936151e+02 1.108288331647250260e+02 9.576957113224938212e+01
8.098686893193662684e+01 6.108382540204708988e+01 8.098686893193662684e+01 9.346704670159532213e+01 8.263124237445300935e+01 9.357442290631117032e+01 8.660053593511911174e+01 7.197260821145022192e+01 5.131260071042260051e+01 6.329570748277800618e+01 7.789929745727224031e+01 9.813245338474173707e+01 1.014377718391850749e+02 8.781526614001124642e+01 9.172760495697747274e+01 7.300872275802633737e+01 9.172760495697747274e+01 1.046024303620895637e+02 9.130134936384511946e+01 7.103932044811625701e+01 8.631316698662909914e+01 9.274534648989109087e+01 8.691731904430301370e+01 1.068154588328619212e+02 1.121744094009915216e+02 9.303416759953063320e+01 7.917300577951223772e+01 7.681630539445474426e+01 7.640008257513187573e+01 8.364129839076802853e+01 9.736922261566168402e+01 1.165159743497115414e+02 1.216018785692328947e+02 1.011244018290978914e+02 8.648267332966507581e+01 9.739257348691636196e+01 8.174250534600656692e+01
6.909580995903320400e+01 5.566168847292569666e+01 7.552662784555414532e+01 8.332941520156477111e+01 6.336925681889355388e+01 8.218107281225670135e+01 8.346437977462855429e+01 6.297618074515806796e+01 4.834450295595114966e+01 6.897703529492268615e+01 7.570090718916054584e+01 9.629129372129381181e+01 9.341966967338433392e+01 7.456507973301239645e+01 8.149497996104838649e+01 6.754426275771048438e+01 7.764328385791405651e+01 9.656447328653177919e+01 9.025782565057927798e+01 8.199098627936521666e+01 6.583045987465834514e+01 7.249779415346563383e+01 8.691731904430298528e+01 1.068154588320272040e+02 1.163578975739390415e+02 1.027254043895347451e+02 8.946329326521315295e+01 6.943983944122221885e+01 7.081314312934695465e+01 8.509059394312473046e+01 1.044065343335876150e+02 1.118638749190457560e+02 1.201539322368728904e+02 1.155356860128495669e+02 9.739258936821832435e+01 7.674477479319546092e+01 7.086400238455546230e+01
4.868019024855230725e+01 6.909580967675162810e+01 8.392370738037877231e+01 7.468677350464221831e+01 5.322748041216268433e+01 7.191892204512711828e+01 6.656360021793973658e+01 6.229398537754705245e+01 4.552702683140528706e+01 5.476317243664095002e+01 7.570091346175520641e+01 9.210392097423944335e+01 9.762792779140458777e+01 8.149497996104295794e+01 6.248322372500583555e+01 6.208915362564107454e+01 8.111538681097985659e+01 8.621079498182866985e+01 7.790450542643000631e+01 6.135521679427233721e+01 7.596074851311705345e+01 9.257806283377054513e+01 1.009572054461960278e+02 1.036229634885089723e+02 1.052650127319377589e+02 8.909043924107496082e+01 7.501342210190294679e+01 6.455479573836007035e+01 8.486959818868844252e+01 9.875449634706392033e+01 1.022402171188339395e+02 9.042024335836200066e+01 1.080152045830364358e+02 1.118581146798950670e+02 1.033013808924468151e+02 9.739258936821832435e+01 8.450779684084980659e+01
4.453858056140129662e+01 6.492279167749592261e+01 7.087987930425087768e+01 6.719354944240276950e+01 4.632231251939048633e+01 5.812912049009705839e+01 4.867260501952961960e+01 4.186935146578373690e+01 6.229398537754662613e+01 7.450751276587632788e+01 8.402752585830320697e+01 7.382191685099311940e+01 7.917659184478216616e+01 7.477330905490663326e+01 5.531450407219421805e+01 7.477330908253344433e+01 8.232953672870232253e+01 7.398531853866029451e+01 5.716611773316453338e+01 7.790450542643000631e+01 9.008855843564016652e+01 1.030863069853651979e+02 9.814775851349160973e+01 8.476327872957520526e+01 9.410886037802491444e+01 7.776200711082437067e+01 7.788824256236405574e+01 6.150979818545151545e+01 8.193604183640697158e+01 9.536888778735490746e+01 8.002372905569269790e+01 7.704882594547741803e+01 9.948338846508190159e+01 1.030035440831816516e+02 8.202107242500783002e+01 8.754545161952100329e+01 8.240230447482854004e+01
