LEM/sinusoidal_perturbations/elevation_000129.asc
nrows	100
cellsize	150.0
xllcorner	0
ncols	100
yllcorner	0
NODATA_value	-9999
[rows 34 to 50 of 100, columns 37 to 73 of 100]
1.028217651904723908e+02 1.070832191835660581e+02 9.878411390559249128e+01 1.070835150218783127e+02 1.027262435005108046e+02 8.273095951672229376e+01 7.164755672059851577e+01 7.744166181426673745e+01 9.157808577145183904e+01 9.056990339472727669e+01 7.046526962773381797e+01 5.769093820652318527e+01 3.740073339143271625e+01 4.940847521575157231e+01 6.362918601390230577e+01 6.760655764573118631e+01 4.739484647996303579e+01 6.760655752829094922e+01 8.651274163594875688e+01 6.999178694300704251e+01 6.810239001056976349e+01 5.976959735831592013e+01 4.086046275773266245e+01 4.802442935064487273e+01 6.802483153889515677e+01 8.545269050005215661e+01 8.988037181239911888e+01 8.988037183120559348e+01 9.822735467627693140e+01 1.082898889184583879e+02 1.140492733998396773e+02 1.122458978359347270e+02 1.039081842319863540e+02 1.123031721728208652e+02 1.118446758030894728e+02 9.354683332470155221e+01 1.118446758038618185e+02
8.298862617593455582e+01 9.960853347163481430e+01 1.101829006790202641e+02 1.019302153707002816e+02 1.101829006790202641e+02 9.995851244046234285e+01 8.325539003714420971e+01 9.745725119559800476e+01 8.744629986207438321e+01 7.915210307070807971e+01 7.153021244836675407e+01 5.939412758552006721e+01 3.910568031065531613e+01 5.939247690574133998e+01 7.778977544613108819e+01 7.593581323855282506e+01 6.170738090592195846e+01 6.170738090598828052e+01 8.184843040236005152e+01 8.992054422301029604e+01 7.209522579052625701e+01 5.171485855269666132e+01 6.120133400630568588e+01 4.232540171348100699e+01 5.669283100124538066e+01 7.254650473840224834e+01 6.950402039747895344e+01 6.950402039748991001e+01 8.988037183120559348e+01 1.027252200654961456e+02 9.661180193554892526e+01 9.716832593739938773e+01 8.361569950053858236e+01 1.021255680064435012e+02 1.035296369896098412e+02 8.331872843328206102e+01 1.035296369896098412e+02
7.156421338303184143e+01 9.137110925846074849e+01 1.002545158268140142e+02 8.210114147306329357e+01 1.002545158268140142e+02 1.114819623210019017e+02 1.032299223311986367e+02 9.074831455873055575e+01 7.066337923353746930e+01 5.898748833614815368e+01 5.133395636827496133e+01 4.457945867551124763e+01 4.108002416999916306e+01 6.132428705530427493e+01 7.167914150725124500e+01 8.317751269478466725e+01 8.184843001071260460e+01 8.184843040964211980e+01 9.016427774764464687e+01 8.649441343650943281e+01 6.613084352014932676e+01 7.209472496719456558e+01 7.105869369829471793e+01 6.266304531869677419e+01 4.379321535209607674e+01 6.413543244640509045e+01 5.505277479003889596e+01 6.950414195923298166e+01 8.988975418058238631e+01 8.093808129182700384e+01 7.444581362844127170e+01 7.677089505974693395e+01 7.334696612722956388e+01 9.375634302279573262e+01 9.505794114974058573e+01 7.631398178830336576e+01 9.562985459596862370e+01
6.453486458821784311e+01 8.436831725471583354e+01 9.201567905167365780e+01 7.220583892916509683e+01 9.201567905167365780e+01 1.029749211174684689e+02 1.112269673242458623e+02 9.902480237449090339e+01 8.744629986207438321e+01 7.172943635419049713e+01 5.152963899148227256e+01 6.479572934090386127e+01 6.112014007994659437e+01 4.388115495707775437e+01 5.668197494416451576e+01 7.240436378262364769e+01 7.986606091311529099e+01 8.814692331178122231e+01 9.816152067155844918e+01 9.484674190629665702e+01 8.649431576424083801e+01 8.153150438402062150e+01 6.112099969937465005e+01 4.671509922589309838e+01 6.413542714012321255e+01 4.549324050607084757e+01 6.584606819303957082e+01 7.597144792786866674e+01 7.213485082432941908e+01 7.279745887410561522e+01 6.025617907706514131e+01 6.240462312740335449e+01 8.284110774154156331e+01 9.240737880866086584e+01 7.936885536450887457e+01 6.997519665795449839e+01 7.516688217351548928e+01
5.852742096919938319e+01 7.305988730835622391e+01 7.695615793570004826e+01 6.558075559879124228e+01 8.541239906492592127e+01 8.313942301588959083e+01 1.029749211174684689e+02 9.494770141645263095e+01 7.487624667396006828e+01 6.321568160890031862e+01 5.827924183700661587e+01 7.844036962489857956e+01 7.225046783900127423e+01 6.408690777925613702e+01 4.672882761430608412e+01 5.283760536379761419e+01 5.964524901129086487e+01 6.983596185691978064e+01 8.989615996931270558e+01 9.969433631224602266e+01 8.761917422522253673e+01 7.854352669573850676e+01 6.923180401631832126e+01 4.881226645869264047e+01 6.923180063341862933e+01 6.584605432314532436e+01 4.722547129605702310e+01 6.759553613598336597e+01 5.097877038002634720e+01 5.235934884866924222e+01 5.374891264101858468e+01 7.419368064179721500e+01 7.801244644330363087e+01 7.978728759172652474e+01 6.445465756934856927e+01 8.489958468980036344e+01 9.562985459618788298e+01
5.300089140209705363e+01 5.318146905170750216e+01 5.708899791671884572e+01 6.284217847865181028e+01 6.913709450840005388e+01 8.057151249969055584e+01 1.003931113112541169e+02 1.032229026518745059e+02 9.165042880852381302e+01 8.335944161784719597e+01 6.593527260116199784e+01 8.180174077387235343e+01 7.010163183211352589e+01 5.004510037319132465e+01 5.194332328958989820e+01 7.214577769511612360e+01 7.986606091311536204e+01 8.814692331178122231e+01 9.816152067634607192e+01 9.073760827777317672e+01 6.991693831402163539e+01 5.803479234923482011e+01 5.187066196458486189e+01 6.923180401632068026e+01 7.764002098939289453e+01 7.082389707770929022e+01 4.872493314462926151e+01 4.906641463588157137e+01 6.162373252333626539e+01 7.264646861784885346e+01 7.419368062937513741e+01 5.579662718372289021e+01 5.755162630356759479e+01 5.932510476849544290e+01 7.978728759200733123e+01 9.110244634620268300e+01 1.022250123135229671e+02
4.785529974469222481e+01 6.774715657277134540e+01 7.695615793570004826e+01 8.268399779844820330e+01 8.894910590162909614e+01 9.718319517006780472e+01 1.086435609664347339e+02 1.129217833807745137e+02 9.290626430827556703e+01 7.869702443808273529e+01 8.607424824002768560e+01 7.364322719957829122e+01 5.343699044295193801e+01 7.025164691927200522e+01 7.214577769511612360e+01 6.021709774746381783e+01 7.450048182227233440e+01 9.455853479296824560e+01 1.043224872656942495e+02 8.516299455732261947e+01 7.097703608938891762e+01 7.415610238132863685e+01 5.420746871326360150e+01 7.483109012968104423e+01 8.829978699763061911e+01 6.779253988918856066e+01 5.244623925569966616e+01 6.948197695424389053e+01 7.647057031804577321e+01 8.111266851016006285e+01 7.625090004569018731e+01 7.625090002897545105e+01 5.955985358771005167e+01 7.978727755619443940e+01 6.226919183747915554e+01 8.272575005759613020e+01 8.195652008014232592e+01
4.491277761208196040e+01 5.899649129801347414e+01 7.886015189553504001e+01 8.121078764438317421e+01 8.946625193481442295e+01 1.078119773901764802e+02 9.956652932024900338e+01 1.078119773901764802e+02 1.070510623186470411e+02 9.876867411564182930e+01 9.507749455654023052e+01 7.609233981957811466e+01 5.589306350139256097e+01 7.609298992746408885e+01 8.867207649916089451e+01 7.450048182227233440e+01 7.189233738409966179e+01 8.350729443114113337e+01 1.035145594325262408e+02 9.859684085217450900e+01 9.076295092158665057e+01 7.711491001371628329e+01 5.660412048049096256e+01 7.718431390172925433e+01 9.539833734378369456e+01 8.200271303872729334e+01 6.776750410692115167e+01 5.823368730812543248e+01 7.692589492967536557e+01 9.683821692897257094e+01 9.656511901296670430e+01 8.271775346893444691e+01 6.225066567008186524e+01 8.271775346973245746e+01 8.272505266058234952e+01 6.527801153100422482e+01 6.745422772273828116e+01
4.269398895898823554e+01 6.264078152492995599e+01 6.710469535285407972e+01 6.126176071545962998e+01 8.121078764448731135e+01 9.784641782047168590e+01 7.962511838994954871e+01 9.784641782047168590e+01 1.093525861743505914e+02 1.009579706828934320e+02 8.094186423973053479e+01 6.669911861490759009e+01 5.841101749001336430e+01 7.859695271075611345e+01 9.084367619835293794e+01 9.455853479296824560e+01 9.196335959822837935e+01 1.002483840919262121e+02 1.117980275054481467e+02 1.019067631425699147e+02 8.144767158026783704e+01 6.688663625510326938e+01 5.906471807615188396e+01 6.638217386742198300e+01 8.693976534791127619e+01 9.565157957753594076e+01 8.255772982217450817e+01 6.207835571802044683e+01 7.661470889827791098e+01 9.720265303834241877e+01 9.985712416664485147e+01 7.952823980567845297e+01 6.501750832273725678e+01 8.548243216248710041e+01 9.409183112443803054e+01 7.977518444336028836e+01 8.789302871006542262e+01
6.264092898512660668e+01 4.529521409263964671e+01 4.716490380798886406e+01 6.710469542488625905e+01 7.810304773418476998e+01 8.067440376398435831e+01 6.964692207553390801e+01 8.116834481278782221e+01 1.011079743167576908e+02 1.068018982551500358e+02 8.680379289223201056e+01 7.271881713943872683e+01 7.859277191704453003e+01 6.240051728050704583e+01 8.254869677705123365e+01 9.084951757772877556e+01 9.493877012538965232e+01 1.032313242962991211e+02 1.147829190589828556e+02 1.019067631425699147e+02 8.144767158026783704e+01 8.251538397479102116e+01 6.188223410413006320e+01 8.251538397479102116e+01 7.941752172684999778e+01 9.988373541436095593e+01 8.667182491100193431e+01 6.599970426612047447e+01 8.667182491100193431e+01 1.017309295762472630e+02 1.027176692269548255e+02 8.240342697289823093e+01 6.789412534932692722e+01 8.240342007307097560e+01 1.027168720142141041e+02 9.985969805961848067e+01 8.802609519647590730e+01
7.349131169024504118e+01 5.939458669360565324e+01 6.710469542488625905e+01 4.990286505202750078e+01 6.984379237764160564e+01 6.072310236877687828e+01 8.066349722633270858e+01 8.812025047443275128e+01 9.632468753055692900e+01 1.077754498126756459e+02 9.278631889199655802e+01 9.278631889199655802e+01 8.964606615627926089e+01 6.957080920720471795e+01 6.688939044955306201e+01 7.078959589427577725e+01 7.490958377511687161e+01 8.648740617500104122e+01 1.064835479782482963e+02 1.103480816161569891e+02 1.019067631425699147e+02 8.544608365577138898e+01 6.479704060597491377e+01 8.544608365577138898e+01 9.988373541436095593e+01 9.988373541436097014e+01 9.516236410701688442e+01 8.061885906962959325e+01 7.231431783398274149e+01 9.321692777109798556e+01 1.057254274112832917e+02 8.542922721050446455e+01 7.092864933477423506e+01 9.137453273471876969e+01 1.049729659636158061e+02 1.156980329174777609e+02 1.022613334242702905e+02
8.126456987400747778e+01 7.934252609441981008e+01 7.494301781291403586e+01 5.504543267567286335e+01 5.290482721741339134e+01 5.525119777935675813e+01 6.155641671581500418e+01 6.820927267709373609e+01 7.972692871260650804e+01 9.958958038374956345e+01 1.127752070021358293e+02 1.023015064250939332e+02 8.229272575977135773e+01 8.964684240406228355e+01 7.250110384205747494e+01 9.084951757772877556e+01 9.493877012538965232e+01 8.179665814755252029e+01 9.594649651307717875e+01 1.159410618992523752e+02 1.029494727053454284e+02 8.247275212294444202e+01 6.781632012438389268e+01 8.247275199516268174e+01 1.029494145831136507e+02 1.202935928365913014e+02 1.097058691444041756e+02 9.826083988194892527e+01 7.722291609859441053e+01 9.826083988194892527e+01 1.004713688621807108e+02 8.013019127252422891e+01 9.137453273471876969e+01 7.616645722778254424e+01 9.063084793203942979e+01 1.109311601937032066e+02 1.166003722781472760e+02
8.952053897698975504e+01 8.305482682608342770e+01 6.318503385290892282e+01 7.494301781291403586e+01 6.700646928708187033e+01 7.519596487556357545e+01 5.888927795509595597e+01 7.883777645367446496e+01 8.448202730826506013e+01 9.853018830396806038e+01 1.182887159710079317e+02 1.105926173558831778e+02 9.644919799910316272e+01 9.832582793007787814e+01 7.831236449648578457e+01 9.832582793007787814e+01 1.071496664753005916e+02 8.715042212492758722e+01 1.071496664753005916e+02 1.186820286521421934e+02 1.061387947562000562e+02 8.567701003571238516e+01 7.102008904365817443e+01 9.167015641943665116e+01 1.039927478720107388e+02 1.124497716336904176e+02 1.242583788944438652e+02 1.038332252123591815e+02 8.269583162333560722e+01 1.038332252123591815e+02 1.076362971938740145e+02 8.737085995325905685e+01 1.005158471330370134e+02 8.013251078517085091e+01 9.192600570011762784e+01 1.122455744398517510e+02 1.197817176802607548e+02
1.010333169557307116e+02 8.932735516081091021e+01 6.949187893512885239e+01 8.932735516081091021e+01 8.695639333495708456e+01 8.145723512546962297e+01 6.150803131692661196e+01 7.561990952074955885e+01 9.554978747055992017e+01 1.030465900104633903e+02 1.112809384851821903e+02 1.212260920767624128e+02 1.164302287983112478e+02 1.049902663630020072e+02 8.499695106422957736e+01 1.049902663630020072e+02 1.131820185693984087e+02 9.318402501439572916e+01 1.131820185693984087e+02 1.102452388557309035e+02 8.983066058116668273e+01 7.954113069071992470e+01 9.167015641943665116e+01 7.689001087105994259e+01 8.330272194328851754e+01 9.533331653267330807e+01 1.158217510638729664e+02 1.101387197006993830e+02 8.887895118104566450e+01 1.101387197006993830e+02 1.159882813913802977e+02 9.646806359684211429e+01 1.048808662398339067e+02 8.451110101995854507e+01 1.048808616591651059e+02 1.205932245435921004e+02 1.281182804072018655e+02
9.172871191918815725e+01 9.680632937256325476e+01 7.701882354640135020e+01 9.680632937256325476e+01 9.826132682547708441e+01 7.833564745503517202e+01 6.422425919948186390e+01 8.417174382264191479e+01 9.239914258985861295e+01 8.312703986490055286e+01 9.309694979104558854e+01 1.071769363317049937e+02 1.270452486985295479e+02 1.132797541576817224e+02 9.500245550185101706e+01 1.132797541576817224e+02 1.202939852134154819e+02 1.002558644958498917e+02 1.202939852134154819e+02 1.186820286521421934e+02 1.000379520709676910e+02 8.875271181143710919e+01 1.032209936358036799e+02 8.257355721904420420e+01 1.032209936358036799e+02 9.723996116445891857e+01 1.183208568025900291e+02 1.180953403319247599e+02 9.612575861194520144e+01 1.180953403319247599e+02 1.250168539470878954e+02 1.081523465704196525e+02 1.108327294664386926e+02 9.040332901466528881e+01 9.540122311307699476e+01 1.071500055650157606e+02 1.276224176661519749e+02
7.770915198368025756e+01 9.755084470385260431e+01 8.845755723007572158e+01 1.050166829190045519e+02 1.004377955025896796e+02 8.051603213008218063e+01 8.417174382276863298e+01 6.838825211659595027e+01 7.246378754063637473e+01 8.656693885970290125e+01 1.064793279337387304e+02 1.154864312157766619e+02 1.243787007438311463e+02 1.232759407206917359e+02 1.149780772241531537e+02 1.232759407206917359e+02 1.287460716846685784e+02 1.117964586717370850e+02 1.287460716846685784e+02 1.288664108050226957e+02 1.176057411552179985e+02 1.005409017252938213e+02 1.104117971855065292e+02 8.970545848650981213e+01 1.032209936358036799e+02 1.155581203237854027e+02 1.267925806826079764e+02 1.274492219077445156e+02 1.076398822613633115e+02 1.273765367353289264e+02 1.366539212990757335e+02 1.283093933527629531e+02 1.113945673442674149e+02 9.754830711447917224e+01 1.098136790704223387e+02 1.243384209322476295e+02 1.362525196422819533e+02
7.655102783539736322e+01 9.639626689010681559e+01 1.082109642096088606e+02 1.164407897616881371e+02 1.086747782319906435e+02 9.560768601209191786e+01 7.567652570139145496e+01 8.832985527920004643e+01 8.100767626083757023e+01 8.028939713217094720e+01 8.734131160824669848e+01 9.625887546706842102e+01 1.103341319643352705e+02 1.301934349271617748e+02 1.299318762393799034e+02 1.299318762393799034e+02 1.381454315617781958e+02 1.319834884947753437e+02 1.405401911699504467e+02 1.436635118188770832e+02 1.293787388703710519e+02 1.209526064357105923e+02 1.188666526086017541e+02 1.001579430537452140e+02 1.163223435156453434e+02 1.320775382861626781e+02 1.458229420962854590e+02 1.403834334802870387e+02 1.318920697970617653e+02 1.385547277364620697e+02 1.425262740597535469e+02 1.422664541741622486e+02 1.263933806163155396e+02 1.065017144572709213e+02 1.263933362645084344e+02 1.393026652066874931e+02 1.476451963683582846e+02
