LEM/sinusoidal_perturbations/elevation_000619.asc
nrows	100
cellsize	150.0
xllcorner	0
ncols	100
yllcorner	0
NODATA_value	-9999
[rows 51 to 67 of 100, columns 37 to 73 of 100]
4.799906910327793952e+01 5.156024297649578614e+01 7.165482570129094597e+01 8.257849440061959001e+01 9.090268701020951880e+01 9.666337194712134817e+01 8.201901496274649617e+01 9.666337194712134817e+01 9.822663787203839547e+01 8.988890240271577170e+01 8.282860949944094386e+01 7.046918856717041990e+01 5.047438305346769027e+01 7.046918856717041990e+01 7.354941059949427995e+01 5.939777430999077978e+01 4.851862590228667216e+01 5.142309565105719571e+01 5.593450722801755148e+01 6.070123498152355523e+01 8.073204402993276574e+01 9.630893399368598295e+01 1.045900847370158289e+02 1.145809746135468572e+02 1.248319121324594221e+02 1.166247310170735290e+02 1.166247310170735290e+02 1.224323581665043434e+02 1.269987193521024693e+02 1.187243271226949588e+02 1.160686249941754227e+02 9.620558662660670279e+01 1.035061364983310312e+02 8.433429311278719354e+01 9.840897761907442032e+01 1.182557279251077631e+02 1.120401217601826431e+02
5.741704879552167995e+01 6.578323178863307419e+01 7.995611168690049908e+01 9.223972244227418571e+01 8.367596453936866396e+01 8.733667149158502241e+01 6.716975545349659171e+01 8.733667149158502241e+01 9.598736553809142436e+01 9.013751314367281964e+01 8.163314687002045389e+01 6.168892065345163189e+01 4.752528549825382242e+01 6.354105517788204338e+01 6.202748239120541740e+01 4.516047220444726662e+01 6.526885537491055800e+01 7.152155530129064687e+01 7.601073697785105310e+01 8.073204402264254043e+01 7.339480420542935235e+01 8.750766521239339113e+01 1.074808210232923358e+02 1.170192535188905225e+02 1.166247310170735290e+02 9.656440036436609375e+01 9.656440036436609375e+01 1.024399351796996598e+02 1.100125627906252959e+02 1.182405023512508677e+02 1.244043276026388583e+02 1.102137559164262512e+02 1.104812112177652494e+02 9.068770890324502432e+01 1.104812112177652494e+02 1.180174145224198128e+02 9.753348436289304857e+01
7.158257253227286299e+01 8.567031284221646104e+01 9.405520598056027382e+01 8.367596453936866396e+01 6.279619859436012774e+01 6.891174045006515314e+01 5.788053857178134365e+01 7.874943040337960554e+01 7.600597283539249815e+01 7.015249718248072952e+01 8.428274673304689202e+01 7.581377193499416478e+01 6.354105517788204338e+01 4.351706339192318040e+01 4.189722381401236362e+01 4.699946993215302626e+01 5.239148490140845382e+01 5.847114814555360596e+01 7.851111605353769107e+01 9.619742682113928822e+01 9.335766710771027022e+01 1.016363744056244371e+02 1.110897389365038208e+02 9.694929029299008505e+01 1.110897389365038208e+02 1.024399351796996456e+02 8.203340010791664838e+01 9.921030379695653778e+01 8.980338671589231581e+01 1.041721447325157897e+02 1.241125793244196984e+02 1.302035293061081234e+02 1.104812112177652494e+02 1.005679690679780975e+02 1.187879514013704636e+02 1.144535818480777749e+02 9.402320973568859586e+01
6.764527334079664911e+01 7.618454415138114655e+01 8.475437013342943260e+01 7.617732055843404737e+01 6.891174045006515314e+01 4.822357272113332982e+01 6.279619859436012774e+01 8.367596453936866396e+01 7.600597283539248394e+01 5.596081671701827531e+01 6.598339477620532989e+01 7.424014077765731656e+01 6.572151912639708371e+01 5.745187410126543881e+01 3.960344580293626393e+01 5.127523327355970650e+01 7.135569399316904082e+01 7.246883838703166703e+01 6.794983924338184522e+01 7.949664851060887827e+01 9.944951958639248346e+01 1.136963341510948737e+02 1.020259641347951884e+02 8.242756636426364025e+01 1.020259641347951884e+02 9.598682218180556447e+01 7.539186664621050227e+01 7.870839314981598989e+01 9.921030379695653778e+01 1.100125627906253101e+02 1.299085710264298825e+02 1.388421962117401733e+02 1.287527906267358162e+02 1.203944533675524156e+02 1.287527906267358162e+02 1.229886652905466633e+02 1.057329732150153632e+02
4.724223551163759538e+01 6.764527334079664911e+01 7.617732055843404737e+01 5.534659219565958921e+01 6.144777127606124623e+01 4.344097584147226598e+01 5.793865663661786414e+01 7.875455650960077492e+01 8.428274673304689202e+01 6.598339477620532989e+01 4.587880842381981239e+01 5.809692716967145998e+01 5.522118468165559335e+01 3.726393004977000345e+01 5.745187404059129221e+01 6.805813762703535019e+01 7.963663619693085138e+01 9.245831860449298745e+01 7.949664851060887827e+01 9.619742682113928822e+01 1.077192595168733931e+02 1.054448552263661725e+02 8.510988253991303054e+01 7.306229613217807639e+01 8.490260789336115010e+01 8.405611695448652654e+01 6.930735090960999401e+01 9.004157062059346117e+01 1.028160841404497745e+02 1.110723836725062625e+02 1.210907334697292868e+02 1.296755770521284603e+02 1.214712215791111305e+02 1.267309654367197282e+02 1.209323004814525717e+02 1.219770662036982287e+02 1.263661547764120598e+02
4.540471429311660501e+01 6.697300489955495095e+01 7.401615574016362586e+01 6.143878262524470557e+01 4.083031630093500297e+01 3.901425188077176642e+01 5.954140002263015674e+01 7.907223094151788700e+01 7.079726065791251699e+01 7.426937526492370978e+01 5.809710918115492007e+01 3.792377556665639560e+01 3.502878261527641968e+01 5.524436777057776737e+01 4.591802428890458287e+01 5.600120450146661000e+01 6.760129810326716893e+01 8.759255958314916768e+01 9.944951958639248346e+01 1.077192595168735352e+02 1.050824090658706069e+02 9.682967554560849521e+01 9.837945520764753837e+01 8.490260789256088003e+01 6.410250936139351552e+01 6.324597471653981984e+01 6.906862426065356431e+01 7.542354656971444626e+01 8.242061683939877526e+01 9.275456115806827029e+01 1.128776071228314635e+02 1.182468743719656032e+02 1.016810870637508941e+02 1.069388165480376642e+02 1.011425257179672030e+02 1.021870221130495509e+02 1.161865736953230055e+02
5.905876111942654916e+01 7.292860086823824872e+01 6.497336222003266926e+01 4.498043155149001393e+01 3.319370266493726263e+01 5.361572316718053344e+01 6.813074002190812450e+01 7.079726065791251699e+01 5.072125877132948091e+01 5.660138337883408610e+01 5.098951861245046757e+01 3.281713016001337024e+01 4.192087108816662067e+01 6.205359756948752903e+01 6.602590194572989901e+01 5.866154827368578140e+01 7.869818142665400273e+01 9.586133935303443820e+01 9.841950062277842903e+01 1.068114350458422308e+02 9.682967554565773582e+01 7.632258514419216056e+01 8.232897286024976324e+01 6.936213534635177780e+01 5.854831584841249992e+01 7.934354772767426311e+01 8.980825579549401994e+01 9.601759504009933721e+01 1.028160841404497745e+02 1.110723836725062625e+02 1.210907334697292868e+02 1.094097483165884483e+02 9.030142806695441493e+01 1.063104305437006190e+02 8.721488752694232005e+01 8.825262284081281905e+01 9.961918727817570129e+01
6.310731581851167959e+01 5.812030047055173299e+01 5.471716015972331348e+01 4.823088679367940301e+01 2.998462622478705697e+01 5.041874531680077354e+01 6.688209810102546271e+01 6.635368459408789477e+01 5.660138328987719802e+01 3.641521200811666858e+01 3.074381140652637967e+01 3.905630796205844746e+01 5.913800455748969398e+01 5.838126244114994989e+01 7.839361505516170325e+01 7.284625118512899178e+01 8.697081499073645716e+01 9.502468248446841415e+01 7.834036750182698938e+01 9.518817039331672447e+01 9.682967554540644528e+01 7.632258514419216056e+01 6.155491061080280701e+01 5.469045963750050987e+01 7.541361829839783582e+01 8.777658848309297923e+01 9.529708792701002551e+01 9.744079903274828780e+01 1.055624551607038910e+02 1.164486619211502045e+02 1.208077788737522411e+02 1.012156062818179834e+02 8.154824688733509674e+01 9.138202039535647714e+01 7.847939943405883412e+01 9.811800733312767875e+01 1.161865736953230055e+02
5.526457029439279722e+01 5.332046627262138117e+01 3.454596969487028701e+01 4.256634149196215589e+01 2.721248630226169496e+01 3.838603392189345698e+01 5.856164509151430764e+01 4.665918774198733843e+01 4.700689895817352948e+01 2.872983888430322708e+01 4.246391645789740465e+01 5.836620305309450885e+01 5.330658778832751921e+01 7.322019857695754297e+01 8.662518516994539652e+01 9.282599078180481911e+01 9.358911267384608834e+01 8.497469930935676530e+01 6.696501463542293209e+01 8.677043601344692547e+01 9.653527181123610035e+01 9.070249705202714097e+01 7.291777765350290963e+01 5.226780860264661754e+01 7.291777765350290963e+01 8.760144920206145969e+01 7.562286244606876551e+01 7.777692078397180353e+01 8.882223347774007038e+01 1.082035529714414537e+02 1.126186886727707730e+02 9.286643702897438857e+01 8.154824683623294845e+01 7.172635571175739244e+01 9.138202039535647714e+01 1.063104305437010026e+02 1.083066680267770607e+02
4.050424640215725702e+01 4.097860752338112889e+01 2.173400657313016637e+01 2.399805637594712593e+01 4.201378357848115996e+01 4.381968373701114672e+01 4.446142118342199012e+01 4.254694859603119284e+01 2.678947630525448886e+01 4.110618783259668163e+01 5.681156141643991475e+01 6.895911755902153573e+01 7.322019857695754297e+01 8.143391785074523170e+01 9.194284494269936658e+01 9.722845214580198103e+01 8.578913603797678888e+01 6.638886918840869100e+01 5.953993658300856850e+01 6.860062300674491098e+01 8.825534806256912645e+01 8.846174190749063371e+01 7.048415546226856065e+01 4.991052472965917985e+01 7.048415546226948436e+01 6.779491499755683037e+01 6.150791320311183341e+01 6.911250594579716733e+01 8.054948507623058163e+01 1.001230179533192199e+02 1.050455672529794811e+02 9.696616640620558769e+01 8.790727117310106564e+01 6.815714930597995647e+01 8.790727117310106564e+01 1.025485430732625929e+02 8.857787712164405036e+01
2.021765807978708551e+01 2.086019835068336548e+01 2.742021146358801431e+01 2.259051861505959025e+01 2.318342869214594515e+01 2.376667686380018907e+01 2.434285395002595465e+01 2.491749264440490919e+01 4.417777297730061292e+01 5.403326754832200862e+01 6.954057453916952625e+01 7.269461422038513376e+01 8.097947204832753698e+01 8.610489757331676230e+01 7.222815219098947637e+01 7.792675115415400455e+01 8.742509455067890656e+01 7.220733225541415834e+01 5.252515475365878928e+01 6.645897578971130315e+01 8.614926158895939068e+01 8.004485673577977423e+01 5.937051022748168094e+01 4.760610044217377634e+01 6.673614419439516610e+01 5.358158068420087261e+01 7.359611455425280724e+01 8.882223347774008460e+01 9.057118368508790240e+01 8.202445809511151253e+01 9.029037434610543755e+01 7.740188510155526558e+01 8.456889127566901720e+01 6.469392506947791333e+01 8.456884663755823794e+01 8.814142734839661841e+01 7.470772528757828468e+01
3.930489479451187407e+01 4.094954916491988683e+01 2.660842104329223545e+01 4.489137173620628829e+01 3.883219411564976298e+01 3.734854236882257794e+01 4.446198485984283622e+01 4.507336406909325177e+01 2.584481703406513375e+01 4.604396342105720663e+01 5.849967627604861775e+01 5.261994047657090334e+01 7.269461422038513376e+01 7.800245200895604114e+01 5.783883040894346550e+01 7.800245200895604114e+01 7.914058509912207739e+01 5.939513215070336827e+01 4.793828008052187073e+01 6.769060065742952759e+01 8.479580667071793698e+01 7.672784996293481186e+01 6.747360997911779634e+01 4.535675134151129129e+01 4.668693350416009480e+01 6.673614419439519452e+01 7.393929673568568717e+01 8.222867531580540401e+01 7.988195657945887262e+01 6.156604307616720462e+01 7.366838485780868950e+01 6.587821791970384311e+01 7.805684720796999443e+01 6.134836700713560020e+01 6.483344150828138197e+01 6.839659391924476495e+01 8.814142734839661841e+01
4.485921532083966667e+01 5.233264512168970128e+01 3.224787656414456194e+01 5.252392882807837537e+01 6.166343455750576652e+01 5.663727882509771661e+01 5.632452639440440123e+01 3.788360543974641814e+01 2.651245603163042830e+01 4.673244436623316744e+01 3.832711875774401733e+01 5.849405659973933069e+01 7.015483196648473552e+01 6.189555919945046725e+01 5.065517675386739427e+01 7.084060358587379369e+01 7.769396229036654233e+01 5.790130699643992074e+01 4.383828970727882535e+01 6.248950157138303751e+01 7.259765561174731374e+01 5.642294683299313363e+01 6.027405874195360269e+01 6.115120577656657019e+01 4.219753203278133924e+01 6.251195866108412247e+01 5.545261707688313635e+01 6.659321911497227120e+01 6.858661677365547860e+01 5.143498001349604465e+01 5.354590177622250025e+01 5.570784771040990790e+01 5.796829516185574249e+01 7.225769013381338368e+01 8.470204373618727800e+01 8.237475298373325927e+01 7.830862114068703761e+01
3.364410252094371856e+01 5.452701385893791297e+01 4.689763959532730553e+01 4.689604731632439893e+01 6.727959703191950780e+01 7.467562622956489804e+01 5.562875864887099198e+01 3.551876741857771691e+01 4.642877922565900661e+01 2.747970674038474215e+01 4.771519523544549912e+01 5.667466944845333643e+01 5.761252777038351525e+01 4.202106248372615482e+01 6.189506586981598701e+01 7.589789637901907327e+01 6.772023833095269651e+01 6.069914207869104672e+01 4.000925158561049955e+01 5.032459889584236379e+01 5.795333655077581625e+01 5.892085126038904974e+01 4.004335614694529255e+01 4.093634783175764369e+01 5.798344922430145232e+01 4.359588129558346026e+01 4.458490875737084735e+01 4.656438958498486613e+01 4.855635753422780709e+01 6.277884236073867896e+01 7.363561193787332115e+01 7.582466296104968251e+01 7.225803014965528348e+01 8.622776509721551008e+01 1.001488599626487286e+02 1.020634108088871557e+02 9.797423355609264206e+01
3.403585244095274476e+01 5.419524047674385514e+01 6.731788028076232422e+01 6.727959725835903271e+01 7.541069953755254573e+01 6.638316810625458686e+01 4.626835643865877756e+01 5.563124658696839475e+01 5.588986731619046822e+01 4.767498831307621288e+01 2.846092951728595821e+01 4.863210048320092227e+01 3.505146355593794283e+01 4.450902443555931853e+01 5.981967526398101853e+01 6.318852942633394321e+01 4.620470585209212544e+01 5.512164125333939069e+01 3.627213611437770879e+01 3.708121561062296223e+01 3.789320483133526807e+01 3.878355273794502978e+01 5.903249445898737946e+01 6.115574453134723854e+01 6.540044386240752772e+01 5.461142085705535720e+01 6.466163149635937657e+01 4.619975701192195316e+01 6.628154348337791646e+01 7.592486303609121023e+01 9.000802304811431043e+01 8.348193425131323409e+01 9.162093320691002418e+01 1.002355892475883792e+02 1.003761597181965186e+02 1.016686045832097420e+02 9.312706795753315703e+01
4.042631812819760739e+01 5.702523206493978591e+01 6.205639479744095155e+01 7.080855079874750402e+01 7.642916876433397988e+01 7.467635401008435281e+01 6.050620761559704164e+01 7.467635401008435281e+01 6.757185304766211686e+01 5.223225199770201499e+01 3.065169268024891736e+01 2.945697406678770847e+01 3.016113945886143100e+01 5.038058731433513060e+01 5.923877598576913073e+01 5.345731494887579771e+01 3.435994587793257438e+01 3.515344341993866806e+01 5.534911799525436749e+01 5.182644258697168738e+01 5.815302968916576276e+01 4.059372254841778016e+01 6.048980611845293254e+01 7.163111130471997967e+01 7.964393356016103098e+01 7.418387636591947398e+01 6.026449276976795488e+01 6.628154348337545798e+01 4.782700171661007005e+01 6.792243375007387840e+01 7.076685398582660014e+01 6.351573415910734610e+01 8.016540444705213986e+01 8.901576505662458771e+01 8.161189469634287263e+01 8.872820674010249320e+01 7.179187042995152979e+01
3.100921002436206564e+01 4.223411750309812618e+01 4.212235379168664196e+01 5.576745049627047734e+01 5.580692651380582703e+01 7.099220049123508147e+01 8.057140574475444339e+01 7.087294687342600241e+01 5.088874106164717404e+01 3.863317231090297099e+01 5.223343257666471118e+01 4.973485807079364918e+01 5.041448825648149779e+01 3.117375993087481234e+01 5.130202620810479885e+01 3.322993660978031016e+01 5.322676663112773809e+01 5.012845495567786003e+01 6.296571767715564505e+01 7.344955695486585512e+01 6.887257431256580276e+01 6.050354022083933359e+01 4.317263666187767512e+01 5.738634699392222416e+01 7.771307608440837100e+01 8.782753335419388918e+01 7.410193862439102475e+01 7.607992694792083910e+01 6.771004313547028630e+01 4.946501327841608031e+01 5.063906648170848968e+01 5.182041294179065716e+01 7.196288121717429931e+01 6.911046284941430429e+01 6.777251519808670821e+01 7.743482122649790256e+01 5.993918052028555365e+01
