LEM/sinusoidal_perturbations/elevation_000586.asc
nrows	100
cellsize	150.0
xllcorner	0
ncols	100
yllcorner	0
NODATA_value	-9999
[rows 51 to 67 of 100, columns 0 to 36 of 100]
6.455108993161302530e-03 1.414859073273608914e+01 3.414859083169389464e+01 4.676993717685045482e+01 4.091233239298009039e+01 3.561109311293760271e+01 1.561108003104446240e+01 3.561109284758790494e+01 4.642550200351858081e+01 5.471032433235595249e+01 5.467574084989834660e+01 4.857898465257335374e+01 5.672767603705747064e+01 3.672694097794612844e+01 4.403086818949991965e+01 5.403099825930070210e+01 6.817411293067775091e+01 8.817911926868620753e+01 9.162374693747878496e+01 9.892651502133669794e+01 9.189385535800258253e+01 7.195950443675621955e+01 5.769905674424155961e+01 4.941785490838591244e+01 4.555195423686768663e+01 5.359071629994182473e+01 7.372274183800628578e+01 9.189981278533220177e+01 9.351428404346125944e+01 7.337276990077883454e+01 5.916538596135806216e+01 5.281116870557389120e+01 5.171186051308127674e+01 7.181416553793162905e+01 6.651892902235350391e+01 4.635545421005635092e+01 6.422520995136051170e+01
3.995603441288198172e-03 1.414613122717211269e+01 3.414613122717140214e+01 5.260009342728701398e+01 5.287674226261293597e+01 3.287669105299004713e+01 1.873455526881652844e+01 3.873457077565903006e+01 5.018216693947256601e+01 5.774147497272156926e+01 6.602647227155051723e+01 6.858095116712767947e+01 6.501407779057684877e+01 5.672767603805585424e+01 4.567121939913894835e+01 6.567253735650935198e+01 8.232145584377221326e+01 9.317910178244919450e+01 9.303276350740766532e+01 7.884851782430243361e+01 9.303276350740769374e+01 8.605354277015014475e+01 7.603735793356069905e+01 6.099013091541416998e+01 4.078335259261456969e+01 6.099013091541416998e+01 6.365069014761758126e+01 7.955823191616708812e+01 8.964006375239524971e+01 8.765414588617016989e+01 7.927208280980580923e+01 6.470692743765556543e+01 4.468340405247055003e+01 5.925721464374139913e+01 5.696722303125315534e+01 4.090297229854294869e+01 4.411959253666842073e+01
4.804567899273937473e-03 2.000480456789891903e+01 2.431582093152583468e+01 3.845795717940643499e+01 5.000496517270958918e+01 4.701916985345216915e+01 3.873457077565903006e+01 2.351546970615401833e+01 3.018213637282048722e+01 3.774142583298583276e+01 4.928843126075908998e+01 6.928854742276185164e+01 7.981699562854615237e+01 5.981371090781134825e+01 5.721837464683158458e+01 7.395967195658961657e+01 8.726850941538721429e+01 7.306187280247117144e+01 8.402946365333031054e+01 6.456182951106175949e+01 8.402946365333039580e+01 8.193168039805478031e+01 6.188404398405501183e+01 4.758045330193095879e+01 3.744271346861075500e+01 4.369019659883609563e+01 5.160301107078522165e+01 6.222982624232883353e+01 8.144365231127902405e+01 9.167471815815348180e+01 7.152132953738103538e+01 5.731647279298034903e+01 5.925721464374139913e+01 3.934162721242956451e+01 3.703625415301126367e+01 5.696722220947829385e+01 6.422520974410372219e+01
9.707512844716031236e-03 5.009707512844736144e+00 1.017368530778800384e+01 2.172069069158072452e+01 4.172069076340184779e+01 5.914840778393972442e+01 5.180017526458071586e+01 4.351549008430684040e+01 2.941314795234980295e+01 4.941317685274261606e+01 6.602647227204010960e+01 7.757401242857960710e+01 8.810563300536782094e+01 7.981699562854615237e+01 7.722113838565611843e+01 8.550945862676836384e+01 7.895407275202420294e+01 5.875642986177840044e+01 6.617996177204766184e+01 5.549363210245041245e+01 7.571009268510435675e+01 8.000074494274613812e+01 6.839711529884725394e+01 5.454730332761669587e+01 3.428841082325990186e+01 4.864343439650587442e+01 6.880050377157768082e+01 7.955823191616708812e+01 8.915577919357771464e+01 8.170964649873904762e+01 8.580493130138137303e+01 7.742412040392977701e+01 6.760256037574151833e+01 5.425880412546368348e+01 3.437016527617605277e+01 4.835874961210926415e+01 6.850275089429102593e+01
5.001202446392439237e-04 2.000050012024428270e+01 3.017368531358839334e+01 2.086413498428516888e+01 3.086413498428534652e+01 5.086413500920744468e+01 6.791976614010143010e+01 4.791964198349710102e+01 3.377750575706949832e+01 5.377754272439395322e+01 6.711038145698225321e+01 7.377708989792209593e+01 8.206269153976992925e+01 9.206348768747520239e+01 9.683230811608270017e+01 8.534937982421743641e+01 7.707453714216130436e+01 6.617996177204766184e+01 4.598481777046789176e+01 5.925308452600732778e+01 6.759732308159239267e+01 7.172241132482761827e+01 5.157777315097087723e+01 3.985719179312001614e+01 3.151616656067339406e+01 5.182837991434839608e+01 5.937678730548598338e+01 6.732749171897975771e+01 7.531963481702136676e+01 5.915930450082858982e+01 7.578944357517231367e+01 8.447796714103746751e+01 6.637175587618500572e+01 4.626261240920180740e+01 3.227438209844048345e+01 5.215244416682801187e+01 5.903846830862844541e+01
5.279685921607564676e-03 1.155228506971402247e+01 3.155228506971366542e+01 4.086413499674632988e+01 4.914840723515674625e+01 5.914840778393972442e+01 6.263210365967323412e+01 6.206242583769329713e+01 4.791964198349710102e+01 4.133679521722791605e+01 4.711029790904168379e+01 5.377696457510261752e+01 6.377696459424847575e+01 8.377721520159558111e+01 8.864664519329650716e+01 6.858215995060830039e+01 5.688408664408489557e+01 4.974223940836341029e+01 4.340616285161984678e+01 3.914608958608533840e+01 5.333896729720389374e+01 7.353102654924904868e+01 6.838841447874266066e+01 4.929019105546396418e+01 2.891636545803315173e+01 4.576966240576386724e+01 3.973910377459841925e+01 5.881131353663226236e+01 6.613563211565266897e+01 4.558646453596094972e+01 6.629022385830982955e+01 6.407844686396109068e+01 6.407844686536267886e+01 5.009290454940335025e+01 3.020169671182533122e+01 3.903558135606864710e+01 5.311955570582590980e+01
5.738623160518319517e-06 2.000000573862280362e+01 3.983655631717491730e+01 5.103843755687228878e+01 5.093153950059411272e+01 4.265953459276476423e+01 4.265953459276479975e+01 5.913499897122621007e+01 6.791976614010249591e+01 6.133685464687295052e+01 6.711038145698225321e+01 7.377708989792209593e+01 8.206269153976992925e+01 9.206348768747520239e+01 8.673151806683122800e+01 8.534937982421743641e+01 7.707453714216130436e+01 6.993930948373861156e+01 5.496625880105732165e+01 3.492173345699668374e+01 5.017524869165892198e+01 5.851225497589232560e+01 6.943549650841201526e+01 4.928234901450372263e+01 4.578101285505506013e+01 2.534193346894761945e+01 4.578133611285075943e+01 6.418762207560078537e+01 5.762190562099085156e+01 3.689891678757418703e+01 5.762190562104099456e+01 6.407844686536104462e+01 4.373615518402144886e+01 4.810532930755218217e+01 2.818091502969534901e+01 4.810532930755218217e+01 6.603586864198057071e+01
4.532054705376768917e-03 1.414666767843645268e+01 3.414666767843715434e+01 3.094537602920513919e+01 3.106066110939736546e+01 2.266984605043212042e+01 3.088121585357730225e+01 4.500810741244550428e+01 5.991447991647518023e+01 6.209791975702532341e+01 7.036688897007859111e+01 7.190471871017106764e+01 8.017305384218327902e+01 8.074961335606303692e+01 6.667094378279644218e+01 7.153507616959478810e+01 7.991703588609377107e+01 7.342737958505809104e+01 5.325320798707677028e+01 3.906566631027043712e+01 3.016817020196342369e+01 4.591011399364776935e+01 5.424080966357875866e+01 4.858223389351422838e+01 4.020416675565659403e+01 2.294748839676849528e+01 3.490188697925702854e+01 5.579650540996496488e+01 5.113334008646742745e+01 3.066568447880024806e+01 5.113334008646980777e+01 5.805730723580153807e+01 5.110261382316171108e+01 3.102700814903091953e+01 2.617472416821770764e+01 3.768745196819077847e+01 5.768493116439388757e+01
9.001595176218036079e-03 2.000900159517586374e+01 2.470351989914694713e+01 2.700385930422042691e+01 1.092508731777546238e+01 1.372564748564109749e+01 1.674076093044596902e+01 3.673416330196153723e+01 3.993970954142812957e+01 4.212510443076793365e+01 5.779069407298784000e+01 5.194447364859851035e+01 7.190471871017106764e+01 7.247637674876557412e+01 5.245108956038845349e+01 5.134568515717179338e+01 6.823987152336501083e+01 7.931804483710338616e+01 5.916208604330440579e+01 5.850678610139782876e+01 4.591011399364776935e+01 2.588656008224728211e+01 4.186507912443142487e+01 4.020994567774308592e+01 1.969571066750610200e+01 4.020941528963837186e+01 5.161062486915312064e+01 5.003511076249084510e+01 4.548390453879924422e+01 2.533875110527922558e+01 3.820601865005936304e+01 3.812066927182751641e+01 4.080520419232247065e+01 2.339106522069789307e+01 4.342455105598732956e+01 5.386663506852489292e+01 4.834121211017833275e+01
5.674351268809080251e-03 2.346497295191424914e+00 4.703519899146592742e+00 7.111236960861987200e+00 1.527606552721851862e+01 3.349371942766976673e+01 3.645420650565696263e+01 2.132907546475611582e+01 2.580121003296648396e+01 3.114641411416601002e+01 3.781279743859546016e+01 4.935365694413393101e+01 6.931590112367487677e+01 7.347072049984926423e+01 5.372808467073830485e+01 3.977285098609817737e+01 5.987250131734429459e+01 6.746569271344691288e+01 5.917888316408240712e+01 5.679568350847685565e+01 5.424081313448127872e+01 4.186507915702753024e+01 2.179879135060167172e+01 3.779341120641389296e+01 1.755033817321088208e+01 3.603204995113728160e+01 3.607412361417668478e+01 2.955667774848174645e+01 3.574952840587269520e+01 3.611608852221137056e+01 1.928272994670827600e+01 3.773792922954918083e+01 2.060976275215635312e+01 3.883782228180194807e+01 4.012623534395336833e+01 3.954225845711642506e+01 3.030896316992503259e+01
9.518805923843161668e-03 2.000951880592348786e+01 2.470351989914694713e+01 2.125337258459268597e+01 2.124516032444299185e+01 2.790477739115032207e+01 4.743748422836294765e+01 4.132051379840330441e+01 2.840010138828527175e+01 4.838692198894663221e+01 4.528273759684800126e+01 6.525130368964687477e+01 7.758358265799758158e+01 6.799411145557876068e+01 4.790919846094812584e+01 3.374828690154321009e+01 4.691546023492890782e+01 5.520026531858953689e+01 3.902283420139914227e+01 3.678493780652587475e+01 4.531121867091967204e+01 4.743239641279925678e+01 3.787805540215133249e+01 1.789594377299149386e+01 1.740948696301459009e+01 1.462293039054437571e+01 1.497702647828842792e+01 1.533077539033734560e+01 1.568405398670970818e+01 1.603706622009151772e+01 1.638991939774647832e+01 3.201984054482613828e+01 1.837909092972576275e+01 1.807249691050247975e+01 1.874982515154180263e+01 1.935546379530669014e+01 3.129981524790282066e+01
9.062254805971973678e-03 1.415119787853704736e+01 3.415119787853775080e+01 4.125337258454327127e+01 3.276555055342776512e+01 4.762481693938709526e+01 4.768063127228227671e+01 5.372738165845648695e+01 3.374521128726640740e+01 5.372738165845648695e+01 6.525130368964687477e+01 7.351951368279925703e+01 7.236451979814114566e+01 6.385848527337595470e+01 6.207821020068444540e+01 4.691546023492890782e+01 2.687020380321629887e+01 4.072824306683281037e+01 4.248526770093903338e+01 2.247860691191745630e+01 2.654704674081360238e+01 3.171719494559837216e+01 3.032913721964344944e+01 2.842673865744915318e+01 1.412955819624850307e+01 2.691723240291837271e+01 3.220483035357200663e+01 3.457498805048343371e+01 3.300670572820850879e+01 3.476845226695522939e+01 3.645755239939482095e+01 1.689015116351528789e+01 1.718772650175079875e+01 2.835947768407381631e+01 3.598770450756121164e+01 3.917266216191001149e+01 2.016069164397839586e+01
3.063233560239582431e-03 2.000306323355988525e+01 3.646013878309517509e+01 4.801073294738463204e+01 5.253284872687816431e+01 6.062024685982566297e+01 6.737394074520790355e+01 6.078914885309172433e+01 4.081545497114274923e+01 5.006392575536111167e+01 7.002789112241792679e+01 7.587900212834286151e+01 6.385848527337595470e+01 4.364249604859198683e+01 4.956362220413707576e+01 4.398229693537061280e+01 4.072824306683281037e+01 2.067640975364120592e+01 3.608085415875585511e+01 1.359649577817676303e+01 1.264627016919966351e+01 1.297396719679671762e+01 1.330682433332411740e+01 1.364470868968000872e+01 3.370444515492699367e+01 2.264730774794268697e+01 2.983892671784801820e+01 3.998455180038883583e+01 5.100367928208698487e+01 5.259253623754049300e+01 4.400703867942092984e+01 3.696166709340690204e+01 1.746566438696941148e+01 3.675324556463584713e+01 3.905751133926547425e+01 4.753273265141406512e+01 3.626931829361996051e+01
5.666595628964066558e-03 8.170632522086334504e+00 1.971767101890627671e+01 3.972057353166343319e+01 4.751991338128818398e+01 5.566210389009341952e+01 6.541411062899612716e+01 6.905682285922372898e+01 5.235373525307011988e+01 6.078914885309172433e+01 7.829665432935837543e+01 6.733402985728396573e+01 4.705328607754048420e+01 3.703711945374524817e+01 2.943986776255670179e+01 2.384965921669693500e+01 3.663652330714193539e+01 1.654458865661760214e+01 3.165205077487019381e+01 1.219094287686113454e+01 3.207723687665016143e+01 2.998960957529741123e+01 2.119145988327512597e+01 1.372586944427777134e+01 3.575356084839534532e+01 3.981166449072790670e+01 3.730359274028869976e+01 4.414579698668497088e+01 5.685680687920556409e+01 4.480474732919076786e+01 2.669418799786894070e+01 1.804522269854849981e+01 3.751897706116272246e+01 2.767766089705636645e+01 3.567010265434202410e+01 5.517304471995216630e+01 5.923387138379945327e+01
2.110006612196471242e-03 2.000211000661184002e+01 3.644540529375972682e+01 3.727563493919017645e+01 2.835462332876560865e+01 3.783127024797612137e+01 5.144175301212404605e+01 7.113085174181925652e+01 7.231213812215001724e+01 8.058024873327089210e+01 8.901675357410786660e+01 7.587900212834286151e+01 6.568757248230269852e+01 5.719004349777935658e+01 4.027497508535343940e+01 3.727141769581276520e+01 1.713239611646705285e+01 1.197695780357677720e+01 1.174607288996178411e+01 3.168062264673730866e+01 4.037305065430584250e+01 4.741487589125543423e+01 4.144001847853655107e+01 2.731077763643890322e+01 2.732110982735752103e+01 4.751691145564125662e+01 5.151533607272087067e+01 6.049393460617960017e+01 5.194472111531420921e+01 3.097597236400581266e+01 1.865684619275295120e+01 3.814710735892844440e+01 2.816825999073681785e+01 4.751578237467138877e+01 5.519395288599289984e+01 4.823840191010644673e+01 6.794938373298552392e+01
9.367352646185668139e-03 1.998919315258110174e+01 2.946337823420615365e+01 1.814542456359993494e+01 2.916763656790594084e+01 4.264384994847308974e+01 6.213053100874490298e+01 6.504779074312473597e+01 6.555259599271251147e+01 7.386794451721630139e+01 8.205700813871254695e+01 7.375488570877405436e+01 8.205700813726076603e+01 6.896715501662858117e+01 6.047798748021786963e+01 4.567193260188753356e+01 3.726928321612327721e+01 3.136420467603126028e+01 1.143384529891756785e+01 2.074210817943742313e+01 3.410497038288255567e+01 5.627466964438291797e+01 5.564300292151540361e+01 4.729041515056129441e+01 3.886445057608895581e+01 5.624973457317674530e+01 7.203262049556869329e+01 6.346040908739713160e+01 4.323123384598716257e+01 3.751435153019629354e+01 1.912092242199628700e+01 3.938867910794520100e+01 3.754428084845908131e+01 4.996352102262784456e+01 7.117132248109385273e+01 6.254470210463274782e+01 7.636777656672524017e+01
3.648181865326004768e-03 5.001390617487247781e+00 1.014785021105499396e+01 2.946575925714138577e+01 3.424954805643400846e+01 3.932981124344229329e+01 4.477770657086894346e+01 4.477770657086894346e+01 4.529546167807875889e+01 6.555259599271251147e+01 7.202795941738362728e+01 5.369057470265699550e+01 7.202795941738362728e+01 7.696731615418363504e+01 6.878882032782043154e+01 5.677619924123571593e+01 3.455945608682577586e+01 3.073466161415634446e+01 1.112178047597400443e+01 3.099599099434277605e+01 4.718855779249783922e+01 5.627872953967942493e+01 5.004906351777704288e+01 5.793604809172114756e+01 5.977208662515648285e+01 6.921379457779740108e+01 7.220965400200942952e+01 6.220058753727102641e+01 4.499222172982985768e+01 2.132166749444648701e+01 1.961223637354018123e+01 3.979505700464486040e+01 4.915120100587601115e+01 5.060112955855466055e+01 6.197778624965012284e+01 7.912457519515281490e+01 9.264164872928233763e+01
