LEM/sinusoidal_perturbations/elevation_000572.asc
nrows	100
cellsize	150.0
xllcorner	0
ncols	100
yllcorner	0
NODATA_value	-9999
[rows 34 to 50 of 100, columns 0 to 36 of 100]
2.064481644892168701e-03 2.000206448164453832e+01 3.765655126185121304e+01 3.608861632156974508e+01 3.608678714930391607e+01 4.975674497802469887e+01 5.384234198190971910e+01 4.554692628771898200e+01 4.302013631187695353e+01 2.315179160329627095e+01 4.303518337063006527e+01 5.839103165561394349e+01 4.222637231655800605e+01 4.475514101445921256e+01 6.412591297327536211e+01 6.768198881796669752e+01 5.030118596472784276e+01 5.030118596472783565e+01 7.113142610445152059e+01 8.833391180516622398e+01 7.965591587067373780e+01 5.929763315817054803e+01 4.763718557436002499e+01 3.869954348275303602e+01 3.163492994494917099e+01 2.491241891025749311e+01 4.041022686118606799e+01 3.755279661509624134e+01 3.436501409618320935e+01 1.860871126177443813e+01 1.428856292540800332e+01 1.675178583697786294e+01 1.525007117779805199e+01 1.558071372627212625e+01 1.589775244094402851e+01 3.474565546878459799e+01 2.096812875814341126e+01
2.905961989428186391e-03 2.000290596198907167e+01 2.825283133527735657e+01 1.610095081041320242e+01 2.276757609564777596e+01 2.983839989004772519e+01 4.137862334928424701e+01 6.126264414062136154e+01 5.130924432008462333e+01 3.310793155697943746e+01 5.133316901721518377e+01 6.952665806260094428e+01 6.161124816068110732e+01 6.412254732201884622e+01 7.215648867381676723e+01 7.967296705969205561e+01 7.113142612534441867e+01 6.231640885122493501e+01 7.967297323405493614e+01 9.070311247608542260e+01 7.899154359195065922e+01 6.992522447368574490e+01 6.154842051652230595e+01 5.059269004937086578e+01 3.051562743207336226e+01 4.502427578105824324e+01 5.337512235417447215e+01 5.029863587000711789e+01 3.820931059585155509e+01 1.840964893499483424e+01 2.740252966101951415e+01 1.476937931122144754e+01 3.302638882277752685e+01 3.492540608500652155e+01 2.238844636748930128e+01 1.632250792877730916e+01 1.772215244281039404e+01
3.542675937824442140e-03 4.086025580559704551e+00 8.256313861187484449e+00 1.581559945978003512e+01 3.580999823579524133e+01 4.978317386975652425e+01 4.978317386971475855e+01 6.940878637560292930e+01 6.127233250552031762e+01 5.299229088037389346e+01 6.134802069873265395e+01 7.265437168142226199e+01 6.787244807195541796e+01 7.614197409466332545e+01 7.154266711739886375e+01 7.981983781673159228e+01 7.787003776608260353e+01 8.317296376219806575e+01 9.164724702008176394e+01 8.240045871807672029e+01 6.201574229240198122e+01 5.032131801374272584e+01 4.137754395715629840e+01 3.654594398582042913e+01 5.059269004936562197e+01 5.895572673626438842e+01 5.521690997273277901e+01 4.254551327964405516e+01 2.275356736574128647e+01 3.815152198235428216e+01 3.674744692095852372e+01 1.715801970909959451e+01 2.496154305204602863e+01 3.868586378598586606e+01 2.698798786352448786e+01 3.611727697052063490e+01 1.673958186546745353e+01
3.411803931810562015e-03 2.000341180393145635e+01 2.825283133527735657e+01 3.580999823579524133e+01 2.995651123746304378e+01 4.994156593434339442e+01 6.960186681353208371e+01 6.919296957510195512e+01 6.097145320268241875e+01 6.919296957510195512e+01 7.265495181920456957e+01 5.285351246413873838e+01 4.815591288955484117e+01 6.473845484561663000e+01 5.155217277236221207e+01 6.154741991935133427e+01 5.787899523638680677e+01 7.787003776608260353e+01 8.920917378959326527e+01 8.347384695931931731e+01 6.309550207102734731e+01 5.138889254355257918e+01 6.154842051652230595e+01 4.809281784507940216e+01 6.502880500343741232e+01 6.005202343784426944e+01 4.705467186037902394e+01 2.739959075960171830e+01 4.254551324906076104e+01 5.004744613712243506e+01 4.053637226040447672e+01 1.980926838885255847e+01 3.912434081060004587e+01 4.712125522554127599e+01 4.547850889938596453e+01 3.693136099673802164e+01 4.482539172889739376e+01
3.327314952832964925e-03 1.000332731495274530e+01 2.155033269874505564e+01 4.155033269874434154e+01 4.994156593434339442e+01 5.820586987086298336e+01 5.927781393416764644e+01 5.100547675879956699e+01 4.100999784114717528e+01 5.924792011474769282e+01 6.934205700850696985e+01 4.955619486607912449e+01 3.687473214231782492e+01 4.752842914025413990e+01 4.001390215245616844e+01 4.155973729978394715e+01 6.154741991935892287e+01 6.094256458811332067e+01 8.093460030465092814e+01 9.177522182617374824e+01 8.006677448980354939e+01 6.309550438647972470e+01 7.671291890087499610e+01 6.835402997473285325e+01 6.531310095855874920e+01 5.188139664382963190e+01 3.227505097378617904e+01 4.705467186522856338e+01 5.520266823040588378e+01 6.056118395020670420e+01 4.528246219973898690e+01 2.616965769478314030e+01 2.353690480251963990e+01 4.514685369666157300e+01 6.287191854625940834e+01 5.086267062533665495e+01 4.060466243953198529e+01
6.779948344387334673e-03 1.414891557207521267e+01 3.414891557207450035e+01 4.983460394585910080e+01 4.593387861129125582e+01 4.374551375268828934e+01 4.549888511784672573e+01 3.101437911555123250e+01 3.101436119583907924e+01 4.847275794096842816e+01 5.675275179216023247e+01 4.955576295931233943e+01 2.985427567984250175e+01 2.754178599826522955e+01 3.002040820636029395e+01 5.000752598944561100e+01 4.462347547352474919e+01 5.616144341285156827e+01 7.029788525747402161e+01 9.029093760900961740e+01 9.179020666104121062e+01 8.347579598114892008e+01 7.872775010097535642e+01 7.055844081960526637e+01 5.713693960210453326e+01 3.747238734707330821e+01 5.188139701230859657e+01 6.005202583502975244e+01 6.752399200814194558e+01 5.275566789008111357e+01 3.444676034367877548e+01 4.519699877532682564e+01 2.604735283669844037e+01 4.574227618219947544e+01 6.144300531752706718e+01 7.128030635601999165e+01 5.581008387048063213e+01
9.516927588586143695e-04 1.414308731614310233e+01 3.414308575775564236e+01 4.593386931735173562e+01 2.593963492615329258e+01 2.375262762293348473e+01 2.550633810312256600e+01 1.947402756020306924e+01 3.501537599166282178e+01 2.848014876072227253e+01 3.892891970721065320e+01 4.095852522576438304e+01 2.408956700185942168e+01 4.408056388048233742e+01 5.000752598944561100e+01 3.394030168427583760e+01 5.392729857210658651e+01 6.662012019254748907e+01 8.117343605742861712e+01 8.274877442336557465e+01 9.102366752544368467e+01 8.190391911570475258e+01 6.225210904465221518e+01 5.080161368412534273e+01 4.334296312063549550e+01 5.135959033403325691e+01 6.531311307639866470e+01 7.036028066657792124e+01 4.981472568264702971e+01 4.311523016896849470e+01 4.895564630533761630e+01 2.970557938607433712e+01 4.566216307642220329e+01 3.407580071469627114e+01 5.327014629996544670e+01 7.065611695796563652e+01 7.680468703489600557e+01
1.945935296826602993e-03 1.414408155902790121e+01 3.414408155902860642e+01 3.546520663712882993e+01 2.718315035746226727e+01 9.612069362488908197e+00 1.136745867279932121e+01 1.315045178325429553e+01 1.502452822733104121e+01 1.694039760758320057e+01 1.893976564137650698e+01 2.096906473044413133e+01 4.095852522576437593e+01 5.236083213637243716e+01 6.220590903536804461e+01 5.392729857210658651e+01 3.835537771841831045e+01 5.834149299204957373e+01 6.117875228884712868e+01 6.275099096291385337e+01 7.948139565195312173e+01 9.008537919459220689e+01 7.872775010097538484e+01 6.261653203451207617e+01 4.860053798174078565e+01 6.837659335868221433e+01 7.926664594743778025e+01 7.430117020244694004e+01 5.626405439176894419e+01 6.135320344345532817e+01 5.122496115749404311e+01 3.217719212334633028e+01 5.120829210750509475e+01 5.327014629776938648e+01 4.301890399903302153e+01 5.659697712696641503e+01 7.645160764630877281e+01
5.600688922766023682e-03 2.000560068891724086e+01 2.321436648051705021e+01 2.484294530132335055e+01 7.185263982012608963e+00 1.613143197900858183e+01 3.136201955054445278e+01 3.314307482433589769e+01 2.656569974386866306e+01 2.587877113260062245e+01 3.892891970602047280e+01 3.250804169849087799e+01 3.038996231291309869e+01 4.452711083046548168e+01 6.452252288677865977e+01 6.660638534531038601e+01 4.989305113883060017e+01 4.320311422687176872e+01 4.704879185606343839e+01 5.121407484995205550e+01 6.534604207188429825e+01 8.534311373774836795e+01 9.047802751307156655e+01 7.534787634373802234e+01 5.563011005676855802e+01 6.837659350266221736e+01 8.805553584729661054e+01 8.277066741270344608e+01 7.471328103385040720e+01 6.736805376313220961e+01 4.781902947294054229e+01 3.455605671182276950e+01 5.354480612195619926e+01 6.729896409449371220e+01 6.241226376805806098e+01 5.659697712696640082e+01 7.645160764641620688e+01
8.215197286175309616e-03 1.609500495227941474e+00 3.215971383647102222e+00 4.843686477521933931e+00 2.484294530132335055e+01 2.718353240284432459e+01 3.026880193396125307e+01 5.026266713517144069e+01 4.070153000176958358e+01 3.741976132066400140e+01 5.415123908487479554e+01 4.664567056103324916e+01 4.452711081905734858e+01 4.452711083046548168e+01 6.452252288677865977e+01 7.814822645357882891e+01 6.988077414240640906e+01 5.135969277231877328e+01 6.703505957698405382e+01 7.120304875927794797e+01 5.850814314587123732e+01 7.264765416561600375e+01 9.264517643183609152e+01 8.351965517583722942e+01 6.554513656551388578e+01 8.351965517583722942e+01 8.955697546630644013e+01 7.794683381844455994e+01 6.963638965891352939e+01 6.521978288565743753e+01 5.659905888424854936e+01 3.752525649708024957e+01 3.988641140700557486e+01 5.907944850447250928e+01 7.350781057790889861e+01 7.645160764441328638e+01 8.471525630403313301e+01
2.613274238814250559e-03 2.000260650003435003e+01 1.840696192055863989e+01 1.908616008168036515e+01 3.190769658721672286e+01 4.717741572570771069e+01 5.026266713517144069e+01 5.854450322911218763e+01 6.069625169670842979e+01 5.741483381199448388e+01 6.569450505850069533e+01 6.664054259654095347e+01 6.452251798205983846e+01 6.452252288677865977e+01 7.280017554694636317e+01 8.921312736883095340e+01 7.962617510355518391e+01 6.289792090007116343e+01 7.962617510355518391e+01 8.678156066310461370e+01 6.744837455108215352e+01 7.005191046338505600e+01 9.005164487915826044e+01 9.335024615150069849e+01 8.515061612266858049e+01 9.335024527232569369e+01 8.127265449631406113e+01 6.111805258760907833e+01 4.988472370903772912e+01 4.569919436415727176e+01 4.184374694855400634e+01 5.659905888424854936e+01 5.907944850610510912e+01 4.574100746713244803e+01 6.524814796822411722e+01 8.347349718159232168e+01 9.349758728732695090e+01
7.532853315450405325e-03 2.000753285331509446e+01 3.731890859664213878e+01 3.512281552550752650e+01 3.916151299000174646e+01 4.800703313559361618e+01 5.174126407973029274e+01 6.040819521120190672e+01 7.077372487748500873e+01 6.886467880911625628e+01 6.053476412929968120e+01 6.904309739340497742e+01 7.263853979906808433e+01 7.056214995252712185e+01 7.886852368719422657e+01 6.914882215973804591e+01 8.332639945533055936e+01 8.289434941264495649e+01 9.116696336147259672e+01 9.572268162465452690e+01 7.899893994664046204e+01 9.005164487915826044e+01 8.638439808900118067e+01 1.063690218566633945e+02 1.018694924782592182e+02 8.177619399298197322e+01 6.738254354947609670e+01 5.741761495951609362e+01 6.963638965891352939e+01 6.521978288565757964e+01 4.720551826239838533e+01 6.680829221818486019e+01 7.185668183572599332e+01 5.203108023322037923e+01 5.528628297830334049e+01 6.514517949088244109e+01 8.527484642677126203e+01
6.101047412966256744e-03 2.000610104741260997e+01 2.362183482380171284e+01 1.643175872874147458e+01 1.958780343647357114e+01 3.545614677389151126e+01 3.013813430488698231e+01 5.117438954881547630e+01 5.183546901532806572e+01 5.289496110100339621e+01 4.015569085822320261e+01 5.868153399822323735e+01 5.249862340318264842e+01 5.041075593661039278e+01 6.725068863225268956e+01 5.489668220834629864e+01 7.327497653568700287e+01 8.377415346673768681e+01 8.008542513531322982e+01 8.838049766533538332e+01 9.899347100325864801e+01 1.072603567005074865e+02 1.063690218567176373e+02 1.003346457707792467e+02 9.201824052913619312e+01 9.591285162794613939e+01 8.469654192935129799e+01 6.440377168909088823e+01 8.469654192935129799e+01 7.310619411976745141e+01 5.319047963046089222e+01 7.310619411976745141e+01 7.945562977081453937e+01 5.935451241408546252e+01 7.521001295855063518e+01 8.347349739797937218e+01 9.349758762471041962e+01
6.842009524227352091e-03 1.788572758310491118e+00 3.577342784189172509e+00 5.380350053286055534e+00 7.205256099564332217e+00 1.497095210672529753e+01 3.573364023635057407e+01 4.061336995472154854e+01 4.793565561240879447e+01 3.062528401285475965e+01 3.004631757795963054e+01 4.434382130163520941e+01 3.820687058547340342e+01 3.873017347229875185e+01 5.331056089739978887e+01 4.478177312938009891e+01 5.534575494488296954e+01 6.587233831087739588e+01 5.998508498500978448e+01 8.008542513531322982e+01 8.997312987395530115e+01 1.015361296291551838e+02 9.391876350475052959e+01 8.558726949990195010e+01 7.176843938795407496e+01 8.867254084995289531e+01 9.296656224983809125e+01 7.615436324596159068e+01 9.296656224983809125e+01 8.141545240798583905e+01 6.193548090813536788e+01 8.141545240798583905e+01 8.771620821216413333e+01 7.093263707192986089e+01 8.771620821216413333e+01 9.039357557074960425e+01 9.862677249571991922e+01
1.934550753332892102e-03 2.562672138318121462e+00 5.144660810604521295e+00 2.500311919417487871e+01 2.726734418247824365e+01 9.924752069790310216e+00 2.254186058685875338e+01 3.477038393434748542e+01 3.682959866313941433e+01 1.964811930286052899e+01 2.181519882517849140e+01 2.415495023750712633e+01 2.654631082233790451e+01 2.969523492378576890e+01 3.310449332313686455e+01 3.698983448110861616e+01 4.103522397798866450e+01 4.568570945313371112e+01 5.334785361502829915e+01 6.159886944253400998e+01 7.321268033298849787e+01 9.324904586804484552e+01 8.558726949990195010e+01 6.539268909502418126e+01 6.015886963239930196e+01 7.965572629988734832e+01 9.030021577080714223e+01 9.636537501452733068e+01 1.045652638533383652e+02 9.042445798515753097e+01 7.623495309654434493e+01 9.042445798515753097e+01 9.929515951126604989e+01 9.109900039859095955e+01 8.726579521572068643e+01 7.079817518036907131e+01 8.726579521572068643e+01
4.364784840791047053e-03 1.997527060555844614e+01 2.500240171166716152e+01 8.890963567535406398e+00 2.871705657158360836e+01 2.999419163474070515e+01 1.269680351328484669e+01 1.467729863559368653e+01 1.668971696574384467e+01 3.682965936908776428e+01 3.083335522610958179e+01 4.434382130163520941e+01 4.674042129259993317e+01 3.225190863996171942e+01 5.245460741282393258e+01 5.720001122528211113e+01 5.272836549504155101e+01 6.587233831087739588e+01 5.848222341799201729e+01 7.858894665008396885e+01 8.997312987395530115e+01 8.926009229002029599e+01 8.092928133638562826e+01 7.130754475239584167e+01 5.128633361233703880e+01 6.183332421278670665e+01 8.196698023772655972e+01 9.341153478596720561e+01 1.023186494590529634e+02 9.403307263398419025e+01 9.640796316027471846e+01 9.290118314496281471e+01 8.468299388903423619e+01 9.290118314496281471e+01 7.908016588048488416e+01 5.993747779255684094e+01 7.908016588048488416e+01
5.219006137575642711e-03 2.000521898416403843e+01 3.686501796541508469e+01 2.871705657158360836e+01 1.277569747072966777e+01 3.256055709464634873e+01 3.287128712689432319e+01 3.479510348308694034e+01 2.830032026940605761e+01 4.500760707779924275e+01 4.250092898125348029e+01 5.936226395920611765e+01 5.666779903365068094e+01 3.646204184473261023e+01 5.076575635567174771e+01 7.091659051253228085e+01 7.286996720798170202e+01 8.117203272831872596e+01 7.271753250232794130e+01 8.688481758342881278e+01 9.286481127277382086e+01 7.268868445788749000e+01 6.081747616084027186e+01 6.450806117426830610e+01 4.561244269746793378e+01 6.552791893178826399e+01 6.495261927795715451e+01 8.508884812155149291e+01 9.403307263398419025e+01 7.428002164314207789e+01 8.006555632923611654e+01 8.312872499845221341e+01 6.526049744794599405e+01 8.312872499845957464e+01 7.231220360192847352e+01 5.362148590436765971e+01 7.231220360192847352e+01
