LEM/sinusoidal_perturbations/elevation_000544.asc
nrows	100
cellsize	150.0
xllcorner	0
ncols	100
yllcorner	0
NODATA_value	-9999
[rows 68 to 84 of 100, columns 37 to 73 of 100]
8.059981186351079430e+01 7.671294962294277298e+01 6.847800553085545516e+01 6.405825729493288634e+01 4.393235830391839869e+01 5.560257599556233998e+01 7.560893275491893917e+01 7.434491833708669617e+01 5.434859064590130373e+01 4.031087802022916833e+01 6.020537942782117824e+01 7.067911088717650614e+01 5.010031737772235516e+01 5.165614709850581932e+01 5.975870907909622787e+01 4.163993729595871685e+01 5.153180348915218190e+01 6.347160823601437585e+01 8.336030263781921690e+01 9.693087768554659078e+01 9.249527051976879477e+01 1.005823788288467000e+02 8.914242624202938714e+01 6.930565358682493127e+01 5.905241702119780456e+01 7.814918692939045286e+01 6.699893051828712487e+01 8.391684948947373357e+01 9.163709982784043007e+01 8.265807319365698902e+01 7.446635335618027796e+01 5.710720167957232718e+01 7.694699138840363162e+01 8.395550343653597736e+01 1.031149767379161943e+02 1.041594807937350851e+02 1.041594807937350851e+02
7.404309514275271908e+01 8.967105687473210196e+01 6.978420970783309940e+01 5.560257599556053520e+01 5.004014684236201305e+01 7.010934960670772398e+01 8.382346206742742822e+01 7.799176618610266587e+01 5.801715787915011191e+01 4.380885808033532669e+01 6.386758520071138179e+01 7.885590401459920429e+01 6.483749140269281952e+01 7.216851760405684502e+01 6.498637102433364987e+01 4.410305397581400655e+01 6.482278673719072515e+01 7.132781148936570048e+01 6.906937702641461385e+01 7.854974646172648534e+01 7.277332126248511202e+01 9.249527051976879477e+01 9.733807772383126178e+01 8.566944254126977398e+01 6.573862848940427739e+01 8.566944254126977398e+01 8.896035298816671855e+01 9.698762637510505158e+01 8.693819848553427221e+01 6.720837854604002359e+01 6.299092732877264211e+01 5.913468032611897485e+01 6.798963047908191015e+01 8.766618476655803249e+01 8.939913909231351852e+01 9.229026770878788000e+01 8.430673831481107072e+01
6.387858267491063913e+01 7.213300152433832579e+01 8.382343834240553804e+01 6.978420970706974913e+01 7.010934960670772398e+01 6.013499280482248821e+01 8.008370640859308764e+01 8.190101222806566739e+01 6.196769037666119573e+01 4.772384289149805880e+01 5.937515507250463287e+01 7.932280791187567104e+01 8.478421011011070618e+01 8.859800390318085306e+01 7.299833923995852558e+01 6.483298428150122561e+01 4.760572125074111938e+01 5.113754991813355133e+01 5.483835793575708095e+01 5.866912181240433455e+01 7.854974646172649955e+01 9.276436836629279981e+01 1.041031850298643349e+02 9.389769777377790660e+01 7.571303438874672054e+01 9.389769777377790660e+01 1.070342326162797946e+02 8.739106834729619777e+01 7.344435700640060816e+01 8.616116445561095816e+01 6.637207084904460430e+01 7.893660725163867653e+01 6.234530991191629568e+01 8.212414823068507985e+01 6.959737500551145217e+01 7.247039863591133724e+01 7.544312519610306822e+01
4.495908833910444713e+01 5.823067566576948195e+01 7.760751268079009435e+01 8.967105523791370558e+01 8.828855547538177007e+01 7.014736817260208568e+01 8.828855547538177007e+01 8.377252313119404903e+01 6.387279170937159734e+01 5.225994384811954063e+01 7.228340783800358338e+01 8.755144040142701556e+01 9.188817761622358660e+01 7.220812477683239194e+01 6.066935449498356547e+01 5.225915372843059714e+01 6.792491103255305518e+01 6.143422032211299211e+01 7.485800720496212080e+01 7.854974646172649955e+01 6.487240091584172319e+01 7.632886991714680391e+01 9.602798294779326227e+01 1.038433114013061100e+02 9.562585382332179051e+01 1.038433595485058873e+02 1.001038880820392194e+02 8.041953400854750100e+01 9.314441795772019361e+01 9.166242725513480138e+01 7.184634094668153637e+01 9.025366705683777013e+01 8.198945467471763493e+01 6.561720150118954109e+01 8.539844182297919417e+01 9.229026770877096908e+01 9.528106444920076967e+01
6.387858267491063913e+01 7.213300152433832579e+01 8.272842814829598979e+01 9.101711542325602977e+01 9.821030026753371089e+01 9.002004464458410382e+01 9.821030026753371089e+01 9.199850635670337340e+01 7.803779625057273961e+01 5.810401005646213690e+01 6.863421805387611130e+01 8.852044035194792571e+01 9.990534788953985412e+01 8.859800390318085306e+01 7.570310854670574940e+01 5.573115698052542655e+01 7.569509980656123105e+01 8.131633042089602270e+01 8.131734184862632731e+01 9.276436836629279981e+01 8.465469473675261725e+01 7.238176831973498793e+01 8.123978966061926599e+01 9.264769302657819594e+01 1.121914525509346987e+02 1.105964821067415045e+02 9.096663613727415054e+01 8.787962043573314475e+01 1.075316613817651472e+02 9.764679057982759502e+01 7.780352103777345008e+01 9.764050833852822109e+01 9.344100612002158357e+01 8.539844182304308617e+01 7.185048990533911706e+01 9.166330472394660944e+01 1.076994605986662634e+02
6.503009411433878029e+01 7.329293848274711820e+01 6.283080631068701649e+01 7.951010291356375603e+01 9.159981875061261292e+01 8.331665368316438958e+01 9.160235499911399870e+01 9.789535095751426752e+01 7.803779625057275382e+01 6.519097045617340314e+01 8.506395858459652004e+01 9.674736355901453067e+01 9.680544326977891956e+01 7.718396688196428101e+01 6.313964634974056622e+01 6.042491794855902043e+01 7.449696216968635554e+01 9.414316979404767949e+01 1.009830579434800342e+02 1.059798119228303079e+02 8.636781220663878855e+01 8.381116907663304971e+01 1.001986943825743595e+02 1.089665904366093514e+02 1.202249642824960318e+02 1.186602427850082790e+02 1.008198775456400966e+02 9.774026932463291928e+01 1.156022196319463831e+02 1.046665229012488822e+02 8.481172159488325235e+01 1.046665229012488822e+02 1.031138006503762767e+02 8.328095993393969820e+01 9.166330472394660944e+01 8.028304077945453798e+01 1.001210723862271408e+02
4.511936323873042198e+01 5.865210891054144327e+01 5.133648812707870945e+01 6.715136967465201678e+01 7.183991236034276540e+01 6.343834698853570586e+01 7.747856040952943601e+01 9.741105764277311607e+01 9.328895518764640826e+01 7.513647582775635669e+01 9.328895518764640826e+01 1.052977118361902313e+02 8.562404373014886971e+01 7.163556123018656763e+01 8.293096425906348657e+01 7.449620318649390072e+01 6.798237811140604947e+01 8.770605065823126267e+01 1.055027705942073482e+02 1.140297014576283345e+02 1.059798119228303079e+02 1.034512261951691130e+02 1.115045200064458015e+02 1.126527138385352913e+02 1.210719771976829975e+02 1.284174625274419554e+02 1.146836416882277803e+02 1.116256913328744105e+02 1.253712446367862015e+02 1.128283031478485725e+02 9.886988938384460823e+01 1.046665229012488822e+02 1.112684522901881223e+02 9.474920678795956519e+01 1.067333257720352577e+02 8.689656561461112005e+01 1.067333257720354567e+02
3.518136822477959669e+01 3.873409873134593084e+01 4.288384371807911322e+01 4.723934333074393521e+01 5.194784222945085617e+01 5.948013291028640737e+01 7.351871111302372697e+01 9.342852781562494613e+01 1.032168758109032751e+02 9.499144134143666918e+01 1.032168758109032751e+02 1.050044174462632185e+02 8.560592538862921685e+01 8.306258658711087151e+01 9.931193819011724599e+01 9.411661450448798405e+01 7.789568270670180539e+01 7.789568270670181960e+01 8.929650887571446560e+01 1.087450241232829313e+02 1.132242031349308746e+02 1.048323612699370386e+02 1.057968625548665784e+02 9.256755674877398121e+01 1.094350962787528374e+02 1.195055698566236799e+02 1.341086219000055735e+02 1.310777023049998036e+02 1.263295805951480020e+02 1.180064663025147240e+02 1.186608341550728198e+02 1.244133321074389471e+02 1.226650458731893565e+02 1.145400483587768008e+02 1.148699333565762686e+02 9.684216193259879901e+01 1.148699333578151993e+02
5.044961631814148717e+01 5.865210891054144327e+01 6.280620929556089749e+01 6.715136967465201678e+01 7.183999506123700485e+01 7.183999506123700485e+01 7.351871112701977040e+01 9.342853124026709111e+01 1.088235789012770596e+02 1.008658856877890599e+02 1.088235789012770596e+02 1.128467703879892525e+02 1.050044174462632185e+02 1.025676162523266584e+02 1.104705526763893886e+02 1.055027705937147431e+02 9.183312180317179241e+01 9.183312180317180662e+01 1.055027705942073482e+02 1.166834373075674165e+02 1.016349995508113864e+02 8.483656782860410317e+01 8.579137682457744063e+01 8.110405072692559258e+01 9.102196922993367423e+01 1.110911167421578227e+02 1.238015028507539625e+02 1.156367814770297002e+02 1.147915409615933982e+02 9.806727087273175414e+01 1.146597052432780544e+02 1.184775364915144706e+02 1.131205772078955647e+02 1.189242985717148429e+02 1.247296489428779438e+02 1.166244896114741039e+02 1.247296489531415631e+02
5.870412767291253431e+01 6.936417994069876158e+01 7.154413743089325806e+01 7.982468063640625644e+01 8.864450263314840583e+01 9.175642772472767206e+01 9.342853124026709111e+01 1.017395698448849828e+02 9.949672658770774092e+01 8.244325682907582120e+01 9.949672658770774092e+01 1.009690572547362137e+02 1.009824824902952827e+02 1.093503724936066135e+02 1.163734968505523284e+02 1.080669705847492565e+02 1.112371108392192554e+02 1.112371108392195396e+02 1.115665387035404450e+02 9.999302014743452105e+01 9.165536543055830521e+01 7.346464181153243089e+01 7.185549106986184142e+01 8.579137682457744063e+01 1.057968625548665784e+02 1.195055698566236799e+02 1.156367814770297002e+02 9.601020099298857247e+01 1.017586933252606514e+02 8.648713057593738540e+01 1.061569865145026768e+02 9.884890479982099976e+01 9.311177253580291335e+01 9.892103952003402867e+01 1.123343263251131816e+02 1.210762240158488510e+02 1.332083305571040057e+02
6.354578987076679653e+01 4.945087142681540371e+01 5.162881462847344238e+01 6.042909473905088191e+01 7.306151123771580558e+01 8.133973264899789513e+01 9.130606297029609664e+01 1.035760738965217485e+02 9.165457125843241215e+01 7.312013164927280684e+01 9.165457125843241215e+01 8.137477690835662258e+01 8.137491040379084950e+01 1.009824824902952827e+02 1.046713627904335340e+02 8.770923950161784433e+01 1.038139347367760479e+02 1.121377913726391569e+02 1.031819447756054871e+02 8.321732371250979554e+01 7.188750111495106410e+01 6.481562663916503197e+01 8.442260560846193584e+01 9.999141442814377001e+01 1.084600900063949496e+02 1.168635566476083625e+02 1.156367814729096466e+02 9.601020099298816035e+01 8.222269500297812783e+01 7.899096929896684571e+01 9.833654900650610386e+01 9.214154645099529262e+01 7.932500382767875635e+01 8.543490071587800117e+01 9.232732100265394592e+01 1.037549914908592115e+02 1.244364346037944813e+02
4.927920928475017348e+01 3.536988090546505248e+01 4.049968958384496176e+01 4.652138151507302410e+01 5.317457564578992901e+01 6.311702395535588295e+01 8.300599852010785185e+01 9.584364202940351163e+01 7.762979353362040058e+01 6.666952343263464797e+01 7.845202659585629590e+01 6.773962124337546697e+01 8.137491040379084950e+01 1.009824824900305202e+02 9.557444323668384811e+01 7.590437730926186077e+01 8.344923085771310411e+01 9.360386419628356691e+01 1.019679337137357606e+02 9.642361566138234252e+01 8.024238364663851542e+01 6.075225444241821293e+01 8.024238364663851542e+01 9.642361566115604887e+01 8.843095577907980953e+01 1.052559959495902575e+02 1.171562228016847058e+02 9.752735584964113968e+01 8.372889777766430086e+01 7.256075281630504037e+01 8.600019844379205836e+01 7.270776532078546950e+01 9.219601857749896112e+01 1.051812676372038595e+02 1.123343263261175906e+02 1.210762240158488510e+02 1.292360357665811250e+02
2.946389892113325004e+01 4.927920928473763240e+01 6.042909473908275686e+01 6.643253270708186164e+01 7.306151123773179279e+01 8.133973264899789513e+01 9.130606297029609664e+01 9.228673672656360338e+01 8.042603116847460853e+01 7.155374273704478583e+01 5.889348680685915838e+01 7.845202659585629590e+01 9.536264144869872439e+01 1.015981827198553304e+02 8.121659474019993752e+01 6.663461740768227060e+01 7.912521988753992730e+01 7.312796905008218573e+01 9.360386419628356691e+01 8.810495218972940279e+01 6.842348724245373148e+01 5.729948102645012398e+01 6.842348724245373148e+01 8.810495218972933174e+01 7.703148913455164859e+01 9.633062321254357130e+01 1.078723787929934446e+02 1.017225346483089226e+02 9.043586228115296421e+01 8.232015346886345242e+01 6.653840149348656041e+01 7.195781537304830522e+01 9.140038792116875754e+01 1.070531613235963704e+02 1.152320477462372708e+02 1.266095807045185921e+02 1.176054676763448157e+02
4.367387642180562324e+01 5.197225420996996093e+01 6.388790255747286295e+01 7.138542056577612982e+01 7.501870990371516257e+01 7.501870990371516257e+01 8.330456597369366989e+01 8.426512447172990505e+01 6.491123102551328827e+01 5.335432936817170457e+01 7.309114888068941696e+01 8.588937212823540790e+01 8.541167948767588314e+01 9.336393259976510706e+01 9.557420726898203611e+01 7.912521988753992730e+01 5.825619018757917900e+01 7.912521988753992730e+01 9.488077173926767216e+01 9.012920946746719153e+01 7.358788387573981993e+01 5.411984048648825762e+01 7.358788387573981993e+01 7.920728183604454387e+01 6.832347492412996814e+01 7.960096688509884189e+01 9.950278887384610016e+01 9.356881607755421726e+01 7.408631064095237662e+01 6.275530615018283953e+01 8.229443071106530283e+01 9.135546086371489594e+01 8.059215427575459501e+01 8.743877108665702735e+01 9.874042948750330595e+01 1.184085641847654955e+02 1.092403773108382836e+02
2.471270818437415429e+01 3.762699253099075491e+01 5.012051033723495408e+01 5.097433981517052359e+01 5.510055449719768461e+01 5.510055449719768461e+01 7.501870990371516257e+01 8.343077280466124535e+01 6.401514434326612957e+01 4.981339040684132868e+01 6.969321103931318362e+01 7.131529072108502021e+01 6.621372934395145649e+01 8.541167948767588314e+01 8.818245764824315813e+01 7.457121049876749908e+01 5.348122265097434536e+01 6.584737830110576340e+01 8.648820859019269847e+01 8.184896019924298116e+01 6.227423321058834205e+01 5.099782441350323836e+01 5.481003023582145062e+01 5.968895616345290023e+01 7.341395786305446336e+01 9.319360314285823677e+01 1.049442784488928595e+02 8.538188088628750450e+01 7.161360365470117983e+01 6.017609332284202139e+01 7.413978020642495892e+01 9.363127015006801912e+01 1.001184271511010166e+02 1.070531613235963704e+02 1.152320477462372708e+02 1.153263469380171955e+02 1.021960774185360492e+02
4.392737271128218168e+01 2.534707478412967063e+01 3.065175906901534120e+01 4.997045642300973611e+01 4.101550758529944574e+01 5.510055449618306511e+01 7.501870800712731580e+01 8.125451264571987053e+01 6.649080878279585249e+01 4.645926018899861987e+01 6.201885720115642187e+01 5.215163846571446271e+01 7.183667875616707477e+01 8.552535702019667951e+01 7.350974094782513646e+01 5.883682823924521443e+01 4.922999508325077755e+01 6.436067589182279391e+01 8.505203959341372411e+01 8.149601911982792046e+01 6.189102491841875775e+01 4.798089692272983342e+01 6.763319477488848008e+01 7.920728183604450123e+01 8.747398527678666369e+01 9.534564958188329342e+01 8.720389123724659441e+01 8.237841767920107827e+01 7.424891661871637893e+01 5.767577073789617970e+01 6.771677721251617754e+01 8.153162554148025265e+01 1.011161478730609673e+02 1.026953026195079701e+02 1.110314506277871800e+02 1.069783139030909496e+02 8.704374076563765072e+01
5.309494160075821156e+01 4.501390131011898177e+01 2.598219209511200134e+01 3.174158128204622642e+01 5.154456954361470622e+01 5.697462126645678637e+01 6.086593088519789774e+01 6.135516872745171923e+01 7.451036110915667621e+01 6.204766958537399546e+01 4.191761810821054723e+01 6.204035541653548336e+01 7.974299198972410352e+01 7.707243599530602296e+01 5.609384857017730752e+01 4.376667284414766357e+01 6.496044109076703421e+01 7.893071774860072765e+01 8.414733493006454523e+01 7.575123182743239170e+01 6.521416406790102371e+01 4.548494774888243342e+01 5.946958244288552464e+01 7.908281115293540608e+01 9.026376491108861444e+01 8.212676142703537607e+01 6.753460928335289282e+01 7.114398977258906598e+01 5.424959632061288772e+01 7.424930118227939602e+01 8.560581694015100140e+01 9.549891311894619150e+01 9.858464097940426996e+01 8.283754338535095485e+01 9.952133619456574820e+01 1.041832582633382458e+02 9.070180309251885831e+01
