LEM/sinusoidal_perturbations/elevation_000028.asc
nrows	100
cellsize	150.0
xllcorner	0
ncols	100
yllcorner	0
NODATA_value	-9999
[rows 34 to 50 of 100, columns 37 to 73 of 100]
6.077098046355275329e+01 7.937147071587574487e+01 8.816969747670758295e+01 9.682088586012712028e+01 9.253214546107192007e+01 1.060206194982063153e+02 1.080632939704258320e+02 1.159406718928018307e+02 1.008317767041604185e+02 8.059751223973364631e+01 1.008317767041604185e+02 1.067713424332086873e+02 8.780700651712452043e+01 7.460315146551702981e+01 6.793809048149056196e+01 7.862539211671483486e+01 6.639882606281419442e+01 4.644716800555196556e+01 6.562764369133294906e+01 6.926836048682044122e+01 7.770259275039501290e+01 8.761638597549003293e+01 7.382392290176039751e+01 6.669859909711540524e+01 8.627654286344838397e+01 1.027460191056194958e+02 1.075720147790832755e+02 1.067899680194374952e+02 8.721221857278624157e+01 9.294639966281062016e+01 8.586464169667387125e+01 6.629189019057275800e+01 8.131448234306127176e+01 7.147020504761771065e+01 8.984624419106224025e+01 7.995269818277914453e+01 9.953327794753946023e+01
6.942950312494116361e+01 7.646542994443642272e+01 7.195673334275305422e+01 8.713791963126504925e+01 8.140857825622144617e+01 9.528722181931993873e+01 8.999524482524866187e+01 1.080632950490193593e+02 1.094968820478479898e+02 9.056305051056963862e+01 1.094876952447691281e+02 1.061035653143314903e+02 8.777331384789349045e+01 9.336156319611619381e+01 8.691732489475681689e+01 7.965358276304729657e+01 6.674472206946174424e+01 4.683424043285563698e+01 6.674415247815865371e+01 8.207046303442966462e+01 7.443574249632634121e+01 7.384793284641449418e+01 5.992960254692651745e+01 7.956125051019111538e+01 9.439512535468109888e+01 1.016391210295187619e+02 8.753018120285993575e+01 9.602897144270450269e+01 8.790207867275832143e+01 7.337027451829945335e+01 8.799604240348769224e+01 7.985762594135624681e+01 6.176007551797344775e+01 6.280077952656973395e+01 8.235710632143775456e+01 7.302367508330220858e+01 9.261049907683191407e+01
5.454851570818728135e+01 5.789749281861075048e+01 6.140810496512620631e+01 7.956486841193424198e+01 7.298482020086649413e+01 7.797084913392328076e+01 9.005209623657182760e+01 1.086371406446129555e+02 1.202632760822729807e+02 1.118317543971607648e+02 1.207281908671071875e+02 1.143410334465366134e+02 1.065038949581002043e+02 9.667397468712044883e+01 7.702398457739153059e+01 6.355441216496149792e+01 5.401249853441810700e+01 4.722815941972667986e+01 6.719511062626635578e+01 6.820785605138048879e+01 4.970625439539374923e+01 5.390496357834396690e+01 7.389475003281319232e+01 7.956125051019111538e+01 9.913400749001240797e+01 9.340029834992340341e+01 7.361106871615278635e+01 8.088449058576375705e+01 6.833202593124060797e+01 6.538759909180208751e+01 7.852597923558231230e+01 6.036143017208182471e+01 7.991577688781161726e+01 8.235710626942710633e+01 6.428931915727376634e+01 8.385100563158276543e+01 8.647281725850706380e+01
6.817575387334888148e+01 6.886408209907114042e+01 7.956487802294346068e+01 6.670584962487295400e+01 8.435412626546673209e+01 9.528725346215628633e+01 9.287151099045857450e+01 1.087456574650882715e+02 1.036816673788632386e+02 1.125429065288984560e+02 1.238229684496845238e+02 1.127387214111389682e+02 1.045695663443329693e+02 9.859085240716936482e+01 8.473037107479593999e+01 7.176730473135290822e+01 5.199348904965339102e+01 5.542563829759276928e+01 4.780109372109988186e+01 4.821185805827394688e+01 4.862889315376566657e+01 4.975051296451591298e+01 7.579391241166679549e+01 8.634444807291052371e+01 9.444917252749809222e+01 9.590377174635955271e+01 8.088449059336024050e+01 6.216285003678073195e+01 5.701648553309429701e+01 5.799031713406347421e+01 5.896653814059627052e+01 7.852597925631117448e+01 8.803712366251230037e+01 9.185772137499861856e+01 8.346261024757305336e+01 6.580649165765591135e+01 6.689456521922325294e+01
8.636622068135905295e+01 8.155426471541481703e+01 9.193194760274209898e+01 7.687012310183266095e+01 7.915148492338416020e+01 9.714096409004247334e+01 1.095894799207481327e+02 1.006106980554246348e+02 8.277975181669584970e+01 1.006330332159316470e+02 1.149963687729751172e+02 9.553574229454558520e+01 8.498046718566268964e+01 8.857513385782445425e+01 7.086988974242234463e+01 5.694888026130188763e+01 7.176730473135290822e+01 7.362191419481301580e+01 5.945997364168857757e+01 6.821010719553397905e+01 6.863185376284140204e+01 4.923080282091256521e+01 6.923022857989256806e+01 6.674421284008055011e+01 8.280014457350617363e+01 8.010110017353549949e+01 6.819727585048754293e+01 5.563045387914223028e+01 7.525999639991111678e+01 7.515657272508271092e+01 6.907057084789455814e+01 6.879110397954090672e+01 8.840106786944498651e+01 9.925949613912119673e+01 7.964760219604355029e+01 7.460055706445034218e+01 8.646472340327099460e+01
9.857195018088235372e+01 9.967447229293308908e+01 1.020324479899667551e+02 9.448531867872314649e+01 9.705758959000957020e+01 1.051793055779377681e+02 9.798923063042279580e+01 8.981482633304766239e+01 7.193207856409591727e+01 9.208700798321004299e+01 1.068077644746185229e+02 8.722099010626985205e+01 7.592076072202912940e+01 6.898939136505728698e+01 6.353986154627877880e+01 6.291470909413408918e+01 8.251768093143326155e+01 8.729321658801048045e+01 7.916815752656745531e+01 7.705291913442208340e+01 6.046302669391759821e+01 4.966053747475456959e+01 6.965476523882726667e+01 5.660218847648331320e+01 7.463124271272857868e+01 6.252613395247644945e+01 5.424065032224413585e+01 7.393192626697323533e+01 7.014500004447437220e+01 8.937772363667085074e+01 8.166951080482739656e+01 8.257388441109550570e+01 8.267760600817601357e+01 1.022187271186455035e+02 9.352572108257999162e+01 8.903907814424363210e+01 9.473060893086237400e+01
9.954584817869528024e+01 9.140545697592291674e+01 9.955104032237703393e+01 9.269605528103721781e+01 8.457578658749626754e+01 9.269679326008218823e+01 8.661420462715696544e+01 7.012622111481314846e+01 6.452409592567607888e+01 8.460624301091158372e+01 9.918296547299729582e+01 1.036571179175530943e+02 9.549933502049648837e+01 7.954828389870958461e+01 8.314205024532336097e+01 6.946314161635517337e+01 8.904495058844027255e+01 1.009546840226486779e+02 8.964648778135594398e+01 7.534911848668056678e+01 5.573050404105622846e+01 6.513526532328654639e+01 5.029000899149045978e+01 5.074537185756106084e+01 7.063772940046828808e+01 5.283099202766000957e+01 7.260947861271088755e+01 8.204739041809794742e+01 9.064768408969176505e+01 9.890784796739065143e+01 1.027186759587970357e+02 1.020446544470424186e+02 1.022187271186455035e+02 1.103498939729518611e+02 1.131919880839046613e+02 1.104930395785038399e+02 1.145183235458299151e+02
8.778276901179937397e+01 7.177267185020957641e+01 8.971877970200986852e+01 8.285427406360898317e+01 6.486177749359907807e+01 8.285427405123419931e+01 7.773098918982579164e+01 5.852852838965559101e+01 5.787611152221592903e+01 7.801446094788177277e+01 7.957138662191746903e+01 9.345104884809722989e+01 1.072838031602133384e+02 9.913247674253931052e+01 9.644153062815000510e+01 7.687201928936025297e+01 9.644153062815000510e+01 9.281886659875677026e+01 7.325537332022278747e+01 6.199757284603865060e+01 7.534911848668056678e+01 6.978184083812330130e+01 7.025777668801843845e+01 7.068189650480618980e+01 5.139946765226832781e+01 7.123424471598578123e+01 7.998635952969665652e+01 8.884239200971875050e+01 9.712205507711945529e+01 9.793324241545447251e+01 1.060664769058869297e+02 1.046750644224339766e+02 1.046750644224339766e+02 1.128199808952033578e+02 1.191783040539416874e+02 1.110192501594890757e+02 1.114081985742998313e+02
7.637178425110903390e+01 6.180816232043344627e+01 8.158709499244099561e+01 7.471872922713251342e+01 5.476993007257926394e+01 7.471872922703516906e+01 6.953952302519915918e+01 4.927467324789696335e+01 6.675676550576196178e+01 7.136061405401856916e+01 6.558031721487535037e+01 8.333024552015052677e+01 9.145727127890442887e+01 1.002216691716115520e+02 1.045777886157474228e+02 9.070732455596450450e+01 1.045777886157474228e+02 8.986206650266991858e+01 7.030728220925293215e+01 7.325537332022278747e+01 8.964648778135594398e+01 8.904087770157900650e+01 7.965558002884921507e+01 6.002751286522189389e+01 7.122746626009509896e+01 5.213496042106833528e+01 7.171900075222397675e+01 6.908336372424979288e+01 8.401777171984996073e+01 7.825499039999962747e+01 9.793324241545447251e+01 8.513663755375154096e+01 8.513663755375154096e+01 1.046750644224339766e+02 1.078971593574067640e+02 9.153990821263931821e+01 1.000825918598106341e+02
6.821562505259613829e+01 5.415694233759064247e+01 7.411027846109320194e+01 6.806911339393988669e+01 4.793887990872232763e+01 6.806897464266755549e+01 6.492517791193215260e+01 4.459698876256265976e+01 4.655282523367271352e+01 5.129290644705660895e+01 5.722070871318498320e+01 6.362523907298876225e+01 7.250621102248564398e+01 8.635188070601640220e+01 1.059330533309567670e+02 1.102851286878263437e+02 1.037157001409835004e+02 8.412370341887628911e+01 7.903560533323849313e+01 9.281886659875677026e+01 1.009546840226486779e+02 8.944242662538168531e+01 6.986873371782067466e+01 7.965558013642498736e+01 8.003545886530901043e+01 6.622357478099210937e+01 5.286653956766822660e+01 7.249544206332424778e+01 6.425292490041255178e+01 8.347234637130490853e+01 8.212868660597811754e+01 7.133704224671672023e+01 8.513663755375154096e+01 1.046750644224339766e+02 9.974886999032273138e+01 8.028925880797872594e+01 8.858557492758998819e+01
5.888386277467116514e+01 4.734930706275593337e+01 6.745888824381822246e+01 6.225797260058212856e+01 4.201629048083729856e+01 5.460783973383986023e+01 5.619720996406648084e+01 4.019738222857800025e+01 6.052169038003161461e+01 7.136060528795744062e+01 7.709897535165961813e+01 8.333024552015052677e+01 9.145727127890442887e+01 1.002216691723719180e+02 9.864131387063292777e+01 1.067725453778732856e+02 1.118652568048213141e+02 1.037156997435788099e+02 9.033782696746041552e+01 1.067625098751536541e+02 1.032793910373803072e+02 8.371096830385793908e+01 8.944242662538168531e+01 9.756537768296840341e+01 9.392050446728295299e+01 8.075242264897340760e+01 7.263823245417424346e+01 5.359267710269552509e+01 7.331470621265837906e+01 7.200683381296099128e+01 6.259112113834942193e+01 8.212868660457597514e+01 9.897830922447742807e+01 1.045647598422659712e+02 9.326562826773802328e+01 8.350744459923670604e+01 6.899732994453164281e+01
3.863161212069640982e+01 5.888386458165504678e+01 6.313209971268879883e+01 6.069567388030073829e+01 5.242292867061316741e+01 3.426511294962952547e+01 3.588222196644086637e+01 5.620266798235423522e+01 6.082734349660520934e+01 6.903768868846572104e+01 8.345830351266616276e+01 8.627935583367596450e+01 7.816012406274614932e+01 8.267696066762017892e+01 7.908905416033327640e+01 9.398828421875343508e+01 1.008885227577940356e+02 1.090341797948670290e+02 1.099356878115651313e+02 1.180938649188643552e+02 1.114197870620787825e+02 1.032793910373803072e+02 1.062285035296142723e+02 9.809309964655534486e+01 8.857809727543005351e+01 7.682846569356260602e+01 5.722881681752421912e+01 7.072052844122227100e+01 5.432599111335872522e+01 5.484031548721246452e+01 7.448885691418304589e+01 8.136064394756736817e+01 9.106876285109463254e+01 9.070954626964758916e+01 7.685433269790571842e+01 6.596956954730217149e+01 8.553681106680588186e+01
4.601616757637332000e+01 4.742890062824586295e+01 4.295260830208294323e+01 5.032085781047786810e+01 3.209464136755920549e+01 5.245326683971462245e+01 5.620295063499331434e+01 3.858904816631121548e+01 4.052741031437549424e+01 6.082773428291906725e+01 6.362656332263976822e+01 7.218192249040805564e+01 5.833273000361806027e+01 6.298859323947579014e+01 6.853393135053343599e+01 7.447587743312834618e+01 8.137352382261768469e+01 9.261483077536057351e+01 1.121916460402460842e+02 1.258892788676901375e+02 1.177238454998637991e+02 1.113348742146661863e+02 9.809309963550829536e+01 7.853119140665381792e+01 8.046131001650665837e+01 6.089781440994628525e+01 7.109896739206897109e+01 8.136335797394268354e+01 7.400303693186030785e+01 7.448974301085677041e+01 5.556206368020281872e+01 6.399761336065891015e+01 7.767497545673951720e+01 7.974898834373642842e+01 6.302771728616209401e+01 7.685433269790571842e+01 9.366151743446164346e+01
2.610012595275840752e+01 2.737974202443568572e+01 2.866274783081993505e+01 3.001582729835942587e+01 3.732708602501586626e+01 5.750371964712297768e+01 6.712012002550264356e+01 5.302723934416837892e+01 6.082773428291906725e+01 4.334716712593787946e+01 6.362656333931163033e+01 5.214781129319134578e+01 7.218192249040805564e+01 8.267696066762017892e+01 8.810503617029198153e+01 9.398828421875343508e+01 1.008885227585278272e+02 1.090342042135239353e+02 1.203676185182946909e+02 1.145623771141512748e+02 9.814447885965816454e+01 9.175478773477156835e+01 9.175478773581340874e+01 8.426074162010850443e+01 6.470193727708149822e+01 8.046131001600674892e+01 8.857809721441500983e+01 9.878821096302183946e+01 8.565700921805542123e+01 6.607592274355430106e+01 7.517924073661691864e+01 5.627787528780282855e+01 5.821478819201823995e+01 6.018980323849819314e+01 7.401717107890070224e+01 9.070954627008588034e+01 1.045647598422659712e+02
2.789064876538935067e+01 4.742882060736337735e+01 4.886304449511835202e+01 3.054706293632272107e+01 5.669187173793341827e+01 5.013376541546823262e+01 7.018513124249268742e+01 7.305297591300028159e+01 7.181785004999295552e+01 5.779540486168695423e+01 4.629355868616052305e+01 6.651540585513629367e+01 7.339698614779952379e+01 7.646355135939903391e+01 8.260891600615795483e+01 9.044134595155085776e+01 9.910526172762087072e+01 1.106583801733972336e+02 1.202723542554160758e+02 1.006812959617560352e+02 8.686800074799729998e+01 9.175478651847137712e+01 7.219183309128835901e+01 6.901922255933638439e+01 8.426074167388748037e+01 7.707145257343645994e+01 9.663177717109070386e+01 9.949770792658156893e+01 7.992346544361652150e+01 8.565275602291596613e+01 7.637786778516269237e+01 5.679753804278185925e+01 7.637816420843721232e+01 6.359123592536548131e+01 8.580816121469851510e+01 1.017217307154621864e+02 1.051053097828282006e+02
3.309650440489649981e+01 3.146851769173851565e+01 5.170033670989204211e+01 6.233083985576070774e+01 7.165536518336938343e+01 7.018544009542412709e+01 7.018544008869152151e+01 8.992861513677436847e+01 8.584029983781610440e+01 7.138129322326985005e+01 5.131870650379567422e+01 5.028445644450115992e+01 5.340765922616228778e+01 5.659001120247695837e+01 6.366061413456461793e+01 7.143209079381026072e+01 8.235925443705998816e+01 1.023127861635614408e+02 1.170043407975192480e+02 1.145516977717595637e+02 9.664396346009600336e+01 7.708720758550981600e+01 9.175478700466571524e+01 8.858126475179383874e+01 9.670321466893797435e+01 9.089829726044189329e+01 1.047645960899221791e+02 1.076240013463375078e+02 9.949754475102784568e+01 8.653209077352867951e+01 6.969149306975087654e+01 5.731414230555876088e+01 7.688467552448979347e+01 8.427947085554413320e+01 9.717448833151223653e+01 9.838684270000210574e+01 9.026260713599384644e+01
3.894135318430764414e+01 5.170033670989204921e+01 3.529078152435755555e+01 5.557123947684543452e+01 6.299752362323927457e+01 6.935036012240821890e+01 7.638168101742219562e+01 8.449549704866160482e+01 9.431105240973326431e+01 7.651380245652140388e+01 5.663575814521733776e+01 7.038347121492842007e+01 6.048987381732377600e+01 7.646355135939903391e+01 6.176601272733178405e+01 6.930476353083032848e+01 7.805771710152490073e+01 8.928408936076311875e+01 1.088431854930693845e+02 1.104787110506462682e+02 9.091383046397649537e+01 9.664396341721575823e+01 8.380084896332672884e+01 9.507895710503223086e+01 1.146457940721498545e+02 1.104736221309860866e+02 1.054322399750857784e+02 9.851732142949346382e+01 9.233653709198425474e+01 8.165665213721395332e+01 6.212132768246315351e+01 7.641730508251463050e+01 5.804842104503091349e+01 7.355222609417110391e+01 8.643254617638027071e+01 8.449003785011278467e+01 7.068687226232205489e+01
