LEM/sinusoidal_perturbations/elevation_000944.asc
nrows	100
cellsize	150.0
xllcorner	0
ncols	100
yllcorner	0
NODATA_value	-9999
[rows 51 to 67 of 100, columns 37 to 73 of 100]
8.736180545265213482e+01 9.756645457735882587e+01 9.538301053309598387e+01 1.037983923992051700e+02 1.139721923047370211e+02 1.026962772563934010e+02 8.202249962731076494e+01 9.235938844185216112e+01 8.852494183229461555e+01 1.092092446275560320e+02 1.129739935326563085e+02 1.044972386241119580e+02 9.418999954610474390e+01 1.113847073405498094e+02 1.225990432982298444e+02 1.102301129187530648e+02 9.013682267990756714e+01 8.519087808883935509e+01 1.053484305412560929e+02 1.049451191496157207e+02 8.469961420806598085e+01 7.298846972798244792e+01 8.585578647814553221e+01 8.182371967353121534e+01 6.173895945357026704e+01 7.976729207512498476e+01 8.321684181752345921e+01 6.895566592985515797e+01 7.473680099226540108e+01 8.084564992386007987e+01 9.107477443882685009e+01 1.054323524378762755e+02 1.253528570409731486e+02 1.086345361102341656e+02 8.835797750940550088e+01 1.022225252813752263e+02 1.215086714266115990e+02
6.870334819452068587e+01 8.316730783851430431e+01 1.035418089253486187e+02 1.184729327550075197e+02 1.194990179575436002e+02 9.891994745848722914e+01 9.666203531436080709e+01 1.111809294449404319e+02 1.092092446275560320e+02 1.166676375540952932e+02 1.084217252403883691e+02 1.166680155533462653e+02 1.148044777021191294e+02 1.232473009739683079e+02 1.264697504840580820e+02 1.065803376626918322e+02 1.102301129187530648e+02 9.286924967149077759e+01 1.129310955440826376e+02 1.028144074091987932e+02 8.253945318247835417e+01 9.325671844438799951e+01 9.709263375323884304e+01 7.681740338153238667e+01 6.523132767093269990e+01 8.538672404025237483e+01 9.750405621811211176e+01 8.918142830606979032e+01 7.903497094634394671e+01 9.932691097731661500e+01 9.528001167333358978e+01 1.153926047394248116e+02 1.227724485783694064e+02 1.027784210222888674e+02 1.001699090738202074e+02 1.168870791174647366e+02 1.305101476185728302e+02
7.749779511628301520e+01 8.977684394983496929e+01 8.977684394983498350e+01 1.072719188028708004e+02 1.189824090000081327e+02 1.194990179575436002e+02 1.172642259914891696e+02 1.149168441623697703e+02 1.066729774990008508e+02 1.067403033491659272e+02 8.862764641568919899e+01 1.024604394569328889e+02 1.107000416147026982e+02 1.221729462011769272e+02 1.268475366746299358e+02 1.264697504840580820e+02 1.211282018131084470e+02 1.045209124349992180e+02 1.211282018131084470e+02 1.110679466791201264e+02 9.166662048014356401e+01 1.110679466791201264e+02 1.053767249922583034e+02 9.016037152871462013e+01 6.990750029902052631e+01 7.466480503961737725e+01 9.494859415978228867e+01 1.076001935965073102e+02 8.922452893008346564e+01 1.076001935964129075e+02 1.153926047394248116e+02 1.235789804405347780e+02 1.309957372225836991e+02 1.227724485783694064e+02 1.201974316755362366e+02 1.284202204446489759e+02 1.309505242720989600e+02
6.406059633985705659e+01 6.936541367240455713e+01 7.852622973821073060e+01 9.029768337915704990e+01 1.106007808130183463e+02 1.206161715055665411e+02 1.123666236590845813e+02 1.034639368902168712e+02 8.686306527418456369e+01 9.850499404379280577e+01 7.876878566727445730e+01 8.267481484898891608e+01 9.407018409667811909e+01 1.139217414232793004e+02 1.069608284896636121e+02 1.210358339540597115e+02 1.257096599116495952e+02 1.244196193215693285e+02 1.325855366853717499e+02 1.200405807475245723e+02 1.033994154815729303e+02 1.101248569902607386e+02 8.991737519694898140e+01 7.813295440538922776e+01 8.000593058206007413e+01 9.494859415978228867e+01 8.639536762424077665e+01 1.066325199626055138e+02 1.035826056792979841e+02 1.176501783171040927e+02 1.217449453950630698e+02 1.300275613428696033e+02 1.273185512144723646e+02 1.190469882378698543e+02 1.216206068150640931e+02 1.175167612126565757e+02 1.257817974479173557e+02
8.450886608496249153e+01 8.969739907727368688e+01 8.230211925875634904e+01 9.669875591025791550e+01 1.169801727801903155e+02 1.123666236590845813e+02 9.252935469954338998e+01 9.523571934338033884e+01 7.550579243607354840e+01 8.384464073235515968e+01 7.134951945745636692e+01 9.103720376345157206e+01 9.904926646021485226e+01 1.072844512843954021e+02 9.293086099083343754e+01 1.110992254683851286e+02 1.058225325202695615e+02 1.198968065916829175e+02 1.313860928254254929e+02 1.315212865260965884e+02 1.233538616701194712e+02 1.183400906960784198e+02 1.056315712879033413e+02 8.534182288077570888e+01 1.003148117907554848e+02 1.003148106268544666e+02 9.815579274036896607e+01 1.148675241721651901e+02 1.235450279048021827e+02 1.185981687849891841e+02 1.020313815060993363e+02 1.185981687849891841e+02 1.158936856723390463e+02 9.933346025628777909e+01 1.018849323238358124e+02 9.781399388939587425e+01 1.143639894571218463e+02
9.032755688542538053e+01 9.899340826067151511e+01 1.026390453793898132e+02 1.110286117689048666e+02 1.145595465275730049e+02 1.063235859050377456e+02 9.833955625737802109e+01 7.858492181899636364e+01 7.056280855763000659e+01 6.415776386526194131e+01 8.083545804124928225e+01 8.416411721416825742e+01 7.929200377872099637e+01 9.143142791215241516e+01 8.306646062500952610e+01 1.010300303524034291e+02 9.178417483800780019e+01 1.032432040439772010e+02 1.231275967650910275e+02 1.349688301804968660e+02 1.266708789188629254e+02 1.185385563313401462e+02 1.138681484945816607e+02 9.976462965700804375e+01 1.019619961064143752e+02 1.203553274037751066e+02 1.182119469101182432e+02 1.263970906946241541e+02 1.226823269475892744e+02 1.029196901699814504e+02 9.066933653037249030e+01 1.103633139770829530e+02 1.076653775510261681e+02 8.793773120807556154e+01 8.793773120807556154e+01 8.640986805410040006e+01 9.781399388939587425e+01
6.992273789475714807e+01 8.698165391726554674e+01 9.540712242007539601e+01 1.055511784401859359e+02 1.063235859050377456e+02 8.651835138479623311e+01 9.231917027152515232e+01 8.637481203718228073e+01 7.973817152872344138e+01 5.999663267349824736e+01 6.110224203993855951e+01 6.447150397643343922e+01 6.796623548520830127e+01 7.174309008614389427e+01 7.634986052408089563e+01 8.123967678321503172e+01 9.005211517106971542e+01 1.015075328947173716e+02 1.213911783575179868e+02 1.244287378435539750e+02 1.072208001121786225e+02 9.893562753207366711e+01 1.153480099546207782e+02 1.197956213428619208e+02 1.219593087093101644e+02 1.301322746217417148e+02 1.267219383015815453e+02 1.262419228929010302e+02 1.168608749495562904e+02 9.714506240874086984e+01 8.316198715424086174e+01 1.029196901699814362e+02 1.102262098349144992e+02 9.049709029930620829e+01 7.643765962785697354e+01 9.627561562444593335e+01 1.004664303155281289e+02
5.934904692050174191e+01 6.685516334176377029e+01 7.685945897596279508e+01 9.710384887278925703e+01 1.037471286054971102e+02 8.395332427997443858e+01 7.260400059795513528e+01 6.666693601626542431e+01 6.135811130974075667e+01 5.643768680646399361e+01 7.624757851130104314e+01 8.416411721416825742e+01 8.764240553094909103e+01 9.143142791215241516e+01 9.608244196012971372e+01 1.010300303525083621e+02 1.092712305457414175e+02 1.181595966093180579e+02 1.296478212052519723e+02 1.162956654119162749e+02 9.667175059691656713e+01 8.756890527539708557e+01 1.072208001121786083e+02 1.189851447816635925e+02 1.236298961397893805e+02 1.153602942293744320e+02 1.070429933045804773e+02 1.065718301542748634e+02 1.113926927941104594e+02 9.166044905632440987e+01 7.762012291030089273e+01 9.064176550464138415e+01 9.885034272205014361e+01 9.194661872027575100e+01 7.206591677442852983e+01 9.161532244720687856e+01 8.067475147055172613e+01
6.770244524118666618e+01 7.345900527376143430e+01 9.365595711006542956e+01 1.055511756872138704e+02 1.119813340454852408e+02 1.005389424662292157e+02 9.231917027278433352e+01 8.637481204392652501e+01 7.389631980025623648e+01 5.404267062182837122e+01 7.389631980025623648e+01 8.743496878280157603e+01 8.093212880511437390e+01 8.662792693644236408e+01 9.320638689889359796e+01 1.014301631252537135e+02 1.113402579373686621e+02 1.245798093222006742e+02 1.188335034320666352e+02 1.142924691530358814e+02 1.002728060610520231e+02 8.055459265190069118e+01 9.119702425786981337e+01 1.108529707126225077e+02 1.153602942293744320e+02 9.578655312737303973e+01 9.325672592740161804e+01 9.278480271498462173e+01 1.092331028842387894e+02 1.056481356144621060e+02 9.064176550464138415e+01 7.075814692593691291e+01 8.450554758738982741e+01 8.780120523858859372e+01 6.789630200634374546e+01 7.174164569797909508e+01 9.161532245828576038e+01
7.928083406802272748e+01 9.365595711004935708e+01 1.020935714127390384e+02 1.017944206793388418e+02 1.100298726622759347e+02 1.022065998606995407e+02 9.398734012507129876e+01 8.576680041372841856e+01 6.600296389806872810e+01 5.190728611464940911e+01 7.179165758817903509e+01 6.767115843831190602e+01 6.116232271859411185e+01 6.689710343021010885e+01 7.347100701154009528e+01 8.331027696197621424e+01 1.031024968358107827e+02 1.049577669096806005e+02 9.921024865419249750e+01 1.061626836950701716e+02 8.648879305396093287e+01 7.502787129043126413e+01 9.480395763741843496e+01 1.069796767477841541e+02 1.183262293287124010e+02 1.015195691629593853e+02 8.186808560974210991e+01 8.138937201035376745e+01 1.004281688294399970e+02 1.056842913455014923e+02 9.852198432215374169e+01 7.869974939570624883e+01 6.459626054811445783e+01 8.005740493875870811e+01 6.390982267180882559e+01 6.874709616633197129e+01 7.374906554244154222e+01
9.959948866996663241e+01 1.080802592467476586e+02 9.858796616117120948e+01 8.200291924425003742e+01 9.858794486881785701e+01 9.398734012507129876e+01 7.424567490501702594e+01 8.002787513854474355e+01 6.972957674974846043e+01 4.982555727838330029e+01 6.684136967512134220e+01 5.360431741500918434e+01 7.345984446612811780e+01 8.662792693644236408e+01 9.320638689889359796e+01 1.014301631252537135e+02 1.113402579373686621e+02 1.042935865589026321e+02 8.527137617634753042e+01 1.042935865589026321e+02 9.048846179765394027e+01 7.067134623262647608e+01 7.910006570691857064e+01 9.053296516577880482e+01 1.101936601876815587e+02 1.035908188363281397e+02 8.395794004661701138e+01 7.244146112981822228e+01 8.598993605767712722e+01 8.598914362531785116e+01 9.081474465243019267e+01 8.052369017612053881e+01 6.062404917445143582e+01 6.015922918727397928e+01 6.589919502906559501e+01 8.579986614122606170e+01 9.361216675383381869e+01
9.992647177604166586e+01 1.051483473324254163e+02 9.036779090577091722e+01 7.061547004402545724e+01 9.036779087448154257e+01 9.398739584447024242e+01 7.424567499301141993e+01 6.025010603714841295e+01 7.070453169075746302e+01 6.684136225204592563e+01 4.692649890009683133e+01 6.103992551521775312e+01 8.084158456400217574e+01 8.942971204039474742e+01 9.764558105703424928e+01 1.116576020787851462e+02 1.079078798067659051e+02 9.615374532740955260e+01 7.638492852680225553e+01 9.615374532740955260e+01 8.635630755731095576e+01 6.650267478025372725e+01 8.635630755731095576e+01 9.421188246906690722e+01 1.138754579351061267e+02 1.117909640434453991e+02 1.004281795783027320e+02 8.598993605767712722e+01 6.610630124736174196e+01 8.047489250925016790e+01 7.103142190959442814e+01 7.389736715200587014e+01 5.682017454346022589e+01 7.669400247585927843e+01 8.579986614122606170e+01 7.531530665769972188e+01 9.515005722956657053e+01
9.770579214951311542e+01 9.418637525613790729e+01 7.713392677225711225e+01 6.361890584930709736e+01 8.338429021212510861e+01 9.273938676161465366e+01 8.822338496415105169e+01 7.070453940454174813e+01 5.084372309449892668e+01 6.260272524080608036e+01 4.510246270452214645e+01 6.500793588068160034e+01 7.693814576419040918e+01 6.967881886866840091e+01 8.363356003528350868e+01 1.024986897184990795e+02 9.977046352383037231e+01 8.003412958368446084e+01 7.003911510884283587e+01 8.287960140593848735e+01 8.279048984605893224e+01 6.289492870844919992e+01 7.442944652564936803e+01 8.886934860350221754e+01 9.702533693527209380e+01 1.042417890331690415e+02 9.603527362229635855e+01 9.417016146822012956e+01 8.047515583140949502e+01 6.058342483379767884e+01 5.697234069701416814e+01 5.404805444636493661e+01 7.389736716786518400e+01 7.669400247585927843e+01 9.653916240589870768e+01 9.515005722956657053e+01 8.680700458411824627e+01
9.996327011996474710e+01 8.017709912838178354e+01 6.620905459197999221e+01 5.732704501280873188e+01 6.473577985431704462e+01 7.873663330754099832e+01 8.608128960615034941e+01 6.663892299925008444e+01 5.266902657416419942e+01 4.272272318169622451e+01 6.259957384495356081e+01 5.195320471521105787e+01 5.712818090601903265e+01 6.465637081924829488e+01 7.452688308345578605e+01 9.427485569157944667e+01 1.079078798067659335e+02 9.805302090684551786e+01 8.287960140593848735e+01 6.281117923981859263e+01 7.653338589666375924e+01 5.949850586357088389e+01 7.476104568852647958e+01 6.901502133278034989e+01 8.886935533876948057e+01 9.603527362229635855e+01 7.652339398688957317e+01 8.223829121840454093e+01 8.785788703577823355e+01 7.742120778760262567e+01 6.966130250028773219e+01 5.211347636090602720e+01 7.195099557680202906e+01 8.644229952178929466e+01 9.473459151600162897e+01 1.040773610485310883e+02 1.065468790883599581e+02
1.079958058458170314e+02 9.418637476364798999e+01 8.452157629776510817e+01 6.473575453195248031e+01 5.067750096029615747e+01 6.480027129152698251e+01 7.300942299206519692e+01 7.995816229772364636e+01 6.088461597404088366e+01 4.115598548212871322e+01 6.101038633698478719e+01 7.182323579752512899e+01 7.693815039133038169e+01 8.440086938751758794e+01 9.260916264166019118e+01 1.024986897184990795e+02 1.145463177684907521e+02 1.032478890909300446e+02 9.104594486427883737e+01 7.653338589049019447e+01 5.624671828568742171e+01 7.089222654732284923e+01 5.467533002207642312e+01 6.642798345994592069e+01 8.630788213669714537e+01 9.603527362229635855e+01 7.652339398688957317e+01 6.264285767809107597e+01 7.296288717912457855e+01 6.548105138522089419e+01 4.983227550097514325e+01 6.761546983704903369e+01 6.018706667312059722e+01 6.646704940541718543e+01 7.540452923231403304e+01 9.009517846193685386e+01 1.120427286907380733e+02
8.819112775577106333e+01 1.021998240423251474e+02 8.509557343365248983e+01 6.530900504600295164e+01 5.383657963292598936e+01 4.493929483322286700e+01 5.991083075372480238e+01 6.553175567161066795e+01 5.731903428512924847e+01 3.960558967634032257e+01 5.943575942664105582e+01 7.162475669519463395e+01 7.758780809532771627e+01 8.459178055721646672e+01 9.283279860192011768e+01 1.043112802192045336e+02 1.065231277309971460e+02 8.681146590144717834e+01 7.481352229489822037e+01 6.380817533435913447e+01 5.246464775126494118e+01 5.297834479688078346e+01 5.183551637195802897e+01 8.165896792404099358e+01 9.446677064541430013e+01 9.482928606834198604e+01 9.038259151002927183e+01 7.300093275764537282e+01 5.332269261959349649e+01 4.759096243421668504e+01 6.562247189302945571e+01 6.391542936911778838e+01 8.007462969863249214e+01 8.644229952178929466e+01 9.473459151600162897e+01 1.040773610485312446e+02 1.067352652002141298e+02
7.423000607087168135e+01 9.399138538515066443e+01 9.334562814777959261e+01 8.188409613039314650e+01 7.300942318722398738e+01 5.991083075372480238e+01 4.008520386017411852e+01 5.523788037164474929e+01 3.752147604695048244e+01 5.231603225580985139e+01 4.656762336438114858e+01 5.185349034517469846e+01 5.781065801115086344e+01 6.478197047523987351e+01 7.619845054723640487e+01 9.605775906771008010e+01 9.834323949765942530e+01 8.980043943592426103e+01 8.757886205455045570e+01 7.954452816922130864e+01 6.852094586771546858e+01 4.874063457201149419e+01 6.338899817144824311e+01 8.230608613181631483e+01 8.909232647106242098e+01 7.515451337576629953e+01 8.376269738857929781e+01 7.134858060879111008e+01 6.384369735678358637e+01 4.606312128771267567e+01 6.592719688631790120e+01 8.383754318452687926e+01 8.389330018224805485e+01 1.037284520657463958e+02 1.047982621203152434e+02 9.565252289266913976e+01 8.484930581788447057e+01
