LEM/sinusoidal_perturbations/elevation_000255.asc
nrows	100
cellsize	150.0
xllcorner	0
ncols	100
yllcorner	0
NODATA_value	-9999
[rows 0 to 16 of 100, columns 37 to 73 of 100]
1.000653391250008042e+02 9.166151866567102502e+01 8.943025200970907918e+01 9.583377944823446626e+01 8.742495029706054765e+01 9.003265638693190454e+01 9.835304794512413196e+01 1.094696205977652284e+02 1.079790742820636211e+02 9.966856680347692077e+01 1.079790742820636211e+02 1.091929169640545183e+02 1.009895786012350243e+02 1.046642577541507961e+02 1.128643986338102536e+02 9.760983853154367296e+01 8.940347663771292730e+01 9.046112640822313722e+01 8.227789658342207701e+01 8.227789658342209123e+01 9.046112640849322872e+01 1.018256509869967772e+02 9.797851581799884002e+01 8.977850746003757365e+01 9.797851581799884002e+01 1.058614592638473795e+02 9.717750787159445736e+01 9.994505705478964330e+01 1.086013504415971482e+02 1.131923807166009652e+02 1.050435930840344838e+02 1.131923807166009652e+02 1.115283452115945977e+02 1.033733771068647798e+02 1.115283452115945977e+02 1.144919050178938562e+02 1.226052098582437822e+02
8.719153145374110636e+01 7.120645390372355621e+01 6.896626528263811906e+01 8.340365397401356518e+01 6.698457801402203415e+01 6.963897703602404476e+01 9.003265638693190454e+01 8.945218569035218081e+01 9.312566209635677694e+01 7.968043105092725398e+01 9.797399301850599329e+01 9.771871857997236077e+01 8.108698571558592505e+01 8.478082146473707326e+01 1.013993262644262217e+02 8.940347663771292730e+01 6.999739285248983833e+01 7.568130319690736485e+01 6.314591047716327665e+01 6.314591047716327665e+01 7.398836460034526397e+01 9.360160785778860770e+01 8.799542610998916814e+01 6.974207409908969169e+01 8.799542610998916814e+01 9.349504054697273148e+01 7.557004346190117872e+01 7.838873065234837156e+01 9.994505705478964330e+01 1.032446132502693388e+02 8.505584538416101736e+01 1.032446132502667950e+02 9.964877282277154791e+01 8.335522177910509356e+01 1.004625018586190777e+02 9.465133279804751965e+01 1.144919050178938562e+02
6.667714265084327963e+01 7.421769080811338881e+01 5.452460921614394351e+01 7.496002822488559048e+01 5.520242444361809220e+01 7.562310445241438117e+01 8.903765554751359446e+01 7.526245214989577903e+01 7.306729352217587348e+01 6.959630653160716918e+01 8.967449892720200921e+01 8.880355520572429384e+01 6.952649660483642435e+01 7.323432594814437380e+01 8.669834211714638172e+01 9.494591752259454154e+01 7.568130319690736485e+01 5.695071524435259391e+01 5.278279495982710046e+01 7.123203925484131105e+01 8.694827475268097317e+01 9.485794279740743207e+01 7.976029077956367530e+01 5.986793684777151725e+01 7.976029077956367530e+01 8.470243247815282928e+01 6.303579041414990769e+01 8.470243247815282928e+01 9.853690298405869896e+01 9.504971923409777901e+01 7.478266638637634856e+01 9.365636406614704867e+01 7.948902534187170943e+01 7.304312401968289237e+01 8.038575360930062175e+01 1.004625018586190777e+02 1.058378224813907593e+02
7.420881859779332501e+01 5.376524103426643109e+01 4.734350307609073383e+01 6.111133825255301133e+01 4.843072834878906718e+01 6.018216556793068150e+01 8.061423409597284717e+01 7.894225365801416672e+01 5.871307342822883868e+01 7.894225365801420935e+01 9.364120654450606196e+01 8.056692060217893925e+01 6.058213257723190281e+01 7.274740377150278903e+01 6.664028741330797345e+01 8.339019241997579002e+01 8.057324110606388956e+01 6.566938280100805514e+01 4.728817148801191195e+01 6.012983832670675355e+01 7.130605624837167511e+01 7.908006996305159930e+01 6.715875446196371001e+01 5.359815443209998165e+01 7.312950613563289437e+01 7.816969409695012416e+01 5.668066122794270001e+01 6.825697435176277850e+01 8.979735976041914114e+01 8.788423398245275564e+01 6.738648266247810170e+01 7.871736091498291898e+01 6.481588533714753453e+01 8.539367867201883655e+01 1.004625018586190777e+02 9.832721033568755331e+01 9.422209851679092196e+01
8.230997714192190529e+01 7.421769080811338881e+01 6.111133825255301133e+01 4.073320279655789733e+01 6.111133824210891419e+01 7.725346394276779449e+01 8.562706281817284548e+01 7.371895973244070888e+01 5.337699601875733180e+01 6.520597710901263611e+01 8.534412586302377690e+01 8.467269940891728197e+01 6.618797836869335072e+01 5.276071692411552760e+01 5.505152159308150317e+01 7.442871785250498817e+01 7.249655439138638258e+01 5.387412121079335492e+01 4.310046151767470235e+01 5.664444104150831549e+01 5.293218372221905099e+01 6.424831983985507122e+01 6.058376587702664295e+01 4.857542095950571337e+01 6.748332465026007299e+01 7.220970872238568461e+01 5.114444183836753410e+01 6.589536430566110425e+01 8.745388465073712325e+01 9.310808705079313086e+01 7.275652697713312023e+01 5.805515785099137815e+01 7.871736091498291898e+01 9.365636406614886766e+01 9.234769451587084177e+01 7.819159758675689886e+01 8.591078524765696045e+01
8.412573369030889125e+01 7.343929300368451152e+01 5.775920659273718627e+01 3.739584541497665526e+01 5.775920645590693425e+01 7.473276836252298949e+01 7.133552347536057425e+01 5.703588727074238562e+01 4.867017045825136989e+01 6.916138346220354549e+01 8.267253071534159403e+01 8.753744716805137216e+01 8.074043486557616234e+01 6.614389789677504439e+01 4.605780360991742839e+01 6.614389774102666308e+01 7.340547914610037594e+01 5.873905717899275913e+01 4.897668613081911815e+01 3.733841372898017852e+01 5.437454501582362099e+01 4.241635732410713189e+01 4.227620512713919254e+01 6.058376527191033034e+01 7.017511674040405012e+01 6.143208234672349732e+01 4.694401632318014350e+01 6.749937185070170642e+01 8.639244789712351746e+01 7.875191380528782759e+01 7.036390176561585008e+01 5.448470187093202100e+01 6.919092122723449734e+01 8.961782329271817105e+01 8.392917929642442232e+01 6.334356127817513027e+01 7.113744358748952834e+01
8.025005645224752016e+01 5.685960196470672656e+01 4.352183251697153565e+01 3.423782224412514097e+01 4.592454416909125570e+01 6.630351791275829498e+01 6.298301418782384076e+01 4.227152550627802441e+01 5.734606215046481736e+01 5.531661036885984117e+01 7.354729781477614381e+01 6.202152330389861845e+01 6.705481452212444538e+01 6.169220538436643153e+01 4.208943006308000889e+01 5.703173680725740269e+01 5.945849077431141438e+01 3.608824511208258912e+01 3.293240405925214986e+01 3.348268952445685187e+01 3.405527806487446441e+01 3.734569818758046011e+01 4.910372926258325066e+01 5.654824476127419786e+01 5.834022443771073085e+01 4.137097338476118580e+01 6.142275172143320106e+01 7.576382435083152700e+01 6.593632755459847772e+01 6.593851877386141780e+01 4.960737522470626004e+01 6.166913504549334846e+01 8.221629565385697447e+01 9.045010871675900432e+01 7.741273174444988570e+01 5.155830604413618801e+01 5.072447438749654935e+01
7.109236659193229002e+01 6.608044988492910932e+01 4.566387003990492843e+01 3.147594636588545569e+01 5.159720373385197689e+01 5.433740355614942530e+01 4.920228343727937670e+01 5.670413993907727246e+01 3.667567710266466463e+01 5.734606214970305871e+01 6.168830476092681891e+01 4.305283022315143171e+01 4.520060729380860920e+01 5.918650873537666968e+01 5.703173680725717531e+01 3.659124789977173009e+01 5.094104313661437544e+01 3.217580463760675968e+01 5.275690906202055430e+01 5.622767303935165728e+01 5.006767759217723324e+01 3.489887637582193491e+01 3.550614500542876328e+01 3.611997981431899518e+01 3.675805476905517821e+01 3.739479197419669987e+01 5.780840276127837285e+01 6.685195645783753093e+01 6.586833516429013002e+01 4.538989955215387084e+01 6.593851877246662241e+01 7.872233855142800962e+01 9.044755823423021468e+01 7.609040800943078864e+01 6.173070747028739902e+01 4.900135816770866626e+01 6.942059058717298115e+01
4.752323772714302663e+01 6.015432220120876394e+01 4.882912386848924058e+01 2.897254866757469927e+01 4.516893868837719594e+01 3.453249311606028016e+01 2.963121715348803065e+01 4.826880627950869496e+01 3.340541169624432172e+01 5.374879736442742484e+01 5.019440494635772865e+01 3.296569929227272411e+01 3.426417750129441231e+01 4.931000370801189092e+01 5.063057578257645730e+01 5.117015102740563037e+01 3.144905158089990849e+01 5.182703738810519667e+01 5.285160404786981303e+01 7.338903979670648425e+01 6.908740088343236607e+01 6.505364847049331445e+01 5.696272101235273055e+01 3.844106291907705497e+01 5.394174626245790449e+01 5.726006516733811225e+01 3.830299294195886972e+01 5.880008974919897469e+01 6.016971727736389397e+01 4.300128932437924334e+01 5.735434197577919946e+01 7.921934594825027887e+01 7.407751113124507469e+01 6.601206131699818513e+01 4.710722366064748456e+01 6.173070747000146241e+01 7.778634185062820450e+01
3.267279242367980885e+01 4.357961340247175741e+01 4.400598190029635504e+01 2.829096595365150435e+01 2.562544323585306927e+01 2.596531964768290734e+01 2.629571233070026537e+01 2.916592772689645940e+01 3.881010972030175310e+01 4.748021813276648118e+01 2.845451241938600262e+01 2.891321609745545729e+01 2.936599125992247394e+01 2.982081594684325410e+01 3.028242821353208569e+01 3.075430742706305054e+01 3.405996232471748186e+01 5.455319897886721492e+01 5.942701159638797037e+01 7.888043140980499857e+01 7.603766624692914888e+01 5.609840882829635689e+01 4.172134537500438256e+01 5.885953951339885748e+01 6.172663178974909215e+01 6.494076384556318260e+01 5.319422537353280234e+01 3.921278288668064249e+01 3.985810073935051889e+01 4.050385904973146722e+01 6.105835692747935894e+01 6.945434865734210916e+01 6.484952975943433273e+01 4.517871306849976776e+01 6.602191836937433322e+01 7.609039676888360759e+01 9.045003821920374776e+01
2.845467990492559096e+01 2.441411629986574638e+01 2.477719321068216018e+01 2.513516807461981628e+01 4.458301414589192291e+01 4.544010682221940556e+01 4.578792305238279425e+01 2.674922942796360914e+01 4.250906390274735713e+01 2.780484935956194903e+01 3.168917350464324301e+01 3.967426925346584454e+01 5.381365328751954280e+01 4.586371736475233973e+01 3.421198514450782113e+01 3.955736534632775658e+01 5.412311117193027599e+01 3.923519918397470718e+01 5.956289149019935536e+01 7.313181466872131864e+01 7.580977763234444922e+01 5.574632942277595760e+01 4.404523065550866079e+01 6.423345266394568398e+01 7.462545885892652109e+01 7.794161276265751326e+01 5.919721733537097919e+01 5.404233901564914078e+01 5.436654272280557620e+01 6.105828137210028927e+01 4.143468523413874749e+01 6.194768589551926397e+01 6.346899865854015843e+01 4.417176389482541765e+01 6.481867456589799303e+01 8.369483213425154133e+01 7.577278475962715731e+01
2.389742922891303323e+01 4.362318528888233971e+01 4.425312119163358915e+01 2.736778220054367594e+01 3.846123673305611845e+01 5.866090275196481940e+01 5.454835647954479327e+01 4.625527811477991236e+01 2.718959715594650106e+01 2.757731589971550434e+01 4.528105124167990425e+01 5.611874076895627184e+01 5.968087998971390107e+01 6.387244493737726714e+01 5.858785865666891368e+01 4.103847203187997650e+01 6.073787554238649733e+01 5.958830371941659365e+01 4.479214960169092308e+01 6.498057445997037007e+01 8.399080457823986023e+01 7.247797255630430868e+01 5.835803722763317580e+01 4.743192689393626438e+01 6.757456160072356965e+01 7.925892970459027254e+01 8.053288945161527579e+01 7.587737301889474395e+01 7.439984715383212688e+01 6.185556891971774007e+01 6.080965860446478644e+01 4.235962628846442612e+01 4.301102316288496752e+01 4.377779576411310813e+01 6.421715565344894117e+01 6.601240384639757508e+01 5.637236247264752365e+01
4.532499313145356723e+01 3.165574624148415239e+01 5.303444014898607861e+01 4.512887660166868642e+01 5.556922722870277198e+01 6.673479684707670856e+01 7.188733858860302917e+01 5.452941711955578796e+01 4.628948165733701359e+01 2.772923224974278256e+01 4.318204551971896876e+01 6.522904775408136402e+01 7.985915723364658447e+01 7.696531462821124592e+01 5.706750991501595394e+01 4.961267348342910566e+01 6.916197134582718320e+01 6.901068402342036734e+01 4.887449438719992401e+01 6.901364995242032307e+01 8.539328923033691865e+01 8.665898927108118244e+01 7.584318155043581555e+01 6.757456160072356965e+01 5.089601540294535198e+01 7.092660557192964177e+01 8.104028493630625007e+01 8.810679741298990564e+01 9.000557627428933927e+01 7.742573140320419611e+01 5.689020964861969532e+01 6.283830341379042750e+01 6.345535438572446196e+01 6.320152871229443292e+01 4.485218623039421004e+01 4.563418570774696548e+01 4.641194405429119740e+01
5.180360565679954732e+01 5.344735216315802262e+01 4.041401461362960390e+01 5.658963652282658074e+01 7.382069230764351175e+01 7.855242418227150836e+01 5.908606851446248243e+01 4.504630737804642138e+01 4.750776526046748671e+01 2.812536850952372092e+01 4.307699450841467836e+01 6.507899687144114864e+01 6.624053503804906029e+01 7.483697588790950306e+01 7.668266808379789268e+01 6.401439416130575921e+01 6.991874178228125913e+01 7.573623522637169003e+01 5.557009717571779817e+01 5.675107351833958802e+01 7.692627110337289764e+01 9.496844075654000505e+01 8.518106167845880350e+01 6.516363039822822145e+01 7.102657910587035417e+01 5.457465917783455467e+01 6.098113711652956681e+01 6.814182767351859127e+01 8.810679620589880301e+01 8.620936276156272982e+01 7.766451121383629186e+01 7.851839114610454828e+01 5.796369150047353003e+01 4.884925729111179749e+01 6.527658280596173768e+01 6.591339598798730037e+01 6.631613804972721482e+01
6.959200022997440271e+01 6.661085435286202028e+01 4.737106889388306286e+01 5.712909725065141231e+01 7.604414723637030704e+01 7.657078097978521214e+01 5.655788404735265829e+01 4.247351894943205508e+01 2.822147941842182206e+01 2.852746412076459848e+01 4.592900453962031548e+01 5.228955557207686411e+01 4.543544465049846792e+01 6.027777658227668667e+01 8.165076993612763090e+01 8.424177523326567041e+01 9.005805990034077979e+01 8.340500083279350463e+01 6.314770317835703395e+01 7.692627110337289764e+01 6.621470446546278765e+01 8.647659450653657132e+01 9.340766989350342442e+01 8.518105443269561761e+01 7.173268449461556884e+01 5.746090968359286677e+01 7.757467125026920485e+01 8.810679741298990564e+01 8.228840072884835877e+01 1.021536495991111337e+02 9.500959186796417555e+01 7.481263709505502391e+01 7.239046347008626014e+01 5.183583490901757784e+01 7.239046347008626014e+01 8.092566055969058425e+01 6.041000527274301390e+01
7.754168601529620730e+01 6.976125571852185203e+01 5.569631306675119475e+01 7.406795958900423216e+01 8.392356259944865826e+01 7.391463150471075494e+01 5.323747700604855027e+01 3.913499388267221235e+01 5.093619657922668154e+01 4.831044975739030178e+01 2.908376285171725328e+01 3.311112504234792908e+01 5.309310138125814404e+01 7.175446077565050018e+01 8.658396477344349762e+01 7.816932187989232261e+01 8.658396477378944667e+01 9.196201464882815912e+01 7.478497430451380978e+01 9.195541984541436875e+01 8.049707897636142206e+01 8.049625123231807322e+01 1.009021321417088473e+02 9.989105411064333850e+01 8.056835290855141807e+01 6.048623619217514857e+01 8.056835290855141807e+01 9.386350833559507123e+01 1.021536495991111337e+02 1.103657785414305437e+02 1.032028687943718950e+02 8.996349080349544636e+01 6.961358001164956022e+01 5.494270404141347086e+01 7.557393088603993192e+01 8.937504929627309025e+01 7.502983927985386003e+01
6.618376152981075222e+01 8.169174639433823870e+01 6.688056084683086056e+01 8.194709330823984317e+01 8.434850801143896604e+01 6.348071302468795096e+01 4.899484029809664776e+01 5.929507355315322314e+01 6.338841531680824204e+01 5.372004905246839712e+01 4.891877771965768318e+01 2.964399909746801498e+01 4.339778731908223364e+01 6.107411965007285914e+01 7.634020727656255190e+01 5.761026528439420957e+01 7.634021508100583731e+01 8.816180749987337606e+01 9.520321112754344028e+01 1.038124195461139863e+02 1.009416234785975064e+02 1.008958197703485240e+02 1.093868083215739091e+02 1.047415459972749829e+02 8.659255235311783849e+01 6.661301964867850245e+01 6.565248438985321400e+01 8.564695301894286672e+01 1.044763735448093911e+02 1.143892821501943757e+02 1.009264193885970258e+02 8.069011922701901085e+01 6.605555085698328810e+01 5.861772861294471682e+01 7.333998288353625128e+01 9.349931717093187444e+01 9.541354957977112861e+01
