LEM/sinusoidal_perturbations/elevation_000873.asc
nrows	100
cellsize	150.0
xllcorner	0
ncols	100
yllcorner	0
NODATA_value	-9999
[rows 0 to 16 of 100, columns 37 to 73 of 100]
1.062086548684684857e+02 9.891226596897952561e+01 9.055516523557821529e+01 9.318332655521250274e+01 1.015344425897869769e+02 1.143737015370551973e+02 1.084993852853672394e+02 1.143737015370786736e+02 1.120983224048407010e+02 1.036953574259735973e+02 1.120983224048407010e+02 1.127166522406437394e+02 1.127166522406437394e+02 1.210578464678148691e+02 1.341185453333288535e+02 1.298086142039868491e+02 1.215552760013584361e+02 1.242185769732674174e+02 1.324614377600251203e+02 1.352777282504218590e+02 1.350896339687514001e+02 1.350896339687514001e+02 1.432510718028835015e+02 1.502645134547655346e+02 1.389169795944214343e+02 1.300573735265480479e+02 1.218917373929388503e+02 1.300573735265480479e+02 1.299010301712915805e+02 1.262611645466502779e+02 1.343158871299764598e+02 1.384707123400682462e+02 1.270223663328662269e+02 1.188385666682582809e+02 1.251613473648682771e+02 1.169779629509189220e+02 1.195596716332260172e+02
9.454833430568692165e+01 8.728485631616331375e+01 7.043104528926822638e+01 7.303527004253977850e+01 9.318332655521250274e+01 9.416806897062252801e+01 8.823184338639764235e+01 9.416806897062330961e+01 1.019325221993302506e+02 8.334509735882475923e+01 1.019325221993302506e+02 9.243211088607809245e+01 9.243211088607809245e+01 1.127166522406437394e+02 1.140715884672697626e+02 1.140715884672697626e+02 1.013614010862016954e+02 1.040555029206717705e+02 1.152461325929466511e+02 1.152461325929466511e+02 1.150782288898613217e+02 1.150782288898613217e+02 1.350896339687514001e+02 1.421424270284037448e+02 1.224688456579678189e+02 1.109004452480935328e+02 1.018240739792035612e+02 1.124317501379912017e+02 1.099846665900014813e+02 1.065368769029210085e+02 1.229751536940029553e+02 1.303274692931932748e+02 1.104281062235943125e+02 9.873881818602471583e+01 1.072337263507970846e+02 9.684782087071447165e+01 9.947262222012814448e+01
7.719442045149058629e+01 7.893649916737183503e+01 5.897188755104581048e+01 7.893649916498449670e+01 7.901392563394277602e+01 8.735369958744492180e+01 7.392488691003417500e+01 9.416806897062281223e+01 9.352022739239920668e+01 7.324808741039183246e+01 8.823020534849830199e+01 7.808709520141917437e+01 9.837331549554033927e+01 9.952183447884213763e+01 1.019147345936214748e+02 9.380181899006215929e+01 8.958105715058532326e+01 9.227678614248944200e+01 9.497746783824591432e+01 1.152461325929466511e+02 1.006900684188463799e+02 1.132858930453778470e+02 1.333324500474371348e+02 1.406146174757506628e+02 1.307272392373855894e+02 1.225698325865239013e+02 1.124317501379912017e+02 9.222287000286890191e+01 9.566297239276090636e+01 9.486294622813811372e+01 1.141990053552245001e+02 1.301292305662555009e+02 1.214155846016864047e+02 1.013597549765026855e+02 8.702492462671123974e+01 8.513866119180353564e+01 1.053559455132196234e+02
5.715774568688731705e+01 6.962126923323002359e+01 5.297723718488727940e+01 6.482704507091628443e+01 5.895063758072056714e+01 7.901333522781175134e+01 6.686730700082644319e+01 7.751520169193095455e+01 8.570747278813634296e+01 6.620135479359167618e+01 6.806007033882619339e+01 8.823020534849830199e+01 8.287384137972877340e+01 7.923997323108255841e+01 8.161030381874681439e+01 9.014856106344639386e+01 7.939494652139420339e+01 8.206452779173315548e+01 1.008925077907719867e+02 1.049964453801474633e+02 9.295179313614289640e+01 1.073874336172238770e+02 1.275260337939345305e+02 1.324907764993141939e+02 1.126488886737333530e+02 1.025029551716694840e+02 9.569547443480090010e+01 8.955593181567846273e+01 8.395511265196398654e+01 8.579503515554523574e+01 1.060127076356333191e+02 1.102159749961396784e+02 1.242486842299368561e+02 1.154756561536658097e+02 9.861682465249479890e+01 7.846750533364206603e+01 9.008753445491019818e+01
6.962126923323002359e+01 4.961919544369234103e+01 6.026184064382541550e+01 4.481947644648852247e+01 6.482458661923746490e+01 6.854979258600964442e+01 7.011092979514971546e+01 5.750386888774910688e+01 7.337412399900750870e+01 5.959688230964999178e+01 7.742187423125544399e+01 7.966200877545672654e+01 6.281597031864286151e+01 6.507231424732259484e+01 6.738832029276153435e+01 6.991042998577444223e+01 7.300919337719994928e+01 7.667200344619070052e+01 8.050276547489986001e+01 8.458661635972487147e+01 9.187792395912461529e+01 1.065371563595436299e+02 1.270978295306880597e+02 1.406146174757506628e+02 1.307272392373855894e+02 1.225698325865239013e+02 1.158808734482391998e+02 1.097947466508587411e+02 9.886999135361695323e+01 7.871506508989813256e+01 9.886999135361695323e+01 9.591704052343011710e+01 1.160484325171258178e+02 1.088341586139625150e+02 8.868557811127099910e+01 7.452049699305275965e+01 9.458696070922638910e+01
6.650747618001673800e+01 6.080376315123846354e+01 4.275665408592502104e+01 6.276061452146457498e+01 4.700080759079627057e+01 4.855384589341600332e+01 5.012100045104747181e+01 5.175291685049354840e+01 5.346374794379330808e+01 5.534356939423354760e+01 5.749162215135964971e+01 5.965660630617452398e+01 7.374283314488972962e+01 8.518039172199556219e+01 7.443059571896836246e+01 9.014856106344372222e+01 7.997749995082877206e+01 9.703920868599233529e+01 1.008925077904637391e+02 9.639240556180054398e+01 1.118222687001935185e+02 1.065279829404914977e+02 1.269050200361594278e+02 1.364200745624804370e+02 1.282668896494322439e+02 1.282668896494322439e+02 1.215088089510312273e+02 1.014619251672961440e+02 8.715460340565444142e+01 7.560168420096985642e+01 8.312119040070403742e+01 1.033162222831745396e+02 1.137462131954193438e+02 1.024865270077081902e+02 8.235002463465539790e+01 7.088479600068291120e+01 8.601583732375650015e+01
4.650479336163689936e+01 4.080787321793375355e+01 6.080376315138073551e+01 7.108287649166416600e+01 6.700414136132552301e+01 6.854925368877654535e+01 5.613743306508727926e+01 7.173849097880172110e+01 7.344514357972914809e+01 7.532441900127810186e+01 6.095214370946069238e+01 7.966200877464632413e+01 8.802085705208206434e+01 1.022986002299736441e+02 9.473658540828304808e+01 8.614559681513958367e+01 1.003196221762871545e+02 9.174279054061824468e+01 1.120357920756058974e+02 1.163939262330957263e+02 1.239352237129080976e+02 1.268260997334797082e+02 1.352288565382918932e+02 1.282668896494322439e+02 1.083158177022963855e+02 1.083158177022963855e+02 1.201218986340924744e+02 1.045079077753943153e+02 8.435260892535200128e+01 7.286378299109067314e+01 8.909018648078578906e+01 8.540252530935298125e+01 1.054983970379361580e+02 1.107466516347698615e+02 9.915213272652098908e+01 8.601547213754169263e+01 6.612291743407556055e+01
3.896623138219992200e+01 5.893159330056485601e+01 4.712737855984193658e+01 6.712844821526940109e+01 8.233454685485703806e+01 8.448132279199185746e+01 7.614267495985802725e+01 6.607863178021281669e+01 8.620671813966588104e+01 8.935473975800158541e+01 7.089120918354075229e+01 6.737403619615014350e+01 8.753328611418363892e+01 1.035501137403481948e+02 1.147849124954839084e+02 1.005563097967003756e+02 1.064720940677583911e+02 1.035127816173102957e+02 1.203262101459890658e+02 1.295169900808511727e+02 1.213549474424364973e+02 1.295169900930605138e+02 1.381512294344070142e+02 1.183825498644575021e+02 1.041460407119517697e+02 9.396785881386209383e+01 1.000320197757370693e+02 1.127616623134606471e+02 1.011637109682538949e+02 8.909018643732468945e+01 6.918376823690199728e+01 8.551488821982981392e+01 9.380080122631748907e+01 1.018727869613089894e+02 9.787074995632508490e+01 8.815428467998876272e+01 6.170077431319752748e+01
5.126376540447117947e+01 6.724919166741030097e+01 6.712845702772168011e+01 5.397737786030101859e+01 6.548987773500462595e+01 8.561121510958176373e+01 9.455313987898323091e+01 7.608783872708393403e+01 9.455313595651578851e+01 9.109431436291269790e+01 9.109431436291269790e+01 7.896008417381007405e+01 7.492136930446540077e+01 9.519660482075934738e+01 1.136732379497386773e+02 1.207540606917577719e+02 1.266038842461655065e+02 1.236784408789312124e+02 1.319257604265435475e+02 1.196214304920358416e+02 1.015281209612565618e+02 1.159583471941253805e+02 1.241308386523543561e+02 1.323338371289824522e+02 1.223679461323884681e+02 1.059162090601332409e+02 8.568541761533566614e+01 9.935247358258293104e+01 9.547186005728686098e+01 9.180617101925226109e+01 8.551488821982979971e+01 6.569193985554268522e+01 8.206415583445131290e+01 8.167784841014477593e+01 7.722741671799511209e+01 7.845704824419604506e+01 6.018561445059258830e+01
6.431347439790948783e+01 7.962685022519180222e+01 7.978470607706152862e+01 5.972565068356253448e+01 7.978470607706152862e+01 9.395591187068805539e+01 1.046521496751823008e+02 9.632559755628876985e+01 1.046521496360901580e+02 1.113278876191680808e+02 1.075847179067958592e+02 9.924449775650805350e+01 8.661604947559756340e+01 8.504071884872350040e+01 9.943372362357854399e+01 1.196416587652465040e+02 1.241426582454335374e+02 1.159722029612937604e+02 1.241426583140748363e+02 1.114415342011450036e+02 9.157271067224243666e+01 9.611137104311139012e+01 1.086069286754885326e+02 1.167926917640361921e+02 1.222910739609717439e+02 1.022360421539396356e+02 9.935247358258293104e+01 7.918821421152759399e+01 7.539405431010595748e+01 7.182603953207953396e+01 6.853975391426982355e+01 6.534388880658323728e+01 6.229562417514500794e+01 7.934289781283915488e+01 6.612452747599851932e+01 5.873054474594565022e+01 7.845705853060431423e+01
5.858643859918580432e+01 7.813976238515006401e+01 8.813341226927748551e+01 7.125410478644668899e+01 7.236452432436649929e+01 8.662846220557135268e+01 1.068562778586628639e+02 1.068446991019579286e+02 9.842535623690984892e+01 1.010616585963440883e+02 1.094816666333145037e+02 1.152328881746673090e+02 1.069178613828195097e+02 9.679914672515019447e+01 1.136732379497386773e+02 1.207495467196669097e+02 1.125712158305556869e+02 9.611724704102890371e+01 1.142341790904610690e+02 1.039318248445379993e+02 8.408284651761191242e+01 8.465016318952451968e+01 8.876268121623421337e+01 1.086069286919443471e+02 1.235056910926385001e+02 1.222910739609717439e+02 1.076348396330839137e+02 8.924928844137674844e+01 9.547186005728686098e+01 8.329062632916543407e+01 8.842891239227749622e+01 7.669045095799015144e+01 7.940590616576605498e+01 5.966079034543379578e+01 7.679461681534479567e+01 5.770291786488285624e+01 7.743118895993998763e+01
7.813976238515006401e+01 8.642639948796474414e+01 9.977841153173615396e+01 9.143772414939681425e+01 9.255305224189952185e+01 1.008907103079960592e+02 9.730777648538114022e+01 8.890702571692220602e+01 7.823392806036676461e+01 8.084713196861369511e+01 1.010616585787176120e+02 9.866189148078100857e+01 1.071036252406005644e+02 1.170365760765070036e+02 1.253146388693398166e+02 1.125712158305556869e+02 9.272531194390511189e+01 8.618391023256555172e+01 1.060447250011046378e+02 1.005507907736731426e+02 9.457492667527449726e+01 7.479777027089872377e+01 8.876268137172844774e+01 1.086070150798428386e+02 1.037057245727244918e+02 1.176864832967987269e+02 1.176902314739039497e+02 1.035891861864335652e+02 1.116988360788894425e+02 1.034386213938920633e+02 1.051706301505183347e+02 9.678530992372022013e+01 8.693380683229496242e+01 7.667292025365529184e+01 5.705388661760332525e+01 5.667030423594351163e+01 6.647529058658098222e+01
8.226617555347327482e+01 9.059244771167951171e+01 9.493853305341291104e+01 8.655007074780542098e+01 9.493853287257574891e+01 9.730777444929384501e+01 8.567208662095455907e+01 6.880627394833695121e+01 6.668745703740435715e+01 8.676782974384785518e+01 8.207911244617136504e+01 7.835180662251795525e+01 9.536033845901638983e+01 1.038822341049729374e+02 1.152589909391651304e+02 1.125712163701063275e+02 9.272531194405368637e+01 7.872514971016359198e+01 9.104947297923618521e+01 8.072148212733675621e+01 8.443121586358431330e+01 7.052520837301895540e+01 9.025919687582727136e+01 1.077762563916763128e+02 8.965583479972437431e+01 9.958042222957787715e+01 1.193909305451623055e+02 1.236185762867623623e+02 1.151077609217160642e+02 1.068597758845311461e+02 1.083537905665850190e+02 9.348016146568865281e+01 8.063754229946195551e+01 6.487774637486438678e+01 5.521662818675594764e+01 7.495345034261330852e+01 8.462854452464148380e+01
6.217959425650548155e+01 8.226617555269980642e+01 8.489422949034764088e+01 6.652895306329912728e+01 8.489422949034764088e+01 8.890702570495346890e+01 6.880627394833695121e+01 5.728694568404510079e+01 7.043679532872276638e+01 7.484998592349491275e+01 6.187109746038090918e+01 6.794060061464479361e+01 7.472488999282263933e+01 8.522955846924475054e+01 1.066122120739791086e+02 1.165197372510561706e+02 9.668850306266288896e+01 8.266934746871633877e+01 7.130717244287318124e+01 6.681477558554898621e+01 6.475094817857682017e+01 8.443996055508044662e+01 9.798781881613093958e+01 9.024049248747114405e+01 7.976743573574361790e+01 9.958042222957786294e+01 1.164833309259097263e+02 1.210112860717101739e+02 1.009980284369406860e+02 8.674454470473614265e+01 8.824932502038200255e+01 8.518900783106238350e+01 6.532865409058747730e+01 5.396741473291842084e+01 7.248789516765967278e+01 8.071640632560537654e+01 8.752247301090675080e+01
5.958002617614493346e+01 7.965052641753715079e+01 7.653951190529784299e+01 5.662236593434527521e+01 7.653951190529784299e+01 8.585960825628848170e+01 7.428019471045705302e+01 6.594827888072386202e+01 5.045362235789425398e+01 5.480126823805531444e+01 7.481331325972655577e+01 8.833391383014404141e+01 9.536024154237632899e+01 1.038822341049729374e+02 1.146619217475127499e+02 1.060243711017452313e+02 9.800432437116440099e+01 9.123171704855636222e+01 8.512668616767258811e+01 8.057800169855019590e+01 6.090814230609973379e+01 8.020977475029133075e+01 7.820475329967693767e+01 7.050340543625192424e+01 7.704238769551125188e+01 8.845062286587400990e+01 1.082990298718809186e+02 1.164457096184662674e+02 1.064060659138715579e+02 9.413778664673361618e+01 7.414496102511020581e+01 8.471273318393512852e+01 7.516578905338215577e+01 5.399428862483353697e+01 5.274510115197104199e+01 7.128341414258254360e+01 6.763618492463432119e+01
7.638601854348114273e+01 8.798043688554518837e+01 6.990046324824695034e+01 5.002472384432999064e+01 6.990046324824695034e+01 7.749431444580820028e+01 5.749599447427288368e+01 4.599849070217123170e+01 6.594827904539260999e+01 7.484998592349491275e+01 8.322312576362864434e+01 8.456741980356633803e+01 9.304261743195876022e+01 1.028831961621967537e+02 1.089428485485542950e+02 9.149690421070268087e+01 7.928646143182594130e+01 7.226994017649600721e+01 6.592162475131773647e+01 7.716899390013909965e+01 5.814149600694547360e+01 6.054121958995205688e+01 6.430927334362577596e+01 8.399907903680511367e+01 9.683954676492636793e+01 9.102829410039636571e+01 1.108691517620114411e+02 1.082033614407785933e+02 8.804930904160325156e+01 7.801174466594488877e+01 7.108710659091580908e+01 6.502777476859424155e+01 6.062152892043158658e+01 7.513797221554104055e+01 7.128335131056796570e+01 5.152631586245065165e+01 7.008524242249886527e+01
7.522919112515403128e+01 8.357871995512172703e+01 6.416283150062962193e+01 4.430644089248296069e+01 6.416283150062962193e+01 7.716330403628620616e+01 5.717179316898871377e+01 4.309586074687126711e+01 6.302717207313627767e+01 6.900890325540969172e+01 7.409278653899055200e+01 6.407625401751947436e+01 7.331064437156253177e+01 8.942839525879473683e+01 1.125600861685576746e+02 1.060243711017452313e+02 9.800432437116440099e+01 8.751509862988862665e+01 7.645854864027293729e+01 5.763648373410749315e+01 5.540658601210051160e+01 7.504455724037801190e+01 8.399907827555540507e+01 8.399907903680511367e+01 1.037872022523432491e+02 1.108691517620114411e+02 1.190497601194268071e+02 1.164457096184662674e+02 1.064060659138715579e+02 9.812633524119091533e+01 9.101475354291711994e+01 7.884641569020084262e+01 7.477152088115728645e+01 8.847988346132484594e+01 7.903023170277042198e+01 6.994483089111625418e+01 5.030874982584949606e+01
