LEM/sinusoidal_perturbations/elevation_000740.asc
nrows	100
cellsize	150.0
xllcorner	0
ncols	100
yllcorner	0
NODATA_value	-9999
[rows 51 to 67 of 100, columns 37 to 73 of 100]
8.648267740671157355e+01 9.469995895056628399e+01 1.046734061614377254e+02 9.155099427106647170e+01 7.163812641855706431e+01 6.184665736952479875e+01 5.500657747011713639e+01 5.472987353845049796e+01 6.841246145025628778e+01 8.824328068389787916e+01 7.633378042059680979e+01 5.661857745889581395e+01 7.633378042059680979e+01 8.146785372636414024e+01 6.742665418890095452e+01 8.146785372636414024e+01 7.825729330713556919e+01 5.859564393568641094e+01 7.258142481625824871e+01 5.674439715508162863e+01 7.635563888130279508e+01 8.760024396044501316e+01 9.363141587336042448e+01 1.003116391336769340e+02 1.086038878486300945e+02 1.186172880045001818e+02 1.315754450594725142e+02 1.172160402948750999e+02 1.231845109432695864e+02 1.220569811589858631e+02 1.053666297397681291e+02 1.174517943439612111e+02 9.757287461384041194e+01 1.067659855215250957e+02 1.266977632041152191e+02 1.088270680649678752e+02 8.933806155971470275e+01
9.832642537924226644e+01 9.917885519880424283e+01 1.073449975191745693e+02 9.983310884111139671e+01 8.986467720748105137e+01 8.159456001670518788e+01 6.946381378953826413e+01 4.994497700879526292e+01 6.551207366802344723e+01 7.371843983139486056e+01 7.224011716548979223e+01 5.259092897619486706e+01 7.224006596298916349e+01 7.263478841291193078e+01 5.362295912158370470e+01 6.613108182344369368e+01 6.781885423283033276e+01 6.952533911039191139e+01 5.303225426991212288e+01 7.258142481624446418e+01 8.461820102179562753e+01 1.006224099376660774e+02 1.020253738810247910e+02 1.103332814966619964e+02 1.116501842744239781e+02 1.199424659190349871e+02 1.294065579783953126e+02 1.375937193800462524e+02 1.435090720079684843e+02 1.335718550766976023e+02 1.252983718212737614e+02 1.257244364482308185e+02 1.074720973721400270e+02 1.257244364482308185e+02 1.349703382610076687e+02 1.171156287001769840e+02 1.057748952547708683e+02
7.836088394905203813e+01 7.918536924395691301e+01 9.917885519880424283e+01 9.668436794256747646e+01 7.680693866554439353e+01 7.680693866554342719e+01 7.768771490484688513e+01 6.551207366802341880e+01 4.598092531291081286e+01 6.551207317946932562e+01 6.840107976324839001e+01 4.877532111334507903e+01 6.839996256704868927e+01 6.213747183270901786e+01 4.489238614464515820e+01 4.658110105730831663e+01 4.828149749120430556e+01 4.999413112666709935e+01 6.952533911039191139e+01 7.981214643266761755e+01 9.129430042285106595e+01 8.064486586670160762e+01 8.203751814309330825e+01 9.532388284253374877e+01 9.165411703441803581e+01 1.010872177034753605e+02 1.175423634740814975e+02 1.290983179543118524e+02 1.249783452453242347e+02 1.166585800801006627e+02 1.249783450290971700e+02 1.357069635191773216e+02 1.274314912571775693e+02 1.357069676012719981e+02 1.226393278397146531e+02 1.137296621725506185e+02 1.054712715524698012e+02
6.500000044600656679e+01 7.918536924395691301e+01 9.917885519878306866e+01 9.083915336681459962e+01 7.099460502627820802e+01 5.712003040863184111e+01 6.544069688388566419e+01 6.284908754045967072e+01 4.329008583244722530e+01 6.284908754152183974e+01 6.476907088226218434e+01 4.513603518421586358e+01 5.987604532111184596e+01 4.255330404874655414e+01 6.215465429641308504e+01 6.613108182344369368e+01 6.781885423283033276e+01 6.951001260519012703e+01 5.408587806191024328e+01 6.913349428954150255e+01 8.055625049409337635e+01 6.660616675538685172e+01 7.054299000533843866e+01 7.535929038589837603e+01 8.111323847094718076e+01 8.925749325306368576e+01 1.007930652665550468e+02 1.207977979840831750e+02 1.149040510383689053e+02 9.648393894160631135e+01 1.149040510383688058e+02 1.279087172256563179e+02 1.212069789377520976e+02 1.284785751289323059e+02 1.085345690977861750e+02 9.446449171053203031e+01 8.560113587963428472e+01
8.504132570057376483e+01 9.326518338156580512e+01 1.017066211654439769e+02 9.300914140531290286e+01 7.938188952633133511e+01 5.966606225877834646e+01 4.583101928804910585e+01 5.667098369573985650e+01 4.066442050289651178e+01 6.025368759236153693e+01 7.297332399165323125e+01 5.987598256711297040e+01 4.023401331272579284e+01 5.987604532111184596e+01 7.034829091037927640e+01 7.812019759719315459e+01 8.636982721421492215e+01 8.184278111843123327e+01 7.295622200720730177e+01 5.834714128166582015e+01 6.150023960011403545e+01 7.537950439982201090e+01 9.039653014455790014e+01 8.678022778045357200e+01 1.010045571378799707e+02 1.010869359544586104e+02 1.175423634740814975e+02 1.183998792812393361e+02 1.065712595104858735e+02 8.631310800395748117e+01 9.940892136781600641e+01 1.145934532045600065e+02 1.012422441508157220e+02 1.153742653348452762e+02 1.226393278397153210e+02 1.110250892642750244e+02 9.113471085879452005e+01
8.271343330983678754e+01 9.424201156096221155e+01 8.918125820555911787e+01 7.102587320431348417e+01 8.196436359035556052e+01 6.221955152707980830e+01 4.837559997164611048e+01 3.704867596369266636e+01 5.667098369877902542e+01 6.844272598868882085e+01 6.465987605493572232e+01 5.647877332647591686e+01 3.877284311916545079e+01 4.503220474252763239e+01 5.155835717341601310e+01 5.843102328003104873e+01 6.972355828249018828e+01 8.959022020749267767e+01 8.653656065975268064e+01 7.829010785540762640e+01 7.157782676970322200e+01 8.947808035011489380e+01 1.034061210605138967e+02 1.066071788854666949e+02 1.148190370110021661e+02 1.210868629510328560e+02 1.224556455234992143e+02 1.100676046735651283e+02 8.982975507092348266e+01 7.909040067754770575e+01 9.940892136117939515e+01 9.455421579947504540e+01 8.695980346546006956e+01 1.046513630558441861e+02 1.129707164128943617e+02 1.192671007995026287e+02 1.051889325266730140e+02
6.600287734820742003e+01 8.602093808827152088e+01 7.956980661760009355e+01 5.853614837533201865e+01 7.956980661760009355e+01 6.831086992369006339e+01 4.866218193281812887e+01 3.479091919850013426e+01 5.441709962940866063e+01 6.272494340191020967e+01 5.454684084290692425e+01 3.681472593676866722e+01 5.647792044682162071e+01 4.862321712751233349e+01 6.823438148495263533e+01 7.812019759719315459e+01 8.638476865357489487e+01 9.787930350905683952e+01 1.034026803051814767e+02 9.935798472854054353e+01 9.117057044907491559e+01 9.944818155401365800e+01 1.044491261134075160e+02 1.127815395562627714e+02 1.186528138244021875e+02 1.103243069999763151e+02 1.022929047104957760e+02 1.059928365875500162e+02 9.354346966767867855e+01 7.319957195220789004e+01 8.656557031839123795e+01 8.021330684400089694e+01 7.677032117066495687e+01 8.448122401215678678e+01 9.879652945378241213e+01 1.188189431820994031e+02 1.251085515323321573e+02
6.386649373841186872e+01 7.214060121520618907e+01 7.063690562756028157e+01 4.917686890492506535e+01 6.060050026805939183e+01 6.870465750258657067e+01 5.221964316246408799e+01 3.257071573562015487e+01 5.135046464097251118e+01 5.266040091380929056e+01 3.488800121230776341e+01 4.234197951394211401e+01 6.196280845230457146e+01 6.823437884493529282e+01 6.098377509478234515e+01 7.488781701342961128e+01 9.476916589544471492e+01 9.745309222815890848e+01 8.316929702480122444e+01 9.745309222861243370e+01 9.850079515392172880e+01 9.014500974954758306e+01 8.422005075387571083e+01 1.044491261134075586e+02 1.069943635357845437e+02 9.009555942568562159e+01 8.795400595289355294e+01 8.573577059532685496e+01 1.000331104195488336e+02 8.656557031839123795e+01 6.624674854244388200e+01 6.847053654455466187e+01 8.284483553226050390e+01 1.030135123236016881e+02 1.046528265875481907e+02 1.246284116053458035e+02 1.373900118489626152e+02
4.398146890665231012e+01 6.386649345965304292e+01 7.049745402716152398e+01 5.877202515682779449e+01 3.978783272449835096e+01 5.244650138490750635e+01 4.749254980164051432e+01 3.028359916770730464e+01 3.166433472522792414e+01 3.300267428936300718e+01 4.690499937564202781e+01 6.196284223724791929e+01 5.619753741729254415e+01 7.588152012721356243e+01 8.071092928183617232e+01 8.896600026826797603e+01 9.555402677186573612e+01 8.719564229989859427e+01 6.884061164277805744e+01 8.840503141254039576e+01 9.014500974954889045e+01 6.988469002107252948e+01 9.014500974954889045e+01 1.018700039389066774e+02 9.864523414259055301e+01 7.835400278308274835e+01 8.779911475644188101e+01 7.136769906914483386e+01 8.587980069765302460e+01 7.749641696195055829e+01 6.178195016526652950e+01 8.202214364684856207e+01 9.321587481621891413e+01 9.999121839683134283e+01 1.083401314343404778e+02 1.184401974239153077e+02 1.285111914556618729e+02
4.778663657201480675e+01 5.604094764935037176e+01 6.090565831105030270e+01 5.113513004079273117e+01 4.887913256950854901e+01 3.197071562168556724e+01 2.852715836696124185e+01 4.846241097488328364e+01 5.135047750885441076e+01 4.436125320024743246e+01 6.082903543840587446e+01 7.476684874991161678e+01 7.588152012721356243e+01 8.412229577058676000e+01 9.655005642806000310e+01 1.025983923248113285e+02 8.719564229989894955e+01 6.699216551864823543e+01 5.987729034912594983e+01 8.003724838056530189e+01 7.575654125423217522e+01 6.319118294909533518e+01 7.326303900345071440e+01 9.352010067666296322e+01 1.069943635357845437e+02 8.779911475644188101e+01 6.752357819779447823e+01 6.376814260832398418e+01 7.388196856070509000e+01 5.737214388515358365e+01 6.189797373918237611e+01 6.724756908144546230e+01 7.286884528672416650e+01 7.967264009900529231e+01 8.987289681727541790e+01 1.101095399763872109e+02 1.185497825873539028e+02
2.785619891132082770e+01 4.578849217318173714e+01 4.159400460702617153e+01 4.368902713138287197e+01 3.679503017292034173e+01 2.678731858146977274e+01 4.669594804522046161e+01 5.174650032888697382e+01 6.018802443862453799e+01 6.399413355150960570e+01 7.218126291149613394e+01 7.884325243622481594e+01 8.682021185210764713e+01 9.012975600722707270e+01 7.520784286696952847e+01 8.145883249348146649e+01 8.719564229990101012e+01 6.699216551864823543e+01 5.293000501010674697e+01 6.907279353729805393e+01 5.570529810342988952e+01 6.983406562274051055e+01 9.005466224660322894e+01 1.018700039389066063e+02 1.079291941578140239e+02 9.616932467709541754e+01 7.915359691884924587e+01 5.900936341108479866e+01 5.387060774552244169e+01 7.388196856070509000e+01 8.214080021206825677e+01 7.841683829145907225e+01 8.728397804031473584e+01 9.999121839683134283e+01 1.083401314343404778e+02 1.184401974239153077e+02 1.103022121054682572e+02
4.578843419345455601e+01 2.578499916338640929e+01 2.484174509285229959e+01 2.440397943374991030e+01 2.533798805593308856e+01 4.480497555392152265e+01 4.598883321687293346e+01 2.901179155189491610e+01 5.159167158116216001e+01 6.704861785735137403e+01 6.628917120377469985e+01 6.108910062924291395e+01 7.884325243622481594e+01 8.145883249348146649e+01 5.954035190521331344e+01 6.974291180777359500e+01 7.856804800614278861e+01 6.775091068400278971e+01 4.795727625305503494e+01 4.923348235821465835e+01 6.907279353729805393e+01 7.434727210853726831e+01 7.434727210853712620e+01 8.269081233409768572e+01 8.770066019881532782e+01 1.019815748999172911e+02 8.753230714595633799e+01 7.153980329959667017e+01 5.163177969809625978e+01 6.562196114427732141e+01 8.582673809140970889e+01 9.871053058033419347e+01 1.070639407148663196e+02 1.158822998121412411e+02 1.185049509256123770e+02 1.102573757257645894e+02 1.114458192679988997e+02
4.664365875463394673e+01 4.322229843629702373e+01 2.383688121043600816e+01 4.370911616229780350e+01 2.500972239989109625e+01 3.916691691352799154e+01 2.622447334746108893e+01 2.665585706189219195e+01 4.054333595679739233e+01 5.424032477791643458e+01 4.908445917610357867e+01 5.636308125818163006e+01 6.382757857164576620e+01 7.489019180365248474e+01 6.974291180777359500e+01 4.779927784973546068e+01 6.974291102162024458e+01 6.295024887929094604e+01 4.331703536815762590e+01 5.856012938915171873e+01 6.660385213806746663e+01 5.499650573062072567e+01 5.499650573062072567e+01 7.434727210853711199e+01 7.337088047845071515e+01 9.186616687998242980e+01 8.370867291532751153e+01 6.354791824610993700e+01 4.968105934981864635e+01 6.945286657474186143e+01 7.856058346843215645e+01 8.531312489981779379e+01 9.368751917436104293e+01 1.038189864874187833e+02 1.102573757257645894e+02 9.025517302643586959e+01 9.611368077895103568e+01
3.284749732939769018e+01 2.328875781939473200e+01 4.332194068303147105e+01 4.400816854743013096e+01 2.774734902943470871e+01 2.561622322854754330e+01 4.570383141876876465e+01 4.651258409855709175e+01 2.726993921166955559e+01 4.710659918563482051e+01 5.290635293154596042e+01 3.821273463935154524e+01 5.005838707005892019e+01 6.090962122989933647e+01 6.311736142093906921e+01 4.182079063194591129e+01 5.924740559193478617e+01 6.711637144399527699e+01 5.856012276643137682e+01 3.901853322497256471e+01 5.443203811087942512e+01 4.217754104638905233e+01 6.066326063819953163e+01 7.728431280012384264e+01 6.333949961159346032e+01 8.349817055016949041e+01 7.310724674796333034e+01 6.478101124438201452e+01 4.782112592945819074e+01 5.282294238065671976e+01 5.843234088178367358e+01 6.505550060566470449e+01 7.516286952568675872e+01 9.546338027394885728e+01 1.102554688726586676e+02 9.025515683692388791e+01 7.587331857091187715e+01
2.274188261371394404e+01 4.277433723679757094e+01 5.156471694307453646e+01 5.780689223220166184e+01 5.423825197623527572e+01 4.680444860236136151e+01 5.555678117298958085e+01 3.938526509562566957e+01 4.251264723279226132e+01 2.788716752060006243e+01 4.354278300024773785e+01 3.176245542244586417e+01 4.596366659148167599e+01 4.331979426385393595e+01 5.210828885536119515e+01 3.661332512560925778e+01 4.261668415389383568e+01 5.158404726858563549e+01 5.295829180943768222e+01 4.498827178582239839e+01 3.493023328302755459e+01 3.552950623120205620e+01 4.926091969408731330e+01 6.416320311462058612e+01 5.593377129096211320e+01 6.590634216885456453e+01 6.223659786236711966e+01 4.540340138036223294e+01 5.892059622315797895e+01 7.275001537942824825e+01 7.856058346842971218e+01 8.531312489981779379e+01 9.368751917436104293e+01 1.038189864874187833e+02 1.119207048648232643e+02 9.191166117693092019e+01 7.751143923556983850e+01
4.224199209275811739e+01 3.072888527409559245e+01 5.062796433238295890e+01 6.657531800061620686e+01 7.488068002533576362e+01 7.243449410946996636e+01 5.629789108406761500e+01 5.263532302613651837e+01 5.348766109912463662e+01 3.879042424596217842e+01 2.850598691569671317e+01 2.894524791068826275e+01 3.455865078274416646e+01 3.045888503976672013e+01 3.108525333164021021e+01 3.170597055145335830e+01 3.232243045612983678e+01 3.292855108130874697e+01 3.352216200690794778e+01 3.410581988287876953e+01 5.356558679805500844e+01 5.505926395059077549e+01 3.639601659210176621e+01 5.595294040939280933e+01 6.512330536249973534e+01 4.643684209577754274e+01 4.301162003216940377e+01 6.223659786236711966e+01 7.310675417302253720e+01 8.729075228593220004e+01 9.408061496686609360e+01 8.710412018973480031e+01 8.663726437806664649e+01 9.478138845171309868e+01 1.060189829312243290e+02 1.007972532648269350e+02 8.333433945874649851e+01
4.145110375133420177e+01 5.056103544134276717e+01 3.966540408713449750e+01 4.667935709957119883e+01 5.809976035114512882e+01 7.815314719834860568e+01 7.471565188012972669e+01 7.188006453973753196e+01 5.823225428199226883e+01 3.702153639350652270e+01 4.305483656843557583e+01 5.052387478609518467e+01 2.956887956173523690e+01 4.435080437716364798e+01 4.773699082820481010e+01 4.485069731455445918e+01 4.081808044176847261e+01 5.224063210557871173e+01 5.295802549348081101e+01 3.954968054138633704e+01 5.805907446136068728e+01 6.422044725713270452e+01 5.594988766001044667e+01 3.727819063135000022e+01 5.684962551928310859e+01 4.054343650043070113e+01 5.974954531523300005e+01 6.762239365324636253e+01 7.525579325536493513e+01 8.449613983966278852e+01 7.753905938140781018e+01 6.316342674719560790e+01 6.794373670292306144e+01 7.849261052014796292e+01 9.781634542579949709e+01 9.250082744290311609e+01 7.193868368915997280e+01
