LEM/sinusoidal_perturbations/elevation_000629.asc
nrows	100
cellsize	150.0
xllcorner	0
ncols	100
yllcorner	0
NODATA_value	-9999
[rows 34 to 50 of 100, columns 0 to 36 of 100]
2.064481644892168701e-03 2.000206448164453832e+01 3.235768817388224505e+01 4.064195942134444550e+01 4.958623133134375394e+01 6.309706191203392933e+01 6.373675876122933914e+01 6.367667752340564391e+01 4.405405108478778686e+01 3.016991989982398792e+01 4.996081905400517087e+01 6.041659375261288289e+01 7.195691767315918241e+01 7.772556631844591379e+01 6.943895730290832091e+01 6.766263660056873164e+01 5.360909146696947403e+01 5.577812204598180301e+01 7.564521894534495061e+01 7.261552542731594428e+01 7.261552487280415846e+01 9.259077787927520831e+01 8.305814948202308301e+01 7.492695536554134605e+01 5.970979787474306733e+01 4.741954670146967743e+01 6.717701502714625406e+01 7.965250343842599534e+01 6.039777890763842549e+01 4.914489789656772700e+01 4.224330121058246590e+01 5.199431751837221327e+01 4.393714903434783992e+01 2.513964833886564776e+01 4.465878416618151903e+01 5.507008936074372940e+01 6.261731956629827067e+01
2.905961989428186391e-03 6.033132853544726615e+00 1.235768817388153984e+01 2.130196008388085360e+01 3.544409570761230555e+01 5.544409570761300898e+01 4.375430946845590086e+01 5.788292868940138192e+01 4.443440501174010393e+01 2.391202137605252176e+01 3.175974038613412986e+01 4.368901293452282175e+01 6.371688420619733506e+01 6.943895736140122210e+01 4.947491223085659584e+01 5.532224568651869134e+01 3.985436330868066079e+01 5.536036403463356947e+01 5.887349321846305372e+01 5.271467953159611852e+01 7.092619824371780624e+01 8.541576954126036014e+01 9.366560864933929054e+01 8.761953028613960726e+01 7.534044574242544456e+01 5.881760783109202606e+01 7.534044574242544456e+01 8.767245830323430766e+01 7.653761706703288326e+01 6.853578304740366889e+01 5.332971608120558926e+01 3.355767509041751140e+01 2.816996980526418781e+01 4.465872875028974676e+01 2.765230958303286002e+01 4.706501338366672371e+01 4.317864476596654555e+01
3.542675937824442140e-03 2.000354267593747082e+01 3.235768817388224505e+01 4.064195942134444550e+01 4.958623133134375394e+01 4.789307124120274750e+01 2.962734491056852448e+01 4.789252060727491056e+01 3.924936761095853655e+01 1.904259613890791059e+01 3.924937805714647965e+01 5.522657310932694230e+01 6.620490918611868381e+01 5.803593408674277754e+01 5.528406043913934553e+01 3.571544245139754992e+01 3.267357082071282548e+01 3.592497117957064034e+01 3.931290698005422257e+01 4.296296807846235311e+01 6.266510264532330865e+01 6.544580987490400048e+01 8.219458002892163506e+01 9.045447142927203288e+01 8.674033952257754265e+01 7.859636458747824861e+01 8.056346763063976368e+01 7.252619349377791025e+01 6.514639205998685156e+01 5.862765965419942660e+01 5.089553035328680863e+01 3.143936643805457010e+01 4.739918134410511641e+01 5.517398152596486938e+01 4.711069064568308562e+01 3.016697938308157845e+01 3.197462396929972428e+01
3.411803931810562015e-03 1.414554742766288520e+01 3.414554742973457024e+01 3.852860487858762184e+01 3.969115394941103148e+01 3.961708757822196247e+01 1.963917784188346971e+01 2.962899194105228418e+01 3.086856189928216665e+01 1.559238728584008093e+01 2.645799547533115970e+01 4.690775744407850567e+01 5.513769313741842382e+01 3.914871728897345804e+01 4.760910195955649726e+01 2.848402266239597580e+01 4.780399958239917879e+01 5.536036403463356947e+01 5.305578558338164896e+01 6.266510264532330865e+01 4.924395331987391700e+01 5.469656466571137088e+01 6.221187749866074057e+01 7.374797570585202777e+01 9.372926744323136461e+01 8.372754930320169819e+01 6.432640783885833002e+01 5.300117404916264974e+01 4.559021783119207072e+01 3.910213322869493879e+01 3.477901721650129474e+01 5.089552794935730162e+01 5.896130462890607049e+01 6.606499647884028548e+01 4.611525363536600963e+01 4.390269728602808641e+01 5.144848073011304024e+01
3.327314952832964925e-03 2.000332639741802510e+01 3.261127271640988567e+01 1.853749210288665239e+01 1.970253429063900086e+01 2.672922491555408087e+01 2.787233486328935328e+01 9.645512594316608457e+00 1.088824492777968267e+01 1.216244607387775645e+01 3.214203382610924109e+01 3.918456595519851504e+01 3.755327790663458387e+01 2.819443411569861269e+01 4.143621698470027326e+01 2.577230247521760731e+01 3.940130417281883979e+01 5.894030176920374231e+01 7.291868189299819392e+01 7.737937399522158444e+01 6.911050302868439132e+01 6.878918214585972635e+01 7.097545038841626308e+01 9.045447142927203288e+01 1.019066025573436320e+02 9.176671959041394189e+01 8.056346763063976368e+01 6.839609429391666140e+01 4.885927404279182440e+01 5.862765903635316533e+01 3.995056377600199937e+01 3.961487267260617529e+01 5.914385039417720691e+01 7.233079064326925334e+01 6.612465708383737706e+01 6.345743425632488055e+01 6.433020180530733967e+01
6.779948344387334673e-03 2.000677992154052021e+01 2.268243119640552763e+01 4.399568173893413814e+00 5.565991806288460353e+00 6.740432085564933118e+00 7.920994306732414003e+00 2.790844194122425037e+01 3.086822781706180407e+01 3.214178750192656508e+01 1.407595306483171527e+01 2.871995783583972539e+01 1.805059233820895415e+01 1.946453715160033937e+01 2.204705897981872198e+01 4.146666556357043731e+01 5.328582215623202956e+01 6.129475767434819744e+01 6.346637179154748765e+01 7.171408154507567190e+01 8.059047789378524840e+01 8.877284532400275907e+01 9.095770035363052841e+01 9.921538770773936733e+01 1.011485756720560403e+02 9.437048215297164688e+01 7.502445502017576473e+01 6.125140617203528137e+01 6.839610842330064600e+01 6.490588662258261365e+01 4.534784723241958204e+01 5.914385694345183708e+01 4.472151838493773823e+01 6.428022498001573126e+01 8.064026081443526550e+01 7.408156582931475498e+01 5.458170932748433302e+01
9.516927588586143695e-04 2.000083799429792109e+01 2.761104358768122324e+00 2.275707003999434264e+01 2.555706517910494213e+01 2.672922486320259949e+01 1.308362054566247679e+01 3.284245038368192837e+01 4.098079302433984594e+01 2.112452260298188733e+01 3.401803073960236645e+01 1.605546326079027253e+01 3.614930133994892003e+01 3.893805589253049249e+01 2.190665224978247849e+01 4.132876008376914712e+01 4.559445628768213510e+01 4.171774686556577905e+01 4.385251001215772959e+01 5.252092470495185950e+01 7.232142501925251565e+01 7.769700243317579691e+01 8.597762854604827965e+01 9.528716272527424280e+01 8.112270260592367777e+01 9.529194518027151162e+01 8.873507655974837860e+01 8.069060821871006794e+01 8.433944862141208887e+01 6.490588662258261365e+01 5.188082376651905037e+01 5.212923424059274424e+01 6.428022498001573126e+01 5.308141670340828711e+01 7.260518980057750582e+01 8.213182976114666189e+01 6.437734482286599302e+01
1.945935296826602993e-03 1.141551699893010863e+00 2.113998524804178203e+01 1.690079427744717933e+01 3.689538047558439615e+01 2.156887427811316726e+01 3.284245038415042472e+01 4.103764713404599718e+01 4.622166654997320023e+01 2.642786350771521953e+01 4.490538898999522388e+01 3.849483610733553007e+01 3.849483610733553007e+01 4.947040757965659452e+01 3.562131785503625991e+01 2.438968656906855159e+01 2.626217858905390656e+01 2.815054067785674619e+01 3.669463715627997402e+01 5.615438441884040799e+01 6.362090611314486210e+01 5.779041215163479706e+01 7.769696701083957180e+01 8.632101993811706109e+01 6.698520505412597004e+01 8.633096316392168035e+01 9.788270057767830679e+01 9.295061812483142205e+01 7.363605161254321274e+01 6.237839995207473720e+01 7.141841712967972455e+01 5.758500329859542433e+01 7.706673303722260471e+01 6.692752763054376430e+01 6.440554363823149231e+01 8.380611476038573926e+01 7.811853561694864823e+01
5.600688922766023682e-03 2.000286878274603453e+01 2.941884084092366081e+01 3.689538112173651285e+01 4.517814857823529451e+01 4.122200675599465569e+01 3.084352940723574932e+01 5.047620285843243693e+01 5.446290449914033616e+01 4.622166654997320023e+01 3.527121644320204297e+01 5.508167600207670489e+01 6.179955255888730647e+01 6.331832350602214632e+01 4.875080026933619592e+01 2.941960092233602353e+01 4.559445628768601466e+01 4.745172094543369212e+01 3.094358956861083243e+01 5.023641321229511192e+01 4.394394521879089410e+01 6.362084112883625409e+01 7.779723008224519276e+01 6.952296435904584371e+01 5.806799157954144164e+01 6.958683827057024018e+01 8.958507183631294879e+01 1.010019767389092920e+02 8.983002014051903927e+01 7.614213159103115913e+01 8.291583678563044657e+01 6.351655429230038408e+01 8.291583678563044657e+01 8.631227881404558389e+01 7.564448654629013902e+01 9.184055888969558623e+01 9.748865506227181754e+01
8.215197286175309616e-03 5.172192992229375008e+00 1.931432860603986867e+01 3.931432469557165632e+01 4.794598311910655752e+01 5.872011037566691982e+01 4.466716240992840170e+01 4.466626977424774481e+01 6.448957473066337798e+01 6.334409338176595128e+01 4.668128084942893707e+01 4.925605419487278880e+01 6.914597117828483874e+01 6.840926150402182770e+01 4.859581552858853115e+01 3.477501740335098646e+01 5.447851641005113521e+01 5.843393236898450738e+01 4.499020959656320429e+01 3.375689465647509735e+01 5.310309270386653679e+01 5.919164663629301515e+01 6.226331491840420540e+01 4.964236828940317992e+01 6.952298336936239309e+01 7.632537497016457451e+01 8.264892748911346132e+01 8.971970935136367586e+01 9.800404987191949147e+01 9.545708595856838485e+01 9.094143894499912051e+01 7.476479303891929362e+01 7.726620566569944515e+01 9.655525285777270028e+01 9.495510623708410947e+01 1.030141959740856805e+02 9.785379834658328946e+01
2.613274238814250559e-03 2.000261327423845970e+01 1.333715880150656474e+01 1.966171412184308309e+01 3.380384970821729240e+01 5.380384391977072767e+01 6.453112963149159498e+01 6.448925327800439788e+01 7.264168467787688144e+01 7.483914253411656148e+01 6.656319290171590808e+01 6.914597117828483874e+01 7.743213256865905691e+01 7.072584788384149590e+01 5.082701198751760074e+01 4.350481355678581252e+01 6.273467158717463121e+01 7.236109447831438501e+01 5.211293865261238523e+01 3.816133006929552351e+01 3.689817439659688603e+01 3.969936145803984573e+01 4.259667411955928173e+01 4.648359188369197881e+01 5.063484961227472780e+01 5.634724296075223293e+01 6.265209862553974318e+01 6.972051813901191508e+01 8.126788657091276491e+01 1.012651139777436811e+02 1.021016737701306454e+02 9.405036961099601456e+01 9.655525285777270028e+01 1.046166722242986111e+02 1.104459166337072276e+02 1.021347755382752922e+02 1.058969830871298683e+02
7.532853315450405325e-03 2.000753285331509446e+01 3.333715734201565084e+01 3.966171238908960106e+01 3.231082475532775788e+01 4.645296014029219123e+01 6.645297195201784746e+01 5.825683166964108040e+01 6.655683822649839954e+01 7.605591671428568645e+01 6.774880855986690165e+01 7.293934733347056465e+01 6.466634108292400640e+01 7.293940052324356316e+01 7.072584788384149590e+01 5.492702239908641815e+01 7.162800586362982358e+01 8.109202788590430089e+01 6.535563340099001550e+01 4.483694615479112855e+01 5.621928990415161564e+01 4.215432411550425940e+01 6.176643154862824758e+01 6.631051904127726004e+01 7.055818502339447207e+01 6.056503396219974888e+01 8.055133608458915262e+01 8.971970935136367586e+01 9.800404987191950568e+01 1.095502945999929381e+02 1.013598230119620069e+02 9.303724487988608871e+01 9.043046722949844707e+01 9.875287083801741517e+01 9.887674630987400803e+01 8.210733558884292904e+01 9.887674630987400803e+01
6.101047412966256744e-03 2.000610104741260997e+01 3.536218214033483065e+01 4.430645708725204912e+01 5.231082332241847865e+01 6.059522520783987432e+01 5.499564845535968516e+01 3.825361047801435888e+01 5.499564844784970319e+01 6.449122084345847838e+01 4.774593913695023417e+01 6.294548683192564908e+01 4.467334008956087388e+01 6.294578693817206272e+01 7.538120783966114402e+01 7.487121139529138247e+01 8.314998009469655926e+01 7.959165839631813810e+01 5.948062165755486319e+01 5.686172856829321631e+01 7.002905226262646465e+01 6.176643158750275120e+01 4.805674526500954613e+01 6.203760819396266157e+01 8.200463696930357571e+01 8.055133608458915262e+01 7.320122451115533124e+01 8.734143432518764882e+01 1.073407844008209651e+02 1.005415576453671065e+02 9.303724487988608871e+01 7.295386796257405138e+01 7.034852568430267183e+01 8.715684548726791547e+01 9.057192773391935248e+01 7.052499606636683893e+01 7.985639204442779260e+01
6.842009524227352091e-03 7.077909821389733125e+00 1.602218173138904689e+01 3.016431735514942858e+01 5.016431754759787509e+01 5.142181760644093913e+01 4.670631488470712611e+01 2.670660172915170349e+01 4.670631488470712611e+01 5.619925207951927604e+01 3.620083067802703880e+01 4.465277845467002749e+01 3.467537449670928851e+01 4.711270506620226683e+01 6.377375993172617541e+01 6.387363141417120005e+01 8.398840316151922991e+01 8.787723173494963191e+01 7.959165839631813810e+01 7.113335959567025668e+01 7.941040899462342395e+01 5.944922756363637006e+01 6.788581552211306303e+01 5.644206045708923369e+01 6.794389630404234026e+01 8.793437979641171864e+01 9.319910834301691693e+01 1.014838190753449823e+02 9.466220770510710736e+01 8.044557303525523650e+01 9.257094552899413031e+01 7.249168572837554336e+01 5.877318615689950576e+01 7.883615287252938231e+01 7.996278137185478840e+01 7.165290621123828885e+01 5.976203762005606279e+01
1.934550753332892102e-03 2.000193455075297777e+01 3.536218214033483065e+01 4.430645708725204912e+01 4.879553954727807508e+01 3.142124421277767610e+01 3.142124420555167674e+01 1.963553390542809041e+01 3.963496951173447513e+01 4.965097198860321015e+01 4.136589703514267313e+01 2.465455578892558819e+01 2.711638507250964736e+01 4.522893156393330827e+01 4.291520219460942087e+01 5.768688486645031333e+01 7.755231125572386475e+01 7.898418598199050678e+01 8.725562172130074146e+01 9.114590943080260388e+01 8.769237035950078507e+01 7.096075402674844668e+01 8.467458079910998947e+01 6.639809290595643176e+01 7.639286877090715677e+01 9.621704571020566732e+01 1.003387533474203224e+02 8.865216098435057290e+01 8.030329925170363481e+01 6.625429762684245816e+01 8.461849477726553914e+01 7.249168572837554336e+01 5.249014918681125863e+01 7.249168572837554336e+01 7.165290621125021175e+01 5.151211451837934874e+01 7.165290621124538006e+01
4.364784840791047053e-03 1.414650040857186575e+01 3.414650040857257096e+01 3.890727293644805229e+01 2.879509602465688900e+01 2.879509604069752626e+01 1.142115621982394735e+01 1.331097858487009944e+01 3.331109722541025064e+01 3.818451153476950566e+01 2.136657625913391811e+01 4.136590046002120857e+01 4.711364377008482052e+01 3.096539112257854853e+01 4.776984179175239831e+01 5.940368552863930063e+01 6.479785579260268946e+01 5.892168542785540808e+01 7.898418598199050678e+01 8.944782933387136836e+01 9.923547808453244556e+01 9.095285233389904533e+01 9.467032399094220807e+01 8.638764463581377129e+01 9.467032399567111156e+01 1.046684025917164007e+02 9.192311619116630084e+01 7.180829600128841150e+01 6.024458520118284355e+01 5.625544533868493602e+01 7.629292413988950727e+01 6.732731120010633674e+01 4.740007214483802755e+01 6.732731120010633674e+01 6.676804671292502746e+01 4.659876354130907572e+01 6.676804671292502746e+01
5.219006137575642711e-03 2.000521900613722082e+01 2.316382251596392905e+01 1.890723236118538253e+01 2.638736464973109008e+01 8.795027562629472939e+00 2.879509601582146772e+01 3.331109721965917458e+01 1.615365480294495271e+01 1.818434713321222418e+01 3.818451153476950566e+01 4.965055939251816852e+01 5.926093081169722154e+01 5.097336186960892945e+01 3.522963732321647967e+01 3.982010421576953263e+01 4.468025669757012963e+01 5.104191187458209811e+01 6.113652852338214672e+01 7.533975124649747102e+01 9.528900202729641933e+01 1.004278435503234022e+02 9.990145170038886135e+01 9.163408946014624235e+01 9.422575253563704223e+01 1.024920428903967888e+02 9.106826023111116797e+01 7.101763684943372823e+01 5.686060521005983759e+01 4.875230381510713329e+01 6.240495384335991247e+01 5.882427055844372887e+01 4.272637591546171620e+01 6.263041591133782049e+01 6.225805789286336989e+01 4.207341702829678098e+01 5.813817403463727373e+01
