LEM/sinusoidal_perturbations/elevation_000245.asc
nrows	100
cellsize	150.0
xllcorner	0
ncols	100
yllcorner	0
NODATA_value	-9999
[rows 34 to 50 of 100, columns 0 to 36 of 100]
2.064481644892168701e-03 2.000206448164453832e+01 3.065554433882185847e+01 3.683564590184398213e+01 4.499954971039998242e+01 5.372150287012919279e+01 6.668786476587548862e+01 7.193785968022295663e+01 5.931172547788838756e+01 5.041449943787134202e+01 5.324539882191848505e+01 6.211700478463563257e+01 6.573821286242197459e+01 4.237673383708543184e+01 3.109793540092387332e+01 5.192531204146738588e+01 5.543155853328050853e+01 3.440189157776760709e+01 4.878576396202941368e+01 3.498175309737106886e+01 4.734712474277662864e+01 6.780190859373087164e+01 7.861320135608548298e+01 5.909182149748534130e+01 4.610125268954010380e+01 4.935224463074167289e+01 6.721022660873488519e+01 7.363320257587736251e+01 6.200109133821760565e+01 4.258466582979104942e+01 4.693537801977325330e+01 5.257412135682962173e+01 5.987835277939679912e+01 7.099087366701878921e+01 9.029340202033506557e+01 9.680691417126588760e+01 9.374408798119502251e+01
2.905961989428186391e-03 5.167572230853322957e+00 1.051799217706153833e+01 1.657251551291992797e+01 2.406528299621539801e+01 3.668283174526467150e+01 5.841116957915650687e+01 6.092710467394717710e+01 3.868436117706240651e+01 2.858127473883551417e+01 3.141514920041448633e+01 5.324539884786636890e+01 5.614755408993244146e+01 4.513963602107747164e+01 2.431688197433462761e+01 4.515020154338220948e+01 6.374699888399568692e+01 4.878576396202941368e+01 2.760445007982938392e+01 4.272976536215301735e+01 6.340623791556313193e+01 7.601596412643412748e+01 7.287431008459488169e+01 5.338292780145210514e+01 3.946893873792664209e+01 3.946893897828817899e+01 5.909420611920087651e+01 5.990331064963470453e+01 4.617341872339207498e+01 3.702194580345057773e+01 4.280753140620750230e+01 6.221977619592200170e+01 7.914908207948580809e+01 8.720346819103153280e+01 9.124748632743788335e+01 7.756926262417296414e+01 7.453708551683462247e+01
3.542675937824442140e-03 2.000354267593747082e+01 3.065554433882185847e+01 3.683564590184398213e+01 4.499954971039998242e+01 5.372172332964189678e+01 6.217541703570083911e+01 5.157170808405682294e+01 2.920954060821383891e+01 1.690691593800799097e+01 3.165781423241190140e+01 5.255064259061890652e+01 4.634763968214483754e+01 3.251535131754545205e+01 1.908900783045327643e+01 3.965797000465924782e+01 5.523281338041392274e+01 4.543725394957289154e+01 2.436043940745756586e+01 3.942926653857351482e+01 6.021815012873926776e+01 6.995853690436152306e+01 6.404273130553210081e+01 5.460584697695111345e+01 5.167514940579085447e+01 3.174652007598572823e+01 4.579855728839029894e+01 4.742924681882126947e+01 3.203225855829315094e+01 5.186370126463251040e+01 6.221977619592200170e+01 7.023918162923268937e+01 8.496446295152962591e+01 9.067099767887269479e+01 8.162230063557905169e+01 6.402334925462832871e+01 6.347537295554494818e+01
3.411803931810562015e-03 1.005460977426199776e+01 2.449540046925260839e+01 4.500705942835730866e+01 4.879501678295083167e+01 4.088224210870793485e+01 4.087288823272674421e+01 4.297813016460509772e+01 2.736390389252072453e+01 1.205741923833412699e+01 3.119142467691671783e+01 3.705563709326057875e+01 2.139441894753128537e+01 2.887976235710450013e+01 1.446969146969052034e+01 2.609551832302197738e+01 4.661718281683549492e+01 4.239974343447211425e+01 2.130385733657537983e+01 3.628738724169861740e+01 5.715846141448288620e+01 5.078305888659117073e+01 5.411307434905234004e+01 3.302000268417941697e+01 3.827416729074781898e+01 4.005136817769671609e+01 2.545320744664677903e+01 2.728464574286899591e+01 4.742924681882126947e+01 5.989789951713864724e+01 6.487010384831370402e+01 7.293736093522761621e+01 6.560133913489869428e+01 7.127266679559133422e+01 7.361359478252249744e+01 5.444001168491924858e+01 7.361359478256547106e+01
3.327314952832964925e-03 2.000332731495247884e+01 3.691981392962366471e+01 3.546855349961323611e+01 3.627901261328892701e+01 1.825711438944744103e+01 2.656743540759477895e+01 2.724628546846233945e+01 1.484327058746027461e+01 7.484375597891790299e+00 2.365349546081173315e+01 2.366265349820342223e+01 6.108688272767001770e+00 8.741580129780787800e+00 2.887971930892435779e+01 4.321788821975953709e+01 4.388392858066125513e+01 3.532691016564289299e+01 1.840924068311409201e+01 3.941730216367990636e+01 5.645969860529047679e+01 3.672875332223404143e+01 4.245788370484120122e+01 3.588360296715227804e+01 1.760152549910595710e+01 1.914955208458404812e+01 2.253907928237600444e+01 4.309657184476702696e+01 4.722936259843107365e+01 4.894179470951364408e+01 4.536530697904591136e+01 6.010670166341834175e+01 5.193264787093578150e+01 7.127266679573089903e+01 6.896282145162177812e+01 4.976097081986659987e+01 6.896282145163706900e+01
6.779948344387334673e-03 1.846063115147559941e+01 2.210608475158155528e+01 1.527227769239869914e+01 1.568583310504163819e+01 2.167587441506324097e+01 1.940054949225043623e+00 2.243358666918806144e+00 2.546766497440633881e+00 2.850314061664009024e+00 3.154677890052278055e+00 3.459181548291313746e+00 3.763877531116730957e+00 1.935464550141026052e+01 2.989929893368990221e+01 3.931813562806902951e+01 3.146454788433453942e+01 1.447435189831615610e+01 3.533759488274014160e+01 4.793470861010792561e+01 4.944652156264869802e+01 4.252189685386105822e+01 2.209734264975074325e+01 1.545120770552363965e+01 3.667640634423260337e+01 4.005134791321630416e+01 2.179600162328816992e+01 4.221753176172471456e+01 2.708312957341286875e+01 2.894412847717100590e+01 4.894387079596911860e+01 4.062887582618877502e+01 5.510068468945866016e+01 5.703654437891056972e+01 5.914847740585732794e+01 4.539540352161694159e+01 5.655941350942476475e+01
9.516927588586143695e-04 3.028752163431652766e-01 6.048343360196373197e-01 9.069002846455578304e-01 1.209110548493522508e+00 1.511466854592061093e+00 5.264471606475107812e+00 1.127080927470060168e+01 1.863368786463517779e+01 1.335917502533726520e+01 2.184311157830171268e+01 2.251939190952105818e+01 2.313711558619586484e+01 4.197074812047388193e+00 8.350142658578326049e+00 2.757176623889158051e+01 1.074521101723963490e+01 3.146454788432413707e+01 4.388392851160322294e+01 4.944652156262615961e+01 2.906704477228676353e+01 3.280674844219931430e+01 1.339102619352065560e+01 3.472662066780077339e+01 2.809609963648454922e+01 4.839946823946623766e+01 4.255541337075677433e+01 2.442841610058900770e+01 4.483277272228135502e+01 4.890188452200667513e+01 3.158357007712266196e+01 3.349631895757461564e+01 3.546837426691214290e+01 3.748601102142515629e+01 3.967741711463618515e+01 4.952902819426292069e+01 6.297860360241023159e+01
1.945935296826602993e-03 5.849590855991053218e+00 1.340508231745737966e+01 1.786562835149801742e+01 2.023413511903077477e+01 2.057732802227831215e+01 2.235112275038781959e+01 9.644765648323812002e+00 1.978049542705219110e+01 3.054327065803836305e+01 3.191171201840429816e+01 3.195955342832928636e+01 1.656544082585139677e+01 1.937868564905275548e+01 4.631874629503173857e+00 7.121932444451271493e+00 2.165087437069912468e+01 4.002685671117341570e+01 5.040631237728044312e+01 3.905124527203734175e+01 3.091484691188598077e+01 1.144422271046891559e+01 2.681344448684863124e+01 4.303283457567195569e+01 4.261059147155975779e+01 4.840049253504870563e+01 4.699112219767132359e+01 3.561711576841708649e+01 5.320657387052634846e+01 4.166447367750510011e+01 5.141216039180525854e+01 5.322025029731047141e+01 4.437706462344112879e+01 4.264888688847980092e+01 5.914847740585732794e+01 4.337009577313232001e+01 4.601459194382308482e+01
5.600688922766023682e-03 2.518581317721052315e+00 4.792493824246810696e+00 1.646950410878058690e+01 2.176440183585273758e+01 3.111583749017698253e+01 3.273512686147773820e+01 2.462218025525509546e+01 1.577044439966995526e+01 3.376738718554485530e+01 4.824751473359658149e+01 3.815294071517652696e+01 2.910684457625314892e+01 2.277451385544892304e+01 4.942659357039530299e+00 2.537337709874529423e+01 3.632751413886386871e+01 5.104499579741128201e+01 4.241772997150061997e+01 2.213877257011987254e+01 9.568924467857815586e+00 3.091484690304686467e+01 4.114673661249894110e+01 5.548012718911988372e+01 6.240429680344079344e+01 6.814953168852044030e+01 6.484724539275931932e+01 5.671449777322104069e+01 6.488553837868009566e+01 4.910275160682486728e+01 6.829436047803737608e+01 6.022608594696178130e+01 6.377627556408752696e+01 4.789946932085621967e+01 6.720369369817503014e+01 5.709005891929512444e+01 6.527466281983220142e+01
8.215197286175309616e-03 2.000030644403283375e+01 2.429887949691295645e+01 8.183893244099392561e+00 2.693106483315862576e+01 3.583254476672762934e+01 4.379823902509924238e+01 4.024629949625101233e+01 2.578973403312940604e+01 3.018922053326783583e+01 4.432503907354849559e+01 2.825304753446810224e+01 2.651033106420035779e+01 2.312073847159222595e+01 5.254696140902495927e+00 2.626934661373324431e+01 4.245723837807037171e+01 4.109759569898923104e+01 3.556405837355560351e+01 2.859946824167706936e+01 8.502996411683707123e+00 2.355014768251427881e+01 4.419874331014930391e+01 5.061287198099886098e+01 5.897040812546683952e+01 5.405874367192204488e+01 6.250246739701208298e+01 7.223062530259193181e+01 7.623449937068401994e+01 6.023429166720650585e+01 7.623449937097832674e+01 7.388802510508742216e+01 7.276993091072864672e+01 5.348792807811658179e+01 7.276993091072864672e+01 7.372616178760665662e+01 7.076341870063528461e+01
2.613274238814250559e-03 2.000261327334968087e+01 3.532909603867233983e+01 2.713177445238184049e+01 1.204599163400040673e+01 3.120184411160092353e+01 4.328667156683164308e+01 5.283784040802085968e+01 4.777354625593782345e+01 4.437487658853923733e+01 4.673949473750388250e+01 3.556592467260082202e+01 1.463598474499066526e+01 7.317212541397985603e+00 5.568215581938675385e+00 2.562340530580182474e+01 2.429711193643038669e+01 2.470476402376855418e+01 2.397972048531886458e+01 7.684986347652648320e+00 8.014413598475645273e+00 3.094330767148668215e+01 3.387879114565151895e+01 2.972264287040533759e+01 4.391288739775376371e+01 3.294098813514204238e+01 4.262732861595142708e+01 5.781544413838538077e+01 7.846050237619731149e+01 7.930670817303975184e+01 8.727300984229056269e+01 9.329708745336039044e+01 7.920917526939851427e+01 5.989145376469891602e+01 7.920917526939851427e+01 9.455106617199584207e+01 9.070808049489679092e+01
7.532853315450405325e-03 1.414966847704652508e+01 3.414966847919603055e+01 3.120217729565547060e+01 3.120217729566195075e+01 1.628597643439304221e+01 3.560427221588221869e+01 4.865537454470048573e+01 5.879076764051016823e+01 6.451731882821346176e+01 6.002122220611068570e+01 4.467584065710554597e+01 3.052404943377130664e+01 1.225281198979776143e+01 1.913045216062256415e+01 6.015737473157303228e+00 1.824067739540109656e+01 2.252064952285124022e+01 7.234913718792613579e+00 1.382663508232901606e+01 1.673865599644885194e+01 8.480540996137344578e+00 1.273197763151245709e+01 1.731598584949267661e+01 2.272603464766728010e+01 4.391288740282926994e+01 6.250246739692528308e+01 7.139737276639087327e+01 6.599841975195585064e+01 7.186541115810371139e+01 7.954199726034934770e+01 8.991915429679283989e+01 8.728698011677636259e+01 6.951610549138909789e+01 8.728698011677636259e+01 1.017710111409378868e+02 1.015860117708961354e+02
6.101047412966256744e-03 2.000610104741260997e+01 3.385204555050888331e+01 5.111953111897577173e+01 4.389468988660386373e+01 3.552325410160756292e+01 2.083487674968515080e+01 3.038249536136537188e+01 4.449527453228774476e+01 6.505264799129952280e+01 5.415969479774398110e+01 3.224729661356950317e+01 2.143984507479820678e+01 3.259170529361160362e+01 3.029866345132203875e+01 7.451213507366869493e+00 6.466182665837464150e+00 6.784868937273785150e+00 1.908057905969510060e+01 2.478576638922773867e+01 8.854220545034989343e+00 8.909636342644198237e+00 2.866825562310501851e+01 3.853738630885524685e+01 4.391288314912431190e+01 4.010871080104033837e+01 6.083953223247713282e+01 5.854928144477052143e+01 4.940688904433044115e+01 5.561645307587892972e+01 6.450041457677406243e+01 8.192618358698557302e+01 9.700646080791193526e+01 8.890227457905912445e+01 9.700687321080876302e+01 8.179480725413324649e+01 8.179480725413328912e+01
6.842009524227352091e-03 5.553844016168114628e+00 2.555828962489866285e+01 4.283770721605467457e+01 5.460748723237604452e+01 4.412637028300277819e+01 2.441818912265526720e+01 4.412637028072568057e+01 5.813850219150204168e+01 6.784018066634078536e+01 6.316923984667933922e+01 5.086251550776476904e+01 3.185022396140112733e+01 4.684138734224097789e+01 2.564640982787242507e+01 1.328798513180877450e+01 2.856960579567375191e+01 9.858617170108908923e+00 3.024336792810401775e+01 3.145506168701701810e+01 9.239396549443583240e+00 1.755126240709005359e+01 2.491030937312348570e+01 3.417482153880298767e+01 5.368023282852983158e+01 6.083953222659994253e+01 5.854928139092429973e+01 4.105870770622960464e+01 5.854928095084968476e+01 7.054657393263717324e+01 7.465603906916949484e+01 7.991490842723941057e+01 9.189497863240544007e+01 1.040756062681734164e+02 9.245434016877497641e+01 8.179480725413328912e+01 6.190085940102888173e+01
1.934550753332892102e-03 2.000193455075297777e+01 1.449819305848838802e+01 2.604899967226919344e+01 4.617516735927294746e+01 5.238334657077707845e+01 4.412637028396565597e+01 3.017491934172208801e+01 4.004218177468586504e+01 5.419316050322748168e+01 7.341700051662050441e+01 6.168098493117749115e+01 4.686443360028545158e+01 5.529384600163667329e+01 4.083299195472492471e+01 1.963836575689235531e+01 4.007945279698473229e+01 3.434830869936351405e+01 4.711068049231008104e+01 3.695883984672259004e+01 1.656274249485348804e+01 9.739750719666217194e+00 1.563208592449921319e+01 3.136542335409362536e+01 5.280014502039555424e+01 5.176873770512985828e+01 5.385400264889761246e+01 3.572065092509878781e+01 4.813689700825641182e+01 4.886107342091951011e+01 5.913382266369571028e+01 5.687319026008719902e+01 7.351431497869484133e+01 9.080761360346575373e+01 8.047457546648071514e+01 6.569137560221771821e+01 5.623753259612045952e+01
4.364784840791047053e-03 2.000436478484043690e+01 3.451850996280577988e+01 2.864575418913741700e+01 4.869659660010093916e+01 6.513496839946289185e+01 4.599366303857031824e+01 5.004578465005944565e+01 3.819906136701796129e+01 5.808330239283812091e+01 7.599661964887127397e+01 7.794549198855905559e+01 6.464748404660917913e+01 4.417342154075158334e+01 3.206938888810282151e+01 3.206937976988211147e+01 4.932750372856594367e+01 6.011394417872426743e+01 4.165403738042298443e+01 3.954904824733495161e+01 2.953921371932334949e+01 1.006671391482924527e+01 2.956356500989547698e+01 4.390043527055290440e+01 4.580406494801163575e+01 3.192596525409915387e+01 4.035288510985971300e+01 4.146875940639039726e+01 2.846053592517012376e+01 3.305198310231675407e+01 3.849169495762313886e+01 4.583255475691183278e+01 5.843305045456815350e+01 8.221907318851218349e+01 8.937782490251244383e+01 7.075630161388077966e+01 5.099207664960872677e+01
5.219006137575642711e-03 2.000521900613722082e+01 3.829072635645414380e+01 4.869659660010093916e+01 5.702966024301587566e+01 6.868707164328735360e+01 6.513496839946289185e+01 6.606567503374439809e+01 5.229549050723426973e+01 4.889462200271077563e+01 6.276501156187297426e+01 8.128222446680474889e+01 7.319313044488406206e+01 6.127976888270088551e+01 5.281422931646093843e+01 5.281426268457150286e+01 6.125838789503762172e+01 5.420454700596405928e+01 3.194749118139244004e+01 1.922800459922504857e+01 1.196969520774148954e+01 1.039271776021122839e+01 2.826839741332334199e+01 3.402721114223132304e+01 3.419378373704665108e+01 1.805186390553048525e+01 2.060643995048576471e+01 2.376516284141147040e+01 4.426435875783545981e+01 5.324482191458227476e+01 5.913278780742350449e+01 6.726309319871930370e+01 7.674519401907542715e+01 8.263308239861429172e+01 6.990472557069273307e+01 6.642411253402103455e+01 4.657163182830618808e+01
