LEM/sinusoidal_perturbations/elevation_000152.asc
nrows	100
cellsize	150.0
xllcorner	0
ncols	100
yllcorner	0
NODATA_value	-9999
[rows 51 to 67 of 100, columns 0 to 36 of 100]
6.455108993161302530e-03 2.000645510899280666e+01 2.646189036092463098e+01 1.147359305964839393e+01 1.813270086457854191e+01 2.519522994082249312e+01 4.518988593329206083e+01 5.740325000116342125e+01 6.568864711156443548e+01 7.723318898900612339e+01 5.862905873708299964e+01 3.712439519964317469e+01 5.862905873708299964e+01 6.434645565305898174e+01 4.476611627423432793e+01 6.434645565305898174e+01 7.235447128488510771e+01 6.206538875401953703e+01 4.535042995186688586e+01 4.645004546965276404e+01 6.056172275226208512e+01 8.054242489206851019e+01 8.700596193294769876e+01 7.849723979442434540e+01 8.115572238931166282e+01 8.966852108343793759e+01 9.517195194306266615e+01 8.104882553538510592e+01 8.579447165078317994e+01 9.407159284007587985e+01 9.256912279003877586e+01 7.268885017188966913e+01 7.633694816940898420e+01 6.708371910517612946e+01 8.631712867430080394e+01 7.832851912465093847e+01 7.485052972513838654e+01
3.995603441288198172e-03 3.130066731466783381e+00 6.469834504319892154e+00 2.060702185448825574e+01 3.145803863046457138e+01 4.518988593329206083e+01 3.783917205386296700e+01 5.198032140650609279e+01 7.198205866947131426e+01 6.307158186637390429e+01 4.951664934576415078e+01 2.807736672041105663e+01 4.951664934576415078e+01 5.595635452217502603e+01 3.587795222442128562e+01 5.595635452217502603e+01 6.407113632617014787e+01 4.410361666661913205e+01 3.382178765005539134e+01 5.378766259480146772e+01 6.736052100524604214e+01 8.637918964220766327e+01 7.809086101820737724e+01 8.637918964220766327e+01 8.408651621481340044e+01 7.569619397216705181e+01 8.408651621481340044e+01 1.010052771208564906e+02 8.831218019522306406e+01 7.992166997630033620e+01 8.831218019522306406e+01 9.256912279003877586e+01 9.521210544968259626e+01 8.115008014766358713e+01 9.521210544968259626e+01 9.799711597636598981e+01 9.417737919208116182e+01
4.804567899273937473e-03 2.000480456789891903e+01 1.060396597988199652e+01 3.183526541446546432e+01 4.888072002717148479e+01 5.973856405309969375e+01 5.783869461531694611e+01 6.612469354494577090e+01 6.542012941237288715e+01 5.412033630049686650e+01 3.290226822846872068e+01 2.246039006987878750e+01 4.267777296091050943e+01 4.960700621836900126e+01 2.947803074669264589e+01 4.368171259085347202e+01 6.383696229298084290e+01 4.776772479453958198e+01 2.778747760687916113e+01 3.910783989891520918e+01 5.907926646033733675e+01 7.638635480077407180e+01 5.811518452358805575e+01 7.638635480077407180e+01 7.397672162206528412e+01 5.549169896307233074e+01 7.397672162206528412e+01 8.705938493459395033e+01 7.819212376520147245e+01 5.968833808458771983e+01 7.819212376520147245e+01 8.085255261968727325e+01 8.926194383171316815e+01 1.010106268606210733e+02 9.207972875854291317e+01 8.349207752686277217e+01 9.207972875854291317e+01
9.707512844716031236e-03 2.000970751284436133e+01 3.290073107134296748e+01 4.428765849043275438e+01 5.412866100162360539e+01 5.723604957159413686e+01 4.909273504291754620e+01 5.634604864480559172e+01 4.382653114029538699e+01 5.173347097343021517e+01 3.061174605717050312e+01 1.750068475151305947e+01 3.679585626579412860e+01 4.418386073566639283e+01 2.368558295999385521e+01 4.418386073566639283e+01 5.535749275168637240e+01 4.277266624287049268e+01 2.277519617083939707e+01 3.692332821368099616e+01 5.689421744427978211e+01 5.812101184287121214e+01 4.813900091484473620e+01 6.810302277089768097e+01 6.559394646761967351e+01 4.547659515829158039e+01 5.848138870245067977e+01 7.751424970331716224e+01 6.980500403044403868e+01 4.966828185767823101e+01 6.980500403044403868e+01 6.060904197481907829e+01 7.756444563180735940e+01 8.926319325479536815e+01 8.167475891664250298e+01 6.265002982554575084e+01 8.167475891664250298e+01
5.001202446392439237e-04 9.362003438656676835e+00 2.148715012910729882e+01 4.017820043414966591e+01 3.125015578579870734e+01 4.473583116654110370e+01 3.083857555087611502e+01 4.435965417594412941e+01 2.621794133307553309e+01 4.622492907131158546e+01 3.234579441556063983e+01 1.348519133538280457e+01 3.234579441556063983e+01 3.229527560400820363e+01 1.789260288517277431e+01 3.921229812317524477e+01 4.122493611218381204e+01 2.709237947268116642e+01 1.860404114302830436e+01 3.860290548817578582e+01 5.029087926824322352e+01 3.815801244683211024e+01 5.227206721709367798e+01 7.224161328399242166e+01 5.848138870245067977e+01 3.840905826058497752e+01 4.899016567800823196e+01 6.913605915070317565e+01 6.309276330618875761e+01 4.300135480243180552e+01 5.966817477793131275e+01 4.902165905876911722e+01 6.060904207359558171e+01 8.085268893159077663e+01 7.307105367620424374e+01 5.247537660449130215e+01 7.307105367620424374e+01
5.279685921607564676e-03 2.000527968553848979e+01 3.636318522322007141e+01 3.315416684655774304e+01 1.381377416556881599e+01 2.879579226253539304e+01 2.192087001959809456e+01 3.409076930522668647e+01 1.261705464284305123e+01 2.532367067682190864e+01 2.437638459722325379e+01 9.916352778227871312e+00 2.766446110568752914e+01 9.693469153591907528e+00 3.227888539118487188e+01 2.802177169652647137e+01 2.903535603742620452e+01 1.300405482587183137e+01 1.711716620896202201e+01 3.711653617005045902e+01 3.031605583618716082e+01 5.029087926824322352e+01 6.639940705911570262e+01 6.792893386357927454e+01 5.268700601051357779e+01 3.263997799289665380e+01 5.268700601051357779e+01 6.793609619871115513e+01 5.703498334878731413e+01 3.696792287638086094e+01 3.958706379829453681e+01 5.966748106089526971e+01 7.748964327216449988e+01 8.023815197275021660e+01 6.620582798563327742e+01 4.586771651923245230e+01 6.620582798563327742e+01
5.738623160518319517e-06 1.951188244465177135e+01 2.133776821481055919e+01 1.935650428651397448e+01 1.195926518650911596e+00 1.007817124517831608e+01 2.737944141483108851e+01 2.286401378982778709e+01 3.138152602182361584e+00 3.224251014829721651e+00 5.802765783295916080e+00 1.720050040996583718e+01 2.154285736638210125e+01 4.763218847257957300e+00 2.490918240029188979e+01 5.862229116615296221e+00 9.120043893901241816e+00 2.903535603742620452e+01 3.711650343391275442e+01 2.344427731469036047e+01 4.343957135410929027e+01 5.856665350090730016e+01 7.190911557838425949e+01 5.955889858956124527e+01 3.947226658142198374e+01 2.792552203292214941e+01 3.947226828311659119e+01 5.955988901720864703e+01 5.146938635514791827e+01 3.141888698754556941e+01 4.297311392168879252e+01 5.715697973942855015e+01 7.728721353306875130e+01 7.165708463739395029e+01 5.119439964682253930e+01 4.017658558138160174e+01 6.033472092066568138e+01
4.532054705376768917e-03 3.179515869888284163e-01 6.314092893636130688e-01 9.449812691442481816e-01 1.258935703347131119e+00 1.907961428530195036e+01 2.122536121049065372e+01 1.686878726911693960e+01 2.785343155066793308e+00 1.949177191522016628e+01 3.674991686739336405e+00 3.994806031920209222e+00 4.312615748888498857e+00 1.041840033251446584e+01 5.214964955741858255e+00 5.535379175194915291e+00 1.391286799981589084e+01 2.844453840004659639e+01 3.739691891602628715e+01 4.343952474764436289e+01 4.790308668084264099e+01 4.431249212318552821e+01 6.387940033563109665e+01 6.017036122198033610e+01 4.395458803022646777e+01 2.390575340305855079e+01 3.807183914179987738e+01 5.815281931449445096e+01 4.780744669261512314e+01 2.776632356461884044e+01 4.780808133891564182e+01 6.428005167671256004e+01 6.482281952879910136e+01 6.221397436201878861e+01 5.494836918565109585e+01 3.488920676209593097e+01 5.467957882206702891e+01
9.001595176218036079e-03 1.340682687700704534e+01 1.762501744018636884e+01 1.895311074288786557e+01 3.384670654959951452e+00 1.703816836766857135e+00 2.020439218868616216e+00 2.337516551187566183e+00 2.121421943059847592e+01 2.796158290134971125e+01 2.540181008176345046e+01 9.209591059429493853e+00 8.877223165366238788e+00 2.565339339888032200e+01 1.450734225367008712e+01 2.538251241643460432e+01 5.986930093523306518e+00 6.218232431698178075e+00 2.873074189587108762e+01 3.799114246818499652e+01 2.807919852285175466e+01 4.216296945640779370e+01 6.176095873147119164e+01 5.181468731456274668e+01 3.175214659849233811e+01 2.013416927878608931e+01 4.023157398257605877e+01 4.694130600820985677e+01 3.972525409993684775e+01 2.429342956163150902e+01 3.583600720076466217e+01 5.591126519805467865e+01 4.356714274945924359e+01 3.840119333464343754e+01 4.310923932139537840e+01 3.044897082391016241e+01 4.405522193190668645e+01
5.674351268809080251e-03 1.005968675852509264e+01 2.233133645161535696e+01 2.546777387354278943e+01 5.884241297239833024e+00 2.213319572926477719e+01 2.178006901811977158e+01 2.666874854435450359e+00 1.043015384480381336e+01 2.918916729965068768e+01 3.478425359872596800e+01 2.896810909618801944e+01 1.635367756526623850e+01 3.627510319254232485e+01 3.441712163765202348e+01 3.168122465509368268e+01 2.582059489537938646e+01 6.419326722203820168e+00 1.212055182952283339e+01 1.808452503779199816e+01 3.799114246269638073e+01 5.597617360549331522e+01 5.470854209275063340e+01 4.635519291636610006e+01 3.678360488932730732e+01 1.661095108115448937e+01 3.437047103598057873e+01 3.332219532754141511e+01 1.984305423594386752e+01 3.972525409993187395e+01 5.265967627703424370e+01 4.995964101433757065e+01 4.079894456051300722e+01 2.306320640551511758e+01 2.427727942857319121e+01 4.441169818372016209e+01 2.784930951235587315e+01
9.518805923843161668e-03 1.974184576613586017e+01 3.356942036058195811e+01 3.457690146779232521e+01 2.616047574282212551e+01 1.065275996154897875e+01 3.072092167619384639e+01 2.632589337518076889e+01 3.033271478483394290e+01 2.104013028457139711e+01 3.994167160545259065e+01 4.215182403877946626e+01 2.269160046561142963e+01 4.224095882302607663e+01 4.369390831679975662e+01 2.061814872183061453e+01 8.402285928637068579e+00 6.752082491107307405e+00 2.643041942845702863e+01 2.770887199844901971e+01 3.641573246264433550e+01 4.336661108524413066e+01 4.635681128411523844e+01 2.624731566750098111e+01 3.209850922558918285e+01 1.323797378659222979e+01 1.413982796567227318e+01 1.618201036988683938e+01 3.538248916590313797e+01 3.831370003404478553e+01 3.882141136688144201e+01 3.985831548490348553e+01 2.134865612343035224e+01 3.981381504817306904e+01 4.421402285847906199e+01 2.605562270421249593e+01 4.618537860558743802e+01
9.062254805971973678e-03 2.000906225480561673e+01 3.724915473724824722e+01 4.884069259335243629e+01 3.902998770337823942e+01 3.084386041764583553e+01 1.570305589799533408e+01 3.588979250276932476e+01 4.799036485304179678e+01 3.464414865814259059e+01 4.011992721325560041e+01 4.868318820551425574e+01 2.957655938283805952e+01 4.835373974407021791e+01 5.262354138775293677e+01 3.758270032142670658e+01 2.871691162228601257e+01 2.588318068504235825e+01 7.216479622557366191e+00 7.862383024945591714e+00 2.767663546678428688e+01 2.329483978274757661e+01 3.002700085461368218e+01 3.088829355113892206e+01 1.206432570965496609e+01 3.213621577145558916e+01 3.437047103375706314e+01 1.546467513404932603e+01 1.642260278480093305e+01 1.745069952960814419e+01 1.853401532186513379e+01 1.961880578392766239e+01 3.985816049882236456e+01 4.854398362434720582e+01 5.386165527009360687e+01 4.023373040919358345e+01 3.872297932630398520e+01
3.063233560239582431e-03 8.947335975162534538e+00 2.049447572823077479e+01 4.051428600257937518e+01 5.104993541374111032e+01 3.117075816083663398e+01 1.940064273148198026e+01 3.957268707550860398e+01 5.355496647498142693e+01 5.337733544019977217e+01 5.886148452178748869e+01 4.520140162122779515e+01 4.312819574154850955e+01 5.652269108759351468e+01 5.553361534396613308e+01 3.884008807769237848e+01 3.873102181595805860e+01 3.401987694676076046e+01 2.672958875023378766e+01 7.674708655061333928e+00 8.523650738233943258e+00 9.360754494621268407e+00 1.017409116918371481e+01 1.095782141279913446e+01 3.088831892003629420e+01 1.871558701124304491e+01 3.884721081122975050e+01 4.393683590015371720e+01 3.609201242945834309e+01 2.763466108369915730e+01 3.844681902189681466e+01 2.324066785294244752e+01 2.291710444662381008e+01 4.305494398818171220e+01 5.483099817637790352e+01 6.055385336447744038e+01 5.902636938473162331e+01
5.666595628964066558e-03 2.000566659562860750e+01 3.723065316407433301e+01 4.877765854786705546e+01 5.908591454232471563e+01 4.768959967207428718e+01 3.957268707550860398e+01 2.542565546651889363e+01 4.548906325988244248e+01 6.031068895033488531e+01 7.229313429162463933e+01 6.429501601250537135e+01 6.213350609582068529e+01 6.040075997034655586e+01 4.758588360223900082e+01 3.693374854257106676e+01 2.150484776437778578e+01 2.558601400334588050e+01 8.173045911004326314e+00 2.753598496468977430e+01 2.832574049931249860e+01 2.329483977369975634e+01 3.002700085539636987e+01 1.482149097372773028e+01 3.456219993866866247e+01 3.884721081123224451e+01 2.610530030040836280e+01 4.617577227164163389e+01 5.337069665339075186e+01 4.111416840916005100e+01 4.724362427390217789e+01 2.681980026580932019e+01 4.305486251227449657e+01 2.619473030445490025e+01 4.637281806723409261e+01 5.826837403159812112e+01 7.005642435396414669e+01
2.110006612196471242e-03 8.946381916611432672e+00 2.049338730040415157e+01 4.049338730040485501e+01 5.689639273332431202e+01 6.502532258808030008e+01 4.548906325988244248e+01 4.548906325988244248e+01 3.245613160709336853e+01 5.229308064800232358e+01 6.900863128263692658e+01 7.865403626255113068e+01 7.170462126568226324e+01 5.160025471170654754e+01 2.901085178275614496e+01 1.659819387259965495e+01 9.643101374102931445e+00 8.671923993114209139e+00 2.732406037656140185e+01 2.716164614946391964e+01 4.509921414542708362e+01 4.336659986480111684e+01 3.973668728441552389e+01 1.907941348141004667e+01 3.973668728441550968e+01 4.617691019191547497e+01 4.617691019191563129e+01 3.508019283144978573e+01 5.515434311830772884e+01 5.880897679088682395e+01 5.229577469987806637e+01 3.127459132004263864e+01 5.229546222475508443e+01 4.637277305665351435e+01 2.955160921080910796e+01 4.118171600191664083e+01 6.156178162516476959e+01
9.367352646185668139e-03 2.000936735264583177e+01 2.930600806718729601e+01 2.861212148586140813e+01 4.050021275368629148e+01 4.757128056555188778e+01 5.585555181301408822e+01 6.031068895033488531e+01 4.406529040862021418e+01 4.150332255576554275e+01 5.137271118819970894e+01 7.067164543143334754e+01 6.333237501488295607e+01 4.108049827983928992e+01 2.803177070925993419e+01 3.070010967036851213e+01 9.168353566987297754e+00 2.541104752875277484e+01 1.973965831208081312e+01 2.968240045425950413e+01 4.645112699053326111e+01 4.864516064957547314e+01 2.790509501806474546e+01 3.977526773836258656e+01 4.821335286073988868e+01 6.630891259798961812e+01 6.226361417887341076e+01 4.215555907399594560e+01 6.226361417887341076e+01 6.416029111828365217e+01 4.361034782690231282e+01 5.229577591947532511e+01 4.092357922862912289e+01 5.826378370826115116e+01 4.979534524719382205e+01 3.311554094128391057e+01 5.341256729983345508e+01
3.648181865326004768e-03 4.591962859276581099e+00 9.306008067186938959e+00 1.446998586213020666e+01 2.050021275368558449e+01 2.757128056555118434e+01 3.911828594934410575e+01 5.911828594934480918e+01 5.788937297014766159e+01 5.286947160171475701e+01 6.900863128263692658e+01 7.865403626255113068e+01 6.785354168972510536e+01 4.638202762276190327e+01 4.815153350739700500e+01 2.499827791151388467e+01 9.516243095800529517e+00 2.836151045846789742e+01 3.734435021472334881e+01 3.976887996470028241e+01 4.958465179231630060e+01 5.634973403542873172e+01 4.864516064957547314e+01 3.919316824816611700e+01 5.355290453950593133e+01 7.388925761409932136e+01 7.063607377153589084e+01 5.373044334838347424e+01 7.063607377153589084e+01 7.263103002271753894e+01 5.549788285903095186e+01 6.830151502001547215e+01 4.788529428265642451e+01 6.830084321062670938e+01 6.190087787090973137e+01 5.341256729992703356e+01 3.681870457584976464e+01
