LEM/sinusoidal_perturbations/elevation_000454.asc
nrows	100
cellsize	150.0
xllcorner	0
ncols	100
yllcorner	0
NODATA_value	-9999
[rows 17 to 33 of 100, columns 0 to 36 of 100]
5.222468517465790779e-03 2.000464991646957813e+01 3.408382832369220239e+01 2.379384790976457253e+01 3.756346445479416207e+00 2.380093163770521514e+01 2.938225940721121887e+01 3.180839622265163413e+01 3.180361227098829957e+01 3.813935047344887153e+01 4.764588085878898482e+01 3.833234420209534221e+01 5.833497059264412599e+01 6.703295982870248793e+01 6.703544838921453675e+01 7.533013590674995896e+01 8.984545402117583990e+01 7.484810530454760169e+01 5.505509058199235284e+01 4.376685793928355395e+01 5.207202960753738097e+01 3.631786053149302518e+01 4.210115441793723079e+01 4.857470591009131056e+01 5.841590291188084194e+01 7.827589320262171668e+01 9.395159205829864391e+01 8.402876428129371789e+01 7.583146735233692937e+01 6.918029449974673639e+01 6.314196566514352327e+01 5.228446677107628204e+01 3.194534198725733276e+01 4.658341869632062071e+01 2.800580523746818074e+01 4.837777584101826989e+01 6.711224730781228232e+01
7.333276091007126865e-03 1.942008960482333535e+01 1.466872822305072788e+01 2.040710816591360910e+01 1.473287681953328487e+00 2.160043033483505681e+01 3.570205698098857994e+01 4.412710150153890254e+01 5.178169793586859271e+01 5.812007293746251690e+01 6.632766845629249985e+01 5.833497059264412599e+01 5.248606681543443386e+01 7.241152139941411292e+01 7.386081609803134995e+01 5.962773780018501668e+01 7.369485199275810317e+01 7.515548422584861044e+01 6.629742257779430759e+01 5.207409590062892590e+01 3.268134877624817136e+01 5.207409571287528394e+01 6.175548331156230830e+01 6.834589792923431162e+01 7.656047234897449982e+01 8.648418693667186119e+01 8.994319285348524318e+01 8.195883896735053042e+01 8.994319284879638587e+01 8.456812822520255679e+01 7.304250951113183987e+01 6.056459138305370971e+01 4.664552047535448054e+01 2.632851753897744729e+01 4.664552032652848368e+01 4.464918622955706695e+01 5.897952927663437350e+01
6.343274376862209282e-03 2.960766612464919012e-01 5.858404551463642917e-01 8.757868924894590679e-01 1.168264212485304432e+00 1.776127216507003936e+01 1.580276304404221754e+01 3.584532457683472018e+01 3.900965933610935821e+01 4.755477000592318149e+01 5.109033649543741973e+01 5.955354841546481737e+01 7.243505410045999326e+01 8.061288681473989470e+01 6.450284513708373879e+01 4.532300661442335610e+01 6.449399734102763659e+01 6.908925431718657251e+01 4.994771263352225787e+01 3.883366590888147840e+01 3.034696276262905812e+01 4.639018723552140955e+01 5.453455593914327437e+01 6.584429288517473822e+01 8.226807438927401961e+01 8.943375056793213673e+01 8.053879603497385631e+01 6.334354180596820783e+01 7.507679785556270247e+01 7.633983889293581626e+01 5.633624340551338605e+01 4.464021142185286095e+01 4.550258256442396032e+01 2.520244677266182975e+01 3.694101738290614634e+01 5.131165835876402781e+01 7.127428914035286311e+01
3.497053469895897767e-03 1.817856254935087890e+01 1.118915468960776671e+01 2.017321448961139652e+01 1.885771285162702071e+01 1.581636083611118737e+00 2.141916652443491387e+01 2.242157579025991865e+01 1.876253667417977056e+01 3.462174001842102200e+01 3.092050742255389650e+01 5.044562487391588945e+01 6.053994143798858829e+01 6.981079390124712347e+01 5.617824646565711078e+01 3.642804963791312645e+01 5.617824646565711078e+01 6.221009257851435592e+01 5.403917112710806947e+01 5.142750924557977044e+01 4.330411358108296582e+01 2.722531177283806514e+01 3.814110614497354135e+01 5.765864056189273867e+01 6.456876889624592764e+01 7.520038410117732042e+01 6.731225076885547765e+01 5.394868352992693161e+01 5.637593797275112451e+01 6.968342806684968593e+01 6.922162410281080724e+01 5.204643363904443021e+01 3.173531646698509334e+01 2.408722349194415813e+01 4.436955300219605647e+01 5.207506534838942969e+01 7.090211678829514597e+01
9.635555453094322986e-03 2.000915641166358583e+01 3.072138967872716364e+01 3.585231422090588183e+01 2.028596014837255268e+01 8.225958047684597929e+00 1.995875095154274970e+00 2.086888216993681322e+00 2.246866376781904151e+01 1.493040617538117054e+01 2.220537979839755494e+01 3.198890271371242022e+01 5.209937487923184563e+01 6.116028878879438224e+01 4.076292426023832149e+01 3.009348503276091336e+01 4.988325105699784245e+01 5.403917156529451660e+01 3.466526491107718755e+01 4.033974987600280571e+01 2.430731761514274680e+01 4.326941435276154380e+01 5.448199695669708831e+01 4.902762721755381392e+01 6.614556371160571757e+01 6.731225076886022407e+01 4.797041044304630475e+01 5.352918474393999304e+01 4.281258170286325537e+01 6.139793331971529966e+01 4.837267758411059049e+01 5.002851058588210265e+01 4.169622569712193894e+01 2.298916649850891858e+01 3.012622746663069861e+01 4.140755941958713038e+01 6.320496747658925329e+01
8.845047570523793118e-03 1.415098339128936722e+01 3.415162163810034457e+01 4.839495490812258538e+01 3.623843416670131035e+01 2.690424028671349532e+01 2.182878592138373008e+01 2.409278089054442518e+00 6.978929995317689539e+00 1.690097840508860116e+01 3.262869010012744297e+01 5.044562483360697769e+01 6.053994140258016898e+01 5.743351949207841756e+01 3.832194514966631260e+01 2.436374467816623834e+01 4.420422996945185190e+01 4.561839372405505344e+01 3.753664361491263435e+01 2.152806975227236919e+01 4.033975069618649201e+01 5.140322806058821925e+01 5.614629084488839794e+01 3.905564798986848274e+01 5.827677742215145429e+01 6.962644394384157920e+01 5.352918474391632486e+01 3.381521549389995585e+01 5.311475559614826381e+01 5.420728118239182436e+01 3.325146323366822543e+01 4.015231434291150237e+01 2.145843686576323961e+01 4.164009861289470393e+01 5.057224558387017055e+01 5.903711809553063716e+01 7.012243689894705767e+01
8.023991185656003874e-03 1.412733081628108245e+01 3.368613007010958427e+01 3.775125794726658057e+01 2.605045558823449880e+01 1.827738270984909974e+01 2.822733459203651041e+00 2.075642739255417979e+01 2.653330885519433124e+01 3.495204691553229992e+01 4.764016008343996589e+01 6.469027343718300926e+01 6.508567792167977473e+01 4.529192589743684749e+01 3.128600669566121795e+01 1.990799653342515896e+01 3.707692510442470279e+01 3.543794843066758204e+01 1.886409384316248605e+01 3.743430791925268153e+01 4.753901402540655141e+01 5.001478409563900840e+01 3.648035313414396796e+01 3.087043178012406841e+01 4.243211272752980534e+01 6.191922357137102750e+01 4.950469616306459386e+01 2.894064673186705150e+01 4.185985974679588395e+01 4.066695149961986999e+01 3.839905694972426176e+01 1.993863568560992405e+01 4.015231289973200290e+01 4.889777001213676755e+01 6.058069725553124130e+01 6.119392236986075062e+01 6.154975832404480940e+01
4.598823041778624977e-03 1.414673564947507955e+01 3.414704903171665507e+01 2.811929752214943079e+01 5.638264440487046336e+00 3.238117467410114081e+00 2.271435676481578625e+01 1.037918788227091937e+01 3.025037793772680672e+01 4.631197054818702696e+01 4.674326908759011445e+01 6.375178495629295838e+01 5.414718461399039029e+01 4.169337340102172362e+01 3.274524034475497558e+01 2.204080891016544541e+01 1.422849789860160286e+01 1.617905590672969041e+01 2.947289892227887975e+01 3.612907011457885176e+01 4.725148958908192753e+01 4.206378822382419713e+01 2.237432744033587895e+01 3.532454426148695603e+01 4.394083292866113055e+01 5.537330948589796975e+01 5.653065837627249834e+01 4.287489937387439909e+01 2.261308289357832635e+01 1.874724720502914366e+01 1.843780520553101354e+01 3.845078892245631152e+01 3.101059221479429340e+01 4.007007491447808434e+01 4.785161320162829668e+01 4.616016926079397820e+01 5.623084126956564432e+01
7.340434288523949372e-03 2.000729648730612809e+01 3.637103626758543840e+01 2.523870113823163663e+01 3.655120015797600708e+00 2.008639580723295026e+01 1.473910438576647763e+01 2.975935859593875676e+01 1.888228264291428360e+01 2.870748132244616713e+01 4.724990675813233310e+01 5.418811818155552373e+01 4.128066690608875433e+01 2.600912227057665760e+01 1.177725446213379001e+01 1.175027921841677170e+01 2.038712201474311669e+01 2.705570832285793159e+01 3.020404466541097932e+01 3.186003159855703615e+01 3.027839879337115647e+01 3.332609110258798069e+01 3.372854056413225265e+01 1.422894503445261805e+01 2.684477420889284716e+01 4.695856041052373087e+01 4.758020123184790862e+01 3.862828905209396169e+01 3.608653301281349712e+01 1.797183172495294201e+01 3.153047947787157668e+01 1.892826865270840742e+01 3.210706818300429433e+01 3.600612989693046728e+01 2.985066365962234158e+01 3.996607801350385358e+01 3.698579389456828892e+01
3.515918393995972821e-03 1.321251495441138601e+01 2.848532032093515198e+01 8.711014516075376690e+00 3.950151400283036907e+00 2.155778323550014264e+01 2.447327723207006756e+01 3.133111537229296317e+01 3.850010777012984420e+01 3.281783395703118344e+01 5.224058131360694546e+01 4.558203742311546591e+01 2.467139496861303272e+01 1.258598429004678465e+01 1.134316848868905581e+01 3.125237084483078576e+01 1.216701019248879412e+01 1.246452004466102892e+01 1.276294753027186601e+01 1.306308423686315834e+01 1.336619160690203678e+01 1.367186785628277512e+01 1.397952942045454705e+01 1.428900594456668571e+01 3.410524228690893267e+01 4.211222893660823274e+01 4.165645197531230792e+01 2.003468609526576216e+01 1.750368480719344788e+01 3.741697803394166755e+01 4.049411672777956284e+01 2.347579146393595195e+01 1.942282392072787189e+01 1.977345147198175468e+01 2.012376141590980794e+01 2.047357006930045387e+01 2.082341085723340868e+01
4.608085242692564441e-03 2.000459347870928184e+01 3.352233665925639627e+01 4.366839065516633589e+00 5.754585543586112628e+00 2.174050952896353195e+01 3.758483316724340284e+01 4.662497300712137616e+01 5.367289471831572456e+01 5.200524301735308086e+01 6.019233727729525185e+01 4.797218951393116271e+01 2.816640345364355014e+01 1.824342314011094501e+01 1.104821437709481557e+01 3.013037071223532948e+01 3.912714197544908501e+01 3.479253525824771742e+01 3.308431835567045454e+01 2.121734291728651556e+01 3.370977280808865117e+01 2.737435333047512032e+01 3.411229755021734888e+01 3.390436018056637835e+01 1.472819633765171154e+01 2.988011944147089594e+01 4.187694909723867198e+01 3.071709281314344153e+01 1.717251098929855857e+01 3.679223561211630766e+01 5.105943147981218999e+01 4.894129322658402259e+01 4.011015532160382691e+01 3.005123989155126196e+01 4.048013803311113179e+01 2.938921616428184436e+01 4.082833933258275749e+01
1.610643649003322799e-03 1.791570873144747367e+01 3.120792901345211234e+01 4.660587055683687474e+00 8.045065509035991269e+00 2.458876895811264163e+01 3.346746441225729285e+01 4.094633625497305474e+01 4.949811094925528465e+01 5.140304739347460128e+01 7.054233237831103054e+01 5.605280390073185259e+01 4.283690475710693590e+01 2.788263741698530396e+01 1.074836239925770798e+01 3.063396771547921915e+01 4.444963446564289455e+01 5.351387512577962013e+01 5.000292730080343517e+01 3.559441238409191044e+01 4.173008912293257566e+01 4.779448140961340386e+01 4.915336884532756301e+01 2.890883948033354045e+01 3.433184422094492305e+01 1.516841814275591283e+01 3.260384271574308457e+01 3.680531975239981080e+01 1.684225930912229074e+01 2.627900855727374463e+01 4.022861214826485110e+01 6.049081917285020182e+01 6.053050928100132921e+01 4.572338683063019715e+01 4.947693165266414894e+01 4.354875387434288569e+01 5.246642249810668801e+01
2.022278438842990342e-03 1.903808587706013711e+01 2.814589028651182900e+01 4.953329390208589977e+00 1.764067931658425792e+01 1.276787384163679562e+01 1.702352280835134835e+01 2.216109148816932262e+01 3.129037248129152360e+01 5.166991426598235648e+01 6.232953836107761703e+01 4.902732749006179347e+01 3.578179279848647809e+01 2.460266930016188525e+01 1.044264847893792769e+01 1.745653305359148533e+01 2.644426729296144174e+01 4.047967047833084564e+01 5.989939168499252986e+01 5.671434049624361506e+01 6.278103576324683388e+01 6.836548535999909859e+01 5.753603254405648926e+01 4.914468331804718559e+01 4.225481640907794656e+01 3.389840492751813628e+01 1.560880285736668860e+01 3.445254690561849742e+01 1.651447772684277027e+01 3.671049598941599612e+01 5.393726712545043256e+01 5.827995419887684392e+01 6.674342247673983763e+01 6.817339200235547025e+01 6.971503870090025146e+01 6.387081870497657121e+01 6.323373302959112863e+01
6.642187732006160465e-03 1.957526020953331525e+01 2.654132680286651791e+01 5.244418209191848312e+00 1.772036868412110167e+01 2.650803080354404884e+01 2.613909338664408821e+01 4.058176471450836686e+01 4.969619096685399739e+01 5.361142463552264559e+01 4.427780116706755820e+01 3.157962747553102645e+01 1.907591193856917755e+01 2.069349713227179777e+01 1.013214410491338846e+01 3.147476120744752137e+01 4.441475334394005614e+01 5.382986319342872861e+01 6.353568842955175455e+01 7.511214433132622048e+01 7.159639931860952800e+01 5.207474983637135324e+01 4.133099634932383992e+01 4.921968512517973693e+01 4.436290150513679720e+01 3.415272006463943910e+01 1.635180512931890107e+01 1.605292858004793999e+01 2.292897293469630782e+01 4.193461635293191847e+01 4.420710063644719412e+01 3.581419741570573478e+01 5.439047943010573505e+01 7.059560037035586788e+01 7.586565751323186646e+01 7.382186192982372575e+01 6.534665286148579355e+01
1.591255364720534126e-03 1.983730702247729738e+01 2.617894599948119705e+01 5.535274312125287643e+00 2.407407043627587484e+01 3.314177430040889760e+01 4.143198359982375933e+01 4.872655403771970839e+01 5.334800431310447522e+01 3.905390941974088292e+01 2.190542533004207471e+01 2.527283953023251684e+01 2.778768121048444684e+01 9.689377609504008504e+00 2.591021784212746937e+01 3.723584029924513317e+01 4.249176609099896496e+01 3.518765104070735816e+01 4.675581974411635855e+01 6.681195260900612709e+01 7.977964522619916465e+01 6.846743042387369371e+01 4.902794934893575629e+01 3.030881727196835840e+01 3.785852403981984793e+01 1.852787421271075630e+01 3.619009463428691475e+01 1.715516478873355766e+01 3.887896470924331283e+01 4.213536906277487759e+01 2.172921503529259013e+01 2.296700976674837236e+01 3.895425998243812415e+01 5.687435795963169483e+01 5.383942584364448436e+01 5.383974406001475899e+01 4.369277226953462190e+01
6.189296070378335485e-03 1.984269406831932869e+01 2.609166672569804390e+01 5.828314594823631900e+00 2.526219883650172449e+01 3.425050227221795751e+01 4.135305603406123964e+01 4.105080480958046252e+01 4.242233073274669408e+01 2.451012441942975428e+01 9.519526947734016531e+00 8.932620976737574381e+00 9.245965144938345759e+00 2.187197480564762486e+01 3.476844902013257865e+01 3.885118549906970742e+01 2.252004512161179761e+01 4.255668370050982929e+01 4.652157242833792594e+01 6.657655562607122590e+01 7.663684030275513237e+01 5.754897990983008071e+01 4.455544455819954663e+01 4.025197338100358735e+01 2.103098670298954787e+01 3.817481122956415618e+01 4.550150228502422323e+01 3.821106347020902660e+01 1.872134057417081010e+01 1.997660133311858743e+01 4.216446646025097778e+01 4.567137105440405520e+01 2.478161543288738144e+01 4.780747810170436907e+01 5.156073595273526422e+01 3.008439428577391084e+01 3.156069742275486689e+01
2.247884206357958405e-03 1.993946551563408320e+01 6.097058670811283498e+00 6.125271076347546639e+00 2.581447852791793807e+01 1.713223968552234311e+01 2.659774250063122381e+01 2.157586515381623116e+01 2.279455052091828549e+01 2.299522628299230931e+01 8.493555427159709126e+00 2.834954210191887825e+01 9.373612105216629686e+00 2.973476181788066697e+01 3.530059021902237504e+01 1.883788475084644176e+01 3.886945148322324428e+01 2.648533646177765277e+01 4.652160396411468923e+01 5.899800490997089497e+01 7.050738651083504749e+01 5.873907057030884715e+01 4.018751212805316442e+01 2.958363212367021333e+01 2.288744296277713985e+01 4.174351001311924136e+01 4.796101447913950722e+01 3.734661341645060162e+01 4.028704525202874720e+01 2.192666894515428311e+01 4.431944904574871913e+01 5.677722304804048292e+01 4.780643542787704803e+01 2.667548854909375322e+01 2.805338275164894313e+01 5.156211060207755281e+01 5.547993537116362006e+01
