LEM/sinusoidal_perturbations/elevation_000325.asc
nrows	100
cellsize	150.0
xllcorner	0
ncols	100
yllcorner	0
NODATA_value	-9999
[rows 0 to 16 of 100, columns 0 to 36 of 100]
8.271705653423140972e-03 1.000826714311812893e+01 2.155512710662884501e+01 3.569493659177944522e+01 5.566811404086794113e+01 5.744484981526789369e+01 5.744484981526790079e+01 6.578598977697487271e+01 5.965815617602028453e+01 5.137463740263083878e+01 4.341887816180997106e+01 4.600112594163354629e+01 4.865049691267591925e+01 5.139807657985248568e+01 5.968301260741235836e+01 7.381817391977527620e+01 7.507808876673243503e+01 6.678487569169961091e+01 7.056608189271125298e+01 7.515694315325190189e+01 8.001131534652772359e+01 8.536204610744998433e+01 9.293229098570884616e+01 1.012292261733389154e+02 1.112460288942491644e+02 1.091706788309104894e+02 1.006299543193838275e+02 9.225970428192562167e+01 9.701977668384517983e+01 9.438778277579224607e+01 1.027364807799112469e+02 1.023880190751356736e+02 9.404737077864682249e+01 9.404737077864682249e+01 9.698417692594416906e+01 9.698417692594416906e+01 1.053174367075258004e+02
7.813061968023241044e-03 2.000781306196766707e+01 3.681804923861685097e+01 3.747066457528406147e+01 4.610761419517379522e+01 3.732785389923211739e+01 3.732785389923211739e+01 5.744484981526790079e+01 4.811249850948478013e+01 3.137204444177368146e+01 2.341713940254136261e+01 2.599912821081029790e+01 2.864819267080497767e+01 3.139540322458266175e+01 4.553793414213458135e+01 5.853993509588080713e+01 6.170320740647275670e+01 4.677832764620324468e+01 5.055781936524713416e+01 5.514584285473951297e+01 5.999622604759030509e+01 6.534144483120664404e+01 7.290330567397543859e+01 8.291423237518867495e+01 1.029503495962289890e+02 1.006299543193835007e+02 8.062765233424269695e+01 7.211239931225824762e+01 7.685647463289883774e+01 7.424393978163327290e+01 9.110444962639270727e+01 9.404737077864682249e+01 7.404409014080145823e+01 7.404409014080145823e+01 7.696159463584160676e+01 7.696159463584160676e+01 9.698417692594416906e+01
2.526786264046545528e-03 2.000252678626369018e+01 1.705262131330343323e+01 1.710691350413619105e+01 3.741640799772864057e+01 2.315886362829948197e+01 4.312724593025601649e+01 4.474037699233134902e+01 3.649288825713109219e+01 1.982503340622147903e+01 3.982646048201993949e+01 4.600112594163354629e+01 4.279065331113233128e+01 5.139781662017627184e+01 3.552108217161791970e+01 3.853618552402655695e+01 4.169843991728248511e+01 6.170320740647275670e+01 7.056608189271125298e+01 6.210570580680883523e+01 8.001131534652772359e+01 8.536204610744998433e+01 7.949478781057122490e+01 9.952686066172066148e+01 1.112460288942491644e+02 9.225970428192562167e+01 7.211239931225824762e+01 6.040199157801887253e+01 6.255089142335631891e+01 6.255087652070332638e+01 8.275695288946720041e+01 9.269759680284492731e+01 7.990291539363335005e+01 5.982914692656621725e+01 6.278407756237783133e+01 8.281878274102655269e+01 9.967612287784089631e+01
4.163169627051843593e-04 1.462961165216968062e+00 2.929432315430503753e+00 2.292946099129723336e+01 3.250064200145885707e+01 1.608737740296713170e+01 3.076486652089825924e+01 3.326595502549577787e+01 1.649170007628053725e+01 3.649288825713109219e+01 3.396732983460985622e+01 5.397165315471324476e+01 6.279741080890772764e+01 6.381657043262211459e+01 5.552494744237516500e+01 5.267910335296272706e+01 5.584154378100967620e+01 5.584157229292340929e+01 7.585458991948307528e+01 7.365872689746483104e+01 8.212317055162436930e+01 1.021518908381718518e+02 9.952686066172066148e+01 1.078228231541641264e+02 9.803606457151526854e+01 8.796731997430669026e+01 7.962282617396057560e+01 7.109318441777298858e+01 5.066197184796069308e+01 6.517510432910749785e+01 8.533001845581662792e+01 8.437466470266889473e+01 6.433674521089075427e+01 5.252934480335118650e+01 7.280576649012144230e+01 7.143844260886820052e+01 9.144193495482122103e+01
5.883922493566802643e-03 2.000588392249321146e+01 2.292946375833066597e+01 5.055408329241430465e+00 2.505526059318759025e+01 9.420694314807102288e+00 1.103234024285784898e+01 1.326840822035738121e+01 3.326930930598082625e+01 4.478075312338628322e+01 5.397165315471324476e+01 6.226216546581570555e+01 6.141782836217100794e+01 6.974159114408672622e+01 7.219378245247692405e+01 7.269349396049646828e+01 7.585102133789355605e+01 7.585446809127188317e+01 8.414963258719375006e+01 9.368581561210821462e+01 1.019818787152870527e+02 9.434837890609203725e+01 8.630062111672657466e+01 9.434837890609324518e+01 8.968829810242760914e+01 6.955735424549436630e+01 5.939773120187598465e+01 5.249885619908262413e+01 4.623720199021870059e+01 6.175665994898300681e+01 7.014223796689951484e+01 7.155135743829484340e+01 6.320286054131646125e+01 4.799403528069599645e+01 5.490855486846575673e+01 6.665684345630400287e+01 8.667228715305039088e+01
1.256007409845548732e-03 2.000125524889026707e+01 3.333102739306457352e+01 2.504744699047637368e+01 7.212063793310189652e+00 2.721225270668912799e+01 3.103316562942028156e+01 1.438715295561352825e+01 3.419366220404516099e+01 4.049715113681574508e+01 4.345188147033248782e+01 4.652461367687273963e+01 4.118332343998593359e+01 5.348790100924558288e+01 5.200608901126329897e+01 6.270399229821413201e+01 6.853926471524935948e+01 7.490167387548028444e+01 8.319356290410922838e+01 9.321086133344836355e+01 9.364755531765797514e+01 8.470354856021754131e+01 6.706867914224713445e+01 8.470354856021806711e+01 9.803606456618503273e+01 8.796731997219474408e+01 7.962282617396057560e+01 7.288112784993208493e+01 6.176369722840605903e+01 4.131518045117271498e+01 5.713301968905044248e+01 5.839332963913702201e+01 4.279774857517240605e+01 5.728318065939557613e+01 7.511825718354677406e+01 8.343615086510368428e+01 9.498921643353735078e+01
9.594114293757748102e-03 1.415173574773096732e+01 3.415211876534434055e+01 3.548238921177952676e+01 2.135419847466831555e+01 2.354202767255235784e+01 4.248655934860777705e+01 3.419365760289429801e+01 1.782881122310819677e+01 2.071485278495921634e+01 2.363093808198702916e+01 2.661102258685528454e+01 2.968386942657824790e+01 3.328021930432697673e+01 3.761298026721783572e+01 4.240317019521694419e+01 4.832528811062874041e+01 5.478196952323157376e+01 6.487766273922645155e+01 8.492568501173396101e+01 8.558742865451662851e+01 6.625840186996650516e+01 5.722703512635501966e+01 7.668465012948679771e+01 8.300337358009834077e+01 8.866949797049990423e+01 7.935163851933546653e+01 7.078755485770135181e+01 7.015195919947775849e+01 5.713301968905044248e+01 3.689347411426017231e+01 3.813972144674774256e+01 4.980985599946394160e+01 7.011855916880658413e+01 8.581953421719397568e+01 9.229469156311606071e+01 8.990409427101232609e+01
7.711341127313004785e-03 1.000769625359961523e+01 2.414851564035819464e+01 4.412547550273506403e+01 4.135484934858061479e+01 4.354290335869812623e+01 5.182946232506571960e+01 4.591820329840153647e+01 3.175303312070774808e+01 2.475806560116855692e+01 4.345188147033248782e+01 4.652461367687273963e+01 3.775408821170881168e+01 5.348790100924558288e+01 4.604982854818325677e+01 6.270399229821413201e+01 5.901201844315995260e+01 7.490167387548028444e+01 7.490167387548028444e+01 9.321086133344822144e+01 8.348016364423989444e+01 6.414104876682056045e+01 5.019738151899238687e+01 6.980534437227105116e+01 6.363301553556622991e+01 6.930646205277344052e+01 7.078755928235878514e+01 5.070451236142244511e+01 5.658659580665846534e+01 5.098172678400462132e+01 3.392276622892516968e+01 4.805024851094517402e+01 6.675895315038690114e+01 7.845206872103685214e+01 9.229469107422464447e+01 6.951838384641121138e+01 6.698509398458760700e+01
2.297228869525369630e-04 2.000022972288659773e+01 3.809744865812701420e+01 4.522686264059976224e+01 4.279866975018569519e+01 4.279984909107020030e+01 6.281432159325675002e+01 6.008337350349259509e+01 4.464144333154329303e+01 3.093067090958592757e+01 4.094864497100504508e+01 6.107251175892474038e+01 4.789236356867422018e+01 6.633264626898930771e+01 5.777810437104079000e+01 7.459943525886625082e+01 7.913139209690126563e+01 8.742293950909801481e+01 9.493050729531040588e+01 9.013017344997940938e+01 8.044402928027517419e+01 6.474259013335088753e+01 4.511354687769675564e+01 5.800988384125933806e+01 4.974021463872761473e+01 6.930646205279637684e+01 7.078831612888762947e+01 5.070451618843588903e+01 3.735597023692076846e+01 3.080929320551481965e+01 5.098172678400462132e+01 6.241001181101896833e+01 7.676982486329171707e+01 8.218204985899598114e+01 7.935337536745872455e+01 6.978121795497480662e+01 4.957587990933131294e+01
9.647730019007896146e-03 2.000964772022738813e+01 2.724780440295407757e+01 2.538084787973083323e+01 2.279433693240250136e+01 3.693849498503494999e+01 5.695040966773174063e+01 7.308231762450409974e+01 5.861363960368230863e+01 3.842311036429393312e+01 5.098233685993952946e+01 6.939522070883867855e+01 6.222354528740999768e+01 7.641797176582855400e+01 7.791044513630926360e+01 8.620443693064473223e+01 8.888504589016758928e+01 9.716906114114726734e+01 9.570093531047433544e+01 7.645223372769544312e+01 6.273362054618601746e+01 5.288936315303413238e+01 5.800988384125933806e+01 3.848268034137730353e+01 5.259401203470261521e+01 6.066484364435704890e+01 7.450144978523508144e+01 6.501585119611137031e+01 4.894347411014977212e+01 2.841860510283052577e+01 4.300738188490067415e+01 6.327460595804109289e+01 6.250605991908693682e+01 6.248830637143480260e+01 6.442976114682431898e+01 4.334222116705293359e+01 5.963214895100467317e+01
3.582433992925927561e-03 3.595688474528431655e+00 7.247172191229600102e+00 1.124717219130010548e+01 3.125246838194995647e+01 4.548587570051993367e+01 5.378817248306307874e+01 6.274642341458110906e+01 6.694134038916487839e+01 5.008467344400034449e+01 6.694134038916487839e+01 7.944727022169213626e+01 8.232220948162641605e+01 8.457240023888886071e+01 7.628757620037993092e+01 7.474025125178074802e+01 6.888128547557877823e+01 8.888504589016758928e+01 8.834804492992236646e+01 6.910516644960476640e+01 5.779919490022795969e+01 4.895495580021561466e+01 4.156975303926267884e+01 5.259397792305499308e+01 3.324403241460019842e+01 4.687435352350705386e+01 6.389693405728124276e+01 6.275291009474238280e+01 4.146981953156108602e+01 2.596253021100716296e+01 4.693088408381110810e+01 5.155468056956041067e+01 4.515918089484768672e+01 5.835746043294351892e+01 5.328622748156782762e+01 2.631899671361677662e+01 4.763264621077797045e+01
1.813270376062421294e-03 2.000181326361200718e+01 1.879419151114250042e+01 3.125246838136735406e+01 1.880646729994829869e+01 2.547316613170803734e+01 3.441794661965897006e+01 4.856901287451432125e+01 6.861387963088013464e+01 7.026442404582576273e+01 7.857072033413629697e+01 8.249526535506041114e+01 7.421059239640698024e+01 7.302449009407263247e+01 5.628591278857997793e+01 5.473896963889305312e+01 6.888128547557877823e+01 8.888504589016757507e+01 9.640796090485704894e+01 8.526164174361201731e+01 7.657725353073570318e+01 6.755426694085964812e+01 4.802285312071815326e+01 3.435401277304489298e+01 2.988710449373713374e+01 4.535424115690333480e+01 4.513719386508152098e+01 5.385339099759364956e+01 4.417909348153455795e+01 2.378572271175920605e+01 4.332666004451433395e+01 3.423443941304095262e+01 4.846269125656304766e+01 4.499761374155102089e+01 2.589177028965098515e+01 3.244975531867171981e+01 2.675098272412745715e+01
2.372884694381488524e-03 2.000237288469402586e+01 3.879565432161446381e+01 4.708337812057584415e+01 3.295063898473642894e+01 3.881497251091598599e+01 5.378817248306307874e+01 6.274642341458110906e+01 7.400205893000006085e+01 8.228568771954746808e+01 7.440998995083319301e+01 6.612552392727025108e+01 5.421223391306584460e+01 5.788200107059195432e+01 4.474641525644785389e+01 5.628591278857997793e+01 7.628757620037993092e+01 9.121436497653786546e+01 7.971420222808123413e+01 7.148361224724112617e+01 6.441842514669147590e+01 5.813194467170964685e+01 5.287131701327660949e+01 5.374215976640053327e+01 4.535147262715594962e+01 2.609737951019792845e+01 3.812352656084397751e+01 4.208078156614957521e+01 2.332444241902458515e+01 2.644876977131024276e+01 2.425199918390669040e+01 3.837342875994450253e+01 4.293051817076845111e+01 2.545902290458640849e+01 3.099582079799483836e+01 3.508342294451102106e+01 4.266397848261438241e+01
8.175220331382775790e-03 1.155518060412400061e+01 2.569731622791785597e+01 4.569731651900457337e+01 5.297272612206750608e+01 5.884462966242043791e+01 6.331219163835541508e+01 5.986069372901243923e+01 5.400314847229234516e+01 7.400205893000006085e+01 6.612552392727025108e+01 4.613347825819609938e+01 5.198901286487683393e+01 3.789790577167926244e+01 5.788200107059195432e+01 7.302449009407263247e+01 8.457240023888918756e+01 8.301119732192842093e+01 6.304483428399726819e+01 5.150024541063971384e+01 4.453882837957159779e+01 3.844847833446599594e+01 3.339232426232946693e+01 4.654936879363954461e+01 4.233023629478766736e+01 2.534174277850408430e+01 2.253582229099978562e+01 2.286270460911267222e+01 2.975263314177671248e+01 3.781939571736825911e+01 2.505593843790792263e+01 2.470618240058281856e+01 2.501989406285133200e+01 3.883377130335141914e+01 4.449348746797097220e+01 3.589745559009858056e+01 4.800259567438532571e+01
9.124702163186202558e-03 1.415126032589426153e+01 3.415126032632746700e+01 5.168704397797383621e+01 6.801098770805712945e+01 5.745624901232253734e+01 4.331660535054270156e+01 3.986618073473364632e+01 5.986069372901243923e+01 6.265493856248148319e+01 5.437211594190737429e+01 4.683113662757243389e+01 3.201264409599790639e+01 5.198901286487683393e+01 6.187755429988594358e+01 6.790694096052658324e+01 7.497895438622244058e+01 8.326402074471523918e+01 7.971420222806278844e+01 7.148361224724112617e+01 5.813194467170964685e+01 4.922964856269670264e+01 4.655149724076766660e+01 2.712443508731386288e+01 2.301495152363019159e+01 2.207571348545647538e+01 4.154470129144780799e+01 2.617862569228975644e+01 3.391149800115389468e+01 3.712200900074661547e+01 4.866851486129550608e+01 4.343872917896081276e+01 2.920754015255091574e+01 3.025195106758433994e+01 4.524253076262343853e+01 5.136006093443666032e+01 5.788795270951595029e+01
2.239863785106879172e-03 2.000223986375947050e+01 2.340276601982771965e+01 4.340276610316747252e+01 5.972754994420895969e+01 3.973251202442442320e+01 2.918008979838429795e+01 4.917317698044234930e+01 5.673212595092246602e+01 5.111645155230234394e+01 3.439153297295198541e+01 2.685705842085418027e+01 3.156368376708705625e+01 3.655284875285646962e+01 4.188761551044445497e+01 4.790972769120779162e+01 5.497627978641486379e+01 6.652385749328378495e+01 8.652883153343559286e+01 8.626685272259436488e+01 7.730415309875262153e+01 6.907488343074889769e+01 5.473982487627743865e+01 4.648243057481758456e+01 4.087469850130691640e+01 2.174967183548340799e+01 4.069358589628383527e+01 4.291281316349032693e+01 4.952771373432760527e+01 5.088191520912141641e+01 5.107261333682954074e+01 4.963227909132533000e+01 5.142657501028612899e+01 4.899036178926666452e+01 3.585937911729815397e+01 5.368350064690570633e+01 6.695083724421589011e+01
1.766589122093755728e-03 7.072834400987599857e+00 1.861983978478031787e+01 3.861983991132112237e+01 5.753996306805098016e+01 3.754539704325649296e+01 2.340170767110124217e+01 3.673501581171088048e+01 3.673501581171095864e+01 4.283632098622837958e+01 2.285523315120222065e+01 4.283632098622893380e+01 5.153947601316400551e+01 5.653501843326644405e+01 6.187755429988594358e+01 6.790694096052658324e+01 7.497895438622244058e+01 8.326402074479946691e+01 9.481302503049960251e+01 8.336816116021547884e+01 7.347761041946415617e+01 6.529270416562248158e+01 5.870589738684925862e+01 4.696873699225677257e+01 2.750310788317200661e+01 2.259740449472877089e+01 2.128874158439557718e+01 2.224613106164650134e+01 3.747241697898201096e+01 5.686369377868349062e+01 6.843036489191226224e+01 7.114195872010493815e+01 6.569471112031918381e+01 4.694440665895049847e+01 4.831056986777083040e+01 4.326309281341637103e+01 6.169623805678322270e+01
