LEM/sinusoidal_perturbations/elevation_000210.asc
nrows	100
cellsize	150.0
xllcorner	0
ncols	100
yllcorner	0
NODATA_value	-9999
[rows 0 to 16 of 100, columns 37 to 73 of 100]
1.051298669489662103e+02 1.138616920484694219e+02 1.056755996796184434e+02 1.056755996792701211e+02 1.101127508573038654e+02 1.158995564336703410e+02 1.061906881248736170e+02 9.784809333110140983e+01 9.784809333109909346e+01 1.008258192004722531e+02 1.008258252124572749e+02 1.091558358427029560e+02 1.125489028202380126e+02 1.125489422971794369e+02 1.207658628913005572e+02 1.082574715703449044e+02 1.002786483097814738e+02 1.000011150847101362e+02 1.079786554458362957e+02 1.058587539568001290e+02 9.785045032824169198e+01 1.058587539568001290e+02 1.069503448619635577e+02 9.879163644781510811e+01 1.069503448619635577e+02 1.079648830685112983e+02 9.978872235600609031e+01 1.023607217669942457e+02 1.105305935525871774e+02 1.135302161603655122e+02 1.053450912291699524e+02 1.079241254843831115e+02 1.026388242392528127e+02 1.108640111595964868e+02 1.205632518439461620e+02 1.123747336800250025e+02 1.205632518439461620e+02
9.663500791848341009e+01 1.056755996796184434e+02 8.573241091347550480e+01 8.573241091347546217e+01 9.021472035381098920e+01 9.604271855602721075e+01 9.784809333110140983e+01 7.745506687442805571e+01 7.745506687442805571e+01 8.045032395846455131e+01 8.045032396710078615e+01 1.008258248411828788e+02 9.239255861335142583e+01 9.239255867136220957e+01 1.125489434650314138e+02 9.715464795793363351e+01 8.106121901581248324e+01 8.077989192543893182e+01 9.687480673590322056e+01 9.621009548360591168e+01 7.856822661380563488e+01 9.621009548360591168e+01 9.701612847349525737e+01 7.885213776572196309e+01 9.701612847349525737e+01 9.648588148616340732e+01 7.984718643515846281e+01 8.244116941973966561e+01 1.023607217669942457e+02 1.019965511368230437e+02 8.527862198850108655e+01 8.789261673653841456e+01 8.251561954544428090e+01 9.929082874571874129e+01 1.105847345040286598e+02 9.233974273497317142e+01 1.105847345040286598e+02
1.051298669489662103e+02 1.068293588156993223e+02 9.157363566459537196e+01 7.141653104822893283e+01 7.595838463254686701e+01 9.604271855366818045e+01 9.637468217378852842e+01 8.342804603467105551e+01 6.310832629304825048e+01 6.606971321827700194e+01 8.641816831669902399e+01 9.829622627413932889e+01 7.791464233418129481e+01 9.373347559370027682e+01 1.020422616091859851e+02 8.843697647774803272e+01 6.958695018745592620e+01 6.929714417423949158e+01 8.698208425359419493e+01 7.894415318245546587e+01 6.855938451490006003e+01 8.820933847102367054e+01 8.882188710676854271e+01 6.875118894943830128e+01 8.882188710676854271e+01 8.827547122405010782e+01 6.819204044734971149e+01 8.192453277558037428e+01 1.018640052720801776e+02 9.375970981138441118e+01 7.355041560547165602e+01 7.355041560547165602e+01 7.076731913803915575e+01 8.688926283707282039e+01 9.229346888926917813e+01 8.222969957103931904e+01 1.023572382074989946e+02
9.634010772081639118e+01 8.808750815781615984e+01 7.857447098084139725e+01 6.411300770303249408e+01 8.444702286325987473e+01 9.799486214499297887e+01 8.799594153608980207e+01 6.764086916386685289e+01 5.614122864524404832e+01 7.624394022411347294e+01 8.803038953859629601e+01 9.109024852673252326e+01 7.061390164419043458e+01 7.329436239801498232e+01 9.030598566248535519e+01 8.041963457198873755e+01 6.029350995498730015e+01 5.999318368617580433e+01 7.101003584870205998e+01 5.871897265794407161e+01 7.894415318245430058e+01 9.617269739530803463e+01 8.213165438765848592e+01 6.191024433176090724e+01 8.213165438765848592e+01 8.192453277558037428e+01 6.169592252010569666e+01 7.606876521925451584e+01 9.606160622816641137e+01 9.596138196818475308e+01 8.209186835290410045e+01 6.166957344788067985e+01 6.153201617585849448e+01 6.657911490773821583e+01 7.207278139442078668e+01 8.641084253360268974e+01 1.064953852194928032e+02
8.808558408709718890e+01 6.780538338337933624e+01 7.374458312048797382e+01 5.918256488535175919e+01 6.954719121222269962e+01 8.976130796627441555e+01 8.619591246978714594e+01 6.591785327625427726e+01 5.196404552130376686e+01 7.150203982174404871e+01 6.778737797753332472e+01 8.803038953859650917e+01 8.193294814116013924e+01 6.134041081865299105e+01 7.465238692792055986e+01 7.330397497411809127e+01 5.253355879659842742e+01 5.101831330806756171e+01 5.002745654604910186e+01 6.518094661344579777e+01 8.508269702429015524e+01 9.046379194806588941e+01 7.041246903598154461e+01 5.589548926938078210e+01 6.908289983266642764e+01 7.042159064760815568e+01 5.648475296116348687e+01 7.098719795050671166e+01 9.106339597594788415e+01 8.767608030204519309e+01 6.734592948202919160e+01 5.531609673019165285e+01 7.593846227849019215e+01 8.688926283707282039e+01 9.229346888926673387e+01 1.005597157604651954e+02 9.632697685975749380e+01
8.802876856748008549e+01 6.780354662326720927e+01 5.312310836662422275e+01 7.374458311566438340e+01 8.793707625783784465e+01 9.799486436355385877e+01 8.205667073889036089e+01 6.188973594415081436e+01 4.810647571771291098e+01 5.165381109168814078e+01 6.262564209077202548e+01 8.269365866955759259e+01 7.639723032285718318e+01 6.795257550080259534e+01 5.400218089257909782e+01 7.465238692276048482e+01 6.401516247365159984e+01 4.224016754282718722e+01 6.401516247535478499e+01 7.913722613506817538e+01 7.907906018233923362e+01 8.803699624892882980e+01 8.454795672277333551e+01 6.908289983262639566e+01 4.836453249253508346e+01 4.976518938757450172e+01 7.042158824060787481e+01 8.510344928834837219e+01 9.252106479049565735e+01 8.576178796453983466e+01 7.263624095531045555e+01 5.195506010202535663e+01 7.263624095530659019e+01 8.506082342976942812e+01 9.518721188526835419e+01 1.034711280320536559e+02 8.830801895561673120e+01
8.454111369372974139e+01 6.419048264178874774e+01 4.949273857277530198e+01 7.015432700031678337e+01 7.658995195333061190e+01 8.490256964911368698e+01 8.799913223854962041e+01 6.779649438978313469e+01 6.262564209077202548e+01 4.315006245641720284e+01 6.262564209077202548e+01 7.930520597971984387e+01 6.795257553768813352e+01 4.739458731517198231e+01 6.201799558544767166e+01 7.047709333226887907e+01 6.048263963754185113e+01 3.856195787361485827e+01 5.942259816088910185e+01 7.431827665424623319e+01 5.756105742522250068e+01 7.544588211443266346e+01 7.140989958298774809e+01 6.385206466153409366e+01 4.317055799682125183e+01 6.027855852515140356e+01 6.550755202657444443e+01 7.521185099466838153e+01 7.228431051812705732e+01 6.537128832212349039e+01 6.537128937491316094e+01 4.887350458074305948e+01 5.614040532555255680e+01 6.654546014666203746e+01 8.689779129806620972e+01 9.536059845577753435e+01 7.568406941270657740e+01
8.147522118030386196e+01 6.675758278670885204e+01 4.611271282413692774e+01 6.208784500218273905e+01 5.608087562003224491e+01 7.658995195333061190e+01 8.653247362681847221e+01 6.640580193405254761e+01 5.950705345014580416e+01 4.010347067872358906e+01 5.113693943913487772e+01 7.094084182175869557e+01 7.639723229958059392e+01 6.201799559787251326e+01 4.183472778928990721e+01 6.200751194351239093e+01 5.704853320667318428e+01 3.530509297449740558e+01 5.681247293067552562e+01 6.542214561754006752e+01 4.600776543224586135e+01 5.547618762512352220e+01 3.556427765777108618e+01 5.616027820404428894e+01 3.975851572605662199e+01 4.232448459470408153e+01 4.078055335214889965e+01 6.414384192064304102e+01 5.785477698910562339e+01 6.159514608224054655e+01 4.521240707880826903e+01 6.537128937490571445e+01 7.672162572234978484e+01 8.506082343519032918e+01 9.518721185202591073e+01 8.807169189253477271e+01 7.632207924809587496e+01
6.130834900209975302e+01 5.396143055237272534e+01 4.740068227260530165e+01 4.154215606897593460e+01 5.823928485329017946e+01 6.665725883776897831e+01 7.742038206327940486e+01 6.640580193405254761e+01 4.675790458665797189e+01 3.722265800229055088e+01 5.647985498105549595e+01 6.540084374927832300e+01 7.010732528351265103e+01 5.826946361568022326e+01 3.851478336678177072e+01 5.331833517260681532e+01 5.108727189284822856e+01 3.236401643576137133e+01 3.681492639023612412e+01 5.687208171278903279e+01 5.004880881236886125e+01 3.526089678945463390e+01 3.613530764699331854e+01 3.623259151264576872e+01 3.679909226547627554e+01 3.735612291511825589e+01 3.789663205984795269e+01 5.775313057717899312e+01 5.923445614024075212e+01 4.198158807612258414e+01 6.159478404416950781e+01 7.376454889796521286e+01 8.739072858535897126e+01 9.566182433486278569e+01 9.346571830974278328e+01 7.987537225544205910e+01 5.962235176372009704e+01
8.147522118030386196e+01 7.430140683261444678e+01 6.787276175409125756e+01 5.823928485329017946e+01 3.785407480629753962e+01 4.857811949421681419e+01 6.299925077874890889e+01 7.149906679781749119e+01 5.384452767611830382e+01 3.451658086588420105e+01 5.019646196357584245e+01 4.772200795911761162e+01 5.347324937365679887e+01 6.590770491770358319e+01 5.332099728486473822e+01 3.408489366432334577e+01 3.164902292756341140e+01 3.953263910143722626e+01 3.308358845060612907e+01 5.167570134060185438e+01 3.452741339007855714e+01 3.688282725342369872e+01 5.511333336803998861e+01 5.595423540871724555e+01 5.662282703645628601e+01 5.721296131840674803e+01 4.235139935750297013e+01 3.865780073757312607e+01 3.919698779512684439e+01 3.973422892396707340e+01 5.969494441890402214e+01 6.894162174394718079e+01 6.709627487508915067e+01 8.187840467542470435e+01 7.756255937870798789e+01 6.379679405229605749e+01 6.411002362470944149e+01
7.731968675159464510e+01 6.935588992382474771e+01 7.749431483460132597e+01 6.665725883776966043e+01 5.457799304584114708e+01 3.432496743446134957e+01 5.110462780856456533e+01 5.110462269466130891e+01 6.102028575038917779e+01 4.946438201192980699e+01 3.078844664829821198e+01 3.835839218198564993e+01 4.837849017990354383e+01 4.956201515503995125e+01 5.007814890474246994e+01 3.092866151735094959e+01 5.080667696885512896e+01 5.370482484888135843e+01 3.482017968591614476e+01 3.380814153727571636e+01 5.350896940257946710e+01 5.665438577132227493e+01 4.028124425094436134e+01 5.433895824046634004e+01 7.380856324278661873e+01 6.761729811554430114e+01 4.688214030712803293e+01 5.859389875454402130e+01 5.050224390682659248e+01 5.973240470132653002e+01 4.050705824221028450e+01 5.036293033448656331e+01 6.837035761981258020e+01 6.310025002720136200e+01 5.873608026927050929e+01 4.422479898167991763e+01 4.480320044612778219e+01
5.934257331326882934e+01 4.966807223872766031e+01 5.975737967799057060e+01 6.700052356660826547e+01 6.299925077874916468e+01 5.110462780856456533e+01 3.096049240963342797e+01 4.884650708517879991e+01 4.697377282105895091e+01 4.718593254548901683e+01 2.826388349070484907e+01 2.874536193596270195e+01 2.923072089547660468e+01 2.972075571866717425e+01 3.021537482985308998e+01 5.008199330609289746e+01 5.917647161999460081e+01 5.776767118525374656e+01 3.751170023504823092e+01 5.363258597869752720e+01 6.214279660961287277e+01 6.294039217289157051e+01 4.276545134057006692e+01 6.288527350341073685e+01 7.465601889441768435e+01 7.506675823026010619e+01 5.421877827201939226e+01 7.483287704512207483e+01 6.458659255114258713e+01 6.847301542663714713e+01 5.180556263114227988e+01 4.127646917717073904e+01 5.954432312960082641e+01 6.109102554359198223e+01 4.340971317067559454e+01 4.680718975395769377e+01 5.859314813880106954e+01
6.026160948434374376e+01 4.869354235245765494e+01 3.986570694119539837e+01 4.693169000392747847e+01 6.110166731981612998e+01 5.371260552529780341e+01 4.074694016724216539e+01 2.813000499434281920e+01 2.713332599461969608e+01 2.759857170764719569e+01 4.725430918681765746e+01 5.057889257115293447e+01 4.334389967385438069e+01 4.957199393729899839e+01 3.283989582815393504e+01 5.209019284422135598e+01 6.528589631576811314e+01 6.634860922963292751e+01 5.776776847405733406e+01 4.187870476579096390e+01 6.234391503359879039e+01 7.120468542179416715e+01 6.294161644985596382e+01 4.654867753252815987e+01 6.100009342402614010e+01 8.112648163971955739e+01 6.476666184230805356e+01 8.362226075096052114e+01 8.379196555871470764e+01 7.112084908819954876e+01 6.908939039796585746e+01 6.117366101228037678e+01 4.204554544675675487e+01 4.260666251538026472e+01 6.295003573018654919e+01 4.868394687522931008e+01 6.900933668217216166e+01
7.715562800893866324e+01 6.802906858129547629e+01 5.280971533675517549e+01 3.293830804099127363e+01 4.673408491797453479e+01 4.494667692897818512e+01 4.498700063852945163e+01 2.647791188261518869e+01 4.557445488123592270e+01 3.171150599013921578e+01 4.429571034342765756e+01 6.223747634481946278e+01 6.461234524514257771e+01 6.046464873999495637e+01 4.614046733185723070e+01 3.679735198391902884e+01 5.091213345297838089e+01 7.133680768516437354e+01 7.094443450165114484e+01 6.234392298354305240e+01 4.648145891617632941e+01 6.723575824843737792e+01 6.981029834180232285e+01 4.940304234853966392e+01 6.393624343578949265e+01 8.399152136202310714e+01 8.543128086900125595e+01 8.543128179778119602e+01 9.785324181513909991e+01 8.091449745121440174e+01 6.009051556658073423e+01 4.547071362837267827e+01 6.246895412933008629e+01 6.370297501565392650e+01 7.207539316694142428e+01 5.607049108249753999e+01 7.659826851197877318e+01
7.585548118304980392e+01 5.568443514596186361e+01 5.542257998757143866e+01 4.650800499028765955e+01 2.758926477557727708e+01 2.538940023193809026e+01 2.583984037558338542e+01 4.541816906356088168e+01 5.243512139307848230e+01 5.048782396963486008e+01 3.862248783994311196e+01 5.874257426754302713e+01 7.731268862069474324e+01 7.480863556591985741e+01 6.056059287978435179e+01 4.014784917144116605e+01 5.457718931501565152e+01 7.500580691500360331e+01 8.571064638483174747e+01 6.465893389779786560e+01 4.989709116015144019e+01 7.082483706058336281e+01 7.285111119110614197e+01 5.245271851931313023e+01 7.285111119110614197e+01 8.553289593161188975e+01 9.694908550587565799e+01 1.059493904807831797e+02 9.386242257166924219e+01 7.509493429042379375e+01 5.421035362507853250e+01 6.618971924240277360e+01 4.961395198509244864e+01 7.050276386778566007e+01 8.338292461816307366e+01 6.712807072340407899e+01 8.534943334213586752e+01
6.994860641643779786e+01 4.978425123806239583e+01 3.643892211295683126e+01 3.054493375141521838e+01 2.474996382430269293e+01 4.428586239936542057e+01 3.139608640486128621e+01 3.833668444432434086e+01 5.799606626331546266e+01 6.658970338247550558e+01 5.874260569406553145e+01 4.840345266628998644e+01 6.924138387047942444e+01 7.630965370110958190e+01 5.586406258688872839e+01 4.400763896916515705e+01 5.586406258688872839e+01 7.630965370057417374e+01 8.684716210567579253e+01 6.574853048610364681e+01 5.362770030584123759e+01 7.466586244594309107e+01 8.103865789374570738e+01 7.285111119110614197e+01 5.710807478064710097e+01 6.898530980705669435e+01 8.885969340750193624e+01 1.017864665611018609e+02 8.550509124357739665e+01 6.468477733727029033e+01 7.509493429042379375e+01 7.899317701394167557e+01 6.440854449329468423e+01 5.414651174535382694e+01 7.507413142675886775e+01 8.144780894920101844e+01 9.531482933421023063e+01
6.928881696852349137e+01 6.404809689145648122e+01 5.542381419153555555e+01 4.382053264135442561e+01 2.429971162324071088e+01 4.354452575744824117e+01 3.653981253394859863e+01 5.701069740890333293e+01 5.820499498210963907e+01 7.872877850666957045e+01 7.789053563862724161e+01 6.307714237596358942e+01 6.924138387047923970e+01 8.460985984700057827e+01 6.909580412767385837e+01 4.856683091881917846e+01 6.909580412767385837e+01 8.460985935676441727e+01 9.530672244472046373e+01 8.076047681825934887e+01 5.964811268998199267e+01 6.182950062551790182e+01 8.295000635928280985e+01 8.553304062424237486e+01 7.738521834065734595e+01 6.224096542809309085e+01 7.399891735469439880e+01 9.371297099885103421e+01 9.386242257262676958e+01 7.679856314271967221e+01 9.386242257262676958e+01 9.357780953458879480e+01 7.842261073662002957e+01 5.751178163539128718e+01 7.842261073662002957e+01 9.417466483629944207e+01 1.091812112557513075e+02
