LEM/sinusoidal_perturbations/elevation_000682.asc
nrows	100
cellsize	150.0
xllcorner	0
ncols	100
yllcorner	0
NODATA_value	-9999
[rows 68 to 84 of 100, columns 0 to 36 of 100]
5.009162696260268353e-03 7.800952329827038234e+00 2.444856636561175378e+01 3.021650826648432187e+01 2.069232206671539487e+01 3.914865428969368821e+01 4.396037220604073070e+01 4.329989246384149482e+01 5.762532663547382583e+01 6.740878155675569872e+01 7.551086366981665776e+01 7.933309395815071241e+01 7.176946226991384492e+01 5.229888731367852017e+01 6.774056689665550834e+01 5.606106231696684716e+01 6.978362856287887439e+01 8.919929278009350071e+01 7.597991579976070398e+01 5.588254374124178980e+01 4.540449560344359980e+01 3.869561528523114191e+01 3.269703742194788987e+01 3.834895399478206457e+01 3.586631154849240488e+01 1.870781828256228252e+01 1.595756976357761836e+01 1.559508621265759842e+01 3.516810627294687919e+01 1.739831365258150342e+01 3.971099484014268199e+01 4.582005348166308778e+01 6.633984397135728273e+01 7.942256405215981374e+01 7.112687623121890113e+01 7.942256405215981374e+01 6.594651638512085867e+01
4.695337527364121070e-03 1.993637188403437577e+01 1.939736139543853355e+01 3.773291532157459471e+01 3.527755594357284252e+01 3.527782737405619429e+01 5.552757239832802583e+01 6.372990999286275127e+01 6.420130803373700701e+01 4.769935530931325474e+01 6.420130803373700701e+01 5.938104914468854645e+01 6.628403132017449195e+01 4.664641305317653064e+01 4.817168212130392391e+01 6.216961653006015354e+01 7.527724288037566680e+01 9.402575913129578566e+01 8.435158417748459669e+01 7.429039603397330893e+01 6.305292196532016646e+01 5.919260819029024390e+01 5.313557301643633224e+01 5.508353627902948091e+01 4.572475543097519335e+01 3.864681253771345837e+01 3.413153130703902605e+01 1.523580140480602552e+01 3.151608431401142951e+01 3.948302395111803520e+01 2.377927887634112381e+01 4.582005348166308778e+01 5.721027804000831907e+01 6.305772466708048540e+01 6.941750407958160451e+01 7.771808046080120391e+01 8.599773668549018169e+01
7.614146464036155443e-03 2.000761414646368053e+01 3.772966353960354269e+01 4.593677600661887794e+01 5.551392905599699645e+01 5.552757239832802583e+01 6.392862364132457742e+01 6.743939714833744858e+01 4.785418997300516253e+01 3.609336113557682069e+01 5.071806209227141693e+01 4.522972777440315895e+01 5.665661515111824542e+01 4.133606834470833746e+01 6.128539561646927325e+01 7.581999599141605017e+01 8.922769873931112272e+01 8.295631820031563564e+01 7.467181230797190494e+01 8.296516475660615697e+01 8.432951695459463792e+01 6.913524418573744867e+01 6.710341450801399787e+01 5.253102301908224803e+01 3.403671732082317902e+01 4.480052508632164177e+01 3.452931414158945955e+01 1.660097641143029534e+01 1.472264903464426489e+01 4.927934708373588535e+01 4.582005348166303804e+01 3.118937118512868878e+01 3.659423454271399123e+01 4.280157536180799838e+01 4.930611571983057928e+01 6.354544557823610518e+01 8.359390735257784399e+01
2.352828262072654761e-03 2.000235282826171712e+01 3.407828825962893404e+01 4.074495492629548465e+01 4.902922617193934229e+01 5.902922617094449720e+01 6.247203509562307744e+01 5.251565247576674267e+01 4.426756144131108783e+01 2.808499923187109459e+01 3.078582786060088239e+01 3.358272399918908491e+01 3.660312916639322367e+01 5.089754162112507174e+01 6.128539559663315828e+01 8.072077726175236023e+01 7.380619342471484856e+01 6.553573363664945362e+01 5.469433964175843954e+01 7.295990042753729199e+01 7.973724838720671926e+01 6.187030917048370782e+01 4.949424487315434362e+01 4.276988078335737242e+01 4.486090114266291806e+01 2.583233919078014651e+01 3.387900188385496847e+01 1.502680194888092480e+01 1.436027312311671977e+01 4.770541288509662081e+01 6.066696563988882218e+01 5.235102998728378765e+01 5.721027804000831907e+01 5.351519429142165762e+01 6.941750407958160451e+01 6.354544557823610518e+01 8.359390735257784399e+01
6.786455232800275850e-03 2.000678645523244370e+01 1.407828825962964636e+01 2.074495492629619520e+01 3.074495492629601756e+01 5.074495492629530702e+01 5.422789415731860174e+01 3.431113265828735592e+01 2.458291776461287625e+01 4.084644964523010913e+01 4.901835383960583670e+01 5.360369368774684062e+01 5.660903704189198038e+01 6.469455446139771482e+01 7.859244163741090006e+01 6.696096263084449163e+01 5.869237830478571283e+01 4.558371186909793238e+01 4.472997936576923905e+01 6.468183491269321905e+01 8.192394145077845735e+01 7.471534031569765943e+01 6.710341450801399787e+01 6.072118044028110262e+01 4.937267912811967818e+01 3.603832602778841476e+01 1.869858021638915346e+01 1.383643107415643847e+01 2.822903348591260553e+01 4.829518626724583896e+01 5.797067601338936527e+01 5.797067601086202160e+01 6.632176339264496789e+01 7.365151527806945353e+01 8.195316056586199238e+01 8.359390735257784399e+01 9.189071534336635239e+01
3.257643153035955173e-03 5.550259605405303276e+00 2.555025960540566032e+01 4.074495492629548465e+01 4.902922617193934229e+01 5.902922617094449720e+01 6.247203500393089826e+01 5.251565244440895697e+01 4.086712030590573619e+01 2.126942707099914642e+01 3.767029821632281994e+01 3.768129708183716531e+01 5.752609426617454602e+01 5.702961139479424446e+01 6.525378522045957652e+01 5.544821352017646632e+01 3.875998653290813678e+01 3.409766923763595514e+01 4.221445650268805139e+01 5.371778355177034570e+01 7.368170884145692412e+01 6.950579648847234182e+01 6.186916501407815616e+01 6.199767365513892514e+01 4.532798536490795982e+01 3.132628526081474973e+01 2.935712342475565961e+01 1.345569523261339562e+01 3.518205595194191204e+01 5.145294219120734880e+01 3.804979775352873617e+01 3.804979775352864380e+01 5.797067601086202160e+01 7.638327313524942497e+01 7.729113338935442812e+01 7.949063270749826415e+01 8.775910672740535290e+01
1.880098487986705483e-03 7.072947910353431844e+00 1.463223737053791140e+01 2.463223737053773377e+01 3.877437299426818385e+01 5.877437299140242999e+01 6.889251591517687245e+01 4.909345144705606145e+01 3.505763310738733196e+01 3.767029793609582811e+01 1.808220118463254877e+01 3.767029820930662254e+01 4.300652664173965434e+01 3.719797475071712256e+01 5.702961139479424446e+01 4.718442542324282840e+01 2.727267458736855588e+01 4.718442542324282840e+01 6.215736708096049057e+01 7.042205516894615869e+01 7.500745894455864970e+01 5.643690839624766653e+01 4.263934741359381064e+01 4.970216876048014143e+01 3.255724646486520157e+01 1.989224115002680549e+01 2.312481807224807895e+01 1.308069832696852153e+01 3.832192931333741370e+01 3.906286577490695322e+01 2.463050332705283907e+01 4.388448790790994991e+01 4.788842318812570653e+01 5.826775298563754291e+01 5.685428706654671061e+01 5.909797910918223351e+01 6.855484745730500151e+01
2.900726248362994839e-03 2.000290072624800786e+01 3.463223737035647076e+01 4.291650849652275213e+01 5.291650828938055184e+01 5.588689622338898033e+01 5.703560796683343881e+01 4.839962006382513238e+01 5.489246314354846845e+01 3.549600383139323156e+01 1.588713504132616805e+01 3.247318389178601450e+01 2.330044686065092208e+01 4.300652664173965434e+01 4.585355188022229811e+01 3.759293195752615446e+01 2.319175994748204772e+01 4.311998802131169839e+01 5.576562117828633802e+01 6.403539633367203976e+01 7.401508386858482424e+01 6.324739575008107551e+01 4.409582570838741589e+01 3.035263919117056375e+01 2.457842090652846068e+01 1.832116526775494236e+01 1.255787735856995369e+01 3.253272112729139565e+01 3.674151993380088754e+01 2.103164129430329510e+01 4.024463450040490642e+01 2.847862677486946126e+01 4.788842318025806577e+01 3.810282793720870842e+01 4.239193985024223821e+01 4.795003524427708896e+01 5.486554033041024070e+01
5.081304048347549951e-03 1.645656021849995909e+01 3.308589422539895963e+01 4.514645306446693951e+01 3.723870386418076350e+01 3.723867039387070577e+01 4.511553928874763386e+01 2.783754239583647205e+01 4.511554714938120014e+01 4.369650451880318087e+01 3.247318392062556569e+01 1.284678648489745889e+01 3.247318393387445923e+01 4.149635521016762141e+01 3.323341007443706019e+01 1.761500274338756000e+01 2.319175994748393421e+01 2.921079307703181627e+01 3.584119184508649170e+01 4.578826494834616767e+01 6.574297740822659364e+01 6.862610110520363094e+01 4.970519070323035749e+01 4.427977675766893384e+01 2.550970893895066283e+01 1.881337172774508915e+01 1.219386709600535745e+01 3.209910936779389345e+01 1.752174467438839045e+01 3.674152215192966509e+01 4.850219176341262539e+01 4.788842318928760733e+01 3.248558274972995719e+01 5.218779932315420211e+01 6.284010076842970705e+01 6.855484745730500151e+01 7.539950102075241034e+01
4.469920835086939326e-03 3.222621108555035807e+00 2.637409271049050474e+01 2.865628775596804445e+01 2.028177967995226183e+01 3.700567763514847286e+01 3.515729333682586599e+01 1.518266417472162289e+01 3.502236019587282101e+01 3.552829261613735667e+01 2.764775711794627711e+01 1.085102155532825918e+01 3.046126517316505300e+01 2.905896260993088731e+01 1.318833097452067449e+01 3.323341007443706019e+01 4.312004330077832748e+01 4.912414473388639635e+01 5.576562117828633802e+01 6.403539633367203976e+01 7.401508386858482424e+01 6.958677107678801121e+01 5.070828129837661180e+01 3.733058487881058340e+01 4.369847748708997415e+01 3.079122882625782154e+01 1.183016160872077549e+01 1.415321022301345977e+01 3.278891954003879050e+01 3.423240919506862667e+01 5.474872817635505839e+01 6.056750735020008847e+01 4.623534477762520112e+01 3.934894279929469718e+01 5.358874916562950830e+01 7.401800549919482819e+01 8.425749145597741574e+01
2.324776005098761877e-03 3.186711942014363586e-01 1.362508257977790826e+01 1.032021958469226774e+01 2.313365595351825377e+01 2.361181065194100626e+01 2.211384957395960527e+01 4.528870069110686458e+00 2.215124249294699155e+01 2.484637058803032161e+01 8.076616573933856458e+00 2.764740802058781455e+01 2.520617326440790151e+01 8.928461205121230648e+00 1.697577487559690468e+01 2.747658260142425135e+01 4.267739410786031584e+01 6.071421909730621280e+01 5.394074525470572468e+01 6.317408132613389427e+01 6.229385402533704053e+01 7.030849507214487915e+01 6.406700368368807119e+01 5.623766289267403096e+01 5.036410459150038577e+01 3.054953508267572460e+01 1.146408075093497914e+01 1.333236974793402041e+01 1.338954067070186937e+01 3.479265496018584969e+01 5.115058646258504638e+01 5.917621167841097218e+01 6.655829581636839976e+01 5.358874916562790247e+01 4.824068983891460505e+01 5.550569073447871915e+01 6.586489403338492821e+01
8.699724428260374037e-03 1.526781089371280942e+01 7.661645732404639419e-01 1.675588863790123284e+01 1.065546057459718376e+01 1.981199419200071477e+00 2.299487779717029667e+00 2.617940270336117425e+00 8.503220358660787070e+00 5.342022660058678873e+00 2.361265668808749396e+01 2.403637749410576774e+01 5.372114913070070052e+00 2.520546879507762839e+01 3.652150537800808650e+01 4.471860957093335287e+01 5.467221872142171435e+01 5.032190153490049767e+01 3.062823655884849217e+01 5.032190153490084583e+01 4.341245893008134971e+01 5.932823429667556070e+01 6.231300738285052176e+01 6.040964595192941999e+01 4.110436814434010699e+01 3.537184031392967398e+01 2.311953166924548242e+01 1.093561637134843956e+01 3.188090769968292904e+01 2.229383163496882148e+01 2.994053255854554152e+01 4.538805026576334001e+01 6.506257960538498253e+01 7.401800547819064491e+01 6.873983721296515625e+01 7.597783226312270699e+01 8.425749145597741574e+01
2.249585233037712084e-03 1.632358309544834540e+01 5.088388681083813481e+00 1.214331584507079231e+00 1.531317830268311697e+00 7.450316955178299061e+00 1.256371335876563933e+01 1.515573381445224399e+01 3.068977261827895653e+00 3.388138151185430491e+00 3.711504518791396201e+00 4.034857563137914660e+00 4.358940473875289712e+00 2.445939730006688251e+01 3.211049406141326301e+01 3.982451358535475805e+01 3.799261818531203261e+01 2.996524285844098756e+01 1.875662658793005733e+01 3.944437579971064167e+01 3.282924826472493152e+01 5.139267548441540612e+01 4.237114864263091363e+01 4.226233623410173124e+01 3.703201252832142387e+01 2.151562382071133328e+01 1.042875522418625422e+01 1.069590581032720600e+01 3.320602621230974449e+01 4.408056847992583016e+01 5.115058646995879599e+01 4.755859352465984813e+01 6.713312270180114183e+01 8.249595679047291696e+01 7.415005318872832163e+01 8.249595679047291696e+01 7.900894536034799387e+01
2.739267172789772273e-04 1.995536389607772065e+01 2.498698160475246510e+01 1.968355766710116228e+01 3.289893134092576776e+00 7.156154955025731290e+00 2.171443580252374161e+01 2.698426865189765067e+01 1.204862023610938415e+01 1.998521431873982124e+01 1.998618090570445816e+01 2.411357499856912057e+01 2.437871863426288144e+01 4.820545674360404931e+00 2.482073488298825836e+01 2.125351064867178508e+01 2.630847726434847544e+01 7.823087720567169612e+00 2.877713809111483556e+01 2.243353933890591279e+01 4.047116644853827694e+01 5.387566580188685350e+01 4.217600260539690282e+01 2.232557648797689964e+01 2.368227687615475219e+01 9.896681391868574096e+00 2.610598996171412978e+01 3.319588524806332686e+01 2.194716738213303842e+01 3.140729768515056364e+01 4.262187334453790299e+01 6.185564454223298725e+01 7.504618612391701049e+01 7.242931549496401544e+01 5.402319549516538899e+01 7.242931549496401544e+01 5.885049055319156253e+01
8.327778614586212741e-03 2.000832777859580602e+01 3.714798168003705570e+01 4.017957587282735687e+01 2.897467966916602577e+01 9.135221401524574958e+00 2.958854716065169654e+01 3.760199618627919449e+01 2.984122242523969604e+01 3.025412963568442493e+01 4.164696869267144308e+01 3.078829805487988835e+01 1.085114215487820744e+01 1.502409430485496955e+01 5.282499436575122331e+00 5.609101721100368643e+00 5.936322871644568622e+00 6.263883389131624568e+00 1.306288845462235848e+01 2.155189586018327574e+01 3.243159436745150259e+01 4.425836179153601080e+01 3.567511763582063367e+01 2.355334159864846555e+01 9.354092873221766524e+00 2.543071600438345570e+01 2.479278497133299197e+01 4.497076236989479980e+01 3.411970048567600600e+01 5.020036694747217609e+01 5.887476484643386954e+01 7.008759153490474603e+01 6.168688727744963529e+01 5.335389266081295290e+01 4.400752195445819837e+01 6.084052086877296261e+01 4.724704629105911380e+01
6.510866554257996840e-03 8.950786484841335877e+00 2.049805753760019300e+01 4.051377223828144736e+01 3.016594583332009094e+01 3.016594583334230606e+01 1.737850296918662707e+01 3.771712982584510598e+01 5.332310912970963557e+01 4.846432970707150645e+01 3.725335873279957610e+01 1.732675147376620117e+01 3.078948885610271802e+01 2.774718769851426003e+01 8.055088158258238096e+00 8.194809186637806775e+00 2.557651106381761608e+01 2.575445316300548626e+01 6.730825101776750863e+00 2.604168240838748360e+01 2.726374634273071251e+01 2.391646154537218649e+01 2.827094594489014412e+01 8.804460384752987423e+00 1.944554545488266584e+01 3.560682171508837968e+01 4.480835812262396445e+01 5.324333234995879849e+01 5.350900170275244250e+01 6.161550754553908860e+01 6.795680358501731178e+01 5.763392543568083681e+01 4.931264882847757747e+01 3.335783231211502908e+01 3.653711348188268460e+01 4.077381735708545563e+01 6.084051996978415389e+01
8.953482861371391335e-03 1.415108910659244756e+01 3.415108910671197151e+01 4.882855903151472887e+01 5.054493248314012988e+01 4.612625907456742169e+01 3.771712982584524809e+01 2.654719386068807552e+01 4.633620369445579712e+01 4.478859305850996719e+01 2.484731348927100214e+01 3.140699232319797218e+01 4.551821268281204169e+01 4.102062669538221229e+01 2.277743191371649090e+01 2.836096217017515997e+01 1.622129550394917175e+01 2.852175013627538291e+01 1.019581625510723022e+01 7.204481956548288046e+00 7.547550624343226211e+00 7.897995973772625078e+00 8.256963929325793927e+00 2.826432139743834426e+01 3.559284063652708596e+01 4.042030288023855178e+01 4.930059267467777318e+01 5.806282136394485605e+01 4.975939778031673200e+01 5.415004093932646612e+01 5.377984130498051485e+01 3.960287902494378898e+01 2.934981120932603460e+01 4.931264882847757747e+01 5.656186660689697021e+01 4.380740064489818764e+01 6.391069668517943114e+01
