LEM/sinusoidal_perturbations/elevation_000934.asc
nrows	100
cellsize	150.0
xllcorner	0
ncols	100
yllcorner	0
NODATA_value	-9999
[rows 34 to 50 of 100, columns 0 to 36 of 100]
2.064481644892168701e-03 1.414420010537596717e+01 3.414420010537666883e+01 4.924040832008229529e+01 4.614047022014334232e+01 5.442484013948031674e+01 5.563744966679309556e+01 6.392182998023255891e+01 7.336538831794266002e+01 8.786904626441543087e+01 6.947913576230432398e+01 5.612595188463988194e+01 4.560595363191380613e+01 4.455507495119179140e+01 2.611877592176768204e+01 3.906858266951665115e+01 3.123135650074894087e+01 1.145356801362873256e+01 1.053175670915675255e+01 3.040401839742107981e+01 2.481648364412311736e+01 3.135876793124177198e+01 3.169702303636855589e+01 1.239571500578434993e+01 3.204995064361536095e+01 2.687874975503138231e+01 4.676058745795349836e+01 5.153671186178417685e+01 3.483977709715968984e+01 3.866572191514725887e+01 5.132661855887408819e+01 4.765876598948241138e+01 6.316514789987945022e+01 7.025671315043415177e+01 7.857483019758318221e+01 9.017218753091319172e+01 8.975516188162063713e+01
2.905961989428186391e-03 2.000290596198907167e+01 2.095226070409222174e+01 3.059025765633472460e+01 2.613408164057085159e+01 3.930242720154089398e+01 3.563121467840903733e+01 4.507329989842639861e+01 5.926805436260219295e+01 7.043594292912528942e+01 7.559145771588667628e+01 6.624063014784216818e+01 5.062789272478664060e+01 3.248824925287762255e+01 4.455507495119298511e+01 3.976696812646945034e+01 1.933473315289248973e+01 3.103523776194725770e+01 1.130212744704513916e+01 1.098693896130945014e+01 1.130573698395653714e+01 1.162332017426897224e+01 1.194444588591412959e+01 1.686675107311302568e+01 3.885925671564805128e+01 4.688726709878560683e+01 5.517957463397328866e+01 6.305626058261219669e+01 5.475732134890456848e+01 5.859305837313794996e+01 6.689881138079604739e+01 6.764669094442309927e+01 7.596004077529947551e+01 7.813728369317789202e+01 8.647760947200292492e+01 8.554088426042757476e+01 9.370664318901209811e+01
3.542675937824442140e-03 3.355837101415807044e+00 6.774207718651874544e+00 1.054422856039651535e+01 1.453693169854871492e+01 1.923198935096519691e+01 2.496876400104173754e+01 3.198298823856388751e+01 4.212941679337517087e+01 6.215131652040026466e+01 6.753145781574313844e+01 4.915647758855352834e+01 4.025125745829663515e+01 5.062789272489109038e+01 4.941945065652336666e+01 2.883363966091355834e+01 3.976696817709750320e+01 4.151397431318358855e+01 3.262385916257696294e+01 1.408775812927716942e+01 2.416791161517927833e+01 3.032976971680293587e+01 1.266223777933286954e+01 1.390284668451361760e+01 3.377159112287898068e+01 4.405000482480768653e+01 5.746813986195059698e+01 6.645902332895312270e+01 7.038780603159261773e+01 6.896984528655886493e+01 6.065511986420494850e+01 6.896998666705455605e+01 6.379232781768055105e+01 5.785045254364794687e+01 7.813728369293067999e+01 6.562294089018867282e+01 8.224151950317360615e+01
3.411803931810562015e-03 2.000341180393145635e+01 1.835630130955159345e+01 3.059025765633479210e+01 2.613408164057085159e+01 3.930242720154089398e+01 4.507329989842639861e+01 5.214036639561390274e+01 6.042807692995857138e+01 7.043598570831449024e+01 7.561147020652107642e+01 6.624747589206857867e+01 4.915647635994447029e+01 6.115021626031926871e+01 4.068445789623514486e+01 4.941945065652442537e+01 5.471677592735033357e+01 3.816971606002142181e+01 1.857745070880316618e+01 3.368246471693514366e+01 3.947544120774191612e+01 4.060877094082015759e+01 2.185405344810970263e+01 3.377159112287898068e+01 1.600263116539093033e+01 3.000958862730732690e+01 4.610524852417330521e+01 4.739696125487894562e+01 4.923397181656320498e+01 5.124649142586626738e+01 4.078569174345269488e+01 5.325006601206318635e+01 4.354255450114574444e+01 6.361081204469002870e+01 6.648028381821879407e+01 5.403680680522057855e+01 7.404125423993389177e+01
3.327314952832964925e-03 2.000332731495247884e+01 3.836090952120837017e+01 4.664524907849506974e+01 4.614047022014332811e+01 5.442484013933024301e+01 5.999695770706735232e+01 6.585518749766204394e+01 7.100238913938048313e+01 6.271069372055879398e+01 7.100238913933864637e+01 7.559485392051558961e+01 6.195142342936392055e+01 6.917146103242228605e+01 5.262466361005092352e+01 6.136574860216528293e+01 4.045696715363457940e+01 2.647430950058610577e+01 3.816971606394703542e+01 2.428915478890065316e+01 4.351398537959411073e+01 5.051064865681134108e+01 3.344947401109334351e+01 4.417286935614421139e+01 3.589842209844719179e+01 1.811910426373363237e+01 3.806848041182998088e+01 3.411346866737036976e+01 4.503405104794413916e+01 2.848707216702991118e+01 3.094181742043650374e+01 3.349275799292450984e+01 3.608276486823559992e+01 5.550829854199083968e+01 4.655869122786649683e+01 6.648028377217566742e+01 6.407072647437544788e+01
6.779948344387334673e-03 1.155378533213700543e+01 2.569592095586820690e+01 4.569592095586891389e+01 5.516559560371385373e+01 5.414095123606360005e+01 3.999974396026568257e+01 4.585679226186705648e+01 6.099614000447775197e+01 4.270044266932662680e+01 6.027104121855285968e+01 6.856183722681996073e+01 8.099339087859868869e+01 8.002622984747011969e+01 7.219367607985145696e+01 6.222112004952801101e+01 4.061215529300947935e+01 3.617618078775180379e+01 4.828312940484335769e+01 2.847572214522975997e+01 4.828312940484335769e+01 6.301919374051260547e+01 5.449432691562154929e+01 5.351538956865262264e+01 4.092666133421116825e+01 2.106768528895978321e+01 2.065624694690868779e+01 2.284070120893407108e+01 2.509812608298793890e+01 3.360789004975536898e+01 4.961568073847904969e+01 5.325006601206318635e+01 5.584497074635466873e+01 4.006049505685109580e+01 5.989459087671728810e+01 7.470348539961308632e+01 8.401178198032592093e+01
9.516927588586143695e-04 1.414308731648993422e+01 3.414308731649063589e+01 3.953258571563292634e+01 3.517165591502110544e+01 3.517165591502109834e+01 2.586673259143560699e+01 4.585679226186705648e+01 5.270556819494274947e+01 3.269704334028419623e+01 4.026232807036295469e+01 5.700926996003794756e+01 7.211640931508556207e+01 6.814937857604567739e+01 7.639491853462423876e+01 7.166444647271256940e+01 6.181907343672031629e+01 4.758522382896362757e+01 5.299987130567859595e+01 3.298843020655451852e+01 4.706916418516990319e+01 6.731786487047455125e+01 5.802052772561919625e+01 4.502327607076434646e+01 2.545015706999428673e+01 4.092666133433863962e+01 4.063110757329813794e+01 2.546272589625069216e+01 4.503405126847513884e+01 4.720596534355752993e+01 4.563082160712876600e+01 6.313412249116989727e+01 6.424824958674410880e+01 4.429700574900473953e+01 5.055779686320789779e+01 5.947362237874698820e+01 7.110036930435758507e+01
1.945935296826602993e-03 2.000194593529647236e+01 2.356812551729195704e+01 1.954120054708177534e+01 2.725584983353202517e+01 1.519238645889968353e+01 3.128385164367239213e+01 3.350329504012595550e+01 3.576325247393107531e+01 2.512309464605918308e+01 2.870882970124803890e+01 4.871902091560318127e+01 5.210257177130375084e+01 4.782678194077038825e+01 6.467196391147817280e+01 7.367255816359892151e+01 7.603438700163981423e+01 6.765921307301817933e+01 5.840188702295178302e+01 3.818939501094834554e+01 5.840188702294971534e+01 6.393850338596291749e+01 4.399560664479847105e+01 3.009672137002145220e+01 4.524533725260027950e+01 5.351549482546588621e+01 4.302905397600432025e+01 2.892022021376541119e+01 4.888307019902626394e+01 6.209916637791521055e+01 6.313411720929062909e+01 7.105571849690947772e+01 6.885349013014294428e+01 4.878067841608473998e+01 6.885349013014294428e+01 7.898607655395409211e+01 8.801010456601220255e+01
5.600688922766023682e-03 1.787340375326808006e+00 3.576176201882949268e+00 5.409477394272875550e+00 7.274162472655498313e+00 9.171655462086025778e+00 1.119243295013459694e+01 1.340969098072348764e+01 1.568078772740425642e+01 1.800396212546310792e+01 2.051373445212620794e+01 3.209277103122180108e+01 4.733169241730357868e+01 3.626136502396322214e+01 4.521018003172307687e+01 5.939807884160394025e+01 7.956787376213934238e+01 7.494055070130852414e+01 5.468490718157078589e+01 4.527144408953041221e+01 6.558316472098658778e+01 6.742189759362024404e+01 4.741132134513841123e+01 3.353662264271767413e+01 5.327228343286790135e+01 7.132530089581516108e+01 5.717717743590961987e+01 4.044108570414255865e+01 3.447885645140071631e+01 5.447910583150792263e+01 6.992482074002789716e+01 7.824437380725646562e+01 7.722447343226204453e+01 6.294267995817567396e+01 5.659194283502850453e+01 6.823494450188145777e+01 8.250557431562897648e+01
8.215197286175309616e-03 2.000821519728582132e+01 1.357161450548890436e+01 2.539654169763822367e+01 2.140126986965321976e+01 2.914767951762427245e+01 1.655961492410838432e+01 3.350329504012576365e+01 3.576325247371530480e+01 3.227832316623859299e+01 4.006998643883693489e+01 2.438717200131873142e+01 2.731302989761754674e+01 4.733169241730361421e+01 6.056997696580544499e+01 7.367255816359892151e+01 8.297578212218310512e+01 8.325485026282443357e+01 7.392283321866287338e+01 5.545132409260855155e+01 7.392283321866287338e+01 7.115218765638637421e+01 5.106396053115010858e+01 3.715512489199311119e+01 5.106396053116104383e+01 7.115218773820930664e+01 6.872337278851149733e+01 6.041503547739169733e+01 4.078667771843074519e+01 4.230329788241699873e+01 4.984920475690454822e+01 6.142845739853864018e+01 8.153106890428492193e+01 8.312344821191901190e+01 6.823494450188145777e+01 6.823494450188145777e+01 7.988952418381030895e+01
2.613274238814250559e-03 2.000261327423845970e+01 3.356463652909504702e+01 3.356463652909504702e+01 4.139005618432863542e+01 3.278866937185289743e+01 3.648501457454020880e+01 2.585770358794821888e+01 4.551439691581688152e+01 5.291711166190157201e+01 3.854367549716630492e+01 3.854384943208328451e+01 4.733169241730361421e+01 3.223998845484968001e+01 5.226036953044165756e+01 6.290165239581718737e+01 6.290165239581714474e+01 7.790489784763938985e+01 8.402523701483234220e+01 7.571500534936755855e+01 8.402523701483212903e+01 7.724373213232385638e+01 6.101292022496465961e+01 4.109732346179110607e+01 5.249378558058990762e+01 7.265027456744080325e+01 7.085026895533322033e+01 5.077276218513193839e+01 6.081151557023260068e+01 5.384805715263784265e+01 6.233695112463104238e+01 7.824437380725646562e+01 8.984564004073078536e+01 9.680809456676173852e+01 8.842122053062450959e+01 8.842122053062450959e+01 9.680809456676173852e+01
7.532853315450405325e-03 1.414966847704652508e+01 3.414966847704722852e+01 5.356241441584254659e+01 6.052667675911659728e+01 5.221983414567692705e+01 5.373943427480705282e+01 3.877219916814221534e+01 3.971644755839473362e+01 5.951188488845770763e+01 5.009997178540595542e+01 5.857406785246273984e+01 6.056997694693878032e+01 4.118542141158652470e+01 3.801390379838164080e+01 4.286469312938221066e+01 4.953300721116302441e+01 6.958597498814432925e+01 8.949914588511290958e+01 8.888479330801300193e+01 6.872188395860004562e+01 5.702292485876929362e+01 4.946018725186015530e+01 4.800378595685374705e+01 6.812785201210824937e+01 8.098233277592002821e+01 7.916937720364208531e+01 6.079881564301417285e+01 7.916937720364208531e+01 7.393299594040641409e+01 8.225082851612621937e+01 9.073806799450748883e+01 9.033554900345907868e+01 8.210164389138739693e+01 9.033554900345907868e+01 9.674738527222244500e+01 9.086461269296309240e+01
6.101047412966256744e-03 1.415789368189197361e+01 3.432464795321789808e+01 5.297483698007032160e+01 5.767712512336515118e+01 5.688975740108552515e+01 6.453573381859035862e+01 5.745782592329729255e+01 5.951188488845771474e+01 6.776242099152349851e+01 7.014493062880839602e+01 7.845520921393499236e+01 6.953485499570761874e+01 5.274180342198835092e+01 4.618028202817919947e+01 6.290165239581718737e+01 5.921851088501964711e+01 6.109915424267344974e+01 8.117918772382215309e+01 9.718881391268233472e+01 8.556723842417373760e+01 7.724373214914984942e+01 6.106311744043330947e+01 6.221360431253678769e+01 6.221360431253700085e+01 8.240610901964700474e+01 8.921657094300326207e+01 8.090172226765236019e+01 8.921657094300326207e+01 8.316415862968409556e+01 7.486006709845763396e+01 8.316415862968409556e+01 8.035890407472464858e+01 6.211733587306517990e+01 8.035890407472464858e+01 7.665065375751569832e+01 7.076304402757635614e+01
6.842009524227352091e-03 1.998435113262558005e+01 2.608165639534875879e+01 4.473978104962703384e+01 3.589149605017844635e+01 3.440002123197720607e+01 5.083961808128482573e+01 6.859727395220608059e+01 6.884369385034227662e+01 6.046329418113393217e+01 6.884369385435090294e+01 7.615610151089968838e+01 8.112034682642236305e+01 7.280188327144580285e+01 5.619077991482490830e+01 7.454259328442880417e+01 7.340606787448717796e+01 7.529380401298958247e+01 8.949914588511290958e+01 8.808886012592152781e+01 9.639609598043745109e+01 8.958069910523585122e+01 8.126392984486228954e+01 8.240610901851398751e+01 8.240610901964700474e+01 9.072235761122564668e+01 7.963924901266557299e+01 7.124730425230897879e+01 7.963924901266557299e+01 7.317903566732775289e+01 5.492196599902937493e+01 7.317903566732775289e+01 7.210536236321510728e+01 5.210934513888861375e+01 7.210536236321513570e+01 6.718362439344372206e+01 5.656805334724836598e+01
1.934550753332892102e-03 9.993726697966421213e+00 2.473562857081797262e+01 2.719281319105482098e+01 2.127009683168606102e+01 2.156090092823594162e+01 4.229615919832447446e+01 4.845044925894595877e+01 5.877594544255313735e+01 4.036780117312188310e+01 5.598466251672565619e+01 5.598466251672566329e+01 7.106706086012593460e+01 8.272627983868393642e+01 7.037576325751422246e+01 8.457953329763904549e+01 9.349422463918810422e+01 9.538776089828382965e+01 8.482519592121249730e+01 6.805329497059661037e+01 8.482519592121249730e+01 9.095210267043283636e+01 8.265109431510393279e+01 8.005051466068255195e+01 8.835162515055215238e+01 8.120885530226109950e+01 6.959298879851955633e+01 5.122413412071654193e+01 6.959298879851955633e+01 6.488650472924338430e+01 4.501851194277346480e+01 5.500148122464264588e+01 5.705875235928262867e+01 4.548496468211565968e+01 6.238709411710774333e+01 4.715787157608574631e+01 5.121660070962263234e+01
4.364784840791047053e-03 2.345220617015768116e+00 4.702491279684873682e+00 7.146898017124436286e+00 9.649633005576136568e+00 2.971329005529421252e+01 2.837831305279690142e+01 4.030221586295267855e+01 4.390489788937716042e+01 3.034821778797898162e+01 3.590470433816646789e+01 4.258446167068282762e+01 5.416714254184291377e+01 7.431966693718534600e+01 9.046542384763725408e+01 8.552692445320717241e+01 7.723942115103787387e+01 8.552692445320717241e+01 7.652132119012840406e+01 5.651227186856131368e+01 7.652132119012840406e+01 8.265109431510393279e+01 6.263803711769871541e+01 6.004396158788174631e+01 7.679506989406571904e+01 7.281935470884266692e+01 5.275590944780766023e+01 4.155383624060512915e+01 5.276911782966029563e+01 5.038820400916590359e+01 5.083179337932574526e+01 3.524002636506310893e+01 3.723395624435375595e+01 3.927088039109719375e+01 4.243695196141577952e+01 6.239655619249857210e+01 7.127880826332180675e+01
5.219006137575642711e-03 2.000516995302291434e+01 1.626190253123801810e+01 2.718249738933586812e+01 2.971329003663345958e+01 1.358232545810221659e+01 1.679669390010198526e+01 2.024041885257598494e+01 2.384507290062025220e+01 3.142057528334567351e+01 5.149104524987396303e+01 6.268460155268389400e+01 5.898062657922371699e+01 7.916166444297594751e+01 8.707452520552462261e+01 7.552998573896202572e+01 5.725131198524611165e+01 7.552998579405809210e+01 6.944705395994034802e+01 4.947582678043860227e+01 6.944705395994034802e+01 7.386316317763635197e+01 6.557340161437824122e+01 4.856989508498880781e+01 6.849972585854453655e+01 7.194438785305327144e+01 6.864577109769965091e+01 5.272740631074124451e+01 3.335839143966778408e+01 3.075534397852640822e+01 3.256570913194090622e+01 5.224179215852218761e+01 5.705875235928269973e+01 5.915867607803347283e+01 4.364865560513944587e+01 5.773345479601668728e+01 7.773022350047986606e+01
