LEM/sinusoidal_perturbations/elevation_000874.asc
nrows	100
cellsize	150.0
xllcorner	0
ncols	100
yllcorner	0
NODATA_value	-9999
[rows 17 to 33 of 100, columns 0 to 36 of 100]
5.222468517465790779e-03 1.155222785230988158e+01 3.155222785230952454e+01 4.064638673544246217e+01 5.219339211923897182e+01 5.446630111141715958e+01 3.741144267950141966e+01 1.724209383985799704e+01 7.782592719097232603e+00 2.738036238101103947e+01 3.349857465573800397e+01 5.282718573462992850e+01 6.105114241758433735e+01 5.009406865357041028e+01 5.742848867148285308e+01 4.527806521802713036e+01 6.375317655237475378e+01 7.754525133052140973e+01 7.409567300372822274e+01 9.209320825721080439e+01 8.205978770776603426e+01 7.227273256036514226e+01 5.185550658912299582e+01 3.758322498049277272e+01 4.099577956729643091e+01 6.067178660482103680e+01 6.773178545649471971e+01 4.749912695073282265e+01 5.341364014171139729e+01 3.911071192545882269e+01 2.527343359071694096e+01 4.194031289106754201e+01 4.056307472833396588e+01 6.080720970489284838e+01 7.392008522086990752e+01 8.226440156061677555e+01 7.769556704758494448e+01
7.333276091007126865e-03 6.037560167646305764e+00 1.236211548798311988e+01 2.390912087177584056e+01 4.390912087177654399e+01 4.620056688600736550e+01 2.609486896512698806e+01 2.816158884490846503e+01 8.070573950950004516e+00 2.173179816580034895e+01 4.003695943196436957e+01 5.356905304971893145e+01 6.092279458689134231e+01 6.527540165440925080e+01 7.144812385075204020e+01 6.375317655237475378e+01 5.326132684214118029e+01 5.937714444101649747e+01 7.218219018515338803e+01 9.049281313201414889e+01 8.596708303709297638e+01 7.729814129740675810e+01 6.632516606904844991e+01 5.221112001364931388e+01 3.210032411707958744e+01 4.739899005640291563e+01 5.583179400078675059e+01 5.342513542563916928e+01 3.340568666463961023e+01 4.272090083155510598e+01 2.437866558780758197e+01 4.405713592728804429e+01 6.062853440053460474e+01 6.915085482415598506e+01 7.662851618169405299e+01 8.485158612980097814e+01 6.933224519814419295e+01
6.343274376862209282e-03 2.000634327437650839e+01 3.236211548798382154e+01 2.650425111171432135e+01 4.650425111171502834e+01 4.407593292200304091e+01 2.390741630420194497e+01 9.895280648866474849e+00 8.359708446299903173e+00 2.822771257397915434e+01 2.521123385296477082e+01 4.492634044106761593e+01 3.695639646222873154e+01 5.377615411790470290e+01 7.026266831432499771e+01 6.942984228064254637e+01 7.151169957265084065e+01 7.754525133052140973e+01 8.527805406608497663e+01 8.662467344438428540e+01 7.325060760787954450e+01 5.481881160587554547e+01 7.325060081240275167e+01 6.067178660482103680e+01 4.739898173395763337e+01 2.736299408954062429e+01 4.285790269326683699e+01 4.286491361896096919e+01 4.140539712693708196e+01 2.310180047681346238e+01 4.247041756646571287e+01 4.161323829189644385e+01 5.977959408975380029e+01 7.351290172835068404e+01 5.707759454269578470e+01 7.351290172835045666e+01 6.255182109597035378e+01
3.497053469895897767e-03 1.414563267720072126e+01 3.414563267720001249e+01 4.650425111171502834e+01 5.478852235917781854e+01 4.407593292200304091e+01 2.390741630420194497e+01 2.401961069738207044e+01 2.825205488845152146e+01 8.778621920880183893e+00 1.008778502382000575e+01 3.165286857989599056e+01 2.344854567672730639e+01 4.483308244692909739e+01 5.079224040814358432e+01 4.995730419839181025e+01 6.371629529517349511e+01 7.495178137641499916e+01 7.731367734133071679e+01 6.866890839031009364e+01 5.558359325179648636e+01 4.121399078978562613e+01 6.431842237786405292e+01 6.446366608483874927e+01 4.995851376361753893e+01 4.122309687921404731e+01 2.271236136966055597e+01 2.515903508469880734e+01 2.184787886759189846e+01 4.140539653519574870e+01 5.067279640016416664e+01 5.063803785026745174e+01 6.083441567383000148e+01 6.534078630961467127e+01 4.566217097876143072e+01 6.534078630961467127e+01 6.824401201550563201e+01
9.635555453094322986e-03 1.415177117918391936e+01 3.415177117918320704e+01 4.630288245422761406e+01 5.460702701877919907e+01 5.237197315499248162e+01 4.407593292200304091e+01 4.491864249586831903e+01 3.358242486070726329e+01 1.401221115139145645e+01 9.208591207015951241e+00 1.382322499585681186e+01 3.168241860507188079e+01 5.002285399870436322e+01 3.703846809054159905e+01 3.620604865444326492e+01 4.742767910692716526e+01 6.690696245133599973e+01 6.529597439110990820e+01 4.788729412364835269e+01 5.558370403994633335e+01 3.226997757867623307e+01 5.558372523402036336e+01 5.426042183977104116e+01 3.305689150529559583e+01 1.957713753384821942e+01 1.946147353445265793e+01 2.197455157193746444e+01 2.101740616454029720e+01 4.463045880788836683e+01 4.321291970229163582e+01 2.730062330758528688e+01 4.725880777042809200e+01 4.964980249140837998e+01 3.864120822867592153e+01 5.829082162836852632e+01 5.462158325468325160e+01
8.845047570523793118e-03 2.000884504757016913e+01 3.215489661329945648e+01 2.629460899772451299e+01 4.630288245422761406e+01 5.910510050316626263e+01 6.254432849552403439e+01 4.293667022003393896e+01 2.276011151132543020e+01 3.358800686112972755e+01 2.951517942494917079e+01 9.644712689443800002e+00 1.002402523119011235e+01 3.764581007929824352e+01 2.518795229777222033e+01 3.703846809054220302e+01 5.649499711215695896e+01 6.220162960729967239e+01 5.348578578629690838e+01 3.707930066597786833e+01 4.423296481443789219e+01 2.521060842383649003e+01 4.234721122398313753e+01 3.941400531525989237e+01 3.396652918280692290e+01 1.912133980085999241e+01 3.919517177322420309e+01 1.984076122352224303e+01 2.016318529251770997e+01 2.054071686527082008e+01 2.093864305444947149e+01 2.134639704821602280e+01 3.821521280130485110e+01 2.981789926309316385e+01 4.558828599539239690e+01 6.186422191232180268e+01 4.625888891328330743e+01
8.023991185656003874e-03 2.000802399118530062e+01 1.215220302260426699e+01 1.922327145248398494e+01 3.077042807231873667e+01 5.078390873937277661e+01 5.445387043197786880e+01 3.447874743918461604e+01 4.293667022003393896e+01 4.861448133734033661e+01 2.635790579448410753e+01 1.371370324152870701e+01 1.006728952999857896e+01 1.592510905881862016e+01 3.793185524997485913e+01 5.331890690371317021e+01 6.455094765786375888e+01 5.170807750026281724e+01 3.092837409046797958e+01 3.849385693051251423e+01 2.601838611822037706e+01 1.855644740442983576e+01 1.768698752733908108e+01 1.800644112048628642e+01 1.972752254591847176e+01 1.885811054188464908e+01 4.174592187240768482e+01 4.289902046883282338e+01 2.911982252335464594e+01 2.751609744340170494e+01 3.814665328332555561e+01 3.999346432273383556e+01 2.191596223784618758e+01 4.135561561906952477e+01 4.272598654363980586e+01 4.097958070599218416e+01 4.369239962304779823e+01
4.598823041778624977e-03 4.592913500453224884e+00 1.613992616119417889e+01 3.614134554633569252e+01 3.336718303717717049e+01 5.342576528926582569e+01 6.210234138503996348e+01 5.445387043197786880e+01 6.254432849500136626e+01 4.842997565299451423e+01 2.561496686046846705e+01 1.051188574371925455e+01 3.015995022962434291e+01 3.629847940594777356e+01 3.478129881185668637e+01 5.516396380230629859e+01 5.202862988903399355e+01 4.008744682644567092e+01 2.004450414075913045e+01 2.037401614786151072e+01 2.582954262993192529e+01 1.723591166393278229e+01 3.049029576631374283e+01 3.597058556667107609e+01 1.844963913185496907e+01 4.065457746047156462e+01 2.645226060509665089e+01 4.696736256851745850e+01 4.418443749553884459e+01 3.918341096966030790e+01 3.775551057526106291e+01 4.410731098817657880e+01 2.631761827700593059e+01 2.246982834219032910e+01 2.285263545897506887e+01 2.322789393136406133e+01 2.359711725188833142e+01
7.340434288523949372e-03 2.000701164180622627e+01 3.287844673359002456e+01 4.443034636018428074e+01 5.342776867623373960e+01 6.185784708089506267e+01 6.181338417569859445e+01 5.164954791320575112e+01 4.302210728052902766e+01 4.416180561132426163e+01 2.476019638077087492e+01 1.083522356389432062e+01 3.075120506152111233e+01 3.989397478931493879e+01 5.436296627286997563e+01 5.601020676238511697e+01 4.226337796202162878e+01 2.817981050774745100e+01 1.616308885893981540e+01 1.647455502682255002e+01 1.678671734242235658e+01 3.450059097396015062e+01 3.733224477573804734e+01 4.085586324956125992e+01 3.047698733119752035e+01 4.963050767559641230e+01 4.696737412713225268e+01 3.238939213840702536e+01 5.220342439720862870e+01 5.582104574964935750e+01 4.730142293229950212e+01 5.119418402072893315e+01 3.489042225757482640e+01 4.264812305077860799e+01 2.958106190890250531e+01 3.699378690183280582e+01 4.371959169381906918e+01
3.515918393995972821e-03 2.000351591839364218e+01 3.180797130023372432e+01 3.887855952453242026e+01 4.716079938059728249e+01 5.870012192669909723e+01 5.338796946732935567e+01 3.289022780222632747e+01 2.278663605774802292e+01 3.196327592735034528e+01 3.124966889474367449e+01 1.115525876009276907e+01 1.374676588205688788e+01 3.285135207938834867e+01 4.559627599024081945e+01 3.402467935179228675e+01 3.237575811340415299e+01 1.572637153174787095e+01 3.572460088829912195e+01 3.979507806055727315e+01 3.388884986290009493e+01 1.933792273674782791e+01 3.722784997071171631e+01 4.783318117061995167e+01 5.115313079362060478e+01 5.116573766109511467e+01 5.228555950254036588e+01 5.228861869171332444e+01 3.815025045812523530e+01 5.819809467926679503e+01 6.338306823405712720e+01 5.425853654706872931e+01 5.455830199157412608e+01 4.022201843884126760e+01 4.990953520857674874e+01 5.525126214429096194e+01 5.628526314019644872e+01
4.608085242692564441e-03 5.778110777083588445e+00 1.180833766659158890e+01 1.887940537296741184e+01 3.042636165561637895e+01 5.042269066619102347e+01 6.181461966112306072e+01 4.757164003519233830e+01 3.129471143996763516e+01 1.224421081541453482e+01 1.159967922033744614e+01 3.050122389392478794e+01 2.717160669453601685e+01 4.152700300486721119e+01 3.747772491853143606e+01 1.543182506954783406e+01 1.529891598936077912e+01 3.558122727568951404e+01 3.022272930651838507e+01 4.943672918596383425e+01 4.837124595094658730e+01 4.062112151875045640e+01 2.204677662845365305e+01 3.706932614201089393e+01 5.670964588361771064e+01 7.153455560334838026e+01 7.244858936070799871e+01 5.819814232628383621e+01 5.819816489328644593e+01 4.469757266924609240e+01 6.492805148950131411e+01 7.292809016337697869e+01 6.905864090170449288e+01 5.027690897891944388e+01 6.779680781130292644e+01 6.305278675991157655e+01 4.272791352437139523e+01
1.610643649003322799e-03 2.000161064364864671e+01 3.180797427895694440e+01 3.887855952453242026e+01 4.716079938059728249e+01 5.376851959261421854e+01 5.738575995392071860e+01 3.560792327385834710e+01 2.076610177947501157e+01 1.203646349814350991e+01 3.169155472153619613e+01 3.961263990597294793e+01 4.836271253992365615e+01 4.776653049096091053e+01 4.494703958005266031e+01 3.494052906330656327e+01 1.500421159361401635e+01 3.503679263002942434e+01 5.006571840632371817e+01 5.757661459395256998e+01 5.598379466142841210e+01 3.636427919656843954e+01 2.402741169487363848e+01 4.463659060465096218e+01 5.524922174698966870e+01 6.560339429241655296e+01 7.378728260817059947e+01 7.842986335253723951e+01 7.326605259944084025e+01 6.494373396189314462e+01 5.230939582135172827e+01 7.259326926380111900e+01 7.989778657918810723e+01 7.123257876467936001e+01 7.928809064859026989e+01 6.604304591582025807e+01 5.069608372213554048e+01
2.022278438842990342e-03 1.415374662753999147e+01 3.432916298925265153e+01 4.725769135243285035e+01 3.914617713672897992e+01 3.505019091014958121e+01 5.371587542754689082e+01 4.895190761942561863e+01 3.803655486672754193e+01 1.928670908425072383e+01 1.246922308011265201e+01 3.247719030920161032e+01 3.822954211022597804e+01 3.818417693976037697e+01 4.041692500137182265e+01 3.120037979943218431e+01 1.471288734351939809e+01 3.510402845465228694e+01 4.675563022718167616e+01 5.478620355443013779e+01 6.410058204901987722e+01 5.267740826648309138e+01 3.892423824446299818e+01 2.694684922926294135e+01 4.721228697088317716e+01 4.635140760965937545e+01 6.318867194581230962e+01 7.721959416666159370e+01 8.531231885531923353e+01 7.902140255520394874e+01 5.874964783538699464e+01 7.258173010489096555e+01 9.253454079354071382e+01 8.055360900767546184e+01 7.209746765824445447e+01 5.761554962926781087e+01 3.744818752876589940e+01
6.642187732006160465e-03 2.000664218773165004e+01 2.650926711923305490e+01 3.001784557125406039e+01 1.947063551902078515e+01 3.084245295836832668e+01 4.471861985290104258e+01 6.417988094785060582e+01 5.075556787581834328e+01 3.683543134081735104e+01 2.201481770120441084e+01 1.289758798600077405e+01 2.456723267484180440e+01 3.093718667712848003e+01 3.288734548614077369e+01 1.430278330056630942e+01 1.528963366982673300e+01 2.095507110506093440e+01 2.698560646718605938e+01 4.678184722581025312e+01 6.436383831028594216e+01 6.643294909877239718e+01 5.525248079874249640e+01 4.724656923828376165e+01 2.991746499137823889e+01 3.585336942467355925e+01 5.523585364468595316e+01 5.816205930515699407e+01 7.721959416666166476e+01 8.616917457119838275e+01 6.596020797515201650e+01 8.616917457119838275e+01 8.665847619913991196e+01 6.613996109081934094e+01 5.173410018801477861e+01 4.496699334272169324e+01 5.556256670425476329e+01
1.591255364720534126e-03 3.289547769379859599e+00 6.622666895062470083e+00 1.010313957552896191e+01 3.000089876468713257e+01 4.107282181651964947e+01 4.654332771031485549e+01 5.390003687395483922e+01 5.385562760203501398e+01 3.613894837433867480e+01 3.511995598487347792e+01 1.331913870943003353e+01 1.330811495483680140e+01 1.359878985238101379e+01 1.389253331923856649e+01 3.403445371388838225e+01 2.919359148570223184e+01 2.169467488756429319e+01 4.207447694902477053e+01 3.711162060452685552e+01 5.082604856888442413e+01 6.996852202119123376e+01 6.535288657790118805e+01 4.624917164031662509e+01 3.216156635665553409e+01 5.184451912548923502e+01 4.472215346269161529e+01 5.816197865423595204e+01 7.721423906787093472e+01 9.434320029387831141e+01 7.768637656223437205e+01 9.434320029400069529e+01 8.650009706463086445e+01 6.613170322428560155e+01 6.530569616819656176e+01 5.934402288497165756e+01 5.811928683355098713e+01
6.189296070378335485e-03 2.000618929607002272e+01 2.657269886998620478e+01 3.001294350713647674e+01 1.641585104200573753e+01 2.124979214392804039e+01 2.676994352006033395e+01 3.428874023639824031e+01 5.363939843745551173e+01 5.364829756815832695e+01 4.689334012250265005e+01 2.521114822522465104e+01 3.638702812478696558e+01 3.383535148323821318e+01 1.524096717363494768e+01 3.208607124408405298e+01 3.988878215179317266e+01 4.164962680149831442e+01 2.904216610134271903e+01 4.900755011874053935e+01 5.082604856888442413e+01 6.996852202119123376e+01 6.730710587800122369e+01 4.826075822636605750e+01 3.439697456555963839e+01 5.383940980863144432e+01 6.374225653245758139e+01 6.374225653245760270e+01 8.290303240249609473e+01 9.314447767864095340e+01 9.774652006313291963e+01 1.057942342490007945e+02 9.497551479106510897e+01 8.650009706463086445e+01 8.567174715380869543e+01 7.969844866299546027e+01 6.077004153417510679e+01
2.247884206357958405e-03 1.414438350793718335e+01 3.414438350793647459e+01 4.445342175824443842e+01 3.629394067227161713e+01 3.530380235982336501e+01 4.080438393528319097e+01 4.653379075945830579e+01 4.826668506789700785e+01 6.760079279171132782e+01 4.913994229106724987e+01 4.861708150827801234e+01 3.961964464935382324e+01 2.563805891407298176e+01 3.496586908661284099e+01 2.306046858717905224e+01 4.214073788030501078e+01 5.299826277948888276e+01 3.454212654461016285e+01 5.416752182620307110e+01 6.996852202119123376e+01 7.790162809169424918e+01 7.235115897914108984e+01 5.585726010643823969e+01 3.660949319775745892e+01 5.585726466938751855e+01 6.352314885808338829e+01 6.839904811796104411e+01 7.364027150066671368e+01 7.365277362334744282e+01 8.676667912705215713e+01 9.496015040036620292e+01 1.063321044367718855e+02 9.880168076945834343e+01 7.848404943009731483e+01 7.674085924417042293e+01 6.351955737921377931e+01
