LEM/sinusoidal_perturbations/elevation_000235.asc
nrows	100
cellsize	150.0
xllcorner	0
ncols	100
yllcorner	0
NODATA_value	-9999
[rows 68 to 84 of 100, columns 37 to 73 of 100]
4.196365219291885040e+01 6.187335083880989828e+01 6.167455931491990384e+01 7.837325671164707330e+01 8.665367890435385334e+01 7.834896214376306034e+01 6.028649160463393031e+01 7.976283747723158513e+01 8.166593625518717658e+01 6.746898706248020972e+01 4.755736583750993418e+01 6.746901205560118342e+01 6.503373993816222765e+01 4.866587487743437634e+01 6.851399422490945312e+01 7.710216150494844101e+01 8.236747447061443950e+01 8.804260715051401576e+01 9.039904675749724561e+01 7.658356005875151595e+01 7.658356009123829722e+01 9.592125475789462996e+01 9.253790112448412231e+01 7.297283177242164243e+01 8.396839088250717964e+01 9.239358086255222702e+01 9.521296620882499440e+01 8.307296128926108736e+01 1.025894787706729971e+02 9.882991696459446018e+01 1.127257837372121543e+02 1.327864758810140415e+02 1.293222356281915211e+02 1.091288426588569678e+02 1.221843337528487723e+02 1.421834401783841031e+02 1.483507398466691711e+02
4.595932602205471085e+01 4.620160906358584896e+01 5.007984472455932234e+01 7.010057084343340250e+01 8.465672219677368560e+01 8.908787499118592734e+01 7.458726329862274440e+01 8.907771756139597130e+01 8.716555266816889969e+01 7.116414535611811232e+01 5.126435133319530024e+01 7.116414535611811232e+01 7.672087489202982624e+01 6.272911300477889540e+01 5.234626135184865348e+01 5.734331687782604092e+01 6.266647732140270222e+01 6.838337086081220662e+01 8.804260715458056552e+01 9.592124251976972005e+01 9.592125790261430041e+01 1.042185536456131558e+02 9.842543058756409380e+01 7.889873193059932532e+01 9.842543058756409380e+01 1.118227568545667907e+02 1.082355517795413533e+02 8.867730100583581532e+01 1.082355517795413533e+02 1.185984668466775105e+02 1.269484022628657698e+02 1.362029174910354641e+02 1.221843337514681167e+02 1.018324565669037440e+02 1.221843337514681167e+02 1.390256715612788128e+02 1.284656585129824862e+02
6.219372489566262630e+01 6.617878607854237316e+01 5.374069968034392275e+01 5.645036123896632319e+01 7.057601012800631679e+01 9.042246227849057050e+01 9.587482279021956799e+01 9.294108935586773157e+01 7.314506799910850532e+01 5.909811463933846909e+01 5.680847532635582553e+01 7.667379322409408360e+01 9.071774959064323696e+01 7.682040767387105973e+01 5.705837141569138993e+01 5.811330090702053042e+01 7.786397959605388053e+01 8.804260715458056552e+01 7.819297901856768362e+01 8.693917766576355177e+01 9.829997770065207874e+01 1.183010961979681070e+02 1.066568463734461716e+02 9.013141624113457340e+01 9.266382509514411936e+01 1.123351767084078432e+02 1.156836826625591215e+02 9.597778109017824022e+01 1.082355517958227153e+02 1.281798303022358425e+02 1.413858625364377133e+02 1.279653696160439864e+02 1.077697862283322792e+02 9.616541816497711181e+01 1.106274668831313903e+02 1.196201697213890611e+02 1.220954982543763236e+02
8.379671944254356220e+01 7.926969441262437499e+01 5.931940989433977762e+01 7.639943496557377500e+01 6.377569533382980893e+01 7.778371264490489523e+01 9.724782241432754404e+01 8.885613712590050284e+01 6.904371806209525175e+01 7.894992759399787019e+01 6.282273671912415836e+01 8.265277461229085532e+01 9.568626064518466023e+01 7.597312705693865098e+01 6.204072299742810515e+01 7.786397959605388053e+01 6.425010713696332232e+01 8.394059559519030245e+01 9.789223529059351847e+01 1.061908486107329850e+02 1.150942708213061962e+02 1.266806191927041993e+02 1.180577067207319715e+02 1.097552648841394642e+02 1.123351767084078432e+02 1.206498676517928743e+02 1.240297093890740427e+02 1.072403975399264482e+02 1.240297093890740427e+02 1.355263256163412677e+02 1.213415715623328168e+02 1.257945062393044964e+02 1.055786937748697909e+02 9.165340775310791344e+01 1.056474578436570084e+02 9.983965173293165662e+01 1.022790410967220254e+02
9.336185250864225793e+01 7.343253140614793040e+01 6.688329622811525610e+01 8.679598231604801128e+01 8.363860027728877355e+01 7.226964715887007173e+01 9.209004729019595459e+01 9.707671311903412459e+01 7.790690603927005498e+01 8.925354885579298525e+01 6.945122612528619754e+01 8.925354885579298525e+01 9.054258796975513235e+01 7.087498875178454227e+01 7.597312705694075419e+01 8.997253459685327925e+01 7.083318283745134636e+01 7.306478820467229696e+01 8.285870776191809739e+01 9.419502958379780466e+01 1.141285093188597983e+02 1.239652806106032017e+02 1.180703762122188891e+02 1.180703762122188891e+02 1.264219899523826598e+02 1.310796938055756016e+02 1.251630843704296012e+02 1.272174260311445977e+02 1.356126824685988765e+02 1.272124084645716806e+02 1.072961463147434529e+02 1.146162582904798910e+02 1.198184092016880982e+02 1.056474578434057605e+02 8.636193582858929574e+01 8.604927003545448372e+01 8.847913983325868514e+01
1.016802742864148570e+02 9.336185250864225793e+01 7.683450094069455361e+01 9.509677120809622863e+01 9.869269517094774358e+01 7.888475152869230556e+01 9.869269517094774358e+01 1.059422753143495584e+02 8.932383390848072224e+01 9.747996003514903407e+01 7.935163579499116793e+01 9.747996003514903407e+01 9.750540724935626713e+01 7.781158033422656217e+01 9.568626065246797907e+01 9.745544511555969791e+01 7.776635231709633445e+01 9.273930859355506584e+01 8.693360020887962492e+01 1.067555286179847656e+02 1.224936521346714500e+02 1.040374760501656084e+02 9.822485848363822925e+01 9.822485848363822925e+01 1.180703762122188891e+02 1.110327477189344023e+02 1.051797706369873708e+02 1.193593982820773647e+02 1.309203266059452631e+02 1.261083376633836650e+02 1.062033719682143698e+02 9.487660311730749640e+01 1.061992462541502533e+02 1.022726052984727829e+02 8.266816746384995440e+01 9.944135230848898743e+01 1.076162331704287425e+02
1.095758985312280629e+02 1.050847384725484801e+02 9.675746369140132686e+01 1.050847384725484801e+02 1.069672019713853075e+02 8.877431158944662570e+01 1.069672019713853075e+02 1.174073039484671881e+02 1.091757742510301767e+02 1.073946697847509739e+02 9.915546191659485942e+01 1.073946697847509739e+02 1.058024886603164703e+02 8.759262107002746234e+01 1.058024886603164703e+02 1.057524037535277870e+02 8.754316254826456145e+01 1.057524037535277870e+02 1.067555286319772136e+02 1.150909665594269455e+02 1.178126833994566169e+02 1.040374760495482462e+02 8.444361900510816099e+01 1.040374760501816382e+02 1.087393260283029690e+02 1.022195266076301721e+02 9.132580302497063940e+01 1.026034577095824574e+02 1.225474665000720620e+02 1.344203437605284819e+02 1.229014056292651844e+02 1.061992462651480764e+02 8.655402099866134336e+01 9.877274149841672113e+01 9.662012107707339226e+01 7.980792413391051809e+01 9.369911719809685735e+01
1.012881024533785990e+02 1.086283027046574148e+02 1.001122285074220031e+02 1.086283027046574148e+02 1.169172241164921502e+02 1.086110787524488046e+02 1.169172241164921502e+02 1.114446660039446471e+02 1.032759052608452777e+02 1.114446660039446471e+02 1.088415839192735319e+02 1.170328109577796880e+02 1.157617959489876398e+02 1.074181934286851714e+02 1.157617959489876398e+02 1.157113684608529098e+02 1.073677276828548628e+02 1.157113684608529098e+02 1.116462107339646224e+02 1.094628193016257995e+02 1.094986760068386786e+02 8.980704209377898906e+01 7.857450147061832979e+01 9.098915482411369737e+01 8.905726660836563724e+01 8.264754472337804714e+01 1.022195266076301721e+02 1.193593982820773647e+02 1.251732811180372522e+02 1.168929681424537392e+02 1.158672723619732920e+02 1.076182743520900686e+02 9.877403612657762721e+01 7.913877767705530175e+01 7.705105793178081797e+01 9.667069796103112367e+01 9.632661145453772633e+01
1.095758985312280629e+02 9.837987162587253920e+01 7.964136225533049185e+01 9.396333299683523421e+01 1.024696264942822665e+02 1.143310736964619281e+02 1.075113999860463423e+02 9.935189917343465993e+01 8.374131189673826725e+01 1.016500512285357019e+02 8.926209519855655117e+01 1.056954637241189943e+02 1.079349080300498258e+02 1.161244207081444699e+02 1.189490635880564184e+02 1.106343781907700219e+02 1.106343781907700219e+02 1.116462107339646224e+02 9.189308955398077217e+01 8.974166141601068603e+01 9.892141700470476451e+01 9.496455379539884234e+01 8.676988046806626187e+01 7.142518814366164293e+01 7.527821960666224754e+01 9.482200834474916462e+01 1.104942031960639213e+02 1.235497431896686749e+02 1.168929681424537392e+02 9.717654775599268646e+01 1.029513535864623464e+02 8.791563320377147761e+01 9.153112841671489264e+01 7.434217114194100873e+01 9.401113682437616603e+01 1.049122354979491547e+02 1.171142262252042201e+02
1.021011795807039562e+02 8.987679538037083660e+01 6.956283086804968718e+01 7.358663077874064129e+01 8.527658044015844041e+01 1.058296576656452004e+02 9.935189917343465993e+01 7.980726836668230817e+01 7.396939538199980291e+01 9.283129394809600399e+01 7.793943170611167659e+01 9.691823572557264299e+01 8.834375139814235922e+01 1.047830099543942168e+02 1.106343781907700219e+02 9.089063578151407796e+01 9.089063578151407796e+01 1.013270887617132416e+02 9.551785482785679449e+01 7.592887108153560405e+01 7.930017337689693591e+01 8.281057964004388339e+01 6.717234442782554993e+01 8.102349622285868236e+01 9.482200834474915041e+01 8.568835162645423509e+01 9.541383738801876291e+01 1.152071103274217734e+02 1.143116501003797083e+02 9.463503934922727012e+01 8.343509467317355188e+01 7.754244144717033294e+01 7.184843819665111653e+01 8.921409270102813593e+01 9.640167624079197140e+01 9.569858350574776296e+01 1.138433658245687639e+02
9.360848508112619015e+01 7.320472337007227281e+01 6.186584989270959056e+01 8.219883848602141541e+01 9.473626637619318558e+01 1.032290184452002535e+02 9.935189917269869397e+01 7.980726836668219448e+01 6.592154328629277416e+01 7.317588312298850894e+01 6.909273884796675702e+01 8.877290048534344180e+01 7.699067001258627840e+01 9.599430038221566974e+01 1.058196128098152116e+02 9.667344404718477335e+01 7.707558400205429905e+01 8.168060126187423009e+01 9.563201420244796225e+01 8.504674365739332131e+01 6.542733359174141583e+01 6.316960689097764714e+01 8.281057964004388339e+01 9.496455383265143269e+01 1.089056114424441120e+02 1.053104738577202539e+02 1.136021982960824062e+02 1.235497431896686749e+02 1.225857403294626380e+02 1.111749144370149196e+02 1.029513535864623464e+02 9.550619534637067432e+01 7.713191398320272185e+01 6.950978775474747806e+01 7.707167621678544833e+01 9.507194125084994596e+01 9.937985567449352686e+01
9.136227798137016975e+01 7.097865989302793821e+01 5.651775380827854889e+01 7.694888340598666332e+01 7.429914237654337228e+01 9.473626637619318558e+01 9.393119742883570211e+01 7.436083889560960358e+01 6.036663310532198068e+01 5.907618456402893514e+01 7.893281966665509231e+01 7.942524030079377440e+01 6.810068965797742635e+01 7.802943263048696565e+01 9.765792621412644792e+01 1.049198496847852056e+02 8.743492422408024822e+01 6.782300809335315250e+01 8.002222207994998371e+01 7.912800360342687611e+01 5.943801419775405748e+01 7.913148784453522921e+01 7.560654435959095565e+01 8.943093654176308860e+01 1.091516158122813067e+02 1.176842521819380210e+02 1.176842521819380210e+02 1.258412619329860576e+02 1.264048032426870662e+02 1.202725681674369582e+02 1.187884700870650505e+02 9.712375348287366705e+01 8.841789677069890274e+01 8.688905622970854381e+01 6.721949587116729674e+01 8.689084215572147230e+01 8.698540197692260278e+01
8.701647600301639329e+01 6.661853265560240800e+01 5.208606770119919815e+01 5.985816147961244127e+01 8.028503740809044587e+01 8.850677801562598290e+01 7.967263825083865925e+01 8.742844151062371338e+01 7.320070286126556880e+01 5.325383723557591509e+01 7.239122242644842231e+01 5.953003334904566657e+01 7.365678317014381093e+01 9.335152773957666739e+01 1.058196128098152116e+02 1.052697911982945698e+02 8.557888423228081365e+01 7.173255521963254466e+01 6.033446441010148220e+01 7.363465957891307312e+01 5.706233845363399837e+01 7.679430017306845002e+01 9.520698977049291045e+01 1.034431136699553093e+02 1.124804768896854199e+02 9.911969184638476804e+01 9.911969184638476804e+01 1.176842521819380210e+02 1.049818406399157169e+02 9.864821391946489371e+01 1.137520878686542716e+02 1.165627183665740461e+02 9.948412245912747665e+01 7.962258927067340153e+01 6.560422784930533169e+01 8.314935417469615686e+01 6.723648836606618318e+01
8.400189626035020751e+01 6.849157509208056638e+01 4.794899421136913276e+01 6.849157509208056638e+01 8.315550845850927431e+01 7.686056725765052988e+01 5.796778128952536946e+01 7.686056725373725840e+01 6.958205584083361828e+01 4.966010281303116614e+01 5.243772722248659335e+01 7.239122242644842231e+01 8.758406030762188266e+01 9.720729140178478644e+01 1.028633788023775679e+02 9.027396680060311951e+01 8.207648598674957441e+01 7.902815160458538912e+01 7.085103080107238327e+01 5.385326194327963378e+01 7.363419512480497531e+01 6.958026782479514338e+01 8.344495269952332706e+01 1.031210617971997152e+02 1.045571256789214942e+02 8.606341637143724199e+01 9.583910750518273858e+01 1.036747900771669606e+02 1.049818406399157169e+02 8.344197462723279557e+01 9.346829795756201520e+01 1.022959418905103632e+02 1.014614295679729565e+02 8.946114605863543545e+01 8.128558910794374981e+01 6.327461627978664183e+01 8.318344366294147108e+01
7.576491118416976178e+01 6.496855153586308518e+01 4.440519945122136392e+01 5.418583593130619391e+01 6.715489336456096225e+01 6.768231417637858272e+01 4.697706879806445812e+01 6.777101400155783040e+01 6.230906727794855016e+01 4.625647937017785694e+01 6.608137321387184215e+01 8.057055356797788193e+01 9.115989084339031479e+01 7.714520547041060183e+01 8.302125439496279569e+01 8.207648598674957441e+01 6.237040421939705226e+01 6.814218193843805693e+01 5.103751186604885248e+01 6.508679563639736898e+01 8.180904022417711019e+01 8.920792906736267014e+01 9.742063605085755285e+01 1.073704298935921599e+02 8.851383620760751114e+01 8.851383620760081783e+01 7.693523090809108567e+01 9.583910750518477073e+01 1.087138646237025057e+02 8.715337747838346161e+01 7.253544039717520775e+01 8.491213110302287248e+01 8.622728101967648229e+01 7.361074053680074769e+01 6.120855541398623956e+01 7.052786225492081940e+01 8.900022379362005154e+01
8.400189626034921275e+01 7.344219444778721595e+01 6.018764864290992733e+01 3.960523415954743598e+01 3.769943127385637638e+01 5.608974203426021887e+01 4.013615350779650726e+01 5.835806795995564755e+01 4.259085571837327677e+01 6.229154329859281347e+01 7.346898246820624934e+01 7.956711769648603649e+01 7.196520310347470684e+01 6.233731668072886123e+01 8.302125439495581816e+01 7.369732244332323035e+01 6.551354404485815053e+01 4.829640325031963499e+01 6.814218193843805693e+01 7.902815160458537491e+01 9.297063826022377953e+01 9.622194673590298919e+01 9.622195493939135247e+01 1.042624262990469646e+02 8.851383620760766746e+01 6.902685114319763215e+01 8.851383620760486792e+01 1.017298803255886810e+02 9.387863752963282593e+01 8.674925267721914679e+01 7.756755157519282307e+01 6.447335755726442130e+01 7.655614954155666396e+01 5.924286154449624320e+01 7.940498709336422678e+01 8.079021723923250420e+01 8.929720066115575605e+01
7.206251195984805236e+01 7.143190371530251070e+01 6.017553728656073986e+01 4.857600995011024025e+01 3.518144536974514835e+01 3.572622292554299150e+01 3.627424111129288775e+01 3.894378595900898432e+01 5.860252183844118434e+01 6.379587281033406043e+01 6.684057782878355169e+01 6.302124924129010708e+01 5.127720522360755950e+01 7.196522463041209505e+01 7.554326898158066683e+01 6.548030113989017309e+01 4.557874590531140768e+01 6.311676339348813514e+01 6.959663128399847665e+01 8.109809979992007811e+01 9.080404645285825893e+01 7.735238724450779557e+01 7.735238725474393107e+01 9.622195493933969601e+01 8.407994775578609392e+01 6.432719549149801708e+01 8.407993706032469561e+01 9.333200159051895639e+01 7.130909824184134038e+01 7.528016482005050136e+01 5.698598533836300817e+01 7.708453667397421327e+01 7.809133400254692958e+01 5.801379145263894088e+01 7.228513066435080248e+01 9.210862958991187099e+01 1.087353296370790474e+02
