LEM/sinusoidal_perturbations/elevation_000418.asc
nrows	100
cellsize	150.0
xllcorner	0
ncols	100
yllcorner	0
NODATA_value	-9999
[rows 34 to 50 of 100, columns 0 to 36 of 100]
2.064481644892168701e-03 2.000206448148535898e+01 2.672065718437097104e+01 2.191632880317018817e+01 3.438159839835902432e+01 3.897946171581186547e+01 2.748581778288474808e+01 3.504930376289209448e+01 4.923967414112113516e+01 6.938088925677696750e+01 5.739893742255660669e+01 3.752327396667838144e+01 5.732189573268121308e+01 5.638423122013848143e+01 3.772858291943030906e+01 5.520495090144427763e+01 5.740312771488689236e+01 3.845306024019537006e+01 1.616182823312714234e+01 3.845306159632192333e+01 4.255918180394832717e+01 2.194614215707269622e+01 4.255918179023497316e+01 5.513217448269752907e+01 3.469686164539798057e+01 2.054150627694724207e+01 4.057488285189331378e+01 4.658696455474423459e+01 5.186467168160800156e+01 7.165203322654485873e+01 6.478423823735585074e+01 4.468725067422129626e+01 4.800111610243398985e+01 2.135902818364969136e+01 2.211204173159887176e+01 2.141304092135774084e+01 4.133839764082270563e+01
2.905961989428186391e-03 3.336239295395990734e+00 6.716856316159678819e+00 1.036834007137712099e+01 1.436834067122909175e+01 1.895666386960827765e+01 3.897946177997137340e+01 5.514221899253785608e+01 6.348300585523106321e+01 7.267804158226263667e+01 7.251288631253238748e+01 6.286814446208856566e+01 7.021067939328824536e+01 7.069928124711753981e+01 5.912293642795641091e+01 5.629656944598378487e+01 3.962086223658644002e+01 2.782632512576483919e+01 2.009329567911968795e+01 4.266911850647889537e+01 5.138619832303175627e+01 4.255918180628860625e+01 2.870937986596185709e+01 4.959110864199703883e+01 4.894219195670623890e+01 3.472928302616544727e+01 2.393612982091157093e+01 3.343636561184025169e+01 5.265527323977501339e+01 6.612239031100577336e+01 7.309368947501189950e+01 5.434376374007871391e+01 3.421019246244248535e+01 2.489421812323822536e+01 4.134679840190275968e+01 4.133839764082270563e+01 2.427084178355382704e+01
3.542675937824442140e-03 2.000354267380041051e+01 1.826418484681625287e+01 3.037586711793228389e+01 2.436930852290086591e+01 3.897944074430619565e+01 3.310691076772680219e+01 5.315706558683866945e+01 6.712235336862764257e+01 5.359596580325974458e+01 6.616902883801898838e+01 6.158673179456702940e+01 6.204784148490998774e+01 7.731399332360800258e+01 8.327793009428762616e+01 6.954967365809559965e+01 5.037001000640752579e+01 4.064353586877512470e+01 2.446789169782561046e+01 4.704420650943785631e+01 5.805111470807122487e+01 3.684174547946894052e+01 4.959110888410031492e+01 4.941842898961019159e+01 6.396453948772663267e+01 5.238082800767031699e+01 4.401014957730320987e+01 2.757723691791264997e+01 3.760053322006793053e+01 5.772192812971864129e+01 7.075374999147388166e+01 5.065570349047114718e+01 4.838459135832138713e+01 2.819946804730957979e+01 4.838459135832138713e+01 5.260121391016828341e+01 4.427003829920581524e+01
3.411803931810562015e-03 2.000341180112752326e+01 3.821773754226963149e+01 4.646834723920439814e+01 3.852594948301297251e+01 5.273402464153385694e+01 5.315706295367397871e+01 6.146993338291185438e+01 5.758596832626199813e+01 4.014954731250348630e+01 4.729021549615793418e+01 4.559622155533777033e+01 6.332463965561928632e+01 7.718497068027639330e+01 8.478001989597100874e+01 8.231285223417204122e+01 7.124587892698562541e+01 5.179730478209950206e+01 2.923066306813391790e+01 5.179730482991482887e+01 6.464254302029995358e+01 4.321764182930436249e+01 6.464250707859787326e+01 7.017784987820434139e+01 6.876065682533092627e+01 6.033076680397420688e+01 5.037000709948387112e+01 3.028251621915982028e+01 5.037054872844232278e+01 6.612163157499396959e+01 7.906235452345531201e+01 6.573636234178964344e+01 4.564183220899041515e+01 3.140370026535915926e+01 5.152738382012989860e+01 6.216029495451574149e+01 4.200137324065509858e+01
3.327314952832964925e-03 1.155054207450724491e+01 2.570076239000438534e+01 4.582809224825204808e+01 5.864116427575761037e+01 6.397688095210803993e+01 6.333191101446112725e+01 5.349640920641306252e+01 4.550330032987923801e+01 3.063886688018780191e+01 3.397787206172350949e+01 5.281969462670334536e+01 6.240476780286702052e+01 5.901984649333248001e+01 7.488264524343348683e+01 8.317550516383677461e+01 7.054284840261469469e+01 4.754012025777558392e+01 3.425259701310179139e+01 5.695548588742221341e+01 7.246543975193021936e+01 5.096707693274045425e+01 7.246541904185217220e+01 7.888791963725982725e+01 6.033113550318194740e+01 4.020691596123467804e+01 3.443068151205497429e+01 5.037005864165872993e+01 4.445937243769814984e+01 6.464058000897587419e+01 7.542562408973627441e+01 5.531462283304479399e+01 4.372584942328892765e+01 3.473792775071997596e+01 5.483060009157363623e+01 6.933420085923867759e+01 5.184034455657366891e+01
6.779948344387334673e-03 1.414891557916976517e+01 3.414892257093030281e+01 4.983732504157072185e+01 5.825467639692250543e+01 4.438827463707458776e+01 4.958394705956219894e+01 3.583614745720072392e+01 2.626018675350524134e+01 4.550330485432247229e+01 5.281969462670334536e+01 3.953807858699503441e+01 4.420760231081440139e+01 4.976296251984125263e+01 5.992754159765547683e+01 7.737598090476653567e+01 7.915837747955234249e+01 6.304425238235567264e+01 3.994365411801302201e+01 6.305693193462885660e+01 8.108267651903275919e+01 6.494243478961030291e+01 8.108283831701270117e+01 7.050592277456101442e+01 5.019276102125443373e+01 5.796011782652824706e+01 3.787061615480175902e+01 5.795995589820251581e+01 6.464050214685079254e+01 7.304295011277943672e+01 8.373157718020875961e+01 7.213040414778942022e+01 5.849552085794154266e+01 3.842193284468987713e+01 5.849552085794154266e+01 6.413523971162338455e+01 4.515009598657593415e+01
9.516927588586143695e-04 1.000095169762923497e+01 2.154795767591323141e+01 4.154882208771312690e+01 5.012451809981023132e+01 3.054966439264686073e+01 3.774388172656923501e+01 2.209434945413631368e+01 4.152492387897177650e+01 5.349644290377537459e+01 6.583336314598804506e+01 5.261068105722256405e+01 5.326576554389672680e+01 6.745642829833916210e+01 6.070282951068059418e+01 7.640139796798878535e+01 7.360700486013647037e+01 5.085467090988234418e+01 6.315912477108516043e+01 6.395041140852062256e+01 9.134528326451007274e+01 8.534212457029221355e+01 8.502477873468474456e+01 6.449212982305994046e+01 7.050600345355233856e+01 6.190624645486222732e+01 4.178485957583999522e+01 5.051536237443706057e+01 6.215037188363043441e+01 8.254640410543841256e+01 9.232590956994611986e+01 7.658090489873838180e+01 5.646817575525006561e+01 4.228354215713482489e+01 6.235905773320951795e+01 6.225555680400144354e+01 4.222251092196479760e+01
1.945935296826602993e-03 1.154895131938408426e+01 2.569108709407971958e+01 4.569114649672552275e+01 4.269527511642034057e+01 3.454248978878314347e+01 1.815416030053034291e+01 3.774388172768652794e+01 4.958395072979835305e+01 5.079022866689961546e+01 7.037664628935146993e+01 7.125265367256545801e+01 6.736471107378187639e+01 7.907766471185109936e+01 7.542023652365770658e+01 7.557061662659346268e+01 8.156695734747859206e+01 6.663245322657799363e+01 6.807544083897271037e+01 9.066278367455166176e+01 1.011802699103612895e+02 9.621343542362600942e+01 9.351356568026815808e+01 8.502477873468474456e+01 7.362876084217349160e+01 5.332477033089329410e+01 4.647257051757582502e+01 6.666584747960531843e+01 7.919531179203126214e+01 9.095458086810802456e+01 8.402949613024041753e+01 6.391748774486364937e+01 5.385670179446498196e+01 4.713239619540401293e+01 6.723455064425381522e+01 6.863233156617199882e+01 4.846719919150885403e+01
5.600688922766023682e-03 1.414773631590078118e+01 3.414773948708442930e+01 5.159039890207505152e+01 3.454248930087001668e+01 1.485941087897207424e+01 3.454249054869855939e+01 2.556685766859342834e+01 3.122612049813096746e+01 4.505640705647245881e+01 6.463518216985386289e+01 8.155153860269747668e+01 8.437106202320113368e+01 7.914484893093748497e+01 8.532352789406439797e+01 8.891515947455643243e+01 9.256765842228276142e+01 9.333959946091192705e+01 9.118636209102633927e+01 1.008359654912047603e+02 9.249533847253769636e+01 7.770095788667873649e+01 9.248734430845672705e+01 9.030927098816887622e+01 6.987990173466569388e+01 7.362876084217349160e+01 5.462843248994329315e+01 5.541512546246787707e+01 6.977244839425334533e+01 9.024210767995747062e+01 9.232590956994611986e+01 8.228201571228426303e+01 7.243300476423647183e+01 5.229949901737637674e+01 7.243300476423647183e+01 7.579812483836647630e+01 5.553020077696792356e+01
8.215197286175309616e-03 1.415035082540635081e+01 3.415035567428076746e+01 3.758510028648272794e+01 2.357913574638670084e+01 1.259967470982955007e+01 3.234045711701563874e+01 4.514291757159781326e+01 5.079072226007875912e+01 4.251848041381069976e+01 5.380781470162322222e+01 7.340692043951554524e+01 7.377350214408593843e+01 5.589097672131860861e+01 7.377334404423325509e+01 7.103271521482984951e+01 8.126573399495683248e+01 9.328893428159334178e+01 8.501327026633265405e+01 9.332850483500786254e+01 8.430993258072220442e+01 6.497892221399122548e+01 8.248482692242508563e+01 9.069708419041946001e+01 9.030927098816887622e+01 8.340560007597204617e+01 6.473542634552143227e+01 7.576787279045785795e+01 6.711399190716286967e+01 7.893636382889613401e+01 9.940941623774627089e+01 8.884430616856633378e+01 6.874464894075171628e+01 5.900273328120491811e+01 7.914815835534369626e+01 8.416564930992863935e+01 6.565291900765213029e+01
2.613274238814250559e-03 2.000261327418395751e+01 3.476560786030827188e+01 2.653437205857083825e+01 9.570941558226532919e+00 2.937978967872377467e+01 2.315578456317374290e+01 3.710937888714095578e+01 5.683718252963957696e+01 6.209108841734367701e+01 7.022718891993325485e+01 7.238824982687869181e+01 6.484500325060764681e+01 4.361215748606023368e+01 6.484500325061502224e+01 5.218271782584536567e+01 6.965077018317619206e+01 8.329735834017370166e+01 6.506061847933796116e+01 8.329735834017370166e+01 7.669458583499303472e+01 5.713365971366526708e+01 6.268391956021838496e+01 7.667322817421668901e+01 9.652385292132909456e+01 9.361665715216923900e+01 8.520544442827466014e+01 9.361665715216923900e+01 8.758929391836340983e+01 9.598988533931729705e+01 1.077550748450232732e+02 9.713738103025303872e+01 7.914840225047063882e+01 6.909783191753409426e+01 8.745022647255706261e+01 9.429059771597817985e+01 8.002432761842676712e+01
7.532853315450405325e-03 2.000753252752119238e+01 2.375131936565464130e+01 6.665562601429753542e+00 2.653436929556707469e+01 2.574556209717837163e+01 4.288751282019374145e+01 3.926695399829550581e+01 5.899715925100898772e+01 6.201451560836311927e+01 5.389441718395853798e+01 5.283867116368331551e+01 5.659887574413694011e+01 3.602279440394315202e+01 5.659887574413716038e+01 4.088277829679974218e+01 6.066765029539325127e+01 7.502909284245197341e+01 5.507353759315684982e+01 7.149747614485555403e+01 6.327081494299537212e+01 5.019498415961538740e+01 6.416082935092424577e+01 8.397082003466996980e+01 9.617639527389640364e+01 1.001487768042316020e+02 9.192140730403627913e+01 8.795270683269495748e+01 9.458515445966381208e+01 1.021126108010132469e+02 1.103307652404911749e+02 1.075096652954061796e+02 9.748748434662761042e+01 8.919848479315332668e+01 9.748748434662761042e+01 1.062289739415337237e+02 1.002330681096978680e+02
6.101047412966256744e-03 1.912191800872322656e+00 3.824276973332085827e+00 2.375131936791007092e+01 3.476557203642979488e+01 4.555020834529837259e+01 5.375829209761078431e+01 5.899715912965913844e+01 5.309704560001491558e+01 4.479322864655828340e+01 3.442328348317749231e+01 3.907664456721765589e+01 5.037080803118641370e+01 2.997829334649205890e+01 4.235077461656864983e+01 3.205857771481904450e+01 5.237091839896963563e+01 6.797129151046588902e+01 4.798504520735730239e+01 6.327081085278431516e+01 4.337832104263340938e+01 6.327081084229821784e+01 7.817335566627143351e+01 7.628639680064073048e+01 7.628639677701256971e+01 8.821321340629246777e+01 7.203090365591039301e+01 6.806963624858906314e+01 7.468778305483348845e+01 8.219679744625409512e+01 9.628392040015313569e+01 1.161840682075265363e+02 1.118952484562376100e+02 1.003545606937746157e+02 9.208502301156363501e+01 8.622640671083047437e+01 9.468048636640351390e+01
6.842009524227352091e-03 2.000683266636043811e+01 2.375131713541213685e+01 1.447494626030567133e+01 2.444042260344573592e+01 3.853036905386736777e+01 5.845758574282385922e+01 5.366269845317354026e+01 4.141699750621282305e+01 2.462156133871772568e+01 2.298869083299091187e+01 4.264788751091256103e+01 3.866317629586725957e+01 4.002518103617176592e+01 2.213274572032543475e+01 4.235066955109458320e+01 5.296995024230168525e+01 6.164938045885625684e+01 4.163941334781251413e+01 5.347853477628414254e+01 3.911590633228946956e+01 5.323843605048328698e+01 7.315615909718762566e+01 5.637315285168251933e+01 7.016738699558226244e+01 6.832434863330017549e+01 6.055333944372024746e+01 8.043761966847357314e+01 8.430094194425277010e+01 1.021126108010132469e+02 1.103307652404911749e+02 1.043276499127451302e+02 1.036396456780327782e+02 8.362645215742102778e+01 7.202544322337541871e+01 7.202544322337541871e+01 7.463136857744392216e+01
1.934550753332892102e-03 1.414407020486770072e+01 3.414409184158914456e+01 3.440366758576880812e+01 4.265892404733162380e+01 5.262297317978472933e+01 5.203792490545365723e+01 3.959676287249342863e+01 2.539386513220325270e+01 1.287871297456910291e+01 2.930573848894713151e+01 3.609163704048553711e+01 1.839281975262017355e+01 1.992074373813850485e+01 4.017442125237814565e+01 2.452915354939941395e+01 4.469095722150937888e+01 4.875795246582966769e+01 5.069838709598269588e+01 3.345055522141433357e+01 3.595790581288562748e+01 5.597385999246144195e+01 6.221045846673708013e+01 4.636064322223985812e+01 5.022655774858665723e+01 5.423827452985009501e+01 7.414966239942728521e+01 8.866970315994973362e+01 1.042011972468739884e+02 1.124147125625233912e+02 9.851235657787573530e+01 8.445761147794070212e+01 9.851235657787573530e+01 9.534663292668074064e+01 8.050361922102230494e+01 6.042271620631437656e+01 8.050361922102230494e+01
4.364784840791047053e-03 1.998902168567055071e+01 2.253709427215407501e+01 2.365158216555737525e+01 2.479515937274357640e+01 3.315582323706674828e+01 3.780363497492542990e+01 2.356947802249256796e+01 1.104766463085344164e+01 3.130115143177735604e+01 1.477085181477574949e+01 1.625343554734344664e+01 3.653733702310458398e+01 3.167827218909749831e+01 4.846059329007414362e+01 4.466046951636722895e+01 2.694589651320591273e+01 2.867616946368800512e+01 3.064508481165923470e+01 5.069838961646993170e+01 5.597386011322163313e+01 3.958576094829562209e+01 4.221824022797535747e+01 6.221045849440281472e+01 5.368285584208075534e+01 7.360391794469830984e+01 8.238278525136610142e+01 9.884901446473857334e+01 1.103296980357178825e+02 9.921749223864276246e+01 8.959990793130799602e+01 7.032871932543640980e+01 8.959990793130799602e+01 8.707012806451652409e+01 6.700131504839997376e+01 5.541360867816741376e+01 7.548339346734533706e+01
5.219006137575642711e-03 1.137515831001588928e+00 2.271737807343459981e+00 3.417350730042391316e+00 4.569153351578929545e+00 2.478871258851551573e+01 2.767575493411600718e+01 9.230470763326129813e+00 2.947725933021940392e+01 3.861181184046119341e+01 1.799758020178517626e+01 3.653910612721708873e+01 4.488768624619491732e+01 5.178882312293480084e+01 6.005380447105547148e+01 4.705291338567722903e+01 4.119157150546057267e+01 4.875655977763587146e+01 3.380032421300612810e+01 5.335801380826656271e+01 6.716339078056218170e+01 5.374436761448973954e+01 4.931416907182671849e+01 6.926256926745574560e+01 7.360391794469830984e+01 6.183291610159933072e+01 7.072873340733424641e+01 8.220788138827703051e+01 1.021126778592644513e+02 9.097705621031737167e+01 7.102911215446964377e+01 6.135671454281894199e+01 8.135608486686065532e+01 8.529067845075778109e+01 6.522741296518111653e+01 5.104842122233446133e+01 6.934668927889732970e+01
