LEM/sinusoidal_perturbations/elevation_000563.asc
nrows	100
cellsize	150.0
xllcorner	0
ncols	100
yllcorner	0
NODATA_value	-9999
[rows 17 to 33 of 100, columns 37 to 73 of 100]
7.090512687524692126e+01 7.979551025656539309e+01 9.196785438520325329e+01 7.197063611648198389e+01 5.777821592953785057e+01 7.050251590484320730e+01 6.450566786458503543e+01 8.124276365304223191e+01 8.497163749564954571e+01 8.143151534208651299e+01 6.601321397774179900e+01 4.604016934462288191e+01 5.183609617727063323e+01 6.809350418342953049e+01 6.785333284781435736e+01 5.256057336972255456e+01 4.933030106338971876e+01 4.672024725048322580e+01 2.992247371944624135e+01 5.029979090658324736e+01 6.308689694714235685e+01 7.007272587303891953e+01 7.899188257618750697e+01 8.868562952072799987e+01 9.887728545678750436e+01 8.227657645298948808e+01 9.492731345026032841e+01 8.669678328054023098e+01 7.625074627121421145e+01 9.601261980247920746e+01 9.096402493886107266e+01 8.409071444272863971e+01 7.214230414183842299e+01 6.582782093006045443e+01 4.705239190084727596e+01 6.677848145265276969e+01 7.640791211425509744e+01
5.168164949948960185e+01 6.569984756573144580e+01 8.561412933866684227e+01 8.613300837899784312e+01 7.050251590484320730e+01 5.035893530050267231e+01 5.284928489751175107e+01 7.226395820366268197e+01 6.521740618729194239e+01 7.917596711157885636e+01 7.434480870009402054e+01 5.975576179037395974e+01 3.989790961962721383e+01 5.434578257887995534e+01 5.983905485714741701e+01 3.994075339771033128e+01 4.783396792695677391e+01 2.925663869923714344e+01 3.207861665130027262e+01 3.633882361892975155e+01 4.202344639617188449e+01 4.859815265451155852e+01 5.801306852920321688e+01 7.344952170753064991e+01 9.521035818621570002e+01 1.020599132588084359e+02 1.103272391310250953e+02 1.034822303853163561e+02 8.371949839263328386e+01 1.034822303853163561e+02 1.072358906647260852e+02 8.740916187416723915e+01 8.572004004775153874e+01 7.119442478296200250e+01 5.116845336961610258e+01 4.823053703610262488e+01 6.825003172131988549e+01
7.090512687524692126e+01 7.979551025656539309e+01 8.794989849272299409e+01 8.573248801677364384e+01 7.879795233846009239e+01 6.396412528521680230e+01 4.375425049042102899e+01 5.856118485400678964e+01 5.053971550403468171e+01 6.490505036601706479e+01 8.434615390867227802e+01 6.809350418342953049e+01 5.434578257887995534e+01 3.500521610774833192e+01 4.942915057055629546e+01 4.713840174198131194e+01 2.855931391759865789e+01 3.221656386096457680e+01 3.960580987679099962e+01 5.646474479349487297e+01 6.328182044028235964e+01 7.007272590944390345e+01 7.899033260797924072e+01 8.868037892094628205e+01 9.648723848354863719e+01 1.048371365657960297e+02 1.079469542926135546e+02 1.117596401489870459e+02 9.765848495334908819e+01 1.117596401489870459e+02 1.034158153114784540e+02 8.740924956585874384e+01 6.759051333592030630e+01 5.756059818498117409e+01 7.117061844012997085e+01 6.424745282704967053e+01 4.942221346846422136e+01
8.616224834550020262e+01 8.794989849272299409e+01 6.732371067543802212e+01 6.505130980787879480e+01 7.958632370579852022e+01 7.226395856949623919e+01 5.856118485400678964e+01 3.835817952401633590e+01 5.067727449441770915e+01 6.827993880770091550e+01 6.860815630783737618e+01 7.695360886842053105e+01 6.265436187532039014e+01 4.942915057058620931e+01 3.078590577025223496e+01 2.783118409381101444e+01 3.194581286702510425e+01 4.191180476790039222e+01 5.880425565307519520e+01 5.338415791515815556e+01 7.196777195477163502e+01 8.728521068183719933e+01 7.896604461745457115e+01 8.728521068183719933e+01 7.644916865958883534e+01 9.324779719834400282e+01 8.785068231554056695e+01 1.020816131161802645e+02 1.175419955909800933e+02 1.091786693912608257e+02 8.936133966653596872e+01 7.539062036786131671e+01 6.544739587773015899e+01 7.749989430645211996e+01 7.814486236574593647e+01 5.807621335629554693e+01 6.948666334831682434e+01
6.590593742584741221e+01 8.025892162547485498e+01 7.110868666233659496e+01 5.049390375942789433e+01 7.110868666233659496e+01 6.946333631544442255e+01 4.937351631512245120e+01 3.516603133155217620e+01 5.525768836039961229e+01 6.518780996648166592e+01 4.813340514231149569e+01 6.518780996670824379e+01 5.847839807465712880e+01 5.596306583094396103e+01 4.100094932356722666e+01 2.730808806028866087e+01 4.118813221365964239e+01 6.052717201478594689e+01 5.817878494612410378e+01 7.195091195295931641e+01 7.983211102521168812e+01 7.725548355854265026e+01 5.891418473213541063e+01 7.725548355816006563e+01 6.489038267931790926e+01 8.428039537942042614e+01 7.372335532882507891e+01 9.205545492414277930e+01 1.062497562450911914e+02 1.155665178147562528e+02 9.927000768337225622e+01 7.948254932321059130e+01 7.691887999664780295e+01 9.350743215375931072e+01 8.504384332638424837e+01 6.486112036697518590e+01 8.442179958428702946e+01
5.171029041845847729e+01 7.183855708910677151e+01 6.423709236136707545e+01 4.430237897138770364e+01 5.573690201119229926e+01 6.415817320251689182e+01 5.219314020151477251e+01 3.212300872481161207e+01 5.219314020151476541e+01 5.678705321080200719e+01 3.579758014181127379e+01 4.557154225667967040e+01 3.834858783679513294e+01 4.661543980492439943e+01 4.579125047148148298e+01 2.678082168781075367e+01 4.033883155517633412e+01 6.008664863283922841e+01 7.795658581588386937e+01 8.594048270668217526e+01 8.006840758117070322e+01 6.894023400767262899e+01 4.881995175935281139e+01 6.523257312361349136e+01 5.588950062671509755e+01 7.372095424437569022e+01 6.371185877381758189e+01 7.786115360319439560e+01 8.712380522809046113e+01 1.070409790305908473e+02 1.075323149843078738e+02 9.927000768337225622e+01 9.669715285105118596e+01 1.049518402564751938e+02 9.336570127230571359e+01 7.499586759988886797e+01 9.336570127229259697e+01
4.398109404508156928e+01 5.593290599425088772e+01 6.428074024458491920e+01 5.573690201119229926e+01 3.681889382959470680e+01 4.882902212844010137e+01 4.923341664324956213e+01 2.911252242175801896e+01 4.923341664356036063e+01 5.691820560791538952e+01 4.554545614822775690e+01 2.414999444125678707e+01 2.412016688171999590e+01 3.298266762143119735e+01 3.621702062219209495e+01 2.625294105031947467e+01 4.849583778906269771e+01 6.068799835952496124e+01 6.901285513661623838e+01 7.359406002875105912e+01 6.584693934532147352e+01 5.162547110930162120e+01 4.162074163792637904e+01 4.508280035602628999e+01 4.922065741830027008e+01 5.364143902675299103e+01 6.002606051058392467e+01 6.712880265025125937e+01 7.865997552892025624e+01 9.868561161046213215e+01 9.935825650473242376e+01 9.831098526883663169e+01 1.065804331665828926e+02 1.108124397326364345e+02 1.034124969164005279e+02 9.509181905287962877e+01 1.034124969163687950e+02
5.593290599425088772e+01 3.549409128256630908e+01 4.890486614309710234e+01 5.593959296975041440e+01 4.807651554036197439e+01 3.031198490640427678e+01 4.630459019224963413e+01 2.611501689633806578e+01 4.245508747984214182e+01 3.693571801164550550e+01 4.318701408419305210e+01 2.358706386764565366e+01 4.370579416736823219e+01 2.465683799914459939e+01 3.032292881852827549e+01 2.572573397586260668e+01 4.571070608098542465e+01 4.056183008477600538e+01 6.068645847123269021e+01 5.343942912240024157e+01 5.344046632761035198e+01 3.712729631985484247e+01 5.751874714767744479e+01 5.935611038516888271e+01 6.346933717305837064e+01 7.372095424437908662e+01 8.005450427177403583e+01 8.712380522809046113e+01 9.545448286938484728e+01 9.349886813432863164e+01 7.937071051107736253e+01 7.832318175452323317e+01 9.504445858440192296e+01 9.091074857115170005e+01 9.456277694460936800e+01 9.652579943411797103e+01 1.048017594345082131e+02
6.428074024458486235e+01 4.890486614309710234e+01 2.822646863217176261e+01 4.234511802564947658e+01 3.302486440421571245e+01 2.568581581532787084e+01 4.146802658624393700e+01 2.368499188879632555e+01 2.225743067874434189e+01 2.265020060890669029e+01 2.304001193181549212e+01 2.566381321354636569e+01 5.098134459646463768e+01 4.335224121218628568e+01 2.519367795923838216e+01 4.558386041998463867e+01 2.647957874369399534e+01 4.641983776675326112e+01 5.546923561864399943e+01 5.343804931141028902e+01 3.296335896637236829e+01 5.344046632760651505e+01 6.584693933985496983e+01 7.941960916592805120e+01 8.350851536294858590e+01 8.399579200656941680e+01 8.399151159832098301e+01 9.225192343760305391e+01 9.427514324281897018e+01 8.349242499028561326e+01 6.519637292348690494e+01 6.674787078732732937e+01 8.677102152933839818e+01 7.694360924642596444e+01 7.478288527327296720e+01 7.677579757722742215e+01 9.042502926992089840e+01
5.624867747724529465e+01 5.024676295306340990e+01 4.129253125558142301e+01 2.129549475598447827e+01 2.055309396908529607e+01 2.093832505875604255e+01 2.132219649962877028e+01 2.170662347153563232e+01 4.193809933576594062e+01 4.091762489978537332e+01 2.545558390000758564e+01 4.465263157213416179e+01 5.810132562752139052e+01 6.224974133370098883e+01 5.486997126772359934e+01 5.453058107124704179e+01 4.644793528211116751e+01 2.723196706543230405e+01 4.719258160674132796e+01 4.847583111904833686e+01 3.083749105897994269e+01 5.070478417848796937e+01 6.415043379827659464e+01 7.258723606453003185e+01 7.806050952665172815e+01 6.386913521790096837e+01 6.386909561570045213e+01 8.399151159832098301e+01 8.600022547725258448e+01 6.595768832285470751e+01 5.510938570414511162e+01 7.521065005841387574e+01 8.318836546356742190e+01 7.495732012712205972e+01 6.071025327149152417e+01 6.532447925770996733e+01 7.066680615182028191e+01
3.617681628211325062e+01 4.191050685662519015e+01 2.259820970010256502e+01 2.000368929066657486e+01 4.019899924718101403e+01 4.221260443190094946e+01 3.926073451984848361e+01 2.135611973717688983e+01 4.405783930531986670e+01 5.236346501955582511e+01 4.468978374099449269e+01 3.038186536470467303e+01 5.036429407643680634e+01 6.496144210977247724e+01 7.636783274536767863e+01 6.138339124168970073e+01 4.132688259190268099e+01 4.544559314050834331e+01 2.797637032443373428e+01 2.850173343414095939e+01 2.901820455453188430e+01 4.889896313733652988e+01 4.388996742163664067e+01 6.415098360710111081e+01 6.976281480315347494e+01 4.974510444254983099e+01 6.976281480315347494e+01 8.443911856555244810e+01 7.600599887722630399e+01 6.920039138766124154e+01 4.948651499032426671e+01 6.731456264666998379e+01 6.981058200059885621e+01 5.500349748801903615e+01 7.495732012712016967e+01 8.514442202139370863e+01 9.042502926992089840e+01
4.806673535607997394e+01 2.804833607414121843e+01 3.984488167562889060e+01 1.961613485356347297e+01 3.354616675925689862e+01 5.240763336983559384e+01 4.373238082264849425e+01 4.405783931414649146e+01 3.308032333221221677e+01 5.293883630274263652e+01 5.867856619542937580e+01 5.036429407643680634e+01 3.664279929013790138e+01 4.848050585378398836e+01 6.826945266509437715e+01 6.947395395544769769e+01 6.124342847370828480e+01 5.114457443478935517e+01 3.119313626815112528e+01 4.846582939598393835e+01 4.901143432352861140e+01 2.974907774328167775e+01 4.966815918047314682e+01 5.884365586521257541e+01 5.577183199417833492e+01 4.379632090996433647e+01 6.343202480248410069e+01 7.616870949432185967e+01 5.600481538860348252e+01 5.827207278525199996e+01 4.468212338764991642e+01 4.716194580609835896e+01 4.968738775928499507e+01 5.321487224033939611e+01 7.330857560680313156e+01 8.677252871926275191e+01 1.009928306494250165e+02
3.956752483057519498e+01 4.787631736916358705e+01 3.935381296192677070e+01 1.923052310546551169e+01 3.482973068078921841e+01 5.734981022794593031e+01 6.333862472161879964e+01 5.293883629707429606e+01 4.705556256927064140e+01 4.705556256927063430e+01 6.714231554124421564e+01 6.503823260434297993e+01 5.672656330191543361e+01 4.450558587273978617e+01 6.461202165809322651e+01 7.097614275933523231e+01 5.639503041265680139e+01 3.622195936530585669e+01 5.127222559991754736e+01 5.127037692458819151e+01 5.810251548070544914e+01 4.976472624953554202e+01 3.047563301572105487e+01 5.056618677354508407e+01 3.654631063773907584e+01 5.531809463215050471e+01 7.051836926213461254e+01 6.724291430487002685e+01 5.896115143107670775e+01 4.157451906735098390e+01 4.878768203454809083e+01 6.731456264666998379e+01 6.981057612968879766e+01 7.330857532094559303e+01 5.843177958458613830e+01 7.848703353236319913e+01 8.099395098838147078e+01
5.914286140932122038e+01 5.491940488337959891e+01 3.443026348037783180e+01 1.884850017878069295e+01 3.929443160670645341e+01 5.880782674321796577e+01 6.792200786466648310e+01 7.300746111590412113e+01 6.714231554124421564e+01 6.714231554124421564e+01 7.543432647132485158e+01 7.407033309708579338e+01 5.400622462582785488e+01 6.461202165809322651e+01 7.291401666784966551e+01 6.276597842984091358e+01 4.261927184100625965e+01 4.296673706614638633e+01 6.310917708589926889e+01 7.128571419805807352e+01 6.074426713991078941e+01 4.066314480569302248e+01 3.856675357746287602e+01 3.121013842792265791e+01 3.173537225378542814e+01 5.076951198648499286e+01 5.985860569427364908e+01 5.621479192929356827e+01 3.869769249270007805e+01 5.896115143107672196e+01 6.892901207789871876e+01 6.045272925765828376e+01 8.050540215128164334e+01 8.675338031836216146e+01 6.742711025669102298e+01 6.464906339014775938e+01 7.001508825993147411e+01
5.461901294298686338e+01 4.844923175757269007e+01 3.671054656643951830e+01 1.847133388955611011e+01 3.000747596524358585e+01 4.023874730534891597e+01 5.301251208108588742e+01 5.947038099446668724e+01 6.796156489529640510e+01 7.713996249662432092e+01 8.898387761939082452e+01 8.163861699655096515e+01 6.161481994703178344e+01 8.163861699655096515e+01 6.985753786629543072e+01 4.979957879948092625e+01 6.276597842984091358e+01 5.063955437242104551e+01 7.068603431192666164e+01 7.491693674555560278e+01 5.487375517422520232e+01 5.458578791723205370e+01 5.742966493040831466e+01 5.134895653181271769e+01 5.190379817518299888e+01 3.249770570663426383e+01 5.170147102531873173e+01 3.595492549658154502e+01 5.621627762993093569e+01 5.306725823416227428e+01 7.319026832224724899e+01 7.464741921257866863e+01 8.050149958833569031e+01 9.564542925786589933e+01 7.898254777451887776e+01 7.621299254165174375e+01 9.000685277067236711e+01
3.446826595318148634e+01 3.226757692523381138e+01 3.705853170093356397e+01 1.809962531416495679e+01 2.275820166901843322e+01 2.744424645056281520e+01 3.275526215109166372e+01 3.904880639738666304e+01 4.810930261149234610e+01 5.997232901177693520e+01 8.052936141413886162e+01 8.993745541734436699e+01 7.577989245892408121e+01 8.993745541734438120e+01 7.519837954525242196e+01 5.521477982559635933e+01 7.519837954525242196e+01 6.073088942038216231e+01 7.885997718851443494e+01 8.323914911378179227e+01 7.491693674555560278e+01 7.470705997213335081e+01 6.798042442434774557e+01 5.613711954628466572e+01 3.595058314899425511e+01 5.166384650250793698e+01 3.329348881100412427e+01 5.365860973838243098e+01 6.452934063177255553e+01 7.319026832224010093e+01 8.147994944563815523e+01 9.464782800980793809e+01 1.004549628201604747e+02 1.071019696000685286e+02 9.895540584144180229e+01 9.621525550211816835e+01 1.045308838904333300e+02
4.312366894556350161e+01 2.328986166789351131e+01 1.758292727208474204e+01 2.364164244848370444e+01 4.177411069814846911e+01 4.162101400306686116e+01 4.700922408681883269e+01 5.947038099446668724e+01 6.796156489529640510e+01 7.360367169807183529e+01 8.187081349363367622e+01 9.179514108296761776e+01 9.578282923349614464e+01 9.134439080177592984e+01 7.156964632194153353e+01 6.234233862656948588e+01 8.222958179809943147e+01 7.486165475446003370e+01 8.877510452543191377e+01 9.238278510457016068e+01 8.574496801712420790e+01 7.164414330921098895e+01 5.970112178186413843e+01 3.953434407627833025e+01 5.613712216245098574e+01 5.408297262008257178e+01 3.388867640730022401e+01 5.412779651324317598e+01 6.984361815704355081e+01 7.835982116816629173e+01 8.994893140679863563e+01 8.994893140679863563e+01 9.831412034151492207e+01 1.054173611615212138e+02 9.707201570749604969e+01 9.706876907454734749e+01 9.706910182916010399e+01
