LEM/sinusoidal_perturbations/elevation_000241.asc
nrows	100
cellsize	150.0
xllcorner	0
ncols	100
yllcorner	0
NODATA_value	-9999
[rows 17 to 33 of 100, columns 0 to 36 of 100]
5.222468517465790779e-03 2.000522246851711117e+01 3.585093069250929432e+01 4.479528799353614232e+01 5.634236544234252619e+01 5.731538840241363175e+01 4.023769055762135594e+01 2.078931974230521007e+01 3.309904036030220453e+01 3.597883474413004734e+01 1.875552042303940681e+01 3.169679970328929031e+01 4.963469353114435734e+01 4.107896947300901758e+01 2.197461019982274877e+01 3.628949711253088140e+01 3.459066413546562302e+01 4.697169770585887960e+01 4.225697526163840223e+01 3.139223514017698236e+01 1.090974487397203774e+01 1.171850214848445226e+01 4.130163900800300070e+01 5.914287180530595123e+01 4.759598267559685070e+01 3.804937151174539167e+01 2.905543949528445680e+01 1.734157712338107160e+01 3.757387852068674761e+01 3.861299115925013581e+01 2.202948499096298107e+01 3.948615761161475746e+01 3.230950671395118690e+01 4.943854037004905422e+01 5.483297162332441843e+01 4.801811238075191568e+01 3.465325977110271793e+01
7.333276091007126865e-03 7.566622736275584238e+00 1.651089464627489889e+01 2.805790003039909308e+01 4.805791063696590726e+01 4.909641099765298833e+01 2.930474159898606246e+01 4.023769055762135594e+01 4.855997118485568365e+01 4.364961001629505688e+01 2.346905356253820685e+01 3.277207398904008073e+01 4.904990151896291195e+01 4.460716955352583568e+01 2.570365835446991554e+01 4.282217972037671672e+01 5.318237969924038566e+01 5.730214272648819218e+01 3.267040975588923857e+01 1.161672860646591410e+01 2.515409627653000157e+01 2.353794420425283107e+01 4.168776130160918569e+01 5.107184535508336864e+01 3.083232900436535218e+01 1.821548190458682015e+01 1.682734062318477442e+01 3.712640841153686466e+01 3.655879883975031674e+01 4.861521846347248044e+01 3.693574154573129675e+01 3.673526510724840932e+01 5.068927397880152341e+01 4.104038367966985135e+01 5.139144886787659772e+01 6.072511709802214597e+01 5.315199664771664345e+01
6.343274376862209282e-03 1.414847889810768677e+01 3.414847889810697268e+01 4.291812559228957014e+01 5.446513101832002945e+01 5.750316894798783096e+01 4.325238474309663417e+01 4.325238474309663417e+01 6.320513844027291128e+01 4.940239497660842716e+01 2.940126214121423942e+01 4.212112661748625442e+01 5.596308297240386764e+01 4.832502793648708206e+01 2.944277795238280504e+01 4.832498329724009523e+01 6.153055643019862941e+01 4.731053222004694447e+01 3.488635481674018735e+01 1.212310277239410716e+01 3.062620118264861091e+01 3.795999922507981239e+01 4.618056560120525234e+01 5.226852280532924055e+01 4.558787767955442405e+01 3.647652899387881575e+01 1.645272953972181540e+01 2.911081541514687032e+01 4.724258370290750975e+01 6.184556312034606407e+01 6.092668113848484523e+01 5.684810716497657523e+01 6.377341609374075659e+01 5.003143693578227413e+01 6.588870942512217255e+01 6.866250096113193990e+01 6.696873231323034759e+01
3.497053469895897767e-03 7.074564865335401187e+00 1.463385432552001220e+01 2.618085970931273110e+01 4.618085970934486539e+01 6.186056203586127822e+01 6.320513844027230022e+01 6.320513844027290418e+01 7.175395315278112207e+01 5.651832809445557615e+01 3.639143261336071333e+01 5.651832809435354932e+01 6.861518100059706171e+01 5.229819635350141738e+01 3.333497559637737595e+01 5.116551114708242665e+01 5.465360302463366082e+01 2.750013491190578208e+01 1.666035443064671639e+01 1.262894185124410917e+01 3.178075263496222647e+01 3.461648898666004470e+01 3.289489383822789392e+01 3.258611061151926691e+01 2.977910807949981020e+01 3.598768407107252187e+01 1.606902087503615917e+01 3.646037510679855842e+01 4.694719828394291028e+01 5.534751249555033326e+01 6.350896640677778748e+01 7.377500999766272116e+01 7.520689489279868667e+01 6.791239645905699263e+01 7.520689502219885014e+01 8.502616931746183582e+01 6.869259702085614094e+01
9.635555453094322986e-03 2.000963555545273920e+01 3.463385432552676235e+01 4.291812559228987567e+01 3.363352447781932852e+01 4.524812767304779726e+01 5.156270800174963398e+01 5.982416152688767141e+01 6.874577260834409742e+01 6.471367524580870167e+01 4.812017160083071587e+01 6.471367523116769860e+01 6.310646833603104966e+01 4.425240167949041137e+01 5.229819635710546066e+01 4.094150284004975759e+01 5.855757483689581022e+01 4.731232598459446592e+01 3.126620960981687602e+01 1.285708551229499719e+01 1.329387574505599012e+01 1.380298908176972184e+01 1.426197047389445061e+01 1.470074428101527531e+01 1.511985052113907457e+01 1.552133829550623467e+01 1.762036264309656630e+01 1.853522030284402078e+01 3.877280251428277325e+01 3.540108572351500982e+01 5.534750918969671574e+01 5.413143527176700331e+01 6.798540942044985513e+01 7.274255428020245517e+01 7.274255428020386205e+01 9.226807028315185732e+01 8.800930311413526397e+01
8.845047570523793118e-03 2.000884504757016913e+01 2.792471442575793361e+01 3.218403177754408517e+01 1.949725952246748051e+01 2.527055028603837883e+01 3.159425178783009613e+01 4.053319512081009179e+01 5.464696431353824124e+01 7.458190062856716906e+01 6.799042420930365438e+01 7.616147551516046121e+01 7.077129836854227563e+01 5.529782859050993693e+01 6.556673005791459730e+01 4.669592983772317751e+01 6.556610151121616070e+01 6.556029470407098358e+01 5.005517186562281751e+01 3.629956525261565048e+01 2.080968439208411880e+01 2.456395012133004840e+01 3.468587250848307235e+01 3.518040937592364514e+01 3.388204256234791245e+01 1.696852618715233874e+01 3.657337821122188615e+01 3.877280251423046309e+01 2.104548669193565757e+01 4.124324768624434512e+01 4.815625306194563393e+01 4.009857829182343636e+01 5.811979764771282220e+01 5.309044841109127333e+01 6.834851843785760650e+01 7.642306363334611774e+01 7.121964561082640444e+01
8.023991185656003874e-03 3.930346693379066725e+00 7.930346679476343752e+00 1.219436077594298773e+01 2.374024032235179860e+01 4.371846540959478489e+01 5.156270800174963398e+01 5.982416152697965828e+01 6.874577261412380835e+01 6.479023991741300392e+01 7.308964715649334210e+01 7.888382065145952993e+01 8.144641705283703459e+01 7.377326861293298066e+01 7.215370083451236383e+01 5.352297184012767417e+01 7.215367141212057334e+01 6.302806578237224500e+01 4.333809427764750666e+01 3.177335794861180318e+01 4.115296009481495787e+01 3.856704553611230324e+01 4.998213820868689794e+01 5.084210102074020199e+01 3.941951903446641836e+01 1.929717136810923606e+01 2.143136113757600469e+01 4.157159369863435217e+01 2.286059923240941671e+01 4.301315733520070950e+01 2.810067421193902959e+01 2.999463663981916639e+01 3.904719216143429605e+01 5.484505072062425057e+01 4.869824643111228113e+01 6.244900284327799511e+01 5.160797061098569571e+01
4.598823041778624977e-03 2.000456243925474453e+01 2.792471442575793361e+01 3.202776999197313756e+01 4.045181803043325885e+01 5.198306121123476231e+01 6.639517609906866369e+01 6.832586872711708281e+01 6.143822791009364437e+01 4.454961522251846873e+01 6.143822791009364437e+01 5.877802521199194530e+01 7.296614410094348102e+01 8.489150379330226315e+01 7.987289772524590603e+01 6.439841124486763135e+01 7.987289772524590603e+01 7.118805734519497719e+01 6.036769762005512518e+01 5.202383576570653645e+01 5.960371605291169317e+01 5.695132026453564578e+01 5.550406792442926474e+01 4.357904411464951266e+01 2.338489140643799047e+01 3.945044420017734410e+01 4.159033906223616128e+01 2.666633686765577949e+01 4.303225698816977030e+01 2.545298009226146263e+01 4.557623003384983917e+01 4.999194330966073352e+01 3.281917919549397311e+01 3.502875763987327673e+01 3.726047155133103672e+01 4.277958599007019558e+01 6.244903792036923562e+01
7.340434288523949372e-03 2.000734043428816733e+01 3.983384629297493973e+01 4.979963439826006066e+01 4.216403301867040199e+01 3.857720906757161572e+01 5.812359527448685981e+01 4.810563755412538001e+01 5.310385074591336974e+01 3.276755770709984716e+01 5.035305870591660238e+01 4.442415778257122128e+01 5.648217523395303630e+01 7.243215869785537109e+01 8.402287976742249498e+01 8.274762344233371891e+01 9.054871420302630725e+01 8.645377568031695148e+01 7.765031966862744639e+01 6.950959471174689952e+01 6.251942644147038664e+01 5.739858486471616317e+01 4.791976208983629704e+01 2.780397560918561695e+01 4.357904411464951266e+01 5.179342529191227840e+01 5.049811740050990494e+01 3.046763076079917454e+01 5.049796375901173917e+01 4.558559148522297022e+01 5.377235225116459816e+01 3.954282079831416041e+01 5.271642772321492743e+01 5.484505094569398409e+01 5.700344497514957709e+01 4.077737417907040651e+01 6.043339998186915807e+01
3.515918393995972821e-03 1.155052130491000106e+01 3.155056248276322961e+01 3.904529745327914014e+01 2.233229305010352306e+01 4.215061934220637596e+01 5.402795210899391520e+01 3.372302958245549576e+01 3.967019097116965298e+01 2.509048460691169069e+01 3.000304347821274575e+01 3.615437477330210214e+01 4.388674102623708961e+01 5.563152739605677510e+01 7.575209220581650982e+01 9.265674980319697340e+01 9.219464030287592493e+01 7.257560075614873085e+01 5.861735354983858315e+01 4.973846353832024647e+01 4.268651789249929607e+01 3.749351734413003356e+01 3.256564938704074308e+01 4.209849814319648686e+01 5.611519725258452240e+01 5.663846350727016699e+01 3.674146804907434216e+01 5.049811740050990494e+01 4.469620287158433314e+01 6.450517814397383631e+01 6.407714886385564057e+01 4.438288175188174023e+01 6.407714886385564057e+01 6.432525979965589613e+01 4.473553765618166267e+01 6.043339998186915807e+01 4.881629956747077870e+01
4.608085242692564441e-03 2.000460804183488506e+01 2.363231035098217347e+01 1.943231464553918997e+01 1.474115349029339228e+01 3.481248907455351826e+01 4.428580935362386128e+01 3.590563920594326675e+01 1.939786804781271101e+01 2.326215952946237664e+01 4.358045426966820912e+01 5.648217523395303630e+01 6.413547869665445944e+01 7.243215869785537109e+01 7.629498687113803612e+01 7.261766801855181086e+01 9.265674980319697340e+01 8.645374912026946390e+01 7.646484404850885142e+01 5.674304573189559875e+01 6.251942644147037953e+01 5.134943936808771525e+01 3.722942397521850921e+01 5.713830445586217621e+01 7.013189636197256505e+01 6.118517929833330982e+01 4.136650464008863537e+01 6.118517929833330982e+01 6.450517814397629479e+01 7.266991450877024761e+01 7.215755786620201206e+01 5.578696921605556014e+01 5.322445144790178517e+01 6.712864869659470912e+01 4.757048871041698845e+01 6.712864869660353406e+01 6.844801372593909150e+01
1.610643649003322799e-03 1.755726682265852157e+00 3.516628495081552952e+00 5.298370111301621499e+00 2.542624101857508379e+01 3.017653504755909211e+01 3.227291854156451478e+01 1.567918652780703681e+01 3.590571197840548479e+01 4.358045426966820912e+01 2.910194370955254684e+01 4.945624425873137398e+01 6.039053315122531984e+01 6.623117331782253814e+01 5.616746265566020924e+01 7.042414661746879290e+01 9.047055197229497026e+01 9.379625597943051218e+01 8.460091662829408676e+01 7.646484404850885142e+01 7.925587483849551518e+01 6.225977993904919572e+01 4.242440528707312097e+01 5.648286198019125948e+01 7.620649362403963778e+01 6.864661791018173176e+01 4.890550692045578529e+01 5.075682898576803836e+01 6.472888941525704354e+01 8.438230894255323733e+01 8.345159339260263209e+01 7.540174486468727366e+01 5.979645623226758744e+01 7.518688225760244848e+01 6.712864869660353406e+01 5.178725425372999780e+01 7.130559065131377849e+01
2.022278438842990342e-03 1.738398354633129017e+01 2.325461660072426540e+01 2.542624100674820298e+01 7.970985009906856433e+00 1.001223406656548143e+01 1.208616702789870345e+01 3.227291854143577154e+01 4.260076571738207463e+01 5.097989351600284635e+01 4.945624425873137398e+01 3.539386401584497577e+01 4.008917101385722503e+01 4.599866966153347647e+01 6.623117331782253814e+01 8.459069678809483150e+01 8.753619491475197378e+01 7.280421511105048182e+01 8.753619491475197378e+01 8.863184352044358150e+01 6.898604326374547213e+01 5.500706217974421719e+01 5.648286198019125948e+01 5.648286198019125948e+01 7.620649362404120097e+01 7.680227637133050678e+01 5.880949169921954223e+01 6.472888941525704354e+01 6.472888941525704354e+01 8.438230894255323733e+01 9.313402418545453543e+01 7.367962584684914873e+01 7.114432730280111628e+01 8.739283478631269020e+01 7.617028671869168477e+01 5.664826117693113616e+01 5.731321638709706434e+01
6.642187732006160465e-03 1.144733158452221922e+01 3.053848871370191631e+01 3.333449789243037742e+01 1.313675005711235677e+01 3.017653504778331452e+01 3.113780021007710630e+01 1.753563797270382096e+01 2.226832336862787898e+01 4.260076571743454110e+01 5.865433258450540421e+01 5.573307167127844508e+01 5.448703571748067986e+01 5.669434694564248645e+01 7.454096502034985861e+01 8.823802367504231370e+01 7.811355517062868614e+01 5.773580696404698642e+01 7.811080605300271884e+01 8.809748010451205857e+01 8.287745075619275781e+01 7.474004613247895179e+01 7.620649362404120097e+01 7.620649362404120097e+01 8.434250853610085130e+01 8.664285706967726242e+01 7.273541248399111225e+01 8.438230894255323733e+01 8.438230894255323733e+01 9.255393496661044139e+01 1.011060437508752443e+02 9.313402418545453543e+01 9.056618028045681967e+01 9.853193495523152023e+01 8.135457293588289929e+01 6.188501447041954862e+01 7.673963533400161907e+01
1.591255364720534126e-03 1.943288996661359036e+01 3.750127551589108066e+01 3.895420302820486569e+01 1.869599082541486013e+01 3.895036979234065200e+01 3.693145367167391413e+01 3.200787683079209245e+01 3.185309305151370651e+01 2.992448292236428742e+01 4.436334683387579503e+01 6.463753422493758194e+01 7.464283672120654956e+01 7.683667576038216396e+01 8.513449077894297545e+01 7.965739200591718827e+01 5.850963250259594872e+01 4.824183184758083343e+01 6.946449813528975881e+01 6.703816377958825967e+01 8.182842790647249842e+01 7.867946815653490944e+01 8.726454299642554702e+01 8.708556663934639630e+01 7.883293819845474104e+01 8.708556663934639630e+01 9.236144432057639619e+01 8.918633482823273084e+01 8.084411040760451783e+01 7.821810147630763765e+01 8.656249671084958663e+01 8.452865936963056015e+01 9.313971384197125758e+01 9.651257860589545601e+01 7.768793149823258659e+01 7.318514127301416750e+01 7.318664118324726076e+01
6.189296070378335485e-03 2.000618929607002272e+01 3.863859944742240771e+01 4.537693743919822253e+01 2.506646789411214371e+01 4.537693743919822253e+01 5.520229620479435795e+01 5.283700082213062643e+01 4.361620433444052480e+01 4.436340797683107695e+01 4.014029788614273997e+01 5.455890041238902910e+01 7.472733934999844507e+01 7.829446060582709777e+01 8.688926134716874117e+01 7.780171136931278397e+01 6.239031867717356761e+01 4.129058869481987415e+01 6.239031867717356761e+01 5.202873017808969536e+01 6.373540012252533415e+01 5.754536446581236220e+01 7.867946815653490944e+01 7.708726850803395791e+01 5.880610900344329650e+01 7.708726850803395791e+01 8.531792286935335312e+01 7.754324778519053041e+01 6.066671254196933205e+01 5.804112732174037603e+01 7.491869641605737229e+01 6.389276246164871509e+01 8.114413465213334575e+01 9.746534672179295455e+01 9.650974559808450692e+01 8.685449627887950896e+01 8.440006589705460271e+01
2.247884206357958405e-03 1.000918575996861293e+01 2.424371349208504967e+01 4.459313820256355143e+01 4.537693743919822253e+01 3.680064085067188273e+01 4.855234001535205124e+01 6.875828316779011118e+01 5.799132759270450777e+01 6.464310877675086431e+01 5.036094177589269094e+01 6.878879906378513454e+01 7.473566935678840650e+01 5.711916242876044691e+01 7.473566935678840650e+01 6.915757620022584717e+01 4.800012145626775606e+01 3.601274004746875335e+01 5.694236846220366033e+01 4.155922544491849635e+01 4.266452046843903645e+01 5.754536446579005116e+01 7.867946810019782333e+01 6.881952360094905430e+01 4.875509636111296174e+01 6.532487589833475283e+01 6.532487589833475283e+01 6.919468431833388422e+01 4.902538220542759717e+01 4.640185042536360527e+01 6.156289962171844365e+01 5.211849858476681163e+01 6.679851556635762222e+01 8.605623856745380351e+01 9.799286088137894524e+01 1.056485434928883507e+02 1.036433569747908052e+02
