LEM/sinusoidal_perturbations/elevation_000525.asc
nrows	100
cellsize	150.0
xllcorner	0
ncols	100
yllcorner	0
NODATA_value	-9999
[rows 34 to 50 of 100, columns 37 to 73 of 100]
3.596928189028989920e+01 3.741112158835850465e+01 5.130378501185935392e+01 5.383197431049168102e+01 7.364211844257162909e+01 8.820359474894362961e+01 8.820359827237203376e+01 9.654955820797607657e+01 9.915382524539110420e+01 9.079596374535067582e+01 9.079596374535061898e+01 1.109895757326104473e+02 1.058485822518866399e+02 9.486291848338815669e+01 7.827550058671646127e+01 7.846966554302692032e+01 9.659271772553573498e+01 9.962611878809580901e+01 9.281188789919167448e+01 7.316803670404220838e+01 7.677273750011090669e+01 6.021706523561845614e+01 4.629217556442983295e+01 6.271494914458369152e+01 6.271494907262308516e+01 6.745260064606226535e+01 5.929951831290709663e+01 4.036672176630997200e+01 6.017182586805943600e+01 6.919945845395589856e+01 7.272579770692389900e+01 6.704793562208243429e+01 8.643336935814960498e+01 8.740064175684652525e+01 7.098228767021095109e+01 6.806573382951398798e+01 8.176465248951356557e+01
5.351341776731222666e+01 5.708950500653271121e+01 3.949827864941327249e+01 5.924795260347999459e+01 6.973558804544785517e+01 6.822114377807629637e+01 6.822114377974773447e+01 8.820359827730008817e+01 9.079596006310615053e+01 7.079385532752313281e+01 9.079595680613370234e+01 1.008893895726213685e+02 1.100792282176434043e+02 1.063065440621535629e+02 9.804517413339333132e+01 9.240372711812685225e+01 1.065045440910654548e+02 1.083218454244577060e+02 9.064507266500962146e+01 7.102664334556271797e+01 5.717657902252391722e+01 4.967403653078265080e+01 6.596803795078318444e+01 7.413106110334391019e+01 8.238773773384916410e+01 6.683094298619492690e+01 5.296829466037470269e+01 6.017560192349497328e+01 4.123495970535007160e+01 6.105474924639210599e+01 5.351610503602689306e+01 7.074138963794779045e+01 7.924831809318928322e+01 7.295573804422475916e+01 5.987918307651597871e+01 7.098228767021095109e+01 9.051049613259304749e+01
5.961926659827646802e+01 6.751854396411530956e+01 5.924795260317215195e+01 4.166132607205016569e+01 6.146001043815130771e+01 5.424606047678361165e+01 6.883420461573966520e+01 7.113204771967970430e+01 7.364009101620482056e+01 6.336539346450251031e+01 7.254009113016199706e+01 9.254248592872062318e+01 8.986762596383614721e+01 1.041472436738388438e+02 1.158053765586038821e+02 1.123394800461807677e+02 1.029484823504263318e+02 9.470055233915536519e+01 8.037994255457883241e+01 7.324854054771219580e+01 5.361101486759309154e+01 5.777200550290755388e+01 6.936610419030952812e+01 8.901523183150005991e+01 9.469580597589501281e+01 8.076506372250791799e+01 7.257975723212911134e+01 6.917587406870428879e+01 6.101185002335661522e+01 4.212214067662929295e+01 6.193567095172232939e+01 5.310223124801440520e+01 6.705013048602241099e+01 5.358089312283873085e+01 6.725244773824734068e+01 8.672469885106650622e+01 9.872763516438732267e+01
5.241173078409491382e+01 7.201973914176224412e+01 6.384684809606893907e+01 4.402030399623102142e+01 4.462180851358173328e+01 4.675652252611796911e+01 4.902282087853561166e+01 5.133628805709346210e+01 5.385725658169602070e+01 5.642991830609000203e+01 7.621060712708738549e+01 8.506318127573267418e+01 7.572416537098528977e+01 8.724889810508700805e+01 1.074513694996526567e+02 1.061500984909422272e+02 8.631890295723009388e+01 7.507766517170703935e+01 6.775674600848151385e+01 6.084979373592408791e+01 5.704020969564814436e+01 7.659363975623702459e+01 7.015842946071384745e+01 8.397235231549328205e+01 1.037566656677890791e+02 8.904434558282629553e+01 7.879035728586406151e+01 6.649181902161615199e+01 4.685760622331179803e+01 5.949288882879026374e+01 4.304546528822969975e+01 4.370585005430064740e+01 4.771638119329995220e+01 6.728604989840340522e+01 7.929224275012806800e+01 8.749533099534286862e+01 8.850175474622996319e+01
6.625857991047655560e+01 8.023581408909973334e+01 6.626972077405007155e+01 4.643763580833098814e+01 6.444476813039160845e+01 6.657966197888345050e+01 6.883420439345856323e+01 5.758055289923377984e+01 7.364009054306976054e+01 7.621060712708738549e+01 6.056792612771190676e+01 6.518005367170712816e+01 7.172713672365360082e+01 9.173120354409920196e+01 1.108703823778861732e+02 1.144212065211379610e+02 1.029484823504263318e+02 9.426063025103870530e+01 7.463037353783019512e+01 8.002716611089780940e+01 6.055254393383565770e+01 8.002716611089780940e+01 8.976690226691029295e+01 9.799503421013615423e+01 9.345619400042292568e+01 8.096226780463906891e+01 6.269290475546249297e+01 5.172051857731363356e+01 6.649181902161615199e+01 7.029612497851647390e+01 6.283612279432104941e+01 6.347323666937258935e+01 4.466300333741045847e+01 6.438714477330657360e+01 5.964418863243178492e+01 7.924569577490558459e+01 6.934060575687638561e+01
8.593065154973871245e+01 7.866502315994817707e+01 5.879122655651964635e+01 4.890446768610942740e+01 6.289229153437244690e+01 8.281869327265091840e+01 8.572042124315274236e+01 7.739927949876711466e+01 6.810379566104842297e+01 8.807357561738918150e+01 8.037668315772116046e+01 6.610449308377268096e+01 8.597223508291817495e+01 8.234650499113338640e+01 9.394569163808502310e+01 1.142042083022900272e+02 1.183696508608963143e+02 1.024975219217014342e+02 9.426063025103870530e+01 8.362620723775248166e+01 6.419612337857860496e+01 7.535752001168731340e+01 9.486302430144385767e+01 9.919947591061522019e+01 7.944897529731841246e+01 6.571402713519813688e+01 5.706282709895159400e+01 7.122150229680154609e+01 7.938005290216540288e+01 8.090859186212149723e+01 6.849971543271671237e+01 4.895274430866188453e+01 6.160634607132704588e+01 4.564767745426906487e+01 6.532271442239247961e+01 6.692833515178907078e+01 6.532795044408928220e+01
9.875472115706675424e+01 7.866572230131782817e+01 7.133015404569185591e+01 5.151730473530255239e+01 7.133015404569185591e+01 8.408416741704401431e+01 9.826763103785265230e+01 9.642476380049050988e+01 7.956436370613275244e+01 9.642476380049050988e+01 9.010523687280483784e+01 7.019212527205233698e+01 9.010523687280483784e+01 1.025079482758358438e+02 1.108703823778861732e+02 1.225466841230969237e+02 1.101151856808610177e+02 9.036649485636600332e+01 8.068994079741689518e+01 7.208351038979671443e+01 6.978455555007755606e+01 8.923610865255810154e+01 1.029807051901081252e+02 1.027243978565790741e+02 9.345619400042292568e+01 8.075614904543300554e+01 6.129566488363768428e+01 8.075614902183444599e+01 8.551192367294152064e+01 7.274450741728071534e+01 5.329242661589248797e+01 6.849971543271671237e+01 7.102805625124986477e+01 5.248800500453184981e+01 4.663473166569642103e+01 4.733762156878840699e+01 4.803891470926563301e+01
1.047518799272813510e+02 8.459060831055602137e+01 7.644995929549563130e+01 5.662103880303889269e+01 5.594101225829727042e+01 6.990070379623541896e+01 8.885285008301330834e+01 1.004551479449361722e+02 9.969737533205835689e+01 1.080567192374321053e+02 9.843678813083759849e+01 8.162295918639885883e+01 7.716335037022184906e+01 9.711199804156719040e+01 1.134746059102883606e+02 1.216922030844018678e+02 1.183696508608963143e+02 1.035141142197935551e+02 8.422040128050230123e+01 9.149741222084143999e+01 7.587204818238070914e+01 9.542861005557489307e+01 1.085437760961062139e+02 8.862711193925056818e+01 7.477598829251363100e+01 6.833742522194630453e+01 7.499189063029675140e+01 8.895910033865925470e+01 7.732491013193654794e+01 5.789190695287868493e+01 6.701451136765302863e+01 8.090859186212149723e+01 8.299029176782423178e+01 7.025349984656614311e+01 5.158322953934982991e+01 6.692834258655636859e+01 6.759820194101145319e+01
1.045676296792701834e+02 8.459060831055602137e+01 6.465017201946687919e+01 7.644995929549563130e+01 7.576233699786997988e+01 6.064094296693304642e+01 7.203543833944078756e+01 9.209252987042989957e+01 9.611304657681944263e+01 1.163525338809697018e+02 1.100362405497486549e+02 1.016922088861962692e+02 8.862969586450861925e+01 8.560604049315244879e+01 9.368923889346034173e+01 1.076671497129146786e+02 1.274950574922807931e+02 1.116299781260306929e+02 9.760445940429964651e+01 1.023980460954230125e+02 8.268550415613306370e+01 1.023980460954230125e+02 1.085437760961062139e+02 8.862711193925056818e+01 9.446056781217851039e+01 7.699343354043287491e+01 9.467229988827803311e+01 8.227178542647202164e+01 6.279591761811860096e+01 7.732491013193654794e+01 8.551192460310093679e+01 9.480267235658996583e+01 7.930920404144568181e+01 5.987804252725913301e+01 6.530567428623888304e+01 7.102372893244199759e+01 7.548927399981585040e+01
9.620365357707227361e+01 7.608926903127522223e+01 8.459060831055602137e+01 9.294139365907631145e+01 7.682362970938073943e+01 8.051256267585230830e+01 6.608494270807733528e+01 7.598660269896710417e+01 9.611304657681944263e+01 1.071203565673258851e+02 1.161742032129182292e+02 1.170221572679855200e+02 1.086990089181048518e+02 9.552999946898623307e+01 1.134746059102883606e+02 1.189398555990674566e+02 1.104360384383795690e+02 1.192419416994204937e+02 1.163034317368533408e+02 1.106740385344025697e+02 9.396742997654438057e+01 1.106740385344025697e+02 1.168216837739077647e+02 1.085437760961062139e+02 9.306027230720198418e+01 9.672186332165024680e+01 1.046697708722334283e+02 8.653577266320368722e+01 6.699572795557064353e+01 7.244848240788910232e+01 9.209508844505479885e+01 9.903984197114085930e+01 7.930920404144566760e+01 6.714892337124759081e+01 8.482833401007616203e+01 9.062666968694165348e+01 8.251990968701289830e+01
1.045676296792701834e+02 9.620365355918012540e+01 1.045676296866323867e+02 1.052850706987600660e+02 9.692643207198186417e+01 9.440732653286494269e+01 7.598660269896710417e+01 7.306361909369969965e+01 7.857369527650563157e+01 8.754342622697083698e+01 9.922918126533372174e+01 1.195353862903302655e+02 1.238116587404629456e+02 1.155254436886328051e+02 1.238116587404629456e+02 1.072015553029818022e+02 8.824362435502412438e+01 1.072015553029818022e+02 1.172694096493011244e+02 1.087982217781028282e+02 1.139144818833658803e+02 1.221998935058076938e+02 1.199205685756191428e+02 1.212869554415246682e+02 1.130140749827049973e+02 1.079029555679775427e+02 8.797982762798061174e+01 7.667120816417008200e+01 7.280880229171850715e+01 9.209508844505479885e+01 8.479465549196926588e+01 1.046573757594786116e+02 9.492969208235847134e+01 7.683120783876481141e+01 9.492969208235746237e+01 1.033127851104551809e+02 8.263283487228403601e+01
9.893722553227482308e+01 9.065984980633393775e+01 9.698578237037064298e+01 8.871484863633355644e+01 9.698578259748049391e+01 1.044819548588441336e+02 9.018206332575924478e+01 8.722509461527606334e+01 9.280840849944112847e+01 9.280840849944112847e+01 1.130853714928267237e+02 1.278645390928039944e+02 1.151658948883325735e+02 1.066466106810351846e+02 1.151658948883325735e+02 9.852658226958416776e+01 7.791946622863193284e+01 9.852658226958416776e+01 1.056867482821312478e+02 8.889779943628738579e+01 1.056867482821312478e+02 1.138129414248350884e+02 9.905646219768139815e+01 1.094885583962157085e+02 1.181362498196829591e+02 1.161839846556848386e+02 9.640033608814394483e+01 9.640033608814393062e+01 7.893592261417430223e+01 9.871629308994478436e+01 9.879822392150747135e+01 1.129337211600057032e+02 1.048280817959250300e+02 9.656498664288913858e+01 1.048280817959250300e+02 1.075680291326842166e+02 8.987016668276591247e+01
8.750785442335133268e+01 7.094115019701821723e+01 8.709889887409279652e+01 6.902145451258139985e+01 8.709889946361413138e+01 1.011129382140690041e+02 1.104317067797048537e+02 1.074615538171852904e+02 1.130853714928267237e+02 1.130853714928267237e+02 1.214323046352104285e+02 1.101883559733458071e+02 1.016965710108713949e+02 8.643494919344492189e+01 1.050079716229537610e+02 9.148106574130689239e+01 7.116171615451287380e+01 9.133903353626871535e+01 8.676285579781323065e+01 7.757922546787760609e+01 9.730870758206842197e+01 1.034760667797781934e+02 8.457546549222301735e+01 8.881685129304476334e+01 1.094885628582957651e+02 1.246339524811421597e+02 1.128508900806299948e+02 9.286155131772497384e+01 9.027478155408360294e+01 1.069964303117178730e+02 1.188026195907117426e+02 1.236689132376966285e+02 1.149431230491504863e+02 1.067985489254285056e+02 1.108421418001791494e+02 1.025474264669496876e+02 8.477977406123555681e+01
7.871369762212957255e+01 5.969831055973671852e+01 6.964171958249700367e+01 5.929593369157364435e+01 7.308486070981840044e+01 9.100333191508303798e+01 1.009133258792179362e+02 1.122096153651646375e+02 1.037038993024020215e+02 1.122096153651945372e+02 1.161014877416901072e+02 9.572985913611123010e+01 8.151763058518061200e+01 7.641589526589946502e+01 9.654077993723997508e+01 8.542435206498042533e+01 6.522978416033086546e+01 7.640552345111318289e+01 6.687605942284498894e+01 8.676285579781323065e+01 9.473517647876364833e+01 8.617901527887600821e+01 7.448589168018105511e+01 9.487144469786164791e+01 1.056004676815891372e+02 1.264883836457511563e+02 1.211313093057104737e+02 1.128508900806299948e+02 1.102476122942705530e+02 1.185326614860943693e+02 1.268567167929894453e+02 1.071406561518625153e+02 9.607554185714090522e+01 8.770688308792703936e+01 9.162379153814674737e+01 9.683594998912634821e+01 9.279891772313463605e+01
7.052017753867517058e+01 5.103983431210342303e+01 5.017071298092502474e+01 5.628358013161397366e+01 6.313850686601928430e+01 7.288363014802094142e+01 9.262639068107382911e+01 1.020733947588975923e+02 8.354005406004468171e+01 1.002824682209706566e+02 1.087662057807403784e+02 8.971580928188625137e+01 8.130173949907521092e+01 6.874046196076511706e+01 8.893428850806532182e+01 9.382032263793963978e+01 7.786920407338159578e+01 5.763678344295244926e+01 7.270569042013565308e+01 7.614061536739072267e+01 8.016579491411960134e+01 6.578719332676033105e+01 7.490550322121934812e+01 8.499848855803304559e+01 1.056004676815891230e+02 1.167318989279201986e+02 1.167865253685264832e+02 1.083317592653114616e+02 1.167865253685264832e+02 1.269923308650636926e+02 1.350717238944302210e+02 1.208256793806136358e+02 1.099854602885481398e+02 9.725271600667774408e+01 7.837645289241297064e+01 7.486659670194114824e+01 8.479307684610195395e+01
6.363283259731940689e+01 4.421321564423104888e+01 6.363283649099039962e+01 7.581952907338009595e+01 8.275501041454688789e+01 9.100333191504051911e+01 1.009133258776592754e+02 9.362197668122327343e+01 7.351642339995558473e+01 8.011624047481257094e+01 1.002824682209706566e+02 8.130173949907521092e+01 6.094665698487867189e+01 7.451671199434342441e+01 8.293485505672211389e+01 9.193883363929268171e+01 7.639939124632067546e+01 6.711183804357568761e+01 5.205837385698335851e+01 5.553106595543061985e+01 5.964132624020997753e+01 8.016579491411960134e+01 8.017495746884122809e+01 1.006740930731339176e+02 1.108719163636937139e+02 9.653539408732856941e+01 1.067107661793963160e+02 8.828797477557959894e+01 9.830986702044562264e+01 1.183602012010288433e+02 1.318378535104481841e+02 1.116435351809760164e+02 8.989717010281012222e+01 8.489292249977712856e+01 9.570296933830603336e+01 8.467798172530842749e+01 7.004160602598270202e+01
5.692329664471252926e+01 4.081525382067600560e+01 5.448106103584956372e+01 7.400639882560227534e+01 8.580593215857287248e+01 9.722307156851944399e+01 1.002824682209675728e+02 8.011624047481257094e+01 6.582125948302743268e+01 8.011624047481257094e+01 1.002824682209705713e+02 8.622690582233525447e+01 6.594425514576413150e+01 5.401301520997782291e+01 6.871739078009629509e+01 7.715048473177590438e+01 6.309232421554406756e+01 4.846161645147576991e+01 6.906902874807441606e+01 7.614061536702649846e+01 6.662092518195342450e+01 8.707234043795656930e+01 1.006740930731339176e+02 1.092953954886861112e+02 1.024508121502076960e+02 8.251889611287549542e+01 8.984476211743377405e+01 7.845743629762311855e+01 8.982502960632066902e+01 1.099003704751209796e+02 1.235918339407607647e+02 1.039500472943210383e+02 9.417956137780804227e+01 9.809382634161980263e+01 9.895481262970463376e+01 8.210686525198971708e+01 8.914558177692023833e+01
