LEM/sinusoidal_perturbations/elevation_000923.asc
nrows	100
cellsize	150.0
xllcorner	0
ncols	100
yllcorner	0
NODATA_value	-9999
[rows 0 to 16 of 100, columns 0 to 36 of 100]
8.271705653423140972e-03 1.417575699374193121e+01 3.451360010343857709e+01 3.903179842984453529e+01 4.049300530519115426e+01 4.196999451215348387e+01 3.979801846664300058e+01 3.151982285205146894e+01 1.377157856137713665e+01 3.376396160745225927e+01 4.428898433022063585e+01 5.200940839665799587e+01 5.901976040840045812e+01 5.355754304208042527e+01 5.417271963158339076e+01 5.009546543630004578e+01 5.323448947464982695e+01 5.653700889700247245e+01 6.003591899486355032e+01 6.375614254125143532e+01 6.772098969818001990e+01 7.206344537084287083e+01 7.739196701257603195e+01 8.370381156327064787e+01 9.076718643953277876e+01 9.905166325480743694e+01 1.105978038947754243e+02 1.128674058508873230e+02 1.047661258525033929e+02 1.022416103423849876e+02 1.103363118797068836e+02 1.119532244010684678e+02 1.038558086225265527e+02 1.119532244010684678e+02 1.054662119864580490e+02 9.730546366516227863e+01 1.001410439327213879e+02
7.813061968023241044e-03 1.983221588377332978e+01 2.361006577633602888e+01 1.903886644740780199e+01 2.050119053095986743e+01 2.197938153970584452e+01 2.932872619981267803e+01 1.153551058955693875e+01 3.152944553251836979e+01 1.602175432387556597e+01 3.601224528365722932e+01 3.315134844279018012e+01 4.455577083449683329e+01 3.282783232128051765e+01 3.443393720136660363e+01 3.104687295636452404e+01 3.414055167247025224e+01 3.728017701347181401e+01 4.055481204324639322e+01 4.407056989063345043e+01 4.789675391353730305e+01 5.216381354887481336e+01 5.745446465120036095e+01 6.374400654615346440e+01 7.078894534726227050e+01 8.231565082844197434e+01 1.023121987852717609e+02 1.047661258525033929e+02 8.523433931397721608e+01 8.269274407823047568e+01 9.905087258243230508e+01 1.021870795707572341e+02 8.433039545881642596e+01 1.021870795707572341e+02 9.730546366516227863e+01 7.752071059199163017e+01 8.331553060302185543e+01
2.526786264046545528e-03 2.000252678625979996e+01 3.450576273572853570e+00 4.897725484157462894e+00 6.360270332410887129e+00 7.838712874316953183e+00 9.333583059809241078e+00 2.932872619715725548e+01 3.973956621997952965e+01 3.436064494185926321e+01 1.830096564616443189e+01 2.027133595150570855e+01 3.319998922598973934e+01 2.483956767508453822e+01 2.665158161512351498e+01 4.588410179332056060e+01 5.323448947464981984e+01 5.653700889700247245e+01 6.003591899486355032e+01 6.375614254125143532e+01 6.188007422516494671e+01 6.621697355957297759e+01 6.839981699288586015e+01 7.739196701257603195e+01 9.076718643953277876e+01 9.905166325480743694e+01 1.016882942623572035e+02 9.358736184334985353e+01 9.095506714242340252e+01 7.121080243057039638e+01 9.095506714242340252e+01 9.222593975751038897e+01 7.440792353265420900e+01 9.409310204067151062e+01 9.475057019211426734e+01 7.494450063724475797e+01 6.341273541069394781e+01
4.163169627051843593e-04 1.414629879335798757e+00 1.035761802547184374e+01 2.485124660835801080e+01 2.635665773997506633e+01 2.783449651926000357e+01 1.640459585126803077e+01 2.567825062201027109e+01 4.570107169725487495e+01 4.590841801196182104e+01 2.738971198881374036e+01 2.006229155532061270e+01 2.219746244188251794e+01 4.258131982010910122e+01 4.588410179332058192e+01 2.981196311998206028e+01 4.893176848611473417e+01 5.851125500087434972e+01 6.678037526318786377e+01 7.562883605957654254e+01 8.182220704980790060e+01 8.617807690964266953e+01 8.836472225993180984e+01 9.664700484207783404e+01 1.056579634325704973e+02 1.048692118365734132e+02 8.532847444493948785e+01 7.388992565285134617e+01 8.305863932582316522e+01 6.515778274446113016e+01 8.500194734145310349e+01 7.249727141605129077e+01 6.732697512210758362e+01 8.713334043472983126e+01 1.029105552937703720e+02 8.797884162373532035e+01 6.811539380445978509e+01
5.883922493566802643e-03 2.000588392249321146e+01 2.819490805438135794e+01 2.441854701777021930e+01 4.374388412226817735e+01 4.464998239972970850e+01 2.640336576276339997e+01 3.639148921911672829e+01 5.397655814410073560e+01 5.550026075689577709e+01 3.872370327065868878e+01 5.010095312508752841e+01 2.803117041776094709e+01 5.026048948922471027e+01 4.884443751214508467e+01 4.889456736270043535e+01 3.300711897814497320e+01 3.921395699692907755e+01 4.764754615630292989e+01 6.146417258099904046e+01 8.139526627527519054e+01 8.500835712671026556e+01 9.167334627406208369e+01 9.999286044171627452e+01 1.100256470727749445e+02 1.129749003931497953e+02 1.016882942623572035e+02 8.305863932582316522e+01 6.321001877568700422e+01 5.960714158589509282e+01 7.827566458948570016e+01 5.837626960293631129e+01 7.249727141605129077e+01 9.222593975751325956e+01 8.468098084618280552e+01 7.645103205529068191e+01 7.645103205529068191e+01
1.256007409845548732e-03 1.428195029168426089e+01 3.510067056984478029e+01 4.374355469364947879e+01 5.145429670397636102e+01 5.462938026659328727e+01 4.637960374789786755e+01 5.462961102259407653e+01 6.458908005695353438e+01 6.703186371473515237e+01 5.875466094291034835e+01 4.465098897799610711e+01 3.789755216160013873e+01 5.909035226782538786e+01 6.786551193760043077e+01 5.435721747074389754e+01 3.538306539727150124e+01 5.449302686554801056e+01 6.678037526311099725e+01 7.562883605950079868e+01 7.649753378898118683e+01 6.504870717053151452e+01 7.167837883200671456e+01 8.164864122869772700e+01 1.016980513194264120e+02 1.046963281448543341e+02 9.489058455438058104e+01 8.678209513716754486e+01 7.418206636388238451e+01 5.431884615052253906e+01 6.867300028887459007e+01 5.344384697218804803e+01 7.330081584284819485e+01 9.076042600619085476e+01 7.645103205529068191e+01 5.707652837789475342e+01 5.707652837789475342e+01
9.594114293757748102e-03 1.415172973802458323e+01 3.415172973802387446e+01 3.933402421396785087e+01 4.762530075078956315e+01 4.766673111617534886e+01 5.074913999048337132e+01 4.816482009499210903e+01 5.646590373777659977e+01 6.803840447257709911e+01 7.342797011500455540e+01 6.060345422002677651e+01 4.681538110999763802e+01 7.036812249855383072e+01 6.491067312084781804e+01 4.582239268822333855e+01 3.776013400056785940e+01 5.692778346229954423e+01 6.417255402077022097e+01 6.897507665984481662e+01 5.659498297714141302e+01 7.649753378898118683e+01 9.167334627406208369e+01 9.999286044171627452e+01 1.100256470727749445e+02 9.660269327908288517e+01 7.696149699525214771e+01 6.696848022764605446e+01 6.029276451048297503e+01 5.431884615052253906e+01 4.893163339809236589e+01 4.888048111146414954e+01 6.281777788836315324e+01 7.253465369693614662e+01 7.193801803772021231e+01 6.275082114502494335e+01 4.367974516731639767e+01
7.711341127313004785e-03 2.000771134112695648e+01 2.510472142927204331e+01 1.932176646997900349e+01 3.058389295312548128e+01 2.763946660252945975e+01 3.072800172359733750e+01 2.812921407231096893e+01 3.969168262432948069e+01 5.973962579194933653e+01 7.104864852355868265e+01 7.651872231818428816e+01 7.753858514625885334e+01 7.709846919024839451e+01 6.008388423204467443e+01 6.253575749686763885e+01 3.937012538219655511e+01 4.151010565178906830e+01 4.448001838926208507e+01 4.917376854952029674e+01 6.897507665984481662e+01 8.211507930867210803e+01 8.917957187155458598e+01 9.749630078899400587e+01 1.090784346105642868e+02 1.046963281448543341e+02 9.489058455438058104e+01 8.678209513716754486e+01 8.017755683399370525e+01 7.418206636388237030e+01 5.851663472418037770e+01 4.471792665083052043e+01 6.087568275155693698e+01 5.281961904168636579e+01 5.085197931740707844e+01 5.592105986639654702e+01 3.684572137863933960e+01
2.297228869525369630e-04 2.540232262906378047e+00 5.100969861948783546e+00 7.773582287282658321e+00 1.057414252522809051e+01 1.349144291402139295e+01 1.657751355237380864e+01 3.659752892833745364e+01 4.588045476882887641e+01 5.091317104871166066e+01 5.091317104926654480e+01 6.408454520939386612e+01 7.249899641356383029e+01 8.285329940955752193e+01 7.308124756954750012e+01 6.981596109061941036e+01 4.912557800846342815e+01 6.109709734593370456e+01 6.417255402077022097e+01 5.046856101989830989e+01 5.591006975674009283e+01 6.217071890276172041e+01 6.919816948413010493e+01 8.070811661508557222e+01 1.007517949589144308e+02 1.033982364836964223e+02 8.370242506898618728e+01 8.370242506898618728e+01 9.185873988428674863e+01 8.644878179500692283e+01 6.969460490403614017e+01 4.997489548281384941e+01 4.135420007897376848e+01 3.907935883137920285e+01 3.686700175931012069e+01 5.335907588460246131e+01 3.553280477632127088e+01
9.647730019007896146e-03 2.000964773001865282e+01 1.664862537697431932e+01 2.777994181837549093e+01 2.472017185640267911e+01 2.763945487981342808e+01 3.659752892833745364e+01 2.165765674485555792e+01 2.582833643808201884e+01 3.082999381737496591e+01 3.716168298751635035e+01 4.384696219659493721e+01 5.393033857782598517e+01 7.446383787877856264e+01 9.203618196148012487e+01 7.834580115450262383e+01 5.999293859326047595e+01 7.834579847738616820e+01 7.857523090812998134e+01 6.186324015760904871e+01 6.662623786120590808e+01 7.580811877287689526e+01 8.917957187155458598e+01 9.749630078899400587e+01 9.874852971562482651e+01 9.442409366653163261e+01 8.301721402611568124e+01 6.389938018119147500e+01 8.301721402611568124e+01 8.582915332338336611e+01 6.606844789456859246e+01 6.646341389718051573e+01 4.716388059807195532e+01 5.853150802697076927e+01 5.302833465642858357e+01 3.375100083998913192e+01 4.450517570123223976e+01
3.582433992925927561e-03 2.000358243397627689e+01 3.665596345350784446e+01 4.494463270916890707e+01 4.474016795081416831e+01 4.766752876358997781e+01 4.927135994192884283e+01 2.921954189960367643e+01 4.588045476882886931e+01 3.999663808875340010e+01 5.091317111172706689e+01 6.408454520944650312e+01 7.249899639804021945e+01 8.303024573013318843e+01 9.136172892185069827e+01 8.838331598260670319e+01 8.005770918109813294e+01 8.838331479158964044e+01 9.010479914683915581e+01 8.179973166417876485e+01 8.658826823230890568e+01 9.489537750110409320e+01 1.041342186777025063e+02 9.301926253711501147e+01 7.915975871414210019e+01 8.627054390507301207e+01 6.648305899017057641e+01 5.508057884613290867e+01 6.641813041733628609e+01 7.459400159002061059e+01 8.582915332338336611e+01 7.611128383930099517e+01 6.561458070800816245e+01 5.883433515631933375e+01 5.081999089287293003e+01 3.265736690371799256e+01 5.229762108550285404e+01
1.813270376062421294e-03 2.000181327037570611e+01 3.702164366569277831e+01 3.335157528427848916e+01 4.749371090800846673e+01 6.749371090732807943e+01 5.758379797262389133e+01 4.078719166990678957e+01 5.758379797746845696e+01 5.419725722982232696e+01 6.840573630699293517e+01 7.938072734135225517e+01 7.765680266319618852e+01 7.399747325534721654e+01 7.009494589068100368e+01 9.136172892188855599e+01 8.566177789212137839e+01 7.690826352885660810e+01 8.302081272034189396e+01 7.420260179033805059e+01 8.302521269207464627e+01 9.367839581652852132e+01 9.937920654478583060e+01 8.489717690536602390e+01 6.528176448106718510e+01 7.249130080449616287e+01 6.747168934150525388e+01 6.276005630787425105e+01 4.678790840927405981e+01 6.641813041733628609e+01 8.068821947905605896e+01 7.136831806780513432e+01 5.341896315713294285e+01 4.168636460122998244e+01 3.113353121332619722e+01 4.044289383682713179e+01 4.204340344820001718e+01
2.372884694381488524e-03 2.000237288469402586e+01 1.702164366572454313e+01 3.508351278226307812e+01 4.140806810262539983e+01 4.969233941362503515e+01 5.863661139123787081e+01 6.086094933150548059e+01 6.917174222384888083e+01 7.430010423226984528e+01 7.485402958672172247e+01 6.605476070816335721e+01 5.681985756314237790e+01 5.327876433580600235e+01 7.399747327978262490e+01 7.784350525847702329e+01 6.907645354572544250e+01 5.573763816504607149e+01 7.228734790344323358e+01 5.266490202312478175e+01 6.343378154455563589e+01 8.361046230399652757e+01 9.148562113328188161e+01 7.271260977211495913e+01 6.161827749804455578e+01 5.291178026501562215e+01 4.792160447143083957e+01 4.324016560468535886e+01 4.180350387358769382e+01 5.285407512102443661e+01 7.252140629469731437e+01 6.957210702588817242e+01 6.143626791666782339e+01 4.978537720402759703e+01 3.006911861407151321e+01 3.729027151922841199e+01 5.864977990296511479e+01
8.175220331382775790e-03 4.372533025051249744e+00 9.536510819994516552e+00 1.508351278224685643e+01 2.140806810258372650e+01 3.035234001258304204e+01 4.449447563631449043e+01 6.449447563676875461e+01 7.314737702117098195e+01 6.437261227567290689e+01 6.288035421405488989e+01 4.552463456588333202e+01 4.246989932780628152e+01 6.292285752316934122e+01 8.287838141722821206e+01 6.907649300222804811e+01 4.806321485036811225e+01 4.374944182328009390e+01 5.478703908460324357e+01 4.198329058477689557e+01 5.167864800481665810e+01 6.642462400548222945e+01 9.221808321098480121e+01 8.901499221512754900e+01 7.249130080449616287e+01 7.249130080449616287e+01 6.049196844809483764e+01 4.665207836015127185e+01 3.692385416446768431e+01 5.226005327471042250e+01 6.041171324132120191e+01 6.094233644173070985e+01 4.205905006991470430e+01 4.733057817368943887e+01 2.901285163900904607e+01 4.386010504530116094e+01 5.437729742743267991e+01
9.124702163186202558e-03 1.155613008595560132e+01 2.953651082000332906e+01 3.508351278227148384e+01 4.140806810262544246e+01 4.969233941488332107e+01 5.863661137430182180e+01 6.214428430783354429e+01 5.986389185771585630e+01 4.383935998522338906e+01 4.760728198518586396e+01 3.387636594285116587e+01 4.552463456588242252e+01 6.605475988738788828e+01 7.784865552687880097e+01 6.569223841337739600e+01 5.421748540053307863e+01 3.349173161379289354e+01 3.386752977053259883e+01 4.614211280335038623e+01 6.123698824251350459e+01 8.205282956464940014e+01 9.801289544236988149e+01 9.218430377432764544e+01 9.209767409598094901e+01 8.839633124466837444e+01 7.444414984638164867e+01 6.358670250426960280e+01 4.396837054842870884e+01 3.263687051871723810e+01 4.834419080945693281e+01 5.294798567499459097e+01 3.746436355929141371e+01 2.755736771165702237e+01 4.724588945284732944e+01 3.646719693774596749e+01 5.616374797092388604e+01
2.239863785106879172e-03 2.000223986378475161e+01 3.155613008590809088e+01 5.155613008477914150e+01 5.136414021502603333e+01 5.964841204066141245e+01 6.214428430788115065e+01 4.164092771475112897e+01 3.941361689162454240e+01 4.219218951799167883e+01 2.734585011878626659e+01 3.897887267572214398e+01 5.939378949498273386e+01 7.485400220333065135e+01 6.909306576015966073e+01 4.807167140812607897e+01 3.617619009738497482e+01 2.704026797582481478e+01 4.766318419868965606e+01 6.044100122183485269e+01 6.977610487375199000e+01 8.193216412592441600e+01 8.857743953644668977e+01 7.432615247480372034e+01 8.857743953644668977e+01 8.984011618771629060e+01 8.142829455616903545e+01 7.175594002302581487e+01 6.041171223645596911e+01 4.834419080945693281e+01 2.861627559292530520e+01 4.452175618824870185e+01 2.612162429510469863e+01 4.591656494103112607e+01 5.544442952022847493e+01 5.036052959614281832e+01 4.529475937983168166e+01
1.766589122093755728e-03 2.000176658912173977e+01 3.089744926912263523e+01 3.722200458992339378e+01 3.136414021308638667e+01 5.136414021502603333e+01 5.758994387780945345e+01 3.713641554446399340e+01 2.515355891341404870e+01 2.196908381972820479e+01 3.621849683984604695e+01 5.622633673535056431e+01 6.811821133760282976e+01 7.862443073983780550e+01 6.648907421186342503e+01 5.717736652910050310e+01 4.413984436942284617e+01 2.355535033415852553e+01 3.111821583355731846e+01 4.025614852190294357e+01 5.215602167506371956e+01 7.319421081841720422e+01 8.075046072958291177e+01 6.178306088393496509e+01 8.075046072958291177e+01 8.142829455651703086e+01 6.068744240874615059e+01 6.676229734872782728e+01 6.027354016980628160e+01 5.346481073528530459e+01 4.282041357200806431e+01 2.470912471433869584e+01 4.451122970997966632e+01 3.677999211566872617e+01 5.658079001731466917e+01 6.973340805873328918e+01 5.660142110866441101e+01
