LEM/sinusoidal_perturbations/elevation_000703.asc
nrows	100
cellsize	150.0
xllcorner	0
ncols	100
yllcorner	0
NODATA_value	-9999
[rows 34 to 50 of 100, columns 37 to 73 of 100]
8.069661805107412533e+01 6.760566325382805530e+01 4.752751659683594454e+01 5.920483033102166104e+01 7.908141443933037351e+01 7.988498047697498805e+01 6.163659089704557204e+01 7.988498047697498805e+01 7.728956486848936436e+01 8.564390380385201240e+01 8.598203900449321679e+01 6.731713361028421616e+01 5.331349212751441513e+01 4.161608182695437108e+01 5.949346092722981183e+01 4.802826422583142119e+01 5.479809411449600276e+01 6.487051907663985162e+01 8.438284941280879536e+01 9.644123022388140498e+01 7.705253837362243985e+01 6.728482250727897451e+01 5.983565618084826809e+01 7.268713146051142360e+01 8.078528351474305680e+01 6.830730459011560640e+01 5.466175894083195885e+01 4.049060306070936122e+01 5.964084386089925260e+01 5.193348066971270072e+01 6.516261851361032598e+01 8.532164464552194261e+01 1.032152033182204605e+02 9.664872218308025253e+01 9.413987475170212349e+01 1.027812647925487965e+02 1.147182089180324311e+02
8.382537755473890684e+01 6.396036564926155421e+01 5.255429220799460666e+01 7.257618634935137436e+01 8.733737478464045978e+01 8.986535614133615013e+01 8.156270629525732829e+01 8.986535614136028016e+01 9.664389478827040136e+01 8.862532735617456581e+01 8.758965660976457457e+01 7.412220625242679262e+01 6.331522001578967007e+01 4.322483236746192148e+01 6.331521633566116947e+01 6.801715312311755213e+01 7.462668424472431639e+01 8.268809348922341940e+01 9.243284851469744012e+01 1.045737299911322822e+02 9.484351938159448991e+01 8.587159653254701652e+01 6.641040331759997173e+01 8.587159653254701652e+01 7.663583613133842221e+01 6.127416792864834605e+01 4.134991813312456088e+01 6.047683845181770579e+01 6.868566547348990525e+01 7.048012415181665347e+01 7.619303793467217645e+01 7.617848662047211405e+01 9.072050659186646726e+01 7.643433989206825174e+01 7.383454796778570994e+01 8.544361096388711019e+01 1.064150503084253216e+02
9.209701188108770964e+01 7.853856390957585631e+01 5.856345057845273772e+01 6.893550470109626360e+01 8.877536200000479027e+01 1.024790926493902958e+02 9.445202020925179909e+01 8.771161585160847096e+01 8.234313770045012859e+01 6.924908003561601788e+01 7.310246825771940848e+01 6.031943285562755364e+01 4.604275198125026947e+01 6.331521716640219211e+01 4.724935539034497367e+01 6.728537732525018100e+01 7.938500907107859916e+01 8.801816360890074975e+01 9.916505297211459435e+01 1.118625739768636436e+02 9.243487277412229730e+01 7.875060131242989314e+01 8.587159653254701652e+01 8.339626287355160628e+01 6.219751810933448155e+01 4.892964020921091617e+01 4.196059493733770296e+01 6.193301145493189352e+01 6.340201664674540183e+01 5.573512741242577562e+01 5.669129768456132012e+01 7.635211966460326494e+01 7.451640827267124223e+01 6.245989253123401852e+01 7.382918803116041317e+01 9.400147575687688573e+01 1.118048644149398854e+02
1.033587965044433332e+02 8.510938506878501641e+01 6.515536877897193335e+01 8.510938506878503063e+01 9.706140628853127339e+01 9.445202020925090380e+01 7.538727769233580034e+01 6.835529260639901850e+01 6.272436989771055238e+01 5.762729505787046236e+01 5.318567609858789069e+01 4.894696462024595718e+01 6.609835221901086300e+01 7.419744875400166961e+01 6.728537732525018100e+01 5.139925699987311702e+01 6.044761679863601955e+01 7.186086181298331610e+01 9.109742304205848029e+01 1.082626865480211507e+02 1.062434403808226335e+02 9.812511471353914771e+01 9.232115696184119713e+01 8.383220740610275357e+01 7.578019109613333626e+01 6.453770044558413588e+01 4.495506613105914795e+01 4.284082035746234851e+01 4.346464365808087393e+01 4.408863878445960438e+01 6.379904692269492017e+01 6.819700399358563914e+01 5.510596863162608372e+01 6.610188211639000144e+01 8.601086476296001138e+01 1.024921860467142807e+02 1.040071834049838202e+02
9.436051982508128333e+01 9.338968623194560337e+01 7.477309041382818577e+01 9.338968623194715235e+01 1.079281858605856286e+02 8.887000962768293277e+01 8.771161585160847096e+01 8.771161585160847096e+01 8.234313770045012859e+01 7.743844574976530737e+01 7.128346490129750634e+01 5.130965029631415319e+01 6.558055411142500191e+01 8.530977733168576549e+01 7.943197869842543923e+01 6.307773595873597827e+01 5.612966147274121198e+01 7.598295977277243196e+01 8.083521537741182783e+01 9.712715557538055577e+01 1.071192148520025285e+02 9.553590661296040309e+01 7.526450495017941478e+01 6.370269596988672589e+01 5.616676780767036803e+01 5.084766948972152534e+01 5.900766840246669886e+01 5.698645259524822393e+01 6.340227411274512548e+01 6.401076785540293201e+01 4.497184189404268295e+01 4.915249588171431583e+01 6.819943353308215706e+01 8.284093888477994483e+01 9.438917982213608582e+01 1.122438038931797308e+02 9.220902024788968276e+01
7.725075089845924481e+01 9.902411823149772374e+01 8.839486769198302341e+01 1.032659359312165606e+02 1.160881756711203394e+02 1.079281858605856286e+02 1.068658381099627235e+02 1.040015975622352613e+02 9.037636998553239209e+01 8.237178716169013626e+01 7.367118883781328975e+01 5.373815440380813868e+01 7.314575510726118068e+01 8.636651955427137750e+01 9.071473721473445551e+01 8.268128397429822485e+01 7.029919733185724340e+01 6.114462877497795290e+01 7.070256659059273829e+01 8.213574535680815814e+01 9.880395351008948523e+01 1.040885061939310816e+02 8.389153809840719589e+01 6.915026498990046377e+01 7.667579977333427621e+01 6.132117821739241492e+01 7.904280504167316224e+01 7.685730124543194108e+01 8.111336451357675514e+01 6.943124152402924665e+01 4.989492909206262539e+01 4.586970702348182272e+01 5.586123077746903220e+01 6.990730923456075629e+01 9.049290705049148187e+01 9.987704756177929255e+01 8.790428611517216950e+01
7.633351349644524930e+01 9.017963635251095411e+01 1.084558292757097036e+02 1.174323759313329703e+02 1.176038037822370796e+02 1.079785345533611149e+02 9.989672436620099916e+01 9.358795776892569052e+01 7.675114240882948025e+01 6.272716432390505048e+01 5.847127829338938909e+01 7.367118883781328975e+01 5.908576000098877756e+01 7.322297141178277968e+01 9.256409412186830821e+01 9.775980710167733889e+01 8.886853546827737205e+01 7.117937071791185133e+01 6.744254878041176937e+01 7.398910545963232721e+01 1.005756681714106264e+02 1.135329057639431625e+02 1.016046979359206972e+02 8.320158084528026166e+01 9.024664687203346602e+01 8.159803066238474401e+01 8.984375932875857984e+01 8.111288534818008600e+01 6.218103159251345602e+01 5.697182566642848656e+01 6.637144057392126228e+01 4.650607696288520287e+01 6.637518335989786067e+01 8.354353362747781375e+01 9.665814872918032563e+01 8.564319078733218760e+01 7.169002862614902938e+01
8.933424227108561411e+01 8.608277852116482620e+01 9.689193300083499594e+01 1.164239032785384467e+02 1.094140175201028171e+02 9.037943121229915278e+01 8.097042457437507323e+01 7.449040269447354490e+01 6.948822348444502950e+01 6.675873139017286917e+01 7.827560014129713295e+01 8.283314938624269530e+01 6.316709705482212911e+01 7.719652457279025271e+01 9.644116545688831366e+01 1.088962907805470763e+02 9.854306053747561123e+01 8.487446672744417242e+01 7.279240042953006196e+01 8.647136508689173695e+01 9.534197963406512599e+01 1.173201020937292611e+02 1.174156949209640146e+02 1.010962273561077183e+02 9.575776339321447495e+01 8.529572212216626781e+01 7.740086181751492234e+01 7.072765038678033989e+01 8.111336453984905859e+01 7.612083852361914182e+01 6.699784903668829372e+01 4.714448357574526227e+01 6.117267103813119178e+01 8.067167381294268580e+01 8.879900652856285603e+01 6.911645898746058947e+01 5.786320150177078858e+01
1.085308722379498221e+02 9.940456983175381822e+01 1.133792428440089282e+02 1.247538040816338309e+02 1.176038037822370796e+02 9.989672436620101337e+01 9.008148866463206161e+01 8.800714622641402229e+01 8.881356900031263990e+01 7.280872121247433881e+01 9.201066951886686240e+01 9.085803917641220551e+01 7.469449660740984598e+01 7.011548355420399048e+01 8.146615417732840569e+01 1.007279617941659353e+02 1.122116531945350744e+02 9.867880559888008918e+01 7.974796640792432356e+01 8.499033683678872819e+01 9.836559844072610304e+01 1.181324884952458376e+02 1.283187671011817486e+02 1.187553230800618564e+02 1.100910791909658997e+02 1.025829437045034354e+02 9.556401302836317768e+01 8.926484678422733055e+01 8.036750763739416925e+01 7.210388792017157300e+01 6.760811702039811166e+01 4.778615512981292568e+01 6.762189813098781599e+01 7.898771619208523020e+01 8.707135717459665614e+01 7.605232718703489070e+01 5.642194290508693655e+01
1.234944190980378238e+02 1.190107611124167164e+02 1.184215516790894469e+02 1.268184660358645601e+02 1.274897503157700811e+02 1.173645376696820932e+02 1.091899560818659438e+02 1.070612286839055685e+02 9.834584519610784525e+01 7.934031816438501039e+01 9.834584519610784525e+01 1.020092340361748029e+02 9.395075583470926972e+01 7.759909151581170761e+01 8.099293292787352527e+01 9.899826375694770775e+01 1.122763846967940538e+02 9.304650392185988039e+01 9.304650392185988039e+01 1.040815615691758182e+02 1.123559728656686048e+02 1.216567668613245985e+02 1.115918463847791031e+02 1.032421053010597092e+02 9.560809903205694127e+01 9.009795754692332537e+01 9.728809175077277871e+01 8.373548492117176067e+01 7.211695116587353027e+01 5.213793937342872908e+01 5.029212929523461639e+01 4.843770758989765568e+01 6.825632550493634199e+01 6.090030511024812654e+01 7.117302141882377953e+01 7.260721330787767158e+01 5.499569123436474882e+01
1.117818185254493812e+02 1.150267932587164239e+02 9.793679320203503380e+01 1.150267932593718854e+02 1.271884987731801999e+02 1.190373599640790303e+02 1.164844564190699145e+02 1.246353370391690021e+02 1.064164588115015135e+02 8.882551484779031625e+01 1.064164588115015135e+02 1.104255342011389018e+02 9.115424032218960804e+01 9.114822601996013418e+01 9.118403429081396894e+01 1.072387789044736053e+02 1.205691820048125464e+02 1.122763846967940538e+02 1.122763846967940538e+02 1.170684648916013799e+02 1.254607309336816030e+02 1.132953378250691969e+02 9.318887277705006511e+01 8.304442320617039286e+01 7.499103744203723920e+01 6.919468434285926151e+01 7.666806072606982525e+01 7.546714259869159491e+01 5.550603367650639797e+01 7.211695116587353027e+01 6.982338010111348581e+01 6.756870257706570726e+01 4.940334209054012149e+01 5.008412431987078151e+01 5.153750513072112938e+01 5.297704521544440581e+01 7.257831218758599334e+01
9.138889165372670220e+01 1.057900640874681812e+02 8.618690352619005068e+01 1.065946378953179305e+02 1.190373599640790303e+02 9.920316881984189195e+01 9.661439118374350699e+01 1.131958337965110246e+02 1.160372655287247596e+02 1.078661755444254169e+02 1.160372655287247596e+02 1.186322396847962040e+02 1.104255342011389018e+02 1.104085481967885727e+02 1.106267117054728146e+02 1.193880420367569997e+02 1.158832556325691741e+02 1.239916871499867455e+02 1.137343436709243036e+02 9.673706561365450796e+01 1.137343436709243036e+02 1.216567668613245985e+02 1.098680093979620125e+02 8.970145076027439757e+01 9.560809903205694127e+01 8.270753788649304283e+01 6.254260179691898003e+01 5.916293977731818643e+01 7.546715061017687276e+01 7.546715061017688697e+01 8.319904308446116659e+01 6.338669069688355506e+01 6.917553965846963138e+01 6.982673993558663028e+01 5.115878424358361087e+01 7.086437498783762123e+01 7.420411756393575331e+01
7.717399406299978182e+01 9.567275550505095794e+01 7.864158917048416697e+01 9.888121933064836355e+01 1.176503920203720668e+02 1.050124689066387447e+02 8.496219689992250323e+01 1.050124689066387447e+02 1.086026698270512583e+02 1.167821065414499770e+02 1.196998828186510906e+02 1.113026881630305951e+02 1.196998828186510906e+02 1.161334821179016501e+02 1.077756202691044081e+02 1.077756202691044081e+02 9.643925873421572703e+01 1.131536393698193308e+02 1.053301260454767743e+02 8.512508382723633815e+01 1.037523710480393930e+02 1.121489639095626245e+02 1.182230024650549751e+02 1.098680093979620125e+02 1.009964535751658588e+02 8.325735656232475890e+01 6.344882780059171523e+01 7.893548475626774064e+01 7.893548475626859329e+01 9.537622365053381657e+01 9.154747462068834807e+01 8.324011733012606840e+01 8.438050380996355671e+01 7.356512149135222955e+01 5.381072975334227948e+01 5.226628065218188368e+01 5.993813428983848723e+01
6.729712385420313581e+01 8.394271363050296486e+01 7.206856425882990891e+01 9.213467176877075815e+01 1.094705814794986622e+02 8.951824777063089300e+01 7.891854364792422416e+01 9.448720673457506791e+01 8.864039048249448172e+01 1.086026698270512583e+02 1.095637902618495048e+02 9.103068369205539057e+01 1.095637902618495048e+02 1.077756202691044081e+02 8.772865212395707601e+01 8.772865212395707601e+01 8.510636158497466397e+01 1.048932079188288071e+02 9.769333791132999067e+01 7.765872287350703118e+01 8.361302922212456679e+01 9.780832738049942066e+01 1.181025618855524897e+02 1.042280491544225214e+02 8.421041855203955606e+01 7.270179834112470019e+01 8.325735656232299675e+01 6.854276055455373751e+01 8.849780902732976529e+01 1.072038785506909448e+02 1.011622312548277591e+02 8.651513916409116689e+01 6.872849464205832248e+01 5.757629186828322077e+01 6.413587315416539525e+01 7.193533860622513032e+01 5.336483394608342934e+01
5.923078362468333324e+01 6.403703327055880834e+01 8.394271363050296486e+01 1.005589533817375383e+02 1.064384462006046164e+02 9.317956922467908498e+01 7.318011648845859440e+01 7.448126085201288049e+01 8.631981352890650783e+01 1.062658378696414871e+02 1.011666859275430141e+02 8.102603436665391712e+01 1.011666859275430141e+02 1.077756202691044081e+02 8.772865212395707601e+01 7.377870056465965831e+01 9.360027315143999260e+01 9.253419104725591637e+01 8.419499651110811556e+01 7.113118930248644745e+01 8.511166672329790117e+01 1.052673610044429466e+02 1.189755988500285184e+02 1.125771047020205629e+02 1.009964535751658588e+02 8.421041855203955606e+01 9.234411244275287345e+01 7.235813363222891326e+01 8.647965619006225779e+01 1.065021622639491454e+02 9.270966252556475240e+01 7.258053518144295424e+01 6.144571515095062608e+01 7.706411742878995597e+01 8.055305633553302869e+01 6.985065173510611203e+01 8.386907312398159320e+01
7.337483111688479198e+01 8.394271363050296486e+01 9.233443282541453812e+01 1.005608944450424929e+02 8.649555154121210876e+01 8.923337747605539505e+01 8.098688362626877790e+01 6.636581746731849307e+01 8.631981346806018962e+01 9.426806038367783458e+01 8.590931769213868563e+01 7.441610658398808198e+01 9.445313537688900851e+01 1.033690636163135963e+02 8.866787038074724592e+01 6.887661991126279304e+01 8.227216009064319735e+01 7.958788148909653160e+01 6.437904553009705921e+01 6.916675554991414288e+01 8.900695062432251348e+01 1.023854992011134613e+02 9.865695938914436169e+01 1.189755988500285184e+02 1.125771047056684040e+02 1.042280491544229619e+02 9.650854876569847818e+01 7.653661377129478183e+01 9.063789807376838326e+01 1.106815532861132851e+02 9.535958473378359201e+01 7.517666651754478835e+01 8.108810441667726820e+01 6.575362101454625474e+01 8.565328823613315024e+01 8.520682744339065096e+01 9.880253584435585879e+01
6.008150863413666798e+01 7.417121812767852873e+01 9.434559510535591187e+01 9.058553143064833080e+01 7.234616485293688015e+01 8.098688255161147254e+01 6.098458312956937277e+01 8.098687426918029075e+01 9.456182908631316764e+01 8.590931777037515360e+01 6.594010160447226099e+01 7.861759081620057543e+01 7.493700368275206358e+01 9.499432615178295691e+01 9.699428739721733450e+01 8.227216009064319735e+01 6.243408229138288590e+01 5.968864047169454778e+01 7.958788148909653160e+01 8.900695062432251348e+01 7.656226493619330142e+01 8.223536148867022177e+01 9.116244576693746637e+01 1.055057561870280693e+02 1.258523657645868923e+02 1.128881491142143858e+02 9.282731759192638776e+01 8.207946839514028170e+01 9.282731759192638776e+01 1.128881491142143858e+02 1.038110815045706374e+02 9.535958384868727933e+01 8.899840373485338318e+01 6.892856552213039834e+01 8.899840573905382257e+01 1.044900926732122173e+02 1.028715615995414225e+02
