LEM/sinusoidal_perturbations/elevation_000863.asc
nrows	100
cellsize	150.0
xllcorner	0
ncols	100
yllcorner	0
NODATA_value	-9999
[rows 17 to 33 of 100, columns 37 to 73 of 100]
5.837156512661280061e+01 7.517215910632791065e+01 6.928754055224499098e+01 4.909784971091292505e+01 6.928754055224499098e+01 6.338172651785831135e+01 6.323692681663844439e+01 4.653794008406120497e+01 5.085482980930834884e+01 5.650793652268584566e+01 6.266258646930726428e+01 7.434694989650537877e+01 9.428117802511711432e+01 1.116894894444092756e+02 1.034525037786525843e+02 1.034525037786525843e+02 1.017666679498768048e+02 8.170458451459083449e+01 7.497817849364969334e+01 5.460208490017102179e+01 5.732317557195624147e+01 7.769942238599396944e+01 9.121407787956624702e+01 8.401063865333034641e+01 9.115122990767278566e+01 9.940497598593564987e+01 1.093933967431736534e+02 1.173227922069766578e+02 1.091238673042165885e+02 1.091238673041716822e+02 1.038124792584219023e+02 9.855807409046632017e+01 7.889482355705567329e+01 7.329233571849778173e+01 5.327737254308264170e+01 5.094341085614015441e+01 6.544280109184377636e+01
4.670845393507305943e+01 6.688181942976866878e+01 6.407439556326805530e+01 4.390476406139244858e+01 5.766859356123998026e+01 5.989043098405039700e+01 4.301899591222512953e+01 6.323692681663830228e+01 7.110615046460236499e+01 6.173979872241261546e+01 7.602256863875258830e+01 9.100168108848451709e+01 1.024917459716694026e+02 1.034525037786525843e+02 8.325992366717603943e+01 8.325992366717603943e+01 9.747470655579257937e+01 8.170458451459093396e+01 6.136576461042996300e+01 5.228156840716148679e+01 6.990449696686238212e+01 7.824615764481741564e+01 7.493464771195993990e+01 6.371610594525554916e+01 7.095458791716440317e+01 8.114187658370630629e+01 1.011605832316483031e+02 1.091238673041953149e+02 8.925047298876640411e+01 8.925047298876638990e+01 8.381818849799581983e+01 9.791790549809759625e+01 8.489217590080772879e+01 6.420389589421343146e+01 4.974416486411215743e+01 6.890397066822669103e+01 7.725058561610629226e+01
3.920181947630860009e+01 5.925700317602589706e+01 5.918256383472562021e+01 3.910030751327699505e+01 3.760415679957463908e+01 3.973903808742764454e+01 5.989043098405039700e+01 5.954160590857146929e+01 7.967921929337512665e+01 7.342616142785506383e+01 9.009847524255332019e+01 1.041743818453023778e+02 1.100396984232466906e+02 1.025727425953874246e+02 8.222830744068986064e+01 6.833653541771980144e+01 8.917419345217487603e+01 8.999596192574914255e+01 8.094229796201246074e+01 6.990449696233729071e+01 4.965490612473905685e+01 6.725698478220640197e+01 5.462146094965337539e+01 6.901313448752139834e+01 8.923044524816654643e+01 9.940497597432769794e+01 1.093933967252127104e+02 1.091238673041290923e+02 8.925047298876638990e+01 7.487799917523443582e+01 6.927082706400209133e+01 8.287319613914034733e+01 9.116572435461759483e+01 7.644747758609645416e+01 5.932182666019527773e+01 4.862013538711121896e+01 6.770382631920537619e+01
3.362400167864656453e+01 4.999962312502945849e+01 5.186760439520345756e+01 3.466886148893461694e+01 5.459135116581347802e+01 5.192712771519753545e+01 5.246319895610826478e+01 7.261827138575790741e+01 8.793186145603199577e+01 9.338516046496913248e+01 1.016006703412718366e+02 1.051315809701559374e+02 9.263624744049376147e+01 9.875907705334422815e+01 7.668244701726689527e+01 6.090017652206692844e+01 8.222830744068984643e+01 8.746231768517453986e+01 7.915824341216529092e+01 7.328082456955566215e+01 6.493512888219346735e+01 4.709839178768713452e+01 5.200636120426010223e+01 7.222774899310255137e+01 8.818473788591794005e+01 9.718579177828462434e+01 1.087231573387407764e+02 1.091238673041716964e+02 8.925047298876640411e+01 9.507125541855430129e+01 7.696049655243010079e+01 6.227491911802136570e+01 7.692698574764769148e+01 8.421872173262615036e+01 7.585180767676153835e+01 6.770248518986227282e+01 4.754248139173802201e+01
2.853150093943897048e+01 3.031638923888923642e+01 3.209874985757809895e+01 5.186760439581035342e+01 6.290619502780572958e+01 7.006397607658711024e+01 7.248894722882565134e+01 7.261827138575790741e+01 9.262327364998894552e+01 9.083357532653717215e+01 9.948520749906013805e+01 9.728131877576198860e+01 8.077340930650015594e+01 9.471894846787596123e+01 7.233344416625577367e+01 5.518233342985704581e+01 6.940464470432398514e+01 7.790909164443704071e+01 5.894619972439380007e+01 6.265517884748685162e+01 4.484563708324868969e+01 5.227934899405038749e+01 7.099163019575506439e+01 5.961655670260470430e+01 6.872196014497612282e+01 8.046249875290870079e+01 1.004879944772689271e+02 1.173227921563651392e+02 1.091238673041716964e+02 1.053709521644843790e+02 9.116572435845731093e+01 7.692698574764769148e+01 5.638054204096374633e+01 7.158527764309336305e+01 7.995959315749426821e+01 7.396989012841679312e+01 6.562553990139285531e+01
4.572902103187507805e+01 4.999962218223443244e+01 5.186759781129871527e+01 6.017606631042124121e+01 7.465049246300081620e+01 6.612276261520217702e+01 7.465049252359860077e+01 8.683173519770730309e+01 8.733409414638065016e+01 6.972117997827577085e+01 8.733409414638065016e+01 9.008481150305478025e+01 7.201146721050544386e+01 9.008481150305478025e+01 8.158235258398835299e+01 6.049134302120321394e+01 4.840779960204859833e+01 6.339514424373545864e+01 6.046594625027875480e+01 4.262996557228419903e+01 5.027930964978640560e+01 6.956667514177655676e+01 8.393138126474238447e+01 7.989062746429920026e+01 7.136831665210308984e+01 8.308245775010402667e+01 1.030750477522675936e+02 1.030757489986951185e+02 9.483420309698081496e+01 9.483420309698081496e+01 9.716607776922657536e+01 7.692698574764769148e+01 7.158527764309336305e+01 5.137323028838349614e+01 6.679375549260333855e+01 6.474374303194069569e+01 4.572918648292717592e+01
5.199095514798586493e+01 4.917322488939312564e+01 5.594680526574479984e+01 6.053494229885583877e+01 5.463045238981960239e+01 4.451104282458253891e+01 5.699390620775088934e+01 7.859301237527242279e+01 7.864432818898069399e+01 5.767471153874215162e+01 7.864432818898069399e+01 8.390096487720406060e+01 6.533583681162181733e+01 8.390096487720406060e+01 8.993393287713662687e+01 7.790909057046266639e+01 6.339514423186432168e+01 4.353313143657595674e+01 4.048355118815489107e+01 6.046594501443352243e+01 7.017314490426056750e+01 6.401832351584668857e+01 7.510077494894412098e+01 9.456569681277025552e+01 9.153232053271410962e+01 9.978635239944837565e+01 1.113103350704334531e+02 9.483420309698081496e+01 7.471537073831785847e+01 7.471537073831785847e+01 8.889555986850649560e+01 9.191207774209782144e+01 7.158527744946759697e+01 6.679376470319623138e+01 4.702047609991118549e+01 4.494412500750792816e+01 6.376216718805698491e+01
4.377859544369585620e+01 2.997268805673671466e+01 4.710280686227540059e+01 5.120887284674575568e+01 3.353397302395615043e+01 5.450714499558210946e+01 7.115589968949274180e+01 7.059573279167651094e+01 6.193075526694563138e+01 5.043570148720601765e+01 7.123044912284767349e+01 7.843635270090804568e+01 5.951248086048742181e+01 7.843451153108266283e+01 8.061391115830048193e+01 8.829405320394934620e+01 7.190966347411514903e+01 5.899838846879607956e+01 3.897562383316086709e+01 5.700470181287791149e+01 6.353228341512072319e+01 7.265267353153218721e+01 8.839252815884663050e+01 1.027441422790131327e+02 1.046172770116668431e+02 9.643400335901820597e+01 1.046172770116668431e+02 9.224391025603112837e+01 7.208999231337962499e+01 6.026043512115975176e+01 7.193194748242534331e+01 8.026324945436590497e+01 7.135430343748099347e+01 6.301969540585641028e+01 4.413539831808956393e+01 5.040803090597569991e+01 7.056332956044420257e+01
2.475142544477259321e+01 2.511351710352603206e+01 4.320632870239717249e+01 4.534849060977143864e+01 2.795470665095828977e+01 3.960817958554346774e+01 6.085335798697823861e+01 6.193075526694516242e+01 4.143477274443377212e+01 6.193075526694563138e+01 6.961621619564419916e+01 7.347403929697159697e+01 5.432024704513295177e+01 6.681206171606744704e+01 6.228138719543360935e+01 7.900419799965685286e+01 7.324068240649909001e+01 6.720752920382082607e+01 5.698924976499088046e+01 3.702988865408965324e+01 4.427614087741419979e+01 5.635364513047295532e+01 8.038198706382952707e+01 9.537327740432456835e+01 9.453067529888652132e+01 7.608805911109608644e+01 9.453067529048557560e+01 1.004896864518264152e+02 8.365544790737119740e+01 6.335329259203557939e+01 5.122047280982313566e+01 6.502808292968020965e+01 6.217257124185409367e+01 4.331867966953740989e+01 6.301969397503105341e+01 7.056760424461162984e+01 6.202463732166315680e+01
4.437255344337967244e+01 2.629095614645613566e+01 2.562968724714201230e+01 2.599037818623070706e+01 2.634735900051886759e+01 4.423490853685090229e+01 5.390406096956625248e+01 5.656099861144083008e+01 3.637823373171471530e+01 4.987795121832894552e+01 4.961167938578418557e+01 6.783039511152180978e+01 6.108676074514639254e+01 4.747089088212980812e+01 6.533073813931939355e+01 6.081553250779269604e+01 4.669099516418527429e+01 5.739279975259653099e+01 5.355233445132649450e+01 3.571173411681447618e+01 5.570190704393692016e+01 7.265267408135154881e+01 6.875548820822582741e+01 8.308167019058640790e+01 8.626103123506574377e+01 6.542859162120404903e+01 7.889565157525633765e+01 9.923667323965847231e+01 9.196204246488208867e+01 8.026325138374990331e+01 6.502808293006927443e+01 4.477405897937544665e+01 4.248439392365258982e+01 6.217257023651798420e+01 5.619497307190013657e+01 7.002721451342192438e+01 8.223751432614882617e+01
4.765795437802929513e+01 2.796841561414704813e+01 4.526852205951890085e+01 4.562263747840480477e+01 4.589517234789482103e+01 2.685134974377237427e+01 4.639229039510689034e+01 4.717623005271047276e+01 3.132353537327487558e+01 3.165420786719524315e+01 4.122667513491570190e+01 6.036801564020576905e+01 4.152492325754909075e+01 6.100012475331471506e+01 5.573152006492733790e+01 3.203366912703365443e+01 3.166570016620802974e+01 4.425183152077170234e+01 3.389931823231215446e+01 5.371176472258559897e+01 5.995033073582737160e+01 6.276421546294908183e+01 5.528147793907806573e+01 7.491464613638054004e+01 7.889565157525645134e+01 5.774482652440611474e+01 7.288561526413987224e+01 9.340476074730047173e+01 9.292256091236232862e+01 8.539824482802248440e+01 6.502968391519277702e+01 6.155724714849439039e+01 4.189274985530938267e+01 6.134487309565247415e+01 7.437057516176929539e+01 8.418082921872010616e+01 9.833439956998554976e+01
3.056056867409987632e+01 4.179901555046712502e+01 5.595404195458429797e+01 6.185984333465442120e+01 4.345004897572628266e+01 3.139195141603609329e+01 2.735529645511322983e+01 2.771307478805332991e+01 2.806914974797564355e+01 2.842384136109948756e+01 4.722235966418917741e+01 5.180497425310900184e+01 3.761672275335498483e+01 5.639648372880668603e+01 4.278126530219017098e+01 3.116359055278754653e+01 4.168555215279592119e+01 3.216369177994072004e+01 5.172836771070453210e+01 5.284118712295742171e+01 3.896766341897675545e+01 4.283483420378582451e+01 6.279527661470304878e+01 7.424381955036139402e+01 6.571312350058853724e+01 5.194620557918342030e+01 7.324250092758524033e+01 8.767249123498599772e+01 7.456858667458547529e+01 8.556890025604754157e+01 7.535495443847027275e+01 5.605105293565743096e+01 4.613108865965190120e+01 4.105218709284216771e+01 5.747952001550100931e+01 8.223104840050277176e+01 9.650590211853763378e+01
3.235005861917198899e+01 5.207500275968352099e+01 7.009549627841403208e+01 6.488097030079153171e+01 4.572646628375313327e+01 4.699469515168215139e+01 3.036341744328682424e+01 4.684953252119907319e+01 4.762145889297169532e+01 4.739635257393948820e+01 2.892048052115469758e+01 3.240814830512530165e+01 4.914726614988165210e+01 4.961794583301067263e+01 3.065186379100725134e+01 4.993987267514805950e+01 5.342287110204301825e+01 3.943464172227962194e+01 3.268732329202848064e+01 3.306011316494514318e+01 3.343445570536084688e+01 5.321480594803107778e+01 6.214730055276014298e+01 6.078569615379958435e+01 4.419776308243969964e+01 6.269876590994290666e+01 6.687238633887713490e+01 7.552857677444414719e+01 6.172944170719694768e+01 6.393409918178249285e+01 6.566900438445260590e+01 5.942644040643109093e+01 4.021002211064869414e+01 6.027206622888470378e+01 7.667944942725141289e+01 9.104955247866483603e+01 8.605026557989356206e+01
3.412925035848381583e+01 4.806431347608968707e+01 6.820176900940879250e+01 7.307684359896660453e+01 5.873191877001775651e+01 3.940057947721325604e+01 4.978784787629365383e+01 3.540327032252720585e+01 5.487033098099388440e+01 5.330751442308032040e+01 3.417930306715363287e+01 2.941387129659694466e+01 2.975995737051080070e+01 3.013257194858419297e+01 4.974430385781289488e+01 5.028072108848802202e+01 6.151038574083614918e+01 4.156728087131295268e+01 5.241218980513183823e+01 4.672955280030334535e+01 3.829906881158243692e+01 3.397087232687028546e+01 5.382407591849909778e+01 4.427654959349473529e+01 5.542378723171807309e+01 3.738601486820807906e+01 4.909020312476823733e+01 6.790177992393414286e+01 6.670874970600370091e+01 4.839773566957546791e+01 5.576644408662468066e+01 3.936846355463146097e+01 4.444414085194802766e+01 6.650453447846656729e+01 8.108891240193744920e+01 8.191457042659935439e+01 7.201524031948228810e+01
3.605871954051999495e+01 5.010144781187172214e+01 7.026069798052671445e+01 7.076476337196143618e+01 5.174041932679283917e+01 5.316736236290997653e+01 5.487064412730660479e+01 5.487064466576543964e+01 4.112252505545700387e+01 5.795025096427213640e+01 5.373219822986465743e+01 4.159303672344108804e+01 4.936946823448414534e+01 3.010588048390254201e+01 4.994456186973560818e+01 6.847626842551132142e+01 6.958916127691652775e+01 5.039961697353270864e+01 6.897005810786153290e+01 6.366090530756372345e+01 5.027159545277906716e+01 3.865085975863887313e+01 3.451652075835361444e+01 3.490817882237244874e+01 3.530669273685246168e+01 3.571072435584309801e+01 5.384059925496480048e+01 5.982985978495356960e+01 6.290376531120842429e+01 5.521958172439719448e+01 3.853006767080700001e+01 5.852462746586856923e+01 6.573318954461500141e+01 7.387470409550498118e+01 6.076840665782258810e+01 6.948330295358141484e+01 5.318596825383605164e+01
3.806549484262612282e+01 5.810330922727430902e+01 7.677807424935741665e+01 7.865117241886908062e+01 6.525661781540067352e+01 7.216864890056606896e+01 7.390967826892523362e+01 6.464717138638125959e+01 4.533665374338200849e+01 6.464717138245345041e+01 7.174203906702467748e+01 6.393381160923929230e+01 4.848625313168380302e+01 3.221123769399238768e+01 3.147519328340325018e+01 6.159602824325119030e+01 7.349737922271985724e+01 6.183851920284711667e+01 7.811076103997108078e+01 7.875428756701600719e+01 6.925735202911626232e+01 5.816837907580983824e+01 4.120047720855093587e+01 3.982857748215577942e+01 5.464605115825331438e+01 5.566348340562619512e+01 3.629514698069884560e+01 4.782016849358720378e+01 5.340134433498004540e+01 3.792016732580266591e+01 5.772235591387076425e+01 3.942866302979506798e+01 5.867104271914623581e+01 6.294211087283205330e+01 4.648162619229918135e+01 4.914810112834089040e+01 6.942203720041970882e+01
4.015552789990718452e+01 4.830536378634935346e+01 6.259961112608775835e+01 8.270662604573182364e+01 8.406260307813579402e+01 8.457645071123471325e+01 6.618854406012586367e+01 5.260368570757355400e+01 5.671181528706254937e+01 7.233145587527118892e+01 8.344104174405049434e+01 6.202594797927989845e+01 4.739473443777303174e+01 4.964607975779575355e+01 3.237772069502304362e+01 4.254979921602586046e+01 6.565705711847662940e+01 8.128887635237984455e+01 8.920882873741027197e+01 8.329606698913978846e+01 6.438423598602622633e+01 5.172746839412289432e+01 5.941795970291062901e+01 5.836975536630819050e+01 4.710476818711958202e+01 6.332172215430226458e+01 5.650113934327541187e+01 3.688735176340212263e+01 3.731327859165933347e+01 5.774902710626420088e+01 6.645709410968947850e+01 5.950916218403100544e+01 4.032899316190646744e+01 4.282866842062689727e+01 6.295599486322147698e+01 6.948330295357999375e+01 7.782308064774743173e+01
