LEM/sinusoidal_perturbations/elevation_000999.asc
nrows	100
cellsize	150.0
xllcorner	0
ncols	100
yllcorner	0
NODATA_value	-9999
[rows 34 to 50 of 100, columns 0 to 36 of 100]
2.064481644892168701e-03 1.414420010537596717e+01 3.414420010537666883e+01 3.940141895037086073e+01 3.111441436306306585e+01 1.511254857050625056e+01 3.511275328280304819e+01 2.575041482007440408e+01 4.574850874331781370e+01 5.884748828702657875e+01 6.591624781819402301e+01 7.416872595189386175e+01 8.568942137223464783e+01 7.588343580099461860e+01 5.638404211426326640e+01 6.546057218254826182e+01 7.353767864509300978e+01 6.684223185769315023e+01 6.842832617481556667e+01 5.283169486553831007e+01 3.295311860441977103e+01 3.850982057842114159e+01 4.428394117003288954e+01 5.092878857395287895e+01 6.082164993315190316e+01 8.034526863576864741e+01 8.866172435458668133e+01 8.074587762343155362e+01 8.381109710161391035e+01 7.441473576312603200e+01 6.295638291847500767e+01 5.192122813653391233e+01 3.240872463706890017e+01 2.232376122770337901e+01 3.828039778424492567e+01 1.965693873773557598e+01 3.961099461780830211e+01
2.905961989428186391e-03 2.000290596198907167e+01 2.480175911303484426e+01 2.726266148368722497e+01 1.111254857050621503e+01 3.110966859306965659e+01 1.942585949864411532e+01 2.379021730336982188e+01 4.378929324599348405e+01 5.600196785125613985e+01 6.232563595644967336e+01 7.059200449755590512e+01 7.952669656809632670e+01 8.396063961434838063e+01 6.769469136464590520e+01 8.396063961434838063e+01 8.544128105440749721e+01 6.593807440875863790e+01 5.201226653429669256e+01 4.052042711912905304e+01 3.575952359261872715e+01 5.561153144496963563e+01 6.402938555235641616e+01 7.058076744334958619e+01 7.869057179199664631e+01 8.849102094402498153e+01 8.793234239077702341e+01 7.798836544975297613e+01 6.392777108186116664e+01 6.618359737544074051e+01 4.634762661982580312e+01 3.489538580035674897e+01 2.594626474230421920e+01 4.236901541796667914e+01 4.462436072620219818e+01 2.690227040126890756e+01 2.017137702813178990e+01
3.542675937824442140e-03 2.393999894606616330e+00 4.801716956322010788e+00 7.263546775908675812e+00 1.542851258687701588e+01 3.542704407011093082e+01 3.942513708713074294e+01 4.378929324599675255e+01 3.045688397743802867e+01 3.600388597301041216e+01 4.232844157668670704e+01 5.127271943294283574e+01 6.541446426585062568e+01 8.539843323450965329e+01 8.706947168963803563e+01 9.518248394314646532e+01 8.896545648240935122e+01 6.958197676421238498e+01 4.991808994244036768e+01 5.844287352139978253e+01 3.862347496330410479e+01 5.844287352139978253e+01 7.162268494649283923e+01 7.970465804438089208e+01 8.842714833339319114e+01 9.375261391619201845e+01 7.387236641497705136e+01 5.980859687880174391e+01 4.989228810440545914e+01 5.982209943895267656e+01 5.593914802479583415e+01 4.844853139510453133e+01 2.856921548459530769e+01 4.844853139510438922e+01 3.795501137263713787e+01 4.249072274986666997e+01 2.532791833639576495e+01
3.411803931810562015e-03 2.000341180393145635e+01 2.480175911300652558e+01 2.140568693319256965e+01 2.726294029988260803e+01 2.957059878722042257e+01 4.956579422688696468e+01 5.872823079287309156e+01 4.200388938104565284e+01 5.600196785125626775e+01 6.232563595665693867e+01 7.059200449755590512e+01 7.952669656809632670e+01 8.146785343224325970e+01 8.961987968355757062e+01 9.461584520628251482e+01 7.515365562759978957e+01 6.133028379933804075e+01 6.958197676421238498e+01 6.205295423584159664e+01 4.227972781870003871e+01 4.569144651368554122e+01 5.199169207368348822e+01 6.084253985860695479e+01 7.465846669192670504e+01 9.407047504790114090e+01 8.221743195142279603e+01 7.396425211294624091e+01 5.982209944668777268e+01 4.003061992952156345e+01 3.614895352601270417e+01 3.243658624955457270e+01 4.844853139510453133e+01 5.666984151913896284e+01 4.675255429970566468e+01 5.511899174722828576e+01 4.368609252633279993e+01
3.327314952832964925e-03 2.000332731495247884e+01 3.723532309404459539e+01 4.140589000212538195e+01 4.725732386769156790e+01 4.956577593891228872e+01 5.782298944951017461e+01 5.930135516217344360e+01 6.200060979304454634e+01 7.026631962385361874e+01 7.333925576314844363e+01 6.502277449878961590e+01 7.330006916516892090e+01 6.154222758139626848e+01 7.815722621261095071e+01 8.808973448549228635e+01 8.896545645362674293e+01 8.085399897845786654e+01 6.741431217258708841e+01 4.771542526241641013e+01 6.205295423584159664e+01 5.969134936597134811e+01 6.183106448698273994e+01 7.162281465696095495e+01 8.842714833339319114e+01 8.804176283250295398e+01 6.813315624857717978e+01 5.406631852025361695e+01 4.747438102912082059e+01 5.977412477325069773e+01 5.582043087353979161e+01 3.651361615237309621e+01 5.630653219543243893e+01 7.432496321357858449e+01 6.025713128216727910e+01 5.996538547621558735e+01 3.937350306287071788e+01
6.779948344387334673e-03 8.951051858343623380e+00 2.309318748207482486e+01 4.309318748209345529e+01 4.368179125380837036e+01 4.555394728882375688e+01 4.297219122121788359e+01 3.930229537156507291e+01 5.930135516212376245e+01 7.499494991067558658e+01 6.330522150644087986e+01 4.502247435267528886e+01 6.055262036402612580e+01 4.999744938537309480e+01 5.999635868520937976e+01 7.412033484938513084e+01 9.395992845939035476e+01 8.511161343232035392e+01 6.563905661956339088e+01 5.170181501101686905e+01 7.134243646297952068e+01 7.923266265720309320e+01 8.136096233203637951e+01 8.945891367492635027e+01 9.921718089400903295e+01 8.804176283250301083e+01 6.813315624857717978e+01 6.733160758209493224e+01 6.733160758209545804e+01 7.513951935161368567e+01 6.053011145944708460e+01 4.072895715211655698e+01 5.470670168565231251e+01 7.459497129992232090e+01 8.024122654538005861e+01 6.832209846488248672e+01 5.165070205787102964e+01
9.516927588586143695e-04 2.000095169275850182e+01 3.723532311411408813e+01 3.779581032716014732e+01 2.364622716082683596e+01 2.556916468871471793e+01 2.297472358557082472e+01 4.297218951648359564e+01 4.682604615031728912e+01 5.678278664132122344e+01 4.853764635964636653e+01 3.502286858231850175e+01 4.056958608521087939e+01 6.055262036402612580e+01 7.302286989332948508e+01 8.124084115475338308e+01 9.118873215974045365e+01 9.030235893840252004e+01 7.088036767270659766e+01 5.701316208215563108e+01 6.227063452649545638e+01 7.205753897357517701e+01 8.576248315872709327e+01 1.052225521105896320e+02 1.085105049112988951e+02 9.630170768255803182e+01 8.804176283250301083e+01 8.724157967523640878e+01 8.267383615633382021e+01 6.274103440296455858e+01 5.127943943571761309e+01 4.729207025981177281e+01 6.053061384513205923e+01 8.043676433803277348e+01 7.604289640417957230e+01 5.608689982152959175e+01 4.410978484200471428e+01
1.945935296826602993e-03 2.000143311899491039e+01 3.510694621800921311e+01 2.682891574758168929e+01 9.506466617382395512e+00 1.143074520136436512e+01 3.142660324297479235e+01 3.636017209593596533e+01 3.268954126676506178e+01 4.262667664506605547e+01 2.853478090683355717e+01 4.850366859091403882e+01 6.053749845356203707e+01 6.234889835039341932e+01 5.305369765840863039e+01 6.305184740721632863e+01 8.299389237944266995e+01 9.030235893840252004e+01 7.088036767270659766e+01 6.447478917791912068e+01 8.175987218297254344e+01 8.986128993284731337e+01 9.959848466066205219e+01 1.026759427403004707e+02 8.859279873002064676e+01 1.026759427403004707e+02 1.026441963183164319e+02 9.437856852149226938e+01 9.101510955289022320e+01 7.117674883472659531e+01 7.117105115499728640e+01 5.719876672766742587e+01 6.132150434645564729e+01 8.129721233240417178e+01 8.427731425472424576e+01 7.276210560364989988e+01 6.007594590431154558e+01
5.600688922766023682e-03 2.000560068892241006e+01 2.426809272641581927e+01 6.834022193227868414e+00 2.682543193875107335e+01 3.142584722827325905e+01 1.430192975154492352e+01 1.636413754250414954e+01 3.633458959510078046e+01 2.263856865200667912e+01 2.543821387901637365e+01 4.539118127885461007e+01 5.450605003436967877e+01 4.236366966289786262e+01 5.391001244692349559e+01 7.387663087417165286e+01 9.118873215974045365e+01 9.843411743995170582e+01 9.030235893840252004e+01 7.823609508893788700e+01 7.823609508893788700e+01 9.763412514654181962e+01 1.033868998216614585e+02 9.375670629159534997e+01 7.447084057280045499e+01 9.375670629159534997e+01 9.110423974800218616e+01 7.437719106716828321e+01 9.110423974800218616e+01 9.122810928698253008e+01 8.529819675245504129e+01 7.126140222085896880e+01 8.128296234801894116e+01 8.971127036506354102e+01 8.818060969003882121e+01 6.840651829579084620e+01 5.423115117920797701e+01
8.215197286175309616e-03 2.000821519728582132e+01 4.273286456647343634e+00 2.427019989892728447e+01 1.837874977944217392e+01 3.837512008375009742e+01 2.845760651139947939e+01 3.623263994972605673e+01 1.939537227810785680e+01 3.939348254649859626e+01 4.543125610822003324e+01 2.951982253989991278e+01 3.451929014709360644e+01 5.451004673030463721e+01 7.058710231752193920e+01 8.209259240714240491e+01 8.197941777485387149e+01 9.016454389165532746e+01 1.016082705876866754e+02 9.763412514654181962e+01 9.763412514654181962e+01 1.058012021998678307e+02 9.513571738541995160e+01 7.516708297678702877e+01 6.549000528234707019e+01 8.550209085628964090e+01 8.283076786407497138e+01 6.276864644011326533e+01 8.283076786407497138e+01 9.751869969506284974e+01 8.924369761006558122e+01 9.111798126535855147e+01 9.203065261435584432e+01 8.376679811824091360e+01 9.203065261435584432e+01 8.242966060342097023e+01 7.144580565860808008e+01
2.613274238814250559e-03 1.762419381352838377e+00 2.176075680943706203e+01 2.427019992636191859e+01 2.992340733309250567e+01 4.665624083960980784e+01 4.862636376078468459e+01 3.574076913908498909e+01 3.353529542300853450e+01 3.353659994043822223e+01 5.358415474728612082e+01 4.951206799042441276e+01 3.468326068090227920e+01 5.467221712971694814e+01 6.555500063406240940e+01 7.132033063794598604e+01 6.203809171381470122e+01 7.357697942654402823e+01 9.345736201237772889e+01 9.475966521883742644e+01 8.646648040796088708e+01 9.475966521883742644e+01 9.295578666735138995e+01 7.298088135153082590e+01 5.876043372682151045e+01 7.883139566497540329e+01 7.573773681213938858e+01 5.561553882531146087e+01 7.573773681213938858e+01 8.594933210348133912e+01 6.917965244899579602e+01 8.594933210348133912e+01 8.202555799420939309e+01 6.369587252455806237e+01 8.034689979610756438e+01 8.863000961020884461e+01 7.838078692139033876e+01
7.532853315450405325e-03 9.535234911845822836e+00 2.796372729396597379e+01 4.426793385753151711e+01 4.992081177917363277e+01 5.820018455828516579e+01 6.433863376441581750e+01 5.590389863157292893e+01 5.356447956693720869e+01 5.360200721081107389e+01 6.206174824278073032e+01 6.291499784439116638e+01 5.467221712971677761e+01 4.023003264389512168e+01 4.557517670182876657e+01 5.134864165969067784e+01 7.132033063794598604e+01 9.016454389165532746e+01 8.765134368574641144e+01 8.472261604662877232e+01 6.637060308775100737e+01 8.472261604662877232e+01 8.796206033839621341e+01 6.795319387806078737e+01 5.368882261382538701e+01 7.381365518043695317e+01 6.967066584127094586e+01 4.949054516531485604e+01 6.967066584127094586e+01 7.765971573528909744e+01 5.751949369087521546e+01 7.765971573427485453e+01 7.373927822296575130e+01 5.356602524454662273e+01 6.022063209674320206e+01 8.034689979610756438e+01 8.661950628469313074e+01
6.101047412966256744e-03 2.000609454589412550e+01 3.558228252980265438e+01 4.668456937276186380e+01 4.875359149087648092e+01 5.684356623163763089e+01 6.903490571897161487e+01 6.318013393458777927e+01 6.276500987962222666e+01 5.930785514958126470e+01 6.759312534011547768e+01 7.650095221138016655e+01 5.655502161589154042e+01 4.917416019885783385e+01 5.655502161589154042e+01 7.132033063794598604e+01 7.953374421663852445e+01 8.175324156995681335e+01 6.756081784399826518e+01 7.494497947566732421e+01 5.628805394870708767e+01 7.641854174785605380e+01 8.348794178259363719e+01 6.344240361953684015e+01 4.914234050120997210e+01 6.349066308556727023e+01 5.967453639836907797e+01 4.406529740371973247e+01 6.427730172747226334e+01 7.053907194389439894e+01 5.026087485985360104e+01 6.909633982827529053e+01 6.076003595550658076e+01 4.572187773751127793e+01 6.611547946360222738e+01 7.325000970379360865e+01 9.330020771423122028e+01
6.842009524227352091e-03 1.620781214442310869e+01 2.097733289847187166e+01 3.523542032696077797e+01 2.983792171761188072e+01 4.875359149091875111e+01 4.901469794702836680e+01 4.314782826942155936e+01 4.273080664665235417e+01 3.927234868766407772e+01 5.084191123242325716e+01 7.086881590585966251e+01 7.650095221137974022e+01 5.917336276006241036e+01 7.650095221138077761e+01 8.469927361547806299e+01 8.907875446758849591e+01 7.344519662544276173e+01 5.331557207072884808e+01 5.481948268190951268e+01 4.916248760684625552e+01 6.341265989762364796e+01 8.351786977036326221e+01 7.759553615501661739e+01 6.349066308556727023e+01 4.328396586352653230e+01 3.948446415401520682e+01 3.903136178366636955e+01 5.922430064653420345e+01 6.412654298095289107e+01 4.329162902996718998e+01 5.562072505451941851e+01 3.956952761840598498e+01 6.076003597165996695e+01 5.307049050667681200e+01 6.737077368134342237e+01 8.744377539689872947e+01
1.934550753332892102e-03 2.392391788378722683e+00 1.768033495700879243e+01 1.644042373445495286e+01 3.105566905450885784e+01 3.391354129846730103e+01 3.686206445049038649e+01 2.899994566185743139e+01 2.858394675993551814e+01 4.859869732264591846e+01 6.759312530777560823e+01 7.913952538813293813e+01 8.734830842506411841e+01 7.912716622544694189e+01 8.734756507548418369e+01 8.646722266103837740e+01 7.488837996151313803e+01 6.069991036540560714e+01 6.021227021656631706e+01 4.058033242661731776e+01 5.481948268190951268e+01 7.494497947566732421e+01 7.270809574214163717e+01 6.427396867385841972e+01 6.497510237010882861e+01 6.348997533658383219e+01 5.446477931252778859e+01 3.434446137044672298e+01 5.446477931252778859e+01 6.017586399941908581e+01 5.184204312243909385e+01 3.328598523522863672e+01 5.562072477841127238e+01 6.909619111665661251e+01 7.325001976506044343e+01 6.213986715615004641e+01 6.927299779243990940e+01
4.364784840791047053e-03 2.000436478484043690e+01 5.874105996680818009e+00 8.374484141357962486e+00 1.104828783037424245e+01 1.390829141029914595e+01 1.686160137357238753e+01 2.006812499808730621e+01 4.006455338242693642e+01 5.174456494291840869e+01 6.003993923488382478e+01 6.900069858756670271e+01 8.056269416029674346e+01 8.540690777701017566e+01 7.709621617728946319e+01 7.819396106522304990e+01 5.808793163568211781e+01 4.645885688922788859e+01 5.582808836168901934e+01 3.629632190171921025e+01 5.052551163249562904e+01 7.064966471141664783e+01 6.426355492085313870e+01 4.401551057423775148e+01 4.408212604861027017e+01 5.464371199307044691e+01 5.164637880167060047e+01 3.158148148062500482e+01 5.164843002235361524e+01 4.919551612496461956e+01 3.177357500999623952e+01 3.425901668134032008e+01 5.437652034203296125e+01 6.639131878295361844e+01 8.063031967005778711e+01 8.223832203576806421e+01 8.932929332352340168e+01
5.219006137575642711e-03 2.000521900613722082e+01 2.808817732862899419e+01 2.838207653529392971e+01 1.999662361803124000e+01 3.391354129846730103e+01 2.580184084634890240e+01 4.006455338242693642e+01 2.638346217062965593e+01 3.171605343770705332e+01 4.066428949296074080e+01 5.224170460397611748e+01 7.227482154004594861e+01 7.383513635648878903e+01 5.707699293998616952e+01 7.383421593396394655e+01 6.814392460977775556e+01 5.582808836154706000e+01 3.570878788161176942e+01 3.228412400857512665e+01 4.650089840281752629e+01 6.662490299289203222e+01 6.412646110221199081e+01 4.400962958026816807e+01 2.985131797914280938e+01 3.456514632202863879e+01 4.875255347783159721e+01 2.889275222685396827e+01 4.659860809054425346e+01 2.916376961491940989e+01 4.919551617724450665e+01 5.437662398652270213e+01 3.787382014522148665e+01 5.215419737817600065e+01 7.027758571654756281e+01 8.026981242143965289e+01 8.856044847613128468e+01
