LEM/sinusoidal_perturbations/elevation_000600.asc
nrows	100
cellsize	150.0
xllcorner	0
ncols	100
yllcorner	0
NODATA_value	-9999
[rows 0 to 16 of 100, columns 0 to 36 of 100]
8.271705653423140972e-03 1.415040732938449786e+01 3.415040732938520307e+01 5.356100155341506763e+01 6.467513648589138597e+01 5.645634813737577673e+01 6.467513648589252284e+01 6.770372979370661426e+01 5.944274668250329796e+01 5.465246855910516643e+01 6.292374587026429111e+01 6.416934330866133962e+01 7.238572744974726447e+01 7.559350201071030995e+01 6.729510564260006333e+01 6.989391770295941342e+01 7.819274931853514943e+01 7.972070640302538891e+01 7.142120342914364528e+01 7.972070640302538891e+01 8.102063471544769868e+01 8.102063471544769868e+01 8.932249826341788435e+01 9.548822561953808474e+01 8.718665381612468934e+01 8.457826709095201068e+01 9.166505571948049180e+01 9.996823043859370728e+01 1.099907467370094878e+02 1.130897794861749333e+02 1.047927749315885535e+02 1.047927749315885535e+02 1.073055709920314769e+02 9.899030717541306501e+01 1.015971826444222330e+02 1.099112535075502421e+02 1.095514100834155471e+02
7.813061968023241044e-03 2.000781306196766707e+01 2.527673031481736032e+01 4.527673031480983923e+01 5.469875526839992119e+01 3.645766924353028315e+01 5.469875526839982172e+01 5.821633818224191259e+01 3.893962925715303669e+01 3.395368691764535640e+01 4.985510207842717278e+01 4.392594922587393569e+01 6.416934330865358049e+01 6.403505638708472247e+01 4.728120801312230981e+01 4.987736345563435236e+01 6.989391770295941342e+01 6.971076865618744023e+01 5.140832696284799397e+01 6.971076865618744023e+01 6.099357941638921687e+01 6.099357941638921687e+01 8.102063471544769868e+01 8.391891793378238162e+01 6.714817294621978760e+01 6.454131786694691186e+01 7.162059060299075952e+01 8.164278978035937939e+01 1.016873216589625741e+02 1.047927749315885535e+02 8.473497590606795882e+01 8.473497590606795882e+01 9.569053050135381966e+01 7.885464844810516638e+01 8.146980749515728348e+01 1.015971826444222330e+02 9.969792794592447649e+01
2.526786264046545528e-03 8.946798696263126516e+00 2.894679869625598556e+01 4.247439064790930985e+01 3.645614296037679480e+01 2.645527723028090961e+01 4.645700869045302994e+01 4.359489663223254041e+01 2.897345474856873793e+01 2.135623014161600253e+01 2.869446035122441430e+01 4.985510207844891539e+01 6.462979599834363853e+01 5.574007638019717348e+01 3.574033108297942363e+01 5.574007645868748284e+01 5.963004702948374103e+01 5.133823306804647046e+01 4.141834194618267162e+01 5.655234318189378939e+01 4.685488585710633203e+01 6.231281294315010655e+01 6.543653245523306339e+01 6.943850711678689436e+01 5.559533638529136113e+01 6.376100515527947010e+01 8.379722492145494073e+01 9.996823043859370728e+01 1.099907467370094878e+02 1.030814551103757282e+02 8.299063481995609948e+01 7.045143438373354172e+01 8.736497918889136827e+01 6.712572405648724327e+01 8.096476475252642047e+01 1.011179006427732787e+02 9.154134737920610121e+01
4.163169627051843593e-04 2.000041631696235100e+01 2.252332238098012240e+01 2.251570245963890571e+01 1.645480757198571098e+01 2.773062460853950739e+01 2.889169472772606539e+01 3.028185758927298465e+01 1.488770431548057260e+01 3.509740379251749687e+01 4.985510207838629526e+01 5.732077846139753774e+01 4.950384061257988577e+01 3.633891373130970237e+01 2.972107936571524434e+01 4.578659528923765976e+01 4.785819420683752412e+01 3.134723305661301751e+01 3.386581686854123774e+01 3.656189551238218627e+01 3.930691925000295583e+01 4.231737784573763861e+01 4.543499089586148898e+01 4.942863380901756187e+01 6.357131382077587745e+01 8.360316474508130113e+01 7.792656594593321984e+01 9.797024944022672344e+01 1.091462917058527182e+02 8.908395968870254933e+01 8.299063481995609948e+01 6.270402904554872947e+01 7.434039705290095412e+01 6.061140320670517667e+01 8.096476475252642047e+01 9.624889727446739585e+01 8.439003070841174292e+01
5.883922493566802643e-03 1.265044611076344028e+00 2.525772964086298700e+00 2.215759565159483557e+01 2.561256290362837262e+01 7.511372212528159231e+00 8.890837514713425094e+00 1.028073608268849171e+01 1.175891800891803030e+01 3.170539848059119237e+01 4.209056128691769771e+01 4.759114554572077083e+01 3.671236351052556302e+01 2.225737864195497551e+01 2.397849116656655255e+01 2.580876395368090215e+01 2.787149818601000106e+01 3.186204545183570858e+01 3.593116176765898473e+01 5.587595206693624306e+01 5.929838451515205122e+01 6.231281294315010655e+01 6.543653245523306339e+01 5.327065170877072831e+01 7.328801887176699381e+01 9.103530790046718835e+01 9.797024944022672344e+01 1.062740653331605216e+02 1.032802731718295917e+02 8.320365410829136010e+01 6.887871349250681874e+01 7.434039705290095412e+01 5.388988058548538618e+01 5.507453303239240228e+01 6.699627100871964558e+01 8.770643990496624554e+01 8.834894366873587046e+01
1.256007409845548732e-03 1.999608070874318599e+01 2.252309709966508677e+01 4.329463564401076603e+00 5.615208548591049897e+00 1.144292076408544112e+01 2.883971283072123981e+01 3.028185755456233252e+01 3.170539848059118171e+01 1.386341043435225906e+01 3.380605344218606234e+01 3.747242730254138365e+01 1.986624666639274039e+01 3.976863209038042157e+01 4.393964568393006687e+01 4.578659586861661523e+01 3.129209665213504010e+01 5.076605207026339883e+01 5.587595206693624306e+01 4.207125700808853708e+01 6.203772508843076849e+01 7.447979970198595367e+01 8.158922956188737885e+01 7.328801887176699381e+01 6.269860513673938840e+01 7.686148763061062539e+01 9.690371320423889756e+01 1.051922813272940260e+02 9.360368825376519908e+01 8.529880040357720361e+01 7.630503995581551635e+01 5.591701336693932944e+01 4.838529565920543263e+01 6.887476543387995775e+01 8.388100261957571036e+01 9.429712903723815032e+01 7.411634486376951259e+01
9.594114293757748102e-03 2.000873530322847316e+01 3.264131902889320003e+01 1.846934487961141969e+01 2.561427122967767289e+01 1.824304609824105228e+01 1.998038452195685011e+01 3.964307243182381058e+01 4.198056390428709506e+01 3.350812158472410829e+01 1.599146931911977809e+01 1.759405930274806806e+01 3.747242730254138365e+01 2.831205447077260828e+01 4.828518791664519227e+01 5.946489953951930119e+01 5.093797904867182069e+01 3.732210066515404634e+01 5.804633162383126432e+01 6.203772508843076849e+01 4.870831508614715233e+01 5.446625084446763054e+01 6.861174717725330652e+01 8.864653169191321069e+01 8.273171959105589224e+01 7.686148763061061118e+01 9.690371320423888335e+01 9.689998826563984835e+01 7.680614146039701495e+01 6.506020013189478846e+01 7.448081351710779074e+01 6.540718134318034060e+01 4.497098860626238803e+01 5.944970374421104964e+01 7.978980456035675672e+01 8.006971054760769846e+01 6.955345401170093567e+01
7.711341127313004785e-03 2.000771133770534504e+01 3.723090193766906708e+01 3.849074650872033487e+01 3.791064362252231490e+01 3.224299237881754721e+01 3.964301844972337818e+01 2.997803667385958093e+01 4.940223409888504591e+01 4.402574871619774655e+01 3.593667116330753686e+01 1.960072917617427279e+01 4.110240801264502153e+01 3.495381126592523202e+01 5.495085263655339247e+01 7.394454004701564998e+01 5.804633162383127143e+01 5.804633162383126432e+01 4.557411168582875405e+01 6.665089057300639297e+01 6.283687290744233422e+01 6.502725974349513649e+01 6.446342461375796518e+01 7.602616720040839482e+01 9.606642032813533660e+01 9.690371320423888335e+01 1.052091281703237797e+02 9.956086115177808438e+01 9.360368825376519908e+01 7.448081351722115073e+01 5.407536746845175202e+01 6.239123372694108127e+01 4.204740517388094645e+01 6.239123372694108127e+01 7.856151020124320894e+01 7.184875093238403565e+01 5.304238279764599184e+01
2.297228869525369630e-04 8.944501633889258230e+00 2.308664317018159196e+01 4.308727664188388928e+01 5.719079568720315621e+01 5.159538236406439893e+01 5.731001613020152519e+01 3.997118811360548563e+01 5.731001613020152519e+01 5.446923600786386288e+01 3.333442509607128557e+01 4.110240801264502153e+01 2.876578159469661600e+01 5.027324344473617401e+01 4.563458951053850399e+01 6.564894372039135817e+01 7.873492075079917640e+01 7.400294591583562465e+01 5.320819316154203449e+01 6.665089057300639297e+01 8.286305588760987462e+01 7.918614282820064432e+01 7.602616720040839482e+01 9.279520457044054638e+01 1.043641290512954214e+02 1.069597771656172114e+02 9.539740848109258309e+01 7.947679647184129692e+01 7.947679647184129692e+01 7.331436174197911271e+01 6.535522062197098592e+01 4.494865589340464140e+01 3.925523806379050029e+01 4.991296662551699370e+01 6.423723839051729101e+01 6.480624124237276362e+01 5.641177199884951676e+01
9.647730019007896146e-03 2.000964773001865282e+01 3.722841121146894494e+01 4.850656629088798866e+01 5.678802978963162218e+01 6.767498366591846093e+01 6.687285142814772598e+01 5.903319393928017433e+01 6.689947892707077415e+01 6.279263949312888116e+01 4.854557242537580208e+01 5.862062083889125574e+01 4.004854010343093762e+01 4.431963554512741155e+01 6.464620946649405653e+01 5.978288819720312119e+01 7.981085452210645315e+01 8.235656164849474692e+01 6.383021604773129098e+01 8.235656164849474692e+01 9.539371701280913385e+01 9.922344283055690539e+01 9.606642032813533660e+01 1.043641290512954214e+02 1.013352222208730211e+02 9.867727022721960850e+01 7.863787367059659061e+01 6.691852448682318766e+01 5.903831267783323256e+01 5.249188973141674097e+01 4.719514866168296408e+01 4.244135777724110881e+01 3.888532788184127043e+01 3.579309536995949514e+01 5.289900539028906223e+01 5.332460591308760200e+01 3.615810390747561343e+01
3.582433992925927561e-03 1.414570972766698986e+01 3.414364873396237243e+01 2.850719924057744592e+01 4.850673698956348545e+01 4.768270483290514505e+01 4.709157575669619433e+01 5.594633129795721516e+01 5.697085647395174846e+01 6.526515577667292689e+01 6.877022515047335105e+01 6.877709059354710064e+01 5.463097280485145291e+01 6.464649234866631389e+01 7.292243419131557403e+01 7.981085452210645315e+01 8.810619189683474417e+01 9.248895650854974804e+01 8.417567578394012173e+01 9.248895650854974804e+01 9.661333902361083403e+01 8.819887591303469776e+01 9.661333902361083403e+01 9.536229062661395517e+01 8.088704117794382853e+01 9.536229062661395517e+01 9.539740848109258309e+01 8.710751923085568649e+01 6.960283629990651377e+01 6.738233981506292025e+01 6.840645802206725534e+01 5.476402162333646828e+01 5.929039699538753183e+01 5.288151032276583408e+01 3.307556183653119319e+01 3.357085964436915759e+01 5.332460591308760911e+01
1.813270376062421294e-03 2.000076392663743619e+01 1.436408684305550132e+01 2.858250596269360244e+01 3.182689243203651230e+01 3.520541288037843941e+01 2.755456427317736967e+01 4.281003779462393766e+01 3.696825098153746580e+01 5.697139686856617402e+01 7.036773556880235958e+01 7.866094097715584610e+01 7.466188892518822229e+01 7.527254150733133997e+01 8.370976901930295355e+01 8.251152381575030859e+01 7.415946057162074112e+01 8.251152381575030859e+01 9.724862175587574598e+01 9.127070142834320166e+01 8.613338849664413033e+01 6.697156268714046234e+01 8.613338849664413033e+01 8.687617474248752103e+01 6.660958051438265670e+01 8.687617474248752103e+01 1.012966796228860176e+02 9.812342709892425319e+01 8.982875612656026476e+01 8.763552953023481962e+01 8.397744504537580212e+01 7.562246334003097559e+01 6.352516257335869199e+01 4.465800816314888522e+01 3.135566891880467111e+01 5.086444159631588491e+01 4.008465779772430437e+01
2.372884694381488524e-03 2.688636108461309515e+00 5.407516114372136862e+00 8.565463417122526124e+00 1.180823622829619879e+01 1.518721578675706319e+01 1.872081916948918590e+01 2.282261238917703849e+01 4.282661721334810778e+01 5.622298566128900177e+01 5.036403841323118513e+01 7.036773556880235958e+01 7.197267815134568991e+01 5.495988531466097271e+01 7.197267815134568991e+01 7.238277224173560853e+01 5.386308812399118295e+01 7.238277224173560853e+01 7.633401300081135332e+01 7.014703407718636186e+01 7.758521930008753031e+01 5.573827909462904984e+01 7.758521930008753031e+01 7.921612213537002845e+01 5.907102554683110895e+01 7.250108993919040756e+01 8.509933739664269581e+01 9.357119073714386559e+01 8.977238043129931100e+01 8.145521135475209462e+01 8.106504929353538103e+01 7.272696050178872440e+01 6.348820101400723104e+01 4.493379659051353059e+01 3.026493788155625708e+01 4.954249218860426396e+01 5.836171814919698164e+01
8.175220331382775790e-03 2.000817522033102591e+01 2.542037946409210392e+01 1.611042335513140955e+01 3.182689243203651230e+01 3.520745849954552398e+01 3.288474011906929206e+01 4.282661721357639806e+01 2.989701913888715268e+01 3.622178042232490469e+01 5.036403841323118513e+01 7.036773556886289782e+01 6.354502398649798778e+01 4.299505130898605643e+01 6.354502398653615103e+01 6.401127434780592296e+01 4.384604709528870359e+01 6.401127434780592296e+01 7.633401300081133911e+01 5.445534041830397598e+01 6.370235549578902834e+01 4.811755052857579784e+01 7.030290589826805103e+01 7.250108993919040756e+01 5.246213028506013387e+01 7.079678948234091251e+01 6.487248015974616067e+01 8.509933739664269581e+01 8.145521135475209462e+01 6.120083101915350454e+01 6.713320167071894673e+01 5.242902025161412638e+01 5.906801753436698732e+01 2.865290976148730806e+01 3.208474044986788698e+01 4.289797472931201838e+01 6.246899632144749148e+01
9.124702163186202558e-03 2.000912470216283268e+01 3.828635955687757075e+01 3.611129511680343995e+01 2.876035919737659796e+01 4.876048587619882824e+01 5.288704105328530858e+01 5.818649477024567318e+01 3.989723041619941313e+01 5.622298566129594377e+01 6.451248969519345167e+01 6.954433205302589727e+01 5.627951146977017771e+01 3.542854308630278837e+01 5.627951146977017771e+01 5.728953193030021396e+01 3.739215627334968417e+01 5.136616048264824741e+01 7.158981453994975652e+01 6.370235549578902834e+01 4.135746133846183881e+01 4.126842999602586559e+01 6.361376957083669481e+01 6.694328251304258970e+01 4.696329354722031724e+01 5.076933529126785061e+01 7.079678948234091251e+01 8.097986067020492840e+01 7.884133231777805406e+01 5.856225517541726333e+01 4.681800442684323116e+01 4.077684952384888106e+01 5.362058996532161359e+01 4.681963223950603492e+01 2.689225299159820537e+01 4.681963182893584730e+01 6.352920961237151687e+01
2.239863785106879172e-03 1.000223986378393093e+01 2.414437546959214487e+01 4.414436337902372287e+01 4.876048587619882824e+01 4.876048587619882113e+01 6.876113865290913907e+01 6.818922566846481459e+01 5.989886800571221670e+01 6.818922559405243078e+01 6.987967054070642803e+01 6.108615377675136671e+01 4.036433144781365456e+01 2.898730250784202411e+01 4.999270795672357082e+01 5.177099204896251194e+01 3.216669075898098384e+01 5.177099204896251194e+01 6.669377698047250647e+01 5.625405744335005664e+01 3.391478234038358863e+01 3.507800675949945912e+01 5.741628744740548740e+01 6.178447154490681470e+01 4.181940147327998147e+01 4.325508868758821990e+01 5.248260227157623348e+01 7.255492845152339498e+01 8.716268045019299393e+01 7.548660572522636869e+01 6.713320167071894673e+01 5.362058996532161359e+01 3.353906227002954665e+01 4.550565921594910179e+01 2.558614082456450589e+01 3.891898084661736590e+01 5.200239621039303728e+01
1.766589122093755728e-03 2.000175670588378196e+01 2.935808661866223090e+01 3.453780913924556017e+01 4.032964875706808527e+01 4.702499862640279105e+01 5.528151888185419693e+01 6.538905287748512762e+01 6.646955787866626508e+01 5.772645442557760731e+01 4.882919112444039200e+01 5.885085623166081348e+01 3.808500413620040348e+01 2.325126642830936419e+01 4.416685669458195918e+01 4.686991672646711748e+01 2.751670803546562993e+01 3.847402936313226718e+01 5.833891210397717941e+01 4.951851257016523533e+01 2.739518247526927652e+01 4.951851257015627539e+01 6.628784445967190209e+01 5.694223079619059291e+01 3.697330276871431209e+01 3.619680809128302457e+01 5.616594275431482686e+01 7.055682164238457688e+01 7.286527296626051964e+01 6.225281730857453510e+01 5.388145109580243286e+01 5.385003349431117670e+01 4.692674533826338035e+01 2.696788129044692894e+01 2.427934498453212697e+01 2.823901960728284877e+01 3.233907722706810262e+01
