LEM/sinusoidal_perturbations/elevation_000042.asc
nrows	100
cellsize	150.0
xllcorner	0
ncols	100
yllcorner	0
NODATA_value	-9999
[rows 17 to 33 of 100, columns 37 to 73 of 100]
9.876384811711447753e+01 1.069882032862373649e+02 1.139557203429003067e+02 1.024728876432634621e+02 8.220868741844277849e+01 9.178059054979904374e+01 9.682712816748679074e+01 7.706276650280243246e+01 9.089909876364869490e+01 1.107530669771026055e+02 1.198697427159469555e+02 1.001146491695415506e+02 9.721019551619538390e+01 7.764150097425837771e+01 6.323582414387325912e+01 8.348640774665074105e+01 9.357575739525331926e+01 9.988067758859082801e+01 9.988399155693774389e+01 1.197002775305000313e+02 1.151923368501691272e+02 1.053121648294545878e+02 8.621441312000990820e+01 1.053121648294545878e+02 9.666502582483296635e+01 7.740675823009678425e+01 8.880287100897380981e+01 8.271591163487721587e+01 6.529826822732252367e+01 7.353961423359619687e+01 8.664242696189199933e+01 8.780834902229868533e+01 6.882953738210981953e+01 8.896943539096101006e+01 9.814451319480465941e+01 8.518158124048565583e+01 8.170673543790016424e+01
1.136641666652204066e+02 1.087894955842755138e+02 9.559333270726247633e+01 1.087073361541172147e+02 9.178059049579192674e+01 7.158038815771702446e+01 8.324041435322612870e+01 7.049374753921283343e+01 8.212464428690759632e+01 1.022534407300984896e+02 1.090867738473549196e+02 1.009210305079005394e+02 9.676571467787537983e+01 7.660633898179585799e+01 6.214216381205412887e+01 6.841265540684528901e+01 8.844814881893179859e+01 1.047683908931509364e+02 1.130036007947405068e+02 1.244812937137756279e+02 1.069410735611768501e+02 8.724699030962982249e+01 7.733089753966081048e+01 8.934229286358424815e+01 9.306373113189428636e+01 8.387819783994000034e+01 6.906791858798956696e+01 6.435840298522073510e+01 7.809381629550246373e+01 8.007475657065734254e+01 9.476898614799316078e+01 9.719130843131384268e+01 8.896982671722655311e+01 7.006678771397805860e+01 9.013063453022152771e+01 7.262677293387130817e+01 7.355710188195743626e+01
1.023541155073347682e+02 1.006379825118834077e+02 8.337588324343114721e+01 1.006379825104920940e+02 1.001719642279164333e+02 8.324041435322612870e+01 6.295579338216532506e+01 7.476317197726741881e+01 8.892941065229702247e+01 1.090429939041520555e+02 1.009210305079005394e+02 8.113716186587672041e+01 8.693172281774538135e+01 7.985442901327226650e+01 6.108046653364164058e+01 8.134814993768789293e+01 7.798460242386892105e+01 8.500110597670172297e+01 9.636680263778423239e+01 1.162451738823468901e+02 1.151923368501591796e+02 1.053121648294497703e+02 8.934229286358424815e+01 6.927941812583533476e+01 8.229119448289067407e+01 6.278421638487570533e+01 6.342990858662373910e+01 8.381779547301420052e+01 7.393221541649080564e+01 9.214858488191352137e+01 1.046734446334359063e+02 1.042546354390931640e+02 8.440742827429166084e+01 8.721839617003526257e+01 7.131193814609787296e+01 7.509065860803310954e+01 9.346862149735623859e+01
9.416723579636726527e+01 9.294455121264715558e+01 7.542803942909191051e+01 9.294455121264715558e+01 9.630457588035679350e+01 7.965694889009581914e+01 5.939802953108463157e+01 7.116394121211278900e+01 8.538048952604674469e+01 1.054496588653714184e+02 1.009210305079005394e+02 8.113716186587672041e+01 6.686811363819688836e+01 5.959656173303392990e+01 7.838894989756931864e+01 7.252796401701696993e+01 9.258740561748561504e+01 1.047683908931509364e+02 1.130036007947400947e+02 1.062411038996757924e+02 1.040642493664678909e+02 9.844874123384298059e+01 8.846274147519011422e+01 8.052260325474806280e+01 6.187838242230083097e+01 6.635381457475037337e+01 8.352167260501913404e+01 9.198464873133529807e+01 8.235915500004590228e+01 9.240660605798723282e+01 1.110374409162441083e+02 1.125132923456018403e+02 1.040938821691772063e+02 9.472536592868773653e+01 7.509066290985946068e+01 9.482580033412109799e+01 8.039525995544623527e+01
8.750960913431134713e+01 8.735207747031788017e+01 6.991801283722982419e+01 8.735207747031788017e+01 8.794198375860862882e+01 6.782620743122399176e+01 5.602188479910040542e+01 7.183614586864861451e+01 8.048150039559796198e+01 9.709458791500438224e+01 8.873584330443559054e+01 8.924866012661043158e+01 8.480062785463951514e+01 7.663697249396790312e+01 5.814716324091608612e+01 7.861948315193671988e+01 9.258740568816421046e+01 1.126144828275838137e+02 1.062411038996757924e+02 8.638747473299306989e+01 8.421794680065450223e+01 9.044660947456779354e+01 7.228334640081075690e+01 6.099816334387818983e+01 8.141192042276215091e+01 8.495728375062635962e+01 7.293944554782328282e+01 9.185617377769409586e+01 1.005351647129231480e+02 9.707428597613741772e+01 1.159343091458116533e+02 1.117074077728548787e+02 9.191459074815139729e+01 8.068288762628638722e+01 9.484475307784140341e+01 9.484475307768606456e+01 9.997736431509233057e+01
7.467801030106657834e+01 7.592002410399356904e+01 6.499796055033836240e+01 7.937184580012288393e+01 7.288141106588783202e+01 6.998035864737379086e+01 7.011399183297351101e+01 5.064812685674795745e+01 7.187128167410253354e+01 8.870746221864375514e+01 6.860461312083928931e+01 6.865426654600373979e+01 7.549805379590115706e+01 5.672077202356808812e+01 6.789705668977977382e+01 7.972500202126656177e+01 1.023144910677169150e+02 9.780157723757415056e+01 9.642218706228052838e+01 9.001913556687279083e+01 6.995577808210336457e+01 7.932776834764304397e+01 7.993293313198711303e+01 6.038384949628655107e+01 8.079217300847776073e+01 9.298546505256038586e+01 9.185617377770876146e+01 7.976321226958810939e+01 9.816946710034015666e+01 1.130116041896099119e+02 1.240976571777440256e+02 1.200000938947773221e+02 1.044602323115600910e+02 8.485329642788161664e+01 1.044602323115600910e+02 1.146541469733263199e+02 1.095309144810422737e+02
5.593787030175030850e+01 5.797423363057627910e+01 7.509364020355641856e+01 7.141301034839095507e+01 4.901111635456445725e+01 4.941480578094693499e+01 4.981950086258684252e+01 5.022718870344917974e+01 7.055732255227030691e+01 7.754081699775005632e+01 7.297472567765402118e+01 5.428673626688830467e+01 5.529941495889082148e+01 7.517783634377181556e+01 8.407144551015812795e+01 9.510723266375489970e+01 9.780157716756230002e+01 7.872575347136310597e+01 7.658930871626870385e+01 7.788002120056000877e+01 7.691302843687057589e+01 5.895084231942416153e+01 5.953876152201125649e+01 7.704770466726064626e+01 6.492160821810615801e+01 8.511115345909331609e+01 9.791407794275768595e+01 9.816946710034015666e+01 8.682582797778788120e+01 9.956178949912349196e+01 1.183411891190613545e+02 1.231519060131595751e+02 1.031163493317089745e+02 8.926324435015585834e+01 1.031163493317089745e+02 1.231519060131595751e+02 1.139761115061238002e+02
5.084614583229753748e+01 6.661122607074238999e+01 6.835397935510340517e+01 4.844344823300918534e+01 5.748415242271121173e+01 6.711114549009255370e+01 6.582545503076399029e+01 7.056861659922121532e+01 5.080060772309636263e+01 5.916115308514840621e+01 5.284428512057576910e+01 7.306570391449319857e+01 7.541811250787067422e+01 8.372278467304244032e+01 8.983535916635183582e+01 8.957474909194040436e+01 8.984947858806775400e+01 8.282190440077224025e+01 6.424000959512305542e+01 5.756307358372379213e+01 5.813154483918678750e+01 7.847606509951592102e+01 6.630476603349542586e+01 8.548990622981517618e+01 8.520806150614110663e+01 6.974337437847755439e+01 8.400816472582006611e+01 1.038258187845968195e+02 1.050621483011911579e+02 9.525712031709926464e+01 1.081711278631719608e+02 1.274109088599914799e+02 1.149922134748424014e+02 9.506730662134722820e+01 1.053071078125087325e+02 1.253477164558891559e+02 1.188373867607339065e+02
4.712346886876824925e+01 4.749910263076480277e+01 4.788367063974092019e+01 6.088697341133767793e+01 7.096119763225620147e+01 7.875761902031440798e+01 8.726680316350454802e+01 7.906071520555499887e+01 6.497191096357083495e+01 5.137051370284758178e+01 7.031523364789961761e+01 7.766988612234418099e+01 9.077774808176295096e+01 8.206525804332980556e+01 6.874146902300343243e+01 6.915525386584009482e+01 6.972275738710710868e+01 7.620673931915287369e+01 5.675187624100614414e+01 7.704197468213196487e+01 6.179212368063584648e+01 8.160358759081343294e+01 8.711521888129585989e+01 9.568712765229436457e+01 9.322444008156892892e+01 7.333028836676271567e+01 9.322444008465789977e+01 1.066561793912074023e+02 1.218888468967743393e+02 1.138063292485962990e+02 1.081711278631719608e+02 1.274109088599914799e+02 1.216935393023975109e+02 1.015895618197320971e+02 1.216935393023975109e+02 1.336435570742847574e+02 1.242293583071831620e+02
6.955821322111501104e+01 6.738911279051416159e+01 5.350500217825381810e+01 5.393722865711978187e+01 5.805371820941384442e+01 7.043319324202488474e+01 8.845070191884100552e+01 9.182056971301304316e+01 7.862266177536265843e+01 5.898717810821239738e+01 5.198110741110713207e+01 7.210577454974628608e+01 7.433943373953796652e+01 6.624133363304368061e+01 5.420498467072886939e+01 5.473820845005883484e+01 5.531033734074520680e+01 5.591413308379647873e+01 7.577419633957785550e+01 8.523982135051409159e+01 8.160388721800103440e+01 6.817551679739572990e+01 8.861422275307550933e+01 1.047178026480882949e+02 1.014619872503253504e+02 9.322444008465789977e+01 7.868460046075166758e+01 9.840265485573694093e+01 1.115843890808654209e+02 1.198856584626575881e+02 1.274109088599914799e+02 1.356065659303765756e+02 1.299998369991791662e+02 1.116100046479613184e+02 1.299998369991791662e+02 1.407078100645032919e+02 1.205259107862517425e+02
8.192981433587897300e+01 7.981285308572036286e+01 5.949675012897411364e+01 7.263608758971996338e+01 7.591401950095240636e+01 6.422917367873006356e+01 8.237665154957144864e+01 9.789446890888712005e+01 8.835266680058555266e+01 7.271470249091318294e+01 5.228768213583555990e+01 5.255398050455157488e+01 5.299707404862357407e+01 5.343504227818689856e+01 5.401079903331527277e+01 7.385693128820383890e+01 7.560133438488750812e+01 7.006267989743119529e+01 7.054216918141835890e+01 9.122653952863711879e+01 9.687366515576698589e+01 8.861422280252082828e+01 7.643540028286938082e+01 9.066812330834505929e+01 1.104906726703874256e+02 1.053730217815852370e+02 8.565784689908194593e+01 8.526457075635806859e+01 9.174631255454812617e+01 1.005101996658247288e+02 1.120430213038940508e+02 1.321555982038431978e+02 1.400575702838845586e+02 1.317770739568340161e+02 1.400575702838845586e+02 1.490625783770211967e+02 1.397322155804400552e+02
7.385508406578621532e+01 8.842900023543670329e+01 8.032071297974273705e+01 7.024522415926831798e+01 8.998606767921768324e+01 8.237683251902788584e+01 7.131658898175714967e+01 9.000939458652418068e+01 9.090383775637155850e+01 7.008759346043143523e+01 7.593732638907540888e+01 5.666592510021122564e+01 6.442928298142004451e+01 7.357086742075944130e+01 7.155063046906781210e+01 5.479809938124206070e+01 7.506777512292919141e+01 8.315911615970031789e+01 9.090702770631006047e+01 9.987198411373734075e+01 1.122611134233315795e+02 1.047178026519840017e+02 9.066812330834507350e+01 8.810702957481716169e+01 1.079035263266672615e+02 1.136556235552316139e+02 9.437454077145525844e+01 9.321221935460015118e+01 1.049716969054262137e+02 1.198856584626575881e+02 1.288463294966099113e+02 1.404388973477296645e+02 1.452374554101524211e+02 1.369115376238207773e+02 1.380228226307213788e+02 1.463468121573812653e+02 1.498150073954411994e+02
6.114625813017166678e+01 7.531242169182829116e+01 9.526930774295738047e+01 7.963670122363379278e+01 1.001243390061209624e+02 9.633943319452195908e+01 7.734931737627634618e+01 9.633943319472565747e+01 9.098308651016208159e+01 9.098308651016206738e+01 8.045643527086413371e+01 6.086341306995983302e+01 7.823323785695062327e+01 8.665854978325474178e+01 7.192026405988306692e+01 7.112528467071572891e+01 5.560700062390786513e+01 7.577169208997180760e+01 8.444822894763609611e+01 9.286956939493816776e+01 8.965765376771149420e+01 1.032218532368175801e+02 1.104906726718794374e+02 9.948478005726713036e+01 1.161775425198687657e+02 1.225726480146471715e+02 1.057886478372365815e+02 1.030559893136170473e+02 1.213863106119753041e+02 1.332463498802814286e+02 1.376113428391225284e+02 1.292734979525933170e+02 1.304938687514579101e+02 1.167038038563980109e+02 1.178186740542265341e+02 1.321227660867361351e+02 1.522668191579786026e+02
6.753621258185651755e+01 8.112194249439220073e+01 1.010430083545222004e+02 9.455941180485450559e+01 1.008426970190204912e+02 1.042917059340793742e+02 8.676937265743461580e+01 1.042917077527532115e+02 1.111930195092821521e+02 1.016497846665181015e+02 8.482435905966902112e+01 6.529040877553822497e+01 8.482435905966902112e+01 1.002591180184486177e+02 9.196005795787161219e+01 8.374219315846211487e+01 7.589488099170479529e+01 5.642879580317480759e+01 6.249406625934627613e+01 7.554658295872580709e+01 7.378055250806765741e+01 8.882317002508878545e+01 1.092639775736456045e+02 1.194037476047203938e+02 1.276938487048266921e+02 1.341518953056168186e+02 1.258580608180286333e+02 1.172304089409017251e+02 1.314114962213625404e+02 1.308116259173860385e+02 1.260233133659106386e+02 1.092265835054209333e+02 1.104458105487231734e+02 1.052835620609415059e+02 1.252445970934869024e+02 1.296552809726561577e+02 1.379765024722127009e+02
7.646720190805875461e+01 8.737821434244725083e+01 1.072062098098507050e+02 1.160118894181556044e+02 1.221525960833357800e+02 1.138749888144217692e+02 1.059094937384455761e+02 1.138749922436267497e+02 1.077872369063740337e+02 8.684304250692125038e+01 7.300652804106181293e+01 8.482435905966902112e+01 7.885452715934253831e+01 9.923680819852464197e+01 1.069561039128664959e+02 8.719385499082930835e+01 8.085988100713856852e+01 6.062716514150084635e+01 5.725124095206884078e+01 6.236990920252703319e+01 8.238385087033613274e+01 9.273784629467721174e+01 1.009072461077262091e+02 1.122646980592518560e+02 1.237767167649808897e+02 1.222792294206550991e+02 1.305609607337292175e+02 1.373151157736200503e+02 1.308116259173860385e+02 1.088046238985063212e+02 1.128429840125011907e+02 9.826016291896067401e+01 9.697461689234154392e+01 1.163177508466816619e+02 1.264100164554770913e+02 1.096445136141736327e+02 1.264100164554770913e+02
9.039584692786989706e+01 1.044560631964642994e+02 1.096145331960790799e+02 1.137927104948246466e+02 1.054626116258381359e+02 1.137927105000488126e+02 1.085118160577702469e+02 1.168556526653992762e+02 1.077872080632861156e+02 8.684304248823222849e+01 8.415652613991757391e+01 1.016497846665181015e+02 9.923680819852471302e+01 1.079079237155542472e+02 1.026259168512310964e+02 8.719385499934510619e+01 6.716608326349374636e+01 8.085965869715668930e+01 7.756102697523795086e+01 5.806872932046272240e+01 6.531546524101968032e+01 7.308550650887504219e+01 8.450930291731538091e+01 1.039859609751898262e+02 1.035968906966421628e+02 1.020863297800592449e+02 1.163947801722350874e+02 1.364855466032867923e+02 1.285285095861316620e+02 1.063458265869533790e+02 9.184481569084375963e+01 9.047793074120808399e+01 1.090067334152826248e+02 1.194415351673977739e+02 1.181020590319307075e+02 9.868818159772227716e+01 1.181020590319307075e+02
1.102178839599853291e+02 1.038134179204296572e+02 8.967449936851623704e+01 1.038134107404820696e+02 8.556698838004089680e+01 1.038134107404820696e+02 8.858047943284638848e+01 1.053120979199734677e+02 1.164561826452192435e+02 1.077872234580257924e+02 1.050270679552430693e+02 1.137183478395619005e+02 1.189466155085862198e+02 1.106331200913927688e+02 9.440105868899433972e+01 7.466619093608119329e+01 8.719385492270707516e+01 8.715841992026642515e+01 6.574210895710642433e+01 5.864826649564084704e+01 7.900361846446939751e+01 8.953965441921214108e+01 1.008969979330654354e+02 1.009037051402019216e+02 8.933507837719541556e+01 1.035969130803995739e+02 1.237790302311716459e+02 1.193632163999588869e+02 1.110700412060648290e+02 1.110700412060653690e+02 1.049588612860074193e+02 8.684281482304918143e+01 1.002813182026635985e+02 1.002812608079367891e+02 1.028432826278472874e+02 9.246657341074765668e+01 1.112382167245873745e+02
