LEM/sinusoidal_perturbations/elevation_000731.asc
nrows	100
cellsize	150.0
xllcorner	0
ncols	100
yllcorner	0
NODATA_value	-9999
[rows 34 to 50 of 100, columns 37 to 73 of 100]
6.431112675075218021e+01 6.387768813390631095e+01 4.258255279667697124e+01 4.766648239310048751e+01 5.252152014024587601e+01 6.138429573745600720e+01 8.004698211618280368e+01 8.124815323610901885e+01 9.534713002916844005e+01 8.601596775899766101e+01 7.751891986962979786e+01 6.631138593034390283e+01 4.015456729327828356e+01 4.095551444064832936e+01 5.884964872303308425e+01 7.012650746014168135e+01 7.354630692863494801e+01 6.767083712040692944e+01 8.773094883841692138e+01 7.771018791946323745e+01 9.455284249773208671e+01 1.046655438218313918e+02 8.476787066549644578e+01 9.415884247314328093e+01 1.024537973749138331e+02 9.594660932145900745e+01 7.726084107730113715e+01 6.391464299674065330e+01 7.444912431702194056e+01 6.455281929458956824e+01 4.447763807173574691e+01 5.855455017702977472e+01 7.797094405090079761e+01 6.999040437250664581e+01 8.329827210350259747e+01 7.958525551452338220e+01 9.719521844581829839e+01
7.965117494317081537e+01 6.360581122045432068e+01 4.427609020817777719e+01 6.220490443437880401e+01 6.925265516488038031e+01 7.734850875384191227e+01 8.852469156903048031e+01 1.012564859863110058e+02 9.183950264066760383e+01 7.184472092313018265e+01 5.765214660474504171e+01 5.752989629073525890e+01 4.213581752128854419e+01 5.920330160826370047e+01 4.354323639327352424e+01 5.642304467266758650e+01 7.618425404266471901e+01 8.773095025868741459e+01 9.607234837015380435e+01 9.782026033354220829e+01 1.061725348920048333e+02 1.130776565390650887e+02 9.625743077376453982e+01 1.130776565390650887e+02 1.078338444875436437e+02 8.903847538410484219e+01 7.587067992203149913e+01 8.085034749511569885e+01 8.215099488383101800e+01 6.523806102852476840e+01 4.509665025652192583e+01 6.523661771726105485e+01 7.240915835994610461e+01 5.830582856220306098e+01 6.309533405581500176e+01 6.982467107940905748e+01 7.694326776234682086e+01
7.136865271218933060e+01 5.182688985990640873e+01 4.599148332497323111e+01 6.561390948407152734e+01 6.277117217007955929e+01 7.447342802569578168e+01 9.462749322487870529e+01 9.909086611726080207e+01 8.903500806309590132e+01 8.068797672431827550e+01 6.492770201337575031e+01 4.503538270738128091e+01 6.182309242885042266e+01 6.444344337042339532e+01 4.536915827961066583e+01 6.444344337048653415e+01 7.444311809061466079e+01 8.201375154766979847e+01 9.036492204730559763e+01 1.004249497458694691e+02 1.146991464708667223e+02 1.246818957888055053e+02 1.162622042716964756e+02 1.148554102806872237e+02 1.064151469297109855e+02 1.024110969065675647e+02 9.454351153959795795e+01 9.182764859373162381e+01 6.912188679203393349e+01 5.473883036736864227e+01 4.572130186594139190e+01 6.545524041886088185e+01 5.215463653082037609e+01 7.243667173821933147e+01 8.329827210350259747e+01 7.958525551452338220e+01 9.719521844581829839e+01
6.308497969326957389e+01 7.136862072312074190e+01 6.561390960985470144e+01 4.870035936019274203e+01 6.277259376037908112e+01 8.305345146537067080e+01 1.028881599555106732e+02 9.072734901438622046e+01 7.064860443426351821e+01 6.062675894714472946e+01 6.721997009242990373e+01 4.723644025544778913e+01 6.721997009511963483e+01 7.273528843115072107e+01 6.444344337048653415e+01 4.823030208009509323e+01 5.451238376832069576e+01 6.198373815307679280e+01 7.197089452755353989e+01 8.615075302087208797e+01 9.758050965292655121e+01 1.176289681686365611e+02 1.161271180866997810e+02 1.043564899687599876e+02 8.606402639199666282e+01 8.979852659261916870e+01 8.474975298200874363e+01 8.062976657562361993e+01 7.668630336984232088e+01 7.230631115641405415e+01 6.597386399216836139e+01 4.661945499241094382e+01 6.689768832715243718e+01 7.216137355876715276e+01 9.216054059650225838e+01 9.981930133094894586e+01 1.081669228097586881e+02
8.268436049266131249e+01 8.778841022278119510e+01 7.100319907622488813e+01 5.079153334003465403e+01 7.100319907622491655e+01 8.886277069137342721e+01 9.893538358404160249e+01 9.909086611726080207e+01 8.903499284091694221e+01 7.065736780958089014e+01 5.061406709333801501e+01 6.721997009513371779e+01 6.134299503498910155e+01 8.140824299106371598e+01 7.611705381517563751e+01 6.194092901974870102e+01 5.171767999921739545e+01 7.158881716110987270e+01 8.127033294273019237e+01 7.760470437562298684e+01 9.712237430853255660e+01 1.071255446380528724e+02 1.076855262046622244e+02 8.729508524569082795e+01 7.563335511617394502e+01 6.960343215017786633e+01 6.456602409631557293e+01 6.039910864787731271e+01 5.645282834117001158e+01 5.296551423299325734e+01 5.495008191986909196e+01 4.727043428409795212e+01 5.485094718028395278e+01 7.406845765355363653e+01 8.786522848621318360e+01 1.080468753202535339e+02 1.040342012093849462e+02
7.664146056488213787e+01 6.758881032247839471e+01 7.336698818365653096e+01 5.303343543748895428e+01 6.025746007768541546e+01 7.044573206135069654e+01 9.061367158285914059e+01 9.896702254652662134e+01 7.885518707872047628e+01 7.329190422001288141e+01 5.322786320936705096e+01 7.329190566554144937e+01 8.140824299106451178e+01 8.975689067324341863e+01 9.029317861044388849e+01 7.991983109280597830e+01 7.158881709355507894e+01 5.555422925177864357e+01 6.129948307212959691e+01 6.885106331992440687e+01 7.883230634458146824e+01 9.880088237748179836e+01 1.088098438462842239e+02 8.841830078125724413e+01 9.591309962810497325e+01 7.729534108742235787e+01 8.474975298200874363e+01 8.062976657562361993e+01 6.555119858298174051e+01 6.850945502807662990e+01 4.820706939032255178e+01 6.756250647075903260e+01 7.404930920661512062e+01 6.834469832844239079e+01 8.786522848602167812e+01 1.014242334840844819e+02 8.967779592279285339e+01
8.813913524255836762e+01 7.699128184463006619e+01 5.665099902752723438e+01 7.336716703629619474e+01 8.052970182210488304e+01 8.886277069137342721e+01 9.893538358404160249e+01 9.305681000226992694e+01 7.297268277125637326e+01 5.879648983083681912e+01 7.329190566554143516e+01 5.859373251806518823e+01 7.865295960991164748e+01 9.267494841386907467e+01 1.042961800572122257e+02 8.974216990521669857e+01 6.966888871942141748e+01 7.554821666381354817e+01 6.045007585650480308e+01 8.047604387260400927e+01 9.712237430853235765e+01 1.071255446380528440e+02 1.172507558810127080e+02 1.028348014418887288e+02 1.060159626315812318e+02 8.896695295410985693e+01 1.001251985848547861e+02 7.982516386876588399e+01 8.492965037538530737e+01 6.476749778487781839e+01 6.763061306944905482e+01 4.917501036997430930e+01 6.879523287609052318e+01 7.769881391571594520e+01 8.999236738229787136e+01 8.708329800736819948e+01 7.274236190151376036e+01
6.797472387000888716e+01 6.316219021211616536e+01 6.019825082936971938e+01 8.046741778976910098e+01 9.266283269919291854e+01 1.010215180780101463e+02 1.126700913458745106e+02 9.744336396013294177e+01 7.734164840821755149e+01 6.318458170151765074e+01 8.322930457989048136e+01 7.865295960991164748e+01 6.427768262196661908e+01 7.583009234833588152e+01 9.592331202260903922e+01 9.810561874378092284e+01 8.974216983868723219e+01 7.818365761865489105e+01 6.404206636028111177e+01 8.407386026912065802e+01 9.828103600160875430e+01 1.066579207128004185e+02 1.167578739113124300e+02 1.232348722547300923e+02 1.177780394329908944e+02 1.093385453104942115e+02 1.085629865366366573e+02 1.001251985848547861e+02 9.332597445382192802e+01 8.343542057250154187e+01 7.509130027120613704e+01 6.947605726179970986e+01 5.015126103784209732e+01 6.186030226800198761e+01 8.181970704270635508e+01 7.611379223675751859e+01 5.837946632531428293e+01
8.813913524255836762e+01 8.338633987763968491e+01 6.742865852868797560e+01 6.611697705657675783e+01 7.251402458721494781e+01 8.413703060818271240e+01 1.043092949431515422e+02 9.965192822448091192e+01 7.953840414097453504e+01 6.854196902404673608e+01 8.858640558992071590e+01 9.141544074285830845e+01 7.135353581762227293e+01 7.244613486134726088e+01 8.661060654737676145e+01 1.067727330732062825e+02 1.066686956910888284e+02 9.012124439671731579e+01 7.006434023974257741e+01 7.110296974942491488e+01 7.816198089888776224e+01 8.819089232597418970e+01 1.083711796772433047e+02 1.169596474279102836e+02 1.084806886426242158e+02 1.005720979446238772e+02 1.091012944616405065e+02 1.012357406015512140e+02 8.688362908532980100e+01 7.516548702478158361e+01 5.537906020596584966e+01 5.313025442432627443e+01 5.084595479663395423e+01 7.113982285887871626e+01 7.360230012847011949e+01 5.562967685989826094e+01 6.600510243331066818e+01
9.923907890805855914e+01 7.907709229486297886e+01 8.759855050953238731e+01 7.173190489287142668e+01 9.187902619067202181e+01 8.675391854345585330e+01 1.069282133928718537e+02 1.080279693511796637e+02 9.438201023049217042e+01 7.430544683438893117e+01 9.438201023049218463e+01 9.978208594595164982e+01 8.028975098403807920e+01 8.399968840791787272e+01 8.399968840791787272e+01 1.041493954937460700e+02 1.008833235064902709e+02 8.074931714602693944e+01 8.421939194660161832e+01 8.003966852032762347e+01 9.116787585450882148e+01 1.066579207128004327e+02 1.167578739113124300e+02 1.084806887782078348e+02 8.755652239401834436e+01 7.955216241581594261e+01 9.116597030325408468e+01 8.604340303002696544e+01 7.253143652757930226e+01 5.852085856269863484e+01 7.516548690377614150e+01 7.292245967520416627e+01 7.014005879420416534e+01 5.188136882942216488e+01 5.330968516426163006e+01 7.359256180014774884e+01 8.451298161592406188e+01
1.075989191248729639e+02 9.071065593338617816e+01 9.859964689516996827e+01 7.843778478167602941e+01 9.187902619067202181e+01 1.069282133928718537e+02 1.152891176125646382e+02 1.086499284445349787e+02 8.847204499940554001e+01 8.430265071156820511e+01 1.027549096810825233e+02 1.087968093188958676e+02 9.187958417738022376e+01 9.822786002814558515e+01 9.560737659611243089e+01 1.125330528893275783e+02 1.092626688649500437e+02 9.078908291611290338e+01 1.043695766953563862e+02 9.163691044120194817e+01 1.085495527637298494e+02 1.197313910451486976e+02 1.252584209346659492e+02 1.047099795224621772e+02 1.032805766798626621e+02 8.230738011059020209e+01 7.067693476179340450e+01 6.619248793908909079e+01 6.181192223551215648e+01 7.846699502258694281e+01 8.688362914648780588e+01 8.655583563149869519e+01 6.626169933693104497e+01 7.215946239036212262e+01 5.301757908367802230e+01 7.322898468123669602e+01 7.930538785138605817e+01
1.192500972553640253e+02 1.108891213456799534e+02 1.069602560859882630e+02 8.744304327848782066e+01 1.069602560859882630e+02 1.204164534847714521e+02 1.230766944594740977e+02 1.170377743627428941e+02 1.086499284445349787e+02 9.853785323598350487e+01 1.128467852170028891e+02 1.204679682392998217e+02 1.120777010391582280e+02 1.184452467248720922e+02 1.158180103075203817e+02 1.242100422419528485e+02 1.193662085132161934e+02 1.109775640968675816e+02 1.193662085132153834e+02 1.118282737415531756e+02 1.202175500086300843e+02 1.215411923543327646e+02 1.298124207386183002e+02 1.252584209346659492e+02 1.117954692631498830e+02 9.975703599128372900e+01 8.626741270631242742e+01 6.606671195891266279e+01 8.194555735504775384e+01 7.599753286500704519e+01 9.630535874823753772e+01 9.508045857762473929e+01 8.660407019217745983e+01 7.413398400877107974e+01 5.381778209529940682e+01 6.290520976332572900e+01 8.286910125741860611e+01
1.144179610086847418e+02 1.188772648061340931e+02 1.159864848479227959e+02 1.017137419072326026e+02 1.159864848479227959e+02 1.170817029312178050e+02 1.028609243265325830e+02 1.170817029312178050e+02 1.175804091269683056e+02 1.187620036530865377e+02 1.213726719080834613e+02 1.132626761971522598e+02 1.213726719080834613e+02 1.289110206944339154e+02 1.207883756196550280e+02 1.182614212542933956e+02 1.263753823259349645e+02 1.212574452549562380e+02 1.129694936322565013e+02 1.156255988528543810e+02 1.073266381157841636e+02 1.014387769670902912e+02 1.215411923543327646e+02 1.249397540550465919e+02 1.147266855022617307e+02 1.038587437603298440e+02 8.345054353945802461e+01 6.919054523976214455e+01 8.345054353945802461e+01 9.630535874823965514e+01 1.047482846906957121e+02 9.973670536120236818e+01 8.026557504956794276e+01 6.629112453860483356e+01 5.462323102751429360e+01 7.486640578076661257e+01 7.091936311119016523e+01
1.026788239729752377e+02 9.903830747118264810e+01 1.188772648061340931e+02 1.218978449646115934e+02 1.199015171594288915e+02 9.957774013759765808e+01 8.820066618493456190e+01 1.009539335964964408e+02 9.721721849170509699e+01 1.175804091269683056e+02 1.115525108040688167e+02 9.359706187210964856e+01 1.115525108040688167e+02 1.207883756196550280e+02 1.014709969728333760e+02 9.897937417708341457e+01 1.151910088336330205e+02 1.129694936322565013e+02 9.289552885007783800e+01 9.877505700947811818e+01 8.727140271957010498e+01 9.882410529009428046e+01 1.189413139521891196e+02 1.165029011181803469e+02 9.605283393345763443e+01 8.581616617397595803e+01 7.815984230678975564e+01 7.310558283270080437e+01 9.340998857228412078e+01 1.123093724373771067e+02 1.119420171214722330e+02 9.194311537389364730e+01 7.797202542930382663e+01 7.607137645198935161e+01 5.765284845522761970e+01 5.582384807000857307e+01 5.667972633784753356e+01
8.273842396008424771e+01 9.686657086528606442e+01 1.167108442535036801e+02 1.174503222996648617e+02 1.056759916004459825e+02 9.728873877202562426e+01 7.885888910831789644e+01 8.025628662105890498e+01 9.169766447422220779e+01 1.121714479141674161e+02 1.034298690346309968e+02 8.368350122526489088e+01 1.034298690346309968e+02 1.203842614024681836e+02 1.010676328192133440e+02 8.796143358537217694e+01 1.071289261837392388e+02 1.130832620601688063e+02 9.877505700947811818e+01 7.879247079311370783e+01 9.877505700947811818e+01 1.156255988528543810e+02 1.272169147944900658e+02 1.249397540550465919e+02 1.147266855022617307e+02 9.854407135705139353e+01 9.757389846179162873e+01 7.717498933338659128e+01 8.891913543921180008e+01 1.093965246144170038e+02 1.070673209849538949e+02 8.662926580584411340e+01 8.183289945554810174e+01 6.197851303957806834e+01 7.754732282676339139e+01 7.012160940865874181e+01 7.688768776537924055e+01
9.202023182962369674e+01 1.028449720085482397e+02 1.127948590601849048e+02 1.091451818747369913e+02 8.860922002379130902e+01 7.661958056250578863e+01 7.156114393351147385e+01 7.100932351530734365e+01 9.169766447422219358e+01 1.035088160971559006e+02 9.684774643150892359e+01 7.703117213796490148e+01 9.684774643150892359e+01 1.100942292730030800e+02 1.010676328192133582e+02 8.184147838561398203e+01 9.380082949074511589e+01 9.380082949074511589e+01 9.419073732801908250e+01 7.421430611084419127e+01 9.419073732801908250e+01 1.020270873120750394e+02 1.096175548493516061e+02 1.179130321206575758e+02 1.274144990077345909e+02 1.142799323782432168e+02 9.381930301602231737e+01 8.220884969133375364e+01 1.026955813853170270e+02 1.178417501846943054e+02 1.012866207212746730e+02 8.066456236576038918e+01 6.663548528981759489e+01 7.590147379780245274e+01 9.020154279439967127e+01 9.037223975424873856e+01 8.547691812006611656e+01
7.466205795460859918e+01 8.465232863517478279e+01 1.045778189401357423e+02 1.105329396518395271e+02 1.021800408896160519e+02 8.535539471583635418e+01 6.476362112045076458e+01 6.421804462959457283e+01 7.451298900617253196e+01 9.510925720871908595e+01 9.112719418011204198e+01 7.126154622364023794e+01 8.218933774483910781e+01 1.019630221229059259e+02 9.568114328902035481e+01 9.380081074041471823e+01 7.441951785459782798e+01 8.751270224955429455e+01 8.515909516809189483e+01 6.996630914979932925e+01 7.571926537295391313e+01 8.201769848701839294e+01 8.953506541100900051e+01 1.037308658666818530e+02 1.238292792287851825e+02 1.227199204679315301e+02 1.026955813845730887e+02 8.902688653222458015e+01 9.894309975002461499e+01 1.193922099315327330e+02 1.020987170659003880e+02 8.165478387566733431e+01 7.015303413315804448e+01 9.013589824335662115e+01 1.039932981297587844e+02 1.007606649757494921e+02 8.045404414762771239e+01
