LEM/sinusoidal_perturbations/elevation_000413.asc
nrows	100
cellsize	150.0
xllcorner	0
ncols	100
yllcorner	0
NODATA_value	-9999
[rows 0 to 16 of 100, columns 37 to 73 of 100]
1.213006333005521782e+02 1.131321319255998503e+02 1.131321319255998503e+02 1.107831577372473646e+02 1.107831577372473646e+02 1.189613805308762409e+02 1.236313879282842265e+02 1.154089332864727169e+02 1.141247378166706739e+02 1.058985594108922186e+02 1.141247378166706739e+02 1.138450429421500445e+02 1.138450429421500445e+02 1.220682491322710916e+02 1.185485734041271826e+02 1.104714874508346156e+02 1.125504274460740106e+02 1.044469018888400882e+02 1.070027193969623482e+02 1.150961063671808233e+02 1.137413461828315064e+02 1.054105469182891284e+02 1.054105469182891284e+02 1.068856323204217205e+02 1.068856323204217205e+02 1.152140515575002695e+02 1.228624907859058055e+02 1.147571994123972416e+02 1.228624907859058055e+02 1.196425934659714443e+02 1.115151497210810163e+02 1.196425934659714443e+02 1.204429158296629794e+02 1.123090975842724220e+02 1.148442319172341541e+02 1.229855863109550569e+02 1.268364743867642375e+02
1.131321319255998503e+02 9.313075655215787663e+01 9.313075655215787663e+01 9.075855956706462280e+01 9.075855956706462280e+01 1.107831577372473646e+02 1.121613436702222657e+02 9.553563216889232024e+01 1.041906982939165971e+02 8.602703097221218798e+01 1.041906982939165971e+02 9.397294625025770642e+01 9.397294625025770642e+01 1.138450429421500445e+02 1.104714874508346156e+02 9.052583885414355791e+01 9.636778407295038562e+01 8.430057900236573687e+01 8.693884385895296418e+01 1.070027193969623482e+02 1.054105469182891284e+02 8.543469765137101035e+01 8.543469765137101035e+01 8.695701198229160411e+01 8.695701198229160411e+01 1.068856323204217205e+02 1.130447347990942006e+02 9.509368344866881273e+01 1.130447347990942006e+02 1.098540378523803156e+02 9.195637725640364124e+01 1.098540378523803156e+02 1.091379807369720680e+02 9.275159327728698599e+01 9.529037516298906496e+01 1.148442319172341541e+02 1.186103521990879273e+02
1.131321319255998503e+02 9.313075655215787663e+01 7.888933118444947468e+01 7.651438638030802508e+01 9.662362857388590953e+01 1.093289166107671093e+02 1.032759501281800141e+02 8.406326217041778648e+01 9.596279519155223170e+01 7.609185622422958772e+01 9.042598611318804558e+01 7.992217197450020194e+01 9.397294625025770642e+01 1.138450429421500445e+02 1.110591825664937460e+02 9.636778407295038562e+01 7.596092578443368382e+01 7.229886588894045474e+01 9.281541694715291158e+01 1.042761440432628177e+02 1.040629412956162128e+02 9.128548839531124770e+01 7.174196345442982192e+01 7.338184422119800843e+01 8.438643865051061255e+01 1.042788707904927747e+02 1.049254414305330414e+02 8.517778232808124983e+01 1.049254414305330414e+02 1.017357634887423075e+02 8.217521094566802731e+01 1.017357634887423075e+02 1.010175666894865572e+02 8.145718243746927101e+01 1.010173918288623014e+02 1.137817759687758752e+02 1.082346327770451211e+02
1.109636119019571225e+02 1.027592189027525507e+02 8.951393781653726478e+01 6.939654270257049973e+01 8.102421135030080279e+01 1.011111198035363401e+02 9.504813153755135602e+01 7.517520508748361863e+01 8.567994416764176435e+01 6.906153916127314574e+01 7.055106765088402199e+01 9.042598611318804558e+01 1.061125896267826789e+02 1.007919771878317050e+02 9.252965097663960137e+01 8.274056534342921054e+01 6.811015960713764628e+01 6.539122945511118701e+01 7.573129350772917689e+01 9.608850499352405450e+01 9.574980108437937076e+01 7.604946857490351420e+01 6.565791277270778892e+01 8.251181844573493152e+01 9.739673055696340498e+01 1.126062018557159803e+02 9.834288839638243473e+01 7.858702315972153940e+01 9.834288839638243473e+01 9.521557930771754741e+01 7.568371340636811340e+01 9.521557930771754741e+01 9.511985216994146697e+01 7.558772701934248062e+01 8.611546364496865635e+01 1.056625690524678447e+02 9.974990435446392212e+01
1.027592189027525507e+02 8.269985017371894287e+01 8.522489476144816933e+01 6.510213534366796750e+01 8.522489475776119150e+01 1.010551597585725432e+02 1.032759501281800141e+02 8.567994416764176435e+01 6.580479070640518557e+01 6.243699876404789961e+01 8.231208462784364599e+01 8.628804430817898208e+01 8.628590684105282094e+01 8.905767246497435963e+01 7.212299534026470837e+01 8.219337301910005067e+01 7.388104506337984390e+01 5.894312782339703460e+01 7.080958433704506660e+01 9.129304013834673981e+01 9.617804885930149794e+01 8.117137059331039950e+01 6.595026571215112199e+01 6.111702494009845310e+01 9.111043887299901201e+01 1.061227338708555976e+02 9.263986134015236473e+01 7.291181195734186815e+01 9.263986134015236473e+01 8.957721528975763192e+01 7.008237589914446630e+01 8.245870643030418989e+01 8.337720170266838693e+01 7.020646144246457254e+01 8.397744629148769491e+01 1.035242644306824502e+02 1.005385744446744951e+02
8.687589054169015412e+01 8.785272559249318647e+01 6.843762270750332277e+01 6.106763692754857686e+01 7.270225758896521029e+01 9.280894327745500050e+01 1.055506855516532454e+02 8.567994416764088328e+01 7.816784272318996329e+01 5.830139969377591314e+01 7.372557101469999452e+01 6.642189515085860307e+01 8.628804430817898208e+01 8.074248038350451395e+01 6.028126234658119387e+01 6.892705046741176034e+01 5.346943636454719950e+01 6.521568309072739567e+01 8.571814769442791260e+01 9.951449932965486767e+01 8.789232558877894519e+01 6.812949801895818780e+01 5.677149550404733702e+01 7.648225175521493213e+01 7.844199714695915304e+01 9.488539920912511150e+01 8.754610089263348982e+01 6.785314057082784700e+01 8.754610089263348982e+01 9.768678568064396472e+01 8.245870643030018243e+01 6.301698950210113992e+01 6.392839975127889574e+01 7.512794600171837089e+01 9.464589455247983096e+01 9.962030773138130257e+01 9.138847844395675679e+01
6.673885893235333810e+01 7.956934817124664505e+01 5.940490032935251463e+01 5.731189658198378112e+01 7.157350004685405054e+01 9.167739051976232645e+01 9.593860801431758034e+01 8.773031732964352614e+01 8.639789178946327297e+01 7.372557101469945451e+01 5.386431904903795953e+01 7.372557101469999452e+01 9.062683340614512417e+01 8.337111260818096525e+01 6.294318574860725590e+01 4.859974108309153706e+01 6.893047629071153892e+01 8.224303987444156405e+01 9.399011948938198202e+01 9.677318168238227258e+01 8.849608225324276134e+01 7.305420735352279848e+01 5.346360820594451724e+01 7.305420735352279848e+01 6.878256051324072473e+01 8.671840449910230575e+01 8.290442563090468298e+01 6.323139146618739659e+01 7.683319361704070616e+01 8.498301452081354057e+01 7.787624980433425037e+01 5.846077187831050281e+01 7.787624980435660405e+01 9.147910384255158078e+01 1.027597340934681824e+02 9.138847844395675679e+01 7.175160213594701020e+01
5.242736011309338551e+01 6.827260025205978877e+01 5.223724432810858787e+01 6.082626052306751774e+01 7.161351609565699050e+01 9.131203119839248927e+01 8.773031732967257312e+01 6.786682240607800054e+01 7.368470537111463159e+01 6.706366259712564215e+01 5.101477840239973460e+01 6.249073554561778110e+01 8.236804604064839452e+01 8.034213208020373997e+01 5.991955249546288087e+01 4.558306508888111352e+01 6.589969075904404860e+01 7.338106439162949357e+01 8.171993640744778986e+01 8.849608225330099742e+01 6.881291263268744274e+01 6.979183809261374449e+01 5.034334238533902095e+01 5.746262204961312392e+01 7.533722860496231988e+01 9.483315699862541237e+01 9.105409047498346808e+01 7.683319361703870243e+01 5.716399234058002321e+01 7.683319361704070616e+01 7.501359375925818540e+01 5.558794540355744829e+01 7.501359375925818540e+01 9.157164903284328261e+01 9.351266033635597807e+01 8.391747067834934626e+01 7.584022143345858069e+01
4.521704217167962270e+01 4.802750177217438932e+01 6.236906009047447697e+01 7.970709835038979918e+01 8.827522679341838341e+01 9.977010682324831237e+01 8.773031732961830187e+01 6.786682240607800054e+01 5.381675190908536877e+01 4.715044814278817142e+01 6.706366259715974820e+01 7.911822362979806655e+01 8.145668727731990089e+01 7.563395992691597769e+01 6.299730178980016149e+01 4.267098186859250575e+01 5.897209101998894454e+01 5.300368450788284491e+01 7.338060727795922844e+01 8.718259572639351518e+01 7.457797953935958901e+01 5.513196219312028035e+01 4.736297114521227769e+01 6.663917620140345832e+01 8.346176241637726889e+01 9.871268978554351747e+01 7.912995793800541833e+01 7.297574465753334039e+01 5.332494089993154773e+01 7.297574492805281920e+01 7.223850113701527675e+01 5.276339568242258338e+01 6.401524455960274906e+01 8.347167852359821438e+01 8.530514019406402326e+01 6.637539926132852486e+01 5.695966496843875859e+01
6.185028210206866817e+01 6.827260025205978877e+01 7.658310285241994109e+01 9.079714561436557574e+01 1.005538635649347867e+02 1.089655456560746245e+02 9.339377302145487647e+01 8.190271517015285951e+01 6.461229323417789772e+01 4.465529992499455147e+01 6.135324410823213270e+01 6.958790605978013843e+01 6.155418270419524873e+01 5.572214877728356441e+01 6.979354190918108714e+01 5.897209227298512246e+01 3.860431553154924700e+01 5.300347953854023331e+01 7.336748764664520195e+01 6.681786823536681652e+01 8.113042040739907179e+01 6.401601673305542306e+01 4.483381699958252398e+01 5.579554362183267102e+01 7.524539183411276611e+01 8.153644568667063197e+01 7.904382650969054680e+01 5.949148623491068122e+01 4.974274006663615921e+01 6.524986184822017776e+01 6.958827496753502828e+01 5.001361831430090632e+01 6.388608785436343851e+01 8.335457243134278826e+01 9.350973469632836554e+01 8.391592150211195644e+01 6.843129464922481020e+01
4.826416491219669069e+01 5.998645616051747709e+01 8.016086277840781804e+01 9.705701683877030916e+01 7.979572646644977851e+01 9.705701683877030916e+01 8.517150973126072699e+01 6.530336086132749074e+01 5.535869401042087645e+01 6.133826282885267034e+01 4.132787799210404955e+01 5.818696692447888807e+01 5.606794139732885185e+01 4.150794435881082478e+01 6.155418318448279535e+01 5.634259326257931377e+01 3.592624946434209221e+01 5.267571081301736058e+01 5.988422083222679504e+01 5.238853010444177016e+01 7.278255567006317506e+01 6.151870685383119053e+01 4.240009229096644106e+01 6.151870632306488318e+01 7.020821376570100369e+01 6.270534841495349809e+01 7.533855901361476981e+01 6.761802523339738968e+01 5.807059976353671260e+01 4.500560635636748685e+01 6.343724975332909111e+01 4.729493847093062442e+01 6.131003493174337393e+01 8.079823501399371821e+01 8.664314958494539098e+01 7.847693460857151138e+01 6.731600587467268326e+01
6.387065240387777010e+01 7.682366819196226970e+01 8.843962623186928340e+01 8.856914752324915696e+01 6.784988187020097428e+01 8.856914752324915696e+01 9.339377302145456383e+01 8.346231255907908064e+01 7.523737457774066684e+01 6.957428851406456261e+01 5.818696692713709240e+01 3.808408782006042514e+01 3.590391948914086129e+01 3.375075909080000258e+01 5.113080216860514327e+01 5.482908837805624813e+01 4.926218125441919682e+01 3.219163906510255657e+01 3.949791608790980035e+01 5.987866926991492278e+01 7.515333519525603378e+01 5.909064020768981607e+01 3.996337075802239269e+01 5.571453598251757455e+01 5.119641995088759501e+01 4.950031276370078359e+01 5.957079502607781762e+01 5.684183579885527138e+01 3.667598792405389219e+01 5.714021920232653429e+01 4.347513847095195416e+01 6.344671298968875561e+01 6.835677550981213813e+01 7.646211882645549451e+01 7.773250252625234680e+01 5.952906565662836158e+01 6.462297999950256155e+01
5.795770541387325636e+01 7.814576922073977983e+01 9.514541132526120748e+01 8.124378090101129146e+01 6.063436261027967333e+01 7.884700041842444307e+01 8.735385241731874828e+01 9.013298422224562501e+01 8.484740404713866724e+01 6.496992085885796087e+01 5.086173869921016433e+01 5.235116358846399010e+01 5.606794142129513858e+01 5.113080216860514327e+01 3.079663233137225831e+01 2.814360304793045842e+01 2.872587960741205748e+01 4.912048785524473260e+01 5.064271409348497599e+01 5.209071628154688227e+01 5.233882277022317453e+01 5.756044054848154445e+01 5.571440081413500423e+01 3.644183665276483453e+01 4.155067503711178034e+01 5.426925138222646439e+01 3.597403046512594216e+01 3.657105868199952425e+01 3.716625923561355904e+01 3.972231983024484236e+01 5.892341061420663806e+01 5.956016457595854519e+01 5.063411262633297838e+01 6.701851099719733895e+01 6.984315444997452005e+01 5.134383174357876811e+01 4.432547875874942633e+01
7.814576922073977983e+01 8.642826283726930114e+01 8.665798191308115861e+01 6.599206738289205987e+01 5.420694116791696615e+01 5.827689124650180474e+01 7.341954124175937579e+01 6.966328064859935409e+01 9.013298422224562501e+01 7.902198863231086534e+01 7.079187201526146112e+01 7.227349957547944825e+01 6.269431186889436702e+01 5.302549858419937578e+01 4.208262750607837432e+01 2.799918615953967915e+01 4.666697566419989585e+01 2.953858842518910777e+01 3.728485318478671928e+01 5.065765415112793590e+01 3.168804665486416638e+01 4.113802486202033748e+01 5.294704206501810972e+01 3.391631768466856300e+01 3.452145736940672549e+01 3.512537794591951723e+01 4.670515617593999025e+01 5.611847643516291129e+01 5.390677605643786308e+01 3.803836267485693412e+01 3.867284642472478851e+01 3.931032918365207252e+01 3.995296304485923145e+01 6.018918576853240410e+01 6.168672587548508801e+01 4.251875313313917104e+01 6.302294124221842964e+01
8.630670984298130577e+01 7.868023784489126626e+01 7.735402606213173726e+01 7.993010936534969346e+01 6.697084235075502079e+01 4.651279568246950902e+01 5.331281064652321788e+01 7.341954124175937579e+01 8.630506776777897926e+01 7.477728378410307641e+01 6.650072922022872035e+01 7.183562220587960212e+01 5.428703782182186188e+01 3.546651641085594520e+01 2.727228224705210025e+01 4.760633362627135767e+01 5.517478968220875402e+01 4.985309346418849685e+01 3.032424999824128875e+01 3.088431220320551418e+01 4.608090501651566484e+01 3.250315374672861424e+01 3.308426832174686893e+01 5.322159493629749960e+01 5.420592878355461153e+01 4.122322919307424627e+01 5.696143311381366203e+01 6.193623507700696962e+01 4.198537791302732813e+01 5.832393701709700196e+01 5.314927107091069303e+01 5.956016286038581597e+01 5.942398224213255986e+01 4.087908657603891527e+01 4.154713016435702144e+01 4.237455896460056692e+01 6.248474734742922010e+01
7.868023784489126626e+01 5.700996878831788450e+01 5.659427850102932922e+01 6.544578097148202289e+01 5.096145262124741038e+01 4.183137705864906053e+01 5.610627932380131000e+01 8.018975300123420880e+01 7.802021665227611891e+01 5.806787914281906637e+01 4.639559859152729615e+01 5.484569145706545612e+01 4.374650313611526542e+01 4.635329279525204527e+01 2.676877456700303171e+01 4.119731910202691694e+01 6.133038898347960099e+01 6.199336142649806192e+01 4.039986030671764894e+01 5.120172118477481149e+01 4.187760072441123782e+01 5.315060235822742385e+01 3.842653637265662780e+01 5.775508587130391902e+01 7.162892105069744275e+01 6.749681713707565223e+01 6.570122336750942793e+01 4.610660477224917742e+01 6.202073303430696427e+01 7.014573901493183428e+01 7.289147102981627313e+01 6.915751015120365253e+01 4.941648365661540510e+01 6.108020672040566978e+01 5.506646321215702500e+01 6.215053174152257753e+01 4.356638107309220942e+01
7.118959931827994581e+01 6.267466778595542110e+01 4.200058179960959137e+01 5.212303060323295512e+01 3.657896735409717337e+01 5.695717530364420611e+01 7.078360725923542418e+01 8.719033193143755511e+01 7.862202457989482696e+01 5.725000808325025758e+01 4.407258164299969394e+01 3.492883237475903258e+01 3.036249528588752966e+01 2.607876757032821047e+01 4.398790397917530015e+01 4.111895068155462241e+01 6.091623212422772582e+01 7.129789666585222108e+01 5.426594153613285698e+01 6.878664819662238017e+01 4.986150731031462868e+01 6.284959897773789805e+01 4.408213111874945866e+01 5.746484160608371639e+01 7.645206375951141808e+01 7.349280861233894768e+01 5.403370081250125168e+01 6.586031858247181958e+01 5.089046686744850945e+01 7.039497736357967028e+01 8.329815086601631435e+01 7.538199912186689744e+01 5.578541795543856097e+01 7.523002700801805531e+01 7.290396229134222494e+01 5.994436192742229252e+01 6.356951700657712223e+01
