LEM/sinusoidal_perturbations/elevation_000117.asc
nrows	100
cellsize	150.0
xllcorner	0
ncols	100
yllcorner	0
NODATA_value	-9999
[rows 51 to 67 of 100, columns 0 to 36 of 100]
6.455108993161302530e-03 2.000645510899280666e+01 2.614125741466062536e+01 2.348595611186671306e+01 2.691592781469190854e+01 3.669611491871300046e+01 2.318497173897786823e+01 3.473197712277080740e+01 5.473197738744718777e+01 6.845659849895925220e+01 7.044889706862456080e+01 6.218836093353449002e+01 4.518025037174936642e+01 4.856069121686677192e+01 5.333786017651312505e+01 7.329592314246215778e+01 8.686347839151412131e+01 7.857215027348553349e+01 7.749396072479778752e+01 6.926216588856216561e+01 7.749396072479878228e+01 8.165389542417783275e+01 6.110199835753972053e+01 5.836013848853464481e+01 6.264194538677304536e+01 8.317437636475946761e+01 9.245092114842317699e+01 8.411655411137869010e+01 8.537367839136901182e+01 7.465798240564987509e+01 6.050709766854222948e+01 3.956880494035703322e+01 5.443884142582626140e+01 7.515716418968106893e+01 7.827686925291918385e+01 5.768124093000238872e+01 7.827686925291918385e+01
3.995603441288198172e-03 8.948267513440367082e+00 2.894826737521206184e+01 4.348595612729781124e+01 4.691592760942571516e+01 5.146924569688606255e+01 3.318497173897821995e+01 5.146926724771843453e+01 6.301629707560599059e+01 6.718558152400152039e+01 6.218836093350398642e+01 4.221345714964269291e+01 3.623911008894491204e+01 3.701814333389912548e+01 5.115334129898537441e+01 7.111587904009414274e+01 7.332148097957963273e+01 5.856720474488313499e+01 7.369034758621624803e+01 8.198064358281781949e+01 9.092920572035944815e+01 9.006916116347896661e+01 7.568858280648763071e+01 7.032312734175638980e+01 8.317440226546824533e+01 9.158907190233848894e+01 9.441571286878367175e+01 8.606070885123668290e+01 7.883488175663707409e+01 6.620272327063723594e+01 4.527524857349297349e+01 4.201054687986618319e+01 6.299782992624604816e+01 7.504455042408457643e+01 8.666827901367844333e+01 7.827686925291918385e+01 6.529734533579596700e+01
4.804567899273937473e-03 2.000480456789891903e+01 2.527819912284344284e+01 3.942033469003690271e+01 5.942032793170039184e+01 6.146928968618198041e+01 5.318497217830687873e+01 6.146931088066194349e+01 6.144513197685910200e+01 4.732440380336908703e+01 6.144513185062479010e+01 4.806391556770513773e+01 2.807673535483634453e+01 4.806391556770513773e+01 6.526297025115863448e+01 6.746524535725824023e+01 5.331849086034654306e+01 4.702123623290680854e+01 5.368617358983685506e+01 6.263136758218451661e+01 7.677717229982617653e+01 9.678473025505765293e+01 9.605543404960110365e+01 9.073765918023990196e+01 9.913334731064820460e+01 9.777325055851007107e+01 7.748653323623268818e+01 6.562298364929579009e+01 5.825085078301888331e+01 5.155948143902459435e+01 6.620272327063723594e+01 6.299782992624604816e+01 4.564181146845408676e+01 6.659050044698975057e+01 7.966515179701694649e+01 9.410686500690886191e+01 8.574231757485082994e+01
9.707512844716031236e-03 1.415184313657579196e+01 3.415184313657649540e+01 4.291518746912123561e+01 5.446227228858793978e+01 6.319352773415175761e+01 6.182962887689350850e+01 5.357705354022872513e+01 5.314160802614210155e+01 3.357000099872163901e+01 4.184193546677537512e+01 3.824769799884060006e+01 2.390812381816186516e+01 4.389630567241237458e+01 6.129283445590853319e+01 5.300586056588149120e+01 3.917970518145259007e+01 5.072326375504264462e+01 7.072556507204666332e+01 8.198064358281828845e+01 9.092920572035949078e+01 9.621455676817457459e+01 8.794231425974783178e+01 9.621454614957879414e+01 1.051287047667522074e+02 1.060951193181417125e+02 9.441571286878367175e+01 8.606070868241681637e+01 7.827380072901672747e+01 5.767510924434949970e+01 7.827380075992121533e+01 7.075379831709604161e+01 4.993730900774303194e+01 5.044189858712961438e+01 7.124141333191455772e+01 7.968011791877185601e+01 8.347900049893590335e+01
5.001202446392439237e-04 7.071567932110144561e+00 1.463085739229475557e+01 2.617786277609622658e+01 4.617786495115542778e+01 4.319441058707258208e+01 5.040678222494835126e+01 3.384946388128297912e+01 5.038243224670718945e+01 4.183557548767266354e+01 2.222393815457159860e+01 1.825420680835473775e+01 2.043507369831295861e+01 4.042924038558305710e+01 4.735004993252108108e+01 3.300955012745323813e+01 5.300586056588149120e+01 6.746524535725824023e+01 7.901550411939960838e+01 9.104751413320265385e+01 8.277848958507262012e+01 7.855180572036188380e+01 6.802203734555835979e+01 7.693961213603490989e+01 9.100332683651475918e+01 1.109435629725704189e+02 1.008814905462860736e+02 8.061291740785051729e+01 6.877687086309450137e+01 7.827380071449685772e+01 8.666836494698473814e+01 7.506262407066027720e+01 5.439822166829722505e+01 7.124141333191455772e+01 5.546945008333961624e+01 5.914457643361196659e+01 6.302139172180680760e+01
5.279685921607564676e-03 2.000527968592125205e+01 3.463085778082732702e+01 4.291519217414059995e+01 4.905201582289126350e+01 2.905294100501008003e+01 3.491053428811898840e+01 2.238324082753521793e+01 4.214331985925166890e+01 3.551089117355427049e+01 1.557110749109278736e+01 3.556700123385547130e+01 4.042924038558305710e+01 2.357601551047142507e+01 2.735413241385934313e+01 4.735003536690930304e+01 5.874441782058447359e+01 7.286300033058365955e+01 7.556958452766588152e+01 7.953234627234236598e+01 6.284122857159886877e+01 5.860347857480613953e+01 7.013337595087237730e+01 9.005159464503529421e+01 1.051286112943652995e+02 1.032639164937288143e+02 1.092174616072082358e+02 9.753969460665130953e+01 8.917942428286615097e+01 9.753966756213273470e+01 9.392427883532573674e+01 7.358793824960505958e+01 5.900662906492084403e+01 7.954431444711556765e+01 7.013491548138567566e+01 7.372416111363178004e+01 8.347900049893590335e+01
5.738623160518319517e-06 1.414214136235423602e+01 3.414214136339833061e+01 4.587022707129176524e+01 3.384319978751035052e+01 2.574471906267066146e+01 1.491415426541043665e+01 1.483366270355424810e+01 2.949455995192919389e+01 3.125484193183067916e+01 1.376864579174038639e+01 3.376403837253656803e+01 5.185591900783911967e+01 4.357078176350339049e+01 2.757443273680014784e+01 3.049095684150220720e+01 4.462624597852681063e+01 5.803417238765180031e+01 5.561548100660591842e+01 6.510635295043482529e+01 5.130263893272712039e+01 7.126770657203969961e+01 8.681705733252314872e+01 9.832709463558650498e+01 9.740354344890189964e+01 8.328056326942862597e+01 9.740355551713794569e+01 1.083435193333982625e+02 1.002521919011077500e+02 1.083435193333982625e+02 9.613312017617727179e+01 7.581606506099731746e+01 6.456996242881832870e+01 8.500610268418650151e+01 9.051921640871515251e+01 9.405906961464926042e+01 9.609405261843713220e+01
4.532054705376768917e-03 2.000453205470502027e+01 3.609374722642606059e+01 3.216466466964754289e+01 1.843197066539338280e+01 5.747876588943044318e+00 6.751621335975484861e+00 7.765609025439249358e+00 9.506147387898122858e+00 1.125982546505687587e+01 3.125484159469539591e+01 3.376405374494638778e+01 5.376515814702754170e+01 5.582791369600281683e+01 4.756000635117695907e+01 5.047497502116663526e+01 3.485441208962805604e+01 3.805612009227731107e+01 4.148463441902890025e+01 4.513392187960376134e+01 5.512851444105827881e+01 6.924726178820937150e+01 8.917578623561071538e+01 9.058190325135974774e+01 8.230878229809540869e+01 6.913603326027218543e+01 8.846456218518405024e+01 9.858021311328981540e+01 8.072871919324039425e+01 9.858021311328981540e+01 1.044747075408037063e+02 9.337165980435652557e+01 7.642706769210467144e+01 7.484951576641989845e+01 8.925057301456639891e+01 1.094358016495525447e+02 1.037362244415349579e+02
9.001595176218036079e-03 2.000900159455758143e+01 1.609475735348709335e+01 2.293105973903182004e+01 4.333680392203967280e+00 2.432871144646985329e+01 2.674696745557923094e+01 2.776078473472860964e+01 9.565040995402803503e+00 2.955865375603707079e+01 3.266680174678247539e+01 4.094460126375471987e+01 4.869064444871526121e+01 5.702485230305119757e+01 6.256545979581849082e+01 6.310356057603093660e+01 5.483512376167926305e+01 4.959659891966246192e+01 6.145990261542597466e+01 5.926379979717926716e+01 7.337212131807122262e+01 8.334988123538019522e+01 8.302508761841079377e+01 7.474879767703552602e+01 6.230694354881642028e+01 6.018703037036741677e+01 8.019038930516519770e+01 9.049045554717409345e+01 7.081599971637184865e+01 8.353448493358389726e+01 1.030886211684428702e+02 1.050617468019987655e+02 9.672528242322216840e+01 9.516268960195303350e+01 8.925057301456639891e+01 1.094358016495525447e+02 1.037362244415349721e+02
5.674351268809080251e-03 9.792591174152842637e-01 1.953999461024052309e+00 2.933403560403676558e+00 2.293103566840540353e+01 2.066062601853742109e+01 4.065399678835085950e+01 3.783555952319093763e+01 2.370142912163067095e+01 1.138275406478227048e+01 1.267600123008039503e+01 3.266460566737600857e+01 2.865923612193295256e+01 4.867766594643885014e+01 4.256343209133137151e+01 4.842277612162116895e+01 6.842817550910808677e+01 6.956011209122284811e+01 7.782659514236016207e+01 7.921152401191005765e+01 8.130686528636449850e+01 7.303918844717208003e+01 7.085346868919856433e+01 5.474371658253819106e+01 5.075392352511694583e+01 7.076071531191169584e+01 8.846454498492262530e+01 8.353448498011634626e+01 6.375329103095067040e+01 7.779869833145052382e+01 9.738097715698374657e+01 1.111118954080933747e+02 1.028809001589599177e+02 1.111118954080933747e+02 1.094358016495525447e+02 1.177530277673468788e+02 1.238386246239006852e+02
9.518805923843161668e-03 2.000951880537620653e+01 2.195233097439106018e+01 1.525912083912571049e+01 1.723226065233935600e+01 3.726646650423446516e+01 4.891704702714527286e+01 5.184877116986597656e+01 3.964632114416518505e+01 3.135159148392746076e+01 3.266733039746895884e+01 1.452416854256109247e+01 3.451424410567067724e+01 3.768589733196644431e+01 2.842723224902719537e+01 4.256351147425422710e+01 6.256829229882768573e+01 7.304986469444767749e+01 7.420752549539881215e+01 6.592646412714437076e+01 6.374221687879376930e+01 5.303744197404304828e+01 5.084900227597178457e+01 4.319322754191080804e+01 6.319885872023662898e+01 7.472103617757713323e+01 7.935172240893162154e+01 7.123608669827224560e+01 5.839664819019297681e+01 7.824728941776244540e+01 8.844319746727298082e+01 9.661635073662809248e+01 8.298285484476421914e+01 1.011667777427925046e+02 1.152276675483953454e+02 1.254055071350639992e+02 1.197435674903418175e+02
9.062254805971973678e-03 1.643325743623108082e+01 3.774416279891516268e+01 3.309142300515264878e+01 3.704547630105188460e+01 4.505089768916860038e+01 4.767102403398931898e+01 4.281984879113475273e+01 3.435307147425685059e+01 4.265491131550422921e+01 4.276472928188270117e+01 3.446540582016659471e+01 1.640458980059108640e+01 1.774608925478357335e+01 3.773396109078908722e+01 4.796020717107850118e+01 5.305139610019884344e+01 5.305139610019884344e+01 6.009210249974191242e+01 4.592459393188608630e+01 4.373654450646063196e+01 5.116101627682646580e+01 3.670755149076062196e+01 5.670817483095007105e+01 5.840415971829873598e+01 5.470040492884146488e+01 6.476629945378714126e+01 5.130398337177551582e+01 7.074396146281269182e+01 7.366342046569434387e+01 6.852233866159129150e+01 8.296646790657439396e+01 7.300731454085357086e+01 8.710588793718974898e+01 1.055504281240992412e+02 1.055500354344813161e+02 1.108480549727440803e+02
3.063233560239582431e-03 1.392529499091802592e+01 3.300923944754283212e+01 3.721334056856644423e+01 3.822796640814227231e+01 3.073376779271423587e+01 2.731619853804439302e+01 3.061946244585926280e+01 1.419809587610469670e+01 3.259408250921476480e+01 4.657012786768508761e+01 4.462240170018782237e+01 3.053678342841538296e+01 3.773396109078908722e+01 1.969187070122673333e+01 3.967846325200582669e+01 3.305622307947911764e+01 4.449630010295931015e+01 4.009270597245221524e+01 4.741988603873421937e+01 2.960283039888978251e+01 3.116705927425841693e+01 5.116101598046958543e+01 5.538494665120026639e+01 3.837961721753601552e+01 4.053461770996129587e+01 4.479987237278299972e+01 6.475667468494989976e+01 5.078560073834826483e+01 5.365350442881116066e+01 5.695674829441615827e+01 6.300794014697851253e+01 8.296959602135778766e+01 9.406760263240279585e+01 8.566142768850005496e+01 1.055504275588869660e+02 1.025240906069633411e+02
5.666595628964066558e-03 1.994974157659380865e+01 3.158609387280308312e+01 1.840731392314116022e+01 1.917126637366431963e+00 1.912959873888473883e+00 1.984738269886323536e+01 1.341215939840278537e+01 4.707031483390822224e+00 1.831354804499589051e+01 3.658822211469720287e+01 4.545333689146920619e+01 5.053240158507087187e+01 4.755206272928139555e+01 3.678734194493581100e+01 2.166086288810382854e+01 2.306671999331676659e+01 2.450855943212800270e+01 2.596163219957123758e+01 2.743017300073343989e+01 4.741973092359282305e+01 5.116097310028891343e+01 3.361605452927257431e+01 3.536774590245344996e+01 5.538494671996866003e+01 6.056430945816758538e+01 4.418637474821093036e+01 4.681487371043346002e+01 6.681960205482049275e+01 7.365898747343543107e+01 6.311068061051250311e+01 6.300794014681900990e+01 6.748739154909924309e+01 7.414881205594434732e+01 9.406760263240279585e+01 1.137731383441455080e+02 1.044886748260895359e+02
2.110006612196471242e-03 2.000211000661184002e+01 2.256832647899009103e+01 6.773671197416795131e+00 1.488479724837305174e+00 5.575379730735571471e+00 2.349795776544238546e+00 2.663932063393280369e+00 2.975356828462484948e+00 1.899708244164307658e+01 1.790620604040001140e+01 3.653385987103670374e+01 4.940844233781641037e+01 5.659213394088131110e+01 4.917812594623746492e+01 3.579086628035528861e+01 3.200113647506841374e+01 4.449630010295931015e+01 4.595025827784505879e+01 3.296988701711458702e+01 5.294793721908307305e+01 6.188125584337547025e+01 5.201327863623045999e+01 4.492400584702562583e+01 4.014449385619045785e+01 6.011509023860389789e+01 6.442478117068941401e+01 6.683897976670220942e+01 6.098900598476596713e+01 8.096231948505121068e+01 7.018837108605089270e+01 8.296919036579097906e+01 8.742804372657671763e+01 7.690293004290631984e+01 8.841054125328329860e+01 1.082942875813084385e+02 9.624634124554336267e+01
9.367352646185668139e-03 1.980652182171719389e+01 7.455719102908362483e-01 1.053165487707109715e+00 2.102425842168286607e+01 1.475931880075630787e+01 7.849767588664986029e+00 1.611624933113384373e+01 2.274531914260591137e+01 3.410307743215172049e+00 1.084900033244463735e+01 2.872082162955231510e+01 2.660629241087516306e+01 4.540335587291283304e+01 5.447135910216120891e+01 5.578674397572235222e+01 4.354210506428358940e+01 6.027721716365223870e+01 5.294815191084639849e+01 5.294815191086515682e+01 4.296391185660455392e+01 6.293239398847173760e+01 6.236749132313680377e+01 6.407941547216492495e+01 6.011509023860389789e+01 4.514192480550010345e+01 5.925739780405159252e+01 7.921824375265812535e+01 8.096648265107872078e+01 8.922027237164017777e+01 7.773795160911819835e+01 9.764690305533031278e+01 1.050442029570996425e+02 8.841054125328329860e+01 1.050442029570996425e+02 1.165197320435476627e+02 1.044886748260166911e+02
3.648181865326004768e-03 3.107010621665146077e-01 5.187259744061975653e+00 7.863349758208067364e+00 2.193487154970678077e+01 1.771722023779663857e+01 3.142324890978339980e+01 3.225269935297944102e+01 2.869735318095382226e+01 1.376283936387942397e+01 3.841032600653998319e+00 4.450419639146441675e+00 1.315606559533268438e+01 2.348955457581343964e+01 3.730974274652432854e+01 5.834329482816946211e+01 6.354331240102214196e+01 7.182273420221844162e+01 7.288158804808955438e+01 7.116936268687514655e+01 5.296249943714153119e+01 7.116936270198510783e+01 8.038277395918052548e+01 8.033425042266446781e+01 6.037283789972702408e+01 4.885348724321743674e+01 6.880952524399754111e+01 8.011002633183107946e+01 8.837448418829963259e+01 9.990297937831459762e+01 9.764690305533031278e+01 9.182524734048087112e+01 1.117016232375865172e+02 1.082942875813084385e+02 1.165197320435476627e+02 1.108372415538403573e+02 1.025655825591355921e+02
