LEM/sinusoidal_perturbations/elevation_000930.asc
nrows	100
cellsize	150.0
xllcorner	0
ncols	100
yllcorner	0
NODATA_value	-9999
[rows 34 to 50 of 100, columns 37 to 73 of 100]
7.739074094373854962e+01 6.759380141510469286e+01 6.759380800823569757e+01 6.220321451591362916e+01 4.107491333205511808e+01 4.627884827838487070e+01 3.152444636986897208e+01 2.487765854049469638e+01 2.524217368427765606e+01 4.114638664281358160e+01 3.203836515339625635e+01 4.964005420199820406e+01 5.601712557977388229e+01 3.937362724095401489e+01 2.832188364867095132e+01 4.817098851584094632e+01 5.006595022511436355e+01 3.087990254162815162e+01 5.176798846990628533e+01 5.996460837626693063e+01 6.186026460019997586e+01 6.674226157669750137e+01 6.300517592139055267e+01 4.259530784077220034e+01 6.301128644869880446e+01 7.955498945662608890e+01 6.626693565972854572e+01 6.355598248671693540e+01 5.184124077872677816e+01 4.033404495502579579e+01 6.137951655982377730e+01 5.757927918304942239e+01 5.479542001856733435e+01 7.543759199904006607e+01 7.208187474231367275e+01 6.088447564104712484e+01 8.071320524008316966e+01
9.537096689853925113e+01 8.143606784672503807e+01 8.718859278637063426e+01 7.124468852206452141e+01 6.220324086993110058e+01 5.877930644321793352e+01 4.947624816976740192e+01 4.487224082223340105e+01 2.635332606737146577e+01 4.596518146151961304e+01 3.566573771429375483e+01 3.689462581098653970e+01 5.370047683694615870e+01 3.882566733521343849e+01 3.147387020341410491e+01 2.884382333769129048e+01 2.921370677799366433e+01 4.984098996187664454e+01 5.065496205113380057e+01 5.104572315282634065e+01 4.104309544727088621e+01 4.989746649394007960e+01 5.231979498916152949e+01 3.684163326309290909e+01 5.332157889758418179e+01 6.833670668732032993e+01 6.589572675052160378e+01 4.833787052791122107e+01 4.415773437101276500e+01 3.794320026811675461e+01 5.566564350617920809e+01 4.072871356933750775e+01 6.083489444022835357e+01 6.447217599730879556e+01 5.176076214996297153e+01 7.208186691299526672e+01 8.889422777264627484e+01
9.569010560716152725e+01 1.010717101951499615e+02 9.319996417845668191e+01 8.350845660808843718e+01 7.544726615038671014e+01 6.889675692754909164e+01 6.302108446472917080e+01 5.495874121093097386e+01 2.742259365437319474e+01 4.914316702090772537e+01 3.777693793030262981e+01 4.608651324974140095e+01 6.161589777048756389e+01 5.092901078561921224e+01 3.197975590328795903e+01 3.100509226986966027e+01 3.985117330193898511e+01 2.977840027258598354e+01 3.021367622127290531e+01 3.066284043994698294e+01 3.112544091568080162e+01 3.159888698296259335e+01 3.207809101579617561e+01 3.255578378816925778e+01 5.270928760997679063e+01 4.788775300817862757e+01 5.426113992288957633e+01 5.325139042280849822e+01 3.511719608452970220e+01 3.553342893312915152e+01 3.595555699738300603e+01 3.637877412198926663e+01 5.685083287404830088e+01 4.391217136422789480e+01 6.378234927436039214e+01 7.926906855108117611e+01 7.880638670186897343e+01
8.670370198247869098e+01 9.634643482193718000e+01 8.510627391435866684e+01 6.578825847399768634e+01 5.579573851659638706e+01 4.855826157506088236e+01 4.147682813827391612e+01 5.233782865837691389e+01 2.875956191027576381e+01 3.466055680186425292e+01 5.127546080131053685e+01 5.929742487558988984e+01 7.189849946475185050e+01 6.434390128784664853e+01 3.835688987975915865e+01 4.046914896407956519e+01 3.131843783151216343e+01 4.956750504465058782e+01 5.045066984172780167e+01 5.099800991287631291e+01 5.145598573976551648e+01 4.600473164626339440e+01 5.233460534536951059e+01 3.919246641384661700e+01 3.321176450376992051e+01 3.366187230987615209e+01 3.409793370619319575e+01 3.452514200376478470e+01 5.469861651484292508e+01 5.874401265738765687e+01 5.000893872552082087e+01 5.659331719132713090e+01 3.698143742498880471e+01 5.749151408730224944e+01 6.020623530877966800e+01 6.711044566220110141e+01 6.155968887269554557e+01
6.907266770213182383e+01 8.820701614903336463e+01 9.319996589150643729e+01 8.350845660808843718e+01 7.544726615038671014e+01 6.887907274083130460e+01 5.487326847318791323e+01 3.129611519137415243e+01 5.233822944152874612e+01 5.283692798016867442e+01 4.341723880795922241e+01 5.660714239941492565e+01 7.589631763843904366e+01 6.963387328955778344e+01 5.145764794444556856e+01 3.735564860345564142e+01 5.014876150870078675e+01 3.276880906725561005e+01 3.379858927542909441e+01 5.301318282471486043e+01 6.221211164327109344e+01 6.664416003187095328e+01 6.472233381809746788e+01 4.452314221979091968e+01 5.339014140415329024e+01 5.356184978558516008e+01 4.472294131043753396e+01 3.532367055061730099e+01 5.674332535585636350e+01 7.187182258086482989e+01 6.898403160227013586e+01 6.481615053952648964e+01 4.994843177061512307e+01 3.759036282359311798e+01 5.417280935303863032e+01 5.790211235665081091e+01 3.926673414674578311e+01
8.670370198247869098e+01 9.634643482193718000e+01 9.709177895366028110e+01 8.897434793899680017e+01 8.089032848640644602e+01 6.227407113659509719e+01 4.792373185187418017e+01 3.345184583052657246e+01 5.673266924793399113e+01 6.747935922724697377e+01 6.225667102824543520e+01 5.660714045117989457e+01 7.589584445733736118e+01 6.392363034454375281e+01 4.434162163126750755e+01 5.624293691684238894e+01 5.203201375955126196e+01 4.673165326060669855e+01 5.264565531835474133e+01 3.535167745874895218e+01 5.486624398204406816e+01 6.488070601853870301e+01 7.322166230048725311e+01 6.491483122143306161e+01 6.491106761772959999e+01 6.448749490689884567e+01 6.434006532915398680e+01 5.710571233010698933e+01 4.341788339655586526e+01 6.064531559455196685e+01 8.169863500638699350e+01 6.912967505447170424e+01 6.152129185201123107e+01 5.493176512928715738e+01 3.820300670225123696e+01 3.864188345842558192e+01 5.252137871696584881e+01
9.268598025562195630e+01 1.042629194156199901e+02 8.897434793899680017e+01 6.971564689011829330e+01 7.535637104398536223e+01 6.360940907180922466e+01 4.237518925510723733e+01 3.949398121453605626e+01 3.746896362435992245e+01 5.750446679112504000e+01 6.984299828765533391e+01 7.589584445733736118e+01 8.396964068242920121e+01 6.997073408663288774e+01 4.991475990576922328e+01 6.997073408663288774e+01 7.223021532570110992e+01 6.807228672250840873e+01 5.924276278777671223e+01 4.078046221440225594e+01 3.703053538284586210e+01 5.665155298224645009e+01 6.652889039868708210e+01 7.973972570171751784e+01 8.506392383298633320e+01 8.348991779416584791e+01 8.071118378152291939e+01 6.043073425245633956e+01 4.982704766288260601e+01 7.033589250357250933e+01 8.198729276766378860e+01 6.405156015417313142e+01 5.248745095237308078e+01 4.300574463579918927e+01 6.027664349746950023e+01 6.007066567178538463e+01 5.082998605795965119e+01
1.008473784503255075e+02 9.609485210955037360e+01 7.683616923332974125e+01 6.573693329425385912e+01 5.581771283426055419e+01 5.046481382271721827e+01 4.721293779278065728e+01 6.127416116975003746e+01 5.973494107606148162e+01 4.142787956452333731e+01 5.688768823157263199e+01 7.656080713361257040e+01 9.151776264725326371e+01 7.716529639748870295e+01 5.681600120678741916e+01 7.716529639748870295e+01 8.409899252799331748e+01 6.427165193398060694e+01 5.001897407590092826e+01 6.073407379629207270e+01 5.665156157667519210e+01 3.875731185121957623e+01 5.251514935371992010e+01 6.811876506308793466e+01 7.661043873479461297e+01 8.660216042807391545e+01 8.901935303329138094e+01 7.711430449992278113e+01 5.677906851087184492e+01 7.711430449992278113e+01 8.946932083260276158e+01 7.972333323793388615e+01 6.843387436691322989e+01 4.689697998677815605e+01 6.151269670853777427e+01 7.756424592816065910e+01 7.151626860549498588e+01
1.035249099682359883e+02 9.760036038162121486e+01 7.831423494894389137e+01 6.722394894749280070e+01 7.409608702663062729e+01 5.445913646226652105e+01 6.755043683850924197e+01 7.561967207016658676e+01 5.897244540117603151e+01 4.408424817308634402e+01 6.469002583868568479e+01 6.405891912665113352e+01 8.343494706940792582e+01 8.550699931719329072e+01 6.860512452775435577e+01 8.550699931719329072e+01 8.424353309577649895e+01 6.428313246599694253e+01 7.012931633972719681e+01 7.837079210511556937e+01 6.671509116940137574e+01 5.845782404936077370e+01 4.050857983341722246e+01 4.806815432367918106e+01 5.834142942770088780e+01 7.264755769908990146e+01 9.240127730882439039e+01 8.540806897759644301e+01 6.708454879937865201e+01 8.540806897759644301e+01 9.149708215793000932e+01 7.500781243581789681e+01 5.336058553891125911e+01 6.854971257179583688e+01 7.459334336880785088e+01 8.851050012432939695e+01 8.402871856461474920e+01
1.009739288079536266e+02 1.057782264939480683e+02 9.456609889612010988e+01 8.646551067144007163e+01 7.893805476519129627e+01 5.957018381094857062e+01 7.893805476519129627e+01 8.656055808260941831e+01 7.276654433829621382e+01 5.641845466524418384e+01 4.756472672486567888e+01 5.685759550329050427e+01 6.818789535774332933e+01 8.742154974668167711e+01 8.885870863230677230e+01 9.716756806118851841e+01 9.246029443399400805e+01 8.424353022286432235e+01 7.603579821233401503e+01 6.781361356555883901e+01 6.228585049996525669e+01 4.238473113072789999e+01 6.029529596581840423e+01 4.613995667264585876e+01 6.621517348660390212e+01 8.081593552123783297e+01 9.487202735243793938e+01 9.542953493081569150e+01 8.714406020046702395e+01 9.542953493075413007e+01 8.278983006667021982e+01 6.114579180656430424e+01 6.428715495853793982e+01 8.375384540959349522e+01 9.577413107382537305e+01 7.747702050713247957e+01 6.573808990331521329e+01
1.091772367393567009e+02 1.129673000617866450e+02 9.339887506579188425e+01 7.984011348335759806e+01 6.878442589043710598e+01 7.081318236393299514e+01 8.699323267128401937e+01 9.534541215889774435e+01 7.598916921641536248e+01 6.976025621142004240e+01 4.997649735906310298e+01 6.976025621142004240e+01 8.436208263727701251e+01 9.552062128412472930e+01 1.032694887721404626e+02 9.511344795920760475e+01 9.194726159982909053e+01 7.920318296507295486e+01 6.781361357146786872e+01 4.764431873729384392e+01 4.542660566711505510e+01 4.408888685313957012e+01 6.410628613500612971e+01 6.621517348660390212e+01 5.240733693114678715e+01 6.675984369003782604e+01 8.547604847694317698e+01 9.172689337869726955e+01 9.987142237926886423e+01 1.039267468359684017e+02 8.278982768424302208e+01 6.781884197156178118e+01 7.954046353142797443e+01 9.440053194557349059e+01 1.041522843400448721e+02 9.293930474419455834e+01 7.878011440293587953e+01
1.002026782179282804e+02 1.085090074617416747e+02 1.038198146303130045e+02 8.443615156681600808e+01 8.232819259212016050e+01 9.003683686781731410e+01 9.815581618586864465e+01 9.747917891313443306e+01 8.383212037838582376e+01 7.192511079214614256e+01 5.232075226121211386e+01 7.192511079211855929e+01 8.512974284321940388e+01 9.626277691627922195e+01 9.511344795920760475e+01 7.540464198877559454e+01 8.098117587062547784e+01 6.523634436904652034e+01 5.099989239399840812e+01 6.781361357146786872e+01 6.548466398868562521e+01 6.410628613500612971e+01 4.656326754812585733e+01 6.672815711596989274e+01 7.260069389044426202e+01 5.983958369134942501e+01 6.551905439157133060e+01 7.195998618870285668e+01 8.599640944102601736e+01 1.055615054199844849e+02 9.651629431917504576e+01 7.487811784632262402e+01 9.651629431917504576e+01 1.092606003597191346e+02 1.101036606973502359e+02 9.400249524174731164e+01 8.142217108052226138e+01
8.030972557000728784e+01 9.189814190866395904e+01 1.001857118673988083e+02 1.038198146303130045e+02 1.016694646227320504e+02 1.016340406288143470e+02 9.349953656583876693e+01 8.627455978627867239e+01 7.018048231330726594e+01 5.640862326135044924e+01 7.192511079213872449e+01 5.774707961108828869e+01 6.899322215377861767e+01 8.816564195908102874e+01 9.511344795920760475e+01 7.540464198877559454e+01 6.111822782778637730e+01 5.460022936804641347e+01 7.123376172314068810e+01 7.943448373120328654e+01 7.835984058306715383e+01 5.822194181472321617e+01 6.673319553700608253e+01 4.920950712932873472e+01 6.948016757498780294e+01 7.994097420933212561e+01 8.547604847694317698e+01 9.172689337869726955e+01 8.599640944102601736e+01 1.055615054199844849e+02 1.051585846297298161e+02 8.504407536709122439e+01 1.051585846297298161e+02 1.099692810090447352e+02 9.052325555789654743e+01 8.586326451388408998e+01 6.637354866667342890e+01
6.886829664368205783e+01 7.205959954806151302e+01 8.606072268148339788e+01 1.059909185761806469e+02 1.046637133264639914e+02 8.532679197047175990e+01 7.438419738538576098e+01 6.716458729473689004e+01 6.066934443190159243e+01 7.580392085251742174e+01 8.383262417111970422e+01 7.709644665978687783e+01 6.370191177653799031e+01 8.287836440430882590e+01 1.008657187458315718e+02 8.117721756864742133e+01 7.757428520213564127e+01 5.742995883224691767e+01 7.757428520213564127e+01 9.453186589789312677e+01 7.472526087308705200e+01 7.835925500433621949e+01 6.558905681680268174e+01 5.113825238013208008e+01 7.144407841356704125e+01 8.250224556216467420e+01 9.141960206576470682e+01 1.027950218594227607e+02 1.055615054199844849e+02 1.137464353175115548e+02 1.154727112356131329e+02 1.006677880840768324e+02 1.148141671824161705e+02 1.017416664914498767e+02 8.231080759747050024e+01 7.116274720004116716e+01 8.586326451388406156e+01
6.145797065987127183e+01 8.129399497061022828e+01 9.189814190866395904e+01 1.118661827754890226e+02 1.128843780248079298e+02 1.016340406288143470e+02 8.475981050308092790e+01 6.564280135177440911e+01 7.428603442518964073e+01 8.794298347192660970e+01 8.924731508905230726e+01 7.014046303476348498e+01 8.287836440430334051e+01 9.093681332136495143e+01 9.576137610444914117e+01 7.614093358386641341e+01 6.188748882261044315e+01 6.660720188023078947e+01 7.757428415738121430e+01 9.727108267870661962e+01 9.453186591403979833e+01 9.372008423221930684e+01 7.966197154075102560e+01 7.144407841358891176e+01 5.401089698974151077e+01 6.322044485726597429e+01 7.493104775500481196e+01 9.464855052829702231e+01 9.778354395659896170e+01 1.059198223151208822e+02 1.156864797814677388e+02 1.217281101658005724e+02 1.074995841386468243e+02 8.906714058180980942e+01 7.653625859825618249e+01 9.052325822792455767e+01 9.867802054634640285e+01
6.544832237450603429e+01 7.535611826626578136e+01 8.936945626909889029e+01 1.093255836201308995e+02 1.134160445329915206e+02 1.051943705916968099e+02 8.830061854834126223e+01 6.923066754792259303e+01 8.830061854834126223e+01 1.016008515334352182e+02 9.735021277206072909e+01 7.863842906942541333e+01 7.863842906942541333e+01 9.783008417032749549e+01 9.885170782262181888e+01 7.930667635133565341e+01 6.514904427366607820e+01 8.503128178086603839e+01 8.071834284679444238e+01 1.002766491759183083e+02 1.059180956153727067e+02 8.635466019117100700e+01 7.230704612841873313e+01 6.053650214387292294e+01 5.641285073513547133e+01 7.665528935148279288e+01 8.333536256317655955e+01 8.731808518349237147e+01 7.820446339441278383e+01 8.806220088554719894e+01 1.017678350470485213e+02 1.213553557272601608e+02 1.111427489924513310e+02 9.157386643914716728e+01 8.053280058109577055e+01 9.157386647080369357e+01 1.111428449229687487e+02
8.528529445512982932e+01 9.355632361759234072e+01 1.035103464523014196e+02 1.165357266886694845e+02 9.689192170198185750e+01 8.585880281691727589e+01 7.871502418931439138e+01 7.372392523842326284e+01 8.712339214360575568e+01 1.064870423930253338e+02 1.060039504001285025e+02 8.960627951980120542e+01 8.532874779392294329e+01 1.046672920673163105e+02 9.956694410024421416e+01 8.009214018575869432e+01 6.857189711080474126e+01 8.261718166978884881e+01 1.002766491831962270e+02 1.084386627225665478e+02 1.040787185560615171e+02 8.792763040601970204e+01 6.804097550251569260e+01 8.066604323991197134e+01 7.665521199391409368e+01 5.989261746014702936e+01 6.328387906928284679e+01 6.740447208191302764e+01 8.731808518349237147e+01 1.018397623858251535e+02 1.099875727698298249e+02 1.197517356989453532e+02 1.194297712449874922e+02 1.046946008573422660e+02 8.529478433203283316e+01 1.046946008573422660e+02 1.194301486520262046e+02
