LEM/sinusoidal_perturbations/elevation_000604.asc
nrows	100
cellsize	150.0
xllcorner	0
ncols	100
yllcorner	0
NODATA_value	-9999
[rows 34 to 50 of 100, columns 0 to 36 of 100]
2.064481644892168701e-03 1.070080815335287916e+01 7.103072718397832830e+00 1.530436072397955449e+01 1.325475815994978745e+01 1.357803790367060692e+01 1.788645256212839385e+01 2.163280019798699438e+00 2.232582766577024458e+01 2.524864209456694297e+01 1.325784332360285589e+01 3.270790488594886369e+01 4.197546242179229381e+01 4.768636099027884256e+01 4.698775005481260791e+01 4.318372157579928938e+01 5.789851967322550053e+01 6.697323639537742679e+01 6.783514079135028396e+01 7.225541406445530868e+01 7.450823886924995065e+01 8.297198613862165928e+01 8.413989132684514516e+01 9.255836196576647978e+01 8.586887185454885696e+01 6.591860869568755277e+01 5.423165337086172855e+01 4.500847599566253621e+01 5.224343478555089604e+01 4.953504899643240122e+01 2.983960419159259558e+01 4.567245448140036501e+01 4.272291901935275149e+01 2.305125976166011981e+01 2.315191283988887605e+01 2.464055413624573987e+01 3.866499716115954755e+01
2.905961989428186391e-03 2.925481846696065258e-01 5.822207788014799323e-01 8.721976373000881466e-01 1.162296295652061717e+00 1.452516514891352362e+00 1.742866141163617266e+00 2.626690182197198187e+00 3.943796745941527071e+00 5.420531829096718823e+00 6.860947008631936406e+00 2.624508141713273446e+01 2.302164760505334584e+01 4.104251341079497450e+01 2.716551430180144422e+01 4.182007633881804054e+01 3.673293325761133588e+01 4.913303084367164075e+01 4.710583881901656866e+01 5.152249463649575745e+01 5.379386832420506437e+01 6.952381178739244660e+01 6.346963341342731724e+01 8.413989132684514516e+01 9.415581787397830738e+01 8.262802549947046771e+01 7.364830417825773168e+01 5.816020447034204466e+01 3.785476971930707890e+01 3.360880080842046880e+01 4.953504899643240122e+01 5.608029118238179933e+01 4.490761075476152797e+01 2.505646600589054529e+01 3.077522902071202893e+01 4.447805210009872923e+01 2.677462451270240962e+01
3.542675937824442140e-03 1.840429903992468041e+01 2.559090757087478707e+01 2.066072986913734866e+01 2.524679397784346335e+01 2.283770990749712482e+01 3.283561948455158142e+00 2.389299180942748535e+01 2.431418365548455895e+01 1.976298590481646400e+01 2.711106575642246241e+01 8.871193092013692549e+00 2.914143109873695892e+01 3.408662664946875509e+01 1.822027226938410394e+01 2.151570819809618840e+01 2.493762455383646071e+01 2.863372206003766607e+01 3.255544839602136875e+01 3.687410446177681678e+01 4.218910471799424045e+01 4.875889612469134704e+01 6.077420312145565617e+01 8.147599949823478482e+01 9.405727761380539675e+01 8.253027760619055186e+01 7.355094049504879195e+01 5.925569597429532820e+01 3.893508031954551996e+01 5.361977122873708623e+01 5.905161766684915392e+01 4.778878038817425988e+01 2.793083272016399832e+01 3.905677538391014991e+01 5.075410736185865090e+01 5.475215186101784326e+01 4.665507640078942586e+01
3.411803931810562015e-03 2.000341180393145635e+01 3.657560382898000739e+01 4.600127109518030011e+01 3.775476465639879109e+01 1.587501663688393272e+01 2.391680529739706174e+01 1.135378863150864781e+01 3.325589467719617431e+01 4.004052976823603416e+01 3.753063657089992944e+01 2.914193492601223667e+01 1.091444454269682218e+01 1.388324528740663766e+01 3.430150922930438639e+01 4.182053487805985270e+01 4.532640476669535445e+01 4.913303084367164075e+01 5.317731079713334452e+01 5.759502614315078262e+01 6.295736889584853913e+01 5.916078480305687037e+01 7.801399768959691983e+01 8.990769659569546945e+01 8.577052328651473090e+01 6.582200933009141863e+01 5.413512045443217602e+01 4.490763162768170247e+01 5.925569597429532820e+01 6.613255039301569127e+01 5.075487740750916288e+01 3.085866864704188473e+01 4.778892572415240636e+01 5.608076154774594357e+01 6.732850419271365183e+01 5.780674793513423992e+01 3.780957979115768097e+01
3.327314952832964925e-03 8.738473280159949397e+00 2.139395017854294068e+01 4.015489270566043700e+01 4.657182717628420932e+01 3.142988846542645121e+01 4.212052860782759467e+01 2.400709157119806747e+01 2.523109405694802376e+01 4.706464418559031770e+01 5.153314328404179889e+01 3.121475272907822074e+01 3.121094611898632465e+01 1.328727742242124776e+01 2.765420805485739919e+01 4.824877778946873264e+01 6.510906331781674794e+01 6.910029102136877555e+01 6.077081645464369331e+01 6.717849372958676213e+01 7.548962953789755659e+01 7.985023087433862088e+01 8.829028000977422153e+01 1.000534612639780789e+02 9.007794897896799569e+01 7.287100132803723795e+01 5.272398599207209458e+01 6.525614529387037521e+01 7.355094049590285010e+01 5.783301072572616164e+01 3.781302645562037412e+01 5.075487740750275378e+01 3.416271318548460556e+01 4.825526568713844711e+01 6.831271899185081509e+01 6.492301019760515146e+01 4.490794848224400226e+01
6.779948344387334673e-03 2.000677994834343565e+01 3.657560524344997077e+01 4.264154290814288117e+01 5.092581728990933954e+01 5.302436653772043940e+01 5.461695166188753348e+01 4.588999467459026960e+01 4.084607972817614296e+01 5.578435369730814841e+01 5.043270569655321367e+01 3.007031496550542471e+01 1.569573492297857520e+01 3.360541407433735372e+01 4.056819400541026255e+01 3.664180257413681119e+01 5.099526081458600402e+01 5.280102244057218996e+01 4.045174885611093885e+01 4.691563902946582232e+01 5.600726142642773198e+01 6.770668943067427392e+01 8.784043248065232490e+01 9.175669959458195990e+01 7.183845173381938309e+01 6.183714864233419917e+01 7.287100132803723795e+01 8.114742377798685879e+01 8.024430466933318939e+01 6.340108765291866888e+01 4.332510078581638169e+01 5.657619939264213116e+01 3.655284855586086223e+01 5.657619939259147657e+01 7.489979568426088008e+01 7.321004731476058680e+01 5.492854291852734860e+01
9.516927588586143695e-04 2.000095169275381224e+01 2.724553570132290048e+01 2.264154287092371476e+01 3.535855184103654381e+01 4.364282612723172150e+01 5.258711066403218126e+01 6.413414374630053771e+01 6.207758638926321026e+01 5.741456688064277358e+01 3.707099364147232023e+01 2.263880660605354933e+01 3.603556821359111240e+01 1.830936478735310402e+01 2.018196106939520362e+01 2.220101479724160143e+01 4.260915735908098867e+01 3.240324654043179464e+01 5.280102244057218996e+01 6.717849372958676213e+01 7.548962953789755659e+01 8.449974348873618624e+01 9.608523703339378130e+01 1.000534612639771552e+02 9.007794897896314978e+01 7.595758922503853228e+01 9.007794897896799569e+01 8.609719601941245060e+01 6.609635158717803449e+01 5.189501934348602674e+01 6.040694253630575616e+01 4.031870295331333409e+01 5.657619938320893027e+01 4.653571299329236410e+01 6.661452694348886894e+01 8.320853407357573417e+01 6.906258445773650578e+01
1.945935296826602993e-03 3.594051975832332602e+00 7.245535692533455752e+00 1.109453748713099408e+01 1.535855181424324023e+01 2.430282372424255399e+01 3.584982910803773137e+01 5.584982979107128642e+01 7.392969634092919762e+01 5.370288489764500639e+01 3.929924461734025698e+01 2.878172230055937675e+01 4.707081743023005771e+01 3.867573726112692611e+01 2.560722881088322467e+01 4.260915735888277567e+01 2.515835656152518141e+01 4.558931961051577275e+01 5.729231163586745623e+01 7.160535208445844546e+01 7.485444847817390723e+01 7.675875201313498053e+01 8.504155894168327734e+01 8.676455815791801740e+01 9.501448104501029945e+01 9.589655012970101211e+01 9.504203556937672204e+01 7.505617259006885433e+01 6.350020696962452860e+01 7.195446329192236590e+01 6.317005311552738078e+01 4.305466556918091214e+01 6.317005311323327987e+01 6.660344914773223479e+01 6.075123022257454153e+01 8.076977740706537645e+01 8.905243960926682689e+01
5.600688922766023682e-03 2.000560068892241006e+01 2.724553570132682268e+01 3.109453750286135332e+01 3.535855184103654381e+01 2.320319721977073968e+01 4.320319726385555725e+01 6.091556524614837542e+01 7.091556872624039443e+01 6.353619780147695906e+01 4.323306838738345448e+01 3.793502456538794121e+01 5.754594600750107247e+01 5.168382271413666018e+01 3.128232494568947786e+01 5.168382271419353913e+01 4.558931961051577275e+01 2.849185430021498178e+01 4.297905589891522027e+01 5.641967624777922197e+01 5.464512528007997361e+01 5.655514506677308617e+01 7.031771700856901930e+01 6.662137380966080968e+01 8.533791779701172686e+01 9.432374547704816337e+01 1.033448120024453942e+02 9.179602332279409893e+01 8.350319219828634232e+01 8.017370764076144951e+01 6.015111295930658031e+01 4.589495866089247755e+01 6.601559516455503740e+01 8.157886312334838408e+01 8.076977740702768926e+01 8.904836133102341478e+01 9.385137422047732514e+01
8.215197286175309616e-03 2.000821519728582132e+01 3.406038721359799837e+01 4.560739259739072082e+01 5.148747270929591480e+01 4.320319726385555725e+01 3.263128763559170409e+01 4.263128763559205225e+01 6.263128780239119209e+01 7.185882378012776428e+01 6.353619780147695906e+01 4.971613712838428967e+01 6.661551279967238770e+01 5.811681692511915998e+01 3.777387277979371305e+01 5.811681692511920261e+01 4.892624098238515273e+01 4.892624098238519537e+01 3.201591949469332121e+01 3.605916992158478962e+01 4.025988006731632396e+01 4.483588734405115872e+01 5.008709979083969444e+01 5.684347380572054931e+01 6.590806334634791597e+01 8.020481865706686619e+01 1.002392550891073171e+02 9.790501007904904895e+01 8.960694905678531086e+01 8.206699043080593015e+01 6.962532138677127591e+01 4.952721650197584324e+01 5.328100366403501198e+01 6.489390657827246400e+01 7.901986281628921915e+01 9.896045796253893911e+01 8.584489065737312785e+01
2.613274238814250559e-03 5.776115966135096258e+00 1.732312134992781694e+01 3.732312134992852037e+01 5.369510880009448073e+01 6.091556524614837542e+01 5.263128771899149427e+01 6.091556524614837542e+01 7.091556872624039443e+01 8.113542673392568361e+01 7.827435740296974132e+01 6.997103637646296193e+01 7.462334307560450952e+01 5.440697267026685324e+01 4.955828619294284465e+01 6.645405267350206202e+01 6.918601872431858624e+01 4.967932883914850350e+01 3.523625522767346752e+01 5.560821916732411552e+01 6.056429900161110425e+01 6.509419410405145356e+01 7.031771700856901930e+01 7.705483860999329693e+01 8.533791779701172686e+01 9.432374547704816337e+01 1.037414894401399152e+02 8.375223073208972835e+01 6.965809363672750010e+01 6.209234315610743238e+01 5.537430480268713495e+01 5.856341718068537716e+01 7.333270918056307153e+01 6.277527499271294431e+01 7.690765355011551208e+01 9.684746798550945357e+01 8.628577117329204782e+01
7.532853315450405325e-03 2.000753285331509446e+01 1.646656564263226130e+01 2.541083755263157684e+01 3.955297317636302523e+01 5.955297317636372867e+01 6.402982701689732892e+01 5.575200273886814983e+01 6.402982701689732892e+01 6.113471073060649275e+01 6.480521071899913466e+01 6.480531040297985612e+01 7.309630680671098446e+01 7.462334307560655589e+01 6.980798732434450926e+01 7.811040730965729040e+01 7.822405488949772234e+01 6.395169186432341490e+01 4.967932883914850350e+01 4.022749795417626473e+01 6.053303537814502278e+01 7.142301488427023060e+01 7.682494823954213814e+01 8.396010737813793412e+01 9.221879503694860603e+01 1.022318035111470635e+02 1.096184308930512117e+02 8.960694905678531086e+01 8.324198292621379380e+01 6.327114205511778522e+01 7.540877467257315914e+01 7.013553828695407333e+01 8.686210015731030865e+01 7.690765354779448160e+01 7.690765355011551208e+01 9.684746798545639024e+01 9.274207571877846590e+01
6.101047412966256744e-03 1.414823667114379191e+01 3.414823667114308137e+01 4.475083689009516519e+01 5.369510880009448073e+01 5.578602986133413566e+01 5.408725522932444107e+01 3.590798728319015254e+01 5.408725522932444107e+01 4.699228275589263149e+01 4.480444223290754024e+01 4.480444288235461414e+01 6.480531040297985612e+01 7.356872476244217296e+01 6.528509382915420645e+01 6.158397257007233350e+01 6.986724610710085415e+01 7.822405488933043216e+01 6.663898837443593948e+01 4.638783329819262491e+01 4.653196537358078189e+01 5.119539145242376321e+01 5.661276439792856507e+01 6.377882973115300302e+01 7.391073874241061503e+01 9.400947601386516794e+01 1.054549080817197222e+02 8.545860451796001200e+01 7.395150310835123264e+01 7.480505513810213358e+01 9.147325066335790211e+01 9.010255308808991970e+01 9.840185546090572188e+01 9.684746439971102916e+01 9.684746798546478885e+01 1.051168517742340640e+02 9.973991704807940550e+01
6.842009524227352091e-03 2.000684198825150517e+01 3.462375080409224637e+01 4.290799361412999247e+01 4.040457052452939735e+01 3.610439131339958152e+01 3.610439203051967638e+01 2.637878905001023355e+01 4.582999501102914053e+01 5.066227010451370205e+01 3.065747847628284006e+01 5.066247516429647391e+01 5.874449884261172627e+01 6.202385493982480114e+01 4.528975374822015709e+01 4.158767393398948542e+01 5.572804930374970667e+01 7.572142193984900871e+01 7.337951328883971769e+01 5.315793854562834753e+01 6.678247981019582369e+01 6.289603620546490248e+01 7.682494823954213814e+01 7.313689076234066988e+01 9.221879503694860603e+01 1.022318035111470920e+02 1.137709145527903019e+02 9.391003683638561483e+01 9.390997122682652787e+01 9.475637673073362066e+01 1.030205587104866254e+02 1.005190448929153320e+02 9.207812053662273399e+01 1.005190448929153320e+02 9.596218081691461066e+01 8.752781007262605328e+01 8.392469465656120065e+01
1.934550753332892102e-03 2.000193455075297777e+01 1.462376164070726325e+01 2.465939250974529173e+01 2.039782321379133734e+01 2.881534935082567728e+01 1.752089054250294353e+01 3.610439115001537402e+01 4.845193078670772735e+01 4.488741647286429526e+01 2.488514036683785235e+01 4.204086873134775715e+01 3.874428449292825150e+01 4.725179721577951852e+01 3.374039455167270773e+01 5.374077908862876285e+01 5.158725880466971603e+01 7.158068585033329612e+01 8.167385960846446835e+01 6.748051555628106257e+01 6.748051555628106257e+01 8.307108437704671644e+01 9.133283155905105843e+01 9.323492215514508530e+01 1.014627409296197271e+02 1.146654328601197932e+02 1.143635788690384771e+02 1.139364151933224747e+02 1.052701774114225941e+02 9.683341553329222506e+01 1.052701774114225941e+02 9.035517483540537853e+01 7.177127912985844205e+01 9.035488714927375042e+01 8.429197331617935163e+01 6.737683213525842518e+01 6.842342680670176946e+01
4.364784840791047053e-03 1.538294762535530547e+00 3.076756300997065985e+00 4.652991423621296363e+00 6.244218905962742205e+00 1.097043730722476695e+01 2.878112113964973773e+01 3.233049360343618162e+01 2.847218691600636120e+01 3.636528934795861545e+01 1.957655278196839532e+01 2.204420150874224404e+01 2.459469289789017665e+01 2.724487488357819487e+01 4.725179754189328918e+01 6.038280438200296629e+01 7.158068585033329612e+01 6.423243821404028608e+01 8.422524947396145478e+01 8.762095361919091374e+01 8.175814929682931620e+01 9.586720366064794518e+01 9.803684935211987295e+01 8.960485366231581850e+01 8.586388136632295698e+01 1.062502715213720990e+02 9.391716523452002718e+01 1.083465606457057078e+02 9.509210622264873791e+01 7.648224478349696653e+01 9.017376621526399560e+01 8.192469983324060934e+01 6.179395009657554283e+01 8.192469278853371861e+01 7.589358307389225899e+01 5.614992339347816142e+01 7.384665897791924749e+01
5.219006137575642711e-03 2.000521900613722082e+01 1.241498444490765074e+01 2.465939253100866324e+01 2.625766278776904983e+01 8.639674340996309709e+00 1.058825302243049116e+01 1.253536748816454427e+01 1.448849118271273539e+01 1.647144373158499064e+01 3.636528031555560858e+01 4.204086668435070351e+01 4.460221165076600158e+01 4.725179754189328918e+01 3.210144145287107875e+01 4.624581970428598510e+01 6.623753283806763648e+01 8.422524947396145478e+01 8.422524801967531971e+01 1.042251906964388155e+02 1.017750153277761314e+02 9.724222682280210961e+01 8.960485366231581850e+01 6.933870396471235154e+01 8.960485366231581850e+01 8.699600727312942183e+01 7.949363639315537000e+01 9.990578113712541608e+01 8.665783015839454606e+01 6.644756705891104787e+01 6.992394435712206757e+01 7.031767128117427035e+01 5.526688387162561611e+01 7.521444555910402130e+01 7.033943937295867954e+01 5.071986180395771271e+01 7.033944517624638593e+01
