LEM/sinusoidal_perturbations/elevation_000652.asc
nrows	100
cellsize	150.0
xllcorner	0
ncols	100
yllcorner	0
NODATA_value	-9999
[rows 34 to 50 of 100, columns 0 to 36 of 100]
2.064481644892168701e-03 2.000206448164453832e+01 2.963514403498234273e+01 3.504876598778850649e+01 4.120721848907489004e+01 4.880474433467227868e+01 5.801984748331605601e+01 7.173355870614057039e+01 7.223068575060894148e+01 6.333195700699924657e+01 6.579604145843711649e+01 6.550629568401961933e+01 7.334126622770834558e+01 8.056543618715717514e+01 8.207791671875529005e+01 7.404756881895715992e+01 7.222972281725654398e+01 7.222972281751252410e+01 8.034976275819110469e+01 7.701966597747097865e+01 6.858624578187971110e+01 5.846988650001514998e+01 7.545019863215058820e+01 8.674282641351722134e+01 6.660013773434884854e+01 6.398449208927436160e+01 8.083578342142402562e+01 7.498326944782634484e+01 5.443499388938585781e+01 4.331035142701948359e+01 4.894036452556976258e+01 2.909675795981036117e+01 2.812428457078316058e+01 4.237667597414446163e+01 6.271227724567896900e+01 6.869218695977889411e+01 7.710043063776703320e+01
2.905961989428186391e-03 4.716954408526198961e+00 9.567714717673245772e+00 1.491341219230453774e+01 2.094696461860254999e+01 2.805101999297640702e+01 4.002634663466789533e+01 6.185817561098687634e+01 6.004561739535426312e+01 4.329911311646201710e+01 4.672908147517640032e+01 4.665338599467438030e+01 6.469475858035896465e+01 6.693239588512567195e+01 7.088042678881774350e+01 5.417443446361802728e+01 5.205906809634591070e+01 5.205906809634592491e+01 7.222972281751252410e+01 7.387367960729675076e+01 8.189491485312771601e+01 7.870260509443484409e+01 8.716488113796214066e+01 9.507142910849941586e+01 8.674282641351722134e+01 8.413191428577357556e+01 9.246145474200442038e+01 8.337019332198681809e+01 7.314005545509810702e+01 5.385374550607527055e+01 3.373689431695014918e+01 4.920847947196249095e+01 2.974333500472658898e+01 4.997262437278058655e+01 5.483193811764958525e+01 4.829198857363241615e+01 5.905462143587340762e+01
3.542675937824442140e-03 2.000354267593747082e+01 2.963514403498229299e+01 3.504876598778850649e+01 4.120721848907489004e+01 4.880456861962364457e+01 5.784499765542756222e+01 6.408973707854619306e+01 5.085289777060724958e+01 3.185525381031568415e+01 3.288972713655285673e+01 5.228325927510034887e+01 5.372295837654257156e+01 3.970220224471415094e+01 5.755833498215366006e+01 5.203767383937823610e+01 3.771036235136499215e+01 5.480407387917104245e+01 5.854840839674765363e+01 5.418721465897311163e+01 7.058280141651989936e+01 8.189345301387675136e+01 8.538486369609343285e+01 9.335347101933045622e+01 1.030000402502715389e+02 9.546313901746917452e+01 8.528916081765476065e+01 7.691672600336937649e+01 6.964279834616266385e+01 5.761308401356198061e+01 3.736686591820055270e+01 5.255067927111553416e+01 3.239908280039463051e+01 3.258921282918441165e+01 3.463199511350997284e+01 3.671339414159018588e+01 3.884722351663495488e+01
3.411803931810562015e-03 1.414554742766263473e+01 3.414554742765644590e+01 4.472396525161655489e+01 5.300697428654004284e+01 5.466448741928294197e+01 4.661170238345778927e+01 4.620929038334649164e+01 4.273109189950898923e+01 2.292915226310212873e+01 4.273109189950898923e+01 4.748386931917995213e+01 3.657779031632772160e+01 2.705075550089811998e+01 4.646365070765627081e+01 4.699254760057016966e+01 3.139177122895741334e+01 3.497503903941144898e+01 3.873525351602994249e+01 4.271126806879350113e+01 5.418721465715715624e+01 7.387363055348566832e+01 6.586106319272620624e+01 7.571542217673577113e+01 9.505430521545125089e+01 8.714666889620116308e+01 6.668678311053760410e+01 5.634295171428443183e+01 4.913198343518447331e+01 4.278812973841188949e+01 5.685098680795864823e+01 3.621422033557811204e+01 5.255149873522040593e+01 4.682596701090553637e+01 4.882968118884162578e+01 5.691413859091120742e+01 5.905435776864761266e+01
3.327314952832964925e-03 2.000332731494886573e+01 3.058343032160617980e+01 2.472622897439795508e+01 4.472396525161655489e+01 4.661170238345778927e+01 2.603852481686776699e+01 3.485269557153010567e+01 3.161251771541433087e+01 1.808326838080377286e+01 3.792820063015393117e+01 3.697890977800427947e+01 1.916043991930506252e+01 2.067451619195106360e+01 4.068024859442827079e+01 2.707395121395886051e+01 4.699254701425070380e+01 5.480407383473184524e+01 5.854840839674765363e+01 6.250769376998999860e+01 4.974387326654671426e+01 5.526084234671499473e+01 6.670381194814144976e+01 8.621202598008328266e+01 1.030000402502715389e+02 9.546313901746917452e+01 8.528916081765476065e+01 7.064918473601612448e+01 5.013019533434368924e+01 6.315670916767914633e+01 5.998729801704782716e+01 3.918063970560429254e+01 5.998729801705039932e+01 6.719905499760380962e+01 6.867397377570955541e+01 7.104003553126192116e+01 5.051907889075189928e+01
6.779948344387334673e-03 2.000677994816275174e+01 1.058460136690059983e+01 2.364712640415363509e+01 2.488465328124124909e+01 3.278889260608013245e+01 3.480134850641481847e+01 1.496828299841324039e+01 1.160592388206308456e+01 3.096785454314688479e+01 3.477990019677481826e+01 1.704117507401938525e+01 3.688839711615032257e+01 4.051924828975329262e+01 2.288754740374830732e+01 4.286801720879176969e+01 5.366970983897468983e+01 6.764379374865696093e+01 7.605203315712867607e+01 7.752978524601971344e+01 6.948849284326406917e+01 7.494895335733271224e+01 8.296231758339327200e+01 9.417902726775005817e+01 1.042930862388720499e+02 8.413434350553784213e+01 6.963456623938664336e+01 5.929287241683709198e+01 6.465482438618836625e+01 7.905380375430598860e+01 6.322938726681869781e+01 4.245930841264794253e+01 6.322938726681860544e+01 7.506933097915802477e+01 8.293666922103021477e+01 7.795658381508246748e+01 5.730890470839904083e+01
9.516927588586143695e-04 1.209195879419211472e+00 2.419650944756813971e+00 3.648241178424713738e+00 4.886210099605054147e+00 2.462119513748840305e+01 2.781346776736237913e+01 9.733316354186648311e+00 2.963871427203047659e+01 1.357365579842674208e+01 1.497005263920390128e+01 3.495552248566808373e+01 2.956601474420724784e+01 4.893847775917585352e+01 4.286801720879176969e+01 2.553703029511451561e+01 3.968623751216232165e+01 4.820943456524012305e+01 6.368190694413510045e+01 6.368192346271644055e+01 8.327222150986651172e+01 8.089788884525063395e+01 8.890651246762963922e+01 1.053071780152502015e+02 9.736835266663914012e+01 9.834255202814281915e+01 8.819274631542458565e+01 6.963456623938664336e+01 8.512085079032169688e+01 8.248450866584092012e+01 6.196090057504137150e+01 4.729900643966217899e+01 4.927100071430223949e+01 5.445867548522029722e+01 7.384643105319604217e+01 8.574589879025154460e+01 6.769175042181332458e+01
1.945935296826602993e-03 2.000194593529647236e+01 2.241894258958274833e+01 1.779000942292579879e+01 2.480681360801035851e+01 6.653977052571366180e+00 7.911366279495089415e+00 2.791003941408931510e+01 2.970104392102396318e+01 3.377463499459546625e+01 1.995921363506226243e+01 3.408541184666221824e+01 4.889654993518441017e+01 4.807037647326011154e+01 5.367019648354028050e+01 4.550400310913039448e+01 2.825846491446449704e+01 4.820883834505037413e+01 4.383935333490001796e+01 6.368193361403016439e+01 6.701443512202749275e+01 6.126372031546892316e+01 8.089788884525063395e+01 9.417659272049154140e+01 7.804292350456560712e+01 9.417658354844871837e+01 9.834255202814281915e+01 8.413434350553784213e+01 8.731494014438007412e+01 6.685663488914362063e+01 5.487827534860368672e+01 6.797212621042149294e+01 6.391996375357216209e+01 7.475813423138656333e+01 6.329906070581358080e+01 8.351309634898332490e+01 8.230413504895896892e+01
5.600688922766023682e-03 1.414773631265384068e+01 3.414773631265454412e+01 3.778745765663963851e+01 3.512527267002599984e+01 2.677941281305584198e+01 1.457801020834383721e+01 3.459437667606468381e+01 4.954143252304454137e+01 4.560347726153081993e+01 2.550947663207987048e+01 4.560347726153083414e+01 6.169565037941613639e+01 6.560936883813573672e+01 7.136716271724779403e+01 5.402375126558209928e+01 3.404161704367157171e+01 3.119903958525476284e+01 5.113238529545234456e+01 5.641401374464856389e+01 4.718617270866521807e+01 6.701336070315926463e+01 7.736683406892758796e+01 8.479888633574087464e+01 6.663386814856951901e+01 8.621080800693979995e+01 1.005130436404497658e+02 1.042930862388720499e+02 9.567429658572542905e+01 8.170360859543625054e+01 6.113961785733218335e+01 8.170360859543625054e+01 8.441483426858343364e+01 9.010511933587974909e+01 7.018857383329503818e+01 9.021087048594860391e+01 1.025070000499457592e+02
8.215197286175309616e-03 2.000821519728582132e+01 3.180634285768990921e+01 3.887741066955490510e+01 4.716168191701650869e+01 4.296643314663042190e+01 2.872021464833149196e+01 2.872021464833149196e+01 4.878074801103713298e+01 5.402250085586306483e+01 3.708103273223292007e+01 3.708592733091678895e+01 4.872240386988839589e+01 6.933404757914740912e+01 6.365182730522926846e+01 4.352276255034909980e+01 5.402373828877906448e+01 5.111010208961622681e+01 3.426836922386475948e+01 3.650319573252311756e+01 5.641401623108089325e+01 6.255586490120626308e+01 5.803877007844761948e+01 6.965625357663856221e+01 5.910152304806436518e+01 7.311739113178606431e+01 8.740541505853383342e+01 9.473218206435856814e+01 1.026603978460121169e+02 9.007954965306218753e+01 7.310573658739372149e+01 7.575649060025224912e+01 9.606122151644230200e+01 9.859107417626141512e+01 8.031121519286483590e+01 9.859107417626141512e+01 1.094115330292510322e+02
2.613274238814250559e-03 5.776115966135046520e+00 1.180634285769026626e+01 1.887741066955561564e+01 3.042441605334792598e+01 5.042441605334721544e+01 4.878074801103534242e+01 4.878074801103710456e+01 5.721265165245345230e+01 6.571038495990417516e+01 5.724535299089545504e+01 5.735664360188173561e+01 6.591874446441714497e+01 7.827948815095965074e+01 7.180344793090041833e+01 5.365266652428111627e+01 7.178940384866389479e+01 6.231538958462507338e+01 4.580583998792040745e+01 5.640719718592954735e+01 3.990569504494825992e+01 4.319289470024248345e+01 4.657455544928625102e+01 5.016831110600622168e+01 5.488162894466887565e+01 6.119642427634986603e+01 6.784136621722642246e+01 7.534737955098489692e+01 8.913825477892063986e+01 1.017897484662506571e+02 9.344852017690934076e+01 9.606122151644230200e+01 1.044026087058720407e+02 1.085886610289141743e+02 1.001670564576770204e+02 1.085886610289141743e+02 1.176391245317754937e+02
7.532853315450405325e-03 2.000753285331509446e+01 3.180634285768990921e+01 3.887741066955490510e+01 4.716168191701650869e+01 5.870868730080881903e+01 5.382113045716717181e+01 5.382113045716717181e+01 6.210644382942575703e+01 7.259249104389965623e+01 6.430766132379095268e+01 7.259249104382985252e+01 7.306047402672400892e+01 8.134533567758776940e+01 8.173043991267707042e+01 7.365098808617737802e+01 8.173043991267707042e+01 7.371358329504828077e+01 6.563801560606600560e+01 5.058868459299949194e+01 5.980125345678471405e+01 4.580314039142211868e+01 6.565535098445666051e+01 6.999688403402763015e+01 7.465828673125098192e+01 6.638276326078205614e+01 8.596286202152592182e+01 9.473218206435856814e+01 1.026603978460121169e+02 1.161825409131036224e+02 1.018482286740486416e+02 9.362079008417255466e+01 9.362079008417255466e+01 9.415776393008331979e+01 1.023831960106118260e+02 1.087498088771693432e+02 1.005510638857916916e+02
6.101047412966256744e-03 2.000610104649026866e+01 3.983811720999246830e+01 5.289729096942953390e+01 4.449057087603921445e+01 4.796355839366200513e+01 3.382067295789827455e+01 3.382067295789827455e+01 5.382113045716717181e+01 6.259206294039899632e+01 4.430700893700420551e+01 6.259206294037243623e+01 5.305943494792096971e+01 6.979766506050926012e+01 7.152626670849630841e+01 7.003312512280183455e+01 7.831806734697033789e+01 8.633391060919443305e+01 6.679399872711034902e+01 6.208780454223244760e+01 7.264682163682293492e+01 5.287195640180337364e+01 5.364379221873437587e+01 6.768788322228078869e+01 8.721483689108951864e+01 8.596286202152592182e+01 8.242651709745976518e+01 1.016977924881018396e+02 1.023360833288790559e+02 1.081376609565082418e+02 9.362079008417255466e+01 7.357453152744037084e+01 7.357453152744037084e+01 7.412646368397132335e+01 9.084743334416596383e+01 9.881903829894284286e+01 8.066134800408178762e+01
6.842009524227352091e-03 1.155384739331664257e+01 3.155384739117062765e+01 4.443991675919419748e+01 2.439620123224273840e+01 3.025050058825336663e+01 1.967850093006272516e+01 3.967867133260079981e+01 5.068106180625197510e+01 5.430733513039756133e+01 3.430698546350618727e+01 4.996553541910310514e+01 4.151230074322438668e+01 6.151286873050482740e+01 5.152530636568616274e+01 5.003223634077576065e+01 6.417479861517749384e+01 8.417638100701674375e+01 8.633391060919443305e+01 7.603163535867103917e+01 8.068451627006768945e+01 6.179127081318055303e+01 7.340719553595927493e+01 6.303936075835364505e+01 7.445705496041773586e+01 9.384955729792295642e+01 1.016977924881018396e+02 9.649700899095662976e+01 8.243834342784370506e+01 8.826625651457074184e+01 9.187958289759608022e+01 7.177148924268509234e+01 5.914124407706677289e+01 6.234807944204620611e+01 8.259268734077234342e+01 9.060620594493668989e+01 7.052574074387466396e+01
1.934550753332892102e-03 2.000193454184122999e+01 2.983487002537751565e+01 3.608643069963373051e+01 2.777187165226139243e+01 1.025041005137534000e+01 3.025049887389081249e+01 3.467365909666870039e+01 3.068071382391720903e+01 3.853869371625859230e+01 2.723591684530628498e+01 2.996527085723177919e+01 4.539439850508173890e+01 4.795516483062957747e+01 3.738303488195383295e+01 5.738345201985203659e+01 7.666633481973748587e+01 7.885434048807776719e+01 8.713871848212747295e+01 9.540682686322816153e+01 8.942217554709868921e+01 7.575425925653689774e+01 8.942217554709868921e+01 7.294302836264536438e+01 9.064168388786143282e+01 1.018074261830554263e+02 9.379681722721662140e+01 8.555133150547528942e+01 6.813151266523621530e+01 8.826625651457072763e+01 8.604401653297058772e+01 6.585961486970875001e+01 5.134266915850699320e+01 7.177148924268507812e+01 9.084743334416467064e+01 8.391271754458270493e+01 6.369577146928971700e+01
4.364784840791047053e-03 1.595479353192252869e+00 2.158707161211412284e+01 2.548314456226932023e+01 7.825053801011989663e+00 2.782501756877115895e+01 1.283239894884697385e+01 1.467354818464363575e+01 1.653855780112429485e+01 1.853855780112433038e+01 2.056925013139160185e+01 2.289420290626802768e+01 2.539420290626809518e+01 2.795494050492677118e+01 4.795516483062957747e+01 6.032209227648071703e+01 5.666518006717093670e+01 5.885308364645575807e+01 7.496411591170506483e+01 8.324888550393292519e+01 9.219374223204887642e+01 9.512953705539935356e+01 1.003214000141866791e+02 9.236355334356234437e+01 1.003214000141866791e+02 9.966172309384973005e+01 7.970661593917533594e+01 6.536219941368484854e+01 6.037331463996299874e+01 8.065603866638130626e+01 7.777548254707893705e+01 6.720346620185141262e+01 4.668008278700886393e+01 6.720346620185141262e+01 7.870163015260254724e+01 7.039550623586812605e+01 5.775435599242338469e+01
5.219006137575642711e-03 2.000521900613722082e+01 3.867326690180507676e+00 5.484230857089388067e+00 2.548419865838117815e+01 1.937205891615445097e+01 3.283249955260742325e+01 3.467365909647635647e+01 2.231206049626289811e+01 3.853869363978732565e+01 2.611625209806929249e+01 4.289437407040376371e+01 4.539439224883508217e+01 4.795516483062957747e+01 3.203742341014500994e+01 5.203768444748304489e+01 4.252286913358408071e+01 4.829637601598031438e+01 5.496306734514875814e+01 6.390750250091756612e+01 7.805055572613864001e+01 9.805286362861500038e+01 9.684474837607490372e+01 8.854004168250925488e+01 9.113967621293869570e+01 9.944569352489028802e+01 9.379681722721659298e+01 7.389513065757516586e+01 5.349982442782774683e+01 6.727801952097304650e+01 5.744495379442472682e+01 5.975033050301415471e+01 4.226683812392782613e+01 6.292404493463692461e+01 7.039550623586812605e+01 4.993457982683192853e+01 6.802905010807070596e+01
