LEM/sinusoidal_perturbations/elevation_000902.asc
nrows	100
cellsize	150.0
xllcorner	0
ncols	100
yllcorner	0
NODATA_value	-9999
[rows 51 to 67 of 100, columns 37 to 73 of 100]
5.741555468392141393e+01 6.406621019689573870e+01 7.401910823717905430e+01 9.399525434789207168e+01 1.011998736299795638e+02 8.367660663899926021e+01 6.328728299679868741e+01 7.646789213278496788e+01 6.567711236525725838e+01 8.609117225150818342e+01 7.860024387459361606e+01 7.860024387459360184e+01 6.563870399223512209e+01 8.605534829770314786e+01 1.018173225028787385e+02 8.555097189337861607e+01 6.551277587682240267e+01 8.555097189337861607e+01 1.044216863006740823e+02 1.074740367180210399e+02 9.287927046687781285e+01 7.291367761066574360e+01 6.123950230449325005e+01 5.840782391739250556e+01 7.686338913826986641e+01 8.042174882188187723e+01 8.414679407526678290e+01 7.202885062820243434e+01 9.196729562029614158e+01 9.905730030760747695e+01 1.190986856020149105e+02 1.118213463030970161e+02 9.267459044402254165e+01 1.043974013606455884e+02 8.469322960659503963e+01 9.117121669991708188e+01 1.109009591331349327e+02
7.736019092714902001e+01 8.400718129236064158e+01 9.231702503738246435e+01 1.023244883009030985e+02 1.004455884662148151e+02 7.990786397483556414e+01 6.939284610043618784e+01 8.984237012289217716e+01 7.334340228785096372e+01 9.383703876099393426e+01 9.911631786182492476e+01 9.173462409919737581e+01 7.125770398940800021e+01 9.173462409919737581e+01 1.034241921781523104e+02 8.348490371362176177e+01 6.935462291455628758e+01 8.932502359550451843e+01 1.057956102690101972e+02 9.914894689055823562e+01 7.923351038408048908e+01 6.920537040649857374e+01 8.135213005681325171e+01 7.857092606366150278e+01 6.396855450866137716e+01 7.560697876831136455e+01 9.553918155218956088e+01 8.612873885414832387e+01 8.145052953368640658e+01 9.290126083922440614e+01 1.128822221166609694e+02 1.206762478783107042e+02 1.040209061948560105e+02 1.126412731804478682e+02 9.454068646503087336e+01 1.109009591331349327e+02 1.191724719918377815e+02
7.324696545413934246e+01 8.606014041385246571e+01 9.237125370966614923e+01 1.006958869928530476e+02 1.089549530901267076e+02 9.668563018173432511e+01 7.615585000572554009e+01 9.668563018173432511e+01 8.354086536749358061e+01 1.023557301272091422e+02 1.063074046212809520e+02 8.569838076546393779e+01 8.035790640478948887e+01 1.002590158443009045e+02 9.780929013556362861e+01 7.791199623512946459e+01 8.932502359550451843e+01 7.755144356738939848e+01 9.744754806537984848e+01 1.074740204954497642e+02 9.623108976178801299e+01 7.631935549079010173e+01 9.623108976178801299e+01 8.819839390611662111e+01 6.821380427673608438e+01 8.819839390611662111e+01 1.038525413623354865e+02 1.060628185498154608e+02 9.136512169609677869e+01 1.096780083209955308e+02 1.212522519921220550e+02 1.321667339382359501e+02 1.238399981372173642e+02 1.225408127740368798e+02 1.142541162562604171e+02 1.225408127740368798e+02 1.217110787697444891e+02
6.058534395702924513e+01 6.611936883594651704e+01 7.241376112352303096e+01 8.650145765992581914e+01 1.065421949413133262e+02 1.052082608346417629e+02 8.637298982323308394e+01 1.052082608346417629e+02 9.808796691689389036e+01 1.126459213549985634e+02 1.148196509231378286e+02 1.063074046212809520e+02 9.220659455424667783e+01 1.094627873145945784e+02 1.044444012628166405e+02 8.453918943719537538e+01 1.044443366869143404e+02 9.744754836189586911e+01 8.747723224444698076e+01 1.074178333059660844e+02 1.045462114440609440e+02 8.780349401511678309e+01 1.045462114440609440e+02 9.351778166622341359e+01 7.361445516050503102e+01 7.978657092476950652e+01 9.125099089895822146e+01 1.112159081263686318e+02 1.054318037984205603e+02 1.196936585905904877e+02 1.265235934440575818e+02 1.348904525600918589e+02 1.300913176445857289e+02 1.217298077694472340e+02 1.217298077694472340e+02 1.262404508505260736e+02 1.299222188954169894e+02
8.052956546027901652e+01 8.606014041385246571e+01 9.237125370966614923e+01 8.650145765992581914e+01 1.065421949413133262e+02 1.155096126120735676e+02 1.069982705402354668e+02 1.155096126120735676e+02 1.187277251949973902e+02 1.127436037500661143e+02 1.039903339304767940e+02 1.127436037500661143e+02 1.128666988046161208e+02 1.213677992998568556e+02 1.128300508462211553e+02 9.443122257516506579e+01 1.128299637489072751e+02 1.158057882366445597e+02 9.738057578487905630e+01 1.158135439000283355e+02 1.160969778515530919e+02 1.077433996445667930e+02 1.076097252953172330e+02 8.768070749485566751e+01 8.252968210802789883e+01 8.985658332854401920e+01 9.968915779077462958e+01 1.195796550255834063e+02 1.255602725226099921e+02 1.232576880516885467e+02 1.063961152165456383e+02 1.232576880516885467e+02 1.217298077694472340e+02 1.016280128052341780e+02 1.016280128052341780e+02 1.061180027151958853e+02 1.203617205176895339e+02
8.861595020665197353e+01 9.652532997201183207e+01 1.051642013068136379e+02 1.065421949413133262e+02 1.148903163257802191e+02 1.159845942049936269e+02 1.076784777872257450e+02 1.089641750903225130e+02 1.002715348389199050e+02 9.998869798811553267e+01 8.242390161833631623e+01 1.008135275388621039e+02 1.095990129710287562e+02 1.219745861057653116e+02 1.228935606081098939e+02 1.144576388610772568e+02 1.228925360998353682e+02 1.258922622277802219e+02 1.174552119196677324e+02 1.258966973647670216e+02 1.293269699151264263e+02 1.211398019847426895e+02 1.159614101776874548e+02 1.076097252953172330e+02 9.242488481056385297e+01 1.098082461160227297e+02 1.181648363227840690e+02 1.281137439512745573e+02 1.274395782947423328e+02 1.073162416426535657e+02 9.483034310270123513e+01 1.149029884712952594e+02 1.229754914282736280e+02 1.075156922362306204e+02 8.746980711609879222e+01 9.194881569743243688e+01 1.061180027151958853e+02
6.791407649018107406e+01 7.559907808810336860e+01 8.763480389554828776e+01 1.086700144454690786e+02 1.159845942049936269e+02 1.044230938604306544e+02 8.766481769980252636e+01 9.966370685236189786e+01 7.887355429680252428e+01 7.872290032115378722e+01 7.216209249493238076e+01 7.929938948249103703e+01 9.166074635495594691e+01 1.133164591510351755e+02 1.225041872047620757e+02 1.225587501099180230e+02 1.307779033255552577e+02 1.249419863848721945e+02 1.167154023264579337e+02 1.249422153293129867e+02 1.178423759195222544e+02 1.011955747228644498e+02 1.178423759195222544e+02 1.207612685328761160e+02 1.123897970788110996e+02 1.207612685328761160e+02 1.244655324955559479e+02 1.185542370961589143e+02 1.215311009822762713e+02 1.014282532084991857e+02 8.727059305119080079e+01 9.913264120574334015e+01 1.074648262128404497e+02 9.454890996066414743e+01 8.040416945528252768e+01 1.004284015845647389e+02 1.155625961486966560e+02
7.291888130206022822e+01 9.373149205557659513e+01 1.051642013068136379e+02 1.172576966202795603e+02 1.076784777872257450e+02 8.766481769980252636e+01 7.624529667740107186e+01 8.618444121284166215e+01 8.189399427573967216e+01 6.459461532825626762e+01 8.495255172271167510e+01 1.008135275388621039e+02 1.095990129710287562e+02 1.166170256268431586e+02 1.025118482943408509e+02 1.025699439142722440e+02 1.192615886721017091e+02 1.149260447432873775e+02 9.661317561710440316e+01 1.149260447432873775e+02 1.096249970063182246e+02 8.938417517778083266e+01 1.096249970063182246e+02 1.207179777800598544e+02 1.226559612400694448e+02 1.143035757460435349e+02 1.043367501067403396e+02 9.844767417286031730e+01 1.126853454542375914e+02 1.107136280123229142e+02 9.065466575160171203e+01 7.912214348424902255e+01 9.264037683456623995e+01 9.570842655197388638e+01 7.571719424702253320e+01 8.717549486396684699e+01 9.776128818849417712e+01
8.486348800524874036e+01 1.023673767752610360e+02 1.096311889608158197e+02 1.013355183314434953e+02 1.013354729665418148e+02 9.982863230825444134e+01 7.998665022611976383e+01 6.658530523313778815e+01 7.757047891737059331e+01 6.061346260062043712e+01 8.053502893971742083e+01 9.320115182724445901e+01 1.015016885078725721e+02 1.065380549549623197e+02 8.810939181208746618e+01 9.081163085304061156e+01 1.048291217527454080e+02 9.651617052402635011e+01 8.636807192467560412e+01 1.066642785587613105e+02 1.024687858204445234e+02 8.206769552768544429e+01 9.231450616214374350e+01 1.124933587929789951e+02 1.143035757460435349e+02 9.421382749297853820e+01 1.000979785239707098e+02 8.427611688251663224e+01 1.043362535422352551e+02 1.190576912686821203e+02 1.074640073920926966e+02 9.264037683456623995e+01 7.268532238970932724e+01 8.662370027460234212e+01 7.129717025268809039e+01 7.308738968555471160e+01 7.775750430230810650e+01
1.058454108691879014e+02 1.144432737294560951e+02 1.013355183314434953e+02 8.140036664623040963e+01 8.140036580386819764e+01 8.198964362241652282e+01 7.998665022612330233e+01 6.061886370358992338e+01 7.266631499977353315e+01 5.686487185025907820e+01 7.609103208805670704e+01 7.344135440508637203e+01 9.320115182724445901e+01 9.823843030061503612e+01 7.792758016433094781e+01 8.994655802437179659e+01 8.822809338376357857e+01 7.621461672764353068e+01 9.651617052402635011e+01 1.136645662625277424e+02 9.601739461285755795e+01 7.557056389996164114e+01 9.009502455267991650e+01 1.103152607335305220e+02 1.143035757460435349e+02 9.421382749297853820e+01 8.006230678511910526e+01 7.673313354310349155e+01 9.675364258311564924e+01 1.065468211732792128e+02 1.019317507735844828e+02 9.361089585986916006e+01 8.662369139570115806e+01 6.674145370336484007e+01 6.700124612341997477e+01 8.688688189092709990e+01 9.776128818849417712e+01
1.129816462412756550e+02 1.102867198704216634e+02 9.027122474896580684e+01 7.624516654656387971e+01 6.759734091888140028e+01 6.254760632200959947e+01 7.511583625802484221e+01 7.091753744666563364e+01 5.346983933875145567e+01 5.319850018387692359e+01 5.988882195453918911e+01 7.344135440508637203e+01 9.320115182724445901e+01 1.042694593381669108e+02 8.401381804766641892e+01 6.992223286984531683e+01 6.828857368993210741e+01 8.821469504951616614e+01 9.278201442906213003e+01 1.013612775434256434e+02 8.511317564888150855e+01 7.064734754728219457e+01 8.460379676757230527e+01 9.296207094389144743e+01 1.031108787503127502e+02 1.016512569024948220e+02 8.160949912486147184e+01 7.013236956720574256e+01 7.820566712083937944e+01 9.237624414705938136e+01 9.361089920666597664e+01 7.366754757626566175e+01 7.950873098650411919e+01 6.279806834034047824e+01 6.903338580279434211e+01 7.894383594540190074e+01 9.046529060501219988e+01
1.045346612997025062e+02 1.161533390388289178e+02 9.613362754123393472e+01 9.551577780352305069e+01 8.723923739084676754e+01 7.511584541481633437e+01 5.587686153392051125e+01 5.167582520751247444e+01 4.859067002958671111e+01 6.786726655639324690e+01 7.922884791352448985e+01 8.484518056760401805e+01 8.484518057497083987e+01 9.309932089400111010e+01 9.827884181943446151e+01 8.307826974059193503e+01 6.358104096096144531e+01 7.820566557594072776e+01 7.254686902991781494e+01 9.271235598477886697e+01 8.744117133564823519e+01 7.906936376906588748e+01 6.426737906211438656e+01 7.440436120425034972e+01 9.480293267406896973e+01 1.099899337424765520e+02 9.840366982721373290e+01 8.406566394708583800e+01 6.419424367419509281e+01 7.875480430637928464e+01 8.231156403275542743e+01 7.659738854376161044e+01 5.965551359565944267e+01 7.950881858403586477e+01 8.894332584145135456e+01 8.307976880185583468e+01 1.030992053934004673e+02
1.018808147863174298e+02 1.055131684785905009e+02 9.541720820531793379e+01 8.706556616698928508e+01 9.054426196060330767e+01 8.331629697710398830e+01 7.511583625802484221e+01 6.524404726311364300e+01 4.581086220314129775e+01 6.524402956163675071e+01 6.635702618402768849e+01 6.531629534283996463e+01 6.531629534284019201e+01 8.484518057541450275e+01 9.783065625699495627e+01 8.981696646143035423e+01 6.995370392930081493e+01 5.927305677761427916e+01 7.402587187570526339e+01 8.220911710487169444e+01 7.423004462711452334e+01 5.882503936050679272e+01 6.888600707955599489e+01 8.918011109139594339e+01 1.031108787503126649e+02 1.073162369106693035e+02 9.903243285124815998e+01 9.237624414705938136e+01 7.875480430637928464e+01 5.890271370922692284e+01 6.423039775034534671e+01 5.671449495330548984e+01 7.659738854376161044e+01 7.108746316213968441e+01 9.101260402464413346e+01 1.030992053934004673e+02 1.114361647898948178e+02
1.103316329888516236e+02 9.717367411650367615e+01 7.695748059130620788e+01 6.722379766539364709e+01 7.062024189388684192e+01 8.475343016205644631e+01 7.679355548989768465e+01 5.738748734298354037e+01 4.344997656805271902e+01 6.004361455714910534e+01 4.689807252768629553e+01 5.174355519876822029e+01 6.031170092055203469e+01 6.987486015873609801e+01 8.955004761254149059e+01 9.813233055126481474e+01 8.662845440522860940e+01 6.852134864748553866e+01 5.548043654601116259e+01 7.050441599835582451e+01 5.417425756267518011e+01 7.423004462711452334e+01 8.735671610108377649e+01 8.918011109138396364e+01 1.091682682396902777e+02 9.903243285124815998e+01 7.909254139182495180e+01 8.493280038416629907e+01 8.705018533581908002e+01 7.382940511138720296e+01 5.388158700585158556e+01 7.382941309761122284e+01 6.818374506850665284e+01 8.809063926934480548e+01 8.514760663107526284e+01 9.928699558578038875e+01 1.193795218434425038e+02
1.025646268099595773e+02 1.055131684785905009e+02 9.055803043871819114e+01 7.062052622796784362e+01 5.726184967109985990e+01 6.920387355338597501e+01 7.741455982081102150e+01 7.119411860333718778e+01 6.004370795332810218e+01 4.011620878514280975e+01 6.004370795338291344e+01 7.103617339695175303e+01 6.531629534284093097e+01 8.484518058664204432e+01 9.783065625699522627e+01 1.073495078575434860e+02 9.646843029896942312e+01 8.249488947321891885e+01 7.050441599835582451e+01 5.185266363156235059e+01 5.121198104551061192e+01 7.115012576127793409e+01 7.846499211134883467e+01 8.710280214304727053e+01 9.742378380200158006e+01 9.903243285124817419e+01 7.909254139182495180e+01 6.503692915724859347e+01 7.555379674272101909e+01 6.980616451409215983e+01 5.215077045503510789e+01 7.213746056142913687e+01 8.809063926934480548e+01 8.441784098381323531e+01 1.044327175681291635e+02 1.135109878210539875e+02 1.232274276448793842e+02
9.254289956086940094e+01 9.690354914311453172e+01 8.860534148635322538e+01 8.476494410257375023e+01 6.920387355338597501e+01 5.025296459280985317e+01 6.305124198051866102e+01 5.895961087048407734e+01 5.546121453368986920e+01 3.799937155780335019e+01 5.240060596997552267e+01 7.191842854764111337e+01 8.484518058776869509e+01 9.309932387389854114e+01 1.014226732780457922e+02 8.705169277990685828e+01 1.014226732780297056e+02 9.009256897158232391e+01 7.050441599835582451e+01 6.739583115806834712e+01 4.843354051691692774e+01 5.378530224649769309e+01 5.919739937716121148e+01 6.823499041191439574e+01 8.893517753709815565e+01 9.925463725276557625e+01 9.320438915124699975e+01 7.555379674272101909e+01 5.562298678550295961e+01 4.976108194023537123e+01 6.980506770704778319e+01 6.371988887024872383e+01 7.778591023402795201e+01 9.775946765222364832e+01 1.127697040414789313e+02 1.232274276448793842e+02 1.029994653753697804e+02
8.423395798289864445e+01 8.549136456054793598e+01 6.895274122309180598e+01 7.951535489639498167e+01 7.740802523315136341e+01 6.305539639269238705e+01 4.384644165072377575e+01 3.935371591307947625e+01 3.514623025047668392e+01 5.545729095981715773e+01 5.109706137891635791e+01 6.123484468949484238e+01 7.605304005782369359e+01 9.810122139283151910e+01 9.235740156193874384e+01 7.275576699897523270e+01 9.235740156193878647e+01 8.236448938588058866e+01 7.113852192130681829e+01 6.299302364512460883e+01 4.675427080372791266e+01 6.553034732859769917e+01 7.846499211134883467e+01 8.710280214304727053e+01 9.742152916291068721e+01 7.918359758675428850e+01 7.918187931518696132e+01 7.433883004285787877e+01 6.606596701808373950e+01 4.815175830089572884e+01 6.823118765069889946e+01 8.363600042220883779e+01 8.363592857024822536e+01 1.036373037025590804e+02 1.137038091811726446e+02 1.053387736903231655e+02 1.067113656126897894e+02
