LEM/sinusoidal_perturbations/elevation_000844.asc
nrows	100
cellsize	150.0
xllcorner	0
ncols	100
yllcorner	0
NODATA_value	-9999
[rows 17 to 33 of 100, columns 37 to 73 of 100]
3.814827060053403329e+01 4.791122242985609603e+01 6.695154754394782515e+01 7.338916987996285002e+01 6.521040735528153220e+01 5.666155247176086363e+01 3.637471886251351805e+01 5.081253271281583750e+01 7.078233530039405252e+01 8.714031194703260041e+01 9.776539619611862975e+01 9.522629143987010991e+01 1.033364633237726480e+02 1.146376615848509033e+02 1.052595094910372922e+02 9.371594869639908154e+01 8.538774127946118142e+01 7.911987127950075660e+01 6.638679284758799781e+01 4.725143982135180920e+01 4.766778038886265279e+01 6.680705703901082870e+01 7.862879204276391931e+01 8.743916620872580836e+01 9.891794486075961856e+01 1.167673908714457838e+02 1.028102886663004227e+02 1.092418356550299308e+02 1.034513308442797097e+02 9.813996652138973786e+01 9.379531762123275485e+01 9.527700216196720362e+01 9.473603772066014983e+01 7.751153706087798412e+01 5.718977107139160410e+01 4.551669445964933658e+01 6.436875491987180453e+01
3.198415725553819300e+01 5.140518711720892497e+01 5.884054743512220398e+01 6.521040741720872802e+01 4.512580431591393904e+01 5.100844748906169457e+01 3.399921108096925337e+01 5.430247622281705588e+01 6.759556014017620384e+01 7.289731422236978631e+01 7.883867892941648847e+01 8.576347224677215308e+01 9.385694345173496345e+01 1.051257119488730609e+02 9.695758252077104089e+01 7.690747595011477244e+01 6.542058013746476774e+01 7.380819148681155184e+01 6.320727883183953821e+01 4.401141158843567069e+01 6.175140164683012500e+01 6.906804428265348861e+01 7.665358667249763869e+01 8.521030333358001485e+01 9.468680724766369394e+01 1.085632206541944811e+02 8.895263462838678947e+01 8.940201047970228387e+01 8.358259144256950890e+01 7.823329951893509815e+01 7.386318762292512474e+01 8.545860277131245653e+01 9.367553618423950468e+01 8.555955322871274404e+01 7.372385037761550564e+01 6.443610321733194723e+01 4.434675185259631292e+01
4.465977336560077049e+01 5.229723415687658417e+01 3.873708086610429291e+01 4.642899419631185509e+01 4.827537772322735776e+01 3.074398877127167040e+01 3.454834659074524694e+01 5.482846375798706617e+01 4.761894748844812142e+01 5.305937724504627084e+01 5.913340144774283402e+01 6.617719898693020752e+01 7.752297264361524753e+01 9.702020401952565010e+01 9.663495677954688290e+01 8.826454693056496126e+01 7.386302086940690970e+01 5.404763700767800572e+01 4.743277294353458018e+01 5.092842568068061837e+01 4.108000553603294946e+01 4.664172772565503067e+01 5.410140650970247833e+01 6.450285055591146488e+01 7.985828368697946189e+01 1.008163160919288401e+02 9.604453974785295145e+01 7.622674967980024974e+01 6.949809568469731857e+01 6.411767738319126408e+01 5.974265210199398268e+01 6.548704876631090599e+01 8.216763438471269865e+01 9.210266346821316574e+01 7.448656915438222370e+01 6.356555514005147955e+01 4.354086693474123138e+01
4.105398538532612207e+01 4.193287577702812996e+01 2.476779399312354357e+01 2.642846295022273040e+01 2.813785781987746049e+01 4.827537772322735776e+01 5.482846375798724381e+01 4.036452275343663132e+01 6.053295948374345414e+01 7.289193138084024781e+01 7.883867892941664479e+01 8.576347224677215308e+01 9.385694345173496345e+01 9.260178798819153201e+01 8.482668165276176353e+01 6.835673864694526003e+01 7.082839052122503176e+01 6.301487847375025808e+01 5.625565705488297397e+01 3.833665545170131139e+01 5.874841245420089564e+01 6.906804473441563630e+01 6.912796083257315161e+01 8.521030333358001485e+01 9.468680724766369394e+01 1.027290492614872335e+02 1.042367707110785062e+02 9.604453974785376147e+01 8.041321206801434585e+01 8.406382729313152424e+01 6.808237974785407687e+01 5.394264518806429720e+01 6.892409653655569457e+01 7.716815442561306781e+01 7.459228287564430104e+01 5.564511048379837632e+01 5.954733370253084956e+01
2.029713246383897030e+01 2.246777613281733466e+01 4.215137146626743458e+01 4.053616763747356089e+01 4.238306755100602174e+01 4.238306755133338299e+01 6.250067293636627141e+01 5.472254294018221543e+01 5.323305303652999498e+01 6.734275008397096940e+01 8.701203331230111360e+01 8.414436953408562658e+01 8.296995549803168046e+01 8.206495240932488855e+01 6.670653876587610398e+01 7.212070346631882956e+01 5.187343413620878607e+01 4.271424961544327203e+01 3.579205354718854437e+01 5.625565693114983645e+01 5.020947326851768366e+01 6.191945363120667878e+01 8.201497496557564659e+01 9.894391518769081983e+01 9.662225331461566213e+01 8.188724204385609085e+01 9.662225331462531130e+01 1.084969050833665989e+02 1.003072022921385411e+02 9.625288902427756454e+01 8.216763438606577097e+01 6.892409653655569457e+01 4.888369526696931189e+01 6.432058580976077167e+01 6.840458983850439267e+01 6.052521001697996894e+01 4.148110022755060555e+01
2.024284349801619953e+01 3.970693310995460479e+01 5.016850103054480314e+01 6.065621943520247328e+01 6.250067190360690716e+01 6.250067290402932940e+01 7.069235764349771500e+01 7.456041916831736671e+01 7.309836813268744038e+01 8.124264658948244744e+01 7.817865875087612437e+01 6.387484994133048133e+01 6.268098860434576380e+01 7.387908725186377978e+01 5.618335344563117673e+01 7.394335460113259728e+01 7.128806999938008460e+01 5.456251257857508108e+01 3.408790394221902176e+01 5.456251666149385926e+01 7.041282029433622824e+01 7.868739512758912724e+01 9.025556356781989109e+01 9.403249752158298236e+01 8.799166604571472305e+01 6.737031896891781457e+01 8.799166604571473727e+01 1.022350065343240857e+02 9.403307183206956665e+01 9.403307183206956665e+01 8.887358213256682404e+01 6.892409653655569457e+01 6.432058580976077167e+01 4.418841689746706436e+01 5.857200154829452288e+01 4.055770272952891986e+01 5.417819262897275223e+01
2.054834314871908063e+01 3.750135115005676312e+01 4.415011639627431350e+01 4.429236351785184667e+01 6.463486506705430656e+01 6.383466983952651930e+01 7.160153706046907018e+01 7.863550928196154644e+01 7.874532252353925799e+01 8.528166227431417212e+01 6.981161310264164399e+01 4.849541845295057385e+01 4.681163188357213301e+01 6.367677386039657961e+01 4.794692878236659794e+01 6.641170479927107806e+01 6.917415345187770015e+01 5.288567267403701777e+01 3.239467401494869137e+01 4.694812139724765387e+01 6.722018949374727015e+01 7.563929705744460819e+01 7.415345239808260658e+01 7.415345239808267763e+01 8.019752946508428693e+01 5.971491660743562591e+01 8.019752946508428693e+01 9.403307183206956665e+01 7.409845459308263571e+01 7.409845459308263571e+01 8.451663954305523418e+01 7.627981955017271787e+01 7.151296430573631824e+01 5.810250838075571522e+01 3.962836054490077942e+01 5.991697110639606194e+01 6.845138794409575667e+01
2.084968557611121298e+01 4.050423361511747089e+01 2.403269159294167068e+01 4.429189796490307174e+01 4.591907290658932794e+01 4.097036378399162260e+01 5.972187947944154729e+01 6.181003783075572500e+01 6.209026228213315335e+01 7.331052105516255324e+01 6.981568083784900125e+01 5.621421093809677672e+01 3.493351653537052215e+01 5.001452653373929280e+01 4.157047210803280279e+01 6.020204202269409421e+01 4.890427603971856740e+01 4.890456370125675534e+01 3.063643423717000047e+01 4.528488855409948144e+01 6.558122570703777399e+01 5.563157993908534138e+01 5.413347130885415481e+01 7.415345239808269184e+01 7.372035855892229961e+01 5.333798217950883469e+01 7.372035855892229961e+01 8.813170814040614687e+01 7.993716880202363484e+01 5.993680293061900954e+01 7.050890623101125243e+01 5.625182943021091830e+01 6.672546982044890740e+01 5.844574347479464649e+01 3.898517374685759052e+01 5.930739944066842639e+01 7.692816872131098194e+01
2.200996039089917744e+01 2.128084538372313617e+01 2.159161465659100898e+01 4.133884002829692150e+01 2.617142603577471505e+01 4.436354888782682337e+01 4.466469011610475093e+01 6.021787239391915847e+01 5.196881435914480107e+01 5.181112499440698116e+01 4.992648782481949610e+01 3.971435134915017073e+01 3.044157285227076315e+01 3.366444435057576356e+01 4.921142162536080633e+01 4.781657013757006069e+01 4.773335968098162141e+01 2.837066446545108533e+01 4.890444534395939513e+01 5.937975770898362526e+01 5.264594891524574649e+01 4.160869116422389169e+01 5.563277807795346064e+01 7.568524362155187646e+01 6.806730447032374798e+01 4.772273590839072455e+01 5.905457507725913047e+01 7.954348274789504103e+01 8.816673056370333939e+01 7.050890623123304124e+01 5.044394767289941228e+01 4.454543073481804782e+01 5.758504808374070905e+01 3.808796764491662401e+01 5.484425441273818080e+01 4.866585601885192602e+01 5.765374950584125457e+01
2.968431180823542448e+01 4.099734896390999950e+01 2.771623574655806976e+01 2.204749635690312104e+01 2.238640405191428684e+01 4.131375440022370782e+01 3.457800870817703043e+01 5.022647630537085917e+01 4.289451420996825703e+01 4.880210940470720971e+01 2.605955390021932061e+01 2.545369353509420662e+01 3.163454931570410977e+01 4.380268484095207526e+01 2.680872806345598391e+01 2.716395819178702098e+01 2.752067300772307945e+01 2.789194994859012766e+01 4.815136967045290106e+01 4.917275763320457571e+01 3.377403152266130348e+01 5.264594714365389905e+01 6.164403501104792582e+01 6.003724547130938305e+01 5.677802161976642736e+01 4.243274286196547251e+01 5.427564555107004907e+01 7.539706628232518426e+01 8.264994054978777172e+01 7.134086998971210392e+01 6.303516783803799939e+01 5.673224915021194903e+01 3.720777118204373579e+01 5.758504178638784765e+01 5.818736313885670342e+01 6.867609732922923627e+01 7.693502468860063459e+01
4.972546399924353011e+01 4.400821420344714596e+01 2.414528742668436578e+01 4.163059700647951189e+01 3.986763703561280181e+01 2.287738970908725022e+01 4.023030939827996377e+01 3.090531991525016409e+01 4.352555422736799073e+01 4.416490294966883567e+01 2.494242792786766572e+01 4.373420336171521683e+01 2.595615747959446651e+01 2.630888172349641252e+01 3.487916842359681624e+01 4.499434932604495430e+01 4.769035328205701063e+01 4.026258045478805059e+01 2.842382628800773148e+01 2.880541299199203209e+01 2.919360745635401599e+01 4.959921392004112306e+01 4.190235833491075823e+01 4.271689732810281726e+01 3.631660074692591422e+01 5.677723735144203943e+01 7.037911438951016407e+01 8.193269699098036085e+01 7.439033299172659497e+01 5.494847929037145917e+01 4.459297873077072438e+01 3.634394079656395604e+01 5.673224713718062162e+01 5.170009280027484522e+01 7.179258825634066454e+01 8.626347755693940655e+01 9.190085933526263773e+01
4.626449559462813710e+01 2.622720270525517350e+01 4.400755609742954988e+01 5.192092777272218029e+01 3.987407438968388362e+01 2.505522235084634275e+01 2.337385932369591046e+01 2.372461690308857385e+01 2.407347914931913380e+01 2.441864974524201060e+01 4.387382093915997672e+01 4.892739607667578383e+01 4.236190087960948603e+01 4.718563061120821800e+01 3.531581695657850162e+01 4.654519728613971807e+01 5.855386735083297367e+01 3.975826163170903982e+01 4.279788179247086788e+01 4.915590568566767615e+01 4.559710492347644362e+01 2.975857974218154567e+01 3.016548653435804539e+01 3.057963630317217252e+01 5.110599313664280885e+01 5.953800885520800534e+01 6.950312730710142262e+01 7.275125350253600232e+01 6.505437038423703200e+01 5.868323172942753985e+01 5.528186784057915304e+01 3.572312021117667058e+01 5.613119403993480461e+01 7.179258940967133640e+01 8.003885752418905497e+01 9.190085933526376039e+01 7.198746237389980251e+01
4.787674962867570372e+01 2.770200128877012702e+01 4.788152887371682453e+01 6.461617374064712749e+01 5.278117289193190231e+01 3.202438686205253049e+01 4.458890404833372401e+01 4.406698586739634038e+01 4.392564139427599912e+01 2.703688662339607873e+01 2.556405338221396661e+01 4.551810771644787934e+01 6.200014082816306882e+01 5.685176502104049234e+01 4.929006861776545634e+01 5.352002777641862963e+01 6.695177057272324816e+01 5.048397000832631676e+01 6.315263177590688315e+01 5.974457792917719701e+01 3.941141975945583908e+01 5.006242316527673353e+01 3.446807500064427643e+01 5.084740999063996014e+01 3.117764238194287429e+01 4.555716578521921178e+01 5.765847003214535249e+01 5.998137104359062732e+01 4.589034519008369273e+01 4.616487866749392310e+01 3.482167373053388815e+01 4.334612617779902877e+01 5.387483510675624387e+01 7.355331943803733452e+01 7.878419319306134128e+01 7.960071067809836620e+01 7.136671868826111620e+01
2.991450619960771462e+01 3.770973297133048874e+01 4.787763473068539355e+01 6.809971612862597112e+01 6.344944523527731661e+01 4.178967437119720074e+01 6.344341280411769901e+01 6.391676091456591990e+01 4.946996114197531114e+01 2.867452059339161963e+01 2.636800874120985938e+01 4.641427713252132747e+01 5.547831174517526875e+01 6.622657894036086645e+01 7.076800950922519462e+01 7.479272024244356487e+01 7.929849962346283121e+01 6.506900853240045990e+01 7.159235602148363853e+01 5.119941174209434109e+01 5.975246429454791297e+01 5.945227351086047207e+01 3.867775271101497481e+01 5.796343718563252878e+01 4.930849096056519443e+01 3.178335433640465979e+01 4.836794366613459317e+01 5.160870940771824422e+01 3.346049432869881457e+01 3.391114207042924278e+01 4.664990394685784736e+01 6.125790653724389756e+01 7.173510883289677054e+01 7.286039406946163410e+01 5.871856225889806780e+01 6.734387490378449570e+01 5.125249192600757908e+01
3.157260250687459902e+01 5.198372063688902500e+01 5.434491497770913071e+01 7.447651440292904113e+01 6.435181911117010145e+01 5.782097332810319301e+01 7.067366547656691012e+01 4.977778052793935615e+01 3.424750006281548309e+01 4.947042875863606781e+01 4.641430343722826279e+01 2.754264220440630950e+01 4.082508866681550330e+01 5.649177382455162899e+01 6.605688642374340702e+01 6.802563518636632978e+01 8.878653746690621062e+01 8.538702851706419494e+01 8.004648367518112195e+01 6.559417456694360737e+01 7.914161348130031115e+01 6.597587806118370679e+01 4.408335260342629880e+01 6.354781373638525821e+01 4.984420090738363029e+01 3.660047919939427885e+01 3.239642713300808197e+01 3.283429774148427782e+01 5.212454062806196475e+01 3.556424508711567256e+01 3.486620817429425045e+01 5.539674670081743102e+01 6.452568658381251510e+01 6.087878046796335951e+01 4.430879146972323213e+01 4.714995892631604590e+01 6.734387498821652684e+01
3.329571113931299209e+01 4.780172956148803109e+01 6.799401524066784930e+01 8.260186345476017777e+01 8.629477132698382036e+01 8.012712429399459779e+01 7.591983559150963856e+01 6.031590737641817412e+01 3.947586424020533258e+01 6.031590697987201111e+01 5.606722761269212896e+01 4.771824632042317660e+01 2.874627770040098085e+01 3.698835232187369826e+01 4.726067954998296727e+01 6.833977414488083468e+01 8.524478817206662029e+01 7.689125973598427777e+01 8.527105421160921139e+01 8.607324704110121161e+01 8.274948185531046363e+01 6.229246137884442192e+01 5.284133048979990832e+01 7.122644804471657665e+01 6.226712242288236610e+01 4.191396412763604218e+01 5.546630677684921551e+01 3.938210807510606060e+01 5.976968539335621955e+01 6.233597907040297770e+01 5.539673489398322204e+01 3.579642258892399553e+01 5.611684585307738615e+01 4.049251111505066092e+01 6.087878030834601617e+01 5.377470254566652130e+01 7.300939301627923328e+01
3.512747578183785890e+01 5.556467485895086611e+01 6.200130452418979132e+01 7.619850692676972415e+01 9.578250946844627833e+01 8.487615446800728591e+01 6.766852098403025195e+01 4.753265954527941517e+01 6.031590737641817412e+01 6.860688539822400855e+01 6.824069311499765433e+01 4.998150370837518608e+01 2.962186945456491216e+01 4.988571467015341199e+01 5.992265525176516405e+01 7.272559909394607303e+01 7.435792777812540066e+01 5.446964882554637910e+01 7.435792762749289864e+01 8.780631479482697443e+01 9.088692898368567796e+01 8.172374076226542172e+01 6.402032237661575209e+01 8.172373869582405348e+01 7.345959699825655775e+01 5.052890947454775272e+01 7.185091225724121955e+01 6.598267391044588237e+01 7.110191550881938838e+01 6.087894196788155909e+01 4.053970171137734013e+01 5.630576018788288195e+01 3.672935704883518326e+01 5.723356633108961944e+01 6.648385973471265231e+01 7.223885287783740239e+01 7.612672390427206892e+01
