LEM/sinusoidal_perturbations/elevation_000727.asc
nrows	100
cellsize	150.0
xllcorner	0
ncols	100
yllcorner	0
NODATA_value	-9999
[rows 34 to 50 of 100, columns 0 to 36 of 100]
2.064481644892168701e-03 2.000206448164453832e+01 1.449417983424098111e+01 2.156524764610658096e+01 3.311225302989950592e+01 5.311225302990020936e+01 6.527183078245451497e+01 5.690759557996651807e+01 5.953384727655092234e+01 6.789452561096628358e+01 7.079417716354967638e+01 7.193007892326417618e+01 6.355322898836851664e+01 6.118583369806722772e+01 4.220281401728352222e+01 6.118583369806917460e+01 6.898525383971184510e+01 7.729692285620376424e+01 7.401573905355705563e+01 6.572793747309773948e+01 6.832980902081246199e+01 7.661430946278014176e+01 8.289313216836559661e+01 6.692224706750211283e+01 4.671786065926102083e+01 6.692224706750211283e+01 7.844401301105332891e+01 9.003258746321959904e+01 7.779715197357401735e+01 5.737640575968532630e+01 6.688263879040698612e+01 5.064710534354473737e+01 7.094490131917008569e+01 8.379507022731998234e+01 8.516253269378609048e+01 6.569095812836708603e+01 5.425128534524119317e+01
2.905961989428186391e-03 5.549907924241742840e+00 2.554990792424209900e+01 4.156524764610728795e+01 4.984951889356948129e+01 5.082362999614920795e+01 5.356058217977434310e+01 3.658524746643495007e+01 3.922663875791437960e+01 5.953384727655092234e+01 5.094992062094603824e+01 5.785569255303411751e+01 6.609597550668149779e+01 7.156799190600237637e+01 6.315891393859506309e+01 7.156799190600627014e+01 7.764318457170097076e+01 6.928965186312909452e+01 7.619378980627432441e+01 8.140687428167854023e+01 8.140687429815542941e+01 8.976308029711917413e+01 8.331538832650149118e+01 6.323797264362508486e+01 5.391185836417341193e+01 6.323797264362480774e+01 8.331538832614283763e+01 9.236037488186546796e+01 7.176515032461884402e+01 7.779735193737668908e+01 7.947241171703936402e+01 7.094473430813535231e+01 5.484570062602617213e+01 6.657038414205297272e+01 8.745753853442043635e+01 8.214700945525167697e+01 6.570412380962184784e+01
3.542675937824442140e-03 2.000354267593747082e+01 3.383417917170263678e+01 4.019585711922060511e+01 3.410635949630057695e+01 3.236716129720160495e+01 4.474496037494805734e+01 2.485637158738938624e+01 4.517448242605285458e+01 5.351211161540541639e+01 3.685893968505276064e+01 3.795760042617969532e+01 5.204344746175981840e+01 7.188769348022498207e+01 7.426514672479530077e+01 7.208377039376755135e+01 6.374432152043794275e+01 4.929567925298827191e+01 5.608921929489160618e+01 6.121668532038032851e+01 6.121668532038461308e+01 8.140687429805204545e+01 9.161139929761948508e+01 8.233603880157860999e+01 6.401032338005686029e+01 7.403786492683283882e+01 9.161139908733606774e+01 1.008989159046027027e+02 9.236037488186546796e+01 9.374515608685507573e+01 7.995255716067879348e+01 5.945264052015134126e+01 7.524960196246338739e+01 8.379989961819727284e+01 9.634510739474184504e+01 9.349092253052290857e+01 8.537722229260329243e+01
3.411803931810562015e-03 2.000341180393145635e+01 2.235322367547503930e+01 2.280806618662879615e+01 1.359219317154251705e+01 2.403300803463768176e+01 3.098012961397403231e+01 1.878756457973888061e+01 3.897767498791250063e+01 4.526840959679892507e+01 2.531491657234214898e+01 4.526840959680093590e+01 5.850796352190009486e+01 6.841511330876950581e+01 5.421781961858060583e+01 6.055322491873209856e+01 4.383981081899766963e+01 3.793838343638962129e+01 4.212981742386287465e+01 4.717454129545762953e+01 5.411608556937905234e+01 6.831728507151883889e+01 8.856580860862452198e+01 9.235870537302629657e+01 8.406540647360900209e+01 9.235870537302629657e+01 1.023696027129198995e+02 1.118238821235538865e+02 1.025630819648337422e+02 8.518166972039523444e+01 6.459470539673597500e+01 7.995255716067882190e+01 7.390085138712753121e+01 8.849491209522818735e+01 1.092056153213013658e+02 1.029412722764502064e+02 8.313227347181688742e+01
3.327314952832964925e-03 1.175748078473932479e+00 2.350188517503341679e+00 3.530751189705257698e+00 4.719627786260859104e+00 5.923486317119293965e+00 1.092401946933633283e+01 3.098159707070062296e+01 3.137153021052258950e+01 3.267143818928464327e+01 1.954045826066361258e+01 3.031483660092126797e+01 5.025422019118786920e+01 6.008954578330742891e+01 4.021207735751565338e+01 4.751793091458730345e+01 3.244654541594097452e+01 5.225244694214085683e+01 6.197771166483250482e+01 5.828589667131880958e+01 7.424794017812180869e+01 6.831728507151883889e+01 8.856580860862452198e+01 1.014366615796593578e+02 9.310815138726376006e+01 1.014366615796593578e+02 1.179329442670172199e+02 9.720335165443583492e+01 8.253866066634965648e+01 7.331733040295056014e+01 8.518166972039523444e+01 7.181700354765507655e+01 9.249099592373298151e+01 1.031063008082288519e+02 1.097513063234476789e+02 9.994450803941728623e+01 9.185365848290420843e+01
6.779948344387334673e-03 1.981726352314796102e+01 2.230278168804273164e+01 1.767946939199247680e+01 2.472410652541593024e+01 2.591767314513646880e+01 7.687810682985944943e+00 2.769307759137989322e+01 1.134122201131185292e+01 1.266285929241265862e+01 1.399323970741890300e+01 3.400325854108393742e+01 4.427169356609547179e+01 5.161001019920718846e+01 4.333559763616472083e+01 2.767938227401711870e+01 4.751793091458730345e+01 4.858856497410192787e+01 6.855485217769829376e+01 7.840440358613145122e+01 8.675936677487113968e+01 8.856580860862452198e+01 9.691169093654171718e+01 9.137150833367797986e+01 7.296810912399841698e+01 9.137150833367797986e+01 1.038859639074966026e+02 1.118238821235538865e+02 9.400137669254236528e+01 8.792858671345624089e+01 9.802908415852891721e+01 7.730791313631870310e+01 9.195406189267517050e+01 1.126964038911259820e+02 1.016934951245266490e+02 8.201396507866972740e+01 7.208263219029464608e+01
9.516927588586143695e-04 1.418023154572407130e+01 3.450962553893138818e+01 3.781199690883529030e+01 4.084184286173634604e+01 2.038935687576561051e+01 2.703000276554260140e+01 9.480253547361735755e+00 2.944157971329617141e+01 3.266674778309092630e+01 3.400325854108389478e+01 1.595913402493858868e+01 3.597106344653966659e+01 3.943912999372568606e+01 2.346465059302103739e+01 4.333559763614671567e+01 4.751793091440337236e+01 6.747033496060389268e+01 7.689726349389344762e+01 8.768253082330856785e+01 8.544965634858793635e+01 7.747434562033608074e+01 8.027525414599165288e+01 8.254679864755787833e+01 6.290337176068933900e+01 7.542790687192238863e+01 9.276557392856889805e+01 1.043862238216740224e+02 1.147164479504067174e+02 1.086623886214953245e+02 1.065885259673204075e+02 8.655772888324133874e+01 9.195405573913546959e+01 1.126951145533437000e+02 1.097531173486752323e+02 9.994450803941728623e+01 9.185365848290420843e+01
1.945935296826602993e-03 2.000194593529647236e+01 3.328879698575492085e+01 4.483663517461305048e+01 4.933789891459158383e+01 3.477349265597879935e+01 3.759307169069131760e+01 2.948669962440651560e+01 1.703983918297840816e+01 3.704573506559260210e+01 4.388724930099387933e+01 2.488439234904209130e+01 1.796921596766721052e+01 1.942401132469716885e+01 2.113275193899102078e+01 4.115031948464240941e+01 5.190398366770544669e+01 6.607877191630532820e+01 6.759540003811066811e+01 6.759540003811068232e+01 7.474631821049487712e+01 5.818727641690450980e+01 5.840316435837082309e+01 6.241901023773122859e+01 5.530765020588827241e+01 6.429718469218219923e+01 7.592156110403850278e+01 9.605948750148476734e+01 1.011916201772756096e+02 1.095321052102947732e+02 1.158522747693681225e+02 9.854547148428076753e+01 1.126951145533437000e+02 1.212122074193031125e+02 1.147359038306758379e+02 1.030175340198668437e+02 8.338677457755018452e+01
5.600688922766023682e-03 5.005600688922786645e+00 1.655260646506485855e+01 3.655335075993914273e+01 5.076321432692770230e+01 5.528907660811922398e+01 5.119343760586228598e+01 3.118556508988234555e+01 2.411189860039575095e+01 4.411967247955099936e+01 4.090752265618855432e+01 4.448004371271238000e+01 2.504141037707933748e+01 3.943912999375240958e+01 4.115031948724720223e+01 2.357625417987615535e+01 3.772919629689975096e+01 5.441106518334719766e+01 4.753424759548689593e+01 5.341008496543241790e+01 5.547945046235223288e+01 4.677156809569847695e+01 4.373235938383118082e+01 4.821362417329383732e+01 6.831432190801405113e+01 8.376307817832781666e+01 7.956372387177464134e+01 8.475232689595713964e+01 8.105768004167859431e+01 9.979947795568425306e+01 1.088064931122454340e+02 1.192816352662011212e+02 1.277922028518229354e+02 1.204620602888923599e+02 1.010018104791353011e+02 8.710589429345806423e+01 7.825736222129484077e+01
8.215197286175309616e-03 2.000821519728582132e+01 1.353362934334438528e+01 2.247790126002685440e+01 3.402490733484392393e+01 5.402514746063974371e+01 5.947228665699889660e+01 5.119343837120063512e+01 3.305890302641332568e+01 5.240458620079247964e+01 5.462327190007165711e+01 5.336510287571032762e+01 3.659533011480566245e+01 4.138399001221286255e+01 5.190398410385241590e+01 4.359775903240841899e+01 2.607653665244972174e+01 4.610253425015465467e+01 5.057254871562193443e+01 3.336852130575768172e+01 3.543289288348260158e+01 3.782564362369974020e+01 5.780204686800254876e+01 6.559840637461093138e+01 6.900960013022006478e+01 7.267458924971676026e+01 5.947861758560423340e+01 6.465695379321681457e+01 7.134370595648816504e+01 8.032381029785406668e+01 9.455825972057652962e+01 1.147192725373124489e+02 1.230466491188084461e+02 1.251897892339725331e+02 1.147364468845697019e+02 1.059977207344126811e+02 8.966613683805871915e+01
2.613274238814250559e-03 2.000261327423845970e+01 3.353368583381163859e+01 2.767576694785465463e+01 4.767600383807198483e+01 6.231093798857651933e+01 7.273843087434897825e+01 6.135527388506491775e+01 4.720782918127471106e+01 6.135742272565094169e+01 7.426402259562468089e+01 6.493453470804642791e+01 5.662399689643265077e+01 5.554516507774348355e+01 6.246889638100238074e+01 4.242417745461599310e+01 3.608395655255946366e+01 2.868091658481997897e+01 3.053850493365899510e+01 5.057356236405022543e+01 5.547945046235049915e+01 4.161337141426311348e+01 4.230386847579833187e+01 4.555365099269916129e+01 4.894086601371242295e+01 5.260061711221137415e+01 7.267458925080639176e+01 8.475232689595713964e+01 9.145663736569157720e+01 9.979947795568425306e+01 1.088064931122454340e+02 1.173898956576721417e+02 1.035982020448975192e+02 1.057221392821826669e+02 1.251897892339725331e+02 1.172678323265930800e+02 1.092375915914845592e+02
7.532853315450405325e-03 1.414966847704652508e+01 3.414966847704722852e+01 4.767600383807198483e+01 5.596173095578473777e+01 6.007783521753243861e+01 5.271922665156731824e+01 6.684238069734770704e+01 6.722164913089476102e+01 7.058945117740162800e+01 6.227073608353616407e+01 6.488246807525099769e+01 7.319777865166607000e+01 7.559890849069424235e+01 7.078327792993535184e+01 5.612032366683529006e+01 5.612032366683529006e+01 4.871123668296606013e+01 3.721110892868441766e+01 4.470008008830980373e+01 6.475272144794745088e+01 4.609390630651848397e+01 6.236233337359811202e+01 6.561736492580513413e+01 6.051891562955974990e+01 7.267458925080639176e+01 6.205454398359946566e+01 7.208789816218249769e+01 8.630293016687490137e+01 1.064481093277995143e+02 1.218972401589520445e+02 1.025002123126236739e+02 9.007731490638003891e+01 1.092945203092982496e+02 1.208176888032588749e+02 1.273018689176871021e+02 1.191950160503731269e+02
6.101047412966256744e-03 2.000610104741260997e+01 3.000684211379069311e+01 5.000684364434054885e+01 5.420714215522446011e+01 4.005351955589287627e+01 3.855852857612146067e+01 5.858271619506052730e+01 6.862279474065077522e+01 5.896828702873380479e+01 4.212352879603998446e+01 4.473879540580140457e+01 6.488246807525099769e+01 6.801827429105594547e+01 7.024022650116471311e+01 7.617699781278250271e+01 7.143598170342613685e+01 5.137873833637114984e+01 5.137899672405786333e+01 5.725448683246124659e+01 6.475272144794784879e+01 6.622188132152335527e+01 5.278282013332634648e+01 7.298670028908371421e+01 8.060809085565529131e+01 8.894502609132675275e+01 7.364227953624721579e+01 9.048385395599817116e+01 1.005449362626662690e+02 1.114770539807468026e+02 1.195591353008231721e+02 1.025002123126236739e+02 8.345164666622744676e+01 9.346903825050925718e+01 1.127184173725918015e+02 1.160684425511572613e+02 9.978118612085957295e+01
6.842009524227352091e-03 1.000684200952431446e+01 3.000684204636127816e+01 3.213001934782885627e+01 4.118156705778647364e+01 2.588883544395004321e+01 4.029959869755847990e+01 4.029962918080476442e+01 5.200259050180338249e+01 5.063873220001888598e+01 3.051695047603455535e+01 5.063874053268104092e+01 5.705904223205830306e+01 4.781815561458082442e+01 5.003012248618423286e+01 7.024022650116471311e+01 7.973514662515715656e+01 7.143610148059329390e+01 7.145378398965023337e+01 7.732190310085131557e+01 8.482817669130490401e+01 8.136731948646658452e+01 6.442449997219574698e+01 6.100607723385566317e+01 7.537543257205017255e+01 9.576693659860984553e+01 9.376136915683179041e+01 1.021028215986483616e+02 1.084115329889466750e+02 9.225319778125583525e+01 1.084115329889466750e+02 9.700136513442991770e+01 7.807601443774352390e+01 9.137290121378849506e+01 1.105896790669699499e+02 1.079865643967269619e+02 8.877413336741008720e+01
1.934550753332892102e-03 2.000193360191725844e+01 2.290623217814689738e+01 1.179256071948333506e+01 3.061101193677228949e+01 1.921144092193892305e+01 2.026889963953413343e+01 3.196788040366343964e+01 3.196787840713058415e+01 3.702670275944988276e+01 2.446770904603288344e+01 4.084193879946612782e+01 3.703234352226659354e+01 3.356057523180098201e+01 5.373874566783369033e+01 7.277669002868658765e+01 8.112462350074170558e+01 7.792924176816033821e+01 8.624181044458055112e+01 8.882609353620991044e+01 9.104103589365382732e+01 9.305613595906049795e+01 8.468288343429776432e+01 7.537543257205017255e+01 7.187847031829127786e+01 8.376879730542040647e+01 1.044487015601400088e+02 1.138494709936034468e+02 9.466525763240140634e+01 8.132219516888311261e+01 9.080076822658710967e+01 8.709267066094801635e+01 7.378126452129068014e+01 8.705882605783887129e+01 1.061819868877192050e+02 1.007249716824738357e+02 8.169299101098719973e+01
4.364784840791047053e-03 1.451513995428372450e+00 2.902466495712813010e+00 4.368965120855072826e+00 2.437735170914452709e+01 2.801979007990037118e+01 1.025603025969788895e+01 1.193642376444628717e+01 3.196786853953427610e+01 1.688508941936055763e+01 1.868207278015264805e+01 2.072688633788341761e+01 2.280948964090752895e+01 4.294972778503508692e+01 5.452192734115389783e+01 5.254802485062101880e+01 6.873382223033983962e+01 5.763236729874755326e+01 7.465182396796723197e+01 6.850812013280952328e+01 7.073241548016233082e+01 9.104103589365382732e+01 9.691433883877931521e+01 9.576693659860984553e+01 8.687850940839918223e+01 1.010092313511490829e+02 1.129033714315232260e+02 1.129665011993780013e+02 9.384171476273986912e+01 8.195081579873671274e+01 7.188503166277516243e+01 6.816887816653841980e+01 8.709267029785445402e+01 1.006557236890662352e+02 1.079450302276101894e+02 8.876241403612434056e+01 7.547593888595253020e+01
5.219006137575642711e-03 2.000521900613722082e+01 1.704636718337232537e+01 2.437782911411335007e+01 6.483576906922202454e+00 7.996309064123212629e+00 2.802053990106897885e+01 3.196787993414261209e+01 1.436395766845742195e+01 3.299999782007079574e+01 2.377595198051681180e+01 4.083777733159632106e+01 4.294972778496890697e+01 2.597610464667916474e+01 3.604752190633801945e+01 5.195902379590465614e+01 4.852544625663262678e+01 4.588236747934250559e+01 6.356971806225427457e+01 5.408845596890755303e+01 7.445911676269744817e+01 9.078708094012164054e+01 7.615716645009626973e+01 9.078708094054924516e+01 1.019657619787171399e+02 1.180807080025553688e+02 1.128898477955499118e+02 1.033048835786628246e+02 9.547082493419496529e+01 8.973933007532036754e+01 8.338140591121029388e+01 6.429534096348261585e+01 8.338140571898055953e+01 1.018821072159805254e+02 9.314346078427537634e+01 8.518864459210358575e+01 7.124724155170895301e+01
