LEM/sinusoidal_perturbations/elevation_000198.asc
nrows	100
cellsize	150.0
xllcorner	0
ncols	100
yllcorner	0
NODATA_value	-9999
[rows 34 to 50 of 100, columns 37 to 73 of 100]
8.178782332954995127e+01 7.072989303316673215e+01 5.020052195118024230e+01 6.226285443819661936e+01 8.229608284871908097e+01 7.253555980663034575e+01 9.163814372613697401e+01 1.030395902584518240e+02 9.529638297608271102e+01 7.889077307005688056e+01 5.883976559572455045e+01 6.471238626116918624e+01 5.694419799235931379e+01 3.714604098201827753e+01 5.694419801283906679e+01 7.185566182371007926e+01 7.277952957645182153e+01 6.470253999617013108e+01 5.824431024823212510e+01 3.846350737749833826e+01 5.824430888635011883e+01 6.349264137961607446e+01 4.345956007451422920e+01 4.251812739905484761e+01 5.154580040373313921e+01 3.273531302213076088e+01 3.973070593463494760e+01 4.959916046382030430e+01 6.159363249292555054e+01 5.791434100744088198e+01 7.242493849654769633e+01 7.876702417048988991e+01 8.690694119039265786e+01 9.573310255559391635e+01 1.053104341190069420e+02 1.135596787371192420e+02 1.124934821796940554e+02
9.179171641104314006e+01 7.364471051330721707e+01 5.324098815232335369e+01 7.364471051330721707e+01 9.047209332781829971e+01 8.396531157363389752e+01 1.004726168705431490e+02 9.529638297608271102e+01 7.536496865298987302e+01 7.826034843415371256e+01 6.471256320672466700e+01 4.463512763523646498e+01 4.143179989491815007e+01 4.008283051911717365e+01 6.002067312584325265e+01 7.284350957096430079e+01 7.938099306444803460e+01 5.894092707733577186e+01 4.487756310324475351e+01 5.824431024658036193e+01 5.452138302736068454e+01 7.187686295059836539e+01 5.773502458419740435e+01 5.663805936997592028e+01 6.067353339198668039e+01 5.238440398503541218e+01 3.355444383649872719e+01 3.735488199338934123e+01 4.149344830592107058e+01 4.658152018680199546e+01 5.221208693927247424e+01 5.871158832490863944e+01 6.782232964537710984e+01 8.188695000084878473e+01 1.014658192622507613e+02 1.022075693981952185e+02 9.560762240395770561e+01
7.272448985654544629e+01 6.367265166414737365e+01 5.669675550145943532e+01 7.113669529744169040e+01 9.090254361693823171e+01 1.036806682950595189e+02 1.118609729310789476e+02 9.414937757741553526e+01 7.898135947922251887e+01 5.892014270995071712e+01 4.987141391450430206e+01 6.471256320672466700e+01 5.553725575818065607e+01 6.002067312584325265e+01 4.449191058639693352e+01 5.869372808893008653e+01 7.875206524972409738e+01 7.015281311413991716e+01 4.991597357098251564e+01 7.015281311413991716e+01 7.480936081419547179e+01 8.323811078502423300e+01 7.777699622460021089e+01 7.670594289747928940e+01 7.316413130871168846e+01 5.390423947823453688e+01 3.413357988160718293e+01 5.318046657103774777e+01 6.151542884785683185e+01 6.681890161696944119e+01 7.242493849654769633e+01 7.876702417048988991e+01 8.690694119039265786e+01 9.573310255559391635e+01 9.640672328604094332e+01 8.224839696166887393e+01 7.572924832640673287e+01
9.178075085651462928e+01 8.031278445519237152e+01 6.027746045036893463e+01 6.942381035883558127e+01 8.082410254448841158e+01 1.004565952897528973e+02 1.020571469425819373e+02 8.591900729115032220e+01 6.743132806570228865e+01 5.626264086494220606e+01 6.999808632614100645e+01 7.826034843415378361e+01 7.559481956276422920e+01 6.796926264075526092e+01 4.784014356574265747e+01 5.949451221518856414e+01 7.954029918805539978e+01 7.661886786587146503e+01 5.617140587060980295e+01 7.015281304705256105e+01 9.067740985199056070e+01 9.319373798015459442e+01 8.493743494400747807e+01 7.909687966690783867e+01 5.877632238250264152e+01 4.439651798335787447e+01 3.470666010215492747e+01 4.876953175584009870e+01 6.977156895451408047e+01 6.985817266138664650e+01 7.727633959651922169e+01 8.544574788773475404e+01 9.535347135179631550e+01 1.022075693981952185e+02 8.224839696166887393e+01 6.817692039081063626e+01 8.809430322145584569e+01
8.005766550354123012e+01 6.865080729198463416e+01 6.547651200539188210e+01 8.526387883440789039e+01 9.728270075728258348e+01 1.086326063878927073e+02 9.383655836064696132e+01 7.397702643912816711e+01 6.391833644212042742e+01 7.634232997821173683e+01 8.458737972183382681e+01 8.498649866388051066e+01 6.499671416387349154e+01 5.332480220954816019e+01 6.796926264075526092e+01 6.796790385184682748e+01 8.774576762041309053e+01 8.391772072250270753e+01 6.327344732327589583e+01 8.391772072250270753e+01 9.319451938629340759e+01 8.165010946329340413e+01 6.491661014159014087e+01 7.751877551359487484e+01 6.546366433565320619e+01 5.346567132552238633e+01 3.527604380093064407e+01 5.504623233080210554e+01 6.051025818469805984e+01 4.848875872830290490e+01 5.643423381404847561e+01 6.733019756156060964e+01 8.727688262087436044e+01 9.777897721136186249e+01 8.374797396112987258e+01 6.372541355429795829e+01 7.784364301390399987e+01
7.922251809112688647e+01 8.830692631466550324e+01 7.259446296540689048e+01 7.697098690787422015e+01 8.825935596583718734e+01 1.079750366426396795e+02 1.020571469425819373e+02 9.219185398797677067e+01 7.399452440135560494e+01 7.812988570715002368e+01 9.803231862512417649e+01 9.322192553668158155e+01 8.101664572230829720e+01 6.098498914799826309e+01 6.049197454139063268e+01 8.052985001614527505e+01 9.615710825466537415e+01 8.391772072250270753e+01 7.787041473637420097e+01 9.234910604230911702e+01 8.493749852277086632e+01 6.491661015766301546e+01 5.313546830747317529e+01 5.734912277717980800e+01 5.799246455570263947e+01 3.801141960640828188e+01 5.372249945996392029e+01 3.611484798236099891e+01 4.038414033364841060e+01 6.045833410505521499e+01 7.621582074348667390e+01 8.544574788773475404e+01 9.535347135179631550e+01 8.945476282651679867e+01 6.940153914759339671e+01 7.308137425609690752e+01 5.763546456827544517e+01
9.301628995245035014e+01 9.959594136958435229e+01 8.000318921169998987e+01 9.659218309663101820e+01 1.047790460538136585e+02 1.161759463563000025e+02 1.178835642917133697e+02 1.021443040147433265e+02 8.811353105691176779e+01 9.803231862512417649e+01 1.062538222688033756e+02 9.508820127108579356e+01 7.518801657031826835e+01 8.101664572230829720e+01 6.659005977874662108e+01 7.687868202931610995e+01 9.677568452255415821e+01 1.044320349644539334e+02 9.851720885003419426e+01 9.944683714096056804e+01 8.675342204002599544e+01 6.669631004003871055e+01 6.325689754281775379e+01 4.298967262693012259e+01 4.086897233606639901e+01 5.798415575311883430e+01 6.388745911494397234e+01 5.595166325413449471e+01 3.696063120102313349e+01 5.259953026101158713e+01 6.578701391573346768e+01 7.849985718440345295e+01 8.480671470873954831e+01 7.648851773363354312e+01 6.883664404687347371e+01 5.272669502144184861e+01 6.303610114905055894e+01
1.125542918960530159e+02 1.077914179256371909e+02 9.124284769679306351e+01 1.077914179256371909e+02 1.161541376613341754e+02 1.078687424957024774e+02 9.785392069969149986e+01 1.120083896808480546e+02 1.079511061933365283e+02 1.077575069074772216e+02 1.160437835435357243e+02 1.033206442572779906e+02 9.508820127108579356e+01 7.661190916856058664e+01 8.654713442717873306e+01 9.477766845004232721e+01 1.050092289724399137e+02 1.061797843850662986e+02 9.799666111822467940e+01 9.175339800544705327e+01 7.366995316390833182e+01 6.669631006788407035e+01 4.634847116400905520e+01 6.325689754310924684e+01 5.248487485601995672e+01 6.933516791228066722e+01 7.740173592629176369e+01 5.697791881076138054e+01 5.656617092630719412e+01 3.781130600793966323e+01 4.924415359909787782e+01 6.968991921478557572e+01 7.144190995537782385e+01 5.623247126019755626e+01 4.842070430393648905e+01 6.293251356310175737e+01 8.123613320816303940e+01
1.066586266978618767e+02 1.159471632995959851e+02 1.110064795268083913e+02 1.192082425780620980e+02 1.078687424957024774e+02 8.786408385098816609e+01 8.372615794236071451e+01 1.020091107561611494e+02 1.044933003392083606e+02 8.775099341034675149e+01 1.044933003392083606e+02 1.169374470358098392e+02 1.047128521035900661e+02 8.809651904217952278e+01 9.284014423459785803e+01 1.126883599769128637e+02 1.084441138932672715e+02 9.799666111822467940e+01 7.862929938290005794e+01 8.430186830148382171e+01 7.698832712093380337e+01 5.801225943979079602e+01 4.883812066086458259e+01 6.930706840934810486e+01 7.270825128052565844e+01 8.098473151451368324e+01 7.968027419044078385e+01 7.039958673570799874e+01 4.112003855983378742e+01 3.841657205953474374e+01 5.851178592901344189e+01 6.020187677483792044e+01 5.686157006975434314e+01 4.442239087774438389e+01 6.479368384947393622e+01 7.716277803110612865e+01 9.118731728032581429e+01
9.840247974716197632e+01 9.603747802223507790e+01 1.101306950478423090e+02 1.159503677734937810e+02 1.043999104651131091e+02 9.372331271270275010e+01 7.378059092632614124e+01 9.372331271270275010e+01 9.620674095436308448e+01 7.625043451773203174e+01 8.866396610883111862e+01 1.084822173153720399e+02 1.161764261951909560e+02 1.079376310370659695e+02 1.126883599769128637e+02 1.141099289605178058e+02 9.449462832776556809e+01 8.092926148029934552e+01 7.228458291226701249e+01 6.474889407458084634e+01 5.944990697587239481e+01 5.492788866876654197e+01 5.226784792088610487e+01 6.679558586628603223e+01 8.698389658076706610e+01 8.632426870125944163e+01 6.635185146478856666e+01 5.150182093594013821e+01 4.699941525251293939e+01 3.980792393204808377e+01 3.938226039627783592e+01 4.007003289260781287e+01 4.076386031791396647e+01 6.097603110975396845e+01 6.207713872535312305e+01 8.228590505981462400e+01 8.503454102797698511e+01
9.134487697570580167e+01 8.190511331353278024e+01 1.001514449242096418e+02 1.076640384436389155e+02 8.765764107216024570e+01 7.615735953732662722e+01 6.804904838595301442e+01 8.150432055263345887e+01 8.085038491166845631e+01 6.874316461114409549e+01 8.022211031610324028e+01 1.001957555767823322e+02 1.175774133778438397e+02 1.092543560057134187e+02 1.097395389309131417e+02 1.180629920472679828e+02 1.084441138932672715e+02 9.974315358243133289e+01 8.430186830148386434e+01 7.356089198644609439e+01 7.925331206484260349e+01 7.524116902453087619e+01 5.588566881884305104e+01 6.773880783025374797e+01 8.786957948945290298e+01 8.633131779644483572e+01 6.635226259467842169e+01 7.220399215148175642e+01 6.121562443017579369e+01 4.118543271581289389e+01 5.603150398552830325e+01 5.690330644011969952e+01 6.097604509022534813e+01 4.179760628487156993e+01 6.207751011497211380e+01 7.154443112184929987e+01 6.291121785932502064e+01
8.182244924071304126e+01 7.175789691031773998e+01 8.604438710251021405e+01 1.059923206609154533e+02 1.043999104651131091e+02 9.301709503042661709e+01 7.307638469880667742e+01 6.157033677856621523e+01 6.091340044508891793e+01 8.085037969136267577e+01 8.400303926873331761e+01 1.039787866425907339e+02 1.060085014612354684e+02 8.923948230294949724e+01 8.972253412693652308e+01 1.064930485503296609e+02 1.165101132452469415e+02 1.119661263383355276e+02 1.011497770161428065e+02 8.728740114220744317e+01 9.438248267664793900e+01 8.000875591492966521e+01 5.975147375136763372e+01 8.000875591492966521e+01 9.618392949210407039e+01 9.438332939161870172e+01 8.633131761760377287e+01 7.723227754304282655e+01 5.683844512373397606e+01 4.255431108609430169e+01 6.263248267791691859e+01 7.754131396752099192e+01 7.008227640701937844e+01 5.584482078968402163e+01 4.284685361105283619e+01 6.318781688309586286e+01 4.513762040283919674e+01
6.135574041643368304e+01 7.175789691031773998e+01 8.604438710251021405e+01 1.059923206609154533e+02 1.053557196833984193e+02 1.013003040108374933e+02 8.977793720151089474e+01 7.586613851155121324e+01 5.583115727626415747e+01 6.407175939668819353e+01 7.815642311877240900e+01 9.811808161089106761e+01 9.673730571621267416e+01 7.774530194427775598e+01 7.822658195183988994e+01 8.817757575180519325e+01 1.023095467415829773e+02 1.223793495467142520e+02 1.150121528900783119e+02 1.016997654831071998e+02 8.607292364022178788e+01 6.596035462964488261e+01 8.000875591492966521e+01 7.632699030742675461e+01 9.639073422084959475e+01 9.862195041356768854e+01 9.048223000749815981e+01 7.489696844668362985e+01 6.422569808041701833e+01 4.396261657152498969e+01 5.855401329366404184e+01 7.939491751477328307e+01 8.298652365716910140e+01 6.819351486522506889e+01 4.868601546440554273e+01 4.391597070177274276e+01 6.203233701193344274e+01
7.434906384008120028e+01 9.011280975292496009e+01 1.001514449242093576e+02 9.967107478734375547e+01 8.609313538744598304e+01 9.967107478734375547e+01 8.711960114040616077e+01 6.715712245561221039e+01 5.287196064464173872e+01 7.300398677951278614e+01 9.227819772461059245e+01 9.091645604233548283e+01 7.678894145653684689e+01 6.886771971897471190e+01 7.774530194427775598e+01 8.923948230294949724e+01 1.092543560057134187e+02 1.217612287300720482e+02 1.117216979067325155e+02 9.338500180807641016e+01 7.336005103420144735e+01 7.760931163634552377e+01 9.438248267664793900e+01 9.639073422084933895e+01 1.018779266651305448e+02 9.048223011981286845e+01 7.066997183772193125e+01 6.666449440755594935e+01 4.614898778905298826e+01 6.414650776198469373e+01 5.840276939452235183e+01 7.853795002461198749e+01 8.315622563016974311e+01 6.226150791887098990e+01 6.838138228444492484e+01 6.430523108464329596e+01 4.632596002830290871e+01
7.066576655001755114e+01 8.372875953688885886e+01 9.196672056435747322e+01 9.097344152820690510e+01 7.216674343563155958e+01 9.097344152820690510e+01 8.437754352947781911e+01 6.438212731349095463e+01 5.000634702653740504e+01 6.438212731349095463e+01 8.437754352947781911e+01 8.263169017828445817e+01 6.271416611626374760e+01 8.263169017828445817e+01 9.707089301748946752e+01 1.060085014611867109e+02 1.175774133777615731e+02 1.134240750079386686e+02 9.336514742961294644e+01 8.337539239737695596e+01 8.337539239737694174e+01 9.763443264529165333e+01 1.059542589681422697e+02 9.616279398619334984e+01 8.223965519818544578e+01 8.289122394569486119e+01 7.647284784051583983e+01 5.628284925286328644e+01 4.777735291331202205e+01 6.821487822087418351e+01 7.850812398742711196e+01 8.670243987122827889e+01 9.163167385577901314e+01 8.315621016204924842e+01 7.523654909677173919e+01 5.499571415888752313e+01 4.807622570671334472e+01
6.746412552186723133e+01 6.359579655750452787e+01 8.038433932097764512e+01 8.298381830544644799e+01 6.322364654950197149e+01 8.298381830544644799e+01 8.175201650697178479e+01 6.171261193117424426e+01 4.726355001141472201e+01 6.171261193160208336e+01 8.175201762812183404e+01 7.879856093027986219e+01 5.882337602837000645e+01 7.295827284039805249e+01 9.289826422558434160e+01 1.020705133038931649e+02 1.103770118868290098e+02 1.217612287300720482e+02 1.117216979067325155e+02 1.033946112187758075e+02 9.751478826931897004e+01 1.117216979067325155e+02 1.018779266651681326e+02 8.223965519818544578e+01 6.823800967257071193e+01 6.295981478537058962e+01 5.831385519040718179e+01 5.385319266067094190e+01 4.948816455010997117e+01 6.480381634551241632e+01 8.506604798730099048e+01 9.837548900114106232e+01 9.981583880149756283e+01 8.006952786175209269e+01 6.596404344808475173e+01 7.034329129510210521e+01 4.992601509933577830e+01
6.040869439857394241e+01 5.153541088777949852e+01 7.208391903771473608e+01 7.673510333495512725e+01 5.681063392334237250e+01 7.673510333495512725e+01 7.922771558835606243e+01 5.913816388839173754e+01 4.464090501877722517e+01 6.502213127189834552e+01 7.855566348376736130e+01 7.027065650489822701e+01 5.514350058887984574e+01 7.521091244882808269e+01 8.795122829782063434e+01 8.210282895729426400e+01 1.020705133038931649e+02 1.090317658992753849e+02 1.006148374875093339e+02 1.090317658992753849e+02 1.175897595277070025e+02 1.091485343244753352e+02 8.949841417457555792e+01 7.817961131384257101e+01 8.799157174008232118e+01 7.457185491549009271e+01 7.843441837444559894e+01 6.591937448610696038e+01 5.138253937799515825e+01 6.666302075354070666e+01 7.043056359691337320e+01 9.009879801843814562e+01 1.018185843109974087e+02 8.220827310439894120e+01 8.585308843258542311e+01 7.224117185103354188e+01 5.185882274840854222e+01
