LEM/sinusoidal_perturbations/elevation_000609.asc
nrows	100
cellsize	150.0
xllcorner	0
ncols	100
yllcorner	0
NODATA_value	-9999
[rows 0 to 16 of 100, columns 37 to 73 of 100]
1.055174843264861693e+02 1.137558521861701024e+02 1.062322413941807895e+02 9.798912986687933824e+01 9.498006773272921066e+01 1.016373514828348306e+02 1.091583849179478136e+02 1.173931671083251160e+02 1.288632298256019055e+02 1.416923012832718598e+02 1.499988753146591023e+02 1.328305709115311117e+02 1.228928838963239372e+02 1.146336437492582974e+02 1.080288194097858394e+02 1.022992427356044658e+02 1.062539893784927614e+02 1.144998734596714911e+02 1.098910643158603193e+02 1.181455939958600254e+02 1.270586236841042336e+02 1.155796074812621157e+02 1.073307180289405380e+02 1.099074066365497089e+02 1.116636568452508982e+02 1.199192838588823093e+02 1.149811566450450613e+02 1.064936668083629741e+02 1.064936668083629741e+02 1.078931905512439187e+02 1.078931905512439187e+02 1.163813801076642989e+02 1.196955749828799327e+02 1.116277927569798720e+02 1.091036786370479632e+02 1.171542949261948507e+02 1.203655288452548717e+02
8.557180543278289520e+01 1.037912868958706696e+02 9.469203239247291037e+01 7.796461781492324405e+01 7.492362647018410371e+01 8.166550023251795665e+01 8.925960084643733694e+01 1.007674288505531734e+02 1.206206440680478522e+02 1.218135990650302745e+02 1.384922844694962976e+02 1.245447400980356747e+02 1.047225474004808632e+02 9.481917073084117931e+01 8.818098359869840408e+01 8.242658661992339830e+01 8.639441977454502819e+01 9.585167341901900784e+01 9.003640239994973626e+01 1.098910643158603193e+02 1.187914345587159062e+02 9.894089123800044661e+01 8.743346013405898987e+01 9.001737562064852227e+01 9.178609406390435765e+01 1.084339572197871604e+02 1.064936668083629741e+02 8.592434493658628014e+01 8.592434493658628014e+01 8.730754135881905142e+01 8.730754135881905142e+01 1.078931905512439187e+02 1.116277927569798720e+02 9.274656483236442739e+01 9.030047315745169101e+01 1.002673009161210587e+02 1.002673009161210587e+02
7.549306496044609105e+01 9.554464487963446118e+01 8.642797244329156570e+01 6.625806573102991592e+01 8.642797244329156570e+01 9.664764917868791372e+01 1.055872771084354440e+02 1.173931671083251160e+02 1.187620303658103609e+02 1.103776351643090408e+02 1.302153272064296345e+02 1.328305709115311117e+02 1.228928838963239372e+02 1.146336437492582974e+02 1.080288194097858394e+02 9.478808557002520274e+01 7.494291127566616240e+01 7.600263655942646324e+01 9.585169822785989879e+01 1.080536299726381628e+02 1.054017990149937987e+02 9.715026036420726996e+01 9.584303082719515032e+01 7.585521575056591814e+01 8.023493033607067559e+01 1.001873406226067260e+02 1.047459079022373203e+02 8.424658475889414433e+01 7.157039088990937614e+01 7.293448523705922071e+01 9.333693841215284692e+01 1.064446001837548010e+02 1.104836716135508112e+02 9.144422653938396195e+01 7.914714828376629896e+01 8.235308511197631276e+01 1.002673009161210587e+02
6.872720600061973073e+01 8.027579801546933425e+01 7.627038016629012418e+01 6.145583537350334780e+01 6.824481919074062830e+01 7.731769141597762030e+01 9.151389482710325751e+01 1.114218837068181500e+02 9.889224391948280868e+01 1.187620303658103609e+02 1.243770329173650708e+02 1.326378953386615365e+02 1.192062308720337711e+02 1.092720880891251909e+02 1.010290103700514663e+02 9.441583312916262116e+01 8.834946008985008348e+01 6.866289028252431592e+01 7.995922754815028100e+01 9.981073084008538387e+01 9.715026036419520494e+01 7.718726145754207835e+01 8.303428846447590672e+01 6.952484562276832492e+01 8.952232871795513347e+01 1.084339572197871320e+02 9.826473889382249638e+01 7.786031760639171750e+01 6.405081050997270609e+01 6.588351159951939451e+01 7.747293367384772012e+01 9.794058717322134555e+01 9.981922785070916859e+01 9.144422653938396195e+01 7.168885338944093633e+01 8.990891108192272441e+01 1.060054045049368767e+02
8.027579801546933425e+01 6.004742389132010061e+01 5.600266604315098107e+01 7.627038016629012418e+01 8.838841016349688573e+01 9.664764917868791372e+01 1.055872771084354440e+02 1.121387682170345528e+02 9.222074509526636632e+01 1.121387682170345528e+02 1.045229752231839910e+02 1.211600272649895516e+02 1.109497887763474324e+02 9.110823196375557131e+01 8.118947864738490239e+01 7.465387036923944208e+01 8.481364777265279997e+01 6.530053022876803936e+01 8.481364777265279997e+01 1.010852298739605857e+02 9.715026036382108998e+01 7.718726145754207835e+01 6.310081116842179227e+01 8.303428846447590672e+01 8.924947481087637868e+01 1.091723388588973336e+02 9.224840312124973707e+01 7.190098785976873330e+01 5.789380303299325448e+01 7.786060781023797972e+01 9.167532233090383897e+01 9.796992376343033015e+01 8.334885714084023789e+01 8.473236417633236783e+01 6.664986938374057956e+01 8.691203311030299972e+01 9.996839532243053839e+01
6.823921733932920120e+01 6.846803266497165907e+01 5.228744058608061351e+01 7.263019124981131824e+01 8.612149688622278632e+01 9.452322436668963235e+01 1.046222608933848335e+02 1.063889302114955200e+02 8.643391827721049481e+01 1.063889302114955200e+02 9.299267683041043142e+01 1.122527289624491118e+02 1.192062308720314832e+02 1.092720880891252193e+02 1.010290103700514663e+02 8.598930389514556794e+01 6.646561105824270044e+01 6.213745853167115740e+01 7.313466999781178401e+01 9.284959023097573549e+01 9.337760818314738742e+01 7.342249925913419872e+01 5.940671159078095798e+01 6.928495587662182231e+01 8.924947481087637868e+01 9.528790021368071450e+01 8.694944921625449297e+01 7.408723638758313257e+01 5.422770005738096444e+01 7.408388072357945475e+01 7.000870747006787553e+01 8.645367116980753508e+01 8.330635267482681172e+01 6.605796159072578178e+01 6.194321232852255577e+01 8.285491732205719018e+01 8.220500074896304454e+01
5.882125396681001206e+01 4.792705070983935656e+01 5.263011853527743966e+01 5.750663560776681038e+01 6.547129740521747010e+01 7.605787204747743147e+01 9.636151777018189080e+01 1.012365682851717992e+02 8.127039192093097597e+01 9.458117616375825776e+01 8.403658615710607194e+01 9.815209890883662069e+01 1.179696073700740016e+02 1.129096846749684460e+02 1.042251726594558789e+02 8.443945848554974987e+01 7.833148152954873922e+01 5.915104753932261872e+01 7.257783521459911924e+01 9.222201249619794794e+01 9.000457914131480663e+01 7.007208517841978335e+01 5.609430989095152853e+01 7.591017749417325433e+01 9.072280897197029503e+01 8.371032277356503926e+01 6.692874302783943108e+01 7.052554598971418898e+01 5.062635908235873217e+01 6.568040875543076140e+01 5.749583954873030223e+01 7.802701617513632470e+01 7.653860821789795921e+01 5.584001764527966571e+01 7.434211681517950865e+01 7.601726438397095365e+01 6.909734854593374109e+01
4.422638869856540111e+01 6.494333017694259524e+01 6.659343421423372433e+01 7.815908492804537389e+01 7.057385442998061365e+01 9.127134053417178450e+01 1.046222608933848335e+02 1.094877016678352959e+02 9.458117616375825776e+01 7.466222403037193089e+01 8.815753069128000163e+01 1.061128420037934887e+02 1.071166603473047729e+02 9.306130795149771018e+01 9.840711174601733546e+01 7.865386707053919224e+01 6.499848836495108628e+01 5.662927478966783923e+01 7.001744744452595626e+01 8.957327640848329509e+01 8.681282568225216778e+01 6.690674238913285876e+01 5.289984847968060677e+01 6.258412108354875159e+01 7.665346502775943804e+01 7.529410819601864091e+01 5.546677500085587553e+01 6.406206597181893869e+01 5.597955023950450482e+01 4.542172897589507841e+01 6.548519352804784432e+01 6.716038395343402101e+01 6.781189311429852751e+01 5.226593033725669102e+01 6.306934686675973722e+01 5.786221401311968293e+01 7.171510390251161482e+01
4.175078694984575378e+01 5.660687078554870055e+01 7.695579947807755161e+01 9.560951444447815106e+01 9.127134053417178450e+01 9.127134053417179871e+01 1.114003797741912223e+02 1.024809635855785928e+02 8.261717683226092390e+01 7.123818573826054035e+01 8.635174639633834204e+01 9.458177241175624772e+01 9.719686664404767384e+01 7.905924676512593408e+01 9.719686664404767384e+01 8.710939956186615518e+01 6.763202086355094877e+01 5.420143489222324007e+01 7.333680995086595544e+01 8.142385339375420017e+01 8.960470629806383158e+01 7.988376162156546911e+01 6.000760317548282785e+01 4.840686635705096563e+01 6.440586428749742254e+01 6.995041315107101809e+01 5.306533405909936363e+01 4.369449303234022608e+01 4.440554134172837308e+01 6.413062594660912907e+01 4.645631661894152131e+01 4.718500940941184751e+01 4.790947783858369746e+01 4.862949576838555288e+01 4.975888418677055114e+01 5.086329360003939826e+01 5.195230763494105730e+01
4.196486722265012048e+01 6.306796163650067655e+01 7.618792632311422608e+01 8.625960217152660903e+01 1.003996839156142613e+02 9.961403300084954537e+01 1.078752407434524514e+02 1.107254594581004739e+02 9.779451545644568000e+01 7.797171521090128010e+01 6.676197486613266108e+01 8.212690761529066208e+01 8.896700483168983453e+01 6.933003929063885096e+01 8.724030775556215644e+01 8.514013914893169499e+01 7.099906260018651949e+01 5.176160143442049844e+01 6.772381605291371898e+01 6.204912024536616144e+01 8.142388699370609118e+01 8.813740697157209070e+01 7.640120152691775957e+01 6.437643031381561798e+01 4.407743989744029278e+01 6.224884146043644506e+01 4.269585530498943626e+01 6.314476065528478443e+01 4.950309715012302547e+01 6.776415572789078112e+01 6.651379106827596388e+01 6.716398936463031077e+01 5.689014999974064324e+01 6.846120176869278851e+01 4.993963875977378564e+01 6.950563660479764394e+01 7.183049375546180215e+01
6.103849230658088487e+01 4.733903816706144596e+01 5.777260100926010722e+01 7.211952042591265410e+01 8.332089161422159407e+01 7.965909164871951020e+01 9.790143779800641255e+01 1.094111057050720603e+02 1.060153132437340844e+02 9.457393074676440392e+01 8.212690761529066208e+01 6.276563475366879175e+01 7.808980314915037013e+01 6.267752355516300611e+01 6.776414530630661659e+01 6.572297441508770532e+01 6.942158282597839047e+01 6.744966045138319544e+01 4.826856886601850505e+01 6.772380016821036008e+01 8.527596996969636223e+01 7.701685064216030696e+01 6.676113181276421926e+01 5.931084910216149098e+01 4.101869607935935846e+01 4.170621701497982770e+01 6.224032130161126020e+01 7.125221043611350069e+01 6.883267053441973360e+01 5.653630869032667761e+01 7.579488869875667945e+01 7.301123478208830875e+01 7.664742205423675614e+01 7.028450056893262854e+01 5.084863293960008690e+01 7.034848932220852191e+01 7.974353857408770807e+01
7.387240906381740047e+01 6.787739521377883989e+01 5.343743001704886098e+01 5.796942067186040504e+01 6.325097703023624973e+01 6.965185686373531837e+01 8.121829222396823411e+01 1.011501404249542304e+02 1.048505409622941613e+02 8.500468440287890814e+01 7.109771753104111269e+01 6.478234602179827561e+01 5.894042978243997766e+01 5.649760838600097657e+01 5.437929266954343177e+01 5.223327299124031242e+01 5.010076830545256144e+01 4.797299336697810190e+01 4.587746348314596645e+01 5.771264942559335509e+01 7.148035252509582449e+01 6.853303221548290480e+01 4.473186747124465512e+01 4.007957027878159550e+01 6.073025093817420839e+01 5.581773950779152216e+01 5.076799511742280657e+01 7.073016944801698003e+01 8.147341740354433171e+01 6.179663000625549785e+01 8.147616597588280740e+01 8.704703626407129491e+01 8.642325913275668370e+01 6.671527369789890827e+01 5.946889024058799578e+01 5.210655906647117064e+01 7.153178951678964381e+01
7.205756252434693465e+01 8.202291375819740438e+01 7.373752902807490273e+01 7.228132117489070652e+01 7.447039021836835104e+01 8.964248250066818002e+01 8.380462565151864851e+01 1.037363156810776417e+02 1.033684178800474598e+02 8.352351806707052617e+01 9.081740121067603866e+01 8.318186880665579963e+01 6.378901067100302669e+01 7.557536724086872937e+01 7.346858121643391826e+01 6.175292859638163634e+01 6.942158282597863206e+01 6.744966045138525601e+01 5.268343965248298133e+01 4.354230542354061129e+01 6.132978817290049989e+01 6.230286857444437487e+01 5.922646814294797224e+01 3.942776090717089943e+01 6.010692517352178754e+01 7.397640075383120006e+01 7.073051186923679268e+01 6.081614183973844945e+01 8.064521310278661304e+01 6.816893798256819537e+01 8.812977997138492015e+01 1.068721814119640925e+02 9.452968926679932338e+01 7.549109850127960897e+01 7.913306939928912698e+01 7.154954185046655368e+01 5.332947954297314652e+01
6.368625395274143841e+01 7.459298917336640500e+01 8.289261624488487712e+01 9.228021633591686168e+01 9.446168929875940989e+01 1.027237002934018051e+02 1.037363156810776417e+02 1.119982499445709720e+02 1.116156412229483408e+02 9.755332697181601986e+01 9.714404232800455929e+01 7.739854717390662131e+01 8.318186880665579963e+01 7.484516814749807168e+01 8.925684201880245894e+01 7.530751287385047021e+01 8.584610957299196343e+01 6.636675069017219641e+01 7.150240699361931718e+01 6.134196616712920047e+01 4.074024467129155624e+01 3.866265817338373267e+01 3.852078196635531526e+01 5.065681979537133373e+01 5.452313087270385950e+01 7.443394516287420970e+01 8.064521309652671732e+01 7.482586266102316586e+01 8.064521310278857413e+01 8.230451571689717127e+01 8.081635347332284880e+01 1.007144260382532934e+02 1.034079843403985564e+02 9.528706600817061201e+01 9.235199725617385980e+01 7.271163211397748682e+01 7.260241018086227882e+01
5.851689076243089005e+01 5.422908448311413565e+01 7.007454566201434432e+01 7.838753232280352279e+01 8.740321691997982612e+01 9.896698798641610040e+01 1.012000462136601016e+02 1.012000462136599594e+02 1.094699266535403979e+02 1.174072892171321314e+02 1.053840792231621890e+02 9.714404232800455929e+01 1.028064647257648687e+02 8.618798843809685195e+01 1.028064647257648687e+02 9.497276542215850270e+01 9.404473363073643100e+01 8.584610957299196343e+01 7.971867964166723652e+01 6.105650276576853486e+01 6.019990772940014523e+01 5.231427555351221059e+01 3.789356763645324122e+01 6.075274006504528046e+01 7.398585396728576313e+01 8.267865471529479748e+01 1.005083134394542839e+02 9.469436788100928482e+01 1.005083135778518511e+02 1.021932119389766314e+02 9.491242856755242485e+01 1.089632610539452457e+02 1.053027344877665286e+02 9.709768957902738862e+01 8.925552349279682574e+01 6.939871835449682180e+01 5.573144359125551972e+01
3.777431772733949344e+01 4.212272267182533625e+01 4.960051674330892979e+01 5.889311890963097795e+01 7.064164937467278094e+01 9.070284883440452006e+01 8.090487667784046266e+01 8.090487667784046266e+01 1.012000462136598884e+02 1.063179097221894551e+02 9.810522369143326671e+01 1.063179097221894551e+02 1.142715174247641698e+02 1.060200731211830885e+02 9.873973571392146198e+01 8.974129340622332052e+01 8.131415086793872149e+01 7.472088103995407948e+01 8.093772313039319499e+01 6.481266402631312928e+01 5.700416845625631623e+01 3.708827698055751654e+01 5.631038439401461204e+01 6.875682717974675029e+01 7.982902186187676818e+01 9.871061935804512188e+01 9.665287958989053152e+01 1.046661292230993467e+02 1.036774598842814754e+02 1.116784996073224505e+02 1.147216870270279827e+02 1.109950461787949649e+02 9.134121600681584141e+01 7.754764560304576548e+01 8.685522754245545229e+01 7.608099632450806382e+01 5.657599837867879700e+01
5.851689076314482207e+01 6.283588331869738397e+01 5.154667185078286451e+01 6.344717315794889601e+01 8.361014374598042309e+01 8.684919420955142755e+01 6.667288481583503312e+01 7.971579161374403100e+01 9.991744074880861604e+01 9.641121836724913408e+01 7.829755517738762194e+01 9.324086318370125070e+01 1.014571495915771493e+02 1.045853653211505758e+02 8.429455711654405548e+01 7.028416456440864124e+01 6.153434138550307608e+01 5.487867401267167367e+01 6.517336912714397101e+01 3.835335214041423058e+01 3.629807179714648413e+01 5.642674859011742683e+01 5.035149025636906828e+01 6.048085851748841435e+01 7.982902193028097315e+01 8.685598273172564632e+01 7.716751408048259009e+01 9.343986660100232200e+01 8.427841636421688065e+01 1.004924623384012534e+02 1.141845811642222799e+02 1.141476874776471533e+02 9.578789565128761296e+01 8.689561526858128104e+01 6.701524161426345927e+01 6.197937840346683203e+01 5.741735145083745095e+01
