LEM/sinusoidal_perturbations/elevation_000158.asc
nrows	100
cellsize	150.0
xllcorner	0
ncols	100
yllcorner	0
NODATA_value	-9999
[rows 68 to 84 of 100, columns 37 to 73 of 100]
5.854885482230279337e+01 4.270013556416490985e+01 6.314683676015658875e+01 7.630746061340327913e+01 8.391554800644428269e+01 9.218724939067296020e+01 1.037160019847106014e+02 8.918786845241672268e+01 6.864881112026074561e+01 7.768936400675954701e+01 9.883813146169450192e+01 9.920470385341826614e+01 7.795483234305791598e+01 9.921010277503921770e+01 1.066010429199641720e+02 1.149477554975330378e+02 1.170330520101156822e+02 1.111184293004218802e+02 1.013381162422092245e+02 8.151435645082716519e+01 7.177220907931567240e+01 9.142624302957283078e+01 9.762056709371226759e+01 8.704574382418927314e+01 1.070512434641618711e+02 1.236074507906418773e+02 1.249906707365093013e+02 1.333924148541615011e+02 1.337534176113040019e+02 1.255547288860569353e+02 1.233895317155354974e+02 1.223221258618602150e+02 1.066431053732032126e+02 8.684320843972781745e+01 9.823705854051269171e+01 1.181259788920601466e+02 1.141677771583537577e+02
7.150364553728518047e+01 5.296408419529402778e+01 4.773021933084251600e+01 6.822752918182877124e+01 8.033071738956910224e+01 8.794491611825465327e+01 9.624053671279450839e+01 9.788085062039996842e+01 8.056596966900183077e+01 9.788084839274485205e+01 1.082267694556594790e+02 1.083775555510282089e+02 8.901837356077112418e+01 1.084117084270673246e+02 1.224287380094342979e+02 1.123695705692662443e+02 9.698625473511354755e+01 9.113251636468811512e+01 1.053133014156490219e+02 8.940703656772518571e+01 6.974726512103363518e+01 8.940705309428773262e+01 1.056124023593911545e+02 1.070510990039124266e+02 9.854718592626797147e+01 1.101314495201185082e+02 1.303290621314260420e+02 1.344890777303242828e+02 1.246123522742021663e+02 1.057618250495903425e+02 1.035900497066710102e+02 1.042604893120638394e+02 9.428127121585967529e+01 8.425719043317899093e+01 1.038841743496670063e+02 1.201035076714964447e+02 9.998147420563643095e+01
8.164320609582077282e+01 6.743274658429193380e+01 6.822751304660363303e+01 5.307523797906836904e+01 6.000359931673876446e+01 6.779861089583255307e+01 7.948984077124222836e+01 9.949477125113058662e+01 1.018630510188946801e+02 1.103376543890235411e+02 1.138306558730567843e+02 1.174064524360318984e+02 1.127848234441683672e+02 1.226808253921427507e+02 1.140408355591347913e+02 9.398665856276033992e+01 8.413703233148739002e+01 7.724719574813227041e+01 8.952559131835857897e+01 8.741855406099173820e+01 6.774334599060020423e+01 7.754503144773914869e+01 9.143708489786162374e+01 1.114272650222684433e+02 1.186679605303241090e+02 1.270559532902029360e+02 1.387321337215216204e+02 1.263157402999510737e+02 1.065546545596724712e+02 9.652463115083139655e+01 8.952354725881711772e+01 8.466296767590932859e+01 8.083004398797746148e+01 1.000535812451318947e+02 1.090479366210257837e+02 1.180929762634818729e+02 1.058279207710951653e+02
9.585366560734962604e+01 8.262303804863813639e+01 6.234672311906997066e+01 7.355528741863777498e+01 6.292896879025415302e+01 7.756786096332670866e+01 9.624053671279450839e+01 1.077969838774871505e+02 1.108512796729513354e+02 1.028226487097296626e+02 9.989645845089528109e+01 1.079292948968089689e+02 1.122062937274738061e+02 1.297238837637653432e+02 1.224293439502342267e+02 1.123727810359492025e+02 1.040137262767020445e+02 8.952559131835857897e+01 6.985673595900776434e+01 8.277922931301084475e+01 6.579564040735435526e+01 8.548693739345175402e+01 9.699230939571494048e+01 1.024518310458114456e+02 1.087124451147017083e+02 1.170558033749874056e+02 1.260192346773222312e+02 1.344892010448109261e+02 1.246123519638544650e+02 1.164341644466457808e+02 1.093913428741671794e+02 9.765545275767223643e+01 7.859547443533269018e+01 9.412777101735251506e+01 8.921788744107152525e+01 1.100969954324729656e+02 1.013196303340134961e+02
1.006361692566482589e+02 8.973776857601185952e+01 6.961616956345503127e+01 8.973576983854918865e+01 7.239416110327431397e+01 9.198585018683390047e+01 1.064919860228235819e+02 1.139902028004588743e+02 1.034136745997776501e+02 8.669524579372549056e+01 1.008242268416331626e+02 9.345707703886490947e+01 1.158298877186365416e+02 1.275541331418724127e+02 1.261427969769755748e+02 1.056582859125544473e+02 9.146295254884974213e+01 8.057162699565154185e+01 7.152929336037438190e+01 6.307664000896566137e+01 8.201382415031226003e+01 7.252606228532880550e+01 7.739450688176236781e+01 8.276747072829188312e+01 8.891506274486314965e+01 9.769567753176858105e+01 1.117315711044016382e+02 1.318573585225076386e+02 1.260049566664709317e+02 1.170529607098045659e+02 1.087890575502456301e+02 1.021434321268429954e+02 9.451136713814345569e+01 7.583457295992234037e+01 9.451136713814346990e+01 9.915406027609962791e+01 9.102464980362904612e+01
1.088933592509390564e+02 9.804362072751573010e+01 8.128276158146613284e+01 9.804362072751573010e+01 8.523944566148907143e+01 1.021477370278369960e+02 1.139867427154601671e+02 9.452388803237015225e+01 9.723958935566540163e+01 7.958658597208528818e+01 8.214508474585792897e+01 9.716345112477294776e+01 9.761104942164956810e+01 1.130529911848681905e+02 1.229243298310293682e+02 1.155300517713227606e+02 1.056609324863083827e+02 8.710469710386092856e+01 6.791040819663031414e+01 6.136412034120165515e+01 6.578436840452802414e+01 8.572422245727184986e+01 9.699230939571494048e+01 1.024518310458114456e+02 1.087124451147017083e+02 1.170557563369688978e+02 1.259969276908093434e+02 1.318425316813494135e+02 1.119133389741803768e+02 9.771646758792587661e+01 8.885196224248943508e+01 8.261618834123900967e+01 7.810319014124566195e+01 7.388933702876114751e+01 8.988526503657185174e+01 8.897010984170071879e+01 7.225221653572017999e+01
9.235867520566394262e+01 1.006767059490383787e+02 1.012874813403027758e+02 1.096060922547571295e+02 1.079320274873777663e+02 1.153991910911677081e+02 1.119146059586729933e+02 9.238731547271358124e+01 7.830064730835076148e+01 7.256031546051141845e+01 9.020745319338531942e+01 7.856800674331547896e+01 8.532535370801218733e+01 9.500396784667178451e+01 1.147404478113190720e+02 1.072017299992554200e+02 8.761596708823238089e+01 7.813101751874398815e+01 7.949525410485783539e+01 5.983421483759578763e+01 7.920372117312611238e+01 9.362305367683086388e+01 9.237615163684232300e+01 1.008437795600266469e+02 1.102950367784226273e+02 1.275727823037929056e+02 1.250459361607307613e+02 1.284990418164767902e+02 1.260042248919445740e+02 1.170529606315685811e+02 9.848109133814877225e+01 1.021434321268429954e+02 9.692357746592338685e+01 8.161961833221324980e+01 7.129342924604567600e+01 7.016157110705970013e+01 8.897010984170071879e+01
7.240673925463704563e+01 8.390287919618180013e+01 1.039145923339763158e+02 1.140477893099164532e+02 1.058923072303310988e+02 1.009723901317672698e+02 1.003996018726584083e+02 1.007376450037510693e+02 8.131519587445534114e+01 6.753272916891145883e+01 7.072556710674751912e+01 9.021207802417461608e+01 1.048722078289954567e+02 1.130529911848681905e+02 1.229243298310293682e+02 1.155300517713227606e+02 1.056609324863083827e+02 9.594014264526589386e+01 7.795026901490922455e+01 5.833150047401640137e+01 7.795879961681289672e+01 8.232830012752039295e+01 7.187093207179920284e+01 8.016743395163997832e+01 9.368895552853153674e+01 1.173728224899601003e+02 1.068446859951255021e+02 1.092846964482035759e+02 1.284974135767053554e+02 1.267695105656980559e+02 1.184555424905358478e+02 1.189202263859057354e+02 9.991586711223746420e+01 9.757785371600502344e+01 8.752740005236087484e+01 6.866358673433484228e+01 7.798367579419920048e+01
9.235867520566394262e+01 1.006776083460551234e+02 1.122681808402871440e+02 1.060987277332680208e+02 8.676971322122579977e+01 8.518882882005482315e+01 8.098464551214061657e+01 8.972927412135483394e+01 8.314255966018714616e+01 6.362391200576159633e+01 8.314255966018714616e+01 9.361941029425403826e+01 1.017225552883521829e+02 1.115083913228652222e+02 1.068991621944442869e+02 9.855689514883469826e+01 9.855974439373237317e+01 8.778476778279525661e+01 6.812091202538844925e+01 5.685063248547594128e+01 7.432478385464014536e+01 6.242920183538629431e+01 7.646642421067863893e+01 9.645946837337764634e+01 1.102950366197714800e+02 1.128112736621161503e+02 9.387513194765834612e+01 1.128112606822655266e+02 1.118170653010210316e+02 1.200158675527549548e+02 1.146713639595993612e+02 1.049414533136060186e+02 9.680105083723346127e+01 9.047621303435269624e+01 8.488191468675627505e+01 6.748998181264110485e+01 8.640914100408946297e+01
1.072778805752590046e+02 1.172042211084687153e+02 1.159903600027777344e+02 9.649034269070504877e+01 8.276152910655397932e+01 7.318623225062039239e+01 6.740794954255389371e+01 7.168708348889558124e+01 8.018967869889492306e+01 6.066101549750290900e+01 6.715862389020469436e+01 7.406531171679874603e+01 8.382986724452983651e+01 1.034089533439782542e+02 9.855689514883469826e+01 7.886111693935626477e+01 7.886114361743098300e+01 9.286127585066905965e+01 8.465190582920094187e+01 7.432517166451850699e+01 5.478778800597829957e+01 6.251723073086991178e+01 7.211701824360082469e+01 8.546174476806567100e+01 1.055784226962366859e+02 1.063390600934851307e+02 8.728877172491186798e+01 9.805248801151280702e+01 9.235101335531624045e+01 1.118170653016556457e+02 1.064791272148596306e+02 8.715102076712521750e+01 7.784349538346886277e+01 7.164422943024172241e+01 6.582873648633436403e+01 8.333558875713960390e+01 7.660068289566726207e+01
1.113974679829312180e+02 9.744866530922558923e+01 1.113974679829312180e+02 1.102665635389807477e+02 1.005476193986864786e+02 9.248303904256853514e+01 7.999789516547797064e+01 6.058950904667874227e+01 7.397824014365755829e+01 5.803272489220424291e+01 6.927696237995397155e+01 8.885247262710659300e+01 1.017225552883520834e+02 1.115083913228652222e+02 9.855689514883469826e+01 7.886111693935626477e+01 6.513669492863422761e+01 7.631691628177138398e+01 7.916175256746534217e+01 7.096356828120072180e+01 5.340624220786739329e+01 7.266916001661363111e+01 8.978343405402362976e+01 1.000315542816689174e+02 1.121938878314750241e+02 9.477477580950802860e+01 9.411373793325361703e+01 7.907386747171530317e+01 8.981661561230130530e+01 1.092360346852630784e+02 1.146713639595910053e+02 1.049414533136060186e+02 9.679178714215241541e+01 8.381812805186159210e+01 6.468034214278988259e+01 8.284484787540991135e+01 6.868724892124079417e+01
1.032349336367146293e+02 8.336974642009417380e+01 1.032349336367146293e+02 9.594879382361934006e+01 8.930291329494885133e+01 9.750140743686360167e+01 8.477269157978209080e+01 6.725792681924937710e+01 5.448034487027002370e+01 7.397824014414936755e+01 8.566200058957340957e+01 9.698094204336501889e+01 1.029713125790659944e+02 1.110633082123920730e+02 1.063678078370537037e+02 9.288013956690029715e+01 7.631691628177139819e+01 5.687404535994110688e+01 6.903338496323877393e+01 5.145608686258216835e+01 7.058364889494355054e+01 6.717722105970986490e+01 8.700940305793533014e+01 1.055171825891614219e+02 9.734863989317236133e+01 9.386075300068776528e+01 7.788405414925101411e+01 7.485329877351659889e+01 9.869211948423478020e+01 1.174316264088153474e+02 1.110390113269658201e+02 1.019992210017662160e+02 9.336450469475843761e+01 8.471842100610213322e+01 7.444424505778313517e+01 6.306763774030136460e+01 8.739673545844595992e+01
9.572659796859747416e+01 7.579512003793236374e+01 8.633080957771193198e+01 7.602013277551004933e+01 6.933978414605067542e+01 8.600447287111994399e+01 8.359964035724856046e+01 7.185356043844848273e+01 5.235351641654149546e+01 6.611691300508434210e+01 8.570305247438049889e+01 9.917001983757901939e+01 8.192780553209520633e+01 9.917001983757901939e+01 8.655678395575372974e+01 8.655678395575372974e+01 8.034993532052286014e+01 6.243175734324957915e+01 4.948580736586240647e+01 6.902176903286635934e+01 7.895129319016324132e+01 8.689439791309506234e+01 9.543452739426454912e+01 9.734863989318306210e+01 7.789223732518753707e+01 8.359088569976401573e+01 6.918182260743994050e+01 8.615995946627103308e+01 1.020373030978713018e+02 1.170119215620858881e+02 9.655978184429022804e+01 8.235062987528934286e+01 7.352657484086500972e+01 6.727352748607117405e+01 6.155911134082906244e+01 8.116221146035383072e+01 9.148672572466720965e+01
8.757626320346450655e+01 7.343267065791654602e+01 6.632375256832506238e+01 6.186969540527717726e+01 5.785254023343792795e+01 7.254473014651662766e+01 6.339616201681093344e+01 6.978920101964463640e+01 5.024014993204460211e+01 6.405060243011504895e+01 8.364352695711072272e+01 9.082190389614852677e+01 6.935338081763255502e+01 9.082190389614852677e+01 8.655678395449477591e+01 6.700138773839304918e+01 7.418886543634386044e+01 6.775768628533649007e+01 4.812310754854221528e+01 5.691983948682056393e+01 6.664646211919810526e+01 8.040299567822378890e+01 9.959592231940591489e+01 9.236720617785243803e+01 8.359088569985911477e+01 6.424471123991104093e+01 8.359088569981740591e+01 8.844833373798091714e+01 1.079564878622373811e+02 1.154184953881861873e+02 1.110390113269547498e+02 1.019992210017662160e+02 9.343583999316497568e+01 7.889372899296743924e+01 6.052761886301560423e+01 8.012023974004746663e+01 7.301768607264200739e+01
8.757626620886001945e+01 9.338499637732122949e+01 8.633080957766583197e+01 8.185710245653307027e+01 7.254473014651662766e+01 5.270510595827145295e+01 4.918908853103738466e+01 6.493410262571318015e+01 4.813266640779089300e+01 6.776470022729215259e+01 8.179458484800501594e+01 7.317116059647536019e+01 6.187354119654155227e+01 8.157130846730403562e+01 7.345454139831778662e+01 7.417347560066428969e+01 5.477303674081876750e+01 6.461395334709730776e+01 4.676793603075446981e+01 5.816360001471507246e+01 7.775059897147008314e+01 9.385088579770071249e+01 9.236720617785243803e+01 7.287046046672190869e+01 7.644818066689433067e+01 6.114248946816471175e+01 7.480875353978574083e+01 9.427848440579495559e+01 1.097608187877026609e+02 9.587196382292141550e+01 1.002153594700574359e+02 9.206029369356676284e+01 8.582049196881827413e+01 7.765176615161811924e+01 5.950990998129466902e+01 6.473796256742355126e+01 8.423059610790929241e+01
1.074085117994042236e+02 1.057606138502273723e+02 9.690512031396642101e+01 8.868753359178933238e+01 7.637470519505139066e+01 5.605799667957553822e+01 6.130436577308117307e+01 4.514947212689912703e+01 6.491954738779043055e+01 7.573952679844676084e+01 7.317041786972926332e+01 5.216560704020405836e+01 7.299676858013489777e+01 6.899310199380016684e+01 5.361823012216125051e+01 6.238028367845419808e+01 5.774104039062540039e+01 4.485990290307166362e+01 5.874845002350973999e+01 7.421020224977227997e+01 8.606093988549918095e+01 9.198481744008628880e+01 8.048118642458238980e+01 7.266844116815086352e+01 5.709280611745150935e+01 7.644817695658161938e+01 7.695914683813452939e+01 9.664926632510814386e+01 1.015970103697105316e+02 8.228581886554013636e+01 8.936047655182569827e+01 7.259292470138797171e+01 7.624806224850328817e+01 5.811267974776126977e+01 6.364628380795058860e+01 8.261685515794376045e+01 9.239612191147968190e+01
1.116552064301435934e+02 9.167978796029186128e+01 7.775708461147442563e+01 6.941232602124337348e+01 6.364495574435003533e+01 6.766431833905049587e+01 6.336581738065635250e+01 4.343894469130366787e+01 6.093929624767444153e+01 6.399433115775470071e+01 6.008259363571675493e+01 4.670872096462072420e+01 6.677550530342874424e+01 5.648859184160294689e+01 4.197110624932871303e+01 4.247818165485380604e+01 4.298121170760932586e+01 6.281156581772604142e+01 7.147697503334559599e+01 8.513767157851550849e+01 8.065958290980675827e+01 8.346880052023085739e+01 6.548509439611758864e+01 5.334012707896128802e+01 7.266556005637252724e+01 8.450472211693956126e+01 9.659264847704440626e+01 9.706693194418058113e+01 9.064481306410760908e+01 8.938354047272326852e+01 7.010177048912289877e+01 6.319961565709136408e+01 5.675774150171066168e+01 7.624806220816515179e+01 8.261685514601559532e+01 7.241125064928544930e+01 7.947738072280112931e+01
