LEM/sinusoidal_perturbations/elevation_000583.asc
nrows	100
cellsize	150.0
xllcorner	0
ncols	100
yllcorner	0
NODATA_value	-9999
[rows 0 to 16 of 100, columns 0 to 36 of 100]
8.271705653423140972e-03 2.000827170565306901e+01 3.017179069183992723e+01 3.594529320934166350e+01 4.261196023042506198e+01 5.089623041207718757e+01 6.089622983734332706e+01 7.619678768065367080e+01 6.787578391543482326e+01 6.528465517520446326e+01 7.359574468392374058e+01 7.052560506852489652e+01 7.898451602237999225e+01 8.357020476218960425e+01 7.524415135993139359e+01 7.784391259927089379e+01 8.617492039314865337e+01 8.288715866076418592e+01 7.461582144399787353e+01 7.315572619813723065e+01 7.906943739686040828e+01 7.770420929282192901e+01 8.605310040996363341e+01 9.769059965937654511e+01 9.645587450736165636e+01 9.228849887335765345e+01 1.006375659147186354e+02 1.096364089309784049e+02 1.212813979013069883e+02 1.110734573679136332e+02 1.028912428168011388e+02 1.028912428168011388e+02 1.032595516014437607e+02 9.506021357795468418e+01 9.763800902191375997e+01 1.058319159967947627e+02 1.087804198522065633e+02
7.813061968023241044e-03 5.007813061968001023e+00 1.017179085691117812e+01 1.594529354880738659e+01 2.261196021547393542e+01 3.261196021547358015e+01 5.261196024537604643e+01 6.477925514011366204e+01 4.822965883470746462e+01 4.571555675842472510e+01 6.221370562552755246e+01 4.955457503746872305e+01 6.696979292683761287e+01 7.200931822454883502e+01 5.525193177075855289e+01 5.784371605594915167e+01 7.784391259927089379e+01 7.140943942184526350e+01 5.463121015976812345e+01 5.286136393758762608e+01 5.880544502384567096e+01 5.741859031546017178e+01 6.918466461287249558e+01 8.934212375430895747e+01 7.636555804685690418e+01 7.221125213055253766e+01 8.117956869329806580e+01 9.275711686366383901e+01 1.129125663853122035e+02 1.028912428168011388e+02 8.296834941991905055e+01 8.296834941991905055e+01 9.174865019414843914e+01 7.506371667408542692e+01 7.766538439150217243e+01 9.763800902191375997e+01 9.884262374792736239e+01
2.526786264046545528e-03 2.000252678626369018e+01 3.017179069183992723e+01 3.594529320934166350e+01 4.261195762908803175e+01 5.089623041207718757e+01 6.089622983734332706e+01 5.653308831154384251e+01 3.731909346943840688e+01 3.487576926332938143e+01 5.356869108219913755e+01 3.760781031934051555e+01 5.768471876104347729e+01 6.370163799842431729e+01 4.370445565723317571e+01 6.370163799842431729e+01 7.724790074122228134e+01 6.286127608748415696e+01 4.332165185368286586e+01 3.881883681949722131e+01 4.566480130704576368e+01 6.599230171556317259e+01 7.147145738516367430e+01 7.553433038186310000e+01 6.210324014167917994e+01 6.976351289991835358e+01 8.394689430400391927e+01 1.040566463367738947e+02 1.113920932168910412e+02 1.011694357008352796e+02 8.121499243071242802e+01 6.872598253922730294e+01 8.351523070765624368e+01 6.336079601884596002e+01 7.714183885068143809e+01 9.713964371842165235e+01 9.063950633554414082e+01
4.163169627051843593e-04 1.154742170075532215e+01 2.568955732448652540e+01 4.568955732448723239e+01 4.595994343178833930e+01 3.767632221893688182e+01 4.595990881459571398e+01 4.819762015997329030e+01 4.061111131054286005e+01 2.647903596091062184e+01 3.890805262323179647e+01 2.870471868639202384e+01 4.911138656007157977e+01 4.982079954452871107e+01 3.765488393640396225e+01 5.767226066296507980e+01 6.065451028184187976e+01 4.867327306801403353e+01 3.485241513125771462e+01 5.459247840639167748e+01 4.357837266882746263e+01 4.717852673760712179e+01 5.104757848504601725e+01 5.521996539836579387e+01 6.703098143621873817e+01 8.715012105885689664e+01 8.394689430400391927e+01 1.040566463367738947e+02 1.032092424784621301e+02 8.328738094282498139e+01 8.121499243071242802e+01 6.099831939984940021e+01 7.259457408569811321e+01 5.684003116102685738e+01 7.714183885068143809e+01 9.119302527116111889e+01 8.396035286903504868e+01
5.883922493566802643e-03 1.414801954622464208e+01 3.414801954622534907e+01 4.506351750540058276e+01 3.488654241584615789e+01 1.767856405119474061e+01 2.906293024492877564e+01 3.045507925778583669e+01 2.292990183420943850e+01 3.331374289991079962e+01 1.883866580241739896e+01 3.890805262323179647e+01 4.982079954452871107e+01 2.976787608152164921e+01 4.274129591869586164e+01 4.459862327731121212e+01 4.060845189995345805e+01 4.854479971834630447e+01 3.222068449952969615e+01 5.192997398889959726e+01 6.388113580885250542e+01 6.761170707251991985e+01 7.147145738516367430e+01 7.553433038186310000e+01 8.387357808874968157e+01 9.549325096769761956e+01 1.040566463367738947e+02 1.124184880437779412e+02 1.010427050890028937e+02 8.110286740784746939e+01 6.684125542122218633e+01 5.909307519456992708e+01 5.216347998100344796e+01 5.126045829419633293e+01 6.272281288853581316e+01 8.294889080254614555e+01 7.814549960982924404e+01
1.256007409845548732e-03 2.000125600740949139e+01 3.671759064176794141e+01 3.344432013375730151e+01 1.887549243572901858e+01 7.678241792806916877e+00 9.051845470840127916e+00 1.045903583321001307e+01 1.187678820395195167e+01 1.331268563266131899e+01 1.475980620220492590e+01 3.481471469365062887e+01 3.865247952869630410e+01 3.983807914887677981e+01 2.265086061845429910e+01 2.450859309596688718e+01 2.639446715329149029e+01 2.848590485084674384e+01 3.194528630483391751e+01 5.198523759188432081e+01 6.078174769880698136e+01 6.549196731159752005e+01 7.048574086661875526e+01 7.714416279668455445e+01 8.470137885461866745e+01 9.304063535041613875e+01 1.046422390221358398e+02 1.095788342842910907e+02 9.810124751931178366e+01 8.989238986572604517e+01 8.694311064889882346e+01 7.934532353126220983e+01 6.643436743099680086e+01 4.582414787192009697e+01 6.643436742047728671e+01 8.333717678378809524e+01 7.291050012325352725e+01
9.594114293757748102e-03 2.000959411429340307e+01 1.671800021311574014e+01 2.387345884375773153e+01 5.762590312791977532e+00 2.563117674420037773e+01 1.612238235716544565e+01 3.045554318101977742e+01 3.187830579279125942e+01 3.332699453037763249e+01 3.065381595548246452e+01 1.696861500958384639e+01 1.858076597108733807e+01 2.020977164610956578e+01 4.029415382205308305e+01 4.459862327731121212e+01 4.647978963111150819e+01 3.329385602755034057e+01 5.183556695900499278e+01 3.705599516979303587e+01 4.078471144251025748e+01 4.550819859082064767e+01 5.051064738714877222e+01 5.716889700648707162e+01 6.470686456134113484e+01 7.622422982842257966e+01 9.628137977606897380e+01 1.014049605056577406e+02 8.146460323157035077e+01 6.980200360325156339e+01 7.829319994896285095e+01 7.767075356843827194e+01 5.733518963803944501e+01 4.259729834909575175e+01 5.467518213606418698e+01 7.506122676580640984e+01 6.795794428006826138e+01
7.711341127313004785e-03 1.290711939322411794e+00 2.576360632296714748e+00 3.872768078313379103e+00 2.387345882821682608e+01 3.401534212797031387e+01 3.600839287386315135e+01 2.762284413412444550e+01 4.715801484638698327e+01 4.767610329180955375e+01 2.764400840980571772e+01 3.116136500383563046e+01 3.865247952869630410e+01 2.577890962739190073e+01 4.544938771685851009e+01 6.215638395836484165e+01 4.262656524503142919e+01 5.294975387373671794e+01 4.468212538575834003e+01 5.706839128893942359e+01 5.492656817553842785e+01 5.148011235176719680e+01 7.048574084470835999e+01 6.462643893028348430e+01 8.463134706735824864e+01 9.304063535041613875e+01 1.016954108185959882e+02 9.355342674851706875e+01 9.121150956323590719e+01 7.829319994896285095e+01 5.798837554163380048e+01 6.872141392947970928e+01 6.033504588318828610e+01 3.957420995049519519e+01 5.435768596066328229e+01 7.476567296370376425e+01 6.324035357767315446e+01
2.297228869525369630e-04 2.000022972288659773e+01 2.257574463207468440e+01 1.659049810728401653e+01 1.331032986056625234e+01 2.777052803305837969e+01 4.911634404326761683e+01 4.151684787552008515e+01 4.697986150296078733e+01 5.599354393534676433e+01 3.760422999021540136e+01 5.121539622201721187e+01 4.544938771685851009e+01 3.969767130899857932e+01 3.634328138868510649e+01 5.590560071176515322e+01 4.998475443767355841e+01 6.960924468783908026e+01 5.438241804550973058e+01 7.256481091407816564e+01 7.491740151401138803e+01 6.146477451072777853e+01 7.146310667991542687e+01 8.463134706735824864e+01 9.296941418983955430e+01 1.044467130940078903e+02 9.305337146187686415e+01 7.370498592995730291e+01 7.126771312809324854e+01 7.127579521702708121e+01 6.872141392947970928e+01 4.818017865061232641e+01 4.210338982619892789e+01 3.667406816363283184e+01 5.748332638336599842e+01 6.572272566751125566e+01 5.733225152831439431e+01
9.647730019007896146e-03 2.000964773001865282e+01 3.711537906388825547e+01 3.451101250109869056e+01 2.747012036040015204e+01 2.751610182318863096e+01 4.767651773156749329e+01 6.069414444084492288e+01 6.557606485334575552e+01 6.613369159023146437e+01 5.795033539020994340e+01 6.660490927982695553e+01 6.521441783616815258e+01 5.933525947563773428e+01 4.603727087206442548e+01 6.422646590895863028e+01 5.965195047678880513e+01 7.801302459142672774e+01 6.820221830508032212e+01 8.250909166076695556e+01 8.979399209509892898e+01 8.146143881443005341e+01 8.979399209509892898e+01 9.985227840526172827e+01 9.828204003509551967e+01 9.631377852604656198e+01 7.653883963007837110e+01 6.492269327722637229e+01 5.716619323711088185e+01 5.089147388622566837e+01 6.383249347548459696e+01 5.933645190395026958e+01 5.467304701721162274e+01 3.383793773578234010e+01 5.249074049468415382e+01 5.446004453848190963e+01 3.652113473693427892e+01
3.582433992925927561e-03 8.986169847854881709e+00 2.324229661634463895e+01 4.325854896426611873e+01 4.757051427424692491e+01 4.767651773156749329e+01 5.601579438942635392e+01 5.519376421094825957e+01 5.862373590693225367e+01 6.011108857681475826e+01 6.839535596703295539e+01 7.202906722179957910e+01 7.788693122301155825e+01 7.417446700275085902e+01 6.577393055146590939e+01 7.417446700275151272e+01 7.365091315631319446e+01 8.805502947427721949e+01 8.835445162537624242e+01 8.708154679579428148e+01 7.895314875464083570e+01 8.708154638079403753e+01 9.612623662760523757e+01 9.261114101563202894e+01 7.874552614757310209e+01 9.261114101563202894e+01 9.305337146187686415e+01 8.489671223125090194e+01 6.813097790883146843e+01 5.367773278146176352e+01 4.322891754231381611e+01 3.862866162969180550e+01 5.217419309683786111e+01 3.133291803216955174e+01 3.163906086596577438e+01 3.361895929947401385e+01 5.446004453847972115e+01
1.813270376062421294e-03 2.000181327037570611e+01 3.737968799576955803e+01 4.240630542548112203e+01 4.505536715323763985e+01 4.777702242001127075e+01 4.933589813627563814e+01 3.519376424410924642e+01 3.862373594696044421e+01 4.011108861165709527e+01 5.303621916389702307e+01 5.202906730733422336e+01 5.788693165855077183e+01 7.058382518803998096e+01 7.886809099830882985e+01 8.886808799520194668e+01 9.399402276564782710e+01 8.861140498098617968e+01 8.047065885002055552e+01 7.725845425201858063e+01 5.929764656730640837e+01 6.838344996637515294e+01 8.225483663923147049e+01 8.384601219968055830e+01 6.489336997245077043e+01 8.384601219968055830e+01 9.693467531004218074e+01 9.631763098449525273e+01 8.222430444666329663e+01 6.892548872367376589e+01 4.846794246877428947e+01 3.907816533878938259e+01 3.242393576464619542e+01 2.886696709633837798e+01 4.972886447411935507e+01 4.575251480438166851e+01 6.286401761914826380e+01
2.372884694381488524e-03 1.414450850780741753e+01 3.414450688996560501e+01 2.240630245919281194e+01 2.505536717219084863e+01 2.777702244195027959e+01 3.646331393548154409e+01 2.105162862037523297e+01 2.448160032322546797e+01 2.856408322786417031e+01 3.303621918286390269e+01 3.788693168359073127e+01 4.391715857514621746e+01 5.058382524181311624e+01 6.058382524181346440e+01 8.058382513426657567e+01 8.861140498098617968e+01 7.725780333379515241e+01 6.080087420254558594e+01 6.912539765752839571e+01 4.922264074864992267e+01 5.432798409943973894e+01 7.412117695049732902e+01 7.571375953921423729e+01 5.600351957842556061e+01 6.914367955228472340e+01 7.783158729831198741e+01 8.597672633136565423e+01 8.531738888769245932e+01 6.524149322883619107e+01 5.605424110809205729e+01 5.977424960278291621e+01 4.820885030714183728e+01 2.734287498758361323e+01 4.820885030714183728e+01 6.635078792746847398e+01 7.465971409239735124e+01
8.175220331382775790e-03 2.000817522033102591e+01 2.461268311877337922e+01 8.264166834328459998e+00 1.091323154845857069e+01 1.363488681821768012e+01 1.646331394296391792e+01 3.646331393548145172e+01 4.448160031150558069e+01 3.602860570701839293e+01 5.303621916389702307e+01 5.788693165855077183e+01 6.391715853929743218e+01 7.058382518803998096e+01 7.886809099831026515e+01 8.886808799520214563e+01 8.047065885002055552e+01 6.080087420254558594e+01 4.918000439196712392e+01 5.971713074023062262e+01 4.141291119217035543e+01 5.581185911322172899e+01 7.558358306236685564e+01 6.914367955228472340e+01 4.923838576678819123e+01 6.387733667171553265e+01 5.809729680942601959e+01 7.783158729831198741e+01 9.351934631921410812e+01 8.457710375359796728e+01 7.633917540674360680e+01 6.580981906877785548e+01 4.681778367968372834e+01 2.595459732686868648e+01 4.681778421160387182e+01 5.581055441711847465e+01 7.612596516399405289e+01
9.124702163186202558e-03 2.303282040868808611e+00 4.612683117627321749e+00 1.038618580952362969e+01 3.038618571990003403e+01 3.363488681179351403e+01 3.646331393548157962e+01 2.646331394296409556e+01 4.646331392799943671e+01 5.602860567928824764e+01 5.017074133077002784e+01 7.017074123602289148e+01 7.449411409242055981e+01 6.617635433561493130e+01 7.449410676974952139e+01 8.424483102324509787e+01 7.608314880352014598e+01 7.725380833566968874e+01 5.971713048366837739e+01 3.949344629677342766e+01 3.606693520071797820e+01 5.638983956882068327e+01 7.381000681800038876e+01 6.362294436791681562e+01 4.350716028522945322e+01 4.377058418793382799e+01 6.387733667171553265e+01 7.250760338257583726e+01 8.070242470014005676e+01 8.045347628026900111e+01 7.214605611028338217e+01 5.741445717253588299e+01 3.666730725392331181e+01 2.458508153387952788e+01 3.504814322144014227e+01 5.581890361368026987e+01 5.864159225044539170e+01
2.239863785106879172e-03 2.000223986378475161e+01 2.461268254767291097e+01 3.038618558186439955e+01 1.981427622534409849e+01 2.737356568552851144e+01 4.737356541295505963e+01 4.646331392799943671e+01 3.911242458364003483e+01 5.911242454291822668e+01 7.017074123602289148e+01 7.845500591756866982e+01 6.484180241346966511e+01 4.719326894420668594e+01 6.484177125595732605e+01 7.284356138701070904e+01 5.631269906707822059e+01 7.284356267630533921e+01 6.564615871225846888e+01 4.558504788724283685e+01 3.116191143684659792e+01 4.558504788707544719e+01 5.759010846656567395e+01 6.579609428671217586e+01 5.627769856525598868e+01 3.594735303498359968e+01 5.627769856525598868e+01 5.258566056164929847e+01 7.250760338257583726e+01 7.214605611055299050e+01 5.167929238944105919e+01 5.767386838726475418e+01 4.407880623862648406e+01 2.325285144369797408e+01 4.407880595930341627e+01 5.152244278188418036e+01 3.788724127236673667e+01
1.766589122093755728e-03 2.000176658912173977e+01 3.299644453139435996e+01 4.128071900677569062e+01 3.981427605579376916e+01 4.737356541295505963e+01 4.151570130884971377e+01 6.151570037962483184e+01 5.325456020741419394e+01 6.739669177124285682e+01 7.250713501636489866e+01 6.855284644365802649e+01 5.668481161100324783e+01 3.891065726865181063e+01 5.668481161100324783e+01 6.466880369150969443e+01 4.501125904663728505e+01 6.466880369150969443e+01 6.220569061857873550e+01 4.208692337044070086e+01 2.777593940978988485e+01 4.334453603758716866e+01 3.744382693757606262e+01 5.759010849282812217e+01 5.221162945920148957e+01 3.190345667432908527e+01 3.819790479324581156e+01 5.258566056164929847e+01 7.250760338257583726e+01 7.017174347579003779e+01 5.767386869420426621e+01 3.694611554347815741e+01 4.273169312101339301e+01 2.194423873561638061e+01 2.623256336721327742e+01 3.068001282994957180e+01 5.152244290624691558e+01
