LEM/sinusoidal_perturbations/elevation_000545.asc
nrows	100
cellsize	150.0
xllcorner	0
ncols	100
yllcorner	0
NODATA_value	-9999
[rows 68 to 84 of 100, columns 0 to 36 of 100]
5.009162696260268353e-03 2.000500916269590590e+01 9.883925233459548210e+00 1.655061332822078413e+01 2.362182822992188136e+01 3.362311047345026793e+01 5.363134939828657366e+01 6.138754917676380529e+01 4.059686363906922679e+01 3.049061909462410824e+01 4.507515704563540027e+01 3.368778218251842560e+01 5.428773683120120808e+01 7.395990534732966637e+01 6.858740459225933250e+01 4.637256227690774324e+01 2.953690005045301703e+01 1.909940590913608816e+01 1.895231117142662569e+01 9.695136136889681566e+00 2.595126229654191974e+01 4.589209689378465384e+01 5.212632053462630211e+01 4.646223515182238373e+01 5.372110543014750306e+01 6.235044259478353723e+01 7.239298291015632003e+01 6.409797854464642342e+01 4.580487989388745262e+01 5.140834752688262910e+01 5.363868971044788481e+01 4.176689852827317395e+01 2.301979113573446512e+01 1.838999775071145848e+01 3.898820468958567886e+01 5.424628687202836375e+01 5.802573536036145185e+01
4.695337527364121070e-03 3.853697132577353024e+00 1.540088698527231337e+01 3.540447586949187553e+01 4.362721259496593262e+01 5.191493993802279050e+01 6.191946369470814915e+01 6.993169771159089976e+01 5.956027719216182703e+01 4.507515703323441869e+01 2.474345558034066528e+01 4.034880194826362043e+01 4.888109726964027146e+01 5.805231632250975338e+01 7.000515403402489767e+01 6.157169378995477160e+01 5.048061128198290248e+01 3.609031872437018507e+01 9.428319234538754756e+00 9.324164438776891828e+00 3.125556281501143374e+01 3.962637842931966503e+01 3.931258786493351920e+01 2.856042730125547990e+01 3.481026856692003690e+01 4.382304472713222054e+01 6.425859524554614666e+01 7.220049483815873259e+01 6.454896712939370218e+01 5.384724373363290084e+01 3.677325633423160411e+01 3.110573939936583798e+01 3.798533795032047777e+01 2.800585527159283572e+01 1.905573001526067856e+01 5.002532988359392618e+01 6.644197592145428644e+01
7.614146464036155443e-03 1.977229011824454474e+01 3.192511667842079959e+01 4.369135546232910627e+01 5.211741403719478427e+01 6.089143546672310237e+01 5.974037876179922080e+01 5.109038947703004396e+01 5.498259293964579086e+01 4.460426917051604079e+01 3.608611924665361670e+01 2.011598305726667135e+01 2.903784868408621378e+01 4.072680705910568832e+01 6.147904050030476242e+01 6.841095071296821573e+01 4.702825805003456594e+01 4.150529116893549286e+01 8.887025592449724343e+00 1.271240923872858630e+01 2.813852798659716115e+01 2.931918455055503259e+01 2.253054121428142409e+01 3.959851209465980304e+01 4.083526798774082778e+01 6.004693559437610872e+01 7.314306395615524536e+01 6.879171243241358980e+01 5.210660018743232058e+01 4.566983994353517318e+01 5.291822464148459204e+01 4.550131488109819600e+01 3.840623538936829107e+01 1.970476274385343984e+01 3.649424828150058886e+01 4.867192246662452249e+01 4.509329834535427750e+01
2.352828262072654761e-03 1.412757674850219303e+01 3.389086827807754787e+01 3.749377295747381567e+01 3.143646029099549111e+01 5.211741410034599653e+01 4.774342334119295828e+01 3.035389916503395824e+01 4.050732585657572571e+01 2.603207529508721052e+01 1.589278117905227283e+01 3.543476690713524135e+01 4.236764158300788097e+01 4.743331975267133771e+01 4.878757899691437672e+01 5.673596042401482720e+01 4.709123002959106685e+01 2.398676166200622006e+01 1.855853187719569064e+01 8.401630166230932062e+00 2.393108521008856826e+01 1.705814892008165273e+01 2.735842122175849767e+01 4.648359262844033424e+01 6.004693559437610872e+01 6.839406066137705409e+01 8.241293485138395170e+01 6.517722740429586281e+01 6.892802044668633243e+01 6.082845370299735066e+01 4.825190492394074937e+01 3.218565995997749241e+01 2.030009886919449613e+01 2.071543280739867754e+01 2.055248197485148509e+01 2.845906300103324327e+01 3.487746278995921045e+01
6.786455232800275850e-03 2.000676484471188843e+01 2.779877602863901132e+01 1.713162413965508435e+01 3.158619677689430461e+01 5.285738319616280023e+01 3.911816987807818435e+01 1.869411811329297990e+01 2.812449084596839199e+01 1.182283985592905928e+01 3.200780982144367215e+01 3.058092375763537873e+01 2.404995470439811456e+01 2.952791803240923940e+01 3.088072397220535592e+01 4.878588258381386566e+01 5.578577024059739387e+01 4.553157141835932720e+01 3.196382129606444522e+01 8.062032079857202049e+00 1.949082952470845953e+01 1.321439649927548210e+01 3.561594051500610902e+01 5.613250423768003827e+01 5.893625558657926433e+01 6.773019337900004189e+01 8.584677010584074708e+01 8.241293485138395170e+01 7.179092730220303054e+01 5.417762398832717707e+01 3.355884450404920472e+01 4.043335124943571657e+01 2.073476969100504164e+01 3.919934089915712150e+01 3.551730222909067436e+01 4.747963929190387233e+01 5.607754909004098920e+01
3.257643153035955173e-03 2.261687831226914636e+00 7.579903380709823502e+00 2.778257369613435301e+01 4.480065482935270182e+01 5.000871815198451742e+01 4.603193454874528356e+01 2.801652352268977353e+01 7.932098441174157522e+00 2.467332738171796080e+01 2.404097153059442604e+01 5.685376911665295907e+00 1.205527997411547858e+01 1.928112111570535347e+01 3.303085519047184704e+01 4.690184818537034062e+01 4.298932528981671908e+01 4.494762104730789787e+01 2.683474651415280121e+01 2.723733460030727471e+01 7.589335635665238833e+00 2.795190614346385516e+01 4.023699459192276606e+01 4.500765154763872999e+01 3.761400740475603754e+01 5.368854410834102708e+01 7.328025755126114404e+01 7.758384985667451872e+01 5.804272092553429729e+01 4.334886326280074798e+01 5.011496977301306543e+01 2.629105752655825867e+01 2.922587638459316040e+01 2.139685153505940463e+01 4.447122354490481655e+01 4.695963861410449169e+01 6.543282767568393865e+01
1.880098487986705483e-03 3.169286287590749596e-01 1.653690618462517037e+01 2.797089291908750752e+01 4.115926206314929914e+01 2.951471193695316231e+01 4.189790781487400295e+01 3.356979979835210770e+01 2.457520240106583387e+01 3.896350458557778396e+00 3.936481284450241702e+00 4.256038366284373708e+00 1.877419246764834071e+01 2.182529345204461890e+01 2.784163784971232758e+01 2.375667864855473610e+01 2.073639500178140338e+01 2.687186614821187192e+01 2.685664110185604514e+01 7.125336009124803027e+00 7.644935671783934517e+00 2.841867760792385411e+01 1.967916916685837592e+01 2.432995281519129094e+01 3.359080688951264193e+01 4.389285231017578326e+01 6.462250717785403253e+01 7.758384985667204603e+01 5.804272092553429729e+01 6.333579019050373660e+01 5.172828883463243699e+01 3.418508329021131686e+01 4.024512554899339989e+01 2.656964098744682445e+01 2.205885237337857063e+01 5.497509312141421844e+01 6.454773689025245176e+01
2.900726248362994839e-03 1.994675486635679817e+01 7.625838851875775815e-01 2.070576149641065200e+01 2.870198542377899642e+01 1.491258411050304922e+01 3.196269426718435724e+01 3.056562598798683439e+01 2.197784426894304488e+01 3.496601007101365344e+00 2.336894237580985845e+01 2.427672756280654554e+01 4.719981947525496047e+00 5.044865468192957891e+00 5.366160370634252885e+00 5.686489943917420575e+00 6.006781043059160830e+00 6.327474966176426463e+00 6.652903270237805700e+00 1.217532804046351380e+01 2.826062797190552445e+01 1.336839397102972349e+01 2.905489171165603679e+01 4.501517322701248247e+01 3.538974164408178780e+01 5.606835929681670905e+01 7.328025755126114404e+01 8.553913367211779928e+01 7.758384985666944544e+01 7.253195150760278409e+01 5.262991808952497053e+01 5.171682176216814497e+01 4.290988147570833178e+01 2.890274380894243578e+01 2.252421000008503782e+01 5.269239408573341166e+01 5.135210182067871898e+01
5.081304048347549951e-03 1.999895533732986408e+01 2.031403855242768230e+01 1.208454371038533148e+00 2.073975727638210387e+01 8.041290985784364409e+00 2.203323003387426837e+01 2.246780991508326508e+01 3.045245931939906114e+00 2.292785909708747027e+01 1.862984327294959286e+01 2.831108515134985737e+01 8.238968626516383509e+00 9.329130482630390020e+00 1.605973162164074708e+01 2.378581356954645898e+01 2.472544165192071830e+01 2.589912510825573122e+01 7.550255521771354061e+00 2.760430816025011680e+01 2.007802648025906578e+01 3.395326831507978227e+01 4.262458540674288088e+01 5.987202853401825564e+01 5.606835929681670905e+01 4.997582400443470618e+01 7.077704062892220804e+01 8.045449661819233711e+01 7.059086130605811604e+01 6.239913352514327016e+01 5.554329666672379062e+01 5.009589586918093573e+01 4.295056799520730095e+01 2.319942734658214079e+01 2.850940594189205157e+01 2.701361623682190327e+01 3.032100033294913999e+01
4.469920835086939326e-03 1.996774160133831089e+01 2.349689033854160414e+01 2.378174355204775825e+00 1.653226291682592164e+00 1.966558055964178209e+00 2.279755010999021003e+00 2.594785852781929858e+00 1.182132658639058143e+01 2.434144089251499210e+01 3.263993106300100067e+01 1.538658152678785562e+01 2.999096620940727220e+01 2.074444806220435567e+01 2.412081851128834131e+01 2.984522173810634982e+01 2.877410646612201717e+01 9.258148302599606083e+00 2.739873243081034104e+01 3.669903702751354757e+01 3.931229192949739115e+01 2.834605007783758523e+01 3.677694397134491311e+01 4.748993066405298435e+01 6.588652539717004686e+01 7.077704062892220804e+01 7.943440889556410411e+01 7.224234348149087737e+01 5.255592356977978596e+01 4.303606911918918598e+01 3.668851948092934379e+01 3.137264741002908863e+01 2.388256562719372411e+01 2.368892089661375877e+01 4.137075677231454307e+01 3.267512738520451165e+01 4.789118627180274501e+01
2.324776005098761877e-03 1.961937509049364081e+01 3.207966353774934021e+01 2.410564519494750613e+01 1.667589603788052344e+01 1.634216656939825896e+01 2.242985422752830615e+01 3.538715973984499108e+00 2.418690434019263691e+01 2.564839788374485252e+01 4.230765221016476829e+01 3.745829431769090689e+01 2.635954860232643071e+01 4.199728242704350123e+01 4.197381117642360238e+01 4.062132703417868385e+01 3.076700783801022965e+01 1.074034169770948743e+01 2.502560145479882081e+01 4.464174560369865929e+01 5.507343954740549208e+01 3.929783089435354526e+01 5.485313136355674857e+01 6.288349750483754264e+01 7.350348768926430409e+01 8.710167749330513232e+01 7.900162666064868233e+01 8.045449646672481947e+01 7.059086112936103063e+01 5.555325644972073462e+01 5.088696350422608816e+01 3.210541647247303132e+01 4.509013213438742440e+01 4.278160979572091094e+01 2.439557235415325920e+01 3.126962535944375077e+01 4.989195463917410933e+01
8.699724428260374037e-03 1.415083534815933497e+01 3.415083534816003663e+01 4.332254726109342613e+01 3.959429663988601789e+01 3.622741690798655156e+01 3.152159068194396596e+01 1.049105744265909657e+01 3.152158316719889086e+01 4.361686712948907996e+01 5.226875007000514728e+01 3.940613232625172202e+01 4.738573920909234971e+01 5.525182429153544916e+01 4.944509452780415870e+01 3.599498662671818749e+01 1.619751100807217625e+01 1.245641596917440275e+01 3.236323390853179660e+01 4.290148879680636895e+01 5.324662141696517637e+01 5.820588212948281637e+01 6.595699959437843063e+01 6.536222927533941629e+01 7.333733744133279231e+01 7.123994708582294777e+01 5.981161173250918495e+01 7.596055500897544732e+01 8.337535984247804777e+01 6.901755383734094096e+01 4.948823507109555209e+01 3.637343218379305654e+01 5.520500084187634116e+01 5.155648935401806909e+01 4.354427092209717642e+01 2.511328668333027991e+01 4.418239356523822181e+01
2.249585233037712084e-03 2.000224958523268270e+01 2.605285003298466862e+01 2.335899074726293989e+01 3.224123925665966084e+01 4.081824163106176684e+01 4.094330239478882305e+01 3.172643966863164167e+01 2.559859834479665608e+01 4.821399029535150049e+01 5.937404334319666788e+01 5.322077564948892103e+01 6.610114354409299153e+01 5.530899650831126024e+01 4.144557769898666066e+01 2.179318655935240656e+01 1.823772024000523473e+01 3.236323390853179660e+01 1.507982645416608314e+01 3.484336552242180574e+01 3.378085772410461374e+01 5.324662141696517637e+01 6.224079857729934417e+01 4.615647931350000732e+01 6.224079857730286136e+01 5.204979497562983681e+01 4.874289359027385160e+01 6.229182260668227400e+01 8.151536008753525664e+01 7.410151250814438129e+01 5.441142524378464174e+01 4.092871368143678268e+01 6.017851828022971006e+01 5.254621015977721754e+01 3.616365998433228413e+01 2.562329426045768699e+01 4.461790982130510486e+01
2.739267172789772273e-04 3.015387334345790649e+00 6.065358118234239981e+00 9.227630043332410992e+00 1.260820724491822098e+01 3.257438401136404593e+01 4.169569407912683090e+01 4.995408887099281969e+01 5.064513114160794771e+01 6.133285999328209215e+01 7.511722346461165500e+01 7.157282463754620494e+01 6.094478482253413887e+01 4.169604823562178098e+01 2.780460105057011688e+01 4.144557769898666066e+01 2.231548557111522868e+01 4.193443076434363803e+01 3.484336552242180574e+01 1.767255323016425450e+01 3.735289191659744290e+01 4.203612866941865178e+01 4.417623444494939378e+01 3.485518557342657431e+01 5.082837268480449922e+01 3.832603413624554634e+01 4.706637570667295023e+01 5.814693198165290511e+01 7.731744730066706950e+01 7.068389747220786035e+01 5.103013264706076768e+01 5.186746129064515998e+01 6.836419855948543045e+01 5.814602594685082693e+01 3.919040704685026810e+01 4.463269906555276378e+01 2.634134994200093161e+01
8.327778614586212741e-03 2.000832777861423040e+01 2.605285003298466862e+01 2.335899107053708335e+01 3.257440734076965327e+01 1.777140155285238521e+01 2.176971297345545153e+01 3.571990588153131796e+01 5.502396836458359530e+01 6.535384619283846064e+01 7.712930279872250594e+01 6.503112492492184060e+01 4.588527546224410969e+01 3.460850521160605808e+01 4.733387274755962437e+01 4.995986899904843170e+01 4.193443076434363803e+01 2.858215420715694677e+01 4.537490703424396798e+01 3.731649899185759267e+01 2.029047488260486887e+01 2.240975220445298177e+01 2.456183941634737522e+01 2.675745657846897885e+01 3.131514686592824503e+01 5.083117290327178495e+01 6.567324598113009415e+01 7.427846390863862780e+01 8.540757469214187836e+01 7.889681455244235053e+01 6.079006617721839234e+01 7.153163326297824653e+01 7.974526418498224700e+01 6.674530852825171223e+01 5.857417743040339531e+01 5.238684408403049986e+01 3.816596828995002255e+01
6.510866554257996840e-03 2.000651086655390287e+01 3.923833667323223295e+01 4.332269619858431042e+01 3.771718454436239654e+01 3.188082716718857412e+01 4.169569463808741716e+01 2.824779970843067645e+01 3.715475579693903541e+01 4.865971551036951581e+01 6.894300440298364663e+01 7.301024780308996753e+01 5.931133001710573893e+01 4.007927616973164930e+01 5.931133001710573893e+01 6.386573366042394895e+01 4.456891926179056185e+01 3.353341031767249802e+01 5.296559686953919766e+01 4.363612938778803851e+01 2.402527722103945607e+01 4.203612866941865178e+01 4.417623444494939378e+01 4.635375545701015199e+01 3.057948570997270821e+01 5.011297717876129809e+01 6.199929091149454763e+01 7.061580544537899584e+01 8.172859946374099138e+01 8.879972406967976895e+01 8.057772876719712940e+01 8.879972406967976895e+01 8.663884057359375390e+01 7.514856132455994953e+01 6.374564893660838294e+01 5.055398940384270645e+01 3.154300769010082917e+01
8.953482861371391335e-03 1.154288154495747953e+01 3.099618109659173015e+01 4.151183908172507131e+01 5.765074490134600893e+01 5.180739767919184402e+01 5.643418142500362222e+01 3.974191310880041073e+01 3.763501569682291858e+01 4.912047876182526807e+01 6.912452220565509720e+01 7.489573005699088526e+01 5.580881603442663419e+01 4.744045060513129641e+01 6.652437569230406211e+01 7.189522885731530266e+01 5.813260673635554809e+01 3.881282797581834387e+01 5.813260673635554809e+01 5.014300607052820880e+01 3.062965284103205121e+01 3.082093589701959857e+01 5.033016556437186040e+01 5.811894435232673573e+01 5.011297717972981758e+01 3.456099856794400438e+01 4.336799492152722024e+01 5.450792450210120421e+01 7.366162226187536533e+01 8.306688673123325373e+01 9.274061345226984088e+01 8.663884057359375390e+01 6.623082391444103223e+01 6.664991266922254454e+01 4.742593883423881351e+01 3.619660249918672434e+01 5.055398940384270645e+01
