LEM/sinusoidal_perturbations/elevation_000228.asc
nrows	100
cellsize	150.0
xllcorner	0
ncols	100
yllcorner	0
NODATA_value	-9999
[rows 17 to 33 of 100, columns 0 to 36 of 100]
5.222468517465790779e-03 2.000522246851711117e+01 8.825694362981852947e+00 2.883034063642669054e+01 4.315366595059455790e+01 5.470923736381225666e+01 6.449375250767224088e+01 5.610301076805151865e+01 4.543035461543428966e+01 2.657878960984674421e+01 4.439057409082253969e+01 3.711729923422441857e+01 3.201251060883462429e+01 1.674241052486434711e+01 3.489226210588597610e+01 4.413529539408870761e+01 4.748394701686411423e+01 3.377285649117222732e+01 3.099580533689247375e+01 5.258371510598600906e+01 5.445166409701342758e+01 4.555028572098669315e+01 3.847863873598513607e+01 1.833657233874424364e+01 1.275911367076026437e+01 3.081549591670291122e+01 4.064954460503910383e+01 4.860718323060105917e+01 4.008847677990546998e+01 2.969582408051093125e+01 5.191963489313710056e+01 4.262408349964179166e+01 1.876460828520745849e+01 1.729665805965941061e+01 3.613798875391604781e+01 4.165640273847797204e+01 4.426736132519362599e+01
7.333276091007126865e-03 2.000733327608768164e+01 2.883034063642100620e+01 1.485592726051317491e+01 2.640398366616203418e+01 4.641721513077150973e+01 5.583332142390641195e+01 6.412570801353538741e+01 5.751725703693160341e+01 4.889338475744489187e+01 5.593812840244216744e+01 4.120324071570032487e+01 2.284002245401656950e+01 3.502396372648914280e+01 2.075389749174381748e+01 2.651675569297700008e+01 4.821036005624394249e+01 5.535048963938271527e+01 4.326852865312506680e+01 6.130715844630659461e+01 7.247763144169191207e+01 6.083846362896920823e+01 3.935097963166891333e+01 3.545274266650149997e+01 1.393821587390926986e+01 1.321263600271951510e+01 3.214019403692212506e+01 3.557203548885634348e+01 2.066376547922584450e+01 3.810915676415154252e+01 4.740947507612322198e+01 4.733598444743168443e+01 3.576804212117373538e+01 1.697541520553134120e+01 3.520110509973781632e+01 4.452698945179520251e+01 5.922749626605332907e+01
6.343274376862209282e-03 1.414847889810768677e+01 3.414847889810603476e+01 3.486257055732821186e+01 2.192709124671799614e+01 2.825198921081770820e+01 3.581286417847619674e+01 4.736885578110180717e+01 6.739599652143810715e+01 5.950287804724030849e+01 3.982478149560078862e+01 2.935794568778791813e+01 4.120324071570032487e+01 4.725356013793928867e+01 3.907664829925631977e+01 2.487974233856740014e+01 4.342500267544583892e+01 5.907575632883980887e+01 6.530855883286059793e+01 7.375197213786391615e+01 6.419365328151418737e+01 4.431976017141352031e+01 4.161430999027619038e+01 2.170882457442135305e+01 3.556462178241566363e+01 1.344994908859012028e+01 1.364350891247532260e+01 1.397126368403034924e+01 2.171712395581574384e+01 2.815946104391589699e+01 2.990224900136391284e+01 3.566073721372540462e+01 3.588049394538617776e+01 1.665168025182749290e+01 1.814056010231600524e+01 3.769079157805462188e+01 4.787913967360039180e+01
3.497053469895897767e-03 1.414563267720097173e+01 3.414563267720684792e+01 5.022919087171663932e+01 4.193721910942129227e+01 3.826351570172464989e+01 4.826629985173363480e+01 6.412570801353538741e+01 7.568622599295795794e+01 6.799737061685826234e+01 4.814172370601175999e+01 3.560945757035954529e+01 5.499584765005016607e+01 5.929983147399366317e+01 3.946436762620488992e+01 2.882236109735421792e+01 3.149488017393732164e+01 4.480738964989002682e+01 6.483740719242814521e+01 7.584984275432123013e+01 6.432461905156199578e+01 4.796668750739389253e+01 2.838734504806102876e+01 4.161430999027619038e+01 4.818340715419563480e+01 3.737491884201186565e+01 2.684259647234115675e+01 1.516427125379123986e+01 1.443836682599573962e+01 1.476592430621195362e+01 1.509396419323988248e+01 1.973064814855205640e+01 2.340355617335152871e+01 1.633269762120963975e+01 3.623460298784645062e+01 2.024759590779970964e+01 3.926077595017590482e+01
9.635555453094322986e-03 2.000963555545273920e+01 3.606396654299026494e+01 4.434196951659053099e+01 5.434274639767919268e+01 5.828332473984143292e+01 6.657460714749377928e+01 7.657860557859642370e+01 8.565322084289577731e+01 7.666486807244319834e+01 6.345812650345130379e+01 4.495993615495870444e+01 6.345812650339316718e+01 6.779155457029038701e+01 5.296187472644815841e+01 3.341501920924437741e+01 5.067404596080882584e+01 4.019348864586641668e+01 6.002066789195406216e+01 6.756423649468122505e+01 4.761892551113099614e+01 3.625173989989226442e+01 4.796668750739389253e+01 5.622067688398990271e+01 5.742437675640543659e+01 3.880536810438384521e+01 3.632258634778889927e+01 1.696101453970468498e+01 3.127890930955282300e+01 3.441182736801086861e+01 3.489837898846371900e+01 1.555478978937963852e+01 1.587858116498433603e+01 3.658666653274539016e+01 3.762614285051139262e+01 3.980904569052854924e+01 2.236358413475905849e+01
8.845047570523793118e-03 2.000884504757016913e+01 1.604680048427727002e+01 2.605627779867349147e+01 4.021723163146614866e+01 6.020548427711593575e+01 7.859926512655341924e+01 7.026459684251240390e+01 6.546536296327892046e+01 7.971035183322196360e+01 7.357512274473617708e+01 6.503175914514166323e+01 7.357512274468737701e+01 7.304548832158808125e+01 5.247165503251022756e+01 3.853841497701382224e+01 5.849760611231953789e+01 4.742383798363123759e+01 6.767481941754088837e+01 7.015402091798004847e+01 5.020623443931931718e+01 5.020623443931931718e+01 6.432461905156199578e+01 6.598404490060995897e+01 5.221027760081819480e+01 4.034118570334877063e+01 2.063645684894486720e+01 3.668536176944404303e+01 2.120929045652306399e+01 3.817623817459378444e+01 4.912307751136602008e+01 4.085401497829598583e+01 2.412663660813112543e+01 4.445311865187154154e+01 5.764767045625189468e+01 4.363872072424944548e+01 2.389507977387770055e+01
8.023991185656003874e-03 5.353260309619154889e+00 1.351884975082796991e+01 2.351983288756154167e+01 3.763246925952736177e+01 5.747806487493405569e+01 6.690934512439393700e+01 4.996492598730792167e+01 5.108643056389502135e+01 7.137824963856483862e+01 7.747666472064150867e+01 6.918899800878396888e+01 7.747666472318769593e+01 7.911541121794904541e+01 5.849760611232064633e+01 4.580254270959692064e+01 6.621144678640871462e+01 5.737059827197879969e+01 7.621043068592493341e+01 7.844300366380484490e+01 7.015402091798004847e+01 7.015402091798004847e+01 6.811383043018327044e+01 5.615867295110321322e+01 3.843651032184158112e+01 2.445205555916139062e+01 4.034118570336142540e+01 4.337354872311830434e+01 2.425587690236075389e+01 3.542890671518484424e+01 5.427996569886232692e+01 5.297763117501872898e+01 3.615627112182394853e+01 5.297760710889930635e+01 5.610122128615138593e+01 4.528318718286107014e+01 2.544242616029135817e+01
4.598823041778624977e-03 8.029598418244123792e+00 2.771769758954365770e+01 4.170929812793950475e+01 5.165744700092405850e+01 5.830643951036595496e+01 4.994497995920634281e+01 3.837673504978604200e+01 5.854457640979930488e+01 6.677278696453163320e+01 6.746876280509866319e+01 4.917004351538952278e+01 6.746876280509866319e+01 8.040545270097825892e+01 7.477614360784446035e+01 5.743907839270466553e+01 7.477614360784446035e+01 7.190360431197346713e+01 8.651427717725620425e+01 8.699950256720023845e+01 8.381282007507694232e+01 6.811383043018327044e+01 4.875397023099313287e+01 4.807939423887696506e+01 2.851990557173536445e+01 4.412778078942633897e+01 4.841056623055400365e+01 2.956377246659980784e+01 3.083229335285034622e+01 4.964417640827291223e+01 6.235261593889939036e+01 6.458269113285886931e+01 5.630355066731077329e+01 5.871373508849431744e+01 4.784856947898425261e+01 2.789451839161255009e+01 3.064599727815127395e+01
7.340434288523949372e-03 1.948208725419073772e+01 2.116020088290211376e+01 3.432623052980149225e+01 5.336315873268281251e+01 4.994497995920634281e+01 3.009634376115104004e+01 4.994497995920634281e+01 5.239104788494936571e+01 4.676142809159049563e+01 5.917952076208042911e+01 3.916655920583577455e+01 5.210387034805530959e+01 6.795739609444439111e+01 7.951298759071754318e+01 7.819472486356411878e+01 8.673694933376206961e+01 9.264644115791320189e+01 8.537007248330151299e+01 6.749514804730750939e+01 6.749514804730750939e+01 5.624916980500452013e+01 5.230657077030576119e+01 3.289730030785442949e+01 3.974603756923323772e+01 5.567249162888739988e+01 5.207226485543046124e+01 3.340119211428927315e+01 4.964417640827293354e+01 4.170131996555569742e+01 6.049432008763746893e+01 7.802004625300632767e+01 6.809997417255446805e+01 5.046485496182137354e+01 3.045406011110381073e+01 4.784856972751574489e+01 5.064504875877646128e+01
3.515918393995972821e-03 1.664553156848877435e+01 3.858298903542898728e+01 4.788066525655315075e+01 5.542715642638939499e+01 4.498282090969643576e+01 2.527500423984640676e+01 3.841357885617558310e+01 3.239709502982409361e+01 3.262735011325380441e+01 4.543851996198834797e+01 3.210781918985691163e+01 3.965481043181362253e+01 5.120768474880404852e+01 7.122555707747984854e+01 8.754635148059399796e+01 9.583244961071630996e+01 9.097964814356333818e+01 7.142602565212413879e+01 5.783714701151006921e+01 4.817831291483759060e+01 4.259237887136669087e+01 3.759268325600292826e+01 4.664120211191172416e+01 5.826102675913085704e+01 6.652269227703018828e+01 5.587012836230520918e+01 3.726447295314465435e+01 5.587012836230520918e+01 5.242999400272073984e+01 6.858171161542071559e+01 6.977836959048705978e+01 4.996207978972743291e+01 3.994351417396495663e+01 3.231719226767508246e+01 5.234019979704356729e+01 6.406106579067524365e+01
4.608085242692564441e-03 1.414674370897376754e+01 3.414674370897446920e+01 3.542715642639119977e+01 3.542715642639120688e+01 4.334096578466177618e+01 3.841343418431888068e+01 1.874982466575185924e+01 1.828157053883599659e+01 2.110146815826964684e+01 2.545768951489810306e+01 4.543851996198834797e+01 5.966823309991532653e+01 6.795739609444439111e+01 7.339828770454106177e+01 6.753796780718032267e+01 8.754635148059399796e+01 8.554220151176994591e+01 8.335928902973738275e+01 6.392976372247330374e+01 6.749514804730750939e+01 6.136268994376222707e+01 4.203573588483234857e+01 6.136268994376222707e+01 7.412901908669675777e+01 7.096421825522131144e+01 5.188225195347242646e+01 4.126356775402639698e+01 5.994723987423940770e+01 7.151039438403513770e+01 7.972474846209034638e+01 7.802007413726340701e+01 6.810006075187388319e+01 5.554180319416238376e+01 3.554592178285795967e+01 3.582837592093918744e+01 5.582034050553831861e+01
1.610643649003322799e-03 2.000161064364864671e+01 2.360141456804109694e+01 1.542715642639191032e+01 2.730032804955502357e+01 2.334078036614795693e+01 3.114839172515821275e+01 1.441673942299774502e+01 3.438828115692607668e+01 4.107834529666016010e+01 2.686324993873457245e+01 4.684722076451472361e+01 5.760976459868587796e+01 6.338921172835432571e+01 5.338013575216771756e+01 7.339828770454103335e+01 7.959109373966271050e+01 6.528908749847909121e+01 7.959109373979887891e+01 8.335928902973738275e+01 7.719161844694230012e+01 5.780521944304814497e+01 4.740052921255659868e+01 6.104568803254262832e+01 8.042347537502185162e+01 7.917539903306700921e+01 6.518897598785845560e+01 4.628962765775368382e+01 5.642100182601722480e+01 7.563719990041548158e+01 9.379263089082280658e+01 8.548642052902182797e+01 7.195075887260549052e+01 5.882133881233644246e+01 3.887480158449245238e+01 5.582034049989805879e+01 3.946483467368176434e+01
2.022278438842990342e-03 1.798075298706590219e+00 3.601414568041451325e+00 5.427156426391997357e+00 7.300328049555377952e+00 9.198644041060360266e+00 1.118569258037461189e+01 1.517158983938442418e+01 3.507170140001477421e+01 4.924954753635083904e+01 4.684722076451472361e+01 3.302030526172220704e+01 3.759878271058041577e+01 4.336861959186649074e+01 6.338921172835432571e+01 8.168520870894822394e+01 7.122108725282735975e+01 5.099244373555188048e+01 7.122108725282735975e+01 8.171785627665551033e+01 8.540957530084406812e+01 6.672131054076865553e+01 6.672131054076875500e+01 5.772772618239267217e+01 7.704892655373782873e+01 7.546758473255357558e+01 5.623806856487967565e+01 5.705263199544383923e+01 7.333755297321062017e+01 8.389532802174228721e+01 8.548642052902182797e+01 6.565692248632331030e+01 6.371053713556894849e+01 4.385046670937941116e+01 5.882133881233644246e+01 6.705935839262585318e+01 5.102862402925759255e+01
6.642187732006160465e-03 2.000664218773165004e+01 2.360141456804109694e+01 2.542715642639164031e+01 2.730032804955502357e+01 2.420890427206796858e+01 1.202707421446858049e+01 3.441125720821392520e+01 2.104050580254280689e+01 4.096679994407723768e+01 5.709066986884646155e+01 5.301893050335569058e+01 5.174678773770448714e+01 5.393668917573160115e+01 7.167785419406402525e+01 7.631804576827673259e+01 6.357537866612852895e+01 4.340914994422122675e+01 5.314474484230136397e+01 7.335449135242551222e+01 8.610551428303192267e+01 8.621462013114542344e+01 8.526487871550155262e+01 6.881339862430114351e+01 8.526487871560871667e+01 8.372763092324400702e+01 6.573237101278969874e+01 7.630342857542562740e+01 8.457248654817867362e+01 9.301055168818966479e+01 7.310357180917701214e+01 5.917216658639154758e+01 5.169515680084933962e+01 4.872448087937361549e+01 6.850895265630748554e+01 7.909856245481212511e+01 7.083778170780126970e+01
1.591255364720534126e-03 2.000159125536436378e+01 2.957094700470693738e+01 3.491617184295652976e+01 4.124072716329339983e+01 4.286872692417084352e+01 4.311651514594823453e+01 4.749344486432557488e+01 2.873065844493045518e+01 2.881910124990015021e+01 4.294888872271894087e+01 6.294803994028347915e+01 7.176424285234688227e+01 7.395307601758993599e+01 8.224042588956379518e+01 6.795320940139316690e+01 4.778197319749847338e+01 3.676120684425326601e+01 5.685330242549253654e+01 5.753284292632061181e+01 7.181917860367909157e+01 7.515067684350962907e+01 8.351374778971396040e+01 8.829886691892447459e+01 9.661472108132143433e+01 9.356956537439269539e+01 8.520279845231740978e+01 9.356956537439269539e+01 9.136369565194262066e+01 9.520636208770895337e+01 7.527710427438914564e+01 7.893419122278091038e+01 7.146484799550430012e+01 5.446945835000640557e+01 6.487117888153015599e+01 8.469516660316195100e+01 8.814352512158548336e+01
6.189296070378335485e-03 4.720234503980675456e+00 9.570947004707292649e+00 1.491617184295582632e+01 2.124072716329269639e+01 3.538286278702414478e+01 5.538286278702484822e+01 5.681643364552795106e+01 3.855121940318671392e+01 4.294888872271894087e+01 3.949747168968258393e+01 5.363850552689188333e+01 7.363847134667545902e+01 7.091811746317739562e+01 7.936315569438311002e+01 6.685865412786249351e+01 5.148346400782763510e+01 3.144620587429485070e+01 4.921178571154212023e+01 4.331248361260698232e+01 6.084968338446387293e+01 5.492601793831843082e+01 7.515067684350958643e+01 8.856390443385477340e+01 8.040694125774915335e+01 8.040229076749685078e+01 8.614599532599467580e+01 8.568015980816518606e+01 7.176069040145637246e+01 8.568015987498709762e+01 9.520636208783074039e+01 9.410830336304918831e+01 7.420609511489054455e+01 6.103623918956786554e+01 8.079159787499671097e+01 9.299556545545397057e+01 1.022635314007485334e+02
2.247884206357958405e-03 2.000224788420600319e+01 2.957094700470693738e+01 2.905830746668702957e+01 4.124072716329339983e+01 3.388983780396665679e+01 4.803197342769810518e+01 6.680601102333943686e+01 5.266480696110362203e+01 6.294803994028347915e+01 5.104338757315770891e+01 6.778074075174104962e+01 6.754478407112294747e+01 5.041417565064543993e+01 6.754478404834893013e+01 5.849372312616114300e+01 3.838959913562907644e+01 2.688814955005703311e+01 2.919239038165927624e+01 3.470706100691158014e+01 4.071431091796009838e+01 5.230377597400752165e+01 7.252361000553702297e+01 7.727020212632868379e+01 6.090009647354485622e+01 6.089146657579693311e+01 6.660605467491664911e+01 7.690502096705844792e+01 5.793013814508460513e+01 7.026392950452640207e+01 7.843402179788320439e+01 8.679982530177041156e+01 8.908345826751160246e+01 7.495452955060009970e+01 7.495453195727357354e+01 9.488367198751839737e+01 1.022112938702670419e+02
