LEM/sinusoidal_perturbations/elevation_000445.asc
nrows	100
cellsize	150.0
xllcorner	0
ncols	100
yllcorner	0
NODATA_value	-9999
[rows 34 to 50 of 100, columns 37 to 73 of 100]
2.198998445645921862e+01 4.174941670837418428e+01 5.626688861971311439e+01 4.791808294228975740e+01 3.119144869373413087e+01 5.123579270862643398e+01 6.263221632384227888e+01 6.259919236525615105e+01 5.325628903019568128e+01 7.131504978121222393e+01 7.599999732754511683e+01 7.246378927506535206e+01 8.790879603933652220e+01 9.587264166838306778e+01 1.044234598537290708e+02 1.043610086412684552e+02 1.052665003173020892e+02 9.683953119928220588e+01 9.494016325511729804e+01 8.631062914258006913e+01 7.304803066929309807e+01 7.717013055497035623e+01 5.699526594436304094e+01 5.988917676692398118e+01 4.007017470271524928e+01 5.698278897037730673e+01 6.330166204534710772e+01 5.496051416049586891e+01 3.603529759462394111e+01 4.993063455129890116e+01 6.439551021924818031e+01 7.168580217688788991e+01 7.964699475476744794e+01 8.945106444592815365e+01 1.061822414557717167e+02 1.036125664475868149e+02 9.866389628743785067e+01
2.363281987474811174e+01 3.497233716223367139e+01 5.491139272131159998e+01 5.960296444531402926e+01 4.531980364552433116e+01 3.467012518090268003e+01 5.421328418528658943e+01 4.241493599920455182e+01 4.682112976142994398e+01 5.136571875330018599e+01 5.617633739677669524e+01 6.183679030731224202e+01 6.857868945550598028e+01 7.739362620508980228e+01 9.084555115980739970e+01 1.098706482348848397e+02 1.114542981768459384e+02 1.013335141549526952e+02 8.631062914150682275e+01 6.536702521347142181e+01 6.105055427782691879e+01 6.954353259330552817e+01 6.290431851724957113e+01 4.301865832885571450e+01 5.399836355273495059e+01 6.825960180162880420e+01 7.221037491248661411e+01 5.211855123296821546e+01 5.579629501605088393e+01 3.686537799452973729e+01 5.359397855274096401e+01 5.319847113472182798e+01 6.218681888024755722e+01 8.115278775678706324e+01 9.761407514893991788e+01 8.315076661776460298e+01 9.010790289712613799e+01
2.529027284999336089e+01 4.508133313321643953e+01 6.323402372747310807e+01 7.388598976971245236e+01 6.321239892472578248e+01 5.482716950749832563e+01 3.832615321599447356e+01 5.861747969362635757e+01 4.916375015987877362e+01 5.560217311295322418e+01 7.410179702670808410e+01 8.132654623759916035e+01 8.146531474158435060e+01 9.587264166838306778e+01 1.044234598537290708e+02 1.052073708850022484e+02 9.051897183211572440e+01 9.272865501016323719e+01 7.170612395550118379e+01 7.150126465655309005e+01 5.097312465108539214e+01 4.851511028801174064e+01 4.612498689650565353e+01 5.699526575562119035e+01 7.129089484320287795e+01 8.252084005049016469e+01 8.065817199118140479e+01 7.075949237246589973e+01 5.890591570536833643e+01 3.923786431559630472e+01 3.772409038793127678e+01 4.722686470265156800e+01 5.817407725643400340e+01 7.825544393088070194e+01 8.914388903263781572e+01 6.841236367822205011e+01 7.603212113474125999e+01
2.697051771319871705e+01 4.108221914877776015e+01 6.179676039527031861e+01 7.124771281581288918e+01 7.921239693997762288e+01 6.687652669196523902e+01 4.519158351960014386e+01 6.687652669196523902e+01 6.353834560760089545e+01 6.202358593571319290e+01 6.572321472758912364e+01 7.970268055819296649e+01 9.904786108207639472e+01 1.086862858546895012e+02 1.084907813276800113e+02 9.665078532805274847e+01 7.551649576990094204e+01 8.328459032253947214e+01 7.556383029422575248e+01 5.484912170203731563e+01 7.085254160697878945e+01 6.302484787266578081e+01 5.187437450946404738e+01 7.253452006661551366e+01 8.558652345245495496e+01 9.013242748434407758e+01 7.436917811202171436e+01 6.234872009473702548e+01 4.263585603984702743e+01 5.888256179131352752e+01 5.703963614312722541e+01 3.858663124201435579e+01 5.304923737342924284e+01 7.558520806049077123e+01 8.954575089927544695e+01 7.603194317898132226e+01 5.495251655567540894e+01
2.867671950300909955e+01 4.790826579856727818e+01 5.794907857451342892e+01 5.255368529370206687e+01 6.880419078418290724e+01 7.651979872255563464e+01 5.712074797324309117e+01 7.710764647973705621e+01 8.385326077077709783e+01 7.216224485216041273e+01 8.556444091966302778e+01 7.977250071860652270e+01 9.954742150550784174e+01 1.120097993930380227e+02 9.108503502555369380e+01 7.876657243709645684e+01 7.011058737745619851e+01 6.227187364240246126e+01 5.902946751392501312e+01 7.556383018958578646e+01 7.990359936594506962e+01 6.170991254683876548e+01 7.387346997710041308e+01 8.438593417861918056e+01 8.992703440737911080e+01 6.975419213073348601e+01 6.596254297373336328e+01 4.609365046842161462e+01 6.236559033163188559e+01 6.549881904486754536e+01 4.469515257323981672e+01 3.919808900747364078e+01 5.777614223476204813e+01 6.955421524544074430e+01 7.467785745825295862e+01 5.981276657994025925e+01 4.746938782013821623e+01
4.853856837290422277e+01 3.119307222702979487e+01 3.920368053541823627e+01 5.881979132793789233e+01 7.383797055322902736e+01 8.932376950545584293e+01 8.382445446375938047e+01 9.377664934985477885e+01 1.009731143322477749e+02 9.249499657573268507e+01 1.009731143322477749e+02 9.954742150550784174e+01 1.078493955095430579e+02 1.204989699946141855e+02 1.084907813276789454e+02 8.939620165576660327e+01 6.822495544914426091e+01 8.328459032253947214e+01 6.824712434730470534e+01 8.858657514291222412e+01 7.990359948753388153e+01 7.450793848924824658e+01 8.773593545384669312e+01 9.615685475977633700e+01 8.152425833720852211e+01 6.113744242705298859e+01 4.967909796896257291e+01 6.596254297368551534e+01 7.420958084810642674e+01 6.149824198712138212e+01 6.345783827189258375e+01 5.626659223956638556e+01 4.006641094146276316e+01 6.117945482990232620e+01 6.340884104121468567e+01 4.495421210106478327e+01 5.227583193471280509e+01
5.644002370835934812e+01 3.647290960816265226e+01 3.399776623042905044e+01 4.548917660138049257e+01 6.551610166934875679e+01 8.185230714176519484e+01 8.065201588355876083e+01 8.538828840678205268e+01 9.369940742456924454e+01 9.560507691142188946e+01 9.997246657486461174e+01 9.736904706992602598e+01 1.056964851796878122e+02 1.172878005313916105e+02 1.087768094057136210e+02 8.777151112384530052e+01 7.268740551525068838e+01 9.392382054975841754e+01 8.044788177134763885e+01 9.801408200544129556e+01 9.854924102617876258e+01 9.292987833476438198e+01 9.015373973298139276e+01 7.579043177624848227e+01 7.393784803379406867e+01 5.364473067545210938e+01 6.382103933667986695e+01 7.818783290111920792e+01 8.924074456947724343e+01 8.256146045103528763e+01 7.059546259500680776e+01 6.056072483707480103e+01 4.205222006550331315e+01 4.097901874851415016e+01 4.260104677320860844e+01 5.287832752866183483e+01 7.351592121434681815e+01
4.458379091168458785e+01 5.601470652933998196e+01 3.603283261850279473e+01 5.601470663134600159e+01 6.498850886001262950e+01 6.183715054856708093e+01 6.413289575662628295e+01 6.539667105311534101e+01 7.737984407855812208e+01 7.560026228018524819e+01 7.995857285277065785e+01 7.736638823318459401e+01 8.889499247203134757e+01 1.089448209237064020e+02 1.110384433069541359e+02 9.007739685927687390e+01 7.818505510113385526e+01 9.940201621728076020e+01 1.015663184144405875e+02 1.101795842756334167e+02 1.054253463004133096e+02 9.530980085531979284e+01 8.175561874559188880e+01 6.128150634851242273e+01 5.795996696700808570e+01 6.795688758721914269e+01 8.236543301026055985e+01 9.337260404050944373e+01 8.963411269695249928e+01 7.481371745229643011e+01 6.372471978402394654e+01 4.481106066709319435e+01 5.762193775896230363e+01 4.168087868423604903e+01 5.564345782443781729e+01 7.197492992017416213e+01 7.019308668478191748e+01
6.461961427989152185e+01 5.811178219730862793e+01 3.810885676897147079e+01 5.811178244625814671e+01 4.497274439358081111e+01 4.769414195265994039e+01 5.052126568172061383e+01 5.385386769032493959e+01 5.739009754254151119e+01 6.147320573602123517e+01 6.583603250074298785e+01 7.736638823318459401e+01 9.149247172901911540e+01 1.115563549582506369e+02 1.195388415908524564e+02 1.057591626232813553e+02 8.467489393712892820e+01 9.940201582388475288e+01 1.201849885228229766e+02 1.113792132351688622e+02 9.118077018360688157e+01 7.677494729182129163e+01 6.650316841066752716e+01 8.175561895961520520e+01 7.241788445797483575e+01 7.839261761054694944e+01 9.675642166486080953e+01 9.195559298667944859e+01 7.781166984672402975e+01 6.082678363507656627e+01 4.750050915740395396e+01 6.234859897468547985e+01 4.267359527062137659e+01 6.151707729236376565e+01 7.011718979724591350e+01 8.414818414057960183e+01 9.119636951168197925e+01
7.228809006716238628e+01 5.223976419381533987e+01 5.811177051907107227e+01 4.119222334807619745e+01 5.534850830911637587e+01 6.769945418819821725e+01 7.051408023680728832e+01 5.946391975763253868e+01 7.737984407855812208e+01 7.003071892770796580e+01 8.582050660602513403e+01 7.582214387626549978e+01 8.734854067491259855e+01 1.073895534649394108e+02 1.168748334056609650e+02 9.607931755974207988e+01 1.057591626232813553e+02 1.142779870995218232e+02 1.181549260778804609e+02 1.073675271550230974e+02 8.714586709167458878e+01 7.271508974565479377e+01 8.099463370152058417e+01 9.530980085532996782e+01 9.281787250832127256e+01 9.875411907832793190e+01 9.593082473924619080e+01 8.173367684972677694e+01 6.366774670682326587e+01 5.018536014739924411e+01 6.656080545195524678e+01 6.305992741813403768e+01 4.337436395294766811e+01 6.305992741393504986e+01 7.736944023167984597e+01 7.739707281855841359e+01 9.751677400827118447e+01
8.060991579941008922e+01 7.228808976808501541e+01 6.537661534754586512e+01 4.522991773889820166e+01 6.537661657707641893e+01 8.371934630633874974e+01 8.611695778699471759e+01 6.612762798406033937e+01 8.611695778699471759e+01 8.156274427277689654e+01 9.834281159577788856e+01 8.734854067491259855e+01 1.041440924949455535e+02 1.157313092404630055e+02 1.253360146202684149e+02 1.081790476450928935e+02 1.253360146202684149e+02 1.240030101907683502e+02 1.042592318483428073e+02 9.004222605131273838e+01 8.235670843579067935e+01 7.919893065101831553e+01 9.952372354270885069e+01 1.096249680091391525e+02 9.955086546867052277e+01 9.076960705494502690e+01 8.296536968510105226e+01 6.753652896014780538e+01 5.372219955049628481e+01 5.338045315211731889e+01 7.211324105611895163e+01 5.892343623240071793e+01 4.407431084382712072e+01 6.253854902897170120e+01 5.744423896678990360e+01 7.739707281619011781e+01 9.130257723549662785e+01
8.856063222365104082e+01 6.849172508878633892e+01 5.688685738738573860e+01 5.039873081623309048e+01 7.071017191624125076e+01 8.847484694118324455e+01 9.442881551153038799e+01 7.611471908995424940e+01 9.442881551153038799e+01 1.015868305350009422e+02 1.099193456185582534e+02 1.073895534649394108e+02 1.157313092404630055e+02 1.152776017708580127e+02 1.235512566374691517e+02 1.287534976604641486e+02 1.371725709398959054e+02 1.292380152375094440e+02 1.099521424541082411e+02 1.100417484621357573e+02 1.019355331810197640e+02 8.641114732384842512e+01 1.067577959520578048e+02 1.031639910280378558e+02 8.213750872765089639e+01 7.003707892491613052e+01 6.326978602082763103e+01 5.762186325124730502e+01 7.341474091913197242e+01 5.682667545178122026e+01 7.662374312743101257e+01 7.111645835228667067e+01 5.792517904542247464e+01 4.506373880789773523e+01 6.478679548162956792e+01 7.413488808354959758e+01 7.438838576988628404e+01
9.688775357307135039e+01 8.529512348839875813e+01 7.697384328699526179e+01 6.220277099064868764e+01 5.959634483330319910e+01 7.160603103101779254e+01 9.178381018872661912e+01 9.024321267751383857e+01 1.044451251774234777e+02 1.133684593621879060e+02 1.215314265452524154e+02 1.161578114201900860e+02 1.078849505473405088e+02 9.530996164017392402e+01 1.089625660037483357e+02 1.172331761252226983e+02 1.289204345426838643e+02 1.166628011994591105e+02 1.074360126162262787e+02 1.159748006804564966e+02 1.147302937858004555e+02 9.658632980850853755e+01 1.151099160768333860e+02 1.115643045617849083e+02 9.955086546867052277e+01 8.232882138389724958e+01 6.226871076792430415e+01 7.757524197978948166e+01 8.065454849157040940e+01 6.055693299598786439e+01 8.065454849157040940e+01 8.624591733666187565e+01 7.231509800883091543e+01 5.239745214237540694e+01 4.605822663568456221e+01 6.581165163060215662e+01 5.442028544233460963e+01
9.500755323159525290e+01 9.395496547647030638e+01 9.065554341456373777e+01 8.233149770077993423e+01 7.088703359028986029e+01 8.626321089975348855e+01 1.001126138732189617e+02 1.103050762252492945e+02 1.101267074058970934e+02 9.359568431422867718e+01 1.101267075365978343e+02 1.078849505473405088e+02 8.792261997366369997e+01 8.378962309448620260e+01 8.900000986983859264e+01 1.057052958204365609e+02 1.089613353898316319e+02 1.054073746368297293e+02 8.658035246561432530e+01 1.054073746368297293e+02 1.252207013892255674e+02 1.169164202261263341e+02 1.252358615387830270e+02 1.071598493769414375e+02 9.884444470992534093e+01 8.583278955143779854e+01 6.570359627709548533e+01 8.583260948748984731e+01 8.476590441316190550e+01 6.462445155257061913e+01 8.476590569303631639e+01 8.650149486257295450e+01 6.643890034235862174e+01 7.231425373052690020e+01 6.579830720147521106e+01 4.705168276094767066e+01 6.684115325179088529e+01
7.528548151080927653e+01 7.445883226236384189e+01 8.827499323310023271e+01 9.906667043964563391e+01 9.167802334824671107e+01 1.000299699954382220e+02 1.161369404848451694e+02 1.066662090250237753e+02 9.855434227764652633e+01 8.217238852671241034e+01 1.019526423656227649e+02 1.072536682002855173e+02 9.376945123040607655e+01 7.380282027311605475e+01 7.747341436690558680e+01 8.900000914729177737e+01 1.019043433645378514e+02 9.353718949709293895e+01 7.655649583794745183e+01 9.675938826675204041e+01 1.070454762946928895e+02 1.189119222454218487e+02 1.187566929649482717e+02 9.884444470992534093e+01 7.865333305339559899e+01 7.256885254129188922e+01 7.124445824084646972e+01 9.143171154118594757e+01 8.916066615691117647e+01 6.902134367000491011e+01 8.916066615691117647e+01 9.487690358259777668e+01 8.650149486257295450e+01 7.752747757183060173e+01 5.753483780989792251e+01 6.682573306201756225e+01 4.805905631653975263e+01
6.128293589877623049e+01 6.077468185680532997e+01 7.279005298166444504e+01 9.091233482923675524e+01 9.612000856075555077e+01 1.059320157101823270e+02 1.084615165599477109e+02 9.019645283531882285e+01 7.944839832785403644e+01 7.471924165647936888e+01 9.447642337376142052e+01 9.898167689895866772e+01 7.901768571606503144e+01 6.746204550046928716e+01 8.745392958606753098e+01 1.003612362613427820e+02 9.028660875356823112e+01 7.346563647461418611e+01 6.947237745939332854e+01 7.843078040178342292e+01 9.000765765257639828e+01 1.103251222739132800e+02 1.104645290481764590e+02 9.032938659432507222e+01 9.884444470992534093e+01 8.160138530247505173e+01 7.732445119417691615e+01 9.752131728538837763e+01 9.390441688754559380e+01 7.377838702820436367e+01 8.801567831426980604e+01 1.081210894164176892e+02 9.174200784439844369e+01 7.163972807576486446e+01 7.752751834401757947e+01 7.620498772222950379e+01 6.788998350843451135e+01
4.986682528009232129e+01 6.819808861193061489e+01 7.370039308932788913e+01 7.989167007523910513e+01 7.350900225727771442e+01 9.347195147669810922e+01 1.158772055919529436e+02 1.018669607522823668e+02 8.210107113791467270e+01 6.822478053140440579e+01 8.789060520589308112e+01 1.030444846547655260e+02 8.328635072550567031e+01 6.326793611269436468e+01 8.307848073723111781e+01 8.516309376879637227e+01 7.102011696555607045e+01 6.187684587569378181e+01 6.768262186399614677e+01 8.773708523366697420e+01 1.055576907712411128e+02 1.145678990256050014e+02 1.187566929649482717e+02 1.045909816632955227e+02 9.809008775413805381e+01 1.017820344243824309e+02 8.407217725819820942e+01 1.042458870265721771e+02 1.010152786402479990e+02 8.090272437858443766e+01 8.540571523577482083e+01 1.055138592430492395e+02 1.001258694400142844e+02 9.174200784439844369e+01 9.344100702505170375e+01 7.489152297033996319e+01 5.085155371715089245e+01
