LEM/sinusoidal_perturbations/elevation_000242.asc
nrows	100
cellsize	150.0
xllcorner	0
ncols	100
yllcorner	0
NODATA_value	-9999
[rows 17 to 33 of 100, columns 37 to 73 of 100]
6.098270222136709151e+01 7.000691765869838434e+01 5.763308406883344048e+01 5.764956290785020343e+01 7.135999686277104104e+01 5.638346444068754693e+01 6.020556323172902324e+01 5.214630095175679969e+01 3.917850817194536006e+01 2.477751197010797668e+01 2.361918700599236232e+01 5.967611543023109988e+01 7.033166877023479913e+01 7.489920118901616775e+01 6.036084986744078407e+01 6.265612640887867002e+01 8.096797050070033208e+01 9.116057622250214365e+01 9.831687312569232517e+01 8.462522894304680676e+01 6.587719623338436747e+01 6.841930924802777270e+01 8.774173841495937154e+01 8.264428212603135648e+01 6.278457867748721810e+01 7.182310972968505780e+01 5.691312401681120292e+01 6.473553522305365959e+01 7.491864835489054997e+01 9.524965913837742448e+01 1.069541494164820250e+02 8.828556413282467474e+01 7.576964422025159251e+01 6.904098974615487805e+01 7.313630489669874635e+01 8.721987138363675740e+01 1.069615551938379809e+02
4.988622642197174883e+01 6.687251039098978822e+01 8.063571316631571051e+01 8.270658840437576487e+01 8.198840948598137857e+01 7.449941178049301982e+01 6.312937391633800388e+01 4.849506756749773473e+01 2.877809655168443825e+01 2.410764736913857931e+01 4.453849671323967385e+01 5.123897109690951623e+01 4.891342556500060113e+01 5.939941181372601164e+01 4.470563334381660781e+01 5.123719397437408674e+01 6.233153351554620514e+01 7.709359544847117718e+01 9.703248416530261977e+01 8.525024165959291622e+01 7.963440518502557097e+01 8.212075741622426506e+01 8.774173841495937154e+01 9.182890434841409899e+01 7.466557870209454961e+01 8.208532672152121279e+01 6.168559248260432781e+01 8.208532672152121279e+01 9.361213825673269184e+01 1.038359473705016143e+02 1.127064676430297538e+02 9.375346616724841908e+01 8.850426214753416332e+01 7.438829654548051451e+01 9.300207669960400381e+01 8.575028745085907644e+01 1.054806599112751826e+02
5.744673556782574764e+01 5.797752752095804851e+01 6.967358347020272902e+01 8.713228479318948416e+01 8.149730251754718324e+01 7.104913849991018537e+01 5.551305825679354200e+01 3.629845977266922574e+01 4.424606260108062372e+01 2.666013412014654804e+01 2.460863524965974847e+01 2.884467257643576588e+01 3.320661378006324327e+01 3.750964434499119449e+01 5.939941181361568567e+01 7.263254713005930796e+01 6.510931946625754563e+01 7.975250173817522636e+01 9.964271559385728949e+01 1.045172941606993930e+02 9.880801390398154638e+01 1.013119869759469083e+02 1.070365456165239806e+02 1.036698475022194401e+02 9.510588316408247067e+01 8.850962089818125378e+01 6.819421894097912684e+01 7.348443502936291338e+01 8.517050404841431543e+01 1.056694150572652831e+02 1.146262236651342903e+02 9.552446947252789755e+01 8.527971465323838629e+01 8.203570674186214262e+01 1.026004439761214968e+02 1.054806599112751826e+02 1.054806599112634444e+02
7.469693188081529911e+01 6.620432385712491907e+01 8.217091462539742963e+01 9.011267540449443914e+01 7.404654138998014901e+01 5.590463503304815163e+01 4.494555745140853276e+01 5.551284000933215168e+01 4.903383078457299149e+01 3.820321833099686160e+01 2.499824158778435645e+01 4.611581511512679299e+01 5.518671292525797867e+01 5.939941181372601164e+01 5.317774389210118358e+01 7.441984689071971104e+01 8.557821049725377804e+01 9.379788869542646523e+01 1.029602299122264384e+02 9.462193622684343097e+01 9.462193622684343097e+01 1.029602299122264384e+02 1.061567062463033011e+02 1.145357652428667166e+02 1.029661574416727490e+02 8.252152739692473915e+01 7.832931573104080769e+01 9.383436326820940110e+01 1.024105884418816430e+02 1.143044873055551989e+02 1.229838305224456150e+02 1.134720460399031623e+02 1.069658708933526725e+02 9.671092477303324131e+01 9.671092477303324131e+01 1.168190011119508682e+02 1.254214147172304621e+02
9.215395793863207530e+01 8.410071853644132034e+01 9.178583971366708738e+01 8.277907214201158581e+01 6.540175105276973966e+01 5.651006929428669423e+01 6.067483464386072711e+01 5.320052282233137930e+01 4.541317348774818186e+01 2.561631168550156090e+01 4.487939671645898443e+01 5.432715183750329402e+01 6.521000056740662387e+01 7.421792966740044051e+01 7.441984689073677828e+01 8.276689948987595358e+01 1.000512018856608591e+02 1.084349450377322057e+02 9.140675688899737850e+01 7.466011624830461813e+01 7.466011624830461813e+01 9.140675688899737850e+01 8.617072263454360836e+01 1.061567062463033011e+02 1.115884792802167738e+02 1.029661574416727490e+02 9.264242165704052923e+01 1.072964219623124222e+02 1.205736443800446551e+02 1.122160677571514782e+02 1.139629711326467856e+02 1.055415341433786409e+02 1.139629736776886091e+02 1.168190011119435923e+02 1.168190011120169345e+02 1.252287862079518987e+02 1.289384733218176393e+02
7.755401892240531936e+01 8.586479155520522966e+01 9.587273918702712194e+01 9.046842043835731317e+01 8.075202863538706310e+01 6.865399338223669190e+01 5.335690072757341795e+01 3.259735846862508879e+01 2.815433156744239440e+01 2.607570719933161030e+01 4.233682213211383782e+01 3.684628724978535530e+01 4.567846775741861620e+01 5.986422326990968656e+01 8.024596993148080060e+01 8.847780324206556202e+01 8.000548741870508707e+01 9.401094819025975369e+01 8.242539452552196622e+01 6.300519532910188758e+01 6.300519532910189469e+01 7.206196780442836314e+01 8.539694408563057948e+01 9.245105480482092730e+01 1.007807848947637410e+02 1.123469226439837740e+02 1.132898932263050540e+02 1.111351721808141377e+02 1.028362534135493433e+02 9.245819137857419889e+01 1.039216743392874065e+02 8.556189755942423858e+01 1.039216751494530087e+02 1.056213187530272535e+02 1.057576263310173488e+02 1.141791448418434669e+02 1.285295891821630505e+02
5.740475739565063407e+01 6.755580382209625157e+01 8.756697420764794515e+01 9.018751004162130869e+01 7.544483315767014631e+01 5.299118281017801024e+01 4.015308108661904640e+01 5.319294040763254117e+01 3.965221729944431672e+01 4.571649773299226638e+01 2.675427461728495260e+01 4.701102992919985724e+01 6.517228161926303187e+01 7.419422276507798131e+01 7.844590645617147118e+01 6.841400967027733770e+01 6.841400967027733770e+01 8.569473894151818172e+01 6.563225332401728451e+01 5.385348792532733597e+01 7.166532055071154161e+01 7.642992621200087910e+01 6.534608256483234356e+01 7.249901670570034184e+01 8.401578686365202486e+01 1.039738451001859829e+02 1.111351721808141377e+02 9.973125687038887577e+01 8.320139860035963864e+01 8.121646501046652133e+01 9.555171584267606022e+01 7.571406318226716792e+01 8.563292849240644955e+01 8.563290478914345272e+01 8.577505318514536725e+01 9.982870050152405383e+01 1.146380049423700171e+02
7.755401892240531936e+01 8.586479155520996187e+01 9.593278059890818099e+01 8.127044078890386913e+01 5.970577998359301120e+01 4.925693144960340675e+01 6.091258650812979880e+01 6.564546152750553176e+01 5.589559447728986186e+01 4.724896478728880567e+01 2.724480029943493165e+01 4.148292765098710078e+01 6.158357709297364835e+01 7.254991672259944835e+01 5.832772980519128225e+01 5.414985589118201403e+01 7.429055875112707952e+01 7.263404197152860320e+01 6.958179304956091471e+01 4.932093314681355167e+01 5.141675911965720758e+01 5.621541637520140711e+01 7.642992621204265902e+01 9.245105480482092730e+01 1.007807848947637410e+02 1.070006799902508448e+02 1.028362534135493433e+02 8.320139860035963864e+01 7.187683966938790547e+01 7.140048343339499581e+01 8.631373155203908709e+01 7.918812338660947603e+01 6.576891533678254120e+01 7.331175235696021275e+01 9.311953740064301144e+01 1.018900680263674587e+02 9.448174688101474317e+01
7.515658287396986736e+01 8.344833207913102058e+01 9.239772361329450234e+01 9.018751004162142237e+01 7.941059102845635209e+01 6.136632338584287538e+01 7.793913575582600117e+01 7.040079232141498267e+01 6.164221234868971067e+01 4.780013886214230467e+01 2.774386018338451976e+01 4.781140665266239864e+01 5.694866550821215156e+01 5.634922333136928785e+01 4.415319522301435029e+01 6.422020732115460362e+01 6.673640269920551304e+01 5.250796303426190548e+01 6.114694686132039436e+01 4.510180276131905686e+01 6.526216320431453255e+01 7.642992621204265902e+01 7.056598336553373940e+01 9.058673656106513761e+01 1.012272095947503487e+02 8.705118958102730176e+01 1.012272095947503487e+02 9.973125687038887577e+01 8.224958770894455995e+01 6.241078261141929318e+01 7.276477766259981195e+01 5.911571567020903473e+01 6.278940688836599548e+01 8.270960428767021710e+01 9.194396772690892305e+01 8.199786742745044421e+01 1.018900680263674587e+02
5.498810199859319425e+01 6.409726269270940691e+01 7.825306339995408678e+01 9.822859397246502056e+01 9.185929425830235573e+01 8.294870315671313676e+01 8.442855001927017611e+01 6.723613489449955694e+01 4.639564018877921114e+01 3.622188590970883126e+01 2.824899238247903455e+01 4.828696075640912966e+01 3.763865428985591421e+01 3.650805350336892730e+01 5.634922206716871074e+01 5.906018700220820250e+01 5.468398604022196707e+01 3.854632651204502736e+01 4.116504412439933702e+01 6.114694686132038726e+01 5.935792382979269632e+01 7.951625797778226001e+01 9.058673656106513761e+01 9.891556900164701460e+01 9.239192089432444277e+01 7.328757351625556282e+01 9.239192089432444277e+01 8.988864729949972343e+01 7.886500386040472677e+01 7.052541681733607959e+01 5.507037144806437823e+01 7.531797593229843812e+01 8.270960428767021710e+01 6.811004044488532827e+01 7.217718072817498864e+01 7.763249434586350617e+01 8.353188550120944456e+01
7.515658287396986736e+01 8.344833207913102058e+01 9.239772361329450234e+01 9.332601464344334374e+01 8.319725617186578859e+01 7.481943883295059550e+01 6.273606879451863705e+01 6.209548372371494906e+01 5.239106846272408546e+01 3.255506955262339375e+01 4.558228615714028820e+01 2.897913578512903499e+01 2.949658235139606433e+01 4.945637011423554696e+01 5.066744479143880397e+01 4.004622729775783085e+01 3.493235652776890987e+01 5.468398604022206655e+01 6.105605656996831243e+01 6.948505673062439314e+01 7.951625797778226001e+01 8.783837656698976559e+01 1.041659539341251985e+02 9.726849464413008661e+01 8.412588326424769036e+01 6.463839346797533381e+01 8.412588326424769036e+01 8.180085117344998480e+01 6.325138796274516295e+01 5.164033778772828498e+01 7.194971237359253280e+01 8.361551189442772625e+01 9.623485392764777657e+01 7.951146928794534574e+01 9.194396772690892305e+01 9.743665310056252338e+01 1.034388195529123493e+02
7.541139083798550757e+01 8.001103440267931433e+01 8.838124544408529459e+01 8.496111370244433658e+01 6.467776630820884520e+01 5.441892152864036802e+01 4.768847851641393021e+01 4.201233273328882944e+01 3.682560497922570875e+01 5.239106848210040823e+01 4.869634052752212483e+01 4.897194311812771161e+01 4.506145264751774704e+01 3.023172755421252589e+01 3.075208133907298702e+01 3.127107348022972033e+01 4.040134907609895976e+01 5.804321407071615369e+01 7.183465109576158625e+01 8.638449662357099612e+01 7.893171275672973763e+01 8.616087442472330338e+01 8.175712056728087873e+01 8.236818667084054368e+01 7.086311605786399070e+01 5.842544073516879166e+01 7.796339790069652054e+01 7.712445361550300049e+01 6.968914454871111275e+01 4.939977238229401735e+01 6.968914454871109854e+01 8.258527350880028450e+01 9.086588234404000275e+01 9.938045139462761313e+01 1.077722826835321968e+02 1.020094324527702554e+02 1.103755963184086113e+02
5.524103137269244002e+01 5.996161991812269321e+01 8.001103440267931433e+01 9.332595749472110924e+01 8.319725617186578859e+01 7.481943883295059550e+01 6.224052218238167455e+01 4.220971476949735290e+01 5.668497944507996067e+01 6.502005803644391335e+01 6.836559242425684602e+01 5.949614722947841727e+01 3.958608209341686290e+01 5.002744817157845603e+01 4.968053130278158136e+01 5.111459576280190475e+01 3.201369768659159121e+01 4.337860342270417391e+01 6.343562271662998597e+01 6.782659220354139507e+01 6.131952485416782395e+01 7.582576638727904594e+01 7.334083626824588009e+01 5.420190470388445902e+01 7.064892966043697697e+01 5.271034513211067463e+01 6.534218881476436991e+01 5.706683162548477384e+01 6.439429510107477483e+01 4.727128530525209982e+01 6.747539116724269093e+01 6.257780318146015475e+01 8.258527495457749978e+01 8.735665483321376712e+01 9.563851860834139984e+01 8.223659150193186917e+01 9.132133207220684312e+01
7.541139083798864817e+01 8.001103440267931433e+01 6.760140856726985703e+01 8.755140960225023150e+01 8.549528163511624257e+01 6.538727639876927356e+01 5.371549974546301343e+01 6.224052218238167455e+01 4.897793492250401215e+01 6.916443437126770277e+01 7.377297721853844337e+01 5.359172068153289814e+01 5.359172068153250024e+01 6.719289271419545173e+01 6.153447001518217974e+01 4.977751769547704441e+01 3.253573779636326435e+01 5.231670590503003382e+01 6.118559481199240224e+01 4.974493075792035768e+01 6.814146844438792527e+01 6.471727152236724123e+01 5.808567676240221545e+01 4.265552140054946761e+01 6.231411215776348200e+01 6.534218469293459464e+01 4.556776637250333550e+01 4.300939685941188628e+01 4.436990410231701532e+01 4.624050087613776583e+01 4.816410761919691197e+01 6.843785527416102354e+01 7.359483756285018785e+01 6.755480969400339575e+01 7.831849635180905977e+01 7.090419082284991248e+01 7.167604011982231782e+01
8.697348086988137084e+01 9.330785586575490242e+01 7.336689176584835081e+01 9.330785586575490242e+01 9.383781614012679029e+01 8.222293192791056526e+01 7.388591939904495121e+01 7.438428072714303596e+01 5.416790272107654403e+01 7.438428072714303596e+01 8.216692151198046190e+01 7.377297721853844337e+01 7.377297721465224356e+01 6.634310168926904794e+01 5.512594435785126734e+01 3.535751117801036969e+01 5.227789413178319222e+01 3.328861005179037136e+01 5.296234159156342258e+01 4.305022489288523957e+01 5.516532827510155812e+01 5.482714602115269997e+01 3.674888364102432092e+01 3.725708450346564860e+01 5.638918959591460833e+01 5.899499211154815015e+01 4.109315260167014827e+01 6.091053619513006367e+01 6.439429510107477483e+01 6.640026678735742394e+01 6.843785433270771534e+01 5.111687923794494282e+01 5.331834514510578060e+01 5.575244632408767842e+01 5.828515610667091096e+01 6.085530290095992711e+01 6.353121335189285190e+01
9.541330333944944186e+01 9.997703998340625731e+01 7.996942439031327865e+01 9.997703998340625731e+01 1.049459844777567099e+02 8.492146376417242948e+01 7.337358616408171486e+01 6.433303615335942993e+01 6.589296669628777181e+01 8.271522282787137215e+01 8.979193337984092693e+01 7.028788750780414318e+01 6.884020386841191907e+01 5.800663908088411347e+01 3.815282018092992189e+01 5.512594435785126734e+01 6.056770525792335746e+01 4.623204957294888828e+01 3.403118432044114883e+01 5.113986003888159360e+01 3.551211709566516106e+01 3.602663364391975875e+01 5.338309008828805702e+01 5.586175579034152605e+01 3.797607084283502132e+01 3.926182596627877075e+01 5.899689668273810383e+01 5.899206593409731170e+01 6.786635306134009227e+01 8.230086083601101166e+01 7.970188905678443803e+01 6.559714791957863156e+01 5.963173939080792962e+01 7.592405421163931578e+01 7.831849635180905977e+01 7.497051411377469776e+01 7.752551175017370610e+01
1.070976467968984025e+02 1.084709093693053603e+02 8.987485972722120664e+01 1.084709093693053603e+02 1.133406571536933853e+02 1.017385700360656955e+02 9.276877455312765619e+01 8.443552530092664199e+01 8.598363140480250877e+01 9.432086282314530479e+01 8.677753888671568916e+01 7.028788750780414318e+01 5.082374719890227510e+01 4.100020538654447932e+01 5.800663908088416321e+01 6.634310168926856477e+01 7.187293472574154407e+01 5.658729489113799360e+01 3.605411408899633585e+01 3.477310607159976286e+01 5.453831644088111119e+01 4.076037890533292796e+01 5.806662079845594349e+01 6.399671376445255078e+01 4.641448244221228236e+01 3.875988011875359973e+01 3.931592926839294222e+01 3.987420187768503155e+01 5.402402289092270848e+01 6.849527815447738988e+01 7.920198501386683176e+01 8.552320851826935666e+01 7.383175754169742788e+01 6.974946466801945633e+01 8.949490146987137962e+01 9.469910334038492294e+01 9.724486029025484868e+01
