LEM/sinusoidal_perturbations/elevation_000179.asc
nrows	100
cellsize	150.0
xllcorner	0
ncols	100
yllcorner	0
NODATA_value	-9999
[rows 51 to 67 of 100, columns 37 to 73 of 100]
7.442855056708151551e+01 8.254667170194022674e+01 7.304045133278901858e+01 5.652820610265352741e+01 5.247990216107069017e+01 7.263835402169979716e+01 7.484859505077454855e+01 5.472599753673028999e+01 4.027874372766626720e+01 5.684244452730145980e+01 4.126017119870559213e+01 6.161514373711044357e+01 7.512687449171380649e+01 7.304973525854099137e+01 6.049235399639045596e+01 7.454737319454351052e+01 9.394973328320105566e+01 1.002551059781117857e+02 8.402432326989301714e+01 1.002551059781117857e+02 1.047381215085958104e+02 1.127703468268672680e+02 1.192817075847280393e+02 1.052406032603953889e+02 1.192817075847280393e+02 1.082928809224600997e+02 9.674520336407637444e+01 8.152727076094393510e+01 6.121305987060462428e+01 7.299627197405214929e+01 9.298110146820029343e+01 1.030239147596063987e+02 9.841403802446770044e+01 7.837405298279784915e+01 6.398446944947126980e+01 8.402407377941253230e+01 9.311206777672266810e+01
7.285715158788141821e+01 7.905562562564215057e+01 5.913698629522478711e+01 4.464908658351136239e+01 6.497102064574107771e+01 7.720315092437974158e+01 7.475638657977539481e+01 6.231654198730141303e+01 5.405808869393999316e+01 3.645880125602865718e+01 5.684244452730145980e+01 6.998958814140097218e+01 7.304957494520796502e+01 5.297032656771276038e+01 7.304969453074188834e+01 8.822740765229733029e+01 8.785497672823487392e+01 9.222290533952114799e+01 7.271917933418292534e+01 9.102366400482446807e+01 8.534294970617288811e+01 1.047381215085958104e+02 1.199422289766453105e+02 1.250639267567361230e+02 1.146066355888067392e+02 1.000584269473604593e+02 8.000696386182495701e+01 6.820621097316139014e+01 8.152720388516458172e+01 6.436989565133383451e+01 7.462353265635911725e+01 9.478193565283412170e+01 9.801026347963274077e+01 7.798093164214266437e+01 6.625206164628777117e+01 8.644659926295724972e+01 9.637182432126490994e+01
6.466478249947253687e+01 7.424110828158633524e+01 6.063836977366566572e+01 4.022400486891006466e+01 4.883086501483269615e+01 6.301701470024164564e+01 6.059124434650578905e+01 4.636947530135525852e+01 3.351833276337088563e+01 3.506254312191323663e+01 5.559688494878322018e+01 6.600475787175692233e+01 6.845620465666422660e+01 4.815992940815486634e+01 6.587801096694472847e+01 6.985909889210014967e+01 6.820077579683321289e+01 7.829694329818435961e+01 6.518845025815920735e+01 7.150458677648643402e+01 8.131793922339822700e+01 9.254723713295409482e+01 1.119064158022706721e+02 1.203958208797839262e+02 1.005731388026159436e+02 8.645458106674070109e+01 7.737334216455529656e+01 8.261836222748097214e+01 8.703429536652711818e+01 6.670803308409193733e+01 8.703426312993714475e+01 1.030230465597849445e+02 1.062688928002573334e+02 9.472250244142121289e+01 8.644659926332947464e+01 6.955827752472463033e+01 7.633035732993856470e+01
6.454566015694088321e+01 5.411796464977704346e+01 5.997494078702744247e+01 5.474525023506762977e+01 3.424722888674142496e+01 4.938050236873718291e+01 5.058506655564905685e+01 3.176382833651844351e+01 5.231266133659163842e+01 5.559688492476374932e+01 3.725792584979489419e+01 5.778259515854997375e+01 6.162741557142373949e+01 4.357483782316714382e+01 4.547320643239497429e+01 4.960188839426670171e+01 5.388215330311301443e+01 5.841051391827078731e+01 7.829694329818441645e+01 8.749484725926143369e+01 9.289574862642372466e+01 9.903170301486066762e+01 1.070562203611291352e+02 1.157157268213653367e+02 1.146066355888067392e+02 1.057042076281085912e+02 8.905738289459925738e+01 1.026370814487081589e+02 8.940958719207506533e+01 6.911519559402924529e+01 8.940958719206602723e+01 1.071581750452926656e+02 1.170961377008707842e+02 1.042941792968481423e+02 8.400735925786663927e+01 7.205270865928018509e+01 8.215882595705993197e+01
5.999212660919074125e+01 3.960068887560218798e+01 3.959609574994843229e+01 4.665581735846782863e+01 4.598765622483497850e+01 2.880168913078470183e+01 3.001842974274977038e+01 5.058506655564905685e+01 6.060352163202001918e+01 6.602918979444658021e+01 5.778502732330693448e+01 3.949184119228537071e+01 4.111722028154195385e+01 6.162851361694696095e+01 6.588684286710144988e+01 4.856207883798110458e+01 6.886290446139784649e+01 5.812692727490485112e+01 6.270846914573624531e+01 6.791410485361376459e+01 7.342252181339831907e+01 7.962811152849722873e+01 8.833196301436072417e+01 1.020271548275561742e+02 1.213544021638051049e+02 1.171888482799393358e+02 1.089584588794646152e+02 1.039290371995746796e+02 9.182891823287936006e+01 7.158818158088011785e+01 7.886938475758987011e+01 8.898733508766245848e+01 1.088653160010644285e+02 1.120070155300583394e+02 9.475273877684601587e+01 7.469905583853430642e+01 9.475273877684601587e+01
5.212292387882869349e+01 4.373382661376015790e+01 2.500372012094870655e+01 2.608460275753033741e+01 2.717464070587795533e+01 4.774869696169301392e+01 5.058440354636448433e+01 4.463490815857750249e+01 6.495001966015280459e+01 7.166961598809263023e+01 5.148615930487561343e+01 6.002186736058337857e+01 4.652228213507702748e+01 6.109306260097918084e+01 7.681612815028996977e+01 6.886279832016877833e+01 5.171832931012312429e+01 7.188599419087162801e+01 8.243912126751972380e+01 7.886824271782296591e+01 9.289574862642372466e+01 9.903170301486066762e+01 1.070562203611291352e+02 1.157157268213653367e+02 1.263979020824959889e+02 1.150324175624800773e+02 1.068509867120089751e+02 9.570244987853020291e+01 7.557230391020256377e+01 7.997939969775579527e+01 9.889570190191385279e+01 1.071581752139986889e+02 1.170961377567114283e+02 1.071426967739472502e+02 9.006352728224102577e+01 7.740412191406812781e+01 8.902044505199604885e+01
4.247732620490505440e+01 2.348955444396155556e+01 4.403528702454057253e+01 4.665575118503981145e+01 3.159367165016810830e+01 4.017063887185515370e+01 6.013968948991815466e+01 6.495001965866613602e+01 7.313904700471255182e+01 7.979629034584120006e+01 6.329119386720817886e+01 7.275372603378370684e+01 5.256342425326398882e+01 7.275581238956826269e+01 8.949072466461555564e+01 7.435332227625205803e+01 5.430131050509172042e+01 6.860384999504391601e+01 8.823410406413093199e+01 9.832770897696781276e+01 1.063606160259530355e+02 1.087584404107732468e+02 1.073160127715520673e+02 1.153440487817844655e+02 1.181790571108488592e+02 9.855826433789280827e+01 8.726545746435367334e+01 7.969103255480376902e+01 9.570245130841439618e+01 1.000067628459201075e+02 9.419561563171106400e+01 1.140631460347586028e+02 1.209866259238935413e+02 9.960593471609945482e+01 8.889520170959266920e+01 8.026224734752895529e+01 1.002502088274000016e+02
2.197729984121013658e+01 4.252048325562513753e+01 5.237154503960599783e+01 5.633266551801901301e+01 3.610396620094513764e+01 5.626500562312656228e+01 5.655546774901741003e+01 7.035733605061301432e+01 8.893639609639774335e+01 9.116398370430816556e+01 8.311107149501002311e+01 7.950694950179821774e+01 5.944844682526694157e+01 7.949546353873719795e+01 9.048120459679518035e+01 7.113992637819907827e+01 5.695052669361444231e+01 7.688481617271540358e+01 8.383270390815236794e+01 8.696482637114321790e+01 9.093947199712634699e+01 8.941181955812295712e+01 8.796651144079095275e+01 1.016566664250246674e+02 1.209788834755050715e+02 1.150324175638508564e+02 1.050449247951431744e+02 8.292472720950381415e+01 9.146461688877522533e+01 1.061365646427312157e+02 1.140702587111841240e+02 1.224634642540354008e+02 1.291750740462079534e+02 1.164795298014672085e+02 1.039777720403847354e+02 8.440389816910946763e+01 8.683447750563878742e+01
3.204539163434098725e+01 2.413404410071645856e+01 4.467905240492252972e+01 5.519046762591981548e+01 5.633535998869962214e+01 4.314376918729907828e+01 6.321688711062280674e+01 7.646596974103768218e+01 8.315381802925612931e+01 9.125018178739979646e+01 1.009396550547828753e+02 8.812302649648368913e+01 6.953566485315347734e+01 8.802741200022616397e+01 8.803634052756704875e+01 6.860158358213801932e+01 7.688481617271540358e+01 6.103045806606462520e+01 6.417613852712699440e+01 6.740472785902701958e+01 7.146776461303872452e+01 7.566542567116061946e+01 9.507831361281905913e+01 1.106961866370956074e+02 1.203697273984480489e+02 1.326223982657567433e+02 1.163885298810090205e+02 9.349330388515458878e+01 8.758899959383988687e+01 9.866396182365159007e+01 1.127195668387488183e+02 1.326937512534294683e+02 1.253542698822599988e+02 1.067689558305792019e+02 9.335544679580546301e+01 9.024525633307497685e+01 1.066930920386170101e+02
5.144610009762806158e+01 4.467905243242902458e+01 2.630689236251944862e+01 4.685995382792336983e+01 5.741973253654785481e+01 6.321688711062280674e+01 5.079551755782387801e+01 5.656708063052554536e+01 6.317994166856449567e+01 7.314754640683500497e+01 9.281536100140549195e+01 9.794417808086727462e+01 8.996002611677837990e+01 9.859907520136933101e+01 9.618264097245129562e+01 7.998108816606679738e+01 8.770670842891232155e+01 6.815195553951397756e+01 8.383270390815236794e+01 8.696482637114321790e+01 7.546685343183170858e+01 9.489725431453392446e+01 8.330933940970807328e+01 9.300882231670053102e+01 1.123383826403660777e+02 1.243514129217025328e+02 1.043667733976472931e+02 9.309443039285579857e+01 1.070790553652877577e+02 9.713078326938891394e+01 1.111718191063084760e+02 1.311637756327618263e+02 1.240478410515138705e+02 1.045784297446662663e+02 1.128071711925419436e+02 9.624194816513137596e+01 1.158841998688223072e+02
5.882610089846655654e+01 3.827870696020353591e+01 4.686262565516944534e+01 2.855808526149552407e+01 4.315920331902166396e+01 6.347447905914682309e+01 7.075703325921493558e+01 7.651004358558560625e+01 8.315381802925612931e+01 9.125026577893669355e+01 1.009396550547828753e+02 1.030321679363186718e+02 9.464572495644412697e+01 1.030953067471263864e+02 1.075056481123833123e+02 9.939761057492790997e+01 9.576963306516887542e+01 7.800603004065524715e+01 9.576963306516887542e+01 1.010248294967638003e+02 8.164773538699617461e+01 1.010248294967638003e+02 9.198707220990364419e+01 1.026736024785332972e+02 1.203697273984480489e+02 1.243618355927154369e+02 1.043802858331023771e+02 1.128254824601769428e+02 1.009970756042268505e+02 1.170273277283963864e+02 1.111718191065398997e+02 1.311637760578751113e+02 1.322938924426679819e+02 1.157217502469894725e+02 1.224527049274258701e+02 1.027471897516152239e+02 1.224527049274258701e+02
5.513221022828650320e+01 5.853794125288690253e+01 4.864130598157743179e+01 3.017706686068604682e+01 5.071747004266963899e+01 6.133841206597439566e+01 6.555499027791915978e+01 7.411310311117284755e+01 7.917540770914244774e+01 8.727068512878744855e+01 9.439567405194077310e+01 9.309454533438072588e+01 7.496979151334441838e+01 9.309454533438085377e+01 9.909323133272127393e+01 1.071058651530641299e+02 1.054848701583503328e+02 9.743906894547070863e+01 1.054848701583503328e+02 1.090478184737628595e+02 9.033456921787220040e+01 1.090478184737628595e+02 1.031586114599406727e+02 1.193486898617438356e+02 1.300644181179757481e+02 1.326305156984422524e+02 1.159271028229154297e+02 1.276483545063778990e+02 1.076609192416149199e+02 1.209858760847901493e+02 1.311637760578751113e+02 1.394349173693870512e+02 1.437269793466552414e+02 1.354214926047102665e+02 1.307658501667638973e+02 1.124935627874471322e+02 1.307658501667638973e+02
7.526202954800130840e+01 6.507975762765526895e+01 4.481211891244356593e+01 5.071747004266963899e+01 3.252672557627542460e+01 5.304658353232809986e+01 4.706071484488333567e+01 6.386297363016417705e+01 5.946840606720425626e+01 7.917540770914244774e+01 7.501435598843929142e+01 7.501435598843929142e+01 6.549247336975457756e+01 8.452500376407155613e+01 8.001847386632522330e+01 9.910887331155720403e+01 9.683547507713697655e+01 1.048726476102988556e+02 1.145127136177531071e+02 1.177022339545358136e+02 1.040160175978439980e+02 1.177022339545358136e+02 1.224667406788319397e+02 1.305181917381187873e+02 1.453053485486640568e+02 1.441541659751630391e+02 1.358838948303954055e+02 1.359139849996593910e+02 1.166315237096810193e+02 1.359139849996593910e+02 1.492173164919560122e+02 1.491991902876683866e+02 1.410842143226427368e+02 1.410842141414926232e+02 1.407592959716401424e+02 1.324118470674045227e+02 1.407592959716401424e+02
8.144541352094206843e+01 7.337855613022928480e+01 6.517166478318787881e+01 5.292296052754113589e+01 4.339023762353698288e+01 3.493211248742486674e+01 3.668386937935594716e+01 4.513641810537330201e+01 6.524045321121209895e+01 6.543543369187706560e+01 6.761107577247027223e+01 5.570089793700569203e+01 7.335285914722514633e+01 6.627918252444416680e+01 8.171866847210593221e+01 8.653360932382358328e+01 7.756244903041761063e+01 8.724648943792573164e+01 1.007667509000515338e+02 1.200833804868231596e+02 1.233316376786142285e+02 1.271850403410075216e+02 1.353154581525137701e+02 1.396334526451901183e+02 1.257753251132823493e+02 1.314955365407732870e+02 1.510735645779715810e+02 1.448316469841416563e+02 1.307184769683901777e+02 1.448316469841416563e+02 1.451568654733748645e+02 1.410842143226427368e+02 1.217608764818598814e+02 1.217608764815473563e+02 1.317390473784654716e+02 1.398156150238894213e+02 1.510277488725802755e+02
7.146994186019013284e+01 7.947990319809531456e+01 8.102513412756303524e+01 6.271316175989685604e+01 6.246220368770681830e+01 4.250415020016087198e+01 5.718853356557951173e+01 3.927904260020883953e+01 5.976736562729093549e+01 4.504824552058988729e+01 4.728761505226641759e+01 4.975159563495029857e+01 5.351818587303549890e+01 5.775281661552364199e+01 6.202095069289558893e+01 6.694723163258640852e+01 7.510694544274942075e+01 8.482208443053694680e+01 9.833253640625045477e+01 1.176147810284375765e+02 1.240234643159687806e+02 1.076558350743256796e+02 1.240234643159687806e+02 1.314955365407732870e+02 1.120111734221962934e+02 1.314955365407732870e+02 1.402175702562137758e+02 1.500040560425030378e+02 1.506666372581308906e+02 1.451568654733748645e+02 1.257892526006947662e+02 1.293432757820995391e+02 1.274205511002665645e+02 1.082264832510280286e+02 1.125052517910425252e+02 1.235637420154996704e+02 1.429067221879720933e+02
5.143225287329710937e+01 6.807775455889819227e+01 7.971445194845725268e+01 8.223506893428425713e+01 7.123661174201211566e+01 5.194602846565845056e+01 6.800663923712933467e+01 5.976649652729913953e+01 4.192910879493005183e+01 6.238371860194066443e+01 6.761107577247027223e+01 6.997254267001012806e+01 5.444485553252763310e+01 7.450080439067926363e+01 8.171866847210593221e+01 7.493325914251441588e+01 8.499264232634165239e+01 1.024266706839055558e+02 1.120549386170956296e+02 1.227114731066002662e+02 1.145931096697650133e+02 9.628411429206916239e+01 1.115519291165684024e+02 1.154031420043378375e+02 1.050829223288537975e+02 1.125887639734371533e+02 1.223236941886192000e+02 1.360889745666198394e+02 1.556933754328039470e+02 1.430229593844021849e+02 1.236769653050531872e+02 1.101139823315088933e+02 1.197286290568042944e+02 1.014346468426313663e+02 1.206344232011233970e+02 1.349885262173960996e+02 1.404842217749316546e+02
3.954710878809144958e+01 5.143350167733367329e+01 7.156221673602873068e+01 8.400787448865607132e+01 8.016009062232512861e+01 6.629124600252414723e+01 8.015661651631437223e+01 6.604049732643758830e+01 4.568607856214511997e+01 6.020844322581502439e+01 8.012042209452893360e+01 7.776866252059382134e+01 5.783262268340543244e+01 7.220014052031827134e+01 9.189145930679794105e+01 9.235814611229199045e+01 1.009884569358374904e+02 1.123170077920356817e+02 1.227114797061564957e+02 1.113872981140851266e+02 9.497301844400423931e+01 8.824478311421511023e+01 9.187317391838026026e+01 9.576573233860180778e+01 1.012746439809073564e+02 1.110827650280640739e+02 1.248496702024708185e+02 1.443747693154112710e+02 1.415541962423546352e+02 1.335084825354423401e+02 1.374109530838713056e+02 1.197286290568042944e+02 1.004929930998960543e+02 9.656872736681447122e+01 1.077115392323987635e+02 1.269306348191689011e+02 1.392678319722401739e+02
