LEM/sinusoidal_perturbations/elevation_000432.asc
nrows	100
cellsize	150.0
xllcorner	0
ncols	100
yllcorner	0
NODATA_value	-9999
[rows 68 to 84 of 100, columns 0 to 36 of 100]
5.009162696260268353e-03 1.998912071241253585e+01 2.071450600193865199e+01 2.098284449604815549e+01 1.211909773965739490e+01 2.144271558049208792e+01 2.077166795951978173e+00 1.649681739822975857e+01 1.659552215018598886e+01 2.317104042169764710e+01 3.917499609227213409e+00 7.852701612036594447e+00 1.421160411027066317e+01 2.147498805360164553e+01 1.644640245253451738e+01 2.484506732515380634e+01 7.553649630689683647e+00 2.668604969230533897e+01 3.285030287444683239e+01 1.531780473718867519e+01 8.455506233471108857e+00 2.845356508918525762e+01 9.429823246035480722e+00 9.778711906736315740e+00 1.012855903205283958e+01 1.047775296577356663e+01 1.091354859539076472e+01 3.088054628445182814e+01 3.730221979498663387e+01 4.619784475650386213e+01 4.392871032591644109e+01 5.809774228958065123e+01 6.989226410436994286e+01 6.535883957274536726e+01 5.441636745957193000e+01 3.516588372109195149e+01 3.179570776822497535e+01
4.695337527364121070e-03 1.000468880987424214e+01 2.414526296965713215e+01 3.880717887693121071e+01 3.053676316312978400e+01 1.627623748763470601e+01 1.894469277340954250e+01 2.536630806032770025e+00 2.155740829973725425e+01 3.454914218982024554e+00 1.427675621739320633e+01 4.384687244998343836e+00 4.715115008769859450e+00 5.045463652745171501e+00 5.376023993977489646e+00 5.706800190900947811e+00 6.037571759284925399e+00 2.595464135538760075e+01 3.347268802094336593e+01 2.807803831464317312e+01 8.118724153372321339e+00 2.654697744584849417e+01 3.672336467454769604e+01 3.357190744171411012e+01 2.342131594038087883e+01 1.242831593262810586e+01 3.087271525908803937e+01 1.153507222014865796e+01 1.959417259028491642e+01 3.715219147820032930e+01 2.938740798003480492e+01 4.101610339138185424e+01 6.140263577057665145e+01 7.439273851295851614e+01 5.481070306669010250e+01 4.504040856622917488e+01 5.143025672532501602e+01
7.614146464036155443e-03 2.000761414646368053e+01 3.817061489831287702e+01 5.221217929316585327e+01 3.635699872797641774e+01 3.632647386344691398e+01 1.753057958055302379e+01 3.423345825890784955e+00 2.994670936827068086e+00 5.794134273930136914e+00 2.345121443938731076e+01 2.732331877269702147e+01 2.515597435338025178e+01 1.309665434861432232e+01 2.518767048120708907e+01 2.561198205998262978e+01 2.497580062396326994e+01 6.508900915562886524e+00 2.526245619482933691e+01 2.649632642233803637e+01 7.787434661718370954e+00 2.786567899051759412e+01 4.580102006560885286e+01 5.508551560210116094e+01 4.742614546861983627e+01 4.735211359560857858e+01 3.433691765398796036e+01 3.147865034892226532e+01 1.215573817258276357e+01 1.865392774929370034e+01 3.871116598032954670e+01 4.707003373886813336e+01 5.449390085973801945e+01 6.350881762767323124e+01 7.259060868657969934e+01 5.882130197796458049e+01 6.337845025832877610e+01
2.352828262072654761e-03 1.154937265589804518e+01 2.569246280074190381e+01 4.572705956762592905e+01 5.635105421760453481e+01 4.722585782202897775e+01 3.059635360413748373e+01 9.585979156240300725e+00 2.278159813677319789e+01 1.644941665267431929e+01 9.946225065520978958e+00 2.911543533618078072e+01 3.916944831515543513e+01 3.285656539822734601e+01 2.813520198350341417e+01 3.856301507858209732e+01 1.999263790579736977e+01 7.551626767265648077e+00 6.983991436662464913e+00 7.318698945294304536e+00 8.096509168159339964e+00 1.765711303037535984e+01 2.860675896555146025e+01 4.818709399071440203e+01 5.766137737763021676e+01 3.803268438964898479e+01 3.821775754171443396e+01 3.254249972213647624e+01 1.259042619776560201e+01 1.497199886658644985e+01 2.045357794164369025e+01 2.688500219849097306e+01 3.399610508467349490e+01 4.571514275819669137e+01 6.757357853068857878e+01 7.811794213531652531e+01 7.231548183292881049e+01
6.786455232800275850e-03 2.000678645523244370e+01 3.861995329414503431e+01 4.690422454160605525e+01 5.845122992539731399e+01 4.552501108547740927e+01 2.444873123451976582e+01 2.326437350328522413e+01 3.733520489320917335e+01 2.139238746772347000e+01 2.920509719861991726e+01 1.449862448690391226e+01 2.821479791746645205e+01 4.743765367344359163e+01 3.999516267483777199e+01 4.543575150822351816e+01 2.996186348026066781e+01 9.875291953978534210e+00 2.729380243347954860e+01 1.310569031907509974e+01 3.041540032007638672e+01 2.627915343704777129e+01 4.605784477285730816e+01 5.651377948947589402e+01 5.023310381071521391e+01 3.782394060718349493e+01 1.601155105410354906e+01 1.319333289539003751e+01 3.252336514892928676e+01 2.210501532060807861e+01 4.085163876738694455e+01 4.707003373886813336e+01 5.449390085973801945e+01 6.351612692191778109e+01 7.637658407085397982e+01 7.595581044070011956e+01 7.498560031764993994e+01
3.257643153035955173e-03 2.000325764315267918e+01 1.861995329414574485e+01 3.016695867793805519e+01 5.016695867793734465e+01 5.402133055394769912e+01 4.552501108547740927e+01 4.295370644189827658e+01 4.050749572629842987e+01 3.143431100432130165e+01 3.642219152728080900e+01 1.779746034628715989e+01 3.112901193962355961e+01 5.013987098044441382e+01 5.370447704043982640e+01 4.772796930049592845e+01 2.660394373297549109e+01 1.222411496608296311e+01 3.246180793025860112e+01 3.334033339445845456e+01 4.365345493894915307e+01 4.736898799546059280e+01 5.641665728816325043e+01 5.659063299173853778e+01 3.720716945824861455e+01 2.368661281481928071e+01 1.378775252375177018e+01 3.312091214556425456e+01 4.131281266162586263e+01 3.645971789778284489e+01 3.646029730425182436e+01 5.638017460004942194e+01 7.293389060004537328e+01 6.704030120049192476e+01 7.062206849721086144e+01 5.648443007873011368e+01 5.506369120684204432e+01
1.880098487986705483e-03 7.072947910353431844e+00 2.707294791035378623e+01 3.668860221826678014e+01 4.261043124306709728e+01 4.912266095036537195e+01 5.722593588232307127e+01 6.419431764665291951e+01 5.681637592441205697e+01 4.938524815154066516e+01 3.958952043011859701e+01 2.120019471113334930e+01 3.418385164130570786e+01 5.263997485144467703e+01 6.615944171821062980e+01 4.544242313449567661e+01 2.718428469810667636e+01 1.454232806704648695e+01 3.482093200330103855e+01 3.229734959459003107e+01 4.386834732803465187e+01 6.376371619735486718e+01 7.004519395436231832e+01 5.726480063385498909e+01 3.870074770339843440e+01 2.554685880819651800e+01 1.420678917282354270e+01 2.848534117410440558e+01 4.888639907926494743e+01 5.634525699125254761e+01 5.637673113574799544e+01 6.454636143513089053e+01 5.268567072325890877e+01 4.673978809673483426e+01 6.104522636514340661e+01 4.240760019221196586e+01 6.238587869181696277e+01
2.900726248362994839e-03 2.000290072624800786e+01 1.141174294756836716e+01 1.695458099096386562e+01 2.296952496468244220e+01 2.958781135057137135e+01 4.341962767807481782e+01 6.289113321432034098e+01 6.265032654883834340e+01 4.389742779539185591e+01 3.104681730422074182e+01 2.521121232324244232e+01 4.340440062813145516e+01 5.796661913936885213e+01 6.847917490989377143e+01 4.721737678870213983e+01 2.826828093087863536e+01 3.482309419548469975e+01 1.809664004767671486e+01 3.264906237459950233e+01 5.445687592553522904e+01 7.192251748985408710e+01 6.180920751626999277e+01 4.219235611919005180e+01 4.484402304632157410e+01 3.458704688291994245e+01 1.462710475352863781e+01 2.914955165613694987e+01 5.034040282067464744e+01 4.907617987076213950e+01 4.232121811619217766e+01 5.069915028384147604e+01 5.258934911666617751e+01 3.235653288670880556e+01 4.758150045563458974e+01 3.606936903198273825e+01 5.409210186920540764e+01
5.081304048347549951e-03 3.854083098645860517e+00 1.017821589469992638e+01 1.684043785418046468e+01 3.652168855935477865e+01 4.912266095036537195e+01 4.554705616773761534e+01 6.503248842872363866e+01 6.264863795891518095e+01 4.389741907526956766e+01 3.797680220371751858e+01 3.797680254015753576e+01 3.192531000529238128e+01 4.296431204216881383e+01 6.099228666746472527e+01 5.783124143020634023e+01 4.924710947713445819e+01 4.110571048706643182e+01 2.076449596068473014e+01 3.506924090269495764e+01 5.567903722650884646e+01 6.874602068024809398e+01 5.868198138009847042e+01 4.592945484247887578e+01 2.582002463006105231e+01 1.679551339779448327e+01 1.505031254423725962e+01 3.510984937892231983e+01 3.631813563898580099e+01 3.498154323559131740e+01 2.392084891581944106e+01 4.105097831833423072e+01 4.101511426953378248e+01 2.470735037627092368e+01 2.748382201621651788e+01 3.072733462851208586e+01 3.403619684837354953e+01
4.469920835086939326e-03 2.000443721911872785e+01 2.372716824051742890e+01 3.652168685172726015e+01 2.829603362203759076e+01 3.959883318172324351e+01 5.890396551701964967e+01 7.317958226018967594e+01 7.056089407071979736e+01 6.264862689989294608e+01 4.849887843510606444e+01 5.650778154322836144e+01 3.912123108127486404e+01 4.459225137058744792e+01 6.337710765365447685e+01 6.902415959083565156e+01 5.851766056788324732e+01 3.785164978273772363e+01 2.352832005392934178e+01 4.390406790230799317e+01 5.768806241446981886e+01 6.038164413408163966e+01 4.028061893919323211e+01 3.024732674128222598e+01 2.244687247185832391e+01 3.695449644051577565e+01 3.079062764763225246e+01 1.566319489169484136e+01 1.610286304867233653e+01 1.654888147128736975e+01 1.700016260771595711e+01 2.134647910786842573e+01 2.110436939398863032e+01 4.118264070957981460e+01 4.758150221474012653e+01 5.079490769023534114e+01 4.299314636826183289e+01
2.324776005098761877e-03 1.414446048028820613e+01 3.414447656451625335e+01 5.148138333704065417e+01 4.775814216649492039e+01 5.579249511161462749e+01 6.696446925666640482e+01 7.955844475494173196e+01 7.127417626522036187e+01 7.541099742333142331e+01 6.744779062859144858e+01 6.561459434555385428e+01 4.816013233245875824e+01 6.337710765365447685e+01 7.134098690815022792e+01 6.044852199608127563e+01 3.968885509234442566e+01 3.252748451810993657e+01 3.063035821909025813e+01 2.862681272510117125e+01 4.910737089690529444e+01 6.874602068024809398e+01 5.868198138009847042e+01 4.763238188104190840e+01 2.752922557405191384e+01 4.753349798799591497e+01 4.270412276574452193e+01 2.466085654327356380e+01 2.739237024582996227e+01 3.662887022209564236e+01 3.708697782052273340e+01 1.764444737058738966e+01 3.771848300926456687e+01 4.945261763409444455e+01 6.214282221178341814e+01 7.046342372442700253e+01 6.307134551332057981e+01
8.699724428260374037e-03 2.000869972442790612e+01 3.645223706478721937e+01 4.645412944257324028e+01 6.059291237897600979e+01 6.250134931963469853e+01 7.078347955318965035e+01 6.801144105828591080e+01 5.127417764010385071e+01 6.680584214845836755e+01 7.509011053727380158e+01 7.516075660538020031e+01 6.716875352495353013e+01 7.516075660538020031e+01 7.520145358895663890e+01 5.433765764554973288e+01 6.044852175700492580e+01 5.310886902053885450e+01 3.826674539392038810e+01 3.241776741911846926e+01 4.689098888642793383e+01 6.773135713776402156e+01 6.407505640646921563e+01 4.393697510949100860e+01 3.358767736519357072e+01 5.371029482273514333e+01 5.261283333356325898e+01 3.618494437914272055e+01 4.106333264180411646e+01 5.263164998190023880e+01 3.818533991256796867e+01 1.810811340961814153e+01 3.748089747424693030e+01 4.913876738032389113e+01 4.195709421689620200e+01 5.623494545779771414e+01 7.640569839608434677e+01
2.249585233037712084e-03 8.167215394513370086e+00 1.816721539746410485e+01 3.230935204213398038e+01 4.835926073447546969e+01 4.250160606962464982e+01 6.250134931963469853e+01 5.906716992474025574e+01 3.972717226618560460e+01 4.680584329896890239e+01 6.354310679021281061e+01 7.095438931303726804e+01 7.095438931303726804e+01 7.914477371596107957e+01 8.371115921943076899e+01 7.520145358895663890e+01 7.105954130859262818e+01 5.017262363109177414e+01 5.713441358874312925e+01 3.643608563637671693e+01 5.101434053774187305e+01 7.191049129021810415e+01 7.246794979235630763e+01 5.371029482273514333e+01 4.116996679270840787e+01 6.138533828995223018e+01 6.365090797581549964e+01 5.567284247449941859e+01 5.995004012401094684e+01 4.585610725783524089e+01 2.756312337068133189e+01 1.857084841767985139e+01 3.862351201076153728e+01 2.925231705871958710e+01 4.937623085245893151e+01 5.174349558298352747e+01 5.853716142057967176e+01
2.739267172789772273e-04 1.414240955044835424e+01 3.414240955044905945e+01 3.766900264774633200e+01 2.835947252638604965e+01 4.835939524551888269e+01 4.803123718611985282e+01 5.078290002854423335e+01 3.078290035627524546e+01 3.525883792730515154e+01 5.525883742891339523e+01 5.107321270898360410e+01 5.107321270898360410e+01 7.095438931303726804e+01 8.427656957045127228e+01 8.799534041150107555e+01 6.725330731729577849e+01 7.105954130859262818e+01 6.168157421331211765e+01 4.084484580023555367e+01 6.168157421331211765e+01 7.845241973616330711e+01 8.239670460462141932e+01 6.998436047263331261e+01 5.280993401873421078e+01 6.998436047263331261e+01 7.291442594142301914e+01 6.462918105379014833e+01 5.461803234997012169e+01 4.239641694699582786e+01 2.237849789660073441e+01 3.837275724233134611e+01 1.923175086454822136e+01 3.926698895432674874e+01 4.320150274695278370e+01 3.179243484117208141e+01 3.825654556957255892e+01
8.327778614586212741e-03 2.000832777861423040e+01 3.766900264774633200e+01 1.766902285507193682e+01 3.766900264774633200e+01 3.142727203602488473e+01 2.803123757717206033e+01 3.640886497555788281e+01 2.371183254441033128e+01 4.247712259221169973e+01 4.692207081357203435e+01 3.694786710880041625e+01 5.689627451834357430e+01 5.623857918170837422e+01 7.609247294733738443e+01 8.687539343609911668e+01 8.799534041150107555e+01 7.647561328715573836e+01 5.555353805840063330e+01 6.168157260189266111e+01 4.892801758358916686e+01 6.380679252057845474e+01 8.465149601973742222e+01 8.253515018895821242e+01 7.340962797065833456e+01 7.474422561890845884e+01 6.462918105379014833e+01 4.455447514775021745e+01 4.631124049173064350e+01 2.627368226620746228e+01 4.239641694699582786e+01 4.609939760645967510e+01 2.843743031571955271e+01 1.989161564201275922e+01 2.435604919693601289e+01 4.320193352898427008e+01 5.853716142057967176e+01
6.510866554257996840e-03 2.000651086655390287e+01 2.388499770413767109e+01 1.163879596351677037e+01 2.799730034987091898e+01 1.142727213802680453e+01 1.388910195761343758e+01 1.640886511100824308e+01 1.939028908100791071e+01 2.247635608024985387e+01 2.694849202269783106e+01 3.327303747494394770e+01 3.993956148427306374e+01 4.888100643784417088e+01 5.886428578576886395e+01 7.291638726760027112e+01 9.265981856621002066e+01 8.497201519167218464e+01 7.647528188161894036e+01 6.380675737823032279e+01 5.944758431626261341e+01 7.845254684309122695e+01 9.089044709225322549e+01 8.267208737651695571e+01 7.474422561889319638e+01 5.487411974182744956e+01 5.857162397544882992e+01 5.043422037730373120e+01 3.036358094035692190e+01 4.631124049173064350e+01 5.461803234997013590e+01 5.775007655728746414e+01 4.651916255830666813e+01 3.993086196803698584e+01 2.055211849836100413e+01 4.058424886035450641e+01 5.593258352623043805e+01
8.953482861371391335e-03 1.942426460952696665e+00 3.884998185667221549e+00 5.865293271620561910e+00 7.997300435176657452e+00 1.354430239742889874e+01 3.354430035026403090e+01 3.640886497632002516e+01 3.352408875489413731e+01 4.247712259221169973e+01 2.896520184014590171e+01 3.412913840384654662e+01 4.045329743944943601e+01 4.939111749237694227e+01 5.935910415304610410e+01 7.336492370496534932e+01 9.306280994815618612e+01 9.321548652989187644e+01 9.303608061335800983e+01 7.862706692046641876e+01 7.433085712541785028e+01 8.884936013248149322e+01 8.272886433776167792e+01 6.278155424655076189e+01 6.863849463503184722e+01 5.857162397537236842e+01 3.847710337257848323e+01 3.485881652281363330e+01 5.043422037730351803e+01 5.873445054458330361e+01 6.765882869665105659e+01 5.345118332628439362e+01 4.224532193819304382e+01 2.282590030805005199e+01 2.101849739104702408e+01 4.082146744247432935e+01 3.584885400463332417e+01
