LEM/sinusoidal_perturbations/elevation_000256.asc
nrows	100
cellsize	150.0
xllcorner	0
ncols	100
yllcorner	0
NODATA_value	-9999
[rows 34 to 50 of 100, columns 0 to 36 of 100]
2.064481644892168701e-03 1.953972941085584836e+01 2.512670647552277714e+01 3.277003084359731844e+01 3.101850776390293873e+01 1.508330837025176230e+01 2.232266070300305660e+00 5.562262882195543767e+00 8.768881820335435506e+00 2.717165947740454257e+01 1.773571154576720943e+01 3.729541127467333439e+01 4.884797501197812153e+01 4.519246788941544679e+01 6.337655341297017486e+01 7.471120096898192742e+01 6.500564161098614591e+01 4.371900259611947348e+01 6.500564161098614591e+01 4.436794201206548394e+01 5.954749074535816078e+01 8.057935227635204001e+01 7.493708673677281240e+01 5.588305482206070707e+01 4.489979281313856063e+01 4.695291078327177559e+01 6.442398071598718445e+01 7.796290831155586432e+01 6.648906263659787896e+01 4.572570466041916859e+01 4.691883566500634117e+01 5.400317275548512441e+01 6.189467490153111129e+01 7.369410209847488602e+01 9.354255744143176798e+01 1.017057948657033961e+02 9.862916628439116096e+01
2.905961989428186391e-03 1.990966770242671657e+01 3.338059364446434074e+01 4.134124017370064053e+01 3.633853160011814509e+01 2.274283160845553198e+01 2.534431777802704566e+00 1.784484338104577716e+01 2.615770876412289070e+01 1.320314714513534682e+01 3.197250946429294771e+01 4.554037871545015292e+01 5.957086457928886603e+01 6.522626033049151317e+01 7.335196411081261658e+01 7.441444066751306252e+01 5.333560786152148125e+01 3.816880217652828122e+01 5.285620295660169177e+01 3.862043550930147973e+01 5.381015667934525482e+01 7.495812073230604256e+01 8.259054866574695097e+01 6.339978248771554803e+01 5.646800665530324892e+01 3.695378971100144128e+01 5.088505312041851170e+01 6.411073269104907979e+01 5.569996096651309614e+01 3.968674433109082855e+01 5.474001890539117454e+01 7.445255920140920125e+01 8.208304640542539232e+01 9.024713919668974427e+01 9.590958609687524472e+01 8.195731241308737935e+01 7.880697825616448426e+01
3.542675937824442140e-03 7.819966344792828039e+00 1.890912420692309581e+01 3.963592734571091825e+01 3.411572453933196414e+01 7.742804546133013055e+00 8.523660978131356813e+00 2.962301486294058428e+00 2.612431290658275884e+01 3.178601979914365572e+01 3.847651871878768759e+01 4.449057670657508368e+01 3.823306132200484342e+01 5.342014466467031042e+01 7.442664539994794382e+01 6.673847499612811873e+01 4.550878978442236900e+01 3.311216393036593075e+01 3.146761991299183592e+01 5.279836056822346535e+01 6.845333159473980800e+01 7.344944589433872295e+01 6.502788434451348110e+01 5.704379249950177666e+01 4.418667537839293402e+01 3.234751462074996908e+01 5.230708992636305510e+01 5.087460285223581735e+01 3.439175648666741836e+01 5.569996096651309614e+01 6.907891657690105092e+01 8.341780999980791478e+01 8.558099835345278450e+01 9.371823626414473551e+01 8.589231365199890433e+01 6.757646099781409532e+01 6.698918971102195030e+01
3.411803931810562015e-03 1.999448023628744053e+01 3.641974591463682032e+01 4.754562916848387744e+01 3.137580021502937200e+01 1.436224409891914888e+01 1.694979291925513110e+01 3.264924874594316684e+00 7.457664614463232589e+00 1.183123187225062090e+01 1.710330470748524334e+01 2.287702685315317552e+01 4.449057670919720664e+01 6.541918535886334496e+01 7.744138550170767132e+01 7.527269127046089636e+01 6.312409397654869991e+01 4.817846777108594836e+01 2.676565699935824583e+01 4.184336233629797874e+01 6.246310250027795519e+01 5.343140866334146466e+01 5.515154609335645119e+01 3.791282172460541489e+01 4.305178005323553947e+01 2.814253792852396785e+01 4.602705981001666657e+01 2.935610061218149980e+01 5.087460285223581735e+01 6.133703194077402543e+01 6.960320340722350352e+01 7.830600396952691256e+01 6.535435237515068252e+01 8.213872915554743770e+01 7.765898500156457374e+01 5.708576330609987082e+01 7.765898500156457374e+01
3.327314952832964925e-03 1.224246842252834178e+01 2.943068919554771412e+01 5.123037643856025625e+01 3.689453441402065437e+01 2.692008595163248685e+01 1.818378507056748816e+01 3.568424629957628103e+00 2.503540406441232591e+01 3.152226288684053657e+01 2.932466269204025267e+01 4.442146948109184734e+01 3.544023909067754374e+01 4.789391521726155077e+01 6.908523127998718394e+01 6.052966046836732517e+01 4.956385460540781907e+01 4.083604788317077094e+01 2.362220321818073998e+01 4.508714110738465308e+01 5.929455602225578303e+01 3.877397101811578040e+01 4.476692164828756404e+01 2.641898269598034688e+01 2.236846566917113321e+01 3.837338077852884055e+01 2.457589789109917433e+01 4.536205295727989295e+01 4.725106768694482895e+01 4.018209491695776592e+01 4.915308234774606433e+01 6.195424808098665181e+01 5.320705294172576316e+01 7.390313885307682540e+01 6.625734188331126973e+01 5.190024256558618987e+01 6.408637743322368863e+01
6.779948344387334673e-03 2.000677994834403250e+01 3.983110385774995876e+01 4.692273240830925118e+01 3.152085419100897212e+01 2.867089998615459123e+01 2.141993316753995202e+01 3.872037183793354487e+00 2.021866222389352075e+01 4.530498578159635059e+01 5.030710423814758059e+01 5.834749938779086875e+01 5.685172139199790564e+01 5.781452418857691100e+01 5.422239801150827532e+01 4.551810080461045516e+01 3.050049496047697062e+01 1.929356889595029045e+01 4.083500975709148406e+01 5.378627045103889515e+01 5.160047780714133125e+01 4.467750105021871576e+01 2.364446371942117864e+01 1.715477627832373742e+01 1.854438707743021197e+01 2.004757345702887150e+01 2.181069737950104681e+01 2.360896865882344287e+01 2.546656950827323485e+01 2.738976713803770124e+01 4.916875287184468846e+01 4.073846085714643550e+01 6.195421120500021317e+01 6.018980971488238652e+01 4.524287120718116739e+01 6.625734188331126973e+01 7.154279530499098883e+01
9.516927588586143695e-04 1.154795707115538050e+01 3.154782298505254801e+01 4.564648946694959619e+01 2.856511867442322128e+01 1.512650419703118132e+01 2.204417200562371448e+01 4.175797239885590706e+00 2.075670741903620709e+01 4.405942176891183948e+01 5.132695404307992959e+01 5.754318620883315560e+01 5.145245265144359337e+01 3.652935728383664582e+01 3.289136950030594875e+01 3.289150865432036142e+01 1.520199865599614064e+01 3.676455362243896019e+01 4.956300394552247468e+01 5.160349610556001210e+01 3.059962363627617421e+01 3.442475406210285627e+01 1.521588100137418564e+01 3.639307393693664494e+01 4.093868335912301859e+01 3.088870483353549901e+01 4.350350434101834196e+01 3.912525138866994467e+01 4.103429699030725430e+01 4.916875287060302924e+01 3.026036840508514558e+01 5.185223464663894077e+01 5.700044667483184924e+01 3.891417453980108121e+01 6.018980971488238652e+01 6.663760981389039273e+01 5.073185609116158190e+01
1.945935296826602993e-03 1.154895131905589523e+01 3.154894445868355746e+01 4.659884949511722141e+01 3.012277558817041268e+01 2.573080702071153780e+01 6.292637648096986780e+00 4.479704166460105164e+00 2.209999786419056633e+01 3.233226932082025940e+01 3.195183810401002589e+01 3.801984067612045237e+01 4.276325115893975237e+01 2.130921139822491028e+01 2.919518016124375137e+01 1.140828530327975088e+01 3.289150865440372229e+01 4.551810080487994270e+01 4.758933396827910656e+01 4.108778128721815648e+01 3.253527917158408655e+01 1.332488979643589744e+01 3.444765986160146554e+01 4.494146494970906502e+01 6.096573499783626460e+01 5.243827508740131549e+01 6.096577797449632641e+01 6.041902389841195031e+01 6.225967982811177848e+01 5.195846310971990789e+01 5.192454701433755559e+01 3.334648925404265185e+01 3.557350539691864810e+01 5.701778703882045818e+01 4.284715846996580524e+01 4.564425661180825244e+01 6.663760960385842225e+01
5.600688922766023682e-03 2.000560068892241006e+01 3.983301286751787984e+01 5.383802637502923716e+01 4.103304542218652529e+01 2.023399708619046322e+01 2.637039566666199875e+01 2.458436380934885790e+01 4.910464424337669165e+00 1.901797156123861399e+01 1.806745074885520808e+01 3.753988387776282565e+01 3.537684949619884378e+01 2.798106849949749986e+01 7.492446343526821373e+00 2.918898545974264280e+01 3.887452869347534801e+01 4.581849212012714645e+01 2.731035970036649019e+01 3.060173973035644579e+01 1.142262789186999328e+01 3.253527917158408655e+01 4.301052511441719872e+01 4.894998546448226762e+01 5.667668267479626820e+01 6.369148857226578286e+01 5.565731452456401485e+01 6.369156231768936749e+01 7.044561082700515442e+01 7.277171432645853599e+01 6.347465660087861750e+01 4.879056405644141847e+01 5.701805674342141828e+01 4.592084022343627225e+01 6.394968637056653193e+01 6.663760981389039273e+01 5.229004968626876604e+01
8.215197286175309616e-03 1.415035082101725017e+01 3.415035082101795183e+01 4.688404708269495558e+01 4.785481886954077879e+01 4.164432098303500851e+01 4.291885336056967759e+01 2.839627519981280557e+01 8.379667779216587675e+00 5.342541778007605657e+00 2.547696936586181238e+01 2.991458911429457501e+01 1.051290544160003471e+01 7.071139059220435286e+00 7.379453653342714858e+00 1.535897745538879988e+01 2.759470397100324490e+01 3.415517048954542645e+01 2.669784838560842744e+01 9.539316975937369492e+00 3.062708231694399075e+01 4.016848818924229647e+01 3.760179692728297596e+01 3.290122516893406868e+01 4.894998259680095032e+01 5.411200539057580272e+01 3.659670793970870051e+01 5.121336815084901417e+01 5.121336815188644920e+01 6.560964531918251907e+01 7.422725952635568092e+01 6.982160327856821880e+01 7.423186742251854753e+01 5.353552790776338099e+01 7.423186742251854753e+01 7.304171182111711857e+01 6.712739473860548856e+01
2.613274238814250559e-03 7.569293967630306597e+00 1.660550478402759111e+01 3.197370566254402746e+01 5.493083088857698471e+01 4.911441753809403821e+01 2.898888266087718080e+01 1.428121429937104203e+01 2.838339442414798341e+01 2.525439524179149942e+01 5.774984498849366155e+00 2.569734594364405567e+01 6.636257613078642592e+00 1.788297716002226068e+01 2.507158763286092906e+01 7.815760131853418002e+00 2.516139668196987955e+01 8.685792125111657214e+00 8.996053817311596035e+00 9.316480667923599412e+00 2.955388209815335543e+01 3.286635819415263882e+01 2.262209436578094923e+01 3.395182530486798100e+01 4.501830777080878221e+01 4.009620113084199744e+01 2.705591617586101805e+01 3.218196201071501861e+01 3.850990815261965139e+01 4.697597146630812404e+01 6.045728178133894204e+01 7.983157742175079363e+01 8.248850429396827622e+01 6.567799636317745637e+01 8.248850429396827622e+01 9.309202562621902644e+01 8.732013633389159679e+01
7.532853315450405325e-03 2.000753277146186804e+01 3.628526023253589017e+01 4.668849853836918129e+01 5.861527102263244160e+01 5.634906004106147037e+01 3.991941836860750925e+01 1.958562795055087946e+01 3.987551414205645273e+01 2.721777558256838248e+01 6.035055995408944440e+00 6.197912187439991172e+00 1.731390642429422044e+01 2.842431187897937761e+01 2.981816244083989886e+01 8.459823497589914254e+00 8.249727575319942829e+00 1.130223971966968222e+01 2.078953202814891554e+01 2.396467601565964856e+01 9.767815560845390266e+00 2.053822404499670640e+01 2.529819846464608446e+01 1.106776288583259316e+01 3.347851846885131977e+01 2.089717412709359934e+01 4.009620116675983326e+01 5.121336815084901417e+01 5.756509814899875721e+01 6.560964531918554599e+01 7.422725955303569378e+01 7.877252719034906647e+01 8.735252638502714717e+01 8.591667259027502723e+01 9.408603922961584942e+01 1.043307024337797344e+02 1.006374934004075925e+02
6.101047412966256744e-03 1.909088134039798135e+01 3.115149381031611497e+01 2.919890101349600187e+01 4.995337289536089287e+01 4.806859027210118995e+01 2.848752555573206990e+01 3.991974517131335887e+01 4.812554713854351718e+01 3.628230740921124919e+01 2.731854185665167023e+01 2.644920965085633924e+01 1.052661095148063453e+01 1.487132981066307380e+01 3.196079501139961465e+01 3.133791005325689838e+01 2.904832496435715683e+01 1.085961612031180046e+01 2.397566334570739954e+01 3.121381775907091338e+01 1.235905118251062262e+01 1.021948621719119998e+01 1.053894975952398383e+01 1.085885528324251581e+01 1.500685777565387191e+01 3.336737539404570896e+01 4.393943913176445193e+01 5.398387759192359425e+01 5.398392119975109438e+01 7.481619928885017146e+01 7.555836659894859508e+01 5.846285296427689104e+01 7.555836659894859508e+01 8.821021354264389913e+01 9.843778967670415625e+01 8.430755712031336202e+01 8.057875619047258908e+01
6.842009524227352091e-03 4.720892851414759228e+00 1.287938847795306607e+01 2.721222297097559917e+01 4.839506453008874587e+01 5.637297921736443129e+01 4.246832528065824874e+01 4.086871358903744778e+01 6.013661783001203531e+01 4.913867461611144449e+01 2.910586756422137711e+01 1.621952413729772147e+01 2.911622195263873181e+01 3.313414847819884557e+01 2.106785584521677634e+01 3.925620923009947205e+01 4.142794928052339998e+01 1.977800860645283620e+01 2.483476725616926473e+01 4.350067239663718510e+01 3.094065380243797492e+01 3.415071193208180489e+01 2.455016086577084877e+01 3.099364379501796307e+01 1.131474262388247887e+01 1.205550062214527607e+01 3.588572587427675842e+01 3.282621846346363981e+01 5.398392119975109438e+01 5.677166444197287376e+01 6.408343577438638761e+01 4.706129168722004863e+01 5.926955834162512815e+01 7.792245691122619178e+01 9.017220060194402720e+01 7.004789918688742034e+01 6.630830648604580801e+01
1.934550753332892102e-03 2.000193455075297777e+01 1.367891468842002389e+01 2.530137076842172661e+01 3.951161461093275307e+01 5.926715381740647359e+01 6.216212595030174981e+01 5.196675336775822984e+01 6.338365865026004542e+01 4.010756694530547151e+01 2.518547269936144772e+01 2.175778538063130441e+01 4.107698154416512892e+01 4.708526947656273620e+01 3.925639432721320077e+01 2.828198935247611345e+01 4.684769119146980643e+01 3.180984391526016353e+01 4.727308709573588175e+01 4.727294508806571827e+01 5.496940628302353105e+01 5.679049785971133701e+01 4.281531921523682627e+01 2.906652071687814498e+01 2.972544208965275914e+01 1.177199068424341988e+01 1.993823727685906988e+01 3.940774117608018656e+01 4.345486620486337159e+01 2.769653333117103600e+01 4.997844432798908798e+01 3.942499117215771776e+01 4.913931497712233920e+01 6.342130509594728949e+01 8.383316927833789123e+01 7.744447484367829304e+01 5.736439953122921054e+01
4.364784840791047053e-03 2.000436478484043690e+01 3.393718134061337821e+01 2.646088502872501280e+01 4.087395243949205081e+01 6.111398217542317468e+01 7.926991126556623612e+01 7.128918275623551892e+01 6.133904226829819351e+01 3.928905676096010069e+01 4.541942215657561377e+01 2.806269304210365689e+01 4.819039859433180339e+01 5.773720438644564723e+01 3.892755746281896734e+01 3.892755746281896734e+01 5.474566381719950670e+01 4.754331231949765879e+01 6.180196553996444209e+01 6.870626479403063058e+01 6.909993079785674297e+01 5.910952991432402115e+01 4.187624076767134085e+01 2.051071532492671778e+01 1.223704106225464905e+01 1.690075498153745315e+01 1.588053480453539912e+01 1.887257448608231769e+01 2.259278782043941192e+01 3.243177971007059313e+01 3.261495623275813927e+01 4.045966198686044635e+01 5.185093292522246600e+01 7.207911325683885195e+01 8.608843835392521271e+01 6.598797439795363573e+01 5.188576197461495099e+01
5.219006137575642711e-03 2.000521900613722082e+01 3.829072635645414380e+01 4.680210330301613197e+01 5.512206714930850637e+01 5.715036530548657367e+01 6.542041417331969910e+01 6.781444346135286594e+01 7.011468449299871963e+01 6.134067828403406963e+01 5.690440123016990981e+01 3.773455040941989580e+01 5.690462519777261008e+01 6.566233447133357970e+01 4.979910470509566522e+01 5.773720439217656519e+01 6.566233570665801267e+01 6.820412710575071458e+01 6.821704550885368690e+01 5.985228186461380062e+01 6.189474257908271682e+01 4.462780086434165838e+01 3.302845974363577852e+01 3.354422416219526326e+01 1.257038060583887962e+01 2.622960084097885769e+01 2.281142767674320027e+01 3.642879337557296537e+01 4.345486620486337159e+01 4.812092682042471381e+01 5.168087366068816380e+01 6.001565263889041546e+01 6.889292599880083401e+01 8.065016160319034100e+01 8.495890340623788006e+01 6.740547545235502014e+01 4.748269541710311614e+01
