LEM/sinusoidal_perturbations/elevation_000548.asc
nrows	100
cellsize	150.0
xllcorner	0
ncols	100
yllcorner	0
NODATA_value	-9999
[rows 17 to 33 of 100, columns 0 to 36 of 100]
5.222468517465790779e-03 2.000522246851711117e+01 3.585089398373641245e+01 4.479516589373541535e+01 5.634217127752772569e+01 6.421747306625901786e+01 7.253668875019924656e+01 7.306186617065290534e+01 6.478497585610458032e+01 6.478497585862612596e+01 6.478497585765012445e+01 7.306186634135193003e+01 7.891282457750905621e+01 7.023573374388963941e+01 7.891282457750905621e+01 7.451010239802864987e+01 5.508222088142352391e+01 4.426636426279097947e+01 5.518025030811953968e+01 5.069020914299070313e+01 3.130884913550005066e+01 4.568596620462712821e+01 4.966636593601131722e+01 3.900910907946525441e+01 4.748299872956233969e+01 3.226804705308523324e+01 5.160582721062617395e+01 6.428883982042484035e+01 6.317233402361059547e+01 5.187610794167345318e+01 4.373854691738152667e+01 2.602716368583760698e+01 4.549229415494619388e+01 5.760061941321576029e+01 6.356497808137192607e+01 7.058433185184075853e+01 7.878278517613274801e+01
7.333276091007126865e-03 7.566622736275518513e+00 1.651089464627451875e+01 2.805790003006682909e+01 4.805790003006611499e+01 4.420004553174033646e+01 5.973712114643574012e+01 6.805609163566204245e+01 7.375192624599448266e+01 6.497805899387616080e+01 6.217940399356383097e+01 7.097809536058967694e+01 6.820321600250318284e+01 4.862147718854805589e+01 6.820321600250318284e+01 8.266713070865893087e+01 6.875738127833447777e+01 4.955641852213710763e+01 3.648872364892734055e+01 4.857179764303566571e+01 4.568596519233188502e+01 2.625088731337371328e+01 3.155356550502724744e+01 2.526572304042616324e+01 2.811853132086044837e+01 4.748299765426710195e+01 5.975318187415831517e+01 6.949400434535323257e+01 5.504163335159619663e+01 3.544600696813382967e+01 2.426178007418875282e+01 4.123490472620836300e+01 3.284067174264534827e+01 3.795896100188598865e+01 4.378341127299882629e+01 5.073056483174735831e+01 6.220978747919264862e+01
6.343274376862209282e-03 2.000634327437650839e+01 2.863287946735778178e+01 3.334764953337803206e+01 3.851249687966678437e+01 3.265224108806771142e+01 3.972354425012718337e+01 5.973712114643574012e+01 6.497805899387616080e+01 4.313979873878886906e+01 4.028051939868674935e+01 5.844586245275822023e+01 5.942860546621883344e+01 3.749366468081719717e+01 5.942860546620016038e+01 7.404226222689962356e+01 6.557502967642120950e+01 6.322283937812952104e+01 4.857179768239750928e+01 2.993823976919411578e+01 4.267929034129427635e+01 4.090480289253426349e+01 2.130352425869336841e+01 4.093679245706938730e+01 4.748299893219532208e+01 5.560593900775057108e+01 4.976878315728731650e+01 4.976878215271806027e+01 5.238045479353483103e+01 4.251542228053720862e+01 2.303110236692300106e+01 4.251541926072049904e+01 5.235116782542633018e+01 5.760061941321576029e+01 6.356497808137192607e+01 7.058433185184075853e+01 7.878278517613274801e+01
3.497053469895897767e-03 4.267511380582122982e+00 8.631869185302107894e+00 1.334591439321972040e+01 1.850989218847054829e+01 2.558096011898543409e+01 3.972354424993339705e+01 5.973712052438962417e+01 6.497805899241407701e+01 4.313979873878881222e+01 2.716674900504548162e+01 3.999776353868319489e+01 4.901485483906892426e+01 2.983232471870375235e+01 5.211695853774760678e+01 6.224898423883472987e+01 4.515474880239622024e+01 5.643617868263921622e+01 5.653924026270669145e+01 4.267934914345946851e+01 2.381925419519750875e+01 3.723466204382887668e+01 1.916149256132487011e+01 3.315118977613128237e+01 5.266642161087332852e+01 4.976545771010669483e+01 3.019513777354032413e+01 3.738914559929923342e+01 3.278273234907118194e+01 3.966088135851853025e+01 2.180808034271837670e+01 2.571851862553479151e+01 4.521400505765546285e+01 5.814930861745382629e+01 6.638850979607259717e+01 7.529320563925175236e+01 8.678004958624468657e+01
9.635555453094322986e-03 2.000963555541175865e+01 2.862795435478019002e+01 3.334177396254941073e+01 3.851017187230468153e+01 4.558453694025886449e+01 5.067215622351483262e+01 5.924592947439850121e+01 5.764904626660953824e+01 4.867411988156324298e+01 3.999776353868319489e+01 1.695481447975127764e+01 3.648300477579225287e+01 2.264901683325894055e+01 4.539788863154551990e+01 5.378537501686492561e+01 3.363845138307205929e+01 3.623747893611826498e+01 5.056878220392317758e+01 5.055647949126226592e+01 3.721846125469094346e+01 1.803518376636468901e+01 1.706111955542800729e+01 3.948595813716104885e+01 5.626039900755912271e+01 4.389815653058832368e+01 3.568357710943785577e+01 1.782155831702620219e+01 1.899638786707480875e+01 2.015578234969126115e+01 3.868135990961364712e+01 4.518304038601362294e+01 3.154198989049092106e+01 3.835003137975635923e+01 4.711443683387797421e+01 5.864314316113423331e+01 7.859097766842202759e+01
8.845047570523793118e-03 1.667096771437165970e+01 3.505736016835581381e+01 3.435698832096912980e+01 3.968949553783271256e+01 3.630554690794507167e+01 3.035888577722679926e+01 5.067215526927484603e+01 4.477083701533058502e+01 2.610400480023361425e+01 3.404764018250523350e+01 1.088445087961594027e+01 1.328330820675366475e+01 3.648300477579225287e+01 4.882473460803580423e+01 4.216436256265516391e+01 3.385657672483780090e+01 2.269542608528399441e+01 4.215354322295616640e+01 3.971303640352139297e+01 3.155170989153717542e+01 1.415009004822742611e+01 3.255389328805958371e+01 4.617967103902900305e+01 4.237507318984950189e+01 2.849105552565336197e+01 1.612808927111631263e+01 3.580253953368698205e+01 3.852170698748292210e+01 2.776737373357098448e+01 4.614206186392263476e+01 5.827864029440016225e+01 5.114920701055887520e+01 3.977672565179368291e+01 5.118419404285302221e+01 7.142739635914912810e+01 7.549571113718045012e+01
8.023991185656003874e-03 1.999003826016693708e+01 2.411098628297571977e+01 1.806351238736446874e+01 2.573405015166863663e+01 1.721438357842254874e+01 3.630439449392480356e+01 5.208649320015826589e+01 3.524444592046640423e+01 1.316183506799402636e+01 2.445344468479669331e+01 6.605985696685767294e+00 2.842910405694682652e+01 4.325242827078464103e+01 2.826472653016952208e+01 2.973749101986058108e+01 1.553755679411578861e+01 3.382980635903171418e+01 3.396422414886920649e+01 2.909018340308722017e+01 1.162910310505221467e+01 3.155160114112166170e+01 4.214083068397410869e+01 3.936391913575504020e+01 3.265678500639533866e+01 1.436772385283485676e+01 3.423064729497925640e+01 2.906003780083378629e+01 4.760329376398745183e+01 4.546339310198934669e+01 4.175553320381133204e+01 6.141977040543897459e+01 6.719114500401450130e+01 4.718701176106880979e+01 6.718883747431335962e+01 7.938647234994274982e+01 6.700847821157915973e+01
4.598823041778624977e-03 1.416873745862534584e+01 1.755018986879994358e+01 1.148867384957969140e+00 7.919788661768389026e+00 2.312742910860365342e+01 3.589447011296866208e+01 3.185036636057821369e+01 2.731920214744600273e+01 3.841492287132025840e+00 3.629368350677548705e+00 7.985267116883171923e+00 2.511948015388406219e+01 2.495245972405578527e+01 2.121194394129215155e+01 1.013551197154475325e+01 1.994866801002581269e+01 3.034141965803277330e+01 2.294866044992239651e+01 9.172495962059036501e+00 2.908400243237648297e+01 3.965700761868515656e+01 4.182191951134270624e+01 2.299141388392889951e+01 1.254874949583146559e+01 3.265866932769512943e+01 4.237496855453975542e+01 4.655647291588332592e+01 4.941203314594437046e+01 6.680745135529934942e+01 6.168337456154706899e+01 7.027908781335304411e+01 7.543996051602847785e+01 6.133182260722622203e+01 7.543996051602847785e+01 7.405700520699170397e+01 6.453975350675355571e+01
7.340434288523949372e-03 3.064155944824452082e-01 6.055280789955367338e-01 9.051862119046056865e-01 1.527626940881973105e+01 1.408702154786685945e+01 3.052613367494737062e+01 2.679222870184469585e+01 1.339328023516291566e+01 3.201570658484682586e+00 1.877266275412123164e+01 4.056858348541296344e+00 4.360494721327123457e+00 4.664815542034270734e+00 4.968640737506786031e+00 1.247232969126748614e+01 1.917628975767456012e+01 2.179599120576774141e+01 6.250978570758671360e+00 2.657746703234800734e+01 3.625617163342840854e+01 3.635197283813823077e+01 3.616138960437455552e+01 2.998425637853567594e+01 1.127705149177387156e+01 2.581315653231650487e+01 4.571596223263341585e+01 5.560850039399299760e+01 5.187938034868725623e+01 5.470929978672906913e+01 6.335528568697039731e+01 6.473544064967258294e+01 7.426360422769708691e+01 8.130656383459064784e+01 8.052521186484146654e+01 5.912568734965756079e+01 4.414957640534313299e+01
3.515918393995972821e-03 1.926145911329357219e+01 2.258204586171625650e+01 2.192483747532938665e+01 1.329000740004956160e+00 1.468133806681657916e+01 2.150511516865226724e+01 1.808593831080935743e+01 2.767471997500611902e+00 2.136183276667999209e+01 2.623414931301319797e+01 1.320603825142957000e+01 1.476300748198723412e+01 1.347185106001418298e+01 6.430086705726770546e+00 5.401783579006036007e+00 5.708224352960074022e+00 6.014631152466617614e+00 6.323952408802301584e+00 2.191414490385643532e+01 2.764328708391983014e+01 1.950108367809410126e+01 2.421120074342163164e+01 9.557290738559174770e+00 2.967807400941947549e+01 3.813572989022401316e+01 2.643399065757369470e+01 4.053381676911125453e+01 3.161987507828333221e+01 3.390237755901080163e+01 4.972304237087532641e+01 4.367211453411421473e+01 6.508285084198875836e+01 8.278525585027608713e+01 7.460702155180602801e+01 7.404743995211848073e+01 6.442029646416568767e+01
4.608085242692564441e-03 1.414674378718305725e+01 3.414678662000979870e+01 3.448674245580917841e+01 2.161670446602584228e+00 1.747720448744683797e+00 2.040911012856315931e+00 2.336501134379607603e+00 2.159870415965883694e+01 2.900403304298001927e+01 3.568038053272138654e+01 2.382912621557863275e+01 3.024563491417822192e+01 2.767642770800661012e+01 9.223116871467542666e+00 2.838820562895359600e+01 2.997383113438421987e+01 2.883289600561997190e+01 2.747255987545975842e+01 6.762761149378898828e+00 1.350494625165652174e+01 1.745717925283038952e+01 7.954448296557493414e+00 2.769069759529160990e+01 2.851298082619760521e+01 2.880011906793465570e+01 1.102762767509217490e+01 3.032446489923720989e+01 1.743902759405476388e+01 2.311123272063287359e+01 2.944968704202782561e+01 4.380584544787505052e+01 6.567832781849038781e+01 7.005043689268609342e+01 5.499756741558091022e+01 7.145145776058409126e+01 7.715003135505659770e+01
1.610643649003322799e-03 2.000127068580837175e+01 3.569097516281214411e+01 4.353412193848767231e+01 3.095694966505404011e+01 2.252388850709946766e+01 2.104307881847841344e+01 2.111766525784376292e+00 7.819692908265997389e+00 2.715237935480845621e+01 4.005186454209361102e+01 3.908611993985656596e+01 4.256732508260299142e+01 3.327827594062523531e+01 1.252109368334681427e+01 3.343169393609262130e+01 4.702263681572846821e+01 4.843360561833259226e+01 2.741590221298028140e+01 2.468954015510580646e+01 7.202954067985208653e+00 7.514161205232856133e+00 1.132206154407402465e+01 8.415109704475590036e+00 8.742555503094004976e+00 9.070384908239464750e+00 9.397667650492117275e+00 1.185693997592734128e+01 3.071981122396663011e+01 4.320758589792016124e+01 4.971908084303750286e+01 5.875338201744203559e+01 7.004615310364468428e+01 5.079200029378718995e+01 4.359683879537205797e+01 6.262811847518047870e+01 7.037220942650820632e+01
2.022278438842990342e-03 2.000052526033098133e+01 1.579454024979396642e+01 2.983733258740986116e+01 4.982403397433920844e+01 3.391884714395337852e+01 1.323879602129214028e+01 2.420068860837767488e+01 2.784685767130300960e+01 1.481054418900746583e+01 2.633238036712627661e+01 4.436801430267964008e+01 3.956807693452345376e+01 1.986995994129849308e+01 3.344794727763485298e+01 1.850284811922711015e+01 3.292981536396583664e+01 5.335677008539381205e+01 4.231022135247606997e+01 2.042636143699849782e+01 3.230289690211046860e+01 3.099195055157300516e+01 2.904663732783297192e+01 1.229614311323523168e+01 2.667196628951371196e+01 2.886450501769471444e+01 2.920736298403319964e+01 9.856202107589151495e+00 2.122989298738606578e+01 3.558431464292160484e+01 5.658763487133644077e+01 5.988729574183162896e+01 5.107886002473340881e+01 4.605699310829746906e+01 3.469444454028930380e+01 5.447891362843827068e+01 6.058792274694682334e+01
6.642187732006160465e-03 3.065873170261139702e+00 2.304829805485568173e+01 3.601445037557412121e+01 5.013354134604878709e+01 4.275335970428126586e+01 2.346824916657806170e+01 4.275335992183299538e+01 4.091809150836600395e+01 2.086075125915555262e+01 4.091809150860321864e+01 5.283655264608919566e+01 4.524635497362917391e+01 2.521681197289600718e+01 4.299894594618483978e+01 2.281889016352614519e+01 3.437752771985478972e+01 5.489502044777155021e+01 5.066677207477217593e+01 3.372713346131310175e+01 5.066679802693414558e+01 5.151326291751479403e+01 3.632793680523659674e+01 1.629891538616524471e+01 3.561233402447147967e+01 4.024631551034390498e+01 2.975003211953152871e+01 1.017561077279054871e+01 2.661248506227294897e+01 4.529081864490648712e+01 5.604109979708380962e+01 4.732968081365253710e+01 3.066149546056565711e+01 2.614520449902989085e+01 4.014810989629459215e+01 5.932967643159148707e+01 5.229286044966417535e+01
1.591255364720534126e-03 2.000159125536436378e+01 7.771254616928882086e+00 2.189535999190643167e+01 4.105389594412991272e+01 5.341851316455929322e+01 4.506690518600679951e+01 5.414963304203099881e+01 4.798940937029949083e+01 2.798870212257898871e+01 4.798940937029952636e+01 5.790333132902433988e+01 3.789088395448257529e+01 3.225962896392784529e+01 4.768590735493435773e+01 2.740596586986764649e+01 4.771444654357034665e+01 6.327669277568364237e+01 6.179201378198893480e+01 5.363370400376371805e+01 5.894405295701100300e+01 4.286691558382682388e+01 2.278856201310353669e+01 3.632793680523659674e+01 4.426991320133776497e+01 2.659079584670159946e+01 1.344431628688927738e+01 1.048840796898667449e+01 2.322931448517242714e+01 3.010891608031637645e+01 4.119612161196132405e+01 3.313257693140873528e+01 1.903945708022354921e+01 3.907167079715049596e+01 5.425083963323017144e+01 5.906832197940566687e+01 5.228920729420327973e+01
6.189296070378335485e-03 2.000618929607002272e+01 2.774220453102675066e+01 1.284895632577053526e+01 3.157694454561188735e+01 4.647977424588784601e+01 6.058304315878197599e+01 7.007801707859991325e+01 5.630065023812196756e+01 3.961107446618294148e+01 5.630065023563038551e+01 5.790333132902242141e+01 5.790333132902433988e+01 3.985118163391089041e+01 5.595187777532824924e+01 4.166212365546664387e+01 3.517097729921405858e+01 4.703531339781967091e+01 6.779542455868671880e+01 6.253001341382702094e+01 4.178471524273181359e+01 3.030880693605121934e+01 4.286682021607371240e+01 5.151445841065589093e+01 5.422891478657398068e+01 4.081686858857783307e+01 3.252705547034518219e+01 2.414940231844844831e+01 1.091704306600030705e+01 3.078222878509956217e+01 3.112902557162282946e+01 1.373836560927355421e+01 3.313069259351680529e+01 4.568316676629593331e+01 4.885447828620996802e+01 3.731322275025708990e+01 4.861512069214575149e+01
2.247884206357958405e-03 1.414438350793743382e+01 3.414438350793813726e+01 3.279087846769478887e+01 1.828608356248953015e+01 3.237650533303689571e+01 5.011415153233293296e+01 5.011415153233309638e+01 6.592854118171109690e+01 5.943442769074604826e+01 6.781475433054411894e+01 7.730569727873688635e+01 6.773765762755661513e+01 5.004424058167703038e+01 6.773765762755667197e+01 6.232604656390401487e+01 4.286187711957371960e+01 5.580957597583019947e+01 7.606810016743978053e+01 7.144631706097948154e+01 5.738071499175148915e+01 3.689666107689617291e+01 5.738071499175148915e+01 6.584689637419884889e+01 5.722850294351253808e+01 4.683958815763918437e+01 3.456050619261363011e+01 1.450907107893715242e+01 1.348689401487532002e+01 1.133976388148323267e+01 1.163707567329076120e+01 1.193603221712911733e+01 3.191417207004781531e+01 3.166524674566727526e+01 1.639167038146876365e+01 2.473741051273248104e+01 3.413482160345439809e+01
