LEM/sinusoidal_perturbations/elevation_000631.asc
nrows	100
cellsize	150.0
xllcorner	0
ncols	100
yllcorner	0
NODATA_value	-9999
[rows 0 to 16 of 100, columns 0 to 36 of 100]
8.271705653423140972e-03 1.155527708944467236e+01 2.569741271202380162e+01 4.569741136500698531e+01 5.796245197795433768e+01 5.471379906059507192e+01 4.625650029513371209e+01 5.471228130321762251e+01 5.360277316154212457e+01 6.191040558122087845e+01 7.055754377190000071e+01 6.224423414840241975e+01 7.055754377190000071e+01 7.009813443967240687e+01 7.228376055076005002e+01 8.052349175885503030e+01 7.411169305675777252e+01 7.411169305675777252e+01 8.240395721118233041e+01 8.991861964327540591e+01 8.272313197297700071e+01 7.443279034630978686e+01 8.272313197297700071e+01 8.629585134426012871e+01 7.999524595035845209e+01 8.603123087062465402e+01 9.270046432004104986e+01 1.009844612852848798e+02 1.109844805827108019e+02 1.100114216344343561e+02 1.015448347614621838e+02 1.008716944318536264e+02 9.239333945664935754e+01 9.455488785360839188e+01 9.454903576748974103e+01 1.029982942534947057e+02 1.107981091373493996e+02
7.813061968023241044e-03 2.000781306196766707e+01 3.628148164237291695e+01 4.642272912998134871e+01 3.794829530446224908e+01 4.372634968109522902e+01 2.364138972162356112e+01 3.914716451532510888e+01 3.335684446906734735e+01 5.360277316153689497e+01 6.052142829519087996e+01 4.217112253049094051e+01 6.051608821086607293e+01 5.003891526149927671e+01 5.223513250244042894e+01 6.821752447459572011e+01 5.403121857193816169e+01 5.403121857193816169e+01 7.411169305675777252e+01 6.988530435898834980e+01 6.988530435898834980e+01 5.435163646174455465e+01 6.819513786717922699e+01 6.626899897704876707e+01 5.995477932766102924e+01 6.601213364973010300e+01 7.269276397163747561e+01 8.270015655714560410e+01 1.027007720857949380e+02 1.015448347614621838e+02 8.103047017254088757e+01 8.703898844890257180e+01 7.196010106622649971e+01 7.410983021650815772e+01 7.410972001341953330e+01 9.454195573014528975e+01 9.890015596355365801e+01
2.526786264046545528e-03 8.913579388065620890e+00 2.014130513264623090e+01 3.868043586499888420e+01 2.385848479721161297e+01 2.751972116116643008e+01 1.263002915121915670e+01 1.885587763598875810e+01 3.928673968944475803e+01 4.978675366783252088e+01 4.152253097690341122e+01 3.219788038855870838e+01 4.520110400365130943e+01 3.587052617580154390e+01 5.591412452083999085e+01 5.044112080416141453e+01 3.982049880367601702e+01 5.991265337909842259e+01 6.733716602252232519e+01 6.813627823419469109e+01 4.977198126563355629e+01 4.424003157617243431e+01 4.807195309873128508e+01 5.204668009606713497e+01 5.877177171198032113e+01 7.881620648838443799e+01 9.270046432004104986e+01 1.009844576158104559e+02 1.109844799469174177e+02 1.015448347614621838e+02 8.103047017254088757e+01 6.666511439415519646e+01 6.028600389696431705e+01 5.979348332675854039e+01 8.009704619670802117e+01 9.311021314949005045e+01 8.972149217165150503e+01
4.163169627051843593e-04 1.766575958678919633e+01 2.281831769689082989e+01 2.435072655869803882e+01 2.565358238909279720e+01 7.596208889618297988e+00 8.955135422631334663e+00 2.886356618412188269e+01 3.225610297310031882e+01 3.369951258344443090e+01 2.161391657604414718e+01 3.677729916408827648e+01 2.527358782527572956e+01 4.040519860652599249e+01 4.227512840226493296e+01 3.043855792527860871e+01 5.044112077358342106e+01 5.063917370980284005e+01 4.721945001295303967e+01 5.566892144368323159e+01 3.966364509765636370e+01 5.982864287038808726e+01 5.590778560967715549e+01 7.213472822958307518e+01 7.881620648838443799e+01 7.035750181829870087e+01 8.191721376026133328e+01 1.019191150376173027e+02 1.067559907943294490e+02 9.831857422302239513e+01 9.552094469693518874e+01 8.703898844890257180e+01 7.291966977927835103e+01 5.267098688718068900e+01 6.431760162981355222e+01 8.466461527021544953e+01 8.122742436777298281e+01
5.883922493566802643e-03 1.642714899734031420e+01 3.116462084162074930e+00 4.415601612677037657e+00 5.723042247881618749e+00 2.565367771264685715e+01 2.886251379651660187e+01 1.093455049671894486e+01 1.238180160505536520e+01 1.383511339712104871e+01 1.535182224979152821e+01 1.692336674882894698e+01 1.869356184757173978e+01 2.053605293336676496e+01 2.239751956299045688e+01 4.227436758836891073e+01 4.720370020239649733e+01 3.060786020322218093e+01 3.302414170473343802e+01 3.553406887503060574e+01 5.566892144368323159e+01 6.813628547299482818e+01 7.598215730774332144e+01 7.011741275523657180e+01 9.014090314625889278e+01 9.037101195083154437e+01 9.865548583939667537e+01 1.102031854091749494e+02 9.497569951652889131e+01 7.790029072871200810e+01 9.497569951652889131e+01 8.340592560078844997e+01 6.306496171405536444e+01 4.881428924134471004e+01 6.902269210060882187e+01 8.074626408665891120e+01 8.917191865301155929e+01
1.256007409845548732e-03 1.286904700473113783e+00 2.158834398380958675e+01 2.435077207149591061e+01 1.981021288370029509e+01 3.391909066168151554e+01 3.595105840886722603e+01 1.607340605537762102e+01 3.225610297595429188e+01 1.913671987084132198e+01 3.512313103366498979e+01 3.679056082742000200e+01 2.195069478789645245e+01 4.040519865971445768e+01 4.227512840226493296e+01 2.522132409955841226e+01 2.725213593345321073e+01 4.720383180802196676e+01 5.311179261017075248e+01 5.566892144365190376e+01 4.411491570038149490e+01 5.837961501191442437e+01 7.844944731537698601e+01 9.014090314625889278e+01 9.842636951157111014e+01 1.015187914963910174e+02 1.101709618057831790e+02 9.904397850754259025e+01 8.653007274934388704e+01 6.622195138068937581e+01 8.457055394698986106e+01 7.975280496363755844e+01 5.944529154024596806e+01 4.523475749948298130e+01 6.539198351535267761e+01 6.043966210000932904e+01 8.074626408665891120e+01
9.594114293757748102e-03 2.000959054846946827e+01 3.085111814989300782e+01 4.249482051342008759e+01 3.967618233903952785e+01 4.445563520997617957e+01 2.451375367557441010e+01 3.595281082081552881e+01 4.424845438076128801e+01 2.461544932662206264e+01 4.452644659903913293e+01 4.547829992093771523e+01 2.554889855663622100e+01 4.548301351045711982e+01 5.344949821349391073e+01 3.926526799184125593e+01 4.130127030256311116e+01 3.347794525775925933e+01 5.354760114096622203e+01 6.874665866407869430e+01 5.837961501172901535e+01 5.577140771260243923e+01 6.998480663747527331e+01 9.001236183078245290e+01 9.804338556815180539e+01 8.046458820688408764e+01 9.804338556815180539e+01 9.060118845867071968e+01 7.025502300675566403e+01 5.860327904768218588e+01 6.427474473515891873e+01 7.864128230886332460e+01 6.198783343754525532e+01 4.188033546076090374e+01 4.622824113922180800e+01 6.577098006857227119e+01 6.711392012955280961e+01
7.711341127313004785e-03 7.075101819093197797e+00 1.460801348021382928e+01 2.600752955967588420e+01 4.567078857909183398e+01 5.113579658316898957e+01 3.111334789925177802e+01 5.113579658316898957e+01 5.063466556899954440e+01 3.056956564091664319e+01 5.063447582137418834e+01 4.548126036823180840e+01 4.548300896428332152e+01 3.123784702027374394e+01 5.126406212446610766e+01 5.944193600945654055e+01 6.113830304641436442e+01 5.354760124294551105e+01 4.032580302680748474e+01 6.045021886454481574e+01 7.844944657902651386e+01 6.998480663745348807e+01 8.414155345030199840e+01 9.380597132507172375e+01 8.936314155962108430e+01 6.853149793848527338e+01 8.936314155962108430e+01 9.453072956092306356e+01 8.279367820362449493e+01 7.021924962363573286e+01 4.999401042156247144e+01 7.021924962363573286e+01 7.041587805691835911e+01 5.737244418792133871e+01 3.733264731668607794e+01 5.323940784645659363e+01 4.689269983178354551e+01
2.297228869525369630e-04 2.000022972288659773e+01 3.431820069108665194e+01 4.250494389944570628e+01 5.388647621011208599e+01 5.946661304785089186e+01 4.108549866923697635e+01 5.946661304785089186e+01 5.776410114247926941e+01 3.759901218231870956e+01 5.776410114247926941e+01 6.553350664248472413e+01 5.761957235736529981e+01 3.752168432889661176e+01 3.936926545730429439e+01 5.358752929012345589e+01 7.367214818038209501e+01 6.651540800602413128e+01 4.639945167469065979e+01 5.676879955730742466e+01 7.683065685893537022e+01 9.001236175036819986e+01 8.770037840056997425e+01 7.291455523320584575e+01 8.199804332573781096e+01 6.133988589647339751e+01 8.199804332573781096e+01 8.609071871058196734e+01 6.578094265070082258e+01 5.412630104183497792e+01 4.510470028394951925e+01 5.935454107137380220e+01 6.775991277518173206e+01 6.578275845274380629e+01 5.323928201094371104e+01 3.323136201315423222e+01 3.276999349911463355e+01
9.647730019007896146e-03 1.415178335375008345e+01 3.415178335375078689e+01 4.877430616615808390e+01 5.705857741362028435e+01 6.951957831501489693e+01 6.118609449710103831e+01 6.951957831501489693e+01 6.622496769717903931e+01 5.181857288315966770e+01 5.776410114247927652e+01 6.836484522293153532e+01 4.826228042775785099e+01 5.761957235736529981e+01 5.097796483915860222e+01 5.097796483915860222e+01 7.107075683051148474e+01 7.320715963151928918e+01 5.313190475503391497e+01 7.320715963151928918e+01 8.510873273060667543e+01 8.770037840056997425e+01 7.734649606253604759e+01 5.841517674924437387e+01 7.576937450274120067e+01 5.522143991986283140e+01 6.770981147180842186e+01 7.631685534794929993e+01 8.083896387036332953e+01 6.056134395833012718e+01 4.628813495661805888e+01 3.920034874003411574e+01 5.446643143716233482e+01 5.213891709950660669e+01 4.840769050132030316e+01 3.040890642437884495e+01 5.043670875724738067e+01
3.582433992925927561e-03 2.000358243399256963e+01 3.463217054242688420e+01 2.877430616615738046e+01 4.877430616615808390e+01 6.183469474148625267e+01 5.597733423351896676e+01 5.597733423152258325e+01 6.426061981396421174e+01 7.211787610160116913e+01 7.812798440132068833e+01 7.666786588927364221e+01 5.988560110403624037e+01 7.666786588927364221e+01 6.519875954782311567e+01 6.259512859070904511e+01 7.937113486035441667e+01 8.148503444635420578e+01 6.319814669257540629e+01 8.148503444635420578e+01 9.380597132507172375e+01 7.291455523320584575e+01 5.841517674924437387e+01 4.822939025761766629e+01 5.998462225494544953e+01 6.068485463116777368e+01 4.722871876884873643e+01 6.770981147180842186e+01 8.083896387036332953e+01 6.056134395833012718e+01 6.650052132424126228e+01 5.446643143716233482e+01 3.438085858800005212e+01 3.127863380878905275e+01 2.840129927950213684e+01 4.840777401084326215e+01 5.882537514402042689e+01
1.813270376062421294e-03 7.072881082241567974e+00 1.463217054242617898e+01 3.463217054242688420e+01 4.426163806646991361e+01 4.183899270141078830e+01 3.598271479197464373e+01 3.598271479197462952e+01 5.597733423152258325e+01 6.484004853297011550e+01 6.702778062175433149e+01 7.531178905612317465e+01 7.994770809423226865e+01 8.824591593673851264e+01 8.524701230859585621e+01 8.264868031911456114e+01 9.094486717075602655e+01 9.148646546117645073e+01 8.321617257046304417e+01 9.148646546117645073e+01 8.783547129340915660e+01 7.917905383203500946e+01 7.734261453040625156e+01 5.998462225494544953e+01 3.946094702157814282e+01 4.016766589013856503e+01 5.465753005762443451e+01 7.523610326331436227e+01 8.926752691638625947e+01 8.083896387036332953e+01 6.957062348887218661e+01 5.134869451478063951e+01 4.745489598632538986e+01 4.692531453598170543e+01 2.700392640862287053e+01 4.108666337046132355e+01 6.123489805098956396e+01
2.372884694381488524e-03 2.000237288469402586e+01 2.495987304358219916e+01 2.750256214988648651e+01 2.427735947017893636e+01 3.290595865054586966e+01 2.186407966447027462e+01 4.183900323856796888e+01 5.852201510511697080e+01 4.484473679785367750e+01 4.703191904683713176e+01 6.252830471134915769e+01 7.008739200193355146e+01 7.837151700483867955e+01 8.991839882433123421e+01 9.396376755475576203e+01 8.613934735930178022e+01 9.396376755482720000e+01 8.871444412225712028e+01 7.998174142397097341e+01 7.917905383203500946e+01 5.850396655023133263e+01 6.455955941344794269e+01 5.449230810440239736e+01 3.391222285599697983e+01 5.450119145417266253e+01 6.926194202683252854e+01 8.188697383310717726e+01 8.626759540564373197e+01 7.783402505012475103e+01 7.573270630739661158e+01 6.114670108704332563e+01 5.048152971174620518e+01 3.944674567643055951e+01 2.575383996236642403e+01 3.980549653692390422e+01 5.991213777806677854e+01
8.175220331382775790e-03 2.488441709413438563e+00 4.986310822558495559e+00 7.541409423844121385e+00 1.017993322077539098e+01 1.296433302341313087e+01 1.618431961551021558e+01 3.026090204698648378e+01 4.453741103119160272e+01 3.072817822694656797e+01 3.587286905325849062e+01 4.253100595877236856e+01 5.008792689241830942e+01 6.163443024649640023e+01 8.163435249707887920e+01 8.420599388377968353e+01 6.636461582738151321e+01 8.420599388404575336e+01 7.666979079440466194e+01 5.921118934030350545e+01 7.666979079440466194e+01 6.455955941344794269e+01 4.400826164684763597e+01 5.120431792380056635e+01 3.060318931276326637e+01 5.120431792380056635e+01 5.263891940147833992e+01 7.325135526367411387e+01 7.783402504375683861e+01 5.760096724737799434e+01 6.352709263473320078e+01 5.718144154222905229e+01 4.107437317422606071e+01 2.400328492754651322e+01 4.387143399414433986e+01 5.373770519477816521e+01 5.883920497033955144e+01
9.124702163186202558e-03 2.000912470216283268e+01 2.495987304358219916e+01 2.164860926457995305e+01 2.168538291523605110e+01 3.290595865054586966e+01 3.611230531474330974e+01 2.098671873189789139e+01 2.459983938670360715e+01 4.453741103119453015e+01 5.586253846049027061e+01 5.000509671753574992e+01 7.000365375714149252e+01 7.837151700483687478e+01 8.371441188971290615e+01 7.623204445360919124e+01 5.548605798142839518e+01 7.625198159334166803e+01 6.798985758724849404e+01 4.739431540568233459e+01 6.798985758724849404e+01 7.316971892182016290e+01 5.428391053014776446e+01 3.371606227786376309e+01 2.744685554429940311e+01 3.585575697458703104e+01 5.039189816845941294e+01 7.097780912134854248e+01 7.783402491728723760e+01 5.760096724736251161e+01 4.346038196136655074e+01 3.718554973498211069e+01 4.263924055643069266e+01 2.277594491058550119e+01 4.084546891890875742e+01 4.912237825654306533e+01 3.869292589693990436e+01
2.239863785106879172e-03 1.414437548751593177e+01 3.414437548751521945e+01 4.163525459908685633e+01 4.166706305633691443e+01 4.995046526615354310e+01 4.319487610032967950e+01 3.504731144422084554e+01 3.868376554038140114e+01 3.868376554038140114e+01 5.866936136444265770e+01 7.000365375714149252e+01 7.828774092967141485e+01 7.533004891503297529e+01 6.153363774036061074e+01 6.708248959954870827e+01 4.778111875068520931e+01 6.931563782894620829e+01 6.070823381784894934e+01 4.013429800399722325e+01 5.800700810206144808e+01 6.662284986886506033e+01 5.963447575241064413e+01 3.905938443953813533e+01 2.455912772736634153e+01 4.508568916154635531e+01 5.661978713916964523e+01 6.520104606689706372e+01 7.711685889161104512e+01 7.193427241368800651e+01 6.352709263473320078e+01 4.901815289041273616e+01 2.910325742503126634e+01 4.087803939404226838e+01 2.103247220263452277e+01 3.913992675823168810e+01 2.467707440173797906e+01
1.766589122093755728e-03 2.000176658912173977e+01 3.004613531278206651e+01 3.577622155517984481e+01 4.238686550365064676e+01 5.072804893580930496e+01 6.071159662768810961e+01 5.502050747849040846e+01 5.866936136442431859e+01 5.866936136444238770e+01 6.695300591088201259e+01 8.087646784070321360e+01 8.168148608320292681e+01 6.099551632946027979e+01 4.497300597968469305e+01 4.756718530872540640e+01 4.063795906283291970e+01 6.281614742016764552e+01 5.420218405726080135e+01 3.363451809817411942e+01 3.743540903504134576e+01 5.470712704544139626e+01 5.704225790488913361e+01 3.647581336157558241e+01 2.203627756110040536e+01 2.879456831254523053e+01 3.606364700959706937e+01 4.792919769918179185e+01 6.849135308805394118e+01 5.946612955646353527e+01 5.052287213733520588e+01 4.222881982635653486e+01 3.525493523395562079e+01 2.162000607948677811e+01 3.749758151993264477e+01 1.927558120865306179e+01 3.914042239593958072e+01
