LEM/sinusoidal_perturbations/elevation_000099.asc
nrows	100
cellsize	150.0
xllcorner	0
ncols	100
yllcorner	0
NODATA_value	-9999
[rows 34 to 50 of 100, columns 37 to 73 of 100]
1.041408638396150650e+02 1.123495013251186521e+02 1.103627587307554876e+02 1.070912922504243312e+02 8.661500988537540024e+01 7.475160755673729795e+01 6.700621627429342198e+01 6.135900378955869172e+01 6.006267645776701158e+01 8.052126988685735398e+01 7.583124028661114835e+01 5.540425809230515597e+01 4.381754168837414909e+01 6.166828491431655834e+01 6.165154315320754108e+01 8.014587062487125024e+01 8.673239254569617174e+01 6.697739822765279882e+01 6.698460955021785423e+01 6.628336137571098163e+01 4.606977083753806568e+01 6.631366869862350200e+01 6.224969074347119857e+01 8.272748932852613279e+01 9.088719700469880536e+01 8.272574463533445055e+01 8.929505917600930331e+01 8.929486743148650874e+01 8.917310425452873801e+01 8.438658252195732246e+01 1.013005583418357389e+02 1.114125753166202202e+02 1.218198214479824202e+02 1.302466555841284901e+02 1.296767625409320317e+02 1.380887656013106266e+02 1.385527825833156328e+02
8.430842755424815493e+01 1.009017808953896491e+02 1.095943592592665681e+02 1.154977890265561626e+02 1.037064438184751651e+02 8.751434437000398248e+01 8.151258636548335801e+01 8.182641303055268622e+01 6.684910678384670746e+01 8.735735143833149152e+01 8.053506261116264398e+01 6.359943896692576715e+01 4.547856056826545768e+01 5.969968885448626850e+01 7.984178553482693985e+01 9.026504625731703868e+01 9.506281971306471235e+01 8.673239254569615753e+01 8.686389995735406444e+01 7.478014018057143630e+01 6.631366869861696500e+01 4.796002679831556748e+01 6.824745251522867306e+01 7.784435073573817476e+01 6.934793210306661138e+01 6.841982807723719873e+01 6.887376518712039797e+01 8.118472043216678458e+01 7.470275022753810390e+01 7.252635859365746285e+01 8.281147222000515740e+01 9.718579139913494203e+01 1.173286336272845034e+02 1.205735529572292819e+02 1.289283428217043479e+02 1.280055505734909786e+02 1.363608298951482709e+02
7.276257576978974839e+01 8.151245103580627926e+01 1.013816430344539015e+02 9.972729935067751228e+01 1.079376282609230202e+02 1.079729203533175479e+02 1.020038699425989961e+02 9.511253147479388304e+01 7.459425372570215984e+01 9.511253147479388304e+01 7.644586909335956193e+01 5.493136956472786636e+01 4.716254894823227062e+01 6.741261305940119541e+01 6.619951489773632147e+01 8.077039519293391834e+01 1.017875479170894408e+02 9.996087371537710453e+01 8.877229114341062655e+01 6.838277975634753147e+01 5.399003801653841350e+01 6.824736556887908989e+01 4.998809323598372600e+01 6.920269311999423678e+01 5.471264745324765499e+01 5.663793575960261961e+01 5.862221038355147584e+01 6.069786458772956195e+01 6.281361860250986240e+01 8.332139464841884546e+01 9.500838716002350282e+01 1.046152997891582288e+02 1.129512737132668860e+02 1.002918030965426794e+02 1.172375244341067599e+02 1.076460609976030014e+02 1.246380745816605895e+02
6.512160288302194999e+01 8.515851570176171492e+01 9.647385051249966637e+01 7.985722225261403651e+01 9.647385051249966637e+01 1.088158589353549246e+02 1.118082291012854768e+02 9.136025905893514221e+01 9.511253147479305881e+01 9.522846158656196280e+01 7.419900745031161193e+01 6.908474021556411060e+01 6.707505553414507915e+01 4.962690882050295471e+01 7.010027566589174342e+01 8.276348841205137319e+01 1.030200574174002810e+02 9.151290257318598265e+01 7.096119543456302381e+01 6.072761945656070282e+01 7.440090021701038836e+01 7.880742388413487731e+01 7.032817722572022490e+01 5.204415320332001471e+01 7.249798438302755699e+01 7.706950272476311170e+01 7.046082492668355712e+01 8.118485755059904818e+01 8.332139464841884546e+01 6.609275203417574573e+01 8.662809436784750972e+01 8.431046270211093940e+01 9.626492286560137757e+01 8.851760323841229194e+01 1.044783561433915651e+02 9.586018725032477050e+01 1.162509937862886744e+02
5.945293361105271401e+01 7.960127596561025598e+01 8.825530498924202050e+01 6.826196647326253242e+01 8.069853333336450874e+01 9.440638547013537618e+01 1.026168249772707242e+02 1.118082291012854768e+02 1.074891680616106697e+02 9.549110441715997410e+01 8.678563718570703145e+01 7.256714955040426673e+01 5.220781527566650482e+01 6.957376187587449579e+01 6.240179258236440774e+01 7.681326475532489440e+01 9.712859913892999941e+01 9.996087371537710453e+01 8.693880205915819204e+01 6.638273023214732405e+01 8.693880205915819204e+01 8.684262341197099033e+01 6.615639612977888362e+01 5.438559022577782542e+01 6.347761755412965101e+01 8.413742878443142104e+01 9.086443257506951454e+01 9.922040448967383952e+01 9.500838525051712224e+01 8.067161232067702770e+01 6.952659455443095737e+01 7.234376351449587617e+01 7.572187272836916350e+01 7.921517508771665916e+01 8.394671268005356524e+01 9.003606089024333414e+01 1.020057063350574396e+02
5.430488724981422877e+01 7.040454368180887457e+01 7.416824658480605592e+01 6.057083779527199141e+01 6.736187714478933231e+01 7.449560472515258880e+01 8.602824465396633968e+01 1.058511386640710015e+02 9.884391768146838331e+01 7.810003423627954078e+01 6.624957827411175515e+01 5.982781429329528322e+01 7.256029965203882170e+01 5.500248190919148783e+01 7.534323430732091254e+01 9.064376688059169851e+01 9.064376688059171272e+01 1.108655826176520947e+02 9.344228663742158858e+01 7.287646264199236157e+01 9.344228663742158858e+01 9.541864180844086718e+01 7.747093597404581544e+01 5.690204447706636870e+01 7.747024464962758827e+01 8.032571384853945062e+01 9.501355639870035930e+01 1.157712805227640587e+02 1.093451496383327282e+02 9.503500679151719055e+01 7.457732334191960888e+01 9.289229663017975724e+01 8.122138489403494077e+01 9.977206282314874386e+01 8.888058437210007412e+01 1.094598385239291360e+02 1.008025490612792652e+02
4.944262559470330842e+01 5.006952199689722960e+01 5.390008616707522293e+01 6.165993949273874364e+01 8.176860941440425279e+01 9.440638547004427039e+01 1.026168248333640065e+02 1.140612527501903628e+02 1.015521265352094531e+02 8.078483093634937973e+01 8.033248047630004862e+01 8.033248047629693644e+01 7.736986394905321163e+01 5.700248811949128935e+01 6.340118711228196702e+01 7.020256193261435840e+01 8.470200698892264768e+01 1.049884441954237815e+02 1.012037839436937645e+02 8.066879226933033920e+01 1.012037839436937645e+02 9.454987661834424273e+01 8.011052263069066726e+01 5.949468299697688423e+01 8.011052393029507357e+01 9.004514807108319019e+01 9.524343634555411597e+01 9.524343635036457556e+01 1.160275570883543139e+02 1.002862723427141987e+02 7.994820834393748044e+01 1.002862723427141987e+02 8.774122451536004519e+01 1.079428226642778270e+02 9.659177828049845971e+01 1.174650150636162493e+02 1.109235838331091770e+02
4.485610228749465023e+01 6.523944300873803570e+01 7.416824658480605592e+01 8.176860941440425279e+01 7.593429020779207406e+01 8.747199145046333513e+01 1.015065331223131579e+02 1.212996562538781120e+02 1.101973778980154606e+02 1.015521265352094531e+02 1.010305422463658118e+02 9.406374212454254291e+01 7.356894483553496400e+01 5.913725947211776202e+01 7.953166680247834108e+01 9.064376688059169851e+01 9.064376688059171272e+01 1.108655826176520947e+02 1.096272999368752892e+02 9.255699389672165012e+01 1.006716257399231438e+02 7.987471058902693244e+01 6.526380135038073149e+01 8.011052393025589424e+01 6.458967872848867842e+01 6.929239065604474490e+01 7.445028323264405401e+01 9.524343635382793138e+01 1.136129369302604459e+02 1.061211595346516248e+02 8.590851738891493028e+01 1.061211595346516248e+02 9.493880397721584075e+01 1.150564210716589741e+02 1.068110154380871961e+02 1.261621754725764362e+02 1.258902940682177558e+02
6.127979855146031696e+01 6.656821755068449420e+01 6.889016377048487527e+01 7.717426903436135888e+01 8.862904659370943250e+01 9.685556408624248093e+01 9.566615435118299615e+01 1.040709802930373229e+02 1.157252739224998095e+02 1.161619487321530073e+02 9.599673177265344748e+01 9.491314054440832138e+01 8.149019428499359208e+01 6.132541076528315926e+01 8.174780285440007788e+01 9.425789895585914735e+01 1.059229680413769046e+02 1.141940024426927920e+02 1.214040690552112096e+02 1.130155188090481033e+02 1.052138701637735494e+02 8.439869123319317623e+01 6.973931849346341494e+01 9.049531598977259250e+01 7.051574723108227261e+01 9.004514807296911272e+01 8.914368124673985960e+01 8.423104289553735669e+01 1.050643528492366130e+02 1.128297325429361280e+02 9.270401351808246204e+01 1.128297325429361280e+02 1.039541000330263074e+02 1.233289985487430442e+02 1.216317561994487164e+02 1.369892127693432258e+02 1.502021744873821092e+02
4.391501872701372378e+01 4.617791220417237952e+01 4.851516838229582618e+01 6.889016377048487527e+01 6.860133421088845296e+01 8.450697840064859179e+01 7.633789463425654276e+01 8.717820121816785672e+01 1.072609139570140258e+02 1.102974343231767449e+02 9.007318682476582694e+01 7.557735646904940552e+01 6.640013597623020303e+01 8.174780285440007788e+01 6.541997458121439024e+01 8.588168818933581861e+01 8.564247369182754710e+01 1.025439197756034702e+02 1.043706808753302653e+02 1.244329174051190705e+02 1.074846326688874996e+02 8.667705419839971626e+01 7.525664535047982895e+01 9.605351254451426257e+01 7.674642911539075385e+01 9.755010014739323765e+01 1.099695478597422209e+02 9.353851698101242107e+01 1.136129375725855795e+02 1.211503911616783995e+02 1.027728887468938410e+02 1.211503911616783995e+02 1.155689972631969766e+02 1.322897573607932031e+02 1.445211578573552913e+02 1.495864386588098682e+02 1.404918927244183067e+02
6.430262806773869499e+01 6.066479913747059527e+01 6.889016377048487527e+01 5.195854307624903612e+01 7.227648790933223211e+01 6.552123244377689559e+01 8.450697815427663784e+01 9.687076615821430892e+01 1.083317824326840508e+02 1.155105017075098317e+02 9.534814308552584805e+01 8.090525757079525704e+01 7.086121034382769324e+01 9.133215426502673040e+01 7.189208131253251111e+01 7.023403100048849979e+01 7.375721091293603138e+01 8.406132933912348904e+01 1.043706808753302511e+02 1.155489698493896498e+02 1.160151882090687820e+02 1.020649576297241481e+02 8.124070100073666367e+01 1.020649576297241481e+02 8.602998331467448168e+01 9.145015674723312316e+01 1.122766662337678554e+02 1.056051002746628313e+02 1.228968611691556276e+02 1.312013809802284072e+02 1.228865763389783439e+02 1.312013809802284072e+02 1.356094024751790528e+02 1.438260146211860047e+02 1.390815545967983553e+02 1.324266093893105563e+02 1.229145650459940242e+02
8.267760718683307175e+01 8.082033034822858042e+01 7.703903074140784213e+01 5.683325476340202442e+01 5.614004219098942627e+01 5.957958572433270206e+01 6.867363928574718557e+01 8.025814062649921254e+01 1.001224486651340015e+02 1.112346853153603092e+02 1.095703513110913150e+02 9.602125554586488931e+01 7.558262909941842622e+01 9.602124899942873526e+01 7.875915027012932512e+01 9.070726901699727307e+01 9.421600694902031137e+01 7.971779622422663181e+01 8.700456119358290152e+01 1.013873837280964665e+02 1.214438632814702572e+02 1.090159335434344570e+02 8.816300580230330297e+01 1.090159335434344570e+02 9.644830074633975414e+01 1.122766662337678554e+02 1.207909913604545977e+02 1.263879117282553324e+02 1.348264115371979415e+02 1.457665358840940542e+02 1.375749487701542932e+02 1.401579140057090456e+02 1.483396193588354492e+02 1.462794179129899987e+02 1.266885586397725234e+02 1.130327105632497791e+02 1.324266093893105563e+02
9.162889402452483978e+01 8.436073405393283053e+01 6.430942373578156435e+01 7.703903074140784213e+01 6.790581310186213670e+01 7.971839279762501462e+01 6.494930932005962632e+01 7.319210991801047328e+01 8.319157091659508296e+01 1.030273981799790590e+02 1.125131164344897172e+02 9.231479439144297316e+01 8.130942115054128294e+01 1.016675978511813128e+02 8.604178550615735332e+01 1.063148731145457333e+02 1.053389730630205747e+02 8.504765987114140557e+01 1.053389730630205747e+02 1.013873837280964665e+02 1.214438632814702572e+02 1.175527179278435455e+02 9.858928017732107207e+01 1.175527179278435455e+02 1.112273025505056694e+02 1.257835543031137462e+02 1.361166855760450858e+02 1.443138595984578387e+02 1.368324928585669795e+02 1.286036930827053482e+02 1.175146112094868442e+02 1.201258525079081920e+02 1.401579140057090456e+02 1.422599528506674744e+02 1.273055148214831007e+02 1.077917068600278157e+02 1.273055148214831007e+02
1.031078548651628637e+02 8.989667298958052299e+01 6.993656129926510800e+01 8.989667298958052299e+01 8.209425425747780025e+01 8.923339846234752315e+01 6.927498498974722452e+01 8.923339846234752315e+01 1.013199471368817939e+02 1.112346853153603092e+02 1.207969949869137736e+02 1.016675978511813128e+02 8.817378854741511418e+01 1.084145025030645684e+02 9.518919744794787619e+01 1.146018107699815403e+02 1.111661622641999401e+02 9.098018674068127609e+01 1.111661622641999401e+02 1.214438632814702572e+02 1.297105559706830604e+02 1.279241664224916946e+02 1.194425869095480266e+02 1.279241664224916946e+02 1.319329290317804748e+02 1.327865977629338090e+02 1.160779499699655020e+02 1.327865977629338090e+02 1.252908948137265241e+02 1.085614668324037524e+02 1.059561515199422388e+02 1.201258525079081920e+02 1.401579140057090456e+02 1.340984203619145774e+02 1.142217261791161889e+02 1.030527621674066978e+02 1.213026247919436145e+02
1.056825226476363184e+02 9.618546528589963884e+01 7.629855789781096576e+01 9.618546528589963884e+01 1.019613387042996919e+02 9.455045099464574321e+01 7.465586211130691652e+01 8.193866518581668856e+01 9.342035652392232237e+01 1.132133928659214064e+02 1.300290223596057615e+02 1.166975916263762940e+02 9.730529729238047310e+01 1.166975916263762940e+02 1.068675051770226645e+02 1.235796648539580787e+02 1.187500676225747185e+02 9.868494007766487641e+01 1.111661622641999259e+02 1.311494320162488521e+02 1.364995603776664836e+02 1.343300739753754840e+02 1.343300739753754840e+02 1.425178529866421115e+02 1.387007018942700540e+02 1.186847918631643211e+02 1.045394096863757625e+02 1.145433629330154872e+02 1.170323083609826966e+02 9.709715057234069491e+01 1.083791430901605963e+02 1.225253805213306180e+02 1.424984905287888353e+02 1.324736818398594380e+02 1.125569340680898307e+02 9.878770024219394941e+01 1.012408687969620189e+02
9.747452504205095636e+01 1.043933644165454950e+02 8.522836046725416281e+01 1.043933644165454950e+02 1.085574084318286339e+02 8.874857925658186275e+01 8.281561540496326757e+01 9.455045099464574321e+01 1.099939997045298696e+02 1.214281221349406650e+02 1.385493245556509976e+02 1.256660486803542227e+02 1.115571192508765677e+02 1.256660486803542227e+02 1.268562469083288136e+02 1.351093495310265098e+02 1.270117833833207186e+02 1.103195800363393744e+02 1.270117833833207186e+02 1.364995603776664836e+02 1.165902783523699213e+02 1.144089323955250421e+02 1.144089323955250421e+02 1.343300739753754840e+02 1.305841874201799726e+02 1.223485064243150475e+02 1.145433629330141798e+02 9.462164738866280800e+01 1.060487148806300013e+02 9.214942012550557138e+01 1.061907125435187993e+02 1.261905145175611125e+02 1.442196872084049062e+02 1.241845851562407859e+02 1.144209983020465984e+02 9.476600164822691852e+01 1.090094604120032926e+02
8.424844330126042280e+01 1.040875659124463084e+02 9.669054719995573066e+01 1.132567052826760801e+02 1.167676119851684149e+02 1.085574084318286339e+02 9.275471450474321955e+01 1.108513009064846671e+02 1.225731025926567810e+02 1.327701891812662325e+02 1.188238854560141249e+02 1.327701891812662325e+02 1.315129211820673731e+02 1.379799287070459002e+02 1.298037531935982543e+02 1.379799287070459002e+02 1.385277002292935435e+02 1.302663278316616413e+02 1.319239009181275435e+02 1.237162058924473058e+02 1.202436996752859812e+02 1.003580524295152827e+02 1.202436996752859812e+02 1.342045869676492771e+02 1.223485064243152465e+02 1.023786524067281931e+02 1.082276872291738670e+02 1.060487148826176451e+02 8.615755669740987344e+01 1.060487148828381265e+02 1.182348033324243772e+02 1.264778030040611867e+02 1.384010199146779598e+02 1.182959450707040645e+02 1.040992174613945309e+02 9.599112462081595254e+01 8.923409627925150289e+01
