LEM/sinusoidal_perturbations/elevation_000660.asc
nrows	100
cellsize	150.0
xllcorner	0
ncols	100
yllcorner	0
NODATA_value	-9999
[rows 17 to 33 of 100, columns 0 to 36 of 100]
5.222468517465790779e-03 6.329777788854251241e+00 1.632977779371548976e+01 3.047192276270946110e+01 5.047339857769747340e+01 4.902565924962583921e+01 6.314856607962271084e+01 6.243626121387454475e+01 4.755461377059616979e+01 2.612398207131922589e+01 4.755461388475030304e+01 5.840290776681077034e+01 4.272385664472780320e+01 2.173133193538036778e+01 3.639591480289428205e+01 2.774855692622260150e+01 4.860742314322299507e+01 5.004599820616170547e+01 3.938266474785342552e+01 3.515219547809088141e+01 1.349367598114162448e+01 2.935028154283480362e+01 3.072538855630993027e+01 1.408654514572824112e+01 2.765780199006463747e+01 4.738935087447175221e+01 4.028672945060460364e+01 2.625366975925935975e+01 1.316470840766243633e+01 1.428848050579908247e+01 1.544520448586735384e+01 3.498101490738328323e+01 2.735867017971992965e+01 4.722278642569811069e+01 6.333298340859489173e+01 6.490956768713577674e+01 4.862008949002121483e+01
7.333276091007126865e-03 2.000733327609065171e+01 2.047191377505482990e+01 3.461405387318702509e+01 5.461411672137012374e+01 6.902165087916290531e+01 6.188073311151176625e+01 4.982704363964493410e+01 3.304571578497294837e+01 1.804182109563124570e+01 3.997712402672167542e+01 3.806999148305754943e+01 3.944260398580160398e+01 3.096002881335461865e+01 1.495454689758381406e+01 3.469545406938480170e+01 4.588946413265230717e+01 3.910656448878427227e+01 1.868139891867993541e+01 2.731538098101358258e+01 7.887028170613997524e+00 9.388691198992205500e+00 1.128242368847343968e+01 3.062449000362870422e+01 3.698062322674665126e+01 3.870626614815380151e+01 3.062731855971487605e+01 1.161982703053058863e+01 3.210228177155104845e+01 3.467149220206035665e+01 2.735319849687084570e+01 4.362462026493710709e+01 4.138374268459038774e+01 4.141076013154040680e+01 6.149757019327688568e+01 7.554992591507784994e+01 6.768947155977913610e+01
6.343274376862209282e-03 1.414847889810768677e+01 3.414847889810697268e+01 4.875617467414285500e+01 4.513934369501765076e+01 4.957807257832285330e+01 5.242835360880596340e+01 3.371568317283537652e+01 1.994170428915884941e+01 1.062844254549511547e+01 3.050399736143572227e+01 2.507357273792625918e+01 2.918450620425625175e+01 9.168506830923693229e+00 2.757787122081993658e+01 2.708936099028735356e+01 2.145322928055495026e+01 2.695695153029567237e+01 6.191421860435591284e+00 6.450571695088776814e+00 8.487676888079452198e+00 1.987686400617269911e+01 1.018334644646803078e+01 2.596730377316595195e+01 2.140025808834442955e+01 2.899189494167615422e+01 1.011992315934417164e+01 3.029139506487204514e+01 3.252231412358366214e+01 4.110883503302778763e+01 4.703158037955257953e+01 5.504154570391683166e+01 6.122922144596634553e+01 6.149757019327688568e+01 6.952760849274423549e+01 6.612585462481376908e+01 5.965951969666441101e+01
3.497053469895897767e-03 1.414772406511045233e+01 3.420659623864688115e+01 3.898087215567495178e+01 2.385222756102984221e+01 2.465111219987351987e+01 2.635239513536768641e+01 2.652424097598583685e+01 2.427946283607164091e+01 5.759475228338610364e+00 1.226326308778107510e+01 2.134253531689756400e+01 1.746971090327924259e+01 4.400243929897130535e+00 4.703244442135550152e+00 6.503710288539653384e+00 5.550993187144901420e+00 5.825514487444281464e+00 1.666321514802625714e+01 2.272805195794163069e+01 6.851513119415779229e+00 7.150446979045286255e+00 7.458773375098238567e+00 1.200194016977187061e+01 8.340354233394402073e+00 8.654041753437992313e+00 2.850865733469725782e+01 2.922499994397513134e+01 1.164978134105886198e+01 3.234904422960586601e+01 4.835240430228730446e+01 4.737818874042127248e+01 4.780508421938095864e+01 5.637850476425789026e+01 5.680371263963019857e+01 4.432116252884962648e+01 4.439574403090851717e+01
9.635555453094322986e-03 1.998205826052632261e+01 2.358305798932315511e+01 2.220856672906213447e+01 1.317932981120739200e+00 1.603218419747217682e+00 1.891869920540139693e+00 2.192696611581340438e+00 2.502821395623556544e+00 6.646605712762092111e+00 1.569520270314567867e+01 3.663704335293830106e+00 3.970860410043992594e+00 4.873103923959339667e+00 1.641198587405060394e+01 5.135269803562056090e+00 2.332680957783729880e+01 5.820298876743571270e+00 8.824956317080982160e+00 2.754567891972384075e+01 3.165366465092935755e+01 2.850800331329694259e+01 2.126641994192639729e+01 7.898727693964520569e+00 9.684399151665870065e+00 1.453868824900335532e+01 9.124434871758021259e+00 9.459457937270281391e+00 9.797914845600224965e+00 1.791389684421356776e+01 3.667676307899854748e+01 2.728953235861484927e+01 2.733490352161227932e+01 4.750157713818550320e+01 3.639739813027156856e+01 3.655577888406364195e+01 2.337173631487834768e+01
8.845047570523793118e-03 3.077189202694401438e-01 6.066261699156650922e-01 9.056336175381582976e-01 1.941568842315069432e+00 3.446294941031834647e+00 1.318890430618623810e+01 4.503054541574102565e+00 1.609068975619814523e+01 2.934061434745060648e+00 3.234704156303696010e+00 8.811489021499976815e+00 1.535407742455881852e+01 4.660508668481485373e+00 2.243757690855313314e+01 2.443344054064896298e+01 9.698085684743544377e+00 2.962156113147210945e+01 2.627109841762834463e+01 1.197699269304694880e+01 1.422615086407288132e+01 3.298929859412331922e+01 3.664289741288762059e+01 3.317449806179170224e+01 2.380164181711730720e+01 3.037003293884994548e+01 2.064528160649681965e+01 2.946993419555603566e+01 2.971131568394327260e+01 1.028270469541630305e+01 3.020234912301774344e+01 1.159486999494220782e+01 3.308886723822822518e+01 4.984857392904499562e+01 3.631333819629074355e+01 1.750816064067448963e+01 1.328986248974626605e+01
8.023991185656003874e-03 1.038103274217621674e+01 1.529058541791103742e+01 1.810311410449129710e+01 1.988768195956924245e+01 5.767328411446856151e+00 2.315706624698816896e+01 6.811452794656927878e+00 2.472493501759486989e+01 2.091646029313056232e+01 2.282657074511305240e+01 8.403792976892278332e+00 2.549648862127438775e+01 3.393362928630190822e+01 3.812426072268231536e+01 2.810335520651911878e+01 1.267285936811465596e+01 3.220561108834586150e+01 3.699498379451337371e+01 2.516744043154372079e+01 3.299764155982639835e+01 1.732793005446244194e+01 3.619501838746482036e+01 4.743910092640430065e+01 4.558716311090928031e+01 4.975709775626111764e+01 4.095487643720139914e+01 4.027096065689857340e+01 2.030815351134635804e+01 1.466809252095441707e+01 1.076868414730088119e+01 1.111119595927845616e+01 3.034340282548109613e+01 3.709675625511502517e+01 2.627650406004344674e+01 1.279140619204756391e+01 3.263292528582159946e+01
4.598823041778624977e-03 4.495293456162909429e+00 8.708016372614100220e+00 1.940407748206613547e+01 2.639723201014862397e+01 3.153029992643947566e+01 2.618669166572934159e+01 9.111919737427747634e+00 2.737812969061184987e+01 3.448361174114236150e+01 3.464365419548344960e+01 2.849677498401125320e+01 1.793816102423465608e+01 3.993484794101158997e+01 4.371810584618818041e+01 2.767088570557095650e+01 3.221217562280903479e+01 1.639505311494139761e+01 3.552270778815348251e+01 4.461335948933168538e+01 4.430978290716527823e+01 3.621152926992699861e+01 2.041456219066473210e+01 3.956693556362026953e+01 5.133144372683822354e+01 6.264377572053059140e+01 5.457302466838748956e+01 3.439866246284726969e+01 4.012533194650213630e+01 2.471236014684569327e+01 3.067681152139690326e+01 3.097601379550401290e+01 1.159181276741004041e+01 1.194274874657919305e+01 1.229355295973308770e+01 3.231615051883580492e+01 4.072397300568898970e+01
7.340434288523949372e-03 2.000731162697972820e+01 2.750038999033538190e+01 1.485681745142408694e+01 3.186993071694530855e+01 4.192870017563225105e+01 2.500053907403786013e+01 2.737839364767246408e+01 1.232711904309169348e+01 3.056482434174059293e+01 4.207214312139959844e+01 4.843949259845601318e+01 3.393660433419462663e+01 4.004939745971610421e+01 5.412793240235048842e+01 4.740358136433446390e+01 3.797700652811181499e+01 1.891509298586981558e+01 3.797700653302654672e+01 4.983795727283039412e+01 5.196915084181392785e+01 3.235952668534988419e+01 3.956693556362026953e+01 2.375695006547382704e+01 3.493414247900128800e+01 5.460241936905332238e+01 6.285329778356083352e+01 5.457302466838748956e+01 5.303899503731929599e+01 4.471312644171984374e+01 4.596826471162092531e+01 2.630708819664106812e+01 1.286899911825659437e+01 1.720508203933002989e+01 1.566360913580052916e+01 2.413847619288808488e+01 4.307365526324371530e+01
3.515918393995972821e-03 1.414565201372787584e+01 3.414579817761320868e+01 3.266323832366414592e+01 2.196960763469117595e+01 4.061266254284270616e+01 4.428845977592966676e+01 3.866105815454400840e+01 3.056482597621949893e+01 1.541143789011713672e+01 3.390378947203154070e+01 4.580941441694022132e+01 5.528810485702756949e+01 6.064332330867173937e+01 6.212397761887596914e+01 4.245219741749628639e+01 2.905988854436315094e+01 3.797700653319800068e+01 2.272057774250852802e+01 4.169899284959955565e+01 6.002785438730736445e+01 4.625383381571052155e+01 5.133153125860982158e+01 3.749768902042283258e+01 2.752892757790355560e+01 4.715134883321728410e+01 5.179192318452371069e+01 7.088278939957281466e+01 6.879799320234593552e+01 4.881289532092679906e+01 4.723604820852177966e+01 2.753113926678686951e+01 1.411349668707446092e+01 3.242516074655922864e+01 3.896279061971119262e+01 3.149414240241744878e+01 5.111950273915716991e+01
4.608085242692564441e-03 1.414674370983536456e+01 3.414674556079321377e+01 4.881532023707095647e+01 4.061266254901040895e+01 3.155793851530362204e+01 5.101048275202690263e+01 4.781981962268903885e+01 2.815463614756401256e+01 3.391443503443436214e+01 1.858403875943186634e+01 3.746900713957307261e+01 5.080797283060915248e+01 6.238771664792096061e+01 6.431120020642410395e+01 4.459589145006087563e+01 4.821371701428896728e+01 4.440730326857639199e+01 2.544920035027383065e+01 4.440730326928709104e+01 6.339854599673596169e+01 6.576714672931299788e+01 6.516537349679683189e+01 5.381392674207325655e+01 3.410866330516198985e+01 3.206983136235012211e+01 4.621957525375459142e+01 6.621421896011696617e+01 6.294514632709581292e+01 4.295913130777732647e+01 2.884063134873971279e+01 2.012238704996237715e+01 1.530059462798048209e+01 2.877393765123201774e+01 4.869616344599768354e+01 4.687678544042985607e+01 6.080905441103219999e+01
1.610643649003322799e-03 1.414375191916949248e+01 3.414463090985076121e+01 4.846801220993783943e+01 5.930130035631076879e+01 4.257696140370001814e+01 5.930130035631076879e+01 5.598989546564038022e+01 4.781981962290982580e+01 4.211125536201641495e+01 2.248799598295156699e+01 2.294111871479611153e+01 3.411817966552492010e+01 5.420428774706195441e+01 6.795306769449864248e+01 6.431120334356516821e+01 6.110422207611677692e+01 4.144977022851342952e+01 2.822203060701832555e+01 3.573811644491266293e+01 4.667182733970373221e+01 6.665658390924184573e+01 7.302326710263425014e+01 5.381392674207325655e+01 4.309133502837561025e+01 3.563127966467415320e+01 4.969110985362633670e+01 6.900868584330966371e+01 6.406900362592087106e+01 4.401738463808359114e+01 2.989441595515159733e+01 3.592077086686719412e+01 1.646727680076928735e+01 3.591432309951989055e+01 4.621113013373334866e+01 5.824873347507993770e+01 7.434218874311862635e+01
2.022278438842990342e-03 2.000152826346612756e+01 2.018557184528363990e+01 4.018537501290031599e+01 5.231281866658826374e+01 6.253087040644832229e+01 7.083810189597539875e+01 6.335342007074330439e+01 4.335012430301720343e+01 2.913363049181134201e+01 4.211125536201531361e+01 4.260201722154732096e+01 2.821635466420192984e+01 3.978611251069946775e+01 5.987175196546775169e+01 7.293732212609830867e+01 6.174431244195221069e+01 4.199710306590468889e+01 3.126275818619634350e+01 5.034325579341138734e+01 6.339854609258934204e+01 7.493827499010951954e+01 7.596625482094816562e+01 5.688745731462038435e+01 5.897021394160642416e+01 3.942760967319247101e+01 5.334404088911536235e+01 7.256727489605243875e+01 6.406900437111588076e+01 4.401738463891443587e+01 4.989036808468081574e+01 4.230359105558785870e+01 2.261358329409632617e+01 1.815128448798435201e+01 2.940877896996451568e+01 4.977313662713825693e+01 6.817994165412582674e+01
6.642187732006160465e-03 3.855643982329519215e+00 2.385565052188502833e+01 2.402800669096954067e+01 3.817014494641438205e+01 5.817027587363523367e+01 7.102348824129859395e+01 6.889818487034511918e+01 4.914065820390266737e+01 3.510697721670967297e+01 5.517490627937826275e+01 5.461024421466636625e+01 4.827530754252231304e+01 3.463583060487334819e+01 4.483090337750682153e+01 6.488297376495859226e+01 7.003856112283058621e+01 5.374842547221168587e+01 3.448598463748966481e+01 5.374842547350246491e+01 6.800855688778538877e+01 7.965357454061707188e+01 8.372103112844463624e+01 7.596444076007196600e+01 6.283500000119300211e+01 4.350103976446834508e+01 5.722299489190567101e+01 7.638357884814146814e+01 7.243967153789927238e+01 6.406900437110952851e+01 5.235265054650827210e+01 3.289618237057036509e+01 3.924961430152358588e+01 1.939168050291865697e+01 3.337935243395928353e+01 5.335161300996396960e+01 7.039564539549397182e+01
1.591255364720534126e-03 2.000159125536436378e+01 9.885870873884845977e+00 2.988588105963503594e+01 4.273586551386724608e+01 4.273588181316316081e+01 5.809151334508193543e+01 6.809172306474472691e+01 6.182435165244272923e+01 4.187601553325013981e+01 6.182435165244272923e+01 6.587397057594553473e+01 4.624730423813915081e+01 4.182810387398325958e+01 6.169940560339225755e+01 7.293732212644920310e+01 6.527303361033575868e+01 4.531182677996640251e+01 5.374842547350246491e+01 3.998975735039267931e+01 5.112922324547677988e+01 7.137854459936708906e+01 8.730731368186501129e+01 8.212971742730408664e+01 6.700490735372876827e+01 4.785960760848777085e+01 5.892487270879408356e+01 7.804243993993475215e+01 7.773574973624928930e+01 5.821016040101034861e+01 4.479825346404528119e+01 5.108485628929744848e+01 4.066980012883085749e+01 2.069836218383177595e+01 4.066980994383042969e+01 5.776356220625037707e+01 6.769330027987089693e+01
6.189296070378335485e-03 2.000618929607002272e+01 2.988587970133947636e+01 1.718883830728805862e+01 2.273584026954347692e+01 2.980690808146828985e+01 3.980690810254887424e+01 5.980696609249540785e+01 6.984757475933240300e+01 5.202937228263611047e+01 6.984757475933240300e+01 7.362026846737188635e+01 5.745650361803492956e+01 5.606177434309368124e+01 5.606177434349230282e+01 7.530985145070118847e+01 7.357133530007483557e+01 5.669739856807301237e+01 5.968759346479122030e+01 5.968759346479122030e+01 4.713931098897929672e+01 5.869267925516927420e+01 7.908914624019764972e+01 7.418176841743706973e+01 5.514065306097334229e+01 6.700440324045723628e+01 7.495881234302406426e+01 8.602424871695873776e+01 8.352231060612992053e+01 6.392907311063806475e+01 6.210469302172467110e+01 3.924960408400591660e+01 2.270661429605886283e+01 3.984167786252781696e+01 2.958843112289151733e+01 3.960776180718740846e+01 5.943309243117136020e+01
2.247884206357958405e-03 1.414438350812582712e+01 3.414438387396603503e+01 3.718885574822316897e+01 4.273586551386724608e+01 4.980693626624794490e+01 5.809151334508193543e+01 6.809178502789914944e+01 7.959267328447577938e+01 7.161933102224929826e+01 7.959267328447577938e+01 8.354641758102772542e+01 7.584903906734849954e+01 7.530984964938548387e+01 7.530985145070118847e+01 8.315298490031374001e+01 8.521262963555730607e+01 7.698756893167069393e+01 7.989121988606861180e+01 7.562179835289362018e+01 5.869267692023848326e+01 5.869267692023847616e+01 7.908715240584803041e+01 8.213421366134242874e+01 6.361054661120294895e+01 6.712144711979777867e+01 8.609496362529232272e+01 8.432689320653798859e+01 7.414708028973446119e+01 6.569299152743194270e+01 5.862616166224870540e+01 4.424601722600063880e+01 2.417310931624069781e+01 4.415192469621068483e+01 4.113952788468816379e+01 5.776356220625250160e+01 6.769330113067221077e+01
