LEM/sinusoidal_perturbations/elevation_000901.asc
nrows	100
cellsize	150.0
xllcorner	0
ncols	100
yllcorner	0
NODATA_value	-9999
[rows 17 to 33 of 100, columns 0 to 36 of 100]
5.222468517465790779e-03 5.552224430769780561e+00 1.132572712266608939e+01 1.799239378933287270e+01 3.799239378933479827e+01 5.675892329405426295e+01 4.539042289484162040e+01 3.710700588803446465e+01 1.997416741847536059e+01 3.996218041502314122e+01 5.129300142112873573e+01 6.543327590847194131e+01 7.482469151343298108e+01 8.762398291014409324e+01 7.890192310030927558e+01 8.760637572956102304e+01 8.843570217192376504e+01 8.044310044766231726e+01 8.514119422411205562e+01 7.721997915712957195e+01 6.698531176920646146e+01 5.406296560022755671e+01 3.467848328163233873e+01 2.402501346923002501e+01 2.535054595914445841e+01 4.411785101086931604e+01 4.507139011976772736e+01 2.585339099363059390e+01 1.131218601335190144e+01 1.158400192234854664e+01 2.027340428537142714e+01 1.326762858886215746e+01 3.357069288119596706e+01 4.244781600288652612e+01 4.397029573960436721e+01 6.379269130541879207e+01 6.757018091510710178e+01
7.333276091007126865e-03 2.000733327609065171e+01 3.132572712266573234e+01 3.799239378933479827e+01 4.627666503856962521e+01 4.261884681606647263e+01 2.847877033807870006e+01 1.711797377047415125e+01 3.710700588803446465e+01 3.261245364827431814e+01 4.675143471160536990e+01 6.675140543788236869e+01 7.792749613579748313e+01 6.919143582140074500e+01 5.766655368167351980e+01 7.692865895785678276e+01 7.737106234780536340e+01 6.135977166013153550e+01 7.416048128960413521e+01 5.820910792576022885e+01 7.416083658550469693e+01 6.227981189845532839e+01 5.101161667618750784e+01 3.874463489936338334e+01 1.989624749146657123e+01 3.864888471297697237e+01 3.526865543311872386e+01 3.022636835035349634e+01 1.115135767861958449e+01 3.057209695221847667e+01 1.204102195430996858e+01 1.228434042402083470e+01 4.022968190284942835e+01 5.069401515689589388e+01 5.893825102222017875e+01 6.915953631026934545e+01 7.142665359695595839e+01
6.343274376862209282e-03 1.000634327437694893e+01 2.414847889822851101e+01 4.414847943703600919e+01 3.995964013047571228e+01 3.167585692056809066e+01 1.434390695461413401e+01 3.433525791777657332e+01 3.710700588803447175e+01 5.260929051379950039e+01 6.089274342121874639e+01 6.926682412284066004e+01 6.050723126349414827e+01 4.791899091128705379e+01 4.700620517475330473e+01 6.828192796296674771e+01 6.886419684853588308e+01 5.049168748753381664e+01 6.624431550976893845e+01 4.734491910703894035e+01 6.624431550976893845e+01 5.811969170759259384e+01 3.819511915776041633e+01 2.443289967856640388e+01 1.732454357422098923e+01 3.213415104172782577e+01 1.107267887488163183e+01 1.069858697404030679e+01 3.103695771846628659e+01 3.437564043161261651e+01 2.071126560596465893e+01 1.250026317156205735e+01 2.011789895936370343e+01 3.039551156319807035e+01 4.295680549711565988e+01 6.162508066637303727e+01 6.298379804017774575e+01
3.497053469895897767e-03 2.000349705342822659e+01 3.829062239523373989e+01 3.736794430559426416e+01 2.908393264560642066e+01 1.168129108119498305e+01 3.167585408549529902e+01 2.847877034575883215e+01 4.847408867898884921e+01 6.538836057546588165e+01 6.198010753493804970e+01 5.320499789145311098e+01 3.921730674738694944e+01 3.561295082180268423e+01 5.690978402622509691e+01 6.763170918881979787e+01 6.095614734384565736e+01 4.180423687668459110e+01 5.137979530818504514e+01 4.037229244669557460e+01 5.956243955118360844e+01 6.254895913000115826e+01 4.119677028370681882e+01 4.377707072009447131e+01 2.712728612859819322e+01 1.418332358167369023e+01 2.303253170740670797e+01 1.035634998629265624e+01 3.374478590180061133e+01 3.333880495213151107e+01 1.297715180386664358e+01 3.264105487956369700e+01 4.297418821363454100e+01 5.066538266021704118e+01 5.893512905135840185e+01 5.963210277696097705e+01 5.054292911789568876e+01
9.635555453094322986e-03 2.000963555545273920e+01 3.485681678138884365e+01 2.657367635439068465e+01 9.085931580322464285e+00 2.880996608143791704e+01 3.167994440653958677e+01 4.847408827244169061e+01 5.675947587109154568e+01 6.473348725864879327e+01 4.974755647019149052e+01 3.201659917376994713e+01 2.709670955454022234e+01 4.821548761309284714e+01 6.196798054750943407e+01 4.840625653215244029e+01 5.345410369798142369e+01 4.545764026360698296e+01 3.129693844571169237e+01 5.137979530818504514e+01 6.745747019902196939e+01 6.643477280498159132e+01 6.193682622245606950e+01 5.486274189028032566e+01 3.595053444926941211e+01 1.379891153618397048e+01 1.337000326490544211e+01 1.000460507199482230e+01 3.752336367090826030e+01 2.088020619633908126e+01 1.331099079216694392e+01 3.327390993129013452e+01 4.932044254088199864e+01 4.856771328290613354e+01 4.415007868679432335e+01 4.017602882197434155e+01 2.161546064451417237e+01
8.845047570523793118e-03 2.000884504731996216e+01 2.411134863134253692e+01 6.574037144817117095e+00 2.614999696772373383e+01 2.336720711183814458e+01 4.445352110089548603e+01 6.006742562729596102e+01 5.649440021380950583e+01 4.757331298700297850e+01 3.476162526617835624e+01 2.034425298255674974e+01 4.097187018810162584e+01 4.516619068039097584e+01 4.669832035143122084e+01 3.386310478446323202e+01 3.977278817888144147e+01 2.418699168990347204e+01 4.545764026360698296e+01 5.929200391981384399e+01 6.643490194265923776e+01 4.836085329687096390e+01 5.012684802082290503e+01 5.836345113344443547e+01 4.346037421275303814e+01 2.740950743200758666e+01 9.913798175892736708e+00 9.699717521206441262e+00 3.670712051131879861e+01 1.497735202430250823e+01 1.364325930661499520e+01 3.384390353206387658e+01 3.279440118702006401e+01 3.731226362255026174e+01 1.656141264572786298e+01 1.590994910825545894e+01 1.624717873825109393e+01
8.023991185656003874e-03 2.000802398396236015e+01 4.111395705819507640e+00 1.556996455030854598e+01 3.294083785567178779e+01 4.430834220955480163e+01 5.372504065307700216e+01 5.645686856572200440e+01 4.635171514429470108e+01 2.586069182792476795e+01 3.133409975731473551e+01 1.661819598732312286e+01 3.672474721684475440e+01 2.620283395620446143e+01 2.802899094193255181e+01 3.441617891867522872e+01 1.704656058302881050e+01 3.977278817888121409e+01 5.345410276320419740e+01 6.615903490143472254e+01 6.447606386234221532e+01 4.637603239700020197e+01 3.309218344098771070e+01 4.246642777700281357e+01 4.610537248285334044e+01 2.949247813708958788e+01 9.324381520145362146e+00 2.964900037161930513e+01 4.451384917912170636e+01 3.633257204063321666e+01 3.261914216052502979e+01 1.412007000834060655e+01 3.301818209561579209e+01 3.022830205579055729e+01 1.543014595142650158e+01 3.038095024849970116e+01 3.360687534745402871e+01
4.598823041778624977e-03 1.694907332498809982e+00 2.169489626361083268e+01 3.149544972966594614e+01 4.254749155682079476e+01 4.739577926974614996e+01 5.268773669192862741e+01 4.890062204058458661e+01 3.155692331019751506e+01 3.093724939862359236e+01 1.152515285597631411e+01 2.680166751462625641e+01 2.776483627558080869e+01 1.607356475108269223e+01 1.574353666376174488e+01 1.057168686378857103e+01 3.441617873951648932e+01 4.792206169320288467e+01 6.030098612214078457e+01 4.645200920714599135e+01 6.030915760453284946e+01 5.554307027205154412e+01 3.705020677915057092e+01 2.330863184740624661e+01 2.920071769785987925e+01 2.887279739804914058e+01 9.016806884124823895e+00 2.086993969124263515e+01 4.209938653348464754e+01 4.406450614180076997e+01 2.943054174101240505e+01 1.653008333745058422e+01 1.460353067376851222e+01 1.494674934309633940e+01 3.374970105084284455e+01 3.895591678784933976e+01 2.365592802087399349e+01
7.340434288523949372e-03 1.997303146226529336e+01 2.992359725126827641e+01 4.210708843449575767e+01 4.265875465700964497e+01 2.977878733525418298e+01 3.485842742450083165e+01 4.849650147656271315e+01 3.017438548459855951e+01 1.634620161881464639e+01 2.461860393564403182e+01 6.854791617113695779e+00 1.259166064761261694e+01 2.314840626738304152e+01 5.662076472995519083e+00 1.991782731548842733e+01 3.261665851464591270e+01 4.246043204889316058e+01 4.047376997780848029e+01 3.187074346060935781e+01 5.222247997056672375e+01 4.860803419180877682e+01 4.794317005044479885e+01 3.506610085458444814e+01 1.528996302759975556e+01 2.743100786826672888e+01 8.707356921975666353e+00 2.977280998861748529e+01 5.015779508168011347e+01 4.130330495415345382e+01 2.137420361126417490e+01 3.743848374621553177e+01 3.520632388812282443e+01 1.513032454307366947e+01 3.329185797164509353e+01 4.600603772424408788e+01 4.029992762113623428e+01
3.515918393995972821e-03 1.967515575854935506e+01 3.568492647755236646e+01 2.307473292972401069e+01 2.612372485647595255e+01 1.707883992157920261e+01 3.441118896813853922e+01 3.507026711493964655e+01 3.706358991082947085e+01 2.511950205874142839e+01 5.089910602722485855e+00 3.659724230087486152e+00 3.928069142086000110e+00 4.200635978359511746e+00 4.477131429187283018e+00 1.385239270970827263e+01 8.246319433603559901e+00 2.519454828750190956e+01 1.786009283020697680e+01 3.905754646630003180e+01 3.661230925120588608e+01 2.359220595933146214e+01 2.829817192293751660e+01 2.868137489841955556e+01 2.799027334102977704e+01 8.265458565453030815e+00 9.749428252547291507e+00 2.284549737404073966e+01 4.743324582881261620e+01 4.450345266962048640e+01 3.161020311644099579e+01 2.811846667006067335e+01 4.586423335764168741e+01 3.788080169523152563e+01 2.370288687401816929e+01 4.430957458755948153e+01 4.983502393946885434e+01
4.608085242692564441e-03 2.996748809425350824e-01 2.084665091420686167e+01 1.137726870072538610e+01 2.231290867017559965e+00 1.989142344814445451e+01 2.084736668315820651e+01 1.701736592066511378e+01 4.513489734414414478e+00 2.257260502431063287e+01 3.282512142944999933e+00 2.309177076209823198e+01 6.446166335594902819e+00 1.108928604759311121e+01 1.948769817796840087e+01 4.877587737952427283e+00 8.209110202203408591e+00 2.533250394189929366e+01 8.025560904230346182e+00 2.571068866277225595e+01 6.595388040993031886e+00 6.899051731042105118e+00 7.204066535734289012e+00 7.510622324923118320e+00 7.819706629962621669e+00 2.663420487503429968e+01 3.087205002677977106e+01 4.152078571653920136e+01 5.684721210719798989e+01 5.844268596971458152e+01 4.514783721464378630e+01 3.310990265463810545e+01 5.356824755064707233e+01 5.290052083136029637e+01 4.431668936187274710e+01 3.201245168396177831e+01 5.280077877175447298e+01
1.610643649003322799e-03 2.617528172300509048e+00 7.162442667183978040e-01 1.009669481599015040e+00 1.300635612269931185e+00 4.121732662041909023e+00 2.093146193068766703e+00 2.365124148573847673e+00 2.634826438397120274e+00 2.904125805996048637e+00 6.798128995693600629e+00 2.240338636593251209e+01 8.902825403196976239e+00 2.877559304958848330e+01 3.446451232036351087e+01 2.811877289646947631e+01 5.284461502927965348e+00 5.575333297559729395e+00 5.869767250904944333e+00 6.168122944368443328e+00 9.756038425033397132e+00 1.955564694996755293e+01 2.263003950373732565e+01 2.405104969521907776e+01 7.554457742546787813e+00 2.947802017011782993e+01 4.374374866152070496e+01 5.283132399754377673e+01 6.416615736200905928e+01 6.668197972467827128e+01 5.349376280671008743e+01 5.358716926380168388e+01 4.157530650170708952e+01 6.155918950165046510e+01 5.940848266340955774e+01 3.851301939707516198e+01 5.940815709898726027e+01
2.022278438842990342e-03 1.362158010750470893e+01 1.691843468943235607e+01 2.030611992326715054e+01 2.167353450297843764e+01 1.702384039228512780e+00 2.189836918933466592e+01 1.812384120014901612e+01 1.269146723319413717e+01 2.937845570859469291e+00 2.355393755784310983e+01 3.289555905366898259e+01 2.922343138917727501e+01 1.261871842962803036e+01 3.332724097871914637e+01 4.161333741357336180e+01 2.683773961191348079e+01 1.359748921313020276e+01 1.196912460524626809e+01 2.230070079765442514e+01 2.464496529442165951e+01 1.504954102492049905e+01 2.740999251787401292e+01 2.739690935621748125e+01 9.981276901936190882e+00 3.025670975643464544e+01 2.332454579913812509e+01 3.395031699756425780e+01 5.007476812697631630e+01 7.277561528311858297e+01 7.276059651382000482e+01 6.754519828937119996e+01 4.809692013640909636e+01 6.754702548271569640e+01 6.799428922242836393e+01 4.780703707858783247e+01 6.799411061427367997e+01
6.642187732006160465e-03 9.956512954018750250e+00 1.908010671289357774e+01 2.882808331120095957e+01 3.387965330389130258e+01 2.015557591507166535e+01 3.652849113846220774e+01 3.358383367065647462e+01 1.614550988828293043e+01 2.374364418743630978e+01 1.131681047888588765e+01 3.126435710759496445e+01 4.161889822061796451e+01 3.332724171288092663e+01 1.689005072383437422e+01 3.761453771351474984e+01 3.928627193327233869e+01 3.167216099439358246e+01 2.002213289079844571e+01 2.162751686353995595e+01 3.524540333440388906e+01 1.972529542524451429e+01 3.770194188851026240e+01 3.606569567978199586e+01 3.025703682939417050e+01 1.224016670527726269e+01 3.268898096806579190e+01 4.728059239569308403e+01 5.561405022219892658e+01 6.486353319241402460e+01 7.654536837935579285e+01 7.414141657884813696e+01 5.676253581418838934e+01 7.475919058461242628e+01 6.868734724564710348e+01 6.866955017229138036e+01 7.719124834328194140e+01
1.591255364720534126e-03 2.000159125536436378e+01 2.694523137342397945e+01 3.218639617995323476e+01 3.976385335646729402e+01 4.250293141419995635e+01 5.011407425497965562e+01 4.562463451665186653e+01 2.932819348853528751e+01 3.718587603455693369e+01 1.693673599431455656e+01 3.718041598620553145e+01 4.767190599985556787e+01 2.750173016135901349e+01 3.761453771351474984e+01 2.204944612309967056e+01 4.247810478328468520e+01 4.951119670064194622e+01 3.447579925197540263e+01 3.224789981112088810e+01 4.427305376315414520e+01 2.572896610191747158e+01 4.576799068118909020e+01 4.796096069009067264e+01 2.845686810908638265e+01 1.397788798606524274e+01 3.446743019376562245e+01 2.694550115330734741e+01 3.615212990580224783e+01 4.785978821589073107e+01 6.845778189207746323e+01 8.224734048122806485e+01 6.885487392271727458e+01 8.224734048121861463e+01 8.944218296640349308e+01 7.574667681399965602e+01 6.160136810435424337e+01
6.189296070378335485e-03 4.085718750204368810e+00 8.244597906936315113e+00 1.269425509597975754e+01 3.278836495684902275e+01 4.556340400102333632e+01 5.191451720629019206e+01 5.926265405638643102e+01 5.159625579770095527e+01 4.417197871401190667e+01 2.360644156792222859e+01 4.412374696559809450e+01 4.402118224154983750e+01 3.931936205626787029e+01 4.785253571858400079e+01 2.774325651032715712e+01 2.891916651351435164e+01 4.884072570909268762e+01 5.774018087773685437e+01 5.484688172003722428e+01 5.422519827275949211e+01 3.552006059504442703e+01 5.422519827275949211e+01 4.874053724843235358e+01 2.854886601587922712e+01 3.446743101171843193e+01 1.656369888997829776e+01 3.707432136082375251e+01 4.988176317330398035e+01 5.615516779885732035e+01 6.446024337238699786e+01 7.337590815726150595e+01 8.419193765390733120e+01 9.249509853686414829e+01 7.714528308174257631e+01 6.573257226504698281e+01 4.759978030917812220e+01
2.247884206357958405e-03 2.000224788420600319e+01 2.831072166757626718e+01 3.278836501978840090e+01 1.995596952309138317e+01 2.569399126107140319e+01 3.228234077169425120e+01 4.617427456171837008e+01 6.514787393853475805e+01 5.300302767615508515e+01 3.373936597384827962e+01 5.323549155744227335e+01 5.784963235570622686e+01 5.338446820681087956e+01 5.359566639834891077e+01 3.370087813462808413e+01 4.892199567707692154e+01 3.614808570154519174e+01 5.003919949526533628e+01 6.873312166302434889e+01 6.445537776668466279e+01 5.601772603705866516e+01 6.445537776668466279e+01 5.702331371635219170e+01 4.877588005187814701e+01 3.899593262803239213e+01 1.849141966583190211e+01 2.375058458840713627e+01 2.925273944141227744e+01 3.549455693807983181e+01 4.345754737498982223e+01 5.584860980883536286e+01 7.894676960088179385e+01 8.439592481621963316e+01 6.886980416434229824e+01 4.918969423366399951e+01 3.779019022071080514e+01
