LEM/sinusoidal_perturbations/elevation_000630.asc
nrows	100
cellsize	150.0
xllcorner	0
ncols	100
yllcorner	0
NODATA_value	-9999
[rows 34 to 50 of 100, columns 0 to 36 of 100]
2.064481644892168701e-03 2.000206448164453832e+01 3.235768817388224505e+01 4.064195942134444550e+01 4.958623133134375394e+01 6.362079533539606757e+01 6.409188562406430378e+01 6.539706528256562024e+01 4.506636477487285930e+01 3.059636853640797227e+01 5.130532229591142368e+01 6.110246737842940945e+01 7.279878607977663307e+01 8.082441694371632934e+01 7.265472194199497835e+01 7.265187067562560230e+01 5.849714053360737154e+01 7.256429838437659896e+01 7.655481941442135962e+01 7.631659675866693249e+01 7.631693008043973236e+01 9.628245854513585300e+01 8.388217961658762079e+01 7.563470109277575659e+01 5.975038327157145801e+01 4.723666896297883255e+01 6.735403163395882586e+01 7.906137336724125930e+01 5.920665074692765018e+01 4.813160234494770151e+01 4.151947704616705437e+01 5.017450057302578159e+01 3.292745585911541184e+01 2.495275806138792163e+01 4.389377237143614252e+01 5.439790949789855290e+01 6.419604766199962853e+01
2.905961989428186391e-03 6.033132853544726615e+00 1.235768817388153984e+01 2.130196008388085360e+01 3.544409570761230555e+01 5.544409570761300898e+01 4.392045131603123309e+01 5.818566861668966084e+01 4.507286112645672915e+01 2.398033563265100909e+01 3.201085753136552370e+01 4.414877339278307744e+01 6.445691174244163335e+01 7.265472194199760736e+01 5.263647635463974694e+01 5.849968473971996019e+01 4.425267035687783590e+01 5.878503729621903773e+01 5.644137807946875540e+01 5.613056972680691814e+01 7.449858965340980888e+01 8.916033097232381976e+01 9.732286135107376879e+01 8.795968277072599051e+01 7.559059660179102025e+01 5.893437072408814714e+01 7.559059660179102025e+01 8.744685583890417035e+01 7.591784038775585941e+01 6.759458305415712687e+01 5.212961673081871794e+01 3.318680233587615902e+01 2.777859798502814925e+01 4.389377236898258161e+01 2.726685187548136824e+01 4.629052860383082191e+01 4.487134684638011350e+01
3.542675937824442140e-03 2.000354267593747082e+01 3.235768817388224505e+01 4.064195942134444550e+01 4.958623133134375394e+01 4.812493024761054272e+01 2.972960331861160910e+01 4.812492978576610625e+01 3.962118843767678555e+01 1.887352118610188967e+01 3.962118843814956648e+01 5.568662449121841718e+01 6.816537955240121960e+01 5.993897832268714865e+01 5.849968304905674898e+01 3.843692569043022900e+01 3.528996377967348508e+01 3.867407748724372141e+01 4.221342563599638709e+01 4.606705358177310927e+01 6.622295871076589435e+01 6.909236810032726339e+01 8.599916675232634589e+01 9.417088902080155322e+01 8.708169335479985307e+01 7.885550233637110296e+01 7.977736920691545208e+01 7.143450340664112730e+01 6.400249989550911778e+01 5.753714260599389974e+01 4.994340217029382245e+01 3.092995081845734262e+01 4.676704284953186885e+01 5.439799663749712977e+01 4.629053062620521786e+01 2.967822289295379079e+01 3.145432775156558947e+01
3.411803931810562015e-03 1.414554742766288520e+01 3.414554742766358686e+01 4.771989937883377308e+01 4.647303534430280081e+01 3.977887368388734046e+01 1.972187211148954944e+01 2.975193789319167337e+01 3.099934255256770399e+01 1.547328950142141579e+01 2.651841987860025185e+01 4.727930714941342671e+01 5.667025486164963155e+01 4.000823385021218570e+01 5.094154558485262640e+01 3.087135727544266572e+01 5.094787343129845425e+01 5.878503729621903773e+01 5.644274350829282838e+01 6.622295871076589435e+01 5.258044419875087527e+01 5.817131248235736507e+01 6.583997510439519374e+01 7.756956328359439112e+01 9.751421907555443624e+01 8.297287792598160650e+01 6.298782702951435652e+01 5.177127037764886097e+01 4.461143387358952594e+01 3.837965410852020653e+01 3.419220423984182133e+01 4.996113566659768424e+01 5.810858832235899740e+01 6.456630028674956634e+01 4.518482342408955788e+01 4.308200646376702281e+01 5.051919210660824433e+01
3.327314952832964925e-03 1.434965157599027208e+01 3.519165809382268861e+01 2.924489272119041772e+01 2.671720763874012405e+01 2.681103513224198664e+01 2.795580712269576651e+01 9.717823635263743043e+00 1.096304234017498302e+01 1.229062371660576858e+01 3.228215750647802196e+01 4.250703055684987675e+01 3.814616462652996631e+01 2.847037988965081468e+01 4.760157910813419591e+01 2.807702603464683477e+01 4.224505642034509378e+01 6.235965572691561931e+01 7.659057691028239390e+01 8.102398390327239497e+01 7.277490790723206260e+01 7.251156261688792881e+01 7.471042542537698239e+01 9.417088902080155322e+01 1.056240478196076964e+02 9.136044103432183761e+01 7.977736920691545208e+01 6.729159127756071257e+01 4.778603116700344344e+01 5.753881122116930413e+01 3.919415877724247110e+01 3.887188602727670172e+01 5.804892567598224673e+01 7.141590460703248766e+01 6.456630292824064554e+01 6.240433079796144966e+01 6.321773602954423410e+01
6.779948344387334673e-03 2.000677994834319406e+01 2.274670083166155621e+01 1.543245529559285600e+01 2.506677502504065203e+01 6.781795664532429768e+00 7.990044141174094783e+00 2.802122799195594638e+01 2.517577595999714291e+01 3.211660043768769413e+01 1.417985848550708283e+01 3.417076664192338598e+01 1.815291327308863956e+01 1.956913158200682901e+01 3.944898879892861743e+01 2.536871384530621398e+01 4.548060938550216292e+01 5.958353090070482949e+01 6.779521049042219261e+01 7.049761933046889339e+01 7.904385563273160642e+01 9.254666595894526893e+01 9.470614603470849602e+01 1.028394208075421545e+02 1.028724723568193724e+02 9.411415951628622167e+01 7.396524314330002881e+01 5.998369330214295303e+01 6.729159127818623176e+01 6.375883586109895873e+01 4.437647263625857619e+01 5.804892567627223343e+01 4.377431178353575802e+01 6.313268302317754177e+01 7.986044387169631875e+01 7.305949073473492206e+01 5.337598145149203077e+01
9.516927588586143695e-04 2.000095168772482879e+01 2.770158763651656475e+00 3.922939599060124127e+00 5.085415990096213257e+00 2.511224746544388609e+01 2.187773296226052366e+01 3.594730941545346070e+01 4.565854148755435915e+01 3.792368660588400076e+01 1.879085722765146826e+01 1.615649036173610753e+01 3.614184823558856152e+01 3.957138500344015597e+01 2.161569108663345418e+01 4.163928380196259837e+01 4.606031978232418567e+01 3.946558561927155040e+01 5.573603571711356608e+01 4.994936095488655070e+01 7.050237346440904673e+01 7.903108857086915862e+01 8.741891449534597314e+01 9.687671368263700344e+01 8.255067545596536149e+01 9.687671769392312626e+01 8.823854875687456456e+01 7.986672410799477007e+01 8.368358499046139798e+01 6.375883586109896584e+01 5.067412659464709179e+01 5.091942086906593090e+01 6.313268302317754177e+01 5.185307606524364843e+01 7.151771192939700938e+01 8.140653814332185334e+01 6.307088847110053109e+01
1.945935296826602993e-03 1.145269836246884498e+00 2.114508473547700262e+01 2.193818199852124451e+01 1.467105108067164920e+01 1.317803845670865392e+01 3.294949204110726271e+01 4.866614584055901105e+01 4.582954910943361426e+01 2.571659478063022419e+01 3.827789662726385700e+01 3.614195208483901922e+01 3.614195208483901922e+01 4.997970266506381876e+01 3.573771782615469306e+01 2.410538004882361562e+01 2.599041574981290026e+01 2.790514446042616115e+01 3.550684054243996002e+01 5.595354581752181389e+01 6.466865436492990682e+01 5.871953932884871818e+01 7.903108856930080606e+01 8.778138103905860135e+01 6.811478962703152717e+01 8.778138937894354399e+01 9.951581808328938905e+01 9.260627760035669098e+01 7.243690010430982795e+01 6.101790270691040519e+01 7.030119049428405731e+01 5.622971373169168174e+01 7.605128340076136340e+01 6.565197661256500794e+01 6.307085145912141400e+01 8.305633791401601229e+01 7.712900924198496000e+01
5.600688922766023682e-03 2.000269452015031391e+01 2.942356183087605359e+01 3.943716401254344106e+01 3.516255888029417775e+01 3.302134010961268018e+01 2.246030660749919505e+01 4.243973111067343496e+01 5.426453085837923140e+01 4.582954910943361426e+01 3.451435048857317156e+01 5.498373712869372554e+01 5.626542797707131172e+01 6.411392302989079894e+01 4.934060827704369245e+01 2.924848459968022141e+01 4.606031978232418567e+01 4.799340664655283462e+01 3.078657019952718343e+01 5.089594486642162963e+01 4.445402401604527398e+01 6.466865436205263507e+01 7.911114204197683364e+01 7.070366544137731069e+01 5.902546585644140009e+01 7.077245533457322324e+01 9.114995475492833066e+01 1.010096622869805145e+02 8.934488108576847765e+01 7.504736929334416118e+01 8.208036317960447548e+01 6.208416772206302170e+01 8.208036317960447548e+01 8.567884968458362493e+01 7.452243056405400523e+01 9.144354923423371417e+01 9.733802620580533471e+01
8.215197286175309616e-03 5.172192992229375008e+00 1.931432861596007555e+01 3.931432861578549165e+01 4.794598536741776229e+01 5.082491054399631025e+01 3.653324753300324090e+01 3.653324753239084544e+01 5.669924329362066118e+01 6.339850598178087182e+01 4.637269005617903161e+01 4.902018382507385752e+01 6.938102839422762713e+01 6.924742617655479648e+01 4.899851914337047987e+01 3.479261793093629507e+01 5.492929022063820099e+01 5.928057935569199088e+01 5.089571258919398389e+01 3.373668211195590771e+01 5.386347993967562786e+01 6.014448005427740185e+01 6.329853655359514164e+01 5.042388481023262869e+01 7.070366544221897698e+01 7.763596161095618697e+01 8.408971175226912464e+01 9.130560672526253541e+01 9.967271229517936604e+01 9.523941335761233518e+01 9.047305509698638559e+01 7.353934337592575332e+01 7.615585861392280265e+01 9.638338245241429547e+01 9.471387214760682127e+01 1.031173942920743656e+02 9.777926021681459190e+01
2.613274238814250559e-03 2.000261327423845970e+01 1.333715880150656474e+01 1.966171412184321099e+01 3.380384974557366462e+01 5.380384974531200726e+01 5.669924522741182926e+01 5.669924327938825570e+01 6.511646261718598794e+01 7.514458096562904643e+01 6.674664646468801266e+01 6.938102839422762713e+01 7.777682813848792875e+01 7.146973191660032398e+01 5.121191077891916876e+01 4.375577861716853079e+01 6.332190366606612741e+01 7.039677730729100347e+01 5.014784248661596422e+01 5.386234888265981624e+01 3.692307164558886257e+01 3.997669482013166942e+01 4.310269607051745311e+01 4.718862169507809767e+01 5.146153953355288024e+01 5.727234431489205946e+01 6.368116185608683111e+01 7.089597365432824461e+01 8.271250798530589066e+01 1.030439979012714389e+02 1.021555880747956166e+02 9.374761320565555422e+01 9.638338245241429547e+01 1.047902515800498975e+02 1.113048024076005333e+02 1.030439504122255272e+02 1.061921039771427360e+02
7.532853315450405325e-03 2.000753285331509446e+01 3.333715880144196575e+01 3.966171412176649369e+01 3.231082476251628322e+01 4.645296038624673685e+01 6.645296038673163252e+01 5.898083646359501842e+01 6.726146683026043149e+01 7.609343097909059850e+01 6.781035586387804415e+01 7.302083369748656594e+01 6.473789708423005607e+01 7.302083374209942690e+01 7.146973191660032398e+01 5.538721486964877982e+01 7.237075313129803078e+01 7.879634166912079252e+01 6.660683184613725416e+01 4.637377723060004797e+01 5.706892530193044877e+01 4.258647041827004642e+01 6.278073910214560982e+01 6.742878541333969622e+01 7.175747091619152229e+01 6.156757874096064143e+01 8.194740455339470486e+01 9.130560672526253541e+01 9.967271229517936604e+01 1.113735224556626804e+02 1.021368916747772317e+02 9.384924991362727553e+01 9.124599691921550004e+01 9.953713651446899746e+01 9.976033352542816601e+01 8.302674428057743228e+01 9.976033352542816601e+01
6.101047412966256744e-03 2.000610104741260997e+01 3.536218106975034914e+01 4.430645298229686802e+01 5.231082476245200752e+01 6.059509611833812670e+01 5.571926222419685359e+01 3.898896828080330579e+01 5.571926222419056529e+01 6.455069085550719876e+01 4.781962222685854869e+01 6.302523925474684319e+01 4.474902400161507643e+01 6.302523950646109796e+01 7.546221348586360023e+01 7.569158394753269192e+01 8.408766133724310521e+01 8.098154427400100985e+01 6.065263196597555861e+01 5.801617612029588145e+01 7.118482794532867786e+01 6.278073910214736486e+01 4.877191380292882172e+01 6.903329990267506844e+01 8.573325285664937212e+01 8.194740455339470486e+01 7.446038511499514811e+01 8.889154343030952532e+01 1.091693049862479086e+02 1.013344242926528835e+02 9.384924991362727553e+01 7.370398104111971804e+01 7.108214863608425560e+01 8.792043635794854595e+01 9.148701106369601632e+01 7.142673709737802312e+01 8.076434359701363519e+01
6.842009524227352091e-03 7.077909821389733125e+00 1.602218173138904689e+01 3.016431735512025014e+01 5.016431735512878021e+01 5.141364117372123133e+01 4.743852591352966641e+01 2.744126049899686137e+01 4.743852591352966641e+01 5.626870037764539489e+01 3.627860064923870453e+01 4.472741090151342291e+01 3.475570015586957595e+01 4.718879722435453772e+01 6.257584962667500150e+01 6.257585404851464261e+01 8.257193148726074128e+01 8.936683895938463706e+01 8.098154427400100985e+01 7.238351520862805444e+01 8.078412840510945614e+01 6.043173301442078582e+01 6.903366744764163343e+01 5.699582605933497348e+01 6.872674651999798812e+01 8.910272715619538531e+01 9.483076228276000563e+01 1.031863460696513641e+02 9.542764680941984068e+01 8.124353609827274170e+01 9.335627450215856982e+01 7.319697027508543385e+01 5.934239895980866208e+01 7.960432792837200111e+01 8.083600992696246124e+01 7.255232796201839562e+01 6.064909553151695576e+01
1.934550753332892102e-03 2.000193455075297777e+01 3.536218106975034914e+01 4.430645298229686802e+01 5.118196786327662551e+01 3.142268341166069945e+01 3.142360395822632313e+01 2.036711708302075863e+01 4.036842490684867357e+01 4.972092820713446315e+01 4.143928994222970630e+01 2.472655171818915676e+01 2.719239968730793322e+01 4.718871381972167001e+01 4.258789739262157070e+01 5.671967620279433930e+01 7.671386235345511295e+01 7.886864628119299425e+01 8.715273992007674053e+01 9.272667039977754655e+01 8.917585980807780288e+01 7.217767498114142199e+01 8.573944853303748914e+01 6.714816689187703957e+01 7.733864925088421671e+01 9.747647675123880617e+01 1.009806611172194977e+02 8.936799357857636039e+01 8.105384656728047332e+01 6.693038918798174564e+01 8.535234475475044746e+01 7.319697027508543385e+01 5.291020751210212580e+01 7.319673330510008213e+01 7.254526928059651425e+01 5.237955727786027893e+01 7.255232796201839562e+01
4.364784840791047053e-03 1.414650040857186575e+01 3.414650040857257096e+01 3.890723191520087454e+01 3.706832173763606875e+01 2.295110809682152464e+01 1.142427309433183957e+01 3.142271288979298305e+01 3.622481419736527641e+01 3.825626594832306893e+01 2.143429413748479107e+01 4.143928994238131480e+01 4.718879726591592316e+01 3.104633020652581266e+01 5.103562463941290872e+01 5.988150473933690421e+01 6.472940186994938472e+01 5.887273507310418807e+01 7.886864628119299425e+01 8.933478122022263790e+01 1.009028726493182404e+02 9.254076241873725905e+01 9.590735809290971758e+01 8.752913160989136543e+01 9.590735809291381031e+01 1.060207720950332373e+02 9.268994557847405247e+01 7.253563138919120945e+01 6.081448762522149565e+01 5.676127374075525722e+01 7.702920509916386038e+01 6.795892369256792165e+01 4.767836932034815334e+01 6.795892369256792165e+01 6.765955628883975237e+01 4.745491556872681826e+01 6.765955628883975237e+01
5.219006137575642711e-03 2.000521900613722082e+01 2.316381475189932360e+01 1.890723191333768227e+01 2.639498340053194525e+01 8.811770326142598364e+00 2.880880813277051544e+01 1.422199325201965081e+01 1.622041047463124741e+01 1.825038398626033143e+01 3.825626594832306893e+01 4.972092786106927065e+01 5.931706380281971036e+01 5.103576647621851947e+01 3.531146583643799630e+01 3.989636803993840175e+01 4.474110394072540231e+01 5.105866563607003172e+01 6.105301614342596395e+01 7.519275593065006547e+01 9.519249252583465193e+01 9.722357496948848166e+01 9.670799578932657425e+01 8.832978301252077813e+01 9.095043973952836325e+01 9.933093803820040080e+01 9.189763263169422203e+01 7.173614745490080224e+01 5.737745612695967878e+01 4.908812482870644800e+01 6.295531869811716064e+01 5.931787100618095110e+01 4.292484973622136124e+01 6.317873086860561926e+01 6.314167762386568228e+01 4.292925289162614177e+01 5.901586385752288066e+01
