LEM/sinusoidal_perturbations/elevation_000362.asc
nrows	100
cellsize	150.0
xllcorner	0
ncols	100
yllcorner	0
NODATA_value	-9999
[rows 51 to 67 of 100, columns 37 to 73 of 100]
8.291294770351569809e+01 9.118855270935443968e+01 9.556994584716939301e+01 8.568226587215004031e+01 6.925176010714281460e+01 7.174716241752911117e+01 9.125338635819252886e+01 1.072225167628715781e+02 9.892087360416971364e+01 1.072225167628715781e+02 1.096182701680234146e+02 1.054986314862967589e+02 9.121606448268744316e+01 9.121606448268744316e+01 1.114688737590012266e+02 1.058078438347185681e+02 8.575549166048605798e+01 7.565190196192419592e+01 8.478081889107893687e+01 6.454273203187393904e+01 8.478081890092795447e+01 9.902675370858266035e+01 8.419991877279807113e+01 6.395715646951128264e+01 6.463401042963251086e+01 8.487019232118592527e+01 9.549673177079426978e+01 1.018417559522421669e+02 1.089204153177484500e+02 1.171820524382915352e+02 1.261333268139109833e+02 1.119855544527867721e+02 1.261333268139109833e+02 1.212743623946514759e+02 1.295863885255819810e+02 1.186682954912433274e+02 9.786238559780046842e+01
7.157853421219773793e+01 7.890784405266920487e+01 8.746645662545041944e+01 9.701763809317648679e+01 8.867361804024568528e+01 9.125338635819252886e+01 9.961736932677088419e+01 9.715642079700583622e+01 7.875129789271881009e+01 9.715642079700583622e+01 1.094951799042089107e+02 9.714797498164202239e+01 7.677839269627318686e+01 9.714797498164202239e+01 1.072890470444437625e+02 1.140964482561817022e+02 1.040763942505972324e+02 8.629125894855948786e+01 6.606813658307326875e+01 6.065089859428501740e+01 7.056255891148204284e+01 8.418737068691871173e+01 7.586215544770730901e+01 5.932438039656711481e+01 6.542680886962511977e+01 8.565491368437838560e+01 9.204650425607896125e+01 1.062159159561833235e+02 1.261656535049347809e+02 1.319409929413977522e+02 1.119855544527867721e+02 9.784586542929112341e+01 1.071482016124696486e+02 1.012969542322269945e+02 1.212743623946514759e+02 1.186682954912433274e+02 9.786238559780045421e+01
5.074993601956440159e+01 5.831489111992823382e+01 7.288051271819067267e+01 9.345910910528395732e+01 1.008234310358283210e+02 9.247136803046278430e+01 9.247136803046277009e+01 8.883608574844420502e+01 6.858821676606406470e+01 8.883608574844420502e+01 1.011527769648167663e+02 8.086778405457357621e+01 7.042075067293585278e+01 7.864534575626345259e+01 9.301803617438380911e+01 1.132443255099098280e+02 1.063560513792337190e+02 8.629125876376907911e+01 8.629114310632004958e+01 7.056255471364389109e+01 5.629605296740357545e+01 7.235208358847857824e+01 5.569832775852229645e+01 6.995356303932017283e+01 8.565491368437838560e+01 7.559095092925571180e+01 8.985448863755553361e+01 1.098767610059736342e+02 1.173962093030969953e+02 1.256483694769605819e+02 1.219892628834816577e+02 1.071482016124696486e+02 8.711667475264447091e+01 1.012969542322269945e+02 1.212743623946514759e+02 1.273998773040008530e+02 1.186682954912433274e+02
6.221402572618630700e+01 7.889339045665177252e+01 7.890784405266920487e+01 9.952461482151451833e+01 9.247136803046278430e+01 7.210621599868737519e+01 7.210621599868737519e+01 8.208679608765089597e+01 6.181503863996769610e+01 7.617290005992751389e+01 9.636420408424507400e+01 8.459014960946002759e+01 6.446114449906930588e+01 8.459014960946002759e+01 1.002453020924418183e+02 1.104986425808626507e+02 1.022286125623807891e+02 1.032752726772134935e+02 9.901829009990612462e+01 8.479302070762052779e+01 7.235204806149974388e+01 5.226513636563215925e+01 7.235208358847857824e+01 8.418737069748044632e+01 9.842117835564070560e+01 9.571887643950118729e+01 1.039990442397779873e+02 1.141316407411625420e+02 9.743826056820729775e+01 1.141316407411625420e+02 1.136892431105488726e+02 9.368592133285974910e+01 8.208606275178243550e+01 1.015647979707695612e+02 1.078988148746607294e+02 1.162013244061257353e+02 1.251517001393030313e+02
4.937605553345054687e+01 6.038732980748186918e+01 7.645291420521780879e+01 1.002101270218538502e+02 9.080169938009940722e+01 6.959813564721245882e+01 5.769878031181577427e+01 6.930572663755187079e+01 5.621657355100732900e+01 7.054128347887682082e+01 9.076414403602872483e+01 8.019764055137871139e+01 6.018341862933458231e+01 7.164326970169307174e+01 9.188312844544232405e+01 9.893169719751816160e+01 8.216543685453983414e+01 8.321776573854113224e+01 9.738143234700893913e+01 8.475814974050310013e+01 6.459821302433802259e+01 5.042352526152341596e+01 6.794246052986930806e+01 7.483229256384881012e+01 8.152669114003255402e+01 9.000235042512103689e+01 1.002680766647337265e+02 1.058734822285356927e+02 8.584513809557697073e+01 1.058734822285356927e+02 1.132459844745708892e+02 9.765610281864496756e+01 7.757176787150540065e+01 8.150234136782083283e+01 8.786951870021995603e+01 9.684906743196079049e+01 1.109909705138063885e+02
6.877001128008073749e+01 7.990207778842142261e+01 9.155267197480901586e+01 9.502503214311263946e+01 9.920525092982272497e+01 8.646482351725785520e+01 6.930572663755187079e+01 4.914688632394035750e+01 6.930572663540409906e+01 7.571768094446986197e+01 7.876422147164007015e+01 7.627252867835849770e+01 5.633093453281137641e+01 7.036164446573998532e+01 9.054266551007900432e+01 9.064513386470700596e+01 7.050158723495177071e+01 6.893803031645072110e+01 8.732517552891614798e+01 9.063804880840649503e+01 7.050291135562065392e+01 6.794246005126704802e+01 4.781499817862265900e+01 5.390896432776992242e+01 6.079362410191036048e+01 7.123222844261161413e+01 9.192853243141682640e+01 9.879239325235920433e+01 7.871392840597205520e+01 9.879239325235920433e+01 1.049476363752728361e+02 8.490177485941138968e+01 7.324934336119653722e+01 9.337415283295227653e+01 1.078985864949915907e+02 1.161996568079741508e+02 1.251509329147581440e+02
7.735691496810328260e+01 9.344120302031524261e+01 9.234152506897498824e+01 7.854559005215524792e+01 9.234152506897498824e+01 7.995516216753513561e+01 5.975838281486938541e+01 4.560606445414403254e+01 6.086243717761450966e+01 5.575817032181910093e+01 5.876739673505138484e+01 6.780581221524234081e+01 5.273402894716941347e+01 6.673893073867320425e+01 8.685813207700047656e+01 8.731834664808759783e+01 7.901525200874297639e+01 5.882931476129544279e+01 7.901525200874297639e+01 8.470167972367876530e+01 7.638705604802028404e+01 6.618908541388627498e+01 4.600907084394746249e+01 5.503642021622883362e+01 7.301993689521839315e+01 9.000235042512103689e+01 1.002680725395340886e+02 9.273850831946762696e+01 7.260612298121961317e+01 9.273850831946762696e+01 1.007145111512474500e+02 9.015159629317713552e+01 6.999005279708546823e+01 8.427728751095527571e+01 1.043311618579580795e+02 1.074970827441470078e+02 1.079224108134994538e+02
8.705352097002652556e+01 7.218145396928638036e+01 8.123168133349665254e+01 6.585100487009047754e+01 8.430543447288010839e+01 8.719467173170251328e+01 7.391973612532798654e+01 6.085632363982146131e+01 4.093976908903054124e+01 4.184140196220955232e+01 4.481022559497037605e+01 4.795388896269507484e+01 6.780581221524234081e+01 8.097857051868631117e+01 8.731834664808759783e+01 6.718713302996901859e+01 7.088127957127372269e+01 5.348340277500174267e+01 7.362033340993679076e+01 7.638733211133862255e+01 5.624161299687683169e+01 6.214173717981361023e+01 4.425309330752151027e+01 6.449568505870820445e+01 7.301994167316905759e+01 9.233628396559123530e+01 1.015469781314544377e+02 8.148059414267491718e+01 6.717429965196943442e+01 8.062993971400669579e+01 8.062993971400669579e+01 8.707699161213044192e+01 6.688114238366074460e+01 8.707699161213044192e+01 1.016222046330112363e+02 8.746861550864022661e+01 8.790134206483809010e+01
7.489570554969061789e+01 5.736161280102785298e+01 6.156630985890952701e+01 5.747086671568627736e+01 7.678398466809666445e+01 7.904713747619240394e+01 5.911545687344342070e+01 4.760289502547121998e+01 3.783249793847414111e+01 5.762158611983385725e+01 6.462695967238963135e+01 6.780563986808220989e+01 7.613370312926470262e+01 7.821300426568623720e+01 7.223041242005531615e+01 7.022377461904667939e+01 5.081062709274013400e+01 4.854402570599773270e+01 6.858609638876815495e+01 6.820952810131363719e+01 5.988205098793498848e+01 4.192906803805285421e+01 6.184306144981790254e+01 5.860885355283424758e+01 7.289028568366377669e+01 9.321554355910345180e+01 1.014095221130651368e+02 9.563803533882436625e+01 8.062984728990387850e+01 6.040142033673166821e+01 7.818117389816202945e+01 7.997143732983428777e+01 6.387705237837004546e+01 8.409927861969279661e+01 8.922693165528961856e+01 7.321196240553440759e+01 7.627236381446672908e+01
5.637855296474254629e+01 4.836271869546482094e+01 4.770237571967894041e+01 6.156630985890952701e+01 8.123168133347428466e+01 7.218992864863641046e+01 6.093062461662005802e+01 5.263977558614587338e+01 3.582048797978707455e+01 4.966964253932957263e+01 6.968805884663366612e+01 7.468455885280096140e+01 6.633514871900366927e+01 5.806293052543255584e+01 5.219456738000484108e+01 5.639273923031133506e+01 4.202918610321118109e+01 6.190541092212525598e+01 6.601172075610632817e+01 5.768188401642471064e+01 3.990839813193812802e+01 5.967400158446337599e+01 5.474023376580834821e+01 7.475887529036226908e+01 8.720056168716268985e+01 9.929333527608659438e+01 8.181679956228394701e+01 8.186391449342991677e+01 7.411175654476758723e+01 5.619350658273710053e+01 5.794796274715680795e+01 5.973050644955661426e+01 7.997143732983391828e+01 8.563318934625404211e+01 6.905711591390159754e+01 7.469494197876225883e+01 9.480424448441908680e+01
6.102237309171814417e+01 4.122013302143094648e+01 4.224820973369683230e+01 6.195640966254406123e+01 6.958710631980349604e+01 5.808204639520111812e+01 4.397425253272339774e+01 3.290634466749405362e+01 5.238916366305627292e+01 5.828140086118022367e+01 6.574443933395737361e+01 6.401377832953255620e+01 4.654476605429582037e+01 5.047976311293089680e+01 3.954088574038731707e+01 3.664613120748966679e+01 5.639273923031124269e+01 6.399849058131444224e+01 5.581901942879284917e+01 3.803549718309329108e+01 5.768256343828115718e+01 6.817325649656660858e+01 7.492711711689811693e+01 7.492911185218450498e+01 9.505921175245910604e+01 9.115329385583505939e+01 7.177755025041692249e+01 6.178743802159544884e+01 5.392198521851452853e+01 7.411530447871200522e+01 7.815050912671257777e+01 7.993829808652847646e+01 6.302325835791488373e+01 6.542336929807314050e+01 8.563318934625246470e+01 9.480424462146029896e+01 8.372377845458009915e+01
4.999786874062840525e+01 3.533762402865674801e+01 5.505774164193962861e+01 7.018155277791218793e+01 6.127646876216282834e+01 4.140550857830177733e+01 2.971172353661612320e+01 4.703781332659386294e+01 4.648677699021693854e+01 3.877333220613200382e+01 4.770579572153607018e+01 4.425403170828793264e+01 4.366653545621920784e+01 3.071724307127706410e+01 3.149706268332677439e+01 5.124639320383985108e+01 6.060379719971818702e+01 5.443565802897764883e+01 3.607227968525030803e+01 3.704820283403552850e+01 5.681486446816279567e+01 6.654187996994775744e+01 6.980265583340707281e+01 8.990614598048895800e+01 9.272849485214935328e+01 8.332779678330813056e+01 6.334855516449365354e+01 5.172509474214598413e+01 7.188588236993916780e+01 6.558262372955877595e+01 8.568778978006500324e+01 9.143277654092879914e+01 7.736291676456515631e+01 7.975082628850061894e+01 7.975082628850063315e+01 9.983447001908488971e+01 1.037685289134775104e+02
3.045765489005705362e+01 4.999786874062804287e+01 6.332385450410793482e+01 6.285264137220760006e+01 5.727893519834251634e+01 5.786449363934923440e+01 4.695999335430558830e+01 2.670170405578988948e+01 2.663187712060835111e+01 2.735806114601321326e+01 2.810196097623006750e+01 2.885672445885387205e+01 2.961089986674794972e+01 4.939983225539817369e+01 5.124638975910102090e+01 3.262412230397912793e+01 5.236000990517731424e+01 3.491315476023414277e+01 5.464523391340813419e+01 5.681486264992386026e+01 3.842599514320204435e+01 4.976054533102315247e+01 6.797944360000795427e+01 7.752294957371877615e+01 8.457270438268275825e+01 6.452930186249272992e+01 6.816779501075282610e+01 5.022859006464531717e+01 6.184184505487134231e+01 8.225974292259400045e+01 7.985348887129573825e+01 9.981031388971055662e+01 9.746758541245129948e+01 9.983447001908392338e+01 9.983447001908518814e+01 1.081194140905251686e+02 1.220398483582131348e+02
2.754965622464974828e+01 4.282126580056772269e+01 5.158863161886540638e+01 4.310360808690989387e+01 3.737541238782694109e+01 4.385744787420912871e+01 4.451859455070249538e+01 2.560954486823265697e+01 4.541723109303866579e+01 4.139085567062600290e+01 4.210744821238345281e+01 4.866210129519312488e+01 3.201977511706930812e+01 5.130188230735367227e+01 5.949848992081484766e+01 4.615627006802584731e+01 3.374797622238619965e+01 5.347642422664156925e+01 6.293317236806900894e+01 6.654154397551903344e+01 5.823134019280132634e+01 3.981412708961395452e+01 5.966386829910070588e+01 5.742024920662628062e+01 7.752294957389101171e+01 6.823988007571381331e+01 4.814912107823526810e+01 6.821867501386643085e+01 7.876093861743589741e+01 9.101573205713376069e+01 9.981031388971055662e+01 1.080237138828410224e+02 1.051408934950527367e+02 1.016934227339381493e+02 1.099569125016973885e+02 1.199446241192487861e+02 1.320197544067284809e+02
3.982023181582021465e+01 2.343895898600701955e+01 4.264223003767320819e+01 4.127728979644514595e+01 2.330513756768536382e+01 2.397064094947484492e+01 2.463854782490244233e+01 4.451893130058181924e+01 5.373335212434032826e+01 6.143436306883445042e+01 6.200943604042683432e+01 5.373424432103166737e+01 3.429674400902641196e+01 5.373425275252447619e+01 6.543963484056953916e+01 5.609493723363920026e+01 3.647964671426440475e+01 4.443642303313040287e+01 5.434553749059892169e+01 7.444386489393349393e+01 6.797950153193264100e+01 5.966386834909182113e+01 4.121332709321350762e+01 6.110916337360887240e+01 6.364815415023863920e+01 6.472372025086775693e+01 4.671411777336004434e+01 5.824877771953560313e+01 7.841185823656758203e+01 9.409911432084868466e+01 1.023778342122532479e+02 9.925024785157901874e+01 8.509871539917274674e+01 8.162974046656158578e+01 9.169510966602382496e+01 1.058559096694183808e+02 1.257806663984266891e+02
1.988835462879542249e+01 2.052057295631698963e+01 4.041733861714183718e+01 2.236801293270259094e+01 4.225108815518594696e+01 4.385653449786933322e+01 2.772276265532706319e+01 4.462653548014154126e+01 5.672378005453802530e+01 6.675363384183148696e+01 7.840849758719369333e+01 6.204299361032302329e+01 5.373425338022781972e+01 3.755394243219767247e+01 5.739154947430584741e+01 5.927278685507092604e+01 3.942963881409706772e+01 5.927278685507092604e+01 7.271303617690381316e+01 7.444389599832848603e+01 8.078797783579193492e+01 6.092264864645346023e+01 5.093852824238090449e+01 4.263768706896553340e+01 4.367474058129118220e+01 4.471938433514531397e+01 6.461749350196268438e+01 7.500953125648543107e+01 8.672321060614623889e+01 7.397360804958456981e+01 9.078185743939813790e+01 9.096893238198235565e+01 7.081747474550300581e+01 9.096893238188629027e+01 1.011980213554330987e+02 1.127558218502499301e+02 1.189965206805314324e+02
3.963902947238514685e+01 3.395052866993775353e+01 2.143515390648247987e+01 4.134561309733966539e+01 3.849539806791823082e+01 5.541043342816564632e+01 4.748039542766708365e+01 3.201781409685958835e+01 3.830245638293452259e+01 4.986904915494585566e+01 7.012499311351925257e+01 7.243015857902037169e+01 6.007233766825797261e+01 4.001684986371105168e+01 6.007233766825797261e+01 6.242430719580287501e+01 4.249218392561530067e+01 6.242430719580289633e+01 7.553893330642144122e+01 9.453973217965318554e+01 8.580537292246454228e+01 6.649047013940284501e+01 5.872187237626722123e+01 4.769457812959741005e+01 6.364815405529358827e+01 6.465609312147610410e+01 4.697778463278133643e+01 6.704010099679869938e+01 7.141325418561763172e+01 6.228498692783599466e+01 7.556514095077375259e+01 7.774578545181924483e+01 6.518184498251638104e+01 7.277979428178880994e+01 8.444510782669786408e+01 1.044930646482689411e+02 9.903019419118271571e+01
