LEM/sinusoidal_perturbations/elevation_000331.asc
nrows	100
cellsize	150.0
xllcorner	0
ncols	100
yllcorner	0
NODATA_value	-9999
[rows 51 to 67 of 100, columns 0 to 36 of 100]
6.455108993161302530e-03 1.255870731235953386e+01 2.812905601707934977e+01 3.340612150191693530e+01 2.809489065996141477e+01 2.385084013463445629e+01 3.304848700975149711e+01 3.562153256106800114e+01 4.305623960332093958e+01 5.123330744863599762e+01 5.455451665698108599e+01 5.187101780086479863e+01 3.446977466117058242e+01 5.176466951441143749e+01 5.850654769425692336e+01 4.529350508958510346e+01 2.565478974992729988e+01 3.144475726296609608e+01 1.097921449159646023e+01 2.102470821781113486e+01 3.538903445847815021e+01 4.518019763646899634e+01 4.054353600993916018e+01 2.838520863427503471e+01 1.291176693560448108e+01 3.340049692015337968e+01 4.315725476620013978e+01 2.282865293828828968e+01 3.715868874357750684e+01 5.054735448612244397e+01 4.300026882534695005e+01 5.757708567607077299e+01 7.007262573582244158e+01 7.835478505847977715e+01 8.392008872929183383e+01 7.833093942651512975e+01 8.660055113251230807e+01
3.995603441288198172e-03 1.526333863709688288e+01 1.718856940831464897e+01 1.548766138402672965e+01 2.047752695221635832e+01 2.678148348433948112e+00 2.378990010475112271e+01 1.756642702511745213e+01 2.488017302784538032e+01 3.763135562117523136e+01 5.664628337595061680e+01 5.914733613988812522e+01 4.469023019374647987e+01 5.914733613988812522e+01 5.923023306790142328e+01 3.952072371061681366e+01 4.529350508958517452e+01 3.412042299810052270e+01 1.357077170378576980e+01 3.412042299810052270e+01 5.002170074968687885e+01 6.332355542808959825e+01 5.176804264873887718e+01 3.079001228215400587e+01 1.632936357423700713e+01 3.693433512058939527e+01 4.716660743288820612e+01 2.672283994857068379e+01 4.716660743288820612e+01 6.600707475326329643e+01 6.353407172145514892e+01 7.190797811258735805e+01 8.623887054910416339e+01 9.099809070819033252e+01 8.274866044188607361e+01 8.056801158144227770e+01 8.003116971754405995e+01
4.804567899273937473e-03 3.291619470516928825e-01 6.535611551578750511e-01 9.780856608249819395e-01 1.302818166197013960e+00 1.627815155085805321e+00 8.201662907832817595e+00 2.534244800779725537e+01 3.859318425657130547e+01 5.123330324900633315e+01 5.493810405881374237e+01 6.312435569082267506e+01 6.168378788759581965e+01 6.912123180515108345e+01 6.750787925434876513e+01 5.923023310972664746e+01 5.631795184870446747e+01 3.688410147182201371e+01 1.620226668079654075e+01 2.802984483324269149e+01 4.288475138656573193e+01 6.369264322112140064e+01 5.560990867467677390e+01 3.456961596043511520e+01 1.993131569094434852e+01 4.073217501828656140e+01 5.230594564643267574e+01 3.174859279225487185e+01 3.760481161976662889e+01 4.684177855694431969e+01 5.875182875830054741e+01 7.895952732063906865e+01 8.587374081515999080e+01 7.761957711174794383e+01 6.275973003366394920e+01 6.057068647175905340e+01 6.858461418019666667e+01
9.707512844716031236e-03 1.999316623765925272e+01 2.218677016248877365e+01 1.627461618293606449e+01 1.767028068138411356e+01 2.166129818971310073e+01 2.088321271976770088e+00 7.107391571077460668e+00 2.917149082339227206e+01 3.909226267196175542e+01 3.553099105643968159e+01 4.511653400707486128e+01 5.322514140249524672e+01 6.444496235203708068e+01 7.280792485871879194e+01 5.216641722261203284e+01 3.729547717460074807e+01 2.671458862293042102e+01 1.896523535979171271e+01 3.980174176206596570e+01 5.208129888868813140e+01 6.061312511895900457e+01 5.705484208943137503e+01 3.592806980553698537e+01 2.384797464013984580e+01 4.485147572690829065e+01 5.781487169264912040e+01 3.720235785863194167e+01 5.781487169264912040e+01 6.651085647872982065e+01 7.560731910428080482e+01 8.723588731588868939e+01 7.761957720382379478e+01 5.762299091000182472e+01 6.347985178510848669e+01 4.643403485857917445e+01 4.858282317630214209e+01
5.001202446392439237e-04 1.414263574397571510e+01 3.414263574456137462e+01 3.968412407997166724e+01 3.794847569880271010e+01 2.721315319205500316e+01 9.189733404690329621e+00 2.549441402499868392e+00 2.483636107679812000e+01 1.929149157316196295e+01 3.384033476804287943e+01 2.558558395841999200e+01 3.696212590768661244e+01 5.625566275887783263e+01 6.918004689040571975e+01 6.672168200239885039e+01 5.631795184870446747e+01 4.409284461778808151e+01 2.307081975715024669e+01 2.577211462244276419e+01 3.101903396335721652e+01 5.208129942788773548e+01 6.560173779893017354e+01 4.947207459325494483e+01 2.829783053219434308e+01 4.947207459325494483e+01 6.507596332358136237e+01 4.453849479938516254e+01 5.408469841113733168e+01 7.441223944753988917e+01 9.000706756474349390e+01 7.848980596898125839e+01 7.023756776178500161e+01 6.347322680273791207e+01 4.350773145246691342e+01 6.347985519902871943e+01 6.012799981094755708e+01
5.279685921607564676e-03 1.414741530965268268e+01 3.414741530990293938e+01 4.321436246202242870e+01 2.931031909589742313e+01 1.930070245694648889e+01 1.970525483210012752e+01 2.875566470894565629e+00 2.307644425038721536e+01 1.036333256143561954e+01 1.376392538782824637e+01 3.384033476804294338e+01 4.454228894711241793e+01 4.965237121623470529e+01 4.965237121623400185e+01 6.512423151418387590e+01 6.064810412859338840e+01 3.977143869108335394e+01 2.747818285937331595e+01 4.681602812764633370e+01 5.208129942788773548e+01 4.012257845587539862e+01 6.096989969184228642e+01 5.448072175809014084e+01 3.323083150913561212e+01 5.448072175809014084e+01 7.339434110071123030e+01 5.493709118289606153e+01 7.339434110071123030e+01 8.270338720351055883e+01 8.177366725826644256e+01 6.179511379122293135e+01 5.025688467004002291e+01 5.866379627431377486e+01 4.153920733743631644e+01 6.150476331810067876e+01 8.013628436356184181e+01
5.738623160518319517e-06 1.414214136235423602e+01 3.414214136236186903e+01 4.455999692593706385e+01 3.076455224611093087e+01 3.094515376828099917e+01 1.677012407166294139e+01 3.201820416885742038e+00 6.210218539171914465e+00 2.563718492493293866e+01 3.384033476804294338e+01 2.018021049183124660e+01 2.529846542530537334e+01 3.053219414695087508e+01 3.770128612315325967e+01 5.691415190735924767e+01 6.914541708794986619e+01 5.356320554369460751e+01 3.248470669140304778e+01 5.356320554369460751e+01 6.785420689678520034e+01 4.720128528195641593e+01 6.785420689678520034e+01 6.059033527724795931e+01 3.942601321766596101e+01 5.065971563543560308e+01 7.148224930795306875e+01 6.935607814508387037e+01 8.348894627693738357e+01 9.433992771177402403e+01 7.439810755676485599e+01 6.024657329176827147e+01 4.871149520870979188e+01 3.880909673540318749e+01 5.870392023890867250e+01 6.984552569536359101e+01 7.608109901248481322e+01
4.532054705376768917e-03 1.414666767843645268e+01 3.414666767844054363e+01 5.021871513904035567e+01 4.446386881640440691e+01 3.603750583961964082e+01 4.830047812526972351e+00 3.529928480566471460e+00 2.087743887404214149e+01 3.050272089070520920e+01 4.272556631796919646e+01 3.968248356403410781e+01 3.627438819371765533e+01 4.965237121623470529e+01 4.965237121623470529e+01 5.117020345166832840e+01 7.078127017066015014e+01 5.959393021204086693e+01 3.870288714797155905e+01 4.976939009556004123e+01 7.044374846618161712e+01 5.652010582865909072e+01 7.631354229135739331e+01 6.798085227717099599e+01 4.707731352869077313e+01 6.059033527724795931e+01 7.993553422655229213e+01 8.935912684288983598e+01 8.474885955774477964e+01 7.646902464392258025e+01 7.111425855171485466e+01 6.625902581014621262e+01 5.685671637865557670e+01 3.699050480234169669e+01 5.426121414651935027e+01 6.254634691213504283e+01 5.609695677216964071e+01
9.001595176218036079e-03 1.044944605324513986e+01 2.347685896656161830e+01 4.508366245548199203e+01 4.524024663614678587e+01 2.313144091025580096e+01 1.221582446043799841e+01 1.428401027413321067e+01 3.994879272827402961e+00 1.462027857732788050e+01 2.944380440907530883e+01 4.921582888218360807e+01 5.555443162263607348e+01 6.373224513058569585e+01 6.918004689042706445e+01 7.078127017066015014e+01 7.907825958114212028e+01 6.612819276903191223e+01 4.546504025938441629e+01 6.612819276903191223e+01 7.891389538250675173e+01 6.837019977184530717e+01 8.546751766987433996e+01 7.642466124963122809e+01 5.771290099636806303e+01 7.642466124963122809e+01 8.960257761106697671e+01 9.417794731904696448e+01 7.646902464392258025e+01 5.643332454056674408e+01 5.109562133145225715e+01 4.626859254690137391e+01 4.173003088837483432e+01 3.801776411795392363e+01 3.442056152614574671e+01 5.198892981280201298e+01 4.202570585874263998e+01
5.674351268809080251e-03 2.000567435093195101e+01 2.895379071488753198e+01 4.895379069120258464e+01 5.195261467824808221e+01 3.022016337225822014e+01 2.864102202241883433e+01 2.210569234274655059e+01 4.323903488607324874e+00 2.427840353269733242e+01 2.758496823213490501e+01 5.033692002042187852e+01 5.315927212719338968e+01 5.789724650183488563e+01 6.019588938676081824e+01 6.864909259667760466e+01 7.782230686210856163e+01 7.459955826857107297e+01 6.012736036120436722e+01 6.012736036120436722e+01 8.061548375353707740e+01 8.884457104004724215e+01 9.726292221354503909e+01 8.665846275039417890e+01 7.824880355797391474e+01 8.665846275039417890e+01 9.742567843401573668e+01 7.746755463279950504e+01 6.589068403514079364e+01 7.646902464392258025e+01 7.111425855171431465e+01 5.235999902032094866e+01 6.167290592960548423e+01 5.796004543069636838e+01 5.198892948172378681e+01 3.210862707351101619e+01 4.614356953512751858e+01
9.518805923843161668e-03 8.953790715923078736e+00 2.309592633965428021e+01 4.309592634525775168e+01 4.880459686680983822e+01 3.715193194163624923e+01 2.751107535057773390e+01 2.349787880264871021e+01 4.653095730909448946e+00 6.004817800371130332e+00 2.724461022920208464e+01 3.417416916628524604e+01 3.160210843452584939e+01 3.617780778268154762e+01 3.857105261556083065e+01 4.814954783653963233e+01 6.450910491951783854e+01 7.406085040956814680e+01 8.061548375353707740e+01 8.061548375353707740e+01 8.907175617593777872e+01 9.932610129515697395e+01 8.803052640685349672e+01 7.956653330671943536e+01 7.956653330671942115e+01 1.000458241202510550e+02 1.057064129528649232e+02 9.417794731904696448e+01 7.746755463279950504e+01 8.650954380389495668e+01 6.650926364888596254e+01 6.650926364888596254e+01 7.607175850407367079e+01 5.608873552927020256e+01 4.201416755839320416e+01 3.050919691675554546e+01 5.043650573489843225e+01
9.062254805971973678e-03 1.415119787853704736e+01 3.415119787853775080e+01 4.983433985567928914e+01 3.969223812960793651e+01 2.021581786669236891e+01 1.167462693443335908e+01 5.121870637062674092e+00 1.932910798611598224e+01 2.052836787675785146e+01 1.014903712096672628e+01 1.358332798072262548e+01 1.712330788343572152e+01 2.135074053074222178e+01 2.642379105410910611e+01 3.387421959674862393e+01 4.392377338617745153e+01 5.964951409850863939e+01 8.040054900526901349e+01 9.479287443044184158e+01 1.057509549462480152e+02 8.752355453306536504e+01 7.035492337226577320e+01 5.896874731106866818e+01 7.609574019109660981e+01 8.456673334719452839e+01 9.905307390921977628e+01 1.057064129528649232e+02 9.742567843401573668e+01 9.478977453859580748e+01 8.650954380389495668e+01 8.650954380389495668e+01 7.193339474982477100e+01 5.195972537850681050e+01 3.789491622837042684e+01 2.891585359500023600e+01 4.794989410955135156e+01
3.063233560239582431e-03 1.000306323356032578e+01 2.155006861735304469e+01 4.155006861754618797e+01 4.367143635222170417e+01 2.689549453692231751e+01 1.146323779867978132e+01 5.453700026869632289e+00 2.841439180249651741e+01 3.418214609191127096e+01 2.441922927797493159e+01 3.410554605668609440e+01 3.160210843452584939e+01 2.998666279296095993e+01 4.814954783653962522e+01 4.418914944231994468e+01 6.450910491951783854e+01 7.406084808880525827e+01 7.157937313119077771e+01 8.126775710969475597e+01 8.975285604835048048e+01 7.358148327880263651e+01 5.745223550278431901e+01 4.985588631747338439e+01 5.555940172049204051e+01 7.008039278516933734e+01 8.943026637898626063e+01 9.785935157251098815e+01 9.440139060909567092e+01 8.440260342956599970e+01 7.611933691547935155e+01 8.440260342956599970e+01 7.778503507799851491e+01 5.780987799015095874e+01 5.152674254788360741e+01 2.734561763890152264e+01 3.740077759316467620e+01
5.666595628964066558e-03 1.414780221935978943e+01 3.414780221935907889e+01 4.983338663787382927e+01 3.701532404811501920e+01 1.957765110090460681e+01 2.264866935041145268e+01 5.785737572436000953e+00 2.028965081481788957e+01 2.092277939359268757e+01 4.038576181936603859e+01 5.358370117558823864e+01 5.315927212719338968e+01 4.244929815326302247e+01 6.020125678384737000e+01 6.577142353458623347e+01 7.412397272390064984e+01 7.529418103098259962e+01 5.828939838441360166e+01 6.106484669567903012e+01 8.127089143018091022e+01 7.776569399235064850e+01 6.310741931764675172e+01 4.273240353482281506e+01 5.709242353665513292e+01 7.762890370973364895e+01 6.891673622379938990e+01 8.604357833484630191e+01 8.594841764554340102e+01 6.618215281741090905e+01 5.624496871934245235e+01 6.877023719740518004e+01 7.703974925419140618e+01 6.650224465947661656e+01 5.642897499875859069e+01 4.520517340141475415e+01 2.514499491222515459e+01
2.110006612196471242e-03 1.000211000661228411e+01 2.154911539040500301e+01 4.154911539040571000e+01 4.214859464256009858e+01 2.959889721656227835e+01 2.550970396387872796e+01 6.117596043226820157e+00 1.209899427901146751e+01 3.498459845399683132e+01 3.179687827213091822e+01 4.349681568852209068e+01 6.402533963542205697e+01 6.403301507551026361e+01 7.252772361997776329e+01 7.595274572343762998e+01 6.753220853333483831e+01 6.695638346231218918e+01 4.703267421130321679e+01 6.695725121319632933e+01 7.179342842274898828e+01 5.738564201194756720e+01 5.863049940407147176e+01 3.834622298921098604e+01 5.863049940407147176e+01 6.575929659744853950e+01 5.710098205099555457e+01 7.758677422185958505e+01 7.766416761854553386e+01 5.777673460972236796e+01 4.637261504157209657e+01 4.894314157660156894e+01 6.556935720198148942e+01 5.803370629617793242e+01 3.863571884284474578e+01 2.463783223893836194e+01 2.371815069207832494e+01
9.367352646185668139e-03 2.000936735264583177e+01 3.462894155088616799e+01 4.290808538434577457e+01 5.128789217818519575e+01 4.023133604068636515e+01 2.619050804581924652e+01 6.449753452520765151e+00 1.744703477712549500e+01 3.877990441378148745e+01 5.217845011230961205e+01 6.049004981176337736e+01 7.219351944839112889e+01 6.710570223600100803e+01 7.530288057329330798e+01 6.753254421010274200e+01 4.737150837049116348e+01 5.327379223869447600e+01 4.106402194095829117e+01 6.102395563821087876e+01 6.164509133291885945e+01 4.308959652680450603e+01 4.986100921466197633e+01 3.422545376810482765e+01 3.961448763983212018e+01 4.541413928383471443e+01 5.975868676428288495e+01 8.024605023918633151e+01 8.098407915981157146e+01 7.135554301273526789e+01 5.151061268170023055e+01 3.748707060809748981e+01 5.071106233835634214e+01 5.229972720550262011e+01 3.462089482160024545e+01 2.283808289776834854e+01 4.307257327973986349e+01
3.648181865326004768e-03 6.987850186614245729e+00 1.452552251560785379e+01 2.843202507748499386e+01 4.875482750689712930e+01 3.510175305246193034e+01 1.564403689152942434e+01 6.781972350598258537e+00 1.742441214357910084e+01 3.566354618110213437e+01 4.211422853998161031e+01 6.217098213619390634e+01 6.385976643920268714e+01 4.724938224898104977e+01 6.385976643920268714e+01 6.753185744378312449e+01 4.737150375505316191e+01 3.322506507595927161e+01 4.726841892026737213e+01 5.565390711066496010e+01 5.322220878140619504e+01 3.300522480054696217e+01 2.962198340075811842e+01 4.944547302890861573e+01 5.981396772425739528e+01 6.575929659744853950e+01 7.422781288037849379e+01 7.470545755074883232e+01 5.988437526820683132e+01 6.763945470929365911e+01 6.556935720198148942e+01 5.071106233835634214e+01 3.076167476049513283e+01 4.469609564388413503e+01 4.159592084351967856e+01 2.221652216810048230e+01 4.246047055050564012e+01
