LEM/sinusoidal_perturbations/elevation_000399.asc
nrows	100
cellsize	150.0
xllcorner	0
ncols	100
yllcorner	0
NODATA_value	-9999
[rows 34 to 50 of 100, columns 37 to 73 of 100]
3.562300241096561138e+01 5.579117211555544742e+01 6.661709051760362854e+01 4.628406053178106561e+01 6.661709051760362854e+01 7.872661788493547874e+01 8.828439657552446818e+01 9.500807951122472161e+01 1.038721497851572053e+02 1.119111354400768050e+02 1.079936499045586942e+02 8.788977431991069977e+01 8.527299101038606466e+01 1.008541652262154145e+02 1.091404924467132673e+02 1.066580565787225652e+02 9.861102175497613587e+01 1.014752026934184244e+02 9.329374726387761996e+01 7.869877207079471759e+01 5.865045126316623225e+01 6.161989309605012721e+01 4.281283051530731143e+01 4.089624698024315563e+01 4.844100239224754745e+01 3.781663399102992429e+01 5.911493653377480939e+01 5.620499560005523421e+01 5.465307943959182779e+01 7.536696737879309183e+01 8.314585393258641943e+01 8.314585393258641943e+01 8.556293013794633850e+01 9.155792584558228953e+01 1.118800105862916325e+02 1.066660300062317361e+02 1.149351638056439953e+02
3.813207364057618776e+01 5.826652486033850664e+01 7.509304517269626444e+01 6.661709050107074859e+01 5.041052753621645621e+01 5.734051984360878862e+01 6.764796303322171411e+01 8.329053065824930968e+01 1.032196043749048187e+02 1.278167063729306392e+02 1.162673033989928371e+02 1.079936499045586942e+02 1.053962077549703196e+02 1.136726518448925134e+02 9.949843542782119243e+01 9.125777509396412768e+01 7.856119134830881023e+01 8.808894393323913619e+01 7.318573475415037421e+01 7.505521795241007510e+01 6.420148251854267585e+01 4.547681312893784877e+01 6.161989309605012721e+01 5.973036473574781269e+01 5.632131271847753595e+01 3.852146072890489847e+01 6.007012294044873357e+01 7.689976887999370092e+01 7.536696737865004536e+01 7.536696737879309183e+01 9.589201957823662781e+01 1.036438368117753583e+02 1.060311257893256709e+02 1.120525670311735098e+02 1.034986861468941584e+02 8.692162908696744239e+01 1.034986861468941584e+02
4.077900780751114951e+01 5.492558726832094607e+01 7.500039440569435101e+01 7.412852090980248931e+01 5.369160859498834526e+01 7.412852091390662679e+01 8.785955413709392303e+01 9.567067854282763051e+01 1.041328861466576114e+02 1.143408830631120310e+02 1.210808634366831029e+02 1.013893038692234256e+02 1.013893038692233688e+02 1.039561827739648550e+02 9.126299320781814117e+01 7.111021274569596073e+01 6.693151304551145131e+01 6.809358507903648672e+01 6.181900277096828944e+01 6.688239510314608083e+01 4.811600167824758501e+01 6.420147116292159239e+01 7.053524255572608581e+01 5.514026598200396734e+01 3.950661916484092018e+01 5.854986567897212524e+01 6.886353176292418254e+01 7.221181289923619318e+01 7.741596213654946723e+01 8.330426704839256047e+01 9.020085599003873256e+01 9.837327014922986734e+01 1.097311606905857104e+02 1.092444211900184570e+02 8.947678956575850862e+01 7.553869101601904390e+01 8.540264291826281351e+01
4.347307909311796692e+01 5.757871426667157522e+01 7.766145606583995686e+01 7.830789280831140786e+01 5.783286931709493928e+01 6.232920012062920989e+01 6.871206134715703229e+01 7.540384608194148086e+01 8.546830769528679639e+01 1.058730493903684220e+02 1.153774841316144233e+02 9.559520989162142257e+01 8.123796227016794091e+01 8.387256629717195722e+01 8.577295352025993225e+01 7.700368302851509839e+01 5.729675207332817166e+01 5.457237487855771008e+01 5.260389143939476497e+01 5.071180917451235359e+01 6.656285249611953247e+01 7.493970916736515164e+01 6.978001228857303317e+01 4.838051811584905693e+01 4.019698733663132373e+01 6.006015565155934866e+01 6.480040338194076810e+01 5.269757932514138332e+01 5.792240576429841070e+01 6.381177983291523503e+01 7.069435675926170859e+01 8.191012430988048720e+01 1.015262060810954239e+02 1.016025356219297748e+02 9.330683548856814014e+01 8.540264291826281351e+01 6.557812765210211126e+01
4.621660386576727575e+01 6.032564421199107585e+01 8.042263036850457070e+01 8.680672872266006834e+01 6.963118889030612024e+01 6.463165408329984984e+01 8.514577279900316853e+01 9.567067853193390192e+01 1.041328844951050172e+02 1.143408830631120310e+02 1.155003679532923826e+02 1.039561827739717899e+02 8.387256629717195722e+01 6.945078959152458253e+01 6.555213647104500296e+01 6.196060593379142034e+01 5.915798356141755932e+01 7.396125961305109797e+01 6.591517096962803635e+01 6.966249611118533380e+01 6.047720225909635161e+01 8.018446294985656664e+01 7.575623632199872759e+01 5.545452603046967965e+01 6.006174741303553333e+01 4.116667180031792128e+01 4.575487224771041639e+01 6.532045421758886050e+01 7.741596213654946723e+01 8.310072843193940173e+01 9.020085599003873256e+01 9.837327014922986734e+01 9.697656623030671597e+01 8.868494978674604567e+01 7.333433502928066616e+01 7.699935715098246192e+01 5.958013045404501185e+01
4.910452490528434311e+01 6.324197969794237650e+01 8.335677407610815237e+01 9.865609841835376415e+01 9.016049078142268058e+01 7.646067905760912709e+01 7.266077238645083014e+01 8.718104570210230975e+01 1.077404150969644263e+02 1.216233178768405168e+02 1.074105069412754858e+02 8.741099087806718160e+01 7.715533316585438683e+01 8.975492137247674407e+01 8.577295352025993225e+01 7.611192479538955524e+01 6.258547928859689335e+01 8.266808073590733841e+01 8.584229963874821578e+01 8.840404382366645564e+01 7.172553779115082762e+01 8.840404348735329165e+01 8.530390433823932028e+01 7.599480329554988600e+01 6.877526229954537484e+01 6.099730613908322852e+01 4.213995361322342603e+01 6.088338634350392908e+01 6.378342828427336997e+01 8.587725854405832138e+01 1.025202788517867276e+02 9.897114008946513763e+01 8.868494978674604567e+01 6.875059026364490933e+01 7.458922898935067280e+01 5.720660859753699157e+01 7.632148071384203547e+01
5.213175336818348171e+01 7.219277865294590413e+01 7.747454207890621092e+01 9.760581602672210977e+01 1.054974713345498145e+02 9.700983133800936287e+01 9.320274568643446855e+01 8.233344198272105530e+01 9.261306548280110462e+01 1.131774660866016973e+02 1.155003679532923826e+02 1.041123205183960181e+02 8.400760569222191521e+01 1.041123205183960181e+02 1.044515035736694557e+02 8.649169486825530839e+01 6.625901440351047711e+01 7.795980749546914979e+01 9.814646976170885750e+01 9.991051092048842008e+01 9.174211496350325490e+01 9.325194084590293642e+01 8.186799286522862928e+01 6.877894586567487067e+01 4.917034062405212325e+01 4.589186154673583218e+01 5.933652770228945172e+01 4.314318625856925848e+01 6.412238894670701939e+01 6.861488441199649913e+01 8.922258315697264663e+01 8.966096291249218098e+01 6.886814721446449994e+01 7.226962645410205255e+01 5.497588510578246712e+01 7.385041732296940609e+01 7.128296642488935220e+01
5.918454409014789519e+01 5.736252635605018213e+01 7.747454196478446420e+01 9.117106096809689575e+01 9.829132459753341777e+01 1.066540208343748048e+02 1.113140500202259915e+02 9.687620087406445180e+01 1.113666453248623753e+02 1.216233178768405168e+02 1.201602580925641348e+02 1.005056288521893606e+02 9.834479007698740816e+01 1.122186897229421305e+02 1.039692476522018012e+02 8.475240757092927879e+01 7.042212911091093019e+01 9.077887462667818852e+01 1.062940478773457329e+02 1.075832848328162754e+02 9.615152573942118863e+01 8.505082848677434981e+01 6.536688917615518335e+01 5.405684135104290533e+01 6.877634772184302392e+01 5.031910260075571983e+01 6.835494242809038212e+01 4.391255136281163374e+01 4.510772485048229896e+01 5.865929746034804282e+01 7.833803392251041942e+01 7.815820519670857891e+01 7.171950413052307738e+01 5.278775081435536976e+01 7.226962645410205255e+01 8.277142501398562047e+01 9.172956005150544456e+01
7.930721835062033165e+01 6.339796996072443847e+01 6.493804476010851090e+01 7.101170103864295413e+01 7.815769107097523261e+01 8.980305621365909019e+01 1.098936453955107453e+02 1.174265926797181692e+02 1.206188466822138281e+02 1.123028212992163333e+02 1.206188466822138281e+02 1.201602580925641348e+02 1.180363707314442507e+02 1.132341747799004708e+02 9.386730337691946602e+01 8.220274068055562111e+01 7.607140138775596938e+01 9.639655403699073588e+01 1.111266381478570793e+02 9.936675351388181809e+01 7.958130819157689473e+01 6.825085446258297850e+01 5.948491138129554656e+01 7.368631403762793752e+01 5.705295239656187078e+01 6.979233857013058184e+01 6.220651031035453116e+01 4.477923589050239173e+01 6.394428409130154733e+01 6.708684605517564137e+01 6.727037039630334903e+01 6.051960419669908475e+01 6.871734587627064172e+01 5.124031771699355886e+01 7.067872785539667291e+01 8.071414044103998719e+01 8.894682908774737484e+01
8.992700147297067303e+01 6.976390282981654423e+01 7.919748588286947211e+01 9.117106096809689575e+01 9.829132590063295538e+01 1.066556729727292634e+02 1.183335692601479678e+02 1.166103760627326977e+02 1.083060075100862178e+02 9.237537070200629330e+01 1.106332699872717598e+02 1.125288296886637482e+02 1.208395089645636631e+02 1.211193509316111090e+02 1.103856985453428052e+02 1.021323775406730761e+02 8.227493196104256867e+01 1.024733143403423554e+02 1.029067856264749281e+02 8.308626501986475432e+01 7.175152376947045241e+01 6.584542642730747275e+01 7.913669205584240274e+01 8.153761756795825022e+01 6.198656517403962596e+01 8.122392205617848049e+01 7.237500547582934018e+01 6.478731947471997898e+01 4.600119078915101767e+01 4.681209450782942127e+01 4.757924468699980736e+01 4.831437554475585472e+01 4.903764179552508296e+01 4.984517054633545285e+01 6.953711458558711911e+01 6.250270564642452342e+01 7.732993334795554574e+01
9.704639135878365153e+01 7.690971589410666809e+01 9.704639135878365153e+01 1.076637098567162099e+02 1.148938229986767112e+02 1.100908702834699966e+02 1.184171784016817526e+02 1.083060075100862178e+02 8.839346267624443954e+01 8.246544517895797810e+01 9.842759490502864139e+01 9.258667221143970494e+01 1.125288296886637482e+02 1.222975083936879344e+02 1.185781892811909728e+02 9.885370135936180702e+01 9.146145760421522652e+01 1.105912212179985659e+02 1.029067856264749281e+02 8.308626501986475432e+01 9.146340271877002692e+01 7.324906250878613889e+01 9.297631808781623874e+01 8.694247427978028497e+01 6.745498626883613724e+01 8.694247427978180554e+01 8.371894196672860744e+01 6.374201720445818609e+01 4.983162768528503506e+01 5.020727832315785832e+01 6.716934912141385894e+01 6.798980841201650094e+01 6.290562444593244606e+01 6.947762157161147911e+01 5.098246934449511514e+01 5.178876228364815404e+01 5.796198189006158685e+01
1.053742594248774367e+02 8.856103600793710484e+01 1.053742594248774367e+02 1.148938229986767112e+02 9.490765911182856485e+01 9.014511135284320176e+01 1.068752942367433150e+02 1.082571754404248736e+02 9.422571202739560192e+01 7.432500403963095437e+01 7.853415003596248312e+01 9.258667221143970494e+01 1.125288296886637482e+02 1.010907324385429433e+02 1.159960480622484624e+02 1.185781892811909728e+02 1.031146308627151313e+02 1.194382642995487629e+02 1.111266381478759371e+02 9.449838266338839787e+01 1.011964397291659026e+02 8.459369535280005437e+01 1.011957040839832445e+02 9.308921697217388669e+01 7.365150987321747778e+01 9.308921697217388669e+01 7.701325770574734975e+01 5.670234823806897850e+01 6.960143624049869970e+01 6.956050545663210016e+01 5.507289321669367155e+01 7.439131490093136279e+01 8.287662801070852936e+01 7.868346216217868516e+01 6.077026143536543401e+01 7.152939762363004661e+01 5.294435418189238618e+01
1.076546768987506510e+02 1.086376023281780903e+02 1.169736677688490687e+02 1.105470681878532702e+02 9.857518851920394809e+01 7.867432664760481487e+01 9.857518851920394809e+01 9.996859343316575064e+01 8.007127706264688527e+01 6.853507942982363943e+01 8.848087247049544146e+01 1.042710874648597468e+02 1.054620792659745803e+02 8.620355958420900322e+01 1.005001738751133615e+02 1.087454797783500453e+02 1.226756576754487469e+02 1.306999055206108551e+02 1.225984374947585422e+02 1.143928776793076310e+02 1.126506390148310430e+02 1.044275640550281992e+02 1.068761973113190322e+02 8.737846273152868548e+01 8.737846273152868548e+01 1.011959332427312717e+02 8.256526463848467756e+01 6.254562690340265618e+01 8.256526463848467756e+01 7.791038712404525768e+01 5.864538050802175917e+01 7.237343871321552058e+01 9.137298592295894650e+01 8.061122475707551871e+01 8.062085060774289502e+01 8.090317756145753947e+01 7.255502922000125920e+01
9.326577151726768022e+01 1.136395186114935569e+02 1.163817809648756167e+02 9.637948648701024013e+01 8.232594508662266719e+01 7.235443456549131724e+01 8.523653170528608314e+01 9.351567163966463170e+01 8.449171386236113790e+01 6.451797291060367456e+01 7.607502097740574243e+01 9.598913015906201451e+01 9.670645086394853251e+01 7.594471218943132840e+01 8.076171927554275953e+01 9.551781339514563740e+01 1.038126078068672058e+02 1.135714428663983142e+02 1.313994815940267245e+02 1.196693205866012164e+02 1.148734497549115474e+02 1.229060846489621355e+02 1.150134037539338010e+02 1.068761973113190322e+02 1.068761973113007713e+02 9.839847738321607551e+01 7.900712693158153854e+01 7.042368480639541417e+01 8.994175863421509121e+01 8.167000249267121603e+01 6.250940278885759227e+01 7.615381925304913580e+01 9.495279049706306296e+01 1.004960931799931529e+02 9.641788730121254503e+01 8.750606403529361899e+01 7.476397058871063450e+01
9.008588168827203901e+01 9.850227415073823067e+01 1.094650700551890878e+02 1.034787772179318779e+02 1.005693925173531085e+02 8.523653170528608314e+01 6.526672946065069425e+01 7.892152603576388969e+01 8.084502437001371788e+01 6.085140008876809503e+01 8.084502437001371788e+01 9.715754137257779632e+01 8.864647922584721584e+01 6.827956358031032380e+01 6.918286850552985356e+01 7.557858630323661941e+01 8.460013184563703703e+01 9.993285824262406436e+01 1.172569633166442316e+02 1.148318388360836622e+02 9.606404197086418151e+01 1.148318388360836622e+02 1.247718819703858060e+02 1.166030600392423366e+02 1.166030600392299164e+02 1.064585096568645497e+02 9.796569449859822498e+01 8.180431703633976781e+01 9.796569449859822498e+01 8.572497449422195359e+01 6.671932809224433925e+01 7.780577705097847740e+01 9.657508030396481047e+01 1.005131315758256392e+02 8.020262843892071203e+01 6.915965098030578417e+01 6.233138398034679994e+01
6.983251014423926506e+01 9.008588168827071740e+01 8.883439811107682260e+01 8.276849769468306306e+01 9.733840857586677942e+01 9.043941920795967349e+01 7.048984303756596148e+01 5.891778522308843691e+01 7.337348675086988692e+01 5.735583811285541600e+01 6.893218629383352436e+01 8.888314870426910375e+01 8.171650484708438000e+01 6.152987142824544975e+01 8.171650484708438000e+01 9.551781339514563740e+01 1.038126078068671774e+02 1.134981340889985262e+02 9.748609876576293232e+01 9.748609876576293232e+01 8.753231804162162177e+01 1.071326793701309725e+02 1.166030600392423366e+02 9.668536366527006010e+01 9.668536366527006010e+01 1.107286228125248471e+02 1.090836087228254030e+02 1.010513434451738704e+02 1.011063386743989412e+02 8.227577192881177837e+01 7.195261727436769661e+01 9.074933564255111662e+01 1.046493475411431859e+02 1.089905065040236565e+02 9.752627671878575200e+01 8.866005067745587098e+01 7.927167803152727288e+01
6.983251014276373780e+01 9.008587908706259384e+01 8.883439812677364955e+01 6.811843402711103579e+01 8.883439812677367797e+01 9.872666307631048710e+01 8.719902956735724331e+01 7.337348675086988692e+01 5.334913652816333496e+01 5.405521112428638020e+01 6.822843896462570967e+01 8.818892691316713695e+01 7.773310982134151459e+01 5.756722604691999834e+01 7.773310982134151459e+01 9.064921131799567888e+01 9.896430162037893297e+01 1.111107537562870675e+02 9.165046326310296365e+01 7.745275054419334992e+01 9.748609876576293232e+01 1.109868109380808505e+02 1.006989546406667131e+02 9.243977957083190233e+01 8.236043727406715220e+01 9.818726924964529701e+01 1.064114358883603302e+02 1.163564824274550347e+02 1.092573527394160777e+02 9.735209222659776174e+01 7.870634983931411455e+01 8.525699357468126038e+01 1.040131573355936325e+02 1.117917620062920179e+02 1.018049352105582130e+02 8.599159923564359076e+01 6.643543782487664373e+01
