LEM/sinusoidal_perturbations/elevation_000799.asc
nrows	100
cellsize	150.0
xllcorner	0
ncols	100
yllcorner	0
NODATA_value	-9999
[rows 0 to 16 of 100, columns 0 to 36 of 100]
8.271705653423140972e-03 1.000827170565333546e+01 2.415040732938403423e+01 4.415040732938332013e+01 5.217351586066048696e+01 4.872235920500565243e+01 5.700230910042471777e+01 6.854564852299995437e+01 7.469269881620243723e+01 6.645824972198165881e+01 6.904181194154421064e+01 7.727389488974617393e+01 9.498703489100563502e+01 8.670402057218885261e+01 8.670402057218885261e+01 9.256148377948187544e+01 8.516372575317188875e+01 9.344712757478620802e+01 1.035048300525179883e+02 9.225783219539012237e+01 8.417039165114037758e+01 8.415456521034073489e+01 9.224648680859817773e+01 9.052287437105667323e+01 9.863877471352415682e+01 1.067843442885142196e+02 9.863004429609482315e+01 9.679030217181673379e+01 9.679030217181673379e+01 1.049404895292056352e+02 1.117068116952793702e+02 1.035440481399059109e+02 1.117068116952793702e+02 1.092798033483169604e+02 9.800802429684223682e+01 8.987777856988424219e+01 8.987777856988387271e+01
7.813061968023241044e-03 2.000781306196766707e+01 3.829254295311422851e+01 4.631387482700864666e+01 3.217502856305682002e+01 2.872337010830639414e+01 4.027035700993735645e+01 6.026800891631075530e+01 6.318261664152850443e+01 4.649887059074693951e+01 4.909133839331072124e+01 6.904181194154421064e+01 8.670402057218885261e+01 6.670283525521718104e+01 6.670283525521718104e+01 7.256104680278943420e+01 6.514413851249358345e+01 8.189248067507888607e+01 9.530283077827624538e+01 7.645850449428600371e+01 6.523001738249718073e+01 6.501029945350494188e+01 7.688994633083325425e+01 7.124300264171628783e+01 9.052287437105667323e+01 9.550682164514178396e+01 7.916016824956852815e+01 7.735694927236816909e+01 7.735694927236816909e+01 9.679030217181673379e+01 9.782902405884431118e+01 8.400351265856579630e+01 1.019122163902299576e+02 1.010902276324457745e+02 8.166969617881129295e+01 7.060009143879516103e+01 7.060009143879516103e+01
2.526786264046545528e-03 1.414466240999512259e+01 3.414466240999582425e+01 3.803244982096039450e+01 1.803264217718817619e+01 3.803244982096039450e+01 5.700230910042471777e+01 5.425571229984569754e+01 4.599872950196980526e+01 3.495326646736477727e+01 5.493469680770549957e+01 7.391550043563309202e+01 8.216765833257831275e+01 7.256104680278943420e+01 5.255124765011481713e+01 6.361239257848978923e+01 5.345086661933800087e+01 6.714334587599171300e+01 8.771578270677686362e+01 8.895290656057528622e+01 7.310161822219386352e+01 5.415229734838837317e+01 5.780982076548627902e+01 7.124300264171628783e+01 9.052287437105667323e+01 8.738910611954420915e+01 6.816402120573364698e+01 6.393052223467500284e+01 8.304884655542534233e+01 9.219644144229137339e+01 7.841723685106295250e+01 7.443185497930531369e+01 8.803879981709626179e+01 1.076192483005791871e+02 8.987777856988424219e+01 7.060009143879516103e+01 5.949915955639418996e+01
4.163169627051843593e-04 2.000041631696235100e+01 2.344152440114940461e+01 2.518221939427466083e+01 1.248403538657622214e+01 3.248550121386070089e+01 4.593305384107330269e+01 4.599853638433563674e+01 2.600861525892863213e+01 4.599853638308151460e+01 5.589087683507048609e+01 5.395329534338248578e+01 6.346296962506043826e+01 6.572703194010301786e+01 5.744177365222225262e+01 4.355154156128153176e+01 6.361239257848978923e+01 8.189248063086064633e+01 9.107058011673203168e+01 7.176542217155603964e+01 6.174430864412182984e+01 4.817366537445039398e+01 6.734988354815980927e+01 8.243090337589019612e+01 8.545701304963611733e+01 7.739913464673898602e+01 7.628949816936223272e+01 5.728183078285828600e+01 7.260084442762341439e+01 7.688030075214273040e+01 6.499383403364078049e+01 7.841723685106293829e+01 9.782902405831870851e+01 1.028004215769090166e+02 9.800802429684223682e+01 8.482841994056829549e+01 6.555190073673624340e+01
5.883922493566802643e-03 1.715626282272238345e+00 3.433579273399063325e+00 5.172603066338216316e+00 2.517123189442036590e+01 2.973108702707299500e+01 2.585477213728775325e+01 3.377280570480925093e+01 2.084234154345021395e+01 2.762823789803142560e+01 3.762993407214839436e+01 4.633759144482136350e+01 4.346018853182359720e+01 5.244235400858950413e+01 3.740084043595673791e+01 4.450764398091601493e+01 5.865734391870820730e+01 7.865386902183175266e+01 8.536744932923143381e+01 6.613127804713198543e+01 5.251421658261059378e+01 4.391462456737745867e+01 5.524558469230294833e+01 7.439346691815630663e+01 6.773004875901615662e+01 5.816254694646837464e+01 7.153758131892455197e+01 5.248905775954618491e+01 5.355370547538885262e+01 5.785353674048165118e+01 6.876567958230435806e+01 8.796507941223627824e+01 9.721987264052536659e+01 8.343459318856250206e+01 9.721987269371379625e+01 9.034209185707921108e+01 7.098887979298226014e+01
1.256007409845548732e-03 2.000125578176167096e+01 2.344152440008646110e+01 2.517879160411946771e+01 7.831447621785583735e+00 9.746227457867702171e+00 1.169737417893136211e+01 1.375903501715518829e+01 1.606554742943090375e+01 3.608212963721879163e+01 4.221229085186877938e+01 2.630992512073666845e+01 2.928901719499780398e+01 3.240963746066038453e+01 4.658340704576119151e+01 6.451419052127766918e+01 5.865734391870820730e+01 7.865386902193957042e+01 8.652873274602886511e+01 7.695078766085151756e+01 5.958989069851748610e+01 3.989018141255849770e+01 5.480142377296059664e+01 6.201533815664812010e+01 4.827651576429826008e+01 4.681552899076823593e+01 6.629288552146967106e+01 4.785243769980886697e+01 6.704780126160399334e+01 6.680804646073634956e+01 8.288343430550476398e+01 9.607537548957566287e+01 8.867690345160980314e+01 7.020463206093882036e+01 8.595003271057967709e+01 7.782441739230610267e+01 7.098913967553519910e+01
9.594114293757748102e-03 2.000959411210801875e+01 3.829195836699540223e+01 3.614352815631524152e+01 2.198710810617977174e+01 2.389938314306429845e+01 1.877973286343036818e+01 3.377280570480318289e+01 3.608212963721893374e+01 1.954370656467754230e+01 2.218963351844195486e+01 4.221229085163689376e+01 4.931886713128961475e+01 4.243994287197537574e+01 6.070732709005998373e+01 7.487145098896073137e+01 7.865386902193957042e+01 8.692453593864220807e+01 7.852782487121335464e+01 5.943821307441419322e+01 4.975474481824490169e+01 4.212679140202947536e+01 3.476189569540206037e+01 5.052240247544373375e+01 3.386957550860717703e+01 5.397432364758465440e+01 6.029669900154801354e+01 4.476736890845506167e+01 5.805302638942247029e+01 7.435910738228740513e+01 8.936290606339001386e+01 8.439220485877801536e+01 8.065344542087760260e+01 6.195743469827081640e+01 7.476520908184274106e+01 5.855292195714972792e+01 7.476497582435000311e+01
7.711341127313004785e-03 1.000771134112740057e+01 2.414984696517327123e+01 4.414984802508311645e+01 4.206833616320724900e+01 4.387257850422281535e+01 2.634124610036455749e+01 4.634125760960814233e+01 4.663583398314166573e+01 2.663212494411260423e+01 4.221229085186880070e+01 3.375815635908436008e+01 5.376085028204633431e+01 5.658597075566894574e+01 7.069248594608139058e+01 7.823080537508049304e+01 7.823080537508049304e+01 9.813867308043623439e+01 8.652873274602886511e+01 7.695078766319569752e+01 6.683784602745096493e+01 5.576518982894916832e+01 4.785808854599479645e+01 3.025513026163713803e+01 5.052252801003478311e+01 3.781028716230554210e+01 4.064086079999241008e+01 6.029669900184504883e+01 5.853205887233846028e+01 7.767389051709899661e+01 7.890375207475059938e+01 6.461479821383500166e+01 7.404340008762478931e+01 5.529299839530219884e+01 6.565968682356111685e+01 4.729710419391464171e+01 5.705378225751967136e+01
2.297228869525369630e-04 2.000022972288659773e+01 3.017362552497512240e+01 3.845789678989569182e+01 5.544782905375847548e+01 5.462555922652620666e+01 4.048363067741552612e+01 4.634129673130269111e+01 5.491768642747719298e+01 3.663569456639777400e+01 5.491963083967080905e+01 4.530786261336545806e+01 6.204400259138924412e+01 7.656609782942517484e+01 7.648053434978443477e+01 5.823433351543673808e+01 7.481098096531039232e+01 8.304464360208025653e+01 8.158414321372566747e+01 7.353153106474621836e+01 5.902792849269929576e+01 3.946716728184051703e+01 2.751361759333560641e+01 4.785808854565961923e+01 5.860027382948290864e+01 5.766643406003293393e+01 6.029669900184509146e+01 6.829499671755297641e+01 7.767389051709899661e+01 8.572962439274056123e+01 6.934517691438574616e+01 5.153351835723528040e+01 6.932332068676961967e+01 6.552665284854406025e+01 4.658770733636495720e+01 4.097701414888514648e+01 3.568477226123633983e+01
9.647730019007896146e-03 5.009647730019028522e+00 1.017362552496229533e+01 3.017362552497512240e+01 3.544782905351671332e+01 5.544782905375847548e+01 6.048295957336102902e+01 6.634036441787274896e+01 6.491991038980052053e+01 5.663600899506707265e+01 6.492019165283343796e+01 6.530784116936085582e+01 7.359004364649963748e+01 7.489427974985142100e+01 6.823256944516838018e+01 4.846139247154233232e+01 5.493956355029982319e+01 7.481098096530956809e+01 7.353153106474451306e+01 5.419662791451940365e+01 5.984801097903887523e+01 4.602125486152750256e+01 2.563939793013804902e+01 4.356497722155503283e+01 4.904302000959290808e+01 5.501048347683780548e+01 6.189842730173133134e+01 6.988235891101588493e+01 8.092505272589073684e+01 7.348413201303419839e+01 6.134417922442094095e+01 4.190154391058752026e+01 5.795333541888584961e+01 5.802362955366145769e+01 5.832363110328562783e+01 5.927448205520742164e+01 4.706695099461197884e+01
3.582433992925927561e-03 2.000358243399256963e+01 3.017362552497512240e+01 1.911789743496161265e+01 2.911789743496179028e+01 4.326003305869323867e+01 6.326003305964256640e+01 6.746776564356362371e+01 7.509739600543969118e+01 6.825413220523111590e+01 5.963539655643459980e+01 6.825413220523111590e+01 6.909942807436578960e+01 5.507585047572563752e+01 6.075976695936812177e+01 4.133450789681074156e+01 6.075976695936812177e+01 7.361008296038731658e+01 7.102805345110481028e+01 5.168388040144044737e+01 4.010134185909022619e+01 3.381892509624955068e+01 4.356295985283755101e+01 2.313809436638045725e+01 2.890420071091920207e+01 3.521576959495335757e+01 4.252759598154611353e+01 5.387608749365929839e+01 7.288712509505764103e+01 6.556946288006160728e+01 4.643993371335515974e+01 3.473538540664655017e+01 4.011696458742247984e+01 3.756626108573071576e+01 3.845995765908121200e+01 4.548167875834710827e+01 4.668958450111465197e+01
1.813270376062421294e-03 2.000181327037570611e+01 3.875581154684616081e+01 3.911789743500620631e+01 4.740216873532183683e+01 5.740216884940286945e+01 6.416171743193847021e+01 4.831056341495499140e+01 6.416171743193824284e+01 5.811265379830055622e+01 3.956969959404091952e+01 5.811265379830056332e+01 5.933421074438695797e+01 4.147922249828959451e+01 4.935250939482726551e+01 3.640992004577088181e+01 4.576221080038266109e+01 6.537360178969866809e+01 7.907122018972404476e+01 6.789038554549303228e+01 5.985968993363135127e+01 5.389871566526753099e+01 4.191043609076819365e+01 2.146501556604141925e+01 4.191544290459452071e+01 5.501048347683789075e+01 6.189842730173133134e+01 6.988235891101592756e+01 7.033797621716445292e+01 6.687588150741494530e+01 4.993033245504415163e+01 3.710801214236419554e+01 2.629646405711397961e+01 2.269073983440323161e+01 2.395020853328323440e+01 2.520934974381211546e+01 2.646511804895161646e+01
2.372884694381488524e-03 1.010431808827199340e+01 2.529790471337762270e+01 4.605468921324115428e+01 5.893272827146640225e+01 5.348035240790059675e+01 4.544650249954347743e+01 3.590148218388021206e+01 5.640734977998366162e+01 4.960254807523776321e+01 2.991335913288779480e+01 4.960254807523776321e+01 5.117987344223639923e+01 3.218519346414789339e+01 3.043046170427934882e+01 4.116304410110974743e+01 6.048539078449412187e+01 7.361008296038731658e+01 7.487332114910736891e+01 6.359237341098070573e+01 5.551559085735002697e+01 5.444892644436688300e+01 3.441485607781149270e+01 1.981511174877536874e+01 4.017857208945299163e+01 4.688284891770828722e+01 6.628041829100327220e+01 6.455278764947505010e+01 5.069396709842377646e+01 6.046628758711786844e+01 4.774575346980058299e+01 3.809337306209663865e+01 2.090638869987849091e+01 4.139215434401828020e+01 4.427865144144732312e+01 4.548167871127380835e+01 3.163756847513527148e+01
8.175220331382775790e-03 1.992340361780777869e+01 2.975524509280302610e+01 3.593028765806997171e+01 4.380463810982111283e+01 3.594068693092278011e+01 2.315338891975574498e+01 4.544650249954345611e+01 4.559600145984666852e+01 4.302826190781784277e+01 2.340402400635114333e+01 4.302529425425518639e+01 3.948842748670817571e+01 2.512499971697829793e+01 4.400054609835357411e+01 5.743708517410694725e+01 6.860578488871304614e+01 6.520646332541427626e+01 6.681920034296126687e+01 4.724077445101460881e+01 3.555358707110740113e+01 4.399052257854839354e+01 3.866754888512816279e+01 1.820186535858066890e+01 2.665181668390434311e+01 4.116376534983040614e+01 6.106223291579745904e+01 5.644756415961251861e+01 3.644079908548566493e+01 4.379417491037596477e+01 3.225577421872750961e+01 1.917541109361581420e+01 3.976332554092243043e+01 3.404060104025103328e+01 5.404393812060744295e+01 3.995396677816799524e+01 5.146305469184542858e+01
9.124702163186202558e-03 1.389603439674004237e+00 2.116219570555893270e+01 2.327584468927742378e+01 2.843500598592939355e+01 1.192304350496020504e+01 3.185770198503632500e+01 2.871618874867564486e+01 2.394626320230596406e+01 2.976588462759052689e+01 1.762826686997260595e+01 3.733566937186404289e+01 2.052981479030726675e+01 3.948842748670817571e+01 5.207808658872350804e+01 5.778507874807856126e+01 5.156599290350575160e+01 4.369528665659295541e+01 5.877711539075815494e+01 5.805129127215712259e+01 3.816636148826647457e+01 2.364638102576663670e+01 3.489234587882051386e+01 1.665188979080049236e+01 3.703742946376699763e+01 5.484547419974554572e+01 6.438533404328399001e+01 5.323987979761750466e+01 4.365955454504084088e+01 2.333334684480562160e+01 1.742388289587288952e+01 3.813862915040943591e+01 4.796778520899281517e+01 5.404411966701575665e+01 5.404408761757728286e+01 5.940311176804533488e+01 4.880041284792132217e+01
2.239863785106879172e-03 2.986744469998631746e-01 1.667399770750946075e+01 2.670580331536923069e+01 8.249503425260449774e+00 2.293392775187491495e+01 2.270634884636940409e+00 2.568411708575355945e+00 1.854463141023772721e+01 9.950565399692111512e+00 2.989016343506023787e+01 3.222582182035610998e+01 1.735324829950312520e+01 3.082440830336459570e+01 4.990810081190919334e+01 3.639527225540816602e+01 3.011135452005876445e+01 2.850968260040206204e+01 4.998539187873272738e+01 4.824639639825280568e+01 4.104133950857436730e+01 3.278529473999284249e+01 1.452696332134369150e+01 3.488959641548907342e+01 3.709128892809653166e+01 5.706061989518214261e+01 5.643598014093659287e+01 3.708465818986478979e+01 2.527688970147156411e+01 1.565651438556725417e+01 3.627987936640512601e+01 3.074198498462337170e+01 4.510966020932085740e+01 6.493073091553570464e+01 7.362848852283229917e+01 7.603181824965200519e+01 6.234176257983587988e+01
1.766589122093755728e-03 1.994606606556786943e+01 7.179883312882525681e-01 1.779768891922433127e+01 1.552817557851421837e+00 1.850987550215804411e+00 7.529050239823422253e+00 1.050554923085216963e+01 2.990040432262305981e+00 1.995899011237861131e+01 2.788491909186803142e+01 1.294894296035419501e+01 3.222530985550183402e+01 4.191636832197518459e+01 3.446272312775618474e+01 2.775999102960000542e+01 1.538167807363143602e+01 3.635203081234364930e+01 4.754054232788309520e+01 2.730565857839034294e+01 3.071613480962389175e+01 1.253836876965393010e+01 3.047089948832770645e+01 4.233396172939540492e+01 4.884410050470624043e+01 4.891062058908013199e+01 4.668727048219978570e+01 4.209397605114494212e+01 3.381391644936457652e+01 1.443525620665457510e+01 3.533569767188428301e+01 5.087050895034123243e+01 5.911300836511927770e+01 5.836179194863674979e+01 6.656514627518325256e+01 7.731524117512124405e+01 8.159465518326793187e+01
