LEM/sinusoidal_perturbations/elevation_000010.asc
nrows	100
cellsize	150.0
xllcorner	0
ncols	100
yllcorner	0
NODATA_value	-9999
[rows 51 to 67 of 100, columns 37 to 73 of 100]
4.527952599890962659e+01 3.543038614556547117e+01 3.914439580000368579e+01 4.391254663143065073e+01 5.292721005923773703e+01 6.427849247429389834e+01 8.255898147710460933e+01 9.508439534340527644e+01 9.669039915147111230e+01 1.083815081630703361e+02 9.977617095373743439e+01 8.767374254226670871e+01 8.448754986836507896e+01 9.671247239081878888e+01 1.129262324749622195e+02 1.157470830968632072e+02 1.175225052502216982e+02 1.009857847845030534e+02 7.971702561051387192e+01 9.460827021318144148e+01 1.163824662803012728e+02 1.080033864088258042e+02 9.408747161868522824e+01 8.529650261097172859e+01 8.114493065794700044e+01 7.201428955460212933e+01 5.133701314622942391e+01 6.714060876374487918e+01 6.729329046828799221e+01 4.700574792564957960e+01 6.060394133142852269e+01 4.211472854908680574e+01 6.253440266953074911e+01 7.403194228515909003e+01 7.050046193319296606e+01 5.435053956870544312e+01 7.500837013653635665e+01
6.198192808648489205e+01 4.181652024377432042e+01 5.851658533973434828e+01 4.873359836999365768e+01 6.864736423999222836e+01 7.944052182885967284e+01 8.768884749991366334e+01 9.434931861658347430e+01 8.776349536744979218e+01 8.849053647462692140e+01 9.976270016359185888e+01 1.045528365187730344e+02 1.014613750273134372e+02 9.764947180110011971e+01 1.075774267946117249e+02 1.214250370912261445e+02 1.114333300509170215e+02 8.957668756646357622e+01 1.009857847845030534e+02 1.100169806167423019e+02 1.087840237770465421e+02 9.982098960428339751e+01 8.529650261097172859e+01 6.453864289656127085e+01 6.036852168654097994e+01 5.652876356594582319e+01 7.201428589043382544e+01 7.361074403513947573e+01 5.318853049620423690e+01 6.726655987706776330e+01 6.537867597475347736e+01 5.745661681427312573e+01 4.270149114744639007e+01 6.362944228191952334e+01 4.990555170747611413e+01 6.443765472680476591e+01 8.369864078880020486e+01
5.626442142129696578e+01 5.627955679648506759e+01 6.191418024099095874e+01 6.287883902328225361e+01 6.152926320126847770e+01 7.555077705291341772e+01 9.414666788616618476e+01 8.288561447509169966e+01 6.574663472391864616e+01 6.905779736358535104e+01 8.412886208243276087e+01 9.005139294970710750e+01 9.690760529091552655e+01 1.042368007953154603e+02 1.133701895235908097e+02 1.256877965718534966e+02 1.114333299711503997e+02 1.049062865199716299e+02 1.114333296110179532e+02 1.122205515417894759e+02 9.078143229057137376e+01 7.886568324524496632e+01 7.110471295889169596e+01 8.529650261097172859e+01 7.502185345413502660e+01 7.728684835984110180e+01 8.059084078093957260e+01 6.024053627251505816e+01 7.361074403496104424e+01 8.160924852198490953e+01 7.336819411108922395e+01 6.320364467583625157e+01 4.312009414725553569e+01 4.581412245043817677e+01 6.626126509173521129e+01 7.916907561603801469e+01 9.390260619592855562e+01
7.617075414099662112e+01 7.639768252465127318e+01 8.088355401383165599e+01 8.105037103541295096e+01 8.100529832226060023e+01 8.831530971611539371e+01 7.706505452353157182e+01 6.866783571969146749e+01 5.383642527872027728e+01 5.800395294869294105e+01 6.296432438384972841e+01 6.856413562236929238e+01 7.505731433043602863e+01 8.422928110712597061e+01 9.818470064741408976e+01 1.212805210267328420e+02 1.336542628267293082e+02 1.271910080627230002e+02 1.336542564072451569e+02 1.212040952373186826e+02 1.087840242730157172e+02 9.787408279080317186e+01 7.704018566540709401e+01 9.787408279080317186e+01 9.592734668684767030e+01 8.850418975174765990e+01 6.832902985331016055e+01 8.059084098159479481e+01 8.903983969348023209e+01 8.194635928060962726e+01 6.719649203761488820e+01 4.722002548341349382e+01 4.354848531782852206e+01 5.939529025411292906e+01 6.058536273694642205e+01 7.518215282848716186e+01 9.640882070576046203e+01
7.751710679203208088e+01 6.911082757976960522e+01 7.723958112234613793e+01 8.458421016581792173e+01 7.702265497452894749e+01 7.182597101636063996e+01 6.348968862410886516e+01 4.859093129448020676e+01 6.866783571969146749e+01 7.886419163121856002e+01 8.412886208243276087e+01 9.005139294970710750e+01 9.690760529091552655e+01 1.056118297521216931e+02 1.154502451036762096e+02 1.188921639741000575e+02 1.271322394627104728e+02 1.258969593012594146e+02 1.341297973380332280e+02 1.217230606119080250e+02 1.000608971449427003e+02 8.799686317160676197e+01 9.787408279080317186e+01 1.067765907380573651e+02 9.796664445823562062e+01 7.789374678935106999e+01 8.850418975174765990e+01 9.698856443972201191e+01 9.016477977499093299e+01 7.333365306949563944e+01 5.309146066770138361e+01 6.045369187092907026e+01 6.198780181112596921e+01 4.416692854670436930e+01 6.485272668589797718e+01 7.095128770392032891e+01 9.280886260340275840e+01
6.489095832710619050e+01 4.933771749359783598e+01 6.748021875306109507e+01 7.400302677622732972e+01 5.536644755274767959e+01 5.777379834566323780e+01 4.376336089082889913e+01 6.348968862410886516e+01 7.453111946535589993e+01 8.286750836173354173e+01 9.187148013190441986e+01 1.035168870237295238e+02 1.102795820059619416e+02 1.019970778966504099e+02 1.102795994198329481e+02 9.887652290044333370e+01 1.155968912135743238e+02 1.059935038491720718e+02 1.226431947976509775e+02 1.306931848931513400e+02 1.181876182049997794e+02 1.092164048510828280e+02 1.181876182049997794e+02 1.123728942207020935e+02 9.199938042368773949e+01 9.199938042368773949e+01 1.065359732649088471e+02 9.603237518585976318e+01 7.541274627793495711e+01 6.086758319667635675e+01 7.331284686074465640e+01 7.193835657262118843e+01 6.618102165780732093e+01 5.070218885385704510e+01 4.479531086074092627e+01 7.039870283130588291e+01 8.212948220830796231e+01
4.877751341300282206e+01 3.972066006830785057e+01 5.920284963217236651e+01 6.347171122646867047e+01 4.806223485057211064e+01 3.924115160318650908e+01 4.158202490671992280e+01 6.110269530786196412e+01 5.460686806017073991e+01 6.339839799419392818e+01 7.499155003010154985e+01 9.521191029420708674e+01 9.449628224628779094e+01 8.175562682154759386e+01 1.001948410521927855e+02 8.714548454354189744e+01 1.065997656140854417e+02 9.433434170227290849e+01 1.136911391262251101e+02 1.236937700761099137e+02 1.350936928840043834e+02 1.261237916426945418e+02 1.350936928840098403e+02 1.210725661061306369e+02 1.123728942207020935e+02 1.123728942207020793e+02 1.053308017002175916e+02 8.452038816622351192e+01 7.276718552126916961e+01 7.505306831583804694e+01 8.877671237901586210e+01 8.119473098533509869e+01 6.921832856656152444e+01 5.528613757245014426e+01 4.524462955084612048e+01 6.627961335354525829e+01 7.075710107640664148e+01
2.943164014877601886e+01 4.877749698386941191e+01 5.205807700247009251e+01 5.343760295943781813e+01 3.663651942289389751e+01 5.603182589631053645e+01 6.110269530786196412e+01 4.496064846626274658e+01 6.456899379722615606e+01 7.117993784738374075e+01 7.405928812623487545e+01 7.705009025248531884e+01 7.422475342743777560e+01 7.158673291906106328e+01 8.745508757257620402e+01 7.800528105293507508e+01 9.680274571450188148e+01 8.519795152856367793e+01 9.540206890755294467e+01 1.154569554941077740e+02 1.241541512538601637e+02 1.041519966051055377e+02 1.195120126559177720e+02 1.105159188267214745e+02 1.174737473192899131e+02 1.111466889219309024e+02 1.143419545612092918e+02 1.021673480849955098e+02 9.331590381244649279e+01 9.573556965331098922e+01 1.003592364526734571e+02 7.709551679191855555e+01 5.924243829092101521e+01 4.591621775286424167e+01 6.566727414623939296e+01 4.765647961481421646e+01 4.940884815832853150e+01
4.694731735517353854e+01 3.135333070355603979e+01 3.271948216168714652e+01 3.408571009495158677e+01 3.621587666865631405e+01 5.558307465016879689e+01 6.693392487639935950e+01 6.456899379255749238e+01 4.866897922538011301e+01 5.134392757148933839e+01 5.411056424883658167e+01 5.698717969538841999e+01 5.999371592691647948e+01 6.348169141074995991e+01 6.712877854989316972e+01 7.164961320972726355e+01 7.645687204891262923e+01 8.827376739615293388e+01 1.084535467656988601e+02 1.236937608103247186e+02 1.151378941028393541e+02 9.362492864170148721e+01 1.036387306984942427e+02 8.932416807929281788e+01 9.668157796008213722e+01 9.075197525542576216e+01 1.054095681939706850e+02 1.073349409280909583e+02 9.846350886111989098e+01 9.846350926390348945e+01 9.213710449233451527e+01 7.475164563738128720e+01 5.336292937478755505e+01 4.730843970704437140e+01 4.662251839109055851e+01 6.875917264925504924e+01 7.075709189402121524e+01
5.510476339283100344e+01 4.517943588345222139e+01 3.466361439871126038e+01 4.653369100601869945e+01 5.558303697151961131e+01 3.927695631750500382e+01 5.868043681359776542e+01 7.019022678559385042e+01 6.840234083043361579e+01 7.117993784738374075e+01 7.405928812623487545e+01 7.705009025248531884e+01 8.016214668681263333e+01 8.374402824814345081e+01 8.745508757257620402e+01 9.200717729401588940e+01 9.680274571450674159e+01 1.051001149379442126e+02 1.167085775766537665e+02 1.299294574798780388e+02 1.079383075329350135e+02 9.289808757471574552e+01 8.288776184440285988e+01 7.791404530121897665e+01 9.170823603820612391e+01 7.868212803165978642e+01 9.669343635809367754e+01 9.846350886112081469e+01 7.783001019404493093e+01 7.783001019416481370e+01 7.158237269435443295e+01 6.907382257665680925e+01 4.923866754407004720e+01 6.298029645086960215e+01 4.711970716310982255e+01 6.935854408708878793e+01 8.378040923117748662e+01
6.713566309580957636e+01 6.446874813963147233e+01 6.546245291762026852e+01 6.361723464975197828e+01 6.693232083517970921e+01 5.288403334109806053e+01 4.244879955781676983e+01 6.191347902732017872e+01 6.793409946599716420e+01 7.067630174755515782e+01 7.376955386486349653e+01 7.697791797934294777e+01 8.125184396069499826e+01 8.575366278675141984e+01 9.050727722552079513e+01 9.570722064227344106e+01 1.014904280460226005e+02 1.081077791279193434e+02 1.162154317650380051e+02 1.260082487048874356e+02 1.233977410837871105e+02 1.126151677983581578e+02 1.036387306898971445e+02 9.170823742603815276e+01 7.182884353254129906e+01 7.257444608097202376e+01 8.361273846629319451e+01 8.052206457727126576e+01 7.834308968774219295e+01 6.357671853144915985e+01 7.158237269098873412e+01 5.146842410887750674e+01 6.900398845140855997e+01 5.061967982785095899e+01 4.761433697451785463e+01 6.805393999464797616e+01 6.927511087993546823e+01
6.147819602456887367e+01 7.678734544581752175e+01 8.140610179441685545e+01 8.559662875849686259e+01 8.115846249923535538e+01 7.018947429390237858e+01 5.608703774599344172e+01 4.574591399724426566e+01 4.831618939817511205e+01 5.095930601120799253e+01 5.395624497123432661e+01 5.706032505210586692e+01 6.120535458812527452e+01 6.562091740456827438e+01 7.033939970621636917e+01 7.556792701358307340e+01 8.145681075858641407e+01 8.825572811488123648e+01 9.830993461301444825e+01 1.179056280281339326e+02 1.248620528783406911e+02 1.030821783893809709e+02 8.824852420537942521e+01 8.086138597043026266e+01 8.909400873670821852e+01 6.685409320167492808e+01 6.332906291572776070e+01 6.019471787507268346e+01 5.802767148016212673e+01 5.592055891458664973e+01 5.393200276674276239e+01 6.574651702382524832e+01 7.883453830465873580e+01 7.133941135749871876e+01 5.189997571640945040e+01 4.833257092591480841e+01 4.885554146671119469e+01
5.343589634652842335e+01 5.774316592817144311e+01 6.253822715878635563e+01 7.034337407069808989e+01 8.148378879033238320e+01 8.428650630836051505e+01 7.198745876496612084e+01 5.150224906533190961e+01 6.407279035920244326e+01 7.067630174755515782e+01 6.053374129429747796e+01 7.697791797934294777e+01 6.474942458727716144e+01 8.463337590908864172e+01 9.050727722552079513e+01 9.570722064227344106e+01 1.014904280460226005e+02 1.081077791279193434e+02 1.162154346416300967e+02 1.260085083189681683e+02 1.269766232196479478e+02 1.054309851370707634e+02 1.094219579060999337e+02 1.013487544018462359e+02 8.960643884621494237e+01 6.955496095845822424e+01 6.473730410543076630e+01 8.052206457714120802e+01 7.834308968838149667e+01 7.620198930869290166e+01 5.810219316528122846e+01 7.803450377236598001e+01 8.107940286183523426e+01 6.023321870542734757e+01 7.175237874684879102e+01 6.275778176512611140e+01 6.929452269680064092e+01
4.020430282299751923e+01 4.456604304759959234e+01 4.945464642207068806e+01 5.546863444686681532e+01 7.250394155594194956e+01 9.125215917739224381e+01 8.045840528969681316e+01 5.841713187206524793e+01 7.734420187042952932e+01 8.748589660062204132e+01 6.791294943675204365e+01 8.823837717763841226e+01 8.462781186689190349e+01 7.361828177733887912e+01 8.230912621032781828e+01 9.294587093735428596e+01 1.087601629174291560e+02 1.203166827389475344e+02 1.153036737425771747e+02 1.157206809590014984e+02 1.250674622817677033e+02 1.269766232196479478e+02 1.147079255641276916e+02 9.697812746380306237e+01 7.677868020967788709e+01 8.960631439059663705e+01 8.488233558220930774e+01 7.100179543100483670e+01 9.108410730201694605e+01 8.292973340490260625e+01 6.254528862098459996e+01 8.292973340490260625e+01 8.849201767621011072e+01 6.761821172678310177e+01 8.849200111902058552e+01 8.344177706033454456e+01 8.693167434441450325e+01
5.906610109612122983e+01 6.332100534177694584e+01 6.806449951088693240e+01 7.383101685943648818e+01 6.708644159552575559e+01 8.418296821219358606e+01 9.027872672079105598e+01 7.004484190027019963e+01 8.973302427616324906e+01 9.672386369031495690e+01 8.075641822407337145e+01 9.671842834509899944e+01 1.010196124874496064e+02 8.749806269442792939e+01 1.006683250415115793e+02 1.083458026594062744e+02 1.176881131127701394e+02 1.094981084103018958e+02 9.187396978509066514e+01 9.366298775064831261e+01 1.121048910036900139e+02 1.211002255703143931e+02 9.948525487694203662e+01 8.509500025891300368e+01 9.697812746380306237e+01 1.058104375143800695e+02 9.571109985780368845e+01 7.555708818100697499e+01 9.571109985780368845e+01 8.778535459547542530e+01 6.736837345122162901e+01 8.778535459547542530e+01 9.737634729038671821e+01 7.959100059552996242e+01 9.737634729038671821e+01 9.336050281184633093e+01 7.191137016812560034e+01
5.923005090941467188e+01 6.762769665929060636e+01 6.426081833060602833e+01 7.254494979490731055e+01 8.418296820876065567e+01 8.642673521861753727e+01 9.609540356177905096e+01 9.329616788021881746e+01 1.026442828507607743e+02 1.085510323745466081e+02 9.997732077317692756e+01 9.212672289288239824e+01 1.009306904426904481e+02 1.059858659767874087e+02 1.049889662752207897e+02 9.682813441577009428e+01 1.060487259249150043e+02 9.913144030603629631e+01 7.885383622727806596e+01 8.148488841864153187e+01 1.027842381709490525e+02 1.233679332279550209e+02 1.018329415821173569e+02 9.671852744621403986e+01 1.146938687261402521e+02 1.129739288081329107e+02 9.183136758550701018e+01 8.094919407938240852e+01 1.013846092590965782e+02 9.315560597554137701e+01 7.258307602953320270e+01 9.315560597554137701e+01 1.096464214895369764e+02 1.006815241238417968e+02 1.067804738766004959e+02 9.466823077935598008e+01 7.843387286231705957e+01
4.403991857412738398e+01 4.904781788015392152e+01 4.428519790521853849e+01 6.421665366634080385e+01 7.535079723746721925e+01 7.877556201697241534e+01 8.789828187656635805e+01 8.543832684083429285e+01 9.455738357427752305e+01 9.907050214408717181e+01 8.847515656619491153e+01 6.951545071904406825e+01 8.851305845605189404e+01 1.010744255708517585e+02 9.479668792331897009e+01 7.559050817730340555e+01 9.479740462941589385e+01 9.035535659583796075e+01 6.930779403412957151e+01 9.033977122369169876e+01 1.016008901679680747e+02 1.139314682084247181e+02 1.233789471315500208e+02 1.181229147637767340e+02 1.269737592595654547e+02 1.219697133929147697e+02 1.075879662365096436e+02 8.679205364010130097e+01 1.077014765198178168e+02 9.929851508309164387e+01 7.831394231870434908e+01 9.347680335872996693e+01 1.174049932273989327e+02 1.119215440501898229e+02 9.788296808523209336e+01 7.714374823341422882e+01 6.530900972244700142e+01
