LEM/sinusoidal_perturbations/elevation_000475.asc
nrows	100
cellsize	150.0
xllcorner	0
ncols	100
yllcorner	0
NODATA_value	-9999
[rows 34 to 50 of 100, columns 37 to 73 of 100]
2.605819398973752499e+01 4.573234699936946868e+01 4.417522277828394550e+01 6.320774947515304376e+01 4.945939037205256739e+01 5.178375231593422257e+01 5.423261334150998181e+01 5.423015597275997379e+01 6.838967178254519297e+01 6.838967188647966111e+01 7.583764923143320402e+01 9.378555679520266608e+01 1.040336697352311717e+02 9.825133075869486277e+01 7.847739750358682898e+01 6.693774420474997555e+01 7.745526177197254469e+01 7.741746147517466170e+01 9.570755506380130839e+01 1.036283180043003540e+02 8.985266065194471707e+01 7.005228336395654765e+01 6.941626799226631306e+01 5.805481061040893564e+01 3.877373076337412527e+01 4.388053632486325739e+01 3.645158741736373997e+01 3.701691728030721862e+01 3.758929786903978965e+01 3.815849294754836052e+01 5.760719861021275534e+01 5.271532559513794070e+01 7.260437116933151458e+01 6.595604827770279144e+01 6.445579212667476554e+01 8.443318932787265396e+01 9.664647669706475597e+01
4.580165773533975226e+01 2.806756900125566645e+01 4.770696417615354079e+01 5.193638431510454723e+01 3.583784191929848362e+01 3.823050963479018094e+01 4.070833628976362206e+01 4.322754535344561333e+01 4.889634273027623124e+01 5.613215340624257976e+01 6.597228415438661386e+01 7.997602475644247022e+01 9.952919015657717239e+01 1.063705259773796428e+02 9.498320396226483808e+01 7.847739750358682898e+01 9.498320396226483808e+01 9.703325561975617575e+01 9.784516077033994463e+01 8.395179940730953660e+01 8.408047284101088792e+01 6.424161702702102161e+01 5.034281932105432134e+01 4.187570414490316040e+01 5.805481061040836721e+01 6.027041235431057942e+01 4.378522666439461375e+01 3.992764296276610736e+01 5.670299755150831800e+01 5.768317854691009217e+01 3.899915332305820925e+01 5.845279326929048835e+01 6.309070057862113146e+01 5.138313234059801715e+01 6.595604827770279144e+01 8.590299573383781251e+01 1.046407650518206651e+02
5.580832233501804751e+01 4.773489507204541127e+01 3.012416422792835746e+01 3.248971561066124281e+01 5.193733030753691082e+01 4.777465155310419220e+01 5.995789549335641055e+01 6.251221199207517287e+01 4.737012862810620817e+01 6.680455977111263621e+01 7.955760149051369012e+01 9.054382148997066793e+01 9.054382148997068214e+01 1.100241279795193776e+02 1.063705259773796428e+02 9.825133075869486277e+01 1.020205612079014230e+02 9.390434753028272041e+01 8.642102593148250378e+01 6.986012290287591497e+01 7.651286230760058515e+01 6.471852832191945026e+01 4.518376751772854050e+01 5.289392676613982047e+01 6.941333776723686810e+01 6.932283959095539672e+01 6.072880298946676447e+01 5.765684755428129193e+01 4.377976353233614759e+01 6.159061113696979106e+01 5.852487326584152783e+01 3.983466808552776683e+01 4.351178759805241469e+01 6.309328565539112077e+01 7.999314030687483523e+01 8.726456364052592107e+01 9.565027608283469363e+01
5.292907850193935815e+01 3.942259537003535286e+01 4.969171501572222382e+01 3.283260274794085376e+01 5.226667571019336833e+01 6.146257774938666785e+01 7.532636111317368943e+01 6.680455977111263621e+01 6.680455977111263621e+01 5.180833766650349048e+01 7.142925413338919327e+01 7.085419530613870620e+01 8.915019454078452554e+01 9.793434781782052312e+01 1.091847375496722776e+02 1.077771066032157847e+02 8.815806257473940377e+01 7.410533959913902891e+01 6.652050990268621433e+01 5.985126491414366967e+01 6.831870112852543286e+01 4.859974255757742156e+01 6.471852832191945026e+01 7.263498479594987600e+01 8.080823611272111862e+01 8.735552992117675331e+01 7.744968648196353911e+01 6.448792153642213520e+01 4.639425331155145926e+01 6.448781333876516442e+01 6.750635455519419281e+01 5.932818379912079365e+01 4.066873106002535820e+01 6.022141417019055609e+01 7.277913871641229093e+01 6.695641593127629676e+01 8.723886350613915397e+01
5.855760830218090263e+01 4.891426615961017177e+01 5.409818704781473997e+01 3.474612745814610548e+01 5.409818704784067478e+01 6.963304678214178978e+01 8.919007716753129955e+01 8.645960347506652965e+01 7.955760148897562090e+01 6.308329474720840579e+01 5.685099028951906064e+01 6.123018516735560013e+01 7.015641614635509882e+01 8.162702329918836597e+01 1.011303080274035011e+02 1.135008360360274651e+02 9.390434753028272041e+01 9.072155186619774270e+01 8.256911496442488385e+01 7.225232421879611877e+01 5.238850130587473330e+01 6.831870112852543286e+01 6.101136723630898473e+01 8.089286329758566296e+01 9.324127587242044513e+01 7.315237001959796714e+01 5.933757364466667639e+01 5.039091420270486310e+01 5.631550638402595155e+01 7.266517644253755748e+01 7.218403706862889635e+01 5.423350838467622737e+01 4.125445513756474014e+01 6.082243154357043124e+01 5.258319803164051365e+01 7.188584163056603415e+01 7.562743848766129418e+01
6.395243924699763483e+01 6.659703536628488507e+01 5.594877641341330587e+01 3.665960204238551512e+01 4.200718056051870519e+01 6.147735585889455479e+01 7.951315391872246607e+01 8.951289902651986097e+01 9.092319191213638874e+01 8.283004667386407505e+01 6.674529472174701539e+01 8.105386224798382955e+01 6.937908944754795471e+01 8.086054255356889087e+01 1.003748611442528187e+02 1.109029863197765451e+02 9.956363741706087467e+01 8.256911496442488385e+01 6.262325585916109816e+01 5.729421720835887299e+01 6.643135491775865376e+01 8.044099747723159055e+01 7.509834709795231333e+01 8.905383525857116922e+01 8.948689277096973171e+01 7.469574769595435271e+01 5.521911467010867369e+01 6.918692397643090430e+01 7.565164824486831208e+01 8.394672316781725385e+01 7.421514043152636475e+01 6.295275477901363104e+01 4.336390935656700663e+01 4.210462538088204099e+01 6.171201993976995936e+01 5.882506044511308119e+01 6.747699007530272297e+01
7.167112538865050908e+01 4.929886775696678569e+01 3.952232702277878218e+01 5.567513092481298997e+01 6.140907209010156720e+01 5.113139727025641434e+01 6.021137233226706797e+01 7.569646114742209875e+01 9.755168490187331543e+01 9.457490734803829469e+01 8.649701187096280819e+01 9.457490734803829469e+01 7.644751799085071298e+01 9.603265600192014517e+01 1.084283692047183507e+02 1.027983111225391895e+02 8.312736749276821513e+01 7.160250781038506318e+01 8.207701435493281394e+01 6.212673090578565649e+01 8.207701435493279973e+01 9.445064003626455928e+01 9.488206289413110994e+01 9.769783046534666937e+01 8.115649654474766805e+01 6.124313120816394473e+01 6.623857595796656028e+01 8.300732893626683051e+01 8.930158125093343813e+01 7.782919074014928640e+01 6.624290601900757736e+01 4.643832002155239991e+01 6.297091600208970874e+01 5.710463304294088971e+01 4.294664612437279771e+01 4.353756359255844188e+01 6.286653466899537790e+01
7.092172696814887445e+01 6.607338951298476104e+01 5.877999054696304881e+01 4.245285714331124893e+01 6.166784863302397923e+01 7.129258770056554795e+01 7.942464584585886200e+01 8.755895550074018274e+01 9.344864237938303120e+01 9.149100393435493572e+01 9.868268021813446467e+01 1.040826288064930907e+02 9.603265600192014517e+01 9.035266524089504969e+01 1.097453667313408090e+02 1.053346855172717795e+02 8.568645223165498237e+01 9.144128652267691848e+01 7.285104646238667669e+01 8.207701435493282816e+01 7.370498054797543830e+01 9.351342521657910822e+01 1.036382869858499589e+02 8.345675950630113960e+01 6.925430793440308719e+01 7.109361814013672642e+01 8.624845913421336263e+01 9.457605814314480597e+01 8.115385669141650737e+01 6.120007924008108091e+01 4.972316846481550812e+01 6.624290601900740683e+01 7.347833442679431926e+01 6.213007319144542606e+01 6.260902591671412409e+01 6.293659446856788264e+01 4.436822865432598917e+01
8.034749465341857899e+01 6.230952650076423538e+01 4.893843070823508157e+01 4.477227893090562816e+01 6.401943008193823914e+01 7.067047460141712634e+01 7.048274570262078953e+01 7.153675434185585402e+01 8.162278076959334783e+01 7.218384509819792072e+01 7.965529326157262346e+01 9.076487043533342103e+01 1.094986095237738510e+02 1.097453667313408090e+02 1.178125923720909753e+02 1.134408226024805373e+02 1.053346855172717795e+02 1.007921101293041488e+02 8.283414964780044443e+01 1.007921101293041488e+02 8.520806167698715683e+01 1.016329103059256909e+02 1.010201695673209485e+02 8.083765967896815141e+01 8.345675950630113960e+01 8.530819144040890478e+01 9.954650870091077763e+01 9.806659728048704494e+01 8.405547989769770822e+01 7.213249593450993302e+01 5.218016065373090839e+01 6.359004879245654251e+01 8.276161771973488612e+01 8.178530865673529604e+01 7.231722076055285697e+01 5.231482430663510996e+01 6.415604961934029404e+01
6.647267186187106347e+01 5.655162885482136659e+01 6.830454734649579507e+01 6.045854909386694231e+01 4.809850826847453220e+01 5.121457599224383017e+01 5.450597452981454438e+01 5.802039260258256803e+01 6.279508833487044939e+01 8.280837364181529381e+01 9.868268021813446467e+01 1.065078444085736606e+02 1.173688898568925794e+02 1.182955814383098101e+02 1.266000615550772181e+02 1.251099334351697223e+02 1.168161608033508969e+02 1.106136448453814154e+02 1.025088177422156122e+02 1.106136448453918462e+02 1.048587627993272235e+02 1.129643796777376821e+02 9.732051503014118055e+01 1.010201695673216733e+02 1.036382869858503000e+02 1.054902343463412251e+02 1.021016118493601539e+02 8.812391136422233728e+01 7.004436251515431877e+01 5.589130328456665353e+01 7.213249593451010355e+01 7.980162324494388315e+01 9.081559258935041612e+01 9.734634809709645253e+01 7.864071947182719668e+01 5.864405826046831294e+01 6.613434729697003434e+01
7.610894626072746405e+01 6.543136597044433245e+01 8.263000581636920572e+01 6.952666971804012519e+01 5.177277295248054401e+01 7.067047460141712634e+01 7.406654453422150652e+01 7.767541429403010511e+01 6.735231319310182130e+01 7.532452135759768908e+01 8.652873256423904991e+01 1.052538946903165993e+02 1.150356330183450808e+02 9.827311247320291443e+01 1.150356330183450808e+02 1.168161608033508969e+02 9.687994097534240723e+01 1.027191245717403376e+02 1.109949372052560079e+02 1.068480699844131721e+02 1.151296151726704267e+02 1.257343806925485552e+02 1.174817444823473949e+02 1.148139290181954379e+02 1.061005315243714477e+02 9.804140816043586426e+01 9.105724179218299241e+01 7.414621087908452068e+01 5.993699133654358491e+01 7.587596630050357760e+01 7.004436251515431877e+01 8.995470324948063023e+01 1.031090337720162893e+02 8.350583097911008679e+01 6.940405141777131348e+01 7.864071854468025435e+01 6.687808022558357379e+01
9.250409943669239965e+01 7.677132568281059832e+01 8.753363538668901356e+01 6.800254093693402524e+01 6.147108287772281443e+01 5.837889091664131769e+01 7.804476680738213190e+01 9.346412895323345538e+01 7.437701257699229984e+01 9.346412895323345538e+01 1.022094016452416980e+02 1.130274630762208830e+02 1.067356035914643542e+02 8.670988205486499112e+01 1.067356035914643542e+02 1.215015793708292620e+02 1.027191245717403376e+02 8.286747339064784512e+01 9.279329898119412690e+01 8.697163015157028099e+01 1.068480675106368807e+02 1.176757265668130543e+02 1.204462421759020856e+02 1.010965667176730705e+02 8.725974677930882706e+01 7.828720256065622607e+01 7.110339306532817716e+01 6.470635226446827915e+01 6.752710284619571723e+01 7.996395266282362968e+01 8.995470324948063023e+01 9.806659728073493909e+01 1.088107194517763929e+02 8.924747614417721309e+01 8.924747614417675834e+01 7.896275669381239481e+01 6.762562502030168332e+01
1.033581077746007963e+02 9.560897753514640840e+01 9.523281259906229934e+01 8.061591238161510375e+01 8.093928860902555300e+01 6.722821217235683378e+01 6.722857425113950569e+01 8.679525039981413670e+01 9.346412895323345538e+01 8.802688916857793799e+01 1.065907869832232251e+02 1.133503129875983291e+02 9.334139596046769327e+01 7.968867560312416742e+01 9.965544184312298626e+01 1.132126928432966508e+02 9.329980127186964012e+01 8.189124365273390538e+01 7.305841877240844440e+01 9.279329898119412690e+01 1.061650593087351524e+02 9.773985566177293549e+01 1.118553430303387159e+02 1.148139290181954379e+02 1.019532109205346160e+02 8.231637836505856853e+01 7.066863634494495727e+01 8.474728078677918575e+01 7.664554296315368731e+01 9.574460907250575303e+01 1.078237943295436736e+02 1.051357838390445210e+02 9.710728240732920824e+01 9.706113812756505865e+01 8.329543973407413660e+01 7.062082965135697066e+01 5.064671848524472608e+01
9.646961152855679700e+01 8.955849687314814389e+01 9.305633008712307230e+01 9.896127270693961009e+01 9.467918739623263491e+01 7.866237065388703797e+01 7.715821143925768411e+01 8.117966995340147207e+01 1.003524608741410020e+02 1.065907869832232251e+02 1.142913078017037378e+02 1.080188238286806808e+02 9.334139596046769327e+01 7.350891024955318187e+01 9.334139596046769327e+01 1.080188238286806808e+02 1.031684283813373639e+02 8.769777435717995218e+01 6.803143477693149066e+01 8.769777403327690024e+01 8.630321974319780054e+01 8.373289637062629254e+01 9.773985377378160422e+01 1.176752694847721727e+02 1.100129377053246174e+02 9.522475671697691268e+01 7.533952951397232312e+01 9.261730788702328709e+01 8.848958888492647645e+01 1.047693162873679569e+02 1.084486808617554487e+02 8.880480250980599521e+01 7.702907878183636114e+01 8.620944868188669830e+01 6.908752549993178604e+01 5.444125168127207814e+01 7.062082906304335950e+01
8.452434982369256034e+01 6.845856860337644889e+01 7.301726115571965181e+01 9.305633008712307230e+01 1.057291564091844549e+02 9.787205844792180187e+01 8.842141941702814734e+01 1.003524608741410020e+02 1.082190073846361003e+02 1.029454412265319831e+02 1.112238295603860223e+02 9.972214486129819022e+01 7.980100633224090245e+01 6.853759371744445161e+01 7.980100633224090245e+01 9.972214486129819022e+01 9.490972751217705650e+01 7.515598043957015761e+01 6.386660304519197240e+01 8.330001616238440931e+01 7.239703329163927492e+01 9.212073556913189520e+01 1.045573335128505903e+02 1.145127728742881743e+02 1.111559046358495095e+02 9.164431292682955643e+01 8.146601591633660178e+01 9.504221744080496137e+01 1.083733301612493705e+02 1.165048644993777884e+02 1.164024943560028760e+02 1.051357838390445210e+02 8.644712632942666630e+01 6.587786125363022904e+01 5.913700795932527399e+01 7.507098295639771379e+01 8.330504732202230400e+01
6.732223382849257121e+01 5.609019358920970433e+01 7.080139036563798527e+01 9.092172117388568608e+01 9.785100705297165291e+01 1.058192101499796678e+02 1.073753412093898305e+02 1.152426014042372486e+02 9.974762697350307405e+01 8.311298903771449886e+01 9.974762697350307405e+01 9.978761911168606957e+01 8.402422416943288397e+01 6.444087966473138351e+01 8.402422416943288397e+01 9.454376674214046261e+01 8.414448814626007334e+01 7.593994951966651286e+01 6.000319551166789012e+01 6.366292134927449808e+01 6.854499656048074030e+01 7.651381961382641350e+01 8.635453814563256003e+01 1.062321060079316055e+02 1.192158102048478838e+02 1.011638888793887929e+02 8.856267722816689059e+01 1.080557203779896298e+02 1.224015993008844134e+02 1.162474177738730816e+02 1.074625826672571378e+02 9.932985837439795773e+01 8.582960843202980072e+01 6.529790267653174851e+01 7.990375188134821371e+01 8.817059001492448544e+01 8.385604150481971431e+01
4.675029279414008698e+01 6.732223382849257121e+01 7.958163430999205445e+01 8.538915016766659960e+01 7.814708123666393647e+01 9.219633930114770237e+01 1.115025826301388889e+02 1.063469011491405638e+02 9.149516961662779124e+01 7.182824536340166333e+01 9.149516961662779124e+01 9.150829820011280447e+01 7.176163219851471808e+01 6.056060708635940415e+01 8.010754555667418231e+01 8.056562996506015395e+01 6.659954299150017221e+01 5.623976818385346377e+01 7.593994951966651286e+01 8.330003005094256707e+01 8.821837458406288590e+01 7.831962511054132392e+01 9.811712405758451894e+01 1.145127728742881743e+02 1.286456017781517858e+02 1.160965692290803020e+02 9.839345635858902028e+01 1.160965692290803020e+02 1.193758772215331874e+02 9.991706335356111879e+01 8.844532190042208697e+01 7.930050868398615194e+01 7.195398636234254752e+01 8.582960843202980072e+01 9.403133867811121149e+01 9.833506588397274584e+01 7.849216903657440980e+01
