LEM/sinusoidal_perturbations/elevation_000732.asc
nrows	100
cellsize	150.0
xllcorner	0
ncols	100
yllcorner	0
NODATA_value	-9999
[rows 34 to 50 of 100, columns 0 to 36 of 100]
2.064481644892168701e-03 1.897720516111540690e+01 3.349762981642869164e+01 4.335443756348391275e+01 6.006588906317663401e+01 6.549753673125336206e+01 5.843922815140538773e+01 4.517276886748829412e+01 5.110672626357231252e+01 3.364152008854730980e+01 4.569251091096081296e+01 4.593530918373193828e+01 2.675277906703056274e+01 4.593530918264004725e+01 4.314788105590649536e+01 6.076162666149550518e+01 7.143451601888548907e+01 7.922675457422850798e+01 8.336081579623197513e+01 7.548065888617635721e+01 6.878015044497595909e+01 4.967843114519628500e+01 6.878015076082492385e+01 7.497005562036136439e+01 5.620150684394610607e+01 7.497005562036136439e+01 8.544029460733915471e+01 9.622400574774897564e+01 7.771799133733857445e+01 5.730520660556685897e+01 6.680689894073030644e+01 5.041502569775907716e+01 6.223905632330868798e+01 8.262343921045062700e+01 8.725587255210243143e+01 6.762818340159799391e+01 5.623134380184613690e+01
2.905961989428186391e-03 2.000290596198907167e+01 1.514178530004389067e+01 3.486941185951521760e+01 4.634970343849537500e+01 5.476434510632969932e+01 6.237021591444666768e+01 6.381770968953718892e+01 6.242796311595681402e+01 5.406552369333367380e+01 6.250752722667232320e+01 5.389392432113466214e+01 3.636008338731444667e+01 5.389393007870559416e+01 5.661164799312894047e+01 7.039490158040362644e+01 7.958057133101021918e+01 7.127614983821808892e+01 7.837478781462479560e+01 8.395288820585041378e+01 7.655351338692682361e+01 6.085773798748719798e+01 7.655349687654140212e+01 8.084657101936026891e+01 6.226350758356693404e+01 7.155932932045236328e+01 9.014604730724703074e+01 9.203545524558707314e+01 7.178750360775482875e+01 7.771799133733870235e+01 7.921838671431092394e+01 7.085452243567601727e+01 5.475335464760232895e+01 6.662175279501039427e+01 8.695948734573254058e+01 8.411006539064402432e+01 6.762818340159799391e+01
3.542675937824442140e-03 1.194529022280126584e+00 1.878829760910153723e+01 1.897642438409119947e+01 3.828900235373973970e+01 3.560031503711174850e+01 5.144144959219507030e+01 5.058541990814432410e+01 5.894148012867047015e+01 6.881745878440071351e+01 6.051553394199550695e+01 6.348425159745653445e+01 5.551064493921587939e+01 6.348532771795410667e+01 7.600125758510165497e+01 7.379297216206781229e+01 6.548849042367585582e+01 5.122710096151227788e+01 5.829086010206252411e+01 6.384073794286234005e+01 7.608647541011852411e+01 7.960263936131460127e+01 8.738608996816036267e+01 8.860915210731242553e+01 7.062013948175035694e+01 8.084664306796678090e+01 9.795861624267438117e+01 1.003112749899907499e+02 9.203545524558707314e+01 9.344881352049965528e+01 7.990497051485751001e+01 5.945598553994010871e+01 7.521749082816594978e+01 8.356135218833070155e+01 9.524794705915373072e+01 9.548088196323939769e+01 8.725587255210243143e+01
3.411803931810562015e-03 2.000080133991037457e+01 2.897186054594101723e+00 2.290527626211730094e+01 3.276822521138170430e+01 2.422370306894108793e+01 4.282006690647600777e+01 3.059384858165974919e+01 4.225502214645700150e+01 5.282135910646370291e+01 4.063820808588523903e+01 5.731440867328250022e+01 6.205060423228944444e+01 6.211059457289346852e+01 6.666819337148706381e+01 6.223049293718480612e+01 4.547078883300696361e+01 3.971447670366787719e+01 4.417176201257624513e+01 4.969127018086595626e+01 5.599010660736627898e+01 7.019203205174288485e+01 9.031693281061146195e+01 9.693256047806411857e+01 8.365361716602119202e+01 9.693256047806411857e+01 1.073495067081441761e+02 1.124547618800415876e+02 1.024645585540212807e+02 8.517405922368719473e+01 6.478640028384263871e+01 7.990995271914843556e+01 7.246987135720017648e+01 8.423857139125632898e+01 1.042881995151979453e+02 9.574502877020967162e+01 7.606492603450020340e+01
3.327314952832964925e-03 2.000332708039772456e+01 2.288788950240186182e+01 4.619136421657605851e+00 2.456241340598271350e+01 1.572219134816080732e+01 2.903072874152998395e+01 2.353618263895243601e+01 1.662454343533540069e+01 3.658821290495971112e+01 2.958382770016789465e+01 4.903889179385799935e+01 4.384287554320778213e+01 4.004453887017906055e+01 4.569955167080301095e+01 4.901211666389105659e+01 3.394958702222042035e+01 5.393126507047867335e+01 6.417330633621165248e+01 6.048785954101718687e+01 7.608647901330921570e+01 6.868684078730861131e+01 8.294421809163442560e+01 1.030038343639976830e+02 1.023227490302215585e+02 9.843795793856972409e+01 1.068081576396758834e+02 1.042202168237837157e+02 8.419819980980329888e+01 7.400600075776186770e+01 8.517405922368719473e+01 7.208938087849469412e+01 9.233030743730333256e+01 1.009782981283722307e+02 1.125270012637072625e+02 1.040025006717917364e+02 9.259703358641090176e+01
6.779948344387334673e-03 2.000677984397443510e+01 3.046312022900418981e+01 5.842843293647591807e+00 1.264027865726644606e+01 9.159321392406592821e+00 1.023567442376197612e+01 1.124442141350402657e+01 1.222332660338213550e+01 1.891807715815978952e+01 3.476321270148919496e+01 3.615316450449507357e+01 3.508517464480029702e+01 2.596895439523609994e+01 4.535630469219137240e+01 2.902532552465341453e+01 4.901211666389105659e+01 5.025481177997007620e+01 7.028960627641818348e+01 8.057166404900232237e+01 8.886498980102741996e+01 8.881950314030113702e+01 9.709864984229147922e+01 1.003819138588217470e+02 9.201560480185922586e+01 7.821982466646197452e+01 9.513703258534934548e+01 1.124547618800415876e+02 9.420920831679364937e+01 8.835546265192846249e+01 9.770823400570264994e+01 7.758587533552365301e+01 9.186942601867640690e+01 1.118043634360738849e+02 1.182576447715807291e+02 9.832887739215344425e+01 8.692724860114716989e+01
9.516927588586143695e-04 1.611737457407838292e+01 3.409976045256372146e+01 3.170511380082732344e+01 7.548744972915330642e+00 2.748027080505010034e+01 2.088731762099686762e+01 3.028247088870959658e+01 3.153688515292978067e+01 1.373463919115406817e+01 1.492270956162396267e+01 1.620176629897162712e+01 1.759477951630449510e+01 1.903517009933535320e+01 3.906816429051685446e+01 2.569036224357497034e+01 3.983217643067324332e+01 5.987039477650171904e+01 7.858958917164729030e+01 8.473433022119057512e+01 7.885760814939034447e+01 8.133811839087908879e+01 8.721115450662702528e+01 9.201683530737447825e+01 7.179385375155958116e+01 6.653382413859984013e+01 8.609191344014161018e+01 9.776778203504555620e+01 1.141648438897996840e+02 1.083414004915939586e+02 1.059509271729242954e+02 8.666940244621704892e+01 9.186942601867640690e+01 1.118043634360738849e+02 1.265845725638995560e+02 1.080293665549512667e+02 9.658509993227745838e+01
1.945935296826602993e-03 2.000194593529647236e+01 3.331002130107410864e+01 4.248216253238953044e+01 3.631115147483362904e+01 3.500782499453527663e+01 3.926736178820496548e+01 4.094415584675296316e+01 2.095907449813000767e+01 3.339094875673612961e+01 3.476321873056174638e+01 2.168061217836062937e+01 3.760059627599623155e+01 3.906816420186811456e+01 2.115853892292136251e+01 4.119510217002120100e+01 5.194622509413186862e+01 6.605943706860850284e+01 6.576600094220758308e+01 6.462435695252224832e+01 5.872874508092613155e+01 6.120151962867388562e+01 6.709937680598318366e+01 7.845799428787744034e+01 7.008575975005527425e+01 5.752591095034194524e+01 6.916788758082658717e+01 8.939613427769610610e+01 1.007865967346309191e+02 1.091505499071447787e+02 1.148681560200307246e+02 9.823726421937864473e+01 1.118043634360738849e+02 1.200324283271722976e+02 1.125355383632052906e+02 9.975225904528141996e+01 7.999675284903611328e+01
5.600688922766023682e-03 5.134594300672562284e+00 1.770291028513199905e+01 3.676623026841313191e+01 5.076330560146604398e+01 5.825488360776855501e+01 5.513456062293793991e+01 3.506696447723958698e+01 2.798742954003445860e+01 4.803115407724575192e+01 3.802373558005074727e+01 4.170767798752287092e+01 3.167897438849879066e+01 4.951091331798549078e+01 4.119510217002120100e+01 2.360360786554617363e+01 3.776260519944186456e+01 5.443693249724344696e+01 4.567174574016596011e+01 5.358249482800650298e+01 4.453486048952503040e+01 4.699898856156196558e+01 6.072293706195483765e+01 6.337402049438925644e+01 4.995042522746373237e+01 7.008576009878068191e+01 7.892540592364670715e+01 8.419879962139224006e+01 8.047077729250770517e+01 9.937915400108812491e+01 1.084463687784264181e+02 1.181155972775389387e+02 1.263417741559679826e+02 1.157366190235317305e+02 9.583148873378412702e+01 8.443471990008696082e+01 7.703237428617073590e+01
8.215197286175309616e-03 2.000821519728582132e+01 1.358759696296452546e+01 2.249300590382704002e+01 3.402746689719652551e+01 5.402511267482650936e+01 6.344727888569133967e+01 5.513456062293793991e+01 3.693332630727250887e+01 5.634701933255912820e+01 5.220992600478987100e+01 6.005781562040834842e+01 4.324223555456747192e+01 4.804716327346451976e+01 5.195964196057349227e+01 4.364296211247586399e+01 2.610488171517783940e+01 4.614799589597614471e+01 3.150452904023376277e+01 3.352684658674453289e+01 3.558132476989305104e+01 3.804641013262557436e+01 4.063134602777996207e+01 4.328228499116316641e+01 6.337402105084514403e+01 7.193665742177792310e+01 5.854987774588892790e+01 6.377503369575383374e+01 7.058486699716763724e+01 7.977331804810050642e+01 9.418993208113938920e+01 1.143442910792821721e+02 1.210325861105246048e+02 1.240596279351325393e+02 1.125355383632052906e+02 1.042443866907781995e+02 8.837055218259392575e+01
2.613274238814250559e-03 2.000261327423845970e+01 3.354124959654698301e+01 2.768610545325564232e+01 4.767681799692979894e+01 6.230932639091633263e+01 7.155018026972618372e+01 6.532537275261671539e+01 5.111711510436247607e+01 6.532537275261671539e+01 7.231764977402926320e+01 7.165885058837818633e+01 6.333960049944982984e+01 6.225972419791703771e+01 6.036171159261911612e+01 4.026781394312631335e+01 4.592319587418066362e+01 2.868807092320643548e+01 4.873503267490831803e+01 5.358238723269541737e+01 5.564009291709528782e+01 4.161729815714458880e+01 6.061907234414549350e+01 6.335798824354584013e+01 4.806317175805156694e+01 5.165519380693341844e+01 7.193665742177792310e+01 8.419879962139224006e+01 9.100576593350450594e+01 9.937915400108812491e+01 1.084463687784264181e+02 1.151544237551902654e+02 1.009439255467207062e+02 1.068277580009040690e+02 1.269159516228223481e+02 1.165153391018229172e+02 1.082131869305940484e+02
7.532853315450405325e-03 1.414966847704652508e+01 3.414966847704722852e+01 4.767681799692979894e+01 5.596079831365460677e+01 5.879923928506062225e+01 5.138917235875954503e+01 6.568591809858753550e+01 7.123492549212879510e+01 6.884290446995807145e+01 6.054305203249381151e+01 6.314342357250926341e+01 7.144306492911159978e+01 8.237557049824062005e+01 6.868799180575612695e+01 6.035284391162404205e+01 5.686752033638293113e+01 4.873568627324364400e+01 3.599762703642389283e+01 5.606222980015367341e+01 6.605356859658917301e+01 4.598394617762310332e+01 6.603583979137675897e+01 7.635459266213683804e+01 6.358695716568247036e+01 6.473494310410167429e+01 6.127616997273771915e+01 7.180138070600690980e+01 8.670650515298891037e+01 1.069705712911951991e+02 1.193233281068067555e+02 9.918592060657971388e+01 8.660935669592787178e+01 1.068277580009040548e+02 1.178960759392902702e+02 1.240321015119936021e+02 1.157228157802052948e+02
6.101047412966256744e-03 2.000610104741260997e+01 2.895111391952382007e+01 4.895111391952524116e+01 5.287633874881210261e+01 3.855741179172307653e+01 3.704282790931208069e+01 5.729419486032599451e+01 5.748763597452929730e+01 5.727107587947865852e+01 4.049782903233367648e+01 4.309908682984580963e+01 6.314342357250926341e+01 6.535554795158505215e+01 6.535554853505885831e+01 7.365909532511069813e+01 7.028198799378463946e+01 5.017221288146539848e+01 5.606222972284820827e+01 4.601167775145960803e+01 6.611278190739230354e+01 6.605356860349849057e+01 5.285056847075131969e+01 7.270257094123265063e+01 8.556559849621528713e+01 8.222382463348517945e+01 7.337517622033864484e+01 9.064915448192189729e+01 1.009573442483208510e+02 1.078639810298218862e+02 1.161988025259719279e+02 9.918592060657971388e+01 7.886492528514189360e+01 8.935000251078297140e+01 1.095616557433085489e+02 1.124323441223279190e+02 9.561861476723410647e+01
6.842009524227352091e-03 8.951113919523463025e+00 2.309324954325466450e+01 4.309324954325536794e+01 4.448610580091334299e+01 2.396141754323720363e+01 4.422900181481177384e+01 4.374974560761216935e+01 3.788759856821221916e+01 4.896993713738532961e+01 2.887634899839918745e+01 4.896993713738532961e+01 5.533038969961283016e+01 4.530525193401785344e+01 4.530525193442922927e+01 6.535554853505885831e+01 7.859185199776025854e+01 7.028198799378463946e+01 7.442912945761842991e+01 5.604501111343626008e+01 7.442915317022111310e+01 8.117857135152810599e+01 6.445206795159759849e+01 6.141201777309886722e+01 7.563235567112488411e+01 9.553287875365252546e+01 9.380971054682295573e+01 1.020547578838162366e+02 1.045424439875211959e+02 8.764667184783377252e+01 1.045424439875211959e+02 9.305890998405453729e+01 7.268349395855787520e+01 8.713441031474140175e+01 1.073619174359851201e+02 1.041156499135240097e+02 8.387437653361678258e+01
1.934550753332892102e-03 2.000193455075297777e+01 3.486567455410239802e+01 4.319219262179317553e+01 3.814004017808493074e+01 1.764706193852686766e+01 2.749907370366909021e+01 1.998639885820701778e+01 2.917637345629211154e+01 3.518998126760323686e+01 2.271234097436260413e+01 3.909138533007960348e+01 3.525694650283219289e+01 3.109480212565729573e+01 5.117784781695825558e+01 7.063612896612504244e+01 7.894564379754837091e+01 8.258924105294198625e+01 8.448377432956360167e+01 7.618055270150392744e+01 8.448377432956696964e+01 9.271815416425295098e+01 8.450030604939421153e+01 7.560809672695181405e+01 7.303513357261464023e+01 8.461551452039753940e+01 1.043851512618667527e+02 1.104738158868056814e+02 9.027558821385304100e+01 7.586243607099605413e+01 8.602697410115358423e+01 8.211022169008168703e+01 6.787188275917299052e+01 8.231743819601361167e+01 1.025942482853415356e+02 9.646516768745165393e+01 7.613401609182972152e+01
4.364784840791047053e-03 2.000436478484043690e+01 1.458102926592204795e+01 2.463830290522341215e+01 2.613610776492628673e+01 2.766122900697899212e+01 9.555243240176341857e+00 1.121771441768673405e+01 1.292704735006819661e+01 1.480599349081086302e+01 1.672800920893418919e+01 1.879270372796825228e+01 2.090308178079583712e+01 4.113632490629216676e+01 5.253641373731210251e+01 5.057825100536412322e+01 6.250492631493597884e+01 6.250305478471268827e+01 8.076303731904482675e+01 8.163582332540300968e+01 8.999927974671570041e+01 9.509925102290468146e+01 9.366447393969197321e+01 9.526496510626608938e+01 9.297114616454230429e+01 1.011307723187027108e+02 1.125246147936374257e+02 1.120295869662022312e+02 9.184273413554234367e+01 7.744122430090685327e+01 6.566001703316750593e+01 6.175109469845366306e+01 8.211022169008168703e+01 9.662640962728865190e+01 1.040044749893687026e+02 8.375808757703511276e+01 6.931765165169447585e+01
5.219006137575642711e-03 1.444850538482489011e+00 2.888228191733417827e+00 4.350798687492218875e+00 5.825389736729436052e+00 7.325238535437282650e+00 2.763886181496037509e+01 3.157667003495132363e+01 1.754426309641721105e+01 3.518998126760295264e+01 3.708049961519792959e+01 3.320625314552484753e+01 4.113632490629220229e+01 2.408264997356128490e+01 3.419822025149328226e+01 4.994914207922490590e+01 4.242259875258995550e+01 5.245859297515713848e+01 6.737424253840214305e+01 6.147032074249863598e+01 8.163572636335342736e+01 7.487069061730265673e+01 7.280041449360281547e+01 8.713751707094561993e+01 9.622908742834681561e+01 1.080007363222681960e+02 1.124701688754747977e+02 1.007980763767876482e+02 9.243923319405395489e+01 8.565515172859336701e+01 7.803839629175607229e+01 5.771927147879438280e+01 7.803839629175607229e+01 9.760969176537606984e+01 8.816625687250422061e+01 7.978575889164353896e+01 6.477091209599838351e+01
