LEM/sinusoidal_perturbations/elevation_000527.asc
nrows	100
cellsize	150.0
xllcorner	0
ncols	100
yllcorner	0
NODATA_value	-9999
[rows 51 to 67 of 100, columns 37 to 73 of 100]
4.217587197493492823e+01 4.276849863612712710e+01 6.269792484839452840e+01 6.262949171372913071e+01 7.370086934700184145e+01 9.289630861516815230e+01 1.000360836657012555e+02 8.011050191311338153e+01 6.582650048150352973e+01 8.594656968935939290e+01 1.012388970408209445e+02 1.008985959228691485e+02 8.936584013409715510e+01 7.522354944137401844e+01 5.446260897760749486e+01 7.522354921695040275e+01 7.057170159980849178e+01 5.016490560716033542e+01 6.313071559931577070e+01 8.289263612566932693e+01 9.069196429370470014e+01 8.486880478744224376e+01 1.047503149567972258e+02 1.169035446676013947e+02 1.085525585687041428e+02 9.971888754871440597e+01 8.082503126972311236e+01 7.945145210981476680e+01 9.348773853296262359e+01 1.133508179140031302e+02 1.227536333143996501e+02 1.290348834476694435e+02 1.207103617154922546e+02 1.207103888809633503e+02 1.106833700557006495e+02 1.023807106702603562e+02 9.916435765563282700e+01
3.797176865923319156e+01 4.393621630947180989e+01 5.017061899382592571e+01 6.157278280219858146e+01 8.075604686019983092e+01 9.494101552904675145e+01 8.365917002427548255e+01 7.557571273526104960e+01 6.110682171154129350e+01 7.299337860396703093e+01 9.299624675463627455e+01 9.728602645169165442e+01 7.727140403034998428e+01 6.275559262567337271e+01 5.036666451132735034e+01 7.073039779202943578e+01 6.260641185596568903e+01 4.776686236462715129e+01 6.919214955760338626e+01 9.096393273745096053e+01 1.042049608220809915e+02 1.047503149567972258e+02 1.129874947968135359e+02 1.085530329217303063e+02 8.858103643573161889e+01 9.180192210750145421e+01 7.192975956580893637e+01 8.598507085062226452e+01 1.058450406802443382e+02 9.443718046227959917e+01 1.077129946523550075e+02 1.160108875883352226e+02 1.271542774035768275e+02 1.386272938651614766e+02 1.271984156110013942e+02 1.189969303867488577e+02 1.037279504338203537e+02
4.080480092103117329e+01 6.078572315427273054e+01 6.968058419237712542e+01 7.765474350741764908e+01 8.874965520671661068e+01 8.695305631457847539e+01 6.704250609800520522e+01 5.488496318280340347e+01 7.557571273526104960e+01 8.575910419253060013e+01 9.401711691072084420e+01 8.792006502363960863e+01 7.964511649973259466e+01 6.775607349245670719e+01 4.661226557888622324e+01 6.275702273605313763e+01 4.449236233868998625e+01 6.569529733447262743e+01 7.777797617277106212e+01 7.621700375000787631e+01 9.601586227816443397e+01 1.083047283969230392e+02 1.129509574427202381e+02 1.084918362572677637e+02 8.857817395742475242e+01 7.449982587407315293e+01 6.781012342005753624e+01 8.677692426475306320e+01 9.155299943758201664e+01 8.012075461621198258e+01 8.731587601081982086e+01 9.779380192715218811e+01 1.187752422102883969e+02 1.304231185827335651e+02 1.106323801427529929e+02 9.919385578485432120e+01 9.166637856130412843e+01
6.078571011999000007e+01 5.102140236075822344e+01 6.242115351936191558e+01 8.165431477759643997e+01 9.653819190329805622e+01 8.491691356956198433e+01 7.185305463527522818e+01 5.095486419161868952e+01 7.140469046858270019e+01 6.545889762420897284e+01 8.575910419253060013e+01 7.964511649973259466e+01 5.981089955683568604e+01 6.562020719988507267e+01 6.024933557504304815e+01 4.154682235813358204e+01 6.275779261895402072e+01 5.304791090804226172e+01 5.957300677330758987e+01 6.887036484123085245e+01 8.040426756409863174e+01 1.001102706569998730e+02 9.308892094223944014e+01 9.308892094223942593e+01 9.782344931100033136e+01 7.793481436364341164e+01 6.370779094578096391e+01 6.671113356764324465e+01 7.150491165242384284e+01 8.310459693919214885e+01 1.030937325711654324e+02 1.160107456557761623e+02 1.268469324702025176e+02 1.363409214584143569e+02 1.271984156110013942e+02 1.115120717192717876e+02 1.031441081843719729e+02
7.164452789114615427e+01 6.242115351936191558e+01 7.853507471595980860e+01 8.965203589269601991e+01 8.828741649170308392e+01 6.811777208972522146e+01 5.600610661347229069e+01 4.716950681870957141e+01 5.051552684434488327e+01 7.140469046858270019e+01 7.995762072550105870e+01 7.861642073326584068e+01 6.541256349138524229e+01 4.528948430901624533e+01 3.910113950155024298e+01 4.716022929877761527e+01 6.820104164941216141e+01 7.377921021762658427e+01 7.985013248184800716e+01 8.804610627249340382e+01 9.691441295876859385e+01 1.030199391924798533e+02 8.312416596918893674e+01 7.315941099613834808e+01 8.489107282459427495e+01 7.664023190977054867e+01 6.017203842187315388e+01 8.037070958709794866e+01 9.155299945564732411e+01 9.980389565422197506e+01 1.113247543611760193e+02 1.145543041635639554e+02 1.104576479859639875e+02 1.284818062397724248e+02 1.395147923076369239e+02 1.311453293663919055e+02 1.229429224858864274e+02
8.282847870572500426e+01 8.165431477759643997e+01 8.965203589269616202e+01 9.118864516610588566e+01 8.295064524831991548e+01 8.493560410014168838e+01 7.546505026564472018e+01 5.475713311236397374e+01 4.239272809166773470e+01 5.936802263981797267e+01 5.936796591049920124e+01 6.400225338257209273e+01 4.939557836972703342e+01 3.680186536812150422e+01 5.782534211632850685e+01 6.820231033532503773e+01 6.221921929428815901e+01 8.264793651530112584e+01 9.193192897922696716e+01 8.381124355209557564e+01 9.193322453453856724e+01 9.804757580695412855e+01 8.312416292563634101e+01 6.298555594684285808e+01 7.305491048494212691e+01 5.625773957461612440e+01 7.078667690788645928e+01 8.037070953852978050e+01 1.002803739210193754e+02 1.080831366396634508e+02 1.145543103911782055e+02 9.592178376391534300e+01 1.071629267777087477e+02 1.262048110358985866e+02 1.255589934901419298e+02 1.338162428531002490e+02 1.329373561687041558e+02
7.291389978512313519e+01 7.715487456820001455e+01 8.544669053859462338e+01 7.965913476643770252e+01 6.294722770280667135e+01 7.965913476643770252e+01 8.377408747673450762e+01 7.192796785034556706e+01 5.936802232141638314e+01 3.835040679258205643e+01 5.546514377687900321e+01 5.550206785168843027e+01 3.466671415697719993e+01 5.550368743571176822e+01 5.401728797369914759e+01 7.476923891696270630e+01 8.264825198695045572e+01 9.092649237441459320e+01 8.195668419594295528e+01 6.371719633763459001e+01 8.195668419594295528e+01 8.908780259713628880e+01 6.973122080810705370e+01 6.973005695263701398e+01 5.248144063511821855e+01 7.305491048494212691e+01 8.489106777755586108e+01 9.899542760123055984e+01 1.025120870063364293e+02 8.896362497459838892e+01 9.921958085873156108e+01 8.823290341708296580e+01 1.016060903253174956e+02 1.205783167049606845e+02 1.056281931552850892e+02 1.223085197524568031e+02 1.129800513987898825e+02
6.464015323865397988e+01 5.710543921965561509e+01 7.387642313803101501e+01 7.140166674257017121e+01 5.123152437670501769e+01 7.140166659079568490e+01 7.271770857047187064e+01 8.100694837877067300e+01 6.783216961833420555e+01 5.546514771630011609e+01 3.466985715925842726e+01 5.169971170562323692e+01 3.321767045161685417e+01 4.779800853355236256e+01 6.865042587554377462e+01 8.310261174664594819e+01 8.123351415683703181e+01 7.294170341057210294e+01 7.375935930468246227e+01 5.325399135428041575e+01 7.376318283674770271e+01 7.483317388745386722e+01 6.056336853784922880e+01 4.900082562684664111e+01 6.973146301565191152e+01 8.132644061535225433e+01 9.289877182856896809e+01 8.490530466333441950e+01 8.868251654140425444e+01 7.534332176945710557e+01 8.006022493391135697e+01 9.362654152876808666e+01 1.127223722640154193e+02 1.140519405516475615e+02 9.416863901678105719e+01 1.025723110581138542e+02 9.892078347516743975e+01
5.404202264586383819e+01 4.559612918386090286e+01 6.557932767261789309e+01 6.427044448031399781e+01 4.400520470279299445e+01 6.427044447897741009e+01 5.253808826999714654e+01 6.402013322673002449e+01 5.639345709978196908e+01 5.413667711071981614e+01 4.981824625615592339e+01 3.117469322799363596e+01 3.509206224829259924e+01 6.051460381218656437e+01 7.057421243791316101e+01 7.819363807395799881e+01 7.233551459845043041e+01 5.264557197851802073e+01 5.804195415107720635e+01 4.617209927066985387e+01 6.666675349718337884e+01 6.337612104050707984e+01 4.566596950676890998e+01 6.650655025495458972e+01 7.802902415739960418e+01 8.783014918394037807e+01 7.979592616807885008e+01 6.530600502624001535e+01 6.926342712715157290e+01 8.868251654140425444e+01 9.632785845567143213e+01 1.060405539575324667e+02 1.085101496278160340e+02 1.137203034574808385e+02 1.025723110581138542e+02 8.276493341667955406e+01 9.448590314484394526e+01
3.430639236065267283e+01 5.404202264586433557e+01 7.241393400016296766e+01 5.225617352548628958e+01 3.790091614196728642e+01 5.050293836637656852e+01 4.101715351193654868e+01 4.418492349218174553e+01 4.077266588591856333e+01 2.870479214710842086e+01 2.939673160119328443e+01 4.981824565930661208e+01 5.169016271995182876e+01 5.741676492632564077e+01 5.306289181300189028e+01 7.057355695427948206e+01 6.409176001730320138e+01 4.808731394259546477e+01 3.725785950477038710e+01 5.791965348562806781e+01 5.711291172085684309e+01 4.248154319544335777e+01 6.337493035431194244e+01 7.480796646408755635e+01 8.308297989404785255e+01 7.499898277309820571e+01 5.989455235951432144e+01 7.979592616807885008e+01 8.825532374269889146e+01 9.665093759937960272e+01 8.956704352850648831e+01 9.470493653251401156e+01 8.994330845774618410e+01 9.537057244063375094e+01 9.761536319946453943e+01 9.448590314460032857e+01 7.472461669431595510e+01
5.076504695606767115e+01 6.227746030082523276e+01 6.985842789634115491e+01 6.099219933353337808e+01 5.013582736813550866e+01 3.036951557031557059e+01 4.104324420459553124e+01 2.708368119606719659e+01 2.771916043613568092e+01 3.661812450565848565e+01 4.898774712047607949e+01 3.054610256745233698e+01 3.135269203129751858e+01 4.004504798681901434e+01 5.359093938608566532e+01 5.462209253826247846e+01 5.549815150674923103e+01 3.605868943377103619e+01 5.677046018692924889e+01 3.850990271041507640e+01 3.940887783429079860e+01 6.029542579553365300e+01 6.243001776240991774e+01 7.101093224152100447e+01 7.499898276941689801e+01 5.475440173480168227e+01 7.499898277309820571e+01 8.783014918394037807e+01 9.376941535131184935e+01 8.278362842481868711e+01 6.957317173312684133e+01 7.528712559066815402e+01 7.623225615284430035e+01 9.145746453175473789e+01 7.775721179695058538e+01 8.531597356300420643e+01 7.082493181066469390e+01
4.139129960207137060e+01 4.120349903132562730e+01 5.171320824270114258e+01 4.426714912499075893e+01 3.639173708559367526e+01 2.554753388835081296e+01 2.618419236532858463e+01 4.622245715438648261e+01 4.774147659253671350e+01 2.977045071729830639e+01 4.938811598003380965e+01 4.519465700902284766e+01 5.132316262695467657e+01 3.249060895920031555e+01 3.495914591032222063e+01 3.428506933589666517e+01 3.494541468910349380e+01 5.549815162528583556e+01 6.518708631696992484e+01 5.343250832413006179e+01 6.001279837969565989e+01 4.084898778708486589e+01 4.188488292673931568e+01 6.279962331606581927e+01 6.732901193067651491e+01 5.130149483764257212e+01 6.597109264832670306e+01 8.578525945955520626e+01 8.096300776509636421e+01 6.667266022410184689e+01 5.500468026373574304e+01 6.356638798233039722e+01 7.935063937268427026e+01 8.109197828039800982e+01 6.361584233898720697e+01 6.543936525088939504e+01 8.531556072159898463e+01
2.176838444455964350e+01 2.229379121316444667e+01 4.240592044424007412e+01 4.370491173173360977e+01 2.465080220997272775e+01 4.471869173143583254e+01 3.987482758367486468e+01 5.404288887702038124e+01 5.177596254463088599e+01 3.235105681355199891e+01 3.219509178770103830e+01 5.140629787961561448e+01 5.999490635964023255e+01 5.459106973616237468e+01 3.342758439068394694e+01 5.452522084356117915e+01 3.901055346736332297e+01 5.909961991439049456e+01 7.486950351053451413e+01 7.463020820909054009e+01 6.172758944172328910e+01 6.175986755795671712e+01 6.279655084063087145e+01 4.337690876522593442e+01 4.659651537482056227e+01 6.696581437923475733e+01 6.816680778707311106e+01 6.931573988683054210e+01 7.089885891077412339e+01 5.257985042830590316e+01 7.314296380349368576e+01 5.750690663419414506e+01 5.927849237289284190e+01 6.104779071050192840e+01 8.109190848194084822e+01 8.531596323498051504e+01 6.837670014673905428e+01
3.018694954149366438e+01 4.135436669548818855e+01 2.312624043260450435e+01 2.374830027247807607e+01 4.321825871449368606e+01 4.469295337679425728e+01 5.842871791620699895e+01 5.557482460148269610e+01 3.608136875047862446e+01 5.178903153949298854e+01 3.390857496203503985e+01 5.312393104716691283e+01 6.360928407857370104e+01 7.319221198846157961e+01 6.457230900034861065e+01 5.853866382596272899e+01 5.909961991439049456e+01 4.560021782511302035e+01 6.648268807531218272e+01 8.365149639797607506e+01 8.191116800188630975e+01 7.179295491426937303e+01 5.119460072718706556e+01 6.427881162882449928e+01 4.501104201178996078e+01 4.617831609619258160e+01 4.735708404383665027e+01 4.854614561686124574e+01 5.020126053223983575e+01 7.089885891077412339e+01 8.028819644794558030e+01 7.209663595817048076e+01 7.720762832860322078e+01 6.759456356808939859e+01 7.766216567917720681e+01 9.276383276338583528e+01 8.818710641358488544e+01
3.886774825987859572e+01 5.012509506724116903e+01 4.242408479351029627e+01 2.732479570292839810e+01 3.558460679271373550e+01 5.564055859229563339e+01 7.302615671762349336e+01 5.830910666734961723e+01 3.878473756523167992e+01 5.830910666709358026e+01 5.312393104436689129e+01 3.635923772906304663e+01 5.558562378632500867e+01 5.992176483889748084e+01 6.799902302134967158e+01 7.963801147267119518e+01 7.486950351239407553e+01 6.648268807531218272e+01 5.452492105552833124e+01 6.947366140349409136e+01 8.961132764654186644e+01 7.742036036362546270e+01 5.710771311004343431e+01 7.443721982343542720e+01 6.125131048388107047e+01 6.058802925005908691e+01 6.816705313825130474e+01 5.665847790090552394e+01 5.107702320062623613e+01 6.320632649840046469e+01 8.324873683186091000e+01 9.329476058777683534e+01 9.343335219196968922e+01 9.061249032794073344e+01 7.913214297476937986e+01 9.893223271555771703e+01 9.859200799426105277e+01
5.074126265250507117e+01 6.240006623213803749e+01 4.344070766192781718e+01 3.088905575061326658e+01 5.083113628960719410e+01 5.190172650237392560e+01 7.228580364315682516e+01 6.112782638727895090e+01 4.159906151126998708e+01 6.112782638727895090e+01 6.357957110955319280e+01 5.544804545962978182e+01 3.887666854688427520e+01 4.071533118319606359e+01 5.992176500248680782e+01 7.064579981795333197e+01 8.439952284328957433e+01 8.365149641600207531e+01 6.947366140349409136e+01 6.947366140349409136e+01 8.961132764653478944e+01 8.346573406671598150e+01 6.341549777608327076e+01 8.346573406671598150e+01 8.433575292309680549e+01 7.979093332241990311e+01 6.856666731889596633e+01 7.339073151099042036e+01 5.290041994692532512e+01 7.339072931148280077e+01 9.145827752521196885e+01 1.007572759180943365e+02 1.089665420118482189e+02 1.081229971692089435e+02 9.964800169381065587e+01 1.081230005472967406e+02 1.068463498428788228e+02
6.823566228486008356e+01 7.255020064665590951e+01 5.536214303906445622e+01 3.489202836855363188e+01 5.536214303906484702e+01 7.228580364323232743e+01 7.087076760700537648e+01 5.137895641008457659e+01 6.112782622986345160e+01 4.623420286618778619e+01 6.572074962466149373e+01 6.604013852113060068e+01 4.848868018458407647e+01 5.992176504037194462e+01 4.339286552495678251e+01 5.689035015248160931e+01 7.336803387294158085e+01 8.308282721437346652e+01 8.961132764654911398e+01 8.961132764653478944e+01 9.782933142851015873e+01 9.048879272209869384e+01 7.062458312253083648e+01 9.048879272209869384e+01 1.025662654559401545e+02 8.272318843710711178e+01 8.853509110410146832e+01 7.511197568969951988e+01 5.474592950812724013e+01 7.511197603925531041e+01 8.610992221961899418e+01 8.097970872981417756e+01 1.007572759180943365e+02 1.057716297041332325e+02 1.086042035073910625e+02 1.086020450946260070e+02 1.167847995549776385e+02
