LEM/sinusoidal_perturbations/elevation_000936.asc
nrows	100
cellsize	150.0
xllcorner	0
ncols	100
yllcorner	0
NODATA_value	-9999
[rows 34 to 50 of 100, columns 37 to 73 of 100]
8.370332122946669529e+01 6.853126844662943995e+01 4.897118909548980525e+01 4.276007843688386600e+01 5.466718131080573784e+01 5.502822535308972363e+01 4.583191463015477041e+01 2.531601792961856745e+01 4.654210713858545034e+01 5.722412624521820845e+01 6.081887281542326207e+01 5.534913239933921147e+01 4.469791840975594255e+01 2.443303440296787343e+01 4.471816040779662416e+01 4.418061505054251370e+01 2.762994116738795825e+01 2.883576248399228348e+01 4.114875933622289494e+01 5.812570588077920775e+01 7.385895652379853971e+01 8.278630054934002658e+01 7.694455121600677217e+01 6.679718980587534816e+01 5.653166137086829224e+01 3.820710172740478328e+01 3.590333996206262412e+01 5.439987255526718002e+01 5.546646347887476480e+01 3.924684879476686206e+01 5.692232699393013462e+01 6.730419864346832526e+01 7.261775259075407973e+01 6.663562746821409633e+01 8.705988019610855133e+01 8.865072686372492683e+01 8.883112837644570448e+01
8.122055161356622932e+01 6.131769721055382405e+01 6.852423008778669100e+01 5.372336866183899673e+01 6.987814586152006768e+01 7.333196169227387884e+01 5.496575256712657875e+01 4.653795919410975301e+01 2.743830457012147050e+01 4.270511253635470439e+01 6.351200336094051835e+01 4.888454903905247306e+01 2.773481183010625983e+01 2.479236174804417558e+01 4.509712783502411781e+01 2.623359473754316085e+01 4.653177842643297879e+01 4.337623645769046732e+01 5.668609881077361479e+01 6.853156975122207939e+01 8.188454437395296281e+01 6.069554328588890968e+01 6.297230020890227564e+01 4.896460598857532887e+01 3.990218342751759906e+01 3.113298460290884861e+01 3.159299803482263869e+01 4.755407639633776284e+01 4.391247562258148918e+01 5.295122563030265894e+01 3.394781949694083067e+01 4.304201401066437427e+01 5.167178116755574280e+01 7.251476659693953764e+01 8.288433824419490747e+01 7.001769732107432276e+01 7.133468469703890946e+01
8.992511071346817175e+01 7.536592026853945470e+01 8.158231889205308107e+01 7.323787369945462444e+01 7.802370017712711103e+01 6.986083394156467818e+01 6.340209841899447696e+01 5.038752435935349894e+01 2.903216221455285506e+01 5.038794169689801095e+01 6.767741881221508038e+01 5.743017345614491376e+01 4.812589901141595305e+01 2.633335550268024861e+01 2.529961611689669709e+01 2.568121576034684139e+01 4.605347584468290023e+01 5.486951445279516548e+01 6.976820537134025813e+01 5.989693412191163446e+01 6.594908540479335102e+01 6.297246212555587164e+01 4.196469629137052948e+01 5.028251232957339312e+01 3.048607178269016060e+01 5.092435485754132429e+01 4.873546732490425626e+01 3.224701862523868101e+01 3.271061867375329513e+01 3.317282570289282972e+01 3.363849184943188675e+01 5.401046857757478392e+01 4.623604962438824373e+01 6.365459008025126053e+01 7.215595567568051649e+01 5.657830272865019339e+01 7.501550861111154234e+01
9.541298305385232936e+01 9.656464777207564509e+01 9.018366795134740244e+01 7.050307191397590145e+01 5.881752693742423332e+01 4.942838139991076929e+01 4.262742775207275514e+01 3.657025054194339475e+01 3.067734500475679127e+01 3.844788312640070416e+01 5.347961163014560526e+01 7.373977266531059627e+01 5.920192343958051140e+01 3.974388837944214714e+01 4.564210056467165799e+01 4.512745473315143130e+01 2.622659807335545779e+01 4.663445867928981414e+01 5.552042624503582857e+01 4.267780062322920998e+01 4.347897568526919088e+01 4.924011006728922979e+01 4.965930244863525189e+01 2.984412213804445102e+01 5.007861033398797446e+01 5.609889332807104267e+01 3.966636911680632238e+01 5.494093102459758882e+01 5.455322205065007779e+01 4.780567675874210920e+01 5.347076691182521557e+01 3.428905948232658574e+01 5.457311890214970163e+01 4.642762027711380313e+01 6.058083292200851133e+01 4.945795361936480106e+01 6.309633959102605161e+01
7.886409494682008869e+01 9.840903491896960986e+01 9.838701290192359750e+01 8.700344166219862529e+01 7.809027281564216594e+01 6.987521387797509931e+01 6.335243485953250087e+01 5.364291334142621537e+01 3.246261050066082277e+01 5.374782896257497811e+01 5.347961163014560526e+01 7.373977266529654173e+01 6.897643104444293272e+01 6.056991902185920651e+01 5.325977578946074686e+01 3.281709851474192874e+01 4.559114487982346731e+01 2.678478694399176163e+01 4.714809115718910704e+01 2.792772454563754181e+01 2.834152287791703273e+01 2.876121937456817435e+01 2.920767681661691739e+01 3.835359379008878733e+01 5.801609158240043485e+01 6.860436448934694909e+01 6.122981255215396601e+01 4.824944253574733466e+01 7.017306180600660070e+01 6.983631546987085414e+01 6.187819501344154105e+01 4.850183900689805938e+01 3.493316204920239443e+01 3.538568269507981512e+01 4.084867968151618811e+01 5.563410767668599988e+01 5.703521292352723293e+01
9.541298305385232936e+01 1.064692358474732998e+02 9.624911624089347129e+01 8.805492541904081349e+01 9.105415053170258943e+01 7.142199179451604607e+01 6.787950688454678527e+01 5.546329987572307374e+01 3.428097395012618875e+01 5.547742102852104296e+01 7.373977266530270924e+01 8.187522595652937696e+01 7.492062026621174198e+01 5.452922762619104446e+01 4.001368471445439923e+01 5.325752715468195930e+01 5.059933998166857805e+01 2.784294075196386586e+01 2.735115963313764453e+01 3.751251958486513871e+01 4.839155969804695445e+01 3.010182658845768700e+01 4.110726033057791540e+01 5.355738652877319339e+01 5.282146315752676458e+01 7.312934545278599785e+01 7.879978566966939013e+01 6.104189970275562871e+01 6.104121409652179153e+01 8.260294617872354195e+01 6.993816949888972090e+01 4.956142591346890924e+01 5.533330537256305348e+01 4.363638787757466275e+01 3.602052330792908919e+01 3.646959796291335465e+01 3.691524677277443089e+01
9.320336761879360665e+01 1.035142714860752307e+02 8.805492541904081349e+01 6.847465664787826256e+01 7.420958459349654390e+01 6.921046532868922441e+01 5.123845190700097874e+01 3.894206308755539681e+01 3.649963753301025804e+01 5.758239677157461500e+01 6.885712367915587606e+01 8.298235280651481105e+01 8.065132414731213828e+01 6.047323600215423767e+01 4.617542057143541712e+01 6.668586535327915499e+01 5.989808333638271876e+01 5.078087007216976190e+01 4.782498207738132834e+01 3.434786650350169168e+01 5.077690535850825171e+01 3.145346858610743013e+01 5.119550535355817544e+01 6.037920694299981506e+01 7.316904293979895613e+01 8.151674038654101651e+01 9.106075603449627920e+01 8.264749062206314534e+01 7.380983834553322254e+01 9.091632009847263873e+01 7.914584403735615581e+01 7.038289099372214253e+01 6.144310043849944947e+01 4.064990072314074609e+01 5.657338515003365842e+01 5.092662741955297179e+01 5.746749970367228855e+01
1.015202984976318987e+02 9.528430876437411712e+01 7.573814855639545840e+01 6.441984128031903367e+01 5.424134292976554406e+01 4.892936100431010260e+01 4.386590790147863572e+01 5.977867437677060991e+01 5.758239677157465053e+01 3.965616310484909945e+01 5.465269124055264882e+01 7.189682455617851531e+01 8.362766333640405492e+01 7.349959118900349608e+01 5.305841368183180862e+01 7.349959118900349608e+01 7.485882611503285489e+01 5.457281446643133194e+01 4.143234407512882456e+01 5.196357696378270674e+01 5.897862100194337387e+01 5.194961057741078747e+01 3.336717536207465429e+01 5.386851014531429627e+01 6.660406093605146793e+01 7.280494888046355584e+01 8.005050982224885558e+01 8.856761674609442991e+01 9.446093667586531240e+01 1.025290236526826533e+02 9.177584984409848801e+01 7.968032795827333814e+01 6.514293858783703683e+01 4.406020324637390928e+01 6.514286301739564067e+01 7.241680094323383798e+01 7.653686560379355797e+01
1.050824110472957500e+02 9.680849950165678308e+01 7.724105241770743646e+01 6.593620692747508372e+01 7.115959643704053406e+01 5.098935636294791607e+01 6.443618307900968034e+01 7.265466239432136319e+01 6.058242924918408789e+01 6.058242924729694323e+01 4.288372353609511833e+01 5.514238194268430959e+01 7.538412065484405389e+01 8.181788819463541529e+01 6.338206901950810845e+01 8.181788819463541529e+01 7.485882611503285489e+01 5.457281446643133194e+01 5.461996956009842563e+01 6.898080326032201981e+01 5.602464653716022980e+01 3.532398252093205571e+01 5.346546333933881101e+01 4.051182843215948992e+01 4.598716967331419880e+01 5.231458549810503200e+01 5.976654448886403515e+01 7.162663616500053365e+01 9.220488066160625351e+01 9.933915045073761974e+01 8.318330027923845194e+01 6.211313073522256190e+01 4.979501007611835206e+01 6.514293858783703683e+01 6.126903560499586376e+01 8.237982988915995008e+01 7.639404755658281942e+01
1.024744993082113496e+02 1.050447348809843220e+02 9.369392904675144962e+01 8.551122866038490145e+01 7.612681177384507691e+01 5.625795042662699075e+01 7.612681177384507691e+01 8.887958040014254379e+01 7.599067234678791749e+01 5.584612001367564460e+01 4.521217806467029021e+01 5.636090237105583611e+01 7.837056801370420089e+01 9.190077249674301640e+01 8.361711335850272064e+01 9.190077251812510895e+01 8.344656391393337458e+01 7.485882611503285489e+01 7.536149292637958297e+01 6.899060459597565398e+01 5.723683562037463446e+01 3.669060611127644478e+01 5.717873221192666477e+01 6.107710808421592219e+01 6.660406093605146793e+01 7.280494846047729141e+01 8.005051024606514432e+01 8.850829785576127051e+01 1.005848557048017682e+02 9.085805233961062299e+01 6.987572986737464475e+01 5.760149247597407651e+01 5.934952093398427309e+01 7.968670660696169250e+01 8.237982974953499138e+01 8.015449052050635714e+01 6.791889825583432128e+01
1.107997991220216676e+02 1.106304318570022360e+02 9.084833014524892292e+01 7.707600542467150717e+01 6.578945608452846727e+01 6.786057647797268544e+01 8.429176481025710643e+01 9.565430442932692756e+01 7.599067234727804987e+01 6.826597990168804131e+01 4.766684040379772114e+01 6.776972500439268288e+01 7.743262601731906614e+01 9.648438631751194805e+01 9.928700384615032704e+01 9.111392689789609278e+01 8.926563789270770144e+01 7.500032475764167827e+01 6.668814082901285190e+01 6.043814533642235176e+01 3.989532218082310777e+01 5.723683562037157913e+01 3.909439486858867241e+01 5.373800868741005843e+01 7.426240918458994145e+01 7.686811658387438229e+01 8.262298907637701006e+01 8.879288006858647009e+01 9.713338545664542778e+01 8.817059878721788380e+01 6.712736896600412706e+01 7.876252735005805050e+01 7.161108984123872290e+01 8.909214607090856930e+01 8.615092912132814718e+01 6.572476479412409844e+01 5.078449100260505134e+01
9.302984264789108693e+01 1.013379574806847643e+02 1.013806933020044312e+02 8.174194892307556870e+01 7.960327409947107924e+01 8.741869918166644027e+01 9.562760793304788365e+01 9.706724697011182457e+01 8.316058294425462805e+01 7.066272091022057111e+01 5.017776897810025361e+01 6.465275586903325689e+01 8.136258151721624188e+01 9.574730590334795011e+01 9.111392689789609278e+01 7.160797720573292224e+01 7.732113759708387590e+01 6.073501162257555563e+01 4.580467853596152139e+01 4.325903269904984683e+01 6.061860971357882022e+01 6.154659971989136125e+01 4.080771251725160198e+01 6.155559275215940573e+01 6.919662589631953153e+01 5.654135688484901578e+01 6.265415776189394137e+01 6.952149068162889023e+01 8.925952021893255051e+01 9.673292154394501097e+01 8.817059878721788380e+01 7.932668500553135971e+01 9.261149148320662050e+01 1.011522909023610168e+02 9.209857716574511244e+01 7.170744971499894405e+01 7.170744962318288174e+01
7.312598923296771147e+01 9.154062455480456606e+01 9.985198536357785315e+01 1.013806933020044312e+02 9.920923010858491864e+01 1.021927524013001687e+02 9.408870471356537735e+01 8.637235629807781834e+01 6.925391891839757363e+01 5.479445857233704942e+01 7.066272091022057111e+01 5.620800110389158277e+01 6.804142800608718744e+01 8.759800756152273493e+01 9.111392689789609278e+01 7.160797720573292224e+01 5.728089191009487280e+01 4.969096072781560736e+01 6.668816500706870443e+01 5.500071876666906689e+01 7.243604035999435098e+01 5.601153612572888818e+01 6.155559275216188553e+01 4.334043192738547390e+01 4.843407109034200175e+01 6.919662589630192429e+01 8.262298907616110455e+01 8.925952021893255051e+01 8.354885317212193740e+01 1.030462900535399910e+02 1.087414483852910934e+02 9.148077397471570293e+01 1.087414483852910934e+02 1.053510421180014731e+02 9.366441464308684317e+01 8.039767795346362789e+01 5.990893937194108787e+01
7.677841438731962853e+01 7.166921074626888810e+01 8.567357586920861934e+01 1.057049330626734900e+02 1.051765933212821125e+02 8.601020616129015650e+01 7.516296633182088271e+01 6.690332069751096356e+01 5.964100110391612475e+01 7.500495329896826036e+01 8.062052630039778478e+01 6.085670078286459272e+01 7.240729108912221079e+01 9.184001424625721199e+01 8.876766024593996462e+01 6.878050837486868829e+01 5.406482029043465332e+01 7.048453487829308983e+01 7.875210195536355684e+01 7.049963993242312199e+01 7.541674888357617590e+01 7.574922147231423253e+01 6.420468441140162952e+01 6.420496380818546811e+01 4.621633852467579118e+01 6.711638180593328684e+01 8.647129363136583891e+01 9.791083017724480442e+01 1.030462900535399910e+02 1.111280547699944492e+02 1.206495521787316108e+02 1.122327940700976256e+02 1.091892543388130861e+02 9.689720637056224462e+01 7.672480646538333815e+01 6.494916091713749040e+01 8.039767795346362789e+01
5.920537420782730464e+01 7.897283896226582556e+01 9.253455397899099921e+01 1.040381351205146530e+02 1.133570578547059284e+02 9.933464599731001954e+01 8.500130646800568002e+01 6.530791826246999676e+01 7.383107897126139108e+01 8.770129181659012829e+01 8.549479623754727697e+01 6.599771648895169562e+01 8.549479623754727697e+01 1.000079867755674030e+02 9.169931442460463700e+01 7.181586838846102694e+01 5.725879315067199116e+01 7.181586838846102694e+01 9.169931442455691695e+01 9.225577007912612260e+01 9.418354180694396405e+01 9.259120827459598502e+01 8.385536396011207216e+01 6.919325158233274919e+01 4.832098082511964776e+01 5.793110977866664513e+01 6.988980411025141848e+01 8.979922059981444704e+01 9.386908323673205246e+01 1.019618510013388004e+02 1.117474032413206260e+02 1.150725860690522211e+02 9.477346075510020285e+01 8.057130499820608804e+01 7.046091819248150045e+01 8.525066585603747171e+01 9.366443087798727163e+01
5.911885809394725300e+01 6.467847057275110956e+01 7.586023110907832745e+01 9.571753470326115121e+01 1.125650985844974059e+02 8.975593985530451846e+01 7.126111457550257455e+01 8.232392853387348453e+01 9.190391710646501622e+01 1.015715046619187234e+02 9.362367572511855940e+01 7.479420151468278277e+01 7.647677952529146239e+01 9.585046869154838589e+01 9.479117896294472700e+01 7.499358619860892361e+01 6.060585688300478324e+01 8.079216686811322745e+01 8.570627559502763404e+01 1.053981922187829525e+02 1.011267329069795693e+02 8.145002126931126440e+01 6.723358356858861384e+01 5.517100838628520165e+01 5.083687007034374261e+01 7.160783304075822286e+01 7.978034879800455315e+01 8.331926044691988409e+01 7.413217205140369970e+01 8.406968185513527203e+01 9.795280298616937387e+01 1.174673607328949032e+02 1.064931367666927144e+02 8.631540213885239154e+01 7.470871974496093060e+01 8.631540213885239154e+01 1.064931367666927144e+02
7.875267490429737904e+01 8.425291512777954495e+01 7.543427792107203800e+01 8.573535405661442610e+01 1.050418569833132949e+02 1.010640791236284173e+02 8.994084634739782302e+01 7.790489755621898382e+01 9.067339516587749415e+01 1.088442060834824332e+02 1.023318423760979528e+02 8.592151088157672234e+01 8.611215835145360131e+01 1.040425622833317760e+02 9.694167007049456686e+01 7.716264884786585299e+01 8.079216686810377723e+01 6.574507158399508455e+01 7.993328970345714879e+01 9.964349642990330835e+01 9.920936642218568124e+01 8.301917762423376246e+01 6.291442973695645691e+01 7.507938093490105302e+01 5.454074070919416073e+01 5.591121293925520774e+01 5.956132214006245817e+01 6.330015438600617017e+01 8.331926044691988409e+01 9.686714073230287170e+01 1.049514087497898061e+02 1.147210584798003907e+02 1.149915453419247058e+02 9.987236171759673198e+01 7.975697983789899581e+01 9.987236171759673198e+01 1.149915453419247058e+02
