LEM/sinusoidal_perturbations/elevation_000919.asc
nrows	100
cellsize	150.0
xllcorner	0
ncols	100
yllcorner	0
NODATA_value	-9999
[rows 68 to 84 of 100, columns 0 to 36 of 100]
5.009162696260268353e-03 1.898119647114475228e+01 2.863799431412531149e+01 2.960194154832922564e+01 2.086690744726028512e+01 2.509252620222225971e+01 2.197695130942284791e+01 2.498813111378411556e+00 7.094226003861241026e+00 1.052739756339189903e+01 3.072797770229258418e+01 4.781456669282084704e+01 5.650149850739617818e+01 5.689893707990887606e+01 3.692440763704690454e+01 2.282619975437379267e+01 2.843693088827053117e+01 3.054063477840260177e+01 9.379394272487223461e+00 7.793919742629649150e+00 8.141953426797913451e+00 2.817173803776589835e+01 1.235592080890685196e+01 3.250680827406113593e+01 4.468057622096985426e+01 5.188384937487614934e+01 6.011457957042868117e+01 5.218419862972232437e+01 4.777846147658284792e+01 6.463145331531181625e+01 7.945344543542924498e+01 8.776556845023009146e+01 9.172027618011402694e+01 8.908531759225840574e+01 7.914144324562032295e+01 6.941398510320408377e+01 4.941781970425448378e+01
4.695337527364121070e-03 1.085849831739687943e+01 1.381387165034081832e+01 1.088331987770745357e+00 1.405177850000016493e+00 1.724114963855950977e+00 2.043163590335065116e+00 4.353521644307730476e+00 2.390746652092817115e+01 3.070531889703453388e+01 1.989310559159427783e+01 2.700713825015469283e+01 3.883347773256627988e+01 6.016658052749563268e+01 4.978869730303878072e+01 2.989107084811436366e+01 4.843589808119231321e+01 3.895079742430301195e+01 2.187772646733979087e+01 2.791180630349935754e+01 2.821705234350238456e+01 8.635690932278711429e+00 2.849841639337239840e+01 3.280160385257035216e+01 3.886880852376086892e+01 3.150989805916102782e+01 4.602732281666793313e+01 6.601595866006570645e+01 6.793775439897318336e+01 7.625829781186085654e+01 7.421478090738926880e+01 8.254365791095271732e+01 9.414509798079674852e+01 8.080845534412463849e+01 6.095979366515940967e+01 5.089544727355125531e+01 4.457605661866182345e+01
7.614146464036155443e-03 3.240001450482025702e-01 6.404273750808532339e-01 8.851097249002148004e+00 4.181216261954403990e+00 1.368479766532997566e+01 1.245554453010743501e+01 2.389019202159610700e+01 7.595865306171377895e+00 2.739535614530155883e+01 3.900618468745233969e+01 4.781456669282084704e+01 5.674262135124843098e+01 6.918629635966580338e+01 5.808372495394123547e+01 3.982660585474342696e+01 5.808372495393298607e+01 5.050946684834631384e+01 4.217030138468023637e+01 3.540379141783267158e+01 1.512785577931724745e+01 1.336321740620772403e+01 9.134880491304164352e+00 9.481758926326593340e+00 1.778408369547007695e+01 3.899157637286374722e+01 5.214240501980030018e+01 6.208501542724960132e+01 7.094582909924484682e+01 6.262165348784518670e+01 5.413489519811913908e+01 6.572748952819979706e+01 8.580863654068274116e+01 8.908531759225840574e+01 7.914144324562032295e+01 6.019972710270620553e+01 3.999820265297418587e+01
2.352828262072654761e-03 1.992284089745826847e+01 2.484515543095858980e+00 2.126469845868781050e+01 1.793852884259493408e+01 7.749800723514275624e+00 1.920220304971306646e+01 3.502368707640037115e+01 2.739535614530155883e+01 1.090321282795563995e+01 3.083988928043070743e+01 4.260958691710315804e+01 5.215507380233572832e+01 6.028193798673282089e+01 6.806887495167529778e+01 5.975078875133424816e+01 6.806887495197878479e+01 5.706198834562086120e+01 3.689501056697714887e+01 2.254155107960767523e+01 3.540379141737338387e+01 3.589652010207298360e+01 2.924546412421225128e+01 9.622596685810737682e+00 1.643773070713367801e+01 2.383507319955241499e+01 3.420194909500993674e+01 5.407256627542341221e+01 6.262165348784518670e+01 4.251995638961227542e+01 6.206495111449861213e+01 7.039043809104524030e+01 8.199099650384501103e+01 8.524964883967581386e+01 7.686665538809303655e+01 6.846546026341641777e+01 5.498329118855774311e+01
6.786455232800275850e-03 1.643104793965466115e+01 3.051101044060732903e+01 2.793221171875491038e+01 1.111541851193439534e+01 2.457958888847535306e+01 3.215608110275332621e+01 4.482796230491646128e+01 3.083988928043070743e+01 3.083988928043070743e+01 1.446649469033804891e+01 3.446017484765891226e+01 3.250266072468276946e+01 5.215507380232887868e+01 6.363522753618956074e+01 7.177302978920393173e+01 7.349764146644204743e+01 5.336815959874508053e+01 3.910199405690703145e+01 2.934456192953289388e+01 4.953039143363866970e+01 3.969070637216430697e+01 1.013033703741476721e+01 1.523413445598438010e+01 2.917491749740062801e+01 4.326410219596343154e+01 5.193423110098812856e+01 6.199149753269605867e+01 5.626493872132385121e+01 3.616883697440198375e+01 4.197098409152988552e+01 5.357554766113292999e+01 7.366169189477146517e+01 7.358091064652623459e+01 5.666719432433365000e+01 6.782581270259800021e+01 6.326603471336740370e+01
3.257643153035955173e-03 1.999816444237724511e+01 3.809528901717742855e+01 3.609146875381929931e+01 2.817381598356182337e+01 1.450833502523474294e+01 2.798297158637560500e+01 4.541307866406760496e+01 5.058416876128757877e+01 4.260958691710309409e+01 2.868300137491642587e+01 1.833898478032859103e+01 3.825871924843077920e+01 4.980318934446449219e+01 4.407377153020183158e+01 6.363522753619036365e+01 7.539944489560275542e+01 5.527174203530481122e+01 4.101179562664403022e+01 4.953039143760097573e+01 5.088012893318492758e+01 2.706033878989110875e+01 1.049023414017457867e+01 2.255720257680730256e+01 2.188141591064047731e+01 3.275366534664104279e+01 5.275352249513169056e+01 5.243758570674727792e+01 4.411496001844908932e+01 3.038723469559106150e+01 5.046369384470014552e+01 6.589359872386904726e+01 7.594057729458603490e+01 6.520449110544625171e+01 4.496430546320733157e+01 4.759266177433392642e+01 6.189823050155696649e+01
1.880098487986705483e-03 1.000201237818961708e+01 2.415078420671676440e+01 4.422607594550547105e+01 3.558410122794835218e+01 1.950671432402235794e+01 1.794967843111590255e+01 4.379615370056205848e+01 5.469137161694708027e+01 5.653617245928973745e+01 4.639229934728999183e+01 3.250266072468276946e+01 2.260251997765620047e+01 3.017199772127279900e+01 4.980318934441744005e+01 6.715742199305736904e+01 8.128046163922849132e+01 6.116700970157609163e+01 6.116700971337817805e+01 5.021143982229428104e+01 4.163657754640097153e+01 3.257451464527741791e+01 1.084683236765143910e+01 2.265948240824730320e+01 3.544786348094007167e+01 4.664669611802415972e+01 4.749394411727763554e+01 3.917482316878333393e+01 2.404802927302819882e+01 3.038723469559106150e+01 3.747218214770607148e+01 4.752343058342795246e+01 6.761454446946633823e+01 6.520449110544625171e+01 4.496430546320733157e+01 3.331820130555339432e+01 4.588370036484975145e+01
2.900726248362994839e-03 2.000290072624800786e+01 3.645433866773418430e+01 4.645439398465153147e+01 4.362740528949726837e+01 3.558410211158795278e+01 2.113846460735986454e+01 2.672807423358020884e+01 4.053566832189581248e+01 6.051288837225087747e+01 6.028193796989729236e+01 4.830687118110558487e+01 2.866059834321550781e+01 2.807909797286294307e+01 3.946315635713074244e+01 5.902790162892630121e+01 7.305955744947127073e+01 7.120559310628668470e+01 5.922855328900829619e+01 4.163657765260634847e+01 2.094956939875250512e+01 2.436946338004694113e+01 1.120334091214572325e+01 2.931591422084169096e+01 3.952069387830468372e+01 4.184733539509214495e+01 3.453755901534356099e+01 1.896151673853790243e+01 3.917482316878333393e+01 5.046369384470014552e+01 5.756898752644720219e+01 6.589359872386907568e+01 7.594057729458657491e+01 7.358091064652425928e+01 6.189823050155516881e+01 4.588370036484975145e+01 2.589650043037523375e+01
5.081304048347549951e-03 8.170047113325679788e+00 1.817004711332587874e+01 3.231218274275350666e+01 5.231219035157185715e+01 4.416281601964591630e+01 2.481977240400745544e+01 4.416281601964591630e+01 4.053583935935150606e+01 6.052368241582734498e+01 5.876403441117894744e+01 3.920047736950908757e+01 4.257688575897309846e+01 4.773219068187787428e+01 3.405367877739934812e+01 4.537609580475629656e+01 6.492087398178669844e+01 6.282117407210166249e+01 4.186794664512807884e+01 3.002548585207330589e+01 3.748934801476106315e+01 1.387445864187503197e+01 1.156078987531060243e+01 3.066979149420134121e+01 3.255766342503302013e+01 3.216544096776529926e+01 1.417474539110648557e+01 3.453755901113432714e+01 4.749259165730353516e+01 5.931475055742908609e+01 6.991224026152963233e+01 7.556490521499326007e+01 7.285171389867237224e+01 6.427885387809874373e+01 5.267112089416867349e+01 4.340867047256043065e+01 2.778692312728842495e+01
4.469920835086939326e-03 2.000446992083473319e+01 3.180605529850054936e+01 3.887712639972975381e+01 4.716166992868041774e+01 4.879745763351253629e+01 2.913364774907494237e+01 4.879745763351253629e+01 6.052045879219276259e+01 6.890203854514986404e+01 6.689318681751150564e+01 4.898964007954869970e+01 6.214027969941799512e+01 5.824485922086859802e+01 3.869405740377558800e+01 5.251842556507981641e+01 7.206969301669826677e+01 6.551376157567058556e+01 4.459762927633830287e+01 5.072382258798882049e+01 5.202675246559876143e+01 3.463757099403451889e+01 1.713824886822313687e+01 1.206885281962996892e+01 1.243058663383571449e+01 1.279303876676700291e+01 1.315852342648048712e+01 3.331387209000428840e+01 3.039997529741630444e+01 5.078773947863385274e+01 5.010570168602410490e+01 5.590411613310546812e+01 5.881042505322336922e+01 4.219554126783616965e+01 4.451038023986062342e+01 2.744378090392862291e+01 1.862015039955295492e+01
2.324776005098761877e-03 5.775827467901381240e+00 1.180605435945670756e+01 1.887712217132230919e+01 3.042412755559016446e+01 5.042414773699402986e+01 4.294641205395686256e+01 3.669853280292480946e+01 5.072921270627234236e+01 7.079066207562219404e+01 7.668523212907155084e+01 6.279859143307645297e+01 6.801244561065718131e+01 4.847727283108002183e+01 5.824485922086859802e+01 5.106121380565656409e+01 7.060618330270865783e+01 7.385947953200553684e+01 6.551376156629245884e+01 6.236919869209388878e+01 5.060082147034918876e+01 3.700215188746614103e+01 1.680089748375972647e+01 3.229471362827488434e+01 3.259029138263863246e+01 3.294086468583562777e+01 3.208000410377015754e+01 1.368052385854557151e+01 3.251687658619690779e+01 4.229906532289908228e+01 3.581432130462145835e+01 4.320828642759344973e+01 4.589443549487132401e+01 2.966814923907514867e+01 3.842784262602895495e+01 3.762347259928470322e+01 1.819811139269671685e+01
8.699724428260374037e-03 2.000869972442790612e+01 3.180605529850054936e+01 3.887712639972974671e+01 4.716166992868043195e+01 5.870927143420434646e+01 6.292312796126611829e+01 4.813128867481362505e+01 4.727495082622262856e+01 6.142764043542227625e+01 8.154247677800368876e+01 8.239568322826620772e+01 7.615676453927892453e+01 5.822884001775342000e+01 7.615676453927457601e+01 6.486412170613780859e+01 7.875612899486073104e+01 8.373215082025383538e+01 7.092465806079552237e+01 5.390016045946249790e+01 3.354268121154481008e+01 2.189240475306012357e+01 3.700215188746614103e+01 4.544448615485861609e+01 5.021731255712570174e+01 3.781935583523109301e+01 1.771680159217402561e+01 3.244564053862992381e+01 1.421073054126802937e+01 3.428419094893423846e+01 3.810925230294934352e+01 2.302616321020524381e+01 3.341996413990178638e+01 1.677432607483673976e+01 1.715300579149354476e+01 1.757493160498012585e+01 2.906684985439956037e+01
2.249585233037712084e-03 2.000224958523268270e+01 2.458858860412814096e+01 4.458858860412743041e+01 5.376848961833607632e+01 6.205276086579767991e+01 7.650349931667435044e+01 6.818048282682065064e+01 6.731914425149942360e+01 6.362802836471097123e+01 8.374273938818090812e+01 8.069580596457400645e+01 8.596187204336561649e+01 7.779605120356087866e+01 8.596187204336327170e+01 8.446874628513208449e+01 8.017739500935216768e+01 7.100845534002282022e+01 5.479504728749244435e+01 4.201600833051766415e+01 2.771572075296738902e+01 4.214676434905894098e+01 5.060082354046043918e+01 5.477957068564835197e+01 4.191677146973712098e+01 2.184743888966210079e+01 3.782010176841652793e+01 4.077702904890082181e+01 2.328821247568968289e+01 1.474543085545843724e+01 2.260551711325774704e+01 1.584289376845809549e+01 1.624750872114689315e+01 1.721381830706652849e+01 3.480982462032962843e+01 1.826029744963441459e+01 1.914003674185266846e+01
2.739267172789772273e-04 4.588588604128495341e+00 2.458858860412814096e+01 3.743855799978212673e+01 3.376848961833678686e+01 5.328211870742814682e+01 6.482912409121925634e+01 6.567322418863727762e+01 7.395563112937661288e+01 8.374274017529509706e+01 7.484197496484594581e+01 6.070453360814440913e+01 7.288724419665122412e+01 8.116992159422508735e+01 8.449285403756427115e+01 8.621898350667589739e+01 6.571517704607285282e+01 5.118266192560025729e+01 4.205576493263768612e+01 3.441973781455714487e+01 4.201600832691906362e+01 5.647029630364077946e+01 5.957836039836821129e+01 4.645905011312517985e+01 2.640089079648952008e+01 3.082409454229634704e+01 5.023534412679098438e+01 5.108347823895299200e+01 3.732357997855810794e+01 1.510803334829205902e+01 1.527046369829096939e+01 3.474655844389774728e+01 3.336746982211783319e+01 2.047695845809813164e+01 3.707053048036229370e+01 4.140230846242804574e+01 3.903137234108675102e+01
8.327778614586212741e-03 2.000832777861423040e+01 1.189155603753064661e+01 1.743855799978284082e+01 2.499784745996725377e+01 3.654485284375935805e+01 5.654485284375864751e+01 4.568361350430623702e+01 6.240258192950059879e+01 6.825811689215800016e+01 6.484796903999703943e+01 4.657475026075093893e+01 5.289947048251927697e+01 6.450073581457591843e+01 6.450073581457591843e+01 8.277791306328161625e+01 8.017739500935218189e+01 6.662989684970570181e+01 4.613133608311025569e+01 4.879040652944794942e+01 6.245781808443787497e+01 6.494707294710670453e+01 5.125618061281544868e+01 3.118834403000323974e+01 4.645905011312517985e+01 4.240482016563517931e+01 5.921256751584596145e+01 5.311225129237706000e+01 3.295102618676097705e+01 3.877764110854467106e+01 3.580864866166296423e+01 1.706659508502490041e+01 3.729086065303930297e+01 4.278903134665533514e+01 4.872035851287963482e+01 4.570988229430740546e+01 2.619620416526591100e+01
6.510866554257996840e-03 2.000651086655390287e+01 3.189155603753028956e+01 3.743855799978212673e+01 4.499784745996654323e+01 5.328211870742814682e+01 5.241570158287953518e+01 3.413545071733778258e+01 4.241108407673088010e+01 4.826645823173069516e+01 5.656729529870597872e+01 3.657858904464544736e+01 5.450842420476603678e+01 4.451611259495790307e+01 5.450661503845529410e+01 6.863849776570735628e+01 8.863335749210884273e+01 7.509481511327817316e+01 5.795559274329772848e+01 6.929153239195905201e+01 6.937246921533748889e+01 5.662440465064283757e+01 3.653834961595894981e+01 4.276810886532388878e+01 5.957836039836869446e+01 6.248318490336105668e+01 7.080819793261464667e+01 6.130337354895083735e+01 5.311181988896029793e+01 4.903490554766972309e+01 3.887240553719956893e+01 1.832916624381707749e+01 3.026588554321384450e+01 4.974598222313061058e+01 6.144938164870148256e+01 4.164856184216890256e+01 3.012988468572578427e+01
8.953482861371391335e-03 1.415108910190423863e+01 3.415107930177467921e+01 4.451033431139253338e+01 3.622447251676324242e+01 4.451042945709700405e+01 4.413383140798099902e+01 2.412452650063962523e+01 2.826209122460531376e+01 4.227106630216268712e+01 4.532259058804842766e+01 3.024606323085857795e+01 3.451734273312956702e+01 4.054996493266429525e+01 6.053376733767949958e+01 7.880937289495962261e+01 8.880626707727782332e+01 8.691912946618360536e+01 7.847921661921058956e+01 6.937246921533748889e+01 4.930003644534993867e+01 4.259202070358499270e+01 4.813744814321012200e+01 6.285110224903385046e+01 7.117571844573727446e+01 7.543082509127238211e+01 6.992133058139097557e+01 6.145741289923829243e+01 6.082323792058968337e+01 3.899080290205815658e+01 2.018218347505130694e+01 2.500173201543250201e+01 4.480005762225886912e+01 5.729098543720685655e+01 6.965720597447717921e+01 5.446660871774747648e+01 3.456844730924720466e+01
