LEM/sinusoidal_perturbations/elevation_000110.asc
nrows	100
cellsize	150.0
xllcorner	0
ncols	100
yllcorner	0
NODATA_value	-9999
[rows 51 to 67 of 100, columns 37 to 73 of 100]
9.262304675941142307e+01 9.959314584237706924e+01 1.079555348043862466e+02 1.181775123801641456e+02 1.156439538905839157e+02 9.564931561834725926e+01 9.304489587815898233e+01 1.097514004559865128e+02 1.136677355365701345e+02 1.218821787450339258e+02 1.244012225551162629e+02 1.244012225551162629e+02 1.326331724352624519e+02 1.222681745912814506e+02 1.050905238331872908e+02 1.138447064663351398e+02 1.342992714306434436e+02 1.278565003819594637e+02 1.177200579901543733e+02 1.007660128560993797e+02 1.141257000760319471e+02 9.506301727458678386e+01 1.040163043357661650e+02 1.242995018375656997e+02 1.232497974207165896e+02 1.036703161029931266e+02 8.957844937265564056e+01 8.243870422177806745e+01 7.979325340583608295e+01 7.838053605127517187e+01 8.559637483032916805e+01 9.607290327783097439e+01 1.174455623989952500e+02 1.306575867015523897e+02 1.103166778740779108e+02 1.050726106841695184e+02 8.445819417767427240e+01
7.162006770470267725e+01 7.868437523083531460e+01 8.926539373641682573e+01 1.099208979483413344e+02 1.238534852936258233e+02 1.156439538905839157e+02 1.130631594330229035e+02 1.212771836917818860e+02 1.164985229417009975e+02 1.142993403662415091e+02 1.041974581773668262e+02 1.041974581773668262e+02 1.244012225551162629e+02 1.138447064663351256e+02 9.233544252712289335e+01 1.138447064663351256e+02 1.258794481799758387e+02 1.195118081047415188e+02 9.918631177255078057e+01 8.894197955581903159e+01 9.376416995792369846e+01 8.731959401285143940e+01 1.017928449330427298e+02 1.221256481691401916e+02 1.276228723514798133e+02 1.080585345989932478e+02 9.405461573871518510e+01 8.243870422177806745e+01 7.346469500238093531e+01 9.347002849875015329e+01 1.053326146787111810e+02 1.102764152190337796e+02 1.251664028926203969e+02 1.283329390966059691e+02 1.188610819909198852e+02 1.069824639267133648e+02 9.856431953379224353e+01
9.262355563852878504e+01 9.959314584237755241e+01 1.079555348049025554e+02 1.181775123872867823e+02 1.298820347959536434e+02 1.216450969178037411e+02 1.298820347959549224e+02 1.164985229417009975e+02 9.615080474467654881e+01 9.391393303369748935e+01 8.965435745018497471e+01 1.101150037581144261e+02 1.206217683096400748e+02 1.066749518199310813e+02 8.470160709003215516e+01 9.613748765314569766e+01 1.174572618142038749e+02 1.278565003819594637e+02 1.143831343273712946e+02 9.972906999003552642e+01 7.934255809105306412e+01 9.972906998569287396e+01 1.111656373534173383e+02 1.196092944273267733e+02 1.164259435097308710e+02 1.080384491546092391e+02 1.105580273743311182e+02 9.088769439345294643e+01 7.090464852923255989e+01 8.506223184977626772e+01 1.049516050734937522e+02 1.163309660779009675e+02 1.078951897471602166e+02 1.078951897471602308e+02 1.104585853983451926e+02 8.988878094981679112e+01 7.812518147129628687e+01
8.981774428417890022e+01 9.799711160181938396e+01 1.068307135152888208e+02 1.182262100638514823e+02 1.198106358263654272e+02 1.013958167662475205e+02 1.198106358263715663e+02 1.142993403662415091e+02 9.391393303369748935e+01 7.933903176350094100e+01 9.988468060414969329e+01 1.150473266061262478e+02 1.121273183920035876e+02 9.055328552751001325e+01 7.789955988007467624e+01 1.000497391055485537e+02 1.156641817754392889e+02 1.203647263362261981e+02 1.000550654861987283e+02 8.560753716625681875e+01 7.545842787964713239e+01 9.577490982857359825e+01 9.081170999271367350e+01 1.079027724057830682e+02 1.080384491546092391e+02 8.766646930993830722e+01 9.363188261784145539e+01 8.838321803098580176e+01 6.844943891145047132e+01 8.838981502658178613e+01 9.448881404799389827e+01 1.028206770902156819e+02 8.740089223503080973e+01 1.071823553492541947e+02 1.080689212610737115e+02 9.643831551311572525e+01 7.603833882321852400e+01
6.994580240392747328e+01 7.889641151874292291e+01 9.031305815422703631e+01 1.100462540619185319e+02 1.115204568420256237e+02 9.107736636438572475e+01 1.115204568420256237e+02 1.093551528572227198e+02 8.891478314083653345e+01 7.441514902486069616e+01 8.624577652285073270e+01 1.067257429512187059e+02 1.112792502855944292e+02 9.451219432912408536e+01 7.251163924016108808e+01 8.528448526295925092e+01 1.071174793322372238e+02 1.168135318863205612e+02 9.649752022930422868e+01 8.207406361945818674e+01 7.200112822786738320e+01 8.764177664292928682e+01 7.908216324438268430e+01 9.941970597626077222e+01 1.033116879698891921e+02 9.358644732045628700e+01 7.350459326248352454e+01 8.269962239165438689e+01 6.609169853936695915e+01 8.439767701192143079e+01 7.591985298103863045e+01 9.270555153631981682e+01 7.843940683962472349e+01 8.805378469599088476e+01 8.796696359477803639e+01 9.170656322599678845e+01 7.398274516060421035e+01
6.973389448147797509e+01 8.126082212800572790e+01 1.010130276233033868e+02 1.173194244669509487e+02 1.047060933494789481e+02 8.418748796215325569e+01 1.047060933494789481e+02 1.068025671690072045e+02 9.062990245681629631e+01 7.026553711143249359e+01 8.463907430565703294e+01 1.050930411427004998e+02 1.026608380799920184e+02 8.076860224407312216e+01 6.832973110170478037e+01 8.364271572308568636e+01 1.054207347899538831e+02 1.126322560410329316e+02 1.106898441394529726e+02 1.006689533616899723e+02 8.767486213952996366e+01 6.768377141331751545e+01 8.767484362515776297e+01 9.393161723306099020e+01 8.212806721695112344e+01 8.287136662121088193e+01 7.533216974282738931e+01 6.317106343623884612e+01 6.380898798043282483e+01 6.448168337645775239e+01 6.516184579584705716e+01 8.520636779718785192e+01 8.076384842470667991e+01 6.785418592071317789e+01 8.771486910831568196e+01 7.141028492145703410e+01 9.170564341630925753e+01
7.531633657852144381e+01 9.509458583094284734e+01 1.091909682065068949e+02 1.090125743794397550e+02 8.855318997574870821e+01 7.827056525072489990e+01 9.174721551568961786e+01 8.739920020368023756e+01 7.806098135994581355e+01 6.652730518563419082e+01 8.072709298068049577e+01 1.011566733838315031e+02 1.036410375785388567e+02 8.606102019875325482e+01 6.472074138588797609e+01 7.968892009512978802e+01 1.014446306897201282e+02 9.347217765795964795e+01 9.840595540190746249e+01 1.020629072850638579e+02 8.481882923116269524e+01 6.514611260027780304e+01 8.095979626012433528e+01 7.384822898435561456e+01 7.892114021562808546e+01 6.166526777680815741e+01 6.228047125430662589e+01 8.203518862955328927e+01 8.423821399345474958e+01 8.447429532229701010e+01 8.224399430048231352e+01 6.614090073836291594e+01 6.684378194410345486e+01 8.699436235284676400e+01 6.888458298970093097e+01 7.401830987033017095e+01 9.435567577756842184e+01
8.282607194280706153e+01 9.147348212383549537e+01 1.112066496872964194e+02 1.173194244669509629e+02 1.035715496973669758e+02 8.309120212898916691e+01 7.135321784668678902e+01 6.718623185635432549e+01 6.401840277222449060e+01 6.307286273191835591e+01 8.302579618679109785e+01 9.956634925335433195e+01 9.492027346683656219e+01 7.323658930077598939e+01 6.143575615319002736e+01 8.240104731169961383e+01 9.493555737573626629e+01 8.071680555478744168e+01 7.929166107308888911e+01 8.223981321486049012e+01 9.290615688505238268e+01 8.095942085179424907e+01 6.172284447081316472e+01 6.019505851324355916e+01 6.080120681692088880e+01 7.688841565715812010e+01 6.634362649329864325e+01 8.574820871168506642e+01 1.009998590546015578e+02 9.648997333148801658e+01 7.649174730615193596e+01 8.624998826130614304e+01 7.355515857428193272e+01 8.973293832822412242e+01 6.970284887311004240e+01 8.996817889302822380e+01 8.191175545029609850e+01
9.676735744997289146e+01 1.107279626611703662e+02 1.193864053302572330e+02 1.237215550093268490e+02 1.119103285621219754e+02 9.611901450505757794e+01 7.566896132334319702e+01 8.739920060330324247e+01 7.949858349708016192e+01 5.979910314990080167e+01 7.094584006222424932e+01 9.118184500423738825e+01 9.089620173970614303e+01 7.810387679096582758e+01 5.850695738423591763e+01 7.543326877295368149e+01 7.101817235150006979e+01 7.516511214054543188e+01 6.626133163113901503e+01 6.826743298788711911e+01 7.729315692566912332e+01 7.790481773243374164e+01 5.933904370770915904e+01 7.880872661415331493e+01 6.386176814033514404e+01 7.707980112900260394e+01 8.572155343690013751e+01 7.260345925707730430e+01 9.258035335608171579e+01 1.049422816731631798e+02 8.633045954129811150e+01 1.028881423592290645e+02 9.653097824693197992e+01 9.081626171833349304e+01 7.052886661112766831e+01 9.081546229815948834e+01 1.023856736247839905e+02
1.165079538490736581e+02 1.231216068136933046e+02 1.296681336698351004e+02 1.095646777402431979e+02 9.509957953614475912e+01 8.588704932067983577e+01 9.610587636680048718e+01 9.150224512291539725e+01 7.133083677476551543e+01 5.768760319844840723e+01 7.414773096734742808e+01 8.245224429121383025e+01 8.367491038404111237e+01 6.710821258411928625e+01 5.740647248976511463e+01 5.457626354139946301e+01 5.516110497236459054e+01 5.574275600521497864e+01 7.012569703404621180e+01 5.737155836124192376e+01 5.794134436242529773e+01 5.850694090670132397e+01 7.790482301281393518e+01 8.715336582170120039e+01 9.513267001948649693e+01 9.197937818256788489e+01 9.151556977418475469e+01 9.258035335608562377e+01 8.048568093785853250e+01 1.009244430454978527e+02 1.006627953709360810e+02 1.151214257246478923e+02 1.051268800972272999e+02 8.551573224180286559e+01 7.136154552553726660e+01 9.166150781947229120e+01 8.598338550486215581e+01
1.171554561090933362e+02 1.029167437804140661e+02 1.171554561090933362e+02 1.237215550093268490e+02 1.146704931383650461e+02 1.063505674334449367e+02 1.006120643346433781e+02 9.223551208519469924e+01 8.559224296073489313e+01 7.414643640491044607e+01 5.474306656461170917e+01 7.115422322291233570e+01 7.172498112461677522e+01 6.992215814402925389e+01 5.375934393741930961e+01 6.918413509823830054e+01 7.206499400658270815e+01 7.455170499006383977e+01 5.655939732188888769e+01 7.608091888807186365e+01 7.729782150946289221e+01 7.565896304431443298e+01 6.119357105262392338e+01 8.083094053525489642e+01 9.223379064983248554e+01 1.065327180815577890e+02 1.105636810545308606e+02 1.074387185857959963e+02 8.683877057252995257e+01 1.074387185857959963e+02 1.211711853673268564e+02 1.171559335635379568e+02 9.663045536153512671e+01 8.212812653091705783e+01 9.166611560655165647e+01 7.255711896804136529e+01 9.288199529652766273e+01
1.080876143314828681e+02 8.848042262980320061e+01 1.013043323551299011e+02 1.096540400738112737e+02 1.108257246576662425e+02 1.066094599394386790e+02 8.628162793912322570e+01 7.206999008878921131e+01 7.948114818253657177e+01 7.818268426950263006e+01 6.828081541898714590e+01 5.178557906509181663e+01 5.236246361975847918e+01 5.293565628946794277e+01 5.542615955970526187e+01 7.461375348851044009e+01 8.344256500701530399e+01 8.287262307256401073e+01 7.717279997239822364e+01 6.398627327408625121e+01 8.569954564094118155e+01 8.818797011330028113e+01 8.083094054249266946e+01 6.400075549231826244e+01 7.793487223143233678e+01 9.534473697701966444e+01 1.088004894997295793e+02 1.158013673937207955e+02 1.014838671619037740e+02 1.014838671619037740e+02 1.218150016552733632e+02 1.194548291559529218e+02 9.889615219201746754e+01 1.026686947982379507e+02 1.002485246913091146e+02 9.178216944344663375e+01 7.376309944403416807e+01
9.973194131835255405e+01 7.941617163476774977e+01 8.098689854664733900e+01 9.506380563653038962e+01 9.065146277242843098e+01 1.054955579781346984e+02 9.346436638254277796e+01 7.948125269258540015e+01 5.976735570121650198e+01 6.962347041648756374e+01 5.099224276559044000e+01 7.038763709479424335e+01 6.534856774210157937e+01 6.408157554367082298e+01 7.477182821317067862e+01 5.894673977418599264e+01 7.863264192200847447e+01 9.037534619950105252e+01 9.241770754024639700e+01 7.008026324028480758e+01 9.249638634359693867e+01 1.003796421682433646e+02 8.014652071205223649e+01 8.385934756178897942e+01 6.703332969301204969e+01 8.105799870628619885e+01 9.850944724329217195e+01 1.105600029328235934e+02 1.218150016552733632e+02 1.218150016552733632e+02 1.301188676255379164e+02 1.278552522473818982e+02 1.099392073108680705e+02 8.962411691493372246e+01 8.130061678974853123e+01 7.497526758355022025e+01 9.413206535219462978e+01
1.070158101274841300e+02 8.957405647656008796e+01 6.945068357463296138e+01 7.232326639433060222e+01 7.935514555495078071e+01 9.539148201386491621e+01 8.509435603903710899e+01 6.521542977538452135e+01 6.886239451199084272e+01 5.020209099132678432e+01 6.961988209653291904e+01 5.627159302121478390e+01 7.561271321099393106e+01 8.159436159199199778e+01 8.643674587346201577e+01 7.863276814452778751e+01 6.265044006675572064e+01 8.263046083534825925e+01 9.552353231856804427e+01 9.249639095596047866e+01 8.205877553143325542e+01 1.044822332964689622e+02 1.003796620516807536e+02 9.545152178191220571e+01 8.706735981916543210e+01 7.026613766965718355e+01 8.183710037401337445e+01 1.021818585344938271e+02 1.139292747258138263e+02 1.139439672649513540e+02 1.340797053947666484e+02 1.240651022468340443e+02 1.040880700653699620e+02 1.016456064425338610e+02 1.016456064241598511e+02 9.529656190892184497e+01 7.619700522391774200e+01
8.696964338974316888e+01 7.826726807774649330e+01 6.400032225653316686e+01 7.762131415372370213e+01 6.860314478166367280e+01 8.527887430889542486e+01 7.541058873534782947e+01 6.810218652571332143e+01 4.941506252732362725e+01 6.305593048682904822e+01 7.791166970674267134e+01 7.573948890372916765e+01 6.176975897880995348e+01 8.148660290610642676e+01 9.553778752901055782e+01 7.512951210267793556e+01 8.263046083636128003e+01 6.684831445380349635e+01 8.710330186206736869e+01 1.003286643309991319e+02 1.044822332964689622e+02 9.819436090611836221e+01 1.196625000997250794e+02 1.046533240389300090e+02 8.429731443243510114e+01 7.266618796170435246e+01 9.290077641428614186e+01 1.004592025563567148e+02 9.359427546296306843e+01 1.139439672649513540e+02 1.294072964913922306e+02 1.322562573267796893e+02 1.240651022468340443e+02 1.217209558821628264e+02 1.074607474039666926e+02 8.700235782787245853e+01 9.492724103458351692e+01
7.270814123249905947e+01 8.013951757894491834e+01 7.762131415372370213e+01 5.783098862535857876e+01 6.021549702929863201e+01 7.486915941601064617e+01 6.010167652939665572e+01 4.863605718558380886e+01 6.810046539554015510e+01 7.714482202609160311e+01 9.123680327699429427e+01 8.577915252086808096e+01 6.585918361645408936e+01 8.577915252086808096e+01 1.039278903532305662e+02 8.955745117932207222e+01 9.552353371911347324e+01 8.710330186206736869e+01 7.147152929473692495e+01 9.192283101936068590e+01 1.057899597341311875e+02 1.196625000997250510e+02 1.280721253806899540e+02 1.130142323275287310e+02 9.696533410558222954e+01 7.664254564825778004e+01 7.729534739847775882e+01 8.068638787289992820e+01 1.010794306878789683e+02 1.008021901328584562e+02 1.152007347460389326e+02 1.353218075994439289e+02 1.319562918312908835e+02 1.118045229946504264e+02 9.998677015506976318e+01 1.058114303855841456e+02 8.532827878751740514e+01
6.899575553756461943e+01 6.037754449961331460e+01 7.207172571314119125e+01 7.161362223945434380e+01 5.216375624855581350e+01 6.660428815791912882e+01 4.787029832771877835e+01 6.281450397788997009e+01 5.365736057111711688e+01 7.309496085489146822e+01 8.681623437603231253e+01 9.044667574552944700e+01 7.035505121724038702e+01 9.044667574552944700e+01 1.062898297092638700e+02 1.099755966521700117e+02 1.064075753148476480e+02 8.592305348466351234e+01 9.192283101936068590e+01 7.685827701252800637e+01 9.741578191953331611e+01 1.120845677057161822e+02 1.237695938365822030e+02 1.155950962594658478e+02 9.526128555987141056e+01 8.082702720756756776e+01 9.762773626531068771e+01 1.010794306878789683e+02 8.631608876751201365e+01 1.067455413721670254e+02 1.218755271720985860e+02 1.335229915708063118e+02 1.402375960449057573e+02 1.286298425795050377e+02 1.149439535175312130e+02 9.452301099435250364e+01 1.058114303882423997e+02
