LEM/sinusoidal_perturbations/elevation_000232.asc
nrows	100
cellsize	150.0
xllcorner	0
ncols	100
yllcorner	0
NODATA_value	-9999
[rows 17 to 33 of 100, columns 37 to 73 of 100]
3.202712582375563954e+01 4.624663007448451424e+01 4.730604230207799787e+01 5.611536234065557238e+01 4.926752066078435632e+01 4.367378599701984143e+01 2.593468098135996769e+01 2.012472189513314902e+01 4.114800942991134036e+01 5.220640387751718237e+01 6.158926458684770466e+01 7.290308305096516506e+01 8.177760288520525478e+01 9.114905211120783690e+01 8.084783237624843366e+01 6.045643849175516493e+01 7.032554893108651584e+01 9.062596896548663494e+01 1.011843360397815417e+02 8.730825709564527415e+01 6.774911579917474569e+01 7.064959797164250688e+01 9.013651477472778595e+01 8.751841073271384630e+01 7.897003486717473209e+01 7.187675968212640498e+01 5.585857732476410575e+01 6.375448628578239152e+01 7.471243536967480736e+01 9.558322895874809433e+01 1.035628624925447383e+02 9.385075847796049686e+01 8.216422270760378410e+01 6.308829237741370122e+01 6.717662627210705750e+01 8.061199467493504756e+01 1.002752111868740883e+02
4.773440581463405152e+01 5.569237492634151465e+01 6.470892588700601777e+01 5.909388369322786616e+01 4.235531904403929815e+01 3.500824069885697298e+01 3.589062506731687563e+01 2.060384341836559230e+01 4.213784912014876483e+01 4.813317912262017018e+01 5.311277742453283679e+01 4.508187755034737165e+01 5.860532709524542838e+01 7.346560156933176700e+01 8.275003082721072190e+01 6.821530999203157819e+01 8.852356907194126734e+01 9.896723100658249450e+01 1.009599481972751676e+02 8.165354149202205747e+01 8.165354149202205747e+01 8.448307178974577880e+01 8.448307178974577880e+01 1.037851335031747340e+02 9.448033964543493823e+01 7.355483081253483135e+01 6.085684250195925671e+01 8.239899148783021587e+01 9.361718194097512935e+01 1.039565311638349812e+02 1.053078276132553270e+02 8.547490258111137962e+01 7.193821947081220003e+01 6.851641092273344213e+01 8.637121745134263051e+01 7.726216643612208657e+01 9.683142746095096243e+01
5.179953631828649208e+01 6.015618642753128142e+01 7.026032519579906932e+01 6.156884817554693257e+01 4.538288557346142227e+01 4.674385769608348085e+01 3.150478877380889386e+01 2.109229037711057941e+01 3.686263928241493204e+01 2.792422701828309073e+01 3.258636341402414871e+01 3.807381635101700113e+01 4.404819155752418425e+01 5.338547692712602810e+01 6.827291812020419570e+01 8.852356907194126734e+01 8.261099429945119255e+01 1.027977872762318015e+02 1.090493670091038325e+02 1.009599481972751676e+02 1.009599481972751676e+02 1.037851335031747340e+02 1.037851335031747340e+02 1.118903450003632969e+02 1.028489868194668588e+02 8.909326308638770797e+01 6.792411755916947413e+01 7.472303953577171853e+01 8.963319936358588791e+01 1.100305893839490636e+02 1.038098383172264363e+02 8.400448307796250447e+01 9.128383183226182496e+01 7.411615016499409592e+01 9.356775997483924812e+01 9.683142746095023767e+01 9.098697396313961860e+01
3.160557550876513844e+01 4.168150503217093217e+01 6.191960724781333170e+01 6.946438536889962734e+01 6.163883589977880462e+01 5.843405307057597753e+01 4.897506807846549037e+01 4.096313535394035910e+01 2.178386196157565990e+01 4.161839655569156093e+01 5.258753542954337235e+01 5.864529284062057002e+01 6.494450618493056027e+01 7.346560156933176700e+01 8.275519621044144003e+01 9.723747430067871278e+01 1.027977872762318015e+02 1.111134369480392081e+02 1.014409653027685891e+02 9.352974527505023161e+01 9.456361438732207603e+01 1.026659291471548840e+02 1.067478443902422924e+02 1.150770153327950851e+02 1.036321230777108013e+02 8.307107009653822161e+01 7.875451107320374433e+01 9.560745658204317010e+01 1.039687989170240598e+02 1.131890925623195869e+02 1.121401378046941204e+02 9.793249652267121519e+01 1.018678426247585236e+02 8.515785287947677773e+01 8.624773557865553641e+01 1.002728784637151591e+02 1.109411863600259096e+02
4.101122549678101592e+01 5.648034791530020726e+01 7.026032519580810742e+01 8.267511774305057770e+01 6.224587531620126413e+01 4.774661368882568979e+01 3.754109237097591034e+01 3.245296655326931301e+01 2.227047335379619497e+01 2.679815227887971929e+01 5.052707571412519627e+01 6.633360610342083419e+01 7.396981322537372705e+01 7.396981322537374126e+01 9.425278683693993287e+01 9.259047398265235529e+01 9.153288089546691708e+01 9.987916469305072553e+01 9.041813500535771198e+01 7.403153534893645826e+01 7.422328667348550368e+01 9.094162188724659757e+01 8.615007126406742088e+01 1.067478443902422924e+02 1.119368281494678570e+02 1.036321230777108013e+02 9.349216543345615094e+01 1.077583572949457960e+02 1.072273520716948525e+02 9.290174169115398684e+01 1.072273520716948525e+02 1.179989965883444256e+02 1.133960302735007701e+02 1.050559067105705111e+02 1.061637594456081075e+02 1.145047746830084066e+02 1.287366708970955642e+02
2.697346105278996120e+01 4.787358422358057197e+01 6.506543993680151061e+01 7.603442325052202477e+01 7.663463500316927934e+01 6.281353359966770711e+01 4.587723058623154060e+01 2.525680716250927560e+01 2.275000869044288265e+01 2.490387533492938488e+01 3.781247764156135815e+01 5.797011592058525054e+01 5.354512473495628200e+01 7.216934018315552635e+01 8.661806063225262164e+01 7.230058079104337310e+01 7.123566816425532977e+01 8.818550620226248782e+01 8.171812969390720127e+01 6.233533647375838882e+01 6.235348291396936560e+01 7.155423467993679765e+01 8.462284086347260370e+01 9.179930437811128741e+01 1.001268436837747942e+02 1.117582301595321042e+02 1.137720807219656507e+02 1.075165381573320360e+02 9.810316747692901629e+01 7.837414696041403772e+01 9.810316747692370143e+01 1.112340809221523301e+02 1.092061966804439805e+02 1.008350642445182785e+02 1.056744138915850471e+02 1.140411984330997655e+02 1.244892421165382075e+02
4.787358421274081621e+01 3.396444381043516358e+01 4.500940750508194554e+01 6.723994688575507439e+01 6.859065494075406377e+01 4.870337554343795716e+01 3.423991629471836973e+01 4.587724380095428245e+01 4.263682722577395623e+01 2.341612335059671324e+01 4.330190170696828744e+01 5.286208798509175466e+01 4.337446984365213609e+01 6.375746898016497255e+01 7.413166744687075038e+01 5.784764621027685649e+01 5.943015458931544970e+01 7.981427966130273433e+01 7.362519900553581920e+01 5.315553408735623009e+01 7.069127361740575566e+01 7.549758259230438284e+01 6.425045043936901834e+01 7.150120031355587003e+01 8.326726829250330297e+01 1.034542824170572430e+02 1.117797777398547225e+02 9.912510523625388714e+01 7.857469969184106162e+01 6.891833728296876416e+01 8.234576937256255746e+01 1.017987038617661284e+02 9.750939551112126935e+01 8.055500219430719255e+01 8.540727583188112249e+01 9.588781697484256483e+01 1.125366963172452444e+02
5.895571627286895477e+01 4.033692153445235107e+01 6.319067793643465336e+01 7.603447909136009741e+01 6.598485464347027118e+01 4.614138970494936842e+01 5.452822481956035716e+01 4.856457283207522124e+01 2.418120388414434530e+01 2.387969289725628741e+01 3.436157406855743801e+01 3.275316021876842143e+01 4.689143406464141606e+01 6.727723751022372767e+01 5.372728373873798802e+01 4.761207608662753188e+01 6.804549956379590014e+01 7.141987561119557881e+01 6.879922427389472261e+01 4.832803381477996396e+01 5.022700916675076144e+01 5.506028442126387290e+01 7.551203089298034854e+01 9.179930437811127319e+01 1.001268436836963645e+02 1.010660646861755367e+02 1.033980067254387620e+02 8.294140818103718971e+01 7.085268719048418973e+01 6.135408314440853417e+01 8.234576937256255746e+01 8.152601745697896263e+01 8.216635940467978116e+01 6.883463616829760667e+01 7.560346093225443553e+01 8.388263201201965558e+01 9.404507493218069669e+01
5.770045830448016488e+01 4.932094183935195275e+01 6.228475456849687220e+01 8.308567029621265476e+01 7.432292068812805041e+01 5.750829690111332582e+01 6.270639765988120473e+01 4.270683719169342396e+01 4.856457283207522124e+01 4.377301371680682252e+01 2.452122362955866919e+01 4.444211964036619378e+01 5.362892102619277779e+01 5.250644631161556219e+01 3.934699473959283722e+01 5.970358936091777480e+01 6.541290651802077605e+01 5.101061237527967052e+01 5.981184257485918465e+01 4.377757539041582646e+01 5.824233471871564660e+01 7.551203089298034854e+01 6.956006464122270927e+01 8.988134854076047020e+01 9.510272687504409816e+01 8.076610334753341647e+01 9.510272687502302347e+01 9.285395096857236297e+01 7.692529493993308165e+01 5.623941431715714856e+01 7.285255397426796264e+01 6.714919961900774581e+01 6.182905415285736694e+01 8.216635940467975274e+01 8.891609903513200663e+01 9.415108169914508096e+01 1.000116600060602394e+02
7.056770135674638311e+01 7.024985116735624047e+01 6.446050519820133218e+01 8.422642879748610767e+01 8.592329514454097250e+01 7.756404785617552022e+01 7.109778359302995909e+01 6.270639765988120473e+01 5.406519818194006177e+01 3.651794998500583489e+01 2.497122453297225775e+01 4.491758018611491110e+01 3.369607877718983957e+01 3.236612395066347148e+01 5.250644631161556219e+01 6.158870988165053006e+01 5.317220806463237892e+01 3.679523706963353646e+01 3.945132771645371861e+01 5.117451154097996380e+01 7.161065618803390009e+01 8.703034502736785782e+01 8.988134854076047020e+01 9.821668929135566373e+01 8.599798806800897921e+01 6.631101474428041342e+01 8.599798806782209226e+01 8.439441907151392286e+01 6.363867635769197761e+01 5.226840321013064283e+01 5.246365899278669787e+01 5.535218603536876003e+01 5.944808349844871742e+01 6.382520700153527571e+01 6.864220977833153370e+01 7.387608102373792462e+01 7.971002122743392704e+01
6.433976554579098206e+01 7.263082998077071295e+01 8.422642879748610767e+01 9.234294989724608627e+01 8.660290554695062326e+01 7.623596266513938247e+01 6.778485602891836947e+01 6.096826882146682891e+01 4.967326645093599069e+01 2.957742245588400465e+01 2.949751785080218980e+01 2.561303772774861542e+01 2.606929557453650759e+01 4.556751175598477488e+01 5.435988246417031888e+01 4.957369919227058830e+01 3.329879348730229793e+01 5.317220806777907427e+01 5.117451154097996380e+01 6.823541954772764484e+01 8.000570498235494199e+01 8.814796930251372942e+01 9.351327124927848899e+01 9.028569624461465537e+01 7.758830494384839938e+01 5.712098229140860894e+01 7.758830494384839938e+01 8.325891149265198976e+01 6.293556714877351510e+01 4.846291490857319673e+01 6.888820344580085475e+01 7.573513879809351579e+01 7.386515982055203722e+01 7.556672176469848523e+01 8.891609903513202084e+01 9.415108169914508096e+01 1.000116600060602394e+02
4.417860538089724542e+01 6.433976554579098206e+01 7.695167457036681924e+01 9.294323213873647660e+01 7.806431877116261830e+01 5.756756874542303848e+01 4.735983207411170071e+01 4.061351239116827827e+01 3.456237871686735730e+01 4.967326645093599069e+01 4.398692381479865077e+01 4.559718394521377149e+01 3.254754809736782306e+01 2.672946690366665123e+01 2.961901239302346411e+01 2.750541480258229399e+01 4.957369863988209602e+01 6.158861980338205910e+01 7.161065618803388588e+01 8.000570498204334058e+01 8.294537593207586212e+01 7.007008862061690024e+01 7.536497728286319386e+01 8.188141221760528765e+01 6.146238200858716993e+01 5.065481877885929407e+01 7.111596922512156027e+01 7.431790617493486195e+01 6.661872693255962474e+01 4.622411821043132107e+01 6.661872694165600706e+01 8.454124682467355001e+01 9.415153868081863209e+01 9.584539490892120739e+01 1.042222621303111367e+02 1.017858691796431287e+02 1.101356244196977485e+02
6.433976554579098206e+01 4.855997025397451239e+01 6.867511486489068773e+01 7.326477204676997701e+01 8.656567141148399003e+01 7.623596266513938247e+01 6.778485602891836947e+01 5.949635884774122019e+01 3.915765118837351366e+01 5.949635884774122019e+01 6.512574497933094619e+01 5.740713038597984763e+01 3.709107773878807279e+01 3.301435334152405687e+01 2.740287120240521546e+01 2.788545665166796539e+01 4.795084116471203117e+01 5.663893534611832337e+01 6.474570456293326970e+01 7.307397596915997440e+01 7.536497728286288122e+01 5.711665654597415198e+01 7.536497728286288122e+01 8.024457385995435743e+01 5.927939467031806231e+01 4.488904199819599938e+01 5.842889001234993174e+01 5.391886010280702379e+01 6.138684224805262346e+01 4.407012944025085233e+01 5.578815412394846618e+01 7.614861214035080650e+01 8.940562806266075313e+01 1.037378067051522663e+02 9.846915084696178155e+01 8.155871706882979311e+01 9.218983694875096546e+01
6.867511472347574397e+01 6.867511486489068773e+01 5.327205753589720416e+01 7.333652422744142996e+01 8.938889856201609518e+01 8.450811960319647653e+01 6.381818161471628770e+01 5.200199742539250991e+01 4.524621465496158379e+01 6.565365963095874235e+01 7.188938320295841322e+01 5.147324066120850716e+01 5.738509082272322104e+01 5.349760665432774687e+01 4.745895220181860452e+01 4.795088510562533912e+01 2.857993027343895420e+01 4.656946815907155468e+01 4.526408227235777559e+01 6.029483132707969162e+01 6.655377976345361901e+01 5.053466748606567194e+01 6.891042378132404167e+01 7.374338444152614613e+01 6.337896306423100157e+01 5.647820246720134207e+01 3.859211933827653951e+01 3.986396224816391509e+01 4.118666746327726003e+01 4.315301755838488162e+01 6.350911175626109184e+01 6.059523424285635684e+01 7.507297158514079172e+01 8.669839151309911074e+01 7.831085602159330961e+01 6.978067476084704879e+01 7.188793012767719404e+01
8.867450995689144122e+01 7.781461575848534551e+01 5.778798100930935533e+01 6.117491149103810244e+01 8.116763168640336801e+01 9.315854972313040605e+01 8.101703029280287183e+01 6.574550097861059328e+01 5.293960301202778851e+01 7.332826947348088709e+01 8.027621009501494598e+01 7.188938320295841322e+01 7.707793501235956057e+01 6.268356607527597646e+01 5.142942475683885561e+01 3.129049421543976806e+01 4.258875282809092511e+01 2.929865587967032425e+01 4.939004082928125428e+01 4.233068973892177667e+01 5.542573138613879280e+01 4.464366372487420165e+01 5.924644567325203326e+01 6.077556403101854698e+01 4.650625448848517607e+01 3.686940093218551340e+01 5.647886761073265660e+01 5.989360236026731599e+01 6.138684224805258083e+01 6.350911173338771221e+01 4.610927750397780756e+01 6.657740835379941302e+01 7.215853648206608284e+01 7.457468470353484236e+01 5.784700316929678365e+01 6.058483205738180999e+01 6.350561392898075752e+01
9.193061415554697646e+01 7.196757427950180386e+01 6.316187680361959877e+01 8.116763168640336801e+01 7.062849041482689927e+01 9.045126581907652508e+01 9.537033613110483543e+01 8.170604502636690825e+01 6.475105722779869666e+01 8.170604502636690825e+01 8.774457186445175694e+01 6.739817302700352286e+01 6.561418556336688823e+01 4.828919713819240656e+01 3.404543347757481087e+01 5.142942475683885561e+01 5.599948649127089340e+01 3.868426405179444316e+01 3.001555089856935155e+01 3.960128650696205455e+01 3.662357054703594628e+01 5.153898766596444148e+01 5.244473095145262675e+01 3.301411516463569740e+01 3.786625985660536031e+01 3.560395328638406909e+01 5.513190153525093962e+01 6.905468240888775711e+01 7.795752712625379388e+01 6.657741529435952543e+01 6.657741313097172053e+01 4.930900662638530463e+01 5.164303884848234816e+01 5.407299873498675424e+01 7.457468461023857742e+01 8.101718760355097970e+01 8.390161819589100389e+01
9.193061034125649655e+01 8.870008641503019930e+01 6.872176852836041405e+01 8.870008687115662838e+01 8.474450934452899276e+01 8.326339376733552911e+01 1.030418742157859668e+02 9.340325632640191600e+01 8.504495929473367255e+01 9.072806564691869369e+01 7.898488708864279317e+01 6.739817302700352286e+01 4.697880621824820935e+01 3.689955442665829111e+01 5.426003517288972944e+01 6.268356607527597646e+01 6.551318080945863187e+01 4.740716099477472056e+01 4.117157123201955216e+01 3.073229084210652218e+01 3.124484910707276697e+01 3.176067010400137036e+01 3.227792701015762589e+01 4.047430493338503510e+01 3.375209361085196491e+01 3.431944717061531946e+01 4.503020694127698675e+01 4.950847054967900362e+01 6.957397063456753017e+01 8.695753787885583108e+01 7.823486733521535541e+01 6.982058364097886738e+01 6.353613263639296349e+01 7.457468470352789325e+01 6.437956467620224998e+01 7.620007162201942208e+01 9.647627792052919915e+01
