LEM/sinusoidal_perturbations/elevation_000463.asc
nrows	100
cellsize	150.0
xllcorner	0
ncols	100
yllcorner	0
NODATA_value	-9999
[rows 68 to 84 of 100, columns 0 to 36 of 100]
5.009162696260268353e-03 1.959878305457004899e+01 3.445695067767614717e+01 2.358327819785668922e+01 1.184644811651573271e+01 1.067173327877379130e+01 1.875777292211894220e+01 2.780719194973460873e+00 3.101509368464958616e+00 3.422925811831100784e+00 3.745040636317890748e+00 4.066766182420043840e+00 4.389121329227387847e+00 4.710120768981703954e+00 5.031283898153958489e+00 5.354885899010508155e+00 2.164040013174527743e+01 2.782823740740585450e+01 2.290785369312905573e+01 6.990729132037417415e+00 7.329950851094038988e+00 1.765747735388476514e+01 2.819239534137438952e+01 2.841535715945925133e+01 1.140185126067880361e+01 9.585119427123615310e+00 2.385410173640122622e+01 3.711394285241697588e+01 4.487953409417814754e+01 5.398483020284476908e+01 6.434439824033866273e+01 7.262701609556047799e+01 8.303197201623642343e+01 7.151804881002186676e+01 6.098143952226482867e+01 4.122632347008148912e+01 6.098148330258148775e+01
4.695337527364121070e-03 1.414683096125843953e+01 3.414683096125914119e+01 3.978528604789396894e+01 3.116863283752778457e+01 2.028211412666174240e+01 3.214486412365950940e+01 3.002914186364195004e+01 9.822707367383063826e+00 8.963991530886065817e+00 1.184984069283091834e+01 2.323986470816386429e+01 1.835758250088527888e+01 1.961119578411436848e+01 2.498564794311558046e+01 7.543807034420643376e+00 5.824973076860727517e+00 6.165318242269793636e+00 6.507622893115748930e+00 1.300683692800433988e+01 2.026275797582794880e+01 7.806006416065903508e+00 8.431240578022990206e+00 8.430623580089980251e+00 8.787473238589912583e+00 1.156609891546332491e+01 3.512932038244882449e+01 5.232546400881575721e+01 5.846919653396338390e+01 5.017891305410116587e+01 4.431137697236640349e+01 6.434439824033866273e+01 7.178695503109032927e+01 8.006918008362809758e+01 6.925608099999446665e+01 5.104441827523633890e+01 6.925607756261501891e+01
7.614146464036155443e-03 1.153083465727056733e+01 2.543689113724897055e+01 4.450920272129624067e+01 4.887126006785273802e+01 3.963641043414920517e+01 4.206616740552745881e+01 2.138138713378110722e+01 3.078805600204311332e+01 1.471019331733617541e+01 3.003414758379887317e+01 2.477111462194905656e+01 3.618130617577124042e+01 3.564367560078956387e+01 1.186335878227900409e+01 8.712824829034957475e+00 1.972342124554677056e+01 1.779801410108715132e+01 8.904314797428733996e+00 2.694305286025986135e+01 3.138693969953906659e+01 2.340457242003043348e+01 8.046052404360171550e+00 2.832468659797424948e+01 2.899947337788011481e+01 9.411764985839589315e+00 2.960240238286355918e+01 3.604536551248434506e+01 4.009605315589089258e+01 3.001319325890611012e+01 5.017891305373706246e+01 5.765177857270642647e+01 5.179679677710693397e+01 7.178695503109032927e+01 7.921637158780326615e+01 7.091854833397499647e+01 7.921637118028917257e+01
2.352828262072654761e-03 2.000235282826171712e+01 3.374452093376413586e+01 4.202879218065682920e+01 5.357579756255308467e+01 5.626294336238265714e+01 3.618566790662568877e+01 4.206616740772300744e+01 3.330404588730336002e+01 2.116203089933711112e+01 3.918209356748128158e+01 3.624106380300406016e+01 4.711054259534851241e+01 3.184883697764454169e+01 1.173339216346141534e+01 2.879213745739651387e+01 3.243499408030508135e+01 2.751070850617080055e+01 2.172945353109769329e+01 1.841196944333601593e+01 3.795894730486705981e+01 4.440245426737872236e+01 4.287551275598416112e+01 3.439190998847882952e+01 1.623058662874712610e+01 9.839687746477340013e+00 1.870773669657407723e+01 1.585308197121107376e+01 1.984263023905676349e+01 2.526796669201046086e+01 3.118309432220588562e+01 3.761789378877821832e+01 5.179679677710679186e+01 7.178695502339796519e+01 7.856618132958283240e+01 7.027039651690124344e+01 7.287482535031246300e+01
6.786455232800275850e-03 6.673453121899437512e+00 1.374452093376484996e+01 2.529152631755716030e+01 4.529152631755644620e+01 6.454407358955411667e+01 5.626293677690244976e+01 5.980390722539011250e+01 4.664720750501727053e+01 2.814665416324184477e+01 4.665132337965896880e+01 5.129698627858449100e+01 4.829483491384796423e+01 3.087141202426450093e+01 3.184883697986786188e+01 1.491698669429176505e+01 3.507773026923639748e+01 4.591088385107000391e+01 3.526854004506832752e+01 3.886597905393245611e+01 2.892564571996521749e+01 4.749577272234987646e+01 4.834327161879943446e+01 2.864971142381688551e+01 3.441287200500395471e+01 3.003333752940643819e+01 1.044230727697806493e+01 3.064461799249933804e+01 4.009603874444096050e+01 4.550449205653097096e+01 5.131650794304391638e+01 5.765177857270642647e+01 6.593298843036760104e+01 6.900901790788437040e+01 6.701293911550496318e+01 5.026663348496803252e+01 5.286897406490191997e+01
3.257643153035955173e-03 2.000325764315267918e+01 3.374452093376413586e+01 4.202879218065682920e+01 4.543242457394313760e+01 5.371689624149468756e+01 5.492948592761769078e+01 6.321521648995945952e+01 5.501678827411865313e+01 4.112938929172930358e+01 5.501678827437125818e+01 5.825797286849336132e+01 4.429983633048377811e+01 2.465537845042778997e+01 2.053703438617574761e+01 1.773248095772013855e+01 3.786861556638565673e+01 5.037313804569794229e+01 5.277677073823966936e+01 5.429347248107038126e+01 3.676230284922814207e+01 5.429347248107038126e+01 5.677044272258937241e+01 4.838582676913028990e+01 4.243943103731152888e+01 3.107901936955829214e+01 1.087057623600895440e+01 3.107165781635366386e+01 4.623844554967909204e+01 3.858167102123685055e+01 4.652191009268743471e+01 5.613249462640740717e+01 6.313174757353117172e+01 4.899510526279562583e+01 5.805485428672417925e+01 3.868667793841159153e+01 4.129683848864097939e+01
1.880098487986705483e-03 2.000188009848763215e+01 2.662421491241506288e+01 3.010576886414927245e+01 2.543241703907577289e+01 3.859946276343930549e+01 3.492938945299222553e+01 5.243084629198141755e+01 6.397807419047446587e+01 6.052485429596448085e+01 6.141555209629402157e+01 4.217971540617173076e+01 3.081314512586352095e+01 4.429983633048379232e+01 4.001796143667904460e+01 2.912073562926477521e+01 2.191520993710013698e+01 4.200858846985012462e+01 5.471342615259860054e+01 6.177380664448194381e+01 4.922026844043360683e+01 6.177381486055207915e+01 6.215846063169011160e+01 4.210837278808276807e+01 3.409864184904094486e+01 1.277004648629609207e+01 1.129909602673425084e+01 3.151547090558716135e+01 3.208507382432536303e+01 1.982493822819862572e+01 2.801429573519727256e+01 4.779621804749858427e+01 5.484532990691779730e+01 3.480100290642064920e+01 4.217278866342601162e+01 2.968362665109426857e+01 4.976053737405360522e+01
2.900726248362994839e-03 3.290880472355515618e+00 6.624213805688863310e+00 1.010576692480285033e+01 1.388541165489515627e+01 1.859945686280555677e+01 2.414645882505774921e+01 3.569346420719530499e+01 5.569347177114433123e+01 7.312162893280188314e+01 6.935034493623192020e+01 5.514754210902360398e+01 3.576742874805513139e+01 5.514754210902360398e+01 5.647404888122134281e+01 4.838686432868264120e+01 4.200858846985014594e+01 2.625554502482828312e+01 4.041278603796664726e+01 6.065056868989342576e+01 6.669295450028100447e+01 7.044895931311603476e+01 6.043848771034985390e+01 4.210837278808276807e+01 2.168733861148403719e+01 3.399260602137555765e+01 1.250863276268679769e+01 1.190317005416277141e+01 1.233638668751772016e+01 1.277421650253657326e+01 3.302658272016002883e+01 4.191601550826926825e+01 4.915445484840617496e+01 4.216775210331751111e+01 2.245225659573397081e+01 4.217277826667788787e+01 5.147494208625104761e+01
5.081304048347549951e-03 2.000508130404799090e+01 2.662421481768812015e+01 2.165277230880669279e+01 3.388541483989290271e+01 2.653452229802143236e+01 4.414645904625868411e+01 3.483690850117044846e+01 4.483690849715794968e+01 6.483693388297341187e+01 7.421626234612348583e+01 5.514754210902349030e+01 4.380746306110189892e+01 4.812035634358731073e+01 6.702589079702690356e+01 6.389766079478141592e+01 4.362112873448386097e+01 2.945352021984701807e+01 4.956000722086952948e+01 6.531938251801524586e+01 7.702084882517561937e+01 6.216649676709734251e+01 4.213506940796022349e+01 3.206583059215756748e+01 4.210376920187132299e+01 4.549028569960160695e+01 3.424555837385825185e+01 1.420298150733315978e+01 3.242217205780762157e+01 3.301843890409738691e+01 1.340790763227932381e+01 3.358002182759938137e+01 2.885401203765018252e+01 3.519686569206597682e+01 1.896052212579049367e+01 3.806090390663321443e+01 3.971611470913718023e+01
4.469920835086939326e-03 1.414660554458743036e+01 3.414660566241646222e+01 4.165277691809756533e+01 4.993717808769363131e+01 4.653453095696016817e+01 4.286445477761921552e+01 5.483691564488236736e+01 6.312156399428774733e+01 7.312211420561159514e+01 7.857995951646081778e+01 5.951244167420151143e+01 5.747623670492147596e+01 6.152305645026894609e+01 7.479377625442451460e+01 6.943367157768899744e+01 5.407557107970007593e+01 3.388534764188808168e+01 3.671034382143844965e+01 4.835822687408025899e+01 6.868419328149049363e+01 7.044895931311603476e+01 6.043848771034985390e+01 5.215077848503417357e+01 4.961904969865465631e+01 3.779834196600318563e+01 1.754364895396199842e+01 3.444192042561363110e+01 4.258641857267615904e+01 4.043399705598524463e+01 2.622039847546588476e+01 1.404626485172549266e+01 1.450024711475721162e+01 1.495291317739969550e+01 1.540454282199604918e+01 3.565198690433157225e+01 1.948494010601406856e+01
2.324776005098761877e-03 2.000232477600474468e+01 3.181263111598030591e+01 3.888396943025212238e+01 4.717124111421017574e+01 5.872064007084287596e+01 6.286449727217076600e+01 7.114925068834554622e+01 6.725229163118422093e+01 6.725229164014771754e+01 7.554210845801203789e+01 7.857995951646081778e+01 7.698589406163159765e+01 7.945722057488636381e+01 7.279589956929983430e+01 5.244757202382358940e+01 4.072515041304247774e+01 5.407557107970011145e+01 5.694899110485153670e+01 4.620009051569705605e+01 6.653059212704216918e+01 7.143169035022098967e+01 6.315318687775058493e+01 5.327212698381023159e+01 4.132385562474456719e+01 2.107154918389881004e+01 3.779834196600318563e+01 3.410833362691176518e+01 5.362344852089572811e+01 3.357068700916018855e+01 1.926447361470698638e+01 3.429922593326379143e+01 3.475032939594916570e+01 3.519960199128994560e+01 3.557278039580108242e+01 1.604572124968164459e+01 3.618077274234164520e+01
8.699724428260374037e-03 5.782202416324605743e+00 1.181242930788519097e+01 1.888349712052677987e+01 3.043050579126028055e+01 5.043161551108305929e+01 6.293798262531447563e+01 5.464792964132232811e+01 4.723761891395238166e+01 4.723761891395291457e+01 6.725229164014771754e+01 8.004821084393289254e+01 7.583548011301644465e+01 8.443142069282616546e+01 8.115004479357845923e+01 6.693389593183265163e+01 4.655070635510198684e+01 6.693407930636348624e+01 7.420711219661191649e+01 5.389095777273468713e+01 7.420711219661191649e+01 6.315318675577037055e+01 4.314844683040939088e+01 4.498242750632770992e+01 2.477752575226794107e+01 4.132385562474456719e+01 4.962348808863632144e+01 4.835492512459481418e+01 5.369728395341413574e+01 3.357340075785239719e+01 3.946034409473286786e+01 2.538333016543517218e+01 4.553686272700372939e+01 5.280642912623365248e+01 3.261161882912298893e+01 3.629692245581675536e+01 1.669729135176982382e+01
2.249585233037712084e-03 2.000224958523268270e+01 3.181263111598030591e+01 3.888396943025212238e+01 4.716679949907726410e+01 4.179469910227876994e+01 5.007233159271948608e+01 3.463588469719887541e+01 3.308815938365193432e+01 5.309978082960024892e+01 5.167733506087756723e+01 6.586276961089988902e+01 5.528051225302564120e+01 7.225744318327420501e+01 8.349754945582441223e+01 6.321149994350125922e+01 5.568583332430708310e+01 7.531868899032427578e+01 7.419210320464442532e+01 7.420711219661191649e+01 8.248870701823813079e+01 6.315318171495835742e+01 4.314844682695564160e+01 2.888161133767482980e+01 3.310417508213663496e+01 4.498242755065486165e+01 6.500557143943915150e+01 6.836928360359507906e+01 6.214300055160839520e+01 5.372208611281799762e+01 5.003331079250313707e+01 2.992458370501329412e+01 5.003331079232686562e+01 6.117688512913122878e+01 5.067018060065741025e+01 3.090630804380544205e+01 1.724852050962060090e+01
2.739267172789772273e-04 2.000027392671692539e+01 2.401950898366163401e+01 2.606142995745490865e+01 2.813612191312561706e+01 2.178925845971848574e+01 3.524631535842654273e+01 2.308654923606780685e+01 4.309397010579778708e+01 5.583836161188874314e+01 3.750946524059600762e+01 5.213518910014764174e+01 4.365808290692653770e+01 6.384180428030634857e+01 8.208367327738234565e+01 8.349758072350248028e+01 6.748217452485077672e+01 8.447748044812239243e+01 9.416346372028877454e+01 8.321164708103717089e+01 7.319595299238388009e+01 6.491235685247183085e+01 5.206791842386467550e+01 3.200103662043464681e+01 5.206791842982811858e+01 4.582853375655777484e+01 5.997121729569549586e+01 7.994878381487285424e+01 7.424695678872554083e+01 5.735674010757734465e+01 3.730070290535911681e+01 5.003331079250313707e+01 5.836007496898665892e+01 6.969967596954175804e+01 5.067018974899360018e+01 3.890293745548110849e+01 1.787314687706142635e+01
8.327778614586212741e-03 2.008327778614590109e+00 4.018403409133027182e+00 6.059644861452606612e+00 8.133548250917016276e+00 1.024173335773187787e+01 1.524173506148052581e+01 3.524641399530457164e+01 3.890989325451077008e+01 4.186223067700060341e+01 2.750540750672825396e+01 3.209403347452882826e+01 4.210149467258722211e+01 5.367676734377871384e+01 7.376932996684439559e+01 9.094130576066510230e+01 8.783077872808421205e+01 9.641078743907522153e+01 8.906931211346875443e+01 6.904898910033359982e+01 5.492343713100543567e+01 4.493260204962233928e+01 3.937219648062989563e+01 3.605776320651484923e+01 5.607045727461188278e+01 6.582251096641404331e+01 7.410036995046147013e+01 8.007683635728079707e+01 6.002442607324447721e+01 4.586745283635293191e+01 5.735674010757734465e+01 6.569021439359572412e+01 6.480401194058602243e+01 5.652683211683839914e+01 4.842748119301317189e+01 3.840125854778180781e+01 1.842776264559423893e+01
6.510866554257996840e-03 2.000651086652444732e+01 2.401950898365952014e+01 2.606142995745490865e+01 2.813612191312561706e+01 3.022798755947008331e+01 1.364675950766552326e+01 1.625053781036411849e+01 1.889960285446677091e+01 2.184844364379453907e+01 4.186223067700060341e+01 5.213518910014764174e+01 4.365223577776792041e+01 5.261654206513070875e+01 6.265609018393513452e+01 7.686232489776568855e+01 9.681434483555385384e+01 1.003865152216960865e+02 9.168106530807320098e+01 7.169400335062307761e+01 5.756924913249733322e+01 6.491235725546162882e+01 5.937066947736470013e+01 4.424752568086283588e+01 4.294328540988092868e+01 5.707288357620588215e+01 7.704873204028776001e+01 8.007683635728079707e+01 6.002442607324447721e+01 6.002442607324447721e+01 7.424695678872554083e+01 6.739733605479320033e+01 5.324389652213328361e+01 3.648714190908426502e+01 4.029646891541795384e+01 2.048198343971797897e+01 1.891232445973414400e+01
8.953482861371391335e-03 8.953225303538333790e+00 2.050020337101256018e+01 4.048501660774033439e+01 4.365858743664845321e+01 2.364724148831758654e+01 3.365259746387634010e+01 3.625840490158475404e+01 2.556640629613052695e+01 4.186222667699086486e+01 2.870867411301088268e+01 3.425647993683835324e+01 4.092623813986228498e+01 5.093974946950099536e+01 6.251311465024900116e+01 8.255879845933453964e+01 9.448089699189230828e+01 8.019931169744396016e+01 8.761900667649302932e+01 8.583822198144113713e+01 7.754807826196451970e+01 7.835224234186335934e+01 5.837623703316537416e+01 6.422707352706454742e+01 4.828743862152762745e+01 6.241114148641553783e+01 8.238768848568047076e+01 8.846948750420652630e+01 8.007683635728079707e+01 8.007683635728079707e+01 7.022423087835844058e+01 5.608975462952723490e+01 3.909049044603855094e+01 2.463696831522065267e+01 2.275818375120381631e+01 4.029646892183304629e+01 3.921351864243111862e+01
