LEM/sinusoidal_perturbations/elevation_000699.asc
nrows	100
cellsize	150.0
xllcorner	0
ncols	100
yllcorner	0
NODATA_value	-9999
[rows 68 to 84 of 100, columns 0 to 36 of 100]
5.009162696260268353e-03 2.000500916269590590e+01 2.660348554812635058e+01 1.211141979833984728e+01 1.610183903874274236e+01 3.582775203554663079e+01 4.459083582793191169e+01 3.648535071737065749e+01 3.277486909891877076e+01 1.569389640216139803e+01 2.130218348246247118e+01 3.941807685637156311e+01 1.937543276337482112e+01 3.946495538356274579e+01 3.519925466532725267e+01 5.535352763097210271e+01 6.850871895390000077e+01 4.915493748772126281e+01 6.205745846521270437e+01 7.837543366643491538e+01 8.812229059261923680e+01 6.780295470681194558e+01 7.153162231810055971e+01 6.360840248523794571e+01 5.531269248120567994e+01 3.459839568621055150e+01 5.128879175614020625e+01 5.978311448099658776e+01 5.616917616541122271e+01 3.581059965895722286e+01 3.482530651101608754e+01 4.027947548149786883e+01 2.101813131047877903e+01 4.116173664816614775e+01 4.664410897824496516e+01 6.659612359204855636e+01 7.488083229924272644e+01
4.695337527364121070e-03 2.000469505614085364e+01 3.870339327352260739e+01 3.166451288208573089e+01 3.142175052929320245e+01 2.579402632695767039e+01 2.149541288763438018e+01 1.609636759572103770e+01 7.836428138138402666e+00 3.079997323664198650e+00 2.425198087358691978e+01 2.888558843330599046e+01 1.437216656650226554e+01 2.104188162638153869e+01 3.259314513815962044e+01 5.272603249129073077e+01 6.205745845795546956e+01 4.253880230783288852e+01 5.096984587617654938e+01 6.469893929479171391e+01 8.396717186034722147e+01 8.812229059262230635e+01 7.929911390602504184e+01 5.866751422454207443e+01 4.647335335808051582e+01 5.128879175613905517e+01 3.097633895364380407e+01 4.751686396383245636e+01 5.600058668933296957e+01 4.379572648279025771e+01 2.454599366747108746e+01 2.053413528980290437e+01 2.964355211519733402e+01 2.654833199567967839e+01 4.675720561955949250e+01 5.829355061289129480e+01 5.455395835295539797e+01
7.614146464036155443e-03 1.764838830012969595e+01 2.399652219560908861e+01 2.188729520854186106e+01 1.512162820175772193e+00 1.823216240292159229e+00 2.132020615496347915e+00 2.438038368049632698e+00 2.742142649411686950e+00 3.048092656573762937e+00 2.311930975822147261e+01 8.816260601436754385e+00 2.765064257928549907e+01 3.718792811364869522e+01 4.946311643622068743e+01 6.110168188882660445e+01 5.664395724370591978e+01 3.699639242514656701e+01 5.664395726467957815e+01 7.153207442597994259e+01 7.294217301689877786e+01 8.098495701549367709e+01 8.752229477346234887e+01 7.574237987852640686e+01 6.738745427608492378e+01 5.978311448062678579e+01 4.751686396383245636e+01 2.771923845460018754e+01 4.398943864325224240e+01 5.092292956422085126e+01 4.022218419051972660e+01 2.019726791509535957e+01 3.985106178893549611e+01 4.660175442611572549e+01 3.283566530370234915e+01 3.788291280477469769e+01 4.510836737185390888e+01
2.352828262072654761e-03 1.867443037874046752e+01 7.590962920841702877e-01 1.070835678794205048e+00 3.220195529160843950e+00 1.540836133757859372e+01 9.338237123312133292e+00 2.101760566216827542e+01 2.222325140040085500e+01 2.269303679355966707e+01 3.491512619600983136e+00 2.354099235799287015e+01 4.988109737565501689e+00 2.497568346407720696e+01 3.350729951395606321e+01 4.496865503719571677e+01 5.225051011743386198e+01 3.251714920343220427e+01 4.401099282480286945e+01 6.350617945868118142e+01 5.361298308242835020e+01 6.981039544454053214e+01 8.098495710983829099e+01 8.331215155914513559e+01 7.304095520208704784e+01 6.464585135603442723e+01 5.600059957059261961e+01 4.398943864326308528e+01 2.466184786488146941e+01 4.081190153225092132e+01 3.782264497896672140e+01 1.986369884547419318e+01 3.510447944667767217e+01 5.606512525790022039e+01 4.457095994507188408e+01 5.829355085641606848e+01 5.826128300749221722e+01
6.786455232800275850e-03 3.183370883952295616e-01 9.985762193839299528e+00 1.718112194324173814e+01 4.418733365137923919e+00 1.233301230799712656e+01 2.670530646935619856e+01 2.037096432081362352e+01 3.678885739565561863e+01 2.596498424402114580e+01 3.730347196302822521e+00 3.926598839729912971e+00 4.260985088555492517e+00 4.827654577414152826e+00 1.628242724065771085e+01 3.646527805961933666e+01 4.830385334718291546e+01 2.850736130284706249e+01 4.723436637495152013e+01 5.201942401147513095e+01 4.225638801796169730e+01 5.361298308242835020e+01 7.294217301694767741e+01 7.503088158163878063e+01 5.426082113039471011e+01 4.372408208333667545e+01 3.696339564443682946e+01 3.094644814576884073e+01 4.097803178734015717e+01 2.187917782868357719e+01 2.577646430714263559e+01 1.953303382401940169e+01 3.765084106309569023e+01 5.462995860408304338e+01 6.496586869036779888e+01 7.332663323723922133e+01 7.841172327717319490e+01
3.257643153035955173e-03 1.989429439426427138e+01 1.330546870883424049e+01 1.816683602581876755e+01 1.001134907591910306e+01 2.641248434585145333e+01 3.468234525968053816e+01 3.029496280271424524e+01 4.371788896529517388e+01 3.353324952210552823e+01 2.382010419766280052e+01 2.355937362128697643e+01 2.405294825402858194e+01 4.718841254343667302e+00 1.894143293556308194e+01 3.932073131272196065e+01 4.449408403000642664e+01 2.464743270303381806e+01 2.742899516773467994e+01 3.229012595142298636e+01 4.121437234606378297e+01 5.258736715238207893e+01 7.192614033879090130e+01 8.331215155914513559e+01 7.304095520208704784e+01 6.464569696196630844e+01 4.732427597944409570e+01 4.504928493665881462e+01 4.863444095432534198e+01 3.312594719438617119e+01 1.906860631908277171e+01 3.556296030294554100e+01 3.273618551747124883e+01 5.180414524769683027e+01 6.299618014689122703e+01 6.414006288234438102e+01 7.222990828248339312e+01
1.880098487986705483e-03 2.000163603135908019e+01 2.831646267415803209e+01 3.274787263927548508e+01 3.026034583888159091e+01 1.944540004853238813e+01 3.701480749581773466e+01 4.600782528214232059e+01 5.186544516871041566e+01 4.012769206783064391e+01 2.921871444431443265e+01 2.311241488050245252e+01 5.168042428990951009e+00 2.419766773901043067e+01 2.937525380727988278e+01 3.789635699969405636e+01 3.683158098335233888e+01 2.092327825906602712e+01 4.080865544843666726e+01 5.201942401147513095e+01 6.006858265105822881e+01 6.878818911042384343e+01 7.996510290847619729e+01 8.563814848132376767e+01 8.300010059764838388e+01 7.637615356266906019e+01 6.802490171146276055e+01 6.578432884603330422e+01 6.036798054789407075e+01 4.194488056501734263e+01 1.874651142753420174e+01 2.641732925896993933e+01 4.066690353073439468e+01 4.530641088601245769e+01 4.357191401991467217e+01 4.482628642262265828e+01 5.704660193269440072e+01
2.900726248362994839e-03 5.966282084908392847e+00 1.226838160924450882e+01 3.215077996654962789e+01 4.473061352589329687e+01 3.717315736327034159e+01 2.872205172133451256e+01 4.581550081216497006e+01 4.815059204135688020e+01 3.181461201763162450e+01 7.225074703749954530e+00 5.622871983625300274e+00 2.455172193301417849e+01 8.185262712442836985e+00 1.034056164576507797e+01 3.027952175702599646e+01 1.691501567765149261e+01 2.192599803457020613e+01 4.177835956387041705e+01 5.618219093324200486e+01 6.421200148568208022e+01 7.392737144887692580e+01 7.979663277320943848e+01 6.571460837672005084e+01 6.307496641182540742e+01 7.715799243230743798e+01 7.130542098710225218e+01 4.957446934489124146e+01 4.943479601404045098e+01 4.082643711043701984e+01 3.346185952458942836e+01 1.829066887879119818e+01 3.822946171962885842e+01 2.536631005175120990e+01 2.920039976995060726e+01 3.326216009775445315e+01 3.758841566529898159e+01
5.081304048347549951e-03 2.000507044208905683e+01 3.215093123442640177e+01 2.296086330347868909e+01 4.270411815579749515e+01 5.356704495570456004e+01 3.732723631812725529e+01 5.310236382955083201e+01 3.931989442987792671e+01 1.725192730581395750e+01 6.075959867983203644e+00 2.341592941309977860e+01 2.025245720689310858e+01 2.822912175303698135e+01 3.027931522767166328e+01 1.348234832132657068e+01 2.504135238358719207e+01 4.177835956387041705e+01 2.978492339055961935e+01 3.646565384389526088e+01 4.644815551804277476e+01 6.591622634844117101e+01 7.155007816811638577e+01 5.163931585337381591e+01 4.900399102776955118e+01 6.720429783358822817e+01 6.515820322523576635e+01 4.311956194641852136e+01 2.802040999143499889e+01 2.484357384272534119e+01 2.446745661769457314e+01 1.796668592972155665e+01 2.030026366940704463e+01 4.079779398942724100e+01 4.926114824953313587e+01 5.298924884425458970e+01 5.704660193269440072e+01
4.469920835086939326e-03 2.000446992083473319e+01 3.828659648914819513e+01 4.270413898364375171e+01 3.691616526781258045e+01 5.667756084519077575e+01 4.923702826856418113e+01 6.218279043313788890e+01 4.366560913325369597e+01 2.653643096566215220e+01 6.395275728689891359e+00 2.535330580989087679e+01 3.292671548029561990e+01 4.190466355250624986e+01 4.029973070308352590e+01 2.019400540016793499e+01 4.030291935953411553e+01 4.486229866888476892e+01 4.125730895570491441e+01 5.531506458407639570e+01 6.421200148568208022e+01 7.392737144887242096e+01 7.134526526545576530e+01 5.895740639514978199e+01 3.910014264415348606e+01 5.895740639514978199e+01 7.130627616740305541e+01 4.957453051786254150e+01 4.784636758603895146e+01 1.981991893992134024e+01 1.750960674742174561e+01 3.195521022851709603e+01 3.996685734700354686e+01 2.589870790649569443e+01 4.623221102703779195e+01 5.613652318549124942e+01 6.070777941860776394e+01
2.324776005098761877e-03 1.000232477600518521e+01 2.414446039973677571e+01 4.414446041152699962e+01 5.667757011728363636e+01 6.493243606155436964e+01 6.819976812757631990e+01 5.223306108297035166e+01 3.263633590543143015e+01 6.846072284891997484e+00 1.167365273536648296e+01 1.662511705677233564e+01 2.670353615034273886e+01 4.415835267092608518e+01 4.845028909960431918e+01 3.063615425891083177e+01 4.849798839256870053e+01 6.441535356426497572e+01 6.068164822381770307e+01 6.867232122164233488e+01 6.930233766092257497e+01 7.596926309803822619e+01 6.033052180733715630e+01 4.449466575858097173e+01 3.363001340099476977e+01 4.697139561841888877e+01 5.524582046547660497e+01 5.158856908983658940e+01 4.467995058787500540e+01 3.640459902200110776e+01 1.718284998258874197e+01 2.464037635159748163e+01 4.204635839631767880e+01 4.623221102701713647e+01 3.196323373197764539e+01 3.653872392969558547e+01 4.131384733438842716e+01
8.699724428260374037e-03 2.000869972442790612e+01 3.016622754308032484e+01 3.593973042421915665e+01 4.260639747279612521e+01 5.089007892791421739e+01 6.089096584504959964e+01 4.353963320293051709e+01 2.012862505297670879e+01 9.721192209377656823e+00 7.297841501553825161e+00 2.798024871507776723e+01 4.122128793806299996e+01 4.510472493790180692e+01 5.685971105433416994e+01 5.133184412789592699e+01 5.964586923111935590e+01 6.556271926246218129e+01 5.698923623946675576e+01 5.472318199058889832e+01 4.550042100355390318e+01 6.210537445004035106e+01 6.461277367274429650e+01 6.169250406920544094e+01 4.697139561841888877e+01 2.708292877022503831e+01 4.107104388285078755e+01 3.135566913525225985e+01 3.582571693156155845e+01 1.671592383080874811e+01 2.297995409517835341e+01 4.048867789159434949e+01 3.680465799041908781e+01 5.470098908917606906e+01 4.364173561681526792e+01 5.613652318549124942e+01 5.503505009153403194e+01
2.249585233037712084e-03 5.002249585233058404e+00 1.016622738017632521e+01 1.593973007207263315e+01 2.260639673873941646e+01 3.260639673874342037e+01 5.260640501465302066e+01 5.197022184327168759e+01 4.070340818249459858e+01 2.734998569296844195e+01 7.618218185237379814e+00 2.183847029537941253e+01 4.241228039803243632e+01 5.559052024951854065e+01 5.316102737554188451e+01 5.870790200467457964e+01 5.501250824397924077e+01 4.654358956211846277e+01 3.659674316729468302e+01 3.437244211259298510e+01 3.214373703916312053e+01 5.335488284598498154e+01 3.988458446407436497e+01 4.223718219420892694e+01 3.869725277655164319e+01 4.106892239842999004e+01 2.116275058675200071e+01 1.665699801310746153e+01 1.623851682763514148e+01 2.272795120228681043e+01 2.795556908428551424e+01 4.781942472573711456e+01 5.470098905243696663e+01 6.292591691020813016e+01 6.308611452351397020e+01 7.122803438291653322e+01 7.440308205575102818e+01
2.739267172789772273e-04 2.000027392671692539e+01 3.016622754280275132e+01 3.593973042281743346e+01 4.260639750666563685e+01 5.089076488085498085e+01 6.089103342297402577e+01 4.670014690800312707e+01 3.679611577111784726e+01 2.742921758121082476e+01 7.939784748143692283e+00 2.775464646962296200e+01 4.357834749565650867e+01 4.233260244810976758e+01 2.587928515547520902e+01 3.496234667638314164e+01 4.624579883374567402e+01 2.627825393280407695e+01 3.242454996925228983e+01 2.057898220381610344e+01 4.033270565365246796e+01 3.619897228261614686e+01 2.718185064749814472e+01 1.825332045970731443e+01 2.374284012223308338e+01 3.859978621060520965e+01 4.104130806494406158e+01 3.557682420525812717e+01 1.589062309925103378e+01 3.557782033497221619e+01 4.781544680372613243e+01 4.427374628264700362e+01 6.435443244390921791e+01 7.204661690311230871e+01 6.360612002581410707e+01 6.851240602261114532e+01 7.373956547502403680e+01
8.327778614586212741e-03 1.155533316240700081e+01 2.569746878613667107e+01 4.569746876461277196e+01 5.124886764160799402e+01 5.953313797595742329e+01 5.293432008401112654e+01 3.260715684109474211e+01 1.846977572357108244e+01 1.143345847360756729e+01 8.261891390322196216e+00 2.807952058421769337e+01 2.435870978564305034e+01 9.491743798835582169e+00 9.812648723632863224e+00 2.985814805177115261e+01 3.033078301339383742e+01 1.474990097554639767e+01 1.464275529837200907e+01 3.225274832868239372e+01 3.502126995503050466e+01 1.844736080852087312e+01 1.295798860636903171e+01 1.329713176494800564e+01 2.241630524485737297e+01 3.532059004771053878e+01 4.192385170709773945e+01 3.471336646922356550e+01 1.554979711117212027e+01 2.677896873921087462e+01 4.680222664717849312e+01 6.435443244389972506e+01 6.563884959095165073e+01 5.721218829427044028e+01 4.338652317042528495e+01 4.828303841395679541e+01 5.349451455134359890e+01
6.510866554257996840e-03 2.000651086655390287e+01 2.957371119087387612e+01 3.491893602850610279e+01 3.124886764828606189e+01 5.027426926194334555e+01 6.027427378922290302e+01 4.703404934954037486e+01 3.798763427148927718e+01 2.967997847106090958e+01 1.127207304253517783e+01 8.716538871955743062e+00 9.037883211230173686e+00 1.251468753190326311e+01 1.768334400966040931e+01 1.026812096312278300e+01 1.059093244319735838e+01 1.091404448733229415e+01 1.454987141580735610e+01 3.096450699663178696e+01 1.215363051287611285e+01 1.248454637110935828e+01 3.192061473252380210e+01 3.291334399661530341e+01 1.377902814309038071e+01 2.181021368287508011e+01 3.388966539634873243e+01 1.507824563537636209e+01 1.546454110515221814e+01 3.831573415908067659e+01 5.515559003701173424e+01 6.116126141919122716e+01 5.274066287861491276e+01 3.696639618840838182e+01 4.176078996980983504e+01 6.197725475640903881e+01 7.373961562416035065e+01
8.953482861371391335e-03 4.722998690771668784e+00 9.573711191498286865e+00 1.491893602974672817e+01 2.199000384161207933e+01 3.199000384161190169e+01 5.199000383580857942e+01 5.970509374522089274e+01 3.967543673581447194e+01 2.557757880676477313e+01 1.405724131976063518e+01 2.294009850691474028e+01 2.426383401845641430e+01 1.377434325546595772e+01 2.978131040380942096e+01 2.975527526596622963e+01 2.444911353102315132e+01 3.055417341699636324e+01 1.137030268669595756e+01 1.169543194612776382e+01 1.538790483346807747e+01 1.245697918433026352e+01 3.277836474885265261e+01 4.042346284267544121e+01 1.420534203142015706e+01 1.424514977161126872e+01 1.458312072920795188e+01 3.318629652244131023e+01 3.826061179762967157e+01 4.685285027587523388e+01 4.583389156251996610e+01 4.862900159374532194e+01 3.238889394904943941e+01 5.274066287861491276e+01 6.197725475640903881e+01 4.913277114947788959e+01 5.551700242777608452e+01
