LEM/sinusoidal_perturbations/elevation_000767.asc
nrows	100
cellsize	150.0
xllcorner	0
ncols	100
yllcorner	0
NODATA_value	-9999
[rows 34 to 50 of 100, columns 37 to 73 of 100]
5.911175223385731670e+01 5.623972596717997163e+01 3.655936635095644505e+01 4.265015520286911510e+01 4.923674430567052696e+01 5.918684271994003154e+01 7.942568750229241914e+01 9.252598278029500989e+01 8.194327851640341009e+01 7.437575633712157241e+01 6.637375554760441787e+01 5.503100549450526557e+01 3.567983345894599978e+01 5.638082762387352176e+01 6.767298938201689396e+01 8.265939804984996897e+01 7.447769052391663536e+01 6.866049706060096014e+01 8.852163787800125760e+01 8.945739568323047308e+01 1.033256526184846109e+02 8.633938698916293220e+01 6.629240690602978248e+01 7.151628163605573718e+01 6.466003996663388875e+01 8.472540774689048249e+01 9.725797880450639354e+01 7.672106264526289010e+01 7.672106264526289010e+01 9.116603337843694987e+01 9.092917050590193639e+01 8.294284372299689778e+01 7.494962245114368216e+01 6.362378246982321883e+01 5.643986758132084702e+01 3.699414547608363080e+01 5.714093305433207348e+01
6.185925193213054740e+01 4.199122702995234846e+01 3.888938537415192087e+01 5.869660537620206497e+01 6.923808532498969726e+01 7.773339749063724469e+01 8.814251325103060708e+01 8.825732435002687737e+01 8.011689181990482211e+01 7.084317959868178605e+01 5.946595309600030532e+01 3.885597779147619946e+01 5.638082762387347202e+01 3.877014308773997442e+01 5.938873981591180495e+01 7.072243486806564761e+01 8.487349459986451450e+01 8.852163787800125760e+01 9.665829903909914833e+01 1.090893381926343864e+02 1.062281683593251529e+02 8.633938698916293220e+01 7.452974354219948339e+01 9.151614143118494837e+01 7.474742266509935007e+01 9.295393942824250644e+01 1.056110041116108960e+02 9.725797880450639354e+01 9.725797880450639354e+01 9.515264953537220549e+01 8.692578199813162598e+01 8.860134929459400155e+01 7.440396191162911066e+01 6.167504858895552644e+01 4.132422811995893142e+01 5.738330108347290803e+01 3.798185057841927659e+01
4.780824390019596137e+01 6.120306097921153565e+01 4.130948616077247237e+01 6.120306097924182609e+01 7.044206053389241617e+01 9.035908043997318373e+01 9.404084237320806494e+01 7.432767283798135338e+01 6.012791920463058659e+01 6.261059926327419589e+01 4.211348995971106035e+01 5.946658382030253165e+01 6.766639346788315379e+01 5.938873981591180495e+01 4.195402351699657117e+01 5.657137501449083317e+01 7.388313441923918390e+01 8.798894773253753954e+01 8.860521583925668665e+01 9.674498936568005547e+01 1.106560181762158805e+02 1.026951660172045422e+02 8.608524509386755597e+01 1.026951660172045422e+02 8.888492679784299355e+01 1.029114140886944000e+02 1.127270399605367999e+02 1.045317262768502928e+02 1.010132670543680575e+02 8.109055441503875272e+01 6.686193513628168716e+01 7.423629065060963228e+01 6.020657452866426240e+01 4.579593203543156221e+01 6.167504858895552644e+01 6.667136717109754329e+01 5.834781316125321382e+01
6.773547031600467960e+01 6.384725526681911134e+01 4.384215011403012596e+01 5.049345681590260426e+01 6.460872464279808014e+01 8.452497915604998013e+01 9.409053257062291209e+01 7.432958208326759575e+01 7.069755516682992891e+01 5.048675680842612223e+01 4.445646871385024212e+01 6.486457596850735285e+01 7.778135498277117676e+01 6.246319453443259562e+01 6.246319453443258851e+01 4.526178243978800708e+01 5.977732121112568819e+01 7.603762249840136178e+01 6.873410600732283626e+01 8.283396055514424461e+01 9.852656475704382899e+01 1.066463597017676932e+02 1.059636220809579896e+02 1.141543163879027531e+02 1.087504124325390364e+02 1.084571192046067694e+02 1.002578121518881034e+02 8.465048074442317727e+01 8.829875727503886651e+01 8.392869322859351655e+01 7.423628959760648627e+01 5.401245267517617776e+01 5.055733620158643760e+01 6.610736709540918810e+01 7.346909205213400185e+01 6.222163679557705507e+01 4.186219137618838460e+01
6.802231262057986783e+01 4.800054752588965101e+01 6.384725468953455163e+01 6.372779735792477140e+01 6.461260240658060638e+01 8.457429370163228555e+01 1.021850666168620165e+02 9.409053257062291209e+01 7.889622449741793275e+01 6.850548431628901369e+01 4.823342906299094324e+01 4.932883612430486409e+01 6.957070465392905589e+01 8.249003867473777518e+01 7.388313447185122129e+01 6.564679930433098320e+01 4.866814850618931132e+01 5.594674563155119529e+01 7.603761814792288476e+01 8.241143516766288712e+01 7.878964268726497266e+01 9.497768930953839117e+01 1.030965242774481823e+02 1.129110365780793046e+02 1.142817093526454784e+02 9.444892373400818997e+01 8.037400015562865008e+01 7.368265947868037813e+01 6.827260832674822666e+01 6.383206185708056779e+01 5.967075112195635711e+01 7.423629065060963228e+01 7.081783810823407066e+01 7.647054938887099240e+01 6.516028414207153219e+01 4.482542920475290771e+01 6.222163678164849898e+01
7.104123547914787196e+01 5.101712721522333283e+01 7.104123304310625997e+01 8.327016033131930328e+01 8.453637884194921526e+01 9.289449719907611325e+01 1.025452548450975740e+02 9.268127246520994333e+01 7.388393267829101774e+01 5.375987437088127763e+01 6.850555587957055081e+01 5.288234130568047675e+01 6.720074073169942608e+01 8.708659057435862394e+01 8.305688871495731007e+01 6.308470642624203606e+01 6.893442318351284825e+01 5.239318079538720951e+01 5.736174739818554258e+01 6.244862099367136921e+01 6.854699982553634641e+01 7.523319733942230414e+01 8.515140377081884537e+01 1.048039748482578659e+02 1.142817093526454784e+02 9.444892373400818997e+01 9.362987481980165683e+01 8.781394112937184104e+01 8.247281870732325615e+01 8.392869330199127376e+01 7.982648567760172398e+01 8.192048066969726960e+01 7.363000794112892322e+01 6.818514486058573709e+01 4.788949163603660253e+01 5.925107369078369857e+01 7.346893320779679470e+01
6.908849466996372257e+01 5.493232248526582140e+01 5.830640767379072287e+01 7.836594031871703692e+01 9.487751438891952205e+01 1.064658653274859006e+02 9.441400507187508140e+01 7.464566873395868640e+01 6.461317361110592117e+01 5.845352738231542844e+01 7.662829521927980636e+01 5.656695229355588594e+01 7.082136524656725385e+01 9.064746431515330016e+01 9.121580617985770800e+01 8.305688871495731007e+01 8.075180267326201999e+01 7.255572246794298508e+01 5.686665281256656357e+01 7.693499277544478332e+01 8.839619198616638585e+01 9.497768930953839117e+01 1.030965242774481823e+02 1.129110365780793046e+02 1.224653146752053630e+02 1.142817093526454784e+02 1.134667218350072915e+02 1.076707808130997250e+02 1.023638171787706597e+02 9.946185570699429945e+01 8.530353832920859247e+01 7.363101759539394209e+01 5.339812640067378879e+01 5.106443256644076456e+01 5.543690607577655527e+01 7.478858323366688410e+01 8.768584676933721767e+01
7.327130958565638252e+01 5.908687163856980362e+01 7.836594031871703692e+01 6.647645278391559032e+01 7.808041355341264023e+01 9.816337919535170897e+01 1.025452548450975740e+02 9.268127246524272778e+01 8.317539405497794291e+01 6.324527781562760254e+01 8.088721930449197828e+01 6.091109465532154132e+01 6.933538394589504605e+01 8.084932733413624817e+01 1.005543255696807705e+02 1.025071889201670672e+02 8.506543502100259957e+01 6.515000013694849201e+01 6.071786110204935483e+01 8.071388634747189883e+01 9.264589289349048329e+01 1.007689586018891106e+02 1.121055516445600659e+02 1.260651003799706444e+02 1.178690981205609205e+02 1.165143111100190509e+02 1.083054383096949636e+02 1.069229051492062439e+02 9.871954362318911080e+01 8.883583126264230145e+01 7.114522095265961354e+01 5.679738779618813282e+01 7.362722104452616634e+01 5.936756236172060142e+01 7.636409744823406243e+01 8.701839638611755845e+01 8.663063184780838810e+01
7.547016832217401827e+01 6.393015858099354887e+01 8.403363023503352736e+01 8.656847351552704595e+01 7.808041355341251233e+01 9.816337905262112429e+01 1.050882967856911847e+02 8.542943422396562880e+01 7.397695846532698738e+01 6.997085063228794866e+01 8.533382396055991137e+01 6.544800340048985277e+01 8.533382396055991137e+01 9.731756198156897142e+01 1.086789632811821207e+02 9.438453189762748252e+01 7.461574210964006681e+01 8.506543501952410224e+01 6.836340414313096403e+01 6.728918271455906108e+01 7.287065880468766466e+01 8.433668326843047680e+01 1.039964843266927375e+02 1.178690981205609205e+02 9.799161402897327378e+01 1.038135943264715735e+02 8.839871352109314273e+01 9.205137324469502857e+01 7.875648989005182443e+01 8.057197550769188865e+01 6.035757519579133401e+01 7.702613512788489913e+01 8.530353832982700624e+01 6.964677438142467736e+01 8.857144794113938246e+01 8.746227167210891196e+01 7.041253033061703093e+01
8.984212350122645319e+01 6.972545498557559540e+01 8.034689588848404185e+01 1.004377168943717322e+02 8.968732879447904338e+01 1.064658555200456220e+02 1.132086884367500659e+02 1.018678553940198128e+02 8.798363431526961165e+01 7.703641161492221556e+01 9.347658737065829371e+01 8.533382396055991137e+01 7.279034433618498667e+01 8.424074748315516104e+01 1.038970351261894649e+02 1.025071889204133129e+02 8.350954241691205482e+01 9.635245456985674650e+01 7.731362142868572107e+01 7.625060953275300335e+01 9.264589289349048329e+01 8.433668326843047680e+01 1.039964843266927375e+02 1.152957940788564883e+02 9.540804072507111755e+01 8.390209755401808422e+01 7.786241591065434875e+01 7.202757721013719561e+01 6.707699064483377072e+01 6.418109241483504945e+01 8.057197550769188865e+01 7.470417413636283754e+01 9.473810115966570322e+01 8.501535652127279263e+01 9.733929110133864526e+01 9.623388329637946015e+01 8.663062713869477705e+01
9.620171106712550113e+01 7.609647072444519722e+01 9.620171106712550113e+01 1.087536522877178129e+02 1.097418790289968342e+02 1.180413266878169338e+02 1.233513226108418621e+02 1.157520764727700850e+02 1.048703188956378938e+02 8.588593142996064955e+01 1.048703188956378938e+02 9.910852643400910722e+01 7.942836362462668376e+01 9.254847216421507028e+01 1.120160883566353363e+02 1.112931311023355505e+02 9.489953445576085755e+01 1.051574430413077721e+02 8.874278193800266479e+01 8.768776860406251217e+01 1.041064382751486477e+02 9.571590660540832118e+01 1.121055516445600659e+02 1.234946794479728140e+02 1.120283572044720302e+02 1.038135943264715735e+02 9.254493641118344271e+01 7.252767839216265600e+01 8.719509917333843418e+01 7.589561068391003573e+01 8.068501343097241829e+01 9.473810115966570322e+01 1.029674883889217796e+02 1.086025991168632459e+02 1.064307676559150053e+02 9.340413968929861710e+01 7.334673004801759078e+01
1.045305664219150685e+02 8.510168954978075817e+01 1.045305664219150685e+02 1.208784556906007595e+02 1.126091427401613743e+02 1.175244967367201525e+02 1.034200736743860318e+02 1.170787214062687269e+02 1.136501291001233369e+02 9.979352863393702933e+01 1.136501291001233369e+02 1.072296879021983500e+02 8.825581054626779576e+01 1.072296879021983500e+02 1.203005000080147369e+02 1.226030397982724196e+02 1.144974382081954332e+02 1.164818840627304439e+02 1.083753040737373112e+02 1.073265800528895682e+02 1.154336447992599659e+02 1.153079638519790109e+02 1.234127341346423492e+02 1.228719979819330206e+02 1.030127683619459162e+02 9.151009749893232481e+01 8.258144364503166912e+01 7.729610181172570549e+01 9.724753409955212646e+01 9.006852426916415766e+01 1.006570388051321885e+02 1.088761948686033065e+02 1.099025647046693166e+02 9.999003537754168747e+01 8.464356272028334160e+01 8.378123259608835838e+01 7.334674506196810739e+01
1.135532261609861280e+02 9.930577094847384956e+01 1.135532261609861280e+02 1.126091427401613743e+02 9.266048370136594770e+01 9.850331065825083954e+01 8.930430307500408560e+01 9.713489298376637748e+01 1.112431775923177071e+02 1.193863773019225647e+02 1.170516261227082566e+02 1.160046374405723384e+02 1.021523940037021703e+02 1.160046374405723384e+02 1.272307872081723161e+02 1.189702809456761372e+02 1.272307872081718756e+02 1.267073340223282543e+02 1.184484082118763837e+02 1.184484082118763837e+02 1.184484082118763837e+02 1.184484082118763837e+02 1.383803887494732408e+02 1.310606772020279607e+02 1.196101663669782056e+02 1.107241443640049283e+02 1.025084291773349889e+02 8.486284284036652537e+01 8.672507736302057424e+01 1.066315221783983844e+02 1.181801528988184060e+02 1.156890785995862956e+02 9.585024512282841158e+01 8.186569788097915534e+01 7.187140234497688596e+01 6.358581226604389514e+01 5.713474945863695353e+01
1.248329705139259715e+02 1.194972452017828601e+02 1.189338771039278129e+02 9.900792934726240446e+01 8.746977835105330712e+01 7.849132139838431499e+01 7.927360601011012875e+01 8.298619638827170775e+01 1.029763050858963425e+02 1.112377706971008706e+02 9.713233865738773432e+01 1.112377706971008280e+02 1.217368829920462900e+02 1.172755057329699468e+02 1.090216399974500376e+02 9.907299904922402334e+01 1.172755057329691510e+02 1.184484082118763837e+02 9.855883522203785674e+01 9.855883522203785674e+01 9.855883522203785674e+01 1.142006569507265965e+02 1.224557258954297936e+02 1.242991325424687119e+02 1.325638051395640957e+02 1.173462310424190065e+02 9.746586701131356278e+01 1.047727848321031132e+02 9.425780563835425596e+01 1.141501043948329510e+02 1.233596491034601854e+02 1.118338904952163375e+02 1.029130075984684396e+02 9.464238581251902360e+01 8.198296980667538492e+01 6.181440772870027445e+01 7.735601720281573535e+01
1.058075599938559179e+02 1.248329705139259715e+02 1.272075450628473305e+02 1.156951001552219509e+02 1.067694696959833465e+02 9.033345025412918972e+01 7.027204011799247496e+01 9.033345025412918972e+01 1.061470617301326769e+02 1.029665628795758749e+02 8.300574643648177187e+01 1.029665628795758749e+02 1.133357394857518869e+02 1.057733299663627520e+02 8.910104417297712587e+01 8.910104417297712587e+01 1.058547151668231123e+02 1.141092840318943047e+02 1.043843562758567600e+02 8.445281859624580534e+01 9.872837694289542299e+01 9.431016068247230066e+01 1.102372928132703720e+02 1.044126880855196333e+02 1.242991325424687119e+02 1.255421650884764659e+02 1.115408189398589087e+02 1.223501914964256798e+02 1.057599117240549873e+02 1.223501914964256798e+02 1.150715107400706927e+02 9.512742161477211766e+01 8.362358180184932621e+01 7.466703875018286851e+01 6.925496818427406254e+01 6.627509346345244978e+01 8.636749023575302431e+01
1.093092348072991200e+02 1.214638700481495306e+02 1.172556176845173468e+02 1.057262294039464479e+02 9.745500524235784212e+01 8.632116822690180413e+01 6.624445647520424529e+01 7.786070759227912674e+01 9.787837238151463737e+01 9.542208341182799813e+01 7.538052491487999873e+01 8.507477028652857598e+01 1.050569245420442712e+02 9.752047863577284659e+01 7.753907932089209964e+01 9.175234851283735793e+01 8.591095698319847429e+01 1.058547151668231123e+02 9.863061695351341029e+01 7.865848525278931902e+01 7.875693981141380107e+01 8.277439041073775172e+01 9.034013375633449527e+01 1.102372928132703720e+02 1.231340668070964739e+02 1.313994693001977510e+02 1.313617356755844128e+02 1.337957914773647872e+02 1.256113207257617006e+02 1.302491867911633676e+02 1.102749878282355951e+02 9.617919061104066714e+01 8.621658561219452110e+01 9.322304791415101022e+01 7.323583437246328742e+01 8.636749023575302431e+01 9.463954411217953577e+01
9.478766962235916083e+01 1.136346519352232605e+02 1.089849507111625542e+02 8.901449935069430808e+01 7.743672500162394101e+01 8.265567892459048949e+01 6.257479424489716280e+01 7.679054194514698395e+01 9.681537216553917347e+01 8.874156391284532219e+01 6.857308747272870164e+01 8.874156391284532219e+01 1.033994925097495781e+02 9.175234550330991112e+01 7.173425126416289288e+01 7.173425126416289288e+01 9.175234851168097805e+01 9.826288974503822260e+01 9.329284023153945782e+01 7.328063648031810828e+01 9.329284023153945782e+01 1.027168735759347413e+02 9.062460277412067455e+01 9.664066948203063134e+01 1.032688905975031872e+02 1.131820568282725077e+02 1.272318355597404462e+02 1.472194653515680329e+02 1.333198765351791337e+02 1.250192922292576725e+02 1.244145375033955503e+02 1.144318348750294376e+02 1.047329154675550456e+02 8.479724001364830599e+01 7.993310088623182708e+01 9.986802142811069416e+01 1.006960579125735507e+02
