LEM/sinusoidal_perturbations/elevation_000511.asc
nrows	100
cellsize	150.0
xllcorner	0
ncols	100
yllcorner	0
NODATA_value	-9999
[rows 17 to 33 of 100, columns 0 to 36 of 100]
5.222468517465790779e-03 1.414735809224854179e+01 3.414735809224924878e+01 4.505576363835472620e+01 4.913824648626508207e+01 5.132604248043180206e+01 5.961031451569466810e+01 6.796275207904712090e+01 6.556285774150011036e+01 4.977497802295679463e+01 6.556285774150011036e+01 7.939223442122511187e+01 8.229180227893823485e+01 7.633506755257165821e+01 7.633506755252392395e+01 8.474405937884327500e+01 9.572924703143371516e+01 8.916008311597713032e+01 7.825166159832947699e+01 6.169963972909724959e+01 7.324750344991294071e+01 5.418939296948035178e+01 7.100260477955767158e+01 5.370860747163602156e+01 3.361982526636464286e+01 4.868339146483113211e+01 5.111418147570412174e+01 4.004235128978411495e+01 5.420058018150967172e+01 7.424507296941438028e+01 7.301235003840608329e+01 6.415852031080822826e+01 5.576559041511264780e+01 4.659476263816778641e+01 2.661156365820091096e+01 3.255107616443196861e+01 3.907429306824547410e+01
7.333276091007126865e-03 2.000733327609065171e+01 2.713398322135965302e+01 2.505576357467403525e+01 2.913824647930759681e+01 3.132604247414675314e+01 4.743628021660533989e+01 5.572055201357833454e+01 6.466482417919820591e+01 6.834424742451240320e+01 7.645488356758590953e+01 8.529921297297654803e+01 7.694624882218248274e+01 8.529921297503503297e+01 8.904085027763591143e+01 9.729023391624041039e+01 8.967086748257588624e+01 7.825166157308606785e+01 6.116460599771827589e+01 5.014732924560111371e+01 6.512387323207443046e+01 4.519202410386854751e+01 6.512387323207443046e+01 6.205493119279242364e+01 4.868339154354411136e+01 2.862231525962049261e+01 3.105962425588418796e+01 4.524611616170145822e+01 6.528046946649214988e+01 6.716974554857114299e+01 6.427828949041241913e+01 5.594820363339849933e+01 5.185883833363003248e+01 4.355167105503972635e+01 2.531448812685596650e+01 3.728935995770074641e+01 5.703843687353747782e+01
6.343274376862209282e-03 3.541877180309607187e+00 7.133983220845120599e+00 1.091362795093742655e+01 1.499611085557609158e+01 2.076961354747244926e+01 2.743628021413923435e+01 3.638055212413870976e+01 5.052268774787354744e+01 7.052268776309240650e+01 8.040520531164334272e+01 7.502707104171906849e+01 5.624520810701253026e+01 7.502707098133126351e+01 6.852546635280201315e+01 8.554706670986861639e+01 8.152250907458757467e+01 6.169963972909724959e+01 5.014732924560111371e+01 4.108181297423536193e+01 5.357402371602000812e+01 3.838130463791367930e+01 5.849208305531161045e+01 5.947938421337281056e+01 3.941337828863212422e+01 2.528133996867060418e+01 2.574842237718380034e+01 4.575962607444184727e+01 6.131618535695869809e+01 4.717182379695046990e+01 5.594820344904238851e+01 3.594609309677539954e+01 4.180457550727495430e+01 2.347907161514942587e+01 3.112651709028828151e+01 5.101863782054932983e+01 6.547064998846589390e+01
3.497053469895897767e-03 2.000349705346954110e+01 2.713398322135965302e+01 3.091362795185391832e+01 3.499611085674551703e+01 2.764522149624983172e+01 4.076961354911651370e+01 5.572055201357839138e+01 6.466482417922991033e+01 7.426273286736066837e+01 5.979833955922708100e+01 6.659572846459712991e+01 4.589127167726537948e+01 6.525020675615877508e+01 5.650506844700090170e+01 7.719628784609548688e+01 7.930133668903386024e+01 7.122884200814448263e+01 6.936429133651594725e+01 5.357402371601989444e+01 3.332903756314013322e+01 3.217798021471548964e+01 5.243753081258962823e+01 6.667349238529338606e+01 5.362122432267294414e+01 4.075717537240870314e+01 2.077463825297457944e+01 4.075717537240870314e+01 5.014799704698682348e+01 3.301173178248480156e+01 3.887994936667690382e+01 4.008077488214676976e+01 2.166489568203600058e+01 3.594609309643839623e+01 5.101849043459469613e+01 4.521148814079585776e+01 6.503833733617170765e+01
9.635555453094322986e-03 7.568925015637671727e+00 1.651319692563698638e+01 2.806020230942970528e+01 4.806020230943040872e+01 3.919222688004275312e+01 5.592949343097747317e+01 6.905388623107236867e+01 7.602141361133217856e+01 6.397623724553043445e+01 4.516812963236228029e+01 5.291268719840918067e+01 3.865741147387416277e+01 4.455355341433993033e+01 5.920272276072763162e+01 7.985012463616678247e+01 7.122884200814455369e+01 5.156674048977574643e+01 5.732563669212738233e+01 6.180548103862922460e+01 4.682569499839055283e+01 2.655276049109876624e+01 3.830902449522670850e+01 5.845969498919352958e+01 5.229509447283903256e+01 3.226613537102952733e+01 1.811432176160703733e+01 3.485486835238594949e+01 3.014068862096879187e+01 3.715186495653132681e+01 1.865296501678420427e+01 1.988150483551260805e+01 4.008077802967211767e+01 5.011218370067956585e+01 6.427827362936542954e+01 6.503833733606963108e+01 7.329689037849544775e+01
8.845047570523793118e-03 2.000884504757016913e+01 3.585319626310057117e+01 4.479746817310018514e+01 5.634447355689525239e+01 5.919222688783693087e+01 6.747649945176488018e+01 7.654816402924008401e+01 6.471887586957228677e+01 4.710176033230864334e+01 3.493689879160768896e+01 3.238211558450489491e+01 5.291268719840883250e+01 6.525020675616040933e+01 7.369072054542161254e+01 7.438299039241492494e+01 6.455588005115720307e+01 5.644469159932591396e+01 3.753291077502240114e+01 5.732563669189222111e+01 4.344849288224722272e+01 2.327387111087087490e+01 3.754583981567423479e+01 5.769870212757260930e+01 5.183032426352017552e+01 3.556863421656704816e+01 1.551798638916628548e+01 1.461211273731541915e+01 1.577302751067880138e+01 1.694841376144108480e+01 3.719714468987516653e+01 3.421463786558992837e+01 3.273633776943016471e+01 4.696527200775080502e+01 6.729174423997189081e+01 7.348572007704146358e+01 6.609917487876560926e+01
8.023991185656003874e-03 8.172989800462987731e+00 1.817298980046316359e+01 3.231512542419461198e+01 5.231512542419531542e+01 6.314771317629224257e+01 7.165274863340850686e+01 6.820384737000772191e+01 4.757244401780173604e+01 3.573337061661489145e+01 2.667116289722395805e+01 4.710576463447826256e+01 6.139609899031954399e+01 6.751054810496179925e+01 7.591479619490570485e+01 6.630165825293529736e+01 4.658772494571751110e+01 3.664468521420801039e+01 2.997103434093900987e+01 4.302808199813809154e+01 4.025999865576478243e+01 2.019030512237029029e+01 4.025999124375672267e+01 4.470326845465491772e+01 3.172577913837919539e+01 3.172577917782019696e+01 1.298167488132094860e+01 3.321546402430210776e+01 3.602207594984056271e+01 2.716158154716897499e+01 4.546312851122972631e+01 5.415791980137315420e+01 5.291639386358256303e+01 6.117749553269123908e+01 6.417734956897444931e+01 6.311996558920709788e+01 4.807176962016796296e+01
4.598823041778624977e-03 2.000459882304142312e+01 3.645726104794385236e+01 4.645726104799056344e+01 4.878421682983024255e+01 4.283466183998613275e+01 6.314771317634304637e+01 6.496938683719525898e+01 5.646956047233955189e+01 4.387372552636816891e+01 2.354794668033364147e+01 4.387372552636816891e+01 5.293090320324757414e+01 4.689181655037371854e+01 6.751054810496179925e+01 7.438299039210818364e+01 6.455588005114682915e+01 5.644469159932640423e+01 4.302808199813809154e+01 2.302424652249825954e+01 3.679078549785500485e+01 1.719941995326020390e+01 3.295007984335860840e+01 2.438554868301205758e+01 3.024807696802892210e+01 1.150893287320964120e+01 3.018964314789405279e+01 4.124150804947382909e+01 5.545617189200070385e+01 4.720461052077990871e+01 5.545724175443255888e+01 6.361585659397917425e+01 6.251350089706940594e+01 5.382788855394748140e+01 4.645283351044496101e+01 4.670724274345719351e+01 3.740645078972633542e+01
7.340434288523949372e-03 1.414947605801959973e+01 3.414947605802030495e+01 3.894806147727219070e+01 2.861294740883264609e+01 4.289076119382959718e+01 6.360570390809706254e+01 5.297626934600211968e+01 3.555081073663568247e+01 4.077160735775251510e+01 2.057421608392564494e+01 2.608346374195925677e+01 3.242148716202189007e+01 4.689181655037268115e+01 6.751054808887063530e+01 6.094779038388177383e+01 6.312141197456245578e+01 5.487582359293224243e+01 5.118466797375651822e+01 3.685476434617449115e+01 1.669772730034409136e+01 3.291791902445174145e+01 1.296408393248387902e+01 1.011895814103604607e+01 1.005588509089410998e+01 2.925921169337027195e+01 3.852217643127101354e+01 4.833928648596166511e+01 4.258403398553760866e+01 3.456415720544454473e+01 4.278956626131173380e+01 4.429817414952612609e+01 5.338780048646565746e+01 3.380289711999110835e+01 3.922642968840942501e+01 2.755782885041767116e+01 4.665064219476368379e+01
3.515918393995972821e-03 2.000351591839364218e+01 3.109356071255265874e+01 1.857069413569045579e+01 3.203379217378576271e+01 5.542083436522172946e+01 6.027283724023214262e+01 3.730608863511551476e+01 2.358172829995828934e+01 3.404141878825720369e+01 1.760522282380055614e+01 3.776793066740399496e+01 5.293090320324757414e+01 6.140330637263885905e+01 6.094779038273480865e+01 4.098610706170752849e+01 4.464914419486826347e+01 3.490123568704774470e+01 3.832711601253478051e+01 3.119671656764755951e+01 1.254214441342271158e+01 2.886168514683436825e+01 2.926418054679327696e+01 9.625875405494175752e+00 2.963416822794363625e+01 1.051914718275975957e+01 3.060368993569205642e+01 2.647834560996329856e+01 3.138833541118116344e+01 1.351622687998734662e+01 2.425569181914322314e+01 4.440416472437446771e+01 4.578800853349208921e+01 3.667381158059864532e+01 1.952462476441461803e+01 3.499061198505137327e+01 3.560682298224347164e+01
4.608085242692564441e-03 2.000460804209199850e+01 1.078979404194399372e+01 2.586826064052444707e+01 4.729179297382747649e+01 6.212662599698550281e+01 5.935252096950985390e+01 5.278655195356286356e+01 3.405182363975830384e+01 1.360996931396862841e+01 3.405182364033259290e+01 4.624565628100965142e+01 4.818589882132461355e+01 6.864453956414826052e+01 5.617626786701094233e+01 3.621147926840974662e+01 2.457471724252328116e+01 3.461181134639670631e+01 1.842336944559981760e+01 9.440069900681415049e+00 8.609958304753300595e+00 8.903416892554393058e+00 9.199485568388599432e+00 1.898503191326576456e+01 3.441072554336313516e+01 1.104263319578334013e+01 1.097985525097139181e+01 1.131066110145514081e+01 1.165002798854615129e+01 1.199001932603295195e+01 3.213824325324583242e+01 3.969861941039994946e+01 3.719655901478319038e+01 2.025566447677122639e+01 1.478760311233970803e+01 1.514269832281365424e+01 1.550004479233532173e+01
1.610643649003322799e-03 4.267098895911190404e+00 2.436466544851146665e+01 3.944513719826209552e+01 5.533798686438405667e+01 5.575222884392767497e+01 4.882580728061908104e+01 4.648954274666256481e+01 2.779676173502194203e+01 1.058752635737038794e+01 3.162818409463483960e+01 2.783571123843955064e+01 4.218890190923588790e+01 6.267757701594822350e+01 6.445020503943601398e+01 4.629578747386710091e+01 2.613601832930816471e+01 1.446815449392035013e+01 1.019483576935610714e+01 8.197487492797169040e+00 2.826471978456849854e+01 1.514273907382066220e+01 9.683352569156191691e+00 1.740427949198051039e+01 3.730169554618174033e+01 3.388692469074829461e+01 1.862929475440269655e+01 2.511589700337446729e+01 2.968816958580739040e+01 3.221560294830776883e+01 1.246634406106286974e+01 2.551583117175570337e+01 1.595475695311509412e+01 1.428541683696499831e+01 3.454100846442354111e+01 3.563918136124610214e+01 3.590664349839754976e+01
2.022278438842990342e-03 2.000079546061856561e+01 3.259216133721911035e+01 4.924724739245304761e+01 4.426328160185888549e+01 3.651784877255938966e+01 3.757881577750917756e+01 3.400582072286591995e+01 1.420248610773727194e+01 7.532286072319994474e+00 1.592336046499944402e+01 3.643458912085182533e+01 5.658207921150306419e+01 6.600207623635188270e+01 5.851068399648286089e+01 5.450352453755441218e+01 4.289804361034440205e+01 3.387456753067054649e+01 2.790360077850040810e+01 7.906516133582216277e+00 2.650224266763435566e+01 3.627108091036730286e+01 2.260006387124896321e+01 3.742492706051267248e+01 2.903404034273248868e+01 4.544233069782352885e+01 2.759441737550253748e+01 4.307816715377706629e+01 4.403876039523113661e+01 2.432360848533362230e+01 3.261039080428702164e+01 1.294168504274885123e+01 3.319448257016721726e+01 1.392862046052051106e+01 2.567425986764066792e+01 4.569862093505751233e+01 4.799669850758288447e+01
6.642187732006160465e-03 1.410987137784070811e+01 3.352686837613403270e+01 3.052795091828416219e+01 3.070544092046375795e+01 2.156750082980971683e+01 3.713827372247784098e+01 2.537492566977128305e+01 4.244918688949937291e+00 2.584112582929770596e+01 2.499926369263252823e+01 3.380855723646811128e+01 4.965630307981468405e+01 5.527983349146028758e+01 3.976720256676547649e+01 5.435376122067446403e+01 5.304849740022122262e+01 3.343079381078469225e+01 2.467166457278292313e+01 7.614022595855692188e+00 1.694408969347004756e+01 3.603138495088244042e+01 4.466222177371484747e+01 5.213633249896450650e+01 3.780364301225262835e+01 5.462660067578745071e+01 4.149765434568678302e+01 5.559650475637617006e+01 4.090250310416610802e+01 4.432334182393302058e+01 3.352224730514353013e+01 1.340887552807020633e+01 1.343163924030051071e+01 1.491544507390843499e+01 3.916781934624589923e+01 5.324195905169090537e+01 5.274839297812548722e+01
1.591255364720534126e-03 1.967988724333363848e+01 3.291265224654254951e+01 2.760667599598938793e+01 8.691665116718331419e+00 2.340781353670729814e+01 2.290693526020870863e+01 2.341743637227270192e+00 4.236118909981765768e+00 2.276497005227093595e+01 4.703188927267502706e+00 1.778995849127163709e+01 3.784399750641718896e+01 3.751621516118344601e+01 2.851650871668185871e+01 4.766810472560732848e+01 4.935507873587900463e+01 2.689566188700553795e+01 1.687122897187854065e+01 7.319389468571243285e+00 1.323043430420588251e+01 3.326635566948871769e+01 4.741438337411842951e+01 5.701099676511378078e+01 4.872032756180870905e+01 6.399168249646605489e+01 6.155914474917756252e+01 6.791367743206735952e+01 6.011411729448818875e+01 4.867219231771016297e+01 2.875531859123042011e+01 1.434878070237341596e+01 3.359242797967064575e+01 3.683141563384858586e+01 3.861909062991166053e+01 3.981140243569448245e+01 3.442480798926312247e+01
6.189296070378335485e-03 1.767655228249054034e+01 1.789213395514595462e+01 1.279327105394393804e+01 1.319390774196053329e+00 1.618695022263591632e+00 1.918097175769834628e+00 6.274724449465560738e+00 2.769192744511657533e+00 3.070656223486890379e+00 3.370552498691952614e+00 1.976153940008060417e+01 3.071993366740296239e+01 1.790912275330709136e+01 3.719945630118711932e+01 4.890379023515181700e+01 4.584419416860426821e+01 2.313343774958691057e+01 6.900079467287634216e+00 2.299223558600735018e+01 2.465907248800880325e+01 2.150843233592683035e+01 2.960938191725848867e+01 4.877028696093894666e+01 6.697701440636396342e+01 7.452735581242316698e+01 7.691631271651380075e+01 6.510570410711113709e+01 5.684315866724433164e+01 4.226969481407130047e+01 2.210519804414546030e+01 3.463856545396949826e+01 1.586936749594323537e+01 1.711475469865187193e+01 1.837520084730518022e+01 1.966681904384404334e+01 2.098257107431209434e+01
2.247884206357958405e-03 3.003240494167755403e-01 5.984333250038806895e-01 8.966749885786299279e-01 5.558885573871962471e+00 1.493672185574436462e+01 1.898622332529768286e+01 2.163116653014404278e+01 1.488461285468463835e+01 2.269260495640243391e+01 2.304806905242012505e+01 3.792866283775333969e+00 2.352426437036313445e+01 1.164067583923478466e+01 2.306637961554897132e+01 4.188027726161326569e+01 4.059166067696987312e+01 2.088748298531932335e+01 6.601291614761533033e+00 1.774871550544821375e+01 2.025409805317497813e+01 3.750844402030700309e+01 4.741438798955532974e+01 5.740019347058920829e+01 6.641922852660566434e+01 7.476835608665601285e+01 6.874736673125087805e+01 4.837834079716731139e+01 3.678327488474416640e+01 3.041023777116090798e+01 3.897422446138742913e+01 1.873173277343142828e+01 3.606949008292930614e+01 3.737061230139071455e+01 3.016890593369097928e+01 3.988112535333409170e+01 4.114539786028634438e+01
