LEM/sinusoidal_perturbations/elevation_000751.asc
nrows	100
cellsize	150.0
xllcorner	0
ncols	100
yllcorner	0
NODATA_value	-9999
[rows 0 to 16 of 100, columns 0 to 36 of 100]
8.271705653423140972e-03 2.000827170565306901e+01 3.051701557084185978e+01 3.654724232640960935e+01 4.361830985760701651e+01 4.361830950048494060e+01 6.361829522168317652e+01 7.478342038136840131e+01 6.650497654691484684e+01 6.911584967157986625e+01 6.911584967157986625e+01 7.738437670697446435e+01 8.347116866404699920e+01 7.538465333822057346e+01 7.537546667123399402e+01 6.982331451905045583e+01 7.644136979459470638e+01 8.443831322609896972e+01 9.415607899802969882e+01 8.789703805714350437e+01 7.929978513403953855e+01 7.920300496851224636e+01 7.672631817705820367e+01 7.672631817705830315e+01 8.522044820552299882e+01 8.473326924931784276e+01 7.628734015810977098e+01 7.628734015810977098e+01 7.050935063429240302e+01 7.736097634996197314e+01 8.581568694702166056e+01 9.501235944335140005e+01 1.068015719710016782e+02 1.121356625442947887e+02 1.006688749238513196e+02 9.241520541420635482e+01 9.241520541420635482e+01
7.813061968023241044e-03 5.171790856911222534e+00 1.051701569515966384e+01 1.654724258671483028e+01 2.361831039858018144e+01 3.776044602042489373e+01 5.776044288519823056e+01 6.311710389776337138e+01 4.620686238744810481e+01 4.885018393102063072e+01 4.885018393102063072e+01 6.911584967157986625e+01 7.538487527766342566e+01 5.545324586979334214e+01 5.545311307371709120e+01 4.980357728612520418e+01 5.657814645259404074e+01 6.658371919215974799e+01 8.623459358491432170e+01 7.927240861702591701e+01 5.867534155317303401e+01 5.867190287513456326e+01 5.628265903790461522e+01 5.628265903790461522e+01 7.672631817705830315e+01 7.628734015810977098e+01 5.586396089831534084e+01 5.586396089831534084e+01 5.019159421766389073e+01 5.680609920295337645e+01 6.592992746032309981e+01 7.792401680903131478e+01 9.847264543237696444e+01 1.038451791842630172e+02 8.404788388534538512e+01 7.258761219613229798e+01 7.258761219613231219e+01
2.526786264046545528e-03 2.000252678626369018e+01 3.051701557084185978e+01 3.654724232640960935e+01 4.361830985760701651e+01 5.190254118796669758e+01 5.877086063942897454e+01 5.041301560183195107e+01 3.429119495929947448e+01 3.429119495929999317e+01 4.885018393666144476e+01 6.911585774395882709e+01 6.887808333421111229e+01 6.129101693881786872e+01 4.100825812416090344e+01 6.129101693881786872e+01 7.644136979456152403e+01 8.443831322605589662e+01 9.415607878795771057e+01 7.923365208765983425e+01 5.867266220113253894e+01 4.460535650308708000e+01 4.230403665253876966e+01 6.227046807277661600e+01 7.721804606295248163e+01 7.751442411559433765e+01 6.184583018876441685e+01 4.192461624109623131e+01 6.184583018876441685e+01 7.736097634996197314e+01 8.043094672683403701e+01 8.641861533011025642e+01 8.729922371044051488e+01 9.569823508752210728e+01 9.241520541420635482e+01 7.258761219613231219e+01 6.106990765944685506e+01
4.163169627051843593e-04 2.000041629847558511e+01 3.463624099982654059e+01 4.292047989947641895e+01 5.446742520309793179e+01 5.876940578099743107e+01 4.697904352873916878e+01 2.988862210145418885e+01 2.504546424002432659e+01 4.562036638972207214e+01 6.311709052503285022e+01 6.289498036022026639e+01 4.873508747122845364e+01 5.675674812563462268e+01 3.632098357560056456e+01 5.675674812383726220e+01 6.545304722387460572e+01 7.359750511519104066e+01 8.395861315239552880e+01 7.637027889286923710e+01 6.623744083136952554e+01 5.521126851657604817e+01 3.554777404337190205e+01 5.520822809363050965e+01 5.705562504618342956e+01 6.905873631775311594e+01 4.885016337780790963e+01 3.768980760924190321e+01 5.591322342279309510e+01 6.073144524932358479e+01 5.991812765586925593e+01 6.592619336543394581e+01 6.669439454677933554e+01 8.729922371044051488e+01 1.006688749238513196e+02 8.720996404376624866e+01 6.734479389219858092e+01
5.883922493566802643e-03 7.076951734359012036e+00 1.463624119454349071e+01 2.618324657833304769e+01 4.618324543897558954e+01 5.041297628237064288e+01 2.988862209894940136e+01 1.802118324287453532e+01 3.275333038610842351e+01 4.119147672048104880e+01 5.300115822726998971e+01 5.274153075956392911e+01 3.417518865176992904e+01 4.757920223902215184e+01 3.195205648754303596e+01 3.826649483040483801e+01 4.521096689194473583e+01 5.547028877772459765e+01 7.573238253947923226e+01 6.789334548113389189e+01 4.771029134597355181e+01 3.803100076712978961e+01 3.126959075107316366e+01 3.732646398650499719e+01 5.399260303302993691e+01 6.093840578318489065e+01 5.336975869184691135e+01 3.381973331900579893e+01 3.625632451204682383e+01 4.086540755039126793e+01 4.580702076778418075e+01 5.231976173847954215e+01 6.669439454677933554e+01 8.729922371044051488e+01 8.822500082309269942e+01 7.999435437942516103e+01 8.140153594222961431e+01
1.256007409845548732e-03 1.154826139120200068e+01 3.154826083690697303e+01 4.292047214087669715e+01 4.760060831017350580e+01 3.917940829286425952e+01 3.597513613565677559e+01 2.754134888103016010e+01 1.223685108834258628e+01 2.407478937295594434e+01 4.460839946832760461e+01 4.020780614980966305e+01 2.381885547820553839e+01 2.698267427218917547e+01 4.133366857505180292e+01 5.801920441580497112e+01 6.545304459932600594e+01 7.192101343408657499e+01 8.362629391397085499e+01 7.637027148670568977e+01 6.623744072877742894e+01 5.780181827217865731e+01 4.567775345663586251e+01 2.618776461117540677e+01 4.108309844767028096e+01 4.108309844088169882e+01 4.953568327120268577e+01 3.005688611738314364e+01 3.963168544328011933e+01 5.943968090684943917e+01 6.592619336543394581e+01 7.272940925756934405e+01 8.119631481715065036e+01 7.673550962995454938e+01 6.849772604917909291e+01 6.008160999570318239e+01 7.673550962995454938e+01
9.594114293757748102e-03 2.000959411429340307e+01 3.983249563536305971e+01 5.676620130785714480e+01 3.917976677546958797e+01 1.865597204748717886e+01 2.466472555628726582e+01 7.003392391492821112e+00 2.753979594948028264e+01 3.362044059493526049e+01 3.622130573914747487e+01 1.966515715934684039e+01 4.020780616862469259e+01 4.163657763733743877e+01 5.580915128270002867e+01 6.785665363913278725e+01 7.283150066251803878e+01 6.481221461277829121e+01 7.214717127244009021e+01 6.684891507598297267e+01 6.518255680894408499e+01 5.680770708766125665e+01 5.399260303302605024e+01 4.108309844767028096e+01 2.155684063894736724e+01 4.050331402209002363e+01 4.305819288888213947e+01 2.732298554391591239e+01 4.680810609049117232e+01 5.943968090684943917e+01 7.977047498123715741e+01 8.193194732224426957e+01 7.042124159272349004e+01 6.217301845319106235e+01 4.849724451128894032e+01 4.849724451128894032e+01 6.849772604917909291e+01
7.711341127313004785e-03 1.414984701231571407e+01 3.414987781003082290e+01 4.238017851474511133e+01 2.785474404669663073e+01 2.466116832443319140e+01 4.142871246088725812e+00 2.466720833423277526e+01 1.057299431329976080e+01 1.312989899281150663e+01 1.572551181170111079e+01 3.621745949365148221e+01 4.021322494706030426e+01 6.059176048168731654e+01 7.019141455865961632e+01 6.842916114482358125e+01 6.210774115906879445e+01 4.385304434331271040e+01 5.590224362902806376e+01 4.956443585420763043e+01 5.680272240132689632e+01 3.629068672276774521e+01 4.227627422654759215e+01 3.532625442336362198e+01 1.845847755317586447e+01 2.096014637281409065e+01 2.352529288660404205e+01 4.305819289284219309e+01 5.512463879622679030e+01 6.625091182038494253e+01 7.426606523308269914e+01 7.369739170769638292e+01 5.373659170550524067e+01 4.217689414131796610e+01 3.695791628139149765e+01 5.594567846475988659e+01 6.418462623418110979e+01
2.297228869525369630e-04 1.414236625855901686e+01 3.414258044528509828e+01 3.303961845748450088e+01 1.376455617485383165e+01 2.177847739968161633e+01 2.228198422779351873e+00 2.265489720966365184e+01 3.102803403327241227e+01 3.362152119671032580e+01 3.622033441571127810e+01 2.867453319273367640e+01 4.316433472161840967e+01 6.323977763021844822e+01 6.176504870974681438e+01 4.687706192899681668e+01 5.355049881626125341e+01 3.367192088704040032e+01 3.693890255859330551e+01 3.674580361771749182e+01 5.517185748815359858e+01 4.230037542334366663e+01 1.488331912072326269e+01 1.572871823817466819e+01 3.532625442336360067e+01 4.050331404829849191e+01 3.178644444899266119e+01 4.909830894271120627e+01 6.294107243780631933e+01 4.652561154639830932e+01 5.999582174794953460e+01 6.807358063155508887e+01 6.312824800887668886e+01 4.232076521452364659e+01 3.074944256654131181e+01 3.606013902823386275e+01 4.886557113928739682e+01
9.647730019007896146e-03 1.980173175599724544e+01 3.286562122312575696e+01 2.641140492549447316e+01 7.186463160580075282e+00 1.792463638833208250e+00 7.923698561264469475e+00 2.669914643517717234e+00 1.526060444624423340e+01 2.981067998638209815e+01 4.931378231727034489e+01 4.901668616915193866e+01 5.607143881169187694e+01 5.845793822539380358e+01 5.053265195606568483e+01 3.010756152271590125e+01 5.034139878197586881e+01 4.250588143736020186e+01 2.216426552481863155e+01 4.246335459962939041e+01 4.490015059378730911e+01 3.487365860125407835e+01 3.123726994015727954e+01 1.385779692191496260e+01 2.828649366332145476e+01 4.952520491702106398e+01 4.984085009204675742e+01 4.783385328810851433e+01 5.135545012614640825e+01 3.501007189091813387e+01 4.018883973411246302e+01 5.999582174794967671e+01 6.912326284336165827e+01 5.889053503043836457e+01 4.446475979059064798e+01 2.477410043248546501e+01 3.897858139275172107e+01
3.582433992925927561e-03 1.807862652627849442e+01 1.442744847682024556e+01 2.098222060066874661e+01 1.357303330977666089e+00 1.795609956600160118e+01 2.227498327463868577e+01 2.982425965623575426e+00 2.266341595075300930e+01 3.213198065708505169e+01 5.157253767223613039e+01 5.390182179682901875e+01 5.120376566270556395e+01 3.622234324328069022e+01 4.104890525708906779e+01 1.668808515845903528e+01 3.535139629939901340e+01 3.719237119411858572e+01 1.650660996291065175e+01 3.290375092654373645e+01 2.996272549130633323e+01 1.199458324761046590e+01 1.134841161888582839e+01 2.857477323698689986e+01 3.394539802144977614e+01 4.791553539337568424e+01 3.692377573874043861e+01 2.737144997835802940e+01 3.169134688108450959e+01 2.602340278235002202e+01 4.599016398120733129e+01 6.159563433908825658e+01 5.922023801961252332e+01 5.920017604921225995e+01 4.493585163881351718e+01 3.741721245879974589e+01 1.944108016544896245e+01
1.813270376062421294e-03 3.084910463674567782e-01 6.152048907762248664e-01 9.225801649820888350e-01 1.755193079008468260e+01 2.668221484785753006e+01 1.889782370707924031e+01 3.295057541806914791e+00 1.297739117579650880e+01 3.257074283480531562e+01 3.406113293292214905e+01 3.303145244497136446e+01 3.753830649991403590e+01 1.969219557438235668e+01 2.939737659127269964e+01 7.978360076356341146e+00 2.240955478214529961e+01 3.357391145765694773e+01 1.936347675542050695e+01 9.043265881593075761e+00 8.700787118523395591e+00 8.978666622550973031e+00 2.479230944925615532e+01 2.962220857999584567e+01 3.254459545092301198e+01 2.820526685626183649e+01 3.065265278874000998e+01 1.500446902073680633e+01 1.784354132179430863e+01 3.733565544694293692e+01 5.082683490509813140e+01 4.362568122970085227e+01 3.977700426903349751e+01 4.278912837275609604e+01 3.699164749345310810e+01 1.788308701774943543e+01 3.741774825620282741e+01
2.372884694381488524e-03 1.973223171188580238e+01 2.040950163604717815e+01 1.058810370597121020e+00 1.802737159026589353e+01 2.506836281917302856e+01 3.553570108688792750e+00 3.607992549771546376e+00 2.327964376230321264e+01 2.499617973596245690e+01 1.626276341640702228e+01 3.119775079218504032e+01 2.341891316844737858e+01 6.213275233620486837e+00 6.311666557052770798e+00 6.625307180011414054e+00 2.237737529135182157e+01 2.782959469344906012e+01 2.417029610949806440e+01 8.303941657549676947e+00 2.382232918086775086e+01 1.738723548388689011e+01 9.386437909782900491e+00 1.734226838195160170e+01 2.201835854420203376e+01 1.053794361276222880e+01 1.084662702123575606e+01 1.116072997240336306e+01 3.090136035250766611e+01 2.775430226444496640e+01 4.330089141184006252e+01 4.200376898149909977e+01 2.476626364989205697e+01 3.424330197044680801e+01 3.476810424288945001e+01 1.676057594677735452e+01 3.100360168189463650e+01
8.175220331382775790e-03 1.976085077685809210e+01 2.814287528207209377e+01 7.024419515689077187e+00 2.649129660214866888e+01 3.304291270224906185e+01 2.533578172016399321e+01 1.068515039401080813e+01 4.050746702967363611e+00 8.914095867070463086e+00 1.729304201755860859e+01 2.213495039841059864e+01 2.403447875293968394e+01 5.883597873859579330e+00 2.035552653028938863e+01 2.290253006695925109e+01 7.066448411467616708e+00 2.013435868282725139e+01 7.897915370090179188e+00 2.782917223562854048e+01 3.340937750064623657e+01 2.162969908986242018e+01 1.085386322941082859e+01 9.806026695958729889e+00 1.010675381610807477e+01 1.797601276224948208e+01 3.047125179893575719e+01 2.920555385901530698e+01 1.161741077018450596e+01 2.926948037207174380e+01 3.026191713141427542e+01 3.319942726521360754e+01 3.264638771179670584e+01 1.443829435133047667e+01 1.517298958214849591e+01 2.576839949145505315e+01 4.334933735944201771e+01
9.124702163186202558e-03 2.000912426246393849e+01 3.643332266030576960e+01 2.822831308242188797e+01 1.609474093950480622e+01 3.663777475697143871e+01 3.671457105681056277e+01 1.857793795941020676e+01 1.934095029612882399e+01 4.494112449385633923e+00 4.808235134331955152e+00 5.122306510590610706e+00 5.438538049492422033e+00 2.304905002483749854e+01 3.028320066651790654e+01 2.886131859109518061e+01 7.498884433721850762e+00 7.484791755495854737e+00 2.082202600338195353e+01 3.661950786858943019e+01 4.688775854495556672e+01 3.324753040561310513e+01 3.362281232133395292e+01 3.689255209511387079e+01 2.308794157043642770e+01 3.779571046825864045e+01 3.852644361762738612e+01 2.778401193178410367e+01 1.390933780466401082e+01 1.208506293916422258e+01 1.498728586303628596e+01 1.945095583158854780e+01 1.335863422656886179e+01 1.369533113439413974e+01 1.761563957019847138e+01 3.480411269561231791e+01 4.779307738163180375e+01
2.239863785106879172e-03 2.000223986378475161e+01 3.645091957139934635e+01 4.353950244600462582e+01 2.341188111535239358e+01 4.353950298769974125e+01 4.756716536030677389e+01 3.752148765212636761e+01 2.429646654012041651e+01 9.699750815989391484e+00 2.307489025788884263e+01 2.460254145923777358e+01 6.076691733647766824e+00 8.636672684366072161e+00 2.629851010106495224e+01 3.605067306523181969e+01 3.050965427901592264e+01 2.822682498105304205e+01 1.165587934290059557e+01 3.296555001327682533e+01 4.679802199555586384e+01 5.186568509773496771e+01 5.614879839542563644e+01 5.620866452400622393e+01 4.703908225426869905e+01 4.967855870798940998e+01 3.674720285885691595e+01 1.701552747438831759e+01 3.400602951438447263e+01 3.313968077915085786e+01 1.255556929648844466e+01 1.288860978305570448e+01 3.294444641524897577e+01 3.332060397125984963e+01 1.418861188778273252e+01 3.342576649583289594e+01 4.551614215427927945e+01
1.766589122093755728e-03 8.166732398399425108e+00 1.971373778219550132e+01 3.971373872673621719e+01 3.964949517991203010e+01 3.746758500097561040e+01 5.502597590677859074e+01 4.957043000412454603e+01 3.206190149219678887e+01 3.197124518342992161e+01 1.936865148439411044e+01 3.551199926120396100e+01 3.041099199259717878e+01 2.895840141286096880e+01 1.228031790136287960e+01 3.234581861406572756e+01 4.591235036532148683e+01 4.171377216368475871e+01 3.296549168746037850e+01 1.632440077328611494e+01 3.806599009342104267e+01 5.240754470676463939e+01 6.197410738553664089e+01 6.588214714152599072e+01 4.554455181705665012e+01 3.103173428136783230e+01 2.105756218022851556e+01 3.674740476658240595e+01 2.481873279662449860e+01 4.464914611889285112e+01 4.486777913159029652e+01 4.339747957779844256e+01 4.279607457441952789e+01 2.530931132506029257e+01 1.453180530340790533e+01 2.262450950564289442e+01 2.774678745182474771e+01
