LEM/sinusoidal_perturbations/elevation_000808.asc
nrows	100
cellsize	150.0
xllcorner	0
ncols	100
yllcorner	0
NODATA_value	-9999
[rows 68 to 84 of 100, columns 37 to 73 of 100]
4.775843709676432525e+01 4.259077176607301141e+01 3.708345943931496436e+01 5.284102682503491621e+01 7.496690442180690184e+01 8.565849896056442958e+01 7.654837059050259995e+01 5.653915932529449861e+01 7.078692546347531334e+01 9.071521767594151697e+01 7.990437741486250900e+01 6.579029194369768163e+01 5.915049767091582567e+01 7.924174953749179906e+01 8.821611589751528015e+01 6.825799623356716950e+01 6.179273191196593729e+01 4.157412763908391184e+01 6.179380631634479215e+01 7.136739864844867043e+01 8.573405504126193932e+01 8.546804052407236441e+01 6.346898215071963278e+01 5.011417043165929641e+01 7.078882019978048845e+01 6.975439009096801612e+01 6.138872890393417237e+01 4.326516665291848796e+01 5.764770210796375238e+01 7.425449751092831718e+01 8.856285228900050299e+01 9.507728323588310104e+01 1.005393029927481763e+02 9.465522685051675467e+01 8.226864652337664552e+01 6.202062009091897465e+01 5.820456206428849555e+01
6.563844098156376106e+01 4.978223049561211155e+01 3.560343193838040321e+01 5.361091954009075522e+01 5.341591684005773999e+01 7.582779475145390791e+01 6.854650961410015952e+01 5.132778259455133707e+01 7.124181409009837296e+01 7.376010192393212606e+01 6.550577599164583376e+01 5.172656467757308008e+01 6.318025524678396465e+01 8.327714541948530780e+01 8.247183078137334178e+01 6.237211410245997456e+01 4.794355710587001340e+01 3.983040266701135579e+01 5.989167481002017013e+01 7.256769899596275764e+01 7.742382561534674323e+01 7.641287573956007861e+01 6.619956520884343831e+01 4.596250290916351133e+01 6.015066213312658761e+01 5.922015963232656333e+01 4.114560211645134302e+01 5.542788384894917186e+01 7.194544223044744058e+01 8.629568142501021555e+01 8.969497160549306614e+01 7.654132640936016685e+01 8.197032009785725393e+01 8.628385880048226397e+01 6.612826884689154383e+01 5.409878667891062776e+01 7.452504353138863280e+01
7.807067340742229078e+01 6.403231848488385936e+01 5.361091876466429085e+01 3.353177548057715285e+01 5.361061714465061101e+01 6.750197434610967662e+01 5.483075024441954781e+01 4.672954264295361781e+01 6.642571895396267223e+01 6.025761001918391457e+01 4.587286705943036225e+01 5.690834907105394791e+01 7.596270646848837771e+01 9.159629240387380378e+01 8.960788915581181868e+01 7.646335255493004013e+01 5.854754218816924549e+01 3.813866320228123641e+01 4.947817992681891042e+01 6.337870059120166388e+01 5.617062751675112509e+01 5.230087480580698411e+01 5.318048929905095434e+01 5.638604207493461473e+01 4.069123275046980126e+01 3.907882337895077285e+01 5.922001725401275962e+01 6.973872109426059751e+01 8.400152604212719609e+01 7.850173552844289304e+01 7.624618617851541558e+01 6.281783946291983511e+01 7.187452245324921307e+01 7.572336031872818296e+01 6.822445499425435855e+01 5.152557480512407295e+01 6.617886423580173982e+01
6.278131727421617825e+01 5.441851312867441948e+01 5.207333379220202119e+01 3.209643910384875198e+01 5.214858604304433243e+01 5.989186967599295031e+01 4.063927787292314520e+01 5.989186997397689538e+01 5.540653544267316732e+01 4.084265753291242618e+01 6.025761001918391457e+01 7.330762527427135922e+01 8.403032997516383773e+01 8.806407359265159585e+01 8.108414134100469539e+01 6.231064455804080637e+01 5.041131637190100179e+01 5.583980534142525443e+01 3.580168438998007474e+01 5.187758261560315987e+01 5.412185393502821285e+01 3.506358815505360838e+01 3.572064657378719943e+01 3.637590275082899893e+01 3.702784128954962029e+01 5.710469592327960697e+01 5.884172934525210508e+01 6.724929626233843294e+01 7.041930454084506152e+01 5.639138353640198886e+01 5.659645173410542895e+01 6.246455587109882401e+01 5.107206837358940987e+01 6.311153331306346814e+01 4.804053253397523804e+01 6.627589463782933876e+01 7.870364850773960086e+01
5.424569168042449974e+01 3.542960800823350098e+01 4.890792842074503710e+01 3.067457779522934658e+01 5.103749559430307414e+01 5.602193801058906075e+01 3.673789916464611593e+01 5.084344128250861417e+01 3.604792252638068817e+01 5.540653544267316732e+01 6.848590727559091818e+01 6.764735294936920695e+01 7.196262823622038241e+01 6.561990272330959328e+01 8.009266724113084024e+01 7.890758138160707347e+01 6.892910993199284064e+01 5.727636160877500515e+01 4.688722157283353908e+01 3.348238053118110003e+01 3.413505508376941577e+01 4.589161228843973106e+01 5.553772317387412016e+01 5.639616222823873670e+01 5.020834470826135743e+01 3.806303588881028332e+01 3.879356247005684821e+01 5.890827753252894183e+01 4.068470132046213905e+01 4.150265725532455718e+01 4.235226023725182642e+01 4.314887791924577698e+01 4.392633305310127412e+01 4.470884475369814481e+01 6.446282126138942203e+01 6.720553599206458273e+01 6.193836658869942369e+01
4.033676712651699603e+01 4.951738346829260706e+01 3.063649621306115733e+01 2.925903898292611771e+01 5.415923887515172908e+01 6.398426479690566993e+01 5.083847191666704646e+01 3.141562611462354226e+01 5.078672832698329387e+01 6.304749504104722746e+01 6.165430797936452478e+01 4.804384388702871433e+01 5.166539131675736485e+01 5.044592475071167570e+01 7.145768908123287133e+01 7.430913972144004731e+01 6.255542791724044349e+01 4.422506444137827231e+01 3.263333177875585278e+01 5.262883619875321983e+01 5.418230470805453791e+01 5.051353658275561287e+01 6.143290430245303213e+01 7.110764273794376322e+01 5.176118086280448694e+01 5.818120574077572371e+01 4.147834792487157074e+01 3.983154618655901658e+01 4.094631834996533115e+01 6.061904856092641580e+01 6.267081264021914677e+01 5.787929834003255536e+01 6.335332907075418518e+01 6.503447551709231789e+01 4.589296959504195428e+01 4.675112268606445554e+01 4.761399099788901879e+01
5.722428573840736021e+01 4.674873372621010503e+01 2.726158254330876574e+01 4.733482405424877726e+01 5.487337392710982442e+01 4.853654192621448260e+01 4.577396240812001338e+01 2.898184023134074394e+01 4.790193641643597999e+01 4.830606661470528707e+01 4.764705074688726683e+01 3.621964981740656953e+01 3.757297778977702762e+01 5.790796969988582532e+01 6.886975903644218988e+01 5.303563460039836741e+01 5.602530109261255120e+01 5.129591710585943076e+01 3.204384938231390834e+01 5.192844633218822992e+01 6.074355847304373412e+01 6.864943504187309031e+01 7.397703890438721430e+01 7.964722792925489614e+01 6.739067513800013387e+01 7.072025225350819255e+01 5.010916409313182385e+01 6.003699556009730998e+01 4.513544051725742179e+01 5.862156877950040013e+01 7.698250498072030723e+01 7.932902060846198822e+01 7.242508080455338870e+01 5.201960790577754778e+01 6.662636900439174781e+01 6.725005905317040344e+01 6.640739342434682158e+01
5.763257896181187334e+01 3.948838120821859121e+01 2.595924131599470641e+01 4.402048218163348992e+01 4.247460114686193577e+01 2.515680419281552460e+01 2.558463458069139307e+01 3.960311522141213203e+01 4.477868013238317957e+01 2.725248413980233053e+01 2.768905210208030709e+01 2.812590372787905935e+01 4.818736957801723264e+01 5.055540188774886445e+01 4.948212687143983146e+01 4.246153393360121697e+01 3.070798104203596068e+01 3.118425084070379683e+01 3.183498988742681135e+01 3.247015785175937452e+01 5.147997966237198142e+01 6.154960431090420769e+01 6.281401048092299533e+01 8.292136543044775010e+01 8.843732525813565815e+01 7.906810193932207653e+01 6.071211272936807291e+01 7.397353506903090192e+01 6.540029703090354474e+01 5.260320237493001372e+01 7.281650837896260953e+01 7.969233739752641554e+01 5.914151162091054914e+01 7.264435693799629234e+01 7.264407994043496331e+01 7.388201576094576239e+01 5.331498158364432527e+01
4.662297328872765689e+01 4.318504767649179854e+01 3.087915540585892415e+01 2.412463970608309438e+01 2.455189483604849698e+01 3.778237932796816523e+01 4.397690485782371184e+01 2.619974682818322620e+01 2.663528159921175842e+01 4.296595595905910869e+01 4.748234848670014685e+01 4.740166450572517931e+01 2.874613540738892681e+01 2.918949657439500456e+01 2.963334691302254598e+01 3.007796149890531368e+01 3.817627906416633721e+01 3.143409222835114747e+01 5.553972668095936882e+01 5.276609738616848944e+01 3.339815106710279480e+01 4.246975905407312268e+01 5.689870220002013212e+01 7.709524371276016552e+01 9.098456295542077044e+01 8.910967167407922318e+01 8.091527277102883886e+01 8.910891179085254521e+01 7.900661338968120617e+01 5.849341908361675735e+01 7.900661338968120617e+01 8.496519540582117713e+01 6.454092807866074111e+01 8.496519540582117713e+01 9.298347610009285802e+01 7.712763510782767185e+01 5.660047111516813345e+01
2.815060049720522173e+01 2.314429358361068623e+01 2.355034568540296291e+01 4.359213021336750415e+01 2.668942284479306437e+01 4.719229603597353417e+01 4.110885823439129894e+01 3.805143870594422850e+01 4.739596464923467067e+01 3.774217338846252545e+01 5.584661312585843262e+01 5.071164399399125955e+01 3.178968443234596819e+01 4.174511823348387196e+01 4.909789669779181054e+01 2.973246076856921150e+01 3.811280182437118924e+01 5.520308993645755180e+01 7.281236041651746405e+01 5.439236564267644525e+01 3.406143484131419541e+01 4.844860771661769405e+01 6.873271563725016620e+01 7.121103712058666702e+01 7.116083585570601144e+01 8.417728762729508674e+01 9.225715373936026253e+01 1.027668909221671782e+02 8.626700550243891996e+01 6.578344066336465801e+01 8.626700550243891996e+01 9.081188461493250941e+01 7.055522831814631957e+01 9.081188461493250941e+01 9.786104966539173233e+01 8.206727922666780728e+01 6.170065502686225045e+01
2.257014826289452714e+01 4.261304983529062440e+01 2.960313474097742770e+01 4.928469218743958891e+01 4.211164562961883462e+01 5.959427865728807205e+01 5.264607714488493428e+01 5.275192933375570448e+01 5.257736956723377375e+01 5.812841555241651292e+01 5.594672939387783117e+01 3.630516836504520484e+01 5.165637107110571691e+01 5.304305601264020709e+01 6.343218635472444333e+01 6.252629898869203373e+01 4.409405539521208794e+01 6.276077143002336811e+01 7.243668580800590462e+01 5.506845943975166335e+01 3.472618555704093524e+01 5.506833965002645215e+01 6.357236630788339227e+01 5.088498143434521381e+01 5.742553303926566599e+01 6.462226129709898714e+01 7.591509819362958922e+01 9.482193903689393721e+01 9.461408137708707500e+01 7.781396781062973389e+01 9.460818182957432043e+01 9.749085009105223776e+01 7.740241087459904179e+01 9.752458357475565265e+01 8.963941860576160536e+01 6.960542319271047518e+01 8.206727964416225518e+01
4.203883788914597375e+01 2.549727153244955602e+01 4.541093890668025068e+01 5.607926247411469944e+01 6.666411732235376064e+01 7.347207211660143855e+01 6.896678376136216571e+01 7.241001028339952938e+01 6.550354599714589199e+01 6.572655368460263503e+01 4.616741804337490862e+01 5.594698586398877893e+01 4.161753507908884586e+01 6.109282870102711627e+01 7.334617140168958827e+01 7.141233091213508999e+01 5.728917127431982692e+01 7.141233067136430179e+01 6.379270470620703293e+01 4.141592119991201315e+01 3.539286455574678314e+01 5.574761054670015881e+01 4.313722740026678792e+01 6.357247738318914543e+01 7.733388722112553637e+01 8.417728762729508674e+01 9.225715373936026253e+01 9.672606367284542728e+01 9.947568036075996645e+01 9.794620351605938424e+01 1.065054897418842472e+02 1.058382537013798270e+02 8.747315441864233776e+01 1.058442242730128982e+02 9.560811068653821110e+01 7.581219856543697233e+01 9.560811068653821110e+01
4.165466093436093331e+01 4.554467395199818469e+01 2.846998510739596355e+01 4.852339050970136469e+01 5.158405067729255222e+01 7.166005473951416604e+01 7.167978155061612711e+01 7.990464224472813726e+01 8.451943276617193135e+01 7.389152916885447553e+01 5.488713085770293532e+01 6.939524046411895597e+01 6.123174875364802716e+01 4.731673736681153741e+01 6.115821890481328182e+01 8.092453249827261175e+01 7.727115813358309993e+01 7.815795549912182594e+01 6.242731645095769011e+01 4.202150481625672285e+01 5.459109698386141218e+01 3.635345565498325726e+01 4.149490126450883309e+01 6.390410558757552195e+01 7.454900680532237800e+01 8.275462687770276204e+01 9.013716794244771791e+01 7.853061844906756050e+01 7.999953739432083921e+01 9.401249827281482396e+01 1.132491947115642148e+02 1.158916960074528077e+02 1.075760127308691096e+02 1.158916960074528077e+02 1.025538519937117314e+02 8.290832887903187043e+01 1.025538519937117314e+02
4.752271861090454763e+01 5.681738385474866959e+01 4.852339050970136469e+01 3.151436961794293623e+01 5.158405067769142960e+01 5.707023452457759305e+01 5.152278327922896750e+01 6.831779715507514084e+01 8.248714934569520096e+01 8.268059389501529211e+01 6.870047670077430269e+01 8.268059389501529211e+01 7.133921683866944363e+01 5.170067211708469301e+01 6.296646539912563867e+01 8.277640676371164830e+01 8.763769125046754027e+01 6.989116866203683287e+01 4.945056742999391020e+01 6.242731645095769011e+01 6.473385398124707990e+01 5.671716308003454543e+01 3.733390265710669809e+01 5.691081784385338693e+01 5.450648464580037000e+01 7.460768594899535344e+01 7.014040757568436391e+01 6.560436524734143404e+01 8.561329671550087994e+01 9.423577740777317047e+01 9.568771918970355728e+01 1.036605106714662412e+02 1.048511395702654738e+02 1.128971110489620600e+02 1.108118517497132984e+02 9.421481095205953693e+01 1.108118517497132984e+02
4.516331155699966615e+01 5.782648802314148639e+01 5.987027152788940043e+01 5.158405065188330241e+01 3.466316095739054504e+01 3.694705852438486460e+01 3.988573585416042988e+01 5.414844631343260772e+01 7.287479115319906953e+01 8.701594214516364900e+01 8.848705381404353432e+01 8.753094296840194488e+01 6.770020943203485331e+01 5.731468372156285085e+01 7.703075692409021258e+01 9.096866757652747992e+01 7.942696699747298794e+01 5.919848399643018411e+01 6.399944264198838795e+01 7.815795549912182594e+01 6.885475876031496512e+01 5.875559313651212534e+01 3.803240001600668307e+01 4.057842682197670570e+01 6.033530233223083172e+01 6.685075432869784606e+01 5.527685376725036548e+01 7.340808223839761126e+01 7.687332996875761637e+01 7.484775891146281879e+01 7.642359063965929522e+01 8.929038705411502974e+01 8.579318773111651808e+01 1.013473885281159426e+02 1.093635654318192962e+02 1.139451938998096807e+02 1.222621161481254290e+02
2.968113613961869035e+01 4.866519231559171033e+01 6.216575380673935314e+01 6.304947723913640090e+01 4.886647540447716409e+01 5.707023452457764279e+01 4.238423391320538514e+01 4.441637696752977860e+01 5.873364015784651571e+01 7.775449753676372211e+01 8.775310331220278215e+01 9.570760065003152306e+01 8.330800687049855924e+01 6.345759959767831759e+01 8.330800687049855924e+01 9.349122657640022283e+01 7.360135993514556674e+01 7.360135993514556674e+01 8.411505097368210215e+01 7.569704158434265651e+01 5.984876723360294903e+01 3.906910057634746636e+01 5.742570045787296351e+01 6.033242203253987412e+01 4.416965619884823013e+01 4.669307057710138764e+01 4.972485790038520292e+01 5.306360159727778125e+01 5.666763714930660001e+01 6.051780964896712334e+01 6.477765391987159660e+01 6.991778836546674825e+01 7.596332786227645784e+01 8.243475833312069767e+01 9.185460343005325967e+01 1.051786459671771183e+02 1.245083104842901349e+02
4.977233966340032367e+01 3.453891974145285104e+01 5.465715469800384341e+01 6.831626148392592768e+01 6.899487765646411219e+01 6.652474905903233093e+01 4.631810191322233550e+01 6.461657789322899248e+01 4.930116433858943736e+01 5.947277552779929977e+01 7.376199535449329403e+01 9.358558531413832782e+01 9.085931421070552005e+01 7.088043291510113875e+01 9.085931421070552005e+01 1.016740225657895991e+02 9.349122657640022283e+01 9.349122657640022283e+01 8.191257742902641326e+01 5.851797286952864141e+01 4.624787319145659836e+01 3.980621771894843164e+01 6.013985582393367224e+01 6.939973419705493995e+01 6.409816672880981514e+01 6.685075432869734868e+01 6.416515837026554436e+01 7.340808223839761126e+01 7.114778192175333515e+01 7.230613022574370063e+01 8.456556938563198855e+01 8.098059166786430296e+01 9.504317846311745654e+01 1.013473885281159426e+02 1.093635654318192962e+02 1.189395347252544326e+02 1.191040080617547687e+02
