LEM/sinusoidal_perturbations/elevation_000369.asc
nrows	100
cellsize	150.0
xllcorner	0
ncols	100
yllcorner	0
NODATA_value	-9999
[rows 51 to 67 of 100, columns 37 to 73 of 100]
6.971032546621648862e+01 7.801103895303700142e+01 8.729824649059594321e+01 7.899687894322632076e+01 6.304528641340855444e+01 6.564210797146407117e+01 8.567426442911342122e+01 9.908143371128268484e+01 9.076832066213653150e+01 9.908143371146302059e+01 1.015945100166952670e+02 1.048251399595446856e+02 9.057200756643817385e+01 9.057200756643817385e+01 1.107566600147063980e+02 1.062330640660345438e+02 8.590310197658324398e+01 7.571190090652389415e+01 6.864424885871443394e+01 8.061350214238075296e+01 6.665731506903051695e+01 8.684291085489719819e+01 8.221769824346382904e+01 6.222026941763182606e+01 8.221772359761661164e+01 9.262807730521403471e+01 9.808537205552205762e+01 1.045291873800977669e+02 1.116998287039105122e+02 1.199773374583438965e+02 1.241024371914560334e+02 1.100037422494439312e+02 1.241024371914560334e+02 1.192909120200778119e+02 1.275435205257172129e+02 1.259996339399673531e+02 1.057952104787732992e+02
7.672221981080136288e+01 8.500025241775873042e+01 9.498203981536396157e+01 9.137501599000577812e+01 8.307157230854534191e+01 8.567426442911342122e+01 9.397679667052595676e+01 9.995227117456065002e+01 9.168423730291789298e+01 9.995227117456065002e+01 1.099216511955992814e+02 8.970212164101208430e+01 7.613907298031003279e+01 9.648395539264225818e+01 1.067528937987819120e+02 1.145380951236936937e+02 1.044140962069176481e+02 9.073807159395512656e+01 7.048893271099379376e+01 6.071711435119680544e+01 7.610785875349131402e+01 8.375123820915595729e+01 7.540537624870809452e+01 5.950599569236510433e+01 7.340178188846594765e+01 9.364330906886614514e+01 9.128170804710121899e+01 1.056598133302305342e+02 1.257707857526471997e+02 1.299556614032346431e+02 1.100037422494439312e+02 9.573851697739671351e+01 1.050988076524962054e+02 9.922024554482942449e+01 1.192909120200778119e+02 1.259996351359803128e+02 1.057952104825099724e+02
5.679439188305593689e+01 6.674928158652774357e+01 8.083565970310020532e+01 1.008412383768306029e+02 9.927430694484071694e+01 9.104348907070470887e+01 9.104348907070470887e+01 8.986176716831822375e+01 7.141201594063416280e+01 8.986176716831822375e+01 9.916578637390156814e+01 8.970231240592221411e+01 6.923489091181653521e+01 7.806780172139660579e+01 9.249578844860820936e+01 1.126856353978753447e+02 1.109942236930534136e+02 9.073807159395512656e+01 8.772239333626843916e+01 6.760529869142185078e+01 5.644717757741665309e+01 7.196302361957926053e+01 5.578089218207436772e+01 6.148336122377412494e+01 6.759748206964550832e+01 7.464653703294544584e+01 8.905740741892748247e+01 1.093502455306121988e+02 1.174309026438252488e+02 1.257025793539202283e+02 1.199439912699221651e+02 1.050988076524962054e+02 8.478433910975363119e+01 9.922024554482942449e+01 1.192909120200778119e+02 1.341783492694256665e+02 1.259996351359803128e+02
6.675830584692873515e+01 7.670819483618453205e+01 8.498645239456821798e+01 9.496635821723312176e+01 9.104348907070470887e+01 7.076795212930488788e+01 7.076795212930488788e+01 8.154812662177600657e+01 6.103991390225942126e+01 7.057052383907507931e+01 9.087997997645599924e+01 8.402567624093751419e+01 6.346360780370515897e+01 8.402567624093751419e+01 9.959422057976901499e+01 1.104981001936448877e+02 1.020826552984465962e+02 1.031473746057846199e+02 9.608128854676334640e+01 8.445664423734325510e+01 7.196301937158480655e+01 5.242261806209243247e+01 6.936436436941433215e+01 7.767486625545100765e+01 8.780571035578925887e+01 9.500101237658778075e+01 1.033456931377618417e+02 1.141678159587174122e+02 9.744829473193989600e+01 1.141678159587174122e+02 1.116777809329154394e+02 9.148608593450269666e+01 7.962027330233601674e+01 9.979150771994339664e+01 1.065511836752734354e+02 1.148313302673224712e+02 1.248575445322986610e+02
5.013624347458253538e+01 5.679959704075522353e+01 6.673892188599523934e+01 8.667746778637365423e+01 9.104348907070470887e+01 7.076795212930488788e+01 5.617569978040741319e+01 6.702819821960714819e+01 5.374520896414821181e+01 7.429735641393284595e+01 7.603186516448589316e+01 7.942786077074379136e+01 5.882884281372446367e+01 7.078652349996200144e+01 9.123214700530107280e+01 9.876028197453452151e+01 8.174643486328048425e+01 8.281258845420452985e+01 9.718766882598424672e+01 8.527601433941885034e+01 7.387072652091266889e+01 6.712323826207176580e+01 4.987263983587740057e+01 6.936879594368598134e+01 8.614009912731594909e+01 9.450600186238362710e+01 1.046182525924501761e+02 1.058939385867874989e+02 8.573515493272381605e+01 1.058939385867874989e+02 1.111382298156418074e+02 9.545831803931230297e+01 7.502982542912091901e+01 7.941503083067962621e+01 8.627215580928333338e+01 9.649912814672278216e+01 1.107592244208371000e+02
6.010859587659687264e+01 7.670819483618453205e+01 8.498645239456821798e+01 9.496635821723312176e+01 8.954733413497666561e+01 7.770139949940640633e+01 6.702819821960714819e+01 4.657477538467163214e+01 4.812532055305732115e+01 6.865451903365432429e+01 5.550882387264979201e+01 6.998640672893615999e+01 5.472757957927304062e+01 6.931418964765394719e+01 8.977854043682944507e+01 9.034153295590391508e+01 7.016740234744735005e+01 6.861947701286568702e+01 8.708728774733721423e+01 7.734993784297492425e+01 5.884226370767280656e+01 5.018100579456120158e+01 4.817618375364040162e+01 7.459465190677002511e+01 6.606261661474599123e+01 7.601648833529536375e+01 9.626370991933643495e+01 9.876673227565692059e+01 7.849769133481048300e+01 9.876673227565692059e+01 1.028402636393306437e+02 8.251063795984313742e+01 7.071318269154954805e+01 9.110294878075421821e+01 1.065511836752734354e+02 1.148313302673224712e+02 1.139371772456114513e+02
8.004915809399429349e+01 8.832814560598640696e+01 8.971493837871059895e+01 8.139801064697621769e+01 8.111584115777253601e+01 6.053083875146742798e+01 4.872433103724522852e+01 4.081666665154681084e+01 6.117341643778345883e+01 5.705078401386658982e+01 4.120355649819791211e+01 6.151984321733895200e+01 5.090147657522555846e+01 6.492824147179688055e+01 8.436475534047927738e+01 9.025191970569822786e+01 7.869399321844487361e+01 5.903216907120751955e+01 7.869399321844487361e+01 7.650050894517109157e+01 6.160793500110376186e+01 4.589049703968712635e+01 6.516590108407316961e+01 5.621310883800416036e+01 7.610135787103094174e+01 9.450600186238362710e+01 1.046182525924501761e+02 9.265538648828058399e+01 7.238099782566946772e+01 9.265538648828058399e+01 9.288548870218127718e+01 8.779529194923966884e+01 6.749853137535441761e+01 8.184538090999150484e+01 1.021595818441848280e+02 1.106793289027678213e+02 9.415858536391495193e+01
8.292565129396754742e+01 7.461008068011136629e+01 7.241311319887128661e+01 6.132279735039114144e+01 7.812389534129026458e+01 7.770139949940643476e+01 5.739150485844662342e+01 3.711336149593276446e+01 5.279782750658194601e+01 3.680143417961207319e+01 5.705076502244648395e+01 4.589240012722908091e+01 6.631302913699275337e+01 7.985589569332712756e+01 9.019136276107329309e+01 6.852904971174105242e+01 7.137736349883861919e+01 5.412335379643212718e+01 7.343914967859046783e+01 7.523904859829782765e+01 5.271586781958344403e+01 4.422593567219725941e+01 5.127783350490015835e+01 6.865151395868147688e+01 7.610135787103094174e+01 9.625585391628975174e+01 1.015193750067243599e+02 8.132080360077374337e+01 6.707607757907480561e+01 8.032304184466499919e+01 7.266374228004812608e+01 8.036703778962170475e+01 6.450661336903071685e+01 8.466342797715817881e+01 1.006339642873090696e+02 9.227240587735374788e+01 8.235028603361131161e+01
7.362544413242831354e+01 5.457232564887463155e+01 5.238248788445402937e+01 4.978808963722589453e+01 6.980758084615368375e+01 7.790030649104706129e+01 5.739148480477953740e+01 5.279767578187842503e+01 3.258640605701739190e+01 5.279782750658194601e+01 6.551818554757672075e+01 6.631302913699275337e+01 7.477086037488822967e+01 8.620184059948299193e+01 8.172736288617372225e+01 7.041110534222734429e+01 5.163049550761886053e+01 4.941770534167248741e+01 6.861020070805092530e+01 6.789475546443848941e+01 5.933214857199514825e+01 4.258817799051755770e+01 5.042021001939153990e+01 5.889404650558941512e+01 7.011130226750917416e+01 9.019191713478916483e+01 1.062066988083410735e+02 8.607468625719076272e+01 7.178966240610286320e+01 6.046134624375618927e+01 5.880466732690083376e+01 6.046063148101436013e+01 6.259334897321851798e+01 8.265305325765444877e+01 8.847636424820720435e+01 7.183315930545582262e+01 7.456513172838577930e+01
5.358723250935397431e+01 5.824932220763430024e+01 3.826452326728205833e+01 5.824932220763987090e+01 7.117446558605080043e+01 6.500958333746237372e+01 6.507777594712808877e+01 4.466992440196767689e+01 3.046665806139713695e+01 4.466992366249034063e+01 6.507752818337836231e+01 7.326114961695375882e+01 6.432772953794233217e+01 6.432772953794315640e+01 7.340908146811129598e+01 5.401607888204102181e+01 4.227573770937746644e+01 5.685404851460050679e+01 6.503613219951236601e+01 5.756007591049288408e+01 4.034980256116081421e+01 5.483090210940467557e+01 5.472817779789966863e+01 7.422276133211637728e+01 8.693893332133156093e+01 9.854828146443145442e+01 9.282881476374934948e+01 8.085037877320962707e+01 7.387319693323793501e+01 5.651111497597619859e+01 7.611449864162884182e+01 7.443085077532167304e+01 8.265305320664081989e+01 6.574099684623931239e+01 6.812358367004642901e+01 8.841930967188378077e+01 9.490257898668401992e+01
5.945628881090134854e+01 3.946609610077907604e+01 3.293530260384846997e+01 5.290816002346871727e+01 5.027599623797154749e+01 4.417283886551002325e+01 5.768913207052312941e+01 4.842758583307008280e+01 2.842232415493067421e+01 4.855811749252712417e+01 5.427201695776762591e+01 5.168294153806706248e+01 4.226136543864100048e+01 5.965534337865058490e+01 6.712137935338886052e+01 6.104418698162323409e+01 5.313060513953085717e+01 3.496371857559037011e+01 5.524430421869084284e+01 3.814112928232710686e+01 5.754328202340091281e+01 6.700904012066627047e+01 7.406016835742927640e+01 7.422276133211697413e+01 9.421013719025312128e+01 8.869504416937553515e+01 7.833634430440714880e+01 5.494720056602781710e+01 5.445152417083590279e+01 7.387319690615561285e+01 8.445955841109490336e+01 9.469826084137696398e+01 9.396853199263743761e+01 7.469927472328912188e+01 7.714364031365408891e+01 9.652749207795370978e+01 1.067347295716670885e+02
5.049058878233314118e+01 4.791494566855811144e+01 2.797907319221803490e+01 4.217662692408404723e+01 4.283598408846412298e+01 3.103457094821561313e+01 4.517758515331279767e+01 3.600410644258476367e+01 2.642515492324946891e+01 4.627330893216660712e+01 2.844456808065756448e+01 2.916306534977440634e+01 4.891574689096751882e+01 4.197611881932554212e+01 5.146219785071576780e+01 5.171251165453165299e+01 3.359210572889302426e+01 3.443243309089157833e+01 3.596255249897804163e+01 5.542788774710908939e+01 4.857470618104052562e+01 6.397071901047604570e+01 6.848444022232467887e+01 8.837544090053764023e+01 9.412621386430168968e+01 7.486602951229420455e+01 6.168366363816998899e+01 5.245835103320565906e+01 7.173484876429009205e+01 6.541206410054131482e+01 7.950615244124955439e+01 9.973593345324623272e+01 9.465966693510713981e+01 8.893147754430349039e+01 8.870369084166163987e+01 1.054563132043214182e+02 1.150222959554290014e+02
3.060224980843691611e+01 4.060907877165941215e+01 3.929881762222427000e+01 2.227452424706657297e+01 2.293564555552104878e+01 2.359447565938606317e+01 3.846466410919315848e+01 2.547671735599178788e+01 4.163469766053452759e+01 2.743212430341659669e+01 3.659137142504569340e+01 4.417256719310615409e+01 3.019047375719798154e+01 3.092139295493053908e+01 3.165789619108532449e+01 3.245551019535829340e+01 5.200392469471462675e+01 5.392723859136125242e+01 3.584388676026837572e+01 3.684044430721624508e+01 3.784170511979667850e+01 4.905893472607618833e+01 6.685279498547730270e+01 8.075193525485811108e+01 8.915957872250470473e+01 8.081992961392832342e+01 7.026415249875323354e+01 5.104497118953127455e+01 5.862014356562746542e+01 7.829732977528661308e+01 8.172101148056093223e+01 1.019402892366862687e+02 1.141483626577214920e+02 1.084887394943815053e+02 1.080961215209458715e+02 1.161368520114895233e+02 1.266012663940889524e+02
3.619333525621130576e+01 2.069245805293624230e+01 2.134809777406422526e+01 3.515734327352659960e+01 4.283566443352203379e+01 2.662362429255494334e+01 2.452673161220348419e+01 3.856404076412538728e+01 5.089045557277120224e+01 4.139770193258819120e+01 4.404083361846667088e+01 5.381012238909202949e+01 4.941653547253071110e+01 5.021380870710608946e+01 3.412122333559618426e+01 3.238599501731895458e+01 5.665755456440416538e+01 6.353653030772800747e+01 4.961290834956458440e+01 5.057548043596129617e+01 5.726599385173055623e+01 3.927817767527300674e+01 5.295365362889171479e+01 6.827101510478996715e+01 8.083297278757235915e+01 6.107072463506955984e+01 6.682608393347572928e+01 4.964580956799797917e+01 6.883171039217037901e+01 7.240004989185770512e+01 9.253462319035642736e+01 1.102576157035258717e+02 1.052175029857190793e+02 1.004077044739308207e+02 1.081349499252610400e+02 1.165419175530008573e+02 1.282834273603633051e+02
1.976943642697057868e+01 3.969332607868478391e+01 3.035285222131669869e+01 4.806071819235039300e+01 5.524671743477270525e+01 3.208969069270542462e+01 2.759858745237006872e+01 4.834599771579504335e+01 6.455384056708786034e+01 6.131699323841976934e+01 6.215604170474004775e+01 6.786878922244059709e+01 5.656410766983703553e+01 3.765224850834577808e+01 5.321481548185983002e+01 3.726957926504803709e+01 5.691945416739971364e+01 6.879399889519245903e+01 6.930459880324779931e+01 6.998403973604285966e+01 5.507696643161295214e+01 5.866653578417571424e+01 4.073420545437384277e+01 6.007525487951107124e+01 6.970592784739622516e+01 6.486726892505603814e+01 4.765741816302919887e+01 6.105265137346518856e+01 7.708276802243452153e+01 9.253462309712313072e+01 1.008708384738690143e+02 9.720236494676971972e+01 8.478283053177149498e+01 7.995881922448879209e+01 8.769058014148602354e+01 9.952271952244083764e+01 1.198994754387581878e+02
3.878529432307666980e+01 4.794626785022028059e+01 4.287800217859737018e+01 5.688202586994075460e+01 7.054265351332730916e+01 4.873302016356195310e+01 3.076127899875009675e+01 5.176789524892147654e+01 6.545246714913508868e+01 7.587809188144038330e+01 7.345571083531912393e+01 5.453219396408179875e+01 4.128572032248327872e+01 5.106423178898582194e+01 6.448349129928762125e+01 5.691945416739971364e+01 4.206261159742730626e+01 5.528725249105480799e+01 7.422313168410265405e+01 8.293478564485175752e+01 7.463724299719129363e+01 6.751589967380910196e+01 4.816650192644492279e+01 4.220958871096868137e+01 6.149878409260659851e+01 4.568045346413302354e+01 6.486726272846368602e+01 7.463074019630222722e+01 8.902733551792708511e+01 8.626478636351966145e+01 9.120743396703063866e+01 7.683052642186908088e+01 7.044661041861934336e+01 9.076800752220685808e+01 1.081349499252610400e+02 1.045256320382243587e+02 1.080345548555411028e+02
2.331598292840648057e+01 4.324552354992173520e+01 5.624671652169454461e+01 7.085554605380960425e+01 6.905489200601536481e+01 4.788273138724888156e+01 5.176789524993981217e+01 3.587860779629407659e+01 4.652030015964153620e+01 6.802642289510946227e+01 7.346417481097390123e+01 5.462473763919324199e+01 4.391031336001454832e+01 6.258722067165307834e+01 7.790750582045063766e+01 6.371190183496285186e+01 4.505735714766328215e+01 6.371190183614721292e+01 7.622537163347294609e+01 8.853678163672969958e+01 8.143851755967426698e+01 6.174896286786010080e+01 6.698884399648419219e+01 5.346393532549162586e+01 4.368732621277983696e+01 4.528846712273138309e+01 5.618933161516069674e+01 6.726941145457841742e+01 7.026569330484649356e+01 6.632091705320267749e+01 7.631866130811178550e+01 6.283102956082289836e+01 7.683052642187794845e+01 9.720236501675329066e+01 9.849470272183276620e+01 8.405331651589705189e+01 8.757426923757680015e+01
