LEM/sinusoidal_perturbations/elevation_000389.asc
nrows	100
cellsize	150.0
xllcorner	0
ncols	100
yllcorner	0
NODATA_value	-9999
[rows 17 to 33 of 100, columns 0 to 36 of 100]
5.222468517465790779e-03 1.067336064527556516e+01 2.249200330432821104e+01 2.552490980559663214e+01 7.716866761619142423e+00 9.602608217899156529e+00 1.154699142164800385e+01 1.362147152518384274e+01 1.574316423716115132e+01 1.842613136214220049e+01 2.112595500830002848e+01 2.386109596452442716e+01 2.664053555149239116e+01 3.241515619792276226e+01 5.232675917595318538e+01 6.998248146082151777e+01 8.088103914903501845e+01 8.536710966528629285e+01 7.717630799933778007e+01 8.537107454387709993e+01 9.541446679476834447e+01 9.458335952385037615e+01 8.252435167790729054e+01 6.275123852489333132e+01 4.881156190403057593e+01 5.205451758066911339e+01 3.248212821476232648e+01 4.824318923073305143e+01 4.841976727664337687e+01 3.566689808742032852e+01 2.607400378906424265e+01 4.354655060674870271e+01 4.479010376274078453e+01 3.863214370283811405e+01 4.803030876399812144e+01 4.753120416669118242e+01 3.131422619585583433e+01
7.333276091007126865e-03 1.002915708578308873e+01 2.797336523873960701e+01 3.648219817647076724e+01 2.223286196247375912e+01 2.413330810071929378e+01 1.848215546681766597e+01 3.396942987482194809e+01 2.197791623139591977e+01 3.857821391040904047e+01 4.118315617413917806e+01 4.384262385678076868e+01 3.479499880226222075e+01 5.232410859248114576e+01 4.179667779042886622e+01 5.587301634603215916e+01 7.582356608164954537e+01 7.570394190095996123e+01 5.803445501544096174e+01 6.761228157431349928e+01 8.448968357604032065e+01 9.442165101015322648e+01 8.653555595003713563e+01 7.670781616391889202e+01 6.854264915423421201e+01 6.020717370730642415e+01 4.824319794996197430e+01 2.871639739188704610e+01 2.849491011995246126e+01 2.558564454633816254e+01 3.071306625684573532e+01 2.657620878039191581e+01 2.692804269096688330e+01 2.978607167262538269e+01 3.272462181192140918e+01 2.824309159695824079e+01 2.857900421932215451e+01
6.343274376862209282e-03 2.000634109047160081e+01 3.511308999887128834e+01 4.567957759776496118e+01 4.243655095261728860e+01 4.429214296310133392e+01 2.572527421363411548e+01 4.578594616471296064e+01 4.205642843052090285e+01 3.149610105323317555e+01 5.146906422621452748e+01 6.290528816252247424e+01 4.628402977518766193e+01 6.295835768757007855e+01 5.587281340879760450e+01 5.805494874323412091e+01 7.800799431375936877e+01 6.760529229058357714e+01 4.922919904807360325e+01 5.730424113278837694e+01 7.088323482397605346e+01 8.653552996706609690e+01 6.843060942389070078e+01 7.373603885088766674e+01 6.755081903337952554e+01 6.092153544693653799e+01 4.123559369956777232e+01 2.843687823989688113e+01 2.509333520931374650e+01 4.466998223322466544e+01 4.648111879725038165e+01 4.201920559312711134e+01 4.664387880655975493e+01 2.741901603848625513e+01 2.776290838264450755e+01 4.709741863259732497e+01 4.764074583894094417e+01
3.497053469895897767e-03 7.296440018279164441e+00 1.665563255833700396e+01 3.137272985787483393e+01 5.168975569627744449e+01 5.406421476692661798e+01 3.993166896555289469e+01 4.211827839165432152e+01 5.971461911689856095e+01 4.563320546616083817e+01 4.562705299022885441e+01 6.551535973173393756e+01 6.622606069671812179e+01 7.455244984602852298e+01 7.581295064413841089e+01 7.800799431375936877e+01 7.316862411622564366e+01 6.147963917974719550e+01 4.380870985191404543e+01 4.503862660055307288e+01 6.173087768411905074e+01 7.232098447519128115e+01 7.373603885088766674e+01 5.622597986845446627e+01 5.025792255522492269e+01 5.982317240737548758e+01 5.508805488038290576e+01 4.435363663948039914e+01 2.474657268015415923e+01 3.895754400449897759e+01 5.210543111637268510e+01 6.573016828618760599e+01 6.198010878541939661e+01 4.438188900623237743e+01 5.088363030605850668e+01 3.952027321868633436e+01 5.551129402852281913e+01
9.635555453094322986e-03 2.000963555545273920e+01 3.552503433496950436e+01 4.479872272761849672e+01 4.661515476952034476e+01 5.488653606872912150e+01 5.991942157681666004e+01 6.210519630087376441e+01 7.038266732754111388e+01 6.567993689850359829e+01 6.549459275056963747e+01 7.365924522023071574e+01 6.982616730349766954e+01 6.153638443015829296e+01 6.411118089422149069e+01 7.241388641988748986e+01 6.557699316804894352e+01 4.852408765520828382e+01 5.165277046033476438e+01 3.707980901154913056e+01 4.635740323637664773e+01 6.429287054395643963e+01 8.149178462500350406e+01 6.997799346971891055e+01 5.247145437917635036e+01 4.265695055492427912e+01 5.371890492543518292e+01 4.532733505918166372e+01 2.439934099449383353e+01 2.847894212955742077e+01 4.269522181046936282e+01 6.788503175335371509e+01 7.399675554287517798e+01 6.547082267215452589e+01 5.196602045143097826e+01 6.087010607888066005e+01 6.257904378795721101e+01
8.845047570523793118e-03 1.610893318866522961e+01 2.353390774349575310e+01 3.017306955975783467e+01 2.666623604019569171e+01 3.993504936243893866e+01 4.595022434446267567e+01 5.260030084364284164e+01 6.087343448541847124e+01 7.085523457756917765e+01 7.239235815066696489e+01 6.391213053892652596e+01 5.867188713078868290e+01 4.250387243231732270e+01 4.492988784168992566e+01 6.411118089422149069e+01 6.299403125697010353e+01 5.157600272222806126e+01 3.533928865347304082e+01 3.343383590731093591e+01 5.079967055246531515e+01 6.480029678628213219e+01 7.435804245630465914e+01 7.794979150001370272e+01 6.733467729744171493e+01 5.375343361488054228e+01 3.634183658102043779e+01 4.510972671778822729e+01 3.239507008283215583e+01 2.390775781546833656e+01 5.100169651073586863e+01 6.561718382204706757e+01 7.711330686213035790e+01 7.812806647709962249e+01 6.211667457385513558e+01 7.812798613060166986e+01 7.020228224858414023e+01
8.023991185656003874e-03 3.599779640667078784e+00 7.249023565435696703e+00 1.109084976506060372e+01 1.515931204995941073e+01 1.998990443448430909e+01 2.600014588075711330e+01 3.265007134610233663e+01 4.262244044395899323e+01 6.257816124332676821e+01 6.097182719317518718e+01 4.448633524128578642e+01 5.054795850485007946e+01 3.249526000489909450e+01 5.054795850485007946e+01 5.701339612522047418e+01 5.516455769758756134e+01 3.791269984109565172e+01 2.819572926838576521e+01 3.412388990647198739e+01 4.064344672139922920e+01 4.960765455681409009e+01 6.650599360370824797e+01 7.902494318453611299e+01 5.976307316004083958e+01 5.072373640296002151e+01 3.195292252089248208e+01 4.164741946376275195e+01 2.341616205658735339e+01 4.320172615253583359e+01 3.542564026906813268e+01 4.895504874680108998e+01 6.936154228453386850e+01 8.685665326021985777e+01 7.982840309596745954e+01 8.685663282923661654e+01 7.461382464305353324e+01
4.598823041778624977e-03 2.000459882304142312e+01 2.720100853373354965e+01 3.102772989962168282e+01 2.666623604027121530e+01 3.993504936243893866e+01 3.627323178923102631e+01 5.260030084364284164e+01 6.087343448541847124e+01 7.085523457684821835e+01 5.268347626570142950e+01 3.457726446251017904e+01 4.222415939375505900e+01 2.709443046109024422e+01 4.508620898079655603e+01 3.753852312773321387e+01 4.348223137523704906e+01 4.190645664582373087e+01 2.487139705028735293e+01 4.219221200751918133e+01 5.709960924145800476e+01 5.773586522896862050e+01 6.754634537583953602e+01 7.332723679182518595e+01 5.423796636866364196e+01 4.172895936613918622e+01 4.431842534543545042e+01 2.666691936251729089e+01 2.306808721529183615e+01 3.389553415969060524e+01 5.069388928918817072e+01 5.379697980235846444e+01 6.792925405871373812e+01 8.577506149242350375e+01 8.447373811050613313e+01 9.273937590147333765e+01 8.353107456909285133e+01
7.340434288523949372e-03 8.951612344287941170e+00 2.049861772930516324e+01 4.049863611380123984e+01 4.661515787288209367e+01 5.488665713697911741e+01 5.622826909437067400e+01 6.450265816209551417e+01 6.879390592847374819e+01 6.594918402992959727e+01 5.633169871573171861e+01 4.219357943345663386e+01 2.515359652791332223e+01 2.161613076321352622e+01 3.614764174394963447e+01 2.925463839062932081e+01 2.061316878691961918e+01 3.493518869011648320e+01 2.190746781680221034e+01 3.937014334707188823e+01 4.750682787599680523e+01 3.549943720765875099e+01 5.281246469717427061e+01 6.518946613387237221e+01 6.677324722644392807e+01 5.941202988783363281e+01 4.415306915811116539e+01 3.316454207515149477e+01 2.272158535758391906e+01 4.075126595135368746e+01 4.563873422019018022e+01 5.456864963982213368e+01 6.601532997426637905e+01 8.130649107779379392e+01 6.473363434567011154e+01 7.821262754354469848e+01 8.646010774804176435e+01
3.515918393995972821e-03 2.000351591839364218e+01 3.723600630339157647e+01 4.878342771102084896e+01 5.698918729729935961e+01 6.527281499111018093e+01 6.535197895212805008e+01 5.712830016263995958e+01 4.851780558831091383e+01 5.297049176248025759e+01 3.662130311901961477e+01 2.982611163197746862e+01 1.923258980318117395e+01 2.392271030259916031e+01 1.393174961725322980e+01 1.422710307658270423e+01 1.963036992899479927e+01 1.779505412356368410e+01 3.083760202755364332e+01 3.456769930958063952e+01 1.908084122114974690e+01 2.617212984174960155e+01 3.511801295348695362e+01 5.178000138197545965e+01 6.498196526282799823e+01 6.962209856650305539e+01 5.595378616188134657e+01 4.477569364374803484e+01 2.237577790441329384e+01 2.877170348663105770e+01 2.873415516592431018e+01 3.521984700787209732e+01 5.750085880027438634e+01 7.247774953446821655e+01 5.338553522673062446e+01 5.849569050219623279e+01 7.821262044974297112e+01
4.608085242692564441e-03 1.414674370897376754e+01 3.414674370897446920e+01 4.286262158952613532e+01 3.701120648361177246e+01 5.698918729729935961e+01 5.712830016263995958e+01 3.588415893063517359e+01 3.304363048147435933e+01 4.225480666114537343e+01 2.699248771146070069e+01 1.490156340898807663e+01 1.321790383656190038e+01 1.351421942838597445e+01 2.047129436586740425e+01 2.889079719784773204e+01 1.464562169993553375e+01 1.494252931663478812e+01 1.524264897703438670e+01 1.554473790510502518e+01 1.584887364449726732e+01 1.911234745030075999e+01 2.523612083902296988e+01 3.408959327631281155e+01 5.524877831110395476e+01 6.204804095098695882e+01 5.754394530406990782e+01 5.284719865875892708e+01 4.062159011569455203e+01 2.188902327132526793e+01 4.248997982757728664e+01 5.488322550043735504e+01 6.498417892439428556e+01 6.427064968447245974e+01 4.458214440269912870e+01 6.427064968447245974e+01 7.840556998837223546e+01
1.610643649003322799e-03 2.000161064364864671e+01 3.223758083204001679e+01 2.298499046790878353e+01 4.286262158952225576e+01 6.113754430804200979e+01 5.373805567767511349e+01 4.191627297003616093e+01 1.950927868569535306e+01 3.418950995827198369e+01 1.390670087714123504e+01 1.279705746003851274e+01 3.236828103138635271e+01 3.393424485458836415e+01 3.557835372095559734e+01 2.759155016235848379e+01 3.329957872450076195e+01 3.385335457701494732e+01 3.494617470736464782e+01 2.890074987105306903e+01 3.383867581853181861e+01 1.628284270243691623e+01 2.407129939600146074e+01 3.611034247371576811e+01 5.506034458728618119e+01 5.747580820610863839e+01 4.111709259074806511e+01 4.476097995661552176e+01 3.632277320738653259e+01 2.154951314277331775e+01 4.318577823122814152e+01 6.133481573605030945e+01 5.682728140651172311e+01 5.204886949940565444e+01 3.909799857083829977e+01 5.048564733064223020e+01 7.018137871466349509e+01
2.022278438842990342e-03 2.000202227843848846e+01 1.260992237444897057e+01 2.248292280904685825e+01 3.416520343776958413e+01 4.943899090970462140e+01 3.711677374289983788e+01 2.486360075874326370e+01 1.279634993291053746e+01 3.170436605679627107e+01 3.193540254732666739e+01 1.249654159794699382e+01 3.203500386532552824e+01 4.150073853595139184e+01 4.869861405071453930e+01 4.674091387007711518e+01 5.274173321190819763e+01 5.822744311803096195e+01 5.066712820083578350e+01 3.232214892359161951e+01 3.663701253045851303e+01 1.659126884440847860e+01 2.370485878461154172e+01 3.289242507238732571e+01 4.836982252326224341e+01 5.930256608899010473e+01 3.556253180454800145e+01 2.996708059759193787e+01 3.433156231864047925e+01 2.121369413613747312e+01 4.146573011477804727e+01 3.972371343759797213e+01 3.927198851352186182e+01 3.229211148841656609e+01 4.982743060614196651e+01 5.142143098476960006e+01 5.303460610662376240e+01
6.642187732006160465e-03 4.802787392509109132e+00 1.621012839841039721e+01 3.615131719916450237e+01 4.742259338679944847e+01 3.681881043533029185e+01 1.291347061047565425e+01 1.067150845785440971e+01 1.099530990411744646e+01 2.311262004520990843e+01 2.535770686363441229e+01 1.219266840398513807e+01 1.662720099965630993e+01 2.131347852116527974e+01 4.156940096067387458e+01 5.805577769243637931e+01 6.809424298857447866e+01 6.939892981925130755e+01 5.128631445904532882e+01 4.249806922537853637e+01 1.702974754977798000e+01 2.673881488969879783e+01 3.819101205689923262e+01 4.424407639879651555e+01 5.308658827458680918e+01 5.736989124785456085e+01 4.646449318777039394e+01 3.993328097426700651e+01 2.073955387907993142e+01 2.150868045725626487e+01 2.301447344672653017e+01 2.445841668739889130e+01 2.584309280263235920e+01 4.380175219508019069e+01 3.015882018526482966e+01 3.176927264544471541e+01 3.340948185988546015e+01
1.591255364720534126e-03 2.000159125536436378e+01 3.291108972466420823e+01 4.443304872402678285e+01 4.191877565726385768e+01 1.125645853633238502e+01 1.020845302738464255e+01 2.608356694241606633e+01 3.048264038103803841e+01 1.144491241563889972e+01 1.175817582490425828e+01 1.693132545815159773e+01 3.648006606378290684e+01 3.567155346181327502e+01 2.961490202745732603e+01 3.977120378926060340e+01 5.987114892779917596e+01 6.745620715249496868e+01 5.867601470753002246e+01 4.039976892139964804e+01 1.734087710919466474e+01 2.813110498679110805e+01 4.163801391032357202e+01 4.462931371782158152e+01 5.025935554674239825e+01 4.367936261742003978e+01 2.914655981801591622e+01 2.027795318086046450e+01 3.483654630251341899e+01 4.206354658156917026e+01 3.305081400449525120e+01 4.432624525006338700e+01 4.569102581886691894e+01 2.790027493471822240e+01 4.781590167359610888e+01 4.571756857301991772e+01 5.303460610662376240e+01
6.189296070378335485e-03 1.155319467986299564e+01 2.569533030359419712e+01 4.569533030397570883e+01 4.767763733564473227e+01 2.520042486416374672e+01 9.877726536319139328e+00 2.340315792310159182e+01 3.409132032581390348e+01 3.449140256350346334e+01 1.366652319298708207e+01 2.605538394698716331e+01 4.616130824480603678e+01 5.580751985401654025e+01 3.870500966775725971e+01 5.803750814296519422e+01 6.804689145118540239e+01 5.877443549776553766e+01 3.799503762119589112e+01 3.797086867733594318e+01 1.765297973369555606e+01 3.309309292578506501e+01 3.801004306061199856e+01 2.946199627144529032e+01 3.886544797848191024e+01 1.949824990436043493e+01 1.982004091593393014e+01 3.940942481960108523e+01 3.456390071493927252e+01 5.347161876323064433e+01 4.706907614349979241e+01 6.106211451069210483e+01 5.163172286474815564e+01 3.146667489823552089e+01 5.163172286515077758e+01 6.519177297713844155e+01 5.817182260914608349e+01
2.247884206357958405e-03 2.000224788420600319e+01 3.422376131717078351e+01 4.252249491511022939e+01 5.531091769687580495e+01 3.499963970244640166e+01 9.546639808756410162e+00 1.993229310390424303e+01 2.769566509177291636e+01 4.030328237020295745e+01 4.087720791847181800e+01 4.528936517730538469e+01 5.560854199831848632e+01 6.693813133232833934e+01 5.294460100416378623e+01 6.693813651985010438e+01 6.768956638112744884e+01 5.906984479439324787e+01 4.401101233269770319e+01 2.347991834465543448e+01 1.798294470992939154e+01 1.808421937623700160e+01 1.840200510566365466e+01 1.872594293600487703e+01 1.904467511731644791e+01 2.663002370558888998e+01 1.984096141071845310e+01 4.612885972501129572e+01 5.450017474917680715e+01 6.337410878855242657e+01 6.678986615857712650e+01 6.732339472610289022e+01 4.676947017401803919e+01 3.523339653504108071e+01 4.942292507113906197e+01 7.002671212587513594e+01 6.092371954769348719e+01
