LEM/sinusoidal_perturbations/elevation_000898.asc
nrows	100
cellsize	150.0
xllcorner	0
ncols	100
yllcorner	0
NODATA_value	-9999
[rows 34 to 50 of 100, columns 0 to 36 of 100]
2.064481644892168701e-03 1.414420010537596717e+01 3.414420010537666883e+01 4.397598044490419511e+01 4.832126238448868349e+01 4.003659749040067339e+01 4.503660804499797621e+01 4.136650054007881749e+01 5.843229269034541318e+01 6.671746537761774221e+01 7.826514455181276730e+01 7.270051945870955024e+01 6.432163208862925785e+01 6.780050970188317194e+01 5.065734473133684901e+01 3.637655265824093931e+01 5.622918587272481972e+01 5.160791907891730546e+01 3.962504996459600903e+01 5.392366884556471973e+01 7.441151437648802869e+01 7.520554010619970597e+01 6.696267390640738881e+01 5.995027570163292552e+01 4.854169474615876823e+01 2.862710649553714859e+01 2.641340075669256393e+01 4.635276706759883325e+01 5.515494189819171567e+01 6.218250695122888061e+01 7.051264544228533282e+01 8.214594658403331096e+01 7.306241867620205710e+01 5.289974676492575156e+01 4.140397620464027284e+01 3.252332934173922752e+01 4.864901579490392436e+01
2.905961989428186391e-03 2.000290596198907167e+01 3.963290009236391853e+01 4.791717133983201649e+01 4.161848129598179469e+01 4.868954910784739099e+01 5.697382035603732930e+01 6.136671374304710724e+01 6.965197904335148849e+01 7.849347839188202158e+01 7.056374510466388017e+01 7.849336909227416470e+01 7.919475258853113075e+01 8.141477132179457499e+01 6.466310826242266785e+01 4.612281033786290863e+01 6.466310826242271048e+01 6.676718713438378927e+01 4.632863728964648686e+01 6.676718713438378927e+01 7.842281510912376064e+01 5.857256496096690057e+01 4.712831212274463866e+01 4.009939011870093850e+01 3.379941258287059469e+01 4.854169475820749113e+01 2.921485880412354419e+01 4.911179542848650925e+01 5.900187737623173945e+01 6.503214921917367519e+01 7.500017465328920707e+01 9.005782454237913726e+01 7.022243307874354912e+01 5.618901830971136491e+01 5.522104361436159792e+01 3.531939175961196042e+01 4.938908235151746595e+01
3.542675937824442140e-03 2.000354267593747082e+01 1.963290009236321154e+01 3.267420938598247204e+01 2.161848129598108770e+01 2.868954910784668755e+01 3.868954910784703571e+01 5.283168473157848410e+01 7.283168473157989808e+01 6.881496175089097278e+01 5.111865093661187132e+01 6.881493421850471748e+01 6.110684773825444438e+01 7.467464675939537244e+01 7.480314353534046745e+01 6.633556172351548241e+01 7.480316175076106333e+01 7.532688909279514178e+01 5.647145003557663046e+01 7.532688909279269751e+01 8.667296932237418616e+01 7.520554010619970597e+01 6.696267390640738881e+01 5.822814341837359819e+01 3.837225587655700565e+01 5.734664072979781935e+01 4.911179542749270155e+01 3.329690527909158959e+01 4.678791729835140245e+01 4.839212199501646694e+01 6.637798002491101101e+01 8.306045960040904674e+01 7.392604166222361073e+01 5.402131237461526325e+01 3.993260791065134185e+01 4.194701694805434045e+01 6.185805694751536521e+01
3.411803931810562015e-03 4.003411803931827606e+00 8.085894708570492639e+00 1.267420938598176861e+01 2.422121476977448751e+01 4.422121476977519450e+01 5.697382035603732930e+01 6.697382035643624931e+01 6.969756532689261519e+01 6.084119708120545766e+01 4.122739311742017065e+01 5.595893094895402697e+01 4.772906232918368374e+01 6.132653793272511678e+01 8.018961544450803558e+01 8.081169628240952818e+01 8.305427619834442510e+01 8.579217675147528155e+01 7.730097147419594705e+01 8.603045258442311649e+01 9.215437021215862501e+01 7.223957070947776060e+01 5.822140910901288890e+01 4.830934206331947678e+01 4.500331026628918352e+01 6.484030252189262455e+01 5.755958272423369237e+01 3.774865808151518110e+01 3.889274828674396645e+01 4.338518935639150698e+01 5.474163288533899419e+01 7.474987318903632172e+01 7.728178151627326997e+01 6.045194624620062029e+01 4.351846456438850907e+01 6.185805694751542205e+01 5.344824678394758877e+01
3.327314952832964925e-03 2.000332731495247884e+01 2.808589470857084791e+01 2.422121476977448751e+01 4.095848063386527116e+01 5.250548601854512754e+01 5.887799252736736833e+01 6.393133535206506224e+01 5.020752358906828761e+01 5.390666973951437058e+01 3.419744378897916448e+01 3.638002601685057158e+01 5.029733719324948282e+01 6.962722737833422570e+01 7.495583316821519304e+01 6.075985538794608232e+01 6.329312867586043012e+01 7.591371630932074765e+01 8.132924408621005341e+01 8.985840598521889433e+01 9.336017567664593741e+01 8.633176166989740352e+01 7.639325121112668171e+01 6.232723358202019170e+01 5.250535399860611108e+01 7.233493687637250957e+01 6.216586678848417336e+01 4.243332716143523697e+01 5.976698811788293852e+01 6.319811026368596174e+01 5.077310253336951007e+01 7.074785830081741267e+01 7.381983856393995325e+01 5.185607555272765268e+01 4.759735928762977863e+01 6.729470160415499436e+01 7.334607127195424425e+01
6.779948344387334673e-03 1.414891557207546313e+01 3.414891557207617012e+01 4.422121476977564214e+01 5.250548602268970200e+01 5.317595532690078386e+01 3.933638463793791828e+01 4.542234036430072308e+01 3.621304344095047867e+01 4.198391306866307815e+01 2.789160609351974074e+01 4.767406501803233709e+01 6.391817513963295028e+01 5.972654504173939216e+01 6.494708292090628277e+01 4.664681248390664337e+01 4.927073216182562732e+01 6.908100414357548402e+01 6.114106778382004137e+01 7.800746375088873208e+01 7.308205956609461396e+01 8.742582644636237887e+01 9.045926884023342041e+01 8.058184826206083073e+01 6.240432087937458761e+01 7.021796382853813157e+01 5.049879218135816217e+01 5.382338373166061274e+01 7.037052308329175787e+01 7.654053854063349149e+01 5.647410556591023578e+01 7.654053854063349149e+01 8.317625999054109798e+01 7.217276157122884683e+01 6.729470160415499436e+01 5.368313420096299637e+01 6.497638771631747545e+01
9.516927588586143695e-04 1.414363658102310062e+01 3.417009233820587610e+01 3.998055898657459295e+01 3.608520205612246201e+01 4.002959255750494805e+01 2.538955262391030487e+01 2.544209404771756411e+01 3.935368108624940930e+01 2.212451107606127820e+01 4.198349803424355997e+01 5.569698665773318424e+01 5.388185470266115829e+01 3.968134781328214444e+01 4.815436080304725408e+01 3.667039903365550657e+01 5.418768005578763081e+01 5.735270174453562930e+01 4.959150345078256805e+01 6.737555283619046520e+01 5.885816691732109263e+01 7.308243192652993514e+01 9.337636621372341494e+01 9.052346810387412290e+01 7.642731887158814175e+01 7.645629641812892885e+01 5.671548602299831998e+01 7.355366402726025399e+01 8.176088989652060945e+01 8.323707812315512911e+01 6.314745937558998889e+01 8.323707812315512911e+01 9.900209163050220695e+01 7.896686077377297863e+01 6.754368735679909719e+01 5.909432723292098188e+01 7.884757477639870160e+01
1.945935296826602993e-03 1.999022449080334596e+01 2.338038033795567117e+01 2.256132618244507171e+01 1.498191911077053184e+01 2.496137339926733034e+01 2.792231155311925761e+01 1.132773493176773094e+01 3.116742834190771916e+01 1.853382185632927204e+01 3.702018765321954419e+01 3.957198632309440711e+01 4.199116048388091116e+01 2.555392536167104822e+01 2.815578660442885806e+01 3.113386812586063002e+01 3.417947054073269442e+01 3.733647799576382198e+01 4.066373922610932112e+01 4.731723481755476257e+01 6.738390820288651639e+01 7.935981559269956165e+01 8.777825821377135185e+01 9.685532451645271124e+01 9.636029658078062710e+01 8.471057768809070865e+01 6.806737817360905751e+01 7.063709778568556885e+01 9.050510238493666293e+01 9.154500094549470646e+01 7.320635332745254686e+01 9.154500094549470646e+01 1.073218145405349446e+02 8.823862302124364021e+01 6.831398235357950455e+01 7.884757477639870160e+01 8.714197956827635494e+01
5.600688922766023682e-03 2.000560068892241006e+01 3.371939210581122115e+00 4.779134299085548321e+00 6.211364131858255533e+00 7.666151229793429778e+00 9.179207136575342929e+00 2.912982058364638149e+01 1.354138868949235608e+01 1.531003211188493651e+01 1.710422690666865364e+01 1.952964861613870085e+01 2.199170872847348335e+01 4.199138088487673315e+01 4.815436080301633837e+01 5.113629640814317412e+01 5.418768005578763081e+01 5.146551755305112863e+01 6.069438517851974524e+01 4.697579543177735673e+01 5.212912308939737471e+01 5.918952668529901473e+01 6.815112052761558914e+01 8.245794661754686672e+01 1.028404388847188926e+02 9.619268689055041932e+01 8.791578412069677029e+01 9.050510238493666293e+01 9.878405759049582002e+01 1.015747403700772082e+02 9.326780291885768293e+01 1.015747403700771230e+02 1.084839462704617716e+02 9.654362726062275613e+01 8.236325547434093153e+01 8.236033456083572446e+01 1.023998102829399102e+02
8.215197286175309616e-03 1.391644125018292710e+00 2.136506360965561058e+01 1.372296376542137786e+01 2.620893344460927210e+01 2.766079951279460758e+01 1.010334957480045759e+01 3.384701114151222612e+01 3.361031586355280609e+01 2.951969868162840527e+01 3.688012684067639668e+01 2.098930856966988401e+01 4.096057430032553270e+01 4.908833114908527051e+01 5.267254483505706020e+01 5.651247187699645735e+01 6.474050639120703465e+01 7.156562166380599876e+01 7.542735460631391220e+01 5.851559720636813466e+01 7.222854156024227734e+01 6.479285416625074845e+01 8.502356920090825554e+01 9.685532451645271124e+01 9.970086549317613844e+01 9.134690475973768287e+01 9.396525150307449792e+01 1.023184005826429086e+02 1.149356444082426236e+02 1.065788592823428047e+02 1.089337868907759201e+02 1.006033723136495439e+02 8.831422520731757686e+01 1.025596372806641199e+02 1.024956642658696637e+02 1.023814346952058543e+02 1.106331825586957507e+02
2.613274238814250559e-03 1.996388801860312512e+01 1.772348614376911158e+01 3.371262472918543551e+01 3.004802474235650322e+01 4.235496240319879746e+01 3.388558541974040850e+01 2.259027455928256600e+01 4.395880929847667318e+01 5.027609057693061345e+01 4.609198676300785280e+01 2.615105225806142286e+01 2.570156259758742934e+01 2.912874770495691124e+01 3.271648760562630542e+01 3.655962567501283189e+01 5.651247187699645735e+01 7.074552178963408267e+01 8.291556880106061556e+01 7.868193400681069249e+01 8.709474134302416815e+01 7.906420723748178148e+01 9.344446541513379145e+01 1.018446112583394836e+02 8.804850637709648709e+01 7.115853135911353888e+01 7.377861217155017926e+01 9.396525150307449792e+01 1.065788592823428047e+02 8.638813416475389317e+01 9.230186063462203094e+01 8.043214947576780105e+01 7.404547593470435629e+01 8.413363783338780877e+01 1.042977835959624429e+02 1.074217201239679014e+02 9.892496122224929422e+01
7.532853315450405325e-03 2.000752719207759611e+01 3.773848621425169370e+01 4.601886857448784696e+01 5.003250431874132431e+01 5.829579205199057412e+01 5.223731751726544559e+01 3.280064772416294971e+01 5.223731751726544559e+01 6.233960154149046673e+01 4.244908485614598703e+01 3.246860078001403593e+01 4.566529082839752363e+01 4.908833114910363093e+01 4.683498707050031129e+01 5.651247187699645735e+01 4.257950292686859228e+01 6.252681179433383107e+01 6.303888632813390558e+01 7.454877193419511627e+01 9.434482586950282723e+01 9.941074167610275936e+01 9.416490628816787023e+01 8.580882408805510408e+01 7.329515143448257675e+01 5.946524404459275814e+01 7.969114194238663629e+01 9.254331810440486095e+01 1.042472462303142606e+02 8.406118626860310883e+01 7.211641330144236406e+01 8.413363783338780877e+01 6.395613800964478912e+01 7.822467827423670883e+01 9.839817615528134809e+01 9.721820066689393514e+01 7.866635385300176608e+01
6.101047412966256744e-03 2.000610104741260997e+01 3.671732316049594402e+01 4.498259680004613870e+01 5.493115364459536920e+01 6.893012940809819611e+01 6.122629712480981112e+01 4.714789918631284849e+01 6.122629712480983244e+01 7.052805395291591140e+01 6.060904859657627242e+01 5.240281456759868206e+01 4.314096468798447859e+01 6.303848832289433091e+01 6.676565596139046477e+01 6.917263915215430359e+01 4.923515707869289315e+01 5.150980091278612605e+01 7.143976082471968425e+01 9.109572316028928185e+01 1.025114308660386371e+02 1.000815518519052176e+02 7.989686667620935623e+01 6.558685397086003377e+01 7.301932721881536281e+01 5.299094486744143495e+01 6.395041901698120768e+01 8.418632934937249956e+01 8.641241038207243719e+01 8.406118626860310883e+01 6.386510815644759731e+01 7.853661738314276874e+01 5.832135532337207451e+01 7.262805250666383472e+01 9.280115484209927956e+01 8.878452738183948156e+01 6.858261728562436588e+01
6.842009524227352091e-03 2.000684200952387215e+01 1.672259624717483106e+01 2.672247221605994127e+01 4.086047700267430116e+01 5.348503959143383923e+01 6.172331385610323196e+01 6.708025704497480035e+01 6.746552466569220030e+01 6.597655633269256725e+01 7.424449542481103492e+01 7.122309689849865322e+01 5.465732473370744771e+01 7.122309689849865322e+01 8.322556637346518471e+01 6.335172610604529098e+01 6.076559879450351076e+01 7.143976082471968425e+01 7.964156748773835659e+01 8.515116636599023536e+01 9.350552515648345775e+01 9.931137580203692039e+01 7.911387360691392701e+01 7.301932721881536281e+01 5.268651653954515979e+01 4.725304488930233759e+01 6.766377775101497605e+01 8.047638060347551914e+01 6.618148638440575837e+01 7.767462560489464352e+01 5.742890724628873755e+01 6.940934569578089963e+01 5.334957766939040624e+01 7.363369616420294506e+01 8.208176042195833588e+01 7.370844577815564946e+01 6.142884758344946050e+01
1.934550753332892102e-03 6.032161441882718300e+00 2.017421294218832273e+01 4.017157127144077577e+01 5.014268338359991617e+01 3.369166697146909684e+01 4.776515918132448490e+01 5.621496137814172300e+01 4.748993320746847502e+01 4.599743178508777675e+01 6.013460817090803801e+01 8.008026681555351445e+01 7.448737069899681273e+01 8.265178913124471194e+01 9.140650726478982335e+01 8.322556637346518471e+01 8.065686985134632891e+01 8.884074859667086344e+01 8.182676919995053311e+01 6.489853223248788083e+01 8.182676919995053311e+01 9.340306549106479395e+01 7.319509653314710818e+01 5.882348491415095282e+01 6.285292187918023643e+01 4.234372835102429633e+01 6.285292187918023643e+01 7.032144075642972325e+01 5.175387328992537306e+01 7.032144075642972325e+01 6.940934569578089963e+01 4.903918395817730413e+01 4.860311480196471479e+01 6.897765821889093729e+01 6.808203217612732772e+01 5.342552811275717062e+01 5.989033551808445566e+01
4.364784840791047053e-03 2.000436478484043690e+01 3.431192511830737857e+01 3.890808143675982933e+01 3.061500960601045662e+01 2.217241366610814879e+01 2.743065693965043650e+01 4.777456336116665625e+01 3.327675643650591297e+01 5.143176117578352802e+01 5.698745161326719000e+01 6.330490385866750813e+01 7.084062378967428231e+01 7.910794678551349079e+01 9.321402173150369208e+01 8.088447479842361076e+01 7.251243031352703383e+01 8.088446746003731391e+01 7.345830259721371647e+01 5.311182445166199528e+01 7.345830259721371647e+01 8.209206468495597164e+01 7.343605116112664177e+01 6.628110503106243812e+01 4.583435044159768523e+01 3.848490422996270865e+01 5.904446025123073838e+01 6.193043006178903198e+01 4.142270300936977634e+01 6.193043006178903198e+01 6.414979255116155343e+01 4.366119608778122085e+01 4.405490378385642458e+01 6.452023275329143814e+01 4.768696699104116021e+01 6.808203217612732772e+01 8.009898040495990301e+01
5.219006137575642711e-03 2.000521900613722082e+01 2.464087939021469964e+01 2.703312159583577667e+01 1.062343068599034979e+01 1.322732620413455429e+01 3.323057870992159479e+01 4.044245281459666330e+01 2.613949159067200867e+01 3.135123421135753574e+01 3.695612502077025141e+01 4.332736575312804916e+01 5.090298290138562010e+01 6.500186993064104968e+01 8.088446976466273952e+01 7.073070539566471382e+01 5.216528508008946829e+01 7.073069017058102759e+01 6.626473626222190205e+01 4.587499118950118770e+01 6.626473626222190205e+01 6.994543846677565568e+01 5.233902835410211907e+01 6.994543824538754961e+01 5.535185498249446567e+01 3.479833810808174377e+01 5.081081285223475419e+01 5.509452092762392539e+01 3.455536910838593911e+01 5.068405872812690660e+01 5.249357410887806452e+01 3.859653908030522729e+01 3.970209379583604203e+01 5.908916747859822038e+01 4.380538719133096492e+01 6.429759529931276063e+01 7.437898587605317857e+01
