LEM/sinusoidal_perturbations/elevation_000347.asc
nrows	100
cellsize	150.0
xllcorner	0
ncols	100
yllcorner	0
NODATA_value	-9999
[rows 51 to 67 of 100, columns 37 to 73 of 100]
9.384895757981512077e+01 8.544705543680773019e+01 9.382859894595983974e+01 9.816510377603785287e+01 8.449392851164931528e+01 8.669735695741661630e+01 1.067145025548374377e+02 1.063146350897510217e+02 9.807621349793348031e+01 1.063146346887465228e+02 1.202506907842118409e+02 1.077749777846455714e+02 9.270532683968535537e+01 9.270532683968535537e+01 1.142816088102417780e+02 1.082076922243499268e+02 8.825504558971384483e+01 1.082076922243499268e+02 1.092258380593752491e+02 8.921277258561666201e+01 7.520523181507543597e+01 9.507454075103970581e+01 9.705614148245645367e+01 8.875223988008694676e+01 7.450297132844211490e+01 9.437239388931257622e+01 1.053870678439556912e+02 1.137655760953116300e+02 1.228046105218510604e+02 1.345980217083633192e+02 1.383703877504570698e+02 1.261772391951798795e+02 1.177357156240774003e+02 1.204930225112807705e+02 1.291849102116628103e+02 1.230056412467730382e+02 1.027470623341577465e+02
8.364801259396750766e+01 6.503159486529195021e+01 8.364801259396750766e+01 9.540590377447661297e+01 1.045574447484042935e+02 1.067145025548374377e+02 9.972920620483546372e+01 9.658677823299038323e+01 7.880010275699754629e+01 9.658677823299038323e+01 1.073182189949860827e+02 9.091269658871920001e+01 7.739770434682660039e+01 9.418283010263959909e+01 1.018605160102248561e+02 1.015567861842847321e+02 8.167640956823964871e+01 1.015567861842847321e+02 1.047509166288844824e+02 8.478319964956976662e+01 7.072407495193554894e+01 8.476118879560311825e+01 8.875241713237433316e+01 6.882644989632885313e+01 8.875241713237433316e+01 9.540306185115331061e+01 8.542125137802470647e+01 9.426910482693249094e+01 1.058202694630682430e+02 1.260965007794210209e+02 1.283602593510290717e+02 1.143775688537115798e+02 9.719353529554794591e+01 9.986094066970639460e+01 1.205073844543691592e+02 1.252334829794322530e+02 1.049589964343875295e+02
6.799029031671719281e+01 5.474545911909541474e+01 6.661580212644378207e+01 8.700986149870571751e+01 1.070972944518878620e+02 9.419067860082071775e+01 8.041622795822891590e+01 8.843815812624974626e+01 6.951526453574160769e+01 8.843815812624974626e+01 9.918682327617742089e+01 8.005232562233820204e+01 7.032625551631916494e+01 7.708601783389789830e+01 9.418283010263959909e+01 9.581780996865282418e+01 7.593424651689463190e+01 9.581780996865282418e+01 1.094863762836334757e+02 9.792836880790650866e+01 8.476118879075244195e+01 6.476569908756920313e+01 8.099079636360556833e+01 6.512483569182514032e+01 7.018149839359169562e+01 7.553347941858942249e+01 8.953878950733719932e+01 1.095606676770440799e+02 1.170998757948142526e+02 1.255032751389886840e+02 1.189264660761674577e+02 9.945930121286919245e+01 8.557551442853802826e+01 1.058694414244395290e+02 1.131451911925679781e+02 1.216245819405438340e+02 1.252341976579717766e+02
4.744841965318990873e+01 6.799029031671719281e+01 6.661580200895043902e+01 7.843289715025592557e+01 9.872465500802057647e+01 8.607278047763824702e+01 6.717865079615521040e+01 7.412308175616597339e+01 6.335133340313053196e+01 8.213052692882493488e+01 9.814093206970292727e+01 7.827226609442497818e+01 6.458564160374807273e+01 7.496486694508861603e+01 8.961271566759299390e+01 9.068389190215174267e+01 7.073273994238846285e+01 9.068389190215174267e+01 1.011514040346812067e+02 8.117511199262976618e+01 6.963155192411953465e+01 6.077090787125155913e+01 6.092468203876890698e+01 8.099079636360555412e+01 9.009238848219584384e+01 9.540306185115336746e+01 1.037352361596755941e+02 1.137166704490244200e+02 9.660515723495244345e+01 1.137166704490244200e+02 1.104865754498902533e+02 9.013342829351194041e+01 7.930280989497011035e+01 9.648211957902407221e+01 9.273994066321724006e+01 1.100997938783654178e+02 1.185811766688334359e+02
5.934669975176380774e+01 7.642044522124763262e+01 8.700927900786712144e+01 9.539650464368992289e+01 9.712809982063866698e+01 7.789975433307630226e+01 6.471421352590780884e+01 5.536209383749243074e+01 6.859068310866204854e+01 7.653170845438906156e+01 8.999885277222814750e+01 7.928488505841616529e+01 6.063526425541873266e+01 7.928488497090908993e+01 9.523967742257637781e+01 8.598135725512719318e+01 6.592981438082547641e+01 8.598135725512719318e+01 1.026509568816681224e+02 8.266293448272578814e+01 6.852977550623027980e+01 5.682832691876043896e+01 7.392246615715453117e+01 7.998136687164486602e+01 8.664376060320375927e+01 9.496145424122381939e+01 1.050049154452026130e+02 1.052709368868141695e+02 8.496889958785990871e+01 1.052709368868141695e+02 1.071108093758566326e+02 9.386861456636603407e+01 7.376485014365881909e+01 7.634600469179211757e+01 8.264572578127068425e+01 8.968842164006804296e+01 1.013938352094207573e+02
7.979765460835497493e+01 8.819958719482285403e+01 9.438084984214191309e+01 8.617397072009826786e+01 9.438084984214191309e+01 9.161509250610106392e+01 8.210549049963530877e+01 6.859074754647703287e+01 4.968706129710241015e+01 6.306552418972449914e+01 7.835863102600873731e+01 7.565950892136250161e+01 5.695595174536806837e+01 6.831727168539676143e+01 8.843362422096730313e+01 8.160574949883003626e+01 6.145797612816862454e+01 7.575430868375076443e+01 9.573237727401776453e+01 9.382658192821126875e+01 8.526699082464766377e+01 7.392222279826812326e+01 5.369283162427620226e+01 5.988952212084494420e+01 6.666060148557517095e+01 7.667417224948638932e+01 9.662346193955116291e+01 9.809345011550301763e+01 7.790241769908323022e+01 9.808967484149152938e+01 9.273524477275164202e+01 7.845881918469346772e+01 6.898164308364252406e+01 8.913004413642846657e+01 1.028826259348184777e+02 1.100997520768578255e+02 1.185811544686045522e+02
8.995845404674783197e+01 8.174357160993334048e+01 8.441581015211218642e+01 6.619546128368963878e+01 8.441581015211218642e+01 9.018935504919836887e+01 7.111253664647338724e+01 6.508041195695909664e+01 4.604696187768277582e+01 6.228381181532005684e+01 5.949615411212150917e+01 6.787561445415856554e+01 5.352810833496796761e+01 6.433913949278067435e+01 8.317533129108434764e+01 7.757619301836021464e+01 5.736674355838990635e+01 7.757619301836021464e+01 9.365537559515529153e+01 8.552197028116887623e+01 6.543707026290499584e+01 6.912198506855251878e+01 5.162494796838561228e+01 7.190985700704629835e+01 8.664376060320375927e+01 9.496145424122381939e+01 1.049928321839490053e+02 9.200537655426167305e+01 7.182250074670170648e+01 8.408834828518889992e+01 8.433324668123091783e+01 6.412094785240570616e+01 8.438088937417838054e+01 9.754677471793193888e+01 1.100493315811725807e+02 1.097680085787482369e+02 1.182109179574528923e+02
7.844642445308234358e+01 6.175985563844761828e+01 7.430342246171166209e+01 5.618115316060256248e+01 7.618471600189401727e+01 8.691126080662378683e+01 7.111279001261502231e+01 5.221081943880555798e+01 4.249433066617645238e+01 4.315284382094825588e+01 4.600767454110550148e+01 4.896726557926541545e+01 6.787561445389029302e+01 8.027215092360181359e+01 9.126430303689330970e+01 7.375696454411668412e+01 5.352972544089955420e+01 6.526461077142849376e+01 8.535773553553325144e+01 8.333200209044014173e+01 6.323698334706207191e+01 4.879426268167267722e+01 6.912247163528033411e+01 6.826632008647347050e+01 8.259533190247184109e+01 1.034164404521514626e+02 1.017899828167231675e+02 9.410732164613970951e+01 8.408872500845465936e+01 6.380536471843995372e+01 7.691746395777592227e+01 6.091212430411615486e+01 8.125446375072216654e+01 8.141422961160492378e+01 9.537193984707305106e+01 8.940890579505411040e+01 1.097680080021388704e+02
5.989835543752878522e+01 5.021501612995989916e+01 5.431957167196319602e+01 4.912265080984852261e+01 6.911238853540973537e+01 7.887008153759053641e+01 5.997768609251237137e+01 4.897198985092838797e+01 3.916142794657847759e+01 5.846728723098455305e+01 6.502084569022431992e+01 6.511503076018658476e+01 6.239105916257178563e+01 8.132966650608071291e+01 8.445755721980030728e+01 6.434503022414200757e+01 5.002824875092382229e+01 6.434503022414200757e+01 8.445755721980030728e+01 8.526803748173477970e+01 6.721759461664888136e+01 4.692095006299295790e+01 6.721864659306326928e+01 8.190352751367223050e+01 9.193379086285288793e+01 1.055478076103673430e+02 9.410732164613970951e+01 7.393351861206188858e+01 7.987793039614663826e+01 7.451121975441770928e+01 5.650027381634076562e+01 5.874692661337913080e+01 6.105604572709357569e+01 8.141594204912149735e+01 7.522649093866426995e+01 8.973306818376457272e+01 9.240237845138561568e+01
4.576710128587283322e+01 4.128975851069125014e+01 4.019839602806672474e+01 5.431957167196319602e+01 7.430342246171159104e+01 7.252642159958790558e+01 6.163553378952932604e+01 5.369544085475175166e+01 3.703109022843927534e+01 4.599590301325081754e+01 5.766661901625945319e+01 7.682718658081155638e+01 8.122347118146836920e+01 8.938973526733225583e+01 8.375414459031979675e+01 6.695774576272341960e+01 4.678736316377173665e+01 6.124390274794053113e+01 8.229278313659395394e+01 7.698790947181957733e+01 5.681579387723695618e+01 4.512980889353111991e+01 5.337588940272488713e+01 6.356392193768257215e+01 8.363053155377943426e+01 9.119497117580559120e+01 7.684213474124389620e+01 7.987010744203506363e+01 5.951414979897236179e+01 5.411739634669081767e+01 7.452572049421708300e+01 7.333518853287361594e+01 7.501238650572373956e+01 6.444270065111972201e+01 6.693340400503097953e+01 6.958327566856274871e+01 7.229583847209623571e+01
4.725897748134947562e+01 3.313124568027902939e+01 5.311058114705157607e+01 6.840116789703941436e+01 6.983397530116504015e+01 5.889934147974359036e+01 4.534348890655357422e+01 3.401994431305958955e+01 5.060424092072457825e+01 6.391379377752820545e+01 7.339372672323889901e+01 8.558476103284247927e+01 8.905822352346292803e+01 8.335565135518970692e+01 7.546897219025049708e+01 5.532477240057059475e+01 4.371163658592740120e+01 6.381108286685541486e+01 7.678120207825666910e+01 6.939228441300245720e+01 6.106790928803388141e+01 4.345198492345937780e+01 5.764486844140909483e+01 7.779999041799992199e+01 9.193379086285288793e+01 8.278359029265682523e+01 6.247021399027743627e+01 6.993631052676671800e+01 5.179498757329780290e+01 7.216722657335047586e+01 8.293197126975390177e+01 9.363717996447924463e+01 8.046143302119422458e+01 7.880323162346752497e+01 8.122068522083154107e+01 8.379754398255848002e+01 9.240237845138561568e+01
4.952214992807990512e+01 2.949248049376991432e+01 4.952122779864975399e+01 5.354072145324318655e+01 5.550905977187461104e+01 4.257026562094915079e+01 3.084413553552796472e+01 5.097340484910160541e+01 6.096663388746699752e+01 7.156038114242844017e+01 7.377088961017079782e+01 7.987399396370091154e+01 7.789137878079456812e+01 5.880483285590604225e+01 6.149814961204744890e+01 6.096365663551896574e+01 4.080484885045746068e+01 5.086572598947304158e+01 6.498446435652783748e+01 5.864338013220463353e+01 4.112126360169592232e+01 5.097368007059237982e+01 6.940308577160155323e+01 7.568039916195920114e+01 8.372606577670980244e+01 7.619002976349108280e+01 6.777879294323314241e+01 4.961568345258594093e+01 6.993631052675600301e+01 6.200912078060007815e+01 7.638941168864901954e+01 9.665615253695342801e+01 9.454914925138272963e+01 9.903006379590482311e+01 1.014565957786393398e+02 1.040626937739270090e+02 1.056550337744065331e+02
4.572897822609169083e+01 2.555956596218736721e+01 4.143372130075038484e+01 3.529227666841069322e+01 4.686295933242872280e+01 2.755279820003337932e+01 4.577720843562700281e+01 5.461089150309241802e+01 6.166464399544491215e+01 4.918223706232913628e+01 5.165824927204234740e+01 6.335075371889071505e+01 5.850314138811740605e+01 5.744270311459470690e+01 4.032728497193519246e+01 5.212471660812637708e+01 5.300153847722825873e+01 3.680791104973020111e+01 5.625285071256062253e+01 3.880487974922260008e+01 5.864338013193144405e+01 6.705824848414550843e+01 6.068797460500230301e+01 5.650587040067732403e+01 7.294839759582933425e+01 6.566119679587647795e+01 4.751732122918974710e+01 6.778099409626071292e+01 6.620942536630228403e+01 8.232534599326025671e+01 7.638941122302055931e+01 9.665596178852550224e+01 1.152435483752090022e+02 1.146966247529131948e+02 1.139529839475026591e+02 1.218902496452276978e+02 1.144406610217904046e+02
2.601464422582944636e+01 2.052812658664148415e+01 2.109656383217011921e+01 2.188647020293997869e+01 4.008608097851611518e+01 4.354636669689695339e+01 2.460175096642744563e+01 4.566294912445562915e+01 4.562797595405004358e+01 3.337062664510837351e+01 5.170845379204427417e+01 5.100578612753513141e+01 5.678946103094216369e+01 3.779254103059280112e+01 3.163038743595888747e+01 3.237284874603700047e+01 3.310656428438235821e+01 4.951593421534013117e+01 3.648021311543244849e+01 5.626495559048309758e+01 6.611982198772697927e+01 5.492472122233057519e+01 4.049623978721969308e+01 5.751111063947944047e+01 6.331835874110768003e+01 4.545186293586224480e+01 5.876510216022414568e+01 7.617121136121731695e+01 8.651904782078266010e+01 9.493187224610835528e+01 9.665596178852550224e+01 1.050797699483246106e+02 1.069016858461056358e+02 9.520848605291061517e+01 9.500590591342515268e+01 1.125410708149738070e+02 1.253743978237279180e+02
1.993015844584738971e+01 2.139684817796119276e+01 3.988750743004973742e+01 4.195427778224298265e+01 2.298848504202048559e+01 2.369703090131961076e+01 2.694032113553480912e+01 2.547999407375767689e+01 2.606628342537542764e+01 3.208194401950063934e+01 3.797132976207865340e+01 4.841274806021536392e+01 4.915908295962907459e+01 3.055946324296138528e+01 3.300426138081058269e+01 5.217554354014504980e+01 5.300117833566601178e+01 3.421246385932521861e+01 3.515241619732074696e+01 5.375865080429613130e+01 5.759471715495475053e+01 3.902033063781119893e+01 5.878546079209015573e+01 4.197866187696699569e+01 4.341546976416589132e+01 6.358260995361379031e+01 7.406137352327506562e+01 8.104693938039412160e+01 9.536342868384596727e+01 9.774803814081391806e+01 1.042206283922027410e+02 9.836617383638821366e+01 8.731190350126551891e+01 8.145474568531020054e+01 9.117721618359054503e+01 1.049408324450092209e+02 1.244524170608174529e+02
3.888145215838664370e+01 4.045190167285890226e+01 4.457449515619678948e+01 4.983163091128053424e+01 3.420565766081442405e+01 4.359464750744935202e+01 3.755974193174807141e+01 3.165482469273606370e+01 4.562830513533764076e+01 2.690308226157985061e+01 3.351915402476226546e+01 2.879496062901279174e+01 2.950795955086425693e+01 4.915993711107054764e+01 5.282639946184341539e+01 3.661458066931776045e+01 5.658856867107144240e+01 5.494157003334920830e+01 5.526346244419718801e+01 3.654346663016080043e+01 3.755296132813825238e+01 5.773269018612489845e+01 6.710399319411750696e+01 6.207891901788670452e+01 4.409581117752276924e+01 6.425051543389632513e+01 7.493589273925074679e+01 8.379696839972146449e+01 7.095089032597056189e+01 7.136872712170846000e+01 9.337359545921778192e+01 7.979489690190183637e+01 7.342018629266797802e+01 9.304961844766906154e+01 1.089912945404498856e+02 1.187341375095576552e+02 1.220086388382109561e+02
2.339794403592615524e+01 4.327093466316492254e+01 5.544773301194647530e+01 6.327121667724417620e+01 5.726701133141587263e+01 6.067551290653679530e+01 4.462100771898744256e+01 4.854841463187695894e+01 3.251916167571097560e+01 5.075420543563240727e+01 2.781815730416593269e+01 4.810253643502657184e+01 3.163205759965478947e+01 5.110115580452190187e+01 6.487802017511107522e+01 5.644836920416475579e+01 4.047455277317237687e+01 6.051149191667255423e+01 6.631852308092904025e+01 5.744068858459515781e+01 5.178773120292419918e+01 5.037730988068803839e+01 7.249775191729635537e+01 7.041549007093179569e+01 6.425051361363797753e+01 4.615329276832569150e+01 6.564720171462793985e+01 7.164318928660003394e+01 5.271985638218723125e+01 7.388508045725404827e+01 7.983374029654399351e+01 6.650779118749530028e+01 8.636453610527946978e+01 1.011597340415407302e+02 1.046252638006790221e+02 1.075708024486260399e+02 1.021595245688419453e+02
