LEM/sinusoidal_perturbations/elevation_000084.asc
nrows	100
cellsize	150.0
xllcorner	0
ncols	100
yllcorner	0
NODATA_value	-9999
[rows 68 to 84 of 100, columns 0 to 36 of 100]
5.009162696260268353e-03 2.000500916269590590e+01 3.828791938773525061e+01 5.243005483768920527e+01 5.131901425421730778e+01 3.303474304255792049e+01 4.970476236315516161e+01 5.798903359260651058e+01 5.798246203844686875e+01 3.798246203848084690e+01 5.798246203844686875e+01 7.049323056585373592e+01 6.820009029757747498e+01 5.988319432523944386e+01 5.686007549680837769e+01 3.675514184788894312e+01 3.315568567652396581e+01 4.732181029918605475e+01 6.075506770101404896e+01 6.428153348270546985e+01 6.798532092617013234e+01 7.347950072890290585e+01 7.940115072782411687e+01 8.584975454349807933e+01 8.654193591055853574e+01 7.813158269716265636e+01 8.664864148649438391e+01 7.041647664497227765e+01 8.162042849798363875e+01 1.018281675875390846e+02 9.671867626450806199e+01 1.115318891549032401e+02 1.164828525818419820e+02 9.837486094827841043e+01 7.949408550885186742e+01 7.790996960117634274e+01 8.617095095664311089e+01
4.695337527364121070e-03 1.155170072131977932e+01 2.569383634505047809e+01 4.569383634504976754e+01 6.131901423463568790e+01 5.303474304248862126e+01 6.131901423463568790e+01 6.943800322193389718e+01 6.626673326304332079e+01 5.212459766221130053e+01 4.952946742227295829e+01 6.107647280606506257e+01 8.107647280587482896e+01 7.110947047577350588e+01 5.095778284090986432e+01 5.685932039254512205e+01 5.320098606595040280e+01 3.732640678440662185e+01 4.074767458611582782e+01 4.426885884373542268e+01 4.796969367206648371e+01 5.352324984332274482e+01 5.959244986175498582e+01 6.630472657290556526e+01 7.515289860370187114e+01 9.387375790725651825e+01 9.875342801484171673e+01 8.457966073215062863e+01 9.907626236514279583e+01 1.106438664725588268e+02 1.176171656493400093e+02 1.208127480844542845e+02 1.031318410073530458e+02 9.035445868280747561e+01 9.073309098914864990e+01 7.170513297708077971e+01 6.695511085370202409e+01
7.614146464036155443e-03 2.000761414646368053e+01 3.911274247187132858e+01 4.739238643619124502e+01 5.893596682257064856e+01 6.139344367551191795e+01 5.310758338540768619e+01 4.943740527947699803e+01 6.943800322193389718e+01 7.212459766209526890e+01 6.952946742219253906e+01 7.781373863103706867e+01 8.936074398813146047e+01 7.939242005014398273e+01 7.110947047577350588e+01 7.157312235585069971e+01 5.148295494526973215e+01 5.736524001632216141e+01 4.873684233081583272e+01 6.428153348270546985e+01 6.215633009686177246e+01 5.615990014888003401e+01 7.614362624432277471e+01 8.584975451754750964e+01 9.342171606471957546e+01 9.033097907386444092e+01 1.077075528220348843e+02 1.041546653735413912e+02 1.035977830117526111e+02 9.400839907847748123e+01 1.046690082595400071e+02 1.203605680114003320e+02 1.166622688490139410e+02 1.088759281679751894e+02 9.178568887158311895e+01 9.078067340995247037e+01 8.076832529802220506e+01
2.352828262072654761e-03 2.000235282826171712e+01 1.911308120939183297e+01 3.066008507114124271e+01 5.065928721075525942e+01 5.310758338540768619e+01 3.310745497595758025e+01 4.554824539101298342e+01 6.554898981138362046e+01 6.940662341091450571e+01 7.769407057172037412e+01 8.231145572470967409e+01 7.374146119850790626e+01 8.026392850390679712e+01 8.633506736761410139e+01 7.986613382296913244e+01 7.157627828182859275e+01 7.662618856509652687e+01 5.985096024314292862e+01 7.662618856509652687e+01 8.205774964117814818e+01 6.516223564135678714e+01 6.886318309212072108e+01 8.292382720497815285e+01 1.025471596404524632e+02 1.079815865830737067e+02 1.049818744788039027e+02 9.724732438961392234e+01 9.197479244785435526e+01 6.995157351821751490e+01 8.313906081772354639e+01 1.092784776663420416e+02 1.168709531487478586e+02 1.194356612750029711e+02 1.100723237589885457e+02 9.084359845178255455e+01 7.723820289705844289e+01
6.786455232800275850e-03 7.566075915415840569e+00 2.621272623780070177e+01 2.945725843163694435e+01 3.317117206570385690e+01 3.702018267763613579e+01 2.554816551522035084e+01 4.554824539101298342e+01 5.526416853229800097e+01 4.940617191632428984e+01 6.940662341091135090e+01 7.041445985514502581e+01 5.316988637743433799e+01 5.963507017962510304e+01 6.567712289467067421e+01 7.091457173430831062e+01 7.808130422628971701e+01 8.602309869312290402e+01 7.893144833130085658e+01 8.699652929348715702e+01 9.315728758223028194e+01 7.670920668730316549e+01 8.867143653506217049e+01 9.679647286307529441e+01 1.027988907068668141e+02 1.078362418160965461e+02 9.144854708646252561e+01 7.149006720944328208e+01 8.174378726186756694e+01 5.925910325900331799e+01 7.623304801717458190e+01 9.324234249931272700e+01 8.918951231688960490e+01 1.162442809520201052e+02 1.060075782737034444e+02 8.682678013225469726e+01 7.332626518167467111e+01
3.257643153035955173e-03 3.089324642394880360e+00 6.212799880167015232e+00 9.457228302782294094e+00 1.317113506632336417e+01 1.702013686092093536e+01 2.256713882317332320e+01 2.859736571472870281e+01 3.526403238140348861e+01 5.526416852417613512e+01 6.797578558156361339e+01 5.943457244371026604e+01 4.131410173213068049e+01 4.511747318252557193e+01 6.188458768050210068e+01 5.008616259746570165e+01 5.701898453692187019e+01 6.752893640809664078e+01 8.247982251444754809e+01 1.034903790406844166e+02 1.045031637297705061e+02 9.639091203726978563e+01 9.739818917742169901e+01 8.931823125794278440e+01 8.359530157641745518e+01 8.911832993060242813e+01 8.125366335801786022e+01 5.891437621008119407e+01 6.791115371821538815e+01 5.303063736824336871e+01 5.908552412541246213e+01 6.651857124988787007e+01 8.561190903899240823e+01 1.088166012767668462e+02 1.079128707575131472e+02 1.004425019704683280e+02 8.797571588189669001e+01
1.880098487986705483e-03 2.000188009848763215e+01 2.621282512153431554e+01 2.945725843163694435e+01 2.100423370040098092e+01 3.702018267763613579e+01 4.256720222377034446e+01 4.859745648247448457e+01 5.526416853229800097e+01 6.355012124778721727e+01 5.609885620953619423e+01 3.888336577716310671e+01 3.204701238635447424e+01 3.648359014735054018e+01 4.124936411240225453e+01 6.188458768050210068e+01 7.808130422628971701e+01 8.673889850617547381e+01 9.724517563895882688e+01 9.850464608764453089e+01 1.067708437923131726e+02 9.652396393495541815e+01 8.620388493981621991e+01 6.998071725022288092e+01 6.998648615988524568e+01 8.920422026519253222e+01 8.505919272186380908e+01 6.781249208171598752e+01 4.711717935083127173e+01 6.788179512967275286e+01 8.178312387388859861e+01 9.176687938261503064e+01 9.668713114745507653e+01 9.992331335617424770e+01 9.311753697909418293e+01 9.680790759947301183e+01 7.451358502224715608e+01
2.900726248362994839e-03 1.414503634997943848e+01 3.414503634998014547e+01 4.928961981582308027e+01 4.100430495331578129e+01 3.733417493844181223e+01 5.733451080913347653e+01 5.626409260155554648e+01 4.774185706863522682e+01 5.140127227042538038e+01 4.287650198302826254e+01 2.693747769347012166e+01 4.756932775234907496e+01 5.107091081121761533e+01 5.582990297418265158e+01 5.808879376421539575e+01 7.877395296613373432e+01 8.088967762111944637e+01 8.924240319149984657e+01 7.823453387664457637e+01 9.512094404257068447e+01 8.841414363208481575e+01 6.905891090348823980e+01 5.891769944890808830e+01 7.815363784021437255e+01 9.185607586634772304e+01 7.603474108075475613e+01 5.526983860106316371e+01 4.359921538377514594e+01 5.510837173573744963e+01 6.930575321408466039e+01 9.100565100808481134e+01 9.041911315276708194e+01 9.037902418614304167e+01 8.335397578877295643e+01 8.884796972220462408e+01 8.813300558918767535e+01
5.081304048347549951e-03 2.000508130404799090e+01 3.374220439935947269e+01 4.202647563441975365e+01 5.357348098109380174e+01 5.733451080913347653e+01 5.527656688579173760e+01 4.440771322585911918e+01 2.722488802746071102e+01 3.856809295928449188e+01 2.229108638592376579e+01 3.418845288057818266e+01 5.474459773831090104e+01 7.167619069836108281e+01 7.650188739415665395e+01 7.877395142645708859e+01 7.627622062215530718e+01 6.033941628953845537e+01 7.497766299406399071e+01 6.632187302845289878e+01 8.680168987597610908e+01 8.628356931321960133e+01 6.694715666850258629e+01 5.341947867653141913e+01 6.444789909887280999e+01 8.376118658627949287e+01 7.493894945418348641e+01 5.466694971759401511e+01 4.038484511687970269e+01 6.065520023563030350e+01 7.779776793661913814e+01 8.279064347880864716e+01 6.777513618597977541e+01 7.189854462241072497e+01 8.880668223345121248e+01 7.351263558653458574e+01 8.127790852092067553e+01
4.469920835086939326e-03 6.671136587501724335e+00 1.374220439936713767e+01 2.528920978315944978e+01 4.528920978312154233e+01 5.179862763565119366e+01 4.078879155061571993e+01 2.629790359746362327e+01 1.555737205778393140e+01 1.810629461073587265e+01 3.856809295928449188e+01 5.140127051798724978e+01 6.327635624141230153e+01 7.842635806862237757e+01 7.553495214251212531e+01 6.711141692016065008e+01 5.570991489316389789e+01 4.840198699597926435e+01 5.435695955062036688e+01 6.899296840732588976e+01 8.942599383202572483e+01 8.626883675270892127e+01 6.842735630191548069e+01 4.928263720911562018e+01 6.277278692801515803e+01 8.207869426827983261e+01 7.459955315324678793e+01 5.752419795975910688e+01 3.732304256159611100e+01 4.898682096463053881e+01 6.918934117206416090e+01 7.326859893379692323e+01 5.167968882466379199e+01 7.326864439113016658e+01 9.017239383305823708e+01 8.127789256506572713e+01 6.444725568431400120e+01
2.324776005098761877e-03 2.000232477600474468e+01 3.374220439935947269e+01 4.202647563441975365e+01 4.085827981575187806e+01 3.735126821408007203e+01 2.290390890258728263e+01 1.212299441996783678e+01 3.229107997992985446e+01 3.255099652683924916e+01 2.829293478853706745e+01 3.750249569796252302e+01 4.934252061922671828e+01 6.986917924392443524e+01 6.369282933838140082e+01 4.652785639419595043e+01 4.115937229551104792e+01 6.173365016324064669e+01 7.497766299406400492e+01 8.336379822208559176e+01 8.906055124318768890e+01 6.968529792246383181e+01 5.895728310583226062e+01 4.554289398345295581e+01 5.895749437482411537e+01 7.822899307124968971e+01 6.614172032813921476e+01 4.608644429538932030e+01 3.443872936215115033e+01 4.868091317567062504e+01 6.875929631309622891e+01 6.507428937369770949e+01 4.436303233138316671e+01 5.983244683997259727e+01 7.580221317696684480e+01 8.394416147233492609e+01 8.124211330185039515e+01
8.699724428260374037e-03 1.630949049371769277e+01 3.376099475002872907e+01 3.011800007731448048e+01 1.750007849509577440e+01 2.780132380972538542e+01 8.828046587645651755e+00 2.887346744504167262e+01 4.078915886396988810e+01 5.309448024664796861e+01 4.884324668081579546e+01 5.736637759628349897e+01 6.655293114977774849e+01 7.158755847283786977e+01 5.522749241859916935e+01 3.475368683599218400e+01 5.522749241859916935e+01 6.363657984637496412e+01 7.203685617343126069e+01 8.187849516470423339e+01 8.339622858042663722e+01 6.402562354424419766e+01 5.053620820299759231e+01 4.223376624402121848e+01 5.549411147307366576e+01 7.471965906641041499e+01 6.888664397573448639e+01 5.178861097110724643e+01 3.173657070705460370e+01 4.597745159784051339e+01 6.636008319568564673e+01 5.897073166448021198e+01 3.853696245064248416e+01 5.897075201959525970e+01 5.508176474291756364e+01 7.170791423671059306e+01 8.269052838618986812e+01
2.249585233037712084e-03 2.000224958440072953e+01 2.154994394478273279e+01 7.368104077131318874e+00 3.685862662378957211e+00 2.268773192393676297e+01 6.432440258248742992e+00 2.061517915893047004e+01 4.093556491746833359e+01 6.083080160862692054e+01 5.219723798433526696e+01 4.375249649067303181e+01 5.219725877055329022e+01 6.315010846763591701e+01 4.260313320812069549e+01 3.091690103923722788e+01 3.631277980439740816e+01 4.307295699442929049e+01 5.334376013468771305e+01 7.374430700568507291e+01 8.285387186279095317e+01 7.169599713342869052e+01 5.806205623679188932e+01 3.943003870864830418e+01 5.245212269332194666e+01 7.160563477699790269e+01 6.059820572761967128e+01 4.072435920369916573e+01 2.914478160392683037e+01 4.912402640706519463e+01 6.751327314077617814e+01 4.773175317705752008e+01 3.336165836706718579e+01 5.361946608486690735e+01 4.339139326736999180e+01 5.435388910284466135e+01 7.045035979280690697e+01
2.739267172789772273e-04 2.928454852132741371e-01 5.854483531786582873e-01 8.781452097204435203e-01 1.170998933301833578e+00 1.336538666198625380e+00 1.804854498052604939e+01 2.214805766940020249e+01 4.107170403531353742e+01 4.063200142423246319e+01 4.063201917177782008e+01 2.354023541684309251e+01 4.206544678562158168e+01 5.171380232773069707e+01 4.326125931372087763e+01 2.737751911249489467e+01 4.762867395351574373e+01 6.363657984637496412e+01 7.203685617241681882e+01 8.195475461298529751e+01 7.474938769634063362e+01 5.552320704474141166e+01 4.473112765575390881e+01 3.688767783323408622e+01 4.961064509468713624e+01 6.865547405436828399e+01 6.369787493512272647e+01 4.658020284080625117e+01 2.667097558302664240e+01 4.078738272646882024e+01 6.068882494722046061e+01 4.890826324937748382e+01 2.878533937062125503e+01 4.675460754898858795e+01 3.442188707625005151e+01 4.259848005241212121e+01 5.407903607156408299e+01
8.327778614586212741e-03 1.705938836576538975e+01 1.903411563115537319e+01 2.019522496883462637e+01 2.073544107248261881e+01 1.553962156932034100e+00 2.134180393988851066e+00 2.458399058090102685e+01 3.947617214815349485e+01 3.891955097592350654e+01 2.047934891262626422e+01 1.344725916770743623e+01 3.364636492752230623e+01 3.910971328651672252e+01 2.313563103568183266e+01 4.326125932088559267e+01 5.429087574910782621e+01 6.155913153356616618e+01 7.000707905595803027e+01 8.025936177406755689e+01 7.519057483864239089e+01 6.552908994721423142e+01 5.260188240262726111e+01 3.462565978580265380e+01 5.260188240263989456e+01 6.890986550086178397e+01 5.552666195029031115e+01 3.577701312603889505e+01 2.429110631703663969e+01 4.106913744596374727e+01 4.824585309723858728e+01 4.447931933766775359e+01 2.450952094577595020e+01 2.689516192492968827e+01 4.097078272709197222e+01 6.071794673986206448e+01 7.045029305435117806e+01
6.510866554257996840e-03 8.828864404959659851e+00 1.942643312672204203e+01 3.510597545598146496e+01 2.886695230380158961e+01 2.094958429420226054e+01 1.993684533089898681e+00 1.266322856359989046e+01 2.293322611958106094e+01 2.765808164782186651e+01 1.052447405449740891e+01 3.058401057629987818e+01 1.667566462605903155e+01 1.900669890641352211e+01 2.347640049989874811e+01 2.811637137904486750e+01 3.385308638255213509e+01 4.100139266779650882e+01 5.126152773259464368e+01 7.185673533523183210e+01 6.728432079175915703e+01 4.943341447819599921e+01 3.975761941189121984e+01 3.241738245780255312e+01 4.226228517285004216e+01 6.088660768263368084e+01 6.059420255861595450e+01 4.761599020791820180e+01 3.843466455504581347e+01 2.105687070880518874e+01 3.668504240407130368e+01 3.906385199571712974e+01 2.106039587128258717e+01 4.028258748913617637e+01 5.480098259101522018e+01 6.413002963763595687e+01 6.405900530208273835e+01
8.953482861371391335e-03 1.994059049386084581e+01 3.340121523185894858e+01 4.081835776590580878e+01 2.882511415625435092e+01 2.425123983252972071e+00 8.332751840106327634e+00 4.577980127468099347e+00 6.310140661718230959e+00 7.964842169050736054e+00 1.513469803566990457e+01 3.535781007862402703e+01 3.683353570208745964e+01 2.564387931302190893e+01 4.361200589700298025e+01 4.839099377286950698e+01 4.238428511732684001e+01 5.429088445852687528e+01 7.000707907369928762e+01 8.025936162710911503e+01 7.432380876749800791e+01 6.476273939516374867e+01 4.789849589313640621e+01 3.029793907017613463e+01 4.483400325200840797e+01 5.264056363872158784e+01 5.210477078785565652e+01 3.254730600620960246e+01 2.242525014752348866e+01 1.885799886597927610e+01 1.916711300089039938e+01 1.947490812574784869e+01 1.978143156892286214e+01 3.898453422730097628e+01 3.629906191379127733e+01 5.597347779540694290e+01 4.411526664055957525e+01
