LEM/sinusoidal_perturbations/elevation_000773.asc
nrows	100
cellsize	150.0
xllcorner	0
ncols	100
yllcorner	0
NODATA_value	-9999
[rows 0 to 16 of 100, columns 37 to 73 of 100]
9.585442149076709484e+01 9.514399233462098948e+01 8.698850514473141970e+01 9.514399233462098948e+01 9.678593487699309605e+01 8.832287237758653475e+01 8.832287237628941057e+01 9.432646069639146447e+01 9.674446308112999304e+01 8.831447899326828122e+01 8.928871842763952316e+01 8.398114785786486891e+01 9.119339729244777004e+01 9.962489436128898035e+01 1.098311669406995179e+02 1.208981823338093733e+02 1.125255745709168735e+02 1.151647276784650984e+02 1.235277617959866063e+02 1.340668927015470331e+02 1.254781235852499606e+02 1.170607879223588697e+02 1.197854736611527642e+02 1.282133408113378721e+02 1.236954384477115667e+02 1.321347628603563464e+02 1.320832425135675123e+02 1.237527429580744922e+02 1.237527429580744922e+02 1.258875655296203746e+02 1.180688211851498721e+02 1.097531941831603319e+02 1.071593751472340443e+02 1.154688833788701459e+02 1.140124962932787582e+02 1.057033161238904171e+02 1.140124962932787582e+02
8.236278070955320629e+01 8.549846332223212642e+01 6.786231644345392056e+01 8.549846332223212642e+01 8.832287237758653475e+01 6.787520388067623855e+01 6.787520388067541433e+01 7.386418575663982722e+01 8.499187484178611385e+01 6.795669377002248268e+01 6.893045081497018600e+01 6.365999566110718888e+01 7.079408373840142588e+01 8.096421546389930768e+01 1.014225973451761149e+02 1.091235474677058761e+02 9.205748198606100630e+01 9.472027401559149951e+01 1.151647276784650984e+02 1.250295672136717826e+02 1.055153986652022127e+02 9.706358713580355868e+01 9.974449240535783190e+01 1.165909821181214738e+02 1.035926479408061738e+02 1.204824932382268372e+02 1.237527429580744922e+02 1.037259381714930413e+02 1.037259381714930413e+02 1.058378718627807871e+02 1.097529862449157179e+02 8.987787511735928092e+01 8.730982048391165051e+01 1.039744726990728907e+02 1.040612671081830456e+02 8.586616974158806670e+01 1.040612671081830456e+02
6.298557112479345221e+01 7.377191682124284000e+01 5.826244726082806125e+01 7.742003958528997032e+01 8.785572397212725093e+01 6.748256952418222454e+01 5.368374308743472767e+01 7.386417863459776356e+01 7.591730408394712981e+01 5.629561607413526048e+01 5.464050953098351471e+01 6.893045081497018600e+01 8.928871842763983580e+01 9.962489436128898035e+01 1.098304766511523667e+02 1.007082405228894260e+02 8.018858035971086906e+01 9.421939800152428290e+01 1.146504391580457280e+02 1.108236895522199461e+02 9.661781189076808118e+01 8.565880725309004617e+01 8.832926383227152201e+01 1.005780095961024756e+02 9.215131613264699695e+01 1.120890869370871457e+02 1.237527429580744922e+02 1.037259381714930413e+02 8.972958308391983451e+01 9.182331527896549517e+01 1.085129212563268624e+02 9.569936335631611257e+01 7.591565926175766776e+01 9.569931188005395484e+01 9.578474293273912110e+01 7.599990166464112917e+01 9.578474293273912110e+01
4.906343372538344738e+01 5.608150139964924108e+01 5.130278914012076541e+01 7.157708437896640419e+01 8.506020121791777910e+01 6.748256952418221033e+01 4.737088935111911070e+01 6.748256952418221033e+01 6.749799278064890018e+01 4.722788135286115363e+01 6.749799268686616927e+01 7.381224536653580515e+01 8.223745186097468718e+01 9.397781960745864183e+01 1.053573188382139278e+02 9.421939774451016092e+01 7.372565598034584866e+01 8.822150296635230404e+01 1.086995975411228699e+02 1.024765742170788059e+02 8.262075643016179072e+01 7.759143734215670918e+01 7.949578804690321476e+01 8.074325889179915805e+01 1.005780095961024756e+02 1.012510190296770531e+02 1.095872243895927909e+02 1.109964736704878732e+02 1.002285837072381440e+02 8.041947574293315881e+01 1.002285837072381440e+02 8.973430438548268739e+01 6.996569971041107294e+01 8.226173824598477324e+01 8.918979584337321853e+01 6.942198718529296286e+01 8.918979584337321853e+01
6.212849418403328627e+01 4.240264694980569971e+01 5.663812331692171398e+01 6.395557011242715362e+01 7.202863724310577709e+01 5.635705600890702271e+01 4.218992382798445107e+01 5.572120009366845750e+01 5.762366645847096436e+01 4.307805477887746548e+01 6.210585668815552651e+01 5.353618981701566781e+01 6.521990923594385947e+01 8.554959485117770157e+01 9.092480102110377516e+01 7.649173116593631505e+01 6.860885940483304068e+01 8.309644712046954851e+01 1.035800758457575625e+02 1.043911131645768648e+02 8.991865142699884927e+01 7.011990429746720110e+01 7.142600615655096874e+01 9.122781844533088247e+01 9.808397179757113804e+01 8.141012515679173589e+01 9.808397179757113804e+01 9.693038573470893482e+01 8.286429779892469583e+01 7.547521066068803464e+01 9.527631145689738901e+01 9.799232801195313414e+01 8.226242908789951969e+01 6.251190305240996992e+01 7.601704322950492099e+01 6.372940601367524494e+01 8.348331454827484777e+01
7.020387626189904040e+01 5.726434771509337907e+01 3.752716826171634068e+01 4.430836318577101451e+01 5.957391380066140130e+01 5.149571847827095183e+01 4.643458918948913805e+01 3.556772418719062756e+01 3.740017162217250757e+01 3.957044866977534525e+01 4.179944816412206166e+01 6.210585929978399378e+01 7.392725815114347654e+01 8.529251692277229324e+01 7.685661099609566804e+01 6.214223443988976925e+01 6.430575173527627442e+01 8.727413761463105857e+01 1.087115145118342241e+02 9.607243759156440888e+01 7.624872286338647598e+01 6.485280840824769655e+01 8.462721434907089701e+01 9.952531204262969311e+01 8.979587361120395883e+01 7.001501419026244832e+01 8.979587361120395883e+01 8.867595019723387395e+01 6.891105788313100788e+01 8.867595019723387395e+01 9.909653886592596450e+01 9.146165330277699468e+01 7.167791086131379075e+01 5.772267347410927840e+01 5.626751165522512821e+01 7.601704322950492099e+01 8.201945990862949998e+01
6.439452752343694897e+01 5.575818504858093405e+01 5.233780132335972013e+01 3.293948119907904015e+01 4.912879003044687920e+01 3.160135086917215475e+01 3.320598686332687777e+01 5.320485525587381659e+01 4.905174910108195263e+01 5.984959147894419829e+01 6.210585929978399378e+01 4.521896269148181347e+01 6.551171985476436532e+01 7.222015140090122998e+01 5.664675054902645002e+01 6.351667729587391165e+01 7.115294282560239481e+01 8.526445005195408555e+01 1.058176199838241160e+02 9.797645782684172389e+01 8.137632027714890626e+01 6.161959698192379165e+01 8.137632189829074036e+01 8.552214435832735262e+01 8.280228369408118283e+01 6.304316192483246084e+01 8.280228369408118283e+01 8.464146111723847810e+01 6.493217614950791017e+01 7.927727639358603540e+01 7.927717110143878188e+01 8.515193039409862763e+01 7.937421551971503675e+01 7.122706086520797442e+01 5.144713030656838981e+01 6.674788769819043921e+01 7.209955708936392682e+01
5.231205825492904182e+01 3.576766668408671279e+01 4.431291077500618059e+01 2.994789771211689455e+01 2.936490127619584811e+01 4.915040831840873636e+01 5.320468078427958147e+01 4.727731952081661149e+01 6.751520880186528473e+01 6.933312332780512577e+01 7.392720428102938968e+01 5.956978202412027201e+01 4.881469918847811584e+01 5.200845142347188954e+01 7.222015140090122998e+01 8.363269770318537155e+01 9.135272253909390372e+01 8.760017588370934050e+01 1.080496403915429369e+02 8.968126604763361343e+01 6.988608281814386203e+01 5.850526759691931744e+01 7.404608883410013220e+01 6.573860322817492374e+01 6.909580005142009895e+01 5.708878522863641791e+01 7.684468432175911801e+01 9.288621109495012718e+01 7.927727639358603540e+01 5.964322948396829815e+01 7.444371262273055834e+01 6.536353868538375878e+01 5.957260183856544700e+01 7.357831705766486152e+01 6.674788771061317050e+01 4.691363409707222587e+01 6.240808043484026513e+01
4.238000759852399568e+01 2.454781477550265123e+01 2.577698343513062085e+01 2.719408145167485102e+01 4.684211391047860218e+01 5.396315009532933260e+01 6.235935410767368836e+01 6.751520021056697374e+01 7.594234592793816319e+01 8.967196272467487006e+01 8.828414235532612508e+01 7.748297268540065375e+01 6.049316607443725502e+01 5.540081130713986823e+01 7.561922374322145401e+01 9.099804528845152163e+01 9.940914336588990352e+01 1.080496403915429369e+02 1.056133901744490089e+02 9.560147290621516447e+01 7.907966793386485449e+01 5.939130768037163222e+01 5.428991997283188908e+01 5.176184213874539353e+01 4.930375947402289682e+01 6.598199768170169932e+01 7.420419555200727757e+01 8.531143123382706506e+01 8.750653484548472250e+01 7.444371262273055834e+01 5.479014023628891294e+01 6.536342312019664291e+01 4.493116303487976637e+01 6.110314824762405550e+01 6.004915764807383738e+01 6.101379832136856862e+01 4.253992753999758492e+01
2.282390242656586921e+01 4.238014245957891291e+01 3.975132763982417572e+01 2.742876656742281227e+01 3.087479980951653857e+01 3.398183999471518035e+01 5.396315399243722055e+01 5.862232716655931597e+01 7.889033653879620545e+01 9.250646948836217121e+01 9.923770774762367353e+01 8.922688309598923695e+01 8.077777431270931174e+01 6.702557934301931652e+01 6.299647421551842541e+01 7.060366915451581349e+01 8.235905335363085555e+01 1.028003960556267771e+02 9.718702580266895552e+01 7.729541180226179620e+01 6.743426386959552588e+01 7.907966793386485449e+01 7.404608883340370085e+01 7.153305915885106003e+01 6.598198493687995381e+01 4.616295058632577053e+01 5.728210584550465256e+01 7.129676820376378998e+01 8.252240801676802562e+01 8.265625925020678721e+01 6.987435668269947087e+01 4.995407347349886606e+01 6.110246390492733326e+01 4.079781876708388921e+01 4.019314233055019514e+01 4.115612324138131584e+01 6.094429955068717675e+01
4.064532871113838297e+01 5.064544897211305141e+01 5.995346163424382979e+01 5.777292940747227590e+01 4.083575253523600423e+01 5.396315399243722055e+01 3.853716080316790737e+01 5.862232716655932308e+01 6.380612077737324483e+01 7.889334530852309513e+01 7.889334530851800764e+01 9.560416427174315857e+01 9.576758878805777897e+01 8.735836030498727212e+01 7.308596666209177783e+01 8.328912468319916229e+01 9.940914336588990352e+01 1.111719654880533312e+02 1.056133901744490089e+02 9.560147290621516447e+01 7.732467340488125274e+01 9.553131345523438256e+01 8.753367293687895767e+01 6.978645098418711257e+01 5.608911369575020700e+01 6.307562035034356995e+01 4.323548864197637442e+01 5.448672454267378384e+01 6.850456669647620345e+01 7.501351816343625956e+01 6.418785446371757075e+01 5.673942145545914428e+01 5.738589862624323246e+01 3.882571698423364381e+01 5.868262698384027942e+01 5.504227248783685411e+01 5.525518629335608978e+01
3.116147593183541531e+01 4.507165986830325011e+01 6.503646148461751864e+01 6.975488071518375932e+01 5.514030103120695969e+01 6.702610695193540380e+01 5.269691312462263966e+01 4.367371794938727447e+01 6.380612077738627619e+01 5.868349930687685401e+01 6.688087724730945638e+01 7.856301802357609176e+01 9.895272545562656319e+01 1.018910194749104932e+02 9.349228270430560883e+01 1.018910194749104932e+02 1.120291915951192294e+02 1.111018595399597899e+02 1.196653472450849449e+02 1.062072304119613051e+02 9.759729397493222791e+01 1.055207815769313271e+02 8.945938663139811808e+01 6.995643130092696538e+01 7.566871216847806636e+01 5.944489700385938136e+01 6.028372675891613142e+01 4.043299326802408444e+01 5.753760881544403105e+01 6.334566497283055497e+01 4.927174644123427072e+01 3.687760953467273595e+01 3.752641551359767647e+01 5.738589841797369218e+01 6.689823077627237069e+01 7.372589446689626413e+01 7.533766917940192798e+01
2.877754845320580301e+01 3.781409633275711002e+01 4.987076447015976299e+01 7.191849719574960886e+01 7.617638669962835252e+01 8.135530018487146720e+01 7.221225782793320036e+01 5.525853578636314012e+01 4.971762527539431886e+01 6.392210961976508798e+01 8.417904085862599572e+01 9.560416427174315857e+01 1.073608161094070681e+02 1.043580669323528554e+02 9.587226479095937748e+01 1.043580669323528554e+02 1.075345208638893837e+02 8.995101245106724264e+01 1.075345208638893837e+02 1.170776905070886755e+02 1.087685541691480609e+02 1.098164537818478692e+02 9.764367646237639065e+01 8.945940139462102536e+01 8.748606222372200136e+01 7.923044971697679273e+01 6.850456684202339375e+01 5.756979034781797822e+01 3.771492682771056337e+01 5.458786945953420400e+01 3.596266422092426751e+01 5.580733749697085955e+01 5.681660326750744616e+01 3.883410502752450810e+01 5.869021961871048632e+01 6.817021824538680619e+01 8.039028605986264608e+01
4.028611606401393175e+01 5.735249329826016407e+01 6.711755135629081792e+01 7.789933222903903243e+01 8.494625387384499504e+01 9.249721575015927044e+01 8.390859569098343229e+01 7.548233901345247432e+01 6.371370888326384119e+01 6.043956765264708508e+01 7.050335233796931789e+01 8.485934609756282043e+01 1.052502359346899112e+02 9.388424852419824163e+01 7.473363484706219140e+01 9.388424852419824163e+01 9.889041227959917535e+01 7.781221208150648749e+01 9.889041227959917535e+01 1.055903179654101365e+02 8.893948929140117343e+01 8.997670126254921286e+01 1.040523875011344472e+02 9.380681971115633644e+01 8.237800419871368263e+01 7.415844456236909821e+01 8.237793979993300297e+01 6.415424739878989158e+01 5.033563052529453330e+01 3.505111005210314801e+01 5.489823913859710558e+01 6.397912567369599657e+01 6.653724713087660803e+01 5.868911885701908204e+01 4.014688735950508658e+01 5.995423691763679130e+01 6.118609107233258726e+01
6.032870137797137033e+01 6.871409872467476987e+01 7.317898758827502093e+01 6.987504748118550424e+01 6.732883757671366709e+01 7.517730648411833272e+01 8.453515211158574516e+01 8.176727295941996942e+01 8.318362568794420042e+01 8.066752589723211031e+01 8.908684432342995763e+01 9.925049356034897130e+01 9.877802747787619353e+01 7.766489781776741097e+01 6.369927635847216152e+01 8.530294981901079154e+01 9.143814313195976240e+01 7.056498931383289630e+01 9.143814313195976240e+01 9.732023822420315184e+01 7.756553215622093944e+01 7.604207647779382739e+01 9.414924706780344366e+01 8.555982700031782429e+01 6.581205334126703121e+01 5.437728330132577526e+01 6.358496880470382706e+01 7.103108089466680042e+01 5.430767157811821022e+01 3.444358651443719310e+01 4.438168747409816461e+01 5.584431126267478618e+01 7.555951158418727687e+01 6.820862363955441765e+01 5.999420955872145100e+01 4.146463258830540610e+01 6.112200177751444841e+01
6.220122601974132692e+01 6.784561370562110483e+01 5.501571662032292664e+01 5.485329827970730321e+01 6.746436938058694466e+01 5.059338310493800606e+01 6.611820192304163868e+01 5.630889665746659745e+01 7.260285617641574163e+01 9.116529595298548827e+01 8.683315650996937052e+01 9.487280514832264089e+01 9.220157583819195679e+01 7.766489781776741097e+01 5.590433237093262164e+01 7.766489781776741097e+01 8.514465045867788717e+01 6.449275447056157873e+01 7.704431808119359459e+01 8.567623384443604095e+01 8.591485335809154833e+01 6.618049783077638892e+01 7.817440228717177320e+01 8.639211172352496249e+01 8.143647947452349456e+01 6.358496880471714263e+01 4.379188738872996822e+01 5.505051006857731721e+01 5.283973479635360349e+01 3.384260907661026607e+01 5.367339063364688911e+01 6.691188480541266870e+01 8.359259447657251485e+01 7.524142612707150590e+01 5.551757901952806407e+01 6.132242393503587152e+01 4.279501344730637413e+01
4.764801767509429453e+01 5.257398904974905207e+01 4.228424094852112347e+01 6.036270116476073611e+01 6.182582025132229830e+01 3.892647359286194586e+01 4.276786302252971694e+01 3.932872775849381952e+01 5.510673219431573955e+01 8.124927954532321905e+01 6.830714799679073224e+01 8.484672102398329230e+01 8.357925283118720472e+01 6.208512637353608454e+01 4.994000228075124426e+01 7.162960285610172662e+01 8.717937189706903212e+01 7.704310195820400509e+01 5.668957103465067604e+01 7.025942363101216870e+01 7.884424391004307608e+01 7.817440228717177320e+01 5.840183955825342110e+01 7.158354804419893469e+01 6.165103421733144273e+01 6.363060266448317037e+01 5.505051122784626472e+01 3.281283736401475437e+01 3.301847443577229058e+01 4.367361767599506095e+01 3.895755174357413608e+01 5.876105298979075542e+01 7.247835268639934725e+01 8.337920685662184894e+01 7.524177273403643085e+01 6.274887659030392939e+01 6.273461915173538728e+01
