LEM/sinusoidal_perturbations/elevation_000086.asc
nrows	100
cellsize	150.0
xllcorner	0
ncols	100
yllcorner	0
NODATA_value	-9999
[rows 68 to 84 of 100, columns 37 to 73 of 100]
6.780393589482658001e+01 5.680910011579848629e+01 5.021314252838325132e+01 6.221474033976494411e+01 4.341249003447588706e+01 6.240164837211047200e+01 6.375420044867274072e+01 6.423045448926605161e+01 5.347230377126982148e+01 5.179796094350025726e+01 7.100355871478558356e+01 8.170754082775384575e+01 7.352688603009113422e+01 5.750171764943642216e+01 7.698923563006287907e+01 8.877041856933236375e+01 8.843645351870662807e+01 9.398947031340985347e+01 8.417002470138878323e+01 8.417002470138876902e+01 7.123077527603317094e+01 9.063989189376738409e+01 1.069943643526797246e+02 1.113919846676757146e+02 9.180769265526930667e+01 7.814556020703173544e+01 9.754379898096568979e+01 1.048126532029960885e+02 9.662153395473069395e+01 8.293608943508756681e+01 9.421650540355868486e+01 1.138996334581855479e+02 1.293636093498151638e+02 1.160786965903911607e+02 9.653638429580578872e+01 9.147197378062476503e+01 1.104266183194505970e+02
9.010154935044121771e+01 8.147047578531157797e+01 6.297194880788697446e+01 4.273934063601726052e+01 5.907468809634346485e+01 6.624807302333647385e+01 7.189125187222003888e+01 7.772207448571319333e+01 6.536808004070086042e+01 7.100355738732140765e+01 5.873907507381171200e+01 7.805778020848173071e+01 8.517670819072172606e+01 7.698923563006287907e+01 6.105601897149330171e+01 8.060902513859589646e+01 9.259273526398501986e+01 1.065311341259518514e+02 1.036022305168523445e+02 9.870216120637886092e+01 8.242772299040662176e+01 7.950152403460303674e+01 9.069367461211486159e+01 1.101582368692434670e+02 1.057131080198853539e+02 8.674069759952688230e+01 8.633626645780447006e+01 1.058752492273932546e+02 1.107398871567931309e+02 1.025355741773528280e+02 9.004608052307689547e+01 1.013928024194350854e+02 1.210931338471033030e+02 1.243168523430954480e+02 1.160786965903911607e+02 1.027204868560218074e+02 1.191926731550492065e+02
7.765793779192605939e+01 8.519220874092420104e+01 6.525837477780746099e+01 4.620276649601996866e+01 4.205922546192642386e+01 5.838917673049756019e+01 5.676843713468265662e+01 7.171815860252478103e+01 8.445477018138518588e+01 8.612838653481315987e+01 7.805778020848173071e+01 6.694232905360902919e+01 8.632085767411530242e+01 8.879981184891923363e+01 8.060902513859589646e+01 6.481624104176668766e+01 7.863203452674886762e+01 9.665716954082942891e+01 1.106236202951797480e+02 1.099298627454895581e+02 1.018579232359266626e+02 8.918990712569461721e+01 9.892315394892014524e+01 1.182401767647536701e+02 1.144873791367969744e+02 9.798298153341487193e+01 9.606023012535202099e+01 9.865528809376242236e+01 1.182990639145185980e+02 1.179429634337903110e+02 9.883214162817976955e+01 1.024768678446513519e+02 1.163893857094710143e+02 1.361643974676583753e+02 1.305568006909908831e+02 1.222817498393998932e+02 1.292334868542111224e+02
8.547551055758783889e+01 6.992920200664167396e+01 7.533220431824715035e+01 6.560688613048446882e+01 6.071280388469436673e+01 4.137091515880210579e+01 4.907366093751053171e+01 7.184671912678911099e+01 8.800899329985317365e+01 9.620729018744415839e+01 9.441121992198259250e+01 8.632085767411530242e+01 7.729618083824469466e+01 9.668437783992183654e+01 9.259273526398501986e+01 7.863208407873125338e+01 6.888816271731292318e+01 8.269667017605897286e+01 1.015190182533617218e+02 1.154786705515339662e+02 1.167338459186741346e+02 1.086515053107464723e+02 1.167382092843287751e+02 1.265748878575183767e+02 1.258737291855334064e+02 1.176226723979391835e+02 1.073694999431294974e+02 1.125196159416952355e+02 1.265540809064589780e+02 1.267769444524710991e+02 1.101924839781868712e+02 1.221813525554002666e+02 1.304582133825045673e+02 1.242517082273628830e+02 1.158913687911950063e+02 1.242517082273628830e+02 1.375374673907979002e+02
6.824023034480259753e+01 6.538916829860541213e+01 7.875027043567379792e+01 6.724353993390094786e+01 5.977763747014831353e+01 4.088016158459938509e+01 6.050985490123206745e+01 7.479001072766169500e+01 6.805918918076493185e+01 8.220534726588077490e+01 1.020188294891475351e+02 1.048087093797922904e+02 8.847400112651459381e+01 1.048129187959747526e+02 1.065533864492386300e+02 9.467009482836232337e+01 7.505718860805642123e+01 7.377078336894689414e+01 8.755936595518967636e+01 1.032036999402224353e+02 1.080542376154120632e+02 1.140984807183199194e+02 1.207583295986251244e+02 1.286880928953892465e+02 1.397436927639965631e+02 1.353571853999226278e+02 1.270566493241336161e+02 1.322518855935385602e+02 1.259256424740018758e+02 1.248306853254789246e+02 1.299096505369363683e+02 1.382151929262502676e+02 1.259149344057153144e+02 1.059522439189379241e+02 9.601311904668092723e+01 1.142678592769622838e+02 1.271970206500506748e+02
7.398750386926531064e+01 6.099565192357747634e+01 7.647728652998313237e+01 6.575152858778143639e+01 5.197526014909781367e+01 4.038727293527669104e+01 4.759246214430699240e+01 5.535600011950152322e+01 7.026703175013602731e+01 7.709470020450014260e+01 8.520374400024677186e+01 9.644753595863687679e+01 1.078999610050762783e+02 1.160851045777711477e+02 1.144656111255497564e+02 9.467009482836233758e+01 8.299523496822054369e+01 9.333244956796816894e+01 7.905575794903779752e+01 8.361816533057118761e+01 8.846752698572342410e+01 9.464542137111533293e+01 1.015754857225642382e+02 1.127312719539257984e+02 1.317234942067249506e+02 1.283377091274269617e+02 1.196519698807338870e+02 1.201503230332489807e+02 1.060365392041857433e+02 1.049421849964004849e+02 1.133466690753851793e+02 1.216403538368559367e+02 1.183444160859850030e+02 1.059522439189379241e+02 8.612715084102224239e+01 1.059522439189379241e+02 1.173112549915568508e+02
5.612669752055084160e+01 6.308198287651327263e+01 6.737608488423126119e+01 6.147232887192209461e+01 4.262672435955525430e+01 3.989380138072551318e+01 5.888821665163504804e+01 6.162927544639259025e+01 5.095374657930271667e+01 5.778473589231556673e+01 6.890596408594154809e+01 8.828152911866173724e+01 9.775990779970983624e+01 1.060998269370398361e+02 1.189260114972187523e+02 9.908336281980488991e+01 9.691196071262025669e+01 1.067995804531470583e+02 9.030107331646212288e+01 9.284980890483249993e+01 1.080554385690620336e+02 1.044778358953625599e+02 1.207583295986251244e+02 1.252853486854180147e+02 1.320928891686223494e+02 1.161620743122189054e+02 9.851362287292644737e+01 1.118619226762780414e+02 9.207142449821691343e+01 9.098448028213090311e+01 9.354576088573415404e+01 1.133466690753851793e+02 1.099541967322930276e+02 9.008192599123499633e+01 7.990935339243189617e+01 9.534033307740050134e+01 1.002753862048239597e+02
7.264195141248082166e+01 5.185638074405652986e+01 4.889354622749937818e+01 4.631389857207195604e+01 6.067803488012040702e+01 3.940666321024836805e+01 4.436248976615053863e+01 4.328252469450671924e+01 6.163011981254471294e+01 7.709470020450129368e+01 8.520374401426427369e+01 9.453600175013487217e+01 7.777438663382400819e+01 9.453601436390674451e+01 1.060998269493608461e+02 1.189260114972187523e+02 1.167574047501694139e+02 1.181818667658312449e+02 1.099975498290830274e+02 1.067414102893395835e+02 1.199166866627936656e+02 1.241693044191706861e+02 1.325479973770355286e+02 1.289681730192110933e+02 1.180653722735778359e+02 9.975579528964573228e+01 8.644877588821309189e+01 1.067659027448913776e+02 9.934531262082991532e+01 7.973965135003537341e+01 9.354576088573415404e+01 1.133466690753851793e+02 1.084365988533844956e+02 9.373477185681736046e+01 7.400644031691356872e+01 7.563862678956432717e+01 8.053518621473078554e+01
6.636198128320849321e+01 5.650975587662180288e+01 6.737608483622612709e+01 5.940068350529458741e+01 7.148947424063102574e+01 5.828395844647690183e+01 3.871914368210822488e+01 4.933655495137551128e+01 5.968156132477117382e+01 7.979864928297247673e+01 8.721768733238735649e+01 7.890770483590354445e+01 6.619226125181143061e+01 7.777438663382400819e+01 9.775990779971594691e+01 1.176820909327752531e+02 1.144840875888981344e+02 1.060081560927463897e+02 1.144840875887848171e+02 1.262374019294141050e+02 1.197117478286457555e+02 1.111400932062278883e+02 1.199852260782152484e+02 1.164499968930400797e+02 9.375408400689676114e+01 9.294446322412177608e+01 7.735143156301452905e+01 9.805671749219534661e+01 9.444388416924833507e+01 7.490865204885743367e+01 9.444388416924833507e+01 1.060347378084071153e+02 1.001875296426898529e+02 8.043665738466768289e+01 6.913216460382335526e+01 8.878435822779084674e+01 1.002753862048239597e+02
6.691031132061351627e+01 6.681604196963935749e+01 8.259737756757483851e+01 7.842073546379947402e+01 7.178025786123809837e+01 5.219368982249832101e+01 3.823890173000648929e+01 5.694836479348381886e+01 6.730384895007263424e+01 8.072234595712694727e+01 7.241802067654057851e+01 5.890515489879513211e+01 7.890770483792783807e+01 7.777438663382400819e+01 8.931145410719436484e+01 1.093007101663967404e+02 1.043821950623846817e+02 8.591162076278246218e+01 1.025928291682981381e+02 1.110398740498895904e+02 1.095326063552962950e+02 9.080622534215613939e+01 1.095326063552962950e+02 1.081268091892866465e+02 8.793298133384499238e+01 7.531054674268017379e+01 7.107619203030611743e+01 9.143782619105279252e+01 8.996218452683187650e+01 7.047064945045744366e+01 7.820889711864433025e+01 8.993047752111112914e+01 9.814139091681042260e+01 8.563748795464802299e+01 6.602369668128940816e+01 8.391623659924906065e+01 8.705963504387477769e+01
8.604440405141278347e+01 8.529456433109399427e+01 9.269475636184320422e+01 8.376910772547510931e+01 6.598943836836049570e+01 6.063850764344060451e+01 3.776185171203056967e+01 4.347340123224045527e+01 5.977108320356097693e+01 6.678342030956844155e+01 5.249670004817684088e+01 6.396200991543754810e+01 8.396914619088184395e+01 9.775990779971594691e+01 1.060998269493608319e+02 1.076757179539521445e+02 9.595908114507442122e+01 7.606150354618381471e+01 8.257468259226224916e+01 1.025928291682981381e+02 1.009458255650198453e+02 8.090123088987185440e+01 1.009458255650198453e+02 1.037343338653983409e+02 9.529809847833820413e+01 8.550645795593737830e+01 6.545232563090783628e+01 8.550645795593737830e+01 9.734409789238715405e+01 7.815256738602066378e+01 6.449811813514189396e+01 7.040975495409485063e+01 8.681997804807116381e+01 8.257432765933927499e+01 6.300177129585263458e+01 6.432628511811341809e+01 6.742911804901872586e+01
9.587139925728772027e+01 8.534855369581072182e+01 7.742645470501511795e+01 6.995371554534602865e+01 6.602220792782641468e+01 4.922078084197681136e+01 5.208694881925472941e+01 3.708652435494865784e+01 5.804771731445271143e+01 4.681297902441533410e+01 5.834517813190036861e+01 7.831027348754844297e+01 9.228526740940830564e+01 1.019083919483940406e+02 9.363000283870486840e+01 9.924915669971706222e+01 7.929941199391984696e+01 6.868808125706094359e+01 8.843786197759690992e+01 1.028313221482832347e+02 9.425588115716634263e+01 7.436848290070315670e+01 9.425588115716634263e+01 9.211070441311284185e+01 7.524500359806437189e+01 8.128939352412365338e+01 6.150466383685852634e+01 7.547319597422537640e+01 9.668068068699437845e+01 9.212181746348579736e+01 7.866018314122139543e+01 5.922328909450655487e+01 7.478138232584615253e+01 7.672450840059762811e+01 6.005263053376079085e+01 7.958954012366093878e+01 8.705963504387477769e+01
8.778826170532558137e+01 6.950552282584735053e+01 5.903772521484663827e+01 5.103687603583716736e+01 6.009967052935494536e+01 5.547911327886701827e+01 3.640335305377914921e+01 3.783084871522591897e+01 4.130178632903014346e+01 6.171136136431560715e+01 7.507721613878391054e+01 8.662061483490465719e+01 9.918409451008328404e+01 9.051072613500184616e+01 7.398992644681936781e+01 9.051072613500184616e+01 8.296025835705262352e+01 6.331460265045743796e+01 7.456393031498267021e+01 9.442934480682551168e+01 8.851141018761235557e+01 6.874593382115718043e+01 8.851141018761235557e+01 8.372239871743647655e+01 6.406517097638314340e+01 7.239035239055588988e+01 5.801417092672269149e+01 7.745231745349134655e+01 9.181370546680814471e+01 8.361154050947705230e+01 7.528009268455379299e+01 5.580733748868822630e+01 5.522324525802000750e+01 5.719633942275074645e+01 7.672450840006690953e+01 7.044068497310290411e+01 9.009545847472421087e+01
8.986463042922687805e+01 7.797140989504013930e+01 6.848100172070603264e+01 6.081419768746109611e+01 4.126490747994737518e+01 3.571820909858409721e+01 4.924110354889066343e+01 6.102921335989779550e+01 6.167797017536970827e+01 7.000149944659726486e+01 8.401910155199350072e+01 9.223261792500959189e+01 9.092219833209880164e+01 7.131407179889001213e+01 6.277027247919890840e+01 8.229023570950663213e+01 7.867298071219899214e+01 5.911146988884029696e+01 7.867298071219899214e+01 8.495631561042152669e+01 7.665919315421656677e+01 6.374458744716240943e+01 8.340559722327149927e+01 8.931353595716728933e+01 7.239342581162540569e+01 5.360996750726881999e+01 7.239342581162540569e+01 8.589425085395993165e+01 8.357779791776034983e+01 6.397502565582938416e+01 6.972083832851446061e+01 5.242000761399538078e+01 7.205928000909707976e+01 6.842786445478643031e+01 7.672445680280789304e+01 9.009545847471848390e+01 8.430731910943964635e+01
8.270287455981670632e+01 5.835754091539048005e+01 4.818550300238996442e+01 4.156067892452035295e+01 3.504007231148077040e+01 5.399169856465395156e+01 6.133864563295532690e+01 7.247724831660568157e+01 7.747596134646393295e+01 7.010165578345956305e+01 6.433708152396093283e+01 8.401910155199350072e+01 8.732470142936178092e+01 7.491223005933554191e+01 5.547513573238467899e+01 7.491223005933554191e+01 7.468000403593532610e+01 5.519824132713347353e+01 7.468000403593532610e+01 7.101990953439080556e+01 5.713572430150696846e+01 6.831239537941638673e+01 8.806113095454685435e+01 8.075917162145211137e+01 6.120250723065539233e+01 5.113837545905260384e+01 6.368463029858580171e+01 8.322200708880653508e+01 8.278280902294130783e+01 6.387809321246807315e+01 5.000836600963474154e+01 6.972083832851446061e+01 8.022839711096374060e+01 8.805777926049852056e+01 9.627106904501356155e+01 1.046542351004917464e+02 1.040692630312996698e+02
9.204358782627372193e+01 7.938435027802621846e+01 6.896790187726320198e+01 5.629522425635430238e+01 3.510283177827989221e+01 3.437732830900594649e+01 5.339952281857059546e+01 6.147598113013020793e+01 6.088310507005127903e+01 5.060144227982913634e+01 6.433708152395549007e+01 8.401910151928261428e+01 6.775031840178117193e+01 6.775031816649490679e+01 5.010934170232145135e+01 6.952134917088699240e+01 7.086743172399908985e+01 5.151559472326574962e+01 6.583100526872763680e+01 5.160462394727100843e+01 7.102164030220319546e+01 8.495760746838402611e+01 9.644110505136671918e+01 8.031070848492416303e+01 6.106234849348513194e+01 4.882765243954430900e+01 6.312173232086684749e+01 7.114544109409921191e+01 7.191025245295539037e+01 6.587989116610260965e+01 4.832730037793760403e+01 5.830024296390534033e+01 7.215998806284743239e+01 9.183394762280394730e+01 1.019415536567412772e+02 1.019415536567412772e+02 1.101705686590085946e+02
9.816276901370355290e+01 8.081551469023331435e+01 5.777234840712061015e+01 4.609534863685570372e+01 5.518585844188214651e+01 5.357176776366753757e+01 3.370478459307526009e+01 5.302585784439748551e+01 4.137708678056313261e+01 6.088776618027025478e+01 7.479549671610558903e+01 6.664665298896174761e+01 6.613657931360387465e+01 4.828813753172576639e+01 4.503946363954916166e+01 6.450897791644180757e+01 6.949024557094593035e+01 6.227940973385591406e+01 4.646176416925462149e+01 6.583100528864348178e+01 7.927068110779516985e+01 9.005689957738739793e+01 8.179996756947758740e+01 8.220832488850894038e+01 6.771093885907241372e+01 5.300809095666721760e+01 4.542831755162139729e+01 6.254667793523470465e+01 4.774915522323784955e+01 4.620669802064029597e+01 4.639241763277195219e+01 7.617544356122101590e+01 8.611060403468476920e+01 9.624629821221195414e+01 8.232202776545672407e+01 8.232202776545672407e+01 1.019415536567412772e+02
