LEM/sinusoidal_perturbations/elevation_000215.asc
nrows	100
cellsize	150.0
xllcorner	0
ncols	100
yllcorner	0
NODATA_value	-9999
[rows 17 to 33 of 100, columns 37 to 73 of 100]
7.848168946295014337e+01 8.512405512988189571e+01 7.607323874531334695e+01 6.796243247659622000e+01 5.529693758733902342e+01 4.825830423914694478e+01 3.417280313166016725e+01 2.762140633477357454e+01 5.526756842720470075e+01 7.388028678199302135e+01 8.569217374816489041e+01 9.005086112293453482e+01 9.594457044520093802e+01 9.427582193055393134e+01 7.541906522299723292e+01 6.593234272400910356e+01 7.541906560245806190e+01 9.427585979969740038e+01 9.908288409727794033e+01 7.905317616539312553e+01 6.667413207545251908e+01 6.804321238938149463e+01 8.795929760150835364e+01 9.996286276903535395e+01 9.168968006894122880e+01 8.507700393870057098e+01 7.058887966607160536e+01 7.805000837611136433e+01 8.802710464606003882e+01 1.080856328599289071e+02 1.110789991002999244e+02 9.965294799405775450e+01 8.487424691463353099e+01 6.520447502776154636e+01 6.722548789979782669e+01 7.856383203508229940e+01 9.829525283963791082e+01
5.766386370029379549e+01 7.607072041272536467e+01 7.285622313162535590e+01 5.341040266936141023e+01 5.450762899443597576e+01 3.751377221197660106e+01 2.816565875933811114e+01 2.714449026783167795e+01 5.860784271883914442e+01 5.936786070954995154e+01 7.374403422830842203e+01 8.197126020789457357e+01 9.339475244217781835e+01 1.023370196657524076e+02 9.038689233677911261e+01 7.166995659715244926e+01 9.038689233677911261e+01 1.023378339210428152e+02 1.007618321028288477e+02 8.069861542213864425e+01 8.069861542213864425e+01 8.795929760152019128e+01 7.863023246588217319e+01 9.866992702127052439e+01 1.066557874400392762e+02 8.660139914662616434e+01 7.510183014314391414e+01 8.920533485085188374e+01 1.063325492415296623e+02 1.163441295408156009e+02 1.028447302650933608e+02 8.309100411507951378e+01 7.174291843413107017e+01 7.909514355293229926e+01 8.690331172663384507e+01 7.463881679551101911e+01 8.856551634701658315e+01
4.740636920450679526e+01 6.580356963067812615e+01 6.241631730043376791e+01 5.749231997497680169e+01 3.799386348435453442e+01 4.363717002772663278e+01 2.645231431339938766e+01 4.739047086839656231e+01 4.029410300505206521e+01 4.726726237109522799e+01 5.417139005265840268e+01 6.541302538753777185e+01 8.512440394395370902e+01 1.013454168668004201e+02 9.843393984538607810e+01 8.476060588676969587e+01 8.476060588676969587e+01 1.039699493901876792e+02 1.091385829536346250e+02 1.007618321028288477e+02 1.007618321028288477e+02 1.070285270090628273e+02 9.015054507649210791e+01 1.070285270090628273e+02 1.149172959718210905e+02 1.006370298366964420e+02 8.059143077203778205e+01 1.006370298366964420e+02 1.175094264953009002e+02 1.153074594534222257e+02 9.551934978471497573e+01 8.156466938995322380e+01 8.052310996324005998e+01 9.882623662880837401e+01 1.013388178042211223e+02 8.158709189538086548e+01 9.072615464576593070e+01
4.022334350515892964e+01 4.581161352508397755e+01 4.229823832793510974e+01 4.478132852370907813e+01 4.543159316086619270e+01 2.572768766728862744e+01 4.125021292441666532e+01 3.456368273432205740e+01 5.336883224519202429e+01 6.682405951713165848e+01 7.374403422830842203e+01 8.197126020789457357e+01 8.850568688681897811e+01 8.104402122765563377e+01 9.539690956243524056e+01 1.039699493901876792e+02 1.039699493901876792e+02 1.121072738040024745e+02 1.056899709024889376e+02 9.723451675684023598e+01 1.056899709024889376e+02 1.071492857065559292e+02 1.103020151692173840e+02 1.186456898146426369e+02 1.148146902973092267e+02 9.476445059118985625e+01 9.060253992252987132e+01 1.006370298366964420e+02 1.206564990689979311e+02 1.174828956559259439e+02 9.768153565789697268e+01 9.551934978471497573e+01 9.191555098528743883e+01 1.085000254916479321e+02 1.095687941569206174e+02 9.145619229266644368e+01 1.095687941569206174e+02
5.170908009071246170e+01 3.160118380130477433e+01 2.878084224170697425e+01 2.483517682042571195e+01 2.520689073054959195e+01 4.144873707643552052e+01 2.646020096191223203e+01 3.743548349920663298e+01 4.625242574232552784e+01 6.616451492399993128e+01 8.084361616500120817e+01 8.266567698449247814e+01 6.841916966778262577e+01 6.692900808079541264e+01 8.699016234281015159e+01 9.526214641183125309e+01 9.421255590849261807e+01 1.025212751062419585e+02 9.546240631951050659e+01 7.676204981589903298e+01 9.546240631951050659e+01 8.709681242064917228e+01 1.012952688527297198e+02 1.154756912073636528e+02 1.230583089048642194e+02 1.148146902973092267e+02 1.048121917728539358e+02 1.189248167492455934e+02 1.206338202567807514e+02 1.123400540561458598e+02 1.174828956559259439e+02 1.153074594534222257e+02 1.116866220370269218e+02 1.199416204314759113e+02 1.194749050536119341e+02 1.112214433157758435e+02 1.194749050536119341e+02
4.862789855062711553e+01 2.924369895052309332e+01 2.430512756719721423e+01 4.460384186414895424e+01 2.583469720854818874e+01 4.798466124483466189e+01 4.657010859558975113e+01 2.718438527886493006e+01 4.725518906301493161e+01 6.099542562980813187e+01 6.099547838816993561e+01 7.430237435081804165e+01 5.453493200860025780e+01 7.430237435081804165e+01 8.945684276300404747e+01 7.534158074013052442e+01 7.429913550403767886e+01 9.099963486040957150e+01 8.699828328636958474e+01 6.714710703055698104e+01 8.152933300940330241e+01 7.316378121180102312e+01 8.709609865923259520e+01 9.649947738218318705e+01 1.048059896450905484e+02 1.163522218361596288e+02 1.248171888217644749e+02 1.178761254075567706e+02 1.091257077429237512e+02 9.244481669534806656e+01 1.091257077429237512e+02 1.148318597118553583e+02 1.194261822977715894e+02 1.111385551341607254e+02 1.116198730117439482e+02 1.199086849082102617e+02 1.332325955544766032e+02
4.701689122101281981e+01 4.413111100418115740e+01 2.392537376334870203e+01 4.426576119219433281e+01 4.258958249975393784e+01 5.488850610078020509e+01 3.948167348898144269e+01 2.769273121761669998e+01 4.773771070049637899e+01 4.112299586021531894e+01 6.099542802625826710e+01 6.060367607477572705e+01 4.861265512331141991e+01 6.834226623135253931e+01 7.751749203641026043e+01 6.136059709690798059e+01 6.288849340673772303e+01 8.271553727749443397e+01 7.993846928082416525e+01 6.071876932006981775e+01 6.185366900840246984e+01 7.958922347799544639e+01 8.505745589290781083e+01 7.668402879787690551e+01 8.806147882762199686e+01 1.080254223722994169e+02 1.115936966222731428e+02 1.095872082002408234e+02 8.969884931931778738e+01 8.099689932815489612e+01 1.008535334102977146e+02 9.493478560169140223e+01 1.079284880740001427e+02 9.126269823098596135e+01 9.174295012782363301e+01 1.084100718344588188e+02 1.183654157029868230e+02
3.416643529661006795e+01 3.852674170486990590e+01 2.354058407703148958e+01 4.468473602518431420e+01 6.257280109684444369e+01 6.250223851716565093e+01 4.410585493398284740e+01 3.996193160503789699e+01 2.840605891538310601e+01 4.842400206850333433e+01 5.390050804552091535e+01 4.083595418584277326e+01 6.060367604642004125e+01 7.091380958538681512e+01 5.770696172367528476e+01 5.148659795880062262e+01 7.126838817730126152e+01 8.675087435030111749e+01 7.386928796150780840e+01 5.483079415294744763e+01 5.483498666284515366e+01 5.982523245862510208e+01 6.533744668962621915e+01 7.668402878040249959e+01 9.649904509371579309e+01 1.057921323092580792e+02 9.169274999971582929e+01 1.057921323092580792e+02 9.334843117370355969e+01 7.357892164978386518e+01 9.334843117370355969e+01 8.093877100045614270e+01 9.756337992188041142e+01 7.983162372455609557e+01 8.031029461717456286e+01 9.020745106906707633e+01 1.042458641266312895e+02
2.259636784801980269e+01 2.298970781100388550e+01 2.688693569370237668e+01 4.346361176608891697e+01 6.604211230632782303e+01 7.109166012318924288e+01 6.273571133363962815e+01 4.665282947716332274e+01 3.877436753559975102e+01 2.911607053510916998e+01 3.375996733644075221e+01 5.144566197097680060e+01 5.926201340115726879e+01 5.111243988622593548e+01 4.371802064114232422e+01 6.350933171338442662e+01 7.952331723371726468e+01 7.273754670677242018e+01 5.872412636906523176e+01 4.917814724586719421e+01 6.313891499112515504e+01 7.958922347799544639e+01 8.505912786854143803e+01 9.332488291175738482e+01 1.047995725006102390e+02 9.752160231343140140e+01 7.770561099991148524e+01 9.752160231343140140e+01 8.786535576760616095e+01 6.817399302802073180e+01 8.067508672728104102e+01 6.961161422103862151e+01 8.382171182937524634e+01 7.107291082387861536e+01 9.079426262615166365e+01 9.980260093662425902e+01 1.065046052984108940e+02
4.258885515765828700e+01 4.401314894800979260e+01 3.128085928403526239e+01 4.650103802579450729e+01 6.794043057735613900e+01 8.443183955432043319e+01 7.329117976814897872e+01 6.433994251757991378e+01 5.635924511191123543e+01 4.909913302221500686e+01 2.982653395795438200e+01 4.980661827334112957e+01 4.225116955017433895e+01 3.709049295248489386e+01 5.691222080615084877e+01 7.174619101566696600e+01 6.864576704883978664e+01 6.042258451119420215e+01 4.468888001407746913e+01 5.616749630385508851e+01 7.591036685454528765e+01 9.118697450853350972e+01 1.029432204987783450e+02 1.090234193788787422e+02 1.032898562570040468e+02 8.345327530938637040e+01 7.029610272923599723e+01 9.003186159946133671e+01 9.464852347993047488e+01 7.488709971137099330e+01 6.102210094945208851e+01 6.085396642089871477e+01 6.418772261770673992e+01 6.905602762887941992e+01 7.424766520828623584e+01 7.990385282183430604e+01 8.651069149096393573e+01
5.068419571446863614e+01 5.832786668812370579e+01 5.287538390833837809e+01 4.208686936669244005e+01 5.464868069334607270e+01 7.598909518640134308e+01 8.020863298261615171e+01 6.964923352384033706e+01 4.986105354741143003e+01 3.569232447014032061e+01 3.001829372215560099e+01 3.048844815092716942e+01 3.103523774460354900e+01 5.099605937191873295e+01 5.992037917108428502e+01 6.310533918431335110e+01 5.659808305105971016e+01 4.055019511760942663e+01 5.206624576112469072e+01 7.183755552641738973e+01 8.416921197297095603e+01 9.061475510720701720e+01 8.158969206122240792e+01 8.784399573832273234e+01 9.745333378644146194e+01 7.765426121417365835e+01 6.375723984260595500e+01 7.600887364381364364e+01 8.084668299647586309e+01 7.265609633112721610e+01 5.645944450601226805e+01 7.616638528059166902e+01 8.353573957638324998e+01 8.875077585460850571e+01 9.404977734693119373e+01 9.980260093662425902e+01 1.065046052984108940e+02
3.157613792813006626e+01 5.125978416872906962e+01 6.222920915347848592e+01 6.366833427993453398e+01 5.978353229179549544e+01 8.093618131550486794e+01 7.196361475438517630e+01 5.221322435890921554e+01 4.226825745188671135e+01 5.565791934996433099e+01 5.019356172080819078e+01 5.050322193301655460e+01 5.099647469487546658e+01 3.176004469917278072e+01 5.169907402441119615e+01 4.949026726450971125e+01 3.670617445424581859e+01 5.659808305105971016e+01 6.864576704883978664e+01 8.008394477328543815e+01 8.400678537503897303e+01 6.872172262208879090e+01 6.582971248541980458e+01 8.784399573832273234e+01 8.703582733601169252e+01 7.887990341839147845e+01 7.600887364381364364e+01 5.628265400916372130e+01 6.923713009416631792e+01 5.289479845880544673e+01 7.265609633112720189e+01 8.437577379629054519e+01 9.220961416971586289e+01 9.424401263794882766e+01 1.022268946095395705e+02 1.019369244731794879e+02 1.102986670194508605e+02
5.125979198038842100e+01 3.442784772182257313e+01 5.404780299033993884e+01 6.515673915023069185e+01 7.659206035306655735e+01 8.928570401698333114e+01 8.020863298261615171e+01 6.737022866190145010e+01 4.760754531672886714e+01 6.737022866190145010e+01 6.980063923464209097e+01 6.165927100376579517e+01 4.177968652417989404e+01 4.898193525295694428e+01 3.247836921563185086e+01 3.298621179483858867e+01 5.290015645835129021e+01 6.114450246170979142e+01 7.273838544796365113e+01 8.270758948449692127e+01 7.513404337624251639e+01 5.273794711393523471e+01 7.513404337624251639e+01 9.245133066065004357e+01 7.845381119901425393e+01 5.913661815720105608e+01 6.457937601032018904e+01 6.623579361883639649e+01 4.940584629134189498e+01 6.924287664062508441e+01 7.442739217885916503e+01 7.733422695789514023e+01 6.982856906544689934e+01 7.665814553946773913e+01 8.991350522022197822e+01 8.188206808586770080e+01 9.341295102585637267e+01
4.827476150430599944e+01 5.404599565222240898e+01 3.736451610074023932e+01 4.861908596910121361e+01 6.834904861875178028e+01 8.638050720810302607e+01 8.718811901071067894e+01 6.737022852402108697e+01 5.422416976140913647e+01 7.394325812827500499e+01 7.567594515995884308e+01 5.585337475807614283e+01 5.582236804429313537e+01 5.977966371721236527e+01 5.240418456109077283e+01 5.290037965508874152e+01 3.371721347979734418e+01 4.665418465845593943e+01 6.143823457433529711e+01 6.144596471369181501e+01 6.544559924059934986e+01 4.670087272600913053e+01 6.002417029765777556e+01 8.242669063831628762e+01 6.968195093181856237e+01 5.689835527174191299e+01 4.443379389696416837e+01 4.621456791596177283e+01 4.906615820009571394e+01 5.185014612151916680e+01 5.468070700083814017e+01 5.763415377988432908e+01 6.077869443849223785e+01 6.409451047253713796e+01 7.057447723103572912e+01 9.035824773940575483e+01 1.003444431750392312e+02
6.798730039594961738e+01 5.906091750149870023e+01 3.948199538057694724e+01 5.906413996716032955e+01 7.010405568919880182e+01 6.644928814415249008e+01 8.638043494976543002e+01 8.219361316233785431e+01 6.302100181349153019e+01 8.219362213129119255e+01 8.393583926915563609e+01 7.567594515995884308e+01 7.556525739786485474e+01 6.760222907320219576e+01 5.647760855923068846e+01 3.658833851550757288e+01 5.361895827413422921e+01 3.447145995124922990e+01 4.896029800949936117e+01 5.735857182935882292e+01 4.024084983378553915e+01 4.827243791119033034e+01 6.513858384600469265e+01 7.492300578270645417e+01 5.954380330803108734e+01 4.219749041480709195e+01 6.226379581706398625e+01 6.020387033182278458e+01 6.891005800319905461e+01 6.585133029616643796e+01 6.864457441753623357e+01 6.899347948304956901e+01 8.044807818265805111e+01 8.370751451756363792e+01 6.982994322765691209e+01 7.498435375392787705e+01 8.038887603919137348e+01
6.678926798355752226e+01 4.709382835228978337e+01 4.220474809173304465e+01 4.577426000428177844e+01 5.034470912675843834e+01 6.427070166755353853e+01 8.418071027377514781e+01 9.106048537969856227e+01 7.694667633459714295e+01 9.106048537969856227e+01 9.186549572976532829e+01 7.219476616254507917e+01 7.052711574584995446e+01 5.937822229291975873e+01 3.949254499912193239e+01 5.647760855923068846e+01 6.087263903166908818e+01 4.034405122294136703e+01 3.522450156061085380e+01 3.575598701068224727e+01 3.629123573781379974e+01 5.634742219870837232e+01 6.252382932264561077e+01 5.778811048505334469e+01 5.914235036297169046e+01 4.093399919086760264e+01 6.065682155920347896e+01 7.734369906820805340e+01 8.716475046865377863e+01 8.559064756886682801e+01 8.838834924697661677e+01 8.872789989508510189e+01 9.699917800712951532e+01 8.951120072862585175e+01 8.367146534304356464e+01 8.367146534304356464e+01 1.003444431750392312e+02
5.541410071995534992e+01 6.458851332876002971e+01 4.493672388574700705e+01 6.458851332876002971e+01 7.010405568919880182e+01 5.911117854505799585e+01 7.055736069216871442e+01 9.052689768082916544e+01 9.686134965099090266e+01 9.248407283041554194e+01 8.420243252773508402e+01 7.219476616254507917e+01 5.249479894599099339e+01 4.250883508893181073e+01 5.358171558455030237e+01 6.760222907320235208e+01 7.369328563763438922e+01 5.986169851561001565e+01 4.532138831933189493e+01 3.950005686411725492e+01 5.315771105206776070e+01 3.705104295474608023e+01 5.332846840771662045e+01 5.701335188215298189e+01 3.910160773867331585e+01 3.967226173508770160e+01 5.221402067333499275e+01 6.753536286144434087e+01 8.007864685710421782e+01 8.582957556692097967e+01 9.407028406923778618e+01 9.549390634934819388e+01 1.037696859167055976e+02 1.094864564913341383e+02 1.036095690971684888e+02 9.773923976847139272e+01 1.119302735309609034e+02
