LEM/sinusoidal_perturbations/elevation_000488.asc
nrows	100
cellsize	150.0
xllcorner	0
ncols	100
yllcorner	0
NODATA_value	-9999
[rows 68 to 84 of 100, columns 0 to 36 of 100]
5.009162696260268353e-03 1.892877843770142476e+01 3.570467875618749076e+01 4.396976023510906373e+01 3.400715691188287337e+01 4.865135394075392838e+01 6.771864442178089405e+01 5.193268245746645562e+01 4.188217979636066701e+01 3.148723870366832145e+01 1.177625606884997644e+01 2.473862131722403745e+01 5.475405253544294304e+00 2.025262636442610997e+01 3.256042809006594752e+01 4.590172123415285910e+01 5.369806061449910572e+01 3.745188190480794077e+01 3.845296226789020011e+01 2.355870341289623937e+01 4.388553636794542712e+01 5.385257537182281595e+01 4.077055458117072817e+01 4.092302653618828145e+01 5.620951186573198299e+01 6.669350243524107213e+01 6.014650231528542434e+01 4.517594351213354997e+01 1.771851799202531197e+01 1.470105583396898297e+01 3.386740155900016447e+01 2.596249254026600184e+01 4.101718367918614661e+01 6.155925394161170061e+01 7.116560293447439278e+01 5.446634492031854080e+01 7.116560293447439278e+01
4.695337527364121070e-03 1.047737694805714703e+01 2.997121695094827132e+01 2.239938550037778597e+01 4.396976014154832768e+01 5.197816458995107070e+01 5.654687469624153806e+01 4.354570514112455015e+01 2.362593145421378793e+01 1.364091254590727686e+01 5.580787552710425814e+00 5.020340962348166514e+00 1.032146090169593755e+01 8.648978422960185597e+00 2.855468473742526925e+01 4.009429879679024822e+01 5.617553504898373262e+01 5.880299734899512032e+01 4.388553636794444657e+01 4.388553636794542712e+01 2.949467299282862243e+01 4.990388359112336758e+01 5.993169913724333497e+01 5.900659115545162337e+01 6.675349470938840568e+01 6.189643370533875100e+01 4.179772318393823127e+01 3.096920316013078889e+01 2.620139999494911009e+01 2.765463746211186802e+01 1.531417515715532218e+01 3.695955259288123784e+01 3.897299223884651553e+01 5.112023718210695478e+01 6.834466992949708697e+01 7.447351316012698419e+01 8.268638657783398571e+01
7.614146464036155443e-03 2.000759025092683174e+01 3.592333123017868246e+01 1.505482201959533306e+01 3.700312227423543732e+01 2.503383676740858377e+01 3.183435318272883308e+01 5.171480117618045114e+01 4.183383719631645903e+01 3.350792238912593746e+01 2.466649067617875701e+01 4.698601221688428531e+00 9.078322886468997766e+00 2.822760942632107728e+01 1.190799477716498700e+01 2.631105747950970297e+01 4.348356866691365497e+01 5.498820003435948678e+01 6.440953215578606716e+01 5.840437368297464360e+01 4.990388358105973765e+01 3.604898080402805505e+01 5.051550654334735668e+01 7.114529992355096510e+01 8.174416244792264763e+01 6.187149571369539558e+01 5.736167195524713946e+01 4.564501397649923575e+01 3.621498244356750718e+01 3.503876674187567630e+01 1.574360633423516553e+01 3.608840633910549656e+01 4.907967720540119672e+01 6.345457248008643347e+01 6.298556046621710180e+01 7.135197041800459772e+01 8.146977196514170316e+01
2.352828262072654761e-03 1.997422608444613701e+01 2.888818359215326481e+01 8.227514976376745892e+00 2.502534983204997587e+01 7.703294074490632859e+00 2.787870895141638883e+01 3.379109647482201240e+01 3.366281988826469274e+01 4.062023080488018678e+01 2.465216516290312043e+01 4.376971255502918545e+00 1.244905876579434967e+01 3.217928817398966146e+01 3.182412476044875760e+01 1.533017867454836924e+01 2.680772344328486056e+01 4.668398864220667122e+01 5.596328925696020207e+01 6.753403884314784023e+01 6.249943700720059780e+01 4.191711741023240023e+01 5.051550654334735668e+01 7.114529992356557386e+01 7.773291212845551001e+01 6.802712131878436708e+01 4.918308255689664321e+01 2.733707850919887505e+01 3.948667986970958310e+01 3.621235328902304218e+01 1.617255279591808659e+01 1.927381041979078091e+01 4.107372860348835530e+01 5.197588886174258249e+01 4.238432051616804586e+01 5.285230762642035529e+01 7.312622519291414847e+01
6.786455232800275850e-03 1.853286193537883619e+01 1.849999146161456665e+01 1.880596112572773260e+00 1.540034710647274485e+00 5.600655554077649256e+00 1.391626388243883028e+01 7.221266286865180462e+00 1.520140128893709708e+01 2.307421281392218049e+01 2.354846629797938107e+01 4.054404993713384364e+00 1.122687178357648108e+01 3.194302773959320163e+01 4.348356875554812007e+01 3.520842157930944438e+01 1.894669092200363281e+01 2.778674961355016038e+01 3.919160977026789539e+01 5.921141416065137975e+01 6.902957759767512869e+01 4.837945987983879093e+01 6.902957759767487289e+01 7.114529992356455068e+01 6.975522217436963501e+01 5.030993792321286406e+01 3.948585427673661030e+01 4.140463398412180140e+01 1.866845456760530553e+01 1.679643443428555472e+01 3.566911123462408284e+01 2.832285391210259817e+01 2.557731507213560107e+01 3.105733762590969960e+01 4.327789803411652514e+01 6.385756555596026374e+01 8.146977196514170316e+01
3.257643153035955173e-03 1.913709921512597489e+01 1.566196584498834099e+01 1.090397141606135323e+00 1.438093259168384819e+01 1.989650332864313143e+00 2.309294524701460904e+00 2.630917818917072992e+00 2.952978606557328245e+00 3.275197654886123910e+00 3.597333006619942708e+00 1.682519108908427086e+01 2.779302636126113413e+01 4.137058202545774321e+01 5.552748160743883687e+01 3.556747934987784987e+01 2.161951343249708657e+01 3.298895820255215483e+01 4.704058274645301196e+01 6.712080105089457049e+01 7.685719911896690348e+01 5.614725920171404994e+01 7.685719911896690348e+01 9.168120910097574949e+01 7.788444636045113612e+01 6.809164799807220447e+01 5.821845474211990279e+01 3.561185459645531637e+01 1.743973657625622664e+01 3.538353369265465176e+01 4.359628434331113311e+01 3.861703942252515986e+01 4.626674319935249002e+01 5.197588886174258249e+01 6.040700500327577060e+01 7.222437889733238592e+01 7.424539477269597398e+01
1.880098487986705483e-03 3.203853571527516819e-01 6.389310122055962271e-01 1.879146772624452666e+01 2.438227615965175943e+01 2.528570130853166731e+01 1.244331294986069381e+01 2.067375177959711507e+01 8.725296319619891605e+00 2.015729012481650173e+01 7.322911323182421661e+00 8.342310995380470828e+00 2.821269617936237495e+01 4.172775802879457530e+01 5.170698109866635406e+01 4.421289251089844186e+01 2.441910799038662461e+01 3.576913589608268040e+01 4.985844445904671574e+01 6.996418167931894061e+01 8.530066535052648646e+01 7.081489385397163971e+01 8.530066535052648646e+01 8.430694252281655565e+01 7.598371460940971645e+01 6.793175764426663932e+01 5.319914815715717538e+01 3.232675607945390084e+01 3.216126298914464599e+01 1.809061351814534646e+01 3.967543830525671922e+01 5.518482175008809776e+01 6.212598878567444416e+01 5.892585322723842722e+01 6.716833417934067541e+01 7.302528295239812905e+01 6.277867746744954047e+01
2.900726248362994839e-03 1.992531249254057713e+01 5.046188080785953822e+00 8.479245537814824374e+00 2.690939906701379059e+01 3.511324504242772804e+01 2.676651181344503172e+01 3.415442894978131960e+01 1.477447307273735611e+01 3.241489259032316994e+01 1.999552274391429663e+01 2.821269617936235719e+01 1.348984689438406726e+01 2.348147588394862950e+01 4.343065865772295098e+01 4.716843809034058665e+01 2.734203561416110873e+01 3.716030789241668231e+01 4.867033185632703152e+01 6.290180108204825871e+01 8.302689136916977475e+01 9.144461433464624633e+01 8.239020815391000951e+01 7.267329208131695850e+01 5.661121053794875735e+01 4.828838496446877571e+01 6.086949848777048544e+01 4.780097768868731833e+01 3.846385238038438814e+01 1.854924731400487303e+01 3.860179821503732711e+01 5.244025288066472967e+01 4.283913389500288105e+01 3.854497603686498053e+01 5.890003560603234689e+01 5.781858390603269982e+01 4.482293539535861981e+01
5.081304048347549951e-03 2.000508130404799090e+01 2.602940284333429943e+01 2.183074514302163749e+01 1.823137430040984341e+01 3.750657385051942327e+01 4.488661672260399627e+01 4.203481821037718902e+01 2.153016179164077570e+01 4.203481821033555121e+01 4.015222804181174610e+01 3.761349060538091749e+01 1.765705088066187045e+01 3.761840815017747275e+01 5.170698109878303939e+01 5.123310239816471778e+01 3.132039533842016965e+01 3.448432436213379759e+01 5.446397497998755455e+01 7.100092756916409087e+01 8.262151861185543567e+01 8.802483945540096499e+01 6.870935435398567392e+01 5.490662106751261717e+01 4.491981122895280265e+01 3.661661699578159102e+01 4.850109737086071249e+01 4.018003524882261956e+01 2.028235745363511811e+01 1.900689007863368474e+01 3.904640727613063689e+01 3.982528799195508640e+01 2.517781369336282893e+01 4.445933918107792948e+01 5.477550569480225562e+01 4.456127830642316212e+01 3.004906391701050339e+01
4.469920835086939326e-03 2.000446992083473319e+01 3.723086793836270658e+01 4.104667286897736034e+01 3.221550074194762203e+01 3.206412111932495890e+01 5.219113580619320203e+01 5.037869759953228055e+01 3.183807513728223526e+01 5.037869756583918246e+01 4.913237314793270372e+01 2.918934415091424839e+01 3.177574955310352678e+01 2.581973171903455011e+01 4.575829081578801549e+01 5.550057011123917050e+01 3.548437229529724846e+01 5.446397497998755455e+01 4.256551192503829384e+01 5.415700004770471310e+01 7.430536301611742545e+01 8.274351446455837333e+01 7.458739280087229417e+01 6.903793817888985984e+01 5.732812527633599586e+01 4.850109843801109122e+01 2.828567359737551001e+01 2.301612017098028673e+01 4.014735300000761242e+01 2.608328634611590147e+01 1.965145504910555374e+01 2.009928808036277559e+01 2.054095925501729525e+01 4.057654717527130828e+01 4.336142473383755203e+01 2.636378252734755279e+01 4.391588833682313009e+01
2.324776005098761877e-03 8.946596686004333776e+00 2.308873230973553703e+01 4.308873230974579371e+01 5.344424597014588585e+01 5.278809891051061243e+01 6.192868091458358748e+01 6.051890083155196720e+01 5.224241723371603996e+01 6.051890070683058553e+01 5.741259228115044522e+01 4.069519994291528064e+01 5.172383377541358129e+01 3.212332954037136545e+01 5.206412356185299473e+01 5.999677640010662572e+01 3.988913059456684351e+01 5.999677640010662572e+01 6.267270023257403011e+01 5.415700004770471310e+01 7.430536301611742545e+01 7.458739280087229417e+01 5.466305899055423367e+01 6.002134936635880536e+01 4.267008718395822342e+01 2.910096829442175448e+01 2.654824610037289645e+01 4.330888264287952438e+01 4.849350282496739339e+01 2.825363189766084915e+01 3.968048976848614728e+01 3.986530195328953141e+01 4.035306916789438958e+01 2.116064801023663833e+01 2.327758133491533954e+01 4.336146300836569623e+01 5.482235838027546038e+01
8.699724428260374037e-03 2.000869972442790612e+01 3.723086792859240290e+01 4.419947915837955321e+01 4.379088395502704145e+01 6.239006513097633189e+01 5.982424448115837379e+01 6.568076765508199344e+01 6.876404471648842787e+01 7.705110211227332684e+01 6.894588696081869728e+01 6.065787567311070916e+01 5.912128550472950650e+01 3.916061724231860097e+01 5.912128550476564470e+01 6.488800748484798930e+01 4.472094508314897610e+01 6.488800748484990777e+01 8.262151861185543567e+01 6.841495617880842417e+01 8.262151861185543567e+01 7.458739280087229417e+01 5.466305899055423367e+01 4.019659142710882094e+01 3.287794502691852472e+01 4.936439128705409729e+01 4.093320317564776900e+01 5.507785752486039144e+01 3.997460272695111172e+01 4.850229376027446904e+01 5.669105842915557503e+01 4.728170072559176162e+01 2.710173483601759159e+01 3.987347156973583395e+01 2.179224293070614138e+01 4.187243220269007082e+01 5.080226914985352238e+01
2.249585233037712084e-03 1.414443406024632033e+01 3.414853888081632505e+01 2.458786022475590016e+01 4.272488498783183530e+01 5.397287076120853300e+01 3.983663040276005063e+01 4.569086702658324128e+01 4.877404368497879972e+01 6.876404471650097605e+01 6.700873923656448028e+01 7.529534018969741282e+01 6.741143317879145513e+01 5.067230332063780196e+01 6.741143320938317629e+01 7.028290522733638568e+01 5.009704623827163772e+01 6.438704465599599303e+01 8.451677178052709394e+01 8.852606309064422874e+01 8.512927227907795213e+01 6.537489864631243108e+01 5.906851422123257578e+01 3.895439607480332000e+01 3.692117191074001425e+01 5.127277053382505301e+01 6.101855689818570028e+01 6.837033895179101251e+01 5.172692098977221065e+01 6.837033895179101251e+01 5.422076163262526194e+01 3.404933880238395005e+01 3.881420065447906609e+01 4.959140323572990638e+01 3.550292760939223058e+01 2.242281391282993397e+01 4.252014257415827814e+01
2.739267172789772273e-04 1.999850692105987449e+01 2.428126046622504575e+01 1.462864412888168886e+01 3.162378001326569432e+01 3.716820727632757126e+01 2.570345822247538692e+01 3.464275250395250083e+01 4.534661942548201807e+01 5.068785863011132875e+01 4.701982441721655448e+01 6.603775229373678712e+01 7.497894599189538667e+01 7.066280980523158917e+01 7.895972522792257564e+01 7.790302944848075128e+01 5.774207579991306716e+01 6.659054774668187804e+01 8.671201196419715984e+01 9.217681104114852531e+01 8.078529579743563716e+01 6.537489864631243108e+01 4.543241673241358569e+01 5.906851422123257578e+01 4.122809693708845202e+01 6.127275584443794543e+01 7.929704549167712457e+01 7.985259886075857594e+01 7.165877067725969596e+01 6.178618187781579252e+01 4.176996134534845595e+01 5.422076163262526194e+01 5.307520925799193634e+01 6.208491830723290406e+01 5.016871696591947938e+01 3.658099465860782828e+01 2.305248494658857439e+01
8.327778614586212741e-03 2.140334942161952192e+00 4.284560011627119636e+00 6.466738911224791941e+00 1.163069401083122223e+01 1.717749066924551826e+01 3.545311815959366442e+01 3.828017159201215236e+01 2.535968858575854412e+01 3.070277150551237000e+01 3.776859684383266114e+01 4.670440722422270596e+01 5.824221510325914863e+01 7.237813549897714438e+01 9.237869898807537083e+01 8.621318600750471717e+01 6.940660828220639189e+01 8.621318600750471717e+01 9.501459042874436989e+01 8.398742454713242012e+01 6.427341129691576782e+01 5.280370369492482041e+01 6.537489864631243108e+01 6.561954422260521369e+01 4.570001430007130949e+01 5.983615394714907865e+01 7.958188346210791053e+01 8.462302144799490122e+01 6.487917589459418366e+01 5.081504955997473161e+01 6.178618187781579252e+01 6.998337528415223119e+01 7.293752907169140087e+01 7.459956128409197618e+01 6.411024426048642511e+01 5.128328730437198146e+01 4.318351783661544374e+01
6.510866554257996840e-03 2.000651086655390287e+01 2.428140358615153716e+01 2.646158743580517125e+01 1.008816740384372324e+01 1.271429271140628714e+01 1.546149204402163235e+01 1.828988101082007489e+01 3.828017225956303093e+01 5.068785863010392490e+01 5.775363752351587721e+01 6.065189262500555145e+01 6.619548385022680748e+01 7.251727459967415257e+01 8.007480179473007809e+01 8.836450040916353998e+01 8.950935660286336315e+01 9.780800950244554315e+01 9.902403023212050925e+01 7.929568974797805936e+01 6.535963372820596362e+01 6.274803932927688521e+01 8.078107595074583003e+01 7.091278273637043128e+01 5.110625182378515063e+01 6.199671546588635351e+01 8.173928361548549049e+01 8.462302144799490122e+01 6.487917589459418366e+01 6.487917589459418366e+01 7.884825238910507039e+01 7.797737776095877393e+01 6.973387479964742397e+01 6.052226193843009838e+01 4.644465253959077700e+01 4.690685798939128404e+01 2.663118087777822751e+01
8.953482861371391335e-03 1.415108910659244756e+01 3.415108910659315455e+01 3.836284647430273509e+01 3.008187854442244458e+01 2.271270541565021261e+01 3.545311815960049984e+01 3.828017225956564573e+01 2.345334485487495968e+01 4.344094961807935817e+01 5.335426891518277870e+01 4.066652701458209407e+01 4.620778143726685272e+01 5.252601694089755568e+01 6.007946431000461729e+01 7.421655514006728538e+01 9.421786032014347256e+01 9.151601024512918059e+01 8.934615929885677588e+01 9.326494024964667062e+01 8.507397187494601098e+01 8.246276733362032019e+01 8.246243732655327108e+01 7.660859818403052657e+01 5.687909046991009632e+01 7.660859818403052657e+01 8.992091723959784133e+01 9.281732888361607081e+01 8.462302144799490122e+01 8.462302144799490122e+01 8.346112388876809973e+01 6.970889519936655176e+01 4.979307291067758001e+01 5.229127503578818903e+01 3.199650776299059629e+01 2.971237963125527060e+01 4.690685798938596918e+01
