LEM/sinusoidal_perturbations/elevation_000574.asc
nrows	100
cellsize	150.0
xllcorner	0
ncols	100
yllcorner	0
NODATA_value	-9999
[rows 0 to 16 of 100, columns 37 to 73 of 100]
1.044028229907493994e+02 1.127802179839613217e+02 1.113423315275775707e+02 1.029633749544006207e+02 1.029633749544032923e+02 1.113423315288674331e+02 1.230555940004759208e+02 1.328799058157700301e+02 1.246970308445612261e+02 1.225263769861732186e+02 1.307070452260359161e+02 1.279993721187797036e+02 1.198193241727763905e+02 1.279993721187797036e+02 1.236293505569978777e+02 1.153282497040377308e+02 1.153282497040377308e+02 1.139641492962334155e+02 1.139641492962334155e+02 1.222687410874061698e+02 1.221864679412977495e+02 1.105254003502368079e+02 1.021617978725142422e+02 1.047834135669126709e+02 1.047834480971877724e+02 1.131466030228346398e+02 1.192194072363063100e+02 1.108014082389172188e+02 1.108014082389172188e+02 1.078286582789133234e+02 1.078286582789133234e+02 1.162589551157960130e+02 1.215346806689744312e+02 1.131218013282564243e+02 1.104858817578449646e+02 1.188990093545067026e+02 1.247355132968018410e+02
8.392923996563060030e+01 1.025798567131204919e+02 9.954837796555356988e+01 8.245316469992833674e+01 8.245316469992833674e+01 9.436407772174402453e+01 1.147102334289089924e+02 1.215152432550526385e+02 1.050422814431009613e+02 1.028881285046279856e+02 1.193500200319645472e+02 1.181712882626765690e+02 1.002013531558972375e+02 1.181712882626765690e+02 1.153282497040377308e+02 9.509798356262022878e+01 9.509798356262022878e+01 9.372272037070834472e+01 9.372272037070834472e+01 1.139641492962334155e+02 1.138262824917982385e+02 9.362280248709271291e+01 8.198007762566136591e+01 8.459758351776902430e+01 8.459758360212752848e+01 1.047834404512873050e+02 1.108014082389172188e+02 9.049907981054529671e+01 9.049907981054529671e+01 8.753280212108033709e+01 8.753280212108033709e+01 1.078286582789133234e+02 1.131218013282564243e+02 9.281277179566636448e+01 9.017804861548268036e+01 1.044252400080921745e+02 1.044252400080921603e+02
7.359595562485885978e+01 9.416603147791687434e+01 9.112179953951427080e+01 7.048054716627001426e+01 9.112179954284640360e+01 1.015109255376223700e+02 1.132905945054235133e+02 1.127442246815007962e+02 9.377884707715044499e+01 9.163344389291172831e+01 1.105852690897318524e+02 1.100103386643368992e+02 9.046404783933343197e+01 1.100103386643368992e+02 1.138832046256087551e+02 1.010232913302328228e+02 8.075427380566748070e+01 7.938728364996826770e+01 9.199222027250560529e+01 1.122137906625245733e+02 1.158794327349209397e+02 9.568225052581458101e+01 8.141195003281363540e+01 7.032836779437471364e+01 9.050977409346913305e+01 1.016121999372393248e+02 1.132698447704843829e+02 9.644549413333906784e+01 7.622993220399028758e+01 7.328583342546083657e+01 9.347581748007378621e+01 1.063865288020662092e+02 1.118901685982415728e+02 9.160608258341521548e+01 7.852356538530550267e+01 8.415637243497343434e+01 1.044252400080921745e+02
6.675267694267927254e+01 8.730933952699024303e+01 8.539694617087634754e+01 6.477900705106613088e+01 7.250820228259809141e+01 8.443641619541348575e+01 1.049141632365509622e+02 1.045971583318185907e+02 8.507060527898268276e+01 8.292531132757784462e+01 1.024430632093061462e+02 1.034949083893358051e+02 8.397351176666283834e+01 1.034949083893358051e+02 1.055558507919613476e+02 8.529303988524155500e+01 7.366891903477383607e+01 7.182667966318801689e+01 8.561531641509925805e+01 1.058191686327365630e+02 1.090753832205930962e+02 9.752319229484280072e+01 8.511613503984484908e+01 6.485368073672850642e+01 7.303892908983510779e+01 8.471735381709780199e+01 1.049072855626094736e+02 1.020262238738730645e+02 8.633806227532046762e+01 6.617658595459350579e+01 7.778899720925817007e+01 9.800726783611145265e+01 9.981085036701522029e+01 9.160608258341522969e+01 7.142372296769072193e+01 9.160608258341522969e+01 1.069391683636352042e+02
6.089458334829600972e+01 8.137514218858747483e+01 8.007341718130223285e+01 5.953787854905538524e+01 8.007341718130223285e+01 9.152692862952157782e+01 1.017862224994024842e+02 9.769347929346578496e+01 7.815687357450657657e+01 7.600134895257701828e+01 9.554249585479900020e+01 9.047622480352536911e+01 7.832508037542335444e+01 9.785956659180692441e+01 9.939083956391836239e+01 9.104387321088117346e+01 8.561531641099631429e+01 6.553051350204458458e+01 7.969472485518707572e+01 9.990888885631085259e+01 1.006326904033543030e+02 7.943602817588997311e+01 6.832209440949081625e+01 6.002109525018078529e+01 8.046761040953899169e+01 9.166820207854460989e+01 1.000200316494983923e+02 9.360285641457724637e+01 7.339991517095680251e+01 6.177029047750353641e+01 8.193708230426443606e+01 9.389669745560350123e+01 7.957476662632923592e+01 8.090144403100919135e+01 6.667972537227707619e+01 7.829836375607388277e+01 9.852951599034855690e+01
7.363421855951732198e+01 6.732609344607097057e+01 7.068223956718756540e+01 5.535489275493418404e+01 6.249377142066960289e+01 7.276855743708904356e+01 9.336229999487940745e+01 1.058258198726720281e+02 8.936304231986213154e+01 6.973484004167046635e+01 8.411303427614411987e+01 7.086355441971943492e+01 8.475019595020997087e+01 1.043000813197395331e+02 9.104387321283772394e+01 7.090300375275839428e+01 7.680212783377618280e+01 6.174957505829100768e+01 7.590918013823710453e+01 9.608877095542979418e+01 1.064412575989455121e+02 9.278913399110763294e+01 7.104253164835969869e+01 5.568482120556983261e+01 7.645771887944135869e+01 7.145257388726729175e+01 8.835741585516872476e+01 9.428357587972830345e+01 7.798205253066306852e+01 5.780001739775239855e+01 7.798205253066306852e+01 8.379315056100092818e+01 6.531994762454817760e+01 6.072752459712780393e+01 8.090144403100919135e+01 9.524660884480039158e+01 9.241345547491393120e+01
6.271941257238156453e+01 4.707618563206343509e+01 5.036554658327626299e+01 7.067340446190038961e+01 8.306230700037689019e+01 9.152692862952157782e+01 1.017862224994024842e+02 9.910982573864690437e+01 7.953775154902569966e+01 6.554483041707381119e+01 6.436021053620541466e+01 8.411303427614411987e+01 9.859850706903725381e+01 1.101086261143094447e+02 9.358869167483672413e+01 7.680212784550749916e+01 5.672711295762861283e+01 7.680212784550731442e+01 9.017120614328474915e+01 1.036730950227768631e+02 9.981791611973550005e+01 8.345052662166219193e+01 7.295855565930924058e+01 5.176388058375799517e+01 6.811225655895174214e+01 5.941223743060105988e+01 7.999670370041333456e+01 8.588886002728720825e+01 6.570264905263427124e+01 5.399935192510177728e+01 7.423434568715279624e+01 7.057709814689023631e+01 5.518999247296940780e+01 7.541079861711730814e+01 8.929000187621770124e+01 8.941910995886419755e+01 7.127954287632275054e+01
4.250504561085967481e+01 6.271941257238430012e+01 7.068223956718756540e+01 7.861346446998126680e+01 8.748057590470706657e+01 9.723069399710180960e+01 1.087496532625644363e+02 1.006086725737048226e+02 9.339202689127149881e+01 7.990171810266303964e+01 6.003503646265496485e+01 7.990171810266303964e+01 8.237536042621198362e+01 1.019650897262708327e+02 8.523975965886148742e+01 6.512758341952824992e+01 5.353961159592742547e+01 6.357709597819749092e+01 7.515009179328511379e+01 9.532942750728169301e+01 9.555366739845486279e+01 7.677155609140936576e+01 6.757956179445145040e+01 6.745823651559040002e+01 4.634547375609256648e+01 6.210358300082911143e+01 8.261847774012919388e+01 8.899733274540373884e+01 7.076407525893831973e+01 5.047132558313121109e+01 6.598103136302880500e+01 5.028142909393317694e+01 7.057709814689023631e+01 8.379315056100092818e+01 8.991791153276894022e+01 7.743019483117782897e+01 6.269103770352327842e+01
3.996878814399463664e+01 6.020431763181264273e+01 6.933867740772720367e+01 6.020729711037579790e+01 6.966774362303895884e+01 8.897599242974622769e+01 1.006086725737048226e+02 8.103299580197969476e+01 8.676657878210194497e+01 7.714670505109035048e+01 5.721023129174788124e+01 6.624033616976308281e+01 8.597014277306094243e+01 8.663546711894721852e+01 7.829315802251302614e+01 7.072847683342715186e+01 5.062429181872391126e+01 6.483592855456886639e+01 8.495436349860760572e+01 8.514819002164961148e+01 8.301385536902243700e+01 7.718834696851206445e+01 5.911772962641521190e+01 6.448556041156729179e+01 4.298813335872920760e+01 6.074901784504388047e+01 6.899284255105951047e+01 7.017401473586323846e+01 6.996695451201198068e+01 6.278340618407781903e+01 4.589091012438982631e+01 6.598103136302880500e+01 7.895830561402736691e+01 8.871145973267466900e+01 7.589899951008771950e+01 6.162473990118806455e+01 4.894185139844564958e+01
3.748337805346143625e+01 4.361023848858508956e+01 4.991395567297759328e+01 6.933867740772720367e+01 8.748571943759775138e+01 9.723069399710180960e+01 1.006086725737048226e+02 8.103299580197969476e+01 6.706416720877975024e+01 6.068634178552024139e+01 5.455060819503974301e+01 7.119438290399766345e+01 7.936157891858604785e+01 7.829316394415307911e+01 5.817784165256714601e+01 6.406946876196772678e+01 4.782599819997209778e+01 6.794054448604984486e+01 8.514819002164959727e+01 6.533533510723755455e+01 6.315434614490908416e+01 7.707827431369146609e+01 6.680082467884753328e+01 4.825756216617052985e+01 5.806970651912152448e+01 3.866895496450955960e+01 5.834019301778892697e+01 6.024530708425198355e+01 5.170598394946116372e+01 4.331521027566230231e+01 6.278340618277851348e+01 7.421421720231720087e+01 7.400732886131432053e+01 7.431727738007984385e+01 6.009429394617587405e+01 4.743318944224237299e+01 6.711753955153081108e+01
5.307506634624267150e+01 4.361771844881297255e+01 6.309829789644975051e+01 7.423962716221900848e+01 8.050043022513911239e+01 8.842213904893797860e+01 9.786697108327828687e+01 9.489130057389807860e+01 8.676657694356283912e+01 7.749465757484919948e+01 5.756911094759012570e+01 5.110294473065019361e+01 6.809420676626332636e+01 7.627865842548094122e+01 6.406948858689884219e+01 4.399508273308138939e+01 6.049461117195721016e+01 6.881866711313669782e+01 7.438045244717319804e+01 6.618571790022465962e+01 4.890000946688689965e+01 6.897021813157805070e+01 6.491115860178746289e+01 5.416755950099279460e+01 3.780597175652567898e+01 4.387301685933309869e+01 3.955369915651314727e+01 4.017861189040471714e+01 4.080995084012962337e+01 4.143830751373036492e+01 6.124945582990547166e+01 6.265300960843384104e+01 5.527627358924103618e+01 6.448210686359624333e+01 4.597196228880775237e+01 6.601479127712919137e+01 7.565882338583969613e+01
4.829928745358434838e+01 6.283847060526500883e+01 5.011934787965322613e+01 5.523077970339381437e+01 6.171802103637919146e+01 7.115295196867867844e+01 8.984790848159953214e+01 9.933678006694535156e+01 7.974938264324144654e+01 6.832192903243071669e+01 7.749465757484919948e+01 6.809420676626331215e+01 4.789380968185800924e+01 6.511581665835633714e+01 7.056365512764244841e+01 4.366055837318211985e+01 4.047046468750899351e+01 5.700274006863246257e+01 6.230255303445152748e+01 4.606817627432065620e+01 4.171464926681591834e+01 5.578340097275589926e+01 5.638151359366227666e+01 3.694641570946096465e+01 5.722446417525528517e+01 5.957546062626320094e+01 5.868731042334695047e+01 4.375055146662046468e+01 6.056939652461110057e+01 4.785255041683695509e+01 4.234713280720936979e+01 4.297876144843168333e+01 4.359512339032709605e+01 4.457284489508110426e+01 5.968124567464828090e+01 5.655275420555360455e+01 7.665924654775257352e+01
6.588023411445244903e+01 6.617785198130586366e+01 6.135574074548679846e+01 7.423962716221900848e+01 7.078563729946269234e+01 8.050043022513911239e+01 9.786697108327828687e+01 1.074642831525978863e+02 9.614970140084299999e+01 8.229115318737076734e+01 8.213464340545102971e+01 6.227846748867167292e+01 6.511582072371498953e+01 4.477577854483911324e+01 6.218082382118665663e+01 6.018410565235328846e+01 5.700727741693845729e+01 3.693276998313166359e+01 5.165272773744533907e+01 3.427900000378090084e+01 3.488099644456283954e+01 3.548465689693973246e+01 3.608836014287139449e+01 5.638194227091680233e+01 6.554260567400000070e+01 6.875121777494138087e+01 4.903551926401375738e+01 6.343200205241092959e+01 7.139334881879533157e+01 5.234433407316112152e+01 6.215429009264455118e+01 5.730876555032984498e+01 6.235543291735495330e+01 4.447410148143631403e+01 6.473573790008697415e+01 7.663961701171911045e+01 7.072131747606411523e+01
7.975947686722376773e+01 8.452994977257023379e+01 8.022674083390012356e+01 8.815997963751205191e+01 8.960811962823096621e+01 9.762176174298073761e+01 1.075468359285240894e+02 1.139102990942866285e+02 1.058100619536326406e+02 1.018779415556031296e+02 9.027903032102976510e+01 8.213464340545102971e+01 7.331941571843996996e+01 6.218082382118665663e+01 4.168317689699200201e+01 3.959561009725904057e+01 5.582496462182805175e+01 4.221233999561685124e+01 3.342783048693401327e+01 5.375082086984708241e+01 5.523032051685201793e+01 5.578828210970619494e+01 3.852716116897614285e+01 5.140732254971018733e+01 7.208140532107033494e+01 7.265830430070023738e+01 5.297209809088199250e+01 7.265836555789759643e+01 8.098058745250419577e+01 6.249175553356030122e+01 8.098171375706225206e+01 7.844137664421275247e+01 6.521408812382620113e+01 4.507627731066840937e+01 5.941435049944806224e+01 7.966075573678698163e+01 9.099467544531421481e+01
6.537321165048716409e+01 7.242622522129941842e+01 8.071156194320229815e+01 9.224543765906950910e+01 1.005973194963530091e+02 9.905642291843635405e+01 1.075634747774419537e+02 1.058100619536326406e+02 8.667277310502501564e+01 9.227795523525642807e+01 9.649374457643371272e+01 8.883413628891288738e+01 6.906697938998823361e+01 5.481411176171268096e+01 6.018126215089709063e+01 5.737440395452459541e+01 3.670685118246306899e+01 3.476850800237345140e+01 3.284244924943605781e+01 5.180567839654823104e+01 6.744397214239708660e+01 7.000607636825772317e+01 5.120936981711724201e+01 6.998250040213714840e+01 8.035782870754924545e+01 7.679650505676646333e+01 5.721461708281586311e+01 7.679648959919555296e+01 9.100756983418087032e+01 7.693564752058803435e+01 8.826455856956714285e+01 7.980264163923970955e+01 6.615124219911783143e+01 4.582361490166855589e+01 6.616862095907602281e+01 8.240796365951480595e+01 9.096292476704945784e+01
4.540027497914970667e+01 5.247729032641085212e+01 6.399332739851669061e+01 8.394577787473920694e+01 8.000193550761213146e+01 7.846645502015682894e+01 9.568466620775659237e+01 1.058100619536326406e+02 8.667277310502501564e+01 7.321341224092205380e+01 7.721615293639557365e+01 8.881381740194524355e+01 8.302220118641935187e+01 7.485613052505013343e+01 7.457461188779744532e+01 5.250566262726550093e+01 5.716972499652393935e+01 5.103440018317538573e+01 3.228261660662951016e+01 4.231041181054713718e+01 6.254419548262796269e+01 8.028744308050089273e+01 7.201866503354710858e+01 8.028751685418150430e+01 9.468944658655915703e+01 7.560381701849431124e+01 6.179037075829068471e+01 8.120545523028654600e+01 9.676048355159136349e+01 9.696939258374577264e+01 7.999257835302221054e+01 6.044594573550710237e+01 5.352619053846552788e+01 4.672123386685416335e+01 6.252017478625552371e+01 6.244882859965230892e+01 8.264472218503179590e+01
6.537321165048716409e+01 7.242622522129941842e+01 8.071156194320229815e+01 8.274386312911914843e+01 6.562969594788435757e+01 6.674815083825231454e+01 7.924544414240943979e+01 8.774668764156673717e+01 9.345791001646436769e+01 8.286242880311003489e+01 6.353125224213079036e+01 6.935503075778837001e+01 7.951898159951153389e+01 8.766292931966522417e+01 8.344768542210938733e+01 7.395885706164050077e+01 6.438682347112032289e+01 5.143978914269872149e+01 3.172479825800403930e+01 5.228806737674332794e+01 6.853808511512225721e+01 7.745170530175245460e+01 7.666017863468405835e+01 8.466449510179666049e+01 9.107818408534396326e+01 8.914152193313063322e+01 7.560504024673862489e+01 6.981177743859589668e+01 8.885920287140250196e+01 9.646929466979167955e+01 7.629039062183471742e+01 7.988371209356962765e+01 6.581497360298661192e+01 6.701367178922366463e+01 4.804289144656112143e+01 6.821715498492483221e+01 7.075821985584447305e+01
