LEM/sinusoidal_perturbations/elevation_000096.asc
nrows	100
cellsize	150.0
xllcorner	0
ncols	100
yllcorner	0
NODATA_value	-9999
[rows 51 to 67 of 100, columns 0 to 36 of 100]
6.455108993161302530e-03 4.857167609719800438e+00 2.485716760972015749e+01 3.750535988136963539e+01 4.327886257326579056e+01 4.994552923993234117e+01 5.822980048463806213e+01 6.822980048312992096e+01 7.906251437138047322e+01 7.090315655711050624e+01 6.265276740971427216e+01 6.346579615654125206e+01 4.673981979999114600e+01 4.673981979999114600e+01 4.933726093944908087e+01 6.933350476965433984e+01 7.618656082159537846e+01 5.929359601032106042e+01 4.935481338391129214e+01 5.003027215248204840e+01 6.975738420592763589e+01 7.858245141828736280e+01 8.679335424464554194e+01 8.763587669015750237e+01 9.445824881320582733e+01 7.402045655741967778e+01 5.949845630799847385e+01 7.125431996404581980e+01 7.656693001412511990e+01 5.641386804851661907e+01 4.191344477472848951e+01 6.240220416506434020e+01 7.425133456918939601e+01 8.664194032718603466e+01 8.922772864244988966e+01 6.871557778284766016e+01 8.922772864244988966e+01
3.995603441288198172e-03 2.000399560344093430e+01 3.180853116749268494e+01 3.887959524584461235e+01 4.716366992623184018e+01 5.871016553843742969e+01 6.484166626267609956e+01 5.062081815397167617e+01 6.484166626267609956e+01 5.937691682085574030e+01 4.266975055029458730e+01 5.452125033440466950e+01 3.518065872284634565e+01 3.518065872284634565e+01 4.933726093944908087e+01 6.933350476965433984e+01 6.211840706514598764e+01 4.805025330869663236e+01 3.936594183825842919e+01 4.539352787124091293e+01 5.171135748199685622e+01 5.876308556961501495e+01 7.022261058366731845e+01 9.000220636997265444e+01 9.445824881320582733e+01 7.402045655741967778e+01 7.402588927937951269e+01 8.793358561003068985e+01 7.075034354409569914e+01 5.031526276546451015e+01 6.240220416506434020e+01 4.558429175197710492e+01 5.957826288832743700e+01 7.767655256421912213e+01 8.838594570803074646e+01 8.922772864244988966e+01 7.906150146893466513e+01
4.804567899273937473e-03 5.778307259795506745e+00 1.180853415135072737e+01 1.887960196321607853e+01 3.042660734475663986e+01 5.042657842200162577e+01 5.653519926890838576e+01 3.638592710125281116e+01 5.653519926890838576e+01 5.111343107842723299e+01 3.112091649582996666e+01 3.957653620326046706e+01 2.624205741565974748e+01 4.624377559706077534e+01 5.547387994230303576e+01 5.729112977827328734e+01 4.904914741626664210e+01 3.392404761080075559e+01 5.388139061544771380e+01 5.929359601032106042e+01 7.157524742307677457e+01 7.858245141828736280e+01 8.679335424464554194e+01 9.822547630241217576e+01 1.028413019199100802e+02 9.445824881320582733e+01 9.457230720244638178e+01 8.761908886796851448e+01 6.703008968117006816e+01 5.801518249609340927e+01 7.440333977410259081e+01 6.600824377981781765e+01 4.937422911446125795e+01 5.956379662378922291e+01 7.409353043256682270e+01 9.442256070081026564e+01 9.939395581596492946e+01
9.707512844716031236e-03 2.000970751284436133e+01 3.180853116749269915e+01 3.887959465457020514e+01 4.716366992623184018e+01 4.941013578121958005e+01 4.891949023254092310e+01 2.904769921382373710e+01 4.891949023254092310e+01 5.343130262816338671e+01 3.369817218660492131e+01 1.959124547820411166e+01 3.762339729307106495e+01 3.947492780708721227e+01 3.550814627795468681e+01 4.447403543082697297e+01 2.907750509952109752e+01 4.904914741626664210e+01 5.388139061544772090e+01 7.377497894910972320e+01 8.736013532795431047e+01 8.176788125471183832e+01 8.547352712741394498e+01 8.946223646528765983e+01 9.404101004484250836e+01 9.622534184644166544e+01 1.044898160619888046e+02 9.632972139912598664e+01 8.682220981814487004e+01 6.826997308726107860e+01 8.682220981814487004e+01 7.263936703596561983e+01 5.217592393442998855e+01 7.263936703596561983e+01 8.397373173937120328e+01 8.988752848987924438e+01 9.706862176209007487e+01
5.001202446392439237e-04 1.991906289742988179e+01 2.444130632152329241e+01 2.323794718863242892e+01 3.185002154781916772e+01 3.036083725096179720e+01 4.243721634515341634e+01 2.294733736211812314e+01 4.263547815193852841e+01 4.169974147163077305e+01 3.334016234418861302e+01 1.581927007011357489e+01 1.765017855911634825e+01 1.950314701642943405e+01 2.138732125738514256e+01 2.449986022691847509e+01 4.447423653198143967e+01 5.540476385864786124e+01 6.521878700299258469e+01 7.348302565705627387e+01 7.556912015734165777e+01 6.195537583781705138e+01 6.569663115073545612e+01 6.972574302877643504e+01 7.435580988641675049e+01 7.650791429068671334e+01 9.395057473131929271e+01 1.020180521099668027e+02 9.696876500746319039e+01 8.277524050366007202e+01 8.826398807302551575e+01 6.779182709475350066e+01 5.589992635101288698e+01 5.860340453154864804e+01 6.342628859063233193e+01 6.940153561484780198e+01 7.675742276563656219e+01
5.279685921607564676e-03 2.000524675288555798e+01 2.147901323931733053e+00 3.040251210050911368e+00 2.305127861045027515e+01 1.664545815970461362e+01 3.328791679341894394e+01 1.751803388918831672e+01 3.711308846587927235e+01 3.121208296534346971e+01 1.349618234464493405e+01 3.347563756331773988e+01 3.762339728561352814e+01 3.362279368823736547e+01 4.135914561353808239e+01 2.410372724850588710e+01 2.618822723323909329e+01 4.707272164097419420e+01 4.508322055007347728e+01 6.521439271286223516e+01 6.235045021734373449e+01 4.789442176200425649e+01 5.166654847797742889e+01 5.573178740044869528e+01 6.041706916332735489e+01 6.699422980829098151e+01 7.497970970154585757e+01 8.798279223773214142e+01 1.062659232886740170e+02 1.029352612422860176e+02 9.655101310154223881e+01 8.055486361912043947e+01 5.993943987143084229e+01 7.913065294386508697e+01 8.397373173937120328e+01 8.026092418322284061e+01 8.988752848987924438e+01
5.738623160518319517e-06 8.882218495206968267e-01 1.608682226499386303e+01 2.245712477787434480e+01 4.308211721989422927e+00 5.207364298817622306e+00 2.520187272324886152e+01 1.239291247235255788e+01 2.893209315597547260e+01 1.122541913872490404e+01 3.121208296534364734e+01 2.894730067511261851e+01 4.805965215351100994e+01 5.360322934095695757e+01 4.066803467292530172e+01 3.842598719250265304e+01 4.707272164097419420e+01 3.015031299387891295e+01 5.096381510836755524e+01 5.805828448670168029e+01 4.287232719045285023e+01 6.280764202571877775e+01 7.148914987148367572e+01 6.716726700499506819e+01 8.012147152380516957e+01 8.009020565985025542e+01 8.631619348227734179e+01 1.020180521099668027e+02 1.086311456585895172e+02 1.091243747390590499e+02 8.908398668659228292e+01 7.459067840583053055e+01 6.462672841824048930e+01 7.933704805210820155e+01 9.960022647714707489e+01 1.004938308773810576e+02 1.087174538335629563e+02
4.532054705376768917e-03 9.934811569821151878e+00 2.604994927368324298e+01 3.123777456159784904e+01 2.430298676630890498e+01 2.497859923204339694e+01 6.487883774676162396e+00 7.401778685433806793e+00 8.976584479375299352e+00 2.896399187105937756e+01 3.682835236218609509e+01 4.594948385621375309e+01 5.621610833615465452e+01 6.929424726471329166e+01 6.102508178543984485e+01 5.883491046331148056e+01 5.924740427091293071e+01 5.096381510835163198e+01 3.470163406873422929e+01 3.795113134402287614e+01 4.809701229346929807e+01 6.220115813750418710e+01 8.206641335236024304e+01 8.689793404813379141e+01 9.511484819939964552e+01 9.976670075401369786e+01 1.057507848260192276e+02 9.990620581658158983e+01 8.592269437779630437e+01 9.990620581658158983e+01 1.032014989824481859e+02 8.527199560440912762e+01 7.933704805210820155e+01 7.306684405643358104e+01 8.352723289717499711e+01 9.527900475803416214e+01 1.093696026356050908e+02
9.001595176218036079e-03 1.976874392937997627e+01 2.510683877608247982e+01 4.202021462009586372e+01 3.757467935840305984e+01 1.720173284768433675e+01 2.648244625020064902e+01 2.737461667041194957e+01 8.360234356658834187e+00 9.490421554098052326e+00 1.806391973238123683e+01 3.763850289240624392e+01 4.457470955265985424e+01 5.273846230987814465e+01 6.245271847335695981e+01 5.856798256596460561e+01 6.682832096555404178e+01 6.332093776057681112e+01 4.922247457203006604e+01 4.964102472637809171e+01 6.629682971434250760e+01 7.625071252721991755e+01 8.197062694063207289e+01 7.376111748419927494e+01 7.633063810437049312e+01 8.454143028446576125e+01 1.001766722241992511e+02 9.041419554925217028e+01 7.120707863749247224e+01 9.041419554925217028e+01 1.054020512294164718e+02 1.054235839501841241e+02 9.960022647714707489e+01 9.360055385942924033e+01 8.485889816572047550e+01 9.679065091707502688e+01 1.166643837762146632e+02
5.674351268809080251e-03 1.482523558270739628e+01 3.597905173298568116e+01 4.627066001585345134e+01 4.569641831639538054e+01 2.733470130080487337e+01 3.751246537755011445e+01 1.738325368214976763e+01 2.892977357759508195e+01 3.015108268850372397e+01 1.158565366734930535e+01 3.185589967340549933e+01 2.599477629810942858e+01 3.447867729526132052e+01 4.592853494534853809e+01 3.858326114219520520e+01 5.271882144163875950e+01 7.268910668081768733e+01 6.918294574026994326e+01 6.955647294494292510e+01 7.778758303316601541e+01 8.233805317878125152e+01 7.048372166413813034e+01 5.383357028953808765e+01 5.642601304381027205e+01 7.633063810437049312e+01 7.938178493572038974e+01 8.191256418543854068e+01 6.257491996886543717e+01 8.191256418543854068e+01 8.556816736135994006e+01 9.963248342078611586e+01 1.048784673022799581e+02 1.128812678048197427e+02 1.051902787600971152e+02 1.133867173727327042e+02 1.248363098372542339e+02
9.518805923843161668e-03 2.000951880592348786e+01 3.556062882917722590e+01 4.461219019287660359e+01 5.550033967241407851e+01 4.206029987567869455e+01 4.417584758021514091e+01 2.418570180860033147e+01 4.417584758021514801e+01 3.996042097290198569e+01 3.125107929812941876e+01 1.352152643918243236e+01 1.480641666546312685e+01 3.178532539025038872e+01 2.596690808979789367e+01 4.007559194979753414e+01 6.005878930500448121e+01 6.976524886060590802e+01 6.976524886060590802e+01 7.800911682020498006e+01 7.956437515820896067e+01 6.198106183282754245e+01 6.116223158354462441e+01 4.212604795102480182e+01 6.225594274707265185e+01 7.613158491885361911e+01 6.476639504420705862e+01 6.919150256113296393e+01 5.631713584379068749e+01 7.569163195362727947e+01 7.155990644096624465e+01 9.137737744904718795e+01 8.586758595752762346e+01 1.016483146686065737e+02 1.091952380084885874e+02 1.169695423198615032e+02 1.250753263437176912e+02
9.062254805971973678e-03 6.751879684404670456e+00 1.528213708377273505e+01 2.852302388634954866e+01 5.121941421122187421e+01 6.316195396169477760e+01 5.244029554078601763e+01 3.418320310043662857e+01 5.244029554076988120e+01 4.506730753293744129e+01 2.511473305914769583e+01 2.770795898115213518e+01 3.478125269454213253e+01 1.657571407896743665e+01 3.653369747314270199e+01 4.661318612718871179e+01 6.389582523293388761e+01 4.978253364566278094e+01 4.978253364566278094e+01 6.976524886060590802e+01 7.090306982921919143e+01 4.992764895515945511e+01 4.352587358803248918e+01 3.603181489585282549e+01 5.604173954980610262e+01 5.803784741614737896e+01 6.502158995846508560e+01 4.814000088995539528e+01 5.070649374792067476e+01 5.892500728144784716e+01 7.784456922809818025e+01 8.123835477598274224e+01 7.423971242571337825e+01 9.268723064397852340e+01 9.005683998348921193e+01 9.816424498445981328e+01 1.141578290136247205e+02
3.063233560239582431e-03 2.000306323355988525e+01 3.556062882943695058e+01 4.503291577767392795e+01 5.781769063798514452e+01 6.014834273592781244e+01 6.242543095840108691e+01 5.416849205999386641e+01 6.242543095791617702e+01 5.333088420818889119e+01 3.663813695182399499e+01 4.768766952807724380e+01 3.068012418175320732e+01 3.653369747314270199e+01 1.838481045956692839e+01 3.834181990116186256e+01 4.620283359434210979e+01 3.562597740028914473e+01 5.563533542560006850e+01 6.106172758256861499e+01 5.903683076599830315e+01 4.955441023139756140e+01 3.341242938704059640e+01 5.335180473495157116e+01 3.887199706380346242e+01 5.890763839417265046e+01 4.493651576876572307e+01 6.251772812271924096e+01 7.014177085893331309e+01 5.460269403133010258e+01 5.798502075557038182e+01 6.145560925173661104e+01 6.507904448650489826e+01 8.454621080134684519e+01 7.879885013043424635e+01 8.679123836487589472e+01 9.806356934072607601e+01
5.666595628964066558e-03 2.000566659562579730e+01 3.486453226692996310e+01 3.322898294730028113e+01 5.069791821079741112e+01 4.003116979701715650e+01 5.423215389738512471e+01 5.846671299567095303e+01 6.363030319348062847e+01 6.484717629784837811e+01 5.659642691568792117e+01 5.892958887413129787e+01 4.481317253120129607e+01 3.467403396532372284e+01 3.834180555672313773e+01 2.021578849857285931e+01 2.621693435817046947e+01 4.382794366917688933e+01 4.600658618609232775e+01 4.115993535136544068e+01 4.851947055981723622e+01 3.101614231870979310e+01 5.077270500940004894e+01 6.161933779325430294e+01 5.890753245655827897e+01 4.180315029247444159e+01 4.849297566178366026e+01 6.839862056272866653e+01 8.060738848490268538e+01 7.453366321877926737e+01 6.194271474104239417e+01 8.123835477598274224e+01 8.477754734495179889e+01 7.106391807298145125e+01 9.068797033794866991e+01 1.029720755510945907e+02 1.138957202301693741e+02
2.110006612196471242e-03 1.999964449770020281e+01 1.575270375210359752e+01 2.898138003842495536e+01 3.151012735014235844e+01 2.589570233195303217e+01 3.996802465739099119e+01 3.847388397704411034e+01 4.363372756127614593e+01 5.778993890741788420e+01 6.934504604629218250e+01 7.304649153865558731e+01 6.292203304459923174e+01 5.466156602839748047e+01 4.293787191110570234e+01 2.305259068006583334e+01 2.233957275454584845e+01 2.384985032008021832e+01 2.979678258394510948e+01 2.778260928679740971e+01 2.907057921559073321e+01 4.851947055981723622e+01 3.594601104389420954e+01 5.593343631922779480e+01 6.586965713604821815e+01 6.185840818796591378e+01 6.859095327091505112e+01 6.013583766265450947e+01 8.014085598331740812e+01 8.705445762652637143e+01 6.730283390039667779e+01 8.705445762652637143e+01 9.808824956188536248e+01 7.852143880218787331e+01 9.808824956188536248e+01 1.112741689802822265e+02 1.031659245641707372e+02
9.367352646185668139e-03 2.926031028963778979e+00 5.871625628262852281e+00 9.005646277662817667e+00 1.236396335680108116e+01 1.590679462123597077e+01 1.998392364160939039e+01 2.434259064580607301e+01 2.950293634942768151e+01 4.104092963285883400e+01 6.103303826233635476e+01 7.851295368872636971e+01 7.508300059826569850e+01 5.519397397824885587e+01 4.581625792377921158e+01 2.594538330454509278e+01 4.230908976420143830e+01 4.382794366917688933e+01 2.589587657089001738e+01 4.649363387583940721e+01 3.916884289369694017e+01 5.658505379519169054e+01 5.593343631922779480e+01 4.134703621028835840e+01 4.582640755369407515e+01 6.586966665770935947e+01 8.117142706332684554e+01 7.174752722009995409e+01 8.826194348404422385e+01 9.298712283843279636e+01 7.331069832374515727e+01 9.298712283843279636e+01 1.062980131157184758e+02 9.235435585134300140e+01 1.062980131157184758e+02 9.905661438582822598e+01 8.222791240006404223e+01
3.648181865326004768e-03 2.000364818186497118e+01 2.582686142775864369e+01 2.053767795194424650e+01 3.235605584754252817e+01 2.744130249949860101e+01 3.996802465739099119e+01 3.588098131701311644e+01 4.949058896343934322e+01 4.018525838651330417e+01 5.017473029457753597e+01 7.018327311920165812e+01 6.929661373047520101e+01 4.935950492698540870e+01 3.529719431911470195e+01 2.924290132119978480e+01 4.909723785010798736e+01 6.061411917175108499e+01 5.576921505534851065e+01 6.382423825572693232e+01 5.839189314573677336e+01 6.645021608315414596e+01 6.964158170906004841e+01 5.032606905114118945e+01 6.586966665770935947e+01 5.294291410035396694e+01 7.293954238997226014e+01 9.160635629624036369e+01 9.965520538614912027e+01 1.010879324603066465e+02 8.470046631260545666e+01 8.724797155917907787e+01 1.068426596933177279e+02 1.119787433325889054e+02 1.050272481497014923e+02 8.477645857060188916e+01 7.032199827496317823e+01
