LEM/sinusoidal_perturbations/elevation_000458.asc
nrows	100
cellsize	150.0
xllcorner	0
ncols	100
yllcorner	0
NODATA_value	-9999
[rows 68 to 84 of 100, columns 0 to 36 of 100]
5.009162696260268353e-03 1.996992570372014697e+01 3.323646542749004595e+01 1.708756108586453593e+01 3.303440225808862607e+01 3.372539228148978907e+01 3.337469051796014696e+01 1.334256694758391681e+01 2.240977851460209180e+01 3.405131338415790410e+00 2.280592835563927423e+01 4.305173520708014401e+00 4.629267600424295637e+00 1.102674494928339755e+01 2.089360167258560352e+01 6.568653200928645575e+00 6.205686400988305707e+00 6.534006663283776994e+00 6.863358974431288395e+00 2.554801816163450923e+01 2.699202200666455909e+01 2.330976462067017607e+01 2.255793570560193118e+01 2.831489587880130543e+01 9.259472332428778429e+00 9.736157055298518159e+00 2.948163645152996892e+01 3.693199611469493959e+01 4.460655185212534946e+01 5.368407907747265284e+01 6.622796687271194571e+01 7.452775998946947311e+01 8.871001590127957570e+01 7.754302918419907087e+01 6.678402074635218355e+01 4.459128863257288344e+01 6.678401894016162998e+01
4.695337527364121070e-03 1.414683096206732671e+01 3.414683251124391461e+01 3.869234950613786594e+01 4.759827610227399930e+01 4.817657727411167912e+01 2.798004970056461360e+01 3.388793990146330515e+01 2.440081924636100652e+01 3.846744128863213597e+00 3.851236432086695416e+00 1.334806654862410014e+01 2.022070168971208659e+01 5.088025313975673036e+00 5.411436268304763431e+00 5.741291515176959237e+00 2.178970364084995737e+01 2.511534869321234709e+01 1.159188268460832205e+01 7.331529870077665656e+00 7.664060501233696421e+00 7.997000052670156123e+00 8.330212347330126832e+00 8.663344309253279363e+00 9.065012323264362237e+00 9.282497770951366078e+00 3.497454655531026191e+01 4.967541863115273770e+01 6.035574042830930352e+01 5.205454459841042336e+01 4.618372086715379510e+01 6.622796687271194571e+01 7.081031054439674222e+01 7.910938946112861458e+01 7.574539522313702378e+01 6.032694163048180513e+01 6.678402085923070786e+01
7.614146464036155443e-03 1.000761416522822245e+01 2.155462145843401700e+01 3.569688148258399707e+01 5.570459473413286844e+01 5.640626412699081271e+01 4.817657726671722429e+01 3.304287691368465119e+01 1.225641540643062477e+01 2.449692718372316946e+01 1.659476519556237761e+01 2.658863888800056330e+01 2.216261560486682214e+01 2.792352172167319679e+01 1.958025476230390893e+01 6.553834239879570589e+00 2.192667152190686863e+01 3.027585734753525060e+01 1.356643961750499372e+01 2.725321930705105800e+01 2.750687946774502990e+01 1.584112638948601415e+01 2.487070167508852236e+01 2.855794616942830544e+01 2.892762902329617702e+01 9.630583217018372721e+00 2.111080155264143343e+01 4.122292526284756775e+01 4.136482231502829165e+01 3.205590542632100437e+01 5.107219928062331604e+01 5.663042493691485646e+01 5.075692400539676186e+01 7.081031054439674222e+01 8.547436981979700477e+01 8.237278943752298233e+01 8.865807494904392172e+01
2.352828262072654761e-03 2.000235282826171712e+01 3.181058749075676673e+01 3.888180053475597475e+01 4.717105724201284289e+01 5.872377584192911826e+01 4.780560176792289440e+01 2.692795611849320991e+01 3.304287691974793972e+01 2.545895311862028620e+01 3.810906583344490173e+01 4.161557111758061467e+01 3.457193703253073380e+01 2.951372147553965775e+01 9.223465134333242332e+00 2.727838666327356876e+01 3.534925202470361683e+01 3.220475197482503660e+01 3.352926054808409617e+01 2.121025885615504336e+01 4.064348307216125278e+01 3.973785244458888144e+01 4.087427067865636587e+01 4.116021775930295235e+01 2.741533343408319823e+01 1.004511024391562479e+01 2.992091225822228395e+01 3.595395153040794156e+01 2.148898079947202788e+01 2.611165506700388050e+01 3.105842676457923446e+01 3.658995733255628835e+01 4.554518559128416655e+01 5.712212518722066790e+01 7.717761357182416759e+01 7.917450482814273016e+01 8.049784693206628106e+01
6.786455232800275850e-03 5.780289147129082039e+00 1.181051603868440836e+01 1.888158385055227839e+01 3.042858948541968545e+01 5.042930551103402337e+01 5.649972574260793579e+01 4.780560174341859181e+01 4.676512143186330661e+01 4.676511389071161773e+01 5.496385523089869451e+01 4.592281275469650836e+01 3.256922346251867140e+01 1.224329915261984958e+01 2.953254560429492770e+01 3.790869650122272816e+01 4.774858470011776745e+01 5.045803146676557560e+01 4.101736240682764389e+01 4.101739353067264915e+01 3.070308581829050354e+01 5.023771587015768603e+01 4.591017422967476591e+01 2.582761752087157703e+01 1.563357272421004573e+01 1.046643647282532008e+01 2.064201503850101460e+01 1.615980034027933243e+01 3.595530383494498494e+01 4.606875615161229121e+01 5.107219928062331604e+01 5.663042493691485646e+01 6.493315673326276283e+01 7.389961441773449735e+01 7.336095791378546949e+01 5.927007766601692396e+01 6.078521134353434263e+01
3.257643153035955173e-03 2.000325764315267918e+01 3.181058749075684489e+01 3.888175752522990081e+01 4.716899572588094003e+01 5.317653050880986143e+01 5.537654759408123795e+01 6.368321758380298547e+01 6.826481288239293121e+01 6.287218831943670239e+01 4.314385863265102472e+01 2.887320133184332960e+01 1.718174617489470890e+01 3.256928569033111387e+01 1.613818207121083148e+01 1.897204894792679397e+01 3.941989707430313672e+01 5.199948840257692240e+01 6.033213477864433827e+01 5.823406625983733420e+01 3.958259363288122046e+01 5.823406911983294520e+01 5.421292849650754420e+01 4.262407405756044199e+01 3.431549543061112217e+01 3.037280865941392705e+01 1.105920613241424100e+01 3.097398683721543833e+01 4.343231048594629584e+01 4.976609559848998288e+01 5.825808440574361668e+01 5.772792523865169301e+01 6.604847208250164670e+01 6.729458270495889849e+01 6.343352774636591818e+01 4.528194514923244185e+01 4.681020209610160521e+01
1.880098487986705483e-03 2.000188009848763215e+01 2.681348260910899839e+01 3.040539775934880851e+01 3.432779089380237281e+01 3.318400432195109317e+01 3.537204670501590442e+01 5.310757540298699553e+01 6.465997574931517988e+01 6.221396786707754956e+01 4.194453685751314254e+01 3.006724581295377163e+01 2.137440162826630541e+01 4.185323171398160014e+01 3.054286909226800617e+01 3.941989707430313672e+01 2.317161126695754092e+01 4.369849157127144679e+01 5.655492537797498187e+01 6.677445049477314853e+01 5.328739934969102876e+01 6.695831281506050914e+01 6.026364940777074963e+01 4.067087405607431094e+01 3.880937841343412487e+01 2.489434914013124001e+01 1.148220234677402729e+01 1.355569986351280676e+01 4.179921032499723310e+01 3.012663979547227200e+01 4.348435470163291683e+01 3.771230621729934995e+01 5.772792523865169301e+01 4.742671530951511727e+01 4.742671530951511727e+01 3.538322034309929620e+01 5.519094727770119135e+01
2.900726248362994839e-03 3.383517745162422319e+00 6.813489448012584937e+00 1.040559548854805172e+01 1.432791819131169930e+01 1.904196339922444281e+01 2.481546609282772664e+01 3.636248382441050353e+01 5.636401483163016479e+01 7.034816377949944410e+01 5.875216876506483743e+01 4.633749723704941914e+01 2.579720449981269681e+01 4.633749723705344792e+01 5.098117642082126366e+01 4.362836619932480886e+01 4.369849157127144679e+01 2.772455263865621333e+01 4.234420382695167717e+01 6.251280453186480912e+01 7.243910122607925928e+01 6.541648263915833184e+01 5.726840565407142947e+01 4.067087405607431094e+01 2.043356219518945593e+01 1.592550348752630995e+01 1.191496872174490917e+01 3.177980443693406443e+01 3.235346392985172770e+01 2.098030296804040873e+01 2.387746543424323775e+01 4.357400745237489303e+01 5.999842776439182046e+01 4.742440495206325579e+01 2.763063583042311322e+01 4.171507611883655642e+01 5.000479941490475255e+01
5.081304048347549951e-03 2.000508130404799090e+01 2.681348260910899839e+01 2.195263979651190667e+01 3.432779089380237281e+01 2.697679815219275667e+01 4.479952291715434143e+01 3.636247078078940120e+01 4.790938991905817090e+01 6.789891711057468626e+01 6.550458857842723148e+01 4.525304108026821837e+01 3.063109448731701079e+01 5.118458201295753440e+01 6.863419201247884871e+01 6.357883580433492199e+01 5.172703316693172582e+01 3.115209785044639901e+01 5.172703316693172582e+01 6.668928602147425977e+01 7.103986148368610998e+01 5.156408187582295710e+01 3.796434326898862821e+01 3.035208464995799460e+01 4.062271373726017742e+01 3.517369987163834111e+01 2.053835123100099480e+01 1.257036074108419044e+01 1.306470248080023033e+01 1.357325122135864603e+01 3.336024871875405751e+01 4.152538616527837689e+01 4.137157784848288600e+01 4.127635436693972082e+01 2.298254893155597500e+01 2.187774388225421518e+01 4.171507611806155325e+01
4.469920835086939326e-03 1.414660554456616204e+01 3.414660554456686725e+01 4.195931386052885870e+01 5.025439577369295563e+01 4.696170791364929897e+01 4.329844456065018221e+01 5.635796281062476254e+01 6.462414490590950322e+01 7.615529398137560690e+01 6.550533192801074733e+01 4.525304587616158614e+01 5.097169101577591732e+01 4.040664045398434467e+01 6.073592558341064063e+01 7.335836860537982318e+01 5.701890753498344822e+01 3.652356623729739482e+01 3.809110085979649796e+01 5.268862818198230258e+01 7.268352994939769474e+01 6.541648628128584164e+01 5.726840565407142947e+01 4.983745741309989086e+01 4.688728409230787264e+01 3.578265480838449264e+01 1.605386741849233090e+01 3.248815396472377870e+01 3.292448385961108670e+01 3.314507989634690688e+01 1.427876362249577546e+01 3.263994670675484144e+01 3.490575729653308912e+01 2.433940593508624417e+01 1.862025549815252745e+01 3.836520803525079515e+01 2.527662977131196698e+01
2.324776005098761877e-03 2.000232477600474468e+01 3.181242930788022605e+01 3.888349711974617406e+01 4.716776836720837451e+01 5.871477375100108986e+01 6.322057858559706034e+01 7.137446702805897303e+01 6.937147518832335891e+01 7.153087365340155657e+01 7.363627618612704850e+01 6.550533192801074733e+01 5.692352260317382218e+01 5.506468328021276903e+01 6.898252398735480995e+01 6.529001831071146000e+01 4.503001730414217008e+01 5.701890753498344822e+01 5.854499932049938593e+01 4.625605748891777580e+01 6.647585730811798044e+01 6.882006698893697205e+01 5.880296561833819169e+01 4.956193459405597679e+01 2.095163189688803129e+01 1.947967450205904072e+01 3.578265480838449264e+01 3.212208704044812180e+01 4.652414540887512118e+01 2.665904393885338308e+01 2.951022471520143142e+01 1.494293998918197452e+01 1.668189715508006188e+01 1.601247300266844675e+01 2.426162696566730759e+01 4.211449180905764678e+01 4.517920403205635438e+01
8.699724428260374037e-03 5.782202416324542682e+00 1.181242930787986900e+01 1.888349711974547063e+01 3.043050250353818953e+01 5.043050250353889652e+01 6.437136138301244159e+01 5.618616666958590855e+01 4.952116251263894497e+01 5.169502317040158346e+01 7.153087365340155657e+01 8.331516217654092316e+01 7.588442739085826361e+01 7.583849603781176540e+01 7.674838140910580364e+01 5.690191435111444207e+01 5.950299414395952624e+01 7.335836860537982318e+01 7.250928319963321655e+01 5.249867331706163043e+01 7.250928319963321655e+01 6.052031192507872248e+01 4.048742576100318047e+01 3.059595437149655339e+01 2.290538485287660109e+01 3.928061130899791920e+01 4.756966123916706835e+01 4.620418548277795878e+01 4.653042829119436163e+01 4.643752108471031903e+01 3.902602825835180056e+01 1.998167796692063547e+01 1.552193294973014837e+01 3.543129254909159442e+01 1.649341405230496704e+01 3.032233153226518851e+01 5.081296862216292709e+01
2.249585233037712084e-03 2.000224958523268270e+01 3.181242930788022605e+01 3.888349711974617406e+01 4.716776836720837451e+01 4.566629632596919208e+01 5.063388927167164866e+01 3.626368274064863328e+01 3.540830975197683017e+01 5.533491588051677468e+01 6.202947534971962540e+01 7.028590230489923840e+01 6.931752266420812703e+01 7.757979110367354281e+01 8.471164263591356303e+01 6.853595678687150894e+01 7.926113053986483692e+01 8.380992968530854625e+01 6.423663581374404430e+01 7.250928319963321655e+01 8.050175276385785139e+01 6.882006698893697205e+01 5.862702863031822886e+01 4.573447132877337395e+01 2.571550987394418186e+01 3.986577258669617407e+01 5.990276342100103335e+01 6.623231684874642156e+01 6.657142638761290243e+01 6.014612374540998019e+01 4.380337917763880995e+01 2.301991518107894308e+01 4.186665790950178945e+01 3.650174139355436154e+01 1.685313638011231774e+01 3.067912379041104387e+01 5.033570795892016747e+01
2.739267172789772273e-04 2.000027392671692539e+01 3.573108424160434993e+01 2.770874142002522333e+01 2.925701631509642198e+01 2.563961381794318939e+01 3.066799667460360368e+01 2.467626631129800785e+01 4.468391531488756385e+01 5.877045989214276744e+01 4.207222283497434034e+01 5.521673054197240305e+01 4.937635906072010528e+01 6.931752266420812703e+01 8.496306743645693871e+01 8.796676206974277079e+01 9.587121511966437026e+01 9.172302358077492102e+01 7.569909889729039776e+01 8.412080059215118411e+01 7.254078083108031194e+01 6.423437778245839525e+01 5.032780211096869749e+01 3.031219726545539928e+01 3.388397625315779038e+01 4.205721784648763872e+01 5.622303346929525247e+01 7.626758524234172398e+01 6.930246494308931915e+01 5.117693798997277810e+01 3.032136133788819876e+01 4.380337917763792177e+01 4.311806869172449552e+01 2.571649826218181900e+01 1.724491446384960724e+01 3.699806399071496799e+01 3.493770535965574453e+01
8.327778614586212741e-03 2.000832777861423040e+01 2.364480304149302370e+01 7.032182103957189234e+00 9.202604065593860128e+00 1.141436314774826499e+01 1.644374068810912348e+01 3.651587143940976432e+01 4.065800305194547803e+01 4.460077033430400917e+01 3.047741680627874317e+01 3.523541085173940957e+01 4.524634817167458323e+01 5.676030437456853406e+01 7.669957831770199164e+01 9.119895571507512955e+01 1.027177660029984025e+02 1.027778963477369985e+02 9.488953058753861569e+01 7.581628611921732386e+01 5.575584090908361645e+01 4.417781679157591412e+01 3.814543635991050508e+01 3.456547615404424079e+01 5.390805410062406366e+01 4.803696973180419860e+01 6.808210561101624592e+01 7.580620675728555113e+01 5.384606446454316142e+01 3.893405818768726334e+01 5.117693798997277810e+01 6.014612374540998019e+01 5.114126960816598455e+01 4.270499688304986563e+01 3.699765655268880238e+01 1.784278712643958897e+01 2.478208936782958460e+01
6.510866554257996840e-03 2.006510866175189367e+00 4.016586489330195242e+00 1.186157030730143269e+01 2.897691572990930808e+01 3.150529324999162029e+01 1.502526227198777953e+01 1.772259888880744327e+01 2.050738196656940815e+01 2.449637624008730796e+01 4.460069262676185531e+01 5.521694139422126568e+01 4.593484985648061070e+01 5.407811711443380176e+01 6.299013333991794639e+01 7.450255835366500889e+01 9.445346627763827030e+01 9.882905730129050426e+01 9.772653023852127774e+01 7.841758686521298216e+01 5.835944876780980195e+01 6.423428662537861555e+01 5.818658926604520332e+01 3.892393539025958660e+01 5.897057733813684877e+01 6.808210561157697782e+01 7.634981506467403278e+01 7.580618485347955016e+01 5.384606443380354790e+01 5.384606446240312039e+01 6.930243369202206338e+01 6.641107964465433611e+01 5.223003637053771797e+01 4.392484169690646212e+01 3.935833279468415213e+01 1.966271347411437986e+01 1.848253587011398835e+01
8.953482861371391335e-03 2.000895348283113506e+01 2.401076852897679359e+01 2.367573778366874393e+01 2.249636331925816890e+01 2.877596934931318984e+01 3.520245107628551295e+01 3.261804992024396910e+01 4.065797374606346892e+01 2.637395674185863115e+01 3.178762937332715666e+01 3.737433267116519175e+01 4.404964103308444834e+01 5.402054532082437532e+01 6.552257609710068209e+01 8.542580556885791054e+01 9.296627527633899035e+01 7.881785614405805518e+01 7.771499057361702967e+01 8.671986638329900643e+01 7.841756029358437274e+01 7.315297410126417788e+01 5.309604611437880806e+01 5.897057733813684877e+01 4.649237798590488069e+01 6.067924649602977638e+01 8.073239598061749689e+01 8.475703682976858033e+01 7.580618485054948508e+01 7.580620330275677077e+01 6.923851953157975458e+01 5.504573494446058390e+01 3.804955965052085531e+01 2.410541055434778457e+01 2.226412794631507097e+01 3.935764742550228590e+01 3.830526946810624622e+01
