LEM/sinusoidal_perturbations/elevation_000375.asc
nrows	100
cellsize	150.0
xllcorner	0
ncols	100
yllcorner	0
NODATA_value	-9999
[rows 0 to 16 of 100, columns 37 to 73 of 100]
1.292290587288376855e+02 1.207195912222699690e+02 1.267591820481822680e+02 1.207075439709245046e+02 1.207075439709245046e+02 1.292167106035544464e+02 1.378023355293592545e+02 1.294344751688980182e+02 1.294344751688980182e+02 1.313737089607140263e+02 1.397273180335232041e+02 1.378956933702109495e+02 1.295245659380834695e+02 1.321810844307545096e+02 1.405321898638552796e+02 1.304690114303310224e+02 1.217479096078730691e+02 1.236978355543302683e+02 1.236978355543302683e+02 1.323938716948242416e+02 1.422578572742616814e+02 1.340149902221597245e+02 1.340149901583027656e+02 1.354452281238565945e+02 1.436714670745728597e+02 1.420262328481342706e+02 1.361404068003657244e+02 1.357785969577162746e+02 1.441335656602411177e+02 1.394706139596612786e+02 1.312497323945135577e+02 1.394706139596612786e+02 1.404153167043502890e+02 1.321888100599045401e+02 1.347940984890481957e+02 1.430040546018720420e+02 1.509835552768599882e+02
1.172409568176081365e+02 9.986432606184808947e+01 1.059632365797660043e+02 9.985594449055032840e+01 9.985594449055032840e+01 1.207075439709245046e+02 1.294344751688980182e+02 1.088029080613978721e+02 1.088029080613978721e+02 1.107545024886561009e+02 1.278992156174064689e+02 1.260497948211324797e+02 1.088792863801931503e+02 1.115673997784096656e+02 1.321810844307545096e+02 1.180020775188524311e+02 9.993138469020846060e+01 1.019229698827931117e+02 1.019229698827931117e+02 1.236978355543302683e+02 1.340149902221597245e+02 1.134478897763239473e+02 1.134478897762250682e+02 1.149005492652877933e+02 1.319257890638560582e+02 1.219397935321325406e+02 1.160577069224151359e+02 1.156684915825300806e+02 1.325127478300885855e+02 1.294050541551939943e+02 1.110009115829511188e+02 1.294050541551939943e+02 1.287900902681267041e+02 1.119394437912887952e+02 1.145761259343816079e+02 1.347940984890481957e+02 1.426458417428811742e+02
1.086787982678794293e+02 8.786621412855974711e+01 9.666264721251155834e+01 8.516648652377317319e+01 1.059632365797659901e+02 1.264504632477777619e+02 1.278992156173813157e+02 1.148457541606793484e+02 9.411321599922621317e+01 9.876511867470595973e+01 1.194692045535948068e+02 1.176050082278404290e+02 9.689046571116840312e+01 1.176050082278404290e+02 1.216960561408992874e+02 1.083380456230020030e+02 8.744172534745000291e+01 8.660374493341016944e+01 1.001000096071189631e+02 1.217486359179386994e+02 1.321760469664244226e+02 1.116321416397447308e+02 9.872992492048609847e+01 1.028829389715012752e+02 1.235837522544473330e+02 1.212508331389750964e+02 1.017652806102926348e+02 1.040016130063740150e+02 1.234967353581836420e+02 1.211253219887323098e+02 1.007315572840944213e+02 1.211253219887323098e+02 1.204978329937998751e+02 1.000880378008621250e+02 1.204978329937998751e+02 1.335367256148049364e+02 1.370349738639323505e+02
1.113824251953813302e+02 9.056551553688592548e+01 7.611109932894213159e+01 9.666264721251155834e+01 9.714944528919239985e+01 1.179363620573273579e+02 1.194692045535948068e+02 9.876511867470595973e+01 8.673252300623661881e+01 1.014580620303121208e+02 1.221401146647887401e+02 1.113593386613253529e+02 9.060266902847648396e+01 1.113593386613253529e+02 1.126459360109265191e+02 9.135813425853577030e+01 7.805254872773986108e+01 7.868687560910183265e+01 9.373449971257734603e+01 1.154677099259410227e+02 1.270858240002580573e+02 1.116321416397447308e+02 9.082856842663706232e+01 1.116321334636377998e+02 1.235331100851787340e+02 1.129174770708962399e+02 9.257361355200714570e+01 9.483944211255095524e+01 1.151493298394680238e+02 1.143274004205196661e+02 9.371101812378473994e+01 1.143274004205196661e+02 1.143440482026204990e+02 9.372544019194633336e+01 1.048841295618398846e+02 1.252725545023092053e+02 1.286127334902516282e+02
1.056908193321768294e+02 9.217793179227504652e+01 7.185155470738699535e+01 8.037064737569390616e+01 1.009639155881159951e+02 1.183060786773690864e+02 1.175154671042968602e+02 9.680143772133496327e+01 8.210339009520075138e+01 1.028684364619071232e+02 1.147328855876365168e+02 1.058118853572842681e+02 8.504616378427955681e+01 1.058118853572842681e+02 1.037764596441846692e+02 8.226728912988447462e+01 7.028188737136049724e+01 9.135813425895476314e+01 9.671952382200498732e+01 1.183005153208673335e+02 1.187045421189384200e+02 9.796176280454389484e+01 8.589073201680065495e+01 9.436430985289901230e+01 1.089486537100591477e+02 1.057248351460260807e+02 8.527661839231807051e+01 8.754912022397716953e+01 1.079687001710477432e+02 1.083759634861516048e+02 8.743148294809024890e+01 1.083759634861510222e+02 1.018342112927392407e+02 8.769339393634412261e+01 1.026431821798148150e+02 1.230680083070111692e+02 1.299758664169267774e+02
8.833026352512692370e+01 7.659996296319253872e+01 6.785190298395492903e+01 8.793958918451647833e+01 8.903864601385974709e+01 1.097612559525097140e+02 1.151037378596876835e+02 9.862978912160168932e+01 7.795750854788190054e+01 9.862978912160168932e+01 9.405914074931790481e+01 9.405914074931790481e+01 8.007437774535428332e+01 1.007754580962451172e+02 1.046531170394445809e+02 8.722474217599761914e+01 6.618991668227791081e+01 7.546018945771227493e+01 9.038549299122865932e+01 1.120112269581546798e+02 1.155954400594472986e+02 9.487224184932873072e+01 9.487223153568783118e+01 7.959141904865055039e+01 1.004458239070623051e+02 9.925854124297302405e+01 7.891352998677901098e+01 9.925854124297302405e+01 1.162764468872321260e+02 1.029254879482756593e+02 8.164104528056272159e+01 9.565439004461282479e+01 8.042666616948847036e+01 9.307277146914637456e+01 1.138025598183630223e+02 1.194967135397604636e+02 1.107668221046761090e+02
9.903176396626864175e+01 7.854318450525326512e+01 6.464322264617923963e+01 7.251749450004038522e+01 8.677443012770397957e+01 1.074880734362681949e+02 1.066147124210889245e+02 8.589365938059658845e+01 7.414090144821180672e+01 8.944173328338960971e+01 8.848394719044570422e+01 7.357457191575875299e+01 8.530317634953667039e+01 1.060200158139345916e+02 9.579104306683267112e+01 7.456993311001639313e+01 6.251232732021182414e+01 7.730616095063641069e+01 9.858650535418281891e+01 1.115099751919728988e+02 1.095785751438425280e+02 8.878068188828174812e+01 7.402398542749548938e+01 9.487223940889339246e+01 1.089482883324095752e+02 9.510494738111857771e+01 7.504035049870431351e+01 9.510494738111857771e+01 1.119197724905400548e+02 9.975846263926072766e+01 9.115884290511678500e+01 7.385988368804983395e+01 8.674971870451123834e+01 1.078180423397250109e+02 1.221378530268016647e+02 1.107668221046761090e+02 9.003068674883211031e+01
8.604349046515639543e+01 7.759335446667802216e+01 6.179087918942388313e+01 7.037749679440383943e+01 8.186638541143307179e+01 1.024779118485130596e+02 1.106182356682378725e+02 8.989730009530478583e+01 7.805350420419708257e+01 6.920702464943242660e+01 6.830416632713014735e+01 8.848394719039326617e+01 1.025878287273193763e+02 1.145125030316081194e+02 9.517892309250838423e+01 7.395601733729924376e+01 5.920613809514781423e+01 7.395601733729924376e+01 9.517892309268022188e+01 9.076816624210655959e+01 9.076816624211498663e+01 9.134824493695388981e+01 7.047621524682122640e+01 8.525315673044256926e+01 1.060630895489736503e+02 9.124294098641082940e+01 7.155164746980641155e+01 9.124294098641082940e+01 1.034745339734558769e+02 8.214426035569289297e+01 6.933029688285510872e+01 9.115884290511714028e+01 1.041786401715197314e+02 1.162027484725079631e+02 1.124661671362848523e+02 1.039899201630956611e+02 9.594778206472396676e+01
7.407459285436640073e+01 5.800171895938988342e+01 6.433263283234225582e+01 8.422368695249537041e+01 9.913088319451976815e+01 1.110416247979318314e+02 1.190883101600118010e+02 1.071711302041818215e+02 8.996000829453161884e+01 8.142672658320051937e+01 6.482336940656607283e+01 8.479964007491960842e+01 1.033796440895644224e+02 1.054360695135353438e+02 9.197947576078919951e+01 7.081133257753089083e+01 5.624683155675502633e+01 7.273016082643957247e+01 8.040962466837183342e+01 7.736718282150553705e+01 6.986470996876262518e+01 8.344066271313023719e+01 6.708484111209737932e+01 8.800604535650808202e+01 1.039691693929139404e+02 8.764626932565182926e+01 6.831395863914626432e+01 8.281431197604990757e+01 9.089060942052529413e+01 8.413153125950161382e+01 6.653028136012093796e+01 8.194194599405369672e+01 1.032694288631491730e+02 1.086823263471664518e+02 1.001045071518774421e+02 8.334929916102174730e+01 8.714389207111489100e+01
5.456158837955215546e+01 7.407459285436640073e+01 8.422368690305521000e+01 7.560184780925651182e+01 8.725162568421885112e+01 1.079536678894925075e+02 1.104091344322463470e+02 1.000988019745656317e+02 8.143626840608418149e+01 6.161776984774605381e+01 7.831250910012811062e+01 7.460512711776424055e+01 9.489884708903113619e+01 9.141802130325025644e+01 7.567199836432426707e+01 7.815872901527423267e+01 7.120343030080692870e+01 5.233699441314632139e+01 6.137303672538064347e+01 5.672442209920554745e+01 5.945529831889214734e+01 6.248272452559794488e+01 8.344065791362729101e+01 9.655594498972813255e+01 9.046085829371685350e+01 7.590295864922585167e+01 7.984776501916525149e+01 6.385597134098044592e+01 8.024888263609931016e+01 6.287187279451455879e+01 8.413514959683585914e+01 9.177763449797346595e+01 9.977506604450334748e+01 1.000526457604953094e+02 7.947045470181251403e+01 8.549994897365928637e+01 6.700979495896346805e+01
7.075247826996178446e+01 6.820544043870872031e+01 8.824398048722467536e+01 9.600133824950285089e+01 1.045608284391175857e+02 1.165024119108730360e+02 1.018712494686075445e+02 8.126739869045907483e+01 7.128127325079556442e+01 7.831616015424437194e+01 5.874883427714303963e+01 7.539649925129471342e+01 8.381646010189521689e+01 8.292293761912894468e+01 6.459730325117922689e+01 5.644619387085167972e+01 5.159898296025544795e+01 6.030338925665024163e+01 5.306570047307688043e+01 7.254212689869724784e+01 7.340674394559867721e+01 6.705488215206958102e+01 8.215063824246176694e+01 9.540644680336887973e+01 8.092137377432146650e+01 6.462567012246897491e+01 6.691004202250429955e+01 7.755262448361112604e+01 5.949487804459230489e+01 7.936693578507524194e+01 8.094592446427685672e+01 7.466746243880588452e+01 9.151320672596307304e+01 9.967639313832819425e+01 7.944571809932897111e+01 6.563320727988521242e+01 8.549996855937473583e+01
7.912093739385873903e+01 8.824398044639349337e+01 9.675896159050083156e+01 1.127092865004132847e+02 1.041905408348103066e+02 1.127092844890336067e+02 1.103971985454327580e+02 1.000988019745656317e+02 9.156855833388149790e+01 8.676903293730228484e+01 7.539649925112991014e+01 5.617835506154167291e+01 7.265103023928477910e+01 7.080758210641825201e+01 5.686143930330095486e+01 5.083978125064528086e+01 6.928525947705804811e+01 7.276818819123613480e+01 6.041375643941590567e+01 5.378900609398579746e+01 5.429293450619872630e+01 5.479150217710733273e+01 6.890599478622203833e+01 8.225972545873004549e+01 5.936756495294268632e+01 5.768303284305333278e+01 5.821147181043074426e+01 5.874112610404491619e+01 6.885581185081957756e+01 6.028720223847910376e+01 6.456969457976407512e+01 7.706870502559945635e+01 8.160476407392543763e+01 8.285114317485279400e+01 8.306373888190550758e+01 6.470741158267844639e+01 7.835586192974494679e+01
9.018511108356040040e+01 9.247916836811901931e+01 1.010168596977250388e+02 1.024326013706407963e+02 8.364244281624664268e+01 1.024325815108144582e+02 1.038328239060977580e+02 1.060878807035269489e+02 1.026177956678293697e+02 8.208523273300014012e+01 6.801928851685232758e+01 7.265103023908584134e+01 5.384762899428289273e+01 5.214433663403963237e+01 5.526252298982761602e+01 5.029060899518049865e+01 7.496548409735677865e+01 7.996714258971137212e+01 6.891374725991931882e+01 6.706726500182986683e+01 7.340683123343232808e+01 7.393422617664180052e+01 5.549371594927399087e+01 7.468661826330185249e+01 5.693935341935027594e+01 6.846364424655953940e+01 8.058869983577154983e+01 7.273076000562997478e+01 8.166252528128340771e+01 7.109114804822378630e+01 6.108430952273041470e+01 6.164813425275416137e+01 6.221027421656120993e+01 6.277153572985881169e+01 6.333240403155988218e+01 6.400037652162690449e+01 8.378655621995142155e+01
7.827917851231761404e+01 7.239735031847655478e+01 9.247916815229700660e+01 9.391649160898062121e+01 7.368421343767734299e+01 9.391649180294990629e+01 8.337868236106511688e+01 8.561247754252563880e+01 1.060878807035269489e+02 9.661539275323282538e+01 8.809446633257786630e+01 8.102422408947896315e+01 6.675438824044442754e+01 5.611548408000245303e+01 4.950396350217534547e+01 6.896433509744308310e+01 7.931162452616607084e+01 8.737978930410609735e+01 8.766893837179655691e+01 8.691104247310572362e+01 9.101008883612128386e+01 7.104396790008698304e+01 5.872834253428174378e+01 5.620262598018069156e+01 5.832670837512016959e+01 7.744702775617808754e+01 8.731233825716685715e+01 9.458848810644879279e+01 9.809304197913073153e+01 8.283913460941781182e+01 8.936210411041111001e+01 8.216608910268396926e+01 6.930693905806202793e+01 6.941363095642206815e+01 8.301558158281339672e+01 8.380208126388600931e+01 6.495461618946747251e+01
5.902773042928806291e+01 7.827917849322932398e+01 8.335030828625549759e+01 8.717239823584513658e+01 6.726118903771286739e+01 7.868223050722569667e+01 6.937222727812368817e+01 8.937149338364999096e+01 9.293293268256226725e+01 9.508922328233622068e+01 1.038289485521235491e+02 9.451011090060949016e+01 7.794293382498648270e+01 6.805122115419882789e+01 4.896075511278134229e+01 5.449008049883065752e+01 5.997497250559955972e+01 7.961558015105636343e+01 9.914294330194465488e+01 9.935836388192798552e+01 7.894597300046692112e+01 6.525955987038315698e+01 7.689605254942669887e+01 6.959046997324847439e+01 7.758771019696099813e+01 6.140587374242307561e+01 8.083393635738488570e+01 9.309760577870891041e+01 1.064933523372041151e+02 1.036959716714231092e+02 1.009801517774556885e+02 8.164453101879391284e+01 8.892544062440478569e+01 7.732838017539967268e+01 9.654961275174669311e+01 9.105906114482587554e+01 8.483589412742543345e+01
5.344973785711554370e+01 6.403626362748397582e+01 6.403451924006427021e+01 8.101383581157091385e+01 7.268577152425558552e+01 5.925090189962962484e+01 7.868223016722981811e+01 8.716389505377946989e+01 7.248307264009133632e+01 7.466359807132376147e+01 9.162532085027856965e+01 8.913582737979687920e+01 6.959060963999216654e+01 5.308678372941935208e+01 4.841720466146112045e+01 7.169074226019615992e+01 7.961468580231696990e+01 7.013219447736554457e+01 8.170058478926219436e+01 1.025299490591589802e+02 9.165949340412316815e+01 7.144589938484303104e+01 9.165949340412316815e+01 8.957768742377142246e+01 8.634521738667581303e+01 6.647401104197601285e+01 6.487798354166648096e+01 7.844688128714544462e+01 9.633989698865502760e+01 1.072280747353038919e+02 1.089785294267887394e+02 9.525534372947724648e+01 1.051354255663606381e+02 8.884444868003323847e+01 1.049618024516161228e+02 1.017365580593937295e+02 8.675562685694359288e+01
6.007654062720865085e+01 4.678222940156187093e+01 6.403191576654575101e+01 6.728597493135185914e+01 5.359293406864813392e+01 7.265556208668361649e+01 7.197043726602441893e+01 6.987857110987856402e+01 6.006046326750860942e+01 7.841154187197300018e+01 7.096580843459551602e+01 8.004214884868150648e+01 5.938008035018260955e+01 4.764423198119150982e+01 6.279006211560103168e+01 6.819098421527300502e+01 8.559259389013199382e+01 9.050488101607705005e+01 9.914294330194465488e+01 1.111647074577135470e+02 1.001831910547266773e+02 8.138510261279918723e+01 1.001831861126998007e+02 1.069138460744185437e+02 8.634521738676582459e+01 7.275339194483024130e+01 8.459354861769568856e+01 6.852134647774121845e+01 7.949328979856416311e+01 9.874000928740008476e+01 1.108382015972944856e+02 1.136548063884384732e+02 1.175592811461517044e+02 1.095384037335036851e+02 1.108307379154127688e+02 9.383246599405366339e+01 6.949107047240214285e+01
