LEM/sinusoidal_perturbations/elevation_000517.asc
nrows	100
cellsize	150.0
xllcorner	0
ncols	100
yllcorner	0
NODATA_value	-9999
[rows 34 to 50 of 100, columns 0 to 36 of 100]
2.064481644892168701e-03 1.925461391686647161e+01 2.014798289559538347e+01 2.069038051045972892e+01 1.321375306251675763e+00 1.620750914684903954e+00 1.920226988625130859e+00 2.220782616521443487e+00 2.521472312905598923e+00 1.347126436449137366e+01 1.071139763517510879e+01 2.189223667544555241e+01 2.194822467205851169e+01 1.179950547257542937e+01 1.258248907438520803e+01 4.901092547748158168e+00 2.488740270314076142e+01 3.264196658750761770e+01 1.273033144689983409e+01 3.280240428856468071e+01 4.588693649964656629e+01 4.617184441754898927e+01 5.426658603533878988e+01 6.367571243919743296e+01 7.496175868477558879e+01 6.285700747820547463e+01 4.276126390805024613e+01 3.331635120680720519e+01 4.448594632117962533e+01 3.984525363147132992e+01 2.154175878634021046e+01 2.271865685474095642e+01 3.743170254904164551e+01 4.506884728942628726e+01 4.688525341477259190e+01 4.815498966955927074e+01 4.941642353762236439e+01
2.905961989428186391e-03 9.393695082265995921e+00 2.127312560003989006e+01 3.694133441373571003e+01 3.090521669882937417e+01 2.282129804022410369e+01 8.896369563601338015e+00 1.284901265119103542e+01 1.961825309369309167e+01 2.946931357316561417e+00 4.391521905044923457e+00 3.744123650536123726e+00 3.996604528799962086e+00 4.241447108664701204e+00 4.497758097088225604e+00 1.980192566513393970e+01 1.765182054934872369e+01 3.772707892006386032e+01 3.280240428856463808e+01 1.768908345605946053e+01 3.770162675518218975e+01 4.717329818830979349e+01 5.506096301445237629e+01 5.483270453215509832e+01 7.178879757362791736e+01 7.116030265312768677e+01 6.110613994143609773e+01 4.430939424931738557e+01 6.091341608820946618e+01 4.468313356095743671e+01 2.485548530435499259e+01 4.254964703044775121e+01 2.655521187263558858e+01 4.631035768534529495e+01 5.670843401455944388e+01 6.474311214055521191e+01 5.944687177333327099e+01
3.542675937824442140e-03 1.929000485616703031e+01 3.413004996924255607e+01 4.581962808970554590e+01 3.865075128577084485e+01 2.048575111745746113e+01 2.046074097087248944e+01 2.691476200969910337e+01 1.410242261923674612e+01 2.316598166461584540e+01 3.359939061114892489e+00 2.364896034435112071e+01 2.397910236529886063e+01 5.408216027548270688e+00 6.206216895978884374e+00 2.036256132996291868e+01 3.768384725963451132e+01 3.762789815318916453e+01 4.566628003937675828e+01 2.927524120445310274e+01 2.328753784722668740e+01 2.740019604991377022e+01 3.722728824151575822e+01 5.606222354070952463e+01 6.840598013234603059e+01 7.816100902617962731e+01 7.270596660871287042e+01 6.441798101831705026e+01 6.198041748961905739e+01 4.219050446586819447e+01 2.821734414582848416e+01 4.797100088033244703e+01 4.631060168413622335e+01 3.043850820330614582e+01 3.699407367438603700e+01 5.095367514025296884e+01 7.060433921809882918e+01
3.411803931810562015e-03 1.437223073430750730e+01 3.529006022243544294e+01 4.679268840603501189e+01 4.695286737302629376e+01 3.886430736903180616e+01 3.867320891091740265e+01 3.927651935882519041e+01 2.298991712537517174e+01 3.257896642552629629e+01 2.501963336320503473e+01 6.837297977307231989e+00 2.770688214930078530e+01 3.408747963409911819e+01 2.626142685108074559e+01 3.457329921383608706e+01 4.878142169091683655e+01 5.711616308160725453e+01 5.709255890420897828e+01 4.879538434860812401e+01 4.316972902701311909e+01 4.717329818830979349e+01 3.445995246011552382e+01 4.072696319723193881e+01 5.056799500735159825e+01 6.438399943341585185e+01 8.382687588041102345e+01 7.689156305442091366e+01 5.713407395810170897e+01 4.310064943420801598e+01 3.173457266922532938e+01 5.147769186538507569e+01 5.313927866657311228e+01 3.345359161702744188e+01 5.313927864835083881e+01 5.095367514022902355e+01 7.060433910066056740e+01
3.327314952832964925e-03 2.000332731495247884e+01 2.738912318956449710e+01 2.580625633833152577e+01 3.579962339377266289e+01 4.065299251718010254e+01 4.619806255427106123e+01 4.810020017343408938e+01 3.496786522884274007e+01 4.404548940772225052e+01 2.401869866640268469e+01 1.652666936114237473e+01 1.004483153131661766e+01 3.040314396827147192e+01 4.135945465554690514e+01 3.935765467088641145e+01 4.170420549647463559e+01 4.409528632316212082e+01 4.656809476870051157e+01 4.908892724150668840e+01 5.720263720171029576e+01 6.221713774693343879e+01 4.840386519289322109e+01 5.412645231501229404e+01 5.461460958345325878e+01 7.410566150727211721e+01 8.654900347660003490e+01 7.670551936697962958e+01 6.859544567613804134e+01 5.528136782285346129e+01 3.551689396771781304e+01 5.528136782285346129e+01 5.625475554386921573e+01 3.655074969090262016e+01 5.625475554386921573e+01 7.060433896654369335e+01 7.853253743859137614e+01
6.779948344387334673e-03 3.658264710442434176e+00 7.372185608221631270e+00 1.129461931695336041e+01 1.576748523529606771e+01 2.062114446014094327e+01 2.617729106805187911e+01 4.596730259298286114e+01 5.373961966141479252e+01 5.211290741083161748e+01 3.309278048204888734e+01 3.674421956131543254e+01 2.452661330908134829e+01 1.289000813722117478e+01 3.313195245402013001e+01 1.914321197440075295e+01 2.151170669211798625e+01 2.394068271900075828e+01 2.647138691446496139e+01 2.907259645597329722e+01 4.908892724153443510e+01 6.086889557148020202e+01 6.794200683033484722e+01 7.364849168758351539e+01 7.410567060577643872e+01 8.219939168778721239e+01 7.848301412528468290e+01 5.870790662409633143e+01 4.869670578951241424e+01 4.170485439532301086e+01 4.689252717249115676e+01 6.344237807962183950e+01 5.977045141783446525e+01 4.005066532207223418e+01 4.791683801362460571e+01 6.191879692500992860e+01 8.135198534345998667e+01
9.516927588586143695e-04 1.999014155025255235e+01 2.737014685186326801e+01 2.285465553938024286e+01 3.580018851839341210e+01 3.479522179956043715e+01 4.035352038524281681e+01 3.620873768080213040e+01 5.618738742773995654e+01 6.098504849542739947e+01 5.293044901044341799e+01 5.276640389025753564e+01 3.858564055316107044e+01 1.852911819679325589e+01 1.585120930993737964e+01 3.607949633363460862e+01 4.170420549647463559e+01 3.573153071123707036e+01 4.656809374020549086e+01 4.908892724153443510e+01 3.291876844029873439e+01 5.277447028342689350e+01 6.471198472959719084e+01 7.817088865763005856e+01 7.671102000590610714e+01 8.485416105682600119e+01 8.654921747042004654e+01 7.670551936697962958e+01 6.156017384759702082e+01 4.829206453962247281e+01 6.674073725954788472e+01 7.486008626936944665e+01 6.344047215827702502e+01 4.367689177176718829e+01 6.344047215827702502e+01 6.405380503555592497e+01 8.343384940582146214e+01
1.945935296826602993e-03 1.414478235219929481e+01 3.416724772797723375e+01 4.290129262527522513e+01 5.120563261769937924e+01 5.479589077258637531e+01 6.030803552460031369e+01 5.035991100339308701e+01 5.035991100339308701e+01 7.025616004580757590e+01 5.866559483722202373e+01 3.921082063046763011e+01 2.764923847273908919e+01 3.858564056332625825e+01 3.607949649704667650e+01 2.330087562158427161e+01 4.342939485134433397e+01 5.552036261265481443e+01 6.363381781458613773e+01 5.277447028342690061e+01 5.277447028342689350e+01 3.696721816428392771e+01 5.662854119048330404e+01 5.878038823300262550e+01 5.734003689869356180e+01 7.098324056298159235e+01 9.053910286825768594e+01 8.936168962178096820e+01 7.520949188201231550e+01 5.536733064957097383e+01 7.520949188201231550e+01 8.194804401513471248e+01 6.731956366784574186e+01 4.754103682589774849e+01 6.162183991764968027e+01 8.106091863296128963e+01 9.123819036623966383e+01
5.600688922766023682e-03 1.414773631265384068e+01 3.414773631265454412e+01 4.304317014843812217e+01 5.132743876606491540e+01 5.254014159709477383e+01 6.082441293628768619e+01 7.025616004580757590e+01 7.025616004580757590e+01 7.847604786045032199e+01 6.677726378277056085e+01 5.552331049167363375e+01 3.769957526091587141e+01 5.552331049167363375e+01 5.159164327234468317e+01 3.505324507957112701e+01 3.292858705272758613e+01 4.450688918400467742e+01 6.411464495850449907e+01 7.227466416541858507e+01 6.396313677752287674e+01 4.455762087865436172e+01 4.141110675163684363e+01 4.512790026549177469e+01 6.445973458742766127e+01 7.802323796835399605e+01 8.616133583672875318e+01 9.595212653506611389e+01 8.328555156753584754e+01 6.691914839939323656e+01 8.328555156753584754e+01 7.406204342606187652e+01 5.440450586499841279e+01 6.731956366784574186e+01 6.162206510727391873e+01 8.107541379220812416e+01 9.636496774065751936e+01
8.215197286175309616e-03 2.000821519728582132e+01 2.749616476275452470e+01 2.304317015166444804e+01 3.621020997128356100e+01 3.254014159434664322e+01 4.920143196391349250e+01 5.748570327755751919e+01 6.748570331437072412e+01 8.230878187473432206e+01 7.399918604328502170e+01 6.527143498049176173e+01 5.716717616294207716e+01 6.527143498049176173e+01 6.300145025795186626e+01 5.487142822548973697e+01 4.298409052257051144e+01 6.092349096288026544e+01 7.225107291087070394e+01 7.769643741543423232e+01 5.827461739715294442e+01 6.396313677752287674e+01 4.713313856822562542e+01 6.445973458742766127e+01 5.143297571534151302e+01 5.865844082752171573e+01 6.825958855117589508e+01 8.778688738553209703e+01 9.457669953848819944e+01 8.653431168536867801e+01 8.975049584785453760e+01 7.053614420419305020e+01 6.046086861991175709e+01 7.993316026068028179e+01 8.107590062486457327e+01 8.891846174093890909e+01 8.861802994948219236e+01
2.613274238814250559e-03 3.716520037779844188e+00 7.496164767872100398e+00 1.149616476787213593e+01 1.621020997578253642e+01 2.253476529611940649e+01 2.920143196278619158e+01 3.920143196278654329e+01 5.920143196504113092e+01 7.074688919058635861e+01 5.398804433775409706e+01 6.504269728139638573e+01 7.143955711650986018e+01 6.313904372658993935e+01 7.143955711650986018e+01 7.073489349721526764e+01 6.260408295585639848e+01 7.073490926621605013e+01 8.187832353021445897e+01 8.585167068616622998e+01 7.769643741543423232e+01 7.226980157498580581e+01 5.296424966090463471e+01 7.226980157498580581e+01 7.070403262208878914e+01 5.998596181093757451e+01 7.933801487420305421e+01 9.595212653506611389e+01 1.054125763238363476e+02 9.720112673883072318e+01 9.753698906232403942e+01 8.777047075337601711e+01 7.183964656214979527e+01 7.290255308976367132e+01 9.203114237262779795e+01 1.020557211131489055e+02 8.305195602251036746e+01
7.532853315450405325e-03 2.000753285331509446e+01 2.749616476777079654e+01 2.304317015166485660e+01 3.621020997629642579e+01 3.621020997417888765e+01 4.920143196391349250e+01 5.748570327755751919e+01 6.748570331437072412e+01 6.244574799280495370e+01 4.244063728980143679e+01 4.503595188659220128e+01 5.919090953030984537e+01 4.313431466514012413e+01 6.143214267626344594e+01 6.220788619551586862e+01 7.050670070017942237e+01 7.118037887105795392e+01 6.186430170861884648e+01 7.602633989103095757e+01 8.758750848898027641e+01 7.913420100237645727e+01 5.971874746685245583e+01 7.913420100237645727e+01 8.729555713366040948e+01 6.855883559331674348e+01 7.933801487420305421e+01 9.886172823016332245e+01 9.392358282375573708e+01 7.727040459048626531e+01 9.392358282375573708e+01 9.876111368171928007e+01 9.098910557875012728e+01 8.650430917538203346e+01 9.979886881420584643e+01 1.096779794588045576e+02 1.020557211131489055e+02
6.101047412966256744e-03 1.414823667114404238e+01 3.414823667114474404e+01 4.304317015300470928e+01 5.132744159616929380e+01 5.621020993785033681e+01 5.025651558691150456e+01 4.196451243065227033e+01 5.025651247113642484e+01 4.957672477376144116e+01 5.089579194325762757e+01 3.089357957719197856e+01 4.236681993285429115e+01 3.313429487659094974e+01 4.777148262228015341e+01 4.220367629349986061e+01 5.374478383335904397e+01 5.117309624191793205e+01 4.772116626842649367e+01 5.926854459371639905e+01 7.927974481717529898e+01 8.729831422614599035e+01 7.084822998632587598e+01 8.729831422614599035e+01 9.575336549528108776e+01 8.211939317779658154e+01 9.575336549528108776e+01 9.193768838559805090e+01 8.370302941330515978e+01 6.568731522137717604e+01 8.569411894134030661e+01 9.070212732166334035e+01 9.892540139627216433e+01 1.053740980343924747e+02 1.024772735560010659e+02 9.422921957022438733e+01 1.024772735560010233e+02
6.842009524227352091e-03 1.414897763355892302e+01 3.414897842139191653e+01 4.507012265383161065e+01 5.333515200685729951e+01 5.183056037160881857e+01 4.019928375236221996e+01 2.196302919793356168e+01 3.368515619188998755e+01 2.957395431913798944e+01 3.720741941293071875e+01 3.903331914586928519e+01 2.236555049112877924e+01 2.496932871074530169e+01 2.776988887880139956e+01 3.065664022475019479e+01 3.374270722399813849e+01 3.703068697016318822e+01 5.703309365197315373e+01 7.098648020574947282e+01 8.220756848720262155e+01 9.051012272015645976e+01 9.045304790532318862e+01 9.864719359678186095e+01 9.660280775768090678e+01 1.009663101697390601e+02 9.779836733876534538e+01 7.786454927834770956e+01 6.368639312538380892e+01 5.808193158686949431e+01 7.657774527756018301e+01 7.072723467475363179e+01 9.070212732166334035e+01 1.014355981085967784e+02 9.247918047982314249e+01 7.419839590360255954e+01 9.247918047982308565e+01
1.934550753332892102e-03 2.000193397212692048e+01 3.093197095718789313e+01 2.507575852343518719e+01 4.507012180321309103e+01 3.784496125168683278e+01 2.372113746447744020e+01 1.196302823564269779e+01 1.368435416729045251e+01 1.543176228061254207e+01 1.720647529944480070e+01 1.903221715779538670e+01 3.903331914586929230e+01 4.496824375984169819e+01 4.777148262287101232e+01 4.479894605297535293e+01 4.528975400621608571e+01 5.703309365197315373e+01 4.268754126043361197e+01 6.269066661152837838e+01 6.219704090741900160e+01 7.634273321435944126e+01 9.636653334398472737e+01 9.018322925489013642e+01 7.555350662371444059e+01 8.991646385658567908e+01 9.593866248165403476e+01 8.826749617154713690e+01 7.104339706030327761e+01 5.096787873193293450e+01 5.652653118447273073e+01 7.657774527756018301e+01 7.321555943698216140e+01 8.732557877278946989e+01 8.421380773691349475e+01 6.412206988036450639e+01 8.232134827076428962e+01
4.364784840791047053e-03 1.999088470874514556e+01 1.093374483393988861e+01 2.418362615678858418e+01 2.561578178030449493e+01 2.724881570693854016e+01 9.581062898941022254e+00 2.958172874269488162e+01 2.782653980521732251e+01 3.543263012919429400e+01 2.615074774646930322e+01 3.903008761006348237e+01 2.329623148490919249e+01 3.743863262692388361e+01 5.745629918945233783e+01 6.480454640922242504e+01 5.943282891647534427e+01 7.098648020574947282e+01 5.268757815538235434e+01 4.954748639673475452e+01 6.955179962045599495e+01 8.853328924440563696e+01 9.997103509638998275e+01 8.083315695283641844e+01 6.139988871647724977e+01 8.068454457569229987e+01 7.616110058372079550e+01 7.618174653459411161e+01 5.999251185262501451e+01 4.577553897294962582e+01 6.585992051681924409e+01 7.722475594153553402e+01 5.902329839973277359e+01 7.731921158537376471e+01 7.711030569481938812e+01 5.699118182789596432e+01 6.222744234482971137e+01
5.219006137575642711e-03 1.385350124822282813e+00 2.768779052554429576e+00 4.182992614927519170e+00 5.615222363006378892e+00 7.248215524861824299e+00 2.724881570693854371e+01 3.787091149236406551e+01 4.782910731304714602e+01 4.615397946401993323e+01 4.029344385916336080e+01 4.641556096129328779e+01 2.641970672268569942e+01 4.642110676123397894e+01 6.540565776626092998e+01 7.541175515580191302e+01 7.944606266173862252e+01 7.269375510182699429e+01 7.269375508156561239e+01 6.109475413272931377e+01 6.023809943421235857e+01 7.178633007617474959e+01 9.179197120511099683e+01 7.237504215817131126e+01 5.237446274923845380e+01 7.237210553156995729e+01 7.617407790310547000e+01 5.613883420988199191e+01 4.853531221361585324e+01 4.183516442118612844e+01 5.718730146877043552e+01 5.718730146877043552e+01 4.896800902208708806e+01 6.904500571685618127e+01 7.424268721149697114e+01 6.811281113001135168e+01 4.797329114718971965e+01
