LEM/sinusoidal_perturbations/elevation_000547.asc
nrows	100
cellsize	150.0
xllcorner	0
ncols	100
yllcorner	0
NODATA_value	-9999
[rows 68 to 84 of 100, columns 0 to 36 of 100]
5.009162696260268353e-03 2.000500916269590590e+01 9.681993856542630894e+00 1.641324850921395395e+01 2.354127328202786984e+01 3.359067147763735761e+01 5.361615582931074186e+01 7.093446135244415984e+01 5.323409816331058408e+01 4.098981476492375720e+01 5.300084247944801774e+01 4.411404853899391298e+01 6.144996154853489401e+01 7.087807860693375517e+01 5.882249456438349711e+01 4.287806195270236742e+01 3.045894542696591856e+01 3.760005292535287680e+01 3.105982549074842680e+01 1.100250523746203868e+01 1.677315601163671133e+01 2.877980557052848809e+01 5.099823522877565551e+01 5.607257970977860140e+01 6.414577005837629997e+01 7.336214101527693288e+01 6.611592447297306308e+01 5.989652351621413118e+01 3.857739327975265553e+01 4.874002410350257719e+01 5.740983353263102629e+01 4.840905410203874482e+01 2.904615013103290977e+01 3.757410070443642525e+01 1.849500951762594525e+01 2.579271483150607835e+01 4.464189864308043099e+01
4.695337527364121070e-03 3.770943023566167174e+00 1.535580342151472699e+01 3.538700587324942859e+01 4.360341365347385079e+01 5.189235064549725251e+01 6.190187135357734149e+01 6.814650430174606299e+01 6.593099330568421124e+01 5.300084247944801774e+01 3.510009105838756938e+01 4.853087979613032132e+01 5.604470912889524215e+01 5.268908502227120749e+01 3.514066297268222172e+01 5.212162248329345005e+01 3.829645248159613402e+01 1.890267519448557110e+01 2.919352174741575823e+01 1.064933278927432170e+01 3.001329093818280214e+01 4.177802382246346014e+01 4.831665175405091617e+01 3.656190755992959396e+01 4.716112024534491098e+01 6.043688955080905600e+01 7.974979698257504879e+01 6.911588685197391158e+01 4.896318240692769308e+01 6.810405237124805922e+01 6.040629559040127106e+01 4.422555833533775882e+01 4.839867093611889715e+01 3.959688143932461202e+01 1.890220892184300183e+01 2.455830708671971152e+01 3.048504820267877591e+01
7.614146464036155443e-03 2.000761414600272303e+01 3.211352114104493438e+01 4.367463647586723852e+01 5.105732387275600104e+01 5.945846370337591935e+01 6.290089682060466458e+01 4.992383347818566364e+01 6.068231150528217199e+01 5.175899084057692789e+01 4.418734223325083121e+01 3.008695239388270082e+01 4.839852478356810650e+01 4.182499531116651781e+01 2.231509935208609718e+01 4.169594370992708576e+01 3.245835828566912795e+01 1.491993328903485505e+01 1.015118952091669868e+01 2.446233180017650000e+01 1.609445228664000993e+01 3.544687576934740747e+01 2.876126442430609842e+01 4.831665175461139938e+01 4.778015080256039937e+01 5.905956718753063228e+01 7.783564659291586452e+01 8.186943360209360776e+01 7.272540939338526300e+01 7.823778033496223827e+01 7.004283419308733016e+01 5.437586193041930471e+01 4.610281843371830490e+01 3.916623568593875149e+01 1.931782881256650342e+01 3.908947375076564867e+01 4.864543466121467219e+01
2.352828262072654761e-03 1.414448845199289728e+01 3.414448845141571098e+01 3.717255356125271248e+01 3.150857913333401683e+01 5.092007778985203714e+01 5.365360242653130030e+01 3.676005660326286062e+01 4.758673466931509921e+01 3.449115783335971486e+01 2.515595703619078449e+01 4.418734223197400013e+01 3.940703102613498032e+01 3.230342322088892359e+01 1.787050573212501803e+01 3.383306276387896361e+01 3.953327135997773212e+01 2.806207550434614717e+01 9.810799615470983781e+00 2.894469967419924927e+01 3.535988450682915385e+01 2.185445507938543130e+01 3.554301858691847826e+01 5.529643955384653253e+01 6.726216241767846782e+01 7.522379684984593951e+01 8.599566180819273598e+01 8.623797702899263129e+01 7.472119934131394814e+01 6.575846729280246450e+01 5.749109510450639249e+01 4.611608022070312529e+01 2.618987593565574556e+01 3.532568006043941722e+01 1.974229101608675307e+01 2.557888053381374149e+01 3.175925713260653538e+01
6.786455232800275850e-03 2.000678645523244370e+01 2.758897003531322412e+01 1.730669509896095803e+01 3.197019910016058830e+01 5.190304855990879673e+01 4.599266787584531357e+01 2.687651065568242359e+01 3.578055221599989011e+01 2.043610563575569117e+01 3.474187309297109749e+01 2.666880519516502801e+01 2.304030656459305604e+01 1.249920691459698574e+01 2.282656096596904050e+01 2.990185913959197705e+01 3.798016184979726262e+01 9.350251162372140712e+00 1.396926221796141299e+01 2.519269950173913486e+01 4.398347790047720451e+01 4.128958730744862748e+01 4.132866131942969190e+01 6.107547326477698135e+01 6.680236596202540511e+01 6.796700869894357311e+01 7.630884753661830189e+01 7.803693612022885873e+01 5.802803033252781262e+01 4.637316584670532649e+01 3.738278615904854973e+01 3.257653756440689818e+01 4.028809270633168893e+01 2.036382522546563933e+01 3.961731800001157922e+01 3.486169986504059892e+01 5.092776376700895469e+01
3.257643153035955173e-03 1.459098393785271064e+00 7.594547183708252547e+00 2.716624650643749206e+01 4.062472179393726179e+01 4.579148060747171911e+01 4.004642753337514449e+01 3.577550401517155620e+01 1.613255153711578060e+01 3.398593105772573608e+01 2.623163815287782086e+01 5.645080524227492624e+00 5.942480212961694264e+00 1.615518809740713024e+01 2.127125099400752717e+01 1.604281609021099442e+01 3.229261993995697111e+01 9.033545902323215415e+00 9.835131583506624864e+00 2.297457372345633786e+01 3.822233667435846627e+01 4.993066182395240560e+01 4.280338726213078360e+01 4.700392427839953768e+01 4.700392217596875355e+01 4.802874848809883446e+01 6.796700944630282493e+01 8.163554793014570521e+01 6.168834680361391065e+01 4.743931321502982001e+01 5.749109506327381780e+01 5.260735919882483103e+01 4.074146234303321990e+01 2.081560981139285715e+01 4.073803916054108498e+01 5.447205607581985021e+01 6.254078682132684719e+01
1.880098487986705483e-03 3.174356867880870903e-01 1.920298622244896336e+01 2.737522513893575749e+01 3.178577387597476545e+01 3.441461101190134997e+01 1.899371254869366865e+01 2.939955848032717611e+01 1.358597234003385168e+01 2.629023552442327016e+01 5.216305072538359511e+00 1.409146434126716585e+01 2.499682142882419456e+01 6.355807934240770507e+00 6.646441227770606197e+00 1.426701669227989555e+01 2.679654043077078640e+01 2.885062932250388101e+01 8.576351189715937906e+00 2.322434897669603515e+01 3.297716489313517485e+01 3.721818363825099141e+01 2.358626578110387229e+01 2.775464539953990339e+01 3.445249338189736221e+01 4.546667262503469686e+01 6.534567980055355463e+01 8.163555098404088994e+01 6.168834680553032968e+01 6.747032676245456173e+01 6.458197678283737275e+01 5.439519239374391901e+01 4.119979889257970029e+01 2.127585655638787188e+01 3.553061149659279039e+01 5.641579368189649557e+01 5.995671392191646021e+01
2.900726248362994839e-03 1.997563358605325234e+01 7.637740096342030549e-01 1.903621745498497475e+01 1.949833868112666480e+01 2.335921198441928581e+01 7.137835692316835789e+00 9.953044860558465601e+00 2.938117282800832797e+01 3.083958136657172844e+01 4.906706687289861257e+00 1.235181684191607765e+01 2.467772866719916891e+01 3.049501047068796922e+01 2.814872053926753281e+01 7.061550258619824660e+00 1.406573874481184561e+01 2.708260637082983635e+01 8.249381801326938657e+00 1.115649317578068711e+01 1.460415951493079589e+01 1.808658067907931510e+01 3.154552095561436076e+01 4.700392427841423881e+01 3.723507473276847435e+01 5.677277208379724982e+01 7.369152788622078276e+01 8.980003600485140680e+01 8.163555098404088994e+01 7.069380655890732612e+01 5.019639644543397594e+01 3.605286131056411136e+01 2.765628430278283290e+01 2.174251342144071941e+01 4.096749964100590091e+01 4.888820826050247348e+01 4.722986967512893131e+01
5.081304048347549951e-03 1.988858180133325604e+01 1.079468917437039766e+00 1.100066451549060886e+01 1.869396684996912938e+01 3.559213728650450825e+00 2.161747323775072971e+01 2.242008201232365394e+01 2.295492547917563542e+01 2.332939599865818892e+01 2.367302365164073308e+01 4.465639984499045312e+00 1.292497688945328171e+01 2.672387986793773251e+01 4.083880102543325563e+01 2.714620888778582852e+01 7.485771064906293404e+00 7.797844218182041764e+00 1.451255930611657519e+01 2.999643137386243197e+01 1.867770270711517000e+01 3.721828936174777169e+01 4.535376381210968333e+01 5.916206813096033557e+01 5.677277208379724982e+01 4.942530564448976804e+01 6.941599282899757384e+01 8.598520711394967009e+01 7.581804820039539550e+01 6.745601112236076347e+01 6.021855825282839447e+01 4.674725708779818234e+01 2.636096208301095700e+01 4.160275701250915148e+01 2.241470962942573664e+01 2.387213344733659071e+01 2.698397061167370126e+01
4.469920835086939326e-03 2.000440571677329160e+01 2.550597079363327779e+01 1.526031089881001224e+00 1.841897862382688933e+00 2.157965723658834989e+00 6.479228026643591321e+00 3.061376949228621136e+00 3.381121637424344684e+00 3.700606823602897055e+00 4.019510269793169499e+00 4.746172651717942337e+00 2.521839164282611279e+01 3.095785909022837856e+01 5.093502633774319577e+01 3.565416258323533327e+01 2.732753450122826777e+01 7.938199228756375625e+00 2.835962731202097942e+01 4.182987472549136498e+01 3.770269136785129405e+01 2.670138464440615422e+01 3.509638427167043773e+01 4.615696952737386738e+01 6.614674695037905394e+01 6.349672483120114208e+01 7.775699666046807579e+01 7.768388318347341226e+01 5.722813906124817152e+01 4.699850205225861544e+01 3.981945579847914729e+01 3.404959556821359712e+01 3.058856219958915190e+01 4.676661336859001494e+01 4.221673997387818389e+01 2.309203635173485480e+01 4.301640752035870463e+01
2.324776005098761877e-03 1.559271548088644188e+01 2.915289209456324215e+01 2.805288046666754909e+01 1.844181918076112936e+01 2.316736721524098996e+01 2.609194072196887149e+00 2.285917723955387260e+01 2.317671314001975702e+01 2.336477744786459709e+01 5.906449770747731698e+00 2.462805873138750101e+01 2.152756166418307160e+01 4.188689763331060334e+01 5.879654130276031054e+01 4.209593372816093648e+01 2.713382158912519060e+01 9.663398857680107312e+00 2.404602951867799021e+01 4.408225056272041797e+01 5.413593311527729668e+01 3.758947702844454852e+01 5.413593296029001323e+01 6.294125363590940481e+01 7.452069681037980331e+01 8.370637050536463164e+01 8.347681486977757004e+01 8.598520711394948535e+01 7.581804820039526760e+01 6.022318942753347670e+01 5.724825226261813782e+01 3.721178726171406481e+01 5.063306468466381460e+01 5.632485323676144873e+01 4.343181973232989890e+01 2.356691646333432288e+01 3.756235183163968827e+01
8.699724428260374037e-03 1.675844453109704091e+01 3.850494069771491468e+01 4.177677598645335877e+01 4.375854509971122752e+01 3.627266321406502669e+01 2.738013564032962677e+01 1.627733860092144624e+01 3.848219719552466245e+01 3.401078342189515524e+01 2.543362559990016791e+01 1.427465978285665038e+01 3.469574851460898657e+01 4.991287104106862671e+01 4.893816867556365224e+01 3.511754156519148751e+01 1.507500062514347228e+01 1.140934537085887435e+01 3.148768071433473992e+01 4.212732368175228714e+01 5.272774752432372480e+01 5.720704671714870670e+01 6.555129922546572629e+01 6.543135086255962563e+01 7.373068697600550081e+01 7.189834086709620919e+01 6.342230928073337282e+01 7.761370480691334706e+01 8.886834642302687826e+01 7.607105184692768773e+01 5.641749957127351678e+01 4.226014871140506557e+01 6.217388509426376686e+01 5.421219987122268691e+01 3.558444464512633942e+01 2.403729639446353872e+01 4.391700200837964019e+01
2.249585233037712084e-03 2.000224958523268270e+01 2.608728265860682427e+01 2.292313648440003959e+01 3.751395645345454710e+01 5.162280744037469304e+01 4.722624146556196933e+01 3.848219719592621857e+01 3.233520229321742789e+01 5.331610015526221247e+01 4.358412495741510639e+01 2.170835427456859179e+01 4.327550869051196258e+01 5.496018772706733557e+01 4.071434521143283547e+01 2.078078182907144722e+01 3.511522622187166576e+01 3.145048283645594012e+01 1.380721698811233011e+01 3.383182167997358647e+01 3.271340192261982338e+01 5.272774752432372480e+01 6.216453868270582461e+01 4.539952536805892436e+01 6.216453868270582461e+01 5.185149795521936511e+01 4.925101745193428115e+01 6.342230928079147390e+01 8.347681513386412178e+01 8.149106860017336373e+01 6.206069422801185453e+01 4.861962624105551356e+01 6.799996310636424823e+01 5.003132770725027711e+01 3.164007025424598751e+01 2.450358455623788245e+01 4.438902447142364593e+01
2.739267172789772273e-04 3.050227993726156939e+00 6.136127850972232345e+00 9.337812967499033334e+00 2.342296133110775713e+01 3.794152635632965342e+01 4.196659341191227810e+01 5.021018229223438567e+01 5.331930328054339441e+01 6.210045874423429524e+01 5.399763807334259269e+01 3.570264624818960897e+01 5.340647718068448313e+01 4.648716113039952802e+01 2.696710230960417221e+01 4.071434521143283547e+01 4.021697970410286871e+01 2.021544615386368449e+01 3.383182167997358647e+01 1.640459961988863213e+01 3.638610277102664980e+01 4.121042991777557063e+01 4.343413718480415042e+01 3.385977229268647903e+01 5.041264113997114293e+01 3.770373809080204808e+01 4.664336427353653391e+01 5.821219588584083482e+01 7.826323573658024202e+01 7.906719016430965041e+01 5.988043665905975388e+01 6.220058242671762372e+01 7.037578513921785373e+01 4.684824246282435922e+01 4.097579734701732690e+01 4.436337104573957646e+01 2.515787006387818536e+01
8.327778614586212741e-03 2.000832777861423040e+01 2.608728265860682427e+01 2.925497525761927164e+01 1.432935499809483559e+01 1.809575057687800381e+01 2.215342764303848000e+01 3.615190123319678861e+01 5.600450212863842125e+01 6.610518009640971115e+01 7.148646462820970271e+01 6.063713622096487654e+01 4.735551820077632357e+01 3.399405242450679054e+01 4.677370863941706602e+01 5.495668767036976732e+01 4.498601314549127750e+01 2.499592819422386825e+01 4.342021924542141420e+01 2.830578225700847028e+01 1.903600990952368832e+01 2.120369414475025494e+01 2.342077173377510135e+01 2.569232338999877641e+01 3.041522514489631490e+01 5.041305136853426205e+01 6.603469023679181760e+01 7.500269944322525362e+01 8.658643340269759392e+01 8.699019270832513939e+01 7.096884925386741827e+01 8.070845461688108458e+01 8.035657746736804086e+01 6.758075227223476134e+01 5.970983142586687364e+01 5.335020766978118445e+01 4.505269929984493160e+01
6.510866554257996840e-03 2.000651086655390287e+01 3.984022968433524170e+01 4.245935713825682711e+01 2.838130206758539487e+01 3.212142496898944444e+01 4.196659341191227810e+01 2.875238149976286905e+01 3.855908741352015312e+01 5.193205506729233178e+01 7.047593706149257287e+01 7.392076970714695960e+01 5.910052807216665371e+01 3.946610794445859227e+01 5.910052807216665371e+01 5.311774876672809143e+01 3.320386921016684312e+01 3.656827381384427866e+01 5.213860427506005379e+01 4.215712923358516662e+01 2.267412100161957511e+01 4.121042991777557063e+01 4.343413718480415042e+01 4.569953272218463525e+01 2.962494218597153406e+01 4.962110024294679533e+01 6.201409648331737401e+01 7.097936288923655468e+01 8.256216510467817216e+01 9.793170761033583460e+01 9.008655517852199068e+01 9.140767231078740451e+01 8.307430120932579598e+01 7.823982537618483946e+01 6.404236957820866394e+01 5.060786044766951619e+01 3.052005766567015854e+01
8.953482861371391335e-03 1.155595886665378735e+01 3.155595886552144336e+01 4.180389612240548303e+01 4.826940296604141878e+01 5.199249414418986959e+01 5.674426351574074801e+01 4.014318043335325825e+01 3.805224166963184018e+01 4.944679101531959731e+01 6.930264434231989412e+01 7.517083527185781122e+01 5.548880894734880798e+01 4.688347208928355059e+01 6.652391938332429788e+01 5.941485816453906210e+01 3.950165735840445791e+01 5.648923471766693893e+01 6.479078712361150849e+01 4.871603972425885587e+01 2.871434666545490444e+01 2.954377761678624736e+01 4.954600452931742183e+01 5.792744632530820326e+01 4.962110024294679533e+01 3.370094443040019172e+01 4.262870121634099263e+01 5.419020988526770566e+01 7.424077326075774863e+01 8.397096819087711594e+01 9.400464496192614661e+01 8.307430120932579598e+01 6.297444423782422263e+01 6.883442584361867489e+01 4.984491032125404786e+01 3.553903071177398942e+01 5.060786044766951619e+01
