LEM/sinusoidal_perturbations/elevation_000045.asc
nrows	100
cellsize	150.0
xllcorner	0
ncols	100
yllcorner	0
NODATA_value	-9999
[rows 68 to 84 of 100, columns 0 to 36 of 100]
5.009162696260268353e-03 1.081760988768209231e+01 2.581829460691903932e+01 3.109755487830685894e+01 6.184699063814993458e+00 5.837064328950772207e+00 2.443611530681151578e+01 2.966609928146964847e+01 3.484901439130545953e+01 1.497406450653457455e+01 3.481796599971286810e+01 2.850014010352973770e+01 4.341367667084034565e+01 3.567553208294737033e+01 2.012318194887354039e+01 3.921604126353875586e+01 2.854746465282018164e+01 4.846783950159061760e+01 6.243962323578616491e+01 7.086316761464574654e+01 8.257361760369421688e+01 8.698558492434483469e+01 7.681607789378058726e+01 6.840752892734060708e+01 5.347526041146688414e+01 3.303948401019847836e+01 4.790421417377815061e+01 3.985095486359083594e+01 1.991097693661611956e+01 3.770140544898781343e+01 2.617654128409799696e+01 3.117477669101885596e+01 3.651614320487362875e+01 5.619508471732013533e+01 7.418458169649457545e+01 7.607580641026034129e+01 6.828111513039749525e+01
4.695337527364121070e-03 2.000469533752700713e+01 3.681819340612192804e+01 3.013646316486082100e+01 6.158742878141622690e+00 2.021397012541162752e+01 1.730304453408354703e+01 3.369409684796443827e+01 3.890195297323031554e+01 1.943347423918032746e+01 3.891193460843361152e+01 3.950054875844573843e+01 5.473786366591041741e+01 4.752734206228688407e+01 2.011162499451615560e+01 2.348280907499554360e+01 4.304617675090672435e+01 3.692747724409236554e+01 4.850713345774507701e+01 6.276324729133851577e+01 8.306430141373095921e+01 8.423186204250649212e+01 6.383998044264110661e+01 4.943594546017450142e+01 4.218206371761124274e+01 4.792009257782922305e+01 2.763111977059546120e+01 2.415416699188873295e+01 1.963878314849358375e+01 1.948453232359010556e+01 3.958291384356461862e+01 4.826964381775522384e+01 5.619508471732013533e+01 6.470151701254980026e+01 6.988621722657681801e+01 5.504426586629026019e+01 6.658722208763835226e+01
7.614146464036155443e-03 1.414974977016068181e+01 3.414974958570663688e+01 2.930941499080771351e+01 6.386459193146095892e+00 2.249639039006055441e+01 2.616573475227892942e+01 3.672649549440554040e+01 4.302356630308046448e+01 2.396946643492835705e+01 4.303532427366197055e+01 5.796257846468192554e+01 6.503837453789236633e+01 6.166380629740748276e+01 4.193520413526954371e+01 2.723221762548314473e+01 4.719324509084884767e+01 5.704687438963224366e+01 4.850713908842126187e+01 6.013967293327115726e+01 8.043315493747381595e+01 8.423390736068807882e+01 6.383999493003844350e+01 6.981256623298956754e+01 6.257762440659053027e+01 5.503970579715636546e+01 3.554047335902276927e+01 4.306788198943432633e+01 3.943432436382549611e+01 3.696408293604562800e+01 1.904242125797149043e+01 3.456877059210872716e+01 5.985917391505189045e+01 6.500350160092308727e+01 6.120426149471050081e+01 4.052319919447915453e+01 4.812418242191567685e+01
2.352828262072654761e-03 1.414448845211802563e+01 3.414448900873258452e+01 2.770932994172710551e+01 6.614583398252180224e+00 1.818478357113284360e+01 2.494164383418248576e+01 3.972629574041799572e+01 4.716548132969002438e+01 2.852236777419234670e+01 4.718518983620379004e+01 5.903613746302244891e+01 6.608194421491697312e+01 7.138834581498217347e+01 5.500899762945062577e+01 3.421118611994670289e+01 3.523345330577348733e+01 5.544538468313235313e+01 6.871450960641679728e+01 7.717010730436422250e+01 8.895646589012420691e+01 9.258837759944350410e+01 8.423370928174328753e+01 8.133156642958068971e+01 6.230894751089301309e+01 4.889553067843217349e+01 4.998451284333508937e+01 3.950966139389520038e+01 3.644824259335145911e+01 1.861713200631909970e+01 1.887759389303953839e+01 4.265126074919345456e+01 5.801083668150010908e+01 4.416792900581976511e+01 4.689983266372924930e+01 4.081645029978974293e+01 2.787627360479222460e+01
6.786455232800275850e-03 1.437917689910174346e+01 3.386393858418863800e+01 6.932163784861061551e+00 7.617802825238213060e+00 7.698193961831404586e+00 3.220450070998643355e+01 4.141098609799740871e+01 5.189560587710609951e+01 4.718518983620379004e+01 3.549283530824288135e+01 4.136183661846970949e+01 5.379937900029725029e+01 7.016256953451920708e+01 6.376696702323638277e+01 4.367781168477354470e+01 4.686499600862314452e+01 4.599715266762320454e+01 5.612836730075044755e+01 7.047660930364104104e+01 9.098901275094389973e+01 8.788214041595676917e+01 7.921219708656320790e+01 8.602903691465776603e+01 7.137854287054358338e+01 5.823729502138689895e+01 3.496412734062247551e+01 1.942534872009134972e+01 1.818499333142926488e+01 3.788489646903730801e+01 4.106080974267336359e+01 5.030750252223085539e+01 5.216650304602990929e+01 3.328104606517608488e+01 2.191537529184704880e+01 2.000111472944684365e+01 2.040482713353334532e+01
3.257643153035955173e-03 1.650769870431516750e+01 3.131785996482679835e+01 7.151156630499441391e+00 1.493545409698590909e+01 1.134437157500573257e+01 2.923273617928059664e+01 4.292790004755623556e+01 5.350856959870373686e+01 6.060059553857912817e+01 4.608266036212292960e+01 5.903608233311613418e+01 5.363257584765148067e+01 6.781088864666119775e+01 7.315369112017484099e+01 5.703338742536869432e+01 6.119919196687202856e+01 6.629856321833267430e+01 7.477704315114597478e+01 8.500636814455155843e+01 9.442932482308371789e+01 7.290796064362598372e+01 5.753600935530091220e+01 6.619496315215847915e+01 5.893447965708062952e+01 5.028423711069311963e+01 4.536574640817406845e+01 3.578855005575722714e+01 1.788283309576366520e+01 2.652691730685616278e+01 4.248156666752122135e+01 3.747014864220984265e+01 3.848928811282768692e+01 3.807307887238925304e+01 1.943295294187014122e+01 3.753203761746914324e+01 3.953642029771069843e+01
1.880098487986705483e-03 1.790549595936571237e+01 2.975374577346532590e+01 7.366113405402932912e+00 1.435564359888291364e+01 2.689576647398542875e+01 1.696659690336146298e+01 2.625010321992565565e+01 4.078326154661219505e+01 6.074483967670633433e+01 6.235833433222283162e+01 6.989493490316105806e+01 6.995480649939383966e+01 7.676647488693240007e+01 8.503892580892303954e+01 8.015506879731869105e+01 8.157406687248577271e+01 7.739352104904710927e+01 6.874983888589702019e+01 7.739405112002474141e+01 8.790157616897172943e+01 7.856494903417150510e+01 5.726925771704078016e+01 4.523672171561320710e+01 5.029616779012096117e+01 2.981472946171279048e+01 2.552704979971620958e+01 2.151675571000653164e+01 1.758424414762288279e+01 3.733887688422865381e+01 1.770424583153080533e+01 1.808878236525714556e+01 1.847799400895965150e+01 1.887064349698779964e+01 3.889002094481546123e+01 4.619817714673267517e+01 4.636416158232044182e+01
2.900726248362994839e-03 1.828738740388886086e+01 2.945302487842228700e+01 7.586213526207417956e+00 2.148821948123851655e+01 2.186906094835905634e+01 3.244366959369979497e+01 2.544872811454717620e+01 4.478238651696990047e+01 6.123610363103037457e+01 7.097092093965262904e+01 6.747746559255888599e+01 5.927633304497181399e+01 6.806191936432048806e+01 7.411776796227030673e+01 8.029083656841268635e+01 7.658277679480094946e+01 6.664727243170237614e+01 4.700389978352725961e+01 5.787958891037807518e+01 7.652264401701829399e+01 8.740696144997120598e+01 7.492639126574771069e+01 5.746254487273793643e+01 3.681039441240060484e+01 5.029616777729790300e+01 4.583289672931261549e+01 3.039583457998934790e+01 1.973482896469847248e+01 1.716961258940835577e+01 2.681079110169847723e+01 3.552050919825357056e+01 3.844461307756904489e+01 2.316643047053805660e+01 4.156781061739328464e+01 5.817600651430355896e+01 4.742575788372401036e+01
5.081304048347549951e-03 1.888472552582912556e+01 2.892413627156293643e+01 7.819094434784003234e+00 2.370706428598033355e+01 2.630844802476258337e+01 3.735628520817460441e+01 4.168887486768965545e+01 3.641997796262191400e+01 4.683352516511684627e+01 6.460454706449523599e+01 5.784134146852080249e+01 3.977016456229151231e+01 5.784134561859590917e+01 5.387145234318566622e+01 5.979984466411522703e+01 6.786933090116205847e+01 4.604675995200379646e+01 3.573233472056914906e+01 4.604621055254963835e+01 6.785497092412396114e+01 7.275683668736775189e+01 6.184904397401286502e+01 6.376934042975091899e+01 5.746254487252851817e+01 6.497008202596214232e+01 4.962601405063534088e+01 4.786498355105163682e+01 3.338686139275305464e+01 2.544424780480685300e+01 1.685118926026048669e+01 1.717034800182459264e+01 3.725467410331867768e+01 4.156781442177366870e+01 3.058097149515347368e+01 5.053290726601045435e+01 6.572625358375839255e+01
4.469920835086939326e-03 1.942346175131182662e+01 2.848283376636942066e+01 8.060515893993210668e+00 2.540154693563197696e+01 3.452044194058308335e+01 3.737608397744950395e+01 5.065053408947353120e+01 5.378081715868032120e+01 5.408830337553303025e+01 4.732643659223308674e+01 4.941816406297311914e+01 3.037423551483624706e+01 4.867588026666933843e+01 4.053025434562004392e+01 5.980166981259219483e+01 6.160972165029743763e+01 5.004779801193079436e+01 2.746349410523221479e+01 5.004793813923308932e+01 6.597755837211924757e+01 5.859727066661669426e+01 4.103100199437498219e+01 5.833392125695243635e+01 5.733135959265557346e+01 6.525750120389012920e+01 6.790579226589406403e+01 6.296264849011885900e+01 4.781264628442730924e+01 3.224086905379483881e+01 1.663136233323817237e+01 3.537505486029197499e+01 4.513766914026207644e+01 5.906050258111014983e+01 4.449857542236646424e+01 4.449860791895197565e+01 6.510492790311526790e+01
2.324776005098761877e-03 1.973112594737569481e+01 2.834073564874363171e+01 8.300158231713288259e+00 2.709238607240590468e+01 3.362724288469033951e+01 3.632386230171738362e+01 4.100051634396798050e+01 4.097896742391115055e+01 4.124781627784386728e+01 3.089819832461681059e+01 3.640915607903277618e+01 2.357076862518503191e+01 2.979970779070017883e+01 4.867588026666933843e+01 5.467213554557420707e+01 4.024143509404879637e+01 4.457023042854676476e+01 2.177941378929474681e+01 3.580402109272157674e+01 5.192711784952758336e+01 4.743429790831392268e+01 3.189241004264041379e+01 4.237279846890964308e+01 3.886225535740109649e+01 5.201168952665844358e+01 6.172866671060855026e+01 5.860960486708643202e+01 3.658196621630023770e+01 2.031093913323694622e+01 1.641488952062367801e+01 3.377995755813888934e+01 4.295825701285008336e+01 6.132841653528922166e+01 6.510058822241418852e+01 6.510482691833692570e+01 7.365143025593019388e+01
8.699724428260374037e-03 1.983423044014206127e+01 8.400345993614651618e+00 8.533596587267069822e+00 2.764918941374956063e+01 1.789909842285771546e+01 2.297287854371322169e+01 3.092308770902817727e+01 2.640302464969000695e+01 2.877190595546460017e+01 3.001091158963526695e+01 1.762317214981488789e+01 3.639330148997790815e+01 4.727191306049132891e+01 4.621641360459855008e+01 4.041943855960462173e+01 2.738229804329825257e+01 3.679144470962044267e+01 1.679780931253621290e+01 3.598601388169178961e+01 1.713011318371979996e+01 3.484648125590600642e+01 2.646661726721823271e+01 2.558741150216246751e+01 3.375765947048290627e+01 2.906831581269072373e+01 5.216900931518107853e+01 6.216772986508017595e+01 4.214991654775688090e+01 3.501980628102058546e+01 1.620070266288247751e+01 2.566444253573983403e+01 4.468024136788902467e+01 5.123359367741048231e+01 5.978262667834805910e+01 6.904679163530435915e+01 8.100203707428526911e+01
2.249585233037712084e-03 2.000224958523268270e+01 2.870048852700436370e+01 2.015293698394457067e+01 8.857479548881102005e+00 2.033181435484789645e+01 2.153168710927806373e+01 2.347818907134940503e+01 1.781000621950043694e+01 2.498169157801520868e+01 2.605346763258621934e+01 1.033052510601751983e+01 3.085433441827051126e+01 3.140869803828620377e+01 1.281406326270707119e+01 2.974601739673202516e+01 2.005892509185902028e+01 1.204053932726504250e+01 1.227334440298030138e+01 1.250280804369309351e+01 1.768876446174435912e+01 1.908540418767430680e+01 2.771734373168578713e+01 3.023600616867038937e+01 1.421080642199456001e+01 3.426828584333917149e+01 4.949226740392445123e+01 5.904241746508324695e+01 4.923162335760687824e+01 2.988113243034436195e+01 1.598616638035548476e+01 3.228447057070800241e+01 4.014550734519097119e+01 3.061230524422827415e+01 3.975120630136830613e+01 5.171751690246452426e+01 7.255162646671395521e+01
2.739267172789772273e-04 1.154564218559094968e+01 3.145837693193035278e+01 2.946714134522097694e+01 9.675726207983506910e+00 9.180189546651421395e+00 9.408316062210332120e+00 9.636641839161010026e+00 9.865320861319162304e+00 1.009453646917111946e+01 1.032409415492230131e+01 1.055385066167232999e+01 1.078420148845314941e+01 1.101493598843691757e+01 1.124573828669299935e+01 1.147678433659304353e+01 1.170899144473396802e+01 1.305746643724633671e+01 1.870992820018942382e+01 2.470407868386580930e+01 1.284781702130945824e+01 1.311407914628030369e+01 1.339972237866248328e+01 1.368432742945277703e+01 1.394829656906130744e+01 3.248210798367862395e+01 2.892801006336237890e+01 4.899600075520966413e+01 4.298288396775222253e+01 3.548525740375392701e+01 1.577254449958850380e+01 1.809290865824229400e+01 2.052398088368722640e+01 4.092294832018819051e+01 4.794518416453013998e+01 5.648035485490945717e+01 6.077426937210907454e+01
8.327778614586212741e-03 2.000832777861423040e+01 3.964687465024714186e+01 4.441945405147490789e+01 3.465090532115828381e+01 2.171473876653341861e+01 1.798482038310950770e+01 3.253181192884758843e+01 2.524872041037669845e+01 2.808372155018071581e+01 3.009220247176223850e+01 1.342483568434816021e+01 1.352791381409895166e+01 2.905981009836973783e+01 1.883111747392072033e+01 2.045250869391850657e+01 1.807596053115130275e+01 1.298378099762224913e+01 2.374043898318025114e+01 1.927261421426689481e+01 2.865346679008546715e+01 3.145278623280134411e+01 3.227081769777830544e+01 3.001684399343062992e+01 3.363709991428213897e+01 1.427720640668253438e+01 2.764580245455158192e+01 4.040453826281475358e+01 3.112041453934347501e+01 1.545036473221743378e+01 1.569782290867404306e+01 3.604178433482606181e+01 4.092294663160033252e+01 2.437529668149508311e+01 2.733574459116559296e+01 4.794518416453099263e+01 4.596867835530062507e+01
6.510866554257996840e-03 1.155351625034687579e+01 2.569565187407807727e+01 4.569565187407940954e+01 5.159086917076454881e+01 4.333749734701260081e+01 3.408703672228694614e+01 3.635282069395636029e+01 4.815488374679655692e+01 4.989142186872316387e+01 3.353146830218932450e+01 3.155651767307204025e+01 1.825907421384706808e+01 3.391228544437511516e+01 3.810499221341539311e+01 3.770900283625877591e+01 3.266764739057659739e+01 1.663499336748449409e+01 2.708227914161382444e+01 3.200485536041249190e+01 2.525329231095165738e+01 3.425397178456385916e+01 4.332085701095541452e+01 5.000537741226859367e+01 3.930226044766472171e+01 3.317474618677339038e+01 1.458185452196010168e+01 3.336751783030757679e+01 1.505680202556253988e+01 1.951773853632667155e+01 2.346755424027170278e+01 4.269647815009399494e+01 5.277331247993769381e+01 3.202586373362653660e+01 4.794518416452875442e+01 3.180825535384957448e+01 3.560321529568893340e+01
8.953482861371391335e-03 1.415108910659244756e+01 3.415108910659315455e+01 4.449554349302071898e+01 4.602100447866205002e+01 5.425178690977697471e+01 5.483758189853295306e+01 5.662243678395277868e+01 6.356565277565022143e+01 5.984706323538746631e+01 4.553306403591275142e+01 2.728703995670602112e+01 4.001895176527425235e+01 4.519271470333163165e+01 5.025570660095203124e+01 3.930126434108678524e+01 2.203718298405174636e+01 3.531270015332911782e+01 2.992290365595463442e+01 3.317855355115444382e+01 2.926360345383281114e+01 3.655517978765014675e+01 4.926999773559847284e+01 4.697432440822814925e+01 3.851009373981753470e+01 3.402813053926091413e+01 1.491820068009162625e+01 1.473859835365997384e+01 3.364338293784848588e+01 4.133965608468144382e+01 4.446750246557557773e+01 5.412170063871373316e+01 6.136459040772670903e+01 4.232348791589148362e+01 5.904801822464575878e+01 3.802462880394123346e+01 5.642363914548774062e+01
