LEM/sinusoidal_perturbations/elevation_000291.asc
nrows	100
cellsize	150.0
xllcorner	0
ncols	100
yllcorner	0
NODATA_value	-9999
[rows 51 to 67 of 100, columns 0 to 36 of 100]
6.455108993161302530e-03 2.000645510898171864e+01 2.495001590144221737e+01 2.748967070504230392e+01 1.292504916020862638e+01 2.025978085620979385e+01 2.883485147700928408e+01 4.021287549141911200e+01 6.047179121191606299e+01 5.728711124443457692e+01 7.300086446474914226e+01 7.597137060084222071e+01 6.668009476013537551e+01 7.607189346010612496e+01 7.705839888394014281e+01 5.834117833741986203e+01 5.435336854265820250e+01 7.088037842300322211e+01 6.493655196410074382e+01 4.479198141170754610e+01 3.304297943809807236e+01 2.406549266256985220e+01 3.757660637272653759e+01 4.495144663846140531e+01 3.448007764564796673e+01 2.619851544545116440e+01 3.506215042984610619e+01 3.259360848941641109e+01 1.287158497824029091e+01 1.601578666387490557e+01 2.179781530367927544e+01 3.342202021829407244e+01 5.685156422462796399e+01 7.849457614802392413e+01 7.527699177162433841e+01 6.678305243632880206e+01 5.376807831447975161e+01
3.995603441288198172e-03 2.483631575741183539e+00 4.979375195500225892e+00 7.530845482909967359e+00 1.115639334208218436e+01 3.108505409753461279e+01 4.468921519523713926e+01 4.848249015780407944e+01 5.305926430495730273e+01 4.513242622822713912e+01 6.454552335388329709e+01 7.450754562090493494e+01 8.438890962289519848e+01 8.517847283608767839e+01 7.522804624980028620e+01 6.270780026068929658e+01 4.292286049468933129e+01 5.358837824058649346e+01 6.184227766301709295e+01 6.159896087378458418e+01 5.009275952513126384e+01 3.747556641744619554e+01 1.842614334057235581e+01 3.502981773793432296e+01 3.256291163816339207e+01 2.210672218087485774e+01 1.788586200185945785e+01 1.333721664131382845e+01 1.788923082511241347e+01 3.484422336406385767e+01 4.281699724098669435e+01 5.293438935280175883e+01 6.793482161124649110e+01 7.502283522485544154e+01 6.345512311049895970e+01 4.667993148529159697e+01 5.739166719679234063e+01
4.804567899273937473e-03 2.000480456789891903e+01 2.495001590144457282e+01 2.163800678278873590e+01 3.108505409753459148e+01 1.653256162477635982e+01 3.642908084531791246e+01 2.865193997644856339e+01 3.325613820804293397e+01 3.947418848549002490e+01 4.648865651369714413e+01 5.644019165017537887e+01 7.622264584595539816e+01 7.697867729453744801e+01 5.703441637663671315e+01 4.698825638850779995e+01 3.987816670229992866e+01 3.350250111024509891e+01 4.758956318985563172e+01 5.587822823249468485e+01 4.144481527067559767e+01 2.259945553604264390e+01 1.574011732053473445e+01 1.534274202033307155e+01 1.494286728413950627e+01 1.940409568381202376e+01 1.380323033420222245e+01 2.517550458414736525e+01 3.375542700996185630e+01 2.700481687339605585e+01 3.709550192263038326e+01 5.212761465433148089e+01 7.285495660613362645e+01 6.669975065000329550e+01 4.632928476316127586e+01 3.494428216899925843e+01 4.507315538416031586e+01
9.707512844716031236e-03 1.155671289663733425e+01 3.155671289663697721e+01 4.161683710859564655e+01 4.468921515200770500e+01 3.642908084494546728e+01 2.245941138370071855e+01 4.232180275157342919e+01 5.305926430495730273e+01 5.931594288136837179e+01 6.633141874806543115e+01 7.450754562090500599e+01 8.438890962289556796e+01 8.517847283608777786e+01 7.522804624980028620e+01 6.700654683558715874e+01 5.992901237414129412e+01 4.758956318985563172e+01 2.743991379549108345e+01 4.214801061342455313e+01 3.605500496674589783e+01 1.629958184749528627e+01 3.547814840455239960e+01 3.507169665475479547e+01 3.497490415088088866e+01 1.437436724244387243e+01 1.437112584858360265e+01 3.423932327796848085e+01 4.103400214245269950e+01 4.717144852251172438e+01 5.677759756345089670e+01 6.714987891181738178e+01 6.475006179157156794e+01 5.642967790619014323e+01 5.142747005329422905e+01 2.567906712900743926e+01 2.486088334439335767e+01
5.001202446392439237e-04 2.000050012024428270e+01 3.984098414409822908e+01 4.313990061963546907e+01 4.594061876959089119e+01 4.885811185697377823e+01 4.104027481218858497e+01 4.575485722098784436e+01 5.091917630593121658e+01 5.669261670419393795e+01 6.335879295690002522e+01 7.164258634786645530e+01 8.164186369220432482e+01 8.251685110976944770e+01 7.115899767414779831e+01 6.287659879818398423e+01 5.533328942665694683e+01 5.587822787902295829e+01 4.214801061342561894e+01 2.209985824981856695e+01 3.631386527229660288e+01 1.669260570264163235e+01 2.134980356563175974e+01 4.079687716654714080e+01 4.930165970941173725e+01 3.478572176085885559e+01 1.493612383497004537e+01 3.146302855435119739e+01 5.156958562218473219e+01 5.942363584710398072e+01 5.500253252726501074e+01 6.341180885800424250e+01 5.541749612300728955e+01 3.572991246240179919e+01 4.195635245766679589e+01 2.331670215580809824e+01 4.352041498300401656e+01
5.279685921607564676e-03 1.414741530965268268e+01 3.414741530965338967e+01 2.313854465819780515e+01 2.593920884350033162e+01 2.885671899449011590e+01 2.103797853559294850e+01 2.575257807063913518e+01 3.091785449544435949e+01 3.669283249567057936e+01 4.336026419878177052e+01 5.335963642361909365e+01 7.335794949018087152e+01 7.444561157096720194e+01 5.429648368589186447e+01 4.220770036240899969e+01 3.482825324673812162e+01 4.608442648536826880e+01 4.453095140673498520e+01 2.848447558444294714e+01 1.724427291340817447e+01 3.146025847841908885e+01 4.043956018438581879e+01 4.079684316192141580e+01 4.352642047450706997e+01 2.561948480571501463e+01 1.549585731958067925e+01 3.551735646273203173e+01 4.464896431577412983e+01 5.184295386343965362e+01 3.367730064808809942e+01 5.184793693102156453e+01 4.713468984908661241e+01 2.384997232394787403e+01 2.177838396760206408e+01 4.038688662095963622e+01 5.039853509734714265e+01
5.738623160518319517e-06 2.000000573862280362e+01 2.514766845884608770e+01 8.996150812271640262e+00 1.179654773177428595e+01 1.471356377211211708e+01 3.471499340076866957e+01 4.575485722098784436e+01 5.091917630593121658e+01 5.669261670419393795e+01 6.335879295690002522e+01 7.164258634786645530e+01 8.164186369220428219e+01 7.568624426468547028e+01 7.115899767414779831e+01 6.212306747839771504e+01 4.607595744259982951e+01 2.579301989087678848e+01 3.744860453643888576e+01 1.779556973809160070e+01 2.588817515398958591e+01 3.127035786037103904e+01 5.099121842910293623e+01 6.115931976581159546e+01 5.152964941274763078e+01 4.249783406115354722e+01 3.525189388831039849e+01 1.627389242390535529e+01 3.634073420322751957e+01 3.776478828260982112e+01 2.406185572579791909e+01 4.344022150799536064e+01 4.012481178313117880e+01 2.083522990384252438e+01 4.105251366879027586e+01 2.294133084804465739e+01 2.401738787988627166e+01
4.532054705376768917e-03 2.565268953325019918e+00 5.147250957535840499e+00 1.928947248163149553e+01 3.179747832697694321e+01 3.471499340076866957e+01 2.074360690743436209e+01 4.074591673003343573e+01 5.315372527205219910e+01 6.022450695002595467e+01 6.850830392216185771e+01 7.850761180487135960e+01 7.569493394567848554e+01 5.451456124739151932e+01 5.824737155762796448e+01 5.158477093867247731e+01 4.205703656536328339e+01 2.563637076540596738e+01 1.834158891997228125e+01 3.168108017295934786e+01 4.541738001352916854e+01 4.004630487181194098e+01 5.127361896155012033e+01 7.075262334158118449e+01 5.743003766010063060e+01 3.730582534945711615e+01 2.305398933460956101e+01 2.841630686362446312e+01 1.704803962829486963e+01 1.759584235594088497e+01 1.815099310279808620e+01 3.835906024408549797e+01 1.989313495272567778e+01 3.329136774251464459e+01 4.855534555643314576e+01 4.313987939916713543e+01 2.405879429552933502e+01
9.001595176218036079e-03 2.000900159517586374e+01 2.144910715015191371e+01 3.237501155349409032e+01 4.757307179945932774e+01 4.903015801981556621e+01 3.488784044217751301e+01 2.760460690346700474e+01 3.315297204603506032e+01 4.022531625888647966e+01 5.022529816072746911e+01 7.022371573932454680e+01 7.294253483379583258e+01 5.216043562735221428e+01 3.731041065984281602e+01 3.134237863810505331e+01 3.881096069937101589e+01 1.888302073947894755e+01 3.821945409664470361e+01 4.643645173304223306e+01 5.939413162609575636e+01 5.953130736471893414e+01 5.934433071405965165e+01 6.618348856259338220e+01 4.531748683024071056e+01 3.095369530599420571e+01 4.320011450815108134e+01 3.639195480883186207e+01 3.717352918323408772e+01 3.753915859275394951e+01 2.611969562575617232e+01 1.896811595595184130e+01 3.920157607393778676e+01 4.783401011820703275e+01 5.844891602706468348e+01 4.440832744401107846e+01 2.487137855556916932e+01
5.674351268809080251e-03 2.000567435126845339e+01 3.063182775382312428e+01 3.729322516962314182e+01 4.573577284469707394e+01 5.469403911774156768e+01 5.488856394747458012e+01 3.915360661131889231e+01 5.315372527205219910e+01 5.315372527205219910e+01 6.850830392216185771e+01 7.850761180487135960e+01 7.519127625850902064e+01 5.443931587475710643e+01 5.824737155762796448e+01 4.392751643587362764e+01 2.397434655279299776e+01 1.926259403015817284e+01 3.284656470351525570e+01 5.168080096055602723e+01 6.115573271641248709e+01 6.810708663286500553e+01 7.769034737035254068e+01 6.537739925531190011e+01 4.522927093713295932e+01 3.998727488992455648e+01 5.946773969145801431e+01 5.649834617677330328e+01 5.684019076532656811e+01 4.378022463746227544e+01 2.363295399075419212e+01 3.920505386112831303e+01 2.133535838374537974e+01 4.155563258793416992e+01 5.223107975368119327e+01 5.331694388659811779e+01 4.514036657010289133e+01
9.518805923843161668e-03 5.356736388051705156e+00 1.091726157876253112e+01 1.729269578367133064e+01 2.636562853454384481e+01 4.061102979216598641e+01 6.053216087212663865e+01 5.915340118104743539e+01 6.743723745207975639e+01 7.315261513690016670e+01 7.172826125475104675e+01 8.002943548163167975e+01 8.367542479896761165e+01 7.024150135854210930e+01 5.862512700011352962e+01 4.224788575778203636e+01 2.119573680013735384e+01 1.964063902090121516e+01 3.958122395633367319e+01 4.698827437497352832e+01 4.453555502588265114e+01 5.955307719698836166e+01 6.951333952002532612e+01 7.370690920804541690e+01 6.537739925531222696e+01 5.163577546621154113e+01 6.847797356533553170e+01 6.286094125446950187e+01 4.281789037013201238e+01 2.849707507267888218e+01 4.379005085380466511e+01 4.985555433979778428e+01 4.155563257431844448e+01 2.372542596358511702e+01 4.393769514290323741e+01 5.468500981366540969e+01 5.446354249402039471e+01
9.062254805971973678e-03 2.000906225480561673e+01 3.105556757549609515e+01 3.746567115070454435e+01 4.573581757363198363e+01 5.469403917338239296e+01 6.037136325682767080e+01 6.623473050069775070e+01 7.107366203851060504e+01 6.277528299209996732e+01 5.170879325840014218e+01 6.846758170983014224e+01 7.847970800854102436e+01 6.198233734172735154e+01 4.178496453735903771e+01 2.973776262468818032e+01 4.224767959974077769e+01 3.965679348768065893e+01 2.017455733562601239e+01 2.988229641692305449e+01 4.490703373034845214e+01 3.967771433709536666e+01 6.120373267713407728e+01 7.323919078075660138e+01 8.009800954484316549e+01 7.177034364060513383e+01 7.794785348821076809e+01 6.642575551533423095e+01 5.236964103389071568e+01 3.220645664188219826e+01 4.651141464419744409e+01 6.651265048275698177e+01 5.213838810574663540e+01 3.281286426644244614e+01 2.618387242557011874e+01 4.639850824438519794e+01 5.743399345874287576e+01
3.063233560239582431e-03 1.155006861735285639e+01 2.569220424108405965e+01 4.569220424108476664e+01 5.406468579335257374e+01 4.577578260389852005e+01 4.036303671833132256e+01 4.622333988126050031e+01 5.951598609892163694e+01 4.276325335740555289e+01 4.016015090527150733e+01 5.016113840888233000e+01 7.017889362716769597e+01 6.112342468095020820e+01 4.091521216110706405e+01 5.032140575763346391e+01 5.442559854534105312e+01 3.432517507881014751e+01 4.024935462867568248e+01 2.071092195128971269e+01 2.356062181334860384e+01 4.560083221624741867e+01 4.063408650733728678e+01 5.372247102983594402e+01 7.746558567948356711e+01 8.396575945586808132e+01 6.968423736522412071e+01 4.971555414760120328e+01 3.811130429554390275e+01 5.236964103389071568e+01 6.064949683392184454e+01 6.669090745880043869e+01 4.698668438958291915e+01 5.025638409705608467e+01 3.004190983966059392e+01 2.900726260769378939e+01 4.918422489414337662e+01
5.666595628964066558e-03 2.000566659562860750e+01 3.983338663786550882e+01 4.993561135157737851e+01 4.164876179698445924e+01 2.577290263860694353e+01 2.622009882719905960e+01 4.061171725797748877e+01 4.414829294223363121e+01 3.121575593435871809e+01 5.122133229548119004e+01 6.846758170983014224e+01 7.847970800854102436e+01 6.939083371509148890e+01 5.264012126699870464e+01 6.936612138389359927e+01 6.247006763692807851e+01 5.428749126476743214e+01 3.962156968570228344e+01 4.049662917053762357e+01 2.125390225496666474e+01 2.834514742062759396e+01 5.085085343051688511e+01 7.323919078075660138e+01 8.670300766580096763e+01 7.568961479251237279e+01 5.571790481735604317e+01 4.573445456455201708e+01 5.815606503960272278e+01 5.230663354141177734e+01 7.227784189470767728e+01 7.483627738000632235e+01 6.668974942500146597e+01 5.414805462197817576e+01 3.407168665919983397e+01 4.918422490341977493e+01 3.191570189558897752e+01
2.110006612196471242e-03 1.154911539040461221e+01 3.154911539040425694e+01 3.838691378786799646e+01 2.164719074756602168e+01 1.422584548654183756e+01 1.727581689340246029e+01 2.060915022775344596e+01 2.414468413914081779e+01 3.414475470135225521e+01 4.569268674674141550e+01 5.984104341992428289e+01 7.986947334894377093e+01 8.094625247716193428e+01 7.271141348500265167e+01 7.538488358808187684e+01 6.687765499076203923e+01 6.628556101651632559e+01 5.377365057850308006e+01 4.181395138136281986e+01 2.164253334217097091e+01 2.886817747772679965e+01 5.094159070784643717e+01 6.649828866034721386e+01 7.505558467623377794e+01 8.396575945626292992e+01 6.570379241116962987e+01 6.570379241116962987e+01 5.726230589537907889e+01 7.227784189470767728e+01 8.055344447186161005e+01 7.751720731435295875e+01 6.872286600610344465e+01 5.822764044883823686e+01 3.823999387438038156e+01 5.407519664000395210e+01 3.402293478234012269e+01
9.367352646185668139e-03 2.000936735264583177e+01 2.411863194530686272e+01 2.621531587345543812e+01 1.010016050142763611e+01 3.010084938228334650e+01 3.727761863680360221e+01 3.475174136530902302e+01 3.828749609477964810e+01 3.414478901086906149e+01 4.308962383660925610e+01 5.464278897731765028e+01 7.477396096254720703e+01 8.629502651826778958e+01 7.820437818937527652e+01 6.701922444669511947e+01 4.666402886757703783e+01 5.254527927338160964e+01 4.601183791125218647e+01 2.220505806484273492e+01 3.509976704840926942e+01 2.741462263205215777e+01 4.685502536568345988e+01 4.664626992679474426e+01 6.644961594711956820e+01 7.848559397837246365e+01 8.567840417510309692e+01 8.551177345169290334e+01 6.879128526686987755e+01 8.551177345169290334e+01 8.396151201486081561e+01 6.388378235189478715e+01 4.976208019364258206e+01 4.443888618560375647e+01 5.822764044883472678e+01 5.615900427336473655e+01 3.617182359908649403e+01
3.648181865326004768e-03 2.055604886035638401e+00 4.118447378553233840e+00 6.215017051997079101e+00 9.696570171111122960e+00 2.969693203289024908e+01 4.314648822028939179e+01 5.475895456531577565e+01 5.829749816212891034e+01 5.416164994382887699e+01 6.247984673804418776e+01 7.149424444955636204e+01 8.321222228441068580e+01 7.820437840323459966e+01 5.833316467169190389e+01 6.415330848731318270e+01 5.254576506803292091e+01 3.107243579558074487e+01 4.288471852833082920e+01 2.260790624600003440e+01 4.132546839143024187e+01 3.972424167743712076e+01 3.358375883217649971e+01 4.164405200841583365e+01 5.092886095361350129e+01 6.455769687274923285e+01 8.418698032710966572e+01 9.704720394926796700e+01 8.876951204672333517e+01 9.083015234966661922e+01 7.072727517979829770e+01 5.915746554890167630e+01 6.071324314398849964e+01 5.852836333900277310e+01 7.267157816326397324e+01 6.050326416419101605e+01 4.059536439219844794e+01
