LEM/sinusoidal_perturbations/elevation_000484.asc
nrows	100
cellsize	150.0
xllcorner	0
ncols	100
yllcorner	0
NODATA_value	-9999
[rows 34 to 50 of 100, columns 0 to 36 of 100]
2.064481644892168701e-03 2.000206448164453832e+01 3.016688375693727764e+01 3.594038644883848832e+01 3.594038644890341061e+01 5.178394714462724835e+01 6.273056342572965605e+01 4.604066081811937750e+01 2.580494932402410768e+01 2.730715493457665843e+01 2.713309836692557298e+01 1.164428685483325054e+01 2.506434705033964860e+01 7.248349639318917070e+00 2.757999942699628448e+01 3.284109460373293388e+01 1.602934261730827004e+01 3.644804884680473833e+01 4.583533230482380105e+01 5.191396807691341309e+01 4.599732650359790398e+01 6.617502612736062417e+01 5.808961969159555849e+01 3.742009398545896914e+01 4.346482523782036367e+01 2.619160111253000522e+01 3.842688425573719257e+01 5.932356097573899234e+01 5.468597347644581674e+01 5.468615002014580284e+01 4.876649574636530815e+01 2.895077061924619599e+01 4.876635392507002109e+01 6.628865188654846463e+01 5.889762813887191584e+01 5.710577599056287568e+01 4.905092817815559414e+01
2.905961989428186391e-03 5.002905961989448258e+00 1.016688375693271595e+01 1.594038644882902389e+01 2.349967590901370329e+01 3.504668129280580757e+01 5.504668129277994382e+01 5.436411262216161333e+01 3.752256570850978790e+01 4.780115957815753802e+01 3.688344849940244075e+01 1.750561363842538043e+01 3.400691306601313357e+01 2.636756610718300564e+01 9.956598304553740064e+00 1.240763688414507371e+01 3.284286435489560319e+01 1.985469627054215636e+01 2.555844818098432825e+01 3.169505767605596347e+01 4.072637024705343123e+01 6.087801919928723748e+01 6.636061684284591422e+01 5.808779507900125338e+01 4.385697068923857955e+01 2.890578978173191871e+01 4.385669800526667927e+01 6.435799507237715034e+01 7.501488559004438628e+01 5.826117462538105229e+01 3.830102494495454835e+01 3.139669729907060258e+01 5.120467534596228631e+01 6.338262646199994066e+01 7.845516296396037603e+01 6.525970410899323326e+01 4.515216985472080324e+01
3.542675937824442140e-03 2.000354267593747082e+01 3.016688375693727764e+01 3.594038644883848832e+01 4.349967590900508441e+01 5.178394714462713466e+01 6.333095250866377768e+01 6.598306128781406699e+01 5.767659512969789404e+01 5.207623879062034433e+01 3.345801818616870804e+01 2.511369509897731689e+01 4.373813274514613170e+01 3.402716567506881518e+01 1.397776915266868158e+01 2.687877962725300307e+01 4.124174671151229177e+01 4.022543641434697292e+01 2.429926991223505084e+01 3.602855867252701216e+01 5.636686758521681639e+01 5.716411020289057632e+01 7.677438983722490207e+01 7.256444228317756995e+01 5.269118602369510995e+01 3.177176259651239931e+01 4.670603497811113414e+01 6.714061885079529191e+01 7.102241129340228554e+01 5.084322636343309654e+01 5.826117462538105229e+01 5.120467534596228631e+01 3.511883728541956629e+01 5.499488900089175303e+01 6.832621939648701925e+01 7.345895726046687457e+01 6.525970379535738175e+01
3.411803931810562015e-03 1.414554742766263473e+01 3.414554742766192419e+01 4.488048816868153779e+01 4.830875827339690431e+01 4.949219285688518966e+01 5.777735479092160631e+01 5.844438208530026202e+01 6.673127596795369243e+01 5.982817424368789005e+01 5.156850195770231693e+01 3.603774076568586082e+01 5.156329859015455241e+01 3.859617226496627040e+01 1.817150795829799748e+01 3.859625693501565280e+01 5.561313247815835581e+01 4.783460949011115559e+01 2.758500993970049819e+01 4.783660883391680585e+01 6.479450244543723159e+01 7.677438983722490207e+01 7.918579239596442676e+01 6.831941305569928602e+01 5.560835016149797383e+01 3.477974194375138239e+01 4.698214854578055366e+01 6.740356119011639180e+01 7.943292421704312289e+01 6.508340921046593053e+01 7.513981299124250768e+01 5.958353976462156965e+01 3.958208545471322282e+01 3.991069144998306939e+01 5.992060463446924956e+01 7.363054541262459907e+01 7.629914619715754043e+01
3.327314952832964925e-03 2.000332731495247884e+01 2.750563070229979346e+01 2.489283580001515617e+01 2.831893197942744322e+01 2.950080691974190117e+01 4.211754070245617498e+01 3.844816683563763604e+01 5.556517968583302292e+01 6.556530028269790478e+01 6.133904334503697697e+01 5.376025029239764308e+01 5.921004915145491054e+01 4.307858762529934893e+01 2.266884244378112712e+01 4.307858762529934893e+01 6.291135213896412637e+01 4.263058320592624995e+01 3.097745786991875860e+01 5.120246065026542226e+01 6.574075060432795681e+01 7.687791643814553311e+01 7.079852594754780171e+01 4.986491035061252575e+01 3.937022663653682031e+01 5.559867347821659678e+01 6.389068538020357124e+01 7.562167079328330033e+01 9.225681311034270493e+01 8.535086006528874236e+01 6.671431305913243648e+01 4.654545306542117800e+01 5.958353976462156965e+01 5.992060463446923535e+01 4.506550820133294621e+01 6.521109014503183232e+01 8.442716318060401193e+01
6.779948344387334673e-03 2.000677994834403250e+01 7.522335066905025514e+00 1.076549310639952317e+01 1.419277724785062311e+01 1.796771731370607483e+01 2.213160156434905446e+01 2.728819945378733891e+01 3.728068794048341061e+01 5.141964750154263442e+01 7.142070202813877700e+01 6.337794672098363691e+01 4.288156667082664342e+01 3.104157684918857285e+01 3.182183742305737439e+01 5.145667956611589489e+01 7.117250664708961949e+01 5.731117955643583173e+01 3.704864631718192669e+01 3.734488120634082975e+01 4.901547297529933900e+01 6.867687048808868155e+01 7.874988456956251071e+01 6.838319691737434880e+01 5.412587791915107260e+01 4.444597969966451245e+01 5.229326795247806103e+01 6.413356089820833006e+01 8.414666436387537374e+01 8.674371450259256733e+01 6.639657805475550845e+01 5.207695529911937626e+01 7.236396278094676404e+01 6.917803827486744694e+01 4.895047755895520680e+01 6.323398567957107019e+01 8.352825066589123537e+01
9.516927588586143695e-04 3.050899569058372673e+00 1.718367093373021603e+01 3.074708363879816631e+01 2.572571715795768554e+01 3.795016080460177221e+01 3.366684865873531152e+01 4.727925434099206825e+01 3.728068798214575708e+01 4.882464410210157979e+01 6.882589419016591137e+01 7.171083207380112867e+01 5.154450632228527240e+01 4.020350913073322374e+01 4.358705548757065884e+01 6.053742765380440716e+01 6.903078055097896026e+01 4.873201416449553136e+01 4.873194501339419560e+01 5.758510311497732204e+01 4.496720316027268183e+01 5.933890393522311513e+01 7.900540638566998553e+01 8.295521453299049597e+01 6.883928493523416137e+01 4.846979363242395067e+01 6.883928493523416137e+01 6.893906314035079674e+01 8.882987979139652168e+01 8.411444404055907853e+01 6.376201348552452686e+01 6.639888968903393618e+01 8.082376994190418884e+01 7.350246990578885686e+01 5.321907022940002463e+01 7.350246990578885686e+01 8.988242925456974319e+01
1.945935296826602993e-03 9.830790999537812880e+00 2.855241513950684151e+01 4.545096947709026125e+01 4.571413492421102376e+01 5.399840735956004067e+01 5.366140071373800424e+01 6.194757243322324314e+01 4.882464556834210612e+01 6.556835127014554132e+01 7.711980049661200098e+01 8.022516750396277985e+01 6.907262653754024484e+01 5.208468954875712598e+01 6.393099937626122653e+01 7.223145463856053539e+01 7.725396726241463341e+01 6.050272424247151548e+01 6.313399120679485321e+01 7.351779049839903735e+01 5.514885202115560503e+01 5.672471633715273498e+01 7.688586538769010303e+01 8.737300016826696947e+01 6.716603381279038842e+01 5.268450445147257710e+01 6.714237363000033554e+01 8.709008774453027968e+01 9.691324718247594205e+01 9.259464071993350842e+01 7.548958827349127887e+01 8.676492313998937789e+01 8.117294037791253913e+01 6.087875617153770946e+01 6.335725528269564677e+01 8.193268860894222883e+01 8.988243183962384819e+01
5.600688922766023682e-03 1.805128825202215737e+01 3.473443954873032880e+01 4.637650070901667476e+01 5.105563510163476337e+01 4.956374358603184049e+01 4.956374358603184049e+01 6.955778299359343464e+01 6.882743230566408954e+01 7.712604039201929140e+01 7.946787457007793876e+01 8.767173090408667235e+01 8.080118501916442142e+01 7.251553262062327576e+01 7.248721894398667587e+01 8.072865516599289037e+01 8.881061545764701748e+01 8.068032211330444170e+01 8.322925071294196186e+01 8.352307310274767360e+01 6.952019962158088617e+01 6.847033323776318525e+01 8.515750714459991855e+01 9.220864887294813173e+01 7.240484525754672518e+01 5.799311971424338452e+01 6.714237363000033554e+01 7.878852738941021983e+01 9.843023007873991048e+01 1.043953813126875758e+02 9.589621612235058024e+01 1.015167920848877969e+02 8.117291847056223730e+01 6.731013593367737258e+01 7.769624737527878722e+01 9.209193043753020902e+01 9.757438630990480988e+01
8.215197286175309616e-03 2.000821519728582132e+01 2.837860464287588869e+01 2.668555876903492319e+01 3.120517753152757123e+01 2.972914493600721642e+01 4.956374358603184049e+01 5.942574848786936315e+01 7.098404923837708225e+01 7.628463371750125077e+01 5.975094173537471676e+01 7.628463371750125077e+01 7.762173024096162521e+01 6.960573878394234271e+01 5.348028092916327836e+01 6.960573878394234271e+01 7.459792018551026160e+01 7.754836395848961672e+01 7.754836395848978725e+01 8.583511972298690296e+01 8.943628054552218032e+01 8.839817487539887964e+01 9.650020623476895310e+01 9.433280406118322503e+01 7.457817398147680876e+01 7.820321614150729772e+01 6.825074338765165294e+01 8.815568883868458272e+01 1.064886478702086094e+02 1.014930958180360250e+02 1.097481623385987319e+02 1.019579244748608460e+02 8.162995886840040782e+01 7.744073686997822392e+01 9.603305281267833493e+01 1.064876134997817871e+02 9.645754739489635199e+01
2.613274238814250559e-03 1.407313645071108077e+01 9.380259132259343602e+00 1.334310504910678929e+01 1.764633663521255258e+01 2.387069492734724818e+01 3.119668978784815394e+01 4.267211010600533427e+01 6.267800753007509940e+01 6.808497153340061914e+01 4.862616608198734269e+01 6.808497153340061914e+01 5.766172376960096813e+01 5.766172376960096813e+01 4.333301112795813026e+01 5.308629446666645180e+01 5.308629446666645180e+01 5.772463150101916796e+01 5.772463150101916796e+01 7.754836395848978725e+01 8.359152269696365067e+01 7.528315813320001837e+01 8.359152269696366488e+01 9.255636679984182535e+01 9.433280406171596155e+01 9.622832084457202484e+01 7.835697593139262551e+01 9.622832081172346363e+01 9.821688205397376237e+01 8.150664389331691950e+01 9.821688205980828457e+01 1.104338397781234704e+02 1.019581556133637292e+02 9.174363843678334263e+01 1.062015280508042423e+02 1.041121663250600449e+02 1.043599790929447977e+02
7.532853315450405325e-03 3.836095588179619931e+00 2.502358140751631055e+01 3.245290213530493872e+01 3.701924194415607872e+01 4.359396923489677533e+01 5.112759726690833872e+01 5.941687419645942470e+01 5.681959996875690422e+01 6.120535965103372433e+01 4.190129158352620209e+01 6.120535965103372433e+01 5.730767109124172975e+01 3.782060821660045491e+01 4.176976588150431269e+01 3.303954839403074573e+01 5.206846678220709634e+01 4.381211643658693333e+01 6.353086822626856645e+01 7.463452597951689427e+01 6.633167016606012112e+01 5.526702253890372418e+01 6.420704056641814361e+01 7.836515868368938698e+01 9.843652399746348181e+01 1.060024725750838428e+02 9.795440134520620745e+01 1.060024725750838428e+02 8.995376278138064663e+01 6.994777960338454648e+01 8.995376278138064663e+01 9.745493064641867420e+01 1.057049523987270589e+02 1.121730722359802570e+02 9.819997955828361569e+01 8.403449834843705446e+01 9.819997955828361569e+01
6.101047412966256744e-03 1.784572274188275642e+01 3.283741047031470117e+01 4.514797570788603309e+01 5.313045500041577185e+01 5.028436204417323552e+01 5.856572240415672326e+01 5.123117928601760696e+01 3.749926644468162351e+01 4.783675762106264528e+01 3.614041136429047896e+01 5.538503822781515851e+01 4.931869718973789674e+01 3.359943407106769797e+01 2.488116463725876315e+01 2.708032198543078906e+01 3.386518591732417605e+01 5.337875133419358775e+01 5.604906095445868175e+01 5.877181668775730827e+01 4.632981435308859375e+01 6.633167016606012112e+01 8.359152269696366488e+01 9.255636679984182535e+01 9.422103571448712955e+01 1.025411133987578438e+02 9.972851635131210912e+01 8.973895688072896348e+01 8.147252429183116362e+01 6.287892923720406202e+01 8.288044996898125305e+01 7.746672912163325009e+01 9.417674524378894318e+01 9.582362025748142287e+01 8.753645631735234645e+01 6.980373109974539148e+01 8.922029734498104858e+01
6.842009524227352091e-03 2.000683243763969799e+01 3.647525465774356945e+01 2.528432206935762494e+01 3.394603137735980880e+01 3.028420469054633912e+01 4.524070368207914328e+01 3.717719280264691406e+01 2.377330342645361583e+01 2.855334875196843214e+01 4.783675762106264528e+01 4.751161858364537238e+01 3.920497566825567759e+01 2.192726725366062013e+01 4.197131681038916895e+01 4.725163120777368420e+01 3.073500931684918669e+01 3.335439307921165408e+01 3.602012569762996463e+01 3.876372991392817369e+01 4.313730582896324250e+01 6.313585866595999363e+01 7.448027343500987740e+01 8.003429281871423484e+01 7.415795150538482972e+01 9.422103571448712955e+01 9.147111225557866021e+01 7.147393846711351273e+01 6.147989075191505037e+01 5.656968756870389115e+01 7.655540000048924298e+01 6.591783443351665994e+01 8.524049260494696512e+01 8.753645631735234645e+01 6.747773126629701324e+01 6.089736683352202817e+01 7.335279581179466390e+01
1.934550753332892102e-03 1.993809357124849768e+01 1.662499989493247554e+01 1.373980967202957437e+01 1.395417191486862407e+01 3.119386362390370948e+01 3.165167334440333846e+01 1.764100037806573695e+01 3.717719280232385870e+01 4.783675762036912715e+01 4.480901298912991138e+01 3.650296854092520249e+01 1.916635095701851910e+01 3.920497566054941530e+01 3.137225480053353621e+01 3.895168224835575188e+01 5.084342506112391646e+01 5.341913291819137299e+01 5.018726871537319312e+01 5.877181668775730827e+01 4.584199823595319145e+01 4.962148087226948689e+01 5.446669988754196368e+01 6.000899093093024561e+01 7.155734555240897521e+01 9.161401535189801848e+01 9.972844749557040700e+01 8.492233603732154279e+01 6.493055409559022451e+01 5.082264448329381423e+01 7.078601145870524647e+01 5.699002722701010271e+01 7.697185036615995557e+01 8.821171318708836395e+01 7.335279581179464969e+01 5.345801149547813225e+01 7.335279581179464969e+01
4.364784840791047053e-03 1.244712130732874344e+00 2.487451662735272073e+00 3.739900244905568716e+00 5.009901514907468822e+00 2.190729509851860257e+01 1.199028088000697778e+01 2.966457345854912120e+01 3.118607673315678852e+01 3.271793931444090475e+01 3.426327868540835908e+01 1.646939164414162704e+01 3.650296854092501775e+01 4.751161808481757731e+01 5.142362191179933717e+01 5.900188697071776289e+01 5.163314696988583563e+01 7.168171426734564022e+01 7.020067927787209783e+01 7.100925846800291197e+01 5.100185541625988606e+01 6.962626890585384842e+01 6.860827257732898943e+01 7.415795150538482972e+01 8.003429281871423484e+01 9.993436272627079120e+01 8.914758150657100089e+01 8.088168402972650028e+01 6.662335784289221863e+01 4.667516810873267019e+01 6.098115296371986460e+01 4.994794087759006374e+01 6.990720904467328012e+01 7.991704499673105033e+01 5.993273758450748545e+01 4.855073215724249280e+01 6.225990698324558537e+01
5.219006137575642711e-03 1.998867781176729608e+01 2.252588867309980714e+01 1.788391804640890115e+01 2.421344333454677411e+01 6.839458930170872364e+00 8.141348040665665309e+00 9.644640101181247260e+00 1.116083621458050779e+01 1.269027458381084728e+01 1.423330877785003779e+01 3.426327868540836619e+01 2.064053901314855821e+01 4.068080844737299628e+01 6.018924526959744270e+01 7.021086458256434071e+01 7.168171426734564022e+01 7.168171426734564022e+01 8.517955614772981221e+01 6.513972898619591945e+01 5.766214236217352607e+01 7.768281652091758360e+01 8.865653754388954155e+01 9.422103571448712955e+01 1.001063589401471035e+02 9.501539353212592687e+01 7.502730986719129191e+01 6.089169582186000440e+01 5.335579756924996531e+01 4.671844627392888327e+01 4.104483866531110436e+01 6.098115296371972249e+01 6.786989697584785119e+01 7.613830398729652416e+01 7.666128673212114109e+01 6.225983249359518368e+01 4.245950679375825842e+01
