LEM/sinusoidal_perturbations/elevation_000783.asc
nrows	100
cellsize	150.0
xllcorner	0
ncols	100
yllcorner	0
NODATA_value	-9999
[rows 34 to 50 of 100, columns 0 to 36 of 100]
2.064481644892168701e-03 1.414420010537596717e+01 3.414420010537666883e+01 5.056620545202601136e+01 4.228193377063448111e+01 3.228193376837611339e+01 4.228193376837646156e+01 6.228193377741138903e+01 6.583407616112026517e+01 4.582179736930324054e+01 3.582677472667884899e+01 2.986240628750747206e+01 4.984736617158193184e+01 4.370899406184846470e+01 2.778208749349045803e+01 3.081905416438003797e+01 3.426049572633962725e+01 3.833776207111311152e+01 4.279297828090052747e+01 4.800509658458455675e+01 5.464728901034226993e+01 6.353232305471838259e+01 7.765370135990998790e+01 9.773287849742865774e+01 9.616138744813537187e+01 9.616138744813537187e+01 1.045109675090638746e+02 9.036108782579185572e+01 6.989648050889803699e+01 6.989648050889803699e+01 7.256616561516084118e+01 6.743831018855107118e+01 8.610185822974813163e+01 8.195945167197967862e+01 6.208790310689429504e+01 5.211533647902457744e+01 4.548189674157734430e+01
2.905961989428186391e-03 1.414504158572050407e+01 3.414504158572120929e+01 3.411696796043498381e+01 2.228193376837575812e+01 4.228193377063448111e+01 6.056620569058564740e+01 7.056620605961768433e+01 7.414840134380334291e+01 6.413343446462589270e+01 4.513686595299187587e+01 2.525124269507675834e+01 3.979827623119540192e+01 2.376816753119318548e+01 4.370899406184846470e+01 5.095546272472584803e+01 4.855009703530046039e+01 4.998767747403768880e+01 6.279433377597234056e+01 6.208741231893561263e+01 6.427187232359436564e+01 8.290597548817027018e+01 9.186581112368200763e+01 9.029814909412678503e+01 7.608533067923292492e+01 7.608533067923292492e+01 9.616138744813537187e+01 9.874161369760979312e+01 9.036108782579185572e+01 9.036108782579185572e+01 9.301541936335706851e+01 8.194600995492841378e+01 9.630929159616547963e+01 9.023929534348540926e+01 8.028627516830384536e+01 7.201110309631107498e+01 6.534882168885543763e+01
3.542675937824442140e-03 2.000354267593747082e+01 2.681400052654464972e+01 1.411696795909835345e+01 3.411696796043498381e+01 4.589695984570707310e+01 4.589695984570707310e+01 6.589695990319430052e+01 6.584593198418137661e+01 5.753350437113210347e+01 4.954316749917535390e+01 3.175388719798867143e+01 1.995334367928870734e+01 3.979827623119540192e+01 4.370899406184846470e+01 6.376595398878935583e+01 6.856148393271239172e+01 6.996167033037671956e+01 7.826894732473451199e+01 8.207631750700271311e+01 8.427234313218234263e+01 9.260139914710738651e+01 9.536578290785261913e+01 7.530813761014637464e+01 6.199346969572242472e+01 8.196547156735837802e+01 9.421981580382464472e+01 1.053381169929662633e+02 9.699273804713834579e+01 9.805462759063813394e+01 1.064007488351391828e+02 1.023397870290911698e+02 9.549165710360263404e+01 8.402669315667426986e+01 7.513486130347601488e+01 6.683942032912597142e+01 5.858567284663681107e+01
3.411803931810562015e-03 3.384028822845884132e+00 6.814000525696076060e+00 1.215922536394461062e+01 1.882589203061139571e+01 2.589695984247699556e+01 4.003909546621007109e+01 6.003909547723096551e+01 5.753350437113210347e+01 3.751959387007669733e+01 4.338153253777516483e+01 3.760199342220946050e+01 1.780086985163955049e+01 3.760199342220946050e+01 4.544182738759705842e+01 5.123016482729234866e+01 5.792202681855978597e+01 6.623129820901004905e+01 7.625491484615614013e+01 8.388282219623971514e+01 7.542832429550034590e+01 8.388282219623971514e+01 8.274326299851311717e+01 7.442773101851189210e+01 5.537763050019271560e+01 6.588440836881048313e+01 8.588560201077531531e+01 9.373740329152560946e+01 7.692228777232314485e+01 7.797929206974733063e+01 9.479773784782885571e+01 1.064007448285793345e+02 8.721313630140659257e+01 6.740834551422302923e+01 5.590825192965946400e+01 4.698825449306529833e+01 4.218372874011570417e+01
3.327314952832964925e-03 2.000332731495247884e+01 1.836100590948838729e+01 3.215922536159035161e+01 2.848915698251909845e+01 4.589695984570707310e+01 5.418123168083468499e+01 5.177044677546537343e+01 4.345448378491680330e+01 4.338153253777495166e+01 2.348326032382791695e+01 3.274545866474074529e+01 1.567204816702597192e+01 2.044971143182691620e+01 2.549434104313795046e+01 3.117877575348157748e+01 3.784644084475757353e+01 4.790384566159494995e+01 6.794020797552460067e+01 7.376379540734686202e+01 5.526189235050162551e+01 7.376379540734686202e+01 7.120822485618900544e+01 5.448830538624866193e+01 4.963770281202938150e+01 6.370046041845716189e+01 8.368807028572634010e+01 8.477036870281015979e+01 6.538114805218613412e+01 6.643605945762277543e+01 7.797929206974733063e+01 9.805462757441183896e+01 8.825824837864331585e+01 6.845408443056021497e+01 5.696057273979813829e+01 6.689244010222104464e+01 6.206250415781399710e+01
6.779948344387334673e-03 2.000677994236973944e+01 3.836100587768408587e+01 4.664527238584826563e+01 4.848915698999616808e+01 5.677342903134258734e+01 5.808277971193864886e+01 4.344642929104824702e+01 2.343291060258022895e+01 2.929041485824365054e+01 3.028223521422752995e+01 1.292442971054731515e+01 3.274545848376320833e+01 4.029140849162857307e+01 4.544182738759705842e+01 5.123016482729234866e+01 5.792202681855978597e+01 6.623129820901004905e+01 7.625491484615614013e+01 6.533882277707022013e+01 4.550590239462219699e+01 6.519140499459962257e+01 5.738877466256498394e+01 4.298809179814079329e+01 5.707121289278963872e+01 7.702551802937658465e+01 7.858976963858528109e+01 7.027710897661779654e+01 5.644733781284430307e+01 6.538114805218613412e+01 7.692228777230442915e+01 9.699273641801954682e+01 9.654140860358550924e+01 8.507479726574223378e+01 6.845408443062179060e+01 7.992199046684129371e+01 6.007668978447865271e+01
9.516927588586143695e-04 1.414311505893515353e+01 3.414538118235025621e+01 3.430806907651709992e+01 4.257715336100180537e+01 3.877323067588828565e+01 3.806451885837213922e+01 3.613368667283356928e+01 2.777188030259147311e+01 9.308155428282947952e+00 1.029760688564363669e+01 1.147091725638488491e+01 3.146010971439947568e+01 4.142417226382017503e+01 4.897404743787229364e+01 5.727604430448385386e+01 6.277415288775083013e+01 5.446110701275210175e+01 5.847299897462161766e+01 5.860048086523705990e+01 3.894997876875416409e+01 5.216284565283739738e+01 3.743592391306621181e+01 5.738877466256498394e+01 7.120814110145722964e+01 7.303731898380203802e+01 6.473027144136796096e+01 5.027770180570090730e+01 7.027710897661779654e+01 8.477036316621824596e+01 9.373737014196166228e+01 1.053380427262473944e+02 1.022330762328877967e+02 9.654167467746218279e+01 8.825825451878537820e+01 8.817958807392419374e+01 7.153842976810587118e+01
1.945935296826602993e-03 2.000194593359358919e+01 2.184217002785961625e+01 1.431115825733465741e+01 2.370192197379572718e+01 1.876952377705222119e+01 2.556930629345479034e+01 1.806741168036676726e+01 7.914864252014353951e+00 2.789816221410532648e+01 3.028223531329912888e+01 3.146010977606393055e+01 1.313970898164802037e+01 3.312951693509344153e+01 2.896499361338604928e+01 4.897388954730641331e+01 5.120754633399914013e+01 3.444300624114661957e+01 3.845568459660541549e+01 4.574852376527976361e+01 3.294376711626996723e+01 3.217381198849472668e+01 5.216284563730906854e+01 5.414436694469527112e+01 5.608039766785117308e+01 5.956499437183878598e+01 4.472523938335300642e+01 6.473027144136796096e+01 7.858977896791358830e+01 8.971424149341586940e+01 8.732871180478294093e+01 8.582956916387591662e+01 8.214296393791343576e+01 1.022330762328877967e+02 9.829811699656710289e+01 7.832647815607263908e+01 6.426096214657528094e+01
5.600688922766023682e-03 9.242284034182961516e-01 1.843809710094437726e+00 2.766268858980691192e+00 3.693568366963162930e+00 4.630843859266736473e+00 5.572083268862884076e+00 6.525464674611807681e+00 2.651918364632578928e+01 2.203990772654563912e+01 4.204123964982834138e+01 4.142997207252825831e+01 3.313514290389959172e+01 1.482555675169886555e+01 3.482544379802401124e+01 4.922457984619888549e+01 4.092593714412640793e+01 2.288594332641252294e+01 2.430016411034240065e+01 2.572878254525461372e+01 2.716853507310210958e+01 4.719588185153332205e+01 5.143130738930678802e+01 3.411544900786574885e+01 3.605394004116019602e+01 3.954751030907218023e+01 5.956499437188517732e+01 6.440500077521210187e+01 6.137001692003335762e+01 7.014986001370186841e+01 6.729730702957945709e+01 6.580412968202338675e+01 8.222657788340093532e+01 8.708240231498317030e+01 9.541715963867838468e+01 9.250817317457605782e+01 8.408608831939140771e+01
8.215197286175309616e-03 2.000821509810281285e+01 2.184217002784271955e+01 2.275007240029861677e+01 1.076225310712603012e+01 2.462606614059934529e+01 2.556926984570053207e+01 9.265401759485005329e+00 2.973136076457758037e+01 4.204123964985880946e+01 5.034064348222141660e+01 4.751654643995458827e+01 2.757676395494835830e+01 1.603177961349967262e+01 3.603382055180428267e+01 3.904304344542702410e+01 2.091053122471083014e+01 4.092514656772913639e+01 4.431849860436921773e+01 4.574858555130568760e+01 4.719588516166585634e+01 2.951020086717241853e+01 3.140149605645480690e+01 5.143130792491809444e+01 5.608039766296472095e+01 3.942227880305317456e+01 4.187427588048644367e+01 4.440145114229107293e+01 4.723497430093076588e+01 5.015406234295826948e+01 5.316837476480007751e+01 5.763654441043671994e+01 6.221886797085413434e+01 6.706132528411451688e+01 8.119908739811810960e+01 1.012858280408761971e+02 9.763211963544479488e+01
2.613274238814250559e-03 1.154898392778170191e+01 3.151983089532153670e+01 3.070601356744918320e+01 3.072749241212645188e+01 2.489239790039081868e+01 3.429601036679205350e+01 1.312893692571506143e+01 2.827662802124096331e+01 4.855282262958881034e+01 6.096682213974131059e+01 5.570358899152427767e+01 4.248625882881420779e+01 2.269533602492748514e+01 1.778458554905216005e+01 1.902929554628474662e+01 3.904303856061618916e+01 2.777372932404720984e+01 4.779210108838322668e+01 6.365880965424474880e+01 5.684024625543126064e+01 4.319184187080447401e+01 3.468328081240561289e+01 5.513907119888570918e+01 6.774330863465168306e+01 5.357876091172872179e+01 5.342916715450225951e+01 6.440500077521210187e+01 5.334850123101733033e+01 7.014986001370195368e+01 7.316436965154393590e+01 6.046327659076847993e+01 8.046967256424720460e+01 8.708240231498317030e+01 7.557668792995481510e+01 9.563551308219992109e+01 9.925656793376285236e+01
7.532853315450405325e-03 1.998701290670476283e+01 3.958271860298435030e+01 5.039876717935755579e+01 4.462853582692513044e+01 4.468128417933695573e+01 2.737154013016020571e+01 3.431765652887049356e+01 2.223604426325911732e+01 3.269098732989685629e+01 5.261826763429255038e+01 5.386281416234809427e+01 3.417488398688590223e+01 4.249598237575843029e+01 3.778733864638793705e+01 2.274238663721596154e+01 4.248494583657668500e+01 4.779207361635415197e+01 3.534216955313971198e+01 5.535699587236083374e+01 6.804745734894554232e+01 5.779864562106622827e+01 3.847280343648378675e+01 5.260862554480603137e+01 7.259638350764856796e+01 7.359068264186234387e+01 6.756613066185893501e+01 8.001993528685191848e+01 6.000981984058971364e+01 8.001993528685191848e+01 8.602230452759521029e+01 6.600200526996339079e+01 8.602230452759521029e+01 1.023335229839835705e+02 8.223949329016136289e+01 1.023335229839835705e+02 1.075748808807458516e+02
6.101047412966256744e-03 1.155335905490815307e+01 2.570478695897269006e+01 4.586493439485796131e+01 6.364820717670093586e+01 4.849175294265862846e+01 4.134643610605576924e+01 5.094652824822551906e+01 3.269098732989685629e+01 4.265462748209465360e+01 6.096682213974986553e+01 6.210700628321550454e+01 4.553881722408304711e+01 5.388605769074756324e+01 3.413909369878084732e+01 4.248521535837733154e+01 2.902902389988737042e+01 4.870827202307211223e+01 5.535699587236083374e+01 4.429569686187893041e+01 6.430577475108891861e+01 6.254011935173939918e+01 4.256590067796148702e+01 6.254011935173940628e+01 7.775456852820582299e+01 8.609622329811487873e+01 8.760502370839778052e+01 8.834493418244029783e+01 6.999932843284128126e+01 8.834493418244029783e+01 9.435574408379032718e+01 7.753949872395283194e+01 7.753949872395283194e+01 9.761003275074104124e+01 9.119886225752524922e+01 1.106873004329286658e+02 1.095091893574005297e+02
6.842009524227352091e-03 2.000684200952387215e+01 3.319131573553350734e+01 4.229834829743451508e+01 5.386287457552764124e+01 6.674660551436895162e+01 6.113332653641267456e+01 6.096682213974687414e+01 5.261826763429255038e+01 6.096682213974687414e+01 7.104441889638633256e+01 7.353736592640926517e+01 6.523360544104194503e+01 6.219358023964287696e+01 4.546053342273873454e+01 5.334569443882924134e+01 3.367077741731814911e+01 5.334569443882859474e+01 7.138122129476261080e+01 5.136883637002172520e+01 7.138122129476276712e+01 6.919314360246271178e+01 4.923407084772310327e+01 5.072711851382578629e+01 5.777262430123290926e+01 7.187100782482940531e+01 9.195874057334249585e+01 9.837847913553500234e+01 9.004054214086252728e+01 9.837847913553500234e+01 1.059572372599674424e+02 9.761003275074104124e+01 8.910347392568584723e+01 1.059572372599674424e+02 1.028083587497482796e+02 1.197002216383789630e+02 1.178914330544434392e+02
1.934550753332892102e-03 5.883389888839828608e+00 1.216016572970172760e+01 2.117703917352061183e+01 3.675547819880919320e+01 6.234781533469886483e+01 6.269546978356593314e+01 5.441766619929408222e+01 6.092599440089140472e+01 6.518391668268633055e+01 6.737012515283032599e+01 7.565160806862512288e+01 7.997655923718700421e+01 7.373767491177378020e+01 6.539555522643736651e+01 4.967537863981500834e+01 4.235797169012591468e+01 4.407419453947567689e+01 6.399244961554867217e+01 6.136494277136635844e+01 7.969627808443317463e+01 7.674297927425017463e+01 5.676799164405950648e+01 7.068988439611385388e+01 7.068988439611385388e+01 7.406606664758973579e+01 9.416651981224336510e+01 1.034225343099203087e+02 9.524310516999344145e+01 9.265759150819388879e+01 9.970313286906255712e+01 1.078665611034899285e+02 1.092302082045531932e+02 1.175846140097472272e+02 1.229983491045934301e+02 1.313538831925451404e+02 1.326860454558125468e+02
4.364784840791047053e-03 2.000436478484043690e+01 3.319131573553350734e+01 4.172768050848612376e+01 4.897389872926933663e+01 5.676175770745793159e+01 4.886114599989823404e+01 3.444928204915650838e+01 4.095647686645965280e+01 4.521249090805225279e+01 4.739681547060016698e+01 6.365931676200840883e+01 5.999210020045900649e+01 7.997655923718700421e+01 7.802656658615279639e+01 6.967672693931808681e+01 5.217308986809464955e+01 5.392304052755522292e+01 7.234236458924623037e+01 7.551679397681574812e+01 8.972201767631706559e+01 8.508250291561614631e+01 7.674297925958099142e+01 7.305587162444943772e+01 9.075918943426708552e+01 9.416651981224336510e+01 9.638135143043274411e+01 8.817723375221146398e+01 7.525780279196986555e+01 7.263806138639729681e+01 7.977533257546008372e+01 8.980832699184927037e+01 1.038418761325200279e+02 1.234943031742742221e+02 1.267083054421297135e+02 1.183716588137386907e+02 1.124424457295394006e+02
5.219006137575642711e-03 2.000521900613722082e+01 3.465652456377751633e+01 3.674749869703039451e+01 4.707337606891069015e+01 4.579894640631469827e+01 2.926283838981419905e+01 2.291172973234379384e+01 2.683533757927931163e+01 3.109688922960564383e+01 3.663466494192404355e+01 4.369010252990638321e+01 5.780654363487938241e+01 7.778916102301607793e+01 8.979576393825925607e+01 8.065293186771060618e+01 6.637929191672029106e+01 6.814619504626405444e+01 8.241622742599876972e+01 9.559477960386367101e+01 9.097627405398661438e+01 8.272234171112781098e+01 9.097627311728994925e+01 9.314872694257563523e+01 1.015111867813550077e+02 9.638136337913287832e+01 8.484132834837009796e+01 6.811418325952509178e+01 6.359232094459045470e+01 7.786047650571765644e+01 9.781351256494458823e+01 1.078665611034899285e+02 1.177429372889217376e+02 1.257379444477312376e+02 1.150204045742917316e+02 9.807891215169392751e+01 9.807891215169392751e+01
