LEM/sinusoidal_perturbations/elevation_000259.asc
nrows	100
cellsize	150.0
xllcorner	0
ncols	100
yllcorner	0
NODATA_value	-9999
[rows 34 to 50 of 100, columns 37 to 73 of 100]
1.037230055951791741e+02 1.122490401772702455e+02 1.148221233235233285e+02 1.231444753922138062e+02 1.092587434708251379e+02 9.515960159601463886e+01 9.821552193830119393e+01 8.006742076431027044e+01 9.821552193830119393e+01 9.987857619667418874e+01 8.663474538129263181e+01 6.700162911493981710e+01 5.577065648394814446e+01 7.172683302265009786e+01 7.990474147018629480e+01 8.957332074733081129e+01 7.971471456952842516e+01 6.746714196530123786e+01 4.775466436008316862e+01 6.394728642590025913e+01 4.495164412022692346e+01 4.548516963970661209e+01 6.270329290756462370e+01 6.624190418492180754e+01 4.762378943596610270e+01 4.822107623259362441e+01 4.882038463886918578e+01 6.850920285068528415e+01 6.357413176707716929e+01 8.324702604553553442e+01 9.408467981975708483e+01 7.597525331018080408e+01 9.408467981976181704e+01 1.049657760309924868e+02 1.132324013361670154e+02 1.213446007943283860e+02 1.132768824892120847e+02
8.388440710900438546e+01 1.037230055951791741e+02 1.143946423367060561e+02 1.059354756572596017e+02 1.143946423367060561e+02 1.150733565533458034e+02 1.081410480521791158e+02 9.987575965301763858e+01 1.081410480521791158e+02 9.166774001528020221e+01 7.205498322729263805e+01 6.088825336403831301e+01 5.964520694111265442e+01 7.090061781296061838e+01 9.056827727337567069e+01 8.135529300536110497e+01 6.168897162184538985e+01 5.186483728012162686e+01 5.306639216618843591e+01 7.271723359480459692e+01 6.591664555305450790e+01 5.379518025874986620e+01 7.054753443943870650e+01 5.569802581843397604e+01 6.772441667223772299e+01 6.792413144061772812e+01 6.122415372940746892e+01 4.967092446420942053e+01 6.933600658440768427e+01 7.835290696452341308e+01 7.567142759940999497e+01 6.547916896171115297e+01 8.586351047336546571e+01 8.516156919331804431e+01 1.017725321019508868e+02 1.101086990336335987e+02 9.382237468058686147e+01
7.547845423792337272e+01 9.536715227391573535e+01 1.042456159394342308e+02 8.568886078489718727e+01 1.042456159394342308e+02 1.232289354090113562e+02 1.123958528379101125e+02 1.043399206294349426e+02 9.756578763389944697e+01 8.585879861295448734e+01 6.646145222377025163e+01 8.034430960418494294e+01 6.388261154767806715e+01 8.349234301943660341e+01 9.879275308175839143e+01 8.957332074733081129e+01 7.458849205636116153e+01 5.495420966681977148e+01 5.874416964026074339e+01 7.839163553405681739e+01 8.171826118673124029e+01 6.676734581626797649e+01 7.943747296653646117e+01 6.156407453976724042e+01 8.044600297086321916e+01 8.154384556315602595e+01 6.208351759297872974e+01 6.933614226998489016e+01 5.052429158629759343e+01 7.016616915759232143e+01 5.539841117163755513e+01 7.550777143283742987e+01 8.216421775051334464e+01 7.385505353444644072e+01 9.353181188217403985e+01 1.020448171689506722e+02 8.246487233025032992e+01
8.948214550577600335e+01 9.477816391954702624e+01 8.638982623654749204e+01 7.533083228438880496e+01 9.259528865825626553e+01 1.149864078924138369e+02 9.809413249494761544e+01 8.554696946456898843e+01 7.850893004717580936e+01 7.238317233436467291e+01 8.585879861295448734e+01 8.799946529134847140e+01 6.835337478190318450e+01 8.799946529134847140e+01 1.042870723525901724e+02 8.911467939813179839e+01 6.940025809852939176e+01 5.809789894198593885e+01 7.773255295388861441e+01 6.750100246873870447e+01 8.720234147057925611e+01 8.794112322223294598e+01 8.675019208528668457e+01 6.795045310772526648e+01 8.675019208528668457e+01 8.173633473374759717e+01 8.173633446781951761e+01 7.744275883403906846e+01 6.499461972299330625e+01 5.137611483801730827e+01 5.198641670111068436e+01 6.863114407452795263e+01 6.260224331276493359e+01 7.832701369051476092e+01 8.654815716915420865e+01 9.639257395726575339e+01 7.669652258339948503e+01
8.118359967970631885e+01 8.638982623654749204e+01 6.612109392460070012e+01 8.638982623654749204e+01 1.042456159394342308e+02 1.184721633963782637e+02 1.095703772318060345e+02 1.043399206294349426e+02 9.756116774421215609e+01 7.834509143834932843e+01 9.788766337796104722e+01 9.621806544395336402e+01 7.965623770358384093e+01 7.633521248686444949e+01 9.604660937260796061e+01 9.735262940329366188e+01 8.110302162171497287e+01 6.144998095653591008e+01 8.110302162171497287e+01 8.140087118479601713e+01 7.883858177135793710e+01 9.862744969086327274e+01 9.465771306973609001e+01 7.734501662774999886e+01 9.465771306973609001e+01 1.016467880438419655e+02 8.884739413710923372e+01 7.564869401260055781e+01 5.607670831020922719e+01 7.099763525113309015e+01 7.159527202399304713e+01 5.284990870961820519e+01 7.221086877386255765e+01 5.732047275960626109e+01 7.832701390420844234e+01 8.482268618598081389e+01 7.153093632712855765e+01
7.060251889743732079e+01 7.402498752537037774e+01 6.088093784389693042e+01 8.105929127461872952e+01 8.711187786949807332e+01 1.017703441844699057e+02 1.142413956526859522e+02 1.117868331375355240e+02 9.213043875781926317e+01 8.958973316282769872e+01 1.060690953349844250e+02 1.076440364304516066e+02 9.939652612579108393e+01 8.286664876083167997e+01 1.026365896784960512e+02 9.864256599046774454e+01 7.884254035090893353e+01 6.495791066628798660e+01 8.463759776728116435e+01 1.012083297162210584e+02 9.022770602249259753e+01 1.068893273503546339e+02 1.041263411641641596e+02 9.615536754282346976e+01 1.041263411641641596e+02 9.453264606735531572e+01 8.062825114561917417e+01 6.102371510837945578e+01 7.564869401260055781e+01 8.384885084177638248e+01 7.441276300832896595e+01 5.955246939771974013e+01 5.371292627100783790e+01 7.461470870308657766e+01 6.131524495877913949e+01 6.429341264311472059e+01 6.826050009456220380e+01
5.063065077014197612e+01 5.400561850055523649e+01 5.920165262540480455e+01 6.552722277283729113e+01 7.293652458212490330e+01 8.431942255477869708e+01 1.053175109666323976e+02 1.200077519122742444e+02 1.117868331375355240e+02 1.092228468506636716e+02 1.174381734911819848e+02 1.225462926453721622e+02 1.026365896784960512e+02 9.270948079111040840e+01 1.108929302496988782e+02 9.984701852021240143e+01 8.006316278492241167e+01 6.872187764788023401e+01 8.843089760594816084e+01 1.072730189506925456e+02 1.101017129271352815e+02 1.183841457240741306e+02 1.139101953320017202e+02 1.056286288080367370e+02 9.857640647488206298e+01 8.629084808380126503e+01 6.655872215976613404e+01 7.327051594434932724e+01 8.884739412605220821e+01 9.268389383630385225e+01 7.382698733815502123e+01 5.459958463545804364e+01 7.349904058214161751e+01 8.285566854333693243e+01 8.212689983433142515e+01 7.305684324014492859e+01 8.837920421392098547e+01
7.060251889743732079e+01 7.402498752537037774e+01 7.924463129618938240e+01 7.554618351454476510e+01 9.302327917489975562e+01 1.017703441844699057e+02 1.079413427878878480e+02 1.160823036513792772e+02 1.142125626021590961e+02 1.060616469373423172e+02 1.035233684558289013e+02 1.116668217140902755e+02 1.208377889823481297e+02 1.125636985658816229e+02 1.208377889823481297e+02 1.080527772447029520e+02 9.352569864143472955e+01 7.378229357352856255e+01 7.921834270799818967e+01 9.060783799359920465e+01 1.104874824746541719e+02 1.156051795861223326e+02 9.565207802995115571e+01 8.568193187120114374e+01 7.862061611655667548e+01 7.294246862683236543e+01 7.129602973197803806e+01 9.112935115727199786e+01 1.003888673803026137e+02 8.444829779117289092e+01 6.546290399551055827e+01 5.522428313080513362e+01 6.774816142766881910e+01 8.621656012269359337e+01 1.008409474022642911e+02 8.466727900413498276e+01 1.010575092521542473e+02
5.640832742133704159e+01 7.623188662210505129e+01 9.342821469055004968e+01 9.570112661203307880e+01 1.041521794415704392e+02 1.047894090472391611e+02 8.842047415220655182e+01 1.047894090472391611e+02 1.060616469373423172e+02 8.652356107084067105e+01 8.399062528776254055e+01 9.962770410613174477e+01 1.077614570871899673e+02 1.190700024392588006e+02 1.201828451617328142e+02 1.002409713491412617e+02 8.623496742571668960e+01 8.072703666191675609e+01 9.900996438212301598e+01 1.072730189506925456e+02 1.187702931053164406e+02 1.156051795861223468e+02 1.139101953320017202e+02 9.857640647488207719e+01 8.915311180151449832e+01 8.696334063514143509e+01 9.518832467336191883e+01 1.041022547616263978e+02 1.022333518401313341e+02 9.137540522684160749e+01 7.505809026123634453e+01 5.584769265869957167e+01 7.375037627306902266e+01 8.582802412412308968e+01 9.500486012450618034e+01 1.042623028388972557e+02 1.123650954798551425e+02
7.040494181477940572e+01 6.525605222297382113e+01 7.668705937065764999e+01 9.659911269845520110e+01 1.092025118492240239e+02 9.667088038052949628e+01 7.716180305867597156e+01 9.667088038052949628e+01 9.323620432671681613e+01 8.512587306446907576e+01 7.274649647360007521e+01 8.009790513421205560e+01 9.136983659365674271e+01 1.109081609092587541e+02 1.177131803899094820e+02 1.143569997088082033e+02 1.060818109592705980e+02 9.470020454364077978e+01 9.321715690134163879e+01 1.072647857969408847e+02 1.272479664289028847e+02 1.356141153248841817e+02 1.268349063658988456e+02 1.173965463519906933e+02 1.091121633780387867e+02 1.069239616499271790e+02 1.108957567987761905e+02 1.086963038309538803e+02 9.393224785906997454e+01 7.340239466116284461e+01 6.257101623715512773e+01 5.646813499862524566e+01 7.566261010580049629e+01 6.829782548551288812e+01 8.443183594678211534e+01 9.216523452444553755e+01 1.005094583313327803e+02
9.029937580314989987e+01 7.515351327989675667e+01 9.342821469055004968e+01 1.049471602565199504e+02 1.010496673652126987e+02 8.152601211316692797e+01 7.027784715457096354e+01 8.181329635463866623e+01 7.910979324082508413e+01 6.563154640908106785e+01 7.940911550487585657e+01 9.892734669763855493e+01 1.077614570871899673e+02 1.120683314139395037e+02 9.824472226457714896e+01 1.079789513272533270e+02 1.161171727987137388e+02 1.146094932902935142e+02 1.131177238943635643e+02 1.214036139477029366e+02 1.255972522912544633e+02 1.337008418873146525e+02 1.348686794247343244e+02 1.147968622565517052e+02 1.147968622565517052e+02 1.108957567987761905e+02 9.091549700467804485e+01 8.873558330664754124e+01 8.928163246284769627e+01 7.829962444481969897e+01 5.902872227121134330e+01 7.521391072602985162e+01 5.738738485569513159e+01 5.802918754391328093e+01 7.666340893112483457e+01 7.241446995250591101e+01 9.219702984007889768e+01
1.034229807730048378e+02 9.506679280043003644e+01 1.034229807730048378e+02 1.027272986107713564e+02 9.460685627949897025e+01 9.560282856239069815e+01 7.610148509540722728e+01 6.227482347991654876e+01 5.953516608997801995e+01 7.910979324082508413e+01 9.323619242033018395e+01 1.049797484593459558e+02 1.120970483560949305e+02 1.023430490774280770e+02 8.456107905801648883e+01 8.856892536188082943e+01 1.079789513272533270e+02 1.212261598969239600e+02 1.265260234364226903e+02 1.226007224998439256e+02 1.065112133040364881e+02 1.226007224998439256e+02 1.315174842126563703e+02 1.147968622565517052e+02 9.484371733822463568e+01 1.021773853714860394e+02 9.458194299084736656e+01 7.479284734349401731e+01 8.103449482414397664e+01 6.159924881791472018e+01 7.252652086815372456e+01 8.460577846456801865e+01 7.659060586287883154e+01 7.724718558030741633e+01 5.891784161265835706e+01 7.818165134962785601e+01 8.599950866303638009e+01
9.207521928351501117e+01 1.111652376748395739e+02 9.651515924887496567e+01 8.839754706081127722e+01 7.505408534192059733e+01 9.142975660212113098e+01 8.990709563060816834e+01 7.511413920119004217e+01 5.544231060481284601e+01 7.511413920119004217e+01 7.732180662989883047e+01 9.684669403496339157e+01 1.039727584687568083e+02 8.453590633300137824e+01 7.480169725268044090e+01 8.241203377909722860e+01 9.362295184979883800e+01 1.130669730546164260e+02 1.073762198232614651e+02 1.145779225442204421e+02 9.559315089710662505e+01 1.145779225442204421e+02 1.231855278984608049e+02 1.031732018675149618e+02 9.170270859525531648e+01 8.233528769808347647e+01 9.157133803880375922e+01 8.400422643277659063e+01 6.441718154567726629e+01 6.730427004685463999e+01 8.696054039770741895e+01 1.005282448136911739e+02 8.833725412681501155e+01 7.050744611207129253e+01 5.953723861753295665e+01 7.884640205799136936e+01 6.635187398935707392e+01
9.207521921954864297e+01 1.024298495270055440e+02 8.839754706081127722e+01 6.875115706735863341e+01 6.361246985717421154e+01 7.783165554437961475e+01 8.595471237911147000e+01 7.214843773816012629e+01 5.241584810141599604e+01 6.132511500964046292e+01 8.090469031817197276e+01 8.968663178385045853e+01 1.001926647092404892e+02 8.810263515591448424e+01 6.852321229405407621e+01 8.810263515591456951e+01 1.015648343707195238e+02 1.099575723986161506e+02 9.394569058761824465e+01 1.078657921587443127e+02 8.885052845338752547e+01 1.078657921587443127e+02 1.202101302285420701e+02 1.116314060773835308e+02 9.170270859525531648e+01 7.774490836604941535e+01 7.183833626959595620e+01 6.749037466874784741e+01 8.400422643277659063e+01 7.465213498114589186e+01 8.695978963142952978e+01 1.068775803733009866e+02 9.010351662822645835e+01 7.045219401532639836e+01 7.884640204589808832e+01 6.040524720696674166e+01 7.827030693971055086e+01
7.502631458083345706e+01 9.435516886680711934e+01 8.839754706081127722e+01 6.875115706735863341e+01 5.466115330414299223e+01 5.803829713224191522e+01 7.355686017038361513e+01 6.938516003479843164e+01 4.961901734171978973e+01 6.554546447539162557e+01 6.194367430705706568e+01 8.157159404685711479e+01 8.636238774641556404e+01 7.253211078175480964e+01 6.402856857340637475e+01 7.397672200823870980e+01 9.347236420772344445e+01 1.013995642186189201e+02 8.289477431547247477e+01 1.013981612716851117e+02 8.305242733492006835e+01 9.312512164740618914e+01 1.121950258517679515e+02 1.116314060773835308e+02 9.170270859525531648e+01 9.097658744270786713e+01 7.122852154005504133e+01 8.717701596021549904e+01 9.545361813239708226e+01 9.443510327564870011e+01 8.710877898394942065e+01 1.070324234579200180e+02 9.855441707777188753e+01 8.170222813887011171e+01 8.804137707885053032e+01 7.979655853992102266e+01 6.128608378282105917e+01
7.857322542905949092e+01 9.285826482460001330e+01 8.595250182637109049e+01 7.783378513381165931e+01 6.640405066869196560e+01 4.650129946064780739e+01 5.376827940619123325e+01 6.079038754434615299e+01 6.201019902208864920e+01 4.576175110130070323e+01 6.552476634208335327e+01 8.070706542877935874e+01 7.330257306048869737e+01 5.842482355678919248e+01 7.826186263839302626e+01 9.181096370478815061e+01 1.015648343706893257e+02 9.345183587670940994e+01 7.421372056999247491e+01 9.056263127731892837e+01 7.745548079460137103e+01 8.857317141345710354e+01 1.076256663165586929e+02 1.199459794008272837e+02 1.116314060773835308e+02 9.627092326048473581e+01 7.646133253983774125e+01 7.571897603971666513e+01 9.551702829452241872e+01 1.085820517389151547e+02 1.070324234579200180e+02 1.070205883243845051e+02 1.106105243862716208e+02 1.018278205631576725e+02 9.687815282776180936e+01 8.556296198544691833e+01 7.393163024891610746e+01
6.530941111879917571e+01 8.479462827219052201e+01 7.783378513381165931e+01 5.805177722101507953e+01 6.384404260879065163e+01 5.791092094558432990e+01 3.967916235214145360e+01 4.090023934411392759e+01 4.212204600117268427e+01 4.351049182064888043e+01 6.038811644630705189e+01 6.847461682087555346e+01 5.337296020364475169e+01 7.330257306048869737e+01 8.635735160235100238e+01 8.949658144501940171e+01 9.065294458577413650e+01 8.270133695012566477e+01 6.763993552096083306e+01 7.126333342777650159e+01 9.056270199281681244e+01 1.045742241459145703e+02 1.156303762885855662e+02 1.193807380385198655e+02 9.930101488651501995e+01 8.525594281524840312e+01 9.041813135723089090e+01 9.551903175539915480e+01 8.040696907528696613e+01 9.439912885536564602e+01 1.144310316968275174e+02 1.269765335666337336e+02 1.139456426332214392e+02 1.025097692158578582e+02 8.359174666885151339e+01 7.013713306285586668e+01 6.643770996795372241e+01
