LEM/sinusoidal_perturbations/elevation_000051.asc
nrows	100
cellsize	150.0
xllcorner	0
ncols	100
yllcorner	0
NODATA_value	-9999
[rows 0 to 16 of 100, columns 0 to 36 of 100]
8.271705653423140972e-03 1.415040732965416836e+01 3.415040826944481012e+01 4.762499343162756560e+01 3.934072369593485519e+01 4.566527902113234205e+01 5.273634684140453288e+01 5.273634684140453288e+01 7.273634722291220100e+01 7.655658165830516282e+01 7.488734191417981378e+01 6.646803353434819428e+01 6.911220169802348323e+01 7.752756410269233811e+01 8.088503084970403734e+01 7.264525445550681582e+01 7.007788900198103477e+01 7.831082191981889196e+01 8.399316954550181435e+01 8.546782747884878972e+01 7.714673974071433804e+01 8.546782747884878972e+01 8.768104857966338272e+01 7.933528753333116867e+01 8.768104857966338272e+01 9.993097905911167800e+01 8.878813104270501810e+01 8.033685572901819683e+01 7.265505536441987999e+01 7.725190550883620233e+01 7.018176457935810220e+01 7.454413266119959758e+01 8.368167493672331148e+01 7.948309617122650650e+01 8.809230882530046358e+01 8.756724987246631997e+01 9.045766470150137195e+01
7.813061968023241044e-03 2.000781267213718095e+01 2.749607807636897050e+01 3.149607827787243508e+01 1.934072368542479836e+01 2.566527900576166843e+01 3.273634681762739262e+01 4.687848244139146203e+01 6.687848252245869674e+01 5.596855087246078853e+01 5.596855087246078853e+01 4.571660041431537280e+01 4.842930902790158143e+01 6.911220169802348323e+01 7.264525445550681582e+01 5.307203297977558520e+01 5.055249379007128852e+01 6.425657339095378973e+01 6.425657339095378973e+01 7.564858984433716671e+01 5.769482940906726043e+01 7.564858984433716671e+01 7.424010088388004647e+01 5.947873865089032819e+01 7.771002628178331406e+01 9.024778806260239605e+01 7.504338898601055519e+01 6.314888128477694096e+01 5.394777355795469731e+01 6.254639617778502725e+01 5.182034866769908632e+01 5.444163049573428026e+01 6.523855251658153520e+01 5.911597832169555033e+01 7.031635616175471171e+01 6.697685205471508141e+01 6.978440779412241568e+01
2.526786264046545528e-03 3.716433549805076453e+00 7.496078279897332663e+00 1.149607827989729891e+01 1.966104408917441759e+01 3.966104408601699305e+01 5.273634684140453288e+01 6.102062075449615719e+01 5.888663108303414617e+01 5.032151114308566520e+01 3.476816324156416727e+01 3.344777746462479939e+01 4.842930902790158143e+01 6.911220169802348323e+01 7.151065012404954757e+01 5.209567147567270951e+01 3.982834186942813659e+01 4.502849916385734730e+01 6.425657339095378973e+01 6.742078457489084542e+01 4.791315210700880556e+01 6.742078457489084542e+01 5.448618991146373958e+01 4.940086166619484942e+01 6.153215913794333858e+01 8.262156891495085631e+01 7.656014257166239645e+01 6.830309230946235743e+01 6.291691990488797614e+01 4.363178557252874157e+01 4.052870094599224160e+01 4.284464737753659591e+01 4.523134694111313081e+01 4.769643387988377725e+01 5.025004783645876216e+01 5.288213360931381857e+01 5.563221346380870358e+01
4.163169627051843593e-04 2.000041631696235100e+01 2.749607827628110712e+01 2.563821390362654284e+01 3.149607827802892501e+01 3.380317971290131140e+01 5.380317970213511103e+01 5.888608428254649851e+01 4.668939053152597296e+01 2.900961549621438351e+01 2.412257879844685959e+01 4.536835705701245303e+01 6.201908588772915465e+01 6.920188836900193508e+01 6.248196614199035537e+01 5.209567147567270240e+01 3.367465436519923117e+01 5.209567147567270240e+01 5.931488246985745150e+01 6.091824035354660793e+01 4.125443098506452344e+01 5.261986514997737885e+01 4.031905421880176021e+01 6.027197648032912269e+01 7.771002628178331406e+01 7.910228661943477846e+01 6.830309231839369488e+01 4.849198721353152308e+01 5.429452555026407623e+01 3.732563518856812124e+01 5.716912502260354501e+01 6.284594786677263301e+01 5.665846951440499879e+01 6.772413519818302063e+01 6.430889161729508885e+01 6.697685205471508141e+01 6.845678843184717266e+01
5.883922493566802643e-03 2.000588392249321146e+01 3.584492434151501783e+01 4.563821389725333688e+01 5.149607824646085419e+01 5.380317970213511103e+01 6.208745022973425876e+01 5.032134716584084089e+01 2.900961440495103716e+01 1.692361281840664233e+01 3.801708245442456047e+01 5.022977068389150190e+01 3.718449293600543371e+01 5.086999201313498276e+01 4.493137972413106240e+01 4.727474771438337342e+01 2.960424080573232786e+01 4.186554266558279380e+01 3.921230368255150722e+01 5.850530929129553925e+01 4.919883410926230738e+01 3.267837692346207490e+01 5.261986514997737885e+01 6.651531075893015554e+01 7.413476911836264094e+01 6.988435726266324366e+01 5.134627512000067640e+01 5.152554226859611219e+01 3.439419812243446017e+01 5.429222019555542289e+01 5.137332218370382009e+01 7.116225572419487833e+01 7.695916386516641694e+01 8.555579624441052999e+01 8.481965854046481468e+01 8.756724987246631997e+01 8.806227330107769546e+01
1.256007409845548732e-03 7.560545467594442570e+00 1.756054546787268933e+01 3.170268140784533983e+01 5.170272134551527898e+01 5.584082043963874042e+01 4.879731476109900257e+01 3.690732922718169107e+01 2.824265401282806209e+01 1.292742567211530691e+01 3.384905795099646753e+01 3.111663916310993017e+01 2.014756086561433079e+01 4.012479223488742264e+01 4.721928681876097045e+01 2.955582399900029955e+01 3.682886260503548925e+01 2.378011823397336855e+01 3.633178837947119888e+01 5.443634088271173255e+01 4.878793148009063430e+01 2.894172656282357181e+01 4.870651063611602183e+01 4.753655539724513801e+01 6.651531075892974343e+01 6.151637862902369847e+01 4.303780933733568759e+01 3.157763797208593104e+01 5.152554226859611219e+01 6.252367069095473795e+01 7.116201747903484431e+01 7.942636276001171325e+01 9.407668075913922223e+01 8.589485697049110513e+01 9.407668068640376191e+01 9.032020798016361596e+01 8.440116168409450381e+01
9.594114293757748102e-03 2.000959411403011146e+01 3.584455037927558152e+01 4.584498320422770945e+01 5.326926806091423572e+01 3.653529486943416060e+01 3.443817861258250446e+01 2.054226983231806258e+01 7.493879339139926543e+00 2.759886441530738921e+01 2.905822223190392606e+01 1.054833023018979610e+01 1.135324150437121205e+01 3.120886870673658464e+01 3.310839342864615986e+01 2.944068309193463051e+01 1.844806210173867811e+01 3.540798128004436052e+01 3.680529237941161824e+01 3.775257730870016104e+01 4.071407959942608557e+01 2.539239319370514991e+01 3.358522235460796423e+01 5.309530276473859800e+01 5.807371323286729847e+01 5.465900386109341014e+01 4.643485694922176776e+01 2.966381691792521735e+01 4.983352762011877957e+01 6.582276751304293327e+01 6.736056003692719685e+01 6.949568937549371128e+01 7.772338466739414287e+01 6.602175488985160712e+01 8.415776594945931777e+01 7.016283176240317232e+01 6.426512240523425135e+01
7.711341127313004785e-03 1.460084259892971126e+01 3.562896960204971464e+01 3.247625657924446330e+01 4.036701347928580219e+01 2.529919182642336395e+01 1.686634242201553491e+01 6.393986841940257015e+00 2.193612374050420755e+01 8.617588483563871193e+00 9.412501357022897253e+00 2.756554034335579217e+01 3.063639141426285306e+01 1.250236454878219128e+01 1.331699900240411338e+01 1.413430488993998324e+01 1.496822236332969602e+01 1.582899042318167560e+01 1.677060025667746146e+01 1.771459432650742372e+01 2.084964083957939351e+01 3.978969158728505562e+01 4.113499845439443448e+01 4.216281180695349207e+01 3.754075916694603876e+01 4.401930348520861003e+01 2.699938484502259683e+01 4.709789173842989385e+01 5.804330268881557231e+01 4.578216701490939045e+01 4.742290741523838449e+01 4.959823697918504593e+01 6.444878817006716076e+01 5.600800225072786986e+01 7.400942696926905739e+01 6.571737560610334583e+01 4.990117712050469834e+01
2.297228869525369630e-04 1.999947603212800473e+01 2.145892536250267923e+01 1.357001252657565793e+01 3.000478257656609671e+01 2.427835331450656042e+01 5.327097819176754179e+00 2.533785215575124639e+01 1.086659422552379084e+01 2.582436770292452977e+01 2.860977162926878847e+01 1.882644607094238864e+01 3.817041929388499000e+01 3.054250580770520784e+01 3.310379219847655463e+01 1.847991965331498321e+01 3.582972066725286453e+01 3.521047638818058800e+01 1.888978918767893589e+01 3.775257849724030734e+01 1.911995127872950917e+01 2.011621716071148924e+01 2.111617537351841278e+01 2.211977185582560068e+01 2.325012290249885538e+01 2.438555889232689111e+01 2.583507465758610167e+01 4.591238936207473387e+01 4.949853447288740682e+01 3.150505426307806900e+01 3.453008271803795992e+01 5.318435702312898883e+01 4.435388226281860113e+01 5.940708108023967782e+01 6.147543924737428966e+01 4.547630956336097796e+01 6.571737560740660911e+01
9.647730019007896146e-03 7.318566259917709260e-01 1.454661360977058449e+00 2.179041704093242604e+00 2.218629872509884038e+01 4.265796664311750419e+00 2.427837038208579656e+01 3.361093266838210525e+01 1.406687005604584151e+01 3.356682461288220054e+01 4.439491616300809795e+01 3.397287771200070949e+01 3.243607419165093120e+01 4.327019603209397047e+01 2.485244386225165769e+01 3.792989521586879675e+01 4.613567250946867659e+01 4.097972137261866976e+01 2.106534252514726901e+01 4.088615019901052250e+01 3.981824281028557522e+01 4.024291160496839836e+01 4.116084095005052745e+01 4.216337178989989809e+01 2.525349134414098629e+01 4.443961315862088668e+01 4.591263169634814290e+01 2.790279869036838889e+01 2.937474511140268874e+01 4.949818715076559528e+01 3.345527225057840326e+01 3.497359320763406743e+01 3.703340645558916577e+01 3.916377146349888960e+01 4.125252478149536017e+01 4.417537532777544840e+01 6.442813607709366863e+01
3.582433992925927561e-03 2.000358243397882063e+01 2.145896423566820843e+01 7.351732950408285561e+00 3.209282895987936701e+00 1.736267682056093875e+01 3.256474650342377686e+01 3.045608784610912423e+01 3.418898036800746354e+01 1.897960332165094499e+01 3.914101275902486066e+01 5.554345095780416841e+01 4.315237369763536890e+01 5.188969208900054753e+01 4.390313657866050789e+01 3.190061860563298879e+01 5.119624043064330721e+01 4.935544871817345580e+01 4.108231398000234691e+01 2.423364068165409790e+01 4.293416008804243233e+01 5.666473834077768146e+01 5.941575819704663530e+01 3.944270837385869299e+01 4.529259199956837278e+01 2.850863326025008604e+01 4.854241150342414812e+01 4.800839043369752090e+01 4.949863986772769664e+01 4.582164635599693270e+01 6.269494876832354180e+01 5.540744790220275462e+01 3.902261220079866888e+01 5.926445179288938192e+01 6.147543924843770213e+01 6.442813607709366863e+01 4.843726231369412005e+01
1.813270376062421294e-03 2.000181327037570611e+01 2.837246261797421454e+01 8.279171895849581020e+00 2.322164859352041688e+01 3.150743213295990230e+01 4.565218325573648173e+01 4.481978208501785588e+01 4.276147740429823330e+01 2.255528962367130674e+01 4.276147740429930622e+01 5.687869852892887224e+01 6.132364844593644904e+01 6.896254427893160255e+01 5.681584438458564534e+01 3.734910263680615117e+01 5.681584438458564534e+01 5.513116758837723808e+01 3.556639725091410753e+01 4.016201396123229728e+01 2.757508956588677407e+01 4.994523670676490923e+01 6.768148617181437032e+01 5.941577024531572704e+01 5.680526603938131558e+01 4.854242313431819156e+01 3.185914009506431555e+01 4.604054949068182623e+01 6.597454291073843535e+01 6.581485452530455404e+01 7.406655631046089638e+01 6.760065397079844729e+01 5.926723303458048520e+01 4.311681764784817261e+01 6.327460680576105290e+01 7.712780607694543278e+01 6.284610319857267058e+01
2.372884694381488524e-03 2.000237288469402586e+01 3.666821403955890446e+01 2.837246261797432112e+01 1.393907872708553519e+01 3.406490627129439019e+01 4.853073480964138753e+01 6.523222210747871941e+01 5.116665185323056164e+01 3.677717806383903110e+01 2.817347071464410391e+01 4.250020099187439371e+01 6.295621746446410327e+01 7.550956587806331299e+01 6.330570116178184037e+01 4.383631659523167201e+01 6.330570116178184037e+01 6.117103283019967819e+01 4.607137100502337290e+01 4.910028304397019383e+01 2.999245812302451952e+01 4.995081133899694947e+01 6.771539054611024255e+01 7.767034983055617658e+01 6.837200639456486329e+01 4.845301830340346783e+01 3.428295935424271335e+01 5.428731965996743014e+01 6.628225874495278447e+01 7.790972034574720340e+01 8.618049439948521240e+01 7.775873835506062903e+01 5.767513865063697409e+01 4.602347256398847719e+01 6.616346677278187371e+01 7.900801631265491665e+01 8.303172801959458127e+01
8.175220331382775790e-03 2.000817522033102591e+01 3.829339594962617355e+01 4.235049779963035377e+01 3.406490627129439019e+01 2.020933058011297945e+01 4.024940862188953616e+01 5.608563441359572721e+01 6.555612564273029363e+01 5.687869818782928633e+01 3.983562262894802330e+01 3.503796939985649317e+01 4.683924817800630080e+01 6.726178121044944191e+01 7.124184970398302141e+01 5.367820689379428956e+01 7.124184970398302141e+01 7.042008603646007714e+01 6.221224542136094726e+01 5.241902351879605249e+01 3.247005910541344065e+01 3.956297168814757725e+01 4.951347296468548365e+01 6.938654618235516125e+01 6.493975324585748865e+01 4.501083915586045947e+01 5.428731965996743014e+01 3.805571509464858337e+01 5.802858004719655582e+01 5.804226908969498311e+01 7.469311118753623191e+01 8.613463402532543967e+01 7.451609969310443660e+01 6.027974501993438139e+01 5.048374535015157960e+01 7.063635324558045170e+01 8.223630018514116102e+01
9.124702163186202558e-03 1.000912470216327321e+01 2.415126032589447647e+01 4.415126032589517990e+01 4.853073481087988483e+01 3.180250670672176838e+01 2.781778806579484353e+01 4.780317477845061802e+01 6.550843423721076419e+01 6.863668140604477230e+01 6.031595478032001978e+01 4.683924817800630080e+01 4.415150552123930794e+01 6.451529752600588097e+01 8.085164447429818324e+01 7.293366368890528406e+01 8.085248360965928782e+01 7.428299500005122979e+01 5.624267513404385710e+01 3.631487004426698206e+01 5.241902352135706877e+01 5.945000957352034021e+01 6.771539054611024255e+01 7.767034983055617658e+01 7.319620937977668973e+01 5.499686851781028452e+01 6.248661000028304358e+01 4.254969395609367666e+01 4.292899933992871553e+01 4.652966669887301521e+01 6.643924201466893464e+01 8.043634736584401423e+01 8.875247667393099960e+01 7.621551952307650879e+01 5.604456547370625685e+01 5.620695418520072906e+01 6.203732002138662693e+01
2.239863785106879172e-03 2.000223986378475161e+01 3.723030974658206560e+01 4.877731513037437594e+01 6.007150506292604319e+01 5.178809122128426168e+01 4.194870550678281518e+01 3.724003369274852560e+01 4.722526372525380367e+01 6.722162706425370970e+01 7.550956587274009735e+01 6.726178121043555791e+01 5.600556245485866924e+01 5.706953028084387114e+01 7.101348436573157130e+01 8.974839084470596617e+01 7.729353187573902062e+01 5.800437207711816257e+01 4.664643208799531493e+01 3.910709933997790699e+01 5.906708498125777851e+01 7.204904274418709065e+01 8.357646792596860053e+01 9.114139177145287363e+01 7.122856807480438590e+01 6.931015215795116546e+01 4.941627908720217022e+01 6.248661000670194454e+01 5.703991319529073678e+01 6.643924201466893464e+01 5.230035173103446056e+01 6.635712910034379775e+01 8.622806465057804814e+01 8.227590863481513850e+01 6.211099346675550947e+01 7.640535686769152335e+01 6.484702227954724663e+01
1.766589122093755728e-03 8.946038499121172549e+00 2.049304388291348289e+01 4.049304388291277235e+01 5.115462568789470055e+01 5.943889693790227113e+01 6.193711389460749217e+01 5.136604913485106039e+01 6.550843423721184422e+01 6.722162706341954674e+01 8.722516008309136737e+01 8.427725537920835563e+01 7.613981181266839826e+01 7.688236472619909989e+01 8.489428966641322916e+01 9.086022174904154269e+01 8.551356753406832922e+01 7.428299500005122979e+01 6.611056748787001425e+01 4.665653699166470858e+01 4.381982214642575713e+01 5.534015818249451968e+01 7.528348040699810895e+01 8.873081188694953880e+01 9.114139177123692548e+01 7.443985169397886636e+01 5.457261088960794382e+01 7.443985169487372389e+01 7.692246136390255629e+01 7.661688877517968876e+01 5.676195840199529385e+01 6.822304695969255306e+01 8.808308993048323998e+01 8.897228834823141597e+01 6.880440722706599388e+01 8.897228834823141597e+01 7.933110100909877360e+01
