LEM/sinusoidal_perturbations/elevation_000684.asc
nrows	100
cellsize	150.0
xllcorner	0
ncols	100
yllcorner	0
NODATA_value	-9999
[rows 51 to 67 of 100, columns 0 to 36 of 100]
6.455108993161302530e-03 2.000645510899280666e+01 2.311507133670846414e+01 5.350585929209915825e+00 2.450190987515906116e+01 1.518926939955880506e+01 2.930580410377961442e+01 4.910287920874709044e+01 4.110310915964035416e+01 4.284095097824587839e+01 3.144021270626052456e+01 5.131602642365741929e+01 5.792229056951199340e+01 5.801903905404872575e+01 4.178889595377427923e+01 3.447173025004896374e+01 3.819044047223762561e+01 4.336090975483212162e+01 4.870646794655007739e+01 5.471220057402939574e+01 6.169498965763359877e+01 7.296323347128253545e+01 9.250134176927944907e+01 8.581635432181816725e+01 8.691890235009591947e+01 1.010593067669510532e+02 9.362088196635320969e+01 7.395189208455163055e+01 6.016629434981746272e+01 5.137144369156277435e+01 4.758543320892798789e+01 4.387744241673345869e+01 6.022622929524549562e+01 6.022622864050320857e+01 7.069610410320511562e+01 6.249569587010857674e+01 4.746619599233304854e+01
3.995603441288198172e-03 1.988539247829539036e+01 3.365778900921797856e+01 2.562019741595615585e+01 2.563251476650507499e+01 3.510424927299255415e+01 2.413107616411738121e+01 4.398172173484964276e+01 6.089111177013445086e+01 5.948317919707388057e+01 5.131602642365741929e+01 4.211164128626727887e+01 6.188571160661909687e+01 6.861690934536777320e+01 6.066068675142865629e+01 4.264179331635303782e+01 4.264181371684208699e+01 6.243042590686475535e+01 6.267428984281249171e+01 7.431751909886976648e+01 8.122100968397482745e+01 8.937305765654893719e+01 8.839272846695236296e+01 7.163007768562191302e+01 7.273597664583022038e+01 9.277548348997397909e+01 9.942113904418189918e+01 7.971280584184160034e+01 6.737297903495419860e+01 6.523311480581259048e+01 6.733176535894821768e+01 6.022622946987670645e+01 3.995026125376070070e+01 5.674892960852604062e+01 5.823604969550347477e+01 4.274452903669280346e+01 6.249569587010857674e+01
4.804567899273937473e-03 2.000472261476837588e+01 2.552652661253793553e+01 4.544189364019512567e+01 4.681734677306115344e+01 5.211461898158876949e+01 3.821026501893365435e+01 3.673405036676984281e+01 5.071695625082920600e+01 7.030178256497562472e+01 7.003856382530601365e+01 5.357175526682055988e+01 7.003856382530601365e+01 7.631468094298459448e+01 5.667846958238004618e+01 6.242978273307251413e+01 5.018517582821152700e+01 5.882771848888770450e+01 7.846063560940237380e+01 9.040384431419663258e+01 8.922749216443877174e+01 8.703835267941170173e+01 8.010138652716855745e+01 6.003142745838780314e+01 7.423330795226907242e+01 9.426818140776209987e+01 9.605528433316479209e+01 9.518000677109624519e+01 8.698253184145258388e+01 8.482468681733303129e+01 7.993327963028596628e+01 6.022623228106977677e+01 5.674892960852604062e+01 3.609198940293189395e+01 3.807441181855563883e+01 5.823604969550347477e+01 6.249569587010858385e+01
9.707512844716031236e-03 5.556702664141854875e+00 2.552657701554151970e+01 4.223187421893471338e+01 4.955715786674773682e+01 6.114741316189714126e+01 5.791525081294754074e+01 5.645321906766680797e+01 6.455776113630530233e+01 6.769245367723630125e+01 7.035985400561807523e+01 7.324278717273867301e+01 8.139898126904211040e+01 8.446514934859348500e+01 7.631468094298459448e+01 7.800882085615899086e+01 6.159606657060346180e+01 6.987094866162846074e+01 8.661649864424865086e+01 8.922749216443877174e+01 6.918954535179089760e+01 6.699643545648423526e+01 7.453496150626121164e+01 5.449419184447710052e+01 7.453498141032609681e+01 8.690037187415774156e+01 7.603057101976949639e+01 9.018572124704884629e+01 9.673041061101338300e+01 8.538684917850918055e+01 7.722630782008057793e+01 6.843070336761638828e+01 4.844319665704009736e+01 3.336570859360125496e+01 4.610098109025214086e+01 6.392588716536011617e+01 7.241295063767229578e+01
5.001202446392439237e-04 2.000035803986229155e+01 1.498176888829559950e+01 2.253155196515020720e+01 3.398546727950859747e+01 5.296778847342191909e+01 6.318536325483767513e+01 5.909907302196468493e+01 6.181707272054617874e+01 4.759742436267013943e+01 5.025580820034095098e+01 6.448020203452664134e+01 7.251214884411682249e+01 7.841760583815757002e+01 7.560635357351137031e+01 8.396236601438799596e+01 8.117464781128941809e+01 8.933194640059653580e+01 9.765538234305613230e+01 8.703835267941170173e+01 6.699643545648423526e+01 5.286028753222886678e+01 6.286339055446127588e+01 4.954072949219570887e+01 6.952480123594355632e+01 6.686719933382518377e+01 6.185761577867840799e+01 8.017022554475836671e+01 8.853950425260778445e+01 6.894447323546361872e+01 5.762262241689812470e+01 6.674769720625049274e+01 5.239964050296596554e+01 3.130958426817484863e+01 5.239964050296596554e+01 5.831523035827363088e+01 5.247576342000453309e+01
5.279685921607564676e-03 2.000527968592125205e+01 3.483511658128925603e+01 4.223187421893471338e+01 4.221578542906199516e+01 3.515312023382207229e+01 4.553970177017131959e+01 3.903412541522190082e+01 5.178331857352800682e+01 3.343733039964617149e+01 3.608910751339264067e+01 5.614414688742161985e+01 5.239958294804242200e+01 5.829041711194129505e+01 5.547941995320946518e+01 7.109561750953803028e+01 7.945008237859008204e+01 9.109085318883292359e+01 9.975456489034661445e+01 8.819074149252753614e+01 6.918187245526456763e+01 4.920121036548962934e+01 4.297403931566191204e+01 5.830049251016062328e+01 6.658391564715448396e+01 5.274449918871974319e+01 5.189010301701840433e+01 7.187664479742494450e+01 9.019328241857044759e+01 8.538684917850918055e+01 6.674769720625049274e+01 4.689182025843003032e+01 5.051328852925093571e+01 2.932335576999226490e+01 4.800089325968419018e+01 3.770672038440653751e+01 5.246648912654318764e+01
5.738623160518319517e-06 1.414214136235423602e+01 3.414214136235494124e+01 3.584456889253441858e+01 2.171481974848251539e+01 2.099182333797935129e+01 2.550661314414471903e+01 2.488218978615389787e+01 3.537004051555130957e+01 2.344036023939816005e+01 4.142729847799953546e+01 4.560226912369484609e+01 3.822869364453637075e+01 5.578825462056585138e+01 4.390561541798026468e+01 5.098676077437961851e+01 6.257690449105312780e+01 8.273239590033749380e+01 9.146926233073575929e+01 7.142909809003251098e+01 5.984903096494470986e+01 6.918187244351099707e+01 5.830049245404630653e+01 3.845090677781821853e+01 5.396895769029517709e+01 4.131374296890315634e+01 6.119338884112794830e+01 6.190247373356777416e+01 7.035648492091817729e+01 7.864361543141136224e+01 6.993661328560479262e+01 5.128058391654541026e+01 3.742935249206493609e+01 4.762022247957847298e+01 2.674469898135486901e+01 3.928144390614436787e+01 5.360422136598130294e+01
4.532054705376768917e-03 2.000453205470502027e+01 2.325041266856952404e+01 2.489612221690692451e+01 7.520370272120116439e+00 9.417196586858370466e+00 1.135081228694848754e+01 1.332411686776012516e+01 1.534923722323962281e+01 1.740660144194364278e+01 2.141108588456496165e+01 2.557994792521889238e+01 3.057583376484077320e+01 3.573714705421567572e+01 5.578825462056585138e+01 7.109561750953803028e+01 7.945008237859008204e+01 8.167241019286075243e+01 9.003617146225487033e+01 8.819074149252753614e+01 7.989906811176147983e+01 6.840068062706318130e+01 4.844131804803137697e+01 4.038261622466286127e+01 3.408253970862759985e+01 3.557589458886192091e+01 5.545462981775309430e+01 4.781894338313771442e+01 5.040331935505246008e+01 7.035648492091817729e+01 7.532485803160658122e+01 6.603822065805482566e+01 5.786787908461101892e+01 4.629989155151708502e+01 2.506716894823839326e+01 4.629989148376295560e+01 5.726343146822787844e+01
9.001595176218036079e-03 1.625856031921735001e+00 3.247778231825966255e+00 4.885370788320692270e+00 9.053398262578596700e+00 1.332003112165972070e+01 3.137416895435272934e+01 3.334736631669295548e+01 3.537004051555130957e+01 3.742407506750204504e+01 2.115750053406780395e+01 4.117445156509522519e+01 4.878513848407759923e+01 5.264274616816390306e+01 5.665437696604565332e+01 6.183837905077069763e+01 6.741345337352198896e+01 6.150720007365958253e+01 8.167241019286075243e+01 9.751347776155701297e+01 8.256650676935265665e+01 6.253300331670747880e+01 6.025230497542504793e+01 6.025230497542504793e+01 5.014181469639441246e+01 3.014441047038946664e+01 4.685292071030298189e+01 3.631862568165750105e+01 5.624746624315661592e+01 6.578432914827038758e+01 5.246432129017237145e+01 6.578416821041321327e+01 5.916720305024102089e+01 3.859189760803121771e+01 2.353779082819492885e+01 4.228385858472294956e+01 3.627771493983708240e+01
5.674351268809080251e-03 1.851865572326663667e+01 2.323591503988281204e+01 1.443138600721427345e+01 1.580081967098052864e+01 3.333759816615747695e+01 1.965128494510812018e+01 3.966717991838780222e+01 5.485457003697552381e+01 4.949791594156562269e+01 4.117445156626411062e+01 2.504161957151038465e+01 2.875222297445831288e+01 3.259802525118221439e+01 3.659621965080380335e+01 4.176082530831921247e+01 4.731223703650253043e+01 5.733866530074934076e+01 6.895135364173509629e+01 8.914984705658072528e+01 9.085684225905788480e+01 8.256650676935265665e+01 8.025259116580910757e+01 6.432080473336525017e+01 4.431827776516608708e+01 4.650863192302256266e+01 2.673770773142381785e+01 4.378539668972767629e+01 5.206049584220775728e+01 5.573963038844086526e+01 3.741281944718944175e+01 5.573956676453705228e+01 6.327428517466590563e+01 4.339413768832690010e+01 4.155358990471668079e+01 2.166167521728173284e+01 4.181124072747179810e+01
9.518805923843161668e-03 1.996244582505796217e+01 3.648818564704931333e+01 3.535549397471981337e+01 2.937171342613598668e+01 2.966290851914465776e+01 3.966717991838780222e+01 2.651326559794730642e+01 4.653435793654130492e+01 6.304309529789223632e+01 5.339542305936061695e+01 4.506512005691472211e+01 3.120898674401653139e+01 5.125553980886544991e+01 5.665437696604565332e+01 4.729708447319485032e+01 6.739963911448860756e+01 6.371201748450683056e+01 8.388295437910997521e+01 9.139797508570978835e+01 8.312470357747211835e+01 8.051913088726441003e+01 8.879927650787796267e+01 7.263960656489885537e+01 6.428709738876275992e+01 5.086109761751747271e+01 3.084861647198722068e+01 2.357972873561509530e+01 4.088403052875537469e+01 4.517017881638673060e+01 3.125078360562716995e+01 4.509457623485158706e+01 4.078774750536826588e+01 4.030066577334374500e+01 1.997678248187971661e+01 2.036660347169227947e+01 3.452915483768536831e+01
9.062254805971973678e-03 1.062557432386399725e+01 2.589794623604147006e+01 4.836504338998328478e+01 4.909490141838173116e+01 4.092035121817549737e+01 5.485457003697552381e+01 4.653435793654130492e+01 3.467721172163847854e+01 4.623150771604748854e+01 6.630266936952398282e+01 5.884382030846403211e+01 3.876710627119211239e+01 3.937341092398685305e+01 5.946868125173399022e+01 6.739960849984409208e+01 6.149410284138233607e+01 8.165686486978491132e+01 9.224549572942217424e+01 8.312470357747211835e+01 6.300902150242668398e+01 6.039553671356248543e+01 7.720349829406825393e+01 7.760261972758112847e+01 5.761518169335213457e+01 4.353450386138644745e+01 5.086145243761297507e+01 4.088402826663241285e+01 2.062157974098560231e+01 3.123308913102482620e+01 2.482503162184024958e+01 3.674345267850564767e+01 1.904723212873439309e+01 1.942984159897835639e+01 3.048970115007940862e+01 3.522929493596465278e+01 2.094387431872882033e+01
3.063233560239582431e-03 1.414519885729131410e+01 3.414519885729201576e+01 4.800655970661183147e+01 5.955356509040414181e+01 6.089221950413771367e+01 6.927353715283017266e+01 6.304309529951688518e+01 4.468157726536419005e+01 5.471457878594083724e+01 7.464137508533274001e+01 6.720215728346320816e+01 4.878060208733070624e+01 4.938920091169104154e+01 5.094562723757329081e+01 7.117763848655602033e+01 8.165686488050606329e+01 9.001813894482909006e+01 8.716042917266571521e+01 7.889187876877220162e+01 6.890076837401473142e+01 4.881245398268939795e+01 6.890076837401473142e+01 8.534511417119533405e+01 7.175342572913888262e+01 6.346936675503186365e+01 5.163283813086631113e+01 4.203195917053200503e+01 2.474776540964969485e+01 1.775233933317730717e+01 1.812975525911881292e+01 1.850858511582217147e+01 3.300736692582700726e+01 3.744988320987088315e+01 2.665145437674889095e+01 4.561255117149401883e+01 3.590715978562370481e+01
5.666595628964066558e-03 2.000566659562860750e+01 1.972228845915093487e+01 3.126929384294324521e+01 5.126929384294253111e+01 5.441813188377840049e+01 6.270262664682267939e+01 7.308534297001219215e+01 6.474758030651742047e+01 7.308534297001219215e+01 8.314991282104054449e+01 7.727698216113276430e+01 6.299135330187881721e+01 6.099247433335548862e+01 7.117768834299685921e+01 6.747161324978223718e+01 8.816225292762003107e+01 8.415878368381844155e+01 7.592353285405540930e+01 5.880656661016212894e+01 6.249229727694723380e+01 4.289455940553538937e+01 5.695558476284175242e+01 7.377548205316509211e+01 6.555667869224022581e+01 5.831082478625500443e+01 3.632579411468181974e+01 1.689207850647079923e+01 1.722865524529251502e+01 3.760559663941491948e+01 4.042602345167983202e+01 2.044020237553793962e+01 3.572304700944031453e+01 4.112597053640221390e+01 3.225977477619026246e+01 5.101350965638947343e+01 5.774070696079637344e+01
2.110006612196471242e-03 7.073177818477641488e+00 2.121531344220834114e+01 4.121531344220763060e+01 4.027597907256394905e+01 3.441810757700616819e+01 5.441813188377840049e+01 5.894866231015383562e+01 5.333359795455758245e+01 6.000082260200111506e+01 6.829142579898754661e+01 7.723948994377482791e+01 8.318863386989154662e+01 8.123532404698228504e+01 8.964555921130443039e+01 8.817605761636728801e+01 8.739710356110379053e+01 6.745783186551979327e+01 5.583536536580832887e+01 4.876203221092929851e+01 4.255694419632519754e+01 3.782589969265557528e+01 5.251391698664746599e+01 6.079026064601602997e+01 4.571342833056370125e+01 6.236163493754414588e+01 4.941091376587764472e+01 3.042544783628240168e+01 1.685914500968253904e+01 3.439853281816658637e+01 4.301074376707605751e+01 4.829886990575373318e+01 5.095177919151954882e+01 5.182800727673536301e+01 5.101350969182691841e+01 4.129794422068810889e+01 5.920086394527862694e+01
9.367352646185668139e-03 2.000936735264583177e+01 2.574754421355399003e+01 2.872896945545927139e+01 2.027597174025219218e+01 3.635761972876574077e+01 4.044010557321421828e+01 3.894663523077246481e+01 3.333248237803346115e+01 3.999914951877911307e+01 4.894343059186859080e+01 6.308613379008331634e+01 8.309448993736175737e+01 9.305560756313315096e+01 1.013630177025514314e+02 1.030384224962699022e+02 9.549126370521378249e+01 8.415878798718391351e+01 7.592353561878847756e+01 6.883140301482232815e+01 6.249229727685968072e+01 5.251391698664746599e+01 3.318571679811288533e+01 4.789529759813797227e+01 3.471204774650389879e+01 5.362068765047710173e+01 5.825197080314276832e+01 4.275716420238482129e+01 2.176844823438284848e+01 1.633685436306430816e+01 3.403356960968660161e+01 3.456817172692527151e+01 4.650517892483845372e+01 4.906331580798055114e+01 5.712818138821183567e+01 5.920086394527862694e+01 5.144780214724325162e+01
3.648181865326004768e-03 2.860791039008188985e+00 5.747542384956330075e+00 8.728966354956074980e+00 1.250861108504838093e+01 1.635761287964595212e+01 2.044009578428451235e+01 2.480445358900443509e+01 3.635146517759030615e+01 5.635296574620802090e+01 6.829142567154252674e+01 7.723948994377482791e+01 8.983117023611190177e+01 7.311556725791308509e+01 8.983117023315107019e+01 8.303327710442822251e+01 9.719040180427127495e+01 8.933780714650899313e+01 7.926754595202694986e+01 7.094162096742023493e+01 6.423219709104098740e+01 5.868547225108680010e+01 4.789529760125132185e+01 2.887693567082043700e+01 2.647060533499913149e+01 4.215213522586118700e+01 5.031232367082717616e+01 5.318023560434430408e+01 4.306222660106992350e+01 2.394103426731306783e+01 1.581481684946677646e+01 3.375983984405017679e+01 3.064355160997797967e+01 2.905218728249715454e+01 4.096870459583193735e+01 6.035288676153356136e+01 6.128953075620859892e+01
