LEM/sinusoidal_perturbations/elevation_000624.asc
nrows	100
cellsize	150.0
xllcorner	0
ncols	100
yllcorner	0
NODATA_value	-9999
[rows 68 to 84 of 100, columns 0 to 36 of 100]
5.009162696260268353e-03 2.654073876826353207e+00 5.326686295950608496e+00 8.127246464006651294e+00 1.107608558710461999e+01 1.416215258634648499e+01 3.416214474031090020e+01 4.567950864699605518e+01 5.145301580017281395e+01 5.811968330943846439e+01 6.640403273557646457e+01 7.640407687539567405e+01 7.229886586841507778e+01 5.220670461464356293e+01 4.053721679799341615e+01 4.456723158019148912e+01 5.876651465691652731e+01 6.707187004999173041e+01 7.175855448961786465e+01 6.346212266613591169e+01 6.346212268177207960e+01 5.918893791376338953e+01 3.903474421472417788e+01 3.515533411784836915e+01 1.502807362128872448e+01 3.138815217540701852e+01 1.178351184531424245e+01 1.940901820096316044e+01 3.991299226572139958e+01 5.855159527931162700e+01 3.748429511355917754e+01 5.855159527931213859e+01 6.961789049558531417e+01 7.191886872365597583e+01 5.106504475404222632e+01 4.660877041757790096e+01 2.093897979044524149e+01
4.695337527364121070e-03 2.000468447464004029e+01 1.687369167983352369e+01 2.812724650233407786e+01 2.521822121565496033e+01 2.830428819207734747e+01 2.123322039821208307e+01 2.657844523646066293e+01 3.324511190312756526e+01 4.324511190313226905e+01 5.479211728723185360e+01 7.479211460193961614e+01 7.368656286116271303e+01 5.360260248289044682e+01 4.193798880523709016e+01 3.288830619383444542e+01 3.860217467576317318e+01 5.544916558345526880e+01 6.464592962604555737e+01 6.259091215174402123e+01 5.426834027891979417e+01 5.424895461689991549e+01 5.134880090132435271e+01 3.808322243098973559e+01 2.969801221045798201e+01 1.128438554794158222e+01 1.569255997095400801e+01 3.483919194473796921e+01 3.392949408407561407e+01 5.449839230222642072e+01 4.971365236958759937e+01 6.707988432646732235e+01 8.102176373330469517e+01 6.894500053974670095e+01 5.130096270107432588e+01 2.840010102097884115e+01 3.418994906444885373e+01
7.614146464036155443e-03 2.000761414641208447e+01 3.687369455838071275e+01 4.515806598960385543e+01 4.521822404097061110e+01 4.830426944991427263e+01 4.123322500809567259e+01 4.072058085980285114e+01 4.657844485825351200e+01 4.738724752633895321e+01 6.738724559119260960e+01 8.307629974100093762e+01 8.197176338333765955e+01 7.039010194383585883e+01 5.876651465691659126e+01 3.860217467576317318e+01 2.693584139101091779e+01 3.617141909610935357e+01 5.040867436101052590e+01 5.426834027891979417e+01 3.408042786542544178e+01 3.407695412936706703e+01 3.832249386260868107e+01 2.433079939538609793e+01 1.078989345759843488e+01 2.374734585948719001e+01 3.478859850463081216e+01 4.333200166236694173e+01 5.449045389032973219e+01 6.304207567698906445e+01 7.062444981119283227e+01 7.906081212767716693e+01 7.272314552452606051e+01 5.143985616466297017e+01 3.806093205392697598e+01 5.096835123374955145e+01 4.154304803851184147e+01
2.352828262072654761e-03 2.000234265146851342e+01 2.859773291382283489e+01 3.237748860457177358e+01 3.637764778013053046e+01 4.466298655068359125e+01 5.621122166548355636e+01 6.072057947590718641e+01 6.657843923190617375e+01 6.738724559119260960e+01 7.567145084169828806e+01 8.674106652826692709e+01 6.674816281720225675e+01 6.674816281720225675e+01 6.707187005050047901e+01 5.544916558372060678e+01 4.207743100331162367e+01 2.190924251146728352e+01 3.745053123962784269e+01 4.578545602527255198e+01 3.999328799706609772e+01 1.982547243768687650e+01 2.934881067143810540e+01 1.029606539101587614e+01 1.377739764447375848e+01 3.359326650910151812e+01 3.112617286708242759e+01 4.079465134481334587e+01 5.211223640773682320e+01 6.640102200441421587e+01 8.685675914405190667e+01 8.457028759311191379e+01 6.405043560583449391e+01 5.143985616466297017e+01 6.043523268336834775e+01 5.257275973521949197e+01 2.578380983680099803e+01
6.786455232800275850e-03 2.000678645523244370e+01 8.597207142856500894e+00 1.237685187814293997e+01 1.637685190169325722e+01 2.792393500138121354e+01 4.792563416985507985e+01 5.375670895385091086e+01 6.008223149993665402e+01 6.836805847846773077e+01 7.731420236489292108e+01 8.090594223200149315e+01 6.088381857050582369e+01 4.661298136476315790e+01 5.598545561498051626e+01 6.428358366600873808e+01 5.040867436101052590e+01 3.745053123962784269e+01 1.731167305810405921e+01 3.310727338589899915e+01 3.722097274997079808e+01 2.939460571987540760e+01 9.806608276605334851e+00 2.864769030652832171e+01 3.359017384962794495e+01 1.885503183508699365e+01 3.922762465895958428e+01 5.096703780831251862e+01 5.853766899902014842e+01 6.676196704204379273e+01 7.668019307388306061e+01 9.273024819272785635e+01 8.102176373330469517e+01 7.272314552452606051e+01 6.188140924765333750e+01 4.800776323729464679e+01 2.761572476954237843e+01
3.257643153035955173e-03 3.433229346003270788e+00 1.757543672357931186e+01 3.237747624473090724e+01 3.637764778013053046e+01 2.304352048111497098e+01 2.820750373095881969e+01 3.375452711664190275e+01 4.007917286355821318e+01 4.902401140819888070e+01 6.316906727358180973e+01 8.317448847058525985e+01 7.502068725906947577e+01 5.598545561498051626e+01 3.578577793750527292e+01 4.773897173522914272e+01 5.605697576207125365e+01 4.578545602301024076e+01 3.310727338589899915e+01 1.299768202430775688e+01 2.684112198231020585e+01 9.321665224874235989e+00 1.543112246203422444e+01 3.460633909232262084e+01 4.722413198319725325e+01 3.922762465895677053e+01 2.521267488314549254e+01 3.060349360531266072e+01 3.850766160112062408e+01 4.862721357644402786e+01 6.844812442162492516e+01 8.511833601727265375e+01 7.509988908361090409e+01 6.682054739916965502e+01 5.355705716828081364e+01 3.316783238365133002e+01 4.800750743611139626e+01
1.880098487986705483e-03 1.991661900519371997e+01 3.161970082531534132e+01 4.585983767155916979e+01 5.133022796878567107e+01 4.304471143372501984e+01 4.820910185883459320e+01 5.375670895385091086e+01 6.008223149993665402e+01 6.836805847846773077e+01 7.731420236489292108e+01 7.784204478726437060e+01 6.957466032855205640e+01 6.428358367132675255e+01 4.773897173522914272e+01 2.753329970817586059e+01 4.059518788084814389e+01 3.785244607212210610e+01 2.948248126540912040e+01 2.802652873871494421e+01 8.843363564024363299e+00 1.359985752550527138e+01 3.364959333943804154e+01 2.519058759938508274e+01 4.552685368792786846e+01 5.398773743192461438e+01 3.719746867750497188e+01 5.096703780849971110e+01 4.363625060228382324e+01 6.358156333494077472e+01 7.668019309623748825e+01 7.685920583606582568e+01 5.678188896227344173e+01 4.661601034973146795e+01 3.937906407001803899e+01 5.355705716828081364e+01 6.186805497036125701e+01
2.900726248362994839e-03 2.000290072624800786e+01 2.681566991599661165e+01 3.046715354656170760e+01 3.431615522214788427e+01 3.848644332792622436e+01 4.348644308078111465e+01 4.883166754644685881e+01 5.639095633213437253e+01 6.467513510522840647e+01 7.467508355331696634e+01 6.957466032855205640e+01 4.945816353070379989e+01 5.535014902907606427e+01 4.925545604797123644e+01 4.059518788084814389e+01 2.042356775343585085e+01 2.948247746443864870e+01 9.161281770176969985e+00 8.376110856377088965e+00 2.834785860891625475e+01 2.308691527226726592e+01 4.243283518675391974e+01 4.552685368821072842e+01 3.951269614957659115e+01 6.004631438423057688e+01 5.733642475515578241e+01 6.557130989680663902e+01 5.777478116647324669e+01 7.181087163050436573e+01 8.731196159179233973e+01 8.511833601727265375e+01 7.509988908361090409e+01 6.528639396266022743e+01 4.506203068570004433e+01 6.528639396266022743e+01 6.939334477964918335e+01
5.081304048347549951e-03 3.385698322962406692e+00 6.815670025812568866e+00 1.046715374251364494e+01 1.431615553711111666e+01 1.848644381825253902e+01 2.348644381825245020e+01 2.883166865650084532e+01 3.639095811668512681e+01 4.639095811667949931e+01 6.639095454758927417e+01 6.957466032855205640e+01 4.945816353070379989e+01 3.513633919833876718e+01 2.903694510430625542e+01 2.365427942202583722e+01 1.864229111064496891e+01 1.384075435270938748e+01 2.795072342456077763e+01 8.051679519477380254e+00 2.205414422510925121e+01 4.125422322008453335e+01 4.306444411692136498e+01 6.308722358104974859e+01 6.004631438423103873e+01 6.836182476604881231e+01 6.587802395799725730e+01 7.419627775789820134e+01 7.760040303085173719e+01 8.142659979637653578e+01 6.719045831995377682e+01 8.142659979637653578e+01 8.164952526775176977e+01 6.160886417831973461e+01 5.276730895803218857e+01 7.289330573107710620e+01 7.760730508046179921e+01
4.469920835086939326e-03 2.000446992083473319e+01 2.095780564931336443e+01 3.046715354656170760e+01 2.845829116009903714e+01 3.262857944074037420e+01 3.481637538737791004e+01 4.883166754644685881e+01 4.297380427567824768e+01 6.297379854071268568e+01 7.467508355331696634e+01 7.542573490807843939e+01 5.535014902907606427e+01 5.535014902907606427e+01 4.925545604797123644e+01 4.385183170354743964e+01 3.880244363316696621e+01 3.404260930970268362e+01 2.776190568115374901e+01 7.733874068197539309e+00 2.723634545877143509e+01 3.760590268077645959e+01 5.444080332969189584e+01 5.249865602052341984e+01 5.507608933661855133e+01 5.178587933644603680e+01 4.594871901794345348e+01 6.587802395799725730e+01 6.988351334078313926e+01 6.157617485889567632e+01 5.315192792334727301e+01 7.308391018060800093e+01 8.990862471848686255e+01 8.115728421707372320e+01 6.444385934661204374e+01 8.115728421707372320e+01 7.627758797910425415e+01
2.324776005098761877e-03 1.414446039973617353e+01 3.414446039973687874e+01 4.924205939615183070e+01 4.845829008728413356e+01 5.262857777090599853e+01 5.481636588030828250e+01 6.310038556004457888e+01 6.297379665329465581e+01 7.125783449681317450e+01 7.092928770443873532e+01 5.934598133353097893e+01 5.104502054509794817e+01 5.934598133353078708e+01 5.643877090193397095e+01 5.057450575136313375e+01 4.861267428043299077e+01 4.048404624211486436e+01 2.758641718864695846e+01 7.420136885544068583e+00 1.903158477605725452e+01 3.622486052883981245e+01 3.629587140337041262e+01 3.252116689951411388e+01 3.511137593212048102e+01 3.182195431428969457e+01 4.661978441814292040e+01 4.999851441309107258e+01 5.347011716036234930e+01 4.172046966035903637e+01 5.315192792334723748e+01 6.719045831987999406e+01 8.731196128200281237e+01 9.268784558030975518e+01 8.443546416384569397e+01 8.269380290086854757e+01 7.045789155763965539e+01
8.699724428260374037e-03 2.000869972442790612e+01 3.181266172674424197e+01 3.889275021418347933e+01 4.721010984090973750e+01 5.878999461235174095e+01 6.116951660299341853e+01 5.245965683336073937e+01 5.466022064977433814e+01 6.343667949161130082e+01 6.264110499161919421e+01 4.255609756138512978e+01 3.090445665627188632e+01 4.027943630960959354e+01 3.631128814400468485e+01 3.040777512354592815e+01 4.055863511673280186e+01 2.067815336328872888e+01 2.638577121572995665e+01 7.109010897075962454e+00 9.281734538653898525e+00 2.936639755767950888e+01 1.590276661953550708e+01 1.833652712852550337e+01 2.092421677340161423e+01 2.360477728328376301e+01 2.660155209982402624e+01 3.000954192519437314e+01 3.352727769033902661e+01 3.828416780009879261e+01 5.815332163028297430e+01 7.138597516479150329e+01 7.846366909605545459e+01 8.682857280610275552e+01 8.850141866037947125e+01 6.864662627561426689e+01 5.457098241518178838e+01
2.249585233037712084e-03 5.775752286206335739e+00 1.180597943164679009e+01 1.887705528754974083e+01 3.042513420059679063e+01 5.045972824791139999e+01 4.982417779024385851e+01 3.337896969590558172e+01 3.549113949159779935e+01 5.202776981705883941e+01 6.772569759450563254e+01 5.450937622220370571e+01 3.438520220605884958e+01 2.012914303716419795e+01 3.205311352878793230e+01 1.606689811520119804e+01 2.580582477353677717e+01 2.610800816500063704e+01 6.673999563478196784e+00 8.995605020247477768e+00 2.830569995881347722e+01 1.252999578117735169e+01 3.055958307901761017e+01 2.730437568185126551e+01 4.095890510385197558e+01 3.365922682994509785e+01 4.661977827947893616e+01 3.734551558113828662e+01 5.347011716036234930e+01 5.815332163028297430e+01 4.556567036497156664e+01 5.151077251327312467e+01 5.844492760021694977e+01 6.991698716530635238e+01 9.013865373152414406e+01 7.857402246799674117e+01 5.869364305233565915e+01
2.739267172789772273e-04 2.000027392671692539e+01 3.181266172674424197e+01 3.889275021418347933e+01 4.706244443316509773e+01 4.352013467666231605e+01 4.128197994598458109e+01 2.355127163942829327e+01 2.564368447823520114e+01 4.359294380065315266e+01 4.762690267528699195e+01 4.762690283996933971e+01 4.859609544731173258e+01 3.205311352878828046e+01 1.187469665343776626e+01 6.987981948092473417e+00 5.946844083669922121e+00 6.251579844924752827e+00 2.593436313109294744e+01 8.215161060337848653e+00 2.823023799731544159e+01 3.255618495523457057e+01 3.946792473492634201e+01 4.667930016350484124e+01 4.333462251672116849e+01 5.361205600417378747e+01 5.361205027426528602e+01 5.142603507804649610e+01 5.142603507938219565e+01 7.137759864577482460e+01 5.694825897808213711e+01 7.138597516479150329e+01 7.846366909605545459e+01 8.682857280610275552e+01 9.849584104624034353e+01 8.680812567752627729e+01 7.857402246799674117e+01
8.327778614586212741e-03 1.418610358211864231e+01 3.443382209623634083e+01 3.526966675050994127e+01 3.229837987178555636e+01 2.174802002061091244e+01 2.765492745945323350e+01 1.695877260816024545e+01 3.395306798392687853e+01 5.095791646134763653e+01 4.762690283996933971e+01 2.730027227132147161e+01 3.477120105400386763e+01 3.280545038625982812e+01 2.189515548189795879e+01 5.509884393981602457e+00 2.535479474690149360e+01 6.966106171724482543e+00 2.817579236840829182e+01 2.096277222920375038e+01 9.826200354679375693e+00 2.990617824601330810e+01 3.990824354278072406e+01 5.404251259655835327e+01 6.257361848074545918e+01 7.064197987107399967e+01 7.359256704551978601e+01 7.137759613682128190e+01 7.137759864577482460e+01 7.970885022270684317e+01 7.692962060181274353e+01 8.528358155769976179e+01 8.389600333038210067e+01 8.389634393118168987e+01 9.217092656661591832e+01 1.051051355743058764e+02 9.368258882911881358e+01
6.510866554257996840e-03 1.990655459811932104e+01 2.130878047719484059e+01 1.677011359695561765e+01 4.841213288483828592e+00 7.656926058123799450e+00 1.113382432655314958e+01 2.253427644395013729e+01 3.919545758299764771e+01 3.835487336319558693e+01 4.033481400571144349e+01 3.458608953976524703e+01 1.447520888208956436e+01 2.437653925359675000e+01 5.066585737568738423e+00 1.738836848772353605e+01 3.272008642618544627e+01 1.968542040995744102e+01 3.650965531837876910e+01 3.239978754611536971e+01 1.910982693743134675e+01 1.150482819755706565e+01 2.570829643085278349e+01 4.161861388014158081e+01 5.586761346062829148e+01 6.268230734450054342e+01 6.854428851296729874e+01 7.595372778888922483e+01 6.767583035973223105e+01 6.363872147182323857e+01 7.192734953200638870e+01 7.391094363772518250e+01 6.393305003890303340e+01 6.393305264988508441e+01 8.389634393118168987e+01 9.686466319900662825e+01 7.712572448550874071e+01
8.953482861371391335e-03 3.216826164612471284e-01 6.344499880074330189e-01 9.473321575188249355e-01 6.075273386212027837e+00 1.340066486803234724e+01 1.825635373989859644e+01 2.194843701610226816e+01 2.303285543863436402e+01 1.748703679170741765e+01 1.851446647234993392e+01 2.126932243878604112e+01 2.394126231068587884e+01 4.618347920049639121e+00 2.216065405175613279e+01 3.198112703101422127e+01 4.371875806850016488e+01 3.982903831917039383e+01 4.814208022944098531e+01 4.747276670266187182e+01 3.059575282668031093e+01 2.309635384262105617e+01 1.322918517770476221e+01 2.743151911559640510e+01 4.339223521653586602e+01 4.258609221579094850e+01 4.847213735080629959e+01 6.434869632624460678e+01 4.752732225646540343e+01 4.343779765365078305e+01 5.574051931114670566e+01 5.384145012563586619e+01 4.966141096681173650e+01 6.978016529137455848e+01 7.918041121672935390e+01 8.810171840261496357e+01 9.368258882911881358e+01
