LEM/sinusoidal_perturbations/elevation_000613.asc
nrows	100
cellsize	150.0
xllcorner	0
ncols	100
yllcorner	0
NODATA_value	-9999
[rows 17 to 33 of 100, columns 0 to 36 of 100]
5.222468517465790779e-03 4.719267676427802094e+00 9.569980177154503664e+00 1.956998017715432781e+01 3.371211580088449011e+01 4.288729167165801215e+01 6.288729163973808056e+01 6.224761405036362305e+01 6.122244850764339219e+01 5.772120033246396531e+01 4.384572540531274143e+01 2.924061475745491734e+01 2.743011638824183152e+01 4.722845981790175074e+01 5.492758565077345878e+01 4.690796263388582332e+01 2.676964830526140915e+01 3.850557156631592193e+01 5.838584228471768256e+01 5.143728643859185468e+01 3.051156017637748619e+01 3.096569116438654490e+01 5.188294223894203583e+01 5.381561200150927249e+01 3.390454152014740430e+01 4.387104465097431927e+01 5.695956880216151319e+01 5.114887790738487183e+01 7.098781756708945068e+01 5.615729329127854896e+01 3.607492319107235090e+01 4.043691454202446067e+01 2.341910475850287199e+01 2.461771466751180171e+01 4.404894314310065084e+01 5.435197680385992669e+01 6.897982205804352418e+01
7.333276091007126865e-03 2.000733327609065171e+01 2.956998017745549134e+01 1.899807059297497247e+01 2.655736005315938542e+01 4.655736005143879197e+01 6.224761405691560157e+01 4.343059930911609001e+01 4.155170048902334656e+01 4.460419624210911138e+01 3.916858752191136261e+01 1.948928367439641463e+01 3.299414780161519900e+01 3.150588470294634291e+01 3.239408748839930752e+01 3.775879959351653525e+01 2.254638563895767689e+01 4.304061991127740328e+01 4.968197148972797095e+01 4.109243025524015280e+01 2.446619005162302329e+01 4.584465193685221607e+01 6.038117249125636476e+01 5.066740276269829479e+01 3.074737498335516150e+01 4.632050613894246993e+01 3.705570510106993254e+01 5.695956880216152030e+01 6.119944894099219823e+01 4.860753695445880851e+01 4.031233031393606581e+01 2.171075010823455287e+01 4.191188108963060444e+01 2.894631483122592641e+01 4.823550081942192236e+01 6.084696833633587687e+01 6.797545849120102446e+01
6.343274376862209282e-03 2.000634327437650839e+01 3.535883612694613731e+01 3.899807059414516885e+01 4.655736005398767219e+01 5.484163118274140203e+01 6.167117056262057417e+01 4.688162862140904963e+01 2.796529912330090895e+01 3.851442155341504048e+01 3.037157809916794449e+01 2.843930952872986140e+01 1.325806085354405361e+01 1.127548398535396501e+01 3.096015927394411804e+01 1.679044379816595978e+01 3.775479702815817262e+01 5.122872771636691880e+01 4.109243025469582733e+01 1.915165493694516385e+01 4.109243025523735326e+01 5.246628544304539332e+01 6.143659678327703944e+01 5.661304842585392549e+01 4.632050613894272573e+01 2.637555485458591065e+01 4.632050613894254099e+01 5.966150277874843511e+01 4.701912773585517868e+01 3.283881861774583655e+01 2.002470794903221218e+01 4.031237249699816516e+01 5.020160691267985698e+01 4.823581692881052163e+01 3.502923928405778753e+01 4.030438895615444039e+01 4.700875009962850726e+01
3.497053469895897767e-03 7.074564865335340791e+00 1.601883677533433925e+01 2.756584215912664959e+01 4.756584216102643836e+01 5.614356884182915053e+01 4.306571928789814052e+01 4.084657171119933139e+01 2.157041356445146718e+01 2.995965564802623149e+01 9.149579526024883336e+00 8.671376051658560513e+00 8.973447636540225147e+00 9.276586653899260071e+00 1.196686678810283233e+01 1.787940662743519127e+01 3.485443163377764364e+01 4.111961801027203478e+01 3.332162348989408684e+01 1.579904957119091513e+01 3.762223379967330317e+01 2.811159585277655282e+01 4.343229122309119106e+01 3.826339379669458651e+01 3.977553118209105065e+01 2.362550735146937697e+01 4.358086130164329575e+01 4.546839808810066330e+01 3.127524773899411770e+01 1.843195768053769612e+01 2.416049074062604518e+01 4.419601682713868485e+01 6.116074794966788630e+01 6.282537250245785287e+01 4.862322839190709800e+01 5.409010471974064416e+01 6.662673683507865974e+01
9.635555453094322986e-03 2.000963555545273920e+01 3.535883612694613731e+01 4.430310808207497786e+01 5.585011385599089095e+01 4.851512996162527713e+01 2.933717506643571937e+01 3.517252867511162862e+01 1.565921809476621362e+01 2.745015978738900841e+01 8.240548068155764128e+00 2.781861709683846939e+01 2.885284835161149530e+01 2.922286112402195712e+01 9.711854225379044081e+00 2.965262538838759809e+01 3.434342888628067669e+01 3.101932239081346410e+01 1.208304637608245891e+01 3.165724888844941631e+01 3.211777703969651299e+01 1.543199486002793819e+01 3.438636374675501628e+01 3.976722054702822362e+01 1.983438987092480232e+01 3.977107052393192532e+01 3.612630633913749278e+01 3.562882242153006729e+01 1.703161702642601938e+01 3.705926841691628226e+01 4.440089827431638980e+01 3.326342639212239760e+01 4.524893311039875243e+01 6.712710001391943138e+01 6.636912289366205187e+01 7.240958730269150578e+01 7.295803251225842700e+01
8.845047570523793118e-03 7.568134507755100771e+00 1.651240641775441631e+01 2.805941180155274495e+01 4.805941284955514448e+01 4.944856639752764949e+01 2.884178508958195764e+01 1.672051640688976804e+01 2.703420790173357346e+01 7.805965059852479904e+00 2.790488776288190564e+01 2.238663170916876055e+01 4.168980598555055650e+01 3.498267261777920822e+01 1.311896351430241481e+01 1.014857937174187441e+01 1.045750928983620653e+01 1.076613401304633300e+01 1.108001134438400292e+01 1.140997863067431339e+01 1.176515409082743524e+01 1.214331117936748150e+01 3.204800386934005729e+01 3.710982015395202183e+01 1.733180421690116546e+01 3.382376479285893112e+01 1.581606716331584117e+01 1.572720650149437560e+01 3.562882242153006729e+01 4.546802909745576926e+01 6.160445650520461669e+01 4.497021899730351180e+01 6.224518759438731763e+01 7.639483262414098874e+01 6.970746579891218175e+01 6.213257772441542670e+01 6.220746194725198563e+01
8.023991185656003874e-03 2.000802399118530062e+01 3.585241325227001852e+01 4.479670250445176549e+01 5.634374584271842679e+01 4.561025473191585178e+01 2.323679945550605197e+01 8.755083625019885574e+00 7.375685144899331469e+00 2.724900876825422458e+01 3.609927600989991703e+01 4.198989184592137747e+01 4.955539683357307013e+01 4.494965423839872898e+01 3.141523242483691902e+01 1.467599324953927820e+01 1.885009266626746438e+01 1.250098819268740158e+01 2.989712741601335466e+01 3.095486240911662534e+01 3.166829409216786217e+01 3.209704221501404930e+01 1.267608313206071813e+01 3.235618025420886568e+01 1.563576911662232938e+01 1.399138243276196114e+01 1.432368673580053731e+01 1.578811256874982583e+01 3.793599239729121564e+01 4.400606356389299378e+01 6.385876205369380898e+01 6.568869238565542901e+01 7.400678871651753354e+01 6.263821305066898049e+01 5.367233403320241791e+01 4.064888421103868410e+01 5.351232132370999039e+01
4.598823041778624977e-03 1.155160420683439604e+01 2.569373983056559752e+01 4.569373983419681906e+01 4.698759584046039350e+01 3.787016249772211296e+01 3.370540270188229215e+01 2.659214951024707574e+01 7.076990201624083099e+00 1.266706954899528803e+01 2.683154166618010450e+01 4.667765659166084902e+01 6.162479937946403652e+01 5.256974760908612865e+01 3.671984801494581063e+01 1.870843536421036291e+01 3.159593588935032926e+01 3.141386286471690781e+01 1.715167398188810211e+01 3.133080979976407932e+01 4.764525248243118938e+01 3.428679696073986349e+01 1.509530138368210039e+01 1.317963196525075986e+01 1.352131356309484822e+01 3.348960754224346914e+01 3.424067609787299915e+01 1.481065978707330721e+01 2.388207921826122870e+01 3.804984994790493147e+01 5.786306104454659049e+01 7.513071204559980742e+01 6.801398214599132075e+01 5.100303376432637492e+01 3.337257936351383592e+01 2.902592577802874985e+01 3.949878573474740051e+01
7.340434288523949372e-03 1.414947605801959973e+01 3.414947605802030495e+01 4.578764929029461683e+01 3.578173836581555634e+01 1.983482094443338539e+01 1.355250955689207082e+01 6.654605029429041529e+00 7.369463871910128638e+00 2.852202755402995393e+01 2.164497199183604437e+01 3.327411443817430836e+01 5.386778449940464952e+01 4.467455358577838354e+01 2.525744364916895535e+01 3.672274184458606783e+01 4.365935589470500133e+01 3.521925635350453376e+01 2.121196248937080497e+01 4.076688554781750895e+01 5.306508126446291840e+01 4.276264154229087211e+01 2.459709382969938574e+01 3.342855555092950937e+01 1.766975885938983382e+01 3.602512744764737107e+01 2.936519867197533884e+01 1.515162018295119850e+01 2.578103938473079992e+01 4.450600654264425771e+01 6.290981109295601215e+01 6.040195701937144435e+01 4.691959079570199975e+01 4.204615977518700021e+01 1.901369220024952256e+01 1.901310279825782246e+01 1.933133004943372057e+01
3.515918393995972821e-03 1.414565154212482057e+01 3.414565154212261433e+01 3.750842776097989884e+01 1.748670135732461262e+01 6.841809820140027476e+00 6.228766580267446784e+00 2.604138820079625916e+01 2.266897419223644761e+01 3.687783567580735422e+01 3.583023291036453628e+01 3.583023291053123671e+01 5.589241240884822304e+01 5.143168035827603290e+01 3.116035475120089160e+01 5.143168035827664397e+01 6.016744082391181081e+01 4.640352760624254103e+01 2.769436958754956279e+01 2.831181866920901058e+01 4.746174303798282779e+01 5.357331005200093443e+01 3.891187391427396847e+01 4.525981624174782780e+01 3.645181119930148128e+01 3.809273790118773206e+01 1.780124445487351892e+01 1.548847632850394795e+01 1.877438034056402216e+01 3.302148234250858394e+01 5.314240222335063635e+01 4.566672943123699469e+01 4.610407819036502985e+01 2.845276659700562405e+01 1.857250635344609435e+01 3.008403667750648935e+01 3.922401398521022742e+01
4.608085242692564441e-03 1.414674370897376754e+01 3.414674370913746060e+01 4.578764829301696437e+01 3.505971755531326295e+01 2.332252957355512990e+01 5.927994379974512285e+00 1.832771843690641234e+01 3.570496811141389060e+01 5.098175734327264763e+01 5.589241174447233362e+01 5.589241249203924866e+01 6.415555547302491846e+01 6.005142367310889995e+01 4.101003983606247516e+01 6.005142367311003682e+01 6.050052737053439955e+01 4.106194338781049424e+01 3.621722429473361160e+01 4.746174303798282779e+01 3.554898837357303165e+01 5.468477368133882521e+01 5.961646045778267933e+01 6.368484664217632485e+01 5.357072620259751972e+01 4.007656295680071423e+01 2.002877012532614742e+01 1.760162949095482077e+01 1.596094180194408807e+01 1.890839345925315840e+01 3.918620863732809312e+01 3.953756201019974270e+01 2.859214600492069991e+01 1.812043219253746429e+01 3.798515307215252079e+01 4.635848618124665421e+01 4.965419933073169290e+01
1.610643649003322799e-03 1.000161064775739561e+01 2.154861653899768470e+01 4.154936471652138152e+01 4.084950283159970041e+01 2.047833403307094358e+01 5.627859330241220981e+00 2.558001745081318035e+01 3.116430003329251974e+01 5.279864031661625745e+01 5.440862406311678257e+01 6.327668800062530607e+01 6.423556219228508724e+01 7.046456159650558959e+01 6.185346256712813329e+01 7.046828470338300576e+01 6.908456447418026869e+01 6.050052737008230253e+01 4.539849364256806297e+01 6.029082893082955508e+01 4.084243782421728497e+01 6.022134144028557046e+01 6.984691037268299851e+01 4.942780168549464292e+01 3.524775621197337472e+01 2.520377047969300222e+01 4.007656295680071423e+01 4.354184238394114459e+01 3.581660925051112088e+01 1.642804580379283053e+01 3.627412356590006226e+01 1.733413362952394721e+01 1.766484633471993604e+01 3.753338799148200877e+01 3.225841819014677014e+01 5.125518577926715835e+01 6.797406633644997953e+01
2.022278438842990342e-03 1.414415790217118918e+01 3.414415792138121475e+01 4.983648269953361165e+01 3.899023466567417273e+01 1.971178233028191329e+01 5.327828651057596510e+00 1.124202268757626655e+01 3.502586971449669306e+01 5.051463917900326095e+01 3.379892205585332476e+01 5.124240937866125734e+01 4.336750388711914894e+01 5.401193668986864083e+01 6.285637051733644398e+01 6.439061837303246705e+01 7.336267985315333817e+01 7.385443922081435630e+01 5.905550066774173956e+01 6.709085672973056091e+01 4.691448608912102713e+01 6.676601939373691152e+01 7.090427351594924232e+01 4.963491338941974362e+01 3.792830086531367328e+01 2.983004680942503484e+01 4.979527565529325273e+01 5.441620900124255655e+01 3.720824170155887600e+01 1.667926336887009953e+01 1.687524642573266576e+01 2.963289575262982822e+01 1.800937234031416168e+01 4.062658128416489944e+01 5.219398124116294468e+01 6.028974742107998708e+01 7.553466327035208394e+01
6.642187732006160465e-03 1.000667455913101023e+01 2.155473061404473611e+01 4.162421296309619834e+01 3.903077142622615980e+01 2.330265771648162243e+01 5.027678439075223160e+00 2.364632072634820048e+01 3.130313622235217252e+01 3.161459962341704610e+01 2.218966838274029385e+01 4.250960679799455733e+01 2.904017609878223638e+01 3.343138535177845938e+01 4.726668629130289645e+01 4.341815729748592645e+01 6.137339807812485759e+01 7.044987449476641928e+01 7.990895740521145285e+01 7.593893206446924182e+01 5.649282393737655639e+01 7.587022681452849326e+01 7.968907952000031969e+01 6.685548058087769618e+01 5.461689296143480021e+01 3.469405199441062138e+01 5.461689296143480021e+01 4.595522704561059868e+01 2.544355608136492819e+01 3.720824171173188688e+01 3.608259578486897823e+01 3.111137558135968106e+01 1.895609629896885906e+01 3.105489431379871235e+01 4.707781431674361983e+01 5.893330673007780973e+01 7.360308988938116670e+01
1.591255364720534126e-03 1.992413473266502422e+01 3.566506071595427585e+01 4.992321058063782857e+01 3.508007719731779872e+01 1.505616559818842326e+01 6.929045505070257072e+00 4.602445017564567920e+00 1.218017989229585751e+01 1.146854189058508844e+01 2.831044598296067960e+01 3.194044031172843034e+01 1.745148770476368227e+01 2.182480548612642934e+01 2.683744421740447450e+01 3.318285324993160401e+01 4.031164232571986616e+01 5.231526541279734488e+01 7.465012442721314301e+01 8.657434216840540842e+01 7.768889312899032973e+01 8.657442387255923677e+01 7.707952505673101484e+01 5.761138004519408895e+01 4.619892163922984452e+01 4.175539501436879419e+01 6.165107976220831176e+01 5.322996757407629786e+01 3.266061029975583097e+01 5.322996757250882638e+01 5.242274542532790349e+01 4.367939133630255100e+01 3.896136000607126704e+01 2.058259633657381826e+01 2.969372997497754696e+01 4.220225532340342056e+01 6.496216528457603090e+01
6.189296070378335485e-03 7.565460253405199786e+00 2.172146846808424314e+01 4.199017239870444484e+01 4.405380395684339589e+01 2.624910333306971211e+01 2.381544304912092258e+01 2.403727377904159468e+01 4.176595470642077146e+00 5.117371726596381620e+00 8.168666499795715907e+00 1.178450698299824495e+01 2.600743424785483882e+01 4.213558711960007486e+01 4.726668629130289645e+01 5.385410164524232357e+01 6.137339807350682719e+01 7.044987449476641928e+01 8.333270653715578646e+01 8.945283184990476855e+01 8.122370005014003880e+01 8.945283357908971311e+01 8.523416372005131336e+01 7.418286360572329841e+01 6.596078889647506571e+01 5.066351021524371134e+01 6.992178815023251559e+01 6.172475779916351968e+01 4.457570025706467476e+01 6.172475777991576251e+01 5.960101825522346530e+01 5.147003160841649105e+01 4.172132194585542919e+01 2.173841159815191304e+01 3.071065543602480474e+01 4.178288278652293286e+01 5.504471565356521268e+01
2.247884206357958405e-03 1.988583249943127740e+01 2.395990207901626690e+01 4.437430318421740338e+01 5.460839286779223301e+01 4.493376730522813034e+01 3.899206532009658588e+01 1.870481355282062452e+01 3.877664804131936815e+00 2.397062785478996716e+01 2.241034144234285819e+01 3.194044031172843034e+01 4.052472561092809400e+01 5.573740725030150145e+01 5.788682666598633375e+01 6.620877025035757413e+01 6.344008168075961862e+01 7.185062038167315279e+01 7.484854093619976823e+01 7.455290778484906866e+01 6.089508150504863693e+01 7.935614181479924412e+01 8.344030457568062786e+01 9.167002128746140954e+01 7.882826593046770824e+01 6.470819491903594667e+01 7.882826593046770824e+01 7.355585783480465523e+01 6.505521291133908335e+01 6.466625411137934520e+01 5.147003160810777445e+01 3.214200498154500707e+01 4.236275870272890387e+01 2.292279218413762010e+01 4.288531456842462575e+01 5.837297624765987081e+01 5.985565152513742504e+01
