LEM/sinusoidal_perturbations/elevation_000019.asc
nrows	100
cellsize	150.0
xllcorner	0
ncols	100
yllcorner	0
NODATA_value	-9999
[rows 0 to 16 of 100, columns 0 to 36 of 100]
8.271705653423140972e-03 2.000827170565306901e+01 3.200538996043479756e+01 4.200480175786989889e+01 5.614499124296720822e+01 5.001397890837054661e+01 4.634391385784824280e+01 6.048604670371631897e+01 8.048599421370310836e+01 7.573512407202204599e+01 7.499461754716503492e+01 6.668067337708555442e+01 6.928371718869219364e+01 7.759847077856932174e+01 7.687861633594319244e+01 6.861254829523939236e+01 6.603081294198017304e+01 7.429201139743719295e+01 8.020042884705208053e+01 8.382843455478429462e+01 7.554215985535967093e+01 8.382843455478429462e+01 9.090699367866371006e+01 8.261729692323623908e+01 9.090699367866371006e+01 1.026230490451331860e+02 9.338961965744023530e+01 8.518261020556617780e+01 8.518261020556617780e+01 8.734530412139064026e+01 9.555556924321224699e+01 8.848511965492726006e+01 9.150338448489388554e+01 9.467089248373335408e+01 9.801308412422616811e+01 1.026837946776916652e+02 9.443309969486448097e+01
7.813061968023241044e-03 3.721719825509068436e+00 1.372171982545306967e+01 2.786385506714449889e+01 4.001397712686523533e+01 3.001398276791593744e+01 4.415611829276155476e+01 6.415610545306482493e+01 6.537746275635839766e+01 5.566031193249401099e+01 5.566031193249400388e+01 4.659800924352355622e+01 4.920503072589347937e+01 6.928371718869219364e+01 6.861254829523939236e+01 4.866248062326619106e+01 4.606846251812351056e+01 6.043092030493954070e+01 6.043092030493954070e+01 7.382612867261927647e+01 5.553764128766015773e+01 7.382612867261927647e+01 8.091452472216903402e+01 6.264402343892978564e+01 8.091452472216903402e+01 8.261729692323625329e+01 8.518261020556617780e+01 6.537891053557748933e+01 6.537891053557748933e+01 6.754604883646716473e+01 8.269773500037061353e+01 6.869428443662211237e+01 7.172610386191232124e+01 7.490618971383227631e+01 7.825874348545620762e+01 8.765798115279586966e+01 7.469339509073891747e+01
2.526786264046545528e-03 2.000252678626369018e+01 9.619398071704903685e+00 1.398375587642471451e+01 2.001398276797988274e+01 4.001398083814322604e+01 5.829821627702369824e+01 5.951117081786085805e+01 4.532439488607793976e+01 5.395085880149267865e+01 3.562063242467028346e+01 3.504907490001538406e+01 5.508594183352864349e+01 5.740022786873219474e+01 6.342228984534354197e+01 5.450572015925665426e+01 3.453196256477266246e+01 4.050885396630533108e+01 6.043092030493954070e+01 6.316463107543315658e+01 4.546231524410325164e+01 6.553990057072132913e+01 6.446797591972664065e+01 5.263624880931260464e+01 6.264402343892978564e+01 8.261729692323623908e+01 8.409996769207887723e+01 7.117865592167038358e+01 5.129555885800221660e+01 6.773276667301649923e+01 7.039147664277167848e+01 5.462268255921777893e+01 5.766864244477703494e+01 6.086387133080825151e+01 6.423463187853705847e+01 6.787403356725235426e+01 8.765798115279586966e+01
4.163169627051843593e-04 2.000041631696235100e+01 2.961941468501704833e+01 3.398375336813061409e+01 2.398375587639504758e+01 3.553076125576292554e+01 5.553074939699692436e+01 5.119780248168899561e+01 3.128518566001646661e+01 3.860395781555538264e+01 2.579270719292849634e+01 4.552225932315119650e+01 4.351340296248280026e+01 3.782158922571801440e+01 4.371614207344321557e+01 4.784697445367281432e+01 2.806358352791097488e+01 4.258455017251184671e+01 4.570485961970570088e+01 4.309327807505096786e+01 3.835385435466213266e+01 5.736468649514378626e+01 4.437683948868877337e+01 6.446797591972664065e+01 8.091452472216903402e+01 8.097118565912150245e+01 7.009852891383152951e+01 5.607495368783707335e+01 4.528183630311610841e+01 4.782998849094811078e+01 5.049920688044349504e+01 6.047715813936663665e+01 7.751873524295426421e+01 8.069513712699971109e+01 7.825874348591408136e+01 8.187360842027550234e+01 7.779247095533372658e+01
5.883922493566802643e-03 8.950155832492468377e+00 2.049716121552139825e+01 4.049715211893992262e+01 3.553076125576292554e+01 5.226792824697878359e+01 6.381486541886829400e+01 5.269478904755280269e+01 3.276734441415165833e+01 1.891240971131808024e+01 3.321140374139410056e+01 3.101077526696874287e+01 2.504429102155934572e+01 2.361358918052799893e+01 4.371588746918923363e+01 4.290106243593110946e+01 2.325068951671974560e+01 2.291393266825030750e+01 2.597243437602646310e+01 2.909855063193278468e+01 3.300579062933187657e+01 3.720685956809197137e+01 5.736468651366108418e+01 7.275128961691592622e+01 7.839935601740855020e+01 6.693970067429003734e+01 5.290935035444241663e+01 4.200678216271887777e+01 6.188933751004780959e+01 5.934908209489179143e+01 7.039147664277167848e+01 7.039147664277167848e+01 7.667785806597551357e+01 9.644826397199486223e+01 9.801308508572893174e+01 1.016226895607926650e+02 9.752349127013648911e+01
1.256007409845548732e-03 2.000125600740949139e+01 3.723429366660759854e+01 4.878120700933180132e+01 5.553074939699692436e+01 6.381486541886964403e+01 5.711214450555132771e+01 4.887771370720685837e+01 4.603318929286721328e+01 3.270559867280093158e+01 1.343293188886005751e+01 1.101538768053767470e+01 1.193112477304828012e+01 3.192341991153564607e+01 3.417272531708559313e+01 3.511239360770624529e+01 1.860840665770308178e+01 3.827891695298666974e+01 4.569922729249387316e+01 4.897204138075688462e+01 5.306702336644808327e+01 5.149513387218862448e+01 6.565767708485913090e+01 8.167572327649227759e+01 7.019609770151514283e+01 5.032817548477628833e+01 3.888399130187764285e+01 5.872538136139824871e+01 7.010292504258914903e+01 7.918509278405073815e+01 8.738935974188636635e+01 9.019549700443046447e+01 9.644826397199486223e+01 9.604391087024087881e+01 9.751861959757181353e+01 1.057349549489443632e+02 1.067889687648472830e+02
9.594114293757748102e-03 2.000959411429340307e+01 3.374544581966024737e+01 3.374544581966025447e+01 5.374544581966281243e+01 5.864008366758972102e+01 4.887771370720685837e+01 2.892618424428910018e+01 3.476974575705007453e+01 2.846849104361053762e+01 9.723046341232919332e+00 2.971899300468539451e+01 3.033979842719836384e+01 1.324136832382766649e+01 1.417795410633211795e+01 1.511763599104670952e+01 1.606575366711275521e+01 3.448742475299047783e+01 4.529372557218901107e+01 4.793193867088584170e+01 5.687904449999135181e+01 7.153504010576675398e+01 7.391753524434884071e+01 6.568241545199285270e+01 5.363659824756386740e+01 5.363948659117114204e+01 3.678763169491870855e+01 5.659790786057441636e+01 7.007293557797308381e+01 7.829391813519968935e+01 8.975991960336695286e+01 9.629483082958870455e+01 8.808109282306136834e+01 7.622676718298929188e+01 7.771653087134646398e+01 9.063713856367635913e+01 8.700709756237549186e+01
7.711341127313004785e-03 6.674378007794008028e+00 1.374544581965954571e+01 2.788758144339074718e+01 4.788758144339145417e+01 3.864357098084666831e+01 3.864357098084666831e+01 3.476985192893454268e+01 1.478832607029180046e+01 8.471823847053221002e+00 2.846998706154349179e+01 3.799889517294184316e+01 2.323315629613011879e+01 3.323781706941998237e+01 3.417293163793510757e+01 2.328085008379103726e+01 3.609270749937557810e+01 1.751796327706597012e+01 3.754526742487853852e+01 2.771132048804808434e+01 4.643999503268562279e+01 6.247004456875493617e+01 6.565973549188696268e+01 4.579121371261011575e+01 5.158245654578435335e+01 3.384081376207074499e+01 3.585214994479765949e+01 5.566376343427108253e+01 5.016584088208779946e+01 6.167406684606822154e+01 8.154600362889878795e+01 8.483701412107232898e+01 6.822902625434389279e+01 6.214766972133651990e+01 6.622147631541427870e+01 7.079865563275832585e+01 7.632834521804157646e+01
2.297228869525369630e-04 2.000022972288659773e+01 3.374544581966024737e+01 4.202971706731425172e+01 3.733395175765760143e+01 3.864357098084587960e+01 1.864682177717282130e+01 2.599651632429321779e+01 7.229084315050831044e+00 2.722735318683382744e+01 2.261316339639551742e+01 4.261023687486403588e+01 3.077575347833406028e+01 5.069502187676973648e+01 5.156135502484087851e+01 3.327721652330386348e+01 4.563155364599935382e+01 3.676344166533222335e+01 1.898325895091780424e+01 2.003026127345308538e+01 3.419661654194850087e+01 4.982251633267175350e+01 5.575065492241833454e+01 5.083977891743499100e+01 3.177728168052522761e+01 4.963851817996009430e+01 5.566376343427108253e+01 3.871930479706517758e+01 5.857956909643938559e+01 6.988767384160246365e+01 7.994056174383690916e+01 7.171852784349090371e+01 5.671166690899645602e+01 7.661949684570879526e+01 8.608587834096869074e+01 9.063713856367635913e+01 9.612879560600491402e+01
9.647730019007896146e-03 2.000964608862683392e+01 2.159418312155755615e+01 2.239159779726949040e+01 1.733366676310725296e+01 2.399420732025159708e+01 2.482011798040413453e+01 5.998169405257508302e+00 2.599651632424028236e+01 3.551073597791851455e+01 4.261030948360873793e+01 5.090025817130325692e+01 5.069522942103077412e+01 4.485144581460294688e+01 6.156020135435831975e+01 4.741522888559279636e+01 5.319260351917364460e+01 3.317209071874138004e+01 3.900787044532808068e+01 4.005073391223729828e+01 2.153186607126438190e+01 4.154003864756643338e+01 3.761810646516974543e+01 5.172338960359414273e+01 4.734826314421912485e+01 2.973834832413816898e+01 4.965046645924049784e+01 5.857956909643832688e+01 4.174575866600014251e+01 6.165563845233923956e+01 6.708464573969244782e+01 5.178748898424356639e+01 7.171852784349090371e+01 7.776027963837309187e+01 8.190743226674541688e+01 8.635074508199684828e+01 9.456999389052928962e+01
3.582433992925927561e-03 7.985110675100905997e-01 1.594068351685821394e+00 2.391520574514722774e+00 3.191520574514724373e+00 3.994092928419853639e+00 4.821698817022218364e+00 2.481980048413571538e+01 1.036252682295713967e+01 3.036041040183897266e+01 4.317217140416322962e+01 5.395030966921108728e+01 6.223483637309784910e+01 6.480282931734274143e+01 6.480282931734274143e+01 6.741615911139356854e+01 6.154712173608054115e+01 5.324332354377317955e+01 5.494361528241056192e+01 4.382249686570505531e+01 2.397748014922331095e+01 2.320856862206008842e+01 2.439710993432093034e+01 4.432331007710504167e+01 2.782330038877051948e+01 2.885532500224080721e+01 4.384918605605048469e+01 5.725082191690537314e+01 5.655399410122850412e+01 4.487177563718932305e+01 4.713823670100279628e+01 5.042476002637909005e+01 5.385799071115967251e+01 5.785718039750820907e+01 6.202030378359809504e+01 6.648186316705806576e+01 7.539683034941882056e+01
1.813270376062421294e-03 1.998896375246395607e+01 2.159391217636152760e+01 1.653373161208854825e+01 2.319161415068528953e+01 7.374710252470955574e+00 1.861065243435846384e+01 3.207302391777626127e+01 3.036041040183897266e+01 1.489162978921183900e+01 3.488890047392097671e+01 3.395527015356239531e+01 5.395030966921108728e+01 7.007871303096128202e+01 8.483712348524261415e+01 7.652554059746854875e+01 6.654749655118820328e+01 5.725931325157391427e+01 4.352219060346484270e+01 2.748879560089501339e+01 4.382249686570505531e+01 4.314869654082338712e+01 4.302702513609719404e+01 2.609013736823088792e+01 4.582166002071591038e+01 5.147121146457281782e+01 3.316606147170418950e+01 5.299698733239239345e+01 7.064388555334873843e+01 6.481148632398164011e+01 6.708465646719513131e+01 6.454215171493078174e+01 6.796318692588145893e+01 6.538238405354869087e+01 8.190743226674541688e+01 8.055010363080904767e+01 7.539683267137633038e+01
2.372884694381488524e-03 1.414540729974012656e+01 3.417312682275271385e+01 3.653885464022130947e+01 3.099313984425898028e+01 1.080468752155506529e+01 3.053840091367411347e+01 4.361449315804338056e+01 4.317217140416322962e+01 2.903234703456793397e+01 1.981525002191763463e+01 3.981168163760292344e+01 4.179801615290443806e+01 6.179327554255994670e+01 7.674490739319394095e+01 6.827796673473366695e+01 4.830337016505717429e+01 3.830320084903735989e+01 3.113375749452252350e+01 4.729710357674704824e+01 4.729710357674704824e+01 5.535731559120563361e+01 3.544728769184794004e+01 3.755913270094451661e+01 5.420990118637339350e+01 5.691898188824400506e+01 3.616441176845031436e+01 5.692503736944279069e+01 6.537539533175370821e+01 7.395052731427837500e+01 8.328507074505397156e+01 8.441444352138196905e+01 8.782066772781435304e+01 7.687410760449094482e+01 8.524972036179335078e+01 1.003547323439182719e+02 8.941822209754398898e+01
8.175220331382775790e-03 2.000817334425207150e+01 3.724094506537717564e+01 4.879597492493710575e+01 3.462649101677776997e+01 1.439685273741140925e+01 3.462649104464685479e+01 4.884277148781352196e+01 5.731207513297696465e+01 4.809505326331461816e+01 3.981168163760292344e+01 2.547188601439327726e+01 4.546721461614325221e+01 4.846263996374064220e+01 6.845859333196958119e+01 7.652554059746854875e+01 6.648311149917540774e+01 5.375424931610577062e+01 3.389655581626048075e+01 5.375424931610577062e+01 6.725307530405417822e+01 6.290263834391866737e+01 4.294382720056690061e+01 5.753156221015769489e+01 6.583143251665191542e+01 6.159369822129091432e+01 4.071481215910819884e+01 4.089498107664659443e+01 4.434679722776803601e+01 5.376664481007322394e+01 6.601228098754049256e+01 8.071678242031414641e+01 1.012346892443389947e+02 9.669102016052940485e+01 1.049142033739327644e+02 1.133048657936696202e+02 1.092143713702995171e+02
9.124702163186202558e-03 8.953396656718275892e+00 2.050041695233693417e+01 4.050696927873556774e+01 3.462649092229818137e+01 3.462649104464685479e+01 2.005667322670878505e+01 4.037274310596828997e+01 5.331367760276820889e+01 6.177509941243776126e+01 5.375084507554498714e+01 4.546721461614325221e+01 3.213771229958872766e+01 5.213196577442042212e+01 6.894266813215570266e+01 7.894205916967652570e+01 6.862895638922009312e+01 3.891023567795317462e+01 3.690770775788585212e+01 5.667634331143307236e+01 6.961082613919158746e+01 7.119413798638930757e+01 5.445404985575904533e+01 7.119413798638930757e+01 6.881762520704536712e+01 4.775643982836565016e+01 6.159369822129091432e+01 5.564242284689453300e+01 6.537539533175424822e+01 5.025185420255380819e+01 7.134003303342876734e+01 8.411005317393660619e+01 9.095931421415001239e+01 9.942212975914866036e+01 1.096483338886946513e+02 1.207790054001032871e+02 1.118804167709464252e+02
2.239863785106879172e-03 2.000223986378475161e+01 3.645100364586031816e+01 4.799800902965504434e+01 5.506598428683656010e+01 4.884276383379112474e+01 3.013270344648319465e+01 2.694298481015636781e+01 3.277242831920574417e+01 4.729138315668900105e+01 6.785278253109667901e+01 6.041613267950612709e+01 5.213196577442042212e+01 4.066334927405385713e+01 5.065951032820856881e+01 7.065549068228177987e+01 6.893827222072307848e+01 4.884392911617830180e+01 5.667634331143307236e+01 4.135752806323320385e+01 6.131677255066596643e+01 7.487327709730968195e+01 7.444362488281559820e+01 8.274309186262848925e+01 7.425097016737842637e+01 5.320771546518152206e+01 7.425097022399221203e+01 7.655993568046953612e+01 7.987009673173136548e+01 6.255330778364120903e+01 5.720449788804056368e+01 6.339043429608298652e+01 7.041153109351004957e+01 8.072426074474927304e+01 1.011943676835505244e+02 1.098495244136689166e+02 8.986576491952889967e+01
1.766589122093755728e-03 8.166732398399425108e+00 1.971373778219214401e+01 3.971373778219285100e+01 5.484530451156898323e+01 5.907563459528399363e+01 4.459565245042126946e+01 3.710114132911001406e+01 5.331367760276715728e+01 4.461286090954732941e+01 5.920944042116241945e+01 7.965980742686680571e+01 6.894266813215570266e+01 5.220600911688403301e+01 6.894266813215570266e+01 7.894205916967652570e+01 7.758190558444893270e+01 6.339066074827126585e+01 6.961082613919158746e+01 5.129905660737978934e+01 4.653393778485364862e+01 6.658152591225220363e+01 8.065549798189975661e+01 9.944847281321160892e+01 8.279556207081907360e+01 7.425097022399221203e+01 6.274893113236836939e+01 8.355631531908088050e+01 9.180981537649483926e+01 8.334072883386966168e+01 6.590015391353972518e+01 8.411005317393660619e+01 9.095931421415001239e+01 9.942212975914866036e+01 1.096483338886594368e+02 1.008730908452375559e+02 7.908053794126104208e+01
