LEM/sinusoidal_perturbations/elevation_000338.asc
nrows	100
cellsize	150.0
xllcorner	0
ncols	100
yllcorner	0
NODATA_value	-9999
[rows 0 to 16 of 100, columns 0 to 36 of 100]
8.271705653423140972e-03 1.446340982899477368e+01 3.453399297487658970e+01 3.322892875690186543e+01 4.197008274408710804e+01 4.955632666854928914e+01 5.183544700348033274e+01 6.039154002281692613e+01 6.175202755032191249e+01 5.139580343673945606e+01 4.311548267173660776e+01 2.708765956599840763e+01 2.992007902929623597e+01 4.989860472082848730e+01 6.230171963454254325e+01 6.329917580640050545e+01 6.688966894569270494e+01 7.105899640179414689e+01 7.542295307878686117e+01 8.076810588048846284e+01 8.654171616406010514e+01 9.320859979771569215e+01 1.014973520445145567e+02 1.115001470954347269e+02 1.050320547097542061e+02 9.696879943815753222e+01 9.568877792492935441e+01 8.765421776251046992e+01 8.910424471296190063e+01 8.910424471296236959e+01 9.714331343184083778e+01 1.049570426400684653e+02 9.683018778533514137e+01 9.682874488272051394e+01 9.847213930065966281e+01 9.847213930065966281e+01 1.065372070580389874e+02
7.813061968023241044e-03 2.000771306876859867e+01 2.363260477964834649e+01 1.479722174085867614e+01 3.192948586611095507e+01 2.952320383192891029e+01 3.169491460771913793e+01 4.766017306703137280e+01 4.761699261456901411e+01 3.348195767881612284e+01 2.311759466996098666e+01 4.311548490069674244e+01 4.989860472082848730e+01 3.404377414967678561e+01 5.401922575965837581e+01 4.331322128674861460e+01 4.689864919975627089e+01 5.106360435680932142e+01 5.542479127696005747e+01 6.076837541656573194e+01 6.654134345556390429e+01 7.320794889674891692e+01 8.320797025013500559e+01 1.032092293452963503e+02 9.696879943815753222e+01 7.770465330723500585e+01 8.334699107521360872e+01 6.860876592623890247e+01 7.003970607110073843e+01 7.003970607110073843e+01 8.910424471296239801e+01 9.683018778533514137e+01 7.723296066586567576e+01 7.723283244326619013e+01 7.920454427571954170e+01 7.920454427571954170e+01 9.847213930065966281e+01
2.526786264046545528e-03 2.000252678626369018e+01 3.633377549107452253e+00 5.153951918587284631e+00 2.515526047216226146e+01 1.665083232204305475e+01 3.107083420729816936e+01 2.766365467521711352e+01 3.587921882287523090e+01 1.932728870682985090e+01 3.933623887951851117e+01 5.139583087868184208e+01 6.230171958085626471e+01 5.401922575922760927e+01 3.840009794472617699e+01 5.837897392546235409e+01 6.688966894569270494e+01 5.953943758378218831e+01 7.542295307878686117e+01 6.956493595834184873e+01 8.654171616406010514e+01 9.320859979771569215e+01 1.014973520445145567e+02 1.115001470954347269e+02 9.696879943815753222e+01 7.770465330723500585e+01 6.442857525691584897e+01 5.807625033107724732e+01 5.709354224509003473e+01 7.562358015910899667e+01 8.196774986929182205e+01 8.765371553512878222e+01 8.297285559670541488e+01 6.357771702485401022e+01 6.573077553931642569e+01 7.921393061176684114e+01 9.864362828864332755e+01
4.163169627051843593e-04 1.495286510222854082e+00 2.149481306842703887e+01 2.515523311323364908e+01 7.349266480820524805e+00 8.915839652887465050e+00 1.119535877100548049e+01 1.350566693829970966e+01 1.586482009077207067e+01 3.587921882287523090e+01 3.088836083395151277e+01 4.242924597509544071e+01 6.241508367229454990e+01 6.666273981547603000e+01 5.252319157913698433e+01 5.252319157913698433e+01 7.251608308426605731e+01 7.108443848773146101e+01 8.782477085664773142e+01 8.370690622000000758e+01 9.785402487830162954e+01 9.680603707295661309e+01 8.844643560231605761e+01 9.680603707295661309e+01 9.884048344657246332e+01 8.742833852634568359e+01 7.926874819747175138e+01 6.907222242678572854e+01 5.068132382808875747e+01 6.907222242678571433e+01 6.297339235570103710e+01 6.853671086715013416e+01 7.611445028875856167e+01 5.725889587276367365e+01 7.611445028875857588e+01 9.199015062303072909e+01 1.026591805253410428e+02
5.883922493566802643e-03 1.219688879234968049e+01 2.025156436234839674e+01 3.563258145286368261e+01 2.735070307382844845e+01 2.836455378017064177e+01 1.211928832827033808e+01 3.213936642066132521e+01 3.587921881185067008e+01 4.416085428409271429e+01 5.087625489783619770e+01 5.915804136242734756e+01 7.069920298249967061e+01 7.217427231504726137e+01 7.251608308426605731e+01 7.251608308426605731e+01 8.080228838124926938e+01 9.108494535498172695e+01 9.937389181611784750e+01 1.037092513180281514e+02 9.981938125970555120e+01 8.687852841308553309e+01 6.872680229822466913e+01 8.687852841308553309e+01 9.071904179660997158e+01 7.088655152132164972e+01 5.973213511309540991e+01 6.523745498149536104e+01 4.655308351631909147e+01 5.995271667540150418e+01 5.006629599638650063e+01 6.347324479029265376e+01 6.677194233524396338e+01 5.344946846490087466e+01 6.311078231959942286e+01 8.421213594303436878e+01 9.259656534088610158e+01
1.256007409845548732e-03 2.000125600740949139e+01 3.749681956982476549e+01 4.693423024831350432e+01 4.477832488876661188e+01 2.478805778252033676e+01 3.213936642066132521e+01 1.550309423370872430e+01 3.552341894237965647e+01 4.731581448091136366e+01 5.888192687377419787e+01 5.059979273222517548e+01 5.425058728808730990e+01 5.217143185011382656e+01 6.261984789707722854e+01 6.747305467616283181e+01 7.350540025321562609e+01 8.017097272868087998e+01 8.844611538707994214e+01 9.998167259423935604e+01 9.039754116436888864e+01 7.169549755925626755e+01 5.909558428800726659e+01 7.858661895027030653e+01 9.033435240757789586e+01 8.742833852634568359e+01 6.882598924608583957e+01 5.008750869479225543e+01 5.950325158188017838e+01 4.043710101856052574e+01 4.118172542597611141e+01 4.495747941586394347e+01 4.854352907367229619e+01 6.677194233524396338e+01 8.000477277019187738e+01 9.079168871768634119e+01 8.454371615493595016e+01
9.594114293757748102e-03 2.000959411429340307e+01 3.645694839786754926e+01 4.800395378166026461e+01 5.308106799718316893e+01 3.894411988357802556e+01 4.380587227475231771e+01 2.966553246852001280e+01 1.901830510919324979e+01 3.903449009453532881e+01 4.567659904197594045e+01 3.060168553351628873e+01 3.425436185434662661e+01 3.803067764300270426e+01 4.261372346811101153e+01 4.746277050302920486e+01 5.349837336837168777e+01 6.017425530228521069e+01 7.172544353801397676e+01 9.170778015153491936e+01 8.208842209668073053e+01 6.249911583321483022e+01 5.229071904480595379e+01 7.169549755925626755e+01 7.097396440370292225e+01 8.471405288324362459e+01 7.696015759890018160e+01 6.044588598453810135e+01 4.188282178605587092e+01 3.597908416037152790e+01 5.625096718255903738e+01 6.347324479029265376e+01 6.677194233524396338e+01 7.473521499131919654e+01 8.832291655032905453e+01 7.939383523182198132e+01 8.566626215304999903e+01
7.711341127313004785e-03 8.172677150404645374e+00 1.971968253419736428e+01 3.971968253419807127e+01 5.874642415812264318e+01 5.894223400708308702e+01 5.794567853651468425e+01 4.696875230240114973e+01 3.275230473875852510e+01 2.271126176061570945e+01 2.566927423821795529e+01 3.234434153604536277e+01 5.234310079083222433e+01 5.803012817930019196e+01 5.067778876566282520e+01 6.747305467616283181e+01 6.380394221073764527e+01 8.017097272868087998e+01 8.017097272868087998e+01 9.132935149925644680e+01 7.156129728226795805e+01 5.785282750145093900e+01 4.661707424689755896e+01 6.609382050981473355e+01 5.742286709777759057e+01 7.006101506494474052e+01 6.211965383644678695e+01 5.896413346933755406e+01 5.075841185047882931e+01 3.319271714864508027e+01 4.824157369802225048e+01 6.744459441743062200e+01 6.792259125100112271e+01 6.924967906100084747e+01 7.645367268319120058e+01 6.597208701103906492e+01 7.783157550961207960e+01
2.297228869525369630e-04 2.000022972288659773e+01 3.645694839786754926e+01 4.724717219122844369e+01 3.874642415812335372e+01 4.460428853439219665e+01 6.460428853439077557e+01 5.909231643006221901e+01 4.238136695296960710e+01 2.904952472347810755e+01 3.981784669232522589e+01 5.234212925378486858e+01 4.388911537181964917e+01 6.389145962887885588e+01 6.223066507786818846e+01 7.896010462103197369e+01 8.379873295619026408e+01 9.207383514810767622e+01 1.001517924316667632e+02 8.869121179139614242e+01 7.554522089071464563e+01 5.601983432851831424e+01 4.209807749929523624e+01 5.594698768670272671e+01 4.768510682028074399e+01 5.995081020625275414e+01 4.176576882049218398e+01 4.729745671264052476e+01 2.973671930702369437e+01 5.036265627437291670e+01 6.097233198140981614e+01 5.979818784326943160e+01 4.576291075767731797e+01 4.804312921455134244e+01 6.360503125985522388e+01 5.728959003800235905e+01 6.293149946325634403e+01
9.647730019007896146e-03 2.000964773001865282e+01 2.724717219122915424e+01 2.724717219122915424e+01 2.460428853439290364e+01 3.874642415812335372e+01 5.874642415812264318e+01 7.000759803177795959e+01 5.661034907483333711e+01 3.661130418482557758e+01 4.904597084658278305e+01 6.795030429684199191e+01 5.543793731775339495e+01 7.217350131484654696e+01 8.222610887059653351e+01 9.050171064236288032e+01 9.317138656085626280e+01 1.013682197635722986e+02 9.445787976182684531e+01 7.450316353875903985e+01 6.065177210432545252e+01 6.642059474523446738e+01 5.594698768670272671e+01 3.602887220168923932e+01 3.869143122299585258e+01 4.982487844972337854e+01 2.665926556494365585e+01 2.646106630488754519e+01 4.659536736902445142e+01 4.815298230504534871e+01 4.769649331882317256e+01 4.789427039690907861e+01 3.280520557179414709e+01 5.013353778667542571e+01 4.569051371170427700e+01 6.347158420074479324e+01 5.479841336418175501e+01
3.582433992925927561e-03 3.595688474528416556e+00 7.247172191229508620e+00 1.391383885789611696e+01 3.391383885789540642e+01 4.633013150800915270e+01 5.461440275547076340e+01 6.355867466546960287e+01 6.489063592081539866e+01 4.815657671410716034e+01 6.489063592081539866e+01 7.721284782777398448e+01 7.543918585733474913e+01 8.371933258437927350e+01 8.319698234865695952e+01 7.906544884737260759e+01 7.322257813645758517e+01 9.317138656085626280e+01 9.184316000117971157e+01 7.193255111989792283e+01 5.811647487527365286e+01 4.682741068193722356e+01 4.070638955968828299e+01 3.485504810566144585e+01 3.007871763893489003e+01 3.520192418669842738e+01 2.597829319493562750e+01 3.403456798549249385e+01 2.696406851690564821e+01 2.733235255516974505e+01 2.770987732235712642e+01 2.809116768421703014e+01 2.847519044272145905e+01 3.570816909198419609e+01 4.936703833736358149e+01 4.982539202365724407e+01 5.020474193219388326e+01
1.813270376062421294e-03 2.000181327037570611e+01 2.724717219122915424e+01 1.431824000309492284e+01 1.966346484134331618e+01 2.633013150800986679e+01 3.527440341800870982e+01 4.941653904173916345e+01 6.941653904173774947e+01 6.815841687739609256e+01 7.643542903854877579e+01 8.675586554237028736e+01 7.852772076589137384e+01 7.732074621436521511e+01 6.322425969284776670e+01 5.908282059257953733e+01 7.322257813645758517e+01 9.317138656085626280e+01 9.139988823003523066e+01 8.360872695911447749e+01 7.467149194786081523e+01 6.642059474523446738e+01 6.051302747375016367e+01 4.758586117707863394e+01 2.617289691245431271e+01 2.549356793966731871e+01 4.589905833808894897e+01 4.931917041021780079e+01 3.481760107244930680e+01 3.682250031766509579e+01 4.664377273807421176e+01 4.777889030643689239e+01 3.461338376270062867e+01 2.902500734103087865e+01 2.941750149569865158e+01 2.980982843489142553e+01 3.019973872777883628e+01
2.372884694381488524e-03 2.000237288469402586e+01 3.823102916721707345e+01 3.431824000309562450e+01 3.380560046507376626e+01 3.966346484134260919e+01 5.461440275547076340e+01 6.355867466546960287e+01 6.646022956378172353e+01 7.465810441458390301e+01 7.949847896257347202e+01 7.125694156062259310e+01 5.855107093201723956e+01 6.221685447814274283e+01 4.908189911017439044e+01 5.908282059257953733e+01 7.322257813645758517e+01 9.317138656085626280e+01 8.360872695911447749e+01 6.385366319420992198e+01 6.963978740817785251e+01 6.397774686762606677e+01 7.199277116168501323e+01 5.599153409287485772e+01 4.563023764691472905e+01 2.515442861977536282e+01 4.414461485681945163e+01 4.584869199616032631e+01 5.346887010232064341e+01 5.281794567967392595e+01 5.416671075202728503e+01 5.371157284652599628e+01 3.387518497191137357e+01 4.932061735820493453e+01 4.378278844116240975e+01 4.410685566796647805e+01 5.027896067812401526e+01
8.175220331382775790e-03 1.000807933718553500e+01 2.414186100823037506e+01 4.401609579886903134e+01 5.380560046507305572e+01 5.966346484134189865e+01 5.649577397550418567e+01 5.236836132917523656e+01 4.653131838722660518e+01 6.646022956378172353e+01 6.797408595264234066e+01 5.126959649294498433e+01 5.632135486578003025e+01 4.222424258492731752e+01 6.221685447814274283e+01 7.732074621436521511e+01 8.729539895001495609e+01 9.330931518503413713e+01 7.390813873319487470e+01 5.968896306341384417e+01 5.002590362775841726e+01 4.472986885148669955e+01 5.694941555220408702e+01 5.287140206262245101e+01 4.520616287781815856e+01 2.481955643731867056e+01 4.410872662008149803e+01 6.147726229037626666e+01 5.694033667178517533e+01 7.050126480426702358e+01 7.020035225314563831e+01 5.739066977734044883e+01 3.733860739179740307e+01 5.738871845368750968e+01 6.403230904539083213e+01 6.411363537236429977e+01 6.167006978256532079e+01
9.124702163186202558e-03 1.415126032589426153e+01 3.415126032589496674e+01 4.583362688666749563e+01 3.744668250351337946e+01 4.584698989704809691e+01 3.654025986195223652e+01 3.240182791832030063e+01 5.236836132917523656e+01 7.049034985676300380e+01 5.900739434098674963e+01 3.972818144287566611e+01 3.633400938966010330e+01 5.632135486578003025e+01 6.521878125958065198e+01 7.153992217884392346e+01 7.909209473847914751e+01 8.731911941049857262e+01 8.743729121254139613e+01 7.762677571212250882e+01 6.963978740123279465e+01 5.694941555220408702e+01 3.796635798716563670e+01 3.374272476924036823e+01 4.472109386172370193e+01 2.448620293893490896e+01 3.905589454876292876e+01 5.879345605052639456e+01 7.072035016344985081e+01 7.265497711714220941e+01 7.332961289762157264e+01 5.194851920874744877e+01 5.739067238057518239e+01 4.310735656869628230e+01 6.302179203070362945e+01 7.767082867947033264e+01 7.318966118296810919e+01
2.239863785106879172e-03 1.414435453767198148e+01 3.414069153736092233e+01 3.569033233312620013e+01 1.738694252321574396e+01 3.567366452540425570e+01 2.241861342192686735e+01 4.238477789059498946e+01 6.059471140089301144e+01 6.229837242791698770e+01 4.232957133861533805e+01 3.080169274078708241e+01 3.453077351580961363e+01 3.968490962789238807e+01 4.522721441979170720e+01 5.155071946308142117e+01 5.911092428743835114e+01 7.325040485064192808e+01 9.319518169287319154e+01 8.662823341396233445e+01 6.713668007976289687e+01 5.337682389370916525e+01 5.644657602749812497e+01 4.695807564881178564e+01 2.782758636835869126e+01 2.415396293885645207e+01 4.493321400248321140e+01 5.923563337394238459e+01 7.002181729885613493e+01 7.961839667600476389e+01 8.200661072346413505e+01 7.342557282206540492e+01 5.937512444514202059e+01 6.302179203158009813e+01 4.964076245606596416e+01 6.944821836785457947e+01 8.578924485197535432e+01
1.766589122093755728e-03 2.000176658661664320e+01 3.342934822132606598e+01 2.514577509770203889e+01 7.387660737206610762e+00 2.737814421545865784e+01 1.666167493495634488e+01 3.662276027037395920e+01 5.369569803038857003e+01 5.300864358877575455e+01 4.744816873292737824e+01 2.748434199392254840e+01 4.744816873292737824e+01 5.967411823514035518e+01 6.521878125958065198e+01 7.153992217884392346e+01 7.909209473847914751e+01 8.731911941049857262e+01 8.976934836049525757e+01 7.846013003135043107e+01 7.026752345533887478e+01 6.356392783415851255e+01 6.125932980262896166e+01 2.566754341910180770e+01 2.368557570540535195e+01 3.191955297236833644e+01 3.350249614065227632e+01 4.036838424845195306e+01 5.208396172847258043e+01 7.923666290110172383e+01 8.664369076545305859e+01 8.746290952152516240e+01 7.924761162519740765e+01 7.767920656558459314e+01 6.103832232257146018e+01 5.769524538296681726e+01 7.755657024328078819e+01
