LEM/sinusoidal_perturbations/elevation_000404.asc
nrows	100
cellsize	150.0
xllcorner	0
ncols	100
yllcorner	0
NODATA_value	-9999
[rows 51 to 67 of 100, columns 37 to 73 of 100]
7.180701144373665556e+01 8.754951756418688547e+01 1.002416442905625189e+02 8.389196170960164523e+01 1.002416442905625189e+02 8.913933958031394411e+01 7.800435017802384152e+01 6.994823183379797626e+01 5.348082101928394394e+01 6.762732103823324792e+01 8.616467138217544175e+01 9.339685497496307676e+01 7.694724912058359223e+01 5.686361119855789070e+01 7.694724912058359223e+01 7.073389689328520546e+01 8.227627326390748408e+01 1.020038981400052052e+02 9.992791572298516201e+01 8.009450129142959440e+01 9.992791572298516201e+01 1.090778025446266781e+02 1.008123736782629578e+02 9.250574303773100837e+01 8.075998127674817795e+01 8.669172603031275059e+01 1.007144395044701639e+02 1.206026614861670083e+02 1.051908673066326969e+02 8.536211826785982737e+01 7.207163207532634885e+01 8.535830171880272133e+01 1.051323702455229352e+02 1.026844461524142247e+02 8.225502672476960697e+01 7.242704136757758704e+01 8.460836229143072273e+01
6.300231648668870577e+01 8.286017422438503388e+01 9.211084120066192327e+01 7.286692753907310305e+01 9.211084120066192327e+01 8.119981404915539258e+01 6.150553114017301226e+01 5.000551209874279124e+01 6.994823183379797626e+01 8.165603934496286342e+01 9.568475647426028274e+01 8.521707039850100784e+01 6.525030335212818500e+01 5.362101275164884129e+01 5.910074509140727628e+01 7.073389658226186327e+01 9.061269396316454561e+01 1.082239261567362263e+02 8.839429370142144649e+01 7.427989528025274524e+01 9.420252817275928692e+01 1.008123736782634836e+02 8.091535947474521606e+01 8.674306000958866036e+01 7.254250595587737394e+01 9.250574303773126417e+01 1.083839398998287322e+02 1.166464970791084568e+02 1.137178998164037296e+02 9.904073334001991213e+01 7.908886304092069963e+01 9.904073334001991213e+01 1.136070997374559255e+02 1.111688710812789083e+02 1.009471243094633337e+02 8.382982451153961279e+01 8.647840695571196079e+01
6.881854835663659742e+01 8.868409608769269425e+01 8.530709027732322625e+01 6.617914317160345661e+01 8.530709027732322625e+01 8.213208435215098291e+01 6.180933894450603816e+01 4.768569074254077123e+01 6.759775929002447015e+01 8.504260221671336240e+01 9.575134958809414343e+01 8.756952663761666145e+01 7.059265485523066275e+01 5.056021601992821957e+01 7.059265485523066275e+01 8.733385915349605000e+01 9.878613927750743073e+01 1.032671119731114260e+02 8.340410327288076076e+01 6.920136349350637772e+01 8.272637450784546331e+01 8.998917606306736161e+01 8.172335748114753073e+01 6.666369874266565887e+01 8.674306000959028040e+01 8.153493569216109904e+01 8.857330026758647534e+01 9.998495859848964074e+01 1.198468546467466638e+02 1.073219301048578842e+02 9.064363679426141118e+01 1.073224446825947780e+02 1.252294703200124673e+02 1.193784376289090261e+02 1.127563143248799093e+02 1.042723403787972671e+02 1.069344673878484144e+02
7.965735741181592289e+01 9.316053251296702342e+01 7.389790394130275786e+01 6.045748290941762093e+01 7.953979722646543848e+01 7.941797850971596517e+01 5.947138006737700522e+01 4.543403705161053807e+01 5.687505531015505511e+01 7.684087467362235202e+01 8.756952663761666145e+01 6.765410851210221210e+01 6.791570218232119771e+01 4.792583599069818945e+01 6.791570218232119771e+01 7.832281774653529283e+01 8.652124768074700967e+01 9.644916171896765889e+01 9.424594310237037575e+01 7.429346501537843039e+01 6.256095360075131850e+01 7.702275387552258223e+01 6.152764364885363335e+01 8.172335748114753073e+01 9.499658100708728625e+01 1.013803371958034063e+02 1.083839398998287322e+02 1.166464970791084568e+02 1.280999261984929660e+02 1.188889622611439307e+02 1.105238309278935986e+02 1.166164913475167424e+02 1.053716751620459462e+02 9.956991904684923611e+01 1.049605830098062285e+02 1.115387161731340342e+02 1.198073911269597147e+02
8.851411829342816873e+01 8.737689021156845115e+01 7.461276485599741193e+01 5.550674179202044911e+01 7.461276485599741193e+01 7.722203632099640913e+01 5.727625626028356720e+01 4.326815710459396058e+01 6.311823996630698019e+01 7.209703002097273838e+01 8.031356042521167637e+01 7.348719943089994899e+01 5.346516540244345350e+01 4.536853632239514411e+01 5.162127251183977705e+01 5.829066703752094725e+01 6.836878036111608026e+01 8.827685513195446276e+01 1.024995360932967685e+02 9.098445577046953758e+01 7.702275387549936170e+01 5.669843834373924807e+01 7.701541525802961985e+01 8.915654612654117273e+01 8.789404517983851406e+01 9.653934674273502026e+01 1.068993248384190338e+02 1.166737834890399057e+02 1.084051712735792847e+02 1.166737834890399057e+02 1.108596690219130920e+02 9.683227861187421581e+01 1.047727741102742272e+02 8.564464999652923893e+01 8.523486485557114634e+01 9.180431668315029015e+01 1.016256674093526726e+02
9.324566332295528071e+01 7.402124789155517703e+01 6.054822389379163639e+01 5.093695235288594603e+01 6.445687142496045396e+01 7.245479364368408426e+01 6.097775247710161750e+01 4.114866772257626337e+01 5.800527442014222146e+01 5.216827823734745095e+01 7.209703002950270445e+01 6.817559831834226713e+01 5.993512329312524400e+01 4.311759954168088171e+01 6.302542065430734652e+01 7.832281774653529283e+01 8.652124768074700967e+01 9.644916171896765889e+01 9.763007755891629813e+01 7.769509884925899712e+01 6.337669996688300955e+01 5.413055268989440805e+01 7.346175310594595942e+01 7.674693849399523060e+01 6.743430308801110584e+01 7.759688178080993737e+01 9.819120857886723286e+01 1.067664330404492716e+02 8.865156474587980995e+01 1.067664330404492716e+02 1.026292521235636599e+02 8.285114812816500773e+01 9.012144787697977222e+01 7.673681385279694211e+01 9.654950852758261703e+01 1.115387161731340342e+02 1.198073911269597147e+02
8.383498618729112195e+01 7.578510938530568808e+01 7.504352602385776549e+01 6.445687142496045396e+01 4.517166366647290943e+01 6.445687142496045396e+01 6.921222357826319183e+01 5.800527449061961249e+01 3.818737769329563747e+01 5.800527452362401704e+01 6.519587734474319518e+01 5.695654143922729418e+01 4.006552922250299531e+01 5.993512328977352155e+01 5.568112941807306271e+01 6.983920668402110721e+01 8.972348687812009871e+01 1.008182110879112088e+02 1.034601947832744600e+02 8.353391893050802253e+01 7.213133730258518028e+01 5.172704195328192611e+01 6.812999130040333284e+01 5.718018891823604832e+01 7.791893256760950237e+01 9.592448497397312224e+01 1.068993248384190338e+02 9.852836800972950471e+01 7.871962631122929110e+01 9.852836800551324359e+01 9.291486224908034330e+01 8.468074126835432480e+01 7.012987758063209753e+01 9.012144787697977222e+01 1.028321076748325567e+02 1.110789496369640830e+02 1.225333264850769126e+02
7.578675705950919905e+01 5.656607151771189024e+01 5.580817795071011744e+01 5.581351112301160811e+01 4.144754067880887760e+01 6.081288677938324838e+01 7.007894273008449204e+01 5.015853923088106114e+01 3.616296109281213944e+01 5.599309029078501254e+01 5.407557659999930166e+01 3.710088511603924388e+01 5.111654475567043932e+01 5.993512329303888464e+01 7.566317751372804423e+01 8.387311040566673626e+01 9.500007444904514387e+01 8.094068206703927615e+01 9.500007444904514387e+01 8.800330073089263294e+01 8.043106701859500163e+01 6.882039032468112794e+01 4.849596089387205211e+01 6.882037319867130520e+01 7.385007363767002175e+01 9.258159658021055805e+01 1.054787938988881848e+02 8.561461715607735812e+01 7.196883539854384537e+01 8.979617848612413411e+01 8.154823067336594988e+01 6.450083349600210170e+01 6.735399342373295895e+01 8.743973118197384053e+01 8.307848461096787673e+01 9.447572471293354113e+01 1.142471896419198600e+02
7.578754762990203631e+01 5.656606259661218417e+01 4.284463542439386430e+01 3.633551448427228081e+01 5.581351112301160811e+01 6.224973959205740215e+01 7.038743567234122622e+01 5.401991437181168720e+01 3.416680109437074009e+01 5.126603513635868126e+01 3.420914264002708194e+01 5.407557659999930166e+01 6.519587734497798692e+01 7.927520993428551321e+01 8.806986472475708183e+01 9.661047690191327320e+01 8.605956368416293856e+01 6.672769698676337669e+01 8.210383407439780967e+01 6.793761528099456370e+01 7.214651202408329311e+01 6.382081147852395731e+01 4.651385319043483690e+01 5.405161259123156015e+01 6.844209492646980664e+01 8.832873521082429136e+01 9.966267250971196745e+01 7.979572213768392430e+01 6.547477849082379464e+01 7.849400330763060651e+01 6.128867324605879219e+01 8.154823071667844658e+01 8.743973118197384053e+01 7.148991790025340265e+01 9.142718015607623272e+01 9.945508600337878136e+01 1.031738233247027523e+02
7.754832642065916559e+01 7.017177660179622478e+01 5.251933699441904935e+01 3.296814052415537333e+01 4.844285427296394175e+01 4.277197138705732016e+01 6.216500700964444803e+01 6.173517940802595660e+01 5.118956647079379252e+01 3.137603644705825801e+01 5.126603539592831993e+01 5.407557659984143328e+01 7.398518684077943419e+01 8.491112011145997940e+01 7.663725864924668940e+01 7.663725864924668940e+01 7.780276073660918712e+01 5.767740557432762216e+01 7.377119011394778170e+01 5.366575357970469895e+01 6.106929636782683701e+01 4.388399290478346160e+01 6.382081063737709314e+01 7.426675382740110365e+01 8.247063083740300726e+01 9.246044213604302797e+01 1.007065330048441325e+02 9.383917643783696860e+01 7.849255616818298620e+01 5.819757457758282726e+01 7.849387495173183993e+01 8.979061351694717530e+01 9.964658188998225796e+01 9.142718526578381955e+01 7.605456991464649263e+01 7.973439433890942496e+01 8.349609335618214345e+01
5.788556706602670232e+01 6.419862896046947753e+01 6.029932585974684400e+01 4.842344180624829164e+01 2.881331684312754859e+01 4.274876535329572391e+01 6.171589200989034651e+01 5.538528888490403546e+01 4.720272102385764157e+01 2.998540979303556497e+01 5.023177987788879761e+01 6.234042244780361841e+01 7.076366167961475639e+01 7.595015006441934702e+01 5.657410605129285841e+01 7.595016945962545662e+01 7.068737318209066700e+01 5.058365226278379367e+01 6.645864934009436809e+01 5.692847802950050351e+01 4.132910068487116462e+01 6.106929636782683701e+01 6.382078477266073691e+01 8.396306161122097933e+01 8.917921357936458548e+01 7.247048228724902685e+01 8.917921357936468496e+01 9.070785084127732034e+01 7.067043752511226273e+01 5.624789987173653572e+01 6.307886996880499453e+01 8.327151817137375645e+01 1.021532672299930908e+02 1.040773188459993008e+02 9.585460889594357070e+01 8.667620993451043887e+01 1.031738233647170233e+02
4.720962776770765146e+01 4.289031065215470306e+01 4.341910663095164580e+01 4.191406367002367261e+01 2.614786994455960567e+01 4.394346675891748788e+01 4.470993170406888595e+01 4.746131701057107932e+01 2.803686911742979149e+01 4.739372942006892231e+01 4.531313309758073871e+01 4.238868717305032163e+01 6.248062072057881267e+01 6.766474389758563746e+01 4.763971618125122376e+01 6.766474403167173080e+01 6.433032018790478901e+01 4.431596437485879392e+01 5.616304028271917304e+01 3.880934727846451437e+01 5.844123505670124530e+01 6.105969664572356237e+01 8.110991995643321673e+01 8.442477437377958438e+01 7.614597456453567759e+01 6.074515715537772564e+01 8.091923343625573750e+01 8.038480419795598664e+01 7.209266782473211777e+01 5.441185144915498739e+01 7.468827563837540140e+01 7.399021881409710488e+01 8.555969450077533622e+01 1.053629081718411697e+02 1.146505735143872187e+02 9.650693553001462988e+01 1.146505735144095866e+02
2.764895308591051659e+01 4.125210485374065428e+01 2.228995580202239779e+01 2.291525079749605354e+01 2.353796344928955975e+01 2.418092985683443175e+01 2.482682272212264962e+01 4.123599276206730480e+01 2.668346364184634112e+01 2.744824164666851729e+01 2.821860619081078170e+01 4.818267458106292622e+01 5.757904554140689157e+01 6.133222099930218718e+01 4.137642968560239609e+01 5.320653601403012090e+01 5.405755246733077968e+01 5.471284544959687679e+01 3.624420213218075304e+01 3.728223357031378526e+01 5.718920119739600949e+01 6.694742243300099460e+01 7.570536193530080027e+01 7.258034456096903853e+01 5.598964981872808977e+01 5.309078508394691198e+01 6.785550477266060909e+01 6.958218156362262619e+01 5.185240391156307993e+01 6.200122202937000537e+01 8.205613531415350792e+01 9.392951644899919472e+01 1.021532672299992015e+02 1.136011390151245877e+02 1.245736586288450809e+02 1.162819517111021810e+02 1.245736586288529253e+02
2.073365083329627012e+01 2.139199922757102001e+01 3.796591410929182331e+01 3.938187462926651250e+01 4.083944641036442391e+01 4.423280236256747600e+01 3.374115992648125228e+01 2.574727697840818053e+01 4.584880388751628999e+01 4.155178643530354776e+01 4.818262275016253682e+01 2.932070587873306877e+01 4.928939961706196016e+01 5.120694707269010593e+01 5.068137321536790552e+01 3.324733611282165668e+01 3.410961911466114316e+01 3.497605214557969333e+01 5.491442061566556987e+01 5.718954164522314443e+01 3.873941948128466350e+01 5.864729526663619907e+01 5.531709194577715749e+01 6.188125164627189889e+01 4.446192532155112076e+01 4.605382582189402996e+01 4.770956261477092397e+01 4.939211360973978060e+01 6.476643544182631729e+01 8.025309836401818586e+01 8.206472370226721580e+01 1.017408505924630191e+02 1.018489821166843114e+02 1.100640816365959864e+02 1.219459041155312917e+02 1.160798637783038316e+02 1.160798637783855725e+02
4.062083282519817118e+01 4.120840950234699562e+01 3.178075722001831593e+01 5.062688329675080467e+01 6.363872840780475570e+01 5.391625061854112033e+01 3.267599722079114599e+01 4.653359023802116923e+01 5.535818382361678403e+01 6.168514203187427114e+01 5.368014557185665581e+01 3.429872590553307532e+01 3.044457788767471484e+01 3.124351661786045042e+01 3.204644118447554035e+01 5.201720264869390320e+01 5.405755327042225389e+01 3.832942647936129532e+01 5.778328834721827434e+01 6.684669903578688377e+01 5.835982626569249732e+01 4.018992731801662188e+01 4.122135826894205479e+01 4.225375944673825046e+01 6.222985717504105452e+01 6.615118139704190980e+01 6.785550477266261282e+01 6.368473630479581971e+01 7.787822000965834945e+01 9.315348836623512341e+01 8.938008556982767061e+01 8.796210907236405774e+01 8.221374068639507016e+01 1.018489804352021224e+02 1.020461699970271070e+02 9.623322370298230055e+01 9.623322370298230055e+01
5.062748529728022362e+01 5.774828934528088098e+01 5.062745574188607378e+01 4.516410854228099936e+01 6.381714264713432527e+01 5.391625061853543599e+01 5.391625061854129797e+01 4.137878901825572342e+01 6.323634291556783893e+01 6.138746965614565454e+01 4.186918630923918272e+01 5.373423939548639794e+01 4.454888949352322669e+01 5.120706794998611144e+01 3.458034623672450891e+01 5.405324540129351618e+01 6.122286453850293242e+01 4.164513451336431871e+01 6.122286453860809274e+01 7.084878850450063226e+01 5.075846757173966495e+01 6.011634791200814476e+01 6.116914862806061848e+01 6.222985366685154673e+01 4.421643654253241351e+01 6.425234048865524983e+01 7.467571436129505003e+01 8.381670707480644467e+01 8.451680112135552747e+01 7.624482303030596597e+01 7.097679441560144653e+01 6.812427319725183850e+01 8.221374066633737243e+01 1.018489576994037833e+02 1.020461699962683610e+02 8.227170259570745259e+01 1.020461699972936032e+02
3.033146977825793300e+01 5.062770360542635473e+01 6.296166807462374493e+01 6.381714264714510421e+01 7.169585683478830163e+01 7.559993929921397182e+01 7.059843764858703707e+01 4.851215344855868494e+01 7.059843764858703707e+01 6.734331672211422415e+01 4.759000669645276105e+01 6.734331672211422415e+01 6.456566362426343630e+01 5.664428969300504235e+01 3.697886471003951669e+01 5.664484149650531464e+01 6.489175935555439878e+01 4.499907064042037064e+01 6.489175935557359765e+01 7.913025888115782891e+01 6.497760322824264279e+01 7.085025197137908037e+01 7.218675355369751401e+01 5.199592099632091191e+01 6.425234048865524983e+01 4.627286839077255109e+01 6.636870786095707331e+01 7.682442407544742480e+01 7.354500957184735910e+01 5.599761692924904821e+01 5.793264821011840837e+01 7.818479552186752812e+01 8.321025120594137547e+01 8.558195413648172689e+01 8.797895979169643965e+01 7.623086868963892471e+01 9.391554741631728120e+01
