LEM/sinusoidal_perturbations/elevation_000926.asc
nrows	100
cellsize	150.0
xllcorner	0
ncols	100
yllcorner	0
NODATA_value	-9999
[rows 51 to 67 of 100, columns 37 to 73 of 100]
9.094127168188040855e+01 9.159741560177647557e+01 1.115910173722550240e+02 1.204687394597454499e+02 1.089259097351519472e+02 9.650420314286205326e+01 7.660824654539268863e+01 8.760646085699666230e+01 7.919594055868292060e+01 9.909544524353789541e+01 9.164550931391889321e+01 9.164550931391887900e+01 8.323382476226494475e+01 1.031360841000992963e+02 1.047420988744785149e+02 8.869006098549952810e+01 6.815422071226009848e+01 8.869006098566597984e+01 1.073292962294858341e+02 1.049537091058172820e+02 8.503875834574822079e+01 7.053796396567851446e+01 8.257049808173051986e+01 7.886097951467719724e+01 5.788214101829783687e+01 7.647196603249373936e+01 7.995820847375698293e+01 6.977054293568217247e+01 7.122790791030324442e+01 7.908298409638844362e+01 8.916068473945001926e+01 1.031269109989802217e+02 1.228880801356958870e+02 1.109491177979602838e+02 9.088943691404345770e+01 9.836197278678081091e+01 1.185078291519245255e+02
7.160999445191114887e+01 8.574247272742549342e+01 1.057324980959545542e+02 1.221635500275942263e+02 1.021335867194761278e+02 8.808852948789527204e+01 9.650420314286205326e+01 1.047945934575735123e+02 9.067043719211179109e+01 1.073924748715360948e+02 1.115938321188740190e+02 1.114348743194462941e+02 9.728327661120088976e+01 1.114348743194462941e+02 1.066968905007814357e+02 8.685311081381080101e+01 7.239580940462442982e+01 9.266521931975250936e+01 1.086927143058652803e+02 1.023852375691895418e+02 8.244323658078613448e+01 9.087171868433274824e+01 9.911571254825634014e+01 8.259254272848910716e+01 6.181607804897971192e+01 8.259254272848910716e+01 9.772149400089980986e+01 7.767828748269579364e+01 9.149555695286613854e+01 8.309134427773855691e+01 9.462822901975125944e+01 1.143790896914022994e+02 1.252487318719883689e+02 1.050260237117963840e+02 1.024275921461315448e+02 1.185078291519245255e+02 1.270426107548093313e+02
8.207695431338603953e+01 9.540215230710033723e+01 1.020650309971342722e+02 1.103510955193258525e+02 1.163200727187103780e+02 1.080002271455062299e+02 1.163200727187103780e+02 1.189289743622578044e+02 1.106042202688744425e+02 1.148292283126813089e+02 1.065593685706696334e+02 1.148292283126813089e+02 1.172660113177565790e+02 1.165666614900828364e+02 9.682711951147992124e+01 8.272174114000887357e+01 9.266521931975250936e+01 8.055268351851222519e+01 1.004822309572158190e+02 1.106179448229401316e+02 9.402246304325167614e+01 1.048698365725702786e+02 8.499916437435346950e+01 7.318327709871510933e+01 6.656787316274677835e+01 8.706548927035966301e+01 1.042564147190005883e+02 9.772149400089980986e+01 9.192279444348105244e+01 1.029759249658976472e+02 1.112020479938854578e+02 1.226362917061055526e+02 1.338323198740690714e+02 1.252487318719888236e+02 1.225897383173587230e+02 1.311585267130789703e+02 1.279486386556211244e+02
6.964453776372771188e+01 7.541100142661197481e+01 8.207639492703233941e+01 9.621016101319807490e+01 1.161999375182841874e+02 1.216517427836282224e+02 1.134045976453622728e+02 1.164006211714917924e+02 1.082021738303764948e+02 1.047193099211734761e+02 8.623406090516996869e+01 1.047193099211734761e+02 1.120634466778911218e+02 1.203174122798536985e+02 1.108235713635434507e+02 9.274546401970604848e+01 1.086927143059095613e+02 1.004822309572158474e+02 9.061626018965102958e+01 1.103482017247805942e+02 1.080006380854057113e+02 1.131021709350049491e+02 9.339749862995098795e+01 9.339749862995098795e+01 7.364047202100842071e+01 7.597522919940550423e+01 8.767345836723347929e+01 1.074634621524691482e+02 1.059181046080839792e+02 1.199712572359716773e+02 1.223414592034479398e+02 1.305445055239653698e+02 1.250127290005668215e+02 1.167638757559044222e+02 1.167638757559044222e+02 1.170495435109982481e+02 1.252922023017613213e+02
8.963120413597016523e+01 9.540215230710033723e+01 1.020650309971342722e+02 9.839638421299132176e+01 1.183886372330730268e+02 1.100356703447072135e+02 9.319829249306461350e+01 1.048395003081699599e+02 8.808177420170808603e+01 9.639671473791982237e+01 7.596446747508394992e+01 9.639671473791982237e+01 9.182005804902127011e+01 1.086834161323732673e+02 1.207108165805750986e+02 1.124719309792863839e+02 1.207108165805750986e+02 1.185790553427490295e+02 1.004949308989409076e+02 1.185790553427490295e+02 1.278316266552372724e+02 1.215021708841804582e+02 1.043732219650689927e+02 8.455137276198571783e+01 9.377799789503534100e+01 8.767345836723347929e+01 9.603769813979955927e+01 1.156969622870888230e+02 1.257297224119049730e+02 1.191162599558969077e+02 1.025511352269738978e+02 1.191162599558969077e+02 1.167638757559044222e+02 9.669497076251929002e+01 9.669497076251929002e+01 9.703010464166979432e+01 1.137542492471062872e+02
8.777626977188364776e+01 9.605629544578462742e+01 1.049921976025164412e+02 1.183886372330730268e+02 1.139893298765427687e+02 1.009721956715683717e+02 8.137444686233811808e+01 9.658565568856198524e+01 7.628194840077786409e+01 8.486330482041249468e+01 6.915906211576513840e+01 8.748205992623708482e+01 7.998893670063834804e+01 9.940870416639505436e+01 1.066026017254361875e+02 1.148745469622759003e+02 1.264544143530952738e+02 1.284695914210290937e+02 1.202014725506204371e+02 1.284695914210290937e+02 1.241391629420920282e+02 1.162705294015506894e+02 1.125970167590361228e+02 9.859077369152049641e+01 1.043732219650689927e+02 1.074634621524691482e+02 1.156969622870888230e+02 1.240981517498079967e+02 1.232164162951766286e+02 1.033575952497646284e+02 9.091914660038186469e+01 1.109155103282807886e+02 1.159670191650788382e+02 1.025238259888506462e+02 8.227720878230668689e+01 8.527267152807220896e+01 9.703010464166979432e+01
6.780200026746597075e+01 7.673439383883288656e+01 9.085725729847735010e+01 1.108375005309140420e+02 1.055003740845467064e+02 8.541535831853684613e+01 7.222133627508084430e+01 9.263140858648901599e+01 8.486330482041249468e+01 6.451987526071259538e+01 6.275395883729232338e+01 6.706124811808913933e+01 7.249662368909147858e+01 7.897781913786128882e+01 8.625518673679879100e+01 9.808964795649393409e+01 1.182315128350539482e+02 1.289390441780269896e+02 1.210634284889426198e+02 1.289390441780269896e+02 1.131331121745462838e+02 9.717995447843796342e+01 1.131331121745462838e+02 1.183332870107907411e+02 1.241654933951645461e+02 1.198067725819543767e+02 1.115882962078136273e+02 1.105403398983479093e+02 1.187590788343146926e+02 1.033575952497646142e+02 8.320809252616609797e+01 9.476581842000356914e+01 1.019940234588734000e+02 8.929504955868776506e+01 7.507022034208144134e+01 9.538199330941922938e+01 9.514675895379787107e+01
7.337258932727564797e+01 9.334761378437079316e+01 1.049921976025164412e+02 1.096677198239264470e+02 9.718085945315563379e+01 7.680241371148657947e+01 6.503383458879235945e+01 7.771186644289883816e+01 7.811072943796658308e+01 5.778906227677355645e+01 7.811072943796658308e+01 8.748205992623708482e+01 9.294789103607492109e+01 9.294789103607493530e+01 1.066026017254361875e+02 1.148745469622759003e+02 1.203129260224646089e+02 1.124642547561531103e+02 1.022552949848470973e+02 1.195049141770376480e+02 1.052485808307067714e+02 8.566920990079442788e+01 1.052485808307067714e+02 1.158715336582973805e+02 1.198067725819543767e+02 1.082917909941475898e+02 9.160094329428451942e+01 9.053710154129726106e+01 1.072375048509305060e+02 1.089421014706318260e+02 8.889380971637466189e+01 7.454841604796816057e+01 8.747255839166932390e+01 9.080538938101464908e+01 7.060824349851547765e+01 8.776793095757830088e+01 7.493901201731348749e+01
8.749552408873181264e+01 1.016296741556492549e+02 1.036689475985484421e+02 8.940716106429731269e+01 1.036689475390857496e+02 9.211375545529521958e+01 7.174640835081862633e+01 5.738515020962761781e+01 7.093630504406007731e+01 5.477429403482026515e+01 6.911675204065241473e+01 8.948117748635156943e+01 1.078138326693642597e+02 1.131830312422184761e+02 1.147311459521860115e+02 1.125247651375125884e+02 1.046543386335948753e+02 9.333394532194955673e+01 9.250208287186708844e+01 1.116593617368949225e+02 9.832622785275297872e+01 7.845796874471162141e+01 8.846578558793359548e+01 1.079615916635177371e+02 1.115882962078136273e+02 9.160094329428451942e+01 7.990685984912681761e+01 7.883613257977337696e+01 9.825620225761491611e+01 1.098345018018332269e+02 1.030257327252050175e+02 8.782086102659594928e+01 6.773131622265242413e+01 8.649606494934803891e+01 6.643549234884640953e+01 6.767688695407056798e+01 8.776791735285668494e+01
1.074758080958061726e+02 1.096677198244964444e+02 8.940716106429731269e+01 7.492951542582089530e+01 8.663770952269081249e+01 8.153792912840680174e+01 7.686753104580807872e+01 7.093537017555634350e+01 5.063351391034063909e+01 5.828832900153992114e+01 6.735222539130300845e+01 7.913370946243597359e+01 9.949379621501182669e+01 1.147311459521860115e+02 9.558987533121363356e+01 9.910236393554970391e+01 8.516236476506969666e+01 8.177758527238577813e+01 1.014193654546348426e+02 1.064292234373590276e+02 9.204333266037333772e+01 7.201939294474843223e+01 9.204333266037333772e+01 1.031083005479822532e+02 1.143109870061246340e+02 1.036871384925086659e+02 8.997772623596323172e+01 6.986186769226786453e+01 8.147356995680277691e+01 1.015946197040420742e+02 9.937680709237041299e+01 8.333214665979997449e+01 6.338183654653450816e+01 7.856345147219514047e+01 6.247750972659663660e+01 8.239837461496350102e+01 7.660483815346519521e+01
1.145543593336192600e+02 1.096677198236851609e+02 8.940716106429731269e+01 8.663770952266104075e+01 6.623858794548631579e+01 6.118045736681708036e+01 5.654210015181642746e+01 5.212187102576211828e+01 4.830380633583888539e+01 6.860736222004123874e+01 8.698871597083949325e+01 9.607672869628150636e+01 9.183964697095331076e+01 1.002922283437691959e+02 9.910236393554970391e+01 7.939145143065248078e+01 7.346870754083117561e+01 9.340064227356474191e+01 1.026056498026642032e+02 9.847639007499907393e+01 7.866338754466481475e+01 6.697474083844446113e+01 7.524587197224172996e+01 8.687012147674658991e+01 1.063941442018378467e+02 9.542776211218391325e+01 7.529790135434713250e+01 6.535210710208583862e+01 7.970294409996917295e+01 8.799044337468403398e+01 9.096259168114902138e+01 7.063742193432544525e+01 5.921267470144154288e+01 5.870587969874851098e+01 6.413017600641890681e+01 8.410288259279468548e+01 9.679905422901263989e+01
1.062667939951056155e+02 1.179307338997060697e+02 1.096677198236780413e+02 9.500368275022863429e+01 8.663770952271363512e+01 8.153792912840680174e+01 7.187810829981076211e+01 6.347992575068237642e+01 4.601127547567890730e+01 6.036007252646161447e+01 8.080971276421486493e+01 8.826340703744818939e+01 7.096613690276261366e+01 8.831990163579995112e+01 1.070110203811536422e+02 8.856643802497781337e+01 6.856419633392884805e+01 8.301881904341448148e+01 8.301881904341449570e+01 8.901868225839150739e+01 8.255121244745409115e+01 6.248593395859864330e+01 8.255121244745409115e+01 8.771189608157418149e+01 1.072471594267948660e+02 1.036871384925086659e+02 9.365002744595513207e+01 7.970294409999875995e+01 5.979022106785822643e+01 7.456150112125074259e+01 8.065140338973388623e+01 7.169870072453841203e+01 5.528812943158944648e+01 7.518188796528221474e+01 8.410288393006514696e+01 7.296517573827306080e+01 9.311347913561405676e+01
1.062667939951056155e+02 1.038495792201294705e+02 9.213352032151016147e+01 8.376287926123447392e+01 8.640330229061855505e+01 7.785316127921888096e+01 5.752633758051953805e+01 4.320295801553893256e+01 6.073315790884604581e+01 6.913099647017995153e+01 7.592905291487585373e+01 6.878478608919765236e+01 5.920659015577734863e+01 7.978832031414870585e+01 9.553734899951383852e+01 9.446869405228521543e+01 7.463634511292002571e+01 6.298706723150797160e+01 7.816040559714100766e+01 6.912351045622818901e+01 7.389003802204724991e+01 5.868296475917818356e+01 6.769312892170576390e+01 8.194827547789056155e+01 1.016265071113883920e+02 1.025747705849684905e+02 9.437461528979584102e+01 8.799044317313752117e+01 7.456150112125074259e+01 5.463904010703925707e+01 6.972936502361990563e+01 5.244574620554689659e+01 7.239522630119556368e+01 6.782960483630009207e+01 8.783339694794143782e+01 9.311347913561405676e+01 8.375321561138663640e+01
9.977849410133077868e+01 9.552663397617811825e+01 7.515121312211789473e+01 6.334815226761141105e+01 6.600062524656301832e+01 8.038194302313289086e+01 7.172475207233276251e+01 6.056675708939634006e+01 4.048680981287026981e+01 5.805135613178428144e+01 5.580078302487681441e+01 4.886902297726108912e+01 5.612369676222610337e+01 6.622643762657124000e+01 8.708838041214927728e+01 1.024154091283975418e+02 9.107674988335156741e+01 7.234808819320782902e+01 5.810774653042467719e+01 5.486032135427289091e+01 5.376905679611212463e+01 7.388995768260562613e+01 7.145048012508355839e+01 8.305974157026359705e+01 1.026867203546986644e+02 9.437461528985778614e+01 7.442819350357162023e+01 8.027036518265605025e+01 8.272871074879542164e+01 6.965831788222460830e+01 4.976981512974899147e+01 6.972936502362283306e+01 6.395481621156343977e+01 8.392504090199156508e+01 8.415611389053299263e+01 1.041954301931906599e+02 9.802928101040761533e+01
8.003887104120714469e+01 9.399924250244528423e+01 8.376287926123447392e+01 6.334815226761141105e+01 5.162656000372789578e+01 6.399455499660746938e+01 7.239896695173192143e+01 6.905498723465234434e+01 5.805135638383902830e+01 3.783005477803491345e+01 4.208579023029022892e+01 6.174525640152951667e+01 7.660152510460230246e+01 8.517437690223104596e+01 9.553734899951383852e+01 1.078990851774170920e+02 1.001746633902835981e+02 8.626137579174569225e+01 7.545935405092741632e+01 6.760497803301996100e+01 5.041445052618711742e+01 5.718546190084536818e+01 7.145048637062326691e+01 9.135637519426734343e+01 1.106281311361912145e+02 9.179655726175791131e+01 7.183260696584935090e+01 6.034997105998461819e+01 7.136169410423750037e+01 6.585584030215079565e+01 4.816563967732010099e+01 6.809959767894659421e+01 8.392504090199156508e+01 8.024823954986887031e+01 1.002849308045126264e+02 1.124409060584903841e+02 1.179439905077535542e+02
6.560810879340178303e+01 8.582047244749247739e+01 9.213352032151016147e+01 7.575556458006764160e+01 5.538489843321011818e+01 4.375655727926185534e+01 5.742821165715116649e+01 6.228962106621065686e+01 5.388016695261247690e+01 3.595588770602512341e+01 5.622006089133520845e+01 7.019664454929637998e+01 8.090465718676209406e+01 9.107068230331657332e+01 1.020100709772071212e+02 8.784235738799904425e+01 1.020100709772071212e+02 8.277845325261596088e+01 6.176102973801399543e+01 4.736392921068747341e+01 6.438934379058292734e+01 7.256799650038237814e+01 7.728048628155423216e+01 9.704986613445261412e+01 1.027864846168749011e+02 1.000013047273849338e+02 8.850148202076260873e+01 7.136169410423750037e+01 5.145208577321329813e+01 4.593409406624660818e+01 6.475894913465519664e+01 5.965569785027451388e+01 7.372261187176346198e+01 9.368846286841522897e+01 1.085373156527390535e+02 1.160971153359420072e+02 1.117071591529764305e+02
5.766641150669106963e+01 7.232530418360741464e+01 9.231762942566081165e+01 8.414989909697688120e+01 7.178991015695206102e+01 5.147940135860265798e+01 3.724642179743089798e+01 5.157375711138221419e+01 3.357827242474160556e+01 5.388016416958186028e+01 4.498338747347526123e+01 5.214190549702935584e+01 6.231682111280287728e+01 8.270800072058655417e+01 9.371683694910693418e+01 7.357919768101382374e+01 9.371683694910693418e+01 8.803536602839398029e+01 6.766604244372290111e+01 6.467231846574858878e+01 4.445227646166026858e+01 6.456855308440906072e+01 7.262467713837848748e+01 9.224876285969160961e+01 8.212815211540751648e+01 9.663396155109468566e+01 8.199257299582703240e+01 7.051787435506595614e+01 6.225263062311291407e+01 4.432921220579644483e+01 6.434512954277415986e+01 7.955588479251746037e+01 7.957047423652257123e+01 9.953005792942886387e+01 1.102400824151071959e+02 9.616242006455344438e+01 1.017521391008601768e+02
