LEM/sinusoidal_perturbations/elevation_000289.asc
nrows	100
cellsize	150.0
xllcorner	0
ncols	100
yllcorner	0
NODATA_value	-9999
[rows 0 to 16 of 100, columns 37 to 73 of 100]
9.320556912692113372e+01 8.495900639631112483e+01 8.495900639631112483e+01 8.373582323555990570e+01 8.373582323555990570e+01 9.195020115610414280e+01 9.281423382500753405e+01 8.396595901868640510e+01 8.910720735000982984e+01 8.024086794342277074e+01 8.910716558841565416e+01 1.015169539265788075e+02 1.092850645720495351e+02 1.010780904195112413e+02 1.092850645720495351e+02 1.128765257606409165e+02 1.047731882853948662e+02 1.064989911381439782e+02 9.843663181332672707e+01 1.064989911381405818e+02 1.051793658615433742e+02 1.132238154203890588e+02 1.110232382774680104e+02 1.027309200008732120e+02 1.015904513938960889e+02 9.577440972614134296e+01 9.501390793698763559e+01 9.501390793698763559e+01 1.032690159037899633e+02 1.123616027937724908e+02 1.040381734408045844e+02 1.123616027937724908e+02 1.155038632366275237e+02 1.072217380459751013e+02 1.155038632366275237e+02 1.158230990456934393e+02 1.048531763697461372e+02
8.495900639631112483e+01 6.638865838569306277e+01 6.638865838569306277e+01 6.531725665464610131e+01 6.531725665464610131e+01 8.373582323555990570e+01 8.396595896240887669e+01 6.269175344447043585e+01 6.892282404832594978e+01 5.906674636485917063e+01 7.111926522986560428e+01 9.270120804944166082e+01 9.938106121855329889e+01 8.127231284344389906e+01 9.938106121855329889e+01 1.047731882853948662e+02 8.556146037885905287e+01 9.118844520437257017e+01 7.925973258984542724e+01 9.686845892112981460e+01 8.624018198765928389e+01 1.022077932009727874e+02 1.027309200008732120e+02 8.305493764624608843e+01 8.191629111441343980e+01 7.617607043646077614e+01 7.542352713151052512e+01 7.542352713151052512e+01 9.501390793698763559e+01 1.024586614392477344e+02 8.435185485186400456e+01 1.024586614392477344e+02 1.056941374306328214e+02 8.775776868062936842e+01 1.056941374306328214e+02 1.078597360893514718e+02 8.895238597183593754e+01
8.400937772798656056e+01 7.182778738900900350e+01 5.378786871356223287e+01 5.280811611813399509e+01 6.394492436309992200e+01 8.238050539756149249e+01 8.434870539201907036e+01 6.892282366563902940e+01 4.831593158671101662e+01 6.892282353367586722e+01 7.339840616394357653e+01 9.462877283718390231e+01 9.117520163147754886e+01 7.136553119732917594e+01 9.117520163147754886e+01 1.024372476074298390e+02 9.118844520437257017e+01 7.193606325015524305e+01 6.957142871120102257e+01 8.884818220158615532e+01 7.520103784985899154e+01 9.141113264866352495e+01 9.937701509208196171e+01 8.881789945140945974e+01 6.929720322667556331e+01 6.235459101310305385e+01 6.159506651233707686e+01 8.116113191601127141e+01 9.373084382985287277e+01 9.419501414633421632e+01 7.501822058643512037e+01 9.419501414633421632e+01 8.792789206209317854e+01 7.836603074731627316e+01 9.748975336244130574e+01 1.087807145918479961e+02 1.022465731401361779e+02
7.594840691535175381e+01 5.776413559802818298e+01 4.715226272126484020e+01 4.561713714937282305e+01 6.252322629642432616e+01 7.276394268721233516e+01 7.553160277141330425e+01 5.472187634278845536e+01 4.314525097461078929e+01 5.273044749138021103e+01 7.339840606846189530e+01 8.391558596051953600e+01 7.570873042819501109e+01 6.475315373838637356e+01 7.439130235047166195e+01 8.841427497895070076e+01 9.921899306974997046e+01 8.156225422726387819e+01 6.212857752742946360e+01 7.508436199398570920e+01 6.648804235157375331e+01 7.226592808775814092e+01 9.141113264866352495e+01 9.703908796185702101e+01 8.881789945140945974e+01 7.424356107321104048e+01 5.454830920725948573e+01 6.597532881303109775e+01 8.553677685057603242e+01 8.780267719274552007e+01 6.896654940246374110e+01 8.020077807758089250e+01 6.900040560578348448e+01 8.792789145369026471e+01 1.030270675470399055e+02 8.911494368886168616e+01 9.482310940563526458e+01
7.976640954388362559e+01 7.329480249562095651e+01 5.827286252187744253e+01 3.913544194173832125e+01 4.645343786390511553e+01 6.413772293807446090e+01 7.339840624738985753e+01 5.273044749140596821e+01 3.846197028658767181e+01 5.273044749118471941e+01 7.339840529911400324e+01 7.570873042819501109e+01 5.590885997167320909e+01 6.822508283547458063e+01 6.038543987595357976e+01 7.544233882172179051e+01 8.365723966790092447e+01 8.957302072671390647e+01 7.508436199398570920e+01 5.549250763024947020e+01 5.841489892418400132e+01 6.976881408744699797e+01 8.894453808714099807e+01 9.265063447748157444e+01 8.281537144457222155e+01 7.038093679234216893e+01 5.062341043663803930e+01 7.038093679234216893e+01 8.624276266382535994e+01 8.573365402810878777e+01 6.334772113356441281e+01 6.114191909895678378e+01 8.020077794256920356e+01 9.603217395114953092e+01 9.487491462908528206e+01 7.533770960771319380e+01 8.251850117921212302e+01
7.045208556186754834e+01 6.767469004457892368e+01 4.905243998843127429e+01 3.469981211432718737e+01 5.450636619547165651e+01 6.913949136917214844e+01 5.843454704105212016e+01 4.982497460794684230e+01 3.446952197829040188e+01 4.891703655368068127e+01 6.949252996023879803e+01 7.717355157881776506e+01 6.817433336369741426e+01 4.859926964410626482e+01 5.062180648670184269e+01 5.571812614522599461e+01 7.544227582597855530e+01 8.526423476114001687e+01 7.080906886892034890e+01 5.116968308862704617e+01 7.080906886892034890e+01 8.582147158991993763e+01 9.689616627263870896e+01 8.444515235418964494e+01 6.483231566842977145e+01 5.495322368687786962e+01 4.695788644815964119e+01 5.840451093411996197e+01 7.806065586873376105e+01 9.003430209730795752e+01 7.570317036188851034e+01 5.601250729447492915e+01 7.570317036188851034e+01 9.172900407790388044e+01 9.632170834220951861e+01 7.679165248846544500e+01 6.297201566328243416e+01
6.224527026797422025e+01 6.635852921864071163e+01 5.108851549118842428e+01 3.071823871341727497e+01 5.107851830677105198e+01 5.156976920269212883e+01 4.612972934599794428e+01 2.886628596457151374e+01 4.982497460794684230e+01 6.358073023224531539e+01 7.179363488305408225e+01 5.960791909353587670e+01 7.199521949609852811e+01 6.149517566745071662e+01 4.237615838068989405e+01 5.571811060153792994e+01 7.544010251111821219e+01 7.149425022745252534e+01 5.772426569376500538e+01 4.806412255559121860e+01 6.196355190098960719e+01 8.142695362871005216e+01 8.903591012019633411e+01 9.265063220326598525e+01 7.981093352885970660e+01 6.327329950876708864e+01 4.360782760048729045e+01 5.751066131367986145e+01 7.718553879439588172e+01 7.570176409161845754e+01 6.574409311457952754e+01 5.248398264028243432e+01 6.391732028683111366e+01 8.352641963163748073e+01 9.260546762975303636e+01 9.064401445650537426e+01 7.377809063293371139e+01
4.829399726603904242e+01 5.152114840696224718e+01 4.059155638232079610e+01 2.691743701466505811e+01 4.441719858094121776e+01 4.337049760813731325e+01 2.361556908124333631e+01 3.670989164557317963e+01 5.081539459733747321e+01 6.391611431635075036e+01 6.262332810023745822e+01 4.704852703997625696e+01 6.286878689075829385e+01 5.800503132510823434e+01 3.939057376478350392e+01 5.800503550228246041e+01 6.756156244084620255e+01 5.950329243544358349e+01 4.396543778209698417e+01 6.343717802633246805e+01 7.571024424291275068e+01 8.300860699353906114e+01 6.855790563178419461e+01 8.300860699353906114e+01 7.163672219603556357e+01 5.195650440681735915e+01 4.075759705858184390e+01 6.027434315771999707e+01 7.144989373568900248e+01 6.328535302638757543e+01 4.782038432934382399e+01 5.923804026233251818e+01 7.873955499622859122e+01 8.931664631573626423e+01 7.431796476042352140e+01 7.388211911503121598e+01 6.641681696012233260e+01
2.993614511202487094e+01 4.040286692000564273e+01 3.574736918749947989e+01 4.111760107879196369e+01 2.198817492977003596e+01 2.232101435460677408e+01 2.265601182137581304e+01 4.002800012053912582e+01 4.134037730966085888e+01 5.279272765807122880e+01 5.435195167619628620e+01 3.882692266121492963e+01 4.874674876768523291e+01 5.042462206260434954e+01 3.660501793756905187e+01 5.476512310957743068e+01 5.578725424072978711e+01 4.019419165087639811e+01 5.950329243544358349e+01 7.149425022670165220e+01 8.118714276001449548e+01 7.405991155989690355e+01 5.410910849568193726e+01 7.405991155989688934e+01 6.668332092560633839e+01 5.693156700828712502e+01 3.810085895028095848e+01 5.743389691033650735e+01 5.931956221383254757e+01 4.365568998449994353e+01 5.752828062942033682e+01 7.560709298651742927e+01 8.684151482176113745e+01 8.142804608501691632e+01 6.200326650371010118e+01 5.607781366020157066e+01 4.665637589274194852e+01
2.517442153142140171e+01 3.112774549418262637e+01 3.529238481079881495e+01 2.152054328686199725e+01 3.331984021950892583e+01 3.996311920072025003e+01 4.227536431815968143e+01 2.313648133107174587e+01 3.479790023691516154e+01 4.071277284420219900e+01 3.833520369492448054e+01 4.429578628445121069e+01 2.922694231189328562e+01 3.252448552423459205e+01 5.042199383429399973e+01 5.221517099664773554e+01 3.655129125969793336e+01 5.578725420604374818e+01 6.756154100562191900e+01 7.522453618182760238e+01 6.301624168265150416e+01 6.301786398339029915e+01 4.523984074660667432e+01 6.563601636420951024e+01 5.839284617822838186e+01 4.019974701909058723e+01 3.549264583455516231e+01 5.229226083744872255e+01 3.987805124496655651e+01 5.931956221383194361e+01 7.144989372474003630e+01 8.537150717015379087e+01 8.364355017733872444e+01 7.099900015817996746e+01 6.015831283418507525e+01 4.500952932407116691e+01 5.900354352155581950e+01
2.039247893978927095e+01 2.072292130534322041e+01 2.105279608309725603e+01 4.195961085382691635e+01 3.256967990785170741e+01 4.341137336290086068e+01 4.169337980045158787e+01 4.400352897049618406e+01 2.362298102946352429e+01 2.397158132909972039e+01 2.432517709102687320e+01 2.468470533277699275e+01 3.497849490224319879e+01 3.592440348893713775e+01 4.747998389969066579e+01 3.281500406465627151e+01 5.221516635007474605e+01 6.380963834612848729e+01 6.347327207193777809e+01 5.581437689385093393e+01 6.266940394300890205e+01 4.474223288834163270e+01 3.886602358374635457e+01 5.267976249901069252e+01 5.321692895274571100e+01 3.472199422119188483e+01 5.397760193850553634e+01 3.626487911224231198e+01 5.550522628548829829e+01 6.445279336445554463e+01 7.679039224291791754e+01 8.096405587319540587e+01 6.965837628913882895e+01 5.575666252160358027e+01 4.326017438390125136e+01 5.593349852358075935e+01 7.172748562200881395e+01
4.056910695299188063e+01 4.425384427177606739e+01 2.216739549258510777e+01 4.561690276480705108e+01 5.333039482636591089e+01 5.454753939425651765e+01 5.234803171918866127e+01 3.304826515432225875e+01 4.780627001628324990e+01 4.766377618886745182e+01 4.632075942992751294e+01 4.582531161914288020e+01 2.521114792168342689e+01 2.580068653694388559e+01 2.878855543592526445e+01 4.870093115352959501e+01 5.252649612578460392e+01 4.938688045917889013e+01 4.405424810364617372e+01 4.207284031836350380e+01 5.084781671818454640e+01 3.807502597911131659e+01 3.277629459069586204e+01 3.336390064953169343e+01 3.393549918511347130e+01 4.944471166532979112e+01 6.119463869067304529e+01 5.309045784477261520e+01 3.704097284643177090e+01 5.631418380295563964e+01 5.713390001319420008e+01 7.287502180880281344e+01 5.319213568500992295e+01 4.153072103821351391e+01 6.152890939690686878e+01 7.059476905140328995e+01 8.202017615048028176e+01
3.049382436857102263e+01 4.911828393593134479e+01 4.561688795803874541e+01 2.822865238703133173e+01 5.167842341191565225e+01 6.618277066681640974e+01 5.526035006085867707e+01 5.526136323621778246e+01 4.548771906786279118e+01 6.615834983747593867e+01 6.213621375160599314e+01 4.097321464349980857e+01 2.571690526070966953e+01 4.517533373144518549e+01 2.669865818381353506e+01 4.669955722297514455e+01 2.860067097758642873e+01 2.928634095474496135e+01 2.996904028746166659e+01 3.063945028455538022e+01 3.129171596094607111e+01 3.192200490631852716e+01 5.138415242769571023e+01 5.267966015424912740e+01 4.088214632458425513e+01 5.850645388892328214e+01 6.998263624418837026e+01 5.886912816111451008e+01 3.949938985263730018e+01 3.782345928551441716e+01 5.713390787634634194e+01 5.854541597763527250e+01 5.913369895644184027e+01 4.066273706522590459e+01 5.611579238165133177e+01 7.787561450245976857e+01 7.227738923513754798e+01
4.916089960942471038e+01 4.167644828073159857e+01 5.913892077154435611e+01 5.167842344221566719e+01 3.545451233569642113e+01 5.787677462081137492e+01 7.539772529158638292e+01 7.391696535420567216e+01 5.799617023449270903e+01 7.391679532429078847e+01 6.682658134039498066e+01 4.730993376674959450e+01 2.623902110746909244e+01 4.681313247280195355e+01 3.395647403236460349e+01 2.763652972179884415e+01 3.920189513903797263e+01 3.701286560323084984e+01 4.975667108304602237e+01 5.033098550051221309e+01 5.085002085576876851e+01 3.495934191203554775e+01 4.706773203198913791e+01 6.589063283489056744e+01 5.978693163812739897e+01 6.816509209788083012e+01 6.278011436811755885e+01 4.314394792064624795e+01 5.888049536899256253e+01 5.062336738976252803e+01 3.859623154550853741e+01 3.914103293144125928e+01 3.968350511034675066e+01 4.032650201555529890e+01 5.977591688315333585e+01 6.461906605036122642e+01 6.290134730512043859e+01
6.525739758817613279e+01 5.471998218417788706e+01 6.037255741009581556e+01 6.235638398998138143e+01 4.078647177280902270e+01 5.646141142167375193e+01 7.658810672056043245e+01 8.389617538550113807e+01 7.577303677710418128e+01 7.425261322723633839e+01 5.239833898422652680e+01 3.766107827088048765e+01 2.677833062914644202e+01 4.756000365414259079e+01 5.203891205924605146e+01 4.621129660352554680e+01 3.671898961271741513e+01 4.872513864503688552e+01 4.787350450208317199e+01 6.635199088906233555e+01 5.924696496696453352e+01 3.928149789327944319e+01 5.924748175724788268e+01 7.467389600352223056e+01 7.923049819109999703e+01 6.684909400971565674e+01 4.712394891253359930e+01 6.278011436811757306e+01 7.053742102905130196e+01 6.336799535489527813e+01 4.425676883204824463e+01 5.853608851568012028e+01 5.913364188222353590e+01 5.898006876311210789e+01 4.124315113164084323e+01 6.077243770134658973e+01 4.317465606237953324e+01
7.141260277340013829e+01 7.401908657365133593e+01 7.985295025645233125e+01 6.727384861995193432e+01 4.688660478791766906e+01 5.854198212231858633e+01 7.836877724793457389e+01 9.160887893272629867e+01 7.924220404432226417e+01 7.093359966745518363e+01 6.207797334831240477e+01 4.227851916294133616e+01 2.733497282637442538e+01 4.809169966777631799e+01 6.569850755800293030e+01 6.318049897063862375e+01 5.880460555669903755e+01 4.877415373098140350e+01 6.635515908346604874e+01 6.291672202526576285e+01 6.563103236804799678e+01 4.574223707950617523e+01 5.542151047908949124e+01 7.453753882435621847e+01 7.109581471602055558e+01 5.140454493539160552e+01 6.684909400974854066e+01 7.499083464885433159e+01 7.639145521910758418e+01 5.673795327825263257e+01 5.820655775858078584e+01 6.395774182690651344e+01 7.364265272638483850e+01 6.172603530101199709e+01 4.300984772133072198e+01 4.220019565414688856e+01 6.186570297909366900e+01
6.323477321941106766e+01 7.719195514277727455e+01 8.579834833380277814e+01 6.682143899659190822e+01 5.335809502392089598e+01 7.250072399676122359e+01 8.632210567631312870e+01 8.332733519872235206e+01 6.246828747258760473e+01 5.075717143104786544e+01 5.911494552763406318e+01 4.855808800671043457e+01 2.790661123118323061e+01 4.026116485594647543e+01 5.927300435193337336e+01 7.554367906241017749e+01 7.639311739087452224e+01 6.825085673740551329e+01 7.631808959337405440e+01 7.527546892689660751e+01 7.283179033234796407e+01 5.281265474811477389e+01 7.273174825086650230e+01 8.258088451485255632e+01 7.570998708306689196e+01 5.613376618551036046e+01 5.744230915417383443e+01 7.698946485966162356e+01 8.457317860024441813e+01 7.064795112927123455e+01 7.786148029970694040e+01 8.358588100512845642e+01 6.696824043458575204e+01 4.689854124427993298e+01 6.291650992932575548e+01 5.613096264934095814e+01 5.462148898535191677e+01
