LEM/sinusoidal_perturbations/elevation_000698.asc
nrows	100
cellsize	150.0
xllcorner	0
ncols	100
yllcorner	0
NODATA_value	-9999
[rows 51 to 67 of 100, columns 37 to 73 of 100]
7.781193984840673750e+01 8.763832985514812890e+01 9.727459634476778660e+01 8.939297162412677267e+01 6.983602085088638489e+01 4.918282581007878917e+01 6.983634320327479372e+01 8.326388459736040204e+01 9.512626713581764193e+01 8.738633907925331812e+01 6.732514936873896261e+01 5.748217929478577304e+01 6.549386677775083854e+01 7.973722286715471341e+01 8.239440593447521621e+01 8.771149766837540085e+01 7.377466018296264849e+01 5.389662468818575292e+01 6.789839294510292689e+01 8.794294627932734443e+01 9.394931840866242112e+01 9.984539560076167675e+01 1.083639841528304970e+02 1.091015499296683942e+02 1.297393526969032962e+02 1.188394872934406123e+02 9.999342813547389142e+01 8.642762927218991820e+01 1.062672749744721585e+02 1.188409644323994883e+02 1.137611885781150534e+02 1.057412561873329935e+02 9.392916650268757905e+01 7.434710523409388827e+01 8.569443275343111566e+01 1.051780219975727846e+02 9.926201659754582352e+01
6.502910885251039019e+01 8.456241135899169592e+01 8.589333404689648432e+01 6.911674042721496392e+01 6.671216179231548438e+01 4.621342259745158998e+01 6.672270673907783589e+01 8.092006277132318814e+01 8.923162035252853741e+01 9.585429747457658323e+01 8.576772043099357745e+01 7.136363894080638204e+01 5.149622441601117373e+01 6.605384906015291335e+01 6.238138345573609200e+01 8.239440593447439198e+01 7.135247647271027915e+01 5.144540782622278385e+01 7.135247647271027915e+01 8.735214200369524917e+01 1.016980729148857563e+02 9.817979025553653116e+01 1.066882388597537670e+02 1.079669499735718574e+02 1.164523446779848683e+02 1.279419360054932469e+02 1.132779721668699722e+02 9.344872606451031061e+01 1.132779721668699722e+02 1.193759580209484739e+02 1.000935476228937944e+02 8.624270284313742252e+01 8.055933605431033584e+01 8.129441396792915953e+01 1.008388212651206288e+02 1.132071405561957818e+02 1.075794491035713634e+02
7.075011966329927304e+01 9.035913408029099969e+01 7.781213176880474691e+01 5.712376568208510719e+01 6.357046930967160847e+01 4.336627037727786416e+01 6.372860588012476768e+01 6.034304067031450813e+01 8.092006277132318814e+01 8.748315462510720408e+01 8.153149183672636013e+01 7.973721563108519206e+01 6.605384905322389955e+01 4.617374467905557367e+01 6.605384906013463819e+01 7.407857970725279984e+01 6.573368071449239380e+01 4.905682153341546581e+01 5.902187191582452641e+01 7.302101049865764537e+01 8.216325811403680746e+01 7.781333394163904416e+01 9.116678529772805462e+01 8.739103444829797240e+01 1.074114693467416259e+02 1.166440298512158193e+02 1.214424375416850097e+02 1.049422129358430595e+02 1.214424375416850097e+02 1.168846867577069872e+02 9.758369883649399412e+01 1.057412561873329935e+02 8.800305161979562740e+01 1.008388212651206572e+02 9.371884641708344077e+01 1.130905836314485668e+02 1.099012151714881895e+02
7.495138820499265364e+01 9.490644533145011508e+01 8.598978185772463689e+01 6.674453490246968101e+01 4.627175481091398268e+01 4.062074814877569651e+01 4.594799172142757726e+01 6.568242339402623031e+01 7.750091662804672410e+01 6.736959071046925374e+01 6.150322642325743061e+01 6.631067258382357466e+01 5.800437842029801772e+01 4.279924553188598679e+01 6.143957092187298485e+01 6.318799423291272177e+01 4.582228085881967417e+01 4.882484027777888969e+01 6.873530653342380958e+01 7.642598632557491101e+01 6.228888289126934552e+01 6.644976979974180153e+01 7.103317975937268614e+01 7.845972199459394858e+01 8.744811002176413695e+01 1.020658028472525984e+02 1.228143650158326636e+02 1.246648310362832461e+02 1.328259086479792188e+02 1.249220112614477785e+02 1.087801474447128953e+02 1.154897114666259768e+02 9.782649000856851274e+01 1.154897114666259768e+02 1.074565059070413184e+02 1.211167842785968958e+02 1.108919233185256132e+02
6.651061590105875609e+01 8.646987113052288976e+01 8.758490367681437760e+01 6.681625221983583174e+01 6.680843910765780436e+01 5.724320904623807849e+01 3.716153012106309461e+01 4.858755291288467504e+01 6.906705520421866140e+01 6.736959071042808489e+01 4.745970598004167584e+01 5.586943360556080052e+01 3.806453294649125496e+01 3.978827850434741009e+01 4.154838752690327652e+01 4.330262280059460522e+01 6.318799423291272177e+01 6.873530653342380958e+01 5.326194654148689978e+01 5.659963493775439503e+01 6.403170864007684315e+01 8.395706341211530344e+01 9.116678529772805462e+01 8.361582156535069998e+01 1.041612532039472683e+02 1.166440298512158193e+02 1.176354501555477583e+02 1.176354549677781591e+02 1.262073268325588487e+02 1.360582499944936501e+02 1.279556933469951474e+02 1.251500480581152743e+02 1.171144070682259581e+02 1.251500480581152743e+02 1.266924504851766216e+02 1.301993343758809658e+02 1.192312857586350248e+02
8.119461537901590020e+01 8.641623197971655657e+01 7.810225258627620804e+01 7.810225258627620804e+01 6.935455848116048116e+01 4.892511617294285031e+01 3.488673989127381958e+01 5.490876128916042376e+01 6.985013405534165543e+01 6.211379886586158960e+01 5.380880122916271802e+01 3.599715201838834133e+01 5.587425807287640112e+01 5.075630142682497592e+01 6.030621987080951385e+01 5.476838535449873291e+01 7.152288537512229993e+01 8.150245295593050798e+01 6.467554511044430399e+01 6.795297101858244559e+01 8.395706283069048936e+01 7.800076188778187714e+01 9.833684733374472842e+01 9.809555285327023455e+01 1.126643774180420223e+02 1.114711712941366244e+02 9.682293355046324734e+01 9.682293362918746027e+01 1.176354549677781591e+02 1.245271653878215687e+02 1.159757275167496147e+02 1.159757275167496147e+02 1.182500651766231812e+02 1.267904251828772999e+02 1.360873639723916710e+02 1.159543104836467933e+02 1.017414538153406198e+02
7.738713468674652063e+01 7.810225258627620804e+01 5.816069743536635883e+01 5.816069743536635883e+01 6.917101859026014665e+01 5.264171378856255501e+01 3.265557296560437095e+01 4.952959104401730173e+01 4.952959076330390786e+01 5.270270084810285027e+01 3.411700681756659037e+01 5.376578375070044302e+01 6.393220375167508251e+01 7.044789787888900889e+01 7.663466393275959376e+01 7.468813360273635737e+01 8.307255488350418204e+01 9.311130684968220805e+01 8.465908168562067715e+01 8.800033932721919427e+01 9.647242389420213726e+01 9.833684733374472842e+01 1.068299241616957005e+02 1.188051492558430198e+02 1.166977432099258465e+02 9.606026536891104683e+01 8.238184284374229094e+01 1.029187799956710165e+02 1.159662812717406979e+02 1.159757275167496147e+02 9.522479636195559749e+01 9.522479636195559749e+01 9.749374825964673619e+01 1.155899930881544151e+02 1.259592743125524805e+02 1.301993343758809658e+02 1.212001623806473987e+02
6.921709665262589795e+01 7.810225258628162237e+01 5.816069743536635883e+01 4.430214338202765134e+01 4.931001959759515785e+01 5.397206462990785525e+01 3.758178079283272410e+01 2.953916125954772198e+01 4.933877167093574201e+01 3.229291736947210723e+01 4.250278798608587749e+01 5.502594525116688828e+01 5.969886851751363110e+01 6.850449231633341185e+01 7.989439802659606471e+01 7.403564515615212827e+01 7.403563021993362270e+01 8.234414323823177995e+01 8.722882742212959784e+01 7.890799617616896455e+01 8.594026695571557184e+01 9.428842985081131189e+01 1.032635443595611520e+02 1.149232698981727196e+02 1.106675787411614493e+02 9.001454177447965321e+01 7.571261712438992220e+01 8.685052216497730626e+01 1.074193304795226709e+02 1.092597709001170898e+02 1.013026033812594449e+02 8.081945821728014323e+01 8.641930471816114334e+01 9.663051803334361978e+01 1.113149400205737436e+02 1.321314043148031487e+02 1.354350141035200465e+02
7.093785963192117094e+01 7.809544067705354564e+01 7.211546141000656007e+01 5.513040026671249905e+01 3.545128146270060654e+01 4.602469572755251903e+01 2.873474777624056387e+01 4.586281808192963894e+01 3.037899311472547481e+01 3.103915135000900705e+01 4.772268377261010386e+01 5.211711388566191516e+01 4.224137716650948704e+01 5.957225118035596267e+01 6.039041449631331204e+01 5.473839057572106270e+01 5.473839056015748383e+01 7.403563007303239374e+01 7.045699005997724385e+01 5.908863003403598668e+01 6.605000150110552681e+01 7.488174025108881438e+01 8.636289178767641772e+01 1.065306822380791232e+02 1.051504237275604510e+02 8.460832839332016420e+01 7.040515607858256431e+01 9.062496881693861894e+01 9.478600555078396894e+01 8.869889026533054732e+01 8.869889026533110155e+01 7.480017494395610811e+01 8.908233953837638808e+01 1.097190863630270456e+02 1.186266514279288629e+02 1.271700926249739183e+02 1.391462564031770341e+02
5.353889753179846878e+01 6.000159317637663747e+01 5.007827333213925414e+01 5.501812928554695503e+01 4.686015104167848477e+01 2.793392983425779974e+01 4.766608587968666910e+01 5.472528771503136369e+01 3.965727922690933838e+01 4.977518259198746620e+01 3.197999982815651165e+01 3.265014177878092738e+01 3.332288567707678340e+01 5.297136421653328853e+01 5.602554994238476382e+01 4.204570923059679188e+01 6.039042048933072238e+01 6.302367665635398453e+01 5.079029131480644565e+01 7.045699003171733921e+01 7.676549122032108130e+01 8.378116444353530312e+01 9.211852230738077196e+01 1.021357032544959935e+02 1.006678600968882193e+02 8.022513592260874304e+01 6.605149722106435206e+01 8.051102642987029867e+01 7.445813427004824803e+01 8.310311207231271169e+01 6.852302506429099083e+01 8.269516135858343375e+01 1.031931740168126197e+02 1.066097789273508027e+02 9.781281770885047422e+01 1.098107660705769746e+02 1.306693747829230290e+02
4.615321325731359536e+01 4.519994852008484543e+01 3.123269484685665986e+01 4.552876478304100516e+01 2.713779761178015093e+01 4.686015690923205312e+01 4.038134244842702714e+01 6.020207779439031981e+01 4.913263542770319958e+01 6.092465905646884039e+01 4.201719067184908596e+01 5.232379375211490213e+01 5.247164531713136881e+01 3.427888292903598710e+01 4.176889027623040107e+01 3.620011853599443441e+01 5.541864700042380321e+01 4.369331417921866745e+01 4.682750576278323251e+01 5.147107812741324295e+01 5.683159269251934376e+01 6.393784401383567939e+01 7.380283694980532516e+01 9.375949193726523845e+01 1.066551985545251853e+02 9.463610022653054443e+01 8.050550414562428614e+01 6.031116229715710375e+01 6.021154026770155099e+01 6.296434816020064318e+01 8.310311207231573860e+01 9.283544926970195377e+01 9.739384674374471729e+01 8.600232808877937885e+01 1.005128642901943721e+02 1.213290329330050241e+02 1.258478373277356326e+02
2.496215814158194490e+01 2.536331069811904371e+01 2.575908591353507759e+01 2.633542856411911970e+01 4.605588588306702036e+01 5.510374653641975584e+01 6.020213696498102962e+01 6.020213696446610641e+01 6.108346392172562389e+01 6.285154313133828197e+01 6.127634330901662452e+01 6.452144722771301133e+01 4.522919400277109503e+01 5.391353571807776035e+01 3.523927212971833001e+01 5.507385135969865786e+01 3.716281349719552196e+01 4.107966232286710095e+01 5.971705615125991073e+01 7.143793274667201842e+01 7.676549122498597910e+01 7.310279038933244067e+01 9.211852230738077196e+01 1.021357032544959935e+02 9.830859175402405015e+01 7.798175234145840307e+01 7.668731742766006221e+01 5.643693556593220251e+01 7.669292123413920592e+01 8.310311207231573860e+01 6.852302506420646466e+01 7.256833985410122523e+01 7.700807350290203601e+01 8.707971268617609439e+01 1.016102051567753364e+02 1.224293134626649220e+02 1.173026913343714739e+02
4.001135157538409715e+01 4.429951837215050858e+01 4.490102336031517183e+01 2.586266457306855671e+01 4.541447780190721062e+01 5.472544881639554148e+01 6.881322613620339723e+01 8.017150483122830451e+01 7.976476161074465665e+01 8.216746313579861294e+01 8.663709874088446838e+01 7.274714999258132764e+01 5.623168582173198615e+01 6.988501283613604187e+01 6.228396602345384281e+01 5.618711461100897253e+01 5.635402719495436941e+01 3.813896111392986654e+01 5.293029386033293804e+01 7.238430096668193414e+01 8.296004582236461999e+01 9.306264102411186911e+01 1.014254449972387278e+02 1.013660948855961834e+02 8.140735213264450465e+01 7.982317097705536924e+01 6.153109245135954808e+01 5.438587814175595980e+01 6.540542857484386730e+01 8.786583929915516933e+01 8.869844288392043552e+01 8.680483515575899389e+01 8.866445178703231988e+01 1.059566530100255335e+02 1.162807944931045228e+02 1.192564315311343250e+02 1.076044385368231247e+02
4.655485071597085778e+01 5.465328515820491617e+01 3.808059610595108069e+01 4.545771287277005257e+01 2.712453667773827704e+01 4.101119750212657777e+01 5.457479895827089678e+01 6.819948939645645680e+01 7.317278184111582107e+01 7.317606221631567109e+01 8.142585420354494374e+01 8.171459681174481204e+01 7.585234118714454610e+01 8.414113484351069872e+01 8.413751623295112836e+01 6.600413142644747211e+01 3.977308374960126969e+01 3.882671016509641504e+01 5.215992399290266235e+01 5.506203857694484327e+01 7.462291348801149127e+01 8.278189015179439991e+01 8.732090671976669682e+01 9.498091325075372993e+01 8.143408271322735459e+01 6.150955781057171379e+01 5.171723402521239876e+01 7.163148637974825306e+01 8.303149787770014711e+01 8.732236320723184519e+01 1.082463647964568736e+02 1.073946396530224376e+02 1.093184220142802445e+02 1.178865071567597909e+02 1.160466075924178284e+02 1.107385268073067834e+02 9.072823012613423543e+01
5.720870489050879826e+01 5.320450847872531597e+01 5.620285607200136724e+01 5.401889217086685591e+01 4.579891427833185702e+01 2.791989829111124521e+01 3.101236664582228642e+01 5.520525787129433581e+01 5.338692910963648330e+01 5.338704008088154040e+01 7.317606221631567109e+01 6.178484763854697803e+01 7.588638135670399265e+01 8.585296962845741575e+01 8.576298585218569315e+01 6.600413142613552964e+01 6.489623916299197504e+01 5.798409064378227384e+01 3.978347647383632335e+01 5.893393860667294604e+01 7.565028043285572323e+01 6.148019005227718736e+01 6.537147602866721741e+01 7.986734237963118233e+01 7.996487427648585822e+01 6.773635119695977380e+01 4.999721392384669372e+01 6.969877475522127952e+01 7.332286725366694213e+01 8.439420106428221402e+01 1.029484906590598854e+02 1.024265396057145097e+02 1.107589897392831944e+02 1.103478102022813800e+02 9.640266523278842214e+01 1.103381195165711546e+02 9.532955380363773656e+01
6.074860314181589160e+01 6.537447194473585910e+01 7.009236343648778700e+01 5.475202243456369189e+01 3.485490672402686130e+01 4.745016981615453489e+01 2.860713137014087337e+01 4.824865887090183492e+01 3.931601380045312766e+01 5.816005400517124002e+01 5.828624351588808139e+01 4.781802811593424707e+01 5.766320101945297694e+01 7.758107102860621751e+01 8.585792949230464899e+01 6.601341578503912899e+01 5.090081610040679294e+01 4.351105202597094745e+01 4.045146339884485087e+01 5.963094002031630225e+01 6.098101308394574005e+01 4.802637058597584030e+01 5.893829124240399864e+01 6.674489544886739623e+01 6.448858005886421552e+01 4.759877538751524639e+01 6.145166819285986293e+01 6.155983768678154178e+01 7.490518544900213271e+01 8.938538036343473436e+01 8.829188213501460325e+01 8.243711531115253877e+01 1.024265396057145097e+02 1.015634116638146338e+02 8.257812158224497523e+01 1.015616109441195078e+02 9.174939788053400491e+01
8.145904231767680415e+01 7.912362470069227527e+01 6.290672411162150013e+01 4.277933089151272128e+01 5.475313597462996285e+01 5.644858894663462223e+01 4.248888911215548347e+01 2.930245978085588732e+01 4.903512545373227738e+01 4.422087156349365245e+01 3.860231082028803939e+01 5.828639002592001361e+01 7.588638135670399265e+01 8.585296962845741575e+01 8.585792949236346772e+01 6.601341578503912899e+01 7.144569265276891201e+01 5.787151192361026375e+01 5.661664691852283227e+01 4.138147275312069695e+01 4.203333106423313126e+01 4.267795075495649115e+01 6.200930777735140964e+01 4.452912897703363626e+01 4.520047034424955257e+01 4.594758770370538059e+01 6.559400625455887734e+01 6.569865248491949217e+01 6.145107610734063996e+01 7.767133307258589525e+01 6.842264821526160290e+01 8.829188213287966391e+01 9.881878667682872219e+01 9.340039623279118075e+01 7.381307010333674157e+01 9.340039623279118075e+01 8.834406581236818568e+01
