LEM/sinusoidal_perturbations/elevation_000533.asc
nrows	100
cellsize	150.0
xllcorner	0
ncols	100
yllcorner	0
NODATA_value	-9999
[rows 34 to 50 of 100, columns 37 to 73 of 100]
4.819127946022989306e+01 2.902057071828240353e+01 4.931953902975281068e+01 6.071055194246662978e+01 6.916640752320130048e+01 8.283622459921265602e+01 7.809075290485382936e+01 8.625007901290236134e+01 9.562919903316620207e+01 8.734794967163477963e+01 8.734794967163477963e+01 1.073593854270728229e+02 1.140180250512845106e+02 1.031206610100476553e+02 8.658750125952478527e+01 8.251302059800728728e+01 1.005868555093500163e+02 1.060674107292289534e+02 9.930869836481109303e+01 7.954788486019555194e+01 8.317406170194210802e+01 6.639207872834255397e+01 5.233292311762867399e+01 6.885554333673924532e+01 6.885367197100825365e+01 7.351290735285083144e+01 6.453037195908511592e+01 4.724668272013834525e+01 5.951280275512101525e+01 7.446498803197454208e+01 7.231492702165205344e+01 7.231492702193712319e+01 9.189579144598923222e+01 9.305206849962164029e+01 7.655342894769287909e+01 7.321823498732243252e+01 8.717130504339530717e+01
3.094543278175978784e+01 4.938173567254241192e+01 5.542473881813572945e+01 5.756931497497458849e+01 6.584060826562468094e+01 7.434786545487392573e+01 8.261023406364058985e+01 8.158320944910268224e+01 8.668868536766727573e+01 6.735364328611420603e+01 8.668868536766727573e+01 9.823508299197908400e+01 1.072778842643148920e+02 1.145268540050925026e+02 1.063853460063867828e+02 9.653230010610396050e+01 1.104717640554598432e+02 1.153933418359460745e+02 9.714630519879231940e+01 7.738656894876736203e+01 6.341313948212540907e+01 5.581651071943412035e+01 6.639207754909361370e+01 8.037175616616256946e+01 8.863422398483133691e+01 7.344405850321143703e+01 5.917548236661269812e+01 6.620537006574772931e+01 4.798438890886514230e+01 6.712544668759035460e+01 5.870147744316575711e+01 7.633138965366418915e+01 8.506872491673701120e+01 7.861328778869517464e+01 6.502788028832470957e+01 7.655342894769287909e+01 9.629264461982144496e+01
4.564086588305075054e+01 3.332904604372218671e+01 3.508245896871198255e+01 3.735638852102415086e+01 5.756937828655684086e+01 5.441821116878065823e+01 6.511241002805948597e+01 6.162934080548077276e+01 6.990341680084006271e+01 5.846528749197503316e+01 6.995155934566135159e+01 8.995567264643575811e+01 8.674758318538239621e+01 1.012170019814759172e+02 1.130361179168432528e+02 1.162934276131395848e+02 1.114521814680244489e+02 1.027266388844253413e+02 8.762613775492597767e+01 7.974642789263545239e+01 5.995326152930940822e+01 6.292955162818683590e+01 8.269299249356861026e+01 9.434835790191873173e+01 1.023274551645166213e+02 8.802270610602589329e+01 7.953398444294403191e+01 7.521165232173291315e+01 6.703958477817823791e+01 4.872575124059843432e+01 6.798103773233530944e+01 5.872081471385840246e+01 7.258513024051961793e+01 5.802771299385492654e+01 7.281532288614444326e+01 9.261081329059659595e+01 1.044344460804724974e+02
6.119672551070296862e+01 4.269210168208741862e+01 5.542665424561559462e+01 3.883984763569367260e+01 4.058031641354089203e+01 4.285708512438642970e+01 4.518751621029466747e+01 4.758040300907187969e+01 5.001559863877071166e+01 6.990305819897938022e+01 7.678106295414930571e+01 8.215028838360233010e+01 7.291037728019901465e+01 8.408531466439578139e+01 1.046116603704971340e+02 1.172640758872811091e+02 9.758046884260639331e+01 8.366806424794994257e+01 7.489263723808390694e+01 6.804899530952042142e+01 6.340080071608989698e+01 8.269297592692194598e+01 7.543149456737263847e+01 8.939266838773653490e+01 1.091822522198572329e+02 9.734414130845304669e+01 8.597613148238345104e+01 7.276341303640614910e+01 5.321605832891812327e+01 6.262536595156510799e+01 4.949290849712593854e+01 5.004341828506942846e+01 5.172601150995409824e+01 7.283437489943653986e+01 8.655689710402918990e+01 8.263821815681554028e+01 9.045225919012739269e+01
7.109257336693421792e+01 5.434455322664177146e+01 6.151348320347878484e+01 4.147423615401480390e+01 6.064782027642140605e+01 5.700153360152975779e+01 5.515047559075657091e+01 6.747329960177835062e+01 6.990341680084006271e+01 5.389656532984476911e+01 5.684589480921970051e+01 6.297386663900309856e+01 8.215028838360233010e+01 9.418364139789601097e+01 1.024938810071663937e+02 1.115356511514422664e+02 1.114521814680244489e+02 1.026442410346374885e+02 9.177314421567960778e+01 8.661323737450085503e+01 6.685697974275895206e+01 8.661323737450085503e+01 9.518890329530503891e+01 1.033665112387546117e+02 1.005315279710572298e+02 8.920440655424877718e+01 6.949831784250525857e+01 5.818097696624920445e+01 7.276341303640614910e+01 7.584573876249162083e+01 6.885997159303461501e+01 6.944124408399744652e+01 5.085135684033115666e+01 7.038634345717670726e+01 7.206747834147606113e+01 6.417886777858852554e+01 7.677720100068424358e+01
8.276271784113372121e+01 7.435606082194658484e+01 6.404430455566374292e+01 4.411071740681214948e+01 6.406902662240034374e+01 7.694075763504748977e+01 7.507428840147359494e+01 7.507416213702767038e+01 7.014000424204967032e+01 6.536365263172046980e+01 7.678115423480231527e+01 6.182625691678088486e+01 6.787660838509491157e+01 7.420683695996333995e+01 8.310557681085875004e+01 9.728409628332008197e+01 1.176295540844431855e+02 1.136139455275314987e+02 9.498828480120637607e+01 7.524730514580085128e+01 7.177925115156399727e+01 8.298840295792508925e+01 1.028726666058387593e+02 1.063294518728651212e+02 8.666019830018959169e+01 7.272496139488055178e+01 6.394845011430257387e+01 7.782709093184911353e+01 8.597613148291395646e+01 8.658170357532699768e+01 7.432499290964808836e+01 5.463025631512048363e+01 6.929506729125603215e+01 5.170204203653532460e+01 5.231702796613210893e+01 5.295504435767731621e+01 5.439074358595023995e+01
8.722935275671962074e+01 6.714892079306773098e+01 5.566921650348050576e+01 4.677349738848202776e+01 6.668358676586225897e+01 7.958672236015603119e+01 9.371276754020581734e+01 9.506006785799043257e+01 8.427124063524588848e+01 7.948477485481660665e+01 8.637099933885964731e+01 6.631882823849852571e+01 8.638928771980090460e+01 9.418364139789601097e+01 1.024938810071663937e+02 1.115416882933147065e+02 1.184599569586515031e+02 9.747933582603637603e+01 8.533182838569688045e+01 9.200695515742039277e+01 7.686336557969021044e+01 9.694542192127696012e+01 1.109915906548038436e+02 1.114362860191190094e+02 1.005315279710572298e+02 8.836834338262328004e+01 6.870246877532403573e+01 8.836834338262328004e+01 9.100718000289182896e+01 7.839860143984513741e+01 5.866675972650936188e+01 7.432499290964808836e+01 7.904122520504333238e+01 6.549119038701684303e+01 5.666747058938992154e+01 7.265360945167120121e+01 5.400666590775083620e+01
9.551035548295440947e+01 8.393655728719366493e+01 7.200408560585880480e+01 5.209824317802752347e+01 5.140896937055409666e+01 6.546067718010645820e+01 8.457322757932620050e+01 9.611551203827582412e+01 1.042901981984833810e+02 9.962725147713206297e+01 9.465611938700426720e+01 7.793688442393040816e+01 7.422845483172882552e+01 9.423746790996318623e+01 1.124765217089207425e+02 1.239865576951438726e+02 1.267064697638173101e+02 1.145517794669284513e+02 9.963037830153577090e+01 8.926989341362966002e+01 8.669866940657090026e+01 9.100883734711212014e+01 1.107284281473695131e+02 1.033588517661535633e+02 8.385664144600805514e+01 7.640635437181602185e+01 8.836820421037313622e+01 9.597685261673426282e+01 8.281749108232104106e+01 6.307402451087585149e+01 7.004283206626041647e+01 8.658170357532699768e+01 9.263591593832987314e+01 8.083773521209737112e+01 6.119162057736011917e+01 8.085286498125726951e+01 7.362276172900614313e+01
9.470613233496513317e+01 7.465100634746406172e+01 6.055876693985805304e+01 7.200409084505724877e+01 7.131062825212988798e+01 5.636526131348784219e+01 6.784280464779305930e+01 8.783480240058787558e+01 9.206429302224211142e+01 1.120706453495230903e+02 1.061906852894655486e+02 9.793548534499169023e+01 8.579439026688055492e+01 8.424762430672542735e+01 9.579284260782520732e+01 1.157490062297839302e+02 1.239205522902920222e+02 1.260731885745473448e+02 1.166606677322443772e+02 1.006168174827155326e+02 9.785864173719548376e+01 1.106615276087023858e+02 1.182884460394059261e+02 9.989754990832690851e+01 1.034673722874161967e+02 8.626660018897567284e+01 1.041050974514980112e+02 8.784550747918989089e+01 6.807391009244963698e+01 7.111005133783271503e+01 8.981279467232592140e+01 9.799183710087395127e+01 8.856706874545994879e+01 6.891978796059746060e+01 8.086246311453825797e+01 8.086002943390180064e+01 8.289035620599833010e+01
9.467080198685017933e+01 7.464995747828140793e+01 7.205364764915027820e+01 8.880596886705822612e+01 7.629241711637342860e+01 7.629241711637342860e+01 6.209319604338200094e+01 7.204540734014915415e+01 9.206429302224211142e+01 1.045757875529582037e+02 1.145875271040975321e+02 1.140186485374586596e+02 1.057709264565384473e+02 9.838658894734332705e+01 1.124765217089207425e+02 1.179930643854471697e+02 1.039733419712423625e+02 1.179930643854471697e+02 1.285357155349742584e+02 1.204497689143667429e+02 1.169013015358308110e+02 1.247816282639995364e+02 1.268914075038202185e+02 1.191303911147203394e+02 1.058768485960663099e+02 1.058768479397361943e+02 1.103818528453050476e+02 9.158689882617828459e+01 7.178931397723381735e+01 8.097519772197529164e+01 9.908222965311085773e+01 1.044513542035023761e+02 8.499715705304495827e+01 7.588775276668816616e+01 9.550161691922542673e+01 1.003526452474675210e+02 9.326012821823532306e+01
1.029619802558351722e+02 9.467080198685017933e+01 9.207088368142697732e+01 1.003633609088548297e+02 9.629032570472593022e+01 9.033883586695111489e+01 7.204540734014915415e+01 6.960900407393548051e+01 7.625205855981424463e+01 8.626995223740384233e+01 1.004806796338540238e+02 1.204507024721423676e+02 1.204177962029039293e+02 1.183280440835341381e+02 1.186512541791485233e+02 1.090116884731681495e+02 8.959145998047314663e+01 1.090116884731681495e+02 1.192445587639051041e+02 1.109502219881043885e+02 1.192445587639051041e+02 1.229309633064114706e+02 1.146978855354957858e+02 1.229309633064114706e+02 1.252475750469559301e+02 1.136772802702376453e+02 9.380924131593937432e+01 8.233915448325963382e+01 7.630065530248144512e+01 9.613786739692191929e+01 9.717928228189148854e+01 1.123984962590125747e+02 1.034751833341584870e+02 8.576915769312307702e+01 1.034751833341584870e+02 9.660655645043587469e+01 7.674392947707033841e+01
1.005711968233975568e+02 9.247624295758799917e+01 1.005711968233975568e+02 9.770984324268181354e+01 1.058000288101549415e+02 1.003438441493245534e+02 8.619663231795777847e+01 8.374760555458637157e+01 8.961725953888905849e+01 9.262627445389095726e+01 1.126454287000721877e+02 1.145682049613769209e+02 1.006360139662463666e+02 1.145673736658360156e+02 1.104724396914053273e+02 9.028154796134001003e+01 8.041759775722594838e+01 1.007711695632747535e+02 1.091281784287024976e+02 9.063111421956909908e+01 1.091281784287024976e+02 1.129561880253972816e+02 9.471803833834314901e+01 1.112753617019421881e+02 1.195158578701112617e+02 1.218217064196426946e+02 1.022064626317034737e+02 1.009592065642658127e+02 8.108031592112355668e+01 1.009592065642658127e+02 1.169846643802720223e+02 1.251104705552594680e+02 1.131589303106716926e+02 1.052340761453278049e+02 1.131589303106716926e+02 1.046628029722548803e+02 9.326546227835105185e+01
9.067771533751539437e+01 7.258820543055391283e+01 9.067771533751539437e+01 7.793677746436935649e+01 9.442490408147311598e+01 1.083343810931863658e+02 1.062300790739287635e+02 1.037878583218400905e+02 1.096325211632393319e+02 1.126454287000721877e+02 1.173447949786585696e+02 1.057476742200207696e+02 8.637315148759593342e+01 1.001397271229699868e+02 1.083854893437638367e+02 9.398664562792509969e+01 7.353026750350662155e+01 9.398664562792509969e+01 9.059523191852794355e+01 8.039979573321926409e+01 1.007906681038367935e+02 1.047079619369194603e+02 8.461479242556296754e+01 9.124740500959714495e+01 1.112753617019421881e+02 1.301320077529208277e+02 1.150112154000182585e+02 9.513867392591069461e+01 9.513867392591069461e+01 9.100769717117418622e+01 1.051117340330439021e+02 1.249106967726964399e+02 1.242020608975726645e+02 1.143994261453258190e+02 1.063215522098420962e+02 1.077430184185928681e+02 8.789014891110726069e+01
8.253222419407107679e+01 6.240159406739061865e+01 7.558142273683444046e+01 6.625272639149804377e+01 8.051542706975979513e+01 9.716372334999239513e+01 1.070878082268603890e+02 1.156896281673142113e+02 1.075142979811066795e+02 1.156896281673142113e+02 1.091401865695841735e+02 8.901458307203087372e+01 7.722655949832368094e+01 7.988361927479326141e+01 9.654322778535427574e+01 8.858992124435368964e+01 6.814976370224395907e+01 8.184600485582242868e+01 7.007647566793416161e+01 9.059523191852794355e+01 9.748013567156168335e+01 8.918209978544345518e+01 7.689238329441396047e+01 9.711345771147449568e+01 1.050282024934235210e+02 1.249559507704942831e+02 1.231508019214618628e+02 1.150112154000182585e+02 1.150112154000182585e+02 1.009876746329101707e+02 1.190642154275085005e+02 1.300043391830499786e+02 1.104541116171844379e+02 9.643368125239655342e+01 8.643890850863090236e+01 9.569354813973072282e+01 9.190720232342904694e+01
7.540779864041905967e+01 5.512347119811553142e+01 5.529267992149298294e+01 6.180613019765370808e+01 6.903816970620007964e+01 7.914937694040966676e+01 9.892359498979219268e+01 1.057314547736101957e+02 8.752366042763600262e+01 1.040805396090760553e+02 1.122720648131875834e+02 1.034711265920591075e+02 8.844486183002946689e+01 6.797495705151379752e+01 8.835196380276542527e+01 9.378532238283355582e+01 8.149901665091266523e+01 6.115717539150674753e+01 7.661033113743081913e+01 7.987611049098414640e+01 8.362919546638789825e+01 6.877942652716896532e+01 7.660086973754465589e+01 8.493888370736641491e+01 9.918474173715962650e+01 1.191355647023910080e+02 1.303478870364483271e+02 1.221525683224344050e+02 1.289506046876879850e+02 1.208337572888812304e+02 1.289506050664450356e+02 1.260572398099855604e+02 1.161929565266628970e+02 1.080268146015910560e+02 9.563928401255284939e+01 7.566788735041816949e+01 7.183340729334607033e+01
6.895132588491840409e+01 4.858410272885130610e+01 6.899764933520705767e+01 8.195563627496431991e+01 8.902569585700777566e+01 9.716372334999239513e+01 1.070805076725479523e+02 9.751897920437143341e+01 7.734048867741475419e+01 8.401523501810734729e+01 1.040805396090760553e+02 9.521013245078829357e+01 7.488009612101491541e+01 6.289125537491232620e+01 8.347258050479098301e+01 9.046480719502024215e+01 7.220005788933728752e+01 7.307321987999527835e+01 5.588323210555220300e+01 5.922150830542255306e+01 6.307270245376441409e+01 8.362919546638789825e+01 8.328467164736755990e+01 1.034197507795068560e+02 1.132758875829255913e+02 1.190782269178137369e+02 1.188558284071731492e+02 1.021982054573815617e+02 1.143259598812643389e+02 1.225412933933960034e+02 1.318395076542690276e+02 1.121836088324062501e+02 9.815683340525546896e+01 8.817475380502970950e+01 8.260386799787272594e+01 9.569350760682470991e+01 9.174448708879546643e+01
6.211745160491004469e+01 4.494188816052962920e+01 5.947665459001686372e+01 7.966019676487150036e+01 9.146695370029888750e+01 1.028662337328982801e+02 1.040099932163536494e+02 8.401227854488759306e+01 6.953287594076002165e+01 8.401523501810734729e+01 1.040805396090760553e+02 9.086452898568887804e+01 7.045233215827285278e+01 5.840200426283284685e+01 7.344659085594845749e+01 8.170104625235572371e+01 7.301192530385451107e+01 5.241546582644846097e+01 7.318621155917428212e+01 7.987611049098414640e+01 7.038849082646346744e+01 9.076448178599511607e+01 1.034197507795068560e+02 1.116755996957557926e+02 1.190782269178137369e+02 9.902888260335480197e+01 1.027080058352152179e+02 9.042983661006100249e+01 9.420013244414901976e+01 1.085005261630777937e+02 1.283898009704159335e+02 1.220115582433376602e+02 1.022651808096871378e+02 1.022651566131484202e+02 9.674759902707741333e+01 1.100809202034850642e+02 9.574761294712618565e+01
