LEM/sinusoidal_perturbations/elevation_000144.asc
nrows	100
cellsize	150.0
xllcorner	0
ncols	100
yllcorner	0
NODATA_value	-9999
[rows 34 to 50 of 100, columns 0 to 36 of 100]
2.064481644892168701e-03 2.000206448164453832e+01 1.467272850577090182e+01 3.009122873076180227e+01 3.525520652570541813e+01 2.378323517992928515e+01 4.378323517992998859e+01 6.206750642739254431e+01 7.361451181118646048e+01 7.776587224366096507e+01 6.938493519171485957e+01 6.938493519171485957e+01 7.231407864397310448e+01 5.168299913586788819e+01 5.168299913586789529e+01 6.172676839254185666e+01 5.117041292627401816e+01 3.108657213157129817e+01 2.865212184619181457e+01 3.167952474906494942e+01 5.178040649721044986e+01 5.952392967858592243e+01 4.610342055631322467e+01 6.032486147150611089e+01 8.050055141118977531e+01 8.918704987445248378e+01 9.818752848398671063e+01 1.045341242188434734e+02 9.057516824821641421e+01 1.028194908156115304e+02 1.049701006562086576e+02 1.035369414362332208e+02 9.534387771521159038e+01 9.714561277115107885e+01 9.714561277115109306e+01 1.053381985931672205e+02 1.180909247415038266e+02
2.905961989428186391e-03 2.000290596198907167e+01 3.467272850577018772e+01 2.881486412950160414e+01 4.881486412950089004e+01 4.378323517992998859e+01 3.378323517992964042e+01 4.533024056372256183e+01 6.533024056372397581e+01 6.938493519171485957e+01 4.916184729474940696e+01 4.916184729474940696e+01 6.346385976920518601e+01 5.772570242059308043e+01 3.803415973330973543e+01 4.179016088284465269e+01 4.274183983325033864e+01 2.552265401711822435e+01 4.561170483179478907e+01 5.178040649721044986e+01 3.612059103149429262e+01 3.942400773122587765e+01 5.952392967858592243e+01 7.321767697056989732e+01 8.036070488736878303e+01 8.866641407619535187e+01 1.002774311641711904e+02 9.448913241762797099e+01 7.612259694043243030e+01 8.276501673611191734e+01 8.496846827118976364e+01 1.049701006562086576e+02 1.015010398854179101e+02 9.825676517977041158e+01 1.066587991212750666e+02 1.152319548704293624e+02 1.066385318795726960e+02
3.542675937824442140e-03 1.414567829966864920e+01 3.414567829966793511e+01 4.881486412950089004e+01 5.709913537696250074e+01 6.206750642739053347e+01 5.378323517993034386e+01 6.206750642739254431e+01 5.907343353713996947e+01 5.978719310825356104e+01 5.141347350205416689e+01 3.493102563707982711e+01 5.508505260323899222e+01 6.301625031232762808e+01 4.787993107695140793e+01 2.879625238887790672e+01 2.266455384154604857e+01 4.274183983325033864e+01 5.394167071993466323e+01 6.455062978133612717e+01 5.032012056070420414e+01 5.362080968860244212e+01 4.699844447366479017e+01 5.304288039302724655e+01 6.015717097467577190e+01 7.183636390389395388e+01 9.200517122131634551e+01 8.625184323250604734e+01 6.577458261959246499e+01 6.821394707178571082e+01 8.863883620085827886e+01 9.524678744260538110e+01 8.060895498457786346e+01 7.724450428215341447e+01 8.612533069424860344e+01 1.066587991212738586e+02 9.848110921725059086e+01
3.411803931810562015e-03 1.414554742766288520e+01 3.414554742766358686e+01 4.877927285202741814e+01 5.706354546422274154e+01 5.827233001762703424e+01 4.982405840772511851e+01 5.290382813920469829e+01 3.827372825489347008e+01 4.815085393641759026e+01 3.128409966329531144e+01 2.825625397113197934e+01 4.836704361451926815e+01 5.468709893098090191e+01 3.459283654231236227e+01 3.828020239436845173e+01 2.078327142589980880e+01 3.233561283859285851e+01 4.652501043535886538e+01 6.667007067812505738e+01 7.046198276820359752e+01 7.377519500766078409e+01 6.122548456691508534e+01 7.321767697056989732e+01 8.036070488736878303e+01 8.866641407619535187e+01 9.155625812732493785e+01 7.127138260106774226e+01 5.803213741593677355e+01 6.045125194257425960e+01 8.091895374488528603e+01 8.461527937373043073e+01 6.517634201049378362e+01 6.454491143463603464e+01 7.724450428215341447e+01 9.825676517977041158e+01 9.134458263727258043e+01
3.327314952832964925e-03 2.000332731495247884e+01 3.463713722270964723e+01 2.877927284412649556e+01 4.877927285202741814e+01 4.662536502254302917e+01 2.980696504759339049e+01 4.279407730372576424e+01 2.416229149805528209e+01 3.290905954186723648e+01 1.972538535732374854e+01 3.979177409762815643e+01 4.996878321295486813e+01 4.412792756792623550e+01 3.580444766458270323e+01 1.824340992720885879e+01 3.779806648539175740e+01 3.147606904311449227e+01 4.149050489298584665e+01 5.569056705139794161e+01 7.579938618318999488e+01 8.430981508857298934e+01 8.140173668927808137e+01 7.892606645789190623e+01 8.721795596988536659e+01 9.505376224997181112e+01 8.363939395339475880e+01 7.127138259758852712e+01 5.088073879133727218e+01 6.448924009829971737e+01 8.179679428731914470e+01 7.595222349427019992e+01 5.421063769122738307e+01 7.595222349470134304e+01 9.166274524886982533e+01 9.947829767443899129e+01 7.932683773990383713e+01
6.779948344387334673e-03 7.077847760209893480e+00 1.463713722039450538e+01 3.463713722251323901e+01 5.088702592873718800e+01 3.823039688866669650e+01 1.828222297730379964e+01 2.674550678095847189e+01 1.512117883211803182e+01 1.286566911298411675e+01 2.910144841389223913e+01 2.988525626237973398e+01 2.987436893178469433e+01 3.338406736880808268e+01 1.577223924856309090e+01 2.992348953413194579e+01 4.646620625323585330e+01 5.153239239655607662e+01 5.985300881019619368e+01 6.989579567804121041e+01 7.860003758694794840e+01 6.473049376490841667e+01 7.566587292109775831e+01 5.891841514551578030e+01 7.566587292109775831e+01 8.696587992006845980e+01 6.709438408875656989e+01 5.547407396413630920e+01 4.668892665869338998e+01 6.091952868079273742e+01 8.087423278893324152e+01 7.067911439229607140e+01 4.915893089027682095e+01 6.152261406126567778e+01 8.308470429816141234e+01 9.166136651606136354e+01 8.148334421043287534e+01
9.516927588586143695e-04 2.000095169204449164e+01 1.931350498827416118e+01 2.966140232943805088e+01 4.264598371327252835e+01 2.241553797825786276e+01 2.413841744768908271e+01 6.742304105515967372e+00 7.507582841841142773e+00 8.277383213043396637e+00 9.061847785766847352e+00 9.848128996624616605e+00 2.987043331686092529e+01 1.335575192043381776e+01 3.338406736880805425e+01 4.412792756768700997e+01 5.833236560172058915e+01 6.315871118189306799e+01 6.530997885874548103e+01 5.753751046136537184e+01 6.614640605820146391e+01 5.073351511083646415e+01 5.665790926205087175e+01 4.732536919546041787e+01 6.737470248390764027e+01 8.291430981651511445e+01 7.476784904259511677e+01 6.283589708161465381e+01 4.273574568012845987e+01 5.697586151410045829e+01 7.698327453018700339e+01 6.602081113610732643e+01 4.482792480464673446e+01 6.602081113610732643e+01 7.881784705199461882e+01 7.739572099013882678e+01 6.314994539278811914e+01
1.945935296826602993e-03 7.361690335111786831e-01 1.470887391881823048e+00 2.147070007656183321e+01 3.078901658899766147e+01 2.244265748807746874e+01 5.666319715721761519e+00 2.565483000280172732e+01 2.734864994928323512e+01 1.721663605359461613e+01 2.895949984318022530e+01 2.985026659989450337e+01 1.096529092693138985e+01 3.099024095535720491e+01 4.058096160542383046e+01 5.183012686356310894e+01 4.372730596581100571e+01 4.371026327628855768e+01 4.771208369552813622e+01 3.635252168814365348e+01 5.401823790414275095e+01 5.665790926202935651e+01 3.646101055258431956e+01 5.665641305462121835e+01 7.300884081807957671e+01 7.141915605158503411e+01 5.475704692481643576e+01 5.943835138602472767e+01 3.930004139576934818e+01 5.943835138580643473e+01 6.785913505634651699e+01 6.178223386981563436e+01 4.078460618521599912e+01 5.868125441796531305e+01 5.866565779253830470e+01 6.906610810920881249e+01 4.888049846755466632e+01
5.600688922766023682e-03 2.000560068837917171e+01 2.147070007677610803e+01 2.513459462166443448e+00 2.251312826733466466e+01 4.611494390128007659e+00 2.461035071424360510e+01 1.169645532143639244e+01 3.139386102249742194e+01 3.121852296461699083e+01 3.665796042202910598e+01 3.920708369258973391e+01 3.099024095547693491e+01 1.223401518936159427e+01 3.226063271516209596e+01 3.449592338758547783e+01 2.430863772195573347e+01 3.935812591412060613e+01 3.776346182399245066e+01 2.548598068571230257e+01 4.560286125180878258e+01 5.145741122226913689e+01 3.108226839829983490e+01 4.545981245962902051e+01 6.434030295604695482e+01 6.321371623212971969e+01 4.308409298135465804e+01 5.159360571361854397e+01 3.595609702650651229e+01 5.211947060318042446e+01 4.762864418829077096e+01 5.500161564433205541e+01 3.686185005187994079e+01 3.848183309119725237e+01 5.861969547169098860e+01 6.255321419316022968e+01 4.617380695586660266e+01
8.215197286175309616e-03 2.000821519720698660e+01 2.984485524764599162e+01 1.799717759117655547e+01 3.559591024089057587e+00 2.355853088261961759e+01 3.289418009143977173e+01 1.616839038020769692e+01 3.615950995466209861e+01 5.031680122627172125e+01 5.515933318419681797e+01 4.932096921204975359e+01 3.560886274609892155e+01 1.594056992404333251e+01 1.354566980574431412e+01 1.447615710062164496e+01 1.540968128555535266e+01 1.635040719603554038e+01 1.731277587567203469e+01 1.827878857213335806e+01 3.875273372297024821e+01 4.120077881907889861e+01 2.627869949636791347e+01 3.707330931455663148e+01 5.137786207778770375e+01 5.575880195596899824e+01 4.744752976857620297e+01 3.120416155244100409e+01 5.006879021820636666e+01 3.170735116931563979e+01 3.321464464028203878e+01 3.472217907369927303e+01 5.078871724104673291e+01 5.816860045528126477e+01 4.079096694867735806e+01 4.243693154980680760e+01 4.456145675799655947e+01
2.613274238814250559e-03 1.468074306437798526e+01 3.519403278587321182e+01 3.056115828864448858e+01 1.355923528853199045e+01 3.184239731240310078e+01 4.087846948940346437e+01 2.088197558814398747e+01 3.247332942379551213e+01 5.317870393113427241e+01 5.536631375548667222e+01 3.523349527938650994e+01 2.138957750186571971e+01 3.563384649287436190e+01 2.769375808321088428e+01 3.448797246778716641e+01 3.288807834809392006e+01 2.080129824776478387e+01 3.707308853701133700e+01 3.489534705745246157e+01 1.966375283561185938e+01 2.066799069871406758e+01 2.167712242186486904e+01 2.271817166204559157e+01 4.310014225762512297e+01 4.592072954641453464e+01 2.692945467772474188e+01 2.808666419188910623e+01 2.957666063093229525e+01 5.009364713050146634e+01 5.355401777689021259e+01 4.332074464991727325e+01 5.100432665807161925e+01 6.755019467566415869e+01 5.504924215723006853e+01 6.265191920986038809e+01 6.474936452956237076e+01
7.532853315450405325e-03 1.414966847704627462e+01 3.414966847622939383e+01 4.184179030186738402e+01 3.355782647671025387e+01 4.184179048142658530e+01 4.640549703880314070e+01 2.642808894037318268e+01 4.640549703881185906e+01 6.181593851681596874e+01 5.956719295164588601e+01 3.942258477564295305e+01 2.551186159633638084e+01 4.531999741074001520e+01 4.778888927811493659e+01 3.903034297679023013e+01 2.678348305031753185e+01 3.836742054367117305e+01 4.627562435525289430e+01 2.795679038266149163e+01 2.804999150464112390e+01 4.120216761522243587e+01 4.223660013899674937e+01 4.324638044711312546e+01 2.421547117089536627e+01 2.532116998239188277e+01 4.593312639360244987e+01 4.871148890288452549e+01 3.149276401196701514e+01 5.166822476082013793e+01 6.339783666480861513e+01 6.667271667352694919e+01 6.787874159025437848e+01 7.649040766027111715e+01 7.540217998009991618e+01 7.953117998785376130e+01 5.923365014971088982e+01
6.101047412966256744e-03 2.000610104741260997e+01 3.181057159298158510e+01 3.888163940487881121e+01 4.716591071180277339e+01 5.871291615810733333e+01 5.467065320915754256e+01 3.796867949841247025e+01 3.795987121586823321e+01 5.780459283818878191e+01 6.176863735179213677e+01 4.162326802500746226e+01 3.047869215355908423e+01 5.048583398203764716e+01 6.643315235505522764e+01 4.978959498713908260e+01 3.127806069632844910e+01 4.979003323169180106e+01 5.455646307514014381e+01 3.424530860963631085e+01 4.853575781881091444e+01 4.259172417679552325e+01 5.208993352552050737e+01 3.161042631538546388e+01 3.211603979315925983e+01 4.593675330342961161e+01 4.221145785826812613e+01 6.008187115333026185e+01 5.166822476082013793e+01 3.489712314310706631e+01 5.496782835228427189e+01 6.683597577448122706e+01 8.125917764502513307e+01 8.178789812837833040e+01 9.019984898493555647e+01 8.789590487934147234e+01 7.095044785495277040e+01
6.842009524227352091e-03 5.780344701420509601e+00 1.181057159297583503e+01 1.888163940484143666e+01 3.042864478863415556e+01 5.042864478877469026e+01 6.619331060904758601e+01 5.793040412609153833e+01 5.201663480164408782e+01 5.780459283818878191e+01 7.012554386368874759e+01 5.686899434981007317e+01 3.668366891749862191e+01 4.677735904520505983e+01 6.698665517484290888e+01 5.587792912132017875e+01 3.662631198364685758e+01 5.587792912132017875e+01 6.130051325615642810e+01 4.106836276044726475e+01 6.130051325615642099e+01 5.434558672794216250e+01 5.752965483950976022e+01 3.717648222169586347e+01 5.260167409059975796e+01 4.511065879933573797e+01 6.251146350447293543e+01 7.084946512179909917e+01 6.339783666459749867e+01 5.496782835228410846e+01 3.827662922871815709e+01 5.241277390393718605e+01 6.617235027950218296e+01 6.135117544263360401e+01 7.842242732913886982e+01 9.019984898493137848e+01 9.125267852408346414e+01
1.934550753332892102e-03 2.000193455075297777e+01 3.181057159298158510e+01 3.888163940487881121e+01 4.716591071180277339e+01 5.458830714150260377e+01 5.677599988748580984e+01 6.505889353985911328e+01 7.177795962846126088e+01 7.757051574938239469e+01 7.117284748959806961e+01 5.094414438511794430e+01 4.831756280187466501e+01 6.523345605404840342e+01 7.534042170618013756e+01 6.417221533115029786e+01 4.490387891839529289e+01 6.417221533115029786e+01 6.964050265932134209e+01 5.117626977377550901e+01 6.964050265932134209e+01 6.865487750414636992e+01 6.338843928394682337e+01 4.309308250021901898e+01 6.338843928405177053e+01 5.684520232655401628e+01 7.400276088903736138e+01 8.029405157611213895e+01 5.985063587359286430e+01 4.544727810365991871e+01 5.839259834788260406e+01 4.218771950992024244e+01 4.569974335008781452e+01 4.943680482968262169e+01 6.135117544263360401e+01 8.178789812837833040e+01 9.398983634843141033e+01
4.364784840791047053e-03 2.000436478484043690e+01 3.800041027494084034e+01 4.628436973102117946e+01 4.872995628108785837e+01 3.458855913536829263e+01 3.677634457406275459e+01 5.343747960323134549e+01 6.172066979650772112e+01 7.171998550229785963e+01 7.952276823913244641e+01 7.117284748959806961e+01 6.855046708291969537e+01 7.690369649948385700e+01 7.791435311736536562e+01 7.308334490886355184e+01 5.885661996304533261e+01 7.308334490886355184e+01 7.973892694741493870e+01 7.142475673853738272e+01 7.973892694741493870e+01 8.878102243755535028e+01 7.016015796282989925e+01 4.984500192649546335e+01 7.016015796282989925e+01 7.730352694796270896e+01 8.583972534353490857e+01 7.456954279128433427e+01 5.409313624271551646e+01 6.583837370224537722e+01 7.094401433453073480e+01 5.384227743185932979e+01 5.004065497278999430e+01 6.998875078366617686e+01 5.597697816461867859e+01 6.520370278975217104e+01 7.698613178564930593e+01
5.219006137575642711e-03 2.000521900613722082e+01 1.800045195456255698e+01 2.993496807156919459e+01 3.358643275913198778e+01 2.044642684921462106e+01 2.677098216944233400e+01 3.343764883473413363e+01 4.343764844899899202e+01 6.343731075494687133e+01 7.280570330580037819e+01 6.438594439528264957e+01 7.280570344151449547e+01 7.246118124382977044e+01 5.925142563735718682e+01 7.246118124382977044e+01 7.899878062304478021e+01 7.175812773128825484e+01 6.341349739990861423e+01 6.341349739990861423e+01 7.175812773130884636e+01 8.337677067364086270e+01 7.862374444546939856e+01 7.016015796282978556e+01 6.417536351402348771e+01 8.460872988915330950e+01 8.747083116142842130e+01 6.707210316104644221e+01 6.594617326139955082e+01 8.299497797582074554e+01 8.274247330559214220e+01 7.431569435894557785e+01 5.922797962691926443e+01 6.101963787431264308e+01 7.646884929668131292e+01 6.407964966131476103e+01 8.446440985977032767e+01
