LEM/sinusoidal_perturbations/elevation_000848.asc
nrows	100
cellsize	150.0
xllcorner	0
ncols	100
yllcorner	0
NODATA_value	-9999
[rows 68 to 84 of 100, columns 0 to 36 of 100]
5.009162696260268353e-03 1.414714478642733475e+01 3.414714478657225527e+01 4.983520504669745321e+01 4.837758549323118729e+01 3.071492041938065398e+01 1.698433457018528259e+01 5.469827942709826196e+00 2.325019835579001182e+01 4.194798780614726041e+01 5.263424876214962467e+01 6.088943803443697789e+01 6.525601680125663506e+01 6.370143981991960658e+01 4.660601516210788020e+01 6.370143981991959947e+01 6.897330443245215292e+01 5.833132321425825495e+01 4.315072242071398989e+01 3.330952312449444719e+01 1.300914521263435653e+01 3.256954500980506140e+01 2.040204431657937434e+01 3.883582912275517174e+01 4.280852958934902830e+01 4.351153003605646319e+01 5.238012209551045828e+01 6.042559540735881285e+01 7.401921771444796150e+01 7.774714553006704421e+01 8.612981765283490176e+01 8.691518712179183126e+01 9.538941250432085894e+01 1.041065163386074062e+02 9.272694328357823679e+01 8.456052822242941147e+01 8.743048066030999621e+01
4.695337527364121070e-03 1.414683096126437789e+01 3.414683101376229502e+01 5.008747348823179379e+01 4.072358849528036728e+01 3.715641783189199998e+01 2.441316130905433113e+01 5.150865136149202606e+00 1.392997460668248522e+01 3.777778786927488852e+01 3.298639772931637282e+01 4.943229390473605633e+01 6.069187860686310643e+01 7.239380790895954476e+01 6.342288548752314625e+01 7.239380790895900475e+01 6.180235515032885729e+01 3.869379847336415423e+01 4.164795010244475293e+01 1.611025069874947135e+01 1.335865212255074574e+01 3.335945286690455447e+01 3.878454962972879372e+01 2.431852351516558031e+01 2.731741557542068932e+01 3.056856711479135313e+01 3.397195247210112967e+01 4.683197307722279845e+01 6.182777142426937900e+01 5.824997373811984147e+01 7.285721626381914007e+01 6.703421407500118789e+01 8.691518712179183126e+01 9.593700547409127921e+01 7.623236886306139581e+01 6.477841968434975684e+01 7.313932253283076079e+01
7.614146464036155443e-03 2.000511532546897087e+01 3.673349289381869909e+01 4.140268549657721309e+01 2.032215801434847435e+01 1.957884600272274511e+01 2.346881596951864424e+01 4.832797027563535686e+00 2.494842905407778133e+01 3.022863319234161850e+01 2.167204207484412848e+01 3.261493218488322299e+01 4.955340984498271695e+01 5.794513477658792056e+01 7.467182263664705033e+01 7.384704116868533674e+01 5.842972642761938573e+01 3.713364585003188978e+01 2.240207170446795004e+01 2.157088745608428582e+01 2.273884615695825318e+01 1.385513817389315605e+01 3.838782665563281427e+01 4.158384399681382604e+01 3.798435160099239738e+01 4.901926574399756475e+01 5.238012209550984011e+01 3.918362076323995069e+01 4.307519207309919551e+01 4.770927946785027274e+01 5.351920142777421319e+01 6.449295526294049807e+01 8.428300927490300865e+01 9.849544535879800833e+01 7.878841345794744200e+01 6.477841968105899184e+01 5.319655385665608094e+01
2.352828262072654761e-03 8.171142782414053229e+00 1.984050016758648027e+01 4.084829518329883058e+01 2.745925134838582693e+01 6.504907365308194578e+00 4.388304439370225296e+00 6.924071747216590467e+00 8.015338571305287374e+00 1.038239808851536594e+01 1.283663672115189058e+01 3.261496734992365276e+01 2.894866570961481145e+01 4.396746273979465514e+01 6.497143821541062891e+01 6.538178669767546580e+01 4.425951723796208626e+01 3.340507991841902680e+01 4.137322804618860772e+01 3.022702752789211900e+01 3.085983681054664274e+01 1.420634408757915601e+01 2.393948740020284660e+01 4.363411221248048832e+01 5.660649908599432223e+01 6.471779350843661405e+01 6.587365871938760620e+01 5.773562352553808097e+01 6.182777142427475070e+01 6.099011666583627544e+01 6.674197199090953347e+01 8.121171078341318150e+01 9.274611914450503036e+01 8.960774828236058909e+01 8.142126157515836837e+01 8.131700630320425205e+01 6.499772568399504280e+01
6.786455232800275850e-03 2.000678643149580793e+01 3.671306018208538546e+01 4.836599248097571291e+01 3.346425912572208716e+01 2.413941140108556382e+01 4.075537744517237826e+00 2.298528878631354999e+01 2.775558538927616326e+01 2.792202759106772447e+01 3.261496734992365276e+01 1.657284515115843959e+01 3.625229967153658350e+01 3.763718237306926540e+01 5.685119920562745932e+01 7.384705580262784963e+01 6.338627507799581196e+01 5.482065193286183558e+01 4.971255427216581069e+01 4.174242996541450879e+01 3.266705677887924963e+01 1.455758764312660603e+01 2.314640005344183749e+01 3.955501806133140263e+01 6.092604143809187889e+01 6.976568635306720978e+01 7.223048093780107592e+01 6.419815203787617008e+01 7.223048093780107592e+01 8.062826588853494059e+01 8.656012404342324373e+01 8.915986491542031445e+01 9.724385724305363965e+01 8.142128967362549474e+01 6.158109617981957484e+01 6.739211135826801069e+01 5.981365191605080156e+01
3.257643153035955173e-03 1.414561006784785668e+01 3.415503022249929899e+01 4.729181469638601243e+01 2.706630084982079509e+01 1.272976160847964877e+01 3.763139119663671650e+00 2.048706211206208039e+01 2.928825871076029941e+01 3.976578009442755501e+01 4.178748002597444611e+01 2.289237364626668025e+01 2.100312357523953821e+01 4.066738631406124682e+01 5.370555943060515602e+01 6.774732440946019096e+01 6.971611363423899377e+01 6.037404584601263480e+01 4.480049602303783018e+01 2.616011239806848465e+01 3.403976954067955774e+01 1.490872607544194750e+01 3.555602407218891159e+01 4.656285660887645861e+01 4.420678823768167121e+01 6.102193702696742861e+01 5.887757177402210829e+01 4.447868347777688314e+01 6.241873885075170136e+01 7.373867907820518042e+01 8.569288837545964554e+01 6.895089762360173324e+01 8.569288837545964554e+01 7.885968956534341601e+01 5.899727666480919908e+01 4.735339807782614940e+01 4.121595319477555108e+01
1.880098487986705483e-03 1.998327237202886053e+01 3.810652845340093364e+01 5.067049955518518090e+01 3.238655015653900193e+01 2.569616145531189488e+01 3.450842109142112424e+00 1.557418748194667124e+01 1.329623913468540763e+01 3.608617045511979882e+01 4.759382817697767365e+01 2.957278447177353797e+01 4.066738631406124682e+01 2.575174351155310148e+01 3.966379445175001450e+01 5.896474105928910348e+01 6.261927974077185155e+01 4.611985135896795640e+01 3.630173642170099413e+01 3.772647180055037097e+01 1.786704937955332184e+01 1.525955739069577000e+01 3.513427442244638144e+01 2.912062501272203718e+01 4.639003525494516822e+01 3.999519296936356483e+01 3.913319548817211313e+01 3.453721083057482844e+01 4.601060142120385166e+01 6.571442643154431096e+01 7.749220403945793123e+01 5.709277720632356790e+01 7.749220403945793123e+01 8.704299091683408562e+01 7.559316182166567444e+01 6.739211135826801069e+01 6.135020482203334780e+01
2.900726248362994839e-03 9.627981383375988855e+00 2.852181500727259689e+01 4.755654963943524649e+01 3.156803783379249495e+01 2.845902013398573871e+01 2.116035407953582137e+01 3.008847210450098064e+00 2.415748810526616452e+01 4.214068640959878564e+01 5.302516557844987943e+01 3.674355622936256083e+01 5.277247382180676283e+01 4.545844079750069255e+01 3.100062989080978326e+01 5.070075325250051179e+01 6.443090876998456906e+01 6.037404584601286217e+01 4.642668674635489623e+01 3.360246862788494582e+01 3.788895720738724293e+01 2.112320832001243431e+01 1.575820211374088764e+01 3.613772031400106499e+01 3.099329236822007516e+01 1.674275252461305641e+01 2.504806822548317768e+01 4.499888034534696146e+01 5.765952817566060418e+01 6.886993725130476207e+01 7.027991545552053765e+01 5.001141561038859606e+01 7.027991545552053765e+01 8.108939263527287267e+01 7.283079860378393278e+01 7.283084448589373494e+01 6.467647956915999430e+01
5.081304048347549951e-03 2.000459436786027112e+01 3.805466820779101056e+01 4.340568584210583225e+01 2.581148275009767445e+01 1.425668940736249013e+01 1.768433142761780275e+01 2.696154730325770466e+00 1.100230698849698285e+01 2.418463976428822804e+01 5.128910870043065984e+01 4.483617866262988372e+01 6.056643538808157246e+01 5.896478012627605381e+01 5.070075776618961783e+01 3.679222331433079063e+01 5.647397890426984191e+01 7.025309356354017609e+01 6.192698250940333793e+01 4.953107654243584079e+01 2.988445262024822924e+01 4.010221238490870377e+01 1.623934683153201064e+01 1.624620921195820245e+01 1.660346558810545403e+01 1.697621782742153940e+01 2.540757804380917406e+01 2.995209024927655506e+01 4.134788523357775603e+01 6.099636067752009438e+01 6.416873158007078359e+01 4.419941000617045290e+01 6.416873158007078359e+01 7.283081715980102899e+01 5.301143739239562080e+01 5.301143743317157941e+01 6.680681307482365128e+01
4.469920835086939326e-03 1.414979900603545104e+01 3.418633376349980324e+01 4.290381115711556959e+01 2.957856442703776523e+01 2.155972244584460640e+01 2.254127037850971682e+00 4.007236457990982714e+00 2.928001947486811929e+01 4.344089236876276772e+01 6.069676748916158715e+01 5.568728875215639817e+01 6.817055014783828426e+01 7.623505665988245994e+01 6.083141700709238364e+01 4.117573687427047702e+01 6.083141700709238364e+01 7.303628296585335988e+01 5.355015531590419187e+01 3.980464311936408706e+01 4.953107654243584079e+01 4.922838213491411352e+01 3.963697593543687958e+01 2.013699353905555611e+01 3.700074245033669484e+01 3.737581781291734728e+01 1.751258315870344973e+01 3.782688110404163950e+01 5.286753390818824272e+01 4.753028663635286222e+01 5.190878598357865314e+01 3.924273512655307883e+01 5.877425304060871980e+01 6.007467274316246630e+01 5.881640735981743973e+01 3.896571886422700715e+01 4.941032857304718107e+01
2.324776005098761877e-03 1.999578433170421476e+01 3.032347945321376415e+01 2.949359516678279647e+01 1.551139451730621310e+01 1.813479245522553240e+00 1.709991566680838915e+01 8.126362078813977874e+00 2.500247780657992536e+01 4.334339156902217383e+01 5.511188295765033729e+01 6.050986899968525989e+01 7.609842629515104306e+01 6.791634374183018963e+01 4.828923880355993958e+01 6.083141700709238364e+01 6.913123719338982198e+01 7.303628296585338830e+01 5.355015531590419187e+01 5.925750996550760163e+01 5.984092505456996491e+01 4.580316590260138554e+01 2.581241118596457440e+01 4.036281396550251088e+01 4.198526898517628325e+01 2.335165049693286576e+01 1.789574432327607312e+01 3.790376731711526048e+01 3.895062260893100614e+01 2.857540865836427102e+01 3.281829344744333810e+01 5.190878598360354346e+01 5.402552770844830121e+01 3.967582918478075982e+01 5.348811916792205778e+01 4.832912852461892328e+01 2.944003992254303625e+01
8.699724428260374037e-03 1.996773350548293635e+01 1.170200509362651431e+01 2.090759586493504685e+01 1.373064640721148644e+00 1.548815729526531904e+01 2.751441414470549773e+01 2.884391782454784803e+01 1.543938550096554785e+01 2.183544189814470116e+01 3.023270519615052621e+01 4.692865827115150523e+01 7.844991090808005652e+01 7.197938960743952919e+01 5.446809156835941934e+01 6.791634374182991962e+01 8.792359114106170637e+01 8.119038124810923307e+01 7.303628296585338830e+01 6.643394665582184189e+01 5.165930707219290952e+01 3.179953222398294344e+01 4.580316590260138554e+01 5.399489663823084840e+01 5.015705018950034599e+01 4.189877854977651594e+01 3.826070356645338677e+01 1.844871184973960609e+01 2.269045266393240112e+01 4.218646043746855412e+01 4.724869903763366352e+01 4.101710469359485955e+01 4.137074276581405741e+01 2.692323936271510476e+01 4.516946111279570175e+01 3.130449765204654611e+01 2.343333525587683397e+01
2.249585233037712084e-03 3.124482945190995564e-01 6.226843461255774370e-01 9.330776340776552047e-01 2.057077875161418845e+01 2.930178296680873373e+01 4.297040842700675256e+01 4.606426507494328604e+01 2.766780119275355077e+01 4.493526674181555336e+01 5.522581004169099828e+01 6.966035254599360371e+01 8.957304492089414794e+01 8.150156632690880087e+01 6.143534526981740385e+01 8.150156632690880087e+01 9.154295493666185735e+01 8.015571671665286146e+01 7.199452866229196957e+01 5.825642898716412077e+01 3.845618467048011979e+01 5.165930707219290952e+01 5.984092505459899769e+01 5.753178827290934549e+01 4.544524257205409867e+01 2.564372079613711364e+01 2.267774009486205955e+01 3.809554091984103508e+01 1.901664204805760860e+01 3.952454490572729640e+01 2.016296140271765580e+01 2.056350049585531536e+01 2.098063791562345060e+01 2.141462993380989843e+01 4.174323848496616307e+01 4.269049890988771523e+01 2.302398007182048900e+01
2.739267172789772273e-04 1.999463745216585053e+01 1.770608573687305309e+01 2.549566836502859868e+00 2.208238521973855129e+01 2.202741443137794874e+01 3.192813121997302872e+01 4.533631344520347284e+01 4.972136510788430996e+01 6.196583287841099263e+01 6.872495263770147744e+01 7.695450255808971463e+01 8.590693356964889915e+01 8.991018192127022246e+01 7.294753681194620754e+01 8.991018192127022246e+01 8.339380479568032456e+01 6.365003171321864528e+01 5.221472748982193934e+01 4.595206297727013123e+01 5.824504174992802064e+01 6.504330302652368800e+01 5.708487568660088840e+01 4.952426411301703979e+01 2.986994051007215489e+01 4.544515635250574803e+01 4.257011579206713492e+01 3.315654750988468180e+01 2.388707144346204458e+01 1.958761730978894278e+01 2.083390631278038896e+01 4.029307452562616731e+01 4.131439877926252535e+01 2.890122363642204206e+01 2.201988699101234559e+01 2.243959298757290455e+01 3.586635311617590105e+01
8.327778614586212741e-03 2.000832777861423040e+01 2.970176183244779722e+01 2.204519988036982170e+01 1.034994118442544853e+01 3.027243361173475478e+01 4.851593281111038891e+01 5.741979219565619985e+01 6.888914425437609168e+01 6.386839397947722574e+01 5.002269635352141819e+01 5.831246105202812657e+01 7.513730352008889213e+01 8.637497868242981269e+01 9.318658794906957610e+01 1.016126759842871934e+02 8.594855125047544675e+01 6.621487094923794814e+01 6.573950547485932816e+01 6.573950547485935658e+01 6.995668682165052132e+01 5.708487568660088840e+01 3.762767941007007266e+01 3.428075191954939527e+01 4.952426089568260892e+01 5.752814630813283969e+01 5.370020395833351046e+01 4.205680862651465901e+01 3.217630835103540221e+01 2.081720093350578082e+01 2.773732844019994914e+01 4.660912921912313323e+01 4.706608848986116556e+01 2.694305093821797570e+01 4.228285643206257305e+01 3.124089560481909089e+01 2.700559560647971935e+01
6.510866554257996840e-03 2.000651086655390287e+01 3.642782128889823667e+01 3.870161336202507130e+01 2.464281957136703127e+01 3.923309127643745597e+01 5.114407358176589469e+01 5.392072675007540994e+01 5.807680066416656217e+01 4.400127220391878780e+01 3.858935031975675400e+01 4.749074768144061665e+01 5.884840863954680401e+01 7.829477720053566259e+01 8.566656772541386999e+01 9.388803472662904426e+01 9.409656248878353324e+01 8.594855125047551780e+01 8.547314388013634812e+01 7.547023163460340811e+01 6.204558180193917849e+01 4.269472437610566118e+01 5.708487568660088840e+01 4.412114567992781389e+01 6.180117839916378131e+01 6.257323093266696645e+01 4.643873116994976868e+01 3.509014329739284221e+01 4.140162343786762023e+01 2.202571099843919811e+01 3.446899981667144175e+01 5.340205760985612216e+01 5.064954747286001435e+01 3.048945390097458130e+01 5.064613521324053380e+01 4.867563663551046460e+01 4.709546450735781775e+01
8.953482861371391335e-03 8.173910283510529950e+00 1.971953634716694737e+01 3.965991123860263912e+01 4.603894904131620791e+01 4.526931598539344748e+01 3.132951884086473981e+01 3.415584471742832307e+01 4.293617304321728056e+01 3.005998714468102762e+01 4.995505373658981796e+01 6.019512083895568111e+01 6.570362819867447968e+01 7.167763421002565849e+01 6.588322822481627838e+01 8.566656772541386999e+01 1.007040726040730618e+02 9.106407663496202076e+01 8.305000112782281008e+01 6.754434881085128950e+01 4.832574372941184038e+01 5.643212957789037176e+01 6.999231978701915580e+01 5.789011187957924420e+01 7.147070938949676133e+01 6.363609091369483650e+01 4.946724455885255622e+01 4.293870002226950788e+01 2.371234834823107818e+01 4.211123894658052080e+01 5.104752413461387306e+01 6.214442324476150503e+01 5.065055891134915100e+01 5.065064008441429166e+01 3.613037276769955497e+01 5.622345992354443922e+01 6.000254513406078161e+01
