LEM/sinusoidal_perturbations/elevation_000416.asc
nrows	100
cellsize	150.0
xllcorner	0
ncols	100
yllcorner	0
NODATA_value	-9999
[rows 0 to 16 of 100, columns 0 to 36 of 100]
8.271705653423140972e-03 2.000827170565306901e+01 2.980751308764751784e+01 4.944780199086088146e+01 4.888801338005782071e+01 4.888801338005782071e+01 5.781867272306510586e+01 6.657004322260402773e+01 6.015148380402634132e+01 5.202461611902552363e+01 4.493582511190117401e+01 2.950644002639036501e+01 3.277469312141933244e+01 3.616511617632663445e+01 5.604201479096042249e+01 6.467943751931916552e+01 6.855690365096042171e+01 7.267071189116839491e+01 5.996035621362492662e+01 6.506530264391855667e+01 7.893223054590939114e+01 9.858731533544549563e+01 1.058704766667487149e+02 1.141263489090082288e+02 1.256016285795791134e+02 1.195490162400384975e+02 1.113099134209279271e+02 1.113099134209279271e+02 1.113102542624574056e+02 1.195526107784389040e+02 1.156161488211063073e+02 1.073818875382934976e+02 1.099627269089617130e+02 1.182000480750560598e+02 1.196716497200102793e+02 1.196716497200102793e+02 1.279199158050430043e+02
7.813061968023241044e-03 9.999687375681604706e+00 2.930219518756671349e+01 4.219025148440071149e+01 2.793886685289872673e+01 2.793886685289872673e+01 4.888801338005782071e+01 4.669775333642188997e+01 4.668536041886240895e+01 3.219148528179946567e+01 2.491525820284524784e+01 4.493582511190117401e+01 4.688474588294505452e+01 5.604201526507495146e+01 4.116395567507743891e+01 4.487242254634134042e+01 4.878562643367545348e+01 5.294161163954623106e+01 6.436584807330200420e+01 8.401536684134417499e+01 7.308265833349989293e+01 7.926829293607239890e+01 8.617320509814717866e+01 9.749304873094742163e+01 1.173142560454267169e+02 1.113099134209279271e+02 9.147560580154321030e+01 9.147560580154321030e+01 9.147560750954086473e+01 1.113101417778347439e+02 1.041553224022222537e+02 8.754297206423122191e+01 9.012542414521831802e+01 1.067386308502838546e+02 9.984239760551668041e+01 9.984239760551668041e+01 1.196716497200102793e+02
2.526786264046545528e-03 2.000252678626369018e+01 2.367131186411099364e+01 2.443876677101066264e+01 1.343863839034717600e+01 3.384371190421567377e+01 4.879776989630421014e+01 4.491007604174340884e+01 2.666409830455676655e+01 2.049694488232785972e+01 4.061880798670674153e+01 5.314177117275984585e+01 6.667851405697156508e+01 6.917660405783138344e+01 6.100136806623059726e+01 6.467943768661818638e+01 6.855690365096042171e+01 7.267014211232314835e+01 8.083534424243460137e+01 9.220188000395945949e+01 9.269631229584526011e+01 9.890643951823314239e+01 1.058704766667487149e+02 1.141263489090082288e+02 1.239668620106956922e+02 1.157249803038443048e+02 9.728494000312092282e+01 7.742554323539465599e+01 9.728435175975086224e+01 9.620467308414997376e+01 9.527156208451552288e+01 7.606240561124805311e+01 7.865016352874492611e+01 9.850965481831842396e+01 8.581273309704667440e+01 1.056502510839941493e+02 1.183230688583189334e+02
4.163169627051843593e-04 1.288729583627379105e+00 2.579725265456410455e+00 3.878881073732070028e+00 2.415598591442972420e+01 2.147065517640341525e+01 3.553046961350325006e+01 3.298013637139619192e+01 1.644726156828197716e+01 3.667279742950691457e+01 3.478691105198674194e+01 4.890009598318253836e+01 6.869624335500878942e+01 7.548145772953773758e+01 6.730050046604706893e+01 7.463565550024290474e+01 7.640736209803455381e+01 6.822220151389110754e+01 7.449914182592605982e+01 7.843624347527146767e+01 8.058792032835849284e+01 8.876621104286162733e+01 8.875657432321727924e+01 9.694928128778794019e+01 1.157249803038443048e+02 9.589232249191321955e+01 9.177687067144141508e+01 7.189825685524800747e+01 8.591499015975384168e+01 7.632970469954675252e+01 8.704375938361867782e+01 6.713374497187423628e+01 8.596903215458384295e+01 9.053052097606254733e+01 7.878080005045248413e+01 9.025432166999095784e+01 1.100870745566212179e+02
5.883922493566802643e-03 8.545350495715132055e+00 2.046212511411004087e+01 2.367747558600238023e+01 5.769428257547106753e+00 7.116252642942891171e+00 2.740468207374159348e+01 1.268369320229535013e+01 3.298013160016412115e+01 4.490923321318106076e+01 5.469825315104628771e+01 5.469077945267707719e+01 5.675580553043229060e+01 6.405622880548250464e+01 4.749547667111449556e+01 5.489373366193442649e+01 6.497791978828689707e+01 4.844175345147419165e+01 5.477892530262855075e+01 5.875135281992537983e+01 6.090504975939951748e+01 7.487558280767072461e+01 6.912588786274552888e+01 8.875657432321727924e+01 1.003007122593538867e+02 1.017011734760755104e+02 8.185256786680740504e+01 8.591499015975384168e+01 6.599668437836055546e+01 6.217156576639755627e+01 7.707600775524286973e+01 6.173712117521832710e+01 6.605146826615222722e+01 7.064745217251851273e+01 8.471766162360448504e+01 1.045640048609339914e+02 1.002610076201049196e+02
1.256007409845548732e-03 1.999372809800003381e+01 2.087145747835146992e+01 3.293924966271630694e+01 2.604036183301135310e+01 2.682183052219168218e+01 9.053893190810704539e+00 2.936382364005554990e+01 3.347790658080342041e+01 4.172769174155710914e+01 4.486358400586175321e+01 3.477281076602550769e+01 3.684141769511837339e+01 4.479291906275866353e+01 3.593389213521245296e+01 4.080489723750353193e+01 5.189622917527555046e+01 3.687688848251483620e+01 4.068841208831431544e+01 4.470670897183124737e+01 4.987065551658204754e+01 5.519173766833351635e+01 6.266929195886160642e+01 7.248613511334112047e+01 9.209873079042732513e+01 1.099295922513044985e+02 1.017011734760755104e+02 9.414271470968873246e+01 8.591497608538935538e+01 7.707602018845869907e+01 5.696548501305200318e+01 7.707606458743289579e+01 8.596903215458384295e+01 8.471766162360405872e+01 9.875711376411092601e+01 9.444965374958302107e+01 8.047699123552924050e+01
9.594114293757748102e-03 1.894618938852367762e+01 3.726953720923157221e+01 4.469587713299094389e+01 4.206864233879352355e+01 2.196721362246983489e+01 2.936383043171975515e+01 1.144275987684684637e+01 1.317652863831916399e+01 3.348062805951904863e+01 1.863347022705934464e+01 2.069084943216930128e+01 2.273539912417079023e+01 2.480502879180006204e+01 2.692846449280093424e+01 2.918188018897021863e+01 3.189111912266318427e+01 3.631159886729254538e+01 5.623461191417528937e+01 6.451692380596054477e+01 6.090504975939951748e+01 7.487558280767071039e+01 8.229243295188426544e+01 9.046677420146289705e+01 1.003007122593538867e+02 9.752193558214337088e+01 8.915417111648214643e+01 9.382933096459584021e+01 7.971148676794736332e+01 7.145143729934898147e+01 5.451192644319176850e+01 6.626897486033472262e+01 8.623121025156753205e+01 1.045640048480855455e+02 9.833429475446129686e+01 8.627159547546568774e+01 6.636745230235638360e+01
7.711341127313004785e-03 2.000771133960979142e+01 2.816534371135912451e+01 4.816615120218637003e+01 5.030255262598664956e+01 3.625171176658526662e+01 4.001987862338821600e+01 2.326479112946783090e+01 3.170480120300340587e+01 1.570138878365265711e+01 2.037608661071459437e+01 2.464422089575574404e+01 4.267420683844248686e+01 4.479291906275865642e+01 4.695212611173199946e+01 4.920489092212512361e+01 3.551399427533068831e+01 5.472509709481855822e+01 4.283406702251458142e+01 5.689603683749070484e+01 7.661078497157966183e+01 8.058792032835810915e+01 1.002879488822400731e+02 1.026968440171302888e+02 9.258618443964873279e+01 8.421391317973325386e+01 6.915876614181837567e+01 8.392183920227499527e+01 6.559301761752581683e+01 5.115269600013088791e+01 7.145143729910114416e+01 8.295260252566470172e+01 9.446260318390052646e+01 9.055437202102919514e+01 8.430572838644704348e+01 7.027716184049479864e+01 7.368311001475501598e+01
2.297228869525369630e-04 8.165195533395891658e+00 2.230735061709854605e+01 4.230873587933015045e+01 6.191527339146651343e+01 5.615840503414170826e+01 5.157974457229570220e+01 4.335997251183924561e+01 3.005146243849074494e+01 3.595688041800247703e+01 2.346920351267367622e+01 4.297513241389614080e+01 3.111792544074512179e+01 4.462960039855820327e+01 6.433016828001242970e+01 5.963486902779597187e+01 3.996344336453984170e+01 5.963486902779607135e+01 6.267035287658056575e+01 5.012888700584827717e+01 6.988384282714031315e+01 8.734104140795166416e+01 9.718784217901200861e+01 9.432824614035988020e+01 7.409958021910655646e+01 6.440165956766321642e+01 5.799281086523715345e+01 6.411360357423902201e+01 6.613721209006324386e+01 4.887752274158588506e+01 6.347557874480018114e+01 8.422467210694540540e+01 8.465923277419481963e+01 7.062191756544386578e+01 7.610040879279284809e+01 5.603872759567711626e+01 6.341228764768255388e+01
9.647730019007896146e-03 2.000964773001865282e+01 3.645309262132727213e+01 4.191527339146721687e+01 4.191527339146722397e+01 5.184881290712871760e+01 6.013308415459091805e+01 5.807237049695804387e+01 4.410387589086988669e+01 5.155708943556264501e+01 4.336965713310703308e+01 3.241147373413848243e+01 5.039932361195035071e+01 3.952104800864442780e+01 5.920082849385939028e+01 6.533698660175745943e+01 4.492653032911243116e+01 6.533698660175745943e+01 7.805511500660649915e+01 6.156981568282218831e+01 5.948326220431282962e+01 6.933688378631183014e+01 8.898139837246272066e+01 1.026968440171302888e+02 9.258618443964873279e+01 8.421391317973325386e+01 6.991545818352561525e+01 5.022354622739611330e+01 4.576379130261337735e+01 6.613724898461370572e+01 7.742502549340393614e+01 8.139976880251572311e+01 7.451983772390676108e+01 5.598069406744659915e+01 7.451966587010318221e+01 6.341227712227937019e+01 4.321460848361021334e+01
3.582433992925927561e-03 2.000358243399256963e+01 2.777313776773686982e+01 2.191527339146792741e+01 3.770667728339751790e+01 3.184881290712801416e+01 5.184881290712871760e+01 6.200628825272479361e+01 6.383129138288662574e+01 6.281117066464356924e+01 4.302381304220641312e+01 5.223438397722503623e+01 6.040849799550606747e+01 4.643039626567012590e+01 6.618520974903434251e+01 7.372531519499347041e+01 5.663867269177323038e+01 5.663867269177323038e+01 7.721910437288758544e+01 7.547847365885947113e+01 7.339978151976993104e+01 8.734104140805997929e+01 9.718784217964383743e+01 1.024328526389414975e+02 9.421697628258735335e+01 8.982673211587011508e+01 6.991540652674963496e+01 6.398883795147273190e+01 4.363175307393685642e+01 6.398883795147273190e+01 7.339273174595774663e+01 6.378785373531630398e+01 6.417496460115160062e+01 4.499802684076514225e+01 5.576510712494864919e+01 5.786461048098391302e+01 4.090417081146831890e+01
1.813270376062421294e-03 3.850815064973559743e+00 7.773137767737224202e+00 1.236145244514841934e+01 1.770667728339681446e+01 2.477774509526241431e+01 3.372201700526188972e+01 4.786415262899333811e+01 6.786415262899475920e+01 7.097178403584777584e+01 5.447605804232542681e+01 7.097178403584777584e+01 7.437081869178034310e+01 5.632392325008562040e+01 7.437081869178034310e+01 8.551335480568596381e+01 7.721910437288758544e+01 6.868973367990331269e+01 8.551335480568596381e+01 9.515302084884804401e+01 9.306346503879832710e+01 9.599259044049895806e+01 1.043089507274455059e+02 9.421697628258735335e+01 7.437396270404249776e+01 8.018584682202154568e+01 7.385325367407200758e+01 6.206455755133229957e+01 4.174258734932071491e+01 5.948395872335606782e+01 5.217870987623084034e+01 5.613797813297445316e+01 4.489566125040227007e+01 3.762818511064191540e+01 3.585115383160464830e+01 3.783624986640185739e+01 4.483329070359329904e+01
2.372884694381488524e-03 2.000237288469402586e+01 2.777313776773758036e+01 3.236145244514912633e+01 2.869138406370323224e+01 4.477774509526312130e+01 5.306201634272531464e+01 6.200628825272479361e+01 6.432351423614011310e+01 7.257110675268611999e+01 7.419714625011141607e+01 8.235215152745385581e+01 8.424099355270085709e+01 7.604649624798312857e+01 8.424099355270085709e+01 7.900481662967050056e+01 8.730283536801140087e+01 8.887044141779868767e+01 9.711993650765739972e+01 9.019905664261075628e+01 8.191874161576819802e+01 7.608916255777593562e+01 9.599259044049895806e+01 9.164954085429080521e+01 7.179384034797634229e+01 6.016048951596371097e+01 5.367223376418588288e+01 4.852729143863771810e+01 5.274758122767157431e+01 3.930976858265233176e+01 3.769243133603490747e+01 3.612230307255321549e+01 3.459385063344696221e+01 3.311697720178858617e+01 5.118258078848704429e+01 5.783945398056555121e+01 6.484221513116682445e+01
8.175220331382775790e-03 1.155518060412379810e+01 2.569731622785449687e+01 4.569731622785378278e+01 4.869138406370393568e+01 5.697565531116613613e+01 5.907715882035623878e+01 6.109737923707088925e+01 4.446632893693536914e+01 6.109737923707088925e+01 7.289018699748788777e+01 6.461497527528700857e+01 7.289018699748788777e+01 7.460834912746625491e+01 6.630022987691576475e+01 5.891710119471661500e+01 7.313225961808686293e+01 9.318242341284496888e+01 9.368719398196705583e+01 8.191874161576819802e+01 6.205738579222096263e+01 7.489669192257355235e+01 9.480655756761096598e+01 9.986231409439888296e+01 8.840340767149214685e+01 7.019978860450252967e+01 7.385327281743789740e+01 6.880801102857427054e+01 5.009764146341408519e+01 5.358918226639859483e+01 5.780235298118191878e+01 5.614827875391739553e+01 5.450088689965799205e+01 5.108029474594960107e+01 3.150379878018636504e+01 4.531714761773724121e+01 6.555313334131226100e+01
9.124702163186202558e-03 2.000912470216283268e+01 3.828651111124591466e+01 5.242864673497661698e+01 4.733325366855264349e+01 4.387968627904556485e+01 3.915346897884628419e+01 4.949563402530938561e+01 3.294163286449995098e+01 5.285465681233178969e+01 6.290535737071677858e+01 4.464882404515913095e+01 6.290535737071677858e+01 5.681464416947156337e+01 4.617826394513583921e+01 6.630022987691576475e+01 7.178491630277153490e+01 9.152932294491462528e+01 8.539587304543154289e+01 6.552397310217577342e+01 5.506070138814280313e+01 7.489669192257353814e+01 8.518577217676268276e+01 9.668941191243118283e+01 9.832783344277279980e+01 9.010941334831423433e+01 8.440494587761385503e+01 6.440216371265358930e+01 6.440216368217656395e+01 7.371505323964926504e+01 7.063085794186740429e+01 6.237456760436960224e+01 5.605479619858900975e+01 4.789111257235977348e+01 3.036740463688109415e+01 3.968674301725243936e+01 5.440401586174150594e+01
2.239863785106879172e-03 1.000223986378501984e+01 2.414437548751572038e+01 3.757735342606672901e+01 2.431901063048820433e+01 2.491508160375000003e+01 2.502343452798437085e+01 2.996258809461567907e+01 2.536970729508826494e+01 4.107812517760497428e+01 4.394604752529024694e+01 3.464050087290026170e+01 5.066696341517705093e+01 3.671035465645685036e+01 4.281369596852561443e+01 5.183578042127253127e+01 6.597834526979013958e+01 8.569280643724685831e+01 8.535642147307717664e+01 6.917053468522537685e+01 4.938066349049581305e+01 5.708163050111362935e+01 6.851136437523818756e+01 8.839142648483965559e+01 1.004428659804018906e+02 9.221160381719650445e+01 9.265043017464067532e+01 8.440494587761385503e+01 8.440493386151725019e+01 7.651486291414182972e+01 5.651746551110139194e+01 4.236297713723313052e+01 4.828689629506029490e+01 2.875774293759586797e+01 4.828689748728172049e+01 5.833634278330205092e+01 6.902406643870544656e+01
1.766589122093755728e-03 2.000176658912173977e+01 2.388693018840368509e+01 2.554583314179154385e+01 8.938038077118088509e+00 1.117419988544377851e+01 1.346860819382931318e+01 1.584276986101544971e+01 1.828740008384586702e+01 2.106354951476591353e+01 2.392512743156354560e+01 2.713508921268227070e+01 3.062753505513121510e+01 5.066696341517705093e+01 6.312358403407017704e+01 5.511764415299683861e+01 7.409192099729789049e+01 8.535642147307717664e+01 6.549196340412011352e+01 6.437078590562310865e+01 4.464425195537792490e+01 6.437078590562310865e+01 8.066832363316565591e+01 8.895102533822375790e+01 9.221160381719650445e+01 7.232144062109587423e+01 7.814713454232673939e+01 8.638215330074882559e+01 9.275274197890986727e+01 7.286548287205820884e+01 5.870768453596053149e+01 5.236877187648718035e+01 3.263896618678870709e+01 2.759932618830163165e+01 4.698095546812294288e+01 5.705991378410731585e+01 6.732243760030421242e+01
