LEM/sinusoidal_perturbations/elevation_000049.asc
nrows	100
cellsize	150.0
xllcorner	0
ncols	100
yllcorner	0
NODATA_value	-9999
[rows 17 to 33 of 100, columns 0 to 36 of 100]
5.222468517465790779e-03 2.000522246851711117e+01 2.947947519479114220e+01 3.482470613561505957e+01 3.115463106476534350e+01 5.018038527029711560e+01 6.018057786221729799e+01 7.104974227696814637e+01 7.389806267425618103e+01 6.608577380992119288e+01 7.585537836184505522e+01 7.258791932490456134e+01 6.432687682512380434e+01 7.258791932490456134e+01 7.595978412254130774e+01 7.595978412254130774e+01 8.421988363558482149e+01 7.880793259688137198e+01 5.909207768143816253e+01 5.909207768143816253e+01 6.208089533981281249e+01 4.759654331514713022e+01 5.877853334073110148e+01 7.852046763202866941e+01 9.304240534907938809e+01 8.214086780816757027e+01 6.095804757218233760e+01 7.123518630983386402e+01 9.218706523998976365e+01 8.292510306071301329e+01 6.245331233808662574e+01 8.292510306071301329e+01 9.773069609737355279e+01 9.856366827712476208e+01 7.897177321356717528e+01 9.856366827712476208e+01 1.018057701079154498e+02
7.333276091007126865e-03 4.479469231090604353e+00 9.479469231090646986e+00 1.482469406933918066e+01 2.189576188120478051e+01 3.189576188254431699e+01 4.603789858970534965e+01 6.603802233778361597e+01 6.233946479182934297e+01 4.284885910879294357e+01 6.233946479182934297e+01 6.259902963740053394e+01 4.433507278667072882e+01 6.259902963740053394e+01 5.600716219647151917e+01 5.600716219647151917e+01 7.595978412254130774e+01 8.705383397533890388e+01 7.880793259688137198e+01 7.880793259688137198e+01 7.533946325194872884e+01 5.622228695123201447e+01 5.366040408707183929e+01 6.497675275149443053e+01 8.478403841315579825e+01 9.007017879028074958e+01 6.909119386351578385e+01 9.007017879028074958e+01 1.006777415630281354e+02 8.974918607516963220e+01 6.927693703179978968e+01 8.259508966190682600e+01 1.021856961607934267e+02 1.067044169280557071e+02 9.828100373091069741e+01 1.067044169280557071e+02 1.077357567990314209e+02
6.343274376862209282e-03 2.000634327437650839e+01 2.080940103408718045e+01 3.482470613561505957e+01 4.189578054674583996e+01 5.018038527029711560e+01 5.912418496982822802e+01 6.735091833142405449e+01 5.328647975994238806e+01 3.235685618135339325e+01 5.328647798332883667e+01 5.433097468508304928e+01 3.429872157087271489e+01 5.242322799359847352e+01 4.185150741161083232e+01 5.600716219647151917e+01 7.595978412254130774e+01 8.180301502550751991e+01 8.180294080420856062e+01 9.004393654111022727e+01 8.418127989887891260e+01 6.756305262161778558e+01 7.334829683308390713e+01 6.078940596779106187e+01 7.218216825382147306e+01 9.203218042709073643e+01 8.131795346934895008e+01 9.856258731081707936e+01 1.063875398671727908e+02 8.600980139201782038e+01 8.111784461265378354e+01 9.815945146366131269e+01 1.070993427158421980e+02 9.904691428370112760e+01 1.075585859338941646e+02 1.044523679077626070e+02 8.859975994208720351e+01
3.497053469895897767e-03 1.397255649836357527e+01 3.306227855127562520e+01 4.080941165893821676e+01 6.080949112624241337e+01 5.583127443017938418e+01 3.913366875481045071e+01 5.583127443003452584e+01 4.598715105234010281e+01 2.558186452025910640e+01 4.472115599663180063e+01 4.143213849809632876e+01 2.710002491513207445e+01 3.238160704792940692e+01 4.657005900656441355e+01 6.655402794495765306e+01 7.597993247497278446e+01 6.191478321575682031e+01 6.191478300109965005e+01 8.180285510629130385e+01 9.564719967245211762e+01 8.738503739427218875e+01 8.654890370213267659e+01 6.672490636384553397e+01 8.654890370213269080e+01 1.003024626079197645e+02 1.020259409183189518e+02 1.104596248212902765e+02 1.100740282872004201e+02 1.063875398671727908e+02 1.015398177817042153e+02 1.099164210702801228e+02 9.749158714981288654e+01 8.059455238374088992e+01 9.749154446144790143e+01 9.668756980976247917e+01 7.715196864234563634e+01
9.635555453094322986e-03 2.000963555545273920e+01 3.528886792136187722e+01 4.776080287887828746e+01 6.331160192599723047e+01 4.758265505184809285e+01 2.756666992005730776e+01 3.691027065425753051e+01 3.277995385682488916e+01 2.197528310403964724e+01 1.742724341373510910e+01 2.105190294956697983e+01 4.143213887959769437e+01 5.242322799330943894e+01 6.069285097032548748e+01 6.747751981154213752e+01 5.922904903840711199e+01 4.778015736018235060e+01 6.191478321575682031e+01 8.180301502550751991e+01 8.307232742567236983e+01 9.136950162338507653e+01 9.480970870522999405e+01 8.072322805635747045e+01 7.924089681539497576e+01 9.328171484020296589e+01 1.132282031394137647e+02 1.042817083208201581e+02 9.036972650126615747e+01 1.021637195780530334e+02 1.023392561256749360e+02 9.397062352382482686e+01 8.948376308614946595e+01 7.236216119522481449e+01 8.948376308517738664e+01 8.978067761806865121e+01 7.010557254867202914e+01
8.845047570523793118e-03 8.181254555285869756e+00 1.827165638325168473e+01 3.922381302639850986e+01 4.947131120062858400e+01 3.521300687388203698e+01 3.671931295721020660e+01 1.686560974975203919e+01 1.276117553478488631e+01 1.434266155416493227e+01 1.617346236843675911e+01 1.799415978426855744e+01 3.792736459734568655e+01 4.891741105953275337e+01 6.018624376204203941e+01 5.192942119395674183e+01 3.923818555092778126e+01 5.922904903840711199e+01 7.597993247497278446e+01 7.042435677179742015e+01 6.307412990306553979e+01 7.721354361251577814e+01 9.721668276640676254e+01 1.006133288561495931e+02 9.912327017609759139e+01 1.074020626320526191e+02 1.018739454274420808e+02 9.372696194156699789e+01 7.629807037271167758e+01 8.348186976688673155e+01 9.044411938285934127e+01 7.400948430835963165e+01 8.365862284790645731e+01 6.673141808756695070e+01 7.637962104005640640e+01 7.628258581215439449e+01 6.424863164151490480e+01
8.023991185656003874e-03 1.415119253050483650e+01 3.418727241118885019e+01 4.777881769745285112e+01 4.119043229736791289e+01 2.105642220455322899e+01 2.841015626189832943e+01 1.053867614337154457e+01 3.054786551463751820e+01 2.589940964827450287e+01 3.604670058506204100e+01 3.792736459733967536e+01 2.063104675835590385e+01 4.062236062766103117e+01 4.545397363725571438e+01 3.192446172599838761e+01 5.192942119395674183e+01 5.649270674546269788e+01 6.041947747793292223e+01 5.041459818406833904e+01 7.042435677179742015e+01 7.716687376896923922e+01 8.423535768930220513e+01 9.254069186898078669e+01 1.041064956217178121e+02 1.076801942130169607e+02 8.794734397344495846e+01 7.386415538768545730e+01 6.643715644060762315e+01 6.974907611138996799e+01 8.206192643448649449e+01 6.373628978366041764e+01 7.123541420342029085e+01 7.019906747938102853e+01 5.926730812733887177e+01 5.701815152583815660e+01 6.960681845862636408e+01
4.598823041778624977e-03 1.419492131536932789e+01 3.454256101202989271e+01 3.769991959038506479e+01 3.461526234969335292e+01 2.626816705384557338e+01 8.400502956019687772e+00 2.841251056118368368e+01 3.884752578537977286e+01 4.592077030471052268e+01 5.414124882580325959e+01 3.699991201546076525e+01 4.030343190562933131e+01 2.339471789331458140e+01 2.543102170523290084e+01 2.775595420393962343e+01 4.778103461810177777e+01 3.646781823652063537e+01 4.039684150038551280e+01 4.557108096572926570e+01 5.112895444365670983e+01 5.716837817020745405e+01 6.424398846595639156e+01 7.578416686228243293e+01 9.578088453279769965e+01 9.949462395362722589e+01 1.018739454272652267e+02 9.372696194156699789e+01 7.814340781546374615e+01 5.865092524756251180e+01 7.148907770077367729e+01 6.982729409042906354e+01 5.349293636535333718e+01 5.217168748016926116e+01 6.598210513056642412e+01 6.653804154321433373e+01 4.822555554979407333e+01
7.340434288523949372e-03 1.979024401222247675e+01 2.231370136548432725e+01 1.761931795240141696e+01 2.464715888545445566e+01 6.315343695213447184e+00 2.632110593546273947e+01 3.669729525170787809e+01 4.581503061101153662e+01 5.411442836037855386e+01 6.570375202871581166e+01 5.724087947035898338e+01 5.151832437635148665e+01 3.234049552940584249e+01 4.545397363784467615e+01 4.778103461802245278e+01 3.111535756756071436e+01 5.114081909227549971e+01 6.041947747792956136e+01 6.558778986754781215e+01 7.113706740540123974e+01 7.716687376896923922e+01 8.423535768930220513e+01 9.254069186898078669e+01 9.362272643332504174e+01 7.953128250714456726e+01 9.362272643332504174e+01 8.724811661636509541e+01 7.900958449384914672e+01 7.148907756900942445e+01 5.236221212802707470e+01 5.367591668220390488e+01 4.715643462913286044e+01 4.747885125509073845e+01 4.779959870352351459e+01 4.811970259508912307e+01 4.844140194912915121e+01
3.515918393995972821e-03 1.156296753803847333e+00 2.310997292215553944e+00 3.471514998976587218e+00 4.639927478573420139e+00 2.464643655098958419e+01 9.187248346619606210e+00 2.919906620995817192e+01 2.579180193910331198e+01 4.255176604009106001e+01 5.006997853704732648e+01 5.837395480951395399e+01 6.066138424427938958e+01 4.650278789494916509e+01 6.066138413519954753e+01 4.113073576228996586e+01 5.114081909228391964e+01 3.612198227915970961e+01 5.614180100286331054e+01 6.648342811273317920e+01 7.202532516231806881e+01 7.908259877208030275e+01 8.736194381551791821e+01 9.734405568789570395e+01 8.537840984167696945e+01 6.556571578475036688e+01 7.478807940310676372e+01 7.678776103559002308e+01 5.925400927743119439e+01 6.476151759336160296e+01 6.180735292305619311e+01 4.669497278441440358e+01 6.559490447122921353e+01 5.683476345558290177e+01 6.705927611131042454e+01 6.725654928000520272e+01 5.442250544246309829e+01
4.608085242692564441e-03 2.000460808058455342e+01 2.231395833027539766e+01 2.347440785526518070e+01 1.311932857117639806e+01 3.132838973824947004e+01 2.917475890507552805e+01 1.210488558426836825e+01 1.423737782314553790e+01 3.425461416231618728e+01 3.004029139751727584e+01 4.419989059023635036e+01 6.424162447056129110e+01 6.652484661310191427e+01 6.871467619931604531e+01 4.870281181210735610e+01 6.442697744198400756e+01 5.614180100286331054e+01 4.147664654074851853e+01 4.648653203069422091e+01 5.204373118749993665e+01 5.912161466235038887e+01 6.911038033671415803e+01 8.905481720808944601e+01 9.362272643329470156e+01 7.478807940310676372e+01 5.531802506386237184e+01 6.574119289542792899e+01 4.898387756050259867e+01 4.588251725747604581e+01 4.622429131270078528e+01 6.421098072129450429e+01 6.199882330857217738e+01 7.729533917460427972e+01 7.725457511250637310e+01 7.410971839587047327e+01 5.460908459722909214e+01
1.610643649003322799e-03 2.000161064364864671e+01 3.414384194872717160e+01 4.017477350782890255e+01 3.241890384624376509e+01 4.126185313475161820e+01 2.844507977483505456e+01 2.625573046042283210e+01 3.425461416231620859e+01 1.738146205270576417e+01 3.740209210074975488e+01 4.909404257087477674e+01 6.326866872355996207e+01 7.276425408907097392e+01 7.700533431024847175e+01 6.285665546973967110e+01 6.871467619931604531e+01 6.749345828494283239e+01 4.751858170687720673e+01 6.648342811273317920e+01 7.202532516231806881e+01 7.202532516646679994e+01 8.736194381551791821e+01 9.734405522378581566e+01 8.987767804566124141e+01 7.001596096584441398e+01 5.632828958308881084e+01 4.744397299977782723e+01 4.538896722031271480e+01 6.427500499322491123e+01 4.821958996430506517e+01 5.974696595752453021e+01 7.964142098592211028e+01 8.155634451044933542e+01 9.773962624785744424e+01 7.879729211619405760e+01 5.891505640377574338e+01
2.022278438842990342e-03 7.058239929107811506e+00 1.454019746949767189e+01 2.583259362770767353e+01 4.549721829259625139e+01 5.673053122910292956e+01 4.845749055427550189e+01 4.627695108961221848e+01 3.372601945957829628e+01 3.740209210074979751e+01 2.076415407918947054e+01 3.491941630783393435e+01 4.438859091287957881e+01 5.441042779322070544e+01 7.448269435091151536e+01 8.285718929332200844e+01 8.871939585153388919e+01 7.575230361411378510e+01 6.165813468682556930e+01 5.906519117263371754e+01 7.055601466903574703e+01 9.029812910067276732e+01 1.002831947040794773e+02 9.679329390784715770e+01 8.823049918619410903e+01 8.406503921239276167e+01 7.416823529913000357e+01 6.381079772425724883e+01 4.503086427668817748e+01 6.375490178103594019e+01 6.866856112269762491e+01 7.695487171971221585e+01 8.789801987300376140e+01 1.013768027483054794e+02 9.320124365088435070e+01 7.283001421832901201e+01 7.879729211619459761e+01
6.642187732006160465e-03 2.000664218773165004e+01 3.414384194883220403e+01 4.235241666619411660e+01 5.374940863379062961e+01 5.802880658173691586e+01 6.038896509184668560e+01 6.206328083197682588e+01 5.375873961136845480e+01 3.711107301024096472e+01 4.078879734329974127e+01 2.435867568765938174e+01 3.436675403257292061e+01 5.441042779322070544e+01 6.791737513493224299e+01 7.626920876698460461e+01 7.638448673808507294e+01 8.480071980753223215e+01 8.158117565635336632e+01 7.890001401919477075e+01 8.606647492900624741e+01 9.851237760262867482e+01 1.001152155285933532e+02 7.956720674355129574e+01 6.818576087384343509e+01 7.750934729983028149e+01 7.894364763364357884e+01 5.893285295145359015e+01 4.466885341152612199e+01 5.379388118384495243e+01 6.417133153151218039e+01 8.784611264346278858e+01 1.013505445806143115e+02 1.116324973707842929e+02 1.016678088816047278e+02 9.319867363083031364e+01 9.510820108375884274e+01
1.591255364720534126e-03 2.000159125536436378e+01 2.844049190432449592e+01 3.302880658173612005e+01 3.802880658173620532e+01 3.802880658173621242e+01 4.038896509184598216e+01 6.038896509184668560e+01 6.546308356355713443e+01 5.715279404017169895e+01 5.196283302404415849e+01 3.192327203111454281e+01 2.844381283638249869e+01 4.848236772739434741e+01 4.781400296751540679e+01 6.041755109819223435e+01 5.618560243038994884e+01 6.962932948765413244e+01 7.505471038638262371e+01 8.288060052646271458e+01 9.174242944002494937e+01 1.027590904273840522e+02 1.086103947892672323e+02 9.679329673857085936e+01 7.750934729983028149e+01 5.803182454314099203e+01 6.917821712469265094e+01 6.717992264669565827e+01 5.704187270098901763e+01 4.415904157633291760e+01 6.583364881992579853e+01 7.360935434787892007e+01 9.183853892765029059e+01 8.895056770527376955e+01 9.733677996052647075e+01 1.054347022545449590e+02 1.035910736160189316e+02
6.189296070378335485e-03 4.176477577211891834e+00 8.440491904324138872e+00 1.302880658173541484e+01 1.802880658173550188e+01 2.405903347329088149e+01 3.300330538329035335e+01 4.455031076708327475e+01 6.455031076708469584e+01 6.614933870444622244e+01 4.608658996924967255e+01 5.196283302452003028e+01 3.739576891341544496e+01 3.286393967482500500e+01 3.624690989085370063e+01 4.033283443760736731e+01 4.460157216898658561e+01 4.946000892357578493e+01 5.481821705467615402e+01 6.241507631294565073e+01 7.256078521285174077e+01 9.377578688905849447e+01 1.070737116417194841e+02 9.912597366516537534e+01 8.595192215490742171e+01 6.920107050438417673e+01 5.018165177952505474e+01 6.012810156891620750e+01 4.365158443179344516e+01 4.428867886375547869e+01 5.576585113421322148e+01 7.158676234718498677e+01 7.576538864882962798e+01 7.270025629072728179e+01 7.720941790742128319e+01 9.546432281086892147e+01 1.036325420967448565e+02
2.247884206357958405e-03 2.000224788420600319e+01 2.844049190432378182e+01 3.302880658173612005e+01 3.802880658173620532e+01 4.405903347329158493e+01 5.234330472075438934e+01 6.128757663075462858e+01 7.283458201454924108e+01 7.446872930189545059e+01 6.614933870445264574e+01 6.577704592913838155e+01 4.896386302470051533e+01 4.181790886339482682e+01 5.631068780245490046e+01 4.781400296751541390e+01 6.472518157747161638e+01 6.962932948765413244e+01 7.505471038638262371e+01 6.907755628592096286e+01 8.948483688011101833e+01 1.027099378757171309e+02 9.902963523931092027e+01 7.775549386444225775e+01 8.405242635126828077e+01 7.700599157783933890e+01 6.276147869219369113e+01 4.313348533930926010e+01 6.034297476364155699e+01 6.640368747333982924e+01 6.273470646975652443e+01 5.250180791928182344e+01 5.639877803479075880e+01 6.089293076722078979e+01 6.741196532493817983e+01 7.503263627157573978e+01 8.959262498178013345e+01
