LEM/sinusoidal_perturbations/elevation_000274.asc
nrows	100
cellsize	150.0
xllcorner	0
ncols	100
yllcorner	0
NODATA_value	-9999
[rows 17 to 33 of 100, columns 37 to 73 of 100]
4.690997735213105813e+01 5.882691796605578105e+01 6.715068148847099394e+01 7.612273427203275844e+01 7.862418024201993205e+01 8.466827928463014530e+01 6.488595312642355850e+01 5.278375533245758788e+01 4.317385029352772108e+01 5.225316050491453268e+01 4.758850167891824157e+01 3.870074278518427491e+01 2.162284350178354231e+01 4.218067427013679804e+01 5.774825124158735434e+01 5.184888597021564749e+01 7.199058202202223811e+01 7.512151217358794497e+01 7.718689234845386693e+01 8.560315901459613031e+01 8.306220616427683012e+01 7.409794348780387452e+01 8.306220616427683012e+01 8.768331365261414589e+01 6.721012128350987780e+01 5.519570348398133319e+01 4.589313694662632770e+01 6.662270403368222560e+01 8.219014937985923552e+01 9.429837635082331815e+01 7.982888182947824873e+01 5.901521679206491910e+01 6.942204931077159813e+01 5.485923637480581050e+01 7.570826924444143913e+01 9.523028161320192453e+01 9.414120823553126627e+01
3.278119493200677681e+01 3.872297235273378391e+01 4.779198006664356058e+01 5.929110984002790019e+01 7.933654175713574830e+01 9.234634633202321652e+01 8.113586101517712734e+01 6.727738986108725783e+01 5.230456077641149903e+01 3.155877843638510782e+01 2.753846825204370319e+01 2.370344656564537189e+01 2.208839211200609398e+01 3.690222012306121258e+01 3.774621518813093246e+01 5.305350276876763616e+01 5.677187262295371539e+01 5.481385174771568813e+01 5.681500006468451858e+01 7.167367654542805155e+01 7.853370426788389125e+01 8.695234506190134027e+01 9.718698310162450582e+01 9.610351755428743559e+01 8.430799168114660347e+01 7.260532247314299070e+01 5.188092427425434749e+01 5.301803323190525674e+01 6.772503586296676303e+01 8.821089655064162116e+01 8.829836771892689740e+01 6.837301448132568282e+01 8.171473961734932345e+01 6.090771589728217350e+01 6.604919374176053282e+01 7.809648538997903700e+01 9.868943425960070215e+01
3.963310231566873654e+01 5.882691796605578105e+01 5.515379404592795964e+01 7.517044517263595083e+01 8.776716532949787108e+01 8.487647852574694696e+01 7.481634047214213012e+01 5.903103451523909939e+01 3.829941636524291937e+01 5.230445288293815764e+01 4.400216783145420152e+01 2.276321868399374893e+01 3.947649246437350712e+01 2.637250919304991470e+01 2.951530608598842065e+01 3.299948051835447416e+01 3.674783814428094075e+01 4.068068409790490847e+01 4.525682096492264606e+01 5.125946222131086216e+01 5.795362110051649296e+01 6.823905525811223072e+01 8.882835327765553757e+01 9.407037761790290631e+01 7.368468848531892945e+01 6.173370457029616176e+01 7.260532247314299070e+01 5.963645327057528789e+01 6.996910119137248785e+01 9.043795331173524232e+01 9.751335134690815210e+01 8.040910499882157580e+01 8.827469942634037636e+01 6.753028507076550113e+01 8.680008968631648258e+01 9.523028161355760801e+01 1.070508524786733773e+02
5.127402133037619336e+01 5.385796827180146096e+01 7.383020202261704412e+01 8.353873450132742562e+01 9.076511860068468707e+01 7.100292763194687495e+01 5.638744523275811105e+01 4.588115930438095802e+01 5.903103409281992953e+01 6.283604715965124399e+01 4.187740455707066189e+01 2.324078443975887964e+01 4.311704660131123745e+01 3.975851240213481219e+01 4.938644176351174764e+01 4.455786823770872473e+01 5.677187262295371539e+01 5.062258928223117493e+01 6.551855933606491078e+01 6.176231287862235320e+01 7.853370426788389125e+01 8.695234506190134027e+01 9.718698310162450582e+01 1.025130628631684004e+02 9.074392830655936848e+01 7.210180528344201889e+01 8.797224938339518019e+01 6.751703592947406207e+01 8.024090540999262089e+01 9.888441166620592071e+01 1.093135358140602591e+02 1.009645852636722054e+02 9.669688276433593899e+01 7.957537020783199466e+01 8.226046410513573903e+01 1.027943479060958509e+02 1.173953705772489684e+02
7.122831955139906768e+01 7.383020202261704412e+01 8.216336339627051188e+01 9.699559022392811869e+01 7.750212268551790373e+01 6.574789953371499962e+01 5.638744885498149273e+01 6.659363995963414595e+01 6.877031596616927800e+01 4.949029266630929413e+01 3.693061280818454151e+01 3.506036573061918915e+01 2.391884403510861645e+01 4.852600393650022426e+01 6.461538808505643772e+01 6.465875535946247510e+01 7.306676195343023039e+01 6.482480380290570565e+01 7.921744812322907592e+01 8.223193941982101762e+01 9.063364302701822339e+01 9.540563403318124358e+01 1.012959006906900896e+02 1.076716483668803335e+02 1.009396439414959730e+02 8.654884734619709263e+01 8.797224938339518019e+01 8.202214192604836285e+01 9.640692209937508039e+01 1.090734945259758035e+02 1.215613745596436388e+02 1.132695074279972687e+02 1.085089791532546997e+02 1.001582041347069207e+02 1.027943479060958509e+02 1.111333014235360963e+02 1.091908721397046094e+02
7.953870728405057378e+01 8.801678302492483397e+01 9.828612534272180312e+01 1.049605593757478346e+02 9.375069953815138035e+01 8.489543665053290056e+01 7.679983106428680628e+01 6.747468801655176662e+01 5.910164471066332226e+01 5.887969346021709072e+01 3.884952351991560704e+01 2.459987502247235369e+01 4.426041872132150701e+01 5.547014872457820900e+01 6.527904383947297617e+01 7.370767802502798816e+01 8.541560311180464282e+01 8.520451312680496869e+01 8.984209137216770102e+01 8.148833972913108425e+01 8.944243291117190608e+01 7.514883182904411285e+01 8.108191182948118580e+01 8.750976392359353895e+01 1.048898583206498216e+02 1.068659322334712414e+02 1.083068982751345715e+02 1.023370795044989734e+02 1.070434635348044594e+02 1.153228640571520742e+02 1.099872206976926492e+02 9.321060339340061773e+01 1.016884937839698466e+02 1.099872206981622753e+02 1.091804386539449467e+02 1.174348389796319623e+02 1.173953705772489684e+02
5.887272117092224022e+01 6.924003897776069039e+01 8.983737559034035769e+01 9.781994683896066078e+01 8.772432623963767639e+01 7.938282784878572329e+01 7.261452339310078230e+01 5.910171921632793612e+01 3.898871683896239659e+01 5.239430371156705490e+01 4.522651285818858469e+01 2.508283828147185091e+01 4.523485511338591891e+01 3.810765899049030736e+01 4.537549062572784209e+01 5.673716070247090926e+01 7.694806670082299149e+01 8.453636423907640562e+01 7.617188017913481701e+01 6.119552087079840419e+01 7.388444866437896508e+01 6.072441178394453942e+01 6.718311084351553575e+01 7.631367890841525536e+01 9.067808112505893803e+01 1.107861118611060363e+02 1.089453248273691059e+02 1.006530733290773441e+02 8.692900802901775137e+01 1.037311208643551907e+02 1.016884937839537315e+02 8.157506630708725481e+01 8.157506630708725481e+01 9.509702570937888311e+01 8.926348506323893162e+01 1.091804386539449467e+02 1.212197070127288896e+02
7.953870728405057378e+01 8.801678302492483397e+01 9.828612534272180312e+01 8.950043600288253742e+01 6.926521969468888074e+01 5.907791448173095006e+01 5.230943669722766032e+01 4.650969652076772576e+01 5.239743947145547054e+01 3.235350641131321936e+01 3.956376207173479997e+01 2.556681163960462300e+01 2.760592900339106848e+01 4.896924309019092902e+01 6.527904383947297617e+01 7.370767802502798816e+01 8.255669020457025908e+01 7.282409171309350882e+01 5.584727279890338991e+01 4.943249258450268968e+01 5.349964937936319131e+01 7.388444866437896508e+01 8.750976392359352474e+01 9.585327694382242214e+01 1.048898583206498216e+02 1.032707665156448371e+02 1.006530733290773441e+02 8.048799051571668883e+01 7.522488528042970302e+01 9.471665766371812367e+01 8.978889948914030583e+01 8.223858815345397488e+01 6.989778031460672025e+01 7.507601994978472248e+01 9.509702570937888311e+01 1.049887412090657506e+02 1.013409148869602348e+02
8.377378630669979032e+01 1.000940143785099963e+02 1.085023682589589527e+02 9.781994683896066078e+01 8.772432623963767639e+01 7.938282784878572329e+01 7.261452339310078230e+01 6.675294975821032040e+01 6.038474461551732730e+01 4.639341930066660069e+01 2.625423457859938026e+01 4.571289061258880082e+01 4.890982994840266684e+01 5.735881857326798894e+01 7.239625744608851221e+01 7.561283825452984786e+01 6.723264156302455774e+01 5.386662205228167721e+01 4.418451437280511129e+01 6.443746263699479471e+01 7.179585608490984328e+01 6.641684994368814898e+01 8.080824743370136787e+01 1.009831444112692651e+02 9.727772847207910445e+01 8.294079795637935604e+01 9.727772847207910445e+01 8.639420652856162519e+01 6.613374873707114432e+01 7.812319896359302618e+01 7.617061402944160875e+01 6.080821476602520193e+01 6.425595605705970570e+01 8.439534798208900668e+01 9.434257735996907002e+01 8.507159240567629865e+01 9.916709158118928258e+01
7.528616891356502094e+01 7.959338257136221273e+01 1.000934700930461219e+02 9.814647291115124972e+01 8.821790873854719450e+01 7.992212017575913308e+01 7.840205231121113627e+01 7.003483733053418803e+01 5.607965510287329636e+01 4.059767417487640273e+01 2.674316502276573360e+01 4.687824399783840335e+01 3.628008045197138642e+01 4.367732297330117319e+01 6.403247250759064002e+01 6.394735347159950578e+01 4.703834078433826704e+01 3.978704155097859285e+01 5.981749226035748279e+01 6.000300719488897983e+01 7.945993054357623464e+01 8.666198589785821582e+01 9.505694194037101852e+01 1.000404617579797844e+02 8.889530788607899581e+01 6.849084380167329300e+01 8.889530788607899581e+01 9.237073609366194660e+01 7.219823531244225023e+01 5.780071261219482892e+01 5.662185692195224362e+01 7.315261312238619951e+01 8.372033518285532239e+01 6.999781737127126746e+01 7.431953375724334876e+01 8.104906634817557176e+01 1.009893304342374734e+02
6.497437356503724004e+01 8.559824466388931796e+01 9.518028390861448429e+01 8.506466358069982903e+01 6.951623079488962276e+01 5.966775682499046241e+01 6.338981862737285411e+01 4.976246166754203415e+01 5.029135722941451547e+01 3.023883330428273197e+01 3.551182693327094597e+01 2.744871943022803507e+01 2.794823628620882872e+01 4.807155563105911966e+01 5.586462898884693118e+01 5.167868363604107884e+01 3.554147019613460401e+01 5.557345680735124915e+01 5.470505368535865642e+01 7.641305284477996906e+01 8.787843966237380755e+01 1.021826922587068083e+02 1.069916401526458003e+02 9.152993865530960704e+01 7.098921823943516074e+01 6.076194528938412276e+01 7.282852134727552595e+01 8.119440226029807661e+01 7.301545634083700520e+01 5.265358641129807893e+01 7.303611289085129954e+01 7.415612531317822231e+01 9.322482860995411613e+01 8.423273760268473609e+01 8.851189574583973751e+01 9.434257735996904159e+01 9.173617653388677695e+01
8.559828493657077786e+01 9.405669901071782135e+01 8.682726658433524847e+01 6.656973828453288888e+01 5.638269520806769464e+01 4.920159437236385713e+01 4.315310299654017712e+01 3.821547156929000266e+01 3.379950744961757181e+01 5.029135722941385467e+01 5.374584700422705907e+01 4.757684432803064567e+01 4.805892356141359301e+01 2.865897454997117322e+01 3.521102516962607609e+01 3.013417832577915689e+01 5.167868359202485351e+01 5.417394356623479013e+01 7.131897410056488695e+01 8.746502379860385190e+01 9.655760625795913654e+01 8.310633426176268301e+01 8.851622576013717492e+01 9.995027446475330635e+01 8.722258970469493988e+01 6.686629920923913062e+01 5.238841181118658596e+01 6.580717301673075781e+01 6.737220881384921256e+01 5.024143368031867141e+01 6.480201374382191659e+01 8.544190422461105072e+01 1.018323735791321241e+02 1.041748618742707322e+02 1.084190879906793583e+02 1.142451499180222783e+02 1.116150114693696054e+02
9.115544700879786433e+01 1.115562548655755961e+02 9.518199500581118855e+01 8.506466358069982903e+01 7.669842882287386487e+01 6.423331627766179963e+01 4.398559840056658032e+01 3.827166176472999126e+01 5.383277677280781859e+01 5.012166671910550519e+01 7.034532289109242242e+01 6.088243580791901621e+01 4.137180973456730726e+01 3.540223098496728227e+01 2.937701644955500413e+01 2.989540766995996179e+01 4.997404727629718479e+01 5.737029459259820641e+01 7.070105611091777575e+01 8.462753477061085050e+01 7.833190035269871032e+01 6.924743370041591106e+01 8.869367015872543902e+01 8.443646831014632426e+01 7.607252210413908244e+01 7.210484637539244090e+01 6.370574238654833010e+01 4.534884763459913160e+01 4.691169577523353240e+01 4.904713972669365774e+01 6.950496353018125717e+01 8.094359639986413413e+01 9.546704675764041781e+01 9.760960543915280141e+01 1.052167769306141452e+02 1.126060261681036678e+02 1.165333408935866970e+02
1.055581940857404106e+02 1.043375014378503920e+02 9.820733379215235459e+01 7.803135059466073642e+01 6.367158816917680042e+01 5.349907648982696173e+01 6.423331627766179963e+01 5.838831338350270528e+01 4.386848143215120643e+01 6.411485165513667539e+01 7.871195194833711639e+01 6.088251426569436120e+01 5.400164462325381720e+01 5.519652776589810372e+01 4.947485070659345041e+01 4.997401876207037219e+01 3.063248895729496368e+01 3.571807802654560504e+01 5.516856880221641291e+01 7.800244271616662672e+01 5.878490691636597631e+01 7.833190035269871032e+01 8.463979041733786346e+01 7.607252210413908244e+01 5.568043565504031989e+01 6.165313949343903488e+01 4.326296516615077081e+01 6.370821550941089129e+01 6.686290306228416114e+01 6.949920863229270651e+01 5.213531022259011394e+01 7.256809040654476917e+01 7.563142276666791020e+01 7.857381816899011540e+01 9.669312143646109803e+01 9.060582806056108041e+01 9.611694138781389540e+01
9.231812125354123566e+01 8.460237639512422447e+01 9.858250596036849345e+01 9.228436488147016803e+01 8.216822065942132269e+01 6.524382998185747340e+01 8.006549469904813066e+01 5.977306503469160504e+01 4.804025173823311690e+01 6.241097610022427489e+01 8.268689403937774784e+01 8.116827811832246198e+01 7.467893094539769550e+01 6.714090283841537143e+01 5.465153060018047171e+01 3.463477941648419289e+01 5.068721340913285189e+01 3.138784865279076897e+01 5.141456635252077234e+01 6.050896559094996974e+01 5.308156857274771312e+01 6.489971751463168914e+01 6.489971762834539959e+01 6.805267715359214264e+01 5.964533481837180773e+01 4.127855742189937871e+01 6.165313949339668653e+01 5.777896206686037317e+01 7.825113000051578638e+01 8.088671401461205335e+01 6.661592556226257500e+01 5.534038075296876258e+01 6.447500914804138006e+01 8.150041410057110625e+01 8.410415505079454590e+01 7.549768628765545486e+01 8.953627688538857399e+01
7.263569102728344262e+01 7.070742573517026131e+01 8.872717631048398346e+01 9.754044174915634358e+01 9.384432306851189765e+01 8.550255276481853173e+01 8.841616901667987349e+01 7.328004322856783403e+01 5.295153166244683973e+01 6.734940638983744066e+01 8.759786711814030014e+01 8.326189952947619588e+01 7.155719138713598682e+01 5.875829077841173387e+01 3.864904100122897290e+01 5.429365409555144595e+01 5.950802267370885801e+01 4.532236509605383645e+01 3.214507700336750418e+01 5.214212782206462293e+01 6.120774171983201484e+01 4.595930090456470651e+01 6.288653276647425372e+01 5.768056275416108036e+01 3.946704057606077498e+01 5.964520699936838355e+01 7.005791461016693233e+01 7.840164709251601494e+01 8.685120899683434459e+01 9.522517738741628079e+01 7.573279042074780421e+01 7.561999803273344867e+01 5.877023184673076628e+01 6.123692550358344278e+01 6.376585926562018614e+01 6.636605541118753138e+01 6.917756455081924116e+01
6.123044843124870340e+01 6.081849951842212221e+01 6.967049420718062436e+01 8.356450920990461384e+01 1.032926166216170571e+02 9.359629412585947250e+01 7.339115202952829975e+01 6.164290992988980378e+01 7.328004322856783403e+01 8.164326192842277408e+01 8.547498384154970097e+01 7.489968432350345040e+01 5.459132917552196318e+01 4.293634939554567609e+01 5.281901377473823089e+01 6.704476641192783859e+01 7.258241665308106860e+01 6.016573335836517344e+01 5.213619547133006904e+01 3.289964082029501924e+01 5.286399642683682032e+01 4.551005632067393236e+01 4.097550818385839477e+01 3.780913989745319981e+01 5.768056354998868329e+01 6.800403438673225764e+01 8.358239844267212959e+01 8.249613011136608520e+01 7.426471896274013318e+01 8.292825342990433057e+01 9.597802183217574168e+01 8.763905584311673636e+01 7.933444515621067694e+01 7.564023464920614970e+01 7.816823221794332710e+01 7.813640246858363980e+01 8.953627688538857399e+01
