LEM/sinusoidal_perturbations/elevation_000036.asc
nrows	100
cellsize	150.0
xllcorner	0
ncols	100
yllcorner	0
NODATA_value	-9999
[rows 34 to 50 of 100, columns 37 to 73 of 100]
7.473262687776346525e+01 8.929464641346686449e+01 1.091370199999227992e+02 9.050758662559462664e+01 7.239643829736868952e+01 8.219925188020357609e+01 9.646166838321867942e+01 1.080350102609237126e+02 1.159858240826014821e+02 1.127705560296165714e+02 1.208238243704935115e+02 1.074031762775694716e+02 8.599038399777212760e+01 7.350558240609116467e+01 6.545402307890702787e+01 7.137306567632455767e+01 7.417358867487493512e+01 5.527973620742471894e+01 6.665222701522222337e+01 7.060865881031936908e+01 9.212365078313111155e+01 1.006405802935123290e+02 8.310628888066929676e+01 7.808323550999678275e+01 9.939548572041434227e+01 1.167903197476716883e+02 1.201158373430087352e+02 1.105265306127213165e+02 9.088216183943633553e+01 9.088216183943633553e+01 1.025289819731492713e+02 9.033322444527364325e+01 7.352930436745795362e+01 7.170395943758535395e+01 9.309286188307231669e+01 7.832691902718096344e+01 1.008421910498279459e+02
8.549976674000932064e+01 1.031870224402759675e+02 9.795853937249746934e+01 8.219925124104493364e+01 6.312883880996214714e+01 6.881642427469363099e+01 7.985765146750688359e+01 9.957762833581340089e+01 9.012960217998579537e+01 9.304292216171499774e+01 1.022757451323797682e+02 1.118017226396910502e+02 1.036698856819787267e+02 9.470802010793509851e+01 7.768354524062137045e+01 9.028455296672731833e+01 8.255142729016058922e+01 7.411368462986496297e+01 5.597979905936751521e+01 7.665733176775169966e+01 9.474333848445841966e+01 8.616524523790843659e+01 7.115438002478690294e+01 9.208544420586503065e+01 1.078633097339726561e+02 1.134543446671184341e+02 9.861747858667354194e+01 1.072677160113794486e+02 9.637984177030244837e+01 7.824924640124253017e+01 9.631652545497678375e+01 8.994884101767429740e+01 7.025040398014601806e+01 9.133538658273678834e+01 7.316834538254097708e+01 7.421369246009332699e+01 9.589908403535959280e+01
8.494716518851751630e+01 1.004134789207060265e+02 8.843420852255808029e+01 7.014941182600976788e+01 5.696976176889069166e+01 7.584244655977721550e+01 9.074037083756056177e+01 9.017034914041254012e+01 7.099836894296774403e+01 6.988674972354866100e+01 7.967758702918622760e+01 9.954620975309214259e+01 1.126880228698179423e+02 1.073633291292475604e+02 9.885382187629960526e+01 9.736714752255394956e+01 8.811665663517166536e+01 7.673697639893254063e+01 5.648320552675278350e+01 7.678807660689344061e+01 8.093837444091660416e+01 6.592339707896080370e+01 8.616524523790843659e+01 9.208544420586503065e+01 1.130230128750492327e+02 1.049142020820228822e+02 8.249818246099742680e+01 9.064227120712543240e+01 7.950173258817375199e+01 7.243073156272902224e+01 8.792126772664056489e+01 6.885068240978954179e+01 8.996571328872907714e+01 9.978815027056582210e+01 8.552538617951221056e+01 9.582974897593500430e+01 7.573956286641971758e+01
1.039252182517068519e+02 9.246462916601171855e+01 7.169520214152124993e+01 6.042056856406063758e+01 5.235754868565264530e+01 6.329386849193112141e+01 8.244430922932193084e+01 7.929949227096689413e+01 5.737367173917680674e+01 5.691276163948023026e+01 6.686300134562657149e+01 8.030357054496880664e+01 1.039199814949092797e+02 1.155221818739185835e+02 9.546234574439466769e+01 8.076260273319037708e+01 6.864528366264646309e+01 5.996311742922630827e+01 5.699495323054521378e+01 7.730442503891868000e+01 6.147979061858050187e+01 8.093741100443904202e+01 9.470335696102048928e+01 1.081635147399476011e+02 1.029822802679243949e+02 1.050512791056762723e+02 9.063266332959786098e+01 6.992448060223841821e+01 6.550540613150063507e+01 6.645642177570752551e+01 6.743878107022565871e+01 8.845992781828051932e+01 9.863878951934347583e+01 1.153420522861695332e+02 1.072282053250611114e+02 8.602029608829495544e+01 9.760591420118436190e+01
9.454605792022934452e+01 8.688037187196756861e+01 8.347750664484500760e+01 6.743348468806162543e+01 4.789489469041206604e+01 6.179393797181591452e+01 8.104855485609807886e+01 6.994935379458765112e+01 4.806470700713645527e+01 6.994935379458966906e+01 8.234335486830931927e+01 9.358840321758115977e+01 1.094427158610724433e+02 1.159757390189122077e+02 9.597786743306792800e+01 8.124000712600079055e+01 6.914340146398363629e+01 8.021769477266801118e+01 6.712381011729966929e+01 5.773326068502777275e+01 5.825797897468125086e+01 7.842918441519792339e+01 7.924861139373317087e+01 9.506767739909703607e+01 8.129300959402254989e+01 9.072667525393276833e+01 7.707240733464772120e+01 6.419784165941675269e+01 8.468755104214754681e+01 8.926287989584965032e+01 7.933460127561981778e+01 7.703557849163770754e+01 9.240466637721425514e+01 1.137141195403175544e+02 1.154976389820466522e+02 9.409622859679670626e+01 1.154976389557653960e+02
8.384143226790087056e+01 6.832945789047261087e+01 7.514362300826542196e+01 5.576190666176926669e+01 4.388520302376038984e+01 5.825443395007958713e+01 7.756756276744528122e+01 6.501226881910206146e+01 4.397184104087535417e+01 5.126692326072532779e+01 6.178260845342202856e+01 7.773410033587518342e+01 9.603429984558790977e+01 1.051864673897159150e+02 1.060570069613684865e+02 8.602793382127055111e+01 8.400722471753118725e+01 9.232762119298837433e+01 7.227301606267589307e+01 7.803890482473677537e+01 6.097784941966706640e+01 5.900611244959331003e+01 7.930464224785072247e+01 7.968429689744564826e+01 6.806112649013631710e+01 8.149757584763347040e+01 6.294018903105568086e+01 8.330180113434759903e+01 7.852473760648983614e+01 9.959939788641062819e+01 9.469558107903296218e+01 9.240454855698509107e+01 9.240466637721409882e+01 1.137141195376890153e+02 1.154976389837914041e+02 1.095960777767939049e+02 1.236077543299279000e+02
7.550610245928388053e+01 5.739007575457707588e+01 7.550525428978497189e+01 6.060777231361802819e+01 4.009864288956522671e+01 5.490645917867713166e+01 7.437282530458338670e+01 6.048866398861682114e+01 4.045705053146355823e+01 6.048866398861704852e+01 8.054908768920776652e+01 8.960703576042170937e+01 7.315247816225479482e+01 9.204789172674547615e+01 1.086320280494259976e+02 1.062265044776093816e+02 1.052719021669089869e+02 1.013722334931369886e+02 9.288149549880515110e+01 8.803778384670188473e+01 6.687536869897682834e+01 6.157370343553100867e+01 5.974455027841236188e+01 6.026026962410421106e+01 6.077128598186574493e+01 6.167977584127250168e+01 8.196007039042794418e+01 9.188384053818064956e+01 9.962478989591984657e+01 1.081639441442409151e+02 1.157431717973720566e+02 1.137120048164360782e+02 1.137141195376890153e+02 1.219578403337680470e+02 1.353484687060173428e+02 1.297452680888998486e+02 1.323560297196866884e+02
6.786133465033702805e+01 4.839405279736507026e+01 5.872473012782272406e+01 5.301986395407632102e+01 3.656073226129082343e+01 5.578415999738302133e+01 6.700745357586610851e+01 5.686860905181694648e+01 3.774230925973041906e+01 5.686860939445855934e+01 5.906447557988518327e+01 7.713808778032800717e+01 6.058419026449372780e+01 7.448641870772883067e+01 9.195957618967602798e+01 1.049387278449324867e+02 1.104464153049760284e+02 1.132292345845262247e+02 9.248701535255196404e+01 7.748233313113586007e+01 8.803746685355274337e+01 7.888412492098815676e+01 8.005120866539550661e+01 6.723534265687574418e+01 8.111497773246352949e+01 6.163630215683208036e+01 7.586802619161871064e+01 9.680011693448653887e+01 1.128102388444936821e+02 1.106863728620547107e+02 1.189884675432210344e+02 1.185310122420269749e+02 1.185310122420269749e+02 1.266814055480082430e+02 1.333766389825542831e+02 1.253442510508568120e+02 1.222886876825764091e+02
6.365788244595452028e+01 5.709461460467678506e+01 3.818791559881475450e+01 3.195208546768003188e+01 4.852225703826286463e+01 5.155577499399095842e+01 4.539289283142647236e+01 5.033957557482964518e+01 3.517545764760797056e+01 5.356932537951222884e+01 4.774760896924146181e+01 6.442101665027897184e+01 5.157801906079154719e+01 6.058407052285695471e+01 7.314642576605022839e+01 9.585708270221454086e+01 8.812396424257397598e+01 1.036707009647896456e+02 1.062999150197422438e+02 8.974349249301430120e+01 1.069193562446902916e+02 1.003960829398227474e+02 9.645670961301367186e+01 7.529955174028056319e+01 7.578347358077530771e+01 6.225025499762298153e+01 8.262823351757678836e+01 8.355661715457320327e+01 9.576385617560252683e+01 8.958284926642302537e+01 1.106863728620547107e+02 9.774381624913313260e+01 9.774381624913313260e+01 1.185310122420269749e+02 1.253442510508568120e+02 1.048947066791441642e+02 1.108842395534435639e+02
5.034372349096174304e+01 4.909603764348534582e+01 5.184832378808480513e+01 3.761777731733744190e+01 2.830166801270851451e+01 2.799098494601337350e+01 3.532214090344756841e+01 3.147566623146718356e+01 4.089616737722511175e+01 3.643117673512693244e+01 4.014803361935039305e+01 4.422717377216631007e+01 5.809191342643327971e+01 7.970082341198167342e+01 8.305104524280910994e+01 9.182791906345300958e+01 7.279710604720446554e+01 9.265372584260387612e+01 1.048624413268508846e+02 1.106089457817602266e+02 1.187689494116596620e+02 1.116063590075235794e+02 9.070870038652073220e+01 9.490560741630692121e+01 7.950534305039485616e+01 8.261340652469012014e+01 6.312733722162803218e+01 8.354436248311280622e+01 7.470340366868597926e+01 9.565056510856824445e+01 9.431760268848279338e+01 8.255685801776510857e+01 9.774381624913313260e+01 1.185310122420269749e+02 1.228224527096729020e+02 1.021226222937445272e+02 8.942274791580561555e+01
3.396412370377860412e+01 4.433407765574860093e+01 4.198923360393270343e+01 2.873706136271413314e+01 3.663224429856409614e+01 3.028136598998122153e+01 2.754860963177344502e+01 3.104163634505442459e+01 3.179423845434284246e+01 5.271928742419815705e+01 5.962836592412569559e+01 6.442101665027969659e+01 7.006773216224603118e+01 7.314327213868311617e+01 6.200974871901996011e+01 7.965469835725050984e+01 6.244333630570096716e+01 8.363057931709907677e+01 8.280192130100650161e+01 9.809500105667362391e+01 1.097569567011014016e+02 1.197678424784580642e+02 1.116063590075235794e+02 1.093482634154176196e+02 1.017351993052147634e+02 9.211856566935087187e+01 8.355757533080414134e+01 6.401034133315306462e+01 8.447788122363944296e+01 8.549177494100226227e+01 7.331034957366433957e+01 9.431760268848279338e+01 1.122126108985706594e+02 1.185002124455787822e+02 1.070961193173055364e+02 9.861252054458294936e+01 8.048468439603334446e+01
2.974395407406287362e+01 2.945606360250677724e+01 2.916196010803944105e+01 2.878822837640973731e+01 4.878734155335620670e+01 3.571368462607796346e+01 4.316144587706281754e+01 2.710425675780676258e+01 4.829997591560680092e+01 6.353085876972983925e+01 6.123779632351187985e+01 5.266124217083874726e+01 4.951753526956201057e+01 5.250556604724197030e+01 5.037355680231017629e+01 6.521582773997506877e+01 5.486344803488669442e+01 7.398350342389842638e+01 6.775789704469315211e+01 7.957776181585580844e+01 9.648750367482566048e+01 1.072693314993535978e+02 1.257995872241425843e+02 1.178049688936201136e+02 1.044771638289986129e+02 8.991565793365147385e+01 6.944233938580032373e+01 8.358786053173464836e+01 6.491183669372706788e+01 6.555156178634706521e+01 8.608356701633502439e+01 9.559451746908527525e+01 1.102562202031470235e+02 1.037798712138531130e+02 8.902922094061558766e+01 7.719261435793863768e+01 9.861252054458294936e+01
5.012535199326465118e+01 5.146121062947772629e+01 5.068832055570845085e+01 5.494866792099494290e+01 5.235025035359244328e+01 4.260151489626106525e+01 3.856458171695100390e+01 2.678617436212801195e+01 4.744528010812169327e+01 4.973936422471676622e+01 4.874360492121774513e+01 3.273540296128508231e+01 3.547516280378591347e+01 3.838116853141973195e+01 4.148007445671030524e+01 4.492372570016690503e+01 4.912585093999806674e+01 5.348162254321673714e+01 5.881147329199736618e+01 6.629028764462488255e+01 7.677372878237460441e+01 9.852940065704997608e+01 1.178049688936201136e+02 9.731471471679334684e+01 9.634135029389668148e+01 7.530359630231508561e+01 9.018301898486630819e+01 8.531936265235484029e+01 8.541722090286927482e+01 8.608364713366057686e+01 6.646583966129587395e+01 8.085898749833671673e+01 9.655015084553255633e+01 9.205849319660526930e+01 7.409820047475018612e+01 8.902921881192048659e+01 1.070959504648517253e+02
6.940541381213428451e+01 6.682407416026522640e+01 7.324706501841650663e+01 7.099210359042257323e+01 5.505318411834296910e+01 4.706687887140038384e+01 3.666336623528019345e+01 2.892535517151755542e+01 2.632950475551870184e+01 4.488297312777604020e+01 2.902254203655156672e+01 4.874360492134843525e+01 5.553463381681202549e+01 5.855021021329017117e+01 6.172186932309028862e+01 6.521582773997506877e+01 6.948361586909108212e+01 7.398350342389842638e+01 7.957776102632831794e+01 7.650837673570813990e+01 9.648750367493053659e+01 1.072693391873815898e+02 1.207632303787452344e+02 9.835850033649990110e+01 8.219230965671536637e+01 9.634135029389668148e+01 1.047598595447597916e+02 1.060365758629001220e+02 9.832181814321731395e+01 7.720588906133107798e+01 8.692107513896617377e+01 6.738524755833059032e+01 8.799800947119412342e+01 7.117466758060588461e+01 9.205849319660526930e+01 1.037797748532390187e+02 1.184997190507806550e+02
6.396451393049553502e+01 5.000944939084928365e+01 6.396489862347328170e+01 7.907151651263527015e+01 6.999985269975498170e+01 6.009468685651842890e+01 5.256863662825960404e+01 4.722450637702985432e+01 4.105112502511236983e+01 2.587315067186528594e+01 2.681400623392798721e+01 4.663433260047080609e+01 5.878198842747453767e+01 7.382536814551515647e+01 7.244926045692325545e+01 8.146964361452799608e+01 8.064565057391425285e+01 8.975179022290996045e+01 9.344346090441359820e+01 9.724954130806568742e+01 1.056720713073891034e+02 1.169477476948647023e+02 1.168686024264151797e+02 9.865763870139622327e+01 9.184272304655645769e+01 9.957846458962693248e+01 1.199470585167560870e+02 1.131614854196778310e+02 9.217502757956086157e+01 9.832155635956630135e+01 9.648847571278665214e+01 8.799803578149540328e+01 6.830394810228796132e+01 8.794345508688573432e+01 9.819435516518666418e+01 1.108535683612333287e+02 1.211062254186918636e+02
5.308976991443461912e+01 4.158270940461199672e+01 5.615085347147635986e+01 6.566079123957572961e+01 5.581148025695301129e+01 4.905211102214207841e+01 4.895091517559222183e+01 4.806456274895404590e+01 3.781888535845927635e+01 2.557033910943373911e+01 4.611804310875926660e+01 2.945985023998420615e+01 4.372757142801537356e+01 5.630882697781789403e+01 5.080105640291074565e+01 6.385558018284056203e+01 5.863747420464009963e+01 7.247828247697535176e+01 7.076551115151215754e+01 8.355819703645096297e+01 8.274869935764824902e+01 1.005210813272793189e+02 1.113140074330207341e+02 1.153058180013754708e+02 1.076977306366641898e+02 1.129958165222429329e+02 1.279203408706631251e+02 1.213957416318419575e+02 1.131614854196778310e+02 1.111735650590903361e+02 1.028731311652247200e+02 9.750128952299633056e+01 8.896408087907978768e+01 6.926994167306328620e+01 8.104276811975144312e+01 1.023783851339435529e+02 1.008757215985990143e+02
4.383088363312295144e+01 3.616999141899452042e+01 5.054935733838647138e+01 5.632651609426113737e+01 3.712193316604966498e+01 3.464019557271767980e+01 3.514568110913803167e+01 4.017605198901914321e+01 2.514977264165842286e+01 2.570322071608784142e+01 5.633511953093172053e+01 4.125858367562779705e+01 3.261039295237855384e+01 3.515226217422124932e+01 3.852934194069013785e+01 4.225317144881063314e+01 4.619811288820379502e+01 5.055582564348854646e+01 5.518928770914212834e+01 6.083074000196077691e+01 6.783801418216130230e+01 7.823159283417038523e+01 9.628559252241166178e+01 1.205851750885989730e+02 1.295421589862043561e+02 1.330027419448892374e+02 1.364259844176046101e+02 1.265921801082215552e+02 1.181604544885734214e+02 1.028731311726382813e+02 8.158391745404075834e+01 7.700878461560606070e+01 8.683138015317449288e+01 6.995252353937075895e+01 8.856821438247558831e+01 9.962957728316631290e+01 8.546861569806463876e+01
