LEM/sinusoidal_perturbations/elevation_000961.asc
nrows	100
cellsize	150.0
xllcorner	0
ncols	100
yllcorner	0
NODATA_value	-9999
[rows 34 to 50 of 100, columns 0 to 36 of 100]
2.064481644892168701e-03 2.000206431047720557e+01 2.803308452909563542e+01 3.166215944235016622e+01 3.995710790163458626e+01 4.811850182866535874e+01 5.640352803182482688e+01 5.698403775817073580e+01 6.526979297573426209e+01 6.733090937195635206e+01 7.563065382662277614e+01 7.205609019694503559e+01 5.229087182010410828e+01 3.794175601417504851e+01 5.136730670196809712e+01 4.742642008064343173e+01 4.402137852419333086e+01 2.612947534573440933e+01 4.682230257851571764e+01 5.802649884563456339e+01 5.632471266039728874e+01 4.002934229937240218e+01 6.011523788272048563e+01 6.971943178693248910e+01 7.592377363861562856e+01 8.289007337923045782e+01 9.137521172381252654e+01 8.743578492528239110e+01 7.853343030818658121e+01 6.777464922390100810e+01 8.399051171515823455e+01 7.233571660836183526e+01 5.679813745852973028e+01 3.703608495867747763e+01 3.270475618671756024e+01 3.017423074454582377e+01 4.360625401716723104e+01
2.905961989428186391e-03 2.000290596198907167e+01 2.613958664343969929e+01 2.942757067348907896e+01 3.285754839890460488e+01 2.811844469462584328e+01 4.065395922538957763e+01 3.698385781754173252e+01 5.099925011492451432e+01 4.732911547149110731e+01 6.635624433342673001e+01 7.635721263967585060e+01 5.808008132094767717e+01 5.808008132094767717e+01 4.637642442299670620e+01 6.615441020545482331e+01 5.520090507927481838e+01 4.682230257844488364e+01 2.901784035885195223e+01 4.967044137749796562e+01 3.599428246388329455e+01 5.632477061647843897e+01 4.418344553195491642e+01 5.004900800844977482e+01 5.630322845540301557e+01 6.318559283478811039e+01 7.441356290373778393e+01 9.446643262284484877e+01 9.447512232153175660e+01 8.557334367489121973e+01 7.803984166607450845e+01 5.779213895672500456e+01 4.388378304299794763e+01 5.679813694676612101e+01 5.257669174447642035e+01 3.369051310290401346e+01 4.539959755346187364e+01
3.542675937824442140e-03 3.053514082589923628e+00 6.139581081831774867e+00 9.427560827938949117e+00 1.285753253078915570e+01 1.657143929433025775e+01 2.065392219896896009e+01 2.565392219896904891e+01 3.099914703721762876e+01 3.807021484909797948e+01 4.807021488141093357e+01 6.807045033733867001e+01 7.794824414551695213e+01 7.235749687428821630e+01 5.274161447734797292e+01 7.235749687428821630e+01 6.389903714912346544e+01 4.377676526765478826e+01 4.967041065231587993e+01 3.207443466419677947e+01 5.261782806067775198e+01 6.456738308473413213e+01 6.404143456278751501e+01 4.893262599628979359e+01 6.860503787898056771e+01 8.289007337897808725e+01 9.137521172381252654e+01 1.030607995128963381e+02 9.733567602552381004e+01 7.323712637792775126e+01 6.107541426276835494e+01 5.226114169679070898e+01 6.372254861046987173e+01 7.208015209222324415e+01 5.710428003944701203e+01 3.741268235236140072e+01 5.710428003944701203e+01
3.411803931810562015e-03 2.000341180393145635e+01 1.768658646847816840e+01 2.942757067348845013e+01 2.440453792412891332e+01 3.657146294349901439e+01 3.220092761161929928e+01 4.565398507613124934e+01 5.099925011518886464e+01 5.807032591306806779e+01 6.635624485096175817e+01 7.635764216709029029e+01 8.863977425795496856e+01 6.869813853773389667e+01 6.654178145017253598e+01 7.235749687428821630e+01 7.227632449500426048e+01 6.389903565190993362e+01 5.605785938045417538e+01 3.570462512269016031e+01 5.023021562897154269e+01 7.015137880180408558e+01 7.190791694290464875e+01 5.232146069988278470e+01 7.190791694147790736e+01 8.166170573673787203e+01 9.006029873188016666e+01 1.016939380984867967e+02 1.075408268000308567e+02 9.203143603862069710e+01 7.290109283083032210e+01 6.367760562670666502e+01 7.583376447820351984e+01 5.645796793035982120e+01 4.527430911169420824e+01 4.281216341019882776e+01 6.231722761055581117e+01
3.327314952832964925e-03 2.000332731495211647e+01 3.768660121584409950e+01 4.597107473421105084e+01 4.440456945141185940e+01 5.268908512190829896e+01 5.220101513088075507e+01 6.048639538007142136e+01 6.659862937676612660e+01 6.659862937676612660e+01 7.487744681492199561e+01 7.490648061476343855e+01 8.318601152463642734e+01 8.863977425795496856e+01 8.639787592609074807e+01 9.243331807593321514e+01 7.562062163459954434e+01 5.580881867548811925e+01 4.158471243176856547e+01 5.605786153614242551e+01 5.022976892413810646e+01 7.012812176280988297e+01 8.024881540932778989e+01 7.190791694178493287e+01 5.739377953492373052e+01 6.210473003058740460e+01 7.327643548302323495e+01 9.312714610373275548e+01 1.046104316295639052e+02 1.050772512162233312e+02 9.376197866980984941e+01 8.459570267213631212e+01 8.431853926818178024e+01 7.105760014645974820e+01 5.181047936225984074e+01 6.231722761055581117e+01 5.120563983652375839e+01
6.779948344387334673e-03 2.000677994834403250e+01 3.983222832401217062e+01 5.527110731762346774e+01 4.947617334652760235e+01 5.465057191170441797e+01 4.637435269354147493e+01 5.465057201681193533e+01 4.659383198785948821e+01 4.659383198785948821e+01 6.659862937676612660e+01 5.494362524219436494e+01 7.165610560620935132e+01 8.318601152463642734e+01 7.925796433995856205e+01 8.753851029747673351e+01 7.974788849903754340e+01 5.994508083500650741e+01 4.591804349392872808e+01 6.574518891326833625e+01 7.012812176280988297e+01 7.852828902606395900e+01 8.532795509578998860e+01 6.565721778169094591e+01 7.694095238826234606e+01 8.166170573711221436e+01 7.074083753233115601e+01 7.862943180839270951e+01 9.244388243049941423e+01 1.124954594215864176e+02 1.050819597855268910e+02 9.746839658814310781e+01 7.746522482821598032e+01 6.385889513674697326e+01 6.529944710739937364e+01 7.745273799131247472e+01 5.800621681732501145e+01
9.516927588586143695e-04 1.154795707655127401e+01 3.154795707655091874e+01 3.578240640239184955e+01 3.010987798909316027e+01 4.162880900054277333e+01 2.638777763924139563e+01 4.244067302646162432e+01 3.242824456609614714e+01 5.245310148680728446e+01 5.345020317366569174e+01 4.351948565571427707e+01 5.494362524219436494e+01 7.490648061476343855e+01 5.926756819889367023e+01 7.599694651592727723e+01 8.195845694388715685e+01 6.210134007488944974e+01 6.574518891326833625e+01 5.324438124485780577e+01 6.454924780276486729e+01 8.438583975305587614e+01 9.194114303449163117e+01 7.209987392426964448e+01 9.194114303449163117e+01 9.878079205227082582e+01 8.450268934926856446e+01 9.831685002758578662e+01 1.066196144084271822e+02 9.914462411515788176e+01 8.494453964343219354e+01 9.912941456125938089e+01 9.192063273076435337e+01 8.339278850729961334e+01 8.495901132692112867e+01 8.602598167292777021e+01 6.900224455000486046e+01
1.945935296826602993e-03 2.000194593529647236e+01 2.360499878923848271e+01 2.546992000408115331e+01 1.628004929384224297e+01 2.309908538631907149e+01 1.641573791419494555e+01 2.241678525768342212e+01 4.244067302646162432e+01 4.511504408484629636e+01 3.390252239824872049e+01 5.345020317366569174e+01 6.222735310965531141e+01 5.703251792742888426e+01 4.772859651626330191e+01 6.186165339897757320e+01 8.185136286186191512e+01 8.195845694388715685e+01 7.887021245827780547e+01 5.917229784929418912e+01 7.887021245827787652e+01 9.291995173016780996e+01 1.003567913694766247e+02 8.183380284752318801e+01 1.004737269985091359e+02 1.129838997322756171e+02 9.800588792766350821e+01 8.974830519217404401e+01 9.810473242717513642e+01 9.026515850633991533e+01 7.128783983005163805e+01 9.026238818391290408e+01 9.774905973895327804e+01 8.943162832826106978e+01 9.775485971673084862e+01 9.486558610376154377e+01 8.899632670665246792e+01
5.600688922766023682e-03 1.801653709190513153e+00 3.604992978525374259e+00 5.466577890308350618e+00 7.355518382381371900e+00 9.821318258755272979e+00 2.933054616293059880e+01 3.465652352971785177e+01 3.890909442148819153e+01 2.611181924761813633e+01 4.257770281404396684e+01 4.526631636241126699e+01 4.230326944317374682e+01 3.714578020296435312e+01 5.703251792742985060e+01 7.213392128690925631e+01 8.107532063931341781e+01 9.261552366158107930e+01 8.732713033810416903e+01 7.042620361480993552e+01 7.299312012676382722e+01 9.309130791940542338e+01 1.106026291916967494e+02 1.020532503828924291e+02 1.106747820426830486e+02 9.738221837880109888e+01 8.823657826969943585e+01 7.032909975134160163e+01 8.823691427935278853e+01 8.202640378034570290e+01 6.281422255030612689e+01 8.202634225572948878e+01 8.766237561777984411e+01 6.929139402235888667e+01 8.768726218716267340e+01 7.473670260538334276e+01 8.895815665512056114e+01
8.215197286175309616e-03 2.000819285648845636e+01 1.185283243230829520e+01 2.546991860241337946e+01 2.736233704195191052e+01 9.622328447910915017e+00 1.212556651246096884e+01 1.459108731965217487e+01 2.556771303257911399e+01 2.113686211590069064e+01 2.359743912768342966e+01 2.606577513473574825e+01 2.865609884387627915e+01 4.813889844746029922e+01 4.387077142705484789e+01 5.280013321731532727e+01 6.434791473016090890e+01 8.433458321743668762e+01 9.887707783165622288e+01 9.033069277655742724e+01 9.308439614099124526e+01 1.018020467401678388e+02 1.026555577323964314e+02 9.419022229016511005e+01 9.661261126527010390e+01 8.907655367133730806e+01 6.974694357332346328e+01 6.098164404644933967e+01 8.002750575441781677e+01 7.594395001364891584e+01 5.687308083491962662e+01 7.594395000645319271e+01 7.936114474862213797e+01 5.951746080208418732e+01 7.000676912571489652e+01 6.075373795120972886e+01 7.212213708256768996e+01
2.613274238814250559e-03 2.000261327423845970e+01 3.177182167091815757e+01 2.604472940613176135e+01 4.562783573867854159e+01 4.014474098326965645e+01 2.393537929050786062e+01 3.180850930891201855e+01 1.789247629974416043e+01 3.845340865990246471e+01 3.680565370665025426e+01 3.689760124455774104e+01 4.813889844746029922e+01 3.335627373235376325e+01 5.317213130385773212e+01 6.669039132114730251e+01 7.424694022005867566e+01 8.252649586614519706e+01 9.406543107094962863e+01 1.022287558918765171e+02 9.357203010038391255e+01 1.023223484899718585e+02 9.118668109032935831e+01 7.466354086444607674e+01 7.716748722572451413e+01 8.723572431839039609e+01 7.328709745309906509e+01 5.453284497329027403e+01 7.329114427928659836e+01 7.065056450624709328e+01 5.168067600224325275e+01 7.065056450624709328e+01 8.768726218717645793e+01 7.000676912571489652e+01 5.098545145812763479e+01 6.416657487214064304e+01 8.410624529958253959e+01
7.532853315450405325e-03 1.155453823702808336e+01 3.155453390216198883e+01 4.591498411375446409e+01 5.419525589544290511e+01 5.224619494625238758e+01 4.396050466475670504e+01 4.752613672718000970e+01 4.277926384520523584e+01 5.232838236848079561e+01 5.651266205179731372e+01 5.084849344324508280e+01 6.145145474435540933e+01 4.318133891361808452e+01 4.004906829159471471e+01 4.668882630168957348e+01 5.425419106364029176e+01 6.580092764440416886e+01 8.578440795908558414e+01 9.177406413214454517e+01 7.291695905146491441e+01 9.186582567375151598e+01 8.290535532387293927e+01 6.376632286157080642e+01 6.376616118388795940e+01 7.910982636026062664e+01 6.014565479853173713e+01 4.967573596372862710e+01 6.827651341678893004e+01 6.590520134592730983e+01 4.698866936197263300e+01 6.590520134592730983e+01 6.882898967104509325e+01 6.585374782268836213e+01 4.723623440643929428e+01 6.006874371852249794e+01 7.971595833870509296e+01
6.101047412966256744e-03 2.000610104741260997e+01 3.983811131119009730e+01 4.200572066572318874e+01 4.109340531663429630e+01 4.972207552797824093e+01 6.332610698905432400e+01 5.504149481434698288e+01 6.249151116152474117e+01 6.467933496015083961e+01 7.296200553665410382e+01 7.082061977272053355e+01 7.144371288987676394e+01 5.730728522772193401e+01 5.416687489643700104e+01 5.267390579950262719e+01 7.266957386788671158e+01 8.252649586614509758e+01 8.358108298733117181e+01 8.095979348357496974e+01 6.283184323113766823e+01 8.322589192985246598e+01 8.542389591006282501e+01 6.622613553766910854e+01 5.309436389751693497e+01 6.449062549924913412e+01 6.362566769659729005e+01 4.506840772929147221e+01 6.362566769659729005e+01 6.156325813778666145e+01 4.263691756841669900e+01 6.156324337779648914e+01 4.967648019308754925e+01 5.757988794043025393e+01 4.364683079226325901e+01 6.212140078700709722e+01 7.065822054783227202e+01
6.842009524227352091e-03 1.414897763325530278e+01 3.414897763325600977e+01 2.285141505502972237e+01 9.944917778903906935e+00 3.812364117688554899e+01 5.177250373248062942e+01 3.502567457651087324e+01 4.247836215204987553e+01 4.466791353136097342e+01 6.070592954206085068e+01 6.898881348328272622e+01 7.793447378512638579e+01 7.729968549597434446e+01 7.416162966957851665e+01 6.681551206227797479e+01 8.094968595619359064e+01 8.358108298733117181e+01 6.340431208227382598e+01 6.118573107787061360e+01 5.588718233411759684e+01 7.598209159491710807e+01 8.796933712411168926e+01 7.992279062999257633e+01 6.449062549924913412e+01 4.586490197545116132e+01 5.810154787588924563e+01 4.103938864495068373e+01 5.966886279372821633e+01 5.752641088506386779e+01 3.850675685781206425e+01 5.209370891296712358e+01 3.613164951917979550e+01 3.852639998696329116e+01 4.162804447178778133e+01 4.652464818624191167e+01 5.154608052646915439e+01
1.934550753332892102e-03 2.000193455075297777e+01 2.464364161476673942e+01 8.174252604497329600e+00 1.078079960218525635e+01 3.074410366847634180e+01 3.745108264958261657e+01 2.347193631349106369e+01 2.832354548501541558e+01 3.435726931962707198e+01 4.068871830180552251e+01 4.964581205715153800e+01 6.379793898330714086e+01 8.379093707165982607e+01 8.689092402453077568e+01 8.680252927395788731e+01 8.050105153930358881e+01 6.900862614111039761e+01 6.070981114571656434e+01 4.717731202320512551e+01 5.440005395009007572e+01 6.156612022430145714e+01 7.371777987934342491e+01 7.850365398097395087e+01 7.247604450677577859e+01 5.810154787588924563e+01 3.936932122632179443e+01 3.706065376247560295e+01 5.586580420123900836e+01 5.669811131712734209e+01 4.836078985108917294e+01 3.272728738416067529e+01 5.209370750927089944e+01 5.757988765683277421e+01 6.064883891630719859e+01 4.734152754960964415e+01 6.639310593015434847e+01
4.364784840791047053e-03 2.313765861599299090e+00 4.638718636481226731e+00 2.464363603707679218e+01 3.074410281685799973e+01 1.459437172953128403e+01 1.744313014206428392e+01 2.278678618676175205e+01 2.833481080756723713e+01 4.835137687811830176e+01 6.070592954206085068e+01 6.898881348328272622e+01 7.793447378512637158e+01 7.913479565154543138e+01 6.701000416036970364e+01 8.112656777807139008e+01 7.212887895707767427e+01 5.235047333266098235e+01 4.110132393898675218e+01 6.070981114571656434e+01 7.365726649966667594e+01 7.546481006859005447e+01 6.258278243281829134e+01 6.136693523099305025e+01 7.379742208375579082e+01 6.544425749919554391e+01 4.668225744094200991e+01 3.309363738213706085e+01 5.217749535745432610e+01 4.709206674721647090e+01 2.972877204740484203e+01 3.271265757869381474e+01 5.208187605676045706e+01 6.404332184380263016e+01 7.450172297384003173e+01 6.639310593015434847e+01 5.361189689946912296e+01
5.219006137575642711e-03 2.000521900613722082e+01 1.219691293779156105e+01 3.198442756805018661e+01 4.288004468223463306e+01 2.613434429473288034e+01 3.745108264958980016e+01 2.638731223159205186e+01 4.640186093951529500e+01 3.686930645587361965e+01 5.102716938797809121e+01 7.103358542864691572e+01 7.913479565154543138e+01 5.941959808885724925e+01 5.324181772623568776e+01 7.126781985141273879e+01 7.081045647287515976e+01 5.113303745969620451e+01 3.733142921126212599e+01 5.113303745969620451e+01 7.081045647280038224e+01 6.938894474368592569e+01 5.153995444743672039e+01 4.953689634954778853e+01 6.568317653629480901e+01 6.279034461732496908e+01 4.396452367419685459e+01 3.014229613520738127e+01 4.572213871522237127e+01 2.730219929418968761e+01 4.709266055512659932e+01 5.208187605676045706e+01 3.689557597078252371e+01 5.602874760342666605e+01 6.821958737361826763e+01 8.094394956716303113e+01 7.278371044549790270e+01
