LEM/sinusoidal_perturbations/elevation_000750.asc
nrows	100
cellsize	150.0
xllcorner	0
ncols	100
yllcorner	0
NODATA_value	-9999
[rows 17 to 33 of 100, columns 37 to 73 of 100]
2.741610073728202224e+01 3.048657425290766909e+01 3.353450258922821803e+01 3.664331551001289000e+01 4.003474877308521940e+01 4.359155435794973243e+01 4.774507370724300870e+01 5.381071383420724175e+01 6.042707721543284549e+01 7.150265771633945633e+01 9.105773106793250804e+01 8.722143884882157749e+01 6.575409917561759698e+01 6.456835352358903890e+01 6.289995508651532674e+01 8.254862146243765153e+01 9.527466143757942518e+01 8.968733370731578702e+01 7.549393806514379435e+01 5.475991641749273953e+01 7.549393806514338223e+01 7.441476939339892738e+01 5.986053052311959277e+01 3.975869321850320404e+01 4.963130859689500340e+01 3.521982191103241888e+01 3.581316649729425450e+01 3.923640549455333115e+01 5.206061313813818003e+01 7.454781564417014295e+01 6.640877341415453827e+01 5.026357377497831180e+01 6.219456499783955650e+01 8.299312886283037471e+01 9.807209628910189281e+01 9.364820413583142056e+01 8.316912607688315973e+01
4.591893274845099882e+01 4.875845996270103200e+01 4.624521297714462520e+01 4.692009361149891333e+01 5.835607876279968309e+01 5.406608272630631973e+01 6.658556567240688651e+01 6.656682745291334413e+01 7.976166772562207541e+01 8.808159629070013352e+01 8.546093323433873934e+01 8.882083462992191869e+01 6.735797510254262477e+01 5.222428859846255023e+01 5.222428859846229443e+01 6.489965811793024386e+01 8.617447456914463544e+01 7.489514711518094714e+01 6.637915620286523222e+01 5.057990451137916210e+01 7.164442216433036492e+01 6.851863499110019973e+01 5.925369527363616129e+01 5.360373393143463971e+01 3.441254496433564469e+01 5.440598480264380044e+01 3.914225874398822924e+01 5.946701776395249084e+01 7.404662471166210480e+01 8.453225680260881347e+01 7.488233418320670864e+01 5.413410197862134510e+01 6.058811378760482569e+01 6.843984873856804541e+01 8.042732960173805168e+01 1.013402440425382736e+02 9.193702507389753009e+01
4.104845192432921408e+01 6.054541546419132914e+01 6.493531110827358077e+01 6.563445482463286851e+01 7.377882552181955589e+01 7.317580708180263116e+01 8.141848151871539585e+01 8.603023192292903332e+01 8.394689221328954432e+01 7.516332608523848080e+01 6.486571893613823647e+01 7.962422567087300251e+01 8.254888202811383735e+01 6.489961762308816162e+01 4.425014648896551250e+01 5.583975178854074528e+01 7.727282596928833414e+01 6.637915620286537433e+01 4.497066017843032171e+01 6.637915281034787540e+01 8.011153659917687264e+01 5.970074416344068169e+01 3.924563807824102923e+01 3.365077395877290201e+01 5.360608398656471252e+01 6.290248950046976262e+01 4.479643263262578046e+01 6.585708478741223360e+01 8.508629560506103928e+01 9.372220569751051755e+01 7.288889859764408641e+01 5.818877040079923546e+01 7.899083297265315196e+01 8.925391567847172780e+01 9.807209628910189281e+01 1.102451846294746360e+02 9.814702186357349945e+01
5.909121828605756832e+01 5.883198404490345723e+01 7.563248054293873679e+01 7.358524593569816830e+01 6.464940394028782578e+01 7.401853463274080980e+01 7.406239677141005018e+01 8.236487205896939656e+01 7.516332608523848080e+01 5.513655565971364325e+01 5.110660428007630429e+01 6.954172393650155470e+01 7.576818688269943891e+01 5.455585583272549854e+01 4.086123714348082814e+01 6.076880375248892818e+01 7.582962472985144586e+01 6.286011673365793939e+01 4.140426030592981732e+01 5.677564268088778476e+01 7.754928600976498387e+01 6.851862565942060712e+01 5.303782757939450931e+01 3.311760669001485269e+01 5.302586620772787285e+01 6.652628226688030111e+01 6.598132715362260114e+01 5.558517756192482295e+01 7.028255966020708456e+01 9.111414952250683541e+01 8.771059132622053767e+01 7.019520715921132137e+01 6.512273559189981142e+01 8.592488165278705026e+01 1.028857279739325037e+02 1.122835581123839290e+02 1.069641466584048999e+02
7.233941394616238085e+01 7.233394298021372038e+01 7.011831749061751395e+01 6.158892346751236602e+01 4.346711143174640313e+01 6.241646347563220587e+01 5.475272085169021352e+01 7.132209435894594662e+01 7.373169608156428012e+01 5.676626211690284407e+01 4.223230475631025627e+01 6.100226091208366341e+01 7.388125301036893688e+01 5.562653058130368322e+01 3.776816522669143694e+01 5.707206107055197464e+01 5.490252828720091571e+01 5.490253007082517911e+01 3.812975348140967213e+01 5.950968930566723003e+01 7.110686832171582239e+01 6.227646335260438093e+01 5.259465069587795227e+01 3.257577077936082333e+01 5.191454264024264376e+01 4.945377150675045641e+01 6.660433971143662291e+01 7.638399106797777449e+01 7.255616200269118110e+01 9.341587723109768149e+01 9.979443166628375650e+01 9.100588140721208674e+01 7.712433218012746750e+01 7.328683749184878593e+01 8.256500981150212226e+01 9.450047808610185029e+01 1.155515332023705071e+02
5.610453014133447169e+01 4.825054636886072501e+01 5.418254690745482804e+01 4.198190575036601757e+01 3.445179982170913746e+01 5.092728801962388729e+01 4.403619927027776271e+01 5.809412325962566115e+01 4.800967182849498727e+01 5.389646240966985147e+01 3.722928621527994153e+01 5.457147008910607155e+01 5.874941712722463194e+01 5.355327375903134168e+01 3.472985873014946634e+01 5.290069113792017674e+01 5.318259887416392218e+01 3.372402232561174173e+01 5.217842073023355454e+01 5.373584667381923907e+01 5.097592857917754827e+01 4.217801122341478504e+01 5.100074834519652711e+01 3.202808664130822081e+01 3.903951498079538140e+01 5.582607125959302863e+01 6.655134300817171322e+01 8.530985508134074280e+01 9.341587723109768149e+01 8.682308041381038777e+01 9.559166678880973222e+01 1.067855951656561189e+02 9.794665483616432766e+01 8.794655743636093348e+01 8.794655743636528200e+01 1.088909848393163600e+02 1.245520685415342967e+02
3.870146591790155810e+01 3.109785077054339908e+01 4.080140914240902106e+01 4.095189799796913377e+01 2.851137016082776299e+01 3.284256821829184503e+01 4.926142213453999119e+01 4.692582217252248711e+01 2.486231413814754276e+01 4.454589794762244992e+01 3.235984119482159826e+01 4.221131563269278075e+01 4.905843040468255367e+01 4.683319812194034171e+01 3.165301590587111846e+01 4.686110727832478062e+01 4.410021682078405547e+01 4.890479191576375229e+01 2.969537722260908197e+01 3.008387174833055155e+01 3.047280874440730614e+01 3.086289526705779807e+01 3.125495017465179970e+01 3.182862602715261602e+01 4.761346219887266784e+01 5.886171723498947017e+01 6.354134715114035004e+01 8.329638538992786323e+01 8.022890609711612342e+01 6.603902791478203937e+01 8.352685248979209121e+01 9.286571784747080471e+01 1.049593676270270350e+02 1.088909848286356805e+02 1.088909848393163600e+02 1.178248985114997396e+02 1.129645634415629871e+02
2.092340070433552057e+01 3.042647674904477739e+01 2.204046435387953551e+01 2.243546707040540866e+01 2.655562332114786273e+01 4.032658253424430228e+01 2.392734465963114943e+01 2.431454706622558248e+01 3.610296639493331838e+01 2.540855836381056321e+01 4.008075414140713377e+01 4.417714315115514268e+01 2.688797269948443258e+01 2.727838653063218999e+01 3.848485665362269970e+01 4.617958733940331939e+01 4.086316097025019900e+01 2.915082139815626761e+01 3.353072774766344111e+01 4.295489992630066212e+01 4.867599633608451626e+01 5.020252140221128201e+01 3.703728434387766555e+01 4.598976742738829415e+01 3.265555346821394522e+01 4.393615331009594627e+01 6.145063998313229803e+01 7.415664429027640381e+01 5.935999066041089378e+01 5.391382394079462159e+01 6.333363255556293581e+01 7.533609653919194216e+01 9.611624558248780659e+01 1.000126281300073288e+02 1.089748829670529773e+02 1.095759990845329384e+02 9.976959419152905184e+01
4.075873524069982778e+01 2.148102617288595795e+01 2.429772015814116060e+01 2.244397790446784668e+01 2.299003377136169135e+01 2.337888972013430688e+01 2.633236552816486054e+01 3.558926388889440062e+01 4.656916253242484061e+01 3.292160855931978602e+01 2.595161235074943917e+01 2.633264266968642886e+01 3.746986973141135735e+01 4.517916210845010028e+01 2.783080146450959447e+01 2.821943397548552568e+01 2.860622684045405606e+01 4.667487983447218625e+01 5.049578231885561763e+01 3.928919870161401917e+01 4.828677852691193095e+01 4.968919834751289244e+01 6.007165402418593914e+01 5.308097978244984461e+01 5.234571775211090028e+01 3.350154270653147393e+01 5.317328833831622603e+01 5.791473272372807912e+01 4.477519937631372215e+01 6.547235447581333290e+01 8.121034477942772867e+01 8.993794014283652416e+01 9.678416800772775730e+01 7.911385171699241425e+01 9.678416800772775730e+01 9.540076924368197808e+01 7.788370839330401907e+01
3.796847627095486644e+01 3.751137333124016493e+01 4.787082394355944359e+01 5.335824165867118296e+01 3.894391195302063124e+01 3.210307070681795238e+01 3.746781090228697053e+01 2.998822273283742135e+01 4.974654839582065335e+01 5.382965306093443303e+01 4.607510144057956580e+01 4.115666940949101615e+01 2.821627238221391565e+01 4.257475532830045495e+01 4.746010140036351288e+01 3.558166621367924165e+01 3.074249343929598410e+01 4.587706168194672784e+01 5.812829930453283112e+01 4.311013473150367048e+01 5.901566590518874733e+01 6.638330295135396852e+01 6.613230272880616667e+01 7.386026002191660211e+01 6.150186942217442976e+01 5.287678771922983856e+01 3.436311767506146708e+01 3.838108058409734724e+01 5.791476463670820607e+01 6.688189760919904359e+01 6.094686335797641163e+01 8.121034477942772867e+01 8.793576747337777988e+01 6.724527054570719997e+01 8.793576747337777988e+01 8.541524954981272799e+01 6.537954725790650912e+01
5.111523643455810628e+01 6.026249987916396123e+01 7.006831826512433281e+01 6.661618330836529367e+01 5.674275977149222427e+01 4.216875233845968296e+01 4.882561596436251961e+01 3.275540463471198649e+01 4.297358270750634546e+01 6.153021800548121689e+01 6.691381709266563860e+01 4.900832278670769426e+01 2.954304995296021374e+01 4.874803933075112639e+01 6.067789498143741156e+01 6.029821818408890266e+01 5.437664777037461050e+01 4.108959576918912404e+01 6.129154416157059870e+01 6.059418137710937202e+01 4.954577949464232489e+01 6.879493172233355835e+01 8.120336060599716177e+01 8.000739602824931751e+01 6.212887439170494730e+01 4.229754286288495990e+01 5.367580155301673983e+01 3.524481316701020006e+01 5.484200158088707866e+01 4.704384588113761367e+01 6.510993169592978802e+01 7.458810688800191713e+01 8.060670062798371305e+01 6.008298625843801233e+01 7.970031604078634757e+01 7.104096644684624096e+01 5.627469245655270669e+01
4.733697084792940757e+01 5.810204610703279116e+01 6.470282306409569628e+01 7.107291998008568612e+01 6.686569195118909192e+01 5.900382441237677966e+01 4.891111509054523765e+01 3.608392589658961924e+01 5.447777403714406574e+01 6.912858403949287833e+01 6.439914812961231405e+01 4.449004369248869750e+01 3.088060155250032324e+01 4.191100964832337183e+01 5.560171660920254055e+01 7.529917183896979793e+01 7.048543741658613726e+01 5.269545106956551450e+01 6.218441376060513903e+01 7.555994402159267054e+01 5.527908258017920673e+01 7.555994404358926886e+01 8.649489748969466518e+01 6.566395975081741199e+01 5.143342393471618124e+01 6.212887439170494730e+01 6.315428179989573465e+01 5.484239383582712435e+01 3.612677916450255111e+01 5.568199316298186119e+01 4.764878381356456316e+01 6.427940290364536224e+01 7.411647788353778310e+01 5.379002148660242000e+01 6.581826009308487357e+01 5.081351171660077881e+01 7.104096644684624096e+01
3.057304930201156168e+01 4.969060273110006420e+01 3.770901413002700764e+01 5.023887627096387831e+01 7.190261398530573445e+01 7.543657182983372422e+01 5.838816671324298113e+01 3.991426381920842203e+01 5.283559120676834908e+01 7.231766882996498680e+01 7.116098337859604328e+01 5.177290447502766568e+01 3.224877945975519822e+01 5.177541350078868732e+01 5.352336725811346696e+01 7.324337268705893678e+01 8.287975587432094926e+01 7.387825654804841236e+01 8.262888633828069374e+01 8.398036691331867587e+01 6.530714121103284242e+01 8.398036751724019666e+01 8.649489748969466518e+01 6.566395975081741199e+01 7.176520015605976255e+01 7.367051392847412217e+01 6.022411728772377160e+01 4.042104839996970611e+01 3.871513902133880691e+01 3.701635411884438298e+01 3.763536225280506642e+01 5.714222899143166501e+01 6.637209759108748131e+01 6.160555944738923984e+01 4.582507506315881329e+01 6.581808354114113513e+01 6.969715126971452435e+01
4.968097293411760518e+01 3.282923849214900258e+01 3.447181626680065847e+01 5.277665144533018093e+01 6.462701474555686332e+01 7.520649639047861967e+01 6.282123161741922956e+01 4.419796540429310028e+01 5.712026894937346100e+01 7.658392682646095295e+01 6.318160428661052208e+01 4.325648042029799711e+01 5.040290704749991590e+01 3.424559945836140429e+01 4.834498244486263729e+01 7.156307176657522007e+01 8.181310637280326148e+01 8.391509924789060904e+01 9.266220035796182231e+01 9.423086105693222692e+01 8.585320138013784685e+01 9.433772376213291011e+01 9.537376540212019904e+01 8.649489748969466518e+01 7.922312106674540644e+01 6.507570424821936683e+01 4.507209875848437974e+01 6.022411728772377160e+01 5.541374952326937375e+01 5.653609887279079516e+01 5.672362228542522899e+01 3.848744618918622251e+01 5.774421106806945403e+01 4.186027012037330053e+01 4.430435231242859828e+01 4.684621947340135506e+01 4.947723539355612132e+01
4.622420661892932259e+01 5.211072800892080181e+01 5.388652432606808418e+01 3.682379844780162159e+01 4.639115558759252167e+01 6.661892198369619678e+01 6.786006863488586305e+01 4.900646688773178994e+01 6.786006863488583463e+01 8.227557770710826901e+01 6.272911966900841207e+01 6.230959813812263803e+01 5.501307130712612548e+01 3.566910045061874968e+01 5.517046219211589175e+01 6.330653061464207809e+01 6.100554744585967626e+01 6.320387481981613575e+01 7.747437309468151057e+01 8.605010482495069368e+01 8.670182671308965894e+01 1.076486304234448141e+02 9.771111324585088198e+01 7.687524285870435392e+01 7.057439039011718762e+01 5.037092743369471037e+01 5.646326263647834764e+01 7.367051193488208582e+01 7.651049811829030034e+01 6.626283260622528815e+01 4.597471691250319026e+01 5.800342934625918900e+01 3.932392113282146795e+01 5.886252016863878822e+01 6.341585642879964269e+01 6.692542180859989287e+01 6.366683925610328743e+01
6.632464520591990720e+01 5.925752243376257411e+01 3.931340571380545157e+01 5.650501986645507912e+01 6.501867986470286098e+01 7.520722710927404364e+01 7.367036888507470849e+01 5.439978303589014530e+01 7.367036888507470849e+01 8.622754784466927447e+01 6.603102233495555140e+01 6.617844761364790429e+01 5.675979960841419825e+01 3.722952140076926497e+01 4.009210700005512251e+01 4.324687802995624963e+01 4.667030961885646434e+01 5.153332377926639651e+01 5.678921347660077146e+01 6.605743176931997596e+01 8.059970541311287207e+01 1.014553586674033596e+02 9.342614438031799295e+01 7.687524285870435392e+01 5.645814734478624075e+01 6.189644258168787871e+01 7.684051824685464283e+01 8.554175973930897214e+01 7.616743698627159631e+01 5.506168231498247678e+01 6.620936602152647765e+01 6.449238104599179167e+01 4.975263428699443580e+01 4.019173160611238416e+01 5.449631520466974877e+01 7.767937917452140084e+01 8.425561236563623879e+01
6.217085123468123697e+01 4.200328034011862144e+01 5.925057086254538774e+01 5.065390012396385089e+01 6.234201086928578661e+01 8.284630760799812776e+01 8.068206441606238855e+01 6.084999458575502018e+01 8.068206441606238855e+01 8.202794492080045075e+01 6.021701628140812090e+01 4.584976862432811373e+01 3.936499678341341024e+01 5.675979949079141562e+01 5.981404880942063329e+01 5.723977062838445562e+01 6.100554744650705885e+01 5.945619257789542900e+01 7.747437309468151057e+01 6.873170641791348601e+01 8.941707787196629909e+01 1.038942605275457112e+02 8.466263425515120389e+01 6.405913325822865545e+01 6.814140818537069322e+01 8.242868754912393570e+01 9.117676100466412947e+01 8.898628326280348233e+01 6.736515547788820868e+01 7.616743698627159631e+01 8.074554821784350622e+01 6.537467840720316303e+01 5.410508734229514971e+01 4.079964735490286643e+01 6.068487796873098716e+01 7.329898494144431709e+01 6.731672268087245925e+01
