LEM/sinusoidal_perturbations/elevation_000621.asc
nrows	100
cellsize	150.0
xllcorner	0
ncols	100
yllcorner	0
NODATA_value	-9999
[rows 68 to 84 of 100, columns 37 to 73 of 100]
3.327591321496520749e+01 2.860872537043925234e+01 3.351049613435371555e+01 3.882187624054854069e+01 4.551592489496663063e+01 5.976957661285932488e+01 8.002406430272583293e+01 7.434607323093766240e+01 5.441372552716103428e+01 4.452394145319058794e+01 6.433672866978250227e+01 6.265308490203021563e+01 5.324132404280390318e+01 3.069259863130346844e+01 3.075673669582022640e+01 3.331617232262085793e+01 5.349103691230863689e+01 6.515161373376426468e+01 6.156891189786090735e+01 5.586203716710984679e+01 7.529514921755956891e+01 7.034935872737530360e+01 6.202749926032117145e+01 4.469355222501365432e+01 5.909569262647636378e+01 7.909068641658539889e+01 9.268759153789027039e+01 8.023001439742341745e+01 6.014058706727876569e+01 6.163742650855951410e+01 6.871493445034448655e+01 6.787140557847281741e+01 5.160861335674488259e+01 5.286002934444919532e+01 5.412615268214495501e+01 7.417158241244135297e+01 7.805872606854482854e+01
2.183293076045384140e+01 4.196629428835667852e+01 5.358758068641922279e+01 5.897329410352500645e+01 6.570197870776176785e+01 5.976957661285932488e+01 8.002406430272583293e+01 8.268658585379100145e+01 7.136167591181509806e+01 5.149214467347395896e+01 7.136167591181509806e+01 6.054881048951598643e+01 4.053687866350300339e+01 5.324132410336247290e+01 4.531611249573355593e+01 5.349082329966859106e+01 3.691182490878784250e+01 5.689190213360070203e+01 6.875351088388904941e+01 7.530060712061862205e+01 8.369108229203312987e+01 7.310790169331293953e+01 5.439489777146213356e+01 4.705299968225733664e+01 6.705480002134312656e+01 7.848856363287578120e+01 9.007766884165704369e+01 8.861063137732594441e+01 7.431978455299653774e+01 8.173876942869132733e+01 7.794511732653027991e+01 5.790579436511142575e+01 7.163578681936873238e+01 6.700434486328762773e+01 7.418307810795792534e+01 5.722274725801712236e+01 7.139415571028499130e+01
2.233598308306601510e+01 4.247328555126532734e+01 5.627922552085301078e+01 5.644535537081614507e+01 7.680533269795613194e+01 8.002406430272583293e+01 8.841256188747978229e+01 9.220635251845199321e+01 7.970670408142623842e+01 6.287403479904914150e+01 7.970670408142623842e+01 6.605223454979302744e+01 4.620987611145514506e+01 6.605103556497277850e+01 6.536869384336139888e+01 6.518708652049927821e+01 5.688764052792278392e+01 4.051941205996880058e+01 5.194624040046053892e+01 7.198547719133766520e+01 8.721472396864531618e+01 6.726466458492218692e+01 7.310789972519484081e+01 6.705480169877723995e+01 5.031878346482984199e+01 6.169027553175099143e+01 8.171343294284969261e+01 9.582274771237044320e+01 9.450805423356209189e+01 9.693079407320608709e+01 7.676713914387873672e+01 6.261449708921404067e+01 8.267293693917311259e+01 8.714207638072214479e+01 7.954517104480851231e+01 5.946123489990576871e+01 7.954517104480660805e+01
2.283981915166739185e+01 3.496390499627106152e+01 3.628463371799785619e+01 5.637579054275173718e+01 6.823007316371209185e+01 6.929505067766541515e+01 7.778834389953753714e+01 7.167849556626200069e+01 8.617723192930394305e+01 8.295600929005858859e+01 9.131952808807028532e+01 7.237345470378747336e+01 5.238400142580480434e+01 7.237345470378747336e+01 7.835193253218034215e+01 5.824431859226833552e+01 4.424692962097297766e+01 6.040837603294394142e+01 6.877078438680433692e+01 8.039628129926028066e+01 9.583477713893805117e+01 8.721472396864531618e+01 7.557042727098702528e+01 6.224412612753503282e+01 5.258090454464132790e+01 7.242142182572519005e+01 6.730453162056387839e+01 7.889935263125019560e+01 9.912279534586618013e+01 9.167161694281182349e+01 7.154995674690735541e+01 7.415905659967530994e+01 9.104881064446141181e+01 9.611457976085152666e+01 7.591956414688071675e+01 6.174596575450054559e+01 6.990728480358383479e+01
4.298087528154940173e+01 2.356009963419844055e+01 4.308966923066990518e+01 4.946299165130120912e+01 4.721400057718342680e+01 4.847669470641788081e+01 6.469639723107844986e+01 5.714474893432909397e+01 7.769096566433103135e+01 9.029033757860104004e+01 9.876851581821470916e+01 8.072278179166445966e+01 6.127153753570429728e+01 8.072278179166445966e+01 7.847800794428567883e+01 5.833438365534232162e+01 4.691975791393964101e+01 5.385767507492528239e+01 6.138410428980107270e+01 7.565948259604003567e+01 9.589457820569451485e+01 1.031738464840440912e+02 8.937213687751564350e+01 7.995515607875771025e+01 7.242142182575400966e+01 5.587437560321543373e+01 7.581764969523209174e+01 9.582274771237044320e+01 1.074981632614486955e+02 9.880840590416110558e+01 7.862251842229127874e+01 9.430311376771012988e+01 1.027010173223644074e+02 9.856601029461042174e+01 7.835084759244230668e+01 6.417415070441872160e+01 8.427173148773627531e+01
4.626938659278462751e+01 3.268745053797444911e+01 2.428327149428027099e+01 2.762916963974326734e+01 3.133523033438518368e+01 3.552731435885659295e+01 4.370712043459281659e+01 6.469639723107844986e+01 7.577704457181800990e+01 6.976544177371398803e+01 9.029033757860104004e+01 8.971850172822682623e+01 7.544488408699555748e+01 8.971850172822682623e+01 8.683941085775832391e+01 7.520039121625605105e+01 6.684806534710678250e+01 5.128545694819741385e+01 7.133012210184260482e+01 7.565948259604002146e+01 9.589457820569451485e+01 1.102005746152831165e+02 9.851221647784734614e+01 9.012957876452470884e+01 7.838287460288788111e+01 5.835352105052459848e+01 7.838287460288788111e+01 9.170364272224627200e+01 1.119605423991871049e+02 1.072145590096748720e+02 8.867398555056860232e+01 1.072145590096748720e+02 1.178741719167961435e+02 9.759596959598836463e+01 8.678628303201584515e+01 6.666989242911660085e+01 8.678628303202724226e+01
3.810919697263037165e+01 2.501742510902298022e+01 4.458553906347938067e+01 4.952435188320113468e+01 5.336917686175385711e+01 5.727556725358017076e+01 4.326633932714388209e+01 4.897920697831145986e+01 5.530998850359518570e+01 6.552375451230967940e+01 8.000578068754121830e+01 1.005748944696605491e+02 9.562360416749842784e+01 9.804642208583868523e+01 7.779787319687976321e+01 6.349503709238958749e+01 5.592475755194266895e+01 7.133012210160727307e+01 7.969392813713461976e+01 9.589457820569451485e+01 1.042157531420102998e+02 1.018220182037132560e+02 8.157012170202014545e+01 6.994204021198910937e+01 6.477709688842355717e+01 6.149601288218514838e+01 7.150473078169960672e+01 9.170364272224627200e+01 1.066532717577920124e+02 1.173547353438450074e+02 1.089428262577536373e+02 1.173547353438450074e+02 1.119343810414610090e+02 9.165682484126502061e+01 7.737288809898386432e+01 7.043258332552149170e+01 7.219862646376351734e+01
3.923088586020761426e+01 4.431867533069694787e+01 2.575544928831163460e+01 4.321594200249452200e+01 4.611598708789177437e+01 6.580188406915630139e+01 5.826226702178414030e+01 6.960599497698422056e+01 6.960599497712543382e+01 8.426697879596436280e+01 9.451798854635642044e+01 9.048653882817175997e+01 9.896762195217820590e+01 1.002568262295409909e+02 8.001388736322932971e+01 8.372853585726853964e+01 6.596177092976527945e+01 6.169264916377572661e+01 8.192017626914243067e+01 9.652683495869528940e+01 1.081978938753219381e+02 1.002538182152296145e+02 8.000534293098922944e+01 9.012958056670925089e+01 7.636988557009675560e+01 8.160418675197303173e+01 6.640470738750771318e+01 7.801428090538051663e+01 9.826099747128228046e+01 1.115621055165926947e+02 1.199224357142186790e+02 1.300405440480548407e+02 1.178741024880783641e+02 9.759596482622116298e+01 9.448783968852191606e+01 7.426985194704812443e+01 9.238496639152705825e+01
5.959398803212113194e+01 5.380179890093666017e+01 4.564511531700732405e+01 2.649683141333433412e+01 4.637514232335421127e+01 6.175387980815074940e+01 7.025866864101864451e+01 8.729341423175527837e+01 9.011320680456805121e+01 8.477900602011395392e+01 7.629582553169528580e+01 6.995547646652897811e+01 8.468851573719878445e+01 9.317997916145944259e+01 1.002568262295409909e+02 9.455808577360491540e+01 8.027044903361714034e+01 8.192017626914243067e+01 6.791826458575295078e+01 7.960975477166815040e+01 9.986350389975444841e+01 1.086340437970854538e+02 8.904540081175052535e+01 1.049734245548899452e+02 9.659300133135772626e+01 9.266647335330965518e+01 7.245182160834876584e+01 7.309184562718783695e+01 9.332096036645005199e+01 9.126434223282075209e+01 1.014222119855122202e+02 1.217019990476729561e+02 1.163393587132839002e+02 9.605061611367104035e+01 8.435038149303382227e+01 8.854831808371976365e+01 8.161870021224574145e+01
5.664907437146940339e+01 4.967142719605077872e+01 2.994156449139786957e+01 2.702311502475972205e+01 4.472498951721282623e+01 4.183241683863447946e+01 6.187758773081530705e+01 6.845126744042592293e+01 7.110850747247519621e+01 7.301883793607701989e+01 5.597259506769729853e+01 5.825864816632021359e+01 6.421620684148726355e+01 7.813054693915748317e+01 8.662749243261700371e+01 9.848105228050926030e+01 1.005159309181413789e+02 9.652683495872035735e+01 8.816999638855473620e+01 7.556906073774274546e+01 8.726947186476712659e+01 1.075159553669452919e+02 1.007560080266189431e+02 1.176933072516268908e+02 1.070093373320834189e+02 8.672546748534743699e+01 8.145851277099431798e+01 9.332096733283447065e+01 8.044178227664052372e+01 9.216639090651234767e+01 1.131472082079027359e+02 1.300405440480548407e+02 1.247360977010885392e+02 1.130261063641682284e+02 9.605061612089171774e+01 1.088276192866416068e+02 9.067678339606663940e+01
5.073281610966913036e+01 3.636680592720747285e+01 4.967142719605077872e+01 4.689259106045346925e+01 2.777634627689502267e+01 4.762458928079889375e+01 6.122381308464650829e+01 4.822934882140723545e+01 5.087157030055865192e+01 5.953295227776069964e+01 4.444520031152360673e+01 4.826633387002043918e+01 5.260008684243971544e+01 5.775197653173487566e+01 6.944587901763063087e+01 8.999402394339492162e+01 1.071714583836007932e+02 1.101358979742931439e+02 8.989955505100461153e+01 8.463084834134504320e+01 1.041710338006608367e+02 1.158313867076367814e+02 1.210224597160706423e+02 1.293783152410495632e+02 1.153956402076600796e+02 1.070093370381162288e+02 9.158158689579252609e+01 1.091658358006536247e+02 9.477851444778362122e+01 1.091662087619202879e+02 1.222393612943677965e+02 1.241426525776075209e+02 1.324372532461060246e+02 1.247383456596905091e+02 1.163394545718734179e+02 1.109617397771985026e+02 1.050181383086007685e+02
4.510229963972300027e+01 5.664907437146939628e+01 5.472437448329748833e+01 3.537027496811689531e+01 2.831169130724185479e+01 4.813873267919559851e+01 4.966587546295745881e+01 3.393238348253458980e+01 3.664277217837762635e+01 3.944135407267692273e+01 5.953295227775652165e+01 6.844582177736035078e+01 6.686711224384492880e+01 7.813054693915748317e+01 6.786106684195574701e+01 7.809447239518300421e+01 9.870558167753546286e+01 1.184425125503169625e+02 1.101358979742931439e+02 9.633707963146297004e+01 1.132078868465338815e+02 1.161031679751507681e+02 1.243177759642269535e+02 1.335208402398226895e+02 1.253348730657799450e+02 1.202675627454866856e+02 1.118861778166676544e+02 1.202675627454866856e+02 1.151403372109387107e+02 1.207694431340844829e+02 1.181286950580856256e+02 1.038209219225534241e+02 1.207546849039182462e+02 1.236096945123776862e+02 1.319333675387489961e+02 1.312483524100619263e+02 1.253108630520278552e+02
6.530586037569680968e+01 7.376113243411053588e+01 6.323097525526691243e+01 5.392133153500714116e+01 4.813708091484637208e+01 2.907335754132072481e+01 3.065594078186786575e+01 5.065928581060873626e+01 5.679883196776751930e+01 5.359554574279933803e+01 4.629390876621148720e+01 6.047380643362743768e+01 8.085925454814491786e+01 9.584402448198476065e+01 8.236740791513817328e+01 9.689119139916260792e+01 1.071714583836007932e+02 1.269133229641432195e+02 1.248470221347057247e+02 1.165598558149564070e+02 1.127041824571508926e+02 9.587039779179096399e+01 1.127041824571508926e+02 1.220231850208310647e+02 1.053574517148451264e+02 1.220231850208310647e+02 1.274879776768592592e+02 1.191263488701072077e+02 1.207694431340844829e+02 1.004884621467354862e+02 9.824332678669932761e+01 9.206500783850478342e+01 1.092049310957396813e+02 1.032382827257924021e+02 1.236096945123776862e+02 1.420362691480716251e+02 1.352550796306120162e+02
8.468944949598215999e+01 6.451868981691745830e+01 5.035977837150858960e+01 3.900196381491784337e+01 3.487571394927670099e+01 4.884848363928960424e+01 2.985858037466792325e+01 4.389656802975785155e+01 6.468766119596777742e+01 7.386710062136175736e+01 6.644457271384592900e+01 5.410869338513720805e+01 7.440572198232328560e+01 9.204300476995435076e+01 1.023097057196849136e+02 1.114149748831870994e+02 1.162328028193560243e+02 1.069318994169779415e+02 1.210226866202857252e+02 1.152416924673223662e+02 1.044217726633360854e+02 8.378380860374474537e+01 1.044217726633360854e+02 1.108740208636613573e+02 9.350232099277086206e+01 1.138009034711031404e+02 1.157532608982449887e+02 9.874390929317776511e+01 1.157532608804667262e+02 1.042100954242753375e+02 8.400340398187202595e+01 8.311244830299358455e+01 8.884820490374694657e+01 9.900391585812272410e+01 1.134609486457838159e+02 1.228730288679552558e+02 1.141035842662605830e+02
8.158064014105194417e+01 6.570848218882957781e+01 4.569875571598677766e+01 5.884520144183846924e+01 5.338145448841481766e+01 3.064022727684285741e+01 3.553010721284035611e+01 4.530123240231152693e+01 6.402030494930532711e+01 7.162784354783580909e+01 7.999726677689170629e+01 7.440572198232328560e+01 6.309847689769350154e+01 7.327109027180969747e+01 9.383586055889304589e+01 1.102171898590463996e+02 9.597253981366610276e+01 9.243402939753265457e+01 1.109150699266725724e+02 1.069580039334235835e+02 8.640061730107549920e+01 7.626860311565506834e+01 9.136588627786304073e+01 9.044553864688474221e+01 8.555225458496646240e+01 1.061287604418459409e+02 1.073585418936256559e+02 8.710067178661837772e+01 9.653025484702783388e+01 9.656974676309481254e+01 7.663689575238630880e+01 9.658898887770750719e+01 1.088577674991411612e+02 1.175858246735460284e+02 1.277486088094805581e+02 1.105281449330236256e+02 9.263436229354022089e+01
6.134873905041284559e+01 5.378611289387443861e+01 5.979701118781118652e+01 7.404043178140686621e+01 6.004453453185296752e+01 3.517304487501563415e+01 3.141788941297000193e+01 5.079411701836927762e+01 6.089953811166591180e+01 5.157760189065368905e+01 6.308513141235166444e+01 8.329741086939937134e+01 7.486069646383691634e+01 9.204300476995435076e+01 1.023097057196849136e+02 9.995684634319357542e+01 8.119655594959441203e+01 8.192233551374415867e+01 1.026091761368573572e+02 1.026677140826494963e+02 9.017296803530201998e+01 6.924310153837045334e+01 7.044799421320459487e+01 7.555355164823265568e+01 8.776240504940216169e+01 1.082675583190494848e+02 1.108745389646524302e+02 9.058865782204094330e+01 7.659659982714998705e+01 8.797393158585887818e+01 7.304667320252427487e+01 8.286560882749618884e+01 9.780832379720290248e+01 1.204350349789851009e+02 1.134492046627882047e+02 1.010909313492980317e+02 8.068505524301066600e+01
7.393370030735368914e+01 6.800805095689320012e+01 7.998003565305899087e+01 6.737286885417948668e+01 5.360511687228048316e+01 3.356908403755407022e+01 3.196871620277204329e+01 4.969479214957753044e+01 4.114767453567387889e+01 6.091055499764158299e+01 7.999726677689170629e+01 9.166491427059996511e+01 9.542803229260279352e+01 1.038970440218124907e+02 1.064921678009892361e+02 9.155159470450209369e+01 7.061958691702716351e+01 9.155159470450209369e+01 1.026263741574247348e+02 8.808851332524976385e+01 7.350931256785020196e+01 6.372599839652077947e+01 8.457922592227079406e+01 9.642890255882977613e+01 1.047845271818396782e+02 1.165280544192024763e+02 1.126141546871626105e+02 1.042241009678333938e+02 8.803051578946870848e+01 6.844370956670346118e+01 8.800346030885410187e+01 9.797132766165016449e+01 1.123141108052984976e+02 1.148267081013844262e+02 1.041590672273310787e+02 8.444492449139380597e+01 7.196714174913589090e+01
