LEM/sinusoidal_perturbations/elevation_000167.asc
nrows	100
cellsize	150.0
xllcorner	0
ncols	100
yllcorner	0
NODATA_value	-9999
[rows 17 to 33 of 100, columns 37 to 73 of 100]
1.460151939724701187e+01 1.504400799248618448e+01 3.165848389443512190e+01 3.612471068420854436e+01 3.685054709845396559e+01 2.327007689686971048e+01 4.096528193461423228e+01 3.652575084426059959e+01 5.584355893850012365e+01 7.516290618898190701e+01 8.511317672985011029e+01 8.247514721240207791e+01 7.779109893662003117e+01 8.570115749703236929e+01 8.465926188349412485e+01 7.127080809221112645e+01 7.194487137872485505e+01 8.543164394416760388e+01 8.165309971805393729e+01 8.965825927884660018e+01 7.567502054068211237e+01 5.553202999983223265e+01 5.135686358758459846e+01 6.976945696136596098e+01 7.134386855936259053e+01 5.102794931605939865e+01 3.942663219302014710e+01 5.102794963964075947e+01 7.134442520878384641e+01 7.037632864541674849e+01 5.615996011815991551e+01 4.668352898496998193e+01 6.611474213598793881e+01 7.490107337420722899e+01 7.204380419383193157e+01 6.011960540360185234e+01 4.013308104678322508e+01
3.278516868684022256e+01 1.460522175939747846e+01 2.492458673559730897e+01 1.668776178914698960e+01 3.210426401312833633e+01 4.242824230864511748e+01 5.266036013581479835e+01 5.584531647011129962e+01 6.419359946572019737e+01 8.046496477869203545e+01 6.418265929315195706e+01 5.941602147277062329e+01 7.286709652882669275e+01 8.047918014093440320e+01 7.511749883847764409e+01 5.724966851375621246e+01 5.793501119400714572e+01 6.940137683863574125e+01 8.301531321140093667e+01 1.014428065650070607e+02 8.400746765215025391e+01 7.567509587626248901e+01 6.561186730945395595e+01 7.984786752121458164e+01 7.974838791189561960e+01 6.375571869948250026e+01 4.346750418490132972e+01 6.375608541877945612e+01 7.976066130589406100e+01 8.459269717267365252e+01 7.140068155982754661e+01 5.067614174403138350e+01 7.140068155982754661e+01 7.795985484036184232e+01 5.779590227630004762e+01 4.359721189398624119e+01 6.011960565220628894e+01
4.261825649679239092e+01 1.636005173950297831e+01 1.599640392514774234e+01 3.635657264600350658e+01 1.741959477275712587e+01 3.251728180277763869e+01 5.436294365610558543e+01 6.895357538981049572e+01 6.073704646932924334e+01 6.070785376281427403e+01 6.379327450579952341e+01 4.301624927863350933e+01 6.379344674619606081e+01 6.085169561280256545e+01 6.086731192006018176e+01 4.723921758244126323e+01 5.480369861714390112e+01 6.480441742666479854e+01 7.855196903891771854e+01 9.717408416149359596e+01 9.772039880120283328e+01 8.945496606244543614e+01 8.574610877441611478e+01 8.835677668233921622e+01 6.801989373646398462e+01 5.628311294749678950e+01 4.851779926130296872e+01 6.287791775899952285e+01 8.321842434491328788e+01 8.939972015947526529e+01 6.975172187863240936e+01 5.497745844573905316e+01 7.550648733834964332e+01 8.015965861299675055e+01 6.000296502805210963e+01 6.370178702517700486e+01 4.737429704680069165e+01
3.904994595889648679e+01 1.751018849287293122e+01 3.698278732265486468e+01 3.805975227089792412e+01 1.796084003875236590e+01 3.180640475119469812e+01 5.057504436300335726e+01 6.008712211177270035e+01 4.086101189396366351e+01 5.491376586597149867e+01 4.668927250015951813e+01 3.603298474512316574e+01 5.563096131819119705e+01 6.086731190493694754e+01 4.096761710214067875e+01 6.086731192006029545e+01 7.449393922699532311e+01 8.233536335422652996e+01 9.007395937018293353e+01 9.321104026930518671e+01 8.615082417659390046e+01 6.937039192604913751e+01 8.615082417659472469e+01 9.676490735071047311e+01 8.502980468346163434e+01 7.448238978913281017e+01 5.413325368302880491e+01 6.852195841037844559e+01 8.886816915794415195e+01 9.363068137912021882e+01 7.424198132767448044e+01 5.969187774876582608e+01 7.992080009435102284e+01 8.849191368800074997e+01 7.935150665578798623e+01 5.916733620603398691e+01 5.011651825107004044e+01
1.964514286732831039e+01 3.904994595889648679e+01 4.606256384795813830e+01 3.111064052947859437e+01 1.851646780859173802e+01 3.858274797594273053e+01 4.761059412331834295e+01 5.184995940950388160e+01 3.211056445316811647e+01 4.204986031516390454e+01 2.797456116853204122e+01 4.667931514027223017e+01 5.988206243770573423e+01 5.168365696421032851e+01 3.712145770889885199e+01 5.697203274156526476e+01 6.537859391751213423e+01 6.538103038324454985e+01 7.372710598388475489e+01 7.076181686228795797e+01 7.785950223803486381e+01 5.768136152830183505e+01 7.785950223803486381e+01 8.907928127629777748e+01 9.109812538304011298e+01 7.074808843000346315e+01 6.852209411186117904e+01 6.852209411185897636e+01 8.887181642629094824e+01 9.569580679598426798e+01 7.637544824199090954e+01 6.538698909183268881e+01 8.522190411727918047e+01 9.575206601136960671e+01 7.566556489770350424e+01 7.330705992758053924e+01 5.308087271684110675e+01
4.131538997015506709e+01 4.131538997015506709e+01 5.633659540479391126e+01 4.488321040084598224e+01 2.535813428915370693e+01 1.931258233438774496e+01 3.936680771224796871e+01 4.070061900690810575e+01 3.788600393358613871e+01 2.214215346830798836e+01 2.275637758518657350e+01 4.261209652296700767e+01 4.675029815552318979e+01 3.192628344450991307e+01 5.164678093302966744e+01 5.931306120997572862e+01 4.520079384010084311e+01 4.520080857068796121e+01 6.538126149613722760e+01 5.568530891828874729e+01 7.072554898759018727e+01 5.055145913862192941e+01 6.065128395748518386e+01 8.078566670333535171e+01 8.911394688085339055e+01 9.109812538304011298e+01 8.887181644895555621e+01 8.887181639984480341e+01 9.729625116060749690e+01 1.035262876250165078e+02 9.083709470036087907e+01 7.138550393220133117e+01 9.083709470036087907e+01 1.040848804813390416e+02 9.236160870829878888e+01 7.642769058669179572e+01 5.620369256235813538e+01
5.176990787071260769e+01 6.205362847590347997e+01 5.687616365982140820e+01 3.692678605812802317e+01 4.510107996031221944e+01 3.553217595618440328e+01 2.011759889640469723e+01 2.069556975771156004e+01 2.128270165708565997e+01 4.125587736224161972e+01 4.259084109170859733e+01 2.362895705141744074e+01 2.708623019469101934e+01 4.474782099681865333e+01 4.535180589932991779e+01 4.592870494976737206e+01 3.233676509902130647e+01 5.091680292696241139e+01 6.174784023375310937e+01 4.395792939940844235e+01 5.700135032143744240e+01 4.423167558463818949e+01 6.434601203225854249e+01 6.984812582366353695e+01 6.901470968934016526e+01 8.072900229442896602e+01 8.743204725668201149e+01 9.570519432947997984e+01 1.056970473721090542e+02 1.041923105325025460e+02 8.530518317426803776e+01 8.134922652041812796e+01 9.865070116137410139e+01 9.821999271531512932e+01 7.816944193159746135e+01 6.389624613698201472e+01 6.044824822686410926e+01
4.239335013877672509e+01 6.289506169269314029e+01 6.511112288573180251e+01 4.845846738661091990e+01 5.100708209407060423e+01 3.093977419367016424e+01 4.014752566622908603e+01 3.843109944344700324e+01 2.435480206062300113e+01 4.404645572768242801e+01 5.054329073570093556e+01 4.160386599662407292e+01 2.450243976132194135e+01 2.511164346812970649e+01 2.571102964456744644e+01 2.629816564645004462e+01 2.687325268801264500e+01 4.213326175005258278e+01 4.990982435053202693e+01 3.406444963885974175e+01 3.700337072309760345e+01 4.094239404207042554e+01 4.507561292847205436e+01 4.965523214457434165e+01 5.468758339958905168e+01 6.054242704501004368e+01 6.732291238314927284e+01 7.743582537275497657e+01 9.742826915807151522e+01 1.119962191484976302e+02 1.041923105325025460e+02 9.485570738015232450e+01 1.081131918490136599e+02 9.349487158579152890e+01 7.344254098805701858e+01 8.404211228962307700e+01 6.539377596280175453e+01
5.016742611557585008e+01 6.208196994675272151e+01 7.659975418264828306e+01 6.837495065496715085e+01 5.943029361997168536e+01 4.248769324220491228e+01 5.736744098133641501e+01 4.610574827381046958e+01 2.717290115939573525e+01 4.662586257809794432e+01 5.949293775666225059e+01 4.407553277216842957e+01 4.432224596717412624e+01 3.271949912646625336e+01 4.519325064130681113e+01 4.060658282041838874e+01 4.650275392472543246e+01 2.766994975470952411e+01 3.021844595512573406e+01 4.999132482905761066e+01 5.110545223703539364e+01 6.101608939175550006e+01 5.668900809772593163e+01 6.984812582366353695e+01 7.490163996605747343e+01 8.072900229442896602e+01 8.743204725668201149e+01 9.570519433412135868e+01 1.056970480007458377e+02 1.089742344884503780e+02 1.172324320737651391e+02 1.135289136848526823e+02 1.076702349743625575e+02 8.762324381867834688e+01 8.502777005271389044e+01 9.053213350004453730e+01 7.047700586147634283e+01
3.314255302871503517e+01 5.372125397769980992e+01 6.571341053392889364e+01 7.587549331115260998e+01 7.111661403787361735e+01 6.275669325481429439e+01 5.617451025324526626e+01 3.590785346040168946e+01 4.662388014558824523e+01 3.184067868773737686e+01 5.191188584457199795e+01 6.387191559267141372e+01 5.238946781771527128e+01 4.651530433169521928e+01 5.340701270824770575e+01 5.894648837200879399e+01 2.839895950644801559e+01 2.983603385842456390e+01 4.797954841285437055e+01 4.999130437594135401e+01 7.004200230794218385e+01 7.954492481217189948e+01 7.686304248451864396e+01 8.516205462650569302e+01 8.513776825626928257e+01 9.340689163197667710e+01 1.049376559311831869e+02 1.071520542589247782e+02 9.890512507568784883e+01 8.904501417355953663e+01 1.015945621062892315e+02 1.098525891663811933e+02 1.160190821295247474e+02 1.076702349743625575e+02 9.917177771800017183e+01 9.607899130970980650e+01 7.607951131479323692e+01
5.368922639983644274e+01 3.688933028809550052e+01 4.713278305303702354e+01 6.168494158672169192e+01 8.190783858070368240e+01 7.673098622480017639e+01 5.617312933400391017e+01 4.477822070123549025e+01 5.591192304878286734e+01 3.551175113300300978e+01 4.984194626591616384e+01 7.056923229647100015e+01 7.279992263342137448e+01 6.742232498707053878e+01 7.166478690327163292e+01 6.231697280692567631e+01 4.844280467882921215e+01 2.903942656135246025e+01 4.264737207095364369e+01 6.264793076651408654e+01 7.026306028636196288e+01 7.860452404122467840e+01 8.182271836147093325e+01 7.352945391516612972e+01 6.503157802724821579e+01 7.669316705382394161e+01 9.667330802363807152e+01 9.564578330427279695e+01 7.896756157783234187e+01 7.743666434147650079e+01 8.159449503918743574e+01 1.015945621062892315e+02 1.115009557489257901e+02 1.197732132946918142e+02 1.192793434795296861e+02 1.023977559860005755e+02 8.241606794811066550e+01
6.002562495195127923e+01 3.961148669508227016e+01 6.008187694533576462e+01 6.422601351589644025e+01 8.441114017080653298e+01 7.992056790632726404e+01 5.935053423708594522e+01 6.347222753968952702e+01 4.277470440742143154e+01 5.591271297496789572e+01 4.714981975593233443e+01 6.182611732975509256e+01 8.262479651659610624e+01 7.937759712828791692e+01 5.890215659508801593e+01 4.357005859060527087e+01 3.493824089518385989e+01 2.948374295547190727e+01 4.909691774360552330e+01 5.578690762766278510e+01 4.997089734317473386e+01 7.026309611931175425e+01 7.352945391515885376e+01 5.333496444994467112e+01 7.352945391196533365e+01 8.072973264735318821e+01 8.396358097032744183e+01 8.380960964588427942e+01 6.728349059752409289e+01 6.728573058236436566e+01 8.745237905895578479e+01 9.892330024084070317e+01 9.161393623367027317e+01 1.056645062073609438e+02 1.255913913882779269e+02 1.107394778903936157e+02 9.132313179939694692e+01
6.835859534035839147e+01 4.984324142808711855e+01 4.371358713399294516e+01 5.827003817624197524e+01 7.860824051862923056e+01 8.822228321690469954e+01 7.992056790632726404e+01 6.925362098809559086e+01 4.841471131064410827e+01 6.925362098809557665e+01 6.182336395536040641e+01 7.641848996334189792e+01 8.296755664388570040e+01 8.076424508762542587e+01 7.320888790622895215e+01 6.042449342129537371e+01 5.055976165232986830e+01 3.081040128724134775e+01 3.025838658126329150e+01 3.690846837772324562e+01 4.959490645125437425e+01 6.958523928233735489e+01 6.744058624342692099e+01 4.729871948014270089e+01 6.412894697049901538e+01 6.058573404173956334e+01 6.324392022911338529e+01 6.521478490581331755e+01 5.816485319441041923e+01 7.843357968472905384e+01 8.895264532771848565e+01 7.898199041459623970e+01 9.892330024084070317e+01 1.095255098416973993e+02 1.184237022398617825e+02 1.197190972880331401e+02 1.054524642114082553e+02
6.663089901176722663e+01 6.732379438150903184e+01 4.677540691166630182e+01 5.870711381584444410e+01 7.310191446861838926e+01 9.231845860892562428e+01 8.614834574043226212e+01 6.545661824643536875e+01 5.627539715219932503e+01 7.713951708226367998e+01 8.255209906080274607e+01 8.296755664360566129e+01 6.272413700261697755e+01 6.050511061644971278e+01 6.333587134706488797e+01 5.276258158797258346e+01 3.288151695921569484e+01 4.982190332945398126e+01 5.001457840489171502e+01 3.111555308545834819e+01 5.094249876173533664e+01 6.721237408131271707e+01 5.889821799962674476e+01 4.180553770858293916e+01 4.403924568067976963e+01 4.634905356391043796e+01 4.873176354948346756e+01 5.122027591252636114e+01 5.682521354334291175e+01 6.271341126750614592e+01 6.887095583011048916e+01 8.895264532771848565e+01 8.135772796183907474e+01 9.028514720326701593e+01 1.043205346989179390e+02 1.242365653205079070e+02 1.256128942513960425e+02
8.105359995064867462e+01 6.079060990915987617e+01 5.039230745394254996e+01 5.783846093021021062e+01 7.397142350454267046e+01 9.618823146358283793e+01 9.456201575003892401e+01 8.559363544265393386e+01 6.841902344435676753e+01 8.559363544265393386e+01 8.397174813862277176e+01 7.557514915097807773e+01 6.643887348777197133e+01 4.628766328565659904e+01 5.496361528032819166e+01 3.503239198682338440e+01 5.276258159300077466e+01 5.998611256209696307e+01 5.160179353942732661e+01 3.174477769998196308e+01 5.160179359946626221e+01 5.602535893964533642e+01 3.889540657046973138e+01 5.889821799653680046e+01 5.560776412288176829e+01 6.648577319322779999e+01 6.301798126520599652e+01 7.145587280209124970e+01 5.643466631268437084e+01 6.050855991090037378e+01 6.547044771586621437e+01 7.057789073905088628e+01 8.479572460983021642e+01 1.047002944355311200e+02 1.184237022398617825e+02 1.257531292942849888e+02 1.284447138558097095e+02
8.105359995064873146e+01 7.486095453792141541e+01 5.437366510514652873e+01 7.486033127026620093e+01 7.196878800046491165e+01 8.553712158817455702e+01 1.049926632840206508e+02 9.744236502753550155e+01 8.905193292518518433e+01 8.645918568988292918e+01 7.557459154324295980e+01 5.529036405284045230e+01 5.883567362285276658e+01 3.884232371279429685e+01 3.723475941022923763e+01 5.496357365030709019e+01 6.333567344386346321e+01 5.999118481164662597e+01 4.127645605247997196e+01 3.238310026547729592e+01 5.178197957688683317e+01 3.606443993234208989e+01 5.601341177161727813e+01 6.709849593465480666e+01 7.576910263707567594e+01 8.405877545718522015e+01 8.315379485357573230e+01 7.668430773514999998e+01 7.080410697155630828e+01 7.486461156057629296e+01 7.336578803470089838e+01 9.062563813517689937e+01 8.330935177635663536e+01 1.032152053436876287e+02 1.198499421965807272e+02 1.055175503868240270e+02 1.081912897160212452e+02
7.813369221073050142e+01 6.371826673150019360e+01 6.228250892612091860e+01 6.551019763279981589e+01 7.977850983248997352e+01 9.838581669153597886e+01 1.091677162754863417e+02 1.007812231573326898e+02 9.243400697788534615e+01 7.213412457542676748e+01 5.776278318943837320e+01 6.121528709785876998e+01 4.119261180967439628e+01 5.883567611793685614e+01 5.720315788389551415e+01 4.780876919800702751e+01 6.799102914400812381e+01 6.853612101241894550e+01 5.883173808711099184e+01 5.222514886462135308e+01 3.329493420763267864e+01 5.320340658719058524e+01 5.215146701883939784e+01 6.166140552474600867e+01 6.734089907710513501e+01 7.582774160804072494e+01 8.744642015334306961e+01 9.672224114088051294e+01 9.088036816809460561e+01 9.488430731997409850e+01 8.497721907770045391e+01 1.016566069316882306e+02 9.738847733483652291e+01 1.114752710256968982e+02 1.097465798452185197e+02 9.127328598067933285e+01 9.394087847495933374e+01
