LEM/sinusoidal_perturbations/elevation_000390.asc
nrows	100
cellsize	150.0
xllcorner	0
ncols	100
yllcorner	0
NODATA_value	-9999
[rows 17 to 33 of 100, columns 0 to 36 of 100]
5.222468517465790779e-03 2.000480929755576653e+01 2.336024631153217967e+01 5.868539481398683755e+00 7.663486597908031328e+00 9.477021098170389735e+00 1.130729707923365268e+01 1.322252367220840163e+01 1.517166613634591243e+01 1.763238041574999571e+01 2.016371648714953579e+01 2.277446653950776678e+01 2.545333082329138108e+01 3.125780560646717987e+01 5.128706051927249376e+01 6.903280877288709405e+01 7.559119474477817846e+01 8.393184027991443941e+01 8.010466693018115336e+01 8.924730187434555262e+01 8.242415293506017804e+01 9.177575018779729987e+01 7.879015993950959285e+01 5.621737221761731718e+01 4.373473187830916942e+01 4.854283468421324699e+01 2.686523079166857286e+01 4.425666852417919728e+01 4.892465370899743959e+01 2.435228698494887922e+01 1.978494433556079457e+01 2.012719987038975944e+01 3.302405115015739057e+01 4.554299679578580395e+01 4.580920829082909762e+01 3.552715884863997076e+01 3.599523210228630177e+01
7.333276091007126865e-03 1.690797998815624226e+01 3.410365190732186136e+01 3.112423447827998757e+01 2.171852833954245199e+01 2.354200057082045916e+01 1.790425569554495766e+01 3.323455402199298447e+01 2.120787292190887996e+01 3.772370222344111568e+01 4.025587823259659359e+01 4.284825622135118550e+01 3.365297665750395595e+01 5.128706040191713811e+01 4.069966011079912960e+01 5.485887231234345052e+01 7.490062473926401765e+01 7.590189233764661481e+01 5.655218528511182541e+01 7.562759158121522773e+01 5.702547898713736885e+01 7.734368045955439186e+01 8.779691395325943404e+01 7.490344838132335781e+01 6.575753096184863011e+01 5.765199529979361870e+01 4.425478935511455347e+01 2.265894077620817981e+01 3.948631901411435052e+01 1.931338337521129844e+01 3.450623059991863784e+01 3.802317563305452808e+01 2.060400707526080311e+01 4.006735874395518948e+01 2.630908010369098804e+01 2.820908475779304680e+01 4.786823730541847510e+01
6.343274376862209282e-03 2.000634327428015524e+01 3.535869202576459713e+01 4.430460027226332187e+01 4.173859651135342119e+01 4.357596407410500206e+01 2.499133672810121709e+01 4.504603602738659873e+01 4.128413737643566606e+01 3.069135059972426305e+01 5.073084596696903503e+01 6.198383913492938291e+01 4.521466849426892765e+01 6.198388364701647646e+01 5.485887231220426230e+01 5.705105774188567125e+01 7.709377938816940912e+01 6.631380659859813420e+01 4.309607738675212829e+01 5.410067427607442170e+01 4.325065289831594129e+01 6.101226496057819304e+01 8.713054155163500525e+01 8.008236908453348235e+01 7.140109404712272578e+01 6.455573490630399647e+01 4.361289347168144559e+01 4.008662595409788310e+01 1.883593335791597312e+01 2.839802459093348475e+01 3.955290382791896775e+01 4.371376073721134503e+01 2.488500596529126696e+01 2.108320076407626686e+01 2.142767471885534647e+01 4.055241629672043757e+01 4.937588653196304023e+01
3.497053469895897767e-03 7.074564865335463359e+00 1.601883677558696206e+01 3.016097439574422978e+01 5.016127585099853547e+01 5.333954075850958532e+01 3.918065785681113766e+01 4.137147001287929271e+01 5.902481531833809214e+01 4.486641383025994401e+01 4.486641382603927042e+01 6.488883502841109419e+01 6.524829929709170528e+01 7.355300669303872496e+01 7.490062424790656337e+01 7.709377938816940912e+01 7.329629721116269536e+01 5.738062179496746040e+01 3.493007017162130268e+01 3.165060506215428404e+01 5.405888107842106649e+01 6.607208617332659628e+01 7.977031626533252506e+01 6.981834069736243009e+01 5.047658110906672846e+01 5.711461998865186018e+01 5.155007104459993172e+01 3.516811298924688600e+01 1.849928109179591829e+01 2.131767743864181242e+01 2.531752658600006356e+01 4.505648781740007536e+01 4.474339944441757666e+01 3.252620909599351506e+01 4.096435423212742677e+01 2.193534174561900940e+01 4.089982065043709980e+01
9.635555453094322986e-03 2.000963555545273920e+01 3.535903754425499557e+01 4.430386145485922356e+01 4.650226921060045271e+01 5.480522559457723020e+01 5.920631155523691547e+01 6.139597981811628102e+01 6.968822943132981607e+01 6.488884296256279072e+01 6.488883410894686676e+01 7.318309691963037267e+01 6.839760789998638302e+01 5.895978440292183365e+01 6.195997122820095626e+01 7.137219885298195265e+01 6.395261155765462746e+01 4.135425251483501086e+01 4.550112863877349412e+01 2.541129025849074452e+01 3.391100260307818814e+01 4.663412870918817532e+01 7.081254744733956841e+01 6.960951966321582063e+01 4.796780290615539855e+01 3.689096894612622179e+01 4.799195144368869137e+01 4.332037685038552155e+01 3.032673686418651826e+01 1.802223591434487560e+01 3.973599678195157736e+01 6.185089103790514997e+01 6.198979379299863268e+01 5.331272166686223102e+01 4.196067016603892341e+01 2.395099398030414406e+01 2.246022100374716501e+01
8.845047570523793118e-03 2.000867237781138641e+01 2.717001785728368546e+01 3.096235669264795476e+01 2.653582314735940884e+01 3.971219097430501677e+01 4.553405389896761335e+01 5.258381675826780111e+01 6.082772307863230310e+01 7.092807415309566466e+01 7.187566619481854957e+01 6.258143295467240819e+01 5.523899966306780840e+01 3.616573199435228503e+01 3.910580047315369256e+01 6.195997122820095626e+01 5.788302946409836380e+01 4.514954259317857321e+01 2.399613973860023819e+01 2.117106216535366059e+01 4.196908787935367258e+01 5.541847039115125284e+01 6.478240884350245210e+01 7.860193663257311414e+01 6.609542472949392788e+01 4.824186028012224625e+01 2.867562091744203912e+01 4.077454408062203584e+01 2.865751488768857769e+01 1.768371595761660231e+01 4.392661603809790449e+01 6.377891941743442317e+01 7.224654898441580997e+01 6.066823362551748744e+01 3.527593482048538220e+01 4.698667951467209036e+01 4.386657071490770932e+01
8.023991185656003874e-03 3.597801792846405888e+00 7.238976046263610797e+00 1.106255046141687259e+01 1.510010299128822631e+01 1.987361163325178381e+01 2.576328279378750352e+01 3.303995506923386927e+01 4.365197999533799589e+01 6.271447919234785218e+01 5.906740109857015142e+01 4.050200963162044587e+01 4.579963210891173020e+01 2.281314329534928476e+01 4.579963210891173020e+01 4.791522008339962468e+01 4.489304295307397297e+01 2.732380637997035322e+01 1.607888121717941132e+01 3.624076615991305061e+01 4.011302227240935991e+01 3.378427783479497748e+01 5.541994670090042518e+01 7.526266349142997569e+01 6.195930181155069505e+01 3.808159623662552917e+01 2.333564799692497971e+01 3.226428960018482428e+01 1.720505502637555750e+01 2.052844565333744953e+01 4.786182013245885258e+01 4.327395327051682727e+01 6.298924498490470114e+01 7.064627266873729639e+01 5.064612488971394555e+01 7.268247699750118329e+01 5.822392464158777869e+01
4.598823041778624977e-03 2.000459882304142312e+01 2.717018021926339699e+01 3.096239453298908018e+01 2.653582314735940884e+01 3.971219097430501677e+01 3.604340878396461534e+01 4.568556019127869661e+01 6.082772307863230310e+01 6.953832650503970569e+01 4.636807535026674998e+01 2.904474108342003902e+01 3.732633403865246891e+01 1.559267378094464895e+01 2.951683932108173281e+01 2.410365708293101150e+01 9.901751799679356481e+00 3.090045554923355553e+01 1.294897508521134988e+01 2.891444021215456672e+01 1.919720147001339328e+01 4.009208922279953669e+01 4.513541536382487607e+01 6.451169099852694444e+01 6.905638812170995777e+01 4.507103136771029028e+01 3.837405136916548543e+01 1.672998345934998099e+01 3.350511846115398384e+01 4.064927984660611315e+01 3.095335032200970815e+01 5.177432653794443240e+01 6.562024038537772697e+01 8.397330941919446445e+01 8.229126434211536889e+01 9.180807270441232504e+01 7.226391234084047710e+01
7.340434288523949372e-03 8.951612344287759981e+00 2.049861772808047888e+01 4.049861772889459388e+01 4.650226921073781483e+01 5.480522569612332262e+01 5.603639969873017890e+01 6.435234723776927979e+01 7.477183784578987513e+01 5.871952125848191884e+01 4.961235105872403039e+01 3.818255228206949425e+01 1.938815546870020867e+01 2.752409747355335412e+01 5.846267064536506908e+00 6.224909670735079281e+00 8.890947568777381349e+00 1.909747168238162018e+01 1.870420438338442537e+01 9.014157882151152990e+00 2.888650005849846991e+01 2.480534516094069986e+01 3.468539524079436376e+01 4.925615839969370313e+01 7.090827164998039223e+01 5.621627816887756524e+01 2.972530208311867028e+01 1.699322679565335648e+01 1.625743887882809702e+01 2.488970153978969435e+01 4.128948173658793053e+01 5.087236303822443517e+01 5.478193812009494224e+01 6.641785897715843134e+01 7.876017579855536610e+01 8.286077100358676262e+01 9.146128336692011374e+01
3.515918393995972821e-03 2.000351591839364218e+01 3.723588369467412917e+01 4.878288942740768874e+01 6.443459359102192252e+01 5.370665486009659162e+01 4.409179406450115835e+01 4.735270693212142135e+01 5.637008516948215942e+01 4.961218873279863573e+01 2.825481852915650194e+01 3.450441508667270085e+01 2.927899090197887233e+01 1.118677167092972979e+01 5.757951647733053235e+00 1.823074947399004131e+01 6.694308112981402381e+00 7.027299987026723649e+00 7.360566920699658233e+00 7.691170417774301882e+00 1.428098439060469715e+01 3.381675141810094232e+01 4.158441220638383129e+01 4.399689392059650572e+01 5.482593622785688581e+01 6.595755014004387817e+01 5.144468015171374731e+01 3.689079826125374240e+01 3.256794547800763695e+01 1.578335788557173380e+01 2.261308723433368684e+01 3.305377398738688299e+01 3.179696649466487557e+01 5.555466377414852985e+01 6.061074846355587198e+01 6.118786094511318652e+01 8.286077100327270273e+01
4.608085242692564441e-03 1.414674370897376754e+01 3.414674370897446920e+01 4.329434628208660030e+01 4.313314257987638456e+01 4.094316158504585701e+01 2.285932289674753193e+01 2.551753026039408567e+01 4.663555061902806642e+01 4.608034146450163604e+01 3.438912627720046089e+01 1.399111002675864768e+01 2.504659447834133701e+01 5.295768416651984722e+00 2.550185964177726916e+01 2.994243313394594352e+01 3.142308635654995896e+01 1.513160091487181980e+01 2.761791598028761996e+01 2.795610183825744244e+01 8.151677657524430742e+00 2.580034983889434130e+01 2.259197685285577251e+01 2.091229730132014453e+01 3.761135901475982024e+01 6.368530227904330587e+01 5.835268321413490611e+01 4.878664489644179980e+01 4.335280281425600180e+01 3.535533954716426308e+01 1.531245717203519696e+01 1.623383301293668524e+01 3.200874695967098660e+01 5.611152956878858333e+01 4.627195872326062442e+01 6.753570933328367687e+01 8.438335176115378999e+01
1.610643649003322799e-03 2.000161064364864671e+01 2.667584725816923807e+01 1.964964824201292615e+01 3.331715911832306887e+01 2.480036450624906053e+01 1.303436043207270068e+01 2.657234125520623635e+01 4.801819233661294817e+01 3.702198723001273351e+01 1.632944159709515830e+01 4.580341384583055842e+00 4.841245041685019679e+00 2.514843309309238251e+01 2.073115791255472473e+01 3.675658528159559069e+01 4.275642948727100645e+01 2.732362367715104057e+01 4.418647589248254093e+01 3.441717855399232917e+01 2.659982515388981739e+01 8.603733686869960096e+00 9.145882699912244007e+00 3.264574815646638939e+01 5.480495733071654030e+01 6.727570252407844009e+01 4.273400636503971839e+01 2.790158036060215352e+01 3.588227452240177229e+01 3.436125781818724789e+01 1.498206052659120324e+01 3.569181741393561680e+01 4.774768016072274435e+01 5.151738217931933406e+01 3.920369945641831322e+01 5.385292906770420984e+01 6.747722980025726258e+01
2.022278438842990342e-03 1.931580773450386346e+01 5.034865849988980457e+00 2.140146467784086326e+01 2.161434133868394980e+01 7.126149147548852092e+00 2.333855783507117820e+01 2.957114383599473584e+01 4.706141180468534202e+01 4.595266295069905738e+01 3.290402295992480219e+01 1.276704964890875971e+01 4.524776870185596600e+00 1.658349539719400667e+01 3.467573035070602572e+01 4.725934673183412826e+01 5.580988979493107394e+01 5.190083268810671768e+01 5.345793677808487843e+01 3.482308115005995575e+01 3.321143372241635916e+01 2.597150047205742851e+01 9.046358206565759730e+00 2.399041968783379630e+01 4.917926938602455067e+01 4.933346329711349654e+01 4.238551444519424649e+01 1.566936164954778299e+01 1.419134260799063441e+01 1.451736938317490200e+01 2.183917719911887545e+01 3.964388668467211119e+01 5.147395161475972714e+01 3.079594971987767948e+01 4.387782402814580252e+01 4.553802916464637462e+01 4.554122356636358404e+01
6.642187732006160465e-03 3.124108759898564514e-01 6.182270245756513738e-01 9.243297402845885857e-01 1.230540706132076556e+00 1.002112128451791406e+01 2.359244290004072653e+01 3.125875875151487904e+01 3.600875646880785297e+01 3.023434510231586003e+01 2.737291843257715485e+01 2.416860448618354695e+01 4.210755413996769114e+00 9.848649616204816937e+00 3.033117268789699494e+01 4.843408866202653229e+01 5.883772068783466125e+01 6.372864070844562434e+01 3.985038996716328086e+01 3.420120067317837709e+01 1.838950595665469478e+01 9.489801503358650692e+00 2.583525271701790871e+01 3.896886953292410283e+01 3.622728457325574425e+01 2.727222707548254377e+01 3.373368491325069840e+01 1.374707338724414996e+01 2.910602092105117222e+01 1.528298182718594234e+01 3.531333466830368906e+01 3.851419248008925678e+01 3.999851829431619166e+01 4.164859264789687643e+01 2.331023441340841984e+01 2.493319559079341374e+01 4.534216557689876481e+01
1.591255364720534126e-03 1.382938785638394563e+01 1.825852870152086993e+01 2.023288771044482104e+01 2.132418403292435016e+01 1.664663337661632214e+00 9.266491312830297034e+00 2.221159626860946190e+01 2.842178005225197701e+00 3.150233373713632545e+00 3.459646460872920937e+00 3.769669757996604087e+00 6.624632391882174787e+00 2.633261611092223120e+01 1.837515175020193325e+01 2.850057603782778060e+01 5.019936302727020916e+01 5.700181068956824504e+01 3.988425011741474435e+01 1.350662669704423102e+01 9.933845660276450218e+00 2.815846686551326883e+01 3.415994402968953381e+01 3.535146029713460791e+01 1.470187838666186053e+01 1.299785641079262533e+01 1.330708721721319954e+01 3.001478748731021895e+01 3.875423584282739853e+01 3.531835403910205429e+01 1.683812331186862465e+01 1.818875544526312282e+01 1.959183652943902842e+01 2.112458371341476848e+01 4.165137381830648877e+01 4.548526756480981703e+01 2.725728773255597304e+01
6.189296070378335485e-03 5.605213445544531048e+00 1.099024566549418225e+01 1.627454032257655570e+01 2.979120386775289830e+01 2.367696738469042117e+01 2.099058132418912148e+00 2.406798365832109265e+00 8.719331337242726576e+00 6.497964123722307583e+00 1.583800897371503957e+01 9.956329245421265739e+00 1.858254454300010394e+01 3.532861895176162648e+01 2.849588139788520991e+01 4.843407333843408935e+01 5.964664047306199990e+01 4.753374660595397216e+01 2.338974755104996106e+01 1.037283241177633997e+01 2.054236636479592093e+01 3.074413383726049531e+01 3.240821566582719981e+01 3.197577336011204352e+01 1.256651739261084266e+01 3.149720557864791104e+01 1.348265118903170467e+01 2.549390392218886703e+01 4.115919188202835954e+01 4.440084280686213702e+01 2.352576852460153134e+01 3.870517006673351545e+01 4.011059069668407062e+01 2.453492905251014733e+01 4.500731455607088094e+01 5.723312414955379523e+01 4.798208872040316209e+01
2.247884206357958405e-03 2.000224788420600319e+01 2.894319687957598930e+01 3.225571982797858794e+01 2.377793174486543393e+01 3.198303268171163083e+01 2.390253401468963190e+01 2.859904206473980803e+00 1.875940152265983230e+01 2.009502152655052853e+01 1.052160576185891472e+01 2.621683291517542003e+01 3.485258147506562665e+01 4.792474607846289558e+01 4.346188146678941422e+01 5.933068486458846991e+01 5.642348291104453750e+01 4.662465797002337808e+01 3.144751708080339014e+01 1.068017292409805918e+01 2.428469567591154643e+01 1.153168110258736334e+01 1.183404052260700290e+01 1.213768015063246963e+01 3.233200601900875881e+01 3.683191490555535808e+01 1.625217439997368984e+01 2.905244515621231471e+01 4.845618820408988370e+01 5.366418042686590439e+01 3.273900225165734668e+01 5.367377184784010069e+01 4.878265895010915187e+01 2.811706735834707516e+01 4.237496255257610045e+01 6.423899349463113140e+01 5.497525496541462786e+01
