LEM/sinusoidal_perturbations/elevation_000410.asc
nrows	100
cellsize	150.0
xllcorner	0
ncols	100
yllcorner	0
NODATA_value	-9999
[rows 68 to 84 of 100, columns 37 to 73 of 100]
3.191714535245168349e+01 3.443906194120911124e+01 4.501771157272789026e+01 6.389118481169613517e+01 7.248997584019888052e+01 8.226400532160154455e+01 8.836005288780083333e+01 7.133068092616116473e+01 8.836005288780083333e+01 7.996947159394628102e+01 5.996547117985295472e+01 7.996947159394628102e+01 7.252663022878681431e+01 6.029699080188126459e+01 4.032465876102287439e+01 6.029699082605025495e+01 6.996969336652627192e+01 4.977805197357486122e+01 6.996969336652627192e+01 7.941420035114981602e+01 7.103811724164737029e+01 7.567879820690758663e+01 7.853043818181868119e+01 5.827744755689501943e+01 7.026230469515171251e+01 6.717955339712487728e+01 4.908405956367566603e+01 6.935959224157346625e+01 5.411036364224583650e+01 5.938127403365874812e+01 7.851601805182050953e+01 8.136856637237637813e+01 6.429048333774579760e+01 6.650552037382631454e+01 6.894971820785863770e+01 7.190981735631653748e+01 7.490992363221918993e+01
5.491227938920981444e+01 5.299462569814575374e+01 3.812869987740161548e+01 4.543653330728003681e+01 5.462007879594367665e+01 6.826884201706204180e+01 8.802543183447943420e+01 9.152414015512042056e+01 1.001079087294360619e+02 8.821019650387177080e+01 7.158889001282358322e+01 7.987994955407027931e+01 6.419338760821321443e+01 4.413362173219900342e+01 6.029699075366268346e+01 6.862679453075200797e+01 7.826178409929941893e+01 6.996969336652627192e+01 5.615009921767165224e+01 7.048332028930391857e+01 9.054895086703618290e+01 9.272949764004997064e+01 7.264899518125831435e+01 6.739557555864058713e+01 8.680779322768970019e+01 7.299098932709583210e+01 5.281537488214578246e+01 5.146246286630289291e+01 7.177180679086140458e+01 5.700142052755938948e+01 5.907549046702611406e+01 6.118744774079276993e+01 8.136883421302341901e+01 7.213411990500686954e+01 7.566484883297697195e+01 9.186527916118294002e+01 9.483562775584847770e+01
6.950783853314042915e+01 5.309211904672537941e+01 5.662132826367354710e+01 4.208762742234615217e+01 6.074121698888757948e+01 7.147408828126999936e+01 7.843134095320418453e+01 8.662784275168382919e+01 9.652522029882773325e+01 9.970260800556374647e+01 9.146752398854600585e+01 7.146819827286117288e+01 5.139416990014458975e+01 6.419338759672103834e+01 4.893258503231233192e+01 6.057470175355162212e+01 8.069799572894139317e+01 8.462743776915675653e+01 7.636040741669083332e+01 6.356936573804098600e+01 8.371744618375930713e+01 1.009666081727824576e+02 9.272949764004336259e+01 7.908750305349536802e+01 9.578576696123121792e+01 7.686449863818199901e+01 5.673720092155829064e+01 7.177544644120445128e+01 5.775349022894593531e+01 7.740419393190371977e+01 7.929917992773339108e+01 7.291751420494392733e+01 8.961799114743040207e+01 7.792821353278532115e+01 9.559928941454630547e+01 8.634129674293785683e+01 1.062305337837470347e+02
7.771497088622524529e+01 6.656696252688131210e+01 6.886148193361123049e+01 5.110491789571204180e+01 4.635264007513711704e+01 5.207432546357603798e+01 5.875259965387665062e+01 6.853120918063183353e+01 8.833418035988142947e+01 9.732466217776388362e+01 7.729012193726721591e+01 6.566693001535954011e+01 5.853256017346292595e+01 7.276408065585063412e+01 5.258448020259407230e+01 7.276408065585063412e+01 8.902557808919355864e+01 9.784373509065457597e+01 7.786614573221346802e+01 8.371744618373169544e+01 7.370609848178375501e+01 9.372879388603912787e+01 1.073066905590128357e+02 9.908347792637425755e+01 9.539138100416354860e+01 8.087218654089971892e+01 6.083379744970037706e+01 8.087218175854734170e+01 6.422460174807639532e+01 6.688348421013164113e+01 8.697294119919095579e+01 9.291383143974448444e+01 1.011427674238621393e+02 8.458470777628001258e+01 9.785316920488963888e+01 1.062305336491097876e+02 1.004262078651783270e+02
8.039957170140841924e+01 8.622445398763753133e+01 7.037751608206296794e+01 7.037751608206296794e+01 6.534835444710424213e+01 5.179766578688992240e+01 7.119685044710188038e+01 8.662784275168382919e+01 9.652522029882773325e+01 1.056852070274784694e+02 9.134867877469277175e+01 7.130448305783666285e+01 7.280129985726973985e+01 7.706419456717067362e+01 5.689487206814875009e+01 6.537992268309375277e+01 7.700902340699167326e+01 9.702894663422026156e+01 9.203314397561945270e+01 1.019389437409804628e+02 8.377667038656345255e+01 1.019389444638714224e+02 1.128371393649460686e+02 1.012145737050501992e+02 8.134945898856818758e+01 6.725783515316511796e+01 8.087218654089971892e+01 8.910068320857762103e+01 7.100836013304500227e+01 7.515411990335788062e+01 8.697171717713713690e+01 1.068602626412108947e+02 1.115111459376506957e+02 9.164393925961229570e+01 1.115126481026909033e+02 1.259073465799597784e+02 1.202434161367892642e+02
6.590598784307240976e+01 8.639765505289392422e+01 9.012150351077163180e+01 8.465109044346885980e+01 5.730318477971642466e+01 5.647902034074023447e+01 7.569869137668534620e+01 9.070629288454784955e+01 9.070629288454786376e+01 1.105341775314199566e+02 9.969025175539231043e+01 8.548253528209663443e+01 9.284381351876943711e+01 8.156403645603191421e+01 6.144013229348495742e+01 8.156403645603191421e+01 9.380097129765083253e+01 1.053857017009067363e+02 1.118717429661746081e+02 1.118722218817275973e+02 1.036809173857135136e+02 1.118722221416869331e+02 1.046174466792351865e+02 8.473434933044612194e+01 7.481315437678084379e+01 8.716848369867209101e+01 9.539442781448046560e+01 9.807143329060562564e+01 7.814280290778066274e+01 9.512433049715517086e+01 8.931046659160591616e+01 1.091602395877235949e+02 1.115126674374030529e+02 1.057180159960179822e+02 1.197248863643966388e+02 1.247319400144459820e+02 1.163989484320269838e+02
7.090225927868446831e+01 7.310872678270625613e+01 8.150912720741463602e+01 8.955432053639837875e+01 7.059242432028929670e+01 7.569869137668534620e+01 6.409023192256972834e+01 7.091027527934014074e+01 8.490027147339682756e+01 1.047232685187775587e+02 1.063973634151004575e+02 1.055108014836073380e+02 9.421963763272073322e+01 7.420937519419891260e+01 7.570295555368299745e+01 7.049635166327034597e+01 8.053255641750037341e+01 9.463227099102438444e+01 1.146775820391337248e+02 1.135901030939479313e+02 1.052965456766758621e+02 1.135901030939479313e+02 1.128371393649460686e+02 1.029015315379373448e+02 8.627368945729007521e+01 8.737026053860282104e+01 1.072471923296685787e+02 1.062741882883171058e+02 8.814755277806602862e+01 1.062741882883171058e+02 1.091602395877235949e+02 1.173522203557151329e+02 1.313014855227905571e+02 1.255035954979986030e+02 1.261792318287544958e+02 1.146771948996178736e+02 9.629282619925676556e+01
5.060577168748520904e+01 5.282405000011883089e+01 7.000516450973940152e+01 8.012958467969201592e+01 9.143176778562244067e+01 9.192707527475234031e+01 7.790527337636841310e+01 9.070629288454784955e+01 9.893267527322299770e+01 1.006635366592470291e+02 8.697839026634832749e+01 1.006635366592470291e+02 1.025634100287814761e+02 8.835677141895001796e+01 9.571393746064845232e+01 8.053255641750037341e+01 9.884899240633430395e+01 1.088665838875303820e+02 1.110134130376130628e+02 1.027355316810696451e+02 8.548685962682054651e+01 1.005546741429076434e+02 1.088294795652329299e+02 1.143730456782996043e+02 1.061535729370519334e+02 1.014371328316921961e+02 1.154665937206416402e+02 1.161879744408645792e+02 1.079953138031452085e+02 1.161879744408645792e+02 1.116839940234717972e+02 1.116834812750163337e+02 1.199011372334968826e+02 1.235684604756677913e+02 1.119624034310167673e+02 9.774625299107242427e+01 8.627202181337055720e+01
3.609781393878246547e+01 4.131018216719308356e+01 5.149340004867073617e+01 6.581019166869666037e+01 8.606527147497011754e+01 9.733136222458115583e+01 9.771478070166271834e+01 1.025276757494784903e+02 9.453143612192140210e+01 9.187951220054377188e+01 7.288601234711747168e+01 9.187951220054377188e+01 1.048508397454224763e+02 1.083738487603850302e+02 1.088665838875174501e+02 1.005034066660220304e+02 1.088665838875277529e+02 1.062908432169347890e+02 9.802888954356180307e+01 8.304271494876785198e+01 7.585900375945782059e+01 8.089956636798716261e+01 1.005546741429076434e+02 1.033961983764372263e+02 1.116733537054328025e+02 1.212739167678777363e+02 1.170707862015019032e+02 1.088358300177750664e+02 1.088358300177750664e+02 1.057126815436806595e+02 9.152172527613195996e+01 9.152172333558253570e+01 1.116834822271696339e+02 1.152356348719808210e+02 9.513954064707301939e+01 8.357722655588371197e+01 7.921283492013525063e+01
5.655047526867834762e+01 6.161808361957508140e+01 5.091447212755821994e+01 5.856731533249566013e+01 6.868680451741298043e+01 8.894812133411531363e+01 1.010273754654717919e+02 9.121038093924397572e+01 7.480607819575591577e+01 8.382016251393523021e+01 6.380817012183356240e+01 7.714949838323464348e+01 9.563128910898802815e+01 1.048595631594451589e+02 9.688161426338616877e+01 1.048595631594451589e+02 1.120797536587069914e+02 9.220883106400714269e+01 7.844597981133878761e+01 8.564356995010120954e+01 6.740887121200211141e+01 8.665641415030907524e+01 8.946000827820071777e+01 8.368744933170161460e+01 1.033961983764372263e+02 1.152612529389352005e+02 1.088358300177750664e+02 8.856600038210704895e+01 8.856600038210704895e+01 9.742702898855232263e+01 7.681294766207882674e+01 9.742702337216363162e+01 1.096504245134809992e+02 1.158532357008488418e+02 1.042604828986574859e+02 9.291280595246500695e+01 7.290663745115664085e+01
5.314595157694126470e+01 7.345990662913804670e+01 7.116362656231531503e+01 7.881746292576414703e+01 8.720398172516718205e+01 9.733136222458115583e+01 9.302526896277174728e+01 7.326072186400442376e+01 6.315419145754000851e+01 7.420373052654946378e+01 5.706128381213249412e+01 6.770211927562446874e+01 8.758409793832578316e+01 9.508828648985750931e+01 7.722221918378397731e+01 9.508828648985750931e+01 1.063537137573456306e+02 9.951227873707608751e+01 7.989896267793329798e+01 6.638929702488569262e+01 6.235933089500834114e+01 8.033494460025231376e+01 7.010282506189155072e+01 8.368744933170161460e+01 1.033961983764372263e+02 9.510348826582260529e+01 1.010075608450147513e+02 9.450289602889820628e+01 7.368554553897125459e+01 8.409422078393480149e+01 6.990592970352476243e+01 8.080118844025716385e+01 1.013711241328217199e+02 1.075238365929461821e+02 8.745690662126024506e+01 7.591280546092315262e+01 6.854573988791577221e+01
7.345990662913804670e+01 8.187509701569111087e+01 8.342960237239321941e+01 7.517266822207601251e+01 7.778299263896325044e+01 8.602600979569955086e+01 1.010273754654717919e+02 9.121038093924397572e+01 7.420373052654946378e+01 5.415951772692618249e+01 5.131538272254559985e+01 6.878520037361249706e+01 7.326912029131308657e+01 7.813955225849498731e+01 6.712326393939008540e+01 7.875916521756354882e+01 9.838002594808219214e+01 9.392496703162593974e+01 8.579412795136774150e+01 7.656701864861022955e+01 5.740906419596787913e+01 6.114960339733335815e+01 8.033494460025231376e+01 9.768040151856712328e+01 1.010075608450147513e+02 8.042263818807445830e+01 8.042263818807445830e+01 9.180170357051579799e+01 8.409422078393480149e+01 6.268677976310606681e+01 6.319702655722088736e+01 7.417924373329475429e+01 8.903914209214400444e+01 1.092966499797796587e+02 1.042604828986574859e+02 8.437652849577752079e+01 6.436090643300003933e+01
7.236695629656679785e+01 7.884299916451902845e+01 7.053902878107074059e+01 5.460005583775064508e+01 5.729396877385465103e+01 7.778299263896325044e+01 8.798822854173023700e+01 7.989448166737135182e+01 7.989448166737135182e+01 6.634174343425048903e+01 4.642809201227482419e+01 4.881893898503282969e+01 5.321642080802551789e+01 5.805824681541902521e+01 6.974603484386767605e+01 8.960531027398299386e+01 9.962449808525109063e+01 8.006540106927353406e+01 6.648796840049138268e+01 7.280678394785816465e+01 5.359854550734840473e+01 7.280983466420464367e+01 8.848787603300856119e+01 9.425564786723266764e+01 1.010075608450147513e+02 8.042263818807445830e+01 6.522043899629795760e+01 7.080792321015749735e+01 7.254776085996999768e+01 5.603664438516130275e+01 6.705304022341728398e+01 8.822622864246282859e+01 1.032844427629155604e+02 1.076921221149956409e+02 9.931502744486182621e+01 9.268759204608146263e+01 7.937262242208242924e+01
6.413589409931051932e+01 7.053902878020669220e+01 4.978948931143229117e+01 4.228500984900993842e+01 5.586688871576089355e+01 7.644184725930200841e+01 7.989448166737135182e+01 5.998058142785995273e+01 5.998058142785995273e+01 6.276514605615069087e+01 4.293697280265100602e+01 6.276514605615069087e+01 7.326912029131308657e+01 7.813955225849498731e+01 8.624496988211255655e+01 9.762755131836676981e+01 8.858089902250918612e+01 7.992070988950328569e+01 7.182055313290608467e+01 5.436500927173969444e+01 5.059606344632824459e+01 6.985056850388423300e+01 7.834373086200046998e+01 7.476760912106597345e+01 9.425564786723266764e+01 9.485684974441991812e+01 7.695685911496546794e+01 5.546106474725100099e+01 5.106461771958979057e+01 7.254776085996999768e+01 8.615825460666087565e+01 8.822622864246282859e+01 1.085915071455195431e+02 9.931502744486182621e+01 7.963572108447939968e+01 8.534916048269435862e+01 7.848393287450838329e+01
6.484904144749687305e+01 5.726041553876488877e+01 5.586688871563850256e+01 3.456619827813918278e+01 4.978948590243866335e+01 7.053890831308223142e+01 7.989448166737135182e+01 5.998058142785995273e+01 4.592506964382231160e+01 5.643786011812997572e+01 4.031080901445591991e+01 6.011549495185816738e+01 7.875084201356213498e+01 9.018371428340006446e+01 9.029453636841981279e+01 9.420081467335070613e+01 7.471179511042171839e+01 6.119639877115985627e+01 5.259306348647825047e+01 4.646596106252118830e+01 6.225127659627069932e+01 6.805758650161313028e+01 5.910065078468615951e+01 7.834373084924240516e+01 9.169766482362638271e+01 9.988582744942074498e+01 8.548498049718362779e+01 6.910770480014842576e+01 4.785069975553356869e+01 6.910770480696771756e+01 8.980119730962374547e+01 9.279199418127008414e+01 1.011440209791562381e+02 9.931282357663050675e+01 7.963545783150863144e+01 6.589993526609860908e+01 5.884484787622813684e+01
4.894538454735196353e+01 3.914054474101070014e+01 4.633104498862776666e+01 2.947035205871769747e+01 4.935318730417679944e+01 6.988377013158365969e+01 6.551238447707167722e+01 6.145611245432981917e+01 5.325943697614525263e+01 3.658860400541126268e+01 4.320189033521985777e+01 5.063488292074013941e+01 6.217339553043037625e+01 8.211667591138058242e+01 7.041986275531731110e+01 8.440447334856909833e+01 8.857858549150542160e+01 7.991828868189820412e+01 7.182284053027164816e+01 6.225127432984061215e+01 4.298346345762524834e+01 4.879986783560647723e+01 6.805758649698553597e+01 8.647651334973788551e+01 7.225532529445447949e+01 8.809312659575462590e+01 8.073104594522607158e+01 6.629214570436010945e+01 4.525971638621557958e+01 6.006706180266656503e+01 7.773536567532856623e+01 7.149870594455428829e+01 9.279199418127008414e+01 9.943345291136967035e+01 8.758740683869010013e+01 7.886495473969121406e+01 7.072208142360555883e+01
3.112526826457899887e+01 3.595485009809765842e+01 2.365329235656812656e+01 3.339010469607102749e+01 4.503236716891807134e+01 5.859079509789838625e+01 4.815569687037721991e+01 5.010034399848974118e+01 3.325536945651019494e+01 5.325943686302505853e+01 6.305560999385966880e+01 7.060268829064281704e+01 7.875084201356213498e+01 7.428681767394142810e+01 5.579571060291466722e+01 7.428684436464473606e+01 8.074242868053264033e+01 8.360897354814763105e+01 7.424717846029466273e+01 5.443920784469289487e+01 4.076239069307742824e+01 6.002590682357954677e+01 7.611456497402915033e+01 6.909978982876002362e+01 6.186535633874142803e+01 7.977171823819547569e+01 5.770817376361322459e+01 6.014202228922330562e+01 4.278501483517946014e+01 4.858317291475630384e+01 5.549264404535810513e+01 7.149870594455428829e+01 9.279199418127008414e+01 9.109613278085871002e+01 7.095064129850725010e+01 5.936016583770177135e+01 6.781291162110836979e+01
