LEM/sinusoidal_perturbations/elevation_000058.asc
nrows	100
cellsize	150.0
xllcorner	0
ncols	100
yllcorner	0
NODATA_value	-9999
[rows 68 to 84 of 100, columns 0 to 36 of 100]
5.009162696260268353e-03 7.564298622880837542e+00 1.650857053288015308e+01 2.805557591667287198e+01 4.805557592617689977e+01 3.670811423418258812e+01 5.344694288524514292e+01 5.671756964822211700e+01 6.500409974237570054e+01 7.422304649760943107e+01 7.866172933433631442e+01 6.268460187863793465e+01 4.193473333393723834e+01 6.268460187863793465e+01 6.578503783533072635e+01 4.525720745140214518e+01 3.349663008850149026e+01 5.409225867841875157e+01 7.113244909641683478e+01 7.374016828832296255e+01 8.210904633360955529e+01 8.779458992862197420e+01 7.963686989631396784e+01 7.200690670680292271e+01 5.910937261322160907e+01 3.904910614880130026e+01 3.387353360100482291e+01 3.243787283665417931e+01 2.867981240429554646e+01 4.479985542103758434e+01 4.147301801672194443e+01 3.569631527021521578e+01 4.074479364094785439e+01 6.014063992864086572e+01 7.716467850561514297e+01 8.370916781680568874e+01 6.454505904264725302e+01
4.695337527364121070e-03 2.000469533752700713e+01 3.584857013430512751e+01 4.479284265943072540e+01 5.633984818539479988e+01 5.670849042639801496e+01 6.499554928690682232e+01 7.368201503979314282e+01 8.196113105079170680e+01 7.253960044535263307e+01 5.815647754937507585e+01 5.533756790836142869e+01 3.462360184842299304e+01 5.533756790836142869e+01 6.435988169528829417e+01 4.377730031148911394e+01 2.941118726536719308e+01 4.984248837397527865e+01 5.909239324926718950e+01 5.302539769833231986e+01 7.374016828832296255e+01 9.305366972940163350e+01 7.271702006439865329e+01 5.811753763811448437e+01 4.789395062779301071e+01 5.910895028987448541e+01 5.330547953121111249e+01 4.054378180323404735e+01 4.749492837242560483e+01 2.822678742344589864e+01 2.860121433509895184e+01 5.030038299235797439e+01 6.014063992864086572e+01 6.841692812345900165e+01 8.084305266685956326e+01 7.546948843305533217e+01 6.454538867866436647e+01
7.614146464036155443e-03 2.000761414646368053e+01 3.463271009899430908e+01 4.291698011932641066e+01 5.446398093984397804e+01 6.778062727024583012e+01 5.948488588423186485e+01 5.360445184422988518e+01 7.368198575591119948e+01 6.226372264781032584e+01 4.347502895220659980e+01 4.909079047513398564e+01 2.833150525956368426e+01 4.909079047513398564e+01 6.055861792182036396e+01 3.994229382653872307e+01 2.564768582584427037e+01 4.598067535090710578e+01 3.845013822383890556e+01 5.846327347736911406e+01 6.693939108236283175e+01 7.725365323878149582e+01 8.695773432974570483e+01 7.676118500404238887e+01 5.971639262249684066e+01 7.431284291151861510e+01 5.661934524930826029e+01 5.690228632764295469e+01 3.903036634224781665e+01 2.790766745368223667e+01 4.746517964516532828e+01 5.753241992246240955e+01 7.288782235512789498e+01 7.495756539124347739e+01 6.089287974953502669e+01 6.747552742031898276e+01 4.960055039024216228e+01
2.352828262072654761e-03 7.073420640127578096e+00 1.463271010031218999e+01 2.617971548410491067e+01 4.617971547680233613e+01 5.948494592005344828e+01 3.934269623422891016e+01 5.236347719437190307e+01 7.244839755086505306e+01 5.381867784972966007e+01 3.308346872697958219e+01 4.273557378042261234e+01 2.275998317357591105e+01 4.354176096352332337e+01 4.725128038783637408e+01 4.238574217903207142e+01 2.215030883735510514e+01 4.238574229237440250e+01 3.021623270547419082e+01 3.783136441582180254e+01 4.808010235767471841e+01 6.281175021915825596e+01 8.341534086663583025e+01 8.852291888738919567e+01 8.025152169223376575e+01 8.203480689270770654e+01 7.503783351202324070e+01 6.300732022716963598e+01 4.657867498711875953e+01 2.758716150583556725e+01 4.285365909706436582e+01 4.694811389204644314e+01 6.335431375378384899e+01 6.673615011017126619e+01 4.635497886237786247e+01 5.437288553415282166e+01 4.980923442699200621e+01
6.786455232800275850e-03 2.000678645523244370e+01 3.463271009884136475e+01 4.236578864726595839e+01 5.066515671800418374e+01 5.236357554853740481e+01 3.220652484955587624e+01 5.236012109799952441e+01 5.780215262381890540e+01 4.940606374757797425e+01 4.273557378042261234e+01 2.206808194047601290e+01 1.776048440095206615e+01 3.834560286561954712e+01 2.693351318975957298e+01 3.534876609136859571e+01 1.883280126765480134e+01 2.268652593584064192e+01 2.897493206416270439e+01 3.607789844728519313e+01 4.519853113548712997e+01 5.719765013156044375e+01 7.793045490647864426e+01 9.427366780571669835e+01 7.419933358571994120e+01 7.419946557729173264e+01 6.410443112720953707e+01 5.485115748748044240e+01 4.545178833320740353e+01 2.726339658733594717e+01 3.512597362214732755e+01 4.840687011498198444e+01 5.773960985282535319e+01 7.063652847682458003e+01 5.436122872759264624e+01 3.444416009222308617e+01 2.972653882301140627e+01
3.257643153035955173e-03 2.000325764277730300e+01 2.704593475984090389e+01 2.229971251127339471e+01 3.489509138992456627e+01 3.941575955467452275e+01 2.662375055691033054e+01 4.677312382321483142e+01 4.742137574478569206e+01 2.773813197881964854e+01 3.177437877886436368e+01 2.823351954817437459e+01 1.337784345297217570e+01 2.948678283336196770e+01 1.293000679241297668e+01 1.533137576054835804e+01 3.534876609132330572e+01 4.293615807459654121e+01 4.939290851088689749e+01 5.667520034203567292e+01 6.516243733689779560e+01 7.439748380621375645e+01 8.626996847651051326e+01 8.842158064342302737e+01 6.830847263126942437e+01 5.384678493202746807e+01 5.573430034767569197e+01 3.633825293527317513e+01 4.830484743564360173e+01 2.693708595883086332e+01 2.870278879367996794e+01 3.793443216829131615e+01 5.654565860326624716e+01 6.548085404230941720e+01 4.974111102100021498e+01 2.966329999041528964e+01 2.555797349593371237e+01
1.880098487986705483e-03 3.483435981869085651e+00 7.019003201516691881e+00 1.073313702837793038e+01 1.481679358268224611e+01 1.929335397095349691e+01 3.941575669852197450e+01 4.301754612617904883e+01 3.289464454102365920e+01 1.879397530658716065e+01 1.082724489517318744e+01 8.606639368125323486e+00 2.673681961681860386e+01 9.570952030492927420e+00 1.245440789551758698e+01 3.239538297139607437e+01 4.366924857049487230e+01 5.890597828346544418e+01 6.037194319074122006e+01 6.891799761943134683e+01 7.260594369785425783e+01 7.260282257215560264e+01 8.100626436768200733e+01 8.578385724575755944e+01 6.567140958493921232e+01 5.116987200594994789e+01 4.227251706604003090e+01 5.047020978868179952e+01 3.122769864360004988e+01 3.564393335983709221e+01 2.647294833234179023e+01 4.235727788748351230e+01 5.818902315623141419e+01 5.878568552943907122e+01 4.308504304535185980e+01 4.374408225422109808e+01 2.512755998905627663e+01
2.900726248362994839e-03 2.000290068669679400e+01 2.704593472701315093e+01 3.078063417529452650e+01 2.900856999347683995e+01 3.941575954471662868e+01 4.726704060492542681e+01 3.288919121754270236e+01 1.556616714511276989e+01 4.931949213700165480e+00 4.826688228875146258e+00 5.101527768114955563e+00 6.940768363808151875e+00 2.689379719961846860e+01 3.239538293276999781e+01 1.661397347944297209e+01 3.068336350980468552e+01 4.453845280130257578e+01 3.969160570771675367e+01 5.259824305388860211e+01 5.184714939173551329e+01 5.184712450365297798e+01 7.260282257215560264e+01 8.520260616277029442e+01 7.155348081584696729e+01 7.079410591095513894e+01 5.116988202665336871e+01 6.031055213409494797e+01 4.690998184032464025e+01 2.600480478809598139e+01 3.825325682710934672e+01 3.895261783203271477e+01 5.553921216539524153e+01 6.125240287668137995e+01 4.842993230146033312e+01 3.814282336254424166e+01 2.470667039858428282e+01
5.081304048347549951e-03 8.949353214047583549e+00 2.049635859807922955e+01 4.049637126035677426e+01 4.910612066264027931e+01 4.745502506656524133e+01 3.848851109113195434e+01 2.823494000531922765e+01 2.240173827645379134e+01 4.540103434530589510e+00 2.328209255944243594e+01 5.111020641166062362e+00 2.510515031100602812e+01 3.528857277525830227e+01 4.513028191347378026e+01 3.663310594220180150e+01 2.104895328608003524e+01 2.433522619489406935e+01 2.802324502537536688e+01 3.210145767714804776e+01 3.729277944917411247e+01 4.561852859294820917e+01 5.601740584807036782e+01 7.683370629664619855e+01 9.154883652596450361e+01 7.988319065690288312e+01 6.304593953450601163e+01 6.404457879731484127e+01 4.256721025893427424e+01 2.648470477233000508e+01 2.553119624873700033e+01 4.467505299250068163e+01 4.411906178919569044e+01 4.639449309964710011e+01 3.595080504199952998e+01 2.470139047681379196e+01 2.434265232497069320e+01
4.469920835086939326e-03 2.000446992082900977e+01 3.723373793236935825e+01 4.878118571793095981e+01 4.760184809349476609e+01 3.886878396685980874e+01 1.812348238547649615e+01 2.295109802970312529e+01 4.248298423496817300e+00 1.005813068328737714e+01 2.450155700063324460e+01 5.319734991045824479e+00 2.284865456316760302e+01 4.001400523834974621e+01 5.276845567385188218e+01 4.975270860114938642e+01 4.132146775031203134e+01 3.328543733005981409e+01 4.841373378682635575e+01 4.653132899987017623e+01 4.498446598857893264e+01 5.792641263640818750e+01 7.489175434293738931e+01 8.526383825711515385e+01 9.930968282248637991e+01 9.149917566526575285e+01 8.322301933479729996e+01 6.561486089652305509e+01 4.516546032718623138e+01 4.608589376137526017e+01 3.301803910109467921e+01 2.505257150412874978e+01 2.471742904470669799e+01 2.439284514341488475e+01 2.408933751263993273e+01 2.389673930680056202e+01 4.058918962389827811e+01
2.324776005098761877e-03 1.414446039976886560e+01 3.414446055768875965e+01 4.244722768003559565e+01 2.838648939506070334e+01 3.007292589132073957e+01 2.249386493952354726e+01 3.945056450397047332e+00 2.172941130792636955e+01 2.950121834662501996e+01 2.070108144917688620e+01 5.539515543351302362e+00 9.931088454512055463e+00 2.312143119202626451e+01 4.446278463679205117e+01 5.011150634611117738e+01 5.836274776589717561e+01 5.380103487810388430e+01 5.001091255237598432e+01 6.717701658270344467e+01 5.695484512884509343e+01 7.427817176621756801e+01 8.695583793313539900e+01 9.306675152214610591e+01 7.823044056627655607e+01 8.713983940725577781e+01 8.167361413693292604e+01 7.366799054058611773e+01 6.310233515498855184e+01 4.458350548340678898e+01 4.660280507215396995e+01 2.894573014787467002e+01 4.183497945852924005e+01 4.136251177172435689e+01 3.433253123679578778e+01 2.370496420893253742e+01 2.348189500899407633e+01
8.699724428260374037e-03 1.415083536251542995e+01 3.415085033551070381e+01 3.142396481641320705e+01 1.455272416896875676e+01 1.449218942160835866e+01 3.628868949192499915e+00 1.460188833131199715e+01 3.023936140191822375e+01 3.758938714175983620e+01 1.961229331564069511e+01 5.761496045416489409e+00 1.098579791390140947e+01 2.996804465985543331e+01 3.919202369638668415e+01 2.968306764556554711e+01 4.162056450141972164e+01 6.171034842805222098e+01 7.066514447339096705e+01 7.905065195388851862e+01 7.780629226574681923e+01 8.648678779406968431e+01 9.930992319161700266e+01 7.823044177087906803e+01 6.409266171726440575e+01 6.668699324004928997e+01 6.188185577908959090e+01 7.608647932183735918e+01 7.214783987075384175e+01 6.364503346759263991e+01 5.761115557111296681e+01 4.716308233053030818e+01 4.776516308453562942e+01 4.721718958046957226e+01 4.544806675366047699e+01 2.420447880051360556e+01 4.194737172029292083e+01
2.249585233037712084e-03 1.414438957957550969e+01 3.414504635977655056e+01 2.317783018478804280e+01 3.566032426754411233e+00 3.305631117478740943e+00 1.551383382067922945e+01 2.190578397022230916e+01 3.941633589437794427e+01 3.559233327770480315e+01 1.707273541679236217e+01 5.985581050975728346e+00 9.728399893996439118e+00 1.350537773176985823e+01 1.838117548732638440e+01 3.919204656576020795e+01 5.836274776589717561e+01 6.991313616673942022e+01 7.857148264647533153e+01 8.074509505269655563e+01 8.899033053140988159e+01 8.642759593479895841e+01 9.463413622775325962e+01 8.440458732834846955e+01 6.409266173643301556e+01 5.397379420856172061e+01 4.984986786466610198e+01 6.173578254176942437e+01 6.990261126945219416e+01 6.681352079855442128e+01 4.831054224688118381e+01 4.831071396270349538e+01 5.363598335483433743e+01 5.937379558042086813e+01 5.630184068499471550e+01 4.975680055344228236e+01 5.315493809156935612e+01
2.739267172789772273e-04 1.414247419925979976e+01 3.414679654307803958e+01 2.972425349766428937e+01 8.134980903593648449e+00 3.079280565023931882e+00 1.912371511694009385e+01 3.666941629114471368e+01 4.865479337182226516e+01 4.085248740520243160e+01 2.465110868948424994e+01 6.214624895187136566e+00 2.096200422031026633e+01 3.256678615283463074e+01 3.919192697860964358e+01 3.170427444908458980e+01 4.621789796338812550e+01 6.622359479615590772e+01 5.881271621953622741e+01 6.097138073261156421e+01 7.246643455145472501e+01 6.666914459139866267e+01 8.644610688861178005e+01 9.306802261583698055e+01 8.123892560648258154e+01 7.267749318785965329e+01 6.173578254176942437e+01 4.455294857798485708e+01 5.756833645266794264e+01 5.477374838926360923e+01 4.831094195694081606e+01 2.928145971692558902e+01 4.327276999116772060e+01 4.851837362852374724e+01 5.272780901821590760e+01 5.514095525500194839e+01 5.777016857978471620e+01
8.327778614586212741e-03 2.000613884023425371e+01 3.867332083832565104e+01 3.278138206396177168e+01 1.723796933430279665e+01 2.857082176511470006e+00 2.129156135734923438e+01 3.493971206563890775e+01 4.663971063864962474e+01 4.038074954069945477e+01 2.510774702608681608e+01 6.446995068554553399e+00 1.500192517247109691e+01 2.403605981901738886e+01 4.344429976752826406e+01 5.207704812762314361e+01 6.032599325848059379e+01 6.459982103468118453e+01 4.483591848913196998e+01 6.192955160555924721e+01 5.274960754632800786e+01 7.246643455145472501e+01 8.749676054333583863e+01 9.053274918913622571e+01 6.985223407409935703e+01 5.668924351604589873e+01 5.104104604486399666e+01 5.756833645266794264e+01 4.019466296508537084e+01 3.687958802490586407e+01 3.372183218310670583e+01 4.486511597239474014e+01 2.514881904892971320e+01 4.016298831527397795e+01 3.874693514580507525e+01 4.871647144054304590e+01 4.386667915573706722e+01
6.510866554257996840e-03 1.003288747342731035e+01 3.035190611382241599e+01 3.176787548695993024e+01 1.380458595231556274e+01 2.636680192688761526e+00 7.671671833078299585e+00 1.713963252784798996e+01 3.895369590502235013e+01 3.649574418636097306e+01 1.791222719469313418e+01 6.681020555424087348e+00 2.435594539119122359e+01 3.869878140989368376e+01 4.344394939966189639e+01 6.350348258406248902e+01 5.970710443018999314e+01 5.148969458381651521e+01 3.718835860073929211e+01 4.213688338569667735e+01 4.966954266196659518e+01 5.950683508931322052e+01 7.925232941505532835e+01 9.053274918913645308e+01 6.985223407409935703e+01 7.590941671286276460e+01 6.076742504183015825e+01 6.260955995096534821e+01 4.576439523644763341e+01 5.477374838959524794e+01 4.955802150729724787e+01 3.901233819247883616e+01 2.251875458811922570e+01 3.941036266149376388e+01 2.885367024999572294e+01 3.744795152144489236e+01 3.177932751980431547e+01
8.953482861371391335e-03 1.995591124428484875e+01 3.785014219854731010e+01 3.569072636378559338e+01 2.044680233424910298e+01 2.415444297268910301e+00 7.681776681459020040e+00 2.927758946033310394e+01 4.532895571992121120e+01 3.819662151607055023e+01 7.737926302066368223e+00 6.915559312031231975e+00 1.466721438321174276e+01 2.808162170440113314e+01 4.889293969647398796e+01 5.451772681645667262e+01 4.627513841571652620e+01 3.129274715135060703e+01 5.148969458381651521e+01 6.192955160555893457e+01 6.937946803046430944e+01 7.760082749660806201e+01 8.749676054332560682e+01 9.917407374942244758e+01 9.053274918913646729e+01 8.914039127035223942e+01 8.051577375958392224e+01 7.302896649888812419e+01 6.393925315303653178e+01 7.013270176112801835e+01 5.979417115770713309e+01 3.947809365734723741e+01 2.011213116255305877e+01 2.033518282885290063e+01 2.055346710538854893e+01 2.076763427622554659e+01 2.097857359835913016e+01
