LEM/sinusoidal_perturbations/elevation_000260.asc
nrows	100
cellsize	150.0
xllcorner	0
ncols	100
yllcorner	0
NODATA_value	-9999
[rows 0 to 16 of 100, columns 0 to 36 of 100]
8.271705653423140972e-03 1.415040732938449786e+01 3.415040732938520307e+01 4.454076378965645944e+01 5.282555864996107431e+01 6.437293225518254758e+01 5.829364851722282737e+01 5.003726886698780163e+01 5.095981961014591377e+01 4.192764284787637052e+01 3.401034608659898595e+01 1.053793895612089493e+01 9.804163025582406377e+00 1.008897593300063100e+01 1.037112710713819652e+01 1.065447230933319744e+01 1.094239370835258107e+01 1.466670909344584750e+01 2.568180867013764868e+01 4.056138180903521828e+01 5.570321676933337329e+01 6.592774302318072444e+01 7.373631400775752809e+01 7.248706994497399592e+01 6.342309815478289181e+01 6.006705096444355263e+01 6.470704426281672283e+01 6.976650347450630818e+01 7.566469215340427468e+01 8.259382236160986679e+01 9.074766779581803178e+01 1.021082790302773304e+02 1.055733370456346307e+02 9.772638784598017025e+01 1.055733370456346307e+02 1.150454426361639122e+02 1.131405185470721335e+02
7.813061968023241044e-03 2.000781306196766707e+01 3.299375179590742135e+01 2.454075412230001163e+01 3.608775905178233501e+01 5.608778299990250815e+01 4.967589952746305215e+01 3.007253341452031492e+01 3.553641768187405603e+01 2.218167347975055037e+01 2.199750061391964095e+01 9.394179697754806213e+00 2.280523840999227758e+01 1.799532456538990743e+01 2.914435357905750124e+01 3.008424410100957758e+01 3.068549679105463923e+01 1.135760161312310856e+01 2.162230277921382537e+01 3.193751737124907564e+01 4.716744279053676792e+01 4.600712815454780724e+01 5.940415279128794879e+01 6.112970735997760130e+01 4.464631621529250793e+01 4.026318647831742936e+01 4.502121990718253386e+01 5.017130220682268771e+01 5.610261336278617961e+01 6.299528252985983556e+01 7.428057846757704397e+01 9.394992470878752044e+01 9.598491898824052271e+01 7.845319549641837398e+01 8.808979167119930764e+01 1.048188454484672576e+02 9.348848445279438124e+01
2.526786264046545528e-03 6.327082106600777855e+00 1.299374877326700606e+01 3.299375282441233281e+01 4.770852869864445722e+01 5.770742990929720406e+01 4.502098769995393468e+01 2.624587914576076741e+01 1.537557603507927517e+01 1.022723239300048270e+01 8.973145614550155358e+00 2.880008783559890517e+01 3.267125491245072055e+01 3.611923692230522676e+01 3.023160634611989650e+01 3.776294581037338816e+01 3.205698433004050685e+01 1.165340335917136194e+01 3.023970248181124632e+01 3.508835918959706390e+01 2.901330307326801261e+01 4.237564012706462790e+01 3.911743622169859691e+01 4.850288986063225138e+01 3.383427522560181444e+01 5.385545640052124128e+01 6.470704426281672283e+01 6.402474436239124600e+01 7.566469215340423204e+01 8.259382236160401192e+01 9.074766778363296282e+01 1.004289082654889427e+02 8.115610654885861663e+01 6.847836859675655319e+01 7.760735036631817252e+01 9.694626078278405146e+01 9.348848445279438124e+01
4.163169627051843593e-04 6.030643208517952658e+00 1.235519852885463443e+01 1.942626634071051939e+01 2.942626631562048090e+01 4.942599430426977847e+01 4.969362876749871560e+01 3.006656616667505943e+01 3.512428695872259965e+01 2.363541050357313011e+01 8.670492488672849163e+00 2.203278030097714790e+01 4.008151230453651692e+01 4.750951747231241029e+01 4.206195906198030343e+01 3.530265922589140359e+01 1.441311486949726905e+01 1.195040461997817971e+01 1.321840523933726885e+01 1.534567759269334708e+01 3.560233787191928201e+01 2.229698292112836810e+01 2.478794060328534954e+01 2.839821710777768615e+01 4.850288986030895444e+01 5.385545640051432770e+01 7.360094975426248709e+01 8.362833619485913061e+01 8.194833395235147577e+01 8.194833395235050943e+01 1.017240360322400505e+02 9.543367695427703268e+01 8.115610654887204589e+01 6.131283917605728817e+01 8.115610654887204589e+01 8.746040492555452772e+01 9.512632994651708884e+01
5.883922493566802643e-03 2.000588392249321146e+01 3.235511059245017407e+01 3.942613031025724979e+01 4.770852870040651794e+01 5.770742990931113070e+01 5.828025116876733591e+01 5.003759292155208982e+01 4.158431347015096691e+01 2.554822802213882227e+01 8.369721638357557225e+00 2.802136892897089737e+01 4.058140775866417727e+01 5.611795092855972200e+01 6.070475612810786004e+01 4.405218214557654477e+01 2.781635558355520033e+01 3.078292986170608714e+01 1.237806113103806283e+01 3.243624106172488553e+01 1.881667365547117754e+01 3.887712483423116083e+01 4.489098077479746962e+01 3.008653872281800190e+01 5.017145929803996296e+01 6.028474536037374065e+01 6.509114652372879561e+01 7.056206808149279652e+01 6.222674295553595414e+01 7.615909413635725400e+01 9.592479523195407864e+01 8.752579733452610355e+01 6.789947227489557235e+01 5.620874908535568437e+01 7.375526938693121792e+01 6.807864775234911292e+01 8.746018180096565686e+01
1.256007409845548732e-03 1.867976443779843265e+01 1.833336506788933917e+01 2.778528069693330593e+01 4.082977688512776382e+01 5.965655097874186907e+01 5.550016029957231467e+01 5.035907690940523906e+01 3.033678707415061027e+01 1.761277621010782468e+01 8.072908462845958866e+00 1.414672454268585611e+01 2.587090315632867288e+01 5.069317750146016976e+01 6.490784000449156110e+01 5.702990331517548839e+01 3.918757771233550358e+01 1.345320404466017017e+01 1.268306172661032072e+01 3.211770413314246042e+01 3.864265720033424856e+01 4.701811456676361445e+01 5.836060742455256900e+01 5.017124918883131102e+01 3.584168259430498438e+01 4.039009114225816433e+01 4.529164007114803070e+01 5.083771399913317879e+01 6.478337703293230732e+01 8.451306238369134860e+01 8.564476013067640281e+01 8.752602322420560199e+01 7.180021677237303379e+01 5.163426869818837872e+01 5.381234046117677394e+01 6.564333969630513366e+01 8.524107485606015189e+01
9.594114293757748102e-03 7.067762643446408255e+00 2.743037535600028320e+01 4.491774144179878192e+01 5.428593124100132172e+01 4.943402417703859442e+01 3.491661833344053179e+01 4.166241117336838329e+01 3.420264831877172185e+01 2.624997769498206424e+01 7.775624810522834274e+00 1.337847987792969207e+01 2.140257906751503114e+01 3.473030512214064203e+01 5.649453822605727282e+01 5.391259693099414108e+01 3.727055800505726069e+01 1.997842360527798178e+01 2.515976512573305968e+01 1.311826045017643594e+01 1.347687338400558232e+01 4.238323280091532297e+01 5.798279169623767615e+01 6.376857551507549715e+01 4.746320539363485125e+01 6.028432291925431485e+01 5.935021724821794464e+01 6.478402300304276196e+01 7.875085950848466609e+01 7.982372549808324891e+01 6.607724767353261086e+01 7.391382981172907307e+01 6.003833168867775072e+01 6.062795114537347274e+01 4.546948757801467167e+01 6.568230317353544478e+01 7.266040836844568673e+01
7.711341127313004785e-03 2.000770802548735006e+01 3.296714675008916373e+01 4.118147886062541829e+01 5.078546271948960111e+01 4.083034701958600010e+01 2.156499983558770950e+01 2.422064392912690423e+01 1.284229531718125550e+01 8.369577532401839548e+00 7.471672381949760577e+00 1.956061749355060897e+01 3.889356266728825062e+01 5.259361951383891665e+01 5.663362504980629097e+01 3.802129389979695162e+01 2.845765249904825112e+01 3.704177153544793555e+01 3.029867307474392746e+01 2.547587349900456744e+01 1.353389664848918272e+01 3.387308277593154315e+01 3.692243797202204547e+01 5.177955288581475912e+01 6.716111458360582276e+01 7.453103761632476676e+01 7.946466764439263386e+01 8.453650170522773521e+01 8.314523834868883512e+01 6.350932654618233641e+01 5.184103918912641262e+01 6.122487434981826482e+01 4.569738072789812833e+01 4.037492278804841561e+01 6.062795114514106132e+01 6.591563492250054423e+01 5.089962568422505740e+01
2.297228869525369630e-04 6.326320824802488474e+00 1.300389964144369159e+01 2.305270148512837736e+01 4.266127619709028806e+01 4.001874651378229686e+01 2.054983810767529206e+01 1.198417056159721383e+01 1.212607051836568850e+01 7.030759354977855757e+00 2.942627879374884259e+01 3.822831238763257033e+01 3.912091471962720135e+01 5.887008458060088856e+01 6.489922175739442878e+01 5.388431851156113339e+01 4.038871357836971754e+01 4.540198513151280935e+01 3.734870374182945341e+01 3.382917074417997583e+01 1.384596167109401144e+01 1.459410861059583020e+01 1.926035310017156021e+01 4.328033414779145716e+01 5.679767732976919348e+01 6.385386686948326940e+01 7.209821677678965557e+01 8.119435930250143940e+01 9.107899584175396512e+01 7.461424656471983496e+01 5.292824923695053485e+01 4.095007250044085367e+01 3.552270384748683796e+01 5.188227069963902949e+01 5.972462684791715049e+01 5.517846813925692828e+01 3.475539131508285351e+01
9.647730019007896146e-03 2.000964773001865282e+01 3.306161253826131485e+01 4.118147886062541829e+01 5.078546271941893764e+01 4.892144408286911528e+01 3.685404245253674560e+01 2.643350421873019229e+01 6.578291311016858600e+00 2.598802450840297951e+01 3.417341274654033612e+01 4.433368622353653166e+01 3.614844068014250666e+01 4.458214532059896840e+01 5.470407625978438659e+01 6.766587003178666748e+01 5.258106429663471459e+01 3.700839526624588416e+01 1.486959186681668932e+01 1.430806842983922245e+01 3.381185143426873907e+01 2.253663008807556523e+01 3.969955292664597835e+01 2.769103332471782863e+01 3.542806506994166682e+01 4.314689827909258213e+01 5.272282532279918144e+01 6.713213757191111597e+01 8.719891026701371572e+01 8.303756231368561203e+01 6.940748036522940367e+01 6.122460852000549636e+01 5.188073825398851824e+01 3.159607001815143335e+01 4.800751767374066503e+01 4.598465980950392407e+01 2.595996922144115970e+01
3.582433992925927561e-03 8.169323286440908660e+00 1.712292575084880042e+01 2.876183465586952082e+01 4.947792918068699208e+01 4.814404994199414034e+01 2.778496338559533285e+01 1.592470731607398982e+01 6.988746742659501798e+00 6.118325284300889066e+00 2.544593534717949268e+01 2.674363521594248994e+01 1.622769442886750468e+01 2.607580020108785135e+01 4.621822683495515349e+01 5.785976773713999677e+01 4.399616873278876028e+01 2.745089063627798964e+01 1.475690624939947071e+01 3.415022993382093119e+01 4.229592412513665778e+01 3.223300178301942509e+01 4.800444031647407428e+01 4.423707457186072389e+01 4.048909081827277845e+01 5.460813707416416207e+01 7.186390558356325187e+01 8.117434626763674999e+01 8.358231735051079170e+01 7.569321699096080636e+01 6.763009096046087620e+01 7.163626228344844549e+01 5.183796113111515780e+01 4.797235892088844622e+01 2.782470983769517048e+01 4.429091740291778478e+01 2.487442161802027485e+01
1.813270376062421294e-03 1.414394889410713851e+01 3.414394889410784373e+01 4.582335776013299267e+01 5.727443186081285376e+01 5.653737748744015335e+01 4.477351671826686896e+01 2.562723624176177140e+01 2.551290301306337582e+01 2.554268763524402175e+01 5.653536336558290465e+00 8.133079117281184267e+00 2.675125971562819416e+01 4.458215453635209258e+01 5.470410962495905238e+01 4.930970364268855377e+01 2.898049595340375717e+01 2.051979373995741085e+01 2.067356905715661242e+01 1.520525042528733373e+01 4.363454775242065864e+01 5.098628964921643814e+01 5.914252381567543893e+01 6.474335326820319381e+01 5.263036885252241603e+01 6.899350333306372818e+01 8.095436863083628509e+01 8.930630877072348994e+01 7.004884667337498172e+01 5.595187851616421426e+01 4.818578329845863806e+01 5.882666934492173993e+01 6.281464285153964511e+01 4.820187226497700550e+01 2.598149276764861781e+01 2.438289941398302929e+01 4.471745875640415591e+01
2.372884694381488524e-03 2.000237228538428980e+01 3.982846561589450118e+01 5.157493410995409278e+01 5.096331104932595935e+01 5.872534140792141955e+01 5.759781724090606758e+01 4.765230242732792476e+01 3.978271101850324243e+01 1.953644451639836888e+01 5.326864879332973146e+00 2.522812860231710630e+01 3.465683236702874837e+01 4.553786501030618439e+01 5.624742521399278417e+01 5.664280770406715249e+01 4.502833827109632381e+01 2.652967124313300573e+01 2.724273716196475448e+01 1.552525284217996315e+01 3.887590692273131054e+01 4.150902828109415310e+01 5.593613927648412698e+01 7.583631847961109429e+01 7.225687469287055364e+01 8.029470420811838949e+01 9.248747162393526366e+01 8.425846776272550187e+01 8.358231735051079170e+01 7.569321699096080636e+01 5.883852885344128225e+01 3.841245471829141422e+01 5.015906260574300291e+01 4.399071050087734847e+01 4.158115220427401226e+01 2.403909180694501657e+01 4.548293247495644209e+01
8.175220331382775790e-03 1.155518044839112690e+01 3.155443523755128865e+01 3.218049223705417461e+01 3.215116365050241143e+01 5.115315586954056926e+01 5.953149153757870238e+01 4.081631941818068299e+01 3.720218100223313229e+01 2.520844783390793609e+01 5.003614294284077779e+00 1.298371165748565836e+01 1.490583624431083720e+01 2.595620466450116837e+01 4.767400543704906823e+01 5.691174989102041337e+01 4.036134251868041645e+01 3.649398700354456793e+01 2.499817047495157496e+01 1.584661694573347113e+01 2.485798446125835071e+01 4.535198606547237432e+01 6.179145604683114357e+01 6.251636380833362239e+01 8.406772697104075576e+01 8.346450978464420700e+01 8.095418959151557203e+01 6.423682253462010294e+01 8.095418959151552940e+01 6.756114013317899492e+01 5.922950328245712370e+01 5.072379570626352319e+01 3.030386510678727419e+01 4.330014901115433190e+01 2.355868754578749247e+01 2.597652791381150195e+01 4.513359062261254451e+01
9.124702163186202558e-03 2.000848179714041208e+01 3.785089876206224346e+01 1.813863967155497647e+01 3.387966281523912926e+01 4.250426276611548104e+01 5.270631309790967123e+01 4.080091905502171556e+01 2.193220474073048720e+01 1.404891028590019530e+01 1.527733151561158920e+01 4.552291672580512483e+00 3.003784497215566418e+01 4.553786546023728476e+01 5.624745197544147857e+01 6.381653790389738390e+01 5.205192169657783552e+01 3.825945525870886854e+01 3.492428741941068893e+01 1.616902744987903873e+01 3.684889071921094228e+01 3.254651746822570857e+01 4.152286763799563118e+01 6.251688823280342433e+01 7.754757470439497524e+01 6.339384538270779501e+01 7.269896549208098691e+01 5.245373369719593626e+01 7.269896549208098691e+01 5.923057868491271449e+01 3.909353511022212047e+01 4.498881609456559261e+01 4.289879450633420532e+01 2.309211414576871135e+01 4.171958889003538928e+01 4.705059840866577758e+01 4.814494346897011923e+01
2.239863785106879172e-03 1.980446866644879833e+01 3.087010233356751243e+01 1.105049309471747954e+01 1.367338416146978375e+01 2.305517497787894854e+01 4.034487471306909612e+01 4.384641023771422397e+01 3.669720068153758064e+01 2.494793863374959386e+01 1.013248635296814015e+01 4.238520038107750132e+00 2.831489224052345577e+01 4.655463423933264266e+01 5.752009708536608912e+01 6.699266122680496949e+01 5.679717412516161801e+01 4.990804931800199995e+01 3.415176292904876476e+01 1.649307597570637540e+01 2.267284190388493670e+01 4.418360688107757284e+01 6.195668418667037258e+01 7.139250407123982711e+01 6.927240688280978986e+01 4.886907135797524404e+01 5.636816228215420210e+01 4.502967009144389721e+01 6.554119514377504174e+01 5.922238832513569662e+01 3.909338826715232784e+01 2.256074313033920475e+01 2.264698487206927879e+01 4.282387123731322021e+01 2.762781960790062286e+01 4.789386030689492202e+01 5.934152576994576123e+01
1.766589122093755728e-03 1.983056625933361161e+01 2.072645192783532053e+01 2.082586416594498502e+01 2.291511127767838385e+00 1.293801900889897105e+01 3.254953423233342846e+01 4.383275691640923100e+01 3.460733614812884440e+01 2.316345672584436244e+01 3.799337548399474684e+00 1.475034346166348165e+01 1.548675477252973387e+01 2.650517464678640422e+01 4.851939687857908723e+01 5.956551730376136078e+01 3.963879117859750068e+01 4.411196912700816597e+01 3.665816711823022445e+01 1.681935441238779205e+01 3.655497386880824706e+01 5.136643614299983795e+01 6.427038531445411706e+01 7.011580319203504530e+01 5.780167003734175779e+01 4.936633969996623250e+01 3.536271101978571352e+01 5.636816228215388946e+01 6.685130700882992016e+01 5.844254745348881386e+01 4.984734550891878513e+01 4.209176702999506148e+01 2.234337595228853957e+01 4.256347884823090055e+01 4.789384111013064427e+01 3.235190988824513170e+01 3.912260789158819563e+01
