LEM/sinusoidal_perturbations/elevation_000713.asc
nrows	100
cellsize	150.0
xllcorner	0
ncols	100
yllcorner	0
NODATA_value	-9999
[rows 68 to 84 of 100, columns 0 to 36 of 100]
5.009162696260268353e-03 3.116869442309144200e-01 6.184008515668451000e-01 2.945712787064044935e+00 1.416747412391278615e+01 1.370792805892253341e+01 1.900238885817890377e+01 2.393886780209973253e+00 2.696552465560883238e+00 3.002439402252595091e+00 3.313239981940053092e+00 4.175437188304734093e+00 1.564462153840838887e+01 2.885581112306174845e+01 4.226424985614232099e+01 5.032607300144633200e+01 6.421327734129461362e+01 5.613773697669059715e+01 4.586944967154363439e+01 5.066431297263697076e+01 5.277468627821391323e+01 7.124606588118201955e+01 8.104898951588398859e+01 8.589206349167199050e+01 6.591639003833500965e+01 5.190732318383695088e+01 5.400340456022099289e+01 6.662600369607820028e+01 7.491803888650565568e+01 7.254925812066650792e+01 6.458543652683093228e+01 5.281101961012234369e+01 4.456362988650636225e+01 4.012846202522111128e+01 1.975142566953323353e+01 3.424531467945641339e+01 5.424654295144507898e+01
4.695337527364121070e-03 1.400802113310045272e+01 1.787150004343028087e+01 4.337019808468577153e+00 2.272764710139806610e+01 2.766196888179001689e+01 2.829682820690360856e+01 7.931717955302123535e+00 2.403605287974292892e+01 2.201614138792985642e+01 2.009860411613895792e+01 3.764572397139794191e+00 1.690225939167416058e+01 2.664057462620723271e+01 2.302066914086739757e+01 4.234146201442629120e+01 5.321381828880030440e+01 3.727021521604566345e+01 3.276862902871853578e+01 3.753303902182679508e+01 4.397991784361434497e+01 5.332213440567742424e+01 7.287140892670269920e+01 8.589206349167199050e+01 6.591639003833500965e+01 6.240553854129562694e+01 4.254905283944670202e+01 4.675911695357937248e+01 6.341507840509883209e+01 6.458552241568061447e+01 4.680276287440251792e+01 5.201070038952552466e+01 4.710421528457552398e+01 3.962354180711889740e+01 1.938817877732388695e+01 3.124351907401278439e+01 4.556885727091815141e+01
7.614146464036155443e-03 1.118044382965340411e+01 1.337989202639887942e+01 2.638873344065117266e+01 3.448042338678089891e+01 3.744354401549612987e+01 1.789937451223764597e+01 2.926958651583393944e+01 2.930332303444580333e+01 3.393919671592016840e+01 4.745674925706915737e+00 4.083131009880128559e+00 2.197428867332778069e+01 8.869180292212774930e+00 2.864061182056765986e+01 3.658485981916609120e+01 4.002423818655802989e+01 2.642240064127537025e+01 4.524456820924113742e+01 5.633794317974246013e+01 6.309677166619006528e+01 7.124606588118201955e+01 8.104898951588398859e+01 9.421136342037129907e+01 8.589206349167199050e+01 7.068030750089832281e+01 5.515477214064701172e+01 3.512587325550050110e+01 4.897349897486655834e+01 5.724036149349729641e+01 5.198603848721721477e+01 3.476691758556150091e+01 2.777270804282584749e+01 3.386928197688649078e+01 1.902495839945265743e+01 3.983767543250792897e+01 5.420463911599897955e+01
2.352828262072654761e-03 2.000235282826171712e+01 3.082510479784643564e+01 2.559618430168855596e+01 4.373327597073968320e+01 4.400060362043559081e+01 2.525117214997852955e+01 4.398703868856871679e+01 4.854893398541049976e+01 3.514378221115863710e+01 1.457081254403014015e+01 1.637551409377336142e+01 4.532430885454583169e+00 2.472203082769750537e+01 1.366018168949931244e+01 1.718032788018306434e+01 2.087459199851261005e+01 4.002423818655802989e+01 4.524456820924113742e+01 6.434976982707451043e+01 7.121564033664645876e+01 7.932223018352718213e+01 9.066355633756273846e+01 8.341120514468710212e+01 7.344786404828441562e+01 6.517161538023599121e+01 5.856937331674318159e+01 4.897349897486655834e+01 2.868768972097100445e+01 4.323563737948580865e+01 4.798348424162603720e+01 3.572145600656650544e+01 3.384206172647659372e+01 1.851280581414208015e+01 3.916122418012198381e+01 2.494163141495782199e+01 3.681053477413074404e+01
6.786455232800275850e-03 2.000635182144258906e+01 3.981804634691698652e+01 4.468577492619530034e+01 5.356336325962458034e+01 5.165931839132036174e+01 3.493190413601762145e+01 5.165928568217690042e+01 5.456339287743223565e+01 4.105889090401129238e+01 2.970319836682478964e+01 2.170499790772377580e+01 4.852663976815456692e+00 2.496411591067016289e+01 3.322781124333283742e+01 3.658477124437588657e+01 4.002423818655802989e+01 4.795958877127905851e+01 5.405520432261016595e+01 5.955164258905460173e+01 5.101300361844845099e+01 6.288309425369406824e+01 8.259810996416373996e+01 7.511260982594846780e+01 5.523062093452328725e+01 4.536488918975766893e+01 3.867551444726174736e+01 3.295219726921283154e+01 2.769930665236089951e+01 2.271074921981704264e+01 3.893111629678339369e+01 3.784284736214440414e+01 1.800060626510601480e+01 3.836136253255700268e+01 4.846236845529477932e+01 4.579461498721651225e+01 3.194799454717384890e+01
3.257643153035955173e-03 1.155026223907490390e+01 3.154916830905764513e+01 4.378151824270134540e+01 5.204065946587228808e+01 6.080833822999296245e+01 5.309391968491024727e+01 6.083966521628597235e+01 4.654002402781671321e+01 2.856284762288849777e+01 2.661714721166193698e+01 5.309072471273220906e+00 1.728077354170433821e+01 8.718611456763399659e+00 2.483558993281057781e+01 4.740997477096650670e+01 5.476017046790371978e+01 4.542780238611565835e+01 3.360522763063383422e+01 3.898585374846645379e+01 4.941609856363696451e+01 6.391826630243119922e+01 8.361459227205122602e+01 8.341120514468710212e+01 7.344786404828441562e+01 6.517161538023599121e+01 5.275116764101020550e+01 4.723024327189948224e+01 4.802690093043866426e+01 3.301702150127104574e+01 1.872588186580058078e+01 1.749045846947883831e+01 3.450933030959629377e+01 2.353438057661006155e+01 4.374829249948076182e+01 5.761629178177981458e+01 5.271998642451137584e+01
1.880098487986705483e-03 4.474016053487500422e+00 2.447373466008283671e+01 2.378969900978608010e+01 3.792993348550690058e+01 5.789115999941397916e+01 6.562221463626670470e+01 5.776215612506531016e+01 4.571849055798837469e+01 2.698607393325464443e+01 1.370286799468054717e+01 5.630730073702918226e+00 1.744667807822011341e+01 1.149684361314478842e+01 3.054324469865442282e+01 3.735384776747050495e+01 4.049838956947392177e+01 2.679538600263052572e+01 4.683586524770031190e+01 5.955164258905126218e+01 6.776503682947951290e+01 7.780040440317402783e+01 8.272190282501391323e+01 7.442940442497891240e+01 7.183157148938003900e+01 8.012086350765018494e+01 7.261590087758342804e+01 6.710666410180201069e+01 6.148244256752915504e+01 4.686644846987149293e+01 3.628303051410744473e+01 1.713384308290843805e+01 3.746488842012598752e+01 4.374761617167273897e+01 2.949288934862579126e+01 4.942916175709746796e+01 5.969700519920363035e+01
2.900726248362994839e-03 2.000290072624800786e+01 1.114068271670161181e+01 3.113973847188351129e+01 4.008324751426205523e+01 6.007493886476537881e+01 5.776215612506992869e+01 3.863342169945666882e+01 4.423495218550884545e+01 3.070320114751573826e+01 1.129190798879455571e+01 5.950999184057675251e+00 2.642167059884903679e+01 3.053880263769019621e+01 1.539945596507519099e+01 1.821935194339989650e+01 2.106598592475139853e+01 4.049838956947177593e+01 5.409344500468073846e+01 6.114709038503202265e+01 6.916100525876318272e+01 7.932714049388968647e+01 7.120212217572357360e+01 5.450431828546529545e+01 5.191732693076504290e+01 6.860681791510157268e+01 6.503417742128529255e+01 5.606408272861300901e+01 6.502770258992245545e+01 5.451484060869321979e+01 3.668931264854206376e+01 1.677826727390787553e+01 3.694192039265860927e+01 4.060588272347214911e+01 4.871842873402862750e+01 3.579561830645991449e+01 4.027075881654945277e+01
5.081304048347549951e-03 2.000508130404799090e+01 3.113973847188351129e+01 2.008495333811957195e+01 3.422683830038167230e+01 5.422187006521884456e+01 5.776215612502359420e+01 3.863342169945666882e+01 2.525368535047644514e+01 1.938137922735107566e+01 2.630712142970404344e+01 6.270824680907564286e+00 2.645778926667295039e+01 4.224141070637747220e+01 2.621407968821043255e+01 3.711172057714451000e+01 3.174284427541186204e+01 2.821266725168073819e+01 3.420811800858781027e+01 4.157374903231385588e+01 5.268938344842960930e+01 7.146960474244305317e+01 6.292565057870424994e+01 4.298513009453541400e+01 4.038591040017711009e+01 5.968258338650589678e+01 5.429802482091299964e+01 3.468002842880072478e+01 5.427922048386854925e+01 4.818061704070188256e+01 2.824574676927906580e+01 1.642265857211004487e+01 1.891515349988738848e+01 2.141120808087353566e+01 4.060591469012997123e+01 5.240143134057742458e+01 5.969700519920363035e+01
4.469920835086939326e-03 1.414660554456977870e+01 3.414660559007370466e+01 4.008324751426205523e+01 3.422683830038167230e+01 5.422187006521884456e+01 5.985414111215785482e+01 4.072569258220054422e+01 4.032344309462617105e+01 2.018012523758940802e+01 2.671684240049630432e+01 6.590560041082281550e+00 2.083244264390279454e+01 3.838165850683532909e+01 4.678630496657907401e+01 5.406811693942875507e+01 4.553526168523910655e+01 4.192903118073612490e+01 5.409344500468120742e+01 6.114709038503222160e+01 6.624983441345150936e+01 7.574546688724606724e+01 6.605042781723197720e+01 5.141298570938812418e+01 3.130962158728613076e+01 5.141298570937490808e+01 4.530664473142407900e+01 2.409556166796708965e+01 3.545675249552328268e+01 3.479854676465864571e+01 3.579318524213194763e+01 1.607006835408207479e+01 2.646568696745071847e+01 4.007756824558152431e+01 2.495817460232802532e+01 4.413968075903495247e+01 5.487284221756312519e+01
2.324776005098761877e-03 2.000232475717767500e+01 2.472274492950284142e+01 4.472274487419013411e+01 5.422187006521884456e+01 6.249678708155509099e+01 6.769429952528024330e+01 5.449791132468808996e+01 3.448128493667374528e+01 2.871278856965701465e+01 9.750146230031864647e+00 9.035954168856683566e+00 7.043487198721812170e+00 2.953316393960384545e+01 2.979658210982707445e+01 5.006134130174629604e+01 6.562592427555955510e+01 6.108952478786020635e+01 6.089907367532865123e+01 5.268335200164663945e+01 4.224320117905620720e+01 5.907435135590750264e+01 5.777703032870928723e+01 3.776368395571811476e+01 2.600497677803124219e+01 3.982903431666014171e+01 3.887020001700582128e+01 1.680312655783601983e+01 1.486193309897300452e+01 1.521594087257264327e+01 1.557001104235640376e+01 1.879242191618445190e+01 4.104701591938002991e+01 4.665592830319711481e+01 2.744171772181674740e+01 4.670918838101543713e+01 3.498737450189690890e+01
8.699724428260374037e-03 4.722744932338557966e+00 2.472274493789777949e+01 3.805553707316605028e+01 4.472220373420607586e+01 5.300647120256727618e+01 6.300646912647642495e+01 6.250146513670033954e+01 5.449767415471335141e+01 3.716074187884875357e+01 2.864167970489627635e+01 8.985719805636270152e+00 7.363341214867193507e+00 1.021320023242446595e+01 2.385975263503475929e+01 4.412405548827028667e+01 5.612499570380259684e+01 4.943330347484168641e+01 4.997864848695031981e+01 3.434032249824852556e+01 2.890700798898803470e+01 4.641196365064954676e+01 5.571148213952798045e+01 5.450241298258284672e+01 3.982903431666191096e+01 1.960508963654725179e+01 3.314042284635568336e+01 1.436267602683139799e+01 3.269010381134658871e+01 3.417948089917477716e+01 1.876144177132422541e+01 2.550322215450250241e+01 4.584563654894935070e+01 5.502057474003017745e+01 4.672036699894847800e+01 3.101769405613008601e+01 5.058914983370088692e+01
2.249585233037712084e-03 2.000224956432161250e+01 1.228203439252303575e+01 1.805553708441919269e+01 2.472220375108574331e+01 3.472220375108538803e+01 5.472220371732605315e+01 7.375965472421714253e+01 5.388768775470085615e+01 4.376199548665542949e+01 2.208937468007239602e+01 3.405010053567792028e+01 2.750456393025780955e+01 7.812707706794538076e+00 2.799376783771450405e+01 4.353630617841274386e+01 4.025408597367307095e+01 2.407230226968205855e+01 2.757028899186124704e+01 3.199171255956436966e+01 2.024147478893423013e+01 2.516295060584687704e+01 3.467091496301015496e+01 4.017683933170583543e+01 3.798345896222564733e+01 1.834501992012586769e+01 1.386757785608227067e+01 3.407925596081263109e+01 4.126723040182571367e+01 3.789019937609860023e+01 2.944612393139266615e+01 4.569697861263021110e+01 3.993129670046197788e+01 6.019331711650782779e+01 5.890624830740853213e+01 4.056419405998551042e+01 5.890624830740853213e+01
2.739267172789772273e-04 2.000027392671692539e+01 3.228203438451843255e+01 3.805553707316605028e+01 4.472220373420607586e+01 5.300647120256727618e+01 6.300646912647642495e+01 6.798785301360501876e+01 4.804731451515985441e+01 3.362811927832866132e+01 3.488962986519435105e+01 1.588607306187768131e+01 1.109731110001663268e+01 8.127614523387537204e+00 2.585553462804264413e+01 2.645228737124258345e+01 3.292260021944868242e+01 9.978300562168717747e+00 1.027427155428439498e+01 2.068477337118476811e+01 1.119257587919038777e+01 1.155230788300450584e+01 1.409266310891204732e+01 2.656503982831053534e+01 3.274710626756377252e+01 3.323571661815523015e+01 1.352157877111119433e+01 3.372600722292845887e+01 4.430634058860889013e+01 5.335276408593379927e+01 5.081147853426669769e+01 6.006305988417803121e+01 6.019331711669476448e+01 6.853864514587802148e+01 6.893785087946578471e+01 6.061764360305541999e+01 6.893785087946581314e+01
8.327778614586212741e-03 1.155533316240700081e+01 2.569746878613770136e+01 4.569746878613698726e+01 5.003350515394789966e+01 5.832974423508967021e+01 6.805892436326368511e+01 7.360827765552714652e+01 5.386412228327217377e+01 5.388776302084095704e+01 4.317031533317634029e+01 3.283753750806532423e+01 1.279009566299789036e+01 2.789876688004865812e+01 8.572087047464675535e+00 2.823045107776464846e+01 2.940728755658884097e+01 9.816474497697099011e+00 2.713902116587130209e+01 1.076271672564340953e+01 1.119123886231275122e+01 2.372803460817118193e+01 1.204006666098180744e+01 1.237267455030245600e+01 1.270388819993301155e+01 1.304336363973430402e+01 1.494075000721575996e+01 1.580604533854912042e+01 3.609513135512138149e+01 3.855591792039086840e+01 5.861934935686257830e+01 6.144975566208142226e+01 6.405287060175685099e+01 6.415128225237423010e+01 7.244269892328962612e+01 7.260104760201686247e+01 7.260104760201758722e+01
6.510866554257996840e-03 2.000651086655390287e+01 2.884639464391708685e+01 3.369798115153903240e+01 3.002665591050342897e+01 3.973021433174466921e+01 5.560623084676257122e+01 6.722706483253679721e+01 6.410994127324720182e+01 5.250492382581208517e+01 3.824660025898891291e+01 1.801848743732452363e+01 3.283811779746401527e+01 3.121920862234818017e+01 1.303164415412507537e+01 9.020717385584944736e+00 9.346784378574884755e+00 2.704887798010994970e+01 3.573859849628493635e+01 3.286005913166943770e+01 1.226655178839916083e+01 1.867135002644915431e+01 2.613387360596682640e+01 3.197174088920796464e+01 3.285306917460918896e+01 1.371280255566268735e+01 3.366789838233872700e+01 3.609513135512138149e+01 1.826375205825655001e+01 3.855591792039827226e+01 4.936128161163942707e+01 4.143662372672363858e+01 4.407254076582152891e+01 4.420213382098003052e+01 5.551964425537089198e+01 5.264380032623506622e+01 5.264380032623506622e+01
8.953482861371391335e-03 4.373311287581417517e+00 8.845447242589033365e+00 1.369615974362331023e+01 1.972638667114550870e+01 2.728567895588101422e+01 3.883317352632033703e+01 5.887101335674613978e+01 5.583574966079258672e+01 3.572572305696786543e+01 2.398668675970250419e+01 3.824660025898891291e+01 3.823730752318512316e+01 4.110969608357832072e+01 3.209436252600743700e+01 1.614969242251759241e+01 1.011066442911577390e+01 1.964171287071035721e+01 2.957631109823173787e+01 4.536555656963304273e+01 3.542265864358313365e+01 3.851113395416920326e+01 3.042734994059330944e+01 4.668993524083346358e+01 3.505038054897634225e+01 1.479783815941446257e+01 3.506136958018387872e+01 4.685768693177394084e+01 3.855591785437192698e+01 2.079949886938205239e+01 4.107004863185797916e+01 2.706789795546417210e+01 2.975695119947005551e+01 3.254902023790772603e+01 3.552531025126959463e+01 3.856969921007858915e+01 5.848914271949505661e+01
