LEM/sinusoidal_perturbations/elevation_000043.asc
nrows	100
cellsize	150.0
xllcorner	0
ncols	100
yllcorner	0
NODATA_value	-9999
[rows 0 to 16 of 100, columns 37 to 73 of 100]
9.434102949121783865e+01 9.737659600006726635e+01 8.918816617997691765e+01 9.273947980720134865e+01 9.646918815180794127e+01 1.004797960890310549e+02 1.049428184065860563e+02 1.110187777319579965e+02 1.176920455785878659e+02 1.251323311006249241e+02 1.336276853686828474e+02 1.455475247345019056e+02 1.525744356995832050e+02 1.607750415694736148e+02 1.649935739795518259e+02 1.567885474272201236e+02 1.567885474272201236e+02 1.544920873209326260e+02 1.627017061746735749e+02 1.637159204891802347e+02 1.719046712336571829e+02 1.578916272435728558e+02 1.496625870001655585e+02 1.496625870001655585e+02 1.521202396877677074e+02 1.521202396877677074e+02 1.603388636565346133e+02 1.695974982596701466e+02 1.612080359905922080e+02 1.529860289726142923e+02 1.529860289726142923e+02 1.612080359905922080e+02 1.726950971879768986e+02 1.704067676623955947e+02 1.590594671453206672e+02 1.502433228228535143e+02 1.420994293888705329e+02
8.068746400883344450e+01 8.434342484889720026e+01 6.853309269477908572e+01 7.203194088334947764e+01 7.570305094695919479e+01 7.964006593950689705e+01 8.400938819188593243e+01 8.997103721943081212e+01 9.658931974687627076e+01 1.040880257142602829e+02 1.163500005733964144e+02 1.371292177053052797e+02 1.327474981766862641e+02 1.493328449009160863e+02 1.567885474272201236e+02 1.368179873459415319e+02 1.368179873459415319e+02 1.345053203244255542e+02 1.496237111714747527e+02 1.437865269482804536e+02 1.637159204891802347e+02 1.496625870001655585e+02 1.297029731144523907e+02 1.297029731144523907e+02 1.321926585204375044e+02 1.321926585204375044e+02 1.521202396877677074e+02 1.559598376591565057e+02 1.414242604754032868e+02 1.329604585100956626e+02 1.329604585100956626e+02 1.445576586102608019e+02 1.644993970000927561e+02 1.623004615166055942e+02 1.426116714375420997e+02 1.311803709055628815e+02 1.224215193957848271e+02
6.073105895622786221e+01 6.380713532403315469e+01 7.829676939315028505e+01 9.273947980720134865e+01 9.033415878186534087e+01 9.160420237687858958e+01 1.049428184065860563e+02 9.514616930266772954e+01 1.100733066128445330e+02 1.251323311006249241e+02 1.336276853658071389e+02 1.296808289353029693e+02 1.213013954221869568e+02 1.411273479835353157e+02 1.488651151459393702e+02 1.406253476695767972e+02 1.226760165249589676e+02 1.229608403769630627e+02 1.296107437028576328e+02 1.496237111714747527e+02 1.500956509493111923e+02 1.393484233696270280e+02 1.305843389823704968e+02 1.157154653347893571e+02 1.181659347768578243e+02 1.380293119117032745e+02 1.449704318350456731e+02 1.418327281049474777e+02 1.277056185507380945e+02 1.213966529416417330e+02 1.414242604754032868e+02 1.552375819202723335e+02 1.634548977068706961e+02 1.546047980836209774e+02 1.464664583586678361e+02 1.464664583586678361e+02 1.420994293888705329e+02
8.128993081571736923e+01 8.438423477042168486e+01 9.299026917604786036e+01 1.076817856327635639e+02 1.112804592622807291e+02 1.126040825734924056e+02 1.211812052730930986e+02 1.073410127116161874e+02 1.247512951949066320e+02 1.394292838238168315e+02 1.296808289353029693e+02 1.099362906842064120e+02 1.296808289353029693e+02 1.345641533524149054e+02 1.373574946134120012e+02 1.206773166876725014e+02 1.152018465750720253e+02 1.351112608931796331e+02 1.496237111714747527e+02 1.578455990909688182e+02 1.414707770176285919e+02 1.196979009471119326e+02 1.109656018344261810e+02 1.083074727519034184e+02 1.280976233442805778e+02 1.391027631759068299e+02 1.249956360144406631e+02 1.335687865042319231e+02 1.136418279958255084e+02 1.335687865042319231e+02 1.410887497135157389e+02 1.352281115217360252e+02 1.552375819202723335e+02 1.464664583586678361e+02 1.267580571650179024e+02 1.267580571650179024e+02 1.406814276243196105e+02
9.881870008075664202e+01 9.838613049812647660e+01 9.152826612318278876e+01 9.710163207878731839e+01 1.034400456701422826e+02 1.117380422622015317e+02 1.206918733961502710e+02 1.282841379246139581e+02 1.367626133640807495e+02 1.374100741990577035e+02 1.176387454311263383e+02 1.037730448481356120e+02 1.173366176734453035e+02 1.147126739200347032e+02 1.239074575813523182e+02 1.093039512078631361e+02 1.291083466123713777e+02 1.390776656311392685e+02 1.308361567811665793e+02 1.390776656311394390e+02 1.500956509493111923e+02 1.393484233696270280e+02 1.232027501278829362e+02 1.035749371479105179e+02 1.232027501278829362e+02 1.259114291030008985e+02 1.110152217364277192e+02 1.240420304719629598e+02 1.091764358051988353e+02 1.148095373800383925e+02 1.210596202554704774e+02 1.352281115217360536e+02 1.552375819202723335e+02 1.464664583586678361e+02 1.267580571650179024e+02 1.130439549608227168e+02 1.238158599943645726e+02
9.248577222586216351e+01 7.828391511894082555e+01 7.138168175260629766e+01 7.700657534893707634e+01 8.339622196930565678e+01 9.237737330339889752e+01 1.065240918652483941e+02 1.265513351609914565e+02 1.316264072867848540e+02 1.233977718986541845e+02 1.179795949932199761e+02 9.836762474065444906e+01 9.769323857053424831e+01 1.008599680531175267e+02 1.041963914559390929e+02 1.239074575813523182e+02 1.373574946134120012e+02 1.291638587008849868e+02 1.110371852001122619e+02 1.291638587008849868e+02 1.428379774039734116e+02 1.345936560145424039e+02 1.194934421332334864e+02 9.990049366523901142e+01 1.193548831124354308e+02 1.041900975814216395e+02 1.013359015030565473e+02 1.043640623970097892e+02 1.240420304719629598e+02 1.347549828497360522e+02 1.410887497135157389e+02 1.493415046143022664e+02 1.523877317057857397e+02 1.442676238100592059e+02 1.376525933993001161e+02 1.180844973590994300e+02 1.046186497611296460e+02
7.778625445862012100e+01 6.397898448884712508e+01 8.417177445969755922e+01 9.710163207878731839e+01 1.034400456701422826e+02 1.117380422622014891e+02 1.206918733971841249e+02 1.311119383860304026e+02 1.233977718981727065e+02 1.036689595445211864e+02 1.094473948968210806e+02 9.331110548575431096e+01 1.020552998999515779e+02 1.205270376068123426e+02 1.239074575813523182e+02 1.321480823836538150e+02 1.337749727899335994e+02 1.139863343892033924e+02 1.012781504210215218e+02 1.209366709906395414e+02 1.345936560145424039e+02 1.147608476288922787e+02 1.159681804507733034e+02 9.637684433718058585e+01 1.130228105257028517e+02 9.726238139355201895e+01 1.168627242953286327e+02 1.240418092347645143e+02 1.182048944823793590e+02 1.381341447123732564e+02 1.511530499366011782e+02 1.430472860627667160e+02 1.410195869862485836e+02 1.245415778208043491e+02 1.354362504251291739e+02 1.319414709597494380e+02 1.238158445296917307e+02
5.761543329073676034e+01 6.473570468584711080e+01 7.379809801335608199e+01 8.544987300164473254e+01 9.963556952431741820e+01 1.196636049609468273e+02 1.311119383861299355e+02 1.113103863240574611e+02 1.143434038333842153e+02 1.061507731012227680e+02 8.980550364772770422e+01 1.094473948968210806e+02 1.129457879712898603e+02 1.159386964815556667e+02 1.358015031852061441e+02 1.359039678492577821e+02 1.244803196129009280e+02 1.139863343892033924e+02 9.436151862925042622e+01 1.082023133757259075e+02 1.279501963649546212e+02 1.205697427150757761e+02 1.009304324427942987e+02 9.293768873079011428e+01 9.341377036834018099e+01 1.130228105257028517e+02 1.132279450785453179e+02 1.330359592815544829e+02 1.381341356424224500e+02 1.463855826466711676e+02 1.398365748801768405e+02 1.234334603614563122e+02 1.328787858481160242e+02 1.131530774224951301e+02 1.157134758491317541e+02 1.296431277515548857e+02 1.247207843280598070e+02
7.778625445862012100e+01 8.492383713618214358e+01 9.323722964726466955e+01 1.022273477953523297e+02 1.053890509749160600e+02 1.136935070164240358e+02 1.244626741269072454e+02 1.149440388302105447e+02 9.528169859327898905e+01 8.650604376938770201e+01 1.061507731012227680e+02 1.176476823982089144e+02 1.327449502830829431e+02 1.358015031852061441e+02 1.440398480200882432e+02 1.276755867111300375e+02 1.079218586691387856e+02 9.659070832815568508e+01 8.907187409590119387e+01 1.087413817568714904e+02 1.150873270076819779e+02 1.195379570973561414e+02 1.011233759851882041e+02 8.979453916177310191e+01 1.094459775402772976e+02 1.057758906531737750e+02 1.254930147133649996e+02 1.412818164908498204e+02 1.416112483741734138e+02 1.335210028737826633e+02 1.311083029219713012e+02 1.122353554549033703e+02 1.311083029219712159e+02 1.214901427786276855e+02 1.018539991494449453e+02 1.131172629748046319e+02 1.165590485410820776e+02
7.604304442911013950e+01 7.961714337364664118e+01 8.337512253143439978e+01 8.898054896339635889e+01 8.529282228908869001e+01 9.610205195752233465e+01 1.144402222367737068e+02 1.198350132865460012e+02 1.039544255908421349e+02 8.431904955437876481e+01 1.039544255908421349e+02 1.086815967595040320e+02 1.168812996775469628e+02 1.174895045509518923e+02 1.373245444631884311e+02 1.331513368387357730e+02 1.177470106448784151e+02 9.805690700892364475e+01 8.407624088438819854e+01 9.812585802622358244e+01 9.680967558941495099e+01 1.127783061390077819e+02 1.048065961065712628e+02 8.783265465067265154e+01 1.075147074204617041e+02 1.254930147133649996e+02 1.254930147133648575e+02 1.453845007166859205e+02 1.304765189280032303e+02 1.143368428071135980e+02 1.230079922626116797e+02 1.037205686645743299e+02 1.230079922626116797e+02 1.270264309954967246e+02 1.073558969393079110e+02 9.354592525512796897e+01 1.061975054872394821e+02
5.587436814336390256e+01 5.939890132373865583e+01 6.313769178158351991e+01 6.876989654215032033e+01 7.595939972065279733e+01 8.606675166971412239e+01 1.061373522446511970e+02 1.116285808863621298e+02 9.196974535863819256e+01 8.218212964319367586e+01 9.885844543138315998e+01 8.903529410326235904e+01 9.779442398972454953e+01 1.116864379979422210e+02 1.314993465265816894e+02 1.215588195998202536e+02 1.051805178562852490e+02 1.041004218909930472e+02 9.592926489466873363e+01 7.832158936531421034e+01 9.793815004356903842e+01 1.022299985223052516e+02 8.507212790094823163e+01 9.108654405615430960e+01 1.107270232725731773e+02 1.287712997688277312e+02 1.386725846993666948e+02 1.321553163529272013e+02 1.220348342355622862e+02 1.037815680107528635e+02 1.169087733859839204e+02 9.773032985438382525e+01 1.169087733859839204e+02 1.308170806309036607e+02 1.212643918578567082e+02 1.061977501498324870e+02 8.663557062261376984e+01
6.750755107644633313e+01 7.961714337364664118e+01 8.337512253143439978e+01 7.110497281166408357e+01 9.129372218038405151e+01 1.044086855148656099e+02 1.144402222367737068e+02 1.198350211916259838e+02 1.099831493034550078e+02 9.885844539398146935e+01 7.927467566955280631e+01 9.616842739128422579e+01 1.043399400624020075e+02 1.156247031447957454e+02 1.218624494883630831e+02 1.106008830702605934e+02 9.376354301938707181e+01 8.545165532773498285e+01 7.620425385305634336e+01 9.592850094841732300e+01 8.072787063899197335e+01 8.246771870144181094e+01 9.648883337584111075e+01 1.107270232725731773e+02 1.008967925597677464e+02 1.106675218330680224e+02 1.304469861376894642e+02 1.239081600805101431e+02 1.042255063249381948e+02 9.573012358279872558e+01 1.050179347706926478e+02 9.243001025959860328e+01 1.034372017589859780e+02 1.227260545313046265e+02 1.249289334434203624e+02 1.136831404398475200e+02 9.411151729693760615e+01
8.770272846540134992e+01 9.602252224245022205e+01 9.960559476181140326e+01 8.540949849718143128e+01 8.124094949561532530e+01 9.287073112278831388e+01 1.129238457200763293e+02 1.241631388051836780e+02 1.044214695205904349e+02 9.055088911842794630e+01 9.616842739128422579e+01 7.661592149628246773e+01 8.779252930133928601e+01 1.017086162230679207e+02 1.137907166180596334e+02 9.427735805787773415e+01 8.287956499490499596e+01 7.417537640781768005e+01 9.379005438498427338e+01 1.039495389866814605e+02 1.006091676104089601e+02 8.914031697790080955e+01 1.088091967365486852e+02 1.243845764338753810e+02 1.205572539853786367e+02 1.287712997688277312e+02 1.386725846997311464e+02 1.253710912265901101e+02 1.030691826863440212e+02 8.871420047179609014e+01 8.580873138829980462e+01 1.050179347706926478e+02 1.130795821824753915e+02 1.073317233817685974e+02 1.084072159943123665e+02 9.718488883001886336e+01 9.718488883001886336e+01
8.597967669166419569e+01 9.311043749137972725e+01 1.014249738594130008e+02 1.054994947995938617e+02 9.287073112278831388e+01 1.096218221556181192e+02 1.212209268669421505e+02 1.299276256095436679e+02 1.101979954683650647e+02 1.102036705827928813e+02 1.043399400624023485e+02 9.354388913420758911e+01 7.400854717349481859e+01 9.104266079724725103e+01 9.919758751244953032e+01 9.841389420309361924e+01 9.034334305499666584e+01 7.279701530757478167e+01 9.233198870436993388e+01 1.093092212799211609e+02 1.169737943845613302e+02 1.030415876844029270e+02 1.030415721335597397e+02 1.227301799480424904e+02 1.289352297447409512e+02 1.207595898701066943e+02 1.208662607407659380e+02 1.127453143152289954e+02 1.153865263207527079e+02 9.955305437822215708e+01 8.145016352429983897e+01 9.636270392511239891e+01 9.348471605856200028e+01 8.774994843802983269e+01 8.882791864162442153e+01 9.564456655763018489e+01 7.764039023953336027e+01
6.576853664016817902e+01 7.294161464024206509e+01 8.461884557433185705e+01 1.047101762925728679e+02 1.129238457200916343e+02 1.212209269047615692e+02 1.249101637084065715e+02 1.165941323515376666e+02 1.248891969089059444e+02 1.188112151900188138e+02 9.909644976391628290e+01 8.525203113133191835e+01 9.104266079724725103e+01 7.150065899799618307e+01 9.104148490027148455e+01 9.014278464392309331e+01 7.087922619403863678e+01 9.030119264318841488e+01 8.143319031016916654e+01 9.537442644334355180e+01 1.150894182456547128e+02 1.227334367327049023e+02 1.227319304053334008e+02 1.309411795240010292e+02 1.176211261190586299e+02 1.012371707350172727e+02 1.127453143152289954e+02 9.328262690306580396e+01 9.898311606597442847e+01 1.070718234599499965e+02 9.636270392511239891e+01 7.681279587616950266e+01 9.196578718358070148e+01 7.384254027558451128e+01 7.495813200592387204e+01 7.607298785598428026e+01 9.564456655763018489e+01
8.597967580384911912e+01 9.311043841160027057e+01 1.014250739505130667e+02 1.130196567588759251e+02 1.203942839138624237e+02 1.262381143632384806e+02 1.146298289596990827e+02 9.589795210148230353e+01 1.146298289742761938e+02 1.246190768376736315e+02 1.048707581833954237e+02 1.048707708677196706e+02 8.930858400653775675e+01 6.974367847186711344e+01 8.691834300631798271e+01 8.703568821936484312e+01 6.950055366774169840e+01 8.896005361606731299e+01 1.011487875622772918e+02 9.390487852310614869e+01 1.078246362159817977e+02 1.275903589049125912e+02 1.238914697058267933e+02 1.183495146568323548e+02 1.088864751526731993e+02 9.001135687535391128e+01 1.088864751526731993e+02 9.897894172512128819e+01 7.946554937351710635e+01 8.924966797571607913e+01 9.019286084396546244e+01 8.584875082896998322e+01 7.227155114688888204e+01 9.197027631730802000e+01 9.454975942852269100e+01 9.449366950727983294e+01 1.036865203564952225e+02
7.963188649059766533e+01 9.388029941576226634e+01 1.139496009162413230e+02 1.142139841249778556e+02 9.985001334780857007e+01 1.058672908820652054e+02 1.062423912115621079e+02 8.543974081779907692e+01 1.062423912118354963e+02 1.184894655672252242e+02 1.156287306099852543e+02 9.593584226094650091e+01 8.210523018706207665e+01 8.691833443782806512e+01 6.730426317933459757e+01 6.754815428685192558e+01 8.294599623944942834e+01 8.173929706098869019e+01 1.013728852343204636e+02 1.136138823565168110e+02 1.218211740503441121e+02 1.181710408637019327e+02 1.043222105181154831e+02 1.102057631050928990e+02 9.069073556522282331e+01 8.125995775121630516e+01 1.007771360129117966e+02 9.609079344587644300e+01 8.715397064593918230e+01 6.950283655359145030e+01 7.014515503204395941e+01 7.079059291403429199e+01 9.053353767163618215e+01 9.979281082770376088e+01 1.074043112202336374e+02 1.089805847158517054e+02 1.015376647446028784e+02
