LEM/sinusoidal_perturbations/elevation_000998.asc
nrows	100
cellsize	150.0
xllcorner	0
ncols	100
yllcorner	0
NODATA_value	-9999
[rows 0 to 16 of 100, columns 0 to 36 of 100]
8.271705653423140972e-03 2.000827170561534629e+01 3.580556411419475893e+01 4.408980624035720552e+01 5.168423864482759456e+01 4.071133962251759897e+01 3.267502687601407274e+01 3.454865719961108539e+01 3.743622592241476355e+01 2.164748620521258715e+01 2.466341822731781264e+01 2.775098589584753483e+01 3.108677248013974292e+01 3.451983663868036700e+01 3.830271869546098884e+01 4.256896934371289376e+01 4.693359771489044618e+01 6.692628233151069139e+01 7.875302271629725226e+01 8.478182752085565710e+01 9.185162409768861380e+01 1.001374960722109222e+02 1.116853148312026747e+02 1.025826566565861668e+02 9.249702322291196310e+01 8.414181091620923780e+01 9.249702322291196310e+01 9.902870050577996608e+01 9.070711386728238779e+01 9.102750068409778805e+01 9.934743259996756137e+01 1.078368141751551832e+02 1.060478978723197656e+02 9.443290400341761881e+01 8.608358798062387507e+01 7.900639355960001353e+01 8.421902994616981175e+01
7.813061968023241044e-03 2.000781306182200225e+01 1.580556708734265570e+01 3.580555552446008960e+01 3.823320137354249937e+01 2.415755734133950128e+01 1.267060345860896753e+01 1.454377995426126979e+01 1.743058095912391181e+01 3.743622723284898512e+01 4.467008925209474768e+01 3.670121492447161415e+01 5.109116925429756151e+01 4.346815219382099116e+01 5.830066816552879772e+01 5.244452747303384399e+01 6.692628233293325479e+01 5.359766330473531326e+01 5.875901393252473781e+01 6.478654405212174083e+01 7.185521969333620973e+01 8.339905122953304328e+01 1.033980533629282519e+02 9.211294088252660117e+01 7.387725090554815210e+01 6.361269089488707351e+01 8.228486959331591777e+01 8.728384495621273231e+01 7.025979730664506917e+01 7.058492850086935277e+01 7.922497613118235904e+01 9.588147986486514185e+01 9.767636045614761997e+01 7.759708952795432424e+01 6.606625931309767452e+01 5.900349620191247624e+01 6.419630578199205218e+01
2.526786264046545528e-03 1.663436383338839697e+00 2.166338867302198068e+01 2.577202952908796618e+01 2.750868963047507165e+01 1.005571924328259925e+01 3.005947964899458213e+01 3.454865829904874630e+01 1.810737602017151815e+01 3.811296420783021688e+01 5.007804080451705175e+01 5.670157301121194138e+01 5.303227231137432085e+01 6.346368512546946761e+01 5.979455660754738489e+01 7.243864244507163619e+01 7.243864244269127539e+01 6.773393851526128628e+01 7.289605664019859432e+01 8.478182752085565710e+01 9.185162409768861380e+01 1.001374960722109222e+02 9.649110847167496274e+01 8.375255875464118560e+01 6.331579652202736241e+01 5.344353498834106375e+01 7.387725090554815210e+01 7.815415733304401158e+01 5.841323774114667344e+01 5.873410332057838446e+01 6.711098133058087001e+01 8.753910754485890777e+01 1.004613963653992101e+02 9.443290400341761881e+01 8.608358798062387507e+01 7.006082591185197828e+01 5.008056830754365052e+01
4.163169627051843593e-04 2.000041631696235100e+01 4.062476958894380985e+00 5.771192274183936100e+00 7.505412212889457813e+00 2.750868963047507165e+01 3.834444260650176517e+01 4.639395909144241159e+01 3.811272404811927572e+01 2.179016096148150439e+01 3.593834991249800481e+01 5.593707651450793605e+01 7.302850139857636691e+01 8.131475175058749016e+01 7.978943483091690325e+01 8.807410954314985929e+01 9.243597191286050929e+01 8.772980376552287396e+01 9.289298965389724572e+01 9.011426725931674753e+01 8.173684511310301559e+01 9.011426725931674753e+01 8.794606331127647536e+01 6.778518738106252783e+01 6.706601226647914871e+01 4.683573215448259219e+01 6.706601226647914871e+01 6.973906412605886374e+01 4.943153793017781794e+01 5.052800609300826551e+01 6.486932361480482712e+01 8.532144776454637736e+01 8.040225857674140286e+01 8.367567195719097128e+01 9.200363552784922661e+01 7.838006052042143779e+01 6.276506738208946246e+01
5.883922493566802643e-03 2.000588392249321146e+01 2.406248167710542063e+01 1.912935671139192806e+01 2.080037046245714549e+01 2.014999116785046596e+01 4.012680930695330517e+01 5.863534402067814000e+01 3.863643877124010118e+01 2.448766036767907295e+01 4.449367147379488330e+01 5.736376907875313691e+01 7.150620065186699037e+01 7.793687382923825169e+01 7.534251148603622994e+01 8.362556723296586370e+01 9.516994770605421650e+01 9.511576742896981784e+01 8.336310249177857656e+01 7.496286123423664094e+01 6.127003251434310016e+01 7.991629026616307385e+01 7.957157886586766438e+01 5.915694997628794027e+01 4.755601655504574410e+01 4.176166805682250782e+01 6.184257640228751995e+01 5.687368772241778458e+01 4.245770264213471989e+01 5.394815639399800489e+01 7.432220351646556367e+01 8.627744401028391508e+01 6.611205807685573177e+01 6.348462034126253428e+01 8.036079633221221741e+01 8.257378447828975254e+01 7.107316305064804851e+01
1.256007409845548732e-03 1.414659924356010734e+01 3.415378915467890408e+01 3.735093801875267872e+01 3.890086435850894020e+01 4.006539424624579482e+01 4.012680930695331227e+01 5.266020764217373085e+01 3.265765582011178481e+01 4.449422081620542002e+01 2.907860199309372362e+01 4.322668745183788985e+01 5.825407626782055814e+01 5.794364266192359025e+01 5.534947154299045735e+01 6.689210615043803898e+01 8.688597984673899077e+01 8.676016780568055253e+01 6.632658718045802004e+01 5.458729814393958435e+01 5.116186533740578568e+01 6.797410945247861491e+01 7.638434392212606383e+01 7.619295700829698603e+01 5.697224074542288008e+01 3.698026994533545064e+01 5.153111542756728625e+01 3.688361263101666054e+01 5.687368772241778458e+01 7.097307385076258868e+01 8.271799116517195216e+01 8.436637218658628967e+01 7.201836287151311922e+01 5.162323711421188221e+01 7.201836287151311922e+01 7.439174742777517224e+01 5.474305999571409842e+01
9.594114293757748102e-03 2.000959411429340307e+01 3.051691397431944708e+01 3.654714086587517841e+01 4.361820867774077470e+01 5.190247992640843933e+01 6.011435767116740436e+01 5.898419503260406316e+01 3.898599098465971480e+01 5.736644405185240458e+01 4.908374664138565180e+01 3.408253916661762872e+01 3.825598529735260200e+01 4.380512629018155479e+01 5.380305956477477025e+01 6.793989452825977082e+01 8.793385036494996143e+01 8.782208464375278822e+01 6.739970017190321983e+01 5.301674857487810755e+01 4.305577977236495002e+01 4.773655539543857884e+01 6.468893323053613642e+01 7.095149837861912090e+01 6.536901276580027798e+01 5.153110945287393463e+01 3.158172409273415937e+01 5.153111542756728625e+01 6.270057723923932969e+01 7.107737849585407730e+01 8.269610578603456474e+01 7.603050961275113195e+01 5.570749255044204062e+01 4.560172146218491918e+01 5.870343565405165265e+01 6.707587645601360293e+01 5.834866131977977943e+01
7.711341127313004785e-03 5.171689136070557247e+00 1.051691397431909181e+01 1.654714086587447142e+01 2.361820867774007127e+01 3.516521406153299267e+01 5.516521406153369611e+01 6.605331293194548437e+01 4.605882811741936678e+01 6.605331293194548437e+01 6.115429756209716317e+01 4.115756127983285495e+01 5.825407596176803793e+01 4.894745132140315036e+01 6.894114253214341659e+01 8.207864060682213392e+01 8.344644866165128860e+01 7.517967376153377757e+01 8.178691292268685231e+01 6.797413449250890949e+01 4.773655539710738793e+01 3.628069620570013143e+01 5.074038309304399519e+01 5.074038309304399519e+01 6.316426372810849443e+01 4.303952975916506318e+01 2.898484363314519641e+01 3.560643657194640355e+01 4.259071920086918084e+01 5.410571804263825868e+01 7.441592845305211767e+01 8.436637218658628967e+01 7.041154639208022559e+01 5.013250373317198694e+01 3.887986714357742102e+01 5.272637021239491162e+01 4.923461786756272573e+01
2.297228869525369630e-04 2.000022972288659773e+01 3.051691397431944708e+01 3.654714086587517841e+01 4.361820867774077470e+01 5.190247992682063938e+01 6.344948531173029949e+01 7.433357275529985486e+01 5.760335232945294592e+01 7.433357275529985486e+01 6.943964289413376889e+01 5.115726815224988400e+01 6.943961286245230724e+01 6.049095757748858659e+01 6.894114247114643490e+01 8.893513235692300611e+01 7.178346355578817395e+01 5.487848062027245533e+01 7.178345727722664549e+01 7.638513068463250022e+01 6.468893323053789857e+01 5.074038309304399519e+01 3.077765922690652545e+01 4.574970214711252936e+01 5.408808952152596561e+01 4.656341724010511030e+01 2.661505678159835142e+01 4.656651599372136729e+01 6.270057723923932969e+01 7.107737849585407730e+01 7.032714396591562434e+01 7.887975806549431468e+01 7.876507453913224310e+01 6.272950108570670125e+01 4.272330863055155703e+01 3.331453307091015859e+01 2.986915590416601063e+01
9.647730019007896146e-03 1.000964773001909514e+01 2.415178335375029661e+01 4.415178335375100005e+01 5.059861014312645011e+01 5.885350983163333893e+01 6.074167931633002127e+01 6.899284195755870996e+01 7.759617377592786625e+01 8.587571750599202858e+01 7.944190514012056781e+01 7.115253827444463752e+01 7.944862887486935676e+01 8.048421386958450796e+01 8.876567667181592469e+01 7.468444421977827119e+01 6.345877091284091165e+01 4.278371200424483334e+01 6.345877072342679526e+01 7.809287138223470492e+01 7.222560024296625159e+01 5.911762189063608730e+01 4.574970214711252936e+01 2.579520891504206404e+01 4.111029885188658284e+01 4.103645363817921776e+01 2.429367173318965811e+01 3.836868541278045797e+01 5.846417351794987383e+01 6.175222452888129254e+01 5.125392886855311758e+01 6.744251034561578706e+01 8.294589889196927857e+01 6.272950108570670125e+01 6.106446706317236561e+01 4.682957771990406570e+01 4.499271208703188307e+01
3.582433992925927561e-03 2.000358243399256963e+01 3.829391897748200080e+01 4.646728159588146667e+01 3.076069338786366103e+01 4.457754434761199747e+01 4.094473791291112263e+01 6.004224412395990385e+01 7.054836370046234606e+01 7.382740102473398736e+01 6.508696601805540638e+01 7.382740102473398736e+01 7.379735431150886882e+01 8.260441299579902363e+01 8.006025051216104771e+01 6.635597647951338729e+01 4.582330732985782618e+01 3.541110040932022685e+01 5.614903234908025098e+01 5.767960588662713661e+01 5.165445775680385765e+01 6.608693708199238870e+01 5.410344067578577665e+01 4.111021990911992674e+01 2.115809954490923062e+01 2.110059580839552140e+01 4.104734771860579912e+01 5.261478277163861605e+01 5.654340835452894254e+01 4.322515595214193240e+01 4.087525020712708823e+01 5.929923640254552453e+01 6.748408264220449837e+01 7.582071070125181222e+01 7.526126620414652280e+01 5.780284443278596740e+01 3.791736275298861614e+01
1.813270376062421294e-03 1.414394889410713851e+01 3.414394889410784373e+01 2.655250055930182640e+01 1.930418546654581746e+01 2.481914132480506652e+01 3.228279012786771318e+01 4.344735448462927252e+01 6.249456127762775282e+01 6.351604739754873918e+01 4.462119154343463379e+01 6.351604739754873918e+01 5.287994834036669545e+01 7.046894582856434397e+01 6.998858930124555400e+01 5.131906695896984161e+01 4.959112213536747760e+01 2.897361054581226369e+01 4.959112222765626399e+01 5.767960589424609452e+01 3.647375620129290752e+01 5.767960589424609452e+01 5.211048959309298567e+01 3.208994872378093532e+01 1.802194938225471432e+01 3.795552249120509458e+01 4.105245344316813316e+01 6.115326002288859542e+01 4.865160870276069005e+01 3.057698874367114072e+01 4.865160870276066873e+01 6.398227064859902669e+01 4.682257322174704939e+01 6.398227064860889612e+01 7.056262295815922414e+01 5.048733336297352281e+01 3.643815055254843571e+01
2.372884694381488524e-03 2.000237288469402586e+01 2.627062449896711271e+01 1.246269778863108435e+01 3.238540487907077647e+01 4.457754434761199747e+01 5.186285829721160212e+01 6.004224412395990385e+01 6.805201465603055055e+01 5.485770216359379248e+01 3.505664481344023642e+01 4.995320271268878543e+01 4.133883573961919922e+01 6.172066563981167775e+01 6.164500253766786386e+01 4.099313120271135347e+01 3.067209885143401848e+01 2.399880429545898508e+01 3.876827947893184501e+01 4.722110844869373381e+01 2.884772169411561649e+01 5.018220583596187367e+01 5.034286718708934671e+01 3.032464617189150857e+01 1.628100611460750713e+01 3.032459655751085137e+01 5.033929051767498919e+01 5.639694206353475181e+01 3.806133059795644158e+01 2.544410792078267747e+01 4.343166744432776483e+01 5.555515329375130307e+01 3.465098860757662180e+01 5.555515329375130307e+01 6.857118153177650299e+01 6.473375237692476958e+01 5.628921064760156412e+01
8.175220331382775790e-03 3.131647273526835473e+00 6.293889049406432790e+00 2.627062449896711271e+01 3.987578867118216408e+01 4.693571455388042324e+01 5.521555513433456497e+01 6.675389435127286220e+01 5.975101410773704913e+01 3.839212797588812975e+01 2.843179130475517979e+01 3.021741964060095853e+01 4.179354455593793460e+01 6.341622881428660463e+01 6.998858930124555400e+01 5.973714677270760376e+01 5.131906687017623625e+01 3.876827948174031491e+01 1.853828249820596241e+01 3.876827948171111871e+01 2.221533042530527524e+01 4.343564957747267385e+01 4.034456042258088360e+01 3.202715161961128842e+01 1.457984289931171240e+01 3.419450026226853367e+01 4.725544917167385250e+01 3.893136728033622518e+01 3.569859649734442542e+01 2.115971632410516534e+01 3.893313880830282159e+01 3.965853129301189028e+01 2.732934447090540786e+01 3.936903030505860812e+01 6.017913512166176560e+01 6.239524199084552691e+01 5.373357492397996538e+01
9.124702163186202558e-03 2.000912470216283268e+01 2.627062449896692797e+01 1.359346510400018104e+01 1.991034637534832541e+01 2.696722868855913546e+01 3.849085079062990644e+01 5.847161298597980306e+01 5.541645506923629227e+01 3.556896579088727606e+01 2.203652072298402942e+01 4.138216081098838828e+01 5.742373764718043816e+01 7.017724088526476578e+01 6.498591629960735361e+01 6.239942887645163694e+01 4.897092230309680616e+01 2.727895500532148532e+01 1.501125345586913085e+01 3.032539027408043353e+01 1.631626209643584602e+01 3.107454249550266212e+01 2.963771854401414885e+01 1.216432029149329708e+01 3.202715148572531234e+01 3.346938462918311075e+01 3.029655994640544492e+01 1.251444734874410791e+01 1.548022058167932791e+01 2.572207921494434046e+01 3.193379670237319345e+01 1.903702086387237102e+01 3.356667896009960828e+01 5.436556380026660662e+01 5.659297957394154110e+01 4.249732319724426333e+01 4.532168699630668129e+01
2.239863785106879172e-03 1.000223986378519392e+01 3.000223986378555097e+01 3.356216145643242044e+01 2.989708665534559984e+01 4.693571455388042324e+01 5.521555513433456497e+01 5.160223478857815138e+01 4.358459996976509387e+01 3.761293349378809125e+01 1.822245656635347189e+01 2.936224000995096972e+01 4.888359038852681238e+01 5.483122079820387285e+01 4.784289751074382480e+01 4.366554414574878251e+01 5.605316006526187778e+01 4.112727510993807556e+01 2.949801281793686414e+01 1.025348660221108865e+01 2.760413252850973009e+01 8.505367543612603498e+00 9.727738654683635744e+00 2.957318536771604300e+01 3.294939741055783600e+01 1.151241384386113253e+01 9.853818680964868904e+00 1.018731063333897069e+01 2.074982302675241641e+01 2.652512574515661115e+01 1.194337386337457652e+01 3.256853887517313950e+01 4.783880104870141281e+01 4.677748772408696709e+01 4.832517834870337481e+01 2.848691526995599688e+01 3.577832374099945412e+01
1.766589122093755728e-03 2.000176658912173977e+01 3.000223986378555097e+01 5.000223986378625796e+01 4.986987419040176661e+01 5.814987088104985702e+01 5.566583458771444270e+01 3.989119957261659977e+01 2.625103584021022129e+01 3.220239863371141809e+01 1.468734046927211523e+01 3.415001780604765003e+01 4.758464139413756300e+01 3.307908758805525906e+01 3.805213056096152258e+01 3.012244155323724115e+01 4.462450199046167398e+01 3.140572310524881416e+01 9.972198989826761562e+00 6.872800414650037659e+00 7.182065403444420681e+00 7.495895744243505909e+00 2.569033089792084112e+01 3.227165492511195310e+01 2.847765048438716917e+01 9.377165619628014426e+00 2.571539129036922589e+01 2.947298947848717177e+01 1.065024510514290057e+01 1.097227680575963049e+01 1.129006308442253292e+01 3.075086463401506620e+01 3.189268807114499893e+01 2.694989095847623517e+01 3.362358200805601882e+01 3.449316830048540794e+01 1.595838180198153644e+01
