LEM/sinusoidal_perturbations/elevation_000689.asc
nrows	100
cellsize	150.0
xllcorner	0
ncols	100
yllcorner	0
NODATA_value	-9999
[rows 0 to 16 of 100, columns 0 to 36 of 100]
8.271705653423140972e-03 7.079339517518929092e+00 1.463862897770354010e+01 2.463862897801463703e+01 3.878076536302140909e+01 5.878098484497215281e+01 6.473936389088667909e+01 6.324366461290306063e+01 7.153313780148661749e+01 8.568984720567745228e+01 8.176981354653328538e+01 7.348856324731679024e+01 8.176981354653328538e+01 9.577693367640813449e+01 8.754725625245066567e+01 9.577542718627240959e+01 9.450846550651128553e+01 8.475845183673048666e+01 7.668626740099591643e+01 8.475845183673034455e+01 9.109309164043361307e+01 8.250998129540765547e+01 8.250998129540766968e+01 8.250998129540765547e+01 9.109309164043369833e+01 8.508123987382855091e+01 7.672956751765231331e+01 7.672956751765231331e+01 7.406101854628032299e+01 8.238708454042298968e+01 7.827739175359367607e+01 8.661426544958101204e+01 9.560903058690671230e+01 1.072543389010587873e+02 1.111602590031440911e+02 1.028867004114413248e+02 1.002779426605282254e+02
7.813061968023241044e-03 2.000781306196766707e+01 3.463864273541065586e+01 4.292339540391913033e+01 5.292400062965162277e+01 5.882490618849207209e+01 4.462151034721713927e+01 4.311613094488285469e+01 5.737528912881907672e+01 7.582708818721980037e+01 7.176997182162021716e+01 5.348598996862038746e+01 7.176997182162021716e+01 8.578475410575815374e+01 6.751793845352604251e+01 8.577821575750830618e+01 8.433075931419875815e+01 6.653611212930681518e+01 5.638582508158633999e+01 7.472721344741167115e+01 8.250998129540765547e+01 6.138717705610033448e+01 6.138717705610034159e+01 6.138717705610033448e+01 8.250998129540765547e+01 7.672956751765231331e+01 5.670603969691246959e+01 5.670603969691246959e+01 5.411658457188482885e+01 6.828799436554413660e+01 5.829859697749468950e+01 6.716508573468003362e+01 7.872927563399559858e+01 9.893078036280148524e+01 1.028867004114418791e+02 8.273815205620641677e+01 8.011961236569469236e+01
2.526786264046545528e-03 1.414466240999487212e+01 3.414466240998640956e+01 4.072515449660252784e+01 4.551588676249773613e+01 5.051390194834801406e+01 3.022479570858815379e+01 5.051390194835776981e+01 4.748983229492766611e+01 5.911354705453921099e+01 6.348727660796856753e+01 4.342740281457518137e+01 6.348727660796856753e+01 7.753254091781639090e+01 5.747743512385148534e+01 7.753254091781639090e+01 7.624704589252115738e+01 5.598089723252181926e+01 4.602729209558188472e+01 6.653604624129110334e+01 6.769228231834486564e+01 5.902338295894335829e+01 4.662949159134743837e+01 6.757390318011751162e+01 7.652225497815670963e+01 7.533277012208996837e+01 6.253182643591986078e+01 4.265741659585619772e+01 4.265736893385178519e+01 4.839746880547045293e+01 6.828799436554413660e+01 7.609887797418450361e+01 7.828933304654681535e+01 8.658143227457837554e+01 1.028867004114575536e+02 8.273815205620641677e+01 6.858709557548655766e+01
4.163169627051843593e-04 2.000041631696235100e+01 2.427642819801318197e+01 2.039707810980343439e+01 2.519050478254098024e+01 3.640861465762921512e+01 2.403128770992486807e+01 4.439650873344498194e+01 3.314795100989478271e+01 3.897253000470166739e+01 4.820789609475374249e+01 3.665500459690068169e+01 5.679955515223640816e+01 6.229271833337794106e+01 5.078365634799503425e+01 7.084750262501967200e+01 7.407388769602927425e+01 5.374585463099254667e+01 3.922989895041561681e+01 5.969979347309376294e+01 5.902338296245458338e+01 3.833569879680359094e+01 5.192638486768157691e+01 5.587985989242152840e+01 5.584849407846562741e+01 6.708966711039030884e+01 4.715727921546585577e+01 3.565034899599945106e+01 5.551436796200928114e+01 6.828799436554413660e+01 6.828908463023694253e+01 5.618773364522689917e+01 5.836302762336163852e+01 7.781092302916033532e+01 8.673723906466857159e+01 9.429533052572493546e+01 7.420474392281104770e+01
5.883922493566802643e-03 2.015959134120949514e+00 4.036260800801335868e+00 6.088209800386195525e+00 1.081022473629961667e+01 1.601757038870943006e+01 3.460678081500164183e+01 3.739666816994991905e+01 2.130862346902098281e+01 2.451590685916062284e+01 2.790988388947990728e+01 3.241219816462201919e+01 3.711521284652042851e+01 4.219579186125061909e+01 6.229271833337794106e+01 7.068645825595478982e+01 5.621565131008989624e+01 4.780203343512049230e+01 3.422609372141135964e+01 5.458231792751119116e+01 6.760692979426335114e+01 5.192623023746813260e+01 3.144898282240214371e+01 3.531071576324632844e+01 5.400087216813990665e+01 6.466726583486315860e+01 4.571188902447939029e+01 3.201360862030599463e+01 5.181385831645027196e+01 6.249486775871321242e+01 4.842068016992337931e+01 4.218547886298813410e+01 4.966844257728689627e+01 5.850974927797826552e+01 7.256054302050637261e+01 9.261888612243187424e+01 8.839770762748602806e+01
1.256007409845548732e-03 1.222278114905394908e+01 2.345067874555189391e+01 2.635103382210072809e+01 9.399845951139715439e+00 1.179311186344434681e+01 1.424430057980185893e+01 1.701300688630980318e+01 2.531307351748642276e+01 4.487169673609883347e+01 3.970782233507518555e+01 5.261485353627857364e+01 5.141527096006128517e+01 5.635290372252470092e+01 6.679290426464935138e+01 5.845610069081914872e+01 4.183240549243248552e+01 2.758355007270818859e+01 4.182698367018971908e+01 5.017022569379110308e+01 6.702081143205043645e+01 6.051915292981129113e+01 4.560550777649820731e+01 2.532852317958091959e+01 4.560550777958038537e+01 6.236996904654749585e+01 4.835737205793123650e+01 2.862441722386109788e+01 4.835737205793123650e+01 4.840204069552174104e+01 3.444251414226734198e+01 4.327376157600434681e+01 5.470144881911802770e+01 7.460073140729298302e+01 8.673723906466857159e+01 9.058270215905388056e+01 9.645450351581132509e+01
9.594114293757748102e-03 2.000958624248028528e+01 3.467354284698798494e+01 3.807873757511586632e+01 2.970262580729410828e+01 2.617759747869351372e+01 3.460678102271617007e+01 2.293081031455190910e+01 4.328645687881791559e+01 3.779313570607519068e+01 5.723237761423681036e+01 5.976183370547010298e+01 7.179978426945764625e+01 7.575736382206287090e+01 5.846001718360579957e+01 3.797377842616970867e+01 4.392678239995100142e+01 4.183609881569405076e+01 2.151369929689285598e+01 4.183883437412735873e+01 4.776629855278738290e+01 6.065369033413001176e+01 4.184066682500197487e+01 2.172415309483288226e+01 3.317396216489029825e+01 5.373650882644362525e+01 4.506826015506709382e+01 2.539726821668841694e+01 4.347074650335642332e+01 2.867686392686021435e+01 4.840204069552174104e+01 6.249486775871321242e+01 7.138415452182583465e+01 8.289351896249792162e+01 8.381339522925121344e+01 7.054099629486604783e+01 7.641107603594046793e+01
7.711341127313004785e-03 2.000771134111637650e+01 3.180395930363336277e+01 3.887502729018606118e+01 4.715931011148263963e+01 4.648741813838087467e+01 5.004522871914144133e+01 2.976891475052822500e+01 5.004522871914144133e+01 5.084522980437931494e+01 6.540776376178425267e+01 7.950944072598997536e+01 6.505230177978209838e+01 5.658080440413585421e+01 5.705127759802227416e+01 4.393528791927121091e+01 2.343139687207230537e+01 3.296340256184404893e+01 1.728169568553014201e+01 2.784141347901682906e+01 4.797324574283162946e+01 5.027287528721281262e+01 3.055988910167293326e+01 1.848771794580308381e+01 3.413909167928346022e+01 4.345368062809615139e+01 4.187694390564984559e+01 2.228367752759309894e+01 2.384262614143781889e+01 4.347074650335642332e+01 4.002338636804837790e+01 5.144255935357639231e+01 7.132885145338960342e+01 8.381339522925121344e+01 6.380291012138616225e+01 5.642918467600503618e+01 7.576294219840384869e+01
2.297228869525369630e-04 5.773732414783234290e+00 1.180395930633856061e+01 1.887502711820416224e+01 3.042203250200958209e+01 5.042203301584626018e+01 5.835142995114965458e+01 3.997673807290156844e+01 5.835142995114965458e+01 6.933971759377648425e+01 7.568577284145158046e+01 6.231157517422342806e+01 5.337226988778759562e+01 3.674037178291791861e+01 4.841361330775990268e+01 2.715612384055565798e+01 3.070263465341199449e+01 1.231263115175272027e+01 3.295173207324098286e+01 4.413518235998998307e+01 4.129986200358833059e+01 3.410985140966196383e+01 2.890274793937923903e+01 3.259590661676706702e+01 1.472399108800694378e+01 3.349813425769902864e+01 3.571325698569062013e+01 1.927090251356960593e+01 2.892746414699747959e+01 4.282078509547210388e+01 5.984749535637888584e+01 6.811314267215709606e+01 7.961414390488828019e+01 8.161975704830419431e+01 6.161590275792946159e+01 4.739886364637582261e+01 5.927894294829387434e+01
9.647730019007896146e-03 2.000964773001865282e+01 3.180395940582945613e+01 3.887502732415126872e+01 4.715931735933814650e+01 5.870633584681717565e+01 6.840088264602604795e+01 6.011371958221668876e+01 6.840088263833041538e+01 8.294359545154954105e+01 6.786199399959822642e+01 4.552090231138196685e+01 3.314669580630242507e+01 2.587033842245732274e+01 3.675467980965757420e+01 3.042384670021181492e+01 1.065548730125535748e+01 1.044609105845472286e+01 3.014812145385250730e+01 3.419810752469977899e+01 3.252340811391897546e+01 1.259303540553266743e+01 1.249251003803765769e+01 1.280321977359689889e+01 1.312257444833923081e+01 2.180749865358517425e+01 1.623151948943582923e+01 3.570683728750269381e+01 4.696378454797149971e+01 5.687237145869852384e+01 7.092395782192485854e+01 7.857391106161075811e+01 7.044804122045557904e+01 7.857391106161072969e+01 7.344996482339949750e+01 5.340765760760708503e+01 3.903156941656531131e+01
3.582433992925927561e-03 7.573301513758885051e+00 1.661121849222294955e+01 2.866970748710079420e+01 5.020117239743834858e+01 6.530035231621579328e+01 7.012229210367733856e+01 6.235704118307765498e+01 7.044505592451557163e+01 6.217182102709395508e+01 6.579098869406749373e+01 6.037606707907742276e+01 4.780547987843110747e+01 2.861610516626690526e+01 1.890363241194425115e+01 2.770887418355031073e+01 1.001616079237447821e+01 2.804052586316048945e+01 1.087763020482365484e+01 2.929700610174807807e+01 3.021681529003025446e+01 1.205889136949760676e+01 3.074164185924662007e+01 3.204894183820820786e+01 3.247738761665802798e+01 1.357935972766343902e+01 1.418518594271631450e+01 3.390551932081910280e+01 4.763801049656559172e+01 5.582092556670831129e+01 6.977985609468285588e+01 6.915498249001088027e+01 5.193334205503906986e+01 6.915504756200313352e+01 6.830936983747433544e+01 5.781755721848448815e+01 5.020677614700801428e+01
1.813270376062421294e-03 2.000181327037570611e+01 3.612397139299381621e+01 4.567232517531479630e+01 5.795050679783577863e+01 4.857173277140091727e+01 5.956742496935203945e+01 4.192138215748723695e+01 5.972289146529926995e+01 4.614113898966478899e+01 4.365488228523754799e+01 5.908407708660207192e+01 5.613109225947935954e+01 3.825281229243147152e+01 2.131509430500300439e+01 1.366719278145637162e+01 9.708365252200497508e+00 3.153638523634018043e+01 1.435820605975438191e+01 1.131222639631535642e+01 1.162058237345525136e+01 2.219470634976876866e+01 3.301063549156131671e+01 4.168551632359180559e+01 3.539741296336965348e+01 3.274681347135057052e+01 1.403617526725515141e+01 3.365622476213719239e+01 2.773185620383283023e+01 4.131538065740442534e+01 5.994810829868138313e+01 5.227248162470521464e+01 4.335427221446251878e+01 6.119069163774724984e+01 6.019415178088510743e+01 4.138805771889598617e+01 2.989943899499164104e+01
2.372884694381488524e-03 2.000237223632983330e+01 3.937839128946151845e+01 5.448942907122134471e+01 5.410192508646065335e+01 3.536891207307831309e+01 4.157352748129350317e+01 3.088236710712753919e+01 5.170042504995910093e+01 5.023310897201346847e+01 2.702567382416905417e+01 4.629203414861855492e+01 5.721081733620291487e+01 4.680424196929720893e+01 3.080536949055722928e+01 1.590401308352085152e+01 9.400062382576777509e+00 2.669088322406684810e+01 3.009320530020016804e+01 3.148623268406929299e+01 1.350043484044504538e+01 3.417805366210205875e+01 4.189658656630046352e+01 3.575164764842996590e+01 1.477285758695258444e+01 1.448297546611691899e+01 1.429671489605276768e+01 1.554477836575507155e+01 3.519687616486448434e+01 4.493572537621980700e+01 5.227246676415192894e+01 3.473372347461761223e+01 4.509430666521550535e+01 5.273761694625338237e+01 6.093053836860127603e+01 4.887557879875971167e+01 2.858573914715505992e+01
8.175220331382775790e-03 1.034865910506005626e+01 3.105290159316930954e+01 3.583894856397122197e+01 4.222847159451447396e+01 3.404002599701603060e+01 2.017921473780422303e+01 4.157339905725699225e+01 5.926909864319924992e+01 4.204399083049419517e+01 1.909996345122745964e+01 2.237519280936216148e+01 4.124245039569314031e+01 5.506925323012277573e+01 3.847107589321831256e+01 2.392423771244976294e+01 1.824002434395296035e+01 8.962460487018320876e+00 9.687486468563996311e+00 2.176946558005921872e+01 3.442509522166889013e+01 4.516702940312474368e+01 5.054465884966043632e+01 3.464131047931958562e+01 1.497532764164864183e+01 3.317580309854438525e+01 4.141220444436521575e+01 3.519804004625628124e+01 1.719740004794543609e+01 3.675592287500784749e+01 3.944519304153673289e+01 3.939270327113813863e+01 2.707260188658529287e+01 4.222545509234242189e+01 3.910964022842044585e+01 4.574441735352476002e+01 2.729098130542222478e+01
9.124702163186202558e-03 2.000902034433335430e+01 3.419751722860326737e+01 2.228694547261405390e+01 2.726697019911286901e+01 1.237730474651511869e+01 3.401992863755370422e+01 3.780214859783836800e+01 4.506660078155154991e+01 4.117939662623334840e+01 2.991722762034375904e+01 9.537227527685894657e+00 3.145649230725505063e+01 3.583266924553508659e+01 4.869814845402723336e+01 3.878240531578123296e+01 2.788412286481152336e+01 8.651190919125568257e+00 2.827676994603618255e+01 3.797719593670429816e+01 4.109187367950992353e+01 6.013956056626624047e+01 4.492969573980818865e+01 2.339053981481362854e+01 2.846814777706412869e+01 1.546901645561592886e+01 3.710865052663163510e+01 4.300868835942748802e+01 2.404942542129387917e+01 1.874195151220660804e+01 1.982274106310416428e+01 2.090316676499065451e+01 2.201482418823284704e+01 2.316643870957973306e+01 2.433637384720838526e+01 2.553418545475363999e+01 4.555898739986316315e+01
2.239863785106879172e-03 1.624466642609558065e+01 2.339118464087584925e+01 2.312616515703391329e+01 6.112266798924782307e+00 2.281783179360297709e+01 2.647991670891445892e+01 1.886557860586255586e+01 2.303189884992134395e+01 2.385901454828647417e+01 1.652057777413754636e+01 4.653955525855473674e+00 1.610664039228236533e+01 2.578209510423623740e+01 4.601556113728542385e+01 3.744273308964538671e+01 1.126140018255007647e+01 8.338922701965104878e+00 2.851473346884004911e+01 4.207233982111488757e+01 4.964215081315118283e+01 5.926792576372501031e+01 4.592425081293807665e+01 2.990049815987088877e+01 3.338178222611750101e+01 1.959569739268108179e+01 1.594313660127133225e+01 4.797869777190359741e+01 4.415597259875074343e+01 2.997829143477852654e+01 3.944519310947553947e+01 2.606698159314063545e+01 4.265179171030697347e+01 4.325849824280004441e+01 3.594507839598534815e+01 3.314074088326700007e+01 5.341055318052799095e+01
1.766589122093755728e-03 5.927202364820754354e+00 1.717680055232871439e+01 2.190983344255318954e+01 3.334047004378086765e+00 3.743335689569230240e+00 1.398003475449383970e+01 2.330067573437739625e+00 2.632882010876033796e+00 2.940860295201730867e+00 3.256328871915400214e+00 3.581504625108160145e+00 4.717208964099923740e+00 2.572606947640448283e+01 4.362949756617597075e+01 3.687954298599722591e+01 7.855703415276303225e+00 1.446716881766927010e+01 2.814782354179432389e+01 2.359696972322461050e+01 3.430108699440945230e+01 5.186580098758498281e+01 5.183275097313779156e+01 3.843294900716264806e+01 3.771888199849874468e+01 2.580089667804574916e+01 1.627322369049594641e+01 4.062112707204408935e+01 5.799408714579507773e+01 4.985791558803061463e+01 3.990402649967399640e+01 4.558285224148691128e+01 3.589985868333729258e+01 5.526616272329171409e+01 5.023120640956766891e+01 4.754110336073895127e+01 4.974349642502571101e+01
