LEM/sinusoidal_perturbations/elevation_000102.asc
nrows	100
cellsize	150.0
xllcorner	0
ncols	100
yllcorner	0
NODATA_value	-9999
[rows 0 to 16 of 100, columns 0 to 36 of 100]
8.271705653423140972e-03 2.000827170565306901e+01 2.931063234730163813e+01 3.447505871937069344e+01 4.024936080633305835e+01 4.691761786916494259e+01 5.521868431690732848e+01 6.524705644706106966e+01 7.307827665874066270e+01 6.481164086573090799e+01 6.481164086573090799e+01 6.509794482028442530e+01 6.249963381378325522e+01 7.077004566378204231e+01 8.232157598048587488e+01 8.105210207961016522e+01 7.278356783102671557e+01 8.105210207961016522e+01 8.639514451982222454e+01 7.811215688338160135e+01 7.551813629941092643e+01 8.380067360680877186e+01 7.684958118139239502e+01 8.270548379787014426e+01 8.440554146516895173e+01 9.268901942327852339e+01 1.003729405160203925e+02 9.222462695959700341e+01 9.449399232041352548e+01 8.631452243697282256e+01 8.889976172068881510e+01 9.706579418351860511e+01 8.323400581730267334e+01 7.128698766542612475e+01 6.279083953188631995e+01 6.549007460276799009e+01 7.152413017063793177e+01
7.813061968023241044e-03 4.596127739379278765e+00 9.310172947289879986e+00 1.447415074225057552e+01 2.024765343505033499e+01 2.691432014445686960e+01 3.691433545837799812e+01 5.692381080352374312e+01 6.481164086573090799e+01 4.467311965196867618e+01 4.467311965196867618e+01 4.496204547999455770e+01 4.233870104303137794e+01 5.402622095627094012e+01 7.407453103389876503e+01 7.106221237783393008e+01 5.279642707388353529e+01 7.106221237783393008e+01 7.811215688338160135e+01 5.811806007423062681e+01 5.552344046818281953e+01 6.868672603227533102e+01 5.685503691031015450e+01 6.271130362801709168e+01 6.441435222102997216e+01 8.440554146516895173e+01 9.222462695959700341e+01 7.215059408963900012e+01 7.803014219148803932e+01 6.613026996591401030e+01 6.876330813247655271e+01 8.889976172068881510e+01 7.484045691260335786e+01 5.396990739743638699e+01 4.186098485331319097e+01 4.458362497312489836e+01 5.070698223759953294e+01
2.526786264046545528e-03 2.000252678626369018e+01 2.931063234730163813e+01 3.447505871937069344e+01 4.024936080633305835e+01 4.691761786916494259e+01 5.520752685446708341e+01 6.520579685880801435e+01 5.681219321659964550e+01 4.850452840936725352e+01 3.036845756829529819e+01 3.065685974314986595e+01 4.233870104303137794e+01 5.663458964404944851e+01 7.665910299227141422e+01 6.278999745245512543e+01 4.279033471860887516e+01 6.278999745245512543e+01 7.468839518716258397e+01 6.397419544593067542e+01 4.396476784186419451e+01 4.868253165181202036e+01 4.269984301391692583e+01 5.027216823932725021e+01 6.441435222102997216e+01 8.440554146516895173e+01 9.222462695959700341e+01 7.215059408963900012e+01 5.769417956796786484e+01 5.426420496035252228e+01 7.466113883941564211e+01 8.780859884822716310e+01 7.044829350794638856e+01 6.212417880342106713e+01 5.070698229765861953e+01 3.035383672896126583e+01 4.239784559447450363e+01
4.163169627051843593e-04 1.414255194067193777e+01 3.414255176330764385e+01 3.699645382426216145e+01 3.444910572533621718e+01 4.284243556899559024e+01 5.472478763493976572e+01 5.403392670737775205e+01 4.518253408919191116e+01 2.832546247195197964e+01 2.276590237090230318e+01 4.293550251850481203e+01 5.916299782677155861e+01 5.596866672977719048e+01 6.424884929001153466e+01 5.612344320783807206e+01 3.611155612203064180e+01 4.642008252931636036e+01 6.641725595689868555e+01 6.868669093103821410e+01 4.868253155489842499e+01 3.450134731754610584e+01 5.454165951250949718e+01 5.491717185370952592e+01 6.906244008886311292e+01 8.905635623343439988e+01 9.208639435621135760e+01 8.048555712553586261e+01 6.786216087972799471e+01 4.741645723390571021e+01 5.927939414073151170e+01 7.958643827995324216e+01 6.212417880342106713e+01 4.190748214446451669e+01 4.782662139631025155e+01 4.234505396247704567e+01 1.836238533085687408e+01
5.883922493566802643e-03 2.000518657090271901e+01 3.112230339921215005e+01 1.730697411636139904e+01 1.478333963086005198e+01 2.595183304173322725e+01 4.611443973002285901e+01 3.979215615174066301e+01 2.556867878767414837e+01 1.671799921218466167e+01 3.685413925840531135e+01 4.053821469712541870e+01 4.624497130470975748e+01 3.595259159121572878e+01 5.269695045492141361e+01 5.008963222505898472e+01 3.006525301307921794e+01 4.423182840398781934e+01 6.423162165560982828e+01 6.483684413106239219e+01 4.482290194061859268e+01 3.063195781776963855e+01 3.855850115693797164e+01 5.272889124221236301e+01 7.273139206203627793e+01 8.943511379064662492e+01 8.388846779629436412e+01 6.367026255197445295e+01 5.185401703636851778e+01 4.309710150214898761e+01 6.350312221604411889e+01 7.412861405846376783e+01 6.170624073056166026e+01 4.134524778879350038e+01 2.793936118872844077e+01 3.693755279756548049e+01 1.825831876822689637e+01
1.256007409845548732e-03 1.976481919425793166e+01 2.040437552475240324e+01 5.461561179526681187e+00 2.302878725898271384e+01 3.909294750128815110e+01 4.622498939640623661e+01 3.147130713830870263e+01 1.133486199397701633e+01 3.147252911795695951e+01 3.460308975673199683e+01 2.053499157340857195e+01 2.626673516971822053e+01 2.438893820592095807e+01 4.441238036040800807e+01 4.536984078177840729e+01 2.533860947669640851e+01 4.536984078177840729e+01 6.083398840612675684e+01 6.371149898700686265e+01 4.702374709329824043e+01 2.697107487200343101e+01 4.115881618717365598e+01 6.118294282924519933e+01 7.720295886811166497e+01 7.009437866702108977e+01 8.385659131983733516e+01 7.372144811054032232e+01 5.337984226966740664e+01 3.901335692717742631e+01 5.933776068023516359e+01 5.385216972343162212e+01 5.803803072802843843e+01 3.700139021522078764e+01 2.264597603760257272e+01 1.756022777212086083e+01 3.768497796924452103e+01
9.594114293757748102e-03 3.405005090526033174e-01 6.714522100454295428e-01 3.942678664673479272e+00 1.292966685052153863e+01 2.595088489028867684e+01 2.761767394559117506e+01 2.801793045555820427e+01 7.914988955195979337e+00 2.358247754825489295e+01 2.368526088401221941e+01 7.941231459735984544e+00 1.296002537428053536e+01 3.285184064241169466e+01 4.361867331563718864e+01 3.533243156920602246e+01 2.096549781957094538e+01 3.253757193217309407e+01 5.255674140043276310e+01 5.542105825818405407e+01 3.538515416737718056e+01 2.381533837274593779e+01 3.798634078534234959e+01 5.801685079005205381e+01 5.844009780081977112e+01 5.706449654417045991e+01 7.575914883159815361e+01 6.755449579326374021e+01 4.719465480183729511e+01 3.556145995551096917e+01 5.109443248451038500e+01 3.952815649075564153e+01 5.644871314280014474e+01 5.167618379758658165e+01 3.718667952105501939e+01 1.706995956113027191e+01 3.716665337473182262e+01
7.711341127313004785e-03 1.653510374365524171e+01 1.870499896080528046e+01 1.140402635510355145e+00 1.472055111002813499e+00 2.147561953390022538e+01 1.378626136380803402e+01 2.261106762571007067e+01 6.391489505067530885e+00 3.398210119324462486e+00 3.730415719779450967e+00 4.064728835805215823e+00 2.375336949986606427e+01 3.275501852222571131e+01 3.007202866866536795e+01 1.530141427339100879e+01 3.533243156920602246e+01 4.057961615285260848e+01 4.887580298747135998e+01 4.522522769084567784e+01 3.693548901385723582e+01 2.088929689257881961e+01 3.243049981844983876e+01 5.247368420237125974e+01 4.605052754202529997e+01 5.499343533625396674e+01 6.274826016584616895e+01 7.585148420297446137e+01 6.282092889393138080e+01 4.251004130427938321e+01 3.096103253427535051e+01 2.800325815148701025e+01 4.407707683276952082e+01 5.241313436380677615e+01 3.689565157521136030e+01 1.658098956621259390e+01 3.577026952482360400e+01
2.297228869525369630e-04 1.173614838138800387e+01 2.993668560666468537e+01 2.349835790561975557e+01 6.460724948827322400e+00 1.940673768522298115e+00 2.272125146844562682e+00 2.602548788632667254e+00 2.931554454885803018e+00 6.191095089417944841e+00 2.316595918145667099e+01 2.376153736893431656e+01 4.544514865876601029e+00 2.454519298682241768e+01 1.004492691378230873e+01 3.005844148329864751e+01 3.704568724868582308e+01 2.077500005429207164e+01 3.740372905435611273e+01 3.693623322231235306e+01 1.698705679538477753e+01 3.693623322231235306e+01 4.919178388351070907e+01 6.080032174788194510e+01 5.499343533625295777e+01 3.755787834439348671e+01 5.499343533625331304e+01 6.804126560234446686e+01 7.114032725285552772e+01 5.945206244218439906e+01 4.512971708110841007e+01 4.407711797046954416e+01 2.402067857347001478e+01 4.025199320195167729e+01 3.943656997367790495e+01 1.609384236989541250e+01 2.750137979699919910e+01
9.647730019007896146e-03 1.924843972714877793e+01 3.688109069258201345e+01 2.826483295766253789e+01 8.374179002230347280e+00 2.195412521292243113e+01 2.234931672927117319e+01 2.246531152216843452e+01 4.784969283008557284e+00 2.509167860335481848e+01 1.088696088777668436e+01 2.993468791480487923e+01 2.422643768980989165e+01 5.028862239011910873e+00 2.506468324986426310e+01 2.642054469879002454e+01 2.573122756759284258e+01 6.720688310383868824e+00 2.914268324044418179e+01 3.063884852452284591e+01 1.437980119282701175e+01 2.840928428385434046e+01 4.842028593403628633e+01 5.805102376203502956e+01 5.015781440511895539e+01 3.248742989357374711e+01 4.232758520115135781e+01 6.019839545193786279e+01 6.767682307525468843e+01 6.257514870703582233e+01 6.523738788446109993e+01 5.236544569063912746e+01 4.019014084211462290e+01 2.021365824157484070e+01 3.650353753218436026e+01 3.398814351511742160e+01 1.540876531323725906e+01
3.582433992925927561e-03 1.414571889350484923e+01 3.414595503775140628e+01 3.655202771682840535e+01 2.826718850668098781e+01 1.611089535025424624e+01 3.611012154407432462e+01 3.419327102153172149e+01 1.973325801245145072e+01 3.334315556077019238e+01 1.430580240223674693e+01 3.397135654222090295e+01 2.872495146729738025e+01 1.168489124918643185e+01 5.516848722812361494e+00 1.189829580655025687e+01 6.479576649415076162e+00 6.821401596114021082e+00 2.646660097578112669e+01 1.081901353690215117e+01 3.061817525277773910e+01 4.252006891948152401e+01 4.719392990196143245e+01 3.989114943481075670e+01 3.989115085345380862e+01 2.727926408472918496e+01 4.572367407722475008e+01 5.377477889788275434e+01 4.860953502505878987e+01 4.315347323695503690e+01 5.637868072522078222e+01 5.781186988076956368e+01 4.857704421346313950e+01 3.656522347284858654e+01 1.655131135260966246e+01 1.473538312584742727e+01 1.800136128972441796e+01
1.813270376062421294e-03 2.000181327037570611e+01 3.645346665372147754e+01 4.645853025995306496e+01 4.438739295090054782e+01 3.611367711024652749e+01 2.556452291098437257e+01 4.552136294453271148e+01 4.052409114401937984e+01 3.765375719155156276e+01 1.784513098444909929e+01 3.766249831572095275e+01 3.696975210046635851e+01 2.820911393272342238e+01 6.160584630442459186e+00 5.998300079401675866e+00 2.601444240669997399e+01 2.247798935657138486e+01 7.303268875479490774e+00 1.953404434366605003e+01 3.458216428453908975e+01 4.089357938523799163e+01 2.653597306930894817e+01 3.786383515734300431e+01 2.040332078171515917e+01 3.989058665192469988e+01 4.796148377655774198e+01 3.466743118119179456e+01 4.332821129748485589e+01 2.959916617554830509e+01 3.833878801837069261e+01 3.801350466305106579e+01 4.170292664102900915e+01 3.341883566549904572e+01 1.408106529157174869e+01 3.389366035309229375e+01 3.698213339438235181e+01
2.372884694381488524e-03 8.167338694120502396e+00 1.816733876196149211e+01 3.230951855687602858e+01 5.231367336533303103e+01 5.381277206377929900e+01 3.451458038822621432e+01 5.381277206436499938e+01 5.264784312152493584e+01 3.304860647589079292e+01 2.157017021227158082e+01 4.133221856825686302e+01 4.766417658526568601e+01 2.678920703356031296e+01 3.272754273916910961e+01 3.532749019583353345e+01 3.238248051037044206e+01 1.256223974363039275e+01 2.528470035469878852e+01 7.791616549541072523e+00 2.760144709115343176e+01 2.862741209861825098e+01 9.171565666790943538e+00 2.973952264877652496e+01 1.603571455207260854e+01 3.388176912052284706e+01 3.096804570585272742e+01 2.082241708947460879e+01 2.506468696767646165e+01 3.124652599454576674e+01 1.823225284715167760e+01 3.155360910469736524e+01 3.272965041540254560e+01 1.344969417850043669e+01 3.340441780814266792e+01 4.157008405346066837e+01 4.883530373606244268e+01
8.175220331382775790e-03 2.000817522033102591e+01 3.181325972436649252e+01 3.888582193491703975e+01 4.718844157621732904e+01 5.875412165472368287e+01 4.600987696005948635e+01 6.273343343120489379e+01 6.086403115792688823e+01 4.535029898474282106e+01 2.566580545302201699e+01 3.961524267699097379e+01 5.581183389811483408e+01 4.766417658526568601e+01 5.112856386055786118e+01 3.206044607792215118e+01 1.811153874465563973e+01 3.239425240266321993e+01 3.139850454187838125e+01 1.127798657939703730e+01 8.283098105178893888e+00 8.631986540913533901e+00 8.981716572283142241e+00 1.901528946157315048e+01 2.696974291089245312e+01 1.033378184350414131e+01 1.068817544257934848e+01 1.104122321313827193e+01 1.139141163895520847e+01 1.173821307670886860e+01 1.208144013679258144e+01 1.242194287420981702e+01 1.278572673067243137e+01 3.273821329529651791e+01 3.382566093344544100e+01 2.961303362832254038e+01 2.881952324788541731e+01
9.124702163186202558e-03 5.782627394059557169e+00 1.181285428562169670e+01 1.888392209977253344e+01 3.043094370189878362e+01 5.043746932398824612e+01 6.591976912547467293e+01 7.427098078966780292e+01 6.357380035429171983e+01 4.399545705501587634e+01 3.014400298063948114e+01 4.972982104297555139e+01 6.744541561665596419e+01 5.607039542835808277e+01 3.604561284350540973e+01 2.453236250316196276e+01 3.803167579871910675e+01 3.803167570809962683e+01 3.979841310483985950e+01 2.202173490427441749e+01 2.517364984509680781e+01 2.570449871232235850e+01 1.624029255339053890e+01 9.475020902553090707e+00 9.831809911263647450e+00 1.789625859240268113e+01 1.488350258559719563e+01 3.076401950758281245e+01 3.144967928752383912e+01 3.166095850370840381e+01 2.287261486285036227e+01 2.858060919882465001e+01 1.339220270080847719e+01 1.351210014710338037e+01 1.400685150248700594e+01 1.452151253876597892e+01 3.459285535672682244e+01
2.239863785106879172e-03 2.000223986378475161e+01 3.181325972436649252e+01 3.888582193491703975e+01 4.718578717150582946e+01 4.780481772462039203e+01 5.608731958957744723e+01 6.763288988820217185e+01 6.574785800861099005e+01 4.612984938518808775e+01 3.565169537263342647e+01 4.941452950631402530e+01 6.909744783898662490e+01 6.437692607943569101e+01 4.967643099334149781e+01 2.966939652187426901e+01 4.967643099334149781e+01 5.805986080772657942e+01 5.032074399773045315e+01 4.177980061215409791e+01 3.847790059856126277e+01 3.104303953195733001e+01 1.160589728703109813e+01 2.954087672863731839e+01 3.042101995805702686e+01 1.685402174522826257e+01 2.666128947188376941e+01 2.113606344600012221e+01 3.988157084699451360e+01 4.953168144694785013e+01 4.208986198173752058e+01 4.065764967044043487e+01 2.469584028841493151e+01 2.757021803101391200e+01 3.403054852793987806e+01 2.174967544010110743e+01 1.528144899107246246e+01
1.766589122093755728e-03 1.414390221285316862e+01 3.414390221285387383e+01 3.217556365189024348e+01 3.625637185382512939e+01 2.780513601391641032e+01 3.935213392470040361e+01 5.935139852548802253e+01 7.403154675680788444e+01 6.342792561722708911e+01 4.436535065268921585e+01 4.942271968082683742e+01 6.912635204451946436e+01 5.863817294073801634e+01 3.859910874954796611e+01 4.967643099334149781e+01 5.798306802586736097e+01 6.706934539858653466e+01 5.635349541350552727e+01 4.674483191473273536e+01 3.405876762535228863e+01 1.373266140364681931e+01 2.947853520039691233e+01 2.920170280031533139e+01 4.508960932277420852e+01 4.032402104756396710e+01 2.870554245663398873e+01 3.990416153771919028e+01 2.792612761680383215e+01 4.101345634059578771e+01 5.941627635138615204e+01 5.326590849175403974e+01 4.489263924222807134e+01 4.776158573290265963e+01 3.746093472152099935e+01 1.735230830177668793e+01 3.539096497043426126e+01
