LEM/sinusoidal_perturbations/elevation_000595.asc
nrows	100
cellsize	150.0
xllcorner	0
ncols	100
yllcorner	0
NODATA_value	-9999
[rows 51 to 67 of 100, columns 37 to 73 of 100]
6.647064880326561820e+01 5.166106496750329313e+01 5.813674064671053543e+01 6.529276670781250402e+01 7.530779906512209720e+01 9.528948207721029462e+01 9.972724751613584715e+01 8.668016244228456912e+01 6.666468628712857480e+01 8.668016244228456912e+01 8.562531931604279123e+01 6.583123022104710742e+01 5.422349568802168562e+01 7.419719664747198351e+01 7.592522519536628067e+01 5.762345561161315288e+01 6.982516535822342973e+01 5.531667508446005144e+01 5.716959275302539112e+01 7.714314502351057001e+01 8.799440750101594233e+01 9.461331808226977103e+01 1.028798584945829049e+02 1.117958574638913660e+02 1.213267913150173456e+02 1.129367222129851314e+02 1.028391722867241924e+02 1.171385819275530906e+02 1.178964002315057371e+02 1.178964002315057371e+02 1.262931507980296431e+02 1.118377224232547178e+02 9.292964132075653083e+01 8.069680325926159981e+01 9.292964132075653083e+01 1.127195094002038473e+02 1.085517431623862450e+02
4.616277244986464723e+01 6.647102328311319752e+01 7.822549603499616921e+01 8.529864057116618881e+01 9.359456685121179476e+01 1.035959322535262004e+02 9.143551592591580857e+01 7.140214039127046419e+01 6.057339605806548377e+01 8.064526931437924873e+01 8.174337907362021838e+01 6.188827885198952572e+01 5.009765461631504735e+01 6.515370258386182911e+01 6.467231960288117421e+01 4.720826600940709028e+01 4.946483046559892927e+01 5.264134367838441619e+01 7.283553795940282782e+01 6.791172892281660722e+01 7.780972368367527281e+01 9.184298586714093915e+01 1.117650308288399117e+02 1.181716316655566743e+02 1.129367222139608202e+02 9.281142738550174442e+01 8.865779944739081486e+01 1.070691064313022167e+02 9.773686172435986919e+01 9.773686172435986919e+01 1.178964002315057371e+02 1.210011116118000274e+02 1.086123203874277010e+02 9.048492046263079658e+01 1.086123203874277010e+02 1.143033422266101127e+02 9.451373371540243795e+01
6.058280269383097050e+01 6.058280269383097760e+01 8.068644528800255955e+01 8.495490588488542016e+01 7.660351603412975408e+01 8.495490588488542016e+01 8.924682211693337308e+01 6.920955307006965995e+01 5.487008741495369435e+01 7.507833329743667150e+01 9.001055201953199969e+01 7.852947547157867803e+01 6.515370155686291298e+01 4.476736982071683713e+01 4.416903259605755494e+01 6.467232052628321526e+01 6.847468050529485595e+01 5.721755907665574625e+01 7.648784433835476193e+01 8.774387071249725523e+01 9.599823579236823434e+01 1.059458633803245959e+02 1.122903395095254524e+02 9.801328103570934047e+01 1.096524590060792690e+02 9.870598975944400877e+01 7.870097938068107624e+01 9.361655688416855980e+01 8.359165992082554908e+01 1.036414538475116274e+02 1.157739274009530419e+02 1.258717615084244983e+02 1.185265246121725369e+02 1.102403239791273677e+02 1.185265246121725369e+02 1.108649616063233907e+02 9.111839139755001327e+01
8.068644528800254534e+01 8.068644528800255955e+01 8.898564744247603642e+01 7.484935054547774769e+01 5.637207905228128624e+01 7.484935054547774769e+01 8.476635254970935307e+01 6.467501588007714020e+01 5.020663412839235207e+01 7.055963213881777563e+01 8.358285056871538643e+01 7.602281073388303412e+01 5.583491335057983918e+01 4.127696696133885013e+01 6.174782739233154416e+01 7.296332341855861614e+01 8.410527437099726455e+01 7.648784433835476193e+01 6.572442755468090070e+01 7.510233821274719901e+01 8.924848950645264267e+01 1.098718258078639991e+02 1.022423203583404501e+02 8.387024959234483390e+01 8.956083066188779185e+01 9.267425218221040950e+01 7.273929202237553682e+01 7.367076978413747668e+01 8.026959825383913483e+01 8.730522629284024561e+01 9.731077361766493539e+01 1.174725554826277261e+02 1.308044569624516384e+02 1.226028517593530580e+02 1.308044569624516384e+02 1.191446873378698967e+02 1.024549599553482295e+02
7.172449381610529429e+01 6.348907292416656389e+01 7.172449381680731051e+01 6.648765459827951929e+01 4.605526433795907337e+01 6.648765459827951929e+01 8.066522562588140488e+01 6.049835383054044513e+01 4.596440734446720455e+01 5.500503840618750928e+01 6.929394448273694707e+01 6.595214029689257984e+01 5.761981818192199967e+01 3.958864689222068023e+01 5.999246557464580576e+01 7.617687543545770268e+01 8.444194079467213498e+01 9.363835661666418275e+01 7.663797323698496200e+01 9.363839286246296467e+01 1.037760977777130478e+02 1.080924563506329861e+02 8.801264759557179218e+01 7.394202799186241748e+01 7.547918736764223979e+01 8.264161948460743190e+01 6.725762281938149556e+01 7.610509821427912414e+01 9.607699101435109412e+01 1.073916645501463449e+02 1.157739274009530419e+02 1.258717615084244983e+02 1.209908665176843954e+02 1.030474315573217297e+02 1.209908665176843954e+02 1.194982645494631299e+02 1.223532375074246659e+02
6.245417223339469359e+01 4.550406479574933627e+01 6.245417223342438717e+01 5.967636849826760681e+01 3.931040037906780782e+01 5.967567787787709221e+01 7.389711756624133443e+01 7.473016086835795591e+01 6.094209057013519981e+01 4.051317862235006118e+01 6.094209057011854469e+01 5.529087034958271119e+01 3.731592944870095607e+01 5.716657054026406826e+01 4.875056356884679332e+01 5.607329806472239397e+01 6.777064646007764281e+01 8.766654950763998499e+01 9.688561016840601781e+01 1.053669474866823350e+02 1.039035578532360375e+02 9.555368507654303301e+01 9.722757086105254132e+01 8.391795770343125582e+01 6.401326914637455445e+01 6.273442040013330967e+01 8.264161948460743190e+01 9.547450245777314137e+01 9.238567425728260218e+01 1.125014670622910984e+02 1.252839110030640057e+02 1.190192275646493982e+02 1.109123442376646693e+02 9.323742137212629189e+01 1.023554112518288264e+02 9.988453693325848803e+01 1.138366945619595469e+02
4.550570685399200244e+01 3.698414616723046322e+01 5.337767722745456922e+01 4.673493620079736388e+01 3.381873531277611278e+01 4.519565701307718797e+01 6.554561953243840833e+01 7.182789704606432224e+01 5.149096710587996739e+01 3.711777269289952841e+01 5.304388589140641841e+01 3.506805745639760374e+01 4.212603895086812145e+01 6.248813403156835733e+01 6.906685765249045517e+01 7.617687543545847006e+01 8.444200372828123591e+01 9.596767151080484837e+01 1.036963404783339371e+02 1.118888310989036938e+02 9.555368507654303301e+01 7.557761683431492372e+01 8.142847176101820139e+01 6.892473299401662246e+01 5.838598273843201270e+01 7.839739037923060039e+01 8.264161948460743190e+01 1.026650576648481490e+02 1.125014670622910984e+02 1.197000153212493672e+02 1.060204725303870532e+02 1.109123442376646693e+02 9.126509157830538754e+01 9.702453215819595300e+01 8.267121613258638035e+01 8.596751448813543561e+01 9.734577543817258061e+01
2.722184161243865574e+01 4.184121714056455232e+01 4.255638274464251936e+01 2.731262384228525519e+01 4.673250289649777756e+01 6.067049552881137231e+01 6.877350924160019474e+01 7.052719735946594426e+01 5.463761572166563241e+01 3.386881399988553909e+01 3.285843095476702302e+01 4.447085722021121512e+01 6.249801111925808783e+01 5.507756873766742700e+01 6.941280059526630453e+01 8.939964581788349562e+01 9.784732036437040392e+01 8.962730950536827379e+01 8.380580962983702875e+01 1.036963404783339371e+02 9.555368507654303301e+01 7.557761683431492372e+01 6.146471890569871732e+01 5.459473798706564196e+01 7.477389493905846507e+01 7.839739037564976343e+01 9.839604621864165779e+01 1.017798834957259828e+02 1.099016460157914850e+02 1.100102112697428964e+02 9.229311070849283283e+01 1.100102112697428964e+02 9.702147974506570449e+01 7.729658921792039905e+01 7.607464489306617850e+01 9.580353362153738317e+01 1.138366945619595469e+02
2.128062693881872747e+01 2.183528836138637530e+01 2.240184569115885793e+01 2.298030811647361560e+01 4.328324755238160293e+01 4.042652144624405963e+01 5.739985061233865338e+01 5.652013225327225854e+01 4.292317317334697435e+01 3.065089689687111374e+01 4.492373997470036073e+01 6.138546862552591676e+01 6.475485916386935514e+01 7.526681188007988510e+01 8.353776209510169792e+01 8.846543239634296185e+01 8.022347440486927894e+01 6.967020362498487884e+01 8.961407927880895841e+01 9.816674971911250225e+01 8.976330570347198545e+01 8.974058734377547353e+01 7.242811509730204023e+01 5.211445302608758112e+01 7.242811509730204023e+01 9.001627741938541760e+01 9.857434641331494163e+01 8.215554915620539589e+01 9.857434641439557765e+01 1.019778413442377882e+02 8.245723683484006017e+01 9.221770139830242385e+01 8.955984772816663053e+01 6.984654981053270717e+01 8.955526242974121942e+01 1.039417391583384500e+02 1.081361817241801049e+02
4.265772669484678659e+01 2.678226700707736896e+01 4.267578656931007686e+01 4.328288955775875024e+01 2.382928757246274287e+01 4.414984343360998764e+01 3.903704067411924683e+01 4.674104667009277136e+01 2.865939928172273454e+01 4.889958579085287482e+01 5.923297956543169107e+01 7.354218322004642516e+01 8.482452509844664235e+01 8.578674112407732366e+01 7.752378623003313862e+01 7.263056127092339409e+01 6.013199544289296483e+01 8.022347440486927894e+01 9.784732036437040392e+01 8.976330570347198545e+01 6.968454579934450521e+01 7.555870717845731122e+01 7.011315845769519228e+01 4.967602355633967903e+01 6.163255702942814906e+01 8.169787544807857671e+01 9.044976877448964103e+01 7.073987639682701456e+01 9.044976877448968366e+01 1.014740762686332118e+02 9.220105752744426297e+01 7.258876200062891826e+01 8.420472928396252144e+01 6.624505283941483924e+01 8.596070841073066049e+01 1.003469167887258919e+02 9.211925263355743709e+01
5.187035697681889701e+01 3.187615976251803218e+01 5.187580366276716859e+01 5.088342404763331928e+01 3.344899242076873236e+01 2.469555806894138783e+01 2.531340544270387127e+01 2.669199547848431564e+01 4.697347583483487199e+01 5.724566876202888466e+01 7.430539197096202031e+01 6.612645022094457659e+01 7.462179662974779148e+01 7.408315680769295852e+01 5.734501955919960636e+01 5.235758324843878597e+01 7.263056127092339409e+01 8.846543239634296185e+01 9.202707501580474059e+01 8.369600976966104611e+01 7.555870717845731122e+01 5.529753926669663855e+01 6.472596506177511344e+01 4.732957416613636070e+01 6.196494208890063504e+01 8.207914069313433458e+01 8.348126949250990947e+01 6.365703324075566627e+01 7.359542733071874920e+01 9.333377373649996400e+01 1.002571010372929834e+02 8.420472928396252144e+01 6.450914797613964424e+01 6.271597549280824069e+01 8.247543997322671316e+01 8.532902316212818050e+01 7.232493559795561566e+01
6.013356008528619867e+01 4.337565408902258213e+01 4.139546645575229888e+01 5.959133209464359027e+01 4.319842820393905924e+01 4.501945151658807021e+01 4.563577668171743795e+01 2.629717098498097627e+01 4.661179931568774037e+01 5.594744153519081209e+01 6.361493286831961314e+01 4.641972674927659881e+01 6.441689832251967118e+01 5.995638993571547104e+01 4.547033766763355800e+01 6.587356986071273468e+01 8.089867559045715950e+01 9.613491113681477884e+01 8.369571250118006844e+01 6.358743765504625145e+01 6.947694590976620077e+01 6.175482859342085362e+01 4.414165039607109975e+01 6.472587190658403244e+01 7.618269157414422921e+01 7.831616838184487506e+01 7.012950791605136658e+01 5.718017923607283848e+01 7.143235915342330600e+01 9.116629638494750054e+01 9.413775956222139030e+01 7.911961504380660415e+01 5.929302068540673787e+01 5.922241424613438454e+01 7.890084012932531721e+01 6.554987975271112077e+01 8.438243851711072807e+01
7.172963245481284389e+01 6.348630750833748237e+01 4.992691681857373709e+01 5.862802818248687231e+01 6.300374549645258071e+01 6.316687581364014648e+01 4.289108505531346793e+01 4.661072212658907432e+01 2.728580903133695301e+01 4.759130562013273646e+01 4.927873327116973456e+01 3.677147361022502992e+01 5.618889140949768546e+01 3.971714471834159355e+01 6.010044873515725072e+01 7.417545691661288743e+01 7.728693784741764716e+01 7.728632640698816658e+01 8.235047001038432768e+01 6.947665533143624828e+01 4.904597922912270747e+01 4.121428293867769099e+01 6.075519425734510293e+01 6.178700955236038084e+01 6.270824016466500694e+01 6.371462060608023137e+01 4.977162461136689586e+01 6.966685113619293190e+01 7.829749283800728676e+01 8.542276776397426374e+01 7.968245350374250791e+01 6.605172415416940623e+01 5.422955372275956876e+01 5.663994644893526953e+01 5.903649647382092525e+01 6.181528520090527223e+01 6.461818537210835700e+01
6.539931980109241749e+01 7.838833488342004330e+01 6.152712267270163693e+01 7.641179475536957000e+01 8.405759921205428498e+01 7.148931751865647755e+01 5.622672347932893189e+01 3.593988180495210827e+01 4.614096224538380397e+01 2.828498777697362598e+01 2.900030376109782893e+01 2.971805621061012559e+01 4.999657078247448538e+01 3.593786615968314635e+01 5.620925245497371492e+01 6.400378252019407910e+01 5.816858212793714245e+01 7.214692078911204476e+01 6.230718915554191994e+01 6.680420371372059662e+01 5.847479295546516909e+01 3.927970292641573735e+01 4.023353263071233243e+01 4.118815764481762898e+01 4.215131101621237519e+01 4.312755821896592323e+01 6.356259727243183733e+01 6.621490189591038700e+01 5.866024919875792420e+01 6.820493199030252640e+01 6.863108791806246245e+01 5.156207682745699827e+01 7.187253020623727195e+01 7.662799564639718142e+01 7.891110880178976572e+01 7.581141544760940576e+01 7.600794571419631040e+01
6.435008008385014477e+01 7.539271831372282406e+01 8.158639913529934518e+01 8.839220174733650026e+01 7.803435471579393834e+01 5.784490735766631531e+01 4.609357459651349131e+01 5.622649756668216270e+01 5.341718731320437996e+01 3.321112537712680535e+01 4.928631522553975230e+01 4.999657078022848822e+01 3.074075980238326977e+01 5.100342523642129322e+01 5.084564309063143384e+01 4.411881847648478328e+01 5.488908161464091506e+01 5.021318014211696834e+01 4.786594659494597437e+01 5.723925310940396827e+01 3.809071989940251513e+01 5.813066138659798554e+01 6.032170557873187278e+01 5.153732003588965682e+01 6.269367178159110665e+01 6.371451447898640907e+01 4.457980409842548397e+01 4.562958958900216544e+01 4.669940590338984521e+01 4.780546796965803935e+01 4.892818360685441093e+01 6.940833261556063860e+01 7.953849885469256265e+01 8.725189954314190288e+01 9.546902896753772438e+01 9.560773372929816105e+01 9.582220842970180286e+01
4.836477527972142809e+01 6.711031534700092038e+01 7.644414104266367360e+01 8.470743146060715389e+01 8.655006139052480307e+01 7.471799204269241557e+01 6.046514113041651228e+01 7.471723136513276131e+01 5.876922518003555496e+01 3.840607474856577142e+01 5.876745429755586514e+01 5.886628041103562481e+01 4.866222783061293455e+01 3.178333479711362486e+01 3.252095401060899604e+01 5.228197327027661601e+01 3.466473041183502346e+01 3.543329456754535300e+01 3.619605133224266780e+01 3.695485043066521769e+01 3.773937628644552689e+01 5.910690878295792317e+01 6.959045663325575504e+01 7.148638084474556820e+01 7.114203683970984571e+01 7.352617164132557548e+01 5.685466745440339054e+01 6.622642186979255996e+01 5.314002803237247008e+01 6.833997120399966718e+01 6.940833260559816154e+01 5.096397636812368148e+01 7.131289168742226536e+01 6.741740335778195004e+01 8.725196759267120683e+01 9.689021058488010851e+01 9.907735212125518842e+01
6.434930900159146461e+01 7.323947983862960598e+01 5.660990690171232842e+01 7.323947984005185674e+01 7.901961548695553006e+01 8.730219732608186689e+01 8.061896059460802633e+01 7.309842135067340507e+01 5.283386924179258415e+01 4.559961833130098796e+01 6.597192233407102435e+01 6.643953297930173107e+01 4.616335281741235974e+01 5.203150320272850138e+01 3.624980223086276965e+01 3.356714760631950867e+01 5.378781254450326088e+01 5.566665473465992875e+01 5.645117256407067430e+01 4.291550460433663972e+01 5.904787146366785322e+01 4.102336900437155265e+01 6.197699728610879788e+01 7.313704057723103347e+01 8.931311933443041085e+01 8.728142061424793496e+01 7.881842749615574917e+01 6.746090506442787671e+01 6.770002332990011951e+01 6.745582559476960682e+01 7.953809583849213993e+01 7.131375375319657905e+01 5.302114295499805507e+01 7.322675605074755367e+01 8.504458580343813878e+01 7.645709883418790298e+01 7.870306788670886533e+01
