LEM/sinusoidal_perturbations/elevation_000687.asc
nrows	100
cellsize	150.0
xllcorner	0
ncols	100
yllcorner	0
NODATA_value	-9999
[rows 68 to 84 of 100, columns 0 to 36 of 100]
5.009162696260268353e-03 2.000500916269590590e+01 2.557968048814648654e+01 2.846778559422773114e+01 1.846458361552178218e+01 3.571773481094669478e+01 3.957164983001655401e+01 3.518952620490734517e+01 5.197776193229702812e+01 6.202325825260395220e+01 7.632149841615483865e+01 8.332027633717567028e+01 8.524568463263109663e+01 6.838942299863445839e+01 7.759905778287925671e+01 7.006412440407460451e+01 9.056486386696609259e+01 9.005059523521254050e+01 7.015263354522581096e+01 5.867187205374316505e+01 5.118742930958353554e+01 4.486985949559449693e+01 3.884512735969540387e+01 4.693261869069763037e+01 4.625247791838575750e+01 2.388040789595655511e+01 4.066107891411047603e+01 1.587198331884809477e+01 1.573193464698509381e+01 3.480955764444414058e+01 4.333736359074726607e+01 3.506403383810892649e+01 2.841938599626266893e+01 4.852635506690082678e+01 6.408673586202414185e+01 7.216202231959809410e+01 8.346439606464083738e+01
4.695337527364121070e-03 2.000469533752700713e+01 3.829188539392484358e+01 4.673968019869681711e+01 3.260787511065100830e+01 3.260924507137055173e+01 5.262670313434010438e+01 5.523335585723496877e+01 6.355993132050439698e+01 6.172201338182521368e+01 7.011819880240163627e+01 6.305214498297232950e+01 7.647533782928982760e+01 5.711578454033481478e+01 5.759169489130104580e+01 7.759905778286358213e+01 8.232861681588146041e+01 7.403804315887596488e+01 8.232477204004140958e+01 7.856250169717434062e+01 7.104465448089926838e+01 5.319820113990286359e+01 4.907946642142247384e+01 6.689536982919105412e+01 5.463812625013076740e+01 3.627109492466181706e+01 1.977726216672177273e+01 3.684038958940723063e+01 2.304974756581090745e+01 1.521860004950569589e+01 3.477579915413271294e+01 2.071189007565823559e+01 4.036958662997496106e+01 4.496064120930542174e+01 5.006327022058079024e+01 5.866767239180629900e+01 7.060538835195691831e+01
7.614146464036155443e-03 1.000761414646394876e+01 2.414974977019515023e+01 4.414974977019585367e+01 5.257751831160400968e+01 5.262538468700741845e+01 6.092855790318679254e+01 6.539402190800424819e+01 5.703825961525197386e+01 4.232230105462890180e+01 5.400617194252843234e+01 4.931401947343969994e+01 6.165496115529651888e+01 4.858158019650223736e+01 6.816749646668384344e+01 8.611051524590727979e+01 7.230392419606518217e+01 5.398612866793151710e+01 7.060426586556179984e+01 7.888451070873966842e+01 8.130804812677624227e+01 6.726022556892864657e+01 6.314167789639389383e+01 7.719188694187727151e+01 6.559777226309934406e+01 5.092595625574623597e+01 4.037240101827050864e+01 2.749060678892378107e+01 3.833296310939664409e+01 3.485134588866861804e+01 1.470692312392701773e+01 1.625111792380922893e+01 2.006175550926625561e+01 2.457589107909680237e+01 2.965275417546394365e+01 4.136407654073777707e+01 6.194658977968747138e+01
2.352828262072654761e-03 2.000235282826171712e+01 3.407828825978162968e+01 4.074495492659566054e+01 4.902922631474021387e+01 5.902922639184590281e+01 6.385578663054862858e+01 5.411872822270762384e+01 3.777530567908734582e+01 3.149640563326406095e+01 3.490831436851802749e+01 3.842395909669469489e+01 4.231016516416821815e+01 6.165496115529651888e+01 7.660424179757730201e+01 7.861805485948862326e+01 6.401151170190475170e+01 4.390613801791463544e+01 5.053334455402920611e+01 7.060426586556179984e+01 8.465671215014572226e+01 8.713708316003294385e+01 8.302175740742558219e+01 8.023167010911524244e+01 6.861119592144748935e+01 5.956048733665000583e+01 4.929935694123651047e+01 4.187463260209100469e+01 4.820947767733365197e+01 3.440186856331575171e+01 1.434892303188791729e+01 3.420435702736985917e+01 4.048732917155827238e+01 3.629148455738769741e+01 5.006327022058079024e+01 3.920604995082050692e+01 4.687881346986254982e+01
6.786455232800275850e-03 2.000678645523244370e+01 1.407828825962984531e+01 2.074495492629662863e+01 3.074495492629680626e+01 5.074495492689483456e+01 5.551834943388137589e+01 3.631522651575878768e+01 2.692542514335933745e+01 4.182589774147431427e+01 4.998387720363008668e+01 5.762945163647983549e+01 6.165496115529651888e+01 7.003852867933137816e+01 6.704369368872205825e+01 5.875010245636222095e+01 5.026677589227656995e+01 3.627335421009892258e+01 4.471172610554940263e+01 5.633884653071616810e+01 7.638203835657918717e+01 8.356396424520792721e+01 7.532710887402959088e+01 7.194497093995997261e+01 5.181223984152318707e+01 4.008872806983544024e+01 3.083594854439652977e+01 4.118091719787351224e+01 3.980522750681496547e+01 3.334047752792866959e+01 1.399162290866862435e+01 2.834339073520803254e+01 4.946623250150063456e+01 5.677450022306288702e+01 6.539345074735010144e+01 5.974580236415537371e+01 6.756414575053459259e+01
3.257643153035955173e-03 5.550259605405351238e+00 2.555025960544295671e+01 4.074495492657736406e+01 4.902922631474021387e+01 5.902922639184590281e+01 6.385578663054862858e+01 5.289467203859819477e+01 3.372296059006673374e+01 2.282718064507648137e+01 3.803008288584724994e+01 4.522291142278101006e+01 5.343351674936359075e+01 6.472265794597157651e+01 5.875010245636222095e+01 3.863082223258214043e+01 3.601570132381567646e+01 3.045074471879427236e+01 4.053916531557801761e+01 5.478517895452448272e+01 7.483501336647117341e+01 7.203595835945000658e+01 5.531609475583610447e+01 6.734147722348451737e+01 5.906630165304842706e+01 5.960232020711512746e+01 4.119622309820254458e+01 2.062462314149869158e+01 2.160715923862946397e+01 1.348692560411064889e+01 1.797684423984100022e+01 3.198778719732016640e+01 5.288069276237697380e+01 6.935357603312742469e+01 6.897902200056655886e+01 7.527266034627645297e+01 6.699162742023915484e+01
1.880098487986705483e-03 7.072947910353431844e+00 1.463223737053791140e+01 2.463223737053773377e+01 3.877437299426818385e+01 5.877437299200038012e+01 6.607910141506276602e+01 6.120126148211103612e+01 4.998354658067575684e+01 3.803008288584724994e+01 1.906613146516835400e+01 2.619247493838538787e+01 3.707002238025894059e+01 5.635996550252271220e+01 5.875010245636216411e+01 3.863082223258214043e+01 2.438820033104476082e+01 4.452362297753494147e+01 5.890385901349612396e+01 6.894784351217673191e+01 7.792091039336807512e+01 5.791430948869277984e+01 4.371339759480753884e+01 5.305136775373912172e+01 3.888801998969243812e+01 5.572517021130515502e+01 3.689273114954963972e+01 1.455791123205781190e+01 1.298782421649572072e+01 3.286031636875786432e+01 1.701989717698301519e+01 3.718777594132644992e+01 4.091210261926470793e+01 5.055373295547857992e+01 4.887147813766367932e+01 5.938583135605406937e+01 4.686858251173154599e+01
2.900726248362994839e-03 2.000290072624800786e+01 3.463223737019418991e+01 4.291650842697463020e+01 5.291650832249931824e+01 5.956155793931029763e+01 4.474678242595265232e+01 5.956156274244532511e+01 4.913247913999065730e+01 2.997197249876593972e+01 1.672536709066721627e+01 3.558395496320674312e+01 5.343351674903907877e+01 5.207570283298035463e+01 4.376345425157848013e+01 3.621011137935374080e+01 2.090367255324596130e+01 4.101848359938963284e+01 5.550741309136071777e+01 6.380600366811066948e+01 7.538872679547559130e+01 6.722746930132808529e+01 4.717943423114947876e+01 3.273759666119407541e+01 2.687709375116850197e+01 4.057066092739113827e+01 4.351173543586632064e+01 1.615266106432291693e+01 1.263551192021910019e+01 3.275975619565365804e+01 3.718771833375337366e+01 2.068373011321364174e+01 4.091210261926470793e+01 3.035800609585011856e+01 3.458425816770683525e+01 3.922596744470808261e+01 5.938583135605406937e+01
5.081304048347549951e-03 1.155197753377542469e+01 2.569124932687518026e+01 4.565129699332748459e+01 5.323421612272511538e+01 4.985509053528888046e+01 2.789117438742415800e+01 4.985509508533844780e+01 4.614934352589752109e+01 3.322850659892278458e+01 1.452709116146420953e+01 2.774811956639748090e+01 4.773572078650438755e+01 4.047205532450058740e+01 2.365269124401478251e+01 1.612557805095037722e+01 2.189882882061638725e+01 2.824613351739601796e+01 3.537035193756695151e+01 4.701696518242045642e+01 6.710558062439334037e+01 7.307949278807276983e+01 5.305136775373912172e+01 5.078457687150947919e+01 3.035673253536145566e+01 2.011196333383826484e+01 3.466455720494094095e+01 3.189691149430948869e+01 1.228282601553697440e+01 3.240501789341453076e+01 4.924010445277345127e+01 4.090604236857969767e+01 2.461375698426840941e+01 4.484151879010478581e+01 5.476084138210198660e+01 5.938583135605406937e+01 6.768135122884071109e+01
4.469920835086939326e-03 2.000446992083473319e+01 3.193422492761854770e+01 4.034284556659174115e+01 3.179238231447094520e+01 3.180626048171228604e+01 1.656956097721809584e+01 3.194295620798212809e+01 2.274305254523569531e+01 2.570115421305396097e+01 1.242154389485505561e+01 3.058364768733722627e+01 3.674448620459580894e+01 2.842598626712669230e+01 1.208429827880732965e+01 3.215249981555282233e+01 4.201726667676879856e+01 4.837327863796797800e+01 5.550741309136071777e+01 6.380600366811066948e+01 6.345541035945696962e+01 7.160522022819552035e+01 7.086109372045932275e+01 5.078457687141568755e+01 4.388053759545838517e+01 3.414441212857430941e+01 1.483569856019164845e+01 1.178342159316577664e+01 2.045922394845339198e+01 2.753816438248589193e+01 4.767233287571168887e+01 5.316047380303505321e+01 4.484151879010298813e+01 3.047615901677890804e+01 5.067137622738542291e+01 6.259479084841852625e+01 6.840135047892124476e+01
2.324776005098761877e-03 8.777531735526302725e+00 1.884286121929021718e+01 3.321723670688214725e+01 2.937035508098015057e+01 1.122308369409845952e+01 2.382341878751824282e+01 5.044439994253491655e+00 7.266748696442421718e+00 9.440619191469419746e+00 2.682866490166346196e+01 3.283789884244315260e+01 2.483549699704995106e+01 8.304187717724339279e+00 2.842598626725428801e+01 2.846263495519498576e+01 4.857174953164164322e+01 5.558150396594627551e+01 4.761799630572689779e+01 5.554457372477278909e+01 4.392516252246760899e+01 6.030488376832449404e+01 5.534013919947361870e+01 4.704493072613128390e+01 3.564857270156439739e+01 1.833550225016217539e+01 1.128361532420259117e+01 3.117324675201479067e+01 2.055711554733388979e+01 4.056189356412808422e+01 5.618970296658682884e+01 6.948916729955833205e+01 5.898342820829813604e+01 4.215862247435229904e+01 3.722725068619403999e+01 4.245004745277467606e+01 4.828684060575493220e+01
8.699724428260374037e-03 1.603130460629501997e+01 1.777245461029594154e+01 2.076150621968326249e+01 1.379054334215584765e+00 1.676255208928042473e+00 1.987700874001773643e+00 1.187604367504211034e+01 1.935663396614899412e+01 2.227906651498760127e+01 2.314135127262013825e+01 2.380822048558144743e+01 4.531969943910979737e+00 2.480870209656052339e+01 3.645056397448009733e+01 4.857159659608610980e+01 4.676068106464747132e+01 4.706799197955430003e+01 3.058856418916439068e+01 4.704452695478300228e+01 3.232287760828988610e+01 5.169132815682792881e+01 4.704493072613128390e+01 2.678534932692702952e+01 3.272128429685340478e+01 3.054435662297822418e+01 1.093120168172201367e+01 3.104407885577148463e+01 4.056807380874997904e+01 3.120201375597500615e+01 4.127355416037416092e+01 6.128105712592581966e+01 7.059082561783930032e+01 6.230001409589240779e+01 5.150844104840022197e+01 6.259479084842183028e+01 6.840135047892124476e+01
2.249585233037712084e-03 3.182037625041861939e-01 6.342062830453436550e-01 9.503395824246412271e-01 1.863929692405397187e+00 1.085815966966769963e+01 1.853143658003953220e+01 2.462363771648953925e+00 2.798921831346218081e+00 3.128363598786706667e+00 3.452552838426869553e+00 3.774947291204536981e+00 4.099822255321434739e+00 1.113038198021033054e+01 3.082522030999381357e+01 3.583445068783128562e+01 2.358386814838690526e+01 3.490480928859396670e+01 2.318046239588038659e+01 3.375850156269753910e+01 2.276664989164833486e+01 4.347269006241958778e+01 4.443822744664019808e+01 2.414506471855115777e+01 1.261517312977197847e+01 1.043285997480563765e+01 1.182559703055736122e+01 1.942249335978494429e+01 3.969220142567352383e+01 5.127730564763479748e+01 5.951344282692035392e+01 6.948916253009153365e+01 8.087274852929226654e+01 7.260967651685034241e+01 7.160108659592997071e+01 7.508701348855217361e+01 7.697313249114660039e+01
2.739267172789772273e-04 1.999585127748548885e+01 2.099666983917225949e+01 1.086967587770380206e+01 1.872830495963500397e+01 6.534941443644250114e+00 1.747008951488555795e+01 2.364677074319713412e+01 1.406416461953865848e+01 7.477940486961817790e+00 1.904566791989217478e+01 2.381444662109845822e+01 1.335027956216790024e+01 4.558895515338013738e+00 2.289504197767608673e+01 1.510318921028827077e+01 9.167743145127968063e+00 2.287378582592070941e+01 2.361266238236563453e+01 1.261313840710311673e+01 3.374624102557561400e+01 5.170453632798918875e+01 5.275751152186759185e+01 4.105801628416655547e+01 3.018175530926357908e+01 1.008220072654061639e+01 3.018410823978476643e+01 3.966414916690776948e+01 3.030539038569332533e+01 4.037957065395612943e+01 5.466744028621263141e+01 7.479673272073151225e+01 6.931014633034865824e+01 5.255026335850187280e+01 6.919451657427016755e+01 5.504217539005514936e+01 5.694622446990296538e+01
8.327778614586212741e-03 1.999444244017761463e+01 3.668656179321934019e+01 2.434684860903643155e+01 2.850957556764932832e+01 1.003255451658049502e+01 2.749825384776461945e+01 3.661571129705615846e+01 2.716895927598424620e+01 3.759628434820618992e+01 3.687466507283872375e+01 3.063747415307206623e+01 1.034114597106979794e+01 7.575966620817759178e+00 5.019585614378108573e+00 5.345888228265074815e+00 5.672699923640146302e+00 2.044562090572974000e+01 2.241603077061775195e+01 7.757814676675486076e+00 3.000905407549672788e+01 4.477891162203941633e+01 5.142744959980269925e+01 4.327425039335682300e+01 2.989123926097862238e+01 9.732248999324887961e+00 2.386832581866296721e+01 4.334490506359750128e+01 5.047137207916379253e+01 5.880172415457272450e+01 6.887713446285793850e+01 6.785725546971879396e+01 5.957408334425642948e+01 4.089249223778728037e+01 5.509925753021436634e+01 4.077317864460003705e+01 4.529752536372753013e+01
6.510866554257996840e-03 2.000651086655390287e+01 3.827248103783581001e+01 4.293859778308492281e+01 2.908924942977007433e+01 2.935984678345929666e+01 1.664821079688434224e+01 3.653003662031800758e+01 4.724064430000681369e+01 5.202435899521349683e+01 3.739672112983596719e+01 1.703059702035926293e+01 3.063850200592722928e+01 2.845368742779188409e+01 1.315549969186060153e+01 2.027725406012987719e+01 7.721564767073986424e+00 6.136288444697110656e+00 6.467619033394702122e+00 6.799512183573796165e+00 1.433366631049468332e+01 2.918158697370708055e+01 4.248866531957754233e+01 2.352321036136897447e+01 2.897087801226136605e+01 9.381179201518204280e+00 1.834012422274326681e+01 2.993174433628909625e+01 4.395114280370918181e+01 6.331078560074416117e+01 6.666199263906672456e+01 5.625343499171255957e+01 3.943202833202400370e+01 3.183729001754056398e+01 3.492905918231748075e+01 5.509925753802340864e+01 6.541059138747395707e+01
8.953482861371391335e-03 1.000895748953217002e+01 2.415166545152978372e+01 4.416567444798681663e+01 4.783501709174349514e+01 4.441593115423439997e+01 2.848185617117981039e+01 2.636530421110486344e+01 4.571002781134355786e+01 4.482932844707679720e+01 2.453102406060036245e+01 3.739672108964383312e+01 4.470696156793621157e+01 2.628015649087717165e+01 3.127169378323669946e+01 2.862757584135816202e+01 9.341200333283063983e+00 2.719912756363326878e+01 2.829660311132996497e+01 2.687459083029410678e+01 7.267992493102667595e+00 2.734669666402045962e+01 7.974097543198831239e+00 1.746864009483874725e+01 8.872291117866019761e+00 1.353536472936255741e+01 3.380774891324401210e+01 4.639162289192496758e+01 5.047730718101087177e+01 5.225334312402815584e+01 5.244382279094481447e+01 3.822565294282296122e+01 2.773980695073769809e+01 4.794513550510579591e+01 4.921688186235935802e+01 4.257898426685054005e+01 6.270689130436759484e+01
