LEM/sinusoidal_perturbations/elevation_000616.asc
nrows	100
cellsize	150.0
xllcorner	0
ncols	100
yllcorner	0
NODATA_value	-9999
[rows 34 to 50 of 100, columns 37 to 73 of 100]
5.865507581962630468e+01 6.011858735068472015e+01 5.539973123674023014e+01 6.386264113680636001e+01 8.373625898540478829e+01 9.751759542335655340e+01 8.925006470589447360e+01 8.925006470589441676e+01 7.876405189359614667e+01 5.846963540769910850e+01 4.379451798384580741e+01 5.583102243570436229e+01 7.618787634142147169e+01 8.281378180372432496e+01 6.316432204092789959e+01 5.166909718985204591e+01 4.271973100075445018e+01 6.263650089778336394e+01 7.765916679588472959e+01 8.501128725229982308e+01 7.344502749034940337e+01 6.035803294330002444e+01 4.029555079411780127e+01 5.611856614572389645e+01 6.105589462929404476e+01 4.689890987116572063e+01 3.336776687666938557e+01 5.361855441887522744e+01 4.798630849368927187e+01 4.315055654655334649e+01 6.315043343764480710e+01 8.084255695751426174e+01 8.977218702475200018e+01 9.223160387440084662e+01 7.804938512708486087e+01 7.804938512708486087e+01 9.809610250327851588e+01
5.037515523838781206e+01 4.594589332694928885e+01 4.382119191788445534e+01 5.539973125138652676e+01 7.542316202831531768e+01 7.814906625595119749e+01 8.646069177829595276e+01 9.648581232230215221e+01 8.097959282176950069e+01 6.069064020086252498e+01 4.915679701439529481e+01 6.969347296398700564e+01 8.463787073298385621e+01 9.040520432263200235e+01 7.955017641246095650e+01 6.527437475140058609e+01 4.541816467431964810e+01 5.948482093033887708e+01 7.925159777232735792e+01 7.671265114279427166e+01 5.667985260303475314e+01 4.511423800057342248e+01 4.928346661830710929e+01 6.865622877479823671e+01 7.506568659561720835e+01 5.893681203634179155e+01 3.650854288658835145e+01 3.421448723553417892e+01 3.481641049431173229e+01 5.405170111333437433e+01 6.381074518577231203e+01 7.734352883192549655e+01 8.322469116613501683e+01 7.489987973312142344e+01 6.374924502996522335e+01 7.804938512708486087e+01 9.809610250327851588e+01
3.258407255091592702e+01 3.428260825800342815e+01 5.441497706291989545e+01 6.528689855681039944e+01 6.744617015647789060e+01 5.812578334261234403e+01 6.813048944678487828e+01 8.816764307242549137e+01 8.941547964653889835e+01 6.969347296398700564e+01 5.584671001503252086e+01 6.972893568337900660e+01 9.025889422601734680e+01 8.943238311134035712e+01 8.062336283980822316e+01 6.800495261671596836e+01 4.818942472723237813e+01 5.964747898907546642e+01 7.942147336480660158e+01 7.040792833918358440e+01 5.037380391985035288e+01 6.514670951324264081e+01 6.085280141947352206e+01 7.761566375603730705e+01 7.342126663146271426e+01 5.294675180363823586e+01 5.894359835520354096e+01 5.445177866887892293e+01 5.504357300032165767e+01 3.567656506065094391e+01 5.588570175264447926e+01 5.726243951059978343e+01 6.755392179953356901e+01 5.461457242475878360e+01 6.794782800957496249e+01 8.897990014082225230e+01 9.787924362961601332e+01
5.269608706020884625e+01 5.441497706291989545e+01 3.687673898447456367e+01 5.698788511111508370e+01 4.746330923756879372e+01 5.898302942787202596e+01 7.900703821994086695e+01 9.648581232230215221e+01 9.853680782011974770e+01 8.459331284792763483e+01 6.312227358779037445e+01 8.459331284792763483e+01 9.520345154830354772e+01 7.560895556740301515e+01 6.157852736862496812e+01 5.272259835634091729e+01 5.568165644164292161e+01 6.800495241079471498e+01 8.751884497883072811e+01 7.426526813342177036e+01 5.422194261638822610e+01 6.840181928302094150e+01 8.088059743316975414e+01 8.918023675120416272e+01 8.169221277118194280e+01 7.342126663146271426e+01 7.431912612086335912e+01 5.954596558958427011e+01 4.030650663328638217e+01 3.628650263356743011e+01 5.545405666868828121e+01 4.299300946233640275e+01 4.735393846734775281e+01 6.165565338300492471e+01 8.179360140523392886e+01 9.543423498913091407e+01 7.784772960595293512e+01
6.792512855209920986e+01 6.528762491700703663e+01 5.698806334834510068e+01 3.955217993104868413e+01 5.960825209320272933e+01 7.575110434628652456e+01 8.731936483374470015e+01 8.881228001078463308e+01 9.700294321758205740e+01 9.338808628526750510e+01 7.499484652164282750e+01 9.338808628526750510e+01 1.013399574648309596e+02 8.945773576315178843e+01 7.601567508617047508e+01 5.625593304793714822e+01 6.457899563828385681e+01 8.360265340301874915e+01 9.578119435067978316e+01 7.844582878191489783e+01 5.839656423875113234e+01 7.844582878191489783e+01 9.672407802690128165e+01 9.958322149421819347e+01 8.802242613187311804e+01 7.972430605524613156e+01 6.600176510329751522e+01 4.610365464195032104e+01 5.954596558958427011e+01 5.648244063433302387e+01 3.716176021858947109e+01 5.733361569679281899e+01 6.733395024567592202e+01 7.457428775845248481e+01 7.768710436635031158e+01 7.900664109458718087e+01 7.457579450928490417e+01
7.623297367292549609e+01 8.006342009963826456e+01 6.158733778866362485e+01 4.158182186930078927e+01 5.573027099953317531e+01 7.572754786673012006e+01 7.842473191629889584e+01 6.914397230173231890e+01 8.045564931437256462e+01 9.847017248138929801e+01 9.183411699395111327e+01 1.041321031596592945e+02 8.627718097049350376e+01 7.426587267022095773e+01 6.494618648760777546e+01 6.077996693264296368e+01 8.055159843772750605e+01 7.860111401652304153e+01 9.813491121308059917e+01 8.292747520416361340e+01 6.288494310163002865e+01 7.707261450449766471e+01 9.706235931110235526e+01 9.127969829311564354e+01 7.126517183573866987e+01 5.961072024125886770e+01 5.320198189445889625e+01 6.600176510329751522e+01 6.744561347822389052e+01 4.906718582686537644e+01 3.779028603259899199e+01 5.794193572750378252e+01 5.748665740363804844e+01 6.403233790856870655e+01 6.125744016268138381e+01 7.256931072501180324e+01 6.427893716137056401e+01
8.332533674788068367e+01 6.328733225367567883e+01 5.178085263509377256e+01 4.364454639311500728e+01 6.360142594934224292e+01 6.959664458274225751e+01 5.851580335907076602e+01 7.842473191629889584e+01 9.700294321758211424e+01 1.076257915369882454e+02 1.155631975348039049e+02 1.126345030654249655e+02 9.824358353267383848e+01 7.877608700093745142e+01 8.447798472235747624e+01 6.559631986146800386e+01 8.534019042564769109e+01 9.813491121308059917e+01 1.062001362847345689e+02 8.847940693201908857e+01 6.846163240936050443e+01 7.925930453515040597e+01 9.924896297071575191e+01 9.387230196566045493e+01 7.386401426875343645e+01 7.336383174670103813e+01 7.336383174670102392e+01 8.166937555905873580e+01 7.541603694888570431e+01 6.470152455808351988e+01 5.317072579769098439e+01 3.868433681274556335e+01 3.934538926334023756e+01 4.859742626851595304e+01 6.042446686689707036e+01 6.231075103932032277e+01 4.435579622440531722e+01
9.163720872048497768e+01 8.006342011804854053e+01 6.791447521762235340e+01 4.823505632599020743e+01 4.702005396271077586e+01 4.967255368173512409e+01 5.267002402070649225e+01 7.264240397135576188e+01 8.543274474636368154e+01 1.020433886363909863e+02 1.042311446751419766e+02 1.125743147880203594e+02 1.062997367337373618e+02 9.824358353267383848e+01 8.534019042564770530e+01 7.265228867424823989e+01 7.816279362792778329e+01 9.769076214132569191e+01 1.000099984642380946e+02 8.003842808911137752e+01 7.849257356294192789e+01 9.677579159610222348e+01 1.075655418740978178e+02 1.021808379949927570e+02 9.387230196566045493e+01 9.340575409471510682e+01 9.112679323320526237e+01 8.283097027534113010e+01 7.305618437668611875e+01 6.174440222955720259e+01 4.171781296979852272e+01 5.880331424361134651e+01 5.830668041719491157e+01 4.027929833292211015e+01 4.093745884120537681e+01 4.235621615917097671e+01 6.231099998928258543e+01
8.901121289157414651e+01 6.903427488050365923e+01 5.516869088533854892e+01 6.791448065783841059e+01 5.230368551827938006e+01 6.959664458274225751e+01 7.264240397135576188e+01 5.707395816119851162e+01 7.712622776510451672e+01 8.207967806884853701e+01 8.426262118153411507e+01 1.016377416773759705e+02 1.099631055435963845e+02 1.128898295289377245e+02 9.963881925560198738e+01 8.016771689875260165e+01 9.202230676124921160e+01 1.057439699153962351e+02 1.000099984642380946e+02 9.416032522667326532e+01 9.261810009940323596e+01 1.067752155740735986e+02 1.068717617680507743e+02 9.855896741995077548e+01 9.855896741995077548e+01 9.373189309097060118e+01 7.955845368349503133e+01 6.278724419560838044e+01 6.475775934025483593e+01 4.476940948899795103e+01 6.174440222955720259e+01 7.003748844721758360e+01 7.018679122446151553e+01 6.200448370271063681e+01 6.071754946359290273e+01 4.197967952833629823e+01 6.199597250765857837e+01
7.450364767638588148e+01 6.312532956621866020e+01 7.488538455660290083e+01 6.118870715351536660e+01 7.226963122505877379e+01 7.226963122505877379e+01 8.214877456791991506e+01 6.205858735665795223e+01 6.324023770133442923e+01 6.786461123861219846e+01 7.459838822937157943e+01 8.170704463163939124e+01 9.321757761823189981e+01 1.131398996861994419e+02 1.076817212925270866e+02 9.148084212357639444e+01 1.076817212925270866e+02 1.194656330695432445e+02 1.200185534971921300e+02 1.141323589298179684e+02 1.125848996906829740e+02 1.093936997516435383e+02 9.855896741995077548e+01 7.856302211833387616e+01 7.856302211833387616e+01 7.981785474140542647e+01 6.539002942558950338e+01 5.124468378667258150e+01 4.854259391164095661e+01 4.847732129888885311e+01 6.260322013715996547e+01 8.263839548910260646e+01 8.772179718439836904e+01 6.777856652014105521e+01 6.416835936632514859e+01 4.453787138518408284e+01 4.306131432166107942e+01
7.364654726238059368e+01 8.299862236938231774e+01 8.791680658848881080e+01 6.786924815997048199e+01 8.791680658848881080e+01 9.230226865419986382e+01 8.751183074808635354e+01 6.744511197588300888e+01 8.332430571623611115e+01 8.207967806884853701e+01 8.792691351643610176e+01 1.016377416773759705e+02 1.099631055435963845e+02 1.215158109068029546e+02 1.188586745959999860e+02 1.107828232614413508e+02 1.138674946054128014e+02 1.221940469308166826e+02 1.227552710513926399e+02 1.144325831407807499e+02 1.152005028762069117e+02 9.523221275453487067e+01 8.110701074662300414e+01 7.107129643373126271e+01 6.436072542257294060e+01 5.975150032881084172e+01 5.538944000733395256e+01 7.125895537231717469e+01 6.853566981627258770e+01 5.237223488232512381e+01 6.653066142072975708e+01 8.657030534001388844e+01 8.000661504718681272e+01 6.779863630535858476e+01 4.810178808096662806e+01 6.417180020659091610e+01 5.718860013819094235e+01
8.520089569608356328e+01 1.021285371629799812e+02 9.622718567449516058e+01 7.792108842467682450e+01 9.622718567449516058e+01 1.038169538014276014e+02 8.384733796443914855e+01 7.418075830528817960e+01 9.417736696948543340e+01 1.020433886363909863e+02 1.079125898423786936e+02 1.111429990460002699e+02 1.111429990460002699e+02 1.194613306300013562e+02 1.105103485645237384e+02 1.021515033393646803e+02 9.357480197918306430e+01 1.105102891049457554e+02 1.110767691631590282e+02 9.414890046509043486e+01 1.110767691631590282e+02 1.052163578153708130e+02 8.524418662911051570e+01 8.441969890094217988e+01 8.441969890094216566e+01 7.955229875452667443e+01 5.946864899372832269e+01 7.661740574487785693e+01 7.658431295285737406e+01 5.652322444676989477e+01 7.071685799003857653e+01 9.074960230070819023e+01 7.170031681529189882e+01 5.180884318549170331e+01 6.779779178332087497e+01 6.779844539786782320e+01 7.721277115531934498e+01
1.053996756193224940e+02 1.138068822848941011e+02 1.062391227115588492e+02 9.791252475230061236e+01 1.062391227115588492e+02 1.121586129480915588e+02 9.417736696948544761e+01 8.833780057106669403e+01 9.051629144084670031e+01 1.104672849817181088e+02 1.051883893884564003e+02 9.091544814691144438e+01 9.091544814691143017e+01 1.111429990460002699e+02 9.876093478114310642e+01 8.173033064133483094e+01 8.173033064133444725e+01 1.021515030550767023e+02 1.027217934878139971e+02 8.229622746079148499e+01 1.027217934878139971e+02 1.135415032614116626e+02 1.052163578153708130e+02 1.044204625619309184e+02 9.988768407594675125e+01 8.400997547246282693e+01 6.385763925138775932e+01 7.973013632733048439e+01 8.118058996301337515e+01 6.111693871987748139e+01 8.119121527416498907e+01 8.874251495354624808e+01 6.868828493111220723e+01 5.452669484729929650e+01 6.345998847839350532e+01 8.354343211775429268e+01 9.610041515529231049e+01
1.013358179991235488e+02 1.038578648674547225e+02 9.541691506170279524e+01 1.038578648674547225e+02 1.049963798412135390e+02 1.134057421160707833e+02 1.141579759720563914e+02 1.082753273669261631e+02 1.104672849817181088e+02 1.098894198069046269e+02 8.962985795679990986e+01 7.644671064145008188e+01 9.306928853596808437e+01 1.014319457315478985e+02 9.036133371948140791e+01 6.986685807625700306e+01 8.232273897813765018e+01 9.074715535575467129e+01 9.550026536417335876e+01 7.502023466026984977e+01 9.550026536417335876e+01 1.064669461731063933e+02 1.156637992867131288e+02 9.575292439608396933e+01 8.161964428726923870e+01 7.151512049281645034e+01 7.553926786706306018e+01 9.088250083843902871e+01 8.620631238297139021e+01 6.614592363318301693e+01 8.620631238297139021e+01 9.187145281199806846e+01 7.183647541241447243e+01 5.758243676443500902e+01 7.770458443183328257e+01 7.987319068812081468e+01 9.987462571527336763e+01
9.288953802479932165e+01 9.360353066892876939e+01 7.485422787413176593e+01 9.360353066892876939e+01 8.445982240207962377e+01 1.015886198769296698e+02 1.134057421160707833e+02 1.206066318745373422e+02 1.097709825820602560e+02 1.014282230956043520e+02 8.962985795679990986e+01 6.919338903810979957e+01 7.266125426782888042e+01 8.968636012602135565e+01 9.876093026227809446e+01 8.232273900577372672e+01 6.184193777159091354e+01 8.232273900577372672e+01 8.932530376964554364e+01 6.883226810851029143e+01 7.765579857058813218e+01 9.214346360789969026e+01 1.124546101031641427e+02 1.098788067963632784e+02 9.867031038550332767e+01 7.867857472738407409e+01 9.558117724946889382e+01 1.038713019942804578e+02 9.176081557061012006e+01 7.173376913135318489e+01 9.176081557061012006e+01 9.546462953545992036e+01 7.545866881316476338e+01 6.119807913411600708e+01 6.923202101175479584e+01 8.927832129883519485e+01 1.081869248881495196e+02
9.151474831143707434e+01 8.305443689494678949e+01 6.467205416214927993e+01 8.286008327367923698e+01 7.258057367185712394e+01 8.445982240207962377e+01 1.049963798412135390e+02 1.121058026473792637e+02 9.204795323681226193e+01 8.109587161498407681e+01 8.482692762945704601e+01 7.936386610253903484e+01 6.084678709734052404e+01 7.531660746716605104e+01 9.569979356376929047e+01 7.749536785990443377e+01 5.704441581094339853e+01 7.749536785990443377e+01 7.699694311831076732e+01 6.316147882650558643e+01 8.364155831840439248e+01 9.647625946818972409e+01 1.048540350542121047e+02 1.150084692473924406e+02 1.069573871921343624e+02 8.872001430662670884e+01 1.069573871921343624e+02 1.058804460511983052e+02 8.591227312985388664e+01 8.071944626191725547e+01 1.000581946576606924e+02 1.023539639785710165e+02 8.511104746527503551e+01 6.504159237772273627e+01 8.511105008374785541e+01 8.342496855369591913e+01 1.034095648815041812e+02
7.973470990177665385e+01 6.265612659167951648e+01 5.709154411641035409e+01 6.243442303454902031e+01 7.684240615379812311e+01 9.738804099047854379e+01 1.015584543211349171e+02 1.037746515768341311e+02 8.346341424688264965e+01 7.162380854048215895e+01 6.438602311286366842e+01 5.893769783105967974e+01 5.618052952198205929e+01 7.659746581638472662e+01 8.702489867306670135e+01 7.294470597095420317e+01 5.261726470580887849e+01 7.188571671852696454e+01 5.655203751917552779e+01 6.269247284828905009e+01 6.915947767953403513e+01 7.600326506980894692e+01 8.628739213895073590e+01 1.066651267974287407e+02 1.169317376262754067e+02 1.086206064643798044e+02 1.169317376262754067e+02 1.142042057237446357e+02 1.058804460511983052e+02 9.226211372942218247e+01 1.090018289456462810e+02 9.405191128279459178e+01 7.405953643846984846e+01 7.026682964015223831e+01 9.027788157147473669e+01 1.034095648815041812e+02 1.117354540573719817e+02
