LEM/sinusoidal_perturbations/elevation_000162.asc
nrows	100
cellsize	150.0
xllcorner	0
ncols	100
yllcorner	0
NODATA_value	-9999
[rows 51 to 67 of 100, columns 0 to 36 of 100]
6.455108993161302530e-03 2.000645510899280666e+01 2.848209833010553638e+01 1.578015784770582641e+01 2.474567083412684454e+01 3.628093774322783815e+01 5.625088585477151071e+01 6.057786809630390223e+01 4.491146854731650961e+01 6.057786809667625505e+01 6.557471503960688608e+01 4.531289844214700935e+01 6.557471503960688608e+01 6.725157071080020899e+01 4.712981465362914690e+01 5.597781746300661609e+01 7.596896717706390234e+01 7.486764060428410517e+01 5.822280975883771958e+01 6.080937406458264149e+01 8.069984205487391193e+01 6.836611261208365420e+01 8.241093005567620366e+01 8.775401490783903569e+01 8.000173936309087708e+01 6.317181263367531585e+01 8.000173936309087708e+01 9.252657520810917902e+01 9.114585385745439794e+01 8.271786107616490824e+01 9.114585385745439794e+01 9.458666075324636324e+01 1.029463742239590687e+02 8.386180556943804731e+01 6.858548449720031215e+01 4.880652326812557362e+01 6.858548449720038320e+01
3.995603441288198172e-03 4.175724358511380352e+00 8.447239158731004949e+00 2.033496603984400153e+01 4.051499442709928900e+01 5.299791646009746415e+01 6.453098391864648420e+01 5.265514536348311481e+01 3.512231231221566929e+01 5.265514536348311481e+01 5.882077612141350897e+01 3.846066307497584802e+01 5.882077612141350897e+01 5.964626178672185119e+01 3.920124820143243483e+01 5.964626178672185119e+01 7.348981196074853983e+01 6.663515725797617506e+01 4.647190835716565260e+01 6.623987149080635106e+01 6.152738203132433625e+01 5.417304933217053531e+01 7.418241783078046581e+01 8.616673439989827443e+01 7.166144906070293530e+01 5.161473266236455970e+01 6.408450246163955910e+01 8.247043360945792756e+01 8.072703981382045413e+01 6.167699760875349568e+01 8.072703981382045413e+01 7.387705733147983267e+01 9.107887529951898387e+01 7.545798243712808073e+01 5.559862206634004167e+01 4.417837317287460763e+01 5.559862206634089432e+01
4.804567899273937473e-03 2.000480456789891903e+01 2.848209833010553638e+01 3.676096256480728641e+01 4.827541896512433084e+01 4.489387290627931293e+01 4.853403230702461713e+01 4.645635279140813623e+01 2.901766704292639787e+01 4.645635279140813623e+01 5.294331771383853891e+01 3.254786790500038052e+01 5.294331771383853891e+01 5.397583526296622836e+01 3.320670987867767110e+01 4.488033637343548321e+01 6.522292068708576096e+01 6.025897810250835818e+01 3.981535258977388736e+01 4.597847825280080514e+01 4.113199193372773976e+01 5.567145089094690036e+01 7.566485041073958939e+01 7.357829674742286841e+01 5.775375569109817064e+01 4.406492337697341810e+01 5.407396442399502234e+01 7.412694918965677005e+01 7.219742934245924459e+01 5.087575895210456878e+01 7.219742934245924459e+01 6.150551181071062246e+01 8.172695659508372046e+01 7.410471364382762260e+01 5.425984844888354530e+01 4.000590649511328678e+01 6.007227487618311557e+01
9.707512844716031236e-03 1.095730560358734529e+01 2.447861024275798769e+01 4.425046771294778836e+01 4.489369131729048945e+01 2.862759343276584900e+01 3.128758982796559351e+01 3.425217927283391361e+01 2.348907693451742773e+01 4.119799591557553953e+01 4.089225183401092067e+01 2.732228519156658919e+01 4.767723519348814420e+01 4.861327014776362887e+01 2.748701419783989763e+01 4.263963815356284925e+01 6.303489352478889884e+01 5.438654972653664288e+01 4.599875659860038013e+01 3.100323793681309326e+01 5.191290155796890815e+01 5.464894147905958732e+01 6.291851999724292455e+01 5.939614916684546841e+01 4.521400158626757815e+01 3.773668674601964312e+01 5.188231442228725143e+01 7.192866884489446022e+01 6.509020587900768362e+01 4.378956850746006069e+01 6.509020587900768362e+01 5.183326520012791860e+01 7.318282269156692621e+01 7.043346132250121627e+01 5.056126377939599337e+01 3.602779181363648320e+01 4.798961339544338500e+01
5.001202446392439237e-04 2.000050011197023281e+01 3.611709028818739853e+01 3.039937236274937504e+01 3.121120116888733875e+01 3.280204928190417490e+01 1.693329835539675088e+01 1.594317230312131706e+01 3.425217927275325991e+01 4.089225183399379659e+01 2.060810360392191143e+01 4.089225183400987618e+01 5.602343416131268583e+01 4.410913724534605507e+01 2.269211102733193286e+01 4.410913724534608349e+01 4.887502660687820821e+01 4.040702405951048348e+01 2.470607334831494484e+01 4.599875659794262361e+01 5.172285499916479523e+01 3.549522871774811961e+01 5.172286716349369584e+01 5.108139831724325575e+01 3.102984724514398351e+01 5.108139937521654872e+01 6.427042038883186592e+01 7.251834594206901841e+01 5.894124151882081719e+01 3.780224886512652915e+01 5.609424781860568743e+01 4.430170623874926861e+01 6.563461339595831134e+01 6.708545003943785900e+01 4.712217173232298961e+01 3.259222582196200335e+01 4.712217173612873466e+01
5.279685921607564676e-03 1.996825710985049795e+01 2.100855522261318953e+01 5.388634210742658581e+00 1.621311040485138832e+01 2.144720662478226458e+01 8.918855368663436423e+00 2.343987790923507575e+01 3.391445525091329927e+01 3.090214661987988976e+01 1.614001608388029041e+01 3.061793729134599218e+01 5.094552977112208225e+01 3.982573200175824013e+01 1.822137508775964321e+01 3.394577081730653134e+01 3.509474028246304300e+01 1.882842524651892901e+01 4.040702405951048348e+01 4.323144001379905887e+01 3.754946659351583804e+01 2.535584196758159337e+01 4.347483483442946550e+01 4.698839345319236571e+01 2.689152798329448402e+01 4.698580842581408490e+01 4.424465823574836776e+01 6.427042039353563041e+01 5.329160808941688998e+01 3.232844840649643459e+01 3.496817916734660514e+01 5.609424781860568743e+01 6.987494952452151153e+01 6.394602972686087838e+01 4.389338380020469543e+01 2.974698868705732480e+01 4.977061046707257219e+01
5.738623160518319517e-06 3.096887130361031248e-01 6.207421454415258388e-01 5.893601168028318682e+00 1.410412476748686750e+01 1.793565709843457157e+01 1.934803237345229832e+01 3.860997851749241594e+00 2.482328276712368975e+01 9.926201934287766093e+00 3.090009251035041871e+01 4.484180480043264083e+01 4.919292853485627148e+01 4.128840850432897724e+01 3.394577081728849066e+01 1.226282368521300548e+01 1.342204274307935385e+01 3.509434546617622175e+01 3.678261502767620783e+01 2.708697845953999561e+01 1.588594424134275229e+01 2.515906368283559402e+01 3.700027317696111595e+01 4.312138889307681211e+01 2.298749825659074730e+01 3.003370433162732667e+01 4.424465823574819723e+01 6.427042038897398868e+01 4.805081816868674593e+01 2.712245061233467069e+01 4.805081816868674593e+01 6.404251803849194857e+01 5.134348692908336176e+01 5.091639427514493832e+01 4.356418104596394159e+01 2.717755053297792500e+01 4.676850872073536181e+01
4.532054705376768917e-03 1.724015976191114019e+00 1.444493253108785247e+01 1.067025489361115742e+00 1.385459100059948767e+00 1.702576610887725606e+00 2.014053409905162351e+00 2.318907124697423772e+00 4.524196728656490585e+00 1.883359424295522544e+01 3.292801234567436808e+01 4.012942712972626680e+01 3.764144274360633347e+01 1.997221605698678815e+01 2.633072444314270655e+01 8.438682005109519935e+00 2.998702439790475083e+01 3.592316181873727032e+01 2.592560518297652905e+01 9.022277865655377482e+00 9.744563305312103907e+00 1.047155305455037855e+01 3.054922534625238839e+01 3.476088899881207084e+01 1.924202141398544441e+01 3.938111362886247946e+01 4.365334999766061941e+01 5.230305682760685215e+01 4.439609746996706718e+01 2.328778827509171379e+01 3.945070382732256320e+01 4.804403504164779548e+01 4.654523942069609888e+01 3.334773555635500486e+01 2.346823783662376073e+01 2.440857104186023818e+01 4.446240884729669318e+01
9.001595176218036079e-03 1.902780591329388926e+01 2.560644077272231200e+01 6.610078915775260633e+00 2.403216755948704275e+01 2.416946834416037859e+01 1.932950233504807258e+01 1.909266000830468712e+01 2.749669882967033629e+00 2.275825079391555050e+01 2.785513967542756930e+01 2.578993338917271316e+01 2.501169857014491882e+01 4.856291000855557982e+00 5.123004688118943939e+00 7.142960317543647797e+00 2.631712516246003375e+01 2.706904439867230394e+01 8.002153658363976518e+00 2.808381617717201451e+01 2.393744715788991684e+01 3.054922537658141124e+01 1.150020253075849119e+01 1.465152498250731838e+01 3.340326270908920492e+01 3.416379114620720259e+01 1.856738981626894258e+01 4.140035926950326939e+01 3.737554607897896375e+01 1.981512705080909598e+01 1.887649164210838393e+01 3.907997482082984675e+01 4.097052529836004453e+01 2.215901290144935842e+01 4.211065120652330052e+01 4.442833941885397309e+01 2.583072827195007193e+01
5.674351268809080251e-03 1.979052512856998902e+01 3.441096775073938119e+01 2.838885856382645656e+01 1.558932868011653383e+01 3.627473347142989013e+01 4.214658259671207929e+01 2.871271469130300247e+01 1.697597352809734517e+01 3.185280914755417303e+00 1.935604082131877846e+01 1.479929644152509738e+01 2.198403720064248290e+01 4.696185625435358446e+00 1.518254208167970631e+01 5.576983192059113748e+00 6.278825708028869634e+00 6.987260698068222808e+00 2.706904752599962549e+01 3.639946183325698570e+01 4.403244030893209526e+01 3.893361528501081636e+01 2.304353242836548077e+01 1.255771855686025340e+01 1.331017437903203060e+01 1.406341355114686920e+01 1.481667104827991643e+01 3.492708133146746263e+01 1.697288279396460098e+01 1.775613151686217606e+01 3.498161507102533818e+01 1.999496243301160092e+01 2.087992266608150871e+01 3.976937220637756809e+01 5.023164665904872095e+01 3.535923419990810856e+01 4.581735244013749764e+01
9.518805923843161668e-03 1.427824762289771421e+01 3.474420475773573713e+01 4.388247377144152495e+01 3.627624651352593332e+01 2.560201661032157006e+01 4.500911541405440630e+01 3.841194406540800088e+01 1.945163525195319920e+01 5.747584005541129137e+00 3.626779019164146245e+00 3.940403799327516055e+00 4.254120408189909774e+00 1.661412312043712447e+01 2.063702690309124321e+01 5.927322864524266599e+00 2.584280679452514207e+01 1.891981541312230419e+01 1.851808695398113613e+01 3.005563758184083412e+01 5.014454757566059584e+01 4.855772369777275088e+01 3.125036576773795360e+01 1.966500819497674257e+01 2.751617124389582614e+01 3.416376921666784483e+01 1.940532430858126034e+01 1.588451813489365527e+01 2.672466013216447678e+01 3.786420538326947138e+01 4.400919340672321312e+01 3.943802755994278186e+01 2.236714069243352654e+01 3.412078839608582825e+01 5.511238552515325040e+01 5.510647653210459396e+01 4.594077682511328220e+01
9.062254805971973678e-03 2.000906225480561673e+01 3.315788863728907643e+01 4.156022188569714615e+01 5.127636748324152904e+01 4.500911546351457559e+01 3.693607261654003082e+01 5.000187617330687573e+01 3.685062580489231010e+01 1.399267163029800365e+01 1.834595004076965807e+01 1.969926420752721086e+01 6.548131378488307952e+00 2.557121151562874317e+01 2.585561683919674181e+01 6.280266268548834852e+00 2.596181256932212733e+01 3.764468109692324305e+01 3.849087925161998669e+01 4.686810028773523129e+01 5.846705202889456388e+01 5.827226043792095567e+01 4.838434613083790481e+01 2.805584921576657109e+01 4.761351355090833692e+01 4.236587963934312029e+01 2.406119717057622154e+01 1.846970351052268811e+01 4.257584247389459620e+01 4.296862318505082357e+01 4.496715768197407215e+01 2.477168974523329226e+01 4.232797252639285546e+01 5.089194907785995525e+01 6.560336662228286286e+01 7.374483350567236073e+01 5.986382494610631966e+01
3.063233560239582431e-03 5.928842139278799550e+00 1.235823107226776862e+01 2.181558804381400307e+01 3.933132388747858954e+01 6.077341858133189589e+01 4.634852954911608691e+01 6.148378056920841317e+01 4.656826636498148275e+01 2.709411343306571496e+01 4.023255387764478286e+01 4.146029051967039436e+01 4.203064960222973667e+01 3.529752305814064783e+01 2.338374104127071362e+01 6.635605738727235803e+00 2.015505817223478147e+01 3.855931205914491500e+01 5.094903765871829648e+01 5.420551140821197578e+01 5.407834861905635648e+01 6.224530545283580807e+01 5.717728576452953604e+01 4.058157284113682550e+01 5.717163683718564471e+01 4.674823017939223035e+01 2.572199627044019721e+01 4.533320307311178965e+01 5.700109085983297774e+01 5.639314379092386531e+01 5.311070886964399307e+01 4.496913559288947937e+01 2.753940861761839187e+01 4.775706621409567987e+01 5.900849003241997792e+01 7.282154220849079707e+01 7.956874289766278707e+01
5.666595628964066558e-03 2.000566659562860750e+01 3.315788863728907643e+01 4.156022188569700404e+01 5.237032206555610259e+01 6.828324549346051242e+01 6.236390308495684565e+01 6.549923305139365937e+01 5.970566748945130797e+01 5.079864107383071570e+01 5.649323794216940797e+01 4.818874769452690998e+01 4.141354136279724685e+01 2.839198946275684321e+01 9.766608921518837860e+00 6.992711269543429253e+00 2.461983959539051270e+01 2.346199007059594877e+01 4.279657905003674045e+01 3.405598453328694575e+01 3.404950553773997513e+01 5.407834850640472268e+01 6.965206079881595258e+01 6.225808358931603692e+01 6.325124556220802674e+01 4.303926221733069468e+01 3.201788091954961146e+01 5.243492776297521374e+01 7.131828853285038861e+01 7.081527590343004874e+01 5.109387369927230793e+01 3.385995442133417299e+01 4.775706621408810548e+01 3.100975423921159546e+01 4.520094442659992495e+01 6.221256051094094630e+01 7.600316630956791641e+01
2.110006612196471242e-03 1.154911539040461221e+01 2.569125101413531098e+01 4.569125101413460044e+01 5.431389383133691240e+01 5.277277798360382377e+01 6.107711764665394583e+01 7.183022840031769363e+01 7.541952090399466613e+01 5.333832300793472569e+01 3.812667411433191944e+01 2.824009136476058757e+01 2.165969009717912286e+01 1.604347283857925532e+01 2.838948882726969458e+01 2.626922461917116536e+01 7.501775127360446049e+00 2.708759606256379371e+01 3.061850091107747929e+01 1.967767710959583383e+01 3.330769223256734790e+01 4.929242153473552435e+01 5.810419351964893053e+01 6.745440995511727067e+01 7.158738675360871184e+01 6.079525683353897847e+01 4.390826207651013391e+01 4.305814807872569361e+01 6.339692346887144936e+01 7.160587790204375835e+01 5.228794988140948163e+01 3.848860467609381431e+01 5.795713588540915140e+01 5.091445825073431308e+01 3.453494573053651351e+01 4.842195471231413961e+01 5.744206215834044826e+01
9.367352646185668139e-03 2.000936735264583177e+01 2.768297954853686349e+01 2.592141012986786563e+01 3.634018324312665271e+01 3.264704185154848659e+01 4.265965602753684749e+01 5.492234344269406421e+01 6.326322009576803396e+01 6.727451331812316937e+01 5.654798663668221792e+01 4.818881981198575204e+01 4.141372137656586006e+01 3.563082635802964404e+01 4.356813007374641700e+01 3.495065414189206621e+01 2.717291792494604508e+01 8.012973639372907186e+00 1.116567848065739632e+01 2.971485923869610346e+01 3.556530432337700631e+01 4.036670976382324483e+01 3.728610201593936324e+01 5.503110202209668955e+01 6.421461203295892517e+01 7.244555988708093253e+01 6.408256970026710064e+01 5.475171144820186697e+01 7.185409566005523629e+01 6.956233017443678079e+01 5.074860517929960935e+01 5.795713588541239147e+01 4.726686162265063018e+01 6.221256051094094630e+01 5.412413379452335960e+01 3.802348676169999919e+01 5.744206215834044826e+01
3.648181865326004768e-03 3.783342676072198429e+00 7.632794804516164433e+00 1.171757112375098586e+01 1.619805299009198052e+01 2.156999035366653672e+01 2.740171506088474729e+01 3.459225182143696031e+01 4.637064568467295089e+01 6.660417982564629824e+01 7.615288459120671405e+01 6.620335498784380945e+01 5.796762615458014523e+01 5.135593993390789080e+01 3.847218810036491732e+01 1.888294763060440928e+01 1.427507139165059868e+01 2.761113770853143023e+01 8.527027706361797854e+00 1.285623785776862071e+01 1.718307186641058237e+01 2.201459997084746334e+01 2.771984811614336053e+01 3.476297348699434053e+01 4.925535607435484309e+01 7.047051504276531375e+01 7.051921387919115602e+01 7.520650271020873845e+01 8.365299544324011549e+01 7.741904912839099495e+01 6.378175872060430862e+01 7.304978118032616408e+01 5.371768595489528053e+01 7.304978118032616408e+01 6.553334751447302153e+01 5.744206215830472928e+01 4.153625471055008234e+01
