LEM/sinusoidal_perturbations/elevation_000887.asc
nrows	100
cellsize	150.0
xllcorner	0
ncols	100
yllcorner	0
NODATA_value	-9999
[rows 0 to 16 of 100, columns 0 to 36 of 100]
8.271705653423140972e-03 1.415175038102018767e+01 3.419612874132911173e+01 3.578178651129360333e+01 2.748560373769436538e+01 2.904488950028754601e+01 3.061620030435717155e+01 3.883080898125415104e+01 3.518642264755214910e+01 3.680597962697707715e+01 4.510589859567827631e+01 5.502938490485879441e+01 5.420564290050901946e+01 6.246438748445649480e+01 5.859744982421699433e+01 6.685674348336837625e+01 6.844570556347046875e+01 6.018938321177402884e+01 6.395522508564650366e+01 6.811282337994566660e+01 7.257425220687294143e+01 7.741592240017939730e+01 8.275287798310827725e+01 8.877404205858117336e+01 9.583206515769001044e+01 1.040650916915049891e+02 1.155567694947576456e+02 1.072624642598309208e+02 9.888289863910239319e+01 9.625749949162830887e+01 1.046372644815103570e+02 1.100220798523231878e+02 1.016385350733125534e+02 1.100220798523231878e+02 1.024305746338524585e+02 9.405967823570512110e+01 9.144240550421250191e+01
7.813061968023241044e-03 2.000781306196766707e+01 2.963522399386696549e+01 2.528854543495448581e+01 7.361812578493954540e+00 8.996460390206138413e+00 1.060240370979443547e+01 3.059368174467008927e+01 1.516956528404506699e+01 1.680297212797959716e+01 3.680070816307859616e+01 3.504815436618115143e+01 3.423799183228492637e+01 4.448879334807254082e+01 3.864495745788625669e+01 5.859744926994644487e+01 5.512981533186510319e+01 4.026996860070615014e+01 4.402826293552618608e+01 4.817368241887503189e+01 5.262213593929919853e+01 5.745320478877246018e+01 6.278381870335788761e+01 6.880410001907056028e+01 7.586896117708552367e+01 8.740802258832138705e+01 1.073395213100091752e+02 9.888289863910239319e+01 7.879628018339404605e+01 7.620384109904453851e+01 8.867969683075952503e+01 9.703210239637292034e+01 8.150207492787588137e+01 9.993873541154805196e+01 9.405967823570512110e+01 7.405051370784495646e+01 7.146953321609515797e+01
2.526786264046545528e-03 3.768239896707007652e+00 2.150654398691846936e+01 4.997194345802154380e+00 2.528567439795771676e+01 2.904452982597643995e+01 3.061789404196854036e+01 1.287273895825851433e+01 3.282220751670853787e+01 3.679049274566666128e+01 1.915193278357965667e+01 2.091284326290706730e+01 2.270169779986737879e+01 2.452743207197530140e+01 4.448890515740757934e+01 5.036871817116309558e+01 3.521261705705616407e+01 5.512984663293281073e+01 5.552251133543632022e+01 6.811282337994566660e+01 7.257425220687294143e+01 7.741592240017939730e+01 8.275287798310827725e+01 8.877404205858117336e+01 9.583206515769001044e+01 1.040650916915049891e+02 9.902866093004823256e+01 9.007073420972095334e+01 8.173613128407696138e+01 6.481759150689005367e+01 6.875334436876032385e+01 8.548760049291954033e+01 7.159400725154786471e+01 8.003698411777020283e+01 8.836704859656501299e+01 7.991106231217790423e+01 6.008340994418658454e+01
4.163169627051843593e-04 1.378249391615369301e+00 2.820201190839610739e+00 2.328587316300690091e+01 1.008966480778409824e+01 1.385929260270595265e+01 3.387068657896670487e+01 3.288698807330752771e+01 3.286377156402755872e+01 4.469410842408570517e+01 2.432723192033981618e+01 4.090076110874225179e+01 4.267737116727418822e+01 4.448890515741204155e+01 2.719984557698719030e+01 3.044260780721962334e+01 5.036871817116341532e+01 6.338557731014968510e+01 7.547452629127604951e+01 8.372680565273209652e+01 8.603119114758439423e+01 9.060955823920097885e+01 9.576091285912464457e+01 9.793824366243593715e+01 1.061704041008047597e+02 1.049230753227933945e+02 8.475709040104818826e+01 7.070120938093201346e+01 6.189000802818517855e+01 5.785203323361064065e+01 5.737555961954402761e+01 7.660057383642904938e+01 7.117152149664714500e+01 6.021320704495560960e+01 8.003698411777020283e+01 8.462726762002036196e+01 6.473911119873933728e+01
5.883922493566802643e-03 2.000588204141297766e+01 2.328984234566394562e+01 3.162944540029808493e+01 2.015329933138409046e+01 3.387068657896670487e+01 1.941829959632648084e+01 3.941745450691438180e+01 5.279620960224432480e+01 4.475862079198611099e+01 3.876728671518147706e+01 3.426096940520052669e+01 5.619977620875573621e+01 4.430743439805787887e+01 4.712773166766314148e+01 3.057857627461174488e+01 4.466744080503441694e+01 6.462469625325807954e+01 7.592223895517916787e+01 6.766570096222558561e+01 6.607346450931815696e+01 7.065291876041254682e+01 7.580980220575148110e+01 7.799340026822201821e+01 9.695437985647862433e+01 1.069176003225128824e+02 9.902866093004823256e+01 8.588597169570516598e+01 6.598388276939152775e+01 5.200345702343756926e+01 4.850211198626200826e+01 6.368497932466368638e+01 5.136400138988521746e+01 6.534493505165440297e+01 8.523814551448782595e+01 7.542240929235619262e+01 6.712964961652447471e+01
1.256007409845548732e-03 1.414339163275048072e+01 3.414339418962034500e+01 4.844424527995895602e+01 3.430052896408850671e+01 4.349940566310556278e+01 2.350201206320377167e+01 3.764408322265340701e+01 5.763540451091259342e+01 6.514733697379323019e+01 5.925078669984063140e+01 4.374629328017812213e+01 5.726819828847489191e+01 6.093827624973934576e+01 5.289920876272285000e+01 3.301893741148762729e+01 5.293325184031431263e+01 5.926661154104838403e+01 6.202684260488916124e+01 4.772932604935572698e+01 5.196945362961220383e+01 5.653809280471155319e+01 6.168709525856606035e+01 6.874647384298813790e+01 7.873735730655512555e+01 9.868734404049600073e+01 9.716222063510845430e+01 8.715751104065751065e+01 7.883022994391069460e+01 6.336627252473601146e+01 4.349189161512383350e+01 4.381420652838309593e+01 6.368498259752048085e+01 7.861457302053251794e+01 7.945956321041558112e+01 6.712960679945584275e+01 4.723998808800866556e+01
9.594114293757748102e-03 1.415172973802483369e+01 3.415172973802553713e+01 4.983904422405131385e+01 5.429852737395358986e+01 5.176819387815420725e+01 3.764408332005714897e+01 3.036209533622212220e+01 4.450383414466685394e+01 6.449091756703575129e+01 7.662882767514004456e+01 6.132046757843316698e+01 6.596021746262492513e+01 6.715906647161963861e+01 4.710524270595721674e+01 5.287299789811601158e+01 3.669018917636919497e+01 3.935086095107225646e+01 4.210822590032246637e+01 4.625112781849767174e+01 6.618986858017119346e+01 7.649808313405455351e+01 8.165334722392134381e+01 8.871235067352552051e+01 9.695437985647862433e+01 1.069176003225128824e+02 8.879585683448725320e+01 6.886462864295496900e+01 5.901777366259434388e+01 5.241515161455198069e+01 5.886560882206897816e+01 3.893254986476830481e+01 5.047845142235330940e+01 7.032268541489078473e+01 6.026437803013338623e+01 5.884533768881814808e+01 5.123070295469180735e+01
7.711341127313004785e-03 1.000771134112740057e+01 2.155471672492311797e+01 4.155471742490939846e+01 5.186204122670184091e+01 6.589354247381358221e+01 5.570161267012137074e+01 3.570732809317956225e+01 4.984881305633308557e+01 6.983152087558106302e+01 8.392081305086860255e+01 8.551857672243404807e+01 8.567119134657099266e+01 7.571600728476175846e+01 6.716082344587071873e+01 6.484454704542643810e+01 5.660507439857968137e+01 5.348388781026683603e+01 5.611845694463431045e+01 6.618304096277668691e+01 5.254131994981494103e+01 7.251582605557101147e+01 8.562065509709653099e+01 9.270017502272010290e+01 1.009547584945225935e+02 1.124827513141586337e+02 9.716222063510845430e+01 8.715751104065752486e+01 7.883024273872118215e+01 6.778189150040562083e+01 4.791795861523845446e+01 3.634913557385252147e+01 5.283810439786528690e+01 6.110093887831391868e+01 6.026437803013338623e+01 4.119152323275886829e+01 3.122028201185479546e+01
2.297228869525369630e-04 7.071297534752457814e+00 1.463058699493749693e+01 2.357485890510889703e+01 3.771699707396053469e+01 5.771769327500970803e+01 6.396191548671904314e+01 5.570161267012137074e+01 4.570729249945397754e+01 5.570693361572836011e+01 7.568493206584932409e+01 8.201076411134357613e+01 7.379788401165579614e+01 7.441463446090561717e+01 6.616393727274788716e+01 7.441463446090561717e+01 7.370562963622529651e+01 7.392923731994554259e+01 7.552261673275808107e+01 8.055564260680128541e+01 7.251582605557101147e+01 5.958801698784401424e+01 6.560689577053442179e+01 7.267626883490532919e+01 8.424505114758227364e+01 1.042500890283025115e+02 8.737148429428800966e+01 7.896319769063379113e+01 8.737148429428799545e+01 7.606724207349530786e+01 6.457524694821945843e+01 5.283810048829390382e+01 3.283987406616585503e+01 4.959396305335669553e+01 5.643180808535323223e+01 4.816572210926879904e+01 2.994080123045442576e+01
9.647730019007896146e-03 1.415178335375008345e+01 3.415178335375078689e+01 4.291627270377937720e+01 5.186214796858232035e+01 6.011286196353385947e+01 6.839512429946493910e+01 7.394570031478488659e+01 6.569593284078881368e+01 7.394570031478488659e+01 8.392081305086860255e+01 7.046354415066038257e+01 5.372596725998911893e+01 6.440207183962012039e+01 4.609483075464206081e+01 6.440207183962012039e+01 5.363971024345617877e+01 6.484619243256476295e+01 7.313146556997456571e+01 8.468054249771719810e+01 8.785619498844512520e+01 7.112689756124743212e+01 8.562065509709653099e+01 9.270017502272010290e+01 1.009547584945225935e+02 8.664077149571508585e+01 7.727241653443863356e+01 5.880700710768004313e+01 7.727241653443863356e+01 7.838606317720888228e+01 5.849933819455031880e+01 4.442982722485345448e+01 4.959396305335669553e+01 2.957800419511542600e+01 4.642912175946440811e+01 2.814756343983742681e+01 4.663377009845346777e+01
3.582433992925927561e-03 1.414571805772400204e+01 3.414571805772470725e+01 3.964635190652960262e+01 4.597091810165112946e+01 4.011308702339498922e+01 6.011292275390230344e+01 6.776239479011094602e+01 5.947597677901808311e+01 6.208300263522893658e+01 7.036284629410833702e+01 6.220935747192913112e+01 4.215590386189239069e+01 5.063149063199391975e+01 3.609493572976998621e+01 5.264317415109928788e+01 3.947277145205156046e+01 4.481565518238523538e+01 5.639119702459907302e+01 7.647712977354861152e+01 9.206959948883314837e+01 9.114201039480315103e+01 9.939770296426246432e+01 9.186247130276785811e+01 8.345425647490641552e+01 7.824064952249463545e+01 5.808355859689521594e+01 4.879577816174813165e+01 6.888510239915692068e+01 8.425799339056311510e+01 6.432402526178867674e+01 6.432402526178867674e+01 5.771773138673054149e+01 4.627037958261679051e+01 2.640723583710215649e+01 4.642911973597073683e+01 3.656863177946269872e+01
1.813270376062421294e-03 2.000181327037570611e+01 3.148142333645800406e+01 1.964639674414983261e+01 2.597095206447834315e+01 4.011308715245890255e+01 6.011297302527998454e+01 5.618440598960118848e+01 3.940222998120374598e+01 4.200596568509396178e+01 6.208300263522893658e+01 6.358509181150246548e+01 4.355574624999812272e+01 3.061812946857113715e+01 2.855164468449538262e+01 3.262263245836808778e+01 4.416511814698929328e+01 6.422441402742072114e+01 5.483535150876581099e+01 6.382522050387523649e+01 7.806755829542265701e+01 9.800166685760359542e+01 9.466428971723422592e+01 8.297142724752924892e+01 6.326204357454425775e+01 6.696738368039596878e+01 6.139787546098929738e+01 4.170031798861711536e+01 6.178245370029338801e+01 7.353271000498617127e+01 8.178476808721039504e+01 6.113482598833354587e+01 6.111653388127449915e+01 4.535849123464409871e+01 2.533481951121267883e+01 4.395156184009461242e+01 5.271705885337605224e+01
2.372884694381488524e-03 2.000237288469402586e+01 1.148143093487501254e+01 3.148142333645848367e+01 4.597091810165095893e+01 5.425450762604766197e+01 6.094869680967210712e+01 4.788639366165560318e+01 2.784165633912144244e+01 4.788639366165560318e+01 5.593266224707490153e+01 4.758099624076389489e+01 3.929520798696221817e+01 2.356765021942661420e+01 4.355629182606323013e+01 5.264154292799037194e+01 6.091256304015656298e+01 7.247565443648761629e+01 7.492567067926995605e+01 8.313794261988695666e+01 9.206959948883316258e+01 9.366341798054843082e+01 8.624675539666431234e+01 6.602274303391702404e+01 5.445468258945662399e+01 4.688623621620705251e+01 4.131566644871301719e+01 3.611863552169658220e+01 4.504589180920117286e+01 5.928930090709439327e+01 6.645307466487123804e+01 6.113482450494842624e+01 4.071390910941461527e+01 4.772998452167536243e+01 4.107319730807457603e+01 2.382107816912741782e+01 4.227778420465798348e+01
8.175220331382775790e-03 4.178463501472861275e+00 1.173775296165734083e+01 2.173775296158603254e+01 3.587988848542185849e+01 5.587987154634248554e+01 5.266059050146949261e+01 3.260728552859848861e+01 2.181188495554900086e+01 4.184267795983026872e+01 3.590377185871054166e+01 3.590377185871054166e+01 1.931566004392760405e+01 2.356633952372090590e+01 2.801580433254170188e+01 4.791471077268059986e+01 6.003934942495735072e+01 6.725415432501756641e+01 7.545906704642349894e+01 8.574047489527787036e+01 8.774681536152118611e+01 7.352802138950244171e+01 8.092867501693517340e+01 8.297142724751986975e+01 7.457041641493789541e+01 6.696738368039596878e+01 5.508225055247748259e+01 4.088869590089433359e+01 3.083134223477222235e+01 4.632345868662247312e+01 4.632345868662247312e+01 6.206305898612144745e+01 4.818393928893621592e+01 2.795445714655019032e+01 2.231599383033795903e+01 3.249577684504598096e+01 5.101385112978339720e+01
9.124702163186202558e-03 2.000912470216283268e+01 3.173775043096751602e+01 4.002196136192280562e+01 5.002192699091704498e+01 5.108973490415466046e+01 4.887629917324331075e+01 3.628713538835440033e+01 1.626803886030472412e+01 3.628713538835423691e+01 3.267019714613477532e+01 1.591673424174716978e+01 3.003888895837199513e+01 4.350983434736326672e+01 4.791471363980732434e+01 3.480633781258531911e+01 4.026806673951166005e+01 4.763745932574904174e+01 5.855459712700146468e+01 7.764525473721158733e+01 7.942554250913926239e+01 5.924002704016036347e+01 6.074845073859771105e+01 7.499819208580687757e+01 7.881103285152745741e+01 8.362360135242474257e+01 6.935292595244939662e+01 5.928930090709439327e+01 4.632345868662247312e+01 2.621771953780772790e+01 4.213112226882297051e+01 4.784240854840182067e+01 3.361445331461362684e+01 2.084029174551967500e+01 4.009060772161844000e+01 2.876415893279821745e+01 4.817777561037571843e+01
2.239863785106879172e-03 8.946511773785161381e+00 2.049351716091717179e+01 4.049356155826487935e+01 5.108973490415458940e+01 3.093065608734913141e+01 2.872840383942417120e+01 3.169392371844112688e+01 1.168162578384310102e+01 2.951679047824466906e+01 1.267506766286231112e+01 3.267019714613477532e+01 4.419208093906042478e+01 5.834527292032606027e+01 6.289530026402930218e+01 4.879375502750810512e+01 5.420270668602429254e+01 6.003938027404538502e+01 7.545906704642349894e+01 8.228457279342293873e+01 8.135442330349981432e+01 6.665910158385739237e+01 4.655954283052040665e+01 6.665910158385739237e+01 5.853416053527831053e+01 7.284173739579156859e+01 7.700632228039147265e+01 5.684132320244914638e+01 4.263223633246951749e+01 4.213112226882297051e+01 2.201501805727872352e+01 3.806700843616318508e+01 1.936734078776245838e+01 3.950353817573892456e+01 4.907311862603813779e+01 4.210447597255618035e+01 3.601936125126589161e+01
1.766589122093755728e-03 2.000176658912173977e+01 3.723103108926964211e+01 4.877785694944303430e+01 4.933873219693676759e+01 2.877302985361102117e+01 1.455842296084619214e+01 2.456966280982006978e+01 7.316095051401147131e+00 9.512870263106467661e+00 2.951675786057263906e+01 4.095829279378174448e+01 5.111687636654014000e+01 5.111717209141125551e+01 7.064270079485022791e+01 6.874792478362891757e+01 7.413035684243281764e+01 7.997175610696032777e+01 7.128201288648540412e+01 5.702787383285787826e+01 7.039332974310960367e+01 5.417186780800906121e+01 4.071878819173162611e+01 5.341538690391990230e+01 4.432117798996134184e+01 6.275819691623350138e+01 6.797724248600843566e+01 5.958619398691836722e+01 5.815484057589367950e+01 4.486840774265458265e+01 3.672616187123269782e+01 1.788109765648577110e+01 3.806706337756749292e+01 4.784913235163509881e+01 6.350450645174242936e+01 6.283670439187763179e+01 4.770008026401594492e+01
