LEM/sinusoidal_perturbations/elevation_000394.asc
nrows	100
cellsize	150.0
xllcorner	0
ncols	100
yllcorner	0
NODATA_value	-9999
[rows 51 to 67 of 100, columns 0 to 36 of 100]
6.455108993161302530e-03 1.414859073272423728e+01 3.414859073272494072e+01 3.735874669365824019e+01 3.596953949610447410e+01 1.808568569879077259e+01 1.928407876666799581e+01 1.184683275107954614e+01 2.930443105340123466e+01 3.056232787319514799e+01 2.062260629516318744e+01 1.660525248206277737e+01 3.650524242631050242e+01 4.149424277792842020e+01 6.151807376011436901e+01 6.541340461160245923e+01 6.671823633219891292e+01 6.064019166992705578e+01 4.695093783401883769e+01 3.905957273845741184e+01 5.822427696876749792e+01 6.845794530066307004e+01 7.073179523578647832e+01 5.814459648874463227e+01 6.755843981071102178e+01 6.775128081850432693e+01 5.523096830909193500e+01 6.449687450525051702e+01 7.902268130100878807e+01 9.943753675938984316e+01 9.767477582437503258e+01 8.661403977895454886e+01 6.986961294823528590e+01 8.564946538767540574e+01 6.980969604683814111e+01 4.964828839460282239e+01 6.980969604683814111e+01
3.995603441288198172e-03 2.000399560344093430e+01 2.908155715114804352e+01 4.933471102630889504e+01 5.228708204161102913e+01 3.524861335215269520e+01 3.758158236948717956e+01 3.182248512607138835e+01 1.728079999908663211e+01 3.726018496353758280e+01 4.081947624490245374e+01 3.650524242631050242e+01 2.153824137145683082e+01 4.149424277792842020e+01 5.205925259854330278e+01 5.810119862172945915e+01 6.638905808158605737e+01 7.426527925196950264e+01 6.237530549009505165e+01 4.333343825057905008e+01 5.427538687397735373e+01 7.344465475999038517e+01 8.670212389451229740e+01 6.837394742347015608e+01 8.670212389451229740e+01 8.430084418349105135e+01 6.449687450525048860e+01 8.430080666252739263e+01 9.345972409334066811e+01 9.581933459466229408e+01 8.751255788321292073e+01 6.935638737033988832e+01 5.825996477790772587e+01 6.561015654057756308e+01 6.630003075970711279e+01 4.611342264362177445e+01 5.779228131412448022e+01
4.804567899273937473e-03 8.951833841817958159e+00 2.329098745356460753e+01 4.426246907501971606e+01 5.835019212995766935e+01 5.664492022604158450e+01 5.140092491887015314e+01 3.140289869206597118e+01 3.726018496355044363e+01 2.359009945267339603e+01 4.358226180066804289e+01 4.978723981702498236e+01 4.149424277792842020e+01 2.702555186810613819e+01 3.201131260742599949e+01 3.806233065924104864e+01 5.224068905267053253e+01 7.224972030576863347e+01 6.712552458844591285e+01 4.814030572625068061e+01 6.712552458844591285e+01 8.179043804863955813e+01 9.672581619119172558e+01 8.836333535664243755e+01 9.672581619119239349e+01 9.345964855516083958e+01 7.902268129317759815e+01 9.345964855516083958e+01 9.529728882325936468e+01 8.417485659148091770e+01 6.729631337060138208e+01 6.935684101314619454e+01 4.922095702175425203e+01 5.135984639640938099e+01 5.861297970241242439e+01 4.280550690781751655e+01 5.451080528803451131e+01
9.707512844716031236e-03 1.975966380725165905e+01 2.997597082531829571e+01 3.048015050237009405e+01 4.561011522207228097e+01 5.479357440792785638e+01 5.968158247426624996e+01 5.140092491887015314e+01 4.874672066381980784e+01 2.874475634333381535e+01 3.991178314476805156e+01 5.991394984834660420e+01 5.372898876306721405e+01 3.368382527615750632e+01 5.205925259854330278e+01 5.205925259854330278e+01 4.964363981343313270e+01 6.965443880786311581e+01 7.389816678442082321e+01 5.477192455695547579e+01 6.000380314257844816e+01 7.348634010503039349e+01 9.339197561786414781e+01 9.601349314173174321e+01 8.751678589622699178e+01 9.601363445834923027e+01 9.943752890180823556e+01 9.238059763116596912e+01 8.228238710066599992e+01 6.674604003584977363e+01 5.550441689180279070e+01 7.430419708133663903e+01 5.927990905994973758e+01 3.962941275700888610e+01 3.833841090368179749e+01 5.008661831993896385e+01 7.026019386696117408e+01
5.001202446392439237e-04 5.164472866249222527e+00 1.050965238818558767e+01 1.717614676975769328e+01 2.612363545585013469e+01 4.033992722812779164e+01 6.071672965022316504e+01 6.507841968423892354e+01 4.507625506786951775e+01 3.506697228232026475e+01 5.507326633984438047e+01 6.819202128713102695e+01 6.201882167505510068e+01 4.371694642745583081e+01 5.372898876306721405e+01 7.207612967665896520e+01 6.120107034884047437e+01 7.794168779250809109e+01 8.228917064990697838e+01 6.309792556630304006e+01 7.919588844059167343e+01 8.768366505317000303e+01 9.108695016931928023e+01 8.259188795024405749e+01 6.698085480182840001e+01 8.259186274222275870e+01 9.108621317798264272e+01 8.406774575879624933e+01 6.381854689507760270e+01 5.358665440294836912e+01 4.633547324319987837e+01 5.967890158610418183e+01 5.207553564112987488e+01 3.414494579129002005e+01 5.447443900937317807e+01 6.694402334099169138e+01 7.857372685045504568e+01
5.279685921607564676e-03 2.000527968592125205e+01 3.057492676730746339e+01 3.728516620410669447e+01 4.574279320617554134e+01 5.479357440792786349e+01 6.678772224435350324e+01 7.335424540731365539e+01 6.335285583188711200e+01 4.661959997222177066e+01 4.921525309761138800e+01 6.921576135831831778e+01 7.202844962243071336e+01 6.374103109867852623e+01 7.202844962243071336e+01 8.203224872098306264e+01 8.120195487043814353e+01 8.949100542446598183e+01 9.126473042856997608e+01 7.670876169685961088e+01 9.125561343298844008e+01 8.892129706512250209e+01 8.259188956267365711e+01 6.212214195332494171e+01 5.683075650285326219e+01 6.212214191992824652e+01 8.259186274222275870e+01 9.238059855388281960e+01 8.228238710066599992e+01 7.394314632328844539e+01 5.967900075508636348e+01 3.929933618019935437e+01 3.501764577089475239e+01 3.159780887847080422e+01 5.195851560240805611e+01 5.962090052287186381e+01 7.977378325762805389e+01
5.738623160518319517e-06 1.000000573862324771e+01 2.414214136235445096e+01 4.414214136235515440e+01 4.384270617183557306e+01 5.050211097497012958e+01 4.684200336470256332e+01 6.678772224435350324e+01 7.489709422652633464e+01 6.662118935109070605e+01 6.921576135829832310e+01 7.749045894318373939e+01 7.763776329008324240e+01 6.898549101085373536e+01 6.290625593948017524e+01 7.003638013204677293e+01 7.882460051713546534e+01 7.627018297765791033e+01 8.464953247875507714e+01 9.708067078926470117e+01 8.290394707910887462e+01 6.840624230532968397e+01 7.594643495261898636e+01 6.811758433978283733e+01 4.779025627847151725e+01 6.811758433978283733e+01 8.171833535341454535e+01 1.008329337554294085e+02 9.253214343149510057e+01 7.989941906774306801e+01 5.967900075508636348e+01 5.967900075508636348e+01 4.947676600994894613e+01 2.909462065085568128e+01 3.933263149702450789e+01 5.962090052287270225e+01 7.414463876965791655e+01
4.532054705376768917e-03 2.000453205470502027e+01 3.828427698618568087e+01 3.532096751224282372e+01 2.385745751683115046e+01 3.052389656559769904e+01 4.465861454271860964e+01 6.460955931344797420e+01 6.453625570231673692e+01 7.241543310478030548e+01 7.459434292386293919e+01 6.621390279978359672e+01 6.390762294286308531e+01 4.712378082304890370e+01 4.447085211245266834e+01 4.879918680090909078e+01 6.190884146895901097e+01 5.596017904218425798e+01 7.627018297765791033e+01 8.812270211634934469e+01 7.441496168428557212e+01 5.401707307849592610e+01 5.553617809234246039e+01 5.691298570035318249e+01 4.272883430938071569e+01 5.284629358518925812e+01 7.322521045371169635e+01 8.924821846081609067e+01 7.245629246821074787e+01 7.232261606635290718e+01 6.407764504939760286e+01 6.283308128278292770e+01 4.740727269394552224e+01 2.701770778692440089e+01 3.538034167523814233e+01 4.558867905121802266e+01 6.582057641114953128e+01
9.001595176218036079e-03 2.000900159517586374e+01 2.825548685280315553e+01 1.532951103616826316e+01 3.532096751224219844e+01 5.050211097494816670e+01 5.875498127477866461e+01 6.210401688323467084e+01 4.715772497193748336e+01 6.210401696338637834e+01 6.553699445632666709e+01 4.595723378384188607e+01 4.967449536817397870e+01 3.471057225442378069e+01 3.166716766733735255e+01 3.627373689142358870e+01 4.165629115001409133e+01 4.928369323589065232e+01 5.941267598776095582e+01 7.974772385785496454e+01 7.328517002756532861e+01 5.289725867675054616e+01 4.119673297140049328e+01 3.660208353691076866e+01 5.691298570035316118e+01 7.151052709243504069e+01 8.171833535295414208e+01 8.026584771353390124e+01 6.084346811133568877e+01 6.407764504940263350e+01 4.392500209639714370e+01 4.264417943601041827e+01 4.266438642238872347e+01 2.502090529156089715e+01 4.541745490305364541e+01 6.404858238955836214e+01 7.414463876965763234e+01
5.674351268809080251e-03 4.088157255892308051e+00 8.258445536567586842e+00 2.825548685280210748e+01 3.527946306180502489e+01 5.498943050104550423e+01 5.887693623405026244e+01 5.450275630593874610e+01 3.794708157198081722e+01 5.450275630600145149e+01 5.715474892452017741e+01 3.694385865870445684e+01 2.950113943614622514e+01 2.562084770428813840e+01 3.984509298042162584e+01 5.649611971882393391e+01 6.190884146895901097e+01 6.958019992280799215e+01 7.797217503456542431e+01 8.812270211634934469e+01 8.177433570110731864e+01 6.724347192139182994e+01 4.688916733439103979e+01 3.251932394855796105e+01 5.285080512158714328e+01 7.084916641397205694e+01 7.933034570735109980e+01 7.195330147652224184e+01 5.182939562889552576e+01 6.407764614262917746e+01 4.392500209670501476e+01 2.950027684440263442e+01 2.225767798977621936e+01 4.032257993154338038e+01 4.146660320782274312e+01 5.549740667118883408e+01 7.548381107101030807e+01
9.518805923843161668e-03 2.000951880592348786e+01 2.825548685280315553e+01 2.458725692236558658e+01 4.457723179574148276e+01 5.361768008033534016e+01 4.069994956941680897e+01 4.864944136975167055e+01 3.223652642141715319e+01 4.864944136975158528e+01 5.493737065859286162e+01 3.473559124269467446e+01 2.046677290783345171e+01 4.065270955852084001e+01 5.415581524679478065e+01 6.846653751316765124e+01 7.199085240254753160e+01 8.036783101770713245e+01 7.812781904994935189e+01 6.986058550808451173e+01 7.812781904994935189e+01 6.674020883270878812e+01 4.963611560801234646e+01 2.928580176640068444e+01 4.963611560801233225e+01 5.045981482690625342e+01 6.754400083086970596e+01 6.483842635423353329e+01 4.468203161608373364e+01 6.483842635423353329e+01 5.812380904232296785e+01 4.082469978512778397e+01 2.040652076970112461e+01 3.536906004890786903e+01 5.702828657401473578e+01 5.975803989740987987e+01 6.654129802561929807e+01
9.062254805971973678e-03 1.415119787853704736e+01 3.415119787853775080e+01 4.457723179575219774e+01 4.152345561345275371e+01 4.436145334944713170e+01 2.786896250125867525e+01 4.318881931705991661e+01 2.719771499265285541e+01 4.003250094450744712e+01 5.509042704580218697e+01 3.550037857556784360e+01 1.722772199594429665e+01 3.757438121888368698e+01 5.726406955012558342e+01 6.209476838506562757e+01 5.174187979578364605e+01 6.868133536845488152e+01 6.854294483588799380e+01 5.101770083561785896e+01 6.854294483588799380e+01 5.827533903460786746e+01 3.793652932196053484e+01 2.616524191621425288e+01 4.653272177203877646e+01 3.873144501731048450e+01 5.907736878657770774e+01 5.876104468891504951e+01 3.856326525554135998e+01 5.876104468891504951e+01 5.338917016907880964e+01 3.305803450563519164e+01 1.858709426286704414e+01 3.901287591923732379e+01 4.894542047759077974e+01 3.565413681308887561e+01 5.194993242549355728e+01
3.063233560239582431e-03 1.675559033891828875e+01 3.381217735214389819e+01 3.053486832861964828e+01 2.189463792614376203e+01 3.418329516871094853e+01 1.837655601325136701e+01 3.340681977423316340e+01 2.242006916330986854e+01 3.639356505085173410e+01 4.991635945507434258e+01 3.458320639298047183e+01 1.398179702665233215e+01 2.866103691372775231e+01 4.188664618368107995e+01 4.188664618368107995e+01 4.011226346055401137e+01 6.030010261721906772e+01 6.043914317185120666e+01 4.202141027190917555e+01 6.043914317185120666e+01 5.798476029178250712e+01 3.763163760244365363e+01 2.321173833367562622e+01 2.696654088739117228e+01 3.963373663651363898e+01 6.000951589056028723e+01 5.336296108356610546e+01 3.311928530823090711e+01 5.336296108356610546e+01 5.161264846279902230e+01 3.127011948297179345e+01 1.680463480193078496e+01 3.469391080223312684e+01 3.546977270701131602e+01 2.463137827974336247e+01 4.295247386681638346e+01
5.666595628964066558e-03 1.921788277568361636e+01 2.249438512689302527e+01 5.495386904612022505e+00 1.441442333877755466e+01 2.361129768419836950e+01 1.120931771647330955e+01 1.529937351514911192e+01 3.093251930406746553e+01 2.034203230054404088e+01 3.315472769344931692e+01 2.810087267279904211e+01 1.078823995625262633e+01 1.620029799790950520e+01 2.166985678289216821e+01 2.847209710477004307e+01 4.864464824576160140e+01 5.433795194705508891e+01 4.645925748607453443e+01 3.591196491033984728e+01 5.429989887187050357e+01 6.396740504177525821e+01 4.359292921962582312e+01 3.963373663649867495e+01 1.924328168754165347e+01 3.963373663652640033e+01 5.731636093675192711e+01 4.845314853381419340e+01 2.816609994964749220e+01 4.845314853381419340e+01 5.339045400177315059e+01 3.878622063331557257e+01 2.925074343871501625e+01 1.434337651906442801e+01 1.492909266203386665e+01 2.677946407702406617e+01 3.639737668480167088e+01
2.110006612196471242e-03 3.152221521918212588e-01 6.283726770395389183e-01 4.167166859923538524e+00 1.428825910348892059e+01 5.677590663935789372e+00 1.999105233288586092e+01 2.137338260911320020e+01 2.735986825746470341e+00 3.027272656753880575e+00 2.412481690783510757e+01 6.975802679523021688e+00 2.810020397428147731e+01 3.665098904797029888e+01 3.597345991941018895e+01 4.855849369379349412e+01 4.498000266919149936e+01 4.002569981793836007e+01 2.771465839115350605e+01 4.103102230317182375e+01 5.956416427115422607e+01 6.326696955495608421e+01 4.289562674907569573e+01 2.849741989290457767e+01 1.672645931240063888e+01 2.849741989290457767e+01 4.886225491504222873e+01 4.391682656998857937e+01 2.359649172368911962e+01 3.792468673784485844e+01 4.033715992135679329e+01 1.463071981384347353e+01 1.356697515714316360e+01 2.916117476062770209e+01 3.475091809814300348e+01 1.577629226001823248e+01 1.638190159786141464e+01
9.367352646185668139e-03 1.631713447048263532e+01 1.710598006013916006e+01 1.071766805297637903e+00 1.385390244050586972e+00 1.699521171512899276e+00 2.014065434494375584e+00 2.328546729327046982e+00 3.123608111937152376e+00 9.128045723347286255e+00 3.489789346740265863e+00 2.403136271324165918e+01 2.783197394093326338e+01 4.729033492698194863e+01 5.616234065972211198e+01 4.777906182370933408e+01 2.729026353292777429e+01 2.062935408669435944e+01 4.002569981793836007e+01 5.409781808376073542e+01 6.022926336256406898e+01 5.216723503473991030e+01 4.371604270624472832e+01 3.470302358496407891e+01 1.436539146886718932e+01 2.873735995159342238e+01 4.910540963720347918e+01 5.226823643144022924e+01 3.792468673784485844e+01 1.759133166330066800e+01 3.190014737174811543e+01 1.279929192335220201e+01 3.308512407493045515e+01 2.083186562293919408e+01 3.970530474236451823e+01 3.961490013707591373e+01 3.676152025902884191e+01
3.648181865326004768e-03 1.150594670782280460e+01 2.720987509264340787e+01 2.235699855598479857e+01 7.112017889690668504e+00 2.199797817381277198e+01 2.307046569541252268e+01 1.059766672087166484e+01 3.836149740573347788e+00 1.341254906209984199e+01 3.827819601233421576e+00 2.353879944516339506e+01 3.195908247026302718e+01 4.065859109826591578e+01 4.908361245058144107e+01 4.807539463389558421e+01 3.092227787508965164e+01 1.593625723190759125e+01 3.574022348338734645e+01 3.850386920957920012e+01 3.861453323688491679e+01 4.357526244766955870e+01 2.323853227593662041e+01 2.917802406158159911e+01 1.218273940477428319e+01 2.640591880524389268e+01 4.676904106500897740e+01 4.718760673491559032e+01 3.969709233429738049e+01 3.113245257395334420e+01 1.204101725487009134e+01 3.155431922085011820e+01 4.129504231441836737e+01 3.981455122235102806e+01 2.863730196134254058e+01 4.749310374226936915e+01 4.168956131649119357e+01
