LEM/sinusoidal_perturbations/elevation_000065.asc
nrows	100
cellsize	150.0
xllcorner	0
ncols	100
yllcorner	0
NODATA_value	-9999
[rows 68 to 84 of 100, columns 0 to 36 of 100]
5.009162696260268353e-03 2.000500916256008921e+01 3.375181354290580060e+01 3.008174516158331002e+01 4.977395080708284780e+01 3.318660539378001317e+01 4.992387125902551048e+01 5.290495469296863718e+01 5.668231190170084943e+01 3.668231190169403533e+01 5.668231190170084943e+01 6.130104047703157022e+01 5.199149015351996184e+01 7.199149015353918912e+01 6.686414305520879964e+01 5.958827328840958160e+01 5.698753825019014130e+01 6.698033719033087152e+01 8.696051719455154227e+01 9.719831309238239214e+01 8.118521375698519194e+01 5.953758608573864564e+01 6.961407004523498188e+01 6.411301250409931640e+01 5.360176622317745654e+01 3.154470312100502483e+01 4.815201498531135371e+01 4.480689347244156551e+01 2.554606262750062129e+01 4.708154479200974407e+01 3.631474491975158259e+01 5.722005178341799336e+01 7.296791305809813366e+01 6.139903891182180473e+01 7.921963629991225275e+01 9.102537300189990788e+01 6.990772804266651974e+01
4.695337527364121070e-03 1.414683096125843953e+01 3.414683096158755404e+01 5.008174516090721795e+01 5.836601610613238478e+01 5.318660539378704755e+01 6.147087664390605255e+01 6.979865249955905426e+01 6.496658315194579814e+01 5.082444752542548372e+01 5.082444752542548372e+01 7.082444752544869004e+01 6.353849553731288324e+01 7.199149015353918912e+01 8.684613473690689034e+01 7.371813060910852755e+01 6.852567759119969537e+01 7.697042719237853703e+01 9.523900039258211336e+01 9.622172675797598629e+01 7.495688614117543125e+01 8.118521375698519194e+01 8.196613847817175724e+01 7.291583235500722537e+01 6.105142286583425459e+01 4.806104452854240350e+01 2.559058686980660724e+01 2.499785873954240500e+01 3.875130204359876984e+01 5.595236190566372159e+01 5.449220633362779154e+01 5.115388857991224825e+01 7.244008277772447002e+01 8.311287521408502244e+01 9.153564662001132035e+01 8.495306660556454403e+01 6.367946415745743849e+01
7.614146464036155443e-03 2.000761414646368053e+01 3.463271010031147767e+01 4.291698134777308127e+01 5.446398673156580372e+01 6.175298578398512461e+01 5.346872115870942821e+01 4.979865283967669143e+01 6.979865249955905426e+01 7.082444752544869004e+01 7.082444752544869004e+01 7.910871877846798839e+01 8.353849553735837219e+01 9.182276679393415009e+01 1.002757614196663951e+02 9.369978599034939748e+01 8.850616967618640274e+01 9.678478742041239968e+01 1.052320133915563076e+02 1.048217974912824815e+02 9.622172675797598629e+01 8.688623728185841344e+01 6.920984131632336300e+01 5.636800715260115169e+01 4.617769556800067221e+01 3.724095514846151644e+01 4.474650385127434760e+01 2.461507386827582522e+01 4.696976533773998597e+01 6.023202672141479752e+01 7.609578283917983299e+01 7.235027178286651406e+01 8.126401421075591713e+01 9.236158113428898275e+01 8.411976228990135951e+01 8.264201228534761867e+01 7.376893531200401810e+01
2.352828262072654761e-03 7.073420640127578096e+00 1.463271010031218999e+01 2.617971548410491067e+01 4.617971548410420013e+01 5.346872115870942821e+01 3.346872122305460096e+01 4.590943172284529794e+01 6.590943106960061471e+01 5.975722768780123317e+01 6.804147395466293347e+01 7.698571883632040169e+01 8.853268821104597919e+01 9.285025099932795456e+01 9.869588699249683827e+01 9.656871891008792375e+01 9.656871891005646091e+01 1.048306605334092296e+02 1.049711997688323493e+02 9.300445482105970996e+01 8.387984509564570601e+01 7.534177246276065887e+01 6.832209350981875673e+01 6.217857426806909160e+01 5.661333401866369996e+01 5.517835074894244940e+01 4.397853103834147248e+01 2.423904310266031459e+01 4.080633476660883474e+01 6.617624860058749903e+01 7.396880523356894344e+01 6.528312868455908813e+01 6.804446196375589295e+01 7.672163000212171369e+01 6.397636876142761508e+01 6.174609428660406252e+01 6.504032445005640284e+01
6.786455232800275850e-03 2.000678645523244370e+01 3.463271010031147767e+01 4.000969796102192788e+01 4.829396741422392125e+01 4.590943172284529084e+01 2.590943176287031946e+01 4.459325003286709688e+01 4.975722779866833179e+01 3.975722787416817283e+01 4.870149978416701231e+01 6.024850516793220834e+01 8.024850366706570526e+01 7.290620302596711610e+01 7.874767943305467099e+01 7.660587369890276932e+01 7.660587369890276932e+01 9.656871891005647512e+01 9.637031799203978721e+01 7.565878077177949024e+01 6.414872656148479280e+01 5.553692271827807048e+01 4.889457987078331058e+01 4.296734914983777998e+01 3.739890257776897897e+01 4.406876684131752597e+01 4.167267299010224235e+01 2.386670203309464000e+01 4.712583757488781799e+01 5.469813501845345627e+01 6.051338512742514553e+01 4.382301927000808917e+01 4.659925162038236124e+01 6.804366768233164464e+01 6.786636696932639268e+01 4.664508912364290438e+01 5.724734701862426078e+01
3.257643153035955173e-03 2.000325764315267918e+01 2.557594124355833642e+01 2.000969797741054990e+01 3.151266398958176396e+01 3.471522706071925768e+01 1.987920487131515301e+01 2.459325007922538830e+01 2.975722787416852100e+01 4.389936349775978641e+01 6.389936300233620869e+01 7.441754454982695677e+01 6.616563254374749192e+01 5.885371315876888332e+01 7.396006681326154819e+01 6.253550128863671631e+01 7.401647766622973279e+01 9.397717006633664028e+01 9.626504536749432361e+01 8.444514770769555412e+01 7.595488156319447626e+01 6.977316981308342747e+01 6.410417801811496474e+01 5.957830557561376139e+01 4.995939579264215524e+01 2.973023167704448966e+01 2.656107439211226762e+01 2.349706701379955121e+01 4.330083730136178843e+01 3.380877502046156735e+01 4.362778328601913103e+01 3.116995942182574098e+01 4.624779729122868588e+01 6.759455319126882955e+01 7.628459273391217721e+01 5.724733206299541877e+01 3.588163646725384837e+01
1.880098487986705483e-03 2.775381079614126278e+00 5.575941247670134437e+00 8.462692593618239556e+00 1.151266400027030734e+01 1.471522707637202210e+01 3.471522706070715003e+01 4.459325003286709688e+01 4.389936349780608538e+01 5.804148959391157092e+01 6.966752699609085653e+01 6.142068956509055511e+01 4.631611231979294985e+01 5.013312088111805309e+01 5.409170608145913661e+01 7.396006681326154819e+01 9.071826713916772178e+01 1.022407214054998690e+02 8.776116435789450065e+01 6.731207644157679226e+01 5.545246228036798186e+01 4.933332846438642605e+01 4.386386062244458373e+01 3.948813622384160027e+01 3.529926094372839174e+01 4.928547882990946505e+01 3.860752497761173174e+01 3.198807493082947673e+01 2.298029337512606318e+01 2.261587702907810993e+01 2.225039621429257863e+01 2.359621666110334814e+01 4.477779067476447494e+01 4.937012204515529135e+01 5.400725090370215753e+01 5.648065832140120790e+01 4.813008432503236378e+01
2.900726248362994839e-03 2.000290072624800786e+01 2.557594124355833642e+01 2.846269258669154212e+01 2.565479962399203373e+01 2.885736270008877469e+01 2.885736270008877113e+01 4.885736264676638285e+01 6.389936320351196741e+01 6.527832435031083946e+01 5.703483378907813517e+01 4.156288327675524386e+01 5.559725622381468213e+01 6.998639456338383980e+01 6.812111988960096198e+01 6.342981883958695022e+01 7.750372199284883834e+01 9.746759376194101776e+01 9.042663446765853053e+01 6.996048648392702773e+01 7.595488156319044037e+01 6.034760521917080922e+01 5.811005102271391110e+01 5.957830557561426588e+01 4.682137254570335472e+01 6.050017930548177958e+01 4.976168768281195298e+01 3.261213110913958246e+01 2.571836551770692125e+01 4.400321758037829056e+01 4.304641468012719230e+01 2.173131828465888304e+01 2.136339040484266505e+01 2.099565011986884500e+01 2.815426776395093711e+01 3.818442317698472266e+01 4.211598355603976529e+01
5.081304048347549951e-03 2.000508130404799090e+01 3.299569190783930139e+01 4.127996315530150184e+01 4.565479958753175538e+01 4.885736264666444839e+01 4.885736264675799845e+01 5.714162949602939534e+01 6.108644823279450975e+01 5.284444476259320567e+01 3.715806744934077699e+01 5.703483378908538981e+01 6.966754346549355148e+01 8.373783070716702071e+01 8.805653166633962314e+01 7.750372199035393805e+01 7.750372199035393805e+01 9.746758958339816559e+01 9.893001129693341511e+01 9.042663473761413684e+01 8.931386559788461454e+01 8.081901015365677665e+01 7.857528070499884620e+01 7.557642684798571509e+01 6.709310729260737105e+01 6.317285507402180400e+01 4.444646883819682870e+01 4.097941006132253250e+01 5.000562191092097208e+01 5.708846330536154312e+01 3.915348528079146462e+01 2.769080494408964555e+01 3.405238425988690665e+01 2.585952184447545932e+01 2.047822631611338906e+01 2.011780939574570937e+01 1.976143468615428489e+01
4.469920835086939326e-03 6.329025241171872374e+00 1.299569190783859796e+01 2.299569190783877559e+01 3.713782753157022398e+01 5.713782753157092742e+01 5.553033399277430249e+01 4.728735447655695623e+01 4.952799591303921289e+01 3.294559638915134769e+01 3.702452966646792021e+01 5.690178091014647066e+01 7.127501658654071548e+01 8.264532233746857059e+01 9.091033304635406864e+01 9.746758958340805634e+01 9.746758958339896139e+01 1.057289367933863815e+02 1.040579511061114601e+02 9.156390518707998183e+01 8.295361874113295642e+01 8.620183357267809754e+01 8.405139142747367487e+01 7.590509149881962969e+01 7.590509149881962969e+01 7.164323681627912777e+01 6.317285507440974612e+01 6.034995063663731685e+01 6.868338569217370093e+01 6.727692021942345946e+01 5.780031439514630165e+01 4.619706966825251726e+01 3.237197018342634891e+01 3.053953848353336653e+01 4.081667324348782699e+01 4.053155821029101702e+01 3.763575172674354263e+01
2.324776005098761877e-03 2.000232477600474468e+01 3.299569190783930139e+01 4.127996315530150184e+01 5.127996315530167948e+01 5.241991245240035369e+01 4.417560838604307349e+01 2.736232084521976304e+01 2.961259771186728074e+01 4.952799591303921289e+01 5.690178091014647066e+01 4.317323674164402547e+01 6.302935876409375737e+01 6.273319826102648733e+01 7.680087971974415950e+01 9.676777479794860426e+01 1.041978777951321007e+02 9.703814124937704833e+01 9.450375397296225799e+01 7.464289583438947773e+01 6.421938282032628820e+01 6.733790604361186638e+01 7.590509149881962969e+01 5.810237097231273395e+01 5.810237097231273395e+01 6.638913710415155833e+01 6.112552872354291367e+01 6.882109691789626993e+01 6.751877503440896078e+01 7.533442238604958163e+01 6.104555570141928200e+01 4.267656809610566881e+01 4.276111643761877446e+01 4.317635019078251446e+01 5.619802455123760865e+01 4.747729740218743899e+01 3.138857196503219882e+01
8.699724428260374037e-03 2.000869972442790612e+01 2.758654796672096765e+01 4.763184659616677408e+01 4.903249591314825295e+01 4.115280299511513107e+01 2.423870830432083423e+01 4.417560838604649120e+01 4.112619130027233894e+01 5.776998012143763361e+01 7.127501658654033179e+01 6.302935876409375737e+01 5.019073678400929595e+01 7.005068594316108488e+01 8.891927667896699461e+01 1.003174558115375419e+02 9.452031639499915627e+01 7.994999317725584831e+01 9.453801377642039938e+01 9.156372611576664156e+01 7.286302249706378120e+01 5.503182466685443330e+01 6.522363836643053503e+01 6.126128154583089724e+01 4.596936125729376243e+01 4.893067772640678470e+01 4.367859133108623126e+01 5.855629763624862250e+01 4.984433290666812155e+01 6.496093726141887714e+01 6.933062384959296764e+01 6.104927676203155329e+01 6.194908060910439218e+01 6.511646900987341269e+01 5.963433898134693578e+01 4.253556504034241215e+01 3.470248288634205380e+01
2.249585233037712084e-03 7.561674639689123012e+00 2.172957285068204669e+01 4.183744852230456246e+01 4.017053350903569253e+01 2.120623809302706064e+01 4.115280299511513107e+01 5.241991245446254055e+01 6.100504553819899911e+01 6.925206933231162054e+01 7.442038810343829880e+01 7.830009183454892252e+01 7.005068594316108488e+01 6.078639486497198874e+01 7.226020367802375688e+01 9.218976174669775503e+01 8.727980037505621169e+01 6.987071797485737079e+01 8.727983712959793650e+01 9.040636049040656985e+01 6.946250922731641708e+01 5.632982202363039193e+01 4.783840156463212168e+01 4.393635126665534330e+01 4.010935798742006142e+01 3.625836902495896652e+01 3.293955522545058301e+01 4.702091427919377509e+01 3.956037765061504530e+01 5.726095429137527049e+01 5.950929139168889037e+01 5.938385683529391912e+01 6.658852586428537279e+01 7.347221880979616060e+01 6.826435310924141220e+01 6.035348784426699353e+01 6.155898367556180517e+01
2.739267172789772273e-04 2.000027392671692539e+01 2.758654796672096765e+01 4.763184659616677408e+01 3.907270940640727019e+01 1.912107617308123153e+01 3.907270940640727019e+01 5.011680579637909005e+01 5.819467078667278059e+01 6.068908540874046764e+01 5.500115876570132656e+01 6.878294436364564035e+01 7.805722645155003647e+01 8.068685926170634559e+01 8.891927667896699461e+01 9.171895349420718446e+01 8.115166238955725930e+01 6.374990562219932144e+01 7.518236383058152228e+01 9.176097505548663946e+01 8.283107346662659154e+01 7.314382728889268037e+01 6.132827709751590106e+01 6.126128154583089724e+01 5.759029481681677254e+01 5.404414208907839168e+01 4.702091427919377509e+01 2.846991565294344539e+01 4.349079759287813118e+01 5.037869961607158587e+01 4.074665704947553024e+01 4.074262996725120445e+01 5.929680855929759531e+01 5.389252364527297345e+01 6.617914024825887509e+01 6.977469824131071618e+01 6.175251096464406686e+01
8.327778614586212741e-03 2.000832777861423040e+01 3.837369103490037503e+01 5.252525631143618767e+01 3.702588659930185599e+01 1.706911219240124566e+01 3.702588641033149486e+01 3.051848736980998922e+01 4.274679994107376757e+01 4.124085284128689466e+01 4.124085213010304329e+01 5.863266405222216093e+01 5.863266561855823511e+01 7.641123788804473804e+01 8.659044658433768404e+01 7.404309362426995733e+01 7.567191617549914895e+01 5.843332045990452173e+01 7.567191617549914895e+01 9.035376510269307460e+01 8.327637472725014334e+01 8.849077893744724577e+01 7.595302701890869912e+01 6.727808254820334355e+01 6.554063623715869369e+01 4.830854016899898085e+01 4.595356904176730950e+01 3.889986517465914062e+01 2.436909423430510913e+01 4.264135525884051958e+01 2.658959598549758852e+01 3.581850160187466514e+01 4.422508128057912558e+01 3.918534873215430281e+01 5.529039196002686651e+01 5.087805770094812630e+01 5.083979581456428321e+01
6.510866554257996840e-03 1.001591228681080459e+01 2.420477777099468142e+01 3.575945209639931477e+01 3.497367233050155733e+01 1.504880437922435554e+01 3.360733524419114815e+01 1.902203022076349015e+01 2.302146597525078775e+01 2.728302719112847186e+01 3.261425429990306668e+01 3.921811915241196544e+01 4.896766198647276980e+01 6.829725929166130527e+01 7.781368340377443360e+01 6.179504605615232293e+01 7.125249263157236612e+01 5.429397937493457249e+01 7.125249263157056134e+01 8.165136210367218439e+01 6.695819393329145441e+01 8.165134508413952119e+01 6.727808159196634108e+01 4.796909201932687949e+01 5.358955506127092860e+01 4.836596594327570386e+01 3.044427010021732727e+01 2.042952751910582521e+01 3.841376554215493400e+01 3.714105957893716692e+01 3.151824158495453077e+01 1.657588394322777958e+01 3.545177153599930620e+01 2.890169810985127796e+01 4.230166708266744990e+01 4.383776448470449338e+01 2.893834234233512959e+01
8.953482861371391335e-03 2.000895348286101694e+01 2.285625581035143838e+01 1.769911845427404273e+01 3.189391249636211967e+01 1.304880342561261841e+01 1.376994839909941604e+01 3.360733635405985353e+01 4.274679994109156667e+01 4.693704721259276624e+01 5.216116811894389826e+01 4.860158155523020440e+01 6.670947455814281568e+01 7.641123693026945318e+01 7.050460082375836635e+01 5.363755408101783928e+01 6.207036113968395341e+01 5.071072232490394072e+01 6.727988628150590955e+01 7.453687140226324459e+01 5.771247396549886588e+01 7.453687021230477683e+01 6.497751983807187059e+01 4.555606836324344044e+01 3.454596829059796192e+01 4.426517168704972249e+01 3.632406916021308518e+01 1.791859637185602239e+01 3.434655366833285939e+01 2.885511147624770700e+01 1.116993854617949822e+01 1.125559090517470828e+01 1.822514808592834612e+01 2.767492912171241315e+01 4.024687152302244897e+01 3.382852807027330044e+01 1.937578024988007641e+01
