LEM/sinusoidal_perturbations/elevation_000912.asc
nrows	100
cellsize	150.0
xllcorner	0
ncols	100
yllcorner	0
NODATA_value	-9999
[rows 34 to 50 of 100, columns 0 to 36 of 100]
2.064481644892168701e-03 8.962264803623266829e+00 2.326411247847692110e+01 4.360724592297260216e+01 5.311407774116464253e+01 5.203922277818355013e+01 3.053848544857732605e+01 5.203828576403989814e+01 6.007232335363487863e+01 5.232784983246446586e+01 3.351318714973349699e+01 3.605812474836074699e+01 5.552142505858886778e+01 5.079892909976574344e+01 3.144542766208740403e+01 2.089319692114890259e+01 3.796088216939079985e+01 2.993541577703964052e+01 1.513348841945880174e+01 6.865353526290101094e+00 7.170510261621102721e+00 7.475192380764688949e+00 7.779513326544241991e+00 8.083609641417464076e+00 8.387419676646102218e+00 8.692852032617564007e+00 2.704012495155409113e+01 3.617304603061614188e+01 4.071410122780913099e+01 3.847307014962120064e+01 4.431939010672883938e+01 5.103763762499699652e+01 6.007686802123110681e+01 7.280976645870423170e+01 7.327555716089693760e+01 5.543808728507059413e+01 6.438559310352279397e+01
2.905961989428186391e-03 2.000290596198907167e+01 3.761215931752689556e+01 4.473089778887245416e+01 5.315332910242504738e+01 6.031240307011885449e+01 5.203926632504289529e+01 4.601160954631431110e+01 6.659131707094584840e+01 6.102916651772410006e+01 4.480378161461192121e+01 4.732627921218134759e+01 6.355229978853488149e+01 5.896782754862053366e+01 4.534663517323326687e+01 2.614775212142873784e+01 4.534663517323327397e+01 3.420261370306054260e+01 1.315218383651095202e+01 3.212774849082404671e+01 3.103080978995447836e+01 2.365248951424919355e+01 1.051204663007442264e+01 2.846493038363526296e+01 2.832947353692256698e+01 9.624451496880483958e+00 1.160457248515586137e+01 3.143593810004117017e+01 4.328910096137392571e+01 5.556623134822929444e+01 5.837031774545645391e+01 6.318177378646311837e+01 6.586394007731932732e+01 7.475930402454429213e+01 8.001818462795269227e+01 6.469284169844992505e+01 8.001818456990083916e+01
3.542675937824442140e-03 2.000354267593747082e+01 2.885482758357596822e+01 2.374919260742205651e+01 4.370403320826830651e+01 5.173705749578601143e+01 5.982481788401469913e+01 6.659131707043546555e+01 7.461319766673962306e+01 7.222302627692427279e+01 6.419218074442235888e+01 6.671620247250012881e+01 7.474659809739927141e+01 6.111262357303685633e+01 4.180331013795810691e+01 3.342856270574110056e+01 5.255457430087115966e+01 3.882264269640401722e+01 1.786487774382451832e+01 2.979760979109000374e+01 5.109655540646481597e+01 4.315843053746562674e+01 4.236224856533737437e+01 3.618822244459158100e+01 1.622674494779107590e+01 2.916109477427743357e+01 1.328174121754658543e+01 1.493767703397879920e+01 3.492058445743995776e+01 3.523165372820384533e+01 3.796151674464896075e+01 4.360363626663118453e+01 4.463792701980263899e+01 6.131421961219933081e+01 8.383103910605831288e+01 7.777706278168774645e+01 8.766985165044894757e+01
3.411803931810562015e-03 4.367769676484002161e+00 8.839906906710767842e+00 2.740434108434822491e+01 2.646301401071644932e+01 3.344095628362024542e+01 4.632602660358841717e+01 6.519851580854111717e+01 6.520622302213533317e+01 7.052345053501862537e+01 6.229886886157932935e+01 6.338910207874389613e+01 7.161576668585928473e+01 6.930190385894294991e+01 6.064756953068361867e+01 4.441453024046799669e+01 6.064756953068361867e+01 4.409327028108686619e+01 2.305521071200038108e+01 4.409327027454983750e+01 6.002305503392156538e+01 5.880679408318636092e+01 3.831836824185395329e+01 2.424313028285994776e+01 3.022807153284568216e+01 3.617260899246615935e+01 1.611131009786678447e+01 3.492043840883186334e+01 1.840052780631989648e+01 2.093064256477656926e+01 2.357457255020658593e+01 3.127932916171479860e+01 5.170013890113879285e+01 6.051005016801360625e+01 6.785365222849951294e+01 7.730156898007783184e+01 7.691797344368744405e+01
3.327314952832964925e-03 2.000332731495247884e+01 2.885482758357596822e+01 1.692859652608681387e+01 3.676249357600682544e+01 5.173705808265142281e+01 5.982481947291199731e+01 5.920554537320687416e+01 4.457744341297254209e+01 5.846848522256198066e+01 4.260641835786996268e+01 4.368862641617809572e+01 5.758905028166512352e+01 7.739166578971786237e+01 7.156915700792218615e+01 6.351975187404646306e+01 6.233846402226114947e+01 4.021725849431534527e+01 2.945486085663445053e+01 5.080828602354544188e+01 6.916429315529666155e+01 4.838083920278926797e+01 3.414911849542291833e+01 4.431928923496351302e+01 5.059994651773304497e+01 3.922984997570853238e+01 1.901871060661458301e+01 3.922980453879179663e+01 3.261081041083782139e+01 4.118751362316966436e+01 4.393911616189871694e+01 2.788703783339806463e+01 3.335566788598904253e+01 3.908790247433079657e+01 4.543219183807991612e+01 5.394888184920962004e+01 7.527404809782657935e+01
6.779948344387334673e-03 1.414891557207546313e+01 3.414891557207617012e+01 3.746536823349260459e+01 4.660007924854335926e+01 5.023937018653300868e+01 4.211281075389335626e+01 4.930283233467637416e+01 3.075294008286234515e+01 4.220506614004423795e+01 3.125562768677653835e+01 5.092942726225934535e+01 5.721922389210060089e+01 6.546822868876705570e+01 6.306266748088445695e+01 7.130270137790047613e+01 7.204355436320372519e+01 5.977759820092392573e+01 4.163568490140216483e+01 4.446201289548330493e+01 6.635956037463279245e+01 6.322505826445954114e+01 4.571871278424928420e+01 6.322505826400463746e+01 5.775622842154389502e+01 4.242060020863460323e+01 2.206398368895635542e+01 4.242060020863250003e+01 5.287236271663981313e+01 5.617341037306794505e+01 3.563004280650960709e+01 4.840792355409612924e+01 3.575220899551452192e+01 5.645785867057685437e+01 6.785365222849952715e+01 7.772501184795321194e+01 9.117898590213663113e+01
9.516927588586143695e-04 2.000094938472132000e+01 3.983281448426376414e+01 5.431248887488451516e+01 4.548618011186699306e+01 3.908164784728977281e+01 2.254031005235550467e+01 3.276128856940633227e+01 2.208206584345144208e+01 2.240452957861355188e+01 4.220506610642979695e+01 5.399513464873555080e+01 3.736557649682730897e+01 4.904972421269868477e+01 4.324537306226002187e+01 6.306266748086770235e+01 7.592446374775266804e+01 7.216403304080753855e+01 6.329760727577140500e+01 6.633296788992197435e+01 7.569560949166724129e+01 7.530265009873380677e+01 6.645493393400838045e+01 6.387657202224275466e+01 4.294413532014561952e+01 2.829267051644585962e+01 2.679268233933734678e+01 4.722494724984961323e+01 6.350132004738000546e+01 6.210059064141258034e+01 4.157075273116949177e+01 6.209718876149840838e+01 5.042033293801795679e+01 4.530729742487204703e+01 5.663756244307076315e+01 7.575752467676875312e+01 9.548405594385911854e+01
1.945935296826602993e-03 1.154895131900013716e+01 3.154894719011878834e+01 3.906415766035779313e+01 2.525883087489571110e+01 2.758790015396495576e+01 1.107269404589193407e+01 1.282571797491211107e+01 1.459847866970277153e+01 3.453013158688290218e+01 3.930804860226103870e+01 4.138052806690434693e+01 2.593718874376487094e+01 2.928623964822979175e+01 4.904972421264057658e+01 5.813185545996034875e+01 5.643907446487553869e+01 6.661783926732610439e+01 7.141240013885382609e+01 7.738675011058562347e+01 8.396034711330372602e+01 8.805800902582795686e+01 6.380404989213316469e+01 4.645835409020077833e+01 3.561370452476789694e+01 4.907510408343168962e+01 4.113283699654012082e+01 3.448973307932248389e+01 5.496322254554883102e+01 6.893454519930043034e+01 4.843375790587624152e+01 6.893364889366915804e+01 7.086903049503793284e+01 5.741801758728699667e+01 6.653579277581908968e+01 8.683286560892535988e+01 8.985820172235891334e+01
5.600688922766023682e-03 2.000559841624360047e+01 2.309679550115707514e+01 1.882638844177238369e+01 2.607312634400659235e+01 8.639152227565455533e+00 2.859804816319249099e+01 3.276120371379784046e+01 3.452958002248606562e+01 1.736564158491800924e+01 1.941069620095584369e+01 2.149762632260418016e+01 4.138053205051863159e+01 4.904972421269868477e+01 3.465410378337803365e+01 3.858077880263630277e+01 4.273986242610840236e+01 4.729826352271953027e+01 5.223903213948880619e+01 5.851537971215140743e+01 6.546319303925305633e+01 8.396034710365803733e+01 7.791527655149975828e+01 5.993618192621562457e+01 4.200524189698515443e+01 6.409273048069452727e+01 6.111827896906193303e+01 4.363328868872907407e+01 4.629225702923669417e+01 6.680793072280694389e+01 6.292805864259160131e+01 6.292805973114458595e+01 8.343550610144346535e+01 7.817222901613432384e+01 8.682751595576658588e+01 9.761604267238914190e+01 9.551553435187069852e+01
8.215197286175309616e-03 1.555861637449925672e+00 3.108162329797160339e+00 4.674680563525550170e+00 6.265781580298743769e+00 2.624028453551745343e+01 3.685610522214000895e+01 4.792997922784704201e+01 2.800094629462315154e+01 3.727771776550704175e+01 3.347175092285193898e+01 4.138053205051862449e+01 2.559509976164487099e+01 4.548311675026262435e+01 5.429864618271251686e+01 5.813185546003205673e+01 6.218540341234055546e+01 6.661783926733131977e+01 7.141240013885412452e+01 6.783861013161109099e+01 8.396034711330374023e+01 7.946526583436865110e+01 9.199276032371196266e+01 6.699089247993370577e+01 5.300991607349516954e+01 7.366874398523883372e+01 7.268694751769501750e+01 5.542977971382382663e+01 5.809780883163015375e+01 7.537768574672243460e+01 8.343521165038950471e+01 8.343550610144346535e+01 9.195915313872013996e+01 9.198139574852010014e+01 1.003520850305987580e+02 1.120322173534259633e+02 1.046628682306318865e+02
2.613274238814250559e-03 2.000261327423845970e+01 2.309679562184975410e+01 1.880471499723963547e+01 2.039044154147062926e+01 1.478566897977131767e+01 3.475544808235451200e+01 5.301965203368981605e+01 3.795480154040048859e+01 5.620150911785879799e+01 5.339812491663835203e+01 3.964607828455368121e+01 4.548311675026262435e+01 3.003046060093760161e+01 4.993359236943275192e+01 5.904722934262262157e+01 6.437938943245663381e+01 7.264452190220822558e+01 8.482655045688984785e+01 8.731394211894330226e+01 9.547784511951404340e+01 9.167585376735975444e+01 1.015555365863714599e+02 8.708529414522787704e+01 7.687537934148242869e+01 8.657073197928195896e+01 8.459005249168048124e+01 7.601249047749585941e+01 7.870606070957393285e+01 8.729706090669648688e+01 9.623650391906330981e+01 8.786643478595841827e+01 8.030597591336791652e+01 7.175895975263176751e+01 8.342185303431054422e+01 1.036739765066954391e+02 1.053558481848383650e+02
7.532853315450405325e-03 1.414966847704627462e+01 3.414966847704556585e+01 3.878481654254034794e+01 4.036284131705112088e+01 3.475547151113882904e+01 2.476814834967759538e+01 4.474291992785291683e+01 5.205938949875561406e+01 6.618096470751126503e+01 5.957497417829746666e+01 5.957497417829360842e+01 4.993359236940352019e+01 4.993359236943283008e+01 3.477297822337207123e+01 3.910802723998585151e+01 4.442827324487166862e+01 6.437938943245772805e+01 6.486973188228066078e+01 7.639339090532307353e+01 9.634646063849741893e+01 1.101728942291086923e+02 1.002959317356424691e+02 9.049900552796702868e+01 8.190495646868907897e+01 8.502094096136170265e+01 8.596018953688977149e+01 9.419095602605445094e+01 9.752422060193133291e+01 8.911585488058481985e+01 8.786640581529250937e+01 6.766100581214872989e+01 6.012518183966889751e+01 8.030597591336791652e+01 9.323110343948772538e+01 9.940913092145851238e+01 8.510460739679940900e+01
6.101047412966256744e-03 2.000610104741260997e+01 3.374460780638185753e+01 4.202958434957859879e+01 5.357709791040082337e+01 5.302317553894646096e+01 4.474291992785291683e+01 4.107570534733998358e+01 6.106015359044515378e+01 8.030253947382986723e+01 7.952500902015469819e+01 7.814203323025613201e+01 6.535880506964151948e+01 4.541078292741889300e+01 4.289323663764510286e+01 5.904722934261698697e+01 5.320267149663396111e+01 5.334737587740426079e+01 7.330447588067066533e+01 9.308974893155397012e+01 1.046085320822178630e+02 1.059780505451923887e+02 8.647911777125379729e+01 7.258603991737626870e+01 6.263652312441913494e+01 6.601435455976354660e+01 6.608010529482670847e+01 8.596018953688978570e+01 8.911585488058481985e+01 6.880485333664516645e+01 7.475380795617458318e+01 7.357904624077120559e+01 5.340516647540177786e+01 6.466373333240103705e+01 8.486195039872872314e+01 8.930033741561751981e+01 7.081714517107951679e+01
6.842009524227352091e-03 6.673508676190922806e+00 1.374457648805645960e+01 2.529158188851712197e+01 4.529166430614051109e+01 5.630270222118097223e+01 6.458718151513576800e+01 6.106015359061235870e+01 6.524552930186123945e+01 6.375248955883557045e+01 7.203734091158813158e+01 8.165201972808746689e+01 6.169698863681698953e+01 5.951399943922125857e+01 5.286120564916521403e+01 7.110393491647084829e+01 6.472293425464772554e+01 7.330447588067066533e+01 8.156897521432713916e+01 8.617092477258324834e+01 9.451105969649104566e+01 9.976313966075261419e+01 7.964406028451901420e+01 7.964406028451901420e+01 7.190284715876704524e+01 5.192963649283937855e+01 7.190284715876704524e+01 8.491740391125586029e+01 7.654934767204829882e+01 7.475380795617458318e+01 5.465217968650330960e+01 6.837017693793508499e+01 4.819722198025429805e+01 6.837017691353685223e+01 6.820329575653656207e+01 7.232130531172222732e+01 6.074539262147899876e+01
1.934550753332892102e-03 2.000193455075297777e+01 3.374459358147949217e+01 4.202923085827566041e+01 4.216052705569727976e+01 3.630264630069800091e+01 5.630270222118097223e+01 5.938794800437977273e+01 4.524546275698985198e+01 4.375243849696648368e+01 5.789456727202064457e+01 7.789476499099185958e+01 8.165201972811902920e+01 7.946941409206323215e+01 6.697184703962069818e+01 8.108135731522497736e+01 8.467871629066070227e+01 9.294203029214557432e+01 8.285690899937667098e+01 6.596433710305998943e+01 8.285690899937667098e+01 9.386648493124572212e+01 7.375293910601551772e+01 5.955308849444895003e+01 6.693568825288559765e+01 4.691080803354542184e+01 6.693568825288559765e+01 7.326292485596160020e+01 5.636987700783084421e+01 6.715007807230556125e+01 4.715548834271076828e+01 5.788960070174864114e+01 4.380804454151349603e+01 6.260735278203853937e+01 4.802683818999147292e+01 5.214726011262858663e+01 5.852720450246356165e+01
4.364784840791047053e-03 2.000436478484043690e+01 2.480335850231565686e+01 3.147006503782223064e+01 2.216050963595114709e+01 4.216052705569727976e+01 3.877844823721093093e+01 4.215906688907402611e+01 3.110332912717829501e+01 5.110334662380046922e+01 5.882481236978559735e+01 6.549149187143298434e+01 7.377632398596928454e+01 8.377665255955062662e+01 8.692735357969138477e+01 8.681711414755550038e+01 7.847411349311342121e+01 8.681711414755550038e+01 7.450464594218024672e+01 5.432743305078144402e+01 7.450464594218024672e+01 8.575183261011089542e+01 7.738867133492394146e+01 6.804453231324089302e+01 4.796762410998347548e+01 4.231725134633231988e+01 6.236229063174096154e+01 6.489847806554315923e+01 4.477474136719291664e+01 5.328076037473438475e+01 5.003761879699914772e+01 3.777647751465119796e+01 4.008871477900817837e+01 4.244422862543587627e+01 6.260735287886947731e+01 7.232130520417737785e+01 7.870073616066525801e+01
5.219006137575642711e-03 2.395676224806367660e+00 4.803393286521761674e+00 1.147005995318854232e+01 3.127139803227872861e+01 3.412854082105410214e+01 1.877844020950320214e+01 2.215905722841721115e+01 2.750428206666287423e+01 3.305128402884215433e+01 3.882478671969754203e+01 4.549145336649073812e+01 5.549145196565863358e+01 7.549153177720735641e+01 8.837142178628300826e+01 7.673087995108308235e+01 5.829029255653215813e+01 7.673135965119985258e+01 6.737092391170392602e+01 4.722841797762148275e+01 6.737092391170392602e+01 7.409809639590287134e+01 5.720612528830751131e+01 7.409809639590287134e+01 5.800607821161216293e+01 3.797181388882357567e+01 5.301150092749666953e+01 5.910184661507016557e+01 5.074490200927019146e+01 3.327388528239712429e+01 3.507286384271800728e+01 5.512458101625100682e+01 6.023110613541447833e+01 6.260735315223033126e+01 4.683318617809914031e+01 5.847968434461448339e+01 7.274165633570592604e+01
