LEM/sinusoidal_perturbations/elevation_000550.asc
nrows	100
cellsize	150.0
xllcorner	0
ncols	100
yllcorner	0
NODATA_value	-9999
[rows 68 to 84 of 100, columns 0 to 36 of 100]
5.009162696260268353e-03 2.000500916269590590e+01 8.885454081708644480e+00 1.443245604396098436e+01 2.046268293551636219e+01 2.712934960218314728e+01 3.712934960218349545e+01 5.712934960219471492e+01 5.455373983696827622e+01 3.393535149238311277e+01 4.702496890648144756e+01 3.485095338117636743e+01 5.554823245695769884e+01 6.698883211201888344e+01 6.454930651846912326e+01 4.523359765815542488e+01 3.081550693863954393e+01 3.323356362662552499e+01 1.887163423484148339e+01 1.156343205104123939e+01 2.965336802718966069e+01 5.495342605796567170e+01 6.350253350136051012e+01 5.554907261559529985e+01 6.350699869867857927e+01 7.451703980966665597e+01 6.761714898130767892e+01 4.632984224798646267e+01 3.558165254339935046e+01 4.621496434598159198e+01 3.420664509638872630e+01 3.295486918884006400e+01 1.965865308098359421e+01 4.136560664949175248e+01 5.159871497360768444e+01 5.561856886061996619e+01 6.508678802090345528e+01
4.695337527364121070e-03 3.540229243460109032e+00 1.768236486719080958e+01 3.443245604396168602e+01 4.046268293551801776e+01 4.712934960218655789e+01 5.541362086303498558e+01 6.541362087189878594e+01 6.304714949717050843e+01 4.702496890648144756e+01 2.662790054457885702e+01 2.721013905473057548e+01 3.674290404783864261e+01 5.791533959094879691e+01 6.636037650843049107e+01 5.239519923189008210e+01 3.330896790605466151e+01 1.810874277919113950e+01 1.105249555548122231e+01 1.898486241257155882e+01 3.204802782882263301e+01 5.414708556211422774e+01 4.830443186807823963e+01 3.708975445139418525e+01 4.766803670157454320e+01 6.639618119317157152e+01 7.605123329667560483e+01 6.469133955131638913e+01 4.764596280411660700e+01 5.803095277866400892e+01 4.892335998068495684e+01 3.075253444578395801e+01 2.010793341739120876e+01 3.707251268240108999e+01 4.717495471866790524e+01 5.835938616160828474e+01 7.331552765145801231e+01
7.614146464036155443e-03 2.000761414646368053e+01 3.182450049122665092e+01 4.596663610445241233e+01 5.548530342875520205e+01 6.328201105608112442e+01 6.324389183229163081e+01 5.484725363253507879e+01 6.324123572365346746e+01 5.552674808199741108e+01 4.040727190782343570e+01 2.009866584649770971e+01 4.040727190905266752e+01 5.345584207175163982e+01 4.800181080458703065e+01 5.249225611320319018e+01 3.399733196869728147e+01 2.669250358888271890e+01 1.069219429896665297e+01 1.196230332164479648e+01 3.415125562762274569e+01 4.182052417208556960e+01 2.969345891917091151e+01 4.830443188197315152e+01 4.766665399631126121e+01 5.828190117037002693e+01 7.729233684963831763e+01 7.642312527907959918e+01 6.813337345747640938e+01 7.105372430886360746e+01 5.133993677224502505e+01 4.161017014384395907e+01 2.055186394218920753e+01 2.429226006157877293e+01 2.820578389385470075e+01 4.364484794912918630e+01 5.865117243798845692e+01
2.352828262072654761e-03 1.414448845199289728e+01 3.414448845199218852e+01 4.247144938904938272e+01 3.708093454705942094e+01 5.548530342875517363e+01 5.304932561351798626e+01 3.442022269225267195e+01 5.304077299575384785e+01 5.280373925013009995e+01 3.686914688797640594e+01 1.633217924858202252e+01 3.195612825433846638e+01 3.223748905242503326e+01 3.437371566171428583e+01 5.353099389987709600e+01 3.775748157486345491e+01 1.907458726402031601e+01 1.911213933038789392e+01 1.018471009634690283e+01 3.293254899572896477e+01 2.261422194895586557e+01 3.635332533105928832e+01 5.502000337283674014e+01 6.631665669280071995e+01 7.443522114235366871e+01 8.557936345318005067e+01 7.859954446217459179e+01 6.689818827947057400e+01 5.773159285987682665e+01 4.930204140346580743e+01 4.142368194863310293e+01 2.099235593596798211e+01 3.656030669178390013e+01 4.748048714632585643e+01 3.439095850679913013e+01 3.887840075101506443e+01
6.786455232800275850e-03 2.000678645523244370e+01 3.315625010104493242e+01 2.336151928493295316e+01 3.708093454705942094e+01 5.548530342875537258e+01 4.463341267696486625e+01 2.400375770543713472e+01 3.490775734501035998e+01 3.326267686118659839e+01 3.386003397036639484e+01 3.055130260769109896e+01 1.039227726441435173e+01 2.022576766625963174e+01 2.882075812721689445e+01 3.716681693628981975e+01 4.604875040046094625e+01 3.020715881277463666e+01 9.689403899424767985e+00 2.875018476827398217e+01 1.629650945272441831e+01 3.611802263461031259e+01 4.182066874726987038e+01 6.056803095565837225e+01 7.012105836520204605e+01 7.157105719796066978e+01 8.008343322652581264e+01 7.029874327834012604e+01 4.993719251598855635e+01 3.791083929459183821e+01 2.901741231396862730e+01 2.515602528534157756e+01 2.143020683149218897e+01 4.173478082243942566e+01 4.502469039889219715e+01 5.311332161834302923e+01 5.865033881552220407e+01
3.257643153035955173e-03 2.000325764310259657e+01 1.369915593897010631e+01 3.315620663311837291e+01 4.728129035931982571e+01 5.466648846134480522e+01 5.304910582329140567e+01 3.490775739767192931e+01 1.410385742716721857e+01 2.646193395137877502e+01 1.655952195627640933e+01 2.057852938668487042e+01 5.994062425164425001e+00 2.596837042930331307e+01 8.021075759187393572e+00 2.838895624381392224e+01 4.487802388281996002e+01 3.099602987610759541e+01 9.351521058416279786e+00 2.482896104324612807e+01 2.154184684095702096e+01 3.482102919775888239e+01 4.411468434356525137e+01 4.859907113098118714e+01 4.859907113098119424e+01 5.006864499757195119e+01 7.157105719796066978e+01 7.290666735704104440e+01 5.259337020140944929e+01 3.791083929459190927e+01 4.931018548321445394e+01 4.464351604672243923e+01 4.120363291427230479e+01 2.205230637660487147e+01 4.214494207823092609e+01 5.021263875281347566e+01 5.990929323575716126e+01
1.880098487986705483e-03 5.374697484624048727e+00 2.394233489166799700e+01 3.596982374664009541e+01 3.257479625349107977e+01 4.779038675956698512e+01 4.630614837566090358e+01 3.785840794203209470e+01 2.668570068658826244e+01 5.465173503679557676e+00 5.226074025263161893e+00 5.540894680919970838e+00 8.031338232758752582e+00 6.446999906240314715e+00 6.760004696328884677e+00 1.923465155441988017e+01 3.344888838000611742e+01 3.178892500592846204e+01 9.023103815956433849e+00 1.479417491419779296e+01 1.264107186442975284e+01 1.533225369156551743e+01 3.527205320411739109e+01 2.678080902247856798e+01 3.439679161883871927e+01 4.723120777914264323e+01 6.884567307772218214e+01 7.290666735704104440e+01 5.259337020140944929e+01 5.259337020235769700e+01 6.689820731427428768e+01 5.691652649731661029e+01 3.646867962729254486e+01 4.245356423098304788e+01 2.267827669192361739e+01 3.464196695500995560e+01 4.680271196532297751e+01
2.900726248362994839e-03 5.976558398785861925e+00 1.209835973323975189e+01 1.961129864795956124e+01 3.530517639469601221e+01 4.634365695545177033e+01 3.451669489573644967e+01 1.743693506345035971e+01 2.436631346737456738e+01 4.780004495718293889e+00 2.488074413973383159e+01 1.951365757327424788e+01 2.285013352799650121e+01 1.572267228294805008e+01 2.019912576905412749e+01 7.179651004827611871e+00 1.953189161427507869e+01 3.157444141727386011e+01 2.560696315610334750e+01 8.555263808350240140e+00 2.956155966922244360e+01 3.527205245416420354e+01 2.033148201815155431e+01 4.152029235033123200e+01 3.842261255015205279e+01 6.028501715353540646e+01 7.738715164096014121e+01 8.120306750227207715e+01 7.290666735704104440e+01 7.290666932315487259e+01 7.730897950245646655e+01 5.694524652702259715e+01 4.841060917717270939e+01 2.755443338176240076e+01 4.212880661852442898e+01 2.331812748661565848e+01 2.636576433916588869e+01
5.081304048347549951e-03 2.000236160968804100e+01 3.026140780232313787e+01 3.271870315513418603e+01 3.853105862530824055e+01 3.925685961319880590e+01 1.695592153592901141e+01 5.911678447873257802e+00 4.328825019880023106e+00 2.435338352237639370e+01 3.238012616616186534e+01 3.888928360774696813e+01 3.918830398611469690e+01 3.682419002109664774e+01 2.676832542387731095e+01 2.071718185325836359e+01 7.580130703853664720e+00 7.858558535312083038e+00 8.146217230647717855e+00 8.280564062292668837e+00 2.406322456294574152e+01 4.576748336898310754e+01 4.152029235033010934e+01 5.038028502128457831e+01 6.028501715353540646e+01 5.403325417229261518e+01 7.537810259597247864e+01 9.415656373014749647e+01 8.318478635583483083e+01 7.531458489098767473e+01 6.843937399608971361e+01 6.218542811084955702e+01 5.126730321397324985e+01 3.113581803002743342e+01 4.406833680705317136e+01 2.378180523202246377e+01 4.432563566799723276e+01
4.469920835086939326e-03 1.480037986908540226e+01 3.478596489371328460e+01 3.671096638829875758e+01 4.033906209202187654e+01 4.442630448187411218e+01 3.407482319067033671e+01 2.330548195380254128e+01 4.010285198635345161e+00 2.380675025151943203e+01 3.830115913292574703e+01 4.568821817889381975e+01 5.418658615464656947e+01 5.549008468876846223e+01 3.917873140424462974e+01 2.012489048602676078e+01 1.093297135492148975e+01 9.137718233652220690e+00 2.488339306621440628e+01 3.009076912228582401e+01 1.721146718269966414e+01 2.550287955479131696e+01 3.538884394240695741e+01 4.824187693996409365e+01 6.958783532150660278e+01 7.537809644872714898e+01 8.384872583332770546e+01 8.628854636863221117e+01 6.728108477029090295e+01 5.586855083335518657e+01 4.866265977935928078e+01 4.221367640298842616e+01 3.637310009113996045e+01 5.126199408554528247e+01 4.475787137339097654e+01 2.425258289009423152e+01 4.159925102745399528e+01
2.324776005098761877e-03 2.000231611872446180e+01 3.075135698798762007e+01 2.152564223126609377e+01 2.781936768604351329e+01 3.117054574786844512e+01 3.702888164738277510e+01 2.375720785817184577e+01 3.691853869587598869e+00 1.485504341099911763e+01 3.081285821562781635e+01 2.503965232898365301e+01 3.687055530614866683e+01 5.773693912110221049e+01 4.740807280333304163e+01 3.633995844491160199e+01 2.835838974700360282e+01 1.031335814051197985e+01 2.948523713399263713e+01 4.457392017348387725e+01 3.922177005366643954e+01 3.519088185868765351e+01 5.616863776353805804e+01 6.577386087397464109e+01 7.786914062417649518e+01 8.425529538619157677e+01 7.593875295468910736e+01 8.425534356297903571e+01 8.318478635583483083e+01 7.531458473618204152e+01 6.346624228922835442e+01 4.353668642348395679e+01 5.642008024945555178e+01 5.606540650626227773e+01 3.619366082674568474e+01 3.730592488917810101e+01 2.493450225158814959e+01
8.699724428260374037e-03 1.584595085727377217e+01 1.478056662492140738e+01 2.091122045607801994e+01 7.475737979633485075e+00 1.498901201014015783e+01 2.809716243079374109e+01 2.341455762718211275e+01 3.373494193616971337e+00 8.408110357421106684e+00 1.360067016471946033e+01 2.771069004396117919e+01 4.838465937566048325e+01 6.613288382595456483e+01 4.919174579610135822e+01 3.486415906691674849e+01 1.491908678986676406e+01 1.145012892630641055e+01 3.100071302152671038e+01 4.168711916613675328e+01 5.575530530756282843e+01 5.696240574957048608e+01 6.556649070975710458e+01 6.861853283191749142e+01 7.696334004056420497e+01 7.056031307914007300e+01 5.563083281747654496e+01 7.413483442401822288e+01 8.581158778786208075e+01 8.232594044090203056e+01 6.312349217351999897e+01 4.898615255273761449e+01 6.874776082418338774e+01 6.092239563864720253e+01 5.210824528978513115e+01 4.349170269098793540e+01 2.542424141607980914e+01
2.249585233037712084e-03 1.419255502192683593e+01 1.225246861657818709e+00 1.209322856878392916e+00 8.282515887078236716e+00 1.705138032585409746e+01 2.056821265821866263e+01 2.162100462111738608e+01 3.055694969992155841e+00 2.312050207887177322e+01 3.376591059922029103e+01 2.771068266073063668e+01 4.838358465301234190e+01 5.614763389152019357e+01 4.081816521334179271e+01 2.062715882216133778e+01 3.486415906691674849e+01 3.100081556009444128e+01 1.341013644287574103e+01 2.735856324570181286e+01 3.583792837469652426e+01 5.609879018880544521e+01 5.198547554837004014e+01 4.824728122832657107e+01 6.454488995746284274e+01 5.019366928729586164e+01 4.536524333275668397e+01 5.720951406490507196e+01 7.749883106424877610e+01 7.963348754010443997e+01 5.972058739237397873e+01 6.052408093421242086e+01 6.953442547911623706e+01 5.267728829367452192e+01 4.081496942508796621e+01 3.953553738252139738e+01 2.592303866244383315e+01
2.739267172789772273e-04 1.284882452469432756e+01 7.692217089953865550e-01 1.550517696044152771e+01 1.655553704530984493e+00 1.973235914753210585e+00 2.289810889945054218e+00 2.606188153197795287e+00 5.574679666073437900e+00 1.261679457495110235e+01 3.433479129454766365e+01 4.838264292308069514e+01 5.683524397000905282e+01 4.778771625899399567e+01 2.746817248061168115e+01 3.487341860828550466e+01 4.919174576052609638e+01 3.794262586409268323e+01 1.777150263657663132e+01 1.576422167949775144e+01 3.585612420725369276e+01 4.062637741225576349e+01 3.152384213410730140e+01 4.514790316149526461e+01 4.951469473809406452e+01 3.568004124258671084e+01 4.486833629616800323e+01 5.671541594363201000e+01 7.701066184877585385e+01 8.666433713535118954e+01 6.937900499247604102e+01 7.376836699087847649e+01 6.953442547908571214e+01 5.267728829367452192e+01 5.287013458341945693e+01 3.203381919625069685e+01 2.642712246961843903e+01
8.327778614586212741e-03 3.234545244041587830e-01 2.174457217294398248e+01 1.469164878365593552e+01 2.560926351731451689e+01 2.075659798481347096e+01 1.341503682788327012e+01 3.584940644714134539e+00 2.472079430806148537e+01 3.366453839802198189e+01 2.835697598770129346e+01 5.279722894583587589e+01 5.576399508452362141e+01 3.542834852856672967e+01 4.778771625899401698e+01 5.517005309210075126e+01 4.514308445451522545e+01 2.477888130174923020e+01 3.794230172884800112e+01 3.580657711805521615e+01 1.826177210423199071e+01 2.034424943323692858e+01 2.247452073196111044e+01 2.471873114278005445e+01 2.903262775529717743e+01 4.951469473809406452e+01 6.454488996075244245e+01 7.364480992954867133e+01 8.532436411073963711e+01 9.563504457517424839e+01 8.243638336597052785e+01 9.144475785844709037e+01 7.701900596102298380e+01 6.953442547908555582e+01 6.491035417135302055e+01 5.292645593748508759e+01 4.692617700194807639e+01
6.510866554257996840e-03 3.112627765066930507e+00 3.266562279261057000e+01 3.528441559839455266e+01 3.389454751917549657e+01 3.081010502080866331e+01 2.822823650118362693e+01 8.104559420566811667e+00 2.961988618890891445e+01 4.649695842378082489e+01 5.193601263527561684e+01 6.160733831044654352e+01 6.188274122941117383e+01 4.158929291413397777e+01 6.188274122941117383e+01 5.386050784453002649e+01 3.341633781772115697e+01 3.916291919829327384e+01 5.352323780769837214e+01 3.613160058469900804e+01 2.178726193769405484e+01 4.062637741225576349e+01 4.283475489937501379e+01 4.514790316149911575e+01 2.864501006288191931e+01 4.912659864986778047e+01 6.166219553731336589e+01 7.603195576537626721e+01 7.873668637207514109e+01 8.704658584709049762e+01 1.009183256444635788e+02 9.371682327771877397e+01 8.540864324425410814e+01 8.059203607060153729e+01 6.618438583289760402e+01 5.256806005830927120e+01 3.217048260179660701e+01
8.953482861371391335e-03 1.445114012951384730e+01 3.194826375962435705e+01 4.180389678832267464e+01 5.259022423905521038e+01 4.774349925644006021e+01 3.855750171835765627e+01 2.028651827218749304e+01 1.621226361833065255e+01 2.580301974975273893e+01 3.840676303658607083e+01 5.899525818258663179e+01 6.902623468509295890e+01 4.882135903598454973e+01 6.902626407462710745e+01 6.067405650786068350e+01 4.023341051784557720e+01 5.958048052131172767e+01 6.491766125846298507e+01 4.827945116623020283e+01 2.783577866040042537e+01 2.868181548754708388e+01 4.912866272437350545e+01 5.753591450816242059e+01 4.912659864986778047e+01 3.277823028285401818e+01 4.729243526148730581e+01 6.439714877094789358e+01 5.845753218710915178e+01 7.873668305484351038e+01 9.189262298827073039e+01 8.540864324425410814e+01 6.516441379383735466e+01 7.109381131996798331e+01 5.177673559519342916e+01 3.728873757721638782e+01 5.256806005830927120e+01
