LEM/sinusoidal_perturbations/elevation_000105.asc
nrows	100
cellsize	150.0
xllcorner	0
ncols	100
yllcorner	0
NODATA_value	-9999
[rows 68 to 84 of 100, columns 37 to 73 of 100]
7.702827707814530811e+01 5.702609035903596180e+01 5.324482444664102587e+01 6.893808331419378987e+01 6.673815840379776887e+01 4.751946814163588328e+01 6.770057416381963833e+01 6.991558632794274786e+01 6.377862391037518108e+01 5.999678039479257308e+01 7.889345649300992136e+01 9.293710968523035376e+01 8.848674760329873834e+01 7.545067750111029170e+01 9.527939521906871789e+01 1.112862214837316657e+02 1.085142704877309683e+02 1.001177742476164383e+02 8.714884414118724010e+01 9.084699953268163597e+01 7.673361370081124733e+01 8.642498793214939212e+01 1.065890357970092168e+02 1.172703304013723340e+02 9.718350615375666735e+01 8.540468138067222981e+01 1.058751437178219987e+02 1.150831438580995894e+02 1.067122131201713700e+02 9.315873529690350097e+01 1.049383954486172144e+02 1.251692295409367119e+02 1.405387660924504019e+02 1.365653538412584567e+02 1.153484812557574770e+02 1.121217472621153775e+02 1.294141056332836968e+02
6.351032174253362683e+01 7.703547849096733557e+01 6.894014680034155163e+01 4.859177057591057292e+01 4.677239379456939616e+01 6.695294285782397026e+01 6.058061736034785838e+01 8.011041545157235078e+01 8.259516603813847269e+01 7.889345649300992136e+01 6.585034596062375556e+01 8.472104989614601323e+01 1.003173977782995934e+02 9.527939521906871789e+01 8.316616058228898112e+01 1.030765542828767423e+02 1.206094051761637189e+02 1.157123381928599741e+02 1.073019040143542355e+02 9.518138423912132851e+01 8.105452340927389798e+01 1.011096840561865093e+02 1.149444141429032697e+02 1.253854816284541016e+02 1.141111275377175502e+02 9.459676831171962874e+01 9.509410777105526336e+01 1.154897342393337425e+02 1.218444259971558097e+02 1.134889520318054537e+02 1.018667836746817699e+02 1.120544077097145816e+02 1.322028604294121408e+02 1.450041447483457659e+02 1.365040447989136680e+02 1.293550137035606156e+02 1.392749075745532252e+02
7.741121526461681412e+01 8.920384166503217216e+01 7.471399781324022626e+01 6.575461888438930202e+01 4.625287533773830262e+01 6.643060378135888300e+01 8.111169886379960303e+01 8.110161370614915199e+01 1.012352962527838400e+02 9.293850919647105968e+01 7.651731905586150617e+01 7.278117759295498956e+01 9.198808078263488142e+01 1.092264544423857302e+02 1.030765542828767423e+02 9.253931751814035067e+01 1.066620891093133139e+02 1.264462780401918280e+02 1.237501380459837890e+02 1.094739646564208044e+02 9.254984771170941826e+01 8.948376892776475700e+01 1.012108126894826796e+02 1.214060546532240465e+02 1.233604613341434515e+02 1.064436032335760700e+02 1.069357292328660805e+02 1.095664611708276652e+02 1.297897804149604042e+02 1.304680246073600642e+02 1.120544077097145816e+02 1.304680246073600642e+02 1.405387660924504019e+02 1.358599028076145601e+02 1.395127992370346703e+02 1.407347741257036091e+02 1.460275889326593699e+02
9.725573176837950484e+01 8.227647332226082710e+01 5.692433184258875656e+01 4.551985203933036672e+01 6.289919495994708143e+01 7.201265468957649318e+01 8.020403705758346291e+01 8.789111777288488270e+01 9.870520661593793932e+01 1.042674545873360330e+02 9.592755462978453806e+01 9.198808315913359479e+01 8.107535113795279358e+01 1.008398816231206467e+02 1.206094050967752764e+02 1.066620891088669509e+02 1.123968665104658982e+02 1.318354910784653100e+02 1.263563566324179419e+02 1.211498686328861538e+02 1.128036644429401605e+02 9.715062820917609088e+01 1.174063456902654679e+02 1.296972756075610960e+02 1.350313670337483245e+02 1.266869148692798319e+02 1.212718759447999304e+02 1.297897804149604042e+02 1.381338749072963878e+02 1.405387660924504019e+02 1.322028604294121408e+02 1.405387660924504019e+02 1.298880934489551180e+02 1.155503041378957505e+02 1.192895091904294986e+02 1.178229424421680278e+02 1.313182558901033588e+02
8.880608835671075951e+01 8.670792118796038039e+01 7.009947965407843640e+01 4.500277023126869125e+01 5.674162132464888941e+01 6.695634782041942401e+01 5.977606062001213161e+01 7.236600271158634712e+01 9.099293411469447790e+01 1.024421619142767383e+02 1.107287191149203949e+02 1.092767401927223432e+02 9.489990884958645267e+01 9.489990884959615869e+01 1.151802445295084141e+02 1.264462766644486180e+02 1.223319319465298349e+02 1.139209487094780542e+02 1.059062431119149039e+02 1.204056686370826270e+02 1.257266498573358433e+02 1.089076415536798947e+02 1.257266498573358433e+02 1.338167360912449624e+02 1.253771560177509912e+02 1.338167360912449624e+02 1.414254543082086002e+02 1.392909212618233994e+02 1.308968569027800015e+02 1.288549149199209012e+02 1.372511726595757580e+02 1.250157311655703296e+02 1.166243730767686628e+02 1.011955682111908033e+02 1.049513438112597754e+02 1.011692681512855927e+02 1.199970771674625496e+02
6.986201774146302057e+01 7.016076933602261079e+01 7.580060302014365448e+01 6.500000083483928393e+01 4.427243757831332971e+01 4.757708011094501188e+01 6.931243868204224157e+01 8.790596499958407151e+01 8.838312264782148020e+01 8.257360715720049882e+01 1.024421619142767383e+02 1.170546339698874192e+02 1.151802444212198822e+02 1.151802445275483677e+02 1.236535881328577204e+02 1.159434724557027465e+02 1.070105257614421816e+02 9.384099241861893859e+01 9.174597228423749584e+01 1.102329786418934816e+02 1.219946555565461068e+02 1.290133407997360564e+02 1.373152044854434450e+02 1.236565437476299252e+02 1.050793724739257442e+02 1.236565437476299252e+02 1.381673383928341252e+02 1.275753577308974940e+02 1.105937685618956010e+02 1.085579055072949046e+02 1.255371835275273185e+02 1.166243730767686628e+02 9.633383192497689151e+01 9.106514529448591588e+01 9.324848212010179793e+01 9.025783663590488004e+01 1.111424909851743763e+02
5.920824602553820881e+01 5.447279341649939255e+01 6.742976354229219282e+01 6.381637213277524978e+01 4.375886104509901742e+01 5.925125539515848061e+01 7.587246091549216942e+01 7.993240119995093096e+01 6.854943860194563854e+01 7.742253252652807305e+01 8.885928207995262085e+01 1.087551000151867555e+02 1.242378300087939067e+02 1.292748634575213771e+02 1.203803554419741602e+02 1.070591057688260577e+02 8.667687758175394208e+01 8.255424932521077608e+01 8.199913492669850257e+01 9.329126094355180498e+01 1.134288394303024887e+02 1.202253701173816012e+02 1.285689470125658431e+02 1.152282642458383464e+02 9.497260469310054987e+01 1.152282642458383464e+02 1.177982162271508599e+02 1.185084022116756728e+02 9.890312684672230148e+01 9.686963841045773904e+01 1.164716324887672982e+02 1.166243737332066246e+02 9.633383192512692972e+01 8.208117802673190511e+01 8.318568116740044616e+01 8.221288886515397110e+01 9.996144344095428380e+01
7.793328039082696534e+01 6.776714029630798564e+01 4.832272578045363787e+01 5.923482059635281161e+01 4.324596784052654641e+01 6.458814843067224842e+01 7.309377028030601764e+01 6.001992092205220075e+01 7.154331436061262650e+01 9.139210763904026180e+01 1.055439297614142191e+02 1.132825792096970901e+02 1.053945183222729582e+02 1.107931062945328335e+02 1.046520972475461093e+02 8.940032803616234958e+01 9.230444366297022896e+01 7.324768922498746804e+01 9.246001019709596846e+01 1.078242804787856244e+02 1.169463483597085798e+02 1.000795033683661615e+02 1.169463483597085798e+02 1.084763777282591235e+02 8.826623740734784462e+01 1.084763777282591235e+02 1.034699893013934826e+02 1.101090671926088049e+02 8.988234138182475874e+01 8.785849127976484851e+01 1.004325379617513931e+02 1.206935779865185054e+02 1.106747815452736319e+02 9.435542158580230421e+01 7.427269835840914425e+01 7.514146286556787402e+01 7.970378393546661755e+01
8.104891465466633349e+01 7.523213216569722306e+01 6.271036218412942986e+01 4.251971819457311597e+01 6.269832830672145008e+01 6.700648610008376238e+01 5.309556107944482051e+01 7.310288271818413364e+01 8.818332386187380223e+01 9.966323228075663110e+01 1.077209048738135948e+02 9.413955640391405666e+01 9.231940460220108946e+01 1.102774093596939764e+02 9.539446328207303338e+01 7.569999056010074412e+01 8.273743487330250446e+01 6.938617935688087357e+01 7.987897646194086576e+01 9.946471655971028270e+01 1.085950941311876221e+02 8.843292044769177096e+01 1.085950941311876221e+02 1.026422127509400042e+02 8.248835486576909659e+01 9.774833034047189528e+01 9.182549068404783554e+01 1.029578409901416904e+02 8.280217879341616083e+01 8.030360765650937083e+01 1.004325379617513931e+02 1.113211916854402546e+02 1.041451602697317185e+02 8.395176994135705684e+01 6.978818872332028889e+01 8.986627703316536042e+01 9.996144362683185136e+01
6.078265585150893457e+01 5.533698312794278706e+01 6.222151429740919326e+01 4.200651324968282552e+01 6.138353905110917452e+01 4.699631588138532834e+01 6.711462859900866817e+01 7.259312706895020995e+01 9.147491821872505113e+01 9.947618416878799508e+01 9.145554387023265974e+01 8.069669233123333640e+01 9.974641797143712552e+01 1.035976328706135092e+02 8.179678103302271097e+01 7.167918177644294531e+01 6.457439986242438579e+01 7.959190344223353009e+01 8.394630806622093644e+01 9.475811872620464271e+01 1.014669383556402522e+02 8.133806385234353797e+01 1.014669383556402522e+02 9.725586766322274457e+01 7.714580685700316565e+01 7.763415699551404714e+01 9.774833034047189528e+01 1.113518620480211183e+02 9.436343733912087828e+01 7.429009611057816187e+01 8.278500842852449182e+01 9.705310005698221687e+01 1.041688152789543977e+02 8.706972153680521842e+01 6.695492913420051195e+01 8.706942622277277621e+01 9.012810961920932584e+01
8.104891465466633349e+01 6.838831921625923371e+01 4.819832423053534143e+01 5.199107305419104108e+01 4.128047862746619501e+01 5.034087688998229027e+01 6.318804389903063878e+01 8.441509671795857628e+01 9.286593986187502026e+01 8.479637172675690238e+01 7.219501533826611706e+01 8.322702713623607451e+01 1.009970287825320838e+02 1.121119881759949521e+02 9.969552654007578951e+01 8.689512774520449057e+01 6.187005791195610271e+01 6.579496801366083503e+01 6.465109917626578806e+01 8.570809279285209925e+01 9.539801326563073758e+01 7.530632915305305630e+01 9.539801326563073758e+01 1.044041934950424064e+02 8.423990375230010841e+01 7.004035639548378356e+01 8.467385421443304949e+01 9.304455229786643145e+01 1.027438544535058043e+02 8.868583902858820522e+01 6.858972414952336294e+01 8.358142072426664981e+01 8.991389401628482858e+01 7.565897093505680004e+01 6.416361461199127803e+01 6.711865233581056600e+01 7.009445024870704799e+01
8.848206424092857958e+01 6.837909495273014215e+01 6.829687213100386600e+01 6.089589355543688498e+01 4.077543010047610039e+01 6.084694333745457584e+01 7.661818627465871145e+01 8.699874348646925171e+01 7.888906142904065177e+01 6.532270613959289562e+01 7.910302498317288666e+01 9.852077154128814129e+01 1.099226301350206398e+02 1.040858609915130302e+02 9.569531566349797913e+01 8.874247445932289224e+01 7.241087001485092856e+01 5.795552302652102128e+01 7.268488422636481516e+01 8.886987072425750966e+01 9.002839754876089273e+01 6.994151302229745681e+01 9.002839754876089273e+01 1.051175319604595160e+02 9.852676226594324760e+01 8.467385503088117105e+01 6.449256327677609590e+01 7.877449542643326197e+01 9.891616899732646573e+01 9.705310005159633135e+01 8.358142072426664981e+01 6.337129006784513763e+01 7.881784722903267948e+01 6.127972781112475786e+01 8.155563500735586047e+01 8.720997746107045145e+01 8.952268075821353932e+01
7.537554940834883155e+01 6.681749487198898407e+01 6.786769946666022690e+01 5.966906937324286275e+01 4.028184877850406309e+01 5.470776696951048734e+01 7.572400166445207503e+01 7.386380271434902056e+01 5.918938559549228984e+01 6.806477335721494626e+01 7.938790781965369092e+01 9.893454256857221196e+01 9.675065519150551552e+01 8.842595185191750318e+01 7.601677142100157880e+01 8.595460889095575396e+01 7.043161696023237539e+01 5.521206500979837273e+01 6.797615613734051010e+01 8.640056914050997250e+01 8.515669795733364822e+01 6.503356297979229339e+01 7.665892199907871429e+01 9.676487579199495315e+01 9.540995372225272320e+01 7.525852678171882815e+01 6.091788911428374576e+01 8.116074308201588394e+01 9.786090329471250016e+01 1.037396558682058156e+02 8.358142071985946586e+01 7.881784721220135737e+01 5.846339139489622028e+01 7.645832843365252529e+01 8.301359967720848942e+01 9.084214408005635732e+01 9.923217759754011524e+01
5.559297461842969312e+01 4.652670975479365723e+01 5.908508491911548077e+01 3.958574228385850091e+01 4.042411209938594396e+01 6.175178759230893633e+01 6.902917108646811073e+01 5.399353894951964605e+01 7.386380271434902056e+01 8.699874348645617772e+01 9.576185752987676381e+01 1.070754530747220770e+02 8.842595185191750318e+01 6.907438876806445194e+01 6.515075724682645841e+01 8.047013114914888376e+01 6.081177489617007836e+01 5.250471417272142105e+01 6.688338422587469267e+01 7.900644354505780598e+01 8.086649033275845966e+01 6.068692958989525010e+01 8.086649033275845966e+01 9.680366292696926678e+01 9.315367061042118735e+01 7.783283840126198072e+01 5.755244547837681779e+01 6.930732130799775348e+01 8.947891133105929384e+01 9.468202951713189464e+01 8.630328729830783629e+01 8.253183741174687782e+01 7.417995161775414203e+01 5.608691667720248120e+01 6.261472660858368045e+01 6.987289321164340095e+01 8.209136474377038439e+01
5.822378955002782419e+01 5.915617841582925251e+01 3.888251853000131320e+01 5.809814466530132648e+01 6.137918682963070438e+01 4.582701310606657330e+01 4.909016874592145996e+01 5.804325149021365604e+01 6.955911103526638328e+01 8.345998835447164765e+01 1.029330717065576977e+02 9.998253937725849028e+01 8.545633693307446777e+01 7.474233036876569258e+01 5.580393775192216310e+01 7.439115749734925487e+01 5.939880426546383774e+01 6.017567876455706255e+01 4.876674755164145125e+01 7.149244401474545896e+01 7.683062787679490668e+01 5.659722941296794119e+01 6.832023452753539061e+01 8.845604138808154460e+01 7.884377295170077105e+01 6.453387529298041159e+01 5.436113207579825257e+01 6.878817947240916908e+01 8.898436699767661651e+01 8.630326665268859188e+01 6.607024334510781216e+01 7.199634523424217036e+01 5.385874447596479797e+01 6.141791245761650941e+01 8.127492446709307217e+01 9.081823690032354079e+01 1.007535549253070570e+02
7.270685109433874516e+01 5.234580289322643409e+01 4.209551997619461616e+01 3.818241918533452406e+01 5.768779842713421147e+01 6.578954783554596020e+01 6.902904698974857922e+01 7.716501400162178470e+01 8.595346962371345967e+01 7.857182398160655623e+01 8.710316851563626983e+01 8.952056227387282661e+01 6.828931028647510004e+01 5.665576847318031639e+01 4.994277250357572484e+01 6.825901291806218296e+01 5.539469107687234128e+01 4.516274097848933167e+01 6.317434114895144148e+01 7.698028256486773557e+01 7.313657025358563146e+01 5.286577468813297997e+01 7.313657025136144796e+01 8.647830246763241746e+01 7.046182767462242680e+01 4.989003628822695191e+01 7.046182658619765959e+01 8.307760237069183518e+01 8.523964597096887985e+01 7.824143229460914029e+01 6.986095595484528076e+01 5.169909804298043809e+01 6.427219243363592227e+01 7.550953006996870442e+01 7.336079532029752670e+01 8.628250577665464505e+01 1.035972093038290467e+02
8.140972048387000370e+01 6.969794383619083078e+01 6.084279842297591756e+01 4.388710081173650934e+01 3.748503233229914855e+01 5.691090454124073261e+01 6.528975033095289859e+01 7.009626184165367135e+01 6.960925669825365958e+01 5.842056659930989326e+01 7.532971244040935233e+01 8.630949766971612291e+01 7.736385218161933608e+01 5.797078810229872659e+01 4.419403758795189674e+01 5.801922576305687329e+01 4.167420701440469344e+01 6.131180341167382153e+01 6.664536897857371400e+01 7.217073937169180908e+01 6.475588212088830176e+01 4.931022957645052429e+01 6.960791165565134975e+01 7.172063893330681594e+01 5.767779632744948515e+01 4.688825741537294789e+01 6.760886198234268818e+01 8.388430727622504435e+01 6.634536593778886981e+01 6.774365617337900858e+01 4.939882880170041801e+01 6.393227547403922273e+01 7.994315087915724405e+01 8.769045163608171833e+01 9.222169661252647188e+01 1.003214027265944992e+02 1.069299426474579775e+02
