LEM/sinusoidal_perturbations/elevation_000940.asc
nrows	100
cellsize	150.0
xllcorner	0
ncols	100
yllcorner	0
NODATA_value	-9999
[rows 17 to 33 of 100, columns 0 to 36 of 100]
5.222468517465790779e-03 2.000489968524399487e+01 3.827013088200022395e+01 3.952355517641276350e+01 1.960994610262349624e+01 9.467767234060525894e+00 1.053004386533829262e+01 2.952383433881395458e+00 1.123713319555890955e+01 3.550674749147717080e+01 5.079480735529908486e+01 3.769039369591975230e+01 3.781814345889640094e+01 3.237026340677819292e+01 2.445813394238886929e+01 6.375215556821493657e+00 6.715495538461447644e+00 1.024294281447003563e+01 3.214941967870395700e+01 4.188551436890848834e+01 3.995743582658199244e+01 4.228428124069647964e+01 5.792937715104770291e+01 5.406160349886793881e+01 7.512649471191514294e+01 8.797425534237321187e+01 8.001508174456878919e+01 6.038640646330721040e+01 5.059669473220017011e+01 6.038740604827184910e+01 5.443718279570646246e+01 4.904315383992199173e+01 3.029279623757196660e+01 5.018782025357954524e+01 5.194676553897034665e+01 6.197224802709558134e+01 8.193455708471165622e+01
7.333276091007126865e-03 2.000719458537259499e+01 3.969903831158640628e+01 4.582472643191837847e+01 3.445093670899078830e+01 2.200292634637859379e+01 2.543350724959894560e+00 2.278553369071813961e+01 3.449369933853721193e+01 2.713537104756145979e+01 4.945679270717594989e+01 5.530177247229197945e+01 4.668195237432550471e+01 3.246943674519764045e+01 1.496365764400512788e+01 1.970556171299326564e+01 6.787767795381558500e+00 2.920003981431548112e+01 1.595178741628625829e+01 2.019832969278184009e+01 2.466646990101575199e+01 3.015689114803920745e+01 3.665723804724881063e+01 4.619835078121572991e+01 5.853348217848276391e+01 7.955218276420404777e+01 8.828593698173969528e+01 7.842202205492009170e+01 6.039872010237190381e+01 4.064072578402578273e+01 3.450416467052725977e+01 2.887150582104775509e+01 4.874481416935817890e+01 4.465202468731494179e+01 6.487104641662612892e+01 8.006977889012071614e+01 8.058249561008680928e+01
6.343274376862209282e-03 1.155325878879313173e+01 3.150883947254496675e+01 4.248745552907880096e+01 3.273043825206906376e+01 1.572953783148887474e+01 2.257080761162561622e+00 1.188694242629527942e+01 3.255410055002580805e+01 4.888654878585042951e+01 4.927430506795924003e+01 5.268994473815610036e+01 3.379470206154444156e+01 2.383527375724523978e+01 2.560184572630947386e+01 7.206620709540787040e+00 1.213925902215795105e+01 3.020576251494611597e+01 3.778279584159994897e+01 4.188551437834248503e+01 3.718223898664674465e+01 5.151587535023325160e+01 4.763489153408688992e+01 6.655213538219193481e+01 7.595940834919566953e+01 8.233205471584699353e+01 9.034148366747328396e+01 7.686846972046797077e+01 5.685912973208181853e+01 5.494871148774953440e+01 4.664881275396540161e+01 2.791689047750466557e+01 4.804502572629841950e+01 6.486295195911696965e+01 7.330448009282369526e+01 8.058249561008680928e+01 6.066925489124231774e+01
3.497053469895897767e-03 1.998718365144297238e+01 3.414512328735031588e+01 3.639207356859919429e+01 1.748688442297462586e+01 2.009928171923649387e+01 1.970880606162815241e+00 2.113741303298095531e+01 3.135452892246271972e+01 5.324063487097497216e+01 6.824248356172726915e+01 6.111455168834888241e+01 4.933259528202125210e+01 4.116993935319216291e+01 2.831735129473654311e+01 7.502061755351928873e+00 2.101825813672587628e+01 3.241059338382141419e+01 4.758377461794000141e+01 5.790724313931178813e+01 5.849575591410117426e+01 6.713684291721988018e+01 6.878427303208403032e+01 7.733064089264107110e+01 7.914956146849958429e+01 6.294545343995715569e+01 7.914927183946907974e+01 6.385528430067058991e+01 5.243846428585526098e+01 3.678073781236929563e+01 2.660655752442794864e+01 4.663561928189818673e+01 4.067383537706695762e+01 5.487659423643991374e+01 7.485845488832022454e+01 7.841249111686309448e+01 5.848745300707337691e+01
9.635555453094322986e-03 1.966088012250578032e+01 1.469252078521196125e+01 2.030575717300026994e+01 2.102635071368571928e+01 1.564444266432538866e+00 2.499863771619191155e+00 2.282683176103941847e+01 3.828880721091548622e+01 4.795585466580600809e+01 6.147578717728342212e+01 6.174030505441457706e+01 5.181909622339629351e+01 3.957234013385701132e+01 2.152374291449632793e+01 8.162830942712338000e+00 7.770782001894631641e+00 1.994670757593643629e+01 3.086058559705876903e+01 4.953859575439278728e+01 5.363779669159558239e+01 6.032716379300837417e+01 6.869783465484465523e+01 7.866353908185671173e+01 7.113862697302228355e+01 5.175079847550051682e+01 6.144453228258978328e+01 5.528495015701626158e+01 2.674407509869832822e+01 2.532933671706696188e+01 4.526655462909872796e+01 5.493217598266359403e+01 6.072874480420850318e+01 6.901539976263096321e+01 7.493355268203737296e+01 6.670558313629841507e+01 6.093221308749443210e+01
8.845047570523793118e-03 2.959099581341899654e-01 5.830044432350781625e-01 8.702173181702944627e-01 1.157520982191360570e+00 2.000892055288029070e+01 2.268265750781220191e+01 9.154305876907660178e+00 1.820843661767963440e+01 3.014492460213524083e+01 5.200682646650447083e+01 5.379220420170692307e+01 3.364864985627027494e+01 2.299958121038141812e+01 1.514269877001241937e+01 8.066443705157647415e+00 2.675153140910074256e+01 1.649558335996606573e+01 3.589126458114235163e+01 4.530854764420308101e+01 3.501302961912266909e+01 4.140677643598775859e+01 5.047627036351718033e+01 7.017805722249961775e+01 7.914956146825272754e+01 6.144453228271208189e+01 4.195396357764482786e+01 5.374460788331625594e+01 4.430589427479398523e+01 2.442970290886617946e+01 3.426520666257498959e+01 4.587960482172952226e+01 6.589511476965765269e+01 7.059308274178735587e+01 6.236425068679118766e+01 4.684651526253546194e+01 5.049072211695932566e+01
8.023991185656003874e-03 2.000802399118530062e+01 2.075775066617804754e+01 2.095771701108970575e+01 2.844957454189124046e+00 1.367153238842835350e+01 3.394709919631576867e+01 2.966496204058188724e+01 1.820529198268041426e+01 3.004814400552547937e+01 5.075819279793533667e+01 6.170587669663692054e+01 5.181869351720167316e+01 3.735760772260696427e+01 1.971679437617827091e+01 8.343442379730394265e+00 2.743640018211638676e+01 3.577392690191447144e+01 2.248343524801695636e+01 2.665929050793704391e+01 3.976710659533003422e+01 5.868676977948324947e+01 6.869783465484465523e+01 7.866353908170999887e+01 8.054886402632537568e+01 6.139373249655675124e+01 5.380341806930918125e+01 3.417533027106637178e+01 4.334690501741714286e+01 2.352601398052503967e+01 3.744471132050342277e+01 5.719358160356146215e+01 7.413263002526511514e+01 6.236424933501530887e+01 4.250063390993247481e+01 4.831855176634122273e+01 3.058245079974445702e+01
4.598823041778624977e-03 1.414155231170859750e+01 3.397246584814234183e+01 3.097840589376100340e+01 1.321938547976006539e+01 2.285018728661978571e+01 4.321418692241355330e+01 4.753353758844006904e+01 2.844821062120608346e+01 4.753353757856685746e+01 5.922968973753320654e+01 6.302380666326849479e+01 4.298074321781425766e+01 4.180228545261165607e+01 2.779009831793130658e+01 8.652501960461009389e+00 2.850385853216741694e+01 3.794785556000879723e+01 4.133251834302065930e+01 4.530854764420080727e+01 3.659534663372816254e+01 4.567447763360106450e+01 5.904486510963702273e+01 7.921798324765765642e+01 7.889377550510093329e+01 6.934001218646207576e+01 5.055527625312947038e+01 4.557222481085262444e+01 2.715489010537072545e+01 2.260800192394516372e+01 3.662458301338047306e+01 5.742563015901393442e+01 7.026518966462698756e+01 6.236420336633025130e+01 4.250063383530904559e+01 2.827001997478856765e+01 4.831855176634122273e+01
7.340434288523949372e-03 2.000734043428816733e+01 3.354633571577029016e+01 4.128013149287654215e+01 3.523995456240869117e+01 4.472276472829997829e+01 5.466811871055140415e+01 5.797415491273607557e+01 4.933924701632690812e+01 5.797017744234622683e+01 5.686908667784601334e+01 4.838164662221056744e+01 4.295878160759605180e+01 2.246194150163869097e+01 2.176048991012975975e+01 8.957336916374449842e+00 9.530576741726138223e+00 2.983859560110053266e+01 3.551477135140043373e+01 5.543072255609094867e+01 5.531409876258477709e+01 6.357849016675734788e+01 7.336882227914658472e+01 7.327640864011659971e+01 6.003078595364311099e+01 6.681752769054835994e+01 5.133046944648003773e+01 3.232236258742265278e+01 3.714629654637415257e+01 2.169276562656523666e+01 3.863245828489173306e+01 6.222876035515756854e+01 5.126261705071119934e+01 5.293809460817903556e+01 4.469960033777939401e+01 2.667088227171208104e+01 3.847904717602897762e+01
3.515918393995972821e-03 6.842354533288828478e+00 1.397667314784949788e+01 2.268677403752232991e+01 3.244585403087155839e+01 4.340141439706675897e+01 5.628191401150996143e+01 7.414332769757695019e+01 6.502374280691162767e+01 5.500844375666067521e+01 4.672277671402471810e+01 2.806940860537056892e+01 3.168838985256392249e+01 2.909745789563305252e+01 9.385975540522737859e+00 2.464047289512196670e+01 2.982545655565671083e+01 1.545926723530363489e+01 3.551477160575409187e+01 5.018131262814917903e+01 5.933156655318506267e+01 6.746566583514724869e+01 7.728603364594060565e+01 6.547374671263135326e+01 4.621057612369943257e+01 4.766476577666986714e+01 5.745167739612062974e+01 4.019733110055727821e+01 2.035571311013580242e+01 4.001422969886403536e+01 4.886062689541819282e+01 5.281205106936006644e+01 3.803367824271931852e+01 4.260133139568861793e+01 2.446600209694537753e+01 4.458976020922648331e+01 5.494153326271810300e+01
4.608085242692564441e-03 2.000460808524233869e+01 2.930397050745608567e+01 3.446794828185483794e+01 4.024145093802661677e+01 4.690811753610195467e+01 5.519236469807395906e+01 6.519230940325198276e+01 5.675016440440371923e+01 3.669627076208848848e+01 2.668735376582699459e+01 3.177282257962676582e+01 1.046281975878431680e+01 9.822581905422678616e+00 2.940242634441584002e+01 3.685870514617390370e+01 4.341621127888853948e+01 3.551477160575362291e+01 2.201723015350936308e+01 4.197418053937836646e+01 3.958575766700326426e+01 4.950983889523146786e+01 6.915329421116361175e+01 6.679767145432330722e+01 4.766429500181418888e+01 3.342380302371332590e+01 4.371210048421065153e+01 3.888932665129124899e+01 1.929571101654312315e+01 3.873553121297711499e+01 3.625372992173226550e+01 1.879767154460108713e+01 4.014025781691344719e+01 2.236285522406760862e+01 4.255600951187429359e+01 4.708299196437729961e+01 5.458301884505502244e+01
1.610643649003322799e-03 4.589925321060220220e+00 9.303970528970495479e+00 1.446794832391367258e+01 2.024145101580982953e+01 2.690811768247638014e+01 3.690811768247602487e+01 5.690811641136604493e+01 6.502369604644056267e+01 5.500844344549944509e+01 3.670707814528680757e+01 1.666134893741915590e+01 1.025927261169740490e+01 2.956916211319463983e+01 1.932661615886427242e+01 3.903367391817248944e+01 5.785814778934125258e+01 5.018131262727859365e+01 4.197418053937771276e+01 2.959354985342156041e+01 4.945866211008898006e+01 6.746566583514724869e+01 7.728603371095314856e+01 6.309546061026125585e+01 5.332393546205891965e+01 4.432540366716229840e+01 2.480265216778177617e+01 2.474128690339707148e+01 1.821430455863364628e+01 1.849972076973944368e+01 1.880805283554599683e+01 1.912872265820606543e+01 2.041630422690114344e+01 3.999299762194886654e+01 2.541381166144432768e+01 3.197287553048858655e+01 4.673721255979673828e+01
2.022278438842990342e-03 2.000202227843848846e+01 2.930397050745608567e+01 3.446794828185483794e+01 4.024145093802661677e+01 4.690811753610195467e+01 5.519236469807395906e+01 6.519230940325198276e+01 6.477891198196593336e+01 5.283890117199187841e+01 3.962123127441999060e+01 2.356171982767224904e+01 1.056938685693536328e+01 3.043442995291400166e+01 3.897023135756553103e+01 3.075386202325847407e+01 4.441897623591306399e+01 6.337206291420250182e+01 5.760862974385321422e+01 4.902926995541390198e+01 4.943129228302827727e+01 6.897999228281746298e+01 7.105734215847307667e+01 5.553795624739679937e+01 3.349607727399997970e+01 3.688099565520805356e+01 3.607345222347190372e+01 1.783626628971200745e+01 1.862271714996652250e+01 2.053257896130219606e+01 3.064589929996185802e+01 3.468022738664312499e+01 1.957570033987693492e+01 1.988169504627830264e+01 2.600152195827891433e+01 3.207937137392638505e+01 4.093089168085615626e+01
6.642187732006160465e-03 1.000664218773191827e+01 2.155364757152423039e+01 3.569578319525468402e+01 5.569578319525397347e+01 5.842599160767527877e+01 5.842599160728630636e+01 6.670246722554976770e+01 5.653208687957965850e+01 3.553197753324613473e+01 2.267056725029240027e+01 2.993675123470544719e+01 1.088398153523256795e+01 2.728808759247672455e+01 4.675996969867242825e+01 4.994964697983542834e+01 5.535175062626139209e+01 5.827574441618062906e+01 6.286369486395764028e+01 5.550684869934396204e+01 5.828601821380358672e+01 6.424697738250671364e+01 5.728520118466379074e+01 4.441708881507118889e+01 3.937863691872797034e+01 1.941260602492601350e+01 1.742934156292599823e+01 3.719455574067021075e+01 4.197897511560720574e+01 3.379794299253115497e+01 3.822226175786684621e+01 4.550148872222084151e+01 2.849603040592436898e+01 4.018459831533786542e+01 2.031324207638187573e+01 2.062279596718904173e+01 2.093966301103869654e+01
1.591255364720534126e-03 2.000159125536436378e+01 2.863444401794381733e+01 3.334838421585594403e+01 3.851219214033577742e+01 3.842817864775275893e+01 3.842817864775275893e+01 5.842599160684013526e+01 6.076539846756006114e+01 4.048207715300913634e+01 3.569655583792772546e+01 1.269092232225545835e+01 1.119974547356011740e+01 2.568399435050622870e+01 3.205447227370034113e+01 5.324828155859660939e+01 4.931399661883895646e+01 3.091341432271570611e+01 4.292344087612740111e+01 3.757697411687205857e+01 4.453346041799103006e+01 4.912100725412289393e+01 3.729658871121777963e+01 3.710341500973706985e+01 2.964576818141638981e+01 2.173116930583024597e+01 1.712835616874316713e+01 3.687320242056706121e+01 4.903160195933156729e+01 5.477810589655621953e+01 5.908385011890626970e+01 5.814300674815913084e+01 4.132581989997149208e+01 5.619728126927314094e+01 4.469508678062567952e+01 3.807659621596084065e+01 2.634255161890094499e+01
6.189296070378335485e-03 4.270203623182569075e+00 8.634561427902379904e+00 1.334860663581265605e+01 1.851258443075319704e+01 2.428608712250118984e+01 3.583308453683731898e+01 5.582750263539509916e+01 6.877498909595195187e+01 4.976942133388582334e+01 2.805721189113253899e+01 1.825266169313252718e+01 2.428744966975832043e+01 1.164026536775051213e+01 3.482582243556533541e+01 3.503641365489175996e+01 3.376978121508632569e+01 1.864944849109085823e+01 2.360716603066233077e+01 3.156631016129014355e+01 4.097880687669800892e+01 3.632354397244686339e+01 2.445332817701262940e+01 2.686194618860661265e+01 3.368744802665499805e+01 3.469031971797364378e+01 1.681612029817091525e+01 2.060971702883513501e+01 4.077537373869132864e+01 5.244578373592693765e+01 5.829301300540434738e+01 6.663158824336854025e+01 6.337783085261587246e+01 7.121944246005827495e+01 5.444840556880148341e+01 3.474457321470337945e+01 4.807394308416942152e+01
2.247884206357958405e-03 2.000224788420600319e+01 2.863444401794381733e+01 3.334838421585594403e+01 3.851219214033577742e+01 4.428540245481387672e+01 5.256532293976846404e+01 6.409814181001408429e+01 6.858307403404182878e+01 5.603570543823897054e+01 4.102910578212527071e+01 2.414201944269950317e+01 3.233995850750884671e+01 1.366528501846221744e+01 1.207561577226253213e+01 1.238348048812573587e+01 1.269083688974336610e+01 1.961322434759158639e+01 2.910653949002276875e+01 3.298302737581304456e+01 1.519449425039783641e+01 1.477508626081020182e+01 1.788197823396882313e+01 1.569373393708115572e+01 1.602826761868518801e+01 1.636106667327156217e+01 1.975475704912631869e+01 3.922107292720892247e+01 2.669066112000921365e+01 3.212850055380055636e+01 3.803260547658160107e+01 4.817131855966310638e+01 5.984962260065575634e+01 7.996522771233331639e+01 6.070317267930209226e+01 4.104077041600888975e+01 6.070317267930209226e+01
