LEM/sinusoidal_perturbations/elevation_000066.asc
nrows	100
cellsize	150.0
xllcorner	0
ncols	100
yllcorner	0
NODATA_value	-9999
[rows 0 to 16 of 100, columns 0 to 36 of 100]
8.271705653423140972e-03 1.415040732938449786e+01 3.415040732938520307e+01 3.564124914264879607e+01 4.116502131317057689e+01 4.717336458462455795e+01 5.422649926127142095e+01 5.422649926127142095e+01 7.421105562902656061e+01 7.680429601942580575e+01 7.102762120649636302e+01 7.207154669351636755e+01 7.207154669351636755e+01 8.022051141140659070e+01 7.987583084432138492e+01 7.160788083791869951e+01 6.902389710746214746e+01 7.728888224717906041e+01 7.561418276007378836e+01 8.388665878212060534e+01 8.446894595201565892e+01 9.277699802370672444e+01 8.806359581266212899e+01 7.978585009997168243e+01 8.806359581266212899e+01 9.805571879538874214e+01 9.709860955446961839e+01 8.535130418194837887e+01 7.690936094380738552e+01 8.535130170791011039e+01 8.498654248389429711e+01 7.662039321616833831e+01 7.287887754184083633e+01 8.702512330346141312e+01 1.063512739493757380e+02 1.045145172155315265e+02 9.867530799950485232e+01
7.813061968023241044e-03 2.000781306196766707e+01 2.836831878839700494e+01 1.572350907171003342e+01 2.124877751837347972e+01 2.724594434155516609e+01 3.427722182735553247e+01 4.837446097999439587e+01 6.835456944745702401e+01 5.703116032933807134e+01 5.123363640879464498e+01 5.227941749817298245e+01 5.227941749817297534e+01 7.207154669351636755e+01 7.160788083791869951e+01 5.171809971122318927e+01 4.913958091656943594e+01 6.154377459023850605e+01 5.571562069816751261e+01 7.561418276007378836e+01 6.418850727880382578e+01 8.110579555015813469e+01 7.798208227223373967e+01 5.954876945641833430e+01 6.966730977819507586e+01 8.728270427615102278e+01 8.863758433472560228e+01 6.832370553913735023e+01 5.654882288453697470e+01 6.602619555654578676e+01 6.755734225240905744e+01 5.631999838615215026e+01 7.070954669409238136e+01 9.100465469882156810e+01 9.772792946651358648e+01 8.243166754598249213e+01 8.642911832749004475e+01
2.526786264046545528e-03 4.172673754944959512e+00 8.435525211067982809e+00 1.994816051410643709e+01 3.987046889496361501e+01 4.717336458462455795e+01 5.422649926127142095e+01 6.250595824103489662e+01 6.056076621969286577e+01 5.238352639155962720e+01 3.725103310895350717e+01 3.829403910595771521e+01 5.807639792536883760e+01 6.429994596265875373e+01 7.257272966814727511e+01 5.754368175824100717e+01 3.775225796203426398e+01 4.171816501152280665e+01 6.154377459023850605e+01 7.190653671686527559e+01 5.201518485152943327e+01 7.190653671686527559e+01 6.916490614965394457e+01 4.893979181166609749e+01 5.859787376190418939e+01 7.898524190771534847e+01 8.783527505463344198e+01 8.242486744265782761e+01 6.602619555654578676e+01 4.559588394335663253e+01 4.715468355793026944e+01 6.755734232969081177e+01 7.662039202237015445e+01 9.681646508989771860e+01 8.689342308143355353e+01 6.755363239690262844e+01 7.762955536010110791e+01
4.163169627051843593e-04 2.000041631696235100e+01 2.681644705467975598e+01 3.663062046929425719e+01 4.814006017407438520e+01 4.673821647561941006e+01 5.529946179958932362e+01 6.312253590054738339e+01 4.915052304953865558e+01 3.261149261182314518e+01 2.842042779168572153e+01 4.818521851566327285e+01 6.108028447262409344e+01 4.442210450112584397e+01 6.108028351019900981e+01 5.094654028905168985e+01 3.116734441255701427e+01 5.094654051488168278e+01 6.609740045813894938e+01 6.348265278451663818e+01 4.231139512001949043e+01 6.227748749995475208e+01 4.829912376792318440e+01 4.124768282744404502e+01 5.635201331691227011e+01 7.679295350559499411e+01 6.741463518952325273e+01 6.741463546041384802e+01 5.359440848566007531e+01 3.925092127290228916e+01 5.956556377703871163e+01 6.862746694744555498e+01 7.708454752349540229e+01 8.885927083278173200e+01 7.803223695767238155e+01 5.731379646714627540e+01 7.779485856983514225e+01
5.883922493566802643e-03 1.465085345702630981e+01 3.643069692372026225e+01 4.395646959675700316e+01 4.367840592143302558e+01 2.683380462573547831e+01 4.367840592143302558e+01 4.449049537386227371e+01 3.517626997098425790e+01 2.117553478930255295e+01 4.096813736640241643e+01 5.048407581211279194e+01 4.232660432581285193e+01 3.318563354071605431e+01 5.282346882814184141e+01 4.640888171989176669e+01 2.648408793619595869e+01 3.803609536233810928e+01 5.784632058476880445e+01 5.642556689635117095e+01 3.512340226545482835e+01 4.115593341585047682e+01 3.311563512787797237e+01 5.441056993276934151e+01 6.395600161938772032e+01 6.503157392395647207e+01 6.741463554133743230e+01 4.707598348684557976e+01 5.455120370452417689e+01 3.556631651364319424e+01 4.115113545995331634e+01 4.823573915313576776e+01 6.001723998071957311e+01 8.038926065768225726e+01 7.057926530787995034e+01 5.016261845022014398e+01 7.054145292469463868e+01
1.256007409845548732e-03 1.855541247749344436e+01 2.630280638300950358e+01 1.839730092256421656e+01 3.167651947718078631e+01 1.559773800476838268e+01 2.434159718316678678e+01 2.433916140315223942e+01 3.684109595052330377e+01 1.701218744815057349e+01 3.123272186525828076e+01 3.929678588218779822e+01 2.313545519455936628e+01 3.374298839078620915e+01 4.187077233624634687e+01 3.698478328878602639e+01 2.229781570381582512e+01 3.652720873775837163e+01 5.637929512755938077e+01 5.078357226970952354e+01 4.214604198177870842e+01 2.619363662753070443e+01 4.730903460136012484e+01 4.916929621104519299e+01 4.158728521433111780e+01 4.603321034214260976e+01 6.170988140254889487e+01 5.455117630789889205e+01 3.455505999618009128e+01 3.201102324887546757e+01 5.186405574096914961e+01 6.862746724095599404e+01 7.708458604933674962e+01 7.653635614832754186e+01 6.438594859165357320e+01 4.412823526539013841e+01 6.136735586595037262e+01
9.594114293757748102e-03 2.000959411429340307e+01 1.451072730026600865e+00 2.049922944747639697e+00 2.211083489296236237e+01 1.477460656293526498e+01 4.357761443678962898e+00 2.426952750810779591e+01 3.317776101253286924e+01 2.700083363978871276e+01 1.135852106822493113e+01 2.811200190009987665e+01 2.874505487581885532e+01 1.474141358892194553e+01 3.374294599668717609e+01 1.717646676986729304e+01 3.698478138667495330e+01 5.057689357158021437e+01 5.212302589655898544e+01 4.084890036190196838e+01 2.122708264224115027e+01 3.845447051954048590e+01 3.737844961722166914e+01 3.109414723260988112e+01 2.750438747352630742e+01 3.654680188096835991e+01 5.178785606189607194e+01 4.522405682549290873e+01 2.779766896460231607e+01 4.748126374597641330e+01 5.186405574092648862e+01 7.219688284749437912e+01 7.074361604323840425e+01 5.676877722271747473e+01 5.873989597294055898e+01 3.864453423777646179e+01 5.137185866468433915e+01
7.711341127313004785e-03 6.050636513050274834e-01 1.016273056928609542e+01 1.833805549225353104e+01 2.899444302578138011e+00 3.501403267653794504e+00 2.318207111119247443e+01 5.218443159336842996e+00 2.505022366507534315e+01 6.959502290105167077e+00 7.581585930195779532e+00 8.212639637074481413e+00 8.844611320947525002e+00 9.477078502556489426e+00 2.937862926922414886e+01 1.412509031434398032e+01 2.759997581543582257e+01 4.749502868036471170e+01 4.493396286701189979e+01 2.951217831040105821e+01 3.543611021652988313e+01 1.654262930838611467e+01 1.727813560860050401e+01 1.801431791663467763e+01 1.875075942608821578e+01 3.861173744279159337e+01 4.073231089123616755e+01 2.396303165178958139e+01 3.546691432410351297e+01 4.289403670351310183e+01 6.042835117132148071e+01 6.484200171488321018e+01 5.949696331236622626e+01 4.274963544680502281e+01 4.865819296380881553e+01 4.977771710653414061e+01 3.147468717461885035e+01
2.297228869525369630e-04 1.996408010752303852e+01 2.341331820090669424e+01 2.558194626655877357e+01 2.272245487912834250e+01 5.849070340147862979e+00 2.816443433881073588e+01 1.558902490991529177e+01 6.080330638857939007e+00 2.529404971646155431e+01 2.745077845990740784e+01 2.230342072247493590e+01 2.874510852923023663e+01 1.339541569936698906e+01 1.038012612496627263e+01 1.101896277718209483e+01 3.092521558277235627e+01 4.007545732354179080e+01 4.248775033981258531e+01 3.387605915100449039e+01 1.552924723951527497e+01 3.042290346882078467e+01 3.153957069007634217e+01 3.707067434622367585e+01 3.860292507568133402e+01 1.979357015520233176e+01 2.052985863542664191e+01 2.131131008909116176e+01 2.980921964918015732e+01 4.887525133894307316e+01 5.415978176189161530e+01 4.134402276082766292e+01 4.010704467365939507e+01 4.736656511281332627e+01 2.877902086501153889e+01 2.989683349220206665e+01 4.977856217771664404e+01
9.647730019007896146e-03 3.601765872175531680e+00 2.361278112320683675e+01 3.615806658878639013e+01 3.695406458976000863e+01 1.859005797005360350e+01 3.664997294254212079e+01 3.188695072553196042e+01 2.599864058005382006e+01 1.058219890716047296e+01 3.035101504865835054e+01 4.213948839463687790e+01 4.372741172908099827e+01 2.419855474220744895e+01 3.028229422460546161e+01 3.092521163523284500e+01 1.194010122430232101e+01 3.184954321022375723e+01 3.345787966215549147e+01 1.452882440591950264e+01 3.444566201966753738e+01 2.536371206796935240e+01 4.402216852470892405e+01 5.432734002077989999e+01 4.764903706508788872e+01 3.935784512046114969e+01 2.270299435841952018e+01 4.104456441022716007e+01 2.247004033819619195e+01 4.198446809871752805e+01 4.433438908288044189e+01 2.571722891303143754e+01 2.661034585442925859e+01 2.750721682082626174e+01 4.734585018931591804e+01 3.093191449352348954e+01 5.070599918185307331e+01
3.582433992925927561e-03 2.000358098951034336e+01 8.854846941616075995e+00 2.889711626969594960e+01 4.282378115160462073e+01 3.918940929469710710e+01 3.918472995533188907e+01 4.747088697372281274e+01 2.782176260940284607e+01 1.383547908986270514e+01 2.781934520274741374e+01 4.741150682190137644e+01 5.254576217673182015e+01 4.428847943063185966e+01 4.940252844579501357e+01 2.969995215285162971e+01 1.624042459368125435e+01 1.287453327005007964e+01 1.353716660973695518e+01 3.345787974903964113e+01 4.267463438118343078e+01 4.447582309773500953e+01 3.729977523558503094e+01 5.526288618672124642e+01 4.550805411933282585e+01 2.581365856111583312e+01 4.243626478011228897e+01 4.874065832772163276e+01 3.103679499283735765e+01 2.363414245595789964e+01 2.446006786762684726e+01 2.677283798838092821e+01 4.641033820379156793e+01 4.737545544294332700e+01 5.222213597611167302e+01 3.245304744325085977e+01 5.222744584476460972e+01
1.813270376062421294e-03 2.000181327037570611e+01 2.889711626969595315e+01 1.451637792358949675e+01 3.456918689290598934e+01 4.899666781228269485e+01 5.898839395451814482e+01 4.828707817644217215e+01 2.872165200082485725e+01 1.732413728278852005e+01 3.699097410713976330e+01 5.078101179244086438e+01 6.207271527905847108e+01 5.407998525182063787e+01 3.405814570987675438e+01 2.278693168179631101e+01 3.547070806246501462e+01 3.278274444307897539e+01 1.563660024331372789e+01 3.505787719211238596e+01 3.810237378545912890e+01 5.795617532570994968e+01 5.692988446770130651e+01 5.603850482198914307e+01 5.360703744923316805e+01 3.976906485447982931e+01 2.901041995854011546e+01 4.867446780697632391e+01 4.977850128519526862e+01 3.772145626070974345e+01 3.847237502059812186e+01 4.636869873991087587e+01 3.006235362321990223e+01 4.982207777163869622e+01 6.047424704632052084e+01 5.222744373931212891e+01 3.461548532341041806e+01
2.372884694381488524e-03 1.414450850842545648e+01 3.414450850842616347e+01 3.456918689290598934e+01 2.070225858450375256e+01 4.075907378064901110e+01 5.611773462998975504e+01 5.642471922400744688e+01 4.511498938928955482e+01 2.872165200082485725e+01 2.309619336562306202e+01 3.441380341003961973e+01 5.392142421447094591e+01 6.238472567599174567e+01 4.844292271800512140e+01 2.821337902450465407e+01 4.844292271800512140e+01 4.328219214816464699e+01 3.505815572567337313e+01 1.848161877662365171e+01 3.810251904977896942e+01 4.129105909666837704e+01 6.101984764062420652e+01 7.485822672749333151e+01 6.743301749809880619e+01 5.094124345508673457e+01 3.128943484590303825e+01 5.094161281737158475e+01 6.241798234952030100e+01 5.827404084696046738e+01 5.825065925513698772e+01 5.784412289518726169e+01 4.402043502649868856e+01 3.343570324711798492e+01 5.321824075055170056e+01 6.278266977388459935e+01 5.444368225745252232e+01
8.175220331382775790e-03 2.000817522033102591e+01 3.829339594962416982e+01 4.903836997363261929e+01 4.075907378064901110e+01 2.780027600096058649e+01 4.198980463755302139e+01 6.198573015978750078e+01 5.642471922358818404e+01 4.828707817644216505e+01 3.186986921295979869e+01 3.061934362704252521e+01 4.434473630359758545e+01 6.381756425343899508e+01 5.565320117446763959e+01 3.480354954199710704e+01 5.565320117446763959e+01 5.213452358051414848e+01 3.229026836438109882e+01 3.810251071433378911e+01 2.152405377687935939e+01 4.136226581551361647e+01 5.300028358061163658e+01 6.291918499008484389e+01 6.477749625617984464e+01 4.521060225665853238e+01 5.094161279224370986e+01 3.467569590646799327e+01 5.433466756235404205e+01 6.176622121762441964e+01 6.983046734831161473e+01 7.200999786105782619e+01 6.141257765517889311e+01 5.321824075038213664e+01 3.689408983997680025e+01 5.092240584938257086e+01 7.075263100457273424e+01
9.124702163186202558e-03 1.000912470216327321e+01 2.415126032589447647e+01 4.415126032589517990e+01 5.611773462998975504e+01 3.939122670236329782e+01 3.784078914257651149e+01 5.200641411602146036e+01 7.196504620355440807e+01 5.952694806724235832e+01 4.315601209522797177e+01 4.182370035836758859e+01 4.051768770552543231e+01 5.979378386573657167e+01 6.429620217579412156e+01 4.517469287331195460e+01 6.429620217579412156e+01 6.037999598236800836e+01 5.213451952370802900e+01 4.959457642614710693e+01 4.136224872438191369e+01 2.489353943504897870e+01 3.486429519807493449e+01 5.467472268042332928e+01 7.285285748008402607e+01 6.477749625739087946e+01 5.852565897093584368e+01 3.886816681540851448e+01 3.894238717466524236e+01 4.208758440203106943e+01 6.176785866905411382e+01 7.456938163219720650e+01 7.074237686196602226e+01 5.088943615039934798e+01 3.939984753024864972e+01 5.928027619818313099e+01 6.754389200063015153e+01
2.239863785106879172e-03 2.000223986378475161e+01 3.723030974658423276e+01 4.877731513037694810e+01 6.765731813577559706e+01 5.939656045317214250e+01 5.200641411602146036e+01 5.419062119554807566e+01 7.414415085843262432e+01 7.082122327423005004e+01 6.263082557044172205e+01 5.556205988308597910e+01 5.408494515767519317e+01 5.451399867742207306e+01 7.352340466521755502e+01 6.281902347841080569e+01 7.610367298766607291e+01 7.158854764400726367e+01 5.605044286695387257e+01 4.830696848917008879e+01 2.858092098939068038e+01 4.476950573540263889e+01 5.300028358138701634e+01 6.291918499047695690e+01 7.860280255211496581e+01 5.920449244896708763e+01 4.528185012956585354e+01 5.852565897194892131e+01 5.291272760438823752e+01 6.176785866905411382e+01 4.689003921275451603e+01 6.651875295989759707e+01 7.891542257150223350e+01 6.362685387058252218e+01 4.370833302700663126e+01 4.412405827667341640e+01 4.759287199557840609e+01
1.766589122093755728e-03 8.946038499121328869e+00 2.049304388291404777e+01 4.049304388291475476e+01 4.917835075783779075e+01 5.746262200529999120e+01 7.196504620354916426e+01 7.414415085843771180e+01 7.572034227853815480e+01 6.791832663618038168e+01 7.572034228133085776e+01 7.509479294434794383e+01 7.357613970013893834e+01 7.361405231991876974e+01 8.186483852517761761e+01 8.683172268539829020e+01 8.989957523275715801e+01 6.703715371811264845e+01 4.992134290755761583e+01 3.791214665092441294e+01 3.144755522420118510e+01 5.120571033527865268e+01 6.387338804457360197e+01 7.535506653182956427e+01 8.343574867157303743e+01 6.410396419373685717e+01 5.024616541390255975e+01 6.976611277485824303e+01 7.240570176551804593e+01 7.002434569188184810e+01 5.046175135237634635e+01 6.410912071292766257e+01 8.257136504453475823e+01 6.819432123242717125e+01 4.828519228661563290e+01 6.405996164814332872e+01 6.754389200063015153e+01
