LEM/sinusoidal_perturbations/elevation_000951.asc
nrows	100
cellsize	150.0
xllcorner	0
ncols	100
yllcorner	0
NODATA_value	-9999
[rows 0 to 16 of 100, columns 37 to 73 of 100]
1.032991409380197041e+02 1.116016119204316510e+02 1.121665871389111402e+02 1.038581478344321027e+02 1.038581478344321027e+02 1.038581478344321027e+02 1.121665871389055269e+02 1.127243138505963742e+02 1.044872306047430754e+02 1.127243138505963742e+02 1.268782783693442155e+02 1.211079392049567218e+02 1.268782783693442155e+02 1.264844701869009072e+02 1.261149132341925565e+02 1.202599477549930782e+02 1.261149132342031862e+02 1.272298546998449922e+02 1.330807501817463390e+02 1.289323878551525411e+02 1.347818076186929659e+02 1.321382700535775143e+02 1.404197913112706431e+02 1.503969177717629861e+02 1.645492492264085627e+02 1.512896117366562407e+02 1.431001259189765733e+02 1.512896117366562407e+02 1.554341649009465414e+02 1.472396771111255305e+02 1.446872918959020069e+02 1.528745436404671807e+02 1.451136277461471593e+02 1.369048878194940642e+02 1.343415462052610110e+02 1.425462632536386423e+02 1.401965366498461947e+02
8.302292182735878612e+01 9.993441054623809805e+01 1.038581478344321027e+02 8.354130391679628076e+01 8.354130391679628076e+01 8.354130391679628076e+01 1.038581478344321027e+02 1.026512209984312420e+02 8.423330479744521426e+01 1.026512209984312420e+02 1.070662152870709320e+02 1.012499428011840763e+02 1.070662152870709320e+02 1.064141502255149589e+02 1.060478668867999374e+02 1.001610302416520284e+02 1.060478668868002501e+02 1.072153744582423656e+02 1.130774799990836357e+02 1.089420893645443016e+02 1.147971122345002186e+02 1.121955621579058118e+02 1.221773426638833087e+02 1.362445863171175233e+02 1.505932378092154806e+02 1.414979518553216735e+02 1.235946153319999752e+02 1.414979518553216735e+02 1.472396771111255305e+02 1.276949108976166940e+02 1.251708005866140354e+02 1.415645378992815324e+02 1.369048878194940642e+02 1.171756709106928156e+02 1.146181268926414987e+02 1.262410001889168996e+02 1.204604277166076827e+02
7.115205614339059537e+01 9.041269795368093298e+01 8.952239638556301315e+01 8.112314226045775456e+01 6.899261268718645113e+01 8.949196972796300997e+01 9.161581889680331869e+01 9.436024141498336348e+01 7.392468729681171169e+01 9.436024102043995754e+01 9.699330688622465857e+01 8.692039848538108515e+01 1.070662152870709320e+02 9.205898479968034565e+01 9.577294806366465707e+01 8.573503414375198872e+01 1.011736806542516689e+02 9.289465936346543629e+01 1.071815120792917071e+02 9.464812813931352764e+01 1.014344481135214124e+02 1.214784442949896430e+02 1.391844429923965833e+02 1.474760600521133824e+02 1.424106937860770188e+02 1.229112943356018377e+02 1.139503856061661935e+02 1.333473706254883382e+02 1.328619020353845883e+02 1.247475477915455713e+02 1.140231273731775161e+02 1.334193959213259006e+02 1.359635383847175092e+02 1.229542247557803591e+02 1.031824513128955090e+02 1.064862670273873135e+02 1.204604277166076827e+02
6.193954248397221107e+01 6.998048696581346917e+01 8.112314226045604926e+01 6.058615067722998759e+01 7.386272645577003004e+01 7.549598605322708522e+01 7.115188987276737009e+01 7.881718852047849566e+01 6.704536642256246637e+01 8.754835156347434122e+01 7.661619315420922760e+01 8.793082568920308972e+01 9.006303140309286448e+01 9.222775068280029132e+01 7.526703630675167744e+01 7.790820945724289004e+01 8.076550830242042878e+01 8.370255864435145554e+01 8.689637980729304445e+01 1.071815120792917071e+02 1.180293885790470085e+02 1.250966486292209368e+02 1.192612931400703502e+02 1.391844429923965833e+02 1.402610807376476032e+02 1.207851256210547177e+02 1.070855804037613979e+02 1.191555082559964802e+02 1.178840991731937606e+02 1.053347835500978107e+02 1.190287298975333670e+02 1.382163167395546850e+02 1.277670731010546490e+02 1.080157365183099785e+02 9.646298084580874388e+01 1.105792039318694862e+02 1.303284821832270381e+02
6.998048696581346917e+01 5.544629421009248205e+01 7.017245972592324676e+01 7.167224735414222891e+01 5.332877231764857839e+01 5.495963738359832007e+01 5.660764633545539226e+01 5.827680621171067799e+01 7.855440803688752283e+01 8.283125420432722308e+01 8.421205128568350062e+01 6.736303344286982053e+01 6.950078406039672529e+01 7.168039278533161962e+01 9.222673595461603213e+01 9.836988832342338185e+01 1.011736806542516689e+02 9.815815897387257394e+01 1.071815120792917071e+02 9.282852246566012866e+01 9.793722953139598530e+01 1.051074186056506079e+02 1.192612931400703360e+02 1.391844429923965833e+02 1.402610807376482569e+02 1.207851256210547177e+02 1.070855804037613979e+02 9.961958748360247284e+01 9.831517253773014886e+01 1.178840991731937606e+02 1.327673440716045263e+02 1.315461296396153443e+02 1.262104730005950159e+02 1.064165568412140175e+02 9.219160722151717380e+01 1.067646390671518333e+02 1.132017772486928777e+02
6.686267970611906719e+01 6.744621295834177488e+01 4.966545619616829299e+01 5.114964847309206419e+01 6.032536650915603360e+01 7.549581273927751113e+01 7.714563563305368632e+01 7.869031391560645261e+01 6.076206329102679859e+01 6.255232165550945211e+01 6.452541509436827027e+01 8.508647064820040384e+01 9.006302665022327858e+01 9.222895339366519352e+01 7.841521985082705726e+01 9.294433119060147419e+01 1.131519746592522040e+02 1.182791070289353854e+02 1.205867045835476858e+02 1.005309683762232709e+02 1.180293885790094777e+02 1.106938889926786658e+02 1.248117939181839802e+02 1.447515632012660660e+02 1.424106937860781272e+02 1.229112943356018377e+02 1.264895008046199791e+02 1.076895543470846093e+02 9.363492635162209865e+01 1.092564616772051238e+02 1.173711662535903173e+02 1.120281022060093790e+02 1.258588780735108656e+02 1.204121165625677463e+02 1.067646390671518333e+02 8.659940722700659421e+01 9.318080764364009383e+01
4.646073390429516081e+01 4.771948517204931761e+01 6.818819049161956514e+01 6.300281641787093889e+01 7.985325095479826985e+01 7.487395871886728571e+01 9.528787294912136474e+01 8.126852473039808444e+01 7.537039723176337702e+01 8.310471969817022853e+01 6.906531124230299667e+01 8.957002435604213986e+01 1.055549471209409802e+02 1.071958235780728614e+02 9.886336621051670193e+01 8.623270400560949156e+01 9.646928772059872870e+01 1.166064166413830208e+02 1.288601953108538964e+02 1.121566369661263707e+02 1.288601953108538964e+02 1.306520171259971903e+02 1.389316910896901049e+02 1.366806329978020642e+02 1.447966086140321238e+02 1.424106937860781272e+02 1.352949955121412131e+02 1.191339007373014596e+02 1.030060398421640855e+02 8.932583669208031552e+01 1.052865545750822776e+02 9.804658435400806127e+01 1.177448000859275226e+02 1.194668476305527776e+02 1.149810770076598914e+02 1.016426650577783732e+02 8.143378245491294365e+01
6.502116598381817880e+01 5.129894656324132285e+01 7.236347891618969186e+01 8.342923706666140049e+01 9.166018981643070163e+01 9.528787341422111012e+01 1.036060438459021213e+02 1.014870209817960074e+02 9.648294669586681493e+01 9.789245521720501131e+01 8.098670519319122718e+01 7.688437975036720218e+01 9.727814233302218838e+01 1.155998567749229977e+02 1.132658571784970576e+02 9.308194459724401781e+01 1.132658571784970576e+02 1.166064166413830208e+02 1.366034961853560219e+02 1.321023911045657826e+02 1.403839459464774961e+02 1.404880947467470662e+02 1.323964225636858032e+02 1.174826961578357327e+02 1.336457505479102963e+02 1.455905368949042327e+02 1.344248217911205359e+02 1.257761594859436372e+02 1.106971525710471127e+02 9.073464933095796425e+01 8.519987599945851287e+01 1.019152813329300784e+02 9.970574309190418205e+01 9.970574270341185752e+01 1.188574250488998700e+02 1.098835786346814700e+02 9.694419528931007335e+01
6.369542805760003290e+01 5.502759670003985804e+01 7.466270521174278940e+01 8.377944263334983077e+01 8.804699766088067747e+01 9.267276886226943589e+01 9.875116111604133096e+01 1.056222588748649258e+02 1.137249803796501766e+02 1.095556974775834931e+02 1.012950563812862583e+02 8.876325349210516436e+01 8.718877240622552449e+01 1.073675122598188096e+02 1.215540574640726277e+02 1.074020914647911553e+02 1.095932355945546561e+02 1.296071492453729377e+02 1.291602071494814936e+02 1.291602071494814936e+02 1.372399179613116473e+02 1.293277424879196360e+02 1.131509263629021831e+02 1.063164985222118162e+02 1.250034822329125177e+02 1.375094684999480137e+02 1.182402322773468910e+02 1.068087571567775882e+02 9.955302273200025809e+01 1.107069148745289908e+02 1.019152813329300784e+02 8.178542994749707873e+01 7.959843098106586012e+01 9.083139523677493798e+01 1.048444611059993150e+02 1.131583034989650400e+02 9.908745558563279587e+01
6.465897725083777914e+01 7.355688571150926691e+01 6.055627654754525224e+01 6.457045838314597574e+01 6.896191138232109097e+01 7.360022559900325234e+01 7.952959708219782442e+01 8.618785959702540822e+01 9.735101772268443199e+01 1.169209844095707638e+02 1.171396279127149285e+02 1.089096968001154551e+02 1.073675122598188096e+02 1.015368474010655149e+02 1.214439824394733165e+02 1.274222398911043967e+02 1.296071492453729377e+02 1.235531308457597675e+02 1.098663437302080013e+02 1.098663437302080013e+02 1.291602071494814936e+02 1.212850301514754250e+02 1.019162942720515872e+02 9.753781575987331109e+01 1.169743312198045970e+02 1.268134375414615533e+02 1.344248217911205359e+02 1.263843697797507701e+02 1.136027559771473534e+02 1.118455558904301768e+02 9.198500677545229109e+01 1.019152813315538282e+02 9.665708029532549972e+01 7.661428893888121650e+01 9.376415138948793526e+01 1.019350947093043516e+02 8.495010798344542025e+01
6.450370428310723980e+01 7.422271468813588058e+01 7.993764578330912229e+01 7.567598010240537576e+01 8.804699766088067747e+01 8.699811439170083815e+01 8.911384499548979932e+01 1.056222588748649258e+02 1.137249803796501766e+02 1.250213436264337616e+02 1.178455710083084966e+02 1.096263996694621738e+02 1.178455710083084966e+02 1.214439824394733165e+02 1.296628661487806085e+02 1.329094499384883932e+02 1.248261848622113064e+02 1.155173854904261503e+02 9.607283887860148752e+01 1.063511383128800958e+02 1.143930335233737310e+02 1.119750396179713903e+02 1.039288219322797318e+02 9.057964759923417830e+01 9.937634042594976336e+01 1.131411141963148026e+02 1.323938800107344207e+02 1.410783157152481238e+02 1.256847529907696668e+02 1.061131727591150877e+02 1.061131727591150877e+02 1.107215281698127285e+02 9.083139523858099551e+01 9.376415255053838393e+01 7.380197036965182633e+01 9.095506681193987220e+01 8.962363950404130719e+01
4.623906694165777509e+01 5.962867259088425698e+01 8.051961403968277864e+01 9.484897830923546280e+01 1.029113933874310476e+02 1.063725966468971791e+02 1.085081641028518504e+02 1.166068398652901266e+02 1.177048380806337349e+02 1.118928605931328093e+02 1.078941835858295093e+02 8.969879689371084908e+01 1.078941835858295093e+02 1.127044975569717593e+02 1.209226739452522423e+02 1.248261848622113064e+02 1.057288157378265367e+02 1.113223056515363538e+02 1.063511383128800958e+02 8.682456927880376440e+01 9.869218780993608675e+01 9.861095191437267715e+01 8.438971983880327343e+01 9.570695716288365418e+01 1.151600980737550941e+02 1.268134375414154533e+02 1.277202545506451514e+02 1.357373678910477111e+02 1.338138917295452757e+02 1.256847529907696668e+02 1.256847529906764009e+02 1.188576053861759050e+02 1.107215281701202940e+02 1.019629484095977432e+02 9.051135270884189765e+01 7.105545682039625888e+01 8.839032635423187401e+01
5.801558840651931348e+01 6.574748767901803603e+01 8.674919411866375185e+01 1.023530838969925725e+02 9.411726474958334165e+01 1.023530838969925725e+02 1.048496470741198010e+02 1.130740729102627711e+02 9.781392406037107889e+01 9.198223760470959576e+01 9.966259828156923106e+01 7.970502170455522162e+01 9.862455656638161372e+01 9.279245405066627939e+01 1.127044975569717593e+02 1.248261848622113064e+02 1.057288157378265367e+02 9.211388265191722269e+01 1.017159891926121134e+02 9.701992223989638831e+01 7.912886829020909829e+01 7.904642078986780973e+01 9.861095191437267715e+01 1.119750396179037466e+02 1.231983563293548229e+02 1.245855905501468186e+02 1.084212036835540260e+02 1.245855905511448896e+02 1.421263831139492595e+02 1.340061378920578647e+02 1.296618671359661619e+02 1.239583385927817005e+02 1.187558953272503146e+02 1.050928230957845813e+02 8.343253212450773049e+01 6.911955422290968443e+01 8.561891186149601651e+01
5.687946721165726416e+01 7.428451368805436061e+01 8.441427645901561050e+01 9.237753768227210571e+01 7.413797839911788401e+01 9.237753768227210571e+01 8.491762374365856658e+01 1.015792506724639708e+02 9.781389836268942872e+01 7.785535994565343287e+01 8.629089811592326953e+01 7.263474964895030439e+01 7.866501852623369473e+01 9.020342242448366221e+01 1.101280397328905707e+02 1.210382563392110882e+02 1.020515027048757588e+02 9.104125187872956815e+01 8.235378962451235907e+01 7.753801063294633877e+01 7.393224446316868637e+01 9.364155603935002148e+01 1.066662423512670870e+02 1.162895212907918818e+02 1.243438914702075948e+02 1.165779423374257675e+02 9.711961472129848971e+01 1.165779423374257675e+02 1.274056377515902341e+02 1.146040515717298689e+02 1.101939691207064698e+02 1.044925806076526982e+02 9.917360059550813389e+01 1.002155070569984190e+02 8.998218676722933651e+01 7.009401714225569435e+01 6.638698196407520413e+01
4.572681673067157959e+01 5.576298067239429912e+01 7.603585970247226555e+01 8.412762157435062704e+01 6.409321123493610628e+01 8.412762157435062704e+01 7.335592975621527501e+01 9.265425294954231106e+01 1.003933962043127508e+02 8.044765056429733363e+01 6.628809461519907131e+01 8.629089811601220106e+01 9.862455656636490176e+01 1.068575639842934208e+02 1.183472221044283401e+02 1.291252117836612570e+02 1.180724163357310346e+02 1.096111829757823983e+02 1.017159891926121134e+02 9.079548382030202447e+01 7.089221108415516426e+01 9.079548382030202447e+01 1.025412868471057379e+02 9.684658168184607518e+01 1.162895212907918818e+02 1.096983846334692032e+02 9.016929064289598728e+01 9.995806237153072971e+01 1.193837521760697200e+02 1.181644007486470542e+02 9.864091192531418528e+01 9.041988226844368626e+01 8.499582001334614745e+01 8.025835173392464128e+01 7.592510842695809004e+01 8.443087950027657484e+01 6.443446774675823008e+01
5.733179278424719882e+01 7.428451368759300522e+01 8.441427645837450200e+01 7.744948479454573942e+01 5.737086188818521748e+01 7.438590405436254116e+01 6.436791233300078829e+01 8.440389577572427982e+01 9.681355291565455445e+01 7.685114399622959525e+01 6.266584759695945905e+01 8.269824232067188063e+01 9.200606173449251912e+01 1.002463805108403818e+02 1.102084864534702149e+02 1.227800411199445421e+02 1.145119042548227242e+02 1.154123428215519738e+02 9.594586540140294062e+01 8.841658772093920504e+01 6.830870736856573444e+01 8.841658772091717822e+01 8.294540509016583485e+01 1.025412868471035921e+02 1.151409754780053305e+02 1.035227428684978719e+02 8.396479569605298821e+01 1.035227428684978719e+02 1.164206261563752633e+02 1.262363217199224863e+02 1.101939691207063845e+02 1.101939691207064698e+02 1.049091219312418275e+02 1.002155115360237119e+02 9.586050191755286676e+01 8.347293145671791592e+01 6.344126489423862836e+01
7.760061203939537222e+01 8.596314351794667630e+01 8.396754221132482598e+01 7.139555220477924991e+01 5.128575506517331206e+01 5.429261777058842142e+01 7.438590405436254116e+01 8.292848383043097726e+01 8.343895127525681232e+01 7.517395343596206203e+01 5.925149943248411688e+01 6.533262674821902749e+01 7.202763177527985761e+01 8.203139584716353738e+01 1.019807276218524095e+02 1.145119042548227242e+02 9.489464540577841944e+01 1.006404074943715869e+02 9.594586540140292641e+01 7.618041127222730324e+01 6.574816141974926609e+01 7.217600720360044875e+01 8.633827991248068656e+01 1.058968329164690942e+02 1.013581342126917519e+02 8.757529294659397578e+01 7.902338886939415374e+01 8.887194915223275871e+01 1.027156228637075088e+02 1.221047114235172444e+02 1.296618671359639166e+02 1.227087395445500562e+02 1.144625983664715250e+02 1.012589986613359656e+02 9.297838836001501761e+01 8.251690373892128605e+01 6.244337008935092115e+01
