LEM/sinusoidal_perturbations/elevation_000190.asc
nrows	100
cellsize	150.0
xllcorner	0
ncols	100
yllcorner	0
NODATA_value	-9999
[rows 34 to 50 of 100, columns 0 to 36 of 100]
2.064481644892168701e-03 2.000206448164453832e+01 3.373998236273769891e+01 2.638909300341169839e+01 4.053122862714214847e+01 6.053122862714143793e+01 7.186950896117470222e+01 6.705709821841473683e+01 5.857623336840509864e+01 6.705709821841473683e+01 7.344835490399994171e+01 6.521972403357803216e+01 7.344835490399994171e+01 6.286543314716111297e+01 5.701256664646611227e+01 7.114072372420893942e+01 5.702097427573599475e+01 3.701511265649045868e+01 4.885361547019327588e+01 3.204834202521903563e+01 3.521179706573017398e+01 3.845922483346461718e+01 5.846591425158776190e+01 6.827140930423172449e+01 6.827140998122163751e+01 8.467780777732090769e+01 9.464750607620092637e+01 1.022420706533526413e+02 1.044279070331930370e+02 1.044137739478962601e+02 9.859509434957840313e+01 8.427223591284676729e+01 8.583557271303364189e+01 6.569431778968699120e+01 8.583557271303364189e+01 9.482885179127553954e+01 7.466064339888515633e+01
2.905961989428186391e-03 1.414504158572050407e+01 3.414504158572120929e+01 4.638909300341098429e+01 5.467336425087259499e+01 6.062929272824913340e+01 6.892795068686139359e+01 5.676707391840997730e+01 3.795173016988891845e+01 5.676707391840997730e+01 6.352796146465759364e+01 4.538924501200992978e+01 6.352796146465759364e+01 6.286543314716111297e+01 4.286665843611679350e+01 5.217563840578659295e+01 5.423032546665773879e+01 4.595084691552369804e+01 2.884629553276614189e+01 4.299630157213263715e+01 5.522073662102044977e+01 5.846591517770829682e+01 4.789940914048217024e+01 5.944937308650168006e+01 7.941818673260360129e+01 9.647011210276646409e+01 9.639712869860710498e+01 8.227190097663307711e+01 8.445614087935749126e+01 1.044279070331930370e+02 1.099705429944275750e+02 1.045211697448093986e+02 9.422485224285092897e+01 7.573856312946344360e+01 9.422485224285092897e+01 1.032227055914790981e+02 9.156229252923016304e+01
3.542675937824442140e-03 8.947814585937059917e+00 2.049481996972977882e+01 4.049481996973363351e+01 5.730075237495572793e+01 4.044724768454249642e+01 5.730075237495572793e+01 4.826401611884151066e+01 2.740969763983457597e+01 4.826401611884151066e+01 5.530448452279393479e+01 3.542851288526863129e+01 5.530448452279393479e+01 5.133930230226550862e+01 5.217563841516016510e+01 3.216994243507563311e+01 4.322877024460461826e+01 2.594690786529334758e+01 4.595084691552369804e+01 5.713200233493313362e+01 7.126770309773378642e+01 7.615517393509080080e+01 5.944937308650231955e+01 7.615517393509080080e+01 8.768043640051173782e+01 9.518105147690722845e+01 8.812102825349830937e+01 6.814390387475077659e+01 8.472881068318436348e+01 9.300499836749862936e+01 8.999537756938590860e+01 1.099705429944275750e+02 1.043353394825070950e+02 9.593258229660371228e+01 1.043353394825070950e+02 1.029929407975688918e+02 8.275395844394262213e+01
3.411803931810562015e-03 2.000341180393145635e+01 3.723208583480659684e+01 4.877909122106662210e+01 4.890766544570037411e+01 2.854237973283272112e+01 4.317923854942056039e+01 3.524432441172682928e+01 2.055958380709950717e+01 4.131180439277021321e+01 4.867916064361878625e+01 2.874963538534792562e+01 4.018118252023766956e+01 3.133953094434880526e+01 3.891770312843254942e+01 4.065780205446375817e+01 2.322991545197801955e+01 4.322881978988279883e+01 3.537598459856892674e+01 4.693123746208793534e+01 6.107382417781455786e+01 8.105078428736707963e+01 7.941818708686415107e+01 8.768047166952764826e+01 8.933148834711117559e+01 7.520452335771312846e+01 8.105804819508853143e+01 6.106933112400394492e+01 6.474531101712925363e+01 7.368815504759790258e+01 9.366088872141537536e+01 1.042127697777345645e+02 1.028277243284530016e+02 1.111061152114016011e+02 1.149080325676714125e+02 1.113945795157189309e+02 9.970209492533685136e+01
3.327314952832964925e-03 1.414546293868390769e+01 3.414546293870161264e+01 5.137460466218175270e+01 4.106444385437598044e+01 2.101705739091024583e+01 3.161401524547102326e+01 1.816036516505127807e+01 1.458102644407566650e+01 3.539850495613500669e+01 4.843917792359125229e+01 3.920295279435058688e+01 2.017110975282256646e+01 1.720950539520858413e+01 1.892777977244610454e+01 2.066460195023072899e+01 3.065592782318489284e+01 5.065967628574267678e+01 5.538157059559594586e+01 4.952645047894988295e+01 6.951708099052646617e+01 8.625998742407877273e+01 8.625998742407877273e+01 9.455499364911221960e+01 8.105522889943807741e+01 6.106603604099338867e+01 6.841311443738698017e+01 5.473898638495258950e+01 7.473706085015682277e+01 9.008893515481905467e+01 7.596510053190350220e+01 8.652341802642921209e+01 8.285910880345186058e+01 9.860050797984968085e+01 9.493547546364455059e+01 1.149080325676714125e+02 1.033192656867219341e+02
6.779948344387334673e-03 2.000677994833678142e+01 3.243665397678539364e+01 3.243656987940368452e+01 4.447266198054584407e+01 3.122965510031782443e+01 1.227484640857730191e+01 8.117834116959041779e+00 9.098412466272849386e+00 2.732955463333970059e+01 3.149172030928521338e+01 2.350284604998545746e+01 1.480461555011520325e+01 3.479150645323309732e+01 3.891770312834377421e+01 3.220349038966197242e+01 4.065767396916945131e+01 5.065967628574267678e+01 7.065182381707107595e+01 6.951708099052646617e+01 7.779000102152289742e+01 6.646692891024062533e+01 6.646692891024062533e+01 8.625998742407877273e+01 8.328299560255011613e+01 6.840061400424639260e+01 4.841095474666076370e+01 6.822540923753219033e+01 7.193958919596931878e+01 7.578811934124395577e+01 6.182728500097729807e+01 6.654511863906063240e+01 7.231919278849268551e+01 7.863823218793746150e+01 9.016148663604265323e+01 1.101284255185691876e+02 1.033192656867220194e+02
9.516927588586143695e-04 2.000080289768163766e+01 1.337764911698833536e+01 3.205425919907729337e+01 3.287954548110941033e+01 1.813046093100124878e+01 6.737704277456741941e+00 2.663316884069066148e+01 2.908096285378438850e+01 1.051260742257178116e+01 1.151761470881472604e+01 1.252641327783670810e+01 3.159587831144008518e+01 4.226100665029070313e+01 5.420731623981949099e+01 5.220560757259998752e+01 6.047644282596140641e+01 6.892837590913497081e+01 6.490725549792762195e+01 5.669319051968401624e+01 6.240463238741656937e+01 5.254508324631138549e+01 7.226418152852173193e+01 6.975576437250850859e+01 6.926065805146781429e+01 5.512507877178652649e+01 4.463356587961279587e+01 4.822337148326626277e+01 5.193811799691020070e+01 5.579057010325475119e+01 7.578811934124395577e+01 8.652341802642921209e+01 9.228788210156132266e+01 9.860050797984968085e+01 1.068773952798510152e+02 1.184096663614745353e+02 1.117215859715916366e+02
1.945935296826602993e-03 9.148168644721029752e-01 1.609680581779584685e+01 2.278043155466794900e+01 2.405154658220416053e+01 5.381577432802693295e+00 2.537250814183965986e+01 3.357504338022928181e+01 3.815586964407182791e+01 2.468240193178449360e+01 3.150659932119157247e+01 3.252584400054341529e+01 1.437479656031712238e+01 2.591842064790980160e+01 4.592596533752973897e+01 5.461162849865664271e+01 5.609037606818186106e+01 5.766238307390392492e+01 4.944674613186994350e+01 3.684798525512169221e+01 4.261961738863885785e+01 6.240463238741656937e+01 6.389742208596913997e+01 4.976162809596312542e+01 5.747420084009392838e+01 4.098633130298745186e+01 6.098160362834794057e+01 6.645820387536784324e+01 6.970314155014123969e+01 7.578811934039430298e+01 8.406353053029722844e+01 1.006050982611259172e+02 9.850759187154652352e+01 1.067855789518900593e+02 1.090002023229271941e+02 1.172816432393938442e+02 1.249988245198714623e+02
5.600688922766023682e-03 2.000559993040318574e+01 2.215329041935797605e+00 3.136880396955612937e+00 4.061380723483263289e+00 2.405292878557620639e+01 1.186830735282899596e+01 2.612772446860114783e+01 4.683164217642926985e+01 4.519837836872036263e+01 4.313814357579013148e+01 2.324819310291538699e+01 1.569553199572681379e+01 3.569632221868728550e+01 3.900199569303214275e+01 3.460596054355958273e+01 3.608625107750739147e+01 4.344203233092403593e+01 2.952640204953554459e+01 4.944674613186994350e+01 6.240463238741655516e+01 6.131611934503607841e+01 5.303595303595597699e+01 3.561928850225881149e+01 3.747988346757016132e+01 4.039614017398776014e+01 4.337367531727592507e+01 4.645642253898976293e+01 4.970000230263177343e+01 6.970314154568551146e+01 7.235357458252987328e+01 8.220144386134202819e+01 7.853672072389639425e+01 9.269590083116243306e+01 8.903159268926607695e+01 1.080309331511318902e+02 1.050141064927260999e+02
8.215197286175309616e-03 2.000241164944531036e+01 2.446514824317893400e+01 2.313537658689620358e+01 1.296406769825650152e+01 3.178449719739743173e+01 1.741079693513701443e+01 2.819850585077556815e+01 4.823504673158466005e+01 5.709847513448939793e+01 3.735567737498536189e+01 4.313805895760862796e+01 3.569569278960717185e+01 1.760388693632981827e+01 1.899423032845357184e+01 2.045256865379085909e+01 2.192643837116566985e+01 2.341743515102993101e+01 2.492313464543869372e+01 4.495550730371662240e+01 4.889853071312804644e+01 5.057308587399339217e+01 3.302732258182741276e+01 5.303598153707058316e+01 5.161806177470167967e+01 6.039070728008229594e+01 5.751608636957154630e+01 6.060315689432012221e+01 6.970314154900684400e+01 5.455432973557284981e+01 5.821001393869725860e+01 6.221475953061054298e+01 6.738279488310652710e+01 7.272844782249400453e+01 7.979205371249049961e+01 8.871711649947728517e+01 1.086813705799025485e+02
2.613274238814250559e-03 2.000261327423845970e+01 3.645296807336505651e+01 4.044345467657465321e+01 2.672339869020149550e+01 4.045074952324794992e+01 2.317848933017457114e+01 4.320882985006638677e+01 5.653816714309516556e+01 6.527522699383969496e+01 5.709863522369674627e+01 4.614144502531607372e+01 2.612868447704140706e+01 3.760798862410504029e+01 2.383872955822630502e+01 4.046544486634789450e+01 4.194532363557114252e+01 4.344203233092439120e+01 4.253435713711080979e+01 2.720672583928697463e+01 2.886888905325556109e+01 3.055112098231971629e+01 5.057308587399339217e+01 4.303759359433396270e+01 6.303436770449533810e+01 7.988868081809661703e+01 7.750895498222224944e+01 8.059353770534517025e+01 8.282978371792614780e+01 6.870172292722588736e+01 7.235357458253001539e+01 7.635226496808978425e+01 7.853672072389639425e+01 9.269590083116243306e+01 9.975324914599326576e+01 1.053523327660028883e+02 9.704129055686652805e+01
7.532853315450405325e-03 8.172498662592429852e+00 2.231463423797578116e+01 4.231464573634740844e+01 4.598247595563569234e+01 5.151299117441594433e+01 3.733464934940089108e+01 3.387406842676747232e+01 4.805265910314403044e+01 6.811399662623981044e+01 5.768813003289808705e+01 3.768868508321445177e+01 3.768868508321445177e+01 5.213840509169724413e+01 4.385714386443211055e+01 3.141064675503313453e+01 5.141993759290880917e+01 5.979798411652635792e+01 3.988951121542855560e+01 4.138208661636527097e+01 4.889853071312805355e+01 3.764333459966615436e+01 5.759845829487124291e+01 5.717929474258936295e+01 5.717929474258936295e+01 7.131729084818796593e+01 9.129892208633211226e+01 9.553505360124728440e+01 9.124276481410419137e+01 8.868162839897483707e+01 9.232854170004603134e+01 9.632261087417788303e+01 9.850759187154652352e+01 1.067855789518900593e+02 1.048230840822019445e+02 9.368666097519502500e+01 7.677741078833427935e+01
6.101047412966256744e-03 2.000610104741260997e+01 2.817248028464072007e+01 4.817227083326548609e+01 4.748648771562439208e+01 5.577076588015711422e+01 5.739035608260063270e+01 5.392847162878548062e+01 5.024759114998050080e+01 7.030906853506300536e+01 6.596607055057498314e+01 4.924054723962761670e+01 5.183432299112308783e+01 6.210598045661098610e+01 4.211432305325562453e+01 5.142002400796833683e+01 4.556521603756737449e+01 6.555476664209578530e+01 5.143724852553811644e+01 6.138520987813595298e+01 6.581108868130498024e+01 4.764490102476027289e+01 6.581108868130498024e+01 7.716977513892733498e+01 7.716977513867146854e+01 7.657243041431161146e+01 8.459311307593551987e+01 7.396149337879755592e+01 6.964493588893684262e+01 8.248193071887587280e+01 9.014442489953218285e+01 9.895966671640843515e+01 1.113315463474352356e+02 1.049639427693026192e+02 9.328349646079018953e+01 7.619506654271233970e+01 6.488891643670245912e+01
6.842009524227352091e-03 2.000684200952387215e+01 2.863030671374920999e+01 3.334435194971091931e+01 2.748648751454789263e+01 4.748648771562439208e+01 5.660314464420149250e+01 6.815019864978022213e+01 7.030883950706299856e+01 7.270597717685841133e+01 7.750497515182802033e+01 6.922774272954281116e+01 7.182047038392737193e+01 7.038243236270523084e+01 5.366010832354717763e+01 7.038243236270523084e+01 6.555477990708610037e+01 7.383356170855412870e+01 7.140179725941924005e+01 7.967905179103560442e+01 7.574650831873277923e+01 6.755201556852480849e+01 7.574650748270006773e+01 8.055305334645430548e+01 7.387169643709890465e+01 5.833111385855210784e+01 7.365855361009532487e+01 5.876682607252054424e+01 5.451023780072618763e+01 6.088693169803354976e+01 6.847161851575400249e+01 8.102675409223641623e+01 1.025993948456419531e+02 9.664138756184496515e+01 7.635795113919435551e+01 6.446134778115198571e+01 5.556832022415959926e+01
1.934550753332892102e-03 4.265948877865560540e+00 8.630306682585446865e+00 1.334435189049580472e+01 1.937457878205118433e+01 2.831885069205049987e+01 3.986585607596168757e+01 5.986585761684059293e+01 6.474855423101325869e+01 5.235713781479317674e+01 6.670091384073749907e+01 8.280266585846543137e+01 7.930835883537852737e+01 8.191912944492743520e+01 7.364325634758769468e+01 7.394559767095026359e+01 8.191716051144994992e+01 9.114278879177723525e+01 8.248840265083249790e+01 9.114278879177723525e+01 8.154445285827500811e+01 7.296357148020693728e+01 7.509899593215868663e+01 6.014664017897960235e+01 6.015380941912866319e+01 4.824476144425882040e+01 6.573909625611511842e+01 4.657759950366933310e+01 6.785946589258227846e+01 8.248193071887587280e+01 9.014442489953218285e+01 9.895966671640843515e+01 9.947634822075586669e+01 8.775995894134908326e+01 7.938601120601046546e+01 7.198468801896585489e+01 5.129391322522810270e+01
4.364784840791047053e-03 2.000436478484043690e+01 2.863030671374920999e+01 3.334435194971091931e+01 3.937457890987632680e+01 3.351671440655694312e+01 5.351671484033373360e+01 6.474929578626490922e+01 4.434372894162905965e+01 3.786010979478545124e+01 4.992199235203294450e+01 6.900641386422083201e+01 6.064312012349184045e+01 7.396206592451324013e+01 7.088829028981287195e+01 5.490205602199016255e+01 7.088829028981287195e+01 8.034905873395551623e+01 6.061350991904576802e+01 8.034905873395551623e+01 6.970369116429540668e+01 5.254062786814765929e+01 6.662081021651923152e+01 4.634171694166078481e+01 3.996971316342892777e+01 4.054035662496545456e+01 5.602677769856308743e+01 4.204557310984741036e+01 6.305090046503830337e+01 7.680802562835792457e+01 8.567682763756744180e+01 9.809270202882996159e+01 9.114646460737387201e+01 7.077717285872516584e+01 5.883149365515114226e+01 6.751899011946989049e+01 4.761600494092473213e+01
5.219006137575642711e-03 2.000521900613722082e+01 3.463681238067335499e+01 4.292108342758038475e+01 5.446808829809629771e+01 5.351671484033373360e+01 6.180100025422353838e+01 6.210280732441184171e+01 4.184298905077556441e+01 2.751745274431799615e+01 4.808853193063983156e+01 6.611004196976244884e+01 4.784220032791149180e+01 6.611004196976244884e+01 6.295080377360002188e+01 4.372731911669325910e+01 6.295080377360002188e+01 7.155095628493916138e+01 4.945445377998653669e+01 7.155095628493916138e+01 6.117237948897218303e+01 4.094492725305494929e+01 4.949405449575496618e+01 4.637494985179117890e+01 2.999874485322098394e+01 3.284246609941721573e+01 3.599056078835371864e+01 4.140895385724738986e+01 4.816129867610762005e+01 5.542560290842391169e+01 6.767978429606637292e+01 8.927742770433738428e+01 8.657646754763437968e+01 6.613073014805196692e+01 5.417630232636615517e+01 4.684224126049519299e+01 4.404041181882406875e+01
