LEM/sinusoidal_perturbations/elevation_000552.asc
nrows	100
cellsize	150.0
xllcorner	0
ncols	100
yllcorner	0
NODATA_value	-9999
[rows 51 to 67 of 100, columns 0 to 36 of 100]
6.455108993161302530e-03 1.414859073272423728e+01 3.414859073280754131e+01 4.166806686318231812e+01 2.630983019658624755e+01 1.341707911546342658e+01 3.327774233822851357e+01 4.574069566842123891e+01 5.899230729049999411e+01 6.745214882009182134e+01 6.433103387258402961e+01 5.675901091913038243e+01 5.927441237277832897e+01 3.925429016033904617e+01 4.462846929148442854e+01 5.360375632645124711e+01 6.772361959731611591e+01 8.764514921882812359e+01 9.113536393989696194e+01 7.446005184612110384e+01 9.113536393989696194e+01 9.605230952273424805e+01 8.424436243145521530e+01 7.047158701427251515e+01 4.964145085282729042e+01 6.441496804688080147e+01 8.509355866747569053e+01 9.313116129634020979e+01 7.295580698499996686e+01 5.870738791090914077e+01 4.887888300013437970e+01 6.242053928607491997e+01 4.853763142239250072e+01 6.829801883002593854e+01 6.415068430950337586e+01 4.425398120970983484e+01 6.203763116629409069e+01
3.995603441288198172e-03 1.414613122717211269e+01 3.414613122717140214e+01 5.123433838694561615e+01 4.122460026623321028e+01 2.745497476861181951e+01 1.763075253605215309e+01 3.746337107834137470e+01 3.837469184426944935e+01 5.485384656250069924e+01 6.318202147061150242e+01 7.322926009839324024e+01 6.754820436422470209e+01 5.929604201972863819e+01 4.825558895654003067e+01 6.821042988937198004e+01 8.181012666197315752e+01 8.030047449581262242e+01 7.201215715323743893e+01 6.246986873964691966e+01 8.296989672351435274e+01 8.774826097925866009e+01 6.712886423931971080e+01 5.502901693594984067e+01 4.581082316820203459e+01 6.150870145802187494e+01 6.999950743320545143e+01 7.923552049781316953e+01 8.725044551249234814e+01 7.343986027452649523e+01 4.371318575054043265e+01 4.355618852919294426e+01 4.287553679344388513e+01 6.234002383999958852e+01 5.573021402555195181e+01 3.952967246290597103e+01 4.221519210688794033e+01
4.804567899273937473e-03 2.000480456789891903e+01 3.672117668829596226e+01 4.500544793575756586e+01 5.562302804451648797e+01 4.574069567180993090e+01 3.746337107834422397e+01 2.207192327553326905e+01 2.830386788260714681e+01 3.487013993409511414e+01 4.481137788049306181e+01 6.489631524457810485e+01 8.216323719215243671e+01 6.238202803057095025e+01 5.980518598360705340e+01 7.642680088467137978e+01 8.642697440492456451e+01 6.604025775416629074e+01 5.135721148938297631e+01 7.201080512012794088e+01 7.328159864368770116e+01 8.132612753647850923e+01 7.745898051107097615e+01 6.557271944621220428e+01 5.708058057087738035e+01 4.097645913791279071e+01 5.002974945020489628e+01 6.474891318578168864e+01 8.539294015021542350e+01 8.195054211446731074e+01 6.683251134682082295e+01 4.258345202324426282e+01 3.776510250063760310e+01 5.272450082016438699e+01 3.630183593832163780e+01 5.573022550842762968e+01 5.615742572880607497e+01
9.707512844716031236e-03 2.000970751284436133e+01 1.672117668829667281e+01 3.086331231202737158e+01 5.086331231202665748e+01 5.464449876892727076e+01 3.677711997716541958e+01 2.596331294735719553e+01 4.598236948725877937e+01 5.485384656253551583e+01 6.318202148677428909e+01 7.322926009839324024e+01 9.025759609633757918e+01 8.202904927752723552e+01 7.969221333822996201e+01 8.789427319044555986e+01 8.076572086843674469e+01 6.028080276141385241e+01 4.571552910842297024e+01 5.900950804686073070e+01 5.298135418929244622e+01 7.328159679384782521e+01 6.901407386526690857e+01 4.834469631247868904e+01 3.675999324989739137e+01 5.708060317118264493e+01 6.999805545935427631e+01 7.923508151480837114e+01 8.920355107143595319e+01 7.905993806410761238e+01 7.005400155490335123e+01 6.330832268812982022e+01 5.271949602781734256e+01 3.372801357728938854e+01 3.406485960889299491e+01 5.931326640366890501e+01 7.623370788807523013e+01
5.001202446392439237e-04 6.030727011799886128e+00 2.603072701179953086e+01 3.672117668829596937e+01 5.672117668829525883e+01 6.283899781749872204e+01 5.296125689975524864e+01 4.598236948725877937e+01 3.243842042355198174e+01 5.249365389181649988e+01 6.589634750096948324e+01 7.262203770855836638e+01 8.107149328511411568e+01 9.128195432451974511e+01 9.159075040763330833e+01 8.141183341546276608e+01 7.312461283507137466e+01 6.623909916973360623e+01 5.900950804686073070e+01 3.866978345187500565e+01 5.302157340993904455e+01 7.375595569102705440e+01 6.876955393966939312e+01 4.817475905413484583e+01 3.402764815731709547e+01 4.817475903547229876e+01 6.876953588956141061e+01 8.083825287024869510e+01 7.491778867525921726e+01 5.872089192417974601e+01 5.326479797165621477e+01 5.468549205354018028e+01 4.795818370890803095e+01 3.095027088528177828e+01 4.726355842396861817e+01 6.362010112886812863e+01 6.532330351929253709e+01
5.279685921607564676e-03 2.000527968592125205e+01 2.603072701179953086e+01 4.603072701179881676e+01 4.968772915090087849e+01 5.799728622223462082e+01 6.919151658052440723e+01 6.081448252282223876e+01 4.661543655188928170e+01 4.001170348744756922e+01 4.580435841053594714e+01 5.249519831128611003e+01 6.252548016302329614e+01 8.280951838764669048e+01 8.337847644253002954e+01 6.287915882862284889e+01 5.247211824317921014e+01 4.566724887079502082e+01 3.965840317823078465e+01 3.477740151050173978e+01 5.054125412138159135e+01 5.883072223384457544e+01 6.709060310976175856e+01 4.567018515968232606e+01 3.142857393721227766e+01 5.148587379188137447e+01 5.184217592252816331e+01 7.242660045018675419e+01 6.602608765173036431e+01 4.442560047312107230e+01 4.727709478247821551e+01 3.733038191850061338e+01 2.852135569065327303e+01 4.794506820413948844e+01 5.876800759365384863e+01 6.196640756911479286e+01 4.502481626098649770e+01
5.738623160518319517e-06 1.852400519456726258e+01 3.355828001180987741e+01 3.549546800014034176e+01 2.965879161033738143e+01 4.968772914377891681e+01 4.919832773399061665e+01 6.333862446549132130e+01 6.668492583924370365e+01 6.008970535462896834e+01 6.589634750096948324e+01 7.262203770855836638e+01 8.107149328511411568e+01 9.139155963734853572e+01 9.151761910172876924e+01 8.141177373381549387e+01 7.312461283507137466e+01 5.627842636664771447e+01 6.003648895537778429e+01 5.050467094988717065e+01 3.055503288818082552e+01 5.001139523055832825e+01 5.359435643240279035e+01 4.547214229641853223e+01 2.891250529687742343e+01 3.537889760647734505e+01 4.691736783336995842e+01 6.750682571668502874e+01 6.245405080182153057e+01 4.285552391590304211e+01 3.225832734249230072e+01 3.262744898197179566e+01 2.681575362563576803e+01 5.220135405943850770e+01 5.397638255024157417e+01 5.342870246539822432e+01 3.406929943125219040e+01
4.532054705376768917e-03 2.000453205470502027e+01 1.674354976111020576e+01 1.559292776511489365e+01 3.552513158605157173e+01 4.240926281864449265e+01 3.506080044791467998e+01 5.505419716061057755e+01 6.019865580961475615e+01 6.848791671263347780e+01 6.912654190748621374e+01 7.742455704951805728e+01 8.879663728133651546e+01 8.038231036578929434e+01 7.772625168206006663e+01 8.611247010342543717e+01 8.504762273434454301e+01 7.677175672459792111e+01 6.220153496236449087e+01 4.169094946471017948e+01 2.772331559622413977e+01 4.367547480866812748e+01 4.539821234549612683e+01 2.559630004585301322e+01 4.547214229320821488e+01 5.561948820151674511e+01 6.409736003905467783e+01 7.594971479119965352e+01 7.088810592417080159e+01 5.939598116218536461e+01 4.385379480121206086e+01 2.436875124488660660e+01 4.385379523489275044e+01 4.771988166606720938e+01 3.431160054516280411e+01 4.102669242294628305e+01 2.773627966233329545e+01
9.001595176218036079e-03 2.470831625170569090e+00 4.951579996102970505e+00 2.498490331592129721e+01 3.171170338356823493e+01 2.239596166010443667e+01 3.928896732487849874e+01 4.387750385221595195e+01 4.020940873879577993e+01 5.498782285312741180e+01 4.913137367955038570e+01 6.912654190748621374e+01 8.038231036578929434e+01 6.017706708953497952e+01 5.756329521871900567e+01 7.448392562186286625e+01 8.556662610687047277e+01 7.718859822310599839e+01 6.795442955617224357e+01 4.763303058042708216e+01 4.370368102688908607e+01 2.387541942718221222e+01 3.995506539368179233e+01 2.329468583602790233e+01 3.723900008092933689e+01 5.764521641193303481e+01 6.869904868851838842e+01 6.588165566397536566e+01 5.734134923179011167e+01 5.845953488753639249e+01 3.737320854079635524e+01 2.252137004540569976e+01 4.023368674572100900e+01 3.765583994789453470e+01 2.045766362370470048e+01 2.110520122830463663e+01 2.174066879708073330e+01
5.674351268809080251e-03 2.000567435126845339e+01 2.498490332013413706e+01 8.838959121578961131e+00 1.167153891758218975e+01 1.488387275557624356e+01 1.926857370378808909e+01 2.387685028717885416e+01 2.923310245683000019e+01 3.500490148100646337e+01 4.653787096046409033e+01 6.653077112749430455e+01 7.776767011649742756e+01 5.756344674992139687e+01 4.606147388517975827e+01 5.823711875485732747e+01 6.660317969314559150e+01 5.703875462487226855e+01 5.782060406048898216e+01 4.935181643875283442e+01 4.575495311389173736e+01 3.749059771494413695e+01 2.006248254325286595e+01 3.999437992124514096e+01 4.697687228601662923e+01 5.420839570384069361e+01 4.649710535129879219e+01 5.412170182960942810e+01 3.720196514396346288e+01 5.310736959265072699e+01 4.439125829206982843e+01 3.687529715185309698e+01 1.892585221588626254e+01 1.950308784907792869e+01 3.921613884894786395e+01 3.223679674720127508e+01 4.125413612539875174e+01
9.518805923843161668e-03 1.155652418971625828e+01 3.155652418971590123e+01 2.301540109190566596e+01 2.585136764851542424e+01 3.492009769710128353e+01 2.198429249084528081e+01 4.199498127479961340e+01 4.921910290951066713e+01 5.498769436377298803e+01 5.499258390923437645e+01 7.482851560360845156e+01 8.618314599455321456e+01 7.447843220308996592e+01 5.823711875485732747e+01 3.836608795530190719e+01 5.142134159596360377e+01 4.556528520535176341e+01 4.935171384986099952e+01 2.926263410909637486e+01 3.514158432913898622e+01 1.758449065964625646e+01 3.752540298142036335e+01 3.865807850200538809e+01 2.581724174709742314e+01 3.786206062852762955e+01 3.418837666531491948e+01 4.356055271409574914e+01 2.566304727233763927e+01 4.530688713552061131e+01 4.501674118468048391e+01 3.471320666270386113e+01 1.866617971043032043e+01 3.834634785648101030e+01 4.740165023127616450e+01 4.527084720284015162e+01 4.899978837646911956e+01
9.062254805971973678e-03 2.000906225480561673e+01 3.984079543717714955e+01 4.303011565483154754e+01 4.585980531438383423e+01 5.027849684268979757e+01 3.354622280561301295e+01 3.094466458234838413e+01 3.988600682913476447e+01 5.142288065134350461e+01 7.142032303150294581e+01 8.337338118025860467e+01 7.254378205119608936e+01 6.375761306683087071e+01 6.399008799269176961e+01 5.135255957709526342e+01 3.170169526384939829e+01 5.140696158354231216e+01 5.083001399648593832e+01 3.495114475951204014e+01 1.508456178523767299e+01 3.308555863452635037e+01 3.341792633572832472e+01 1.377107013932973345e+01 1.411958005701475471e+01 2.224623014050468228e+01 3.182990816421418145e+01 2.848707969319112010e+01 1.640197820282060448e+01 3.777668299333126356e+01 3.663184824865711420e+01 1.782858568223869256e+01 3.756399244319631947e+01 3.260639048331712075e+01 5.226216864224832648e+01 6.375559755939654849e+01 5.372742822616498160e+01
3.063233560239582431e-03 2.000306323355988525e+01 3.374340107416190193e+01 3.374340107416190904e+01 5.374340107416261247e+01 6.182206536908521599e+01 5.353619997414737242e+01 4.248645630430210218e+01 5.922180277926018732e+01 6.816874932053161729e+01 7.973702702537455878e+01 7.228429083929236754e+01 6.246346203410918463e+01 4.349273862603746466e+01 4.716540995010978321e+01 3.631400707603948774e+01 2.780815975145978314e+01 4.741113450996044065e+01 4.359420158405629309e+01 2.549860955696371789e+01 1.346202268776175615e+01 1.292493690212771718e+01 1.327796691551267472e+01 2.441096432985672138e+01 3.085513118617691930e+01 1.461501733662880653e+01 1.496699902769453949e+01 1.532000614730539922e+01 1.567439400152719386e+01 3.540698593224960433e+01 1.699898737312684460e+01 3.548684854135788669e+01 4.544456220656088163e+01 5.226278987729860148e+01 6.053091197460461359e+01 6.992764967942871124e+01 5.008651318183854784e+01
5.666595628964066558e-03 6.672333262295659040e+00 1.374340107416119672e+01 2.788553669789239819e+01 4.788553669789310163e+01 5.832348203791013219e+01 6.660775328537333451e+01 6.247596945018608494e+01 7.076748398071822521e+01 7.924590799462225732e+01 8.198865402135551506e+01 5.889129656316974604e+01 4.287058243319123818e+01 3.389740390458640462e+01 2.737918541590055099e+01 2.244096587479861782e+01 3.800211171965402457e+01 3.529644445359387106e+01 3.266007344949307623e+01 3.049050384039450989e+01 1.241032972072004448e+01 3.074927011031953938e+01 1.577462956030299956e+01 3.522280148404467326e+01 2.282752508023498805e+01 3.669244563877565923e+01 2.916924500849549418e+01 3.509874451328808220e+01 3.546851511304024029e+01 1.617696056340794186e+01 3.060134897704271495e+01 4.148818909164318569e+01 5.157412211117247836e+01 6.502837621791744027e+01 6.635020185833913331e+01 7.457147647903451571e+01 6.992764967951030997e+01
2.110006612196471242e-03 2.000211000661184002e+01 3.374340107416190193e+01 4.202767232162410238e+01 4.567437139723617179e+01 3.832348203790942875e+01 5.246561766164087715e+01 7.246561766164229823e+01 7.379052286233164182e+01 6.020773030802813963e+01 6.993279609809057717e+01 7.228475276831370877e+01 6.246390479150044683e+01 5.399986717724279117e+01 4.125946799641874918e+01 3.800271227313981370e+01 1.822875984974130148e+01 1.557820603952368543e+01 1.354426088430643205e+01 1.187203442176556578e+01 3.181426303984497039e+01 2.818330578769500150e+01 4.065368036811504737e+01 4.278203321314486374e+01 2.888488553248090085e+01 4.883936266564151651e+01 4.914293784398636689e+01 5.002377863230751132e+01 3.023611087591838498e+01 3.443755090620121706e+01 1.681796372280101082e+01 2.343213323400754078e+01 4.234036889586582930e+01 4.569666884763101677e+01 4.602741480371452809e+01 6.635020185833914752e+01 7.101599568513464078e+01
9.367352646185668139e-03 1.415150297637726062e+01 3.415150297637796228e+01 3.673009948723684914e+01 2.567437139723546480e+01 3.722137678102838976e+01 5.136351240475983815e+01 7.136351240476125213e+01 6.578388345099708090e+01 4.719887144335983464e+01 6.578388345099708090e+01 6.684690169850084374e+01 6.897183924339573480e+01 6.919441602604275943e+01 5.245030159551910742e+01 3.225242322513970805e+01 3.776701194261743666e+01 2.912972306199585049e+01 3.136087415984903615e+01 1.146633132990902126e+01 3.140865305950326913e+01 4.610711665256925329e+01 5.226111420081894465e+01 4.722182876875948665e+01 4.302680183793182778e+01 4.309481155474252745e+01 6.342709212027147458e+01 5.844490179874907199e+01 5.000875229682102230e+01 4.434571651774955825e+01 3.659102084068216243e+01 1.746394977860582287e+01 3.390719053381206294e+01 3.166250736259237186e+01 4.898315317437137395e+01 5.434625471608620018e+01 5.059981592586630939e+01
3.648181865326004768e-03 2.000364818186497118e+01 2.888545408170899975e+01 1.673009948723614571e+01 3.673009948723684914e+01 4.712934960218385072e+01 5.541362084964605117e+01 6.541362084964740120e+01 5.892330208035460970e+01 4.023758242304613475e+01 5.892330208035460970e+01 4.770391147639421803e+01 4.979101704651690596e+01 6.897183924339573480e+01 6.158478317253320000e+01 5.253308583612267313e+01 5.533689760406671354e+01 4.403378073516027058e+01 3.083747707336004140e+01 1.105882579131798238e+01 3.103890389594710442e+01 4.085550452646239705e+01 5.939319584074576852e+01 6.393647880419214857e+01 6.301691867761963550e+01 6.346580644906127588e+01 7.155371386639241393e+01 6.532886606311403455e+01 4.314853397431229354e+01 2.826857959266715881e+01 1.863451756252036162e+01 1.792446677632400664e+01 2.418115670491340907e+01 2.443534792543301037e+01 2.915928303096594121e+01 3.427938545222739464e+01 4.120641367640823205e+01
