LEM/sinusoidal_perturbations/elevation_000530.asc
nrows	100
cellsize	150.0
xllcorner	0
ncols	100
yllcorner	0
NODATA_value	-9999
[rows 51 to 67 of 100, columns 0 to 36 of 100]
6.455108993161302530e-03 1.415131108314693442e+01 3.416525554612864823e+01 3.563028449067662962e+01 2.788348153237126681e+01 1.219986122915315718e+01 3.227580760854068842e+01 4.323324510112728802e+01 5.018710146280830031e+01 5.856475462581737190e+01 6.970377016602672882e+01 7.133966869902879182e+01 6.117424605920290759e+01 4.388923707772455884e+01 4.629345145742878742e+01 5.315885197557769715e+01 6.423030145981167038e+01 8.360364044970735620e+01 8.561158105428675924e+01 7.731762015701774260e+01 8.561158105428675924e+01 7.902006732442279713e+01 7.077839225016262503e+01 5.733567684566444456e+01 3.721909698744579487e+01 4.882808539395083613e+01 6.895726291622042936e+01 8.111301762211236621e+01 7.154151273550210988e+01 5.861177403620290249e+01 3.919043697674009508e+01 4.067621695907566703e+01 6.001773191771456339e+01 6.013618086491727155e+01 4.645356425908195064e+01 6.013646994134430912e+01 6.461331300492828689e+01
3.995603441288198172e-03 1.414613122717211269e+01 3.414613122717140214e+01 4.865591311031566590e+01 2.859446290416370218e+01 3.227580760854074526e+01 1.690536459619300658e+01 2.288496284751812482e+01 2.960161256546772535e+01 4.156074389658621726e+01 5.874497029362255773e+01 8.214214237111917782e+01 6.985296937181125543e+01 5.046469220667476918e+01 5.994524197200009041e+01 7.241843796878910666e+01 8.052519220484734319e+01 7.668052900713374243e+01 6.847872987974805881e+01 5.797708520922541453e+01 7.584131135092960108e+01 7.077839226298743824e+01 5.067756460490328863e+01 5.322939712727964690e+01 3.303667961331093750e+01 4.733855727592617058e+01 6.745114271126959693e+01 7.194426154484908409e+01 8.025318938251403722e+01 6.659322909961116466e+01 4.827656039165712087e+01 3.414593275079410972e+01 4.986883841208469192e+01 4.922540944110669159e+01 3.217143079536376860e+01 5.211980157233215749e+01 5.719372921223558137e+01
4.804567899273937473e-03 2.000480456789891903e+01 3.645894456958293972e+01 4.645894456958512819e+01 4.865591311031566590e+01 4.535363209553395336e+01 3.703476011665975420e+01 2.298862859083987331e+01 4.309784090434715864e+01 4.646454774857075876e+01 6.676454442142967594e+01 8.358961128604653368e+01 6.416306598947231521e+01 6.416306598947231521e+01 7.795852093229447632e+01 8.742197232305976229e+01 7.665553564956256594e+01 6.564533965283349914e+01 4.964994587410527771e+01 4.886530586311467772e+01 6.764735268312155370e+01 7.077839258022929414e+01 5.067756460495697013e+01 3.642233109453079720e+01 2.928553026738298826e+01 4.351621969013636004e+01 6.365022134947774646e+01 5.210134830778584814e+01 6.876024805691891117e+01 7.551081858856596796e+01 6.189368947773120055e+01 4.986883842936603628e+01 2.996331105897639446e+01 2.924580985981773651e+01 4.922543426745243522e+01 3.529243354476656691e+01 3.755152465746929380e+01
9.707512844716031236e-03 8.174673322122048447e+00 1.817467332212222431e+01 3.231680894585367270e+01 5.231680894585437613e+01 6.178230015210881731e+01 4.171457507423134814e+01 2.749255236908776467e+01 4.759227566655432184e+01 6.378014210936562023e+01 7.511589072680251888e+01 9.175397587511761799e+01 8.358961128604653368e+01 8.358961128604653368e+01 7.946431460872851460e+01 8.172619068289077404e+01 6.845140919834625493e+01 4.963951371044889527e+01 3.907178174475359356e+01 5.091144033282877501e+01 5.888680027818003282e+01 6.407746299282824509e+01 6.003404787727110659e+01 3.990162096210363529e+01 2.602328486932345086e+01 4.579827229183596415e+01 6.048795021483118717e+01 4.097381477727941501e+01 6.048795021483121559e+01 7.272927488763112081e+01 6.194536836923299461e+01 4.712794957028089016e+01 2.725916324074774266e+01 2.732404612834341862e+01 4.720722109495268626e+01 5.508709592253492104e+01 4.908012671188035370e+01
5.001202446392439237e-04 2.000050012024428270e+01 3.332894934284284005e+01 3.965350466317948275e+01 4.793777591060764109e+01 5.688204782059069231e+01 5.590586132709302092e+01 4.171457507423134814e+01 3.538901899124044093e+01 5.546783541813930896e+01 7.381100935604740698e+01 8.384023120373996107e+01 8.512628067082962957e+01 7.369965238520055095e+01 5.969544362073504118e+01 6.774111019143879275e+01 5.375602968133996740e+01 6.053911117069018388e+01 4.336478543788572182e+01 3.183253232043209735e+01 4.502442019071941104e+01 4.502442013072874971e+01 6.080696800835354310e+01 4.274690574260711884e+01 2.347895430418521912e+01 4.274692542389842487e+01 4.485687232718740347e+01 3.375160558830330615e+01 4.481666763611335114e+01 6.444434511317417957e+01 5.407976622813477263e+01 3.454573890319299778e+01 2.481242645348245901e+01 4.440766375030233348e+01 5.526594482594465063e+01 6.490148017309134332e+01 6.783555426876520755e+01
5.279685921607564676e-03 2.000527968592125205e+01 1.332894934284355060e+01 1.965350466318019684e+01 2.859777657317919619e+01 4.273991219690964982e+01 6.273991219690893928e+01 6.178230015210881731e+01 4.959418151179327339e+01 4.543943235042952722e+01 5.547330808962929183e+01 7.551916888206892509e+01 7.689020278736100522e+01 5.713687189058625648e+01 4.577988658175142689e+01 5.495245864648153855e+01 3.981706740739063832e+01 5.786668011508979248e+01 5.776302584851011090e+01 4.502442019071941104e+01 2.521682837164274460e+01 3.956751234835933673e+01 4.695151612791002549e+01 3.389308581495847505e+01 2.105403608284662909e+01 3.940312033285666615e+01 2.553883965194712502e+01 3.773867654226280877e+01 4.595848347731301686e+01 5.755673895308544985e+01 6.194522950211948142e+01 4.285823795990572904e+01 2.352366183082414608e+01 4.071227369162260601e+01 3.713163115500449152e+01 5.673606856985336577e+01 6.192845336111096088e+01
5.738623160518319517e-06 5.163983533566359974e+00 2.516398353356671436e+01 3.965350466317948275e+01 4.793777591060764109e+01 5.688204782059069231e+01 5.642925733730982074e+01 6.471352680674522162e+01 6.964809033952555239e+01 6.549623848584901964e+01 7.381100935604740698e+01 8.384023120373996107e+01 8.031393291993194339e+01 6.053993272739195675e+01 4.662234661884539832e+01 3.521576253771097953e+01 2.991968168224643065e+01 4.342853777681781224e+01 5.161777016028575815e+01 5.066776399505037176e+01 3.921595305089253714e+01 1.945337961200976551e+01 3.783339311718690112e+01 3.340208426924255036e+01 1.858112326061983310e+01 3.189757267910177774e+01 3.561386169967351378e+01 1.700934170019936431e+01 2.968285824823074392e+01 4.912154679487446884e+01 4.788210831588297367e+01 4.006178519188953402e+01 3.867107647003256687e+01 2.171613315579002546e+01 4.068595575044636092e+01 4.781779262492202065e+01 4.197298341732141580e+01
4.532054705376768917e-03 2.000453205470502027e+01 3.344825478102573157e+01 4.384598404460422216e+01 4.838359600512477243e+01 4.009932574532037819e+01 3.642925735102798512e+01 5.245410793598949084e+01 5.952517574325653271e+01 6.780944401805429322e+01 7.780944238607216334e+01 8.926724720539066027e+01 7.907627308099381480e+01 7.080405959679657713e+01 6.314697258537886171e+01 5.495245864648153855e+01 4.342853777681781224e+01 2.369684324554686938e+01 3.784682120947292105e+01 3.674540366195785168e+01 2.771478717855820051e+01 1.939663655444223167e+01 1.450953325632605306e+01 1.484994519757254139e+01 2.285082274804759095e+01 1.581017553561484235e+01 1.614661031022221138e+01 1.648204630665334847e+01 3.428975173734006177e+01 4.367687103520628966e+01 1.860369113691699283e+01 1.835429306704170216e+01 1.981692750915768642e+01 3.757917749707483779e+01 2.664459944281983894e+01 2.806838108343897886e+01 3.979963576665318215e+01
9.001595176218036079e-03 2.000900159517586374e+01 2.637051508753930662e+01 2.384598404460351517e+01 3.323938231991829184e+01 2.009932573250531718e+01 2.612955262406048362e+01 3.245410794439702329e+01 3.952517575626225010e+01 4.952517575626189483e+01 6.952517573025079400e+01 8.116529962864404979e+01 6.044281956494906893e+01 4.960522091371041853e+01 5.947280368991231114e+01 6.793726249129029782e+01 5.161776907962712357e+01 3.784682120900591684e+01 1.812201375587995855e+01 1.492616566030683245e+01 1.368719145933360082e+01 1.402851058110515758e+01 1.845638563259767650e+01 2.786878593368088985e+01 1.533164578826007407e+01 1.980752539299575687e+01 3.528102075157952555e+01 3.537290211527744788e+01 1.695315513155778575e+01 3.650749091638142829e+01 1.788508530909903271e+01 2.766298297200131273e+01 1.883782018858124374e+01 1.918215796150605357e+01 1.952818915602878747e+01 2.014448230865940204e+01 3.980836886444639333e+01
5.674351268809080251e-03 3.167952011437194848e+00 6.370515087538951349e+00 9.703848420872313696e+00 1.323938232680508165e+01 1.990604899347163226e+01 2.807101480274874916e+01 3.807101480274839389e+01 5.221315042646880755e+01 6.780944401783916931e+01 7.780944238429464122e+01 8.926724720490690856e+01 7.168791295329225477e+01 5.053072308911626465e+01 3.820967368874202208e+01 5.143609596456742850e+01 4.962285849457953191e+01 2.983065112695254584e+01 1.504717370158145506e+01 1.320365049172208316e+01 3.287966520386283520e+01 3.306688541649256052e+01 3.464816752452507842e+01 2.447347817028522954e+01 3.754228913261141543e+01 4.181541251561626638e+01 4.328246418141116436e+01 2.313892979041652964e+01 1.755784110996149039e+01 1.741727422717051610e+01 3.322866842060685144e+01 4.015164139003736921e+01 4.175667453785697347e+01 3.904931479190410926e+01 3.903612471424042951e+01 2.001287750005752741e+01 2.585422952050626222e+01
9.518805923843161668e-03 2.000951880592348786e+01 2.637051508753930662e+01 2.970384842087267074e+01 3.323938232680578864e+01 2.956931394534723623e+01 3.990604898821531066e+01 5.635528339002186726e+01 6.635528193658792873e+01 8.049741344947285882e+01 9.073276588201733261e+01 8.469794307178885617e+01 7.994599833933828847e+01 6.793726250061202165e+01 5.143609596456890642e+01 3.078018348244687630e+01 4.473440677952942224e+01 4.252764592828069112e+01 3.207775525908175496e+01 1.286267619532354622e+01 2.558246931204408270e+01 4.003102196531623491e+01 4.830766447813144282e+01 3.533953281586178008e+01 4.224376469219090779e+01 5.331940434562023512e+01 3.263483109708467822e+01 4.332575608079621077e+01 3.779089376009413570e+01 3.694801930477295571e+01 2.445515303814593366e+01 4.254335772594542675e+01 4.735818186050054379e+01 2.445066838536724418e+01 2.050268302215403082e+01 3.790811165536783989e+01 3.707916708324767541e+01
9.062254805971973678e-03 7.568351714990549262e+00 1.651262362498986391e+01 3.065475924872106717e+01 5.065475924872177416e+01 4.956931393856823576e+01 5.785358397717570256e+01 6.819031379191727638e+01 8.234836866312181769e+01 8.008156292401464782e+01 6.979574643615555374e+01 6.362305448052870815e+01 7.838592363408587005e+01 7.238120314975583369e+01 5.143609596454789568e+01 4.473444831908615527e+01 2.486100030994978027e+01 3.674490572793530418e+01 2.485783571001390513e+01 1.252172246802550326e+01 3.282004527883013623e+01 4.829390595372306194e+01 5.817109355749416721e+01 5.726394886838120613e+01 6.326727754264009462e+01 6.174204637063628809e+01 4.206454345136021544e+01 6.173764141372001291e+01 5.071397201018918111e+01 3.254518542312634821e+01 4.282024082999126335e+01 5.030131554145284412e+01 4.108610640754271515e+01 2.111039757018471974e+01 3.868988927780205955e+01 2.132431445717954688e+01 3.778354108203759409e+01
3.063233560239582431e-03 2.000306323355988525e+01 3.585262296246579439e+01 3.651262362499057446e+01 5.651262362499127789e+01 6.614291132155770470e+01 7.442360086470561953e+01 8.234836866312181769e+01 6.143482776807532275e+01 5.913843341260257347e+01 6.979574643615009677e+01 4.861670735904913698e+01 6.979574643614689933e+01 7.251753932721054241e+01 6.527631592722778464e+01 5.329060404297104725e+01 3.887417848316108149e+01 1.949484648743946735e+01 1.587559020491474016e+01 1.218140005958527894e+01 2.441783590961574291e+01 3.609486184245280782e+01 4.528175993774659247e+01 4.749020495506153594e+01 7.473824957522073476e+01 7.169404871862816719e+01 5.502225005213971798e+01 6.209038275033061183e+01 4.321034230254033304e+01 4.537647792674829361e+01 5.848909100279865214e+01 5.491497279940011111e+01 3.526651771134604019e+01 2.153411542816439450e+01 4.100159345392486188e+01 3.142401298022699763e+01 2.212564573564885251e+01
5.666595628964066558e-03 8.949938505628200147e+00 2.049694388942091905e+01 4.049694389656870896e+01 5.804821426291658071e+01 4.614464971247890190e+01 6.287876740069804526e+01 7.002454971587256694e+01 6.146193489637079921e+01 4.434485268636139921e+01 5.318993157156170071e+01 4.122101746931642907e+01 6.230782536092136326e+01 6.527631609641719024e+01 4.758842888831594564e+01 5.276908875169389290e+01 4.563940579126002461e+01 3.807618635494576864e+01 3.299377595680151387e+01 1.184396053471361654e+01 1.865538805965772795e+01 1.732651372868487627e+01 2.234701663579005881e+01 3.823857167820609249e+01 6.638378979314337869e+01 8.323469965497295675e+01 7.700461893495497634e+01 7.033150104349778076e+01 5.436154457488446923e+01 6.373607435305297741e+01 6.251732108542278610e+01 5.397121563519659304e+01 4.085978589706310515e+01 2.195029644814973935e+01 4.148176975620776119e+01 5.005718401890408131e+01 4.268587350383180734e+01
2.110006612196471242e-03 2.000211000661184002e+01 3.723421026211008211e+01 4.878121670343196570e+01 3.804934398965729514e+01 3.459769077190616571e+01 5.459690959823149825e+01 6.146193489608030092e+01 4.071588660666698445e+01 4.679226346764793476e+01 3.239919917467815935e+01 4.974239098365791989e+01 6.882833127172573029e+01 5.829239369911715585e+01 4.469506831882547715e+01 3.415113619108586107e+01 2.802253518532306131e+01 3.915892226613706129e+01 3.510340297802549969e+01 2.772576786252525238e+01 1.137006341223211336e+01 2.538448282967950220e+01 4.407950501022034473e+01 5.683025527643144414e+01 6.355802273452143680e+01 7.459134162128711409e+01 8.312841334972625873e+01 8.496168215784443589e+01 7.526352851489949103e+01 6.168773161489411194e+01 4.503707906302893349e+01 3.576433402617885093e+01 2.901947642167499097e+01 2.236023859276004799e+01 3.572716552477398722e+01 5.397075005017585170e+01 5.567572805814398862e+01
9.367352646185668139e-03 1.415150297637726062e+01 3.415150297695306847e+01 3.574206169482483375e+01 2.390724496763815665e+01 4.390687747662482820e+01 6.287876736987359294e+01 6.146193488550555628e+01 4.071588660666653681e+01 2.619527484607781531e+01 4.679226346764793476e+01 6.180287672834688806e+01 7.777601925609685907e+01 6.858142525249405708e+01 6.003876751133387302e+01 5.276445886919282202e+01 3.978386104205471696e+01 1.920096579216377464e+01 1.899941970699302018e+01 2.183807471506723985e+01 1.103938762375336502e+01 3.639345199377822837e+01 5.513218249720853237e+01 5.841532603799212353e+01 5.022750363600179924e+01 5.863718263512718210e+01 7.054911104710596703e+01 8.753504720526720462e+01 8.284602078628320498e+01 6.345878629001078508e+01 6.232113288120255135e+01 5.285291417525179725e+01 4.077900561291359338e+01 2.276649403511050451e+01 4.223137640363166412e+01 5.511091259498807204e+01 6.411285798758108001e+01
3.648181865326004768e-03 2.000364818186497118e+01 2.843918910223916185e+01 1.574227920357424892e+01 3.574206169451449000e+01 5.218952282746987237e+01 5.774120353193180932e+01 4.919666268364328232e+01 4.303984902062897078e+01 2.244618844917055966e+01 3.698969121006066985e+01 5.764677673725013562e+01 7.203795298426619809e+01 7.056432997158238152e+01 5.324732463072214017e+01 4.170116153234863532e+01 3.247155237013989648e+01 3.427207839837526393e+01 1.103056584099862825e+01 1.057521028523723849e+01 2.868893861994305183e+01 4.547015195089451822e+01 5.072779533864665780e+01 3.970082719351808720e+01 5.227043180347894946e+01 5.846098071615758585e+01 6.652171423069862044e+01 7.529083068775462095e+01 7.988881083158004515e+01 5.894848352634735278e+01 4.414927232259711332e+01 3.379622676578297558e+01 2.801783864799901735e+01 2.317061381804391473e+01 2.703702840903876492e+01 4.790046975727028666e+01 6.495708397378555787e+01
