LEM/sinusoidal_perturbations/elevation_000233.asc
nrows	100
cellsize	150.0
xllcorner	0
ncols	100
yllcorner	0
NODATA_value	-9999
[rows 51 to 67 of 100, columns 37 to 73 of 100]
5.055063205775185509e+01 7.086054338720853707e+01 7.552210690457218334e+01 5.516073660450990701e+01 5.516072668319232264e+01 6.107871644360488972e+01 5.269729886566634036e+01 3.562899364719043405e+01 5.553788764092202968e+01 6.754432450122304488e+01 7.937772311193799624e+01 7.068001185174298939e+01 5.014859451306515581e+01 7.068057010543408580e+01 6.235708867436468950e+01 8.279193356118155123e+01 8.793167410644670667e+01 7.949596890727100629e+01 6.533536284826058704e+01 7.157117998697306405e+01 8.337598503030474717e+01 1.036998149451662528e+02 1.107152598271793948e+02 9.082662227329412019e+01 7.949442229995992193e+01 8.992790714910135819e+01 8.588435961026617349e+01 6.626726348437428271e+01 8.010110001773504962e+01 9.984519887989868892e+01 1.144619895422215592e+02 1.029342005265661726e+02 9.406039324829647796e+01 8.580310485624691808e+01 7.570285970848827617e+01 5.615770000529369099e+01 5.473265605274785628e+01
5.337150565404523661e+01 6.014585360199080810e+01 6.130507859153492944e+01 6.112444389114775589e+01 4.085097773279390765e+01 5.097827802177894796e+01 3.261094241260423132e+01 3.401960795739370269e+01 5.415441939575201502e+01 6.464142413572795931e+01 7.432639887343172802e+01 6.720758793169110845e+01 4.672972289305606353e+01 6.581111039070435709e+01 5.454324785382122087e+01 7.000404147015585465e+01 7.379157515019326752e+01 5.892848596767312586e+01 7.949596890727100629e+01 9.196584627285673719e+01 1.003812913990713866e+02 1.121132173774606571e+02 1.189946660762998221e+02 9.923254958162885941e+01 9.340148425985796621e+01 1.074951103480117069e+02 8.959385604731160413e+01 6.996510750515689381e+01 8.959385604731160413e+01 1.037864346727572240e+02 1.061441017144772019e+02 8.622708474948754542e+01 7.487399203327856867e+01 6.610356529144354454e+01 6.185008187444338290e+01 7.570285970848827617e+01 5.640367661693337453e+01
4.672227451704130630e+01 3.996312905824139960e+01 4.109321173834815255e+01 4.816182102911032814e+01 4.931926221396766863e+01 3.096714903797547080e+01 5.098763613905784808e+01 5.415441939575201502e+01 3.604392973566270797e+01 5.623719474897372805e+01 5.392116788326254095e+01 6.145505153066159210e+01 4.344077613605320209e+01 4.535774806586924512e+01 4.731256017443099182e+01 4.939309410941756795e+01 5.318853692704372094e+01 7.379157515019326752e+01 8.793157515991876494e+01 1.008948126091709554e+02 1.090403129237910349e+02 1.098740354003850115e+02 1.180297745144877979e+02 1.191666139328054186e+02 1.133099865645314992e+02 1.094320868542271228e+02 8.959360027040983709e+01 8.959164956782238676e+01 7.585001357102997588e+01 9.552758158358527396e+01 1.054008263744250513e+02 8.545935149117057961e+01 7.410943231639960516e+01 8.580310485624693229e+01 8.150132821823254403e+01 7.767837691942447975e+01 5.805901608183244633e+01
2.694242100023671682e+01 2.605253727793837726e+01 2.716061714689805484e+01 2.826591515923294651e+01 2.937229683903952804e+01 4.931926221396766863e+01 5.938115904395949229e+01 6.400557492770029455e+01 4.587224950805261869e+01 3.812185798417507243e+01 3.961049227077827339e+01 4.111845344018513515e+01 6.145502241993305859e+01 6.581110577225611280e+01 6.236962933652893781e+01 6.835466704064261023e+01 5.306277625549503085e+01 7.417334408090182762e+01 8.551994238217902478e+01 8.110009376966075934e+01 9.382584935196189235e+01 9.021910184244083553e+01 1.067225600856368999e+02 1.148616806069744456e+02 1.246486986730388224e+02 1.138204069456994034e+02 9.387944717275021844e+01 8.253534151334027058e+01 9.552665622976772397e+01 1.038021108798217114e+02 1.137382348343069083e+02 1.009891262196129986e+02 8.104235051265972345e+01 1.008523436419691990e+02 9.292524086661590843e+01 7.365652841032861886e+01 5.978364441249502903e+01
2.447356529892185506e+01 4.427775167721291183e+01 4.701300533647662405e+01 4.816182100200721550e+01 4.338329146181276030e+01 4.338345006097888046e+01 6.364993343362342415e+01 6.522510414672001389e+01 6.522510414671978651e+01 4.974379350853122617e+01 5.956813111686924600e+01 4.527602026614098918e+01 5.962987320416043957e+01 7.901106227761813727e+01 8.382989048985193392e+01 7.593635660828877576e+01 5.572249554388002224e+01 7.618528604452330910e+01 6.527631256588529141e+01 6.934493830952240501e+01 7.384793599488844507e+01 8.000617986723990782e+01 8.711794553840508115e+01 9.696683130460138500e+01 1.164782888666725569e+02 1.220974787534385086e+02 1.085940533075494727e+02 8.871433171831544939e+01 9.864357188151114997e+01 1.186107435292291683e+02 1.152888965902811549e+02 9.506710481279806402e+01 1.009899158006891184e+02 1.042507593430855479e+02 8.468594271560691311e+01 8.114336895795531746e+01 6.156906470471639636e+01
4.328609621015306885e+01 2.581730928444441631e+01 4.559001918517508756e+01 5.533835573204464708e+01 6.363892408693724434e+01 6.364958636205890485e+01 7.203145428499094294e+01 8.506078337311859627e+01 7.852394666357498920e+01 7.015261002459722306e+01 5.970444093760172422e+01 6.588001191090850739e+01 5.269941630204712624e+01 6.720037143489277298e+01 8.739609061438650883e+01 7.618543092002599337e+01 7.618543096996560848e+01 5.971815780666056384e+01 7.425034242415080143e+01 8.946631124786397038e+01 8.806662663129658597e+01 9.021910184244083553e+01 9.979128214118888707e+01 1.148616806069744456e+02 1.246486986730388224e+02 1.227510137077070596e+02 1.027300483078253990e+02 1.001345685819808580e+02 1.168750437717271069e+02 1.268866778651745193e+02 1.237252132167956944e+02 1.152889696061124027e+02 1.128835228980293834e+02 9.875309091922275684e+01 8.475727521016328581e+01 6.501189497615668245e+01 6.441890129897113582e+01
5.164247501238963167e+01 4.563614484331185395e+01 2.714565846268845561e+01 4.700190547313584943e+01 6.218153104505879014e+01 7.056668150419049823e+01 8.490925636590500858e+01 8.064886330409119353e+01 8.655443069809084022e+01 8.815083547770068151e+01 7.408759528852193910e+01 7.954882981356014682e+01 5.920503986319175738e+01 7.311555857047549978e+01 9.325359983853954304e+01 9.619612389727058144e+01 8.433863419504577053e+01 6.405791547327223157e+01 8.433863419504577053e+01 1.024254021681175715e+02 1.077298429529195403e+02 1.098740354003850115e+02 1.180297745144879400e+02 1.275640818379416004e+02 1.316705230970377443e+02 1.310200392360142985e+02 1.227510137077070596e+02 1.201499243456026846e+02 1.284242632631261358e+02 1.258962618453120399e+02 1.168785479239481191e+02 1.085075929065843070e+02 1.018434936673936875e+02 8.462413654050163814e+01 7.071742246062029835e+01 6.823505380379387475e+01 8.415217235387531503e+01
5.801738204677896249e+01 2.972765924955006156e+01 2.808465704686161146e+01 4.797330342766898070e+01 4.191919272530661544e+01 5.622410664234753597e+01 7.320743776972194894e+01 6.026968017824613355e+01 6.623860472076373185e+01 8.106810865292764845e+01 9.402617933885605339e+01 8.784578237878912432e+01 7.105129533462933011e+01 7.366873054370717000e+01 9.374464521896062763e+01 1.002800426900657413e+02 8.046966882924897391e+01 6.870053963041962675e+01 8.884252026511173028e+01 1.025890333168747190e+02 1.095072568309507091e+02 1.176575953906038450e+02 1.289761285624174718e+02 1.258538435489300298e+02 1.117716859377599832e+02 1.217211045173988708e+02 1.299784120195039634e+02 1.343094346834104726e+02 1.318126894183807849e+02 1.115859286348602950e+02 9.737974656599345735e+01 8.851529518901227789e+01 8.197622838660697653e+01 7.708449471618615689e+01 9.045524535983264514e+01 7.149953643794722780e+01 9.129848917716550716e+01
6.669629572946128349e+01 5.382544479070043053e+01 3.619822374240692398e+01 2.941537623083750219e+01 4.936650308279358512e+01 5.918184057874117343e+01 5.277861394365294245e+01 4.576329279228814073e+01 5.225154300001398155e+01 7.270727522428295231e+01 9.277063407299313269e+01 9.943226453761585049e+01 9.115667778132839771e+01 9.374464521896064184e+01 1.020228342139950826e+02 1.084271440947597540e+02 9.701359905653272619e+01 8.884252026511173028e+01 7.675310109723616847e+01 8.287362228250323426e+01 8.993956578868093743e+01 1.012514976547087855e+02 1.207848335932238655e+02 1.159122134019704049e+02 9.773466717707481166e+01 1.018460147844367611e+02 1.217211045173988708e+02 1.144007914766864928e+02 1.284881511050275549e+02 1.258962618453120399e+02 1.168785479239481191e+02 9.815483498931874351e+01 9.596101446667232437e+01 9.101664593134360359e+01 9.469739230368560357e+01 7.485081921593629772e+01 9.469739230368560357e+01
7.074585999488874677e+01 5.071498253984353255e+01 4.122018158877355631e+01 4.936650308278655785e+01 3.077095561708522098e+01 5.078770760845807786e+01 3.818207083845778982e+01 5.876207791064328489e+01 7.270727522428295231e+01 6.410541809188359252e+01 7.855240409456880002e+01 9.871410847345102013e+01 1.035466375107261996e+02 1.051568109619911269e+02 1.112677101108359210e+02 1.030203349833502671e+02 9.474550368774835363e+01 1.030203349833502671e+02 9.664461322699800405e+01 1.025890333168747190e+02 1.095072568309507091e+02 1.176575953906037881e+02 1.212674054301642599e+02 1.013655231738691640e+02 8.773934534995758838e+01 1.026819905772013186e+02 1.076641175711577176e+02 1.003604923166351313e+02 1.202318980677124785e+02 1.300498312240707151e+02 1.266380665526126137e+02 1.182561426201160373e+02 1.160450547341526431e+02 1.110240446672826664e+02 9.826955995319808324e+01 7.835059508777882797e+01 9.826955995319808324e+01
7.919810598945983315e+01 6.846980414466689524e+01 5.198689454863773562e+01 5.918184056474544263e+01 4.484204776186022912e+01 3.214723850465203725e+01 3.405098506091673016e+01 6.102930224526993896e+01 7.384003091429440246e+01 8.445763058686490865e+01 9.277063407299313269e+01 9.751811761633953779e+01 8.286122037314292754e+01 8.445381200637659447e+01 9.051758000957812555e+01 9.295048720222351335e+01 7.453850437714639554e+01 9.295048720222351335e+01 1.022464799730823728e+02 1.092250003142254684e+02 1.092250003142254826e+02 1.174881697736903021e+02 1.138524416005527655e+02 1.013655231738691640e+02 8.133411381381519334e+01 8.267173033873233123e+01 8.773560959533193682e+01 9.442056314398499239e+01 1.019354126872955675e+02 1.133761885208393068e+02 1.332843300236089306e+02 1.333448619849637566e+02 1.129819119834572092e+02 9.868091430046396795e+01 8.976776820112334576e+01 8.248258338873222328e+01 1.025365956723727692e+02
7.832692147197850829e+01 7.984132965928270664e+01 7.155651142969411183e+01 7.352163337241147190e+01 6.062272919880651045e+01 5.222407856060529951e+01 3.355948481292323748e+01 4.509892804592709581e+01 6.545518566076438560e+01 8.045891126764122703e+01 8.868902740947893903e+01 8.719213474098616246e+01 6.831182756202525752e+01 6.990314978728596884e+01 9.051758000957812555e+01 8.464200403244737458e+01 6.422933106586151553e+01 7.370872276709164339e+01 9.396072431417951520e+01 8.922565259361506662e+01 8.922565259361506662e+01 1.092250003142254826e+02 9.972087284337918334e+01 8.558930408629696274e+01 7.586887666195580948e+01 8.496599936761613492e+01 1.049482282602010059e+02 1.142858947847442721e+02 1.217903591679197461e+02 1.300498312240707151e+02 1.415529431199963426e+02 1.393087813737538170e+02 1.189460819539358738e+02 1.126538438439538368e+02 9.241934750079175842e+01 8.804748799211833443e+01 1.083918005349448777e+02
7.382822048900925438e+01 8.399035364365124678e+01 8.706646064930107798e+01 6.655521397882995416e+01 6.648739077229022598e+01 5.476276880415743165e+01 3.456853785931217971e+01 5.476279489288026525e+01 6.614685574941296409e+01 6.021860898037143528e+01 8.045891126764122703e+01 7.861583317154693873e+01 5.804433725911906095e+01 7.840194146504170192e+01 7.653976886089817810e+01 6.935422140435254335e+01 5.684841808650478612e+01 7.742503429403927839e+01 9.508332592167406006e+01 7.490034111775361225e+01 9.507916453354262387e+01 9.566123586854659777e+01 9.144976727474754341e+01 7.120131626774869460e+01 9.145040641870288312e+01 1.042684429642813484e+02 1.012975665605526530e+02 1.211918100471575599e+02 1.261918618012292654e+02 1.235915734826594559e+02 1.318815334638565275e+02 1.434453386369579846e+02 1.255536825955885547e+02 1.051572466435541173e+02 1.126538438439538368e+02 9.422768478304139705e+01 1.149102129103718397e+02
5.524750058377929918e+01 7.564306166842676760e+01 8.109785147673964900e+01 6.053145629452014731e+01 4.661654723600067030e+01 4.085829273426647745e+01 3.560090088906703443e+01 5.583130452787725773e+01 4.578961444648055590e+01 6.614685612870407283e+01 7.569141840636514473e+01 7.309414025985418562e+01 5.251577962071578298e+01 6.579137714030888162e+01 4.716052801332389066e+01 4.858622178767240740e+01 6.935422140435254335e+01 8.002045680558691743e+01 8.835486229111405976e+01 6.802433156874234044e+01 7.968505607921447620e+01 7.557067060373900347e+01 8.431973028904516809e+01 6.810733402863115771e+01 8.255604732284194824e+01 1.026172242998321025e+02 1.211918100471575599e+02 1.203200476092332423e+02 1.061602510664561407e+02 1.035617924516241715e+02 1.151199164779025210e+02 1.351640721633060593e+02 1.340053339642871606e+02 1.195662766035095927e+02 1.227434835304296712e+02 1.012875537723611217e+02 1.227434835304296712e+02
6.895881168761239621e+01 8.399035364365124678e+01 8.109785147673964900e+01 6.053145629452014731e+01 6.648740745622227166e+01 5.455738034604242870e+01 5.578570413598549749e+01 3.712159253204405474e+01 3.821796217440303423e+01 5.849364178878415998e+01 5.525734759092247117e+01 6.246281715180163729e+01 6.369199122272507907e+01 4.525242447211999064e+01 4.862188010814602990e+01 6.733555250688945648e+01 5.091981101102873453e+01 7.164201643472746639e+01 7.559143587010227350e+01 7.724879531276351941e+01 5.915768042515909997e+01 6.099753038400284311e+01 6.389719939313911823e+01 8.151817034045872390e+01 9.541334647798535684e+01 1.052089213094354676e+02 1.134893905427808534e+02 1.120273740125819302e+02 9.208465766553804599e+01 1.120273740125819302e+02 1.200001412056485606e+02 1.282926604918397118e+02 1.398594859918880218e+02 1.400085593450995987e+02 1.318979423831620466e+02 1.130697840986505156e+02 1.318979423831620466e+02
6.872011714089263990e+01 8.047129099424452647e+01 8.949319919469448337e+01 8.109785147673964900e+01 8.325743716197088418e+01 6.650827523227600580e+01 4.609674383010690235e+01 5.737872412138293754e+01 5.842798118090168202e+01 3.978575747331790780e+01 4.090061580531984475e+01 4.208664797840873462e+01 4.328043945510398771e+01 6.335522849944462109e+01 6.729608631842171462e+01 7.555911330282476968e+01 6.722457784092452471e+01 5.331022595046457013e+01 5.499535873046771428e+01 5.668051720014985762e+01 7.724890457396709564e+01 8.148935027967873168e+01 6.445713777966658142e+01 8.475695855046521388e+01 9.090603332509685686e+01 8.529041139561471141e+01 9.664865239847686951e+01 1.002770348978798154e+02 8.639263891696433006e+01 9.296874077040806128e+01 9.997798826121028526e+01 1.115266655729569294e+02 1.315751241782538159e+02 1.416830487964986105e+02 1.406531773388682609e+02 1.365738641572425252e+02 1.464963753019238482e+02
5.168691117479724539e+01 7.210858149507507164e+01 8.431320184721680278e+01 9.262053366184997572e+01 8.092730280065434556e+01 6.053571845724788147e+01 5.787749105335389288e+01 7.487558172893430708e+01 5.635157357860342842e+01 6.009757727760661083e+01 4.431346995857215632e+01 6.246272111092729062e+01 6.369197603177970279e+01 4.671224424439581213e+01 6.134426765354957922e+01 8.190712809981987164e+01 8.102762276644482142e+01 7.394768996643941250e+01 7.559143587010227350e+01 6.363120553760514753e+01 8.405405575003076990e+01 9.304427022384504653e+01 8.475785215448141230e+01 6.800473331244522512e+01 7.080289807890832776e+01 7.369203366681118439e+01 7.671071732012117650e+01 8.040356547608038795e+01 8.850068185132515453e+01 1.084015167061765936e+02 1.200001412056485606e+02 1.282926604918397118e+02 1.360302951062236900e+02 1.224328808795761887e+02 1.229520490941134199e+02 1.355722997152145979e+02 1.532346805478411511e+02
