LEM/sinusoidal_perturbations/elevation_000429.asc
nrows	100
cellsize	150.0
xllcorner	0
ncols	100
yllcorner	0
NODATA_value	-9999
[rows 34 to 50 of 100, columns 0 to 36 of 100]
2.064481644892168701e-03 2.000100420310316807e+01 2.291056382586961604e+01 1.750418520213947104e+01 1.295013700501257192e+00 1.588181863815496309e+00 4.157349304326224626e+00 2.642037787908650159e+01 1.420206617940901239e+01 3.433670217742311337e+01 4.147078388522341186e+01 2.286542732682111989e+01 4.147078388522341186e+01 4.738928402490613934e+01 2.743739809642577043e+01 4.738928402490613934e+01 5.160555532285651736e+01 3.418041245945208573e+01 1.426242159671209464e+01 3.418041246180244741e+01 3.021460285733576256e+01 4.185778836538060688e+01 6.242479024654581110e+01 6.400338083237069497e+01 4.319250013139844668e+01 3.649844420404543399e+01 1.637518599191080071e+01 3.649856456937055782e+01 4.338256341437436703e+01 6.429649418480347833e+01 6.114548585816979198e+01 4.154633749292677436e+01 4.728656356710071407e+01 4.091623579716240044e+01 2.129124743416732812e+01 3.975091020652456564e+01 4.108743746223954929e+01
2.905961989428186391e-03 1.414506687308618815e+01 3.414747431814556222e+01 3.461995847333448495e+01 2.121086370240346142e+01 2.545348608740143703e+01 1.400210001316911779e+01 3.735142202984172854e+01 1.995164826249930812e+01 3.988419884879360211e+01 4.602281312329146346e+01 2.725431576396479727e+01 4.602281312329146346e+01 5.423117684955769846e+01 3.487938159936911120e+01 5.423117684955769846e+01 4.804164595622794565e+01 2.818292920666673496e+01 1.669999491303515882e+01 2.666009885812176705e+01 4.645316135794877255e+01 5.902650989769641399e+01 7.087117801597777600e+01 5.746320150703073892e+01 3.655108969730566315e+01 2.678911624249263923e+01 1.901580887276932685e+01 3.897053317005995154e+01 5.577588143572413770e+01 6.607588883660154977e+01 6.923974525494386967e+01 6.114548585816979198e+01 4.461599928146462446e+01 2.488538368622197794e+01 3.515566229875641113e+01 4.902523999796688514e+01 5.157269618204676931e+01
3.542675937824442140e-03 1.155069284892462811e+01 2.569881694472093159e+01 4.581444657391617881e+01 5.033760523986289570e+01 4.887804239380335503e+01 3.216511382009364439e+01 4.422723805317744450e+01 2.619620238232787202e+01 4.609597220959967245e+01 5.118435894654985674e+01 3.187162288994106163e+01 5.118435894654985674e+01 6.247074423696804502e+01 4.612812055654804766e+01 6.247074423696804502e+01 5.635390854923587511e+01 3.907181649852545036e+01 1.929313112188252077e+01 3.907181649852545036e+01 4.645316136032309373e+01 6.645975260096749082e+01 7.819049189683794054e+01 5.670572620908558292e+01 5.576155973057809945e+01 4.194969003232417037e+01 2.196489824822040049e+01 2.701322595358279699e+01 3.694306851888573107e+01 5.141161931259200202e+01 7.218712616018088113e+01 6.115674186608360685e+01 4.153324048802812030e+01 2.749840036394254739e+01 4.727979354555896663e+01 6.286454723093694241e+01 6.547501049195106759e+01
3.411803931810562015e-03 2.000341180393145635e+01 3.089559634400390919e+01 3.722020786610320187e+01 4.550644997169473527e+01 5.444912394004909828e+01 5.778818146230297970e+01 5.317032430918455077e+01 3.317040765953993997e+01 5.317035896082715851e+01 5.723186704730957786e+01 3.717455176066297184e+01 5.723186704730957786e+01 7.374548629722762882e+01 6.530015759207952897e+01 6.618082305579304148e+01 4.673191431654308303e+01 3.314988229438517209e+01 2.193122105888696538e+01 4.164164206279323821e+01 5.271715131925833475e+01 5.939118639315989157e+01 6.769905257503781115e+01 7.768388844275852989e+01 5.957583155524203988e+01 3.898556978070912749e+01 2.490709457528755166e+01 4.501631782806360604e+01 3.852071153800181946e+01 5.910296625039842411e+01 7.388310300306491740e+01 6.260730228405422082e+01 5.005277205037248933e+01 3.025709915415012929e+01 4.176539846153373503e+01 6.137355691095254429e+01 6.078848542012094214e+01
3.327314952832964925e-03 5.348552153201343806e+00 1.089555411545368280e+01 1.722010943579055464e+01 2.616438134651270531e+01 4.030652442334369567e+01 6.030776282755996931e+01 6.129339277215024850e+01 4.474658679264560135e+01 6.129393086753641029e+01 6.596932515844012812e+01 4.837159733720208976e+01 5.107155330811107063e+01 7.210418003220118521e+01 7.768689007174450012e+01 6.749658206661887050e+01 5.903381252893690601e+01 4.568204209267411642e+01 2.597229198870153155e+01 2.706829015330425392e+01 3.302065891447343660e+01 3.955352035664189003e+01 4.971002000401541920e+01 6.951795102479601951e+01 6.288763499854105987e+01 4.220542910444672202e+01 2.798691531921186026e+01 4.826310696093052854e+01 5.032202516905055489e+01 6.767961873877176515e+01 6.579616995961883674e+01 4.626725177431125502e+01 3.478973286379044794e+01 3.781746167028284589e+01 5.748725851127267816e+01 6.945850017574100832e+01 6.888091902793259180e+01
6.779948344387334673e-03 2.000677994834403250e+01 3.089559681674765201e+01 3.722021277706158315e+01 4.550719556075281247e+01 5.445422587708086581e+01 6.341265429514881191e+01 6.558358947028365549e+01 6.469184952831217572e+01 7.279731148569555899e+01 7.810996083843352267e+01 6.933522055408602114e+01 7.210418003104145157e+01 8.086710006414460850e+01 6.935474983859958797e+01 4.886434516748548873e+01 3.886660580843639679e+01 3.197804879960700575e+01 4.568400939693529494e+01 3.162385860810816141e+01 5.139280450484252327e+01 5.939118639315989157e+01 6.769905259825758037e+01 7.778745980330918997e+01 6.369200668156420875e+01 4.295519405229054399e+01 3.127069967786837168e+01 5.171960238848487279e+01 7.109816471637773816e+01 7.965458693440216109e+01 7.165466236816479295e+01 5.219156448178679142e+01 3.823519956077409176e+01 5.748725851127267816e+01 5.178200598540930599e+01 7.126095653597521107e+01 6.954828350711632368e+01
9.516927588586143695e-04 1.000095169275894591e+01 2.154795707655166481e+01 3.569009270028311676e+01 5.569009270028382019e+01 5.754752693424380539e+01 4.342079219193451678e+01 4.560747108333677602e+01 6.558358947028365549e+01 6.221715838136998400e+01 7.048982458142059215e+01 8.048155148248503110e+01 8.652301653204069964e+01 7.816675194842396479e+01 7.768689123480312730e+01 6.749658185227485774e+01 5.184890410319567877e+01 3.812456536407312058e+01 5.819607171599114537e+01 4.032300216722060782e+01 3.991122574460694494e+01 4.875951394840743092e+01 6.040882558192388530e+01 8.064928446279502339e+01 7.227654399621147263e+01 5.584153284123078009e+01 3.523188057744317803e+01 4.409444888648136640e+01 5.603067877176634681e+01 7.687530771011303443e+01 7.514354117431375357e+01 5.571857058167761068e+01 4.183273407204915628e+01 6.140801274392318732e+01 7.126095653597521107e+01 7.935704198831466272e+01 7.204116015806336293e+01
1.945935296826602993e-03 1.000194593529691289e+01 2.154895131908963180e+01 4.154895131909033523e+01 5.937351366762369764e+01 4.927627303341963483e+01 2.928194521667222361e+01 4.667867115955734647e+01 5.152870670131598985e+01 4.222089629044474179e+01 5.222068009245843712e+01 7.221363667028155930e+01 7.491700115778996860e+01 5.809420077276443095e+01 7.491700115778996860e+01 8.029386944779680846e+01 6.536057669206169862e+01 4.509629648236473543e+01 6.536057669206169862e+01 5.024256245690956035e+01 5.138530759164597583e+01 5.992797512731170428e+01 7.724598946045601622e+01 8.886193250900279850e+01 7.490655216597988897e+01 5.405430070905462259e+01 3.944258822350662541e+01 6.016178375778098797e+01 7.342170946232288031e+01 8.541974585902347883e+01 7.262531395681325819e+01 5.319637833228259183e+01 6.140801274392318732e+01 4.809626071548305504e+01 6.756436919788733064e+01 8.100091944865597782e+01 6.413860563811151394e+01
5.600688922766023682e-03 1.414773631265384068e+01 3.414773631265454412e+01 4.983322256655253568e+01 4.523896365120432961e+01 3.110441363478385668e+01 2.222343203531762867e+01 2.668448578107709324e+01 3.153150207853929032e+01 4.567240089226605448e+01 6.566707961092869539e+01 8.048155148248503110e+01 6.657785912388389704e+01 4.653905427262622396e+01 6.657785912388389704e+01 8.557601686854280842e+01 7.367781373447331816e+01 5.676349541948865607e+01 7.367781373447331816e+01 6.190653713600051589e+01 7.159747599544772356e+01 7.986424982835546871e+01 8.829939203273264070e+01 8.425563853936418468e+01 6.337612815599764104e+01 5.134857734980964494e+01 4.593040401079272073e+01 5.633676608634530680e+01 7.109085421818606676e+01 9.188446104624738098e+01 8.071749814077124086e+01 6.443018408742150882e+01 7.213913488682354114e+01 5.273004784090548469e+01 7.213913488682354114e+01 7.307179076860546729e+01 5.412164341850406402e+01
8.215197286175309616e-03 1.415035082101725017e+01 3.415035082101795183e+01 4.039760049623562566e+01 3.211954104030618140e+01 1.700232273966671315e+01 3.695981644243607178e+01 4.667867115955734647e+01 4.567240087261556170e+01 4.567240089606401909e+01 6.566708298923629172e+01 7.260333148215687515e+01 5.949307172529776011e+01 3.947105371544687813e+01 5.949307172529776011e+01 6.546913842623540347e+01 7.970377090626062966e+01 7.710440810879580908e+01 8.534696724121515388e+01 8.213091023630258292e+01 9.033337660948299686e+01 9.115341029728649858e+01 9.335576567310556584e+01 9.276987834090336094e+01 8.076993024957600653e+01 7.220084759957094889e+01 5.791015986403498061e+01 5.791015986403498061e+01 6.999559189843304807e+01 9.085055782759610565e+01 9.195408269367497667e+01 8.382006954571555468e+01 7.713842125222777213e+01 5.777626841609528441e+01 7.713842125222777213e+01 8.100091944865597782e+01 6.267181635278500096e+01
2.613274238814250559e-03 2.000261327423845970e+01 2.523733612807622251e+01 2.796722983418920805e+01 1.220535258364600217e+01 2.107913938603808290e+01 3.105471596052179706e+01 5.104339456081206805e+01 6.566705757919565656e+01 6.566708213888075818e+01 7.393803775589573490e+01 6.426723600425341942e+01 4.423118502701490939e+01 3.345139164080570282e+01 5.345620615399579378e+01 5.130326410857180974e+01 6.731136085084654042e+01 7.565130599840678371e+01 8.725973946440915086e+01 9.459113639998020062e+01 8.528381036965342332e+01 7.107138718881176942e+01 7.326690005033029252e+01 9.335576567310556584e+01 9.334255110634092034e+01 8.735370790078536629e+01 7.880993763445337663e+01 7.880993763445337663e+01 8.735370790078536629e+01 9.932903652161628827e+01 9.804393199940709280e+01 7.859104262227660342e+01 6.746404142345076593e+01 6.895477691615350579e+01 8.523722082079703455e+01 8.947767682053007832e+01 7.349243780283666183e+01
7.532853315450405325e-03 2.611311072931922439e+00 5.237439730126362214e+00 8.083099139602552441e+00 2.796722983418920805e+01 2.626760197720245316e+01 4.625595619613758913e+01 5.104240352884513499e+01 7.100184143371846801e+01 6.480874116867518353e+01 5.637772478907442775e+01 5.637772478910038387e+01 4.790786888574696434e+01 2.791609410953718395e+01 4.790786566644053579e+01 4.130431515251778762e+01 4.726908636335173242e+01 5.882500075965541697e+01 7.890394432107601119e+01 8.625327911904567202e+01 6.618352721503958946e+01 5.690855119742777646e+01 7.695327557739302904e+01 8.061467822049546328e+01 7.321801706215489958e+01 8.746518347159577900e+01 9.765391684309929587e+01 9.240390914367542052e+01 1.007785760236358641e+02 1.108769869893217077e+02 1.062490155865580448e+02 9.495769540619430416e+01 7.859104262227660342e+01 8.831748731084189785e+01 9.647044546809911481e+01 1.005058604260242703e+02 9.240433677389847844e+01
6.101047412966256744e-03 2.000610102239927457e+01 2.523733611121204490e+01 1.071797925874923330e+01 3.379446536425530923e+01 4.625628659094181927e+01 5.456520032536892018e+01 6.454633206145909696e+01 6.350355410984464299e+01 5.637772478907366747e+01 3.627442191030218055e+01 3.627442191030218055e+01 3.847270964933272808e+01 2.332962137888574716e+01 2.867140087252121461e+01 3.572878462413154921e+01 5.573994828031867144e+01 6.251751920665248008e+01 6.251751932354371633e+01 7.085088996197410438e+01 6.986621190298319561e+01 4.982358253506223633e+01 6.336280941072682538e+01 6.054081928202227658e+01 5.904447906186193507e+01 7.911235661547748066e+01 7.750970656748268084e+01 7.229249017382616671e+01 8.231436749714096379e+01 9.656158120751314300e+01 1.168142507869843030e+02 1.062490155865579169e+02 9.804393199940709280e+01 9.911688107332538777e+01 9.077143446447631447e+01 9.227354848291275857e+01 9.227354848291275857e+01
6.842009524227352091e-03 1.000684200952414038e+01 2.414897763324989910e+01 3.425080086588477002e+01 3.012529842861799168e+01 5.260718173316674040e+01 5.237008062538422593e+01 4.499916796670300556e+01 4.374286122119110587e+01 5.762373072663238815e+01 4.216254269462415039e+01 2.303015902578557572e+01 1.847094668396912809e+01 3.847267913217676494e+01 4.277694498834750192e+01 4.460890214718419600e+01 4.646422086579510591e+01 4.248604865485402371e+01 4.248604865486488080e+01 6.251751932903590614e+01 6.430743120049177719e+01 4.426550538236485011e+01 4.331608578322182268e+01 4.637090144319251550e+01 6.642031644051887440e+01 7.608240432173477075e+01 6.334288457826234975e+01 8.340980915556311004e+01 8.869561977203119341e+01 1.089039046660782191e+02 1.062691489661469717e+02 9.790640925795069904e+01 1.049996626670165085e+02 8.487790937444476924e+01 7.080348144587566139e+01 7.228935833736386485e+01 7.228935833736386485e+01
1.934550753332892102e-03 2.000193455075297777e+01 3.829111226194063278e+01 5.243323922892600564e+01 5.260718173202913306e+01 4.656341116544411562e+01 3.225666633180053111e+01 3.092096133754739995e+01 2.962521458784073758e+01 4.242896247952540278e+01 3.413079418969443424e+01 1.625925657855531981e+01 3.627003644736760890e+01 2.098707520225363155e+01 2.278790739247241959e+01 2.462464149437716188e+01 2.648182541967148396e+01 2.836804114160444357e+01 4.835313056665282971e+01 5.317783430074967299e+01 5.553775382394063342e+01 3.909824089424621718e+01 5.913678196865451042e+01 6.642031644051883177e+01 5.130631570567430799e+01 5.603113584435220673e+01 7.608240432173477075e+01 9.177048473278871654e+01 1.089039046660782191e+02 1.071751419548736664e+02 9.462288463634330071e+01 7.774174394855143078e+01 9.462288463634330071e+01 9.265990463427966972e+01 7.814259211447379982e+01 5.837942783094680266e+01 7.814259211447379982e+01
4.364784840791047053e-03 1.414647934956533959e+01 3.414287128722538256e+01 3.809877718194212548e+01 3.926437755043574640e+01 3.636875301632572643e+01 1.809781515853911671e+01 1.938185220893557315e+01 1.962756664658861538e+01 3.201564121511378858e+01 1.412077834009602917e+01 3.413079418969443424e+01 4.457305196751470078e+01 3.512076142219262920e+01 3.432106326249600414e+01 4.460890214718120461e+01 4.101565302204329555e+01 4.505288184588764011e+01 3.114406283580493806e+01 3.316561378918175507e+01 3.551317062803227742e+01 4.258068702463987876e+01 6.262420126705750079e+01 7.969728091847983364e+01 6.547303938128941070e+01 5.984934433369347317e+01 7.401563265840617589e+01 9.414125198202530953e+01 1.115518737645992786e+02 9.738500604214004852e+01 7.862660752819836318e+01 6.605680865796021806e+01 8.626433431344348435e+01 8.433043247383700702e+01 6.446421251642333061e+01 5.319692924640271769e+01 7.286066428393910144e+01
5.219006137575642711e-03 2.000521825126032027e+01 3.223578610916493403e+01 1.809325832806076306e+01 1.926341446314171080e+01 2.630028716461348282e+01 8.098645052230047270e+00 9.384249676582152588e+00 1.068601526342947672e+01 1.200736941424083071e+01 2.380258226130544230e+01 3.683954359515519883e+01 4.744571899023839734e+01 5.513518685893238569e+01 5.432730171628080740e+01 6.264506142903061203e+01 6.151836024010687964e+01 4.513847068464382062e+01 5.114590132503283826e+01 5.317783362789549528e+01 3.918332607410874857e+01 5.921015385633975114e+01 5.414546071457574783e+01 7.420635176608770678e+01 8.555966228216330194e+01 7.401563265449571816e+01 7.141047639988470053e+01 8.299226416620270186e+01 1.031720548998333697e+02 8.902511787106683983e+01 6.878542838162223916e+01 5.830522647740496467e+01 7.862660752819836318e+01 8.236702210662193124e+01 6.254324194164892958e+01 4.873456623926326614e+01 6.585990108044852320e+01
