LEM/sinusoidal_perturbations/elevation_000720.asc
nrows	100
cellsize	150.0
xllcorner	0
ncols	100
yllcorner	0
NODATA_value	-9999
[rows 51 to 67 of 100, columns 37 to 73 of 100]
8.257964351060589081e+01 9.122767328139751442e+01 1.024010868774082894e+02 9.072388223874403934e+01 6.975938057501888068e+01 7.578893101122216081e+01 7.472583323234950115e+01 5.440969403192791987e+01 7.472583477648578310e+01 9.167092482081065441e+01 7.624005043073093191e+01 5.674026337270918674e+01 7.022240991286778922e+01 7.835509134675427845e+01 9.217302491680086973e+01 9.161407095802614720e+01 7.735989424918651025e+01 5.786648124211559718e+01 7.735989424918651025e+01 8.925817727944590274e+01 9.465797949686027835e+01 1.008285348030530884e+02 1.082310012779990700e+02 1.164419828993191715e+02 1.135276163183220461e+02 1.217927914630385970e+02 1.141662528745610246e+02 9.380998086828317639e+01 1.141662528745610246e+02 1.242111252409275863e+02 1.157106185255073285e+02 1.055632605576059149e+02 9.059325923414431259e+01 7.042846719855567983e+01 8.464472756088191829e+01 1.049542850757734413e+02 1.049440020665236659e+02
8.538453160727341640e+01 9.346717782650858908e+01 1.005150489506466016e+02 8.003040427641374777e+01 6.542275052468806962e+01 5.548238362246880229e+01 6.670756598566511286e+01 5.121969361942590382e+01 6.251491376954712109e+01 8.316314747191458423e+01 8.439906274005052467e+01 7.022240991286778922e+01 5.081962936122394581e+01 6.449051914746240755e+01 7.579977753889608039e+01 8.394157334440077989e+01 7.496042306554100776e+01 5.542445697293486973e+01 7.496042306554100776e+01 8.737285831492293653e+01 9.551578664367092131e+01 9.633355183067584449e+01 9.777649808801868403e+01 1.059691869744124944e+02 9.383043345482138875e+01 1.103765116654155634e+02 1.225159813769810881e+02 1.082388256719288364e+02 1.225159813769810881e+02 1.216735457113432375e+02 1.014178137379196158e+02 8.700955600357308128e+01 7.687815961437442525e+01 9.059325923414431259e+01 8.200706407770624651e+01 1.023222199396836061e+02 1.000941013780818025e+02
6.587994150455881481e+01 7.967552113739823483e+01 9.916892801361473175e+01 9.440222338212747388e+01 8.117493249330968297e+01 6.071498779887530617e+01 4.704309492601674236e+01 6.670756662023472927e+01 7.976710586996244956e+01 8.845700849194219018e+01 8.271497504453787997e+01 6.649104260001239197e+01 4.704123050975829301e+01 6.191652981068071426e+01 5.618130826793207433e+01 7.580116206145822844e+01 7.260857107221352180e+01 5.302028762040323784e+01 7.260857107221352180e+01 6.790028909966177650e+01 7.924996626706091263e+01 7.682512833222548920e+01 7.826281351546816722e+01 9.086392163753288287e+01 8.259800730097015276e+01 1.021554066589423684e+02 1.123045512693146151e+02 1.221601751760130696e+02 1.367921644645556967e+02 1.243444490067495707e+02 1.041078179174476901e+02 8.970957392603791902e+01 8.402238864673356034e+01 1.043762420061742802e+02 9.374165047997327349e+01 1.106937289761590506e+02 1.008638349254208606e+02
6.733635873906514746e+01 8.683881137236457448e+01 9.263175579297771378e+01 8.416718937032015901e+01 8.414681651541765461e+01 6.348997502744796151e+01 4.448691599728227430e+01 5.808383077939259209e+01 7.839068424840596094e+01 6.887361825605498211e+01 6.314034044051129513e+01 6.291211289733551837e+01 4.332491363906408566e+01 4.208217618335854837e+01 6.192138505072983889e+01 6.602388538690793496e+01 6.775277689438529194e+01 5.065401522707320936e+01 5.361038365144779760e+01 5.661155389384106940e+01 5.977335805402528734e+01 6.308668254721700919e+01 6.706419992262267726e+01 7.140491414302587714e+01 7.724569205400949556e+01 8.456830673058985326e+01 9.428438225403901640e+01 1.139234390398287076e+02 1.258112961391524180e+02 1.175078232237374891e+02 1.183891624455219898e+02 1.100349899351468963e+02 9.579735536319068956e+01 1.006579348964878449e+02 1.140434958005871948e+02 1.223889331544486936e+02 1.092654210849987635e+02
8.112652717634443889e+01 8.504621921741650681e+01 8.416718937032015901e+01 6.412135730104471065e+01 6.448428480628790282e+01 6.146669090722062379e+01 4.195296534136181066e+01 5.556098450208516937e+01 7.572432740589232480e+01 6.887361824752778716e+01 4.914960212928008332e+01 5.748595070470410917e+01 3.969283325758568282e+01 5.959578005587298577e+01 4.452589333159875196e+01 4.627122079312483294e+01 4.804191251685197273e+01 5.694587237216192221e+01 7.318449539758422873e+01 7.613036523667828703e+01 7.354082223176351363e+01 8.253571127028938292e+01 7.347211567763197593e+01 9.085435875266882988e+01 9.675061041933456352e+01 9.687925629789840798e+01 1.123045231042687533e+02 1.221605598197713221e+02 1.143114387210826095e+02 9.764251352623878688e+01 1.143114387213152270e+02 1.244346969353705532e+02 1.160952190966768995e+02 1.209208113512418237e+02 1.292528100793917645e+02 1.215529165896472534e+02 1.131482178778568510e+02
7.482636913995466443e+01 6.567457141417962418e+01 7.937886768362886869e+01 6.999264557960876232e+01 5.127964700164464773e+01 5.898981213727766715e+01 3.942160222522917223e+01 5.898981213883592289e+01 7.609746724278376462e+01 6.796816375533798293e+01 5.748569946450812296e+01 3.753574223057135129e+01 5.748595205948122810e+01 6.773081995843629954e+01 5.858322873635174233e+01 6.029676032395948937e+01 5.949574099592127396e+01 7.581797140816240699e+01 7.078132504301805739e+01 9.023307456968176155e+01 9.303305921601361206e+01 1.010551308408277009e+02 9.294747992231177136e+01 8.720948881534431507e+01 1.068046591793498408e+02 1.171308939124017172e+02 1.192018153296023684e+02 1.249915476160488055e+02 1.060385813223071665e+02 8.639446190833311334e+01 1.060385813223071949e+02 1.192528799236878854e+02 1.139732995827555726e+02 1.223897049649916084e+02 1.275300482126844202e+02 1.071910687014225942e+02 9.279776862581962860e+01
5.895688465607711493e+01 5.175569642911010959e+01 7.134839569299025186e+01 7.176783311185100445e+01 6.030636204779686693e+01 4.273677085729175928e+01 3.689231602549415356e+01 5.656398326587277126e+01 6.796862540974935030e+01 4.820826821524429562e+01 5.399367966385247541e+01 3.604251170116928193e+01 4.768250525547411200e+01 6.743846702547828897e+01 7.816086528490173180e+01 7.985279692882662061e+01 7.903164666941675875e+01 8.714579826584650846e+01 9.023307456968176155e+01 9.831177119181079149e+01 1.005325382010646820e+02 9.238348122260924811e+01 1.005325400283510646e+02 1.068083534911332322e+02 1.150385387538449891e+02 1.129284684760233688e+02 9.948565488001601409e+01 1.052603821654489451e+02 9.909333629825748346e+01 7.956750009664115453e+01 9.909333629825748346e+01 9.913355094881687535e+01 9.396734784034514121e+01 1.107863262579012513e+02 1.208205574193935234e+02 1.215529165896472534e+02 1.131482178778568510e+02
3.907563234746217518e+01 5.322515116538245650e+01 7.279452183216673689e+01 6.376685369315375596e+01 4.581392523455019017e+01 4.111606942988947111e+01 3.438243249537526225e+01 5.824924932403134648e+01 6.016348343924609310e+01 5.199505443675398908e+01 3.394113071888935451e+01 5.399524268627186530e+01 6.418321119371968564e+01 7.558326340176529357e+01 7.951217029061042751e+01 7.951397414307416511e+01 8.763358363213433222e+01 9.053071031837737337e+01 8.241516553281776680e+01 9.053071031837737337e+01 9.078009544139422360e+01 7.294846802785963291e+01 9.078009544139422360e+01 9.937312611858600064e+01 1.029919059430250741e+02 9.481510473253975135e+01 8.569371190973878072e+01 1.052603850560688983e+02 9.320607517110013873e+01 7.375242876051568430e+01 9.320607517110013873e+01 8.525279455285033237e+01 8.271690792297695793e+01 9.243946582625537189e+01 1.064623412072248527e+02 1.267561155334442589e+02 1.256044122346454799e+02
5.127439459892605811e+01 6.695968927271202631e+01 6.573167050717499649e+01 6.752890880435955978e+01 5.100456784325659498e+01 3.110490196486277270e+01 5.100465324709590931e+01 5.818710689705426375e+01 5.000741499827352499e+01 3.187617926942195368e+01 5.199498055473949165e+01 6.202448105617333596e+01 5.927945567380653102e+01 6.741390572807827652e+01 6.019499811197491113e+01 6.019501419402001119e+01 7.951397414307335509e+01 8.078456228706252773e+01 6.296444086481477598e+01 8.078105830325199577e+01 8.259217247041028998e+01 6.327245570167649902e+01 7.176725584989839035e+01 9.121749058391075948e+01 9.481510503855054139e+01 7.535402693464928348e+01 8.687652674670566455e+01 9.503392158485851837e+01 8.800677811275053841e+01 6.859079622744887672e+01 8.647835542921104945e+01 7.407903191446285973e+01 9.361008919058137678e+01 1.107863262579012513e+02 1.195169006250328323e+02 1.279239877057847679e+02 1.312645996147751930e+02
4.984777902861922172e+01 6.128242726264023332e+01 4.487248553833209996e+01 4.311633115909341996e+01 4.643902385028099644e+01 2.889885825733611924e+01 4.878558015109334889e+01 4.804565084052799762e+01 2.995381848162748994e+01 5.000430851176002278e+01 4.976185361821386266e+01 5.037877586650408546e+01 4.134984153642611915e+01 5.621149379683043890e+01 4.634489145411325239e+01 6.019518053989433781e+01 7.952456023836039378e+01 7.268980319879240426e+01 5.316012322808314394e+01 6.490237697594534438e+01 6.318268812732767259e+01 5.593669988136315396e+01 7.533822278978213660e+01 9.467659115601954056e+01 1.029918667091446736e+02 8.687652695737543240e+01 6.746462436456441480e+01 8.001762387228052376e+01 7.934725070835311556e+01 6.374786548713814938e+01 6.702588046655939991e+01 8.647835542921104945e+01 9.904438624220763643e+01 1.052915271989897832e+02 9.939918459610100854e+01 1.195169006250328323e+02 1.212462096984224189e+02
4.641961863449491688e+01 5.076916317012230451e+01 3.240146907957539213e+01 2.546511576360802209e+01 2.584675582659545867e+01 4.119200398743995351e+01 4.635588543799982375e+01 2.833845616197239536e+01 4.802996139421880883e+01 4.760108384686976990e+01 2.960252465161334356e+01 3.023983551696967353e+01 3.088101147129149027e+01 3.681360206269061308e+01 5.665691543570827093e+01 6.860710776487816531e+01 7.036248460384025805e+01 6.517637250810579985e+01 4.618518104216451547e+01 4.541073524502278502e+01 4.943357013433850256e+01 6.886765475730908292e+01 6.713120847245858158e+01 8.082911378769590272e+01 1.003420289864230170e+02 9.380263915386311169e+01 7.430768371371166836e+01 6.060589184987707512e+01 5.993263033382478966e+01 7.934780508019068179e+01 8.063807138075227954e+01 7.407902805940652513e+01 7.942957348082481417e+01 8.553633291143481188e+01 9.939918459610100854e+01 1.195169006250328465e+02 1.129412117027990234e+02
2.631701594581736003e+01 4.261716431265800509e+01 2.493167677341337196e+01 4.136012144484838871e+01 4.388578023521586147e+01 2.640293677052038746e+01 2.680012332182744572e+01 2.720610124440759492e+01 4.719145588276932557e+01 2.870536442339403038e+01 4.863162759477447139e+01 5.037164221355220661e+01 5.100369993546926395e+01 3.179992048302837304e+01 5.183754231714696914e+01 5.059545159701748673e+01 4.954309862535993148e+01 5.209097837232314276e+01 3.988234958311804945e+01 5.949639087100948132e+01 6.887030827320774051e+01 7.695400534792806013e+01 8.654418814498011159e+01 9.467659115601954056e+01 1.007627499672602625e+02 8.116829774774632256e+01 6.745962510649327726e+01 5.624446049191146102e+01 7.567921352782931876e+01 8.748767507563455581e+01 9.942725788279082622e+01 9.360084849511802929e+01 9.895734993221803677e+01 1.052915271989897832e+02 1.136615861509428527e+02 1.192513444197147123e+02 9.933533232821694980e+01
3.476652662770865021e+01 2.440958597225038673e+01 4.452396503285904572e+01 5.065629028468548967e+01 3.804094803019704329e+01 4.755526048345139145e+01 4.102790901261683842e+01 4.738339436965074469e+01 2.781028761789401926e+01 4.639373525442175605e+01 5.374876949048802999e+01 6.202491479118985751e+01 5.961303055953286645e+01 4.902778533568833552e+01 3.272243520021545748e+01 4.521948172853625891e+01 3.457351992762665560e+01 3.522759186312030266e+01 5.202493818866078357e+01 6.316061056831466658e+01 6.556579118925409944e+01 8.480676857682671255e+01 9.091035674293183888e+01 9.904018649547472819e+01 9.058997394936361047e+01 8.242576278281043756e+01 7.352028807881703187e+01 5.407617831577049827e+01 7.352028807881703187e+01 8.146087248362361777e+01 8.733507198036483032e+01 9.432752394293102327e+01 1.028476273998863064e+02 1.147249278399481511e+02 1.302434530348254782e+02 1.135618315954386333e+02 9.933533232783700839e+01
4.361552501476923993e+01 2.405976297624273386e+01 3.569290711654836201e+01 5.576839580524406870e+01 4.773078315669372529e+01 6.360691336453772493e+01 6.008526873497077503e+01 5.537028823504185482e+01 4.787863277115145877e+01 2.861875158726579826e+01 3.687163782046879845e+01 5.422335918205664740e+01 6.950608154902504054e+01 4.988457971270761249e+01 5.058748432171620379e+01 3.364792906999630873e+01 5.381262579514054067e+01 5.498722388467973587e+01 3.616970225012157414e+01 4.614217034291647224e+01 6.555723264565232000e+01 7.716493092847744606e+01 7.147138913553735051e+01 9.091035674293183888e+01 8.242576278293914527e+01 6.296247632146237549e+01 6.866314094092484765e+01 5.195419012700151029e+01 5.682419049783202070e+01 6.202798735881515313e+01 6.787570446194705198e+01 7.470959236509321499e+01 8.591085118753230176e+01 1.060771659070865383e+02 1.105197489947394587e+02 1.052837014925175225e+02 8.551807125059583825e+01
2.356017475229661784e+01 2.446747141713718676e+01 4.847910408140536020e+01 6.408914656353590544e+01 6.047325176086747689e+01 7.323775968711643714e+01 7.426805352701956053e+01 6.278283450123668530e+01 4.469521469502194577e+01 2.919077445215351929e+01 3.659370451688094761e+01 4.679883426848461170e+01 6.618592859206032131e+01 6.986699466691814564e+01 6.432454383851695923e+01 5.887879527689558046e+01 6.566796523997628299e+01 5.658318463389669262e+01 3.683647632703394947e+01 5.627116372844978542e+01 6.665723164562930947e+01 5.775639750296574704e+01 7.716493092847737501e+01 8.538208879895917391e+01 7.415000877689664094e+01 6.604256255833392686e+01 4.922704567195747671e+01 6.296247630881642010e+01 7.626255998445078887e+01 8.146087248362361777e+01 8.733507198036483032e+01 9.432752394293102327e+01 1.028563107648025579e+02 1.131365859954709094e+02 9.670553176717210420e+01 1.046504585152355276e+02 8.483002089243076682e+01
2.822073346187165299e+01 4.716195166479354128e+01 5.667292808007874783e+01 7.264957199810351085e+01 7.851649281682026071e+01 8.167275154063679565e+01 6.185723159681531769e+01 4.675316868011928051e+01 5.013432343611616204e+01 2.976578580294185272e+01 4.974226172450642025e+01 5.969080481610710365e+01 7.133355944614461919e+01 7.975756038854140684e+01 8.127905708957869990e+01 6.178414747665095774e+01 5.040004413859156074e+01 4.310714336223327336e+01 3.750290951876402090e+01 5.717138574413277041e+01 4.732813600606078097e+01 6.679063343446532031e+01 7.402888451580578533e+01 6.882230450058821702e+01 5.778231371800851690e+01 4.661272387165767128e+01 6.604256255833414002e+01 7.677615692172712158e+01 9.058951225845248700e+01 9.443619385264915422e+01 9.611263186686501570e+01 1.051576564972733649e+02 1.058738806962706178e+02 1.049930494192005455e+02 8.548673472927153227e+01 1.049930494192094557e+02 8.752613306278161076e+01
4.799352071928529284e+01 3.638684514599045627e+01 4.441447643959952529e+01 5.577466099146719358e+01 7.647672697109273088e+01 8.561630805631486396e+01 6.735424072413110252e+01 5.579276374981946418e+01 3.477717197257165793e+01 3.034394564602345312e+01 5.070956969443416540e+01 5.702312006465654548e+01 5.184952294835559172e+01 7.141556192261566594e+01 8.942316309264107588e+01 7.813958221703957463e+01 6.950215285985972002e+01 6.189487657813428712e+01 5.717907858671789256e+01 3.844841923194493916e+01 5.809024694649456677e+01 5.972446325887408136e+01 5.666569059273200537e+01 4.719711478114354009e+01 4.402704240474561459e+01 6.348006674281886319e+01 7.410462455523141045e+01 7.311381848524874272e+01 8.121861393968224263e+01 7.409719007362200216e+01 7.437985926661376368e+01 9.605979739945746587e+01 8.775116556712293914e+01 8.842729673921418510e+01 7.810896556458975226e+01 9.762340030340236297e+01 8.459417757124799664e+01
