LEM/sinusoidal_perturbations/elevation_000495.asc
nrows	100
cellsize	150.0
xllcorner	0
ncols	100
yllcorner	0
NODATA_value	-9999
[rows 51 to 67 of 100, columns 0 to 36 of 100]
6.455108993161302530e-03 2.000317243301253711e+01 2.261274852110871336e+01 2.392526807654149934e+01 5.834601936802870981e+00 7.192290217330874924e+00 8.562667048470904874e+00 2.855616328766421219e+01 2.698114633876355484e+01 4.696699049014437577e+01 4.832980565823989139e+01 4.006078940513810238e+01 2.440014012524025588e+01 3.194796802133438973e+01 4.193161242852810489e+01 5.604682526434928747e+01 7.599618778322908952e+01 7.800496181869860379e+01 8.626858935423148012e+01 8.554493100494921975e+01 6.890787415238753510e+01 7.147937219591958069e+01 9.133731504281951175e+01 1.054401121485112895e+02 9.753028139916726502e+01 9.673956273626301083e+01 8.686410404684787068e+01 7.868747076933496487e+01 7.166965358298345734e+01 5.146122892866642928e+01 4.126071551099327905e+01 5.783146877346479187e+01 5.192191569366286785e+01 7.209839196628632862e+01 7.765447481709868782e+01 5.755763680909608127e+01 4.308618121556295222e+01
3.995603441288198172e-03 1.308651749546334786e+00 2.616092650424233224e+00 3.931996039817608590e+00 2.392032788020965484e+01 2.718167815592732595e+01 1.234219585040275113e+01 3.225123294007367747e+01 4.621945038583283605e+01 5.524556606429348449e+01 5.926079176366894785e+01 3.930393249112679399e+01 2.777639028511002195e+01 4.773869369047713462e+01 5.843214085337513808e+01 6.397857265499270341e+01 7.029350087011162884e+01 7.857851566508027474e+01 8.751627620971086685e+01 9.702280239755172886e+01 8.875351519158041924e+01 9.133731504281951175e+01 9.961048981397890145e+01 9.466929505263235001e+01 7.905710615076198167e+01 8.926882627602712716e+01 9.709707310103418365e+01 9.153214286337255601e+01 7.166965358298345734e+01 6.550163100349449508e+01 4.520828910263517031e+01 3.760528610846004938e+01 5.446372973611541823e+01 6.276865743965667832e+01 6.636642738701850419e+01 6.022563480675660230e+01 3.992444299589758572e+01
4.804567899273937473e-03 2.000480456608502777e+01 2.261276859905182590e+01 1.209525007167194133e+01 3.038954840924825973e+01 3.983366431735466051e+01 3.225123294007367747e+01 1.811378685230582519e+01 2.961495226000902292e+01 4.942720655619340420e+01 6.752289753040945186e+01 5.600255325584421229e+01 3.930393249112679399e+01 3.331384999449137752e+01 3.846892158472995504e+01 4.400778121609543092e+01 5.032394444987421878e+01 5.925259570749121707e+01 7.336859883440952501e+01 9.336626887017290244e+01 9.453770919877224799e+01 8.672748480110323044e+01 9.453770919877224799e+01 8.630809755305224940e+01 6.822886698745460876e+01 7.066958816111393560e+01 8.238150859526534475e+01 9.018120695994679181e+01 7.967366043760600292e+01 5.963138443567041946e+01 6.550163116622499615e+01 5.446372973611541823e+01 3.429989434450536123e+01 5.122478231938146109e+01 4.616259831404112646e+01 5.431173822952907670e+01 3.745861624371775633e+01
9.707512844716031236e-03 1.417966262617124329e+01 3.434346089922726719e+01 3.218525674973482609e+01 2.618326882524723587e+01 4.584918243533265780e+01 4.254079410337553213e+01 2.269822349352402568e+01 4.254079410337553213e+01 5.767485999012126996e+01 6.878943515257404329e+01 6.752289748587413953e+01 5.926079176364495993e+01 4.224355907910261010e+01 4.593417775300649453e+01 6.383450256664485067e+01 7.029350087011162884e+01 7.857851566508027474e+01 8.751627620971086685e+01 9.339306678783468385e+01 8.517000612728217845e+01 6.804184373480157433e+01 8.517000612728217845e+01 7.853055114366006251e+01 5.938374503787116510e+01 5.938374503787116510e+01 6.339659590361608110e+01 8.238150859526534475e+01 8.787380161277079083e+01 7.967366043760600292e+01 7.431277240678392104e+01 5.321800566596492388e+01 5.088801857488758174e+01 3.103927474813243848e+01 3.186856964165783168e+01 3.410396359361335783e+01 4.119531463957576278e+01
5.001202446392439237e-04 2.000050012024428270e+01 3.735711137563687601e+01 4.564096413955663678e+01 4.595777155646114664e+01 5.415709421880043095e+01 5.077393195451965369e+01 3.417559871751470979e+01 3.083086010748413841e+01 4.072561770292926298e+01 5.468069926318684537e+01 7.459440756705855335e+01 7.044779690403697714e+01 5.376923137916076456e+01 5.742569275274463791e+01 7.386100756588004401e+01 8.094595260094814648e+01 7.212758552725904337e+01 7.866941098854476877e+01 8.556402478024058667e+01 6.663959625240451601e+01 5.814378001552255881e+01 7.577996459216555536e+01 8.238150859526534475e+01 6.339659590361608110e+01 4.897994389582959940e+01 6.263980143693880365e+01 7.057062948839953265e+01 8.174796292345197912e+01 8.472306559923551106e+01 6.377244486228710230e+01 4.649490543873342574e+01 3.266895158498706309e+01 2.875606180885286278e+01 4.898214226624383372e+01 5.431173822952779062e+01 6.122511994419666337e+01
5.279685921607564676e-03 2.000527967901694026e+01 1.735712208171027982e+01 2.890412745955293516e+01 4.304626221009223030e+01 6.304606568804495481e+01 6.222508800418877684e+01 5.396786350808184807e+01 5.061945354487468762e+01 4.225051203244348130e+01 5.363878355135364018e+01 7.354381622736563884e+01 8.195430504451641696e+01 7.370138371717671077e+01 7.711412715448449262e+01 8.519969753934452683e+01 6.888664042507271290e+01 5.042609949523860280e+01 6.215806937575553803e+01 7.711249297207777431e+01 7.011229359125125882e+01 5.026686677075898757e+01 5.630690487860960758e+01 6.995639353386022208e+01 7.678890143178144001e+01 6.263980143693880365e+01 4.219209666405400583e+01 5.436919932262030386e+01 7.393765402969108891e+01 8.914119231061658866e+01 6.935183626588450068e+01 4.914215208271070168e+01 2.881694182959251194e+01 2.719914902758447894e+01 4.741144931613811053e+01 5.865450460192852944e+01 6.719146505545832326e+01
5.738623160518319517e-06 6.666672405289798320e+00 2.666667026174248534e+01 4.564096413955663678e+01 4.537383995396754699e+01 5.366029709409748705e+01 5.685559031453728807e+01 5.904426916320898755e+01 6.733258651370370274e+01 6.205164025364183544e+01 7.033131862756695796e+01 8.184746433285619105e+01 7.795040180838736887e+01 6.972472829589518994e+01 7.795040180838736887e+01 7.051048954389099777e+01 5.993457138947955798e+01 3.942250434427451466e+01 5.010787006446473413e+01 6.936365757012102051e+01 7.577996459216555536e+01 5.630690487860960758e+01 4.160632721217490371e+01 6.201043201825959272e+01 7.328561115250630564e+01 5.870463881862712441e+01 3.814162678398136563e+01 5.870463881862712441e+01 7.294836593518267875e+01 8.093070789161431833e+01 6.091775856780823517e+01 4.921033907241280758e+01 4.590943920097149800e+01 2.569684888490632346e+01 3.176273657342914092e+01 3.814134795261044530e+01 4.728951248270324470e+01
4.532054705376768917e-03 2.000453205470502027e+01 2.663030674161258204e+01 3.011185395302910450e+01 2.537278854224473079e+01 3.799690539321231597e+01 3.685240068447313888e+01 3.904042559182208549e+01 5.645051434015089598e+01 6.474038010961477596e+01 7.629294651869527399e+01 7.715985783089924155e+01 6.788312024807754597e+01 4.947582957074993004e+01 6.788312024807754597e+01 6.255385748441044313e+01 4.283217767510280538e+01 3.207690706789859547e+01 4.824282665714195417e+01 5.296333270609815003e+01 6.093733624835718388e+01 5.732703435937877856e+01 3.681434025648933783e+01 4.525947283079150196e+01 5.818134683833547882e+01 5.003519244765671914e+01 3.438860841519688449e+01 4.485691497175920972e+01 6.504055620726477116e+01 6.991574015415970678e+01 5.836843802605309151e+01 5.010095631873859645e+01 4.242681566633893198e+01 2.424731862283367079e+01 4.445814243603126670e+01 5.866124277508505003e+01 6.719675942933810120e+01
9.001595176218036079e-03 3.296981341283357292e+00 6.630314674616676562e+00 1.011186779373060318e+01 1.382577455727167326e+01 1.799606283841387366e+01 2.271010804641947445e+01 2.937677481214441144e+01 3.644784452880275438e+01 4.799505359683099925e+01 6.800088851622798813e+01 6.892096958325896594e+01 4.868784823892884361e+01 3.923678097018938615e+01 5.960027893332252802e+01 6.088386673514778380e+01 4.071390827558887082e+01 2.640016455410379592e+01 3.950575133440101183e+01 3.393674856848739552e+01 5.299302583135902012e+01 6.535740548600121258e+01 5.114393857570168933e+01 3.065105864307100703e+01 4.556652492151707179e+01 2.955708415285012691e+01 4.146322041282461157e+01 6.174472400749930046e+01 7.294836593518303403e+01 6.173336163049317094e+01 4.164745124260180376e+01 2.987067169794223176e+01 2.227505385120930725e+01 4.242379432458650257e+01 4.445272063634650550e+01 6.460482894203316562e+01 7.287151254667395506e+01
5.674351268809080251e-03 2.000567435126845339e+01 2.663030674161258204e+01 2.425383140351201661e+01 2.796669390633291030e+01 2.954319943877185395e+01 4.271119928175847491e+01 4.271075227935774166e+01 5.645047754041542021e+01 6.474038010961477596e+01 6.800877975980296242e+01 6.721980397570503385e+01 4.651176335238553605e+01 3.207227100877538817e+01 5.240067247276461160e+01 5.150343167197843286e+01 4.299884756081743120e+01 3.995062830829590439e+01 1.985128238240963228e+01 3.395925146304641373e+01 5.297610778448967039e+01 6.960096417010777259e+01 5.927254174853849378e+01 4.556652492095899731e+01 2.518162240936491614e+01 4.556652492151707179e+01 5.818134676782023718e+01 6.971514776691566340e+01 7.532777617094720313e+01 6.712844289334702808e+01 5.836689569424098067e+01 4.104037928628933685e+01 2.105269098879277934e+01 3.957989066620920937e+01 3.959727792325727336e+01 5.973255421764978479e+01 5.520621572862608417e+01
9.518805923843161668e-03 1.415165442965491849e+01 3.415165442965562193e+01 4.424448534604014327e+01 4.792906025380309387e+01 4.955621723826622826e+01 5.787294491319097034e+01 6.271142958229707887e+01 6.388453653580153713e+01 6.053128924407641875e+01 4.540786813323648374e+01 5.986476323587943682e+01 4.714600267089608110e+01 2.689181640587620947e+01 4.714600267089645058e+01 3.973177249039157033e+01 2.263677779732508100e+01 3.102410108670438404e+01 1.599415156018179118e+01 3.613043492655994982e+01 5.198542872444158292e+01 5.203707199092929159e+01 4.816423664060279464e+01 3.992071465836463062e+01 2.282245658860055926e+01 3.456212076784095188e+01 4.901260696005572726e+01 6.853327891171772990e+01 6.373079207768877552e+01 4.691328138485766175e+01 5.421664287322213482e+01 3.375110360791614283e+01 1.990924477460876219e+01 1.954549749675343051e+01 3.960307138139102534e+01 4.882439906933247187e+01 5.489331049970699183e+01
9.062254805971973678e-03 2.000906225480561673e+01 3.122051903263851003e+01 3.776499617772762463e+01 4.561779992040422371e+01 5.443843314583624249e+01 6.686460473923948200e+01 5.823100408829557750e+01 4.496951063555424355e+01 4.944670028539572826e+01 2.805435956149992549e+01 5.015736476858452164e+01 4.205883725777490412e+01 2.215619318836487750e+01 3.598305608060767469e+01 3.122723834910357965e+01 1.051816240836263106e+01 1.071864449822114018e+01 3.053087470091925226e+01 3.755057083994493183e+01 3.404000529640937600e+01 4.468717366340142405e+01 3.682397717676294491e+01 1.958744657172734449e+01 3.905460738408626042e+01 5.093285671618187394e+01 5.826227161780020225e+01 4.999127459932724094e+01 5.545771218135939762e+01 3.441134086889342569e+01 4.330670265360708981e+01 3.783753549005697181e+01 1.869510864463673627e+01 3.872993709560662268e+01 2.039493591034075592e+01 4.049536734186660425e+01 4.233533785780877423e+01
3.063233560239582431e-03 5.550024624725724109e+00 1.132302284586017294e+01 1.798516711719884853e+01 2.780177096055900776e+01 4.106073952086512691e+01 5.180839861300306382e+01 4.971779474071971805e+01 3.107168784677059747e+01 3.702685536148253220e+01 1.810163777538127050e+01 3.354766440058895682e+01 3.750040327137948992e+01 3.597199135822325644e+01 1.559411419176524305e+01 2.268889394891436595e+01 1.025869446037764376e+01 3.054670761430002202e+01 1.120101251080278715e+01 3.095026204814529436e+01 2.435763586800961633e+01 3.541049393820465241e+01 1.632644649416917915e+01 3.419735152674054035e+01 3.496067009199996534e+01 4.154115880566081387e+01 4.581795553531058118e+01 3.005565286432377547e+01 4.641790869329764035e+01 4.330599735209151646e+01 1.874990061678095188e+01 1.790811297343650565e+01 3.792379380543417255e+01 4.594768541199132983e+01 2.556561557119520600e+01 2.125189915480612157e+01 2.186478672039488913e+01
5.666595628964066558e-03 2.000566659562860750e+01 3.122051903263851003e+01 3.776499617772762463e+01 4.561779992040422371e+01 4.611324257443605745e+01 3.227525644745102085e+01 3.281168841647903633e+01 3.616228446215582437e+01 1.792680363883358652e+01 1.265578224628986881e+01 1.416278325767909507e+01 2.189717616063669325e+01 2.900199572004199311e+01 1.020466270595086300e+01 9.786818378055219370e+00 2.835787891705335539e+01 3.830833397142582442e+01 3.030415479770607234e+01 1.167745295341620526e+01 3.058229634221784821e+01 2.623823627245786483e+01 1.359186207648526334e+01 1.331174047100230418e+01 1.365514865507717346e+01 2.912182208884266643e+01 3.471468683096993857e+01 2.085914019204373560e+01 3.579349682814333278e+01 3.632178095805659979e+01 1.709690407376697507e+01 3.711894886601562149e+01 3.067380494031502636e+01 5.068366315083142126e+01 4.737794143202129504e+01 3.125504080800521223e+01 2.782638675001338413e+01
2.110006612196471242e-03 1.154910586937640282e+01 2.569061649364216393e+01 4.566102631658347377e+01 4.694022931685579891e+01 3.608322827511012321e+01 1.871176167412012603e+01 1.899092592393639478e+01 2.557453533468404316e+01 1.722982076345749647e+01 8.033975465384543213e+00 8.345317127731204820e+00 8.664200994253063115e+00 8.988880638673611756e+00 9.317882894943574357e+00 2.949065719826243992e+01 1.457626062417086921e+01 3.478320149937164985e+01 3.592466465879346060e+01 1.735205897377823092e+01 1.215225592452284964e+01 1.248903199668214015e+01 1.282965762362258744e+01 2.700024936257613817e+01 2.185188440597964643e+01 1.414825451967429260e+01 1.450010342812368336e+01 1.508296682920263443e+01 1.567201769147187029e+01 1.626497413556535321e+01 3.632147591324258684e+01 4.543711206119417056e+01 5.074789817493076782e+01 5.074579543700619411e+01 5.092430156853438916e+01 5.092671844296961581e+01 3.423143107870079405e+01
9.367352646185668139e-03 2.000936735264583177e+01 3.561677796472709190e+01 4.487565103067019834e+01 3.709234264279271542e+01 2.126431403501203476e+01 8.160403857350331691e+00 7.037115630754035678e+00 7.317415717013912690e+00 7.606700179281173924e+00 2.557995824321092115e+01 2.981913484163436934e+01 2.851444686704852316e+01 2.916947012005267226e+01 1.144923876958970155e+01 3.151944390217341407e+01 3.478321144646510987e+01 1.956716488999529702e+01 3.967923669201615411e+01 3.720526321530173419e+01 3.247581827134472121e+01 2.551742323448395311e+01 1.481802241412047216e+01 2.368305234188369468e+01 2.910382955873717847e+01 3.474208435642287185e+01 3.446838330327178568e+01 1.513640050035363949e+01 1.999030713365236522e+01 1.599845965149148697e+01 3.917953839821257844e+01 5.045616554179640190e+01 5.868655662148383811e+01 7.081001884246998657e+01 6.994700367539557817e+01 6.189781198095894865e+01 4.152169597008143853e+01
3.648181865326004768e-03 7.562768044493221709e+00 1.751606620319582674e+01 3.660569373494011813e+01 3.454985056828801504e+01 1.055951015034109197e+01 6.649805740841451041e+00 2.582193262490192609e+01 2.069680914692620632e+01 8.147175258131662545e+00 1.820071759397584188e+01 2.929703650752227517e+01 4.574829520585561227e+01 3.976259758265823763e+01 2.134675163395557362e+01 3.990555481070293808e+01 3.967923675148597340e+01 3.967923675148597340e+01 2.491457873494059783e+01 4.496864655570821157e+01 5.465072965245666126e+01 4.607053199463279469e+01 4.695102424869102720e+01 2.784671795280009121e+01 4.410862994358105027e+01 4.461280322468577708e+01 3.826730796679030533e+01 1.558957062299669794e+01 3.273664161098742653e+01 3.864441334181133669e+01 2.587231863662995579e+01 3.049804830254152677e+01 5.045620314505300996e+01 6.567378146468962541e+01 7.355291661581878770e+01 7.037170846791050849e+01 5.388060106089320556e+01
