LEM/sinusoidal_perturbations/elevation_000113.asc
nrows	100
cellsize	150.0
xllcorner	0
ncols	100
yllcorner	0
NODATA_value	-9999
[rows 51 to 67 of 100, columns 37 to 73 of 100]
9.412824094333983282e+01 1.008571242068663736e+02 1.090174997246209614e+02 1.189313798347622111e+02 1.184240330169962050e+02 9.877158843389570109e+01 9.620380821486320144e+01 1.126119548912458868e+02 1.164812431849003929e+02 1.245169480115168597e+02 1.243256428478848221e+02 1.243256428478848221e+02 1.326316140754734079e+02 1.189005852773701690e+02 1.048869873282174865e+02 1.048869873284523351e+02 1.246711611278147842e+02 1.240240624867483490e+02 1.138489221918602539e+02 9.680838999057193917e+01 1.101923789569180201e+02 9.118636046466080813e+01 1.000574145378930950e+02 1.204046073842868765e+02 1.224916488136141623e+02 1.027461482394509176e+02 8.864110861871884595e+01 9.858529003886717135e+01 8.002344030442327494e+01 7.891267881552192875e+01 8.601487608155234454e+01 9.608407761045158679e+01 1.161332570495108456e+02 1.297571398614681755e+02 1.098597872937920670e+02 1.050776284898095270e+02 8.513670486263315240e+01
7.380221793923004725e+01 8.067047441628668025e+01 9.089069241975685998e+01 1.108235559939760577e+02 1.264523214068078545e+02 1.184240330169962050e+02 1.158982439703761571e+02 1.239319016720846776e+02 1.201740354789174177e+02 1.143080549223998048e+02 1.042904669969147022e+02 1.042904669969146880e+02 1.243256428478848221e+02 1.106816374700704699e+02 9.078943809459386216e+01 1.106816374700704699e+02 1.230896707466114748e+02 1.155496472060628292e+02 9.524441967858925295e+01 8.517165384663120165e+01 8.992714989678712811e+01 8.357741626977498584e+01 9.783687377051037970e+01 1.181661946313368929e+02 1.240170151353348160e+02 1.042748980585804048e+02 9.018724692502074447e+01 7.860631732406712047e+01 7.398839507815340255e+01 9.405818979431725779e+01 1.061086673299811309e+02 1.144114687401385879e+02 1.244350517910161500e+02 1.291042126471086533e+02 1.204268711496466437e+02 1.028639558135789258e+02 8.299943482210467494e+01
9.412824094333976177e+01 1.008571242068663736e+02 1.090174997246209614e+02 1.189313798347622111e+02 1.294574421036532215e+02 1.211541496896531100e+02 1.294574421036532215e+02 1.194173910153566993e+02 1.001256601611181907e+02 9.425156114896864779e+01 9.009331019536273288e+01 1.101586341413988492e+02 1.183446464841994867e+02 1.043911716886843237e+02 8.443612144672194120e+01 9.498390977461022544e+01 1.148567552468165616e+02 1.240240624867483490e+02 1.105275695415487149e+02 9.586269806620080658e+01 7.565402866867957243e+01 9.586269806620080658e+01 1.079603892700045691e+02 1.164141968400139291e+02 1.164865406458415578e+02 1.081683108863572755e+02 1.068063422859519562e+02 9.109879925748357721e+01 7.101896179097843742e+01 9.109879618944978574e+01 1.076049176639522926e+02 1.174145362742647478e+02 1.091627163306429367e+02 1.091627163306429367e+02 1.122063112471451660e+02 9.227409389890920011e+01 8.094481216424804870e+01
9.292073524453540756e+01 1.011363533094780962e+02 1.101048453371228248e+02 1.215072906215057742e+02 1.194385803460089761e+02 1.011198217492502067e+02 1.194385803460089761e+02 1.111361076417455251e+02 9.106436841872826449e+01 8.000511688593093140e+01 1.001259721683808692e+02 1.146503908297153629e+02 1.101198218645134972e+02 9.021998355226682520e+01 7.863206708677442691e+01 9.863064486545509624e+01 1.138977433299039461e+02 1.164511455661046568e+02 9.613352204569414994e+01 8.186265945742579220e+01 7.171440467280757503e+01 9.197353782732648142e+01 8.770416167751434955e+01 1.046933740657955809e+02 1.081683108863572755e+02 8.812026878878596392e+01 9.399220436963882719e+01 8.856897726058825526e+01 6.847131184743015808e+01 7.920603944435200106e+01 9.340550572688398745e+01 1.085524940444541500e+02 8.939196850646999337e+01 1.085528757594883444e+02 1.063738387279271649e+02 9.864062662319466313e+01 7.901044896948118890e+01
7.234204963845496650e+01 8.168938392601175735e+01 9.357711785476328714e+01 1.134665110652485964e+02 1.111369857194516300e+02 9.107047344861430815e+01 1.111369857194516300e+02 1.089501315979076139e+02 8.886693462441841973e+01 7.454336814041923276e+01 8.625786554097801684e+01 1.063467176693431355e+02 1.099145053673136658e+02 9.415882690861383253e+01 7.411616194234063926e+01 8.573200280345724877e+01 1.056700827094805391e+02 1.091946373586495724e+02 8.893074262650061712e+01 7.726244182624357393e+01 6.814192275488025530e+01 8.390654997283927230e+01 7.610224541100207318e+01 9.504447579707390048e+01 9.326355777841247630e+01 9.349261756818235369e+01 7.414950420910000162e+01 8.336227029624811280e+01 7.499231617971591390e+01 6.496460991659212425e+01 8.509122030663826308e+01 9.446622622991415597e+01 8.080011731663060459e+01 9.068739958682166957e+01 8.660956449347020225e+01 9.413020360835197664e+01 7.710637739041575855e+01
7.212101897957623464e+01 8.415155396967482204e+01 1.044019025072149986e+02 1.169896597061214010e+02 1.044481482958391894e+02 8.430975313734616350e+01 1.044481482958391894e+02 1.064563170599663096e+02 9.053537029423212346e+01 7.024564993469449803e+01 8.464312808145804468e+01 1.047605013570984624e+02 1.016824667216742739e+02 8.170815749463950795e+01 7.004634794153120936e+01 8.430586261146825677e+01 1.042599992240441793e+02 1.176537579978818400e+02 1.059276340570729218e+02 9.686290314584101679e+01 8.390654997283927230e+01 6.371527917645921946e+01 6.731468501004108873e+01 8.028815647883784834e+01 6.132273988421292188e+01 8.157541451071649874e+01 7.768884022602821915e+01 6.343132728560300393e+01 6.403217998788908005e+01 8.407461541968483232e+01 6.599478064698412538e+01 8.615415243065864104e+01 8.432201466418440816e+01 7.118629542250954501e+01 7.294763411969026379e+01 7.468902399128148772e+01 9.413020175784173205e+01
7.793075752892845287e+01 9.838284204253876908e+01 1.125625844940459643e+02 1.086864341841931036e+02 8.858295454168235494e+01 7.826324586306300546e+01 9.164734517287371318e+01 8.703655194926096783e+01 7.731634710635991325e+01 6.646573017802236905e+01 8.072463085451995823e+01 1.008889110650721506e+02 1.029555398554097536e+02 8.653951862252732496e+01 6.643362134285301579e+01 8.068394226338067199e+01 1.006761304842906810e+02 1.043645187531363518e+02 1.003044319038020689e+02 9.198923058680834686e+01 8.599804118349413784e+01 6.235156926301404923e+01 5.982148158405791349e+01 6.045964152828015159e+01 6.333292267458839575e+01 6.211266617803873658e+01 6.264262686413217551e+01 8.236814960477410352e+01 6.373086843722571615e+01 9.190075850010879321e+01 8.528011182501673204e+01 6.705328228850831351e+01 6.875598241758449092e+01 8.834950744348907392e+01 8.995064459780707011e+01 9.396926391159813363e+01 9.900509455846730589e+01
8.582594018581316675e+01 9.472142754466288750e+01 1.146742682949151373e+02 1.169896597061214010e+02 1.059479007731889766e+02 8.572386109374856744e+01 7.051803621187845295e+01 6.527027888702782832e+01 6.213693242463273236e+01 6.601706319803126632e+01 8.336636806002731248e+01 9.938428339713318849e+01 9.471188369158944909e+01 7.467052818458989805e+01 6.322240325738466282e+01 8.314100169469824664e+01 9.842399055632061788e+01 8.428491627076176940e+01 9.190991373805235298e+01 7.189602271331132499e+01 7.773420009964853250e+01 5.894074551346745494e+01 7.832874735917162923e+01 8.027107492661539823e+01 7.550633190254022509e+01 8.164389647396076555e+01 6.507775206463617224e+01 8.549765041249162323e+01 9.719214550276048215e+01 9.670103535483855239e+01 7.711436033012927282e+01 8.722051691559451569e+01 6.826058718801688485e+01 6.912320203909381178e+01 6.999038714477792666e+01 8.136021904480419664e+01 7.899692153939426476e+01
1.002180552162244851e+02 1.141547906143970152e+02 1.227875978448199703e+02 1.223149155328821820e+02 1.133422428683776246e+02 9.551077321645040286e+01 7.475325514438893038e+01 8.703655194926096783e+01 7.949618643277396757e+01 5.968411989343860569e+01 7.102155357474426012e+01 9.107275017326819011e+01 8.596320699250445330e+01 7.999159475039613199e+01 6.045577213881408341e+01 7.581893464024429363e+01 8.430838977239524468e+01 6.951382965979487949e+01 7.623310897609425751e+01 7.536381473222658656e+01 5.805276122057494348e+01 7.745428779561636645e+01 7.786081953642984388e+01 9.500396727915092754e+01 9.625191480555648127e+01 9.382825882052063093e+01 8.549765041249162323e+01 7.159826918779806704e+01 9.244733341912034064e+01 1.050739759659654027e+02 8.595336812939061133e+01 1.021331777520925073e+02 8.503280428424420734e+01 8.925868988051693975e+01 9.006149642781183218e+01 7.122220713900122746e+01 9.126806599029377765e+01
1.200023202268671980e+02 1.229971087251473421e+02 1.281786089509602391e+02 1.081436888811047652e+02 9.394083324056248330e+01 8.483018894764978768e+01 9.551077321645040286e+01 9.137738942264660125e+01 7.136088942732533269e+01 5.749806816632922590e+01 7.410470882515660662e+01 7.823580628475473020e+01 6.606295745928241558e+01 7.247361109411725977e+01 7.268607842865286273e+01 5.673155824335386654e+01 7.586716586911659022e+01 5.949691588860470404e+01 5.658526953178881058e+01 5.719693750889861406e+01 7.685329775556037646e+01 6.077896847193971297e+01 8.062042168494886596e+01 9.057742239462318423e+01 1.029081182519806390e+02 1.088399541746624806e+02 8.876317927850564615e+01 9.244733608890871324e+01 8.051446962027674203e+01 1.006797961539272279e+02 9.724989587493188026e+01 1.139640369051357567e+02 1.082433175393754965e+02 1.012921169591521249e+02 8.301137713067032564e+01 7.210404032592539636e+01 8.865321501736040943e+01
1.171257914052275595e+02 1.029515852205563959e+02 1.171257914052275595e+02 1.223149155328821820e+02 1.133422428768041073e+02 1.050357803476832004e+02 1.002769190286529835e+02 9.196625922494087035e+01 8.544604705141469481e+01 7.404076853519701729e+01 5.444851559315831224e+01 6.094652450565925506e+01 5.222602263205148176e+01 5.281646955376022134e+01 5.340678074358616101e+01 5.399703942845711424e+01 7.364492517523241588e+01 5.571502228377248400e+01 7.535872183432992699e+01 7.000455584435839285e+01 8.437857000778505778e+01 8.062042173048094185e+01 6.359057482678114326e+01 7.297508538038560744e+01 9.186475181260369993e+01 1.091051289891861131e+02 1.088399542108932678e+02 1.069887068138382631e+02 8.703817957400343630e+01 1.069887068138382631e+02 1.172174871003771557e+02 1.255345484435901540e+02 1.185219415370862066e+02 9.869148650575601778e+01 9.630723613740953226e+01 7.298615016310780845e+01 7.845045101972579005e+01
1.081535617388693140e+02 8.875310996940302743e+01 1.040020795432462535e+02 1.061957884496059705e+02 1.145007907358758956e+02 1.061655673851530963e+02 8.608471320866604515e+01 7.185487451191318087e+01 7.922765331834658298e+01 7.649202247281745315e+01 7.026737087639797608e+01 5.139176095787991727e+01 7.107084736482529763e+01 7.247361106441258016e+01 5.788361410696136744e+01 5.999029135573611171e+01 5.484664615356896888e+01 7.449139329699832501e+01 6.327158304029362057e+01 8.294515345838624398e+01 9.577259471387129963e+01 9.187579680479215938e+01 8.358747120538929209e+01 6.660288565942087757e+01 8.079379717401587868e+01 9.816874897047138404e+01 1.121960002469783291e+02 1.152857240916705166e+02 1.011286393482172770e+02 1.011286393482172770e+02 1.211361611657620330e+02 1.279351309744493506e+02 1.081448657916055964e+02 9.958203765536423191e+01 7.915461190420333537e+01 7.386956116647537840e+01 9.355364811208822573e+01
9.984735243125908255e+01 7.976793948832134618e+01 8.392811905931669969e+01 8.612449498356875210e+01 1.004941580219828126e+02 1.088011029449760230e+02 9.372548332324362264e+01 7.924616736364060898e+01 5.935560611942634779e+01 5.702579782671845976e+01 5.058724881492900494e+01 6.918181180705096267e+01 7.248180311842891399e+01 8.938659040488298047e+01 7.757639594561304364e+01 5.843667528325227067e+01 7.449164587816312633e+01 8.277659987995659208e+01 8.321408165151456160e+01 7.210682610145920535e+01 9.220004010231509994e+01 1.030259698841189504e+02 8.298845326953583879e+01 8.666540607802195950e+01 6.981886375980175785e+01 8.403252592820422251e+01 1.015087217573864393e+02 1.131013857887483738e+02 1.211361611657620472e+02 1.211361611657620330e+02 1.294428088351238841e+02 1.221432553616155445e+02 1.023465429837929150e+02 8.806325299508112892e+01 9.916691916633423887e+01 7.697640161765042421e+01 7.514441385292380460e+01
1.020763723470649609e+02 8.980764595979020726e+01 6.979704895336841730e+01 8.980764595978463660e+01 8.046409977628853483e+01 9.723256984151772997e+01 8.526687894415933044e+01 6.514392061835124537e+01 6.843447953893917202e+01 4.979225017006642418e+01 6.937432716303754887e+01 5.612665900968978860e+01 7.585014071157056037e+01 9.013761846211906459e+01 8.646589991722115087e+01 7.815729453309472774e+01 6.214115465184770670e+01 8.211213868793666393e+01 9.475803928692042177e+01 9.220004010231509994e+01 8.284889039592971471e+01 1.029382596596144026e+02 1.030259698841184246e+02 9.818259874982420854e+01 8.990235415711676126e+01 7.319745999086613608e+01 8.480233609511581960e+01 1.048414249398549742e+02 1.144889583366101107e+02 1.144889583366101107e+02 1.343982166083477239e+02 1.221432553581437332e+02 1.023465429837928440e+02 1.023465429837751373e+02 1.051242243445544631e+02 8.434929775810117292e+01 9.564733350972001347e+01
8.528408919232556684e+01 7.372635527314459125e+01 6.498673678897026207e+01 7.882956652841127720e+01 6.909651565288086772e+01 8.833489048694509904e+01 7.609640435653861346e+01 6.749894946021186115e+01 4.900232844891486650e+01 6.209669334493362669e+01 7.700133908111028802e+01 7.585014071742345720e+01 6.197477979120019143e+01 8.183961341522329747e+01 9.481616543015948650e+01 7.472933544960301333e+01 8.211213868793666393e+01 6.635530961652972337e+01 8.644473575258203368e+01 9.936725991537852565e+01 1.029382596596144026e+02 9.706714698629316729e+01 1.171123795017669096e+02 1.098972982843961574e+02 8.987847761941719682e+01 7.567691456514779702e+01 9.574185444086563734e+01 1.029404200346156699e+02 9.448630324441930384e+01 1.086555539342678429e+02 1.285720423597346098e+02 1.303543380040273405e+02 1.221432553581437332e+02 1.221432552895215480e+02 1.127899749061611487e+02 9.259820955303480616e+01 1.018329243249163198e+02
9.046770801937663009e+01 9.046759672958332033e+01 7.882907880727336192e+01 5.941011733914916704e+01 6.062886481422852825e+01 6.967370394637852371e+01 6.716228371025763977e+01 4.821605232057262214e+01 6.663299139939238103e+01 7.609980757722256328e+01 8.824684424030648699e+01 8.642102682564164695e+01 6.645110875104481352e+01 8.642102682564164695e+01 1.031260688563598507e+02 8.893830935071422061e+01 9.475803928692042177e+01 8.644473575258203368e+01 7.095411580191483836e+01 9.105655057973712019e+01 1.045519739206729071e+02 1.171123795017669096e+02 1.254168492351392104e+02 1.098972982844864390e+02 8.987847761941719682e+01 9.574185444082741014e+01 7.943905887814217692e+01 8.287899266214847671e+01 1.029404200346019707e+02 1.169805815414408556e+02 1.187123389392573642e+02 1.386015938614922050e+02 1.369248850191894178e+02 1.169893812316326489e+02 1.054530148668838478e+02 1.097168758075416548e+02 8.961666461634710856e+01
9.046770766643213335e+01 7.037643906374373159e+01 7.776078078044247377e+01 7.333692384241568618e+01 5.430200311381709355e+01 5.066908771570171410e+01 4.743199975358997733e+01 6.675219010776710604e+01 5.211783161395195663e+01 7.264714953393492181e+01 8.683995453935327191e+01 9.143004298261455176e+01 7.139397835472188092e+01 9.143004298261455176e+01 1.079198353890899398e+02 1.090065652948331660e+02 1.052506392383692884e+02 8.517716655180549878e+01 9.105655057973712019e+01 7.615412586239737891e+01 9.624364111303231084e+01 1.104707258559390795e+02 1.220492557227513117e+02 1.181527614793361494e+02 1.098972982844191790e+02 9.792453611601837338e+01 8.371679892186571692e+01 1.029404200346157268e+02 8.868237915230689339e+01 9.874110900840057070e+01 1.187123389392647255e+02 1.353232950107666568e+02 1.452403546663477130e+02 1.337069430576851516e+02 1.186449605058635939e+02 9.868115625571722660e+01 1.097168758272982387e+02
