LEM/sinusoidal_perturbations/elevation_000223.asc
nrows	100
cellsize	150.0
xllcorner	0
ncols	100
yllcorner	0
NODATA_value	-9999
[rows 68 to 84 of 100, columns 0 to 36 of 100]
5.009162696260268353e-03 2.000500916269590590e+01 3.855277968879164519e+01 2.441838868633308124e+01 1.694290959265956431e+01 3.108506439288678536e+01 5.107055703533951174e+01 5.814242686870413479e+01 4.484615647076990541e+01 4.943019946283391164e+01 6.856669024879377616e+01 6.070080342357190517e+01 3.818213465528894091e+01 4.269031302905572289e+01 2.879753275376367938e+01 1.924121607701012948e+01 3.068626374674638413e+01 2.944778288506214281e+01 4.947182173574945807e+01 6.587079862534473307e+01 7.410109958353181980e+01 6.622307622804039795e+01 5.798775671990068759e+01 4.748712725326323181e+01 5.635237300342889455e+01 7.042539808069305707e+01 9.031731281968289693e+01 9.365143989318427487e+01 9.433143458440684981e+01 9.079075191974726522e+01 8.084685368162506336e+01 7.260185950168137481e+01 5.692383561223611821e+01 7.680278227461050733e+01 7.813275350615838022e+01 6.468820664036053358e+01 4.474565406083735297e+01
4.695337527364121070e-03 2.000469533752700713e+01 3.829188539392484358e+01 4.440872615452192917e+01 3.693867966250733303e+01 2.479098595752779843e+01 3.633259609396641565e+01 5.631553772457730389e+01 5.857662353816301248e+01 6.856669024879377616e+01 6.889363120408727070e+01 6.009217957743308602e+01 4.359017590575562906e+01 2.058230613869732295e+01 1.978479676680863975e+01 3.877370448247693702e+01 4.621949324946221083e+01 4.983561706941934233e+01 4.675824160912895877e+01 6.830924610950782494e+01 7.321646101192111189e+01 6.502870961015355533e+01 7.321666697346950059e+01 6.735230378546387442e+01 7.559151133596415661e+01 8.448994595455047829e+01 8.788322024454636505e+01 7.394043770754944944e+01 7.462165086481766707e+01 8.856488964266780783e+01 9.995002386822331175e+01 8.504916796126852319e+01 6.840553853428762920e+01 8.504916796126852319e+01 7.359238080737590337e+01 5.368204208643193454e+01 6.468820664011110466e+01
7.614146464036155443e-03 1.000761414646394876e+01 2.414974977019464930e+01 4.414974977019393521e+01 5.143949291746822183e+01 3.145615714989411771e+01 5.143949291746822183e+01 6.459429684037134223e+01 7.803644466495018150e+01 6.892382044023790399e+01 5.863951215609630907e+01 3.919044840716206579e+01 4.016415085275320251e+01 2.030995084233011028e+01 3.862180707742665930e+01 4.638833611199440554e+01 5.591581706790963580e+01 6.364002286744858594e+01 6.758525495521703874e+01 6.546176273004404322e+01 5.727407151527931006e+01 4.533360426731798754e+01 6.335838714709350228e+01 7.474595161137280286e+01 9.349276910081010783e+01 8.194213843224942195e+01 7.376638154341003428e+01 5.993514987691986562e+01 6.061974399887330378e+01 7.206225436251537531e+01 9.177658963979992279e+01 9.653157375947951380e+01 8.827363054566150424e+01 8.422702286694632789e+01 6.433142935800202622e+01 7.359238080737590337e+01 6.754847580604982227e+01
2.352828262072654761e-03 2.000235282826171712e+01 3.181051603868476363e+01 3.888158385055071165e+01 4.716585509801291209e+01 5.143949291746822183e+01 4.409499044273070467e+01 5.822397799893469994e+01 7.820953892238988203e+01 6.019699471919653888e+01 3.983540393011980996e+01 2.995971231371817112e+01 2.381103297267953067e+01 2.067737237523101257e+01 3.974233040572696751e+01 3.288894252720941580e+01 4.230623490133171316e+01 5.541440332616725328e+01 5.844013301912226410e+01 5.382871864809139595e+01 3.765346504409894379e+01 3.558607512594947764e+01 4.685222926083853423e+01 6.655867736381919997e+01 7.376566904459157570e+01 7.052022659274854277e+01 5.396995926285875100e+01 5.001426435347300981e+01 6.403720416539577798e+01 8.379611203496151006e+01 9.143459562009080344e+01 9.720430368870385962e+01 1.023899890714635319e+02 9.249082068894469444e+01 7.839236507629352957e+01 8.422702286694634211e+01 8.161484867189332704e+01
6.786455232800275850e-03 5.780289147129082039e+00 1.181051603868440836e+01 1.888158385055000821e+01 3.042858923434272711e+01 5.042858923434343410e+01 6.407761326759788290e+01 7.235701056880097326e+01 8.163426673277297141e+01 6.892382044023790399e+01 5.863951215609630907e+01 4.988474794039584026e+01 3.427735872903517844e+01 3.844257477872213968e+01 2.120968300477393242e+01 3.716876920984635291e+01 4.106600717576193205e+01 4.409849464244867079e+01 3.751738894770844013e+01 4.271576811293305553e+01 2.491804405677863343e+01 4.569340780969854876e+01 5.758426934537594377e+01 7.005681460590803056e+01 6.187605852981607057e+01 5.396995907123500302e+01 4.257563255949463610e+01 6.233691181074227217e+01 7.359292681636473787e+01 8.176713703862743898e+01 7.172540535849982746e+01 7.749809353442385884e+01 8.270888663384100425e+01 1.023899890714635319e+02 9.831313283694618121e+01 1.041640022061533273e+02 1.015450882690528260e+02
3.257643153035955173e-03 2.000325764315267918e+01 3.181051603868476363e+01 3.888158385055071165e+01 4.716585509801291209e+01 5.871286048180562744e+01 6.281767030230372484e+01 7.110021302171702473e+01 6.163809216450999884e+01 7.577475360206665300e+01 7.495864143576488914e+01 5.436842265260030160e+01 4.721652150412233340e+01 2.753457511694275439e+01 4.085729799584934341e+01 2.175207615978061071e+01 2.213687222518412767e+01 3.080563432627769060e+01 2.324050056120139374e+01 2.363638779147701996e+01 2.403632025691630147e+01 3.247360146281288706e+01 4.921431741743576538e+01 5.862481019809690252e+01 4.219438157117514265e+01 5.254030223770095631e+01 3.855394043938921556e+01 5.745530520248269823e+01 5.382845738899369792e+01 6.865241245368318346e+01 5.771854933668473819e+01 6.659307825146476034e+01 8.632043622225640433e+01 9.136961033663934018e+01 9.952465389761157155e+01 1.047528006792513793e+02 1.112999797568042908e+02
1.880098487986705483e-03 1.414401572221906278e+01 3.414401572221976977e+01 4.294834757140228731e+01 4.309755175542169070e+01 5.137730850822676132e+01 4.281825847488181580e+01 5.955415342699491532e+01 4.749623966551140342e+01 6.346007768600136956e+01 7.173933226348884773e+01 6.345798352997898206e+01 4.356381803055806756e+01 3.275526001205022908e+01 5.050812310010958583e+01 4.322447559159866870e+01 2.380573668925312347e+01 2.268513856403505358e+01 4.238226370384519726e+01 4.308230240416794032e+01 4.347825677631861652e+01 2.460573727200875283e+01 4.403677837492396208e+01 4.768139886841998987e+01 3.111711200014918788e+01 3.308441977220849139e+01 3.541556134447522908e+01 3.781880871630683316e+01 4.317466092295055091e+01 4.885072712263315964e+01 6.822223377103100006e+01 7.176843257274727250e+01 7.571587296946326262e+01 7.170966825116008181e+01 8.510221689232079711e+01 8.510221689232079711e+01 9.165027370511157301e+01
2.900726248362994839e-03 1.414503634997943848e+01 3.414503634998014547e+01 2.294602802935127883e+01 2.309809398866163477e+01 3.862205904618861041e+01 3.127126562436882296e+01 4.484688285256505935e+01 3.749625802908077787e+01 4.346139829896753781e+01 6.346006829278969974e+01 7.177801002773136929e+01 5.792228288366940347e+01 3.816352151172081619e+01 5.792217821521801824e+01 6.181706710999249310e+01 4.073076331858160160e+01 2.894770866648737950e+01 5.171099962405001094e+01 4.931079232526742828e+01 3.172919386321839141e+01 2.500972573414807698e+01 4.437397071759026090e+01 2.836450814659778885e+01 4.772918995053139923e+01 5.254030223770095631e+01 4.917654923338884743e+01 5.745530499097881005e+01 4.199396349122914529e+01 4.513224828938714950e+01 4.848534832170433617e+01 5.202371222448280008e+01 5.597827540177173944e+01 6.029935185969230105e+01 6.541411801325824626e+01 7.200506873484219739e+01 8.184071528944389229e+01
5.081304048347549951e-03 2.000508130404799090e+01 2.502421206149715260e+01 8.803877804322159051e+00 1.155108908329591699e+01 1.862215689506331628e+01 3.862205904618861041e+01 2.484715259672343279e+01 2.931928855170440684e+01 4.931887827455987861e+01 6.382904503251442918e+01 7.210483021806686565e+01 6.420222182710087111e+01 4.434489046507571430e+01 6.420222182710087111e+01 7.075021049812841056e+01 5.899247365687946854e+01 3.650388159319442138e+01 5.931356687728393950e+01 5.747585694857586702e+01 4.908892008832818732e+01 4.280556775125668167e+01 2.558303807071316527e+01 4.464574744699142173e+01 5.103720090176441460e+01 6.341941717182140081e+01 6.893342748596106162e+01 6.987599333689371406e+01 5.762950217206874015e+01 5.516876631571455647e+01 6.822223390609548233e+01 6.191432652774124534e+01 6.995269904189450472e+01 7.426150818349780991e+01 7.935025720518530079e+01 9.165027370511155880e+01 9.979850088178524459e+01
4.469920835086939326e-03 2.504469920835081798e+00 5.024233074229919715e+00 2.502373963729229445e+01 3.155098123285784695e+01 1.602322503829541844e+01 1.940384205720942745e+01 3.940368926303960961e+01 4.931887802385634245e+01 3.716393392739870194e+01 4.383060044435303126e+01 6.382868649188693411e+01 7.253390936897369556e+01 5.314731199114681459e+01 7.253569588618746877e+01 7.603400330173018062e+01 5.286646219028273919e+01 5.274229113520911483e+01 6.634465190161772341e+01 7.171050481724181225e+01 5.959194580607385916e+01 5.175668526558356319e+01 4.489021517437877407e+01 2.616937437534850375e+01 3.843582233923903146e+01 5.249868141637863062e+01 6.426226620137518353e+01 7.490441803879411964e+01 7.975348762082973053e+01 6.869258990449273483e+01 8.169538411781732634e+01 7.331272023805874483e+01 8.962940562771476039e+01 9.391860137657953089e+01 9.898867597922679806e+01 9.793508095338330577e+01 1.037244517616964004e+02
2.324776005098761877e-03 2.000232477600474468e+01 1.657123836284816321e+01 3.330354386415293533e+01 3.602295579274566961e+01 3.016535623938797883e+01 3.354596952732254778e+01 3.354596952741829341e+01 5.354547830298951538e+01 4.871092768250227323e+01 6.382904503251442918e+01 5.797257282686607027e+01 7.796344983652616634e+01 6.463125828650882454e+01 8.152019765166151899e+01 8.567779281047941708e+01 7.592249545889232820e+01 7.480687828686485830e+01 7.370854680361277644e+01 5.562162461212281528e+01 4.608193456746792549e+01 3.255548201461736113e+01 2.989805494796319962e+01 4.495299339548029138e+01 2.676314298353144849e+01 3.370424393416727327e+01 4.520784807165090058e+01 6.138837433540236788e+01 7.050273451581438167e+01 8.099153635929418726e+01 9.350216443901608443e+01 9.297396162525102170e+01 1.011348711134695435e+02 9.735880075564554659e+01 8.915825539881372208e+01 7.830899076575890660e+01 8.405715996189404393e+01
8.699724428260374037e-03 2.000863407807775118e+01 3.657104567724026367e+01 4.485154660907075908e+01 5.602041748305808255e+01 5.016532926629442102e+01 5.354547817812154165e+01 5.354547845468804468e+01 6.182786634791380465e+01 6.870886116176254177e+01 7.698492131077135525e+01 7.796581960174266612e+01 8.622603146084220782e+01 8.479245978673463924e+01 9.320851106196464286e+01 9.536049642552305272e+01 8.397180635280641070e+01 7.517775328670589374e+01 6.704669878481676903e+01 5.580831652575952262e+01 3.653776635396208405e+01 5.190001630206023009e+01 4.344800244239808507e+01 4.847929053388616438e+01 2.718320236322306016e+01 3.190290132968922876e+01 3.605071862901314006e+01 4.064673316169859163e+01 4.862130789834901634e+01 6.536164428870762322e+01 9.154140974736989733e+01 9.102780917019562423e+01 9.886165143047350057e+01 8.915825539881372208e+01 6.952373095524399105e+01 6.441827373611815233e+01 8.344062939520352984e+01
2.249585233037712084e-03 2.000224958523268270e+01 3.644951124589610458e+01 4.799651681074469423e+01 5.723874564543859833e+01 5.732694654165032944e+01 6.320278499808527073e+01 6.637850627404057491e+01 5.805645115186578664e+01 6.286484407824688958e+01 7.117969883024674971e+01 7.473684519469195209e+01 8.306596638692344925e+01 9.494352112876401861e+01 1.050711930753754615e+02 8.723168307188500137e+01 6.768922412627576080e+01 5.627917602207044467e+01 4.741841405069679638e+01 4.088278260197709812e+01 5.605762957384384748e+01 6.370842132827389293e+01 6.217763857744441935e+01 4.795071764417534155e+01 2.760407095480453421e+01 4.199662950845854681e+01 5.202040875701757017e+01 6.138837433540236788e+01 7.050273451581438167e+01 8.176820135326966010e+01 8.852323385086317842e+01 7.228995928733769460e+01 8.852323385086317842e+01 8.933990005609551588e+01 7.527455001939253521e+01 5.560761297238541800e+01 7.527444646792089600e+01
2.739267172789772273e-04 8.165239735994610726e+00 1.971224511978768845e+01 3.971224513504848375e+01 3.707607391852416612e+01 3.715738626352601415e+01 4.306491369543603298e+01 5.473706625015896776e+01 3.786291833125230966e+01 4.269671331515231572e+01 5.832336551925198620e+01 5.463585865282927045e+01 6.653350326577761109e+01 8.645230365178827014e+01 9.753637482543848591e+01 7.913730456922382928e+01 8.252279091277972611e+01 7.484779865371231722e+01 6.406376099055356121e+01 4.449987361280226850e+01 6.406324061083867605e+01 7.035755842956848483e+01 6.280067565232142357e+01 5.062619308925312112e+01 3.556118601245392341e+01 2.819800062683431108e+01 4.862978179507430809e+01 7.249721940444486279e+01 8.108234773842195864e+01 8.475984291781287538e+01 8.053639115068042997e+01 6.124281460304952418e+01 8.053639115068042997e+01 8.116386836680374017e+01 6.151498514737468781e+01 5.010744630870976124e+01 6.406538054588958175e+01
8.327778614586212741e-03 2.000832777861423040e+01 3.644951121716633935e+01 3.963650836458325699e+01 2.271895834023690597e+01 2.277719665565047436e+01 3.693026313331474597e+01 3.997091964558524069e+01 2.607441807699142444e+01 3.199316826706862926e+01 3.815724755389324940e+01 4.642481143971970425e+01 5.804059527857357637e+01 7.813493126935172484e+01 9.557148310801237301e+01 7.711749882195030636e+01 6.372221427727069454e+01 5.679461987211185914e+01 5.019896452348213955e+01 6.406376099055356121e+01 7.198245527362529117e+01 6.291058037948987192e+01 4.689809909075447081e+01 4.057266374900832773e+01 4.434460840545273186e+01 2.861710509822319892e+01 4.439510365919965551e+01 6.155586748344911285e+01 6.153509991443416283e+01 6.517616985040341149e+01 6.517617351436761908e+01 5.431982869988260632e+01 7.380060790415679151e+01 6.739463173181052014e+01 5.921596734106138626e+01 4.547310860553626810e+01 6.529687450292553308e+01
6.510866554257996840e-03 2.000650967802508617e+01 3.527879734094504016e+01 2.761850466525469372e+01 1.105112450957345693e+01 1.372546186524676060e+01 1.662172864055822785e+01 1.962591875547358811e+01 3.997091964558806154e+01 5.129256856851218060e+01 5.660519829909468115e+01 6.258937361932218835e+01 6.978075385337507441e+01 7.884754188344288650e+01 9.032545947486973148e+01 8.800865287535557968e+01 7.697375538542505069e+01 5.901474778911128993e+01 6.154005720542561875e+01 7.740581236238219276e+01 8.046826947039183153e+01 6.291058037948987192e+01 6.280098595721799626e+01 5.474612898949401085e+01 3.185782874297487410e+01 2.903494012561161242e+01 4.853536243739539202e+01 4.187708355286085293e+01 6.137149387240682330e+01 5.804929186021241350e+01 4.552522739234629512e+01 6.517612912689465077e+01 6.632201398047692464e+01 5.921434904039191593e+01 3.938893816253715130e+01 5.921596730025090238e+01 6.867986789942735015e+01
8.953482861371391335e-03 1.692989680296448896e+01 2.388384101628817291e+01 7.434848303993240037e+00 2.761852021960446990e+01 2.780311164758953524e+01 3.693026313331474597e+01 3.404176775404734911e+01 2.607460317759808532e+01 3.090911702743192890e+01 3.620255461655708729e+01 4.208550464294962978e+01 4.885062888425571970e+01 5.921147676952272576e+01 8.191557550393753218e+01 9.172254610503215133e+01 7.439092378526828497e+01 6.767420259248038406e+01 8.061968690216082223e+01 8.837884514296135308e+01 8.393717976987706209e+01 7.577485852311855297e+01 6.621995223036330458e+01 5.313204200761658313e+01 3.333954179887762592e+01 3.213593022776354502e+01 2.962845964715063118e+01 4.912747968439336432e+01 5.702337628028127625e+01 3.837758327390209701e+01 5.147714940746805468e+01 5.187311897249548309e+01 4.651807392746588476e+01 5.275245037076305010e+01 3.625226064001843440e+01 5.534693542383891440e+01 5.908215501035282102e+01
