LEM/sinusoidal_perturbations/elevation_000771.asc
nrows	100
cellsize	150.0
xllcorner	0
ncols	100
yllcorner	0
NODATA_value	-9999
[rows 17 to 33 of 100, columns 37 to 73 of 100]
3.050317349978194770e+01 1.883053800649595644e+01 3.921188826783293280e+01 3.038575191147923604e+01 3.570652255788944274e+01 4.175412172802678867e+01 4.879485859902537470e+01 6.350413383330116091e+01 8.382557249769918428e+01 8.011582219448409603e+01 5.985138362682677382e+01 8.011582219448409603e+01 8.662269670107383490e+01 7.096877416896681723e+01 5.111947885004087055e+01 6.253894529341709330e+01 8.248413456403321220e+01 9.028277139129093598e+01 7.457172212552569590e+01 5.288111835164121288e+01 7.457172212552569590e+01 8.126589797313538099e+01 6.613369335627848500e+01 4.565699157478217529e+01 4.141747178231606341e+01 3.781374574307294267e+01 3.456272011725731375e+01 3.130779489939621385e+01 5.161412808573484767e+01 5.938301035083109269e+01 5.840204045896366125e+01 4.334574159662744819e+01 6.389549805872992749e+01 7.762040865724702599e+01 8.606530365471606103e+01 9.607913265900198496e+01 7.884739777594975862e+01
1.517914640170750751e+01 3.563075562027464116e+01 4.682553601844752933e+01 5.117609333074272371e+01 5.656029745315733948e+01 6.256904981063644300e+01 6.945614541463686464e+01 6.282654861331847229e+01 7.121888493783401941e+01 7.336100932182748124e+01 5.297032940715822491e+01 7.336100933859826512e+01 7.832527510876383303e+01 5.841471866470662633e+01 4.697391690164766231e+01 6.099457793488355151e+01 8.091764776500224343e+01 8.680262750999622767e+01 7.004892405301183089e+01 4.845912873525151809e+01 7.004892405301183089e+01 8.680262750999622767e+01 7.450565201763890855e+01 6.613369335627848500e+01 6.186212157989488247e+01 5.792213201481254714e+01 5.105292782682354868e+01 3.076334843589028267e+01 4.509200769127257757e+01 6.552791156003624451e+01 7.230569958928577989e+01 6.389549805872996302e+01 4.950409353284145197e+01 5.723140006576613104e+01 6.899185896777869687e+01 8.940722958568530032e+01 8.721881142331146464e+01
1.409005951154173708e+01 3.481134576229126765e+01 5.278903050298863064e+01 4.338437123248393590e+01 5.140696215114217438e+01 5.925173251568349997e+01 5.074778119090167650e+01 4.190550985082037982e+01 5.925174421944301884e+01 6.747472706374823304e+01 4.686797250430122119e+01 6.747472706442516710e+01 7.721802729688459976e+01 5.731257196183487679e+01 4.325473820230890709e+01 5.731257196166451706e+01 7.721802657531868874e+01 7.824086327203410463e+01 5.671832750408729140e+01 4.438589472650377132e+01 5.671832750408729140e+01 7.824086327203410463e+01 8.501204117483331402e+01 6.477427026839389157e+01 5.004296676338989158e+01 5.383178890324206378e+01 4.962433769418213814e+01 3.022317094301639884e+01 5.045902388664594440e+01 6.910799124996465537e+01 7.929433432553199168e+01 7.517660135179245628e+01 5.479502876128053401e+01 7.517660135179245628e+01 8.606537251958735624e+01 9.784435449363400039e+01 9.397313293721508387e+01
1.443525496994883994e+01 3.468818752566092201e+01 3.707182064496707596e+01 2.410659471637462303e+01 3.843161364594703144e+01 4.200208052424969196e+01 2.923188401887579246e+01 2.923188401887579957e+01 5.074778123137181751e+01 6.215408591610076172e+01 4.116172747079944827e+01 5.618334890869815723e+01 7.656871985818091275e+01 5.973197966895806843e+01 3.981476349948575688e+01 5.390304646418081802e+01 7.380426926609798954e+01 7.960070223037557469e+01 6.208452740223766853e+01 4.083268469107189702e+01 5.580583196519898337e+01 7.724263908034647841e+01 8.700191365034361013e+01 6.692178546754040269e+01 5.383408050203498618e+01 3.173015578599592246e+01 2.946388237237635011e+01 4.851916587902337596e+01 4.026553239279922991e+01 5.049437365791676768e+01 7.089037711586512103e+01 8.106493896177730107e+01 6.066720949997073831e+01 8.106493896177730107e+01 1.004196633557463798e+02 1.121886776188792538e+02 1.022600215425566006e+02
2.130475461188575181e+01 1.491016392024878989e+01 1.523982348127133335e+01 2.348778224018956351e+01 3.221325778843378629e+01 1.649413947537246017e+01 1.682442157925776982e+01 3.813871968701641180e+01 4.865841025062099590e+01 5.733810860199047710e+01 3.580809149543815550e+01 5.733810860199047710e+01 7.158893174584584074e+01 5.650089931129978993e+01 3.657834538426380533e+01 5.067097268885793682e+01 7.057586461556267921e+01 7.096064071008285623e+01 4.953535937612153361e+01 3.752796860599642059e+01 5.232464597322214672e+01 7.371845910525188117e+01 8.114038465703816883e+01 6.103224876958598344e+01 4.619400382894777835e+01 4.894254396779016503e+01 2.892773882246687478e+01 4.901150970739571733e+01 6.050334011512524057e+01 6.911142278714973486e+01 7.929466658343153540e+01 8.950946097922317790e+01 8.106493896177730107e+01 7.155649139034453299e+01 8.336059789783368501e+01 1.037632861817319565e+02 1.107156868251641697e+02
2.078561872621042284e+01 2.143997627068869960e+01 3.029761866856377850e+01 1.569679255668574847e+01 1.602770702478522580e+01 2.551631387937317186e+01 2.685077335073206228e+01 1.729524320133553061e+01 3.982387101102843729e+01 4.650217069625484356e+01 3.066594753506480586e+01 5.274789353533977732e+01 5.751615151203509413e+01 4.343869397091255991e+01 3.351690707384899071e+01 4.760293112368305657e+01 6.766214646863625148e+01 5.979522459826280567e+01 5.107368967269660942e+01 3.450934743518517678e+01 4.913351249442895607e+01 7.045594071363983346e+01 7.314437825825154960e+01 6.974642735269712546e+01 6.140229408607574868e+01 4.868194161646650286e+01 2.838648457349767540e+01 4.767724002582574627e+01 5.644056892504143264e+01 6.498859967595821274e+01 7.271375528762344231e+01 8.090737821340435687e+01 9.094626668577269868e+01 9.198378860883137520e+01 1.004196633556338583e+02 1.061538565936313177e+02 9.782077148205971184e+01
2.608820438984060885e+01 3.385929950981676484e+01 1.752037856556558637e+01 3.630841943280494633e+01 1.662898735014709217e+01 3.780618891707098328e+01 3.745982853675141655e+01 1.763041109728229827e+01 3.773156431724618898e+01 2.392977587782379700e+01 4.650207859399711197e+01 6.123761282040543108e+01 4.926484489729416794e+01 2.930933345273860624e+01 4.874244359840655250e+01 5.917387421925666757e+01 5.568808050396538789e+01 4.699289185208254338e+01 3.046666524189816627e+01 5.107368967269660942e+01 6.411335657549274458e+01 6.716371142826561424e+01 5.285615293371030532e+01 6.139003580609725930e+01 4.111597197247455426e+01 4.705099907315400998e+01 2.783743781687858743e+01 3.192177999082485940e+01 3.639205805286437112e+01 5.672625798532661889e+01 5.270420325035071585e+01 6.282782150831491919e+01 7.688345352023722512e+01 9.695293820269144192e+01 1.048321749912478680e+02 9.608421098609318278e+01 7.767259782670976165e+01
3.592117761456264446e+01 3.798876191245032174e+01 1.884045144352785783e+01 3.009357964661297302e+01 4.880706191297747409e+01 4.367152639917601675e+01 2.864725769221717400e+01 2.511146605386326058e+01 1.811107816645385071e+01 2.752962027658435673e+01 4.046230774865653501e+01 6.164420244075563460e+01 4.709033933886376389e+01 2.625206763281713762e+01 4.306969037054939520e+01 4.311793711863348477e+01 4.309622614542090702e+01 2.655057442297035664e+01 4.699257003506667729e+01 5.853296808813702512e+01 5.894140044954594515e+01 5.831516676603494886e+01 3.827870957550030795e+01 4.606196430773971429e+01 4.621722041678801673e+01 2.705324733756745559e+01 3.904642709659460564e+01 5.190935342850031020e+01 5.672624456231584134e+01 4.392461641324009491e+01 6.417743091447803749e+01 6.693101750169580555e+01 8.660511972974931894e+01 9.857295322145745331e+01 8.620553733854481493e+01 8.774668465438408305e+01 6.755547254164945059e+01
5.374539789357741881e+01 3.958374841822416812e+01 2.019638718226604723e+01 3.958374582394132091e+01 5.784973992418890987e+01 5.179893707851380213e+01 3.584401254880559407e+01 2.475451870233137086e+01 1.845668655816231762e+01 3.862873901749722449e+01 4.228042114813578678e+01 5.459735013967590334e+01 4.360582753435542713e+01 2.580787008342330324e+01 2.172599014032279641e+01 2.215551543633896259e+01 2.258770216113027374e+01 4.282262585430250112e+01 4.593177909562378147e+01 3.833203092409927137e+01 3.874030484192962831e+01 4.506763363764646613e+01 2.906533405232154266e+01 2.605230319998094046e+01 2.647362098819846565e+01 4.638639013100191733e+01 2.785867638302153182e+01 4.780783150699375739e+01 5.623895360451266612e+01 6.382668743626518904e+01 7.239781510086798733e+01 8.663753399152086843e+01 9.476296420912233032e+01 8.999771243913713192e+01 7.276805085964385000e+01 8.101628061680577275e+01 6.080602445578964677e+01
5.057537393428258810e+01 4.099731084672998094e+01 2.156974474815010367e+01 4.099726171525120577e+01 5.788271109277245330e+01 6.162048823347620186e+01 5.302461718133088198e+01 4.430055361666634894e+01 2.507110218118083012e+01 1.895614970869495863e+01 3.910019152299393852e+01 4.582644482298805855e+01 2.646607680069765323e+01 2.113182208928910200e+01 2.380518601889133024e+01 3.766430857799351628e+01 4.032377849627752653e+01 2.320866232703586718e+01 2.365099988593292935e+01 2.409890228902193599e+01 2.454975624086980091e+01 2.499932394675633063e+01 2.544259369724851538e+01 4.548356079809134656e+01 3.310188349450131540e+01 5.141550398058443250e+01 4.764582168507921978e+01 2.864518396958745328e+01 4.372826927713370537e+01 5.705120639092075407e+01 7.138979930272284946e+01 7.138979929996895635e+01 7.965273000248234325e+01 8.219906959391003909e+01 6.288859011443622649e+01 7.188284978433165406e+01 5.469199579284253332e+01
3.098150724980958870e+01 4.233856085849294715e+01 2.294874916461318648e+01 3.028285709293155747e+01 4.136210327639525985e+01 6.118804155424999891e+01 5.592508136645998462e+01 3.587111930252249437e+01 4.434168485971717644e+01 3.754077113109933350e+01 1.946687141896958551e+01 3.947458086351546314e+01 2.054759684602809600e+01 4.077987014904628893e+01 2.782039648325646652e+01 3.886186673804145641e+01 4.441501283300837599e+01 2.954546032113203680e+01 2.834198653613432839e+01 4.404090597126839413e+01 4.466864519397707056e+01 4.507306432635980542e+01 2.788338801507484277e+01 4.831517739021025193e+01 5.157191996462167793e+01 5.984673732099312815e+01 4.862901772123507271e+01 4.847929258627156202e+01 2.942118023673827309e+01 4.966564163582860658e+01 5.176751524512860669e+01 5.176751524512852853e+01 7.138979929996895635e+01 8.742652532589160330e+01 7.188284623434081766e+01 5.212458072999098135e+01 4.881960859597385394e+01
4.453019681966085841e+01 2.559204782939212919e+01 2.469228645379759257e+01 4.913264239921254983e+01 5.788457816231210273e+01 7.074859789191911830e+01 6.439739177566589490e+01 4.722863917262480271e+01 5.819935268595425981e+01 3.570658962733410391e+01 1.981071322864134387e+01 1.997676383878927808e+01 4.013087301912760552e+01 4.891672915584125292e+01 5.421224683678803302e+01 4.659601735159846214e+01 5.335573869487537024e+01 3.607990615176746729e+01 4.612968019344344128e+01 3.433101927714275803e+01 5.310460401032148781e+01 5.670878769535438835e+01 3.965129963256064372e+01 4.078932540321763156e+01 6.126535722771839687e+01 7.629368082139627916e+01 6.018371777612578200e+01 3.258434240507386903e+01 2.996757968630437574e+01 5.015734038260134042e+01 3.093926614634407102e+01 5.751474918242259804e+01 6.256777189421023166e+01 7.060873153431073490e+01 5.967800654990708864e+01 4.567352215455696296e+01 4.487916100760826055e+01
5.276067438673241128e+01 4.453017682244149000e+01 2.672094060124730319e+01 4.675866034403835414e+01 6.331036356130461940e+01 7.319479648019733986e+01 7.624935203429906494e+01 6.783978615141194268e+01 6.160380329486331163e+01 4.075571976541258579e+01 4.040635348099160495e+01 2.441914992366681147e+01 2.191729239375668215e+01 4.240990279666102225e+01 5.694537498156591226e+01 6.562211805027760647e+01 6.375635268457544669e+01 4.683131702226462778e+01 5.282825380204866406e+01 4.699380221867495777e+01 4.227538197799550801e+01 6.276231375396557155e+01 5.422703504578449696e+01 5.534488688712315962e+01 6.960318413231028956e+01 6.728408886319122928e+01 5.436369198934301750e+01 3.388672814166088187e+01 4.704046894193013628e+01 3.076087819013558899e+01 3.132704378077257346e+01 5.163914005333052160e+01 4.403313115109207843e+01 6.052429401501017026e+01 5.691042190616113317e+01 3.945403959240216807e+01 4.228375297664145904e+01
4.338188765123690160e+01 2.940267816487972041e+01 4.629467100354422371e+01 3.544518874113312989e+01 4.524601425632591400e+01 5.917802584904899987e+01 7.900642964237184174e+01 7.557905804259002025e+01 5.588973598422413858e+01 4.925388351105245732e+01 3.060315855730897638e+01 4.335599973219409264e+01 3.635078542879700336e+01 2.389052290599570227e+01 4.299258102262160719e+01 6.916432918519751638e+01 7.542919886765550075e+01 6.733144123954987492e+01 7.301866260666569985e+01 6.783839330412808977e+01 4.954864992852620276e+01 7.108797867397333903e+01 7.445017944942411248e+01 7.555864005142215944e+01 7.220010152595244790e+01 5.894109455087492222e+01 3.847032793800597261e+01 4.576652567855592935e+01 5.857049367211346436e+01 5.102375660661952850e+01 4.999061496261374771e+01 3.214136319686681986e+01 3.272912657581000673e+01 5.302751679139115026e+01 3.646115610257860595e+01 5.098115629816152250e+01 6.259965484545890746e+01
4.505657342290904666e+01 3.117016820223660289e+01 5.077411840675364374e+01 5.511579668648735719e+01 4.932660582053558329e+01 6.909215685311941968e+01 8.239157406069502088e+01 7.242291275190486033e+01 5.588977403260985000e+01 3.712063480094696644e+01 4.364733607144853522e+01 4.532178189401947321e+01 2.583999821879132952e+01 4.406978057879401689e+01 5.291651007870812151e+01 5.701135706909906276e+01 6.479233253999848330e+01 7.042279052802722106e+01 7.676050872827103433e+01 7.995854067674568455e+01 6.209563634445104441e+01 7.995854067674568455e+01 8.921049906476633851e+01 7.759734254955860422e+01 6.387401303527934715e+01 4.353506199321518721e+01 5.037856673156890253e+01 6.610763957043783989e+01 7.443008189402527819e+01 5.969584954145081213e+01 3.933846950179857060e+01 5.251646883890622064e+01 5.314322247557711165e+01 3.357963741585829354e+01 5.326028985371713986e+01 6.303188443001950958e+01 7.952884044023818433e+01
4.502941069216116432e+01 3.625353626656481509e+01 3.383244933354045969e+01 5.355292076150122682e+01 6.909214899108701502e+01 7.729982980796364700e+01 7.400025116468532360e+01 5.419594203752954087e+01 4.484787383261574689e+01 5.588977403260994237e+01 6.278928515941719013e+01 4.661704525926139553e+01 2.718684101163103151e+01 4.549576581089626615e+01 3.748253872502465356e+01 4.128276874366297733e+01 4.633158269203160273e+01 5.174867398619227288e+01 5.774735412753992847e+01 7.676050872827103433e+01 8.387895671530149855e+01 9.228212173085921677e+01 8.092561231772290853e+01 6.076429489038368104e+01 4.903765988743355564e+01 5.533591769616927536e+01 7.063772507265790068e+01 7.894717390107646793e+01 6.763628246726555915e+01 4.739207124971346019e+01 5.969584954145081213e+01 6.651412777422058298e+01 4.646826195167053442e+01 5.403429336036248998e+01 3.449791562282649693e+01 5.497640098945679910e+01 7.090900311677059165e+01
4.360647574415378358e+01 5.532961810165704009e+01 3.572014077223190043e+01 5.535439184248660638e+01 7.056347717103908224e+01 7.887555094907754949e+01 8.239157405576382587e+01 7.242291275704009479e+01 5.570763933798865253e+01 7.242291274128834289e+01 6.375675237283883945e+01 4.253682594487777635e+01 2.850602351606051599e+01 3.213304318888472721e+01 5.082303685861369047e+01 5.967224175896057403e+01 5.034917584385382838e+01 6.899530767406730547e+01 7.676050872827103433e+01 6.954780728351676089e+01 8.917183124084398571e+01 9.086277010418787370e+01 7.077446362865364904e+01 5.646716135371737977e+01 5.623216467004846209e+01 7.553727350551706365e+01 8.383466735420182658e+01 7.713595581131069423e+01 5.698410548941659926e+01 6.763628246726555915e+01 7.594307006183611009e+01 6.284132516156781634e+01 6.408431009280602098e+01 4.579877361952450343e+01 3.515823370607111542e+01 5.564399129564503710e+01 5.066047901278590615e+01
