LEM/sinusoidal_perturbations/elevation_000237.asc
nrows	100
cellsize	150.0
xllcorner	0
ncols	100
yllcorner	0
NODATA_value	-9999
[rows 34 to 50 of 100, columns 0 to 36 of 100]
2.064481644892168701e-03 2.000206448164453832e+01 3.299467568462466716e+01 4.128083119922318645e+01 5.127896506319338954e+01 5.508735149804304143e+01 6.346910989843018314e+01 7.517086665312810112e+01 7.844414824899790517e+01 7.965702454341496264e+01 7.136347791966520049e+01 7.965702454341496264e+01 6.756548447667208279e+01 4.761926827391517492e+01 6.756548447667208279e+01 7.363499657836487700e+01 6.363539074700720732e+01 4.978088657611949230e+01 3.048891299936894939e+01 4.978088657611949230e+01 6.292922021809422972e+01 7.134724484896284480e+01 7.630603969406355702e+01 5.635726531153435559e+01 4.308133750074099311e+01 4.639750335322784736e+01 6.463099944018652820e+01 7.609789305122336600e+01 6.410429203863188263e+01 4.420186598733081951e+01 6.410429203863188263e+01 5.452596103498816404e+01 6.601154582273912297e+01 8.594488538181362003e+01 9.920511038149938088e+01 9.394194482370046728e+01 1.022860335267871790e+02
2.905961989428186391e-03 6.327461282444409640e+00 1.299412795403799770e+01 2.299413200443014915e+01 4.299637542846715377e+01 6.197912480955071146e+01 6.197912480955071146e+01 7.024630880499975660e+01 8.423719948222135656e+01 7.602160741737226601e+01 8.423719948222135656e+01 7.474309958081268235e+01 5.461931085366467187e+01 4.083224021900435474e+01 5.212134368945837082e+01 6.044005072875751239e+01 6.248978727304747594e+01 4.690500886134428526e+01 2.762846382852330862e+01 4.690494581440300692e+01 6.372219190878671924e+01 6.661583155577406501e+01 7.489395375783931286e+01 5.635726560509710481e+01 3.643785532554126405e+01 3.643785532554126405e+01 5.635726546532189474e+01 6.200154771098211626e+01 4.790520237046857233e+01 3.905977223594860703e+01 4.458282805739968069e+01 5.864770000529239979e+01 7.857437847362095340e+01 7.081800350975711922e+01 8.501155694562822873e+01 7.389557296564133537e+01 8.236816682011571800e+01
3.542675937824442140e-03 2.000354267593747082e+01 3.299467568462466716e+01 4.128083119922318645e+01 5.128703411151974478e+01 4.202032496305272957e+01 4.202032496305272957e+01 6.197912480955071146e+01 7.428933473630037554e+01 5.610038900155182517e+01 7.428933473630037554e+01 7.494399791688864809e+01 6.340196479092862347e+01 5.212134368945837082e+01 3.271817239983409564e+01 5.212134368945834950e+01 4.857649840345106185e+01 3.466319241758439773e+01 2.483338259740580156e+01 3.587961328278058915e+01 5.538284163862478238e+01 4.654190583780142987e+01 6.331927866333442978e+01 6.463100469162749562e+01 4.882843604971951379e+01 2.887985537305191741e+01 4.882843604971951379e+01 4.897795071363035646e+01 3.382238345750639752e+01 5.373845942237078077e+01 6.448408900214187156e+01 7.274970745580264975e+01 7.501201474165303296e+01 5.672858054086034230e+01 7.501201474165303296e+01 6.238493230095665609e+01 8.236816661211396706e+01
3.411803931810562015e-03 1.414554742766288520e+01 3.414554742766358686e+01 4.307248444984145408e+01 3.788452119055785516e+01 2.790292028751439801e+01 4.786612209374695937e+01 5.977347488113971252e+01 6.606099820946209888e+01 4.605465414277148994e+01 6.606099820946209888e+01 6.653689105301324958e+01 4.667190616398568892e+01 3.553389494849595565e+01 2.793656700978786844e+01 4.727055086705230025e+01 4.037559494919282344e+01 2.103433432584951746e+01 4.037559491816759305e+01 5.235669903072223264e+01 5.430205852753767459e+01 3.480368018734684199e+01 5.430205852753767459e+01 4.737186109274338008e+01 3.910220064933042039e+01 2.476566239661694624e+01 4.440428378741485460e+01 2.904047256578871838e+01 4.897795071363035646e+01 6.200154771101916396e+01 6.166406389647271169e+01 6.351408920350016984e+01 6.670576008863062611e+01 4.678632929089970816e+01 6.541277450692849982e+01 5.486962790889135988e+01 7.481521394875277053e+01
3.327314952832964925e-03 2.000332731495247884e+01 2.585079733840155569e+01 2.311146746859241219e+01 1.792402182856282522e+01 3.676764177970411396e+01 4.103744107963242982e+01 3.979016149811502601e+01 5.084565857847672987e+01 3.934863344997372536e+01 5.939221685389852468e+01 6.556185074625645370e+01 5.669189097284126433e+01 4.271348716944464741e+01 2.336374204857122194e+01 3.724055277376432826e+01 3.785757706656917065e+01 1.843543759272729332e+01 3.215391624969057460e+01 5.162743236585341577e+01 4.598240963869369580e+01 2.602597241614822465e+01 3.657485983435491050e+01 3.382976335200317664e+01 1.902535541238261985e+01 3.910219977617988718e+01 2.442300038290691688e+01 4.440428378741485460e+01 4.381781384172643357e+01 4.566545435426166222e+01 4.170492095257689869e+01 4.361235617309692003e+01 5.351659256753837468e+01 3.974712325869493412e+01 4.549624813958061509e+01 6.541277450692849982e+01 8.105995436645345364e+01
6.779948344387334673e-03 2.924061222102674495e+00 5.872735315494861830e+00 8.995368668106399568e+00 1.284031985476774196e+01 1.683047552704845984e+01 2.107746389702413126e+01 2.564544898536496476e+01 3.079620451242571022e+01 5.084310534165593509e+01 5.894146297175142735e+01 5.669189097284126433e+01 3.521601001636254580e+01 4.150614991656014752e+01 3.724055277376432826e+01 1.773563069113769330e+01 3.202764307455642978e+01 1.583023990980998441e+01 2.970963781932111658e+01 4.917399925849917253e+01 5.073400060175161030e+01 3.070995169660183421e+01 1.716596735604812451e+01 1.364805111496174028e+01 1.678043183183792308e+01 1.993857723725714237e+01 3.948788420745403727e+01 4.121014105884567869e+01 2.382468348361854638e+01 2.570550656564605774e+01 2.760085952530016939e+01 2.952120631661794903e+01 3.359524488427449285e+01 5.351679313200729382e+01 5.976299304802217449e+01 6.257904887172748687e+01 6.548333643552886940e+01
9.516927588586143695e-04 2.000095169275850182e+01 1.740816370543489455e+01 2.895791454547677191e+01 3.075795316613364960e+01 3.629624536660227818e+01 4.103744107963242982e+01 4.564284595225856123e+01 5.074654657836806138e+01 4.677158769136551086e+01 3.911390568841510884e+01 5.291858563625571321e+01 4.149413727201078217e+01 2.094611694264789392e+01 3.486421962280041953e+01 2.917936614091440006e+01 1.198855443187741265e+01 3.202764077018569822e+01 4.358166893589975643e+01 4.185312431769086317e+01 3.837809415444660033e+01 3.010248467702908926e+01 1.171351688822251624e+01 3.193705837405164161e+01 1.600602044942497315e+01 1.768204009811493904e+01 1.942043968811499965e+01 2.117469621327133922e+01 2.678457659289097137e+01 4.566382909522965150e+01 4.754130389313025518e+01 4.945015042363769453e+01 3.265826469630300721e+01 5.258068022314669321e+01 3.984703297805045707e+01 4.266652720621297590e+01 4.557254406556486259e+01
1.945935296826602993e-03 2.000194593529647236e+01 3.738364935587894422e+01 4.565757938595390186e+01 4.559405716451748702e+01 3.883480579559137169e+01 4.081639220656509082e+01 3.300892480868411383e+01 3.811302168797339363e+01 2.910128235260024354e+01 2.141504029411422749e+01 3.090694981472791625e+01 2.761436018564026185e+01 1.386329087308631003e+01 2.160453792187990985e+01 8.384184169183834356e+00 2.917927398116114546e+01 4.016637740019325520e+01 3.595043215049233254e+01 2.181318825348957446e+01 2.827538549656279443e+01 9.864176531263343151e+00 3.010248467702913189e+01 3.178178440206712096e+01 3.614008243849598756e+01 2.404687238707417052e+01 3.915657946324516558e+01 3.397054123337340314e+01 4.674370648719963128e+01 3.531634788328737784e+01 5.523857094025299119e+01 6.074933279552767118e+01 4.261354308298537319e+01 3.593644999776437032e+01 4.346751974960176312e+01 6.257904887126446170e+01 6.548333643552886940e+01
5.600688922766023682e-03 1.056845266418288709e+01 2.424474881662502668e+01 4.415649626966792596e+01 3.366107223096646095e+01 1.633739633498946375e+01 2.413807215677395135e+01 1.821243495732280948e+01 2.716535450913213623e+01 1.693883546843528265e+01 3.542412399267378831e+00 3.707762089842452813e+00 6.103530004614085236e+00 1.650902739887242632e+01 4.875325589854302422e+00 2.343254394862963963e+01 2.591457085247951753e+01 2.595172409035595606e+01 2.610403176761430188e+01 8.422669971456402394e+00 8.091467064575612156e+00 2.823442377758783195e+01 3.839160457595399834e+01 5.110992709705043779e+01 3.434861624417090553e+01 4.390473754726503586e+01 5.200492246137422825e+01 5.262427313959199893e+01 6.187691729251449857e+01 4.196187823874358713e+01 6.187691729235486093e+01 5.872892608223543931e+01 6.113936648051640788e+01 4.126434635812304919e+01 6.119938515048637839e+01 5.495324825985042594e+01 7.491009808185322072e+01
8.215197286175309616e-03 2.000821519728582132e+01 3.677717924781122605e+01 3.614081852230645353e+01 2.290477683374764339e+01 7.819544943438816453e+00 8.437682800642939185e+00 1.707234201964455877e+01 2.101881199617452722e+01 1.188405319740010313e+01 3.286767424381417335e+00 1.338910542115011104e+01 4.144310249022363557e+00 4.450080663829713679e+00 6.989411443235348464e+00 5.299130232739673652e+00 5.593745100709852203e+00 5.881835170429633664e+00 6.162313093875183334e+00 6.436270483252864771e+00 1.107246300775285341e+01 2.947071694761497795e+01 4.229042302599871306e+01 5.354382176289131223e+01 5.368002584710808378e+01 4.606743158891009671e+01 5.817069115750434349e+01 7.507299755050439671e+01 7.012986918162195593e+01 5.191302881458052809e+01 7.012986918162195593e+01 7.255681279385395044e+01 6.721339422206396819e+01 4.726718264610146747e+01 6.721339422206396819e+01 6.644885664259069813e+01 8.324347023038819771e+01
2.613274238814250559e-03 2.000248258862786344e+01 2.251129127560388099e+01 1.033554550664740113e+00 1.334278849356518304e+00 1.638177478177344604e+00 1.942351452228253672e+00 2.246725655254012910e+00 2.551182751795844528e+00 2.855695613227866581e+00 1.907867550993474381e+01 2.023644958844877095e+01 2.709902825905992430e+01 9.653412647151366599e+00 2.353372727531380093e+01 2.527896624675776849e+01 1.304179399169365006e+01 2.583797766300621035e+01 2.622433991415988785e+01 2.654261350728229374e+01 6.836471662100719549e+00 1.507290164312091285e+01 2.509494764286354496e+01 3.891719439572017336e+01 5.867578016213066405e+01 6.499737839368805226e+01 7.288454737854375765e+01 8.409376646816643586e+01 8.009299000852941219e+01 7.184080577044947802e+01 8.009299000852941219e+01 9.203271869904853020e+01 7.427797181598441512e+01 5.429632892519327214e+01 7.427797181598441512e+01 8.647609614157410363e+01 9.486336880883919775e+01
7.532853315450405325e-03 3.079537343100551272e-01 6.084084780493187461e-01 5.130942008114478092e+00 3.269387562159216110e+00 2.120162890135094713e+01 2.427291184083762232e+01 2.314930623842093738e+01 2.058834361948177616e+01 5.000160273891395946e+00 1.120392996741798797e+01 2.041001002579587720e+01 3.331669935472379507e+01 2.990142906365915110e+01 1.832968057544647422e+01 3.662090178616509917e+01 2.350890284596552959e+01 3.987153203886902730e+01 4.186401638334089625e+01 2.153935389104431408e+01 7.125833080372123263e+00 1.747355953826660624e+01 2.962099194225228871e+01 4.436473612447416315e+01 5.193863552021809227e+01 5.959817662152579487e+01 6.995957146642624025e+01 7.884192447042008212e+01 7.039933981781193495e+01 6.686493291416768159e+01 7.534364347898033998e+01 8.728752151362165534e+01 8.260244580291355021e+01 6.580121244326177532e+01 8.260244580291355021e+01 9.290235699688325610e+01 8.899200958196489353e+01
6.101047412966256744e-03 1.322495311229356751e+01 1.669221292068688456e+01 1.899179489992770442e+01 6.899052142518561581e+00 5.602546143301084136e+00 2.427441804210750220e+01 3.508132345265414642e+01 3.624635037444347319e+01 3.021120323659658524e+01 3.203279665347959337e+01 2.981565163081636882e+01 3.326674376586384341e+01 4.310691411225000280e+01 3.772239363265381940e+01 2.829086053492995134e+01 4.340211738850339884e+01 5.346587305283620140e+01 4.204797525916227130e+01 2.632225940675083109e+01 7.425899821224213326e+00 2.715777835772545146e+01 1.738262073444262512e+01 2.532722255483287555e+01 3.385585943534560016e+01 4.457944107291582725e+01 6.219983215275085087e+01 6.669496889879521007e+01 4.908808139215428668e+01 4.538375567443876690e+01 5.803111477931046380e+01 7.893215289879364605e+01 9.419358248534032896e+01 8.585744046292526832e+01 9.271848451015667081e+01 7.276323122496690132e+01 7.276323122497450413e+01
6.842009524227352091e-03 1.991478522855915401e+01 2.194519485512307000e+01 2.069835148714614448e+01 2.071738613149938146e+01 2.422731602754507563e+01 7.950841422592794139e+00 2.730292219125547959e+01 3.874466129585447050e+01 3.948787457925858746e+01 4.359226032407354978e+01 4.884184131540320095e+01 4.897891985383908775e+01 5.545809530382778263e+01 5.408936274027272617e+01 3.654100475253457603e+01 5.409141763690129068e+01 5.312062364387058722e+01 2.749380859434732471e+01 1.554515035747699869e+01 1.675729258664867061e+01 7.870725976660562395e+00 3.189501635131386692e+01 4.514393281591328133e+01 5.193863552020795282e+01 5.959403356849912825e+01 5.966600509618876202e+01 5.094493086555419836e+01 3.605642585645101406e+01 5.809527902898808094e+01 5.803111477931046380e+01 7.027501780665508591e+01 9.075801935620360439e+01 9.838352638718036758e+01 8.441571033472007457e+01 6.423302448246973029e+01 5.262007103073056413e+01
1.934550753332892102e-03 6.325875575093323988e+00 1.399448033605587938e+01 3.205387559627781258e+01 3.869016444136137522e+01 3.397982923861572147e+01 2.730292024754933422e+01 1.067815106415786275e+01 3.049836555816136752e+01 1.936267588845208820e+01 2.347000143174881259e+01 4.359228502065781896e+01 5.748110964186813021e+01 6.559842627790970937e+01 6.228198753789086339e+01 4.922165050670405861e+01 6.219493905933479283e+01 5.351872162026298696e+01 3.889518287870478730e+01 2.818188427947799113e+01 2.244787900600166708e+01 8.192699641761135965e+00 2.933006266059333456e+01 4.197203485358458863e+01 4.707183401920454457e+01 5.583680651970753672e+01 5.094485495081728743e+01 2.851399639645113382e+01 5.094493086555419836e+01 6.669496889722671540e+01 7.893215289822933300e+01 8.728752121742864745e+01 9.902441192713567375e+01 9.009109597692969373e+01 6.993246335304394279e+01 5.828301086743485371e+01 4.830103974474890549e+01
4.364784840791047053e-03 2.000436473259103209e+01 3.426629451614134325e+01 2.627655016873420024e+01 4.533019634529373576e+01 4.507068819033572993e+01 2.469656056671424693e+01 3.049837782431443500e+01 1.386480210178020300e+01 3.391020475003158197e+01 4.359228502065781896e+01 2.987256420297061510e+01 3.752232156069736391e+01 5.170211123141254461e+01 7.143293829982825116e+01 6.774194930201396403e+01 5.817017407237780446e+01 4.139331813298847607e+01 3.026187248077953384e+01 3.007426981056137549e+01 3.104211542833804671e+01 2.158250582938991258e+01 8.652929160403413533e+00 3.055606468185578706e+01 2.487614270990266263e+01 3.723619697883636803e+01 4.035840853912687720e+01 2.388718739050709772e+01 3.997283078921118715e+01 6.180127386912605658e+01 8.121327522317888281e+01 8.955797738826530008e+01 9.196614207977785327e+01 8.365834318280766979e+01 7.874450118894714024e+01 5.860822211424162020e+01 4.451772886956989339e+01
5.219006137575642711e-03 2.000521900613722082e+01 3.829071731077316798e+01 4.533788704676246084e+01 4.186190384880443105e+01 5.361234976227633098e+01 4.518189655009898331e+01 3.705321598664789917e+01 1.692817934480980568e+01 3.705321632731225634e+01 5.570705894982862105e+01 3.572003218843848771e+01 5.570705894942992842e+01 5.748113528460331878e+01 7.713948348423542711e+01 7.121972906126937630e+01 6.027738160319939453e+01 5.130841651685143034e+01 3.713626712148029441e+01 1.761604456498532301e+01 3.068619402341310831e+01 2.452380771427706208e+01 8.981512674437851729e+00 9.717991172698537738e+00 1.227270335957400960e+01 1.514360553297397516e+01 1.806411286051973519e+01 4.035845385127178986e+01 5.516955750074635034e+01 6.646984110586315353e+01 6.036291073851682398e+01 8.121327522317888281e+01 8.365834318280766979e+01 6.353079020996323578e+01 6.942601398701792448e+01 6.112742555784892318e+01 4.120065651051036326e+01
