LEM/sinusoidal_perturbations/elevation_000207.asc
nrows	100
cellsize	150.0
xllcorner	0
ncols	100
yllcorner	0
NODATA_value	-9999
[rows 0 to 16 of 100, columns 37 to 73 of 100]
1.046341364908435452e+02 1.175901147985470345e+02 1.091816769787929502e+02 1.091816769787929502e+02 1.143707389793043916e+02 1.203205975905210039e+02 1.039800079049678629e+02 9.563623552041291020e+01 9.563623552041291020e+01 9.795567211541366248e+01 9.795567211541366248e+01 1.063233947645577189e+02 1.114919375695876340e+02 1.032484584294166012e+02 1.114919375695876340e+02 1.118552612208382868e+02 1.034677415720538676e+02 1.031712426865882151e+02 1.115595565033722778e+02 1.096494314907728409e+02 1.012579292500322481e+02 1.096494314907728409e+02 1.091823544264697432e+02 1.008193332038255363e+02 1.091823544264697432e+02 1.105440599999536460e+02 1.021872013472463863e+02 1.048087731581312312e+02 1.131634627342326382e+02 1.121605199470043743e+02 1.038445490738078973e+02 1.064449605762515318e+02 1.011352139158776282e+02 1.094893162747216309e+02 1.192668020258001178e+02 1.108958582005778908e+02 1.192668020258001178e+02
9.635771298026757847e+01 1.091816769787929502e+02 8.897142565196887176e+01 8.897142565196887176e+01 9.412276477577023570e+01 1.000532591146950523e+02 9.563623552041291020e+01 7.615650730492068021e+01 7.615650730492068021e+01 7.842560791691505528e+01 7.842560791691505528e+01 9.795567211541366248e+01 1.014819627470000114e+02 8.317945326335434686e+01 1.014819627470000114e+02 1.001912409199914862e+02 8.328436313429946836e+01 8.299291300621433720e+01 9.989727313136694420e+01 9.956176075070540321e+01 8.111718994405771355e+01 9.956176075070540321e+01 9.908167976765454910e+01 8.061333224324044977e+01 9.908167976765454910e+01 9.889918182948927949e+01 8.202005036544133532e+01 8.463490092474596338e+01 1.048087731581312312e+02 1.006068276833202333e+02 8.385986925583669915e+01 8.645000061943596847e+01 8.107593748579887460e+01 9.788960295784166021e+01 1.092327869690728051e+02 9.088632166924089972e+01 1.092327869690728051e+02
1.046341364908435452e+02 1.063360649620437357e+02 9.489087121611115094e+01 7.478677840758058437e+01 7.991010597913144409e+01 9.942635960479628920e+01 9.445778097139692875e+01 8.186198760258899654e+01 6.248947743947213240e+01 6.477168459983703031e+01 7.842560791691505528e+01 9.795567211541366248e+01 9.321395584638555931e+01 7.317915437535259571e+01 9.321395584638555931e+01 9.125520580564921147e+01 7.193301670742638976e+01 7.164734845422310627e+01 8.957864716033286356e+01 8.125640553965912716e+01 7.132525148227340139e+01 9.118755959704492398e+01 9.071633272353300015e+01 7.030526135437240498e+01 9.071633272353300015e+01 9.054369129911347613e+01 7.019213002147985492e+01 8.410796254133255445e+01 1.043433704045876453e+02 9.230638880123376566e+01 7.223599548886714672e+01 7.223599548886714672e+01 6.936635691777425450e+01 8.536635980430098414e+01 9.094662369722948370e+01 8.100215745954946556e+01 1.008910899349094166e+02
9.468860426518567408e+01 8.631755847032853524e+01 7.780569665407973901e+01 6.769652041476365412e+01 7.094921270753761178e+01 9.104496717623345603e+01 8.620812867495372700e+01 6.681720028277797496e+01 5.553250785734661576e+01 7.501277095042340193e+01 8.363780043501841988e+01 9.187521490235648969e+01 8.653568868937450986e+01 6.657503596419471137e+01 8.653568868937450986e+01 8.292343081202328392e+01 6.338808907600961362e+01 6.310870884883935616e+01 7.362128281432552512e+01 6.179058519684043915e+01 7.540955462779193397e+01 9.537194667808127235e+01 8.391264226714609720e+01 6.307945121217831286e+01 8.391264134721949119e+01 8.410796254133255445e+01 6.335661439406151629e+01 7.817589741633433675e+01 9.842923353868907554e+01 9.721201970056070252e+01 8.071874181959724126e+01 6.035679499648625779e+01 6.008785126048299219e+01 6.501668686589762558e+01 7.098453020060328811e+01 8.510641651852107259e+01 1.050461310751358184e+02
8.631755847691130157e+01 6.620984176699384705e+01 6.360373285171389313e+01 6.098916529565309474e+01 6.384570351434381053e+01 8.394004504729606708e+01 8.460744903586973464e+01 6.516500484374510904e+01 5.128494762790990791e+01 6.987057630789529128e+01 6.416800535659606908e+01 8.363780043417663990e+01 8.077354457733289905e+01 6.094483091169097833e+01 8.077354457733289905e+01 7.601664450485733937e+01 5.685765196008549083e+01 5.557605256494220214e+01 5.459543433909387034e+01 6.533476103406884761e+01 8.494088207516921329e+01 9.240871134505518114e+01 7.188834697651192585e+01 5.651177024823314099e+01 7.033722255625237096e+01 7.184327333710803032e+01 5.768957080781450486e+01 7.892012460147255126e+01 9.604538713190197541e+01 8.779070493292508104e+01 6.866794043278127901e+01 5.411601043183415527e+01 7.458715731353537137e+01 8.536635980430098414e+01 7.596101019125494247e+01 9.527187637173065582e+01 9.420503613252370201e+01
8.745290046246772420e+01 7.209925562932873788e+01 5.198086221266124340e+01 5.526123210442722922e+01 7.537178902825664295e+01 9.230707288048165537e+01 8.071896078479653625e+01 6.123913181161923802e+01 4.729044517990730867e+01 5.027312354273141892e+01 6.186994975594361534e+01 8.143534170439302500e+01 7.565379272374978825e+01 5.600387835315062546e+01 6.910382126688340065e+01 7.733744297552486557e+01 6.744848256275294318e+01 4.874881785209073826e+01 6.744848256275294318e+01 8.187163731616658424e+01 9.328039433871984443e+01 9.946899063363160565e+01 8.633457598850272063e+01 7.033722522752069040e+01 4.827400009099392264e+01 4.996022774255573751e+01 6.574902317926755302e+01 8.655609467192556394e+01 8.460667541855121954e+01 6.802638011944119967e+01 7.129616814466109531e+01 5.095317386308786922e+01 6.459840582786625873e+01 8.121271999070630443e+01 9.445158884502183128e+01 9.680554291690835100e+01 8.517318434238387681e+01
7.909295643518071017e+01 5.898527237869195972e+01 4.738165472755540009e+01 6.748377959177203422e+01 7.384447584718601831e+01 8.219987733697662691e+01 8.647912443060131693e+01 6.694464146328535037e+01 6.186994965848123229e+01 4.214652725458848437e+01 6.186994980592907467e+01 7.826854876440701503e+01 8.391651438085311554e+01 6.910382126688340065e+01 4.970909782309270497e+01 6.910382126688340065e+01 6.445413980154023648e+01 4.579399791369932160e+01 5.882217506423373976e+01 7.805090545315250949e+01 9.560473652443369019e+01 8.958217661423807954e+01 7.108870880754709276e+01 6.527557415194249302e+01 4.305215026046769111e+01 6.527557415194250723e+01 7.543130923651162334e+01 6.877294355414346683e+01 7.363032313681395635e+01 5.652089676376275662e+01 6.407043651778921856e+01 4.797894115278548810e+01 5.967775946164033485e+01 8.054085813617730594e+01 9.798844283271959910e+01 8.875592295452980807e+01 6.855812089376749441e+01
8.185964280977968599e+01 6.417901065502712754e+01 4.410213765096658989e+01 5.963249735620094327e+01 5.374570310593580302e+01 7.384447588737822343e+01 8.527626705506614258e+01 6.570641841682336803e+01 5.878966870878726070e+01 3.904869683048791273e+01 5.050526396332367796e+01 7.010637848643254699e+01 7.897876974111393622e+01 5.929429225635306722e+01 4.577632086140654621e+01 5.981145942405365190e+01 6.160849486369554739e+01 4.290899619846626933e+01 6.160849486369554739e+01 7.698548223312515404e+01 7.696245425096782355e+01 6.979812213084622385e+01 6.876438362472470089e+01 5.136911532528813495e+01 3.988513121411832429e+01 5.943074134397812713e+01 5.757961256717785403e+01 4.631196681741825216e+01 6.352425736179637283e+01 6.021566021423942772e+01 4.362384889095712026e+01 6.407043544723111950e+01 7.656564863988246827e+01 8.823556221626043339e+01 8.032217831957673582e+01 8.519213458452522048e+01 7.454807953247026830e+01
6.338840994714141885e+01 5.333045616696506386e+01 4.624129388752230341e+01 3.958690195992789285e+01 5.585129155290645286e+01 6.418833570844381597e+01 7.478168519564687244e+01 6.570641841682336803e+01 4.605162394843411278e+01 3.611340428414702330e+01 5.013359056855781404e+01 6.974969755711303776e+01 7.905857244564671760e+01 7.326386371232494810e+01 5.981145942396305770e+01 4.056418898762741065e+01 5.884729663835010172e+01 4.005087422319444812e+01 5.879043279582906933e+01 5.817583986814602781e+01 6.829614196785949787e+01 6.956449601045392228e+01 5.096796168142970629e+01 4.721546460056571703e+01 3.812579401373236010e+01 3.595033895412831271e+01 3.651825624224132127e+01 3.708554658874614063e+01 5.714973809696398632e+01 3.919496804492770536e+01 6.021484469465618616e+01 6.153100312818491346e+01 6.143999045516680013e+01 6.999249257373035960e+01 6.691626227861867449e+01 6.504713556361208759e+01 6.624936735042206237e+01
8.185964280977968599e+01 7.346347894610556750e+01 5.879081274103119625e+01 5.585095266606587217e+01 3.580054778949971706e+01 4.634184668772967797e+01 6.056303053877201137e+01 6.643123493435260229e+01 5.316400490754762842e+01 3.335165196362805062e+01 4.741006887613266940e+01 6.705526057691983510e+01 5.983655923287661693e+01 5.983620154156123760e+01 5.627415520560973761e+01 3.696936159973886049e+01 5.243673622872513818e+01 3.715023169753135335e+01 4.448625477972876752e+01 5.272440238952540881e+01 4.713207112346670868e+01 5.340261184002968520e+01 4.186000566606715267e+01 4.885437780638685723e+01 3.516355281612889172e+01 4.564361332779544256e+01 5.485861059571420384e+01 5.574036716464271279e+01 3.788280330239930294e+01 3.845564215225910232e+01 5.845186710514384743e+01 4.007278151931819821e+01 4.064831894197847362e+01 6.070648068144812726e+01 6.186782071308324760e+01 5.067434444028137364e+01 6.270682758769376619e+01
9.070261266541682232e+01 8.057798447517417628e+01 7.764889413896413828e+01 6.418948541262666652e+01 5.222691244593136162e+01 3.213693414162534623e+01 4.876133904035420130e+01 4.783570267622319960e+01 5.000144278745385407e+01 3.065672680528342298e+01 4.721600614459791956e+01 4.783280374707019433e+01 4.824270467033841925e+01 4.124775227006517042e+01 4.933764900049342117e+01 3.342104599546891563e+01 3.355157023134476191e+01 5.033840597334197042e+01 3.249003467455067806e+01 3.222777185131801758e+01 3.276674112297478558e+01 3.330556503197450979e+01 3.384426362517003639e+01 3.438429669192910865e+01 5.446448455840127423e+01 4.240443452384330669e+01 5.740556073363494960e+01 6.443726857664906049e+01 5.788821840499041826e+01 4.487705194797862873e+01 3.925662105923367307e+01 5.658826434865502364e+01 5.947394723001412586e+01 4.146180886611468708e+01 4.203685828580404404e+01 4.261247694683252263e+01 4.319039048286624194e+01
8.035400370743931830e+01 5.737714146058753784e+01 6.243249906975501062e+01 6.624705108297334277e+01 6.056343664935019433e+01 4.876133904035420130e+01 2.860719796539535054e+01 4.291866208729784660e+01 4.298197376808487746e+01 3.763637731776842799e+01 2.687701992475855661e+01 2.738629672008576676e+01 2.789893110496090500e+01 4.080806258423450572e+01 2.935699747022553296e+01 2.987216169159725965e+01 3.039772996023742024e+01 3.092638329382725715e+01 3.146357590565130380e+01 4.984131179200217332e+01 5.268950523672559427e+01 5.339093491322535101e+01 4.034385606044582318e+01 3.708286951366245887e+01 5.668897071226690088e+01 6.262312950885169727e+01 5.018258504701076816e+01 6.899247281243216889e+01 6.282353098665186053e+01 4.273064163459120834e+01 5.926563798175943987e+01 6.548819128171952286e+01 6.837299896138407007e+01 6.149840802012041507e+01 5.193367474527308758e+01 5.067839111211362990e+01 6.329818810613503643e+01
7.553148168560416309e+01 5.592541098605563121e+01 4.185173842523605714e+01 4.599694414661626496e+01 5.159683640725558007e+01 4.427319979534524919e+01 3.910198713981549901e+01 2.521260964692767459e+01 2.569078339715784409e+01 2.617595959452416210e+01 3.107582845523673853e+01 4.739406842351785798e+01 4.791368069738338420e+01 2.862769269131182881e+01 4.899917695811160456e+01 3.327578121501909436e+01 5.083840192768865052e+01 5.133605907698493098e+01 3.601396313771884650e+01 3.592362665755824480e+01 5.405086140597733646e+01 6.539186180658298042e+01 5.850927251189278167e+01 3.969802609584728970e+01 5.924551489214133682e+01 7.531749123524539868e+01 5.623167229620658958e+01 7.531705060635250959e+01 7.120943911019442396e+01 6.282365720139416965e+01 4.631972471428700544e+01 6.662768706374482974e+01 7.896988940094314557e+01 7.964877046220897228e+01 6.602769929181116026e+01 6.511744815602106939e+01 6.736428048569193550e+01
6.932053716570686674e+01 6.095072907766525105e+01 5.195774612272247595e+01 3.168490328403737877e+01 3.995518856310711442e+01 2.410960860730864397e+01 2.456000211006850265e+01 4.474690999632514377e+01 4.692574570476348583e+01 4.628416579431218025e+01 5.070217686687832526e+01 3.808596899176665573e+01 4.943833616986533741e+01 5.346317481177962350e+01 5.624203415837833120e+01 3.668900717189308125e+01 5.194866136483249619e+01 6.854749438550976492e+01 6.232319457922509542e+01 5.620323679812175754e+01 4.055305277965682365e+01 6.052384277678223157e+01 6.210387415876344619e+01 4.232645575222166201e+01 5.644643063290407525e+01 7.811407631088665937e+01 6.960360190856248153e+01 6.960360190868365748e+01 8.911566936390769911e+01 7.501100625750569861e+01 6.662768706375096883e+01 5.014833595881620454e+01 7.060070676875749029e+01 8.358269729521965985e+01 8.529657297682817330e+01 8.555011808854999344e+01 8.184300712672822442e+01
6.095072907973316489e+01 4.109624436886059584e+01 4.691148454986551997e+01 4.293635432239789651e+01 2.348079973112032448e+01 4.360275396760840749e+01 2.951403456589122598e+01 4.825718607925862358e+01 6.514646160092836169e+01 6.401199859833040762e+01 4.554523416314416551e+01 5.716278528350387944e+01 6.468587487971593930e+01 7.499712565290087696e+01 5.979182088721729826e+01 4.022236452043430432e+01 5.399794906028584052e+01 7.377955804728907196e+01 7.814976120056670084e+01 5.810720543814223049e+01 4.394166096875231631e+01 6.396432980911431798e+01 6.512334086067529881e+01 4.509502785411269343e+01 6.512334086067539829e+01 7.815004352739116200e+01 8.911566940211042720e+01 8.911566940953640881e+01 9.731021406389183426e+01 7.970654032231239228e+01 5.934527750324301110e+01 7.060070676875749029e+01 5.476790618825034329e+01 7.523479266069324467e+01 8.786159083715058671e+01 9.619816610855480121e+01 1.025191902506270054e+02
5.869370097924710450e+01 3.857301294988713636e+01 2.833461842031102051e+01 2.286225303483054816e+01 4.293630457482692009e+01 5.190370047753878424e+01 4.825870267930730506e+01 3.735436025643567604e+01 5.709655335173376756e+01 7.195265637149528004e+01 6.414802684424306278e+01 5.424476294213680916e+01 7.131305875127844729e+01 7.969697282139824779e+01 5.743280809312588531e+01 4.396555088124100052e+01 5.521875626741024234e+01 7.509170228641110612e+01 7.916987050299805162e+01 5.917810917697772055e+01 4.756294557750900509e+01 6.762762171984547876e+01 7.354661412028853817e+01 6.512334086067539829e+01 4.940148752215797856e+01 6.972591809181717792e+01 8.310470786183324776e+01 9.484565996911913999e+01 9.047494408588886472e+01 7.032910534083696064e+01 7.970654032231239228e+01 8.358426793737289984e+01 6.932352049725015775e+01 5.988790272163969064e+01 6.772087392371685155e+01 7.939729151824239750e+01 9.942601411854826665e+01
6.666253219568325505e+01 5.518988186183264588e+01 4.246144420653610041e+01 2.242698174384568688e+01 4.245494799565863531e+01 6.183446923802164008e+01 6.548675463303051458e+01 5.118655352799645186e+01 5.118655352667344260e+01 7.137076463822806716e+01 7.230841767448204394e+01 6.692279779727822131e+01 6.815847614819094247e+01 8.396539478860374572e+01 6.800347008179578268e+01 4.821346330805968705e+01 6.800347008179578268e+01 8.352886188399105549e+01 8.745964802618593126e+01 7.341879277498422596e+01 5.335758776933875680e+01 5.545378999184842428e+01 7.548419162823140027e+01 7.815007505546965660e+01 6.972591809181717792e+01 5.421446515910382402e+01 6.608630268013412490e+01 8.644900609245030410e+01 9.881105487909292151e+01 8.199419125741562198e+01 9.881105487909292151e+01 9.784501537749559930e+01 8.429412693409977919e+01 6.406402307449513955e+01 8.429412693409977919e+01 9.619816610855480121e+01 1.077890550160511651e+02
