LEM/sinusoidal_perturbations/elevation_000405.asc
nrows	100
cellsize	150.0
xllcorner	0
ncols	100
yllcorner	0
NODATA_value	-9999
[rows 51 to 67 of 100, columns 37 to 73 of 100]
7.363668542469818590e+01 8.930985794209841799e+01 9.894566173459840286e+01 8.179134361957271437e+01 9.894566173459840286e+01 8.862039745783536659e+01 7.715199501238421931e+01 6.888745993211563245e+01 5.275426572104638012e+01 6.649042203072139046e+01 8.515974631917646320e+01 9.424707619723301377e+01 7.863950054135193568e+01 5.896392520259241365e+01 7.387139807779976763e+01 6.466169479919408047e+01 7.448875059719144076e+01 9.442318135378941690e+01 1.017219780940008889e+02 8.221506864516030078e+01 1.017219780940008889e+02 1.121096823099891679e+02 9.424655991074133965e+01 9.428171688030244013e+01 8.597179061696768088e+01 1.047480329256451768e+02 1.190558181332871186e+02 1.139891989188026145e+02 9.411771398393837273e+01 8.003800558563270329e+01 7.449618257576310043e+01 8.735821811024641192e+01 1.070954059692430889e+02 1.049996973585709270e+02 8.474068493879320840e+01 7.463434135050121654e+01 8.693303784215115115e+01
6.481689635436823949e+01 8.461062785183931112e+01 9.049051339163872854e+01 6.968422832418292501e+01 9.049051339163872854e+01 8.030618707496955722e+01 6.052836238636015764e+01 4.935376729977198806e+01 6.888745993211563245e+01 8.060876134878444077e+01 9.472710066585993616e+01 8.597461818133393763e+01 6.620419462409192590e+01 6.982266010644090670e+01 5.429578658514856215e+01 6.550465026935314938e+01 8.530366694493694979e+01 1.027925933753022889e+02 9.586482173739081247e+01 7.630687480333827466e+01 9.587435809400163578e+01 1.040740829601216149e+02 8.458533447965335483e+01 7.481633355096968785e+01 9.312676458341240959e+01 9.306805940451208414e+01 1.081214718668775703e+02 1.172496967417005749e+02 1.081271994792434015e+02 9.993510129086428151e+01 8.198026144002025717e+01 1.019419594146058330e+02 1.155023994305882837e+02 1.132108814958175742e+02 1.031451476775596632e+02 8.632399171732664911e+01 8.896482805596120613e+01
7.061434608499169485e+01 9.040323177233585739e+01 8.313438076038953284e+01 6.234194104871819775e+01 8.313438076038953284e+01 8.056468358605052060e+01 6.079463143357629207e+01 4.697906883006351109e+01 6.658513838462779688e+01 8.400287153061765366e+01 9.487827357314384358e+01 8.658413363748948655e+01 6.983321592075648709e+01 5.030753583462632150e+01 6.983321592075648709e+01 8.214267541738480816e+01 9.362121483504537878e+01 1.045436535359698809e+02 8.492178023621625016e+01 7.108967327224529242e+01 8.397901292614716340e+01 9.076363450349273876e+01 8.300418200539112945e+01 6.866042657001682414e+01 7.386122140056157548e+01 8.037923045072558637e+01 8.911665106097765943e+01 1.030300531743911137e+02 1.230635864689370038e+02 1.102063113432371466e+02 9.351335234529962293e+01 1.102063117748394490e+02 1.254345956866685015e+02 1.196044793813479572e+02 1.147500286668756928e+02 1.065445166894441655e+02 1.091269988347821993e+02
8.057031660580238963e+01 9.151769043774530132e+01 7.079597411183677025e+01 5.618210635757815652e+01 7.686522430587137933e+01 7.829615999278946958e+01 5.855342014074994950e+01 4.457216602122425542e+01 5.600856337382631267e+01 7.571133563022284818e+01 8.658413363748948655e+01 6.678936080375504503e+01 6.717644666153239541e+01 4.765301599679268918e+01 6.717644666153239541e+01 7.732857267805847812e+01 8.559711988053798848e+01 9.554193643751192155e+01 9.531712947503470446e+01 7.567841145511449952e+01 6.443579294904610322e+01 7.771414553628278554e+01 6.349309615845580623e+01 8.300418200539112945e+01 9.348067580945101440e+01 1.000768809690779761e+02 1.083841932980999587e+02 1.172496967417005749e+02 1.211228034796950794e+02 1.217228004333161948e+02 1.134594070683785390e+02 1.168468203491632806e+02 1.055502460059581722e+02 9.972879193465878700e+01 1.051367559863812033e+02 1.117578578921818888e+02 1.200044399194557059e+02
8.876485745111351378e+01 8.551585458915859306e+01 7.152486621511252451e+01 5.095318148478104092e+01 7.152486621511252451e+01 7.611529793168968183e+01 5.636988749483423788e+01 4.216671704319858804e+01 6.215318431447678904e+01 7.310648530944128254e+01 8.094426456096542211e+01 7.258711553470868694e+01 5.300025008845197050e+01 4.506464456928647877e+01 5.121765565801385378e+01 5.766957428475861036e+01 6.741374753714191570e+01 8.724339781897519686e+01 1.035043978963468021e+02 9.155528242602470357e+01 7.736763609467982405e+01 5.871584557598299625e+01 7.822126192827720104e+01 9.116351236886143283e+01 9.078238606445606251e+01 9.873207023258886750e+01 1.083351208410725235e+02 1.152500627730529743e+02 1.010980739312670806e+02 1.152500627730529743e+02 1.110356305762783649e+02 9.697109488673571320e+01 1.049092281843761896e+02 8.570083040788273365e+01 8.528823333111618865e+01 9.189455217477984661e+01 1.018170433630335765e+02
9.162729322057852244e+01 7.094576981998109488e+01 5.634889864174535745e+01 4.617594465968193873e+01 6.063091544065802907e+01 6.915121073948046160e+01 5.999779571085071694e+01 3.977962296174791845e+01 5.917808538330316281e+01 5.581266676337259014e+01 7.309259912218932698e+01 6.719465727935332211e+01 5.205569996135176325e+01 4.281975993574657480e+01 6.232093810319000937e+01 7.732857267805847812e+01 8.559711988053798848e+01 9.554193643751192155e+01 9.839974852685243434e+01 7.870179021913284600e+01 6.489201329003003593e+01 5.614059258191454660e+01 7.571140513380086645e+01 8.111011501218968078e+01 7.143792518168547190e+01 8.117359201972723781e+01 1.003911801091849441e+02 1.063165359363893572e+02 8.706258104018222355e+01 1.063165359363893572e+02 1.027925601960325253e+02 8.294703839682887292e+01 9.024115019084716494e+01 7.684416968668162440e+01 9.667331748897503019e+01 1.117578578921818888e+02 1.200044399194557059e+02
8.184650175656504700e+01 7.341989806531229590e+01 7.206185938604225782e+01 6.063091544065802907e+01 4.019379427366955326e+01 6.063091544065802907e+01 6.041278238156257885e+01 3.747487123219294602e+01 4.341281721442496888e+01 5.997467058280331287e+01 6.438751202449233801e+01 5.631751963795108651e+01 3.987078714720581019e+01 5.923903776419872713e+01 5.510541511261460812e+01 6.893388855617588717e+01 8.874883159392271637e+01 1.011590659792332900e+02 1.042059458328652681e+02 8.447162300543060098e+01 7.332859667281772431e+01 5.363539378797560886e+01 7.281780359455694907e+01 6.166294934800398408e+01 8.111016690257631012e+01 9.873155451701381935e+01 1.083351208410725235e+02 9.804780653987357653e+01 7.820683365436545387e+01 9.804780653987337757e+01 9.310667663775544156e+01 8.485928784930915469e+01 7.043370254110850226e+01 9.024115019084716494e+01 1.030409788945852654e+02 1.113387022638979431e+02 1.228848873836548705e+02
7.341989813826351963e+01 5.304867341368044009e+01 5.157697449379033827e+01 5.157697472991809917e+01 3.641423269218383041e+01 5.676866260035376399e+01 6.719010368607287376e+01 5.345003510791955392e+01 3.442258226980758451e+01 5.488879976691379881e+01 5.351011416603677162e+01 3.717323217241021638e+01 5.058586284577519621e+01 5.925616150834727591e+01 7.473679098078454786e+01 8.299133078119814400e+01 9.536749750211592414e+01 8.131350573684036931e+01 9.536749750211592414e+01 8.845417796870418670e+01 7.127548889271967880e+01 5.111669725799792730e+01 5.314930806829569576e+01 7.281783416142108933e+01 7.556649598787907962e+01 9.513558858898113613e+01 1.056600251405597106e+02 8.579700174538612600e+01 7.195798645547758099e+01 9.002968003679995945e+01 8.178800036339292490e+01 6.507390225065111622e+01 6.777485527187579351e+01 8.757994189261980011e+01 8.314551778024562623e+01 9.460262517734832954e+01 1.145712593785954425e+02
7.341989817232742155e+01 5.304867341367432942e+01 3.882017773947089978e+01 3.144931026954594699e+01 5.157697472991809917e+01 6.392823767186131789e+01 6.883878295814999149e+01 4.745748555732262020e+01 3.251722006688324029e+01 5.081763884066173631e+01 3.464974540919445900e+01 5.351011416603677162e+01 6.448743781345932291e+01 7.838901278114326487e+01 8.719855380761376296e+01 9.696097312539137647e+01 8.651649762097166274e+01 6.737817830782041995e+01 8.267517007396405404e+01 6.865531710109208063e+01 7.293401550516188081e+01 6.471977004665632194e+01 4.761510655957965099e+01 5.596138680667297649e+01 6.984906539289238481e+01 8.936965746029933655e+01 9.982655917629101339e+01 7.998537442498646044e+01 6.601503798588035465e+01 7.880831372465637230e+01 6.202299521169363317e+01 8.178800036339485757e+01 8.757994189261980011e+01 7.171621490650254316e+01 9.154629057337211862e+01 9.961078536591894306e+01 1.033662213368421448e+02
6.209947798899094806e+01 5.755360395077595115e+01 4.835223527580447467e+01 2.850647157604248250e+01 4.120471693749031061e+01 5.625180796861281607e+01 6.210863479979532542e+01 5.211473068281990351e+01 3.066323146422171320e+01 3.209784559587542674e+01 4.988189107291808710e+01 5.327383401167146815e+01 7.232815690329650238e+01 8.530451711347859600e+01 7.705419419012244475e+01 7.705419419012244475e+01 7.829458070148284321e+01 5.861010921331411794e+01 7.445426726221532476e+01 5.457438868983413016e+01 6.188112869841776842e+01 4.470237643925601390e+01 5.691372777013513939e+01 7.402650016019970280e+01 8.369803888372926792e+01 9.270976865268006861e+01 1.009666292844116100e+02 9.234154049408593323e+01 7.295754616901456302e+01 5.905867640626892978e+01 7.880831371897338045e+01 9.002967536917969937e+01 9.980581223761338094e+01 9.154629057359827016e+01 7.613544486180197168e+01 7.975003156578469543e+01 8.349432204850434402e+01
3.921002976464151857e+01 3.596453490145331955e+01 4.247925244446891213e+01 2.561519619093940747e+01 4.313050078537633425e+01 5.276821027579029533e+01 4.403404802542093677e+01 2.798084167333808381e+01 4.721589327504127453e+01 3.015717874725970304e+01 4.908521141412719402e+01 6.307279228600481247e+01 7.140087057233171208e+01 7.640236466534746285e+01 5.715343935078301030e+01 7.640236468161502614e+01 7.133506906480418763e+01 5.166661656948925696e+01 6.254071015137167677e+01 5.920532271634299804e+01 4.208581863294549663e+01 6.188112869841776842e+01 7.041275522435725520e+01 8.270817061401594117e+01 8.950300658529810960e+01 7.288660306777715903e+01 8.950300658529810960e+01 9.114521991053831584e+01 7.113877152674196225e+01 5.717260518046136752e+01 6.373204623837461469e+01 8.350819270926220383e+01 1.023699994892818239e+02 1.042513228377411281e+02 9.598472441132545896e+01 8.672577697930447016e+01 1.033662213368438643e+02
4.075560196995115803e+01 2.139432457731482273e+01 2.204895769888162960e+01 2.270680387118280308e+01 4.265019703159831721e+01 4.457955793083947782e+01 2.533202564210183638e+01 2.602804278263156235e+01 3.433182943710537671e+01 2.814696066543256237e+01 4.793548748155463812e+01 4.325439707569933745e+01 6.313471098002305126e+01 6.815430606525198698e+01 4.832630875843165796e+01 6.815430606525799817e+01 6.623309849600931898e+01 5.793672955576571582e+01 4.284176177838445909e+01 3.965923221676620614e+01 5.920538969411096986e+01 6.188112827338726163e+01 8.173886750924809519e+01 8.483750933532425620e+01 7.660742283919880435e+01 6.149348397958598866e+01 8.126485866604589603e+01 8.083699749270526524e+01 7.261403732447618609e+01 5.537984254304559784e+01 7.512124887196840461e+01 7.427665362348051303e+01 8.570428380474547225e+01 1.055901969097644013e+02 1.149002863873500928e+02 9.664574002346661530e+01 1.149002863873501212e+02
2.047512170188645797e+01 2.794529716682442455e+01 4.195167946048473340e+01 4.294633950893967977e+01 2.366741795535249082e+01 2.435022660339944522e+01 4.278230410695706354e+01 4.611733855620347811e+01 2.708439969732448205e+01 4.559652924579124544e+01 2.929100568983696462e+01 4.900853285472095422e+01 5.830102521846798425e+01 6.188414239352164969e+01 4.217491411819406721e+01 5.396481528716710585e+01 5.306818470919061781e+01 3.634557829419776454e+01 3.718391484836264027e+01 3.816171385935708571e+01 5.793864821747717997e+01 6.759792018881519482e+01 7.209321572354512853e+01 7.151128022475256785e+01 5.683876452995975370e+01 5.403778578346921080e+01 6.847731169614911551e+01 7.016520259781539437e+01 5.287112486806493905e+01 6.681639891545162868e+01 8.334240302354839969e+01 9.410905962545689363e+01 1.023699994892818239e+02 1.138676425512713593e+02 1.248840293086971229e+02 1.165883903650501736e+02 1.248840293086971229e+02
3.977718861986144816e+01 4.719041378223801786e+01 3.932583982837896741e+01 5.176041680855428950e+01 3.689438785167472901e+01 4.432564819203473405e+01 3.053487097319911925e+01 5.017043763117974464e+01 5.680348675806187231e+01 4.766851886218097434e+01 4.900853285242610724e+01 3.043339953915329588e+01 5.010256150767870764e+01 5.199187608445177489e+01 4.471599337732711632e+01 3.432171089598087121e+01 3.516352387897435960e+01 4.857168504845981261e+01 5.653621654025373999e+01 5.793864823255064778e+01 3.958029348409487369e+01 5.938707043262454732e+01 5.434398055854494913e+01 5.731814688451347450e+01 4.541068545614970731e+01 4.703782469199094152e+01 4.871864550722779086e+01 5.041478479858535877e+01 6.437043878372996630e+01 8.083688702437996199e+01 9.473979753860774622e+01 1.052565467961189540e+02 1.052860814573508179e+02 1.135266514996040144e+02 1.222977451331769032e+02 1.164417378358779587e+02 1.164417378358779587e+02
4.738628500495985207e+01 6.374853327338470166e+01 4.901803259152944037e+01 6.361695944390562119e+01 5.894287448372163851e+01 5.495237071182142330e+01 3.510683361190483964e+01 5.491402543447918561e+01 7.049151485182936483e+01 6.676767495773893302e+01 5.397160403451186284e+01 3.475832536988104948e+01 3.157745174472420402e+01 3.237825400903862771e+01 3.316909214647427717e+01 5.278918550128710052e+01 3.661683987809161067e+01 5.624058403256820782e+01 6.674174612209270663e+01 6.756740015636347607e+01 5.933445749008193815e+01 4.103387044907946546e+01 4.208312956032825269e+01 4.314237155542196689e+01 6.296012630888354522e+01 6.680781859495451158e+01 6.847731169614911551e+01 6.381004043089208722e+01 7.775706488741252542e+01 9.239958268650501338e+01 9.943400945734586571e+01 8.542913702298967848e+01 8.542984220718246036e+01 1.052867344826638458e+02 1.023613411243370024e+02 9.652904984282315581e+01 9.652904984282315581e+01
5.066002731924452007e+01 5.883969610921509030e+01 6.518092518011144421e+01 6.650447728269085701e+01 7.077045486447420330e+01 4.977703533257923141e+01 5.495618200662465824e+01 4.335717587460679567e+01 6.300564880944276780e+01 6.186125451197741398e+01 4.174651946924146273e+01 5.397160642953199527e+01 4.542191734363228761e+01 5.199187608980368935e+01 3.563436405738310953e+01 5.487949174186879020e+01 5.783123144363630530e+01 4.185466985560675823e+01 6.285480952936293164e+01 7.141184348685069949e+01 5.164210900617342048e+01 6.084565265084884800e+01 6.189722823476639491e+01 6.296012630872818505e+01 4.515502540067197401e+01 6.495557719930648943e+01 7.525203706061471109e+01 8.179925392378801519e+01 8.456382861168442844e+01 7.667649376811847617e+01 8.238120958729383858e+01 7.143646564890478601e+01 8.542979634818577495e+01 1.052851251994604524e+02 1.023613411243369455e+02 8.251645641655768770e+01 1.023613411243370024e+02
3.046129734378435927e+01 5.068607254859738021e+01 6.279424174385718516e+01 7.748269124480820835e+01 7.914800702218443007e+01 7.119516709634054052e+01 6.950577597991990331e+01 5.000539446848837599e+01 6.950577597991990331e+01 6.794473998965844430e+01 4.776810124261444201e+01 6.794473998965844430e+01 6.517340911239547552e+01 5.744674120707278320e+01 3.806442820959934181e+01 5.744674123150403489e+01 6.656249689803001957e+01 4.625466579160261915e+01 6.656249689803003378e+01 7.963166989841245424e+01 6.561377410476276850e+01 7.141213484678392831e+01 7.271379269626666542e+01 5.293414827526991928e+01 6.495557719930648943e+01 4.724917991866014688e+01 6.703594286931628687e+01 7.736017965681561748e+01 7.402275252615785917e+01 5.690630950344854000e+01 6.260212228335936402e+01 8.151934260901018092e+01 8.358417442340260095e+01 8.591716663838114698e+01 8.828402494027025682e+01 7.655206033627752049e+01 9.419281398826854002e+01
