LEM/sinusoidal_perturbations/elevation_000068.asc
nrows	100
cellsize	150.0
xllcorner	0
ncols	100
yllcorner	0
NODATA_value	-9999
[rows 34 to 50 of 100, columns 0 to 36 of 100]
2.064481644892168701e-03 2.000206448164453832e+01 2.691444112215008744e+01 3.519885616034936504e+01 4.788932480497579292e+01 5.617538749371376383e+01 5.455629428279084436e+01 6.284526613745946122e+01 7.439584482490302264e+01 7.716610855514497302e+01 6.879346385821546050e+01 7.716610855514495881e+01 7.870393711672127779e+01 7.280158299780937625e+01 6.845669575428958353e+01 7.193459440846231701e+01 7.301711748920713774e+01 8.135087643398811963e+01 7.956476723400379569e+01 8.655688826124276147e+01 9.486932725959538004e+01 8.980273547333190720e+01 9.812563540272670082e+01 9.728764768629106641e+01 8.861637285947401210e+01 8.081836561588040979e+01 7.317529309091115408e+01 5.320200644628139486e+01 5.741011367073736693e+01 6.212361483791562478e+01 8.209035670165098963e+01 1.003946675488508049e+02 1.103615948208297510e+02 1.025086012601177430e+02 8.436370410594547309e+01 9.618442132841423131e+01 7.695648905545105833e+01
2.905961989428186391e-03 3.432877664839612208e+00 6.914430783953584125e+00 2.691444112215008744e+01 2.788914400627470513e+01 4.300900980928440021e+01 3.455581088522641409e+01 4.610282080680010353e+01 6.610395380121221365e+01 7.942785859676240534e+01 7.110817955190090345e+01 7.379728216540502217e+01 6.547895605167411759e+01 7.379728216540502217e+01 6.955915648218517333e+01 7.787966885619630375e+01 7.892671985176356486e+01 7.060545197374426607e+01 5.947497005551292659e+01 7.023317513759900521e+01 7.560487993922929206e+01 6.972393562039000869e+01 8.980273547333190720e+01 1.015546306195372210e+02 9.369706720813027800e+01 7.416245253529370984e+01 6.019320199831307860e+01 5.273693506603017056e+01 7.280330977025860761e+01 8.202553443984874093e+01 9.035687153861749721e+01 8.916927679989716182e+01 9.744681999379511694e+01 9.429863982200242845e+01 7.436164455039499899e+01 8.796514769999095051e+01 6.797840142332604785e+01
3.542675937824442140e-03 2.000354267593747082e+01 2.691444112215008744e+01 1.225965562220211957e+01 1.634213852684082013e+01 2.300880519350974041e+01 4.300900980928440021e+01 6.113096132509015490e+01 7.267864971520371853e+01 6.784388844279477837e+01 5.105304252391196229e+01 6.377127818302541584e+01 4.543946054882916030e+01 6.377127818302541584e+01 4.949987882582318122e+01 6.483435037834161108e+01 6.733204088353772931e+01 5.052567264815129988e+01 4.528895144282011387e+01 5.013699454400448730e+01 5.550580098893368586e+01 6.311333296130045767e+01 7.316000637753201374e+01 9.323011142688569919e+01 9.312854930986564739e+01 7.411735766114716739e+01 7.154304818737494998e+01 5.227422399854050639e+01 7.148488104422671086e+01 7.099284591273303135e+01 7.513623097166897935e+01 6.932837291067525598e+01 8.916350225013651709e+01 8.676316391076282741e+01 6.676592693580911941e+01 7.733637599742843349e+01 6.309073012321869811e+01
3.411803931810562015e-03 1.414554742766288520e+01 3.414554742766358686e+01 2.380666055255513314e+01 3.634147627747626785e+01 2.528641043735015970e+01 3.284569990018363228e+01 4.439270545076409036e+01 6.439276417666022212e+01 5.888939140366335323e+01 3.952728249790571624e+01 5.545920676878104416e+01 3.548535493322292922e+01 4.547230663469861156e+01 3.798661334652518207e+01 4.480224397291325289e+01 5.346268328124821068e+01 3.900264834965584981e+01 5.901238597484487514e+01 7.023317513759900521e+01 7.560487993922929206e+01 8.319505890160844785e+01 9.151561475132551493e+01 1.015546308565028681e+02 1.011026970152593520e+02 9.293520199295831219e+01 7.946470960160007735e+01 5.291507083163776315e+01 5.162053617351716639e+01 5.116102872214407427e+01 5.661504844366797329e+01 7.512838851447365585e+01 8.325133545684083458e+01 8.110830093381454731e+01 7.285952082844079314e+01 5.731527102607853408e+01 6.733994862968259554e+01
3.327314952832964925e-03 2.000332731495247884e+01 3.573086260307914586e+01 4.380590755889001997e+01 5.207411451707709205e+01 3.942854540480557546e+01 5.284569717025666336e+01 6.113096132509015490e+01 5.503437645990661053e+01 4.673477982037679368e+01 3.062962265974045550e+01 3.991800579406361749e+01 4.217398890699052316e+01 2.554919695566949756e+01 2.806005176231381171e+01 3.074039307431125678e+01 3.351545121301212760e+01 5.346268328124821068e+01 6.452217812719561607e+01 6.971088597557223920e+01 7.551304554250377521e+01 8.220762897281450421e+01 9.052783632919340562e+01 1.005665652126247238e+02 1.054716960565195478e+02 9.402511859389124993e+01 7.826633120695348111e+01 5.789835737512505176e+01 5.311057178777144117e+01 7.030047980646048700e+01 5.050949199948492918e+01 6.960990849574015726e+01 6.327303486137434874e+01 6.864352147944924809e+01 5.296219651815515306e+01 7.285952082843239452e+01 8.557931584375407397e+01
6.779948344387334673e-03 7.566069408523853568e+00 1.573103521737592381e+01 2.987316534302860660e+01 4.987259477256889539e+01 5.942842178312768198e+01 5.530018025840184492e+01 4.699546226583364472e+01 4.346279900183244393e+01 2.678282971632665621e+01 3.689523647030360110e+01 1.998148318245816668e+01 2.224487624418511800e+01 4.217460551942797053e+01 3.952909844023680108e+01 5.066951209761268160e+01 4.758927672255974528e+01 3.977549890316582548e+01 4.445656567947154514e+01 4.961510689047339895e+01 5.541377521540950823e+01 6.212387868188232432e+01 7.217275214075436907e+01 9.224250580487459672e+01 9.727216516398563328e+01 7.743342197183858389e+01 6.583773212218994786e+01 7.826633120695348111e+01 8.079063515761158953e+01 7.827311601572441191e+01 6.869869760013988014e+01 4.985464498624704532e+01 4.938997217123082351e+01 4.892155963255255102e+01 6.261552212840633302e+01 6.749652244061873319e+01 7.388398148338207250e+01
9.516927588586143695e-04 2.000095169275850182e+01 3.573086260307914586e+01 4.401316160356658003e+01 4.382588802945996775e+01 4.157353300557228692e+01 4.699655534971386572e+01 2.703453760150579654e+01 3.285414249427397237e+01 1.526541802000988568e+01 1.694968610417296517e+01 3.689523803099667276e+01 4.217460551642457744e+01 5.046789169072428649e+01 5.952951773143457359e+01 6.784589972937394009e+01 6.764234059733554716e+01 5.979266791704660022e+01 6.452217812719561607e+01 6.971088597557223920e+01 7.551304554250377521e+01 8.220762897281450421e+01 9.052783632919340562e+01 1.005665652126247238e+02 9.642375489074302664e+01 7.658269343858808043e+01 8.581826144161574632e+01 9.402511859389124993e+01 9.095881827243277939e+01 7.588038145908521415e+01 5.592855889368114219e+01 6.219938911921975944e+01 6.793170532041739307e+01 6.797033414099520598e+01 4.826172623163584063e+01 4.779031931553399204e+01 5.781965692085935160e+01
1.945935296826602993e-03 1.414408155902790121e+01 3.414408155902860642e+01 4.382342725267331218e+01 2.380100153985848976e+01 2.161366941077691450e+01 2.902830083343034318e+01 3.060635231258497768e+01 1.292461405528025153e+01 3.288054128167062373e+01 3.689389556976114903e+01 2.094781235314261636e+01 2.392537786545000245e+01 4.385267962205313808e+01 5.139470060715693478e+01 5.472227792897474785e+01 5.825825971812533055e+01 6.204646625510796554e+01 6.623398626923541599e+01 7.072896971756792084e+01 7.591879761868864307e+01 8.261248552944918799e+01 9.093185926075898351e+01 9.990928526216524119e+01 1.046235759902400133e+02 8.805114420007583931e+01 1.046235759902400133e+02 9.422912569929319204e+01 7.432190528772341054e+01 6.274920928421857980e+01 7.588038145989409600e+01 7.941121417904794555e+01 7.797875180516777505e+01 5.804207600585719007e+01 5.990610911937965710e+01 6.682788210230373238e+01 4.711740845757103813e+01
5.600688922766023682e-03 1.414773631265384068e+01 3.414773631265454412e+01 3.360066033083729309e+01 2.528519036861521840e+01 7.492917550717779207e+00 9.064265930677116501e+00 1.064540467831593240e+01 2.476045529906997089e+01 4.116350502474619333e+01 4.916712091420136943e+01 3.244473750644657883e+01 4.385267962205298886e+01 2.827231641874960033e+01 3.145384035052179783e+01 3.475681399821361595e+01 3.825572610804142926e+01 4.200116143149747927e+01 4.615134578097993057e+01 5.062679262115241130e+01 5.581868058796503362e+01 6.253142179716772375e+01 7.152017157210352138e+01 8.570404071950623859e+01 1.057875214235256038e+02 1.078609537901918713e+02 1.160568626848691594e+02 1.024365948919682552e+02 8.849269711368097546e+01 6.854982781908314848e+01 8.849269711368097546e+01 9.236707570584239591e+01 7.229698763249548676e+01 7.217667078877767040e+01 7.686208830532883951e+01 7.406306376177275297e+01 5.436944592803609311e+01
8.215197286175309616e-03 2.000821519728582132e+01 2.238833758451215417e+01 2.358777243328489348e+01 5.310738657178458055e+00 7.331043746282871254e+00 2.733293817227642819e+01 3.060635226416290067e+01 3.888815661356619557e+01 5.301493594047413183e+01 6.071497885925113280e+01 5.240773464319620700e+01 5.650511613701554836e+01 4.820160746894293169e+01 5.139470060715693478e+01 4.884736955596687835e+01 5.237791737194147146e+01 5.355582173549296954e+01 6.623398626923541599e+01 6.223931261637952872e+01 7.591879761868864307e+01 7.223444769915971619e+01 9.093185926075898351e+01 9.990928526216524119e+01 1.034301923971401322e+02 1.116269682646803005e+02 1.150702346317710010e+02 9.525382896948042344e+01 8.119055829664699786e+01 8.009398275636371523e+01 9.670622051623355730e+01 1.005798981712466826e+02 9.236707567408723207e+01 9.210305904906961416e+01 8.791897796770805940e+01 6.832375617325214989e+01 7.000024560910925686e+01
2.613274238814250559e-03 1.193595942589640524e+00 2.386695915133425494e+00 3.586216202941557629e+00 2.358777243328604811e+01 2.733293817241023405e+01 1.023294874670654053e+01 3.023516466165335359e+01 4.149303123500838808e+01 5.055105007158046249e+01 4.222866157374602381e+01 4.962881240480363942e+01 6.148394508025735661e+01 6.604426030033968686e+01 6.825367308744813499e+01 6.890556141070540264e+01 7.245466196167922135e+01 7.364490236340512297e+01 8.196551849195505213e+01 8.232605698720998078e+01 9.064632740946866818e+01 9.231227479445699657e+01 1.006347124578629177e+02 1.001519200756611525e+02 8.351895542773505099e+01 1.001519200756611525e+02 1.088579936579239842e+02 1.092586549308604589e+02 1.010579198092218007e+02 9.996555428490540862e+01 1.081669692677028252e+02 9.536697196959639200e+01 8.716818856766019508e+01 9.536696546584732914e+01 9.605897111552202716e+01 8.791897796711721469e+01 7.776854608201750807e+01
7.532853315450405325e-03 1.994956063241003363e+01 2.238252022977205158e+01 1.252493477200136951e+01 3.157503026358943288e+01 3.852803171513493652e+01 3.023516466172410588e+01 1.319794601301303949e+01 3.320054756616968916e+01 3.864614232633665836e+01 2.220291832836660362e+01 3.607714412761934852e+01 4.853936278734246201e+01 4.591798768126902530e+01 4.811784273600322592e+01 6.825367308600158367e+01 7.799466947146241580e+01 8.212240470845991069e+01 7.545740484951504357e+01 8.129692951984043248e+01 8.129692951984043248e+01 1.015503556816910589e+02 1.031192106301740665e+02 9.193443437295567833e+01 7.199349372619549570e+01 8.074381333286117979e+01 1.006543628785046565e+02 1.044015309086275067e+02 9.404306580275634531e+01 8.555878623988829190e+01 9.404306580275634531e+01 8.557981820326951095e+01 6.768476061379266184e+01 8.557981820326951095e+01 9.991243171687706592e+01 9.231047520695111075e+01 8.671440542154256548e+01
6.101047412966256744e-03 2.000331493805174077e+01 3.628987523945480831e+01 2.399846020942997882e+01 4.035571072767827161e+01 4.389395755154337309e+01 2.388841934086541841e+01 3.320054757820040692e+01 1.636022366859284105e+01 1.863943518833370305e+01 3.779415213608060498e+01 2.594926175065238283e+01 2.880640563597772541e+01 3.175524989811752974e+01 5.181283644436827984e+01 5.991548681613927130e+01 5.780146436873265259e+01 6.190482647252788695e+01 5.526771148998581396e+01 6.106822267772911772e+01 7.536173752824835503e+01 9.562575052123010266e+01 9.490668230855931142e+01 7.499535557999445246e+01 6.448471949919564850e+01 8.439746725009477757e+01 8.816525268798714876e+01 8.451623242741138142e+01 8.384819290787356749e+01 6.520761077353012070e+01 8.384819290787356749e+01 7.742647450124235320e+01 5.797145323774429926e+01 7.742647450209547344e+01 8.966487182569319714e+01 7.481067265745176087e+01 8.966487182569319714e+01
6.842009524227352091e-03 8.171987846469088268e+00 2.819785275054588780e+01 4.352692368203064888e+01 5.163620567193346744e+01 5.219206522046091834e+01 3.388860918219123874e+01 4.465809540247072107e+01 3.636331390476777159e+01 2.466966084344439381e+01 4.466047616787821539e+01 3.351082948887101765e+01 4.885550665149162342e+01 5.181283645140613459e+01 3.634367365186552945e+01 3.982546624176089267e+01 4.360584440074213575e+01 4.769041537484577731e+01 6.782641803866279417e+01 8.129692951984043248e+01 7.384842566225150051e+01 9.411401120840845635e+01 9.015095972956588355e+01 7.022924455870679594e+01 5.879329369823137341e+01 7.220706097333722084e+01 6.826923148495635019e+01 7.044591687593563734e+01 7.538319850670919209e+01 5.558642632465711131e+01 7.538319850670919209e+01 7.094146738719994971e+01 5.172341786980120304e+01 7.094068739819864788e+01 7.300080277056619593e+01 6.465748030171522487e+01 8.220692316393693488e+01
1.934550753332892102e-03 2.000193455075297777e+01 2.451680319380692907e+01 3.869276825519101948e+01 5.878166159151144399e+01 6.220255636392484178e+01 5.389930590762526208e+01 6.220255636392484178e+01 5.132263123966476570e+01 3.133632672409686037e+01 5.132263123966477991e+01 4.248453055763349795e+01 6.237909164285672148e+01 5.641826312944971988e+01 5.051614435953698745e+01 5.139521989703475668e+01 6.371591720943138171e+01 6.190460939313573618e+01 6.190486249239428673e+01 8.212426085585907742e+01 8.818272139928781428e+01 1.024845182922089464e+02 9.837052496269569701e+01 8.368750183680776900e+01 6.380279496798672056e+01 5.243350951804755056e+01 5.430011090321513478e+01 7.409664117669277061e+01 6.878427444602525043e+01 4.977080609232574204e+01 6.067690429919832695e+01 6.538730008315751263e+01 4.685434726063636646e+01 6.480625641398839321e+01 5.489920992089376739e+01 7.299993818528129452e+01 8.579748606482780815e+01
4.364784840791047053e-03 2.000436478484043690e+01 2.956997671536803551e+01 3.491520155421113003e+01 4.094542844685972938e+01 4.801649626640899982e+01 5.630077071859094673e+01 6.784777985569017744e+01 5.959080206507142208e+01 4.133624243047559332e+01 5.959080206493127463e+01 5.421527149078530528e+01 7.157983466099264547e+01 7.658854607066793108e+01 7.066723836307187412e+01 7.155573448947345128e+01 7.993272272608913909e+01 8.210772927072054017e+01 8.212364525460776576e+01 9.050699201440137642e+01 1.084334115079481080e+02 1.054743748990134122e+02 9.726350332258994058e+01 9.191447246675720351e+01 8.043792818581260917e+01 6.661425604446660031e+01 4.687457768796384983e+01 6.182668081625603662e+01 7.004152096508852310e+01 6.067690429919832695e+01 4.286319333410696686e+01 5.530731360083915149e+01 4.304048502624038974e+01 4.608785242163768459e+01 5.968545739798437211e+01 6.887977258579809359e+01 6.959293311573533458e+01
5.219006137575642711e-03 4.719264214047911743e+00 9.569976714774613313e+00 1.491520155302314699e+01 2.094542844457852482e+01 2.801649625644412467e+01 3.956350164023704963e+01 5.956350167526383643e+01 6.957455224460223064e+01 6.131274208654846802e+01 6.957455224433945773e+01 7.498265770450386469e+01 8.355961116951920076e+01 7.707221193991904329e+01 7.707221193991904329e+01 8.534516062588059526e+01 9.022760893922760772e+01 8.208127348092249065e+01 8.100907606635075808e+01 8.915171516683936659e+01 9.746019305489080864e+01 9.726350332258994058e+01 7.734818182430383615e+01 8.318124444164031672e+01 7.655301275614084489e+01 7.083840364268959888e+01 6.182668081625603662e+01 4.201758793641771206e+01 5.728216323591778547e+01 5.562802314311979757e+01 3.839020828741619340e+01 3.812803006992517396e+01 5.186176013140055829e+01 5.454408926454157580e+01 3.751363826038310378e+01 6.016734687601918807e+01 5.834384497842571449e+01
