LEM/sinusoidal_perturbations/elevation_000712.asc
nrows	100
cellsize	150.0
xllcorner	0
ncols	100
yllcorner	0
NODATA_value	-9999
[rows 68 to 84 of 100, columns 0 to 36 of 100]
5.009162696260268353e-03 2.000382213250826169e+01 2.892260066781035732e+01 2.923921614368093813e+01 2.752523190286088095e+01 3.185456615097904631e+01 2.310543799573506263e+01 6.038772148610119572e+00 7.951849015156068567e+00 3.033393529946336376e+00 3.339345713363261581e+00 3.648509028801977916e+00 2.289588554596948100e+01 2.652972108048086497e+01 3.564248386139494329e+01 4.707423004334208372e+01 6.212369769689006205e+01 5.375847214659791717e+01 4.282709872671035356e+01 4.813854782162908919e+01 5.035800852876554501e+01 6.959850402278114245e+01 7.969768085631513088e+01 8.698519855320800787e+01 6.712825647044302002e+01 5.323544745181826698e+01 5.786638378287212703e+01 6.758753622056805455e+01 7.583189647169096759e+01 7.275959189811661076e+01 6.196677390013131514e+01 4.575327198320967170e+01 2.846269948714499876e+01 2.085037661637313278e+01 4.081250624582997943e+01 3.903771219540143278e+01 5.190970370177385718e+01
4.695337527364121070e-03 6.034386862864437262e+00 2.598630893437498912e+01 4.364948551610763161e+01 4.780379342417042920e+01 4.611714234733189954e+01 2.880401593556716833e+01 9.609775943208903826e+00 2.176010507906052283e+01 1.516103229337900338e+01 2.330983353829467575e+01 2.364919726668357214e+01 4.087192599772978774e+00 7.290500508160244308e+00 1.789172436816913248e+01 3.849543531918688188e+01 5.032380090274957496e+01 3.321997153312385365e+01 2.812685950102402188e+01 3.359254882536758657e+01 4.095085834306796357e+01 5.113289516273950142e+01 7.137723534229971278e+01 8.698519855320800787e+01 6.712825647044302002e+01 6.365341560234413265e+01 4.395899557067406960e+01 4.788047411889433391e+01 6.441988044560166315e+01 6.390665581921370375e+01 4.198332014063592510e+01 3.873542255258526268e+01 3.979916684513513303e+01 2.050563396225799906e+01 3.791193481247364616e+01 5.482379990772944467e+01 6.681077827730797480e+01
7.614146464036155443e-03 2.000761414645375069e+01 1.545035462520042913e+01 2.954147454389500638e+01 4.948454424220079773e+01 3.783769241988492382e+01 1.771225321252792639e+01 2.031071184272337504e+01 3.592410068714513471e+01 2.895951380585336921e+01 3.691884995368756250e+01 1.810259437660650406e+01 2.333176066131846227e+01 4.531576019103545683e+00 2.464958824923619929e+01 3.239176628493405730e+01 3.612874702037400709e+01 2.109006649542548217e+01 4.190056328865741619e+01 5.407644405637561391e+01 6.125506525251959289e+01 6.959850402278114245e+01 7.969768085631513088e+01 9.528452184882290510e+01 8.698519855320800787e+01 7.188274192370055005e+01 5.620962678626943898e+01 3.641966392585702295e+01 4.995149072120136680e+01 5.815876294833939397e+01 5.285249597251455356e+01 2.809580607298779142e+01 2.964855302023953598e+01 2.016456148818071981e+01 3.656453582908436317e+01 4.871867199893445388e+01 5.353936247237766821e+01
2.352828262072654761e-03 2.000235282825029870e+01 3.538255280219522092e+01 2.954147279871307319e+01 4.948401906139685025e+01 4.556722638122597147e+01 2.522208857888153233e+01 4.039129844865801999e+01 4.875423361003405631e+01 4.860344863028367257e+01 4.379820245454318695e+01 3.579291411551015045e+01 2.455993713753557373e+01 4.848458012564845987e+00 8.276868881552212898e+00 1.174653887336734215e+01 1.536991543832651530e+01 3.612874702037400709e+01 4.190056328865741619e+01 6.232384142515159908e+01 6.965907292947046869e+01 7.789237589103500170e+01 8.932701485118224127e+01 8.468800120921464725e+01 7.467878926740647216e+01 6.637150130125667147e+01 5.971501223879999287e+01 4.995149072120136680e+01 3.001015488999138014e+01 4.419492260235789161e+01 5.214504662272659630e+01 4.146976153252438024e+01 1.968723958184060407e+01 3.134547934592051632e+01 2.554925759303268507e+01 2.965236018597155621e+01 3.697409758781131472e+01
6.786455232800275850e-03 1.414892207896387610e+01 3.414892207899222143e+01 4.948401923333864261e+01 5.776530560233744183e+01 5.418709549359507349e+01 3.692073755401703039e+01 5.414809802523363658e+01 6.172443597206901700e+01 4.305121587825981777e+01 4.317720944316997844e+01 3.996627218245393465e+01 1.966649965802001176e+01 5.168183271251572286e+00 1.959917075735280534e+01 3.039121982795854038e+01 3.612874702037400709e+01 4.459031536688883790e+01 5.291111215261473433e+01 5.823178390807753146e+01 4.986642775164383323e+01 6.131798400587261000e+01 8.105321229433033636e+01 7.636532794684264047e+01 5.637767465567085878e+01 4.640203411388652910e+01 3.969189620249340322e+01 3.405148647831576625e+01 2.893657755425628153e+01 2.405333253452685227e+01 3.991328645242853668e+01 3.877314925067533835e+01 1.935026885081947867e+01 3.477987270183075452e+01 4.495684669359646080e+01 4.894711565471268955e+01 3.636567379754655605e+01
3.257643153035955173e-03 2.000325764315267918e+01 3.255016574983873312e+01 4.230175665992535272e+01 5.058602938779708325e+01 6.213303628405211043e+01 5.761885125978999156e+01 6.606545862617940656e+01 5.764601955213982620e+01 3.756055633550448647e+01 2.276750331101230884e+01 3.065749658751211015e+01 2.535051960408524607e+01 5.487918683989862600e+00 9.712797041238852458e+00 2.209146768061275523e+01 4.276557255264525992e+01 4.585195859145746056e+01 3.294481074065633663e+01 3.832365314504421150e+01 4.833072067518151727e+01 6.235039865965891437e+01 8.209291268794970620e+01 8.468800120921464725e+01 7.467878926740647216e+01 6.637150130125667147e+01 5.429674796352414035e+01 5.008236431626914253e+01 4.900775994870147656e+01 3.408763024720612833e+01 1.924829280856103964e+01 1.887240811636588234e+01 2.643606311380002083e+01 2.434254345674839826e+01 4.433461334056664072e+01 5.787607669904350161e+01 6.154410185741579653e+01
1.880098487986705483e-03 4.265894425600214035e+00 2.426589442577362021e+01 2.230175665462349599e+01 3.384876203841641740e+01 5.384876205766654778e+01 6.118299098731781527e+01 5.226100797819438526e+01 5.389841787854776811e+01 4.010669702889378385e+01 2.941993767040879959e+01 1.192582880613667484e+01 5.937982913814480845e+00 2.542167112936963136e+01 2.785053265336630446e+01 3.565832323487116895e+01 3.935187393102765441e+01 2.581735213223556258e+01 4.585195859145746056e+01 5.823178383260079727e+01 6.645082510920181562e+01 7.636104757802439735e+01 8.324329007873299702e+01 7.496821733924468845e+01 7.238065436164650635e+01 8.065040935693023982e+01 7.587906410987272920e+01 7.191692392526880440e+01 6.219105779942363910e+01 4.647482093163057471e+01 2.906152154596891179e+01 1.852872819409205007e+01 3.839266624453397725e+01 4.433380103376387638e+01 2.977809186180502010e+01 4.970687999269311774e+01 5.946983789754087013e+01
2.900726248362994839e-03 2.000290072624800786e+01 1.075475127083077354e+01 3.075475127144743226e+01 3.969902318194561985e+01 5.969902320383100403e+01 5.226100808277554677e+01 3.102017651680881016e+01 3.723869897004026086e+01 2.340099435535169548e+01 7.818310230970005215e+00 6.389493945064309344e+00 2.573211819574638071e+01 1.009861625888798109e+01 1.308647160992329894e+01 1.611563371773436870e+01 1.928375503781785483e+01 3.935187388261158503e+01 5.239322002653569399e+01 5.907606072951993070e+01 6.733402399286973150e+01 7.729809489392563648e+01 7.177628791044219270e+01 5.515498588703206195e+01 5.258784683919973446e+01 6.919391618295392732e+01 6.952237481620842630e+01 5.890394613450023797e+01 6.507141201001967090e+01 5.346808888273295679e+01 3.856671984497780414e+01 1.818271816754561954e+01 3.397206641183070985e+01 4.073510150060961621e+01 4.918356643401364181e+01 3.567166257590181999e+01 3.988377520310859836e+01
5.081304048347549951e-03 2.000508130404799090e+01 3.075475127144743226e+01 1.969902318083009263e+01 3.384115880456154457e+01 5.384115880836885992e+01 5.226100703635560762e+01 3.102017651652618824e+01 1.658867064319156626e+01 2.477928953436042292e+01 6.841716765498502717e+00 2.561206483025192782e+01 3.243089932856362623e+01 3.002284169632383382e+01 3.310319341753200462e+01 3.031475984443061122e+01 3.350539550769348551e+01 2.641758300673796711e+01 3.226709539830193307e+01 3.902753864968454423e+01 4.911545060860567702e+01 6.903667086107800799e+01 6.352904282679336490e+01 4.376843679947922539e+01 4.120203743677253527e+01 6.034211860433214270e+01 6.013864555072515827e+01 4.377550501198381028e+01 5.493681407243043680e+01 4.248591731529948845e+01 3.906226826743773728e+01 1.783127614713277964e+01 2.022702684818587215e+01 2.260943850840923375e+01 4.145709907962903173e+01 5.331436258076259094e+01 5.946983789754087013e+01
4.469920835086939326e-03 1.414661099698349922e+01 3.414762041993490982e+01 3.969902318194561985e+01 3.384115880456154457e+01 5.384115880836885992e+01 5.226100707506916621e+01 3.102017651653061492e+01 3.011650182893758299e+01 8.954209848849965070e+00 7.162587973503229399e+00 2.664013896806470072e+01 3.007486234580905560e+01 2.900998041552233175e+01 4.723650757560879754e+01 5.027626798375846562e+01 5.346596676494027633e+01 3.865311239043963809e+01 5.239322003691109586e+01 5.907606073363123045e+01 6.733402456573719519e+01 7.729809360206544966e+01 6.666277425121927536e+01 5.212025161757342318e+01 3.232186416675389751e+01 5.212025131986992932e+01 5.215682940900528308e+01 3.374987211013127819e+01 4.193952565014811285e+01 2.998323192447888630e+01 3.532467650377628843e+01 1.747746085892999091e+01 2.546584688672101748e+01 4.092729476081674278e+01 2.590372788981326835e+01 4.495525200520955167e+01 5.161846059876720005e+01
2.324776005098761877e-03 2.000189954087027644e+01 2.472268088519690110e+01 4.472207528481997230e+01 5.384115880836885992e+01 6.212543078478383052e+01 6.118291545509325147e+01 5.226100706333723167e+01 3.483862964906515458e+01 2.021286400530867766e+01 2.717549743355750280e+01 7.624164830411195304e+00 7.863413210598379166e+00 3.080337815660269030e+01 4.104436114448095907e+01 6.332740984066695944e+01 6.651767920040124693e+01 6.056264972322032492e+01 6.322815565181245034e+01 5.885435284570099412e+01 6.149871804158289024e+01 7.042328019361728764e+01 5.842687624362779530e+01 3.864937389624655140e+01 2.714658691308046556e+01 4.072749524436117241e+01 3.949203590170129985e+01 3.557668762380520633e+01 2.303351794617752901e+01 2.386766063262110649e+01 1.696847249464226692e+01 2.057224447171447679e+01 4.196660721420218465e+01 5.158176345050500800e+01 4.495525200520955167e+01 2.915826707172055876e+01 3.167125575262024384e+01
8.699724428260374037e-03 4.722744932338557966e+00 2.472287049244197021e+01 3.805528292202578200e+01 4.472182250768079115e+01 5.300194924204303248e+01 6.299947411765591454e+01 6.609563462105965925e+01 5.076176013359918926e+01 4.147678948954522582e+01 3.509190975568174053e+01 2.694598650323012379e+01 8.075941075945728187e+00 1.853809987808109128e+01 4.155132095963162442e+01 5.640718968324679139e+01 5.597536209472771418e+01 5.920980751507671158e+01 4.427479197064367611e+01 3.887671524711075222e+01 4.107222372579796854e+01 5.796742331707825002e+01 6.029367989553600182e+01 5.522633905054448178e+01 4.072749528543012332e+01 2.088209275354836691e+01 1.956694454418023099e+01 1.569839637725186599e+01 1.607382669576342238e+01 1.644842680139652202e+01 3.517544248602792578e+01 2.693753883300744079e+01 4.036504672378903535e+01 6.048971335000316429e+01 5.588023543069540722e+01 3.550755643441812737e+01 5.161846059876720005e+01
2.249585233037712084e-03 2.000177728056145554e+01 1.228203439251221596e+01 1.805553708437328453e+01 2.472220375071570686e+01 3.472220357914764577e+01 5.472144143621393653e+01 6.122205519536205998e+01 4.430341393831420049e+01 3.776262927512376422e+01 1.822053609300168731e+01 2.814146644579501455e+01 8.429440739897364310e+00 2.069202207168488172e+01 3.888668732558949159e+01 3.826460294325133304e+01 4.182527986188139124e+01 3.941610213345074243e+01 3.730237336757439692e+01 2.659537220860522311e+01 4.388492055690401372e+01 3.781877253523092008e+01 3.957296642760825733e+01 4.473615618517325032e+01 3.915535669817752051e+01 1.982761599188077639e+01 1.516968991272680611e+01 3.509008843358000007e+01 3.512285103761436034e+01 1.655011778703047298e+01 3.391329662056124761e+01 4.660944237898570464e+01 4.082800325423643528e+01 6.057692751762409955e+01 6.448937325181525182e+01 4.541228357398643567e+01 6.448937325181215385e+01
2.739267172789772273e-04 2.000027392671692539e+01 3.228185360047940122e+01 3.805528292202578200e+01 4.472182250768079115e+01 5.300194924204303248e+01 6.299947411765591454e+01 5.912791226374444875e+01 4.056700918909498910e+01 2.699134214324155323e+01 3.013061229916567285e+01 9.311900462033486647e+00 8.784331694761894127e+00 2.880001420658286904e+01 3.564743329565276753e+01 2.455165400869502079e+01 3.363097921642893340e+01 3.009169924664709228e+01 1.854603967364190709e+01 2.948351402565553059e+01 3.304949543423131075e+01 2.558886657362832651e+01 3.503001888158020449e+01 1.347971246672556589e+01 3.358166486476837775e+01 3.425841913527899152e+01 1.480247430129047714e+01 3.474219627592618309e+01 4.492121020004714183e+01 3.985258427398105141e+01 4.806899144250752443e+01 6.172144921551537777e+01 6.057693174052958085e+01 6.879220774330741506e+01 7.492298004951311441e+01 6.634818728740435745e+01 7.492298004951733503e+01
8.327778614586212741e-03 1.155533316240700081e+01 2.569746878613770136e+01 4.569746878613698726e+01 5.039933573382560184e+01 5.868360698128699227e+01 6.867823068306601897e+01 5.912791226374444875e+01 4.056700918909498910e+01 4.600337178772689128e+01 3.856928186396138614e+01 2.990491573170454132e+01 1.248838461126152310e+01 9.278276995583604858e+00 2.468246510821798978e+01 3.168107465752738250e+01 1.412983016519119950e+01 1.480643615545415237e+01 1.145425909280117338e+01 1.182537044291106199e+01 1.686201710706956192e+01 2.468735789147985216e+01 1.302755861944697457e+01 1.909869452553695268e+01 1.394398141154093551e+01 1.429015340533552525e+01 1.523295300769928673e+01 1.711551720989535141e+01 3.706473639434741330e+01 3.946845231384289576e+01 5.928279034564425132e+01 6.139954236470741478e+01 6.392124165525238055e+01 6.400004276128471759e+01 7.215436828262710378e+01 7.219771289853956375e+01 7.219771291423823811e+01
6.510866554257996840e-03 2.000651086655390287e+01 2.906940411527176948e+01 3.406940411527137513e+01 3.039933573382631593e+01 4.039395943560802493e+01 5.684319649234527816e+01 6.659348674189450890e+01 5.912791226374444875e+01 5.123155648442589438e+01 3.719724379462126507e+01 1.762229007747771803e+01 3.167587326625370991e+01 2.904178331339167940e+01 9.767765649017638552e+00 2.797783961733378888e+01 1.071812537147865285e+01 1.105022878402525244e+01 1.137437790003260751e+01 2.008715070652567292e+01 1.227013578341622591e+01 1.258293531821895073e+01 1.994429394634376251e+01 2.852254456434798868e+01 3.182358128217105886e+01 1.505947560631347493e+01 3.566589979492497520e+01 3.706473639434741330e+01 1.964688678107095043e+01 3.946845248116778038e+01 4.826295327353657427e+01 4.204777027521186739e+01 4.459868377752309954e+01 4.473599422778591617e+01 5.566258858113107522e+01 5.286083599602602590e+01 5.286083599602707039e+01
8.953482861371391335e-03 4.481089437860931390e+00 9.069404115272126532e+00 1.406940411527208390e+01 2.039395943560873192e+01 2.855892524488584883e+01 4.270106086861630246e+01 6.270106086861559191e+01 5.702267586221523743e+01 3.742480372117597653e+01 2.337245227423793992e+01 3.719724379462126507e+01 3.728787017755245614e+01 3.107230095621239840e+01 1.004162578391621707e+01 1.023644370601406095e+01 3.023855859244470778e+01 3.197474737697584501e+01 3.146335422478471600e+01 2.110046492049897893e+01 2.377790299622873249e+01 2.941267075050300051e+01 1.993807981651275441e+01 2.297926977504554813e+01 1.675336951697275367e+01 3.523421046836892856e+01 4.413676646851926222e+01 4.768381069860119226e+01 3.946696121376566424e+01 2.209315474448382588e+01 3.879474488877045957e+01 2.817902349846936261e+01 3.078495371794923230e+01 3.348612079958274990e+01 3.636997142242669412e+01 3.932635088494303943e+01 5.852447611883281553e+01
