LEM/sinusoidal_perturbations/elevation_000085.asc
nrows	100
cellsize	150.0
xllcorner	0
ncols	100
yllcorner	0
NODATA_value	-9999
[rows 0 to 16 of 100, columns 37 to 73 of 100]
9.056742469704245480e+01 7.708580067695216087e+01 6.892098713455074233e+01 6.892098713455074233e+01 6.892098713455074233e+01 7.708580067695216087e+01 7.889304390750565688e+01 7.166969991704021936e+01 7.061143216847305837e+01 6.903522589708867940e+01 6.017514674764478144e+01 5.304923223707956481e+01 4.561468861032657429e+01 4.570047511460724365e+01 4.624123990573196608e+01 4.975932129954814087e+01 5.387328164388256369e+01 4.841579378912512510e+01 3.594957236907090703e+01 5.543895611365570630e+01 7.141318909474141208e+01 7.414348729145659433e+01 8.237675243566457084e+01 8.595377882135373682e+01 8.012178764156817579e+01 8.346694588560939110e+01 7.761969333851529029e+01 7.762677030928524857e+01 8.592994019928455884e+01 9.348461009776828234e+01 8.560708518594074690e+01 8.369024493697675382e+01 8.369024493697675382e+01 9.191885737537451462e+01 1.009384100055398363e+02 9.280186605069759764e+01 9.534622730670645296e+01
7.060733590535885185e+01 6.892098713455074233e+01 4.912477029013940211e+01 4.912477029013940211e+01 4.912477029013940211e+01 6.892098713455074233e+01 6.579963430812712488e+01 5.467606428064036095e+01 5.296299670939777116e+01 5.837741288001267037e+01 3.921306102661741733e+01 2.785746505041115739e+01 2.480049988151241536e+01 2.536969404824798957e+01 2.594329486091001513e+01 3.765505581859935091e+01 4.475841951279002018e+01 2.819001707574697591e+01 2.878957158357084367e+01 4.315013558403944671e+01 5.811119777903555672e+01 5.424515405365432485e+01 7.089213936464979327e+01 6.599689090370966937e+01 6.014616719220980912e+01 6.353392387326083934e+01 5.769941168128060838e+01 5.769953469631749243e+01 7.762617515330795470e+01 7.227304555949029918e+01 6.648782524267032557e+01 6.368621515812302647e+01 6.368621515812302647e+01 8.369024493697675382e+01 8.953012661692110896e+01 7.299393134662344096e+01 7.557484619673850545e+01
5.652884773843201316e+01 6.018509148993401681e+01 5.492294796202815377e+01 3.504723734165809645e+01 5.492294793644079220e+01 5.817089432536961624e+01 4.528895633545796073e+01 4.789988601658459544e+01 3.983852158663629695e+01 5.041709040310535528e+01 2.731387251002180250e+01 2.400054639920459820e+01 2.813865235707739743e+01 4.550465081558232328e+01 4.622761931443482553e+01 2.676419842208411026e+01 2.734975968850526584e+01 4.768975473748843541e+01 4.900298700354616699e+01 2.964766219979431838e+01 4.983437583720129993e+01 4.247321455270644464e+01 6.163364516077224664e+01 6.556319110543137185e+01 4.600114517387903845e+01 5.463334288005013661e+01 4.363268225737557060e+01 6.353392192636098912e+01 6.572232863661328395e+01 5.330185393516754289e+01 6.724012131603194575e+01 4.984601412942355836e+01 6.943471230180055898e+01 8.105932013701358585e+01 7.286753724374172236e+01 6.143567498216803102e+01 7.557484619672617043e+01
6.018509148993401681e+01 4.015853663436858056e+01 4.861065270123823012e+01 2.943695897040503695e+01 4.878157440522036126e+01 4.227277166475944625e+01 3.083508282384985222e+01 2.842454377135060994e+01 4.196261364004084271e+01 4.258923830004243882e+01 2.321359799655815692e+01 4.335097343584633478e+01 4.803201930751737336e+01 3.431432685077811584e+01 5.322758743815093396e+01 5.202212521115390587e+01 2.934384889736349677e+01 4.883899442708325012e+01 5.788503707961500311e+01 3.307002082700221024e+01 3.051339400517929334e+01 5.066620848746502759e+01 4.793175479924074267e+01 5.802301182746659691e+01 4.074338045173283263e+01 3.465604137669433982e+01 5.463332590224892016e+01 6.293735687457306227e+01 5.013891525362179635e+01 4.346194204698765873e+01 5.821423036229129622e+01 4.443305453657863779e+01 6.356396362772483144e+01 7.286753714981709606e+01 5.322380271086689874e+01 6.582924844877329917e+01 7.428801999185391480e+01
5.130207560998542959e+01 4.786298745308829439e+01 2.841124425596453307e+01 2.404074558142623275e+01 3.947241805072040677e+01 2.021069469498844384e+01 2.076512948689303073e+01 2.132105813462458244e+01 2.187627563475713899e+01 2.242933277196110353e+01 4.262503323902687669e+01 4.785258768192540657e+01 5.823720980713160600e+01 3.885467108256067803e+01 5.828069678430596667e+01 6.898442168728951174e+01 6.152124768689262169e+01 7.008624803274614123e+01 6.210235285764518665e+01 4.185131736333534036e+01 3.296120626308831447e+01 3.139262097058647072e+01 3.201702487279530374e+01 5.153848904036249223e+01 3.377896677645322399e+01 5.377970080986752066e+01 3.553865331981641873e+01 5.549123753926755853e+01 3.730840763065662458e+01 3.793444328656008224e+01 3.855991448608315864e+01 3.918371112737834494e+01 5.942479318670311983e+01 6.096824778303123082e+01 6.132378239656178209e+01 4.642576032553836285e+01 5.991190441599421490e+01
3.711480355693338851e+01 3.429870850589728093e+01 3.576973825208546742e+01 1.886796665434371079e+01 1.942448491930426613e+01 3.355084347502676678e+01 2.607337987461182038e+01 4.176937781260436822e+01 4.206692005956004010e+01 2.537885915039606033e+01 4.616533820334834104e+01 6.315303379063118427e+01 6.369297188667399467e+01 5.828199840655691588e+01 4.610122361400582491e+01 5.968158473197865987e+01 7.861118782582241238e+01 7.624241691915450758e+01 5.627695124415100736e+01 5.746419304076259493e+01 3.715215118972758290e+01 5.150251729471745676e+01 3.376715461375597016e+01 3.290093562449470710e+01 5.265788176722113434e+01 6.035683567933195803e+01 4.334723530644473044e+01 3.642025829780025248e+01 5.601915191331654853e+01 6.236118266817692302e+01 5.879490270801073848e+01 5.521855941141885182e+01 4.006860658586902701e+01 4.070289340698857927e+01 4.133788082276674913e+01 4.197540251300303282e+01 6.226376352802678582e+01
1.698325942068650107e+01 1.753411502375523412e+01 1.808608951444532664e+01 3.821244157894740567e+01 2.916694853730431092e+01 2.921073198136348736e+01 3.150262229123221758e+01 4.992507638763424893e+01 5.460576258869505750e+01 4.616592229403657655e+01 3.425106767996376078e+01 4.997655902460483901e+01 7.222376070683151283e+01 7.122059081012393733e+01 5.226245549095515486e+01 6.522562936722584936e+01 8.420555504968632476e+01 8.453903881575220680e+01 7.624241724102667206e+01 6.193370046734069945e+01 4.191649488308666349e+01 5.870480165070252809e+01 3.842173767895032910e+01 5.304793469670683947e+01 6.129350954601324020e+01 6.936796937858075296e+01 6.108931537454668614e+01 5.635067961680183402e+01 4.220219811627500661e+01 6.203966959103674839e+01 6.549279769038048471e+01 4.535489781953898358e+01 6.032290946358826744e+01 6.096824780409576050e+01 6.161494185435802251e+01 6.115231019473939966e+01 4.289839084805614533e+01
3.634581614657526671e+01 3.697826316744397701e+01 1.967908286393920392e+01 2.985921184616095303e+01 3.975565248161499454e+01 4.767515672952566064e+01 4.993441539527027118e+01 3.988199004215853449e+01 5.862647242826029270e+01 6.405090770060466809e+01 4.939422176692616517e+01 4.939422176692592359e+01 7.004656942333545544e+01 7.913045348397945133e+01 6.324368478399266991e+01 6.568375226547428269e+01 8.458770151728704434e+01 7.870482713429537114e+01 5.880930670335284560e+01 4.886370609835757506e+01 6.193370046734069945e+01 6.717165953588232696e+01 5.874170906411852400e+01 4.498930245949863149e+01 6.510184088634466093e+01 8.142900413703672768e+01 7.769065065643248147e+01 5.790527903277604338e+01 4.644058984115348210e+01 6.627168462477081334e+01 7.374901648542480359e+01 5.964833536961288729e+01 5.114909978203075269e+01 7.114986974453545088e+01 7.735526977670758697e+01 5.734828333981760551e+01 6.319144057231127221e+01
4.211722571676924787e+01 4.333568415985634914e+01 3.772089841906693408e+01 4.297846630449541294e+01 5.034948014641794600e+01 5.490834883520982146e+01 6.670244211818156543e+01 5.161424221452161021e+01 5.295466249199131425e+01 7.231943289960318566e+01 7.004656943111085354e+01 7.004656942204921677e+01 7.870759264028509961e+01 9.009070262108582483e+01 8.211724708542173801e+01 8.458770151728703013e+01 9.257715470225434728e+01 7.870482713429537114e+01 7.701481510763314020e+01 5.776021527954632262e+01 6.034697543690796095e+01 8.024546536363430960e+01 7.369237445238225348e+01 5.646834058736624939e+01 5.248005732097336562e+01 7.277071260521238116e+01 8.582609272032198078e+01 7.108483631455582952e+01 5.125292067012804154e+01 7.108483631455582952e+01 8.784969805115733266e+01 7.530709695058233422e+01 5.536973566633950838e+01 7.530709695058233422e+01 8.567087552272192852e+01 7.741171446066641693e+01 7.963749165342935044e+01
5.075987239255986339e+01 6.273465613037948430e+01 5.776650566908055140e+01 6.338817993231455716e+01 6.994449301262390861e+01 6.963435489887710617e+01 7.827723430201373844e+01 7.201650229712663531e+01 7.231943289960318566e+01 8.073322124344933570e+01 8.528152924408392721e+01 8.684615405834863111e+01 7.863395430835672073e+01 8.684615422228709747e+01 8.920330605927715339e+01 8.044660096575481134e+01 8.920330651133672006e+01 9.864227585653874542e+01 8.591959122080380951e+01 6.923635517799910133e+01 7.440910984536179740e+01 8.024546509512325088e+01 8.557518097383615441e+01 7.689541770334230364e+01 6.402870547877738261e+01 6.245363577694175916e+01 8.308861137880299452e+01 7.638848708027110490e+01 5.655949281850305255e+01 7.638848708033997070e+01 9.156673563637491498e+01 7.165282654516965977e+01 7.530709694581317137e+01 6.242685602079751561e+01 8.235153463147781849e+01 8.892036031947434083e+01 8.062795269185977531e+01
6.574715491761773478e+01 6.320045011947627955e+01 5.491654370623789561e+01 5.751566376110904599e+01 6.579712058686854448e+01 7.897138860820813022e+01 7.713271060582536620e+01 6.866438030160823303e+01 7.713270951747394122e+01 7.957011725482499287e+01 6.557622454484095442e+01 7.714134212227155274e+01 5.939680095230641399e+01 7.714134206533502436e+01 7.862459058099629772e+01 5.928218497940416398e+01 7.862459226005486812e+01 9.084233353525581833e+01 9.742932154202102879e+01 8.915202287240285273e+01 9.433567401067901415e+01 1.001865235053256526e+02 9.615585874909075415e+01 9.343358625803341511e+01 8.471349153671714305e+01 7.151077368930221212e+01 9.180677059977159615e+01 8.236850872892007658e+01 6.255513406320741865e+01 8.236850872947559310e+01 9.981280112038901109e+01 9.048726342677093726e+01 7.055887917987973879e+01 8.235153462879635811e+01 9.059722519591986156e+01 8.064569091112203125e+01 6.095958005613757535e+01
5.130003833923477430e+01 5.159239705814538013e+01 3.476697479253122935e+01 3.738789477777183379e+01 5.751566376110904599e+01 5.595909757149595265e+01 6.651326710890404570e+01 4.709640136131324084e+01 6.651324939300808126e+01 6.984604059097641482e+01 5.206628553749169441e+01 6.901537762963310740e+01 5.012088056980608997e+01 6.831751467464560790e+01 6.074817122177146445e+01 4.916797677384802512e+01 6.091510160167236876e+01 8.208935233001760423e+01 9.426094286577331616e+01 9.613812617799284510e+01 8.777898501652133234e+01 9.035207003231656131e+01 7.638037225651198980e+01 9.035208057114917324e+01 1.011926649936885241e+02 9.245522305129608753e+01 9.245523339351376535e+01 8.942125550498306552e+01 6.959390408286718355e+01 8.942125898346618840e+01 1.067216521887486067e+02 8.683866781233921017e+01 7.810400744425402308e+01 9.801164204902249821e+01 8.843019494947849068e+01 6.858352595652414152e+01 8.064569091294885084e+01
3.760121527185454937e+01 3.820462979838948314e+01 2.460399220045411894e+01 4.328318182283495474e+01 5.667293962580392730e+01 4.057803592573988993e+01 5.274494677105026597e+01 3.594948744993356371e+01 4.991579948361604835e+01 5.682227333849527184e+01 4.268966283239042525e+01 5.380662075545209433e+01 4.352788383383473558e+01 6.057992620855662835e+01 4.119665124946882884e+01 6.056801999777211165e+01 7.634593213710107307e+01 7.419548963731988067e+01 7.419548963718006007e+01 8.457775209920892223e+01 6.782109671355011926e+01 8.151512021212082004e+01 6.240722723092157764e+01 8.080369735384894625e+01 8.899041017695809330e+01 1.004105167089461190e+02 1.136475374541017658e+02 9.775776399247210691e+01 8.106126353825435160e+01 9.775781505070173694e+01 1.149722820129463798e+02 1.062522725783718300e+02 8.961867124637137749e+01 1.062522725783718300e+02 9.445684104172499929e+01 7.446871720948144002e+01 9.445684104172499929e+01
1.753975364416114147e+01 1.814529876755055326e+01 2.398623709093433476e+01 3.902212967594321213e+01 4.035337160913646670e+01 2.926420235725487728e+01 3.799392717427303268e+01 4.327493145127750296e+01 2.460372140581786837e+01 4.497041245685941391e+01 3.484476848801518400e+01 3.448844623798768083e+01 4.923779190774476433e+01 5.035632060891007455e+01 3.658721238882324656e+01 5.150452196304200214e+01 6.162261906575324133e+01 5.442736322783426317e+01 7.419548962964992711e+01 7.203425232138883416e+01 5.648710594757154979e+01 6.590264220976067122e+01 5.367381187194987291e+01 6.104214109055462956e+01 7.243752111120531367e+01 9.223368026873151848e+01 1.085191522649502645e+02 1.004551255183091172e+02 1.010052726546435053e+02 1.096948123360068479e+02 1.179623455210025043e+02 1.177277600144278864e+02 1.094766533786649063e+02 1.051791471462657057e+02 8.511954922661269052e+01 9.445684104172499929e+01 9.851231013325596564e+01
3.188741989825920342e+01 3.387634151286646045e+01 1.900178813566062175e+01 1.960524705577009641e+01 2.021006942743819934e+01 2.081264163953366975e+01 4.018871570374416535e+01 2.312113837684686146e+01 3.652118734633839381e+01 2.614061089914211422e+01 2.724452245959121299e+01 2.838843886722109389e+01 2.956251537786348393e+01 3.074414982618880643e+01 3.193018250157411231e+01 5.147961224929471769e+01 4.223933377659824373e+01 5.554463357457611750e+01 5.683549010673212365e+01 5.237622981758288176e+01 4.786676518101855038e+01 4.642933260369747472e+01 6.012959751500486760e+01 7.984000500608722461e+01 8.899034588913744415e+01 8.902636519390792103e+01 9.637700224068477439e+01 8.083735856876205617e+01 9.730606653334453426e+01 1.096418107204677881e+02 9.808972657061745792e+01 1.121116072639767367e+02 1.220504407623109557e+02 1.134732180526181082e+02 9.671932017072342092e+01 1.134732180526181082e+02 1.067249651911572528e+02
5.260933614090279065e+01 5.045193247183625118e+01 4.303469472056355016e+01 2.487836913920796178e+01 3.978982869011612422e+01 4.088370061709956360e+01 2.166227127146757780e+01 2.875061973963039819e+01 4.600450118296635793e+01 4.595579246981483124e+01 3.370666863036095151e+01 4.812112493016703496e+01 4.923779789487419123e+01 5.035632066182204625e+01 4.223758769576267724e+01 3.365662762747786729e+01 3.491751969967499747e+01 3.618628154114840356e+01 3.751481100629447241e+01 3.883030490358230225e+01 4.013883810736014368e+01 5.925254187746099177e+01 6.830894191720302899e+01 7.960695134945072482e+01 8.318530328169001109e+01 6.628714788564975890e+01 8.318542421780034601e+01 6.976082300721556351e+01 8.915550187149739259e+01 8.968329691682252758e+01 8.391057554692720544e+01 9.391654456289968778e+01 1.136738942327480970e+02 1.250316978316644736e+02 1.167354857064774905e+02 1.210824633639213204e+02 1.013828985828226479e+02
5.384668399156326757e+01 5.329904139756252590e+01 3.342606360989172032e+01 4.487590426765394369e+01 5.232204916712409215e+01 4.860411666059106750e+01 4.016048089796472453e+01 2.270398964988004309e+01 4.120815256786590197e+01 6.137644018872377671e+01 5.320552658811360658e+01 4.410881243641126304e+01 6.365156978901212170e+01 5.897932651020542494e+01 3.971570567061462498e+01 5.312617768430197174e+01 5.432571629012370096e+01 3.994184574042912317e+01 5.682327145301781712e+01 5.237218663788512174e+01 5.944770114542600226e+01 4.207928668517119064e+01 5.525884907937037127e+01 6.483100506550155728e+01 6.690645330448101902e+01 5.491314048113813584e+01 7.385440258177098372e+01 6.199696306702952597e+01 7.923996498864973148e+01 7.557908560282079691e+01 7.393439961601173138e+01 8.546282140460922960e+01 1.054645451536853216e+02 1.116976791983469894e+02 1.199008128273024454e+02 1.268272272527943016e+02 1.071527675200977257e+02
