LEM/sinusoidal_perturbations/elevation_000422.asc
nrows	100
cellsize	150.0
xllcorner	0
ncols	100
yllcorner	0
NODATA_value	-9999
[rows 34 to 50 of 100, columns 37 to 73 of 100]
4.272149313868971632e+01 4.863430963618198177e+01 4.261734993637453783e+01 5.361680722516499742e+01 5.628378116243612084e+01 4.042011276800812425e+01 6.039001051012486698e+01 6.304999149485562526e+01 6.522857850084935194e+01 8.345603654469115895e+01 9.175070183143833447e+01 9.926475529550150156e+01 8.245950746408915677e+01 9.878929960063510407e+01 9.627333030241193512e+01 8.795729649137736317e+01 8.812024997815886707e+01 7.979308065327941790e+01 8.812024997815886707e+01 7.519402080523747145e+01 5.862672733121153357e+01 7.519396282326077596e+01 5.899299728448646363e+01 3.981574555760633416e+01 2.983135832294740553e+01 2.877240030545025817e+01 5.017724715850137329e+01 6.851725832622452117e+01 5.082662457833673386e+01 6.414388473766382504e+01 8.301431332413490338e+01 9.358178272365704231e+01 8.975864224974945671e+01 7.603342926567893301e+01 8.975864224974945671e+01 9.978555371136752683e+01 1.081128747498482880e+02
4.468217643402713435e+01 5.585123078898002547e+01 6.263700530593635563e+01 7.093569453218086096e+01 6.614897357811153711e+01 4.619934023911854126e+01 4.535115258762526480e+01 4.899590582205922118e+01 5.602404619819002818e+01 6.352517268098608128e+01 7.500711280683819382e+01 9.499748100523567018e+01 1.025602476062730943e+02 1.108586612993785820e+02 9.563657332756659457e+01 8.733907722033157484e+01 8.733907722033157484e+01 8.460323383881571147e+01 7.635197348824276276e+01 6.696544531762651786e+01 4.733617592916567673e+01 5.745123082357299182e+01 5.254137765375706692e+01 3.267085552268445525e+01 4.929266873886933809e+01 2.932341392357651344e+01 4.091522036114848504e+01 6.068983128411546346e+01 6.980266192829290617e+01 5.992828083321492016e+01 6.698571079699131303e+01 7.767893033025606542e+01 9.655146100030225398e+01 9.533583237852045045e+01 9.643302467930556077e+01 7.950320180480839838e+01 9.237370665978370710e+01
2.739553471322653166e+01 4.163987355808845336e+01 6.174176870716362231e+01 7.555950035108548946e+01 5.559675838880603749e+01 6.614897357811153711e+01 5.943161230436312081e+01 6.888757860440045988e+01 5.624635157522374840e+01 7.605178633801558874e+01 9.175070183143833447e+01 1.033020695509854789e+02 1.074093850081058577e+02 9.913340879036087472e+01 8.733907722033157484e+01 6.751810922008330351e+01 6.751810922008330351e+01 7.318705342108714262e+01 5.666301512124360329e+01 5.954665993689119574e+01 3.988841093963664974e+01 3.774448703753383683e+01 3.562082731984853012e+01 5.252918312258439215e+01 4.676045172036553055e+01 2.989176258590795499e+01 4.931103696494064081e+01 5.077665212282337848e+01 7.072438510868215644e+01 7.859892096917633353e+01 8.565540033766160377e+01 9.358178272365704231e+01 1.045531279660633146e+02 9.925364896649382729e+01 7.899819655228087356e+01 6.777799241670602726e+01 8.062476018636293418e+01
2.943411386378841499e+01 4.952968351691824012e+01 5.268819055552675934e+01 7.287567534719421758e+01 6.312729999576279738e+01 8.311361880998647678e+01 7.937603161348650360e+01 8.219555968453583716e+01 6.249520152173335674e+01 7.240261645286629744e+01 9.228873031166052954e+01 1.074093849772905003e+02 9.588316157894075786e+01 7.917601903114999118e+01 8.315653362426948547e+01 7.332353633767446865e+01 5.376066430181741396e+01 6.498590747580171012e+01 4.536556640949672925e+01 4.305995790277594892e+01 5.954665993490286269e+01 5.168471671156805058e+01 4.962943014357179550e+01 6.323625849234289831e+01 4.653896588813123003e+01 4.915894315202845632e+01 3.073074232723004684e+01 5.120711997917729263e+01 6.429914468858936516e+01 6.055504663531940679e+01 7.506524700381028481e+01 9.524838464378963465e+01 9.654850568344281214e+01 9.177355492848505492e+01 7.899815673875114896e+01 5.871374506543352823e+01 6.943684541403249000e+01
3.846200541428710551e+01 3.250989184668746645e+01 4.712493001634408785e+01 6.883292394293071936e+01 8.311361881034140708e+01 7.724779487555311164e+01 9.727497050820920776e+01 8.899364514068398080e+01 6.943111210416496704e+01 8.899364514068398080e+01 1.005760323453136067e+02 9.913340879034420539e+01 7.917601903114999118e+01 6.790889661740152405e+01 6.353304514596349151e+01 5.945302427199026596e+01 6.839901730781905087e+01 4.879137671026732903e+01 6.495389647976402614e+01 6.268966485130836475e+01 5.906784325537130087e+01 7.137282739644722085e+01 6.932049193633592665e+01 7.471680883461236533e+01 6.619006006472454828e+01 5.130748388768262913e+01 3.134011311769693364e+01 3.751229287557335113e+01 4.388125942262830392e+01 5.831031082272961186e+01 7.876891926111980524e+01 9.055419763373267017e+01 7.621592996478737803e+01 8.340948375766353706e+01 6.313215710037427897e+01 6.682755750251514826e+01 4.917924695677857727e+01
5.490025991530539073e+01 3.475725798947348011e+01 4.637914028742496697e+01 6.038785569873337522e+01 7.999250445471160731e+01 9.727497050820920776e+01 1.055826034491148135e+02 9.720824433263589981e+01 8.049420808164714458e+01 9.720824433263589981e+01 1.102298158475871475e+02 9.037218646086228091e+01 7.648835292778512951e+01 8.761100444055816183e+01 8.315653362426948547e+01 7.381328661195719576e+01 5.412864086050461765e+01 6.839901730937543789e+01 6.114123978262406212e+01 8.088763851803085458e+01 7.880492289139827733e+01 8.707634250192002412e+01 7.755603650816671291e+01 6.569159632580485209e+01 5.725058020349280241e+01 5.000326476641188833e+01 3.196611863486070604e+01 5.116469930691451395e+01 6.272662628593809586e+01 6.401895798207614519e+01 8.352319581686181493e+01 8.217120351379253407e+01 6.182971536524564016e+01 6.930611680444654610e+01 6.441077741505986864e+01 4.663545483666831615e+01 6.685362649803252566e+01
5.725042603482992121e+01 3.708180093731180449e+01 5.135787521077080697e+01 7.147630215124500808e+01 8.483657161048019191e+01 8.703620507086407088e+01 9.543327455248646629e+01 1.040323571336133170e+02 9.953295493045582987e+01 1.076410987705567806e+02 1.104249518214455748e+02 9.153923008527809202e+01 8.779410080818031759e+01 1.044155825835864704e+02 8.518679644626392644e+01 6.541080925738125984e+01 5.861117809613291740e+01 7.844125763931057804e+01 7.504253031747285263e+01 8.917934364804874292e+01 8.870548292533720769e+01 8.010751829588505757e+01 6.889275064535257798e+01 3.790400651486233841e+01 3.749340686798590383e+01 3.513967407038011004e+01 3.260323608914939086e+01 5.271385082543636713e+01 6.179798017565512680e+01 7.289909645145925765e+01 7.343588173143982090e+01 6.500126802565169726e+01 6.902542228800876956e+01 4.898790410770985204e+01 4.426018889850682569e+01 6.441077741505986864e+01 5.671400566079415739e+01
4.534028835102611055e+01 3.969975848761148285e+01 5.987441268035463793e+01 6.705199870778908178e+01 6.459386370331573346e+01 6.669360227633349325e+01 8.056005114445412119e+01 8.110519409059109819e+01 9.296954920996206795e+01 1.016599404922834822e+02 1.120530824239463925e+02 1.074351258468645369e+02 1.018433521284870125e+02 9.911909447855674671e+01 7.936286759760162113e+01 8.337247690948757395e+01 6.335683857720426460e+01 8.339616140966016644e+01 9.500384139054466459e+01 9.566587406693726336e+01 8.010751829588392070e+01 5.945777886154886716e+01 6.128764713452262924e+01 4.088505302409135567e+01 5.735447063133025125e+01 5.481599711437025491e+01 5.257941059748207380e+01 3.354687898408251812e+01 5.375526293787113019e+01 5.410683381924100388e+01 5.645746887044556672e+01 4.616236965287588845e+01 6.122736688093423396e+01 4.195301186135667848e+01 6.201087701152127352e+01 7.279616430943978855e+01 6.841585011441414110e+01
6.546720556230995669e+01 5.987441264349149606e+01 4.349628907423525703e+01 4.682711225446571035e+01 5.025371375757038805e+01 5.475376006587963218e+01 5.984155694262145886e+01 6.528399336858336710e+01 7.197731734460640496e+01 8.168718326478973779e+01 9.954200974681403125e+01 1.225643642786812535e+02 1.216859383357677586e+02 1.072116485937178112e+02 9.897038748267171115e+01 8.894122675485628804e+01 6.864508102726918537e+01 8.894122675485628804e+01 1.053909642588390767e+02 8.707046667965845188e+01 6.634892546597401974e+01 6.550594751212081235e+01 4.505454770761770078e+01 5.259676509778050502e+01 6.984945626214340564e+01 6.826836778883830448e+01 4.784883445529600721e+01 5.347675889699145557e+01 3.450070822983735042e+01 5.303104839948053240e+01 3.646340550343779086e+01 3.717035562294795881e+01 5.716117951986716861e+01 4.038536515693656526e+01 5.183715738237862780e+01 7.205407641544572073e+01 8.871018983731086394e+01
8.328020579513889743e+01 7.040793707213937580e+01 5.024240014446646541e+01 5.254141874923291766e+01 7.052281557967302206e+01 5.933107954540709272e+01 7.938526607143916181e+01 8.005715617903254611e+01 9.296954920996394378e+01 1.016599404916297260e+02 1.122382323325590363e+02 1.241991589689814788e+02 1.305408325732783226e+02 1.071573958787826228e+02 8.914163941939779079e+01 7.830458704285142346e+01 8.894122675485628804e+01 9.743079745805408720e+01 9.260929763729826902e+01 7.600397457523463629e+01 6.140709930487684431e+01 4.963475673770582119e+01 5.945777886154886716e+01 7.315961277800627727e+01 8.175205250351855568e+01 7.681807595682309397e+01 6.826850485965722726e+01 6.077243553784383323e+01 3.856404764022537535e+01 3.545916769097976839e+01 5.561128389208624156e+01 5.716117963718748740e+01 3.815537899291970803e+01 5.758288182144188738e+01 6.731835683802819403e+01 8.043425193785745364e+01 9.033899171894164226e+01
8.315163661912959014e+01 6.300207842645699685e+01 6.450582662195820660e+01 5.927076341653682334e+01 7.941809982880343455e+01 6.943487839203309875e+01 7.388504111421543996e+01 9.539460888015607054e+01 1.096675608761752869e+02 1.138285789609119263e+02 1.098982207073122055e+02 1.053182931744596118e+02 1.241991589689814788e+02 1.202687316289080002e+02 1.077934337028207636e+02 9.030502139614662838e+01 1.064498035046600535e+02 8.560620447186593651e+01 7.359051392068035113e+01 6.327007736031334417e+01 5.681235784312222137e+01 5.470106870053091086e+01 7.529925192812120827e+01 8.870548291008736896e+01 8.670385747965201517e+01 7.807297364103861526e+01 6.996984192649853185e+01 5.872853408955020882e+01 3.845875128057824810e+01 5.572409563294650070e+01 6.426902156426690738e+01 6.648557596983346230e+01 5.811527750363312350e+01 3.921497739815034578e+01 5.917005428290155322e+01 7.378330025746643628e+01 7.006249350931420850e+01
9.150911823502806897e+01 7.724578577633036502e+01 8.465689216759048463e+01 6.688646201891971543e+01 8.703263899173347795e+01 8.098310604425685710e+01 9.505928137485587115e+01 1.048558213502831649e+02 1.078479312143859943e+02 9.422727832508782342e+01 9.065888976313118519e+01 1.041527932437810620e+02 1.238549704342698305e+02 1.247541200795080414e+02 1.198989680150043853e+02 1.112153222366143410e+02 1.150185592895373645e+02 9.872999028493111950e+01 7.790306467735555884e+01 7.135899380639588685e+01 7.744676305136138694e+01 6.013847844739646575e+01 8.082624843511770507e+01 9.035230154755099363e+01 6.920611506179830030e+01 5.700450563271272131e+01 4.924791452115061929e+01 4.252922842960423822e+01 4.157161934842620354e+01 6.191553969768619936e+01 7.510064547410898683e+01 6.819581218226467456e+01 4.671494827000633165e+01 3.995098338041577080e+01 5.991816353484365720e+01 5.354389266397931380e+01 7.068846393536649941e+01
1.017545237409430996e+02 9.740962182116817303e+01 9.539237606659409607e+01 7.850955622092807573e+01 9.539237606659426660e+01 1.008845443967301634e+02 1.092229020675429183e+02 1.144327112632278869e+02 9.999103361701494919e+01 8.085945476555312439e+01 9.423046104782035570e+01 1.138982860405991460e+02 1.190553041384111026e+02 1.051352591140443735e+02 1.161935938036743039e+02 1.242929182140710367e+02 1.226602965849146756e+02 1.073155306139177725e+02 9.872999028493111950e+01 8.334209613601612432e+01 8.681737397436826598e+01 6.605468963704791463e+01 8.681737397436826598e+01 9.877551407810184969e+01 8.670385747965201517e+01 6.814513446324511392e+01 4.730956769386765615e+01 6.307040041442479605e+01 6.191553994241918701e+01 4.620508112033104453e+01 6.645191908385348256e+01 7.661753671588532200e+01 6.533412732596588057e+01 5.088480816092906167e+01 4.097667510692718906e+01 6.098277495201665488e+01 5.044832934908697553e+01
9.356916576830494137e+01 9.378103230004992952e+01 1.019771435357570084e+02 9.867538657700667670e+01 1.070397994218959496e+02 1.170716492976272178e+02 1.088333430560376769e+02 1.062280427843212181e+02 8.673877922107203631e+01 7.596927531315695603e+01 8.924929863954260156e+01 1.088011769671381899e+02 1.092814237281524044e+02 9.130015001391453211e+01 9.665350662259936598e+01 1.065226806087856346e+02 1.028958341818443643e+02 1.226602965849146756e+02 1.127405869710568993e+02 1.041674778871419988e+02 9.375240565824958594e+01 7.293579352982206387e+01 9.375240565824958594e+01 9.910842880548943867e+01 7.795208538797560038e+01 6.290154671884323534e+01 5.083952311755297870e+01 7.188163916944414211e+01 7.518109935628086760e+01 6.661323895137431350e+01 5.121004874215182667e+01 7.166982234534208374e+01 7.858888762869197819e+01 6.784395271393290727e+01 6.098149347667830256e+01 4.199917385653883883e+01 6.205803599122511827e+01
9.059319166931311429e+01 7.409227020656521745e+01 8.897087277951192164e+01 9.716304069572878177e+01 1.070422216269012381e+02 1.088335860281859766e+02 8.919243199858489390e+01 9.494537782897224076e+01 9.078367974675785490e+01 7.183595020779065976e+01 8.509234680000245987e+01 1.045237729347956019e+02 1.011213963314778255e+02 8.169725803989121005e+01 8.548091079946421189e+01 8.697849463807712311e+01 1.065226806089331149e+02 1.083520492032415206e+02 1.084391471070348558e+02 1.168460863127041307e+02 1.023101191187769672e+02 8.334067515838370355e+01 1.023101191187769672e+02 9.571501695989556424e+01 7.420734053654085471e+01 5.902183613521887651e+01 5.612483346891999503e+01 7.754502209579187877e+01 8.986865238146872059e+01 7.538893365193442264e+01 5.486497001855181566e+01 6.658577812542156948e+01 8.741431431957292375e+01 7.638445602202151008e+01 5.612389419782238065e+01 6.205804131862718975e+01 4.303547502408039094e+01
7.498943034639530936e+01 6.277114940856023395e+01 6.929993164781652126e+01 7.911751414710359143e+01 9.882534956092497680e+01 1.088355163659003324e+02 8.919244232721727883e+01 7.569600277684547507e+01 8.587116538708883695e+01 6.800225408311372632e+01 8.129763622738609286e+01 1.006292401324747203e+02 9.378438819247028846e+01 7.447706383850770351e+01 7.590843382110185189e+01 9.523883957959466784e+01 1.011977319954906136e+02 8.872454613272712720e+01 8.872710643694672683e+01 1.084335039729498078e+02 1.126164110778208993e+02 9.809494995150247121e+01 1.040829394228086784e+02 8.202676677213851519e+01 6.918933194590022140e+01 8.050640809735325831e+01 6.195728337972139599e+01 8.375739959404670287e+01 8.140706422624676009e+01 6.080838818560100378e+01 7.538886576559502828e+01 8.391412877708896190e+01 9.587155432594654769e+01 8.476395949041267386e+01 7.638452462784330521e+01 7.153848082441552947e+01 6.315053782296597262e+01
5.541458512533147029e+01 7.498943034639530936e+01 8.897087277951192164e+01 9.716304069572878177e+01 1.070365183336967192e+02 1.047698282124088252e+02 1.031349794436169987e+02 8.587116538708883695e+01 6.677049886486138064e+01 6.432831382815091104e+01 7.770571444110355230e+01 9.696888156020978045e+01 8.735184869258965534e+01 6.804989047607354280e+01 8.735184869258965534e+01 9.555503734372553026e+01 8.169386471542114236e+01 7.510913646276840439e+01 9.445834562996091677e+01 1.049129619305350900e+02 1.246320006846664796e+02 1.187357198433845724e+02 1.132167709915888310e+02 9.491304462006621634e+01 8.209582045149826968e+01 9.065383386191112436e+01 6.849599445932423691e+01 9.065383386191112436e+01 8.865404010196037632e+01 6.813714246392044060e+01 6.907998695102374143e+01 8.367795146380558435e+01 1.037797341015274668e+02 9.412412869037120799e+01 8.519195274124400896e+01 7.757905054708417936e+01 6.676183712859820218e+01
