LEM/sinusoidal_perturbations/elevation_000364.asc
nrows	100
cellsize	150.0
xllcorner	0
ncols	100
yllcorner	0
NODATA_value	-9999
[rows 68 to 84 of 100, columns 37 to 73 of 100]
4.751850715536576786e+01 2.845836036000024194e+01 4.363096035923177851e+01 5.072013573375956952e+01 5.783974084009094696e+01 6.683876461907379962e+01 5.485601678181949126e+01 3.518893639269716545e+01 5.485601678181949126e+01 5.435942387079391835e+01 7.476615345932044931e+01 6.522273925986880272e+01 4.498725629210581900e+01 6.522272503963543500e+01 7.874165428209792594e+01 7.109623552751158115e+01 5.693808004364127129e+01 4.785014833048784766e+01 6.746512620447849429e+01 8.158325736032867326e+01 9.544396466905297416e+01 7.946791206877693980e+01 7.735141783635337731e+01 5.723609768825077282e+01 6.946154068872473886e+01 7.599868831321400364e+01 6.176073390796355511e+01 5.015513291206674040e+01 5.207865516296180886e+01 5.401093987558711262e+01 5.598844528699778778e+01 5.800582243405776950e+01 7.819268538057335149e+01 8.469319728248531476e+01 8.769173721665281107e+01 9.079467468763841964e+01 9.448940338150133300e+01
5.652902012529903431e+01 4.048181381380324240e+01 3.452244596017271761e+01 4.811587524921852577e+01 6.714390831217806976e+01 7.339437011070427275e+01 5.294675054734722863e+01 3.889334318921120826e+01 5.893571965833181991e+01 7.476615345932044931e+01 8.009164347779724835e+01 5.953215321013383488e+01 4.788216412621931539e+01 5.794409210776076691e+01 7.849914035459119077e+01 8.525760523192617768e+01 7.449063667002228328e+01 5.461413827199908866e+01 5.337045714686974662e+01 7.318500320643474311e+01 8.796861514495462586e+01 9.957989536648197770e+01 8.347505458657538213e+01 6.316524913365947924e+01 8.347505458657538213e+01 9.016360284064835184e+01 7.303460333072787591e+01 5.310426911506503700e+01 7.196622395214632206e+01 7.397243196487265493e+01 7.007179730264903128e+01 7.819286084089866051e+01 6.139380406057583173e+01 6.420586693063452799e+01 6.713509550502526224e+01 7.021216500749765999e+01 7.391809464999288082e+01
6.759995499175713007e+01 5.957558053065508119e+01 4.246819823207823674e+01 4.094333415206041593e+01 5.984687825634743064e+01 7.461970906462252628e+01 6.346799101922751873e+01 4.312837687436653766e+01 5.479517024126116809e+01 7.531528452396788964e+01 8.855006995600241737e+01 7.153779725144433144e+01 5.109538959297304928e+01 7.153779725160052294e+01 7.849914033224548859e+01 9.900100793163132096e+01 8.287161220416584229e+01 6.329821517013093768e+01 7.318500320643474311e+01 5.941242700808638943e+01 7.357762616375445930e+01 9.398387972962130732e+01 9.070304374325490926e+01 7.025920315513113223e+01 9.070304374325490926e+01 9.202821120020715284e+01 7.617206636288885591e+01 5.609593596672230831e+01 7.617206636225134275e+01 9.087295998107730099e+01 9.049294157543573647e+01 9.019791486483072163e+01 8.176653887195031700e+01 6.929007663676212303e+01 8.769173721665281107e+01 9.079467468763841964e+01 7.945441684576645969e+01
6.957857170937512592e+01 6.946279088692696746e+01 5.192115200753449500e+01 5.984687825634743064e+01 4.768818634796096489e+01 6.654551759562667712e+01 6.874383408756162339e+01 4.821353771788977838e+01 6.874383408756160918e+01 8.378681231797165196e+01 8.958092424636090811e+01 6.897414859457632019e+01 5.446937934223106481e+01 7.500973344471908888e+01 8.969615800101060188e+01 1.015416226510937179e+02 9.191961513170410569e+01 7.491872940325677632e+01 8.464079839555678575e+01 6.429552263166783632e+01 7.865417715474632132e+01 9.909378058791224930e+01 9.909398494167842841e+01 8.206577427133417757e+01 9.909398494167457727e+01 8.360977811587802933e+01 6.324076559920644058e+01 7.019293961107160840e+01 6.210511267746888819e+01 7.645631996174941492e+01 9.692315506005142822e+01 1.098598868333595959e+02 9.631138586965693094e+01 7.577843436710725200e+01 8.981829648627352469e+01 1.083236083627485158e+02 9.996913600230641350e+01
7.793370307810344855e+01 7.905663175812253485e+01 6.526933922506528063e+01 7.461970906462252628e+01 5.845720838849705103e+01 5.661148796546780915e+01 7.551598704044275223e+01 6.874383408756160918e+01 5.694063686415219649e+01 7.751808927865076271e+01 8.533180756941131051e+01 6.468765531204495289e+01 7.500973344471908888e+01 6.058402120939037871e+01 7.252627076800358452e+01 9.313537825687714644e+01 1.036484913194058208e+02 9.531717428905564304e+01 9.187793753474761616e+01 7.140821688789800703e+01 7.865417715474632132e+01 9.909378058789879162e+01 1.108417125508040471e+02 1.025017732612304826e+02 9.234935965074456021e+01 7.185322416804179113e+01 8.360977811587802933e+01 9.060695525778625381e+01 8.245091829039492382e+01 6.920185576760542290e+01 8.104607448135148218e+01 1.015145523552485116e+02 1.035492458877088495e+02 8.307748628753481057e+01 1.035492458877088495e+02 1.185035291912138860e+02 1.200273048562769986e+02
7.291306590574551194e+01 8.121594845848221667e+01 8.462833299361761874e+01 8.577018512462686317e+01 7.759435344622923481e+01 6.355774538067212376e+01 8.283202086463306557e+01 8.438755408465276275e+01 6.377915966664688341e+01 8.438755408465276275e+01 9.377250156337547082e+01 7.394903994222336507e+01 8.123637611666663361e+01 8.123670454095493199e+01 6.838388943773418305e+01 8.305119620767355570e+01 1.035196040006435396e+02 1.063096236410769251e+02 8.590013742159474930e+01 8.590013742159474930e+01 9.909378058790601074e+01 1.074500419284031523e+02 1.126330920988324493e+02 1.126875852105467715e+02 9.234935965074457442e+01 7.960685373956644639e+01 1.000920275893960394e+02 1.015145523766588553e+02 8.104607448135158165e+01 8.371078415990982080e+01 8.371078415990982080e+01 1.041492464030533398e+02 1.118852912606261185e+02 9.496039368675140224e+01 1.118852912606261185e+02 1.214025400525290763e+02 1.203601162440106975e+02
5.290969511430650130e+01 7.291306590574551194e+01 7.994029529295299596e+01 8.824582529208666415e+01 9.105409460404857214e+01 7.451483043987593646e+01 9.105409460404857214e+01 9.283849283044011713e+01 7.409952645045333952e+01 9.283849283044011713e+01 9.454051202018754907e+01 8.856935841122920294e+01 1.017321818735855743e+02 9.682256515783480211e+01 7.624792496385262552e+01 8.305119620767365518e+01 1.035196040012623655e+02 1.146333434459158696e+02 1.063096236410769251e+02 1.063096236410768824e+02 1.067883482494804497e+02 9.868872310714364460e+01 9.291277635208209063e+01 1.067883482758907832e+02 1.084440650046683601e+02 9.148688218746367795e+01 1.084440650046683601e+02 1.098598880388177719e+02 9.291771723722997933e+01 1.041492464030533540e+02 1.041492464030533398e+02 1.124826116645656668e+02 1.235617433763734425e+02 1.152818361835668384e+02 1.155682305836199930e+02 1.014962917581202362e+02 1.004528857902133012e+02
5.876854677253007964e+01 6.577713767253146671e+01 5.991056570012499094e+01 7.994029529295299596e+01 9.167103205844935587e+01 9.419351427296399493e+01 1.024644990215477094e+02 1.030871738559898318e+02 9.467558171885211493e+01 1.030871738559898318e+02 1.148697651447153163e+02 1.089561409134146146e+02 1.134149597405056653e+02 9.309351450679587003e+01 9.086355943126258694e+01 1.035196040012623655e+02 1.118856522473146811e+02 1.080692228714310090e+02 9.996979535036354036e+01 1.080692228714310090e+02 9.521170388844629429e+01 7.843147663166062955e+01 7.843147663166062955e+01 9.291277635208209063e+01 1.126330920988792315e+02 1.118468748116814027e+02 1.201427906222437088e+02 1.215482569189293116e+02 1.132580475692654858e+02 1.132238854762572373e+02 1.121767006638143442e+02 1.204285793989536444e+02 1.235026844286785490e+02 1.120077908205236099e+02 1.037641484972834576e+02 8.739295877732347151e+01 8.893623372584960407e+01
5.793732742135713920e+01 4.578946494739007989e+01 5.332048261537958922e+01 6.332564226545046893e+01 8.336658858164268793e+01 9.894991942864434975e+01 9.069087502013329072e+01 9.894991942864434975e+01 1.002911267314335646e+02 9.203469669630976568e+01 1.002911267314335646e+02 9.856114629120169468e+01 1.068294891437493135e+02 1.134149597405056653e+02 1.112058156137367888e+02 1.165800692020115292e+02 1.051784864837356821e+02 9.705771682438735581e+01 7.977574919053407143e+01 9.618404711215522696e+01 8.699319640148291910e+01 6.620057335560234435e+01 8.699319640148173960e+01 9.709505127580767692e+01 1.086468019931356963e+02 1.142998976475906119e+02 1.154064598658898149e+02 1.212726235680427749e+02 1.073132446714255224e+02 9.315294174859425880e+01 9.209973087610238451e+01 1.088633754186899125e+02 1.152634706332982972e+02 9.534606044111933443e+01 8.382700557419653364e+01 7.741423726771307656e+01 8.885499944166720354e+01
3.799830726032286066e+01 5.793732742200815977e+01 7.334611542354659264e+01 8.164942338944671008e+01 9.167103205844935587e+01 8.891431928102301185e+01 7.056495575800514075e+01 8.891431928102301185e+01 9.031198352585806788e+01 7.206584740705683600e+01 9.031198352585806788e+01 7.864498581833404955e+01 9.532321384357540239e+01 1.001980463218249611e+02 1.084681091118755489e+02 1.085145444963410881e+02 8.867232857248629330e+01 7.673614385625552359e+01 6.923952793157256735e+01 7.581285721590697335e+01 8.122636035968714907e+01 6.029721845994816931e+01 6.823050650636672287e+01 8.035090709985237822e+01 1.005461855399217797e+02 9.417432541468519958e+01 9.528478155019648455e+01 1.011782846800087157e+02 9.726559839725067036e+01 7.889420940969461071e+01 8.045473956558828377e+01 1.005852567523668739e+02 1.148427501190419378e+02 1.120077908205236099e+02 9.310729734166403659e+01 7.318563537507175454e+01 6.895226625115016361e+01
5.207758834166669715e+01 4.793899739652263747e+01 5.946950657391212047e+01 7.950063461307809121e+01 9.357474464760811372e+01 7.339182331918321722e+01 6.016115630144277304e+01 8.062791538906918731e+01 8.205027205168329374e+01 6.176634815027113490e+01 7.543440125871774171e+01 6.692200874388207410e+01 8.706254568096777291e+01 8.033265680463406966e+01 9.698185880601664621e+01 1.079959881077569008e+02 1.051784864837356821e+02 9.705771682438735581e+01 8.177962795792073791e+01 6.092197934178105356e+01 7.582247915781192660e+01 5.492125390859693113e+01 6.978949825385426209e+01 9.038738347768438075e+01 9.678289417021605345e+01 7.997870484992330375e+01 8.108448451250521316e+01 9.870188681649588602e+01 8.896289723565388385e+01 6.884911610892829970e+01 8.896289723565388385e+01 8.648781557628367977e+01 1.065781315875466788e+02 1.041352750970893339e+02 8.419876735750956698e+01 7.270426436030433592e+01 6.389480809185693744e+01
7.208398898173638258e+01 5.946950657391212047e+01 7.623725999117738183e+01 8.780529867565229551e+01 8.515112253022967082e+01 7.339182331913427504e+01 5.266636530418586659e+01 7.339182331918321722e+01 7.487882198180297166e+01 5.430571489947036667e+01 5.488385002983452665e+01 7.543440125787567752e+01 8.803238791894079895e+01 6.868116698338251069e+01 7.976320292636842169e+01 9.957089788288325849e+01 1.017433605190560542e+02 9.355521099968675003e+01 7.672085128431734802e+01 5.587538894176684323e+01 6.995762584362636005e+01 5.077762293948875083e+01 7.155603441951541299e+01 8.779112056581978152e+01 8.846945888035534722e+01 6.848998213269598523e+01 8.001530581061395253e+01 7.862479862325334068e+01 8.358726311217048988e+01 6.355306315692395458e+01 7.009003926772696502e+01 8.428725382009335476e+01 1.043874236306113517e+02 1.123787882925887374e+02 1.008743429206067361e+02 9.196618190896353440e+01 7.868151354909733186e+01
7.073779825825916134e+01 7.950063461307809121e+01 8.780529867565306290e+01 9.112587690660146222e+01 7.089772644576916605e+01 5.623696354888575399e+01 4.681737198909457476e+01 6.764361550529652334e+01 6.837303428913185144e+01 4.763106575327406489e+01 4.784848906950253422e+01 6.656101070531678943e+01 7.144105287041888630e+01 5.937818176417741967e+01 7.130745159739153394e+01 9.131397404983484023e+01 9.355521099968675003e+01 7.321083449610956961e+01 7.916956441499510788e+01 6.995762584362638847e+01 4.924838915813036522e+01 4.684534465125562974e+01 5.870110958604900731e+01 7.947467795638239352e+01 9.003384142362943976e+01 7.181337824270387671e+01 6.006838614782449071e+01 6.451350090525430403e+01 7.857871312335886671e+01 5.864427372192108123e+01 7.857871312335886671e+01 9.445697984763431521e+01 9.529036632910309379e+01 1.040448431520108556e+02 9.689309685177842368e+01 8.864813501864951206e+01 8.692441433623554303e+01
7.909763324793730987e+01 9.372090490654399275e+01 8.754894990803477128e+01 9.372090490654399275e+01 7.682241454482341680e+01 5.623696354888575399e+01 4.145701275141876607e+01 6.226630255179702544e+01 6.238534370383334959e+01 4.162559601492349515e+01 4.126725780835896984e+01 4.578358344987343287e+01 5.073678778503877851e+01 6.552014223234827739e+01 8.573539566998340433e+01 9.181389191055305332e+01 9.355521099968675003e+01 7.321083449610956961e+01 5.862108812974846472e+01 6.889531657039785273e+01 6.371345141860219741e+01 4.318904709336175074e+01 6.371350507586630840e+01 8.002821770160353765e+01 8.370814060197295703e+01 8.732475424420577781e+01 7.296300473194315828e+01 5.312607076698393627e+01 6.940898683480392606e+01 5.473135246458101477e+01 6.612415271904110625e+01 8.615611586672888222e+01 7.490460667039054954e+01 9.214839142467661759e+01 8.864813501864951206e+01 6.882276480176534506e+01 7.462948129875697134e+01
7.480331997615446937e+01 7.186383095611166993e+01 6.536684195878981996e+01 7.186383095611166993e+01 6.988474474501587963e+01 4.917378347764744007e+01 3.718994107498709667e+01 5.238489122339053949e+01 5.265859889923914494e+01 3.615409507539959577e+01 5.683706777650382946e+01 6.656101079614533944e+01 7.144105287529096415e+01 7.976063378553986638e+01 8.623296364420762927e+01 7.269028652760667342e+01 8.623296421766897879e+01 8.338302274789819535e+01 6.289432590466382322e+01 4.845326857790431063e+01 6.055776198257398590e+01 4.047325541428961770e+01 5.104052665545358280e+01 6.553404261266562969e+01 6.292729945227537769e+01 8.370813475625624278e+01 6.863423085335890050e+01 4.884199864130645352e+01 4.958179262516265595e+01 6.015006777663146664e+01 7.799808583806373008e+01 7.201783087844549414e+01 6.362770764740498919e+01 8.348982815684574632e+01 8.135334227431728493e+01 7.462948129869127456e+01 5.499078785025642446e+01
6.629118790851555332e+01 7.186383095611166993e+01 4.904270074850409600e+01 7.186383095611166993e+01 7.825607309156687563e+01 6.636758403768706671e+01 5.238451347139540815e+01 3.176133765030637690e+01 3.205819331244740766e+01 5.265859908856057814e+01 6.513503297396489700e+01 7.537128087813802324e+01 6.659760772666413686e+01 6.597752304021055636e+01 7.407055446900703544e+01 5.958941341857706675e+01 7.790243487945842560e+01 7.398190231123744809e+01 6.759593451739442571e+01 6.055514064349260650e+01 4.032323029769273859e+01 5.348571092888043665e+01 3.664687251961353809e+01 4.577318123107015424e+01 6.585321069033261665e+01 6.893914921490910785e+01 6.082333159558787372e+01 4.471446325448294346e+01 6.450726515078129353e+01 7.182139069591420366e+01 6.356044944202002966e+01 5.293509407259514887e+01 7.201783087844549414e+01 8.135334227432412035e+01 6.173486399449564743e+01 6.536652081918791168e+01 4.764329153212960222e+01
6.629118790851555332e+01 6.425678755357579064e+01 4.178000632295481864e+01 6.425678755357579064e+01 7.338955581567692832e+01 6.327351445313792055e+01 4.262675946454473319e+01 2.818794103880022561e+01 4.868073051251437988e+01 6.109823813860515429e+01 6.048516174211393803e+01 5.997982361350678815e+01 4.342532810606913785e+01 4.555622144336990686e+01 6.479194752791620715e+01 5.147242314787226292e+01 6.999030972339227219e+01 5.213875053051078368e+01 4.571990524537157796e+01 5.175702173816379315e+01 4.102306708261733803e+01 3.307005268614044979e+01 5.314761788814708865e+01 5.439264385827083004e+01 5.281827336185715893e+01 5.983995298027843290e+01 4.099311862872463763e+01 5.811463272230644606e+01 5.862125394682245627e+01 5.846893626594043525e+01 4.456081725290361817e+01 6.171494848298194569e+01 7.055641142106348696e+01 7.157891749947816606e+01 6.355699696574227886e+01 4.579998766825438139e+01 6.536652081912176016e+01
