LEM/sinusoidal_perturbations/elevation_000557.asc
nrows	100
cellsize	150.0
xllcorner	0
ncols	100
yllcorner	0
NODATA_value	-9999
[rows 0 to 16 of 100, columns 37 to 73 of 100]
1.122577670254027993e+02 1.205137137474860367e+02 1.136541509417120466e+02 1.054118646105347210e+02 1.054118646104913637e+02 1.136541509000180525e+02 1.251388768978920325e+02 1.244329196042724561e+02 1.161427835641596857e+02 1.135440741049873878e+02 1.218277331421101195e+02 1.196124836532336957e+02 1.113739523626031769e+02 1.196124836532336957e+02 1.239716914786538950e+02 1.140472807769989885e+02 1.058256297546267319e+02 1.140472807769989885e+02 1.112648558687890556e+02 1.195130316628378324e+02 1.147559006635877950e+02 1.051595345864032254e+02 9.836853172834652526e+01 1.049484517942359645e+02 1.020925518184802598e+02 1.102975655866382994e+02 1.227252585709435095e+02 1.145523914171335917e+02 1.145523914062594741e+02 1.121456489426970506e+02 1.121456489426973206e+02 1.203180444877442881e+02 1.289501344956218531e+02 1.206316065017823860e+02 1.180338747497521723e+02 1.263483788434414237e+02 1.260069438158608932e+02
9.230917925369874411e+01 1.105419049471026796e+02 1.020918399692260436e+02 8.533238881173815571e+01 8.533238881173815571e+01 9.700715825760778444e+01 1.168929069998001182e+02 1.130472533098882764e+02 9.654384590543251932e+01 9.398200986535199775e+01 1.104597642176428423e+02 1.098532416746481886e+02 9.200917892404079623e+01 1.098532416746481886e+02 1.128543831227615755e+02 9.600606547152766268e+01 8.618650118842883501e+01 9.736614345714406227e+01 9.160910827671753509e+01 1.112648558687890556e+02 1.073140575399908556e+02 8.973406011960419448e+01 7.884918019507476572e+01 8.756563064318181944e+01 8.237865552275432890e+01 1.020925518184802598e+02 1.145523913977782939e+02 9.485580324217222881e+01 9.485580324216871873e+01 9.245715374771357631e+01 9.245715374771357631e+01 1.121456489426973206e+02 1.206316065017823860e+02 1.007078580996790862e+02 9.813176945433106368e+01 1.148289962976504341e+02 1.144302139632736584e+02
8.213418170183302891e+01 1.022834731395508356e+02 9.381897385291284763e+01 7.346082779075550206e+01 9.381897385286656288e+01 1.029027887969606780e+02 1.129308959996472197e+02 1.048273316332465015e+02 8.524049954994573852e+01 8.267493796219130786e+01 9.807085499881679880e+01 1.014681965806407504e+02 8.227112810245797903e+01 1.016915656433219368e+02 1.046308047987720471e+02 8.492216392787391044e+01 7.624945052006320623e+01 7.762752944134172139e+01 8.906461510334808906e+01 1.087062420786661079e+02 1.046193777083398970e+02 8.697254506099069715e+01 7.639099698897591395e+01 6.818254742600888108e+01 8.815272206416408096e+01 1.019213561592605686e+02 1.136158868828138679e+02 1.006248002089993605e+02 8.089745733172135544e+01 7.847946005085138665e+01 9.076112881844990454e+01 1.104811535156950413e+02 1.229288609364938338e+02 1.065433889000005507e+02 8.662306147942496182e+01 1.065433889000005507e+02 1.060945641266063006e+02
7.526632952107536312e+01 9.556704266031150041e+01 8.817264004518840181e+01 6.773121076516534345e+01 7.430840968142756253e+01 8.456932957540635698e+01 1.046783617395968236e+02 1.062511026393048752e+02 9.351897559274237892e+01 7.366131657002257782e+01 8.156719334510620456e+01 9.453270129210946493e+01 7.555399961531966824e+01 9.515791353570826061e+01 1.024745383158990251e+02 8.276638139571912234e+01 6.864517099988593429e+01 8.853876691295130286e+01 1.055610699697775630e+02 1.169419403405844520e+02 1.121899312693252000e+02 1.000162249225199957e+02 7.868494434653884184e+01 6.262870098005184616e+01 7.439979213182074602e+01 9.391794795705934007e+01 1.054517814148803012e+02 8.571212893312151948e+01 8.933442274951822526e+01 7.089506181191295298e+01 8.498576219497616080e+01 1.047040981602935688e+02 1.065628384274235145e+02 9.470208064135655945e+01 8.053111100282853840e+01 1.005371841949934719e+02 1.075257075482667375e+02
8.687051637865479847e+01 8.535167699176655276e+01 7.698931467078021740e+01 6.243788962009310239e+01 7.695869351472910580e+01 9.722543853874830688e+01 1.129293791271403649e+02 9.799101516023451097e+01 7.816451622620523665e+01 6.806615270215084479e+01 7.223523350578743418e+01 8.907299049373519040e+01 6.962554108458903102e+01 8.939874187463867372e+01 1.028526669928446182e+02 8.447800365160739489e+01 6.453106220659685732e+01 8.447800365160739489e+01 9.666993850591180149e+01 1.080858881386316170e+02 9.595478395178956532e+01 8.790935303386203259e+01 7.856248136652071423e+01 5.827493437610106497e+01 7.293572821826359132e+01 8.107397130166495458e+01 9.251446708789288209e+01 8.863262883843506756e+01 6.944405035600011900e+01 6.638080657074064561e+01 8.631894117779690134e+01 1.007660135355043423e+02 8.669847459238144438e+01 8.862105344458460365e+01 7.528226957862318613e+01 9.537163822911388422e+01 1.016582689377138564e+02
7.490698313108248385e+01 7.698931466138463975e+01 5.656998421324978921e+01 6.569814433802079634e+01 7.598408869665094301e+01 9.040038904298469902e+01 1.104305665844802604e+02 1.062083811757230620e+02 9.630540999431106286e+01 8.164564937629549490e+01 6.160951745181391459e+01 8.164569059704932386e+01 6.414027069349003796e+01 8.408975529975829488e+01 9.226999318160598307e+01 7.483638089731492471e+01 6.067281202287200870e+01 6.859299637200886934e+01 8.012263660915473906e+01 9.987190978686219012e+01 8.456944184627865013e+01 6.806650555624442234e+01 8.456943980208249911e+01 7.293572821813427254e+01 5.225396275398347257e+01 6.449117226244831613e+01 8.447120701325761161e+01 8.043950602571142383e+01 6.044610712416154996e+01 8.043950602571901243e+01 9.449630528370896343e+01 9.077498304741561697e+01 7.250699496248006426e+01 6.848971482754365070e+01 8.861880990033193939e+01 1.025061761194851755e+02 9.677420768964742592e+01
5.460101039270804790e+01 6.869784937080255816e+01 5.306065078540698465e+01 6.747064209180652483e+01 8.783337959499034753e+01 1.045496980683531092e+02 1.109686457426534929e+02 9.947306759112970553e+01 9.120373419324309339e+01 7.772347977257985008e+01 5.770572503286898325e+01 7.238247396445342474e+01 5.906436062937493858e+01 7.908128289240590902e+01 7.241806594766278238e+01 7.241807056423192535e+01 5.704844457867375951e+01 7.699386360461610934e+01 9.666993850591180149e+01 8.849112059089195270e+01 7.645245684486393145e+01 5.601056172963489388e+01 7.275000608725849816e+01 6.448571299956245184e+01 4.847618908860258102e+01 6.345498124169505871e+01 8.355688097223709576e+01 7.689794670797829212e+01 5.694409290600964368e+01 7.690513904062336792e+01 8.554627259876488665e+01 7.727632531390146653e+01 6.232987192765486384e+01 8.251179181816947050e+01 9.688574093538535692e+01 9.250255269937945002e+01 7.946000140927104383e+01
6.528936741944356470e+01 4.839006744659523207e+01 6.869784937139655767e+01 8.180870560820895321e+01 9.335742131642939512e+01 1.034562202820092409e+02 1.026698359788138788e+02 8.281422187443705241e+01 7.129204160877715424e+01 7.970523410894631411e+01 7.237920326081813016e+01 5.244178293666881530e+01 7.238249673231352688e+01 7.635726251894421068e+01 6.813507323745818667e+01 5.255862837430683498e+01 7.241807064458257059e+01 8.316417464608525734e+01 9.137515481617029423e+01 8.040652105111828973e+01 6.017401905112742355e+01 4.795486684816111023e+01 5.986874640527106095e+01 4.358186478916380935e+01 6.448571300192607225e+01 7.752647276413308930e+01 8.760027677876914254e+01 6.770354903266374436e+01 5.367279620793988215e+01 7.353116566346183447e+01 7.242607326564387904e+01 5.706756767401841302e+01 7.727632531415063966e+01 9.077498401903088165e+01 8.260360327995532259e+01 7.238985391769573141e+01 6.680299309907009331e+01
4.503591349034880409e+01 6.528936741972296431e+01 5.742227788271634381e+01 6.462618949835481885e+01 7.489250336039084743e+01 9.517929872454089946e+01 1.049853570554084001e+02 9.349610091288435854e+01 7.970830480212211455e+01 5.975030803144588276e+01 6.956245162263672910e+01 4.973619674358995724e+01 6.956246781831478643e+01 6.813507323745818667e+01 4.842734568918828586e+01 6.411223807337944436e+01 7.232587014963712591e+01 6.331908045358366621e+01 7.992131043153325720e+01 8.499742328994842921e+01 6.608304891027387384e+01 5.985541096749211221e+01 3.912914827008911800e+01 5.986874640527106095e+01 6.526672042869603274e+01 7.331787758295780577e+01 7.414555134931113400e+01 6.594949893288114140e+01 5.066524069546417053e+01 6.781090234701437680e+01 5.238543893135646101e+01 7.242607326564387904e+01 8.554627259876491507e+01 8.808428577247003943e+01 7.381662617991585762e+01 5.418761732010834464e+01 6.796362001864005720e+01
4.278981614612586526e+01 6.297324041706706055e+01 7.781997832517714642e+01 8.503590104246580950e+01 9.335742131642939512e+01 1.034562202829853987e+02 9.671408659540283281e+01 7.684675768406019358e+01 6.528446531082823867e+01 5.635864483577612560e+01 5.048777283561887685e+01 4.715863027913593442e+01 6.683913922479079872e+01 7.633688489155844081e+01 6.410507285151572887e+01 4.457561434765619879e+01 6.031710882004131946e+01 5.197941954989543234e+01 7.170660417195685454e+01 7.069732760503468683e+01 6.081912499098869773e+01 4.681023750349707058e+01 3.643079627043829305e+01 5.607008846994725815e+01 4.787669990510457296e+01 6.400843878074505255e+01 6.181559711356902653e+01 4.657314437354341408e+01 6.594947541651198719e+01 4.836285473804282731e+01 6.344681181014460236e+01 7.168125716543200099e+01 7.869359060103472814e+01 7.412536835912669630e+01 6.011487554175581494e+01 4.795607421140949356e+01 4.890662565214626056e+01
4.059365814004225825e+01 6.072922717222301969e+01 7.158151636618649150e+01 7.741369856016187612e+01 8.419978240934624125e+01 9.257593952249496283e+01 1.027448649116694952e+02 9.040547433375135711e+01 7.048196996023577299e+01 7.631742928623677358e+01 6.418543787409953438e+01 4.464694060367270367e+01 6.111526452618526406e+01 6.934408753381832469e+01 7.231819961147577658e+01 6.031710882005600638e+01 4.088764367805315203e+01 6.031710882004233554e+01 7.388879219757633621e+01 5.981404030559556162e+01 4.315991533350761244e+01 3.557999193832619511e+01 4.488495509187409027e+01 3.730128108689698507e+01 3.791593821120238061e+01 5.702723856201672703e+01 4.271670162142209648e+01 5.977312543358025465e+01 6.056496559442923200e+01 6.070980622810399296e+01 4.485466203132232010e+01 6.302864583080467753e+01 6.136127196854099708e+01 6.446917447398179490e+01 4.665129978031074387e+01 6.591444250074076194e+01 6.855262940413464889e+01
4.164748405727031155e+01 4.618827143029204052e+01 5.148759335077500054e+01 5.721042680223435895e+01 6.384153086179340164e+01 7.398280051020515202e+01 9.441676430848799839e+01 9.866437027342156796e+01 9.040547433375533615e+01 8.042237262510347762e+01 6.053627006169163138e+01 6.111526452618526406e+01 4.165306009047296243e+01 5.819774097784947031e+01 6.640900938023024480e+01 5.786922631930504224e+01 3.842030351931655474e+01 5.786922631930504224e+01 5.625191838808451905e+01 4.761506102046723754e+01 3.473086085217173746e+01 5.430193651429192414e+01 4.915050777092383072e+01 5.512953086376170830e+01 5.659291667815140414e+01 3.878141382731098474e+01 5.782780675852624341e+01 4.053249793836057080e+01 4.114354804859583226e+01 4.174610030701924757e+01 4.233848536839292365e+01 5.564967667565736775e+01 5.512362013962746943e+01 4.537895323487946087e+01 6.446917447358281095e+01 5.670678448984727993e+01 7.648788609172568442e+01
5.310926346532838238e+01 6.620945213881698521e+01 6.249869429151213041e+01 7.741369856016187612e+01 8.419978240934624125e+01 9.257593952249496283e+01 1.027448649157013563e+02 1.054174202813047856e+02 1.032554646559323572e+02 8.868060117218024629e+01 7.512047152831750907e+01 5.531411784205943860e+01 5.819776128202066445e+01 3.862527250180048100e+01 5.534282452521811280e+01 5.545388262386273936e+01 3.594707201421866927e+01 5.213590830099482787e+01 3.328590681803917306e+01 3.388349560655022685e+01 4.068076774695504838e+01 5.030942576028782298e+01 6.578785671830706860e+01 7.335766574886017111e+01 6.288717156436465672e+01 4.604961014603919978e+01 3.965623002693910593e+01 5.433610489210104788e+01 5.103586239340752684e+01 6.063167809509418760e+01 6.130775073453944657e+01 4.317297726257798018e+01 4.410117235362973531e+01 6.271676063193599759e+01 7.264287412897851937e+01 7.067106710128319946e+01 7.284379530514611645e+01
7.323861670529959156e+01 8.161891041219625720e+01 8.272989910203749275e+01 9.109439192601823265e+01 1.002449579936092618e+02 1.082922188695830954e+02 1.054174202813047856e+02 8.568623130102777452e+01 8.352931708419433221e+01 9.339239087006291129e+01 8.337460035238285627e+01 7.512047152831750907e+01 6.640914287970106500e+01 5.534282452521811280e+01 3.565763842398138195e+01 5.230553770631631494e+01 4.851391509718563810e+01 3.244202243090348503e+01 3.713963630068364807e+01 5.316889587986902654e+01 5.981794248236024458e+01 5.994128314893745824e+01 7.599778980776305559e+01 7.768976132809987689e+01 5.735977437920707445e+01 4.397087721246145975e+01 5.867786171041935717e+01 6.496792522237576861e+01 6.500566883894519776e+01 7.737900480156115179e+01 6.874569350446030569e+01 4.394189425264677595e+01 4.541137838043076158e+01 6.007514219348048101e+01 8.216127060223080036e+01 9.053092939828546548e+01 9.270223068439420899e+01
8.015816602338816210e+01 9.019905897236836267e+01 1.012864900233876568e+02 9.331249383299814326e+01 8.148088490447180732e+01 9.331249383299814326e+01 1.012864900233876568e+02 8.930697194126977934e+01 6.948902761827172014e+01 7.360133319301837673e+01 8.531272540666421378e+01 8.182581110688380477e+01 6.197805665470475134e+01 4.810851496380869463e+01 5.262099955139913732e+01 3.321600953754188623e+01 3.163152308640272992e+01 5.135791998619865240e+01 4.868022024782133172e+01 4.356139704605383400e+01 6.097193081394375724e+01 7.643201347984333438e+01 8.887955234386033965e+01 7.710664563475324940e+01 5.729461347899993484e+01 6.309742334833422461e+01 4.875250002566986751e+01 6.832271595831687705e+01 8.199903565945527362e+01 7.786937728295177408e+01 5.848810890011116470e+01 4.477232066164975777e+01 6.336394690270751084e+01 6.214158155478631329e+01 7.379233065851266815e+01 8.163145504118178053e+01 8.981006841730763313e+01
6.179912499880359178e+01 8.204887049850027836e+01 9.331249383299814326e+01 7.467010581213450848e+01 7.084915434736741702e+01 7.467010581213450848e+01 9.331249383299814326e+01 9.750750222693044122e+01 7.939799977977084211e+01 5.953543059284164229e+01 6.548038054041123246e+01 7.949950619789147765e+01 7.603067338624471461e+01 6.779132929496221038e+01 6.106053776406276512e+01 5.074538032915479135e+01 3.108292862111056820e+01 5.081861455290685115e+01 6.470177161012401257e+01 6.097191998714043848e+01 5.023860097958129955e+01 6.837667552457314457e+01 8.604371721438219822e+01 8.540808652250825617e+01 7.710664563475343414e+01 7.222414656703412561e+01 5.236522164118719047e+01 7.222414656703412561e+01 8.783235138277187559e+01 8.047052034967524037e+01 6.068068706281030700e+01 6.397623787816451113e+01 4.596421549143721563e+01 4.676271037776623984e+01 6.632667278576903414e+01 6.164761425049015031e+01 8.163158917692838656e+01
8.015816602339404540e+01 9.019905897238530201e+01 9.250879941838931586e+01 8.013033484593462674e+01 6.156964815977380567e+01 8.013033484593462674e+01 8.338756128575828086e+01 9.127229399004492905e+01 8.531272540669759508e+01 6.548038054041123246e+01 5.151959735012722774e+01 6.487505330125883063e+01 7.003140488112536843e+01 7.843258282544827864e+01 6.428943009284176924e+01 4.454407311839604233e+01 3.050463358019733562e+01 5.004422689245163269e+01 5.721620427490142191e+01 6.491847794760509771e+01 6.837667552457314457e+01 5.885340144349255098e+01 6.964004189104691989e+01 8.918271637396020424e+01 8.291835380992820603e+01 6.291110535969902173e+01 7.222414656703412561e+01 5.951130606970011883e+01 7.953589176063154298e+01 8.865396342962314691e+01 7.796359458245053986e+01 5.817680615939371336e+01 5.967093099369066778e+01 6.632923038454883624e+01 4.779406205450452205e+01 6.750066669806588493e+01 7.693939573538297338e+01
