LEM/sinusoidal_perturbations/elevation_000786.asc
nrows	100
cellsize	150.0
xllcorner	0
ncols	100
yllcorner	0
NODATA_value	-9999
[rows 68 to 84 of 100, columns 37 to 73 of 100]
5.774665299900501481e+01 4.902237309335199456e+01 3.296031373715942436e+01 5.127766624195058398e+01 7.516951349067100807e+01 6.524701429837048750e+01 5.718938203113123109e+01 4.248496483978865257e+01 5.735825387466559988e+01 7.845288132654638957e+01 7.297023662277038625e+01 6.459809940879073054e+01 5.168850412557490159e+01 7.165782320698914987e+01 7.613104956704857784e+01 5.621196445166440014e+01 4.226196272818987865e+01 5.912787347671621774e+01 6.524251699465926890e+01 5.135224390467979561e+01 5.780411475444880409e+01 5.450861096801762784e+01 3.960228558287747802e+01 4.022747754336821657e+01 5.993374813869802153e+01 6.241868351716878038e+01 4.478052970281636647e+01 6.456468046215827883e+01 7.506064781772359140e+01 8.401215598138861651e+01 9.566259747601243646e+01 9.849489198903536646e+01 7.795039027529118414e+01 9.849489198903536646e+01 8.261110087472053465e+01 6.286136365007925519e+01 6.075932997769417909e+01
5.003041637961684529e+01 3.151055750694881397e+01 3.930489525236669124e+01 5.989725852739635314e+01 6.879571909171477273e+01 4.967505580564126433e+01 3.653251421487890127e+01 5.718938203113123109e+01 7.216184077500581395e+01 6.706660828374893413e+01 5.871914381030261865e+01 4.466201263110203712e+01 5.613044527008951690e+01 7.614582429253555063e+01 8.202969997127280521e+01 6.204331564360061435e+01 5.911441278563868451e+01 3.939495750267744967e+01 5.569090852766507993e+01 3.748767278343594000e+01 3.810665003266670681e+01 3.872462997881687841e+01 5.844336489610321905e+01 6.000517248582799112e+01 4.112851240388282292e+01 4.261436808615529515e+01 6.241932253249441942e+01 7.287364170391975904e+01 7.465445356473821903e+01 8.152327280851774560e+01 8.856168887753635488e+01 8.049353319223619962e+01 7.025733328795350019e+01 8.207068082556256172e+01 7.374974581720049116e+01 5.730195656207217070e+01 7.690984282110579784e+01
3.005068242265063816e+01 4.865223226022066427e+01 5.155406033902265506e+01 6.711254079944440321e+01 6.877360348397279211e+01 4.729023010114467240e+01 3.306285089676733691e+01 5.326632789047631888e+01 6.170688162970508728e+01 5.338068455609953844e+01 3.874480233658808004e+01 5.871914381030261865e+01 7.294510249191530704e+01 8.452234432848553070e+01 8.122504841321577373e+01 6.993106021448069498e+01 6.089107697089275462e+01 5.540076967602296065e+01 3.660995364698489141e+01 5.623809072509354223e+01 5.779858500977815794e+01 4.600441736312186691e+01 6.468672139040283753e+01 6.924221286162811850e+01 6.093544724132102886e+01 4.214578578528626451e+01 6.197195012775864598e+01 6.376985680924359912e+01 5.576205919291843571e+01 6.917506438695218662e+01 7.190479608739153150e+01 5.972529094341214773e+01 7.803062571801652325e+01 7.068736121917726223e+01 5.414240135313628599e+01 7.374974581720049116e+01 8.525640603154059249e+01
4.784449292128260822e+01 2.861093919651094097e+01 4.726531076228945949e+01 5.559672677061666946e+01 5.955457088598488724e+01 4.830044781673186804e+01 3.023549342904331283e+01 4.971956459858461841e+01 4.846221650560563177e+01 3.340222465118316819e+01 5.338068455609953844e+01 6.706660824032472590e+01 7.450710829906610400e+01 8.285636091721721641e+01 7.273029961481455530e+01 5.218997986865272765e+01 4.170377606194067255e+01 3.576585982176624157e+01 5.540876788608391479e+01 6.447491559776258896e+01 7.241770039139596804e+01 5.662603565112752335e+01 7.280863804720294752e+01 8.184070716028830361e+01 6.194129064136118501e+01 6.153448539652355009e+01 4.318175540375174393e+01 4.393105050444233939e+01 4.468833014235192280e+01 6.440706440141457279e+01 5.312706878438912383e+01 6.710111139601602304e+01 4.932074569424547406e+01 5.101340599790471231e+01 7.068736120219125496e+01 8.205032473563916540e+01 7.971229570874046999e+01
5.675107648046023456e+01 4.139681971849964981e+01 2.715504881993464892e+01 4.588247180819423932e+01 4.867804061428543605e+01 3.014479540982658534e+01 2.791808682115443219e+01 4.580828064223400986e+01 2.899252122081177063e+01 4.846221613262022743e+01 6.170629364319636068e+01 6.041417837305607463e+01 5.457455055756847884e+01 7.450710829898071097e+01 7.891501329253627262e+01 5.909884540475112402e+01 4.751840515600323300e+01 3.516136217341971104e+01 5.460630561729944077e+01 6.703769094868709999e+01 7.899892965921011978e+01 7.524303201857344447e+01 8.342564811212638176e+01 8.653773613443402724e+01 6.648139644466986908e+01 5.253239302752329110e+01 5.021831364124766139e+01 6.366011502561115520e+01 5.706181572396116763e+01 4.577274241718578907e+01 4.655537879543056334e+01 4.734127562419838142e+01 4.816528009034662006e+01 6.066242929017575847e+01 6.939680113212847345e+01 7.099690308491851454e+01 6.108466593772035935e+01
6.979918175328093355e+01 5.508253102242468913e+01 4.441601530143209686e+01 2.568576731061246576e+01 4.357400001564314351e+01 2.485733657646051498e+01 2.531955598990737144e+01 2.578479424658612373e+01 2.624956480497021616e+01 4.665837250576792172e+01 5.558017035370003356e+01 4.139160356764789839e+01 5.923030849759732064e+01 6.774204255152977794e+01 7.923789640438623394e+01 7.248396118387459808e+01 5.523509613547971497e+01 3.454444672360273216e+01 4.849532983521130092e+01 4.842433107257458147e+01 6.992736128290727038e+01 8.113533363698861933e+01 9.115899714977796009e+01 8.505469293272462039e+01 6.499439813591503423e+01 7.236744850244468807e+01 5.763779346692699335e+01 7.116255811419699739e+01 5.166545799121769988e+01 6.559195623672471243e+01 6.633102178866066367e+01 6.125728178576928684e+01 6.787655405644535733e+01 4.936990652399737201e+01 5.020627724681057913e+01 5.107382936583356781e+01 6.403265792148445712e+01
6.743134983167955454e+01 5.850129834734258338e+01 5.087541188958786620e+01 4.309246130297766086e+01 2.420301868623714014e+01 4.450656027696125960e+01 4.977890344047322913e+01 4.035079002263049119e+01 4.664750560537424207e+01 2.691329241433361474e+01 4.728065737015826642e+01 2.760599974592825845e+01 3.966255608717575853e+01 5.099666584261409952e+01 7.094587680141424357e+01 6.890056117538019009e+01 5.837499535960269981e+01 5.218541727646052664e+01 3.364527285641673870e+01 5.350872983094594559e+01 5.301854392213761713e+01 6.280779545999493507e+01 8.267888597738155454e+01 9.346793641356141791e+01 7.911106104106464443e+01 8.585422327435608736e+01 6.641987973226183328e+01 7.951478690729766186e+01 7.119286600301266787e+01 5.791397038396206653e+01 7.743426689297908183e+01 8.120948904264551516e+01 8.012305849764493360e+01 6.961985309231835117e+01 5.317914183810628970e+01 6.980225824016697800e+01 5.230902155005001930e+01
5.864053411316062636e+01 3.772073486963743960e+01 4.272348316518967692e+01 2.360231283701306282e+01 4.390644075891766818e+01 3.862640333085185773e+01 5.870784565527895182e+01 6.041044522533496064e+01 5.088735596934515115e+01 2.703385373637949840e+01 2.754357981882781914e+01 2.806593844867138188e+01 4.834369393035291296e+01 5.624933780121560289e+01 5.431803547239377394e+01 5.711469329315838905e+01 4.013226685382135628e+01 3.270416228163265515e+01 4.082420443338428839e+01 4.261933194825036963e+01 6.233663504581883075e+01 8.113533366524202961e+01 9.115899714977632584e+01 9.469257708084539615e+01 9.940388965552780576e+01 9.484212723452493776e+01 8.055482432760136646e+01 9.484212709141665698e+01 8.210680439244417528e+01 6.252974591517973124e+01 8.210680439244337947e+01 9.133659901988465890e+01 7.124872249850254491e+01 5.742170920990141525e+01 7.294884048834551038e+01 7.947162594239379985e+01 7.498519785481470024e+01
4.745788764824055050e+01 4.197059668905271224e+01 2.299900701002806258e+01 2.972843605550860602e+01 4.927744723723975540e+01 5.870578726191632768e+01 6.708334329202561719e+01 6.064072210592757983e+01 4.114376330735102272e+01 5.089365769673013773e+01 4.790703227347034243e+01 4.832203003157784593e+01 2.876171791978660153e+01 2.926098880289832849e+01 2.976450086897795089e+01 4.296411824548657421e+01 5.110099266494027148e+01 3.200552395093002644e+01 5.191612436999574953e+01 4.020845779432757183e+01 5.974689086292238471e+01 6.764359964518426693e+01 7.672322196706274156e+01 7.435837104899907501e+01 8.426819126416418726e+01 9.251438762707971364e+01 1.008062036314039460e+02 1.013119821586391112e+02 8.140730380716186687e+01 6.764780645052080388e+01 8.724745232250793947e+01 8.397978474971847618e+01 6.403360874977316541e+01 7.713790432036695677e+01 6.351044362830449330e+01 8.343249273345777794e+01 9.119838509850578134e+01
2.767602733831790829e+01 2.239423659063477956e+01 3.708948384982031143e+01 4.925098830990684462e+01 4.133382916368110216e+01 5.368444956875568153e+01 7.449685958420484155e+01 6.899649626416611170e+01 5.067354715227898510e+01 6.899649626364541177e+01 6.551230902045958260e+01 4.492527366402259048e+01 3.174831193951876784e+01 3.191607704958537539e+01 4.404993090407788259e+01 3.048484274637117153e+01 3.100134937406193458e+01 3.176563250924179016e+01 3.252012097494643683e+01 3.324777148681528161e+01 4.052340710015089087e+01 4.882315523779745092e+01 6.836713882246328922e+01 6.021677985910433506e+01 6.476642516281383166e+01 8.186970525641430640e+01 9.085208672777199013e+01 1.011496682256162245e+02 8.665371549230964376e+01 8.719193686266581267e+01 7.801304394721374535e+01 8.916708237577448415e+01 6.906587748678754224e+01 8.917160634432957522e+01 8.343998055570990857e+01 7.021377307915909682e+01 9.034490018905073327e+01
2.178898235477590006e+01 4.226802183447749428e+01 5.102432520767417401e+01 6.517267791048116976e+01 6.129041748864331396e+01 6.940678478208295132e+01 8.271809868362319662e+01 7.901764922259084756e+01 7.060791494453816597e+01 7.901765211910495168e+01 6.140172150298248965e+01 4.066624481138658354e+01 5.100688397540942276e+01 4.973995738546869205e+01 3.724116839690212544e+01 5.065966818486872825e+01 3.449713369010139985e+01 4.504036279230977868e+01 4.677213088064959834e+01 5.307621675870257150e+01 3.421778385274261325e+01 5.421406758758698174e+01 6.200906878634496877e+01 4.871488476394267764e+01 5.473838337393825526e+01 6.135640796204203440e+01 7.149946452258110696e+01 9.323670747714712093e+01 1.052446169466304156e+02 9.043521255560887084e+01 9.586891300663074844e+01 9.501556835690892910e+01 7.477002085204841819e+01 9.501647931350076703e+01 9.557416001323817056e+01 7.532132380116897252e+01 9.557416001323817056e+01
4.129298012090607983e+01 4.650478009343573405e+01 4.846475507627176427e+01 5.047674263482969792e+01 4.838516094516600674e+01 6.026689954976391306e+01 7.485929862929842216e+01 6.639863121317364403e+01 7.147858359462701117e+01 7.994214087610961883e+01 7.016716930296803412e+01 5.092060843907670176e+01 7.016716930296803412e+01 6.167847868098017727e+01 4.231584537597638729e+01 6.086223674060887845e+01 5.130116157456814108e+01 5.886088466339255376e+01 5.989224729246063106e+01 4.586160380607050513e+01 3.488008526466171588e+01 5.443396793645954546e+01 4.198436708052415156e+01 6.200906878634496877e+01 7.490850249486446444e+01 8.196117858360595676e+01 9.085208672777199013e+01 1.026841703940205406e+02 1.163869000317448013e+02 1.031575839518448703e+02 1.161735058963488996e+02 1.018032139272441583e+02 8.144301008601405556e+01 1.018032139272441583e+02 1.014492004152775877e+02 8.109746346957322771e+01 1.014492004152775877e+02
2.418189812869745481e+01 2.628719716551855612e+01 2.838289395428106587e+01 3.046824742806017383e+01 3.255914285621400239e+01 5.252537907543712947e+01 5.982470179211425432e+01 4.645937926702802656e+01 5.154447986976941110e+01 7.147858359462915701e+01 8.103388918465405766e+01 6.585986280826790562e+01 7.525147263511817641e+01 5.447956604967613004e+01 5.096901824651633461e+01 6.974858323620645706e+01 7.137914586403012152e+01 7.473587401751061066e+01 6.045285651770145563e+01 4.051434750411091557e+01 5.486660265846321494e+01 3.580255157380644704e+01 5.532443682484922931e+01 6.484740310108477956e+01 7.180710730186531521e+01 8.022021128130366208e+01 8.969806459517677411e+01 9.079235388577757249e+01 1.005592668206561058e+02 1.184107523131148412e+02 1.269554760982698411e+02 1.102680698453605430e+02 9.157353192069042791e+01 1.102680698453605430e+02 1.082583790040205542e+02 8.783084323779166880e+01 1.082583790040205542e+02
4.416483233243178574e+01 4.386600582677203874e+01 4.838875463347427797e+01 4.609375785335821973e+01 5.252537916834902632e+01 3.554860600780205715e+01 3.987086264339765762e+01 5.982470179211773598e+01 7.147858359462915701e+01 6.029027995964777631e+01 8.022372293256727005e+01 8.791239747944244698e+01 8.400196611223516641e+01 7.001251590436245920e+01 6.236239104938540123e+01 7.934972356408380278e+01 8.062883909862284781e+01 6.643040793978597947e+01 4.657187730980355411e+01 6.045285651770145563e+01 6.410977438165666342e+01 5.580462205141054000e+01 3.672522339072792619e+01 5.617880621211186565e+01 5.167768522840579948e+01 7.127485583278559034e+01 6.861952939348596203e+01 6.777313873063157246e+01 8.715219300783824963e+01 9.876593218431263210e+01 1.105966886209414355e+02 1.204924521418468402e+02 1.120328959337977892e+02 1.204924521418468402e+02 1.167179980691765451e+02 9.801291386754121504e+01 1.167179980691765451e+02
4.564733160184172789e+01 5.647288882225124240e+01 5.901941262489494022e+01 6.780481393152615510e+01 6.395550074093154791e+01 5.551107493914784641e+01 3.902349670776384727e+01 5.901825394873306863e+01 7.120044851845412381e+01 8.022372293256727005e+01 7.070362193281155783e+01 8.847382878671493245e+01 1.028412227501354863e+02 9.200006240695320514e+01 8.290526754357877337e+01 6.885916453551921279e+01 6.080383807857593581e+01 5.383000470651753488e+01 5.802252671581467780e+01 7.473587401751061066e+01 7.669583655528147403e+01 5.674952729224521164e+01 5.675711757604646834e+01 3.765017103099169304e+01 4.114778670694559537e+01 6.357298167561086899e+01 5.295203746280786561e+01 7.472732465954855741e+01 8.389193283576717874e+01 7.753278218432143376e+01 1.007528042801755248e+02 1.142405860931790329e+02 1.225714930457678236e+02 1.342232836035383343e+02 1.269481483160626567e+02 1.185038441404999503e+02 1.269481483160626567e+02
3.054839596578671390e+01 4.112973263072608887e+01 6.002383020990200180e+01 7.673154560227709453e+01 7.558530438678768348e+01 5.529497597915182894e+01 5.901787493241161542e+01 4.267096067344411381e+01 6.270753230597411232e+01 8.301304775266422098e+01 9.057029936323557706e+01 8.466442167485014636e+01 1.048283493762524756e+02 1.027261523348905712e+02 8.285016184762572777e+01 8.867170467854631966e+01 6.998441734206143394e+01 6.522985839585015810e+01 7.791578728373286822e+01 8.626637803446523378e+01 8.268892946527878962e+01 7.446346250736981176e+01 6.204696446288519951e+01 5.126848400597641842e+01 3.858764147664360422e+01 4.268636451321197001e+01 4.840120261622987385e+01 5.485889789184857790e+01 6.220966253231446785e+01 8.430782027756504249e+01 1.023606826256223741e+02 9.397323488597051266e+01 1.056823421472219025e+02 1.259313647351407610e+02 1.201521828536071581e+02 1.280656016745441548e+02 1.227999146412187201e+02
5.086215182819614711e+01 3.634661623671696162e+01 4.854453513884563876e+01 7.011409401001473896e+01 8.413572610128299800e+01 7.444557405305674536e+01 5.419413979723297103e+01 4.532105374082224358e+01 5.419413979750738974e+01 6.841281454805056228e+01 8.901067492428744288e+01 1.048283493762524756e+02 1.131945134211095194e+02 1.110185373728465521e+02 1.027261523348905712e+02 9.832341701663537492e+01 8.996094311106014629e+01 8.515254877557232760e+01 9.350528077396414517e+01 8.543794113733501661e+01 7.139878299803032746e+01 5.490436217910361449e+01 5.945068531755583052e+01 3.955403700700722425e+01 5.875028014390381514e+01 6.421679758371736568e+01 7.026785833402293235e+01 7.686356432730725885e+01 8.422832513842942603e+01 9.329033100869558837e+01 8.235016923784280607e+01 9.535535214679838134e+01 1.152807231184932277e+02 1.168279923401824476e+02 9.851069883772994729e+01 1.153322423865190842e+02 1.020070244106066895e+02
