LEM/sinusoidal_perturbations/elevation_000191.asc
nrows	100
cellsize	150.0
xllcorner	0
ncols	100
yllcorner	0
NODATA_value	-9999
[rows 17 to 33 of 100, columns 37 to 73 of 100]
3.342220633617969128e+01 1.388384265642195992e+01 1.437566163372566663e+01 3.457119047024515623e+01 2.113436105713702062e+01 4.121125718280597283e+01 5.052851631656339038e+01 5.900714921398548540e+01 6.494719113681625799e+01 7.318251900317100933e+01 7.234870850624341188e+01 6.796753457676001631e+01 4.911438582598596980e+01 6.796753457676001631e+01 6.936750502987257505e+01 4.997493480939218102e+01 6.311923349840495234e+01 7.654837879615139684e+01 7.503883142447864429e+01 7.630067696933693355e+01 5.637958173502392611e+01 6.820365230532628686e+01 5.712346700590646975e+01 7.644043523299316689e+01 7.394024770584508133e+01 5.980791890955759982e+01 5.138203663959161815e+01 7.147580974238915985e+01 8.224863939975439564e+01 6.871828247394817879e+01 8.224864456855947026e+01 8.302707574501589249e+01 6.865689776014541224e+01 4.740982717053719853e+01 6.833217291653517123e+01 8.378462761494446909e+01 7.145072791248695410e+01
1.342709405267168066e+01 1.843015739053972624e+01 2.689362558696581473e+01 1.508055253049031386e+01 1.558326233001765537e+01 3.276303028073257906e+01 3.054667997548902036e+01 5.069606131702384033e+01 5.545625608893670488e+01 6.370645651676861831e+01 7.261512140020866468e+01 7.621131101872489921e+01 5.972956536692232277e+01 7.621131101872504132e+01 7.535536118916300552e+01 5.552839614919768962e+01 7.529850082706917647e+01 8.949452833724284062e+01 8.856335495174809580e+01 7.445372978411140252e+01 7.069690655364099996e+01 8.292054161322427319e+01 6.348022247253127404e+01 8.292054161322427319e+01 8.807257650213247757e+01 7.584291740482692035e+01 5.583031816650548507e+01 6.740111340413179164e+01 8.737463569625877824e+01 8.765579353201478341e+01 8.976670424569371676e+01 7.458523668778477145e+01 5.327530771468145332e+01 6.865689776014541224e+01 7.712524001241207827e+01 7.583835797692921687e+01 5.585247683626365500e+01
2.547501209394919996e+01 3.615046512328662232e+01 3.234590914437423947e+01 3.506843627152576204e+01 3.559494150241550869e+01 1.630181832404899467e+01 3.631708798262913263e+01 4.551102833292662098e+01 3.556615472014366475e+01 4.444018351473759765e+01 5.853111621474644721e+01 7.845951086431368537e+01 7.922080979274412016e+01 8.758203340927039449e+01 8.361320687340918312e+01 6.684277040449202900e+01 6.946522121820677853e+01 8.957541699132133317e+01 1.018879506733910034e+02 9.666306516731543752e+01 9.131587651190284305e+01 9.126354055450752867e+01 7.302790803463193470e+01 9.126354055450752867e+01 9.214440732819942070e+01 7.217924114850735862e+01 6.141085872946090518e+01 8.138188292481893882e+01 9.561803462689412925e+01 9.801194108511751324e+01 8.146027040414837472e+01 6.036633677028683564e+01 6.571088588232950656e+01 8.302707574501589249e+01 8.049470846243322342e+01 6.058955754330400367e+01 7.583838564651397007e+01
1.736416444822809879e+01 3.500444496648213999e+01 5.012225698878540214e+01 4.378629245502244061e+01 2.571393781890411390e+01 1.681335916635260119e+01 3.674632996593548739e+01 2.566342927451029254e+01 3.856251025936288812e+01 5.735496484784325588e+01 7.261512091996365825e+01 7.922670650547701143e+01 7.135203056243096853e+01 7.922670732952430228e+01 9.518309658971445231e+01 8.698377645304476857e+01 8.957541699132133317e+01 9.776119252861150244e+01 9.510317819360155056e+01 8.679048741732410122e+01 9.510317819360155056e+01 1.012369391510783032e+02 9.281317519181648379e+01 1.012369391510783032e+02 1.003805834715416125e+02 8.804025545770406325e+01 6.806513785904870417e+01 8.138188292481893882e+01 1.013304067858832269e+02 8.987358307746050912e+01 6.942451694836671550e+01 7.113796569014542115e+01 8.670782533013192506e+01 9.497347960973429792e+01 8.387422490203141479e+01 6.400987983880865784e+01 7.805832013254088508e+01
2.396190130225638626e+01 3.496483757494589639e+01 5.463033182511967567e+01 5.204726848190499311e+01 3.589186213473334419e+01 3.682358499548946185e+01 1.754094036569937387e+01 2.781219048825026974e+01 4.088528698549104234e+01 6.365785057659748247e+01 6.805792081185876441e+01 6.986080500240373681e+01 5.273593604042370231e+01 6.986080512897102324e+01 8.578841748689345081e+01 7.989372097866093725e+01 7.990217648515222493e+01 8.822927681187303506e+01 8.507462521619309825e+01 6.673814693034536560e+01 8.507462521619309825e+01 9.265001880211161733e+01 9.115066710695137431e+01 9.947938137106297063e+01 1.040263505568882891e+02 9.628489322677350515e+01 8.219281828008139712e+01 8.219281828008139712e+01 1.021572175970455305e+02 9.653845158323622400e+01 7.675389085905446507e+01 8.593993575011543840e+01 9.995509967664932560e+01 1.014864213175178946e+02 8.165252473801612609e+01 6.763308662039770525e+01 7.907580059660614324e+01
3.791678291221258235e+01 3.790463051137918171e+01 5.767266376611681977e+01 6.373932855734463487e+01 4.838005795784597041e+01 2.877253099867042963e+01 3.741383202626345650e+01 1.827342654744385797e+01 3.839376960578314879e+01 4.688206831210326442e+01 4.688208561010436881e+01 6.204398309505710074e+01 4.328483013140529323e+01 6.204398330125730610e+01 6.565222682808990839e+01 5.975320680246626637e+01 5.975975289430223825e+01 7.660664234220467961e+01 7.676431717383475473e+01 5.671558474672752226e+01 7.676431717383475473e+01 7.258441065667126679e+01 7.108731838058264429e+01 8.788837019245706017e+01 8.394659867490592831e+01 9.815518811796060561e+01 1.021572175970455305e+02 1.021572175970455305e+02 1.103769681734655990e+02 1.038173789301826559e+02 8.532881335402429102e+01 1.038173789301826559e+02 1.139702636217922702e+02 1.054601461863759084e+02 8.565438023129138401e+01 7.166843973454169259e+01 9.145535477294198756e+01
3.929777356055372195e+01 5.767323315830330444e+01 6.559117358787075602e+01 6.225672698532032001e+01 4.258594181523805844e+01 4.602016980326732210e+01 2.648625158416594871e+01 1.879131829161635636e+01 3.884209921705880930e+01 2.830329741987631209e+01 4.664574138372844914e+01 4.841205513991450715e+01 3.678294129498503651e+01 5.578734576122030120e+01 6.499622988461452167e+01 4.555573780031523512e+01 4.816705611800070130e+01 6.827294280284355921e+01 7.008132536662814971e+01 5.006857659417093487e+01 6.335206775747828800e+01 5.841030741731434262e+01 5.951484360337877177e+01 7.564221816932246156e+01 6.976634873988848540e+01 8.725246915829129080e+01 9.434269690659860430e+01 1.026733854408414714e+02 1.142743609778021465e+02 1.117792357009062414e+02 9.989328589753027643e+01 1.117792357009062414e+02 1.154060486804275314e+02 9.562318245499920977e+01 8.417423686820394835e+01 7.733500132948719852e+01 8.782230848611773411e+01
3.481471522385511719e+01 5.495738170601402572e+01 6.307579641264913306e+01 7.022958825888163403e+01 6.223992488667949630e+01 4.858777649645237062e+01 2.923127919987738821e+01 2.616987967126323156e+01 1.952469740344207949e+01 2.004369743258867587e+01 4.014788511039675001e+01 2.833490923239537196e+01 4.607765265547896405e+01 5.255476259700860453e+01 4.932739196278713223e+01 3.657047406643186349e+01 5.666480371305343056e+01 7.453656080855894572e+01 6.404727612899955602e+01 4.415226500036579438e+01 4.347153438957294469e+01 4.690002061851449611e+01 5.111783299999051877e+01 5.558541570485668615e+01 6.114679009472794036e+01 6.719695662251925228e+01 7.428850442265793674e+01 8.585789039169250714e+01 1.059331581521555279e+02 1.037877038138169752e+02 1.121999592407396023e+02 1.232081936352991960e+02 1.235586895276214818e+02 1.121540665246448611e+02 1.027722070454397567e+02 8.319648730704099648e+01 1.027722070454397567e+02
4.210903878808135659e+01 4.652705840696261674e+01 4.286670181865279261e+01 6.304468081379091160e+01 6.131829842360620830e+01 4.278458224803538457e+01 4.853178435709064331e+01 3.156026592230955075e+01 3.857737722804749581e+01 3.984244210313316614e+01 2.077944319920635508e+01 3.892248036251106669e+01 4.158181124182478783e+01 2.345050886294443515e+01 2.897259328275341517e+01 4.932739196278713223e+01 6.499622988467376672e+01 5.459896952308124440e+01 5.459896952308123730e+01 3.887331516999656600e+01 5.853038311135237137e+01 6.688493485134476657e+01 7.115738079713928244e+01 7.564221816932246156e+01 8.120550460743451993e+01 8.725246915829129080e+01 9.434269690659860430e+01 1.026733854408414714e+02 9.916168802606335930e+01 8.199263942660935811e+01 9.412190625311318115e+01 1.053181612990906757e+02 1.102549144150254534e+02 1.183747440126536503e+02 1.007711957002680663e+02 9.700780334986903597e+01 9.700780331458713590e+01
2.455450416016413939e+01 2.643598723259933791e+01 4.645599690304042184e+01 5.750102318041427196e+01 6.903754000257524126e+01 5.954813092111837136e+01 5.845207691822126606e+01 4.296245258801781830e+01 4.589916731282947637e+01 2.622657577434182485e+01 4.061546143838940282e+01 2.152759282472703362e+01 2.205820536586113789e+01 2.259359563646711777e+01 3.968649077406691816e+01 5.096349341169474201e+01 5.917093383925445949e+01 5.092685755770731504e+01 3.516948332316088255e+01 5.459896952308123730e+01 6.682764099867237917e+01 8.114995196833470459e+01 7.290745586129064293e+01 7.548007925875405988e+01 8.372809368849540590e+01 8.987421091384720739e+01 8.155580503030520845e+01 8.987421091387028582e+01 8.946615517887298097e+01 6.967807926759306270e+01 7.572453934258444974e+01 9.370276742642339229e+01 8.857057916423325139e+01 1.046988585934499127e+02 1.192672900003005481e+02 1.166887324265524910e+02 1.166886960399861835e+02
3.878984751966852684e+01 4.652710467707846220e+01 2.917156704285800828e+01 4.924825023244385847e+01 6.040549477290380764e+01 7.274600984570834328e+01 6.879222962539411412e+01 6.141868053897052704e+01 5.016800974786155365e+01 3.023401925221812192e+01 4.965215026457740066e+01 3.599931799005450017e+01 4.235177525337679327e+01 4.267064390556547693e+01 2.335194897666434244e+01 4.343310443391550990e+01 4.773754585572871889e+01 3.164151778423147832e+01 5.092646706471474971e+01 6.282587691418358844e+01 7.369692143903488102e+01 6.489298735559340514e+01 5.311926633727937741e+01 5.568485127007791391e+01 7.548007925875407409e+01 7.980009231136907033e+01 6.138030060069826277e+01 7.980009231137732684e+01 8.101427012719302923e+01 6.043110071060130650e+01 6.452014593834277889e+01 8.529939567668874645e+01 7.532228934492847827e+01 9.470966231679521741e+01 1.090487238713585469e+02 1.028015168522676106e+02 1.111270946368094741e+02
5.883314336382855458e+01 5.749000706305339747e+01 3.844098366602296579e+01 3.202462629735547495e+01 4.399952812171670047e+01 6.516529404366336564e+01 7.020355033660652566e+01 5.054310286431188359e+01 3.642668732324930403e+01 5.016800974733619256e+01 5.830095055906016910e+01 5.778490207021451397e+01 4.868943557793477339e+01 2.985548443586905520e+01 2.388918337726267183e+01 4.397311692120265292e+01 2.815554303711895301e+01 4.562876896818033146e+01 5.421515136278608082e+01 6.337502363532858851e+01 6.036128824861685160e+01 4.339183196767529438e+01 4.105800741595464132e+01 6.148273931282729166e+01 7.559358795991599322e+01 6.725473777369934680e+01 5.131338175399822887e+01 7.146805281550176403e+01 7.362597444314717166e+01 5.316848556073716026e+01 7.362597444314717166e+01 7.628003567021261233e+01 6.569291540712086430e+01 8.037059938000312798e+01 9.590477291390141090e+01 8.262546222805863749e+01 9.949135411491151615e+01
7.223813987434836292e+01 5.269520088574237349e+01 5.414588940690893537e+01 3.410019607824922616e+01 4.828022889051742084e+01 6.831228352497794276e+01 7.525848561108945489e+01 5.568080548084614634e+01 4.161062739670057198e+01 5.269866816690122846e+01 7.233234287996654643e+01 6.145686634759134392e+01 4.127008312876949958e+01 4.862021772491273452e+01 3.178846080845228528e+01 2.465311232038808953e+01 3.295838363201266219e+01 4.462049601164452639e+01 4.656502725042953017e+01 4.244183314374735261e+01 4.786406686587229586e+01 3.095413373802908197e+01 5.182297782131183794e+01 6.699904031853763797e+01 6.396024307543365950e+01 4.709555578738011405e+01 4.417788610379542291e+01 5.974492069325221877e+01 6.191729611670025690e+01 4.833412859723983956e+01 6.733647108363103939e+01 5.585220958334260644e+01 7.416613717688400698e+01 7.779485688880726002e+01 7.569738494733546474e+01 7.092210173753858271e+01 8.105961782992487485e+01
8.029453373495343271e+01 7.165602640479775687e+01 5.624504588106925240e+01 3.622211745010189787e+01 5.038662542095799068e+01 7.052727177072127063e+01 7.525848561136238857e+01 5.568080548084616765e+01 4.869055354435731431e+01 6.837419253539863462e+01 8.040013583986306855e+01 6.145686634722297015e+01 6.145681983080852007e+01 6.084055560609142077e+01 4.773287144380696390e+01 3.386233127653191133e+01 2.543687796582485561e+01 2.601540142078573936e+01 2.659451309809438158e+01 2.717448022691265663e+01 2.775555092227081033e+01 2.833727632038139177e+01 4.088080886452537754e+01 5.627414481164743165e+01 5.284923878962185029e+01 3.541850032679495541e+01 3.741341427530586827e+01 3.953560681829576851e+01 4.170868656565888699e+01 4.423308949797630163e+01 4.713241111858534538e+01 5.050607084417093517e+01 5.397013419987229099e+01 5.759100089892248064e+01 6.139644651543687104e+01 8.161599186612285450e+01 9.600604668780937345e+01
8.211267596410293379e+01 6.866766278740615803e+01 3.911606748679113821e+01 3.953144067873691370e+01 5.261034627668823305e+01 7.227110514429064381e+01 8.331568778592213675e+01 7.525848561136238857e+01 5.757796203079029596e+01 7.643414454542933356e+01 9.004383687645255918e+01 7.554952932520858155e+01 6.172624767838714632e+01 5.341882404492447733e+01 4.850156965020332933e+01 2.819218834864628676e+01 4.728654602963994336e+01 4.660073621392925958e+01 4.080180339933639999e+01 4.138476303868459638e+01 4.786437071454157177e+01 4.844734558936217184e+01 2.916632957283338712e+01 4.604586634497297126e+01 3.268375680984505038e+01 5.284923878962185029e+01 5.762197701760623403e+01 5.383631888541547283e+01 5.600527178434346354e+01 6.443363768046688733e+01 5.187693388670970052e+01 7.070255118854360887e+01 7.416613717688400698e+01 7.779485689616980437e+01 8.161599187154952517e+01 6.902760108710288023e+01 7.578295525223967388e+01
7.363159979090360707e+01 5.330544949344334782e+01 4.149302443678903529e+01 5.847007658237336614e+01 4.588180384211926821e+01 6.570673118901463283e+01 8.218765711408821062e+01 8.515466304842594525e+01 7.143504826235796656e+01 8.515466304851736368e+01 7.496604550597868410e+01 6.471939700848092514e+01 4.755327028303077697e+01 3.316086754042326845e+01 3.106175504221681294e+01 4.841573915563618158e+01 4.257826243100114993e+01 6.287341935195844655e+01 6.104700318400780645e+01 6.162948086604201592e+01 5.440186253956629514e+01 3.425301697069594553e+01 4.928449442150383675e+01 3.000676051747719697e+01 4.668897661191904547e+01 5.852960376196401882e+01 7.100198255400056269e+01 7.401056529470633905e+01 7.619018540177081888e+01 8.041845681355684405e+01 7.206340756832045713e+01 6.047599851330738119e+01 7.476362225757205238e+01 9.495401116051898782e+01 9.760619979432262028e+01 8.073210457311790833e+01 9.600604715261540889e+01
6.232238679415818439e+01 5.067533474344702427e+01 4.441229816728584012e+01 6.460680209149617781e+01 6.570673118901463283e+01 5.384324244702575157e+01 6.541643573946281265e+01 8.546824549484887257e+01 9.080551457576203234e+01 8.088373649552364952e+01 6.073128057060506535e+01 4.645777350303009001e+01 3.626157869287413860e+01 5.348763873132253366e+01 5.139110218306581856e+01 4.768131737268254255e+01 6.287099414514660367e+01 7.128555663861821756e+01 7.393266656106510482e+01 5.978582198800796732e+01 3.963902163896903375e+01 5.440186253956629514e+01 5.847623900450223289e+01 5.013318732758177276e+01 3.089068004767050724e+01 4.250956075561372671e+01 6.266283937082984323e+01 7.445269777315050419e+01 8.279084731959632393e+01 8.770040679194019617e+01 8.902687819520856749e+01 8.067725025245164261e+01 7.213962143384009096e+01 8.382005288299268386e+01 1.039781521379685927e+02 1.009211894211890979e+02 1.092476035490459907e+02
