LEM/sinusoidal_perturbations/elevation_000858.asc
nrows	100
cellsize	150.0
xllcorner	0
ncols	100
yllcorner	0
NODATA_value	-9999
[rows 34 to 50 of 100, columns 0 to 36 of 100]
2.064481644892168701e-03 2.000206448164453832e+01 1.998421464175953588e+01 3.671551313591162824e+01 3.843869239247636216e+01 5.844651570101616045e+01 6.633853628643926470e+01 6.639629423474714542e+01 5.811830183996336530e+01 6.639629423478882586e+01 7.500271116633801682e+01 8.318392348855803675e+01 7.491144343087364632e+01 6.426226040768091252e+01 6.536414963601551165e+01 7.948199203931267220e+01 8.384162066984326600e+01 7.553796821090600133e+01 7.814382591108044096e+01 8.645805220815171310e+01 8.337661164903519762e+01 9.097577115188096286e+01 8.401967449790507203e+01 6.582505260935775482e+01 6.416194313603695321e+01 6.416194313603695321e+01 8.652080352467737612e+01 9.887143911106507232e+01 7.918609904946499967e+01 7.810089184311168253e+01 8.065614512673064951e+01 1.003397410316368052e+02 9.179293557162149853e+01 8.194507321612211115e+01 7.376689131149748846e+01 6.723379575387809837e+01 5.803035354762472053e+01
2.905961989428186391e-03 4.173194243130941672e+00 8.437208570243187822e+00 1.843721009557120283e+01 3.843869239247636216e+01 5.000063602129822016e+01 4.632877672740045227e+01 6.633853628643926470e+01 6.478212212325668418e+01 7.306739855935833816e+01 8.718731304473178056e+01 6.716991836349281186e+01 5.489079867388134204e+01 5.010210100017287971e+01 5.120569477997813124e+01 7.122349605964943464e+01 7.228564844482406215e+01 5.551712271441216728e+01 5.811390617971073169e+01 7.814382591108044096e+01 8.495400276215902124e+01 9.323780427478516231e+01 9.657210681381700113e+01 8.804015355752375172e+01 8.652080352467736191e+01 8.652080352467737612e+01 9.508213169459811809e+01 1.070029752942971442e+02 9.311057535343975644e+01 9.202571840240644008e+01 1.003397410316368052e+02 1.084696349798100101e+02 9.964417766155966660e+01 9.146759467636269392e+01 7.482749449534065889e+01 5.522310252659857355e+01 4.128504633519673206e+01
3.542675937824442140e-03 2.000354267593747082e+01 2.843795154061449182e+01 1.660217447880478403e+01 2.292673013543444682e+01 2.999780021493424442e+01 5.000063602129822016e+01 6.153854969414127396e+01 4.482760151791158165e+01 6.153854969414127396e+01 7.398236203147520484e+01 6.716991844048776272e+01 4.713279913853961034e+01 3.850549465032507612e+01 5.856465564328350837e+01 6.410398987774976831e+01 5.579791121460574033e+01 4.393692242320366148e+01 5.811390617971073169e+01 7.814382591108044096e+01 6.489004486508613923e+01 8.166487995484882845e+01 8.047620853588529144e+01 8.269535438796005167e+01 9.136040628186545121e+01 8.988553129594824043e+01 9.852081594773879658e+01 1.111059036529056385e+02 1.127793945257079855e+02 1.116969071508042788e+02 1.011682354188709354e+02 9.298982340520582568e+01 8.604899960950352522e+01 7.183256329841059085e+01 7.692909940087172060e+01 5.732663182072857921e+01 4.345290326797854163e+01
3.411803931810562015e-03 1.414554742766288520e+01 3.414554742766358686e+01 3.660342985513071312e+01 4.292856560047762571e+01 5.000063602129822016e+01 5.829338223584580447e+01 5.326137428021071685e+01 3.320072296160032721e+01 5.326137428021071685e+01 5.399011521032976191e+01 6.837998975476713781e+01 5.300153668465301138e+01 3.294032081977818649e+01 5.300153674615457788e+01 4.891723318774599960e+01 3.573719043246118332e+01 5.579791121460574033e+01 7.228597919393126858e+01 7.267458365076826965e+01 5.323506679241806694e+01 7.267458364887048106e+01 6.072666458748912532e+01 6.221771320856999665e+01 7.537773525562019472e+01 6.936840937557420261e+01 8.988553129594791358e+01 9.015473233014158438e+01 1.111059036529056385e+02 1.043426712898821478e+02 8.467896194302208812e+01 7.335820911335740391e+01 6.642222373135078328e+01 6.050028576437944139e+01 7.296306967275283739e+01 6.526829809453141706e+01 4.564704116527425271e+01
3.327314952832964925e-03 8.947599224952067942e+00 2.049460460874478684e+01 4.049460460874549028e+01 5.680257631229528670e+01 4.844291147809442322e+01 5.680257631229528670e+01 4.616886298900659824e+01 2.571225023582496405e+01 3.378071890309319514e+01 5.399011521032975480e+01 6.009122944835009150e+01 4.004211733028053288e+01 2.846665081926920493e+01 4.272928131111487460e+01 2.886576488861759415e+01 4.891723318774599960e+01 6.410398987774976831e+01 7.332992440022991332e+01 6.436542352177140458e+01 4.418725985039360893e+01 6.125697137729573427e+01 4.647890568888438878e+01 5.053001749313841628e+01 5.506417046741592003e+01 7.537773525561978261e+01 7.340035007364404862e+01 8.516498610646064549e+01 1.060673010754977241e+02 1.125441513630485275e+02 1.011682354188709354e+02 9.298982340520582568e+01 8.604899960950352522e+01 7.296306967275283739e+01 5.333190322930767024e+01 4.980624643685331421e+01 5.854990546283080732e+01
6.779948344387334673e-03 2.000677994834403250e+01 3.723187047244427106e+01 4.877887585629614620e+01 4.673306291298801796e+01 2.832169148070059350e+01 4.098704424338737340e+01 3.252143803257914811e+01 1.833499172204162520e+01 3.378071890309319514e+01 5.399011521032975480e+01 5.778385531746575765e+01 4.662844652657062738e+01 3.868038915218636475e+01 2.272275349809044798e+01 4.272924186570210736e+01 5.722050743283337226e+01 6.127956430781640762e+01 5.319021625184152668e+01 5.319021625184138458e+01 3.746832698022425490e+01 4.107996762943975000e+01 6.028325923483725290e+01 6.966489711977627053e+01 7.509284287798345758e+01 6.331491966190506560e+01 8.369984698754124963e+01 1.026624072695763914e+02 1.147338422350413651e+02 1.080619598572986604e+02 8.838393355313959887e+01 7.705959810039794888e+01 6.828854307093492082e+01 6.134652376180330435e+01 7.296306958641392271e+01 5.530321904189803206e+01 7.385627801653873803e+01
9.516927588586143695e-04 1.414308731648993422e+01 3.414308731649063589e+01 3.887648151158192888e+01 3.835221504594421305e+01 1.839648597715111933e+01 2.781677696753403950e+01 1.078646422040879216e+01 3.252143803257914811e+01 4.705662384425247069e+01 4.430791129976096698e+01 4.409583463565772377e+01 3.051760780588771738e+01 1.878753810725562801e+01 2.051919207646000132e+01 4.053514730781226660e+01 4.509288213768405740e+01 4.111453407780600600e+01 4.899344755769443083e+01 3.303942270790354030e+01 5.319021625184200275e+01 5.888020457265143648e+01 6.241033343228520636e+01 7.075598376208463947e+01 8.498228030174774972e+01 8.369984698754133490e+01 9.231670773733469559e+01 1.034467490140344381e+02 1.117402160098595800e+02 1.162717975709136908e+02 1.048866247609687719e+02 9.608694628520541414e+01 8.791701294732719418e+01 7.267788176699554015e+01 8.087838889355678873e+01 6.128702412632526375e+01 8.087838891398720875e+01
1.945935296826602993e-03 2.000194593529647236e+01 3.169453995746099650e+01 1.807495385614084071e+01 2.501961250457043917e+01 2.083399461011014964e+01 7.772614211461202238e+00 8.997495361425857041e+00 2.900704081442290416e+01 3.201730073497987661e+01 1.371913228443142430e+01 3.428654022729637774e+01 1.687469764370221270e+01 3.651411882023757727e+01 4.053555321733134775e+01 2.311835181430246067e+01 2.499707048947437116e+01 2.690882628881235661e+01 2.886800870395051177e+01 3.207004172108105422e+01 3.531792486315801227e+01 3.866192630687153553e+01 4.216579339061213716e+01 6.241033343228563979e+01 6.437967586603559766e+01 8.544606391214173868e+01 8.923080349739514361e+01 8.334236606244645884e+01 1.034467490140344381e+02 1.058075459739610551e+02 9.739966760487655506e+01 1.058075459739610551e+02 1.004926944181298580e+02 9.231451819401162595e+01 8.779077010630078348e+01 6.823960364537582279e+01 8.779077010630078348e+01
5.600688922766023682e-03 1.872144963335845347e+01 2.216440624736582166e+01 3.843821868458843216e+00 4.983427633055227624e+00 6.128624301684205022e+00 2.616744297747246151e+01 2.900555599506655113e+01 1.073277141256818190e+01 1.198105665830300914e+01 1.726927576273070741e+01 1.531069070033843360e+01 3.464493733032603728e+01 2.061929292456743212e+01 4.059078098069040408e+01 4.319491317470850333e+01 4.509368491683125058e+01 4.111451466924055609e+01 4.899341929892154468e+01 3.595388238202814790e+01 5.550523136906994637e+01 5.888020457265143648e+01 6.241033343228563979e+01 4.757281554024481096e+01 6.783711297101035598e+01 7.914497509034018208e+01 6.905914668328490791e+01 8.334236606244645884e+01 1.034467490140344381e+02 9.550782276315855768e+01 7.667552946714930329e+01 9.550782276315855768e+01 8.881112158952966240e+01 9.709670168089733977e+01 9.594831533136434132e+01 7.950869828980580678e+01 9.594831533136434132e+01
8.215197286175309616e-03 1.124506341658071618e+00 2.242540330407968519e+00 2.143527407455957245e+01 2.494996126542419645e+01 1.507368412862455287e+01 3.429379005222536136e+01 2.071365409295735205e+01 3.075570087996444357e+01 3.201730073497987661e+01 1.845638948771845378e+01 2.247343892173256918e+01 3.959604938134071972e+01 4.059078098069040408e+01 2.474252108129020655e+01 4.482441513163485070e+01 5.760644535946586586e+01 6.127691911603263009e+01 6.445653550795402964e+01 5.612502524919312918e+01 4.385466133954482615e+01 6.404389368860162790e+01 7.618372534196335266e+01 6.191824965771541400e+01 5.399270749004222125e+01 5.892045507710729879e+01 7.324260478226631221e+01 9.339455753824063322e+01 8.457992472808575712e+01 7.611074221902981662e+01 6.659532220968425520e+01 8.554884304680247453e+01 6.881034040557163678e+01 8.554884304680247453e+01 9.709670168089733977e+01 9.910429060359986408e+01 1.072899734033922670e+02
2.613274238814250559e-03 2.000221105013982026e+01 2.227601762517468131e+01 1.638149470628595594e+01 3.609907998213075331e+01 2.661446619141834447e+01 4.318139813286124706e+01 2.828303070190898083e+01 4.840187995559267620e+01 4.508509693420376152e+01 2.361309589157193400e+01 3.959620545661537960e+01 4.765692328586285953e+01 5.316123047105726585e+01 4.482441512015130769e+01 2.914318201572610434e+01 4.926959645718994807e+01 6.235531014237231773e+01 7.136915162982377581e+01 7.236484981070351807e+01 6.404389368860162790e+01 5.338709219156877595e+01 7.354769120573757846e+01 8.212651305578783933e+01 6.833014796099834598e+01 7.324260478226631221e+01 7.544875646947414793e+01 9.559126193096768986e+01 7.611074221902981662e+01 5.649819022695621840e+01 6.787880780062927499e+01 6.784846113611904173e+01 5.729100129289353305e+01 6.881034040557163678e+01 8.881112158952966240e+01 1.013670630322136645e+02 9.305679915087763732e+01
7.532853315450405325e-03 1.415328437652878080e+01 3.419807383389645139e+01 3.619321718512083663e+01 4.424067751236675150e+01 4.643809022961556110e+01 5.461059066760381597e+01 3.832839167553831317e+01 5.673405548680065635e+01 4.508509693420376863e+01 3.908107601921152252e+01 3.320542814095419004e+01 4.800639463890643555e+01 6.818373059382544454e+01 5.760644489370857002e+01 4.926959645719382053e+01 3.386212240457714984e+01 4.286488210161571288e+01 5.714811504518777951e+01 7.728714634333408640e+01 8.185372862605663613e+01 6.766368302571325444e+01 6.766368302571325444e+01 8.775294355506653687e+01 8.850699108086776334e+01 9.339455753824063322e+01 9.559126193096768986e+01 9.069959369323869680e+01 6.867246900643064578e+01 5.557971006403136016e+01 4.864954464641673582e+01 4.790230771753778072e+01 6.784846105264918492e+01 7.929717392137310128e+01 9.083876624897639829e+01 9.133785221322212067e+01 7.300017111197996655e+01
6.101047412966256744e-03 2.000610104741260997e+01 3.089906881002543315e+01 3.722362413036265139e+01 4.550789537782485183e+01 5.445216728782416737e+01 6.680044728451426295e+01 5.847536823564703212e+01 6.680044728451426295e+01 6.548432371425792553e+01 5.958008565594963102e+01 5.391619952564806795e+01 4.451856827746897238e+01 6.470779529963959931e+01 6.682108465470123804e+01 4.541275738528364059e+01 3.780028426785494133e+01 5.788981881606053292e+01 7.136915162447029104e+01 8.286605504810626144e+01 9.118893998156647740e+01 8.775294355511637434e+01 8.775294355506653687e+01 9.604377422639988993e+01 9.173647254318545663e+01 8.315008804685690791e+01 8.275061171123799397e+01 9.118630163876237305e+01 8.406795823668980461e+01 7.419287438431510395e+01 6.209050260404186616e+01 4.214526096686766010e+01 5.105959647281124347e+01 6.256775422712732393e+01 8.255342511812685302e+01 8.302848513142882325e+01 6.294522694278870034e+01
6.842009524227352091e-03 5.352066847772738001e+00 1.089906881002507788e+01 1.722362413036194795e+01 2.616789604036126349e+01 4.031003166409271188e+01 6.031003166409341532e+01 7.114359012074217503e+01 6.289496101171727815e+01 6.399579381185466076e+01 7.224258475547497937e+01 7.304551006762788745e+01 5.619902602606223496e+01 7.304551006762788745e+01 7.003019670193880586e+01 5.401884790095283506e+01 4.197173587445489318e+01 5.083572883473886606e+01 6.647941511485403510e+01 6.260819599679144432e+01 7.276205461723061774e+01 8.709237925781005174e+01 1.071600211273013770e+02 9.120790042501437256e+01 7.972503529184008642e+01 6.231458019993111463e+01 6.212071813866327830e+01 7.932032686351224982e+01 7.896989720505735022e+01 7.292733024404230946e+01 5.296456706416645233e+01 3.885504257684615226e+01 5.881152493212713495e+01 7.625216364068299413e+01 7.775515975178106487e+01 6.945137824438717189e+01 5.580480281750450899e+01
1.934550753332892102e-03 2.000193455075297777e+01 3.089906881002543315e+01 3.722362413036265139e+01 4.550789537782485183e+01 5.445216728782416737e+01 6.039525629167930276e+01 5.961571274279101118e+01 4.290617272738843724e+01 4.400804059192397233e+01 5.814687887513033360e+01 7.811632357726091413e+01 7.633099028245300133e+01 8.466786484829614778e+01 7.822513714359686787e+01 5.842591815610625616e+01 6.676575000355614975e+01 4.817073610741813638e+01 5.300780291639518538e+01 7.273712552245235941e+01 9.118893998156647740e+01 1.012669382066278985e+02 9.092372613279695770e+01 7.891525286789897109e+01 6.191579150459041614e+01 5.053789642680768424e+01 5.023007972394125886e+01 7.012118299768802387e+01 5.909595054424569582e+01 5.909595054424569582e+01 5.145603301804148799e+01 3.572199185205995775e+01 4.930305742293258220e+01 6.588154712104913813e+01 6.370165469500781086e+01 4.940602238945323421e+01 6.945137824438717189e+01
4.364784840791047053e-03 2.000436478481100622e+01 3.621923621149485228e+01 4.450350734985654100e+01 4.153549070847156344e+01 4.471172684779129725e+01 3.955871400823283324e+01 5.135442871498553075e+01 3.137439869680418525e+01 5.134677014835144604e+01 5.813340279178983394e+01 6.628124499566965255e+01 6.701455471277712661e+01 8.665098775437087397e+01 8.877816672304534507e+01 8.030099689398754492e+01 8.124620734731824712e+01 7.194914641084368156e+01 7.273712552245335417e+01 8.108412106361838312e+01 8.792131067327898108e+01 9.622613058740171255e+01 8.233382750230910574e+01 6.150909404394334956e+01 4.974751277975546060e+01 4.153089842698477696e+01 4.108646256444765754e+01 6.064311442342457070e+01 5.736898447958170522e+01 3.913408313882897716e+01 3.143511305595039573e+01 3.341989677673362280e+01 5.357111083892831260e+01 4.895244787043333901e+01 4.370070627733293378e+01 6.370165469238951772e+01 7.775515336607658412e+01
5.219006137575642711e-03 2.000521900604356063e+01 1.621923621158445528e+01 2.713406064733971945e+01 2.256408473909875312e+01 1.963339028943668652e+01 3.011289869144978582e+01 3.804466116891680372e+01 2.562798970448747582e+01 4.551410587266661167e+01 3.819241256987412214e+01 4.713049779160059671e+01 6.123731581202490304e+01 8.096204322004233234e+01 7.748707681134789027e+01 8.532883533571056489e+01 7.958904339320505983e+01 7.177526611968599468e+01 6.933061476845061577e+01 7.714286032790424485e+01 6.784672501353513496e+01 8.464028677918346943e+01 8.371729978012730555e+01 7.891525286789897109e+01 6.809228149809095498e+01 4.810664164220116135e+01 3.390487193835728164e+01 5.222843043579266009e+01 4.687238335681780654e+01 2.909620049893565152e+01 4.810758563334578497e+01 5.241508389192141948e+01 3.626478234949142632e+01 3.831699801709244468e+01 5.835897547578224476e+01 6.893647005798801786e+01 7.913413441996520703e+01
