LEM/sinusoidal_perturbations/elevation_000342.asc
nrows	100
cellsize	150.0
xllcorner	0
ncols	100
yllcorner	0
NODATA_value	-9999
[rows 17 to 33 of 100, columns 37 to 73 of 100]
8.336778973644190671e+01 7.395688066809000816e+01 5.267687126778267270e+01 7.395688066809000816e+01 7.387501250854093371e+01 7.563358691194494554e+01 6.534902013818845035e+01 6.717862744481067239e+01 6.019374865710862110e+01 3.970497879967016530e+01 6.025617022389772615e+01 7.161663653363180515e+01 7.872891124518467620e+01 8.698182123479921302e+01 9.846567985316725924e+01 9.685464861945035864e+01 8.873814599443042539e+01 9.685464862094701743e+01 8.962687945646787568e+01 7.023046712863792607e+01 8.048762501402588043e+01 9.977877784892214663e+01 1.113409268097052518e+02 9.206792441411738537e+01 7.829378413577055085e+01 7.130781427985148468e+01 6.463752369432937428e+01 8.433409457167900314e+01 9.645382853492451147e+01 1.034410974393777991e+02 1.145603264382066158e+02 1.178967220918288632e+02 1.082407021580052771e+02 9.575579330174265635e+01 7.824659056528103918e+01 7.738395760730315942e+01 9.626993010278265217e+01
9.146728681160946905e+01 8.155249957328736343e+01 6.040025640707737153e+01 8.155249957328736343e+01 9.280981344060016625e+01 8.160196820419231756e+01 6.732003594610858954e+01 4.661388844645679086e+01 4.288658070070022177e+01 4.030301065840749430e+01 6.075723099766420887e+01 6.633021229669151353e+01 7.859377775532119870e+01 9.674157652517519068e+01 9.096746963233954375e+01 9.679424943985978302e+01 9.901055064455522370e+01 1.072922994876577434e+02 9.572673650284849600e+01 7.643729483485853393e+01 9.572673650284849600e+01 1.077476387519026559e+02 1.113409268097052518e+02 9.206792441411738537e+01 9.771285080548419444e+01 8.774598289027173337e+01 6.814611941944036744e+01 6.950860554876808806e+01 7.698978262174304632e+01 8.677908107929556536e+01 1.005879348233792143e+02 1.206013497868077025e+02 1.111713893816575194e+02 9.089944221088613574e+01 9.832814786611199054e+01 8.239233082547178810e+01 1.025833040592220300e+02
1.013037773301176401e+02 9.030048093073163784e+01 7.284493802428301024e+01 9.027404794277730105e+01 8.481394345331420936e+01 6.524891455343133373e+01 5.336344651546642126e+01 6.731253452346568622e+01 6.308208332287107112e+01 6.073310980253932456e+01 4.114542101309569944e+01 4.560887750889511949e+01 6.757679758319292773e+01 7.773087456684520191e+01 7.143697293797251291e+01 7.715732269379103059e+01 7.930432285953456528e+01 9.901055064455522370e+01 1.036882862416601654e+02 9.010236118010354289e+01 9.010236118010354289e+01 1.093051796868956274e+02 1.193349599629311655e+02 1.113409268097052518e+02 1.049255468913737559e+02 8.558955079466281290e+01 7.172712933629306065e+01 8.908217986202522809e+01 7.512080615982543463e+01 9.458830648927344953e+01 1.084156773354305585e+02 1.194609506564975447e+02 1.195565797947461277e+02 1.052208164638711452e+02 1.082224717224880095e+02 8.776902407211912305e+01 1.082513537189027488e+02
1.066240461198686518e+02 1.035199997682271089e+02 9.430329760862603905e+01 9.760115611057280205e+01 8.099772563025535987e+01 6.125774613986101969e+01 7.354447304579910849e+01 8.136994755443716087e+01 7.184169435390396075e+01 5.780695435826581274e+01 6.130867454866820054e+01 4.197408212756067769e+01 6.237582972161568051e+01 6.956805528961881180e+01 5.788160042656409843e+01 6.567761375995753781e+01 8.507012385593488091e+01 9.545660137141545931e+01 1.043293373533357311e+02 1.093051796868956274e+02 1.093051796868956274e+02 1.172742113032167453e+02 1.213071073988335371e+02 1.021064208825906547e+02 9.095231772005307391e+01 8.223883338529351761e+01 7.605086037230162788e+01 9.549626896917483521e+01 9.458830648927344953e+01 8.105488803751657656e+01 9.228952216531877184e+01 1.114936969024589928e+02 1.227672923609206066e+02 1.255731645240138903e+02 1.144605072651208104e+02 9.386707468661084874e+01 1.144605072651208104e+02
8.646753929034754549e+01 1.066277777347372080e+02 1.006134829835620508e+02 8.155132393431703974e+01 7.026876687994474935e+01 8.099772563025535987e+01 8.899294912751814479e+01 9.774335936415216963e+01 8.104394009864262216e+01 6.560586613471421913e+01 4.279224254421093576e+01 4.843178795917830115e+01 4.693285779106032152e+01 5.033165468840672929e+01 5.540094036936441313e+01 6.098027664126031056e+01 6.776404027345952841e+01 7.632541978140093875e+01 9.011194671149661417e+01 1.101310651908510465e+02 1.165544115241625889e+02 1.248194832197389275e+02 1.293227471599222156e+02 1.182117284844950547e+02 1.095915459155201717e+02 9.994069202285322717e+01 8.056790106950448660e+01 9.994069202284913445e+01 1.084156773332803709e+02 9.228972064738384518e+01 8.870843302765132421e+01 9.556784527819429798e+01 1.091732214626716200e+02 1.283836192329789583e+02 1.217684162836857382e+02 1.010985281903993780e+02 1.217684162836857382e+02
8.425608490863513111e+01 1.045637377598941526e+02 1.084524079767976446e+02 9.760115611057280205e+01 8.155495791665642002e+01 9.760115611057280205e+01 1.007348186016352969e+02 8.119624578015432803e+01 7.318818179073562646e+01 5.122089285289917626e+01 6.408020823472442373e+01 4.359397070902263494e+01 5.624115089906149478e+01 6.745481227534497748e+01 7.473668871785518775e+01 8.031984169238603499e+01 8.031984169238425864e+01 9.547372105827433586e+01 1.043293373533357311e+02 1.091430928044389788e+02 9.654769370290037500e+01 1.132775734811353487e+02 1.248194832197389275e+02 1.196431389988620566e+02 1.004484054093518068e+02 8.928533814151482773e+01 9.994069202285322717e+01 9.286481806242696280e+01 1.121165673800767735e+02 1.059248582805917351e+02 1.023702191300131830e+02 1.079975858133904865e+02 1.091732214626716200e+02 1.283836192329789583e+02 1.302398533788101815e+02 1.130531310287162512e+02 1.302398533788101815e+02
8.272189303067482058e+01 9.726369231047024755e+01 1.172134579868724984e+02 1.086713953266891224e+02 1.007195797816421816e+02 1.064575418854625610e+02 9.833742616359552358e+01 8.119977813138824274e+01 6.082231198110166304e+01 7.312017613411666161e+01 6.410388266099100463e+01 4.414977488538848149e+01 6.378565660817052674e+01 7.380701057257542175e+01 8.360131360485701180e+01 9.261052815456184817e+01 1.000455691812867229e+02 1.066515183797042283e+02 9.837093964555081982e+01 8.911716847689963572e+01 8.496172422136092450e+01 9.654769370290037500e+01 1.165544115241625889e+02 1.276492678643049032e+02 1.165445622679275601e+02 9.896180151351263987e+01 1.165445622679275886e+02 1.064937170340859183e+02 1.201079276616918321e+02 1.251295030450266381e+02 1.215832507808468392e+02 1.272357689383065491e+02 1.283836192329789583e+02 1.364560465924302264e+02 1.420969378705523241e+02 1.336737173432019290e+02 1.320283418481387798e+02
1.031068433940057361e+02 1.112580272229667315e+02 1.071832095163276648e+02 1.152685872757886045e+02 1.122313338190487002e+02 9.258233376294799655e+01 7.885299215989330435e+01 7.142577605323629086e+01 8.115551411263588477e+01 6.741521948521661045e+01 4.709456370136681613e+01 4.469460809611031493e+01 4.736161835810415965e+01 5.433792904752474584e+01 6.413041594661238776e+01 7.859080992521677445e+01 9.836135765911704709e+01 9.509215832061627793e+01 7.833698444855657783e+01 7.494997449910469811e+01 9.498262591290846046e+01 1.053139745596010215e+02 1.135878093210821760e+02 1.235935745253093501e+02 1.261608934393740071e+02 1.181603072743576917e+02 1.261608934393740071e+02 1.256913289441633736e+02 1.260396817949129371e+02 1.239633039557974570e+02 1.280122482395990744e+02 1.200889792922436357e+02 1.280122482395990744e+02 1.364734570347925739e+02 1.475127694346706448e+02 1.387115875147662223e+02 1.240049552527485872e+02
9.309479197677021034e+01 1.011805564239687101e+02 8.766977213127334778e+01 1.040013350655044775e+02 1.137598802506160069e+02 1.064575418851542423e+02 9.833742616359546673e+01 8.898698852548571381e+01 7.392408295459712519e+01 5.336103516465098551e+01 6.706364002987355377e+01 6.454119598168362870e+01 4.545158188163311763e+01 6.545553866246081043e+01 8.338605031681728974e+01 9.260677511064398004e+01 8.980892182142773095e+01 8.150897391170219919e+01 6.664105855201731288e+01 7.255538771983047752e+01 7.860056681984559646e+01 8.524505611040035546e+01 9.529299681792129206e+01 1.153349523012807509e+02 1.312290890856813519e+02 1.232786477055458079e+02 1.312290890857945840e+02 1.260396817949402504e+02 1.072546583457532989e+02 1.052086689660403209e+02 1.112680268201640246e+02 1.013769133636482422e+02 1.097167654837321038e+02 1.204720869437899324e+02 1.394196669492840499e+02 1.306414445830336888e+02 1.116202458707444691e+02
7.344194888318754977e+01 8.669240825713352194e+01 7.634860657108515625e+01 8.616277521939782957e+01 1.056716352182260863e+02 1.055598370746519947e+02 9.470923913844923447e+01 7.530651683471084823e+01 6.101083113489558940e+01 7.392212840609573732e+01 7.982624440568045543e+01 6.594879806490993701e+01 4.597564714768816430e+01 6.008109255842808238e+01 7.996661093193789327e+01 8.502198252008987822e+01 7.669563709307053045e+01 6.108698539303956210e+01 7.145816872656219232e+01 8.569514591945201687e+01 9.862433507653406650e+01 1.053139745596010215e+02 1.135878093210821760e+02 1.235935745252966740e+02 1.217920908159174047e+02 1.045372272052343021e+02 1.217920908165630607e+02 1.223227404681377948e+02 1.107017407325437404e+02 9.197805055120757345e+01 9.254594013102291683e+01 1.112680268201640246e+02 1.176270783198882697e+02 1.242419108772803611e+02 1.321957940164795104e+02 1.387115875147662223e+02 1.291333518208015505e+02
6.179807187017336645e+01 6.691572336212313132e+01 7.842607915056740353e+01 9.798442381274571744e+01 1.137582205996943543e+02 9.758330129683911025e+01 7.831556612767771242e+01 7.020109160504306089e+01 8.098944262400434013e+01 8.892224972100352431e+01 7.513920328006240368e+01 5.352543360652377658e+01 4.648858156480245185e+01 6.641042616620305239e+01 7.140924837105926315e+01 7.223262688889246874e+01 5.600150091522218787e+01 6.656914601727962122e+01 8.094948698240278873e+01 9.984528195112864069e+01 1.139954179828052077e+02 1.211669658180367435e+02 1.292917402827409319e+02 1.261194494856429742e+02 1.072875960358614549e+02 9.518278420931463302e+01 1.139079374553900124e+02 1.144351580346514510e+02 9.571101139899623433e+01 8.486830735426090655e+01 8.805576673171047730e+01 9.327081370223397982e+01 9.892752843935349460e+01 1.055323390462984179e+02 1.162742230620520161e+02 1.351259748423064195e+02 1.387115875147662223e+02
8.174822721692186178e+01 8.669240825713352194e+01 9.478307518679905286e+01 1.060677331967443422e+02 1.132047178528236628e+02 9.407264417570580406e+01 8.971738201324494355e+01 8.971738201324492934e+01 9.002519497404983895e+01 8.208561782479424096e+01 7.193535023180515964e+01 5.163546085295616450e+01 6.626832674081400398e+01 4.719800967761745625e+01 5.044962645703092363e+01 5.154628790897538693e+01 6.360986593752733143e+01 8.401153739921760177e+01 9.511417391949922262e+01 1.092788608565957134e+02 1.181886820593034315e+02 1.020949130509062286e+02 1.181886820593034315e+02 1.205523251211011200e+02 1.017931653475503140e+02 8.853745014530446156e+01 1.072875960358614407e+02 1.138612896350454520e+02 9.971377475582542615e+01 8.092966133109558768e+01 9.971377475582542615e+01 1.119889518924093323e+02 1.176270783198882697e+02 1.242419108772803611e+02 1.321957940164795104e+02 1.431800531557380793e+02 1.456924947453474317e+02
6.421428069891281609e+01 7.834558035049538205e+01 9.795284774990464882e+01 1.078688900255413898e+02 1.176332276853726455e+02 1.132047178528236628e+02 1.089206514058883215e+02 9.688511664195571882e+01 8.208561782479424096e+01 6.209322283180785007e+01 5.750921100377984629e+01 7.166750266470242536e+01 7.414944308663979200e+01 6.597364538387596156e+01 4.788790066750499363e+01 6.224951494071387259e+01 8.059643948800182045e+01 9.231544173347738536e+01 1.106079120945524323e+02 1.187457807509052969e+02 1.101557110189352642e+02 9.122650831516696712e+01 1.101557110189352642e+02 1.164168906062501208e+02 1.022764087591121012e+02 8.349367868416207727e+01 1.022764087591121012e+02 1.005449033546550339e+02 8.722851759540256467e+01 7.790925859109701435e+01 9.125129203997531135e+01 1.100037016234020371e+02 1.224782581087238640e+02 1.280540779690538500e+02 1.274763408424901598e+02 1.354598099324865927e+02 1.326517995138607944e+02
8.408841601124439080e+01 7.322988805578087579e+01 8.024040627478727572e+01 9.001551019312491064e+01 1.095489426834248690e+02 1.149132671946209143e+02 1.054332065930888547e+02 8.899894839570538352e+01 6.944505360011410744e+01 8.208561782479424096e+01 7.770844394562672619e+01 8.486572853533958494e+01 6.883255233817693863e+01 4.858027850572972994e+01 6.807812549577005257e+01 7.658057122899990077e+01 9.093545230873586149e+01 1.075656705772075696e+02 9.136021555724678933e+01 1.075656705772075696e+02 1.034632272217906035e+02 8.459946861071024671e+01 1.034632272217906035e+02 1.085520377314270490e+02 8.979200464763790990e+01 7.887379321245046526e+01 9.771801712165564879e+01 9.268689427945622583e+01 7.376579237337431039e+01 9.272821951164075926e+01 1.045631248862674028e+02 1.170709619505626051e+02 1.037163903057104051e+02 1.092116141574875314e+02 1.086848810851575280e+02 1.245289910032729352e+02 1.138273762053838567e+02
9.456818482351485500e+01 9.287314966110986347e+01 9.978222643827494664e+01 1.078688900255413898e+02 1.176332276853726455e+02 1.070486936827615807e+02 8.809960664500978567e+01 7.839943010944411128e+01 8.340966275239185279e+01 9.687043180568797140e+01 9.133725841217508901e+01 8.000748504165341046e+01 6.940393217762502331e+01 4.906865231713842235e+01 6.093866445422592903e+01 7.528358404103681778e+01 9.467583974040910277e+01 9.949524931745872891e+01 8.045505458705999047e+01 9.949524931745872891e+01 9.777558999917341964e+01 7.890024158458928127e+01 9.777558999917341964e+01 1.069875904499049142e+02 8.819914255640367173e+01 7.473342474032016014e+01 8.843642989620121853e+01 8.693019295430620730e+01 7.093221066330386293e+01 9.004880099135851879e+01 9.619185021004055614e+01 9.882370176193019518e+01 9.047296741307087586e+01 1.047783661803043458e+02 9.789221290328086411e+01 1.122746434301674299e+02 1.006453059782724182e+02
9.838277364028681404e+01 9.017499825895929177e+01 9.017499825895930599e+01 9.838277364047941376e+01 1.099198722367519423e+02 1.149132671946209143e+02 1.054332065930888547e+02 8.957121686209434586e+01 1.024722075744375474e+02 9.605919568295821875e+01 8.337967221652471039e+01 6.355415573081386071e+01 5.158405382247062931e+01 4.956129280619177990e+01 6.997967196332527351e+01 7.080979126102810994e+01 9.048079110032384165e+01 8.436549790994173748e+01 7.398496689338715271e+01 9.276352391297010058e+01 9.273094094036191848e+01 7.370575358445019276e+01 8.997655494041693203e+01 1.038638686495983308e+02 1.013007015953897678e+02 8.841924292834669075e+01 6.920226325670290635e+01 6.814347104024419366e+01 8.744117342400585358e+01 7.469234702445341156e+01 7.734514659612531773e+01 8.002852226957243431e+01 8.279155248253773891e+01 8.602152034884673526e+01 8.971184436217806990e+01 9.355452922635338098e+01 1.019364203818298336e+02
8.668148188132225584e+01 6.972057949925979869e+01 6.972057949925979869e+01 8.165986756370402588e+01 1.018068831052225676e+02 1.139302673648539468e+02 1.163741707283660958e+02 1.085058549154375953e+02 9.771451399949563665e+01 8.811191163259111647e+01 6.850950989592860196e+01 5.606518522636989132e+01 7.204061342565222503e+01 6.997968015569372824e+01 5.029178305127699389e+01 7.081091194509242825e+01 7.973890781488394452e+01 6.596837348261703937e+01 7.992649457022356785e+01 8.735432656393582818e+01 8.195692508540896881e+01 6.882253107512117651e+01 8.805773860499762407e+01 8.079355051258841058e+01 9.198506077218161181e+01 8.434484707995611075e+01 6.535029053345975569e+01 8.486249344309773335e+01 9.526683685711937244e+01 9.362687916268974675e+01 9.619185021004055614e+01 9.333110078606230786e+01 9.047296741307087586e+01 1.047783661803043458e+02 1.084534161196698108e+02 1.067812632856346369e+02 1.201404938769672697e+02
