LEM/sinusoidal_perturbations/elevation_000567.asc
nrows	100
cellsize	150.0
xllcorner	0
ncols	100
yllcorner	0
NODATA_value	-9999
[rows 17 to 33 of 100, columns 0 to 36 of 100]
5.222468517465790779e-03 7.076290280382971254e+00 1.602056219038228591e+01 3.016269781482589707e+01 5.016269907840715092e+01 6.307363342560212516e+01 7.134051502176470194e+01 6.417952534582451563e+01 4.998714017708899604e+01 6.417952529312583465e+01 7.820332376386652129e+01 8.648420217468022031e+01 7.298778713854048306e+01 6.401449231821908370e+01 7.298778713854048306e+01 7.024965467006703079e+01 5.138873006827729029e+01 4.035056939631313355e+01 5.062356278330567960e+01 3.642665998774438663e+01 3.980062940050110853e+01 1.919764271907061115e+01 3.982103668369314420e+01 5.264401963985046962e+01 4.480940314952766812e+01 2.966135786184359446e+01 4.962011611967083269e+01 6.250162297043856086e+01 6.781482134204965462e+01 5.955557148554564151e+01 4.501127397521748463e+01 2.959774892696945514e+01 1.974442225423234376e+01 4.249654418991146088e+01 5.783711587701054668e+01 6.587456725391936629e+01 5.894639426447829322e+01
7.333276091007126865e-03 2.000733327609065171e+01 3.536057451673565311e+01 4.430486734196003340e+01 5.152951760476258158e+01 4.307863829544831447e+01 5.731003555231377788e+01 6.557863984227333276e+01 6.860661236270249219e+01 7.262488153435079141e+01 6.408291512162145409e+01 7.325647376570795188e+01 6.214218659768792463e+01 4.231179638463085979e+01 6.214218659768792463e+01 7.823484326475673356e+01 6.417536912429810059e+01 4.501022080221290622e+01 3.098496768407862945e+01 2.525901851604497494e+01 1.972507825093174105e+01 1.598900133717825867e+01 3.657908741472839154e+01 4.024722271715107524e+01 2.456104356529264621e+01 4.480940314952766812e+01 5.746578444839407496e+01 6.255392057973908493e+01 5.625064218381226766e+01 3.949056573998684172e+01 3.900592212794427383e+01 1.792388872897507213e+01 3.814513804367732064e+01 4.273179840875218360e+01 3.844578669525821368e+01 5.117383308239911344e+01 3.920666999926883989e+01
6.343274376862209282e-03 1.414847889810793724e+01 3.414847889810864245e+01 4.563909772899979345e+01 3.147554329505397774e+01 3.147554329505397774e+01 3.728596281610761309e+01 5.731003555231377788e+01 7.192966845669522513e+01 6.150367712809519816e+01 4.170432689770287027e+01 6.152039547698515776e+01 5.316314435142498240e+01 3.250812766676562404e+01 5.316314377148940196e+01 6.169198415548991932e+01 5.326279708445625261e+01 5.117063160760584850e+01 4.200664787171247383e+01 3.775721847987782809e+01 2.981929258343845746e+01 1.292485841336782393e+01 3.340349956093942296e+01 1.982873487379234945e+01 4.024722017406093499e+01 5.271666203154227759e+01 6.056897630603192795e+01 4.262653317513243678e+01 4.265568104271525129e+01 2.786585553026805684e+01 3.526202926578765329e+01 1.664734078421267682e+01 2.062080979023260952e+01 2.440749942993133459e+01 2.810910613850423800e+01 3.211980812073907288e+01 5.120383740130598937e+01
3.497053469895897767e-03 2.000349705346954110e+01 2.713728701651486475e+01 3.099418530376091496e+01 1.725288237613231956e+01 2.305340052786427307e+01 3.206573897252783922e+01 4.367370859518583615e+01 6.365634242582803637e+01 5.251228522135420462e+01 3.172224446205227721e+01 4.193773042010858632e+01 4.627813869974244909e+01 2.655090396522841800e+01 4.627813869920233003e+01 5.024737569807188464e+01 3.365853260239052247e+01 3.745231612053740378e+01 1.926505550755239682e+01 2.517303749099831833e+01 9.434420854922056066e+00 1.233909055132382981e+01 1.534980134181098066e+01 3.576849226526219638e+01 3.061382268246767069e+01 3.899107159699129710e+01 4.762479404722282794e+01 3.255091948276979252e+01 2.249797171355693592e+01 3.363070799178729686e+01 1.493768549208541430e+01 1.915674560647666524e+01 3.746475806455255508e+01 4.281424683950932319e+01 4.673708464687964437e+01 5.120383740130628070e+01 5.955000406491013365e+01
9.635555453094322986e-03 3.545169461385839327e+00 7.137275501921353182e+00 1.091723914202098200e+01 2.511497578039607603e+01 4.315087793356974544e+01 5.143230132895867968e+01 6.039142956600623080e+01 5.532081383007328412e+01 4.644652369476899878e+01 4.193773042010858632e+01 2.271104552941828914e+01 3.362681144874284911e+01 2.163059856036889883e+01 4.058337657486013939e+01 4.194426958824153928e+01 2.327151549016335252e+01 2.728774462698371295e+01 6.666369678871382654e+00 6.830328058630107613e+00 2.642202721855624148e+01 2.860673125109719095e+01 2.807133246538768034e+01 2.815761787019688001e+01 1.189161167971499644e+01 3.052545639527471621e+01 2.966007720426194183e+01 3.095729945713929254e+01 1.228637841162573174e+01 1.334395929809093673e+01 3.368743473664444110e+01 3.187707900479342982e+01 2.508240898317200873e+01 3.272782147553492393e+01 4.187592216082911278e+01 5.536846593025584440e+01 7.608696950773450851e+01
8.845047570523793118e-03 2.000884504757016913e+01 2.713728701651486475e+01 2.228195387650429637e+01 3.847191339835703161e+01 5.346805555711440405e+01 6.262557847178498349e+01 5.356776242799573140e+01 4.274884042553573238e+01 2.607644072667786261e+01 3.717133153231246467e+01 2.890874487432844830e+01 1.555291846848533410e+01 3.362681144874090933e+01 4.845325254829146644e+01 4.256550200710017862e+01 3.005672696273630606e+01 1.298243723923392778e+01 6.403042026868747350e+00 2.047902686540423289e+01 7.272085037034495159e+00 7.580903605689669256e+00 7.885555306309417034e+00 8.188151749965799198e+00 8.487487699219069981e+00 2.748545493391342021e+01 2.593804903471361101e+01 1.092461108061251629e+01 3.104527814686225540e+01 2.513957577542142374e+01 4.174355491236206461e+01 4.986452645979805709e+01 4.358645476892699833e+01 3.227184899935669193e+01 5.141995256109252921e+01 7.027868372849872003e+01 8.240163216502230625e+01
8.023991185656003874e-03 1.415015961491673124e+01 3.415015961491987895e+01 4.092815997486331980e+01 4.887471429508100584e+01 5.597302630875713447e+01 4.067506194999786828e+01 4.392352393350500961e+01 2.210338859972370074e+01 1.655280556243436152e+01 2.529039709349809328e+01 1.114379636179766031e+01 2.856218400806483615e+01 3.982897738078329297e+01 3.862779777364209366e+01 2.540681692302401018e+01 9.116201018816521895e+00 5.953421960783338740e+00 2.377768236451477080e+01 2.416286517303654335e+01 1.252268373401215307e+01 1.438329190928218537e+01 1.739027895069930096e+01 2.769112878052666815e+01 2.850028714774134997e+01 8.903213553030440153e+00 9.759161157767652028e+00 2.192157164369982780e+01 1.874435765542244070e+01 3.870915264694632896e+01 4.479181632055308171e+01 6.411325919790911598e+01 5.972140462248812298e+01 4.049988042054954462e+01 4.559540979311289277e+01 6.548164270822687172e+01 7.469067753378173791e+01
4.598823041778624977e-03 1.414673284355433580e+01 3.414611967171110507e+01 4.729391592465396599e+01 5.046502001008041560e+01 4.628083644618326531e+01 2.522677732266567929e+01 3.304000314557345774e+01 2.537254126862069015e+01 9.046789788613454064e+00 6.650160536699768699e+00 1.987258431434463901e+01 2.307465404239825446e+01 2.417004565964077401e+01 1.884769344481972198e+01 2.483067633316640510e+01 5.477752663948712630e+00 1.737473453859194095e+01 3.280810656642108825e+01 3.644433130681589006e+01 1.925341797415346790e+01 3.423190705330531358e+01 3.651983951454873534e+01 4.185777919845887141e+01 3.309472088690527869e+01 2.776827412379279281e+01 9.331937841620788987e+00 3.027546420277548123e+01 3.869888194293047690e+01 2.766107879304573558e+01 4.759676344844947238e+01 6.602297536349296081e+01 6.883095645548930008e+01 5.179105062638171120e+01 6.548164270784599239e+01 7.384740057920245704e+01 8.248254371484017611e+01
7.340434288523949372e-03 1.999307657544412464e+01 3.561458227601745818e+01 3.111150735822742064e+01 3.550230402392812579e+01 4.401080635246878359e+01 3.306445537140353963e+01 1.161256652634203057e+01 5.180207525904734212e+00 3.032017979903472771e+00 3.341697919442208065e+00 3.650200356743937391e+00 3.957753419420099839e+00 4.274666975813640413e+00 4.611725623602574764e+00 4.970283506290138931e+00 2.487997899065186047e+01 3.276325216856532307e+01 4.397201679226791526e+01 5.063516691009927939e+01 3.536163624844036946e+01 4.198045422954903927e+01 5.405850458688344418e+01 3.609779500372744820e+01 2.232377416221693522e+01 2.874148821870608472e+01 9.644100891087925120e+00 1.031085072733745989e+01 4.573981786686787387e+01 4.759657420480652235e+01 3.835990373332224834e+01 5.239449990735478480e+01 7.188622373065264526e+01 7.237576374058308204e+01 8.102394732710102687e+01 8.066091368810995732e+01 7.360872133212257040e+01
3.515918393995972821e-03 1.107534038173074364e+01 2.552107550841732930e+01 1.755617438539347575e+01 3.047025824823838391e+01 2.014192562286343957e+01 2.469855091092981425e+01 2.237149781497424428e+01 2.596786657746612992e+00 2.168056408026358994e+01 2.592961865570058322e+01 2.329312631939427547e+01 5.011008572932424521e+00 2.152500891572872277e+01 2.460311476237399830e+01 6.026215402861771153e+00 8.537572529066094873e+00 2.854876788885399108e+01 4.117123328696238360e+01 5.554383085298561440e+01 5.803755720278748953e+01 6.407504347953795332e+01 5.407749785128185493e+01 3.609951802146616018e+01 3.171687558495766623e+01 1.214448563678105941e+01 9.975009895549424854e+00 2.981319385866348171e+01 2.712525515727771008e+01 4.714779148375172468e+01 5.805758215064603434e+01 5.772087347158995385e+01 7.562723679463448434e+01 7.588628636747088763e+01 8.148308078328408044e+01 7.164201930956740227e+01 5.801650357799316993e+01
4.608085242692564441e-03 1.803865421639364186e+01 1.899189381817156175e+01 9.740728369478667048e+00 1.309848051887138487e+00 1.601107559715201356e+00 1.887810860947080505e+00 2.174588823602481735e+00 2.140802772017375943e+01 2.296250330549035823e+01 3.089075615292119181e+01 1.156849526525241600e+01 2.747576336809057196e+01 3.016452933138491233e+01 1.050230994124619599e+01 2.567553155823566513e+01 2.854876793512842070e+01 1.276819840098703551e+01 2.699313476317513150e+01 4.581042957295395013e+01 5.582561704645024747e+01 6.996848810579888323e+01 6.135878331570325628e+01 5.407703995160663624e+01 4.119443487639163948e+01 3.206296135791244239e+01 3.005774607214591043e+01 1.042770098607620710e+01 3.049151061931057427e+01 3.469630661078306844e+01 4.057447707943411785e+01 5.036993577076504636e+01 6.207933054816103180e+01 5.134882452116882945e+01 6.925590248839213814e+01 7.866268298302691164e+01 5.983272584334321209e+01
1.610643649003322799e-03 2.985022910716771394e-01 5.954276928699654414e-01 8.924544753093365257e-01 2.414404719848002756e+00 1.111934948132468293e+01 1.274855481805028568e+01 3.667186559794467726e+00 2.510379981912932124e+01 3.604985856347228435e+01 3.897978298345417869e+01 3.355183645746935639e+01 1.973931763548771201e+01 3.409795217176571924e+01 1.404435284155005448e+01 3.409955080333336497e+01 4.117125929762471515e+01 3.286787780170779172e+01 1.742259351225087372e+01 2.749993407209241880e+01 4.168619524119190345e+01 6.101381483019029162e+01 7.184403595531532005e+01 5.712397862855761588e+01 3.750267823865657846e+01 2.341721687892241022e+01 1.776323234211857383e+01 3.041931228242960117e+01 1.084294471112513314e+01 1.106464573195552958e+01 2.093982115049485415e+01 4.053603361735508770e+01 4.127411184115798193e+01 3.835283153955889190e+01 5.654381017674457155e+01 7.852471914678997678e+01 6.568545751934378529e+01
2.022278438842990342e-03 1.999295052028809749e+01 2.116445716620669870e+01 2.119066390672680456e+01 3.337205578253054306e+00 7.292731185450411324e+00 1.671602123465627088e+01 1.418718992226655295e+01 9.568152958271870290e+00 3.121020064724099896e+01 4.583174817902965259e+01 4.532402289295590947e+01 2.525233166964551401e+01 4.235262336097717650e+01 3.409955080333763533e+01 1.961437486324688351e+01 3.965890251310354842e+01 4.581043356830053881e+01 3.752059738235547570e+01 2.272180254293025214e+01 3.276646679099471982e+01 5.273835792572529613e+01 6.381562864044607153e+01 4.427008106090074335e+01 3.284692123571934985e+01 4.323889892413265557e+01 3.722025684855440630e+01 3.869958470122443117e+01 3.080619669645267322e+01 1.124181084120081486e+01 2.284125811361062475e+01 3.777593025272916094e+01 2.831395696664451123e+01 4.127065869057098979e+01 6.198885168224079223e+01 7.792552508121008259e+01 6.553747892522216034e+01
6.642187732006160465e-03 2.000664218773165004e+01 3.644849943069515064e+01 3.780617802166802477e+01 2.858208522081650216e+01 2.767107313604673635e+01 1.429599581967508648e+01 2.997915276012994923e+01 3.121042737944815926e+01 1.732612409270531373e+01 3.787805127686245754e+01 5.043644684748944940e+01 3.063613324456741793e+01 5.043644684748944940e+01 4.374388778986484283e+01 2.373162872086750497e+01 4.374388778986484283e+01 5.960115706169703742e+01 4.680113715188184642e+01 2.683653431618432350e+01 4.680113715188184642e+01 6.101381547341311773e+01 6.633109639911278066e+01 4.681481499041428407e+01 5.251562316559544286e+01 4.957929997599430294e+01 4.252946141077852360e+01 3.091309386581421137e+01 1.168328013071770144e+01 2.912527362020355781e+01 1.730972963968757483e+01 2.147144264755900522e+01 2.974219405137283445e+01 4.253544481001894439e+01 6.299470691205958417e+01 5.642815979854035646e+01 6.786938496991646730e+01
1.591255364720534126e-03 8.166557064630177720e+00 1.971356234930670936e+01 3.971328179973369288e+01 4.132100984168214808e+01 2.311994515647300474e+01 3.159065612119600885e+01 3.952456631874194670e+01 2.638091864188249502e+01 2.971560053859797890e+01 4.583516958485558490e+01 5.614186910316644941e+01 3.637770665223284539e+01 5.614186910316644941e+01 5.129829609654663614e+01 3.131121041485768330e+01 3.131121041485767975e+01 5.129829609727534745e+01 5.110954848900014014e+01 3.121811982640041805e+01 5.110954848900014014e+01 6.672353938848814892e+01 7.435922136748466471e+01 6.633109636480898530e+01 5.584030268474041492e+01 3.631178697122255983e+01 2.533844160792865807e+01 2.736727258804698693e+01 1.200415800546968015e+01 1.305088881277782953e+01 2.601964789453992921e+01 3.853361614801323043e+01 4.743841190151721321e+01 5.711730463954145165e+01 5.583277516730755252e+01 3.764206113419709254e+01 5.556669516321652225e+01
6.189296070378335485e-03 2.000618929607002272e+01 3.645007759546248138e+01 4.798686676483482216e+01 4.946423420992516640e+01 3.322067097858376883e+01 4.946630727596035371e+01 5.155455341280499937e+01 3.249868783445359810e+01 4.902816621108300410e+01 5.695601685573520001e+01 6.274663755587198466e+01 4.293233219775552811e+01 6.274663755587198466e+01 5.960115685434129773e+01 4.129180778376661465e+01 3.733083442507646765e+01 5.732752522922159955e+01 5.936181533325821391e+01 4.271499831861563479e+01 3.874693078573989169e+01 5.216513789664509204e+01 7.087978007983709006e+01 7.012455911406152609e+01 4.567476704006763555e+01 2.876253718628855083e+01 1.269386429486724666e+01 1.246637204992229897e+01 3.191383942335172108e+01 3.479702516488652719e+01 3.997656321225628773e+01 4.844869103829427814e+01 5.087931484815092631e+01 5.029618233410056405e+01 4.492920549163171984e+01 2.681034906348400781e+01 4.698644853976179547e+01
2.247884206357958405e-03 1.414438350793743382e+01 3.414438350793813726e+01 4.839051617840621589e+01 5.597401549411532073e+01 5.248694673978963721e+01 6.084383497310456335e+01 5.947717815563696320e+01 5.155455341282627302e+01 4.271114814848072427e+01 6.170971404487843870e+01 7.085294979135387905e+01 5.283277371691827540e+01 7.085294978665579890e+01 6.961487237123202476e+01 5.542951455604087840e+01 4.397742735858879115e+01 6.400257416553948531e+01 7.084642024165786722e+01 6.257671727508844839e+01 4.499953223910672051e+01 6.472676689300085684e+01 7.579806909740072740e+01 6.136984169051951454e+01 4.869670415982509581e+01 3.540242974600041492e+01 1.291230024225812478e+01 2.748556026558551935e+01 3.106741586970260727e+01 4.780231279594693916e+01 4.368303863928700537e+01 3.926007890759357366e+01 1.663086973865505058e+01 3.443942003894463966e+01 2.656131932067372148e+01 2.061807274124560863e+01 3.050483326530383010e+01
