LEM/sinusoidal_perturbations/elevation_000423.asc
nrows	100
cellsize	150.0
xllcorner	0
ncols	100
yllcorner	0
NODATA_value	-9999
[rows 0 to 16 of 100, columns 0 to 36 of 100]
8.271705653423140972e-03 2.000827170565306901e+01 2.895208497196761499e+01 4.895208497196831843e+01 5.394708371859776008e+01 5.542374922000064430e+01 4.966336804110895287e+01 5.542374922000078641e+01 6.004331083985882600e+01 5.010153231355388925e+01 4.180118321273659632e+01 2.625421682872253726e+01 2.945754016688696453e+01 4.948630507823475710e+01 5.775059577608038097e+01 6.147158584802235737e+01 6.540122182511599647e+01 5.170363826275763586e+01 5.630232450777948827e+01 7.633088206127479225e+01 8.876549149302648800e+01 9.480865967105458481e+01 1.019024619471668842e+02 1.102445937113517402e+02 1.218637496770344342e+02 1.103629488169339652e+02 1.019228869491344796e+02 1.019228869491344653e+02 1.019228869491344796e+02 1.103629488169339652e+02 1.066526564805620296e+02 9.827380189561075952e+01 1.009052780340176980e+02 1.092846143696070840e+02 1.112139565528147784e+02 1.112139565528147784e+02 1.195960130759132483e+02
7.813061968023241044e-03 8.952084971967259719e+00 2.895208497196761499e+01 4.809065047727592201e+01 3.395257730550969910e+01 3.583590704050034503e+01 3.010838516086322159e+01 3.583590704050035214e+01 4.587910338016355638e+01 3.171489592055597129e+01 2.178158223014939310e+01 4.180118321273659632e+01 4.948630507823477132e+01 3.417454113385699088e+01 3.771374902270629548e+01 4.143344106490372525e+01 4.536393129659926160e+01 5.953302504658172012e+01 7.633088206127479225e+01 6.338398919788843955e+01 6.873371074508222023e+01 7.476573827951949625e+01 8.183815917182494104e+01 9.340274631929671045e+01 1.135132894197811453e+02 1.019228869491344796e+02 8.137276379936463400e+01 8.137276379936463400e+01 8.137276379936463400e+01 1.019228869491344796e+02 9.500911347628586157e+01 7.813191732193267569e+01 8.074559096037437200e+01 9.763360685127966576e+01 9.098354095833785493e+01 9.098354095833785493e+01 1.112139565528147784e+02
2.526786264046545528e-03 2.000252678626369018e+01 3.723635621913117433e+01 3.980882996358800341e+01 1.981189988274613256e+01 2.716166220737749981e+01 1.609982236373115683e+01 3.111245906985097776e+01 3.375897092141826050e+01 1.756512017949929927e+01 3.758054953434344725e+01 5.010153231355395320e+01 6.251431218085956232e+01 4.834135282637166853e+01 5.775059577608038808e+01 6.147158584802235737e+01 6.540122182511599647e+01 7.371014780751306716e+01 8.788727056844427921e+01 8.341177289261351291e+01 8.876549149302648800e+01 9.480865967105458481e+01 1.019024619471668842e+02 1.102445937113517402e+02 1.109219551587084283e+02 1.024836826743473921e+02 8.739175551571364053e+01 6.712515760213230465e+01 8.739175551571364053e+01 1.002533712069143377e+02 8.603420497136400513e+01 6.662796080911618901e+01 6.922099092400615916e+01 8.926607727527107272e+01 7.677038273736931728e+01 9.690889249973811559e+01 1.098164646599268934e+02
4.163169627051843593e-04 2.000041631696235100e+01 2.259592261180245032e+01 2.390088561725729832e+01 2.524163751818450052e+01 7.163013523788388959e+00 8.543144642473082584e+00 1.112513354277003153e+01 1.375126225664819479e+01 3.375897092141826050e+01 3.028152291787507977e+01 4.467439902545194030e+01 6.518689391815583178e+01 6.842691102988075613e+01 7.095868966230734998e+01 6.518144678756276278e+01 6.782597513334815176e+01 7.141178998804952016e+01 7.518490731493230328e+01 7.917838683992832216e+01 8.136152054015929025e+01 8.961265280274848521e+01 8.967286450018235655e+01 9.791668561564577544e+01 1.024836826743473921e+02 8.193321017887109292e+01 8.177081259597289886e+01 6.190330136462383592e+01 7.451622322070826954e+01 8.291678207209960760e+01 7.181503873581354469e+01 5.785399419699136558e+01 7.689544131266600857e+01 8.159558716463858730e+01 6.971953079389601271e+01 8.126389877038967313e+01 1.014341596268718177e+02
5.883922493566802643e-03 1.299576377199867405e+00 2.595983824304193721e+00 3.900639970411075907e+00 5.242952080839119233e+00 2.524173044880924976e+01 2.854245141585448309e+01 1.092510997891095315e+01 3.092222598538060296e+01 4.162134444720855697e+01 5.068236650376314856e+01 5.861813759921357558e+01 5.470976160242524600e+01 6.297547496227641517e+01 5.105274839121543806e+01 4.521440063425232836e+01 4.786022265073160042e+01 5.144681782833644235e+01 5.521944708613111175e+01 5.921098921494844802e+01 6.139546514654164611e+01 7.554980992085262415e+01 6.969984917195881735e+01 8.967286450018235655e+01 1.013295972203960105e+02 8.795230421620848915e+01 6.765929274251833192e+01 6.097729899373084805e+01 5.514021053831918096e+01 6.933776600790200462e+01 6.798849896436786366e+01 5.286216777788198584e+01 5.707662644561487753e+01 6.165455713766458246e+01 7.570316521781764152e+01 9.582115214387820856e+01 9.235144841374442137e+01
1.256007409845548732e-03 2.000125600740949139e+01 2.259592261180249650e+01 9.930658510506907177e+00 2.452325718856042869e+01 3.318879569390665552e+01 3.903857908135997690e+01 2.484215750705071102e+01 1.335046622352236589e+01 3.334576056909464370e+01 4.296571014799099686e+01 4.857606387233618506e+01 3.473568566310019889e+01 4.530779585610871152e+01 4.747490706147699058e+01 3.108668185777851178e+01 3.373539829518115596e+01 3.732637849365979577e+01 4.110356095614421434e+01 4.509875668155579120e+01 5.025198673517131454e+01 5.558238536742567959e+01 6.312253683360623313e+01 7.311219855504324983e+01 9.308967033692401571e+01 9.642758266878641393e+01 8.795230421620848915e+01 8.077764120433712947e+01 6.933776600790200462e+01 5.009275756939473467e+01 4.833401563478889784e+01 6.798849896436786366e+01 7.689544131266600857e+01 8.159558716463858730e+01 8.994989282638086081e+01 8.655593003876441571e+01 7.254165459330812382e+01
9.594114293757748102e-03 1.417016457352436376e+01 3.425507301750257483e+01 3.017407644749976114e+01 1.934181190307340970e+01 3.897689548327385012e+01 5.140300167296487643e+01 3.998517941952129462e+01 3.231684376158111860e+01 1.582167441453179002e+01 3.431510004206345599e+01 4.004747532738389992e+01 2.319354873499182190e+01 2.532554055420170158e+01 2.749481001385531442e+01 4.747490727946370015e+01 5.370805595886896810e+01 3.976211082243648320e+01 5.972799747223861289e+01 6.505930457665679967e+01 6.139546514654164611e+01 7.554980992085262415e+01 8.310093444598365409e+01 9.135324024853835567e+01 1.013295972203960105e+02 9.482150407466859576e+01 8.686304600194053194e+01 9.482150407466997422e+01 7.766750346121391146e+01 6.488085228660395387e+01 4.517580780426846587e+01 6.488085228660395387e+01 7.896509514980596123e+01 9.049919453949424053e+01 9.594965655865576082e+01 7.834380886940660105e+01 5.860705507042928986e+01
7.711341127313004785e-03 2.000771134112695648e+01 3.722877288034692356e+01 4.701443199178132915e+01 3.329557734518168388e+01 3.329557734518180467e+01 5.269545150078050710e+01 4.636851249605132352e+01 2.648625197154012767e+01 3.487270643461165065e+01 1.840366282028981715e+01 2.026061529954211338e+01 4.024577075530767445e+01 4.530779585610871152e+01 4.747490735393698458e+01 3.398218080662929452e+01 5.395491947170462055e+01 5.972799747223861289e+01 4.624197041055431612e+01 6.035628478860840573e+01 8.032433767337222719e+01 8.136152054015929025e+01 1.013040845296399368e+02 1.012508491020205241e+02 9.160683156088495593e+01 8.364064657574158446e+01 6.742886915151339622e+01 8.513674512022232932e+01 7.661918227211468491e+01 5.680085651766513877e+01 4.281593884299762465e+01 5.093089279021891969e+01 6.224653639221114076e+01 8.215254133487978550e+01 8.455142502072685318e+01 6.801338446148210437e+01 6.586061253232189472e+01
2.297228869525369630e-04 8.944501632886032283e+00 2.308663725661673283e+01 4.308663725661602228e+01 5.269545149766170766e+01 5.269545150150242563e+01 6.073328804333460340e+01 5.449032370048681884e+01 3.638841208794029569e+01 3.826860188126177320e+01 3.891007189719188375e+01 2.629052303435418025e+01 2.968670710116106903e+01 4.966316086247817907e+01 6.222008898156436629e+01 5.395491947170467739e+01 4.127912986896297554e+01 6.124566856413491678e+01 6.620479207146408385e+01 5.352903266743597754e+01 7.349552379446413397e+01 9.009975351742085081e+01 9.981110994584722107e+01 9.330784485433861164e+01 7.397344829714450043e+01 6.415657957869784411e+01 5.763126472078413798e+01 7.002019925673712919e+01 7.803486060440046401e+01 6.044629053448070977e+01 4.055571738474660748e+01 6.044629053451107126e+01 7.896509514980596123e+01 8.625947564748135221e+01 6.648773636005465448e+01 5.660000203048939937e+01 4.824391717518948752e+01
9.647730019007896146e-03 2.000964773001865282e+01 3.722877288034692356e+01 4.373515568404356202e+01 5.201942693150517272e+01 5.167551076223244877e+01 5.995978200969464922e+01 6.398985375224700789e+01 5.018753647849857913e+01 5.791932556863891080e+01 5.254817906752081313e+01 3.261308360634027537e+01 4.966316086247817907e+01 4.122309376490629518e+01 6.119250692740650521e+01 6.678287896738648044e+01 4.681818293542892917e+01 6.678287896738697782e+01 8.115918136376544112e+01 6.474855160167469137e+01 6.281215567210161765e+01 7.234324600560758256e+01 9.149261176134119466e+01 1.012508491020205241e+02 9.160683156088495593e+01 8.364064657574158446e+01 7.002019925673712919e+01 5.047357224642227180e+01 6.367843603288397247e+01 5.825221634214266686e+01 3.831617961869366695e+01 5.250703816504196197e+01 7.233255380212068530e+01 8.239649463334853863e+01 6.648858240468486258e+01 4.671272949580109213e+01 3.655686420369019629e+01
3.582433992925927561e-03 2.000358243399256963e+01 2.792413597313936435e+01 2.373515568404427611e+01 3.753337513850124907e+01 3.167551076223174533e+01 5.167551076223244877e+01 6.183298610782852478e+01 6.963851425919425253e+01 6.662560220185929438e+01 4.671958375200538427e+01 4.413616967156116289e+01 6.080709327565867994e+01 5.275177505403910061e+01 6.947754327104485128e+01 7.504468855048401110e+01 5.834265957334116592e+01 5.834265957334116592e+01 7.831243307316779578e+01 7.785227090667120819e+01 7.623316578458069159e+01 9.009975351742085081e+01 9.981110994584722107e+01 1.020096195134962755e+02 9.383222634530096684e+01 8.865344009411937520e+01 6.926792861369771970e+01 5.543014328119498657e+01 4.400772642026927883e+01 3.982417443808645174e+01 3.611904102635816827e+01 5.630746220925239243e+01 6.422155926372735735e+01 6.262465870405804935e+01 6.262465870405804935e+01 5.425502775570669911e+01 3.411708218480315935e+01
1.813270376062421294e-03 3.924135973139735167e+00 7.924135973139718736e+00 1.218815030025196577e+01 1.753337513850054563e+01 2.460444295036614548e+01 3.354871486036562089e+01 4.769085048409706928e+01 6.769085048409849037e+01 7.489460279931194009e+01 6.662560220185929438e+01 6.404332040332592157e+01 7.230832927066995808e+01 7.272276109295950164e+01 8.101661645248985621e+01 8.656738408080046554e+01 7.831243307316779578e+01 6.987269033665741347e+01 8.656738408080217084e+01 9.688463056247945815e+01 9.553735167155397789e+01 9.541753131289478063e+01 1.037972713204148079e+02 9.383222634530096684e+01 7.407823899512634114e+01 7.986404793451924888e+01 7.328745919410303600e+01 6.229894202153137428e+01 4.251468767399805415e+01 3.821082675770200154e+01 3.395071634265064375e+01 5.176507533440688746e+01 4.430824683977574807e+01 4.853620865017368402e+01 4.269226329271089782e+01 4.916885112699555549e+01 3.189026891105206829e+01
2.372884694381488524e-03 2.000237288469402586e+01 2.792413597313936435e+01 3.218815030025267276e+01 2.851808191880677867e+01 4.460444295036685247e+01 5.288871419782904582e+01 6.183298610782852478e+01 6.502062671660719673e+01 7.257078966911069529e+01 6.437638679621322524e+01 6.466429638982199890e+01 7.288788198392273898e+01 8.602401201405804443e+01 7.774084751185183961e+01 7.884370446707967517e+01 8.712639266955635264e+01 8.984133605264611333e+01 9.808501904666890425e+01 8.943327606307025235e+01 8.102914539399282035e+01 7.506928080572561157e+01 9.541753131289478063e+01 9.127430689173520761e+01 7.151115865031927399e+01 6.013428171327068128e+01 5.362307063770077775e+01 4.885219352968352524e+01 6.229894201962292044e+01 4.682218540109402483e+01 5.176507533440688746e+01 3.154202990590331623e+01 2.990858981356439728e+01 2.832488415171092200e+01 4.620028390965434539e+01 2.895796682876838801e+01 4.916778169613979799e+01
8.175220331382775790e-03 1.000817522033147000e+01 2.415031084406267325e+01 4.415031084406337669e+01 4.851808191880748211e+01 5.680235316626968256e+01 5.783772588678726834e+01 6.153559213913356984e+01 4.634828695512076280e+01 5.876398584592718066e+01 4.299831821801653575e+01 4.457123819987094748e+01 6.466355500425491698e+01 7.446840150720299789e+01 5.771866260591929887e+01 5.882226397194263257e+01 7.298280151129364413e+01 9.299317587069089086e+01 9.299044316052319914e+01 8.102914539399282035e+01 6.092322676480086585e+01 7.392062969164950914e+01 9.417332038093420010e+01 9.944985377796295722e+01 8.724756389524277722e+01 6.750499449474258995e+01 6.750497723091984881e+01 6.274346229625178495e+01 6.663282216214113873e+01 6.084966561726121625e+01 5.998360699100339843e+01 4.335653777760118288e+01 5.014072101248564906e+01 4.490342715410446317e+01 2.616848802496184234e+01 4.566939935260418792e+01 5.705473532461030572e+01
9.124702163186202558e-03 2.000912470216283268e+01 3.829244646779437034e+01 3.996303743962643296e+01 4.202587993214418560e+01 4.413406503892327493e+01 3.783772588678351667e+01 4.852678848049220761e+01 3.398537308560808157e+01 4.056090489427256784e+01 3.017096525852436173e+01 4.353803833521623545e+01 6.351219199391589854e+01 5.764480737521871845e+01 4.616180850327965857e+01 6.618103366664720966e+01 7.188558399879151750e+01 9.189729021907173490e+01 8.460468539724844561e+01 6.448746660584824042e+01 5.403119701358632909e+01 7.392062969164950914e+01 8.437990739151159403e+01 9.604731705822172216e+01 9.542612998934916391e+01 8.724756389524277722e+01 8.724726431249474956e+01 8.245804883380289141e+01 8.638844220787879635e+01 8.059459712611678128e+01 7.145220414544213838e+01 6.325083518892374457e+01 4.737222464203591699e+01 2.452404298767344670e+01 3.930217762161002071e+01 4.232371558428954472e+01 6.189449226857988862e+01
2.239863785106879172e-03 2.000223986378475161e+01 2.385974046451253372e+01 1.996303743962523214e+01 2.202587993214282491e+01 2.413406503892176147e+01 2.369559026305206473e+01 2.852678848049035665e+01 3.647041010847551945e+01 2.055589972879878857e+01 2.353732370730066847e+01 4.354313841599456936e+01 5.161069351833020136e+01 3.763191576964258189e+01 4.429943335261951631e+01 5.186230098486574036e+01 6.602230547108348446e+01 8.604079054035508989e+01 8.467359782666578383e+01 6.817904503629517876e+01 4.841555407767367569e+01 5.605344161478775789e+01 6.746811675476590153e+01 8.766124268672434994e+01 8.982016401386529481e+01 8.143930445408336993e+01 7.881543463672637984e+01 8.719554301079470804e+01 8.605966943430134108e+01 7.448577885476244376e+01 6.618609442298907197e+01 7.448577885476204585e+01 5.443327781442832247e+01 4.193729412188685757e+01 2.293358463898304933e+01 4.305777810700557495e+01 5.058288747358729154e+01
1.766589122093755728e-03 1.926267486420848440e+00 3.859740464512179781e+00 5.820901815894027997e+00 7.883744308411623436e+00 9.991929415190559993e+00 1.214858487925934583e+01 1.438465285675915339e+01 1.690441601015404416e+01 3.690581957709755301e+01 4.354313841599237378e+01 2.800946055479416330e+01 3.160156970011414046e+01 5.161069351833245378e+01 6.431749438651841899e+01 7.188558399879151750e+01 8.017133850138959872e+01 8.467359782666578383e+01 6.458197468350724080e+01 6.338569440374594421e+01 4.366228003442731165e+01 6.338569440374594421e+01 8.153218566509379173e+01 8.991846775884076237e+01 8.143930445408336993e+01 6.114521713949611126e+01 5.850503111472127671e+01 7.548269057668071014e+01 7.776527876336754730e+01 5.770954317562605240e+01 4.602476870983784352e+01 5.540941252559364472e+01 6.142668032782717802e+01 4.185088212397418772e+01 2.185241075879863715e+01 4.080007347646128579e+01 3.194736729972612821e+01
