LEM/sinusoidal_perturbations/elevation_000373.asc
nrows	100
cellsize	150.0
xllcorner	0
ncols	100
yllcorner	0
NODATA_value	-9999
[rows 17 to 33 of 100, columns 0 to 36 of 100]
5.222468517465790779e-03 2.000522246851609864e+01 2.288055010781398835e+01 4.960741478949895367e+00 6.436448072937440479e+00 2.626981112727489531e+01 3.010676366515886926e+01 1.275599044621969647e+01 1.460856702637591731e+01 2.053319167140552182e+01 3.422168589083238288e+01 2.199462972391770421e+01 2.408980244265513804e+01 2.736894397571904847e+01 4.690435341435473049e+01 5.954833815765960026e+01 7.229957510571352941e+01 8.046768465914735202e+01 8.920494244576495646e+01 8.669147246703806786e+01 6.728088437820233025e+01 7.029276491813817529e+01 5.321711647043723303e+01 6.526035816881945095e+01 5.615929445359225980e+01 3.769240293369868766e+01 4.276736985906122612e+01 4.814373914843753965e+01 6.781049789217018997e+01 8.406488705820569862e+01 8.951652631926390313e+01 8.708532630182131129e+01 7.195253188029109026e+01 5.227730849062386653e+01 6.276194273808344803e+01 4.377393513878637066e+01 6.373497912487420081e+01
7.333276091007126865e-03 1.446808362995063879e+00 2.889509164172999967e+00 2.269878719228206521e+01 2.639958323713841182e+01 8.594245459762674955e+00 1.015187108565624818e+01 1.360059737975124605e+01 3.251177784405707882e+01 3.694160584626887101e+01 4.326687024892801503e+01 4.167384845485531741e+01 3.808002689955903719e+01 4.690383861714084901e+01 3.218940676905005915e+01 5.151322465505096915e+01 5.308307308395240653e+01 6.157530733601198136e+01 8.097568998362946502e+01 8.691598407640056223e+01 6.547294073653061730e+01 5.094142238894297492e+01 4.415594550572704691e+01 5.677312536427911738e+01 3.721406805923076178e+01 3.803779334305581017e+01 5.951321230515287652e+01 6.781095679346093164e+01 5.719841411872072712e+01 7.051866792650142202e+01 8.893442266633148563e+01 8.206824110281384321e+01 6.284402157940849776e+01 7.195253887213389987e+01 6.760587839871739391e+01 4.945218672964054463e+01 4.432734254702582177e+01
6.343274376862209282e-03 2.000628170470110945e+01 2.288054308604521836e+01 2.279715636813186919e+01 2.122633138028279376e+01 2.862691332598470595e+01 3.012515956722003097e+01 1.849760636549900283e+01 1.843893219291728158e+01 2.185429937461680794e+01 4.082047393881394015e+01 5.439360281185069113e+01 5.738636344191594674e+01 5.953335030244235782e+01 4.342124636189919329e+01 3.748703793918102178e+01 4.607067979110847489e+01 6.513534388316017498e+01 7.878284333241187198e+01 8.920293394950074628e+01 7.992822468122335522e+01 7.103065665056034561e+01 5.695468051156277056e+01 3.673742484538796305e+01 5.630099747478149652e+01 5.964851048659070187e+01 6.903911802393201924e+01 8.415358947425202985e+01 7.612563236978520820e+01 7.132287421634650570e+01 8.994821916531971340e+01 8.999100243478811478e+01 7.388768015595145755e+01 8.999099401468053827e+01 7.595036397667212213e+01 6.767027742449423044e+01 6.414577165989669538e+01
3.497053469895897767e-03 1.000349705349148088e+01 3.000350246070937743e+01 4.241096896383368886e+01 3.531877604819487004e+01 4.108429072913779123e+01 4.405869767977420537e+01 2.459774158658145993e+01 3.729852799750446479e+01 4.082047393881394015e+01 2.687757317412199853e+01 4.617173874525394695e+01 6.137099626217242587e+01 7.067438570373927575e+01 6.256707257036858039e+01 4.853043274205828084e+01 4.430227076866807323e+01 5.143478670792850238e+01 6.084463003686848737e+01 8.046830513376528415e+01 9.044487079973789889e+01 7.114579777646878256e+01 5.717112343527319496e+01 3.723856031929742016e+01 3.626252739999186758e+01 5.588147893320225279e+01 5.776699519383746662e+01 6.641002731398197056e+01 7.859201617612285418e+01 8.973977227422869873e+01 9.785471552800929373e+01 1.001787230559144604e+02 9.239438383398035626e+01 9.643196534272905751e+01 7.480334701065623904e+01 6.266132483762572036e+01 5.350797682679658607e+01
9.635555453094322986e-03 2.000963554651117349e+01 3.000350894989909989e+01 5.000364550611720915e+01 5.498895039854014755e+01 6.065776581054269911e+01 5.099960851227972825e+01 3.141459518747369017e+01 5.099960851227972825e+01 5.359930274710350062e+01 3.394781555119390504e+01 3.347606667362230581e+01 5.311523236324209307e+01 6.984693131854064063e+01 7.578297598378091493e+01 6.764539621312513873e+01 5.097579946091612157e+01 6.990993831473755904e+01 7.878284333241187198e+01 8.891624975722521640e+01 8.571437923350785582e+01 7.121756676365470184e+01 5.124643880903670379e+01 5.706261731049240638e+01 5.586110619928593479e+01 3.578633500619400820e+01 3.614535021336932630e+01 4.709177833611929742e+01 6.087791062817582599e+01 8.268606163928920694e+01 1.046046119139936224e+02 9.720508652471737321e+01 1.050162621846585296e+02 1.064179398412703677e+02 9.186475970940458069e+01 7.378612006745146346e+01 6.072815618437990537e+01
8.845047570523793118e-03 2.000884504757016913e+01 3.051706084782145822e+01 3.654710520387889972e+01 4.361779363214636618e+01 5.189702154666782974e+01 5.920280919301396239e+01 4.268917779039018257e+01 5.920611453277350478e+01 6.185605445370995170e+01 4.367140565784792017e+01 4.729315638375267383e+01 4.173543498914729355e+01 5.315233456161827519e+01 7.307996162068992874e+01 7.795424671964175900e+01 6.181244392304639490e+01 6.942923383003916626e+01 8.762313714567571310e+01 9.198322915821283630e+01 7.253282767702965828e+01 5.849897342062848793e+01 6.430476971325009572e+01 6.324070668994777122e+01 5.507638145166597354e+01 3.544816598127376039e+01 5.561132954727808908e+01 5.201720085705706254e+01 6.609852867047722214e+01 8.622884692888568736e+01 8.815760759055126528e+01 7.821461840780742136e+01 9.162421091573631315e+01 1.101330174779059377e+02 1.031024046594506132e+02 8.986647305925465901e+01 7.091102632058375832e+01
8.023991185656003874e-03 5.172001786128855194e+00 1.051722662437716060e+01 1.654745351591276048e+01 2.361852132551833350e+01 3.516551987052100969e+01 5.516270913083431537e+01 6.235906828224172926e+01 7.060111530778340239e+01 7.180156912571867167e+01 5.768600566031679477e+01 6.717096715409223862e+01 5.056432935746086343e+01 6.984693131854048431e+01 8.136449937312157488e+01 8.875328177450153078e+01 8.044987259670647006e+01 7.951015612164495394e+01 7.130874203926377675e+01 7.973001320256437907e+01 7.452459707626621821e+01 6.410015619960105937e+01 4.442346326132651058e+01 5.461827932025391164e+01 3.496671667671341055e+01 3.692305999554048412e+01 4.914837664909238413e+01 6.924599907273679378e+01 8.003800007904889924e+01 8.054049167554528310e+01 6.885774407924144214e+01 8.815760759055392271e+01 9.373924217358364785e+01 1.126263254151703990e+02 1.116319905606166571e+02 9.986694511899899851e+01 9.249361919057980685e+01
4.598823041778624977e-03 2.000459882304142312e+01 3.051706084782145822e+01 3.654710520387889972e+01 4.361779363214636618e+01 5.189702154666782974e+01 6.343153670532939259e+01 7.846539135628555073e+01 7.013624880817613416e+01 7.846539135628555073e+01 7.762909003661499696e+01 7.876465835993182907e+01 6.463393026986521761e+01 7.876465835993182907e+01 7.386070737680925902e+01 8.204722153032551546e+01 8.101298265130660070e+01 6.848615370524846924e+01 4.868190862447256961e+01 6.811239272434578140e+01 6.592911223008457000e+01 4.690804654266263896e+01 3.844999853630201159e+01 3.449537405723315686e+01 4.536243493988931164e+01 4.982215768538868161e+01 6.589411798081233940e+01 7.741174881366796967e+01 8.054049167530503439e+01 6.103764298575540437e+01 8.054049167554528310e+01 9.606372652526638944e+01 1.126263254151703990e+02 1.094718011479551194e+02 9.953707473539459727e+01 8.587015365561994429e+01 9.953707473539459727e+01
7.340434288523949372e-03 8.172306243565714112e+00 1.817230624356553648e+01 3.231444186729599011e+01 5.231444186729527956e+01 6.445666342265022308e+01 7.273652194757626432e+01 6.836271900170073934e+01 4.989071883615427794e+01 6.386400955267458102e+01 7.225118683244186002e+01 8.372896418945929042e+01 8.460168670529932911e+01 7.087738981699003205e+01 5.468683331989659990e+01 7.087738981699003205e+01 7.073222536084651324e+01 4.843233998162659759e+01 3.865808078418591265e+01 5.911168506584262161e+01 7.452459707626621821e+01 6.471394449093929779e+01 5.411631180366067184e+01 3.421568896500749446e+01 5.426278143449846425e+01 6.914270240694129654e+01 7.746809212932237187e+01 7.764782438151897281e+01 6.957036289739978940e+01 5.619765903476969982e+01 7.007790891578639503e+01 8.957678437726877974e+01 1.018353609061704077e+02 9.570768486949319254e+01 8.194356859106395063e+01 7.238744631488391690e+01 8.174222357384164184e+01
3.515918393995972821e-03 2.000351591839364218e+01 3.645657749102660716e+01 4.645657749102642953e+01 5.031706405295463469e+01 4.446025022750463052e+01 6.445666342265022308e+01 6.001348382216519894e+01 3.971288915295372135e+01 4.316229255652972796e+01 5.407033036727482056e+01 7.530583789207312861e+01 7.350345023345659001e+01 6.279066499782933874e+01 4.352357998599287470e+01 6.159629358246586861e+01 6.702290469721660315e+01 5.169447485714705692e+01 3.174900956206921165e+01 5.169447485714705692e+01 6.911033194587878370e+01 6.893915010945471522e+01 5.286271234582928003e+01 3.441484407629598508e+01 3.389370785233259653e+01 6.791124637342744563e+01 7.197833658393987832e+01 6.388337493754148255e+01 4.992972915356646979e+01 6.957036289739978940e+01 7.407172308422573792e+01 7.407172293409449537e+01 9.266626491404038291e+01 8.593350951077029265e+01 6.806214216291873242e+01 6.356036696383301177e+01 6.789481347458088578e+01
4.608085242692564441e-03 1.414674370897376754e+01 3.414674370897446920e+01 3.962821741165561917e+01 3.032006305719952977e+01 5.031706405295463469e+01 5.376465288419155542e+01 4.543219181644360560e+01 3.202215735686059617e+01 4.386867298927310799e+01 6.484672242942605180e+01 8.131786584616118319e+01 6.534231464212160745e+01 4.608162446022855363e+01 3.645063931730646090e+01 5.564076556326810419e+01 5.855205315846430381e+01 3.786605978874045775e+01 2.651581574467651237e+01 4.620381378512210802e+01 5.053933368202704202e+01 6.270879480301345410e+01 4.481506361397424598e+01 3.356103390593295899e+01 5.404279996759184002e+01 6.649825897736046443e+01 5.860401848170040751e+01 4.433737432680905499e+01 5.971595973696969395e+01 6.191068420303479769e+01 5.417891978127448027e+01 7.222621393022552638e+01 7.314389831488851712e+01 7.315739267805848556e+01 5.813514765724860922e+01 7.785309581678302493e+01 8.741237390410128683e+01
1.610643649003322799e-03 2.000161064364864671e+01 3.068592642856029684e+01 1.963264689887104097e+01 3.962821741165561917e+01 4.796067692957284123e+01 3.965212488408142377e+01 2.528300162976813326e+01 3.691445833226727302e+01 5.706762978482506554e+01 7.269359304860957138e+01 6.708112762982078436e+01 6.321801081889530849e+01 4.398190077472590787e+01 2.995990885217459265e+01 4.942991355491939487e+01 5.811376785207679063e+01 4.162823945547037852e+01 2.200167050526742329e+01 3.151877296491376157e+01 5.027485336643032099e+01 6.391005410007906562e+01 4.667683917079309452e+01 3.324875121013324275e+01 5.272717484537096766e+01 5.825261129989999631e+01 4.049156498565098872e+01 5.665775368709817883e+01 3.906729433375806337e+01 4.140713426454576052e+01 4.379384139575279988e+01 6.408921551197765609e+01 6.970846089733112194e+01 5.333518580136620102e+01 7.315739267805848556e+01 8.593350951080059019e+01 1.026913890796532769e+02
2.022278438842990342e-03 2.000195325110481193e+01 1.069088379358498564e+01 2.822579354778137173e+01 3.129793198832882339e+01 3.450162731840289609e+01 1.961127500491505060e+01 3.380384402504264330e+01 5.376461451686388671e+01 6.538944431790955036e+01 6.675353816352667025e+01 5.281528260160522592e+01 5.949111531037734579e+01 3.930730280196555526e+01 2.449988893353611985e+01 4.487472869830654787e+01 4.759965871204477850e+01 3.133813349532704251e+01 1.768662434787839643e+01 3.727043702832484229e+01 5.099616202059149117e+01 5.885770070023216505e+01 5.646144112811695237e+01 3.664609875390615912e+01 3.280940090480443416e+01 4.745349125965035597e+01 3.746562521480793606e+01 3.622246333998258194e+01 5.665811138089797794e+01 6.191068420303479769e+01 6.411691564220345185e+01 4.729583788563058988e+01 4.976937094545996842e+01 6.971366319660906186e+01 5.889873536219441519e+01 7.862980731848293203e+01 8.917361018682233009e+01
6.642187732006160465e-03 2.526437037632247140e+00 5.355098350398829865e+00 8.242443733204137146e+00 1.132929220043608787e+01 1.453183309432152726e+01 3.450162731840289609e+01 4.796067692957284123e+01 6.284909479519841824e+01 7.124404113637503144e+01 5.920686433205444388e+01 4.126362677387983524e+01 5.905249325856194531e+01 3.919161843318498484e+01 1.921635764967599513e+01 3.713953282902610198e+01 2.542064786675486587e+01 2.505328314157882019e+01 1.396141692857343131e+01 3.359493569105092092e+01 3.328245857157272525e+01 4.932673891239557662e+01 6.420288940250296150e+01 5.702134949921336471e+01 5.221507176425259900e+01 3.236858841548089316e+01 3.363833706288506420e+01 5.566338971252249479e+01 5.665342486898559571e+01 7.664183793700409808e+01 7.554703955763399392e+01 6.739186818262736267e+01 6.089555983639405667e+01 7.687284952726434994e+01 7.289426065481832495e+01 6.490302879463398256e+01 6.957911146599718677e+01
1.591255364720534126e-03 2.000159125536436378e+01 2.534592372719260212e+01 1.824769541727604150e+01 3.129793198832882339e+01 2.814377559173433596e+01 2.995659336210905010e+01 4.634650124440731389e+01 6.148842882934559384e+01 5.555050292835255021e+01 4.611266778267909672e+01 3.431087646630346910e+01 4.405545875977171022e+01 3.604539307155015848e+01 1.423601027548701303e+01 2.867886216480736650e+01 8.455347887302361087e+00 8.741223817875068747e+00 2.469962290653376868e+01 2.051198201499050455e+01 3.884158717841152253e+01 4.466571245799219270e+01 5.317256007766977177e+01 6.347816151581749011e+01 6.010304973782752569e+01 5.004112512355693809e+01 3.191639257777396210e+01 5.123091927353259223e+01 5.269135639782247438e+01 5.754904468614294188e+01 6.576030978607070665e+01 7.734776761430278214e+01 7.892272455465466408e+01 8.695277545930174767e+01 9.247663435484173533e+01 7.629548377752412591e+01 8.917361018682233009e+01
6.189296070378335485e-03 1.000618929607029095e+01 3.000618929606993390e+01 3.863607177506718671e+01 3.859990036248569822e+01 4.499550804450364438e+01 4.906324873181342383e+01 5.127214227393079682e+01 4.163361780086637509e+01 2.801087883424426650e+01 4.148719284460987211e+01 3.673805201816829680e+01 2.610088826457176836e+01 4.245459901278302084e+01 2.891538853327826075e+01 8.063293623558489998e+00 1.611555625528711388e+01 2.835472481023149172e+01 9.167211871897052333e+00 2.610257796121628715e+01 2.630845813107650244e+01 2.204393801273832310e+01 3.370252734050327348e+01 5.516368736457695121e+01 6.822971669122173921e+01 4.828872844296539313e+01 5.007266456100487062e+01 3.145358235220083998e+01 3.365602372278708998e+01 3.753503333657631202e+01 4.912586406755257684e+01 6.914873698609802943e+01 8.167761203097997225e+01 9.154399930018308851e+01 1.039181344058408598e+02 9.583804588912988720e+01 9.792202395018153993e+01
2.247884206357958405e-03 2.000224788420600319e+01 3.000618929606993390e+01 5.000618929606922336e+01 5.921243305149435798e+01 5.520973679606578344e+01 4.293537880564547038e+01 3.121002636872534808e+01 1.929891792427553199e+01 1.611498818254535692e+01 2.979238651505984237e+01 1.768281688038042176e+01 3.510670691196578730e+01 3.332559080620935532e+01 2.738204746489635610e+01 7.795864438068671909e+00 1.266977209505690993e+01 2.461038952077199227e+01 2.484837829962761546e+01 9.611144249127212547e+00 1.199242971598598473e+01 3.660396012594191717e+01 5.312183835634096596e+01 6.342410790088940331e+01 7.645383033809329731e+01 6.208262196368574592e+01 4.245805798242865592e+01 3.112029211280498586e+01 5.093827307187083164e+01 5.754755013082640858e+01 4.649269069864584480e+01 5.363740104701985700e+01 6.363764192471124659e+01 8.341146723647877081e+01 9.461035013131372295e+01 8.656538409163438530e+01 7.825174978232163880e+01
