LEM/sinusoidal_perturbations/elevation_000888.asc
nrows	100
cellsize	150.0
xllcorner	0
ncols	100
yllcorner	0
NODATA_value	-9999
[rows 0 to 16 of 100, columns 37 to 73 of 100]
9.964884545006111694e+01 9.541136641951509034e+01 8.711235621118204620e+01 8.917516713987808430e+01 8.332262610519772750e+01 8.699406296474714395e+01 8.589334021063331193e+01 8.590915165672335263e+01 9.416359144411210025e+01 1.026416942573389974e+02 9.986480680499465734e+01 9.162078755673044839e+01 9.076614169249762654e+01 9.901122133696947003e+01 1.105181856953456361e+02 1.230601351117561961e+02 1.148410768535524227e+02 1.153212406729824124e+02 1.235402313227111648e+02 1.319266157900357257e+02 1.317732038396943324e+02 1.317732038396943608e+02 1.399962254404357793e+02 1.420507721344828838e+02 1.335889013751255163e+02 1.420500360614049384e+02 1.385966879960728591e+02 1.326279562463641923e+02 1.326039917716287846e+02 1.241780988494790705e+02 1.326039917716287846e+02 1.303539867688920140e+02 1.203447413961391845e+02 1.120176897988471438e+02 1.203447413961391845e+02 1.201334436588493730e+02 1.201334436588493730e+02
8.457537340586148389e+01 8.396656227540900375e+01 6.737743606036494270e+01 6.915692352498967921e+01 6.328781522572318607e+01 6.736889535261812512e+01 6.589177165240045042e+01 6.589302756305531261e+01 8.590915165672335263e+01 8.270915582932501309e+01 8.833903055562440443e+01 7.163253610454849252e+01 7.077525858529455149e+01 8.233199452893141768e+01 1.022874009771856265e+02 1.115590762097773165e+02 9.488840930021395081e+01 9.537389693517751255e+01 1.038046363963427865e+02 1.235402313227111648e+02 1.120037662376169862e+02 1.120037662376169862e+02 1.317732038396943608e+02 1.319178798248612452e+02 1.133912576741223432e+02 1.319155650285901800e+02 1.183784276395911945e+02 1.124760870530013079e+02 1.225510871301012941e+02 1.041700836010455902e+02 1.225510871301012941e+02 1.219918139393365806e+02 1.020435656583575650e+02 9.222225395902157175e+01 1.021199718789343081e+02 1.002152322619648999e+02 1.002152322619648999e+02
6.455937732280787600e+01 7.571839474967197248e+01 5.607585705808317300e+01 6.437777032586581072e+01 4.903828607453223043e+01 5.322222280924469118e+01 5.167045884847698289e+01 7.175561457701920176e+01 8.158302170897931660e+01 6.855742487885312642e+01 7.222706434405760945e+01 6.005798814248190354e+01 8.008056520018328683e+01 9.901122133696947003e+01 1.068571297609398556e+02 9.860868354149032200e+01 8.328527486918704881e+01 8.377159860438176509e+01 9.537389693517751255e+01 1.153212406729824124e+02 9.788375117273140802e+01 1.102686957786226714e+02 1.300965729822416392e+02 1.234900710788640907e+02 1.034968855529058800e+02 1.234900303226307443e+02 1.177704565283667648e+02 9.848079647130595049e+01 1.057940581533253521e+02 9.435536607917939023e+01 1.141740912252623588e+02 1.303539867688920140e+02 1.158927386070503616e+02 1.021199717988695141e+02 8.241162322383428318e+01 8.630622103077705276e+01 1.060491413110052008e+02
5.031632407529415474e+01 6.282272328857704480e+01 6.437777032586581072e+01 4.452786369896538332e+01 3.987539822910250820e+01 4.148754806358140002e+01 6.171046917783366581e+01 6.570128737162890786e+01 6.155508165199704251e+01 6.937561663005601531e+01 5.216049311365049590e+01 7.222706434405760945e+01 8.363732661428097970e+01 9.561093037150725138e+01 8.950691153823316881e+01 7.863959125702221797e+01 7.441990225258362557e+01 9.390925684288770015e+01 9.770296657222928616e+01 1.020923561781258115e+02 9.024083579369367669e+01 1.044563007134900658e+02 1.243010587747364326e+02 1.168256686629728449e+02 9.696398948131604811e+01 1.083566171602638235e+02 9.788471876123722382e+01 9.951543492998833074e+01 8.609789560560186317e+01 8.745056863592046170e+01 1.071671137526285520e+02 1.241789681883229122e+02 1.075868823999445709e+02 8.782556597681833921e+01 7.644256699720587278e+01 9.617768117089109126e+01 9.587549433672714372e+01
6.282272328321089105e+01 4.258616109147403250e+01 5.588163971805922614e+01 3.761672946007922036e+01 5.798838414986234824e+01 6.166284833638032126e+01 4.384075932000064313e+01 4.557800821905308197e+01 4.732260092210470503e+01 4.931388668713468348e+01 6.939366286173665799e+01 5.531605505779518950e+01 7.264317398967912709e+01 8.091339617785658334e+01 6.462143278303355487e+01 6.731203696001284698e+01 7.059041307325247772e+01 7.394336000983798840e+01 7.762854159175317648e+01 8.197764605483004630e+01 8.962845904749521253e+01 1.038515717389478255e+02 1.237023647600475726e+02 1.198583085610098777e+02 9.993681722763901121e+01 8.863890059803408406e+01 8.403902485400509192e+01 7.985547777808270098e+01 7.869310052076419026e+01 9.834960634142760227e+01 9.593560934433718046e+01 1.158053496298571474e+02 1.061338513807456536e+02 8.635666378444382474e+01 7.234877276055422612e+01 8.676025566114643084e+01 8.268684657147581163e+01
5.259840600942013111e+01 5.395158781999958109e+01 3.540972953797946587e+01 5.575526324143569212e+01 6.618173947785446387e+01 5.180398362043628424e+01 6.400055987213993092e+01 6.570128737162890786e+01 6.741816748997013065e+01 5.260436187547782083e+01 7.260712218528421147e+01 6.886418110909970380e+01 5.855131480675611755e+01 6.086877752263874441e+01 6.581284498026803931e+01 8.435458301773203971e+01 9.043364032313706957e+01 8.543721468013271192e+01 9.770296657222928616e+01 9.184476332166340740e+01 1.096657344006212185e+02 1.060250121251655173e+02 1.258650908339879777e+02 1.282655382170613620e+02 1.167000878744723309e+02 1.083566231874783625e+02 1.037091112832397357e+02 8.805396526355694675e+01 7.413857904329813664e+01 7.988231097737426012e+01 9.797666290019130031e+01 9.995945253377443862e+01 1.082541374106843648e+02 9.817729294212250579e+01 7.840240429956382684e+01 6.684282718168371673e+01 7.838513260432021923e+01
3.196803164151400267e+01 3.338422843220645575e+01 5.395158781999958109e+01 4.238821657742397520e+01 6.262337214097701121e+01 7.187001612658781369e+01 6.038707093761689038e+01 8.040620251119437967e+01 8.085793844763968252e+01 7.260712218528421147e+01 5.822903999890197468e+01 7.809118192954031201e+01 7.859552044421738515e+01 8.091339617785658334e+01 8.014088702255722296e+01 7.328461680095030317e+01 9.229694481136603201e+01 1.054822816602570157e+02 1.137161740228819440e+02 1.060308796325593619e+02 1.200689728640292770e+02 1.258650908339879777e+02 1.240191611657615454e+02 1.323063032004439776e+02 1.338492204952113127e+02 1.254273041117551202e+02 1.161445042191952126e+02 1.011127887708541095e+02 8.140073480301300890e+01 6.994145647439128766e+01 8.599197488419842728e+01 8.020645620960095812e+01 9.995945253377443862e+01 1.064452106262879028e+02 9.499678288359366718e+01 8.199440346027232351e+01 6.201120952561667821e+01
5.070330371583030882e+01 4.803665128653396721e+01 6.226985655781533069e+01 4.752865859177943264e+01 6.179282684012347460e+01 8.179789534874571189e+01 8.040620251119437967e+01 7.041357229789784355e+01 9.039883272449090157e+01 8.641164826067139870e+01 6.819426999885934038e+01 6.479190748396642618e+01 8.466506996484170600e+01 1.004278341542297284e+02 9.696235428263122458e+01 7.703675250524449325e+01 8.350181617732475559e+01 9.433563438786504207e+01 1.140446050176650346e+02 1.258846703593474814e+02 1.279098280719573921e+02 1.208244341224463767e+02 1.041816424983473723e+02 1.208244341224463767e+02 1.254273041117551202e+02 1.054003702954275923e+02 1.112661267021646125e+02 1.094121868353161346e+02 9.797637650876981752e+01 8.599197488419842728e+01 6.609140861465475325e+01 8.244620812416776801e+01 9.068512701937547149e+01 1.017938889994589857e+02 9.548961928180936809e+01 8.411167980722882476e+01 7.592524259350017246e+01
4.938031106936590220e+01 6.819344923963059557e+01 7.398472059677256141e+01 5.394238879896646210e+01 6.398329724487773262e+01 8.397681301612433913e+01 9.863570886800393112e+01 8.042473584886108995e+01 9.863570886800393112e+01 8.815119076546879739e+01 8.815119076546878318e+01 7.624712380848338000e+01 7.242202436580427616e+01 8.789062918861388596e+01 1.057095067421937244e+02 1.032192180431709687e+02 9.635871749642274153e+01 1.108563480015483265e+02 1.222539544323201710e+02 1.221261663901046575e+02 1.080277056032241063e+02 1.125659616896990940e+02 9.280638426678159192e+01 1.125659616896990940e+02 1.254273421860836493e+02 1.054003703368691873e+02 9.148945544885017966e+01 1.019433156047276441e+02 9.668594187566998244e+01 8.634700051142662858e+01 6.645678305800736041e+01 6.243732752139555231e+01 7.368629346189862872e+01 8.774009122932891103e+01 8.735806187482269536e+01 6.750610374223298038e+01 5.578231309324496578e+01
4.938030116167975336e+01 6.962246576918469998e+01 8.104408525037753463e+01 6.106122286775777042e+01 8.104408525037753463e+01 9.221370611956582763e+01 1.085956207357905470e+02 1.003729296001207274e+02 1.085956207357905470e+02 1.080266988291229779e+02 1.043733496282812467e+02 9.616419826334623622e+01 8.381936416113821053e+01 8.296659381862123439e+01 9.704027718194352303e+01 1.168473237310655719e+02 1.165189069835112150e+02 1.147978098797500195e+02 1.230332334385863930e+02 1.122051584664529713e+02 9.406531847402635549e+01 1.055798935598211585e+02 8.583336902251180334e+01 1.055798935598211585e+02 1.183256014399541982e+02 1.196252343863815355e+02 1.019433156047276441e+02 8.227202266417776855e+01 7.700335125660483016e+01 7.242217986569633581e+01 8.634700038950445844e+01 7.949605963264558284e+01 5.941463396245126205e+01 7.662728455769185132e+01 8.485480270890852239e+01 7.481305476451527170e+01 5.468752107545027741e+01
6.115980378333285472e+01 6.776586858662561497e+01 7.576637526717017579e+01 8.104408525037753463e+01 7.521534368044116547e+01 8.927687212696945096e+01 1.088866727742454543e+02 1.050067493759224959e+02 9.677735345902102893e+01 9.934674787336561508e+01 1.075811496770805604e+02 1.118859842913306437e+02 1.036906903012779111e+02 9.446256968138457921e+01 1.110377248513174067e+02 1.203047834776824345e+02 1.116318332172230612e+02 9.510562054299131773e+01 1.116318332172230612e+02 1.039581814619804732e+02 8.418447834390124740e+01 9.338869255688963733e+01 7.984871299442265524e+01 9.028554270415669691e+01 1.100743385550316304e+02 1.262566169492487234e+02 1.102467109219665105e+02 1.019433155419104224e+02 8.833941862953443547e+01 8.638454541517572238e+01 1.004248432343997308e+02 8.774007103844616040e+01 7.662728455769256186e+01 5.650511636096796764e+01 7.387622317847001341e+01 7.375142376312801673e+01 5.361838468362329024e+01
4.111823759074481188e+01 4.798787492038038494e+01 5.701309390102986185e+01 6.838856129193673894e+01 8.783676582636775265e+01 1.031078252566152287e+02 1.067902186158842710e+02 9.356315378464879018e+01 7.697577935453892906e+01 7.954515789221727573e+01 9.934674787336561508e+01 1.004255677818713650e+02 1.086625792824953294e+02 1.142876316859280763e+02 1.224728904000619849e+02 1.120744233690226395e+02 9.235997533218190370e+01 8.371535646597887137e+01 1.034285190652392714e+02 9.797035403387248209e+01 9.338869255688963733e+01 7.351965186061352142e+01 7.405627700846153516e+01 9.391685440211547586e+01 9.825965169168277669e+01 1.066039427731220144e+02 1.148269037446712701e+02 1.164265198422640992e+02 1.080875045535365473e+02 1.061388446408178652e+02 1.032198972360704943e+02 8.340585212626891121e+01 6.931541589818417037e+01 7.387622317824420293e+01 5.374912530507826602e+01 7.117444368393410059e+01 5.255807313911097367e+01
4.262322037843107836e+01 5.690488688501056203e+01 7.576637526717017579e+01 8.461884567375315669e+01 9.640174520140939762e+01 9.793254866500504363e+01 8.970679626860824385e+01 7.872581208133114217e+01 6.548761760515341734e+01 7.943610363798136120e+01 8.425406197260548424e+01 8.061959897929369845e+01 9.682696484896557365e+01 1.050539176714227665e+02 1.149617367282416325e+02 1.099136657526324399e+02 9.020515471674232799e+01 7.617754710166313714e+01 8.821128371897292197e+01 7.814262431925330077e+01 8.184214039361867776e+01 6.706294944833670968e+01 8.710555020460851949e+01 1.008543984698573581e+02 8.433389206275592187e+01 8.688931656784258450e+01 1.066039427731220144e+02 1.248289612027153623e+02 1.134735741265854614e+02 1.053238877681429528e+02 1.078752064383695597e+02 9.746986683143326502e+01 8.920925066939931014e+01 8.213571006011953557e+01 7.117452370979837895e+01 5.107150295345026336e+01 7.113439955306540696e+01
6.068378656381172220e+01 7.066012177949224338e+01 8.456688584221525673e+01 8.722314295670553008e+01 9.532778539214912428e+01 8.970679626860824385e+01 6.986122812004488480e+01 7.567386045425942598e+01 5.882145924832190786e+01 5.953681029947218661e+01 6.438911085912494059e+01 7.040798921572073255e+01 7.703874649331527280e+01 8.693819256085801328e+01 1.067157371370731909e+02 1.077284659907891182e+02 8.800952521880360280e+01 7.676975176247076149e+01 6.822425747184635725e+01 6.378913917418213231e+01 6.157655149619576207e+01 8.184214039361867776e+01 9.199183044758972017e+01 8.379098499453168358e+01 7.282424233607093811e+01 9.266359689481097917e+01 1.100062072474762402e+02 1.166753276515812559e+02 9.701405703440249795e+01 8.562897568611818144e+01 8.818626859635396897e+01 1.021060644146120069e+02 9.567658819455606078e+01 8.549595492843707234e+01 6.451007490004820966e+01 5.015944601323310081e+01 6.850966879978909674e+01
6.734381671697970262e+01 7.745727022086090585e+01 8.404328216900320569e+01 6.751338681762946692e+01 8.404328216900320569e+01 8.511403636961921393e+01 7.567386045421868346e+01 5.575127546477784080e+01 5.304021363564135783e+01 7.297992034823958818e+01 8.425406197260548424e+01 9.023089206374886828e+01 9.682696484896557365e+01 1.050539176714227665e+02 1.149617367282416325e+02 1.159993032886197994e+02 1.045725242411544400e+02 9.630094469865770179e+01 8.821128371897292197e+01 7.825967824652654770e+01 5.780865383693127058e+01 7.814006985351711876e+01 7.771110763396231391e+01 6.362649808739901403e+01 7.053656402996944053e+01 8.208747747554137675e+01 1.017981678983141478e+02 1.169300574908858010e+02 1.070956460242432939e+02 9.395302497591994495e+01 7.414268368648835406e+01 8.550586706760805100e+01 7.585652545146385251e+01 8.936097505770004545e+01 7.554473504806776418e+01 6.892371698963171411e+01 4.887411192204503863e+01
4.916082657125789268e+01 6.926339651856419266e+01 7.588039171995040988e+01 5.599255189770151730e+01 6.525783535638794319e+01 6.525753287129273872e+01 6.814382987738977704e+01 4.818139840137631325e+01 6.814383111765847900e+01 8.120485260842868058e+01 8.493430547439483291e+01 9.315629758894820611e+01 8.981114144117775311e+01 9.803407019209835482e+01 1.079446577177943425e+02 1.130637005114374460e+02 1.048065335786222079e+02 1.058914315643993262e+02 9.076621850410684544e+01 6.788080714903330204e+01 5.502746212559871708e+01 7.146837610091159831e+01 5.717073151777318429e+01 7.771110763396231391e+01 9.041819547681294011e+01 8.464415223281768874e+01 1.043579689861950044e+02 1.087802734370715569e+02 8.911414134271902299e+01 7.921664729112622183e+01 7.164344014148525730e+01 6.553092370628733931e+01 6.161064578218009302e+01 7.655134828231936694e+01 8.162885209038957157e+01 6.214711683121711872e+01 4.796815365524192742e+01
6.744955096209240253e+01 7.748003423259275735e+01 7.931589263278647195e+01 5.943386949743764802e+01 4.530145086150861999e+01 6.525713304573513085e+01 6.513436394220116199e+01 4.516321131950607537e+01 6.513438116003062817e+01 6.939500854908251881e+01 6.506834164690384625e+01 7.920964992961732776e+01 6.997756692865210937e+01 7.991328313794473104e+01 9.970899974441078939e+01 1.048065335786222079e+02 8.499967794671931642e+01 8.515259206856420349e+01 9.505919888025337627e+01 8.397131212027881020e+01 7.199852710810988299e+01 5.123144735083587165e+01 6.503288723797840021e+01 7.617346537529923012e+01 9.506250903018761278e+01 1.043579689861950044e+02 1.125727148595049698e+02 1.169300574908858010e+02 1.070956460242432939e+02 9.148975663998717778e+01 9.148975663998716357e+01 7.714578683776761636e+01 7.655141707645675808e+01 5.645132421845742954e+01 7.173114354642578405e+01 6.713024272266265768e+01 4.708509408839209698e+01
