LEM/sinusoidal_perturbations/elevation_000743.asc
nrows	100
cellsize	150.0
xllcorner	0
ncols	100
yllcorner	0
NODATA_value	-9999
[rows 34 to 50 of 100, columns 37 to 73 of 100]
7.020784706019414045e+01 6.305376856796123519e+01 4.368000675604650240e+01 6.305376856796110729e+01 7.525511588780483407e+01 7.206926961802425069e+01 9.328043373862638532e+01 8.134556802887423999e+01 9.646066090015837347e+01 9.539726269446467199e+01 8.744059576641201659e+01 6.927479460028351355e+01 4.919625356934470517e+01 6.927479460004639122e+01 8.098127071760866613e+01 8.558623110438982451e+01 8.923571992584426482e+01 7.932446109093277187e+01 9.597734599650164000e+01 8.578612411410384198e+01 1.019519218256533435e+02 1.051806033495740138e+02 8.515843127848283700e+01 8.602445821582207941e+01 1.026997042596738510e+02 1.119703873176674733e+02 9.207083576367317335e+01 7.755669658335051508e+01 8.772798802730865475e+01 9.601600317729969447e+01 1.054611572705372140e+02 8.601873230196642339e+01 7.148893778544940858e+01 5.946658788139240670e+01 4.951419109386977624e+01 6.992091441328136625e+01 8.466292311267697812e+01
7.932414666782733548e+01 6.499381188617707039e+01 4.539757079034757226e+01 5.297891977199279978e+01 6.729929976251632695e+01 8.796047342847896289e+01 1.018673782853343255e+02 1.028847952630117533e+02 1.014421061462076352e+02 8.181001249164808087e+01 6.740335367112972165e+01 7.159505545064166654e+01 5.137296634034923670e+01 5.241009838474657556e+01 7.264180429522595261e+01 8.451706910834124642e+01 9.879805894782786879e+01 9.950781664073747379e+01 1.076401550937385707e+02 1.047610816525810975e+02 1.131046725036327842e+02 1.133582240878278782e+02 9.529932048629054009e+01 1.060264678480881173e+02 1.142039222970044676e+02 1.177493320487850639e+02 9.789927947126670915e+01 9.789927947126670915e+01 1.061117331878025141e+02 1.018047675802198029e+02 8.741317067743931091e+01 7.903154560677562301e+01 8.683862786053988714e+01 7.043420449216853285e+01 5.013748787913468874e+01 5.678199645947611884e+01 6.791059771846208548e+01
7.094890344091427892e+01 5.075429761926648808e+01 4.747387323499262379e+01 6.735233876791845375e+01 6.954149050867449944e+01 8.409869819731889606e+01 1.042755267664194321e+02 1.044403090427983898e+02 9.434518903828187320e+01 8.591045759607953869e+01 7.432087294045074088e+01 5.454884509202318554e+01 7.159507504912471632e+01 7.264180429522595261e+01 5.577369863340314993e+01 7.023607926885445352e+01 8.823954688566703908e+01 1.039296980172986480e+02 1.041961421976018443e+02 1.123272599111607803e+02 1.262113730416965183e+02 1.232349664294440288e+02 1.150618862128576012e+02 1.232349664294426503e+02 1.245189231099700180e+02 1.190659619376876890e+02 1.026904662571026563e+02 9.447587503459844527e+01 9.071207459325327704e+01 8.708733042715290651e+01 7.301072792690692381e+01 5.791541405352748484e+01 7.462276439775511960e+01 7.117036205885035827e+01 5.076408054753351706e+01 5.691881460673948823e+01 6.770614976290426057e+01
5.687924424353130348e+01 7.002366652041196460e+01 4.984951887195678921e+01 5.523510113989890868e+01 7.571204017644456030e+01 8.492938653021565187e+01 1.050089811109263707e+02 9.626839763870715672e+01 7.588699779445590821e+01 6.535353691241290619e+01 5.809835384362527577e+01 7.497741056343595289e+01 6.898441872903282501e+01 8.451699222262708133e+01 7.619602964494475827e+01 5.938500554411447752e+01 7.994961398923889817e+01 8.391588849728891830e+01 8.430662592047157489e+01 9.844314678062490032e+01 1.106014711041522105e+02 1.301890556979666371e+02 1.301616343991670135e+02 1.187936324195664639e+02 1.048579924641465908e+02 9.939761322673389543e+01 9.447587503459844527e+01 7.386439710523053748e+01 6.989167975858408965e+01 6.619931984683400117e+01 6.282860597342982345e+01 7.462777508754101063e+01 5.241927170616127540e+01 5.165571727687582637e+01 7.119726520984070817e+01 7.623215082518991892e+01 8.462977373271601778e+01
6.877996175285559843e+01 7.277788380155723758e+01 5.234552903073894470e+01 7.277787586773197859e+01 6.431877351102197338e+01 7.900492528637245471e+01 9.923230121485555344e+01 1.044403090427983898e+02 9.433232678168357666e+01 8.157788121758630950e+01 6.087167454386140975e+01 8.158171767864234880e+01 8.357044953545123178e+01 9.767282331721774824e+01 8.823938403822792509e+01 7.401262870160439888e+01 6.330060475106316886e+01 7.124196278063051579e+01 9.161687483964512069e+01 9.087398799491684542e+01 1.101223555437749724e+02 1.199299396553644783e+02 1.219555341011271850e+02 1.023158301541974424e+02 9.093670232268185316e+01 8.527680473772890934e+01 7.999726028747429041e+01 9.447587503459844527e+01 9.071105240686610216e+01 7.847952273301363846e+01 8.369671580977181691e+01 7.329234150650437130e+01 5.262221998371462206e+01 5.328954074825851706e+01 7.394775272467705918e+01 8.492573761679776112e+01 9.938181542693148174e+01
8.930715253191209513e+01 7.563931552971139638e+01 5.499835822692303822e+01 7.563931585069227026e+01 8.492938653020333106e+01 7.900492528637245471e+01 9.923230121485555344e+01 1.104322891765611843e+02 9.061767069939624264e+01 8.454560463038760076e+01 6.379332822227464561e+01 8.454636542542102973e+01 9.889911489425362845e+01 1.117739217814907704e+02 1.024415800297078505e+02 9.216142821598224089e+01 8.391588849728891830e+01 6.786638050725346716e+01 7.426070858399452845e+01 8.213297607642934395e+01 9.218990272591514668e+01 1.118199932448213048e+02 1.230435515276104042e+02 1.033947301360284285e+02 1.106165457405627279e+02 9.183845133510334335e+01 1.001879555765051748e+02 1.082430985180269687e+02 1.063168836920717126e+02 9.876366296757213092e+01 8.868690770079970775e+01 6.796780620933749617e+01 5.333319945741043000e+01 7.394774539249448253e+01 5.567076628859912546e+01 7.047022147785479262e+01 8.106306542383384794e+01
9.189962367894904105e+01 7.860804734879951639e+01 5.781968755026624507e+01 7.261136615157109020e+01 9.308531642426709141e+01 9.923230121485555344e+01 1.073654018544552571e+02 1.047078531373326058e+02 8.478179391161103240e+01 7.002830082896954877e+01 8.454636542542102973e+01 7.019266832706315995e+01 9.074252410369061295e+01 1.044366173715182953e+02 1.124342665921738700e+02 1.025069457626095470e+02 8.254860449275577139e+01 8.839359931935031511e+01 7.386891792604374984e+01 9.411686735504423496e+01 1.101223555437749724e+02 1.199299396553644783e+02 1.312516060616686957e+02 1.172549498459422779e+02 1.198173375406427255e+02 1.032785112133485654e+02 1.197113642001398546e+02 1.130282632487625847e+02 1.015551123366604713e+02 9.324415129272971114e+01 8.592217464786686776e+01 7.481958484340330529e+01 5.406691845092225179e+01 7.481958888982806855e+01 7.652431071947515306e+01 5.816701327123914922e+01 5.998566694388557607e+01
9.189962368000577442e+01 7.144601646720782639e+01 6.085348861788800434e+01 8.172624757390683214e+01 9.429589939470723436e+01 1.024643215243765724e+02 1.139113853777566590e+02 1.093567501522120295e+02 8.963315052665710425e+01 7.507908068151903080e+01 9.541005910757370145e+01 9.074252410369061295e+01 7.731085662735566189e+01 8.473696578827349413e+01 1.044303512904074154e+02 1.106378374444525718e+02 1.025069457626095470e+02 9.253791150692049428e+01 7.827753365886565007e+01 9.828593194749720396e+01 1.128458818234329044e+02 1.209384120937698270e+02 1.306982329173528683e+02 1.370184722146696572e+02 1.312274398953773016e+02 1.229793503849471250e+02 1.168481318443520252e+02 1.050425317273864465e+02 8.469323267450366188e+01 7.242460253792472713e+01 7.747389419693423918e+01 5.662314452437558288e+01 5.484053515626936814e+01 7.562250049905826188e+01 8.522258429945708258e+01 7.917035463783345506e+01 7.505083797495345266e+01
7.429743940879546926e+01 6.811924731956005985e+01 8.172624757390990169e+01 6.738372782056787003e+01 7.384166390092792653e+01 8.587191988391812458e+01 1.058032694074288713e+02 1.059906731265565440e+02 8.619631740464043901e+01 8.303515159402886070e+01 1.029313250151789561e+02 1.040473867873554781e+02 8.426291101082320267e+01 1.040266455558234213e+02 9.889073862471812504e+01 1.180584094050346380e+02 1.202599795064480617e+02 1.057066840444876874e+02 8.602935482578818949e+01 8.663265880035389443e+01 9.328469872335843149e+01 1.030932909672676914e+02 1.225984727592654053e+02 1.283685960907964159e+02 1.185178948942742068e+02 1.103362095200937318e+02 9.708356363129196609e+01 1.110459830251882352e+02 9.352726141800293647e+01 8.119711986947655191e+01 5.966436982805063849e+01 7.747389419693418233e+01 7.562250049905968297e+01 5.593257352264188142e+01 7.680307585148288751e+01 8.640615646926831062e+01 9.557786656147096949e+01
9.423300860070798990e+01 7.872381237285827638e+01 9.493539987708014394e+01 7.451553050609977902e+01 9.429589939471742355e+01 8.847449352072285933e+01 1.083500164077936887e+02 1.140728827602970910e+02 9.622763871516669099e+01 9.314926824661384330e+01 1.110157578383697654e+02 1.120844648004263888e+02 9.436187307818931913e+01 1.096612920574400505e+02 1.179818145395303475e+02 1.258731292123803343e+02 1.213503878584527911e+02 1.020999294438322096e+02 1.000031439817804113e+02 1.006046357461511178e+02 1.128458818234329044e+02 1.209384120937698270e+02 1.306982329173528683e+02 1.201658134114107810e+02 1.005066056287765832e+02 9.056056065597982752e+01 8.279964633820613074e+01 9.430634306370554043e+01 8.520793011613716317e+01 6.381283743778502071e+01 8.119711986947655191e+01 8.958489538376289829e+01 8.477227079832341872e+01 6.433594816772254887e+01 5.704091184177691076e+01 7.799791897298857180e+01 8.755730572892663588e+01
1.071650458621504214e+02 9.327783117829235948e+01 1.025084369885483255e+02 8.247600704765797275e+01 1.025084369885483255e+02 1.083500164077936887e+02 1.164541495280303280e+02 1.238083340121262950e+02 1.100543649527264449e+02 1.070143762707120914e+02 1.207813269323457490e+02 1.224046795372677110e+02 1.142018620640071447e+02 1.216969647132578984e+02 1.156454808790631716e+02 1.061389057320770632e+02 1.157591356424593840e+02 1.213503878584527911e+02 1.194762478061402931e+02 1.201366338648005581e+02 1.250339364222376588e+02 1.224516036347462915e+02 1.306651273795080783e+02 1.283685960907830008e+02 1.157014286261265852e+02 9.597666330227046672e+01 8.429935607071506354e+01 7.375848377740300066e+01 6.836185534117271345e+01 8.519259433374575963e+01 9.352376486398954114e+01 9.903538159735136048e+01 7.911743707830997607e+01 8.477593709879187145e+01 7.123446706493780312e+01 5.816686580874281987e+01 7.913393357097082514e+01
1.168791397811606743e+02 1.135684239320335820e+02 1.106268283979357392e+02 9.674888785879345221e+01 1.106268283979357392e+02 1.141050603755266479e+02 1.058089563203673578e+02 1.141050603755272306e+02 1.294878075690438095e+02 1.264693913245746444e+02 1.241805065161320414e+02 1.159264945238209776e+02 1.241805065161327235e+02 1.189349037993252836e+02 1.045981317043323315e+02 8.460532367214190685e+01 1.045981317043386980e+02 1.222836894451704097e+02 1.181057142448163546e+02 1.191564165672302664e+02 1.050828602540576640e+02 1.024906215941417571e+02 1.191620748770528735e+02 1.306617895171575299e+02 1.238850266582905988e+02 1.062592240177615821e+02 8.627854461071721914e+01 7.419021142562299076e+01 8.932243609297535158e+01 8.342399790539589333e+01 1.035711547885568109e+02 1.071332965746496626e+02 9.903538181941812013e+01 9.824577647958287230e+01 8.682700613858798988e+01 7.920196304879979721e+01 5.931381658634329312e+01
1.068331789487609456e+02 1.072807072551868401e+02 1.155392188635193662e+02 1.164132186107568003e+02 1.128655919544205659e+02 1.040677191415631881e+02 8.571517216905152736e+01 1.040677191415631881e+02 1.151480513145583018e+02 1.149451825046184013e+02 1.066395850846481039e+02 9.561516552501920785e+01 1.140811333552690456e+02 1.067297211047724801e+02 8.810753268473841615e+01 7.454726296540057717e+01 8.800629538796088980e+01 1.118901477427869224e+02 1.004175791355602598e+02 1.092189909763961850e+02 9.104495587066963935e+01 9.104495588181939070e+01 1.024906214646938594e+02 1.224513559625028449e+02 1.309240694331820976e+02 1.144448727553268554e+02 9.878723643812939770e+01 7.850633875990882871e+01 9.878424258642948530e+01 1.035736867771871204e+02 1.117867080196189136e+02 1.216991591819167269e+02 1.136088375237956427e+02 1.116491492975224560e+02 9.753338302655073733e+01 8.876145163732597609e+01 8.041514847845250813e+01
9.452534476987445089e+01 8.711270833786021228e+01 1.014171553471843197e+02 1.214365737951651738e+02 1.045703013851933463e+02 8.451046536258004949e+01 7.573227063559984629e+01 9.508601726913364871e+01 9.508601726913136076e+01 1.032378980144256104e+02 8.626830927221773493e+01 8.539262921258956851e+01 1.057708300244200075e+02 9.826030307644050765e+01 7.827948714086795690e+01 6.721946832712417574e+01 8.803761068519300181e+01 1.039196531278114719e+02 8.861336391496725184e+01 9.379256455305049656e+01 8.128613990717775550e+01 1.009853977512758263e+02 1.086519633451505769e+02 1.169502535337813924e+02 1.227200614406865355e+02 1.029943864473647466e+02 9.149728213744316463e+01 8.410953726239256412e+01 9.522126359273586615e+01 1.155773462241000686e+02 1.211262425121622641e+02 1.104146988279972845e+02 9.409295142506000786e+01 9.811247372336666217e+01 8.341761681319059107e+01 6.835619242309903143e+01 6.498005122844139692e+01
7.428955230113831476e+01 8.862286898982748085e+01 1.087751818496427205e+02 1.104825909027834854e+02 9.891460139769738191e+01 8.819151385875855453e+01 6.828312626625846349e+01 7.509795607286808661e+01 9.508601726913188656e+01 9.487822351060093240e+01 7.469862837739992756e+01 9.358339244974028759e+01 1.019194809198224760e+02 9.676590876551659903e+01 7.618643633646998126e+01 6.192388853188771947e+01 7.386184910095717271e+01 9.574027836290834159e+01 9.371631591628434421e+01 7.426043246437606626e+01 8.792089951390472891e+01 9.616368513735122292e+01 8.854866194771445009e+01 1.053481139203868366e+02 1.169423045857941901e+02 1.195223412148871489e+02 1.092505445682204055e+02 8.971712417831435005e+01 1.092505445682205618e+02 1.236500037551452635e+02 1.127426292083708717e+02 9.406775486536909625e+01 8.246272486317107564e+01 7.789396622609713461e+01 7.350412171012447970e+01 8.929958224726779292e+01 8.013510279874481057e+01
8.498610071832302992e+01 9.682331057302066313e+01 1.069038140898350520e+02 1.021862829014063863e+02 8.214691926545181389e+01 7.070497479172081512e+01 6.267272865876870469e+01 7.658751265043413525e+01 9.658437281746641645e+01 8.928270346879401131e+01 6.938766724214109161e+01 7.354927972378547452e+01 9.034161874144567150e+01 9.232299124483705555e+01 7.190922975385932148e+01 5.788258732973491760e+01 7.783701728985222701e+01 9.367045147471813493e+01 9.076205857778576558e+01 8.250663293912523955e+01 6.834643286571066767e+01 8.792103911178233488e+01 7.703357436972478922e+01 8.854866146426876128e+01 1.086512150657030560e+02 1.261002977385178383e+02 1.154232845494133102e+02 9.590255951374089705e+01 1.154232845494133102e+02 1.239493198405372709e+02 1.043163174682890428e+02 9.046249605311372477e+01 1.023413354995469575e+02 9.811247359417102132e+01 8.004393714405068749e+01 1.001337802251189686e+02 1.004195087781255751e+02
6.832323555364779111e+01 7.839184451177797541e+01 9.861717327364760877e+01 9.955449210843219987e+01 8.957187139750415383e+01 7.802336444314695996e+01 5.836156180899014601e+01 7.802336444313382913e+01 8.373111396458473621e+01 9.201168553433988961e+01 8.201737374617749765e+01 6.251889108853429633e+01 8.198278513565959713e+01 9.065721210379511774e+01 7.390861975015091900e+01 5.417319628039825119e+01 6.544528655992274935e+01 8.539065649709007744e+01 8.250670612900746903e+01 6.293624517385200789e+01 6.545177999392612378e+01 6.987835473319155710e+01 8.973763216432026013e+01 8.768758576925516479e+01 9.773734030951335683e+01 1.178426358677747032e+02 1.228460415020170302e+02 1.032061494660060958e+02 1.228460415020170302e+02 1.237647294798344149e+02 1.043060336745773782e+02 1.043078580001613318e+02 1.043059939500902260e+02 1.067060006153244132e+02 8.698934043785716597e+01 1.067060006727741808e+02 1.110136493319461977e+02
