LEM/sinusoidal_perturbations/elevation_000884.asc
nrows	100
cellsize	150.0
xllcorner	0
ncols	100
yllcorner	0
NODATA_value	-9999
[rows 17 to 33 of 100, columns 0 to 36 of 100]
5.222468517465790779e-03 1.812880851016817019e+01 3.238496526461594982e+01 2.936919364856013459e+01 3.078161835815021163e+01 1.813013051156341149e+01 3.738267159032774067e+00 2.311573195486214427e+00 2.609940968096759573e+00 4.680145237341695186e+00 2.449237360509457773e+01 2.152858531381652085e+01 3.123700437254085926e+01 4.989379671830203478e+01 5.538695676115199262e+01 6.365687832461996720e+01 7.523834406661167407e+01 7.404508712974731566e+01 6.362189870523241808e+01 4.408457086599552355e+01 6.362189870523241808e+01 7.207176979399569916e+01 5.649750755047107731e+01 3.714708120303819072e+01 3.781489408446095268e+01 5.718342928911958722e+01 6.004009849605137816e+01 3.947929888541481347e+01 4.533849053232037818e+01 3.058608979846653497e+01 1.656167781229390457e+01 3.667319362115202352e+01 2.676656763419448026e+01 3.399140167487238529e+01 4.589614005045336853e+01 6.630598220835797463e+01 7.701064816184894823e+01
7.333276091007126865e-03 1.176614545515801424e+01 1.928127798703254214e+01 2.086886697545746117e+01 1.111867913967688182e+01 2.132587053961110968e+01 1.894269709518778821e+00 2.167934453582221366e+01 2.261425673509796752e+01 3.030821891413459923e+00 1.009905456196192297e+01 2.966587248657066311e+01 3.926269349120816088e+01 4.482924062118503628e+01 3.563528953195595506e+01 4.686950738726078924e+01 6.702200669087119422e+01 6.625849732822513261e+01 4.692732715799402143e+01 3.698259745325288605e+01 5.671441008517030724e+01 6.909482965889451123e+01 6.108650891063699362e+01 4.164274036049782524e+01 3.054722446840785111e+01 4.478870738501964865e+01 5.290024445880476378e+01 4.550141766475253746e+01 2.500617559888917185e+01 3.449574226838163327e+01 1.572930762977365937e+01 3.580692412351027087e+01 4.726353231545442668e+01 5.452235434437397288e+01 6.291273586152934172e+01 7.465245040301188340e+01 7.258606219069503140e+01
6.343274376862209282e-03 3.003341262004553536e-01 5.943586864614085474e-01 8.884838052336549996e-01 1.182744872632463862e+00 1.477423065718761919e+00 2.127587392694965729e+01 2.937137515891446782e+01 1.909370747573322191e+01 3.328339057312675653e+00 2.002073538082375848e+01 1.528546789613027457e+01 2.024982792506859752e+01 2.564555458033212076e+01 4.482924717252456048e+01 6.365687469271144749e+01 6.120127315548574387e+01 5.332978970364808902e+01 5.047466297765408427e+01 3.093878928057307220e+01 4.189930881590809975e+01 6.126821056429584189e+01 6.928016302263932857e+01 5.799724951647321092e+01 4.478870738501964865e+01 2.538185639592373732e+01 4.478870738501962734e+01 4.163629819266192555e+01 3.321013951627681138e+01 1.457927681405202414e+01 3.349444657835650929e+01 2.558122251917241030e+01 3.468746697404957047e+01 4.654075779298372595e+01 6.688319492963424295e+01 7.956044194700434957e+01 6.419732403880698257e+01
3.497053469895897767e-03 1.938930245215419390e+01 2.022393179891844639e+01 1.503740264921028746e+01 2.102893644830512798e+01 2.019690926750812743e+00 2.207344285658569660e+01 3.486018077014420413e+01 1.709971826790125604e+01 3.626193919901679497e+00 8.336121587487365758e+00 2.917025090567413415e+01 3.926155918847700832e+01 4.482920891726175228e+01 5.238371956132588281e+01 5.654012745346162916e+01 5.332913584373409321e+01 3.414120236972871680e+01 3.976127137826394886e+01 2.656744428823947501e+01 3.977194414593587624e+01 5.918998656273529946e+01 5.778945273664775328e+01 4.490923881098068193e+01 3.680283867411925769e+01 2.193631676762482741e+01 4.011866247814212016e+01 3.193984714195711661e+01 1.342863061347696707e+01 3.321013875635009072e+01 4.266466907625054006e+01 4.598986613296555959e+01 5.440296834899890399e+01 6.352090067477346480e+01 7.523546641511867961e+01 6.545820946410765373e+01 5.129990659755231519e+01
9.635555453094322986e-03 1.406288393004823867e+01 3.317569831416862058e+01 3.488664646410460080e+01 3.099914451970409601e+01 1.698102816607831400e+01 2.246467610895721378e+01 3.319798322891451647e+01 2.189508237820717440e+01 3.925486503830127205e+00 1.887534933593503794e+01 3.267536285335070545e+01 3.780042247456243132e+01 3.517176616969228320e+01 4.074562160215408113e+01 3.908686831390485139e+01 3.924007061839661503e+01 3.509649016733279581e+01 2.160504606786309978e+01 3.972335638946151448e+01 5.299167819600344842e+01 5.217263227714084906e+01 3.738489290468959325e+01 3.680214664858845452e+01 1.707903432760037177e+01 3.647367990071278143e+01 3.174754015071260937e+01 1.223154710153150582e+01 3.193984714195628172e+01 4.163628992158020736e+01 4.817089857404089770e+01 4.817089700719269985e+01 5.648082898058501655e+01 7.318450147868760780e+01 7.049983898852084963e+01 5.714453328953475619e+01 3.723220181351197056e+01
8.845047570523793118e-03 2.000884504757016913e+01 3.051617112391939202e+01 3.684447834518092435e+01 4.512366143059295354e+01 3.819471274523456117e+01 4.175296986691271428e+01 2.570767317299820220e+01 6.001409114568731162e+00 4.225733443633814979e+00 1.143642323923193516e+01 1.114770634798628102e+01 2.598535739962477464e+01 2.156418513468246090e+01 3.406911516958742681e+01 3.631408158382190265e+01 2.167902762866588873e+01 1.738731516570808466e+01 3.462052885101400790e+01 4.551664808612408564e+01 5.308152812968373269e+01 4.128967792153595440e+01 2.496712762023380705e+01 3.144217162462458504e+01 1.386668905897924020e+01 2.889552986500216036e+01 2.743779728842325483e+01 1.135073997404257895e+01 3.177499311360012513e+01 3.957699194472269255e+01 2.795033070357694172e+01 2.795033070288579324e+01 4.817089700719269985e+01 5.340286174539794217e+01 6.046000672765026707e+01 4.230404488717212530e+01 4.231160797949591057e+01
8.023991185656003874e-03 5.172001890083124387e+00 1.051722857107136200e+01 1.684181349943220596e+01 3.098564843712730266e+01 5.098448711894442198e+01 4.575557684182865614e+01 2.570120858819161569e+01 1.531278049917547968e+01 1.104666448505028242e+01 4.651933325139914643e+00 1.048595193815423698e+01 1.286402525718150081e+01 2.057314750909340972e+01 2.385980374949774685e+01 2.568795397997845953e+01 1.318057570175462700e+01 3.025543986482485792e+01 3.565251894008539324e+01 3.795173469565569491e+01 3.878227631925505392e+01 2.488496014012646285e+01 1.643345184563166939e+01 2.317489273062410859e+01 1.152694157481885284e+01 9.776979250892713580e+00 1.009065057220945860e+01 1.523976541813474839e+01 2.737732303882375362e+01 2.182249296121104720e+01 1.275067392513110676e+01 3.384488264479582398e+01 3.408739870261619131e+01 5.340286174539794217e+01 5.224378447308281892e+01 3.234356156758924072e+01 2.227856505023938993e+01
4.598823041778624977e-03 2.000459882304142312e+01 2.466035275068579935e+01 3.684447834518092435e+01 3.098566524572602177e+01 5.098637706670898950e+01 5.178568926878018175e+01 3.169677392090591539e+01 3.339343031594581390e+01 1.348869352779749065e+01 2.372298367908200234e+01 5.078892630247228368e+00 5.380642651086251504e+00 5.685067888595214392e+00 5.989263112865629068e+00 9.015554301399498982e+00 2.083991306322731774e+01 2.429032809672959914e+01 2.586431113018241845e+01 2.057551887226096099e+01 2.769478079593265818e+01 8.395573472288543115e+00 8.708863961473470638e+00 9.022290607683755681e+00 9.335189649532377842e+00 2.437519964508283010e+01 2.783575471236285637e+01 1.056409862668665767e+01 1.089933480003503341e+01 1.123518364878549569e+01 1.157198963102189104e+01 2.042850863471261036e+01 3.834841588250991151e+01 5.060172786302156567e+01 6.045999300408728061e+01 4.077048185410387759e+01 2.073500986463548657e+01
7.340434288523949372e-03 1.414947605801959973e+01 3.414947605802030495e+01 5.294333533713722062e+01 5.098761104270296585e+01 5.925154870938773399e+01 6.001257537198369363e+01 4.794339400151665131e+01 2.742498345379107505e+01 2.739703778556026137e+01 3.597911971986318491e+01 2.690084389307670065e+01 7.587195521215843286e+00 2.659924900470754494e+01 2.683205895056180523e+01 6.421454015826965289e+00 6.727136803577101531e+00 7.033176707269531036e+00 7.339457400113243324e+00 7.646029986965323211e+00 7.952886049915905531e+00 1.730795004508447477e+01 2.305585927453795136e+01 3.105799695646559755e+01 1.124326022681704806e+01 2.068738971891555067e+01 3.444070688444688244e+01 2.258734084236833795e+01 3.127192241507989934e+01 2.290195230428931339e+01 2.404190194727171104e+01 1.205081926705320861e+01 2.106675077002308782e+01 3.861478417270004826e+01 5.406053979339004911e+01 3.924712192914555686e+01 1.921278914135370641e+01
3.515918393995972821e-03 2.000351591839364218e+01 2.956935292061451648e+01 3.491456505496011431e+01 4.094476900638812822e+01 4.801579006486253576e+01 5.629879434144408634e+01 5.622821341127466610e+01 4.794425317702132361e+01 4.770869134226286690e+01 4.518485474196291563e+01 2.453026274726093803e+01 9.806668178136559888e+00 3.022523041225082707e+01 4.117201806712198930e+01 3.137491170950560360e+01 1.509358301070145103e+01 2.858332305155885678e+01 2.751123481550345673e+01 2.083770579552914270e+01 9.762409472072130612e+00 1.013793308239462654e+01 2.890244603846830529e+01 3.695742169249301412e+01 3.543897127597345786e+01 3.046055060129866732e+01 3.684488484519986429e+01 3.497677706538919296e+01 4.736336259462908771e+01 3.926200590708809557e+01 2.027446563145932146e+01 3.197020471827030974e+01 1.253153319971454671e+01 1.424827559870241700e+01 4.067404049405406141e+01 3.563428490783399383e+01 1.770514261759763031e+01
4.608085242692564441e-03 4.718653293152989647e+00 9.569365793879606841e+00 1.491459063212804814e+01 2.094481752368321636e+01 2.801588533553969640e+01 3.956289052677828977e+01 5.956254688699885946e+01 6.424245700856752705e+01 4.417456659017302201e+01 2.953332486603514795e+01 1.732908401336217352e+01 1.235436989499996763e+01 3.322626210653062628e+01 4.392132545015721234e+01 4.808118246635531534e+01 3.133846999116119392e+01 3.866277211753241971e+01 4.844633359137419859e+01 3.921278351572806997e+01 3.506641356504803753e+01 2.935074821779369714e+01 1.237855355039504879e+01 2.755464118320483990e+01 4.467738701333059481e+01 5.143542803163919075e+01 5.404943820092008622e+01 4.829577235775423105e+01 4.988032888644661966e+01 2.976426575465372792e+01 4.039752597039089466e+01 3.944201682101396500e+01 2.152403799062859235e+01 1.301209365740603729e+01 3.309642001399568301e+01 1.558588338395533412e+01 3.549912135113705602e+01
1.610643649003322799e-03 2.000161064364864671e+01 2.956935292061451648e+01 3.491456505496011431e+01 4.094476900638812822e+01 4.801579004571878784e+01 5.629878662869768391e+01 6.784309553523026182e+01 6.165524956884843277e+01 4.153431798548950127e+01 2.680716319989873142e+01 3.820586768658399990e+01 3.322468461634789350e+01 1.612432426408624409e+01 3.109134661369843400e+01 5.157204403367700252e+01 5.637245282815431580e+01 6.349973835375146791e+01 6.480374481388332697e+01 5.575155105544403966e+01 3.850951543691883217e+01 1.941216251664116754e+01 1.825255470373868150e+01 1.470395237741089112e+01 4.059489659655603333e+01 5.215826955030397727e+01 6.061172261371904568e+01 6.613230214027908005e+01 5.748438286638429418e+01 3.736594787738319923e+01 5.748438286638428707e+01 5.104644143375372778e+01 3.922334698040768330e+01 2.446708629477772945e+01 1.349048177915513236e+01 3.173235836781515573e+01 3.372883347531423226e+01
2.022278438842990342e-03 1.414415790216991908e+01 3.414415790217062607e+01 4.823356598421747776e+01 4.455812244210481055e+01 4.088805436786424963e+01 5.503018992645476715e+01 7.503018228660653222e+01 6.165529320181348538e+01 4.153431807020558608e+01 3.890175811463404898e+01 4.911438318231193989e+01 2.855107612280417584e+01 1.894385329119994665e+01 3.991819028125555491e+01 4.426171553975177630e+01 6.434180818174465344e+01 7.078984153947295965e+01 5.037846846660738009e+01 3.622286720739165844e+01 2.759353811433772208e+01 3.850951543672402977e+01 2.133806674599974684e+01 1.630857749589357297e+01 3.546313428559411562e+01 3.208750203203059215e+01 5.215826955057524117e+01 6.309558685209996298e+01 6.581151702071601051e+01 5.159411012872500635e+01 6.581151373689998252e+01 6.202823531402816570e+01 4.335306648600819557e+01 3.753986940714829501e+01 1.524174636808509042e+01 1.398138802069435904e+01 1.432837805287443089e+01
6.642187732006160465e-03 2.000664218773165004e+01 2.823356738457441040e+01 2.823356736122870458e+01 2.455812275989781313e+01 3.610512814368588863e+01 5.024726376498581715e+01 7.024726120615292757e+01 6.990181360316059056e+01 6.165528822424668220e+01 5.324786542076898144e+01 4.544482857853061830e+01 4.826201775934311655e+01 3.991819027351666449e+01 2.343093687286444293e+01 4.426171553975177630e+01 5.742539443909291208e+01 7.058613174779689814e+01 6.480819442245149276e+01 5.575155106981189590e+01 4.142506040954690150e+01 3.056765214266422248e+01 3.974283696219563922e+01 3.546313428880282004e+01 1.857755357893155690e+01 3.796609373432927725e+01 4.640278461880919281e+01 4.265237044520122112e+01 6.309558685209996298e+01 7.170475919571784118e+01 7.238601372890715879e+01 6.222863863048166166e+01 5.387173645921036780e+01 3.998791515588589363e+01 1.945397931879775300e+01 3.439274619304042346e+01 3.447823967158838343e+01
1.591255364720534126e-03 2.888342601312843261e+00 8.233567439561284118e+00 1.455812275989798898e+01 3.455812263146150087e+01 3.904033770942686488e+01 4.330435202647300486e+01 5.158861737030490957e+01 6.053288654885452047e+01 7.207988597447456414e+01 7.313977932681052607e+01 5.963225828512818083e+01 5.594541225237869497e+01 3.570865616214710059e+01 4.426171553641458445e+01 2.862772209714665550e+01 4.917298421892364502e+01 5.075708603099051430e+01 7.058613174779689814e+01 7.007804079837779909e+01 5.879613152547158705e+01 4.016900717228649142e+01 5.876932601435127168e+01 4.615308465527471782e+01 3.785610937295247425e+01 2.092788506686487437e+01 2.637098629196044541e+01 3.519810363204754822e+01 4.678868420543565776e+01 6.732734940873824314e+01 6.408685220198938737e+01 4.365662072071363298e+01 3.337090575694041661e+01 2.617104935057013648e+01 3.998791515455366863e+01 4.817174240021530096e+01 5.034765336803908298e+01
6.189296070378335485e-03 2.000618929607002272e+01 7.812002240486132010e+00 1.140410828102159968e+01 1.511801504456260581e+01 1.904033774732621964e+01 2.330435207443835566e+01 3.224862398443719513e+01 4.379562936822833308e+01 6.379562916300983488e+01 7.576891350832516991e+01 7.946816956047761948e+01 6.418160432068522425e+01 4.754079751605267035e+01 5.742539443909291208e+01 4.917298421892364502e+01 3.416802588884564074e+01 5.439578371696489967e+01 6.944565772101742596e+01 8.086810842586332626e+01 6.898364411544199015e+01 5.440045049314318248e+01 5.346997274475207007e+01 3.335081513340414006e+01 2.354309406130295557e+01 4.059892543774851958e+01 4.640278461880919281e+01 5.496142439712101435e+01 6.410147200948507873e+01 7.604552879931614484e+01 7.238601421936903080e+01 6.222863910017053968e+01 5.310685238820361320e+01 3.260500267447140743e+01 5.310685238818511067e+01 5.668352878877134060e+01 3.653953140411326928e+01
2.247884206357958405e-03 2.000224780020249327e+01 2.781200232035943287e+01 3.140410826356786345e+01 2.926015066826612454e+01 3.318247337101921346e+01 3.744648769811500699e+01 3.146931788371547256e+01 3.854038569558070293e+01 4.748465760557954241e+01 6.162679322861321651e+01 8.162679246895577023e+01 7.566212002947592907e+01 6.742633045434224925e+01 6.501098372483595256e+01 4.515203801681280282e+01 5.439578371696489967e+01 4.130366157480589351e+01 5.288893258689656562e+01 7.262577163291510374e+01 8.356683773776227042e+01 7.371098624327049720e+01 5.346997270109096689e+01 4.549499571565754508e+01 2.550341852408583421e+01 4.549499577337329015e+01 5.750591086289859533e+01 7.184650268416845620e+01 8.159735786199114216e+01 8.484304959433674753e+01 8.023543566613381017e+01 6.010886687632229552e+01 4.561193395209895840e+01 5.310685238834778232e+01 6.146821613365390391e+01 5.757765253361673530e+01 4.494443507998297349e+01
