LEM/sinusoidal_perturbations/elevation_000522.asc
nrows	100
cellsize	150.0
xllcorner	0
ncols	100
yllcorner	0
NODATA_value	-9999
[rows 34 to 50 of 100, columns 0 to 36 of 100]
2.064481644892168701e-03 3.001698526363646979e-01 2.651716559660652894e+00 1.115496037068543700e+01 2.436546773966773216e+00 2.723727576180317911e+01 2.832090570856434297e+01 1.636698006854722109e+01 3.551983093687519499e+01 3.655899183255593954e+01 3.541533445818940606e+01 7.484688980768961386e+00 6.103833834341952702e+00 5.460426662020698707e+00 1.895458360905310613e+01 3.331217237674185583e+01 4.391922322668580136e+01 4.598441794234430091e+01 3.168610666656251951e+01 5.197247402212191503e+01 6.594446770557073023e+01 7.034725159984456866e+01 7.745747391672139770e+01 8.587235883039674889e+01 7.503915556515778462e+01 5.326749733538668607e+01 4.297567727030767770e+01 3.559509183309675251e+01 4.907069146532580817e+01 5.242994370059970066e+01 4.414126409994793931e+01 2.535502866214434192e+01 2.659611514268922861e+01 2.800228589657201894e+01 2.943481132315241666e+01 3.089450863817065240e+01 3.237860370149881817e+01
2.905961989428186391e-03 1.980578376932706064e+01 7.214675333657913914e-01 1.019011777669731611e+00 1.315705929285657660e+00 1.451710023716311859e+01 8.815951123798907219e+00 2.743434698976912500e+01 3.319542145608320993e+01 2.187501144036048473e+01 2.511065917648258150e+01 2.614783161082861440e+01 5.036461966172582017e+00 1.946678118696853232e+01 2.705130305429996440e+01 2.871413305545831918e+01 4.018832994829092797e+01 5.609279983859524066e+01 5.197247402212191503e+01 3.908124632114732577e+01 5.820034227686915784e+01 7.210809253252229212e+01 8.016863350559010826e+01 8.919470625672889241e+01 8.408078007099349804e+01 7.222733683930070470e+01 5.619012128594116007e+01 4.443183744753152808e+01 6.447415716404952946e+01 6.243941056638796283e+01 4.928044626142199292e+01 2.888285362212977248e+01 4.706805896651017207e+01 3.068159526433014150e+01 4.978533887145386672e+01 5.120641861136619610e+01 5.260339673324961751e+01
3.542675937824442140e-03 1.965379984544954439e+01 2.995054554929870605e+01 2.475538732340686110e+01 2.103701828654940087e+01 1.732252533276974260e+00 2.147568741523986802e+01 2.559209868826413992e+00 2.859107486478172699e+00 2.294603449306743315e+01 1.169214608707771319e+01 2.443852754103680169e+01 4.740048272850216016e+00 1.847463854651967452e+01 1.769521822647613618e+01 2.802951258901529741e+01 4.642284661993930683e+01 4.585780213845557540e+01 5.408436311613017011e+01 5.820034199908804595e+01 4.658034350307080018e+01 5.467117139293129213e+01 6.531253657635366494e+01 8.312229592514735543e+01 9.377823285755209781e+01 8.553275048934530389e+01 7.117443122544726464e+01 5.652275938262308586e+01 6.834484426352983633e+01 4.851119359992315339e+01 3.413487260073411278e+01 4.928237420090509602e+01 5.382115040807268258e+01 3.361047138281585944e+01 4.200351563882334460e+01 6.197411229061027882e+01 7.207442384890974552e+01
3.411803931810562015e-03 2.000341176079850314e+01 3.826565215117951624e+01 3.616008593620631473e+01 1.684984218593650596e+01 2.166159714637502454e+00 2.142100709797185587e+00 4.931576187393151400e+00 7.679488558158412026e+00 3.286946001630580483e+00 3.590332876645551341e+00 8.287220472680566274e+00 4.443655333303939692e+00 1.394346749480587633e+01 1.380284824003232913e+01 3.167095812559951895e+01 3.242126559490578330e+01 2.619594082003667168e+01 4.268860076289402627e+01 4.955306178958752383e+01 5.750445359555563130e+01 5.635934071030231962e+01 6.338590391162497895e+01 7.080366655498607997e+01 8.328795626410951058e+01 9.809160346059515234e+01 8.592418638543679776e+01 7.708619298902374339e+01 7.158752196954770852e+01 5.809882060167242201e+01 3.806558137719801493e+01 5.809882060165207918e+01 5.684869791327318467e+01 3.676544079088092332e+01 5.684869791327318467e+01 5.619049931334503611e+01 7.593698917984121977e+01
3.327314952832964925e-03 1.000332999380448662e+01 3.000746393516852706e+01 3.143432784099604405e+01 1.121961993428472937e+01 2.317724874624096287e+01 2.234916818911095859e+01 1.246382352751889400e+01 1.707109168428005930e+01 7.254658520062710281e+00 2.263409952234609790e+01 4.017622781155260725e+00 4.763331432563887802e+00 6.740877084790120932e+00 9.034027658158375829e+00 1.138579023940327950e+01 1.348738803076317438e+01 1.539183588541437508e+01 3.450323466703856212e+01 3.115201567922761328e+01 4.724759138704427386e+01 6.225228955516136864e+01 7.469988201797683303e+01 8.625011264823015722e+01 8.869165711577038280e+01 1.015089299333992443e+02 9.260711382347992071e+01 8.181316739210990363e+01 6.407208402469524344e+01 4.421169448062954643e+01 5.809882060167242201e+01 5.809882060167055329e+01 5.997013553239763439e+01 3.998235635409773181e+01 5.997013553239763439e+01 7.593698917984121977e+01 8.405621634865448755e+01
6.779948344387334673e-03 2.000677994609641175e+01 3.830974854496437132e+01 3.990214656124167902e+01 2.551809666246077768e+01 2.282733823959749841e+01 3.977041542924816753e+01 2.621251916548352767e+01 3.362553782287437087e+01 3.094949169470811157e+01 1.389212564851149878e+01 1.295295515314378854e+01 8.413893911657194025e+00 1.498029788427941433e+01 2.717698143660228638e+01 1.403529615351139803e+01 3.027612455440338479e+01 3.450320235888381148e+01 1.812951949896633863e+01 2.019726457607051984e+01 3.414889665153584275e+01 4.475791037113844340e+01 5.912571136266976168e+01 7.019901478177690990e+01 7.194431880345771901e+01 8.602794017277953742e+01 8.478006622202923381e+01 6.564792139040069685e+01 5.424694094089004182e+01 5.029016527661565306e+01 7.000866339091437851e+01 7.777022968772789113e+01 6.349159511527241762e+01 4.357016836875466481e+01 5.160068698907081597e+01 6.565289130598505096e+01 8.528504112344474208e+01
9.516927588586143695e-04 1.414308731660419838e+01 3.414308780202941307e+01 4.723242754667993637e+01 4.571731809881458020e+01 3.664344732853831488e+01 3.849646316526564505e+01 4.920013826028725390e+01 4.614102978831392932e+01 2.670493861369790167e+01 3.236951739704803543e+01 2.648182249140153388e+01 1.175429027199567855e+01 2.816760873023108402e+01 3.401186695907363600e+01 1.685495249626485048e+01 3.410020496776232335e+01 4.585075570954580115e+01 3.185052044496437063e+01 3.995588677047135917e+01 2.350245753127282455e+01 4.334349832523600554e+01 4.072745009543511685e+01 6.137695068652435992e+01 5.466127074750557568e+01 7.355160846677834741e+01 8.584988156925236069e+01 8.181316739210990363e+01 6.817538259075941198e+01 5.696718832901451179e+01 7.651194442705003951e+01 8.163961843686311681e+01 6.711958486026449577e+01 4.724716731821717985e+01 6.711958486141257652e+01 6.780215446594081641e+01 8.742500623901705126e+01
1.945935296826602993e-03 8.946217845302241400e+00 1.894621784634896144e+01 3.308835542945787012e+01 5.308882936602277880e+01 5.649705782170047996e+01 5.766304616964092844e+01 6.593973437707693108e+01 5.451106239748627047e+01 4.614009362965826710e+01 3.637778146791607981e+01 1.778342899694488466e+01 2.930114705840846412e+01 3.739285534768045238e+01 3.844597046650230254e+01 2.001624143565045699e+01 3.845038349620284635e+01 5.497497089982241647e+01 5.162363082296647576e+01 4.344353281482580087e+01 4.344353281482580087e+01 2.712935997828533274e+01 4.714309461629373743e+01 5.487696284750126097e+01 4.433190879321021782e+01 5.625099678534134995e+01 7.717555050562248198e+01 9.545095219345996895e+01 8.380370297015635117e+01 6.446788949949267078e+01 8.380370297015635117e+01 7.353253775465481112e+01 5.376479450327430243e+01 5.543910724860275963e+01 6.711958486099258891e+01 8.675454928166432467e+01 9.553766471327166698e+01
5.600688922766023682e-03 1.414773631265384068e+01 3.414773631265454412e+01 4.603120957114425948e+01 4.818803993759521376e+01 5.631288304833706349e+01 6.249680297228830028e+01 6.563274374556988278e+01 6.359498825196890692e+01 4.298396251372786026e+01 2.923911399731644067e+01 3.640172138905992938e+01 2.817499463303978402e+01 4.757699878951223837e+01 4.659464544875772418e+01 3.023167157993587395e+01 2.733400599224518857e+01 3.842510598648141240e+01 5.811950474041753267e+01 6.333256145884072907e+01 5.375686479734393686e+01 3.425962452476742470e+01 3.137474952231050551e+01 3.488319830546905109e+01 5.491897366878880149e+01 6.803595569854641667e+01 7.598754577515444453e+01 8.502926870976010321e+01 9.174336258493880791e+01 7.817370625309911247e+01 9.172907985187622160e+01 7.845004519736576754e+01 5.877802261965378250e+01 7.517792240318925678e+01 6.944652688807175878e+01 8.901473518711041777e+01 1.011314652861872929e+02
8.215197286175309616e-03 2.000821519728582132e+01 2.776842747723831550e+01 2.608264899011629367e+01 2.826335429921794429e+01 4.259677038565054374e+01 4.261614614441440096e+01 4.598506444369236590e+01 6.563143958748560181e+01 5.736996029549767684e+01 4.885855780827026251e+01 5.574814940420695564e+01 4.178901268584498752e+01 5.574814940420695564e+01 5.788342755314378962e+01 4.967735276024348678e+01 3.690845065697443772e+01 4.714856123228997831e+01 6.640036660672248559e+01 6.636681471630154761e+01 4.662072309761874322e+01 5.375686479734393686e+01 3.748675453406420388e+01 5.491897366878880149e+01 4.128763480060686675e+01 4.794411580757322611e+01 5.545402413083886017e+01 6.732477560039016851e+01 8.974217652352736252e+01 9.707175295700329798e+01 9.195973859870423439e+01 7.270664377936090261e+01 6.507628425004419626e+01 8.463178877517711385e+01 8.901473518711041777e+01 9.712206245596281917e+01 9.302354767966514260e+01
2.613274238814250559e-03 3.851615068346830650e+00 7.773937759196567043e+00 1.194422584545134391e+01 1.710819782634270680e+01 2.265514112347639397e+01 2.972545986666087359e+01 4.383943575772230616e+01 6.369372701264370562e+01 7.561393278152830533e+01 6.748165194764767705e+01 6.748322738146046618e+01 6.156020330429970500e+01 6.800657681064679139e+01 7.613260842931516947e+01 6.486290716319429350e+01 5.658942597963491750e+01 6.486290716319429350e+01 7.714036303239213055e+01 7.496215132213744425e+01 6.054818862231429222e+01 6.366392133498744244e+01 4.381887578581410025e+01 6.366392133498744244e+01 6.126528968590827162e+01 5.067710926755685108e+01 7.070789052621695703e+01 8.502926870976010321e+01 9.846719530005850629e+01 9.679769201148026525e+01 9.989456618553091971e+01 9.193699715928130445e+01 7.639787680033360573e+01 7.747042572696814489e+01 9.695477026855206759e+01 1.089609661520266570e+02 8.943976701867615020e+01
7.532853315450405325e-03 2.000753285331509446e+01 2.776842747723831550e+01 2.608347285152757777e+01 3.708720111753419957e+01 4.261951062126433953e+01 4.965319360434544649e+01 5.785991512693796324e+01 6.037562134293498417e+01 6.748243189678373710e+01 4.769151784678136607e+01 4.769152282564306233e+01 6.165634203478656872e+01 4.824490801742025781e+01 6.474783425874500153e+01 6.552467426972631870e+01 7.338049661340075147e+01 7.151128256969452934e+01 7.232010762833819228e+01 8.057790472742858867e+01 8.196969880276537879e+01 7.118015620631280171e+01 5.129406794123438829e+01 7.118015620631280171e+01 7.917154066875075102e+01 6.059747345182859135e+01 7.070789052621695703e+01 9.108001119214549135e+01 9.199967052758694308e+01 7.805824129595893623e+01 9.199967052758694308e+01 1.039767054600136333e+02 9.587850890614107868e+01 9.123663710964980567e+01 1.050550098645869781e+02 1.021812604170294492e+02 1.089609661520266570e+02
6.101047412966256744e-03 1.414823667114404238e+01 3.414823667114474404e+01 4.605902749485376546e+01 4.719609869157675064e+01 3.891627812638646589e+01 4.719609875829011258e+01 4.647684235117823448e+01 4.058621003501979629e+01 5.453616090746389489e+01 5.348837887880131348e+01 3.358860469213603039e+01 5.348837887880131348e+01 3.673276285911735073e+01 5.061314836333620804e+01 4.542103667189874727e+01 5.692887940460482099e+01 5.391965953108524445e+01 5.322743550116761924e+01 6.703932813060714579e+01 8.565592389333043855e+01 7.958726419062475088e+01 6.528011885593745944e+01 7.958726419062475088e+01 8.933003534733977347e+01 8.081830760060535113e+01 8.933003534733977347e+01 8.929041576895117771e+01 8.102577909236210019e+01 6.465274241905738961e+01 8.377833184081083573e+01 8.790517329980319516e+01 9.620235856148531184e+01 1.107595648922292639e+02 9.631502731854865829e+01 8.204611492179918741e+01 9.631502731854865829e+01
6.842009524227352091e-03 1.414897763325530278e+01 3.414897763325600977e+01 4.889387990448334165e+01 3.717750889591943775e+01 1.892192772767961273e+01 3.062095094621186675e+01 2.648649585573888388e+01 2.648133998151835300e+01 3.744390110433157304e+01 3.930269986754348110e+01 2.726548904660083039e+01 4.384823378535636351e+01 2.779318857079328353e+01 3.071034555759568718e+01 3.379607124719688471e+01 3.708327655781132393e+01 4.061718346779343136e+01 6.047142920664328614e+01 7.388358760060745567e+01 8.195478746514376667e+01 9.170347285054180020e+01 8.542410639609667555e+01 9.011898499068682611e+01 8.190365538508605425e+01 9.011898499068682611e+01 9.507857155094812640e+01 7.520492186680156976e+01 6.106517562963954049e+01 5.594049941919200819e+01 7.378660031364042027e+01 6.793849590141743988e+01 8.790517329980319516e+01 9.720172106982001026e+01 8.730093137640260181e+01 6.783108921715368922e+01 8.730093137640260181e+01
1.934550753332892102e-03 2.000193455075297777e+01 3.696260603828790181e+01 3.480456632489067204e+01 2.070614892990530365e+01 8.922206716025398165e+00 1.062471977654339206e+01 1.234604570500829013e+01 3.211240051214456059e+01 1.748069025246618935e+01 1.934569924276100750e+01 2.123552010100149801e+01 2.390812430033760450e+01 4.384823378535638483e+01 4.223969362069534128e+01 5.365850744671536887e+01 4.859425403305576907e+01 6.047142920664328614e+01 4.664250500905700392e+01 5.419056314131427143e+01 6.412302108441957671e+01 7.796868412554914585e+01 9.734704194467772709e+01 8.043751983763716851e+01 6.273566634451603363e+01 8.043751983763716851e+01 9.667321140225885756e+01 8.551962392136493918e+01 6.840158500963268295e+01 4.804933503215941926e+01 5.357941933764037401e+01 7.378660031361805238e+01 6.882136208106194886e+01 8.301154157544098666e+01 7.894585344911894254e+01 5.872737553965901469e+01 7.786414078519949555e+01
4.364784840791047053e-03 2.000436478484043690e+01 1.696490560653104751e+01 2.424647039547729932e+01 6.565184112508108072e+00 2.656290351625623458e+01 3.062095093823144865e+01 3.234153278590590475e+01 1.486580880865269272e+01 3.486834073827875358e+01 3.869855499204810201e+01 4.116641743333038761e+01 2.554877868774694960e+01 4.546573564713768434e+01 6.200747330751520536e+01 7.003532631621742155e+01 6.258252812309987689e+01 7.453022907887296356e+01 5.661478861667097107e+01 5.604783847017750986e+01 7.000857167443331264e+01 8.945846113360468621e+01 8.403473301974625542e+01 7.231966086480102263e+01 5.342043128607745928e+01 7.231966086480102263e+01 7.668426405665994139e+01 7.492273633905783470e+01 5.708405428876336174e+01 4.228453086272287464e+01 6.298540774288209576e+01 7.289769710705765249e+01 5.440527182588460420e+01 7.289769791325964832e+01 7.220605165679197057e+01 5.177321241449016753e+01 5.754048016721777259e+01
5.219006137575642711e-03 1.412414095598157893e+00 2.823105327315351687e+00 4.248046327073538464e+00 7.263159770369872703e+00 2.725835448976113895e+01 3.994316708721336084e+01 4.349137538236299605e+01 2.918317006244692635e+01 2.918634621766585369e+01 5.009734480871721019e+01 4.859241452498034874e+01 2.867215276653469047e+01 4.859271695870573637e+01 6.734930966312718681e+01 7.720857972014640325e+01 8.215164376629188325e+01 7.626579076390989087e+01 7.626579076390989087e+01 6.747589792755022131e+01 7.213647474585896191e+01 9.154941195103566542e+01 7.588860819128778701e+01 5.685279532886134746e+01 4.720143637759073130e+01 6.601991767189315397e+01 7.668426405665994139e+01 5.654120286903633286e+01 4.608812228042968684e+01 3.792296204868814158e+01 5.371132962123625987e+01 6.213410867434082974e+01 4.386452641770890892e+01 6.455137641447606711e+01 6.910085573608419907e+01 6.349314254369065225e+01 4.262586332439910564e+01
