LEM/sinusoidal_perturbations/elevation_000737.asc
nrows	100
cellsize	150.0
xllcorner	0
ncols	100
yllcorner	0
NODATA_value	-9999
[rows 51 to 67 of 100, columns 37 to 73 of 100]
8.821454061013194803e+01 9.647135321335726132e+01 1.064805170087791737e+02 9.743282822318823833e+01 7.560927571524355528e+01 6.477507235572547017e+01 5.755311369187215575e+01 5.685298254020140973e+01 7.108914243761302032e+01 9.128843080964286116e+01 8.011462710241079321e+01 6.016096830768604775e+01 8.011462710241079321e+01 8.455865341916216948e+01 7.040622267909981247e+01 8.455865341916216948e+01 8.254538768072544030e+01 6.253763637122899866e+01 7.637086157619791038e+01 6.075861387635648470e+01 8.072868930383631891e+01 9.322560735513522445e+01 1.003416275311309676e+02 1.086065622327832330e+02 1.185942111896984414e+02 1.341879375228376148e+02 1.204263909082303314e+02 1.011339765594241129e+02 1.204263909082303314e+02 1.128753527293259395e+02 9.663651091300143037e+01 1.060972380732910239e+02 8.664267458916512510e+01 9.692521687530050656e+01 1.163034789050334723e+02 1.026357039625773098e+02 8.632792025763656341e+01
9.350639240844310507e+01 9.400225283119296193e+01 1.022409372170312452e+02 1.059358180166576489e+02 9.450445450201408448e+01 8.571945809036444075e+01 7.211770343389135007e+01 5.196743170833372716e+01 6.782637294593909871e+01 7.614571985374294627e+01 7.565285335592672311e+01 5.572583523000557193e+01 7.565285335592170668e+01 7.562581639359051167e+01 5.631054328450822766e+01 6.918009467186880102e+01 7.103365695532323798e+01 7.290776102130946867e+01 5.647686348737977369e+01 7.637086157619791038e+01 8.903260992989102363e+01 1.047011926487389388e+02 1.065285009901055702e+02 1.144177379998661337e+02 1.138278125636470719e+02 1.217158811811590198e+02 1.285221063470435183e+02 1.147466235280459870e+02 1.285221063470435183e+02 1.240788819413508293e+02 1.159984694760645425e+02 1.122145260077939497e+02 9.286994479330823538e+01 1.122145264082292471e+02 1.243850814772097664e+02 1.139076724317252456e+02 1.058390193452488575e+02
7.346979097007593396e+01 7.394204911982241413e+01 9.400225283119296193e+01 1.007042582035548577e+02 8.363465381282453848e+01 7.231722196778960665e+01 6.260313072545584845e+01 6.771256478081078001e+01 4.764012075061906160e+01 6.782637294593921240e+01 7.149778284749483248e+01 5.152366890978913716e+01 7.149778284740627043e+01 6.481175720710633925e+01 4.726453687861418729e+01 4.917735467674779670e+01 5.109383122066424221e+01 5.300995628852489716e+01 7.290776101985031232e+01 8.043276347758228439e+01 8.817105596511638055e+01 8.524945745101240391e+01 8.731155963484233951e+01 1.004802049915448947e+02 9.495144490994643149e+01 1.138278125636470719e+02 1.230833421981228497e+02 1.341384668451899529e+02 1.314242616905569321e+02 1.231099705058941822e+02 1.279983868742543791e+02 1.086671595226959539e+02 1.040630244516900547e+02 1.202718084300854429e+02 1.215014803443143592e+02 1.118220322622436669e+02 1.037717164060404826e+02
5.974418044434791852e+01 7.133177212689945179e+01 9.140933046753666247e+01 9.504821301884474849e+01 8.348955121681312619e+01 6.259533019740376147e+01 6.758654434423436896e+01 4.970047004488079523e+01 4.468870536812065097e+01 6.493599241787873666e+01 6.758053681921909117e+01 4.748895145755616198e+01 6.230422790703838132e+01 4.461663044444271264e+01 6.481175720838358245e+01 6.918009467186880102e+01 7.103365695532323798e+01 7.290772581350455539e+01 5.729242066837410619e+01 6.043424209556801685e+01 7.967802272419756093e+01 7.104783907228485873e+01 7.593409636980892685e+01 8.101769455716980417e+01 8.775678693168218558e+01 9.650767650649788720e+01 1.097305832037848035e+02 1.284128340711261558e+02 1.198551949402703656e+02 1.030890367441167257e+02 1.198549984497018954e+02 1.279984186000219495e+02 1.233496269616353658e+02 1.314508020862361377e+02 1.134220065518256320e+02 9.412667049139832898e+01 8.431277437573368161e+01
7.981754675489938222e+01 8.809149316842750466e+01 9.965399033366547599e+01 8.671211287794056943e+01 6.673538948323964348e+01 5.538245550860477096e+01 4.766219536896049647e+01 4.062532467559367433e+01 6.095699906660649248e+01 7.324435270323850489e+01 7.585994902615003355e+01 6.230421218880652390e+01 4.199888524681171020e+01 6.230422790701054936e+01 7.309422595677568779e+01 8.080265182819607617e+01 8.908626116231101832e+01 8.553050315095799760e+01 7.133246862094206620e+01 8.017570089071048756e+01 6.518825702695554014e+01 7.334920043747932539e+01 8.504476421116827112e+01 1.004802049915448947e+02 1.068419140214763416e+02 1.068419140214763416e+02 1.230833421981228497e+02 1.227876707578455608e+02 1.115507971468262696e+02 9.146003506587659615e+01 1.115507971468262696e+02 1.191352231480486950e+02 1.165356013162148372e+02 1.248517720406867824e+02 1.215027322554932283e+02 1.067880888392220697e+02 8.738238250351479053e+01
7.915035649013240970e+01 8.871069842208405021e+01 8.678598382607584938e+01 7.789414582986817948e+01 8.344891495306896445e+01 7.184103079490748200e+01 5.252848775063324638e+01 3.811013048817778781e+01 5.260932454922348001e+01 7.268658622122529778e+01 6.687733629580090167e+01 5.857554220845347714e+01 4.035186667154277274e+01 4.695080134518035209e+01 5.375260786748993524e+01 6.082375926389173770e+01 7.233706435415425062e+01 9.236685937570652527e+01 9.143077477209813253e+01 9.366176260170128387e+01 7.709059825386820819e+01 9.421088208969493394e+01 1.020089365084025559e+02 1.046579359808118284e+02 1.237666198036584007e+02 1.256150097922010644e+02 1.219764109371616030e+02 1.144800857906168119e+02 9.438179300425522911e+01 8.427955763786177101e+01 1.044475988480415651e+02 9.906600480732048197e+01 9.645909538943301698e+01 1.132585416986685374e+02 1.261318145634978549e+02 1.067882134015881661e+02 9.863895175532776705e+01
6.037777332295135579e+01 8.047703041479948638e+01 7.376115625601798342e+01 5.448147163382916602e+01 7.376115625680805010e+01 7.034921984973379949e+01 5.022317349155057542e+01 3.570827236414452699e+01 5.611894084847169495e+01 6.476743886924489857e+01 5.645624702950728846e+01 3.816157601993705839e+01 5.857429128739133972e+01 5.069288223739675203e+01 7.095674581967288930e+01 8.080265182819618985e+01 8.908642881887647036e+01 1.006417810119576046e+02 1.052278757253757391e+02 1.078809062105742669e+02 1.001375496980617612e+02 1.009625556167103753e+02 1.055941839314781703e+02 1.140008958363648333e+02 1.202394041515578067e+02 1.119303309242895210e+02 1.019029163199648735e+02 1.055864712149494409e+02 9.806989844806810197e+01 7.786595149526604587e+01 9.069248144186056493e+01 8.478939615591134782e+01 8.478939617590921785e+01 1.049443333445461803e+02 1.206862924631343077e+02 1.260100959975515025e+02 1.179198765745562838e+02
6.406782481292343334e+01 7.619791445548429465e+01 6.439684333793699977e+01 4.145104093065330630e+01 6.439684333793714188e+01 7.177466994640047915e+01 5.372936492446675771e+01 3.339752525268371386e+01 5.295026203207743976e+01 5.438943334748327629e+01 3.601829922821492147e+01 4.387040553255359754e+01 6.410370369810297575e+01 7.095673847014440128e+01 6.360096626889273352e+01 7.864182787699469657e+01 1.009530210863273538e+02 1.000719475269298897e+02 8.715728454945062254e+01 1.008406769997926204e+02 9.889961360842123383e+01 8.076966822093929466e+01 8.768835110761014562e+01 1.061460934281574851e+02 1.086393645903856822e+02 9.182522623058763145e+01 8.765155733926299320e+01 8.544686443231243800e+01 9.967249245664973500e+01 9.069240301438902918e+01 7.053995768370856467e+01 7.313704282416952651e+01 8.215572794279893287e+01 9.228214719279723965e+01 1.065092490996873238e+02 1.265465301265518718e+02 1.323128113668591084e+02
4.754139122140527007e+01 6.784988509299435577e+01 5.605256383021320943e+01 3.396581295700028136e+01 4.822277532154139834e+01 5.530108375814477029e+01 4.386871676300740575e+01 3.113787792366153084e+01 3.253798308358166480e+01 3.395664273180643278e+01 4.848038960834433908e+01 6.410375016616873722e+01 5.823873518841499930e+01 7.826314887000120279e+01 8.426667102993691572e+01 9.277144663098137300e+01 9.568967171949631734e+01 8.421565585976784973e+01 7.336091716458878409e+01 9.178895004677913505e+01 9.252415565102246831e+01 7.304997118565611913e+01 9.252414312259777773e+01 1.039982921723011771e+02 1.003226433172951033e+02 8.015720712057239439e+01 8.954376425304377562e+01 7.122619723476690012e+01 8.948245056652208973e+01 8.115507641244195725e+01 6.591533531382064837e+01 8.594248190111937902e+01 9.722908086091707958e+01 1.039535709925524856e+02 1.122617921248284460e+02 1.222949770962667344e+02 1.325763425590713211e+02
4.920155206368684020e+01 5.750238056970542999e+01 4.904413471412207315e+01 2.816794920710638195e+01 2.723238896049777225e+01 4.490478126812182325e+01 2.946199774935031357e+01 4.981687170944398702e+01 5.295026203207743976e+01 5.438922180216276558e+01 6.270931280362604099e+01 7.693942775328790162e+01 7.826314887029953127e+01 8.654079053201698457e+01 9.684943484033277628e+01 1.024645319053464476e+02 8.782619250475632100e+01 6.916181178123817119e+01 6.402847367532282874e+01 8.381334319199265792e+01 7.920719572441355183e+01 6.670575499367556915e+01 7.668354970507043333e+01 9.607674992917598900e+01 1.086393575058040852e+02 8.954376425304377562e+01 6.944305406986947560e+01 6.380758140169501047e+01 7.743762796018495465e+01 6.130933686427069063e+01 6.572647507201219241e+01 7.097830279436780643e+01 7.701970990984516163e+01 8.378010275654148131e+01 9.391684457545454734e+01 1.139902974907860056e+02 1.226530805889085656e+02
2.891039919066247421e+01 4.716030457959042366e+01 4.547591605888304400e+01 2.666494270144241341e+01 4.471246215799006762e+01 2.779685368828135594e+01 4.546494644055594136e+01 5.644273076296683911e+01 6.035581119041803788e+01 5.550216212902113000e+01 6.388276273269566019e+01 7.317676785738672152e+01 8.126752909287868931e+01 9.131984224202516032e+01 7.782182108443760171e+01 8.339488012023302588e+01 9.559927660837787755e+01 7.558699318827339653e+01 5.687485980544860098e+01 7.279747076564851227e+01 5.939078289309237135e+01 7.348446246954195260e+01 9.302251451369761526e+01 1.039981191886566876e+02 1.023722900120073689e+02 9.787411302968969551e+01 8.954376424032801651e+01 7.743762796018489780e+01 5.775452101070619193e+01 7.743762796018323513e+01 8.574842726929725245e+01 8.205126373031603748e+01 9.113572283717148537e+01 1.039535664574704015e+02 1.122617679868276213e+02 1.222949770962667344e+02 1.144316171021411890e+02
4.706286995736603984e+01 2.694390596825047268e+01 2.609763802924294041e+01 4.639912803089728754e+01 5.346777754691333229e+01 4.791715392011387564e+01 2.839509390758228591e+01 4.873601486677841876e+01 4.393941650718247871e+01 3.457712809255816211e+01 5.514869847818793147e+01 5.336787718988608731e+01 7.317676785785425864e+01 8.339488012099342029e+01 6.481093453530512249e+01 7.346134263957520716e+01 8.129988001926237473e+01 7.158467720231085707e+01 5.169239234842618202e+01 5.287895020048546968e+01 7.279747076564851227e+01 8.064371850431959388e+01 7.956710060245843863e+01 8.804346182839852020e+01 8.489439729211153463e+01 9.747598313738814113e+01 9.292790039277916492e+01 7.525061565117137263e+01 5.564472712306505287e+01 6.939708922091156751e+01 8.938227856230366797e+01 1.021989059470906653e+02 1.105167382670018839e+02 1.195766790566558484e+02 1.210320256688710430e+02 1.127922344505349059e+02 1.153770594888354282e+02
3.220299707491788865e+01 2.553264576391604734e+01 4.588641525292644019e+01 5.473702282409542619e+01 6.156612698099433345e+01 4.129345413039741430e+01 4.224089713619225250e+01 2.899490044522147514e+01 2.941973350020586864e+01 2.984495757557666096e+01 3.897812816839914518e+01 5.716175647813543037e+01 6.601914732748754489e+01 7.753762118090364197e+01 7.346134263634858996e+01 5.537965036514790285e+01 7.060415349021971565e+01 6.239823223956796028e+01 4.672345480805125817e+01 6.680816175672569557e+01 7.329370827081646667e+01 5.893058953317460436e+01 5.875975416547976948e+01 7.953285218139384938e+01 7.288286596389741590e+01 8.878555714324286896e+01 8.460835548450864962e+01 6.471696884655597160e+01 5.355452503188358548e+01 7.312405807899807542e+01 8.164262551637966681e+01 8.832479718028409366e+01 9.665283741733050249e+01 1.067166552914952433e+02 1.127922344505349059e+02 9.269228940056073895e+01 9.857942700414176329e+01
4.496002592010836452e+01 2.515163001616054217e+01 3.690072246407272871e+01 5.726135982122210066e+01 6.159427993243369315e+01 6.143983950538813588e+01 4.521438366670931686e+01 4.934442569251861954e+01 3.765961384413761692e+01 5.019997705517106823e+01 3.044623687438435411e+01 4.313991108674451880e+01 4.658620151939129528e+01 6.826610934151092636e+01 6.778236311827936333e+01 4.995969080741945589e+01 6.088061746236030558e+01 4.206522067164515732e+01 5.920283287249630177e+01 5.864676062322958927e+01 5.924027925008138595e+01 4.282616634627856911e+01 6.452301335396043669e+01 7.794417465477688722e+01 6.418629158237048671e+01 8.143667209016105346e+01 7.662851989286338039e+01 6.837077293566036928e+01 5.147429455939861498e+01 5.647773996875702096e+01 6.179310315159914069e+01 6.827829368210589678e+01 7.825187983770210565e+01 9.839771452286629483e+01 1.102082621564880469e+02 9.006652883978146917e+01 7.835173723698639492e+01
2.461717602876255029e+01 3.311186466666401174e+01 5.088937649938723951e+01 6.561132968682157696e+01 8.178371250426711470e+01 7.372651673174203779e+01 6.527067570082378722e+01 5.133133330019897045e+01 5.699711787823356701e+01 5.908031145458053146e+01 5.081766442000031958e+01 3.104697379434090365e+01 4.547269947033542081e+01 6.536507602304892828e+01 6.270379815819634928e+01 5.534516356955262495e+01 4.275591624305150162e+01 5.695856727163315725e+01 3.741129297439375279e+01 3.818917513594747959e+01 3.894979095622933585e+01 3.968569137052061535e+01 5.989243998995620188e+01 5.999966195662189961e+01 5.726293129792478709e+01 7.252983204490760727e+01 6.574087501323481320e+01 4.869042132660557343e+01 6.256617533923357399e+01 7.613706739494880082e+01 7.575778391428752911e+01 8.832477201234479480e+01 9.665283741733050249e+01 1.067166552914952433e+02 1.184494272024092680e+02 1.068621574674569246e+02 8.953332914247349095e+01
4.402830272358050934e+01 3.215983804209020747e+01 5.248764232926806272e+01 6.960150471769330238e+01 8.003970543046207808e+01 8.917806739498206525e+01 7.020954615241987540e+01 7.038777069092840577e+01 6.641914373579437836e+01 5.816239004672341650e+01 5.186931231503334772e+01 3.147216436153603780e+01 5.188199139169025642e+01 6.207641115401897736e+01 5.078712748720532488e+01 3.689604828095038158e+01 4.837454186927648436e+01 3.633944980437942718e+01 5.173135213124504617e+01 5.815192944614862114e+01 5.922633589534332543e+01 5.956143707270950216e+01 4.069605131248511043e+01 4.760345869519245809e+01 6.161622374400111113e+01 6.164364929772246171e+01 4.590174806573337918e+01 6.574087501286047086e+01 7.662451722098499829e+01 9.066615155488111100e+01 9.584988992456732149e+01 9.051097533384992744e+01 8.791017781634425887e+01 9.627891053514780140e+01 1.079968853557079456e+02 1.039692725997410463e+02 8.675936295579266755e+01
4.403125331193655967e+01 5.248688758255752873e+01 4.080086581912436117e+01 5.104240584837553030e+01 6.559350523433860758e+01 8.684065657677362537e+01 8.388137789775491626e+01 7.238706084400264729e+01 5.817680893225525551e+01 3.748971389852455616e+01 3.293643157729786708e+01 3.190060250198225944e+01 5.231421669797110496e+01 5.356077534580530397e+01 3.402253747118970040e+01 3.466111462766500750e+01 3.532426706298917196e+01 5.620526569779328696e+01 4.784397207070946934e+01 6.493813902294066054e+01 7.226390623556548576e+01 5.492211611464856702e+01 4.941919115287073083e+01 4.169796945112764064e+01 4.241075966103186090e+01 4.312426159233432799e+01 6.313158906747897703e+01 6.555719975205185790e+01 6.596621552016534906e+01 7.446388594491902779e+01 7.758596512515961763e+01 7.040833140160410153e+01 6.782354983112486480e+01 7.936706564097642058e+01 9.958420289186339858e+01 9.567996562149058093e+01 7.557710790083893926e+01
