LEM/sinusoidal_perturbations/elevation_000914.asc
nrows	100
cellsize	150.0
xllcorner	0
ncols	100
yllcorner	0
NODATA_value	-9999
[rows 68 to 84 of 100, columns 37 to 73 of 100]
6.515265819588934448e+01 8.578109777873370945e+01 8.190982765704026747e+01 6.180431311578664122e+01 6.769145216961666733e+01 6.104513646449684927e+01 5.363469749781926765e+01 3.366206114539548366e+01 3.213551241511603962e+01 5.218042239892293566e+01 6.458992718697560065e+01 7.286873714280501702e+01 8.285839973737589048e+01 9.782601837340774864e+01 8.544536234600349189e+01 6.519443551592945596e+01 8.544536234600349189e+01 7.480381668699713771e+01 5.479272484339291793e+01 4.084728364987480376e+01 6.065348970157901931e+01 6.343352508706226445e+01 8.346649238547345817e+01 7.559772086168857186e+01 5.563884830584993324e+01 6.618899631642773329e+01 7.428612433798230086e+01 5.735042483209047504e+01 4.371057573705895294e+01 6.087593361690313998e+01 5.523196983077558286e+01 6.407878913940990628e+01 7.560090841216035074e+01 9.558811517227590571e+01 9.634146848018482956e+01 7.624923270281306031e+01 7.774883442492073016e+01
6.618592336639854068e+01 7.069012869770111251e+01 7.921742086621874535e+01 6.769308198567516399e+01 4.774831616350233077e+01 4.114399247579370922e+01 3.531522595467050962e+01 2.952308975308099903e+01 4.972198495257644879e+01 5.461439057297521771e+01 4.463885408712989289e+01 5.460337850866230980e+01 7.457647590333952792e+01 8.961508621132001906e+01 6.940531874336819840e+01 5.850772855054825783e+01 7.904145699475874665e+01 7.030558240703496153e+01 5.033406298604776907e+01 3.897349627436648234e+01 5.617162719890904299e+01 6.442516345361929098e+01 6.603425664864249711e+01 6.398424841843633715e+01 6.424278977041497285e+01 4.708857214449563600e+01 6.614777958060527396e+01 5.984604249142902432e+01 4.235338515839139006e+01 6.180092502119154574e+01 7.511267478653087437e+01 8.340444170334836826e+01 9.234207858524894164e+01 1.038917775443124611e+02 9.784208781406701405e+01 7.774883417852443301e+01 6.346680815933867592e+01
5.613442947396005422e+01 5.025551947719811352e+01 7.071001737581657665e+01 7.606405190810599493e+01 6.750385216318272796e+01 6.063820142324354379e+01 4.811990666123072913e+01 2.803968990341370571e+01 4.605923806272551957e+01 3.456885790439480388e+01 5.461439072609936574e+01 7.286873714280396541e+01 8.285838703120298021e+01 8.224979392038100912e+01 7.311388017239293902e+01 5.234967106828210603e+01 7.311388017239293902e+01 7.862174846706450637e+01 6.706963036335467621e+01 5.617391642830072840e+01 3.633897202622689804e+01 5.362908571340256003e+01 5.139378955300115592e+01 3.538363034580434885e+01 5.199581500144196866e+01 4.215220840141893888e+01 5.786268965945676257e+01 4.042484422776666975e+01 5.983773141224033054e+01 5.811740303874471181e+01 7.211574182825503954e+01 9.209806685503856727e+01 9.342958672721017876e+01 8.504592852800976743e+01 9.342958672721017876e+01 8.885447837877153177e+01 6.871607707678445820e+01
3.601798630358176467e+01 5.153561030724765857e+01 5.998248263357007914e+01 6.994765741982406837e+01 5.644683750139047618e+01 4.677089552063209510e+01 4.446148006316575874e+01 4.435459766948897453e+01 2.621565465302694520e+01 4.606694730108807789e+01 6.004804581780740591e+01 6.829404408425311601e+01 7.657538774505232482e+01 6.178478494520973641e+01 6.178478546107602654e+01 4.736817341818777294e+01 6.821970915122892620e+01 8.298822892170477417e+01 6.325148326184483238e+01 5.959051048100610615e+01 4.696438447864198196e+01 3.366950005234039622e+01 3.438548179424972062e+01 4.459014232430210001e+01 3.636799502242383397e+01 3.705811014393868419e+01 3.846371620172565287e+01 5.790838118938620482e+01 5.673668594429737055e+01 6.684384322065783124e+01 7.427877809076690596e+01 8.256637163769860877e+01 8.333024430989327413e+01 6.486433269158283110e+01 8.297239201835644451e+01 7.642570805788773214e+01 6.887485287520846100e+01
5.153561030724776515e+01 3.124461477522618935e+01 4.115144629298757195e+01 5.145310681848438605e+01 4.429688966852850029e+01 2.365356924436815689e+01 2.408440040119732117e+01 2.451670724520126754e+01 2.641284295888963740e+01 4.531482703045660543e+01 4.007277074387849325e+01 6.004795529811583776e+01 5.600730618655821047e+01 5.600732214824499522e+01 4.095300356648200335e+01 6.178478546030063967e+01 7.657258851781766396e+01 6.823899842240084013e+01 5.849770584133241869e+01 4.342039286145443810e+01 3.271210931310776004e+01 4.278010271710246570e+01 5.429923387646589816e+01 5.144127317218331541e+01 5.586280432044590327e+01 4.266340806251477602e+01 3.817571145067005034e+01 3.896649497405510232e+01 3.975331057149271885e+01 5.916235702258588702e+01 5.444288915193262568e+01 7.427877125459067997e+01 7.495325322494495879e+01 5.488718121132391303e+01 6.487713023528372958e+01 6.417708854821867703e+01 4.902625875037778513e+01
5.998248263350284759e+01 4.710825760785041183e+01 2.671620761518829212e+01 3.657553958672915684e+01 2.304506563267630526e+01 2.811260832458858872e+01 4.396341209299720987e+01 4.482607062899624140e+01 2.514730828042378619e+01 2.558622846038652554e+01 4.592331680416619122e+01 5.482515848656314006e+01 5.586842103718747410e+01 3.525665857561580907e+01 5.420228425556568652e+01 6.326712746521730679e+01 6.199529082109553002e+01 5.492248247061930044e+01 4.154521338991136759e+01 3.175358956982876180e+01 5.184698659555056111e+01 5.273628122247091454e+01 5.902044029243002399e+01 6.970688460851226864e+01 6.879396025700550865e+01 4.893500511873392611e+01 5.183923233038048295e+01 5.260078385795525691e+01 5.916235531707803830e+01 4.085530862279205877e+01 6.025251122773492796e+01 6.221157046889900499e+01 6.293065519963806764e+01 6.297492177992633344e+01 4.531390181759831393e+01 4.607325101638569720e+01 5.497450192346639852e+01
4.839286987445889565e+01 4.241572172534722540e+01 4.225828204684285794e+01 2.243748480406740597e+01 3.970746288089278409e+01 4.580107159176911580e+01 3.499749675229088552e+01 5.243765989506812275e+01 5.353670659550230937e+01 4.592072961245648344e+01 2.622241904938283952e+01 4.657200340856822862e+01 4.758090666299707294e+01 3.156408972521858303e+01 4.045011115058896678e+01 4.884362474413867261e+01 4.339489625415841090e+01 5.005588942564150301e+01 3.079772596210495195e+01 5.095843297604474742e+01 6.012275532561932323e+01 7.269900793325030008e+01 7.903104243668860818e+01 8.732330691088277774e+01 7.723881123782753377e+01 6.041301188418692902e+01 7.159916394648492144e+01 7.237969224476123031e+01 6.565597047815006704e+01 4.678735846519977315e+01 4.195213023223788440e+01 4.271971467008182088e+01 4.348337379103694644e+01 4.423936132518851139e+01 6.371338621009743264e+01 6.568539940345924322e+01 4.722646281092575293e+01
2.414015603860452330e+01 2.140263475593166120e+01 2.183223493063946918e+01 2.747237024306071262e+01 4.689327871048020313e+01 5.764008986035888427e+01 5.256367861453381352e+01 4.249326994000006863e+01 6.053210520324299893e+01 5.388038366218522413e+01 2.830491899230563746e+01 2.688998579583091697e+01 2.737472347340099077e+01 2.786154339585887740e+01 2.835435023238105856e+01 2.884769085480756345e+01 2.934427785696738411e+01 2.984419928907668762e+01 4.698732810744944999e+01 5.855472896801122573e+01 6.537964846250993389e+01 7.026179274581156164e+01 6.331372830500893656e+01 6.951382965210787290e+01 7.863658167834854851e+01 8.051765165946454772e+01 8.884785665740929517e+01 7.855245071877850194e+01 5.816132503890757022e+01 6.565310634751486418e+01 6.130521026209368074e+01 4.982204518706263485e+01 6.012339477401318533e+01 4.814451713219869333e+01 6.780892795735503853e+01 7.463249076952001815e+01 6.040903029195761320e+01
2.079429944502267702e+01 3.765718321281565295e+01 2.589003794231108557e+01 4.529526679252726495e+01 3.613530374688531310e+01 5.543928494925579287e+01 6.819947250141981954e+01 6.053211764261224914e+01 5.256793949185178860e+01 6.247339193449748507e+01 4.333851335903005975e+01 3.191315753189823923e+01 4.549147283232413486e+01 3.173991369530550699e+01 4.842040049916684552e+01 4.911214223002799883e+01 4.416265387122212616e+01 3.383660716874876329e+01 3.090321949892904385e+01 5.104732703571472285e+01 4.658902245544694409e+01 5.355771172895778420e+01 4.370525800380897863e+01 5.144103350477249847e+01 7.004410705037602725e+01 8.733887405416450633e+01 8.951836134136210887e+01 8.697791753818428617e+01 7.255382319361575583e+01 8.181054169439080681e+01 6.223212475276406508e+01 6.947653821361281246e+01 6.844416082620301722e+01 5.228649408583908809e+01 7.239483553190908083e+01 8.631376661749561663e+01 7.595633342111727870e+01
4.050233846226281997e+01 4.831375813321759694e+01 3.856753507622892130e+01 5.559913828842163497e+01 5.544920350605929116e+01 4.603422239877701827e+01 6.486405643264384935e+01 7.840709664323095751e+01 6.161934935890260334e+01 7.105198959689914773e+01 5.670637856527924470e+01 3.714531472510776666e+01 5.586796365479624882e+01 5.127265273618459673e+01 3.723971762242817363e+01 5.677007310503400817e+01 6.058196683672301930e+01 5.651185212356968179e+01 5.071514529859602760e+01 3.195998254207061606e+01 3.270958288314441376e+01 3.345637525962025904e+01 3.419774088309600302e+01 4.789599411920369221e+01 6.254321712653366916e+01 6.730253624018827452e+01 6.949706791839344078e+01 8.951836134136210887e+01 9.303441864565073161e+01 8.956544704144531011e+01 7.621924110623967863e+01 8.441175697325331839e+01 6.491786937718093498e+01 7.240413227305178623e+01 6.046902649543001473e+01 8.127615821588744893e+01 8.833199198697494126e+01
4.007855819744235504e+01 5.510025917123829231e+01 5.920465908302934821e+01 6.640680382638875301e+01 7.258777843975167343e+01 5.563000450169879230e+01 7.258777843975715882e+01 8.701464615674848346e+01 7.413238368842573323e+01 7.337131830537778399e+01 5.333801752116435324e+01 4.385872783784218143e+01 6.305669741126926198e+01 6.461126001540824859e+01 5.710202583333703785e+01 4.300862185017292916e+01 6.271464671834399240e+01 6.107756531809778267e+01 4.102465296773914361e+01 5.203392845428867020e+01 4.670017997041410496e+01 4.752843914588110152e+01 5.404021498280867064e+01 3.523854345319863057e+01 5.517325940451774358e+01 5.315098589218602854e+01 7.317104371575742050e+01 8.542387378713780777e+01 8.390579480009981239e+01 9.228301305747513084e+01 9.531015672328098276e+01 9.457541898279342263e+01 8.000988464642293252e+01 8.832939992800656626e+01 6.716429267670564229e+01 8.833297148592636461e+01 9.664093644132302074e+01
2.706779784802075639e+01 3.607481745685878138e+01 4.741450611185528174e+01 6.094070245101002570e+01 7.935370555931250180e+01 6.871127089394744303e+01 8.186229297205244393e+01 9.158631377243582961e+01 9.096145897046059758e+01 8.231727086170349139e+01 7.044874004016190838e+01 5.131491993808030116e+01 7.044874004015291291e+01 6.946773959081821204e+01 4.977906777711998387e+01 5.287888335496922565e+01 7.081323460248097490e+01 6.870381809573157739e+01 4.808613339295868627e+01 6.846377131965968488e+01 6.464791827904782906e+01 6.661180889584248632e+01 5.537847648952455160e+01 3.597052963570298090e+01 4.258922384601692102e+01 6.247271439141796634e+01 7.949442183873875933e+01 6.522688572882522351e+01 6.372516931407125185e+01 7.794963136047533681e+01 9.828524535575202492e+01 1.040773236980634522e+02 1.012649811987803048e+02 9.693445181756295881e+01 7.775940958731860064e+01 9.693445181756295881e+01 9.654108627166141332e+01
3.980194931099595834e+01 4.973474883241807731e+01 6.363633032010174162e+01 6.727222359364959914e+01 7.636953514628477535e+01 8.710308536159496384e+01 8.336928323385447470e+01 6.962166157906065678e+01 8.336928323385447470e+01 8.866652239803812563e+01 7.875357306493712883e+01 6.483715279139084942e+01 7.875357306479513397e+01 7.454762155703843973e+01 5.487332330116737467e+01 6.681862577436676531e+01 8.062185699972381769e+01 7.737464723223023100e+01 5.993199172370526639e+01 7.708601380719066753e+01 7.341937842374716183e+01 6.065734159511732315e+01 4.094868425870442508e+01 4.809219409878839002e+01 3.702857049728095262e+01 5.687335803260282319e+01 6.254072202247073164e+01 5.097384497016899729e+01 6.522688572882522351e+01 8.542387378713780777e+01 9.034950052376932206e+01 8.492387143095278645e+01 9.854991630983229811e+01 1.074216306450516072e+02 9.890653338694779961e+01 1.074216306450516072e+02 1.048517119115200842e+02
2.112407138196083167e+01 4.146088785345519767e+01 5.148149906350899840e+01 4.678061177020109085e+01 6.327757477064447755e+01 7.800324645920377975e+01 6.975071707933554421e+01 5.449171723793589450e+01 7.230134291980951389e+01 6.862335276267054951e+01 8.866652239803151758e+01 8.421739638830432284e+01 8.837329071176469597e+01 6.882084188426770766e+01 6.146432360538185691e+01 8.108927053286707576e+01 9.442508822508082744e+01 8.940829948494175028e+01 8.086046526560775760e+01 8.027944609386267416e+01 6.013008210371905449e+01 4.607654539435088736e+01 6.078151574808445901e+01 6.358993335920914092e+01 5.674118727288231412e+01 3.808183760857860278e+01 3.887214536264917797e+01 6.251354518786560988e+01 6.744651569032984639e+01 7.102491953219397658e+01 7.102491953193641905e+01 7.135792820075816678e+01 9.053378771685656545e+01 9.756105758439748854e+01 1.056118177750349503e+02 1.152407796061434482e+02 1.068964789232346675e+02
2.516240602119205505e+01 2.287484411002590079e+01 4.320622121421424566e+01 3.513918047825914215e+01 5.384066370304176985e+01 6.543557194314900016e+01 4.972025381947599953e+01 4.546567878756358283e+01 5.215998898567497122e+01 6.642747799966588218e+01 8.648210727357844974e+01 9.568226143075874290e+01 9.640242697449956211e+01 8.837329071176469597e+01 7.284445348834596246e+01 7.538142764474049784e+01 9.486922224527688741e+01 1.055471398346576279e+02 9.394202930647789174e+01 8.492376638754414842e+01 7.004498391873575258e+01 4.997853522740266641e+01 7.004498391509847011e+01 7.204977362191308998e+01 5.204245009577309133e+01 5.789949964393532866e+01 3.909863099381774276e+01 5.797465216029135604e+01 4.778410304477966974e+01 5.130960845905770640e+01 5.887764596940947825e+01 7.840590928439954155e+01 8.805611963419198673e+01 7.855118168398639966e+01 8.800596277989045291e+01 1.071161523889045668e+02 1.152105630118753794e+02
4.535737179243159289e+01 3.854464730953972662e+01 2.466161254177627171e+01 2.592883685451764819e+01 4.376065472402428469e+01 5.197469092068931928e+01 3.812247341959605507e+01 5.818691959443601291e+01 7.230134291980951389e+01 8.059063251013847662e+01 9.003175107712921488e+01 7.626560357567524306e+01 9.003175107712921488e+01 1.003708858718971726e+02 9.235190006523778550e+01 9.486922224527688741e+01 1.028851061727460774e+02 9.725954690468344666e+01 7.712054063201625809e+01 6.542377794440874084e+01 5.640698062817452296e+01 6.413379384764974134e+01 7.838156624269267070e+01 8.037288293159591035e+01 7.205580742841507913e+01 6.036007932950752775e+01 3.984296284546633871e+01 4.301119616453016192e+01 6.256494795000209308e+01 7.102491731479204873e+01 5.781561907467689565e+01 6.272698749456888123e+01 6.881390317244894561e+01 8.805611963419198673e+01 1.056118177750349503e+02 1.152407796061434482e+02 1.186597017215234473e+02
5.536481425138259027e+01 4.433983545167961893e+01 4.496072566053755537e+01 4.621067608407436467e+01 2.776805044045865145e+01 3.194867819677462606e+01 5.207185563356948421e+01 6.646638430071321579e+01 8.143481158866106284e+01 8.474187465177264755e+01 8.128887695889234521e+01 6.238435557909001261e+01 8.128887695889234521e+01 9.256382166492109320e+01 9.753595468399319657e+01 1.056645648329419345e+02 1.098924260940349455e+02 8.983088489583479941e+01 7.555779816503708446e+01 6.542377794440874084e+01 7.068499710341833975e+01 8.431585915811511711e+01 8.981235647415513768e+01 6.904433165820613283e+01 6.904433160976483919e+01 6.049484037524741353e+01 4.061913859895639689e+01 6.038026887117501218e+01 5.718496833419934688e+01 7.632487488919279883e+01 7.753674202412351235e+01 8.240632680907275187e+01 7.403352676252477238e+01 9.216911011670478615e+01 1.106966123930727122e+02 1.127331170869942127e+02 9.853237071732981178e+01
