LEM/sinusoidal_perturbations/elevation_000277.asc
nrows	100
cellsize	150.0
xllcorner	0
ncols	100
yllcorner	0
NODATA_value	-9999
[rows 51 to 67 of 100, columns 37 to 73 of 100]
7.609050068739193762e+01 7.562189702370882571e+01 6.738022673546029750e+01 6.244350703661053359e+01 4.239369629070399270e+01 3.630691603903901665e+01 5.654402914713922712e+01 4.005131288950217794e+01 6.035050821288133704e+01 5.558408758419088258e+01 6.557254602986104430e+01 6.715489041717482621e+01 5.262518976913395363e+01 7.062224947293032074e+01 7.878823460517222088e+01 7.714823362583292976e+01 6.160309434673954598e+01 7.544529433190973577e+01 8.904182882409271826e+01 8.446474021483561501e+01 9.901591396684544577e+01 9.077359054349861367e+01 1.019598694628192845e+02 1.216340040484069078e+02 1.027861438009987154e+02 9.689147991462397158e+01 9.481100654902303404e+01 7.487126093464249266e+01 9.481100654902303404e+01 9.894058779876252174e+01 1.190002051416635140e+02 1.046795175688592394e+02 8.224315223805774622e+01 7.003326701469008242e+01 6.214697321469685676e+01 5.824676919087840332e+01 5.485373876545054372e+01
6.956759106389969816e+01 6.738022673546029750e+01 4.728190190127968862e+01 5.316856495472124067e+01 3.465276344396705355e+01 5.264534545007476396e+01 6.449760281816544705e+01 5.031575878171519633e+01 4.215022545900716011e+01 4.371061083233101385e+01 4.531216657550226756e+01 4.694696984683850616e+01 4.876671173191277830e+01 5.062453136430958267e+01 7.066730728452826327e+01 5.741793222835286770e+01 7.714823362583292976e+01 8.934712047326405582e+01 1.032489466147296326e+02 1.040451264623889500e+02 1.121862305538634388e+02 1.102751371493449142e+02 1.184330730111636001e+02 1.297979023453222851e+02 1.229401830844944783e+02 1.170171213011152105e+02 9.997070155373860700e+01 7.998728872896570863e+01 9.113188195154279470e+01 1.111812337079331314e+02 1.127723029625716578e+02 9.915980821231997311e+01 8.132762443483289871e+01 6.890324961928622827e+01 8.138192695538808152e+01 6.785718213930501008e+01 7.276951820306389607e+01
6.445809606470614028e+01 5.982458869447022920e+01 5.153775597127494734e+01 3.303021992763591186e+01 5.316856495472124067e+01 6.309830987966442706e+01 7.610912915708311743e+01 6.715418486660441033e+01 4.822930953530612896e+01 6.400519844470530018e+01 5.975993771603057780e+01 6.715489041717569307e+01 5.901268487678534314e+01 7.066730728452195365e+01 5.329260107693933435e+01 7.320554359963718127e+01 8.495028378313286055e+01 9.175255264725048221e+01 9.997713201642311276e+01 1.114107342729892025e+02 1.108852578313146466e+02 1.125509505459383632e+02 1.208203406694413502e+02 1.212048152893581801e+02 1.294522027608890653e+02 1.163658278794889327e+02 9.628598099620896278e+01 8.626077392227620066e+01 1.063112043874007924e+02 1.195005223398411403e+02 1.046135751889593450e+02 8.555967552344040428e+01 7.632249699573320356e+01 8.772672868961684856e+01 9.423017365792107114e+01 8.012768529359722436e+01 7.480765885718069796e+01
5.383489014344820589e+01 4.992656635222733286e+01 3.144615113172015342e+01 5.153775597127494734e+01 4.466170506688206387e+01 5.640699511693423318e+01 7.684059672554194265e+01 7.477630917443705982e+01 5.482865011929857957e+01 7.477759481519854035e+01 7.960542385402686705e+01 7.878001945835836750e+01 7.878010745982022911e+01 7.942266974638630472e+01 5.975570197690522889e+01 5.703311105498377742e+01 7.678139589509615348e+01 7.218384181282283407e+01 8.340424282246806342e+01 1.031565559465665558e+02 9.095691838207255842e+01 9.254456310919971429e+01 1.070101636680789881e+02 1.011305128859044515e+02 1.212048152893581801e+02 1.246855506468778714e+02 1.146333530201862629e+02 9.781378079601844888e+01 1.004235986412521981e+02 1.205251420296589657e+02 1.127723029625716578e+02 1.017822235794715908e+02 8.284421194836741620e+01 1.017822235794715908e+02 1.055896900909006888e+02 9.477383438011187877e+01 7.232728553797767290e+01
3.380445851135512925e+01 2.988319584582891508e+01 4.992656608583109090e+01 5.145379818217156043e+01 6.495809382052436831e+01 7.348983972479163640e+01 8.593569416742964506e+01 8.306369003661511385e+01 6.643829971323295069e+01 7.112443031463502052e+01 9.103235674520577447e+01 9.850276013718394097e+01 8.987439671854370715e+01 7.031179820961706639e+01 7.942266974639397858e+01 7.678139589509615348e+01 6.084526364010854138e+01 8.045455217929978176e+01 8.781120557569397533e+01 9.125247116816939297e+01 7.720225957657923743e+01 8.127020750982688924e+01 8.707754658343647236e+01 9.590365547333280460e+01 1.101246764119375570e+02 1.301689899675172626e+02 1.262371413932397530e+02 1.179189008799465057e+02 1.205251420296589657e+02 1.288431073991206119e+02 1.155317960146470142e+02 9.608696419999070315e+01 1.017822235794715908e+02 1.050771372400460706e+02 9.663173767668961034e+01 8.938424337141434250e+01 7.826514451752883872e+01
4.730648440615440364e+01 2.883228616476387174e+01 4.033235012850401091e+01 6.045253854700400353e+01 7.916781312588331332e+01 8.375143117969705031e+01 9.191250562794228074e+01 9.528724469433532818e+01 8.679050674780711461e+01 9.103235953255840229e+01 9.260512906204324679e+01 1.008355729254454758e+02 9.804726515223133276e+01 8.155208921479182038e+01 9.804726515223133276e+01 8.862888325452867377e+01 7.471130380279804228e+01 6.501653440101893011e+01 6.834993918663808188e+01 7.178573327774294910e+01 9.125247116816939297e+01 9.513830801088663236e+01 9.364535102690950907e+01 1.136562708075668837e+02 1.159955207023141668e+02 1.359906629883351172e+02 1.325020379017005041e+02 1.242961329764374767e+02 1.325020379017005041e+02 1.424074413827573551e+02 1.237533912064819361e+02 1.155317960146470142e+02 1.111272211660166249e+02 9.062770477455062235e+01 7.615053830312884031e+01 8.093568179867021684e+01 6.068787873071681815e+01
2.736856807280706150e+01 4.730374485112119487e+01 5.711397031239550159e+01 6.870999387600073760e+01 6.981991569129955622e+01 6.404929303159465803e+01 8.375143117969705031e+01 8.452432130580824321e+01 9.305454015905240794e+01 8.945528700847454218e+01 7.296203685819314444e+01 8.945528792150513198e+01 9.947605368946139492e+01 1.012125042910453345e+02 1.093362839151580204e+02 1.025452593010536759e+02 9.068613569418843667e+01 7.119225648317554089e+01 8.781120557569397533e+01 8.290467603019969545e+01 9.948414307984458560e+01 1.151522431373770701e+02 1.136562708075668837e+02 1.136562708075668837e+02 1.336551495909620826e+02 1.299372850934760777e+02 1.214976056928299499e+02 1.041539401656215915e+02 1.142250365710295625e+02 1.316587888113388090e+02 1.227943726559590800e+02 1.121522645065230535e+02 1.034167094133915157e+02 9.612072643411076456e+01 8.367828648634389310e+01 6.338946825550914355e+01 8.093903540221006665e+01
2.746658827907356226e+01 4.735226771505630694e+01 6.303254141614560524e+01 5.916053482699662425e+01 4.987806862222656434e+01 6.981991569129955622e+01 8.227166206288636374e+01 6.589792647819355409e+01 8.227164961879879002e+01 8.126409886751015677e+01 6.159164209140361379e+01 7.951794365215140203e+01 7.955556483121540623e+01 9.463881879155420052e+01 1.045198988199119583e+02 1.046726831998578291e+02 8.489277717412545599e+01 8.489277717412545599e+01 9.068617751782979042e+01 1.026557713922243948e+02 1.109222833855568666e+02 1.183712557176776130e+02 1.157845541518223342e+02 1.240043533615526741e+02 1.253692878930499717e+02 1.166249787424629005e+02 1.040829314300450648e+02 9.388901524128310427e+01 1.031534919172624996e+02 1.233528731413401971e+02 1.142543344211634775e+02 9.269394530161150669e+01 8.225091825126234824e+01 7.618586244560789567e+01 7.086729995680276772e+01 6.535965803789095219e+01 8.577491161887867577e+01
2.825394951959087564e+01 4.814392877261960280e+01 4.399300026273711950e+01 3.901740756463543391e+01 5.906125509213148206e+01 7.291796975075288856e+01 7.416994138001483350e+01 5.441728011981458479e+01 6.368181412480128500e+01 6.754504935807099741e+01 5.396252294261182669e+01 5.981837860369883231e+01 6.684737408886437038e+01 7.661064262512715572e+01 9.624035580880426721e+01 1.129334737426716799e+02 1.046726831998578291e+02 1.046726831998578291e+02 1.105193854688344004e+02 1.135652232349220441e+02 1.053146625240462413e+02 9.834706863409859068e+01 9.574033225350240173e+01 1.124656150625565800e+02 1.173345686951799109e+02 9.768319595338270744e+01 1.036163696772089509e+02 8.684333882208755995e+01 1.068601424104256665e+02 1.175780716384407611e+02 1.227943726559590800e+02 1.121522645065230535e+02 1.034167094133915157e+02 9.365830986799885238e+01 7.327448321246643559e+01 8.577491161887867577e+01 6.863391840983408088e+01
4.107112402558923492e+01 2.935129852117105287e+01 3.011841201103673527e+01 5.018291152026986168e+01 4.616730864436163273e+01 6.017007898493137930e+01 6.413315564441057859e+01 5.893839220353095243e+01 4.353198294928041179e+01 4.747430234118279202e+01 5.918894047632262101e+01 7.895818274202795806e+01 8.642069572426578361e+01 9.463622810499283844e+01 1.044898016068071200e+02 1.080179701551813594e+02 9.980236269645594405e+01 1.045496826036871880e+02 1.127624560459176166e+02 1.020864382098061895e+02 8.544805705628749593e+01 8.437180681063155419e+01 8.437180681063155419e+01 1.042120172431307736e+02 1.147846559909119435e+02 1.033670143515524558e+02 8.360585202476757161e+01 8.189815273079777569e+01 8.919853203786944107e+01 1.033453514979222234e+02 1.235089476442852998e+02 1.153779187093171856e+02 9.456670358579890490e+01 8.247463045838260598e+01 9.367530147890032310e+01 9.757737327064387500e+01 8.910920595609776740e+01
4.882034115699783428e+01 4.933457108080454390e+01 4.832780922732057860e+01 3.122797677525690929e+01 3.203940850531238027e+01 5.227976943048235370e+01 4.601869127427341510e+01 3.874410714751050477e+01 5.893839220241888910e+01 6.754504935803382182e+01 7.572907596571208444e+01 8.713463903854842840e+01 1.033962812373589770e+02 9.532895510539231054e+01 1.033448867097516910e+02 9.663496638347240264e+01 8.013545959092637361e+01 8.482882616975101087e+01 9.846812184297094461e+01 9.026080195663386974e+01 7.443990918624209030e+01 7.340478460034164243e+01 8.693631513766793262e+01 1.068102859146697483e+02 1.065595672917835941e+02 8.737151584088100265e+01 7.630065812869341357e+01 9.582372726405384356e+01 1.092502680632930492e+02 1.092510108771946022e+02 1.293776506363480507e+02 1.238139950902778423e+02 1.118738383328443717e+02 9.369780506318534208e+01 1.118738383328443717e+02 1.023907986824666523e+02 8.173992669792181687e+01
6.802960256294295505e+01 6.295888538413869639e+01 4.287630559256449914e+01 5.140594334710937119e+01 5.207632821130825818e+01 3.325250986525129093e+01 3.414174781045492324e+01 5.441231887613784579e+01 6.345562440329851484e+01 7.579349247417262347e+01 7.795400224864079064e+01 8.611296686967192215e+01 9.360379549013178746e+01 7.508687309845146274e+01 9.360379550961013706e+01 8.844767075241179555e+01 6.894012747650000961e+01 8.844767075241179555e+01 8.723412632668761546e+01 7.095056505536261682e+01 6.602037640886844372e+01 8.516659853379802314e+01 1.009963658710886421e+02 1.074950673717693661e+02 8.807261300810681348e+01 8.816268386662319756e+01 7.307510983950423622e+01 8.264544183917058717e+01 9.651971548651283683e+01 1.165083071453764632e+02 1.210112425665157332e+02 1.231891776003150341e+02 1.236978620731306364e+02 1.126243774373207884e+02 1.142741976767991474e+02 9.369154685200240351e+01 9.131391584802750572e+01
6.176513033299477939e+01 7.118606498449014452e+01 5.456313310313066722e+01 6.513932281984060069e+01 4.501512013478090068e+01 5.352446642647650776e+01 5.441164822222022934e+01 3.547160560806986496e+01 4.930962488660642862e+01 6.393107878762707230e+01 5.867871786790306032e+01 7.795400224864084748e+01 8.530909013895806936e+01 6.409915056109866782e+01 8.530909013895806936e+01 8.227884390289344196e+01 6.270981354510795569e+01 8.227884390289344196e+01 7.911201088399134562e+01 5.982837011627452029e+01 7.342727594955263726e+01 9.280616481150279640e+01 9.987669004890369706e+01 9.165547659607589992e+01 8.420134628187187786e+01 6.875617230352337117e+01 7.986499348413556731e+01 9.949753972183870587e+01 1.106523183844578000e+02 1.151423082084929632e+02 1.010310305204590833e+02 1.032182283978108046e+02 1.231891776003150341e+02 1.350689405485966006e+02 1.226827239424464580e+02 1.056466067176493198e+02 1.059062666070227721e+02
7.004303129751234280e+01 8.265419158843677394e+01 7.445949007437532430e+01 7.334643873373464373e+01 5.673123862028219833e+01 6.733093597598112012e+01 4.722288479401050409e+01 5.572156175534356493e+01 3.680517705944598106e+01 4.496132141903427737e+01 6.432431738598553750e+01 7.816488700578713633e+01 7.823825843158697069e+01 5.647917500743871244e+01 7.319788254206876843e+01 7.685137139992191635e+01 5.710535172359296041e+01 6.964142080248741706e+01 7.087656357916326044e+01 5.597642265428353170e+01 7.546468523153194496e+01 8.936472396958741626e+01 8.827578380164869998e+01 7.213473028837293555e+01 6.474258110356687723e+01 8.420134628187187786e+01 9.637001367222853787e+01 1.077567932404916604e+02 1.073182342726094305e+02 9.906241401638943955e+01 8.718632928724225906e+01 9.638968994681007985e+01 1.085995146065292545e+02 1.275798662034031565e+02 1.344359062672044161e+02 1.260597061004587118e+02 1.263344808467553406e+02
6.532133821051478151e+01 8.029877394570192450e+01 8.556942970624034217e+01 8.480923120686331629e+01 7.662969896806174575e+01 6.369197602160841143e+01 6.733094243325616901e+01 6.529161812653249797e+01 5.704492507602612505e+01 3.813421277874775228e+01 4.989988989770451866e+01 6.997094952857344197e+01 7.191904892156513540e+01 4.985864330066564065e+01 5.755535148150097058e+01 6.674937941755680981e+01 6.792395678846570206e+01 4.952163436981519595e+01 5.083973115703167878e+01 5.216377857311917410e+01 7.212504457687899162e+01 6.960538526362633149e+01 7.647658682438010658e+01 6.082692404142197518e+01 8.038516846054122311e+01 9.238429898588952938e+01 9.792530554737237480e+01 8.971007863445574060e+01 9.231109493403148747e+01 7.955993983186351670e+01 9.906241385315759373e+01 1.151422813274846391e+02 1.241476700949274630e+02 1.190630549453143487e+02 1.271527476451260128e+02 1.368227002985851186e+02 1.234072467918319376e+02
5.703424826318986618e+01 6.019780886006823550e+01 6.556088589496366126e+01 8.556942970624034217e+01 9.170715607766832989e+01 8.352248674714731180e+01 8.217570993660518752e+01 6.393092839424418372e+01 4.224005110234682547e+01 3.907234379916859268e+01 5.933686524490261860e+01 6.172839471022876268e+01 6.232281564533617058e+01 4.406568311837582996e+01 4.526226715825511349e+01 4.648103309395079208e+01 4.772166418475822525e+01 6.216331670075540927e+01 7.087656355624589821e+01 7.212504453771171598e+01 5.414764967620684644e+01 5.555861582249242048e+01 5.706348283456929948e+01 7.675331808495923269e+01 8.729286571594235511e+01 9.418028085035398078e+01 8.603756615682581810e+01 7.031000715407392931e+01 7.292967938783179704e+01 9.231109473992394499e+01 1.006156741957296390e+02 1.043542745292627103e+02 1.083439256252371905e+02 9.896436278401758102e+01 1.091215130217012899e+02 1.287241680228883070e+02 1.320335980342556184e+02
3.986963223291356684e+01 4.903028914448748310e+01 6.923252209499040077e+01 8.204888735627655194e+01 9.035656068720163603e+01 8.800591955642882169e+01 6.822409954473093308e+01 5.262002358455385576e+01 6.366656873398149941e+01 5.435589616740622887e+01 4.041819880868213488e+01 4.142299823391837776e+01 4.243486015144589629e+01 6.132103830716716431e+01 6.543403628007310147e+01 6.674937648217054686e+01 5.621489766093008456e+01 7.438307276514647981e+01 9.006116914764801606e+01 8.208452813640190016e+01 6.316951812581377368e+01 5.941909633080234698e+01 7.674791305537999619e+01 5.961852748932292911e+01 7.917824669395541548e+01 8.346004723639391898e+01 6.665475754518011797e+01 8.600207696681844993e+01 9.229855300126092743e+01 7.752683279714982234e+01 8.086934700174823831e+01 8.440807365094836712e+01 8.820931399880282697e+01 1.083439259304536222e+02 1.241557152115008051e+02 1.368227002985851186e+02 1.370049956083951486e+02
