LEM/sinusoidal_perturbations/elevation_000899.asc
nrows	100
cellsize	150.0
xllcorner	0
ncols	100
yllcorner	0
NODATA_value	-9999
[rows 17 to 33 of 100, columns 37 to 73 of 100]
7.507939199439206845e+01 7.827782165470561893e+01 5.793439374670933972e+01 5.387749898139639981e+01 3.355355901734988322e+01 5.077912425135905750e+01 5.299685386897235162e+01 3.588151121006249156e+01 3.822844739040156270e+01 5.849338948948221173e+01 4.759117916002873727e+01 6.198256637502358046e+01 8.234351043678091742e+01 9.265685504346511436e+01 1.028035163329286661e+02 1.053158960426659831e+02 8.663412426963901680e+01 7.313488979058509187e+01 8.316287396421932954e+01 7.474752319052498706e+01 5.522391484361265412e+01 7.481159826399829171e+01 9.383459396686049558e+01 8.581802208677704868e+01 7.496975999186803108e+01 7.952511278371551384e+01 8.163707393005414303e+01 9.743511399792954819e+01 1.054627513125741842e+02 1.151444800538725275e+02 1.082903967019794322e+02 9.881309628939685297e+01 9.099317081607954094e+01 8.440464672653433809e+01 7.775558386503522001e+01 6.974762165014263360e+01 5.023156938300738261e+01
6.337151015842194113e+01 6.646674885269304411e+01 5.461994614490405553e+01 3.760563822585407934e+01 2.849847695400568526e+01 3.046352363972330224e+01 3.267102618165553451e+01 4.703718972322802472e+01 5.856488070752799757e+01 5.259680664674452544e+01 6.794614881935298456e+01 5.668136199194664471e+01 6.688309059463659878e+01 8.129643931288525494e+01 1.015754192019979456e+02 1.072519197061783558e+02 9.979441881130900072e+01 8.316287396421938638e+01 6.400627181669240429e+01 5.852861588729484765e+01 5.317590520250008979e+01 7.292467461659312278e+01 8.265800171754617054e+01 6.645764590698189522e+01 6.122676828566097385e+01 6.585905440817279555e+01 7.170771276779797176e+01 7.812458664985926760e+01 8.776041586754929824e+01 1.071098121283097129e+02 1.005017984864967389e+02 8.148454314566242829e+01 7.196077421101010430e+01 6.550925259152901958e+01 5.982815362945390802e+01 5.452167500888215557e+01 4.935628310245438399e+01
4.328304304115061285e+01 4.916681883477122739e+01 3.772289524279525352e+01 2.593483789020151775e+01 4.619762596195701576e+01 5.077912425135905750e+01 3.722403941479240075e+01 5.755657568392388868e+01 7.580755179268874144e+01 7.296553677442190633e+01 7.296553677442190633e+01 6.688309059463659878e+01 8.546562034456714230e+01 9.562874335552962179e+01 1.015938563328691657e+02 8.788737366343939073e+01 1.015938563355308872e+02 9.090790913773334125e+01 7.493888789910946002e+01 6.122003611242878662e+01 5.127366972478088769e+01 6.838972078300723467e+01 7.464030368775721058e+01 5.509090277219118548e+01 7.464030368776069224e+01 8.518194923292496412e+01 9.099827154857274536e+01 9.743511399792954819e+01 1.054627513125741842e+02 1.151444800538725275e+02 1.082903967019794322e+02 9.881309628939685297e+01 9.099317081607954094e+01 8.464903861438975241e+01 7.908019101379211691e+01 6.241949049444752973e+01 4.849000816009144188e+01
4.700738599091583581e+01 2.917466722400341084e+01 2.346216539359334519e+01 3.768550481305729960e+01 5.439467347645468465e+01 6.264219452853545533e+01 4.229971675676674892e+01 6.264219452853545533e+01 7.895294449553207983e+01 8.736587766062623928e+01 9.334443987795935982e+01 8.129643931288525494e+01 9.562874333614381328e+01 1.029354328527815596e+02 9.355911788476443292e+01 7.423163211129080707e+01 9.355911788476443292e+01 1.015410747915802432e+02 8.849571420817889589e+01 7.888005339001422556e+01 6.838972078301677016e+01 4.864823111577089776e+01 6.587237972043921275e+01 5.128518770851073327e+01 7.094581418041094878e+01 7.896758210985031212e+01 8.412074947606409125e+01 9.091509409487596827e+01 9.888058050894984774e+01 1.084872833008207778e+02 1.172031061410834383e+02 1.074611347907697905e+02 9.937026340830590243e+01 9.207103212867497177e+01 8.956656445312897574e+01 7.594115310809402786e+01 6.668148880551207469e+01
2.766813562112719183e+01 2.105657852641361671e+01 4.121430702025931936e+01 5.198893576206138079e+01 6.564361961786276822e+01 7.106674969475426451e+01 5.667869276012595492e+01 5.138445369378472094e+01 5.857966843965289883e+01 7.035596616752917498e+01 9.069663528736830926e+01 1.015754192019249729e+02 1.085940444743864219e+02 8.922693377951651428e+01 7.556769519048334871e+01 6.690336654237275127e+01 7.866406616932574991e+01 8.668780656497963832e+01 8.249252323671385057e+01 7.893930339163031817e+01 7.643339529145455913e+01 6.587237972043921275e+01 4.606404240982885057e+01 5.028537843322901324e+01 5.458315417369427536e+01 5.957430246807733454e+01 6.483936273498774483e+01 7.169778548015511888e+01 8.131542454491790295e+01 1.005147636448342041e+02 1.090918767207961650e+02 8.964865012535602773e+01 8.005831156381498204e+01 7.284977156831752154e+01 8.301004301997772927e+01 7.252467426102556658e+01 5.307136248870924078e+01
3.956332928747602296e+01 1.948959530895713144e+01 3.764436583564576466e+01 4.689599065745024831e+01 5.616159984648557213e+01 6.640111199223255767e+01 7.703937173165260788e+01 7.174990366848332712e+01 7.895294449553207983e+01 8.736587766062623928e+01 9.910098070484370680e+01 1.069919713951972398e+02 9.902427852250532681e+01 1.029354328527815596e+02 8.983400314565531630e+01 7.048710478531013734e+01 5.920457236722280925e+01 7.251043391646851433e+01 6.303603551175019959e+01 5.941469718507073594e+01 7.038360048959188475e+01 6.231091577412156113e+01 4.455155828930534057e+01 6.439061274646111599e+01 6.847289081499368990e+01 7.058258946780979670e+01 8.412074947606409125e+01 8.059707685629328466e+01 9.888058050894984774e+01 1.084872833008207778e+02 1.172031061410834383e+02 1.027782544435005434e+02 8.342283476780394835e+01 7.238807156131468901e+01 6.379556050013408708e+01 5.918007615945744249e+01 7.252318098267384983e+01
3.741638861097108304e+01 3.148810252900770834e+01 1.764189230974529821e+01 3.635919832966730780e+01 3.711405134002612982e+01 5.132378419069445386e+01 7.312907853504492550e+01 8.366609793382416171e+01 9.194758162301417315e+01 8.796187445393944415e+01 9.647640264726697978e+01 9.584423138459135316e+01 7.968569658400434719e+01 9.584423138459135316e+01 9.786463748795152640e+01 8.668780656497963832e+01 7.251043391646851433e+01 5.289326819100119792e+01 4.901093577132984791e+01 4.532052776102970881e+01 6.025531826136342772e+01 4.243443844969849010e+01 5.657589803476607671e+01 7.245040112640000984e+01 8.778884927816667982e+01 8.986179377265503376e+01 9.783102007675903167e+01 9.979929465466052818e+01 1.077775150726659348e+02 1.125733439246944414e+02 1.104491065574312501e+02 1.108759657661586289e+02 9.966827196576799963e+01 9.104151963745739806e+01 8.301004301997772927e+01 7.848114604414540452e+01 8.649163418732753428e+01
1.852939878349959457e+01 1.647209632853786232e+01 1.680837907780921370e+01 2.473276026121305193e+01 3.967225161495807129e+01 5.087048263425234751e+01 6.486985802653708788e+01 6.295880888003215148e+01 8.011305606724289419e+01 6.671504052716272781e+01 8.432637743985851841e+01 8.785914303456613084e+01 6.845047586499279646e+01 8.785914303456613084e+01 1.020310686746731932e+02 8.267487110021929198e+01 6.895188291158099503e+01 7.250055674222460311e+01 6.639183051518297418e+01 5.840738247390785887e+01 4.035245400328895471e+01 4.673267987310296689e+01 6.650922704236297989e+01 8.418601788820309650e+01 9.467809406065791222e+01 1.000568131206445486e+02 9.143377164596608964e+01 1.000568131206445486e+02 1.125733439246944414e+02 9.309022888749461799e+01 9.095606842915501034e+01 9.864895878686900232e+01 9.057965265708189406e+01 9.864895878222736769e+01 9.834052673363727592e+01 9.004562088532665598e+01 9.030081275105482064e+01
1.600254984507669320e+01 3.468055500069082342e+01 3.588216705445113064e+01 1.727749842443370909e+01 1.837751605387540721e+01 3.004823991336649414e+01 5.448502094783930971e+01 5.128777996326675037e+01 6.361028104240978820e+01 5.476364605963549081e+01 7.569500916688761549e+01 8.099714294986716823e+01 6.149748763727743750e+01 8.099714294986716823e+01 8.479638926362294171e+01 7.675528397479148168e+01 7.675528397479148168e+01 7.201937552860309211e+01 5.262936297734379565e+01 3.849023550043141739e+01 5.840738247390785887e+01 6.650923373581552767e+01 5.741476480948512062e+01 6.725416451948052554e+01 8.665120019661664230e+01 8.981890002519654104e+01 7.109962202068507509e+01 8.981890002519654104e+01 9.935834750280378103e+01 9.666544711099911069e+01 7.715257617055654293e+01 8.623537886936003360e+01 7.109069776444977151e+01 8.783545356833506901e+01 9.002652200150033934e+01 7.051432724315517930e+01 7.615349054791977323e+01
3.502229019644178720e+01 4.049259899552200892e+01 4.122826854752818093e+01 3.464448019825208291e+01 1.774000866142613830e+01 3.378362970631008011e+01 5.845480396108648335e+01 4.285448714803278136e+01 4.359333838983255305e+01 5.746570160549509865e+01 7.844386786937694467e+01 7.511777565776526444e+01 5.550380388582480862e+01 7.511777565776526444e+01 7.675528397479148168e+01 5.717740182776147861e+01 5.717740182776147861e+01 6.344439969254015921e+01 5.533348550658628540e+01 3.719625169456385549e+01 5.711631953671263773e+01 7.418974127623171455e+01 7.695268235804853418e+01 8.498227078798373668e+01 9.467809406065791222e+01 8.126669683332556815e+01 6.120393412521143262e+01 7.044489609654692686e+01 9.076355269437355844e+01 1.000296393998125382e+02 8.052160907473869145e+01 6.676504260528128043e+01 6.137883691098041794e+01 6.861997959380552459e+01 8.239925277747720145e+01 7.615349054791977323e+01 5.675949800077934526e+01
4.324388518629502443e+01 4.592643277754512354e+01 2.415361724285952860e+01 1.820066912174786466e+01 2.107889567920462071e+01 4.068244560250658992e+01 4.878024190934448256e+01 3.540859182424590301e+01 4.611116297950081844e+01 6.633430153993839440e+01 8.078729444918799629e+01 6.987572120315851976e+01 5.014962520771077692e+01 6.987572120316124824e+01 7.675369895690521105e+01 5.717735244423694496e+01 4.309485837061204450e+01 5.356987350501570688e+01 3.541949577122235127e+01 5.399667532597982955e+01 4.619227761372862773e+01 5.623186325498862459e+01 7.025521584441899847e+01 8.975854283242723852e+01 8.873493107179535855e+01 7.417343905320348085e+01 5.416102296526356952e+01 7.417343905320348085e+01 8.503410688957400509e+01 9.681966345063456458e+01 9.430781210068525411e+01 8.623537886936003360e+01 7.434979736727376576e+01 5.481934916815475844e+01 6.859507656386408314e+01 6.500388140900192013e+01 6.155530786292414547e+01
4.799144572498119032e+01 4.504536491977908241e+01 2.452114183879123033e+01 1.852658538678854683e+01 3.733562657046677913e+01 2.603277453713463174e+01 2.963484542414261824e+01 4.878024190934448256e+01 6.319360388032760767e+01 7.497874481414790182e+01 6.691782464131730990e+01 5.306113830105972795e+01 4.527748482755878712e+01 6.509144018137459398e+01 7.282091914403075350e+01 6.466197857029425222e+01 5.349312770146688223e+01 3.367399325659260967e+01 5.356987350501576373e+01 6.313191483739183241e+01 5.775593034171573947e+01 7.418974127623171455e+01 8.401123089329047389e+01 8.873493107179535855e+01 6.831674139930422029e+01 6.882489587587254221e+01 4.878759259154026751e+01 5.642980777853763641e+01 6.795106354132568072e+01 8.823647820615472881e+01 9.365463618142679536e+01 9.214175330773370831e+01 7.263963871241001868e+01 5.883847729782513625e+01 4.858856660960906737e+01 4.455424445986463411e+01 4.154062752570043671e+01
5.584793621729411939e+01 4.899429818104781020e+01 3.770730582519964713e+01 1.885495135351269624e+01 3.524647516972967765e+01 4.471068916997179343e+01 4.674476032872684783e+01 4.271437904708406563e+01 5.580595728248557919e+01 7.459314365020581761e+01 5.882571269557444538e+01 3.893786634889859499e+01 5.882571269557444538e+01 7.314936918034220525e+01 6.395187344120030559e+01 4.546147791658571435e+01 5.066251919954976302e+01 3.247738039082322103e+01 5.235455549078983495e+01 7.185423012967757472e+01 7.735412045145542947e+01 8.536321031839477769e+01 8.631934117176130883e+01 7.846106865396870944e+01 7.044406082704935557e+01 5.191700199037456542e+01 4.374639542533113001e+01 6.381557005478943978e+01 7.838867032570124138e+01 8.766316848774535231e+01 7.344733768447460420e+01 8.766316848774535231e+01 8.642926777423687668e+01 7.667445025215289434e+01 6.859280386210639335e+01 5.658426496684975859e+01 5.878262380873588455e+01
5.658672657705547238e+01 3.702947745689174752e+01 2.509881454403758383e+01 1.918644268674158937e+01 3.829606974793649954e+01 4.254164713776894047e+01 5.342339035049283069e+01 6.117060879950001606e+01 6.567612211446531489e+01 5.757199185571860056e+01 5.484509590037748694e+01 3.501875142235795124e+01 5.492537519737371809e+01 6.971728669627711383e+01 5.946625690402784414e+01 3.796054997082761417e+01 3.080636007714298685e+01 5.065815974608685224e+01 4.398983300946933639e+01 5.804867340460402403e+01 7.761916784166314187e+01 9.181007283537489627e+01 7.535367037645414712e+01 5.945904303591944995e+01 6.197909729723176753e+01 4.183591153602795032e+01 3.949837721082701592e+01 4.960320166925438912e+01 6.979449329837191840e+01 7.860457243710074238e+01 5.901732290576499196e+01 7.860457243710074238e+01 8.435750757777407216e+01 9.192375486830340492e+01 8.434873788400193462e+01 7.627957391676541476e+01 6.623705964614782715e+01
4.803986286252185067e+01 4.237814409213331857e+01 2.233970709786758135e+01 3.775707640106897856e+01 1.966604905728454256e+01 3.079212771358380252e+01 4.712492699838653465e+01 5.720860121964254574e+01 5.339071410402983986e+01 3.662416001838413138e+01 4.645985392464852737e+01 3.127395763184780719e+01 4.132693359231738839e+01 6.146733170833518756e+01 6.319827608480333225e+01 4.675993828209292502e+01 2.962509833078237520e+01 4.948533497396184799e+01 6.378070081517833501e+01 7.185423012967503098e+01 7.715071181348291418e+01 7.348088559395483799e+01 6.749024404747916606e+01 4.810876186159375578e+01 5.418447252023326399e+01 3.412002831724974072e+01 5.433941457364907990e+01 6.800340819667097492e+01 7.794817152818032469e+01 7.026575022849687002e+01 5.028184825366518140e+01 7.026575022795285008e+01 6.679383300023080494e+01 8.164644043884791813e+01 7.890760168560886711e+01 7.737361676615236661e+01 6.398160705154419503e+01
2.806600412566595182e+01 2.562870281303351661e+01 4.237814409273560301e+01 4.748219626134828530e+01 3.370295186257666131e+01 2.014974923511678639e+01 4.023657342493091704e+01 3.796098825118747300e+01 4.163817109807096273e+01 2.448192635598518763e+01 2.642542231429075272e+01 4.641514762956964546e+01 5.909761964822962454e+01 6.793282225450518297e+01 5.473270332398919891e+01 4.666770540853208615e+01 2.841763467760666373e+01 4.831703325765359125e+01 5.159056140637362375e+01 5.933339881936576887e+01 5.776218915633412365e+01 5.985489840195464950e+01 6.290270421678049928e+01 5.426265669956671900e+01 3.660939041054879795e+01 3.145930961660257807e+01 5.114069668703396587e+01 6.862085961319175453e+01 6.507200697570851844e+01 5.712222822085790597e+01 4.465564361106094537e+01 6.288287121891892895e+01 5.628412285991554143e+01 7.194205208073334745e+01 5.874572267234415079e+01 6.364431364496953591e+01 4.970237844873456368e+01
4.803986286256235871e+01 3.726769779087604206e+01 5.380972850961097720e+01 6.010744515280049427e+01 4.411386932324953847e+01 2.593081102841804153e+01 2.063736271893072782e+01 2.965412312787910665e+01 2.163657028442464281e+01 2.199755804833579376e+01 4.199162733271266035e+01 4.975189209779724564e+01 5.423046343794609925e+01 5.981064915520391878e+01 4.655972286005221150e+01 2.670518743268594264e+01 4.514642304248767601e+01 4.554751202122863418e+01 3.437512311966274581e+01 5.100514514601345439e+01 4.371746264371645196e+01 6.334471098901787656e+01 5.436428575074570091e+01 3.711521491218197610e+01 2.913313494821191796e+01 2.956285205918402781e+01 4.280703554646414943e+01 5.457386019659708865e+01 5.172771072680190940e+01 3.750737731552857213e+01 5.222941118170005836e+01 4.417004603548962649e+01 5.341172007701531044e+01 5.368422197501156745e+01 4.418693938031564983e+01 5.464798181856254189e+01 3.531726968085964558e+01
