LEM/sinusoidal_perturbations/elevation_000513.asc
nrows	100
cellsize	150.0
xllcorner	0
ncols	100
yllcorner	0
NODATA_value	-9999
[rows 17 to 33 of 100, columns 37 to 73 of 100]
5.176039126332160833e+01 7.166200536723695791e+01 6.707958297330741004e+01 4.735255785591552069e+01 3.593666942707209699e+01 3.754202535843698030e+01 5.729915080611097977e+01 6.789977116404561741e+01 6.703170627385425462e+01 6.239102152230636023e+01 4.800571227592425316e+01 2.879470308742956064e+01 2.562304978895043561e+01 4.454090962010802457e+01 4.578315120063974319e+01 3.032078775370310808e+01 4.897231962042065589e+01 5.677514029989873023e+01 6.494084601070792928e+01 7.374823101842447670e+01 8.511148351952809321e+01 8.192166628063586131e+01 6.259784893322247257e+01 8.099301957553029752e+01 6.744022189333826134e+01 6.408744019504769085e+01 8.340869567939691365e+01 9.179047238622061400e+01 7.319872561842520042e+01 5.354627133767963443e+01 7.319872633061871170e+01 7.013671625857956826e+01 5.083796130702124572e+01 6.351732355477551550e+01 5.485662142919450446e+01 6.146867462003508109e+01 6.143387967088906265e+01
6.981716784868200421e+01 7.972519141958720468e+01 7.523492735232471773e+01 6.385183442359326733e+01 5.031395211587899041e+01 3.079526136262839131e+01 4.007773847367131737e+01 5.396211346953339216e+01 4.756278522753077453e+01 5.136122621783643893e+01 4.324172342407995728e+01 2.498299559276635762e+01 4.393036114680624138e+01 4.462994517642801640e+01 5.334306174067499029e+01 3.379407507501451846e+01 5.343245387162784255e+01 6.752504637336241444e+01 7.566117369121525371e+01 8.444280986625388152e+01 9.761672522853372413e+01 7.839428227590714471e+01 7.629367669287498188e+01 8.192166628063586131e+01 8.669921442584423232e+01 7.384504879702573987e+01 9.126537446426958411e+01 9.438572536794100643e+01 7.781623943470762583e+01 5.822579046599354768e+01 7.781623943470762583e+01 7.511014341232412050e+01 5.584814291950956999e+01 7.511014341232412050e+01 7.459325146688696861e+01 7.045024942332031515e+01 5.074253163045963078e+01
8.496830870979938766e+01 6.535971386301280006e+01 6.537916912624230292e+01 5.786798032957048576e+01 5.847955030342127003e+01 4.583605725808485687e+01 2.671113253124741860e+01 4.179615457023077596e+01 3.389792163481148890e+01 4.245740484908171197e+01 2.431381473728248110e+01 3.757365883788099836e+01 5.129835965201095149e+01 6.428514433833004205e+01 6.133568740090684912e+01 4.503927599378337021e+01 4.131656584215613748e+01 4.772665521925929255e+01 5.667283797020269986e+01 7.056033950829616685e+01 9.017270169609977870e+01 9.761672522853372413e+01 9.550883507230248881e+01 1.011653613160955842e+02 1.007928669366108068e+02 9.297234256176821532e+01 1.007928669366107925e+02 8.618289716145068269e+01 6.656134553216872973e+01 6.951520753958793364e+01 8.599635919164323639e+01 8.071284159057003649e+01 6.130452578217919779e+01 8.071284159057003649e+01 7.812596670956752121e+01 5.855665063178390284e+01 7.045024943662259886e+01
7.931262913519886126e+01 5.960752926937357898e+01 4.561244050390293836e+01 3.817035123540146913e+01 4.857793911908254358e+01 4.310633247985730776e+01 2.903517139498372757e+01 2.292298487246280203e+01 2.326372804573701458e+01 2.365698193066614508e+01 3.913355817507380863e+01 5.034732067797214228e+01 6.097489275664503339e+01 6.978966652107632740e+01 7.281527869175866385e+01 6.488778625071833517e+01 5.549355688952147858e+01 6.752504637336241444e+01 7.566117369121525371e+01 8.444280986625388152e+01 8.816461137964945749e+01 8.001884489007547074e+01 8.816461137964945749e+01 8.823529056573408980e+01 9.399812234250083520e+01 9.367372048321016109e+01 1.018648931482635618e+02 9.313741321922189798e+01 7.346707136193855092e+01 8.915565988106612849e+01 9.736667190624682178e+01 8.725426016361824111e+01 6.763000444447358461e+01 8.725426016361824111e+01 8.402664709277347299e+01 6.445630425386902118e+01 8.402664709277347299e+01
6.674486757059804631e+01 5.845513245469938823e+01 6.535516147036584300e+01 4.858218043337855363e+01 2.942214380051337486e+01 2.552327270348924060e+01 2.243812185616756238e+01 4.130871841149691193e+01 3.868352107362650827e+01 2.376398603098676432e+01 2.428232630088632149e+01 4.322298516118464562e+01 4.257840968515496627e+01 5.848838072591080817e+01 6.629859957622100808e+01 7.180045658194470093e+01 7.519591975688024377e+01 7.778485033207046229e+01 6.969101097744666617e+01 7.778485033207046229e+01 7.838578201697647785e+01 6.050590516200089297e+01 7.838578201697647785e+01 6.868849891981179212e+01 7.441362164246186239e+01 7.412309937550935501e+01 9.053935326603645706e+01 1.013586100367362945e+02 9.313741321922191219e+01 8.735257499839629247e+01 1.071032481080736858e+02 9.546886446115631486e+01 7.738318693393900105e+01 9.546886446115631486e+01 9.096466882600377346e+01 7.134097996365659355e+01 9.096466882600377346e+01
5.612658495269159431e+01 3.969841110443779542e+01 4.832496283742909071e+01 5.092771072035168345e+01 4.855500610216049751e+01 4.084423744994121108e+01 2.208872503636233731e+01 3.897084779531946452e+01 4.919098179970914941e+01 3.785269922593689529e+01 4.298813012037385306e+01 2.498488726205506083e+01 4.392455326333553245e+01 3.890995937948886763e+01 5.799419729307759752e+01 5.226814701072989067e+01 6.489631025986328439e+01 6.768496922549648787e+01 4.968449098083322468e+01 6.784987300655114950e+01 7.026237245214143456e+01 5.060769179035277432e+01 6.200839806734466464e+01 5.479924095196822265e+01 7.005708981092611509e+01 6.289218598868976784e+01 8.154556184279441311e+01 8.969594456750814970e+01 1.010163714492078526e+02 1.071032481080736858e+02 1.153646450750761829e+02 1.053602499489580708e+02 9.712533339329758064e+01 1.053602499489580708e+02 9.917084434708860385e+01 8.264246305423537819e+01 9.917084434708860385e+01
3.913223344842925400e+01 3.138991916195657694e+01 2.686150979882868128e+01 3.647132164932691722e+01 5.088050034720232162e+01 4.184094642299428557e+01 2.759047529279784428e+01 2.158576775456187136e+01 5.026090348170669131e+01 5.846585096223943623e+01 5.200168007981031337e+01 4.385763591416011309e+01 2.562468563616123518e+01 4.438875195991015232e+01 4.561402798432620642e+01 3.865416488525557526e+01 5.711475113433874640e+01 5.936235917147850927e+01 3.926420812982748743e+01 5.942422184629242565e+01 6.331339390458346372e+01 4.346124564099083898e+01 4.211724466306407777e+01 4.618621336536492095e+01 5.042705326598883175e+01 5.619608611198434289e+01 6.209920675969079440e+01 7.328710191873835811e+01 9.282682789519093092e+01 1.094957325003549329e+02 1.013005417704073778e+02 1.094957325003549329e+02 1.091512521342434781e+02 1.009364272179206239e+02 1.034971793555702817e+02 1.023330133257608452e+02 1.105737406939899188e+02
1.840319810169620141e+01 1.880524692685568411e+01 2.951304982856704129e+01 3.669607638832700758e+01 3.863965118534317611e+01 3.934097838576920481e+01 2.106939263309570975e+01 3.646700667543809971e+01 5.206487641837954783e+01 6.248825737790838986e+01 4.932502809277383449e+01 2.984078770325975327e+01 4.129491842635148657e+01 2.625905623036198477e+01 2.807276029377413451e+01 4.446069016050387290e+01 4.692145396023737902e+01 4.848380108425934765e+01 3.338460346924105693e+01 5.245074030934298293e+01 5.292062884723966931e+01 3.708749703602342151e+01 4.869308656071687125e+01 6.596394424283958813e+01 7.005708981092611509e+01 6.647581508789239990e+01 8.154556184279441311e+01 7.581556261385406970e+01 9.537900369369005205e+01 9.965740206014903890e+01 8.166873182106030526e+01 9.965740206014903890e+01 9.779192347822660736e+01 8.132669310642690164e+01 8.386444809769379560e+01 9.771050018213836097e+01 1.174674586971715655e+02
3.471044474259346657e+01 3.705925195521192705e+01 1.936975366421111389e+01 1.976502537008003557e+01 2.015509767741352221e+01 2.053903402623294028e+01 2.900296247860040566e+01 3.552585297642795581e+01 5.604302607810264902e+01 5.405896650860178454e+01 3.456132116977457258e+01 4.932502809277383449e+01 5.286830005414135769e+01 3.960003543589613884e+01 2.685655392045122980e+01 2.725027265520370534e+01 2.763378540773637582e+01 2.804996540799499272e+01 2.852119133816103513e+01 4.435588886591746416e+01 3.303879553464426522e+01 5.292062884723966931e+01 6.518508967213514893e+01 6.843171000499212653e+01 8.802061503945837728e+01 8.599193495715346103e+01 9.415677225356849078e+01 9.537900369369005205e+01 1.035763265211623576e+02 9.148463679573387708e+01 7.177426615857969239e+01 9.148463679573387708e+01 8.961474194991275510e+01 7.015975228604133918e+01 8.961474194991275510e+01 1.024945693989299684e+02 1.092950562492027871e+02
2.938433870205917842e+01 3.920873902378508546e+01 3.882276834168663271e+01 3.966751910375648293e+01 3.752888075583514649e+01 2.290534934351610374e+01 4.181680998077008837e+01 5.360895828222915327e+01 6.587811276238086577e+01 5.806479247388743659e+01 3.820776200592250404e+01 5.806479247388743659e+01 6.793662979294992965e+01 5.566017647088103359e+01 3.492115079408684153e+01 4.715391087611097021e+01 4.633053125339184675e+01 3.882659195599357815e+01 4.809084802647513612e+01 2.924758579595662766e+01 4.897961643178404501e+01 5.927957378397876909e+01 6.590589733274856599e+01 7.421528778062302933e+01 8.483776471703203015e+01 7.670133439226006544e+01 7.670133439226006544e+01 9.628478135281741856e+01 9.881824000569304189e+01 7.915123244608810182e+01 6.513583435331692328e+01 8.491451325001580130e+01 8.374884185761237632e+01 6.439950465783411460e+01 7.480379229265375329e+01 9.430484035092777617e+01 8.960400612743696058e+01
4.672740903042750205e+01 4.376290854911295725e+01 5.607195960003229374e+01 5.562872608442931011e+01 3.596550121027783575e+01 2.935017689182148004e+01 3.835580621109145483e+01 5.942422954703021531e+01 7.827071470238557538e+01 6.202236601991975107e+01 4.215417339679783026e+01 6.202236602728724790e+01 7.599513758108267325e+01 5.568514537321632929e+01 4.445193667036414098e+01 6.403350333323054144e+01 6.164456916570933487e+01 5.305360622818816552e+01 3.653530091864765694e+01 2.977510985066093596e+01 4.952552369000257215e+01 4.322563003260484038e+01 4.716331732273948063e+01 6.610379259424701104e+01 7.607531096090171729e+01 5.712845295576241256e+01 7.607531096090171729e+01 8.738605235883942157e+01 9.334465506001313884e+01 7.363257895183124901e+01 5.975133048467192509e+01 7.407071643122763760e+01 7.194138337635307323e+01 5.905954755537971579e+01 7.838230128683973419e+01 9.537138117941796622e+01 7.580560355786701621e+01
4.547910350776471944e+01 6.129111319992883011e+01 6.812595469638351631e+01 6.442284841664188377e+01 5.618728628395283664e+01 3.924856291875326519e+01 4.979220495339324515e+01 6.836354715290971740e+01 7.044882512291947307e+01 5.072167209388088338e+01 6.202236602728724790e+01 5.093473291419614668e+01 7.080551050421028947e+01 7.314386017208981627e+01 5.881598318305031370e+01 7.314382234683981210e+01 6.677016733118730940e+01 5.390797877893687939e+01 3.405809121159003183e+01 3.641260550528167528e+01 3.052080989911851816e+01 3.104501812581978371e+01 4.380437481847786785e+01 5.914896710389773204e+01 5.951737532747065273e+01 4.817633073870917571e+01 5.968050732131777636e+01 7.924178415823865862e+01 8.745219717499085732e+01 7.703748010314826900e+01 5.508228344409707233e+01 5.842508813444419502e+01 5.246256377002680438e+01 7.194138337635307323e+01 7.947453755444969659e+01 8.283651871953553325e+01 7.047795114763155766e+01
6.494615852353398111e+01 7.302620274898373509e+01 6.788806062357588189e+01 7.273370376699919859e+01 6.900410685804091315e+01 6.033499000463678641e+01 6.900410739671505667e+01 7.947424695652115645e+01 7.740160179815113395e+01 5.773621118734487112e+01 7.740159808282135145e+01 7.080551050421028947e+01 6.135563206445058881e+01 8.128523015136300955e+01 7.913978665535313439e+01 7.182201023440009635e+01 5.861268457642023577e+01 3.862431126977266871e+01 5.083100674610901848e+01 5.658227573484282402e+01 5.031220188523984405e+01 4.874873782286550750e+01 3.179413054765234392e+01 5.166340984761306032e+01 3.956151827849496527e+01 5.118410983306068118e+01 6.517195515068158329e+01 8.473154941205643809e+01 7.938547025022729997e+01 6.068673338657578142e+01 6.536437855944873832e+01 4.871270423617682610e+01 6.841489238445312537e+01 5.694237895579493625e+01 6.019453605489228210e+01 6.352340730021985138e+01 6.879142322888826300e+01
6.088487933797973284e+01 6.197125265523676063e+01 4.781662379386790462e+01 5.273965573052785061e+01 6.418012431027362652e+01 7.049994215841888945e+01 7.872754973499246489e+01 8.760283942137525059e+01 8.561642313265723203e+01 6.907068594625135916e+01 8.561642313265723203e+01 8.950147703705435731e+01 7.141794230528567766e+01 8.931264442021650041e+01 7.805816598311463395e+01 6.369028320325224257e+01 4.378054663672217117e+01 5.861268457642023577e+01 5.842021914683347461e+01 7.086310659297264181e+01 5.378714360093621139e+01 4.175138464817216288e+01 4.911521528729819863e+01 3.255622361360568107e+01 5.246190882256419741e+01 6.140153985105006029e+01 7.515269749445144498e+01 7.247346473750782536e+01 7.057738407197633990e+01 6.246412542421505520e+01 4.548130096901914499e+01 6.536437855944886621e+01 7.650865147356685725e+01 6.805844144518033545e+01 7.947453755444969659e+01 7.458503660109727207e+01 8.822696934044819272e+01
5.271695617312281712e+01 4.747439522645110088e+01 3.354160733741397138e+01 3.838649502586734030e+01 4.404173274124971016e+01 5.051492336089579993e+01 5.953670911860408665e+01 7.356854153742889935e+01 9.337385654947671298e+01 8.878184448863667910e+01 9.703129327491581080e+01 9.939169056379427047e+01 8.536346651237329297e+01 8.130759814855916545e+01 6.252368124490529055e+01 5.029973482876496860e+01 5.095262292214627564e+01 7.065674093553606383e+01 7.788824551244155714e+01 7.582518581960997039e+01 5.618539064836217989e+01 6.184759245643879666e+01 6.012777530626870259e+01 5.245307387941680588e+01 3.333254891344834192e+01 4.745985467317285611e+01 6.174675901426154212e+01 5.197006393596689833e+01 5.961802689773023189e+01 4.245536221948888311e+01 6.246111800525841318e+01 5.965951582024902677e+01 7.913820798096581655e+01 8.746638596293165335e+01 9.563230852646141500e+01 9.410825291219205724e+01 1.023013392624090443e+02
4.170701176487582273e+01 2.753045036673109891e+01 4.747439522645110088e+01 5.859473943277457408e+01 6.418012431027362652e+01 7.049994215841888945e+01 7.872754973499246489e+01 8.760283942137525059e+01 8.786044465355129773e+01 8.376276628097312482e+01 9.213739641683184800e+01 1.006825903615494440e+02 1.051317668632802196e+02 8.877042020411543888e+01 6.927120960823313567e+01 5.545762252377409851e+01 7.065674093553644752e+01 6.348251331214444093e+01 8.300185926526960145e+01 8.422298335123534230e+01 7.606147527842061606e+01 8.028751615109520401e+01 6.657797086295408917e+01 5.536056951018700545e+01 3.544141082248177810e+01 3.414445852432521633e+01 5.190671687507413878e+01 3.763307238669031562e+01 3.956915253761312812e+01 5.075291096791460888e+01 6.834261896142898252e+01 7.913791456238999444e+01 8.727269108857272784e+01 1.043336572365462303e+02 1.020690024680491774e+02 9.628547147729864264e+01 9.481640817062051951e+01
2.199379110571508633e+01 4.171700130217145386e+01 5.189478390678061714e+01 5.974524770505548332e+01 6.800906036697055868e+01 8.598362016823399756e+01 8.775888524179693206e+01 8.213834586175519803e+01 6.803401757784898507e+01 6.407617481326511211e+01 7.239670739767910845e+01 8.951810491661215963e+01 1.011385698467683625e+02 9.452984265201041580e+01 7.498239616398254270e+01 6.168124861823677918e+01 8.113384830667820324e+01 7.727116509913645359e+01 9.115316374027020174e+01 8.226970690889004345e+01 7.414283840148323179e+01 6.763127333416949227e+01 5.271253685074848505e+01 3.852463047258287077e+01 5.535632715222708100e+01 5.230834949526176558e+01 3.496134112950477402e+01 5.422197194791857555e+01 5.950054031277540645e+01 6.425477457540546311e+01 7.685287820045373053e+01 8.219936809473159656e+01 9.035266355479065226e+01 8.469507448786109194e+01 8.245218805209083257e+01 7.672225444521880888e+01 7.526685963750516351e+01
