LEM/sinusoidal_perturbations/elevation_000468.asc
nrows	100
cellsize	150.0
xllcorner	0
ncols	100
yllcorner	0
NODATA_value	-9999
[rows 68 to 84 of 100, columns 37 to 73 of 100]
6.669840226924033288e+01 6.214415054175238851e+01 4.334017437638846104e+01 5.647047733056203356e+01 7.584160935668111847e+01 6.851502262961184897e+01 4.856980802544764231e+01 5.130176198355927397e+01 7.128841755202539332e+01 7.456162518911220616e+01 5.422827534830881291e+01 7.456162518911220616e+01 8.216478365926933236e+01 7.475097103828049683e+01 6.278497349577229159e+01 4.295632876194802208e+01 5.986917616213394666e+01 6.810510204279231061e+01 7.529451732109964723e+01 8.354905385750072355e+01 9.508046121029116193e+01 8.521792397911158901e+01 6.333885685898889761e+01 8.521792397911158901e+01 9.755822359240670494e+01 8.409857095519122083e+01 6.487115989056408694e+01 5.506653058270199352e+01 5.462109621724403752e+01 5.816889465566298156e+01 7.767949216696756309e+01 8.120393772866152915e+01 8.344045769460034023e+01 6.762051132830723077e+01 7.131100319995726977e+01 7.513860565725448737e+01 7.915828275547339388e+01
7.583920612623100510e+01 5.647045246614867864e+01 4.980625953330586242e+01 6.214415054175238851e+01 8.165884638415866448e+01 7.610284501258155387e+01 5.602735399471445277e+01 5.879044353799707068e+01 7.888250174324122099e+01 8.300448031264664905e+01 6.857386135882438793e+01 8.300448014335604796e+01 7.865173970824088201e+01 6.651236347405526317e+01 4.671324462524732013e+01 6.278497349577229159e+01 4.782627089123548103e+01 5.156348004128516749e+01 5.542630686669870954e+01 6.731234263744676127e+01 8.631271204903119099e+01 9.382600943911731406e+01 7.617705128771649470e+01 9.388097446923366363e+01 1.043715556350201012e+02 8.418375241762598193e+01 7.744269444712882944e+01 5.809752634282413197e+01 7.399276877863310631e+01 7.767949216696689518e+01 6.345858101534422957e+01 7.735663782051537396e+01 9.610571475085151860e+01 8.777530824425845424e+01 7.538460670245368078e+01 9.544510828859911555e+01 9.951681467290102034e+01
8.406661348376124465e+01 7.583725461951443947e+01 6.061028085930514919e+01 6.313470358422355844e+01 8.279174376830069093e+01 8.439693722606327242e+01 6.603785421411171797e+01 7.888250174324122099e+01 7.299696163419382344e+01 9.309145249639414033e+01 8.901736591217104433e+01 8.034029965536156226e+01 6.048607009354518738e+01 5.064341520909211170e+01 6.651354966728668217e+01 7.475097236666547929e+01 5.772696677585555136e+01 7.140480526837075104e+01 7.529451732109964723e+01 6.174203994249256056e+01 6.387685171100150683e+01 9.423649729193756741e+01 9.756798574793839407e+01 1.060948747535667565e+02 1.036667215401297995e+02 9.522894446835397275e+01 8.069647011340930476e+01 6.117381611572390199e+01 8.069647011340930476e+01 8.756135173810538674e+01 6.751346259831832697e+01 8.756135173810679362e+01 1.058653308171296317e+02 1.041105995153645836e+02 9.568606163841818102e+01 8.441191859470436043e+01 1.048070349810944606e+02
8.741876861183078518e+01 8.845211630224338251e+01 8.020274927254598651e+01 8.279161099060800666e+01 9.107045603513583387e+01 9.443785313869517495e+01 8.616783581105143242e+01 9.443785313869517495e+01 9.309145249639414033e+01 1.013430818236762434e+02 1.002690331592948496e+02 8.034029965536156226e+01 7.463195863405891828e+01 5.484416138303209465e+01 5.644000929077939333e+01 7.618618510898090790e+01 7.175510383136798964e+01 8.584640875464137366e+01 8.175039821029241693e+01 8.175039821029240272e+01 6.932396298032523418e+01 8.363636626673975627e+01 1.036991822619878860e+02 1.096698717171259574e+02 8.924731654866950237e+01 7.502241747912323433e+01 6.889384121269510786e+01 6.523754516307047879e+01 8.501150104830303178e+01 9.219907619552715516e+01 7.198370405641044556e+01 9.219907619543472777e+01 9.989180677354090676e+01 1.202660190611220514e+02 1.132207558745036948e+02 9.618277701036078042e+01 9.883465200745366985e+01
7.572846132073630088e+01 7.958306538553625842e+01 7.142095687480556876e+01 7.395642336670321981e+01 8.213106481414151006e+01 8.340178441894781258e+01 9.164045021705987892e+01 8.898397673023133336e+01 9.116142351581056857e+01 9.943044830474138962e+01 1.028168148617942279e+02 8.287570490726237438e+01 6.879802481229104671e+01 5.974310440662718946e+01 7.618618510898090790e+01 6.262035731295927121e+01 8.237085665829455650e+01 9.993770287785248740e+01 1.017098154655647164e+02 9.782339656982455267e+01 7.849087908890591336e+01 8.371217485948865544e+01 1.037070200169339245e+02 1.096698717171259574e+02 8.924731654866950237e+01 9.522894446835397275e+01 8.883907957958990664e+01 6.959174531615281012e+01 8.960221842067183218e+01 1.006227414957530613e+02 9.219907619554913936e+01 7.953875455786635484e+01 9.989180697945697318e+01 1.200743247625691339e+02 1.249752273877555382e+02 1.165879906226255827e+02 1.192256429557441493e+02
6.735528637338744318e+01 6.833300075446354072e+01 5.202614797707266803e+01 5.453493711417479517e+01 7.395642336670321981e+01 6.394074158059848401e+01 8.033209151987738039e+01 6.939582018922332907e+01 7.153076555462503450e+01 9.023379079849455309e+01 1.001248833009090049e+02 9.696126755233362360e+01 8.474041118031372832e+01 6.481198957495331570e+01 8.474041118031372832e+01 6.722417942647687994e+01 8.697627452508353940e+01 1.012680331222757673e+02 1.094279414553912062e+02 1.067642083060069780e+02 9.010587811908239075e+01 1.037070200169339245e+02 1.119346182801603931e+02 1.180861265315900823e+02 1.096698717171259574e+02 9.918656532175612028e+01 7.885509526075325937e+01 8.363552258657297500e+01 8.099898922416022629e+01 1.013544480576703819e+02 1.083129774069629150e+02 9.126499433671422423e+01 9.126499433672276496e+01 1.057121729229987892e+02 1.260748191951862793e+02 1.286289492493251601e+02 1.286289585351371727e+02
5.912906825614598461e+01 5.101921450604606179e+01 4.068933083249052629e+01 5.701732392206144340e+01 6.017496668359866874e+01 5.288807043081666848e+01 6.785130455645226277e+01 5.586734860654019741e+01 6.258886343914294059e+01 7.214864897370604524e+01 9.183876392493158392e+01 1.046874566648438787e+02 8.474041118031372832e+01 7.107394656534893329e+01 9.106081942684342323e+01 8.697627452508353940e+01 7.436956859484511995e+01 8.174290986088712430e+01 9.481653441852188280e+01 1.133424062530845333e+02 1.100388345545013493e+02 1.182567561283453159e+02 1.154633239261976598e+02 1.240953396647656319e+02 1.136481586342134591e+02 9.319637723821226416e+01 9.053822342395436351e+01 1.040070964259084860e+02 9.536675073913376366e+01 1.013544480576528031e+02 1.200743446913533887e+02 1.116762521988823380e+02 1.116762529089100298e+02 1.200743897676665739e+02 1.227459196102480803e+02 1.086106652645871122e+02 1.086106652758425497e+02
4.728344930858248318e+01 3.110819003815933925e+01 3.421710079706576835e+01 3.742760325592516324e+01 4.070994944989373465e+01 4.418744628564746080e+01 4.859121696747421737e+01 6.785130455645226277e+01 8.199370644931883589e+01 9.023379079849455309e+01 1.001248833009090049e+02 1.051717465409984698e+02 8.521585000153534395e+01 8.262015543688491448e+01 9.930615676086436849e+01 1.015573492105059898e+02 8.178550819476322431e+01 1.012680331222757673e+02 1.094279414553912062e+02 1.193428784809179746e+02 1.112373086611814728e+02 1.118455988722329408e+02 9.408972524170395957e+01 1.118455988722329408e+02 1.220555042756880226e+02 1.136481586342134591e+02 1.110004200547665789e+02 1.194147218904995640e+02 1.158100281314666660e+02 1.217648503951799341e+02 1.188843138703239788e+02 1.105766766280101479e+02 1.131925807314715513e+02 1.214923411934336741e+02 1.144738900162841873e+02 9.449167239707485066e+01 1.050541810648632719e+02
2.720710832449249850e+01 4.725697243244889023e+01 4.574678365768736654e+01 5.701732392206144340e+01 5.200488454360415602e+01 6.354461806501081611e+01 5.537937932175641720e+01 6.428001239887441898e+01 7.795458953001255509e+01 9.771311103614453941e+01 1.075808364218941904e+02 1.133950803082682910e+02 1.051716997790513659e+02 1.025912491126349266e+02 1.108216306095809074e+02 1.015595681740046530e+02 9.575371896328574906e+01 1.097828594776276958e+02 1.088090127368066362e+02 1.000574450803638626e+02 8.790204188001131058e+01 9.943864198532602927e+01 8.164670329676783922e+01 1.031232709721542165e+02 1.130270011283277398e+02 1.252629491880430521e+02 1.158256796936798878e+02 1.075154202172130198e+02 1.048992075955794547e+02 1.132158724987394294e+02 1.072593539933505866e+02 9.040909271837270467e+01 9.302637036758407874e+01 1.131925807326978912e+02 1.193443665702799450e+02 1.050541832432428748e+02 8.516756931954988374e+01
4.728610777762018813e+01 5.538074209993698105e+01 6.518825699856357403e+01 7.336319442077869724e+01 7.133550600559513555e+01 7.949564825155269432e+01 6.896443681352972987e+01 7.109868999616003293e+01 9.071603254746950995e+01 9.106052188061319441e+01 8.734766591368448019e+01 1.075808364218941904e+02 1.131453825670255640e+02 1.046887911004833427e+02 1.131455074569305594e+02 1.213910766840795077e+02 1.155762998910473129e+02 1.135895288552155904e+02 1.000574450803638626e+02 7.848948676726996609e+01 7.427201744636916203e+01 7.800682396610706348e+01 7.356222487289458911e+01 8.285630664352575536e+01 9.529111992254256336e+01 1.166381221614173285e+02 1.075154202172130198e+02 8.738721611521900456e+01 8.477870603541154537e+01 1.016064479044495243e+02 9.893291662982113621e+01 7.886079793775209623e+01 9.893291662794942454e+01 1.128133767083709955e+02 1.110801442982868537e+02 9.113000786666586350e+01 7.988003935753933149e+01
4.775970276108136403e+01 5.284844190600135505e+01 5.830046850108970347e+01 6.462401650812041964e+01 7.255136199041481859e+01 8.186646766949058929e+01 8.854188962813380215e+01 9.071603366929561219e+01 9.056552603040086069e+01 7.132686384133515389e+01 8.223536171650106041e+01 1.022651460634811684e+02 1.030001636001118754e+02 8.445125689616793352e+01 1.012573084780464256e+02 1.096932031543554302e+02 1.209833472968165324e+02 1.048840454468051604e+02 8.348037108965938558e+01 8.480659549842582123e+01 6.318886058400743622e+01 6.285328997808872487e+01 6.932168855633048565e+01 8.166946445997797355e+01 1.031370925031057624e+02 1.177995102671991816e+02 1.095072369447087226e+02 9.328263060358618475e+01 7.324850078984104584e+01 9.328263060358618475e+01 8.556666373726481822e+01 7.284996056898965833e+01 8.437819246128513839e+01 1.044959212875463379e+02 1.070007778609165996e+02 9.481279365271650761e+01 7.490037665136040346e+01
2.877891285152104217e+01 3.435339911186598982e+01 4.021805293341498810e+01 4.673820435353172087e+01 5.551670584226999239e+01 6.812483887780187786e+01 8.726624635382346185e+01 9.557341563514596317e+01 8.223536171650106041e+01 6.272657262843035397e+01 8.223536171650106041e+01 9.868776113816275597e+01 9.457000340321593512e+01 7.470764095302804719e+01 8.118313178869921387e+01 1.012573084780464256e+02 1.059974506198706621e+02 9.101155394292527490e+01 8.740801851490516583e+01 6.597400979075871419e+01 5.633182887124791449e+01 7.782243841139452911e+01 9.074275167354323912e+01 9.953425636917026509e+01 1.118591396587722073e+02 1.061985414095160252e+02 8.938305604395702630e+01 8.724211318599846265e+01 6.720074996674988199e+01 7.938124379133877540e+01 6.552361234713544036e+01 7.708709842643584409e+01 9.714996536490650669e+01 1.102665561685054882e+02 9.024482998660216992e+01 7.877569459596088564e+01 7.061557136511086696e+01
4.286196438578969747e+01 5.110114124033082561e+01 5.830046850108956136e+01 6.462401650812041964e+01 6.939449695474392854e+01 7.747307006658029138e+01 8.723371751701515109e+01 8.722431675510730997e+01 6.750345594484031153e+01 5.678085859761589660e+01 7.057276142775066319e+01 8.523890430526428474e+01 8.706272201427208302e+01 6.747582201197279517e+01 8.706272201427208302e+01 1.016742956477891369e+02 9.725792212120997249e+01 7.585459809973258416e+01 8.372127123850117414e+01 7.436329479669821296e+01 5.288881455660791175e+01 7.436330093272803765e+01 9.496582687896486163e+01 9.984981573432908419e+01 1.085696120350499001e+02 9.788853568443902020e+01 7.781084639616170762e+01 8.629667636618388826e+01 7.938124377763033124e+01 5.927210917508619303e+01 7.938124379133877540e+01 9.388358325631328682e+01 1.054714436833025673e+02 1.185606719255279984e+02 1.070007778609165996e+02 9.685717679124293511e+01 7.689545625136045714e+01
2.332524891787574717e+01 4.363353281493572666e+01 5.407791641642000258e+01 5.888542944983620941e+01 4.973398709195407719e+01 5.962800422603073969e+01 7.916110412976566124e+01 8.503393945964350564e+01 6.535991214268494787e+01 5.132283259790636265e+01 6.758456863253290692e+01 6.556156902420347876e+01 7.532506016242446378e+01 6.231938290467310537e+01 7.345478671035537843e+01 9.326578818657414160e+01 9.884996713019556580e+01 7.745476050398868040e+01 6.232274920017898268e+01 5.555314398727900027e+01 4.963047502639615516e+01 6.476047870720634592e+01 8.473123375675278623e+01 7.846891205792860546e+01 9.984981573432908419e+01 9.928222447882988888e+01 7.920353487700691630e+01 6.623416151365539406e+01 7.611875764348783946e+01 5.597599319826445452e+01 7.611911139599443743e+01 8.057052767568669083e+01 1.006548080819576256e+02 1.158817221501800248e+02 1.075719310725083346e+02 1.051504379396774880e+02 9.202023972069095237e+01
3.857272853714894723e+01 2.963546936967687273e+01 3.418600306543449818e+01 3.906361739026622359e+01 5.313820601224003326e+01 7.276045421886942677e+01 8.723371751701515109e+01 7.954441526183939004e+01 6.669453824422205912e+01 4.663750542020955692e+01 4.757730032206023907e+01 5.153278791673025694e+01 5.572852628586078083e+01 6.955208757384882290e+01 8.926224887568548638e+01 9.742697669396267202e+01 8.923907129494730839e+01 9.251715716571462167e+01 8.295937030049945804e+01 6.156114174093401203e+01 4.656536880550548574e+01 6.782901735416368183e+01 6.335667089721661682e+01 8.473123375684996006e+01 9.776491886509126061e+01 9.328298244375118031e+01 7.920361339516576038e+01 5.909331843657072625e+01 7.297328376255592275e+01 5.280635882390104285e+01 6.047010963204572676e+01 7.469078842493404125e+01 9.476547391807133636e+01 1.042285431320348721e+02 8.733737967441737737e+01 1.042285431320317031e+02 1.003127660867387760e+02
3.876326835128819681e+01 4.961796117865070244e+01 5.407791641510573299e+01 5.313820601242279906e+01 5.313820601224004037e+01 7.276045421942718860e+01 8.524965321050036948e+01 6.552120556384696215e+01 5.143813609654897334e+01 4.215270381133480981e+01 6.241871956127805987e+01 7.132492709234497852e+01 7.532433208589189633e+01 8.359030816325926594e+01 9.469662632004954617e+01 8.605786274854821727e+01 6.957844870013678928e+01 8.605786274854821727e+01 8.018042600734182201e+01 5.881705817464201402e+01 4.397486853823548358e+01 6.507469087373337402e+01 5.532956549822342396e+01 6.761532469181514671e+01 8.899707851622916621e+01 8.499108919086611991e+01 6.490743767608398684e+01 5.324503783865522877e+01 6.627381429079810005e+01 4.994506342763874329e+01 7.012125582628263487e+01 8.057052767568669083e+01 1.006548080819576256e+02 9.588950737588919537e+01 7.564984661984436798e+01 9.087256989268524876e+01 9.921464753045300711e+01
3.223442374754517914e+01 5.078169153863576213e+01 6.436022711591095913e+01 7.276045491974250012e+01 7.276045421921230627e+01 8.083600637034052738e+01 9.294111700760264227e+01 7.953394527321552232e+01 5.978024765486307501e+01 3.946292362709773727e+01 5.978024765486307501e+01 7.029114988612589343e+01 7.861742845718768535e+01 8.891233035795836770e+01 8.650250181246225623e+01 6.669000511622093086e+01 5.787993577005291002e+01 7.788800554739778192e+01 7.609756413117786167e+01 6.242885938580682392e+01 4.144301214284987367e+01 4.641075034569056612e+01 6.130864483094901374e+01 8.265314753535345460e+01 8.634098612179900556e+01 8.048478476701689033e+01 8.042590404275806293e+01 6.037691753197128008e+01 4.612072017190920548e+01 6.627381429079898112e+01 6.643229512608817799e+01 8.064950867643051424e+01 1.007446818277266374e+02 8.823963466434796032e+01 6.806204008458091437e+01 7.068213891086215028e+01 8.756629960456018580e+01
