LEM/sinusoidal_perturbations/elevation_000959.asc
nrows	100
cellsize	150.0
xllcorner	0
ncols	100
yllcorner	0
NODATA_value	-9999
[rows 34 to 50 of 100, columns 37 to 73 of 100]
6.990913205949479448e+01 5.614428846215665914e+01 6.990915945305285106e+01 5.765990483511442477e+01 3.821226674443005322e+01 5.179426210419298826e+01 5.242911457351974036e+01 3.778018156663340221e+01 2.708037916860184069e+01 2.748570687375057275e+01 2.789611647592927568e+01 4.767988428600491346e+01 5.596833468313714377e+01 5.350961395695286171e+01 7.232264885570592128e+01 7.079983567952200474e+01 5.420540373803256529e+01 3.493301019458923662e+01 5.420540374212340851e+01 6.890573823628142236e+01 7.659086699461211367e+01 8.493261281451388811e+01 9.637459493652687570e+01 9.348882614733403784e+01 9.925619319263708462e+01 8.769642606995016365e+01 7.956612346008799364e+01 7.468316392518764246e+01 5.490010351324551152e+01 5.481727899707058071e+01 7.459325241152480146e+01 8.808361838744822592e+01 9.943076093724026521e+01 8.261355506226325929e+01 6.611404675421688637e+01 8.261355442574777896e+01 7.665201613740821074e+01
7.148509001139133545e+01 7.552668340330161811e+01 6.414816317341031038e+01 4.469142834288295774e+01 5.765990483521719767e+01 6.579166433947159476e+01 5.724998061196068022e+01 3.798928819912548249e+01 4.037162480462639991e+01 4.364905914167226797e+01 3.733007109942119683e+01 2.849051955822788784e+01 3.855326610619900407e+01 5.639192086740182219e+01 6.126259254759467865e+01 5.454204705354009519e+01 5.175302869181538057e+01 3.385831273875569991e+01 4.749111199437768960e+01 6.694234313177207696e+01 6.971007473657161313e+01 7.785380675976712439e+01 8.767110268412690743e+01 7.370910135428529486e+01 7.950244861616555170e+01 7.956612346008799364e+01 5.977872781799075597e+01 6.557432181953994643e+01 4.975904166674947504e+01 6.957519969102322932e+01 8.272882055692772951e+01 8.566080167602241602e+01 8.164989508002499008e+01 7.444375822767270279e+01 5.440652341571199457e+01 6.373339783328685115e+01 6.086903161381955130e+01
7.964825086738794369e+01 8.019168201365208404e+01 6.054246459574857653e+01 5.003033833569575251e+01 6.957090322830690354e+01 7.108471548088242287e+01 5.162462555792092900e+01 5.732435393385634370e+01 5.815807285379054292e+01 5.043647062408398085e+01 3.105454695359957995e+01 4.763225678961057952e+01 2.911126847867825163e+01 4.905042885920084217e+01 4.797195698941381181e+01 3.657797581431784550e+01 3.229166558937887288e+01 5.172974095414564744e+01 6.063144890484699800e+01 5.591962314086043762e+01 5.020743108540391120e+01 6.971007469888137109e+01 6.894862304637965167e+01 5.975806911375674702e+01 7.950205690287236848e+01 6.998798404644001891e+01 6.180420588622633460e+01 4.559712127932322545e+01 6.557432181953994643e+01 7.772613801324206406e+01 8.270095105291268567e+01 6.670364215270559782e+01 6.142836845592920980e+01 6.975686201979162604e+01 6.252659881773450223e+01 4.129607570183922149e+01 4.171113101342258744e+01
8.450824186487491829e+01 8.838720076577246232e+01 7.549518174328269993e+01 5.586031632620954923e+01 7.549518174331548437e+01 7.922947267526805604e+01 7.108471548088242287e+01 6.663349894145265750e+01 4.718985035337848188e+01 3.350115338704763701e+01 5.068546658156314777e+01 5.321756115487230687e+01 3.341437058410418359e+01 2.973938343867507683e+01 3.018588699793568253e+01 3.063296004357331981e+01 4.838909990990724452e+01 4.583815248538729747e+01 4.999350189563672586e+01 3.815872862479718464e+01 5.572679888065848530e+01 6.020182389501690778e+01 4.938989126636435856e+01 6.894830887270103403e+01 8.082329130966367359e+01 6.124516163010704162e+01 4.160908883799342561e+01 6.086769254477395918e+01 5.882292394939060642e+01 5.995252081930625820e+01 6.669149469937832464e+01 5.497248173328755172e+01 4.795829044660501950e+01 5.499597805135001494e+01 4.070452667453670159e+01 4.332482799986507871e+01 6.030925979833549633e+01
7.635247928846617071e+01 8.954639264934024823e+01 6.970950921421963642e+01 6.713278327266162648e+01 8.355944615733551473e+01 8.658214501562234489e+01 6.689891274241742281e+01 5.313204984287946786e+01 5.444843630041666671e+01 3.516777144981991654e+01 5.248139056668775737e+01 6.122612492767975567e+01 5.331361828419365878e+01 4.136491579048543343e+01 4.993211461790043160e+01 4.340628819503108815e+01 3.130471168895432044e+01 3.177549235208876155e+01 3.223691520344520001e+01 3.268731438028743241e+01 4.656890183105497272e+01 4.087386721755103025e+01 6.020044254349156887e+01 7.354741648965746492e+01 6.580772195367265454e+01 5.457482575274475067e+01 4.340998306277415253e+01 3.730318434672646077e+01 3.760271534534138738e+01 4.439189051480370551e+01 5.733885632513167252e+01 3.927221299014190947e+01 3.969096275480590208e+01 4.010641247928772657e+01 4.181002721905087327e+01 5.977463003336017522e+01 6.843841937182155277e+01
8.334567758546565130e+01 9.781640733595457959e+01 8.952886465574329122e+01 8.665556067262882323e+01 9.447873044577518442e+01 8.189929778606440891e+01 6.220219098949148417e+01 4.848543598809763466e+01 3.747248021809637208e+01 5.444843225812931564e+01 4.877442785031995953e+01 6.822258076454428988e+01 6.893977160641792068e+01 6.080227945366652165e+01 5.635768314451258476e+01 3.702608934792457518e+01 4.682868178581904317e+01 4.869946601282684640e+01 4.249102909786854099e+01 5.198297549680502527e+01 3.330320056972154674e+01 5.268601971643388993e+01 5.762142915136524834e+01 5.304053616190670795e+01 4.708988933051156778e+01 5.501877372772350583e+01 5.311923963998845011e+01 3.701510247826813327e+01 5.347053224116125136e+01 3.823546659984657481e+01 3.867298490457250892e+01 4.612590893660213709e+01 5.837406350933985522e+01 4.728369667882794403e+01 4.781041393375326010e+01 4.413781099063109536e+01 6.249115169117939672e+01
9.148912242436105657e+01 1.048817494282573080e+02 9.353051362685053505e+01 8.540133782831976816e+01 7.937723463109948341e+01 7.420960247968096724e+01 7.076204823601189275e+01 5.836142676976334087e+01 3.910380770097145131e+01 5.836142556616863430e+01 6.830334833701282093e+01 7.645997664332595889e+01 7.378292791826579844e+01 5.422755955963909003e+01 4.309885327483041095e+01 5.635977981230680456e+01 5.484164492397814428e+01 6.259826479218511253e+01 5.915398713802973418e+01 4.182508076955126342e+01 4.765920860214785648e+01 3.390477925964835038e+01 4.421139393221958613e+01 3.510019194808037213e+01 3.553770878115514620e+01 3.597185981311885428e+01 3.640305874045030521e+01 3.976397199631009727e+01 5.856254331320634066e+01 6.088454017984591360e+01 5.743106491397226421e+01 4.609672839560311530e+01 6.276149650628951093e+01 5.874627820245122933e+01 4.776754854754588564e+01 6.249115171101325217e+01 4.643858651932111314e+01
1.028642219561258884e+02 9.677269150765967254e+01 7.707692787080047481e+01 6.570309243478457972e+01 5.979940903626508941e+01 5.460378544908670051e+01 6.268810769356132084e+01 4.331717116371243748e+01 5.788444575522068192e+01 4.186246112714362511e+01 5.550184951031022251e+01 7.564424644074298953e+01 8.193585212225137582e+01 6.736507953623465994e+01 4.787528432054133987e+01 6.736507953623465994e+01 7.260708726972991656e+01 7.161934376383065626e+01 5.209779221919079362e+01 5.542640897416760737e+01 5.774556605230257844e+01 3.442383511050815059e+01 3.448444117249654539e+01 5.351873769595442099e+01 4.239116012870815098e+01 4.650692511746964186e+01 4.340626049246507279e+01 5.838221310073001291e+01 4.463549146339116902e+01 6.399687388188116444e+01 7.043464143021665791e+01 5.480493081704904768e+01 7.078769844601642092e+01 6.838790325142733195e+01 7.647225452028037296e+01 7.327416082240426931e+01 6.513547204563525383e+01
1.050120310834810766e+02 9.931812332827276180e+01 7.963681652960200097e+01 8.540133782831976816e+01 7.946209343102700018e+01 6.728085544229827519e+01 4.779173326940313160e+01 6.268810747153007412e+01 6.315290532696324988e+01 4.384317784354775682e+01 5.748976708979941463e+01 7.711146204074786681e+01 8.668933925826712539e+01 6.703517280483100649e+01 5.322562472707183900e+01 7.279174488046172087e+01 8.553938706472905551e+01 6.585347303977802369e+01 7.161934376383062784e+01 7.496197508141769106e+01 6.826968123656514820e+01 5.535342206971236578e+01 3.585361778043746028e+01 5.212256023500926716e+01 6.078790586251410843e+01 6.425952343740634376e+01 5.544686095348744459e+01 6.895284038051538289e+01 6.399705319053814634e+01 4.983528662882072524e+01 6.943224707089365211e+01 7.363063884049863361e+01 8.181331713964752339e+01 8.321030372990166768e+01 8.500620760046618329e+01 6.525187381685826438e+01 5.158453624316226183e+01
9.684191586111627714e+01 1.074242157505148896e+02 9.931812332827276180e+01 8.385303122803230735e+01 6.415978820285566542e+01 5.439821799900200006e+01 6.728085544229828940e+01 6.631781212318567498e+01 4.683751279420400238e+01 6.323453393821892377e+01 5.602900844567361105e+01 7.563969759534911930e+01 9.246302243503856744e+01 7.279174488047588909e+01 6.058891047340350156e+01 8.020649480349480598e+01 9.368345042240865439e+01 8.553938706472894182e+01 8.337313114456263463e+01 8.064649102617686083e+01 6.862226255202530467e+01 5.703501906986104331e+01 3.720861318082053515e+01 5.668843400296280777e+01 5.865803774049149411e+01 7.722072551673787189e+01 7.555229418224649862e+01 8.194070961920454010e+01 6.216311272272647415e+01 6.943224707089365211e+01 5.624693623508474616e+01 7.023882538307897505e+01 8.999372831018006025e+01 1.029874247679585153e+02 8.728779775599947754e+01 6.751137324738765244e+01 5.367473988134531737e+01
9.642111765139449631e+01 1.046079190155591618e+02 1.035434492333025958e+02 8.385303122803230735e+01 7.968582717089404355e+01 6.001174799042787100e+01 7.968582717089404355e+01 6.852831610216674108e+01 4.899623399929009793e+01 6.852788230217126397e+01 7.563946396519753534e+01 7.563969759514931468e+01 9.535970740752591723e+01 8.837007771005671941e+01 7.188548597211058677e+01 8.837007771005671941e+01 9.150878175461247110e+01 7.751583672697177008e+01 6.352289145418320970e+01 6.072472078927511774e+01 6.039273137688663695e+01 4.040058575647112349e+01 5.703501907942932547e+01 3.952528023149083225e+01 5.946263484529081467e+01 7.379124395461357722e+01 8.192123445412516958e+01 9.000174813313965672e+01 7.618067277125830117e+01 8.175295152764856255e+01 6.191040760028946011e+01 7.240616986548087652e+01 9.212641617767151558e+01 9.645420400540574235e+01 8.750428931066925031e+01 7.564595618611939187e+01 5.590661251832638357e+01
7.666821431352924776e+01 9.319593221810983152e+01 1.030757733062022368e+02 9.022621781849879596e+01 7.050695255545223006e+01 7.968582717089404355e+01 8.783973304010338268e+01 7.669312195755885853e+01 6.852831597580338041e+01 5.217586114163746913e+01 7.177187055003970784e+01 8.511248304204582382e+01 9.497979360088579881e+01 9.974276373286207331e+01 9.157320425228034821e+01 9.323286392178418680e+01 7.352277443681833802e+01 6.352289145418320970e+01 4.911842633555653492e+01 4.632371275929239118e+01 4.371395465615374576e+01 6.029425387642488232e+01 6.121362076529041474e+01 4.116469202262791782e+01 6.121369289147980908e+01 5.372447319681024425e+01 6.388683386749682569e+01 7.795728523446842928e+01 9.584682799027852695e+01 8.802131684522728960e+01 6.819900523567369532e+01 8.802131684522728960e+01 1.001245069752663994e+02 8.825056933343496723e+01 6.844871810138920409e+01 5.957752712778857784e+01 7.564495859622792295e+01
6.493080912909150015e+01 7.513136278445985283e+01 9.490130475863058734e+01 9.837156756948851921e+01 8.189563624600279468e+01 9.837156756948851921e+01 9.884305264126435020e+01 8.744298589237796193e+01 7.480356643548081763e+01 5.515593152550736988e+01 5.726632519651005993e+01 6.707082476796348658e+01 8.101755452594574081e+01 1.007756055807501951e+02 1.037145363757872900e+02 8.410512279428871807e+01 7.352277443682118019e+01 5.344798773955256621e+01 6.933689205131730660e+01 6.655967219842322891e+01 5.044872070823672772e+01 7.063523017132682469e+01 6.942400965376708655e+01 6.121369327767744295e+01 4.355664410652921958e+01 6.375785858517784987e+01 8.192123445412516958e+01 9.178457562215491805e+01 1.056118659707100988e+02 9.547599004671597811e+01 7.575277865031937097e+01 9.547599004671597811e+01 1.079070387404610614e+02 8.823304212522720036e+01 8.221155627091275164e+01 6.239228268377426190e+01 8.222340141262270663e+01
6.969939299228305174e+01 8.966719621579716204e+01 1.030757733062022368e+02 1.097382787901214556e+02 1.016060038748268113e+02 1.004401183409554790e+02 9.066638396125263455e+01 7.091870587333654896e+01 5.956364913294169838e+01 7.480356643548081763e+01 7.693768923241574953e+01 6.316333411336342607e+01 7.709710884908899686e+01 9.685329400275792011e+01 9.798423070440874483e+01 7.835620806427733953e+01 6.430736184372187836e+01 5.694891799894811868e+01 7.689413071440849023e+01 6.700136372018681641e+01 6.225807599211463383e+01 7.888387191077629268e+01 7.972873647905714733e+01 5.980385687322993249e+01 4.536330425427633628e+01 6.563971899556192113e+01 7.709037074311930837e+01 8.514336688558542221e+01 9.379173321043757028e+01 1.034455063598521178e+02 8.978239374177132959e+01 1.034455063598521178e+02 1.060158788392547109e+02 9.785111925493507101e+01 8.552691762194407943e+01 6.570802080382341614e+01 7.129145806947123276e+01
8.377295426473848750e+01 9.351923447182754501e+01 1.023567581034215550e+02 1.137210167686596094e+02 1.036792927124100032e+02 8.390491453364677454e+01 7.250820787069908135e+01 6.446660575421772421e+01 7.926505670152711502e+01 8.744298599218633683e+01 8.986528424127524772e+01 7.011799029130632732e+01 7.155426814727148610e+01 9.130552627279321598e+01 1.037145363757872900e+02 8.410512279428871807e+01 7.050539213986705533e+01 6.051034563878747718e+01 8.034730149034430724e+01 8.113456793557581648e+01 8.271894635410308183e+01 9.110238244627973359e+01 8.016902242080871588e+01 6.806199423677830396e+01 4.778319891590974322e+01 4.984510017118618919e+01 5.715755153808745348e+01 6.619339376642845707e+01 8.014135694882706673e+01 9.948656616170471523e+01 1.092215474647908167e+02 1.092359775496548480e+02 8.951682454622813623e+01 7.812170108816192737e+01 7.062351136778094940e+01 8.552691762194407943e+01 9.106819279004240286e+01
6.527459770794017402e+01 7.441005455202152064e+01 8.588438173382434115e+01 1.055167675966591929e+02 1.118477215265835696e+02 1.004401183409554790e+02 8.814632063316183519e+01 6.840408588716529437e+01 8.235660468902948139e+01 1.021239313877740926e+02 9.804079224330776299e+01 7.893624319484479201e+01 7.812566328823048423e+01 9.789545776507468133e+01 1.061658626675350661e+02 8.659854028075839949e+01 8.414893901177143221e+01 6.439505099455472248e+01 8.414893901177143221e+01 1.009162714561546892e+02 9.913008366929028625e+01 7.959022463986400453e+01 7.361225239956340261e+01 5.356489148431329994e+01 5.100746095382924494e+01 7.004779126506612386e+01 5.504567103205574341e+01 7.504838173359080145e+01 9.379173321043757028e+01 1.032449388690825458e+02 1.144787008572769622e+02 1.173985425491382273e+02 1.060158788392547109e+02 9.434114577862298745e+01 7.460591745926849683e+01 8.600610645887618944e+01 1.057270212309394992e+02
6.776086903691940222e+01 7.684032756333394332e+01 8.827789711236640358e+01 1.079149494603042569e+02 1.185853329508472314e+02 1.087052020128923857e+02 9.245656507817052727e+01 7.270454364515506995e+01 8.666484821104528180e+01 1.064390064882093725e+02 1.068761742113086655e+02 9.035282526864831709e+01 8.559071882396682440e+01 1.053721274528832907e+02 1.143009501811913680e+02 1.050520042740226643e+02 8.816868703721335976e+01 6.847602392342787425e+01 8.816868703721335976e+01 1.056531131746135088e+02 9.439847734959148795e+01 7.959022463986966045e+01 5.976353371162345951e+01 7.361225239956341682e+01 5.428551624568981993e+01 7.429934039245331689e+01 5.924696239277565724e+01 6.671415621184459610e+01 7.560450624862241398e+01 8.696171609432720118e+01 1.064387960897659156e+02 1.175724166865548028e+02 9.786706843778121367e+01 8.391568610362411107e+01 8.056605938768088038e+01 1.002873337190664245e+02 1.138902539213376173e+02
