LEM/sinusoidal_perturbations/elevation_000724.asc
nrows	100
cellsize	150.0
xllcorner	0
ncols	100
yllcorner	0
NODATA_value	-9999
[rows 51 to 67 of 100, columns 0 to 36 of 100]
6.455108993161302530e-03 2.000645510899215296e+01 3.375918395723356724e+01 1.972094321699996655e+01 2.706642037950143376e+01 1.419814137557557032e+01 3.029199086018881104e+01 2.353752585410643761e+01 3.946276313827677740e+01 3.703381575099167122e+01 2.788885917740463327e+01 2.572900848283704534e+01 4.558301551029204290e+01 4.703213940654730152e+01 4.935480301502541778e+01 3.299916864014267048e+01 3.553932052182796753e+01 3.831312434698355673e+01 4.433502845842635054e+01 6.359318477717940965e+01 6.967939038599990909e+01 7.358860266935451477e+01 6.264260507192524585e+01 7.380774053774943866e+01 9.268568837497868174e+01 1.074325383880952387e+02 8.765906478377104349e+01 7.611240638093502753e+01 6.718584846908704833e+01 6.175788264273184325e+01 5.700353284364711470e+01 5.357328034788849891e+01 7.302177059702647455e+01 7.957735529620811121e+01 7.138471344617830994e+01 5.525638981913782288e+01 7.531939186709259104e+01
3.995603441288198172e-03 2.000399560344093430e+01 3.495574248202686363e+01 3.972324316346103501e+01 3.419231042696598166e+01 2.833965739170048437e+01 2.419802706674223103e+01 4.328181043043571918e+01 5.115099869789213471e+01 5.600050168403748785e+01 3.942562230862876049e+01 4.568164743156260954e+01 3.328850897176973689e+01 5.321202302628044123e+01 6.084744501968297925e+01 4.707866131750449767e+01 4.701118493447282987e+01 5.806576286202403736e+01 4.290297037748700859e+01 4.644084955762951950e+01 5.015918774758227983e+01 5.416533234950144049e+01 7.358860228942302228e+01 7.808550374389692195e+01 9.078734260293614966e+01 1.084313464818873314e+02 1.011614581833235889e+02 8.130320456128941942e+01 8.711955238115010047e+01 8.159092925987583556e+01 7.008979709233442179e+01 5.083449772553733936e+01 6.685806268409992015e+01 6.771731477622350326e+01 5.191410450127551712e+01 7.138471344617830994e+01 8.360260689989996763e+01
4.804567899273937473e-03 6.671471234565969688e+00 2.667147123456632585e+01 4.650274786581958608e+01 5.416469034893975021e+01 4.832186476057244562e+01 3.574097293891376381e+01 3.833020230396624584e+01 5.824188631896186052e+01 6.743547696276415593e+01 5.927445312044837777e+01 6.140640921734083690e+01 4.482387366472462986e+01 4.328257937026145896e+01 6.314148247883215959e+01 6.662554370583399077e+01 6.062059245615385805e+01 5.842756066122625214e+01 5.881751866706441945e+01 6.040555643849357637e+01 6.407207091846876779e+01 6.800088252627669760e+01 6.349979928135596907e+01 7.323641063791281169e+01 8.750357537815789044e+01 1.092497581947654197e+02 1.092974159093747204e+02 1.011614581839209279e+02 9.467464095079731123e+01 7.481498805247898076e+01 6.090937344737815096e+01 6.685806268408543929e+01 4.776183756266046032e+01 4.882387553612794306e+01 6.774085219649234091e+01 7.967121875837233347e+01 7.514632985879377713e+01
9.707512844716031236e-03 2.000970751284436133e+01 1.821847661835869303e+01 3.236061224209014142e+01 5.236061224209084486e+01 6.387462444495557179e+01 5.566580897762207769e+01 5.824188631896186052e+01 6.644801632224972820e+01 6.742615420557379480e+01 7.329518077415700361e+01 7.284666647697154929e+01 6.467046617715512014e+01 5.735580761419038964e+01 5.735580761419038964e+01 7.710933817180095673e+01 7.892420290954439110e+01 7.144659253586766567e+01 8.158297933507724053e+01 7.962720219719537340e+01 8.321357729807502324e+01 8.704650383859907947e+01 7.469856071187562918e+01 9.094848768079550894e+01 1.012956169283835948e+02 1.147353736182955686e+02 1.205964434942320338e+02 1.108039913564170433e+02 9.104785486659284288e+01 7.698977121784658095e+01 8.063174571438523230e+01 6.463870354370300220e+01 4.558247630176821730e+01 6.232825939722693676e+01 7.045027566797928387e+01 6.718561393657869019e+01 5.564665563895370326e+01
5.001202446392439237e-04 2.000050012024428270e+01 3.821847661835939647e+01 4.650274786581958608e+01 5.270359881517808986e+01 6.098749844341214299e+01 5.555853973946985747e+01 6.384788912760919288e+01 5.986284354443261435e+01 4.741551510787099488e+01 5.327649560371146009e+01 6.750745736488903503e+01 7.581375231057921837e+01 7.710933817180094252e+01 7.710933817180098515e+01 8.528154740835174152e+01 8.760233718289443061e+01 9.004421472275365090e+01 8.908750767108729463e+01 8.109633302376184361e+01 8.099191873154877896e+01 8.890685473684050066e+01 9.424801198008579206e+01 1.027509552233411796e+02 1.089143952229387224e+02 9.476747941731832725e+01 1.006155309356086605e+02 1.064024020175037180e+02 9.498611963661701907e+01 8.681740010806193197e+01 7.982301823220464598e+01 6.680668131123631781e+01 4.770233351244929310e+01 4.326904090125024283e+01 6.017711024478409598e+01 4.799202031714675343e+01 6.718562119508274577e+01
5.279685921607564676e-03 1.414741530965525840e+01 3.414741534550360313e+01 3.637375953297012643e+01 3.270371190364495106e+01 5.229784434454278141e+01 3.555617290322574320e+01 5.229784434467684662e+01 3.985598923835630814e+01 3.327293720278188971e+01 3.993960654318620129e+01 4.749891748624734333e+01 6.164279362234872650e+01 8.166600811088734702e+01 8.053708594969961609e+01 7.231499365680980418e+01 6.755069365020199257e+01 8.163790429730819653e+01 7.759764930910576197e+01 6.094320837646133526e+01 6.093722318498412704e+01 7.274818838638232421e+01 8.658722433660203421e+01 1.052330861023453963e+02 1.006150300498545391e+02 8.060613197066507496e+01 1.006088927820582910e+02 9.821886560887236328e+01 7.847367446056337315e+01 6.703561824360456001e+01 6.016883269324490868e+01 5.447965353765535923e+01 6.680663621399041574e+01 6.017711024726792601e+01 4.109621688962887021e+01 5.815453862509288996e+01 6.624345564249541951e+01
5.738623160518319517e-06 2.000000572378528219e+01 2.490973805480941294e+01 1.637378582387856696e+01 3.012629656509094289e+01 3.292698264986422174e+01 2.400913929775696332e+01 3.922628596817551028e+01 2.571364723392510498e+01 4.571586119439479035e+01 5.994494013397403620e+01 6.750745736488903503e+01 7.581375231065528908e+01 7.188666563094244566e+01 6.358736385498045962e+01 5.184688747260717889e+01 5.298595149807938753e+01 7.342368406699243621e+01 6.946092113229957477e+01 4.873540198407270196e+01 6.946092113229957477e+01 7.953398060936179093e+01 9.103334228462192357e+01 1.062296631417079595e+02 9.353480600814494039e+01 7.350909141547076331e+01 9.353836951194223559e+01 1.048431273422828554e+02 9.498611963661701907e+01 8.681740010806193197e+01 7.982301823220464598e+01 6.556783353638616063e+01 7.605317528012666628e+01 5.660906666437572454e+01 5.815453862509276206e+01 3.905929046014441752e+01 5.049948846673127179e+01
4.532054705376768917e-03 2.447920941831476682e+00 4.909750761418121279e+00 7.429513914812958753e+00 1.012631336466590426e+01 1.292687353272194706e+01 1.584417336267986265e+01 1.922479038159398712e+01 3.922628596817552449e+01 5.401046447678626095e+01 6.277414476292950241e+01 7.279001587548019359e+01 7.188553671192836703e+01 6.004264700490428197e+01 4.287486349327495105e+01 3.969870957670558909e+01 5.452359223944090161e+01 7.492056430427625457e+01 6.372395547793690440e+01 4.266798479255310639e+01 5.069235759718891643e+01 6.286577415961830440e+01 8.301436258244133626e+01 9.803220030504229499e+01 7.804532274554718185e+01 6.747050712562037234e+01 8.485959007017517308e+01 8.485959007017518729e+01 9.987404730476049508e+01 9.440212163374293652e+01 9.343371354452541766e+01 8.527475180314240788e+01 8.422699729968307736e+01 7.289869285629667672e+01 5.260001421416937006e+01 5.494419183688993513e+01 3.706025954166342018e+01
9.001595176218036079e-03 2.000210433610892125e+01 2.490806421503163648e+01 2.157164896874650140e+01 2.426843634976054886e+01 2.706769425041304800e+01 2.478844684306819701e+01 3.921664822156084540e+01 2.738975644630619044e+01 3.446082571840869946e+01 4.446088430501779243e+01 6.447212327076238125e+01 6.358714456721403252e+01 4.287486300263316252e+01 3.047607050309987997e+01 5.162899619555955155e+01 6.592350376950230384e+01 7.402965580515096633e+01 5.829656302645757648e+01 3.688792986047003097e+01 5.829656302645757648e+01 6.849800520691177041e+01 7.767318167475490043e+01 8.923709667142392732e+01 8.171627838012334166e+01 6.171530218111888644e+01 6.485247105131590217e+01 8.313282439338198060e+01 8.012905545919970507e+01 7.432091546522335079e+01 8.849476396187127136e+01 9.018847073482793064e+01 8.199275513331012633e+01 8.092210361968173515e+01 5.747899228232684266e+01 3.515298643470816131e+01 4.594369569092972228e+01
5.674351268809080251e-03 1.414809387862875312e+01 3.416379637314884832e+01 4.157160119883872085e+01 4.426633247795098924e+01 4.702854612031001835e+01 3.893108744331509996e+01 4.478193356200322484e+01 3.893682210240638852e+01 5.446650369967499472e+01 6.277408383032442885e+01 7.279000545440615610e+01 6.160760750867807189e+01 4.080634229147682390e+01 2.553993589261031971e+01 4.689713015647405570e+01 4.554278758642325897e+01 6.592350376950230384e+01 5.383755040619859500e+01 3.213109915880890810e+01 3.883354490415622706e+01 4.865872622008441795e+01 6.091140561900915174e+01 8.118251967916816625e+01 8.900142175965901004e+01 6.899677598723879157e+01 5.491536856633969421e+01 6.932550362031835789e+01 7.016945844189528714e+01 6.020146483465516241e+01 8.017380735772724165e+01 8.199275513331012633e+01 6.214019041056424442e+01 6.795487199391160971e+01 6.136787503964093560e+01 5.277551696040041662e+01 3.329550656826343413e+01
9.518805923843161668e-03 2.000951880592348786e+01 3.090128905527561898e+01 3.722584437557640769e+01 4.478513383982469520e+01 5.306940600450283085e+01 5.894589353404384724e+01 6.472939119437361910e+01 5.894292859723764622e+01 6.724207784162395285e+01 7.099543275429374489e+01 6.337311237321168278e+01 5.898418698222881318e+01 4.253932384406626710e+01 2.109322764782065107e+01 3.054247479419293043e+01 4.671133729142437829e+01 5.593223426116081498e+01 4.949405913565045267e+01 2.755727161986051144e+01 4.950071397795318262e+01 6.849800520331409359e+01 7.630849061950947032e+01 8.433689310353722135e+01 9.267603641390498126e+01 8.313282439338757968e+01 6.932550362031835789e+01 4.945225706895510598e+01 5.030579282955307718e+01 7.018920439613425799e+01 8.833162069376570003e+01 8.199275514138221865e+01 6.214019041056459258e+01 4.819454792152717459e+01 4.168819854750515219e+01 3.672018703830902808e+01 3.201762633505681066e+01
9.062254805971973678e-03 5.354287093054436397e+00 1.090128905530667858e+01 1.722584437564332660e+01 2.478513383582800600e+01 3.892726945956078310e+01 5.892726947320014119e+01 6.488484828771555613e+01 5.664065073097633984e+01 6.488484823347174313e+01 6.030695817064403030e+01 4.481413098382945748e+01 5.056287752616940168e+01 2.937924949479760173e+01 1.695752703199838507e+01 3.833250417984227454e+01 2.446473672180873038e+01 4.236951532867303882e+01 4.067417656210829335e+01 2.378990691573014615e+01 4.584485709135404363e+01 5.753297867824494460e+01 5.587785106714577665e+01 6.460202293300777399e+01 8.001383547186665623e+01 8.996407020706463697e+01 7.759920644493696784e+01 6.419432987539188673e+01 4.439073360646641220e+01 6.418118610759843534e+01 7.121810600005996150e+01 7.952188089828351281e+01 7.616433056987497707e+01 5.773222139634128780e+01 6.136809730294025655e+01 5.140602814037555390e+01 3.079946485576625292e+01
3.063233560239582431e-03 2.000306323355988525e+01 3.090128905527561898e+01 3.722584437557640769e+01 4.478513383872424214e+01 5.306940600450283085e+01 6.142951708009036338e+01 5.321418129207710734e+01 3.697576409467991709e+01 5.501749623135802381e+01 5.196872546348033950e+01 3.319659136583638315e+01 5.196872278945421897e+01 3.477342621203952433e+01 1.366539777061369243e+01 3.024780326209056724e+01 1.315554292098532940e+01 3.360801922539290132e+01 1.856113771780636412e+01 2.273000397855657084e+01 2.699635401236528409e+01 3.828667225998204060e+01 4.355204259337559591e+01 5.124790034992700782e+01 6.182055841432778465e+01 8.199043758861655817e+01 7.328773630062447353e+01 5.285480645188305004e+01 4.145482233633894253e+01 5.717104793553323105e+01 5.135616620368913487e+01 7.122194226519036420e+01 8.574494025409190101e+01 7.754588985538595125e+01 7.381837133694432396e+01 6.004446296806418815e+01 4.834359941951950645e+01
5.666595628964066558e-03 1.414780221936003990e+01 3.414780221936074156e+01 4.134505519016811803e+01 4.973899352230317561e+01 6.012412098317805942e+01 5.321417984073632823e+01 3.348756217674116442e+01 2.690518739439255924e+01 4.679396889056197040e+01 4.440405151317509080e+01 2.353449984003311357e+01 4.118394199640643194e+01 3.101356058438700103e+01 2.409871630172100510e+01 9.917657469102787005e+00 3.021130372684795162e+01 1.416379745216597108e+01 3.703523519021867827e+01 4.482038083135377349e+01 4.893813045760348501e+01 3.403593286445465793e+01 5.562751323721973762e+01 7.190549798172132512e+01 8.001383547186665623e+01 8.996407468026370680e+01 8.158824281207047591e+01 6.458297756984440241e+01 4.485655455808960568e+01 3.751047541403815444e+01 5.361079479927716562e+01 6.183915873260833251e+01 7.251868380418267179e+01 7.952906162300710946e+01 6.018019787593640757e+01 4.685739631218120849e+01 4.704338830410880234e+01
2.110006612196471242e-03 2.000211000661184002e+01 3.054619002722093413e+01 2.121494509482338842e+01 3.124272507455462744e+01 5.158778588402927312e+01 5.631476035246332401e+01 3.926535551702824023e+01 1.929970168223305294e+01 3.148066924887703877e+01 3.428037360368763586e+01 1.628307028580712412e+01 2.999733420761347702e+01 7.806667139870365091e+00 8.122553858934782767e+00 8.437795375496230932e+00 9.587304658158675608e+00 3.650842846968413369e+01 3.169680832898071188e+01 5.261167604617928362e+01 6.379928500404044200e+01 4.953910719330949064e+01 4.796413513006684326e+01 6.285134700118564410e+01 8.265743384456696674e+01 8.987945467773592156e+01 7.099055723614306146e+01 5.725355126522143223e+01 6.222645437342507790e+01 4.269335700827905811e+01 3.407044354150131937e+01 4.452617922692965635e+01 5.828181155002408786e+01 6.868519565155246198e+01 6.441502531227372685e+01 5.267610486195641073e+01 3.389418052739814868e+01
9.367352646185668139e-03 5.173346190754642748e+00 1.051858851551295615e+01 2.207016294880388685e+01 4.212465889926486540e+01 5.986742133664833432e+01 4.812531101147968826e+01 2.617907092112733025e+01 2.880129052073182905e+01 1.144832318933473125e+01 2.068044478800776886e+01 2.655020358053473828e+01 7.358494820014553461e+00 1.737136183036619386e+01 1.846748104300812088e+01 2.203863527857533100e+01 8.889101985377388715e+00 3.075971719783748526e+01 4.943725347448721408e+01 6.104431063759577825e+01 6.772025412688446977e+01 7.018999619290389091e+01 6.872731173965139817e+01 7.682224223598451829e+01 7.794299969842332132e+01 8.679379062761250907e+01 8.452864445142344607e+01 7.661304031018858041e+01 5.875428435951231165e+01 6.170217658263604932e+01 3.092015960302956756e+01 3.092487071586125325e+01 4.139097152375435940e+01 5.049908358599762437e+01 4.257103819319702609e+01 4.141980194491043932e+01 2.636755847736420577e+01
3.648181865326004768e-03 2.000364818186497118e+01 3.054619002722093413e+01 3.886157454287208424e+01 5.044596829662287973e+01 5.412070996170675841e+01 4.491597009759448866e+01 2.969738927589806465e+01 6.653635757126256323e+00 6.290635942187841501e+00 6.599296948194442791e+00 6.911123553143203146e+00 2.026690920213538760e+01 2.649865963135651370e+01 3.063597153430839981e+01 2.773256106775099639e+01 9.206747344310587167e+00 1.402516995367291308e+01 4.071754938614931518e+01 5.348994130481946740e+01 4.672447192192380072e+01 6.179888789772378743e+01 6.614622603320914607e+01 6.060397095720991700e+01 5.711975256270154944e+01 7.674114767309126250e+01 8.646182704883698023e+01 8.646764060074671931e+01 7.842753346788011015e+01 7.004696952982676805e+01 5.030141559802319051e+01 4.718508282555251299e+01 2.794988141160020945e+01 3.062655548791084570e+01 2.549702977513517510e+01 2.585976031702993794e+01 4.505824143452810659e+01
