LEM/sinusoidal_perturbations/elevation_000200.asc
nrows	100
cellsize	150.0
xllcorner	0
ncols	100
yllcorner	0
NODATA_value	-9999
[rows 68 to 84 of 100, columns 37 to 73 of 100]
4.109150432722063329e+01 6.100984105698943694e+01 6.072685575351073339e+01 7.747916142347671098e+01 8.198425789940858976e+01 6.782723998153713296e+01 7.821433791426899518e+01 5.824866054521182690e+01 4.385214741392012883e+01 6.409647357138327095e+01 7.667795735904063292e+01 7.362201903110728551e+01 6.104894476633748468e+01 5.059598877086342128e+01 7.040003145915112270e+01 7.850899176292458037e+01 8.288899939074110534e+01 8.807828892167401591e+01 9.366374101023059495e+01 1.017993694027640288e+02 1.177420181756998261e+02 1.175259649986775230e+02 9.794695286871566964e+01 9.543006224323913500e+01 1.110239972878630255e+02 1.192623537992911764e+02 1.291477545026783389e+02 1.399707840579585252e+02 1.300162413239978321e+02 1.118150853747797271e+02 1.269342856189458786e+02 1.258183752852683028e+02 1.060058599255554554e+02 9.212486103754173428e+01 9.869014465192250896e+01 1.184336979453140231e+02 1.290770449473093890e+02
6.101020575404061219e+01 4.546498898332033178e+01 4.916575168163495846e+01 6.918984068147264566e+01 8.338312467474762002e+01 8.795364058818205422e+01 8.184774261803364936e+01 6.194561384625565381e+01 4.762737239531271172e+01 6.777489033077530678e+01 8.452078966032676988e+01 8.881743306687235417e+01 7.861155991477264138e+01 7.050230897150028397e+01 5.458293301373577577e+01 5.890186317943000205e+01 6.337547054205858643e+01 6.866174541615028204e+01 7.431516740898727846e+01 9.366374101023059495e+01 1.122259980530926100e+02 1.257903267335273796e+02 1.175259649986775230e+02 1.149532037665701836e+02 1.232095807354938017e+02 1.279912925651445050e+02 1.365625702371789032e+02 1.317010995897092016e+02 1.118150853747797271e+02 1.019826650349184689e+02 1.071069645961682681e+02 1.201335706138006003e+02 1.070347521366147276e+02 8.737232875195064707e+01 1.012447165862373311e+02 1.210131344889583715e+02 1.092246529093893628e+02
7.376141388749674377e+01 6.547145761831693278e+01 5.521920987219313304e+01 5.506881899496823252e+01 6.923170520828146834e+01 8.925140443776939492e+01 8.402188949509293536e+01 6.412357286586478722e+01 5.355575955603639926e+01 5.633512077502481930e+01 7.046815539908536152e+01 9.030755388510073089e+01 9.168022903589380235e+01 7.223138659464432010e+01 5.828797676466705724e+01 7.792781981094942978e+01 8.288899939074110534e+01 7.932366280384495383e+01 9.366374101023059495e+01 8.463973163150188839e+01 9.827695360987998185e+01 1.179064330672086953e+02 1.241647462726805884e+02 1.156104504370995443e+02 1.134330373652709198e+02 1.074028106169946568e+02 1.279912925651445050e+02 1.399707840579585252e+02 1.243477205692890806e+02 1.045443729162950319e+02 9.321777603835467119e+01 1.003697185399346523e+02 1.018707833452112794e+02 8.362551303040260109e+01 1.032507169919293091e+02 1.176152610601583035e+02 9.787801409488682225e+01
8.673534900497658384e+01 8.301248815757071498e+01 6.270258634361364614e+01 7.509533935528345694e+01 6.174742533992078108e+01 8.176929636298497428e+01 9.228177467261394895e+01 7.953565890999652765e+01 5.966810304353284522e+01 7.627898068097559303e+01 6.789660023246645437e+01 8.772952531782493679e+01 9.296131850826525067e+01 7.355908157922860369e+01 6.222214906928869027e+01 8.175943288654974594e+01 9.749201106638858505e+01 9.875292796370500525e+01 1.069193769982539948e+02 9.827695360987998185e+01 1.122259980530926100e+02 1.175282967542453605e+02 1.090004735765659944e+02 9.523713347791246520e+01 9.309991255187409820e+01 1.047466760663818377e+02 1.192212540553987452e+02 1.399713879616248562e+02 1.326082938762574486e+02 1.211512461206396836e+02 1.061584167900020930e+02 8.650998685663265064e+01 8.228283216060802374e+01 8.005354979344323851e+01 9.960640820367216008e+01 1.101552244765743893e+02 9.047256414604450470e+01
9.828932363271557904e+01 9.130854460298947117e+01 7.250172373031271889e+01 8.732185194662230288e+01 6.730182808001075045e+01 7.809619776440160877e+01 9.811271090161287134e+01 8.613562879968361585e+01 6.633571913062216652e+01 8.613562879968361585e+01 7.933990186084497509e+01 9.599009019115867147e+01 1.011007775644284266e+02 8.862381486223071647e+01 6.920906506411648706e+01 6.996366072416101645e+01 7.866841530572646946e+01 8.979836000902993476e+01 1.092779684563396358e+02 1.179064330672086953e+02 1.159410233331269069e+02 1.057785043002310061e+02 8.874838338388043724e+01 8.369031805926977086e+01 9.261322846632566552e+01 1.042541612012455943e+02 1.247978814219427335e+02 1.359529632247169104e+02 1.245915773611040152e+02 1.164195578699991529e+02 1.094928671016857038e+02 1.035905047623631390e+02 9.609460734522522785e+01 7.664632036791765302e+01 9.376393265502493080e+01 9.577923850031578468e+01 9.783446728032197370e+01
1.134770278819791969e+02 1.012956371167758647e+02 8.616297267851545882e+01 9.335823143948501013e+01 7.333782556953124754e+01 9.335823143948501013e+01 1.063919068931591028e+02 9.438963241642176172e+01 7.622983522825667535e+01 9.438963241642176172e+01 9.918996408824538946e+01 1.074770209633236817e+02 1.008936218796486202e+02 8.149448858364876003e+01 8.862381565063266464e+01 7.968589216749617776e+01 8.937201622824893832e+01 1.061974590795712032e+02 1.175111638865146659e+02 1.219016072082001330e+02 1.014207157264020083e+02 8.719637383565752486e+01 7.728145597310587789e+01 9.730792385216639673e+01 1.123550978020159192e+02 1.214852246582277928e+02 1.333728999886488964e+02 1.277523679649094248e+02 1.081233650879953245e+02 9.682795350773983500e+01 8.991797217237052564e+01 8.406188104197758548e+01 9.348636728888433822e+01 7.413317868801010491e+01 7.439262413745382219e+01 7.634194954911301068e+01 7.832849689957690487e+01
9.670631674085714735e+01 1.145114617239374724e+02 1.070878396070816052e+02 1.016404928215970074e+02 8.489881176067505919e+01 8.749648537356119959e+01 1.075097382910253287e+02 1.043215552928589460e+02 9.604142237111057057e+01 1.043215552928589460e+02 1.160534350586766550e+02 1.245597410274540522e+02 1.090909994643270409e+02 9.515609368998062223e+01 1.072305008633849894e+02 9.905814028900154256e+01 1.072305008633849894e+02 1.170954127310247941e+02 1.188015939207167690e+02 1.205283859604712831e+02 1.001020843238406428e+02 9.358909508166266278e+01 7.364604673309548843e+01 9.358909508166266278e+01 1.004260356724217189e+02 1.068169406678815818e+02 1.153368211134016406e+02 1.244875823078901078e+02 1.245915773611040152e+02 1.164195578699991529e+02 1.094880796171623984e+02 9.593117564159138055e+01 7.653596597990045325e+01 7.165556498709153743e+01 9.095324777785097581e+01 9.577951423862913316e+01 8.952201330352359321e+01
9.539495159749597519e+01 1.059640946559715360e+02 1.250262270158372644e+02 1.131905443197317993e+02 1.049140136224372100e+02 1.075097382910253287e+02 1.157845002696329715e+02 1.196558662704255767e+02 1.111486119124042489e+02 1.126966490744694340e+02 9.550121897092479628e+01 1.126966490744694340e+02 1.187912295800144307e+02 1.147545792937946914e+02 1.190609030186594310e+02 1.105353500532230413e+02 1.190609030186594310e+02 1.128624712327668362e+02 9.839407726438943769e+01 1.058947330167818563e+02 1.001020909645684611e+02 8.002519419059774464e+01 7.019004014893853594e+01 7.466126500979416392e+01 8.034121676755901831e+01 8.660712457248054363e+01 9.555033460902338049e+01 1.098902880854163016e+02 1.305173561257222730e+02 1.218733598332455728e+02 1.019454802417004231e+02 8.805698466111195444e+01 7.690805259614302258e+01 7.018764821302433177e+01 8.743386694773693080e+01 9.557149881499597655e+01 1.091925583865135110e+02
8.714866379212610070e+01 1.059640946583220540e+02 1.106139927693999709e+02 1.024229537021944623e+02 1.106139929000626125e+02 1.208999697870170138e+02 1.123951700033431251e+02 1.077991102211423566e+02 9.061286394502428720e+01 1.041876075679697777e+02 8.367577404183653300e+01 1.041876075679697777e+02 9.809170987781634210e+01 1.127025139693104023e+02 1.088777775008964284e+02 9.025867458952340883e+01 1.088777775008964284e+02 1.043712942146407272e+02 8.421597308235378421e+01 8.571279535817657802e+01 1.000512684273254393e+02 8.679643129968860649e+01 6.696369738447059206e+01 8.679643129968860649e+01 9.913234801814577679e+01 1.068169406678815818e+02 1.153368211134016406e+02 1.244875823078901078e+02 1.214411675009022389e+02 1.125823589670510785e+02 1.125488579407825256e+02 9.276332936332480017e+01 9.631198732642639015e+01 8.167944789863902599e+01 6.813826250061839573e+01 8.542760487477470122e+01 9.353635546328563066e+01
1.059640945537958316e+02 1.139032484016573932e+02 1.006982056394841010e+02 8.256791145049218983e+01 1.006982056394841010e+02 1.123951700033431251e+02 9.185527603616294812e+01 9.787127169429457751e+01 7.880368643923146976e+01 8.777753271794301781e+01 7.645756462919712249e+01 9.693557927752057424e+01 8.355343413820222054e+01 1.024014045656050200e+02 1.003970123213732677e+02 8.031130597773177726e+01 9.035415914955252958e+01 9.637995010440229748e+01 9.162394804089792899e+01 7.169703851518619331e+01 8.271236259735269414e+01 8.053977593719123718e+01 6.424653823034445566e+01 7.080722825411868371e+01 7.961119539679084767e+01 9.110227511058391769e+01 1.113961996162582437e+02 1.147105496662749005e+02 1.058787585791658898e+02 9.141302448446711537e+01 1.091822294486382532e+02 1.125488579407803229e+02 1.086372858542010533e+02 9.545443730347469113e+01 8.542760552075306180e+01 6.609292424948556288e+01 7.721202413743793613e+01
1.005891170941675625e+02 1.040165899915763390e+02 9.249543257627837534e+01 7.251969426230908766e+01 9.249492064465087537e+01 1.075010971983061978e+02 9.787127169429734863e+01 7.738849343490517185e+01 6.970709276650744357e+01 6.737604623411388616e+01 8.777753271794301781e+01 9.384463581955246525e+01 7.334965386887192551e+01 8.606920943556650627e+01 1.065662495005787349e+02 9.035415914955252958e+01 7.043380446561384645e+01 7.635717267290374366e+01 9.059573883739213329e+01 8.271236259735269414e+01 6.286620773560113662e+01 6.069116419134351048e+01 8.053977593718160222e+01 9.070467959600006225e+01 9.913234801814577679e+01 1.081603988466570883e+02 1.199287634183992850e+02 1.058787585791658898e+02 8.501678052521552331e+01 7.971434157064310000e+01 9.986366509574511952e+01 1.177224721557195721e+02 1.059114671885315744e+02 1.015184181230739711e+02 8.403224165257311995e+01 6.467033285387771002e+01 8.403224163430762417e+01
9.035348210254061030e+01 9.578963412070751815e+01 7.583768731567091947e+01 6.579159432866390489e+01 7.949317915809878343e+01 9.093837340407429792e+01 9.907062880255197967e+01 9.658737981012637874e+01 7.612625094421608196e+01 6.178038964210486483e+01 7.686772580442381297e+01 8.525522264446691167e+01 6.569046962315471205e+01 7.962487669814798608e+01 1.000847135139616171e+02 9.877800463670330089e+01 8.222170840440068673e+01 6.235027632651654983e+01 7.559789771177261741e+01 7.419039564798261210e+01 5.730290022923202997e+01 7.720847041005458777e+01 7.320370425323443442e+01 8.724357214405195293e+01 1.074550908899916664e+02 1.082179581193092162e+02 1.165895044379667240e+02 1.061000719097153393e+02 9.112711242825270119e+01 7.127594562262021327e+01 8.622077630352791289e+01 1.063084595359578657e+02 1.013411732603701978e+02 8.294098524512202175e+01 8.264570658032099004e+01 6.327090984656337724e+01 6.604267571041485496e+01
8.154322403189902957e+01 9.361249439828326047e+01 7.365051624961562027e+01 5.942456677915415497e+01 7.949804502264738915e+01 7.107765413581768144e+01 8.764783329977940696e+01 1.010113016329700741e+02 9.060819425455268572e+01 7.686772580442381297e+01 5.656819930114691175e+01 7.193437749614075472e+01 5.930284465346925060e+01 7.963029306308109767e+01 9.780196293517275308e+01 8.939619327048531261e+01 9.059573883739213329e+01 7.559789771177261741e+01 5.565469629477604485e+01 5.422017499347609970e+01 6.834913003116905372e+01 8.555406936892283909e+01 9.316338892649237380e+01 1.016021705824354768e+02 1.050160790250960190e+02 8.824051746905524851e+01 1.050160790250960190e+02 9.737149513000625234e+01 7.719161901465432152e+01 6.693562453909723331e+01 7.587210026748084601e+01 9.548167413985996177e+01 1.023712172425186964e+02 8.886214032549877118e+01 6.976860552477457134e+01 6.188609807365335058e+01 8.126530940182128404e+01
7.249548366305913305e+01 8.877791084658895215e+01 7.060916006691130065e+01 5.484297702639226202e+01 6.880973104399747342e+01 5.945358023174168949e+01 7.362255647701687167e+01 8.755292388424959427e+01 7.900570756201420863e+01 7.648127279685239444e+01 6.802102205068204910e+01 5.164366787055149643e+01 6.480348027690911294e+01 8.408642961346187406e+01 8.939619327048531261e+01 6.943341643121259210e+01 7.528037839611953075e+01 6.862949546279880053e+01 5.123393628660697630e+01 6.540303925612252556e+01 8.252522624017677799e+01 9.670132189746213669e+01 1.010151468044632423e+02 1.094200986358588068e+02 9.668397738220863857e+01 7.683756674710100754e+01 9.668397738220863857e+01 9.557691606681559904e+01 7.572703146800688501e+01 6.662496314116597773e+01 6.176486189036237562e+01 9.013249558880882262e+01 9.420880255531413638e+01 7.474744693000818074e+01 7.831859637219451997e+01 6.063293263480748863e+01 7.183453607016664932e+01
5.841504286115022637e+01 8.208284109231071568e+01 7.677960871729111147e+01 6.880973103164039628e+01 4.876909857910688828e+01 6.293327022968077955e+01 8.299676243794685604e+01 7.900570756201419442e+01 5.833350868733976569e+01 6.426365179205973277e+01 4.768813015853051240e+01 6.793334079184315044e+01 8.038624587738144101e+01 9.032795616850546594e+01 8.939619327191526565e+01 6.943341643121260631e+01 5.532606922696780316e+01 4.857999709816296985e+01 6.862949546278699131e+01 7.957422890798122239e+01 9.374541855333036722e+01 9.782907983563008258e+01 8.102801691781594684e+01 9.782907983563008258e+01 8.966721161107098226e+01 6.982042926949108619e+01 8.966721161106897853e+01 9.141043450613508980e+01 7.117293915585021580e+01 5.625812793992101035e+01 7.715322118631983983e+01 9.289803080332825402e+01 8.426350527167487314e+01 7.662165096287948529e+01 5.877168380039910289e+01 6.764808031893056750e+01 8.583339442620443549e+01
5.545601876679121744e+01 6.692761741293686839e+01 5.874775117302571914e+01 6.074292655447529654e+01 4.550453726982276947e+01 5.948067379049606984e+01 7.956033952210691496e+01 6.920388665550395046e+01 6.075295442805342816e+01 4.402026279105466244e+01 6.426365179205973277e+01 7.647897587862762236e+01 7.902465545481695131e+01 6.524561526921117149e+01 7.916796234987501180e+01 8.361767196101025945e+01 6.686422739855066766e+01 4.666587760956546305e+01 5.842745677287086181e+01 7.252644237406036609e+01 9.254270742603387134e+01 8.946487361101388558e+01 6.956846480801064558e+01 8.946458542575302886e+01 8.368311272881238949e+01 6.371830797203907792e+01 7.613280615387031958e+01 7.713046045951699625e+01 7.035776302681910011e+01 5.271592253708671194e+01 7.332486725221062329e+01 8.268021057936438467e+01 7.103426218729562436e+01 5.671417496687204363e+01 7.662164400515483464e+01 7.368209675701106676e+01 8.483786600163415414e+01
3.237205847557998339e+01 5.558148173937753000e+01 5.985460165496824914e+01 4.131185908566658327e+01 5.727148557833798748e+01 6.731702354769599594e+01 7.566617426397341717e+01 6.075275638458268901e+01 4.083449783536357103e+01 6.070607022564702504e+01 7.224595260276205977e+01 7.298628414808275977e+01 6.308876216277381133e+01 4.685829023809436933e+01 6.813895795618235240e+01 6.919195089311592994e+01 6.266070538409140056e+01 4.469633401731815781e+01 5.926168498480413405e+01 7.926102425354926595e+01 8.917131253579439942e+01 8.241457735123678674e+01 6.248180887815989593e+01 8.233647914373221965e+01 9.161674942351200457e+01 7.612783865419470430e+01 5.595232240394488343e+01 5.423685952613121231e+01 4.980060153947783164e+01 5.041922453359537570e+01 7.078091060241099797e+01 7.436372269286448500e+01 5.456390464114712557e+01 7.490946922422648413e+01 8.472628919601882558e+01 9.166802689465990284e+01 9.957875031025416490e+01
