LEM/sinusoidal_perturbations/elevation_000861.asc
nrows	100
cellsize	150.0
xllcorner	0
ncols	100
yllcorner	0
NODATA_value	-9999
[rows 51 to 67 of 100, columns 0 to 36 of 100]
6.455108993161302530e-03 2.000554792722224917e+01 2.466966531055347644e+01 8.125245024565771246e+00 1.064500817796064069e+01 1.324878639757714005e+01 1.607721352232337964e+01 1.899451335228132010e+01 2.399451335228140891e+01 2.915849114722472279e+01 3.810276306716459516e+01 4.964977065611358853e+01 6.965060646515918563e+01 8.038083697776997383e+01 6.436654138087703814e+01 8.038083697776997383e+01 8.113200427216852972e+01 6.210896633898660468e+01 5.962882949203508076e+01 7.557843752574137852e+01 7.067991128822201574e+01 7.838070571976177803e+01 6.264848802534719141e+01 7.850980866615697096e+01 7.430036491179332359e+01 5.661593081318989817e+01 5.103689564169328463e+01 3.230707494291684867e+01 3.095463437476437463e+01 5.090255381809492263e+01 6.064872593544232870e+01 5.735059017249272273e+01 5.399326584308072086e+01 6.149139329824092925e+01 4.527551336053705455e+01 6.504681482827389516e+01 6.601576113387316980e+01
3.995603441288198172e-03 2.328948378317678980e+00 4.669771322240300115e+00 1.881190771981591325e+01 3.064507374665376460e+01 2.324878640508252658e+01 3.607730299837839993e+01 3.054151889520798235e+01 2.715947916184646971e+01 4.715966846049578010e+01 5.744493325053974075e+01 6.639004387154315623e+01 7.793912402105168269e+01 7.241228299323266526e+01 5.316651939568210139e+01 7.241228299323266526e+01 8.008222756792406472e+01 6.768068515084667069e+01 4.831603356588485809e+01 6.768068515084667069e+01 6.064991088235207428e+01 6.595163442316891178e+01 5.098481630421424171e+01 7.053659221996288409e+01 6.801768077090196130e+01 5.989896013279908971e+01 4.885762282047593175e+01 2.888433268981374979e+01 4.886506320102147782e+01 4.103275728313938941e+01 5.475341982042444755e+01 7.277541438318340283e+01 7.336790816170936580e+01 6.153046508237241596e+01 5.432816546168542260e+01 4.913843359012321343e+01 5.196193493586696377e+01
4.804567899273937473e-03 2.000480456789891903e+01 2.466982506294710120e+01 3.295520013486998323e+01 4.709714648869233855e+01 4.324895053568882730e+01 4.324894410790832922e+01 4.468366849705963517e+01 4.715966846049578720e+01 3.658756961339237535e+01 4.813457775794955751e+01 6.813541837823918002e+01 7.812556856015301321e+01 6.560787801876205094e+01 4.617368148649243409e+01 6.560787801876205094e+01 7.216290183740379405e+01 5.289036037758943820e+01 4.231765499932701857e+01 6.184202301418490322e+01 6.595163442305974399e+01 4.732326956360091685e+01 4.336839604769185286e+01 6.292314054448920757e+01 5.990975673659067269e+01 3.994998404606152320e+01 4.570372018473754849e+01 2.754437845623135672e+01 4.754650930836123734e+01 6.087894281555033160e+01 5.519972956354148863e+01 7.465214591208290074e+01 8.055521294064810434e+01 7.366246927163062708e+01 6.819984300471951144e+01 6.324931489626422376e+01 6.601576113387316980e+01
9.707512844716031236e-03 1.415184313657579196e+01 3.415184313657649540e+01 4.587155142613878667e+01 4.782271770834491065e+01 5.617412857359921929e+01 6.325022302886746672e+01 6.468452438236116109e+01 6.487499089426636090e+01 4.813457775794955751e+01 6.487499089426636090e+01 7.642416757500184588e+01 7.012855578849537608e+01 5.076363583650742584e+01 4.016620109529635130e+01 5.974824729152890512e+01 7.007990101242975811e+01 5.077169502995962347e+01 3.677134432627730831e+01 5.642693762967844862e+01 5.734760365926810266e+01 4.914563342773512034e+01 3.664750381959755998e+01 4.993289262723836686e+01 4.261163507740569401e+01 4.388872458834959644e+01 2.567331747503493489e+01 4.570341872173802500e+01 4.177889756967040569e+01 6.147082559657164325e+01 7.471281565605028163e+01 8.261900897506879460e+01 9.905673852839770177e+01 9.223561431493271812e+01 8.690678069598972399e+01 8.225658524737728783e+01 8.489644359252513084e+01
5.001202446392439237e-04 2.000050012024428270e+01 2.765923968066626770e+01 2.579997724397387060e+01 2.760091336359289116e+01 4.123716746991484428e+01 4.690610380647965627e+01 5.461803317169708549e+01 6.301157458796706123e+01 6.813541837826119263e+01 7.642416759792313030e+01 7.169009268485824293e+01 6.371180182210542142e+01 5.431716485775810099e+01 3.460834168726813687e+01 5.431716485775810099e+01 6.411862720630210788e+01 5.203181335322900480e+01 3.227514254270339933e+01 5.203181335322900480e+01 4.969020439606331507e+01 2.972035312322026712e+01 4.366428636497794713e+01 4.112527693413626650e+01 2.254406750743665810e+01 2.383441540935240610e+01 4.388872458838395829e+01 5.375611487908115294e+01 6.147080265206243155e+01 6.939055095848935650e+01 8.135111383672126806e+01 8.917011050762668845e+01 8.907695059243739877e+01 9.688645455986042521e+01 9.632824926705002611e+01 9.085743941315533334e+01 9.578949957774965185e+01
5.279685921607564676e-03 3.784925613439949377e+00 7.633943686715156218e+00 1.163406281592098068e+01 1.599921770855656789e+01 2.100418099355433199e+01 2.657158218994027976e+01 3.421418593690980003e+01 4.600182294553150797e+01 6.638799522498672445e+01 7.728502969722214289e+01 5.808958675103863101e+01 4.423220690196526306e+01 3.668853819175550512e+01 2.998636807479537580e+01 4.459347824139743466e+01 4.459347824139739913e+01 4.791226271545372128e+01 2.806493588134887318e+01 4.791226271544449133e+01 5.771394262370832706e+01 4.366431478165094404e+01 2.361213708855288829e+01 2.104702938648645016e+01 4.112818509277276036e+01 2.520827773824240481e+01 4.511663613480705948e+01 5.577450137958188492e+01 6.988366269348651372e+01 6.786138083756816286e+01 6.227375047653039530e+01 8.135111383672126806e+01 7.034629958468519817e+01 8.605148166259903064e+01 7.770516692626087263e+01 7.225731728616271710e+01 7.733542471905917637e+01
5.738623160518319517e-06 5.773508430519442847e+00 2.577351227922990162e+01 3.167880521284116568e+01 3.615781392067081867e+01 4.123716746991484428e+01 4.690610380647965627e+01 4.346523813878100384e+01 6.301157458796706123e+01 7.474656735154124476e+01 8.198571551520007006e+01 7.169009268485824293e+01 6.371180182210542142e+01 5.634920699368299779e+01 4.425191997365858754e+01 2.467818727429126113e+01 3.983637029627525550e+01 4.401988168392504974e+01 2.409606308398957708e+01 4.401988168299675408e+01 4.634138858755283508e+01 3.823099517982461748e+01 1.956059576210139284e+01 3.947351328357483169e+01 4.911671769414974875e+01 4.474692157123487135e+01 2.790601846132028641e+01 4.775299336114816384e+01 5.044126120491307574e+01 4.831946549977796934e+01 6.786138083757057871e+01 6.718057406336926363e+01 5.906781854876226845e+01 7.826280419101480845e+01 7.147052728979967640e+01 5.848871708944079728e+01 6.390001532342034807e+01
4.532054705376768917e-03 2.000453205470502027e+01 1.471778034052710105e+01 2.178884815242462025e+01 3.073312006329862101e+01 4.228012559204813670e+01 6.228038127779401378e+01 6.479056498881766402e+01 7.291259779857227841e+01 7.654775229851713902e+01 6.339138758090855674e+01 7.635586588425225330e+01 6.886273143510182138e+01 5.949629995707473284e+01 5.266070961542060758e+01 3.983637029627526971e+01 1.984152471746987345e+01 3.525237273995522003e+01 2.033892371046980330e+01 4.028970258301362861e+01 3.682379636610338736e+01 1.813363375629474206e+01 3.808782018691691462e+01 3.603220543372761142e+01 5.587369691184204612e+01 5.552775025718474211e+01 4.775299336109351600e+01 3.065436138057872384e+01 3.768884687152193180e+01 5.549915318285000154e+01 5.769213816825448760e+01 4.749874570644542615e+01 6.296638370343818281e+01 6.640577272201839776e+01 5.185481726005107816e+01 5.866752878417592143e+01 6.622745781756601957e+01
9.001595176218036079e-03 2.000900159517586374e+01 3.471779663633019197e+01 4.178888141444794968e+01 5.007380143093071467e+01 5.901886238215221425e+01 7.056739817191508735e+01 7.195669602762019679e+01 6.375580685050236696e+01 6.810921464435121209e+01 5.022641598189194667e+01 6.696401358963426276e+01 5.598056397120326722e+01 3.880460832654668479e+01 4.796012222579469864e+01 3.808257833697955874e+01 3.201351388662738628e+01 1.521329029522219756e+01 3.522447498371149521e+01 3.532567260582457180e+01 1.672364973305938562e+01 3.682376008502128428e+01 3.241358764237391910e+01 5.231655090566220423e+01 6.388678779018697895e+01 6.459707319571184314e+01 4.474155524401198392e+01 5.044125918626932759e+01 3.360773381775438651e+01 3.578908999782911593e+01 3.799102987588857161e+01 4.051063384490510799e+01 4.323253126555748338e+01 4.664798709704440682e+01 6.640577272201839776e+01 7.787202654261155033e+01 8.494756015863096366e+01
5.674351268809080251e-03 2.000567435126845339e+01 3.358069158382274111e+01 4.190715856416599649e+01 5.179319790214159980e+01 6.938029949594940149e+01 6.312977073807031303e+01 6.443829548746028024e+01 4.619059148416522476e+01 5.171186404305349527e+01 4.187003322202828315e+01 6.046775021366413938e+01 4.736220776633952312e+01 2.745569514562599522e+01 3.564562991723324359e+01 1.943479280927505215e+01 1.187269510529572081e+01 3.006376519168604844e+01 3.392750082460513994e+01 1.532362199116240653e+01 3.532773184303236036e+01 4.473965526073063614e+01 5.230642997115280934e+01 6.037907482680711269e+01 6.903061161907695009e+01 7.250941301955347740e+01 6.459707319571664641e+01 6.059299116340000779e+01 4.064245182765062481e+01 5.549915444708523893e+01 5.769192183505419536e+01 4.474353087826519015e+01 6.296638370343818281e+01 5.042453233661054668e+01 6.993091657350984747e+01 8.415777664744399544e+01 9.189625809051447902e+01
9.518805923843161668e-03 6.256189585179633639e+00 1.303849969696546474e+01 2.237528444554492069e+01 3.910694817562858105e+01 5.954573429106462612e+01 4.576298743222878329e+01 5.283598432357318586e+01 4.509701568210776657e+01 3.291790332560966448e+01 5.171186404305349527e+01 6.148160671590664350e+01 5.580989889266422921e+01 3.666107611889798079e+01 1.680775123014854344e+01 1.068390518114693499e+01 3.066522564895028680e+01 1.314140685249729579e+01 1.404129301998051993e+01 3.375466623004348321e+01 1.862979946455092062e+01 3.862537018802073163e+01 4.985165841402368869e+01 5.582167772480262613e+01 5.024474178872998209e+01 6.374099400531770954e+01 8.180088127108248841e+01 6.860340811151976936e+01 5.259105368021744198e+01 6.061128288607190484e+01 6.935856346066266553e+01 4.973275635532074546e+01 6.935860974975413740e+01 6.993091657350984747e+01 5.846144268323308779e+01 6.566742333994720582e+01 7.562186684866146891e+01
9.062254805971973678e-03 1.155606763859838715e+01 3.155606763859803010e+01 4.190715856416599649e+01 5.179319629844015083e+01 5.095858117091388806e+01 3.350431220764040319e+01 4.509701568196002341e+01 2.596856149486394116e+01 4.509358485439864950e+01 4.628265302930400082e+01 4.283450391492677056e+01 6.148160671591920590e+01 4.428353398228757243e+01 2.902828227043206510e+01 9.839987170973570230e+00 2.979280426586777608e+01 3.276622405526932624e+01 3.418328848265466746e+01 4.041830672390142354e+01 3.853581659033670093e+01 2.200976540405678250e+01 4.197085556019727193e+01 3.626229730322748424e+01 5.582170398152457125e+01 7.045341510091377302e+01 8.359717303953880219e+01 8.069656776410113252e+01 7.325449811683992607e+01 7.998887521247173993e+01 7.719098533028791564e+01 5.978738996235230729e+01 5.978738996235230729e+01 7.892982953715598171e+01 7.748564867957398405e+01 7.407056020400381158e+01 9.189625809051447902e+01
3.063233560239582431e-03 2.000306323355988525e+01 3.984033888604304252e+01 5.345260207785479878e+01 4.568733704240114690e+01 4.306685920554163971e+01 2.376845412957853299e+01 4.090637727067956320e+01 2.153981843886783665e+01 3.523616908019464233e+01 2.711663422671697887e+01 4.628216539383983275e+01 5.481735898569809962e+01 4.537393362013592224e+01 2.354951051511656601e+01 9.045633242395199503e+00 2.810795512898587489e+01 1.136972762840011519e+01 3.346506568086488187e+01 4.767517669845496187e+01 4.862252662702788797e+01 4.189227293911004324e+01 2.551600713129296949e+01 4.540023028592091947e+01 4.346258371376246288e+01 5.730894535617643015e+01 7.234698282046684881e+01 6.806720991087911443e+01 7.700546012197847290e+01 8.742375424936705031e+01 8.670932769810382013e+01 7.346442717385569665e+01 7.346442717385571086e+01 7.346442717385571086e+01 9.212447804646146210e+01 9.268104982232090094e+01 1.005005144094078560e+02
5.666595628964066558e-03 2.000566659562860750e+01 3.937426632151905181e+01 4.568666330665836028e+01 2.646075081504495685e+01 3.208198582436975244e+01 1.720997816926075075e+01 3.392493836054363499e+01 3.029720152092557228e+01 1.545453000894916151e+01 3.514874949489824729e+01 3.777764885628138103e+01 3.418932747405313677e+01 3.679596484929351874e+01 2.894526542885515141e+01 8.386879010413933244e+00 8.232707204132152512e+00 8.576346062687171923e+00 2.273615352863097883e+01 3.565348310254654507e+01 4.828790185769248922e+01 5.276719862827969365e+01 4.539576539898560981e+01 2.934840734899204762e+01 4.912759463284333350e+01 5.600771718258766185e+01 5.348080691196106784e+01 5.089262839635683378e+01 6.190425053677873990e+01 8.003442884979267546e+01 8.906425958166164492e+01 9.212447804646144789e+01 9.212447804646146210e+01 9.212447804646146210e+01 9.995422822235185834e+01 1.049410315331079033e+02 9.628997036832349465e+01
2.110006612196471242e-03 1.152048704493139830e+01 3.124648316424526584e+01 3.439454043484521861e+01 2.509869843212059948e+01 1.234485898290588679e+01 1.195167968399018044e+01 2.284928465966886790e+01 1.026987440086018211e+01 2.670269034959552457e+01 2.657273403472851925e+01 1.945957789121967707e+01 2.663962326438990402e+01 1.535077450391387899e+01 2.695616056914773395e+01 7.742979285611557572e+00 2.649918482798884156e+01 2.865520034059642285e+01 9.064940225555684350e+00 2.310375696259197298e+01 3.086471983928067431e+01 4.150986106549278531e+01 5.689448636397552406e+01 4.912759385095366582e+01 3.347441782335648242e+01 3.644466574902532585e+01 3.954531152474586264e+01 5.900667223097794079e+01 6.762694184313086510e+01 7.160428953827351961e+01 7.128502234497861423e+01 8.630813310498837154e+01 9.195191344300924641e+01 9.950297025271693485e+01 1.085168738872021947e+02 9.628997036831790979e+01 7.485283934819395313e+01
9.367352646185668139e-03 2.000936735264583177e+01 3.548195451737722550e+01 2.503208920013423722e+01 4.358526346304203436e+00 4.158227635060050886e+00 1.537261894439837562e+01 1.955285483269739188e+01 8.025690165779600704e+00 5.689474627119989414e+00 6.008582536670111551e+00 6.328387044493858582e+00 6.648497717174243427e+00 6.968646452188974827e+00 7.288899837542130555e+00 2.601220299684624493e+01 3.391342854915768612e+01 3.691437780000919133e+01 2.897576014206144990e+01 9.559862319965592548e+00 1.020772143799718989e+01 3.242854861457727367e+01 4.453285161575008289e+01 5.310006294202198518e+01 5.246957735204948392e+01 5.043677807567565452e+01 5.900667223097794079e+01 4.464661756355492628e+01 4.850889938475335583e+01 5.268980010523389979e+01 6.336347222939590296e+01 7.947445737996980597e+01 7.451335859533340056e+01 8.347298373610999533e+01 1.008695014470371092e+02 9.352265960728909988e+01 7.206076617141077634e+01
3.648181865326004768e-03 2.000325697399894409e+01 2.658259404505231061e+01 5.547196332429002119e+00 3.713812071139061199e+00 2.243087471146242606e+01 4.604449475794173630e+00 4.922000922253413790e+00 5.240188559968339099e+00 1.920608345849044341e+01 1.310549795809827955e+01 2.523330834050554117e+01 2.664575994986882179e+01 2.707030654429441086e+01 9.655755795730287971e+00 2.239738741302637948e+01 3.992724362079091804e+01 4.457760015907307150e+01 2.676898093184149019e+01 2.873659888494941583e+01 1.005155290735353191e+01 3.048302894600663038e+01 2.492669535846330930e+01 4.277150258180608944e+01 6.123705401227559264e+01 6.945715392964943646e+01 7.141898872862687142e+01 5.835429851223699416e+01 6.197921465595634061e+01 7.151569667668246666e+01 5.990105579973285188e+01 6.543926401632741374e+01 8.312798551118002877e+01 9.950297025271693485e+01 1.082466951670608495e+02 1.022020719236304984e+02 8.989693533156538763e+01
