LEM/sinusoidal_perturbations/elevation_000723.asc
nrows	100
cellsize	150.0
xllcorner	0
ncols	100
yllcorner	0
NODATA_value	-9999
[rows 68 to 84 of 100, columns 37 to 73 of 100]
5.678728958377422487e+01 4.458737160401891231e+01 5.310913435562588347e+01 6.904131035297226049e+01 8.063090610486757726e+01 8.372195389057610271e+01 7.369230820770731327e+01 5.951224433828504345e+01 3.923069799395158697e+01 5.540047133459809459e+01 5.151624081586693649e+01 3.232219833307829049e+01 5.125481796423020597e+01 6.429718720479533545e+01 7.825417468098027030e+01 8.661354382527886742e+01 8.056549072142144041e+01 6.058927333498708379e+01 4.621621268513460734e+01 5.692008970565890280e+01 3.741326971287572434e+01 5.788099389721305954e+01 5.851822227690954037e+01 5.645313810169459146e+01 4.071539786562357932e+01 6.151930288269839764e+01 6.296582962469634737e+01 5.686455729817558336e+01 6.940317967360019225e+01 5.893167461950162789e+01 7.297295227499859038e+01 9.282724354682746082e+01 8.656661019500926102e+01 6.683010074426732672e+01 8.656661019500926102e+01 8.472717901916453798e+01 7.601074840149388478e+01
6.510741384671632659e+01 6.475007875934494450e+01 7.304323725665409484e+01 8.150530012677177183e+01 8.952870587109642031e+01 6.969814870377351212e+01 5.535339163778976967e+01 4.493050146112620524e+01 5.951224433828504345e+01 6.734535369424160933e+01 5.514513410189322684e+01 3.285716680549145252e+01 3.966182078598134808e+01 5.697223228179572629e+01 5.775112974632828156e+01 7.825417468098027030e+01 8.063263133125498427e+01 6.060882266540515673e+01 6.060882265896329102e+01 6.620006686468799728e+01 5.786916600581877645e+01 3.834267520538841723e+01 3.901814588472610268e+01 3.970764338781737735e+01 5.317813831509565148e+01 4.182977012034903908e+01 4.262889801398860357e+01 4.343650661294878290e+01 4.949933535100807802e+01 6.946256291467746280e+01 8.473697367761528199e+01 7.907074948049712759e+01 7.417457650524865187e+01 6.155258709417031326e+01 8.018915301248799210e+01 7.213314963753636277e+01 5.559489366570397806e+01
7.539451681026770302e+01 7.635771197576767122e+01 7.635771197576767122e+01 9.635138986450398590e+01 8.406802407392092391e+01 6.419296966751257116e+01 5.233245028031021917e+01 6.542991542278033990e+01 7.369284418968872785e+01 5.756514064142089637e+01 4.458710134385378154e+01 3.338715638010911135e+01 5.322124910142129295e+01 4.331275412451550011e+01 5.773796528506434811e+01 7.817944957629298131e+01 8.893225610608931220e+01 8.063263133125498427e+01 8.063262849970061552e+01 7.754348758551944343e+01 6.279284951933623660e+01 4.305271162856064393e+01 5.290283779461576330e+01 4.662968973552496266e+01 6.446031734095298305e+01 6.221835248702233656e+01 6.296591369709716446e+01 6.371364191510541275e+01 4.459524479141798281e+01 6.477815013566069524e+01 6.267328544097001952e+01 6.069380341896221864e+01 5.435729580491119606e+01 7.001209145966221570e+01 7.054829417496391386e+01 5.191278257983790212e+01 7.192048427474244932e+01
6.481129989877052822e+01 5.635873961328162807e+01 7.050704619337210488e+01 9.048246865653912607e+01 9.227904733487388000e+01 7.836377076046230172e+01 5.837377632380167825e+01 7.836377076046230172e+01 8.425984996268681471e+01 6.647601625539941494e+01 4.637861666768588265e+01 5.369262959270484714e+01 3.412933895045500066e+01 5.324751221987551020e+01 6.204056639929229533e+01 7.945283695582880057e+01 8.280443560059055130e+01 9.085029279608838237e+01 8.052016565534771075e+01 6.141533016684120128e+01 5.033827172295252694e+01 6.279637975956315188e+01 6.563897720122187707e+01 5.391004500437885838e+01 7.220691543285433056e+01 8.152848903936434510e+01 6.889880451214466461e+01 4.896409547936316642e+01 5.236612246975663254e+01 4.579074648686766125e+01 4.663269236760385184e+01 4.746883528154112497e+01 6.727860886353852266e+01 4.987048029288494178e+01 5.072273380048438440e+01 6.739787409085181480e+01 5.315113333966655773e+01
4.469387621914755471e+01 5.374996558720055617e+01 6.532376983091846512e+01 8.528435868590057112e+01 9.233941414597973107e+01 7.257486972729107322e+01 6.848336021749385338e+01 8.656810713215899966e+01 8.637312205894535566e+01 6.656912149071116858e+01 6.649078437805064823e+01 5.597582717081701986e+01 3.465249237161694396e+01 4.817371583425339310e+01 6.482683730363865493e+01 6.849706030207457275e+01 6.257075141146742681e+01 8.280443560059055130e+01 8.871313030824779844e+01 7.507495340148217622e+01 5.623046040065525375e+01 7.507495340148217622e+01 8.015776568300260863e+01 6.434038917422134318e+01 8.015776560381318916e+01 7.319412336860567336e+01 5.327755850448450303e+01 6.889880573973201194e+01 7.206433181857575221e+01 5.744335327870432195e+01 6.650169095269347963e+01 6.187810470019173437e+01 4.865041481553068081e+01 6.630303251550138555e+01 5.641317813065821696e+01 7.035216135344188615e+01 7.256856110898968382e+01
6.481129989877052822e+01 7.309894128145680270e+01 8.204736453471726065e+01 9.358493821336057295e+01 1.005613445370269119e+02 9.233941414597973107e+01 8.245264747642212910e+01 9.645898365105533401e+01 8.867990365179750256e+01 8.013635653110613077e+01 6.576176138355440060e+01 4.468923077333206351e+01 3.517502376448664592e+01 5.525820761346009391e+01 5.444220797411740875e+01 4.738348515453391485e+01 5.715365255259402488e+01 6.926120166011406809e+01 8.896904933170318941e+01 8.155506792509875424e+01 6.279265634861444312e+01 8.155506792509875424e+01 9.107014128795900376e+01 8.295304505512906701e+01 8.173224155981728245e+01 6.170857949725497349e+01 5.692781617859807852e+01 7.690351809045370146e+01 8.583127066073794253e+01 7.742396434558754947e+01 6.801789746796636393e+01 5.407317897447805422e+01 6.859231554855453794e+01 5.357615079928525148e+01 7.287123352599184045e+01 8.053310808919776775e+01 8.153733116156749361e+01
6.001599808509183731e+01 6.509574385392328111e+01 7.084632729965557019e+01 7.755151016953922749e+01 8.585734432059544474e+01 9.593215810149814615e+01 1.022261808155374183e+02 9.467252251918054640e+01 7.411527943393923579e+01 5.980928633743413059e+01 6.138336870933692779e+01 4.073233988287816487e+01 5.580529617542978116e+01 3.593328083224130154e+01 3.920679487929858453e+01 6.121340588340618893e+01 7.668373595875674198e+01 8.562267170411161032e+01 9.690798071564192639e+01 8.973501768276427981e+01 7.311245135890875702e+01 8.973501768276427981e+01 1.060439320339448699e+02 8.586755075777286095e+01 7.168740710587624676e+01 8.173224155981728245e+01 6.442752315652516870e+01 6.319247184764780911e+01 8.324453825422789066e+01 9.613268006962306345e+01 7.797224093581694149e+01 5.806123168368664267e+01 7.797024748526290239e+01 7.332165515261945643e+01 5.861353395432026758e+01 7.836267662481412799e+01 9.212029815811293076e+01
4.059178164080415030e+01 4.542197308827164903e+01 5.092572189730997678e+01 5.743596155988807794e+01 6.743628152682616417e+01 8.766673881225244713e+01 1.009752121257391622e+02 9.067675234316921262e+01 8.211513027714849500e+01 6.728038853708143563e+01 4.686616276603650988e+01 6.138136908870156816e+01 6.450971701767188904e+01 5.635049337188179663e+01 3.671959455008064310e+01 5.764112968300661777e+01 7.095743650077569953e+01 7.864485459697093006e+01 8.777465487478433204e+01 9.838793906609488715e+01 9.168455841434681020e+01 9.991189632238356921e+01 1.082596594288962137e+02 8.807269992392198787e+01 8.586755075777286095e+01 9.284398163216962985e+01 7.337660997559748921e+01 8.324453825422789066e+01 7.005337882838293240e+01 9.013116058096295546e+01 8.233967727521287827e+01 6.232557316436761141e+01 8.233967727521287827e+01 8.660016602970164001e+01 7.836268532224384842e+01 6.404611413513477203e+01 8.386657466096227154e+01
6.001599808509183731e+01 6.509574385392328111e+01 7.084632729965557019e+01 7.755151016953922749e+01 8.585734432059544474e+01 9.593215810149814615e+01 9.238349142068624076e+01 7.184676913361072081e+01 6.181267111201245257e+01 5.467930117007302471e+01 6.131961021416800861e+01 7.532165550228516793e+01 5.999695713184345891e+01 3.754327488487565034e+01 5.267822289922874290e+01 4.506055385393787560e+01 5.135705677604342156e+01 5.838267286899169051e+01 6.857299927916295701e+01 8.406002395658828164e+01 1.062679481399072472e+02 1.032317911563587245e+02 1.114888907672121263e+02 1.082596594288962137e+02 1.060439320339448699e+02 1.018471600930969743e+02 8.494558238978726195e+01 9.531851748138257108e+01 7.522797059522349628e+01 9.531851748138257108e+01 8.707712971202565200e+01 6.697782125031132239e+01 8.707712971202565200e+01 1.034471682972419018e+02 9.212145650791897822e+01 8.386657466096227154e+01 7.017046395814753623e+01
6.793859100569463294e+01 7.628588868593564598e+01 7.569538451618018371e+01 8.406709826252281914e+01 8.295458599049794657e+01 9.132486675371191609e+01 1.009752121257391622e+02 9.067675234316921262e+01 7.493712700193316323e+01 6.631235436349747658e+01 8.167098040655864111e+01 7.051881049283521463e+01 5.905277544875399087e+01 3.814403737941681527e+01 5.868945367828445825e+01 6.372891949840648351e+01 7.043488822821937845e+01 7.864485459697093006e+01 8.462948770849469327e+01 8.507302116224990129e+01 9.333675488672196252e+01 8.327401225997597578e+01 9.997390024640372985e+01 1.060816415717042531e+02 1.143511201834030686e+02 1.135075238779808018e+02 1.051157884492641301e+02 1.011285155459928546e+02 8.100209186642868531e+01 1.011285155459928546e+02 9.550316910952005856e+01 8.707712971202565200e+01 7.480467189449586840e+01 9.499734948715186533e+01 9.699195237295808170e+01 7.719640822073125719e+01 8.428023942760955833e+01
4.818320209578124746e+01 6.002083077097058350e+01 5.564181657996905983e+01 6.867621979708238200e+01 6.276192687124013503e+01 8.295458599049794657e+01 9.882581795609411301e+01 1.040385349074391144e+02 9.529136261228632065e+01 8.671878552790130357e+01 7.549630620283431881e+01 6.227607373602712926e+01 4.237775375404275735e+01 3.876409938689935331e+01 5.966396527422550378e+01 6.854281608952119598e+01 7.555680103887529242e+01 6.767463191220693375e+01 6.474899125432922631e+01 6.520171875363872971e+01 8.021390254270647802e+01 7.179793069470746048e+01 9.170994263347293440e+01 8.610728755652513655e+01 1.020974055989097593e+02 1.103683394578569619e+02 1.203560923727178960e+02 1.078613034935969210e+02 8.766293965078517658e+01 1.078613034935969210e+02 1.094053369384214704e+02 8.902936567833469894e+01 8.376939490906758579e+01 1.034471682973221363e+02 1.022859690960451928e+02 8.247757230537088446e+01 1.022859690960451928e+02
3.727146183621303521e+01 4.060036360615053752e+01 4.447074802338728716e+01 4.880501022407974432e+01 5.859795676704909795e+01 7.018081129167192955e+01 9.046633594823542523e+01 1.013861102213059837e+02 8.984472257956927876e+01 8.092436513733753145e+01 6.723149618098783264e+01 4.742092776318339986e+01 6.226975780972042429e+01 5.919992358263039733e+01 3.969460214439637724e+01 6.057326042288821100e+01 6.364863591739843685e+01 4.783626704913269378e+01 5.071188571596725581e+01 5.373860052493660078e+01 6.037295604055018572e+01 8.021390254270647802e+01 8.726507173352177915e+01 7.460037086718007515e+01 8.212737340338703973e+01 9.210646111306233763e+01 1.120883500847572236e+02 1.162622240719460507e+02 9.771358290888662168e+01 1.162622240719460507e+02 1.178649709160158068e+02 1.094053369384214704e+02 9.542847629977373458e+01 1.125476523627396261e+02 1.106202379383233563e+02 9.230738563160292642e+01 9.384077425647630832e+01
4.416232486644916833e+01 6.002083077097058350e+01 5.269550058016331917e+01 6.867621979708238200e+01 5.859795676704909795e+01 7.018081129167192955e+01 9.046633594823542523e+01 9.309113792738541804e+01 7.311559957538754873e+01 6.163607551928334516e+01 5.275152526847018919e+01 6.723149618098783264e+01 7.539315554628234395e+01 6.864051213314012045e+01 6.057575588892335361e+01 4.066312970560935725e+01 4.374221777195543126e+01 6.371666493688567101e+01 7.057144233227855068e+01 7.360031936645617634e+01 5.897613798527878259e+01 6.285477317064323444e+01 6.736931763557149111e+01 8.726507173352177915e+01 8.869866287243560521e+01 1.086744754071825838e+02 1.203560923727178960e+02 1.264068127799231291e+02 1.180090240783071209e+02 1.264068127799231291e+02 1.241964098070769467e+02 1.159884715574189613e+02 1.159004620183708312e+02 1.243581368136970156e+02 1.206358694534929867e+02 1.063602870001746368e+02 1.053048082060292501e+02
5.377115403584532061e+01 7.206884126077740405e+01 6.409681592529730665e+01 8.098827778779842390e+01 7.018081129167192955e+01 8.713154295501780666e+01 9.882581795609412723e+01 9.741274804656202946e+01 7.972059969617204445e+01 5.977560396533889531e+01 6.402415344360531435e+01 8.036853917651031054e+01 9.407476065608265969e+01 7.430362534380196848e+01 6.971706827341091639e+01 6.147587846284600488e+01 4.169120638577871318e+01 5.655724079489183254e+01 7.655494683126046596e+01 8.706702045723980632e+01 7.880857159300677495e+01 7.686023267669000347e+01 7.686023267668879555e+01 9.553418465961404138e+01 1.086744754071825838e+02 1.169425847222235433e+02 1.291280837135346076e+02 1.209423184796054471e+02 1.291280837135346076e+02 1.168707326961145583e+02 1.086255149216664080e+02 9.582418436074947010e+01 1.104521719962488930e+02 1.175710165129512177e+02 1.257697722664230895e+02 1.265187105520489013e+02 1.254574567158598484e+02
7.371639540945537306e+01 8.207617870249931968e+01 8.427698803875607325e+01 9.264166267486061201e+01 9.046633594823542523e+01 9.882581795609412723e+01 1.006927993310734166e+02 8.067919186171729962e+01 6.916074704261301065e+01 6.867494788772536651e+01 8.307124237032405745e+01 9.173703325991219515e+01 9.295496640216320827e+01 7.430362720401150511e+01 5.419022855798675664e+01 5.020177118860588195e+01 4.243271403069059744e+01 6.306330879458654692e+01 7.418860017212628577e+01 8.269802861972927133e+01 9.180710454440263391e+01 9.680074225252850795e+01 9.095083342924178282e+01 1.050702471047385416e+02 1.160337506681915869e+02 1.078013693946214886e+02 1.160337506681805166e+02 1.008540259534950110e+02 1.191316947266425075e+02 1.052371547084985934e+02 8.837440274233810555e+01 8.404504536823176863e+01 9.020233002630850194e+01 9.743588358505975577e+01 1.091310863268487594e+02 1.291001755533345374e+02 1.394199996184052566e+02
7.417421375795542815e+01 8.257493678036819063e+01 8.500394175802156838e+01 8.722846925920454453e+01 9.563931367205030654e+01 1.052270499481543027e+02 1.089571941305435701e+02 9.741274804656202946e+01 8.067919186171729962e+01 8.016532808578816116e+01 9.686275627899983931e+01 9.621944063173503991e+01 7.653497650700484201e+01 6.507122110669328663e+01 7.327438375927523850e+01 4.524501095460797018e+01 4.318913763614166612e+01 5.317029819906350241e+01 5.392468583645891300e+01 6.281803265663425861e+01 7.721452983973438222e+01 9.793940061830208776e+01 1.109236714115907319e+02 1.124663470369485623e+02 1.041784513736489259e+02 8.760002295723363375e+01 1.059809098287653484e+02 9.070365449991149376e+01 9.923886197669418152e+01 9.693352985354198381e+01 7.675586542497754294e+01 9.693352985354198381e+01 1.104521719962488930e+02 1.175710165129512177e+02 1.257697722664230895e+02 1.372487675628137254e+02 1.295946867430265002e+02
5.404199223717249367e+01 6.641107740762529943e+01 6.476667544313551161e+01 6.697800387901874331e+01 7.651122167373637240e+01 9.258278142819791867e+01 1.027509731351989046e+02 1.089571941305435701e+02 1.006927993310734166e+02 1.001178607733234287e+02 1.083822780844870977e+02 1.041434195164720222e+02 9.295496751560710891e+01 8.488014166747737477e+01 7.676455665927448990e+01 5.725853647650239964e+01 6.299830713698452911e+01 4.426787540826747858e+01 6.483911899792839506e+01 8.269802861687128370e+01 9.122930619965953269e+01 8.869435962014848940e+01 9.772004481413731014e+01 1.041784513736489259e+02 8.373027273555462102e+01 7.716321810317052154e+01 9.763488320182267444e+01 9.923886197669418152e+01 7.914087876063788940e+01 8.976458682599830752e+01 7.279526900210717599e+01 9.263163734298892393e+01 1.002141641369480709e+02 1.073821767611131435e+02 1.156328196574611979e+02 1.271909948159160564e+02 1.214863522955224369e+02
