LEM/sinusoidal_perturbations/elevation_000197.asc
nrows	100
cellsize	150.0
xllcorner	0
ncols	100
yllcorner	0
NODATA_value	-9999
[rows 17 to 33 of 100, columns 37 to 73 of 100]
3.489991193916746681e+01 1.450288866957279765e+01 1.482804439360570825e+01 1.524011115999292265e+01 2.463715599886192109e+01 4.078487570951772767e+01 5.063435889378391153e+01 5.953051649966174352e+01 6.250900671572966161e+01 7.081839405836700507e+01 8.363997230406957328e+01 8.190157895620231443e+01 6.515752812789722270e+01 8.190157895620231443e+01 7.857913712174199361e+01 5.851066821462068646e+01 6.911469034280570156e+01 8.912074164485831318e+01 8.664470163378787504e+01 6.664034940337238311e+01 5.368768868831422481e+01 6.864086774012854164e+01 5.759375459128310126e+01 7.757817001632753318e+01 7.960087860175868002e+01 6.548166745578284065e+01 5.689503133061467111e+01 7.102318561339076552e+01 9.104430946092166721e+01 9.301970607148027170e+01 1.012012732881249093e+02 9.310899829070866929e+01 7.871927355058465992e+01 5.852922825741805468e+01 7.871927355058465992e+01 8.669823238224948625e+01 7.379925252898709687e+01
3.560670959978350680e+01 3.566568625652131885e+01 2.185438371813124547e+01 1.538116122757801918e+01 1.585798484712578293e+01 2.634108197728162892e+01 3.122026333009347709e+01 5.120934041365193679e+01 5.533493092324904694e+01 6.296416935256315384e+01 7.129441719778077413e+01 8.292562126603546346e+01 8.520297908292253908e+01 9.343410441806622657e+01 8.490550156660314940e+01 6.489978061253231090e+01 8.490550156660314940e+01 9.737901260651935331e+01 8.783679028416298706e+01 6.787884916112142264e+01 6.787884916112143685e+01 8.202721641176010792e+01 6.466907303270659213e+01 8.463838959462371747e+01 9.372008974773437728e+01 8.160416973141744279e+01 6.159108191411324640e+01 7.102318635068378683e+01 8.519255822487947682e+01 1.051738497808521089e+02 1.006185055741232759e+02 8.491993480389299975e+01 6.482132746468548135e+01 7.871927355058465992e+01 8.694308945225736807e+01 7.840205195461700782e+01 5.826700126561699733e+01
5.671883229895606604e+01 4.997993546116423857e+01 3.248665280438168423e+01 3.610220275711949256e+01 3.603164879830054446e+01 1.661091066803614424e+01 3.673599815982364447e+01 4.581645111341889276e+01 3.514356913184945341e+01 4.278077566692230960e+01 5.445121257432815298e+01 7.459574087213759697e+01 8.512363984262736949e+01 8.776974297750253129e+01 9.316427939740553654e+01 7.906192397169915864e+01 7.906192397169915864e+01 9.901314584900008242e+01 9.617558366239866530e+01 8.783679028416298706e+01 8.783679028416300127e+01 9.297874148380230963e+01 7.464511463191165319e+01 9.297874148380230963e+01 9.794333703577781591e+01 7.793202567695331595e+01 6.712745603851540466e+01 8.716027366582346758e+01 9.926086103806741789e+01 1.064993864100732424e+02 8.666882751828045173e+01 7.247342930188470689e+01 7.648168567701786458e+01 9.310899829070866929e+01 8.332473052195906860e+01 6.324622307083730988e+01 7.840205195461700782e+01
4.536703050785078517e+01 5.655276732988036770e+01 5.137468013906443076e+01 4.538813756385842879e+01 2.763099307389732928e+01 1.712577744336401153e+01 3.723250295316574210e+01 2.565961543516785071e+01 3.989550167950741866e+01 6.005796838243629310e+01 7.129441719778077413e+01 7.923316977812666551e+01 6.505968184315264580e+01 6.772066707623734771e+01 8.188456697230597570e+01 9.901314584897180282e+01 9.901314584900008242e+01 1.072666348231120992e+02 9.714801395161907749e+01 8.885386298756836254e+01 9.714801395161907749e+01 1.030057349601956247e+02 9.463166455733572491e+01 1.030057349601956247e+02 1.061255400224788872e+02 9.384268489403002889e+01 7.379545120941047287e+01 8.716027366582346758e+01 1.071234187160681444e+02 1.049947881794884239e+02 8.517905240942994283e+01 8.147390926263553013e+01 9.644679760825657411e+01 1.045801605176349938e+02 8.690606631218916789e+01 6.687848949738776128e+01 8.104502153786118868e+01
3.043033549258242587e+01 4.670387267963219813e+01 5.957051702440165286e+01 5.343469958807532549e+01 3.668521764923787742e+01 3.717427454646009721e+01 1.783004014389172909e+01 3.380326979590786607e+01 3.819463525048956853e+01 5.804257624374939439e+01 6.678875344850914075e+01 6.917164840252087288e+01 5.078499909798593848e+01 5.346045073681741400e+01 7.359267811239752177e+01 8.202777241887649495e+01 8.097294097560681791e+01 8.929698709941496304e+01 8.711582625319192630e+01 6.877270214484271094e+01 8.711582625319192630e+01 9.529990369354145230e+01 9.390195795484386565e+01 1.021512349714538885e+02 1.032636522951544720e+02 1.020507736133089054e+02 8.798685507386787208e+01 8.798685507386787208e+01 1.079799086648140616e+02 1.130116909860746688e+02 9.926040889206102236e+01 9.303352772772784363e+01 1.094724100453448727e+02 1.048634288880282099e+02 8.487967660132753167e+01 7.074870426411372648e+01 8.228349743125765769e+01
1.935172241009681926e+01 3.113218981322797063e+01 5.131287031162142398e+01 6.473915090032660657e+01 5.021301528061727737e+01 3.033521429403877434e+01 3.794113582171162591e+01 1.853956888445081930e+01 3.865219721921722140e+01 4.625783193221253953e+01 4.625783197229026200e+01 6.085987434797834084e+01 4.063100551956068074e+01 6.085987434797834084e+01 7.612224066646852805e+01 6.189378229221932770e+01 6.083851101406690987e+01 7.767886288836487552e+01 7.881328256620557227e+01 5.872194351055961903e+01 7.881328256620557227e+01 7.528941256987825170e+01 7.390870296102789894e+01 9.054937979934238967e+01 8.167025875550170610e+01 9.694452402938675561e+01 1.079799086648140616e+02 1.079799086648140616e+02 1.161146921527497824e+02 1.140219875234943459e+02 1.187151076467420836e+02 1.127793333717278301e+02 1.208135635323925783e+02 1.091601734235860732e+02 8.921692524103313815e+01 7.510985661553478110e+01 9.505816739481650757e+01
3.965711367246824892e+01 3.597379446111739298e+01 5.608831008835272058e+01 6.658183335510271661e+01 4.653425675713936016e+01 4.760219828540580522e+01 2.994789898684909346e+01 1.904406234037299583e+01 3.915590114736443894e+01 2.333141628398695033e+01 4.589685134759256613e+01 4.785221958686526023e+01 3.499163296358628372e+01 5.524934576263552088e+01 6.404778249413615754e+01 4.761666319418591797e+01 4.917937869693125919e+01 6.934832241733218439e+01 7.211614055191677153e+01 5.198644303708078240e+01 6.572930482318440681e+01 6.112124376960643701e+01 6.228255395246062420e+01 7.951275060047423437e+01 6.810175836981261455e+01 8.797167410776602026e+01 1.041071316017713713e+02 1.146729691595119647e+02 1.077752992222797417e+02 9.334541625007938137e+01 1.052397146691339174e+02 1.133864688319886085e+02 1.232215345682757714e+02 1.033357659357977951e+02 8.921692524086809328e+01 8.140477943452998488e+01 9.140015218883205250e+01
4.295542577316076915e+01 5.607975500684041492e+01 6.224295131656522528e+01 7.044546864878246595e+01 6.658183335510271661e+01 5.075545226540609178e+01 3.064079808714600617e+01 3.178177957876028259e+01 1.975788453893262897e+01 2.026037611757018198e+01 4.027944887116031936e+01 2.760240145257327882e+01 4.776408718958093402e+01 5.239706932565628250e+01 4.378837330808242001e+01 3.739319786956310310e+01 5.770377733108824003e+01 7.640040577228126040e+01 6.604681453578312755e+01 4.586967059086462939e+01 4.557048787708725968e+01 4.947942207722556418e+01 5.439359225044901081e+01 5.959845048218601704e+01 7.623374881312768991e+01 7.896103688004799892e+01 8.874571489890308840e+01 1.068751811658925988e+02 9.747282836890271085e+01 7.885715785757730600e+01 8.521248528404143485e+01 9.510645239975771403e+01 1.040474844344361145e+02 1.173865057389889728e+02 1.077298070601189295e+02 8.802423227516723614e+01 1.077298070601189295e+02
4.434024149061715292e+01 4.817385707540003636e+01 4.236063032646323023e+01 6.224320805784353894e+01 6.730709471140166045e+01 4.715373456695082410e+01 5.079379422840195701e+01 3.574926268859360334e+01 3.981676341143494824e+01 4.037611835087785295e+01 2.096537980790238720e+01 4.109456270755482876e+01 4.024735855684166097e+01 2.553021573630228502e+01 2.925228665811006223e+01 4.973731263826753235e+01 6.604399718811016839e+01 5.624383616294672805e+01 5.624383616294672805e+01 4.023537363298328984e+01 5.455384876526375848e+01 6.958654001007928969e+01 7.440912079937547219e+01 7.951275060047423437e+01 8.726035985808044870e+01 9.206345574974676538e+01 8.430191695989221046e+01 9.368895251861515305e+01 8.906385290529402710e+01 6.867772480895295928e+01 7.349638844452262276e+01 7.408593502706015954e+01 9.037221100444493516e+01 9.992921706088607436e+01 1.132199482840590576e+02 1.019714436525278813e+02 1.019714436525278813e+02
2.588925976549172248e+01 2.778009984855323466e+01 4.818393590955704298e+01 5.909203321388012142e+01 7.308286869011567433e+01 6.730709471140166045e+01 6.420008888014996273e+01 5.583461745549915634e+01 5.692687250038282087e+01 4.309318520722626999e+01 2.354346246365163253e+01 2.167533667859123270e+01 2.217522966421096342e+01 2.267375453237744765e+01 4.043276760457996488e+01 5.127585766975634129e+01 6.063286178933034876e+01 5.228088355153351330e+01 3.600279230021325105e+01 5.624383616294672805e+01 6.877644547989986279e+01 8.299904221729585174e+01 8.194211957614938058e+01 8.194211957615490860e+01 9.033164705637489078e+01 8.168314509816234192e+01 6.227573910798865597e+01 8.168314509816234192e+01 8.108277244572070686e+01 6.100611191769750974e+01 6.333162032116138107e+01 6.222716345697048013e+01 6.905959474894919481e+01 8.164643522110941376e+01 1.055750231787365436e+02 1.216317260957982711e+02 1.216317260957982711e+02
4.632133384201576831e+01 4.818393590955704298e+01 3.061436235773038561e+01 4.509771782061717715e+01 6.183866880613089734e+01 7.323862996537246772e+01 7.363653436056658563e+01 6.359754160806118506e+01 4.905576775350929353e+01 2.858072770315750333e+01 4.313989719592692751e+01 3.587356779996868283e+01 4.233875461172871724e+01 4.286618418515185880e+01 2.338281917106449015e+01 4.360620767650239316e+01 4.852465801618863139e+01 3.202278946854092823e+01 4.636325564021965562e+01 6.458356594709815113e+01 7.756339333083609233e+01 6.916831918934082069e+01 6.165826539232357106e+01 6.165826539232357106e+01 8.194211957615490860e+01 7.270523527366290750e+01 5.200353169820915156e+01 7.270523527366290750e+01 7.452412883800538168e+01 5.423890588820930247e+01 5.424066388918173232e+01 7.457535374458082345e+01 9.028044554510411501e+01 9.033641445437871198e+01 1.115304491986138373e+02 1.065127870210721994e+02 1.148196701115988532e+02
4.934505582800593970e+01 5.909255850055896531e+01 5.089390359823237731e+01 3.355340866734262306e+01 4.532275871118820021e+01 6.503785613291276491e+01 6.539197550242460011e+01 4.524722840267591550e+01 3.502392485357199092e+01 4.905621658721160827e+01 4.892558099177558972e+01 5.567061940442907542e+01 4.873894547841311464e+01 2.456747539044342332e+01 2.388665807325459056e+01 4.412939010111098526e+01 2.825249697984075326e+01 4.852465801105784493e+01 6.063284921449253773e+01 7.498535162548503763e+01 6.579491861218646420e+01 4.873664565589971431e+01 4.714490521545872781e+01 6.759926873416857518e+01 7.928738755421136375e+01 6.562871897052151837e+01 4.522107556539273787e+01 6.148686548684724329e+01 6.356002550324129885e+01 4.812270129723123091e+01 6.841955572090586202e+01 7.382106870990293146e+01 9.138510508174685754e+01 9.577116668904595542e+01 1.030993087196756477e+02 8.611076510037116805e+01 1.030993087196757614e+02
6.919315092973039327e+01 5.672016028756191730e+01 3.662085158224295611e+01 5.328943902661269050e+01 4.789791400743374794e+01 6.769206932725433035e+01 7.363653435087830701e+01 6.053264289515099961e+01 4.034259292048069057e+01 6.053236014778854468e+01 6.854968066931695603e+01 6.035410084341604886e+01 4.024094325596806954e+01 4.874169382048809496e+01 3.819831960301410589e+01 2.460440467054471370e+01 3.655911193879514087e+01 5.257955777213445003e+01 6.182894410845126743e+01 6.210334581905965479e+01 5.732211590687104064e+01 3.698455194199711826e+01 5.732211970412643609e+01 7.428070016921336105e+01 6.503292419675686631e+01 5.068960751953058974e+01 3.898056542273508285e+01 4.112160579500577740e+01 4.327389273843543549e+01 4.601170629797250911e+01 6.629933997700061354e+01 7.338975026935746371e+01 7.659768007466038853e+01 7.434199094832811738e+01 8.560324096491183354e+01 7.431740485551694064e+01 8.452549432265003304e+01
7.784230664545900424e+01 5.857168223754567293e+01 3.878884985258081031e+01 5.809971565507946423e+01 6.749212219677811220e+01 7.587045001112900877e+01 7.470993590193367595e+01 5.466021585406691941e+01 4.752136110506479838e+01 6.764874919991687818e+01 7.674017572413148969e+01 5.667163383323013193e+01 6.035410084341604886e+01 6.679845231961714092e+01 5.275147045851546324e+01 4.253017491020275287e+01 2.534651852156704521e+01 4.564035135065131499e+01 4.112449694711736470e+01 4.165200135914260926e+01 4.816162932979519695e+01 3.257072764036398382e+01 5.206499284401709815e+01 5.397881374561384860e+01 5.397984997749632186e+01 3.617200262060786997e+01 5.657879521806345480e+01 5.287751242279313146e+01 6.354969698039941051e+01 6.629933895991175064e+01 4.998223327185256437e+01 5.307711331810594402e+01 5.628928790407961458e+01 5.962683631533960238e+01 6.524433800457114785e+01 8.560324096491183354e+01 9.966599134504983226e+01
6.382897361994185559e+01 5.003013043559678152e+01 4.119220893929040272e+01 4.569485054820057002e+01 6.527531457254752922e+01 8.062208118635621190e+01 8.292718658511114427e+01 7.470993590193367595e+01 5.657396915003423032e+01 7.588448125776382369e+01 8.509057594111553158e+01 7.468962358445860161e+01 6.638614629225270392e+01 5.963779756789203645e+01 4.846611125142655396e+01 2.818122071489439051e+01 3.910325528131746609e+01 2.612868878938017048e+01 2.668752474966090915e+01 2.725857291831380280e+01 2.783348201235490293e+01 2.841059613535728090e+01 4.873428816660361917e+01 5.396699728683921649e+01 3.375013881859330667e+01 5.397984998006481305e+01 5.068735900987236676e+01 7.086440382139164740e+01 7.302820282963887166e+01 7.746530952620638288e+01 5.715712560207685300e+01 7.338975026935746371e+01 7.660813628980913847e+01 7.995669723139616281e+01 6.603175299622057537e+01 7.243946200095240329e+01 7.922248707484894226e+01
7.784230664504052299e+01 6.323197703710469852e+01 4.365364552314444069e+01 6.323197703710474826e+01 5.284436238155902288e+01 7.242524023752692131e+01 8.903538273693199301e+01 8.481511605247656860e+01 7.079021210410749632e+01 8.481511605247656860e+01 8.062565604771062056e+01 6.049175763070890355e+01 4.595061257929096854e+01 5.117007051007875162e+01 3.107336315881567046e+01 4.846611125142655396e+01 5.312736417387571919e+01 4.074084587051990525e+01 3.025109050169827896e+01 4.752046860486561997e+01 4.815814672845362310e+01 4.873077243673401426e+01 2.923323546799739603e+01 4.950648612858856978e+01 3.226605017994576485e+01 5.218519523145048566e+01 7.094467642133500362e+01 7.904908372759557267e+01 9.268853406407221485e+01 8.583063335554098217e+01 7.748538282184537707e+01 7.151487427967101951e+01 9.189946551862706769e+01 9.478899333403408889e+01 7.510937751832922515e+01 8.265633500596949546e+01 9.966599134504983226e+01
5.943870348232681522e+01 5.260559813004824292e+01 4.612722344341391789e+01 6.565397212752918676e+01 7.242524023752692131e+01 6.113161828045028301e+01 7.244895679215684936e+01 9.225668457420860591e+01 9.065486581203353467e+01 8.699693970063754023e+01 7.840220863639848403e+01 7.324677154310516869e+01 5.431956137244412730e+01 3.405476670469045075e+01 5.134725277177199843e+01 5.123194630780056258e+01 6.496276577270475627e+01 4.621266649621396283e+01 5.043671645193432340e+01 3.581791958025819156e+01 5.587267395523689828e+01 5.718834716689946873e+01 4.594493190482682365e+01 3.005516975086444020e+01 3.064399568534528484e+01 5.095050979365178279e+01 5.983981412007734235e+01 6.876089089139588850e+01 7.741914848747860844e+01 7.651470328640451157e+01 8.489565282395265911e+01 9.189946551862706769e+01 1.003125784805098561e+02 1.038903294751892332e+02 8.690753517816536089e+01 1.030390883375110604e+02 1.113625128256070980e+02
