LEM/sinusoidal_perturbations/elevation_000138.asc
nrows	100
cellsize	150.0
xllcorner	0
ncols	100
yllcorner	0
NODATA_value	-9999
[rows 0 to 16 of 100, columns 0 to 36 of 100]
8.271705653423140972e-03 2.000827170565306901e+01 2.748728693967732184e+01 3.147402620872118817e+01 1.846233327155377779e+01 3.803820389458190476e+01 5.051336303538870709e+01 5.703303453459581362e+01 6.474970454325364244e+01 7.300504833231687485e+01 8.485002100942300274e+01 7.003544860983917886e+01 6.112456167798426776e+01 5.793160208565797831e+01 6.695196664654200447e+01 6.315351779231896501e+01 6.003121163639183067e+01 5.581018524905596223e+01 5.259310274917022099e+01 6.118172390825748863e+01 7.197020784442987917e+01 8.877706363226130293e+01 8.051848033200688803e+01 8.051848033125943971e+01 8.051848033125943971e+01 8.877706326988791830e+01 9.062586206175909354e+01 8.246405135865147429e+01 8.246405135864937108e+01 8.425709371902975420e+01 8.425709371902975420e+01 9.244138019188940802e+01 1.070337533234863656e+02 9.511867786955390613e+01 8.661630232380157679e+01 8.750481898856055807e+01 9.600253697792905427e+01
7.813061968023241044e-03 3.786671290062776141e+00 7.630859826541466440e+00 1.169671911004597575e+01 3.147396567832574732e+01 2.556643302459954725e+01 3.135786649354648858e+01 3.803497580736848249e+01 4.692653002150650110e+01 5.910273755920845673e+01 7.066499499416582353e+01 5.947102105131756389e+01 3.924570034129072127e+01 3.492661794449348633e+01 5.387756913710950357e+01 4.158767174291870106e+01 3.945473082417422717e+01 3.524156300181248724e+01 3.289723409812416577e+01 4.461014643112109468e+01 6.311170625962889602e+01 8.051848033175757280e+01 6.033039495816808540e+01 6.033039495816807829e+01 6.033039495816807829e+01 8.051848033125943971e+01 8.246405135865147429e+01 6.347064877995234866e+01 6.347064877995234866e+01 6.523212594729190528e+01 6.523212594729190528e+01 8.425709371902975420e+01 9.859416508763113995e+01 7.784789821459094128e+01 6.548243139376975819e+01 6.639970048880410047e+01 7.979831933446972414e+01
2.526786264046545528e-03 2.000252678626369018e+01 2.738839755226621264e+01 2.309034266686392556e+01 3.915574918031981611e+01 3.669349149633212193e+01 5.051341872466407068e+01 5.623469260149258986e+01 6.310601884196608324e+01 5.520573557674456566e+01 5.869188398825311026e+01 3.261792876753474246e+01 3.391928103963903141e+01 2.061763118745182055e+01 4.013619499495584364e+01 2.657230207089122942e+01 2.545271221336466283e+01 2.132951485633849487e+01 2.969059913289666852e+01 3.586119136703317167e+01 6.524466225780571449e+01 8.413936031800167825e+01 6.624334826477355875e+01 4.578610222088482118e+01 6.033039495816807829e+01 8.051848033114592340e+01 8.133219627032860899e+01 6.903368759744735428e+01 5.004623474224602830e+01 5.183405484663227725e+01 6.278943456569015069e+01 7.610085619451385242e+01 9.539872137681842901e+01 9.511867786955390613e+01 7.531977314144714342e+01 5.381227670038545341e+01 5.843871467976643430e+01
4.163169627051843593e-04 1.415995537596573861e+01 3.440502593017332345e+01 4.256659465931063835e+01 5.045572445394891048e+01 5.618329361795892396e+01 6.436054068245204007e+01 6.518845053308837123e+01 4.956427343143626985e+01 3.210763832874039991e+01 4.949426381426744115e+01 2.923686587380508328e+01 1.162025442767049910e+01 2.645821518429653096e+01 6.033557010404265064e+00 2.005049305482557642e+01 1.480028611642105218e+01 3.391784968641015752e+01 4.987068013670022282e+01 5.932401253096032434e+01 7.619075732708213877e+01 6.598187470380423747e+01 6.077591858726849949e+01 4.014699204516908537e+01 5.483316901842886182e+01 7.512298756229056096e+01 7.327227443832157405e+01 5.430343392503220201e+01 4.320574961386700608e+01 6.232060926175884674e+01 7.232543670425617677e+01 7.379774862763970589e+01 8.187427392294344486e+01 9.244133345847150451e+01 7.147179026997426377e+01 6.746634583729282042e+01 4.585967755526546341e+01
5.883922493566802643e-03 2.000588392249321146e+01 3.177000134948055177e+01 3.879606245055033753e+01 4.695160567851860378e+01 5.799112783838854313e+01 5.765301197115331888e+01 4.349326057200622131e+01 4.048615334292531287e+01 1.915798776420131944e+01 3.148172770901237172e+01 2.619164642563800527e+01 4.876810284618715130e+00 5.186668183091752482e+00 5.495024178772515810e+00 9.337448839604284956e+00 2.587362958109173405e+01 3.518460655305432994e+01 3.641352694979067195e+01 5.725864778905432928e+01 7.304613898437523289e+01 6.471810138927510536e+01 4.717769055208562889e+01 3.517447986793770554e+01 4.993777669388031626e+01 7.034063127069528321e+01 7.179017779684200207e+01 5.276197741377396255e+01 3.911325446265025363e+01 5.319774080402972771e+01 5.319759383410145404e+01 5.478595523340239737e+01 7.081518979225039345e+01 8.038539889620700762e+01 9.244133345847150451e+01 7.614416417679628069e+01 6.095169023173303913e+01
1.256007409845548732e-03 5.774756314150899961e+00 1.180494314908201403e+01 1.887544731756362992e+01 3.040146362688354742e+01 5.003456586361470215e+01 4.708542931675196996e+01 2.878822637200450529e+01 3.533124653540281201e+01 1.891946307136612049e+01 9.552394884897596583e+00 4.436900026902765859e+00 1.191462318600020431e+01 1.932638585258996144e+01 2.000541358547793536e+01 5.926323032924403655e+00 1.754329136240977505e+01 1.674320050804037763e+01 3.039302136480050365e+01 5.094831319225178135e+01 6.471810240713477924e+01 4.422642745751902993e+01 5.022829821580263143e+01 3.090354892353135341e+01 4.562486563704465681e+01 6.602946809659644600e+01 7.742431360391081796e+01 5.833437628339527947e+01 5.319633332754097665e+01 3.374497531229955172e+01 5.319742980795036402e+01 4.367066974739005047e+01 5.331842670956179830e+01 7.232415794600240133e+01 8.563234773012753465e+01 7.717737683820871553e+01 6.960481254091233438e+01
9.594114293757748102e-03 2.000959411429340307e+01 3.177000134948055177e+01 3.879606245055033753e+01 4.695160567851860378e+01 5.110745149085701655e+01 3.877425107875177446e+01 1.907390017949049010e+01 2.773026446529713240e+01 2.040809804638285740e+01 3.995377316594765915e+00 2.099025215519997190e+01 2.540004297026973745e+01 2.476142742684063691e+01 2.662422610136881573e+01 1.459381792605765327e+01 6.350711655029479985e+00 2.689001631726167929e+01 4.376450939117578542e+01 5.525415502833276093e+01 5.841540806354303328e+01 5.022830296122497629e+01 2.950616577312402100e+01 2.693389172671765763e+01 4.162647704462482068e+01 6.214053868258258007e+01 6.713132797774129301e+01 6.342966090756976882e+01 4.424212920098402435e+01 3.010792924391360259e+01 3.477140710469830509e+01 5.425693091198300522e+01 7.081518979225039345e+01 8.038492096772655771e+01 7.715967037052708122e+01 5.743260071637766373e+01 6.321643331161590140e+01
7.711341127313004785e-03 1.413203502127571198e+01 3.375667721356445838e+01 4.202946119615135956e+01 3.279677280794792438e+01 2.627017487011513452e+01 3.156227218042688776e+01 2.793896624145168062e+01 9.136551352437372486e+00 3.554177724250047188e+00 2.230076566836525842e+01 1.581562236530638366e+01 3.268692020111632957e+01 3.936410839156970809e+01 3.149309753743277085e+01 1.708073702687246964e+01 7.512222324517438210e+00 6.735701467062305881e+00 2.736559307649568495e+01 4.724240341401151255e+01 3.785003415246742975e+01 3.785003326388270750e+01 2.175541817510998754e+01 4.239606893880758065e+01 5.605067160088987066e+01 6.713132910465540704e+01 4.787632491104722732e+01 5.140967596062218803e+01 4.661405523790917727e+01 2.643400504009802887e+01 4.661397002704472214e+01 6.221894619362274170e+01 6.289020278717488566e+01 7.116851538060637949e+01 7.565577799781245005e+01 6.320377547691343523e+01 4.387528978649845612e+01
2.297228869525369630e-04 1.958078012272328650e+01 3.207390816114276788e+01 2.399170925748000727e+01 1.397097317669761551e+01 2.023147493844478451e+00 1.470939374500727048e+01 2.244746301964085688e+01 3.114053794618375726e+00 2.290318350258631241e+01 1.096393042536544016e+01 2.937127836687260185e+01 2.950420862246209808e+01 4.526653029626879032e+01 3.658473191651949463e+01 1.927653389774613046e+01 7.067781887235131677e+00 2.136952892792135117e+01 3.827480190462249965e+01 4.022432858724638294e+01 3.360856720474128423e+01 1.730171341543623953e+01 3.785003326388270750e+01 5.085109456349616863e+01 5.296162387475234112e+01 5.426317399408621611e+01 5.140970331766359891e+01 3.150162168855814926e+01 3.991572335978879948e+01 2.324235315285444869e+01 4.384215716799617013e+01 5.962875047056493116e+01 4.293051178078455621e+01 5.962876057010367248e+01 6.755606774365351441e+01 4.814959789394946199e+01 3.709012661793035903e+01
9.647730019007896146e-03 1.999602049878711441e+01 2.398650272396392680e+01 5.871976861480814769e+00 1.490276179480490848e+00 1.928839226300516074e+00 2.343258478543710055e+00 2.674779605728505594e+00 2.141574211465816546e+01 3.024232031274839372e+01 1.667705775392452949e+01 3.617263908597774957e+01 4.551148629601561169e+01 4.814102982579321122e+01 3.700979196256704284e+01 2.703083414930526374e+01 7.291684854627804135e+00 2.691118250189185801e+01 3.914448421269813139e+01 1.313294868778034363e+01 1.313815273220193447e+01 3.312207469666449811e+01 4.354824023604084005e+01 4.464005233418135532e+01 3.033801160244421524e+01 3.326883790288255938e+01 4.367041536935592205e+01 3.618585043096683762e+01 1.880786998279915423e+01 3.991577530138388141e+01 5.009115180106841336e+01 4.195239992806763496e+01 3.139840192727002943e+01 4.552100298221187558e+01 6.547323223519885005e+01 6.452248216857877594e+01 4.879978322186494211e+01
3.582433992925927561e-03 1.634577197130675685e+01 2.046823310568769472e+01 1.053924055249524816e+00 2.050675755858331684e+01 2.248995545686894815e+01 9.948026024029051229e+00 2.970430688823100684e+00 1.475267255497906760e+01 3.477439333364414153e+01 3.655344442965769503e+01 2.609871695480224218e+01 4.587697549042418643e+01 4.251190928725741003e+01 2.105459945237897301e+01 1.047806061088596508e+01 7.532854948381479510e+00 2.737325030440331375e+01 1.003460570615524361e+01 9.334367145514427477e+00 2.238357629910407809e+01 2.925792517565292528e+01 3.067103181849031301e+01 3.026191067403329527e+01 1.690221743343825622e+01 2.759967466059072549e+01 3.244061777864182972e+01 1.487848633233200957e+01 3.617785700423774387e+01 4.201246635317515654e+01 3.411229424595171622e+01 2.200740707994061296e+01 4.195239991350753428e+01 5.962875226947714680e+01 6.417482939433195099e+01 5.587888267076705517e+01 5.651162682090345157e+01
1.813270376062421294e-03 3.096513350138023757e-01 6.179104671740038857e-01 2.017295843521342036e+01 2.840383095664310886e+01 2.741038363959608404e+01 7.527195218740578397e+00 2.316793440000642335e+01 3.142599835516215023e+01 4.327246691425964542e+01 5.330997705769475914e+01 3.364424011817825999e+01 5.330997642992877417e+01 4.903731554115925206e+01 2.913146161118847033e+01 2.882945311248048270e+01 9.011790232143482626e+00 7.930590357279471370e+00 8.229253613306951820e+00 8.536154695252603730e+00 2.254478913509603544e+01 2.712966506282095835e+01 9.742539510816401460e+00 1.006742473559258144e+01 1.712355598347746977e+01 2.622590725707696180e+01 1.132593762594702724e+01 3.119722431367252469e+01 3.189416651270316194e+01 3.158337252204850998e+01 1.317476289348958751e+01 3.411231058796997218e+01 4.743591810543031784e+01 5.572461667285274700e+01 5.587999575979844025e+01 3.603630485823589424e+01 4.184263525816731999e+01
2.372884694381488524e-03 1.707318164811452021e+01 1.129730730162880725e+00 1.342335102416882009e+01 3.223151198371047599e+01 3.562479441884375575e+01 2.742331901947316908e+01 1.196476137456521016e+01 2.608487755541943187e+01 4.612125076638093191e+01 6.142797940156159342e+01 4.758337310111250673e+01 6.142807739810938727e+01 5.589305552641776842e+01 3.607899806892615402e+01 3.167376684814930954e+01 1.165228886947904030e+01 2.020482286331617772e+01 2.083733007592197239e+01 1.019365796081904207e+01 8.974397200093868321e+00 9.286381639877662408e+00 1.994108870482190099e+01 2.694129524404146636e+01 1.053054529426397501e+01 1.085914067667763483e+01 1.842282652383482500e+01 1.179778611229645691e+01 1.213159301151720548e+01 1.246557322534094148e+01 1.280035370284814000e+01 3.263779874191595809e+01 2.746382930160034874e+01 4.738520346584802212e+01 5.834485148970218660e+01 4.185015132604370791e+01 1.921317829120224729e+01
8.175220331382775790e-03 2.000301639595381076e+01 9.755135085487593116e+00 2.930016374387176725e+01 4.020427513070760028e+01 4.709126932215642114e+01 2.686826352178525923e+01 1.525645364365681367e+01 3.529620338960950221e+01 4.096171296660847361e+01 6.095493321089500682e+01 6.713523348815911618e+01 5.894577665490638196e+01 4.903447494636924375e+01 3.608208793010734183e+01 1.617700821133758993e+01 3.167265707397243446e+01 2.383518273139263854e+01 3.360583353854325139e+01 1.768056979530378214e+01 2.930616040891358764e+01 2.737095590144952340e+01 1.146504399280289199e+01 2.454070851223333349e+01 3.285858656688009205e+01 1.283248492227590454e+01 3.206383048266338420e+01 3.158704457371170449e+01 2.590279851737735584e+01 3.216405814872090474e+01 3.212539631613340418e+01 1.327353575420227472e+01 2.722238715836523326e+01 3.037051397317529222e+01 4.673546166357154874e+01 4.647156549159338113e+01 2.793492065882763242e+01
9.124702163186202558e-03 2.000909480502628668e+01 3.015384187518370851e+01 2.411129272408015467e+01 4.474194158588134229e+01 5.591439967712904746e+01 4.357875161131104846e+01 2.421399694902534705e+01 2.091809362662449345e+01 4.096171955800793540e+01 5.552124672995669386e+01 6.703159295101286830e+01 5.072859958519001822e+01 3.091238204888396268e+01 2.100537551622856469e+01 3.608208793010734183e+01 4.420560967434420263e+01 3.301426819632921905e+01 2.910929762650835428e+01 3.751053982552654986e+01 4.332228157109823030e+01 3.275865562610863435e+01 1.302045466564579357e+01 3.252538427191261405e+01 4.313454532497127758e+01 3.656441339507863120e+01 2.439058520659476414e+01 4.629205315545319621e+01 4.475367762600921395e+01 4.805472945499423076e+01 2.757203599095588586e+01 3.235631288200170275e+01 1.374704017430652669e+01 1.595101136630736605e+01 3.796200941726197442e+01 5.416373254293635142e+01 3.695390505577510964e+01
2.239863785106879172e-03 2.000223986378475161e+01 3.828555074241396028e+01 4.474194830690991154e+01 5.332109270992378214e+01 6.061127967171039899e+01 4.058774407484392555e+01 4.426196252915681839e+01 4.096171955800793540e+01 2.725893033213561623e+01 3.883711091827343864e+01 5.884079360526266100e+01 5.894577666748684663e+01 4.449361085426930629e+01 2.472183443708994233e+01 4.449361085426930629e+01 5.812802331836048353e+01 5.031786665335644670e+01 3.828664220381966743e+01 5.559830298710151908e+01 4.889915562270358862e+01 2.865165917530170958e+01 1.458574009923092163e+01 2.874810863693277696e+01 4.974075876788322148e+01 5.459616433591469331e+01 4.038920140743883991e+01 3.883896271963995872e+01 5.926626486155868179e+01 5.703522723490113577e+01 4.839742804668568965e+01 4.104452870600538716e+01 3.010409343531855697e+01 1.422051917625650574e+01 3.238037564670982960e+01 4.498289163625480569e+01 3.625095705307298743e+01
1.766589122093755728e-03 1.000176658914028671e+01 2.414390231416389909e+01 4.414393931881100031e+01 4.853707825475512294e+01 5.684302796205755470e+01 6.061141196796290842e+01 6.358362676824271631e+01 4.362659307896569771e+01 4.729166205682852109e+01 3.580866209472685568e+01 5.572953311322842751e+01 6.269164907787676810e+01 4.255202941588786558e+01 2.860186027718286184e+01 4.253829925244160393e+01 6.245896491185274613e+01 6.509865212907565990e+01 5.123428187353034247e+01 5.485254386626942136e+01 4.661557036565133672e+01 3.617822571282806621e+01 1.616346264286567092e+01 3.564046651740369498e+01 3.876336323515170079e+01 5.917211725863048599e+01 6.073017527176935459e+01 5.352303266396529580e+01 6.734368518937439774e+01 5.977031020656416160e+01 5.106271991056721049e+01 3.684017027868006977e+01 1.526697102391504401e+01 1.455584608404664060e+01 3.102583846126971068e+01 3.531411546230922482e+01 2.345319668005585356e+01
