LEM/sinusoidal_perturbations/elevation_000553.asc
nrows	100
cellsize	150.0
xllcorner	0
ncols	100
yllcorner	0
NODATA_value	-9999
[rows 68 to 84 of 100, columns 0 to 36 of 100]
5.009162696260268353e-03 2.000500916269590590e+01 8.942026216311296238e+00 1.448902817856334835e+01 2.051925507010710703e+01 2.718592173636647757e+01 3.718592154149385465e+01 5.718578093320466849e+01 5.186879282149898529e+01 3.185944576172930454e+01 4.402048534947601155e+01 3.178551170070971210e+01 5.179421196697475693e+01 6.222743701741589462e+01 5.588368342569004454e+01 6.415633895282410037e+01 5.483968937200575056e+01 3.478316259235313623e+01 1.906378465006120138e+01 1.127855481016518446e+01 2.128646162178116086e+01 3.995927041055675488e+01 4.983932058124525355e+01 4.072951523793987860e+01 5.529223527457808274e+01 6.722613575267349972e+01 7.222305263782193663e+01 5.210714647304583025e+01 3.794037774891253179e+01 4.714523781577958061e+01 4.116223382819045895e+01 3.797786631538631497e+01 1.857056575208702043e+01 3.861503768516243440e+01 4.952840016000897805e+01 5.513333518645494991e+01 6.275985054394896423e+01
4.695337527364121070e-03 3.596801378062854937e+00 1.773893639142632495e+01 3.448899534975817005e+01 4.051920807035500616e+01 4.718585123734928999e+01 5.546971915645818996e+01 6.546946011824371681e+01 6.020971611926962908e+01 4.402048534947601155e+01 2.409806228255652272e+01 2.430683377468693607e+01 3.985569750294354918e+01 5.128701098233680256e+01 3.194427078539781917e+01 5.167968903697575911e+01 5.182333191918773707e+01 3.502857148766981510e+01 3.072083830635805057e+01 1.099267176110271471e+01 2.946292863458715772e+01 3.308855540669465256e+01 3.795279912658498489e+01 2.604254886997583185e+01 3.799416894025430480e+01 5.886191592180251320e+01 7.654392622278649583e+01 6.631271550584109775e+01 4.948983877433484224e+01 6.302359864404944290e+01 4.103317996228081199e+01 2.758146395714269516e+01 1.901486873558733137e+01 3.317207278037030704e+01 5.323393403754771214e+01 6.858410306901417641e+01 6.518733682154054065e+01
7.614146464036155443e-03 1.155461294753541779e+01 3.155071921214689468e+01 4.602283732366240088e+01 5.708229678556678266e+01 6.536656803219624123e+01 6.165593264442884447e+01 5.328327585898639995e+01 6.165593264442724575e+01 5.234687586843130447e+01 3.718715339794103159e+01 1.733113387821645546e+01 3.718715339794103159e+01 4.215478207449127268e+01 2.060701399184422300e+01 4.215478274297081640e+01 5.364932989485673431e+01 5.043249498310650836e+01 2.882251912178145048e+01 1.071097537253434062e+01 2.588767136860627716e+01 2.347118967469912221e+01 1.949485430465617952e+01 3.907928347396491375e+01 3.708524486843458590e+01 4.772608137788413529e+01 6.824523234205679501e+01 7.790066833657745349e+01 6.961931021086127203e+01 5.872030116718600823e+01 3.953872191322597729e+01 2.819610515916226490e+01 1.946209145252283435e+01 3.952245698898964577e+01 4.837655366823487668e+01 4.554107411640202940e+01 4.491243780288372989e+01
2.352828262072654761e-03 2.000087612992717112e+01 3.979972837266352315e+01 4.294016116183533427e+01 3.708229678556607922e+01 5.708229678556678266e+01 5.159058761301307072e+01 3.318683773764961842e+01 5.159058761300798324e+01 4.768270961371181471e+01 2.768093873476453837e+01 1.365152988055093886e+01 3.353930786416778176e+01 3.424030517102826110e+01 1.366892493429922339e+01 2.427236043406302102e+01 4.551667940740427554e+01 4.903847072968930121e+01 3.423433793287462379e+01 1.042712159933108218e+01 1.619670619139564849e+01 1.447171024264637573e+01 3.476094484072376645e+01 4.754908094833555054e+01 5.798565671976970037e+01 6.635527671181311860e+01 7.654394728389981140e+01 8.059056017957844631e+01 6.899535487711760595e+01 5.999474980859068296e+01 4.532822308051935778e+01 2.531654528947305849e+01 3.952324950533438397e+01 2.010209581834000048e+01 3.918774647745082262e+01 2.707254346547163237e+01 3.491050274254655506e+01
6.786455232800275850e-03 2.000678645523244370e+01 3.351207074601311575e+01 2.294016116183463083e+01 3.708229678556607922e+01 5.708229678556678266e+01 4.323505679831799853e+01 2.319911372918633674e+01 3.379002265721760523e+01 4.198669404479326772e+01 3.010161008455169451e+01 1.019632180160670565e+01 2.566458009491180192e+01 2.602219226723166301e+01 7.691508934098847838e+00 2.734872186990670428e+01 3.823374385560392597e+01 4.154910797183082849e+01 2.425975904739993538e+01 2.606539352424072931e+01 1.001304529325192583e+01 3.063313873118294950e+01 3.084902023757951994e+01 5.306295164609632309e+01 6.901305344924286089e+01 7.022344272333410231e+01 7.846976393744434120e+01 7.231647334963622598e+01 5.219253956694722518e+01 4.053777961090220572e+01 3.159030799188770544e+01 4.532820976628071463e+01 4.673450431429731822e+01 2.770223330071472034e+01 2.074466672779340826e+01 2.120001232908914091e+01 2.332575576110298954e+01
3.257643153035955173e-03 2.000325764315267918e+01 1.351207074601382807e+01 3.351207074601311575e+01 5.122443240716934554e+01 6.404295362989354601e+01 5.159058761301294993e+01 3.379002265721760523e+01 1.375428564637439521e+01 2.592159441740041359e+01 2.466957213595587461e+01 9.820750309906038922e+00 5.427864281453913975e+00 5.755360968490276008e+00 6.084432958278530812e+00 1.049857143799981962e+01 2.947735876507788078e+01 3.236161742174850531e+01 2.868127984294768495e+01 9.570832836558000878e+00 1.028486354135417358e+01 3.468908309983084592e+01 5.306294514486332758e+01 4.908761110702793928e+01 4.908761110702794639e+01 5.031116757659314231e+01 7.022344272333410231e+01 7.449506390930994826e+01 5.438942850886984104e+01 4.011787316115086099e+01 5.168177809730617867e+01 5.998325125518401535e+01 4.638008430919338565e+01 3.516608839214796944e+01 4.080578676774597824e+01 3.900573872877369297e+01 2.184829293819841922e+01
1.880098487986705483e-03 5.347104936736497116e+00 2.534710493673614096e+01 3.942875075001001051e+01 3.575868236856101134e+01 5.575868236858458715e+01 4.545855825370548331e+01 3.715539942983606636e+01 2.592767444965659607e+01 6.397773863700559893e+00 4.646070220486206992e+00 4.968525359804588426e+00 2.473581404907621817e+01 2.568653522000059652e+01 2.609869176892053844e+01 6.557114014273397906e+00 2.597763532649911156e+01 1.305706673451955702e+01 9.096582205904169882e+00 2.613412730458059841e+01 1.323308767607222514e+01 3.357022186324356738e+01 4.275643786122613221e+01 2.906668888700480124e+01 3.618672878407460303e+01 4.772579249158980019e+01 6.764191885582980035e+01 7.449506390930994826e+01 5.438942850886984104e+01 5.177178743896519109e+01 6.857732398524039752e+01 7.541698658701463387e+01 6.209388221058726032e+01 5.395726070069833469e+01 4.369290812843863847e+01 2.250623109768869412e+01 2.451077502596650604e+01
2.900726248362994839e-03 6.033127617803610399e+00 1.235768293814031438e+01 1.942875075000591423e+01 3.942875075001030183e+01 4.387593165570047660e+01 3.415213224566827677e+01 1.782115918799609844e+01 2.373391271476839037e+01 4.192970106894763127e+00 2.437439040881590557e+01 6.662589955870367397e+00 2.730927235832571398e+01 2.953339228937467098e+01 9.356143992258349584e+00 6.895610926985424882e+00 2.704705008887131967e+01 2.795124751359973203e+01 8.744956284481334663e+00 2.835531937471273167e+01 3.357021636760777739e+01 1.829954792742476144e+01 2.261836463008633302e+01 4.275643959979316122e+01 3.911479455235815550e+01 5.906042766169779412e+01 7.588738965620478893e+01 8.276521946161074084e+01 7.449506390930994826e+01 7.189896702059509437e+01 8.017125957927041213e+01 7.306240813126206035e+01 5.832034355342172205e+01 4.976265403979387969e+01 4.311973624695250606e+01 2.297124500721837137e+01 4.260175005422614447e+01
5.081304048347549951e-03 2.000508130404799090e+01 3.235768293813960383e+01 3.942875075000921470e+01 4.771302200133542470e+01 3.559768072252038706e+01 1.637287399495595253e+01 8.842077558791848091e+00 8.144178158151023084e+00 3.875658021940902476e+00 3.066516401102137124e+01 2.789637342286443911e+01 3.589638557566735955e+01 3.808587616908496187e+01 2.276178569651111516e+01 1.056093080406746054e+01 7.383965617716461871e+00 1.081259456979111278e+01 8.387546306771264781e+00 1.800011659386512974e+01 3.843929331674394234e+01 3.855736345939075704e+01 2.853053756743496550e+01 4.858418416911155191e+01 5.906042766169779412e+01 5.174299504519345305e+01 6.582505752713541369e+01 8.571937191296576941e+01 8.628422003357769654e+01 7.721640311285229075e+01 6.892194080673442613e+01 6.188691652709960778e+01 4.358650634954391734e+01 2.842397544607682036e+01 2.546239716245640494e+01 2.343667500763107014e+01 3.992290528881410694e+01
4.469920835086939326e-03 1.000856892060330416e+01 2.421583559976279787e+01 4.448927857502347649e+01 5.821522500236504527e+01 4.387593163360379123e+01 3.401139377333647928e+01 2.351572265239856563e+01 3.427437253356114599e+00 2.157506507745041802e+01 3.375944618828020793e+01 4.566927352771137549e+01 5.378524640401948886e+01 5.101204795444040485e+01 3.763424596192174221e+01 2.109231993912583647e+01 1.041594866420345511e+01 7.879171061506076157e+00 2.823464504472958225e+01 3.809421926374455580e+01 3.259559097170731690e+01 5.254723876805287119e+01 4.274249248382005106e+01 4.274249248381969579e+01 6.268727546424773323e+01 7.165196730368758438e+01 7.989849228868419573e+01 9.212653466109775025e+01 7.225337353374770544e+01 5.760926515067414044e+01 4.781686796783006344e+01 4.049589225769625500e+01 3.402912346275049060e+01 4.864365892743037278e+01 3.763878499480335904e+01 4.095779825993807322e+01 2.410522945745703893e+01
2.324776005098761877e-03 2.000232477309726420e+01 3.782373772013147573e+01 4.027883677857916922e+01 4.008182851256095347e+01 4.660137679458364346e+01 3.204675881975813212e+01 1.709588300436532649e+01 3.110113975531321184e+00 6.255535767645297618e+00 2.636649754061403783e+01 2.511918978435704020e+01 3.739577662997415075e+01 5.699270038667654603e+01 4.928903328310056509e+01 4.083575496188321807e+01 3.092019282988184159e+01 1.186980238761587003e+01 1.034177261900236111e+01 3.393588790231984120e+01 5.254723876856377984e+01 6.079966077664654733e+01 6.268727546963041419e+01 6.268727546408695162e+01 7.093511181626725204e+01 8.385267235369744299e+01 7.560992895089989929e+01 8.385267235369747141e+01 8.628422003357769654e+01 7.721640311285229075e+01 6.322698783948929702e+01 4.189399444251565541e+01 5.543728003773625090e+01 5.956715497812812998e+01 5.336593708328472019e+01 4.171385240593804866e+01 2.458024958882008448e+01
8.699724428260374037e-03 1.956967003951427841e+01 2.979385345433452414e+01 1.846293000449134070e+01 2.827963874555736368e+01 2.141723763155181004e+01 2.422118774099204330e+01 2.241719788187455720e+01 2.792604414554176184e+00 2.164669301358425457e+01 1.249351855532930067e+01 2.783982719823313801e+01 4.820202072617995981e+01 6.517823324861015521e+01 4.996813935857906586e+01 3.626554427734649977e+01 1.740723583849037226e+01 3.103351890374199940e+01 1.208982467468830002e+01 3.208155103722805279e+01 5.029155485959184091e+01 5.856475182233908328e+01 7.098435112088236565e+01 6.272480947923263273e+01 7.098435186947881448e+01 7.033010334781205586e+01 5.564903685064219729e+01 7.388118139453541744e+01 8.539208881845823385e+01 8.335296267078783217e+01 6.309663536424888974e+01 4.849646217128322689e+01 6.931802841936259085e+01 6.961558204837680819e+01 5.246364936899911413e+01 3.243380890736993649e+01 4.464427423310900878e+01
2.249585233037712084e-03 1.958302050429768926e+01 1.257035271995145820e+01 2.107540363308029896e+01 1.393865875523830455e+00 1.710093641541019283e+00 2.026479640126388038e+00 2.342984666056056930e+00 4.050624988436466012e+00 2.539400520671744133e+01 3.380190510316647590e+01 2.783982719823313801e+01 4.820202072619077427e+01 5.660605802665963182e+01 4.183513267021441351e+01 2.295503277884142079e+01 3.625992747237599190e+01 3.329192359053310213e+01 1.381063889074597029e+01 3.370016093892182596e+01 3.030544783638523398e+01 5.029155485381416213e+01 6.098034970177636893e+01 4.268877391629746398e+01 6.098035400090144265e+01 5.033261190278386010e+01 4.560476751488928215e+01 5.719623915343234444e+01 7.714950809594202497e+01 8.092710655418554211e+01 6.081959339562806122e+01 6.081959339562805411e+01 7.548737693255188219e+01 5.556826220527917570e+01 4.139704352637355100e+01 5.246364936613127838e+01 5.360190813393725762e+01
2.739267172789772273e-04 3.157140756555349426e-01 6.311934657644270308e-01 9.469873133549335797e-01 1.047193790444482531e+01 1.574377638247505296e+01 1.703798261007350234e+01 2.068894923466032321e+00 2.355689667742738891e+01 1.655038621182463388e+01 3.554562057610938552e+01 4.820202072619077427e+01 5.632769887971541323e+01 4.841204347050970824e+01 2.923721822390451308e+01 3.614262446592280043e+01 4.984031884368271648e+01 3.782059343908709792e+01 1.572791263663313188e+01 1.625506199808429031e+01 3.615924300874830521e+01 4.081060823600426346e+01 4.294902724455350551e+01 3.265778865881814852e+01 4.950170067198497037e+01 3.612562890019105311e+01 4.511861886773883157e+01 5.671216238862875514e+01 7.666794356098226615e+01 8.910483984363796139e+01 7.258371154971129613e+01 7.514886242452655551e+01 7.548737693255188219e+01 5.556826220527917570e+01 6.129124044797804061e+01 6.961557667190521670e+01 6.206597819895251433e+01
8.327778614586212741e-03 9.210155322257740806e+00 9.119080430723943920e+00 1.921376471812908449e+01 2.280379985580157864e+01 2.619423925156785415e+01 8.902314598479678764e+00 2.343657838347006006e+01 3.417242245737409689e+01 3.554549187501014984e+01 2.989063181380758749e+01 4.919797114501842827e+01 5.608008649244970911e+01 3.653033599247926588e+01 4.841204347050970824e+01 5.557806318093536646e+01 4.524665967122340504e+01 2.430708623593675810e+01 3.784340003355229953e+01 3.615911497812280828e+01 1.878701252328526294e+01 2.088379533221320372e+01 2.300318462416410270e+01 2.514930877803180920e+01 2.946215163618801469e+01 4.950170399360546014e+01 6.445571010131983769e+01 7.339863708511695961e+01 8.491060174686620599e+01 1.005027323351126967e+02 9.232439608406041032e+01 9.487702189874413250e+01 8.366290190497370816e+01 7.548737693255188219e+01 7.791665132799846560e+01 6.689803394019604355e+01 5.416034314516989667e+01
6.510866554257996840e-03 1.987066614437514644e+01 2.642503691831020873e+01 2.206096693371527451e+01 3.788108122197910888e+01 3.448294132503567511e+01 1.946711382595822570e+01 1.473333540597334057e+01 3.228335717391347970e+01 4.588625424113982376e+01 4.919797114501837854e+01 5.740070180329765748e+01 6.204000602919635554e+01 4.227318914509896786e+01 6.204000602919635554e+01 5.385019210808799528e+01 3.367312004207705201e+01 3.935587354375783065e+01 5.354564037031286006e+01 3.642868195426020606e+01 2.234830973326383941e+01 4.081060845504791246e+01 4.294902724455511134e+01 4.512898934543378715e+01 2.894884889722625232e+01 4.898491746243603728e+01 6.127238249969025219e+01 7.540926870869449772e+01 7.382381296272133397e+01 8.206334176903271782e+01 9.206860418365789656e+01 9.834313451292210573e+01 9.043105197989439148e+01 8.608875434013674521e+01 7.016937685363458854e+01 5.059992911454848041e+01 3.904640488381718910e+01
8.953482861371391335e-03 2.000895348286088193e+01 3.038143724191903416e+01 3.747733008092506424e+01 4.733320421314566318e+01 4.515282613093956599e+01 3.719427728160898994e+01 2.485863212364143138e+01 2.109720269728950370e+01 2.801805933335414878e+01 3.809246148189031800e+01 5.705608374795594528e+01 6.907338709220191220e+01 4.917998131492074521e+01 6.907338709220191220e+01 6.053479029082752305e+01 4.048099574260899658e+01 5.946827543319004405e+01 6.471661906848618173e+01 4.832603193585571688e+01 2.831394043415901862e+01 2.914119165962599567e+01 4.915779899363855066e+01 5.726423288051810090e+01 4.898491746243603728e+01 3.293048474516253066e+01 4.713549631136723406e+01 6.383894516654865470e+01 5.385317614570060840e+01 6.386894875934112292e+01 8.379337845164479859e+01 9.030245484969189818e+01 7.083472631814078113e+01 7.645757099523915201e+01 5.855916370673984517e+01 4.437938603573366692e+01 5.899135347735618495e+01
