LEM/sinusoidal_perturbations/elevation_000943.asc
nrows	100
cellsize	150.0
xllcorner	0
ncols	100
yllcorner	0
NODATA_value	-9999
[rows 17 to 33 of 100, columns 0 to 36 of 100]
5.222468517465790779e-03 1.937847553320509064e+01 2.033490745802425792e+01 2.081674095613598396e+01 2.282780154629983294e+00 2.131086876430027388e+01 3.372902098663536918e+01 2.785964426789136539e+01 4.911046523015506438e+01 4.576564903009332141e+01 2.154246359844276171e+01 4.812422194109778673e+00 4.850467778530985541e+00 2.480419415348246659e+01 2.666933981688728750e+01 3.406370441915869662e+01 3.835707256234027795e+01 2.547178571792446178e+01 2.858730171698227807e+01 4.490866844017663340e+01 4.769066595641181294e+01 5.078694054870481267e+01 5.992340687922685305e+01 6.492239862824422403e+01 7.208980215700553629e+01 8.019893898203577010e+01 8.675397578266247933e+01 6.750551389401499591e+01 5.377736540942259325e+01 6.213508872637534353e+01 5.567585423564097624e+01 5.023304727784780965e+01 3.184330100539226294e+01 5.161257401219842222e+01 5.313551203673137024e+01 6.329432328670699093e+01 8.350544454346398027e+01
7.333276091007126865e-03 1.152502707599247955e+01 3.039811959808956487e+01 2.789988675991556022e+01 8.093879744124821585e+00 1.213109125279587808e+01 3.606096068542277777e+01 4.998692256857251692e+01 5.861084641782607463e+01 5.729290861347130459e+01 4.024939169957551144e+01 2.839465600851049132e+01 1.265856307461059771e+01 5.271882244190950750e+00 5.723147930624671531e+00 2.741522688330557855e+01 4.361049508989078305e+01 3.747068202325521469e+01 4.490866812166552080e+01 3.315341964459492630e+01 3.672816637303724008e+01 4.040629937977236352e+01 4.438003315790301428e+01 4.848957203692481954e+01 5.412558649170878056e+01 6.642781420947710558e+01 8.575953555595386035e+01 8.164437200976743725e+01 6.218442237528159211e+01 4.259333980020920762e+01 3.619218732986143294e+01 3.044740627641302666e+01 5.023304727784779544e+01 4.574262471481927150e+01 6.597318877219005628e+01 8.164922343698880525e+01 8.185555490259493183e+01
6.343274376862209282e-03 2.000634317153474129e+01 3.725677307231698876e+01 3.784885784430394295e+01 3.023217383304043082e+01 3.524785363649979786e+01 2.800375690562344033e+01 4.709253320528605968e+01 7.124837312023858260e+01 5.755137629135913357e+01 3.500160818332577151e+01 2.391649040464001530e+01 2.612778753133988019e+01 2.536556326818113405e+01 5.690224812608088989e+00 1.321185607105535631e+01 3.723893623671449404e+01 5.362984341647328534e+01 5.613033252461691092e+01 4.672106153265931283e+01 4.111407714438135486e+01 5.450803702326541611e+01 5.316782621433682721e+01 5.881188669179451978e+01 7.208980215706780825e+01 8.019893897796218596e+01 8.423214825325774768e+01 7.593947878539468377e+01 6.736651879377131991e+01 5.584336539111448872e+01 4.784621017143568622e+01 2.947584026165960580e+01 4.923861040505511966e+01 6.597547131324219549e+01 7.433754097228541013e+01 8.185555490259493183e+01 6.145686611132882859e+01
3.497053469895897767e-03 1.424677430474534567e+01 3.436371260802480521e+01 4.091159061732330571e+01 4.678872487676270708e+01 4.781170651812398376e+01 4.889333692484073168e+01 6.018187655573753148e+01 6.443061152765724842e+01 6.513346768619821603e+01 5.202795243389465440e+01 4.056087950061294123e+01 1.844311582983138464e+01 6.116740734453905759e+00 1.485750095126850212e+01 1.014995909862859946e+01 3.087366877777993324e+01 4.220888465565848691e+01 5.990236705570538334e+01 5.998305890001193319e+01 5.671178514641208324e+01 6.511862594745301180e+01 6.950251422211088936e+01 7.716840340721928726e+01 8.570461600643142219e+01 8.893573224333614746e+01 7.593947878539512431e+01 5.568615449120377292e+01 5.899874203961021379e+01 2.771934957152420509e+01 2.811309366155325762e+01 4.781100594231684653e+01 4.276437408452884625e+01 5.644213338065898711e+01 7.639040973742820029e+01 7.964148734352967551e+01 5.921827478406425627e+01
9.635555453094322986e-03 1.999588562502359679e+01 2.696836121778127193e+01 2.246247949526395971e+01 3.457282366808728824e+01 3.227321047461521886e+01 4.426023460149693989e+01 5.024225094750735110e+01 4.670051701537072120e+01 6.443061032373735486e+01 6.232209868340299863e+01 4.235914966830029016e+01 2.910025520379054242e+01 6.420972922345414169e+00 2.223105676884442872e+01 2.061988266869077435e+01 1.446433765430743534e+01 2.847608200984901927e+01 4.757227105248936994e+01 5.342657361565301244e+01 6.001518926395728926e+01 6.736140652022568531e+01 7.586635098297227842e+01 8.617411323618281926e+01 8.893573224333682958e+01 6.856201228334485620e+01 7.230066866142666981e+01 6.161821581075510323e+01 4.127531993891550854e+01 4.687138290466727142e+01 2.714945477793301976e+01 4.621349102801632114e+01 5.895388621527025208e+01 7.057050985738973736e+01 7.403892203994918475e+01 6.541460453658851293e+01 6.139068961830823667e+01
8.845047570523793118e-03 3.651851976582997761e+00 7.336222603671762599e+00 1.119583818300360889e+01 1.544576904118816785e+01 2.007654614086843026e+01 2.526222484431031035e+01 3.155473338565031582e+01 4.486777826937304070e+01 6.313289710480168537e+01 5.686226442080949539e+01 4.415657619823429769e+01 2.761543172155197468e+01 6.724359353040368248e+00 2.506229850405156512e+01 3.117801107690744544e+01 3.299634898483088818e+01 1.910638837681255353e+01 3.902074888181096668e+01 3.263205023509679137e+01 3.918020575286464435e+01 4.658316636831781210e+01 5.701935888376728201e+01 7.770345415668391809e+01 8.409021632352684605e+01 6.367012077450967666e+01 5.180816268879753750e+01 5.486883468908938255e+01 3.473074507320631454e+01 3.010891801588728711e+01 3.469525519703498873e+01 2.578983830669589494e+01 4.590889674003887677e+01 7.390422589829591971e+01 6.529245833532468168e+01 4.439020962362621248e+01 5.045053236209789560e+01
8.023991185656003874e-03 2.000779700446977927e+01 2.624812076751378953e+01 3.065912344071317364e+01 3.471199193155710816e+01 3.935660596872698136e+01 4.430844722564163618e+01 4.428268544918589100e+01 4.790989837863322265e+01 6.445231972051439584e+01 4.841775965822640160e+01 2.807135596945188283e+01 1.617092206015205491e+01 7.026760226652857710e+00 2.022791888268380944e+01 3.218349713392170486e+01 4.158964549730277582e+01 3.902071383005424821e+01 2.444188154090239706e+01 3.072657332996762491e+01 4.542072798322689664e+01 6.620854529936973165e+01 7.586635098297227842e+01 8.617411323618281926e+01 9.243753652921316188e+01 8.069328821725359546e+01 6.264041068017136382e+01 4.220953781483734701e+01 5.486882339217613946e+01 4.458393270395382046e+01 2.442485508250369364e+01 4.160184477793454505e+01 5.719003721055481293e+01 7.239224600416005728e+01 6.014811947493486599e+01 5.041781624854711197e+01 2.964751132576082426e+01
4.598823041778624977e-03 1.445911482415757554e+01 3.546204375623866412e+01 3.550397755359689000e+01 4.132167753946425393e+01 4.796117437633169089e+01 5.606885388226991296e+01 6.289369048983793675e+01 6.499177414870612779e+01 5.870520170028001417e+01 3.637127122670212032e+01 3.210241708541349936e+01 2.263811390131830947e+01 7.329255112757333990e+00 1.103544793090786413e+01 1.491786801241873306e+01 3.527211601916174999e+01 4.950404363098625282e+01 4.493725293139215893e+01 5.150933870905799949e+01 4.271523355492973195e+01 5.476608047591088990e+01 7.548348097283276559e+01 8.399831108058609175e+01 7.556419866680491282e+01 8.305091742843376323e+01 6.264041068015379210e+01 6.256968264057300644e+01 5.514949388474800429e+01 4.362745453825976938e+01 2.347380129114875658e+01 3.765772399132329440e+01 5.804258619502785166e+01 6.556207026336178956e+01 4.276619272689252682e+01 4.123537645748471903e+01 2.807542814748356008e+01
7.340434288523949372e-03 2.000632581998498338e+01 2.802779991793886438e+01 1.575937487358900313e+01 2.155101159934323718e+01 2.826455330940374822e+01 3.854986127320926670e+01 5.332017071931871044e+01 7.147299738505088840e+01 6.046183780432460964e+01 3.925390133787893632e+01 1.441390306196671212e+01 7.758853299080467281e+00 1.529836586231535378e+01 1.348483513770764475e+01 3.270550179402175672e+01 2.033915496705081338e+01 4.090848677257796595e+01 4.714365025607271775e+01 6.791410917683998605e+01 6.352230077023048693e+01 7.204005050494220086e+01 8.395692421782497661e+01 7.229111936352289547e+01 5.532141568678086685e+01 6.736841013632044906e+01 6.920289490226568319e+01 4.933326903114445372e+01 3.525431523362998831e+01 4.132774937567433682e+01 2.251580005401955731e+01 3.671260749019585745e+01 5.715245115360415440e+01 5.276509772948806898e+01 4.424440124879691183e+01 2.587794759051460147e+01 4.038647595536490087e+01
3.515918393995972821e-03 2.000327877448344793e+01 8.165043987977266937e+00 2.802046270980256892e+01 4.132236382365648097e+01 4.796173720313110778e+01 5.606888366396609769e+01 6.586998254752860760e+01 6.481705908964768525e+01 4.236469955792689746e+01 2.884251850429482644e+01 2.962761810616948210e+01 8.063063803321238510e+00 2.336159668195940853e+01 2.087812933256064341e+01 3.797812985673200359e+01 4.090848657976343361e+01 2.621109819096057691e+01 4.714365025607271775e+01 6.180843312862244687e+01 7.020750250852169927e+01 7.932465487438651053e+01 7.822562088303966732e+01 5.794352753683379120e+01 4.374775507862882051e+01 4.721233120315604737e+01 6.060065285062245977e+01 4.809337424770330927e+01 4.000334187831013821e+01 2.110214881812867205e+01 3.900714356883387524e+01 4.969243499143442477e+01 4.340402372648035367e+01 4.203327014618137980e+01 2.372273534390510719e+01 4.155318445698874541e+01 5.470617618035628027e+01
4.608085242692564441e-03 3.321813528406441396e+00 2.325337577542365963e+01 1.486943446826036741e+01 3.466335212243080832e+01 4.838996392342797037e+01 5.577949230172664130e+01 6.381066213240531226e+01 7.295292544808992830e+01 5.980606208769493293e+01 4.412106284141158596e+01 2.981659124880827250e+01 8.367424714760796078e+00 2.668172921065871250e+01 2.961827715693310381e+01 4.301911767129593045e+01 5.563329402407195090e+01 4.714365025607271775e+01 3.346992770905418979e+01 4.097179354047487720e+01 5.048089966979834031e+01 6.505797009821387178e+01 8.525854481977999910e+01 6.736978474917215465e+01 4.721234290479468854e+01 3.302165882158783461e+01 4.532532236820785698e+01 3.817254613763891058e+01 1.939134363198881061e+01 3.983525075254009806e+01 3.825959794604653297e+01 1.987851912323561976e+01 2.250796330360437736e+01 2.159897143233473571e+01 4.205448238443673858e+01 5.258911411760828969e+01 6.519141324548908756e+01
1.610643649003322799e-03 1.999365850172331349e+01 3.148833813103239621e+01 2.884644792695963744e+01 2.247906905681368173e+01 2.887349192944101972e+01 3.653165537225282122e+01 5.165552807477668296e+01 6.856679689017983037e+01 5.672267703481487189e+01 3.643928611728198064e+01 1.561327978381266668e+01 8.672000597506141162e+00 1.067921665386687913e+01 3.155503551957804831e+01 4.020467143536760801e+01 5.748136147375149108e+01 6.286249510517149020e+01 4.839528483361810629e+01 4.785150304044714886e+01 6.768512022188258470e+01 7.932465487438651053e+01 8.140281426445528723e+01 6.970635721360247317e+01 6.085403078566649526e+01 4.537567697638846198e+01 2.498598302351306444e+01 3.244463715494297418e+01 1.801428946351114746e+01 3.373539691706167787e+01 1.880252945477508675e+01 1.915015719211590906e+01 1.949795389725583306e+01 3.544547137086742339e+01 4.632454804547154481e+01 4.596042984252495245e+01 4.353556010035669743e+01
2.022278438842990342e-03 2.000202227843848846e+01 3.826560258508322221e+01 4.870532198671968871e+01 3.380547040681290838e+01 4.838996392342797037e+01 5.577949230172664130e+01 6.381066213240531226e+01 6.309594519346514119e+01 4.004177526272724208e+01 2.616640932853770352e+01 2.986398895373005757e+01 8.977768076912530759e+00 2.912598783263895186e+01 1.960798166335479564e+01 4.257202014796980194e+01 5.327276330602207111e+01 7.113812454749691483e+01 6.875871021383964887e+01 6.762988881236722705e+01 7.078192270360376881e+01 8.409180141864540303e+01 7.343007761144467338e+01 5.279596701782168111e+01 3.936683220475217126e+01 4.380142362402736467e+01 3.259799893656668246e+01 1.770515783854711245e+01 1.848242796648745312e+01 1.835362206580101585e+01 2.797909164417143657e+01 3.945839852566522410e+01 3.989992457289321237e+01 1.999595456481058164e+01 4.040627424856233318e+01 2.099241636544166312e+01 2.134646853538942679e+01
6.642187732006160465e-03 1.000664351075999647e+01 2.414904623041720555e+01 4.415737921315271564e+01 5.355743549764354583e+01 6.170097791043868085e+01 5.921076242570190118e+01 6.749328528828971230e+01 6.961418747917127803e+01 4.776082015984632534e+01 4.775909373713262340e+01 3.018473336102843518e+01 9.284529454228886536e+00 2.873771031564525558e+01 4.218490226361507212e+01 3.301281871758931885e+01 4.802514346117899890e+01 6.688673691427612766e+01 7.280842514495871853e+01 6.504789867537542136e+01 7.229758946922777341e+01 5.815800163712914639e+01 6.664501117219403170e+01 6.317843831507730812e+01 4.160763087682854433e+01 2.469840225412004031e+01 1.727301966934100719e+01 2.492253115067903124e+01 3.690902109725465152e+01 4.120655762128416200e+01 4.518194885607248068e+01 5.233156498314698979e+01 3.545724234939779507e+01 2.007823358704935401e+01 2.049305104279809342e+01 3.163562204864145500e+01 3.881911144344667974e+01
1.591255364720534126e-03 2.000159125536436378e+01 2.884267230920992731e+01 3.369337499361752464e+01 3.903858359148455293e+01 4.506857462421386629e+01 3.921098135658436235e+01 5.921076242570190118e+01 6.166124163131289748e+01 5.119775006389047434e+01 4.251961508623260499e+01 3.041637440101851553e+01 9.594180062690996991e+00 2.573328136020277768e+01 4.570408128269961168e+01 5.320420697435341850e+01 6.110449946328343174e+01 6.242444649812198776e+01 5.038194998064918906e+01 4.283380037601300216e+01 5.617853008754090638e+01 3.602492473252355865e+01 4.306993344290400927e+01 4.472444723443168613e+01 5.285134001356637157e+01 4.599909709282294301e+01 1.772519544430666727e+01 1.684347933378979434e+01 3.313276797814057772e+01 4.709344437492462987e+01 6.442871463625415629e+01 6.276934816542924978e+01 5.104906740156651068e+01 3.291453101893953459e+01 2.443285982226472797e+01 4.318315320762332732e+01 4.567232358815284243e+01
6.189296070378335485e-03 4.370547100790207473e+00 8.842683055789747115e+00 1.369339555651636431e+01 1.903862039476475942e+01 2.506884728631992587e+01 3.661585257378182945e+01 5.661569740863688338e+01 5.297351534571244969e+01 3.206605547683238200e+01 2.192491848903912199e+01 1.369972288201627464e+01 9.910151691004525532e+00 1.236942361168222959e+01 4.339133251652761203e+01 5.703365901466587928e+01 4.959461737764819134e+01 4.117736186222388994e+01 4.941782521729874134e+01 2.665245435972070709e+01 3.695697219770074327e+01 2.267938786445551713e+01 3.685398820060395053e+01 2.007277044852230219e+01 3.857290666869072027e+01 4.643556104712328647e+01 3.821320525465257134e+01 2.626392082696508012e+01 1.641497891528361919e+01 3.001689759952535042e+01 5.492056835522271996e+01 6.746249785892126738e+01 5.464535745279778212e+01 4.936137788706578533e+01 2.853732292863312026e+01 4.934851446543830633e+01 5.930519820703427314e+01
2.247884206357958405e-03 2.000224788420600319e+01 2.884267230920992731e+01 3.369337499361752464e+01 3.903858359148455293e+01 4.506878160948255641e+01 5.335213332243700535e+01 6.489845907739581321e+01 6.166124694230963854e+01 5.119776499572552808e+01 3.225381061295209406e+01 1.017609407618100903e+01 1.023690534548488529e+01 3.091113596050166024e+01 3.907641761077907461e+01 4.383065816460209874e+01 2.642825432517793516e+01 2.487910991883983414e+01 3.351241204637855731e+01 3.345572227872585103e+01 1.350212026484884653e+01 1.381534102444041956e+01 1.413065050433610459e+01 2.086674958918740330e+01 2.792399455003403830e+01 3.365348285513522342e+01 3.467746385319479430e+01 1.598309677591371525e+01 1.666876343744166533e+01 2.567466318885117005e+01 3.608320384785345425e+01 5.908573622616301435e+01 7.537454316746753591e+01 5.798791024283179496e+01 4.939820269232777861e+01 3.530347067960686758e+01 5.636050088188951435e+01
