LEM/sinusoidal_perturbations/elevation_000154.asc
nrows	100
cellsize	150.0
xllcorner	0
ncols	100
yllcorner	0
NODATA_value	-9999
[rows 17 to 33 of 100, columns 0 to 36 of 100]
5.222468517465790779e-03 2.000522246851711117e+01 2.575125604928058465e+01 2.876674273106630864e+01 2.611108883813811588e+01 2.689654244399617156e+01 3.906401034175973308e+01 2.538798317746697109e+01 3.171253941155279321e+01 4.325964719946539105e+01 6.325814969030213319e+01 6.980223404121016983e+01 5.052716934206163302e+01 3.979793486322900264e+01 5.926775957419223317e+01 6.369941302471121958e+01 5.009760029994541242e+01 5.499603390668762160e+01 3.915579806973210708e+01 3.678890957353267765e+01 5.606501465055909250e+01 3.992617798618331193e+01 2.020433347760821263e+01 3.743889825890888545e+01 4.552972916904854372e+01 4.445348286970170903e+01 3.870429649315156695e+01 5.833324659258054368e+01 7.263308044524197271e+01 5.205010982564855482e+01 3.717195376049858169e+01 3.139213817816636976e+01 4.516242157642422939e+01 3.886303174110238956e+01 1.589392461144784718e+01 1.430458216984608733e+01 1.466801279115766299e+01
7.333276091007126865e-03 2.864476133233869959e+00 5.751227479182010605e+00 8.766340924959672876e+00 1.196890400106144270e+01 1.534952101997566132e+01 1.906342778352473388e+01 3.906401034175973308e+01 5.169860179363843855e+01 4.585705314553599266e+01 6.592204594426164022e+01 7.785904234236927834e+01 5.926775957419223317e+01 5.115965091438027912e+01 5.033415839364985800e+01 6.952610292873512776e+01 7.108119385201800355e+01 5.851979317760483212e+01 5.851979317760483212e+01 4.254881418861658204e+01 6.147803529098793973e+01 4.319013018381508573e+01 2.375695363960275586e+01 2.341608161732552773e+01 4.285466653058330877e+01 5.391694666022469562e+01 5.833324659258034472e+01 6.641415769360645527e+01 7.113759766415228114e+01 5.049083904911352505e+01 5.807944095950704622e+01 3.907108371416446602e+01 5.982174293330737669e+01 5.070909025442639262e+01 3.681972653701076581e+01 2.446124289362551352e+01 2.510980624990472165e+01
6.343274376862209282e-03 2.000634327437650839e+01 1.989267779575421713e+01 2.031298497951560833e+01 3.195181966016576425e+01 2.949172200343600991e+01 3.320565299229895828e+01 3.320565299229895828e+01 5.320733610805594083e+01 6.592391597505140055e+01 7.437324686530942586e+01 8.659371232910427807e+01 7.838677110626522904e+01 7.034364198013987846e+01 5.999377070639961573e+01 7.755709833149342103e+01 8.542343865305227268e+01 7.005205824795149283e+01 5.162625224780936151e+01 6.147803529098793973e+01 6.035726102325504883e+01 4.086715866508075123e+01 2.720837913930433061e+01 4.285466653058645647e+01 2.649090607388561835e+01 4.581954428282197966e+01 5.696900996036694664e+01 6.675573559288048386e+01 7.939982653278211444e+01 6.526069298880162250e+01 6.831763208329513759e+01 5.134903297896957497e+01 6.831763208329513759e+01 5.806676923532270251e+01 4.039087718200367760e+01 3.959706584571286214e+01 2.128943019897488043e+01
3.497053469895897767e-03 2.000349705346954110e+01 3.986878458408637016e+01 4.029405030361849782e+01 4.845924234115690155e+01 4.949303291251273151e+01 5.320733610805594083e+01 5.320733610805594793e+01 6.149574493483891757e+01 7.723943563272669621e+01 6.896428206387342641e+01 7.155848506618109184e+01 7.983250867303621590e+01 8.715800727762014333e+01 7.905659157397273873e+01 8.715800727762014333e+01 8.179671657949343455e+01 6.327487855852881893e+01 6.496889102832645335e+01 7.658863580510531222e+01 6.385887500637745973e+01 5.014526323713350564e+01 3.068380381427813219e+01 5.014526323713350564e+01 4.581954428282735137e+01 2.950043606291896126e+01 3.907469537005033544e+01 5.293530403460956535e+01 7.244347856904623484e+01 8.532570063615743550e+01 8.002423379524935854e+01 7.178741275742839889e+01 6.609468116152349637e+01 5.797917397289598540e+01 4.655334402238253944e+01 2.768394602366208801e+01 4.073047279344733340e+01
9.635555453094322986e-03 2.000963555545273920e+01 3.374657952610346001e+01 4.203085077356566046e+01 5.357785615735837581e+01 6.279577941160830079e+01 5.451076670518630607e+01 6.279577941160830079e+01 6.781907328797906587e+01 5.953795905530943600e+01 4.896679815985658024e+01 5.156185076198160289e+01 7.155848506618109184e+01 7.445691923631507336e+01 8.275697268231733972e+01 8.548943161690445436e+01 8.969034000600167644e+01 7.639987796283767807e+01 8.319577538860261257e+01 6.857992196242962279e+01 4.787175825802738416e+01 3.605930140617239488e+01 5.014526323713350564e+01 5.825228128921123982e+01 5.110659784730653143e+01 3.166699373608984303e+01 5.110659784730653143e+01 6.040289207633536250e+01 6.660294177126660031e+01 7.470067976685268718e+01 8.738110477429819412e+01 6.764217015652072007e+01 5.797915261596453007e+01 3.918979610114811152e+01 3.412452052770091626e+01 4.655334402238253944e+01 5.111236298183305848e+01
8.845047570523793118e-03 6.675511714237218897e+00 1.374657952610275657e+01 2.529358490989547548e+01 4.529358490989618247e+01 5.279547035866962545e+01 3.451063403043160349e+01 5.279547035866962545e+01 5.627366982326253719e+01 3.953872592486234083e+01 3.741981390059928003e+01 5.741574888298708856e+01 6.440962137467214177e+01 5.445254917409361894e+01 7.120017994069209522e+01 6.548215712412304867e+01 7.963455413771620783e+01 9.514564866218913153e+01 7.602708775171888078e+01 5.640433965495095947e+01 4.277128947650751911e+01 5.001456988511948509e+01 6.385887500637745973e+01 7.038836690466253287e+01 5.098450895834289298e+01 3.738311153089940575e+01 3.511635716696978449e+01 4.070021958514284677e+01 4.699668301630500622e+01 6.092733617260043388e+01 8.030506315955507546e+01 6.764219515935242555e+01 4.831614416389495403e+01 5.797917345300653125e+01 4.469773160686748525e+01 6.080222198356256769e+01 4.305505226908613281e+01
8.023991185656003874e-03 2.000802399118530062e+01 3.374657952610346001e+01 4.203085077356566046e+01 4.937540701155096912e+01 4.451070036780898675e+01 2.451063406251729759e+01 4.451070036780898675e+01 4.068866659781613038e+01 2.799172398719520061e+01 4.799139642385977567e+01 5.854397358431365461e+01 4.439866429204536047e+01 4.290549935200481713e+01 5.869108888925733680e+01 5.133980517950298150e+01 7.134142540916876385e+01 8.485315545098131906e+01 7.837582265377493229e+01 5.891458079002310910e+01 4.884095103779687719e+01 6.837574815682654616e+01 7.770318012763561910e+01 7.620549864961985520e+01 5.684453412017361273e+01 4.428460447025636171e+01 3.791657657847915885e+01 5.762015017178240583e+01 6.660294177126660031e+01 6.092733617408579505e+01 8.030506579640594111e+01 7.581834962575771897e+01 5.931578704365951893e+01 7.193967462430087778e+01 6.379205351547203406e+01 5.879348058832768231e+01 3.876514989927129307e+01
4.598823041778624977e-03 2.000459882304142312e+01 3.731287982536687053e+01 3.891932686604285863e+01 2.937521037631298171e+01 2.937521037746420305e+01 1.784396739622030381e+01 3.382885244090409316e+01 2.068875655823471149e+01 3.932407552312204047e+01 4.224142347967413258e+01 4.525659780163328350e+01 3.025638267927050151e+01 3.442667096039539132e+01 3.869068528740721291e+01 4.501524060088774348e+01 5.656225233982394229e+01 7.656363389191265867e+01 8.654864232466674423e+01 7.482694443107025961e+01 5.547335560833901269e+01 7.482694443107025961e+01 8.764644593090895341e+01 6.834850319015632181e+01 5.475487060235216319e+01 6.059832244794191780e+01 4.084306524679298178e+01 6.059838949013630582e+01 7.972177487313351207e+01 8.030506579640594111e+01 8.847402443863724386e+01 8.720484156066916626e+01 7.901631849555298004e+01 8.157908360968959016e+01 7.333325864768961821e+01 5.846533204874965151e+01 4.691675221923328110e+01
7.340434288523949372e-03 2.000734043428816733e+01 1.731289325319630024e+01 1.891933195423835201e+01 2.641020487066467481e+01 9.375187006219285024e+00 1.151941207589485749e+01 1.382881315265334088e+01 1.655046842241237925e+01 1.932396940353847725e+01 2.224126923349631824e+01 2.525638267927390146e+01 3.281567213795660365e+01 5.281603016875248358e+01 5.869108888925733680e+01 5.283284599999339548e+01 5.656225233982394229e+01 6.810932747012455479e+01 8.811243123545312983e+01 8.296951777114793458e+01 6.516325781227322977e+01 8.296951777114793458e+01 8.978927717837453315e+01 7.045162903054603021e+01 7.400073975597325671e+01 6.368049296493048672e+01 4.394546846972319543e+01 5.216658490430147310e+01 6.347199900302328501e+01 8.275963819529282262e+01 9.179429496025230151e+01 8.354653434912940213e+01 8.741512177983594256e+01 6.750033733557249604e+01 5.342036797496466249e+01 5.020669938572408597e+01 3.006102566679647481e+01
3.515918393995972821e-03 1.584654748478184105e+00 3.170757919914469536e+00 4.777196577719460713e+00 6.410189739574906120e+00 2.641020487329561206e+01 3.151944230056217222e+01 2.797094987531660948e+01 3.655053787953529110e+01 3.087097504278531446e+01 4.224142285501746841e+01 3.680338877467936953e+01 5.281602653009518633e+01 4.695782713836151601e+01 6.695898337585751392e+01 6.437995025778110403e+01 7.656363389191265867e+01 8.485315545098131906e+01 9.640468802595958664e+01 9.270808471641045401e+01 8.449063104986731787e+01 9.270808471641045401e+01 9.795711488369747144e+01 8.268331685064865155e+01 6.339840963825233899e+01 5.464329828266730260e+01 4.791553239883469928e+01 6.752652504987608495e+01 7.972177487313351207e+01 9.093246191042788951e+01 8.354653442594631940e+01 6.364214742276902825e+01 6.947200728614646437e+01 6.702399576416094362e+01 5.877797805757352734e+01 4.074798493866633464e+01 3.245786030426086199e+01
4.608085242692564441e-03 2.000460808524233869e+01 2.316650655726678210e+01 1.891971457738885931e+01 2.640027491909728496e+01 1.022404009655724266e+01 3.022407555270008572e+01 4.250860692993141043e+01 5.625608088905078574e+01 5.087122770924435144e+01 5.915705151993282840e+01 5.680389291052728140e+01 6.509089408229134222e+01 6.695898337585751392e+01 7.524814262599738868e+01 8.438277399128517686e+01 9.267428414389989655e+01 9.732867492041387436e+01 8.906713869258837235e+01 9.732867492041367541e+01 9.486755548243274916e+01 1.031197397913394695e+02 9.864644489417712236e+01 7.909602114312487231e+01 8.217646514939384872e+01 7.149225061436513329e+01 5.206424242854709661e+01 6.582120704132907463e+01 8.485286678217507017e+01 9.829422661610726664e+01 7.836743298931887125e+01 6.947200736475897997e+01 4.958705913103096208e+01 5.877797807585580614e+01 3.877324796419212305e+01 3.609571228885062055e+01 5.257785357916272773e+01
1.610643649003322799e-03 2.000161064364864671e+01 3.644898167144531698e+01 3.893798726385870168e+01 3.022226610806934488e+01 3.022407555270008572e+01 1.422404009655720891e+01 3.422408441673641022e+01 4.169969580407768461e+01 4.503304256125388605e+01 4.950520171322998664e+01 5.421927891358600959e+01 5.976633296895473535e+01 6.579664092793049690e+01 7.286785556557514099e+01 8.115304865681876834e+01 9.270095444281379571e+01 8.731295076794590670e+01 6.899992905359832207e+01 8.731295076794557986e+01 7.482903088838058636e+01 8.533311634587849426e+01 9.360145805311165645e+01 9.864644489417712236e+01 8.726680228625687619e+01 6.794700102760543814e+01 5.740777357195400299e+01 6.784866038123709586e+01 8.690712364601006357e+01 9.245852064145134364e+01 7.253071337521755879e+01 5.847665660400949150e+01 6.265152638916236327e+01 4.271121604829090046e+01 5.877797808483281017e+01 4.772805839022215224e+01 6.440099536413859482e+01
2.022278438842990342e-03 8.166988099850753358e+00 1.971400175173012670e+01 3.971640145795893773e+01 5.020969183216424625e+01 4.250860695906884956e+01 2.577104585508646295e+01 1.853735102469482143e+01 2.169962868486325647e+01 2.503296201819664901e+01 2.950509797319729444e+01 3.421914318113415021e+01 3.976614514455222604e+01 4.579637205771394548e+01 5.286744027955878522e+01 6.441447766939252517e+01 8.441538451955051414e+01 7.903353387309327616e+01 5.893910848125214841e+01 7.714523530912931903e+01 6.321531623215082618e+01 6.525790407209686350e+01 8.203025059469213431e+01 9.205427825574859924e+01 9.546824308284332972e+01 8.192205058050149091e+01 6.280671337536428922e+01 8.170264827271836339e+01 9.485633677530626073e+01 9.245852064145134364e+01 7.253071337521755879e+01 7.836743298931887125e+01 6.023693773036331578e+01 4.616680038601398195e+01 6.606384064150216773e+01 6.765749245129848077e+01 7.590362079931101391e+01
6.642187732006160465e-03 2.000664218773165004e+01 3.645853483714625298e+01 4.801235314075425720e+01 5.300122626969771744e+01 5.405581601997297270e+01 4.577114983108992163e+01 3.267949097349941212e+01 3.584176987931996905e+01 4.503304256125388605e+01 3.287760743461003443e+01 5.287773993945879880e+01 5.054911711862509804e+01 6.579664092793049690e+01 7.286785556557514099e+01 8.115304865681876834e+01 8.914402023279117770e+01 7.192908164378430058e+01 5.183439606646569331e+01 5.705948499432378895e+01 5.316202791361440205e+01 5.364840437099702086e+01 6.370204652001008583e+01 7.791890319054513725e+01 9.794130106081929910e+01 9.006088721895352478e+01 7.375154391225048300e+01 7.375154690235756050e+01 9.308389317976173061e+01 1.007032134249429589e+02 9.245852064145134364e+01 8.837913376947729205e+01 6.969147978585061765e+01 4.982208188736632337e+01 6.386203076273896073e+01 8.376385160267167862e+01 8.123052213929283027e+01
1.591255364720534126e-03 2.000159125536436378e+01 3.846055653279601927e+01 4.673389392977482970e+01 3.300052201861401358e+01 4.552510757887979764e+01 5.381024157446457679e+01 5.267966913283471087e+01 5.584198001900460184e+01 5.890802401301412061e+01 3.890783436177574828e+01 5.890802401301412061e+01 7.054962617461944774e+01 7.883478965831358209e+01 8.438538059914905887e+01 7.613910147479998614e+01 6.919722801351404939e+01 7.746491226163180954e+01 6.294246134493869249e+01 4.286039151256499480e+01 4.418561207201373264e+01 5.838762539121552919e+01 7.847182546560853211e+01 8.243416192301745582e+01 9.070754829651014006e+01 1.012746954495521550e+02 9.307185829942099531e+01 8.476491890009441477e+01 1.013189100688940982e+02 1.062602522174016713e+02 9.629110476820841313e+01 8.803837956739502602e+01 7.358703207628626330e+01 5.372424713010553887e+01 6.517039983201824782e+01 8.508182997808457060e+01 8.701979639354217966e+01
6.189296070378335485e-03 2.000616913432714838e+01 1.846077804603477901e+01 3.069340927013663389e+01 1.885838324554551448e+01 2.552504991223680619e+01 3.446932182431088876e+01 4.601632758306200088e+01 6.601656755940724963e+01 6.719288854630420360e+01 5.045484715998016156e+01 5.304999841651189030e+01 7.305054885681856547e+01 9.023968885525628991e+01 7.029844694438793340e+01 5.612651087729218347e+01 5.502136210961216278e+01 6.917261338490574474e+01 4.908546444339452819e+01 3.750871250376345500e+01 5.757530495620314781e+01 7.256963518679380343e+01 7.715955411343448134e+01 6.235063248323152152e+01 7.753777091671986454e+01 8.581976617140506391e+01 9.478289637286125924e+01 1.044266026933263589e+02 1.127006845725946107e+02 9.801351397328113535e+01 7.806324516150894510e+01 6.810225414445021386e+01 6.149180984546969597e+01 6.072458934868247127e+01 8.061818614996312249e+01 9.330068808138992154e+01 8.564225438110699429e+01
2.247884206357958405e-03 3.432219587056527743e+00 6.913772706170470350e+00 1.069341743626270969e+01 1.646692012815886486e+01 3.646694705378319412e+01 5.381024157446457679e+01 6.275487290161098741e+01 7.430276097870209639e+01 7.874042896158532301e+01 7.045527833694109177e+01 7.305054885681856547e+01 8.133577867609656664e+01 8.086995735509817962e+01 7.500565466001008019e+01 6.348202784108100616e+01 4.343862035493589246e+01 5.451834435861951533e+01 5.427637691138452425e+01 3.422445944514594629e+01 4.839501453131476438e+01 6.847524173458050711e+01 5.707455116245743199e+01 5.074466761108378421e+01 5.744125055059797802e+01 6.643898997161606701e+01 8.065609916144597946e+01 1.006660337732833881e+02 1.109115818395383144e+02 1.062602522174016713e+02 9.629110476820841313e+01 8.803837956739502602e+01 7.296469564389003892e+01 7.478114929837583702e+01 7.478133218805055549e+01 9.472626960946966790e+01 9.381882966958823999e+01
