LEM/sinusoidal_perturbations/elevation_000554.asc
nrows	100
cellsize	150.0
xllcorner	0
ncols	100
yllcorner	0
NODATA_value	-9999
[rows 51 to 67 of 100, columns 37 to 73 of 100]
6.684397995723023200e+01 5.214417242070804548e+01 5.746000053054283541e+01 6.471493038899843953e+01 7.446301431619254174e+01 9.434223879420574121e+01 1.060383823632065656e+02 8.578686726202391810e+01 7.156936362460469070e+01 9.041866543830289515e+01 9.875970487857991031e+01 1.017260230089885340e+02 8.148852271863000851e+01 6.735334827627549714e+01 8.053453393306169517e+01 8.887579541734767474e+01 8.029897734804814036e+01 6.044169916120345931e+01 6.918488125278352641e+01 8.335946230134675261e+01 1.036091891119732793e+02 9.697064365736626712e+01 1.138230272513035573e+02 1.239015681971859806e+02 1.188971492265884677e+02 1.106376785657909920e+02 9.256739001641163611e+01 9.815163720345178433e+01 1.122342140972557161e+02 1.092725387965028716e+02 1.175333450784676614e+02 1.265295502770097613e+02 1.182734265345793716e+02 1.177805883339905506e+02 1.119147363731509870e+02 1.056530810099912543e+02 8.553444075820570447e+01
4.744556977485484595e+01 6.678650139437718281e+01 7.694576325940275296e+01 7.116498073793717083e+01 9.095511495313041905e+01 1.026191653732268776e+02 1.014815701972871267e+02 8.613006184919828456e+01 6.614016142275761467e+01 7.034786301894666849e+01 7.883078225863573607e+01 9.894930910383266109e+01 9.478461767541698180e+01 7.463195598188188740e+01 6.066535532280008169e+01 7.467543281008559575e+01 7.402589240932111636e+01 5.788265989672918010e+01 7.766881659872015575e+01 8.929046996645008960e+01 1.095046173614516647e+02 1.171864996658796514e+02 1.254494519680347366e+02 1.247024901473689624e+02 1.048118426809891304e+02 9.074005944182287919e+01 8.259413838789453166e+01 8.406217245003321636e+01 9.519563142746946482e+01 8.936478547894618885e+01 1.092725387965028716e+02 1.231655808166291450e+02 1.314429963497209428e+02 1.277732589277995032e+02 1.177367009065460053e+02 1.094520416840969830e+02 9.561662160732316806e+01
6.110634991284906192e+01 5.965631805942385313e+01 7.921351893360339602e+01 9.095511495313041905e+01 9.922429123084449998e+01 1.017055143466093909e+02 8.040685831491983038e+01 8.339382824930930838e+01 7.846213194617084241e+01 5.908398378206509705e+01 7.883078225863573607e+01 9.536391764443484931e+01 8.703321503052426067e+01 8.887579537418129405e+01 7.467543281008559575e+01 5.495869636316758999e+01 5.432446425339922769e+01 5.949267273935807765e+01 7.932667655605121126e+01 9.623093173670261535e+01 1.052640855627454641e+02 1.169190949941069988e+02 1.132083072744215855e+02 1.049490362470869371e+02 1.049490362470869371e+02 1.106376785657909920e+02 9.402043479402621529e+01 7.414897592442814300e+01 7.531335027283041939e+01 9.519563142746862638e+01 1.091035353135942785e+02 1.032788453515296538e+02 1.231655808166291450e+02 1.195184973867971649e+02 9.938558598139702838e+01 8.929785674936437090e+01 8.260305039396398286e+01
8.062232638036286403e+01 7.921459716345654556e+01 7.921469838965956001e+01 9.905136286874041218e+01 9.824302364747218519e+01 9.760157312853672806e+01 8.388286693150077156e+01 6.399108728583767913e+01 7.219177785957276683e+01 5.509495060390652554e+01 7.471171611351748254e+01 8.703321503052426067e+01 6.704477875671872766e+01 7.289925619600123241e+01 6.809706794751015480e+01 5.116129236754110821e+01 6.496651913283338331e+01 7.932667655605121126e+01 6.781654147121430753e+01 7.669874501778552656e+01 8.837026893994598709e+01 1.086260956924620444e+02 1.049490362470869371e+02 8.506831463428652285e+01 8.506831463428652285e+01 9.318071572699732030e+01 8.494165290887205799e+01 6.945159058650030204e+01 8.920089810325515600e+01 8.254877089252002520e+01 8.920215343275103237e+01 1.007014051628872409e+02 1.205810585453633479e+02 1.277732589277995032e+02 1.177367009065460053e+02 1.094520416840969830e+02 9.080885893338795256e+01
8.037673876745432722e+01 7.211302123692655641e+01 8.045457928352514898e+01 9.245050495911887367e+01 7.843527278175157846e+01 8.911391440967854294e+01 6.687117835271718036e+01 6.352715056881413602e+01 5.281623225982336578e+01 5.125313630373530316e+01 7.078839562077878611e+01 7.517099786804260475e+01 7.289925619600123241e+01 5.319304006088776049e+01 4.847335178596576810e+01 6.227201477136889451e+01 7.910578301099108955e+01 9.324504700156640524e+01 8.788307535263891168e+01 8.417205487654312890e+01 1.043952228962851621e+02 1.052728070474688309e+02 9.702192571817050748e+01 9.089124317979390355e+01 7.114518659327319483e+01 8.101821488653359893e+01 6.532446278771318759e+01 8.494165290886917319e+01 8.920089810325958979e+01 1.024697413533131680e+02 9.664302914323486959e+01 1.165366689949293288e+02 1.288542865475428130e+02 1.317019306873799849e+02 1.236239648517514524e+02 1.192413559623705339e+02 1.024599674201189003e+02
7.048072813014863414e+01 5.245472986243471070e+01 7.053381438659404523e+01 8.255804301017805358e+01 6.447039725221540607e+01 8.255804301017805358e+01 7.343021917069282267e+01 5.044931965950295449e+01 4.596661636628784464e+01 6.547161297442414707e+01 6.939113185383602911e+01 5.538991179533522313e+01 6.292782147047212504e+01 4.582523213941777129e+01 5.964071298373038132e+01 7.637867990168589927e+01 9.048534489900386291e+01 9.550435505018832316e+01 8.726416435377771563e+01 9.550435505024330496e+01 1.127036638687765162e+02 9.382073486175715971e+01 7.722107369495536489e+01 8.568534044718045095e+01 7.747836012372943060e+01 6.146872797699845847e+01 8.101821488653359893e+01 8.129746403631401108e+01 1.011564339180882826e+02 1.173668372303682474e+02 1.165366689949293288e+02 1.248046422973266800e+02 1.254813586890232102e+02 1.173915057038385044e+02 1.040062459580222338e+02 1.203952147433937228e+02 1.225738550829531306e+02
6.227212494754277827e+01 4.289214519341128096e+01 6.227868978843848424e+01 7.435361297124141799e+01 5.454392052099725419e+01 7.435361297124141799e+01 7.612902380006069336e+01 5.949348363808106654e+01 4.270380903883640400e+01 6.237844468501559447e+01 5.871962376781414150e+01 4.148896939702037656e+01 4.327208965239434235e+01 5.712880737567307676e+01 7.371801119991656037e+01 8.779530941611614026e+01 8.837174909777617415e+01 8.565894341798997402e+01 6.765732573547894901e+01 8.565894341798997402e+01 9.962061217689732473e+01 8.558989847238315463e+01 6.591988285554785421e+01 7.423340966103934591e+01 5.787391730591927086e+01 6.440277421985268802e+01 7.820964380279856698e+01 9.803430651227411374e+01 1.094135394248081354e+02 1.173459487240617989e+02 1.091335748294368955e+02 1.173459487240617989e+02 1.173915057038385044e+02 9.770499356598088525e+01 9.256072466442036273e+01 1.034710394732481404e+02 1.231160540266834715e+02
4.741624216185440588e+01 3.612716901116445456e+01 5.581242551498039006e+01 6.775038215449337997e+01 4.769651516107003886e+01 6.775038215449337997e+01 7.636801709783007652e+01 5.950908449595841887e+01 3.976632546510515454e+01 5.634477883455884495e+01 3.898771351315625822e+01 5.875018606181387071e+01 6.292653731633544822e+01 7.117919955294074441e+01 8.523580050474710390e+01 8.123740841883400776e+01 6.883344027394934983e+01 6.883344027396199749e+01 5.816950511704580862e+01 7.169727465908253805e+01 9.045568128882729297e+01 7.941626148242620786e+01 7.122098021979701343e+01 5.447958878587822795e+01 7.423340966103928906e+01 8.401615307566791557e+01 7.673264749596970091e+01 9.072295731928541329e+01 1.106153780471592682e+02 1.074401047308522124e+02 8.932799088016369637e+01 1.074401047308522124e+02 1.138590661781225890e+02 1.034710394732481404e+02 8.367328856169166329e+01 9.770499356598088525e+01 1.173915057038384617e+02
2.357226964461315077e+01 4.741638514412804284e+01 6.279375957896792215e+01 5.450963064150727888e+01 4.155401188942835233e+01 6.196132940102040010e+01 6.808450176465099446e+01 4.834728944569258857e+01 3.685862608770038662e+01 3.650372609915285693e+01 5.634477883455884495e+01 6.698983328876113319e+01 8.015982446139354067e+01 7.208960305995238116e+01 7.010098241043968414e+01 6.184182684943187525e+01 6.184182915102744005e+01 4.968611073664975919e+01 6.883344027389622966e+01 8.565894236635323011e+01 7.647516925907224561e+01 6.249465722931732614e+01 5.136027540747225117e+01 7.122098021980326621e+01 6.846434242290513339e+01 8.816117002958625903e+01 9.654931245626387692e+01 1.048014219866553418e+02 1.122738724165377846e+02 9.923078285480023908e+01 7.942392648557748203e+01 9.923078285480023908e+01 9.991941009608008528e+01 8.597975401403756734e+01 7.857705415018176609e+01 9.258133933190929099e+01 1.123084701268495280e+02
2.334380297965860152e+01 4.336998751023755716e+01 4.788556519221392449e+01 3.391429771444310859e+01 5.450963064150727888e+01 7.018680153172530822e+01 6.794023633679350382e+01 4.817168995161721767e+01 3.404551449855911471e+01 5.396480900117892077e+01 6.457947979450683818e+01 6.728323593382418721e+01 6.857463614930564688e+01 5.257637189816331613e+01 5.046538122607130816e+01 5.705863055156154928e+01 4.255430477171674397e+01 5.619319680909410408e+01 7.547878713114511129e+01 7.364997938057965143e+01 6.545243435728814063e+01 4.850727318389841258e+01 6.249449379534540583e+01 7.940082234956953755e+01 8.816117002958620219e+01 9.639617703847206087e+01 1.118755316877586807e+02 1.036503960995983675e+02 1.040621811153869061e+02 8.425845999987997459e+01 7.289136989153388413e+01 8.516856043122432141e+01 8.595324725372032049e+01 7.205172757244741888e+01 9.176608947550455753e+01 1.037658152494656179e+02 9.555692137700663125e+01
4.336917546326882444e+01 2.422909155059668151e+01 2.800658034441777744e+01 4.788479308531466927e+01 5.963792933079358249e+01 6.641756810825057755e+01 5.877018013162776100e+01 5.053374423524859083e+01 3.258279421662362552e+01 5.254200797006704704e+01 6.148150184581473354e+01 4.759926850037931700e+01 4.855074186735512853e+01 5.402261887396306150e+01 3.641866948747568955e+01 3.729350899641612926e+01 3.816609600054391649e+01 5.790330749305116598e+01 6.728112915368424751e+01 6.545243435721256731e+01 4.596421106742913310e+01 6.545243435728814063e+01 7.646865328314392229e+01 9.040404566612699000e+01 1.008925467708172476e+02 1.088544219598234548e+02 1.002180803205587551e+02 8.332072413688348433e+01 1.002180803206456972e+02 1.008359171458056522e+02 8.516855749528930630e+01 6.556462526624255815e+01 6.634347703567701160e+01 8.402799720642704528e+01 8.588863947502362350e+01 8.778153945753983578e+01 7.574767259339094494e+01
3.494540114869309377e+01 4.425591142446391046e+01 2.513111210473863721e+01 4.515338666537547851e+01 4.474095670623625409e+01 4.572330767600370649e+01 4.854486220982067124e+01 3.053220073978659599e+01 5.053312814570695366e+01 5.290502796516149431e+01 5.213833195671265486e+01 3.344076054159262412e+01 3.430977389408241862e+01 3.518186464107372302e+01 5.502673368678824062e+01 5.705851346754197095e+01 5.790330750522447545e+01 3.942035605890509942e+01 5.912153803898863202e+01 6.121517629061894894e+01 4.419506487005696016e+01 5.776494124203210134e+01 7.758444416468677218e+01 8.497715797523107994e+01 8.140025596721986290e+01 9.399572618036290805e+01 8.569094538478263701e+01 7.136654302443064068e+01 9.177268144167067021e+01 8.607039976376151458e+01 7.823926676497863753e+01 6.090220025009990934e+01 6.267214398872359027e+01 6.445374155508797287e+01 6.626534737432459110e+01 6.811149536863598541e+01 8.778153938694032377e+01
4.909222443763898269e+01 5.316708599712762151e+01 3.925573204913147407e+01 2.603581974521474152e+01 4.458286854555545631e+01 2.786429058631101796e+01 2.851624641945030803e+01 4.853687883671206293e+01 3.061641417531896181e+01 3.136645733082998433e+01 3.222025547773589693e+01 5.218323599397783852e+01 5.419479746507992246e+01 4.870416561628210417e+01 4.931408839282745049e+01 6.901943223642082614e+01 6.717156901621096665e+01 5.881309035619138825e+01 4.067553652655704610e+01 4.157000183089065359e+01 4.257734907287994730e+01 6.214309542323971414e+01 7.173444027234488374e+01 6.541837861021386402e+01 8.166429261666007733e+01 8.244022102217518011e+01 6.593683582086202932e+01 6.398790220704648846e+01 8.348838149420609511e+01 7.550335573199460271e+01 5.875357889230598829e+01 7.823933757227815988e+01 8.222680812708591702e+01 7.824317005746254949e+01 8.009067693177578917e+01 8.778153941546283079e+01 7.096881198942853075e+01
6.884297423955318607e+01 6.620324487172578642e+01 5.124820232617837235e+01 3.263764239382883403e+01 2.694474252054124364e+01 4.399742452871107901e+01 4.779020334344789234e+01 2.956123627287928812e+01 3.530284575853305284e+01 4.476259175222537579e+01 3.327631108540730054e+01 5.329100183271857105e+01 6.399077123510782883e+01 6.658877975159018092e+01 6.889908097794972264e+01 7.718171013027863125e+01 7.273016109632881410e+01 5.313976116434668029e+01 5.055253317875075680e+01 6.121517634408584740e+01 6.219732009049722166e+01 4.400267719009141132e+01 6.358917817565055230e+01 5.671334460252302989e+01 6.213630527651491064e+01 6.892816775224331138e+01 5.537268699482218182e+01 7.428590436307203504e+01 7.611930234913944560e+01 5.664905897426185533e+01 7.611955975432748289e+01 7.247531667413957734e+01 9.215493421751837388e+01 9.801522724007976706e+01 9.988615928105363651e+01 8.706764714670495664e+01 8.489799021205912766e+01
7.920945906139462522e+01 6.613435358961655197e+01 4.539651816025875775e+01 5.086902242510812755e+01 3.164936742551126514e+01 5.094806659254392400e+01 5.597247445064330407e+01 4.116922121552532587e+01 5.140902306752539630e+01 3.700404858468256464e+01 5.327223924303228841e+01 3.576024438928288873e+01 5.592897691876203226e+01 6.660684660156084647e+01 7.333480456323168539e+01 8.145369541068588148e+01 8.092918662193056889e+01 6.696802089712750217e+01 6.437078074639954650e+01 7.832245095087432674e+01 7.108858024060660341e+01 5.144126709907145312e+01 4.543876678643516698e+01 6.477305499668119637e+01 4.837181051643452889e+01 4.942515980434592393e+01 5.047955325151106365e+01 6.998482716000036419e+01 7.260118660332778973e+01 5.517362924344647723e+01 7.464101917021200450e+01 9.215493066029368663e+01 1.003612649351537414e+02 1.089154350319804081e+02 1.151669134041061824e+02 1.069048896617816951e+02 1.047340892682880309e+02
7.035883123714158671e+01 7.463854254807756661e+01 6.613435233818564996e+01 5.098361050225062741e+01 3.676492748955176637e+01 5.695938563588727988e+01 6.788989890364101143e+01 6.060203420671786034e+01 5.805028952508411066e+01 3.980618352000455928e+01 5.769580139139206665e+01 5.145310221648124127e+01 3.875714298718472151e+01 5.856327305569451624e+01 5.414730028150688668e+01 6.764272875612876135e+01 8.707677164435406780e+01 8.666442114677650466e+01 8.405003566453984831e+01 8.504545165243818872e+01 6.533800829375513786e+01 7.101093961717840841e+01 6.326272123491038712e+01 4.688214008615697281e+01 6.643110636865006313e+01 6.893096139108426712e+01 6.237304497412158355e+01 5.200692924957939312e+01 5.309562634245900625e+01 5.473341523023243838e+01 7.424197736912866219e+01 8.477175292454587918e+01 8.090812605599462870e+01 9.296272308675675333e+01 1.011722360242601866e+02 1.100352719097960943e+02 1.214640299421689349e+02
5.308757197626015767e+01 7.395065374098058442e+01 7.985130814500433871e+01 6.279530068269647103e+01 4.257999005381784485e+01 6.279530068269647103e+01 7.611484303267069151e+01 5.711297990827266347e+01 4.416566966054043775e+01 5.253541450374476085e+01 6.574920578465034282e+01 6.511445373025351557e+01 5.856384479684519562e+01 4.183843088428182710e+01 6.119956190585622124e+01 7.990128555632107066e+01 8.805254038218397739e+01 8.550275689169916404e+01 9.367556375479153985e+01 9.317820693164057388e+01 8.504545166857819538e+01 7.780906164679493031e+01 5.756982783027407180e+01 6.646182716368262788e+01 5.340205843420723397e+01 7.319248083101433622e+01 6.741281241360162824e+01 6.578739184213927160e+01 6.681289424432905832e+01 7.423980359973219834e+01 5.706820581875261666e+01 7.658854354620582683e+01 6.701534747849089513e+01 7.317585415386515990e+01 8.200789152770344970e+01 9.346940436913001804e+01 1.132398265657664211e+02
