LEM/sinusoidal_perturbations/elevation_000402.asc
nrows	100
cellsize	150.0
xllcorner	0
ncols	100
yllcorner	0
NODATA_value	-9999
[rows 34 to 50 of 100, columns 0 to 36 of 100]
2.064481644892168701e-03 2.990288905674782782e-01 5.966558662201716379e-01 8.977784114530935611e-01 1.207188182380661168e+00 1.527046302388591403e+00 1.853302472989462046e+00 1.561937011634681838e+01 2.799756972623850970e+01 4.357473044706852150e+00 7.797596304710368464e+00 2.494637890564159477e+01 1.277581897929086985e+01 1.708782212863941652e+01 3.602314888239982338e+01 4.394346524894355355e+01 5.081269257756032687e+01 5.838389935575355594e+01 6.708374455866454866e+01 7.780123995441203988e+01 8.122369382213331335e+01 7.134972496598659575e+01 5.510686150039686027e+01 3.534803831282751929e+01 4.699220876636994149e+01 2.714964181626598716e+01 4.589606226143053647e+01 3.069598899931910907e+01 4.472437082188833557e+01 6.362259246692975267e+01 7.501341990407489391e+01 6.201833387320027668e+01 4.275862567278941384e+01 3.202749600693551457e+01 5.087737015413878083e+01 6.245781412636114993e+01 5.621130428229698595e+01
2.905961989428186391e-03 1.539307562944212782e+00 1.035919011710537774e+01 9.721396618883288099e+00 1.724375235369379666e+01 1.848577528208043219e+01 2.042634913973587629e+01 2.306375904647791408e+00 2.338101537149376519e+00 2.964206951340376861e+01 1.059954183519987048e+01 7.376246035017111957e+00 2.533827266450889226e+01 2.946694714286172712e+01 3.506133273452837074e+01 2.045407731480593228e+01 2.745192743198425234e+01 3.567027902117384031e+01 4.748758526773737287e+01 6.928021344376976742e+01 7.300888364102139860e+01 5.329589248050891825e+01 4.344495327585339339e+01 5.510686150039686027e+01 4.979499781700548766e+01 2.997626247259643151e+01 4.979499781700548766e+01 5.050052285593856283e+01 3.569023062317589279e+01 4.711170493484363675e+01 6.681024344501678058e+01 7.028363783891072103e+01 5.427593338540027901e+01 3.525966988423500936e+01 5.427593338540027901e+01 7.075033310688185395e+01 5.259813451172949783e+01
3.542675937824442140e-03 1.563063343657231208e+00 1.544236601028641509e+01 2.582250647137406219e+01 2.077708550287335854e+01 3.204836702328866949e+01 2.660790956567560883e+01 1.615361094473451686e+01 3.088206380378559324e+00 2.654598474049286949e+01 3.153631520185110304e+01 2.418211893839811921e+01 6.945178077870474809e+00 7.580109839155788620e+00 1.190920698011029977e+01 3.510786396904843087e+01 5.081269257756032687e+01 5.838389935575355594e+01 6.708374455866454866e+01 7.780123995441203988e+01 8.122369382213331335e+01 7.134972496596863323e+01 5.329589248050891825e+01 7.134972496596863323e+01 5.268043356961877066e+01 3.289885738848818875e+01 5.268043356961877066e+01 6.362259246719475669e+01 5.543728693352615977e+01 4.131311665093829077e+01 5.523343250383379655e+01 7.494828297578989407e+01 5.785099256184740568e+01 3.869704643071872141e+01 5.305655490795598439e+01 7.482060671074005143e+01 6.099032581403952236e+01
3.411803931810562015e-03 1.023390115444891180e+01 2.237537871510708953e+01 3.563094008419086123e+01 3.422691227046367146e+01 3.653863169338163885e+01 2.740232912699080003e+01 2.031009222469493736e+01 3.446814825570793772e+00 6.579914610169272926e+00 2.951788499355685502e+01 2.277270885384582400e+01 6.627970375594018471e+00 2.002471100209980293e+01 3.203332303757215982e+01 4.432040611479560965e+01 5.161479722308688878e+01 4.811820062867551684e+01 5.579972703870481610e+01 6.420359610041377607e+01 7.435173291103411941e+01 8.122369382175334351e+01 6.721717832514944746e+01 6.958214388758352698e+01 4.988761390432884468e+01 3.591825228723735108e+01 4.988761390432841125e+01 6.958214387913456278e+01 6.520217990763710247e+01 4.552869352192462316e+01 5.686790388061933044e+01 7.658701268269517470e+01 6.170449631654426526e+01 4.243697754305996739e+01 6.170449631654426526e+01 7.706782891445733696e+01 5.781019130504010661e+01
3.327314952832964925e-03 2.000177564379799833e+01 3.572995236616723957e+01 4.223795483419004171e+01 4.243492464076430792e+01 2.127606582059847895e+01 4.643165935596954341e+00 3.870412336273740816e+00 1.730016222856349728e+01 2.715957730216649679e+01 2.476876176784238481e+01 6.174389955138016362e+00 7.168375565370983082e+00 9.265551884218858447e+00 2.902355916561254290e+01 3.549103564189540094e+01 3.241436190815441876e+01 2.783344821646517886e+01 3.547872572516718748e+01 4.564846749032147244e+01 6.000670272303099750e+01 8.030175731029029862e+01 8.699129716386767086e+01 7.273583942494239807e+01 5.304091604079837197e+01 3.911631044719209882e+01 5.880942554506464859e+01 7.216702200909408305e+01 6.997483578117385150e+01 5.029667149985755259e+01 6.997483578117385150e+01 8.480887974338556035e+01 6.584216408818754473e+01 4.643478196315830075e+01 6.584216408818754473e+01 7.718531818143949863e+01 5.790072138857431128e+01
6.779948344387334673e-03 1.197153707329413841e+01 2.834619947416345198e+01 5.004760206492225905e+01 5.095031067219329657e+01 3.046503013951071992e+01 4.289291805438546490e+00 1.066907675916847253e+01 1.988443550874786325e+01 2.438213181842285593e+01 5.744961963543567585e+00 2.262280603908480359e+01 2.664481018468465479e+01 2.902339640877700333e+01 1.282078565468916409e+01 1.540876525578118716e+01 1.838592566121287319e+01 3.858018050418269951e+01 4.806191598279778532e+01 5.274144928707001156e+01 6.116641297844027747e+01 7.292430012567966457e+01 8.524283868824409183e+01 6.547253650602469577e+01 5.157359730288507649e+01 5.880618198846805456e+01 4.431728414708891961e+01 6.397072812478527482e+01 7.818479842313615791e+01 6.418692018456860637e+01 5.865668664144243394e+01 7.838851615633952008e+01 7.033862900472188073e+01 5.073899283037291497e+01 7.033862900472188073e+01 8.531995837834337237e+01 6.879544494425108780e+01
9.516927588586143695e-04 1.414308731648968376e+01 3.414308731648897322e+01 4.558050683802707681e+01 5.382002826698797548e+01 4.049846999402222991e+01 2.800836577354960255e+01 4.708848185965453403e+00 5.008440860041099896e+00 5.310412863503713332e+00 2.434543055715176507e+01 1.608343441938371043e+01 3.480664701177781950e+01 4.114731948286677721e+01 3.275764865258685177e+01 2.176721152859107633e+01 3.858018050418269951e+01 2.361917283243336740e+01 2.771400192893128178e+01 3.234390228319904281e+01 4.412347632895470184e+01 6.451381927730142252e+01 7.718255199229251673e+01 7.948384413384565050e+01 7.126005987414899323e+01 6.782411729624573127e+01 4.817469714565790184e+01 6.204069250307384920e+01 8.178749760434284610e+01 8.394810011236899072e+01 6.520415161776155344e+01 8.498069842562848919e+01 7.529875749718638644e+01 5.545824352732822149e+01 7.529875749718638644e+01 8.546618186348295865e+01 6.596771016656292375e+01
1.945935296826602993e-03 2.000194593529647236e+01 2.930026292895411189e+01 2.564077853904284154e+01 4.134049295905826682e+01 4.944804409628134323e+01 3.971811518663544405e+01 2.528551014196971636e+01 2.028286695769047299e+01 6.425291408620387834e+00 1.165852888350852901e+01 3.163146251450451629e+01 2.826974772119245927e+01 4.631981648101695015e+01 4.979488973184906797e+01 2.876917033672558688e+01 4.979488974390600475e+01 3.372000563430935216e+01 3.944274822363021826e+01 5.274144928568175317e+01 4.066718161262024012e+01 4.840159021274926943e+01 6.017562738851982118e+01 8.051207653575454515e+01 8.178829836347010485e+01 6.204070732080649719e+01 5.278425891842566386e+01 6.666888747075931576e+01 8.644868992835952781e+01 9.321705658726109789e+01 7.402624315220528217e+01 9.321705658726109789e+01 8.087342084203432080e+01 6.077368630873540667e+01 8.087342084203432080e+01 8.139804150844733499e+01 6.195931909921329606e+01
5.600688922766023682e-03 4.665160873949028009e+00 9.408629582903552446e+00 1.523150597112335625e+01 2.159503785028699596e+01 3.620333876552886210e+01 5.356529552305165254e+01 3.630699422104765262e+01 1.513491001897214083e+01 2.891477203707164989e+01 3.163111726473524854e+01 2.158235156236000307e+01 4.131486232744711629e+01 4.340880693269426160e+01 5.814360142054385960e+01 4.013408227402877060e+01 5.832491820650687231e+01 4.548346382092220352e+01 5.983591809836604369e+01 6.825174713328621579e+01 5.089147128511754659e+01 6.877043824677140549e+01 7.718255403272638659e+01 8.892927563700729365e+01 8.178905381175660239e+01 7.992581466998437634e+01 6.017909857300780629e+01 6.258164382813834692e+01 7.653636650549819365e+01 9.636101335122074829e+01 8.545390027734434568e+01 1.020923337029489630e+02 8.730313073726244966e+01 6.697060277421917363e+01 8.730313073726244966e+01 8.955290745359332050e+01 7.055978677855875958e+01
8.215197286175309616e-03 2.000821519728582132e+01 2.930026292895411189e+01 3.505195575708934541e+01 4.134049295905826682e+01 3.593646580531451917e+01 5.587738224303043921e+01 4.585508606386910202e+01 2.450802964413144380e+01 4.484918689988943896e+01 4.401544406998925041e+01 3.183707984725233686e+01 4.927466840939237613e+01 6.057375327930854780e+01 6.801260577967160259e+01 6.164994179473165303e+01 7.016083706024689093e+01 6.586284616597764341e+01 7.427123685919087848e+01 7.965671131881761369e+01 7.125160505749214224e+01 7.965671144259729886e+01 8.552746996755706732e+01 9.372446300615715131e+01 1.016409998502086296e+02 8.815323248372254739e+01 7.002272900741479589e+01 8.234287113198185182e+01 7.653636650549819365e+01 9.636101335122074829e+01 1.053028153884903446e+02 1.135711547904698762e+02 9.573021099972544334e+01 7.598142997144243793e+01 9.573021099972544334e+01 9.833675654893323781e+01 8.183980361651661894e+01
2.613274238814250559e-03 7.561902734423391337e+00 1.650617464442270688e+01 2.805318002821542578e+01 4.805318002821613277e+01 5.720772378312852169e+01 6.527866619333413212e+01 5.765478863099595230e+01 4.252206569373537093e+01 5.578631275342345930e+01 5.621136471973720461e+01 5.194488380708473585e+01 5.998775549268235352e+01 6.116774874087048630e+01 6.147023154110588905e+01 6.950124977596655640e+01 6.395468515033235946e+01 6.987669508320885825e+01 7.515177987461861164e+01 8.345056160920611887e+01 8.113727003955955297e+01 7.291072455292977850e+01 6.557864388693772639e+01 7.970876929997947968e+01 9.957505603461201815e+01 9.806913409715133412e+01 8.982890036311027870e+01 9.806913409715133412e+01 9.636101335122074829e+01 1.046104483366152920e+02 1.057283695179041842e+02 1.079185455516180241e+02 1.048635343430121054e+02 9.048958873037622652e+01 1.048635343430121054e+02 1.097179705344427703e+02 1.015406801361701383e+02
7.532853315450405325e-03 2.000753285331509446e+01 3.584617398188629522e+01 4.479044589188561076e+01 5.633745127567832611e+01 6.382809795398134156e+01 5.556466744094383614e+01 6.382813486404815251e+01 6.842305221584621222e+01 6.843831061431345120e+01 5.928484469141723423e+01 5.094939545600016828e+01 5.492795416194116598e+01 4.021097476466937337e+01 4.195324434212760423e+01 5.214635499645550709e+01 4.399732177900881425e+01 4.987234580240267690e+01 5.514086310195642682e+01 7.299100457152007948e+01 6.474921149152554278e+01 5.291918201968896796e+01 6.447679740983774366e+01 8.443168328964915759e+01 9.518044224260523833e+01 8.979276177705544626e+01 8.149876023908790046e+01 8.509368659422507619e+01 9.338815743020843740e+01 9.987671801657910464e+01 8.572118165215729846e+01 8.790940573685766424e+01 1.079185455516180241e+02 1.108826533286615614e+02 1.133275437051340901e+02 1.049740680566942927e+02 1.133275437051340901e+02
6.101047412966256744e-03 1.000610104741305406e+01 2.414823667243369698e+01 4.414823838199268380e+01 5.715944892280970890e+01 5.383550837799496946e+01 3.556497857410280261e+01 5.383557810740222749e+01 5.660747136692550185e+01 4.675720419045818943e+01 5.094214778580975178e+01 3.056764604015431175e+01 3.638872263161920984e+01 2.548579230883510505e+01 3.812203274599363567e+01 3.411321410774888818e+01 2.989078867343990353e+01 3.882115756219712921e+01 5.881294359973394137e+01 5.788952513814468404e+01 4.474996364769227597e+01 6.474921149152554278e+01 8.113727003955955297e+01 9.263129592878865992e+01 7.516535603672265609e+01 7.516535603672264187e+01 6.148059114305032580e+01 6.507798374709358313e+01 7.746426416837918794e+01 8.263268800415002602e+01 7.157177906944355072e+01 8.312571847569725492e+01 1.031314873511485786e+02 1.084733127864013511e+02 1.001148716273067123e+02 8.474592338724663421e+01 9.860599398336219679e+01
6.842009524227352091e-03 2.000684200952387215e+01 3.829041036704737166e+01 5.129177946768238883e+01 3.716251572635800926e+01 4.556482281761887521e+01 2.556614513781772402e+01 4.556482282648691751e+01 5.113228959489208592e+01 3.111035992454846166e+01 4.077196914989221455e+01 3.428576151769625824e+01 1.641443959245248507e+01 1.787638750446692626e+01 1.940255111904388841e+01 2.095235095326272656e+01 4.094380339742633623e+01 4.730607192657621596e+01 5.156658992031569966e+01 3.789465065278989186e+01 5.788952513814468404e+01 7.299140975610900739e+01 6.775694061104617560e+01 7.605001351516045816e+01 7.344820322489898956e+01 5.514472064838803078e+01 4.991904263465011837e+01 5.351398443923605441e+01 5.744220428942890777e+01 6.261546856206812350e+01 7.417607549499513198e+01 9.418463552161689734e+01 1.114331982361064206e+02 1.001148532003340250e+02 7.985108241867975210e+01 7.457034626699335433e+01 7.833610195733555770e+01
1.934550753332892102e-03 2.000193318221924343e+01 3.638905839450524127e+01 4.301940406348396806e+01 2.302167189377646750e+01 3.037172648416314047e+01 1.890131324846358751e+01 3.889859689768789508e+01 4.289009370880932437e+01 2.414634796564462960e+01 1.582923667451767180e+01 1.438854625975796608e+01 3.433044581703279619e+01 2.786813147739528063e+01 3.939748344107486133e+01 4.094381278121072398e+01 2.325118709250872939e+01 2.732855922304985441e+01 3.158205595655310916e+01 4.969564465112533469e+01 5.182684310113598514e+01 5.399477693755425634e+01 4.774430498469359208e+01 5.849672398936125006e+01 6.083824975013808256e+01 4.513891307666187203e+01 6.515503834255549975e+01 7.353761516741414539e+01 7.746426416837918794e+01 6.745765381709774999e+01 8.747087451966062588e+01 1.024815871499054509e+02 1.085904216052234261e+02 9.690520752618269285e+01 8.578588570513817047e+01 6.536421522274174833e+01 8.578618863777636250e+01
4.364784840791047053e-03 2.000436160109652306e+01 1.639052406664221806e+01 2.337714673765534101e+01 2.451173557234205802e+01 1.037467092182267869e+01 2.685153079082438765e+01 2.805612474862637740e+01 2.926701856427568771e+01 3.049876158653550817e+01 1.237373161614447348e+01 3.231311856633156765e+01 4.261913242780146760e+01 4.786985578203920966e+01 4.786981392310887173e+01 5.152187571321331916e+01 4.305435149670727668e+01 2.577967657854310346e+01 2.761701200453637384e+01 2.971916494366420736e+01 3.184465888650804288e+01 3.400741455222666332e+01 3.620958927497404289e+01 3.849736382622597120e+01 4.083225632798050242e+01 6.083824975013808256e+01 7.344820322588384442e+01 8.736257435022908169e+01 9.576548381017035183e+01 8.161063065391844873e+01 8.379906124265285428e+01 1.038085700331215833e+02 1.002315949286897450e+02 7.997322313187119391e+01 6.815719930957868655e+01 6.028912303308166543e+01 7.502240130672628027e+01
5.219006137575642711e-03 1.126763314207095412e+00 2.250075224645387451e+00 3.380542041500992134e+00 4.518235215112398784e+00 5.661324603156524304e+00 6.858280417160532494e+00 8.063896879977383136e+00 9.276293513755343056e+00 1.055623517294213443e+01 3.049876158653447078e+01 1.693307255977762438e+01 3.103476995543286421e+01 5.103265763257017085e+01 6.788449740151233414e+01 6.004461119003734382e+01 3.991801049634027976e+01 3.990254982609325651e+01 4.756433253003147144e+01 3.314417384093965069e+01 5.182684310064634303e+01 5.399477693755425634e+01 5.034089661158887452e+01 5.849672398935986450e+01 4.749276564631353637e+01 4.749276564631353637e+01 5.905006311787261097e+01 7.906882774596013519e+01 9.260931609562271660e+01 1.016187547391492103e+02 1.038085700331215833e+02 9.870582219601959650e+01 9.033187856523944959e+01 9.690749925061226122e+01 8.853540968331010674e+01 7.502240130672628027e+01 5.433554449809312104e+01
