LEM/sinusoidal_perturbations/elevation_000735.asc
nrows	100
cellsize	150.0
xllcorner	0
ncols	100
yllcorner	0
NODATA_value	-9999
[rows 0 to 16 of 100, columns 37 to 73 of 100]
1.039745309621890215e+02 1.036498528613106203e+02 9.502778924932836446e+01 9.696850083297410094e+01 9.551277178147763891e+01 8.723835843728369355e+01 9.153500306804697573e+01 8.334643512649850550e+01 7.938991233058949604e+01 8.521653294436664794e+01 9.190501182619209430e+01 1.001580141067095582e+02 1.101253734966991260e+02 1.210213893412833954e+02 1.127529972034246555e+02 1.097461958542453999e+02 1.163827798968545011e+02 1.246542995837541525e+02 1.346281187074455659e+02 1.414255813982621817e+02 1.332782272982960023e+02 1.349368250483472877e+02 1.268075876046600143e+02 1.349368250483472877e+02 1.340392006638836051e+02 1.421888588285354444e+02 1.312901751131952039e+02 1.229717330336835488e+02 1.229717330336835488e+02 1.215049763715327913e+02 1.215049763715327913e+02 1.298248970426250537e+02 1.351383522630653431e+02 1.267848469123633492e+02 1.308890185094018364e+02 1.226001551600752606e+02 1.308890185094018364e+02
9.078082871089048922e+01 9.135211715637935015e+01 7.383040547490082872e+01 7.636938963870869657e+01 8.723835843728369355e+01 6.707485194503212256e+01 7.298044394671698853e+01 6.318526546853243531e+01 5.911865178884274741e+01 6.503252706538631855e+01 7.183957518071579784e+01 8.193342383595908984e+01 1.018765998164250846e+02 1.095236817448690800e+02 9.285787251834639733e+01 8.985964390729043316e+01 9.647302777325118939e+01 1.064178981606842171e+02 1.263476616330246713e+02 1.301246063468223042e+02 1.137439589263118194e+02 1.251524523106621274e+02 1.072624397984517799e+02 1.251524523106621274e+02 1.145053450875594763e+02 1.308871116697490891e+02 1.229717330336835488e+02 1.028939860079724156e+02 1.028939860079724156e+02 1.014389166929047263e+02 1.014389166929047263e+02 1.215049763715327913e+02 1.235227366600392145e+02 1.066860209873406262e+02 1.209631031554058467e+02 1.028142902842250663e+02 1.209631031554058467e+02
7.145329765798607013e+01 8.258970021676394424e+01 6.183673120754378516e+01 6.180601077456604031e+01 7.899309087542957286e+01 7.298060626411358953e+01 5.265831030582679517e+01 5.139706674467700509e+01 7.172875125578748623e+01 8.521653294436664794e+01 9.190501182619209430e+01 1.001580141067095582e+02 1.101253734966990976e+02 1.012665416109336007e+02 8.141427901403113765e+01 1.012665416109336007e+02 1.163827798940445888e+02 1.246542995837541525e+02 1.346281187074455659e+02 1.220001121953085033e+02 1.024423965810233454e+02 1.107084598206668176e+02 9.746472906778889467e+01 1.114707822142727736e+02 1.032055320637050642e+02 1.227613238885815861e+02 1.229717330336835488e+02 1.028939860079724156e+02 8.886840708989676330e+01 8.743357069075798904e+01 1.073161295010809653e+02 1.201221108289742148e+02 1.146426811354221655e+02 9.544153545348783041e+01 1.108856198048384840e+02 9.302839558231785588e+01 1.127072227221502345e+02
5.718364569937428854e+01 7.055151194000376336e+01 7.051120845062771991e+01 5.037907364067241645e+01 6.223687849435957986e+01 5.996320743654301566e+01 4.497992553324781539e+01 6.529934962777565488e+01 8.004603641361678967e+01 9.676523998390625536e+01 9.585726938731950497e+01 1.037051493164802878e+02 1.064968813251251589e+02 9.658731844240816145e+01 7.673403187604355935e+01 9.658731841744841518e+01 1.145705967196907977e+02 1.138557530706902838e+02 1.221301904896010910e+02 1.220001121953085033e+02 1.024423965810233454e+02 9.113707394246860360e+01 9.006636927325591557e+01 9.190002801041607938e+01 1.057439404947222101e+02 1.252965928838640934e+02 1.288588156522049815e+02 1.087746219608551286e+02 1.002865834200210884e+02 8.044712921964269015e+01 9.185551847570491191e+01 1.118036323149133153e+02 1.063368720509891290e+02 8.676112286467376578e+01 9.107742018977776866e+01 8.591444400806315684e+01 1.057497066639634937e+02
6.474650468209780740e+01 5.037056903881917691e+01 6.448504450054119275e+01 6.065886123354070492e+01 4.241997470190911201e+01 3.965545695518260771e+01 5.996320743629457439e+01 6.978578083584218916e+01 7.137149977116274613e+01 8.302753835194555165e+01 7.771328975549474194e+01 9.585726938731950497e+01 8.660830338566559305e+01 9.225497613386193052e+01 7.236396235967238511e+01 8.643363746758895161e+01 9.978126533020412126e+01 9.395142162734775582e+01 1.138557530706902838e+02 1.301246063468223042e+02 1.188233915336728899e+02 1.027184749938838308e+02 8.310439923852217703e+01 9.698828032573211999e+01 1.165520197934461635e+02 1.238165048108534450e+02 1.155217368970545664e+02 1.103333141351799327e+02 9.039793418870996788e+01 7.633906991287314270e+01 9.039793418870996788e+01 1.103333141351799327e+02 1.034085599384878407e+02 8.471849413399388595e+01 7.666059284331139168e+01 9.687910753393228447e+01 9.983474246662196094e+01
7.607909788506593429e+01 5.599760393488515575e+01 4.423674861745430320e+01 4.046246942531749369e+01 3.703060757972374262e+01 5.736265776330380106e+01 4.269966212617416090e+01 5.273181494863349172e+01 7.137058068169407932e+01 6.474172958155639890e+01 7.562017648239717005e+01 7.820176820165859510e+01 7.248617269585702161e+01 8.375509985778738553e+01 6.831401764660822096e+01 7.391003191661326355e+01 7.992090775242331802e+01 9.137204128778125778e+01 1.112684790027972355e+02 1.231037629320664877e+02 1.146700487503224650e+02 9.935468454350368006e+01 7.965839546902876123e+01 9.362094592078024391e+01 1.131972986246656205e+02 1.155217368970545664e+02 9.552557046808045982e+01 1.013823120173920955e+02 9.254194274104041540e+01 7.253245074378601487e+01 8.670589555247177316e+01 1.066314070143322255e+02 1.080505141654283108e+02 8.983465808563252608e+01 7.221707301958592495e+01 9.228087385184998936e+01 9.153932323304243823e+01
8.414036526567524277e+01 7.256947624157471921e+01 6.438303511876263485e+01 5.541654730345319280e+01 3.528570296910820048e+01 5.571315956530197155e+01 6.282485702389485027e+01 4.585599300412862789e+01 5.348581708503238730e+01 7.127007164333369360e+01 5.533132448239729939e+01 5.801491942263356805e+01 6.078082074924804346e+01 6.368613341152788365e+01 7.791750007967566205e+01 9.376848899633336032e+01 9.978126533211813864e+01 1.080408060584725263e+02 1.195405526787444472e+02 1.149335202145387740e+02 9.533762689681111624e+01 9.514387374515808915e+01 7.634705943228021852e+01 9.615952453884000306e+01 1.125823044854480486e+02 1.155217368970545664e+02 9.552557046808045982e+01 8.142258759536660762e+01 8.905873727729407108e+01 6.888932391490151019e+01 8.905873716775226967e+01 9.737797296086908716e+01 1.056768889215618401e+02 8.848917189778555326e+01 6.825583215700915218e+01 8.848917189778555326e+01 9.183266368037557470e+01
7.549582338304284690e+01 7.198599786948470580e+01 5.186824987120312613e+01 5.175902567341789506e+01 3.373072116680028643e+01 4.820221368364058634e+01 6.934990924960354164e+01 6.737179104730796553e+01 4.919857658102988296e+01 5.161656412676273931e+01 7.153142370922931548e+01 7.812465945470447082e+01 8.091691915707993132e+01 7.136046078333248488e+01 9.130713003301539743e+01 1.057129535678958945e+02 1.179067858080079532e+02 1.096560516243839203e+02 1.179067858080079532e+02 1.178849813450242721e+02 1.016470811585886906e+02 8.140275535400719775e+01 7.311466059206399848e+01 8.475509708980500534e+01 1.044486945163826448e+02 1.058390454434942853e+02 1.020566982799269766e+02 9.140280197282042707e+01 7.125407005260700544e+01 6.532460869911851375e+01 8.569716013021414369e+01 7.727944233496583593e+01 8.815808430257536088e+01 7.982181783155643018e+01 6.440963725032845844e+01 8.485515680263308980e+01 8.358468437175575616e+01
5.535057150529774361e+01 5.536115484360615113e+01 5.189937044429053259e+01 3.156930355781585007e+01 5.182874089541848406e+01 6.225349009396599342e+01 7.203453752596414006e+01 7.791837345159579797e+01 7.108165752024548567e+01 7.178432750210569679e+01 6.318340719510133852e+01 7.452968399985314818e+01 9.375538647341386422e+01 8.547763014784077029e+01 8.765894924409410294e+01 1.076223144951058828e+02 1.079126807306960814e+02 8.963918791977538092e+01 1.079126807306960814e+02 9.794275434336192632e+01 1.042196176113300936e+02 8.449793863850737807e+01 7.018699934071688062e+01 8.640834017738252726e+01 9.458327958478909636e+01 8.608645587789420972e+01 8.221095219260622855e+01 9.621376158692652325e+01 8.239230277846569095e+01 6.179318759392615590e+01 7.830665049660352395e+01 6.532123501845958913e+01 7.506266091369118953e+01 5.907713377078043493e+01 7.982181783032335431e+01 9.100178367376494748e+01 8.267993731116256129e+01
4.393070754620265461e+01 3.505515951215146231e+01 5.038829522853556142e+01 3.007651193204722162e+01 5.038933785087343864e+01 5.507556994453459254e+01 5.241716469977578186e+01 6.228353564669283315e+01 7.066567797929273809e+01 8.898091714240119643e+01 8.281191697759828685e+01 9.067410963849336270e+01 1.015508944126997193e+02 1.054325642350146381e+02 1.076223144951058828e+02 1.065839754189581896e+02 9.964761977207970745e+01 7.936534465072163869e+01 8.950648221140072280e+01 8.359260231423598952e+01 1.037836974001873926e+02 9.787376032110947222e+01 7.801507010192415237e+01 6.614300168953523951e+01 8.273886410454169038e+01 7.179807141341183296e+01 6.781988206999730551e+01 8.616370141196408383e+01 8.884561658840661380e+01 7.394281793603376229e+01 5.747659071052854074e+01 5.469741592366430183e+01 5.420286362651788181e+01 7.506266091369118953e+01 8.815808129887020073e+01 8.249791190038861544e+01 6.214883630903658940e+01
2.361598711861661926e+01 2.489995993292136944e+01 4.520992698755992478e+01 2.859388679679096512e+01 3.132500471277766607e+01 3.460871719144287084e+01 3.801688064605506412e+01 4.165679943132366247e+01 5.797937349240772420e+01 7.464606040732809333e+01 8.182629359609835262e+01 9.010177292314010344e+01 1.001153570799304049e+02 1.119646168243364457e+02 1.019189496045560759e+02 8.641859393566048197e+01 8.641859393568404357e+01 8.950648221136289351e+01 6.901857851693830526e+01 8.950648221140072280e+01 1.044480090643933039e+02 1.060136531706198895e+02 9.458327953870093552e+01 8.273886410454169038e+01 6.233270642031252606e+01 5.981365970591023284e+01 5.741557106849082714e+01 7.469696434996784262e+01 8.296931816407560234e+01 8.596031699697006445e+01 7.238065189580126457e+01 7.180490789902465565e+01 5.114579349220921500e+01 6.896716923662343390e+01 7.738870606027353460e+01 7.433384998109421815e+01 6.320373450598559373e+01
4.215484661037147163e+01 4.399337951502841548e+01 2.674146228614308995e+01 4.699842442800086673e+01 5.169753599882363915e+01 3.902509137679603413e+01 5.856208693011589617e+01 6.229391838883953625e+01 4.743525142352933699e+01 5.410918885561668645e+01 6.151752728297751815e+01 7.179266403493616622e+01 9.185992315726068114e+01 1.037153439540752800e+02 8.355117917373610226e+01 7.322709994817853385e+01 6.599657781229556974e+01 7.808134076531567302e+01 6.396265102348599640e+01 7.578379364063002299e+01 9.613781736790068067e+01 1.136857764450117543e+02 1.025961461217177231e+02 8.273886410079097686e+01 7.429169235954302053e+01 7.442003881568373913e+01 7.469696434996808421e+01 5.418013120980740638e+01 7.156816360171210079e+01 7.986476680349592527e+01 9.261327668900361232e+01 8.021176770096339226e+01 6.888622908309221771e+01 4.860258405277282634e+01 6.623378649005965713e+01 6.495826380144301027e+01 4.601635793864551260e+01
5.053419619832406084e+01 3.842251221240763925e+01 4.703218155988854932e+01 5.538638852938106538e+01 6.504211836485518461e+01 4.468834494624675102e+01 6.504719525111045186e+01 6.815173139555565740e+01 6.219639599532979446e+01 5.654985310113372066e+01 7.158433007565280093e+01 9.010177292314010344e+01 1.001153570799304049e+02 1.119646168243364457e+02 1.019189496045560759e+02 9.363326156388561117e+01 7.808134076569794502e+01 5.790054310848051955e+01 7.808078952883464297e+01 9.239918290737682582e+01 8.479883491667587236e+01 9.933556943953736607e+01 1.044541772376595077e+02 1.024287595054198619e+02 9.427791526242177156e+01 9.443488268754751402e+01 8.296931568578294502e+01 7.156816360171208657e+01 5.107673280481579781e+01 6.853029982585789526e+01 7.654002552423079919e+01 8.751578438228216328e+01 7.738871847009299643e+01 6.623378651319187327e+01 4.608002249495419278e+01 4.452503371046745428e+01 6.495824137665839260e+01
6.054275181564100450e+01 5.793265568506508600e+01 5.267093714977998076e+01 7.261587953929330297e+01 7.147402240512516869e+01 5.115061047022103935e+01 7.147402240512516869e+01 8.839431259212109637e+01 8.252918288726154117e+01 6.543824052099974153e+01 8.186582938477430105e+01 1.002219146441765361e+02 1.105064966776381112e+02 9.886968443671138118e+01 9.054476416501634617e+01 8.332138586691436899e+01 7.476336474121475817e+01 5.477288300129047371e+01 7.471463965358901760e+01 7.786837975726479044e+01 7.037836840959478479e+01 9.079824104777806326e+01 8.491944000864354791e+01 9.867213441326414625e+01 9.668215832480598237e+01 8.821381366585860917e+01 9.668215820115351278e+01 7.986476680348805246e+01 6.853029982585789526e+01 4.808614425622493371e+01 5.954634385258425056e+01 7.375724977166608198e+01 8.433039927823573123e+01 6.947344515454928171e+01 5.404244791029908157e+01 4.347384351530360647e+01 6.383843217533617320e+01
5.561502256583470682e+01 6.892892017937904825e+01 7.261587953929330297e+01 8.085106150351857934e+01 7.979080944841508938e+01 6.556838345901562093e+01 6.556838345901562093e+01 8.573149604330163243e+01 9.484458569591271271e+01 7.849041746197467262e+01 9.484458569591271271e+01 1.123106618482296994e+02 1.022140631015087564e+02 8.200224445479432234e+01 7.011396505436188420e+01 6.296274831944037942e+01 5.706795022170141607e+01 5.177108104730641713e+01 6.777480868831511884e+01 5.774981443228376321e+01 7.787648948057965015e+01 8.892956551747843719e+01 7.068100123888386577e+01 8.892956551626350858e+01 8.635680227153876842e+01 6.747764139768122504e+01 8.574225488079393642e+01 8.079647600357633053e+01 7.102583091685110617e+01 6.267962683013095671e+01 4.517109139120510264e+01 6.556370464314117896e+01 7.036855538618469552e+01 5.605622702812640057e+01 4.257194736982447836e+01 6.252341159561853345e+01 4.473089711310387884e+01
3.920384194350646823e+01 6.025784222121681921e+01 6.991866739519461760e+01 7.215904610976036793e+01 8.057025932914716293e+01 8.573149604330163243e+01 8.573149604330163243e+01 9.401323543781472836e+01 1.048755598563559772e+02 1.002757508071828454e+02 1.074218675629214204e+02 9.824632312399656087e+01 1.019319669841960376e+02 9.886968443671138118e+01 9.054476416501634617e+01 8.332138586691436899e+01 7.718301762295075719e+01 6.778626025537195687e+01 4.808509712417934168e+01 6.778626025537195687e+01 8.458787017378922712e+01 8.073501097762490986e+01 6.038792350612325777e+01 8.073501097762490986e+01 7.784470407116265278e+01 5.688902901530118328e+01 7.575731761766408567e+01 6.177646105006078159e+01 6.262899597880506519e+01 4.233366783066966121e+01 5.991981390258922602e+01 6.053426424511395965e+01 6.114123859515746773e+01 4.167409833759513305e+01 5.600501666242687548e+01 7.039383225843731395e+01 6.514759082137791779e+01
5.021927502099550367e+01 5.007673490286390461e+01 4.880186914519440933e+01 5.112617190477966744e+01 6.908338611757996262e+01 7.746380570020744472e+01 8.770604521860575176e+01 9.956270796248244892e+01 8.686839272677472934e+01 9.956270796248246313e+01 1.011002160595205623e+02 8.442471115985398455e+01 8.396296768826978507e+01 9.540819844220682455e+01 1.030829462870478892e+02 9.612814266477242597e+01 8.463212899780251064e+01 6.536101834052132631e+01 4.568730351519675992e+01 5.628214820482505587e+01 7.043500913042441880e+01 7.395607043137253811e+01 5.352157593257999935e+01 6.524640502897159422e+01 7.036474476040731929e+01 4.953767689824837817e+01 6.097119263854055760e+01 4.763306630699991473e+01 5.811874688284967760e+01 5.400442038824444779e+01 3.955535654647027144e+01 4.017055211575923579e+01 4.078291675070563826e+01 4.903538666045429295e+01 6.947867836640331518e+01 8.356209282100559221e+01 7.151524073690717387e+01
