LEM/sinusoidal_perturbations/elevation_000037.asc
nrows	100
cellsize	150.0
xllcorner	0
ncols	100
yllcorner	0
NODATA_value	-9999
[rows 34 to 50 of 100, columns 37 to 73 of 100]
8.078449472284020771e+01 9.864062145155629935e+01 9.858647649345063257e+01 8.771368081425906382e+01 6.768418682517622642e+01 8.452219825734617586e+01 7.969656381113904331e+01 1.018126323239019086e+02 1.014775306321736537e+02 9.940899327259469942e+01 1.077601165746215486e+02 1.150294475526219173e+02 9.569228116879308743e+01 8.462933336712372068e+01 7.793853858276534652e+01 8.217655496097177092e+01 6.392041238760795352e+01 5.951516595949750155e+01 7.005230243619220687e+01 7.567564615814687556e+01 9.496355874033145028e+01 1.025495076013892799e+02 8.641320641620704635e+01 8.196232818363645833e+01 1.010925394055936550e+02 1.173896628559719204e+02 1.194499595607210694e+02 1.185388939484521273e+02 9.933475975956046966e+01 1.046553602708318635e+02 1.084394217091244599e+02 9.659114365576601813e+01 7.770756402039933164e+01 9.460603054951837976e+01 9.568023205911492823e+01 8.152268546196131638e+01 1.008257970863732709e+02
8.972159064857528676e+01 1.063933326199612992e+02 9.023570448424057133e+01 7.016982954613304457e+01 6.021736796248964652e+01 6.449820215181092919e+01 8.546600834006352443e+01 9.624287067448682365e+01 8.207419316056684977e+01 7.893557714721177376e+01 9.598472589246081554e+01 1.071800714177991694e+02 1.118780027468240803e+02 1.038651146151337485e+02 8.891763685762967384e+01 9.019535314553276351e+01 8.217669810598360414e+01 7.901416059205203624e+01 6.024087471823488471e+01 7.972076341359604612e+01 9.701754878101350243e+01 8.912459698034079736e+01 7.541665353974762809e+01 9.453093108950768908e+01 1.091414010201386589e+02 1.137360250272408848e+02 9.986455493934107608e+01 1.082025269307288795e+02 1.001457712682091881e+02 8.586503882710285041e+01 9.935616281062976896e+01 8.614079896948004489e+01 7.454305202945977271e+01 7.559604224505649483e+01 7.664431352680909981e+01 7.768328332993478114e+01 9.670490697359932142e+01
9.007180043727713326e+01 9.752349215704833796e+01 8.620576404310635610e+01 7.377817443955217414e+01 5.312339001584098241e+01 7.381447283928577008e+01 8.913410340993961256e+01 8.641181822229053466e+01 6.782380103123055903e+01 6.706097512884147704e+01 7.840787454384940247e+01 9.598023227710105232e+01 1.077391949102991475e+02 1.162051648646864379e+02 1.081926404224032296e+02 1.000482038982202653e+02 9.156928434459383936e+01 8.022804289324095350e+01 6.075568474082008663e+01 8.013865832301321745e+01 8.405912757641192457e+01 6.954124245930862003e+01 8.912459698034079736e+01 9.453093108950768908e+01 1.138295635392387766e+02 1.056009871406609619e+02 8.668615933665404327e+01 9.363819546146400796e+01 8.096574975857825507e+01 7.810330039997212737e+01 9.094677548860695993e+01 7.312595176313426748e+01 9.230127024029204108e+01 8.903885762558819295e+01 9.564611650342526161e+01 9.667555722579822941e+01 7.916315451650216062e+01
1.079197486328572779e+02 8.900644527888351831e+01 6.958223678414110225e+01 5.765711588830217948e+01 4.856270270949974588e+01 6.080663582059780481e+01 8.108411805800092509e+01 7.803415682089108429e+01 5.758940347984946584e+01 5.788340006473381294e+01 6.706097512036558328e+01 7.893557407521984715e+01 9.940677029627771333e+01 1.169227536839945856e+02 9.744043206224064591e+01 8.382120889833836941e+01 7.291805825748242853e+01 6.562130002812084228e+01 6.127061036575500452e+01 8.072052228936188101e+01 6.417627161000382330e+01 8.406765548780364838e+01 9.712290325306854299e+01 1.099701115050638549e+02 1.045520510954966937e+02 1.081023527901892578e+02 9.363819503607243178e+01 7.526338473358832459e+01 6.987397064592694562e+01 7.079092042576648680e+01 7.173320147684165704e+01 9.094679933794301974e+01 1.003195379928446584e+02 1.084465258857583478e+02 1.070430949107708187e+02 8.798044650978675918e+01 9.817629195974208756e+01
1.024712743881413104e+02 9.471237064162419017e+01 8.167661251887504648e+01 6.527537761197153543e+01 4.433956496812646719e+01 5.933314539018522282e+01 7.962119523257845799e+01 7.035745149676836263e+01 4.973628127819331723e+01 7.035745149676836263e+01 8.104467265290351463e+01 9.060301179318985021e+01 1.054910683292487192e+02 1.176852013595957089e+02 9.826276281089634779e+01 8.466504402705818677e+01 7.381599016110564548e+01 8.384871322140052996e+01 7.509427699014599966e+01 6.200420148107875917e+01 6.252685348611979066e+01 8.193774398324931951e+01 8.265718759962015838e+01 9.856224460914462782e+01 8.442155884298510671e+01 9.432288340581793307e+01 8.085012211802641957e+01 6.859092070231196203e+01 8.776293748872193135e+01 9.000417829829471827e+01 8.209506073221621136e+01 8.083243178360972081e+01 9.432196670310190711e+01 1.136555276028645096e+02 1.141227013821322629e+02 9.507608037473323748e+01 1.100051333232550945e+02
9.186165318581575434e+01 7.648311966028651909e+01 7.358727533824571765e+01 5.304664270494518519e+01 4.074009896206515435e+01 5.575013174753540568e+01 7.616030701412752535e+01 6.606694205622603988e+01 4.531178573381329500e+01 5.159767047265870588e+01 6.091387972128965345e+01 7.571495526531873566e+01 9.610518803670804289e+01 1.044193922510422681e+02 1.086004568632571790e+02 8.926905493667516112e+01 8.716027195853661169e+01 9.492123297542615035e+01 7.595291028349527096e+01 8.143302286860973993e+01 8.193696009671823788e+01 6.327915388797450191e+01 8.265719008040285587e+01 8.391029026689462000e+01 7.137917251695994025e+01 8.515065141008487615e+01 6.731952824860786677e+01 8.644813409854950237e+01 8.222058421369365533e+01 1.014845295509309864e+02 9.410635415243706348e+01 9.427406651724234621e+01 9.432196670310190711e+01 1.136555276028643391e+02 1.141227013821323908e+02 1.084885702301543091e+02 1.221634606407865817e+02
8.360349695875423492e+01 6.574699245808341175e+01 7.295226417083628689e+01 5.243590465685754509e+01 3.746503583103370971e+01 5.243586676519176848e+01 7.294848513134915891e+01 6.192431156931395719e+01 4.106101513152701443e+01 6.192431156931395719e+01 8.095950064328205542e+01 9.027748011548884222e+01 7.500667190637406634e+01 9.241164849472404796e+01 1.037455239091357839e+02 1.086004643678102752e+02 1.064716951178272097e+02 1.032411447792008801e+02 9.521951849622429620e+01 9.074339997773552113e+01 7.159867045480841341e+01 7.655652722747539940e+01 6.403531434178768222e+01 6.456951822349459746e+01 6.510156734296060677e+01 6.603043336966905485e+01 7.692473700288350358e+01 9.297588164311186176e+01 1.015277806882443343e+02 1.095916775091739339e+02 1.131375561111939874e+02 1.135519249659215575e+02 1.136555276028643391e+02 1.217523325755912964e+02 1.334373645928430676e+02 1.277246972214261547e+02 1.330133997613203860e+02
7.594077310587232432e+01 5.704000594521142631e+01 6.649050207173732474e+01 5.534507846279812782e+01 3.439763135637537061e+01 5.166573962550003074e+01 6.075735200943197611e+01 5.844619487287697979e+01 3.756190836322709714e+01 5.844619487289217119e+01 7.395141783334216257e+01 8.176488156303291532e+01 6.246660632243411726e+01 7.432800765723297332e+01 9.241157437358124582e+01 1.044191808787912095e+02 1.095198134505903340e+02 1.140357279945195899e+02 9.466482064330392632e+01 8.114837053579881854e+01 9.074337234881299707e+01 8.981168177931483854e+01 7.525719660204009642e+01 8.372586882010870113e+01 8.440028294264671160e+01 6.600391520503963250e+01 8.373930722621547318e+01 1.000279702936334729e+02 1.140649019414182277e+02 1.117626711135973920e+02 1.198228111507427371e+02 1.188936343540941181e+02 1.188936343540941181e+02 1.270080297459174830e+02 1.335677240043997358e+02 1.254670156419904004e+02 1.229200395076461376e+02
6.771304202444359532e+01 6.649042989788711111e+01 4.690795436719353262e+01 5.749888132483616232e+01 4.816060872388628411e+01 3.048837319963897485e+01 4.895667158633550997e+01 5.054041077222042588e+01 3.424985805522444338e+01 4.835387066891675545e+01 5.889326132458724317e+01 6.611699195395330264e+01 5.284756050434724273e+01 6.246660632243408884e+01 7.500667190619401481e+01 9.610517981440808910e+01 9.062143966363650804e+01 1.040495191369823118e+02 1.083956127986474485e+02 9.216116537665895692e+01 1.083961323552433100e+02 1.022687121227520919e+02 9.438675517453107489e+01 8.056389608783911171e+01 7.354397533806617560e+01 6.663635253708820017e+01 8.586963520575093867e+01 8.675036562268560658e+01 9.818413086114422583e+01 9.255971533586009059e+01 1.117626711135973920e+02 9.946073141876080115e+01 9.946073141876080115e+01 1.188936343540941181e+02 1.254670156419904004e+02 1.059801410808133255e+02 1.116877144956505248e+02
5.567197453947381547e+01 5.954485430851639194e+01 5.587081206843157588e+01 3.798204581587793882e+01 4.961019388560858800e+01 2.959969594324533659e+01 2.928387826775514213e+01 3.016676619271257920e+01 5.018106607190091495e+01 3.570223616222737917e+01 4.004025572334047212e+01 4.478279283204514627e+01 5.988775123919652543e+01 8.115570937080207159e+01 8.618110547333330373e+01 9.407440457856904459e+01 7.712515244346012366e+01 9.453023286054984453e+01 1.047701204762412743e+02 1.115087765922178136e+02 1.195966027686533835e+02 1.127280767289922778e+02 9.350062188229908600e+01 9.872902392532279237e+01 8.376324807979649734e+01 7.656154637296400267e+01 6.752772400012921139e+01 8.675036508010626335e+01 7.891621934899580992e+01 9.720356229304894669e+01 9.658035555778009495e+01 8.598460613322957613e+01 9.946073141876080115e+01 1.188936343540941181e+02 1.232296060792836698e+02 1.037919017251330871e+02 9.234678467267801238e+01
3.159693631848712059e+01 3.127398457806411614e+01 4.015010405527588233e+01 4.966752316311678328e+01 3.004823000555710522e+01 5.009767127715905133e+01 4.840557628953909841e+01 2.884055987549835720e+01 3.041455700686183405e+01 5.069763638969067188e+01 6.127215115704309767e+01 6.611699195395330264e+01 7.353484824220758753e+01 7.702999681994141667e+01 6.688818525340626309e+01 8.297567701184402722e+01 6.737699765096974147e+01 8.664089443455704043e+01 8.579420155812587723e+01 9.926225557146487688e+01 1.095868461239066249e+02 1.206204905663372386e+02 1.127280767289922778e+02 1.094651967250773907e+02 1.011085064790859747e+02 9.381912994277580253e+01 8.674814252941875736e+01 6.841778067225804705e+01 8.763338152973355477e+01 8.388063919691495585e+01 7.753354777271096054e+01 9.658035555778009495e+01 1.132343805823391278e+02 1.193210594518203322e+02 1.086774522402267849e+02 1.006254399665243113e+02 8.465450065081205366e+01
4.269870366490631852e+01 3.565162013879074010e+01 3.081834638113958746e+01 3.049848148283502525e+01 3.333172313859942193e+01 5.257500474403704516e+01 4.754116375305077469e+01 2.853229223219731736e+01 4.884738536175353119e+01 5.834445736973964358e+01 6.534301430938263877e+01 5.722685932485307347e+01 5.865996351409096832e+01 5.737906024717941733e+01 5.536431151418787522e+01 6.961065139136930213e+01 5.986147935031213763e+01 7.779819774071438587e+01 7.218398409437898522e+01 8.258731844169935243e+01 9.455554501620770225e+01 1.026269842408479462e+02 1.125372444591758523e+02 1.216633801859097304e+02 1.094472429555575559e+02 9.423402486388846455e+01 7.540158485730697180e+01 7.848000565360810299e+01 6.932041587615069034e+01 6.996179157352443667e+01 8.916081142410128280e+01 9.650839771550297996e+01 1.091586471098505058e+02 1.056409919566519449e+02 9.196089903976182711e+01 8.160184046744147679e+01 9.525427285435981162e+01
5.369468589125132496e+01 3.560582475711947836e+01 4.678347731819208377e+01 4.673623930046222341e+01 5.419965271090049441e+01 5.760607531992803843e+01 4.517348930900745074e+01 2.822622521691970832e+01 4.799136017532274678e+01 6.029536502795289010e+01 5.321563718295685419e+01 3.672738130858488859e+01 3.970321611395817030e+01 4.282193604660185571e+01 4.610728354280402641e+01 4.968574522112754721e+01 5.393033421767152191e+01 5.827219319501745076e+01 6.343250409319286831e+01 6.891094108329868106e+01 7.543367978260309314e+01 8.505429020299327192e+01 1.041540262269053727e+02 1.128352253245372339e+02 9.363218720966841602e+01 8.296031672640957311e+01 9.423403670137871302e+01 8.747208201076195166e+01 8.852684249879411027e+01 8.916081142764855372e+01 7.088376607973818011e+01 7.632870838287311699e+01 9.697321451126093450e+01 9.471569166279252272e+01 7.862208834381857514e+01 9.196089903976036339e+01 1.082575466565937461e+02
6.474232137330531600e+01 5.992173377358271580e+01 6.225412421581382461e+01 6.842567699780029500e+01 6.737353985008917334e+01 4.803403252840553250e+01 3.688155803112061903e+01 2.792179360687569556e+01 4.761958173557889751e+01 5.314932077510323438e+01 3.271123386355119322e+01 5.321563718295685419e+01 6.013929756136904103e+01 6.313468631267468112e+01 6.624205414341884079e+01 6.961065139136930213e+01 7.363383376738413233e+01 7.779819774071438587e+01 8.280199436274379821e+01 8.816777705788388175e+01 9.455554501620770225e+01 1.026269842472962637e+02 1.123577342265152339e+02 1.121630892027587691e+02 9.530750611237789371e+01 9.764570895026825781e+01 1.094474800667116625e+02 1.069992543429641927e+02 1.002934295853435884e+02 8.115764220577140975e+01 9.006491594655805955e+01 7.182001095575843408e+01 9.048234894469230483e+01 7.570464780039587538e+01 9.110818697395299637e+01 1.049974303399449411e+02 1.193210590362012482e+02
6.600638619380410432e+01 6.537089055492417344e+01 7.137541260303393642e+01 7.631770994563687793e+01 7.359974647902294009e+01 6.417582856483973330e+01 5.102489541810579965e+01 3.180654267484599984e+01 2.749205256418167664e+01 4.718445549863800181e+01 3.010380234494539309e+01 4.990770277729566828e+01 5.843095955201837910e+01 7.287040355704723993e+01 7.017193211188711643e+01 7.853372248189656091e+01 7.620179669110025600e+01 8.459577911499600589e+01 8.283909987685110821e+01 9.129415428978626323e+01 9.325139350431504681e+01 9.624236857004146373e+01 1.053400042626892201e+02 1.163931236045282844e+02 1.120419481195449976e+02 1.124309416448696339e+02 1.259501102152454166e+02 1.139623693410520531e+02 9.463156935530743397e+01 1.002934295737529311e+02 9.879669134131178510e+01 9.050028634510208292e+01 7.276468518988951928e+01 9.139623651993169062e+01 1.005082444176511700e+02 1.135323653560235329e+02 1.218216211600728514e+02
4.124801931886986495e+01 4.444215777104432874e+01 5.083076641072192814e+01 6.267404316852189083e+01 6.307951910348164404e+01 6.248480829372994094e+01 5.722574363402575415e+01 5.156499195265448776e+01 4.745336940363240075e+01 2.706106548295931091e+01 2.795003594496222377e+01 2.948144010031906248e+01 4.399150628946492247e+01 5.541056614573141559e+01 4.956313171242025106e+01 6.125456669508373864e+01 5.563401463672379066e+01 6.757201253446275757e+01 6.222020192826953888e+01 7.454148847378675669e+01 7.272367674975286889e+01 7.467186604615201873e+01 8.452170951756887973e+01 9.645596454722422664e+01 1.054942607937281451e+02 1.157284596612984870e+02 1.303047936276250880e+02 1.220562737257807981e+02 1.139623693410520531e+02 1.129078673587292769e+02 1.048701086695577658e+02 9.965699035008516660e+01 9.188130227117152060e+01 7.376672864712953981e+01 8.612016260083484553e+01 1.069795882324430636e+02 1.023824063126769346e+02
2.464325476045731378e+01 3.319562864412515779e+01 4.745445296256737322e+01 5.177756088300370862e+01 4.122028737523623931e+01 2.996473297738615926e+01 4.139449234343405948e+01 4.582927431751105019e+01 4.634858622825743879e+01 2.676189581519889416e+01 4.717275633595286166e+01 5.000802941839985749e+01 3.232188022563795471e+01 3.457105776137823483e+01 3.734662553630899140e+01 4.029613685524264355e+01 4.339425824506704998e+01 4.669398256176938844e+01 5.010523184325072066e+01 5.371394444039182048e+01 5.792736057515680415e+01 6.239234705359493205e+01 6.766068773457789121e+01 7.389502075543126125e+01 8.169796691805500188e+01 9.562701891372195462e+01 1.257795304554580298e+02 1.296863322671737251e+02 1.202082165010065893e+02 1.048905414624004777e+02 8.604225426115409903e+01 8.165081256552610967e+01 8.342964756833730178e+01 7.447728430513380715e+01 9.124423466182359732e+01 1.014676322849022796e+02 8.875717610086338993e+01
