LEM/sinusoidal_perturbations/elevation_000918.asc
nrows	100
cellsize	150.0
xllcorner	0
ncols	100
yllcorner	0
NODATA_value	-9999
[rows 68 to 84 of 100, columns 37 to 73 of 100]
6.421212693878453592e+01 8.421311983972181281e+01 8.531848019121545690e+01 6.530647624748414160e+01 7.116785649747114917e+01 6.364353756372295123e+01 5.578569486926289045e+01 3.599830278296482788e+01 3.219072923465859049e+01 5.162922225531546161e+01 6.491257775295197519e+01 7.175945696989964517e+01 8.007529222193770124e+01 9.008625476663604559e+01 8.498521230625972578e+01 6.502065215337462689e+01 8.498521230625972578e+01 8.136736524155315919e+01 6.991631630170736855e+01 5.045899514125232344e+01 4.194282718711209412e+01 6.256327828119845691e+01 7.843379274291561387e+01 7.043061689619194965e+01 6.016161762448599859e+01 7.958857013469899755e+01 7.570603091324451839e+01 5.647389915830873974e+01 4.509193428095219502e+01 6.497989952349752230e+01 5.706088383360456362e+01 6.591967168031054314e+01 7.745900908170929711e+01 9.764905868623458218e+01 1.012557712770023954e+02 8.110796820650449490e+01 8.261844823240453195e+01
6.524949470925588457e+01 6.955062247284186583e+01 7.786122974377572348e+01 7.116785649747114917e+01 5.126037981363699458e+01 4.379088328316808543e+01 3.733542445557134215e+01 4.822009924996389429e+01 3.089524699406843666e+01 3.707934836030958081e+01 4.585456736081139439e+01 5.731139855316756382e+01 7.733159277156549649e+01 9.282754749498803903e+01 7.280838798186385930e+01 5.876631176911776322e+01 7.867186404960405355e+01 7.388313733686645435e+01 5.756891666307383559e+01 4.888308148936636854e+01 3.962585059244102581e+01 6.170104650120354250e+01 6.270982113109468514e+01 5.075441831838974593e+01 7.041973831226239611e+01 7.021703805902384943e+01 6.977994314409667709e+01 6.157233608499297617e+01 4.370954173368592421e+01 6.355180183732426258e+01 7.701556321119751658e+01 8.533762035168233240e+01 9.431794190292092139e+01 1.059488850711287711e+02 1.027443274118933374e+02 8.261844823240453195e+01 6.843168218287608795e+01
5.549270526849088014e+01 4.966972530373059413e+01 6.955062247284186583e+01 6.663082615873831571e+01 5.826622824727102312e+01 5.450567045577464143e+01 4.629347386142614340e+01 2.915788696872677122e+01 4.241375485230809517e+01 5.683218727367647460e+01 6.517310137950987325e+01 7.410736688078358725e+01 8.569487097009397303e+01 8.201900925664126873e+01 7.335188142616644313e+01 5.347358622678185469e+01 7.335188142616644313e+01 8.136736540448961819e+01 6.862766908042074476e+01 5.123403037345190114e+01 3.739237126873550920e+01 5.557124964586382276e+01 4.252426971201520445e+01 6.071955685745787434e+01 5.727953592506468539e+01 5.134748924963810168e+01 6.153485728506635155e+01 4.184374563482577969e+01 6.157003531075067571e+01 5.622145854937685527e+01 7.035617387973493919e+01 9.075113329711680876e+01 9.477746830989765670e+01 8.637826589821129630e+01 9.477746830989765670e+01 9.374376062050863823e+01 7.364594956271280068e+01
3.585968423342544753e+01 5.092812059502268340e+01 5.917779336687067371e+01 5.826181746693349339e+01 3.867088658539076818e+01 4.440317135903245571e+01 2.729723466457191705e+01 4.629347386142614340e+01 5.638952451106607100e+01 6.999682332418578312e+01 7.333929756528881683e+01 8.162223825640904806e+01 7.648991568384759887e+01 6.208357733828628966e+01 6.208357733828644598e+01 4.865927623523776191e+01 6.853068667532699010e+01 7.561475348906114391e+01 6.715290715791660148e+01 6.110849449565609603e+01 5.291189209740941379e+01 3.452536065119866748e+01 5.448033554207367501e+01 3.629404231192528840e+01 4.143317175669164953e+01 3.795846762873640756e+01 5.733152404011975278e+01 4.058482786583592627e+01 6.019834580241451505e+01 7.630995180234968700e+01 8.467030519900782792e+01 9.193119152892192858e+01 8.450489364305799711e+01 6.573243191990131606e+01 8.450849721429489136e+01 9.130656441111381127e+01 7.124517992294806845e+01
5.092812059502268340e+01 3.161240842108912830e+01 4.671308663602121669e+01 4.925587569173193714e+01 4.333383165085661659e+01 2.524400012895598877e+01 4.439390178963567024e+01 4.629000976384379840e+01 6.601471730743107003e+01 7.012348545674568356e+01 5.346022298055356714e+01 6.444367754763074174e+01 5.657114906517503528e+01 5.657114906517503528e+01 4.220823438181521681e+01 5.625202977119577241e+01 7.615877645269092966e+01 6.691957425917969715e+01 4.702853570206271172e+01 3.342461663728742849e+01 3.364075314231326530e+01 3.739466309065938532e+01 3.544119362104190429e+01 4.084116168138179859e+01 3.711927874630068658e+01 5.709751108702558042e+01 3.882246834313552597e+01 5.827412814332306823e+01 6.004671870139917900e+01 6.834530766122298928e+01 7.893998435521268675e+01 6.945666721804636268e+01 7.581081341890045167e+01 5.538807861925447185e+01 7.585014343932439829e+01 8.978975087157877510e+01 7.884064401796931065e+01
5.917779336687067371e+01 4.671308663602121669e+01 2.775865308584638669e+01 3.294031322874338485e+01 2.449125793299644371e+01 2.494213322733493143e+01 4.374613213711239723e+01 5.252028876716993722e+01 6.382503325524189819e+01 6.186204669867951367e+01 4.178244635849907951e+01 4.439781010284116292e+01 5.151970872096439535e+01 3.668360840460729122e+01 5.657114906517503528e+01 7.034411038174239650e+01 7.436388011434951295e+01 5.518389660897565818e+01 4.310111717632401707e+01 3.280529544370774175e+01 5.269599506850739346e+01 5.488486476815418058e+01 5.518668364578658725e+01 4.645925313518822719e+01 6.140976574069396321e+01 6.523592487678338614e+01 5.418197311121640070e+01 3.982608073826285988e+01 4.053439946795177917e+01 5.412824376793034276e+01 6.205358206894942441e+01 5.451905555388159286e+01 6.359275570690150658e+01 4.956195018004735431e+01 6.899220788332998211e+01 7.023551515309654292e+01 6.178302774319903534e+01
5.674050562085446359e+01 4.932564025249714490e+01 3.247757081630678044e+01 2.387145122432215416e+01 4.276387574712566675e+01 4.374777673177720061e+01 2.556100433399863903e+01 4.433523422137093206e+01 4.268658246194673467e+01 4.653254205026733104e+01 4.646579257140962227e+01 2.950686437971783960e+01 3.175906661010306209e+01 5.151831848038806072e+01 5.440893051178279194e+01 6.269332215043952772e+01 7.378826936005377490e+01 6.503216847419891167e+01 5.206764697810823606e+01 3.220361787421613542e+01 4.626336996891689779e+01 6.625628086328050870e+01 7.311724829370778878e+01 6.450383020446420801e+01 7.311910002568211553e+01 7.345192549997425147e+01 5.369574387775695357e+01 5.936609264218615323e+01 5.746181629161199567e+01 4.153788331731355754e+01 4.225984038883377991e+01 4.300022634793020870e+01 4.376711800980155687e+01 4.455618290411396742e+01 6.447241298655281128e+01 4.690133272686851740e+01 4.774679054700489189e+01
3.656166568463665811e+01 4.140843985869161514e+01 4.176525004170673583e+01 2.342625326121455842e+01 4.236777466283930949e+01 5.215812201991130337e+01 2.628840324338891321e+01 2.614944524176229379e+01 2.656309322201357048e+01 2.698159638541735106e+01 2.739104395669778214e+01 2.778213962521348179e+01 4.689810211690239328e+01 4.786619873701071270e+01 3.626738631607057073e+01 5.407532371290199791e+01 6.560019930598825511e+01 4.509659270028624434e+01 5.054110467173664745e+01 3.162073721432635409e+01 4.565039761011239960e+01 6.575093566332260764e+01 8.164035271242558167e+01 7.444895316018684639e+01 8.212840187562194672e+01 8.197063585081673409e+01 7.369409768401503413e+01 7.180564156700039291e+01 5.196782690240242886e+01 6.126397489390770090e+01 6.205492443056308360e+01 5.288701799275047932e+01 6.366165714130865183e+01 5.674211388396030742e+01 4.571027563635374946e+01 5.840670333327855701e+01 6.718132105916242836e+01
2.182397816767940668e+01 2.231135481903401185e+01 2.278337498128426475e+01 3.672958054437237507e+01 3.167766693538195355e+01 5.077967950247774098e+01 4.791475411901260628e+01 3.181674031521187374e+01 3.019409801629587520e+01 4.392242938772838556e+01 4.641351819310938964e+01 3.310623511984795897e+01 2.831041291436734042e+01 2.867413218712687240e+01 2.903158412660534182e+01 4.840461830398585619e+01 4.948875126367246935e+01 4.994762491684372918e+01 3.082914944746778829e+01 3.541337360026244596e+01 4.996376547759223286e+01 7.074075229596031988e+01 7.259156162713229321e+01 5.739875266764378381e+01 7.334338161293281644e+01 7.988167148655634264e+01 8.207423683435303019e+01 8.013839061677870745e+01 6.337451909308519049e+01 8.013797458471768209e+01 7.282222607870846787e+01 7.282247348690181354e+01 7.541046547010154200e+01 5.553329841858339222e+01 6.563211264542960066e+01 5.263047510030590814e+01 7.113748722400384850e+01
2.784909619290794680e+01 4.095491538413491384e+01 2.772310333201247445e+01 4.644245842835797333e+01 5.077752672797225131e+01 4.168084087074487343e+01 5.660825172380861403e+01 4.825754048850287603e+01 3.471729286770200673e+01 3.085832673072349763e+01 5.502298261120664336e+01 3.562273558347337143e+01 4.751813234866488500e+01 4.795849319631700780e+01 4.218257625848696790e+01 2.953726446013878970e+01 2.990159145309509725e+01 3.027443031374953719e+01 4.989953707021440010e+01 3.172825196043563878e+01 5.154591159972804348e+01 5.327705498395603456e+01 5.995586644122330000e+01 4.851601776632382013e+01 6.588827755445565515e+01 5.991537412942104623e+01 6.210005162315975724e+01 8.207423683435303019e+01 8.336422020503373176e+01 9.170376136838946479e+01 9.290031013344713529e+01 8.818469937597586750e+01 6.800879260471195664e+01 7.542433552469429969e+01 6.097811306832986133e+01 6.294938012445062014e+01 7.934281916443589466e+01
2.037915931921376611e+01 2.516953508347015855e+01 4.582232565139122471e+01 5.541667685606575589e+01 6.926539152188189519e+01 5.132010512157584259e+01 6.926539152188189519e+01 6.130022486311980146e+01 4.162061340269997345e+01 6.063382196801961044e+01 6.167967546040585347e+01 4.180072355465010503e+01 6.181396015549140088e+01 5.447687872423571775e+01 3.469126921361956306e+01 4.903834050922151278e+01 4.914948762935745208e+01 3.388329645572736126e+01 5.280954325339271094e+01 4.898399492344837114e+01 3.267602004460885468e+01 3.336410418806182321e+01 5.155093372038308530e+01 4.169299326266595784e+01 5.550362048392258174e+01 4.579418822901232033e+01 5.991567822753765427e+01 7.988781925488150648e+01 7.825252637704205938e+01 8.651816293319959073e+01 9.804098998475043913e+01 9.652912621568455620e+01 8.225127986026086546e+01 8.723267282332430739e+01 6.733454156075170260e+01 8.232290140120959165e+01 9.065670601100714521e+01
1.985054150821107655e+01 3.983444396775956164e+01 4.068684907446821342e+01 5.616658340477508204e+01 7.620907798545371747e+01 6.512245446181493946e+01 7.907999453948224300e+01 7.119569823685293386e+01 5.792563226703610013e+01 7.119136898061260865e+01 7.010148803517905947e+01 5.076270377600521755e+01 7.010326513218018363e+01 5.852695160462548785e+01 3.868715071360620072e+01 5.852689183940785966e+01 6.081487348212745303e+01 5.281482274276824285e+01 4.102487875561212149e+01 6.012457597790571384e+01 4.675097576954977541e+01 5.327993935417883620e+01 3.435426541272764922e+01 3.506969585104798881e+01 3.579109484757876913e+01 5.577872701740788841e+01 6.486671514664989502e+01 6.672319435355552741e+01 5.828376362515350451e+01 6.981875133319746851e+01 8.977366571203212686e+01 1.028418928501748866e+02 1.025092412420640358e+02 9.558455230041813877e+01 7.707469422015920202e+01 9.558455230041813877e+01 1.004408784552564526e+02
2.960901804039167828e+01 4.574366579897122875e+01 6.203689382660105878e+01 6.696651777055642185e+01 7.517173016853685397e+01 8.479796521693432965e+01 8.328349985697130364e+01 7.507593628567597932e+01 8.172254284408842295e+01 8.797820604014792423e+01 7.904779683180255745e+01 6.489153580818717160e+01 7.904779683180255745e+01 6.285889508379926127e+01 4.300743614258706771e+01 5.444616030238629634e+01 7.435090451061478234e+01 6.695507976530852545e+01 4.699728338986859200e+01 6.695507975134376011e+01 6.680384327800325650e+01 5.848110211531172098e+01 3.819250654720445226e+01 5.594183984348680383e+01 5.577872715665921532e+01 3.682242075040127816e+01 5.596804512139694054e+01 4.677303595086790722e+01 6.068400941690456563e+01 8.079009277569713277e+01 8.834204160930725891e+01 8.271760656892001862e+01 9.690323560850917772e+01 1.057079298360846593e+02 9.739065142648927065e+01 1.057079298360846593e+02 1.087914551391674962e+02
2.114174907661461944e+01 4.087710235837288053e+01 5.074276388320134146e+01 4.716077371768582793e+01 6.373614061704045497e+01 7.675060558881288841e+01 6.844596707808078406e+01 5.593141352497659113e+01 7.185887910860175509e+01 6.886012348438572417e+01 8.818071685641788804e+01 8.491117952178866801e+01 7.913272031056075662e+01 5.920143632612252560e+01 4.850009497450842133e+01 6.836974423811922463e+01 8.263404486496419565e+01 7.398203085804681223e+01 5.410681271398264869e+01 7.398203085799555367e+01 6.468181989913573204e+01 4.422858366927522411e+01 5.848115428479596289e+01 5.847973322037884003e+01 6.508415926814166141e+01 5.681514704153311612e+01 3.786205944802982515e+01 4.264520031958473822e+01 6.538171466082889083e+01 6.805341822447904576e+01 6.805341822447904576e+01 6.828415120212886791e+01 8.861187355416015521e+01 9.606492684092708600e+01 1.043277116473744428e+02 1.143332016785262226e+02 1.109170718215854095e+02
4.087710235837279527e+01 2.305402499960673879e+01 4.254609826061090416e+01 3.591077718280337194e+01 5.553132634625949038e+01 6.514315720511363850e+01 4.831827983305779384e+01 4.496200392635159915e+01 5.220872278957741486e+01 6.602994954780359649e+01 8.593115990839778817e+01 9.419859833848188657e+01 8.741617739859715641e+01 7.664631483637160159e+01 5.994329650784376895e+01 5.909217309706367161e+01 7.902347053638580121e+01 8.225090715073835668e+01 6.555618869126793413e+01 8.225090689331784688e+01 6.932051991398616053e+01 4.870222134079526199e+01 6.932051991398616053e+01 7.920444865412927982e+01 7.766695607043138239e+01 5.783148810379890392e+01 5.777629061536102739e+01 3.891751041550958234e+01 5.891917601086967693e+01 4.808204499108505559e+01 5.537771840186225347e+01 7.575549309897336059e+01 8.597989331780770783e+01 7.589485979468815913e+01 8.603340227803877838e+01 1.060964514038155926e+02 1.192337877654988176e+02
4.765503352476634547e+01 2.921401262535118093e+01 2.486243127983517809e+01 4.415917907806529996e+01 4.788928037169991114e+01 5.066507558605761830e+01 3.670481308430952083e+01 4.831988471138559049e+01 6.853096141972251587e+01 8.011596714062154945e+01 8.831750380851768512e+01 7.413719797836924386e+01 8.831750380851768512e+01 8.816969293920773509e+01 7.988048590133733740e+01 6.902203729716536884e+01 8.731264241876847620e+01 9.376862283956970145e+01 8.549194681400157947e+01 7.753538580134510028e+01 5.659150473185101760e+01 6.062887623149214988e+01 7.801410926091897124e+01 8.704627913346648427e+01 6.591546421230866315e+01 6.589255019942817171e+01 5.964377776071973614e+01 3.966617365849034371e+01 4.304986777029350975e+01 6.271584733428829850e+01 5.466860452733962461e+01 5.985320750043670301e+01 6.560028812868507941e+01 8.597989331780770783e+01 1.043277116473744428e+02 1.143332016785262226e+02 1.164638185323379389e+02
5.288966825669673710e+01 4.332903192523833980e+01 2.947895403221447808e+01 2.659751196642037741e+01 3.238578574101089913e+01 3.176883453371415555e+01 5.066507558605761830e+01 6.514315720511415009e+01 7.703832407286368777e+01 8.291090739888407768e+01 7.938649494755119917e+01 6.007517400471752467e+01 7.938649494755119917e+01 9.092670219736896797e+01 9.731610646852668367e+01 8.902490485625010308e+01 9.731610677896732398e+01 9.984081706663316425e+01 7.856351652350005565e+01 6.629866190164084117e+01 7.131398223609595277e+01 8.261845505360172126e+01 9.080084038713918915e+01 8.063312847937864092e+01 6.591951983711852847e+01 4.461274751891406964e+01 4.075231503697589375e+01 5.314996250257556909e+01 5.370114995206094477e+01 7.105410986152621433e+01 7.504114029726362389e+01 8.032760781910816661e+01 8.597989331780770783e+01 9.427518047061869311e+01 1.105727123252987241e+02 1.105711588819338544e+02 9.643835602346247526e+01
