LEM/sinusoidal_perturbations/elevation_000594.asc
nrows	100
cellsize	150.0
xllcorner	0
ncols	100
yllcorner	0
NODATA_value	-9999
[rows 34 to 50 of 100, columns 37 to 73 of 100]
4.900260195916212069e+01 4.051778501676550803e+01 5.880996042107086197e+01 7.295455507198089151e+01 7.970534775131015692e+01 7.141374047077965770e+01 5.993687349106046014e+01 7.591821103059132270e+01 7.224799224368241823e+01 8.999635254091336378e+01 7.673282380937541802e+01 9.029207062650607440e+01 8.851052258441917786e+01 6.976831270517324413e+01 4.887644702933688023e+01 6.062991020749031179e+01 4.421113150313663454e+01 5.954475355714492935e+01 7.996794265639937294e+01 8.803071196669039011e+01 7.953890125967468805e+01 6.679362256646038531e+01 4.666552808196473023e+01 6.264595873961987849e+01 6.313051219050739604e+01 5.469719750046631646e+01 4.094153773927542517e+01 3.362521813202565824e+01 3.842257554064828895e+01 5.774742509375364818e+01 7.218489403523018666e+01 8.048198490912089653e+01 8.943716853121364352e+01 9.430568115475139734e+01 8.011882125627526818e+01 8.011882125627526818e+01 1.001912292752919740e+02
2.941277189351179544e+01 3.078986408394656493e+01 4.467386161711534953e+01 6.028163567866364048e+01 7.162888006933307850e+01 7.870052322397131661e+01 7.991779571683680672e+01 8.816339105451909575e+01 9.200431922021989806e+01 1.000453470009186390e+02 9.589282920551744382e+01 9.615515846425773816e+01 7.561046057708475132e+01 6.112683239713560113e+01 6.378139499149096991e+01 6.913314106924970304e+01 4.813572100025444200e+01 6.320067964651560288e+01 8.345536989426939556e+01 8.431925579979827035e+01 7.135712613672492921e+01 5.143461057266837599e+01 5.580757050505541628e+01 7.494377573288481642e+01 7.580003190766906584e+01 5.545329914021398565e+01 6.117988313516198673e+01 5.374900284336599299e+01 3.441180572237082202e+01 5.460252919105074199e+01 7.036519271611560100e+01 7.872415786513700198e+01 8.536861360762260631e+01 7.707432692726534640e+01 6.604419210305043464e+01 8.011882125627526818e+01 1.001912292752919740e+02
4.900260195916212069e+01 5.053519072086700703e+01 3.282215758056681665e+01 4.524056518458950649e+01 6.157639966194991388e+01 5.891981627698813639e+01 7.870071751894212753e+01 9.608964896454547500e+01 9.839753930342156707e+01 9.006667566412188819e+01 9.369808516325966252e+01 1.020161828942442668e+02 9.020088818605348990e+01 7.561251982052696974e+01 8.415446289943244551e+01 7.289961369534810842e+01 5.230692607633266533e+01 7.289961369534810842e+01 9.015561402249286971e+01 7.034562014743880809e+01 5.636656974358692906e+01 7.135712613672492921e+01 6.728349404084335106e+01 8.379184935546585677e+01 8.415270135083190439e+01 7.578544165512303721e+01 6.490946726212943929e+01 4.618675412960146787e+01 3.497370730830727581e+01 5.439528114843940187e+01 5.019010409993879307e+01 7.041156357075914229e+01 6.979640858239477552e+01 5.714292668143402665e+01 7.121724418699574244e+01 9.121457551476530057e+01 9.349146817172253066e+01
6.312631151871694613e+01 6.106885874074978915e+01 5.278884380525772713e+01 3.499315851056366711e+01 4.241581317525746897e+01 5.675637229700000574e+01 7.653413312061124429e+01 7.615485800685451068e+01 8.679641784908186253e+01 7.011248937596333519e+01 7.377090460132849614e+01 9.048509625053738148e+01 1.020161826728203920e+02 9.620122654843694932e+01 8.839594174905224122e+01 6.831298889918100770e+01 5.657032869369115957e+01 7.680104352103332133e+01 9.119128314927760925e+01 7.136268488895663609e+01 6.001834499687758040e+01 7.974323660602841812e+01 8.701228334863468206e+01 9.504955611791794468e+01 8.788140485237732946e+01 6.793901918077276036e+01 6.133873871701973712e+01 4.115800620012049649e+01 5.520988035401455818e+01 3.578993041488424609e+01 5.608113989147613410e+01 6.344091868442293247e+01 4.969863588693678480e+01 6.136485531782489744e+01 8.131472183205706017e+01 8.765061766279613664e+01 7.350970035365170929e+01
6.941927963345935382e+01 7.533053284320229182e+01 5.283345581255021273e+01 3.663504465289000223e+01 5.679469391642507503e+01 7.075915088436238420e+01 6.753957179937829380e+01 6.215279080674626044e+01 7.371452551604050996e+01 5.872140696780703450e+01 6.239300060887094901e+01 7.377090460132849614e+01 9.369808516295550760e+01 1.067965692926472059e+02 9.694268800956342602e+01 8.107633054472017875e+01 6.107518949852696721e+01 8.107633055401872468e+01 9.932337579953991735e+01 8.368224315355787724e+01 6.394932784606378817e+01 7.528966141977321058e+01 9.514672300524510717e+01 9.587627104601119754e+01 8.201180932155956782e+01 6.210987864402841296e+01 4.797570057101431473e+01 6.109912795689735532e+01 4.764489431421780097e+01 3.637518732529843390e+01 5.669536275771103817e+01 4.313294754749955473e+01 5.757620772792236608e+01 7.759958341500471590e+01 8.960980117331664019e+01 7.936222464402095511e+01 5.945856053457293200e+01
7.691770134339071774e+01 6.892029976109282075e+01 4.968543962066743092e+01 3.834855488352030051e+01 5.850811633271312928e+01 6.337762362380010472e+01 4.758208498927807995e+01 5.064841872827246050e+01 5.388331314296005559e+01 7.371452551687454502e+01 8.219312210163820964e+01 6.860775816713938013e+01 7.848219426592103787e+01 9.846984033830632654e+01 9.766063960792200760e+01 7.734909214961386681e+01 6.611489847665143316e+01 8.608747452790900923e+01 9.956594564904469280e+01 7.970431096284826822e+01 6.830068094491011266e+01 8.809882551642331805e+01 1.032541620276223711e+02 8.756111800306516102e+01 6.760783479377879246e+01 5.619515850232777865e+01 6.793901918077276036e+01 7.393573791471489187e+01 6.308745547730412540e+01 5.262748768006254352e+01 3.721781707238768178e+01 5.757345928323490369e+01 6.681362684107565997e+01 7.394530243674451242e+01 8.222690807814389302e+01 7.298120759888355735e+01 6.470640098094446557e+01
8.519097593798930745e+01 7.707206188099755195e+01 6.199971044849653623e+01 4.191546517437430452e+01 4.124582117215886257e+01 4.332045430194010294e+01 6.337762381004465340e+01 7.053851323799158024e+01 7.371452551687549715e+01 8.197849193315933292e+01 9.362404681881123736e+01 7.368581423342249082e+01 9.362404681881145052e+01 1.067965692926472059e+02 1.062690609286591581e+02 9.149174904176584278e+01 7.135320666801123934e+01 9.149174904176550172e+01 1.076377268592515577e+02 9.321366406969593754e+01 7.334301415132267721e+01 9.321366406969593754e+01 9.915875238894398080e+01 7.907106038499404121e+01 6.760783479377879246e+01 7.604108457096687346e+01 8.433573027195072314e+01 8.246948999421209692e+01 6.264196873834160328e+01 5.969717699949476497e+01 3.936680379857268974e+01 3.812090657114552528e+01 5.850865264904267349e+01 5.374696884015651221e+01 7.383188778424103305e+01 6.463476667196732706e+01 4.434405896145122483e+01
9.071340522970014320e+01 7.924514694298406425e+01 6.559127280891311784e+01 4.559479070280391966e+01 6.135142575334121062e+01 6.337762381004463919e+01 4.749300035475508253e+01 6.745167024041876402e+01 8.004372035780926353e+01 8.998214812130456153e+01 9.940058392510195517e+01 7.939007240334797189e+01 9.940058392510196938e+01 1.177774128705734711e+02 1.025147257845171538e+02 8.189262677926917888e+01 8.281580635112609912e+01 1.001330366945791326e+02 1.036749837364090752e+02 8.397982309831526493e+01 8.329722378512643388e+01 1.013089196718229772e+02 1.074701514061090819e+02 9.587627104601119754e+01 8.756111800306516102e+01 9.333447211241897890e+01 8.496237459952781990e+01 7.441909087647178467e+01 6.289480938629318274e+01 4.254320462995796959e+01 5.973416735248349596e+01 5.188532358633975861e+01 3.903599384462231114e+01 5.943913126375348099e+01 6.776203853720276982e+01 5.474652273869104846e+01 4.285510650855897552e+01
8.245025112372510989e+01 6.262202418989578945e+01 5.112059845346706766e+01 6.559127280891311784e+01 7.383257506538821247e+01 6.380512901720845775e+01 6.745167024041876402e+01 5.191893565913353115e+01 6.187202950788821454e+01 7.586578074641172975e+01 9.579385182020642731e+01 9.940058392510196938e+01 8.935995724592777378e+01 1.094412105899371710e+02 1.112164709919091479e+02 9.201737855546760159e+01 1.040006001491794052e+02 1.124955023435194619e+02 1.000095500962315072e+02 9.801515002992302072e+01 9.741061201205073417e+01 1.111598432568628994e+02 1.088101522636529808e+02 1.004807599169116088e+02 9.827228383672076006e+01 8.174221632699546092e+01 6.487944756524312595e+01 6.615483110197176586e+01 4.592696327203462658e+01 6.289481433927841891e+01 6.271710899118659910e+01 6.603358790414010571e+01 5.351800112802934706e+01 3.996377338003178181e+01 6.035662733690721637e+01 4.187333238477071262e+01 6.228215614741439765e+01
6.831440757011257858e+01 5.842437893673580618e+01 5.867798606034901354e+01 7.849108940251670674e+01 9.195809347233820574e+01 8.367691800972902172e+01 7.509005448737370614e+01 5.527354897049650617e+01 6.669988411686560426e+01 8.070356165198489862e+01 1.006687855901556219e+02 1.177774129559448966e+02 1.009447849626500613e+02 1.177774128705734711e+02 1.217169767143893750e+02 1.130120771170222156e+02 1.217167823275749328e+02 1.265107812035198407e+02 1.188255526586963526e+02 1.173390310314653675e+02 1.169381803367288626e+02 1.085410522233270854e+02 9.839634519694965320e+01 8.016217939531586012e+01 7.793366479411452019e+01 7.339472442384649753e+01 5.378241199263146655e+01 5.013420998832089026e+01 5.014746990893186052e+01 7.015667140023187187e+01 8.267544255484384053e+01 8.114757338662565189e+01 6.722066193615253837e+01 5.466701602026054019e+01 4.090135031708687308e+01 5.248217002661738917e+01 6.859521851295831141e+01
8.450401855128183115e+01 6.468579287425752966e+01 7.849110588136107935e+01 7.267079416607919029e+01 9.254258136163346649e+01 9.271605868708526543e+01 7.281575245030022359e+01 5.885456315893321033e+01 7.864441719936689879e+01 9.188853402379034208e+01 1.001934597289492643e+02 1.117578566745248736e+02 1.210475438653751610e+02 1.293902083562216490e+02 1.255352408230235994e+02 1.171710466362951877e+02 1.145673584380926400e+02 1.229238427186891442e+02 1.275428437946992801e+02 1.192201368159300330e+02 1.144887134366402393e+02 9.430634471446693112e+01 7.984748769731777429e+01 6.966235271659166983e+01 6.371840889516440143e+01 5.924751035581613934e+01 5.682045823737102808e+01 6.980359662864920267e+01 7.015667140023187187e+01 5.633355371982322168e+01 7.612359264615690790e+01 7.957191935268065208e+01 5.962666020223539931e+01 4.521635969443585168e+01 6.132383537240546900e+01 6.072439645777545536e+01 7.643895642996180584e+01
9.152927829527816073e+01 7.165884307696151723e+01 9.152927829527816073e+01 9.254258136163346649e+01 1.008239920599656898e+02 8.857657593833172882e+01 6.871225846039959606e+01 7.864441719936208131e+01 6.542605563750902320e+01 7.198372589316508652e+01 8.343098478463321044e+01 1.034417611380050204e+02 1.103686546534228796e+02 1.186437723197673506e+02 1.171710466508267814e+02 9.713037336166253510e+01 9.453237307945464352e+01 1.113331039167446050e+02 1.159876266936773987e+02 9.923845803011396072e+01 1.159876266936773987e+02 1.043975290755535781e+02 8.408238886943399848e+01 9.003255567505101453e+01 8.389070839172404703e+01 6.793221504416908374e+01 6.156787911272186875e+01 8.158621957748376019e+01 8.053838451928092468e+01 6.079483504964302654e+01 8.053838451928092468e+01 7.997374269492617316e+01 6.009641928031367542e+01 4.840496270606075768e+01 6.849756458712653284e+01 8.083400336741297565e+01 8.538993542034093309e+01
9.981058358742846792e+01 8.568512080743732895e+01 9.152927829526539938e+01 1.114966283950853096e+02 1.049026541193669999e+02 8.490737359720156974e+01 8.013420440371393738e+01 9.229263755327313845e+01 7.238322709283765732e+01 9.188853402379034208e+01 9.188853402357464972e+01 1.070704163315209598e+02 9.029495658624877308e+01 1.070704165089932332e+02 1.161026678315162144e+02 1.030001574370464965e+02 8.282505358279230734e+01 1.030001574409922540e+02 1.076837091900786305e+02 8.761626562877037827e+01 1.076837091900786305e+02 1.127103015244653506e+02 1.043975290755535781e+02 1.025610729750330705e+02 8.225165548108573432e+01 8.700482519137781878e+01 6.673028408616038121e+01 8.700482519137781878e+01 8.534494268580985477e+01 6.552699566953620547e+01 8.534494268580985477e+01 8.830610892165894654e+01 7.168536757585277996e+01 5.177754481365280981e+01 7.168536518880533492e+01 8.502676942401883764e+01 9.679631437665022986e+01
1.002825586293408264e+02 1.056383225630140572e+02 1.109671740522412904e+02 1.026688726126042326e+02 1.109671740785518210e+02 1.049026541193664173e+02 9.423889467709362577e+01 1.005980732726120550e+02 8.228935269416555798e+01 1.005980732769323396e+02 1.119200993672781124e+02 9.877909967025895810e+01 7.849576385943002776e+01 9.877909967025998128e+01 1.077518442011526218e+02 8.758029660621564005e+01 7.659879954827501081e+01 9.691713515404798329e+01 1.005887962804126659e+02 8.036886123607716570e+01 1.005887964784388515e+02 1.058795858362269939e+02 1.141940675063080164e+02 1.108815062469881951e+02 1.025610729750330705e+02 9.315544797738411376e+01 7.275617199204832275e+01 9.315544797738411376e+01 9.068346091956549060e+01 7.070855473580635930e+01 9.068346091956549060e+01 8.576004997148672260e+01 6.585544453576996204e+01 7.168535910225699581e+01 5.694550108353857354e+01 7.085013751791288428e+01 9.083672416351684831e+01
9.198414573552308582e+01 1.032109504226798151e+02 9.733017355715558949e+01 8.250096234936778217e+01 1.009028483803774634e+02 1.125176526330544959e+02 1.142809266144831639e+02 1.106114450639464479e+02 1.022959224123957966e+02 1.106114450681908608e+02 1.044519396177559685e+02 9.160785752160829531e+01 7.117235611177713395e+01 9.160785752159392814e+01 1.044519393552513691e+02 9.128184310141276114e+01 7.084366957005383370e+01 8.446911994491931353e+01 9.284876000142897112e+01 7.412099528619268085e+01 9.312632592084831629e+01 8.571491137386561832e+01 1.000087295085095747e+02 1.200530868053459983e+02 1.059970111646528181e+02 8.569279511975184960e+01 8.721457328385314156e+01 1.015089741145999369e+02 9.675548005319799927e+01 7.661687086708008110e+01 9.675548005319799927e+01 9.411108963647242831e+01 8.576004828899002064e+01 8.050655837572612938e+01 6.074809810452312320e+01 7.203439203700355620e+01 9.207972299530885607e+01
8.793069733508636432e+01 8.302526822075058988e+01 7.709998242207508667e+01 7.230583902816580633e+01 8.406730875740521469e+01 1.042201873768677132e+02 1.105314505247492178e+02 1.022370423391402880e+02 1.022370423391402880e+02 1.081058360733080264e+02 9.613694041836453152e+01 7.579140607066047153e+01 6.493384927818053143e+01 7.579140607066008783e+01 9.613694041792687983e+01 9.281233343097073885e+01 8.446911994491931353e+01 6.394437243394829551e+01 8.446911526005453652e+01 6.812550147173521964e+01 7.273320255380704680e+01 9.312632592084831629e+01 1.042004049478143060e+02 1.131956819692584588e+02 1.143063861194445963e+02 1.001072937988407716e+02 1.074979882348657014e+02 1.110088520079834922e+02 9.085154007997749659e+01 8.822537717618691033e+01 1.050740682768618228e+02 1.012472968149556181e+02 8.106542384035279269e+01 6.703468954800148083e+01 7.462768143150745459e+01 8.885085299271801773e+01 1.004519122631936767e+02
7.363414700503578558e+01 7.560650638355087949e+01 6.270815218561744331e+01 8.302526822084024616e+01 9.753995683251605442e+01 1.076199376903091292e+02 1.022370423391402880e+02 8.202234462105455748e+01 8.202234462105455748e+01 8.794309250304357306e+01 9.520419698680642284e+01 7.952488118631382008e+01 5.901407737568103329e+01 7.952488118631379166e+01 8.678454783200847089e+01 7.249385972381864462e+01 8.018782122507609245e+01 5.967379321513519841e+01 7.787524900594249289e+01 6.239822740203966589e+01 6.862725787237104669e+01 7.554550374410250413e+01 8.475011839731902796e+01 9.902717652452032837e+01 1.190410592089052244e+02 1.202166813053700309e+02 1.253970902571285393e+02 1.192965964737445432e+02 1.110088520079834922e+02 1.084078172800898301e+02 1.166979457030800376e+02 1.034562222571057930e+02 8.327283745858925101e+01 7.243812661998889268e+01 9.255634834756220641e+01 1.030745745247726859e+02 1.140778433867066042e+02
