LEM/sinusoidal_perturbations/elevation_000478.asc
nrows	100
cellsize	150.0
xllcorner	0
ncols	100
yllcorner	0
NODATA_value	-9999
[rows 17 to 33 of 100, columns 0 to 36 of 100]
5.222468517465790779e-03 2.000522246851711117e+01 3.909084375904667752e+01 4.341026795417317885e+01 3.544516096857086040e+01 4.148446216727291613e+01 2.692799301731147921e+01 4.692767668223899591e+01 4.928802116620442320e+01 6.928616001635680277e+01 8.739378848374913389e+01 7.919325054965950983e+01 8.739378849854351472e+01 7.498748889849120758e+01 5.696244428492025236e+01 7.498748875307138917e+01 7.849932907692623019e+01 7.687588520514583479e+01 6.216323988573714843e+01 4.229029012821573730e+01 3.069390576113788427e+01 4.702158249225626463e+01 4.710792859896857721e+01 3.255147952632442099e+01 5.254483194941016677e+01 6.689926018196995017e+01 7.515598734408222015e+01 5.966983614913529976e+01 7.515598734582481200e+01 8.390985247872480102e+01 7.577739220333941716e+01 6.059810709021732578e+01 4.050364142206348816e+01 3.491742280264011100e+01 3.931112841161555593e+01 5.940978958076849636e+01 7.163810155157339921e+01
7.333276091007126865e-03 1.992461559139740146e+01 3.260950068405255564e+01 3.330354981896142164e+01 1.927714456306463475e+01 3.352343017890402166e+01 4.692767668223899591e+01 4.692767668223900301e+01 6.692560909201559127e+01 7.756405130331299347e+01 7.698737881095408397e+01 5.796001708981864908e+01 7.698737881095408397e+01 6.685227480166344094e+01 4.651538708404418543e+01 6.685227480105194786e+01 5.874406307136882788e+01 7.265949847425004293e+01 7.030474349789334099e+01 5.889806201508991279e+01 4.702158249225626463e+01 2.703475386919211942e+01 2.712219504463429232e+01 4.706101197244638712e+01 5.942558770062059637e+01 7.084160071702946482e+01 6.735109436308340491e+01 4.954183982371818473e+01 6.061981973041228144e+01 7.889432281785862244e+01 7.409403644654895515e+01 5.436719052510225936e+01 4.274107440309197870e+01 3.372940705746644596e+01 5.383514753839160960e+01 5.938604268015416210e+01 7.908677840155171168e+01
6.343274376862209282e-03 4.637944234536726995e+00 1.619826979676999201e+01 2.215029547225648798e+01 1.222085134674778217e+01 2.410036404067674454e+01 3.424203591524400991e+01 4.362685528971973525e+01 5.252706122125910326e+01 6.085382059037297608e+01 6.857663381973614491e+01 4.711775985865503458e+01 6.857663381973614491e+01 6.006395962006528322e+01 3.937903753986751099e+01 5.161102325529372337e+01 4.410316096148600451e+01 6.453024652021342433e+01 6.960409467671345851e+01 6.151528922056257898e+01 5.525953489057643253e+01 4.346110372284744017e+01 2.351536363538246022e+01 3.163080311857415694e+01 4.309441909472087673e+01 6.260399558417156385e+01 6.061982885645689123e+01 4.277378495963057503e+01 5.526876294111670518e+01 7.336772097644978885e+01 8.213938284573377757e+01 7.080138893164824765e+01 5.266046711792954227e+01 3.255823635651462666e+01 5.100808964543536916e+01 5.801733988970863720e+01 6.651627602379448945e+01
3.497053469895897767e-03 2.956848071492389485e-01 5.241609083636509681e+00 7.156721255892186662e+00 1.276555370891019869e+01 2.796517038776493269e+00 1.669822674116738170e+01 3.407354904296698095e+01 3.117278931472414882e+01 4.873659031288300980e+01 6.142367583270804232e+01 4.009385684589839371e+01 6.142367583270835496e+01 6.824799528424536277e+01 5.161102325529812163e+01 3.072622555320138815e+01 5.161102325530892188e+01 6.384502900321962926e+01 6.151529280133999578e+01 4.334845323865011579e+01 4.866937893097448153e+01 4.147300338987978563e+01 2.154219417453023055e+01 4.147301790421713719e+01 5.917614371874224588e+01 6.087245301429715028e+01 5.555872954259791641e+01 3.714565221985372290e+01 5.555872954260808427e+01 6.568877188325937766e+01 7.661526789042329710e+01 7.888410206932853441e+01 6.085674708012055589e+01 5.100508880647661414e+01 3.091489063841879670e+01 3.933044808096511957e+01 4.994109200917547753e+01
9.635555453094322986e-03 1.956391712028867502e+01 7.089661491846813712e-01 1.001257193048736172e+00 1.293672349500912144e+00 1.586350119045726093e+00 9.038655060730242496e+00 2.542281023422808417e+01 1.761073854854039666e+01 4.019816658767070550e+01 5.526628746580671958e+01 3.415268253249227115e+01 5.524784688532729149e+01 6.161445499596724318e+01 4.104492988995639280e+01 2.626134837009568912e+01 3.500790280024093448e+01 4.942646100002839660e+01 5.258719443176310193e+01 4.447001478189635293e+01 3.073586501144344396e+01 3.901090998827811518e+01 1.956705103919775368e+01 3.724179795665384063e+01 4.489159633565800078e+01 4.463293815426585098e+01 4.554741845923477683e+01 3.222823185722049999e+01 3.958061483478503106e+01 5.024547497487699133e+01 6.851828330013744051e+01 7.123899133360011149e+01 5.145467599673996517e+01 3.982174449555254370e+01 2.977561820171481699e+01 4.826503337215515899e+01 5.278757947921463511e+01
8.845047570523793118e-03 1.996345525215523153e+01 2.983957484034921492e+01 2.892974634402609624e+01 1.018808451820868299e+01 1.320953916599295930e+01 2.000988083200428758e+00 5.498136985041827351e+00 2.055321112672731942e+01 4.254084171706902850e+01 4.981527602651232201e+01 2.891745053532006438e+01 4.360391707123396543e+01 6.481082305711291269e+01 5.299920059801340955e+01 3.229650558985622411e+01 2.041009726263737178e+01 3.586336546269025405e+01 3.492244833229873535e+01 2.619062316573128513e+01 2.293832038218418035e+01 3.244780509060966978e+01 3.594180901855494170e+01 1.703868699093221650e+01 3.459927731382875749e+01 3.928105026421167167e+01 2.652545978729863663e+01 4.554741845905464714e+01 5.789175099876026565e+01 6.568877174977853883e+01 6.655301659059223596e+01 5.827818659598630546e+01 5.389806277677192270e+01 4.561385896559499287e+01 4.648784821742309958e+01 2.818425429743104615e+01 3.262942331275508678e+01
8.023991185656003874e-03 1.155502944166476986e+01 3.155485789412729147e+01 3.689959865916231507e+01 2.152046410602278925e+01 2.064658462654957205e+01 2.294519792801129832e+00 6.420814599887233243e+00 3.235659635228333997e+01 4.714887346752421138e+01 3.877547899861858838e+01 2.430470450371104008e+01 3.883899103309445877e+01 5.994337108769732225e+01 6.124438216065659191e+01 4.753701415128732322e+01 3.558113359950063881e+01 1.532653545012695773e+01 1.485298500219897910e+01 1.515709645313109633e+01 1.546262620792345466e+01 1.577155412276235324e+01 1.608314746485515201e+01 1.639884363164561520e+01 2.023563843097347359e+01 2.149813032424839321e+01 3.860740054225517781e+01 5.061581712213214956e+01 6.125325381899136801e+01 7.043909302590178356e+01 5.827900862141144955e+01 3.820148493478437501e+01 4.407908130981175532e+01 2.559597871636290378e+01 2.665884516844242569e+01 3.894983554976300866e+01 4.606016348588779152e+01
4.598823041778624977e-03 2.000456692663844294e+01 3.983582772148351125e+01 4.434755282179055769e+01 3.668876652536559391e+01 2.179824020299298937e+01 2.588104919957836536e+00 2.231947737629638340e+01 3.219830567506018326e+01 3.338580013294893689e+01 1.827564362951038035e+01 2.994162369932825740e+01 5.084274975080507630e+01 5.344857983908917021e+01 4.352553639765382343e+01 3.524394311194345875e+01 3.041649670872980948e+01 1.442361448913255728e+01 3.028546671235431020e+01 3.396563023191806252e+01 3.536843513177204557e+01 3.126015649617466607e+01 3.032337494161109248e+01 3.598529843192511635e+01 1.684156251447061337e+01 2.273064832983844141e+01 2.873811242243333552e+01 3.706420284610251059e+01 4.714699087326480509e+01 6.336535549447686577e+01 5.822951067948467596e+01 3.819999894859237344e+01 2.410241763123742942e+01 4.408131673819540453e+01 4.669322240463392859e+01 5.524969233917509115e+01 6.485965388247210228e+01
7.340434288523949372e-03 1.414947621474624562e+01 3.414955048298335782e+01 4.218899200640081659e+01 2.942302000346612445e+01 2.236319170661273503e+01 2.882911500266816418e+00 3.205789372643033097e+00 2.396627829012953370e+01 1.305307452487268982e+01 3.338580013294893689e+01 4.739403061288381735e+01 5.943441033992126421e+01 4.521584969456122849e+01 2.540052419327005140e+01 1.432788695047987737e+01 1.399942934662029259e+01 1.460712167763134062e+01 2.454922534833839975e+01 3.291874938510586190e+01 4.287490936034223665e+01 5.082426240552774033e+01 5.052020656993430947e+01 3.813886223279848053e+01 1.715461383932440143e+01 3.426404023494118434e+01 4.602580627724417184e+01 4.188559706179504616e+01 5.566504426807220085e+01 6.359979013688008109e+01 5.653713270982999717e+01 3.945306491053327846e+01 2.305727399008762646e+01 4.301084027892804329e+01 5.928839201437808981e+01 6.823411614062413832e+01 6.272053949334463141e+01
3.515918393995972821e-03 1.923036560944068540e+01 3.427309656874489008e+01 2.693974155221052769e+01 1.713771935504876254e+01 3.299331766855787329e+00 2.287030459268554949e+01 2.245148439645431893e+01 8.102375747385325511e+00 2.837579010279085878e+01 4.170357363698710884e+01 5.031750023345443878e+01 5.889801606376481402e+01 5.343078161395001757e+01 4.127534413067139241e+01 2.328917796043884536e+01 1.370403837642380118e+01 3.353833757632362733e+01 4.245356519059344436e+01 4.805324770610912566e+01 5.432636034470534270e+01 6.217517055478643329e+01 5.027886341984515184e+01 3.848602691197213943e+01 1.746696215023249721e+01 3.213252898043717920e+01 4.990303976069020564e+01 5.656917149456719329e+01 6.291580853592118672e+01 4.893566728934825250e+01 3.418388234704989515e+01 4.047459935782323015e+01 2.200836416571862841e+01 3.190638680998201693e+01 4.915226804387451409e+01 5.553293131853416753e+01 3.833877585839541524e+01
4.608085242692564441e-03 1.956415810389222898e+01 2.693870148999505076e+01 9.410137461635386558e+00 3.715671101539073096e+00 2.277593665432761938e+01 2.850875796497287595e+01 3.486463734366152067e+01 2.837067484722291866e+01 3.693532862185514887e+01 4.176411684733324137e+01 2.969801503102241469e+01 4.686133688985006529e+01 5.817606664278094541e+01 3.830572636160508182e+01 2.456805508356622170e+01 1.341299231726789642e+01 3.161729011026115899e+01 3.991059434449412180e+01 4.374962633409683832e+01 5.130313272832667337e+01 5.916835023300021845e+01 4.220601694667691106e+01 2.005890953514855468e+01 1.777945457769237336e+01 3.692175798806365350e+01 4.502873203812733749e+01 4.852501467390534629e+01 5.149931868077270281e+01 3.845906239991031583e+01 2.061933705425025209e+01 2.052322837385657195e+01 3.768554089228399562e+01 4.843347512779011055e+01 5.814612985676092194e+01 4.651774567267580096e+01 2.729279501687698684e+01
1.610643649003322799e-03 1.989093786595984525e+01 2.487927747568752324e+01 4.132315652253690352e+00 2.229516856566773342e+01 3.008051352355448671e+01 3.483487267948027011e+01 4.089376836531788939e+01 4.114145527571956507e+01 3.522950689107516808e+01 2.191424660804601388e+01 1.794823668008204365e+01 3.305630516142959863e+01 5.499599509043353152e+01 5.254935815130210841e+01 3.587691170246202432e+01 1.430838953727541352e+01 1.300910535770491094e+01 3.149476859693667308e+01 2.503650754673553180e+01 3.999401007343576708e+01 4.034826699649062931e+01 4.935163509893485667e+01 4.078951840915286908e+01 3.689794462879474679e+01 1.822266424051197475e+01 3.805291643473898944e+01 2.820667385368547286e+01 3.558180949978964236e+01 3.952277459706654383e+01 2.007129484799615327e+01 3.998020966431552381e+01 2.100054735722708799e+01 3.751020158678345240e+01 4.692685855217107616e+01 4.143042418602884425e+01 2.265354147677119911e+01
2.022278438842990342e-03 1.989355503547721682e+01 4.549847041067900832e+00 1.065682587685601490e+01 2.342315988688901740e+01 2.506255188130228007e+01 1.678824608242537053e+01 2.476823490142956175e+01 2.117272021841802143e+01 2.344928772168460895e+01 9.167306683232494535e+00 2.772511707858134145e+01 4.146075302654185180e+01 4.997652437719786889e+01 4.249959509866094720e+01 4.290681460952325210e+01 3.616239593836114352e+01 3.248871542215922403e+01 1.261887761705434841e+01 1.417944298041706830e+01 2.039751755042679449e+01 3.229691051626189591e+01 5.282534678062175004e+01 5.152821191662395250e+01 3.179258393088583290e+01 1.963482147969843439e+01 1.866633532870356760e+01 1.898244683704514557e+01 1.929793865662870900e+01 1.961477121612006513e+01 3.521666775401306637e+01 4.741820054151553165e+01 4.084680103082828850e+01 2.147954835649090199e+01 2.181703606188695588e+01 2.216443729204677382e+01 4.228115020347026132e+01
6.642187732006160465e-03 2.000664218773165004e+01 2.650725449571448777e+01 4.970080086652472140e+00 5.269588921993793917e+00 5.572577923757437546e+00 5.880129106502200997e+00 6.192848177770158280e+00 6.510738380227240718e+00 6.832529367692692368e+00 7.156297406000363459e+00 2.396447374572035471e+01 3.508066863959415116e+01 3.739472627629152868e+01 2.113784644203494523e+01 2.865511483924640501e+01 4.691249605244339449e+01 3.228687455453351873e+01 1.235396134404245494e+01 3.175051723920853419e+01 3.994626072419411145e+01 4.840350679183997329e+01 6.068192541206654056e+01 5.940525357110119842e+01 4.823226569254439511e+01 3.973245824637474044e+01 2.095863600398713444e+01 3.879190652172360387e+01 3.919423542490284973e+01 2.061841681851697672e+01 3.866707489112957319e+01 5.002611394268173939e+01 3.299602694290285854e+01 2.609135808070788798e+01 2.309291941338705456e+01 3.964071671451197432e+01 4.931173441833747972e+01
1.591255364720534126e-03 1.882658818728419803e+01 3.360348823369685789e+01 2.770989145633335227e+01 2.528299458490174700e+01 1.691208064803991817e+01 1.924385938010764363e+01 1.267620550663229650e+01 1.899951236171234470e+01 2.628650196869824640e+01 1.060031989238494354e+01 7.612349990047302839e+00 2.706306018196172758e+01 2.747998180059496676e+01 8.647881349241135496e+00 2.619230897276804626e+01 4.584199627103081554e+01 3.191672086433614197e+01 1.209560054288910713e+01 3.070164603422618299e+01 3.860962211217130857e+01 4.436660443372828411e+01 5.254821130099178816e+01 5.900272584286866362e+01 3.837048014026361642e+01 2.424546857811262868e+01 4.036989290751211712e+01 4.857574731016919145e+01 4.212583111661511737e+01 2.222136052538159845e+01 4.216037825423086360e+01 5.326409094752478524e+01 4.946546788114204674e+01 4.261477462845424213e+01 4.208120917690158080e+01 2.474368267038743241e+01 3.806302537625984428e+01
6.189296070378335485e-03 2.000618929607002272e+01 3.643894797825201692e+01 4.640805975502021141e+01 4.540906790058099318e+01 3.685340075008183902e+01 3.686560988698013830e+01 1.938938240367019361e+01 3.602253870559916038e+01 3.367143530872557733e+01 1.402578682647692432e+01 1.075144938834276864e+01 8.061261442229747942e+00 8.373703366178075314e+00 8.679989643572811886e+00 2.385257676656432579e+01 3.396391727645008274e+01 3.362935887783530831e+01 1.486447218171850793e+01 1.173744370340506471e+01 2.766474469604185060e+01 2.409124709668297726e+01 4.167939243567941787e+01 5.813641163787334420e+01 4.649156662389897576e+01 2.661393050294030971e+01 4.642622131648512607e+01 5.644429018764935080e+01 3.632794318032529191e+01 4.217789786653637663e+01 2.517276448433231195e+01 3.670923442071682530e+01 5.683722702436939755e+01 5.928436967522530665e+01 3.930812121462813025e+01 2.584175634059998217e+01 4.516203037964003641e+01
2.247884206357958405e-03 8.167213437507589546e+00 1.816718724953882358e+01 3.230704539069853354e+01 5.225610256763057748e+01 4.998111544836084619e+01 3.046777095421368386e+01 3.871460807651858005e+01 4.218674357810814968e+01 2.225078194916722651e+01 3.368879357510098060e+01 2.856225764482714524e+01 1.309462756829732299e+01 2.762659493106646735e+01 2.799445973635009111e+01 9.099377708594094116e+00 1.087057240031231053e+01 3.468743141499763283e+01 3.352849901610349548e+01 3.049926717836630985e+01 1.138626591834072954e+01 1.375001411615107116e+01 3.332966931809385613e+01 5.001556701945730055e+01 3.016073796475370727e+01 3.809740325696245122e+01 5.464510948825480341e+01 6.503137956454180824e+01 5.668315237286358865e+01 4.743276558352857109e+01 2.735175711765850082e+01 4.743276555709866926e+01 6.509484028987594684e+01 5.820135608361557189e+01 3.787035052497147802e+01 4.516230321391036284e+01 2.741819810119159584e+01
