LEM/sinusoidal_perturbations/elevation_000576.asc
nrows	100
cellsize	150.0
xllcorner	0
ncols	100
yllcorner	0
NODATA_value	-9999
[rows 0 to 16 of 100, columns 0 to 36 of 100]
8.271705653423140972e-03 5.008271703599484148e+00 2.500604100389917761e+01 3.833394472699474420e+01 4.499710353795337880e+01 5.326970579073302758e+01 6.325824985142681101e+01 7.544431602322006825e+01 6.715929674707770403e+01 6.455198408095550633e+01 7.283885509829677574e+01 6.695233546864488972e+01 7.540287535190638835e+01 8.246465163001013821e+01 7.423575196642066487e+01 7.682091493444106334e+01 8.504549096706642786e+01 8.456333485129599126e+01 7.628878333724848915e+01 7.160882006963537094e+01 7.988515281148667668e+01 8.319558928186130231e+01 8.550044626259423808e+01 9.369223491160013850e+01 9.711493740022901022e+01 9.298047476722804561e+01 1.012355478499073627e+02 1.101589819094400866e+02 1.216673293726976794e+02 1.125527138778261929e+02 1.043032960000965659e+02 1.043032959991372195e+02 1.043559920691982228e+02 9.608598982191794846e+01 9.868679898536542794e+01 1.069508561859538389e+02 1.115482081391735960e+02
7.813061968023241044e-03 2.000781306196766707e+01 1.256755658452858704e+01 1.834104518083684709e+01 2.500762713308684226e+01 3.500639847626391798e+01 5.498780867107414849e+01 6.388411854934791023e+01 4.712773088642223485e+01 4.452147201507282404e+01 6.127833186416026479e+01 4.694580418223164031e+01 5.952664506056864724e+01 6.783497982282362671e+01 5.426411960115055422e+01 5.685817285984605718e+01 7.682091492760494589e+01 7.301933430832836791e+01 5.628643993530705814e+01 5.160252394734497017e+01 6.322206707879694676e+01 6.321907135727454374e+01 6.553368505754913542e+01 8.550044626259423808e+01 7.714022789423381710e+01 7.300089494538993051e+01 8.194060573099410760e+01 9.347775030506346639e+01 1.134332016240088450e+02 1.043032960000965659e+02 8.415182061228357213e+01 8.415182061228347266e+01 9.268395577324673695e+01 7.576546884070452847e+01 7.841706348944288152e+01 9.868679898536542794e+01 1.015579874291537266e+02
2.526786264046545528e-03 2.000252678626369018e+01 3.255935985655218445e+01 3.826627894319465639e+01 4.499710353795337880e+01 5.326970579073302758e+01 6.325823330032699943e+01 5.559406677324403034e+01 3.557132508669302950e+01 3.296688201516465710e+01 5.226839738015499393e+01 3.540629526345381350e+01 3.954528799436158693e+01 5.947987634749279096e+01 4.271200407571941327e+01 6.270512464417571863e+01 7.821504377057088675e+01 6.407435184222754287e+01 4.473282042767889521e+01 4.005155166812571821e+01 4.321188585001758042e+01 5.138204863856723392e+01 7.138181401617431732e+01 7.632693785444666901e+01 6.299944385072178932e+01 7.056130443064820668e+01 8.469501279457716691e+01 1.046615968026291483e+02 1.128737423840316154e+02 1.025489292845274036e+02 8.232046893405710364e+01 6.959291594279019932e+01 8.435393147802435010e+01 6.375613368008579585e+01 7.784033594506328768e+01 9.815572171507953669e+01 9.330176865715202439e+01
4.163169627051843593e-04 2.000041631696235100e+01 3.821666635897434361e+01 5.208587798055534535e+01 4.953818729901927043e+01 5.612507028003827969e+01 4.784175269391633378e+01 4.565317187711224278e+01 4.403393135826147642e+01 2.403041143729937801e+01 3.647020546557049414e+01 2.541402537853474186e+01 4.523437941227705039e+01 4.751655872531376446e+01 3.604158434014345147e+01 5.604287736814989529e+01 6.150682644078477068e+01 4.993347221283575266e+01 3.578913364923763396e+01 5.579275221307056398e+01 6.322206707879694676e+01 4.846592806402671272e+01 5.231916214384907704e+01 5.632513321752209379e+01 6.788001174542891647e+01 8.786565350325493284e+01 8.469501279457716691e+01 1.046615968026291483e+02 1.046230988934434976e+02 8.446650944724770227e+01 8.232046893405710364e+01 6.171483638441839759e+01 7.353419769252145954e+01 5.716829875198826016e+01 7.784033594506327347e+01 9.514482204071583737e+01 8.659549057542152184e+01
5.883922493566802643e-03 1.000576408432973885e+01 2.413810777330691337e+01 4.337111375804345670e+01 2.980688697917350183e+01 4.357674871552431028e+01 2.784841894847258104e+01 2.566204479489047330e+01 3.294303701929081285e+01 3.436935268258346099e+01 1.650092458492677849e+01 3.618135389624791998e+01 4.030389271235363680e+01 2.750840914800188131e+01 4.374390569425770536e+01 4.554113174569900480e+01 4.150112988408508130e+01 4.932314977271775547e+01 3.306467058268629700e+01 4.721139298987370125e+01 6.721599250241470713e+01 6.848850883282089796e+01 7.232657692706170849e+01 7.632693785444666901e+01 8.459364218430623339e+01 9.612434153702147910e+01 1.046615968026291483e+02 1.129055315509505704e+02 1.024396788215938869e+02 8.225267641414947661e+01 6.765755620766944389e+01 5.977437464266586176e+01 5.287389548084514956e+01 5.165618849711450622e+01 6.630736763126594724e+01 8.147973345098554887e+01 7.318011855185480385e+01
1.256007409845548732e-03 2.000125600740949139e+01 2.606594318376679453e+01 2.440449802410745050e+01 1.590125297954471506e+01 3.520168990553170829e+01 2.953033305964383359e+01 1.155632458702267584e+01 1.298284343223380688e+01 1.441900320725934215e+01 3.438256286943881435e+01 1.875209611599811055e+01 2.035323194450595707e+01 2.197062356597420774e+01 2.373672700272056701e+01 2.552806942183310923e+01 2.734589937509394630e+01 2.931058740041649813e+01 4.932314839870333856e+01 5.701905668357784407e+01 6.149296821729230089e+01 6.620955613794170347e+01 7.121182261343460596e+01 7.787887745942227014e+01 8.543504625547868159e+01 9.370566176140242476e+01 1.052383385499281587e+02 1.101117718013228171e+02 9.848645110111004897e+01 9.017775824550103891e+01 8.816531252746077030e+01 8.041410921744915186e+01 6.730488219314121068e+01 4.669888156941216550e+01 6.730488219314121068e+01 7.318011855185480385e+01 5.311083415571199140e+01
9.594114293757748102e-03 2.000959411429340307e+01 3.117636718354129588e+00 4.416774290151819216e+00 2.161341658155055612e+01 2.730773997902299755e+01 9.567813626274700667e+00 2.953111725833442591e+01 3.294303798456053300e+01 2.174112836662578729e+01 4.072058392672432348e+01 3.887850525978792149e+01 4.034118052670729782e+01 2.828644171843865962e+01 4.374390569425770536e+01 4.554082993534267132e+01 3.269991241103402047e+01 4.931981507748528060e+01 3.363192893762614233e+01 3.701461753682091427e+01 4.148502951994799304e+01 4.619876832141901701e+01 5.120275671146316654e+01 5.787771292145922786e+01 6.544330275668680486e+01 7.698916504960044449e+01 9.697233454005417741e+01 1.018464705364993819e+02 8.163566798958675008e+01 6.975942439549164931e+01 7.838922770079443580e+01 7.867230048543203225e+01 5.809974538499459129e+01 4.356428284448412569e+01 6.412530726757874788e+01 6.857590894385677416e+01 4.850940440813358379e+01
7.711341127313004785e-03 1.288080140167828125e+00 1.527314826225604705e+01 2.378414137451849086e+01 6.294033131213946142e+00 7.630273357745905649e+00 2.759666852814581617e+01 1.954131283651118167e+01 3.952092168015764884e+01 4.073460161837068227e+01 3.490591467562792616e+01 5.480160987233146130e+01 5.496570039944873542e+01 3.495718529055517365e+01 5.496570039944907649e+01 5.825697081505421693e+01 3.825063129270589712e+01 5.825529359616187719e+01 4.119286659411366713e+01 5.701905711560118561e+01 4.517918381557408480e+01 6.518736136130928571e+01 7.121182261343460596e+01 6.535581295508180233e+01 8.534948055201755324e+01 9.370566176140242476e+01 9.888518154004513860e+01 9.057271384263158609e+01 8.836309248564387531e+01 7.838922770079443580e+01 5.781839880988016489e+01 6.869204596519871586e+01 6.109374960608914051e+01 4.058250594837183911e+01 6.109374960608886340e+01 7.657915186881294289e+01 5.650198018187828097e+01
2.297228869525369630e-04 2.000022972288659773e+01 1.616685333475429331e+01 3.272726997492068790e+01 2.741584419725584354e+01 1.468550337284077578e+01 3.456837999898735347e+01 3.366175559597206046e+01 3.366175559597206046e+01 5.366619990479485125e+01 5.480219084017479503e+01 6.335047345157381926e+01 5.496570039944904806e+01 4.910684198385224875e+01 5.496570039944911912e+01 6.458408882070077084e+01 4.457601164304828245e+01 6.458408882070077084e+01 5.014027084178741944e+01 6.947933177205406707e+01 6.518736136130928571e+01 5.461335277093803597e+01 6.876211202222296492e+01 8.534948055201755324e+01 9.361990972235872732e+01 9.967556557758690872e+01 8.952823891725279282e+01 7.025550728339128170e+01 6.802767962408780988e+01 6.859613732011578691e+01 6.869204596345272762e+01 4.811712756820070780e+01 5.816357194070094039e+01 3.771104151112380976e+01 5.816357194070094039e+01 6.695363390255354830e+01 5.989101067314474847e+01
9.647730019007896146e-03 1.990108344155860820e+01 3.194806389050382833e+01 4.200243767503679493e+01 4.280830857569866055e+01 2.463651103583989510e+01 4.280830857569866765e+01 5.366619990479499336e+01 5.366619990479492941e+01 6.195033472812789199e+01 6.407458825383285728e+01 7.236755283430629504e+01 7.496427928520725459e+01 6.911023584640697948e+01 7.496427928520898831e+01 7.286398007851970249e+01 5.352584246851469629e+01 7.286398007851904879e+01 6.169473220880373532e+01 7.842321435003883323e+01 8.289207709041482985e+01 6.462014064326412210e+01 8.289207709041482985e+01 9.702204215860669478e+01 1.056479036999399881e+02 8.545822773429769370e+01 7.097459159363810954e+01 6.083860884517702061e+01 5.382505558338248619e+01 4.855518646668319604e+01 6.151059118229743206e+01 6.029237070298432855e+01 3.981687333346477686e+01 3.494298478645856676e+01 5.532731613517297120e+01 4.686790083674836893e+01 5.463934339998222356e+01
3.582433992925927561e-03 1.202887312003790043e+01 2.870990106383426621e+01 5.201488349367000552e+01 5.274679466241165926e+01 4.450024896213477632e+01 5.274679466241170189e+01 6.430331336510353424e+01 5.602325847293089112e+01 4.991394825348553610e+01 4.404841911345877037e+01 6.407458825383285728e+01 7.731882961496242501e+01 8.560982731446233629e+01 8.943246819229683808e+01 8.180739098557125999e+01 6.767479037063496605e+01 8.180739098557108946e+01 8.169198586010085705e+01 8.996415986174164914e+01 9.288533096411634915e+01 8.461450672284038887e+01 9.288533096411634915e+01 9.603295982942813680e+01 8.782148571849484142e+01 9.603295981783426782e+01 8.952823891725279282e+01 8.117311925415830842e+01 6.562095131377451196e+01 5.145963623342327509e+01 4.155477697450952235e+01 5.562594262459919037e+01 5.255336042030255328e+01 3.224245726305620252e+01 5.011800136784911075e+01 3.269950634845742599e+01 3.456497042436783573e+01
1.813270376062421294e-03 1.414430517054272407e+01 3.416299659094742935e+01 5.310375965441602375e+01 5.390082485865657702e+01 4.560212964548653503e+01 5.083454206266181075e+01 5.275408440023288392e+01 3.600244004087194583e+01 2.989400420954790860e+01 4.991394825348553610e+01 6.096661976106823033e+01 5.729154446048652716e+01 7.308211711214046602e+01 6.940745956142339423e+01 8.943246819229683808e+01 8.766708551727889187e+01 9.030687853949467581e+01 8.193353405309179038e+01 8.548590037855502999e+01 7.954405499704388660e+01 7.954405499704388660e+01 8.792627637835178689e+01 8.591751155080225999e+01 6.742215156180117219e+01 8.118829221849466649e+01 8.945575114075003853e+01 9.423164352176078751e+01 7.992629741776757157e+01 6.986181283717270674e+01 5.562594262459919037e+01 3.568498777688792956e+01 5.002808189746053813e+01 2.987572597687905684e+01 3.009849019939849057e+01 5.011800204786175783e+01 4.459497309392625652e+01
2.372884694381488524e-03 2.000237288469402586e+01 3.043412643057974165e+01 3.363147183261192907e+01 4.219586311667337242e+01 2.547323788876695261e+01 3.081541382869302126e+01 3.953773161721068874e+01 2.444965832939265482e+01 4.446522301778583142e+01 3.622180980776654025e+01 4.093967676555313062e+01 4.671979291611650353e+01 5.305305876765937256e+01 6.461756606356200905e+01 8.464490887612896586e+01 9.030687854065536158e+01 7.861548403825929654e+01 6.166892762988697285e+01 6.523497986842922103e+01 5.930796688514138282e+01 5.930796688514138282e+01 7.954405499704388660e+01 7.762181864014382882e+01 5.697831971316367827e+01 6.063304089558525334e+01 7.768892895662624198e+01 9.076319776371852299e+01 7.048199672211482891e+01 5.623896224439049973e+01 4.630402626820789891e+01 5.071681889618088945e+01 3.078935182506907253e+01 2.753417138740273273e+01 4.763272130124243375e+01 5.842700763162758903e+01 5.619307919784618832e+01
8.175220331382775790e-03 2.230397442553825549e+00 1.377588682769304107e+01 2.780411664090156521e+01 3.021403236441204143e+01 1.392140408217649217e+01 1.666861924938162431e+01 1.952577544162920020e+01 2.847177532324734628e+01 3.847808048223745914e+01 5.624622402821320577e+01 6.096661976106823033e+01 6.674837273644429558e+01 7.308211711214046602e+01 8.137417197695826587e+01 9.293452002124944045e+01 8.193353405309186144e+01 6.166892762988697285e+01 5.008322449823204181e+01 6.015849128893236752e+01 4.513545418569700018e+01 6.523497986842922103e+01 7.309632852677306403e+01 6.981930944718784815e+01 4.911224680183018876e+01 4.860844883538983652e+01 6.849287369666485858e+01 8.296990548410465749e+01 8.477692444189762000e+01 7.468723114634626370e+01 6.633059258791925572e+01 5.903743110899992530e+01 4.618899672085398578e+01 2.609563581035849822e+01 4.026562787715866421e+01 6.048927424535752095e+01 7.625776770421065009e+01
9.124702163186202558e-03 2.000912470216283268e+01 5.474825868148493591e+00 7.799778650556035586e+00 1.020749574254479697e+01 3.021403236440329465e+01 3.667888073498262003e+01 3.367373286748116357e+01 3.021910628501760598e+01 5.023860241184366515e+01 5.482754313958043468e+01 7.485405290618822960e+01 7.773179748642863274e+01 6.949280716849283124e+01 7.208981073927402861e+01 8.031939448002211179e+01 8.086036871927430525e+01 6.060351581967169210e+01 4.902574666669241310e+01 4.008566356412817555e+01 3.881359060535368144e+01 5.662535741147133450e+01 5.292359112643622865e+01 7.309632852677306403e+01 6.005790650386443019e+01 3.937204997475583212e+01 5.401584204618982454e+01 7.160026552568584179e+01 7.994584039658094810e+01 7.607538315823059349e+01 5.597567826225754573e+01 5.597567825746365600e+01 4.487543014837783772e+01 2.477700076153523057e+01 4.487545265085412893e+01 5.708875464820841472e+01 6.250662315672504121e+01
2.239863785106879172e-03 2.000223986378475161e+01 2.548419815383462961e+01 1.926190161806970735e+01 2.982266283584559119e+01 2.089895944905552483e+01 4.091082379607199471e+01 5.369467692854622243e+01 4.022616750820686349e+01 5.853250927539445314e+01 7.485405290618822960e+01 7.943170513653397791e+01 6.601793751070671590e+01 4.903881762749946915e+01 5.171648054139123474e+01 7.208981073927402861e+01 8.923628674671525118e+01 7.754700696473591393e+01 6.706088651215047491e+01 4.693358262526898983e+01 3.278293665832865855e+01 3.656280424034762433e+01 5.599721315757893336e+01 6.760684959148728979e+01 5.531224554749611855e+01 3.462721570853433661e+01 5.531224554749582722e+01 5.098606465925777798e+01 7.160026552568584179e+01 6.965933038864110927e+01 4.981930401123038621e+01 3.587552883382584668e+01 4.180244273217201822e+01 2.345909620753673508e+01 4.357000626463773330e+01 3.686683878903563993e+01 4.223481543126391102e+01
1.766589122093755728e-03 2.000176658912173977e+01 3.364899961556306351e+01 3.874392581459721896e+01 4.626746148375360690e+01 4.091082379578420358e+01 3.504778543775882582e+01 5.506545051742533303e+01 5.438532999258863043e+01 6.854458004306719943e+01 7.408675671412514419e+01 7.049865232320267694e+01 5.068326254840977896e+01 3.668240604323232645e+01 5.068326254840977896e+01 7.117701225676290733e+01 8.625458378636984946e+01 7.581709069884352914e+01 6.717404930443454703e+01 6.118357262564147447e+01 4.765311360206821689e+01 2.760445523763451803e+01 3.916638892506792757e+01 5.924565542194296341e+01 5.090218236799098861e+01 3.015769496913483749e+01 3.631163891455420867e+01 5.098606465925777798e+01 7.160026552568584179e+01 6.385945881069330454e+01 4.400545173016508471e+01 2.987628992588884813e+01 2.166585013337732235e+01 4.178666997390722315e+01 2.979706783247758040e+01 4.993922773190595876e+01 6.250662315672504121e+01
