LEM/sinusoidal_perturbations/elevation_000001.asc
nrows	100
cellsize	150.0
xllcorner	0
ncols	100
yllcorner	0
NODATA_value	-9999
[rows 17 to 33 of 100, columns 37 to 73 of 100]
7.903938712133334832e+01 6.556455739291486395e+01 8.048944132611627822e+01 8.078157278501461747e+01 6.142066977461563226e+01 6.541533689469197554e+01 6.541533696982010326e+01 8.482781916454591453e+01 9.110422714236196384e+01 8.530926920474703934e+01 8.971326766664991226e+01 7.061870240946596766e+01 5.683200256157654451e+01 4.687982984863085534e+01 3.741201419232910297e+01 5.658030010758739792e+01 5.658028692033273899e+01 6.071994221294113458e+01 4.661976480380108256e+01 5.094539902031112177e+01 5.596661048831741425e+01 6.209342118170896896e+01 6.907064739863574232e+01 8.084641307683222067e+01 1.010626639696660192e+02 9.186974468137054828e+01 7.187211402334089883e+01 9.186974677970900416e+01 9.302431999603039969e+01 7.407745651710291668e+01 5.489482618759932819e+01 7.407668609957605099e+01 7.693903237280505891e+01 9.737271210436310298e+01 9.281580245519008088e+01 8.411829568527120671e+01 6.849525695493196054e+01
9.253236271067240182e+01 8.048944125374066516e+01 6.134967058693237618e+01 7.685902659272124993e+01 7.110111872295024682e+01 5.181661443172747994e+01 6.808242036309376033e+01 7.606259072263176790e+01 7.114820624826295159e+01 6.528307501558811055e+01 7.930337686430485178e+01 8.386557714362707827e+01 7.148743072139060928e+01 5.201783082142984682e+01 5.636997223580882377e+01 3.605999300989312673e+01 5.533667909723238409e+01 4.065013086396555764e+01 6.071994169543413733e+01 7.049932446365598082e+01 7.549249353324212564e+01 7.190596488988342116e+01 8.928190477010839743e+01 9.743811854006497697e+01 9.747895072732374899e+01 8.457927591228563813e+01 6.526212743672627425e+01 8.454759650072188037e+01 8.623221801890392157e+01 6.647124968986479132e+01 5.307729166012921951e+01 6.747847822164810339e+01 8.907110622059336436e+01 8.790831561492584001e+01 7.948522552318057421e+01 6.407912984939615342e+01 8.411955844610652377e+01
7.570258129968755156e+01 6.939351601593743624e+01 7.685902891715481644e+01 5.768695349083814961e+01 5.524456980565214081e+01 6.808241888121325758e+01 4.869920647218572896e+01 6.808241825994515750e+01 7.107873867118107114e+01 5.127025114410641748e+01 7.108690313088442281e+01 7.551540495684304233e+01 7.926336517899716227e+01 7.147779249797144985e+01 6.212038169918746888e+01 5.413465949676398026e+01 3.476409328502775509e+01 4.239065353501239031e+01 5.152470991744079498e+01 6.289796483897008272e+01 8.261098805119348754e+01 9.163414758617591360e+01 9.956778352618081840e+01 1.029778886769344695e+02 8.936753341089107039e+01 6.987490337776455362e+01 5.967127863164556345e+01 7.860448485116317840e+01 8.447832290210098449e+01 6.470195595770213970e+01 5.129076610604948883e+01 6.864178593735724121e+01 7.290350453732260405e+01 7.515941498050091241e+01 5.991170181113041338e+01 7.948576780513764106e+01 8.780762262229542614e+01
9.479135178793981709e+01 8.854195097983864571e+01 7.330165054883508446e+01 7.118077613429935013e+01 7.445514938029238294e+01 6.599786224125423928e+01 4.650358428201851524e+01 6.317991507626034320e+01 6.390981563384724495e+01 4.410817867713506502e+01 5.578580412971403035e+01 5.578580397927316881e+01 7.267168255753172446e+01 5.291338456468393048e+01 5.294135282564300127e+01 3.356385454779954358e+01 5.069806278992570014e+01 5.143785071115976848e+01 6.241731879001680738e+01 7.928629455757587152e+01 9.059283287965473619e+01 9.131673457413890560e+01 8.325061908032876090e+01 8.325060007076683632e+01 8.831867987514462470e+01 7.345084800385777157e+01 5.447940020029784591e+01 7.343828227564546296e+01 7.478209993689090140e+01 6.668332220222463036e+01 4.952222716464648755e+01 5.162614812437669087e+01 5.374487189496241513e+01 5.589163914381948217e+01 5.945561835072905410e+01 6.315160491953310640e+01 6.728176721565198193e+01
9.937995299210152211e+01 1.004406245465623613e+02 9.268754934788756827e+01 9.056791101640168051e+01 7.638843086968606144e+01 5.696020622495466057e+01 6.317674809659283142e+01 4.347097907624131352e+01 5.764883099516006126e+01 3.736530625787245441e+01 3.537448246840002497e+01 5.317801326650803162e+01 5.994125577150283135e+01 5.176229168392971047e+01 3.241217302689904045e+01 5.294135278528204935e+01 4.682691400151367134e+01 6.667847354007660954e+01 7.094273453672241203e+01 9.003851333602825946e+01 9.199730674031927435e+01 8.267912861486934162e+01 6.401362045912972576e+01 8.268271424095405564e+01 8.018126194330916690e+01 6.099162123115051770e+01 5.010881124676485854e+01 6.350379900839697456e+01 6.480125074626882054e+01 4.759694545379056052e+01 6.668332238310222237e+01 7.075613407981755643e+01 7.291953643844168198e+01 6.429862883441634835e+01 7.889129573211491220e+01 7.277454983030568769e+01 8.782071297285806111e+01
8.914649642269357344e+01 8.893493171339490289e+01 9.759163459353290193e+01 9.023897219517603219e+01 7.065328730039847471e+01 7.638761826995158799e+01 6.321236829466177198e+01 5.466829414819938648e+01 4.040826481909061840e+01 5.764882412547551382e+01 5.317801336825100122e+01 3.270632111680891541e+01 5.059388022722414036e+01 3.130043804845979594e+01 5.176231409319349552e+01 4.361008462470922353e+01 6.366212807584206246e+01 6.342212169200832506e+01 8.407688441540075530e+01 9.830317643301067676e+01 8.402271077982652514e+01 6.477616704397060232e+01 5.565088629467724957e+01 7.463349003888964717e+01 7.924966182743806087e+01 6.975699086117673176e+01 6.176461455963580960e+01 4.436916158557560408e+01 4.569633233887672930e+01 6.480127387727159771e+01 5.856456038612023463e+01 6.947246926405608747e+01 8.912352254571513299e+01 7.541136080207081704e+01 9.280017667308480611e+01 8.758049632483798064e+01 1.028992809420913659e+02
6.910199053873988362e+01 6.784045341591715328e+01 8.523290199380410570e+01 9.812256433028110791e+01 9.023578785559632820e+01 9.083262977543111560e+01 8.231090168195467527e+01 6.844605610962865683e+01 6.040075559873508126e+01 6.489386671312259125e+01 5.640206683466735171e+01 4.953697676466930488e+01 3.022353060847663997e+01 5.059388022692994014e+01 4.809398165174825124e+01 6.365723156731711185e+01 5.787629168014871084e+01 7.767441643314148791e+01 9.254270069084267902e+01 9.190483782757391396e+01 8.354428610408440647e+01 6.830856222726083615e+01 4.932449429634225879e+01 6.830856249958446824e+01 6.004862398183274763e+01 6.004862604321473185e+01 4.257384525174850154e+01 6.176461447276400918e+01 6.480120313811494270e+01 5.590736182245280617e+01 6.928583325757519162e+01 7.777716323615184990e+01 9.738095161970510105e+01 9.644074349862677309e+01 1.050016458604925305e+02 1.104768744899693473e+02 1.106872279330251843e+02
6.477682807267511578e+01 5.627102745052472699e+01 7.658449083105196564e+01 8.041685403397679011e+01 8.932226825702346673e+01 1.023299464799986822e+02 8.406342842745127086e+01 8.409378233891180798e+01 7.049969389287537069e+01 5.114388960995975708e+01 3.791413919047801073e+01 2.928264219003246183e+01 4.953548028157396743e+01 5.874644895285503310e+01 6.803765124927141983e+01 7.603094247908546777e+01 7.767340940021043139e+01 8.576437539669436205e+01 8.393235651479965043e+01 6.963427166491577225e+01 7.430057813213782936e+01 5.546035296155691441e+01 4.429470700089476054e+01 5.717819774330400406e+01 5.834412164758896324e+01 4.079445197359859776e+01 6.004862595538408954e+01 5.617076737959499866e+01 7.539307352109905480e+01 6.678815989605433856e+01 8.316871404866705575e+01 9.705283993062504067e+01 1.057941437653887533e+02 1.104758373313132722e+02 1.022520522816728885e+02 1.035337216759573948e+02 9.549537580788000923e+01
4.484127185556199180e+01 6.084080864692988655e+01 6.778709750478451213e+01 5.917154820136544657e+01 7.666984137044855174e+01 9.288798900472319531e+01 8.272376340693298857e+01 6.558513885180711611e+01 7.363007884758508226e+01 6.489358256955787851e+01 4.880671984019061682e+01 2.865469317238638070e+01 4.860133361361226179e+01 5.514580056745659675e+01 6.832206062967546245e+01 7.978606636945559671e+01 9.481717437901824042e+01 9.094685964382712484e+01 6.939328866429133313e+01 5.516913152625684091e+01 6.329964935744374799e+01 6.033412315052834884e+01 5.558758564014824088e+01 3.785499303601261545e+01 3.903608613207480005e+01 4.403398191883531609e+01 6.312797904342808408e+01 7.537897592586460860e+01 8.356363421557175286e+01 8.627489243819273668e+01 9.450358992405858771e+01 1.049668494624153965e+02 1.028977649744376635e+02 1.027894812246030511e+02 8.316761299483368930e+01 8.910732220584361585e+01 7.539201214476305779e+01
5.495804707940313705e+01 4.082858707708431467e+01 5.710514273852617606e+01 4.728654933331617372e+01 6.029550828149793773e+01 8.414281972235663432e+01 9.157698911790475904e+01 7.363007904927501102e+01 5.491631901767675572e+01 6.494895453089874593e+01 4.954915571855192269e+01 2.804488078146513885e+01 4.148348828823777978e+01 3.723458088191797088e+01 4.969734397487290778e+01 7.157545322705394142e+01 7.400135604351827112e+01 8.696983884796480879e+01 7.573410416850259708e+01 6.329288179417104487e+01 4.395274555604103028e+01 5.401910405157842376e+01 3.628103320413428179e+01 5.558758564527130375e+01 5.833422064710906341e+01 6.312683636743471993e+01 5.160584270579482080e+01 6.100786708785338419e+01 7.189691277668723046e+01 9.137165980627213457e+01 1.049670909938309791e+02 8.511206114770858733e+01 8.292900621357868829e+01 9.646044389909499728e+01 8.910254038829432943e+01 6.917748821923377989e+01 8.910182022245254529e+01
6.916116862869593263e+01 5.710827379562929451e+01 3.691550537649525410e+01 5.710509785109623948e+01 6.234602374952965675e+01 7.281325531443003740e+01 8.345310752037256918e+01 7.516356869598996582e+01 6.494895458461688520e+01 4.571217881797313964e+01 5.625253513998852384e+01 4.703915611053016477e+01 2.718314897008489694e+01 2.716908943351910821e+01 5.616393440997154585e+01 6.608360937656108547e+01 5.780591253136189778e+01 8.008888564432042756e+01 6.794365102882994734e+01 4.898212765108002742e+01 5.249104454544318799e+01 3.479108034670338157e+01 5.402037317231433633e+01 5.000401315113963818e+01 6.906755406687329923e+01 7.861499387319446441e+01 6.249751290021992389e+01 6.494943098143494353e+01 8.437904024075828602e+01 9.932340393768289744e+01 9.766731711575722841e+01 8.875584021244009136e+01 6.891164016887807975e+01 7.884590784401186170e+01 8.143880752256099242e+01 6.551508491606672635e+01 6.955772963561518907e+01
6.477222118260480954e+01 4.572610373575413689e+01 3.436752405987689230e+01 5.133330567383450216e+01 4.511200672528762823e+01 6.454288123692705881e+01 7.522257589082074958e+01 5.650070463922904196e+01 6.191669340529843879e+01 5.719058418842587344e+01 3.673599679298170884e+01 4.632284407301028750e+01 2.654537953529261785e+01 4.632278750206217666e+01 5.464792402945219862e+01 4.311428829555849518e+01 6.608359593691510270e+01 6.504919626654054809e+01 5.884374505653330090e+01 5.099099042980982688e+01 3.339329626575160148e+01 5.249104441903813267e+01 6.187949836185856611e+01 6.906754916787096477e+01 7.700824065884377490e+01 9.018954417799992029e+01 8.214683376943848714e+01 8.439084159658381168e+01 9.256425494534609300e+01 9.165170291640544065e+01 7.777506328263383750e+01 8.357889392285473207e+01 7.547361313003685268e+01 5.920816585643903096e+01 6.173098664039771677e+01 8.143918450321952207e+01 8.950498272605058503e+01
7.448119643729027928e+01 6.296822588499190942e+01 4.565482422373253257e+01 3.094873605190818111e+01 4.816493404859438243e+01 5.646663279572838690e+01 6.211089057263060198e+01 6.191248024138522510e+01 4.438362530349137813e+01 5.141605143016170842e+01 3.071341435674238696e+01 4.484532160672686274e+01 2.587586606269219658e+01 4.560770531823733620e+01 3.223524209280399333e+01 5.461750402571797025e+01 6.504362754309414640e+01 4.603083024777662757e+01 4.951625165095290981e+01 3.204427024658244960e+01 5.099099041138234867e+01 5.249104214706555638e+01 7.156847633964397914e+01 8.127987439245491430e+01 7.335429448472140734e+01 7.935345006850725724e+01 7.994113874261728370e+01 9.947497847098024693e+01 9.766732998484724249e+01 7.777506366697349449e+01 6.387341573169690889e+01 7.221149830137743209e+01 5.592548486020686482e+01 7.547361305877777227e+01 8.143817204831356094e+01 8.143828868992689252e+01 1.013178120754162563e+02
7.776225780332023874e+01 7.511200996224853554e+01 5.961921293162355795e+01 4.817492434845203064e+01 2.781735836830098307e+01 4.510898749657197015e+01 4.297316913798667315e+01 4.796504748291032882e+01 3.687073415322841186e+01 4.374514074613431802e+01 2.663534427966269647e+01 2.489873273980305513e+01 3.279034657105329842e+01 4.215770313170330041e+01 2.674611205540218606e+01 4.737523350386707222e+01 5.593796535720826313e+01 4.820465707247799969e+01 3.068906787701213190e+01 4.951623477805858897e+01 5.099100433830642487e+01 7.003927134258363196e+01 7.346775962545883942e+01 6.548984605692074012e+01 5.403241712880495129e+01 6.045168382077818592e+01 7.419420650324535416e+01 9.381617942851416103e+01 8.941704197082574979e+01 8.138198970412871347e+01 7.221141337805151750e+01 5.274988557576206460e+01 7.221146052110732683e+01 7.719689484506319843e+01 6.316185845214904049e+01 8.289287263627514335e+01 9.687085642631534199e+01
6.444883878288675305e+01 7.540081765304638850e+01 6.721037480137169950e+01 5.610075862275711245e+01 4.510898544244061981e+01 2.491986630353823529e+01 3.656379727991873096e+01 3.070842564446336098e+01 3.928066558761427274e+01 2.371399425085848733e+01 2.396048621200328554e+01 2.421085737017190809e+01 2.448614258153443757e+01 2.476796715349944122e+01 2.505743066333572955e+01 4.337059013730416268e+01 4.625114198423971601e+01 2.928140522915563793e+01 4.573253694756843402e+01 5.215598254180718385e+01 6.300148711485724107e+01 6.682020874152647139e+01 5.880052150937735433e+01 4.610559700925428928e+01 6.548984615841681034e+01 7.992959462851486307e+01 7.994116619057020046e+01 9.947512199141628741e+01 8.138198951145075455e+01 6.173082136626078409e+01 6.748651356466196205e+01 5.064625737091883195e+01 5.406815418069825085e+01 5.761349471886462936e+01 7.719736189357165301e+01 6.900376637588666995e+01 8.888924909169979571e+01
4.886091412517799881e+01 6.842839881574812466e+01 6.266302535214894931e+01 4.543183013789698066e+01 4.458900404343711443e+01 2.328704295334368979e+01 2.288271416930408364e+01 2.312789667903315660e+01 2.336986046474504164e+01 2.613628877064249778e+01 3.594799681823995741e+01 4.110642621130399732e+01 3.336418007723317203e+01 4.310479870464236996e+01 4.396148639959240256e+01 2.548159811463207447e+01 3.540227382003649126e+01 4.440613219909400300e+01 2.779442908298114645e+01 4.001608463021580775e+01 5.080958668513306264e+01 5.268939338325570532e+01 3.909581112216453391e+01 5.880052215466335497e+01 7.328276799981965439e+01 7.422051783583232520e+01 9.448678006357492620e+01 8.518973298632066360e+01 7.714527475372943854e+01 6.748650001298173606e+01 4.810601191721005421e+01 6.748650471579331622e+01 7.356046177602587477e+01 7.719689425045379494e+01 8.529244017254140431e+01 8.888924898663442775e+01 7.554536396495007011e+01
5.423112003987261431e+01 6.320350529022280028e+01 5.152570986214496429e+01 4.279705616598653961e+01 3.132963970497039341e+01 2.252719880664695040e+01 4.111494465250750352e+01 2.537916230923239169e+01 4.320111351089047957e+01 2.650619093145815697e+01 3.262690848250691289e+01 4.205253601449735612e+01 5.069065790879495381e+01 4.651823229502826962e+01 4.700219900620974300e+01 2.735156217740566831e+01 2.591830959822097213e+01 2.623223883908335097e+01 3.180773389190409617e+01 4.211578025717923168e+01 2.983619492134106821e+01 3.275698320351011716e+01 5.268959146933078586e+01 6.104912214794472192e+01 5.285114104143494984e+01 6.823206202515777363e+01 8.867884685037689962e+01 7.714527455086491159e+01 5.757244489067618787e+01 6.330519201123524198e+01 4.634150398255592762e+01 5.595829948489834749e+01 6.970804300589375657e+01 8.949275204152476704e+01 9.201030364622245372e+01 9.996968928511240904e+01 9.556297499020118380e+01
