LEM/sinusoidal_perturbations/elevation_000715.asc
nrows	100
cellsize	150.0
xllcorner	0
ncols	100
yllcorner	0
NODATA_value	-9999
[rows 17 to 33 of 100, columns 37 to 73 of 100]
3.768538031876914829e+01 4.725983745453818585e+01 6.241406434641984191e+01 8.348582395072344298e+01 8.447066927505991885e+01 8.883100441792534241e+01 8.191585708732014837e+01 6.197224208223388331e+01 5.938954724632916538e+01 7.608240562053231315e+01 8.923820140007224211e+01 7.417003358881571273e+01 5.431294882322148254e+01 7.417003358888739228e+01 8.076166652620946707e+01 6.005752565252976183e+01 4.864802342512686550e+01 4.201187476969342072e+01 3.611717660446473843e+01 4.608262474749078308e+01 6.566265509271140388e+01 6.195524014409584623e+01 4.181056931010223110e+01 5.428044062022407701e+01 6.282120271671648482e+01 5.965946552704238570e+01 3.983888587479271592e+01 5.125599703428496667e+01 4.603603053250454025e+01 5.238252879014422092e+01 5.295935588368328695e+01 3.400887657571362155e+01 5.379009881782278057e+01 7.115342095185455662e+01 7.934535691262760793e+01 9.599679712678266696e+01 7.610833509646046480e+01
5.979922650183450372e+01 6.831083929362633000e+01 7.721408502050458367e+01 7.848626870867090588e+01 6.381529228985819913e+01 6.805900218644131883e+01 8.278329795012380998e+01 6.781359167584990644e+01 4.803456791304551388e+01 6.781359167584990644e+01 7.306396166825092564e+01 6.481679529161860387e+01 5.032398313379759003e+01 6.426858347179307884e+01 8.421804159139114176e+01 7.730694725836539760e+01 6.528350814962372795e+01 4.635611453427667072e+01 3.389073611743864234e+01 4.982303386521952859e+01 5.082575369609809002e+01 5.529337329794559963e+01 5.349589840544179964e+01 3.381984803095216563e+01 5.305482938520923142e+01 4.983559910794220826e+01 4.279073596532266066e+01 3.141507992773708224e+01 3.200141160348452729e+01 3.258700536107165391e+01 3.317191359807863194e+01 4.920312179487336124e+01 6.104253443580194727e+01 7.309103495387599025e+01 8.189011086067546330e+01 9.328392164265279973e+01 9.599679709114622028e+01
6.061955780931999271e+01 6.772564134351418375e+01 7.158770181027828983e+01 6.841706605762756510e+01 5.000626250175287169e+01 5.405083368508180541e+01 6.918729019202081076e+01 6.184999162669119954e+01 4.216206909206142228e+01 6.184999162669119954e+01 5.996505603511670301e+01 4.512435554416154559e+01 6.481753654847041446e+01 7.836002419738643709e+01 8.508091834455335345e+01 7.606840496708223043e+01 5.760186255454059534e+01 4.614725237780049838e+01 4.479608195014864691e+01 3.068537067697983645e+01 3.619362630391737667e+01 4.473196681260522212e+01 2.836684917947661688e+01 2.879053675543924484e+01 2.939384496857455886e+01 2.999210626959522585e+01 3.058557597408210427e+01 5.036876607150423268e+01 5.179675127195307027e+01 5.213730640711202113e+01 3.785484686300231516e+01 3.771406208700506824e+01 4.522515895360427862e+01 5.406497426842312848e+01 6.537489372864719428e+01 8.506087631311774544e+01 1.014025113087936631e+02
4.471230592301390061e+01 6.051366372143336747e+01 5.182967134493535610e+01 5.182967134494674610e+01 4.092539478005940623e+01 5.993568731844538178e+01 4.941262379670585858e+01 4.941262379679581329e+01 3.693712219560918442e+01 5.539944559203141239e+01 4.034341310630706090e+01 5.996505603511670301e+01 7.306396171980625809e+01 7.916788530120612677e+01 6.328647850631553240e+01 6.324620426681222085e+01 7.004727144005588002e+01 5.639530062883694939e+01 3.746166548876273339e+01 3.711839481709893107e+01 2.734232620789959967e+01 2.776661129203950651e+01 3.201868693164311708e+01 3.590909153277472399e+01 2.962492166882155686e+01 4.919970455965022893e+01 3.079963877683119833e+01 4.450032119891457683e+01 6.442720094607714998e+01 6.648390539502659635e+01 4.787234981064411699e+01 5.747816487212626413e+01 4.302468254914911228e+01 6.274996958362984856e+01 7.342366890346835362e+01 7.342366852250192721e+01 8.858536990982172199e+01
4.757112572382104787e+01 4.300094960866464788e+01 4.540492643049729793e+01 3.365774856018884975e+01 5.182967134494674610e+01 5.410575095277416580e+01 4.589928252858970126e+01 2.970382175541887904e+01 3.274655830947925494e+01 3.580363626757824846e+01 5.539944559203141239e+01 6.820226799869870149e+01 7.339567273562404637e+01 5.849755456499887174e+01 5.849755449270011809e+01 4.195016073452007532e+01 6.150162475713237598e+01 5.406884111606883181e+01 4.598268056115945512e+01 2.675260769868694410e+01 4.653703480575433815e+01 4.214256601274194480e+01 4.851506771871995483e+01 4.864228361882577900e+01 3.020986548461970145e+01 4.952947491687125847e+01 6.158315694762505643e+01 6.415274990844416436e+01 7.250893787738131380e+01 7.730898066363225496e+01 6.293888293047412219e+01 7.091786623294244407e+01 5.444860917770941455e+01 4.903787350220063246e+01 5.381950794589362630e+01 6.071796094843264768e+01 7.050729960151825537e+01
1.827548116171063342e+01 2.340027703096298950e+01 2.770077772604473765e+01 4.537528270296640187e+01 4.362355422869414667e+01 4.249143366706713465e+01 2.603841940078874018e+01 4.589928254259714890e+01 5.237357414244848997e+01 5.539940417141981754e+01 6.362399956292599512e+01 6.900674570293206500e+01 5.513350058283901234e+01 5.579535318795667109e+01 3.796655248640443148e+01 3.259692205761169959e+01 4.516812950294514195e+01 4.518786509928334283e+01 2.616603490683600342e+01 3.720307161356313230e+01 5.311833179390121273e+01 6.242889412641913083e+01 6.517697819778656765e+01 4.992872851640708376e+01 3.078945951300120143e+01 4.424993544289586112e+01 6.368076867654720985e+01 7.535376315627526367e+01 7.688634875177478989e+01 8.516313189669521933e+01 8.325096162946033473e+01 8.227484469385007060e+01 7.408849608626039185e+01 5.884813935354559788e+01 7.342366890346835362e+01 6.765269873404545820e+01 8.037265136726048809e+01
1.795817283721745383e+01 2.986761263958377199e+01 3.681996300041236481e+01 3.882053462870983651e+01 2.115073234384691503e+01 2.251016923628403177e+01 4.249040475388017768e+01 5.399553321821361607e+01 6.327855084482393977e+01 6.053529110191021090e+01 6.098018183884884280e+01 4.792882478842651750e+01 5.589035406618962298e+01 3.691535344520995920e+01 2.929126624824139213e+01 2.477423403822722037e+01 2.517789081457044276e+01 2.558435023904649697e+01 4.528531063064919238e+01 3.469789583011468892e+01 5.420320234266047521e+01 7.224036133255238212e+01 5.789137614166001100e+01 3.100620435050970514e+01 3.136476320840156262e+01 5.048185174037406853e+01 4.767053188914205464e+01 6.716579758041903858e+01 5.733215797103580513e+01 7.380118408712522182e+01 8.256998502281142294e+01 9.407445622035537269e+01 8.669705882760564464e+01 7.848977425602750202e+01 8.669705882760564464e+01 8.155975295509973932e+01 9.558435126824967654e+01
3.593268237601633075e+01 1.840601251588447695e+01 1.872212985606271829e+01 1.904006876532470471e+01 1.936178661119500788e+01 2.910922429502397790e+01 4.593400460580752309e+01 5.763246967856633063e+01 4.295835824320374030e+01 3.746169190711529495e+01 4.232879513779442249e+01 3.496372201889067810e+01 4.833068324219634349e+01 4.283307521624912084e+01 2.421011313384488517e+01 4.294726802899654672e+01 4.471421077670952116e+01 2.825978405468768528e+01 4.721353887736400878e+01 5.420216844826952496e+01 4.439189302841275975e+01 6.401479733732983846e+01 6.588181139808878584e+01 5.720670361248583902e+01 5.047569785845693247e+01 3.217103793571497050e+01 5.124428217150674669e+01 5.702910433891975117e+01 4.643933758429865577e+01 5.484060121220385042e+01 6.589437202582699626e+01 8.577904472129610269e+01 9.263284335089372235e+01 9.263284335089372235e+01 1.000535339175294354e+02 1.013494579640487245e+02 1.053261762154796060e+02
4.621883987670433669e+01 2.806121348535287652e+01 3.858880107065341036e+01 3.886535019948746594e+01 3.914740588507796559e+01 1.983199600305910693e+01 3.961659896043040874e+01 3.964657764794836936e+01 4.297137542627903883e+01 2.213077087790940212e+01 2.219589487913799886e+01 3.764250316625287240e+01 4.027058862185813837e+01 2.365600685965828021e+01 4.337579907093768128e+01 4.641533670502928288e+01 4.949824833158609039e+01 4.718659039059934202e+01 3.341276063444139766e+01 5.322847076969485158e+01 6.401479733732786315e+01 5.821702004509862860e+01 7.801186990032095991e+01 6.511301211858921079e+01 4.596389228349617184e+01 4.052418416996915340e+01 3.296922433687376497e+01 3.805760800012519240e+01 5.677309615557413025e+01 6.758937618463831143e+01 7.642315542479506973e+01 8.775987184185873957e+01 7.546620976618825694e+01 7.546620976618825694e+01 9.263284335089372235e+01 9.910889285522510761e+01 9.088661598107589157e+01
4.530600164187988099e+01 4.826094870446891605e+01 5.158206855975031857e+01 4.205311975692968218e+01 2.211949751791210161e+01 3.931040536860675161e+01 2.032336675889913735e+01 3.933204827984095431e+01 4.047850808466928640e+01 2.169010460407533003e+01 4.100723315569464233e+01 2.271907930991603308e+01 2.310815329165332344e+01 4.193438096413222382e+01 4.122391022990454701e+01 6.050332436020771354e+01 6.193346078043917657e+01 4.398998933074417295e+01 5.322810322787078974e+01 4.109211951564260801e+01 6.112473128664416322e+01 7.801186990032095991e+01 8.626500278460686388e+01 7.325980233330740532e+01 6.463695922327455889e+01 5.633933495242591505e+01 3.773974626232810436e+01 3.375626336074623879e+01 4.324975021341568038e+01 4.829650693836952513e+01 6.784106985544971735e+01 7.264709959822734220e+01 6.294754966375516148e+01 7.546620976618825694e+01 9.263284335089372235e+01 8.774374441719606921e+01 7.127007833106478074e+01
6.334860619393757020e+01 5.351378058370776358e+01 3.978824510464467323e+01 2.450694580889093999e+01 4.205312827558566369e+01 4.131008825110331628e+01 2.461832786002948836e+01 2.082258862302773395e+01 2.117880609790052659e+01 4.113627169212060153e+01 4.117762650361164134e+01 4.293953905265341575e+01 2.346094244165967169e+01 4.389638398008767695e+01 5.387747414207902352e+01 6.879791648919193392e+01 7.101506345970238954e+01 5.385391820993016410e+01 6.875065073973817675e+01 5.512687244697245603e+01 5.093946940633229303e+01 6.523615786303469122e+01 8.597357632197294208e+01 8.230227823957376643e+01 6.495560777732328006e+01 4.551526768610508356e+01 5.701001900667381506e+01 5.278882302397055071e+01 3.451340323170807523e+01 5.315039595139082707e+01 6.487509536038727731e+01 5.461984609170365701e+01 7.264709959822734220e+01 7.888939657543464534e+01 8.141392071899016969e+01 7.326411215086355355e+01 6.015268258628690745e+01
6.006215453148036687e+01 4.678133809596918269e+01 2.697687420416112403e+01 4.440289028723109510e+01 5.218673197476914538e+01 3.958868955225250374e+01 4.452082713260310243e+01 4.143987685203750715e+01 2.241411815348243053e+01 4.255266790292950674e+01 5.938430239325292348e+01 4.308896339830008060e+01 4.393582515600019889e+01 2.552750214300221288e+01 4.581901819217658556e+01 5.617460507603856712e+01 6.688439236437028512e+01 6.705936073334571290e+01 7.995909703327808415e+01 7.560484344257895373e+01 6.096533528386547118e+01 7.989768460237714010e+01 8.799618893729346780e+01 6.841589379571446727e+01 5.464481863533609385e+01 6.495560777731664359e+01 6.377776656871719041e+01 5.009254238455256569e+01 3.503198228840745543e+01 5.272523959831578111e+01 4.709206472696862988e+01 6.045803538699310309e+01 6.285453592861302496e+01 5.951526513912693162e+01 6.758669156071918849e+01 5.401104220318888594e+01 7.326411215086355355e+01
4.041731195072386384e+01 3.452092866747258881e+01 2.874740825949758261e+01 4.847608388330394291e+01 6.505661783330135961e+01 5.776928063489941678e+01 4.351411159898712810e+01 2.929904198180000208e+01 4.393344999661324124e+01 3.763666704198802648e+01 5.927661967716107227e+01 6.161054971658156632e+01 5.423393980440111051e+01 4.587203834533999469e+01 2.764060479772384582e+01 3.773009353587267611e+01 5.261850447188090385e+01 7.484831552679214894e+01 9.161458802997249506e+01 9.025208003860667816e+01 8.165471006614636451e+01 9.025282809142024121e+01 8.799618893729144986e+01 6.841589379571445306e+01 7.415082946504844585e+01 7.026101310494415486e+01 5.696926465977931997e+01 3.678920139169952819e+01 3.553975776812367826e+01 4.004424017659219714e+01 5.552244412675547380e+01 4.065313626110501133e+01 4.334195262154567274e+01 4.593259698893375997e+01 4.841169393274458344e+01 5.150640163462956878e+01 5.562412761018349272e+01
6.006288870706882221e+01 5.025886900930682089e+01 3.060633601657747960e+01 4.448569295196954698e+01 6.419654894489805486e+01 7.006982154188685286e+01 5.523851206794579838e+01 3.452508097953576538e+01 5.602287807612928816e+01 6.136250362678154602e+01 7.005499538760778933e+01 7.348360629039676439e+01 5.965262197262612887e+01 4.920323769115164936e+01 2.907086708125160257e+01 4.902213971539222825e+01 5.404488953108837279e+01 7.415854285435844417e+01 8.386643822608539267e+01 8.969189146864714246e+01 9.056997994942403807e+01 9.875872687260090288e+01 9.618866268118003404e+01 8.799618893729171987e+01 7.571755222205831615e+01 6.204986483525809149e+01 4.201872773669048655e+01 5.692454277948799302e+01 5.468216118490273914e+01 3.623400875934512300e+01 3.739712219310436581e+01 5.750464434611521369e+01 5.490342747989890171e+01 6.518981685722199870e+01 6.758669156071918849e+01 7.030135489945055838e+01 5.840772470140116468e+01
6.601423531759996877e+01 4.628869314200182572e+01 3.247382288664152838e+01 4.374460297218736571e+01 5.760859625730691391e+01 7.749655180895409501e+01 6.231021051675200084e+01 4.016307997105317185e+01 6.231021051670835931e+01 7.889176421864485178e+01 6.871950593037469446e+01 6.031410100052934098e+01 4.540378456839682286e+01 3.127167876884336195e+01 4.920323302612239047e+01 3.394640504020352267e+01 5.409015227815017113e+01 6.422768386477001457e+01 6.358215868510912827e+01 6.952326261741524149e+01 7.045838366146553255e+01 9.056997994969766808e+01 9.345548130491496863e+01 7.354139894178459258e+01 6.748261614851470824e+01 4.789455272159436561e+01 6.204986483525809149e+01 7.010508710295799517e+01 5.546697216197280511e+01 5.545837067469187787e+01 3.693736704643762891e+01 4.289333230280560372e+01 4.919803563364888532e+01 5.970099104408216562e+01 8.044915224243813157e+01 8.559314040881251628e+01 7.196906298220744702e+01
6.788224804944786683e+01 4.813368224483998858e+01 3.436289064419467110e+01 4.558694395769919083e+01 5.946536813102640195e+01 7.937991983849299515e+01 6.982309643468363447e+01 4.677507623533897885e+01 6.982308552512684230e+01 7.057797480556310177e+01 5.012135946996251334e+01 4.004661428260418177e+01 3.347847499457629539e+01 5.137055069333028001e+01 5.973789205483964082e+01 5.409015224665841259e+01 3.913773000177262418e+01 4.381054310782280936e+01 4.901364510286796872e+01 5.587170472364066143e+01 7.045838366146585940e+01 9.056997995601828677e+01 8.905398167220302241e+01 7.354139894178459258e+01 5.390869882604931718e+01 6.748261614851470824e+01 7.571755222205820246e+01 8.298759584307254045e+01 7.268794670788058454e+01 6.134058558932567706e+01 5.151487004415958637e+01 3.765016621825205334e+01 5.547521199042416384e+01 7.894903507938130360e+01 7.674001810827327574e+01 9.575114448945672052e+01 9.148624105851328636e+01
5.044250960492018976e+01 4.311350267686216853e+01 3.627837928227225461e+01 4.404023789408048373e+01 5.323411817247578881e+01 7.239143529251524001e+01 7.929624193846677827e+01 5.710129030691815899e+01 7.929230421017723529e+01 7.889597198623299334e+01 6.872121390691832232e+01 6.034954488066715328e+01 5.357656294161972710e+01 3.572049459561644369e+01 5.586480132734928361e+01 6.587886100305804860e+01 4.543932773962680471e+01 6.422768386477001457e+01 6.952324156964625956e+01 7.634893383364452291e+01 8.460855518037143952e+01 9.487964276944858000e+01 7.492131987988959452e+01 6.097891598634370780e+01 7.354139894178459258e+01 8.180503093001189541e+01 8.594016519826170963e+01 7.790689153501475062e+01 6.492877496385494851e+01 4.594679070757903361e+01 5.737446286748916435e+01 3.817174791352110930e+01 5.780336863632604860e+01 7.314050423019952518e+01 8.667233061638084735e+01 1.036374028367514768e+02 1.035319590496608555e+02
