LEM/sinusoidal_perturbations/elevation_000590.asc
nrows	100
cellsize	150.0
xllcorner	0
ncols	100
yllcorner	0
NODATA_value	-9999
[rows 0 to 16 of 100, columns 0 to 36 of 100]
8.271705653423140972e-03 2.000827170565306901e+01 3.860158544143868653e+01 3.860158544143868653e+01 5.853463488344778654e+01 5.981638846762642459e+01 6.824876365297038205e+01 6.428340760707136781e+01 5.596169587772184428e+01 5.856440917794176926e+01 6.688854930986020975e+01 6.910846579454072014e+01 7.740779295653200620e+01 7.860862353572383654e+01 7.029770677139438817e+01 7.289866872158660271e+01 8.121105889258959110e+01 8.239592768202280126e+01 7.407939077374007297e+01 8.239472628685085454e+01 7.975024231675179465e+01 7.975024231675179465e+01 8.806860386982506839e+01 9.430775140730808914e+01 8.598295581081319483e+01 8.337016871004516361e+01 9.046337670459828928e+01 9.879150516627437639e+01 1.088419180071199577e+02 1.134634112917734257e+02 1.051492306283001454e+02 1.051492305992662892e+02 1.084098834304356558e+02 1.001086486042722186e+02 1.026981719608250927e+02 1.110058041231639976e+02 1.098160305364497589e+02
7.813061968023241044e-03 2.000758424237757538e+01 1.862035638144626049e+01 3.275773217001035675e+01 5.270989526583950635e+01 4.003392213225559004e+01 4.839497620380061704e+01 5.273841455583819027e+01 3.600406554757250888e+01 3.858827980181550998e+01 5.856440917794176926e+01 4.937915561004621878e+01 6.596514967579759059e+01 6.704180127808345446e+01 5.027581105903729508e+01 5.287254366357733204e+01 7.289866872158660271e+01 7.237606225375674285e+01 5.405774424550531165e+01 7.237131454282616971e+01 5.971800802525796570e+01 5.971800802525796570e+01 7.975024231675179465e+01 8.272528909488281101e+01 6.593662877479425788e+01 6.333284135802075099e+01 7.040075481257062506e+01 8.041505947926827957e+01 1.005116939326906902e+02 1.051492306283001454e+02 8.527070142431679756e+01 8.527070142430085298e+01 9.692264477483851692e+01 8.027225349603423865e+01 8.283968412633264222e+01 1.026981719608250927e+02 9.985646499224417028e+01
2.526786264046545528e-03 7.073594433514641011e+00 2.706557570562632264e+01 3.800063034997421596e+01 3.929878795303839212e+01 2.900022890766222616e+01 2.900022890766222616e+01 3.553757427852305995e+01 2.453692928329785161e+01 4.443915263422310602e+01 5.711565982887133686e+01 3.798060562897567394e+01 5.711565982887167792e+01 5.873805989217841272e+01 3.871702538502621138e+01 5.873805989217841272e+01 7.564365313455151352e+01 6.406852992525696777e+01 4.405335779011242181e+01 6.406843714643309795e+01 4.557505155975680111e+01 6.107251675498439880e+01 6.423399502691273710e+01 6.823413891245859020e+01 5.439970730587007353e+01 6.255372691138885699e+01 8.258827247815894168e+01 9.879150516626938838e+01 1.088419178627913340e+02 1.034872179866085276e+02 8.360159615416689860e+01 7.127262853522086061e+01 8.865609500945740251e+01 6.883317016017134904e+01 8.238753899856308749e+01 1.022668626486958203e+02 9.158617169718927187e+01
4.163169627051843593e-04 1.994689406032276580e+01 2.256006101540573638e+01 1.799459213007237679e+01 1.929373908613098010e+01 2.646628062793927327e+01 1.531499777111323723e+01 1.562521496574436064e+01 3.553860777101255763e+01 4.776884472715232732e+01 3.954888032353948546e+01 2.907323791543863933e+01 4.889102696884877020e+01 5.270149085808915146e+01 3.267623335224301684e+01 5.270148762428526368e+01 5.560725890733243659e+01 5.739678804814885638e+01 3.737518698793730465e+01 5.405933461921578242e+01 3.800436929451522161e+01 4.106186563562089020e+01 4.423042747506671901e+01 4.823341948509767008e+01 6.236607696139447654e+01 8.240089365956308143e+01 7.670651334424458412e+01 9.678809514986708962e+01 1.108628852033142778e+02 9.093135883862755975e+01 8.360159615416689860e+01 6.374395245493391116e+01 7.513426841601398110e+01 6.252363940802594300e+01 8.238753899856308749e+01 9.902394511619881712e+01 7.913121281458857936e+01
5.883922493566802643e-03 1.283637052493447728e+00 2.564005851822409809e+00 3.852319104624073898e+00 5.151458709547340753e+00 6.464523038144571743e+00 7.786160239054757071e+00 2.779043702058133292e+01 3.118821543352589032e+01 3.264401803833887072e+01 1.965077247964633855e+01 3.954888032353948546e+01 3.871883516275746473e+01 4.043709563343769986e+01 2.732430764372523058e+01 3.558295474043895723e+01 4.595556042728866686e+01 4.790076810031084165e+01 3.133285516200419352e+01 3.403433086783193318e+01 5.405938599024371882e+01 6.107251675498439880e+01 6.423399502691273710e+01 5.228002307145152372e+01 7.148761944293750048e+01 8.906435611369401784e+01 9.678809514986708962e+01 1.051164109070183628e+02 1.049949327442001987e+02 8.510603579608411451e+01 7.109237329148569984e+01 6.219975977887082763e+01 5.526066932394141418e+01 7.513426841601398110e+01 9.064169672013278500e+01 9.826850760453359612e+01 7.943401903189250390e+01
1.256007409845548732e-03 7.072323819275291079e+00 2.256539143260869906e+01 2.385381911431108293e+01 1.929373908613109023e+01 2.646628062794353653e+01 2.764943276553240636e+01 9.756818795805880740e+00 1.117815690594533073e+01 1.263294284537952450e+01 1.410337210966807220e+01 3.411641246412317230e+01 1.869558810928232617e+01 2.041693963136527401e+01 2.215778070281075784e+01 2.402295998555396395e+01 2.593027098103668493e+01 2.787362956030843719e+01 4.790076810031084165e+01 5.405938380050945113e+01 6.144852931647842809e+01 6.701334937951327220e+01 7.527067197896374751e+01 7.148761944293750048e+01 6.123913679080079220e+01 7.471592325101060794e+01 9.489854343524696390e+01 1.074043850765452248e+02 9.590651765536587448e+01 8.763621492809438962e+01 9.031619346294985462e+01 7.144383371181643838e+01 5.162203323172198566e+01 6.562731247291966952e+01 8.548615817259229743e+01 9.001235261449500058e+01 7.010799324406781352e+01
9.594114293757748102e-03 2.000959411429340307e+01 1.776277349572620778e+01 3.776276575446141237e+01 3.929878795702053651e+01 4.016572494758303691e+01 2.113100231315664601e+01 2.976173333174328306e+01 1.865963468853677298e+01 2.576755806386650605e+01 3.116941639074373427e+01 1.627908629677717656e+01 3.628692529038136882e+01 4.043347202258077289e+01 4.217878142664428509e+01 4.404622400444862507e+01 4.009038440307000428e+01 4.790076394104874424e+01 3.266102330391861130e+01 3.693413336042501527e+01 4.141717620144682144e+01 4.697646626635209799e+01 6.114384279791674004e+01 8.118359177324168741e+01 8.062727584086087518e+01 7.471592325101060794e+01 9.489854343524696390e+01 9.910500654310651214e+01 7.924047676448543598e+01 6.779199715784642422e+01 7.702902707261209514e+01 6.830973186972448730e+01 4.855693283284194450e+01 6.249563683020117111e+01 8.234619896706793440e+01 8.323949373481879377e+01 7.195705756924208174e+01
7.711341127313004785e-03 2.000771134112695648e+01 3.776276575446387795e+01 3.190490904001685024e+01 5.190487005976892476e+01 4.812010307066896075e+01 3.218170329143138986e+01 3.079441041877181462e+01 3.931414688053848749e+01 4.422205334347562200e+01 2.882151134389838631e+01 3.629487058675145761e+01 2.205359462908691626e+01 2.690697433119276738e+01 4.106558033661889340e+01 6.108279166692209117e+01 6.011535182276588785e+01 5.847209318060109950e+01 3.844693671960350656e+01 5.696544094432631056e+01 5.558152033287358051e+01 5.777216574934983129e+01 5.699549084503075846e+01 6.855949498009168508e+01 8.860378299527774004e+01 9.489854343524696390e+01 1.034127889764037178e+02 1.054744283744524580e+02 9.590629256128437419e+01 7.702902707261209514e+01 5.719527881268543013e+01 6.533188537136163632e+01 4.564961446214874741e+01 6.533188537136163632e+01 8.109177232528348611e+01 7.515617086862924623e+01 5.544296751501742193e+01
2.297228869525369630e-04 1.414236534661777789e+01 3.414236534661706912e+01 5.190487005976893187e+01 6.018732294695647767e+01 5.911697172211627560e+01 5.107217093756771931e+01 4.446703781679195089e+01 5.033753892512678618e+01 5.656834415007891437e+01 4.013178407386754287e+01 5.039384790372300671e+01 3.100569654978720990e+01 4.692848579482075877e+01 3.476136021351874916e+01 4.891777022421009491e+01 6.892058080439905154e+01 6.554972799989759835e+01 4.553115725982346618e+01 5.847209443991306443e+01 7.561274236469323284e+01 7.193272032418816764e+01 6.855949498009168508e+01 8.534291310537521724e+01 9.692175883977684236e+01 1.128554542802202008e+02 1.013485904555222703e+02 8.557869418427740982e+01 8.557864250231914127e+01 7.959675553067710041e+01 6.815910105463080981e+01 4.842006870710337552e+01 4.283399006287144317e+01 5.309151160073073328e+01 6.709164196300956462e+01 6.659286719451719705e+01 5.836528681347211034e+01
9.647730019007896146e-03 2.000964773001865282e+01 3.535894161208997133e+01 4.430327054496471106e+01 5.585043854318478651e+01 5.923402352829710082e+01 6.239341541428058946e+01 6.451018231879504583e+01 7.045366749953556962e+01 6.787117097154316525e+01 5.969404803272092863e+01 5.952939391900099508e+01 4.517904175582918924e+01 5.941661503437313030e+01 4.184220893683303899e+01 5.477645780035727086e+01 7.476974544534036227e+01 7.385681151163662150e+01 5.553810125194640790e+01 7.385681151163662150e+01 8.682134589208872910e+01 9.198696268713712243e+01 8.860378299527774004e+01 9.692175883977743922e+01 1.073640728904208999e+02 1.045437495012073725e+02 8.466950937001962529e+01 7.325093490264602281e+01 6.573885832223011505e+01 5.974174684537167934e+01 5.480420536639056195e+01 6.246093059714092277e+01 4.283399006287144317e+01 3.928651413825478755e+01 5.601991006254215222e+01 5.533984761516637718e+01 3.875556795013406486e+01
3.582433992925927561e-03 7.074650245858431497e+00 1.601892215585774792e+01 2.756592753975826326e+01 4.756593329415433402e+01 3.924671087913601042e+01 4.241006775656063610e+01 5.418821112344938484e+01 5.772197624421743711e+01 5.939377708743886330e+01 6.765871310155168317e+01 7.184955332947741624e+01 6.548735051174021748e+01 7.009661704360588885e+01 5.599228918560192625e+01 5.599228918560192625e+01 7.597408578435560855e+01 8.387564683286001355e+01 7.556135474784872486e+01 8.387564683286001355e+01 9.640313613390496528e+01 9.065020032365102054e+01 9.880708006968575319e+01 1.016349438222722625e+02 8.786270631543632703e+01 1.016349438222722625e+02 1.013485904555222703e+02 9.306935161152676983e+01 7.959675553053808983e+01 7.959675552749813221e+01 6.783178410266566516e+01 4.809794797157418600e+01 6.246091960683025235e+01 5.601991006254215222e+01 3.641412535647437920e+01 3.570984758286248706e+01 5.533981256266391568e+01
1.813270376062421294e-03 2.000181327037570611e+01 3.535894161208997843e+01 4.105286272309233198e+01 4.184647494281275470e+01 2.512996145296465400e+01 2.829884826453815450e+01 3.422684107290062627e+01 3.776775531089745641e+01 3.946140051601268084e+01 5.261018018210965153e+01 5.195818046800291512e+01 6.444722935069822256e+01 7.209684020260606019e+01 7.597408578435560855e+01 7.597408578435560855e+01 8.420094490161004330e+01 9.036350088691483506e+01 8.210025404361212509e+01 8.337715913449825678e+01 7.781952223094796750e+01 7.080386090994520032e+01 8.737481372023677295e+01 9.284968993682583971e+01 7.385353172141762457e+01 9.284968993682583971e+01 1.058778511662845148e+02 1.077685385150479505e+02 9.332671194096383260e+01 7.346706580681195931e+01 5.944822499616363132e+01 6.783177026577020285e+01 7.606604502385323485e+01 6.422269593183636971e+01 5.323557065115583953e+01 3.355248269762898161e+01 3.734745414519962736e+01
2.372884694381488524e-03 2.000237288469402586e+01 2.456064207053705672e+01 2.106700794588736869e+01 2.934836891629344180e+01 1.363428672490639038e+01 1.681597257462894035e+01 2.016802671737425001e+01 2.372276634851919042e+01 2.803008092070654556e+01 3.279838445612284659e+01 3.802446700888040709e+01 4.485995828628332305e+01 5.261493831626700057e+01 6.508267517526239487e+01 8.385509289761675689e+01 9.729577397199946631e+01 8.200267059249283363e+01 6.220440523925913112e+01 6.240562493006572709e+01 6.420845750342159874e+01 5.924738858745256920e+01 7.848014090669100540e+01 8.475502832578811763e+01 6.486104788562464307e+01 7.812370151240031646e+01 9.026161422839234660e+01 9.834398681675634180e+01 9.916852019317556710e+01 7.928361097785138156e+01 7.928382148542523566e+01 7.451714417961858317e+01 7.981105170815234828e+01 5.999240534958541105e+01 5.182699319476786570e+01 3.213888997700509265e+01 4.063733896208264440e+01
8.175220331382775790e-03 2.287266207769416138e+00 4.580695298211665545e+00 6.951879930899476534e+00 9.390018439947855455e+00 1.514232616610119031e+01 3.511357058773420192e+01 4.007339099893227541e+01 4.361221130897234843e+01 3.518034431636173309e+01 5.261018018210965153e+01 5.778422869201875045e+01 5.778422869202205447e+01 7.209684020260606019e+01 8.032921091768831445e+01 9.101611115348924841e+01 8.395113968329053478e+01 7.248898240881173649e+01 5.944167673394126439e+01 4.811616467664311614e+01 6.009279094888214701e+01 5.028638608743801797e+01 7.027244937752992371e+01 7.812370151240031646e+01 5.811599625933460089e+01 7.626633897901375292e+01 7.046930616157663962e+01 9.026161422839234660e+01 8.901166424503730923e+01 7.762865512876589946e+01 6.890443380050358257e+01 5.505990836090404628e+01 6.890335557346861606e+01 5.681952376637447344e+01 4.029759893566328799e+01 3.070449876145641710e+01 5.049960474210951134e+01
9.124702163186202558e-03 2.000912470216283268e+01 1.611245068070787667e+01 2.692072928232114393e+01 2.934836891629346667e+01 1.935908035970818375e+01 2.406453435462136525e+01 3.112724576719350722e+01 5.112144593239455048e+01 5.513035582220999231e+01 4.928041399144890278e+01 6.925336472912705688e+01 7.768224458722664849e+01 7.169231629691840624e+01 8.009748611223848513e+01 7.564785807117389993e+01 5.951489809250404051e+01 7.538668468301428049e+01 7.369203065001539699e+01 5.438586233872601383e+01 4.026603909079849331e+01 6.027941773248390689e+01 7.603656665856918551e+01 7.257456249745425225e+01 5.250625888530744589e+01 5.624735977338771420e+01 7.316957866735251059e+01 8.132506394441384145e+01 8.071385117629174033e+01 6.115537351845384251e+01 5.005173339238253760e+01 4.140991348715206755e+01 5.210552455758465840e+01 4.683235663073594424e+01 2.861604199282811223e+01 3.302935713809475970e+01 5.264952136910189040e+01
2.239863785106879172e-03 2.000223986378475161e+01 3.610108612507669790e+01 4.438360443542551792e+01 4.689315357517423877e+01 2.690318985678230135e+01 4.405242867178719024e+01 5.112144593239455048e+01 4.377249714565029137e+01 6.376721731490506784e+01 6.925336472912705688e+01 7.752150781795857881e+01 6.857889177435198746e+01 5.188280742200335283e+01 6.857889177435198746e+01 6.560873554507070082e+01 4.490825332405793091e+01 6.560873554507070082e+01 7.249552846030728404e+01 5.630121186834280422e+01 3.626810148113595034e+01 4.791254571527216655e+01 6.788248523732208639e+01 6.739294878568902902e+01 4.730055392505560974e+01 4.800625885441544938e+01 5.313906775071333044e+01 6.735838843259763564e+01 8.719788678177064867e+01 7.256470985045740463e+01 6.430632134163064961e+01 5.210552460941146791e+01 3.253416497407237529e+01 2.654743499529980255e+01 4.683233901121023735e+01 5.264938613359391439e+01 3.930636382245118199e+01
1.766589122093755728e-03 2.000176658912173977e+01 3.236000468041028455e+01 4.064427592787247789e+01 4.958854783786978970e+01 4.689315357517423877e+01 4.103699306879448017e+01 6.103117569311005752e+01 5.791186135024594961e+01 7.204716699021224713e+01 7.437344796736817898e+01 7.153336384647062118e+01 6.025529101547282096e+01 4.038129981508396327e+01 6.025529101547282096e+01 5.694339923757200239e+01 3.593123393579968194e+01 5.694339923757200239e+01 6.448067627942197078e+01 4.430110853961267736e+01 3.249346780842123650e+01 5.276402482641481129e+01 6.030683328861297809e+01 6.330925345642929614e+01 6.050131420424249029e+01 4.038826128140554061e+01 5.464024568641407598e+01 7.465118530998179835e+01 7.173041934452052715e+01 6.106355448198550562e+01 4.439274774894079201e+01 5.771181624182391801e+01 3.931433841252951567e+01 2.507009814666399095e+01 4.558791537212055545e+01 6.403087978984909512e+01 5.306861359751527374e+01
