LEM/sinusoidal_perturbations/elevation_000201.asc
nrows	100
cellsize	150.0
xllcorner	0
ncols	100
yllcorner	0
NODATA_value	-9999
[rows 51 to 67 of 100, columns 0 to 36 of 100]
6.455108993161302530e-03 3.190352067496500243e-01 6.316641321220248795e-01 9.444201244959635755e-01 1.257546003756745634e+00 1.570818198036109115e+00 1.241199678584824539e+01 1.762496139656298766e+01 6.105272095699524115e+00 3.092753215053057225e+00 3.410106686493589390e+00 9.569577467846547947e+00 8.680388049649987892e+00 3.162986271482275669e+01 4.236790750745959144e+01 3.536136663693029902e+01 2.751016694390995099e+01 6.779260106720836454e+00 2.472656483789766568e+01 3.210262698447917984e+01 4.634220170445640008e+01 4.342360272731494319e+01 3.515140397385310678e+01 1.842656210510782699e+01 3.838230747547623878e+01 4.449448348355596039e+01 3.811898267204284707e+01 5.229483921839972282e+01 4.859209125035895482e+01 6.533634371747659486e+01 7.382120395165956950e+01 8.232764223834762163e+01 9.076306596236086932e+01 9.073553807537017235e+01 7.294312902968347601e+01 6.144541781647750867e+01 4.161706632570934516e+01
3.995603441288198172e-03 1.610341716570792769e+01 1.839327159276079016e+01 8.825549108380275953e+00 1.477151664394711794e+01 3.154229068686728255e+00 1.264110454261003547e+01 2.032967635324153122e+01 9.035118946877704005e+00 2.310362316774245173e+01 3.607031856695159355e+00 1.270795778993363356e+01 1.456466622644098940e+01 2.720915725419604669e+01 4.716614445269139111e+01 4.072913642743929330e+01 2.770633492206295401e+01 7.093426554121461614e+00 2.535255261375652935e+01 3.086088874200547849e+01 3.603105853758445676e+01 3.201094940004018952e+01 1.518386467664049988e+01 3.515139018656294922e+01 3.258521723175701368e+01 5.237776369308823377e+01 5.623838838106691895e+01 6.702088987352352945e+01 6.878535682250424088e+01 7.725235786130004101e+01 7.905413988261001634e+01 6.208217163100448488e+01 7.905413988261001634e+01 8.133954611422527137e+01 7.016376987950881983e+01 5.403297850317298412e+01 5.791034339701074174e+01
4.804567899273937473e-03 1.545887128990885451e+01 1.814223765421195722e+01 2.347360401727652857e+01 2.564950931456343497e+01 6.234306968825404915e+00 2.661593300846995191e+01 3.156050005364766164e+01 2.636048912441898295e+01 9.568709371028063515e+00 2.929362381539531768e+01 2.730892793886776104e+01 3.307389164904395074e+01 2.736443435287318948e+01 4.704028434805847780e+01 3.126234722572888813e+01 9.897379448345411390e+00 7.412649852181879773e+00 2.611861419075612645e+01 1.314408948873079908e+01 2.352991309842941092e+01 1.202792220943626944e+01 1.990785935146845631e+01 4.101501748298535688e+01 5.237776121454815126e+01 6.073212160267013360e+01 7.726084265758068170e+01 7.452985040324986699e+01 7.868181125442681889e+01 7.039190470132170674e+01 6.827563729574032436e+01 5.049338151966770027e+01 7.063891433332740633e+01 7.340661434141829034e+01 5.404216942140973856e+01 4.253514657376854302e+01 5.242215169736225988e+01
9.707512844716031236e-03 1.923448508866941253e+01 3.358790896859049013e+01 3.182658877711564926e+01 3.149508663009389053e+01 1.044427101348589204e+01 3.173514915133216263e+01 4.570896777388372101e+01 3.804914041887273157e+01 3.025192742300318827e+01 1.492112625368832823e+01 3.452586417166789090e+01 4.698337800902154981e+01 4.704029624978882396e+01 5.533620196225005117e+01 3.816432204658214999e+01 2.640310894379322093e+01 8.413122765364240863e+00 7.872378685292471978e+00 8.199183049561476366e+00 8.810670467075809142e+00 2.014840959155305811e+01 3.050279712419802181e+01 4.779377778017190082e+01 4.838097915622634559e+01 5.671125392857084080e+01 6.068159824995491647e+01 5.360658443003234197e+01 6.775945698343919332e+01 5.030689378519502242e+01 4.811279519757884060e+01 4.288600047373092394e+01 6.302461697111105110e+01 7.591209039553494620e+01 6.804065047930063770e+01 5.242215208375598223e+01 3.248185525609707724e+01
5.001202446392439237e-04 1.999889807917569939e+01 3.337782302677305779e+01 4.776320434224965794e+01 3.162639669656597974e+01 3.167400450440233683e+01 1.712713425550109747e+01 3.785219066429752388e+01 5.019140847858936638e+01 3.101912706111637164e+01 3.452586561972622548e+01 1.995425422257694947e+01 3.901528608768438744e+01 5.218632574512841416e+01 6.062333605312196028e+01 4.625163755662592990e+01 2.449309967285738665e+01 3.080581484272168780e+01 2.140226275899976116e+01 2.802421761917987197e+01 8.661759413043620626e+00 2.196962203605342623e+01 3.431416217744703090e+01 4.436496036936702581e+01 2.781135082860904362e+01 4.504366470830994018e+01 5.580433901317848466e+01 3.966963204089841355e+01 5.545710324657412826e+01 4.729022107647531215e+01 3.382766921079024769e+01 5.401835492013678675e+01 7.142095613256923059e+01 6.804064382372283148e+01 4.849338731014805148e+01 5.031249016100153426e+01 3.036285302769142547e+01
5.279685921607564676e-03 5.350504543769633692e+00 2.535392949028355503e+01 4.216850054250367918e+01 5.169760081134078433e+01 4.602283230808116343e+01 3.785225593089958096e+01 2.418657068365236285e+01 4.468428744703909672e+01 5.020361110825235329e+01 4.619011651662924578e+01 2.723268707904614416e+01 2.536002036213910671e+01 3.368486305639967782e+01 4.701713696059176328e+01 5.639268566477063160e+01 4.755087679214317831e+01 4.884808268165834022e+01 3.873109806459478222e+01 2.925908114488710154e+01 9.044083336179912891e+00 9.379613122796145674e+00 2.966456624983075230e+01 3.080164403752645441e+01 1.694726637072459852e+01 3.659882950836955473e+01 4.086651884408900059e+01 3.130656376397669050e+01 4.721921303720300500e+01 2.704982285310406098e+01 4.729022107621756277e+01 6.239742073560050528e+01 6.705423347572022408e+01 7.051213468989290334e+01 5.339209924517695072e+01 3.435142739956088320e+01 2.826857904997933346e+01
5.738623160518319517e-06 1.999996622987928063e+01 1.387855575634844207e+01 3.388610574553425181e+01 5.286785609584593004e+01 5.891900469083365977e+01 3.878835954207464454e+01 4.468428798994472828e+01 3.302187819826468029e+01 5.335388442542256371e+01 4.052945314793846876e+01 4.619645023083239721e+01 2.965490922741792446e+01 4.859341439541292118e+01 6.062333605679014426e+01 7.361412782603255778e+01 6.345341945959496144e+01 4.136741924863513020e+01 3.326259489675080516e+01 9.591499163334685107e+00 2.278265882866416092e+01 1.499111657520687046e+01 1.011143159440753436e+01 1.070754361894709561e+01 1.135753414023507446e+01 3.144176905813992917e+01 2.106297927177176987e+01 4.085309980422938736e+01 4.306172491000269531e+01 2.309563192138724830e+01 4.154567286264961723e+01 5.464932999639393785e+01 4.898203375099770795e+01 5.744779974771500264e+01 4.044060928446961611e+01 2.532255567737713520e+01 4.535230804121102466e+01
4.532054705376768917e-03 2.000453205469798590e+01 3.388616058742214676e+01 2.456955215766532064e+01 3.611979662347686570e+01 5.615400329969256887e+01 5.315496929853445351e+01 6.005235926963888460e+01 3.995693289303578410e+01 6.005236061767806888e+01 5.161350471310156252e+01 5.323164030115314205e+01 3.410774497207636102e+01 4.751745389976370859e+01 6.702690660931547484e+01 6.402642943868498548e+01 5.318690461266153591e+01 4.114323290334625227e+01 2.008144044740171097e+01 9.976993771638372976e+00 2.749723321672492560e+01 2.756435636899499997e+01 2.988489591527734746e+01 3.079732303945582572e+01 3.141278338392058700e+01 1.227412195107965331e+01 3.217925801140485476e+01 3.391362295275700234e+01 3.458086499733141750e+01 2.312280767274618754e+01 1.855323666718502551e+01 4.123806055555615302e+01 3.615959264021449826e+01 5.417487583168940546e+01 4.323019020061734352e+01 2.334257933143470254e+01 4.070277761300207686e+01
9.001595176218036079e-03 1.415113721347393394e+01 3.415112617514467530e+01 4.458727916118893120e+01 5.289964764230960981e+01 6.447563137005256806e+01 7.283521187699021482e+01 6.808562132630845554e+01 5.021958616711055612e+01 6.808604787575079342e+01 6.545918373119364730e+01 5.937191778659597929e+01 3.995465546028272286e+01 4.965263304660249588e+01 6.915639636962308145e+01 5.548263795908003004e+01 3.336762340135213378e+01 2.124179529358769969e+01 1.435274699849980706e+01 1.035797176942238451e+01 2.989219179812770122e+01 3.436474806716672958e+01 4.327250116915833900e+01 4.648624212617779961e+01 2.974154687921104667e+01 2.014259217652985612e+01 1.318424876378325905e+01 1.382741671622278901e+01 1.447347881779191781e+01 1.512895920038501529e+01 1.578810771053854545e+01 2.398176056793776212e+01 3.745704099639942797e+01 3.821934891678962742e+01 3.792688819433652725e+01 3.911425866465254586e+01 2.057665473311536175e+01
5.674351268809080251e-03 2.000567435126845339e+01 2.986218845133434385e+01 3.653220883137364439e+01 4.409820756286793397e+01 5.238711187428486937e+01 6.394224727769651651e+01 7.785748136037607026e+01 6.988513786606958433e+01 7.785769044851022613e+01 8.494694443663524908e+01 6.630985369133443896e+01 4.668640758032150728e+01 6.630985369133443896e+01 7.715534259092494551e+01 6.402642943872146475e+01 5.318681583048058314e+01 3.845377791978567217e+01 2.139680381743208670e+01 2.816159567735347480e+01 1.089343086111626135e+01 1.628911886249301233e+01 3.774404656021501125e+01 5.181720644329024594e+01 3.290329423601893666e+01 3.967187135221485050e+01 3.331084736482232245e+01 2.232492716535328015e+01 1.788567378653115014e+01 2.893126092709619712e+01 1.781302524586934766e+01 1.674535637030040292e+01 1.742502433439212339e+01 1.810722841447671527e+01 1.879231874597248364e+01 1.952992795844922114e+01 3.967909973407231661e+01
9.518805923843161668e-03 4.860231389994579487e+00 9.860232809635595785e+00 1.652694715871230358e+01 2.408667419256108033e+01 3.563809095225246892e+01 5.565494293486577249e+01 6.124221118606003245e+01 6.957506602415490704e+01 7.809808517567705621e+01 8.223872030622646889e+01 6.272992260909578022e+01 6.630985365526890973e+01 7.432790421565862005e+01 7.019503967956306667e+01 6.445650835270376433e+01 5.632154815324864927e+01 3.851844578097477978e+01 3.795332971186003590e+01 3.309944494348722088e+01 1.127205836448725762e+01 1.694153900557714465e+01 3.157311306830326458e+01 5.699029535596768881e+01 4.638873813823010295e+01 5.456032142219564207e+01 3.460824976549865539e+01 2.337907178364712024e+01 4.145290507536464020e+01 3.971073958172615193e+01 3.290165122045490875e+01 3.177487708980446612e+01 3.743400517957881135e+01 2.817050506388198983e+01 2.065388788706479772e+01 3.996091849706055399e+01 4.853388173865710797e+01
9.062254805971973678e-03 2.000906225480561673e+01 2.986218845133434385e+01 2.400326029942678474e+01 4.400689225663921178e+01 5.238137499779559647e+01 5.509291289443384443e+01 4.045180525774733837e+01 4.924413455797324701e+01 6.504277470715400966e+01 7.522296047559437682e+01 8.223872030622645468e+01 7.186058656447369231e+01 6.369893213370129814e+01 5.077201779747461075e+01 4.510371621531815123e+01 4.571043980193952194e+01 4.082387670122738399e+01 3.745541321081681474e+01 3.156316079179620360e+01 1.165170702144490278e+01 3.055597630240513141e+01 4.002289645195723722e+01 4.898687418466203525e+01 6.690876842099260102e+01 6.283836548053162829e+01 4.837702054730208800e+01 2.840731864554456365e+01 4.837702054730208800e+01 5.990381186659362811e+01 4.797659090003403293e+01 5.395244372409904798e+01 4.380270752304942050e+01 4.250189918447290438e+01 2.252889972287468012e+01 4.260603256913214665e+01 6.084395444200679037e+01
3.063233560239582431e-03 1.414519885729131410e+01 3.414519885729201576e+01 4.400689225663921178e+01 5.229203009715206463e+01 4.952913553561369042e+01 3.491951072705308690e+01 2.799978884228786669e+01 3.565272116231444244e+01 4.642904866803093711e+01 6.692600208484248014e+01 7.488697079905321630e+01 5.550871940140449112e+01 4.446192546493438869e+01 3.752675811518798810e+01 3.116861117176967610e+01 2.592048653844324235e+01 2.102532172277556555e+01 1.742291826655625897e+01 2.295827794443059133e+01 1.203234408520344978e+01 1.519812935793523856e+01 2.006548220837683161e+01 4.041800488570489591e+01 5.943490120217209238e+01 6.974568991866799195e+01 5.544246241451467938e+01 3.546249280949399463e+01 4.472517167651612624e+01 6.463020349163559786e+01 6.918839289807388582e+01 6.888020468183421485e+01 6.160826554052550108e+01 4.448424485671083062e+01 2.443318544713785201e+01 3.266923515115492194e+01 4.425294724396885471e+01
5.666595628964066558e-03 1.414780221936003990e+01 3.414780221936074156e+01 4.169076678439272143e+01 4.299648837663682599e+01 3.440118986254595512e+01 2.019248664138999061e+01 4.122401456928708541e+01 5.667752537436943072e+01 6.504277470715400966e+01 7.522296079493892762e+01 8.314171130998434478e+01 7.186058960292443487e+01 6.369893213370129814e+01 5.689762318725750134e+01 4.969968540101657339e+01 3.004679994607060323e+01 4.035088007921324760e+01 3.063921097904676571e+01 1.257194388101304305e+01 3.198605858354491716e+01 3.407348016789466527e+01 4.025466078726596209e+01 3.070199179677008061e+01 4.058247906115634862e+01 6.099990489205703881e+01 6.369233649949711662e+01 4.550426281460394762e+01 6.369233649949711662e+01 7.290693821207617020e+01 7.462508809692229761e+01 6.629719261809503905e+01 5.878155574538864414e+01 4.642930808812977261e+01 2.640661969296012401e+01 4.642930808812977261e+01 6.084395444200782777e+01
2.110006612196471242e-03 1.414424563034327242e+01 3.414424563076197217e+01 2.169128641755660780e+01 3.010959790335685327e+01 1.382252393597302387e+01 3.440118986254595512e+01 4.067537792530306007e+01 4.888760210123059124e+01 6.286476213652579048e+01 6.782902855880269044e+01 7.611366300847069510e+01 8.360640108023993378e+01 6.401269656881254377e+01 5.038738369244219228e+01 4.066937792837483556e+01 4.969968540101657339e+01 4.407041789967663448e+01 2.657734351659590288e+01 1.295466392084301432e+01 3.349182264647883756e+01 3.909493642183089435e+01 4.299960252715720799e+01 5.048813494927344436e+01 5.943490096600796591e+01 6.974558608976361995e+01 7.364865610546752350e+01 6.538981790085504997e+01 7.367942392023063292e+01 7.791777518938981473e+01 5.799276278646743776e+01 4.651532196390189000e+01 3.892202074651312671e+01 3.222079364076697061e+01 2.868175744262087079e+01 4.867919735552654714e+01 6.012938866012929395e+01
9.367352646185668139e-03 2.000936735247278975e+01 2.401362537751622028e+01 7.549257717829182646e+00 1.010999531521032324e+01 2.282269765206197221e+01 1.843405917180801268e+01 2.166950847664461932e+01 3.491044209834990397e+01 5.152461958935845843e+01 4.786028729240484836e+01 6.734316170375443278e+01 7.888940594849857746e+01 7.796225788267089740e+01 6.821306761753255898e+01 6.006947172204318264e+01 4.906597016553964608e+01 3.851528461036158291e+01 3.244881200194348736e+01 1.333529039632865754e+01 1.502414085888569062e+01 1.776154189013853113e+01 2.132572821171352473e+01 4.300620829182592786e+01 5.396214230251433719e+01 5.975639341450310127e+01 6.683262442027488248e+01 7.468472713241223460e+01 8.295056830228287481e+01 8.625437171050558050e+01 7.462508809692410239e+01 5.992208112028872335e+01 4.010488172975154697e+01 5.214913601281884326e+01 4.867919735552654714e+01 3.194089913311643514e+01 5.192028376809760459e+01
3.648181865326004768e-03 2.003648181865322009e+00 4.013723812383737766e+00 7.549257717957915226e+00 2.754913813501224240e+01 3.544615706215051887e+01 3.731558313464083199e+01 4.067537792533676821e+01 2.666177278284132868e+01 3.179909233598906937e+01 3.912509917939789972e+01 5.060698619309435742e+01 7.060438365025953544e+01 6.357816601681923885e+01 5.506476779587760717e+01 4.851301570723720857e+01 4.106319932572732512e+01 2.428723679840401672e+01 1.387027554706527610e+01 3.335890731170254497e+01 2.468852308318967204e+01 3.849988914938860063e+01 4.300613689351716573e+01 2.692008454824553354e+01 3.175017136619944225e+01 3.729684526572933834e+01 4.434175194163508138e+01 5.249285898003031292e+01 6.576952749794583042e+01 8.675950841849854100e+01 7.377335837748560721e+01 5.418469422416771408e+01 4.768949718940184823e+01 6.736436884980869877e+01 6.012938866017883299e+01 5.192028376809760459e+01 3.530695526289859032e+01
