LEM/sinusoidal_perturbations/elevation_000230.asc
nrows	100
cellsize	150.0
xllcorner	0
ncols	100
yllcorner	0
NODATA_value	-9999
[rows 17 to 33 of 100, columns 37 to 73 of 100]
3.534555357438090084e+01 3.955193826641493615e+01 3.092718700180592251e+01 4.757545585286628409e+01 4.870898921281364835e+01 3.854540049907809163e+01 3.676737211096872215e+01 2.164552834560033645e+01 4.329829523261624047e+01 5.340084581492963878e+01 6.190810256431138470e+01 7.365755167490880240e+01 8.415283878002594520e+01 9.240200338206940955e+01 8.315672799642599955e+01 6.344093157081365320e+01 7.329635977815662784e+01 9.305449831924850912e+01 1.024102827830746634e+02 8.802091896834762963e+01 6.696376391825113217e+01 7.011377044198673048e+01 9.103841036628857353e+01 8.754245468766957572e+01 7.931411920665590287e+01 7.269076569214753647e+01 5.820306099978538583e+01 6.567316166013267775e+01 7.554448533149684408e+01 9.535541477992725845e+01 1.059679105105063286e+02 9.560595706725416676e+01 8.368183584688297572e+01 6.340504508121429694e+01 6.773475363330986454e+01 8.208092865111260039e+01 1.028548289949497985e+02
5.634537683653918094e+01 5.697956112389033478e+01 5.118909580585832941e+01 5.974989606402512266e+01 6.204234427260121976e+01 4.764243816743025661e+01 2.234631121446041746e+01 2.370856017738065802e+01 2.613545071198149472e+01 5.266542517225403230e+01 6.159509077445308378e+01 6.751840655402722291e+01 7.413323952867635569e+01 8.230791611019229492e+01 9.013404352317861878e+01 7.039919122929781281e+01 9.013406380917787430e+01 1.012818184271305313e+02 1.024729013286606119e+02 8.203471187152921118e+01 8.203471187152921118e+01 8.508669289703534844e+01 8.508669289703534844e+01 1.054071273999727936e+02 9.383032596415579007e+01 7.402493276260099719e+01 6.262673061189875767e+01 8.239570225042743346e+01 9.368721608007317059e+01 1.036098050107611073e+02 1.081436833593941742e+02 8.728504377667691472e+01 7.279092827936347021e+01 6.911197490027352330e+01 8.816546300652568391e+01 7.850897233877508086e+01 9.925416215265532571e+01
5.213735110173286103e+01 6.028471593702480646e+01 7.009908424099278079e+01 6.639346427891750579e+01 5.499305128919510111e+01 4.267734823016320433e+01 2.282627530594876575e+01 4.195919322133000406e+01 4.811232555419395851e+01 3.345915514113659128e+01 3.994570004002301289e+01 4.699943868716138695e+01 5.428874046466987124e+01 6.431968443030119431e+01 7.818034500220701943e+01 9.013406380917787430e+01 8.433133878284721163e+01 1.041430812664670924e+02 1.106693468687807496e+02 1.024729013286606119e+02 1.024729013286606119e+02 1.054071273999727936e+02 1.054071273999727936e+02 1.135871056988359697e+02 1.020846932355790386e+02 8.865189774752262508e+01 6.886800655505814461e+01 7.511455505178346925e+01 8.910402207889663373e+01 1.089788446124617138e+02 1.065885730416528219e+02 8.572669526836553189e+01 9.339437544053998863e+01 7.512638786674958169e+01 9.584025012898131024e+01 9.925379610335617997e+01 9.314387176518172851e+01
3.274391129975133907e+01 4.234091080820538622e+01 6.193385174072660959e+01 5.819335445714641253e+01 3.857141109521519695e+01 2.851821598326182894e+01 2.330099109246146227e+01 4.314257596327245636e+01 3.520485930537113006e+01 5.090052018350824881e+01 6.159509077445308378e+01 6.751840655402722291e+01 7.413323952867635569e+01 8.230791611019229492e+01 9.214598367325174877e+01 1.061116223423450720e+02 1.041430812664670924e+02 1.123879735703560527e+02 1.014801130171984767e+02 9.325616654475362566e+01 1.014801130171984767e+02 1.020869271461642285e+02 1.020869271461642285e+02 1.103553398700387760e+02 1.026833868863766810e+02 8.283986464591852439e+01 7.873958034819163743e+01 9.492511637207779529e+01 1.031860924155555779e+02 1.132194607035856961e+02 1.151411421740354371e+02 1.004875832231582535e+02 1.044358756269835879e+02 8.699231771576604899e+01 8.814802166136546191e+01 1.029767965900365567e+02 1.140057413313527377e+02
4.180651624314118209e+01 5.781110965153721537e+01 7.009909691202227577e+01 6.075799705105075788e+01 4.110981194169735176e+01 4.686447550357544145e+01 4.311389792487883454e+01 2.399144785710992878e+01 4.374519426119181986e+01 5.172831391216870145e+01 5.913203143202114376e+01 6.755696911326886323e+01 7.489778735924795683e+01 7.489778735924795683e+01 9.463555826794673465e+01 9.295136077380414008e+01 9.191256378871112531e+01 1.001515913146895258e+02 9.162334730663819471e+01 7.360096951918144725e+01 9.162334730663819471e+01 8.232862920970300991e+01 8.232862920970300991e+01 1.020869271461642285e+02 1.109535746741679958e+02 1.026833868863766810e+02 9.273882660707597836e+01 1.068271888956557660e+02 1.074303381946380966e+02 9.335123117471599130e+01 1.074303381946380966e+02 1.213178798706009047e+02 1.164745140946186126e+02 1.079263222916200533e+02 1.090767054833001879e+02 1.176187072992929359e+02 1.322532177516529259e+02
3.019972533632989098e+01 4.983878939366361038e+01 6.762578362835209589e+01 6.896072834411415897e+01 6.075799705105075788e+01 6.510447592723475907e+01 4.865884616168777654e+01 2.932815451176621124e+01 2.469932973296505452e+01 4.035622958767040558e+01 3.951270743878464486e+01 5.938387044294658068e+01 5.521959554466900499e+01 7.323830887761202746e+01 8.722199737089728444e+01 7.325102129606673884e+01 7.222059062638845717e+01 8.874880803274558616e+01 8.342856803196754356e+01 6.385173458328586094e+01 8.342856803196754356e+01 6.849151498246632741e+01 8.441379607274488706e+01 9.136057412918653142e+01 9.959862441471192085e+01 1.110456454481466864e+02 1.126279471656772415e+02 1.077663024521676931e+02 9.857259044058920949e+01 7.941968035260231318e+01 9.857258311392688199e+01 1.114243598294278854e+02 1.076440170577399869e+02 9.938334653238511862e+01 1.041382637475333723e+02 1.124075786933046430e+02 1.227073425739386465e+02
4.468717885817915914e+01 4.032143556612469837e+01 5.149507140037579944e+01 7.074598149652771895e+01 7.087734178480096148e+01 5.115455106312862910e+01 3.753613028946502794e+01 4.865897883119322387e+01 4.446157726028140900e+01 2.540432904462210217e+01 4.512185043527961170e+01 5.453681196584447832e+01 4.537514595116979166e+01 6.505869145195272552e+01 7.507478965786722824e+01 5.937699495840619335e+01 6.089442151971992701e+01 8.054339778256921534e+01 7.690277371810314833e+01 5.733674910126934066e+01 7.090516218829779405e+01 6.111186869541186439e+01 6.482117502789932928e+01 7.171211592807684099e+01 8.300583819953462239e+01 1.027733447124123387e+02 1.119324908117302186e+02 9.950881287080839854e+01 7.976512248945499550e+01 7.068148787102877861e+01 8.338815681736544150e+01 1.003527127357485966e+02 9.620749575376984808e+01 7.963249842151212476e+01 8.434872914289125845e+01 9.454899615771488186e+01 1.108944715763977911e+02
5.006406732383367597e+01 5.962789323872877389e+01 6.762578362835209589e+01 7.875432890319025603e+01 6.829415735666962917e+01 4.861297724561599409e+01 5.693122272158331754e+01 4.979384031438021907e+01 2.956067052100882719e+01 2.589693323920189627e+01 4.008469622504964036e+01 3.488865779270916079e+01 4.877208376050489136e+01 6.845608355555208391e+01 5.540535380531222387e+01 4.952314300398077762e+01 6.919905604791256337e+01 7.248284785652003848e+01 7.100343980699922497e+01 5.139183350104383408e+01 5.128952078167507267e+01 5.608118754140926399e+01 7.565171086919097831e+01 9.136057283880096236e+01 9.959851270905734566e+01 1.001271216743762267e+02 1.036646883277468731e+02 8.388156926363170385e+01 7.258001435357994069e+01 6.383339770723623019e+01 8.338815717953768569e+01 8.060157156696614322e+01 8.124852563419545959e+01 6.835425506543879237e+01 7.484252376801804019e+01 8.284187635811727546e+01 9.269254459345776809e+01
3.859885923729185464e+01 4.490473787123968918e+01 5.878065798635803674e+01 7.844857193935852990e+01 7.655547515346448506e+01 5.988453500676134666e+01 6.402220587203342461e+01 4.390025832999805289e+01 4.979384031438021907e+01 4.558898067700507539e+01 2.658040926940312332e+01 4.625069411134592201e+01 5.625050363182662494e+01 5.419414414502497124e+01 4.144588574009350879e+01 6.116639818441181831e+01 6.587574489868684680e+01 5.281584428252106278e+01 6.131693305005735084e+01 4.586159760937945862e+01 5.982114521245007666e+01 7.565171086919517052e+01 6.989941623423322881e+01 8.953897859169047990e+01 9.440991968951948365e+01 8.042468975200144143e+01 9.440988982128305906e+01 9.525890210767684607e+01 7.833913999051397070e+01 5.887776848183882805e+01 7.233323812772700023e+01 6.679688399001692289e+01 6.173067738075968691e+01 8.124850420705119802e+01 8.776880928373230972e+01 9.285394552172718363e+01 9.855551748103033560e+01
5.799575036467879841e+01 6.454125661139835302e+01 5.731609147989448871e+01 7.697402612786169129e+01 8.805672256118533880e+01 7.978191512287773435e+01 7.219443472905770420e+01 6.402220587203342461e+01 5.434290632237931362e+01 3.345793622483181906e+01 2.705905828767510002e+01 4.672015670164977053e+01 3.914831682436206961e+01 3.449116290024421261e+01 5.419414414548623427e+01 6.268440261010702841e+01 5.322687183620097073e+01 3.877789366222511802e+01 4.155305515512564085e+01 5.301482541992093189e+01 7.265782297777610665e+01 8.763505590838816772e+01 8.953897859169262574e+01 9.776877271232089583e+01 8.564498442266729228e+01 6.669331709860256296e+01 8.564471882672414438e+01 8.657683260360762745e+01 6.871986984365126716e+01 6.912990973704786768e+01 5.298040581801242865e+01 5.567895446351291611e+01 5.949475056705835385e+01 6.358384726852590063e+01 6.813723283492039684e+01 7.315931592617209844e+01 7.880469284798410001e+01
6.317433814090354360e+01 7.140190569356762751e+01 7.697402612786169129e+01 7.697402612786169129e+01 9.679757993908118863e+01 8.228419621552446017e+01 7.244870284632972357e+01 6.427937969545425290e+01 5.179687377819875849e+01 3.207873099277036744e+01 3.330895161060134058e+01 2.773336063364720516e+01 2.820677639479743704e+01 4.786298973418360703e+01 5.671581481818661530e+01 5.119606072852000977e+01 3.475149877040223600e+01 5.483208349459778219e+01 5.301482541947448368e+01 6.947828793272930170e+01 8.083676437757486610e+01 8.870490809955458644e+01 9.436547285021660514e+01 8.983309279333057873e+01 7.747378801203907983e+01 5.807826179190939087e+01 7.747378733677390983e+01 7.965355530813960172e+01 6.072240978673028877e+01 4.979931831424474353e+01 6.912990426914595332e+01 7.507640782850371863e+01 7.320909306862075994e+01 7.481417084515385341e+01 8.776881402617331673e+01 9.285394552172718363e+01 9.855551748103033560e+01
4.325871380876652950e+01 6.317433814090450994e+01 7.533893223998305189e+01 8.540408929244446767e+01 9.364675441086640717e+01 7.409353940607579148e+01 5.446521998483284932e+01 4.452933635654721201e+01 3.746783972155236597e+01 5.179687377819875849e+01 4.595412671911740432e+01 4.738903011606718962e+01 4.785840728563526625e+01 2.887427000919567988e+01 4.853940472027566244e+01 3.084039847157606573e+01 5.119599689771138173e+01 6.299814036803676487e+01 7.265780802898856905e+01 8.083632173774296348e+01 8.300574022197329782e+01 6.929633373460109169e+01 7.498097346168472654e+01 8.164527443536869100e+01 6.217423367053891781e+01 5.196515380365288195e+01 7.134038284267433028e+01 7.832325033981990714e+01 6.233748276341005834e+01 4.762971589588789101e+01 6.697777815444426608e+01 8.426887656827975093e+01 9.288437267086531790e+01 9.451712051612979337e+01 1.027644912773935317e+02 1.008019002408331346e+02 1.090848893850636472e+02
6.317433814090450994e+01 4.721900103237125990e+01 6.711404953255836858e+01 6.559613909083667238e+01 8.540408929244433978e+01 8.228419621552446017e+01 7.244870284632972357e+01 6.209741007653565248e+01 4.230506756274985491e+01 6.209741007653565248e+01 6.628941111275030096e+01 5.896745209412011235e+01 3.928690446737402198e+01 4.238050513034067990e+01 2.953791644056225607e+01 3.001367327187745460e+01 4.969220462614413947e+01 5.856265237965727266e+01 6.508129362337166413e+01 7.325765776980148303e+01 7.498081433694058262e+01 5.557033772581359443e+01 7.498081433694058262e+01 7.870079369819480064e+01 6.574723373813714034e+01 4.629761580258845299e+01 5.909513997796531726e+01 5.844892565530479089e+01 6.197367347208916044e+01 4.546666480309850300e+01 5.666083629702551150e+01 7.609461969073257137e+01 8.279114937909986338e+01 9.101358944807789442e+01 9.759537105965482340e+01 8.094143209745553236e+01 9.140551638697259307e+01
6.130737965695779224e+01 6.711404953255836858e+01 5.153446746129785083e+01 7.139775338347797629e+01 8.673852182972339619e+01 9.000382317287655098e+01 7.022832091379476083e+01 5.634415474709346228e+01 4.864919338030245655e+01 6.831687806807286734e+01 7.288552736802860466e+01 5.320240715151826549e+01 5.893774329401731649e+01 5.597870871727028685e+01 4.921747021642121922e+01 4.968964662639729823e+01 3.068063620823001258e+01 5.039525988340708551e+01 4.533099406565769840e+01 6.508129555820995904e+01 6.811754854799406189e+01 4.864537507341911748e+01 5.941073128220187272e+01 5.905500552310080309e+01 6.375425380123403585e+01 5.597919392551900586e+01 3.936970629017137924e+01 4.089947881541105801e+01 4.242815761541525887e+01 4.454204145916603608e+01 6.511015718806908126e+01 6.895279562392823891e+01 6.322076182225270458e+01 8.279114936279211179e+01 8.654889062729752425e+01 6.944683522086970129e+01 7.154984527698408669e+01
7.532637908013883532e+01 7.562607954305752855e+01 5.579347327511791121e+01 5.881758271999970589e+01 7.863259803890321109e+01 9.530703605190201699e+01 8.425237461078856427e+01 7.524301627031380235e+01 5.565293910935457689e+01 7.524301627031380235e+01 8.107969893842502529e+01 7.288552736802860466e+01 7.802169331122664175e+01 6.408144956690881600e+01 5.313062576955275773e+01 3.331108778641993240e+01 5.039505851208826215e+01 3.136634005130393277e+01 5.111572277088203009e+01 5.235956258234264737e+01 5.347620179566442289e+01 5.685712793156876899e+01 3.978349745689558148e+01 5.470893292790142226e+01 3.668338670056800765e+01 3.735067436401907059e+01 5.714930084961802947e+01 6.053119362906754475e+01 6.197364924011530007e+01 5.377050500391260357e+01 4.753496572608460013e+01 4.967810995326909307e+01 6.895279555364895430e+01 7.441657790055494104e+01 5.811751193317527253e+01 6.049822861254983764e+01 6.331455233436039975e+01
8.620421575945748316e+01 6.641433502640056474e+01 6.131860098948247639e+01 7.863259561542028564e+01 6.728515918715466171e+01 8.126360566144720110e+01 1.010812243432873458e+02 8.343870300105881199e+01 6.694416080712208839e+01 8.343870300105881199e+01 8.828902692829760213e+01 6.861475926321334384e+01 6.693959333059319761e+01 5.014120582259099734e+01 3.605067328070347088e+01 5.313062576955275773e+01 5.887623202742339146e+01 4.677898340703485047e+01 3.205242076566737097e+01 3.254428578755315726e+01 3.742430322972209922e+01 4.615899126173754752e+01 3.446038135826742632e+01 3.497293072131144953e+01 3.549884708317663495e+01 5.513732234864371407e+01 6.236795661992438511e+01 7.284995472798654248e+01 7.536627848104836858e+01 6.277616753524998927e+01 6.111816910518466273e+01 6.895279560334090263e+01 5.278482622713340788e+01 5.500937930818184185e+01 5.930741068881255273e+01 7.699086059647920877e+01 8.329947260030706957e+01
8.039898022104365793e+01 8.620421575907465694e+01 6.705152736555430693e+01 8.682547894501288965e+01 8.126360566144720110e+01 7.978770368345385577e+01 9.959577790973257549e+01 9.481825382303658500e+01 8.657946365536903954e+01 9.120652735433445457e+01 7.984715120205363803e+01 6.861475872677688415e+01 4.893594852389037442e+01 3.893559055978318639e+01 5.591172990208989546e+01 6.408144956690881600e+01 6.710815831021304234e+01 4.717169670214433097e+01 3.528614085706489334e+01 5.235515185271737693e+01 3.324534061996835987e+01 3.374438436728001989e+01 5.372173539627991090e+01 5.454079507114880698e+01 5.523009219177571794e+01 3.631027432265045007e+01 4.191780212923835336e+01 5.404695594112620682e+01 7.449261163359636839e+01 7.970828874412366361e+01 8.063862076987044247e+01 8.029971043527513075e+01 6.635537244594479489e+01 7.441302439908484700e+01 6.619208339384998396e+01 7.129516975117019228e+01 9.093499464399923227e+01
