LEM/sinusoidal_perturbations/elevation_000828.asc
nrows	100
cellsize	150.0
xllcorner	0
ncols	100
yllcorner	0
NODATA_value	-9999
[rows 34 to 50 of 100, columns 0 to 36 of 100]
2.064481644892168701e-03 1.414420010537596717e+01 3.414420010537666883e+01 4.682782838905361444e+01 5.201039845835720143e+01 4.614501441166443385e+01 6.029887067815167256e+01 6.087710155791124578e+01 6.916794481197938183e+01 6.937522329530779075e+01 7.766361809747097311e+01 8.351762383066507311e+01 7.498041416362018197e+01 6.674537145008925165e+01 5.625952028739393285e+01 6.770993229639803701e+01 8.755327196431142056e+01 7.612496578297208316e+01 9.013892271149222779e+01 9.135295996634305027e+01 8.315500652671093462e+01 9.135295996634305027e+01 9.413648879873150577e+01 8.592885342734997778e+01 9.413648879873150577e+01 1.055326624773784943e+02 9.593410524064776723e+01 7.554691428637320882e+01 6.162604746290713820e+01 6.011898742681336216e+01 7.276877041726680773e+01 6.907207451587035507e+01 8.921718091271851847e+01 9.084311963668261569e+01 7.135969277150233836e+01 7.137492943145724666e+01 6.438106751327468658e+01
2.905961989428186391e-03 2.000290596198907167e+01 2.817841407765802941e+01 2.673029703115258116e+01 3.193843900256496582e+01 3.193843836391953772e+01 4.541485092999209172e+01 6.544338241469165496e+01 7.248782986836657471e+01 8.086675520038552634e+01 8.931667849220677624e+01 6.945577127134377804e+01 5.541912659411503483e+01 4.687441999159769779e+01 6.674537145008925165e+01 8.434086110174305873e+01 8.025028654145062035e+01 6.216963594140000282e+01 8.025028654145062035e+01 9.333372358957352333e+01 8.506871136460159732e+01 9.333372358957352333e+01 1.001648317276444971e+02 9.187236748480366089e+01 9.738257399556258065e+01 9.324847020630141969e+01 1.015468962194526767e+02 8.999826115892862788e+01 7.554691428637320882e+01 7.398611180444014224e+01 8.842196825740438726e+01 8.921718091271851847e+01 9.433866858231964159e+01 8.520318900519008309e+01 6.564707677200146918e+01 5.177256660382456488e+01 5.624588941572758927e+01
3.542675937824442140e-03 4.004267490786634021e+00 8.091248763069058825e+00 1.247127797951977790e+01 1.767535493580755102e+01 2.531364062566196083e+01 3.954590427525370444e+01 5.958454425286167577e+01 5.254370280030344986e+01 6.511067681427303455e+01 7.346620590422740804e+01 7.527289631581770379e+01 5.541912659411504194e+01 4.133943118998401189e+01 6.123416111348559809e+01 7.035774266945914235e+01 6.215756675325915381e+01 5.226994712116835728e+01 7.204518638534992192e+01 8.343119896826898696e+01 6.532515434720878034e+01 8.343119896826898696e+01 8.869154319610927928e+01 7.206112915365709171e+01 7.752476025578263830e+01 7.343348827494821762e+01 9.006964548699556872e+01 1.015468962194526767e+02 9.593410524064776723e+01 9.434099830591412683e+01 9.818089143666242080e+01 8.942001939797575005e+01 7.475094736260264483e+01 7.475094736260263062e+01 6.931502369299661837e+01 6.006112594534513249e+01 4.041990415016569216e+01
3.411803931810562015e-03 2.000341180393145635e+01 2.817841407765802941e+01 2.462808387434758473e+01 3.781738123270954333e+01 4.541489870559870923e+01 5.370954296815352791e+01 5.932485920146954328e+01 4.107429649019545082e+01 4.518900891933887465e+01 6.511069285867900192e+01 7.259335301576116706e+01 5.141913699964301543e+01 3.698402452352119951e+01 5.689277512276417781e+01 5.437923148202268919e+01 4.232662508760832054e+01 5.636667687799447890e+01 7.613801162833220815e+01 7.519693285590516041e+01 5.546772491545834782e+01 7.519693285590516041e+01 7.416963732478728843e+01 6.068704836997833496e+01 6.359843479904102281e+01 6.207694673132943564e+01 7.343348827494821762e+01 9.324847020630141969e+01 1.111068089415544335e+02 1.038636566783783906e+02 8.425634013684904744e+01 7.047658150512975794e+01 6.171601375371043474e+01 5.515129803232707673e+01 4.968806035943123334e+01 4.461199153489240388e+01 6.006112594534513249e+01
3.327314952832964925e-03 1.414546293868390769e+01 3.414546293868460936e+01 4.593431478662913747e+01 5.366877750644973588e+01 5.505383157964961072e+01 6.297758389735727746e+01 5.102380897414846572e+01 3.110958105588649047e+01 5.102380897414846572e+01 6.335991201271795603e+01 6.648710765084851460e+01 5.289996545078669499e+01 3.299107231679918328e+01 4.756242037214165208e+01 3.450252661374486252e+01 4.857757979487730893e+01 6.832518235388738503e+01 6.993821084494457807e+01 6.862053020908950884e+01 4.885464939153467157e+01 6.019233030968493381e+01 5.440433934789641768e+01 5.184103687759065338e+01 5.220223410769166605e+01 6.615396313546641238e+01 8.591765988738330861e+01 9.847899645759569864e+01 9.114048428407640756e+01 1.052907014022695762e+02 9.818089143666242080e+01 8.942001939797575005e+01 8.126841416704876053e+01 6.958844754622903395e+01 4.996317265254108264e+01 6.424731029815598049e+01 6.534192982743401501e+01
6.779948344387334673e-03 2.000677979274761498e+01 3.978522105896114880e+01 4.985870280274408373e+01 3.995572150578812654e+01 3.677582420601438429e+01 5.505383150025486572e+01 4.527507156061605542e+01 2.534350631151305322e+01 4.527507156061605542e+01 4.428572123494365798e+01 4.935101182194766523e+01 6.101969752841564087e+01 4.756242037214163076e+01 2.765200215251162419e+01 4.175081288686700276e+01 6.159288198081569732e+01 6.411518202512564812e+01 4.998948956843762659e+01 6.392336022206414725e+01 6.013182236114237611e+01 4.036580104982247263e+01 4.036580100288075101e+01 4.494074621925867064e+01 6.473444762781392114e+01 8.017273193007362408e+01 9.271984806698127102e+01 7.865511651058086784e+01 7.718141875126579521e+01 9.698848538081318793e+01 1.096118430591845083e+02 9.347569299540786858e+01 7.436970102790365900e+01 6.350302009006482251e+01 5.426192832036959857e+01 7.391570142438708046e+01 7.347732492867807252e+01
9.516927588586143695e-04 1.154793599854503761e+01 3.153099477307833354e+01 3.831794133480806153e+01 2.390916288698804593e+01 3.359407482696584424e+01 4.187220473208876825e+01 4.012873606021546635e+01 2.018329082186556178e+01 3.880968274788421013e+01 3.048535286494121266e+01 4.986986241355987914e+01 4.932760150710901570e+01 4.474099719590027746e+01 2.482469108763554999e+01 3.892916904586225968e+01 5.877532204366732316e+01 5.510823144520141881e+01 3.592589798151843894e+01 4.866996944827489813e+01 5.046931266756472922e+01 3.503400632404915882e+01 5.489429603321050166e+01 6.473444762781392114e+01 7.295078042413415176e+01 9.114122171660147842e+01 8.446139651763263601e+01 6.478064875086644747e+01 8.446139651763704137e+01 8.144601636616665985e+01 1.013003432144733864e+02 1.016148449840076609e+02 8.490273426764323972e+01 6.342609336065103776e+01 6.016843416077474416e+01 7.917340148953999801e+01 8.387208071102777751e+01
1.945935296826602993e-03 1.999290633403898454e+01 2.216088280810057043e+01 2.102192944927563190e+01 2.522386920526238541e+01 1.371308182201853221e+01 3.228621465628747700e+01 3.531662441421349286e+01 1.533494217901117196e+01 1.901805349872315887e+01 3.311991515664984576e+01 3.435217081499732927e+01 2.975012852692762166e+01 4.200357176655676739e+01 2.210412868554194077e+01 4.103301325112207110e+01 4.271627635392266598e+01 4.441648119842654552e+01 2.699758576021920931e+01 2.880778900873556836e+01 3.077726618457845831e+01 5.065684530251898821e+01 5.716954581496406718e+01 5.997346625093030781e+01 6.816650008979189579e+01 7.137248743665236361e+01 7.245513733819737467e+01 5.885095784439533162e+01 6.540357693610793888e+01 7.672003283756626502e+01 9.652205748955663012e+01 1.028987349019557485e+02 8.264513092464412125e+01 7.204646948325047617e+01 7.917340148953999801e+01 6.968278290426657406e+01 8.866402007481325143e+01
5.600688922766023682e-03 1.083928420937633641e+00 2.163826914851311845e+00 2.164070728622776940e+01 5.256869448504177811e+00 2.325828006403071058e+01 2.775011711585816698e+01 2.905672541025384703e+01 1.074787179133952542e+01 1.195163392656649748e+01 1.317774505476446123e+01 1.441307999836365639e+01 1.565541684208711892e+01 3.558081721210905357e+01 1.943302720755044177e+01 2.111032808197274235e+01 2.279973700635576961e+01 2.450784233453113359e+01 4.439084450086178890e+01 3.365214232622991375e+01 5.065677425909613163e+01 3.458492361802372983e+01 3.732585943265590345e+01 4.014682715653000855e+01 5.162630589464676945e+01 6.744716966539280634e+01 5.274199304842932889e+01 7.245513733820232005e+01 8.508935322624583364e+01 9.335029553275978742e+01 1.048234795097077239e+02 1.000455349228773940e+02 9.833811712542255634e+01 8.469296683305105944e+01 9.675556286452334120e+01 7.906847585032559778e+01 9.675556286452334120e+01
8.215197286175309616e-03 2.000821519728582132e+01 2.216168913905990578e+01 3.704569259373330148e+00 2.355737829632200331e+01 6.842967725066699813e+00 7.968047801199142022e+00 9.103954613282638775e+00 2.900316452169565551e+01 3.189191452990911557e+01 2.729751861873807783e+01 3.434570847919089687e+01 3.402741541441895379e+01 1.742925350516404137e+01 2.058966025008042067e+01 4.051170133451831390e+01 4.271626328647290904e+01 4.441726435630336312e+01 3.860934659778117606e+01 5.351128663491863335e+01 4.093556983348634049e+01 5.444379642419594489e+01 5.716954581496406718e+01 5.997346625093030781e+01 4.444903274941523819e+01 4.768509186052096283e+01 6.744800061250120393e+01 6.328650730404736890e+01 7.718109519948367847e+01 9.699202715301088062e+01 9.386622785427107374e+01 7.921208103890334939e+01 9.386605388422285046e+01 1.038068009577102657e+02 1.064289519620807027e+02 9.825956429930099034e+01 1.064289519620807027e+02
2.613274238814250559e-03 1.984399345542361459e+01 3.214757573983929717e+01 2.406972763622539802e+01 3.248899506659942915e+01 2.778212390565265011e+01 1.843728693457684287e+01 1.916479772523747727e+01 1.895115481385579415e+01 3.815649467199668976e+01 4.718151262158030335e+01 4.512142654778448758e+01 2.526638876427715985e+01 3.736242632805534925e+01 4.051179674378996509e+01 2.523704117306380468e+01 4.513987383594259484e+01 5.823086572770633040e+01 5.843756947435608851e+01 5.843756881999610897e+01 6.074359800342780602e+01 4.874165757400632515e+01 6.848726935371487912e+01 7.243734752827054990e+01 5.590572322523793503e+01 6.743591518785704864e+01 6.382664006628169062e+01 8.298344409137233413e+01 7.934423411458736553e+01 9.917695009681133911e+01 8.459000190356134397e+01 6.457460974157673661e+01 8.459000190356134397e+01 9.855656873542643837e+01 1.043797115327209326e+02 9.627711873200213688e+01 1.044492532239851670e+02
7.532853315450405325e-03 2.000753285331509446e+01 3.180919569147445358e+01 3.887943387945518481e+01 4.715594653268500736e+01 4.697664725720545675e+01 3.283190819146176409e+01 3.190407413158233041e+01 3.381282863347992418e+01 3.207077200019562468e+01 5.007236526665349885e+01 5.109631523469446535e+01 3.128509837917489023e+01 5.109631523469446535e+01 5.333995930073039915e+01 4.513987391030836704e+01 3.015640537780091179e+01 4.423631591239185212e+01 6.403224388643327813e+01 7.820824111569174875e+01 7.666002312116960127e+01 6.848813925058033192e+01 5.807497587671008432e+01 7.776259857365108985e+01 7.561588745666655598e+01 8.373681009147905741e+01 8.356196418013827554e+01 9.182143853802129740e+01 9.917695009681267493e+01 8.882095570511584981e+01 7.603211113908515983e+01 5.540474313856176281e+01 6.916895402146977290e+01 8.881229651797619340e+01 9.422160771171959937e+01 7.656136042725651691e+01 9.453564618379839146e+01
6.101047412966256744e-03 5.779603739306032217e+00 1.180983063070653927e+01 1.888089842870858703e+01 3.042787838603094031e+01 5.042164999394505287e+01 5.264858938560350765e+01 5.305560813650214413e+01 5.516683859214457897e+01 4.864750680069471400e+01 5.778343581121859529e+01 5.808160520824757356e+01 3.832422157283236430e+01 5.808160520824757356e+01 6.514335490830022479e+01 4.536087273431753886e+01 3.386519839921719210e+01 5.372270752859591170e+01 6.781026657472500574e+01 7.604336755284043647e+01 8.607133860252702107e+01 8.579279335816582375e+01 6.688446916064928871e+01 8.593950533399313940e+01 9.089510844076184526e+01 8.255512278093699763e+01 8.621887881591597136e+01 8.621887881591597136e+01 9.451884778933195719e+01 8.017457277526317228e+01 5.942542802786369549e+01 4.854909129611611718e+01 5.942541696404598639e+01 8.017586604256544547e+01 8.640571901285177603e+01 6.659992187880170889e+01 7.940405814922500838e+01
6.842009524227352091e-03 2.000684200952387215e+01 3.180919569147445358e+01 3.887943387945518481e+01 4.715594653268500736e+01 5.868006720346231475e+01 6.188977460537612529e+01 5.358961955198749649e+01 6.164024420219777767e+01 5.817207274075025225e+01 6.616855279342317431e+01 6.627909231704484228e+01 4.974785609768966310e+01 6.627909231704484228e+01 7.332584167837822520e+01 5.998836959687329085e+01 4.017405953744098213e+01 4.140289271109358538e+01 4.803654745683452632e+01 5.793474232697892745e+01 7.772687175102085178e+01 9.475019665999202800e+01 8.079568465113169395e+01 9.477359765402364644e+01 7.921258835552809785e+01 6.231201305581045347e+01 6.601365075475511901e+01 6.601365075475511901e+01 8.621887881591597136e+01 7.788409516934811450e+01 5.716176555664839043e+01 4.260836590696695225e+01 5.731641398496736173e+01 7.899472273797788091e+01 7.931968142831335911e+01 5.945834638073352352e+01 6.634720721563699897e+01
1.934550753332892102e-03 1.459552919787481606e+01 3.328237302072414394e+01 4.376495924844031293e+01 5.083030244162425504e+01 5.911857054161035308e+01 5.162571779415408457e+01 3.329564567751583581e+01 4.763616252883028324e+01 4.089796542367626841e+01 5.856758596099389536e+01 7.265242626189821351e+01 6.946571820203563163e+01 7.768395827188308544e+01 7.395226143205844949e+01 5.420475248155221237e+01 5.011339486896201834e+01 5.133584324559661383e+01 6.781026657472500574e+01 7.604336755284043647e+01 8.587459769516034669e+01 1.017556932445325089e+02 1.005656778298039313e+02 8.182625780777927105e+01 7.013086127961238958e+01 5.051998931312785146e+01 5.159904295442576228e+01 7.193162503844844480e+01 8.013341925120710130e+01 7.353566676669250057e+01 5.286581974132321449e+01 3.836869807821756240e+01 5.892373626609628445e+01 7.543724773405799056e+01 6.650922702744306036e+01 5.356413389156347904e+01 6.782949992488894964e+01
4.364784840791047053e-03 2.000436478484043690e+01 3.744856152060231036e+00 2.435955657658976037e+01 3.081078916768131748e+01 4.617389954073885150e+01 3.786446829573333162e+01 2.308650258003606481e+01 2.743187761306138839e+01 3.258957412845491319e+01 4.427746301492395986e+01 6.435693466076554614e+01 6.981574612760527998e+01 8.983975196157261678e+01 8.215790998307141990e+01 7.395226143205844949e+01 6.152510006887336402e+01 6.530183212041065133e+01 7.931225981769179612e+01 8.816283783232630356e+01 7.439167815495495972e+01 8.816283783232630356e+01 8.731573765955650401e+01 7.349583423534332383e+01 5.317793920490082371e+01 4.137425340812968244e+01 5.496835532286227988e+01 6.335313020734135137e+01 5.987971242310357667e+01 6.065183052436599098e+01 5.226139379250868444e+01 3.452171634929910482e+01 5.489728467117592459e+01 6.155743634703593159e+01 4.706240000492173436e+01 6.144362279948094141e+01 8.131083538204018168e+01
5.219006137575642711e-03 2.220325614925890534e+00 4.483460511121711178e+00 1.446763837786885532e+01 3.030661755500252497e+01 3.293869757532517184e+01 1.766148957889187443e+01 3.197791345985204359e+01 4.763616252883028324e+01 4.688483100916764101e+01 4.214713006894753278e+01 4.975197313902808816e+01 6.394870557173578618e+01 8.398003500857855386e+01 8.856306374026520700e+01 8.947248645187795546e+01 8.125499065549158217e+01 8.507175156795882742e+01 8.475871411636087771e+01 7.679999048703349729e+01 6.016903144288933447e+01 7.933356938952448445e+01 6.737146868453386617e+01 8.137783186519806122e+01 6.671252869445605427e+01 4.636301989259441569e+01 3.464548518914295983e+01 4.921972157885318921e+01 4.549060605855797945e+01 4.974093044458934543e+01 3.200382181731734477e+01 5.144544014417893152e+01 3.742554638625542651e+01 4.125027148658431742e+01 6.155743634710055545e+01 6.922713192636817325e+01 7.223326015138650291e+01
