LEM/sinusoidal_perturbations/elevation_000012.asc
nrows	100
cellsize	150.0
xllcorner	0
ncols	100
yllcorner	0
NODATA_value	-9999
[rows 51 to 67 of 100, columns 0 to 36 of 100]
6.455108993161302530e-03 2.000645510899280666e+01 3.236000121805494700e+01 4.064427247895630302e+01 4.958854439518272272e+01 5.345483480636627860e+01 4.516996812747294854e+01 3.184874554125002888e+01 5.183057942058430712e+01 6.828315178911984162e+01 6.449549616350664394e+01 5.620014865887654310e+01 4.285267381136767284e+01 6.287388608263279366e+01 7.873915878010613767e+01 9.006518994809950129e+01 7.857738905521760842e+01 7.030397157985628098e+01 6.287116440234121484e+01 5.695704251049897238e+01 4.661216107612708726e+01 3.007000992051825605e+01 3.595917681896588647e+01 1.586429887074574552e+01 1.526309720451221885e+01 2.038045237509097518e+01 3.870991827235481253e+01 2.781357540855835353e+01 3.386494340063345732e+01 4.065157524672562772e+01 5.193721077039769796e+01 7.157731886962369572e+01 8.656608142673262307e+01 7.546818541400371316e+01 5.603467263268595389e+01 7.546818540963353428e+01 7.024843189442449898e+01
3.995603441288198172e-03 1.155100098723390545e+01 2.569313661096510870e+01 4.569313661096581569e+01 4.756289051377470400e+01 3.928057449937233514e+01 2.519806263432614557e+01 4.516996812747294854e+01 6.011795025758123501e+01 7.035894120043835187e+01 5.033538476133433903e+01 3.618490181949986351e+01 5.620014865887654310e+01 6.085034985777886618e+01 8.087582451260328753e+01 8.903469932374690643e+01 7.753913808916533412e+01 6.925580934542695388e+01 6.230023564623445509e+01 5.637174535165936362e+01 5.109548319325758570e+01 4.022004825358565938e+01 2.092596231092138481e+01 3.595115287169227969e+01 3.474037119057630463e+01 1.487342276735896007e+01 1.992023560416553352e+01 3.493940164351873534e+01 4.340434629697833202e+01 6.025669357991866804e+01 6.825755868264540993e+01 6.438459024611842096e+01 7.376889591795819001e+01 8.325472404239317825e+01 6.716932404720020600e+01 8.353211517119954976e+01 8.084269089419969134e+01
4.804567899273937473e-03 1.414694019163034966e+01 3.414694019163105310e+01 4.212380366686620192e+01 3.384270501618377125e+01 1.930056621687621998e+01 3.928057449937233514e+01 5.345483480636627860e+01 6.571231378815660662e+01 5.741708490095194151e+01 5.211455350618208371e+01 3.210451801516294523e+01 4.083299443143752683e+01 5.498541161126721022e+01 7.500956331498849750e+01 8.070224075000754738e+01 6.087643999192216171e+01 4.958247602645968755e+01 4.263765776588389400e+01 3.662978030627624548e+01 3.129692138665740586e+01 2.661442205321983678e+01 4.022004775581584823e+01 4.837204893470762812e+01 3.453434127267087206e+01 3.424635293350395671e+01 1.448894401767732631e+01 1.456228767718176087e+01 3.494739391429433084e+01 4.454941248193408398e+01 4.924480545439243429e+01 4.344036739549275694e+01 6.427263879847336625e+01 7.953092784095581180e+01 8.670542768503247544e+01 9.465470191706920389e+01 9.179765892898896595e+01
9.707512844716031236e-03 2.000970751284436133e+01 3.702865294289528464e+01 2.874387696205119624e+01 1.383624750338410614e+01 3.340776943459781734e+01 4.273413340321942400e+01 5.149455186437870680e+01 5.741708490095194151e+01 3.740367217865324534e+01 4.326546505032945333e+01 2.818562078188721642e+01 4.819026268170504324e+01 6.175308580073733111e+01 7.006485022862216283e+01 8.012443971692849232e+01 7.753913808917297956e+01 6.925580934542695388e+01 6.230023564621590992e+01 5.637174274216686598e+01 5.109548319333092081e+01 4.050950489510213259e+01 5.450837358382469233e+01 6.196702127498380008e+01 5.002441134104019937e+01 1.547417725655800425e+01 1.422460009349914500e+01 1.957399135727614237e+01 2.041925268814424044e+01 2.434552532867402164e+01 2.901666578011707642e+01 3.919641001576211181e+01 5.074436807541786720e+01 7.097412727571679625e+01 8.997973246592518137e+01 8.176993520168684881e+01 9.001899548828242814e+01
5.001202446392439237e-04 2.000050012024428270e+01 2.874387573385160621e+01 8.733995938708606133e+00 2.716108313639116645e+01 1.897929597931950951e+01 2.345816181626879526e+01 4.323232370475735564e+01 4.759574608608501478e+01 3.930488551145844411e+01 2.326603170882135885e+01 2.903486766495026572e+01 3.506149855345140764e+01 4.172836449051650476e+01 5.173600175834631187e+01 7.177811861785272640e+01 8.090335173332996987e+01 7.248978482994903061e+01 7.077747460530338230e+01 6.240469312122665002e+01 6.047691536984521576e+01 6.031051709735453414e+01 6.097068859438224564e+01 5.317941506869195933e+01 4.418363357434570560e+01 2.597091763116392826e+01 1.396349241288081267e+01 3.371906667789776435e+01 4.031749027556198683e+01 3.608071524692174137e+01 4.924625085048942452e+01 3.923354935028300616e+01 5.099512703220158727e+01 7.231414809648502739e+01 8.014468563411350033e+01 6.220934817224589608e+01 7.548093313704053742e+01
5.279685921607564676e-03 2.000527968592125205e+01 2.310061784980409882e+01 5.350129056956799189e+00 7.160791990848013100e+00 8.994071879902493905e+00 2.900255523303609806e+01 3.366147185668361885e+01 3.597149792582625594e+01 1.930492225423924779e+01 2.401886299554324466e+01 4.401895119757190145e+01 5.507710138919191678e+01 6.175308580073733111e+01 7.006436134449106135e+01 8.008566069818856192e+01 7.111708759471058272e+01 5.233287532442201240e+01 5.603173523289268587e+01 4.239770296335609601e+01 4.049289109098875628e+01 5.466596216344377979e+01 5.013220142242154509e+01 3.336580091330205278e+01 3.921535021770860396e+01 3.268622930561494400e+01 1.370387720530250597e+01 2.791529934108275057e+01 4.834709641359672361e+01 5.618294145675994145e+01 6.459157008162223690e+01 5.114982187936410440e+01 6.861064627744137567e+01 8.082209283029482094e+01 7.160503366021599447e+01 5.256128344446771905e+01 5.591452699195635745e+01
5.738623160518319517e-06 1.547652203691435746e+00 3.099953255104104688e+00 2.310032260109015212e+01 2.716069625388916364e+01 2.894903708726684144e+01 1.167979975484572464e+01 1.365266489869385502e+01 1.596643293504312133e+01 3.597149792582625594e+01 4.401895208558065775e+01 3.131662107694791430e+01 4.546139894676211668e+01 6.548087463146741527e+01 7.858393337103295551e+01 7.700842061961247964e+01 5.676502951217316451e+01 4.270818535374392155e+01 3.603582363544130374e+01 3.080185219621766635e+01 2.626262909317349070e+01 4.055226724348626277e+01 3.674475499900807307e+01 2.416804827129460520e+01 1.803366484845431472e+01 1.333909994448026382e+01 1.481325013446929262e+01 3.447934291245469041e+01 5.018900624690260059e+01 5.137616256895620381e+01 7.298430700409025462e+01 7.306104678615862724e+01 8.137349898441007667e+01 7.534815171503805686e+01 6.714844376327994269e+01 6.164539466840163584e+01 4.220131231626669432e+01
4.532054705376768917e-03 2.000453205470502027e+01 2.310062176758635744e+01 1.724230328993925809e+01 3.724386231289462756e+01 2.323447149460433181e+01 3.168933022934592003e+01 3.366147185799741948e+01 1.931673408632983779e+01 3.346206257156863018e+01 5.349136150000140333e+01 4.546139894676211668e+01 4.025967635405724820e+01 5.026567763905612196e+01 7.028828103924152515e+01 7.711152195899627770e+01 5.677028681227145768e+01 6.270014662356696533e+01 5.603173466260353308e+01 5.086679231280707114e+01 4.055229726869885809e+01 2.044332676841543872e+01 1.673797157830472671e+01 1.298459478550134527e+01 1.297917639239604348e+01 3.274700810248666727e+01 3.434505682876505261e+01 2.310587102044550178e+01 3.024333779456926763e+01 4.511054910794644002e+01 6.788878788903333827e+01 7.555796256830157631e+01 7.534924532135829622e+01 6.140247001216607003e+01 4.776881701413665127e+01 5.631836893156914670e+01 4.815002529305177603e+01
9.001595176218036079e-03 2.000900159517586374e+01 3.828994555982538373e+01 3.724400109106938572e+01 4.553031056992908532e+01 3.323465551842736687e+01 5.150303612863591241e+01 4.360315815928917971e+01 2.358214871777815347e+01 3.772957377510395105e+01 5.778315165762339944e+01 6.548087463146741527e+01 5.181432060210634205e+01 6.027698009281164815e+01 7.858403231746589768e+01 8.565673455346581022e+01 7.709799857005059209e+01 7.663787323073862012e+01 6.861663502611465049e+01 6.199679551430330093e+01 4.885445953456034829e+01 4.055197234127152228e+01 3.677811331387525939e+01 3.099515016350606089e+01 1.272899931357217262e+01 2.912529397672136255e+01 3.069014790752621735e+01 4.324476617902281106e+01 5.131487201720950253e+01 6.101541675699291289e+01 6.983797689054186719e+01 5.583833772793906292e+01 6.714858268306154798e+01 4.776881711962894883e+01 3.646332889096356666e+01 4.632442184383140216e+01 2.819139931257489451e+01
5.674351268809080251e-03 1.000567435126889571e+01 2.414780997500009718e+01 4.414780997772016491e+01 6.148538321230671500e+01 4.737647564675258849e+01 5.628631200908925081e+01 3.623348783631733028e+01 4.360316534266320332e+01 3.174449071887634943e+01 4.331119212979169220e+01 6.344724846201087587e+01 7.183718262366879515e+01 8.013294515743348256e+01 8.859816641154516503e+01 9.216059957283287929e+01 7.274635003651593479e+01 5.873568784426130662e+01 4.874485813132779555e+01 4.193815320659506796e+01 3.585292225599927463e+01 4.822835638910460432e+01 4.611468368017714425e+01 2.659954540983452631e+01 1.248310780635229023e+01 1.930984406898281591e+01 4.015397409841494181e+01 4.301686956526194905e+01 6.100968436976045695e+01 7.186141130268782717e+01 6.161407649165514755e+01 4.196135907062423342e+01 4.918460510934610852e+01 5.273254331827671848e+01 4.454544989576021408e+01 2.630779575480383770e+01 4.056608373000450740e+01
9.518805923843161668e-03 1.000951880592393017e+01 2.155652418971665085e+01 3.569865981354480056e+01 5.569866017033857730e+01 6.735607508185547943e+01 6.461515229296855978e+01 5.040491598223401581e+01 5.922464371964469620e+01 3.882532521301884287e+01 5.922464371955020823e+01 7.179732286383746498e+01 8.586963472668641373e+01 9.375698946953684754e+01 9.457856504216869098e+01 8.669486463083291028e+01 8.631191473358407507e+01 7.663789873980955747e+01 6.861663576851471191e+01 6.199679344136526282e+01 4.822886720579910502e+01 2.746526267995702497e+01 4.652561587327958392e+01 3.087839439853676637e+01 1.224119960925737161e+01 3.123607376202951968e+01 4.551563736336929367e+01 6.100968366375514051e+01 6.875869728288856209e+01 6.354647188239727029e+01 4.433084684519948127e+01 4.785697239492497346e+01 2.930828083999674405e+01 4.285358210469676266e+01 2.450114409039925079e+01 4.454544989576037750e+01 5.450593111566414706e+01
9.062254805971973678e-03 1.155606763859858965e+01 2.569820326232979113e+01 4.569820326233049457e+01 4.972493048800705395e+01 5.192275724639676326e+01 6.023619380826878711e+01 7.048800908644865615e+01 6.783916018091831290e+01 5.055815026826229541e+01 6.783916008898334837e+01 8.258156717425661952e+01 6.638287215820672316e+01 8.258156717425978854e+01 8.341285365975933530e+01 6.722930448471632303e+01 8.341183195436597941e+01 7.687248030981878344e+01 6.689160564615957583e+01 5.863810913522974744e+01 4.314837279711429829e+01 2.256190667542399808e+01 3.748279033029752583e+01 2.726856113130357429e+01 1.200272974672916249e+01 2.311974694627548388e+01 3.673340028882746822e+01 5.771472176176268221e+01 5.827819276665923809e+01 6.063372889638775121e+01 4.738245092465986374e+01 2.885966799148492967e+01 2.164445742131992390e+01 2.281241294004058773e+01 4.285358210513008714e+01 3.042780409277290232e+01 5.027477490663648041e+01
3.063233560239582431e-03 2.000306323355988525e+01 2.738990398052148834e+01 3.132725063810305954e+01 2.963496584918326704e+01 3.183256045749929797e+01 4.871191465314739588e+01 5.711246990893449293e+01 6.650928252176919386e+01 7.158003165555592773e+01 8.012176316904783846e+01 7.461894731195641839e+01 5.482744395615350186e+01 7.361068338559458368e+01 6.557213307368606081e+01 5.568784866288148550e+01 7.545641420593531734e+01 6.863318105407191183e+01 4.864307708588556522e+01 3.840699410427397709e+01 3.136481091014338674e+01 3.778911186706051240e+01 1.784280070267102758e+01 1.484529146814676892e+01 1.176677841022354265e+01 2.552363897678791460e+01 4.414642222672233629e+01 5.345288213694577450e+01 3.954333641657279230e+01 4.661547489990783077e+01 3.259723119492357313e+01 2.001933884118578177e+01 4.002613739881269339e+01 3.449729015199432069e+01 5.100709372525482621e+01 5.027477490663648041e+01 3.670717670019626411e+01
5.666595628964066558e-03 3.657150588330006613e+00 7.371061549280607750e+00 1.129342200221438652e+01 1.546394012326681811e+01 2.179184332918191203e+01 2.847252303763524139e+01 3.748673766585391576e+01 5.220366779294840853e+01 7.394621280272515662e+01 7.451748533425914900e+01 6.713846220367901196e+01 4.715812504551087159e+01 5.771964096929960419e+01 4.555212557208709967e+01 6.557213307368577659e+01 8.341285365243865613e+01 7.687247830696796314e+01 6.689172534076421073e+01 5.863811110138072280e+01 5.186836047498457702e+01 4.582637757518207877e+01 3.672166415852587562e+01 2.807111618781291895e+01 1.153274422261194054e+01 2.494117317790458088e+01 4.351207930976909211e+01 4.382996212222879251e+01 2.570586226054945911e+01 3.680175634911056903e+01 1.841896877172080238e+01 3.840526683579164313e+01 4.822721051237490286e+01 5.423350460918219795e+01 6.228405965854675230e+01 6.452296018958604407e+01 5.633073371820999853e+01
2.110006612196471242e-03 2.000211000661184002e+01 2.738990398052148834e+01 3.132725063810305954e+01 3.551918025809681012e+01 2.702897640300586701e+01 4.123028915974884967e+01 5.711246987196091851e+01 6.650928181196900368e+01 7.485053825096215974e+01 5.617300784454554474e+01 5.989454199031814596e+01 5.771964096928951449e+01 3.767924131549455069e+01 5.771964096929614385e+01 7.361068314385255462e+01 9.064008333011753393e+01 8.254476086005325897e+01 7.148697972670470335e+01 6.364258753610881314e+01 5.668992400411001853e+01 5.233316615919812165e+01 3.360399384788987476e+01 2.396990845277700899e+01 1.129803539953636005e+01 2.757299257147260008e+01 4.092015422100909205e+01 3.402889891947354783e+01 1.572112522543002555e+01 1.683249914509702094e+01 3.680175634911056903e+01 4.661547493276471243e+01 4.847499654200720443e+01 5.110654223503616578e+01 4.817964938133951591e+01 5.011064772596324701e+01 5.841328355719358001e+01
9.367352646185668139e-03 1.155637273643860041e+01 2.569850836016495776e+01 4.569850831118812806e+01 5.543340931206741828e+01 4.711701438669238229e+01 5.543340953348493372e+01 6.963653098288875753e+01 7.987515533343479035e+01 7.182346838042118975e+01 5.989454199027495207e+01 4.022806284028057178e+01 4.866563797356057108e+01 3.394517287491731139e+01 4.795769914474316664e+01 6.786865854429309763e+01 7.131906172681658518e+01 7.484509803376865023e+01 5.543917591006718482e+01 4.397726905649193441e+01 3.688425108086055815e+01 4.782611316317368733e+01 4.262947023884301956e+01 1.633313221995723552e+01 1.106024769400406349e+01 3.058110014163120027e+01 3.253822602355237592e+01 1.417831981800216212e+01 3.410057188751927271e+01 3.680135560016816498e+01 4.118999854521272397e+01 3.376387243876984456e+01 2.874529098080513023e+01 3.009230081365701892e+01 2.992360853686357558e+01 3.033045695405735387e+01 5.016441388058650119e+01
3.648181865326004768e-03 2.000364818185982330e+01 3.051419151222629367e+01 3.654439606949454600e+01 4.361541747057611929e+01 5.189848116438616898e+01 6.344267182387130788e+01 7.987515458493621168e+01 6.827749198165085431e+01 5.146679442336134969e+01 5.241882605402165041e+01 4.427480567189053318e+01 2.923511195302047483e+01 4.866563797354439203e+01 6.192508363551689143e+01 7.360011749613229881e+01 5.725641865782636586e+01 7.359460876303523946e+01 7.148599284971119516e+01 6.364258240044595283e+01 4.783466936026070471e+01 2.783430975395238960e+01 3.986508464558665565e+01 1.211453952194871952e+01 1.082021967908565330e+01 2.951348321370451089e+01 1.268208444428304560e+01 3.253899265483823910e+01 4.225503437616229974e+01 3.920437235068064297e+01 2.974282660087284924e+01 1.449056516259094352e+01 1.519811158100001514e+01 1.591785126202361766e+01 1.665625548906783848e+01 3.610473495374763075e+01 3.723713256491569012e+01
