LEM/sinusoidal_perturbations/elevation_000133.asc
nrows	100
cellsize	150.0
xllcorner	0
ncols	100
yllcorner	0
NODATA_value	-9999
[rows 51 to 67 of 100, columns 0 to 36 of 100]
6.455108993161302530e-03 2.000645510899280666e+01 2.630455679740419939e+01 1.129110640154256373e+01 1.494289832653982231e+01 1.911435878402256705e+01 2.913736627029487991e+01 4.074351843893904146e+01 6.085483629204532008e+01 7.021961144403604749e+01 7.463481451220418705e+01 6.616265046569796482e+01 7.463481451314234505e+01 7.436990045180320408e+01 6.026190118272317164e+01 7.436989953166042255e+01 7.817896010483639202e+01 6.663342925562440655e+01 4.837088680874138902e+01 6.663342925562440655e+01 7.805009316186966828e+01 8.571573971728221863e+01 7.644259597398574613e+01 6.227593699041892705e+01 6.227593699041892705e+01 8.232112677403131329e+01 8.850801929872744722e+01 7.046621967293108924e+01 8.118512781818536439e+01 8.935257609880352447e+01 8.032922647944251082e+01 6.050499441315962201e+01 6.888139595500139478e+01 5.791253492922605517e+01 7.775274464312654743e+01 7.478002797940264657e+01 6.097203060793809470e+01
3.995603441288198172e-03 1.414613120269705071e+01 3.414610950211206131e+01 3.132336251824887086e+01 2.650802134494541562e+01 3.919093370645614982e+01 3.330154173103186821e+01 5.341046610521389226e+01 6.915443522211340621e+01 7.409317740787197692e+01 6.495971111655745744e+01 4.726948963423848227e+01 6.495971111721959801e+01 6.543271696906253965e+01 4.610804563731256422e+01 6.543271606065921731e+01 5.820947313408318280e+01 5.836604069286581620e+01 3.833575337397912364e+01 4.979868379407212586e+01 6.392438847797087931e+01 7.546126734342206532e+01 8.075850714907299732e+01 8.232112677398524170e+01 8.232112677403131329e+01 9.060925495755257941e+01 9.837607251784456253e+01 9.021340046421570946e+01 9.837554868339704228e+01 1.000363817984960804e+02 8.032895136946345360e+01 7.455462670466673103e+01 8.474037653368570489e+01 6.497244952759649550e+01 8.474037653368570489e+01 8.616911970771333529e+01 6.689349416567955586e+01
4.804567899273937473e-03 2.000480456789891903e+01 3.245995693301355089e+01 4.089129532917013421e+01 4.658189022425330705e+01 5.489340878716279803e+01 5.341087086924959948e+01 6.174205481484911928e+01 7.371533092803855425e+01 6.566712156276084045e+01 4.669047939996116980e+01 3.820877947354265558e+01 5.671607004996820223e+01 5.716354645174489235e+01 3.713927613314785958e+01 4.772401489756556714e+01 4.405294551427155625e+01 5.128426469671571652e+01 3.125206381806426492e+01 3.562806802533641104e+01 4.720180089876738094e+01 6.719909252088305607e+01 6.079836203098802372e+01 7.490731721870869819e+01 8.299856911339978183e+01 7.472781710707805303e+01 8.299856911339978183e+01 9.298225020264108309e+01 8.898949736501838004e+01 8.069306232585803684e+01 8.898096629263032753e+01 9.431022328841447688e+01 9.272480208079741715e+01 7.643014349557775233e+01 9.285552428572044903e+01 9.408799560574081511e+01 7.809678325813428046e+01
9.707512844716031236e-03 6.039965264230020559e+00 1.236493247764553161e+01 2.131892918678043713e+01 3.297191618597008045e+01 5.400858283587697173e+01 6.991751859464461916e+01 6.778194440334455351e+01 5.336777107231085893e+01 6.777935272150368462e+01 5.017252349355194241e+01 3.149221376174771336e+01 5.017275513352685579e+01 6.187394227821523174e+01 4.186292306990610967e+01 2.771644231664938474e+01 4.086147411642180316e+01 4.494952562872101254e+01 2.495777674877655983e+01 3.908670515157848513e+01 5.910362953186437807e+01 5.399707831685315540e+01 4.664713956988366306e+01 6.664455318257660110e+01 7.302777109356740937e+01 5.479689353874040592e+01 6.476235532294640507e+01 8.266496544727934292e+01 7.899961214854506864e+01 6.074487405335163714e+01 7.899961186480507536e+01 8.218357889237698544e+01 9.054392383389161125e+01 9.608758535587072913e+01 1.041752315950279240e+02 1.051203035808397175e+02 9.719613641218938938e+01
5.001202446392439237e-04 2.000050012024428270e+01 3.246036669973424438e+01 4.089123532742902967e+01 5.020641450309842924e+01 6.212418009245979533e+01 4.991307763538898712e+01 4.991323523994623912e+01 3.978921686025345394e+01 5.892836723434092505e+01 4.518017696258777249e+01 2.611424413693494628e+01 4.518017696258777249e+01 5.980753011792634055e+01 5.600156974200021409e+01 4.086147411929447060e+01 2.091094588152576605e+01 3.470460522715998053e+01 2.063891002212639947e+01 4.058697057372179273e+01 4.545971073537680951e+01 3.397517659107591470e+01 4.554384445790304881e+01 6.554441051231043502e+01 6.476235532290927210e+01 4.475764492003469996e+01 5.443162449593765473e+01 7.439034812369234828e+01 7.071877709231843312e+01 5.073781326373635636e+01 7.071877709231867470e+01 6.220118844779783274e+01 7.896605553963826196e+01 9.060042545314693996e+01 9.479864191321861711e+01 8.654288149977352873e+01 9.479864564408023853e+01
5.279685921607564676e-03 1.414743486720588983e+01 3.415004360892147162e+01 4.890324596512071764e+01 5.518093004290538772e+01 5.344536202247707024e+01 4.609340366939611044e+01 3.092646078223837947e+01 3.156322518138841104e+01 4.264623788833508655e+01 3.462424394724676091e+01 2.108744929754545083e+01 3.259285780348773187e+01 5.151494454248609145e+01 6.502948672241366523e+01 4.914141816404003293e+01 3.470460743681847759e+01 1.478114995250495944e+01 3.440457988376012821e+01 3.839244658837061763e+01 2.547046912424163168e+01 4.545971073537680951e+01 6.226898153561281646e+01 7.380761929061110038e+01 5.809411852194924819e+01 3.799107186763527011e+01 5.809411852194924819e+01 7.273769101865313758e+01 6.405839215646979312e+01 4.403703526465994855e+01 6.064258661410887896e+01 5.064642126896995222e+01 6.220119439936726735e+01 8.218678084533883066e+01 8.483077909402443595e+01 6.660526773398323996e+01 8.483077909402614125e+01
5.738623160518319517e-06 1.415168854361578532e+01 3.429592642958084525e+01 3.050900981493741426e+01 4.369646120624233276e+01 4.089164727503079177e+01 2.524588165557096531e+01 2.161029727223754193e+01 3.718657151109057679e+01 2.911040352266200770e+01 1.464762993195889251e+01 3.462432906704805191e+01 4.749375251505153273e+01 4.291507150571936080e+01 4.300204622181900760e+01 4.592028185327144740e+01 2.594902751560731957e+01 1.181507337049802864e+01 1.444545108591255378e+01 1.845311306532030926e+01 3.839244658837061763e+01 4.545971073537680951e+01 6.545827810447100603e+01 6.705579398572426442e+01 4.704147625183531289e+01 3.268815904186053700e+01 4.443751893130907860e+01 6.446832611466548713e+01 5.802169916390872118e+01 3.795597023671946602e+01 4.059326521045170466e+01 5.478908166655999423e+01 7.477422567979689916e+01 8.943797179486681159e+01 6.951958939838424101e+01 5.662997669483259955e+01 7.657407460893496420e+01
4.532054705376768917e-03 1.996916801087053628e+01 2.777723844939120212e+01 1.963550476675981216e+01 3.846772890473429385e+01 3.282052818009205453e+01 1.365561851001308113e+01 2.658144473096411531e+01 2.409753807965044814e+01 8.756241634738712420e+00 2.826165004180583296e+01 3.858869612784784664e+01 3.384691332627193816e+01 1.631444090016679738e+01 3.037989174280685489e+01 3.785237262097997046e+01 2.896856574129145301e+01 8.924888737628315027e+00 2.897239307651336304e+01 3.839244658837061763e+01 3.104151095426555784e+01 4.518427884004348272e+01 6.518255002051468239e+01 5.906665462117241816e+01 4.849217767896276143e+01 2.815971147123040552e+01 4.261194639469998435e+01 6.268831179532042341e+01 5.245644826739602706e+01 3.233049861487965870e+01 5.245644826739602706e+01 6.851440964707569492e+01 7.478635505432761477e+01 8.305955146796125632e+01 6.952277116348342645e+01 4.954467631607367650e+01 6.952277116712015470e+01
9.001595176218036079e-03 4.935817367984434156e+00 9.579947519442470139e+00 2.212644140664422920e+01 4.090280105145578915e+01 3.398983919708560819e+01 2.321416155413217552e+01 6.933598964428797196e+00 3.750550979417040409e+00 2.249579768820874293e+01 3.078165478503549934e+01 2.810210168682504062e+01 4.578731374007833033e+00 4.653500828328633432e+00 1.229440315005557416e+01 2.310420278242763459e+01 2.571263641702716285e+01 7.076729968920801639e+00 2.090330755867634949e+01 4.112432894997597543e+01 5.104163685679596796e+01 5.931584072480990955e+01 5.888381711872950319e+01 3.890908657141988414e+01 3.890915413152491453e+01 2.398966742193931623e+01 4.442568443741591722e+01 6.288832842124753597e+01 4.865281113252905953e+01 2.845867682036245938e+01 4.017431721381842635e+01 6.023464920451853288e+01 5.481070231811793292e+01 7.152700734442821329e+01 6.398201659164853794e+01 4.395393324227153187e+01 6.398201659164853794e+01
5.674351268809080251e-03 7.892669140195912370e+00 2.133995657672364032e+01 2.894266401968016211e+01 3.729166274065779163e+01 2.602170300830456640e+01 5.829223952677602405e+00 2.411692217901156177e+00 2.720789814499778636e+00 1.601120203976144651e+01 1.928908115117895505e+01 2.221244416055943560e+01 4.221168044974093370e+00 1.459960151895774239e+01 5.095417616291190832e+00 5.409188710485004492e+00 5.721434226628825392e+00 6.034980777135337426e+00 2.595726211306966746e+01 3.471002177253103582e+01 3.835079366064643125e+01 4.735737603266758811e+01 5.060184027805462392e+01 3.034883650507152808e+01 1.842427145953738332e+01 3.890915413152491453e+01 5.038536964846432653e+01 4.545983060359409222e+01 3.445894321780378533e+01 2.486635494826913728e+01 4.513731680491693510e+01 6.325340657081025597e+01 4.320516974054422832e+01 6.325340657081025597e+01 5.897510807290987600e+01 3.888820555738416829e+01 5.897510807290987600e+01
9.518805923843161668e-03 7.077389489251007859e+00 7.021883160718008554e+00 1.894705493585530576e+01 1.638340488326253919e+01 2.160693425081550600e+01 1.976238878002652744e+00 2.208686399295904224e+01 6.897250889600941015e+00 3.159960241651025292e+00 3.470274361413533626e+00 3.781344377995395689e+00 2.022621137157504734e+01 2.530130669238620200e+01 2.342258042967394616e+01 2.387064265835739363e+01 1.406535365956339767e+01 1.741768480691744969e+01 6.486267487405335430e+00 2.570103835162657901e+01 7.389020203966472522e+00 3.471834093494640427e+01 3.922295315322331533e+01 3.106102825407468515e+01 1.493494164553613146e+01 3.331803628933558770e+01 3.314406803246795619e+01 2.743832791515317027e+01 1.999447872164214957e+01 4.035922398350920304e+01 5.343696870905250762e+01 5.567588529141163178e+01 3.553440429568878045e+01 4.618110033440282081e+01 4.799449255208971721e+01 3.421335044216130683e+01 5.201822469500898904e+01
9.062254805971973678e-03 3.152365130330063159e-01 6.214466558043050259e-01 9.278364142305570716e-01 1.234334137023001876e+00 1.541226479598922117e+00 6.220038788544005826e+00 2.158933697343404390e+01 2.057085946631231010e+01 2.746605598694047856e+01 2.294696236713952686e+01 4.354272390146296523e+00 1.146278774513705656e+01 1.833068720350692615e+01 3.578787101630377521e+01 4.098085414239494639e+01 3.592132945938610789e+01 2.212919337040267465e+01 6.945298323402861129e+00 6.933194837820857437e+00 1.066896848232268269e+01 7.851695045444352594e+00 2.881290517483732572e+01 1.014114910762608623e+01 1.138512669662116750e+01 1.273011926701806651e+01 1.406708271544600741e+01 1.537640229739936970e+01 3.584345762685532577e+01 3.922476561847553000e+01 4.071190955424465585e+01 4.220951382662960327e+01 4.371677538902742555e+01 2.585167471700359343e+01 2.771154186673534525e+01 2.975390862589062380e+01 3.180367641266421330e+01
3.063233560239582431e-03 1.951401946626400985e+01 2.278728457513261674e+01 2.136542265816669683e+01 2.075161487664204429e+01 1.587802987317269876e+00 2.326260186519149897e+01 1.307831912394281382e+01 3.284091585998611151e+01 4.022047645652710912e+01 4.321558380750334294e+01 2.694323242662033735e+01 1.397498705347112846e+01 3.482790188340927529e+01 2.960291505275180413e+01 4.871290726589383269e+01 4.967256780601002220e+01 3.927453901068518149e+01 3.162418351257926119e+01 2.704473780526194204e+01 1.829665869987304916e+01 8.194492424265868991e+00 8.656275838372813780e+00 2.850766753643816287e+01 3.200355079611032494e+01 2.314512956873688054e+01 3.457632692936134333e+01 3.584349328617671659e+01 1.735186827631299167e+01 1.876883906165850391e+01 2.026125963462081359e+01 2.177882705720281109e+01 2.332060235977297680e+01 4.371678359525441948e+01 4.799449255208971721e+01 4.999798625650457495e+01 4.012943352227019034e+01
5.666595628964066558e-03 1.428024846840646056e+01 3.500989001221664410e+01 3.720034795984434339e+01 1.727142890842705825e+01 1.725437161825756149e+01 3.191979555179261041e+01 1.816018771635613405e+01 3.812737170045412682e+01 5.284722415610593771e+01 5.763039805248684644e+01 4.255820716337591847e+01 2.127194688453121429e+01 4.255918115110926436e+01 4.273568768469088042e+01 5.733853170123997955e+01 5.162573060012239523e+01 4.323883742173729416e+01 3.789046592995548224e+01 2.469934352026675128e+01 8.679517600352022910e+00 2.766584210154455903e+01 2.923631073148370163e+01 1.647245395584581473e+01 3.685876987070970756e+01 4.349076166117305320e+01 4.349089266494544859e+01 4.499656283001763768e+01 2.466083413143761405e+01 2.380283632457170029e+01 4.071190955437000270e+01 4.220951382662960327e+01 4.371632146993239587e+01 2.782128628159817296e+01 4.808758190558624790e+01 6.099759667348618564e+01 6.022056708221915500e+01
2.110006612196471242e-03 1.414424563034327242e+01 3.414424563034397409e+01 4.631340122168498397e+01 3.815953519515655046e+01 4.135898913877443306e+01 4.642272944898271447e+01 3.812737170045412682e+01 2.658494057204634942e+01 4.139567220767234801e+01 6.297597554800668718e+01 5.179886144707927542e+01 3.154451245914946966e+01 5.179886144708046203e+01 6.314270334376871574e+01 5.765470136266203127e+01 3.727110179474047413e+01 2.255714450850702946e+01 2.974991737179544060e+01 9.158557758990427899e+00 1.901201351040822018e+01 1.785867394207939896e+01 3.288510480691577698e+01 3.685895596013109099e+01 2.533437514340905850e+01 4.546096395231842990e+01 6.358632280900511091e+01 5.330182567190836096e+01 3.384829855794542652e+01 4.416276522363750701e+01 3.133797323866481932e+01 5.153921619477259242e+01 4.808746235018553250e+01 4.808758190558624790e+01 3.254564893837396511e+01 5.271475830597123036e+01 6.609337869886434191e+01
9.367352646185668139e-03 2.000936734954244045e+01 2.985436070800100694e+01 3.540136269731371499e+01 4.172591807097376204e+01 5.001020834161710837e+01 5.895449768937218238e+01 5.552293557945464642e+01 4.112991602623693410e+01 4.112991607016682849e+01 6.153737774119237969e+01 6.280466449434188547e+01 5.305743957667564104e+01 6.280466449154637587e+01 6.854139587863400607e+01 6.036875217065028210e+01 4.858141198486902823e+01 3.013555046795050885e+01 9.622369583121470171e+00 1.771300221568669642e+01 3.041331544605591830e+01 3.287574212174460087e+01 4.073563192277519818e+01 5.364479860761202445e+01 3.966419149324300264e+01 3.708591038697994691e+01 5.702125497573624102e+01 6.229899867325901397e+01 4.554997108483195234e+01 5.711574405023204548e+01 3.700928692831989508e+01 5.711574405023204548e+01 6.812833945577884265e+01 4.904214577551876175e+01 5.271475952341057791e+01 3.772542667275304495e+01 5.781849308481691452e+01
3.648181865326004768e-03 4.854360682592006704e+00 9.854360682592050225e+00 1.540136264484439010e+01 2.172591796518126017e+01 3.067018987518057571e+01 4.481232549934109954e+01 6.481232660756198527e+01 6.153735012158524853e+01 6.153737773935438327e+01 6.991633396653162436e+01 7.454179869874511155e+01 7.361566226971395110e+01 6.537199779498750729e+01 5.710405920552642556e+01 4.052573995517338545e+01 4.054198437449116454e+01 2.101524406686775848e+01 9.940069927697162910e+00 2.763530245869833735e+01 3.793261478365018746e+01 4.644159050532084620e+01 5.338394480363149341e+01 6.138816591978584114e+01 5.948079777903487297e+01 4.865351135965387641e+01 6.527833546258335673e+01 7.385634012670463733e+01 6.558112350270037894e+01 6.538734484484659504e+01 4.605547544919077296e+01 5.126214411312591324e+01 7.124758440709908314e+01 6.320934784880598301e+01 6.609337993672706091e+01 4.676187400477604683e+01 4.383323258218957363e+01
