LEM/sinusoidal_perturbations/elevation_000892.asc
nrows	100
cellsize	150.0
xllcorner	0
ncols	100
yllcorner	0
NODATA_value	-9999
[rows 17 to 33 of 100, columns 0 to 36 of 100]
5.222468517465790779e-03 1.993150977588625850e+01 1.929346099667871961e+00 7.824895869993027553e+00 1.849993134007648976e+01 2.098635821166735838e+01 2.784327567153113492e+01 2.077708858951606530e+01 5.557191474753136795e+00 2.570202016071273476e+01 3.669683649717704554e+01 5.018131325760828787e+01 4.480703779348087323e+01 4.988524897216235843e+01 4.354839896542114275e+01 3.473976597170254621e+01 5.054170067950967393e+01 4.944876847769882744e+01 4.794615079317901518e+01 2.817176788656704645e+01 4.794615099140952452e+01 6.223673158403521910e+01 5.260617306950846483e+01 3.145723408241721586e+01 3.150654760641939944e+01 5.262422195047736295e+01 5.799842706558567329e+01 3.859031809161231052e+01 4.340632598399928099e+01 2.734214783636683777e+01 1.496302321551197956e+01 3.501748254615194611e+01 4.231386241329938258e+01 3.233676451170034483e+01 4.387937750152746474e+01 6.406514306650650781e+01 7.267830028459648872e+01
7.333276091007126865e-03 2.997796995923829866e-01 5.922752148624882418e-01 1.020562279204759015e+01 1.154739448619720399e+01 1.648348168093584221e+01 1.864893896491625824e+01 3.348244224690201332e+00 1.103353884131724527e+01 2.728026908160853736e+01 3.637049326789325221e+01 2.518841065893949605e+01 2.085791658608168930e+01 3.252298512830987676e+01 2.757619856550143567e+01 2.712072700436031525e+01 3.976555128734582922e+01 3.678977120732309203e+01 4.293359966855790333e+01 2.230777475495938944e+01 4.300191798856223357e+01 4.461070400917920153e+01 5.706277120977156869e+01 4.515799658469104116e+01 2.307744419569705485e+01 4.479908262554211973e+01 5.851595319561567266e+01 4.427353995142042464e+01 2.595605002214010071e+01 3.333603377480351782e+01 1.402539934890267581e+01 2.823205398536831723e+01 4.824900856515522207e+01 4.385901628971434718e+01 6.082391636520296885e+01 7.255880663976572009e+01 7.615558684698186198e+01
6.343274376862209282e-03 3.936462792101154129e+00 1.638699855485635126e+01 1.006619993850786932e+00 1.299716920428459543e+00 1.593025836672343543e+00 1.886458581562194148e+00 4.070840233360990545e+00 1.522902303006806157e+01 2.199588359952306149e+01 1.929862993842139929e+01 5.639749124671886271e+00 1.092297940822281177e+01 1.567515231305161549e+01 1.800746440734858922e+01 3.218517391166676589e+01 2.338942091154210701e+01 3.898813587186332086e+01 3.790383885921353624e+01 1.713511884887479653e+01 3.823535998202377328e+01 3.222211105627314254e+01 4.807049491162633359e+01 4.089740955563589608e+01 1.824924860185058861e+01 3.179038140960207315e+01 5.130122377690063473e+01 4.667411138099888746e+01 2.857528440514478518e+01 1.767165621513460749e+01 1.310910625887434477e+01 3.014359899061165393e+01 5.187267864539580131e+01 6.332748730542978421e+01 7.201747750596501874e+01 8.149540454327444650e+01 6.785164295106464749e+01
3.497053469895897767e-03 1.999988613146662075e+01 3.034203966939486463e+01 2.661367479744577125e+01 5.669814026738097645e+00 2.321733127674763963e+01 2.444479524357817368e+01 2.306504385203657304e+00 2.603164191386824200e+00 2.902490220854406111e+00 3.199456909258274528e+00 3.494403219405926020e+00 1.217081291770250218e+01 1.917257691463083447e+01 1.204071766301468926e+01 2.668055733526276185e+01 1.799242404280422747e+01 3.198110227703035946e+01 3.185414644951709207e+01 1.314032574260612485e+01 3.178082443500269250e+01 2.394501129103748838e+01 3.902489542174738801e+01 3.477634080112902382e+01 1.394841400921241537e+01 3.669236976752227264e+01 5.454234020688134876e+01 4.650749597931103807e+01 2.608807486885167037e+01 1.182633750576642129e+01 3.187711978247291711e+01 4.218764644337360181e+01 4.964578018377326174e+01 5.792192661860641323e+01 6.952269775882531633e+01 7.145565225646807050e+01 5.313817235924778970e+01
9.635555453094322986e-03 1.089058966625018776e+01 2.654842445025431275e+01 4.009583312955948742e+01 3.499375741330442224e+01 4.159059159678847806e+01 3.537633575363834382e+01 2.454392581358413494e+01 4.429645414698797801e+00 1.871854495189242584e+01 1.534670050017840381e+01 2.215205925871930503e+01 3.915170406811088633e+00 4.217133614330292879e+00 9.466107384988541540e+00 1.082311575793838720e+01 1.884920859949595595e+01 2.345278170102815096e+01 2.208468965338349221e+01 1.006423335563739663e+01 1.538036278253665223e+01 2.798209412462482248e+01 3.012534799661066742e+01 9.015445556264042537e+00 1.704068831949515328e+01 2.786579481301207650e+01 4.468420179880203591e+01 3.696305759590107698e+01 2.970445639289965456e+01 1.093621557201811534e+01 1.670448994185665015e+01 2.294582930606174287e+01 2.982554269869572749e+01 4.120730024679126302e+01 6.119112241142774877e+01 6.142163601117331240e+01 4.311936672119200153e+01
8.845047570523793118e-03 1.999959800506276864e+01 3.814884051110609420e+01 4.546519525724568922e+01 5.373288126378452034e+01 3.788073544370363521e+01 1.824725102659118292e+01 7.076732276853237025e+00 2.476782236416083194e+01 2.977722623999784446e+01 3.074043154792839516e+01 2.806847135832108719e+01 2.691879627459465141e+01 2.537913863914611667e+01 4.654857826957034206e+00 4.968364198425242684e+00 5.284700844269559994e+00 5.603084352688205705e+00 5.924174679367194329e+00 1.179896448593689584e+01 2.155012266188876069e+01 2.531384362603735738e+01 7.519841775125361671e+00 7.850133881030203931e+00 2.758555010822468034e+01 1.549970481518582410e+01 2.915663468953032478e+01 2.239207290815275542e+01 9.884084016812515472e+00 2.967863835038856024e+01 3.652070612939053973e+01 4.263180421679405185e+01 4.964582106743857537e+01 5.792193264946897102e+01 6.730309320971221609e+01 4.726398180906271307e+01 3.310162231097528007e+01
8.023991185656003874e-03 2.000801536644639711e+01 3.132497321574892624e+01 2.546722313352309186e+01 4.546370557353517228e+01 4.616449140577526578e+01 3.576211264402268597e+01 2.633615865614693874e+01 9.762284693849089479e+00 3.009704029443872386e+01 3.491527149147287901e+01 3.578677139942083585e+01 4.236013774510014684e+01 3.958526657379977109e+01 2.034754386742279308e+01 3.202874264712855990e+01 2.815280284083992157e+01 1.426340380091194149e+01 2.130941152364216151e+01 6.385803074169984050e+00 6.714703795450245316e+00 7.049377243202521903e+00 1.849754557090765061e+01 2.020758732039143268e+01 8.308373827184560412e+00 8.625788928947420331e+00 8.936850802314525666e+00 9.242198159132586355e+00 9.563210593225917933e+00 2.637876013183705837e+01 3.666878069122959261e+01 4.821163946670230871e+01 4.440811887308126416e+01 5.258628038882783784e+01 6.017418441879525659e+01 5.187053363336049472e+01 4.152121513240066975e+01
4.598823041778624977e-03 5.551600785294045437e+00 1.132510347719025390e+01 2.132510355635117705e+01 3.546731797759687765e+01 5.547255135653536939e+01 4.670017844183956868e+01 2.463543435033377094e+01 3.009734090198974243e+01 1.250819444576771922e+01 1.455306223493822060e+01 1.665326556196003693e+01 3.710830160593633309e+01 4.846893535001421327e+01 4.451246498551445541e+01 5.338980641325427712e+01 4.120120462207949430e+01 2.446483135312917412e+01 3.030909440390328768e+01 1.487736270091031265e+01 2.742094324900394042e+01 7.067045765687081982e+00 1.802420226291276251e+01 2.984374479950466963e+01 1.401157584535894784e+01 1.457166401894238028e+01 1.698597042891475795e+01 1.733218681280060025e+01 2.933820688030668222e+01 1.001037135316013327e+01 2.139843449458430058e+01 3.749822047107784329e+01 2.499613096243193411e+01 4.185879678900102618e+01 5.187055340503411571e+01 3.187061756010196234e+01 3.772840669356610022e+01
7.340434288523949372e-03 2.000734034692490937e+01 3.132499177740064056e+01 3.960723659834797417e+01 4.961285093646415589e+01 6.267913118291459540e+01 5.567900672143182561e+01 4.659996620928519917e+01 3.807504632795216537e+01 1.950074174018327966e+01 3.498597203711957349e+01 3.710829277319937347e+01 1.976737227387722129e+01 4.017819812089107501e+01 4.905208686223867431e+01 5.729700679094915472e+01 5.085277943711830773e+01 4.262238348079144856e+01 2.775842781560692885e+01 2.950734047603992494e+01 9.737797746181335867e+00 2.948481973678054757e+01 3.738471871149496195e+01 4.174001492494551258e+01 2.786638302057450289e+01 2.419815551485322302e+01 3.783969302017452918e+01 3.782059548157543105e+01 2.367371728282878607e+01 2.981616514880858304e+01 1.045466971827052483e+01 3.039980368862459414e+01 1.218315242856198566e+01 3.357482068992018043e+01 4.394733723672496950e+01 3.565709949091831987e+01 1.775355889520220742e+01
3.515918393995972821e-03 2.000351591839364218e+01 2.930699301371387833e+01 3.447099512311371683e+01 3.438659336651397069e+01 4.731565924764593944e+01 5.560142420526798190e+01 5.545421717804264006e+01 3.437649180513469815e+01 3.424692534493353691e+01 4.862595609287161125e+01 3.008482945026593924e+01 4.017819812096598042e+01 2.316331987974961493e+01 2.890414085194253602e+01 4.905209438005744005e+01 6.670727097730400601e+01 5.484446199762246721e+01 4.642312409096270187e+01 3.072277762699330950e+01 3.072277762598912076e+01 1.200581796762389786e+01 3.317983064417087746e+01 4.445055171764111890e+01 5.135578958834987873e+01 4.598651152465144065e+01 5.453056100616225166e+01 4.309079865796809372e+01 4.308704317307566356e+01 3.383914505076162271e+01 1.067458050124351843e+01 1.088049255740450683e+01 1.120761456939744249e+01 3.119610961782109371e+01 3.565266420709532014e+01 1.561844014794120916e+01 3.564788292414939264e+01
4.608085242692564441e-03 4.592922762653947721e+00 9.306967970564306469e+00 1.447094576550757417e+01 2.024444845740393362e+01 2.731551626931104337e+01 3.886252209794127310e+01 5.886285933581661567e+01 4.932783291011419635e+01 5.476375251311229420e+01 5.771102596725699385e+01 3.778778221295588224e+01 4.602117263926032109e+01 2.583097333203901869e+01 4.602115433805342093e+01 3.847467044099437317e+01 5.265510469641960611e+01 7.255989146473150697e+01 6.043537911345787705e+01 4.331883693688824621e+01 2.196034251844061913e+01 3.317983071385649652e+01 1.442774613681883977e+01 3.576486012224584954e+01 4.038630429190057924e+01 4.903935934285777876e+01 6.383553122212040165e+01 6.290477376604024329e+01 5.250352128443631727e+01 3.253603559592409056e+01 1.870921730608278466e+01 3.087321942575243483e+01 3.116751578936444034e+01 1.166492100108160734e+01 3.164172451951633747e+01 1.414571561813592915e+01 3.405925126881686538e+01
1.610643649003322799e-03 2.000161064364864671e+01 2.930699301371387833e+01 3.447099512311371683e+01 4.024454088530539764e+01 4.731565924764593944e+01 5.560142420526798190e+01 6.714955843020295845e+01 7.096828850085911711e+01 7.151136046245306943e+01 5.193727909518796793e+01 5.771102596725705780e+01 4.862728770316865479e+01 2.855072568976433800e+01 4.862728770316486759e+01 5.848508176117510970e+01 5.265510469641940716e+01 7.255989145874652024e+01 5.715189927478714083e+01 3.557066551166498414e+01 3.710698324805895965e+01 4.444931021244298819e+01 3.576443126533727934e+01 1.701511851858122526e+01 1.902602054085265593e+01 3.422250514119620135e+01 5.187837393447252765e+01 6.236373922691355176e+01 4.861534151040607554e+01 2.862395591968838104e+01 3.861964870972948205e+01 4.237247382077971025e+01 2.237403951338956887e+01 3.153465409681016141e+01 1.212026452291804191e+01 3.199550147620249518e+01 3.294463011902640659e+01
2.022278438842990342e-03 2.000202227843848846e+01 3.983791881898531528e+01 5.218092543046934395e+01 5.727710701067790211e+01 5.759433720127147183e+01 4.894179847107653103e+01 5.759915431000633390e+01 6.820024294733573811e+01 7.944359744608802032e+01 7.158038004912403096e+01 5.941799535914218211e+01 3.950457555353001027e+01 3.131229356440245226e+01 5.128840739773311697e+01 6.399462869097676077e+01 7.255989145874652024e+01 8.075943896780994180e+01 6.596919058590714258e+01 5.114534625035783222e+01 5.831557846050845484e+01 4.682710314391892581e+01 2.535779098416863775e+01 3.840510003160741093e+01 4.038630428187811106e+01 2.200996976064613619e+01 3.273183028214097590e+01 5.376169521476490587e+01 5.692293383558658348e+01 3.753646923279195136e+01 5.651620382964619438e+01 3.651426415144084103e+01 4.237174788758191113e+01 3.571329958489536693e+01 1.657192928168926827e+01 1.259427563143438888e+01 1.293344953222239191e+01
6.642187732006160465e-03 1.155364757152442046e+01 3.155364757152406341e+01 3.297608701053168545e+01 3.746823852154167867e+01 3.854982308107675237e+01 2.816286398827854853e+01 3.828143118158322977e+01 5.348341492408469833e+01 7.444443954905742089e+01 7.344286531687487241e+01 5.360870375667531817e+01 5.758808423420059341e+01 3.766657682062970025e+01 3.597824915185456973e+01 5.581981643909826118e+01 6.871842265528661642e+01 7.821418932687565473e+01 8.321583507692986359e+01 6.890807909939564979e+01 4.747544207532406091e+01 3.484355890458810734e+01 4.682710314536127783e+01 4.619771392950213595e+01 2.509900163021535135e+01 4.324676274239716633e+01 5.188727727572468496e+01 6.236374021115414479e+01 6.588869762109987960e+01 4.910341910101318774e+01 6.480538713721789179e+01 5.651620382964619438e+01 5.343964730866927937e+01 3.840966474217526638e+01 1.843454595946820973e+01 3.269765195005194869e+01 3.301041423084366500e+01
1.591255364720534126e-03 2.000159125536436378e+01 2.575027278176972345e+01 1.979280453670709505e+01 3.193139377892615371e+01 1.908698365460221780e+01 3.854982306736625475e+01 5.199082085276260301e+01 6.094100964688385602e+01 7.249333944681926312e+01 8.161006869709648015e+01 7.344286469758544911e+01 6.462111823102603125e+01 4.472858252437673343e+01 5.581981643909826118e+01 4.084631510957575529e+01 5.070614583966709432e+01 6.442439642936680855e+01 8.312969162092903730e+01 7.759624130893610072e+01 6.270229059117407644e+01 4.470466250407571351e+01 6.245250672585837748e+01 4.217686925273323340e+01 4.414655429114755236e+01 2.822021449490458522e+01 4.610068410696755592e+01 7.045083096999820782e+01 7.746883156442581253e+01 6.915529131904460769e+01 6.571040729975685224e+01 4.555006369121595355e+01 3.397997741910371161e+01 2.505714158181702444e+01 3.840966474218036097e+01 4.673182302403790800e+01 4.877270601943550332e+01
6.189296070378335485e-03 2.863332153213241416e+00 5.750083499161382505e+00 8.731507469161128299e+00 1.189395155214280386e+01 1.606982491829703363e+01 2.366266576720654413e+01 3.263802756894487089e+01 4.419602609662895532e+01 6.420111425859086296e+01 7.663779872089916978e+01 7.862145391793220028e+01 5.882199038194537621e+01 5.882197987665664840e+01 6.698807617230806954e+01 4.765929797104004706e+01 4.723545346513399323e+01 6.121895568410884891e+01 8.085351201622695783e+01 9.309094046906892572e+01 7.563067008564877369e+01 5.771291012637901474e+01 7.067201284588732335e+01 5.947242459753872623e+01 4.038343115406881623e+01 3.042384581946239663e+01 4.425217043529174532e+01 6.404960520346219255e+01 7.665457524839509063e+01 8.701352575372220599e+01 7.409107783510229694e+01 6.243925760275569559e+01 5.113769098368959476e+01 3.106625828254162869e+01 5.113769098368959476e+01 5.197459135561214083e+01 4.016333684003964777e+01
2.247884206357958405e-03 2.000224788420600319e+01 2.575027278176972345e+01 2.873182846177137151e+01 2.606282234591802549e+01 3.613869275987272545e+01 2.366907235191904135e+01 3.077786053869595762e+01 3.835444383697076631e+01 4.835112223178506241e+01 6.834571113544704701e+01 8.678020121507864815e+01 7.862145384599851639e+01 7.861921729709550277e+01 7.406651994159217622e+01 5.520476374213789228e+01 6.697062501387334521e+01 5.445061039876771503e+01 6.686625039433258166e+01 8.559461240586502129e+01 9.057297146785410291e+01 8.044648007847526117e+01 7.097920889274611511e+01 5.623037326337259145e+01 5.367671274030614370e+01 3.268047555479785160e+01 3.964737972553703571e+01 4.712877736685975805e+01 5.771398916056201500e+01 7.850403588410239308e+01 7.443504639753530228e+01 5.422770441022587562e+01 4.262347079009423823e+01 5.113769098368959476e+01 5.950221789149745177e+01 4.403239333830506297e+01 2.409062310037398547e+01
