LEM/sinusoidal_perturbations/elevation_000447.asc
nrows	100
cellsize	150.0
xllcorner	0
ncols	100
yllcorner	0
NODATA_value	-9999
[rows 0 to 16 of 100, columns 0 to 36 of 100]
8.271705653423140972e-03 2.000827170565306901e+01 2.817277887124571123e+01 4.817277887124641467e+01 5.189423845128855817e+01 4.366666618784806531e+01 4.345021699425633699e+01 4.345022097797600935e+01 5.173405793343692949e+01 5.093122809474449042e+01 4.264885202589940150e+01 4.581004053571991363e+01 4.909709049970589945e+01 3.417920662164886636e+01 3.782871058123044605e+01 4.167648947752138611e+01 4.567604425798075596e+01 6.567688401056746272e+01 7.617932795627407927e+01 8.102964325876325802e+01 8.637396077298897978e+01 9.240253960166808156e+01 9.947079782435456252e+01 1.077478480955061855e+02 1.192860189104302862e+02 1.139938543991485034e+02 1.057032747347726485e+02 1.059429111271695660e+02 1.059429111271695660e+02 1.142331148196083461e+02 1.119490267533072938e+02 1.036594816820132507e+02 1.067893764562662398e+02 1.150804559651497954e+02 1.181209000910632057e+02 1.155045249046600446e+02 1.238145459753305744e+02
7.813061968023241044e-03 8.172778871245355958e+00 2.231491449497655921e+01 4.231491449497726620e+01 4.294298198881999440e+01 2.425608470548811724e+01 2.345233247691050593e+01 2.345233247975519220e+01 4.345022066823995743e+01 3.833697529662278214e+01 2.265551532060760564e+01 2.581692892633378023e+01 2.910274614834928997e+01 4.323967285829839824e+01 5.197001374581152788e+01 6.167671606005016116e+01 6.567688401056746272e+01 5.170676363953698740e+01 5.617963564404412580e+01 6.103128094905023460e+01 6.637735566862113501e+01 7.240800560785923778e+01 7.947874454259788024e+01 9.102338784879351863e+01 1.110101744471530765e+02 1.024583876476823292e+02 8.573784691321546347e+01 8.597699962316545452e+01 8.597699962316545452e+01 1.059429111271695660e+02 1.004154177086675759e+02 8.369756970119097161e+01 8.681867617825493255e+01 1.035426326816838554e+02 9.809495633056478425e+01 9.549940447437866453e+01 1.122549378633245425e+02
2.526786264046545528e-03 2.000252678626369018e+01 3.645705011870825984e+01 3.811013087945478617e+01 3.451136984226027948e+01 1.782380128013124221e+01 9.304350530239032580e+00 2.930957724265564579e+01 3.421214488763627060e+01 1.834110698919572613e+01 3.833697813284072708e+01 4.581004053571991363e+01 4.909709031621774500e+01 5.737976188675713018e+01 7.151986491585103067e+01 8.025013062663349217e+01 7.803034763651443484e+01 7.170726080235137090e+01 7.617932795627407927e+01 8.102964325876325802e+01 8.637396077298897978e+01 9.240253960166808156e+01 9.947079782435456252e+01 1.077478480955061855e+02 1.082992270409098552e+02 8.832629252923626950e+01 7.421418838866934209e+01 7.185944658121769635e+01 9.182487971011779848e+01 1.039130544036655266e+02 9.148161124217206464e+01 7.216424109940098219e+01 7.529220101928099496e+01 9.460906178807086064e+01 8.399534264805791395e+01 8.399519459103856889e+01 1.039530810165886408e+02
4.163169627051843593e-04 2.000041631696235100e+01 2.264054836005900739e+01 1.811013050631788701e+01 2.530766253785697728e+01 7.292460610711354541e+00 2.729286982358686231e+01 1.138061525273612595e+01 1.421192235196435050e+01 3.421214488763627060e+01 4.661929375389411234e+01 5.151893669199242964e+01 4.323527230058459025e+01 4.540371375713964852e+01 5.368754341277188047e+01 6.533306972456490769e+01 5.802964652285859870e+01 7.217181954994470061e+01 7.529778171691096134e+01 6.701372509930935450e+01 7.201420866368722784e+01 8.029804714574207480e+01 8.924223508681768635e+01 1.007883841099950786e+02 1.141610289641636768e+02 9.417622960751063488e+01 8.476603313273197671e+01 6.475112003329046217e+01 7.827233783913165155e+01 8.655290185223222466e+01 7.563276253546020200e+01 6.317319471704828260e+01 6.631753212279231491e+01 8.460113199191835065e+01 7.247209753493923756e+01 8.656169487583450461e+01 1.062601445190867508e+02
5.883922493566802643e-03 1.321787312413106097e+00 2.640548259204682946e+00 3.967994882404629386e+00 5.307293942769485184e+00 2.530766253785697728e+01 3.557749263058520484e+01 3.138381213006058701e+01 1.382648687577895608e+01 3.382729271917322222e+01 3.812551725276253478e+01 4.022137887225099462e+01 2.324338562920012308e+01 2.541165095016887676e+01 4.540371375713925772e+01 4.533266745794747266e+01 4.388666517957355495e+01 5.674430627764719759e+01 6.052419604097510586e+01 4.701165319937986453e+01 5.201227440616896303e+01 6.095822937240700412e+01 7.250621050907581377e+01 9.250497703971598185e+01 1.078557082923837527e+02 9.874246280015198352e+01 7.877946501511030419e+01 6.721634905498370927e+01 5.819511114164353671e+01 7.290647329778305163e+01 7.102058937732191168e+01 5.552876584036645369e+01 5.995054455832260487e+01 6.458937895353409431e+01 8.454752242721227162e+01 1.005557107542628756e+02 9.506985485556631943e+01
1.256007409845548732e-03 2.000124338822027070e+01 2.264054802695889279e+01 2.396799499186818849e+01 1.529753227151219086e+01 1.315184837772282300e+01 3.313914695230430851e+01 4.210817302821188690e+01 3.382598564046668344e+01 1.630978934146021686e+01 1.812987806632312271e+01 2.022810311010149320e+01 4.022137622539446511e+01 4.540371304038351497e+01 2.857105701135410314e+01 3.119460265597834692e+01 3.388910698782337505e+01 3.674449733959508535e+01 4.052292714834814547e+01 4.808224553585122152e+01 6.808423501319012416e+01 6.201406541534748840e+01 6.957426635611146537e+01 7.957419239085534457e+01 9.957233084160991154e+01 1.070279934753305611e+02 9.549558002332595663e+01 8.655290198953289860e+01 7.290647329779460506e+01 5.278110386152460620e+01 5.087985102936290360e+01 7.102058938050868164e+01 8.001012098258094341e+01 7.875512216416754541e+01 9.287744174006250830e+01 8.926789128452192301e+01 7.523421611389667873e+01
9.594114293757748102e-03 1.415172978391433034e+01 3.415175637692867383e+01 4.309125616845540208e+01 2.928768714825091735e+01 3.313914695230430851e+01 2.209492385057711417e+01 4.207411113126999425e+01 4.337654273199832744e+01 2.338260025145925880e+01 3.812551725401075231e+01 2.357388345544219277e+01 3.511028339458678005e+01 5.502791853196083594e+01 4.856504005259258605e+01 3.489086455513798768e+01 5.388719071506830005e+01 5.674430627764719759e+01 4.340990351160318994e+01 6.341076958180401135e+01 6.073314156952704934e+01 8.073369683386729889e+01 8.957326161623265648e+01 9.785668245428084333e+01 1.078557082923837527e+02 1.000581461000775079e+02 9.182830271856809645e+01 8.964712967767646035e+01 8.119378324771237487e+01 6.787513450500010492e+01 4.772278252385098085e+01 6.200013956580954755e+01 8.205862696606708084e+01 9.871464820384048267e+01 9.506985485556634785e+01 7.523421611389667873e+01 6.108744253351390086e+01
7.711341127313004785e-03 2.000771134112695648e+01 3.535566822847543023e+01 4.430021805446599359e+01 4.874982391173845286e+01 4.913526838316115430e+01 2.916329967981385352e+01 4.913526838316115430e+01 5.166107491659376194e+01 3.232310497577764608e+01 4.768746842858219992e+01 2.774203486863204304e+01 4.768743273211735101e+01 6.326403352721378326e+01 5.947739150543360154e+01 3.947709326734935331e+01 5.947739150543478104e+01 6.841102161005224502e+01 4.840999800390954277e+01 6.841102161005224502e+01 8.073369683386729889e+01 8.073369683386731310e+01 1.007323751479328280e+02 1.064088482441823089e+02 9.644939431571421551e+01 8.821206101165363123e+01 7.184005821466905672e+01 6.965133748407961889e+01 7.063483044347093198e+01 6.557856085621084219e+01 4.542566499099574173e+01 6.557856085621084219e+01 7.338069184668066214e+01 9.339793201625288077e+01 9.205300754121485340e+01 8.049061216758195769e+01 6.952205088815253475e+01
2.297228869525369630e-04 7.071297534752457814e+00 1.601556944476171651e+01 3.015770532402583726e+01 5.015776679368467939e+01 5.741244618718203441e+01 4.069614872089151447e+01 5.741244618718203441e+01 5.231943675159517682e+01 4.646157605796926049e+01 5.369639886549586549e+01 3.376796235702788351e+01 3.716211482303178570e+01 5.707457107637453220e+01 6.776162108820491881e+01 5.947739150543478104e+01 4.703573740142852699e+01 6.703725429901696486e+01 6.841104298972594222e+01 5.657628810874177816e+01 7.657581610378777270e+01 9.484661813933247743e+01 1.048380804835418019e+02 9.818486341806428186e+01 7.823925860524290954e+01 6.822659957355422478e+01 6.151029437914463216e+01 5.541550268400087731e+01 5.051094130339285471e+01 6.332417749434477372e+01 4.317557185808063025e+01 5.327010535593148433e+01 7.338069184668066214e+01 8.295386066299224126e+01 8.378044497853268524e+01 6.373103867149722390e+01 5.209908060523568452e+01
9.647730019007896146e-03 2.000964773001865282e+01 3.535568036787676505e+01 4.429952016382191005e+01 4.993903658747539964e+01 5.822232756460001468e+01 6.066332022739837271e+01 6.894498551663845376e+01 7.232003115467469456e+01 6.646156348463908614e+01 6.032954624658883347e+01 4.043010410330995086e+01 5.707457107637453220e+01 4.868072216087696091e+01 6.854078193047251943e+01 7.532123951057830880e+01 5.598096397468626151e+01 5.858397370485438671e+01 7.858465033596102955e+01 7.071969676187484311e+01 6.657769572246597534e+01 7.657795737330012287e+01 9.656991559691803673e+01 1.064088482441823089e+02 9.644939431571421551e+01 8.821206101165363123e+01 8.155024053228710557e+01 6.476848643100765912e+01 6.470061928295606890e+01 4.455756059703642080e+01 4.100546161366488462e+01 6.115427161942558598e+01 7.706676676933794568e+01 6.290439390261192187e+01 7.706676676933794568e+01 8.049061216758195769e+01 6.157458811718960590e+01
3.582433992925927561e-03 2.000358243399256963e+01 2.943887025800363944e+01 3.360909152117837095e+01 2.993909089317207517e+01 4.450136893745141720e+01 5.082593271498193133e+01 5.910996784703752382e+01 6.805412614230026236e+01 7.653146024151563154e+01 5.668824916950140391e+01 5.194363054705805638e+01 6.856664901767499032e+01 6.015852082201027429e+01 7.678818229631632164e+01 8.426563915552752349e+01 6.752919496758494233e+01 7.013196305373384121e+01 8.686824485439423427e+01 9.071373884190869319e+01 8.657393648510911532e+01 9.484661813933247743e+01 1.048380804835418019e+02 1.153201006127125936e+02 1.070589020613966369e+02 1.047392398032108218e+02 8.479743771990587220e+01 8.479743771990587220e+01 7.266739583587408902e+01 5.900208466172188793e+01 3.885461391926396146e+01 5.662142103824626105e+01 6.492990796174206025e+01 4.865438246509387454e+01 6.808198025230937844e+01 6.450988920180711261e+01 5.620247513179720045e+01
1.813270376062421294e-03 2.000181327037570611e+01 9.438871864278977952e+00 1.360916014542043762e+01 1.895438498366883096e+01 2.450138694592102340e+01 3.082594226625766964e+01 3.977021417618114896e+01 5.391234944672957141e+01 7.391229166082143820e+01 7.653146024151563154e+01 7.178492012614256623e+01 8.003483535937266424e+01 7.999116354578633548e+01 8.826095163263140364e+01 9.581207766692179462e+01 8.752870160953099798e+01 9.013123589372894173e+01 9.841457133513553401e+01 1.024975858599948282e+02 9.430166983762035215e+01 9.688044447512018564e+01 1.050697279016860222e+02 1.070589020613966369e+02 8.709140357933823395e+01 9.293974848140101130e+01 9.004742832510578410e+01 7.848482092874995431e+01 6.438856463333766555e+01 4.424304098260479634e+01 5.661972197433694731e+01 3.645340484767933731e+01 5.427693677794578520e+01 3.961266290148251557e+01 5.977704393070676758e+01 5.327716750569054227e+01 3.604118367550048418e+01
2.372884694381488524e-03 3.782017614786646220e+00 1.792415323391129434e+01 3.360915886226850091e+01 2.993909161357570525e+01 4.450138041502378172e+01 5.082593271498193133e+01 5.910996784703752382e+01 6.805412614230026236e+01 7.303717509801411722e+01 6.457198065307764523e+01 6.717562502156803816e+01 7.566903203079665730e+01 8.484140342597615358e+01 7.638905660315286639e+01 7.638905660315286639e+01 8.484140342597615358e+01 9.673931512771198982e+01 9.838394964120500674e+01 9.015508732631734290e+01 7.405769850222142736e+01 7.670437302871204110e+01 9.688044447512018564e+01 1.109867413548297463e+02 9.293974848140101130e+01 7.296241811687298195e+01 8.177550910719348565e+01 6.172494010790312302e+01 5.007030326243433649e+01 6.438856463333766555e+01 6.492248470566497076e+01 5.427693677794578520e+01 3.406501079608153759e+01 3.238287363061517254e+01 5.039946010365338225e+01 3.304738737780376567e+01 5.327716728855459394e+01
8.175220331382775790e-03 1.000817522031739948e+01 3.000816541854900521e+01 4.620839236618768808e+01 4.993908283256003955e+01 5.822325091509410555e+01 6.062822639052295415e+01 5.422153069938407555e+01 6.062822639170134664e+01 6.164254451196163842e+01 4.512614435467497742e+01 4.761605699312659112e+01 6.717562502156803816e+01 7.064218860485304674e+01 5.472946445317739972e+01 5.472946445317739972e+01 6.759550245377002398e+01 8.840127496076372893e+01 9.015508732631734290e+01 6.975387335694819058e+01 6.196013667709500083e+01 8.261380753766073326e+01 9.838394964120500674e+01 1.027222646453957253e+02 8.275984345160505029e+01 7.121648241650251521e+01 6.222272789219599076e+01 5.700523841917229362e+01 7.019930769804803106e+01 7.848482092874996852e+01 7.437203670105557762e+01 5.427693633722089572e+01 5.427693273346406500e+01 5.040342829706968786e+01 3.004518990151624891e+01 3.599620028894091917e+01 5.555554193693262732e+01
9.124702163186202558e-03 2.000912469712316977e+01 3.000816484484615998e+01 5.000804760370287738e+01 5.229284970570627422e+01 5.594880593403693325e+01 3.883023148861027352e+01 3.245494661310014806e+01 3.883023148865453322e+01 5.332335437152253377e+01 3.424020046213097146e+01 5.055576466310370165e+01 5.396169122804231932e+01 5.396259326067713857e+01 4.314090837007248780e+01 6.388388524482699893e+01 7.898314683261210689e+01 8.898007341271564030e+01 9.086861687856776371e+01 7.572925058413888166e+01 5.494705110453311647e+01 6.975387335694819058e+01 8.604925716731393948e+01 9.431280717626216870e+01 9.946315854074026674e+01 9.053077525257135960e+01 8.226141623476388531e+01 7.708744915272342269e+01 8.247419200134450534e+01 7.412883790999013911e+01 7.206534254040066401e+01 6.941870579065761149e+01 6.107797101998893652e+01 4.916428992840797463e+01 2.876369464516868746e+01 4.916288216849714132e+01 4.473795523884293601e+01
2.239863785106879172e-03 1.414457128352887771e+01 3.415524782336840559e+01 4.674524052666239271e+01 3.304448890333213740e+01 3.508445218861675130e+01 3.625863584746453228e+01 1.790168741671729791e+01 3.800541485880682302e+01 4.310158460935441127e+01 2.811272229662490929e+01 3.153209634193131805e+01 3.499829501595434778e+01 3.856536469932525080e+01 4.943189609041125010e+01 5.118500131125244224e+01 6.070449510945469029e+01 8.068667802984978721e+01 8.258642574288614924e+01 6.197917996145984887e+01 4.992909372927396561e+01 7.068882684372283620e+01 6.556939383638608376e+01 8.015665481500809619e+01 1.002752576839223195e+02 9.625435515933158115e+01 8.463972239321496716e+01 7.629088702238379938e+01 6.867554592741156227e+01 5.373963388801476526e+01 5.157022966767433303e+01 5.323996567191938567e+01 4.052449212911318455e+01 4.620574977068735478e+01 2.749603514306912899e+01 4.794948841322266730e+01 6.430914647370757109e+01
1.766589122093755728e-03 1.999704692498850278e+01 3.013713464528586172e+01 3.759416139406849311e+01 1.938055234501677759e+01 3.154977298292276089e+01 1.461370031203909647e+01 3.143982535662214062e+01 2.138213606732873373e+01 2.387961012950340844e+01 2.916482999485609895e+01 4.823498048673675243e+01 5.396169122804231932e+01 4.935263326544046691e+01 5.754844196810049795e+01 7.069533933550989957e+01 7.898314683261210689e+01 8.898007341271564030e+01 8.232989327721367090e+01 6.626283687237106790e+01 4.558401636440392224e+01 5.241489754205027651e+01 7.309665430837505085e+01 7.801829310316392707e+01 8.621383156546865223e+01 8.788686373089440451e+01 6.780196028392893481e+01 5.614254921831823708e+01 4.827472094883145814e+01 4.184940274581310860e+01 3.671119592372347284e+01 3.283360492626434279e+01 2.930127997852659760e+01 2.573722005789423406e+01 4.621866270636975571e+01 5.426989934337792221e+01 6.258071913278372733e+01
