LEM/sinusoidal_perturbations/elevation_000038.asc
nrows	100
cellsize	150.0
xllcorner	0
ncols	100
yllcorner	0
NODATA_value	-9999
[rows 17 to 33 of 100, columns 37 to 73 of 100]
1.267650533946094100e+02 1.212970711107864474e+02 1.009989761459582951e+02 8.659934839631920056e+01 7.524768422638966570e+01 8.904124964742298687e+01 9.740603079927197427e+01 8.129473957405893714e+01 1.008241667982815102e+02 1.124966750741279640e+02 1.194132580427278896e+02 9.937701628210274407e+01 9.707575389665558419e+01 7.721243000896420483e+01 6.355786969537538766e+01 8.250638107447979053e+01 9.142793357111074215e+01 9.941720869475341260e+01 9.941721408360287171e+01 1.194765191781389007e+02 1.175342906030291914e+02 1.061456264247894978e+02 8.708208884164976382e+01 1.061456264247892278e+02 1.000777601450334657e+02 8.052170071957051789e+01 1.000733790760540387e+02 9.187433393846771423e+01 7.369059881215977725e+01 6.707567676090502573e+01 8.628167905003471105e+01 8.775687064225799361e+01 6.964820375583414602e+01 8.879924774356729245e+01 9.070890594841839061e+01 9.154340234575016666e+01 9.238408789443057856e+01
1.155230716964721580e+02 1.168535950576713560e+02 1.083060444731239755e+02 1.035910237707703772e+02 8.904124964159043998e+01 6.945228041024434162e+01 8.360824705052850447e+01 7.267888037246038380e+01 8.390498577974199179e+01 1.041233936673191920e+02 1.070464117597266522e+02 9.871896159701833540e+01 1.010185519566914678e+02 8.410707570421129731e+01 6.257167000792008338e+01 6.811716176159876568e+01 8.476008496757273747e+01 1.003999938254583810e+02 1.089836504817262437e+02 1.204712915623727696e+02 1.093104183388696953e+02 8.963787617172000921e+01 7.842783242098717267e+01 8.961163183933864218e+01 8.733474573054218126e+01 7.525626091912293703e+01 9.267502102680361986e+01 8.451358591392516928e+01 6.620646556235658409e+01 7.970739957934225117e+01 9.440890103504516162e+01 9.676140126207187109e+01 8.868644470961454829e+01 7.073468651044616706e+01 7.150546792409978991e+01 7.232120395700505355e+01 7.313907604699754472e+01
1.075242813363656893e+02 1.051306993093101028e+02 8.813837214369533513e+01 1.051307000230062698e+02 9.740603079927197427e+01 8.360824705052850447e+01 6.431993280668504553e+01 8.360824704975568977e+01 8.931990763139474154e+01 1.094748332179907919e+02 9.871896159701833540e+01 7.847982300091416619e+01 8.440590760859051045e+01 7.370529765037470327e+01 6.160529123908992233e+01 7.897732233169558924e+01 7.583120222842126168e+01 8.166146444619862166e+01 9.233243258373528306e+01 1.121471077094894326e+02 1.047752821031280206e+02 9.706936085782245982e+01 8.961163183848354663e+01 7.038584624222440311e+01 6.808981918300422365e+01 8.312113122822512423e+01 8.371820471902690031e+01 6.534172411980993900e+01 8.447065599184084306e+01 9.348930312307908252e+01 1.073178699635973175e+02 1.038033273642665932e+02 8.416616520939030011e+01 8.978502596283431103e+01 7.389317270136352533e+01 9.154274802412838596e+01 9.238405002237742281e+01
1.006220262389094700e+02 9.666223415823620257e+01 7.701428929230779374e+01 9.666223415878607739e+01 9.739067170401747831e+01 8.055849676805510740e+01 6.151084990093092841e+01 6.972315334925519892e+01 8.342514387537097775e+01 1.035511596204049880e+02 9.871896159701833540e+01 7.847982300091418040e+01 6.584436071276525126e+01 6.025356739109224691e+01 7.938483020314751570e+01 7.173455458801771556e+01 9.110744668159533433e+01 1.003999938254583810e+02 1.079192696166108902e+02 1.012674696738203721e+02 9.692837819371251840e+01 8.147298376561012390e+01 8.472114295916010462e+01 7.087889520579162195e+01 6.332660495900311304e+01 6.390421296832797537e+01 6.449028687983407337e+01 8.363764296968710710e+01 7.486517943714373757e+01 8.849860947734588024e+01 1.082156139648732704e+02 1.119961054078406733e+02 1.038036517617409942e+02 9.673776354934267374e+01 7.733385482412981560e+01 7.861373753514027385e+01 8.215580786032829508e+01
9.484917342774379279e+01 8.971563681512709820e+01 7.036452244300483017e+01 8.971563681515425515e+01 8.905338649918945748e+01 6.951763909591690549e+01 5.911125440870105763e+01 7.202415361269751770e+01 9.165675540552341261e+01 9.765656852399891363e+01 8.926129242889606985e+01 9.276311738031634491e+01 7.846990959153770007e+01 5.930543235056759244e+01 7.846967475363391031e+01 9.110866282932981619e+01 8.531574096052062828e+01 1.050946958051047631e+02 1.012674696769744855e+02 8.566299089644695641e+01 8.901536659778547289e+01 7.468609354150081003e+01 7.553997901611477062e+01 6.253069831039889692e+01 8.170012168243978579e+01 8.245412806114052273e+01 6.838999647855477804e+01 8.685883960487078070e+01 9.427487492256210544e+01 8.849884323547686904e+01 1.082202647922571828e+02 1.137400743204944717e+02 9.381963673846034624e+01 8.254094459348719681e+01 9.677712916529839049e+01 9.230746480684992150e+01 1.018543116546193374e+02
8.303461918807487052e+01 8.386977863919543097e+01 6.465718358910018537e+01 8.388105641285403635e+01 8.574212466496450702e+01 7.468838330919574275e+01 5.703155554643140590e+01 7.492745616887015103e+01 8.878681117794715760e+01 8.906708918776713801e+01 6.962611472455732553e+01 7.528290494411426437e+01 7.621257335509726261e+01 5.834970686115030958e+01 6.935363505966935804e+01 8.870413240799936716e+01 1.050946958051114137e+02 1.133391374762622803e+02 1.009721329329006068e+02 8.475598434636472689e+01 7.469426764631886329e+01 6.824339236477497650e+01 8.027406626337945283e+01 6.197525537067875234e+01 8.192290547019867120e+01 9.376190320526606570e+01 8.685894498343664338e+01 7.430176698900530141e+01 9.372669367545756813e+01 1.082202647922571828e+02 1.164566810940405190e+02 1.219429168944008808e+02 1.064726859922407556e+02 8.661477544687572561e+01 1.064702392247613005e+02 1.122013197103734967e+02 1.116532749019826838e+02
6.423588101453452737e+01 7.871900387149672440e+01 5.941348796684079048e+01 7.205941966493629991e+01 6.535193216025483309e+01 7.107524616057521882e+01 5.503478139645469724e+01 6.458077150972718528e+01 8.167604481804231398e+01 8.071427256293162600e+01 7.364219170975684392e+01 5.602922084912352574e+01 5.699103040141190490e+01 7.612981283233854413e+01 8.564233508537824946e+01 9.690770952664958315e+01 1.069953772900524029e+02 1.011911872153811203e+02 1.055664342666465103e+02 9.553506324130506755e+01 8.418090066678527705e+01 7.462252078626170260e+01 6.120557439007855294e+01 8.112087356204187927e+01 6.615390116780319829e+01 8.642059778761986877e+01 9.969327942574985002e+01 9.372669367545756813e+01 8.169261284720118965e+01 9.567464355901226725e+01 1.155400049069050681e+02 1.251398953374635141e+02 1.052198595826397138e+02 9.108349755334440090e+01 1.052198595826397138e+02 1.251398953374635141e+02 1.161363478409151497e+02
7.658748427174961648e+01 8.485791320366510604e+01 6.941678723546340279e+01 5.274205254424332878e+01 5.189612928341975362e+01 5.217707345063990942e+01 5.607450692429920025e+01 7.053766667373776045e+01 7.328660023403733703e+01 7.182128413021001734e+01 5.469587437584717549e+01 7.397379045174611178e+01 7.252194010964606719e+01 8.335347362930366444e+01 9.224439840641993271e+01 9.777064737987629428e+01 8.745052661628082546e+01 8.175895866164560744e+01 9.548519774189368547e+01 7.690644008619311478e+01 7.861467191389573372e+01 6.043661696575838249e+01 7.342832217242848003e+01 8.916026732774845698e+01 8.642059778762187250e+01 7.063759708834888329e+01 8.512182405793912210e+01 1.058796160694203508e+02 1.014930731870888820e+02 9.099391199886883896e+01 1.050361066792990243e+02 1.249074423996210612e+02 1.170875957493408919e+02 9.707742736234101244e+01 1.074026096416450855e+02 1.273024749987361730e+02 1.209958298775797942e+02
6.916286924185521912e+01 6.947500031741203941e+01 6.212624026611074157e+01 5.149204779488597694e+01 5.839407906385103075e+01 7.102560559875524859e+01 5.257291502049267251e+01 5.285393597121326081e+01 5.313992721675202091e+01 5.343499180967107520e+01 6.672671942205995776e+01 7.319506194374470454e+01 5.994102885237897738e+01 7.907911234514591570e+01 7.258617971128462898e+01 7.826941001476248516e+01 8.743337762779876243e+01 6.835871237580626314e+01 7.727843324131032432e+01 7.775966192792193965e+01 5.965560204238379782e+01 7.477977981429793886e+01 8.649121516957933409e+01 9.964469096348469179e+01 9.481931938070474075e+01 7.403733585808600992e+01 9.481931938070474075e+01 1.088496627311760392e+02 1.190928120181582273e+02 1.108562861605469863e+02 1.050361066792990243e+02 1.249074423996210612e+02 1.237372440759769603e+02 1.037882990960686840e+02 1.237372440759769603e+02 1.354723300049720081e+02 1.263330587971218506e+02
5.047408217856539636e+01 5.077865228759451099e+01 5.107876481601122975e+01 6.979402079690760274e+01 7.515600307071456143e+01 6.154492107487008212e+01 7.489668752285727749e+01 6.061561825195547470e+01 6.182738360880990314e+01 6.845566935962440880e+01 5.391079734253533218e+01 5.426087949221285811e+01 5.462253525384972619e+01 7.389274955103806519e+01 5.973181226179826808e+01 7.593016693305285969e+01 7.595018106324847906e+01 7.423497335690211685e+01 5.825440711884271394e+01 5.885250205860372574e+01 7.782950138781401961e+01 6.730073717312592407e+01 8.634747634831632013e+01 1.036105659510445491e+02 1.032945917501620414e+02 9.481931938070474075e+01 7.945492415700951483e+01 1.004233726584943440e+02 1.144633701121771168e+02 1.227588131637992035e+02 1.249074423996210612e+02 1.331495173570175723e+02 1.319063060768337721e+02 1.138381513443332551e+02 1.319063060768337721e+02 1.425674079101968346e+02 1.226844720935776678e+02
6.917697009348805182e+01 6.908117963985874610e+01 5.145533175850305696e+01 7.114014547768508123e+01 8.528307752882082582e+01 6.781149041117843979e+01 8.403401426972745014e+01 7.691829269465939944e+01 7.537646466739890627e+01 6.348550650911461446e+01 7.274330058841039204e+01 7.351230861937597183e+01 6.069947491489039493e+01 5.515052420170438552e+01 5.553132594798020705e+01 5.611621144927713800e+01 5.673159748274264302e+01 5.737355220717341098e+01 7.650130358683551890e+01 6.045642478118777774e+01 8.075014975875404843e+01 8.634747657372508911e+01 7.616233172769275939e+01 8.968011948560696567e+01 1.093136517527811407e+02 1.078053207755735770e+02 8.692601848775760232e+01 8.670014066090340066e+01 9.383656872807368643e+01 1.032711560824935901e+02 1.150913790383011843e+02 1.350291237339258146e+02 1.417881080299789289e+02 1.336363368076207792e+02 1.417881080299789289e+02 1.508448165601569144e+02 1.416198222393845754e+02
8.620579886193891639e+01 7.914889887664713797e+01 6.557002937517226826e+01 5.846699726183693002e+01 7.759744985100410020e+01 8.680129073332709311e+01 7.614876910375940611e+01 9.366033818106842546e+01 8.941218561911931317e+01 7.193508151083375424e+01 8.797917972707719514e+01 7.996647207772517163e+01 6.089055863554955295e+01 7.441158105061667527e+01 7.478074241156930668e+01 5.622834020991155057e+01 7.500551815642722886e+01 6.813399680081481335e+01 8.317747215333318422e+01 6.563365651519478661e+01 8.533392135787511279e+01 1.004389420179783912e+02 9.543064794801745165e+01 8.968011948560696567e+01 1.093136517527811407e+02 1.161575441456470941e+02 9.646148020029467318e+01 9.623902986111224322e+01 1.075877696508093919e+02 1.227588131637992035e+02 1.317713731325262358e+02 1.432788668400687015e+02 1.379935031393352176e+02 1.415926657515175009e+02 1.332717790479740358e+02 1.415926657515175009e+02 1.515628965349293082e+02
8.275553548050099550e+01 9.307017890771516022e+01 8.256470171143236314e+01 6.340473137444449492e+01 8.256470171151622139e+01 1.006252652443160969e+02 8.234438639532716309e+01 1.006252652641761784e+02 9.261260362493041498e+01 9.229584206171527683e+01 8.520754782621816048e+01 6.705495342057528774e+01 7.996723275241491535e+01 8.547102108213708505e+01 6.715376743057720432e+01 5.670338290651898205e+01 7.466984317475906607e+01 8.365702492270938251e+01 9.194986709595043806e+01 8.535145559328169895e+01 7.328281550465594307e+01 9.229298977250716973e+01 1.091509053197150507e+02 1.093136517527811407e+02 1.175410124164821184e+02 1.252664871404201392e+02 1.084828869775153777e+02 1.082669701312663477e+02 1.250536534310799368e+02 1.361101272445460495e+02 1.335390786444034177e+02 1.252286262430882431e+02 1.179827002710130586e+02 1.217248227789054056e+02 1.132718641171712051e+02 1.274043725786969645e+02 1.474369513220580359e+02
9.616827340152288173e+01 9.383190797948805084e+01 7.431765146946071354e+01 7.682546233369120614e+01 7.689266952091803375e+01 9.701011627227066469e+01 9.054392129263023037e+01 1.079625555212935808e+02 1.155913961400532912e+02 1.071333116372178296e+02 9.075799119209173682e+01 7.167460112605877498e+01 9.075799119200787857e+01 8.999883063074197764e+01 7.834565409930263513e+01 6.926202898112394735e+01 5.738121723762481707e+01 7.775821351801248227e+01 9.482913372106074235e+01 1.004389418059844843e+02 9.229298977250716973e+01 8.160125880851990132e+01 9.109308114706989556e+01 1.049792005304318110e+02 1.248269866630847815e+02 1.368454584622029699e+02 1.285936145737252616e+02 1.225596297238519838e+02 1.322638458761649929e+02 1.239576163310072729e+02 1.220128278519421912e+02 1.053056455555230428e+02 1.039346345680620658e+02 1.018361401138938191e+02 1.217248227789054056e+02 1.262916164944934394e+02 1.344602227288515905e+02
1.153793479947240286e+02 1.021816713467268869e+02 8.541623032719151354e+01 9.642041154449269413e+01 9.711654042200201786e+01 1.056070630260016259e+02 1.010644013935515346e+02 1.159254927219785856e+02 1.184664408059660587e+02 9.897112212358069883e+01 7.970961886882200531e+01 9.075799119209173682e+01 9.075799119165975526e+01 9.327284805550101510e+01 7.596258528874432159e+01 6.543728082654352818e+01 5.787302163964041313e+01 7.166753323971754241e+01 7.639668714833291574e+01 9.608125785992625367e+01 1.091509049432218319e+02 9.516023135009064049e+01 1.091509053197150507e+02 1.190270573020655149e+02 1.236285219464604239e+02 1.221490922757690498e+02 1.303687030347308848e+02 1.424424917774149719e+02 1.239576163310072729e+02 1.040938740703806360e+02 1.099118212820693117e+02 9.405225364380873998e+01 9.271369556824559766e+01 1.123492078580407707e+02 1.229922806746584456e+02 1.063696163017972225e+02 1.229922806769134382e+02
1.226571233709016155e+02 1.137488024909605997e+02 1.053314366358236072e+02 1.110881713207425321e+02 1.031184806406223942e+02 1.110883260283169989e+02 1.188896668370522463e+02 1.261787497338755202e+02 1.102618967810242054e+02 9.070567674012036719e+01 9.897112212358069883e+01 1.071333116270137822e+02 1.102397239084299798e+02 1.010216526428828701e+02 9.228892504698539767e+01 8.479774664556082087e+01 7.707060929566765139e+01 5.858206263126353264e+01 7.777144796834031126e+01 8.784331937258549772e+01 1.072526241539438701e+02 1.149030935967583531e+02 1.208085988801279598e+02 1.125869401618355141e+02 1.037730863957925322e+02 1.022892241673980607e+02 1.163445689332384774e+02 1.361624512524173554e+02 1.239575884548323756e+02 1.040938740251759640e+02 9.041573897047430819e+01 8.565156381979679168e+01 1.049276818031713816e+02 1.155170506805385173e+02 1.147467985836315876e+02 9.423873587056240808e+01 1.147467990457833338e+02
1.028827302153768812e+02 1.168190764141346136e+02 1.134892467891964998e+02 1.015562739360665745e+02 8.412901731510218895e+01 1.015562739360666598e+02 1.040667129015899519e+02 1.120320949700791857e+02 1.184664408027699523e+02 1.102619214149915479e+02 1.184664408057688405e+02 1.240989011817911489e+02 1.126751436619972822e+02 1.044779482253753145e+02 8.929009442657692830e+01 7.041021640139530291e+01 7.825857235847975346e+01 5.908279818895117330e+01 6.866886762423308710e+01 8.784257571293994715e+01 1.029328753563939927e+02 1.140162736346725723e+02 1.058011473550881618e+02 9.280312444956979334e+01 8.983290599638885965e+01 1.037730863957925322e+02 1.236285219464604239e+02 1.243443734637628069e+02 1.159006799508831591e+02 1.181784489526503847e+02 1.007212879621113615e+02 8.171119673670942518e+01 9.597084878354033322e+01 9.597084721057277079e+01 1.071381640028876348e+02 8.632298854775912389e+01 1.071381651896649885e+02
