LEM/sinusoidal_perturbations/elevation_000584.asc
nrows	100
cellsize	150.0
xllcorner	0
ncols	100
yllcorner	0
NODATA_value	-9999
[rows 0 to 16 of 100, columns 0 to 36 of 100]
8.271705653423140972e-03 2.000827170565306901e+01 3.017179085690385776e+01 1.899813239628403139e+01 3.866849837028721026e+01 5.366797190745442947e+01 6.265468732782175465e+01 7.740140882818667478e+01 6.906995370937096368e+01 6.644584013399318678e+01 7.478010350106593762e+01 6.870864431970623798e+01 7.704210942739371148e+01 8.387748201474568077e+01 7.567830577977856876e+01 7.825540099061933574e+01 8.645765415977616897e+01 8.625181962214341524e+01 7.841717590579358443e+01 8.087125464637382777e+01 8.044902081117466253e+01 7.963585648528135152e+01 8.764622838885924239e+01 9.854002710029598688e+01 9.084494620924937180e+01 8.789066281558616822e+01 9.666493218815338651e+01 1.061321864887444377e+02 1.184175329001326418e+02 1.104081431109356828e+02 1.020510160909859820e+02 1.020510160909859820e+02 1.024330586645801020e+02 9.406108988957014105e+01 9.669274114997676861e+01 1.050594092026574486e+02 1.080977123733126177e+02
7.813061968023241044e-03 5.007813061968001023e+00 1.017179085691117812e+01 2.802885121784851563e+01 2.839786783654008673e+01 3.723641767047973872e+01 5.483491698889422850e+01 6.581773867506100828e+01 4.902732760432177628e+01 4.643861742951203553e+01 6.320974026314864602e+01 4.877198964326606045e+01 6.550088135431494152e+01 6.993045000359663277e+01 5.581263529444733962e+01 5.840334150367122135e+01 7.825540099061933574e+01 7.517457392909410885e+01 5.911810132532805540e+01 6.168840244052881161e+01 6.072196701333119506e+01 6.050610847776925283e+01 7.814169676617315474e+01 8.605507273803975465e+01 6.883975977210171493e+01 6.698345176092203701e+01 7.619409971085239874e+01 8.832470287889893257e+01 1.096867850145827248e+02 1.020510160909859820e+02 8.179678211165389712e+01 8.179678211165389712e+01 9.076639454344235958e+01 7.385568456735683185e+01 7.647337988422739841e+01 9.669274114997676861e+01 9.798802679099902946e+01
2.526786264046545528e-03 2.000252678626369018e+01 3.017179085690385776e+01 3.777388356759769295e+01 4.603566732957185792e+01 5.366797190745442947e+01 6.265468732782175465e+01 5.749833813235377278e+01 3.765046192589259988e+01 3.509315745971235145e+01 5.431849609519053956e+01 3.746253167143431995e+01 5.663437667129877440e+01 5.622658410508908133e+01 4.408316052254356521e+01 6.421787510687964584e+01 7.990045859382811955e+01 6.726181900650337298e+01 4.763775427206249446e+01 4.764353477669398274e+01 4.674227484910790054e+01 6.316161540453421708e+01 6.692246036078648785e+01 7.086864496530908752e+01 5.683154576406667502e+01 6.447627930305492328e+01 7.910495953724699802e+01 1.002983259507138882e+02 1.107346132024644163e+02 1.003237561623220557e+02 8.011658166276806980e+01 6.758825334165115351e+01 8.239549368770471460e+01 6.231621307430420842e+01 7.604586763610390676e+01 9.622661997852675597e+01 8.962677367822385577e+01
4.163169627051843593e-04 1.154742170075532215e+01 2.568955732448652540e+01 4.568955732448723239e+01 4.597943743880602341e+01 3.769485223234747906e+01 4.597943740977081717e+01 4.461476770277398174e+01 4.603798765360042466e+01 2.628011561514954053e+01 3.857065690893332999e+01 2.867848315874530130e+01 4.836871247360612358e+01 4.985970780239923528e+01 3.764045394671670408e+01 5.774559158085692445e+01 6.062288619877295304e+01 5.210777267297898874e+01 5.166227739499653637e+01 3.606479307144670088e+01 3.946412240552498218e+01 4.296263993491488264e+01 4.662670132134125822e+01 5.048388131135301649e+01 6.213012927491145376e+01 8.280567938976111009e+01 7.910495953724699802e+01 1.002983259507138882e+02 1.023793015519968463e+02 8.213232047386516399e+01 8.011658166276806980e+01 6.005571116435606172e+01 7.156259774081092928e+01 5.602547700513816409e+01 7.604586763610390676e+01 9.028615446602540828e+01 8.290850561140959485e+01
5.883922493566802643e-03 1.414801954622464208e+01 3.414801954622534907e+01 3.881664167355125983e+01 3.597744377113990311e+01 1.769207615016562940e+01 2.906428739425232166e+01 2.460931831535418013e+01 3.188028749224090674e+01 3.331602652682926902e+01 1.875172688565326240e+01 3.621289875560763960e+01 4.904393181736558205e+01 2.973758203060182126e+01 4.268980308028329773e+01 4.456635983115988608e+01 4.060530465687167379e+01 4.842479640236327043e+01 3.212255811938753425e+01 5.218288100153547759e+01 5.963863762749409148e+01 6.319737287600457876e+01 6.692246036078648785e+01 7.086864496530908752e+01 7.952400570376597955e+01 9.152400536948020715e+01 1.002983259507138882e+02 1.090628776460333853e+02 1.001627612222750230e+02 7.991822266664141239e+01 6.572763796118925939e+01 5.820171716736768985e+01 5.156012649910814361e+01 5.069678250642221684e+01 6.184654540703837711e+01 8.192835289288836975e+01 7.711270454239955541e+01
1.256007409845548732e-03 2.000125600740949139e+01 3.279535461961945231e+01 1.859657427476379254e+01 2.573633229399888123e+01 7.691832501671773237e+00 9.062209921372360810e+00 1.046593473421179255e+01 1.188369714472650607e+01 1.331226857488886672e+01 1.475190008285494514e+01 3.477523336188659897e+01 3.859341781060182797e+01 4.022139838897232522e+01 2.264464643506075703e+01 2.451840696007827702e+01 2.641806832480104461e+01 2.836337223008770891e+01 4.841681287162078462e+01 5.624575523802269572e+01 5.844547233467046254e+01 6.459514352268099913e+01 6.981810593579949398e+01 7.624698495453613134e+01 8.347336557562945814e+01 9.184994972099947574e+01 1.035471528609619298e+02 1.089249425398677431e+02 9.725432866937059373e+01 8.888921427092310523e+01 8.584771072759396304e+01 7.824303802753244952e+01 6.553162574184710820e+01 4.553091891913304323e+01 6.553162574184653977e+01 8.239893322056025227e+01 7.194271956526186784e+01
9.594114293757748102e-03 2.000959411429340307e+01 2.255402920399643563e+01 4.444252361819052588e+00 5.780558571381723354e+00 2.578161763491447545e+01 1.613333769196364997e+01 3.046851857715901701e+01 3.188683931101388325e+01 3.331602711354912572e+01 3.477504913685564247e+01 1.695383043942996792e+01 1.856027642881638684e+01 2.018251570286022556e+01 3.869298408308934967e+01 4.454606576491886472e+01 4.289741278533752222e+01 4.456923247031573254e+01 3.259510798726377345e+01 3.614905371186053173e+01 3.988475779031146118e+01 4.462423136743723973e+01 4.964788770361657555e+01 5.600985627352590512e+01 6.315364594545312826e+01 7.489497375037258564e+01 9.519166673254703426e+01 1.005705355814208133e+02 8.033789357210180526e+01 6.873971253281345639e+01 7.725589401838864489e+01 7.666050464999874237e+01 5.660842979863836177e+01 4.247326157240356537e+01 5.401448333255123657e+01 7.404776999040801400e+01 6.709243738227094411e+01
7.711341127313004785e-03 1.288080140456274059e+00 2.571080738655445064e+00 8.895639954618308920e+00 2.577559872439290345e+01 3.406607173034289815e+01 3.613645277876754847e+01 2.768157454769261250e+01 4.768601771325732130e+01 4.699934607403956477e+01 2.696615537461710588e+01 3.698206611211902839e+01 3.848153185689253064e+01 2.503738319444666871e+01 4.515035739625879785e+01 6.210442928864009815e+01 6.197915596918511483e+01 5.781756606555610745e+01 3.840386178221801572e+01 5.624851436420084383e+01 5.412229979759922571e+01 5.063964168130237198e+01 6.981810593579859869e+01 6.601338624634922780e+01 8.346757653215942696e+01 9.184994972099947574e+01 1.011170375589804564e+02 9.276997095157679496e+01 9.045193408772502153e+01 7.725589401838864489e+01 5.720089331990832449e+01 6.780187602465775853e+01 5.962322012093065382e+01 3.961102635599687716e+01 5.375269456835744109e+01 7.379592252837396416e+01 6.250603671697995622e+01
2.297228869525369630e-04 2.000022972288659773e+01 1.411771455049468571e+01 2.885104780065632113e+01 1.889556807706875929e+01 3.043823922131546666e+01 5.026176178772995229e+01 4.182722315404055280e+01 4.768600982546504241e+01 5.528755630071491112e+01 3.698916132284333003e+01 5.527782265596059119e+01 4.512411978609880947e+01 3.926172999416233012e+01 3.362823014523227982e+01 5.413229847809014217e+01 7.019480450994780085e+01 5.245730024486613274e+01 4.739004158886530149e+01 6.682361454984267368e+01 7.428636723449109525e+01 6.072386973691418888e+01 7.080942483807436361e+01 8.571827897797943763e+01 9.378280317867337601e+01 1.039017900408484394e+02 9.228274682364617831e+01 7.270368181475490132e+01 7.038201266810338552e+01 7.038708884247938613e+01 6.780187602465775853e+01 4.778929879708285000e+01 4.201505864897852405e+01 3.686517045957039329e+01 5.687433389955684504e+01 6.512196273435965566e+01 5.680268465476502371e+01
9.647730019007896146e-03 2.000964773001865282e+01 3.409054794105464481e+01 4.221404851048959728e+01 3.043821668534679503e+01 4.655891598519139762e+01 5.810792582649879989e+01 6.183039532896967927e+01 6.768737108453184703e+01 6.529535018826844350e+01 5.700953978473177841e+01 6.529574542230979262e+01 6.509647177170364785e+01 5.936927610638300479e+01 4.081380149966466320e+01 6.166247413500576613e+01 7.855217677515820185e+01 7.255525627412434631e+01 5.887411249855340856e+01 7.554572721539666702e+01 8.919304453811371047e+01 8.089497993923306751e+01 8.919304453811371047e+01 9.920969459015562109e+01 9.675906781104463050e+01 9.554400761826546784e+01 7.544106285935676226e+01 6.395777236043706893e+01 5.644539797735141917e+01 5.043565298289050958e+01 6.310185452586984667e+01 5.874597186890864009e+01 5.417621936706023433e+01 3.417932036539941976e+01 5.211307280739956127e+01 5.402813200906150826e+01 3.679490717652770826e+01
3.582433992925927561e-03 1.000356906066167184e+01 2.414449439347079007e+01 4.412272261898520753e+01 5.027485362469064967e+01 5.811661403869799614e+01 5.235713553806044729e+01 5.551023728000311053e+01 5.896759646681750411e+01 6.051434061109240048e+01 6.876878886122064216e+01 7.255123926538496448e+01 7.836878383969158790e+01 7.062800026545515664e+01 6.180532641586863463e+01 5.589321420150820785e+01 7.881227283878990875e+01 8.705395279209596993e+01 7.870441414559526550e+01 8.521317411504115569e+01 7.681984749653422284e+01 8.521317411469296133e+01 9.457880702945101348e+01 9.075218128487394154e+01 7.638040474238357547e+01 9.075218128487394154e+01 9.228274682364617831e+01 8.393756705020535946e+01 6.720557998031246427e+01 5.312059963267601148e+01 4.314069252646071817e+01 3.877967407589663651e+01 5.138515118201074472e+01 3.180908814895990133e+01 3.213407541387634581e+01 3.403301940256729097e+01 5.402813200906150826e+01
1.813270376062421294e-03 2.000181327037570611e+01 3.825729687119160616e+01 4.239047379116474445e+01 4.503237193117575288e+01 4.635971073909595930e+01 3.224447532090261603e+01 3.556345635997510612e+01 3.903661385123056249e+01 4.060926633458280577e+01 5.357724738889007909e+01 5.272106572128821966e+01 5.852918908024809497e+01 7.168730540189073963e+01 7.984426324198518898e+01 7.912418773012687723e+01 8.927509255448917713e+01 8.680698639047332676e+01 7.842245685121696397e+01 7.506441799055939157e+01 5.650815701110531108e+01 6.588260887308345559e+01 8.023070794568300812e+01 8.165237870358558325e+01 6.197607887012303252e+01 8.165237870358558325e+01 9.519503552629996079e+01 9.564921209712026950e+01 8.142739603871640952e+01 6.779996778036750982e+01 4.770434067669845035e+01 3.954808181758934893e+01 3.290481938197485334e+01 2.948141607955435006e+01 4.943144019098545527e+01 5.397561129057113050e+01 6.234442372299346857e+01
2.372884694381488524e-03 1.414450850842520602e+01 3.414450850835348206e+01 2.240313095176293601e+01 2.505051063325669602e+01 3.361811456910285756e+01 1.810694038692549057e+01 2.144010972079148658e+01 2.492121439157206808e+01 2.909001515244456115e+01 3.367435189341826884e+01 3.866522751342160547e+01 4.496620682857104612e+01 5.198985629616944948e+01 6.336110239693493185e+01 8.271757191856468694e+01 8.680698639047332676e+01 7.510342354454030556e+01 5.813922924534211489e+01 6.666400225381963196e+01 4.658589040823472516e+01 5.165935695659633353e+01 7.183605115504118999e+01 7.323805051378624853e+01 5.315740729100803463e+01 6.654450277286012749e+01 7.605624126010521024e+01 8.440658930161387730e+01 8.227778376296429030e+01 6.185445362813205605e+01 6.739393835073290973e+01 5.957250760616175000e+01 4.796711117040199923e+01 2.803361856326997525e+01 4.796711894952136390e+01 5.898738907328661440e+01 6.755592023401166557e+01
8.175220331382775790e-03 2.000817522033102591e+01 2.460960666642841588e+01 8.264166467243024172e+00 1.091323023942255332e+01 1.363488207511067607e+01 1.966478791021211592e+01 3.964290591386232876e+01 4.487426350362478189e+01 3.645045172723733629e+01 5.357724738889007909e+01 5.852918908024809497e+01 6.476123095225312909e+01 7.168730540189073963e+01 7.984426324198518898e+01 9.072517680792924466e+01 7.842245685121696397e+01 5.813922924534211489e+01 4.664182598609611574e+01 5.725079219725685675e+01 3.920298327440632136e+01 5.316094561453569156e+01 7.335343658623511942e+01 6.654450277286012749e+01 4.686797163069627459e+01 6.192007481453795492e+01 5.606468295282057568e+01 7.605624126010521024e+01 9.094459488744043085e+01 8.226930796585446615e+01 7.110139347427676171e+01 5.076852163441855481e+01 3.663143456711011936e+01 2.670861633793890277e+01 4.475751543802261523e+01 3.852309590267383044e+01 5.852816990334620328e+01
9.124702163186202558e-03 2.303282040857871138e+00 4.612683117350848683e+00 1.038616832443830162e+01 3.038186794599620200e+01 3.362067759446135540e+01 3.964290591386232876e+01 2.965913764897521432e+01 4.962667417874944675e+01 5.638140438686851041e+01 5.054371569511270224e+01 7.047483159941742770e+01 8.026992599435574505e+01 7.191437318653139243e+01 8.026992598821384206e+01 8.530492921150521113e+01 7.692241517240486814e+01 7.510342019373396738e+01 5.725079219724542412e+01 3.740592133403316666e+01 3.417370943207757250e+01 5.394420776074930757e+01 7.164540758893834038e+01 6.108721493006506620e+01 4.184523642301608248e+01 4.263822584350955225e+01 6.112161247548548459e+01 6.939705642498452676e+01 8.047545212025237049e+01 7.816123261726052363e+01 6.984660936698111300e+01 6.498254631945717108e+01 5.475692948078820876e+01 4.473642773872305867e+01 2.485375550728379679e+01 2.667443931193446005e+01 5.107898077044870888e+01
2.239863785106879172e-03 2.000223986378475161e+01 2.460960666640312411e+01 3.038186794599009488e+01 1.981352989669436582e+01 2.737125397466603260e+01 4.736290836094692480e+01 4.962667417874944675e+01 4.228986084661422495e+01 6.225156336585175154e+01 7.047483159941742770e+01 7.874392660417888123e+01 7.003814037760352562e+01 5.133006603394465373e+01 7.003814035147010486e+01 7.325336033836200045e+01 5.578473081364346342e+01 7.325336033944350334e+01 6.327072432958942017e+01 4.329981312637645630e+01 2.944932984381277663e+01 4.329981312637645630e+01 5.654556007154634756e+01 6.460920251691989336e+01 5.406103781050488521e+01 3.548784515731203726e+01 4.208110444781775072e+01 5.281150021465497701e+01 7.233563639939249867e+01 6.984660936698112721e+01 4.985697135088022947e+01 5.571180077231823446e+01 5.726932054032818087e+01 3.758781579353266977e+01 2.353876362035825665e+01 3.000510711062028690e+01 3.196620214220963518e+01
1.766589122093755728e-03 2.000176658912173977e+01 3.299644445552434746e+01 4.128071570575392002e+01 3.980677324625369096e+01 4.736290836094692480e+01 4.150708285066126990e+01 6.150012172676901656e+01 5.640639575645314352e+01 7.049754825558794380e+01 7.764550875266294838e+01 7.371538198972963585e+01 6.162221961023676187e+01 4.097561412695920069e+01 6.162221961023676187e+01 6.471856742355628000e+01 4.265754750775426629e+01 6.471856742355628000e+01 5.984574131351378412e+01 3.994057750638451409e+01 2.609400842459781700e+01 4.370370152784743567e+01 3.838442955297956161e+01 5.654556007154750574e+01 5.019177543778974382e+01 3.202693745757750321e+01 4.207832384372151324e+01 5.529925307903721432e+01 7.462456175485685606e+01 6.841073119361082888e+01 5.571180077233184136e+01 3.576717796408301098e+01 4.504957738920442978e+01 4.046666957974198908e+01 2.229147327255340372e+01 3.427815079004120236e+01 4.980497637853470394e+01
