LEM/sinusoidal_perturbations/elevation_000460.asc
nrows	100
cellsize	150.0
xllcorner	0
ncols	100
yllcorner	0
NODATA_value	-9999
[rows 0 to 16 of 100, columns 0 to 36 of 100]
8.271705653423140972e-03 1.415040732938424739e+01 3.415040732674578550e+01 4.192772471336073892e+01 3.338872978075015396e+01 4.192774842983018857e+01 4.778351961726256292e+01 5.603829082715913756e+01 6.441309293579278972e+01 5.027237333424154997e+01 4.198670901989704873e+01 2.651647077253008078e+01 2.976157284924541102e+01 3.309477729375792876e+01 3.657562477484789554e+01 5.657403280241946675e+01 6.558691481703853299e+01 6.966954637853942245e+01 7.403412486492709377e+01 7.874843404144158399e+01 8.391273761247180119e+01 8.968676932959255055e+01 9.635461258979815113e+01 1.046511607071467438e+02 1.146604620236035714e+02 1.229649251860330281e+02 1.146939340849385189e+02 1.143114539903458819e+02 1.060271056159638050e+02 1.143114539903459246e+02 1.198578261540121872e+02 1.115819644163067466e+02 1.161508047293140891e+02 1.078692046383197294e+02 1.070101219369814771e+02 1.152930419401003519e+02 1.268563196822332770e+02
7.813061968023241044e-03 2.000781306196766707e+01 3.281912126001563479e+01 2.453498179546427593e+01 1.485869605932548687e+01 3.252168300924606115e+01 2.801244630812530900e+01 4.778351961726251318e+01 4.756176892600065287e+01 3.612905552468614445e+01 2.198526005942618511e+01 4.198670904931019265e+01 4.975976022407147070e+01 4.723483280109126525e+01 5.657403280241947385e+01 4.173840124412287622e+01 4.558671529731023497e+01 4.966881811162117799e+01 5.403311357447994823e+01 5.874731411750123300e+01 6.391147588711223193e+01 6.968493673245801290e+01 7.635108280918144885e+01 8.634988268037940884e+01 1.063593424992169645e+02 1.114015283284425237e+02 9.464050319163389702e+01 1.042932290601328020e+02 8.597563485592341692e+01 1.042932290601330863e+02 1.082920345897803145e+02 9.152753835025805529e+01 1.026052242067833475e+02 8.781560602913971536e+01 8.695695639529600385e+01 9.853218945992577460e+01 1.185911930722088385e+02
2.526786264046545528e-03 2.000252678626151948e+01 2.264060842294252751e+01 4.534869359905984609e+00 5.883269085979287993e+00 1.402745136092100786e+01 3.380325960902040805e+01 3.193118835490414398e+01 2.755994540914070967e+01 3.492164213036981124e+01 1.900168303084838328e+01 3.314728363727741822e+01 5.314763056293786292e+01 6.723503640012589244e+01 7.002570352189448499e+01 6.173787462485152133e+01 6.558691481703853299e+01 6.966954637853942245e+01 7.403412486492709377e+01 7.874843404144158399e+01 8.391273761247180119e+01 8.968676932959255055e+01 9.635461258979815113e+01 1.046511607071467438e+02 1.146604620236035714e+02 1.031160803605135783e+02 8.308849106827022979e+01 9.155314629141761884e+01 7.600845085537332579e+01 9.600137023594356833e+01 1.000035361286300883e+02 7.998977832348100492e+01 8.258471682217481202e+01 7.629629954956284621e+01 9.629125408308891565e+01 1.152930419401003519e+02 1.087990026040920668e+02
4.163169627051843593e-04 1.319177263754280682e+00 2.640814464664463124e+00 2.264091647721631873e+01 2.588483646512052516e+01 7.849162529910461039e+00 2.785089997128932637e+01 1.192547141659892773e+01 1.341243117683527863e+01 1.491635378782044086e+01 3.492190525474369167e+01 4.573513032733545458e+01 5.417664535646488844e+01 6.246599666907744819e+01 7.114392064391830672e+01 6.285229282106374882e+01 6.827557182718119577e+01 6.862801929906886755e+01 7.692190087416263111e+01 7.829825671031299805e+01 7.955139865634370722e+01 8.785000790743544030e+01 9.248974941782843473e+01 9.295260323125287982e+01 1.012579917135351053e+02 1.057173789878037695e+02 8.568612900796607335e+01 7.159411067938516737e+01 6.899271114127469673e+01 8.893280580108495315e+01 9.120225226770224936e+01 8.291929087811968202e+01 6.851242486189096326e+01 8.844858767233127139e+01 1.045830083000140149e+02 1.027746612430896676e+02 8.840964110867351167e+01
5.883922493566802643e-03 2.000266866390954590e+01 2.264058141447576489e+01 2.264091632966486856e+01 3.597627321920666077e+01 2.405778559163530161e+01 9.834375978824233755e+00 2.983972553294345076e+01 3.341819116783121046e+01 3.492190525474369167e+01 1.744787326804761207e+01 3.745228528961149550e+01 3.417692653208040809e+01 5.417664535644422585e+01 5.959676526067888602e+01 4.285928199578135889e+01 4.827969680610868863e+01 4.863263937307879559e+01 6.056346557633253269e+01 5.829512712798230467e+01 5.954653706986279360e+01 7.247324936305685128e+01 7.247324936305685128e+01 7.293721270125027445e+01 9.295260323125287982e+01 1.076158447432397196e+02 9.415947014393299241e+01 7.418498230404520655e+01 6.271057694262231053e+01 7.699392416067573208e+01 7.786044900170072935e+01 6.300261075290563184e+01 8.291929087811968202e+01 8.477428185165037178e+01 1.047973897036341100e+02 9.373235026115871449e+01 7.418036322863436283e+01
1.256007409845548732e-03 1.000125591057838648e+01 3.000020791196724446e+01 4.264179268234125431e+01 4.846797128046756598e+01 2.798728871484993874e+01 1.506221060058032180e+01 2.616901807901518850e+01 4.616344900071713653e+01 4.572562765665114171e+01 3.744877261968243687e+01 2.003190442356819290e+01 4.003470855391812222e+01 4.526195956060811909e+01 4.749720872471515065e+01 3.131842569791235320e+01 3.414622638429922574e+01 3.709392466367793872e+01 4.057362708404457408e+01 4.416317022529705127e+01 4.800846372465140632e+01 5.247536503481649106e+01 5.879395335032331360e+01 6.773696375596747998e+01 7.928890298831447581e+01 9.930673271662215029e+01 1.024481598065068368e+02 9.090976590805018986e+01 7.699392416067573208e+01 5.705720111206299094e+01 5.792795122175876088e+01 7.786044887989525876e+01 9.120219561198658198e+01 1.047973866367037914e+02 1.017281541137656546e+02 8.534730287640887525e+01 6.554858396908950624e+01
9.594114293757748102e-03 2.000959392033156448e+01 3.000040452582204153e+01 4.999455863934230138e+01 5.691536284770002396e+01 4.155460108319088874e+01 2.125960757396007494e+01 4.155301828827674626e+01 5.441166671482965000e+01 5.755498837479294139e+01 4.370834511839931480e+01 2.381407630379634455e+01 2.308410451740741465e+01 2.526758838963362308e+01 2.750453180381389728e+01 4.749720872471510802e+01 5.413635300402212636e+01 5.708368131624970232e+01 4.708661890120415450e+01 6.415390801552635480e+01 5.954653706986341177e+01 7.247324936305685128e+01 6.511869085175112559e+01 8.512868415841802516e+01 9.605141919772204062e+01 9.445482965978453649e+01 8.618395691521871527e+01 8.618395192728803522e+01 7.322623765037587873e+01 5.324606358250583327e+01 7.322623753915453904e+01 7.419595061419072124e+01 8.830216912067943724e+01 1.083211108430373599e+02 9.339402172520986767e+01 7.338420376647566457e+01 7.600005746906889215e+01
7.711341127313004785e-03 2.000771134112695648e+01 3.373796444625511270e+01 4.202226488981485630e+01 5.356931353573111210e+01 4.868350476835377805e+01 2.852129033013061132e+01 4.868350476835377805e+01 6.338161182124008519e+01 4.351143687184576692e+01 2.946942855573631803e+01 4.371587951193881594e+01 4.308039487733359607e+01 3.940598873258292656e+01 4.749720872367862512e+01 3.367578908337626586e+01 5.366639612420165406e+01 6.902476559899271535e+01 5.463989907079896824e+01 7.464007081623805107e+01 7.955139896333706417e+01 8.785004002739728435e+01 7.926498494672414097e+01 9.343032047602618206e+01 9.924522284424146790e+01 8.618395707824177521e+01 6.623534713025034648e+01 6.623534712769418320e+01 6.749016885927150611e+01 5.078700985736114148e+01 6.082935790141719679e+01 7.492538969852034825e+01 9.490476307766049047e+01 8.985768084747729745e+01 9.118949002051479624e+01 7.120074606354323521e+01 5.719848432438352859e+01
2.297228869525369630e-04 6.666896389553647495e+00 1.373796420141918517e+01 2.528496958521546389e+01 4.528497055182221942e+01 5.699978878123680914e+01 4.020788195574630919e+01 5.699978878123680914e+01 6.189649173189229714e+01 4.203198063174095012e+01 4.933312604522683387e+01 3.674260841660667154e+01 5.657482915413903157e+01 5.939952375584499578e+01 5.366646800753071744e+01 5.366646800773202841e+01 4.074309498999478762e+01 5.228208198307886789e+01 7.228061789064007314e+01 6.728535155871975348e+01 8.143150632177675163e+01 1.014533153987819674e+02 9.928491960635061275e+01 1.051063793954404559e+02 8.511671125346707356e+01 7.102002789946290306e+01 6.105536399962717553e+01 5.207850041977344091e+01 4.742820728914885109e+01 6.456419142586285886e+01 7.284444548748621173e+01 8.905694868428170707e+01 8.400678025751672351e+01 6.987254957759881790e+01 8.400678025830055162e+01 7.982647916855431447e+01 5.987357831062781344e+01
9.647730019007896146e-03 2.000964773001865282e+01 3.373796444625511270e+01 4.202226488981485630e+01 5.124172477935844938e+01 5.952592047605666892e+01 6.026142084327053539e+01 6.858449085249682753e+01 7.019408287155141579e+01 5.604620517223857945e+01 6.485962355342569197e+01 4.559182502739404441e+01 4.731733214920530628e+01 6.720550436642216141e+01 7.366733774907505961e+01 6.676298657662448477e+01 4.676876492656832340e+01 6.676291545633682745e+01 8.057560358538148648e+01 8.729573741700922085e+01 9.559569337700870051e+01 9.592574911966008244e+01 8.775091441770904055e+01 9.592653244432834470e+01 9.511902394026439822e+01 7.515510189621814163e+01 6.364882265930710759e+01 7.156910022148025519e+01 5.836342855618308789e+01 4.448064736583940260e+01 6.172395321894562414e+01 7.000819912239754217e+01 7.506430043530771457e+01 5.572820477182730770e+01 7.506430043530771457e+01 7.756359710535363661e+01 5.755289020007302270e+01
3.582433992925927561e-03 2.000358243399256963e+01 2.956657072446224888e+01 3.491179531294924487e+01 3.124172741518743379e+01 4.954215095310836858e+01 5.782631043195749498e+01 6.937323723316220025e+01 8.149886254811845276e+01 7.602065802009380491e+01 7.377050437181708276e+01 5.700836161840940264e+01 6.720550436642216141e+01 6.133823744536400824e+01 8.137033974130373792e+01 7.505639465316687620e+01 5.830852532123269327e+01 6.090350247256360916e+01 8.090903248604693943e+01 8.815115934385430307e+01 7.992222465432841716e+01 8.113094229758291931e+01 6.757198542724027845e+01 8.590148569322985850e+01 1.033911102983200720e+02 9.186380813863866024e+01 8.359284817405355739e+01 8.482630445370288896e+01 7.246121519868830774e+01 6.172395321894564546e+01 4.165501139111323425e+01 5.912220065552732251e+01 5.733916232546931724e+01 4.674987917281138294e+01 6.678274645237092955e+01 6.653432808361648654e+01 5.824891315637503197e+01
1.813270376062421294e-03 4.715858478286359734e+00 9.566570979012977816e+00 1.491179581726141912e+01 2.198286362912676850e+01 2.954215308931118145e+01 4.108915847294303347e+01 6.108915341901297325e+01 6.133664047755439697e+01 7.556757924347952837e+01 7.573659952362636716e+01 7.700578243150468438e+01 8.533467227080713258e+01 8.137033974130373792e+01 8.969928695682558839e+01 8.661071534796282378e+01 7.831199542680086267e+01 8.090903239040019912e+01 8.920927744903447376e+01 7.651778267374406539e+01 5.965857554007418173e+01 6.088755122653442697e+01 5.737283160461693399e+01 7.766144799742301075e+01 9.677637604771996394e+01 1.059576088169287260e+02 9.440943262175353823e+01 8.547693574933362015e+01 6.904150423484196608e+01 4.900156544932327307e+01 5.912220065438712879e+01 3.910789472712251325e+01 3.739039401589158018e+01 5.492885974796696047e+01 6.321003735946514723e+01 5.537146817245508146e+01 3.820978600865945651e+01
2.372884694381488524e-03 2.000237288469402586e+01 2.956657072446224888e+01 3.491179531294648086e+01 3.930898607254129473e+01 4.759068012150877536e+01 5.782631043195699760e+01 6.537720879431576293e+01 4.674485905385291318e+01 6.524314242940657493e+01 5.630624663590085532e+01 6.231990949427584781e+01 7.073593353035984421e+01 8.308161174694963336e+01 8.820961934307842967e+01 8.829844988726227939e+01 9.648270054837678344e+01 8.636035222010286816e+01 7.472806191121964048e+01 6.642910301215248126e+01 4.790620606452666408e+01 4.649812509586929110e+01 5.666863135887912506e+01 6.844267563786441144e+01 8.860628348377628072e+01 9.767149777537451882e+01 7.767046967899406695e+01 6.616239731257618928e+01 5.722042295545537627e+01 6.904150423484196608e+01 6.736927718386245090e+01 5.065721150692981212e+01 5.492886398433726214e+01 3.511158467283967610e+01 5.257573421309752604e+01 3.525787528215860789e+01 5.537146817245508146e+01
8.175220331382775790e-03 2.000817522033102591e+01 2.383136101020578579e+01 2.578295108786937462e+01 1.931075408935055293e+01 3.588613484767124362e+01 4.900194195498317384e+01 5.693842545969755520e+01 3.610573764760831494e+01 4.741537048249012543e+01 4.233317040044682500e+01 4.234164614160536644e+01 5.383209085762030099e+01 7.418901142645523805e+01 6.839536948749639578e+01 6.839989605188023347e+01 8.829844988283885243e+01 7.812489739399667599e+01 5.786718741590402004e+01 4.613412515637826061e+01 3.885808724103805645e+01 5.913701809020643907e+01 7.424386902398263999e+01 6.594672621147668679e+01 7.424386902398273946e+01 8.425940637743237005e+01 9.351326546763235115e+01 7.352981190571668435e+01 7.719684395920977238e+01 8.547693574933362015e+01 7.885564952954162266e+01 7.065212851175724040e+01 6.321381728646337450e+01 5.257698514076845697e+01 3.299677947646944887e+01 3.332888976728423813e+01 5.417190589353376140e+01
9.124702163186202558e-03 1.916049880654368875e+00 3.831702451096667517e+00 5.783502596993725930e+00 7.763797682947066292e+00 2.180667655526304571e+01 3.857155854633065672e+01 5.023068271722792844e+01 2.898291434463147453e+01 2.770677581590437200e+01 3.100573685022686377e+01 5.076029796364976221e+01 6.073827618853392352e+01 6.531531804259923035e+01 5.427326930036529262e+01 6.839989605184079835e+01 8.829844966940679285e+01 7.753404015327912191e+01 6.744545752837412067e+01 5.471179202649245354e+01 3.447574488768152889e+01 5.471179202649245354e+01 6.413615625064477399e+01 4.565494004673082884e+01 5.580083312910378623e+01 7.128684851461521532e+01 8.138274849359916630e+01 9.351326546763235115e+01 8.696404199574740801e+01 7.871270434638442737e+01 7.652615853146093627e+01 7.225778061007439135e+01 6.403371584302938402e+01 5.132052430594466585e+01 3.156622547680396806e+01 5.132052445313668443e+01 5.643604489878525499e+01
2.239863785106879172e-03 2.000223806560882167e+01 1.797377106795967805e+01 2.578295107479289072e+01 2.776300453951235525e+01 1.068109751323109613e+01 3.068036666460361062e+01 3.941991623192573257e+01 2.311296690410730648e+01 2.913823156022865746e+01 4.912645787606130909e+01 3.662620004530857187e+01 4.080789919040086033e+01 4.535039804844191735e+01 6.531531804259923035e+01 8.244129687839783571e+01 8.352515342597875758e+01 6.336483568990033888e+01 4.899923578518125566e+01 3.888752825832633420e+01 3.082098413146121274e+01 5.099666434581043717e+01 4.864631807011129894e+01 3.556480867186739658e+01 4.268407966596662817e+01 5.282723146988877971e+01 7.312201614483009848e+01 8.767925073129798363e+01 7.777475900638175688e+01 5.888690344858289194e+01 5.671723834941290932e+01 5.736150913995965794e+01 4.419537092057162653e+01 4.837259114343778776e+01 3.034145578458373649e+01 5.008103122368093807e+01 6.523795948435304126e+01
1.766589122093755728e-03 2.000176658912173977e+01 3.797281275155425817e+01 4.432204814380260416e+01 2.432477045597506660e+01 1.277766718750737773e+01 3.277663475579993957e+01 1.942821220863188358e+01 3.356557071560761329e+01 4.912645787606130909e+01 3.913123203088953517e+01 5.649171856960396099e+01 6.073827618853392352e+01 5.946740974491691389e+01 5.946741049052891270e+01 7.943344525106562060e+01 7.917027762664085344e+01 6.750726100363472426e+01 5.917340170383821629e+01 4.748999669760954845e+01 2.728293927300070010e+01 4.287208917898613691e+01 2.850374401900222310e+01 4.864631807011129894e+01 6.297462380726931741e+01 7.128684851461517269e+01 8.138274827952830037e+01 7.942372426614446113e+01 5.966511740021705634e+01 4.969051666771703424e+01 4.256593996960175730e+01 3.741788601605859554e+01 3.280125118878467561e+01 2.862395881041879164e+01 4.835480951148249318e+01 3.865684116260853642e+01 4.524282680814926039e+01
