LEM/sinusoidal_perturbations/elevation_000636.asc
nrows	100
cellsize	150.0
xllcorner	0
ncols	100
yllcorner	0
NODATA_value	-9999
[rows 51 to 67 of 100, columns 0 to 36 of 100]
6.455108993161302530e-03 2.000645510899280666e+01 2.318220559604511166e+01 1.633491414889452287e+01 2.643254202140431985e+01 1.625865527624194939e+01 3.243885240087423938e+01 1.912479454090968289e+01 3.910557390999024108e+01 4.899989993476046379e+01 2.900703043689027183e+01 4.899989993476047800e+01 6.325749959136350498e+01 6.071336517270928113e+01 4.657028428244917251e+01 3.845568125725144881e+01 5.846251646378985356e+01 6.673404532505300324e+01 6.087455977476767544e+01 8.088009521835587634e+01 9.102894864958769006e+01 9.577505973155236063e+01 8.755611781364011392e+01 7.324985172056005922e+01 7.582221966787588485e+01 9.564220080777548105e+01 9.360205848986832677e+01 7.341427877004147717e+01 7.040166767169372974e+01 5.072057701702839694e+01 4.340867432746448173e+01 3.999372206528083495e+01 3.919261105089573505e+01 5.541255858770730924e+01 5.779480911363164353e+01 4.479923998056317913e+01 4.549288611335711607e+01
3.995603441288198172e-03 1.414613123985811249e+01 3.414613732851987038e+01 3.045798373499450307e+01 3.604556557956037466e+01 3.044666431533882900e+01 4.435170956931118980e+01 2.806877721238845780e+01 2.765257894696325991e+01 4.764389504866947078e+01 4.899996051917587181e+01 3.843494228085599929e+01 5.842190519270344851e+01 7.485631267614117235e+01 6.293657862994063379e+01 4.292798105017884325e+01 6.293657858621009638e+01 7.938380891000592499e+01 8.088009521835587634e+01 8.915333477347290625e+01 1.015694060505939831e+02 8.175162377245059986e+01 6.771978273529774128e+01 6.177683875472182251e+01 8.162735774076303130e+01 9.468247194580632708e+01 1.020467451043472238e+02 8.454029139581992069e+01 6.454525797187056924e+01 7.040166672740834031e+01 6.292142188764628230e+01 5.460528183259845747e+01 3.540666135478186760e+01 3.616974158873163958e+01 3.844131378589738546e+01 4.124747954665580352e+01 6.069367694185757500e+01
4.804567899273937473e-03 1.414694019163034966e+01 3.414694019163105310e+01 5.026591007917905785e+01 5.525187981541111526e+01 5.093019275382453515e+01 5.612351293667472163e+01 3.961029640388564843e+01 3.431855407727690022e+01 5.422503545890737797e+01 6.667503259412806926e+01 4.737861948241607735e+01 6.667503259412806926e+01 7.708346667893302140e+01 5.707674657140385222e+01 6.293657922159788853e+01 5.109509060961917726e+01 6.265095339154365917e+01 8.265580441492897990e+01 9.230769002772602505e+01 8.408744293537115766e+01 8.408744293537115766e+01 7.501051807874927135e+01 5.514857047968818193e+01 6.662590459631728379e+01 8.646411309666493139e+01 1.011163827236255486e+02 9.296241051374533981e+01 8.454029139581992069e+01 7.514776871565416627e+01 5.675534892109427432e+01 4.395211827811871785e+01 3.304539119965983929e+01 5.214763044861447838e+01 5.779480911363164353e+01 6.069367694185757500e+01 6.894899697058356480e+01
9.707512844716031236e-03 2.000970751281179005e+01 3.089272693687846427e+01 3.721728227793568067e+01 4.550156032335043932e+01 5.444583411198177458e+01 6.751607130201951179e+01 5.946918618999936257e+01 4.585089223741773168e+01 4.843289049711088268e+01 6.820851377844606134e+01 5.892231909979598470e+01 7.559914695149012687e+01 8.535847760879589430e+01 7.708346667893302140e+01 7.938390357656662388e+01 6.004569536307268862e+01 7.938390357656662388e+01 9.092793158231037864e+01 8.408744293537115766e+01 6.424547373672936601e+01 6.424547373672936601e+01 7.045387480708642158e+01 5.059597600925221883e+01 6.464190035312093130e+01 8.448522235801587499e+01 8.129173785457618351e+01 9.531946774459953531e+01 8.161382983916024614e+01 6.993374450672412479e+01 4.392596789747446451e+01 5.048113991012431967e+01 3.145839504908745354e+01 4.476826983485346290e+01 6.427322832591839585e+01 7.421309690208146037e+01 7.155970506174212176e+01
5.001202446392439237e-04 5.345724958493149437e+00 1.089272692074548843e+01 1.721728224108235850e+01 2.616155415108167404e+01 4.030368977494030958e+01 6.030369022201064411e+01 7.357141103653309244e+01 6.547861814698597982e+01 6.820851377844606134e+01 7.626460268367378603e+01 7.887688500025755900e+01 8.710445627480616793e+01 8.081353813657484864e+01 8.910169235843574143e+01 8.832734713597874077e+01 7.419947990770029378e+01 8.832734713597874077e+01 8.906903245394165936e+01 8.690108552542454845e+01 7.005705196291694392e+01 5.020851320140327800e+01 6.070036105963082917e+01 4.646877527033390010e+01 6.631321668459112573e+01 7.455306095686370327e+01 6.726256917915141287e+01 8.709824190210564154e+01 7.325078760111740905e+01 5.349078152001397513e+01 4.242075998801637837e+01 3.565236293319306782e+01 2.986978802359523399e+01 4.663587196952430958e+01 5.426166908956330559e+01 5.530436652757476423e+01 5.202714375218639731e+01
5.279685921607564676e-03 2.000527968592125205e+01 3.089272693688061722e+01 3.721728227751277274e+01 4.550156029754495535e+01 5.444584395556400835e+01 6.553204079202745902e+01 7.381633394650125979e+01 7.284106231926456587e+01 6.441196433087263529e+01 6.690116937493674243e+01 7.524319050827020305e+01 7.754563820752976255e+01 6.079525624874462153e+01 7.754563820752976255e+01 8.938858705619114176e+01 9.418796390030315990e+01 8.906903245394165936e+01 6.923599071205863709e+01 6.706580149718799078e+01 7.827658178226880636e+01 6.070036105960718231e+01 4.088786946522113652e+01 6.070036105963082917e+01 6.463019156677535193e+01 5.470732217668690112e+01 7.455306095686370327e+01 7.210749318100529592e+01 8.032603515225480351e+01 7.013264344023623664e+01 6.184234277100367905e+01 5.493931397678704798e+01 4.663586703603956352e+01 2.767184383501852096e+01 3.783958581326995585e+01 4.788143105830828006e+01 3.859474997099624716e+01
5.738623160518319517e-06 1.414214136235423602e+01 3.414214136235494124e+01 4.664305491904534051e+01 5.489323107172956639e+01 5.137288521964339338e+01 4.550797095310495166e+01 6.553204079202745902e+01 6.103072739505169864e+01 4.421936544872504982e+01 4.681869004285441349e+01 6.690116012162609138e+01 6.816096892570142529e+01 4.923873225999903269e+01 6.108397392855258090e+01 7.693955469416704318e+01 8.694766223622029599e+01 8.432954193271328336e+01 6.449042370298919025e+01 5.302438046758408063e+01 6.351755111127103248e+01 5.748635052154433112e+01 3.770337846435162987e+01 5.617701301336278163e+01 4.480573061301149806e+01 6.463019156677535193e+01 6.887503901614491042e+01 5.227693757220384185e+01 6.887503901614491042e+01 7.001611143211145816e+01 6.170655661068114028e+01 5.876651906747873966e+01 3.944652908074531439e+01 2.610765284268727626e+01 4.295820476897683449e+01 3.062503528949999776e+01 4.958108324934993050e+01
4.532054705376768917e-03 2.000453205470502027e+01 3.251100016995454212e+01 2.665731142868201431e+01 4.664305491904534051e+01 3.126447294421987522e+01 5.137288522197236773e+01 5.012646509713385967e+01 5.270069936192613369e+01 3.263385326767542693e+01 5.270069624143064857e+01 6.229653427810919197e+01 4.814379668684978242e+01 4.106658036967769476e+01 4.863260129809681587e+01 5.864045939689972187e+01 7.865902449088470405e+01 9.254334577081152702e+01 7.344277801055666544e+01 5.359228981358272392e+01 4.368910566993981348e+01 3.860731573854908305e+01 3.460383150067735158e+01 3.640683079571292069e+01 5.617701301336278163e+01 6.348715231952790816e+01 5.527343430251548284e+01 4.085817338323474246e+01 6.065831656208393952e+01 6.170655661068114028e+01 4.227610625470972394e+01 4.796715340246517911e+01 4.902779217950710233e+01 4.093784695190434775e+01 2.385980710267399729e+01 3.731599155290875558e+01 4.958108324898092434e+01
9.001595176218036079e-03 2.000900159517586374e+01 1.251454381524633952e+01 3.251100016994687536e+01 3.469226111543594016e+01 2.351400220619340331e+01 4.135606711238931155e+01 3.001605125917492956e+01 3.842327053120452263e+01 2.652511429441240765e+01 4.418167815301408297e+01 4.796974100053598278e+01 3.398424956597642677e+01 4.814379721084111452e+01 6.816117598724017057e+01 7.693955469416704318e+01 8.694766223622029599e+01 9.327316017872536236e+01 7.344277801055666544e+01 6.318960593925658742e+01 4.916299890986761056e+01 5.839818156726754950e+01 5.089320956103430404e+01 3.114784307022061327e+01 4.789942482168289928e+01 4.585765837513906007e+01 3.546766494171495765e+01 3.336991052693971938e+01 5.317456558382546206e+01 6.173693994700026622e+01 4.227699238425708472e+01 2.878683014688152042e+01 3.892117336505511815e+01 2.161771874768960799e+01 2.966895617590299139e+01 4.830898179563593686e+01 6.480940183938332666e+01
5.674351268809080251e-03 1.823856169386556703e+00 2.178581060015437387e+01 2.640275831509134719e+01 1.687072634615324418e+01 3.041620087748443169e+01 1.335904775366544683e+01 1.565113695550804174e+01 1.813364698935578190e+01 2.108005163956686800e+01 2.407804332418886872e+01 2.792521255513608835e+01 3.795949950964837427e+01 4.951957748605845921e+01 6.367439868308679962e+01 8.369094966540541236e+01 9.395090266345870589e+01 8.808929789915374897e+01 9.114703084880618178e+01 7.718454097979895323e+01 6.061541859148261580e+01 6.232598908093807921e+01 4.252383408073940529e+01 4.789942482168289928e+01 2.810385926146279800e+01 2.597192467080654055e+01 2.384345236294572956e+01 4.114221138005567724e+01 4.934435865496301687e+01 6.264175577604937217e+01 5.594336338054392854e+01 3.892031139471171741e+01 1.917782258146910124e+01 3.891313081642146443e+01 4.733728791115691337e+01 5.949149990826782641e+01 5.546921107585490773e+01
9.518805923843161668e-03 2.000951880592137044e+01 4.496468531614545405e+00 6.403393573059509514e+00 8.336866103926032778e+00 1.033345150201092899e+01 1.412099998243091825e+01 3.277371004016479361e+01 3.841691063122969041e+01 4.127993689984537440e+01 4.418168161480870992e+01 3.100187695355540995e+01 4.083284475903822397e+01 5.199629784041655967e+01 6.587707141181371640e+01 8.608218139488027987e+01 7.394716695275168661e+01 6.808930451389571203e+01 8.223353576125039410e+01 8.861554452488226730e+01 8.043304477451692946e+01 7.054431843798496971e+01 5.394216388100433335e+01 5.609389881875745942e+01 3.953633700542290796e+01 4.585765837513906007e+01 4.114242655409142913e+01 2.104425221709620786e+01 3.527764957442087734e+01 4.756601742321812765e+01 3.928555068502394221e+01 3.554856476823417921e+01 1.733945914151318135e+01 3.674397262817385013e+01 4.833485610658152609e+01 4.096911741762384906e+01 3.587496064334576573e+01
9.062254805971973678e-03 2.000906225480561673e+01 2.452161371987726923e+01 2.640900735978379288e+01 1.940849577567578521e+01 2.938703754755332653e+01 2.699248095646622758e+01 2.015134837427165948e+01 2.578857707758606566e+01 4.567227832228071804e+01 5.883131565414187492e+01 5.059853171687876738e+01 3.981341767176119362e+01 5.097139922315420790e+01 7.073356262612576018e+01 8.467408073372483557e+01 7.394716695275168661e+01 5.399633062933451555e+01 7.237577478061160718e+01 7.465067207399447113e+01 8.050784110828683993e+01 8.199811080846600930e+01 7.377850728493581300e+01 6.750222162934507253e+01 5.931634726120071832e+01 5.320213706622406136e+01 3.927685125375963793e+01 1.921275234346872196e+01 3.927685125334135563e+01 3.785258953265473991e+01 2.419158647840916387e+01 1.491729465116891973e+01 3.346338509888413881e+01 3.561626036865185085e+01 3.613751609496797101e+01 1.625841406423648294e+01 3.721161738284217790e+01
3.063233560239582431e-03 2.000306323355988525e+01 3.282910979387804673e+01 4.074531095388444157e+01 3.966516658620905389e+01 4.549334928261703936e+01 4.673082754516723014e+01 2.971268669682299546e+01 4.567227832214551597e+01 3.567354912016792667e+01 5.567100752439349520e+01 6.762662364474461185e+01 4.946956963865859791e+01 6.762662364474461185e+01 7.911702880595009901e+01 7.638706281081687166e+01 5.642585642053902717e+01 4.650067701805721043e+01 5.244127937511658644e+01 5.470555147621206515e+01 6.054734204771903450e+01 6.567727467568792576e+01 5.740617104783270719e+01 6.567727433628473932e+01 5.643697020043208568e+01 3.659913551292324030e+01 2.502049347336757634e+01 1.747683437559503261e+01 3.492495313067717433e+01 1.833082495646023347e+01 1.440387894240600808e+01 1.660707029064728957e+01 1.542236141845449282e+01 1.576065571744828020e+01 1.608216790726059031e+01 1.639877800234094707e+01 3.281838657399888604e+01
5.666595628964066558e-03 6.329759013572803461e+00 1.299148621776947188e+01 2.225825627102362247e+01 3.538410149498501056e+01 5.465071279454448216e+01 5.792748140255557132e+01 4.964154689404072229e+01 5.792748137140057452e+01 4.981037606599550571e+01 4.981037606599550571e+01 6.981982347532830602e+01 6.327442334670645607e+01 7.755704622508478963e+01 9.038854531056945518e+01 8.467408073372483557e+01 6.978284506405920240e+01 4.985926006192382687e+01 3.841828673088028268e+01 4.067330133512966484e+01 5.991943307673824393e+01 5.572530160652224396e+01 3.752884432673887716e+01 5.572530160627076157e+01 6.465651376135262751e+01 5.320213241121842884e+01 4.498336115060060791e+01 3.493364877770603272e+01 1.509959678113236770e+01 1.388306259687998789e+01 3.362274631724430662e+01 3.753806258809784424e+01 3.540997007822934961e+01 2.379716776959767088e+01 3.006573632689514497e+01 3.634891207930732548e+01 1.687256113667609725e+01
2.110006612196471242e-03 2.000211000661184002e+01 3.282910979387804673e+01 4.075750445828461466e+01 4.910022699486307829e+01 4.979478655136222898e+01 5.807803890569933003e+01 5.904966712423802022e+01 6.733240866122135060e+01 6.981982347532830602e+01 6.981982347532830602e+01 7.810498877173689891e+01 8.343109194372421200e+01 8.451777624630321384e+01 7.034641945027790655e+01 8.451777624630321384e+01 7.806522006883368192e+01 6.054734204771902739e+01 4.067330133512966484e+01 3.180512014909719554e+01 4.661640850414876525e+01 4.347237165028367656e+01 2.757608391556319205e+01 4.746736066815360999e+01 5.883523900784339844e+01 5.434187664046624633e+01 4.108101905239269058e+01 3.288392487974869027e+01 1.336337702390238746e+01 3.340083579941734371e+01 2.146149721362618834e+01 4.096165546780483169e+01 5.123124909019434625e+01 3.383310088733170318e+01 4.916148652970957045e+01 4.374961515364299913e+01 3.498156135610430795e+01
9.367352646185668139e-03 2.000936735264583177e+01 3.868265939213768689e+01 3.039886203522865316e+01 3.424785622113189021e+01 2.979490095921807224e+01 4.271997049567297466e+01 3.904995492813019098e+01 5.383864191220288120e+01 6.050524997790100912e+01 6.878812314250058080e+01 7.878726242106671407e+01 8.851853726019294299e+01 7.557784809854909724e+01 5.624724118114978921e+01 7.557784809854909724e+01 7.683794472351401339e+01 5.688611264445606963e+01 5.991943307673824393e+01 4.661640850414876525e+01 2.673184162422809962e+01 2.355250963969617573e+01 2.049420421566181716e+01 3.069385545258827719e+01 4.476531492239383425e+01 4.042519062528964469e+01 2.654519447645587604e+01 1.285530885857007277e+01 2.048171450061717991e+01 3.977845033054088475e+01 2.718346248311762281e+01 4.667137290371176306e+01 6.137035452673789138e+01 5.359998843526511791e+01 6.199991895781284512e+01 4.467825178505479045e+01 2.571861763753187091e+01
3.648181865326004768e-03 2.000364818186497118e+01 2.523491604058217774e+01 1.039889383445038185e+01 1.424789562904785356e+01 1.824789562904778251e+01 2.272003158404728396e+01 2.806525642229567907e+01 3.383875911419141147e+01 4.050542578080665379e+01 5.050542566145524859e+01 7.050507429434678386e+01 8.005408875411248459e+01 6.025625955240953857e+01 4.740281186932017476e+01 6.422854792387498435e+01 7.251247865552687699e+01 7.683794472351401339e+01 6.067636584771556585e+01 4.079261329422372739e+01 4.079260081759168344e+01 4.347237165028367656e+01 3.652397146629622426e+01 1.652776714711473005e+01 3.284219233061457999e+01 3.179942081429661371e+01 1.235003138377222243e+01 3.191362862684310286e+01 3.938399807237718164e+01 5.104067953873159524e+01 4.667162878640484536e+01 3.640477803121688538e+01 4.767503797551777467e+01 6.701766246076407185e+01 6.261907171253977822e+01 4.365220737174504961e+01 4.020573389102323603e+01
