LEM/sinusoidal_perturbations/elevation_000157.asc
nrows	100
cellsize	150.0
xllcorner	0
ncols	100
yllcorner	0
NODATA_value	-9999
[rows 17 to 33 of 100, columns 37 to 73 of 100]
4.727298348332082156e+01 5.173199071826993389e+01 3.175879060344930949e+01 3.723042397114530644e+01 1.788911382351847834e+01 2.712974469835972258e+01 3.729874116546812246e+01 5.546233528213831221e+01 6.678496761374917412e+01 6.807095874895335896e+01 6.807095874895134102e+01 7.634811036848556398e+01 8.434632120674559985e+01 7.956256495643242488e+01 5.965699541835182629e+01 5.749127975222437215e+01 5.602141611032808299e+01 7.585117850755017344e+01 6.288623058135809174e+01 7.674450018887748115e+01 7.672820783488577945e+01 9.181774636704713544e+01 9.199915959835067270e+01 8.354545024592862035e+01 7.612020784878031066e+01 5.610494391571617712e+01 4.230397804258154792e+01 5.354011030426986650e+01 7.347900624436699957e+01 7.631472477558602918e+01 5.603149319094039527e+01 4.456608668350509816e+01 6.460374833367468739e+01 6.423246652646085408e+01 7.052069922837360139e+01 6.527956127039590228e+01 4.534464737504882237e+01
2.931063175240600671e+01 3.565690772547090148e+01 3.659565857729186433e+01 1.729921310212150942e+01 3.722984622653450515e+01 4.399775117581890527e+01 5.312988835220440365e+01 6.516937473645678836e+01 6.223752452170637639e+01 4.812693867128779601e+01 4.812693867128779601e+01 6.807095874895232157e+01 7.572289671501037844e+01 6.744374304555437050e+01 6.330973548716606558e+01 4.409151139823563881e+01 6.119247473325094688e+01 6.483587278863198833e+01 5.170296047334872469e+01 5.674851580641943372e+01 6.325219082822696492e+01 7.754860331491178727e+01 9.783643829331398933e+01 9.154377456963091220e+01 7.109692141745529170e+01 5.700331844925644020e+01 4.587066202020238137e+01 6.549128631837152170e+01 8.192824488482548873e+01 8.483559567133468704e+01 6.853985277723226943e+01 4.847187728289437558e+01 6.853985277723235470e+01 8.115040983002103303e+01 6.896592026869302572e+01 4.894857816397583150e+01 5.936276775330092192e+01
1.600210410542860728e+01 1.631196230356067289e+01 1.671900009310997604e+01 3.660174849537502695e+01 4.550089285232184011e+01 5.581575231229534495e+01 5.466105430599043302e+01 5.262992324671396460e+01 4.456973523643249990e+01 3.395210732718165048e+01 5.396840687820957783e+01 6.496480138293100026e+01 6.744374307232422439e+01 4.801189807105322416e+01 5.370335357655977049e+01 3.872459349921073368e+01 4.209051204868617191e+01 4.555527874431439272e+01 6.483587278856228409e+01 7.674450018887621638e+01 8.349064516727807472e+01 7.754860119434269450e+01 9.783582828348360749e+01 9.001201891316634374e+01 6.957504054443978703e+01 5.809868104658872312e+01 5.003395663948819561e+01 6.385473086959704858e+01 8.417343317295802763e+01 8.727767016464015626e+01 6.673086234006306938e+01 5.256311298755501582e+01 7.274887534532156508e+01 7.280450850397393481e+01 5.267489666835921014e+01 6.896594204468551936e+01 7.731040159321115368e+01
3.584398139049204701e+01 3.506409820715534664e+01 1.691276635298934039e+01 3.662244417596501478e+01 4.485250485594979608e+01 3.421408073326107058e+01 3.378298154812581089e+01 4.003925740231485264e+01 2.126722660512454155e+01 4.456973458202366345e+01 5.262994482562290699e+01 4.633317300995975785e+01 4.933669221754648504e+01 4.996014145586074306e+01 3.461579953690701927e+01 5.370335363959517139e+01 6.119247473320071151e+01 5.899337401064532571e+01 5.751545219712227208e+01 7.151452503194759913e+01 9.171950122173169007e+01 9.783582734535090708e+01 1.060808264374078931e+02 9.849849802905401930e+01 8.668597937599047043e+01 7.453046826331512875e+01 5.448636025928115600e+01 6.853892093441881173e+01 8.899534367187467865e+01 9.201418785303823711e+01 7.136808304696899086e+01 5.707520881019141967e+01 7.741518619722083372e+01 8.115049402605744433e+01 7.280450850397393481e+01 5.660806747801209582e+01 7.685356362003952313e+01
3.888151921118360121e+01 1.891208043878653200e+01 3.622768741367625722e+01 1.751988008175623435e+01 3.664822456171184939e+01 1.897718916641265352e+01 1.953114950801084859e+01 2.007990103208251398e+01 2.062568665692338854e+01 4.063295132996247361e+01 3.174615474984880592e+01 4.109268566635003594e+01 2.806349446499759637e+01 3.073238126394583958e+01 4.996014153131091717e+01 6.186738211262348131e+01 7.489791459655188532e+01 7.894091257637812475e+01 7.743248540580631811e+01 8.576296897781965356e+01 8.962168444211027918e+01 8.130245167782094029e+01 8.962276736351503814e+01 9.999784466939135541e+01 7.941711693178906728e+01 6.502664159503996189e+01 6.853892093429128352e+01 6.701703894922130189e+01 8.745957580847235135e+01 9.427965077533724525e+01 7.362498404210143121e+01 6.281758528357971016e+01 8.333929290774098320e+01 9.124476170987307455e+01 7.089261217278030358e+01 7.685361876046437146e+01 6.089494823999149276e+01
2.110853709385934351e+01 3.888152116600404895e+01 4.271273654438205369e+01 2.214817061313068436e+01 1.821036783793717717e+01 3.175023449234256034e+01 3.897138232210052422e+01 4.006961580805157297e+01 3.845075207432832798e+01 2.139748569574731718e+01 2.195096656537685220e+01 2.443402705300794509e+01 4.037788683819947977e+01 4.783635019504328056e+01 5.457639707132592122e+01 4.554220600954423048e+01 6.022006152742526552e+01 7.333872103259083985e+01 6.755467196102014782e+01 6.873902034849663778e+01 7.699870918867905800e+01 6.145141030473277510e+01 7.966169428427829757e+01 9.377759578405738239e+01 9.394302775466282185e+01 7.674729110177042912e+01 8.899534316998975214e+01 8.143254042361112965e+01 9.594921400556931701e+01 1.028013228132875696e+02 8.987820323055659344e+01 6.920035319487219283e+01 8.987820323055659344e+01 9.949342034070114948e+01 9.124476170987237822e+01 8.455189246884634713e+01 6.414659176320674305e+01
4.102109661531715545e+01 3.726358296765012312e+01 5.225619632490583655e+01 3.541407589546601287e+01 3.861652338036862631e+01 2.692294702614318425e+01 4.386262662917592081e+01 4.660890422705753622e+01 2.648794917407950678e+01 4.141837311549696210e+01 4.025570438553240393e+01 2.275403872842900199e+01 3.456720821964717061e+01 4.383430003664080488e+01 4.176826117508767311e+01 2.977764352432037143e+01 5.106307520007601397e+01 5.379646132004832282e+01 4.810342790570616955e+01 4.928497254549868956e+01 6.160777710670268448e+01 5.183886236001628589e+01 6.554446733062022190e+01 8.383565273126674811e+01 9.539507632901916168e+01 9.733034354938335753e+01 1.058079195121169391e+02 1.020115317310953600e+02 1.090552205807096868e+02 1.172885622928021974e+02 9.842600718667212334e+01 7.838487280702955218e+01 9.842600718667212334e+01 1.046657223990614796e+02 8.440107345575145814e+01 6.988494637429855061e+01 7.133460674658554979e+01
4.503449074179584244e+01 5.575084119241372349e+01 6.297481356388620100e+01 5.929110703935793225e+01 5.505796363325730880e+01 3.739791145070339695e+01 4.067548339197031027e+01 5.042902992561881348e+01 3.025807392693947406e+01 5.042860977251416443e+01 5.319762302778983099e+01 4.466808953471664978e+01 2.355698643408386062e+01 2.412635558614025655e+01 2.469722498406962430e+01 2.527410043177931698e+01 4.533563475430572254e+01 4.895522685181262545e+01 3.442232238571325809e+01 3.824688542779179556e+01 4.237448111406521178e+01 4.866111662324123444e+01 5.582148766409990515e+01 6.708105096180386795e+01 8.707223842693549898e+01 1.001157509683888378e+02 1.047903656930786269e+02 1.056481666452084198e+02 8.881732263393438132e+01 1.056652273746824164e+02 1.076945367325578076e+02 9.309949795346601320e+01 1.076945367325677978e+02 9.664345518240411081e+01 7.620642814795772324e+01 9.033645171304652877e+01 9.178066606522128268e+01
4.670477228945006232e+01 5.790863485497058605e+01 6.677120721972725903e+01 7.356041486682936181e+01 6.842827051663076077e+01 5.690483787260768622e+01 5.169390056492397179e+01 5.447875958912292305e+01 3.427987738563684417e+01 5.447875916270567842e+01 6.214843766818287207e+01 3.963566353377609630e+01 3.938276832596224608e+01 4.418718763444687880e+01 2.953730211551730278e+01 4.535783270507601372e+01 2.609613024205395959e+01 2.939142703914216881e+01 4.895579799613461347e+01 5.750720159708025392e+01 5.333089739334648272e+01 6.808106885993991853e+01 7.553030879473008952e+01 8.383551756045565639e+01 8.449043055620576581e+01 7.998888048994515998e+01 8.462127645886144478e+01 8.720013438507400849e+01 7.703088945386618036e+01 9.145653211457761245e+01 1.116493268221124993e+02 1.138476905415684683e+02 1.108783319528323688e+02 9.074717616538296738e+01 8.810207875283624901e+01 8.462615428954913455e+01 1.049341664155724914e+02
2.994625745957949192e+01 4.924859433105675777e+01 4.754764829268966508e+01 6.677142399665376615e+01 8.065283136740056591e+01 7.837187478571286192e+01 7.041653288491026785e+01 5.880291745068659992e+01 3.858078976017986861e+01 5.880291738983107308e+01 7.070182678233203433e+01 6.214844026824338385e+01 6.166380557703770648e+01 5.459937745648198160e+01 3.457099067650903379e+01 4.836349877401911357e+01 2.668859310148735631e+01 3.531940940780464899e+01 4.637685951968465048e+01 6.388861549439120324e+01 7.291420537769030830e+01 8.120046361584405759e+01 8.483584668259619832e+01 7.654754501879308748e+01 6.450194375676377945e+01 6.588064409078765493e+01 7.035961012215281585e+01 6.697790954668116115e+01 8.125601884252628793e+01 1.015504987442052851e+02 1.066271468798925071e+02 1.148107341487059756e+02 1.189596559074093278e+02 1.108783319528323688e+02 1.025165099711716294e+02 1.049341664155724914e+02 9.434025028182502126e+01
5.005074282967371602e+01 3.340108385636782629e+01 5.351567169710544647e+01 5.284484679378069671e+01 6.439649976934271081e+01 8.377995920138930330e+01 7.622294762327300077e+01 5.681795188864761315e+01 4.320073161418839192e+01 5.747833929908262007e+01 7.801224436262651807e+01 7.894430551006982455e+01 6.228947530252945342e+01 4.246672502749625266e+01 5.459456624171784256e+01 4.756419946421145539e+01 2.728382832864646446e+01 4.710240060057331846e+01 4.824190408652280126e+01 5.964838304160605986e+01 7.697234775941298324e+01 8.019388558948772072e+01 7.330337663611105370e+01 5.658676048539476966e+01 5.040102409456382304e+01 5.444192803537698921e+01 5.890083540370897452e+01 7.301252570362547090e+01 9.326403441615076417e+01 9.251352034345529773e+01 8.666746481793079226e+01 1.066271468797594224e+02 1.114568954971440746e+02 1.196261121436551349e+02 1.223007932017040957e+02 1.224231650728796694e+02 1.034730737078242697e+02
5.654503313580523383e+01 3.645048872232040083e+01 4.013642546460023652e+01 6.032871661623462245e+01 7.719222985040212848e+01 9.040693657415278039e+01 8.284018534659264787e+01 6.073699177048962383e+01 4.906309520510974664e+01 6.917845252958306901e+01 8.460140421136081557e+01 6.521884309658211976e+01 5.137482820531912608e+01 6.228947530252945342e+01 6.402807469236647364e+01 4.815228400558898159e+01 2.788081196690636432e+01 4.813726799882286400e+01 5.775576616074534542e+01 6.625663319472118928e+01 6.827409693594776741e+01 6.022114068219956096e+01 6.022721176303302570e+01 4.496000240843236639e+01 6.502319061792830723e+01 7.433501666271156694e+01 7.894405527626571484e+01 8.728905974670483658e+01 9.251352034345529773e+01 7.244962552725158389e+01 9.251352034345529773e+01 9.886188483397010884e+01 9.154243507320364870e+01 1.056641424130552593e+02 1.254418385562543250e+02 1.311871141780927985e+02 1.175458426215329837e+02
5.964142037909141436e+01 3.957450023689906260e+01 5.964142037909141436e+01 4.871606175054907339e+01 6.900735622905934008e+01 8.844768314883374671e+01 9.243776368862971538e+01 7.616390674247803361e+01 5.548663698160620328e+01 7.615904931371703412e+01 8.311210692014357448e+01 6.469770470211382474e+01 5.487810014101134470e+01 7.096395264590070440e+01 4.913605329312213144e+01 3.398213480873224768e+01 2.847938896815740506e+01 4.876105891107905421e+01 3.797175656107877728e+01 5.674365834017472565e+01 4.802840090739049828e+01 5.585417484711432223e+01 4.007660155658118839e+01 6.022721176303302570e+01 7.330323036786259649e+01 7.893546903615171573e+01 7.065150998242805258e+01 7.350325780265457354e+01 7.643858318602804047e+01 6.533711167302720924e+01 8.541986230265690949e+01 7.882932056706810897e+01 9.886188483456260201e+01 1.088683278551518754e+02 1.170323768997978391e+02 1.284393710723324489e+02 1.368752467714043348e+02
5.438225267939034779e+01 4.281019576470362153e+01 6.285070486236083553e+01 6.900735622905934008e+01 5.947754425481199547e+01 7.122954901119013016e+01 9.194419282082523637e+01 8.540508915565820303e+01 6.537368411106156429e+01 8.485614810853054735e+01 8.798396640404951086e+01 8.256723909010855778e+01 8.501815049284159898e+01 7.214321051982966537e+01 5.177747229067276180e+01 4.989471119594730197e+01 2.989012766993633718e+01 2.940518990678138422e+01 3.006067448612191839e+01 5.036101806891692689e+01 3.361794395728018259e+01 3.551428328316703187e+01 3.791720267123660193e+01 5.825133554685264414e+01 6.419093412370560259e+01 6.672517256681817344e+01 5.043945106298999548e+01 5.333835558268263100e+01 5.631500621783046512e+01 6.240627414741608447e+01 6.876577767894947613e+01 8.884560270084242006e+01 9.821050732705489850e+01 8.892937140221938819e+01 1.004980558507213857e+02 1.203023320497897259e+02 1.281433097869161770e+02
6.888105299159930439e+01 4.886465104799497539e+01 4.873215233296512849e+01 6.875517091954658611e+01 7.998458764116516306e+01 8.855391901036098545e+01 1.005059663328250679e+02 9.721249610921505280e+01 8.647228875241781054e+01 9.489050873146614151e+01 9.453043744691343875e+01 8.250763305976222739e+01 7.377674636195855840e+01 6.276150099009181815e+01 5.217959097911939637e+01 3.184113305897805191e+01 4.998298553592670856e+01 4.375760524298253529e+01 5.036144677435552808e+01 3.099071265253081719e+01 5.131012876964278746e+01 5.585426479525279575e+01 5.825134389568347615e+01 4.139169109278720526e+01 4.388914853952171313e+01 4.645132205992584318e+01 5.558168249181399290e+01 7.350325780260426711e+01 7.643858318602804047e+01 6.227299562819921164e+01 6.677022457290753721e+01 7.179453259715397451e+01 7.816306460568625880e+01 9.821050732705489850e+01 1.170323768997978391e+02 1.156802707700717860e+02 1.084375148565294467e+02
5.886314397569871204e+01 6.888863629911459441e+01 5.407623833844408523e+01 5.942235352367907097e+01 6.944166599839398657e+01 8.364693753954124134e+01 1.036408257594183624e+02 9.948584249790138756e+01 1.075756587392369426e+02 9.141439790361701512e+01 7.880958305132547537e+01 6.470351402687468578e+01 5.309332935383481811e+01 5.414964703079122899e+01 3.400866469805401238e+01 5.217959097911944610e+01 6.052887385402391374e+01 6.402639955814396444e+01 5.964646218639032327e+01 5.130995737920352440e+01 3.199325476049630268e+01 5.228788885902145722e+01 6.167114241619395898e+01 6.171068240481201173e+01 6.419093584232786043e+01 5.821275340909588181e+01 7.500884821658722501e+01 6.986452707473181079e+01 8.992616716014194367e+01 7.649518302611592446e+01 7.838743150089472067e+01 9.184311030837665157e+01 8.601491392405148417e+01 1.058330682010988113e+02 1.098367467886993154e+02 9.584133634751650277e+01 9.435455915509204772e+01
6.782011727655650191e+01 7.967266582133227359e+01 5.961332978966466101e+01 7.947233890762575470e+01 8.774481317252046608e+01 9.775513675963924243e+01 9.597507242996569232e+01 7.949300056241260393e+01 9.597507210810358913e+01 8.243156849141529108e+01 6.154860323821512225e+01 4.968193018003699990e+01 5.670943093240946098e+01 3.635291559459546562e+01 5.442090377854474781e+01 4.849149352865325113e+01 6.873576642070685239e+01 7.261598761058944262e+01 5.240490269497216502e+01 3.799673315265605567e+01 5.232951617294950353e+01 3.302090014284445374e+01 5.336485374448667329e+01 6.262990159622978581e+01 7.246889349742842512e+01 7.835200193214767239e+01 8.660480930682142287e+01 8.992616716014194367e+01 9.815858261915978744e+01 9.652820591683583018e+01 9.848532436495570153e+01 1.066668973055674883e+02 1.058330682010988113e+02 1.138297737698430296e+02 1.016520257083677166e+02 8.151775411137528238e+01 1.016520257083677166e+02
