LEM/sinusoidal_perturbations/elevation_000296.asc
nrows	100
cellsize	150.0
xllcorner	0
ncols	100
yllcorner	0
NODATA_value	-9999
[rows 51 to 67 of 100, columns 0 to 36 of 100]
6.455108993161302530e-03 2.000645510899280666e+01 2.498469032118944000e+01 2.754542793691489422e+01 1.320228213969585873e+01 2.076156928860255846e+01 2.970575450205512169e+01 4.125086374752540053e+01 6.121552872321066019e+01 5.113542111353699227e+01 6.787272629383052447e+01 8.201499804968048579e+01 8.260787540638708037e+01 9.109457521464291574e+01 7.718414055551028241e+01 5.719564307793696400e+01 5.719564307786645685e+01 7.133766394438460168e+01 6.625053676041713402e+01 4.631838564101570910e+01 3.234855687023924986e+01 2.116885185147273063e+01 2.358561985731596877e+01 1.744617117033559239e+01 2.983268588510166097e+01 1.407192775595991741e+01 1.367068989404397605e+01 2.196726211652769223e+01 1.260972843707855162e+01 3.248808099738484856e+01 2.043764209553598477e+01 2.478895216238826293e+01 3.325601787921097952e+01 4.784558432698535313e+01 6.805291654989950700e+01 6.835177941755682696e+01 5.020463448759637259e+01
3.995603441288198172e-03 2.484690295225462808e+00 4.984690295225473022e+00 7.545427893883402959e+00 1.108096179981617091e+01 3.108096185827326252e+01 4.025554193860510566e+01 4.442583026244493283e+01 4.889796627825840858e+01 3.958841572960908906e+01 5.373055135744460387e+01 7.057788668517324027e+01 8.057790104308487855e+01 8.529929722481992371e+01 7.530132006054667215e+01 6.305013835851908510e+01 4.308834316906286688e+01 5.364005784097533791e+01 6.192122037670957724e+01 5.531844608241396344e+01 4.256821959288097901e+01 2.970670640334202872e+01 1.544469967642152142e+01 1.504074115179066240e+01 1.463807647921284172e+01 1.464936085422537815e+01 2.807464087815502651e+01 1.308951200794892600e+01 1.341530651641310179e+01 4.135538323886686385e+01 4.015269723947370295e+01 4.601505579341232988e+01 4.602366161911055542e+01 6.211279803930074195e+01 6.881866326465116401e+01 6.036388029340800188e+01 5.547572540575742295e+01
4.804567899273937473e-03 2.000480456789891903e+01 2.498469032118944000e+01 2.168756351771585500e+01 3.108096185827326252e+01 1.633321911420516770e+01 2.025554181696891476e+01 2.442583009811048456e+01 2.889796605311014233e+01 3.522252137344712253e+01 4.229358918531284672e+01 5.229358918531629996e+01 7.229359020402864644e+01 7.700193217407077384e+01 5.702074742079627612e+01 4.704141173001610809e+01 3.999425613283720793e+01 3.374764825015191150e+01 4.764227067287376371e+01 4.705153640982750574e+01 2.729425689720194725e+01 1.602024314546741124e+01 3.507264931746849612e+01 3.466759480355195677e+01 3.481554028945389234e+01 2.770036854165351414e+01 3.304142016344499666e+01 1.366134376703959674e+01 3.339120812989835940e+01 3.958212485703975148e+01 4.800817539226055430e+01 5.805922143336951535e+01 6.639185432575959567e+01 7.099733772475410376e+01 6.033899451990966156e+01 4.007520612261401993e+01 4.540616943629265023e+01
9.707512844716031236e-03 1.295444330556347801e+01 3.191205174768510489e+01 4.168756366428799964e+01 4.461749702898235626e+01 3.633321920475174949e+01 4.025554193758719634e+01 4.442583026213945629e+01 4.889796627825840858e+01 5.522252170272096095e+01 6.229358969467248386e+01 7.057788668517324027e+01 8.057790104308487855e+01 8.529929722481992371e+01 7.530132006054667215e+01 6.701133979743352143e+01 5.995090401929430612e+01 4.764227067287376371e+01 2.787765361045883949e+01 4.215999733626460255e+01 3.604381080450338715e+01 1.642877706127624649e+01 3.604742020221293330e+01 4.794659282071690853e+01 5.168466522956629206e+01 3.975312064029159842e+01 4.141632928944891034e+01 3.041932292559306106e+01 1.445666949053956074e+01 2.259790137004197774e+01 3.029708149409698592e+01 4.975082608787545979e+01 6.163393002919324459e+01 5.142121688880135366e+01 5.091617966401598494e+01 4.381402993259907674e+01 2.586688542579850747e+01
5.001202446392439237e-04 2.000050012024428270e+01 3.900432323074791441e+01 3.603165882063228764e+01 4.512403771983798606e+01 4.694861294431672150e+01 4.128608239992531992e+01 4.612138031630126989e+01 5.147009963048168402e+01 5.750671581598641069e+01 6.457663563252918948e+01 7.283347723113497807e+01 8.434367853312983243e+01 8.276277456441309255e+01 7.123710715131392135e+01 6.296669741608565829e+01 5.544107408094070877e+01 5.591459379732000201e+01 4.216055218722403453e+01 2.252896076470111808e+01 3.270521953235265755e+01 1.683967786825862945e+01 1.730530551182326349e+01 3.405137793806137836e+01 5.377108430876447898e+01 5.665666623997342555e+01 5.311740643653980953e+01 4.173166877921667606e+01 3.440965895209917846e+01 1.526230856901814370e+01 2.958219980057308618e+01 5.019802175170126901e+01 4.192812012060917226e+01 4.214234536360727645e+01 3.324301172914915981e+01 2.429892447623555540e+01 4.433490332417072466e+01
5.279685921607564676e-03 2.000527968439072524e+01 2.626510930624117890e+01 9.899787065861382018e+00 3.061743671601922756e+01 2.873071788930996462e+01 2.157766836469258820e+01 2.618493627575419325e+01 3.145702449879804519e+01 3.748552492528073543e+01 4.457988265363901093e+01 5.614955850652360425e+01 7.608823706630357719e+01 7.449038794626234505e+01 5.453077045729610006e+01 4.305554954651478283e+01 3.561595609777688054e+01 4.609550588579834596e+01 4.460570246098525615e+01 3.698888216411537400e+01 1.742227949965633371e+01 3.645069727422463046e+01 3.982710427224098026e+01 3.405137793806138546e+01 5.377108430876712220e+01 6.114210876451070220e+01 4.404140340729728820e+01 2.331799270305838334e+01 1.607398828954144676e+01 3.372680840717599438e+01 4.001246027090405732e+01 4.828934840568380338e+01 3.921001409194606424e+01 2.210640947371221898e+01 2.275072839267356883e+01 4.213668156520112973e+01 5.198877946660883254e+01
5.738623160518319517e-06 2.000000573862280362e+01 6.231150872297178900e+00 1.597398303385476481e+01 1.339315428706976974e+01 1.581121194545763053e+01 3.492048903412534600e+01 4.612138031630126989e+01 5.147009963048168402e+01 5.750671581598641069e+01 6.457663563252918948e+01 7.283347723113497807e+01 8.145990925338050204e+01 6.990615314200618968e+01 6.157755216056133207e+01 6.296669741608565829e+01 4.609550588579834596e+01 2.621685520779686129e+01 1.927777998365581524e+01 1.800914380506501189e+01 3.701578960356629722e+01 2.782752826220784215e+01 4.759936910007230892e+01 5.377108430876713641e+01 6.204685662331812068e+01 4.945178744653999559e+01 3.120153880745697705e+01 1.688893186906834032e+01 3.380465117894853933e+01 4.235014099796820375e+01 3.991249377664488662e+01 4.031260578443932729e+01 2.120239469388742393e+01 4.122616795604832163e+01 4.215383921671587331e+01 2.390504987685967819e+01 4.394614948611241090e+01
4.532054705376768917e-03 2.544794804220842366e+00 2.255825578434885159e+01 2.143199149404122039e+01 3.206556647498965162e+01 3.492048903412534600e+01 2.113870749510410008e+01 4.086956701878551712e+01 5.330821546611002049e+01 6.042028989420482787e+01 6.870685430427725748e+01 7.873021700790245347e+01 7.309466839291097529e+01 5.314302097490192267e+01 4.178127411891353660e+01 5.014809284147512614e+01 4.518337206644132920e+01 3.584987423923620753e+01 1.859579793087683797e+01 3.760601146805709050e+01 4.583684348883383564e+01 3.917721753125873363e+01 4.759939392239488853e+01 6.757444723143980525e+01 5.558439877201774237e+01 3.487670481349692153e+01 2.086248514026764411e+01 1.746646806147273878e+01 3.734781179043802268e+01 3.886530658486028500e+01 1.971649257295826629e+01 2.030576067863814416e+01 4.031037780388772518e+01 4.895749870528244685e+01 5.174861123437030130e+01 4.394614948668040455e+01 2.507421747835076431e+01
9.001595176218036079e-03 2.000509259366094383e+01 3.083479929361855909e+01 4.071095984206598217e+01 4.894026161085995597e+01 4.916961537203942356e+01 3.499604402331740260e+01 2.771918470545472246e+01 3.321334476316065576e+01 4.030430566856772145e+01 5.037986605579972377e+01 7.046071373261003146e+01 7.127309828544271397e+01 5.132611308465515521e+01 3.737061646175345686e+01 3.031932065573894874e+01 2.562016291144214009e+01 2.387185202491502167e+01 1.900927144167340188e+01 2.487884355321985552e+01 4.702112336437382822e+01 5.910242602668375866e+01 6.741136452598784956e+01 6.382278462817662046e+01 4.335455389722761055e+01 2.843642831592847742e+01 4.077933134231840739e+01 3.092549855797570046e+01 1.828989830531393679e+01 1.888179336120455787e+01 3.725067700233606871e+01 3.961792953765537106e+01 2.262875190160568550e+01 3.734708337565454883e+01 5.175697435446976868e+01 5.339323093628348005e+01 4.510045468751402353e+01
5.674351268809080251e-03 2.000567435034257002e+01 3.090173981559351901e+01 3.722632947257796587e+01 4.551076333645380601e+01 5.445512365015799361e+01 5.504950589335492595e+01 3.924104892937152300e+01 5.330821546611002049e+01 5.330821546611002759e+01 6.870685430427725748e+01 7.873021700790245347e+01 7.127309828544272818e+01 5.132611308465516231e+01 5.716180648015137677e+01 5.014808947425174068e+01 4.012434609550374631e+01 1.959282268186581888e+01 2.623777975899491466e+01 4.028339772916869066e+01 5.154596235821377093e+01 6.616266843284489596e+01 7.540929794613485626e+01 6.382278462817662046e+01 4.335455389722761765e+01 3.800186024936083129e+01 5.556386054779096639e+01 4.546182905499473748e+01 3.827797726233591646e+01 2.014269549284346184e+01 3.357616187128458307e+01 4.760588029429251122e+01 4.265720077092596085e+01 2.501271210883078311e+01 4.503140756326826022e+01 6.064361002739920536e+01 4.116770386711379359e+01
9.518805923843161668e-03 5.354743644172353711e+00 1.090174560642469359e+01 1.722630092676828184e+01 2.617057284563455610e+01 4.031271332586102574e+01 6.031287299947410219e+01 5.933771895310345457e+01 6.762604139872743758e+01 7.336692561787548073e+01 7.225961046521402409e+01 8.043587201945049969e+01 7.965151211909592632e+01 7.127309828544272818e+01 6.689079005050416527e+01 5.429179193843376083e+01 3.392932746996802962e+01 2.000609747563772700e+01 3.765512588448051901e+01 3.660003873547679376e+01 4.401727703999829799e+01 5.275977391401387706e+01 6.818114849741712646e+01 7.223559812822044535e+01 6.382278462817662046e+01 4.991854362022562697e+01 6.695597674209851391e+01 6.039331625941338899e+01 3.937165008622148576e+01 2.390076202641024850e+01 4.439857082844275737e+01 5.619578488037412711e+01 4.087273482040890116e+01 2.672292518689915397e+01 4.672829400445273507e+01 5.750763873191012010e+01 5.513921273862903405e+01
9.062254805971973678e-03 2.000906225480561673e+01 3.090176512526355879e+01 3.722632947257796587e+01 4.551076333645380601e+01 5.445512365015799361e+01 6.104541253874958073e+01 6.682631919406757959e+01 7.161111229361561925e+01 6.343605090367262989e+01 5.252953148208906953e+01 6.904315620197034775e+01 7.891168668895426208e+01 7.301480100488051050e+01 5.230968983067387512e+01 3.701093123644571392e+01 4.003196710266880842e+01 2.041858695519051281e+01 3.997509658564260349e+01 4.539164448863002121e+01 5.466853167669109581e+01 6.294902956001953953e+01 7.062401028514160828e+01 7.872404641850221196e+01 7.872679987886381525e+01 7.029867868109646167e+01 7.594620888591326491e+01 6.400663113704149509e+01 4.927735946741452722e+01 2.815032308002564676e+01 4.927735946741308481e+01 6.916033906842291401e+01 5.428419482014179920e+01 3.429315527946226183e+01 2.923316759394042208e+01 4.922769489855668468e+01 6.003325671189619328e+01
3.063233560239582431e-03 1.000334432886740643e+01 2.415658864996217048e+01 4.426068545960180245e+01 5.477113609028340591e+01 4.657226247193984392e+01 4.121951678491380733e+01 4.702638720811471984e+01 6.018930867814257368e+01 4.363352149343054265e+01 4.104483197083263946e+01 5.099926737818422140e+01 7.073762072816442981e+01 7.898528854279588529e+01 5.837406609632692067e+01 4.608768147726816977e+01 2.594556824620756785e+01 2.083034001389617629e+01 3.284561758160103295e+01 2.914263076550560427e+01 3.547280003759929201e+01 4.263997769362865853e+01 5.046771646314331861e+01 6.236804193911079608e+01 8.190016812081501030e+01 8.293390355961672356e+01 6.760773662406799644e+01 4.670031886409394417e+01 3.430992471940245991e+01 3.757737135699546371e+01 5.781443772623089927e+01 6.842175143435450480e+01 4.842827551940623465e+01 5.428422903540469946e+01 4.922769489855665626e+01 3.177029031054065911e+01 5.176738180365158115e+01
5.666595628964066558e-03 2.000566659562860750e+01 3.840214498555390321e+01 5.062299458947079245e+01 4.245168736743945459e+01 2.664667362063281786e+01 2.709746742983484324e+01 4.144092629992115917e+01 4.496721727693753223e+01 3.210270034011863771e+01 5.200305521803386455e+01 6.904315620197034775e+01 7.891168668895426208e+01 7.244627076115098419e+01 6.260038248736437083e+01 4.506955576185303158e+01 2.783902955014178815e+01 3.043141699524309729e+01 2.141386434475608525e+01 4.180940830048851353e+01 4.657436186989441751e+01 5.494214896078420196e+01 7.062400947768335868e+01 7.872404641850221196e+01 8.999657513063635861e+01 7.464766854564936693e+01 5.412291653163749316e+01 4.162882289850221440e+01 5.553683345113314118e+01 4.997517016984514271e+01 6.717358374059415382e+01 7.672827499828106568e+01 6.842175143435450480e+01 7.177210211043396271e+01 5.176738253239142296e+01 5.176738253239142296e+01 3.436927590943960098e+01
2.110006612196471242e-03 1.988717641713660100e+01 3.038520944331222040e+01 3.916228466215773807e+01 2.251811576327632025e+01 1.509171903436099349e+01 1.814287873305820398e+01 2.147894742985386785e+01 2.501950317870683449e+01 3.502959672668568913e+01 4.654497184329656534e+01 6.055370990258327168e+01 8.025685377944010668e+01 6.419536357189305420e+01 4.459958632131492351e+01 3.574157819273629144e+01 4.500539506504658505e+01 3.664286305255386367e+01 3.045610603287212115e+01 2.199818613208128681e+01 2.621792772599950894e+01 4.657458502443687820e+01 6.192629345728593648e+01 7.573504122927485582e+01 8.405223179435289182e+01 7.575318063372274935e+01 5.526876657118310021e+01 6.279769779080142200e+01 5.322748260114395435e+01 7.071972018147336314e+01 7.903872482021894541e+01 8.635456373310225331e+01 7.803451299376183670e+01 6.485911056105811667e+01 4.489787400320571464e+01 4.041563397394143209e+01 5.437143609954085122e+01
9.367352646185668139e-03 2.050608804896822512e+00 2.207532681046776801e+01 2.707072802806100498e+01 1.096535159875255694e+01 3.094741548655051844e+01 3.811392982148572628e+01 3.562134955953893467e+01 3.915529835314961105e+01 3.502959672668568913e+01 4.396041859876243052e+01 5.542676754683110119e+01 7.514118074118292157e+01 7.244642213506205053e+01 6.260076779786601264e+01 5.439744658577141934e+01 5.596036117456178260e+01 4.728916177573999846e+01 4.171832777242299528e+01 2.241258148955889240e+01 4.204644439494488495e+01 3.314019622903398243e+01 5.358834762293651011e+01 5.567048994201569201e+01 7.573504122927485582e+01 8.403807237116002682e+01 6.988362381697886860e+01 8.207537828469237695e+01 6.373311139838762074e+01 8.207537828469237695e+01 9.223555218165947167e+01 7.215224996234277910e+01 5.803046131563159094e+01 5.173893190734998626e+01 6.485911056105811667e+01 6.039564121023028065e+01 5.947435966653671358e+01
3.648181865326004768e-03 1.976030432430557582e+01 4.983551031163286460e+00 7.080120595560299712e+00 1.056269006347247519e+01 3.057559579071613598e+01 4.400769833998610636e+01 5.549062739474807415e+01 5.899843076518904894e+01 5.490483782716500372e+01 6.308769091613776681e+01 7.193358183464540900e+01 8.332159914901386344e+01 7.494602437183164056e+01 6.492111819193880251e+01 5.662611266908473340e+01 4.864436127850263603e+01 3.019668107400694979e+01 2.299726500219564684e+01 3.366749019261548170e+01 4.936978231583709942e+01 5.358834762293371057e+01 4.125634831674465630e+01 5.043784696064602002e+01 6.208030462771078106e+01 8.208419766600140122e+01 8.992355519833947142e+01 9.210709715315898904e+01 8.384184287790051826e+01 9.210709715286495225e+01 9.073341911820409678e+01 7.065468554519230793e+01 6.802841365665059925e+01 6.583679408675655509e+01 8.002110190471587714e+01 7.627934849672892881e+01 6.166582132153698836e+01
