LEM/sinusoidal_perturbations/elevation_000219.asc
nrows	100
cellsize	150.0
xllcorner	0
ncols	100
yllcorner	0
NODATA_value	-9999
[rows 0 to 16 of 100, columns 0 to 36 of 100]
8.271705653423140972e-03 3.044136746058994092e-01 6.005881134854459402e-01 8.968275242729600860e-01 1.193131949746017328e+00 1.489501432729626984e+00 1.785968582381049163e+00 2.082500896832252923e+00 2.144583974291016304e+01 2.335568204187697106e+01 6.516482663862015023e+00 2.659785454338303268e+01 3.826440473885270421e+01 5.258726764034390300e+01 5.982740950762278231e+01 5.781329874486206677e+01 6.085529155368642051e+01 6.304363760841035003e+01 5.461502588208865916e+01 5.834112213759266297e+01 6.227820632537634538e+01 7.069541385069567241e+01 8.091236895459879008e+01 9.525402392393004902e+01 9.579218847900781952e+01 1.040441391776793552e+02 1.044676521635270205e+02 9.628956119739557096e+01 1.013946074557360078e+02 9.320214455167253220e+01 1.013946074557360078e+02 9.835480976909936146e+01 9.014990636581049444e+01 9.109879167212454831e+01 8.590190170797437474e+01 9.298706668666734743e+01 1.011835041346976709e+02
7.813061968023241044e-03 1.243308338665205959e+01 1.656333737671587869e+01 1.914349680858362035e+01 2.048297206147032057e+01 1.704010270220855361e+01 2.169932712784400408e+01 2.204362779523600224e+01 2.501999268050058678e+00 3.809623363594782930e+00 2.337985704993365133e+01 9.713135330398730005e+00 2.394173747236819594e+01 4.013795278176915815e+01 4.186801399225539910e+01 3.742868095214423363e+01 4.044898358021267626e+01 4.960027425347364982e+01 3.424500848775596751e+01 3.793245243506286357e+01 4.182051679642300002e+01 5.201445592382225414e+01 6.657071398526731798e+01 8.148436826828685753e+01 7.555787508901033789e+01 9.579218847900781952e+01 9.296657181108923851e+01 7.629587380930549045e+01 9.142494533718654282e+01 7.319614469507610011e+01 9.142494533718654282e+01 8.684647439328634277e+01 7.016526030953669135e+01 7.112239325078807894e+01 6.593704171019319915e+01 7.294719387763014140e+01 8.298524933493474975e+01
2.526786264046545528e-03 6.552520191540132544e+00 1.265389733272816031e+01 1.895686623255217640e+01 2.909322385264193400e+01 3.639333356198410740e+01 3.547272407005907979e+01 1.658830926816683515e+01 2.185720732364424990e+01 2.925332438382021838e+00 2.325074976336523491e+01 2.987096125307546046e+01 1.308365854813735929e+01 2.937481655119205115e+01 3.879515296293393334e+01 2.311442655035009253e+01 2.612243028871846917e+01 2.927405939554721570e+01 4.960027425235584531e+01 5.834112213613889963e+01 6.227820632537634538e+01 4.840645573503197596e+01 5.407918662157954515e+01 6.096285408086838942e+01 7.555787508901033789e+01 9.579218847900781952e+01 8.474620040178848512e+01 6.483792683360719877e+01 7.325215329809823572e+01 6.330516197282232582e+01 8.319914462337419536e+01 7.798328438177428268e+01 5.881860565788476691e+01 5.721877366279947807e+01 7.112239325078807894e+01 9.109879167212454831e+01 1.011835041346976709e+02
4.163169627051843593e-04 2.000041628012343153e+01 3.058413293885270079e+01 3.393596387603798092e+01 3.303770661337145498e+01 4.628936740596404320e+01 4.273544909944343573e+01 3.534384995991536016e+01 2.293350131663183333e+01 3.224443150202723540e+00 1.408122976075387811e+01 3.175975306764538786e+01 3.255204029718111514e+01 1.655964460900751334e+01 1.907882569982751875e+01 3.930994959188393523e+01 4.642585280565501904e+01 4.960027425390577349e+01 4.361675513849133523e+01 6.404576876685091236e+01 7.733120785877353853e+01 5.868231185866850552e+01 7.464386353932773943e+01 7.464386353919475425e+01 8.980100713334478257e+01 9.324224873457689000e+01 8.733825986644009731e+01 6.741749691645837572e+01 5.363370672851231546e+01 7.325215329809823572e+01 8.486643928571899664e+01 6.975999536999023576e+01 5.029099998739841482e+01 6.975999536999023576e+01 7.795231309126396013e+01 8.618548400906345819e+01 9.768716697131425519e+01
5.883922493566802643e-03 1.153805282524221099e+01 2.557667710289359775e+01 4.529248451070463943e+01 4.904101630094700681e+01 4.456474789068428066e+01 2.413789403614204687e+01 2.532552834191724145e+01 2.306232042667522109e+01 3.523146987881666359e+00 4.617766268417953235e+00 2.553753613379439003e+01 4.560685403003570570e+01 3.171603353235626344e+01 3.930994959280180723e+01 2.838585605601858575e+01 3.756783006077782261e+01 5.797831540942345185e+01 6.404576849309326292e+01 7.244421838580410622e+01 8.753062799396047922e+01 7.919818499231512021e+01 8.753063947862801797e+01 9.491510461105282559e+01 8.737429448794942743e+01 7.334057730798753028e+01 8.065532654411391889e+01 6.875137298093628146e+01 4.932048639763331010e+01 5.699902547436261813e+01 6.940088065261183203e+01 6.123440581870548272e+01 4.651943674678967966e+01 5.225371892303266463e+01 5.832162486636630661e+01 6.951391252949527200e+01 8.947938262594881564e+01
1.256007409845548732e-03 1.414339163114066977e+01 3.414339163113110942e+01 4.654632192738110774e+01 5.803621791760985360e+01 4.293556010464381956e+01 2.032497380345944649e+01 4.830763655988481453e+00 3.945500164080463890e+00 2.324610939605151216e+01 2.496123058865611100e+01 1.448881797700485663e+01 4.477548766434691885e+01 5.574663828842659541e+01 5.727167892389699944e+01 4.715541997041557210e+01 5.727580197045302413e+01 5.423374401083329843e+01 6.869415729910339508e+01 8.899362402518815429e+01 8.431413631942504594e+01 7.593187651450062958e+01 8.431416119427352385e+01 9.684367536819252109e+01 7.916964191188901623e+01 5.944617607965360406e+01 6.091304704670308467e+01 7.488446023902663740e+01 6.275487119586207285e+01 4.358546334375790110e+01 5.733294388244066653e+01 4.215386024811029131e+01 4.831444457487228306e+01 6.769427471940515773e+01 7.795231309126347696e+01 7.490238388157573013e+01 9.430239358952377415e+01
9.594114293757748102e-03 2.000959411429223778e+01 1.840725518685945872e+01 2.989967937077083349e+01 4.976705366078378034e+01 4.184128025633611969e+01 2.483786221357782509e+01 4.366145723484850194e+00 2.288906784551673113e+01 3.096571637379668473e+01 2.985912710896309008e+01 2.429610394456763345e+01 4.570970531938676373e+01 5.735544302485114798e+01 7.271998191753132801e+01 6.368413072509815720e+01 5.558135845042743028e+01 6.368908369323748531e+01 6.345407544245917819e+01 7.174055796827809672e+01 7.425782267174170670e+01 5.587057655651329213e+01 7.425782266627975048e+01 7.695890096863072927e+01 8.022301128604917153e+01 6.058015886458107246e+01 4.735553943455513348e+01 6.669542683541449435e+01 6.235435607902970645e+01 5.425526504000944783e+01 3.838148981359186251e+01 5.733294388244066653e+01 6.769427471940531404e+01 5.934127415220493162e+01 7.067299783131815616e+01 9.062258550653551481e+01 1.022996196208323454e+02
7.711341127313004785e-03 5.781016017826622111e+00 1.989251240200195170e+01 3.977673730724195167e+01 4.999678115207205309e+01 2.637782677237274953e+01 1.276248077673996661e+01 4.662969394975980286e+00 2.430603325846735530e+01 1.871341583099921024e+01 3.455638891888974484e+01 4.604722527551390243e+01 3.796605095622378911e+01 5.147985536424025099e+01 6.915452818367018040e+01 5.447909666364817838e+01 3.764827406206252647e+01 5.447911279767939163e+01 4.491249743104725667e+01 6.078780579766910108e+01 6.590122644260002005e+01 4.590641569010506373e+01 6.590122644048348377e+01 6.302619627545069392e+01 7.957014228686119850e+01 6.058063753587849476e+01 4.147014245233524576e+01 5.952263359273139542e+01 5.145136104830723411e+01 3.535935142363670280e+01 4.069909200208432765e+01 5.975673176198257153e+01 7.635275006717809276e+01 7.910468569202691924e+01 8.732768764383614268e+01 9.881772397872026659e+01 8.786232736890094941e+01
2.297228869525369630e-04 2.000022972288659773e+01 1.978107441036277692e+01 3.816328689079817593e+01 3.792996344935335884e+01 2.858887627678747378e+01 2.513866774419523864e+01 4.961841891389106252e+00 6.906948206170365978e+00 1.783056502796206644e+01 3.292119846323276278e+01 5.193212596868972497e+01 5.665423956065880162e+01 6.172293228799527043e+01 6.018733697787123305e+01 4.661457077147927919e+01 2.944534636404820915e+01 4.262015322514842808e+01 3.520526212281271228e+01 5.274908656768084114e+01 5.923628949124457677e+01 3.927934837794190059e+01 5.923628949108496755e+01 5.189656240586477765e+01 7.081900780139936558e+01 5.547314285283144386e+01 3.649300521875627368e+01 4.876265079989519080e+01 3.255095432874320949e+01 5.145136104830723411e+01 5.975673176198257153e+01 4.949105513906388154e+01 5.666563988735987323e+01 6.793503871262721816e+01 8.785155761921923556e+01 9.123419154569855039e+01 7.089595187058240811e+01
9.647730019007896146e-03 2.000964773001865282e+01 3.908853703885925768e+01 4.702674617945984892e+01 2.837255497101943291e+01 8.316578877486481503e+00 5.391062615545042291e+00 2.447562341540075792e+01 1.761836315525556174e+01 2.741258275031520242e+01 4.644046439167948392e+01 5.278673268411576913e+01 4.502885598786565424e+01 3.867776550178001571e+01 4.092380011082080671e+01 4.043127801480972039e+01 2.317459045113053051e+01 2.544097867148585834e+01 3.741816676696085864e+01 5.517885840361498850e+01 5.347521681811571881e+01 3.351434180579041566e+01 5.347521681811361560e+01 4.344611620046674005e+01 5.239196217624115803e+01 5.433344310705776081e+01 4.630334074172728265e+01 2.980631245932391948e+01 4.876265079989519080e+01 4.581161736716563837e+01 6.506693243692991757e+01 6.891172184298851278e+01 7.635275006717809276e+01 8.457667042336835550e+01 9.605769800124383551e+01 9.956739501963261318e+01 8.786232736890094941e+01
3.582433992925927561e-03 2.000358243399256963e+01 3.781272687133695598e+01 3.703442965225767125e+01 2.601717069262135951e+01 5.821551054992264440e+00 2.487522831543916269e+01 3.255734585293416927e+01 3.713318411073396419e+01 4.447974075415923068e+01 5.521252971840895896e+01 4.487077525759525543e+01 2.409965576301486223e+01 2.008031599682293944e+01 2.962027894476098311e+01 2.831687880219426745e+01 1.676302106167602446e+01 3.117458447990119907e+01 4.268690959547353714e+01 4.994998727185397058e+01 4.164032091606146935e+01 2.827898336660074463e+01 4.832134104441117017e+01 5.239196217624109408e+01 3.336626770455539770e+01 4.388341300797887357e+01 2.726229944038064801e+01 4.630334074172728265e+01 5.681019028986497688e+01 6.506693243692991757e+01 7.323411472552878365e+01 7.532416603658900556e+01 8.380070048064281707e+01 8.558146086882504733e+01 9.401180223999200791e+01 1.045756569437037484e+02 1.062944467861679243e+02
1.813270376062421294e-03 9.996097161683817234e+00 2.931976886690772943e+01 2.827579694179680914e+01 8.315552812463401722e+00 6.124924964729287602e+00 2.611370224385486694e+01 2.461726943984446692e+01 3.884912867615841492e+01 4.157533369343742180e+01 4.183881716634176229e+01 3.843378217150807075e+01 2.965126160826585533e+01 1.170669547188157722e+01 1.195068633935158076e+01 2.349456095950998957e+01 1.047335978800316347e+01 1.027844812745239089e+01 3.132589877351742302e+01 3.565002570856061226e+01 2.132680150095713856e+01 4.164031888840557372e+01 5.661235000600174772e+01 4.958773924708116709e+01 4.157805864986990940e+01 2.474591618438440221e+01 4.388341301592424770e+01 5.433344403992347083e+01 6.312663969339740788e+01 5.464974326881421263e+01 5.888684087250142341e+01 5.475078756179982520e+01 6.873478813023660905e+01 6.494858483222630241e+01 7.560397178089390025e+01 9.439339934579405167e+01 9.810554787172340241e+01
2.372884694381488524e-03 2.000237288469402586e+01 3.781272687133093768e+01 3.621440604853989242e+01 2.172268040448785342e+01 2.485453240663688845e+01 6.552310445387365512e+00 2.515906699599627672e+01 2.680975626381426480e+01 2.252283864226652810e+01 2.472274583075110144e+01 1.471394245303339865e+01 8.613029901256949117e+00 8.919714209417547224e+00 9.227825649432221056e+00 9.536147396363560347e+00 9.844330331718747829e+00 1.615215142715218022e+01 1.071592260899159754e+01 1.491163529879057847e+01 3.565001356020928824e+01 4.994547578540086619e+01 5.509775048271661291e+01 3.597394370463211999e+01 2.235818921550821514e+01 4.157805865735480211e+01 5.190113903368984438e+01 5.748971655634547773e+01 4.902895452066533721e+01 3.438369861668672911e+01 3.856635809282599325e+01 4.305648722934778760e+01 4.825186379390206781e+01 5.499643259021365083e+01 6.524980260125516907e+01 8.595814096053275932e+01 9.678019508429458995e+01
8.175220331382775790e-03 1.415031084439866937e+01 3.415031200009678969e+01 4.933046711954332153e+01 3.910343869428845665e+01 1.966495264429373435e+01 8.111621092519976983e+00 6.979022858519298822e+00 7.280430103763467997e+00 7.581070057290462572e+00 7.881125531329759681e+00 8.181610702369026100e+00 1.157061554549831506e+01 1.719401322498366724e+01 2.957493896002985068e+01 3.389552399575820374e+01 3.212921085146743394e+01 3.069498310424227583e+01 1.103030609927673567e+01 3.102048387577444899e+01 4.373592053510829203e+01 5.802079083678668781e+01 4.572514501089853667e+01 3.772181388000262103e+01 2.072053872084980952e+01 3.997543347394488222e+01 5.242253754782897346e+01 4.397836266122799742e+01 2.882658493274407974e+01 4.902895452073138927e+01 5.888686026305690291e+01 6.344612043602943174e+01 6.873478813023660905e+01 7.560394409078205058e+01 8.408957318082543964e+01 9.439339934579405167e+01 7.974221633292754063e+01
9.124702163186202558e-03 1.986918708889642815e+01 3.713017553328598552e+01 4.489415819759290116e+01 4.686163394707699581e+01 2.898118016644206918e+01 2.946617758848219992e+01 1.406843400848502412e+01 2.743161589036511216e+01 2.768352853886451470e+01 1.607576101746635899e+01 2.412484107478739404e+01 1.071148565943812692e+01 2.936983391597554771e+01 4.442255896665684389e+01 4.451912357749297655e+01 2.449943408974214876e+01 1.344007863307911954e+01 1.135158207935821473e+01 2.517141718901581271e+01 3.100891464697350841e+01 4.173350105645807417e+01 3.567994769797276433e+01 1.844772265247014431e+01 3.765415969509641059e+01 4.679812441170889770e+01 3.923072818542437545e+01 2.383585850681808083e+01 4.397836266122799742e+01 4.902895452043998148e+01 6.945491264358807371e+01 7.586146650067888686e+01 8.413266055322802117e+01 7.736130512492009359e+01 6.901112779095150529e+01 7.736176733297541830e+01 7.003660759705914529e+01
2.239863785106879172e-03 2.000223850313189544e+01 1.744519643297709166e+01 3.689271690762399203e+01 5.092413174428484268e+01 4.999701929732780314e+01 4.328182489375427622e+01 2.589696785575196714e+01 3.075137444616601456e+01 4.530043801452046637e+01 2.628325045965753404e+01 3.167581475002092972e+01 1.237988955325582729e+01 3.171748078924688485e+01 4.366608645399475108e+01 5.286791606860222004e+01 4.127777472448990892e+01 3.293400431608095857e+01 1.923483742127726615e+01 1.182383206412530186e+01 3.175117444444878245e+01 2.824843429388877425e+01 1.623005934912503534e+01 3.390125066303631485e+01 4.016598181177064220e+01 3.466322232296285222e+01 1.921605220174818740e+01 3.923072932299788818e+01 4.869808143402418210e+01 5.466135420881258256e+01 6.169969024778703215e+01 5.583369014065500835e+01 7.586146567775017502e+01 6.747430389116829019e+01 4.939676374334749909e+01 6.747415962081282714e+01 6.161591591609543173e+01
1.766589122093755728e-03 3.335099394661812600e+00 2.304730359249380456e+01 2.467835175210350229e+01 4.404319800941802754e+01 5.210905188225759588e+01 5.638066726627453562e+01 4.763393815601632042e+01 4.546516163603483562e+01 4.651517222283492714e+01 4.508802478351291398e+01 4.006686822532728343e+01 3.171748083556951059e+01 1.541449894727915293e+01 2.941020433745665841e+01 4.950528086140079864e+01 5.085302772446411979e+01 3.152649490320130710e+01 3.755811634701397139e+01 2.417300588060396294e+01 1.230848723536729672e+01 1.399671679335159702e+01 3.069561911400303700e+01 3.221985058857882223e+01 3.311164946920104768e+01 1.545136439366732084e+01 3.412903145702239982e+01 4.088760457095192180e+01 2.901950943319025455e+01 3.488336149779420481e+01 4.179219750909589948e+01 6.169937905855082505e+01 6.935289873737917787e+01 5.920253979315025816e+01 4.048585357813418284e+01 5.920253868358311422e+01 5.532658320208678049e+01
