LEM/sinusoidal_perturbations/elevation_000234.asc
nrows	100
cellsize	150.0
xllcorner	0
ncols	100
yllcorner	0
NODATA_value	-9999
[rows 0 to 16 of 100, columns 37 to 73 of 100]
1.112000868030732903e+02 1.107888344513807084e+02 1.025896937928666972e+02 1.025896937928666972e+02 1.077444647584231205e+02 1.135400710298377049e+02 1.015156919938006723e+02 9.331561980766581144e+01 9.331561980766581144e+01 9.331561980766861097e+01 1.015156920024475369e+02 1.014044066319290351e+02 9.354460501573478837e+01 9.600997742200753748e+01 1.038678977887091435e+02 1.030968749756521703e+02 9.464747537509916242e+01 9.211901101795170632e+01 1.005840409788375638e+02 1.029988030135098001e+02 9.455152419506678996e+01 1.029988030135098001e+02 1.145445181560248074e+02 1.059077246340160912e+02 1.145445181560248074e+02 1.079643280055837522e+02 9.978490454721280400e+01 1.023259448640951916e+02 1.105178135380242281e+02 1.119043770172704768e+02 1.037609809313953377e+02 1.056159701971491387e+02 9.749059535115746655e+01 1.056159701971491387e+02 1.183153622757892407e+02 1.101579298135890781e+02 1.183153622757892407e+02
1.029860388342077044e+02 1.025896937928666972e+02 8.276190948936680059e+01 8.276190948936680059e+01 8.792952359605277479e+01 9.373318549369854225e+01 9.331561980766581144e+01 7.352096563262747964e+01 7.352096563262747964e+01 7.352096563262747964e+01 9.331561980766790043e+01 9.035369913342510984e+01 7.433581196992840034e+01 7.683950048310700254e+01 9.600997742200753748e+01 9.110075587019730392e+01 7.371250427363514746e+01 7.111433528029350271e+01 8.855308400693374438e+01 9.260901840436081045e+01 7.361205440472194539e+01 9.260901840436081045e+01 1.042131527925765084e+02 8.532300412638453224e+01 1.042131527925765084e+02 9.666597553729577896e+01 8.028912952416324345e+01 8.281413753656724452e+01 1.023259448640951916e+02 1.006082749223225505e+02 8.423469080226382744e+01 9.583372431519305223e+01 7.794760060368790278e+01 9.583372431519305223e+01 1.085389296866794950e+02 9.066343515749838389e+01 1.085389296866794950e+02
1.112000868030732903e+02 1.029785064748442380e+02 8.856933305595774186e+01 6.875828120868416704e+01 7.391052090207881520e+01 9.307366211946967383e+01 9.345931637926007340e+01 7.931868560925367717e+01 5.959877819583496716e+01 7.931868560925367717e+01 9.519187057939082308e+01 7.599929796836133278e+01 6.308908754523005058e+01 7.957192010829446360e+01 8.748541247009103472e+01 8.170890258250399540e+01 6.140110803094595582e+01 5.879665759865333285e+01 7.914327575919884339e+01 7.350977666879593642e+01 6.293776403769746253e+01 8.408178929989441031e+01 8.546640318542010561e+01 7.531744199064003453e+01 9.561536438020038986e+01 8.852901358959486799e+01 6.900926015616499853e+01 8.852901358959486799e+01 1.011094443548139736e+02 9.248747206906647023e+01 7.294752465684243248e+01 8.120607817066775169e+01 6.817871155322474408e+01 8.521633058502887081e+01 9.064155346417211945e+01 8.087242444280050790e+01 1.004106824855437878e+02
1.029135335468883028e+02 9.147893957135832466e+01 7.498155502594808297e+01 6.181452806957420165e+01 6.509488966260555287e+01 8.486822038929058465e+01 8.525668417549627520e+01 6.549877671623991660e+01 5.415176970159529191e+01 6.806023444708125680e+01 8.782557053011340997e+01 7.599929796836363494e+01 5.655908692048851094e+01 6.017693434062913127e+01 7.633677295856843159e+01 7.309782299218763058e+01 5.188100069639509115e+01 4.928436667743584820e+01 6.484630163727712215e+01 5.228868344223258191e+01 7.350977666879593642e+01 8.546640318542010561e+01 6.542675019029155692e+01 8.546640318542010561e+01 9.022972546175515163e+01 8.210010205145604800e+01 6.309750199530109427e+01 7.341666732794058703e+01 9.295009403500739609e+01 9.409116378994411889e+01 8.120607816663967071e+01 6.168234073255903382e+01 6.081206500437092899e+01 6.568511273038180320e+01 7.108063419260058424e+01 9.064155346417211945e+01 9.603183372403337614e+01
9.471113705874357436e+01 7.490461289066111306e+01 6.351519932734671414e+01 5.526565797836684624e+01 6.918609188849671909e+01 8.897304073261670965e+01 8.329051851699256304e+01 6.354773015222353649e+01 4.960081600630856258e+01 6.354773249765886334e+01 8.329106337451902675e+01 8.206451306275072000e+01 6.270351473464241110e+01 4.877967680353464175e+01 6.232721258695282529e+01 7.032332157483355672e+01 6.248941184429138929e+01 4.120843130722080616e+01 4.358137836476991112e+01 6.484630163727712215e+01 8.211864581987151723e+01 7.968145365981803252e+01 5.973087599235507383e+01 7.214084408550583305e+01 7.892354486953271930e+01 6.253535207105210247e+01 5.740534501538394352e+01 6.874795593925709625e+01 8.827522277825201513e+01 8.597439579931088360e+01 6.644356783584895254e+01 5.508983613178038041e+01 7.469816570486291596e+01 8.521633058502887081e+01 9.064155346417211945e+01 9.875734295183934819e+01 8.731651770397304801e+01
8.217286432413521879e+01 8.475444906455841476e+01 6.498892314314751673e+01 5.102765904522737372e+01 6.498892314314751673e+01 8.475444906455844318e+01 7.926090884857802621e+01 5.952160433140365825e+01 4.549888037069084845e+01 5.952160439443482431e+01 7.926094572749489942e+01 7.847825138969045611e+01 7.633677295856843159e+01 6.232721258695282529e+01 4.249180233847702226e+01 6.232721258695282529e+01 5.732801592716594996e+01 3.637894906329260891e+01 5.732801592716594996e+01 7.350747741554832260e+01 7.783709096515893577e+01 8.280771976264460932e+01 7.214084408550583305e+01 5.223493435960087794e+01 6.547658104678110647e+01 5.112242975740230833e+01 7.080438838364212017e+01 8.512101208374029682e+01 9.641780330652947839e+01 8.533923301519646998e+01 6.579155844414046328e+01 5.177113222897752820e+01 7.151727238215796945e+01 8.529369589166756782e+01 8.529369602748421642e+01 9.340940675022989126e+01 7.924213153438199697e+01
6.240867752829908710e+01 6.819747381616170401e+01 6.247978711205129798e+01 4.746731569761762870e+01 6.728669190940570388e+01 8.279198566884414845e+01 7.559544206326010851e+01 5.583905665336651936e+01 4.172634366807783834e+01 5.583905666192061545e+01 7.559545273536107857e+01 5.883427009025567855e+01 5.882969755321910554e+01 5.843438705159849889e+01 3.841302932608579823e+01 5.830810804183586527e+01 5.146688376637875706e+01 3.348550840820593777e+01 5.382231988907165032e+01 5.995609279798222957e+01 5.807732508573413099e+01 6.473969671979317297e+01 8.012071488011088150e+01 6.547658104678110647e+01 4.543301590726139949e+01 6.079837533161789764e+01 6.123271269649433179e+01 8.088657292848404268e+01 8.850642861337119882e+01 8.233828628420788220e+01 6.273230464094139336e+01 4.859629747113451259e+01 6.847037389006212038e+01 6.571154673044095773e+01 6.571154673046677885e+01 8.529369601148982838e+01 7.642789215235363542e+01
5.832171190460027788e+01 4.839082663814492236e+01 4.253473721198182744e+01 5.840852081580349164e+01 5.477094512537085080e+01 7.459387653901355009e+01 7.220724981704121603e+01 5.241622098844557343e+01 3.822318173348558190e+01 5.821287912568277534e+01 6.085460035392205214e+01 5.199842421173130447e+01 4.151485459752746721e+01 5.440791609800447759e+01 3.449556916147285790e+01 4.958748997430714667e+01 2.998751333794401930e+01 3.053106635715244721e+01 5.090275049876861146e+01 3.981077997736929319e+01 4.678162794136642333e+01 6.158296755811189627e+01 6.967892743033632996e+01 6.561300492074661861e+01 5.731361367170575960e+01 4.059645573196664969e+01 5.553032968544923875e+01 7.583316349307972359e+01 6.832588100883123161e+01 7.372059315720815675e+01 6.553986598595012936e+01 4.559028922996434829e+01 6.156624648789127718e+01 5.168536505753499455e+01 7.144701818901253887e+01 7.475380636061714767e+01 6.666357722555804344e+01
7.639146650994587162e+01 6.819747206763126712e+01 5.424985053931125378e+01 3.835010788697269390e+01 5.460406652888236323e+01 6.281926078393883728e+01 7.326810551742444488e+01 5.497012198171736941e+01 3.491222070108512554e+01 5.054005814222852422e+01 5.174561707093978669e+01 3.483234028492329060e+01 3.454905834939255271e+01 4.721379106579323093e+01 4.587994941026857987e+01 2.921905694776254947e+01 4.585543087952034824e+01 4.860161523996091404e+01 3.131149224191416280e+01 3.186428638691965531e+01 5.221630287542377857e+01 4.376591609220891144e+01 5.610679732955495780e+01 5.493791991579890066e+01 3.607007210402018416e+01 5.731361367143697549e+01 6.946307337833587781e+01 7.328140876656199509e+01 5.386634630221059439e+01 5.368758589769690559e+01 6.008585195039719196e+01 4.569680559993524582e+01 4.136360216123146216e+01 6.156388641176152277e+01 6.956171344116479816e+01 6.499177256213100407e+01 4.684393765537599563e+01
7.852626144864304081e+01 8.410470472377291173e+01 6.661396902657988051e+01 4.878267298650073513e+01 3.448526293908654594e+01 4.514297788937618350e+01 5.920554170340033551e+01 6.315761092683617051e+01 5.053459307555213798e+01 3.042672686796150217e+01 4.588770159332420917e+01 2.687667100645075635e+01 2.740210965034817292e+01 2.792977631163333641e+01 2.845967840299427465e+01 4.882656775965974560e+01 4.516602050798267953e+01 5.611035196190258745e+01 5.161133573727354928e+01 4.942142778936321434e+01 3.265065719015461099e+01 3.320914630523208189e+01 3.377958147736967476e+01 3.435280160438236408e+01 3.494308277411480645e+01 5.546515670761097994e+01 6.358506543996595184e+01 5.747309485248335648e+01 5.660424492484033010e+01 3.908986935978002464e+01 3.974740750312828652e+01 4.041291365287360549e+01 6.069537759682469868e+01 4.233885070368669545e+01 6.141304846237913040e+01 4.509313032973238933e+01 6.499177256882649090e+01
6.100789258851382613e+01 7.657063102322378256e+01 7.685584858136139985e+01 6.281926078393751567e+01 4.514297788937618350e+01 3.085188516786812940e+01 4.754209062814496178e+01 5.263269929411686121e+01 4.500193693547989682e+01 4.551335030145766325e+01 2.613350266951805523e+01 4.625306506863622502e+01 5.041038873705644363e+01 4.843693209520355225e+01 3.158458996487826553e+01 5.139242063951416384e+01 6.210750319331697966e+01 6.821928193912590643e+01 6.708809238243958362e+01 4.725537849349726827e+01 5.301132449461962892e+01 3.637408523385879278e+01 4.722733158404283671e+01 5.429736539715843691e+01 5.534227999158266442e+01 3.578503950135549871e+01 5.560380883576734590e+01 3.754178257571290800e+01 3.817382619575447222e+01 5.852819011485915723e+01 6.007879520624423009e+01 5.426154401890460832e+01 6.823733069416779529e+01 6.245129688168781001e+01 4.330616414548824622e+01 6.217997398937237108e+01 7.192375498583822946e+01
5.114423569378308088e+01 6.899770743754503144e+01 8.321002229347408274e+01 7.326810551742453015e+01 5.920554170340033551e+01 4.754209062814496178e+01 2.746135938713818803e+01 4.227983853686581739e+01 2.489621418563422850e+01 2.540160947716075768e+01 4.547384250096192915e+01 3.891252512139163144e+01 5.890112778288200701e+01 5.977037285212719553e+01 4.542432920410649899e+01 3.676492519792713409e+01 5.134153252833846182e+01 7.166140415558969323e+01 7.550588250392692657e+01 6.729238534122528392e+01 5.925960837780043988e+01 3.964230485176025098e+01 5.765294925340630527e+01 6.498981919239894012e+01 5.456679432113359240e+01 3.789005263013028468e+01 3.665734028545559653e+01 5.715794061144708138e+01 4.292293046442751603e+01 5.184887087206298872e+01 7.142141905384296763e+01 7.200597662729556703e+01 7.681378487463400973e+01 6.575396128828732856e+01 4.594122375964066407e+01 4.447461252238390728e+01 6.425288450095095527e+01
4.499774030088093468e+01 5.734181717177746407e+01 7.489706409064463344e+01 7.532520536270492073e+01 5.435446014376502433e+01 3.966786713243408258e+01 2.894267834067009559e+01 2.421874301605066648e+01 4.427085921923193723e+01 3.082476560183938474e+01 4.397444719311789640e+01 5.900651622301419508e+01 5.900755143661267255e+01 7.430303262623178284e+01 6.175917758111475564e+01 4.129129314753167534e+01 5.582746589431619810e+01 7.607959638347088571e+01 7.671349984200988104e+01 6.380041041352500741e+01 4.453442858288711648e+01 5.925961006586470603e+01 5.925953818618961577e+01 6.190871099034389857e+01 4.146674722572146266e+01 5.863915636583676161e+01 5.773284420625211766e+01 6.594011395395487796e+01 4.832588290351741023e+01 6.844388210274509277e+01 7.149714783142475483e+01 8.109865211747413127e+01 6.932062514474340276e+01 4.964922876505873717e+01 6.575085468127598176e+01 6.333490207008853190e+01 4.562197550922043376e+01
3.925830254585687840e+01 4.965115253828679442e+01 6.703008003597409470e+01 6.686917560028280150e+01 6.850524137709591344e+01 5.954345177850163395e+01 4.377325302620494085e+01 2.379409037780329683e+01 4.361953191878160396e+01 5.212865705663187299e+01 6.063226689949011217e+01 7.236201835122909642e+01 7.908208932559314519e+01 8.099652384171331221e+01 6.071695176536533722e+01 4.646166766158980721e+01 6.665669136442109277e+01 8.233169697106292517e+01 6.299207518056709176e+01 4.955801756099766919e+01 5.816614938476505614e+01 7.183738947169648270e+01 7.856646264604930252e+01 6.475899357079637753e+01 4.440392156712471206e+01 5.627671916305913413e+01 7.634599589363614314e+01 7.563086321895541175e+01 5.529202528963211449e+01 7.563074884924228058e+01 9.024005696453814096e+01 7.301613076930992463e+01 5.346715865871509266e+01 6.931772716139984425e+01 7.733939743572190650e+01 7.286981279632468045e+01 5.326386217735559114e+01
5.110089994899208676e+01 5.901358139793815383e+01 5.193490095694993158e+01 4.677654242445574795e+01 5.558202520344665487e+01 4.917870220637971812e+01 4.257103214125491775e+01 2.338302220423197753e+01 3.741250938010284699e+01 5.734660184386031290e+01 6.462939915821523584e+01 7.297584846906069345e+01 8.203194280254739112e+01 7.946126282128776097e+01 5.921634202592299090e+01 6.665667463519118030e+01 5.725704424495226164e+01 7.744532166042132815e+01 7.232150299183933839e+01 5.323843693239911090e+01 7.232150299183933839e+01 8.550862955864668891e+01 8.196505861252531133e+01 6.189269106260194775e+01 4.753160735495307421e+01 6.773830922142811062e+01 8.447598363039875835e+01 8.403162051727217374e+01 6.558737320025136341e+01 8.403162051727217374e+01 8.697008108847963115e+01 6.743241032399161838e+01 5.621411627093502972e+01 7.568944027810944419e+01 8.784075298935759690e+01 8.142735162754142664e+01 6.467374720323478243e+01
4.413367867057500860e+01 4.234253634930794874e+01 2.901323336057726721e+01 3.768803734553564055e+01 3.931802884090321726e+01 3.126963366238215869e+01 2.218539277409649202e+01 3.936323310753756033e+01 5.041281744365444695e+01 5.444836069879926299e+01 4.426888154846673729e+01 5.339405710257265980e+01 7.371898181603062028e+01 8.802886692892120379e+01 7.343056357124940803e+01 8.594455580076525791e+01 6.879010388277902166e+01 8.597282040535390024e+01 8.040936412344184703e+01 6.265519347945292594e+01 5.932002397243372371e+01 7.856438464348639172e+01 8.229917666536340448e+01 6.239317635560900754e+01 5.072686079870423725e+01 7.084319525482916902e+01 8.392220260675016164e+01 9.411911433528523219e+01 8.567435323767669786e+01 9.411911436179788382e+01 9.508434967748509337e+01 8.379548793113632144e+01 7.569000159472594191e+01 6.029663159940574957e+01 7.146648868247292796e+01 9.105449655430561506e+01 8.478141516645322895e+01
2.068659887509985751e+01 2.099251186408501368e+01 2.129286485536679763e+01 2.159020980710543114e+01 2.188662543418394790e+01 2.218373087956443968e+01 2.259184981308557028e+01 4.159905025995481509e+01 4.362732033152256861e+01 3.379786038852542163e+01 4.849308136600240715e+01 6.882833872634597583e+01 7.371898181167938446e+01 9.384749756966139955e+01 9.402566134862343006e+01 8.985547429164751065e+01 8.925985462484948130e+01 9.779582640075909694e+01 9.011944247641608285e+01 7.625549032989532350e+01 6.387531456130536611e+01 8.326684733580081854e+01 9.024481305858974167e+01 7.892999501945574536e+01 6.239421894939757607e+01 5.572072050009037980e+01 7.578192155122368945e+01 8.810470365958320826e+01 9.615247549522037218e+01 1.059447990663570209e+02 1.028976003564809361e+02 8.327015871906269240e+01 7.193697985876349321e+01 6.330845703846100747e+01 8.278746487410930399e+01 9.916912098168219813e+01 1.035921400596670736e+02
