LEM/sinusoidal_perturbations/elevation_000003.asc
nrows	100
cellsize	150.0
xllcorner	0
ncols	100
yllcorner	0
NODATA_value	-9999
[rows 34 to 50 of 100, columns 0 to 36 of 100]
2.064481644892168701e-03 2.000206448164315987e+01 3.287483378897877628e+01 4.442183915722562659e+01 4.468984634715945958e+01 3.640534792571604328e+01 3.965222307132114565e+01 2.966479885298139862e+01 4.963964728966072926e+01 5.725404037886818287e+01 5.229986032090759096e+01 7.154217811501528956e+01 8.119807625247074157e+01 7.839074538408671344e+01 7.004949134563177893e+01 5.779654955916134185e+01 5.623319137885297891e+01 6.529021808496209189e+01 7.701565567758267150e+01 9.780646295474591057e+01 1.088236865438749561e+02 9.739532942138772853e+01 8.081911695904051385e+01 9.739533002299241105e+01 9.218868081041102869e+01 8.414202838711909749e+01 7.175725676658709062e+01 6.359504728256487027e+01 6.087959119766853888e+01 4.408066831399234076e+01 5.773371750976146188e+01 7.571947532925807423e+01 8.200060411994478216e+01 6.212422407448699602e+01 4.778112570202295473e+01 4.138528320044448350e+01 3.526762167187156649e+01
2.905961989428186391e-03 2.000290596198769322e+01 3.740168395221413533e+01 2.912529988404227055e+01 3.198453136824890564e+01 1.647672682625448459e+01 1.973154680644772441e+01 3.965222307132130908e+01 4.938520176480844270e+01 3.746640772513825368e+01 4.486821726549509037e+01 5.295334933621337115e+01 6.707265034094783118e+01 8.703301012349359667e+01 8.638942137880353300e+01 7.801290378514816837e+01 7.651506549191979900e+01 8.496520642486585473e+01 9.427499001234602360e+01 1.068144957955718439e+02 1.005764272399854491e+02 8.081911694008530844e+01 6.953997555704117417e+01 8.147336689759907813e+01 8.968452609493830607e+01 7.576523536831118122e+01 6.359504728256494133e+01 4.382398043452962355e+01 4.096850492219957829e+01 5.511292971445845978e+01 6.425185446256122646e+01 7.194160362016071986e+01 8.003740665365639018e+01 7.605965818851336735e+01 6.794588100435346689e+01 5.549569647417462903e+01 5.208320159089725365e+01
3.542675937824442140e-03 2.000278814090837187e+01 2.519881912041246252e+01 9.173842433502080951e+00 1.204302594825462513e+01 3.198453136824904064e+01 3.965222307132114565e+01 2.531421353317804446e+01 2.951057551437865101e+01 3.940389142814212420e+01 5.351834418838411267e+01 7.292953750633812149e+01 8.119807626414885249e+01 8.062378105760745939e+01 8.075541343364024272e+01 7.237224923581938185e+01 7.949892766070831840e+01 8.793076124394445969e+01 9.706183454326009041e+01 1.088459140185966874e+02 1.030613247097266765e+02 8.337460053388780068e+01 8.147336689759843864e+01 6.195445472634614248e+01 7.496906632703796447e+01 6.759943351062838701e+01 4.797956612618748551e+01 6.359504728256487027e+01 5.834708767677128094e+01 3.849272884830040908e+01 5.603908424214113637e+01 5.250238491856757150e+01 6.968694717365703184e+01 7.773434925125290818e+01 8.350581737948328964e+01 6.635886365382907570e+01 4.617074013164091895e+01
3.411803931810562015e-03 2.606439188890774528e+00 5.229158245380012282e+00 2.519897473166201962e+01 3.198453136824860366e+01 2.613085889851297949e+01 4.611654683437604518e+01 3.935649166922908648e+01 4.094526681862831197e+01 5.767336437426099849e+01 6.775088230498317898e+01 8.225031748814971877e+01 7.473110034378835564e+01 6.035943958819531474e+01 6.379495642952173284e+01 5.226579845496994636e+01 5.935803377718418972e+01 6.834287080483994714e+01 7.996458767793619415e+01 1.003360631427275678e+02 1.112794441389066264e+02 1.031093456349604196e+02 8.968452609780094065e+01 7.496906632703820605e+01 5.548702608531681335e+01 5.228673807214130420e+01 6.759943351062838701e+01 7.576523539180456623e+01 6.331459781588639402e+01 4.386849889346078157e+01 3.604677794350432407e+01 5.380337474580128543e+01 5.023362330326484226e+01 6.567404904943906274e+01 7.365893440090475508e+01 7.453031303022260090e+01 6.635825796427467083e+01
3.327314952832964925e-03 2.000332731495110039e+01 2.519897473166485469e+01 2.153042217481631582e+01 4.152216170423051267e+01 4.611654683437601676e+01 5.440571697245094640e+01 5.933592120263531200e+01 6.091879577555747005e+01 6.922322461127295412e+01 7.849495720105390717e+01 7.462081328951423131e+01 6.454198832045088352e+01 4.616885970275033202e+01 4.372336980524753614e+01 6.379495640434215176e+01 7.078974920138287530e+01 7.914562902444588133e+01 8.816172593049284956e+01 9.984186633460886640e+01 1.084204972524992314e+02 9.581650434568088315e+01 7.609761947689999317e+01 6.234522177451083991e+01 7.496906632703795026e+01 6.354156638073422414e+01 7.998643319842955179e+01 7.671758430346619662e+01 5.776292259343401270e+01 6.331309596815115981e+01 5.380337474580179702e+01 3.370695638898148871e+01 5.162315082525422838e+01 4.685328680816577673e+01 6.522818195671182195e+01 7.339013630114487796e+01 7.112654013114693896e+01
6.779948344387334673e-03 8.951051858343467060e+00 2.049805724203394419e+01 4.049804836363860261e+01 4.980926200266429049e+01 6.210419172249501685e+01 5.381502627895508084e+01 4.903412148105366697e+01 5.733223516179533163e+01 5.941929269251652102e+01 5.932234147299144666e+01 6.010010369280518461e+01 4.592841846643356263e+01 3.616040921937909758e+01 4.052542929048700415e+01 4.552803671567438215e+01 5.069853320916909212e+01 5.967045088405300390e+01 7.127359235068173859e+01 9.141883977698427088e+01 1.001378625528007262e+02 8.036628693621088360e+01 7.059982879182032889e+01 8.187314713752904538e+01 9.009418433569412343e+01 8.310290080352355346e+01 9.133170768780229309e+01 8.472223961056572250e+01 7.671750966231006430e+01 6.758093934745021159e+01 4.809652063132758570e+01 5.162315082525596210e+01 3.145706953476710410e+01 4.948278196404583440e+01 4.481158437374742221e+01 6.527000619621698263e+01 5.608297733537455088e+01
9.516927588586143695e-04 2.000095169275710560e+01 3.723527253030203354e+01 4.878212706977434721e+01 5.716810966672655070e+01 4.887883910900759332e+01 3.381220607344993567e+01 2.902909859333272280e+01 4.568425109812144314e+01 3.957344940955380963e+01 4.546111051420732707e+01 4.768684140856906595e+01 3.174298606495676722e+01 5.177819311708298500e+01 6.058351249696998053e+01 5.689424547524504305e+01 7.078974122779673905e+01 6.228583592577321326e+01 7.389174637526527079e+01 9.403885012529849519e+01 1.084204972519494845e+02 9.025326016892205416e+01 8.188909526250762383e+01 9.850659534189095723e+01 9.508990489390519940e+01 9.225267737746860064e+01 8.380411628746630015e+01 8.302093735442649347e+01 7.467576896414624343e+01 7.561707481153892729e+01 6.758093934745021159e+01 5.969734353265720728e+01 4.948278196404583440e+01 2.927215758174421367e+01 4.737508987533566795e+01 5.545977030507960848e+01 4.701095415336693151e+01
1.945935296826602993e-03 1.414408155902765074e+01 3.414408155902174968e+01 5.278738381493154463e+01 4.887883709498883889e+01 2.887705105340783618e+01 3.473534384803629393e+01 1.748208183273466787e+01 3.652724631493978791e+01 4.241824232287796548e+01 2.543826345498124653e+01 2.766048593052918037e+01 4.768684140856927911e+01 5.177819311708299210e+01 7.186298062408013720e+01 7.699886869199119133e+01 8.535907079655092389e+01 8.240660273459781138e+01 9.078201363171221772e+01 1.024430404993885872e+02 1.184326897031847778e+02 1.099709746554823653e+02 1.016789115421674552e+02 9.508990489390519940e+01 7.514476433775445230e+01 7.880476582366652849e+01 6.419281223071106979e+01 6.779155357759007927e+01 5.519455254670413069e+01 5.948866538690993622e+01 5.572964020816576891e+01 5.212623307032613695e+01 4.866464571342558543e+01 4.737527615092905364e+01 2.715302493413499718e+01 4.668369503519014074e+01 5.422540848635809851e+01
5.600688922766023682e-03 2.000560068892103160e+01 2.450311262511759836e+01 4.450311262509992360e+01 4.036080219449332418e+01 3.207451332762090601e+01 1.473487055376108579e+01 3.473525447974161295e+01 2.035391446830884021e+01 2.240587117524018623e+01 4.241864891193083054e+01 4.768684140856906595e+01 3.291283754552788565e+01 5.294885860472123795e+01 6.288922322039450563e+01 6.790964360236876018e+01 7.426571009035339443e+01 8.138614479896655496e+01 8.983662513736464916e+01 1.016341922997994232e+02 1.117044407373738863e+02 1.177151795806576615e+02 1.030053565423164770e+02 8.268230815485175356e+01 6.897474521777711232e+01 5.945200620176951389e+01 5.359488188176131729e+01 4.827841657028270816e+01 4.373019351630244245e+01 3.959777403313431421e+01 3.566671857271902013e+01 3.194188390376787723e+01 2.842945634538210342e+01 4.387364094485304378e+01 2.570488096052339699e+01 4.024947338848639333e+01 6.096897772497916890e+01
8.215197286175309616e-03 8.173181006563364548e+00 2.231531663029406332e+01 4.231531663028295753e+01 3.207452575226376723e+01 1.207411013281015144e+01 3.207452575226376723e+01 4.258831033606180938e+01 4.036213731622193990e+01 4.241864891193083054e+01 3.655234612625849877e+01 5.658112456856349581e+01 5.294885860472118111e+01 3.846058470149296227e+01 4.282647499909894862e+01 4.783083081254396518e+01 5.416791096745921408e+01 6.126302147487762539e+01 7.286562775957621341e+01 9.304654671444789926e+01 9.158537749830863106e+01 9.747783171627649779e+01 1.060616172987156887e+02 9.717027964988885458e+01 8.720158953163459614e+01 7.880476582366652849e+01 6.721714914180331846e+01 6.779155357759007927e+01 6.342828342139704034e+01 5.948866538690993622e+01 5.572964020816578312e+01 5.212623307032616538e+01 4.389516579744175573e+01 2.372708361361514662e+01 4.354717095694332585e+01 5.328805043177038669e+01 6.186261427857736095e+01
2.613274238814250559e-03 2.000261327423708124e+01 3.441718772559381989e+01 2.616705659420869168e+01 2.781668759859486073e+01 1.023296089701351974e+01 1.626318778350463745e+01 2.258774302431091741e+01 2.965881020167704918e+01 4.965977745073435301e+01 5.658112456859751660e+01 6.488888982737933020e+01 6.684285743612450403e+01 5.002348110665202796e+01 5.439658077989806628e+01 6.790593466406998857e+01 6.421791469584272249e+01 8.138614214206391750e+01 8.983681745205625191e+01 9.747783328344958420e+01 7.823258141551511358e+01 8.637081373441614573e+01 8.637081340452829181e+01 9.195195988558724309e+01 1.002708386373619334e+02 9.535349643834970834e+01 8.269474926127422520e+01 7.159289834076554371e+01 6.349159792925163970e+01 5.650679400369936900e+01 5.014307856263528862e+01 4.817687535901339402e+01 4.196204815026706569e+01 2.248301367433196418e+01 4.054838605277979013e+01 4.453092658272881010e+01 4.408585694933572086e+01
7.532853315450405325e-03 2.000753285331365916e+01 2.383119721828919069e+01 6.166900326008194710e+00 7.816472523692833185e+00 2.781367657889566658e+01 2.092341150787202508e+01 4.092421787525099575e+01 4.965977745072007821e+01 4.230799021545645644e+01 5.645085843029097816e+01 7.645669780471685328e+01 7.844738654086773977e+01 7.010259202551144142e+01 7.448943394322608924e+01 8.284610771678505614e+01 8.435572669829190318e+01 9.282031576774130599e+01 9.804466417561422986e+01 9.584276021845487037e+01 8.637081373441614573e+01 6.809627745136147325e+01 7.858047093965447516e+01 7.379447270819446203e+01 9.158740274890389799e+01 8.362572920789490638e+01 7.444455268162118955e+01 5.549456572635128992e+01 4.386417431274351486e+01 3.600495961991181559e+01 2.895097421044732044e+01 3.186025115813352926e+01 3.266918730965785755e+01 3.874700211423109408e+01 2.083846453921412945e+01 2.936968403265453631e+01 4.700495588152454474e+01
6.101047412966256744e-03 2.000610104741118178e+01 3.857499249249701112e+00 2.385759246505003617e+01 1.537582142797595175e+01 3.539698232768311215e+01 4.092380790314329886e+01 3.506564259378450998e+01 5.506806977595465469e+01 6.231043311973111543e+01 7.059977608829365181e+01 8.150280527487588245e+01 8.416587897832800991e+01 7.617318626775265500e+01 8.416587909397827616e+01 8.048553461843016521e+01 8.846096180247032237e+01 9.804466417561303615e+01 7.809384310809426211e+01 7.594377688566251550e+01 9.017083913931612926e+01 7.858047093965441832e+01 6.085582381591649437e+01 7.858047093965441832e+01 7.839788462479559428e+01 6.345481696956513673e+01 7.839507276174903438e+01 7.159289834074256476e+01 6.349159783725175998e+01 5.262998537823400369e+01 4.249729795066222948e+01 2.084073691921900107e+01 2.011330197254154584e+01 2.036709852055804149e+01 2.062148954856916561e+01 3.615721159105657279e+01 4.207555858656571957e+01
6.842009524227352091e-03 1.592945180960514184e+00 2.159298163459811803e+01 2.018718030667399077e+01 3.540584048764892344e+01 2.952737364730218417e+01 4.959807558390306781e+01 5.506806977595452679e+01 6.335985254308540959e+01 7.059743039554328448e+01 6.278603035914476038e+01 6.278603035905124585e+01 7.438956785644819547e+01 5.651429538080468262e+01 6.668848086393234098e+01 6.097357502898620396e+01 8.048553070561082734e+01 9.163487945364306597e+01 8.175535929922851608e+01 6.290074879965853683e+01 7.273325148832500986e+01 6.898187286382771788e+01 5.679298214474038531e+01 7.448132599491191286e+01 7.015966612486080578e+01 5.147912015745610859e+01 7.015966612485892995e+01 7.631557109846023934e+01 6.703092098820670230e+01 4.333964082350048841e+01 1.967376068066198158e+01 1.974546330878409961e+01 3.519790159903494953e+01 3.978776504409253789e+01 4.054818833606039163e+01 2.097526109395612792e+01 3.663649992815935263e+01
1.934550753332892102e-03 1.999509644637073436e+01 2.986551037984600399e+01 4.017735708243876758e+01 4.843991851007618976e+01 4.959864464205330847e+01 5.793767882447868800e+01 6.269739962215609097e+01 5.494448946158900071e+01 5.216853378762027660e+01 4.439598684803269180e+01 6.278603035914476038e+01 6.634374082421231833e+01 4.642099277705207072e+01 4.684084217359180258e+01 6.426966675616237978e+01 6.426968371836713345e+01 7.944484937275815639e+01 8.909222448846335851e+01 7.273325148832532250e+01 5.454943656024236986e+01 5.129624247336765563e+01 6.827560047048092429e+01 7.751091889441590865e+01 6.302425671383626593e+01 4.498390303142546287e+01 6.302425666762812995e+01 6.840464098718911146e+01 5.138515314679441559e+01 5.115889480758016106e+01 4.155258108110761839e+01 1.947682892637922691e+01 3.432920158077949679e+01 4.246930953304774903e+01 4.196997496261523963e+01 2.165475576752906761e+01 2.132359677047171331e+01
4.364784840791047053e-03 2.000436478483893765e+01 3.374430661702876932e+01 4.206426074921490255e+01 5.365422945117881426e+01 5.900529553591540122e+01 5.102877086101850779e+01 5.081479662628103711e+01 3.658315249441187689e+01 3.381735912505357788e+01 4.677029552044849225e+01 6.520103382514790269e+01 5.881365062939754296e+01 3.860470401793785555e+01 3.841887259453561398e+01 4.441615731506644238e+01 5.206698501689252367e+01 6.331200504754964697e+01 8.198799985944884838e+01 8.086312967682366093e+01 6.659662773362592247e+01 4.771189821955550059e+01 5.544625927683187427e+01 6.784829781067388410e+01 5.740231567450854300e+01 3.942602355119267088e+01 5.030776373621587538e+01 5.807092330622955956e+01 5.587208934813531869e+01 3.889154848668412967e+01 4.033200230133247288e+01 1.920921047320956632e+01 3.175511289751685240e+01 3.159519392339105792e+01 4.603213085922541126e+01 4.474342726820837157e+01 3.442543961263296382e+01
5.219006137575642711e-03 6.671885672934430467e+00 1.374295350814381678e+01 2.529003246563496532e+01 4.530841032613084707e+01 5.100696641698471012e+01 3.237572228004307107e+01 3.236354688118231593e+01 2.576935785513115462e+01 4.434356661968272562e+01 5.990073589219050376e+01 5.503257502905957921e+01 4.679690961745048128e+01 3.155715308125106233e+01 5.207733563350395656e+01 6.426967987524419357e+01 7.152233110673078897e+01 7.944482494296843811e+01 8.973411188873315325e+01 8.148853889150667840e+01 6.292624117483698853e+01 5.032850395308051361e+01 4.382387968524168542e+01 5.797048575576001639e+01 5.242789855487611561e+01 3.439888849737629783e+01 3.173475364313676650e+01 4.726247585660642869e+01 4.531812375743933785e+01 4.304472530375922190e+01 2.725510896772379965e+01 1.894870785580897277e+01 2.674418875919110050e+01 2.558566148915129546e+01 4.873146107116705394e+01 6.200079467894172325e+01 5.185580083192460421e+01
