LEM/sinusoidal_perturbations/elevation_000481.asc
nrows	100
cellsize	150.0
xllcorner	0
ncols	100
yllcorner	0
NODATA_value	-9999
[rows 17 to 33 of 100, columns 0 to 36 of 100]
5.222468517465790779e-03 8.170188396835756706e+00 1.971723999127880234e+01 3.972899176288051848e+01 4.990470453079978341e+01 5.146436691496110427e+01 3.477968087689416166e+01 4.988360143506333344e+01 4.144614305536162391e+01 5.298962180750853435e+01 7.291099287179332578e+01 8.804831060727987335e+01 7.648298959420780818e+01 6.172916844221024490e+01 4.214285881321962535e+01 6.172916844221024490e+01 6.855093684403777843e+01 7.317150402695715172e+01 5.858144019427962235e+01 3.890804916624728804e+01 2.726690279943028017e+01 4.349740872689934434e+01 4.312805543823566978e+01 2.771449317356420039e+01 3.944135430366291217e+01 5.948730062387284789e+01 7.315727004652333676e+01 7.293248191885722065e+01 8.110879266060730686e+01 7.405688084969463603e+01 6.580808408951149602e+01 5.966376979112785506e+01 5.343182449493448161e+01 2.906390527122478673e+01 3.029680885791290734e+01 4.788885751393859636e+01 5.963049456744594323e+01
7.333276091007126865e-03 2.000733327609065171e+01 3.647119477299539625e+01 4.805317619076386393e+01 4.918535178147841691e+01 5.334343118653100646e+01 5.475497092202208194e+01 6.297510420516633189e+01 6.140938392516143551e+01 6.961436055971840631e+01 8.108373367948465216e+01 7.465820056831752538e+01 6.479775234518118054e+01 4.859996669865144270e+01 3.518434077826358219e+01 5.480436226203716643e+01 4.888505415904546680e+01 6.282481891866258650e+01 6.650528818472280079e+01 5.528988897306568617e+01 4.349740872689934434e+01 2.307161734082101390e+01 2.253543421755001575e+01 4.312805541712474167e+01 5.607350508939295963e+01 6.750849434481932576e+01 6.968636786325951959e+01 5.312967993090115471e+01 6.149932886071155025e+01 8.128554218015328559e+01 6.953382467955606216e+01 5.932241420923391217e+01 5.187461991681469442e+01 4.558270250808469370e+01 2.734497802789713816e+01 4.096752867314244639e+01 6.021967332611941259e+01
6.343274376862209282e-03 1.414846919192386032e+01 3.414720247552985199e+01 3.309081196061126917e+01 2.977337721745193733e+01 3.395133760663654243e+01 4.771884617442062648e+01 5.893021753475994728e+01 7.660449135346232197e+01 8.452621749042799593e+01 8.041082978795127190e+01 6.063699603591750531e+01 4.679404283798490383e+01 3.699311183792541868e+01 2.882200823634825682e+01 4.218303130770580367e+01 3.494086378798090209e+01 5.464505783898528790e+01 6.156989659953692495e+01 5.368638511584317996e+01 4.513224212094161203e+01 3.162024455738455231e+01 1.887614666675611019e+01 3.137151750744430245e+01 4.585658942995929976e+01 6.561044420201686478e+01 6.149932886071154314e+01 4.163057370931764467e+01 5.447466311011385898e+01 7.429005937518792280e+01 6.136616554570529303e+01 4.248789480649492845e+01 3.359210887923762812e+01 3.280313379876518098e+01 2.609766443730665841e+01 5.036264909969378323e+01 6.161182905319958536e+01
3.497053469895897767e-03 2.000349705346815554e+01 2.642816494236468472e+01 1.201730112502006520e+01 1.600069353676805761e+01 2.032138859335198688e+01 3.112948591988583757e+01 4.989433777683803584e+01 5.896426886365011910e+01 7.374145381138951905e+01 7.746072114552274002e+01 7.163148266325337943e+01 6.000457004428477603e+01 5.194014065869514951e+01 4.218303130770580367e+01 2.216512004655717405e+01 4.217696975161501172e+01 4.973357184477386284e+01 5.061239541263827846e+01 3.486705348218666956e+01 4.275554082454676319e+01 3.465856241499358248e+01 1.681496577382426239e+01 3.165911127796872293e+01 5.172905166503635854e+01 6.233525756954762187e+01 5.447466311011946516e+01 3.451370534433308990e+01 5.447466311011946516e+01 6.591199945896354961e+01 6.963596737947712256e+01 5.985320679181452874e+01 4.386581612461520052e+01 2.432788543962987760e+01 4.226362542708158543e+01 3.469884324654744034e+01 4.540275100829610722e+01
9.635555453094322986e-03 3.277447312782837407e+00 6.573302913443934692e+00 2.424715032406748350e+01 3.472509521989591974e+01 3.963115032944836713e+01 2.802862378593838244e+01 4.685326236703195235e+01 4.895804579124135358e+01 5.635071756036896318e+01 4.532143338974539404e+01 5.861513205700357076e+01 4.567849622441067936e+01 3.268399526120563792e+01 2.511900570826409052e+01 1.831439418626541027e+01 3.381293000249963399e+01 3.198502849457403485e+01 3.849835268681055567e+01 2.301013279703968095e+01 3.186072403441635359e+01 1.436007372848017027e+01 3.458627297619630525e+01 3.392173752384321261e+01 4.226103042571636337e+01 4.243289220439505982e+01 4.243296016043327512e+01 2.896581269263721481e+01 3.789914997230410876e+01 5.195632824448052389e+01 7.169761805062232440e+01 6.320517114166154471e+01 4.386444543959847664e+01 4.224379343870940318e+01 2.259280777255639450e+01 4.225651801012664777e+01 5.020493647235017676e+01
8.845047570523793118e-03 2.000884504757016913e+01 2.642816494236683411e+01 1.799918608543002918e+01 3.760294237602854395e+01 5.485183020535908582e+01 4.125514776108501991e+01 3.749984813562277708e+01 5.549026317508650408e+01 4.747963471846328076e+01 2.201345411979026423e+01 4.760220945076819277e+01 6.000455511647260209e+01 5.194014065867424534e+01 4.484719049207294717e+01 3.381419304034964313e+01 1.388981034693213701e+01 2.556252811124845081e+01 2.386343763351288061e+01 1.289520191496044177e+01 1.248338574408785995e+01 3.106151199339831592e+01 3.154615038882332811e+01 1.428652451827282199e+01 3.387590133954994087e+01 3.703796032242644287e+01 2.260857449814893982e+01 3.247895108585364454e+01 5.096381575604514325e+01 6.591199945896354961e+01 6.176028190628028369e+01 5.362390541740043659e+01 4.761625297447959326e+01 3.958876756103791195e+01 2.139609290454257717e+01 2.618125779261867336e+01 3.107873023460481221e+01
8.023991185656003874e-03 1.415015961491648078e+01 3.415015961479375051e+01 3.760294238110393650e+01 3.374611167479253737e+01 5.276899682797216684e+01 6.036830630656213970e+01 5.563178446264843302e+01 5.505478276841799357e+01 3.581604875059316839e+01 1.089782004515297409e+01 3.581604987240609717e+01 5.416594056688600034e+01 5.281820171116105200e+01 4.080062387143156144e+01 3.074215920538299329e+01 1.239225460837238657e+01 1.019726558657034055e+01 1.049647992010975095e+01 1.079291373640356255e+01 1.108610597929103037e+01 1.137877996347844878e+01 1.166651188097947234e+01 1.194945166383858925e+01 2.065837562579540787e+01 1.736154321184385552e+01 3.703796951823618144e+01 4.949109543353860374e+01 5.965545166751757478e+01 5.852969807106553901e+01 5.082999270886485732e+01 3.439098833827343071e+01 3.802532176536033859e+01 1.979822728706419355e+01 3.945482911452456420e+01 4.555299140571331407e+01 5.020458545325514876e+01
4.598823041778624977e-03 1.414673445190403456e+01 3.414674211974496387e+01 5.365346656308285134e+01 5.276899683405185471e+01 5.602640659298032944e+01 4.751518836471122142e+01 4.950818461932158243e+01 3.344261969345203056e+01 1.923836982477516955e+01 3.165563084802280880e+00 2.110569933740191573e+01 3.924442727882377824e+01 4.184527971896468301e+01 2.573661681735493545e+01 1.073292083061692281e+01 9.773000964862353257e+00 2.817901335040892619e+01 2.911386096190028283e+01 2.048829159485454099e+01 3.089856633276260922e+01 2.409074296127379000e+01 3.035739026275111385e+01 3.190713967665000439e+01 1.234568782679457222e+01 1.952732790536922991e+01 2.965053697853198855e+01 4.874362456489679829e+01 6.090791383946584148e+01 4.967024280188746133e+01 3.395732884930783513e+01 3.509550073142530380e+01 1.824049626258854317e+01 3.724223091231941396e+01 4.615905496229828486e+01 5.133022352357929208e+01 5.530113965543744570e+01
7.340434288523949372e-03 2.000734043415198826e+01 2.529005444896611365e+01 4.534289783394265783e+01 4.926013279639202835e+01 4.475605739737824962e+01 2.566793120851162158e+01 3.253044725350198263e+01 5.659204224475965717e+00 2.926710722344326943e+00 3.213143174366796639e+00 6.802563034141329901e+00 2.825250646942375710e+01 4.188680140271952723e+01 2.694284230478751851e+01 2.825857642576124107e+01 9.470746137457977554e+00 1.476036485046120283e+01 3.969141421232665579e+01 4.031566081105042798e+01 4.570993039660063317e+01 4.282007057221006363e+01 4.549628744053453033e+01 3.623738776268086781e+01 1.262822205143958243e+01 2.053437425044610620e+01 3.491172164958409496e+01 4.248059661149805066e+01 4.443841069818892464e+01 3.600822122828796523e+01 2.999862998764341526e+01 2.311274263823852948e+01 3.569078963969941043e+01 1.625708546639587482e+01 3.804109506935115803e+01 3.643061804347367882e+01 4.499680565233231277e+01
3.515918393995972821e-03 8.947926446763904806e+00 2.893838163211450620e+01 3.758642437190900409e+01 2.842846762752376222e+01 2.860617855596413506e+01 1.391807421674565504e+01 2.348609687231477139e+01 2.543926727618319727e+00 1.838956942633158320e+01 2.044809088386934803e+01 3.654985307515187021e+00 2.044572825140178196e+01 4.083285650273013800e+01 3.235535968354638925e+01 2.627348462107112681e+01 9.167343625570614662e+00 2.794171047242958394e+01 4.596984777144064083e+01 4.881128276385510389e+01 5.763345507188953576e+01 5.539775434089131068e+01 3.370645163897822272e+01 1.508901030204512672e+01 1.291620587031931677e+01 2.668341542047527426e+01 3.355378833127921467e+01 1.666702586165248690e+01 3.127811192689582498e+01 3.576092727529012194e+01 1.776244880172530927e+01 1.571044298880794798e+01 1.603607349090826162e+01 1.637508050627269895e+01 2.539451927811385445e+01 3.628090840259741867e+01 3.562779758353642734e+01
4.608085242692564441e-03 1.905566811004029404e+01 2.158783981429741416e+01 1.555590356213291514e+01 2.144620837801271662e+01 6.968363967556227223e+00 1.884890026537667351e+00 2.166575778080177539e+00 1.867019434085522178e+01 2.656533979255592470e+01 2.335609137611947617e+01 3.978038753264840910e+00 2.196595843859023844e+01 3.748119568993909922e+01 3.285225506139184404e+01 1.812502783382711868e+01 8.862685629774153639e+00 3.079755566644340448e+01 3.673763333172401246e+01 3.179850031688637557e+01 4.798044042916922081e+01 5.546564771309334674e+01 3.371041700360650850e+01 4.004777328593880270e+01 3.350789513053197766e+01 1.334284891136055506e+01 1.365498769056261175e+01 1.397588094896242694e+01 2.753751326414578315e+01 3.001918356780410591e+01 1.524608903167240825e+01 3.606379793181734073e+01 2.754965844965231980e+01 3.541304440230146611e+01 1.685129422175955938e+01 1.718640847953049544e+01 1.753158702701613691e+01
1.610643649003322799e-03 2.959830493471020119e-01 5.903873591061493675e-01 8.848874839946705428e-01 1.179515714886167244e+00 1.474240785525966935e+00 3.183822482737753923e+00 1.980385714559115939e+01 2.702071395201952342e+01 2.681457043691922593e+01 4.429353615819167089e+00 1.451667589173198891e+01 1.336560648112070027e+01 3.223219469616521593e+01 3.332042486542091808e+01 1.788660382642483881e+01 8.556927405825916821e+00 2.772097098073751198e+01 2.146157887599122205e+01 2.920461960207755681e+01 4.054768907610224460e+01 5.751835834516320034e+01 4.947293001406350044e+01 4.969431952974180433e+01 2.839044256360650920e+01 3.431085682424313887e+01 2.952876073328280171e+01 1.590963000105795722e+01 1.443894980842877196e+01 1.477529204811563979e+01 3.494717324567676542e+01 4.604699687839202937e+01 4.083255278512876174e+01 3.908292587150068442e+01 2.411795405305660367e+01 1.847414668576368157e+01 3.769259810658597587e+01
2.022278438842990342e-03 1.239775855926323800e+01 1.611658370007612362e+01 1.878179806614534542e+01 2.020527032837037851e+01 2.103890422317380171e+01 4.167516886042965218e+00 1.623039998751227486e+01 3.264508292550897295e+01 2.741382483474994203e+01 4.740669815564770850e+00 1.987573256222891871e+01 2.565486096345899725e+01 3.672988829371722375e+01 4.086979114782793232e+01 2.911078183060737601e+01 8.250348209113953502e+00 1.218144076823880262e+01 1.640511627932754735e+01 3.466009264473392903e+01 4.348160307116332035e+01 6.100778238618788407e+01 6.993570292707357794e+01 5.813745235905853548e+01 4.970291174014429458e+01 4.840435589399407945e+01 3.750651484593259966e+01 1.741694347201340776e+01 3.530597391796853657e+01 1.556065089795174572e+01 3.001082087844119783e+01 5.062134300607677773e+01 5.849621333698472370e+01 5.152784093823302669e+01 3.915861598852844594e+01 1.978157362053566004e+01 3.949643225682548575e+01
6.642187732006160465e-03 5.048725895070957037e+00 9.917179190723221183e+00 1.469691204644255222e+01 2.824990183921447340e+01 2.874216086684553773e+01 2.407544406698226069e+01 1.636872997142270236e+01 3.477969786541572006e+01 2.643814246864336681e+01 5.044639516237038102e+00 2.070095857003742879e+01 3.098026106419661474e+01 3.227903407618825327e+01 2.898034631929434113e+01 2.636052552529574555e+01 7.944369751055119444e+00 1.333431509429568074e+01 2.963444672175458194e+01 2.360738700103330245e+01 3.343505879108570866e+01 4.816243907847456285e+01 6.924887800596688692e+01 6.626225247940118379e+01 5.228262813896306227e+01 4.078781223981790305e+01 2.067091271396109775e+01 3.758355245512208853e+01 3.812533152581919893e+01 1.732316895985335492e+01 3.814283897200888163e+01 4.965706962282223458e+01 6.143567928227355424e+01 6.042208509938543415e+01 4.078962135844301429e+01 2.111195405957952431e+01 3.489952712683911784e+01
1.591255364720534126e-03 1.993733812468560984e+01 2.911695616468341896e+01 3.062330825470231943e+01 2.191556814409853260e+01 3.752789785274522671e+01 3.983094018601033071e+01 3.060958945641503348e+01 3.582570148794756193e+01 5.467230979437186278e+00 1.158308627021824577e+01 2.246120058974175393e+01 6.537420881302230313e+00 6.850400754641871259e+00 7.196183290550763445e+00 7.513388453899924713e+00 2.459713815438075102e+01 2.910641898992367871e+01 2.139102350673287489e+01 3.841212400204386768e+01 3.668899911173331674e+01 5.712688825397289349e+01 6.706998987620583819e+01 5.567652589113019701e+01 3.830297258623051704e+01 2.410385823197589517e+01 4.078781223982624482e+01 4.900378170237449638e+01 4.653792265824407792e+01 2.670237157586471355e+01 2.042169223913352027e+01 3.258850126521851820e+01 5.312738682959182057e+01 5.214105034543011641e+01 3.204935514274079367e+01 2.244433207095667981e+01 3.368102580860001183e+01
6.189296070378335485e-03 2.000598346762636837e+01 3.826691684392427817e+01 4.525134104262376411e+01 3.289973363476291723e+01 3.301319753104171895e+01 5.008697509181783403e+01 5.135580345376163081e+01 4.075933423633158981e+01 2.686270251889119010e+01 5.887712261443398098e+00 6.185413932670682513e+00 6.660615049751824834e+00 1.875106788948066239e+01 2.107135244093703008e+01 7.455429595509789564e+00 3.061581940509632815e+01 4.532748419925359684e+01 3.083762476381390982e+01 4.609774376811142815e+01 5.713270801163202606e+01 6.571587708949725481e+01 5.879040948554285251e+01 3.916790172744084231e+01 2.769014035708815413e+01 4.407027271880737374e+01 5.228258634280874162e+01 6.174565704346632344e+01 4.145552955483444890e+01 4.354262592344142035e+01 2.269363028956179562e+01 3.756862217299959639e+01 5.796514524128757984e+01 6.043301428008023635e+01 4.341665892503404223e+01 2.376258413119181512e+01 4.342383067584304968e+01
2.247884206357958405e-03 1.000224822897818200e+01 2.414448887898242191e+01 4.414922702779849573e+01 5.029115199038776751e+01 5.039437799929390849e+01 5.791621525038657126e+01 4.995217765165363488e+01 2.836951986568254469e+01 1.340605434877878466e+01 2.702996150977728362e+01 2.089445089035320535e+01 8.013249264243242465e+00 1.251311546910019068e+01 2.085263118875734989e+01 1.024678361947385952e+01 2.991742694707752648e+01 4.118329398505582617e+01 4.876317917110066702e+01 5.667689793492655070e+01 6.128967545713614129e+01 6.951112877466843543e+01 6.126134904177592233e+01 4.164137556841736654e+01 3.030649150822017290e+01 4.417152984029948470e+01 6.384471752947928991e+01 7.002605275770645221e+01 6.174565704343196870e+01 4.587029813386336485e+01 2.505096496324922839e+01 4.587029813386336485e+01 5.763727129935747229e+01 5.620009160563128603e+01 3.599899793690217109e+01 4.342382926403007559e+01 2.558112122213899653e+01
