LEM/sinusoidal_perturbations/elevation_000239.asc
nrows	100
cellsize	150.0
xllcorner	0
ncols	100
yllcorner	0
NODATA_value	-9999
[rows 17 to 33 of 100, columns 0 to 36 of 100]
5.222468517465790779e-03 2.000522246851711117e+01 3.586128903434909887e+01 4.483043873451602224e+01 5.639591560747728494e+01 5.118561599887246416e+01 3.965143273064485641e+01 1.915385176530299205e+01 3.240073075178973738e+01 3.599599698687935501e+01 3.754868549035300163e+01 2.201772352850895231e+01 3.834795416515650857e+01 3.298956578597062617e+01 1.805947708043886379e+01 3.671486353022950766e+01 5.268692797089416757e+01 5.394836687537966213e+01 5.964327641463618335e+01 4.962038145657879795e+01 4.102409403752921691e+01 3.180061104335581490e+01 1.261956764099928563e+01 2.354438955781616372e+01 4.251296102288113588e+01 3.834189369988489204e+01 2.925105578068561485e+01 1.572684308987036417e+01 3.502993853523231138e+01 1.658756805218422414e+01 3.665155228416836763e+01 3.720634452242075696e+01 3.756868507144016434e+01 1.846490117455580915e+01 3.947935121216927712e+01 4.370235101602424521e+01 2.936722018010691571e+01
7.333276091007126865e-03 7.566622755435110648e+00 1.651089686918795607e+01 2.805808951791389205e+01 4.808373743392615296e+01 4.881923405897183699e+01 2.937023716172761922e+01 3.965143317442685600e+01 4.782160219730785400e+01 5.778790011641332569e+01 4.268481062648780977e+01 2.586575572593369898e+01 4.268199891419013170e+01 3.956459396516932259e+01 2.051485371558010939e+01 3.956864662757728723e+01 5.372127250343999094e+01 6.919903165182216753e+01 4.945531009542298762e+01 3.049473664093834913e+01 2.064318545273332717e+01 1.446178675664461721e+01 1.295035202714938194e+01 3.277567837928177141e+01 3.831087632530926612e+01 1.708539173323004690e+01 1.530027471965484409e+01 3.512395300712159241e+01 3.184897925750836478e+01 4.088956076740659284e+01 3.293122015462709129e+01 5.526864641418273294e+01 4.669337833118576242e+01 2.725773422009109126e+01 3.245075460258010480e+01 5.311903549198207486e+01 4.931928967454749113e+01
6.343274376862209282e-03 1.414847889810768677e+01 3.414847889810697268e+01 4.294557061495745387e+01 5.455256003372873153e+01 5.704603243515421696e+01 4.313912948377661394e+01 4.313913087659830126e+01 6.253503379072054003e+01 4.995995210410004006e+01 3.225195664409631746e+01 4.268481063897995398e+01 5.065238236837568309e+01 4.354034232032158513e+01 2.424834319083676704e+01 2.684024407573941318e+01 4.592951033975649011e+01 6.069861357957683623e+01 6.016495607137261459e+01 4.969820591421219547e+01 4.113567194111512038e+01 3.421219622536722937e+01 2.598604282935784937e+01 1.340272275849677008e+01 3.320485620647994551e+01 3.487853203581264694e+01 1.499890545322057811e+01 3.459356656132638363e+01 5.084484801725855618e+01 5.792154555109276259e+01 5.535867416294603061e+01 5.525136333021251289e+01 5.509169915795674655e+01 3.708927713121463654e+01 5.189685626637916016e+01 5.313205157485030838e+01 6.365043525677833713e+01
3.497053469895897767e-03 7.074564866291169984e+00 1.463385441339014825e+01 2.618093975586164035e+01 4.619713680890879459e+01 6.239960161880485146e+01 6.253471097520154842e+01 6.253502937833505371e+01 7.095279481854274195e+01 5.616955443404219750e+01 3.755570737103058576e+01 5.613931065373808593e+01 6.114448803940676669e+01 4.582073099075888223e+01 2.851906446785184102e+01 4.592951033975649011e+01 3.435065166665037140e+01 4.754467126060786342e+01 6.578777799355599143e+01 6.693878730094263574e+01 5.539476184689225136e+01 3.981181520194387957e+01 1.986534154723772616e+01 3.291431627565777518e+01 1.384046853319824244e+01 3.333793818122665442e+01 1.469658259860249494e+01 3.443233891726914919e+01 4.468304333554402774e+01 5.322575924201261444e+01 6.108164441894000873e+01 7.390187419210818121e+01 6.587098498760099119e+01 5.757195830653721913e+01 6.605492215025128644e+01 7.367443683026183976e+01 6.541941781509234488e+01
9.635555453094322986e-03 2.000963555545273920e+01 3.463729553204527889e+01 4.294557100605929634e+01 3.415609528728067090e+01 4.604325890703844948e+01 5.270946580280418203e+01 6.099270585006768641e+01 7.098899614108886169e+01 6.453245761618337895e+01 4.637870296530113023e+01 6.451164602172323725e+01 5.649871650102740261e+01 3.791872616617193614e+01 4.765924900386227137e+01 3.671029657890917264e+01 5.295990453811220533e+01 4.326977685703297993e+01 6.159881646165293034e+01 5.868800072967986381e+01 3.866181536081833769e+01 2.709549962876994655e+01 3.981181520194387957e+01 3.409435496119618136e+01 1.462299886506220759e+01 1.426627406573055623e+01 1.514596694878841276e+01 1.656057357032422672e+01 3.675857146169001766e+01 3.331641875873835090e+01 5.308118953944495644e+01 6.012373380284419255e+01 6.168090067514383179e+01 6.019151221966059495e+01 6.019229539703155041e+01 8.008158708265908388e+01 8.512365068037360061e+01
8.845047570523793118e-03 2.000884504757016913e+01 2.809033847407104290e+01 3.245455353004675203e+01 2.001415414803087955e+01 2.604438099047779076e+01 3.271104729531285216e+01 4.271102559009705857e+01 6.270829484589361869e+01 7.446353800153822533e+01 6.596031501563859933e+01 7.446580987250169414e+01 6.529273823490234463e+01 4.957329710830295966e+01 6.034703347735032963e+01 4.245596463426327460e+01 6.051349338307405645e+01 5.013242886421789279e+01 6.856619285958713306e+01 5.868802254355802717e+01 3.866181536165451860e+01 3.866181536098611105e+01 5.539476184689225136e+01 4.323365124906254664e+01 3.452487383904028206e+01 3.415643852662952895e+01 1.704980536894479215e+01 3.673188966446208070e+01 1.905563517410668339e+01 3.918966198324026351e+01 4.348915315802037185e+01 3.966775555335724590e+01 4.166377165033638619e+01 4.016555307870051195e+01 6.019258174701404585e+01 7.166198962484341450e+01 6.650532550701397838e+01
8.023991185656003874e-03 4.008023991185639012e+00 8.090506895824233879e+00 1.245486470054400208e+01 2.400186694471614501e+01 4.400113813583627120e+01 5.270946580280418203e+01 6.099283664077179168e+01 7.099721190974123886e+01 6.478699064406426089e+01 7.311873426400001108e+01 7.542868259427386590e+01 8.129371782952716785e+01 7.387583283566010550e+01 6.451180557026303575e+01 4.922034124830799584e+01 6.737525160423049897e+01 5.916099627533870375e+01 7.658953745214071773e+01 6.693942525714781766e+01 5.025773602618443192e+01 5.868800941569143248e+01 6.693883422382548076e+01 5.401065499283404137e+01 4.136085088199347837e+01 2.124735511880629346e+01 3.716734044218280530e+01 2.200470125535834498e+01 3.920314797167805665e+01 2.160471722039320497e+01 2.339532625907011720e+01 2.538166317722055254e+01 2.740474331503281036e+01 4.752665402092458180e+01 5.272639450089446456e+01 5.196556819680873929e+01 4.689626161591459663e+01
4.598823041778624977e-03 1.000459882304169135e+01 2.809033847427928521e+01 3.245455353004675203e+01 4.073758669955179812e+01 5.228352542603170150e+01 6.544666568235780346e+01 7.379344268743258795e+01 6.154081272928996782e+01 4.475723834314150906e+01 6.154081272929013835e+01 5.685103011699689546e+01 7.168150183655744456e+01 8.480146055060976096e+01 7.539657442791667563e+01 5.945367591510148486e+01 7.539657442791667563e+01 7.232180794286000491e+01 8.612152313585856689e+01 7.844916062697747350e+01 7.020407081863100984e+01 7.279739803062119563e+01 5.862137597901391928e+01 4.569924241429752243e+01 2.558320202206225602e+01 4.133651280299037012e+01 4.566762658743662939e+01 2.555913424820423430e+01 4.566764651237592432e+01 3.583734165023000884e+01 4.348388755955053853e+01 2.944984830753532279e+01 4.752369698631175510e+01 3.044606195934349557e+01 3.262811926174997268e+01 3.803058392865725068e+01 5.773498327917083373e+01
7.340434288523949372e-03 2.000734043428816733e+01 2.633453044159580614e+01 4.047666606532423828e+01 6.047666606402533063e+01 6.232439430587343310e+01 4.570012631731299990e+01 6.232439430587343310e+01 5.322212297801363690e+01 3.326936929582029734e+01 5.043686646770053983e+01 4.411894624397994846e+01 5.643742621953411032e+01 7.230799108918334639e+01 8.389788135005036906e+01 7.819632523358204423e+01 8.639554740595448834e+01 9.161068572522327713e+01 8.532062162235374103e+01 7.531478257162120826e+01 6.700600053009668500e+01 6.097790836635918765e+01 4.444523695787525241e+01 3.019605177569455634e+01 4.569924241429752243e+01 5.396330710170725808e+01 4.940274004159726218e+01 2.928948899209348156e+01 4.934603075826305485e+01 5.601978136052986201e+01 5.383096609831374479e+01 3.385157871406361352e+01 5.383105159355049807e+01 5.055899677054687658e+01 5.272639722908551363e+01 3.607618996788854560e+01 5.613423110739213939e+01
3.515918393995972821e-03 2.000351591839364218e+01 3.983587168259028743e+01 4.024584748029579373e+01 4.162252980822398740e+01 4.979436976932197467e+01 3.437677922657257312e+01 4.268996834379517935e+01 4.009653035337431248e+01 2.576744250033725336e+01 3.057721532137994913e+01 3.653582099059411092e+01 4.401009236743964692e+01 5.550856403607399159e+01 7.557251537134625607e+01 9.054540409353651853e+01 9.886230281660117214e+01 9.115041931308051915e+01 7.112274083610444109e+01 5.702328900960652192e+01 4.701313673445876873e+01 4.093319189203424457e+01 3.532516367955170011e+01 4.444523704805699538e+01 5.862192131992154032e+01 5.559934152095650006e+01 3.552005782140772538e+01 4.940274004159726218e+01 4.353909751221126356e+01 6.356004122538599432e+01 5.848238174537535627e+01 3.860716464990382946e+01 5.848238174537535627e+01 5.998633008398781641e+01 3.997213384886384802e+01 5.613423084188141843e+01 4.431695457307695563e+01
4.608085242692564441e-03 1.155161346903510733e+01 3.155161328932311804e+01 2.023876435583314404e+01 2.055068427247195828e+01 4.025573313976513390e+01 4.268996834379041161e+01 2.294713026195936578e+01 2.014126054959968926e+01 2.397413253150599388e+01 4.393869466667241142e+01 5.643742621953410321e+01 6.398858766691927258e+01 7.230799108918334639e+01 7.632630559484856292e+01 7.043656215197310644e+01 9.054540409353651853e+01 9.534165073814089908e+01 8.333238657636898949e+01 6.333672899783780252e+01 6.700599420678862828e+01 5.442711676664229969e+01 4.023051727940971745e+01 6.028162933565038628e+01 7.279860559178611368e+01 6.019608702818315038e+01 4.015933789300754597e+01 6.019608702818315038e+01 6.356121124233859376e+01 7.182104171109541824e+01 6.661002362156699519e+01 5.013041597698162377e+01 4.712402192354694108e+01 6.275285130758781094e+01 4.277735676812324783e+01 6.275732818049418427e+01 6.428694593506187971e+01
1.610643649003322799e-03 2.000161056158248485e+01 2.353753082041813727e+01 6.105103546262477643e+00 2.463569330768244470e+01 3.063472173429288858e+01 3.278413254246006403e+01 1.630397627227627311e+01 3.627541125148612622e+01 4.393869466667241142e+01 2.972010799983840457e+01 4.970898700343505539e+01 6.048451381522685466e+01 6.627708636139452381e+01 5.622786712794056996e+01 7.632630559484856292e+01 8.944357130717718007e+01 7.529852272890221343e+01 8.944357130717718007e+01 8.333238657636898949e+01 8.274017688044628471e+01 6.582981618933317236e+01 4.582838665767537378e+01 5.997652338774624070e+01 7.996039824768712378e+01 6.774271768963174623e+01 4.777620972298389290e+01 4.964671408371322769e+01 6.377039106481051789e+01 8.368784800198505991e+01 7.797927112858963028e+01 6.989137915653941491e+01 5.337243182101615702e+01 7.089525582425660843e+01 6.275732824849914238e+01 4.693807712047092906e+01 5.080327205309082217e+01
2.022278438842990342e-03 1.769788742587050434e+00 3.544496347524857427e+00 2.296880997437600058e+01 8.753562216902814441e+00 1.076268201360023724e+01 1.280216049272815937e+01 3.271844864922005769e+01 4.292036151114021436e+01 5.125561075702520952e+01 4.970898700343505539e+01 3.586818534554827664e+01 4.044395755620622879e+01 4.621104280160930244e+01 6.627708636139452381e+01 8.464943248428720324e+01 8.116901900661805769e+01 6.097399235321970679e+01 8.116901900661805769e+01 9.519137652364007351e+01 8.215749640214646377e+01 6.216038186138774080e+01 5.997653690807398874e+01 5.997653690807398874e+01 7.996113268588882761e+01 7.599305911145326320e+01 5.778273154960889002e+01 6.377039106481051789e+01 6.377039106481051789e+01 8.368784800198505991e+01 8.657637728143070888e+01 6.714552823095252165e+01 6.304683973504625527e+01 8.081226620147678830e+01 7.143201053590965444e+01 5.154143793438660737e+01 7.069759349330257692e+01
6.642187732006160465e-03 2.000664218773165004e+01 2.353753083250656530e+01 3.147802592190135584e+01 1.409327314237760120e+01 3.074910257567131922e+01 3.248947910571906306e+01 1.823428882603769452e+01 2.293622050277861035e+01 4.294712483584982010e+01 5.883293480584826085e+01 5.588689489388935527e+01 5.460116772511551630e+01 5.679811105895909407e+01 7.460003378810847607e+01 8.594069726251147756e+01 7.353601640015912722e+01 5.319465457531249797e+01 6.675556245854355097e+01 7.866111999809680810e+01 8.694834285195182133e+01 8.215750585171183218e+01 7.996113268588882761e+01 7.996113268588882761e+01 8.831106202653053572e+01 8.595261796692173561e+01 7.186996397149714255e+01 8.368784800198505991e+01 8.368784800198505991e+01 9.193826155458175720e+01 9.451468150196474483e+01 8.657637728143070888e+01 7.613178532768701245e+01 8.991290880554721809e+01 7.625164051245226915e+01 5.637979704278793491e+01 7.625164051245226915e+01
1.591255364720534126e-03 1.154859663915713597e+01 3.154859663862324837e+01 3.975009964891860648e+01 1.963154949629871027e+01 3.975009964964547748e+01 3.820773370292766913e+01 3.244385461096136680e+01 3.234136349274134403e+01 3.048118430658979960e+01 4.463925290959060277e+01 6.472333607178778436e+01 7.468823270902601053e+01 7.688683024232032892e+01 8.520499487242949499e+01 7.764764772749563804e+01 5.734333643264988467e+01 4.625326042195719367e+01 6.675556245854355097e+01 5.839125338999388504e+01 7.528995989848381498e+01 7.862977704826617753e+01 8.691809981614933633e+01 8.763192975436302845e+01 7.916674157817848823e+01 8.763192975436302845e+01 9.178418350101254930e+01 8.987886227316074894e+01 8.142481597828894735e+01 7.878853904080935422e+01 8.723410570523803642e+01 9.669671651668997470e+01 9.421512391944250453e+01 9.030606479465944858e+01 7.043010736341128109e+01 6.630992012306124650e+01 6.784855344442955527e+01
6.189296070378335485e-03 2.000618929607002272e+01 3.983286662094040764e+01 4.613147233264354696e+01 2.594821895133389589e+01 4.613147233271514125e+01 5.821992022215722784e+01 5.325173167527231755e+01 4.384898746145210424e+01 4.463925290959060277e+01 4.048245421520368836e+01 5.467465269363435709e+01 7.477201944994132532e+01 8.049332225528517881e+01 8.877727551398760397e+01 7.492417332884657810e+01 6.106924697716183914e+01 4.041441791362166214e+01 6.106924697716183914e+01 4.644959101225391862e+01 6.429173348340013661e+01 5.835272138093636585e+01 7.862977704826617753e+01 7.748245168364164215e+01 5.892487067711780924e+01 7.748245168364164215e+01 8.565864223930002197e+01 7.816783501000723788e+01 6.119282111461214413e+01 5.856404042467050886e+01 7.552960056695896185e+01 7.359420589017318548e+01 8.763305353608490122e+01 9.850157215872917504e+01 9.030606479466608505e+01 7.779443558219121257e+01 7.933493691108789392e+01
2.247884206357958405e-03 1.154925326799897611e+01 2.569138889181288832e+01 4.569138925742100810e+01 4.613147233269808822e+01 3.753432178029183319e+01 4.922236042814133583e+01 6.967722373584452100e+01 5.788689825227291408e+01 6.472333607178778436e+01 5.050949243562169499e+01 6.886914589804136710e+01 7.712744701317582496e+01 6.024114009606606146e+01 7.712744701317582496e+01 6.659035828345975006e+01 4.607105013569790231e+01 3.553105565973859825e+01 5.044767519522321919e+01 3.702911324735388376e+01 4.372047514437844029e+01 5.835272138093636585e+01 7.862977704826617753e+01 6.904580612764819136e+01 4.885778528079772798e+01 6.544275877257435070e+01 6.544275877257435070e+01 6.974386829750193328e+01 4.953048655092608499e+01 4.690177252131060470e+01 6.647668645816931132e+01 5.756763077144080398e+01 7.639151845037359578e+01 8.834141734780881450e+01 1.058487801550442811e+02 9.766650625297651800e+01 9.919898364879357189e+01
