LEM/sinusoidal_perturbations/elevation_000156.asc
nrows	100
cellsize	150.0
xllcorner	0
ncols	100
yllcorner	0
NODATA_value	-9999
[rows 0 to 16 of 100, columns 0 to 36 of 100]
8.271705653423140972e-03 2.000827170565306901e+01 3.181154264524879949e+01 3.888261045689075956e+01 4.716688151117477190e+01 5.871388640882290133e+01 6.621193821580988015e+01 5.795489849182917652e+01 5.541207955761852588e+01 6.364744957169284589e+01 6.354658207286792049e+01 5.798622101471241308e+01 5.662492054000583863e+01 5.288395772962467589e+01 4.773782220771899887e+01 5.593217598533569657e+01 6.339583874404441843e+01 6.701726479122784497e+01 7.236046903660725604e+01 6.434433732241153336e+01 6.953556069828643160e+01 7.560551546722248872e+01 8.305274283210545150e+01 9.122585209362409842e+01 1.025472475505377616e+02 8.732144911109979546e+01 7.569636854076122745e+01 6.731531840947498324e+01 6.991958091122312169e+01 7.429825251277640064e+01 7.650634431975859684e+01 8.492836342947813932e+01 7.944674584672070239e+01 7.944674584799757611e+01 8.798001536689388047e+01 1.063492290893103842e+02 9.775933676202147637e+01
7.813061968023241044e-03 5.781315753864255669e+00 1.181154264541947541e+01 1.888261045728482657e+01 3.042961584107713691e+01 5.042961583937690051e+01 5.795489849182917652e+01 3.895941928005252208e+01 3.655175540187048711e+01 5.258567874793121888e+01 4.486243664373969864e+01 3.942637768019869782e+01 3.800168733555075562e+01 3.520314452440734954e+01 3.061221572453729678e+01 4.773782220010144783e+01 4.509026945031555300e+01 4.861532982419500115e+01 5.785668361140616867e+01 4.629889947216030777e+01 5.120375743685968217e+01 5.693525266252982675e+01 6.414244780045400773e+01 7.481560621087231766e+01 9.430488072798833343e+01 7.888471328154614071e+01 5.884593355030398953e+01 4.734253906770088349e+01 4.992889151708558160e+01 5.427954779974208321e+01 5.646528837116593280e+01 7.366358204722448022e+01 5.934714963471922289e+01 5.934714963471923710e+01 7.944674584804104711e+01 9.599655242379188280e+01 7.706744234720028430e+01
2.526786264046545528e-03 2.000252678626369018e+01 3.181154264524879949e+01 3.888261045689075956e+01 4.716688151117477190e+01 5.156971832900548236e+01 4.308211066354176211e+01 4.452306632929376207e+01 2.611324523981802059e+01 4.452306632929347074e+01 4.486243664373944995e+01 2.603781509926642457e+01 3.399386477669170858e+01 1.885146950467886029e+01 3.800172097278192496e+01 4.564122335033520983e+01 3.231358102142073818e+01 3.607228963822683454e+01 4.001100243247424260e+01 5.785668361140616867e+01 6.953556069828643160e+01 7.560551546722248872e+01 8.188773888615439489e+01 7.389433996320370568e+01 8.269145595629809975e+01 7.744115128400316905e+01 6.585923419953566338e+01 5.578394638988849863e+01 3.580813085885836955e+01 4.017021422780634055e+01 6.014289065961725811e+01 6.523418506620484436e+01 4.531497710837756898e+01 6.523418506598957833e+01 7.893808490288077451e+01 8.741338955325517190e+01 6.701526550457160170e+01
4.163169627051843593e-04 1.414256826514638021e+01 3.414460177783449524e+01 4.121895178376764335e+01 3.714311491428931333e+01 3.157801997367823077e+01 2.126952478866781249e+01 3.178153704850672057e+01 2.046002603575200851e+01 3.897229635299521533e+01 3.816409823151566627e+01 3.031931350722151208e+01 1.460698260085862366e+01 3.399401950977436826e+01 2.365576165695562594e+01 2.713034586342827836e+01 4.403825378233219823e+01 5.400435053965862409e+01 5.785668361140616867e+01 5.785668190278847334e+01 7.669854938677514156e+01 7.263177702753964127e+01 6.395920746654923050e+01 5.144886916376930941e+01 7.071779865089936834e+01 6.906275038147762757e+01 4.906652322402687361e+01 3.755889458375057899e+01 2.953822433199067277e+01 4.946704604467760902e+01 5.976896363176110327e+01 5.142075558823688652e+01 3.905388433990436425e+01 5.049107381966550889e+01 7.047003984660692311e+01 8.061401487052467019e+01 6.044222043881578799e+01
5.883922493566802643e-03 1.833830991175724989e+01 2.627726285957066921e+01 1.697255221069812237e+01 1.978622751796772761e+01 2.839520333358776405e+00 2.401041210786057434e+01 1.304356574264772206e+01 3.177535499199789015e+01 3.955960204094419908e+01 3.031687471688292845e+01 1.078643879011331741e+01 3.031931350721697171e+01 4.180082516790071878e+01 4.245215390674302114e+01 4.564122335972341915e+01 5.338096852383035440e+01 6.378503086482471218e+01 5.540579480672410284e+01 5.664371006695638755e+01 6.515325095699117242e+01 6.047988447707809456e+01 4.286585997527490122e+01 3.999539330460647335e+01 6.141940010795796923e+01 6.813875877415605942e+01 5.983775113041672711e+01 4.489504285385827131e+01 2.516205404527378064e+01 4.489504285385827131e+01 5.142075558823688652e+01 3.162712412613955948e+01 5.142075558823688652e+01 6.673930476772494558e+01 7.169219118701838056e+01 8.009128112707873015e+01 7.201273282442507195e+01
1.256007409845548732e-03 3.043907161582035670e-01 6.075603035886114611e-01 9.108349944885569816e-01 1.214322836456532384e+00 1.517955717868297860e+00 6.157105069331175962e+00 2.338761874586755951e+01 3.243578902871699654e+01 2.860639814655760560e+01 2.714601959454207147e+01 8.218656037764629829e+00 2.494495502214456906e+01 3.490012508734471908e+01 4.581709358461083781e+01 5.618269890749937190e+01 4.771475376067132146e+01 5.054866150068558994e+01 3.343585728378467792e+01 3.583042749847691510e+01 5.664369871575573967e+01 5.119340314148708870e+01 3.111250281993539346e+01 3.171358288779828527e+01 5.270861930181283128e+01 5.983775116764441293e+01 3.996212257123862344e+01 4.109743266565315878e+01 2.167320006446361802e+01 4.109743279132046467e+01 4.121767898711480882e+01 2.726567416832845581e+01 3.848309252519168666e+01 5.834988046588117783e+01 5.169245423067950895e+01 6.849750857281733829e+01 7.896647507030768054e+01
9.594114293757748102e-03 3.877246654722183106e+00 1.145649192797899474e+01 1.048638657875631175e+01 1.833432474315033289e+01 2.006915105717410697e+01 1.949167754743593495e+00 1.401140685164831901e+01 1.934154184122221309e+01 1.975256513349329168e+01 1.516159508220681396e+01 2.172741839469683356e+01 3.875288978007664475e+00 1.634011804404470070e+01 3.721098715630364495e+01 4.770496190582855434e+01 2.723494807379817928e+01 3.322357768998411842e+01 2.114211472404650749e+01 3.633783491604834381e+01 5.817447828988477454e+01 4.253789249658956351e+01 2.264102046762613440e+01 4.253789249658917981e+01 4.976040436216408835e+01 4.228241240976200288e+01 4.527250019295496486e+01 2.598301332619628212e+01 1.842971999026498864e+01 3.608459344416568371e+01 2.201300487547958795e+01 4.121767898711480882e+01 5.520375442473461902e+01 5.956025239314257647e+01 4.023542305089819138e+01 5.956025239314303832e+01 7.294931859948637509e+01
7.711341127313004785e-03 1.576049804947316701e+01 2.136213451167136768e+01 2.234105033705872145e+01 2.338451968448695695e+01 2.554751364387203694e+01 4.424284399857564054e+00 2.381750482319433093e+00 2.689375839315447436e+00 2.998655051273803718e+00 3.310210541358445280e+00 3.624538963903306765e+00 3.943251302873801212e+00 2.375686626108891275e+01 3.248404310663192263e+01 3.448821639156989249e+01 2.697964557890861670e+01 1.288428706212146579e+01 3.316806480093667631e+01 4.835142788509325129e+01 5.508159979400221573e+01 3.567519223867611800e+01 1.827195578199654946e+01 3.299079966041011147e+01 3.022904198563808364e+01 2.690754630234089362e+01 3.932932270385953899e+01 3.357433251581515066e+01 1.513897577231065306e+01 1.741454405379355919e+01 3.608487957380516065e+01 4.943848010964558881e+01 6.074709628295804720e+01 5.124135316793921646e+01 3.128388820813110627e+01 4.458886484800080297e+01 6.054102277758609318e+01
2.297228869525369630e-04 6.227769050248668670e+00 1.247527765332681859e+01 1.996810954052886089e+01 3.360465249406450283e+01 3.354440597420195758e+01 2.691339415915312827e+01 6.857253071296100622e+00 2.369358424280815001e+01 2.485536989970342603e+01 2.518470473802062415e+01 1.362075358236229938e+01 2.360680984022568651e+01 4.399218081115153112e+00 2.412353331756770203e+01 1.899470780080043752e+01 7.364657569798153780e+00 2.388419627090232211e+01 3.498438687608538800e+01 4.289663265906560241e+01 4.342664470888539796e+01 3.201120607715409960e+01 2.648188064002879472e+01 1.235825739016697256e+01 1.623733332551090669e+01 2.572520389676376951e+01 2.762360686928392539e+01 9.461174669868688270e+00 1.323566860041328397e+01 3.141947736424290838e+01 4.417676945401469624e+01 5.245625843862764270e+01 4.648525882614266891e+01 3.237639358854468696e+01 2.450738995865494729e+01 3.169321271018328190e+01 4.199042325836606437e+01
9.647730019007896146e-03 1.978915615767153824e+01 3.073717794929339675e+01 2.930739757822031066e+01 3.060624229601810598e+01 4.202795521903005493e+01 2.127005768774953864e+01 2.896440354907770498e+01 1.517588747371900482e+01 3.788645784455655274e+01 4.354585803211371342e+01 3.369096148588520379e+01 2.599702960073674518e+01 7.131358424434052878e+00 4.858755507237839666e+00 5.183526193143525695e+00 5.506574715213207405e+00 2.510132943536025962e+01 2.229099884831859413e+01 2.850131246219002179e+01 2.682243678379010987e+01 1.843984736602250152e+01 7.933360153942398796e+00 8.253965226670587185e+00 8.576012176508472251e+00 8.898490572605648907e+00 9.220577269673729148e+00 9.542967944162546345e+00 1.815266397372315055e+01 3.055939464518983684e+01 3.931452626759872970e+01 3.232040500916683357e+01 3.263619353264797951e+01 1.810326486450023609e+01 3.822706803751221116e+01 5.143119836829026781e+01 5.604620453479221709e+01
3.582433992925927561e-03 2.000252168339964953e+01 3.980211900930475366e+01 4.646676871686001675e+01 4.026125605158826914e+01 4.254345659727872686e+01 3.885118252911366454e+01 4.474014009912903589e+01 2.185115879091262059e+01 4.482587134391992123e+01 5.005285753357201628e+01 2.968911765663106195e+01 1.551733585778077895e+01 2.607370511543019376e+01 1.490311733100531377e+01 2.482666346835722493e+01 1.971136889433804029e+01 5.959324528504037488e+00 1.909366437932286331e+01 6.848564895607057501e+00 7.164078850110299435e+00 7.479699643301954026e+00 1.144952355401789745e+01 2.744097207194741372e+01 2.959940244527788877e+01 2.677216431106665695e+01 2.360196964367207428e+01 2.959955416352802260e+01 9.993645068985809843e+00 1.692619423020200387e+01 3.056678877764548119e+01 1.200266838266380631e+01 1.327679812455863484e+01 3.263682039207635910e+01 4.648461619235932574e+01 5.670746950132517838e+01 5.757870677247744595e+01
1.813270376062421294e-03 1.154881494810653386e+01 3.154616743874115770e+01 4.430529460178908607e+01 5.664706928935139274e+01 6.115998503754666871e+01 5.975308831283002320e+01 5.290898803657786686e+01 3.004648153057537030e+01 5.290898803657786686e+01 5.006278401593069560e+01 2.968932654378241054e+01 3.002038118947067957e+01 3.407405640795096957e+01 3.449558346782714580e+01 2.956691112148664047e+01 1.289639071589367880e+01 6.543083083170238012e+00 6.404925844259818035e+00 1.238790851386214342e+01 2.176703687439698953e+01 2.715190867907965711e+01 9.477812979764728141e+00 2.682647517953446581e+01 3.526948313079424935e+01 4.544232971673846322e+01 4.421218730588497436e+01 4.519577887753028023e+01 1.085474049068212743e+01 1.043941653798672142e+01 1.075231400064207854e+01 1.106536429302535218e+01 1.212651642452506628e+01 3.147890405785742018e+01 2.863081709050230828e+01 4.283171536587784800e+01 3.753165278076787104e+01
2.372884694381488524e-03 4.474508839693941198e+00 1.602151416701988396e+01 3.602145482428515777e+01 4.390027744549198019e+01 5.218399604748871923e+01 6.112797473827961170e+01 6.156913017033755864e+01 4.360000291239856551e+01 6.156913017034191427e+01 5.861526840113091907e+01 5.006278401593069560e+01 5.159004242480909141e+01 5.224308188843615142e+01 4.400409486965001804e+01 3.119167236855305347e+01 9.975635843444251805e+00 3.018768494194454277e+01 3.161109128561376025e+01 3.152640392194980734e+01 2.111212106801289323e+01 3.696961627199257805e+01 2.641574567878402036e+01 1.129411795265496110e+01 2.574066592495110228e+01 4.001525659628860154e+01 5.229000596114757116e+01 4.108491084057675380e+01 2.032082780185003656e+01 3.167195247996673046e+01 2.859676052380842037e+01 2.025530813577378808e+01 1.149766300772725280e+01 1.180114517720105205e+01 1.419600065524375765e+01 3.445774854583564917e+01 2.586919895820880555e+01
8.175220331382775790e-03 2.000817522033102591e+01 1.154557665155258839e+01 1.757580354306912795e+01 2.390035886308076840e+01 3.284463073137192879e+01 4.698675284048842826e+01 6.698629637469051090e+01 6.562529819965835998e+01 7.396599420294928962e+01 7.074175259342341349e+01 6.073093202540508884e+01 5.243764721491564273e+01 4.611733835589346597e+01 3.570004849497557586e+01 1.504008525278871566e+01 3.119167236855226477e+01 1.591918001556418716e+01 3.647404210770056210e+01 4.909781868538134830e+01 3.415072979994899072e+01 3.979635656348891359e+01 3.878939236697836890e+01 3.059099703725694042e+01 1.312918068143078720e+01 2.433060280438036926e+01 4.475774935492007955e+01 4.937900449296750338e+01 2.997280074658548443e+01 4.946963083452824606e+01 4.523350713656331834e+01 4.228300930120665413e+01 3.628996405146325799e+01 2.714360414509364006e+01 1.226972460739156112e+01 1.723239622661100157e+01 3.741863913070390169e+01
9.124702163186202558e-03 2.000912470216283268e+01 3.154553776566435275e+01 2.787550147491424113e+01 4.390027744549198019e+01 5.218399604748785237e+01 6.112797473827964012e+01 6.449446059754932037e+01 7.277960672168318013e+01 7.663331160861218905e+01 5.657284306335827750e+01 4.242687616334984568e+01 3.245107570466502978e+01 2.609865800873259545e+01 2.012016254263109616e+01 3.570004849497557586e+01 4.030152675405021512e+01 2.010664249070608633e+01 3.444893767896500236e+01 5.443117743297849387e+01 5.544140666058645195e+01 6.018871380199987442e+01 4.861277179793540881e+01 2.849461324786014060e+01 1.451677024107912573e+01 2.921585746426616126e+01 4.848047562915871111e+01 5.854861539478756072e+01 4.430265833706855005e+01 5.855515819596543281e+01 5.927272772171857440e+01 5.104010413550405190e+01 4.321552813505811486e+01 2.584894928881908172e+01 1.262389611837683745e+01 3.184273105910030921e+01 3.151697609666880595e+01
2.239863785106879172e-03 2.000223986378475161e+01 3.828603783658307691e+01 4.787532659699892434e+01 5.615887237300309920e+01 6.103866202750684522e+01 6.123216977648058190e+01 4.449427836897375244e+01 6.123216977648058190e+01 7.367370409789747043e+01 6.879648324301831508e+01 4.876108271566102559e+01 4.624143201657100377e+01 2.622344442222640737e+01 4.033844311226641821e+01 4.862887349990675290e+01 4.438459974643276951e+01 2.438168956686346789e+01 4.438459974644793959e+01 5.995155305617080899e+01 6.355888268033916688e+01 5.521023308295023213e+01 4.679776748562115785e+01 3.602392483014384794e+01 1.607397368281481320e+01 1.771995390634189960e+01 3.992577283613965022e+01 6.170722613139376733e+01 6.439354604592168130e+01 6.504725707396224266e+01 4.521406710509581472e+01 3.103821163074913514e+01 3.836825331827107277e+01 3.240849791369172550e+01 1.298506432899722007e+01 2.726792384972859651e+01 4.708380622191469200e+01
1.766589122093755728e-03 1.000176658912218031e+01 2.414390221285338356e+01 4.414390221285408700e+01 4.611103962479503338e+01 4.103866202749971137e+01 5.294735000403958480e+01 3.294727256418587302e+01 4.538803127434572104e+01 5.999740046007164551e+01 7.154481316206451424e+01 6.879648324302151252e+01 5.060194880117082761e+01 3.061957478218262452e+01 5.060194880117082761e+01 5.701370560979314916e+01 3.704533594053590662e+01 4.438459974644794670e+01 3.172055376947672656e+01 5.166857644693180873e+01 5.521112222656630308e+01 3.505062365157643711e+01 3.845340324174510727e+01 1.841789676658143904e+01 3.602392483015888303e+01 2.529536988965223188e+01 3.642494833513811159e+01 5.118372228793082002e+01 7.142094805966168281e+01 5.937624476840143473e+01 5.111569359486844633e+01 3.839452488875895142e+01 1.835981704659619140e+01 1.535840835344470356e+01 1.333915499946545502e+01 3.332848082101070730e+01 4.066010807162534491e+01
