LEM/sinusoidal_perturbations/elevation_000295.asc
nrows	100
cellsize	150.0
xllcorner	0
ncols	100
yllcorner	0
NODATA_value	-9999
[rows 51 to 67 of 100, columns 37 to 73 of 100]
4.812110678037102218e+01 6.576137960262772708e+01 5.094033654435293812e+01 4.625623082335729208e+01 5.171988878574797610e+01 3.314102805595423007e+01 5.342961774301754474e+01 3.704679654545076062e+01 5.738844384493076234e+01 6.115600137931297553e+01 6.277703425076376220e+01 4.914255328263087819e+01 6.923587433186709461e+01 8.289336145186628357e+01 8.378155017697365281e+01 7.541602872968330473e+01 5.942822226724118195e+01 7.962796657892079111e+01 8.239429477610336505e+01 8.418356972724851062e+01 9.959463571536470283e+01 9.364216447411580191e+01 1.139651725156238058e+02 1.243593079802679142e+02 1.045030931690751288e+02 1.103180580060423495e+02 1.011935909671967408e+02 8.699661303670987422e+01 1.070150863190925463e+02 1.224579800529126743e+02 1.270911469606747346e+02 1.072116672859704209e+02 9.308013082341153677e+01 9.457203682325115324e+01 9.041795670468029300e+01 1.043536751878656901e+02 9.351289957357379024e+01
3.786599847432370325e+01 5.657872669778372199e+01 4.481634746736779107e+01 3.045417603443615562e+01 3.153068974291417348e+01 5.171988664199245989e+01 6.181457387487240140e+01 5.738842515045715231e+01 3.924729528907208476e+01 4.086820268396051148e+01 4.253034029563367824e+01 4.420462717892763038e+01 6.441331341975183022e+01 6.275431415500411703e+01 7.142125794694413798e+01 5.525160645481973631e+01 7.541602872968330473e+01 8.802396214177682054e+01 1.027484426626203771e+02 1.045604086811090241e+02 1.129165280813096501e+02 1.139651725156238058e+02 1.222923852333805428e+02 1.325393924632846847e+02 1.243593079802679142e+02 1.292200208433437751e+02 1.121662734558137942e+02 9.221560281039332096e+01 1.033698397999681902e+02 1.232345733158525718e+02 1.267369673269905093e+02 1.145182600664569605e+02 9.457203682325115324e+01 8.048486575300751156e+01 7.643037004613115926e+01 9.085236540385785986e+01 8.517363606612828164e+01
3.189367120360031294e+01 4.727193904239982203e+01 2.897398575312974600e+01 4.889174313446092413e+01 3.971686330644285334e+01 5.167913768479535008e+01 7.181514272880184535e+01 6.595945112009295030e+01 4.574454807870371553e+01 4.999451553809490889e+01 6.277703423828872076e+01 6.441331341494209539e+01 4.671940705968687979e+01 4.853245871445859905e+01 5.127835876395729287e+01 7.142279957288219805e+01 8.380775032600713814e+01 9.310017679502371379e+01 1.015508715913905746e+02 1.003024511437972421e+02 1.087586608616620651e+02 1.116517950844330329e+02 1.089972717827712216e+02 1.173931832904462311e+02 1.291673499128729929e+02 1.261887938028937128e+02 1.063575550891721662e+02 9.891797717703842352e+01 1.187905583793940991e+02 1.314253240140612604e+02 1.185348261192324344e+02 9.860378820906393571e+01 8.859333420230967704e+01 1.004141503521252616e+02 9.086036360733984907e+01 7.119911679853620967e+01 6.789531271353705222e+01
2.650199824539103588e+01 2.752264783799729031e+01 4.727190794880539926e+01 5.726830272868358662e+01 5.988313626148970314e+01 5.403145940136252534e+01 7.401034569410695951e+01 7.309515571062320305e+01 5.291233921283603792e+01 7.018583277221696903e+01 6.647195825452637052e+01 7.526564211153444717e+01 5.572986117871989364e+01 6.868145058884687160e+01 5.198788235042552230e+01 7.195070811656528065e+01 7.812216888530055314e+01 7.267542236985480031e+01 8.469143313719413868e+01 7.960530635015125256e+01 9.245021956251187589e+01 9.091769493124910184e+01 8.820105818559333954e+01 1.003266495414186608e+02 1.208415620310771601e+02 1.343667379331788254e+02 1.261887938028937128e+02 1.104205799179203069e+02 1.129922283212859355e+02 1.327889654447944565e+02 1.267369673269905093e+02 1.161087296157188291e+02 9.616129277980608947e+01 1.049271317206569165e+02 8.503371747604663256e+01 8.915666992819809877e+01 6.954868434434989410e+01
4.059763208051596450e+01 3.956176395067507912e+01 3.870015492421659786e+01 5.027824258886245445e+01 7.051244360871973527e+01 7.401034569410695951e+01 8.226223158946430658e+01 8.147883237910433252e+01 6.297839269810278040e+01 8.147883127744047727e+01 8.077323133433714020e+01 7.591212407460982092e+01 6.997441302323217371e+01 8.033918916972403679e+01 7.195070811614819206e+01 5.552435915142100242e+01 5.815956083330118531e+01 6.127531346308654747e+01 6.451992516609803374e+01 6.798940614119068471e+01 7.180376564163978514e+01 7.615223491838078473e+01 8.463719094359203154e+01 9.408343686151124530e+01 1.088125010626431362e+02 1.291184389566066102e+02 1.384080138260883075e+02 1.302241538432132018e+02 1.327889654447944565e+02 1.409722463409445652e+02 1.301501194016642842e+02 1.102925955318132196e+02 1.161087296157188291e+02 1.131504521944145694e+02 1.049271317206569023e+02 9.084783134334371368e+01 7.119831137590955450e+01
6.011713376132522768e+01 5.865101053458040781e+01 5.878822848136572077e+01 6.722056085241585777e+01 7.891336459099474610e+01 8.404478611496763563e+01 9.246003569134880706e+01 9.159705882117245324e+01 8.321191872453081828e+01 9.159705882117245324e+01 1.010449414107686863e+02 9.618362704111913786e+01 9.024702888932620226e+01 8.979753690024332968e+01 6.954673401442687464e+01 6.954673401442695990e+01 7.812216888530055314e+01 6.556656938484020714e+01 7.597320929586432214e+01 8.835294902572906039e+01 8.354694149210726550e+01 9.658219611874362442e+01 8.935686202203194739e+01 1.101263495469623450e+02 1.147599725734321936e+02 1.349887648904675927e+02 1.326716682962091909e+02 1.244861648933611917e+02 1.270538515056006048e+02 1.352373067761728578e+02 1.383368073052549505e+02 1.301501194016642842e+02 1.307099513001853950e+02 1.226879716975551275e+02 1.084729502242466594e+02 9.461237240422015304e+01 7.486852491877786520e+01
5.219899591499773805e+01 5.975266445250657199e+01 6.826282496591356619e+01 7.766560617513594877e+01 6.915149893825260108e+01 6.334128984626592995e+01 8.375850213964274360e+01 9.222007568432516678e+01 8.840904325904527639e+01 8.007857639093873559e+01 8.489813169275907967e+01 9.322256035625554205e+01 9.921553236140506726e+01 9.822159548930926576e+01 8.979753690066081617e+01 8.979753690342673167e+01 9.119567243257456823e+01 7.100356530102257580e+01 9.119567243257456823e+01 9.605074311017256150e+01 1.042056628942472543e+02 1.118119011177057018e+02 1.101263495469623450e+02 1.101263495469623450e+02 1.304659513719700783e+02 1.347490724886101532e+02 1.211811888352137032e+02 1.045258567168400816e+02 1.071250708942545629e+02 1.270538515056006048e+02 1.401684416568803897e+02 1.289636443835697150e+02 1.202022907058505723e+02 1.030319986411148534e+02 1.003486693324972379e+02 8.047755444042307715e+01 9.461236644158228160e+01
4.197458177543489910e+01 3.962151358010680013e+01 5.988868137888836429e+01 5.983696901356994147e+01 4.838306565143466287e+01 6.074374018807760933e+01 8.034327119170797005e+01 7.242815103850246317e+01 7.242815103850246317e+01 5.993930205167399805e+01 6.475504758574493280e+01 7.906575398496580931e+01 7.906575398496582352e+01 9.452222926419038629e+01 1.045985606384120956e+02 1.055105736529919511e+02 8.526624620304642121e+01 8.526624620304642121e+01 8.526624620304642121e+01 1.055105736529919511e+02 1.233261910080496904e+02 1.212871522347413702e+02 1.187311467219940369e+02 1.268650965327103677e+02 1.275146844856410553e+02 1.193083182716446800e+02 1.065827195111518648e+02 9.278878036578494459e+01 1.129620755945387884e+02 1.289512197330251126e+02 1.321848968226955208e+02 1.127224056659406983e+02 1.012578113756846534e+02 9.229937422393054192e+01 8.674736404030925030e+01 1.003486683192896720e+02 9.760196786534305602e+01
2.591688647887905717e+01 4.544332199205094724e+01 5.213997449522026528e+01 3.951534013621648000e+01 5.983696901347614983e+01 7.656631998996093103e+01 7.999719225522296995e+01 6.899059045980817473e+01 5.242792451808723087e+01 4.828950853980666125e+01 5.335544122834644298e+01 5.893810817191796758e+01 6.603462050643197756e+01 7.609839166163257573e+01 9.628704341555830126e+01 1.138071915311142135e+02 1.055105736529919511e+02 1.055105736529919511e+02 1.055105736529919511e+02 1.138071915311142135e+02 1.116541794894200308e+02 1.014460313605323449e+02 9.885796710115047858e+01 1.154312338214759137e+02 1.193083182716446800e+02 9.924739136501277414e+01 1.051231008190776066e+02 8.631434864037599652e+01 1.007136868608856162e+02 1.172970631836443687e+02 1.288272771662641674e+02 1.259967400442763648e+02 1.064037484744664539e+02 1.064037484744629580e+02 1.008715577417774369e+02 1.147299353875212091e+02 9.970551677559267034e+01
2.664340722839917674e+01 4.625084022359040148e+01 3.267437836824376518e+01 5.213997449469664502e+01 6.833076778236157622e+01 6.912659656505434214e+01 6.570731353536385200e+01 5.177896797667158779e+01 4.226372790812904157e+01 6.250743072800069200e+01 6.758126406197246183e+01 7.906575398496580931e+01 8.619271753859543139e+01 9.452222926419038629e+01 1.045985606384120956e+02 1.076997167727581655e+02 9.931656709923215942e+01 1.041822137837152695e+02 1.125475999979687884e+02 1.057424774151615736e+02 9.167121778988736480e+01 8.720901992536764169e+01 8.720901992536764169e+01 1.072573611182462372e+02 1.187026501850390900e+02 1.051231008190776066e+02 8.485901257848057355e+01 8.104757404227974860e+01 8.884703127588508664e+01 1.005841362837419979e+02 1.206239792041571519e+02 1.340008329104407210e+02 1.259967400442574359e+02 1.259967400310539460e+02 1.205626231157834383e+02 1.179879579864973351e+02 1.019554603239820807e+02
3.415405829894605461e+01 2.766696719980733121e+01 2.838975340686073068e+01 4.822955858496307258e+01 5.732378102325613156e+01 4.673758020437152538e+01 5.266611415057109014e+01 3.712845649402519399e+01 5.745311781052574673e+01 6.250743072800069910e+01 8.265836065085291295e+01 9.605558935016823341e+01 1.014552361678895380e+02 9.311991620351963661e+01 1.014552361678895380e+02 9.595983861267586690e+01 7.894300563811216875e+01 8.381675449481221563e+01 1.007818339769492297e+02 9.254112037806567059e+01 7.737530819799258097e+01 7.551641916694042322e+01 9.568244593373235318e+01 1.088290942768041276e+02 1.005485669048252646e+02 9.028870367575184730e+01 7.716920568438750649e+01 7.597692045943041705e+01 9.627398000207026030e+01 1.066404151546550452e+02 1.133622078080396562e+02 1.215797791647542994e+02 1.315366091667605701e+02 1.399974711598748058e+02 1.238288164055236251e+02 1.039769198353411497e+02 8.981358249369766611e+01
5.354672404657572571e+01 4.336859181139095654e+01 4.820315013644673030e+01 2.943677954551774789e+01 4.906730436566950004e+01 3.163127378527252631e+01 3.244438124744149121e+01 5.272999697371429306e+01 6.238847971133048986e+01 7.668049233923213137e+01 7.725775770100000273e+01 8.558805904123757102e+01 9.135172906536701021e+01 7.287820262404912341e+01 9.135172906536701021e+01 8.755388590530313309e+01 6.726046876637300898e+01 8.755388590530313309e+01 8.919009023000060665e+01 7.238797656782885781e+01 6.727972932915294280e+01 8.744969998074098783e+01 1.039095632452842608e+02 1.005485669048252646e+02 8.030834619182253675e+01 8.623656958594851574e+01 7.002803322673587161e+01 7.506655737636664583e+01 8.048405029763618757e+01 8.637278070565449184e+01 9.319682984788644831e+01 1.033744411171361293e+02 1.233499744989448033e+02 1.318371789510214285e+02 1.120577835012234260e+02 1.005378633845837442e+02 1.039769198350092694e+02
6.187641428409094857e+01 6.495066036138656784e+01 5.192617001243486641e+01 4.174026973412404118e+01 3.051048073274710859e+01 4.607190206767175056e+01 5.244695448369144941e+01 3.368028100978629169e+01 4.809604435056022709e+01 6.298479051653333727e+01 5.707273870432069174e+01 7.725775770100000273e+01 8.299905941378436580e+01 6.286063662446570532e+01 8.299905941378436580e+01 8.113654393861148151e+01 6.090799897951077924e+01 8.113654393465449743e+01 7.531927949983189308e+01 6.076363915780213176e+01 8.090569737420823060e+01 9.571316855689840963e+01 9.888224449453268505e+01 9.056714358097448780e+01 8.251277009765125570e+01 6.601178580094740767e+01 8.030834619182255096e+01 9.536275244221364744e+01 1.007896530521711185e+02 1.066404151546550452e+02 1.133622078080396562e+02 1.215797791647542851e+02 1.315366091696949411e+02 1.337721618207995959e+02 1.285911414231609911e+02 1.146282538452952338e+02 1.238288159292471988e+02
5.358269213592547686e+01 6.502991617998296192e+01 6.124817561381038189e+01 5.843507266911093723e+01 4.231042388983979663e+01 3.983266315848175765e+01 5.890319406345540898e+01 5.402424324153470536e+01 3.495634424722759803e+01 4.272313702089124376e+01 6.298456341320677865e+01 7.923411437749115294e+01 7.628625181725868742e+01 5.620863796881760521e+01 7.628625181734442151e+01 7.552615500373923396e+01 5.534523295314264146e+01 7.003640841970347708e+01 5.520275732395039370e+01 7.531927945918955913e+01 8.918703627336287809e+01 9.499673075355741503e+01 8.722439052317919561e+01 7.033520169625869300e+01 6.231999906933945255e+01 8.248350261599632915e+01 9.455944958042952919e+01 1.088290942768041276e+02 1.070730157607561068e+02 1.055100029779760717e+02 1.055100029779760860e+02 1.261605939073547944e+02 1.218480115413525340e+02 1.142470087381395984e+02 1.279642434694697357e+02 1.343941120028256080e+02 1.278889172487688768e+02
3.633540612544992854e+01 5.319921595757828925e+01 7.495515895475975299e+01 7.424666567187297517e+01 6.456269831137382198e+01 4.798690501008363896e+01 6.623519180713678622e+01 6.368760531357212074e+01 5.532688098803637899e+01 3.627184651209017829e+01 5.072300526416870525e+01 6.629185286238045194e+01 7.049034375198394287e+01 5.042071793467222562e+01 6.296037035056341580e+01 6.410780677149242024e+01 5.015970944707369483e+01 4.993187630467591021e+01 6.770139051260413510e+01 6.897007370123061776e+01 7.682311700299733559e+01 7.530234888634640811e+01 7.542802244944915913e+01 5.872128946392697912e+01 7.888622648545307925e+01 9.028384318374661177e+01 8.201430791330440684e+01 9.048167786820330605e+01 8.533005589641422262e+01 8.367197503638843159e+01 1.055100029779760717e+02 1.155644121079718474e+02 1.016027372544652678e+02 1.000780275186130552e+02 1.199657936723452423e+02 1.348966083696359988e+02 1.300455915988468689e+02
3.849052517772243220e+01 5.885771349203049851e+01 7.085510274327077695e+01 9.061438859340329088e+01 7.789368797201507277e+01 5.989156774837728392e+01 7.701674159385338214e+01 8.160966865954443961e+01 6.499996076758107222e+01 5.664308750314233265e+01 3.761202704405179276e+01 5.796503236358819322e+01 6.036715836760299680e+01 5.790206574940901874e+01 4.277032826996680370e+01 4.394215445646776175e+01 4.511040309101292678e+01 4.630802599087991922e+01 4.757495785246660347e+01 4.884737002117978477e+01 6.856745853330775731e+01 7.201097527710584245e+01 5.528598656694816071e+01 7.523804091832063534e+01 7.717043392427339654e+01 7.911996153097028639e+01 6.175958223942656389e+01 8.194944152948387739e+01 7.143395762638326119e+01 9.169842139634407374e+01 1.067962886210402758e+02 1.071635834484558245e+02 8.722691345162677123e+01 9.515590200680360056e+01 1.068149754250051444e+02 1.267189484511722100e+02 1.382101661742304657e+02
4.070897850643434879e+01 5.087635279741840577e+01 7.085510274327077695e+01 8.712920347932464438e+01 9.193479525249516371e+01 8.339877550899514347e+01 8.109893467214600093e+01 6.164488273152985442e+01 5.405550040330026462e+01 4.703364545793522922e+01 4.063843860839711652e+01 3.905359491180968234e+01 4.007934842811030762e+01 4.114450521004107486e+01 4.389513267816899855e+01 6.404632406594876670e+01 6.525672876662626720e+01 6.644595545350118471e+01 6.179229370074353511e+01 6.897007370759196476e+01 5.065795398324998899e+01 5.194605650948648190e+01 5.351643873976075838e+01 5.510027373938885376e+01 5.701853041570045377e+01 5.895453075258217979e+01 7.905114304796396141e+01 6.463739927145702779e+01 6.681166991400803568e+01 8.696619299394254199e+01 8.701555047291003575e+01 9.572301347887410827e+01 8.079473049904355264e+01 1.010710276072094160e+02 1.159228754625323461e+02 1.275091012301665359e+02 1.453026363396940894e+02
