LEM/sinusoidal_perturbations/elevation_000642.asc
nrows	100
cellsize	150.0
xllcorner	0
ncols	100
yllcorner	0
NODATA_value	-9999
[rows 0 to 16 of 100, columns 37 to 73 of 100]
1.017344012783525216e+02 9.680552881907482288e+01 8.849868912884089411e+01 8.589002224399681040e+01 9.420006276718713423e+01 9.160569994569202379e+01 9.380151919908162483e+01 1.020986587026662136e+02 9.838982386618816633e+01 1.066852068260109547e+02 1.037141864400103799e+02 1.120088993678684659e+02 1.134458364265120736e+02 1.217138370301213541e+02 1.338784189282985722e+02 1.255433913931059209e+02 1.272220089891452517e+02 1.188888854754801514e+02 1.214981752164546265e+02 1.298319688443268660e+02 1.285855804772954230e+02 1.170800374655174636e+02 1.088154027216391597e+02 1.113998838264274411e+02 1.113998838744346074e+02 1.196671596911952520e+02 1.162576839573269183e+02 1.079937624693229878e+02 1.079937624693193214e+02 1.103375437440614917e+02 1.103375437440614917e+02 1.186047378481559917e+02 1.296391836844705665e+02 1.215787392225165888e+02 1.190574902156049575e+02 1.271160710210234441e+02 1.310944715535393925e+02
8.165021159660349781e+01 8.849868912884089411e+01 6.818355475887213402e+01 6.552750919731897739e+01 8.249454178897346424e+01 7.160278261648619491e+01 7.378916627309764920e+01 8.421282621912570221e+01 7.834052151998096747e+01 9.838982386618816633e+01 8.357228361581644549e+01 9.920184389175977913e+01 9.330178900152425570e+01 1.134458364265120736e+02 1.255433913931059209e+02 1.055098733269956313e+02 1.113775549175361164e+02 9.892633275906696610e+01 1.015087262370666394e+02 1.214981752164546265e+02 1.203071349209139953e+02 1.004028708847945950e+02 8.900744354456351459e+01 9.157174465310069422e+01 9.157174465310684752e+01 1.113998838621219107e+02 1.079937624693229878e+02 8.817071483539463372e+01 8.817071483539463372e+01 9.049834711430933964e+01 9.049834711430933964e+01 1.103375437440614917e+02 1.215787392225165888e+02 1.022409683380777778e+02 9.974058587924645281e+01 1.116994479301651069e+02 1.116994479301651211e+02
7.013942417540472718e+01 8.949135561762317082e+01 7.397835557423454134e+01 5.243808200709379719e+01 6.625952387074393357e+01 5.751608530477976444e+01 7.269650805441369812e+01 6.426597804171613859e+01 8.065999787425636214e+01 8.500546223874684415e+01 7.206059943671198198e+01 7.907301210091527821e+01 9.330178899985821772e+01 1.134458359294222447e+02 1.192102038900976595e+02 1.113775549175361164e+02 9.158377117185017369e+01 8.766499681460661009e+01 1.073635002909469307e+02 1.205526541422961344e+02 1.200129229897662952e+02 1.085419677293357523e+02 9.737927215865741459e+01 7.766370869676340760e+01 9.157174465307937794e+01 1.113998836557671694e+02 1.066556604482853601e+02 9.397675106358829566e+01 7.426320040808911926e+01 7.657626287545795662e+01 9.049834711430933964e+01 1.103375437440614917e+02 1.191926546298083309e+02 1.079048702970981282e+02 8.870950966601409959e+01 9.246241685255768061e+01 1.100980498208477911e+02
6.126511268881679939e+01 7.228197348113221210e+01 6.613825172583453593e+01 4.517040075687860678e+01 4.619104471423054292e+01 4.925767697660068478e+01 5.271383255910502896e+01 5.669226049715309301e+01 6.077464286568232410e+01 6.509204285873661888e+01 8.500537333131636331e+01 8.618739984279584121e+01 1.063236359009308529e+02 1.192102038900976595e+02 1.002751989012427600e+02 1.037498370568482784e+02 1.007973324655001761e+02 8.125162469492848061e+01 9.242459742009795320e+01 1.122347012366757895e+02 1.117468939016461746e+02 9.191493573724399369e+01 8.055726496938498826e+01 7.277335364045997324e+01 9.245038127936125250e+01 1.046378469190952387e+02 9.840921692090111605e+01 7.865992582209442219e+01 6.738014738562142725e+01 8.700695838870080934e+01 1.005757326161684944e+02 1.088232493460513695e+02 1.111553962597930791e+02 9.190876609529858854e+01 8.232458369141491517e+01 8.289755084902486715e+01 1.020809323913614435e+02
7.228197350308428781e+01 5.238199106763374857e+01 4.688340807823127676e+01 4.203216811841003420e+01 6.207963172737736102e+01 6.931881941126977154e+01 7.269650805441369812e+01 7.660091678049776931e+01 8.065999787425636214e+01 8.500546223874684415e+01 9.331471562557736377e+01 1.063235956528656487e+02 1.146087793411288374e+02 1.207698130456466288e+02 1.037498370568482784e+02 8.544567822218539277e+01 9.318192602636601407e+01 7.703799521497880676e+01 9.074521863080765627e+01 1.105028994172477468e+02 1.132344865783833825e+02 9.339247020663921717e+01 7.947323077669712177e+01 6.818143279705290638e+01 7.669812090849609376e+01 9.066798184063112842e+01 9.848375384841773439e+01 8.282250822316140670e+01 6.324558192821605473e+01 8.282250822316140670e+01 8.082105651040221517e+01 1.005757326163007548e+02 1.048340809692689390e+02 9.544058853610290782e+01 7.622758786151381116e+01 7.561438648228534021e+01 9.483029569617734467e+01
6.328223072512484038e+01 6.445817749566252530e+01 5.617565960584747131e+01 3.938887557255496574e+01 5.945194514786795992e+01 6.624623907979395199e+01 7.001476423623793721e+01 7.399533494935934641e+01 7.896652145884614526e+01 8.428900333274054901e+01 9.259604453403838420e+01 1.015602021540773308e+02 1.131640432332337696e+02 1.125117676143585612e+02 9.289265308464501913e+01 8.170386197311852072e+01 7.480391146321493068e+01 7.309488480454923831e+01 9.308959028184489171e+01 1.159302435737741490e+02 1.040104889074919612e+02 9.433175368429206742e+01 8.523122230906579944e+01 7.764891687205489745e+01 6.288797787122820182e+01 8.246957215006635522e+01 9.025784144627351679e+01 7.059782033299435966e+01 5.932400211421292369e+01 6.697177978464284820e+01 8.660706717948018252e+01 9.916161385737098044e+01 8.542711034355104971e+01 9.126210748719880428e+01 8.327426419100190458e+01 6.915273153299548881e+01 8.279509639228459150e+01
4.324410587942615081e+01 5.353582772514517529e+01 3.607179163046611592e+01 3.936703213100484788e+01 4.274434914860096768e+01 4.626290429415683292e+01 5.007354126088431912e+01 5.409248139027750568e+01 5.908177543139108678e+01 6.437409972545218295e+01 7.321302120847205686e+01 8.474055348161982693e+01 1.048733178226982261e+02 9.857794429074482423e+01 9.034410592456752909e+01 8.338755588682347764e+01 6.806261390087549046e+01 8.765148871795094010e+01 8.983411823323207557e+01 1.084727671055050706e+02 9.581126395778341021e+01 7.617166084385047498e+01 6.902414459137951042e+01 5.805207064124901706e+01 7.764891687711036639e+01 9.066798060668486414e+01 8.917036504344129355e+01 6.951316941549764294e+01 5.556838333334348334e+01 6.951316941549764294e+01 8.917036504344129355e+01 8.945687736118098599e+01 7.171247391303293739e+01 7.851735297334420238e+01 6.395159948115383486e+01 8.327426419096538268e+01 9.641400365041978660e+01
3.157346486123313056e+01 3.340440060104931774e+01 4.767213972787011755e+01 5.942800517006153882e+01 5.692255560369956413e+01 5.782105335086561837e+01 7.001370356184489196e+01 6.814729789420762529e+01 6.666094419978878705e+01 8.428900333274054901e+01 7.691452003157165507e+01 9.697871363360745534e+01 1.017363004064857819e+02 8.200444075426915447e+01 7.094305789793132533e+01 6.403846704322722871e+01 7.962199393229393252e+01 7.779700668343500070e+01 9.486460855387944946e+01 1.006500939812324731e+02 9.696570116241453263e+01 7.619986367084788981e+01 6.097704293955221289e+01 5.482534189084852017e+01 6.870417658692456087e+01 8.832172446393555276e+01 8.870305897152213959e+01 7.215543019440487171e+01 5.222679122031950527e+01 7.215543019437184569e+01 8.123146799132359774e+01 8.129584481708872090e+01 6.196392888387474329e+01 5.911583528268760546e+01 7.851735297334420238e+01 9.126210748719142885e+01 9.229109958315413564e+01
4.908313811827888884e+01 5.353582758889158555e+01 6.178868812337133676e+01 7.579912510954426352e+01 7.686734335635146920e+01 7.775395647098578422e+01 8.602824166155748742e+01 8.811374532116710157e+01 7.813953703207683077e+01 9.491768664626998486e+01 9.108704247783622066e+01 1.052826938962470962e+02 1.100119705630305873e+02 9.857794429073024389e+01 8.835211407912649406e+01 6.431103866332188090e+01 6.048054368600328701e+01 7.607699283881525787e+01 8.413789235780453168e+01 8.108979432812951416e+01 1.006500939812324731e+02 8.290044193666020078e+01 6.321642381399090738e+01 5.172604412895552173e+01 6.765112333567061853e+01 7.583805995193722538e+01 8.050521933576365541e+01 6.077904039740130315e+01 4.900460469411244446e+01 6.507703510352504850e+01 6.394285232113351469e+01 6.987525794193375361e+01 5.445196709272047286e+01 7.400659172801002228e+01 8.650795014932823790e+01 8.585093332513740449e+01 7.128102716470436917e+01
3.041355370812332737e+01 5.028745376540641132e+01 6.320414776768186726e+01 6.659127132548698569e+01 7.166915676653032108e+01 7.717411500491132870e+01 8.354022325217438549e+01 9.196405952315913623e+01 9.819519495677896259e+01 1.064928976456784255e+02 1.112024663789470225e+02 1.116008228320787481e+02 1.031965739845514491e+02 9.571597214787031760e+01 8.946659271721027551e+01 8.337677076920439845e+01 7.607699283881525787e+01 5.715164318610488436e+01 6.540633459946793948e+01 8.467666336793975290e+01 9.011719710532904060e+01 9.110283463698782214e+01 7.898963941389797583e+01 5.931274602539050989e+01 4.791503722511234997e+01 6.401660728765416764e+01 6.289899907397020939e+01 6.353367523819355966e+01 4.681918591672155827e+01 4.502458299605869740e+01 6.373753221896882337e+01 5.017107129577826896e+01 6.786828441724048844e+01 6.855382737926412062e+01 6.923274831336668456e+01 6.991389129804299785e+01 5.613480836371801530e+01
4.604189465560600780e+01 3.516928790457401277e+01 5.494975444007491205e+01 4.698324966385382595e+01 5.200257385266051102e+01 5.732570580714077835e+01 6.340882135964086075e+01 7.224899460511912253e+01 8.401518908129531837e+01 1.045045669335319616e+02 1.173850371930466423e+02 9.731951999861067293e+01 8.340476182872183131e+01 7.610271591242630507e+01 7.012534888871009287e+01 6.477990165122535871e+01 5.977832659517478930e+01 5.500995098654156834e+01 7.099570878244301753e+01 7.870655375428424350e+01 7.046634609415795580e+01 8.432851876768839361e+01 8.702458985306698480e+01 7.568306751996192361e+01 6.400582112506320698e+01 4.441899229040626551e+01 4.281069594154807589e+01 4.345767044781063504e+01 4.410265119814597057e+01 6.416978167665668309e+01 4.596860563331902938e+01 6.451200571123854388e+01 4.789337138935241711e+01 4.860731665113112854e+01 4.932419596642771609e+01 5.004275318617149537e+01 5.076686892074253876e+01
4.462888276971286672e+01 5.494975443984985475e+01 4.020169797678079959e+01 4.570820574666331737e+01 6.529938902303965165e+01 7.717411500491132870e+01 8.354022325217438549e+01 9.196405952315913623e+01 1.010817899983965873e+02 1.128560029599415770e+02 1.124759024252490605e+02 1.116008228284369324e+02 1.031965739845514491e+02 9.571597214794293507e+01 8.861587326412859511e+01 6.919979579139530301e+01 6.212867716851595645e+01 7.101470138029883117e+01 5.248698314094794171e+01 6.843418028195040392e+01 5.726947928095012230e+01 6.549970214695359516e+01 7.382447628887275926e+01 6.818473799621371256e+01 6.045753041007384354e+01 4.189174651616320944e+01 6.200602878393436157e+01 6.350036187061666482e+01 5.291816480409553947e+01 6.870385194379775839e+01 4.679438098638601673e+01 4.690637468524923293e+01 6.697721645281751535e+01 6.017596119807900834e+01 6.923239951363703426e+01 6.991311813809356579e+01 7.059824183338233183e+01
3.872010459930180559e+01 6.178633809076777794e+01 5.986577331304177818e+01 6.529938902303915427e+01 5.437911800738568502e+01 6.119698538653615572e+01 6.997620042340601287e+01 8.165126086429231123e+01 1.021087559726422569e+02 1.067359183750412939e+02 9.268348670764348185e+01 1.067359183854985787e+02 1.150250526587337845e+02 9.524839517903535580e+01 8.138922558985123601e+01 7.555492173108072507e+01 8.127821304810220226e+01 7.554029891297447818e+01 5.671648943538743026e+01 5.000059885580053276e+01 4.827563931799646468e+01 4.652809197787569673e+01 6.262710645456682812e+01 6.067710712551014751e+01 4.099628075766310786e+01 5.043929237477853178e+01 6.107983194332812360e+01 7.707922635352019824e+01 6.926311539997659850e+01 5.864594042067560764e+01 7.252918308498630040e+01 6.801818440573951818e+01 5.495379084755662547e+01 7.471661212222564075e+01 7.863213777986345576e+01 8.434408302805262281e+01 6.626481261517446342e+01
4.783158090399057727e+01 5.030445079741875247e+01 6.000890621292956695e+01 7.642883352187502055e+01 7.413407385788217141e+01 8.120960248916009050e+01 8.962042638939841765e+01 9.870539552902187097e+01 1.104710080378192032e+02 9.794799181294483503e+01 7.894606566266345737e+01 9.794799181294483503e+01 1.112394773864085948e+02 1.092444771186162029e+02 1.010456106574651898e+02 8.675817783153947005e+01 8.921937682529679137e+01 6.987940422838063625e+01 7.554168304213482088e+01 6.040386552171791834e+01 6.655462332148040616e+01 5.691947546885579357e+01 4.400390181382609711e+01 4.219263143190129739e+01 4.036349830371093361e+01 6.071588028683312643e+01 7.789107746077215211e+01 8.951408195079368113e+01 8.401853833685417783e+01 6.513070261374427616e+01 8.401853833685417783e+01 8.172707835569192980e+01 6.102098938762608071e+01 8.172707835569192980e+01 9.642504662679777994e+01 8.054421998062102261e+01 6.138262299606910943e+01
2.780561895517169901e+01 3.185245946684808516e+01 5.180171660646129794e+01 5.668924668954861801e+01 6.841956231772623198e+01 7.498882618812430678e+01 8.321457345818318174e+01 9.311474301516085461e+01 1.019554273872852406e+02 8.974446353274151988e+01 7.032527991926484390e+01 8.275930784823540876e+01 9.812432620134464401e+01 1.081454777567609966e+02 1.147190821068980000e+02 1.064844041192222193e+02 9.739986617734450647e+01 8.921937682529650715e+01 8.753639907773204243e+01 7.940376928686895042e+01 8.119754510870720310e+01 6.862508651928665415e+01 5.619534950433400411e+01 5.253701102711708160e+01 3.976657947971093421e+01 6.211472937054646337e+01 7.242509808443168140e+01 8.518589765259149260e+01 9.205089715021568963e+01 7.582610878791112441e+01 9.205089715021586017e+01 8.918881531663107864e+01 6.808387048747076165e+01 8.918881531663109286e+01 9.394512414947496382e+01 7.499262351756507883e+01 8.054311363002457824e+01
2.904293574526463928e+01 4.908776373284101169e+01 3.807140969650689044e+01 4.267911255199784648e+01 4.868987515557659407e+01 5.528103457693325851e+01 6.511283490524444062e+01 8.486481747100427242e+01 9.367081190101615107e+01 7.379570106718358602e+01 6.376388051952203284e+01 6.880928859165848621e+01 8.164630002385126772e+01 9.743209767675936916e+01 1.117081322455373993e+02 1.005927395892668841e+02 9.253804754822483858e+01 8.601055906221522207e+01 8.052707200478542404e+01 7.566978052054955128e+01 7.121516715686844634e+01 7.702139911009066964e+01 5.748140932142094073e+01 3.892873317875490358e+01 5.753480547754666219e+01 4.904341347953542396e+01 5.743042958003624676e+01 7.248944062236149932e+01 9.580594904754150321e+01 9.446439301143541911e+01 1.023953797657932938e+02 9.801769817949346475e+01 8.005353501002466032e+01 9.801769817952035169e+01 1.019605693813003455e+02 9.394153674537052723e+01 9.435039879699132825e+01
4.908774408884326590e+01 4.067036101346867127e+01 5.793030463871768632e+01 5.668924668954775115e+01 5.884685856436199458e+01 7.498882618812430678e+01 8.321457345750532397e+01 9.311474300971072182e+01 9.259427452021789406e+01 7.744285185963221352e+01 5.739105087629020829e+01 7.698571045708656868e+01 7.336351695305118881e+01 8.960093958166184791e+01 1.035439594874686691e+02 8.448117874375212466e+01 7.407555410278106933e+01 6.782393375293511895e+01 6.235281449052139635e+01 5.730304458953415292e+01 5.256612854213432229e+01 6.404589659086552444e+01 6.360461053287637867e+01 3.834163119780615148e+01 4.402828046372287929e+01 5.927004271025062820e+01 7.575806293963132987e+01 8.642091877985139092e+01 9.178281245428513557e+01 1.000921529319035699e+02 9.717876384099456288e+01 1.055120554369037791e+02 1.016678489456402588e+02 1.104111374976919961e+02 1.081169915799705308e+02 8.855438527584323083e+01 8.855437440977057406e+01
