LEM/sinusoidal_perturbations/elevation_000487.asc
nrows	100
cellsize	150.0
xllcorner	0
ncols	100
yllcorner	0
NODATA_value	-9999
[rows 0 to 16 of 100, columns 0 to 36 of 100]
8.271705653423140972e-03 1.415040734490802521e+01 3.415042463639682779e+01 5.381023583392556020e+01 5.927285768355719853e+01 5.840077245186606092e+01 5.005198318851516603e+01 5.855236606236842789e+01 6.976256654711336580e+01 6.147280580482320289e+01 6.407005029982644828e+01 7.235957988124403073e+01 7.028392472289436910e+01 6.182211705064709406e+01 7.028392472289436910e+01 8.239405552597081339e+01 7.407037281352009472e+01 8.239405552597081339e+01 8.775037610552669776e+01 7.943246177925881568e+01 7.874118232655114014e+01 8.399165662105927765e+01 7.577528952203931567e+01 8.397135080872614310e+01 9.379078371143961590e+01 1.018733542305101309e+02 1.117118828210741555e+02 1.124811373600569482e+02 1.041341856057562296e+02 1.124811373600569482e+02 1.101954078941207626e+02 1.018490685355467775e+02 1.101954078690374104e+02 1.131627760737108019e+02 1.190632873206699713e+02 1.137347830019347583e+02 1.053817059251655053e+02
7.813061968023241044e-03 1.415307276406053205e+01 3.422969488685983208e+01 3.397265368130813101e+01 3.973516202560332999e+01 4.844186917597401276e+01 3.027737088748776628e+01 4.848587617742099809e+01 5.820689459915355002e+01 4.145706663961854588e+01 4.405420931706325405e+01 6.407005029982644828e+01 5.989259442412461709e+01 4.089280424365713884e+01 5.989259442412461709e+01 7.236070084000739655e+01 5.401544297999252109e+01 7.236070084000739655e+01 7.616401735515061944e+01 5.936970919027464078e+01 5.867697170757892877e+01 6.879462390884012279e+01 5.564737098010362359e+01 7.562500318819405720e+01 7.385996860654229579e+01 8.388432168793207211e+01 1.036972457349471881e+02 1.024122083012559870e+02 8.400190529299938191e+01 1.024122083012559870e+02 1.001273192917507515e+02 8.171855312334852783e+01 1.001273192700414967e+02 9.302907428140129298e+01 9.892609866129642171e+01 1.036384146350440858e+02 8.517803213713142441e+01
2.526786264046545528e-03 1.996638078366348878e+01 2.827565509444402636e+01 1.984607912684126774e+01 3.978294738431154087e+01 4.008775933643343592e+01 2.065527222603479274e+01 4.008777560948008301e+01 4.991671340976029114e+01 2.990195854387762608e+01 4.991671340975999271e+01 6.632483901402379445e+01 5.118945066116197040e+01 3.121220034398548293e+01 5.118945066035481517e+01 6.403843692604446858e+01 4.400851323666920933e+01 6.404283942165965016e+01 6.719630448749731499e+01 4.780561929095927809e+01 4.451597863880314776e+01 4.877910153451956887e+01 6.873668326331882383e+01 6.383112644204370412e+01 8.388417926417049841e+01 1.018733542305101309e+02 1.117118828210741555e+02 9.406804544937780577e+01 7.395930662347025475e+01 9.406804544937780577e+01 9.178381082939482383e+01 7.168569930481255881e+01 8.731149616855405782e+01 7.880901663134869750e+01 9.892609900603405038e+01 9.527986829998273777e+01 7.502451729546558568e+01
4.163169627051843593e-04 1.226730779345595046e+00 8.299151683550064718e+00 2.425040275851201343e+01 2.551771496822687624e+01 2.679341585089137467e+01 1.408657987820633473e+01 3.359044846189258493e+01 3.631755491242995504e+01 2.386829734019503135e+01 3.801966931126531080e+01 4.644691298221759013e+01 3.815150549540989999e+01 2.539832277782399927e+01 4.451592569189529769e+01 5.735555932213795671e+01 3.734620935552575816e+01 5.736456090516245609e+01 5.395627647919643977e+01 3.886485830780374329e+01 5.888545267156838037e+01 6.882885198915487024e+01 7.705175144206840798e+01 8.384354867028002900e+01 9.213216180571782843e+01 1.029737125513368738e+02 9.995880219710888070e+01 8.736513250740858894e+01 6.732501032849040712e+01 8.736513250740858894e+01 8.467805535533352668e+01 6.467506347041384629e+01 6.727869219331445549e+01 8.731149616855405782e+01 1.021558962428589155e+02 8.852808433802628940e+01 6.829558103368606226e+01
5.883922493566802643e-03 2.000588392249321146e+01 2.991569631595174528e+00 4.244777634443362757e+00 5.508424010867594589e+00 6.782734075572444787e+00 8.065219813467779275e+00 2.776093364959443122e+01 1.630410633161435641e+01 3.274025122878894223e+01 3.418113910434188796e+01 3.581578063918744448e+01 1.812322395796677554e+01 1.978940036655954415e+01 3.983819102942994306e+01 4.410505443959262806e+01 3.156850436878459121e+01 4.923910033015641829e+01 3.394515523082903741e+01 5.395627647919643977e+01 6.312358046248166943e+01 6.783349355773351874e+01 7.287677213157419942e+01 6.455015229363549167e+01 7.452549093509908573e+01 9.459158523646325989e+01 9.161626733377488563e+01 7.154382774645094401e+01 6.167703882385990966e+01 7.494571130136193915e+01 7.835255391793246815e+01 5.854078012919364937e+01 7.835255391793246815e+01 9.565186176924038364e+01 9.379302725987616896e+01 7.361240787758444526e+01 6.258786766721386385e+01
1.256007409845548732e-03 2.000125600740949139e+01 2.300673988476703258e+01 1.839316999811934394e+01 1.965816837874688261e+01 2.679344250698685670e+01 2.807845390098861316e+01 9.933748659069886244e+00 1.129729193629487938e+01 1.272159686874094575e+01 1.416065481276659632e+01 1.579204988457965264e+01 3.581578030506664589e+01 3.983968086980776491e+01 2.227421106052016242e+01 2.405577992395522813e+01 2.599032501434774645e+01 2.921941438677122704e+01 4.923922600219535184e+01 5.680293762027397975e+01 4.313312777922509156e+01 4.784789490453950123e+01 5.301452811049070846e+01 7.301306684375992972e+01 9.291574734256722934e+01 1.029737125513368738e+02 9.995880219710888070e+01 8.991259163645747776e+01 7.494571130136193915e+01 5.530155914035192666e+01 6.888339435875853667e+01 5.460801127408350197e+01 6.836650250517176630e+01 8.835676053394713847e+01 9.281395353499965495e+01 7.731562059047658408e+01 5.746466973487101626e+01
9.594114293757748102e-03 1.415172973802483369e+01 3.415172973802553713e+01 3.839756846579852834e+01 3.966391200062967926e+01 3.938303243391393238e+01 1.937090640812231257e+01 1.994314340105951544e+01 3.131419282269222393e+01 2.687767958251583877e+01 3.418113910438859193e+01 1.861748151784110661e+01 3.240994778720549618e+01 5.062206224407737665e+01 4.232633892895171357e+01 2.894063365726267278e+01 4.603324975411644715e+01 2.984220188652967209e+01 3.261384251718049399e+01 3.680363326519194089e+01 5.680293762027397975e+01 6.783349355773351874e+01 7.301306684375992972e+01 6.565043134881928211e+01 7.977948956107967149e+01 9.993325146251612523e+01 9.765166625221027630e+01 8.937475968525298242e+01 8.291609871884659810e+01 6.307085676013271325e+01 4.954884701845625017e+01 6.888339435875853667e+01 8.253065946059959401e+01 9.411128626734152647e+01 8.445081571219984085e+01 6.440405497899237730e+01 5.330756421266358558e+01
7.711341127313004785e-03 2.000771134112695648e+01 3.736676407318172011e+01 4.565103532064333081e+01 5.719804070443564115e+01 4.694708490302073756e+01 2.693448481504614378e+01 3.995533171716651566e+01 3.995533171716651566e+01 4.689375124544321238e+01 4.148684424041468333e+01 2.185845478730765734e+01 4.148684424083300115e+01 6.072917208446664716e+01 5.396310562446980441e+01 3.395313327019592720e+01 5.396310562447008152e+01 4.985862191938483079e+01 5.263330835450544498e+01 3.801851096875557801e+01 5.808704116912637971e+01 6.942439215068715441e+01 7.784331124063128016e+01 8.568238975559134474e+01 9.407688958081476471e+01 9.662849882925441136e+01 8.804847987512425789e+01 6.956093045462787927e+01 7.319683586336167025e+01 6.622759001276229185e+01 4.699895495824558367e+01 6.044410939397370441e+01 8.019016114707838483e+01 7.408926664098665071e+01 8.827139398252026581e+01 8.121528789260420922e+01 6.734178532468125411e+01
2.297228869525369630e-04 2.000022972288659773e+01 1.736676407318243420e+01 2.891376945697474454e+01 4.891376945697403045e+01 5.523615477168772259e+01 3.848838688985264156e+01 5.523615477168772259e+01 5.996846117120723108e+01 6.486599480616621349e+01 4.486403231011444603e+01 2.517052612407491452e+01 3.894765599540426848e+01 5.914742828667829144e+01 6.226357942812550306e+01 4.809596443104132391e+01 4.289387240297691761e+01 6.291830342691478961e+01 6.639845080450751880e+01 5.808804632154390646e+01 4.388686169911861867e+01 4.918234533989943458e+01 6.349696282294865313e+01 8.373112368652799375e+01 9.888041813018541859e+01 8.796062438747487988e+01 6.989721910424243845e+01 6.046246302070758816e+01 5.373612961299397028e+01 6.368069482133935111e+01 4.450135136960431481e+01 6.368069506806740065e+01 7.834409703758738885e+01 6.019262605994370574e+01 7.834409703758738885e+01 8.113052346107058099e+01 6.371003233754019845e+01
9.647730019007896146e-03 6.676314396685645747e+00 2.667631439668528870e+01 4.565103532064333081e+01 4.877884682329825239e+01 5.706133684688497709e+01 5.850188127198741483e+01 6.679040547626840407e+01 7.085869440160979593e+01 5.057418640428318213e+01 3.633465291392544572e+01 2.901880903064992268e+01 4.892751931358425566e+01 6.399934788918200468e+01 7.558772206165612317e+01 6.812763746576341362e+01 6.291830342691478961e+01 5.358921721278469619e+01 7.363118680568295815e+01 7.112472673634177056e+01 5.102985814144556542e+01 6.942393830910550889e+01 5.909522429026544899e+01 6.942899927912664282e+01 9.082765666542380245e+01 9.662849882925441136e+01 8.804847987512425789e+01 8.008360766808517894e+01 6.559946763219430466e+01 4.637997755447662485e+01 4.201553250099149039e+01 5.817301727488636232e+01 6.090772758906632589e+01 5.063040391453645839e+01 7.007310396081786052e+01 7.281516092122329553e+01 5.330418607734826963e+01
3.582433992925927561e-03 2.000358243399256963e+01 2.809151607515509852e+01 3.245706886975203531e+01 2.878883298270020319e+01 4.317325776477718335e+01 4.950171555260332212e+01 5.706848547961804741e+01 6.533925581526692383e+01 6.486599994109076306e+01 5.651538123909821820e+01 3.876317275418458053e+01 3.539906291297106122e+01 4.707927818585623214e+01 6.741287622271742919e+01 8.120009972153910383e+01 8.193547179783249135e+01 6.515669838698484284e+01 8.193547179783249135e+01 7.949054557479776406e+01 6.107073138965179737e+01 7.949054557479496452e+01 7.274938377706084225e+01 8.851642268102945366e+01 9.984282441732493396e+01 1.051453688614060127e+02 9.588903210659070453e+01 7.585787356186393993e+01 6.198104293048255897e+01 6.559946733922762974e+01 5.817301598957838848e+01 3.890658906773602155e+01 4.165377734306186142e+01 6.090772758903460016e+01 7.834409643213368213e+01 6.489490703884604272e+01 5.672922427211340590e+01
1.813270376062421294e-03 4.053708549658007421e+00 8.159698673119773815e+00 1.253920946511675005e+01 1.773571198394429516e+01 2.330828955499902122e+01 2.967632573790829653e+01 3.731953795755666903e+01 5.122125799267083579e+01 7.118322832627367802e+01 6.742084510721515755e+01 5.314993093132682844e+01 5.567843931807814073e+01 4.360358044397516863e+01 5.280877081554545072e+01 6.460229819455781808e+01 8.453864696026654713e+01 8.520755334989283369e+01 9.351111411907341164e+01 8.958190212890734472e+01 8.118073797966069094e+01 8.955742833659623159e+01 9.447836563910436780e+01 1.016544730639017047e+02 9.347750682643017228e+01 8.650123525932781376e+01 9.987558376068380994e+01 8.892251156820925928e+01 6.897876175371440866e+01 5.522268934546689678e+01 4.748535045027475832e+01 5.534959106197236878e+01 3.596297963455463531e+01 5.534959105897802800e+01 6.219833368475364210e+01 5.405234919039293118e+01 3.753028544155070279e+01
2.372884694381488524e-03 2.000237288469402586e+01 2.809151607515509852e+01 3.245706881718111703e+01 3.762412107440276543e+01 4.317325765825709283e+01 4.950171555260332212e+01 5.706848547961804741e+01 6.522616953847000332e+01 5.872469500831427780e+01 6.749900608076700337e+01 7.342136351775448588e+01 7.234412377155913987e+01 6.402130365725406591e+01 5.813982083542849466e+01 7.859044043912706456e+01 9.265088894555570675e+01 1.038845659321332846e+02 9.583276999949472952e+01 1.004433277795912716e+02 9.239186510000044450e+01 8.982059025130548946e+01 9.783115979627572756e+01 9.031858561062823298e+01 7.483646623504250783e+01 7.323837075791163898e+01 9.059906751194780838e+01 9.112075030950948928e+01 7.115667469894535202e+01 6.681952083992649705e+01 6.681952106412703074e+01 5.348521406323560967e+01 3.401261453633632215e+01 5.089474795692621711e+01 5.150375724877645212e+01 3.470813640442365511e+01 4.306422683643821614e+01
8.175220331382775790e-03 2.000817522033102591e+01 3.029219599125719498e+01 3.611689005049614565e+01 4.359047992833689733e+01 5.184340876393476805e+01 6.334853385183957641e+01 5.569126768814616213e+01 4.675258334961087314e+01 3.562252480993935677e+01 5.475560294258225014e+01 7.033373648515473064e+01 6.529595748542213585e+01 7.397349450947483263e+01 7.861908447864141181e+01 8.713979435014009312e+01 1.028451050201793180e+02 9.294823520504247938e+01 7.709614854248656002e+01 9.239186510000044450e+01 7.320952612693835704e+01 7.073227466026835941e+01 8.682239130833856677e+01 8.162502108567316839e+01 6.349359105290167804e+01 6.396612596200105827e+01 7.714459131798149372e+01 9.614553137619297729e+01 9.112075030950948928e+01 8.664971261058521179e+01 6.918356512739806874e+01 4.984898935072989445e+01 5.086726936983600211e+01 3.131536849381291177e+01 3.204304140244877175e+01 5.150375724877645212e+01 4.205337784087563335e+01
9.124702163186202558e-03 5.188612225829302815e+00 1.050478768106375149e+01 1.645200321606080962e+01 2.386676157836101453e+01 3.518147716227790767e+01 5.507788860588867408e+01 4.253178221951856841e+01 2.346427217214628413e+01 2.215033932389527038e+01 3.921124562862323870e+01 5.605674798037759388e+01 4.469721996153558763e+01 6.204583808408881396e+01 6.768289859125734154e+01 7.572928132506646648e+01 7.900443837551802062e+01 8.463450691399853554e+01 6.667869990318973805e+01 7.868553673068171861e+01 7.070550211796529538e+01 5.977237442715195925e+01 7.882792122573529525e+01 7.363567210785924999e+01 5.468609195019977420e+01 7.363567210785924999e+01 8.982970111488442910e+01 9.828605385435051289e+01 9.258008171313719004e+01 8.426524631605886384e+01 7.741097448738872799e+01 6.079451660285832304e+01 4.293756569950652846e+01 2.943896907140389629e+01 3.018658664032776073e+01 5.311790289880589455e+01 6.885176321106814612e+01
2.239863785106879172e-03 2.000223986378475161e+01 3.029161720630954946e+01 3.611689351149026095e+01 3.969366366130866197e+01 5.181636354230433028e+01 4.768953674200306381e+01 3.328191264237027980e+01 9.176878014969615194e+00 3.319802133180544956e+01 4.996477941218832797e+01 3.553381749254845801e+01 3.287841074176029110e+01 5.338513264794176649e+01 4.648106567425395497e+01 5.048392410981245604e+01 7.863970856929630315e+01 7.395996513385399851e+01 5.860066754302050640e+01 6.856905230045343558e+01 5.162423379825227698e+01 7.070550212741891016e+01 8.682830154881069973e+01 6.907909640505573634e+01 4.996064993386384145e+01 6.907909638816511233e+01 6.864917018688041139e+01 8.891646048095856258e+01 8.426524631605886384e+01 6.430713257212575229e+01 7.015272971887783626e+01 6.299931039435133329e+01 4.745164688202231673e+01 2.759346537445657077e+01 4.744987435472109638e+01 5.500704221562044438e+01 5.219855062762947284e+01
1.766589122093755728e-03 2.000176658912173977e+01 3.696432475609043422e+01 4.837521321416093656e+01 5.343650000141096257e+01 4.039376367487029285e+01 2.316181417784718377e+01 2.619307412956383274e+01 3.705978677746708971e+00 2.686891005885271966e+01 4.153991425249495961e+01 2.066840237342692888e+01 4.154503294087825793e+01 5.432244128176859732e+01 3.191268879129226121e+01 5.224678005462728692e+01 6.729696832305585019e+01 8.463315870185898859e+01 6.856905230045343558e+01 4.978616825058426798e+01 4.660995703094000220e+01 6.578006238385162874e+01 6.793303514456242453e+01 5.992042123354134020e+01 4.554498513519802572e+01 5.172168600281439410e+01 6.188268377330065562e+01 8.091525585083135752e+01 8.426525039420324958e+01 6.430713257456940823e+01 5.034107820134958189e+01 4.338497413946038250e+01 4.618402048578403907e+01 2.630644805818332443e+01 4.440346829265783413e+01 3.553911243920302354e+01 4.924303352289876301e+01
