LEM/sinusoidal_perturbations/elevation_000080.asc
nrows	100
cellsize	150.0
xllcorner	0
ncols	100
yllcorner	0
NODATA_value	-9999
[rows 68 to 84 of 100, columns 0 to 36 of 100]
5.009162696260268353e-03 2.000500916269590590e+01 3.715608464910786779e+01 4.591430065493295132e+01 5.093051269993161156e+01 3.249057745805914266e+01 5.093051319885975659e+01 5.669664831764177393e+01 5.871320409580021504e+01 3.876874563732341272e+01 5.871320409580021504e+01 7.118622693687483149e+01 7.939700775727796156e+01 6.912459330792137280e+01 6.195400050198755793e+01 4.174852930243066851e+01 3.912645420690953557e+01 4.249548227700409342e+01 6.279350894338000444e+01 7.234982568233039046e+01 7.778356527705223300e+01 8.620097071751473550e+01 9.532605508256204985e+01 1.070498439049363668e+02 1.047595203292154196e+02 8.636339526626646546e+01 9.333135203365092991e+01 7.986772905851822202e+01 6.036538985255563716e+01 6.101140109238143339e+01 8.065059780110787813e+01 8.965981888720335746e+01 9.769261946153768861e+01 1.074548084154774870e+02 1.013650891299432573e+02 8.758140569850741031e+01 6.708569891194964896e+01
4.695337527364121070e-03 1.147634650322423688e+01 2.565407996573504690e+01 4.568644403442168311e+01 6.101564886301228086e+01 5.272293757203294007e+01 6.101564901008559616e+01 6.962462083064397689e+01 6.692734506764453783e+01 5.291130370731311672e+01 5.032264059413478208e+01 6.167320611933074304e+01 8.090232521553706135e+01 7.622645744879643814e+01 5.604215526623325871e+01 5.604215526623325871e+01 5.082407606942292944e+01 6.279350894338000444e+01 4.765848985174149988e+01 5.191919477661152627e+01 5.723310280762533608e+01 6.647070912047647084e+01 7.833262125108537077e+01 9.868815405787998429e+01 1.126433533516950263e+02 9.955216047996901807e+01 9.587239555173856331e+01 7.627076231313679955e+01 7.686376361173505245e+01 5.734672945821799317e+01 6.340651026301848958e+01 6.991470033097799330e+01 7.984318043245262686e+01 9.947836835799222399e+01 9.316436619624089133e+01 7.306661769322791145e+01 6.304059945337164095e+01
7.614146464036155443e-03 2.000761414646368053e+01 3.430100312737741319e+01 4.258527680951674199e+01 5.413228512200117137e+01 6.157902865528632930e+01 5.329467782778301199e+01 4.962460688777299822e+01 6.962462083064397689e+01 7.272023070122379806e+01 6.996252364605682317e+01 7.808883830371857471e+01 8.888285736814702886e+01 8.456485173282536039e+01 7.622645744879643814e+01 7.622645744879643814e+01 6.514859970421794344e+01 7.570805771231115955e+01 5.537945990947924457e+01 7.234982568233039046e+01 6.487467318787741988e+01 6.855830465370306115e+01 7.976601520263189116e+01 9.829433950323520719e+01 1.217992457722621111e+02 1.157848761429574012e+02 1.038935675774896765e+02 8.902664851405418744e+01 6.933934232520402929e+01 5.557887623942396971e+01 7.510562099712811346e+01 8.965981891749073895e+01 9.769262660550813848e+01 1.074548073376168560e+02 1.013650885608588510e+02 9.136006802675495919e+01 8.311549194057846535e+01
2.352828262072654761e-03 2.000235281019160638e+01 1.430100311799919233e+01 2.584800850179191301e+01 4.584800853542422772e+01 5.329467702101077720e+01 3.329467509145929682e+01 4.573538562095127702e+01 6.573538543267056866e+01 6.487308985846836151e+01 7.315735656474976167e+01 8.470435879315753880e+01 8.506328873130431134e+01 8.617472402257035924e+01 9.207297006861568889e+01 8.986225205943901528e+01 8.534027187781340729e+01 8.407296595223692748e+01 6.714747403058798625e+01 8.407296595223692748e+01 7.507860901915034901e+01 8.974504635004532815e+01 9.830195219589671751e+01 1.108635855544680027e+02 1.077296252777414480e+02 9.773272700873079089e+01 8.753869271123350870e+01 8.971520941393313819e+01 7.337455654872364619e+01 5.382279447475054468e+01 7.174919501372421848e+01 9.175775643271086324e+01 8.786913545771764689e+01 9.314133531582741909e+01 9.516868016088508853e+01 9.371271656527633809e+01 7.374969408281027938e+01
6.786455232800275850e-03 2.753997734206575121e+00 2.275399773803449577e+01 3.002033935095716899e+01 3.355587325604679449e+01 3.720735697167755518e+01 2.573538563127448597e+01 4.573538562095127702e+01 5.332608449345066504e+01 4.487308989098669088e+01 5.642009527477824804e+01 7.642009519784116378e+01 6.485400360213159843e+01 6.596892163258766573e+01 7.188706413329823874e+01 6.965538440132361586e+01 8.197437574312715469e+01 9.031212004228488865e+01 8.740203249276747499e+01 9.574982810729463267e+01 8.943123995970215390e+01 1.036942401555050708e+02 1.165193527993471179e+02 1.032169349120356117e+02 8.942659869181609622e+01 8.962977945604480112e+01 6.938899915775738236e+01 6.996086086075453636e+01 7.166274574078340720e+01 5.207840069438211117e+01 6.702412520459124323e+01 8.027024734575446985e+01 6.613270673816562351e+01 7.216013628577046291e+01 7.519808924765202107e+01 8.914208430643802217e+01 7.934462635221976257e+01
3.257643153035955173e-03 2.000325761873370212e+01 6.970367947764396277e+00 1.002033935441646406e+01 1.355587326034917162e+01 1.720735697705021749e+01 2.220735697705012868e+01 2.755258181529852379e+01 3.332608450719457949e+01 4.746822013091696135e+01 6.746822008402133974e+01 6.747124451220474839e+01 5.057860320644384444e+01 5.169080735630708290e+01 6.763417729763662578e+01 5.533159416075650938e+01 6.173410110848331556e+01 7.080495114940336521e+01 8.249558650249400671e+01 1.026423958664058915e+02 1.096286113716276418e+02 1.104186588108767921e+02 1.024559855913749971e+02 8.930509533787734711e+01 7.656207147274375302e+01 8.379639699351172055e+01 7.574677622423911316e+01 5.606007888525964944e+01 5.318112943453261465e+01 5.034136545574806121e+01 6.791921997162965852e+01 7.162836018853441544e+01 5.172568758879136652e+01 6.910874013170331409e+01 6.123275914867867442e+01 8.057270555117310096e+01 7.661484945541124603e+01
1.880098487986705483e-03 2.000188009847359183e+01 2.697036794488614930e+01 3.002033935095719741e+01 2.002033935441628643e+01 3.720735697167755518e+01 4.220735696988656116e+01 4.755258180552207392e+01 5.332608449345066504e+01 6.161035304816228120e+01 6.259516868341047768e+01 5.424498803896506161e+01 3.903908091885793397e+01 4.308237858389703945e+01 4.743123676774230546e+01 6.763417729763662578e+01 8.197437574312722575e+01 9.031212004229362833e+01 9.933370374189989604e+01 1.109502862829425283e+02 1.161389109120716938e+02 9.678833235060396589e+01 8.282676987989204065e+01 7.565180797590140571e+01 6.947009199584697114e+01 6.408889813136767089e+01 6.064293096083143553e+01 7.574677622423911316e+01 7.282545318114897270e+01 6.213965160075812832e+01 4.824041754257692105e+01 6.397002715707458265e+01 4.421572740664609569e+01 4.948679201080371115e+01 5.945700916056564012e+01 7.535112027878057006e+01 7.172686967953086423e+01
2.900726248362994839e-03 1.414503634997943848e+01 3.414503635000983905e+01 4.830460892970169340e+01 4.002033934749863420e+01 3.266944999508935865e+01 4.681158561878800839e+01 6.681158555464101312e+01 6.532421748552053486e+01 5.697932494587319496e+01 4.971633473323596064e+01 3.424699651761274311e+01 5.424498803896506161e+01 5.730346081475504860e+01 5.908199867253888726e+01 6.763417729763054353e+01 8.783987479530964038e+01 8.922369151704958767e+01 9.745350637586204812e+01 1.058509355058340446e+02 1.182322033560887320e+02 9.891036155879865532e+01 9.551600982189339106e+01 9.272158790218061597e+01 7.295577714285026616e+01 7.811542408329705722e+01 7.461276491940343192e+01 8.850436873043950925e+01 8.995370209669682993e+01 7.605813513089330513e+01 6.588815289375521900e+01 4.616530989149400455e+01 6.205614780636678773e+01 4.231968805115342747e+01 6.024816422412982320e+01 5.898437345190060199e+01 5.153651079576527394e+01
5.081304048347549951e-03 2.000508130404799090e+01 3.299569240367859635e+01 4.127998573899036217e+01 5.128004428625494171e+01 5.266944997626884373e+01 6.095371826848293040e+01 5.201912418459726695e+01 4.572231662361888027e+01 3.694666787276126030e+01 2.976904145128420964e+01 4.971633473323596064e+01 6.259516868341047768e+01 7.752268421583917757e+01 7.931667055718132531e+01 8.765878682108562714e+01 8.335140982375067153e+01 6.942183815686824744e+01 7.779108614909543462e+01 9.487136394674166695e+01 1.063270173323254539e+02 1.182322033560887320e+02 1.149197880289387115e+02 9.967329663222379565e+01 8.001089509683475853e+01 9.780391173279936368e+01 9.434272766116382058e+01 9.920254525684758562e+01 8.781756105749822439e+01 7.246125871692134979e+01 5.274190777082839077e+01 5.754180340928101600e+01 7.003243544491417083e+01 6.025169567038996377e+01 4.047292711135246179e+01 3.911983376863852868e+01 3.832144291551969673e+01
4.469920835086939326e-03 6.329025241171872374e+00 1.299569190783859796e+01 2.299569190783994799e+01 4.299569396914763786e+01 5.830537448685553414e+01 4.756408605412258339e+01 3.767566669784002187e+01 2.288432342800293284e+01 2.549291174311499475e+01 4.525523682427177619e+01 5.777778484247685498e+01 7.072862493086036295e+01 8.233527507160974324e+01 8.199565590997141840e+01 7.377892938050284499e+01 6.354647029861986596e+01 5.798842434548738822e+01 6.684808720620419820e+01 7.826651186746798317e+01 9.808823606398046024e+01 1.077456483134181013e+02 1.155354480632569079e+02 9.610835944886235893e+01 9.397697315977592325e+01 1.076925528779749754e+02 1.081793787750930136e+02 9.111460294269400606e+01 7.131514323879299866e+01 5.990475932305426454e+01 7.246125871692134979e+01 7.150249652533989320e+01 7.624575999687857575e+01 5.656124925903470313e+01 4.855112027810225328e+01 5.893907657844408732e+01 3.711483572557816757e+01
2.324776005098761877e-03 2.000232477600474468e+01 3.299569240367879530e+01 4.127998574164931256e+01 5.127999085418333891e+01 4.412519725770953727e+01 2.994454887100035023e+01 1.928393129904021919e+01 3.141776958373536033e+01 4.422181391965898456e+01 3.483600527828804161e+01 4.234064181573810259e+01 5.390490460491969316e+01 7.402616641919740914e+01 7.054836574448941633e+01 5.395563606815002089e+01 4.951071607349114601e+01 6.354647029861986596e+01 8.335140982375067153e+01 7.988078367464960650e+01 7.988078367464960650e+01 9.543543388302390440e+01 1.065506429831038844e+02 1.155354480632569079e+02 1.134254380150716202e+02 1.139491422280838577e+02 9.441221574470694122e+01 8.040649489809327122e+01 7.046373141725933920e+01 7.389169627643538263e+01 8.781756105749822439e+01 9.126007087909559345e+01 8.449333932713324202e+01 7.579953484999771263e+01 5.965119868420780591e+01 7.562212520509314118e+01 7.144611779584222688e+01
8.699724428260374037e-03 2.000869972442790612e+01 3.584581058730373115e+01 4.584581159933971861e+01 4.997916612568612038e+01 2.994454888944827786e+01 1.584357978560178992e+01 3.581255558473394984e+01 4.115849452200195202e+01 5.412785926610531817e+01 5.490454279739731192e+01 6.240730139080895356e+01 7.072862493086036295e+01 7.621211617539221095e+01 6.233394565039084512e+01 4.245585756577127512e+01 6.223766926276408640e+01 6.667152304892840675e+01 7.147106662267611910e+01 6.013355091102312144e+01 6.761373469160604088e+01 7.900281540819538861e+01 9.839945008832577855e+01 9.999314705823928762e+01 1.067951419201745864e+02 9.870527457611100886e+01 9.676384016989125314e+01 9.836102326433565679e+01 9.027052823066418341e+01 9.366573986767555482e+01 8.488406106822006336e+01 7.566657828713793776e+01 7.396745227984395399e+01 8.203166251314057433e+01 7.826352749672666675e+01 8.611429713263558483e+01 8.807679674793699576e+01
2.249585233037712084e-03 7.561539045417615235e+00 1.756153904541779198e+01 3.756153904925793796e+01 4.766290528792620051e+01 2.763238076015260702e+01 1.352513092571705045e+01 3.349833187729876016e+01 5.112944899763330397e+01 6.372246978960458108e+01 5.932995213540404933e+01 6.757662895490248900e+01 7.621187519299859048e+01 6.217135185321023982e+01 4.813067833899844317e+01 3.819483847188789838e+01 4.236224564424423988e+01 4.682865734496419208e+01 5.166562079538934427e+01 7.147106662267611910e+01 8.731192352231563802e+01 9.543543388302383335e+01 9.347240907269048193e+01 7.862604940731677061e+01 9.331593789611686418e+01 7.856972321767135270e+01 7.636739176508093863e+01 8.553351422485511080e+01 7.708111979916778012e+01 8.256828356170356642e+01 7.566657828718246037e+01 5.395488270449772017e+01 5.137192387866004850e+01 6.941947176267819941e+01 7.135138168906983935e+01 8.069041545940416427e+01 8.910192927039037158e+01
2.739267172789772273e-04 2.000027392671692539e+01 3.584581058730376668e+01 4.584580965844554612e+01 3.679124536664929224e+01 2.825058114434861523e+01 1.126469582135231562e+01 2.278465641978296574e+01 4.280823943203550641e+01 4.150920069853375338e+01 3.926147502269496670e+01 5.932995213540404933e+01 5.916701139321175873e+01 4.813067833620232960e+01 3.402768060494869928e+01 5.394756628185873382e+01 6.223766926276409350e+01 6.667152304892840675e+01 6.568340749894687747e+01 7.965929133804989704e+01 8.655512744639119660e+01 9.489695273688771238e+01 8.391125898274425765e+01 6.398207221045280590e+01 8.390269543399992358e+01 8.234003548965937114e+01 6.178279248692489745e+01 7.137700036524620373e+01 5.651359350541057580e+01 6.195907133868931993e+01 7.648719070025319411e+01 6.031409110954804476e+01 3.932091030794642705e+01 5.703047066708538182e+01 4.930386364438212610e+01 6.552345748520188806e+01 8.967519240594594976e+01
8.327778614586212741e-03 2.000832777861362644e+01 3.687373561516259457e+01 3.438983247789983011e+01 2.588501974965360830e+01 8.144489050430523847e+00 1.004158510777559421e+01 2.998824567962520149e+01 3.464905189979566558e+01 2.486077352607506441e+01 4.513939588092041078e+01 4.283860725727867447e+01 3.926725296953324573e+01 4.741293115499676958e+01 3.128376338826277703e+01 5.121210843276453772e+01 6.856344520651012431e+01 7.744039314046167988e+01 8.544371177357538727e+01 8.342876756234520030e+01 6.680575078350763363e+01 8.342876756234520030e+01 7.535954518453451101e+01 5.460875733286480482e+01 7.535954518453451101e+01 8.593065181422318233e+01 6.534868132747030245e+01 5.088085320271051160e+01 4.482774294750376498e+01 4.755169686908272553e+01 6.625695767513808221e+01 5.359606126375363289e+01 3.301565565023641824e+01 3.620356581871715207e+01 5.073094287824922333e+01 7.223887609144020416e+01 8.156813671843201519e+01
6.510866554257996840e-03 2.000651086655390287e+01 1.688213728449253637e+01 2.411546761729313104e+01 6.124768422966839765e+00 2.534260513270106685e+01 2.896118746368280483e+01 1.275936799462813553e+01 1.470716488241942166e+01 3.464904944585379809e+01 3.968625332108022974e+01 2.289821497678702400e+01 2.515662397084739155e+01 2.747618625629996814e+01 3.379191671309430234e+01 4.045064803529792385e+01 4.936901899846599662e+01 6.341243304601761821e+01 8.324138826361254928e+01 7.515281951374808500e+01 5.571221321338799015e+01 7.515281951374808500e+01 6.877242210672494593e+01 4.779844093157332452e+01 6.052354858961894735e+01 6.903448026814066907e+01 7.621057718223099187e+01 6.771467794535912788e+01 5.777353351221802313e+01 3.756498379879839433e+01 5.777353351221802313e+01 4.759677607631238061e+01 2.733570120056914021e+01 4.759677607631238061e+01 6.605887024271321195e+01 7.575794543722368246e+01 6.148840877221518042e+01
8.953482861371391335e-03 1.376125126871241999e+00 2.746500182399966850e+00 4.129915408948495958e+00 2.411399760148943017e+01 3.360613061247137523e+01 3.513418659936822763e+01 3.041433526465452175e+01 3.464905112567820566e+01 1.763193966323679973e+01 1.974539276357270268e+01 3.968607968945471498e+01 4.509572544377196834e+01 3.640737716552798275e+01 4.741170811526398410e+01 6.034244792094349208e+01 6.856344520651012431e+01 7.744039314046077038e+01 7.196160673995606771e+01 6.827952724106674509e+01 4.917634055913881497e+01 6.827952724106674509e+01 7.726886567559421337e+01 6.052354270121882251e+01 3.922218359652383413e+01 6.052338868586257092e+01 6.440306095345493986e+01 4.729654951765680693e+01 5.356286471452571618e+01 3.350500764768710127e+01 5.356286471452571618e+01 4.350542957158067736e+01 2.345836912357771098e+01 4.350542957156513779e+01 6.019469232448733464e+01 6.736903383931569067e+01 4.747698545334859688e+01
