LEM/sinusoidal_perturbations/elevation_000818.asc
nrows	100
cellsize	150.0
xllcorner	0
ncols	100
yllcorner	0
NODATA_value	-9999
[rows 51 to 67 of 100, columns 0 to 36 of 100]
6.455108993161302530e-03 2.000635155445066715e+01 5.572410281436463109e+00 7.982242458892533143e+00 1.045113594056357087e+01 1.361853497800820456e+01 3.382919811714627656e+01 4.693657773427732849e+01 6.138068056888946700e+01 6.806156103280976311e+01 6.336133446382658718e+01 7.090272431890596749e+01 7.915641829244006544e+01 8.422590023953840443e+01 7.050823582775655041e+01 8.422590023953840443e+01 9.162432453186296755e+01 8.008129124202507398e+01 7.180983908387631232e+01 5.743425138206028890e+01 4.434383924504857077e+01 5.782021623174604485e+01 4.925217136373805005e+01 6.943962320987856174e+01 6.876025356437659752e+01 4.767628366763188552e+01 3.332275550804386910e+01 4.489936480891526571e+01 6.511392502957330919e+01 6.143384523104321460e+01 4.720019026754691538e+01 3.554928464081772432e+01 3.757398593843928580e+01 4.002970853480110236e+01 4.266099588156505718e+01 4.539697171424713673e+01 4.889792833307905795e+01
3.995603441288198172e-03 2.000399560344093430e+01 1.493368045157703428e+01 2.799417180643072101e+01 3.047305169232546262e+01 1.413502483930999887e+01 1.751750421295252025e+01 4.403172972099218896e+01 5.045641301863292227e+01 5.657196713480552575e+01 6.487485955560050854e+01 7.387175975672813877e+01 8.541404339184465755e+01 7.568124158872871021e+01 5.720531707431846513e+01 7.568124158872871021e+01 8.336649076516033574e+01 6.334978288780021671e+01 5.163799948339433143e+01 4.393155342595878921e+01 3.720944937156411214e+01 3.755442545943128607e+01 5.770026786389982476e+01 6.994078929559712776e+01 6.070079502739102395e+01 4.849662706105286247e+01 2.931855096754461343e+01 4.706267701369085898e+01 4.880428908477330197e+01 5.055763849920435149e+01 3.296463879712555922e+01 5.311698961049072665e+01 5.786778748903365965e+01 4.838744499501612495e+01 6.302256610265316539e+01 6.574117456206798238e+01 5.229527174627202868e+01
4.804567899273937473e-03 2.000480456789891903e+01 3.456629625239065717e+01 3.171050837238842135e+01 4.275323773483141565e+01 1.955588171132420428e+01 2.420455246548108263e+01 1.964853148800390059e+01 2.713389985091213674e+01 3.534743546714688023e+01 4.542106323993803585e+01 5.714133801933232348e+01 7.713874781977732198e+01 6.767125527848665456e+01 4.842779422520546007e+01 6.767125527848665456e+01 7.033423079873250572e+01 7.842266267625754494e+01 7.180983908387631232e+01 6.418560035987569279e+01 5.103550940941126868e+01 3.093726182663984403e+01 4.249384990812340135e+01 6.258234258945094552e+01 4.498674745211457093e+01 3.014496867736545127e+01 2.543872269331474811e+01 2.710686865846616200e+01 2.878743232710429822e+01 3.048929107126846816e+01 5.055763849920435149e+01 4.720019036573700788e+01 6.740140659301643211e+01 6.278490174327472317e+01 6.497473601141400934e+01 8.069630760501911482e+01 7.246412596996631805e+01
9.707512844716031236e-03 1.415184313657579196e+01 3.415184313657649540e+01 5.094196559840644767e+01 5.703820312638107737e+01 4.724516264496207896e+01 4.188235492342135302e+01 4.455875741861800776e+01 4.061426323322392307e+01 5.657196713480552575e+01 5.068283470068755747e+01 7.078959052786444772e+01 7.386591373905206126e+01 6.158593857917551162e+01 4.182821839600592995e+01 6.158593857917551162e+01 5.110672818452160016e+01 6.727097880217758075e+01 7.242109343416920808e+01 6.080947126678029946e+01 4.758485540943558334e+01 2.757313514228909312e+01 4.758461561965531672e+01 4.855017324608406426e+01 4.103583041919146268e+01 2.327380147809925504e+01 3.730119691867393783e+01 4.708140645898180310e+01 4.289743948752206393e+01 4.201386510636803706e+01 5.887577190187111853e+01 6.740140659302166171e+01 7.566784846417832000e+01 8.277422526462765973e+01 8.494658753581290966e+01 9.316923621764688335e+01 8.823049027405407685e+01
5.001202446392439237e-04 2.000049925179705212e+01 3.045205549603285533e+01 3.561603247230580394e+01 4.116303423978294518e+01 4.748758923533640797e+01 5.504687807145651846e+01 6.333107399179385766e+01 6.210974383699678469e+01 7.043324274551376618e+01 7.078959052786444772e+01 7.906688441051348093e+01 6.584632895274162934e+01 4.636593693383952086e+01 3.581151994684393713e+01 4.934126194881133642e+01 3.941653114598236840e+01 5.851193263504509190e+01 6.414461661548607196e+01 4.397854403807635038e+01 3.239922931687834051e+01 2.434629304160951691e+01 4.419498816649252149e+01 3.666564604082254419e+01 2.114100594258639276e+01 4.103583043823110899e+01 5.128859172427817015e+01 6.569240895334883135e+01 6.315678123106552988e+01 6.221154529346019757e+01 7.045064138339965609e+01 8.041873432684482736e+01 8.602814664737961436e+01 8.147834291453281708e+01 8.573683575083445874e+01 8.751048983814104076e+01 9.583560288769564295e+01
5.279685921607564676e-03 2.000527968592125205e+01 1.045205518485895979e+01 1.561603297980213689e+01 2.116303494205433111e+01 2.748759026239097736e+01 3.504687972257525530e+01 4.918901533804518067e+01 6.918900972897814938e+01 7.091670279825356715e+01 6.283041271390261784e+01 7.091670279825356715e+01 7.386591373905206126e+01 6.334859997910075435e+01 4.353923183046616430e+01 2.836385693100130823e+01 2.967185392139505851e+01 5.052973850104928033e+01 6.305041438718527047e+01 6.080947126678029946e+01 4.131966777091843568e+01 2.141050337981931406e+01 3.721345265622660747e+01 1.902670139766621915e+01 2.103507950912551649e+01 2.305925749581404105e+01 4.297957427661053487e+01 5.427937801125054307e+01 6.852422336276384840e+01 6.537141346134355047e+01 7.368554275550570765e+01 6.194727436197626247e+01 4.784893055769836678e+01 6.194117913123833574e+01 6.564380677883295334e+01 6.743548042516626140e+01 8.093766309003271431e+01
5.738623160518319517e-06 3.592111779158666529e+00 9.139113741410907821e+00 2.913911338019595476e+01 4.116303423978294518e+01 4.748758923533640797e+01 5.504687807145651846e+01 6.333107399179385766e+01 7.028220801446978783e+01 6.138664954526856832e+01 4.396164167723509308e+01 6.138664954526856832e+01 6.365136420943452578e+01 5.526377163092647748e+01 5.746534218141663786e+01 4.315536268705246670e+01 2.149522016534371360e+01 3.450617864039689664e+01 5.497036781679096862e+01 5.658550978162639922e+01 4.375876684223143087e+01 3.552105972742708673e+01 1.733904544376344958e+01 3.721289826835943870e+01 4.096972920299028686e+01 4.297957421488503371e+01 2.596931117936894395e+01 4.003441486742289612e+01 5.132078964529450360e+01 4.512459030332121301e+01 5.621248251937252860e+01 5.667618654897812291e+01 4.340627383686978646e+01 4.722562296281300576e+01 5.132492366313029208e+01 5.579690080526796692e+01 6.086772172820520410e+01
4.532054705376768917e-03 2.000453205470502027e+01 2.913911338015504171e+01 1.808338565140990895e+01 2.515445346327526011e+01 3.409872537327409958e+01 4.564573075682717729e+01 6.564572643087551285e+01 6.221233242482880854e+01 4.328707934894607234e+01 3.462630421467860486e+01 5.339602719556881283e+01 5.189499944722486902e+01 3.485426931198428946e+01 4.300445161143728257e+01 3.455047190007881142e+01 1.749536572539353330e+01 3.954533893341206863e+01 5.263361383806804383e+01 4.243405489663621921e+01 2.828260001048231587e+01 1.581198763759923409e+01 3.566933792402989667e+01 2.721223637058392342e+01 4.721469582363156547e+01 5.427945211359023148e+01 4.594026496299370876e+01 2.897163995824093519e+01 3.121573556056480570e+01 3.350872084701066456e+01 3.596785965098889903e+01 3.850567705369228833e+01 5.502286650113850897e+01 6.615023355003529559e+01 7.152891871015434333e+01 7.592017774957587051e+01 8.093766309003271431e+01
9.001595176218036079e-03 1.415113721890729259e+01 3.415113721896247512e+01 3.808338499796451515e+01 4.515445245244877270e+01 5.343866068916951662e+01 6.238290299077539913e+01 7.392984377961533937e+01 6.037489654973449404e+01 4.675992799517860732e+01 2.785544310561057557e+01 4.675992799517860732e+01 4.339305288426609053e+01 2.394948451037246073e+01 3.227275394154266053e+01 1.216609305555168952e+01 3.449109074041186318e+01 4.738177869273518894e+01 3.262710506432405566e+01 3.262710516967607788e+01 1.429794081849670917e+01 2.828260001048231587e+01 4.396663914142034457e+01 4.132178198216141851e+01 4.132178231395614176e+01 6.144144754058154945e+01 5.616566662599011295e+01 3.595585912214529145e+01 5.127653235557269795e+01 4.247646055106444152e+01 5.621248251937252860e+01 5.881250547129507567e+01 4.447061195937517653e+01 6.441089569063757381e+01 7.797318539313646113e+01 8.632821436044247321e+01 9.635979838537032549e+01
5.674351268809080251e-03 2.000567435126845339e+01 2.931187962585435614e+01 3.447585832821177121e+01 4.024936262748903459e+01 4.691603246403539629e+01 5.520051067644364906e+01 6.520088207334836738e+01 5.239651034670780660e+01 3.345857021702876466e+01 2.262028763055525005e+01 4.145458554658470973e+01 3.830451382797843962e+01 2.853863217508631323e+01 1.431882367438369030e+01 9.219568853650207174e+00 3.200904491031370469e+01 3.893087697508711642e+01 3.112533612952438133e+01 1.278923688359659572e+01 3.262710516967607788e+01 4.243405489688540655e+01 5.658550978328339198e+01 6.144138607748332248e+01 6.144144754058154945e+01 6.974017700933704589e+01 6.452815350066811106e+01 4.604125310149510852e+01 6.431616790733615119e+01 5.422485551958646255e+01 7.106756610491311221e+01 6.441089569130376447e+01 6.441089569130375025e+01 5.123089513809470930e+01 5.825257286142394975e+01 6.798619402509410747e+01 8.796017676125346441e+01
9.518805923843161668e-03 4.597833483335098670e+00 9.311878691245457418e+00 1.447585648618872511e+01 2.024935917808508279e+01 2.691602584475186788e+01 3.691602584484483884e+01 5.691604645444607513e+01 4.794616534841925670e+01 2.896061293670412340e+01 1.765968300147221370e+01 3.133113396137013495e+01 2.593273162335168180e+01 8.211417425326960284e+00 7.724269837358349378e+00 8.077084151290190306e+00 2.834215016925785235e+01 2.958504613905595093e+01 1.126711895583212275e+01 3.111428241802023820e+01 3.327389826037836684e+01 4.159417595602920414e+01 5.571223165507569064e+01 5.111556483257017192e+01 5.951083791844176574e+01 7.120866827714085900e+01 7.469652379854771596e+01 6.630595179125246830e+01 7.466832300279241963e+01 7.438619857576804861e+01 8.266957461315566036e+01 8.432728705630042043e+01 7.851711242742577213e+01 5.873864664289403947e+01 7.100089596794103386e+01 8.632821436044247321e+01 9.635979838537032549e+01
9.062254805971973678e-03 2.000906225480561673e+01 2.931187962585435614e+01 3.447585832821177121e+01 4.024936262748903459e+01 4.691603246403539629e+01 5.520051067644364906e+01 6.520036721636314780e+01 5.588173362068791050e+01 4.489123768059924657e+01 3.139104083883994178e+01 1.176803702380227712e+01 2.334762677423783828e+01 7.227487128965469410e+00 2.251164828088851166e+01 2.457479842742905518e+01 8.582867339475392043e+00 9.716372190715377499e+00 2.942237854279164111e+01 2.295975831581455040e+01 1.469920212658553993e+01 2.733330635937532804e+01 3.960127028952500439e+01 3.117225302567082323e+01 4.255495280068969777e+01 6.280957834006159857e+01 7.017557196170396594e+01 6.411140267931521919e+01 6.638575266807330877e+01 7.490166599109016943e+01 7.420275700036013689e+01 8.221861482943786825e+01 8.689459305360828978e+01 7.006044059835684834e+01 8.689459305360828978e+01 9.936757514547636561e+01 9.267918041773272364e+01
3.063233560239582431e-03 6.327618553897025322e+00 1.299428522056375002e+01 2.055357468074857863e+01 3.055357468174495139e+01 4.469571192781069868e+01 6.469606002118176491e+01 7.098782538410890197e+01 6.124294721637914307e+01 4.649238463766882745e+01 1.988950423144023105e+01 8.068283658150967597e+00 6.734904332777142955e+00 2.664815021631849135e+01 3.301530608758284302e+01 3.236460424778300649e+01 1.291051287363009159e+01 9.112385361637876713e+00 9.482709755606846258e+00 9.847473778338232009e+00 1.020769478724520241e+01 2.060737134665149384e+01 1.996174938313171054e+01 3.956816728006691619e+01 4.840276428204447257e+01 5.655275895392749419e+01 4.892863872827967953e+01 4.263973198545154730e+01 4.500517866832013425e+01 6.070148863006946272e+01 5.511020716683982812e+01 7.420256527736712826e+01 8.677373388679788491e+01 9.012159502685362611e+01 9.850844029817598368e+01 9.802332137996832273e+01 8.432286515425569462e+01
5.666595628964066558e-03 2.000566659562860750e+01 3.299429221694776970e+01 4.055360095634248552e+01 4.883863163801522944e+01 5.883950060580215080e+01 6.185229466910066520e+01 4.864962626772629761e+01 5.721828589778933605e+01 3.867741566404584574e+01 3.791717896086894513e+01 2.663201019794393787e+01 6.397092371032539582e+00 2.105243653406023085e+01 4.068919401474006037e+01 4.267571265774130751e+01 3.297954565806582394e+01 1.817210129167770205e+01 2.941743048739700583e+01 2.749447901350080770e+01 3.018223482297584326e+01 1.071257904244848724e+01 2.542571653979447532e+01 3.396827599763032879e+01 2.897879368359379626e+01 3.970894399009432618e+01 4.230949180591139225e+01 2.896346797161286091e+01 4.884766747001545895e+01 4.180131094611583364e+01 5.012651797634033812e+01 5.974425963377282756e+01 7.320153230988945836e+01 9.220507661050902470e+01 1.039119593743089638e+02 8.371661904523482178e+01 6.973818815385997993e+01
2.110006612196471242e-03 1.000211000661228411e+01 2.154911539040500301e+01 3.569125101413645496e+01 5.569125101413715839e+01 6.242644477877863807e+01 5.076464605045588740e+01 3.239788669310775759e+01 5.076422773199211491e+01 4.515606673108428737e+01 2.902125484442920111e+01 2.636274529463257466e+01 6.067329124698800591e+00 2.427837578407921271e+01 3.266393019557003896e+01 4.958277220214822734e+01 4.749741738330754259e+01 3.280502555254720676e+01 4.691084617804239087e+01 4.198492815597511196e+01 1.186209543490358165e+01 1.106915456694236255e+01 1.415725503516658179e+01 1.488473904233826950e+01 1.736138742200792251e+01 2.005000227018611625e+01 2.285453427898558942e+01 3.507506211907458749e+01 3.449282079257343270e+01 5.264197866119329206e+01 5.934470601057061856e+01 6.435478883434088004e+01 7.083509547932112582e+01 7.901299175002507980e+01 8.776841072607166439e+01 9.802296977548111556e+01 8.907830330815916398e+01
9.367352646185668139e-03 2.000936735264583177e+01 3.374138266039666689e+01 4.202565390726462624e+01 5.357265928929663090e+01 5.424702923058508475e+01 3.386098841126478476e+01 2.092239141248660417e+01 3.269037499066364916e+01 4.051536030558898460e+01 3.336869319832358372e+01 1.504082516742350073e+01 5.743724660825661132e+00 1.564325800845080394e+01 3.332114701052469030e+01 3.892144933273105778e+01 5.870629536515880176e+01 5.380583784446527318e+01 4.640797145710319427e+01 2.312716904960020514e+01 1.809939211072365239e+01 2.037960382852415364e+01 1.157101375931474507e+01 3.118926532236653415e+01 3.712188164236978594e+01 3.402701235320373740e+01 4.230949180591139225e+01 2.772349753315917908e+01 3.179035628323763518e+01 3.587543119860040264e+01 4.006309857814379427e+01 4.495207553762093511e+01 5.139553193945365450e+01 6.010876156783849211e+01 7.378764096341042489e+01 9.336267281000395712e+01 9.528776931012734508e+01
3.648181865326004768e-03 6.670314848531963214e+00 1.374138266039737566e+01 2.528838804418968778e+01 4.528838804418882802e+01 4.562934816051730280e+01 3.644654298962029060e+01 3.103742590973762461e+01 1.084424658214242498e+01 3.205733444836879897e+01 3.119827229613977693e+01 2.464959109650479618e+01 5.422695942438270578e+00 1.135020076616537743e+01 2.007086970773455903e+01 3.322247133903256611e+01 5.263124914583033842e+01 6.313476237339862251e+01 3.955298312889721757e+01 4.587318579595874013e+01 3.589807735940303246e+01 2.251386516418828876e+01 1.192812256841735419e+01 2.720509757464508382e+01 4.937298762060004265e+01 5.314395087773381476e+01 5.565471089936880134e+01 4.226597146865587717e+01 4.271791398804986528e+01 5.502310575450141528e+01 5.113773820673758053e+01 6.435478883434086583e+01 6.078175428086883159e+01 7.901299175002507980e+01 8.776841072607166439e+01 8.975648653662652521e+01 8.106539543820262850e+01
