LEM/sinusoidal_perturbations/elevation_000070.asc
nrows	100
cellsize	150.0
xllcorner	0
ncols	100
yllcorner	0
NODATA_value	-9999
[rows 17 to 33 of 100, columns 37 to 73 of 100]
6.639252140874799579e+01 6.272125841017547287e+01 8.244069039371170504e+01 9.517824849271536891e+01 7.847130303134464668e+01 8.533374489163814758e+01 6.633942556434318760e+01 8.533374489743637525e+01 8.775505704060785206e+01 6.704366830830959145e+01 8.346849618655134861e+01 7.146224326270186111e+01 8.366057548370724817e+01 1.049212300821213546e+02 8.697465192845605486e+01 1.069781287772193394e+02 1.066591270524630488e+02 8.514469528639733653e+01 8.764993552498498275e+01 9.833779787916303405e+01 1.131470082795972871e+02 1.336486722429031886e+02 1.431986555761111219e+02 1.423772949718018594e+02 1.294982712285237199e+02 1.169710615049609004e+02 9.890063902087965175e+01 9.550602881050298265e+01 9.622732081999600950e+01 1.152901002533513832e+02 9.866839402425024730e+01 1.176881843603844544e+02 1.121510352325905586e+02 1.118026899388440540e+02 1.299437575986405307e+02 1.428321276018592130e+02 1.296810404949420388e+02
8.632200788138746361e+01 6.962435779897373322e+01 7.879692329791083694e+01 9.865359471156828874e+01 9.260147892459012553e+01 9.318581686862493996e+01 7.596853201657623345e+01 9.318581873322968079e+01 9.470285525629434176e+01 7.385946060949203229e+01 9.470285525629434176e+01 8.090881854405837714e+01 9.264638542657937137e+01 1.134727257301418888e+02 9.908742081323522655e+01 1.162292454987143202e+02 1.154266506525453906e+02 9.496159905524702083e+01 9.996362405603083801e+01 1.172569965490890809e+02 1.276052103084973766e+02 1.376392221112267009e+02 1.240454192102818496e+02 1.376197684620740915e+02 1.221650570470047228e+02 1.041920947656930707e+02 9.448238387973592012e+01 1.135896674158718724e+02 1.083412994455266585e+02 1.217578437118846040e+02 1.066270387409581275e+02 1.001061484435285394e+02 1.011321583242629885e+02 1.199207990398187320e+02 1.288219296892814327e+02 1.305057728021584467e+02 1.149930404412567242e+02
8.800261087297685947e+01 8.092276308624805381e+01 8.921622968294359168e+01 1.068875872352635383e+02 1.125292499786566225e+02 1.026022661836078953e+02 9.469895780182625344e+01 1.026022685284842311e+02 1.031826783508301730e+02 8.431343736509771247e+01 1.031826783508301730e+02 9.395946577344706441e+01 1.117799350497385404e+02 1.221983872339166481e+02 1.196671716696012595e+02 1.280553655545224672e+02 1.259290025625066960e+02 1.082679995235049546e+02 1.207399527787396920e+02 1.291877041466950971e+02 1.431986555761111219e+02 1.240454192102818496e+02 1.106099448565612704e+02 1.194684408303841252e+02 1.195472186469313414e+02 1.119121097282551602e+02 9.376387229722044481e+01 1.128942144488968751e+02 1.241853763147370415e+02 1.197233643199407709e+02 1.247287024661564345e+02 1.086250876817131257e+02 1.200423782028589841e+02 1.026060320092280165e+02 1.210659267105987738e+02 1.234489417065184114e+02 1.077074357362240988e+02
1.058505842550583367e+02 1.005294156809374613e+02 1.086716961309423368e+02 1.170344012535454397e+02 1.222652643091965956e+02 1.189626606219437122e+02 1.110977045125309957e+02 1.193091360487151178e+02 1.135026088762295160e+02 1.050922731480055461e+02 1.135026092585143118e+02 1.181743722347378878e+02 1.276192534151047226e+02 1.357917441788794122e+02 1.353841424544426673e+02 1.428972865448871801e+02 1.415477613119117848e+02 1.309840926202624303e+02 1.261760380027426436e+02 1.340977763589917799e+02 1.308687185526704297e+02 1.229599542759450230e+02 1.194684455510700758e+02 1.004126646787278077e+02 1.109427693961279857e+02 9.274375988802714232e+01 1.113381144007022385e+02 1.128262513501441191e+02 1.317044184516744565e+02 1.317651613183058714e+02 1.355051109741397397e+02 1.195246250675876638e+02 1.295852269663182597e+02 1.215752323549320977e+02 1.040869747519363955e+02 1.051596139717970431e+02 1.064652971732292031e+02
1.183132021427546761e+02 1.126796078618571357e+02 1.112242615287298264e+02 1.029720449156243944e+02 1.028547017430066148e+02 1.071749957556637298e+02 9.031261419524429357e+01 1.087947671252744044e+02 1.142903703013716665e+02 1.222488514154964037e+02 1.254201560289273374e+02 1.165632489293332412e+02 1.254201560288654207e+02 1.172323818767778931e+02 1.171845433507543532e+02 1.348758631997630744e+02 1.372826042916950939e+02 1.240184184523093194e+02 1.077098606183903229e+02 1.240174547859877947e+02 1.227343426698193412e+02 1.038529646956589403e+02 1.093184665644504179e+02 1.099764250520543811e+02 9.172922624350056253e+01 1.109427046284943543e+02 9.904674965992784053e+01 1.180844585298567324e+02 1.327120527799240506e+02 1.505660773733235089e+02 1.466178480408862299e+02 1.385656829998605701e+02 1.297818053982992978e+02 1.107623162725398913e+02 1.230638692071809004e+02 1.240289365965451509e+02 1.096021709851592334e+02
9.865229704762474228e+01 9.196776309156399520e+01 9.372831320688101187e+01 8.326483862985239170e+01 9.461470646192762501e+01 9.514024060126219240e+01 8.054215274304993955e+01 1.005635364859718379e+02 9.434337847329615556e+01 1.108564899033234354e+02 1.167587147639103620e+02 9.958700214559500807e+01 1.138877797005560240e+02 1.039320641959412512e+02 1.172323818767778931e+02 1.357917441788797248e+02 1.282767841931296289e+02 1.080457939205462878e+02 9.691795086574833817e+01 1.070870049716186827e+02 1.077313902340561356e+02 1.041016093887472920e+02 9.001378455330960549e+01 9.071436535292552605e+01 1.094249084846488245e+02 1.185968870973189269e+02 1.180844585298567324e+02 1.058152343194591936e+02 1.247947200679536763e+02 1.404867114530418348e+02 1.515222333493485962e+02 1.456215992262990824e+02 1.262305350523773626e+02 1.164096602680753563e+02 1.355613178268889101e+02 1.363076053252746362e+02 1.228666074263463059e+02
8.814460434039541781e+01 7.791404228121557196e+01 7.405731479773730541e+01 7.459892778648011813e+01 7.514199043169597303e+01 7.568611260721972656e+01 7.623267878661461339e+01 9.578818480497584176e+01 8.388127509331054910e+01 1.020652199104292635e+02 1.034067930486930180e+02 8.993974053943794900e+01 9.485315855864892853e+01 1.059369040265690103e+02 1.247488778535539922e+02 1.269628498440626316e+02 1.189653748552263579e+02 1.123695647518653118e+02 1.056228899197317901e+02 8.763402246103353832e+01 8.832765699838995488e+01 8.902188274707228288e+01 1.083845391275454517e+02 1.093084476542086776e+02 9.471347710334832470e+01 1.138437174278436714e+02 1.257559737627373835e+02 1.247947200679536763e+02 1.135545037863501534e+02 1.244908356580856434e+02 1.435574195842794438e+02 1.538203883817749613e+02 1.419970574937944150e+02 1.226819764048013752e+02 1.419970574937944150e+02 1.497486395967208068e+02 1.365257187974191027e+02
9.157849646012240896e+01 7.329141588544553088e+01 9.215719655674644173e+01 9.389179261632516216e+01 9.460932107690159398e+01 8.690591660539783447e+01 9.446373100069590123e+01 7.701484005605402672e+01 7.757325738344108856e+01 8.883646123156734120e+01 8.395890911466698014e+01 1.034067930486930180e+02 1.138877797005560240e+02 1.216893135199017877e+02 1.325568685142851848e+02 1.183420213115720543e+02 1.000836001286729839e+02 1.047375911963603414e+02 8.666041512203506159e+01 1.061296939487344559e+02 1.077299932948622114e+02 9.312254711455550193e+01 1.060977951158803450e+02 1.212355545830774020e+02 1.138437174278436714e+02 9.881297607355155321e+01 1.178569996827221189e+02 1.299989768628504407e+02 1.325493222219649283e+02 1.244908356580856434e+02 1.379497744270860835e+02 1.570954725757510175e+02 1.501291305685547570e+02 1.322275133621836858e+02 1.501291305685547570e+02 1.519615764103675701e+02 1.330558706223435763e+02
7.252812185877459683e+01 9.187860099567546968e+01 9.184925223097606306e+01 1.083070230684140824e+02 1.118965529068677114e+02 1.052747087981971532e+02 8.944165491864832518e+01 9.661256271285601827e+01 9.719816116128453132e+01 7.837487469269765938e+01 9.803146367755736890e+01 1.078161912727332634e+02 1.161073725654321294e+02 1.251612727734258499e+02 1.169924784879580244e+02 1.136997983900858458e+02 9.309381180315686777e+01 8.569332014043162360e+01 1.052403296932144912e+02 1.138741063822801749e+02 1.084069048496246666e+02 9.732815409485482405e+01 1.175968667526704508e+02 1.329045332411390063e+02 1.257559737638043629e+02 1.178569996827236679e+02 1.031150121940412134e+02 1.165313254341133842e+02 1.355454521735647688e+02 1.435574195842794438e+02 1.435574195842794438e+02 1.627397752725603652e+02 1.597085791445686027e+02 1.515958527342973809e+02 1.597085791445686027e+02 1.598087154492953346e+02 1.511174990867866939e+02
8.202222581342219598e+01 7.776045230045228607e+01 9.727381255392124615e+01 1.101652275510141266e+02 1.208052323785434510e+02 1.164090147649413609e+02 1.006553765632528581e+02 1.094281924502111565e+02 9.208141713929543926e+01 7.895346103250535919e+01 9.862824207482616146e+01 9.009495325940777377e+01 1.066251889665781505e+02 1.167822638612389170e+02 9.744808291205465878e+01 1.030502266131297375e+02 1.036762904385564639e+02 8.501554170456431336e+01 9.897399132963317925e+01 1.182344499805792282e+02 1.196552864083169823e+02 1.018800235348987968e+02 1.227816730280324293e+02 1.394064076929053044e+02 1.362368239380863884e+02 1.172222690353443966e+02 1.062997235516481993e+02 1.252587655464673730e+02 1.355969393945292722e+02 1.419409701176686553e+02 1.491283194160043024e+02 1.569487389546817155e+02 1.678681435088152512e+02 1.528336193065807436e+02 1.442274104578846732e+02 1.527015505793627028e+02 1.590728307364514649e+02
9.990347215622806232e+01 9.728852718736781924e+01 8.350008029055699410e+01 9.351956057071406292e+01 1.143838320073960517e+02 1.272774179050779395e+02 1.194852411814377859e+02 1.082917743110126594e+02 8.890237009543383806e+01 9.576467845248660637e+01 7.978667745956410329e+01 8.038297162906886228e+01 1.000812393832549532e+02 1.016526139690611359e+02 1.013140838059694033e+02 8.338723747415264143e+01 8.406035383880264078e+01 1.030602717681046130e+02 1.045253344406046239e+02 1.235301474037108278e+02 1.310325074336010402e+02 1.227816730280324293e+02 1.103983662794998395e+02 1.313248909501924686e+02 1.441518585396717356e+02 1.319715104874894962e+02 1.129850005832952178e+02 1.118781567593996868e+02 1.165889680259058281e+02 1.228931313318251028e+02 1.300928914488956423e+02 1.411140954003844001e+02 1.600747178557955976e+02 1.427917787014448265e+02 1.246077429326328172e+02 1.427731057068409086e+02 1.573132288974195205e+02
1.193586831839063080e+02 1.077916677813004895e+02 8.828238878714988402e+01 1.077916679744268009e+02 1.224932196774082058e+02 1.349764562472030036e+02 1.203858172471009311e+02 1.012654347135826924e+02 1.082914596369766969e+02 9.231164519925708589e+01 9.947809989507943840e+01 9.662028871891280346e+01 8.123970334013431227e+01 8.186066848684690456e+01 8.248782249102340813e+01 1.021729732856183119e+02 8.493777352639581579e+01 1.049241385863281124e+02 1.155197690527881065e+02 1.175843336323779198e+02 1.366641612910974004e+02 1.394064076929053044e+02 1.254773490951734516e+02 1.228299648449725652e+02 1.429291758131947745e+02 1.398821951495598341e+02 1.214397959621049665e+02 1.195859294852981520e+02 1.355969393945292722e+02 1.300159254687743271e+02 1.490094628133916501e+02 1.565456727236134498e+02 1.502879015179353814e+02 1.343634068448827747e+02 1.151399669117337368e+02 1.280428512140054522e+02 1.474657123965750998e+02
1.117616676004446816e+02 1.159237195575811512e+02 1.077916679744268009e+02 9.627438844774268034e+01 1.073952751173724351e+02 1.267795468611644480e+02 1.203858172471009311e+02 1.203858172471009311e+02 1.080405738974414049e+02 1.115381477986267242e+02 1.077510565885541354e+02 8.836631981207418107e+01 8.630150688269505110e+01 1.010406181467421760e+02 9.372695588974683290e+01 1.094731009337212129e+02 1.051287472681848527e+02 8.820557800431693352e+01 9.851163533327147093e+01 1.175843336322988222e+02 1.354720569481107191e+02 1.433587893909805757e+02 1.454421058031241216e+02 1.347135675823536758e+02 1.508424616080603755e+02 1.484113472110725240e+02 1.324267338233170221e+02 1.290875436497579187e+02 1.464938758884457286e+02 1.489453168591814745e+02 1.567965365551672789e+02 1.508178651542067428e+02 1.386792085998005746e+02 1.219859261199893723e+02 1.083815139923242015e+02 1.188198896103609172e+02 1.386938601123497676e+02
1.063766492778554067e+02 1.247622518685933244e+02 1.237164661584678527e+02 1.073952751173568174e+02 1.098959462903157771e+02 1.293299454985779278e+02 1.394305119296117255e+02 1.350295119506661194e+02 1.271005669965768448e+02 1.152599470032811269e+02 9.611595762607939264e+01 1.077510565885541354e+02 9.149606275474937434e+01 1.105132378433653741e+02 1.117316737294990361e+02 1.198077761580864262e+02 1.101394991295401127e+02 9.085587714248751467e+01 1.045725140306690975e+02 1.235688161836341692e+02 1.165242096652888790e+02 1.299018862006255404e+02 1.489203368368731901e+02 1.541519053640641630e+02 1.619697525088828343e+02 1.594390991957560573e+02 1.515089952608836654e+02 1.425635165614817197e+02 1.559691852845771791e+02 1.510529222446625397e+02 1.424957682907033245e+02 1.419370295471414352e+02 1.218234155064689332e+02 1.106565745046323173e+02 1.029940453581739774e+02 1.221534527725814172e+02 1.296950588003857945e+02
1.247622518685933244e+02 1.326158567185925961e+02 1.349763111790070127e+02 1.267795422384937041e+02 1.293299453692629015e+02 1.375371156008992841e+02 1.332569810258230234e+02 1.407820731277486175e+02 1.217210963958007426e+02 1.082607224279362583e+02 1.039919800916736818e+02 1.185581269216178697e+02 1.107526504686754549e+02 9.984452583330978825e+01 1.188615270209608781e+02 1.232076043282827129e+02 1.042271961518218433e+02 9.325986934569564824e+01 1.122426654320846922e+02 1.056170240077427280e+02 1.245336591903451904e+02 1.433587893877089527e+02 1.433215121467893027e+02 1.512160834895969685e+02 1.564107897480883480e+02 1.563758650415621503e+02 1.640997002330157386e+02 1.614972567075790835e+02 1.515825771300031306e+02 1.393435832366002103e+02 1.223685816771281765e+02 1.388515179691692367e+02 1.341564408182935608e+02 1.177903262688239323e+02 9.833227659369671869e+01 1.177905955885830451e+02 1.210505703290829871e+02
1.145751672701045010e+02 1.224855701785120630e+02 1.305574874182534302e+02 1.301048266740184260e+02 1.221014187045988422e+02 1.278394110503386827e+02 1.144538942331734148e+02 1.278394110503364374e+02 1.352230197793037405e+02 1.273039272245492128e+02 1.135139187942547494e+02 1.309460961716671079e+02 1.251600519127079849e+02 1.062644772374667497e+02 1.251600519127079849e+02 1.311206530472618113e+02 1.189547331390364775e+02 9.998533407387513705e+01 9.655911007058919893e+01 9.890457929928415126e+01 1.178463070574059088e+02 1.293357291654984351e+02 1.243719059155081936e+02 1.433215121467893027e+02 1.376172287710438980e+02 1.376157184056146718e+02 1.563321168834619357e+02 1.518466222194533373e+02 1.399265055866303271e+02 1.227700175193094481e+02 1.111813074818551001e+02 1.294386111652081297e+02 1.157794666915647781e+02 1.139676035706185644e+02 9.438588593116553227e+01 1.139676017595148778e+02 1.099648385765187442e+02
9.551147324425262752e+01 1.035687398028407671e+02 1.224855701785120630e+02 1.189084202065501330e+02 1.026792909830239040e+02 1.188263465115910265e+02 1.012418378402786772e+02 1.194285198926408924e+02 1.301783445711802756e+02 1.404800698015330909e+02 1.325534697122007231e+02 1.404800698015330909e+02 1.329185012272754420e+02 1.157753193862261725e+02 1.329185012272754420e+02 1.323818075814694168e+02 1.133887671618533659e+02 1.133890042207483191e+02 1.099683293425273405e+02 1.178463070574070883e+02 1.025936176341889734e+02 1.110466075477948635e+02 1.295270191013912324e+02 1.337138346805388665e+02 1.242972150818644508e+02 1.431217352992984218e+02 1.578849592160611053e+02 1.430672353181526262e+02 1.230831530959644056e+02 1.119292699138103018e+02 1.032486179945396714e+02 1.155586697180258398e+02 1.022549482996195849e+02 1.103254501854983545e+02 9.060238296159353411e+01 1.100243995430460728e+02 9.006140964492573175e+01
