LEM/sinusoidal_perturbations/elevation_000265.asc
nrows	100
cellsize	150.0
xllcorner	0
ncols	100
yllcorner	0
NODATA_value	-9999
[rows 68 to 84 of 100, columns 0 to 36 of 100]
5.009162696260268353e-03 2.000500916269590590e+01 2.653638598207801280e+01 2.991723838467192920e+01 1.491667336951268652e+01 1.928103117430351077e+01 2.822530347713843213e+01 3.977211135919733209e+01 5.974096149563152380e+01 6.937234909459775167e+01 8.092781635304496035e+01 8.184995129375735701e+01 6.401904155020250187e+01 4.294253686559512317e+01 3.241101917851191416e+01 2.858509305689916857e+01 2.477746667523842916e+01 3.003285102298923803e+01 1.983239069274414490e+01 4.113048342674261448e+01 5.420588316214201541e+01 6.061910575843867122e+01 6.871340492699587799e+01 7.789520883727450951e+01 7.834930275402335553e+01 8.691998293920424601e+01 9.420047814366459704e+01 8.589101493347351379e+01 8.850607060043557794e+01 9.680848457700635379e+01 8.456372561687845746e+01 6.458183587838674100e+01 6.607874489404400720e+01 8.016466101148557755e+01 8.192408664353189351e+01 6.596477228047125152e+01 4.565392740391672532e+01
4.695337527364121070e-03 2.000469533752700713e+01 3.829188539392702495e+01 4.320706013493828124e+01 3.491772971340908072e+01 2.491667642072284039e+01 2.658399875113927280e+01 3.213100115401698531e+01 4.107529609219445632e+01 5.262281783041149907e+01 7.263353762887656728e+01 7.292322808326848360e+01 5.111251450269536889e+01 3.955842132402327138e+01 5.185051589696800534e+01 4.739061447776237657e+01 4.334726100053678266e+01 3.971124443899758916e+01 2.024918712005887045e+01 3.226907306056882163e+01 4.808229605156238762e+01 7.055471867618190629e+01 7.349596999370518802e+01 6.463086063855928387e+01 5.949643706214504135e+01 7.892129519008510385e+01 8.249948579475238830e+01 6.553901740461959946e+01 6.819048701249850808e+01 8.850607060043557794e+01 9.277143155433549282e+01 7.876076158695586571e+01 8.604275785728965786e+01 9.091082092364918310e+01 7.363890843204811176e+01 5.333435899119624679e+01 6.004313554892260640e+01
7.614146464036155443e-03 1.000761414646412284e+01 2.414974977019532432e+01 4.414974977019603131e+01 5.247934690022647430e+01 3.247597506494116004e+01 4.658633878580308618e+01 5.213393668914382317e+01 4.367814771190401046e+01 5.522611647425492976e+01 7.523948014213317492e+01 7.413841715102432772e+01 5.230666815128346059e+01 5.393151534455060414e+01 6.930144527056526726e+01 6.330767462319025896e+01 4.951011294840980526e+01 3.317812229330801443e+01 2.066699036087606700e+01 4.078628215968791437e+01 4.746017539391769446e+01 5.592435207018569798e+01 6.533140261996342701e+01 4.546689836950547203e+01 6.533140261996344123e+01 8.323167960268112608e+01 7.414078368164319954e+01 5.367463593438599645e+01 6.393326676228259942e+01 7.837708011664133778e+01 9.856547164188813781e+01 9.857332007988112821e+01 9.422272716221731059e+01 7.420271815279762961e+01 6.248211798985484222e+01 7.363890843204811176e+01 8.026086798932244903e+01
2.352828262072654761e-03 2.000235282826171712e+01 3.377642717908948811e+01 4.205565243116009100e+01 5.205004447520398259e+01 5.247934690022647430e+01 4.661873412555814156e+01 6.662811774464782388e+01 6.368475924109380770e+01 7.197798090274960714e+01 8.353505780646699463e+01 8.305050652061676431e+01 6.769744167193077544e+01 7.578006284636988710e+01 6.987069450185163078e+01 5.493121083524876269e+01 3.477364394061078201e+01 2.396345372506789317e+01 2.108588995652442932e+01 4.121710234590521793e+01 2.516224726843262616e+01 4.723328166160070651e+01 5.034873425818013004e+01 3.883291845671445230e+01 5.877918517150798294e+01 6.843651457451090891e+01 5.447456056781305733e+01 4.725032007551224922e+01 6.169880106011386545e+01 8.208171898709387904e+01 8.121039437835338504e+01 8.966824933248597063e+01 1.024377067495331204e+02 9.091082092364918310e+01 7.420270796665630542e+01 9.091082092364918310e+01 8.040815039400963826e+01
6.786455232800275850e-03 6.677403809313282146e+00 1.376278162710359432e+01 2.378163492248297217e+01 3.791888718235535549e+01 5.789999933322496162e+01 6.662811774464782388e+01 7.492754204540136698e+01 7.657676235690590261e+01 7.186354226325821060e+01 8.014443467249732578e+01 8.859398163508210189e+01 8.968830750756467296e+01 7.753203622472473455e+01 6.149542694855415448e+01 4.126315408486684078e+01 2.971498614693800988e+01 4.324389892883207409e+01 2.540789992110160966e+01 2.168355507215401801e+01 2.210871088487411740e+01 4.207633455996367644e+01 3.033423031476114673e+01 5.034270541420627865e+01 6.275439494437732435e+01 5.380523024265877297e+01 4.018944342117138291e+01 5.447456056781305733e+01 7.487526924382564175e+01 6.677836756418986397e+01 6.080959904945201799e+01 8.120386721784041129e+01 9.949296323348818305e+01 9.221432556157570559e+01 9.421896786494414755e+01 1.024174492276301436e+02 1.004162109079471605e+02
3.257643153035955173e-03 2.000325764315267918e+01 3.376398326177532994e+01 3.496484561892199139e+01 3.980413468669460997e+01 4.865914668781913122e+01 6.336427534222814728e+01 6.922101818173545951e+01 5.657786608483722546e+01 5.186361522863199980e+01 6.031657900604388800e+01 8.014375580569175384e+01 8.922249251501297351e+01 6.916943364015259021e+01 4.886592037473760541e+01 3.725250303660718032e+01 4.981431876438630724e+01 4.837955049305170263e+01 2.813181702868486767e+01 4.181470650484084217e+01 4.197312818506944154e+01 2.271177623472504337e+01 4.283039223337612356e+01 5.072909804587125393e+01 4.909681142687026068e+01 3.438320718464841264e+01 5.446357710927964035e+01 6.885312008524870464e+01 6.677674588709180625e+01 4.637735726574290140e+01 6.677409099701074524e+01 7.130118963971474955e+01 8.619093413316362273e+01 7.199980623859545403e+01 8.621253143619422588e+01 9.773365715570731993e+01 1.057540739334007327e+02
1.880098487986705483e-03 2.000188009848763215e+01 2.418387107500198496e+01 1.619648472954905571e+01 2.058519876408773186e+01 4.037392375277972434e+01 4.337277003359124450e+01 4.922813970988903520e+01 4.243803729662734270e+01 4.031968707890607817e+01 5.186361518506908652e+01 7.186346547314671795e+01 8.089347493334990702e+01 6.058683974349663259e+01 4.886592037473760541e+01 4.729657363363651257e+01 5.602833709575363486e+01 3.579154991360176297e+01 4.837955049305170263e+01 5.672147088637024126e+01 3.913072549451097615e+01 4.282849483686994319e+01 2.331803157788628766e+01 3.639350339939340273e+01 2.907065157433385849e+01 4.909681142687026068e+01 6.285681995515478349e+01 6.381275461825042328e+01 5.542632619997603882e+01 3.931995187319510165e+01 5.094276321232068483e+01 6.796416952453019178e+01 7.175946951863323875e+01 5.750392992378423429e+01 7.790213699226525534e+01 7.770757224496858839e+01 9.194610279277537757e+01
2.900726248362994839e-03 2.088044551886838462e+00 4.184610834713994976e+00 6.316911485851105290e+00 2.633448124558657710e+01 3.658852564069382396e+01 2.924310164365130760e+01 4.382311504220121634e+01 3.090223218518387682e+01 4.503272981551428700e+01 6.502852012000843729e+01 7.089390757364826356e+01 7.917851225505758350e+01 7.753203622472473455e+01 6.916943364015259021e+01 5.901033717860019578e+01 6.187455756207064184e+01 4.162265580225059125e+01 6.187455756207064184e+01 6.764521660967983507e+01 5.927837065697078600e+01 5.174116799631762120e+01 4.334157649949958113e+01 2.392525114944912801e+01 4.396767164476200662e+01 5.232860239778006672e+01 4.891123434316568819e+01 5.152664172793486586e+01 3.534878350752786957e+01 5.542218925965813980e+01 4.398976263161717526e+01 4.754218543376914852e+01 5.131649376106989280e+01 7.175301652068330327e+01 6.478405476650047490e+01 7.395594282893348748e+01 8.566407878593385306e+01
5.081304048347549951e-03 2.000508130404799090e+01 2.418387107500198496e+01 2.633448124558657710e+01 9.503642580571156628e+00 1.659343482319389551e+01 3.658850241069979603e+01 2.384063197214953078e+01 4.382323267574695080e+01 5.916946218212114417e+01 5.824429904028987437e+01 5.089312033619106046e+01 6.503622324473698768e+01 8.503560852460606156e+01 8.766188979966288741e+01 7.932853010170501307e+01 7.025290166303810224e+01 5.063564087903369426e+01 5.814906575395692556e+01 7.845109514909532322e+01 6.408874424491590105e+01 5.570768102891211271e+01 4.718789865594793298e+01 2.727709088062507803e+01 2.454271138375946748e+01 4.108602588962847335e+01 2.892327194093488885e+01 3.157732132189331153e+01 5.152664180458055654e+01 6.379603642124429541e+01 5.573966957668127264e+01 6.796416952453019178e+01 6.581868811826849708e+01 7.175233930652046865e+01 7.659496293169034686e+01 8.507637822592353416e+01 1.022031556633654787e+02
4.469920835086939326e-03 1.155147530462750183e+01 3.155147530462714656e+01 3.769741917618102178e+01 2.357288298493292800e+01 1.297016415670019107e+01 1.734870881072474447e+01 3.733962023719654155e+01 4.390762049416813539e+01 4.755598874971246914e+01 3.824830146485445681e+01 5.737060665882278698e+01 6.314493839410026510e+01 6.981280504944250254e+01 7.809708103932989331e+01 8.809705257016821633e+01 7.096703215701163003e+01 6.502521020799473206e+01 7.845109514909532322e+01 6.990637153478530763e+01 5.570871056358098627e+01 3.578993288537343176e+01 3.214014904859475763e+01 4.718685177656866614e+01 4.435643259664167459e+01 2.516177254036130861e+01 4.527085403917420336e+01 5.057698287104803825e+01 5.057767640790438435e+01 7.120327692113595219e+01 7.612326348657539654e+01 8.442902742466061738e+01 8.610178454648755064e+01 9.190390274831565876e+01 9.666627249491106966e+01 1.047237735613808525e+02 1.129784139638896932e+02
2.324776005098761877e-03 2.000232477600474468e+01 3.983574655208839488e+01 5.084778988170521785e+01 4.094773753733626620e+01 3.297746056731666187e+01 1.729759561227913167e+01 2.054823864295475744e+01 2.392850887567276175e+01 2.757371574600147923e+01 3.203589639572123104e+01 3.737249462998153859e+01 4.314206650358429584e+01 4.980920508341572628e+01 5.981286184565544062e+01 7.981274825322967104e+01 9.120229814616318720e+01 8.531185929153427594e+01 7.787180375468317095e+01 6.151316914948942127e+01 4.140593478704371933e+01 5.570871056358098627e+01 4.350152331537158545e+01 6.029820266587942257e+01 5.329896698870322069e+01 3.924128761447462921e+01 2.579222675781415575e+01 2.915675786787559787e+01 4.498090684610910728e+01 6.575722108418347034e+01 7.460094141594801442e+01 6.792004114329422748e+01 7.380720278073552265e+01 8.058706907631750482e+01 8.888621809226249582e+01 9.894516980490736557e+01 1.145674053736532301e+02
8.699724428260374037e-03 2.000869972442790612e+01 3.299361969351636503e+01 4.127949719315985533e+01 5.128425387044170947e+01 4.557167077749222273e+01 2.884174977255622707e+01 3.467575005762230234e+01 3.545816733816863575e+01 4.755598874971246914e+01 4.616789527449625297e+01 4.835574621071180701e+01 6.314493839410026510e+01 6.981280504944250254e+01 7.809708103932989331e+01 8.809705257016821633e+01 9.970625435532024028e+01 8.803698356657469049e+01 6.949062114078050456e+01 4.915202945460913497e+01 4.837209127999781799e+01 6.870026328719846731e+01 6.363976503421341135e+01 7.201909857714943541e+01 6.666182492788202296e+01 5.395934541280542618e+01 4.589404974725983521e+01 2.642733911167590577e+01 4.060879375493422572e+01 6.083430916020257229e+01 5.427316318905645431e+01 4.756625101908397113e+01 5.341347664389805061e+01 6.024747018957175726e+01 7.049415793435034061e+01 9.067998021828461219e+01 1.063503399428398950e+02
2.249585233037712084e-03 6.326804905569883175e+00 1.299347157224287308e+01 2.299347163539917460e+01 4.299410544985863680e+01 5.713128767267699004e+01 4.883290015760567826e+01 5.466961751099773892e+01 5.544950284860053102e+01 6.372908156625819487e+01 6.616832803059101309e+01 6.835613753820832983e+01 7.664084593502626319e+01 7.842832735777795961e+01 8.025214339690344900e+01 8.807013689975032378e+01 9.140698414572128172e+01 7.112249525252862270e+01 5.928551325869849364e+01 6.352625995033197626e+01 5.740904456826124402e+01 7.708446495304804102e+01 8.222862552725288765e+01 6.207001063614625735e+01 5.042668369218140612e+01 4.182683277109012465e+01 3.306939424679147521e+01 2.687877766522568379e+01 4.696169945962180492e+01 5.384608997411650222e+01 4.004785870665944714e+01 5.427316318905645431e+01 7.380720278073552265e+01 8.058706907631750482e+01 8.888621809226249582e+01 9.894516980490736557e+01 1.041531268285717147e+02
2.739267172789772273e-04 2.000027392671692539e+01 3.299361969351636503e+01 4.127949719315122934e+01 5.128366170558309989e+01 4.873574077662537718e+01 4.873774356971298261e+01 6.871164077643145163e+01 6.386313265403219219e+01 5.814948910175453278e+01 6.095871146622356918e+01 6.388367268499673202e+01 6.710458738965168379e+01 5.890042555724645013e+01 6.100550794073627969e+01 7.360430540489163320e+01 8.172039059374635883e+01 8.803698356657469049e+01 7.376432812786232773e+01 8.388986281765312469e+01 6.925008513996915838e+01 8.618386081105023777e+01 9.036127796402527679e+01 7.881135599064323571e+01 6.983852850713599025e+01 5.104258119804340055e+01 2.719934597454803438e+01 2.733344053997653944e+01 4.003132554947604405e+01 3.386803876056689688e+01 5.384609097269082412e+01 6.860082781604404545e+01 8.292849246069086178e+01 9.276742116127320514e+01 1.019762887745304738e+02 9.688647348695029393e+01 8.848617436273907799e+01
8.327778614586212741e-03 1.415046340234566102e+01 3.415046340234820121e+01 4.437135242147805059e+01 3.609287642286968634e+01 2.874339442404334477e+01 4.873801584209740412e+01 5.187218506160042608e+01 4.421422825961921177e+01 3.844205538660649779e+01 4.128892436283896217e+01 4.425676482447416049e+01 4.752727116908516791e+01 4.497159302958559124e+01 6.122164111472220327e+01 5.407796579081937693e+01 6.792478734497484538e+01 8.734159489387067765e+01 9.401539750744390744e+01 9.786643790784739849e+01 8.956233273467042011e+01 9.519043336571881753e+01 8.688307886560905047e+01 7.995799057857826142e+01 5.961025600082248843e+01 5.893551819648690326e+01 5.104217194412922254e+01 4.739853162059986147e+01 2.798125928129630324e+01 4.802748437559904460e+01 5.524992072631621909e+01 6.543186403386027905e+01 7.568354807329983203e+01 6.860717614240439843e+01 9.276742116127320514e+01 8.848617434822951111e+01 6.825892945829055236e+01
6.510866554257996840e-03 2.000651086655322430e+01 2.488582346394375833e+01 2.693762141320998893e+01 1.609444097926643735e+01 3.124457645750333157e+01 3.901085496572951428e+01 3.208987980697455811e+01 4.038979247764694946e+01 2.434034002414339426e+01 2.719747757237060526e+01 3.017888280829297898e+01 3.346678409106142738e+01 3.731591883143783406e+01 4.148867567492351327e+01 6.125746858269442896e+01 7.426810837210148009e+01 8.070206437557907009e+01 8.874272929570577162e+01 9.839798967059174117e+01 9.864774067718211370e+01 8.688307886560905047e+01 6.660623204477526826e+01 7.254518297739852528e+01 5.961025614235693837e+01 3.929352654253981569e+01 3.504884953628205579e+01 3.731113569438566913e+01 2.844419262243562940e+01 3.201988525529886687e+01 3.553003119990226111e+01 5.654842454468970914e+01 5.228119218385008082e+01 6.860717614240439843e+01 9.276742116127320514e+01 8.848617380653408304e+01 6.825892945816649160e+01
8.953482861371391335e-03 2.000895329620620089e+01 4.886272732755042369e+00 6.938229436925341886e+00 9.023373577496071718e+00 1.124559579971819723e+01 3.075620645283819599e+01 1.797157731537966541e+01 2.049134040589521533e+01 3.048607781169204145e+01 4.705007149601676986e+01 3.910849724605944999e+01 5.326384922794385801e+01 4.865748286456269511e+01 6.064220980194195221e+01 4.905414648144066803e+01 5.481475167366487966e+01 6.140019636514622903e+01 7.108878932977724219e+01 9.031533942138094062e+01 9.035374510468275844e+01 7.013049814642781143e+01 5.987793610789459109e+01 5.209361228536369026e+01 4.662323204561450041e+01 5.961023223182111508e+01 4.910552940384550169e+01 2.910540958588610394e+01 4.846849020022747823e+01 5.103837954086360895e+01 5.594190165010729743e+01 4.241358630468270974e+01 6.465152788646918225e+01 8.528724009216973911e+01 9.629132204231970604e+01 8.793301667518007037e+01 7.139656298909174836e+01
