LEM/sinusoidal_perturbations/elevation_000119.asc
nrows	100
cellsize	150.0
xllcorner	0
ncols	100
yllcorner	0
NODATA_value	-9999
[rows 51 to 67 of 100, columns 0 to 36 of 100]
6.455108993161302530e-03 3.021568554770804216e+00 2.302312809031958452e+01 2.469036534180135689e+01 3.392608175717222707e+01 1.995904797632950789e+01 2.495904820105945987e+01 3.650666534748827985e+01 5.652087423390688059e+01 7.024743240858896343e+01 7.194105031588703980e+01 6.369038049282279701e+01 5.113295413441400683e+01 5.315137739866336375e+01 5.533352470667779244e+01 7.527837538370459924e+01 7.631646132909558844e+01 8.240320237688619898e+01 7.598709295915442397e+01 6.770383025763234741e+01 7.598709295915442397e+01 7.927783248153160400e+01 6.009820717023441716e+01 5.763832233163652319e+01 6.150865727570899111e+01 8.076111760307209408e+01 9.219479059667246190e+01 8.385867027120838202e+01 8.530785452780665423e+01 7.377787272246420969e+01 5.998936514067179360e+01 3.989823499382551120e+01 5.998867241887828783e+01 7.165404624340061446e+01 7.672762665120278314e+01 5.670871993000129407e+01 7.672762690726150936e+01
3.995603441288198172e-03 1.000397190647542089e+01 2.999391846937984241e+01 4.468812711629683321e+01 4.816707445430726864e+01 2.995876499487332012e+01 3.909975735503198280e+01 5.325166608702246407e+01 6.480400774581191570e+01 6.950477997176500367e+01 6.369038048632136650e+01 4.374139770877452094e+01 3.960746671415061115e+01 3.903658128920051240e+01 5.315248884336291013e+01 7.313993000095558727e+01 7.423890454695465735e+01 6.245420937457948440e+01 7.494767536514440565e+01 8.320645869713025888e+01 9.212582405024241439e+01 8.756472324867026202e+01 7.345818232703251738e+01 6.830395354677412456e+01 8.076111760307212251e+01 8.905399040024737189e+01 9.365417987348222084e+01 8.534940659239981642e+01 7.701962569619978183e+01 5.704277041736676068e+01 4.541544970160315842e+01 5.998724232271666068e+01 4.327132063196096823e+01 5.744629146438330736e+01 7.754296659971372208e+01 7.672762690726150936e+01 6.357634662105262180e+01
4.804567899273937473e-03 2.000480456789891903e+01 2.997628902551282692e+01 4.980986067032436893e+01 5.812815559570840662e+01 4.994861619872327907e+01 5.800135768070630604e+01 6.717026488278081331e+01 6.373339654020995937e+01 4.974382900979662736e+01 5.700690792245340077e+01 4.958423353040056014e+01 2.962672448687348492e+01 4.958424873277449052e+01 6.725490483749068460e+01 6.841036164088220062e+01 5.430596894186079027e+01 4.834190118239980194e+01 5.499610505508778857e+01 6.392031425121599142e+01 7.802765816809159105e+01 9.797123953537037266e+01 9.332771081278976055e+01 8.806705337819033730e+01 9.640129226987491506e+01 9.685921039830026302e+01 7.692364542133101679e+01 6.549774051446331669e+01 5.846536630118158939e+01 5.171729065837760686e+01 6.548762510982987806e+01 6.574823088658942538e+01 4.570808900251470419e+01 5.986620700039695464e+01 7.995021895669805190e+01 9.191258162208845306e+01 8.359343069024582462e+01
9.707512844716031236e-03 1.415184313657579196e+01 3.415184313657649540e+01 4.291512863979803427e+01 5.446213402364663381e+01 6.634520136016088543e+01 6.120943620867819135e+01 5.291699795054765332e+01 5.553167754386232957e+01 3.570028594834563052e+01 3.718290231224875697e+01 3.910682598305990609e+01 2.516558473575308241e+01 4.512134535037070293e+01 6.210359304283180393e+01 5.383872089209850742e+01 4.018986601490455257e+01 5.171702152071304681e+01 7.167075233566933434e+01 8.320645869713025888e+01 9.212582405024241439e+01 9.700507389895766153e+01 8.874447367368186690e+01 9.700507389895004451e+01 1.059263380485854924e+02 1.051965412702775353e+02 9.365417987348222084e+01 8.534940659239981642e+01 7.780811009995277061e+01 5.791875227271397364e+01 7.589340213070612151e+01 5.936346677145273532e+01 4.820633794858144228e+01 6.826666298085571327e+01 7.534943579528351165e+01 7.896149830700981909e+01 8.276144575612198651e+01
5.001202446392439237e-04 7.071567932110144561e+00 1.463085739229475557e+01 2.617786277608747625e+01 4.617786277608818324e+01 4.637686756695309498e+01 4.984640661576101195e+01 3.337581177387226461e+01 4.946381928084923629e+01 4.238915755043834821e+01 2.316741991514660270e+01 1.914938348725639372e+01 2.132715674839912268e+01 4.128429776232518122e+01 4.819254309827769589e+01 3.387556435149156897e+01 5.383872089209850742e+01 6.841227144362271417e+01 7.993029011607842449e+01 9.183410295535090029e+01 8.357289154635130046e+01 7.933903333865390550e+01 6.879252175085061083e+01 7.771482372769851565e+01 9.182476661343713431e+01 1.117736112204315759e+02 9.974030525346960019e+01 7.997187299615980294e+01 6.864796281170396242e+01 7.780811009995277061e+01 8.418085750384406651e+01 7.508193212534365557e+01 6.826666364488687577e+01 5.190400469626423785e+01 5.524095837131584119e+01 5.885035380096837088e+01 6.265397759157031032e+01
5.279685921607564676e-03 2.000527968592125205e+01 3.463085739229546078e+01 4.291512863980137382e+01 3.903857944185661921e+01 3.224971935279656776e+01 3.591416480426192948e+01 2.241439550144380632e+01 4.103301229299096065e+01 1.611954470319040311e+01 1.643258304233586387e+01 3.639142513073999652e+01 4.128429776232518122e+01 2.446213094542053312e+01 2.823137327694604437e+01 4.819254309827767457e+01 6.210359102970978995e+01 7.799223574437328921e+01 7.629986547728904611e+01 8.031621988240640064e+01 6.362116650959735864e+01 5.938748438405070829e+01 7.090631406191847930e+01 9.085834209365707181e+01 1.059263380485197956e+02 1.065451524684793725e+02 1.080550637882606537e+02 9.659014915660743839e+01 8.832699556825495790e+01 9.659014915658839584e+01 9.257925332211905811e+01 7.246589295143841980e+01 5.824825420174537527e+01 7.199798855511990325e+01 6.685027754727074978e+01 7.896148522441268369e+01 8.276144575612198651e+01
5.738623160518319517e-06 1.437897214878133489e+01 3.457925112128764766e+01 3.197937308049374394e+01 1.905714318695241616e+01 2.594025137298724459e+01 1.593403462388404179e+01 1.486830111711775260e+01 3.425164184942185130e+01 3.203166224699688769e+01 1.458872944165379870e+01 3.456825758458321474e+01 5.268820361950054831e+01 4.442038952298142362e+01 2.845118889705835130e+01 4.841222904394393822e+01 4.977427939600374174e+01 5.881589104044222438e+01 5.634582720175180270e+01 6.589603750076928179e+01 5.210046369040098568e+01 7.205375772558402048e+01 8.760088984959354264e+01 9.911844343753347175e+01 1.006534776247817291e+02 8.641873913973375920e+01 1.006534776247902840e+02 1.123124287679955131e+02 1.039666377049406236e+02 1.123124287679955131e+02 9.478292076972135760e+01 7.466530680452882507e+01 6.362333118319642722e+01 8.373093172140987406e+01 8.695947766692570724e+01 9.530717282801903423e+01 9.567308654867663620e+01
4.532054705376768917e-03 2.000453205470502027e+01 3.093390653237490184e+01 1.870057072609465365e+01 4.919753803347066246e+00 5.952693063401075513e+00 6.989866943900352680e+00 8.038554328914621294e+00 2.802118702837513453e+01 1.204903352663320426e+01 3.202950251269277260e+01 3.451218467461249162e+01 5.444022960815550505e+01 5.667749376873255329e+01 4.841222908391349478e+01 3.261149844216465965e+01 3.565554238258498287e+01 3.885332193470983242e+01 4.222975033770394759e+01 4.593892579778862029e+01 5.591970144476185567e+01 7.002867655083846898e+01 8.998030612291172758e+01 9.380814449411491296e+01 8.547886386051953878e+01 7.228028106529930596e+01 9.168108506201328112e+01 1.022471984906533322e+02 8.384365843474472513e+01 1.022471984906533322e+02 1.031380779482030761e+02 9.207644957137455322e+01 7.523105798327901539e+01 7.367682728743031362e+01 8.788688374915980717e+01 1.080245145121148482e+02 1.040260743136548882e+02
9.001595176218036079e-03 2.000900159517586374e+01 2.202162914044532016e+01 3.466670764733663646e+00 1.760616893613217115e+01 2.594025135415230920e+01 2.110289142059342282e+01 2.802118896469914233e+01 9.544292289708153021e+00 2.952472639329718973e+01 2.838989582015137003e+01 4.009999050188545056e+01 4.880114408812922022e+01 5.705812781935301814e+01 6.083942777792177736e+01 5.257487859716896850e+01 5.561932443379183866e+01 5.297096557426860386e+01 5.375632833815156886e+01 6.588342243547914734e+01 7.415868655186336866e+01 8.413446100047003995e+01 8.624005664656645820e+01 7.792414355052316921e+01 6.549095269562023702e+01 6.338092793093998978e+01 8.335444350808089098e+01 9.390514806984266727e+01 7.386770463796581510e+01 8.682084200568169763e+01 1.069298789122098583e+02 1.036980506706685929e+02 9.534200248911849940e+01 9.378505924259849280e+01 8.788688374915980717e+01 1.080245145121148482e+02 1.057320780416114303e+02
5.674351268809080251e-03 1.012022627360615878e+00 2.024897546559489836e+00 1.357138562358361789e+01 3.173716876780986951e+01 4.587229786146972543e+01 4.064493265165846481e+01 3.711126242252232998e+01 1.118203374394457583e+01 1.139910692010526105e+01 1.275401116271340030e+01 3.277272209675250281e+01 2.887082158964469158e+01 4.880111450404685769e+01 4.957392111358400655e+01 4.957392170981661650e+01 6.948084002407226478e+01 7.290793561443319959e+01 7.369640090742872474e+01 8.186813199653551010e+01 7.597797946269585623e+01 7.991422187323422577e+01 7.404601157222222696e+01 5.797481905181768980e+01 5.400986891024378167e+01 7.393883796892654914e+01 9.168108506200103136e+01 8.682084200568169763e+01 6.684048312001237946e+01 8.093682017171636289e+01 1.010261273185384141e+02 1.104971380846526046e+02 1.021330660200978286e+02 1.104971380846526046e+02 1.080245145121148482e+02 1.163921905470611335e+02 1.259143294652849789e+02
9.518805923843161668e-03 2.000951880592348786e+01 4.508890900847778660e+00 2.894519499191881806e+01 3.356269049692350848e+01 5.353812697842486301e+01 5.006126278398493668e+01 5.102500419934016662e+01 3.883065451642361410e+01 3.141660227115770709e+01 3.277272209675782477e+01 1.473253279946266936e+01 3.470825077689462290e+01 3.808064342453308626e+01 2.966717279515795624e+01 4.374365991415753996e+01 6.364941880908240535e+01 7.399394549383599440e+01 7.458049107713122794e+01 6.627118554834009956e+01 5.602602406904266275e+01 5.994796534250457398e+01 5.410836961332899619e+01 4.650019003382889338e+01 6.640639568104437274e+01 7.782542021142297983e+01 8.273475481304394918e+01 7.442835433829287695e+01 6.153334984799356278e+01 8.148086647604087318e+01 9.006555232003174183e+01 9.841746047326348901e+01 8.197606068457548645e+01 1.004134144664821378e+02 1.146817850411220974e+02 1.259627091455144239e+02 1.200257026099032061e+02
9.062254805971973678e-03 1.553191352908093847e+01 3.335693638759063617e+01 3.824009376045959385e+01 3.826301068160623942e+01 3.616440872065551559e+01 3.244751190238440586e+01 4.687763127076852498e+01 4.428140596169584597e+01 3.901459419996677980e+01 4.296338198536443542e+01 3.470810806222633715e+01 1.673489459055094741e+01 1.815232768946885855e+01 3.808075570483936190e+01 4.835505407987291449e+01 5.626879731037990240e+01 5.501369678334749835e+01 5.607990296273087694e+01 4.656929418351902683e+01 4.197829172547184839e+01 5.420729289462942546e+01 4.006172976137937525e+01 5.765412765422017571e+01 5.974978137963285718e+01 5.788600528349049767e+01 6.796730212001781979e+01 5.451405395418641575e+01 7.234704600992365897e+01 7.516871350985198319e+01 7.002265829526901086e+01 8.202418838510318722e+01 7.199385138558406538e+01 8.614467696351074721e+01 1.050708830745126505e+02 1.057394016094741147e+02 1.119760484133574323e+02
3.063233560239582431e-03 1.916768874756575514e+01 3.351441772437498656e+01 2.275337005130393209e+01 1.898297709974240988e+01 1.543024729599008715e+01 2.561771598104924763e+01 3.820444424777701897e+01 2.563253261763827950e+01 2.036669858677316469e+01 3.380828062065140927e+01 4.492703251688467248e+01 3.540096841045814813e+01 3.808075570483936190e+01 2.020130957365372026e+01 4.011408161526141924e+01 3.751397243055409803e+01 4.511806393316386021e+01 3.645633116718806832e+01 4.532268112520635839e+01 3.054285648239758189e+01 3.434651073592034720e+01 5.420730671374428766e+01 3.778897175795560770e+01 3.987606119929573367e+01 4.384440754688112207e+01 4.807441672247711040e+01 6.796730211999886251e+01 5.242649656224719479e+01 5.523413040354244430e+01 5.854336294789654005e+01 6.205340078234777224e+01 6.907534873938527653e+01 7.659696399730415806e+01 8.554217026630992393e+01 1.057394016094748395e+02 1.167635205309878899e+02
5.666595628964066558e-03 1.988702020322554276e+01 2.217861540974520906e+01 1.178111796984177317e+01 5.047540074402811605e+00 1.793589121214847992e+01 2.185358895983036476e+01 1.936388916643359792e+01 2.167862409875713681e+01 1.029434971277885502e+01 2.293957215853017573e+01 3.884783527322258578e+01 3.784522697806124114e+01 4.302945202529035384e+01 4.011408160959393143e+01 2.226927052278683306e+01 2.373838399278993450e+01 2.522252112078070851e+01 2.671778285141859399e+01 2.829724326441132121e+01 4.814229082125220316e+01 3.307321131723495000e+01 3.487578961786588394e+01 3.876447421548262895e+01 5.854551212270148852e+01 4.340768892031752557e+01 4.594729777082172006e+01 4.853022289046364790e+01 6.843698774597115175e+01 7.516871350984330036e+01 6.370399493593490092e+01 8.202382840364131766e+01 6.984519170611757488e+01 8.397800561623633087e+01 1.041419553714897148e+02 1.141019977762797026e+02 1.087142375426433034e+02
2.110006612196471242e-03 3.092585084182362110e-01 6.164685417411132073e-01 9.239886232170859692e-01 1.232514914206628731e+00 1.543864032799752595e+00 1.860274524030371079e+00 3.742319425227812690e+00 5.350441345393564418e+00 1.005239551123971431e+01 2.232176567129676314e+01 2.557418727156495919e+01 4.022998127308447636e+00 2.471560291144773558e+01 3.334387478418290840e+01 4.058086012545690124e+01 4.220637940862905424e+01 4.509685195800081914e+01 3.763664745217277385e+01 3.101306833934099672e+01 5.282939064985163213e+01 5.291797828503007395e+01 5.472409033603507567e+01 4.864500859011894818e+01 4.501659275167574492e+01 6.329391369021764291e+01 6.584395504418354506e+01 6.843698774600913737e+01 6.252762653474705701e+01 8.256350682080372394e+01 6.999194398371217574e+01 9.016146364017404835e+01 8.988402330736153090e+01 7.924068612130911049e+01 9.082954415901745904e+01 1.110502339919386827e+02 1.006095041595015687e+02
9.367352646185668139e-03 2.457463756698994306e+00 1.132446839884967460e+01 1.299455379081737583e+01 2.157362747860185337e+01 4.127251065296059451e+00 8.843996037715319503e+00 2.318547868723014993e+00 2.645806752035454235e+00 2.973249666137957714e+00 3.300287102605341527e+00 3.631698387743619527e+00 3.974462963666547388e+00 5.702716988613553362e+00 1.818564813713853212e+01 3.378520979213341491e+01 4.924333374754432668e+01 6.249205629868158240e+01 4.931850707015970414e+01 5.282939064985210109e+01 4.279879777125977114e+01 6.425970081631130881e+01 6.844601564846526287e+01 6.844601565182111358e+01 6.462941432008210541e+01 5.155415851319398968e+01 6.344154411231902913e+01 8.412911709415810435e+01 8.235927134391829441e+01 9.089239726905118744e+01 7.704582170804555119e+01 9.739930640751170188e+01 1.077384577845447069e+02 9.082954415901745904e+01 1.077384577845447069e+02 1.194038826071173389e+02 1.087142375426433034e+02
3.648181865326004768e-03 3.802229746142853362e+00 9.998609213065856594e+00 2.539529753623116903e+01 1.342144454353850413e+01 2.842253018862469816e+01 2.989341816571208810e+01 2.654867685715596082e+01 3.106687932102900618e+01 1.760157891629455307e+01 1.715285862357417912e+01 8.192674730530415061e+00 2.217081538890175096e+01 4.475215510094833427e+00 9.373521289534176404e+00 2.065708643090234631e+01 4.138924336373262491e+01 5.684667397887525198e+01 7.040871925231257933e+01 7.250568111691418949e+01 5.574691461929138825e+01 7.250568111691420370e+01 8.834796967511726962e+01 8.685293380440310784e+01 6.737428659841863521e+01 5.738761662926647489e+01 7.633786070406770818e+01 9.128817656647143508e+01 1.000573165692954802e+02 1.056673541197464630e+02 9.739930640751170188e+01 9.137604666556696031e+01 1.119407417662106639e+02 1.110502339919386827e+02 1.194038826071173389e+02 1.137205665038356699e+02 1.054517599556110241e+02
