LEM/sinusoidal_perturbations/elevation_000097.asc
nrows	100
cellsize	150.0
xllcorner	0
ncols	100
yllcorner	0
NODATA_value	-9999
[rows 34 to 50 of 100, columns 37 to 73 of 100]
1.059114827796828706e+02 1.140807881288394299e+02 1.117032179320778482e+02 1.096592972326290152e+02 8.931285577967882716e+01 7.744677056030811002e+01 6.969724267111678273e+01 6.402926653779933019e+01 6.272850597688414354e+01 8.318247590207624853e+01 8.678311050736685672e+01 7.675136947690870670e+01 6.604197741129308952e+01 4.577071565130426478e+01 5.594959224487087823e+01 7.603722694498165424e+01 8.676731033204606547e+01 6.723502188363995913e+01 6.600024157809934877e+01 6.625444561288563250e+01 4.785306879690573112e+01 6.817940548854173244e+01 6.644949621387294769e+01 8.307699790035492526e+01 7.943587051214767314e+01 9.234035587525063704e+01 9.843486355676704136e+01 8.445442563575745964e+01 9.025325362628431947e+01 8.528918903690818354e+01 1.018194015279907205e+02 1.117032883236010150e+02 1.204203507555113646e+02 1.286349920156324629e+02 1.279406473306361391e+02 1.361996727494856998e+02 1.382086063761071273e+02
8.610426232881039255e+01 1.026594192978594435e+02 1.113257773892011926e+02 1.179948034921285682e+02 1.062856626543891849e+02 9.017705007137965367e+01 8.420344722298692375e+01 8.449697416209981782e+01 6.953997348830091596e+01 8.998781581270827701e+01 7.855782224662900148e+01 5.840900633579901324e+01 4.817755497548055388e+01 5.333202694240555530e+01 7.321486095104630465e+01 8.414792100003303688e+01 9.496972773114433153e+01 8.676730725265407784e+01 8.573926702697659152e+01 7.644129336074800563e+01 6.817602837126256077e+01 4.981135133928196268e+01 7.012152134372792034e+01 6.301823676021742671e+01 7.598606788107120735e+01 7.219079554393768206e+01 8.003233892151349949e+01 7.025586583297109655e+01 8.423812454947427852e+01 7.368682406095733484e+01 8.374851408837251654e+01 9.779815574287920299e+01 1.174268008235323322e+02 1.187037143277999292e+02 1.268073899038764409e+02 1.278584695844697308e+02 1.360550204680368438e+02
7.440531023009833689e+01 8.323609381712751087e+01 1.031472261317405099e+02 1.015729413625041104e+02 1.099182202529304675e+02 1.105145745064219795e+02 1.045986030841998513e+02 9.767972439011829522e+01 7.728840585535479590e+01 9.767972439011829522e+01 8.678307034169617395e+01 7.024829628553627003e+01 4.994435124356638767e+01 7.024829704573025424e+01 6.547728072000828092e+01 7.925436555988306964e+01 9.896512375834063846e+01 1.008469356198205844e+02 9.026009088175050010e+01 7.033955741627696057e+01 5.602940851779248987e+01 7.012089918813873624e+01 5.193457142750591515e+01 5.388948703407276497e+01 5.589495765964043272e+01 5.790759023336088518e+01 5.995342851988593225e+01 6.203520575385782365e+01 6.419577853036568627e+01 8.423812634096373131e+01 9.572304816703741892e+01 1.060361926604762886e+02 1.136646294754154098e+02 1.004829402911190783e+02 1.160604783520661414e+02 1.084807623478256176e+02 1.247978767296512075e+02
6.653899488019203545e+01 8.688985467445934319e+01 9.834950135887588374e+01 8.158076198480178221e+01 9.834950135887588374e+01 1.108001709212067567e+02 1.141083032400969728e+02 9.398748554933328592e+01 9.767930125605863623e+01 9.863373604777015657e+01 7.791451401410671451e+01 6.355532404243189859e+01 5.175084038439703704e+01 7.203148177135599894e+01 8.301306139424097807e+01 8.280857259903588385e+01 1.013349683592961981e+02 9.270802068698129972e+01 7.288982858309803703e+01 6.282539615533202237e+01 7.617414659656384401e+01 8.044322770830309821e+01 7.220610027167333556e+01 5.534188074355157738e+01 7.552662002332301938e+01 7.199136621595143026e+01 7.154550260568301212e+01 8.181164185083588336e+01 8.423812634096373131e+01 6.749561078888238796e+01 8.753210563181194459e+01 8.564422773812464129e+01 9.715333793570651721e+01 8.968233670362693033e+01 1.052813012723630806e+02 9.726594334084097682e+01 1.166707450951154073e+02
6.063322302366765371e+01 8.124554171384330914e+01 9.000496907744782504e+01 6.976958000981524322e+01 8.236167248651831585e+01 9.677113775614776614e+01 1.057007160667990036e+02 1.141083032400969728e+02 1.103446495100402558e+02 9.901278685117883072e+01 9.092654187370786190e+01 7.706034771575092179e+01 5.690674119777649764e+01 5.455611583416601462e+01 6.743065741652618783e+01 8.574809992880355480e+01 1.081831417267228233e+02 1.008469356198205844e+02 8.826244053070932694e+01 6.842865798170299740e+01 8.826244053070932694e+01 8.943917825902417462e+01 6.945338483266864671e+01 5.777183760439088900e+01 7.790037504434943116e+01 9.079106013092095395e+01 9.125129708533278006e+01 9.859648995443485830e+01 9.537457268717261627e+01 6.826010533718564943e+01 7.087458944497673485e+01 7.378239129142419017e+01 7.722243445945316864e+01 8.106098884972870167e+01 8.583085663538169285e+01 9.216031578282576220e+01 1.034490228424830462e+02
5.520575453128488874e+01 7.180364757492037597e+01 7.568640144090568356e+01 6.179501622110262815e+01 6.884704011606179108e+01 7.618864448369529896e+01 8.816786078286919803e+01 1.098321002889067302e+02 1.023087840570798619e+02 8.259449055397806205e+01 7.099595155645413058e+01 6.460195293716864740e+01 7.674624045161347397e+01 5.658501085241925210e+01 7.675578609339561353e+01 9.175135057987772313e+01 9.175135057987772313e+01 1.114827238913614593e+02 9.441987939625514059e+01 7.477619840040392774e+01 9.441987939625514059e+01 9.762028672091234682e+01 8.041311713913748349e+01 6.026981283227092945e+01 7.020679021304536604e+01 8.088917314954396431e+01 9.331259672711851749e+01 1.105923578096597879e+02 1.092919317614897352e+02 9.545410071713226330e+01 7.574790748579174249e+01 9.379346702604419761e+01 8.283983275605990571e+01 1.008389220551975143e+02 9.107962380585838957e+01 1.105982203045366248e+02 1.034490228424830605e+02
5.002622097840570348e+01 5.069352058521183579e+01 5.477713332119304113e+01 6.292174812665119532e+01 8.322877055428973847e+01 9.672465545699117229e+01 1.054961584734575268e+02 1.181354797604063975e+02 1.048327541527852844e+02 8.516640048328531520e+01 8.463264993881040255e+01 8.463109780273069305e+01 7.875385357612081805e+01 5.863477880639201345e+01 6.505465393502603888e+01 7.178419680978802830e+01 8.596366755717309616e+01 1.057240534280080340e+02 1.016426999306384857e+02 8.229341627834318729e+01 1.016426999306384857e+02 9.709129852743116373e+01 8.304009857927982807e+01 6.286549498186277418e+01 8.232337985130810409e+01 9.234054692827619704e+01 9.467424086760065904e+01 9.712814371104818179e+01 1.143047679730113231e+02 1.009319273635103400e+02 8.107208701363703085e+01 1.009319273635103400e+02 8.954076867726736566e+01 1.092123306123102395e+02 9.988602973439142829e+01 1.187051676996201337e+02 1.145743610366380807e+02
4.516093127466732682e+01 6.644166963306614093e+01 7.568640141683496836e+01 8.322877055077900366e+01 7.738284137496653159e+01 8.861212613170457075e+01 1.013768676783370353e+02 1.182664097609848568e+02 1.128592370996330772e+02 1.048327540599260317e+02 1.043775850647998169e+02 9.505528164938429825e+01 7.505836480158974666e+01 6.080378896892327134e+01 8.088692537886423395e+01 9.175135057986980769e+01 9.175135057987772313e+01 1.114827238913614593e+02 1.096581684947590105e+02 9.353554176290660394e+01 1.054093812818239257e+02 8.345531847919150437e+01 6.856698945427818614e+01 8.230340022518403487e+01 6.790377059817053862e+01 7.254208506001982926e+01 7.767424280842388384e+01 9.889488894875348990e+01 1.165456703228131516e+02 1.066231390342505989e+02 8.690820349354862628e+01 1.066231390342505989e+02 9.705169897835104109e+01 1.166014370661235944e+02 1.110619827378712756e+02 1.274085540925421611e+02 1.340020416115688136e+02
6.230770492240515068e+01 6.783161323436328871e+01 7.024974669533416716e+01 7.862513571431345838e+01 9.033261579552700482e+01 9.855434525276437796e+01 9.906323465481710855e+01 1.072405699465046496e+02 1.186447940363054414e+02 1.166520008173090162e+02 9.696643983861072513e+01 9.615928543109173177e+01 8.299207346872748303e+01 6.300760317828837742e+01 8.306217987306369821e+01 9.529927306885969074e+01 1.066275774565647794e+02 1.147835132583254705e+02 1.207811356024500782e+02 1.127172839402587670e+02 1.074137911172138473e+02 8.733610501431476791e+01 7.297613866205747968e+01 9.292277933208447394e+01 7.374945765853020418e+01 9.330265802277988030e+01 9.268548089495426723e+01 8.773887506622683929e+01 1.090311918116999408e+02 1.131493465965957341e+02 9.357072390956025743e+01 1.131493465965957341e+02 1.068481085060964375e+02 1.247629750123317223e+02 1.304694996175546464e+02 1.386860201360642861e+02 1.498629630091449201e+02
4.416643072984281559e+01 4.653458179866526478e+01 4.903070943153328187e+01 7.024974700457882193e+01 7.002688828907791674e+01 8.753358695585295379e+01 7.909323037285835767e+01 9.071086090075561970e+01 1.104730833535910790e+02 1.108938516798376668e+02 9.119890447834873726e+01 7.706776816883736103e+01 6.804955483899229307e+01 8.306217987306509087e+01 6.708252281318208077e+01 8.710791976830070382e+01 8.690093087298885166e+01 1.034004966657106337e+02 1.051124534579165299e+02 1.247297901604193981e+02 1.095940848577555045e+02 8.953599506657961626e+01 7.841019538884906126e+01 9.861729863136694973e+01 7.990984259389013289e+01 1.003609384708751691e+02 1.134917845051006964e+02 9.745506042705544303e+01 1.174587094071464435e+02 1.212960302731791984e+02 1.034040074884390634e+02 1.212960302731791984e+02 1.206033609897595085e+02 1.345609408507142462e+02 1.468716945142340364e+02 1.441880975362770414e+02 1.303679593641044789e+02
6.546527642208499742e+01 6.178901074392467763e+01 7.024974700457882193e+01 5.273316905006980448e+01 7.375306262023674719e+01 6.720081942178703116e+01 8.753358931433837142e+01 9.861507163491843642e+01 1.100693174794627964e+02 1.159881058785017416e+02 9.632390595736721650e+01 8.226157446941583373e+01 7.244937702481443864e+01 9.242663402579569265e+01 7.346019379428166474e+01 7.183348239459407125e+01 7.529664643941947588e+01 8.536433202474084680e+01 1.051124534579165157e+02 1.160679964747780986e+02 1.178715662489725133e+02 1.044257138716813103e+02 8.430477325631744634e+01 1.044257138716813103e+02 8.909553394456847286e+01 9.439901764791862604e+01 1.147542885794515968e+02 1.097987574437158145e+02 1.267099028817779498e+02 1.310815024654184526e+02 1.228946857047524190e+02 1.310815024654184526e+02 1.402398847020221808e+02 1.463601433930245435e+02 1.273342887875311646e+02 1.273342887875311504e+02 1.165265739858108986e+02
8.424116115354927103e+01 8.241974614076549699e+01 7.862799074160024304e+01 5.790582042342754221e+01 5.717922536067189299e+01 6.079470087386347643e+01 7.020775855637700147e+01 8.201225977193438155e+01 1.018992492072061111e+02 1.129671169714618344e+02 1.102526117739259348e+02 9.699423333936870506e+01 7.708466742074151057e+01 9.699423262671088253e+01 8.018978092560945470e+01 9.181841146528022080e+01 9.523839274132865285e+01 8.113307369297173466e+01 8.824235747158472520e+01 1.021941853420906057e+02 1.217423634198809452e+02 1.110889852702918432e+02 9.109917107446042905e+01 1.110889852702918432e+02 9.931982161105862872e+01 1.147542885794515968e+02 1.231877811090038506e+02 1.301411846606780216e+02 1.383768674272399437e+02 1.442467850788442263e+02 1.361671016175986892e+02 1.386833379806646178e+02 1.467716938467227692e+02 1.382380727875138575e+02 1.186860761776281521e+02 1.077356205389776136e+02 1.273342887875311504e+02
9.332638942685679240e+01 8.606377452344462142e+01 6.570004197320842820e+01 7.862799074160024304e+01 6.938311749350773994e+01 8.137942361527092316e+01 6.638007575825575657e+01 7.486104814029023657e+01 8.500364309058606693e+01 1.048036416220350446e+02 1.130538076818379807e+02 9.338492729286448935e+01 8.268783764591141505e+01 1.024849709607967014e+02 8.729801163183613255e+01 1.070003307768122056e+02 1.060529844842137237e+02 8.633846705762036322e+01 1.060529844842137237e+02 1.021941853420906057e+02 1.217423634198809452e+02 1.193472275302381860e+02 1.011659522008989995e+02 1.193472275302381860e+02 1.136773220504787787e+02 1.280667492548284656e+02 1.349613001024039818e+02 1.430975206361291896e+02 1.355510665642810864e+02 1.274828428509298703e+02 1.167485086811287545e+02 1.192696276508254840e+02 1.386833379806646178e+02 1.374107793186806532e+02 1.222739344052316994e+02 1.027022395079044799e+02 1.222739344052316994e+02
1.048714718589591399e+02 9.164748632264401351e+01 7.151512712321738263e+01 9.164748632264401351e+01 8.382186566862854704e+01 9.102062102725948023e+01 7.085495944041444716e+01 9.102062102725948023e+01 1.030805359681118176e+02 1.129671169714618344e+02 1.212328152740293206e+02 1.024849709607967014e+02 8.938078927228647785e+01 1.090370618050517919e+02 9.618427243277770344e+01 1.151504075691500901e+02 1.117094327409055410e+02 9.211492119895913788e+01 1.117094327409055410e+02 1.217423634198809452e+02 1.299418076074656483e+02 1.292908971921410455e+02 1.210120183396844027e+02 1.292908971921410455e+02 1.340005672417089784e+02 1.317788856425185884e+02 1.153726403172906174e+02 1.317788856426480777e+02 1.243030966271972062e+02 1.079992795762606903e+02 1.054533024760263373e+02 1.192696276508254840e+02 1.386833379806646178e+02 1.293001891893794664e+02 1.097329535685458808e+02 9.846215642230889387e+01 1.160853619229517477e+02
1.061773452273330918e+02 9.794469253113012996e+01 7.803117801656073027e+01 9.794469253113012996e+01 1.037181559190148619e+02 9.635987129230639425e+01 7.638222609825933773e+01 8.372999241856186359e+01 9.524423554930284297e+01 1.149338301940748721e+02 1.303139648520741503e+02 1.171907698391080572e+02 9.823909544495559487e+01 1.171907698391080572e+02 1.074920236832982425e+02 1.239217765222452385e+02 1.190782817740064985e+02 9.958213978363092167e+01 1.117094327409245125e+02 1.312994147104039939e+02 1.338464969742642268e+02 1.316500879878381340e+02 1.316500879878381340e+02 1.399745987663531537e+02 1.375013774366650239e+02 1.179150732914404074e+02 1.040304502779412701e+02 1.138411097213886194e+02 1.157485855416538669e+02 9.665400973136311791e+01 1.072972356888497387e+02 1.205126959322372784e+02 1.394807531202767734e+02 1.279222932740498209e+02 1.083673547437338271e+02 9.455007364801949166e+01 9.645400851188840363e+01
9.799236118338582457e+01 1.060839956418426766e+02 8.705650373304698064e+01 1.060839956418426766e+02 1.103072716559936310e+02 9.058266890181961628e+01 8.465727783645486682e+01 9.635987129230639425e+01 1.117313626118490220e+02 1.231057977498922185e+02 1.335296629861737188e+02 1.259554510561708867e+02 1.120393390078646405e+02 1.259554510561708867e+02 1.270322778027605040e+02 1.352566293011275320e+02 1.272587134855873785e+02 1.108264743089573869e+02 1.272587134855873785e+02 1.338464969742642268e+02 1.140824551618640612e+02 1.119347296436399830e+02 1.119347296436399830e+02 1.316500879878381340e+02 1.296153934354425132e+02 1.214997259205331517e+02 1.138403861019100418e+02 9.414512294097700362e+01 1.043162953404186624e+02 9.166725799830979327e+01 1.070809975892251202e+02 1.299644645985830778e+02 1.410541068090097099e+02 1.209055559987075412e+02 1.104012455104985264e+02 9.079978472074978413e+01 9.097893066653900007e+01
8.475916605006423765e+01 1.046089587500490268e+02 9.848470928441339822e+01 1.148837405863999663e+02 1.184728883677736491e+02 1.103072716559936310e+02 9.460609522835166274e+01 1.125917726991124823e+02 1.242468513172433688e+02 1.276809848241445167e+02 1.135677332344605901e+02 1.276809848241445167e+02 1.316145996111006866e+02 1.363835433284552323e+02 1.280906029447877472e+02 1.363835433284552323e+02 1.385952815837365222e+02 1.303504603984016228e+02 1.294855851155851383e+02 1.212417027927112798e+02 1.177092244091329718e+02 9.865108054359848211e+01 1.177092244091329718e+02 1.316623997319013313e+02 1.214998382084031476e+02 1.018206235987632056e+02 1.075844511995143762e+02 1.053302477516957225e+02 8.555194517601653104e+01 1.054427277760066914e+02 1.174499687223642894e+02 1.255905091552682222e+02 1.351300454269096747e+02 1.150135795597134631e+02 1.011220586664493908e+02 9.314752715299857755e+01 8.558241081005506601e+01
