LEM/sinusoidal_perturbations/elevation_000004.asc
nrows	100
cellsize	150.0
xllcorner	0
ncols	100
yllcorner	0
NODATA_value	-9999
[rows 68 to 84 of 100, columns 37 to 73 of 100]
3.496540117112599688e+01 5.463177550334444987e+01 6.484457185141849322e+01 7.828410165374559426e+01 7.462876976969157283e+01 7.157832354053171287e+01 7.405829190561115638e+01 7.493811051732150474e+01 5.854072345341665340e+01 5.186971252598304005e+01 5.510705351929134821e+01 5.851250408082530896e+01 6.206761450512751566e+01 6.589349667613419115e+01 7.108073196050189324e+01 7.708629577149648071e+01 8.862015738237910512e+01 1.089153188035191562e+02 1.257425524546613076e+02 1.063057504806376414e+02 9.437850790382002231e+01 1.033847493143261005e+02 1.001078440657987443e+02 9.424844871086683895e+01 9.276165638486162379e+01 1.127489638340458811e+02 1.085669782449845542e+02 9.019454529121685482e+01 1.085669782449844547e+02 1.179059062807305764e+02 1.170832871239268229e+02 9.730728703679459102e+01 8.328397842635692427e+01 7.567660212620884863e+01 7.005262570692320878e+01 6.499361581157961609e+01 7.840192371729987997e+01
5.463177550334444987e+01 3.743277419724418564e+01 5.140504207763973454e+01 6.721965261096063671e+01 7.688395025671836436e+01 7.695896063749606242e+01 8.478728398288671997e+01 8.625063425253819105e+01 7.790994687287449949e+01 6.540812158511603513e+01 6.611578504391732736e+01 7.784732583575066656e+01 7.566901363463146879e+01 7.960541619130718516e+01 8.179300091050765786e+01 9.691502680854696905e+01 9.110159178324714446e+01 1.115711955575160204e+02 1.338935648402975858e+02 1.224950820932858875e+02 1.140783550212662050e+02 1.224950820930058910e+02 1.201927197817627473e+02 1.142536757989869756e+02 1.068447614618130359e+02 1.211756159081365780e+02 1.186151954832422177e+02 1.101872253791911760e+02 1.186151954832401714e+02 1.241957788099827837e+02 1.229353409275420717e+02 1.030995433575597673e+02 1.030995433575676259e+02 9.562743034127512942e+01 9.010204992744651520e+01 8.509558828894006410e+01 7.935419790453140365e+01
6.484457185141901903e+01 5.698585941769860597e+01 3.994494603789814846e+01 5.937809792065851866e+01 5.810045296791032143e+01 5.810299580292760879e+01 7.696164971008703048e+01 8.294798156088064900e+01 9.079071680186710580e+01 8.496325042014215967e+01 8.568174599761481147e+01 9.412230532865146415e+01 9.560834770414545858e+01 9.971267740937314272e+01 1.019653596611124584e+02 1.105673659391017765e+02 1.136368424425880761e+02 1.234606374707664855e+02 1.317525933018812907e+02 1.232862275914877443e+02 1.317526328757573140e+02 1.230432935321199039e+02 1.146067241405350643e+02 1.230432935315036218e+02 1.270034609598569801e+02 1.277564313076430551e+02 1.192341051727342034e+02 1.192341051727324697e+02 1.184835190874287747e+02 1.042965205629651138e+02 1.184835190891684249e+02 1.092951832121315618e+02 1.009685849354987823e+02 1.009166171735641768e+02 9.904608252419076564e+01 9.070547457928908841e+01 7.208770980850967192e+01
7.495082220006909779e+01 5.591147745852421735e+01 5.925807468919517618e+01 4.251694747718524070e+01 4.442334854091355112e+01 6.362662889020178625e+01 6.917552191363365921e+01 6.421442709279415340e+01 7.527521331125787185e+01 7.855158589459105656e+01 8.204901391687832302e+01 8.575128877422602613e+01 8.989092433952649230e+01 9.605807206143818178e+01 1.031013951229279542e+02 1.111808645307363719e+02 1.209147901657611186e+02 1.279232633226942824e+02 1.198684688846022084e+02 1.033462610370276309e+02 1.217094336168307365e+02 1.130496008848932803e+02 9.477686217448568584e+01 1.130496008842609257e+02 1.276575913551487957e+02 1.192341051727342034e+02 9.921140614877846531e+01 9.921140614877846531e+01 1.101248783628559806e+02 9.047536462767808985e+01 1.101248783628579702e+02 1.009685849099120816e+02 8.098580388825922682e+01 8.097585169645229541e+01 8.933188353749636690e+01 7.062122864115043797e+01 7.300267792641579945e+01
7.848979534028634930e+01 7.493582102221962771e+01 6.754306285153855072e+01 4.853111495497885386e+01 6.362662889021731161e+01 4.721063188705357305e+01 5.027054955816270621e+01 5.335401636591512897e+01 5.659057268375632077e+01 5.991903455884956742e+01 6.343000512314921480e+01 6.711473026657426999e+01 7.122339922749098662e+01 7.710863726074755675e+01 8.388361101790260932e+01 9.358629778049292725e+01 1.126807774979107393e+02 1.198615956305709602e+02 1.000450667239583993e+02 9.360482451219615996e+01 1.133162436557408910e+02 1.046917931575097782e+02 8.494491887975866007e+01 1.046917931575098777e+02 1.072219059042402876e+02 1.072219949458273192e+02 1.050759189152379065e+02 8.516910125742350601e+01 9.512251008633083416e+01 8.301140310782926690e+01 9.285473168359979468e+01 9.770620554406160352e+01 8.620243086931026255e+01 6.659072274902074184e+01 7.042816403175950768e+01 7.430676467887207082e+01 5.417132483514966168e+01
7.901361926838231398e+01 8.086593947411731165e+01 6.204611846769460470e+01 5.715077049563625877e+01 6.870301009216657917e+01 4.975662710476257189e+01 6.870301009204642639e+01 7.213215884584573701e+01 7.527521331125777238e+01 7.305861206345392134e+01 8.204901391685031342e+01 7.781618078636866187e+01 8.989092433808831117e+01 8.088416944585645751e+01 9.544766579657796512e+01 1.101149287882847005e+02 1.208727116000209918e+02 1.247719015470317174e+02 1.058660271260052923e+02 8.624849730096377698e+01 9.966583837424798276e+01 9.790467624423794746e+01 7.827827778150307836e+01 9.806125232005037162e+01 1.071304997592339987e+02 8.698692986793851389e+01 9.431292307958830179e+01 9.312361320604746595e+01 7.514633245976777687e+01 9.285473168298598523e+01 7.298030252314570987e+01 8.417943558458148345e+01 7.150234788371746220e+01 7.656508189423806243e+01 5.641824994821230632e+01 5.548484537924481685e+01 7.263948229214568642e+01
8.719577833139756251e+01 8.870433525025158872e+01 8.086593925019502649e+01 6.657902084380096142e+01 7.534526298232613328e+01 5.655813477593348892e+01 5.365185257129866159e+01 7.248315451033752765e+01 7.939653015068637387e+01 8.725211299669508946e+01 9.969360413140265109e+01 9.659084720331298968e+01 1.044920900090668709e+02 9.627873159988814677e+01 9.501706132999191823e+01 1.159951346548587736e+02 1.279323747496173382e+02 1.079590209823756766e+02 9.665705626742514767e+01 9.966583837424798276e+01 7.998808524487594696e+01 8.863668802066705155e+01 7.236872649169349359e+01 9.016243269737464061e+01 9.883002567134539618e+01 9.436359575952772616e+01 7.388577443683254842e+01 6.712960799330018347e+01 7.221172550003689139e+01 8.229580403809175948e+01 8.127537009941902113e+01 6.431262605890270834e+01 5.871523085240653472e+01 5.775875981142073812e+01 7.641618988759358899e+01 6.713116295428802971e+01 8.352510377973150923e+01
8.408369872807379863e+01 9.276092146202259414e+01 9.322383700312543908e+01 7.986308660298300310e+01 8.311406893104850724e+01 6.496101041009514176e+01 7.248315450517887371e+01 5.758915472974629779e+01 6.060688623489124183e+01 7.939652916738535282e+01 8.914655682218749178e+01 9.477101592624200066e+01 1.013710398529243690e+02 1.092584370364652386e+02 1.159623303793192122e+02 1.247883764484332829e+02 1.359545821828636463e+02 1.247719015472951156e+02 1.164241988006859003e+02 1.079643594688656947e+02 9.402747777496108483e+01 7.411483008775554993e+01 9.072143508608830587e+01 7.067100689855932671e+01 8.909258033350472772e+01 9.423989894065246631e+01 8.440312117666742608e+01 6.423677383332494628e+01 6.317085612463489497e+01 6.212819378832903539e+01 6.109073294791468811e+01 6.009712721561757576e+01 7.887158551147000196e+01 7.791162647149724307e+01 7.053568197824817787e+01 8.723752342605004628e+01 9.557069708354499937e+01
6.312867278954151118e+01 7.793251854108825682e+01 9.893396136619087144e+01 9.869003591187704671e+01 9.144319713232299307e+01 7.574691521967287144e+01 8.348210296134122643e+01 6.467410873494350199e+01 7.939653015068809339e+01 6.513544234269240008e+01 7.013155132140502701e+01 7.558781620155643566e+01 8.200611321090926253e+01 9.176427728576916820e+01 1.053851581902287364e+02 1.247170660288841191e+02 1.357403555932887116e+02 1.215082996267550328e+02 1.132538230922438771e+02 1.144875039863205473e+02 9.367949461361142482e+01 7.541209569469901908e+01 9.526078438642471724e+01 8.909258033350657513e+01 6.899500641168417303e+01 8.593105242393438914e+01 6.578503550826083313e+01 8.440312117666742608e+01 7.748170664816916542e+01 8.228394795873919065e+01 6.471401702560083891e+01 8.019684809261484304e+01 6.873644329196240221e+01 8.881902849678520795e+01 9.058680344669510021e+01 8.692639717049414116e+01 1.068737436270474035e+02
7.266675998830231720e+01 9.276093028744872981e+01 9.323876669526853789e+01 1.018072252102534634e+02 1.022720533698141736e+02 9.442744565922664890e+01 9.133993158523810507e+01 7.404705346915626762e+01 8.833694979055847796e+01 6.941692393258176708e+01 8.833695050453844999e+01 9.477071011959800728e+01 1.013710434171703270e+02 1.094729081943387285e+02 1.192199688413440981e+02 1.281815656268705936e+02 1.261201458509916336e+02 1.075398443325258029e+02 9.393990247932474347e+01 9.651224785022793640e+01 9.961176219693246026e+01 9.346322281037726043e+01 7.725859631407851680e+01 9.704698659985049858e+01 8.746896658085702825e+01 6.734126921787792242e+01 8.536447267118663262e+01 9.404451912565663463e+01 9.747520603324146293e+01 8.849200465950887917e+01 6.843170789223231054e+01 8.848914476582308453e+01 8.881896843397541375e+01 7.885241558660020189e+01 9.878564140956515871e+01 1.068737436270474035e+02 1.077470531605001156e+02
7.408719109262862901e+01 7.873997988284638438e+01 7.273438574724742978e+01 9.323876669528543459e+01 1.043016423047680519e+02 1.065662632965193382e+02 1.007978798463234824e+02 8.739267876991021922e+01 9.622896156965251180e+01 8.033039582725042749e+01 7.711501765589855495e+01 8.562283850176982014e+01 9.658204473950652869e+01 1.154509105322667608e+02 1.282047596549743673e+02 1.088844844218131129e+02 1.067854847591362670e+02 1.107225903705298578e+02 1.010270446096525916e+02 8.169380779978374107e+01 8.039257917277731735e+01 7.909741038270458091e+01 9.774772452184740246e+01 9.516810362675991541e+01 7.534022938079374399e+01 8.746896658085702825e+01 7.381434884603790181e+01 9.378103638685693966e+01 9.410634061228449809e+01 7.422204719844569354e+01 8.849200466092790407e+01 9.667113782059820437e+01 1.071133056216070543e+02 9.295033724783689877e+01 9.512431442491950406e+01 1.150766782727214661e+02 9.771815517818393459e+01
6.560041567811494190e+01 5.835124409466568096e+01 7.873997988284638438e+01 9.831545332203009480e+01 8.372845966989461886e+01 8.597576685303839383e+01 1.065662582382748411e+02 1.062544432733596835e+02 1.071972443657658403e+02 9.927412811227361544e+01 8.662615146366020724e+01 9.608221070935425701e+01 1.125386260000881151e+02 1.235711172837196159e+02 1.205383697919739916e+02 1.011003530964066783e+02 9.322978436576525496e+01 1.022047750442454088e+02 8.354084813032815759e+01 1.010270446096525916e+02 8.912728727734942424e+01 9.949234601152038238e+01 1.037845150741468956e+02 8.426220078807283187e+01 9.516810362675991541e+01 1.020952012465430983e+02 9.378103638685693966e+01 8.097356394761980880e+01 1.007428975404994134e+02 9.410634061228449809e+01 8.033508632560851481e+01 9.430660212685366162e+01 1.138758563187270596e+02 1.128733118573859713e+02 1.150766782727214661e+02 1.021746789937147071e+02 8.934410585210414979e+01
4.767072652454444182e+01 6.784174218728274752e+01 7.868159359896687022e+01 8.059423840600652511e+01 6.927190387791119974e+01 8.372845967076973750e+01 1.043016426920155340e+02 1.064004057168395576e+02 1.111366799732420105e+02 1.135013035365364829e+02 1.055359432982458827e+02 1.135061721474274066e+02 1.231583911263280555e+02 1.366787840081406102e+02 1.169121657274294108e+02 1.204270139000122697e+02 1.046099286431631299e+02 8.538049539343705874e+01 1.028104593692911806e+02 1.109164691913776721e+02 1.002484562826189318e+02 1.165699681671653138e+02 1.105191616067083658e+02 9.115446677744442638e+01 1.105191616067083800e+02 1.092419748999866158e+02 8.943307941825955254e+01 1.007954334861514241e+02 1.007954136553944835e+02 1.045268734856836659e+02 8.492807930328351063e+01 9.880698686985236634e+01 1.183359013288730210e+02 1.185756912852235274e+02 1.069238477736120529e+02 9.378315466425584646e+01 7.370306026741762651e+01
6.784174218728274752e+01 4.991819604283922018e+01 7.017291311958302913e+01 6.015508379862449573e+01 8.059423840585722587e+01 9.831545313040840028e+01 1.004228991444957586e+02 8.581684161553614842e+01 9.050113444495804060e+01 1.018452446478448365e+02 1.077935385120026410e+02 1.147036894714239850e+02 1.234338810887928872e+02 1.338687057969322325e+02 1.366795366600557884e+02 1.182401381577692803e+02 9.896173605562100306e+01 1.045994978155133737e+02 8.727833996791216009e+01 1.064917644240434953e+02 1.195630095660886099e+02 1.278301457339675125e+02 1.188404961062693985e+02 1.020591498784861670e+02 1.188404961062693985e+02 1.158715691750334429e+02 9.598278634989299007e+01 1.158715691750334429e+02 1.208429695747986727e+02 1.095578359783150262e+02 9.003077701269525335e+01 1.038491833381460907e+02 1.233397384326639070e+02 1.100689368782603026e+02 9.003462016669791979e+01 7.850273360398037426e+01 9.378315466425584646e+01
6.418356038449329048e+01 7.017291311958302913e+01 5.224710901609823566e+01 7.257734269055968923e+01 8.370301539606364827e+01 9.408419778697623315e+01 8.580734390381822152e+01 7.137156751411170319e+01 7.606339271674232805e+01 8.132303792595334357e+01 8.719368704405168558e+01 9.398967625847829765e+01 1.042796916917281322e+02 1.251544430511140149e+02 1.379122680044315814e+02 1.182400951919703687e+02 1.149002431938840800e+02 9.586762300095563205e+01 8.861712837461284664e+01 1.078198499007700519e+02 1.188566371855755079e+02 1.323705467308864741e+02 1.258526314289131562e+02 1.210443843207422958e+02 1.293346070025729944e+02 1.243654550854758867e+02 1.058095485332911494e+02 1.243654550854758867e+02 1.254814366946711459e+02 1.059791129646858536e+02 9.695900101530260429e+01 1.164063216838227390e+02 1.185334494064569810e+02 1.039446507411655318e+02 8.397678264464362030e+01 9.003462016794438227e+01 1.069238477736120529e+02
8.463248972247298241e+01 6.658087003668983073e+01 7.257734269055968923e+01 5.478403875938955281e+01 7.517805131335320823e+01 6.001668470092322138e+01 6.519473453080669856e+01 8.580734386140670722e+01 9.654532367581526842e+01 1.018452640489006313e+02 1.077935385120021152e+02 1.147036904779479300e+02 1.234350405950306993e+02 1.339617073049777787e+02 1.398567769084352790e+02 1.208907060430554310e+02 1.078276576778879843e+02 1.096294831247044215e+02 9.043855713577418953e+01 9.152326343570130973e+01 1.091442130693764909e+02 1.159330210936734318e+02 1.081989152924647044e+02 1.245869449201386630e+02 1.402414269625832048e+02 1.345140173667100782e+02 1.259335898167758359e+02 1.345140173667100782e+02 1.336549809004118288e+02 1.164137252233063151e+02 1.081936202362707746e+02 1.245041164961953513e+02 1.099940500398264902e+02 8.996709410949948449e+01 9.543899751361492179e+01 1.100689633417418065e+02 1.185765937910730941e+02
8.705410829793186167e+01 8.705410829793186167e+01 7.926901667831538134e+01 5.890269664898978874e+01 5.768694317617422485e+01 5.983732973152334012e+01 8.023701034603948301e+01 8.680886723837366503e+01 9.272001339120249952e+01 9.920732258301846684e+01 1.065011125666055989e+02 1.152270694880194668e+02 1.246579088859782729e+02 1.368214014190928367e+02 1.445596436863529277e+02 1.262199201844106682e+02 1.232307772295199015e+02 1.114543798606835026e+02 9.227516501301876417e+01 1.107575635688389468e+02 9.451894716465619695e+01 9.667979348009575347e+01 9.891483603517097833e+01 1.124897211961393850e+02 1.296889931342883528e+02 1.442244448741977010e+02 1.414981086235420946e+02 1.498915397354757317e+02 1.442176373935753588e+02 1.353597337369677405e+02 1.269618203867634350e+02 1.171502752561706160e+02 9.696099247487396156e+01 1.014232030193669232e+02 1.155635891257807657e+02 1.241289941789851383e+02 1.215105696262800308e+02
