LEM/sinusoidal_perturbations/elevation_000040.asc
nrows	100
cellsize	150.0
xllcorner	0
ncols	100
yllcorner	0
NODATA_value	-9999
[rows 68 to 84 of 100, columns 0 to 36 of 100]
5.009162696260268353e-03 3.414401233159912952e+00 6.826012041461803292e+00 1.072717327903479223e+01 2.098006728487497696e+01 3.579454260140435906e+01 3.568553931621560338e+01 4.435951712284733617e+01 3.111570062106492784e+01 9.531462842263239921e+00 1.722005192129658724e+01 3.372561698547851705e+01 3.909851457887035764e+01 2.735936951002511819e+01 1.720929411840165102e+01 2.819969066599367480e+01 2.425597502515883264e+01 1.562347134444291541e+01 3.297221087328814804e+01 4.942418784912617724e+01 5.119372030127529882e+01 6.080497690643179709e+01 7.007120774666810803e+01 7.095324967530088145e+01 6.333030936090733576e+01 4.952833813849179734e+01 3.130628840694689785e+01 3.438288542939797310e+01 2.425742966594659933e+01 4.090517717558731192e+01 3.667490725330135604e+01 4.156709579813708189e+01 4.652774187554037155e+01 6.382802856430313199e+01 7.971850795036901616e+01 7.814484608023481371e+01 7.321213668042281597e+01
4.695337527364121070e-03 2.000469533752700713e+01 2.590724608854499778e+01 1.750519632925115943e+01 3.184211761757984149e+01 4.201774622408434823e+01 4.567755439671478968e+01 4.333194118306650466e+01 9.860606985564471572e+00 1.441261877886352316e+01 2.696487323865665431e+01 2.762489501970536310e+01 4.187960483322752481e+01 3.292715152986642124e+01 3.232381435577863016e+01 2.281844610907382886e+01 3.422223327679156313e+01 3.296750711445366733e+01 2.229137444828123904e+01 3.270953801297870456e+01 5.218493937478699252e+01 6.209080388312019494e+01 4.706706280614067595e+01 5.895966772547681245e+01 4.453702202567247781e+01 4.933841543849281663e+01 4.384230477333863263e+01 2.387118608736144409e+01 2.522637994631830338e+01 2.974876522113661537e+01 5.074405585816810316e+01 5.934456809682916401e+01 6.382802856430220118e+01 7.156459281366117864e+01 7.242024645229346902e+01 5.866975116821144098e+01 6.010427867101067534e+01
7.614146464036155443e-03 1.474996731794048443e+01 3.484454706235806043e+01 3.433470784445732704e+01 2.922388867346014507e+01 4.510744079125572625e+01 5.634949547549953053e+01 4.090747235175219032e+01 1.009192696825174451e+01 1.648307625292067513e+01 2.889285980534431175e+01 3.652885403800121367e+01 4.698840744269104164e+01 4.784949499216231317e+01 3.732729148260316521e+01 2.665816700027622588e+01 4.272534314516964571e+01 4.840488396321498499e+01 3.124005404444583789e+01 4.929097282935191515e+01 6.082458584535966395e+01 5.158589164888931577e+01 3.181988688568080903e+01 4.154603035236763020e+01 4.000077376981430177e+01 2.583740370702677680e+01 4.280150468936221131e+01 2.360471384140706519e+01 3.398738352660043205e+01 4.143397330388233257e+01 5.725153176156442214e+01 6.974143879859542494e+01 6.208767516262130215e+01 6.702470190079169754e+01 6.258850747513822910e+01 4.457180464813317400e+01 5.197750389700075146e+01
2.352828262072654761e-03 2.000235282826171712e+01 3.378397227375853618e+01 4.209886565643687817e+01 4.537228756553009390e+01 5.318287263165568390e+01 5.164883118468890899e+01 2.614113963199191204e+01 1.032206289632147822e+01 1.446419155976158599e+01 2.852169625006222731e+01 3.794363657645038757e+01 5.194834704948935666e+01 5.664492192633804990e+01 4.938663909523970830e+01 3.366564105940292251e+01 3.587577945569220361e+01 5.307761354560475553e+01 4.478045395963877695e+01 5.931226260270103268e+01 5.150449543687576437e+01 4.208105161114432491e+01 2.212804504339316480e+01 2.202578161049326511e+01 2.229849156467979299e+01 2.467514893369481754e+01 3.007461595036232893e+01 2.333896669922740941e+01 3.682000561016393192e+01 5.523935053892169833e+01 6.606474480878843281e+01 5.873673389873298589e+01 4.270236048810319573e+01 4.819323905879392100e+01 5.425177870121707713e+01 3.416960060624210627e+01 4.396015415877967314e+01
6.786455232800275850e-03 6.673454009941939269e+00 1.374459810839292651e+01 2.530089693370375059e+01 4.548513837187167752e+01 6.406325640888439921e+01 4.237982989213347906e+01 2.464097309702941629e+01 1.055137868895457487e+01 1.865388045991976895e+01 1.823236006982545732e+01 3.504123387618216157e+01 4.139108652633125729e+01 5.815337924792036262e+01 5.773915510219862313e+01 4.328457137612732453e+01 4.573188255537264979e+01 6.056238229433312625e+01 6.501423007535899501e+01 5.979654186652290804e+01 3.737192881198816963e+01 2.347692494940299923e+01 2.163859707443603853e+01 4.133082546985883710e+01 2.229074527058016031e+01 2.268786425749884117e+01 2.296069595776897287e+01 3.762994991833365077e+01 5.377990247234740906e+01 6.485046897675707100e+01 5.587322645633757645e+01 4.690195817811142120e+01 3.108846973167387162e+01 3.410952204789714415e+01 4.290869002771921714e+01 2.669382465525808001e+01 2.394934690590110549e+01
3.257643153035955173e-03 2.000325764315267918e+01 3.381967209310074196e+01 4.225927148246772447e+01 5.395881929422522205e+01 6.778517468037311744e+01 5.236975552763411912e+01 3.634756348831950845e+01 1.077968690169081967e+01 2.395334483470860931e+01 2.390467069638535236e+01 2.447895410846932407e+01 3.719281437221727060e+01 5.800300290336575415e+01 6.757323205363364593e+01 6.016866351096808785e+01 6.338863401334505454e+01 7.106525218478302008e+01 7.035218562332957504e+01 4.944376540004846987e+01 3.524585139762547925e+01 4.089732740374162034e+01 2.135490674037860970e+01 4.060736164061892595e+01 4.757683057232600277e+01 5.004049445098082316e+01 4.372045957129241600e+01 5.197432096813817282e+01 6.605615725715792053e+01 5.971745827258484240e+01 4.632064996790577993e+01 2.350344226252513735e+01 2.235104176858664005e+01 2.271563933869080998e+01 2.307235922571812026e+01 2.342912967057231910e+01 4.332371394187699565e+01
1.880098487986705483e-03 1.000188009848790038e+01 2.154888548228021250e+01 3.569102110601066613e+01 5.569102110600995559e+01 5.947417476378046786e+01 3.183280852041858822e+01 1.156477699220866562e+01 1.101723416314886528e+01 2.574500026214749937e+01 3.513246025102102266e+01 4.045482620087257430e+01 4.922820595117556763e+01 5.152346557081002487e+01 5.137629245095850195e+01 7.159245484388395653e+01 6.737817011488083097e+01 5.798764958914571821e+01 6.640572159601414626e+01 6.380145314694333791e+01 5.519799596561271215e+01 4.215092678591196318e+01 2.310570376699610762e+01 2.094371102182959987e+01 2.311958967981389890e+01 4.574162448527800251e+01 5.352076718286802048e+01 6.210861784254902318e+01 6.246558111591993168e+01 4.839511557137809206e+01 3.326801592480934744e+01 2.181860331664431740e+01 4.151416589759563891e+01 4.252503889244553648e+01 4.296689267762630493e+01 2.373373527174481623e+01 4.580056835139373561e+01
2.900726248362994839e-03 1.000290072624845017e+01 2.154990611004117085e+01 3.569204173377261924e+01 5.569204173377332268e+01 6.536890858091481959e+01 3.780694117199672633e+01 3.267540292259740653e+01 1.128265049763570715e+01 2.741696538950110096e+01 3.584983203318234501e+01 3.100542475823591815e+01 3.908109341183940444e+01 3.053707707350833900e+01 5.152221623970687858e+01 6.622494232718744911e+01 5.514222999739050834e+01 3.229697120335589489e+01 4.525056300542578214e+01 7.016063674170939635e+01 5.519477245902108820e+01 3.478770477298307640e+01 3.854413024862360260e+01 2.833336123944154394e+01 2.051543262252431177e+01 2.936863214365736496e+01 3.447025203178906594e+01 5.401138900005715016e+01 4.855810481008320068e+01 3.460092123173480871e+01 2.125366951494299173e+01 4.095689362889410035e+01 4.967444199436857843e+01 5.367727158937389476e+01 3.364105740289087265e+01 4.014076951519828640e+01 5.402787280615835641e+01
5.081304048347549951e-03 2.000508130404799090e+01 3.132508868100779154e+01 3.799189875562774432e+01 4.627862008302723495e+01 5.628120901775250218e+01 3.984247572624503420e+01 1.139921189669777490e+01 1.156722844970796515e+01 2.821134352333501738e+01 3.079473559687524542e+01 1.263958572392072632e+01 1.873892861020769374e+01 3.936274958590414030e+01 5.914483262540463926e+01 4.014181223740233406e+01 4.058332721609349392e+01 2.077097556694971203e+01 4.128347403553924266e+01 5.593832348530219178e+01 6.395790663536003962e+01 4.924044094018134388e+01 5.528389028425326046e+01 3.979491611773490689e+01 3.927492569454504689e+01 2.006816591089029345e+01 3.876536613823717659e+01 3.946851753808627450e+01 3.982690062529290032e+01 2.064220059933654738e+01 4.038438444131822536e+01 3.517222506270049820e+01 5.506851810183480467e+01 5.978750406910420168e+01 3.974203733719227927e+01 5.978750406910420168e+01 6.804279770717367626e+01
4.469920835086939326e-03 5.551471883087401693e+00 1.132497457498382687e+01 1.799164124168033041e+01 2.799164140038029203e+01 4.799259656979905486e+01 4.285316269646588694e+01 2.494213347896502952e+01 1.168331847913760946e+01 1.192576183429239478e+01 1.214839126945336467e+01 1.235103467323987481e+01 2.941848694876387427e+01 4.004867604208912724e+01 4.781570610089424633e+01 3.286394398294546448e+01 1.362520243595079883e+01 1.377146343441729215e+01 1.431374056929637817e+01 3.478482665503148041e+01 6.536300954210925340e+01 7.035534163156228260e+01 6.716726407771371044e+01 5.443136084357755777e+01 3.584599119039051374e+01 3.888343421603359218e+01 1.960420793475745072e+01 1.971527166834122724e+01 2.003455675410276626e+01 3.921560542615895173e+01 4.832172171490946511e+01 5.506804471842970372e+01 6.322032584485450002e+01 6.806129205473698107e+01 5.138585839544823131e+01 5.399036628415185390e+01 7.364304821053040939e+01
2.324776005098761877e-03 2.000232477600474468e+01 3.132508868100779154e+01 3.799189875562774432e+01 4.627862008302723495e+01 5.628468206340279067e+01 5.386947469292196189e+01 3.407592353831856968e+01 3.489080666511219420e+01 1.949818470746663834e+01 3.214482085596210936e+01 3.122443206511050207e+01 1.261747914701813222e+01 3.242977104452681658e+01 3.105357295204658996e+01 2.385528454733903914e+01 1.349846563789269815e+01 2.680978033355951951e+01 1.405172026464711976e+01 3.984708245248278757e+01 6.037947714759683038e+01 7.368613510822883939e+01 7.780089803403372173e+01 6.231379799719994850e+01 4.892718179639302889e+01 2.678062622377141366e+01 1.926837203152383893e+01 2.871722556718059849e+01 3.141700763400836749e+01 2.309832191019486913e+01 4.289999574195940824e+01 5.416504754036224512e+01 6.806810017896677323e+01 7.928652914640336746e+01 7.111080105289964592e+01 7.415293805098360735e+01 8.199973590975082516e+01
8.699724428260374037e-03 1.415083534815908450e+01 3.415083534815837396e+01 4.488313458860461225e+01 5.051741583140749725e+01 5.271426141399616938e+01 6.069366560913989161e+01 5.782100145290651483e+01 4.956551844607383117e+01 2.949620180009711490e+01 4.610285720471444648e+01 1.439633947906673050e+01 1.281261778842385901e+01 1.287136443774945249e+01 1.305085514303602778e+01 1.323318141622722521e+01 2.955232415097540155e+01 3.079008443484549318e+01 1.425082897043782992e+01 2.587301536864775997e+01 3.974270791858837271e+01 6.350119396141088401e+01 6.114717111379457748e+01 6.293080276760928626e+01 4.173760908081696641e+01 3.213618614026281506e+01 1.899886927880212895e+01 2.433253458375157408e+01 4.424942844857508106e+01 4.288890735240786256e+01 2.615105079765580598e+01 4.026199490175888940e+01 5.743146279202995430e+01 6.907782788706097676e+01 6.677179299826978820e+01 7.493136133447804070e+01 8.729433324140809702e+01
2.249585233037712084e-03 2.000224958523268270e+01 2.701647474341834254e+01 2.487356958479444557e+01 3.069427152739302755e+01 3.300993877503960761e+01 5.270729548719190660e+01 7.050321234902881429e+01 6.051451721814284923e+01 4.486928552303700002e+01 5.546892765844009432e+01 3.960734329547597810e+01 1.946550133908643687e+01 3.017484797069258207e+01 2.724280449364635004e+01 1.319416740901213814e+01 3.245238715047483424e+01 3.405289643991260817e+01 1.913274173058783845e+01 1.453583595551860697e+01 4.119987529338922627e+01 6.376712608722783671e+01 4.942682921309186383e+01 6.437858704809687538e+01 5.076496341587588290e+01 2.347252857476564003e+01 1.873206383418958865e+01 2.933411479950335021e+01 4.725340653761027454e+01 5.372283099125308325e+01 4.605537154918202702e+01 2.938561350302132880e+01 4.934583673294072526e+01 4.955440330375092373e+01 4.700446761241283156e+01 5.851364653197380505e+01 7.850765445442000612e+01
2.739267172789772273e-04 3.481827045831228595e+00 7.017360951763648380e+00 1.073126771529544499e+01 1.889606930836543341e+01 3.878280362983199581e+01 4.285935198176627381e+01 5.620345159335907681e+01 6.437986865594953656e+01 6.733517338000427799e+01 5.616535928105752618e+01 3.432594723624106337e+01 3.422132054895561737e+01 4.361173999493853159e+01 3.470385751253936490e+01 1.585877380318517282e+01 3.604503575885424027e+01 3.694612670894905193e+01 2.442556555161838006e+01 1.473940758006837903e+01 3.944154864822876760e+01 4.823802954712038371e+01 3.914952102138108359e+01 5.760922718368663453e+01 4.961298862781976027e+01 3.554826802956058174e+01 1.846986558007163381e+01 2.872760864140538217e+01 4.696050647855712867e+01 6.337222421486008272e+01 5.742287544781783737e+01 4.934160459204597515e+01 3.278472019267683635e+01 3.532008976391311705e+01 5.527268366066348904e+01 5.896319717821591411e+01 7.768663626583415294e+01
8.327778614586212741e-03 2.000832777861423040e+01 2.701647474341834254e+01 3.063858974759317633e+01 1.759119677420400407e+01 2.293637283835010265e+01 2.926055772246003173e+01 3.632931127400336635e+01 4.784508000538512817e+01 6.757456130817084272e+01 6.544468806172231723e+01 5.593612022399109662e+01 5.494580507383349754e+01 5.125902739748060810e+01 3.942791210192826412e+01 1.867802519005716988e+01 3.673015801215269960e+01 2.754984553188164753e+01 1.503208544169342886e+01 1.924085785590566999e+01 3.811864865866427721e+01 2.821900112349616663e+01 4.570217734908939633e+01 4.038308121831267528e+01 4.408627001325884720e+01 3.017334765162794952e+01 1.821286710296591593e+01 2.621630220699037750e+01 3.598298829308573943e+01 5.472460621009666681e+01 7.021623274486987043e+01 5.007781769397121252e+01 4.701147436548895797e+01 5.527268366523146170e+01 3.933010879079623123e+01 5.916495106853613350e+01 6.124950663303602028e+01
6.510866554257996840e-03 1.414864649028533350e+01 3.414864649028604049e+01 4.576744049962992023e+01 3.776476640637837079e+01 4.288368615756014179e+01 4.918184964100736778e+01 5.620860991638758009e+01 6.437986865594953656e+01 7.571536009013112789e+01 8.445570500631122002e+01 7.219389415420617695e+01 5.800419541933005974e+01 3.819064255759741400e+01 2.306655091598949880e+01 3.955692135226144757e+01 4.481742753125539735e+01 3.588605763554322436e+01 1.524182977332606370e+01 2.195295346661916369e+01 1.966909349758999070e+01 2.628309424245309245e+01 3.614874918582800944e+01 1.698087125117669416e+01 3.401731601532463856e+01 3.800460755808972380e+01 1.796052424057707952e+01 2.778695244623699878e+01 4.402843361957074819e+01 4.574313328594358552e+01 6.577647535985121863e+01 7.075193178557442764e+01 6.664422946628684485e+01 6.714068415016302538e+01 5.349593564152224445e+01 4.369696488383298316e+01 4.743652803386285655e+01
8.953482861371391335e-03 1.415108910659244756e+01 3.415108910659315455e+01 4.065695848593855999e+01 4.894412131384029863e+01 4.751614272405626593e+01 5.580350199249387089e+01 5.576541368637295193e+01 6.405197509701319802e+01 5.626576896626974644e+01 7.030274017213379523e+01 6.457484700155076496e+01 4.550128629408985148e+01 3.326377600882342023e+01 4.400242878359779297e+01 2.860890791602216510e+01 4.931890290450795789e+01 4.939178226330066224e+01 3.601227146832401615e+01 1.554512377869133744e+01 1.576320165651038430e+01 1.598493801117414570e+01 1.621466890929022497e+01 1.644768609854929764e+01 3.412292159539757108e+01 3.585824302618009085e+01 1.770905328987800331e+01 2.200303886995745017e+01 2.587472505245747101e+01 4.577439824225303511e+01 6.123999597024484842e+01 6.906006186768499333e+01 7.869450975276743065e+01 8.071906533055212662e+01 6.843504695626447187e+01 4.931111040153314917e+01 6.684764585452599306e+01
