LEM/sinusoidal_perturbations/elevation_000885.asc
nrows	100
cellsize	150.0
xllcorner	0
ncols	100
yllcorner	0
NODATA_value	-9999
[rows 51 to 67 of 100, columns 0 to 36 of 100]
6.455108993161302530e-03 2.487149800762459062e+00 2.244427724092474108e+01 2.864415482293870596e+01 1.247509114057499247e+01 1.524858405034394693e+01 1.816585818054123536e+01 2.125196902419347111e+01 2.625642417862814781e+01 3.444938088055209136e+01 4.342352888721072190e+01 5.497082335444118684e+01 7.493641055491100644e+01 7.725090443987747335e+01 5.746972709277764579e+01 7.725090443987747335e+01 7.003783205702713133e+01 4.939451516252864849e+01 3.752434440398420890e+01 5.819690060667707598e+01 7.043915164631715697e+01 6.163207155155843253e+01 4.139983965995462256e+01 6.163207155155843253e+01 6.344465056928697777e+01 5.000102863907017081e+01 2.958756613742842134e+01 2.869255356084309128e+01 3.019145635977320197e+01 3.174710119632996808e+01 3.332554075362262580e+01 3.525035154435325779e+01 5.595843579358001563e+01 4.104851634642039926e+01 4.402239573935692363e+01 6.492264954625869677e+01 5.619582620524801087e+01
3.995603441288198172e-03 2.000399560344093430e+01 6.079255778444393243e+00 8.661244516686318562e+00 2.864826766251092138e+01 2.937923968647334405e+01 3.186823123336065322e+01 3.013678306138364960e+01 4.629732633249231810e+01 3.628996642422269048e+01 5.630489589712452414e+01 7.168735682416458133e+01 8.322005897190527435e+01 7.025720211888345546e+01 5.009357917389195336e+01 7.025720211888345546e+01 6.794193402303393725e+01 4.715694315095340983e+01 3.253980543523127267e+01 4.119762480353433887e+01 5.581491414610530200e+01 5.228350004151452168e+01 3.070700319464667771e+01 5.228410079820511669e+01 6.126421859292682370e+01 4.091077513898466123e+01 2.659040995937049345e+01 4.698065749455727769e+01 5.074101517578927201e+01 5.236131604968864650e+01 4.795687072283060104e+01 5.601961284975296707e+01 3.804907242983370708e+01 5.889947741700449768e+01 6.492264954625869677e+01 4.842393821062302095e+01 6.926918369468253900e+01
4.804567899273937473e-03 1.999920253492578937e+01 2.607848902279651426e+01 2.864832144083770515e+01 3.692162750308477825e+01 4.933318012586289569e+01 5.011405819370046544e+01 4.133759726864824557e+01 5.846919357186458654e+01 5.045358330755134091e+01 5.045358330755134091e+01 7.043121410855655995e+01 7.824147599669876740e+01 5.835220988059791836e+01 4.369834091444413815e+01 6.417764105318003942e+01 7.390683686431160027e+01 5.324472208230271519e+01 4.728539442050566066e+01 2.696298044067558308e+01 4.728441979777457504e+01 4.466888252133668402e+01 2.402561560622661574e+01 4.466895261492293656e+01 6.009732504584034984e+01 3.957248626242373746e+01 2.527250650142071464e+01 4.560969799096543653e+01 5.807346575537147970e+01 6.649809120283300956e+01 6.866525844918264454e+01 6.587563889449640442e+01 4.498978539799652765e+01 6.587563889449640442e+01 7.758877269768584028e+01 6.063706960451975192e+01 5.444934122957009492e+01
9.707512844716031236e-03 1.415184313657579196e+01 3.415184313657649540e+01 3.114962918106077439e+01 3.932090091436428025e+01 4.762116008980393644e+01 5.918896317433569010e+01 6.062583284844129849e+01 6.881284118987608167e+01 7.043121410855655995e+01 7.043121410855655995e+01 7.871270311050712110e+01 7.662314034163405552e+01 5.888990849455954191e+01 3.825380150039747917e+01 5.888990849455954191e+01 7.028386733618491178e+01 5.820873900197990736e+01 3.752645050237217816e+01 2.346156790981207507e+01 3.864114229378562015e+01 3.700792142078073255e+01 1.822041129912799917e+01 3.851079217092225804e+01 4.106494593251262870e+01 4.238754492655888129e+01 2.396363158460427556e+01 3.021989456963653353e+01 3.736680499726217874e+01 4.935312539535084397e+01 6.998567221719018505e+01 7.436740519842308572e+01 5.554847213757825131e+01 7.436740519842308572e+01 8.928400868367482701e+01 8.106086367404019200e+01 6.921944888822905284e+01
5.001202446392439237e-04 2.000050012024428270e+01 2.629451688290292921e+01 1.114167366870546338e+01 1.930545376200937824e+01 3.085366615527530953e+01 5.088735648124752942e+01 6.966940241415744595e+01 6.740368410236338548e+01 7.574218704428270144e+01 8.216719844911817461e+01 7.061502824791026001e+01 6.234414163272138154e+01 4.808551615942559465e+01 3.337598401617116650e+01 5.402593143027186073e+01 6.182612748456141816e+01 4.124296086797214400e+01 4.502004231745049623e+01 3.864162192792371542e+01 1.856291782381780209e+01 1.660520294585941059e+01 3.664036821208652839e+01 1.978119611501496777e+01 2.086161092237717085e+01 2.214916450981823814e+01 4.202104728890139285e+01 5.070429041843616602e+01 5.807346575552375612e+01 6.649809125581769820e+01 7.832636803102747081e+01 8.465982145398307068e+01 7.620639175502705598e+01 8.465982145398307068e+01 8.898785693595438318e+01 9.335946630193899409e+01 8.934485628006345337e+01
5.279685921607564676e-03 3.128754858256869387e+00 6.291031520611778838e+00 2.629451584979160117e+01 1.668809513016497093e+01 3.670507819053597842e+01 4.121244041577387662e+01 5.315874802687532252e+01 4.725830230927041953e+01 6.740368410236338548e+01 7.391965730831914527e+01 5.387027603437382339e+01 4.189250697136317569e+01 3.456073997670416276e+01 2.905465737969218409e+01 4.962334784887983830e+01 5.957623412465313351e+01 3.898947078385450027e+01 2.455336367743786141e+01 3.407946168171282153e+01 1.491129205683338732e+01 3.551674816719950201e+01 4.499877604745017123e+01 3.134328746956927247e+01 4.107900910779936510e+01 2.271547077725613306e+01 4.352763732838659649e+01 4.645641573357971055e+01 6.699659149589750484e+01 7.935112553245697598e+01 7.347510042697335564e+01 7.654803683102446143e+01 7.980221951871308761e+01 8.301800185823401534e+01 6.880961508387524361e+01 7.332623547353635729e+01 8.412423540322265580e+01
5.738623160518319517e-06 2.000000573862280362e+01 2.629451688290299671e+01 2.629451671966067039e+01 3.670507819053597842e+01 2.258381248265751395e+01 2.705343338537071318e+01 3.307949935578438527e+01 4.309117867410186165e+01 5.731862870537975141e+01 7.748873949934703376e+01 7.061502824791026001e+01 6.234414163272138154e+01 4.542478148831673934e+01 2.497742766398963710e+01 3.943699006296007781e+01 5.988058875642332168e+01 4.853049954886448347e+01 2.807567057440415681e+01 1.329391596783826834e+01 3.287136263094580357e+01 3.283187879125966901e+01 5.289529207271878875e+01 4.580761886623989199e+01 5.202994635856400407e+01 3.744863380625879046e+01 2.529591038050374863e+01 4.646436236277794762e+01 5.791802774663621278e+01 5.894640207263974219e+01 5.293825317129289232e+01 5.609159770179334714e+01 5.940541927271914346e+01 6.889274994779357542e+01 5.411835782013648810e+01 5.869071268426851162e+01 6.379566524622440227e+01
4.532054705376768917e-03 1.414666767843645268e+01 3.414666767843715434e+01 4.630828597375970901e+01 5.094029383699776048e+01 4.261707422698592751e+01 3.862377939780028413e+01 4.336743989976379510e+01 6.150024467677652495e+01 7.156849719475977167e+01 6.686887997321028365e+01 5.866574346725476374e+01 5.651968183404608226e+01 3.607521009066159223e+01 2.171474896745195338e+01 4.206325722652213983e+01 5.298788649024643149e+01 4.445137146369608416e+01 3.836929432447786326e+01 1.224585428801741394e+01 1.483657702839814796e+01 2.710271932704901587e+01 4.842528929363199097e+01 6.635503695298147875e+01 6.661168925247672234e+01 5.493699436976283579e+01 4.041346293374035525e+01 2.855825104980870321e+01 4.946663071210731033e+01 5.474348830804321864e+01 3.829726283546737875e+01 4.142314022144854135e+01 4.472342400298430931e+01 4.822373156607510936e+01 6.889274994779357542e+01 7.919383293410007241e+01 8.412423540322265580e+01
9.001595176218036079e-03 1.415149858992469944e+01 3.416706353607955293e+01 4.126865791329645816e+01 4.950589843773264676e+01 5.626397513358463698e+01 5.252266304351490334e+01 6.317788182871102975e+01 7.171083453921455941e+01 7.226698031606099448e+01 5.303192669943049964e+01 3.959538016863316301e+01 4.660458670114950763e+01 3.888535414288104164e+01 1.861407125615890124e+01 3.888535414288104164e+01 4.445157003297099152e+01 2.406211047930774072e+01 3.003340763385927659e+01 1.126025122769317477e+01 2.772348696245918021e+01 3.267461922661103557e+01 5.344998821127715161e+01 7.138008142154241398e+01 6.297101966204002110e+01 6.946052577947699547e+01 5.789738592441574383e+01 4.343261399294077307e+01 3.184786043372556819e+01 3.411303574398056071e+01 5.474154604183073047e+01 6.208428092310261803e+01 6.537950375026329652e+01 6.500173507811391005e+01 6.023438305440578944e+01 7.209945353759906084e+01 9.210797588489896270e+01
5.674351268809080251e-03 2.000082724294928838e+01 3.122700052367946455e+01 2.125779054579197336e+01 3.128128676824618282e+01 4.559583525620467270e+01 6.577440319007006053e+01 7.977125178348734380e+01 8.399270902901966451e+01 6.777028885860761420e+01 4.728380153279469056e+01 3.607010750197527216e+01 2.731940789384167090e+01 3.569971733100003775e+01 1.561270922720609278e+01 3.161026388864929260e+01 2.993535834021018260e+01 2.868070746741305044e+01 9.905128778255635424e+00 3.002204810630654208e+01 3.914069380703445944e+01 4.499471988830886460e+01 5.363163550248966516e+01 5.967351881675249103e+01 4.270497639786035649e+01 5.967351881675249103e+01 7.223419783377937620e+01 6.091967483481362677e+01 4.650792909208271908e+01 5.474527950192887005e+01 3.901896083572049179e+01 5.971627128253830108e+01 7.270067247573142311e+01 7.916618800060773253e+01 8.053503647235434926e+01 8.882160596754015103e+01 1.003581846244078122e+02
9.518805923843161668e-03 1.998337616752768753e+01 1.128370970693249298e+01 3.123547408290418659e+01 4.938722316204119522e+01 5.535613794664725162e+01 6.331696718775163646e+01 7.928811711451164967e+01 6.694643821191435507e+01 7.488213425520416422e+01 6.382754048996746832e+01 5.467180006373794043e+01 3.899350172163936179e+01 1.956752233488206016e+01 3.122799237255038562e+01 1.144950950229624276e+01 8.850340765164885326e+00 8.566612343276338137e+00 2.237427514188219391e+01 3.588656418258198499e+01 4.115775498862522142e+01 2.462717464179751303e+01 4.142291858014411332e+01 5.127040712470156336e+01 3.110619668592330100e+01 5.036658599687801541e+01 5.876856624951894759e+01 6.890372573798840961e+01 6.707973243176449785e+01 6.811712379799728012e+01 5.101920906799436040e+01 4.444834516347670927e+01 5.190615884123432267e+01 6.143015270311534692e+01 7.186152974170254026e+01 8.346798191878795592e+01 9.735103621450595313e+01
9.062254805971973678e-03 2.817793066749068931e+00 2.267977222778047874e+01 3.496185887511606438e+01 4.144600054969531300e+01 3.569157926409025805e+01 5.535613794664725162e+01 6.673100063691674677e+01 5.424285414924331405e+01 7.003121816892161178e+01 5.307071254378249847e+01 4.349043730008327202e+01 3.735491697579472969e+01 2.875946480182309983e+01 1.230811201371102825e+01 2.729977095991092639e+01 8.106801377208554982e+00 2.629610990913315760e+01 9.055721436097666555e+00 2.841034452638888652e+01 2.988141163679848944e+01 1.429903832220234072e+01 3.271005157053598822e+01 3.676728324926134661e+01 2.358555037895824924e+01 3.021378095363692751e+01 4.023716572650006640e+01 5.455438878972785233e+01 7.484033976393702403e+01 7.991294009482251681e+01 7.159667920589903645e+01 6.519535508274321955e+01 5.124581708776311473e+01 7.189475522728314161e+01 8.542302403138674549e+01 9.205737866273842940e+01 1.002642042421625774e+02
3.063233560239582431e-03 2.000039719957950979e+01 7.347004631498584182e+00 2.703732750164318333e+01 2.176181883792626692e+01 3.569157925471269266e+01 5.535613002353917977e+01 4.795666611558318237e+01 4.543995190006769747e+01 6.245932160276593947e+01 3.952923291776576775e+01 2.149820297200733776e+01 2.694306500586359121e+01 1.010025915353031145e+01 7.319793007011154096e+00 7.645769437308935323e+00 2.600990021672862085e+01 3.106715086039350382e+01 1.138738313705487037e+01 9.548731399036009648e+00 9.898448988866682896e+00 1.024774416793888321e+01 2.402833936374154078e+01 1.682703971035815016e+01 3.676728324926134661e+01 5.036658599687801541e+01 5.876856624951894759e+01 6.177425928151709655e+01 6.584610764403619498e+01 6.760117795931765272e+01 7.604687415773352654e+01 8.012837016704358462e+01 6.596988215488950402e+01 5.920596931262683427e+01 6.526184812844991256e+01 7.215431476868337768e+01 8.220219762095990745e+01
5.666595628964066558e-03 1.997203470716186402e+01 2.702568257308615784e+01 1.205136726426203708e+01 3.160931993748933522e+01 4.114329919348161724e+01 4.548624490733585901e+01 3.490098915618642650e+01 5.175083855610090211e+01 6.163067596436449236e+01 3.568057650353455301e+01 1.918472970386651255e+01 7.521731774751595268e+00 6.859909451300040040e+00 2.655932509513300133e+01 1.096327737896608845e+01 2.830119160449721250e+01 3.085698851293725298e+01 3.205475747892818816e+01 2.115438842337531966e+01 2.989474264331836295e+01 3.024722843886727475e+01 1.074133167500857589e+01 1.544280497771059757e+01 4.119781904104999626e+01 5.301112419788471897e+01 5.559607661920954769e+01 4.094230523319527038e+01 4.508367367486702904e+01 4.689546465141475551e+01 6.414990674349088806e+01 7.605366901013651670e+01 8.598751925009489128e+01 7.960299264302307165e+01 8.542302403138674549e+01 9.205737866273842940e+01 1.002642042421625774e+02
2.110006612196471242e-03 1.918027073995873977e+01 3.942371432325944625e+01 3.153330361605784660e+01 1.774098873600209458e+01 2.200804005765196436e+01 2.656920096906040740e+01 3.633918008500868524e+01 4.960247984190672810e+01 6.515725920315911424e+01 5.061656153779421174e+01 2.990974744473831137e+01 2.670346748936896475e+01 6.535247893092848592e+00 2.612757840841802448e+01 3.004327432026900979e+01 3.760482932054773642e+01 4.807820768916678844e+01 4.883867767915270264e+01 4.163282383721883662e+01 3.786968097020324109e+01 1.824509125229096185e+01 1.958550990166732575e+01 1.123752748526470668e+01 3.362848981011554628e+01 3.218329019614308351e+01 4.164344346639096273e+01 2.612818472950513993e+01 3.015175740792802372e+01 3.463116857348433797e+01 4.689552543745860902e+01 6.760424729615057515e+01 7.754607060612238456e+01 8.597309797947723098e+01 9.772040060755414004e+01 1.033643076865679973e+02 9.496619517554537993e+01
9.367352646185668139e-03 1.415521886269363883e+01 3.418870685566978551e+01 4.440801582801766756e+01 3.704300767890367041e+01 4.104127575890167634e+01 4.548624478808368110e+01 5.331449625872475195e+01 6.215237467320017117e+01 6.996096699166798771e+01 4.496015113852099887e+01 2.552465893397324948e+01 1.451611324521854307e+01 6.210899989376187591e+00 2.462311217168707600e+01 3.312889665256741978e+01 4.111622483716119802e+01 4.372547758127074502e+01 6.104737104649957047e+01 4.852626936182479511e+01 3.038812066923841826e+01 2.735951189092870095e+01 2.582789998202200721e+01 1.158918445182575141e+01 1.463842141666683716e+01 1.770998601042827048e+01 2.093211049600356688e+01 4.164344346639082772e+01 5.116484978052496047e+01 5.564806115646172913e+01 4.300502301839274111e+01 4.972098302061063890e+01 5.711354014193459250e+01 6.894560878627565614e+01 8.929452179112884380e+01 9.330167382401772613e+01 7.490288112334124548e+01
3.648181865326004768e-03 1.520507930918870976e+01 3.737703035427509235e+01 4.483914484804182621e+01 3.666749670282624862e+01 4.501842013695345912e+01 4.627384610543525412e+01 4.233742478245729046e+01 4.985778914224644609e+01 5.704425911213261458e+01 5.795310262954284752e+01 4.557324359020704208e+01 2.773090151477857646e+01 5.885887858636083436e+00 2.234500339128797819e+01 1.955155087316518348e+01 2.665923778723283988e+01 3.866756650116467853e+01 5.654740569820884133e+01 5.726152980270477855e+01 4.269541057410278029e+01 2.652501990148133615e+01 1.328412654041817653e+01 1.194440336522596091e+01 3.196499129840502818e+01 3.827788711620687678e+01 4.164344331178370595e+01 3.553295325351757583e+01 5.639547181105806573e+01 7.226523674485136439e+01 6.380744076733856218e+01 7.032207958584649532e+01 7.754607060612238456e+01 8.597310018730732395e+01 9.255130842604469876e+01 8.418019583925062932e+01 6.482485771856998724e+01
