LEM/sinusoidal_perturbations/elevation_000512.asc
nrows	100
cellsize	150.0
xllcorner	0
ncols	100
yllcorner	0
NODATA_value	-9999
[rows 0 to 16 of 100, columns 0 to 36 of 100]
8.271705653423140972e-03 1.155527708944583765e+01 2.569741271317653641e+01 4.569741271317582232e+01 4.540024126805923999e+01 5.368451867305936531e+01 6.368452616028577751e+01 7.094756404183063125e+01 6.266179807854499018e+01 7.094755819456074164e+01 7.098150020841103469e+01 7.921658758827324220e+01 7.099234771229873786e+01 6.270074953926349082e+01 7.099234771229873786e+01 7.614134107087603809e+01 6.784794140246678751e+01 7.614134107087603809e+01 8.153683061699567247e+01 7.324842330613113006e+01 7.022263560526744186e+01 6.193208713743040050e+01 6.542300292465253619e+01 6.921063915481791184e+01 7.368737692272844697e+01 7.840047175974264348e+01 8.505931221472577874e+01 9.261081816711765669e+01 1.009044269526404634e+02 1.124584757447371146e+02 1.154022842528294319e+02 1.072659559178784008e+02 1.119434569615123678e+02 1.200936522976755327e+02 1.244508126940569355e+02 1.199139023914286639e+02 1.117434955891462778e+02
7.813061968023241044e-03 2.000781306196766707e+01 2.985323928959572726e+01 3.540024125478898753e+01 2.540024124924328675e+01 3.540024124924363491e+01 5.540024129660442753e+01 6.094882248141146874e+01 4.266685467789721287e+01 5.675622802260638622e+01 5.179062850508276483e+01 7.022861464271427678e+01 6.098243323270565242e+01 4.268003408182785563e+01 6.098243323270565242e+01 6.612192404795015932e+01 4.780215018908882740e+01 6.612192404795015932e+01 6.997759131235793006e+01 5.322259250998568803e+01 5.720456691396703519e+01 4.187491749155057619e+01 4.536921850826340119e+01 4.916835210705922776e+01 5.366679698975114832e+01 5.840450384197419709e+01 6.508279084977654350e+01 7.263141139306456751e+01 8.415695174088014596e+01 1.041590144655584993e+02 1.041502166189508216e+02 8.784045999854147624e+01 9.247881165491807565e+01 1.048830614052882595e+02 1.048830614052882595e+02 1.100750107105122169e+02 9.208531428368496563e+01
2.526786264046545528e-03 4.853239286990727486e+00 9.853239286990771006e+00 1.540024124924311089e+01 3.540024125483356698e+01 5.368451339762845009e+01 6.368451868024862961e+01 5.266432637799938732e+01 3.273457497784264092e+01 3.722547513575717204e+01 5.656931281504223819e+01 4.779262871893943299e+01 5.269039181054575494e+01 3.267427912479757168e+01 5.269039181054575494e+01 5.782504579577782522e+01 3.778357673766268476e+01 5.782100437670906246e+01 5.907142156285012646e+01 4.163715114332689637e+01 3.715087390936990630e+01 5.720456691396830706e+01 5.696413237960138076e+01 6.921063908379224472e+01 6.186004475377857403e+01 7.840047175974264348e+01 6.995548730395360337e+01 8.993653506091524719e+01 1.009044269526404634e+02 1.052834141362173028e+02 9.605064061970712430e+01 7.665910509678265328e+01 9.259670576663981478e+01 8.545662742479731833e+01 1.048830614052882595e+02 1.019144049364156359e+02 8.229800949940032240e+01
4.163169627051843593e-04 2.000041631696235100e+01 2.985323928959572726e+01 3.540024125478898753e+01 4.368451352938357957e+01 5.533675310952401105e+01 4.681734418164092659e+01 4.513158839108337617e+01 2.531059150767628196e+01 3.780916971275112815e+01 3.657721169095434277e+01 2.938481753583557676e+01 3.812847360868305202e+01 2.600873865377752736e+01 4.131356883063249796e+01 4.300454128326095571e+01 3.111559186268429400e+01 4.669214603229735872e+01 4.542749437231039877e+01 3.267718500196493636e+01 5.272042483748376185e+01 6.549801575321637870e+01 7.697803489001687183e+01 8.526512620851616475e+01 7.341054144854466301e+01 9.014731296284887208e+01 8.148531204621095014e+01 9.822824105955976393e+01 1.109446537259489531e+02 9.147557336451392018e+01 7.773959909364063492e+01 7.012664599850823777e+01 7.315745666523588397e+01 8.690388395045027892e+01 1.063403934034578526e+02 9.537560645741051246e+01 7.580815253398074560e+01
5.883922493566802643e-03 1.000598079145866670e+01 2.415347407417146286e+01 4.421921459492655515e+01 4.683016587601304082e+01 3.854444632016014083e+01 2.657501811032055272e+01 3.044106873804958013e+01 3.156555795058199010e+01 1.790428711607076551e+01 3.442510654643868406e+01 1.657474897155790572e+01 1.812254053153824884e+01 1.968464450008529099e+01 2.130737577790505100e+01 2.299806329404521321e+01 2.479398249033898338e+01 2.668294998987348876e+01 2.859719428034228983e+01 4.864184950344741765e+01 4.858086716408392647e+01 6.236739896506948355e+01 8.060170033460288153e+01 8.749563106860173889e+01 9.340038215790782772e+01 1.016939772960285779e+02 1.014811203920488794e+02 1.097791534386982022e+02 1.084076695595863526e+02 8.895719871034603443e+01 7.521850111046191500e+01 6.381175255287222825e+01 8.343295585945482173e+01 9.656631837581547018e+01 1.066857010086289961e+02 8.972696906238662962e+01 7.017815184109544191e+01
1.256007409845548732e-03 2.000080424476720964e+01 3.835278191584862384e+01 4.722015840711841861e+01 3.518937204177308331e+01 1.854553456063368344e+01 2.808071380714851628e+01 1.021517106795821839e+01 1.156973045781644949e+01 1.293369093150972837e+01 1.442434076922119424e+01 3.441039647872820240e+01 3.812735661935496267e+01 3.969075896865027175e+01 2.763061540160504137e+01 2.834120675297534220e+01 4.480141260366430345e+01 4.669214603229735872e+01 4.864184950460933976e+01 3.234084078136029916e+01 5.240592333611418496e+01 6.119112394279019185e+01 6.625682732601059399e+01 6.599846084718382144e+01 7.779984119007613685e+01 8.620034973342168882e+01 9.790393221122485556e+01 1.092860132560737014e+02 9.813910378270854551e+01 9.024146842014523884e+01 7.972489697566520306e+01 5.994986142343085334e+01 6.888055043278885137e+01 8.272343440712521101e+01 9.403584565217055058e+01 7.894207259600258908e+01 6.507486964920288131e+01
9.594114293757748102e-03 1.414893094048419542e+01 3.408602915078141393e+01 3.338305754292070304e+01 1.928466112910467345e+01 6.999485585404102927e+00 8.321122346803761616e+00 2.701345928398611207e+01 3.151639116629203130e+01 1.764353994786595337e+01 3.288221041638177411e+01 3.075091828933046045e+01 5.076448096552942246e+01 5.430727961079480082e+01 3.429623953920280144e+01 4.835284102180183652e+01 3.650590286845562105e+01 5.652607983536020697e+01 6.071306193296762643e+01 5.240592344569008532e+01 3.633998417844392037e+01 4.105936977385486131e+01 4.607736302214405555e+01 5.146016149484800906e+01 5.755281964769848457e+01 6.923612697802924743e+01 8.949809235448215361e+01 1.013355005726209299e+02 8.224263825091948377e+01 7.097559948747218073e+01 7.907816453641065380e+01 7.461900474111534720e+01 5.461857435386798443e+01 6.632619996301546905e+01 8.594718671154862477e+01 9.280900612955154827e+01 7.831883686262520428e+01
7.711341127313004785e-03 2.000593509016653826e+01 2.206716236963879751e+01 2.333992343419969728e+01 5.150485108667575140e+00 2.515075596354727239e+01 2.831840262718192491e+01 2.948174717736561590e+01 3.266153004344054978e+01 3.756404622735253440e+01 2.545231661088676844e+01 4.554545283752098328e+01 5.909153286635137192e+01 5.063386268712307015e+01 4.844924112679809980e+01 5.430737417928830268e+01 4.651491658441141652e+01 4.806386584842124421e+01 6.808567911377882353e+01 6.474037509800577084e+01 5.054297763476143501e+01 4.169293012084226291e+01 4.990252691238203653e+01 7.001397801206215377e+01 7.779984119007613685e+01 7.187269615635642594e+01 9.226506819924154001e+01 1.010549801374964289e+02 8.378200281707704278e+01 7.092988046919640510e+01 5.944355713986578849e+01 7.106236955774555497e+01 5.125786112407895700e+01 7.137450653013799240e+01 8.774691184226317375e+01 8.799589351629441580e+01 6.834054721814376876e+01
2.297228869525369630e-04 1.033025281875598278e+00 2.067200661865638445e+00 3.339770187817196589e+00 2.324872570994155296e+01 1.815808572498814044e+01 3.449593398176648407e+01 5.091821981843969525e+01 4.412731913125414707e+01 5.300375974411783631e+01 3.357920387541199148e+01 3.958781303593028156e+01 5.992904627748733049e+01 6.476362420096153016e+01 6.845157117961922211e+01 7.429634891398399077e+01 5.807643128767352891e+01 5.962505416166317929e+01 7.637760991307273173e+01 7.893777256117780894e+01 6.619439090668561221e+01 4.607285815762033110e+01 6.619439090668561221e+01 6.414117969444836831e+01 8.419216735952720398e+01 9.226506819924154001e+01 1.007940157718828544e+02 9.441995524676929108e+01 8.628469870805345465e+01 8.699984626003946175e+01 7.106236965707023501e+01 5.108024668046184757e+01 4.801376971551077588e+01 5.981088939225355006e+01 7.964503498485170496e+01 8.568275278177000587e+01 6.596636455089235085e+01
9.647730019007896146e-03 2.000964773001865282e+01 2.206730627051726046e+01 4.328320774126917847e+00 2.430880198719908591e+01 3.883916495200053021e+01 4.724871802501797191e+01 6.372087080303379736e+01 5.957062361207844248e+01 6.158982073633206511e+01 4.366611557773816799e+01 5.992904627734584722e+01 6.839674512909819271e+01 8.457516418186827423e+01 8.225291071300800638e+01 8.638685680706264236e+01 7.809492693975167299e+01 7.964310773026132040e+01 8.793516375905080906e+01 8.257535369700649142e+01 6.251285353110458232e+01 5.127165988354569492e+01 7.138854946066376783e+01 8.419216735952720398e+01 9.248243440924198921e+01 1.045979086042716375e+02 9.331384186232610034e+01 8.475616189772625830e+01 6.650225593308252314e+01 7.013240181989134214e+01 6.530786172988558747e+01 4.581258910024784115e+01 4.496822605563578890e+01 6.532418474506391703e+01 7.663166585552681909e+01 7.631941197197176052e+01 6.945021747804571532e+01
3.582433992925927561e-03 2.000358243399256963e+01 2.614784231783371737e+01 5.835463910233435136e+00 2.024468946044249407e+01 4.039931400700877617e+01 5.156655263268260114e+01 5.371351722851569122e+01 6.128582856345674656e+01 7.295114701313057992e+01 6.439804787739288372e+01 7.295114701313083572e+01 7.414647462977208647e+01 6.584786336154985520e+01 6.218721999928172295e+01 8.225747767841005498e+01 8.571359620098843379e+01 8.571359620098843379e+01 9.400371303467723294e+01 9.086679406638309331e+01 7.138854946066376783e+01 6.029646827182868662e+01 6.291338252218084648e+01 7.710769010346726304e+01 9.710867449023533027e+01 9.649706930755290557e+01 7.695770286270602867e+01 6.551829274875677811e+01 5.723307882215566877e+01 4.996192280078154369e+01 4.516536607451608631e+01 4.082523638402867761e+01 5.785612094450177523e+01 5.722066824954350750e+01 5.495402508697905120e+01 5.637541163333989402e+01 6.421892477934778753e+01
1.813270376062421294e-03 2.000181327037570611e+01 2.803932901529596933e+01 7.481362208004037839e+00 2.804051269466948426e+01 3.270182079665087826e+01 3.239148064569127428e+01 3.536065593598956980e+01 5.371351723179729021e+01 5.626795948482688203e+01 5.867587976802538918e+01 6.343044273511706166e+01 5.515842118362444779e+01 4.586032373180276522e+01 6.584786336154985520e+01 7.987537383205823005e+01 6.574703462943963928e+01 6.574703462943963928e+01 8.571359620098843379e+01 9.971098389566766684e+01 8.865025219478606289e+01 7.190638655274248947e+01 7.710769010346726304e+01 9.125401196911951729e+01 9.935349147314263973e+01 9.123673469001840886e+01 9.331384186232615718e+01 8.413841731347235964e+01 6.433091962801655939e+01 7.013240181988302879e+01 6.536542429422458156e+01 5.686779108408152439e+01 3.781722773290663753e+01 3.833139708973553184e+01 4.018565180435185624e+01 4.208518800624475631e+01 4.404003279181432617e+01
2.372884694381488524e-03 2.000236320544293278e+01 3.633827951516233412e+01 2.804047046382290276e+01 1.028009160759290808e+01 1.239917659200818711e+01 2.164798186172299310e+01 3.733292858626523980e+01 3.985085403282683814e+01 3.634137913339056070e+01 3.872774714838400456e+01 4.703655855340385017e+01 3.523654265364270799e+01 4.930898422841482898e+01 6.926855090174775853e+01 6.266500489878504254e+01 5.162679398347306403e+01 6.574703462943963928e+01 8.571359620098843379e+01 9.825306377853695494e+01 1.002018107520078729e+02 9.191313085247875847e+01 9.710867449023520237e+01 9.662402128474951724e+01 8.802457355535383954e+01 7.160342323669804898e+01 8.802457355535030104e+01 9.227236062480044154e+01 8.413841524649792802e+01 8.126475295153304046e+01 6.048513157614578262e+01 4.691614934252731217e+01 3.573704375850850568e+01 5.571074085740261239e+01 6.026151189823841037e+01 6.221687410773385096e+01 5.300346796014760287e+01
8.175220331382775790e-03 1.415031084406245832e+01 3.415031084406316353e+01 3.904780783540539346e+01 3.076598702181267697e+01 3.229623700477273474e+01 1.547398964180698933e+01 1.760863453165955050e+01 1.996599860835765128e+01 2.231797182776797328e+01 2.471810129680842039e+01 2.717819033267130990e+01 4.433767078458741651e+01 5.332176821875088280e+01 5.749641206540688643e+01 4.264713128832715938e+01 6.266500017877769579e+01 7.527309251637313992e+01 8.192176520587460686e+01 7.825138960850395620e+01 9.825306377853695494e+01 9.413943287923294179e+01 8.605094907248056302e+01 8.849953164895462976e+01 6.877324629870008721e+01 6.003621036271000833e+01 7.990143703736008263e+01 9.579207622581724024e+01 8.741342067494304047e+01 7.593290364096522183e+01 6.765992835884942735e+01 5.432290484729585955e+01 3.437488135013529700e+01 4.844965368233715708e+01 6.850219235345279856e+01 8.004218307359836615e+01 7.199202763000297978e+01
9.124702163186202558e-03 2.000912470216283268e+01 3.180596944723620467e+01 3.887703725910286323e+01 4.716130850763617133e+01 4.425509725392666383e+01 3.619245391336431084e+01 2.579021918198632335e+01 2.518906072623354930e+01 4.217770695021042826e+01 4.457041992067261305e+01 4.703655855340385017e+01 3.116118168964247559e+01 3.406147194913442888e+01 3.749524367492109178e+01 5.749640969952455549e+01 4.954157480426867721e+01 5.533086280732542406e+01 6.197575383977792995e+01 7.606418702673325072e+01 9.606320988861834564e+01 8.605094907248039249e+01 6.634436484186137761e+01 7.211628972898539303e+01 7.239308710606705688e+01 5.236952137824287234e+01 7.239308710606705688e+01 7.615139881646076958e+01 7.927030488256212948e+01 5.929201218572048759e+01 4.753886234359467977e+01 3.996285913864696226e+01 3.302151826990576211e+01 5.293999368404791994e+01 7.208106520812181373e+01 6.649665719611236625e+01 6.649665719611236625e+01
2.239863785106879172e-03 5.775742555681339319e+00 1.180596944723655994e+01 1.887703725910215979e+01 3.042404264289487870e+01 5.042404264289599780e+01 5.380982555060067796e+01 3.569443181639232421e+01 4.500284634109169701e+01 3.326932997961642968e+01 4.460442606477759853e+01 6.014754264124233174e+01 5.241881416577885489e+01 4.274600589987151977e+01 4.486953239921913195e+01 6.435360800427405081e+01 5.954120752767457958e+01 7.527309471904220572e+01 8.192176520587459265e+01 9.021154936702019711e+01 9.158677654551678415e+01 8.322174581816310024e+01 7.211628972898452616e+01 5.215615006100248507e+01 6.683954918689057934e+01 4.678963634119782711e+01 6.683954918689057934e+01 6.210592510253923848e+01 7.863804113034781551e+01 7.593290364095162204e+01 6.575503570617773619e+01 4.572407400393939270e+01 3.169545992068967877e+01 4.385360903040555769e+01 5.492326938895133992e+01 4.645096149841132416e+01 6.066937563450067472e+01
1.766589122093755728e-03 2.000176658912173977e+01 3.180596944723620467e+01 3.887703725910123609e+01 4.716130850763617133e+01 5.870831389216862561e+01 6.371674496884444494e+01 4.969441979844568635e+01 6.000015902686975977e+01 4.024703118137399827e+01 6.000015902686975977e+01 6.395525188255609805e+01 6.160617614496197092e+01 5.602644852166594092e+01 5.536678263880741468e+01 7.305781066579038452e+01 7.363714488776703604e+01 8.777796936716742948e+01 8.824503255576051686e+01 7.997415273637682276e+01 8.016489247486319414e+01 6.360898867119247058e+01 6.457206605818537071e+01 4.458844805200725858e+01 5.516034667466803398e+01 4.182689807306638841e+01 6.182707097546747121e+01 5.049417718461418758e+01 6.153852197413247183e+01 8.138001687364167935e+01 6.575511059725236862e+01 4.572407441085171342e+01 4.971495811721357683e+01 2.984486765987196222e+01 3.495232537269038176e+01 5.288193963261854691e+01 6.082801250599096932e+01
