LEM/sinusoidal_perturbations/elevation_000925.asc
nrows	100
cellsize	150.0
xllcorner	0
ncols	100
yllcorner	0
NODATA_value	-9999
[rows 51 to 67 of 100, columns 0 to 36 of 100]
6.455108993161302530e-03 2.363477712948315546e+00 4.737041029336012343e+00 2.473703640883975652e+01 3.086126117183660966e+01 1.953401694850440862e+01 3.926048751523028812e+01 4.303343046010844120e+01 3.362065858315853717e+01 5.152910836184666010e+01 4.736970515997355591e+01 6.704330201585653981e+01 7.966342624587672105e+01 8.786469220385475865e+01 8.149184574635934553e+01 6.149438558971552737e+01 4.995620360334789467e+01 6.100646084284457515e+01 6.251214227439056259e+01 4.250465326501706897e+01 6.250153329096015398e+01 6.051698824815699140e+01 4.435057090665452506e+01 4.099933592208731170e+01 6.087903677222181642e+01 4.783198043682185840e+01 6.122269690959988964e+01 4.132258119226069226e+01 2.971728771673879876e+01 4.978021182409814571e+01 4.511642858315132543e+01 4.694813954348332175e+01 6.655958455651762051e+01 7.052623736908951457e+01 5.065486699712409546e+01 7.052623736908965668e+01 8.279182026414079587e+01
3.995603441288198172e-03 2.000399560344093430e+01 2.473704102110456304e+01 1.887917665502397924e+01 3.887917518582867871e+01 3.940279949238111357e+01 2.941474445777013358e+01 4.939085509357315829e+01 5.353878470153347990e+01 4.619480277473633123e+01 6.435940110159958749e+01 7.618474891806286564e+01 8.286031564426058083e+01 7.455193877466291497e+01 8.286031564426058083e+01 7.254870968883949445e+01 5.255694825397306857e+01 4.099360880631971327e+01 5.393084914988968848e+01 3.713220532034235077e+01 5.716382856427831882e+01 5.277007982927025154e+01 3.281329722381060066e+01 5.277007982927025154e+01 4.973916160787324969e+01 3.360769871097805606e+01 4.377755487745208285e+01 4.549859570101085637e+01 2.791736401532444134e+01 4.022602393907558138e+01 5.957725591000289711e+01 6.023625385606059268e+01 6.655958455651771999e+01 7.879737813306751093e+01 6.210763674392151046e+01 5.587209200202401149e+01 6.286085766056525159e+01
4.804567899273937473e-03 1.414694019163034966e+01 3.414694019163282235e+01 3.887917892448385970e+01 4.716352068724818736e+01 5.767465708254299983e+01 4.939085509357315829e+01 4.353359726955827824e+01 6.353152637062579799e+01 5.988280778439185070e+01 7.366176487159775377e+01 7.450164883163029117e+01 6.624170712277233974e+01 5.488690959425322546e+01 7.297022308883808250e+01 8.084069336784705229e+01 6.929390277719235769e+01 5.393084914988968848e+01 3.388739336112207212e+01 3.210261971756525412e+01 5.215503665759299423e+01 4.818900959619440272e+01 2.820608006971638915e+01 4.201888923819216615e+01 3.970230243188380825e+01 2.203453341586928715e+01 2.371592046327234726e+01 2.542708096781789706e+01 3.963417256395282351e+01 5.627274444413905030e+01 6.832671255198999916e+01 7.980831228723317849e+01 8.615321825350827112e+01 9.031159647938007140e+01 8.202625968738476558e+01 7.574516085785892017e+01 6.228378588879126454e+01
9.707512844716031236e-03 2.000970751284436133e+01 2.653290828863129747e+01 2.996287999123327950e+01 3.752216945106288648e+01 4.580644047617292358e+01 5.580644035405106962e+01 6.353152637062579799e+01 7.181586873576037533e+01 7.926978609944961818e+01 7.397515279979737102e+01 6.311943393511113243e+01 4.662103019245280677e+01 4.510798384628120772e+01 5.894567526328429352e+01 7.865848713569289430e+01 6.793510478478543746e+01 4.793364596382468790e+01 3.635351073600441651e+01 2.736985646722658672e+01 4.315123984615993891e+01 5.144435896739942393e+01 4.201888923754199823e+01 2.204151246268906661e+01 1.971287050781767292e+01 3.968793422567829055e+01 4.377392567161095371e+01 4.548296495177876864e+01 5.376821386974133787e+01 6.793707157194540969e+01 6.741329929182930414e+01 7.569665585124178619e+01 7.884037654295774189e+01 8.113987889385292362e+01 8.942994186350770747e+01 9.049790136878164049e+01 7.635265887952377284e+01
5.001202446392439237e-04 3.244928542859883525e+00 6.532908288967015586e+00 9.962879991817162662e+00 1.752216945200157383e+01 2.752216945200139619e+01 4.166430507573087993e+01 6.166430506932627509e+01 6.855707645587314403e+01 7.684134500242069521e+01 6.571334288259991752e+01 4.604972155451123683e+01 3.524889710882311533e+01 5.491370401536963897e+01 6.579934602941972344e+01 7.720606242318501700e+01 7.622530378276958629e+01 6.467528284379686454e+01 5.571915212051155919e+01 4.315123984615993891e+01 2.311437721057182060e+01 3.910295480428619896e+01 3.798392840525557546e+01 1.801491548118503871e+01 3.798401263224678104e+01 2.225818208856749791e+01 4.230198846455659378e+01 4.758348234392364162e+01 5.028900094902461859e+01 5.304308444569550574e+01 4.743058952528503625e+01 5.885968606112611923e+01 5.885968605887904204e+01 6.116157669592904966e+01 8.113987889385292362e+01 9.355431771166793453e+01 9.635121436609669843e+01
5.279685921607564676e-03 2.000527968592125205e+01 2.653290828863129747e+01 2.996287999123327950e+01 1.573638268371337112e+01 3.573638268240062388e+01 4.774827418410546898e+01 5.441494084851053969e+01 4.855707647902141133e+01 6.855707645587314403e+01 6.471063067132669744e+01 4.965806329955801601e+01 2.972364581308981002e+01 3.782605835636199032e+01 4.926542761782044266e+01 6.892687025004767065e+01 6.848311812262788578e+01 6.039211989979244777e+01 5.204179643583153592e+01 5.144435925074724025e+01 3.910295480438526283e+01 1.911366822742736460e+01 3.518161425960750677e+01 1.686436235926072769e+01 3.681987196364628545e+01 4.230198829127859028e+01 2.485967380229017465e+01 2.751415347581347604e+01 3.022642644873097595e+01 3.299305410713500208e+01 3.584258396043207995e+01 3.884636602273251071e+01 4.704141656859214038e+01 6.701308593310685069e+01 6.527618410622233114e+01 7.583281671760873621e+01 8.082593548034910214e+01
5.738623160518319517e-06 1.414214136235423602e+01 3.414214136235494124e+01 4.402065357075824892e+01 2.728338806750568324e+01 2.240304935037992351e+01 2.774827418862831863e+01 3.441494085529475200e+01 4.855707647902141133e+01 6.855707645587310139e+01 5.649188208953288637e+01 3.673422644155645855e+01 2.474649340770439920e+01 3.930239935535266937e+01 5.904473053901844537e+01 6.262499418681531438e+01 4.847732610301069656e+01 5.204179643583153592e+01 3.084816166575293295e+01 3.705563357191795149e+01 3.264102384619938846e+01 3.368085566164914724e+01 1.523059643968106158e+01 2.844405024571269180e+01 4.419304099956706011e+01 5.321503150194529752e+01 3.906018984745062994e+01 2.865168248566727627e+01 4.871757198393274280e+01 5.304308444569550574e+01 5.587627642897680857e+01 5.885968606112611923e+01 4.372552049191796186e+01 4.733036422937856713e+01 5.118050716436935232e+01 5.587932745617849406e+01 6.085346042938794398e+01
4.532054705376768917e-03 2.000453205470502027e+01 3.984027816305260217e+01 5.556765864790641274e+01 4.728338806436462249e+01 3.395005473417202779e+01 4.774827418410546898e+01 4.774827417308814148e+01 6.269921074072102130e+01 5.346409848075010274e+01 4.452485218670093303e+01 3.629142301519844693e+01 2.073599023763452820e+01 3.554408060040575634e+01 5.544029049667463482e+01 5.261706496100217834e+01 3.431829570198531343e+01 5.261583419143168072e+01 3.705563047203958860e+01 1.691875587517241186e+01 1.263879244681953828e+01 1.370772174979181024e+01 2.035052874361984010e+01 4.028403184953060645e+01 5.477953429690608544e+01 6.736989389761221503e+01 5.700374567046723939e+01 4.871757198393274280e+01 3.259945357083684314e+01 5.264976073285492220e+01 6.524954752881893683e+01 7.198608564050499581e+01 6.370555669833795776e+01 5.885059218613810827e+01 7.112973419591205015e+01 6.378550305592004577e+01 8.082593548034910214e+01
9.001595176218036079e-03 1.155600697896863238e+01 3.155600697896053930e+01 4.355085624705355940e+01 5.183512746265989080e+01 5.395005472761795318e+01 6.223432484585518409e+01 6.774827387269716894e+01 5.918167712412120096e+01 3.951330765761220931e+01 2.503173591335206183e+01 1.558360004011856681e+01 3.607289269066047410e+01 3.967767403311665220e+01 5.793079024316785564e+01 4.432759131226713123e+01 2.431354267115754197e+01 3.432053104066358884e+01 2.972227345375253904e+01 1.112350575811671405e+01 3.117741538852745364e+01 2.261449745066962080e+01 4.030347887277674346e+01 3.190998760730199990e+01 4.353292927135524337e+01 6.360334949203667776e+01 6.897513063578104209e+01 4.898071757360176548e+01 4.264946566309303222e+01 3.694328714532996827e+01 5.696851173611133845e+01 6.989818601890843297e+01 8.143453718353687520e+01 7.881963699862399153e+01 8.710956798113726052e+01 7.530907195485036709e+01 9.205977868258713670e+01
5.674351268809080251e-03 2.000567435126845339e+01 3.090174560640828005e+01 2.355085624709784042e+01 3.769299187082829405e+01 5.769299187067722556e+01 6.391828638119897477e+01 5.570523682811975874e+01 6.391828701227072429e+01 5.346409558413849084e+01 3.358178839481913514e+01 1.280013155745893094e+01 2.014729860483945245e+01 3.642699117087055072e+01 4.706939168425039810e+01 3.878635976406698660e+01 3.432029132275398808e+01 1.429246214214802713e+01 9.630237644041434564e+00 1.727624723020179331e+01 3.728051997195603917e+01 4.230776578991011405e+01 3.873233318141887338e+01 5.201568697487731185e+01 6.031013961179923655e+01 7.188470260817476287e+01 7.725985112496329066e+01 6.265005580261688323e+01 6.265005580261688323e+01 4.852334965466774719e+01 4.162163959834515481e+01 5.317636333663466530e+01 7.314816792909540766e+01 8.330057746979700539e+01 9.329983875523390680e+01 9.532166174926119595e+01 1.036160568909266715e+02
9.518805923843161668e-03 5.354743644172307526e+00 1.090174560642454971e+01 2.090174560642437385e+01 3.504388123015482392e+01 5.504388122962308927e+01 5.390586254727085702e+01 3.559891736787423611e+01 5.389905800926209878e+01 4.870801785492334091e+01 3.904020763917043979e+01 2.800101822272625185e+01 9.329372575443970916e+00 2.878361279577226739e+01 3.377806453013212007e+01 1.873900054507610946e+01 2.686873144196007956e+01 8.176666240110963102e+00 2.828187072893231502e+01 3.728051706600214033e+01 3.142231753612474776e+01 5.142347174425501066e+01 5.821661650740423255e+01 6.637578679675438309e+01 7.356100297266416987e+01 7.356100297266416987e+01 8.211964331866330724e+01 8.263803877851972857e+01 7.678892201783367000e+01 6.850481767844044612e+01 5.317636333663466530e+01 4.689183381166652254e+01 5.504741294812181707e+01 6.501765690807989984e+01 7.914512763139229889e+01 9.916030481493930893e+01 1.064355110616783548e+02
9.062254805971973678e-03 2.000906225480561673e+01 3.090174560640828005e+01 3.918601683625260534e+01 4.918601677216931023e+01 5.710963894522799222e+01 4.565207708717868940e+01 2.456741620828037043e+01 3.525887723084737502e+01 2.911357340853086129e+01 2.670807135263077825e+01 9.537557620671520908e+00 7.006982242204022882e+00 2.451537569842124498e+01 1.825121534831274062e+01 8.116639408039015180e+00 6.777748849007099174e+00 2.687249641821077262e+01 2.092327051171344010e+01 3.508242570309288055e+01 5.142347174428569900e+01 5.968547059747196215e+01 6.924982140779974316e+01 6.075087771599641684e+01 5.322476735223062150e+01 5.322476735223062150e+01 7.356100297266416987e+01 7.558301066816591174e+01 7.777222349367497145e+01 8.143453708318847362e+01 7.314816792863504702e+01 5.842009442818481091e+01 5.337674422158178089e+01 7.333815065548054690e+01 8.594639223524960414e+01 9.227606663761048367e+01 8.641103272149335623e+01
3.063233560239582431e-03 1.414649903222258764e+01 3.418896388750652449e+01 4.531197807054339677e+01 3.708870076036447472e+01 3.707495591831825976e+01 4.579258774087140438e+01 3.525887722112687328e+01 1.282352341827484743e+01 2.487493892162215303e+01 3.742588575163237952e+00 4.048724635000036542e+00 4.363656442696091986e+00 4.699024651768086258e+00 5.042732193488078885e+00 5.381889706032378484e+00 8.441880659138220722e+00 2.974972194568150741e+01 4.094429257503197306e+01 4.923451913851646822e+01 6.338957558099419742e+01 7.019713344914934794e+01 5.747464112793215918e+01 4.063588075821354550e+01 3.909384475369569856e+01 5.918111286164820939e+01 6.489390243609823017e+01 5.558552028092194064e+01 5.777266162598100863e+01 7.777222349366866183e+01 8.668278741271744536e+01 7.839342026473401859e+01 7.333815065548054690e+01 6.042475789314224954e+01 6.595118545574324287e+01 7.225987867888510152e+01 8.641103272149335623e+01
5.666595628964066558e-03 1.955266466457356245e+01 3.371982765442724883e+01 3.561680911911841463e+01 1.506154875625886902e+01 2.771452625094843114e+01 1.912887500339613567e+01 2.537886597505432817e+01 2.383085983555445608e+01 3.300131217017409302e+00 4.323183679944240687e+00 2.363684249991705144e+01 2.556817246961056966e+01 1.899366321658809298e+01 2.150130297662121137e+01 2.550238785710573097e+01 5.878257349751143224e+00 2.599547554268130511e+01 3.851254761909538615e+01 4.696735377221224184e+01 5.930987395687495223e+01 6.161433121897876930e+01 4.083040552376190391e+01 2.914231205447724449e+01 4.913747880767189002e+01 5.636499531111469707e+01 4.489184223964403486e+01 4.143911393201511117e+01 6.144264960863294789e+01 7.461943719616215276e+01 7.946864856090927276e+01 8.533310308858202120e+01 8.869206871702900230e+01 8.040071967317149415e+01 8.594639223524960414e+01 9.227606663761048367e+01 1.005703708433210295e+02
2.110006612196471242e-03 1.188861609129274299e+01 2.198773174431792299e+01 2.312684710843902991e+01 1.489879290481288621e+01 1.876476484639519882e+00 2.198596569230595321e+00 2.520883902057817316e+00 2.843338743899760601e+00 1.314550025459684868e+01 6.640134691856488303e+00 2.052549787108412360e+01 4.086060306545165588e+01 3.928638836140457613e+01 2.377533547142057202e+01 1.153642244013222573e+01 6.226522207152394017e+00 2.632333876809282458e+01 1.837505507606437760e+01 2.997134445174720696e+01 5.036628060519857542e+01 5.682065746126001926e+01 3.803087635668045863e+01 2.430498803834672472e+01 3.943599650532980405e+01 3.634820760165731457e+01 3.072382701960114915e+01 5.075031003348411929e+01 6.877238132869801746e+01 5.463073220366822369e+01 5.947483817492710756e+01 6.533088965514681945e+01 8.256264221244556722e+01 9.411988478757338328e+01 1.002399264455200552e+02 9.200116186829752962e+01 9.303507998071918905e+01
9.367352646185668139e-03 1.476872990651060924e+01 1.812619225336547046e+01 1.099948153186665945e+00 1.421401839165517433e+00 9.213130437493582292e+00 1.730257286465560185e+01 1.385066836166537563e+01 9.769906581942263912e+00 1.234404373470350613e+01 2.641006662036082986e+01 1.498173236551292398e+01 3.622903236560185292e+01 5.234214089187560859e+01 3.781256730161589275e+01 2.953246915238801051e+01 2.543359390416714305e+01 6.718781190373692702e+00 2.681546000793328233e+01 3.553670128971984354e+01 4.423689084688343343e+01 5.298798458290624325e+01 3.971728703631245594e+01 1.986497268605798183e+01 1.945328242034859301e+01 2.220023364103709085e+01 4.221098898400412480e+01 5.053140773565431942e+01 5.431499172519497165e+01 4.049124212590930938e+01 4.535196372900325912e+01 5.428468504438492914e+01 6.581053764494095049e+01 8.581982317377017466e+01 8.870364559847547525e+01 7.198192484081808118e+01 8.472047108509082136e+01
3.648181865326004768e-03 3.245634537681659215e-01 6.455200461207879492e-01 1.189069904565044133e+01 1.777799453464587387e+01 1.984280098564517303e+01 1.920114221114815223e+01 2.431307034111474152e+01 1.730797564113112230e+01 2.663968145464023607e+01 3.727790352725042311e+01 2.745321879012882960e+01 2.861466630713800186e+01 4.936118299579828772e+01 4.868985740097261328e+01 3.333156880991420223e+01 1.329737081872124982e+01 2.674424653496634008e+01 7.213110548630829122e+00 2.672606453099287194e+01 2.403803853805882085e+01 4.049849294945590117e+01 3.241760684937388959e+01 1.561443576004282541e+01 3.559691243064665400e+01 4.221098898419238310e+01 2.689867386306491426e+01 3.049723153359038363e+01 3.429414722075738808e+01 5.431499172572001299e+01 5.947483817485607460e+01 5.798330002660554072e+01 7.211135214839146101e+01 9.212878278390070363e+01 8.044077236141856702e+01 6.045005087507499297e+01 6.892480038323974156e+01
