LEM/sinusoidal_perturbations/elevation_000717.asc
nrows	100
cellsize	150.0
xllcorner	0
ncols	100
yllcorner	0
NODATA_value	-9999
[rows 0 to 16 of 100, columns 37 to 73 of 100]
1.028055232548153981e+02 1.078090947181916164e+02 9.964352876667985015e+01 9.964352876667985015e+01 9.832317540682554124e+01 1.042002278196159892e+02 9.137344732774674583e+01 8.320956962864056550e+01 7.840176537486074437e+01 6.798372558832883783e+01 7.496689920788445249e+01 8.242337896958972010e+01 9.122097207072496872e+01 1.025527987617479084e+02 1.164459141104282622e+02 1.362086077130027206e+02 1.466768755820538104e+02 1.384289990933269507e+02 1.391701913716458137e+02 1.296114792649815968e+02 1.214251594987590437e+02 1.249315285585254145e+02 1.167815519461904472e+02 1.167815519461904472e+02 1.249315285585287540e+02 1.362405802052219599e+02 1.333634924797941324e+02 1.251241440168390540e+02 1.263112000694117256e+02 1.205024032443425881e+02 1.205024032443425881e+02 1.287289128100073867e+02 1.276830013382977285e+02 1.194519937342413982e+02 1.232556689563046461e+02 1.150373657142420427e+02 1.232556689563046461e+02
9.143829821760556342e+01 9.964352876667985015e+01 7.997332735729233377e+01 7.997332735729233377e+01 7.738037903760613290e+01 8.351438207714149087e+01 7.999414953842139653e+01 6.349997411271911574e+01 5.868715730599257796e+01 6.613829530116707645e+01 7.601210370818408535e+01 9.569461440799408081e+01 1.102576148586200873e+02 1.190615918586937170e+02 1.162854458784150751e+02 1.244766311744492810e+02 1.352708758720784772e+02 1.187379962862818132e+02 1.194798148426963422e+02 1.214251594987590437e+02 1.018953852054702196e+02 1.076155236609318138e+02 9.734656807958471347e+01 9.734656807958471347e+01 1.085391741960413015e+02 1.280408493404817989e+02 1.219584048442950603e+02 1.054268082618627460e+02 1.066097821414489459e+02 1.008552702252129194e+02 1.008552702252129194e+02 1.205024032443425881e+02 1.162943956883034815e+02 9.978672861403428840e+01 1.134109418893121841e+02 9.541057588429998759e+01 1.134109418893121841e+02
7.580658132187309661e+01 8.397270873590497331e+01 8.573459596279674599e+01 6.597979109871913295e+01 6.200573054584042154e+01 6.991111642958551897e+01 6.626437150029131828e+01 5.215195020192387432e+01 7.183022935190464864e+01 8.585335905808911150e+01 9.401553086579531282e+01 9.569461440799408081e+01 1.153785339315518428e+02 1.131026126492946986e+02 9.661608946285711852e+01 1.131026126492946986e+02 1.270603933220657069e+02 1.075137707949283339e+02 1.056992876376248205e+02 1.092863583339540270e+02 1.042533489075814970e+02 8.809841578517443850e+01 8.601979800032303558e+01 1.055607587791095909e+02 1.127796019751204852e+02 1.211567403994783803e+02 1.137518824324214393e+02 9.414337175501907495e+01 1.032706918969644789e+02 8.702607703065173439e+01 1.066097822455247979e+02 1.187241405847798887e+02 1.074982520734904341e+02 8.847854723954760914e+01 1.033927756367273645e+02 8.560720696013243014e+01 1.052239707992710436e+02
5.582021920877679122e+01 6.948633868004536396e+01 6.936213542063445914e+01 5.883508756774507020e+01 6.991110836655569472e+01 5.030377534957778352e+01 4.664117585472119032e+01 6.626437150029131828e+01 7.999414953842139653e+01 9.022850034648939754e+01 9.637772411523263827e+01 9.637772411523243932e+01 1.045413436198525687e+02 1.049293376571060179e+02 8.524864695637788259e+01 1.049293376571060179e+02 1.196225600480517670e+02 1.157751455442750057e+02 9.630878391331232535e+01 8.979359664430806731e+01 8.471322585573619790e+01 8.005916665120379605e+01 7.999682550992126551e+01 9.889522703072528031e+01 9.366383704605426885e+01 1.127796019751204852e+02 1.219583885624935817e+02 1.032706923329141802e+02 8.365565743929850839e+01 8.078812737012746936e+01 9.089580569408566646e+01 1.105290985179834991e+02 9.932405087210796069e+01 7.966778083384529907e+01 8.373964805614973272e+01 7.862781093103664887e+01 9.828839743147597119e+01
6.948633868004536396e+01 4.909712595485967057e+01 4.896464765886733517e+01 6.936213533982730439e+01 6.798053504926664914e+01 5.982770988359452957e+01 4.298953023054642841e+01 6.255593609982391712e+01 6.238276196618318892e+01 8.206956101712781049e+01 7.668005322564425796e+01 7.668005322564425796e+01 9.637772411523231142e+01 9.797116273064604286e+01 7.826208842820302891e+01 9.173860619372457847e+01 1.073550548659779764e+02 1.172030767181319391e+02 1.157751455442750057e+02 1.092863583339540270e+02 1.042533489075814970e+02 9.410722447047882611e+01 7.447053992732664085e+01 8.078021090061304221e+01 9.366383704605426885e+01 1.127796019751204852e+02 1.179710370046295793e+02 1.083741516966349536e+02 8.875113221945326814e+01 7.481446747614691617e+01 8.875113222010190839e+01 1.083741534677333931e+02 1.050035717208175470e+02 8.949591583733949562e+01 6.976647024497530936e+01 8.373964805614973272e+01 1.033927756367273645e+02
7.510101152247037248e+01 5.496224251275817352e+01 4.290983325325284170e+01 5.887562545598156305e+01 5.717921202851458418e+01 4.034283865916852818e+01 5.983033936481763959e+01 4.637730865865288621e+01 6.599535690262028709e+01 7.224335774406745259e+01 6.271028021331835589e+01 7.819701341230938851e+01 8.154363699505387331e+01 8.549642435252762596e+01 7.199909401000334697e+01 7.948185373980430768e+01 8.934866778271513965e+01 1.090235684009905412e+02 1.208997708720219606e+02 1.095913735714400872e+02 1.014569923208655524e+02 9.097751773627659588e+01 7.135571582960741921e+01 9.097751773627659588e+01 1.074102887227663388e+02 1.179710370090489562e+02 9.831668189692521764e+01 1.019233228759028549e+02 9.084333372356155678e+01 7.113340270977391810e+01 9.084333352651556481e+01 9.657491273534913034e+01 9.683083425848683135e+01 7.715097049398306694e+01 6.572767170555574978e+01 7.970593907079178564e+01 9.938109776895274194e+01
8.327803937379974286e+01 7.171816777491403627e+01 5.887562545338471409e+01 3.915206572657185546e+01 3.782754216679177972e+01 5.717921189603391241e+01 6.796940762786584855e+01 6.489713301179807559e+01 4.995691856642390150e+01 5.256133330430883177e+01 5.527036319544865961e+01 5.845080746735462895e+01 6.177870656888875800e+01 6.573248754515483938e+01 7.716217693909014486e+01 9.688121780909258973e+01 1.073550542130700762e+02 1.172030759950606296e+02 1.127363231991724746e+02 9.319994896628625725e+01 8.189350430475683140e+01 8.822991589401144097e+01 6.860731695089251048e+01 8.822991589401144097e+01 9.611573742346359950e+01 1.042556252866217648e+02 1.019233231412180487e+02 8.228138383626948382e+01 8.735907725451890826e+01 6.763912026305848713e+01 8.735907535200061602e+01 7.690417037210582407e+01 9.082792417058523426e+01 8.186446483142732689e+01 6.214932490210214411e+01 8.186446483333301671e+01 8.476124215171233800e+01
7.936636283615291632e+01 7.898135794248538843e+01 5.887561793322859671e+01 5.534295688626114895e+01 3.613682430248275779e+01 5.534296392427354050e+01 7.174481330351451902e+01 7.713400242253135275e+01 6.946529559672768528e+01 6.629832242737349191e+01 6.330563475322704647e+01 7.819701341230960168e+01 8.154363699505387331e+01 7.237129025794185111e+01 9.222909797761606399e+01 1.050510878866255950e+02 1.093849491165467498e+02 1.011620722098534770e+02 1.093849620360104637e+02 1.095913735714400872e+02 9.099986812538622871e+01 7.138476878796629421e+01 6.594740650106572843e+01 8.219615181073767474e+01 7.647358512528036556e+01 9.606416249168074728e+01 9.586130003032207014e+01 9.056327004857544694e+01 7.089536961098261258e+01 6.431790215797396115e+01 8.099759811726154624e+01 6.302365541567429830e+01 7.790732405639595015e+01 7.373582705365420509e+01 5.878491247685369103e+01 7.843249948814334971e+01 7.393016138185549835e+01
7.713237554395057316e+01 7.171029316817877941e+01 5.983133935988927021e+01 5.171704857128033694e+01 3.475943807842718769e+01 4.407055277304736762e+01 5.781865287303090639e+01 7.753432238159396661e+01 8.385326637006923534e+01 8.515129377309715153e+01 8.264045969827090232e+01 7.711456115143391798e+01 9.602460118879308482e+01 8.670478268912836484e+01 8.859908890712425489e+01 1.083807860352167012e+02 9.949513267637526326e+01 8.141234411994932429e+01 9.949513274200465673e+01 1.069726891095458257e+02 8.741005852731201742e+01 9.099986812538622871e+01 8.219615181073767474e+01 6.261386870330954935e+01 8.114496161456787604e+01 8.939452475358939409e+01 7.591214755635505185e+01 9.001222627138649557e+01 8.073920798881177063e+01 6.107461200107487542e+01 7.284462464055525288e+01 5.335141818422108884e+01 5.672751182653173174e+01 5.420658499427176480e+01 7.373582783077743841e+01 7.347222295377254397e+01 6.535591333524709512e+01
6.041637607932981524e+01 5.793848366220716883e+01 4.416694789440767011e+01 3.286431900047551835e+01 3.575906505496902099e+01 5.485824007340549002e+01 6.325800074035691267e+01 6.710080074533884442e+01 6.540746965924952860e+01 7.918824972738883616e+01 9.155430238985080393e+01 9.601813546863594695e+01 1.017857883869411495e+02 1.076527450346195138e+02 1.083807860353260963e+02 1.040024881940172179e+02 9.128720802130605705e+01 7.154394352627424780e+01 9.128720802130605705e+01 9.962350814900003115e+01 1.069726891097104158e+02 9.379741790502684751e+01 7.421223962577452937e+01 6.040305234038746818e+01 7.689694353361358026e+01 7.458730688651388618e+01 6.200354273845995579e+01 8.092892352160133385e+01 8.890153283528668737e+01 7.668441160905051390e+01 5.710455298090940346e+01 6.930232905622889916e+01 4.976293440256782930e+01 6.930090835418891970e+01 7.136577981037413565e+01 6.388563508165550076e+01 4.579513341134393301e+01
4.118635746221132621e+01 4.802592235623355066e+01 3.115439198606787485e+01 4.984571848893894952e+01 5.485811931781078243e+01 4.026000746358426596e+01 4.376557967933054272e+01 4.753984706846485153e+01 5.177738357836944516e+01 6.306916463064519007e+01 8.309758998479108527e+01 9.514526221553535379e+01 1.052081680697781678e+02 1.093600101919022904e+02 9.943513695676791997e+01 8.423015412008371072e+01 8.423015408076220467e+01 6.500049704553119057e+01 8.470611978730026692e+01 7.987725475533470387e+01 9.386016165732912953e+01 9.593864825486838299e+01 7.635492543540802046e+01 7.689694350980222737e+01 5.740499082340435422e+01 5.531611593776337799e+01 5.330981451742495381e+01 7.005643431173851354e+01 7.816823886004686983e+01 8.484349001504662624e+01 7.092120012050422417e+01 6.736766983743125081e+01 4.778696035287584465e+01 6.465539262580455215e+01 6.105019886183697508e+01 4.420214189123895210e+01 6.388563462238879254e+01
2.811962248206634385e+01 2.941562253553682282e+01 4.802592235623355066e+01 4.628151823460083136e+01 6.570443798707476901e+01 5.136316512135413603e+01 6.325800081065942493e+01 5.878597105302020509e+01 7.143887813655118180e+01 5.942759998342520333e+01 6.682186975706338217e+01 7.668543764464385504e+01 9.691747146098867915e+01 1.011023259031670136e+02 8.133448893237063260e+01 7.146631398638983512e+01 6.452666178258714069e+01 5.913182823229465157e+01 7.321127076575349690e+01 6.597636679880851318e+01 8.566079847006005821e+01 1.040728010385497413e+02 9.070418127201514835e+01 7.082657223595579410e+01 5.969314463902601631e+01 7.483369304445845671e+01 7.005643399765466484e+01 5.053719649483306853e+01 6.742441428446258556e+01 7.553345379316414210e+01 9.059803595108104446e+01 7.550548745801252437e+01 6.466532430289514366e+01 4.510937744613345046e+01 6.201766907234556214e+01 4.302996815372961237e+01 6.284668920004380510e+01
3.873647067522510667e+01 3.065433840567433421e+01 5.059684651151999901e+01 6.398150809990946186e+01 7.386120190426917986e+01 7.093058245488573732e+01 7.912651911900503876e+01 7.845765278346843274e+01 8.671056233866407581e+01 7.076156623571013426e+01 7.929550092580855392e+01 9.523732466825026677e+01 1.056036585329062234e+02 1.093763985896009814e+02 9.943513699165602304e+01 9.121338841300637057e+01 8.423015408076219046e+01 7.321127076637206699e+01 5.366605998960364587e+01 6.489389349138355101e+01 7.879025089700994045e+01 9.853385749246264425e+01 9.884288885553344528e+01 9.023120431972958500e+01 9.037155579205264644e+01 7.364064674223311613e+01 6.204788190357575672e+01 6.742441428446267082e+01 4.776471282747800018e+01 6.485398213632511499e+01 7.296598861453684037e+01 8.601389650270638754e+01 7.210862295741875982e+01 6.183010338678978002e+01 4.264438751518380855e+01 4.186942861645088243e+01 6.183874210091757107e+01
5.601446218899682350e+01 4.060087842778487754e+01 3.554614585959058104e+01 5.583875008688218600e+01 6.583078596172475727e+01 7.071621901085721618e+01 7.614333857959465490e+01 8.269314407941385525e+01 9.099628989997978579e+01 9.076101776918925168e+01 9.923660360694881888e+01 1.085761614383597191e+02 1.106249250645427651e+02 9.820280750454585927e+01 8.938052321174768622e+01 8.224845631881657937e+01 7.627298669432883571e+01 6.995358227765453307e+01 5.044429131624900009e+01 6.419643510520890572e+01 8.385256503987579890e+01 9.182616868999765813e+01 8.368155340029088052e+01 9.182616868999765813e+01 1.008085814508985152e+02 8.947913865143955547e+01 8.136287607115524168e+01 6.383693428844402007e+01 6.485398213632511499e+01 4.487458795137574441e+01 6.229584315146700391e+01 7.039393635280113415e+01 5.971682556074517834e+01 5.990715992997693462e+01 4.086204107356028459e+01 6.079982173868686601e+01 4.325932581891808582e+01
6.059273531178534711e+01 6.059277775294728485e+01 4.752824243968895956e+01 4.176482172407929738e+01 4.625778784623569351e+01 5.119245817546444499e+01 5.659818457073258458e+01 6.307946351983105870e+01 7.281015929459729819e+01 8.677690547422176337e+01 1.073007666686499562e+02 1.163738897229432183e+02 1.013988952669978971e+02 8.084741908392550158e+01 6.941295857498884914e+01 6.249523287073515831e+01 5.663842060112904875e+01 5.145656049671170251e+01 4.736617467804656201e+01 6.686876210088338723e+01 8.333827798969574019e+01 8.202308974570701139e+01 6.409887429793785429e+01 8.202308974570701139e+01 9.399276142929078048e+01 8.589650130485284762e+01 9.151117159803698087e+01 8.338686937112332487e+01 7.296598159284856422e+01 6.229583891898929693e+01 4.197425043153278068e+01 5.974416627424818671e+01 5.838065371922478874e+01 3.996358218804979856e+01 5.992020850179941505e+01 6.869252819224672635e+01 6.284507880294577120e+01
8.019745500494859414e+01 7.533258232739284210e+01 6.719111465130407623e+01 5.582547814550433429e+01 5.756662788566937650e+01 7.071621901085721618e+01 7.037338592360943323e+01 8.269314407941385525e+01 9.099628989997978579e+01 1.011417338372294665e+02 1.107022266462839752e+02 9.692456912130788282e+01 1.043843942943995415e+02 9.804813869651502500e+01 8.938052318410382213e+01 8.224845631878562813e+01 7.627298669432882150e+01 6.385932654796641117e+01 4.433989134655384845e+01 5.558528197183365194e+01 7.516188163100873965e+01 7.389021384911430346e+01 5.429901528042026371e+01 7.389021383050557290e+01 8.271458334902621345e+01 6.636698183658018024e+01 7.698061472350138956e+01 7.435619468665588272e+01 7.071754352929426091e+01 7.014246538676304965e+01 5.968199491527592215e+01 3.958534140437931370e+01 3.909973277800644098e+01 5.902502408410354207e+01 5.632533123747233361e+01 7.602708887773297874e+01 7.289883092824294408e+01
6.272368544162755910e+01 7.111081103703617146e+01 8.031627239294022047e+01 7.538749203736146853e+01 7.711748642189023428e+01 8.531243394910208622e+01 9.009807405237687306e+01 9.254080313036457994e+01 8.761957100148097766e+01 9.613941971293435529e+01 1.027540842886902368e+02 8.264251279116621163e+01 8.416418248943853087e+01 9.838186162172399918e+01 9.278120583864149751e+01 8.141811670712733928e+01 7.325345732064586457e+01 6.137926357254606557e+01 4.185097129141841066e+01 6.137926357254606557e+01 7.840132795066412541e+01 6.735981432339373498e+01 4.778789026605393531e+01 6.735981432339373498e+01 7.462112797697929523e+01 5.510623506241311986e+01 5.744875627818587560e+01 5.371388183450109466e+01 5.134712407244164467e+01 6.389780255780221552e+01 4.984368029268014055e+01 3.825717758250143419e+01 5.813062861261675351e+01 5.326816952967094920e+01 7.292400573836077626e+01 8.429699469233437981e+01 8.221149816278636990e+01
