LEM/sinusoidal_perturbations/elevation_000443.asc
nrows	100
cellsize	150.0
xllcorner	0
ncols	100
yllcorner	0
NODATA_value	-9999
[rows 0 to 16 of 100, columns 0 to 36 of 100]
8.271705653423140972e-03 2.000827170565306901e+01 2.817277887127536928e+01 4.817277887199244901e+01 5.202920212653046406e+01 4.369697374297022208e+01 4.345050656000103118e+01 4.345224888363919291e+01 5.175009298714856953e+01 5.100627943191084057e+01 4.272383912988250643e+01 4.588712393422355262e+01 4.917599682803383132e+01 5.260663022578749093e+01 3.795163403210495545e+01 4.180284099907620998e+01 4.580421507062135333e+01 6.579955103589105647e+01 7.629856770214865946e+01 8.114785571429379729e+01 8.649181804229468185e+01 9.252101190143983445e+01 9.959123986606813617e+01 1.078693799292487654e+02 1.194114470870681117e+02 1.122295371768556436e+02 1.039303929984647397e+02 1.041648386589929629e+02 1.041648386589930197e+02 1.124652552066937403e+02 1.105294262593376118e+02 1.021957336663990930e+02 1.053644545010060369e+02 1.136892566889380731e+02 1.173458904491486408e+02 1.147406820387603830e+02 1.230388037136048354e+02
7.813061968023241044e-03 8.172778871245355958e+00 2.231491449497655921e+01 4.231491449550759398e+01 4.354444610483381695e+01 2.353121345148904453e+01 2.344927993144992229e+01 2.344929219890212124e+01 4.345175231692498130e+01 3.840857122806175283e+01 2.271660774832456298e+01 2.588075419635166696e+01 2.917056402288876882e+01 3.260277191465360858e+01 4.674955633336380600e+01 6.180048384370478232e+01 6.579955103698165431e+01 5.183416794126725335e+01 5.630505756396833306e+01 6.115372903318267106e+01 6.649654192308835832e+01 7.252443808234069422e+01 7.959361531277441770e+01 9.113927197347474873e+01 1.111368427193211659e+02 1.005734978126603920e+02 8.367818831278260916e+01 8.390737479914294283e+01 8.390737479914295704e+01 1.041648386589930197e+02 9.879233463294990258e+01 8.177954071039458483e+01 8.499989215708636436e+01 1.019768726643150671e+02 9.715969060591991990e+01 9.453009063897856379e+01 1.114001703375638783e+02
2.526786264046545528e-03 2.000252678626369018e+01 3.645705015046273445e+01 3.811458846668591605e+01 3.523439348645734981e+01 2.540613427355281573e+01 9.407325907806354692e+00 2.930673698074010147e+01 3.423679861595908847e+01 1.840004365714007761e+01 3.840896599929635613e+01 4.588712392302443277e+01 4.917599682737092337e+01 5.260663022578749093e+01 6.088870095522949555e+01 7.502784557611445848e+01 7.807813270290047569e+01 7.182788292539953545e+01 7.629856770263492649e+01 8.114785571429379729e+01 8.649181804229468185e+01 9.252101190143983445e+01 9.959123986606813617e+01 1.078693799292487654e+02 1.065326765365215635e+02 8.631663598175326513e+01 7.170078438380124908e+01 6.923809503376092778e+01 8.984064859405168590e+01 1.022792802212513834e+02 8.960413901106529977e+01 6.973670888060729567e+01 7.300594699159591983e+01 9.281546155939122400e+01 8.268203177959038896e+01 8.268203177959038896e+01 1.030720916536147058e+02
4.163169627051843593e-04 2.000041631696235100e+01 2.353425730740144317e+01 1.819123208557457616e+01 2.534362893417580764e+01 7.534124810463539212e+00 2.730598408702406132e+01 1.140310904413636450e+01 1.423066848157790787e+01 3.423682478169575205e+01 3.737452839649424874e+01 3.921639699968910264e+01 4.722964880727364800e+01 5.733894491490236334e+01 6.651544906767352927e+01 6.529654050899094386e+01 5.799733955441756450e+01 7.217942029383600300e+01 7.471762502840458353e+01 7.972311812413322230e+01 7.144118329115580934e+01 7.972311819697181079e+01 8.866622779854118619e+01 1.002090215207862940e+02 1.124010298340155884e+02 9.223777717149710043e+01 8.255654592792193114e+01 6.173367389759214774e+01 7.580071414236003591e+01 8.424674488194285971e+01 7.325948914113234878e+01 6.025102445151491537e+01 6.356331436290313519e+01 8.287407175944719029e+01 7.066094175270504252e+01 8.533873167438375162e+01 1.056913825357449355e+02
5.883922493566802643e-03 6.755502737949749203e+00 8.077952619712496229e+00 4.451210140497549261e+00 5.712002973821533658e+00 2.534363061403315598e+01 3.558503976374076672e+01 3.137880753187022265e+01 1.380826812137194359e+01 1.554505823374880080e+01 1.736508566061039716e+01 1.920858129067527997e+01 2.915484376770353947e+01 3.828490974003161540e+01 4.801589177495579008e+01 4.481025359829536114e+01 4.344670235477031639e+01 5.664383865034741206e+01 5.463545467852507187e+01 6.456306827795314973e+01 5.138820440658223987e+01 6.038563209306074242e+01 7.193506669508496998e+01 9.192856197381118477e+01 1.072748566605437190e+02 9.687086581382142469e+01 7.644756291434919149e+01 6.433154562151992195e+01 5.481132671426828296e+01 7.019106439134721143e+01 6.836131603982089189e+01 5.219165002527547159e+01 5.695652012604853809e+01 6.200362750753058805e+01 7.686450571199380022e+01 9.738244761518642179e+01 9.202883977989192488e+01
1.256007409845548732e-03 1.314369786972462872e+00 2.625573232307460980e+00 2.350866434832535035e+01 1.586132801125768310e+01 1.323192052390259299e+01 3.310077080785665515e+01 4.209864003500572949e+01 3.381380397381717984e+01 2.187491323195629889e+01 3.737452839649424874e+01 3.921639713953579331e+01 2.188282003967889366e+01 2.405201032607990541e+01 2.669072989739792945e+01 2.948856868519974839e+01 3.251002995130592410e+01 3.577646327602280962e+01 4.002049921370322494e+01 4.433465785365614664e+01 6.456306827795982883e+01 6.144169577279273398e+01 6.900458009139514104e+01 7.899928096066629735e+01 9.899502533841112495e+01 1.051918307514602304e+02 9.345703254632432788e+01 8.424674488193979016e+01 6.411248713575736247e+01 4.916518018524914879e+01 4.731691171174681187e+01 6.836131603969818116e+01 7.795486087366042227e+01 8.287407175944719029e+01 9.130010215717676658e+01 8.589428814138621249e+01 7.137978307552944557e+01
9.594114293757748102e-03 1.588524932337071327e+01 3.067872345331387862e+01 3.948169862108682082e+01 2.855621418791860222e+01 3.310077080785668358e+01 2.207795502085986428e+01 4.201841608666633476e+01 4.855078370244799402e+01 2.854568079004430459e+01 4.855078370241069052e+01 4.584696636799869651e+01 2.588287268399929530e+01 3.162136705262438596e+01 3.023199689369970500e+01 4.951963037755141528e+01 5.366278502544399487e+01 5.664383865034741206e+01 4.307684639410727812e+01 6.342733477846724810e+01 5.720196142689907504e+01 7.722976076174107618e+01 8.899715314953867562e+01 9.727793100087522760e+01 1.072748566605437190e+02 9.526470239282602392e+01 8.685323227184882455e+01 9.325546031257374580e+01 7.868397372416714575e+01 6.503390355590866534e+01 4.409765521810012956e+01 5.342548264247356116e+01 6.835649254392635044e+01 8.907674286212443349e+01 9.202883977989192488e+01 7.137978307552944557e+01 5.651482081873143670e+01
7.711341127313004785e-03 2.000771134112695648e+01 3.535556878222947574e+01 4.429984069226313892e+01 4.770701075563544435e+01 4.907645518109814020e+01 2.911330595888833273e+01 4.907645518109814020e+01 5.683369868791707091e+01 3.749449755140894069e+01 5.186192698155600311e+01 3.191255949908287803e+01 4.584696636858294028e+01 4.656016088214737891e+01 4.383244699341025097e+01 3.675434217956486549e+01 5.631842480403800266e+01 6.846008419985088267e+01 4.832908651431629465e+01 6.846008419985088267e+01 7.722976076174107618e+01 7.722976076174107618e+01 9.722578577277153045e+01 1.005254827488964366e+02 9.026333577787400486e+01 8.182322658087863942e+01 6.605937549405459208e+01 7.969354714207219104e+01 6.568648880997656647e+01 5.948143222633121496e+01 4.187878602566321717e+01 6.269315983202665876e+01 7.442531335000789738e+01 9.503891299827255068e+01 8.860989298501837652e+01 7.663545757065713815e+01 6.535366544341340500e+01
2.297228869525369630e-04 7.071297534752457814e+00 1.601556944475177247e+01 3.015770506848297572e+01 5.015770506848367916e+01 5.736983473822837709e+01 4.061957970819747743e+01 5.736983473822837709e+01 5.749550709331093401e+01 5.163859761388074077e+01 5.787032079815796948e+01 3.794273291579780505e+01 4.133592680281115861e+01 6.124907512276425336e+01 6.355141779993378037e+01 5.631842480403800266e+01 4.400655743576157874e+01 6.379942590396254332e+01 6.846008419985088267e+01 5.661314396652976200e+01 7.663326396349221170e+01 9.491162624108885382e+01 1.049083672389507598e+02 9.214670526383254412e+01 7.149974789792480578e+01 6.089722722933920096e+01 5.379919020524437911e+01 6.473539952889619542e+01 4.071576224700933722e+01 3.886630508742818080e+01 5.948143222629615678e+01 6.269315983040829110e+01 8.349624891840491614e+01 7.961746696534419243e+01 8.015093858970369922e+01 5.927863626192110047e+01 4.717698174821566681e+01
9.647730019007896146e-03 2.000964773001865282e+01 3.535556878221970578e+01 4.429984069222420828e+01 5.653981760123328115e+01 5.845148369291223389e+01 6.062876191372193801e+01 6.892580132124707859e+01 7.749187427950464269e+01 7.163533739214302898e+01 6.450264750165267458e+01 4.460566739116853796e+01 6.124907512276425336e+01 5.284716405378156168e+01 7.272629908333225046e+01 7.207006076535166983e+01 5.278339983192463336e+01 5.537201396117848873e+01 7.531148470596194500e+01 7.077674800322340332e+01 6.663569215467329343e+01 7.663331384153566717e+01 9.662835770308683436e+01 1.005254827488964366e+02 9.026333577787400486e+01 8.182322658087863942e+01 6.659191279826171694e+01 4.593949497168446072e+01 4.491858057665236004e+01 3.680964593549665409e+01 5.456047022084047882e+01 6.312474390414676151e+01 7.344452994897822862e+01 5.884638612350792641e+01 7.344453079612762281e+01 7.663545757065713815e+01 5.707390001040901240e+01
3.582433992925927561e-03 2.000358243399256963e+01 2.974905292548735858e+01 2.825554635393822522e+01 3.896412323093338870e+01 3.845148369291294443e+01 5.063390338951843006e+01 5.891817463692358103e+01 6.786244654694063172e+01 8.073414828268246879e+01 6.085470094612765735e+01 5.610587347556725746e+01 7.274991906891422389e+01 6.432200331071187804e+01 8.098283739721765073e+01 8.098966498117898993e+01 6.426776486123793575e+01 6.686637336471689252e+01 8.359000900045344906e+01 9.077214422302780861e+01 8.663083577231125787e+01 9.491162624108885382e+01 1.049083672389507598e+02 1.121883421527404181e+02 1.038714423178522850e+02 8.738127045697454776e+01 6.659191279822390186e+01 6.659191279783938455e+01 6.241337900814377804e+01 5.456041772464862305e+01 3.425965528536943339e+01 5.216799622548924731e+01 6.071932001389102140e+01 4.408525120721652968e+01 6.416031029338850544e+01 6.022721903166001312e+01 5.168112779119528000e+01
1.813270376062421294e-03 2.000181327037570611e+01 9.749052925487713850e+00 1.411341073020752468e+01 1.896412323093409924e+01 2.430934806918249436e+01 3.063390338951914060e+01 3.957817529951798008e+01 5.372031092324843371e+01 7.372031092324701262e+01 8.073414828268246879e+01 7.597285413112267349e+01 8.423261197944762557e+01 8.420678060964972644e+01 9.247711265474045206e+01 9.252606956989518494e+01 8.424604174145943603e+01 8.684772133589072496e+01 9.512761091795675839e+01 1.082140390385734889e+02 1.000786265093267957e+02 1.026289407728905161e+02 1.107632907921820760e+02 1.038714423178522850e+02 8.347346971018124862e+01 8.944789756451062601e+01 8.643653277064147744e+01 7.450282998330015971e+01 6.007849920018959722e+01 3.943192430723688346e+01 5.216799623815506237e+01 3.200652539056407875e+01 4.983215094260980749e+01 3.508814370968735830e+01 5.519017017987064122e+01 4.880228174982025280e+01 3.152920550156992263e+01
2.372884694381488524e-03 3.851374679291879044e+00 1.799351030302257826e+01 3.411341073020681591e+01 3.896412323093338870e+01 4.430934806918178026e+01 5.063390338951843006e+01 5.891817463692358103e+01 6.786244654691456901e+01 7.657866752584409653e+01 6.844628422845417504e+01 7.099319157620315934e+01 7.912595123160538435e+01 8.596099206227887635e+01 7.778805624899059978e+01 7.778805624899059978e+01 8.596099206227887635e+01 9.736400965240613914e+01 1.041710229728929704e+02 9.601775848089276622e+01 8.020487948135746592e+01 8.279540526346904983e+01 1.026289407728905161e+02 1.078108275320228415e+02 8.944789756451062601e+01 6.875285377341651838e+01 7.804043594585849064e+01 5.715494843259280344e+01 4.509262213122332952e+01 6.007849920018202283e+01 6.071931996387598218e+01 4.983215094260554423e+01 2.976765842119723970e+01 2.819394430937454032e+01 4.386407831388710576e+01 2.875674788159786033e+01 4.277631938265412259e+01
8.175220331382775790e-03 2.000817522033102591e+01 3.213564592677840182e+01 4.627778155036957486e+01 5.470892325750759255e+01 5.321034474028252959e+01 5.321072790435544420e+01 6.137037532584214716e+01 6.745617743821900092e+01 6.519833800378498267e+01 4.870266709222553914e+01 5.127072477603208256e+01 7.099319157620315934e+01 7.187167459350223453e+01 5.787244807876943753e+01 5.787244807876943753e+01 6.943243502861326988e+01 8.920204710042656870e+01 9.601775848089276622e+01 7.602889447015623148e+01 6.844146826694580454e+01 8.860451331927436058e+01 1.041711945695735722e+02 9.947895990904036978e+01 7.900631057083060682e+01 6.692370124969302481e+01 5.745019324061196642e+01 5.200315105996060083e+01 6.598370977454706576e+01 7.453384673569584606e+01 7.044644712978397649e+01 4.982939173623183393e+01 4.983214826058252100e+01 4.600997335384167286e+01 2.601230676436002298e+01 4.314677819563682704e+01 5.626068146309411588e+01
9.124702163186202558e-03 1.415126032589426153e+01 3.415126032589496674e+01 4.350520973932993485e+01 3.488427178596047895e+01 3.334443436837783281e+01 3.334444031311142709e+01 5.321072786690720591e+01 4.769026003410064618e+01 4.769026003410064618e+01 3.719801865792555162e+01 5.031630087580598598e+01 5.393505330520763152e+01 5.190543846534631456e+01 4.627023371321575951e+01 6.628977451083829919e+01 8.005830272316308083e+01 8.976846747669212334e+01 9.677614656063649079e+01 8.188349828646082074e+01 6.156766508565412011e+01 7.602889447213040341e+01 9.200025808884038270e+01 1.001749802880513016e+02 9.605143272497875273e+01 8.684043527141075458e+01 7.838593135443102256e+01 7.299218260982009099e+01 8.147150354082978652e+01 7.343659190969988515e+01 6.867881085951577802e+01 6.298783873357646002e+01 5.146006896250110429e+01 4.310705816531744006e+01 2.480224796413001798e+01 4.479362778817164070e+01 6.312780885087293825e+01
2.239863785106879172e-03 2.000223986378475161e+01 2.372417233889283494e+01 2.367991056049844190e+01 2.076508249508024662e+01 1.921916190322978579e+01 3.916314094381278466e+01 4.807485261797626208e+01 3.987985597851861996e+01 2.777755843645565292e+01 4.536512371235723151e+01 3.035227187822280115e+01 3.394405346624694175e+01 3.772353962250985404e+01 4.480226336022337108e+01 5.237247996356195046e+01 6.230397410205643638e+01 8.172587891128489446e+01 8.859344328237037303e+01 6.843712109956092604e+01 5.658646159821528698e+01 7.695618499433633986e+01 7.192731442172429013e+01 8.619707554427061780e+01 1.060103789522869420e+02 9.097093624755676444e+01 8.062308039371835378e+01 7.211360391226047284e+01 6.472566890072420165e+01 5.263556729487501684e+01 4.794941791901543837e+01 5.464190743404137152e+01 3.451532342404198062e+01 2.311933455707522000e+01 4.310443403280157781e+01 3.466845341348810194e+01 4.475239679837803664e+01
1.766589122093755728e-03 1.858719970892614537e+00 3.723729587373246108e+00 2.350878181566540448e+01 9.219803489487492953e+00 2.919135857677457935e+01 3.431793126789735737e+01 3.650835382478261693e+01 1.993378029797295525e+01 2.265542383324742204e+01 2.542889011114122511e+01 4.536511744325888884e+01 5.393505102569535836e+01 5.775341363251133231e+01 5.040960207809157367e+01 7.049799331633373356e+01 8.005830272316308083e+01 8.976846747669212334e+01 8.839849208330136321e+01 7.261334537614524720e+01 5.225479985271054062e+01 5.901150039586775620e+01 7.930501391564590108e+01 7.938564330541605329e+01 8.762070491819611107e+01 8.252001169308097417e+01 6.170738408903410033e+01 5.121572748662881480e+01 4.394950081477307435e+01 3.819118303650180479e+01 3.370839003434433323e+01 4.789318080398199129e+01 4.192905739043737867e+01 2.194746896221064958e+01 4.192924639366011519e+01 5.513378663781153932e+01 6.367153571762202802e+01
