LEM/sinusoidal_perturbations/elevation_000694.asc
nrows	100
cellsize	150.0
xllcorner	0
ncols	100
yllcorner	0
NODATA_value	-9999
[rows 34 to 50 of 100, columns 0 to 36 of 100]
2.064481644892168701e-03 1.154906986543730696e+01 3.154906986543695169e+01 4.684267692768511893e+01 5.512694817514731938e+01 6.758381312099750460e+01 6.499615072845357133e+01 5.671588496757654241e+01 6.499615072845357133e+01 6.848934447554198357e+01 5.979882766625841128e+01 3.989656890966371350e+01 5.979882766625834023e+01 6.328186588604248897e+01 4.643839985974127416e+01 4.336014555519770397e+01 5.085345182210083692e+01 6.502643952003387540e+01 8.504957855089517693e+01 8.259705803063468466e+01 9.088451400305882544e+01 9.103502294456608013e+01 9.932416304495733073e+01 1.039528696967995387e+02 9.243249087836325373e+01 7.294264726327115511e+01 7.075372747613801039e+01 7.105376019370790175e+01 7.932334350418634017e+01 7.462801560198018080e+01 5.858003631645137688e+01 3.863223072330323049e+01 4.672729106293871126e+01 5.672178148050106472e+01 7.090715046853752312e+01 9.100124921469736705e+01 9.821889476481308634e+01
2.905961989428186391e-03 2.000290596198907167e+01 3.051274530912995786e+01 2.684267692768441549e+01 4.586808436845810633e+01 4.758381312099609062e+01 5.499961634213979522e+01 3.672168171674562132e+01 5.499961634213979522e+01 4.849159165433047747e+01 5.379807086124424842e+01 3.387234267154811107e+01 5.379807086842323827e+01 5.495304385556825366e+01 3.507975851663676536e+01 5.495304385560267235e+01 7.089108118901013711e+01 7.917966847973346489e+01 7.933313157085910916e+01 6.258952122045553779e+01 7.933313157086679723e+01 7.102655787734967419e+01 8.777171411106013466e+01 9.585103985506613355e+01 1.011728297171073478e+02 9.293150332747657671e+01 9.075016445338459903e+01 8.815682104915464379e+01 7.981536163031432807e+01 7.249553837626282871e+01 6.027930759007374917e+01 4.031386508049197914e+01 6.027956919685205150e+01 6.342386324971739953e+01 8.351132567233162263e+01 8.179981445448741795e+01 7.810971036177703297e+01
3.542675937824442140e-03 5.167520470881068917e+00 1.051274530912960259e+01 1.758381312099520244e+01 2.758381312099538007e+01 4.758381312099608351e+01 4.671878334216111028e+01 2.672728089875099400e+01 4.671878334113991116e+01 3.435457908480869804e+01 4.847269600060423755e+01 2.853359723999277620e+01 4.142316003065727159e+01 4.966413303191276185e+01 3.058838347840789496e+01 4.443036735677554816e+01 6.453830792998535060e+01 6.778215990866762297e+01 5.949490985777773489e+01 5.103914366277379600e+01 6.793188461825423019e+01 5.947578592368995487e+01 7.948313025193745318e+01 7.584143667382134879e+01 9.585103985506613355e+01 1.056514661689046335e+02 8.551605691824082101e+01 7.132484662446459822e+01 5.973465367025275441e+01 6.416833495958738354e+01 4.414954625495112595e+01 6.027963673476713069e+01 4.341392950850436705e+01 6.342389494240201486e+01 6.909791235502615336e+01 6.171633574394756039e+01 8.129714385764705753e+01
3.411803931810562015e-03 2.000341180393145635e+01 3.051274530912995786e+01 3.758381312099590588e+01 4.586808436845609549e+01 4.147160678950503154e+01 4.005494793182048596e+01 2.006582881746928848e+01 3.153193943762182627e+01 2.281582772556292582e+01 3.415361473168357520e+01 3.550581236945613028e+01 2.147209357398416429e+01 4.039980053809769345e+01 2.638563870487668694e+01 4.605555736327101357e+01 6.278108752096269995e+01 5.449444303210855622e+01 3.949310123355878233e+01 4.366066166016385353e+01 4.792514678914056958e+01 5.347418876853993908e+01 5.950585745374561242e+01 7.365262193540128521e+01 9.366132510257236277e+01 1.016308196963183974e+02 9.001587268009291165e+01 8.167042531000765848e+01 6.822177663391862268e+01 4.815879048848393751e+01 6.416844600935667131e+01 7.175186980308278351e+01 6.342381103651047169e+01 4.664663087414427878e+01 4.902148289073046072e+01 6.909791235520403063e+01 6.122093086970484421e+01
3.327314952832964925e-03 1.414898728421355223e+01 3.417970716216416349e+01 3.419024540805675372e+01 2.613944930074126916e+01 2.147721933326055677e+01 2.853596045795404734e+01 2.975093179395848964e+01 1.153990056780377138e+01 1.282273141544600747e+01 1.416845261998870242e+01 1.552259235276244986e+01 1.688897501045160254e+01 2.072641440559431558e+01 4.041083959421325034e+01 5.410744559267781284e+01 5.032559144181472277e+01 3.450131684613644012e+01 4.052292016510923389e+01 6.052534163317474736e+01 6.793188461825315017e+01 7.348074935604687141e+01 7.951326727185913512e+01 7.365262239321933180e+01 9.366211743343235696e+01 9.326695832384675100e+01 7.318112605302856366e+01 6.159669654714545572e+01 5.523950902331462487e+01 6.822177663262669967e+01 5.393518367047492035e+01 7.401939192313169258e+01 6.669830369023435424e+01 6.081588586795979978e+01 6.909783393156010334e+01 5.264197826321250062e+01 7.273635900020822476e+01
6.779948344387334673e-03 2.000677993970266400e+01 3.259744114038557683e+01 2.402368026981653770e+01 6.144720890423770676e+00 7.339939493808636861e+00 8.543776227408066859e+00 9.767484185490909354e+00 2.976967413378630667e+01 1.753463519210882282e+01 3.415361452663965736e+01 2.965107058074428537e+01 3.687108754952678424e+01 1.908228861021477840e+01 3.688203514373966385e+01 4.875369505968994588e+01 3.034148331757954864e+01 5.032559144181472277e+01 6.052534163317024252e+01 5.052218592416360110e+01 5.946887538242996385e+01 7.101989031288874799e+01 9.102287108011491057e+01 9.366084480008724711e+01 1.019562143367681273e+02 9.808712649422017194e+01 7.798074525902013931e+01 8.167042531000765848e+01 6.422585853718143767e+01 7.830023099986499346e+01 5.822057518368874440e+01 7.830023100037742267e+01 8.679298404562963754e+01 8.089977672541606069e+01 6.905026397408909133e+01 7.273644755040398024e+01 5.693057147580674382e+01
9.516927588586143695e-04 2.000095169275850182e+01 2.279465539250239559e+01 4.463401639123265596e+00 2.445853507279832684e+01 2.733343983157783441e+01 1.479555195442492455e+01 1.462536022447338802e+01 3.783513329377505841e+01 2.238058996633839115e+01 4.236940605715610531e+01 4.964040996897507796e+01 4.728062955885418006e+01 3.320228570404672297e+01 2.130871244779662632e+01 4.128340192756201787e+01 2.749135565613623555e+01 4.161345976931983870e+01 6.161243046012254609e+01 7.052824639775992921e+01 7.880779265702663849e+01 8.774886299343953056e+01 9.928238456055230188e+01 9.655006076538504090e+01 8.825752651829544959e+01 9.655170596555032603e+01 9.808697410832908758e+01 8.430307804478962908e+01 7.841125638623972804e+01 8.365223291369603942e+01 6.359918520889503668e+01 7.092079414672184612e+01 9.099846500512715863e+01 9.748953244817531072e+01 8.913804197064865775e+01 8.068379035196208804e+01 6.061284090401497338e+01
1.945935296826602993e-03 2.000194593529624854e+01 2.796736038331138374e+00 2.279465541485202351e+01 3.274327901615545500e+01 3.432023196621651095e+01 3.432105915072246205e+01 2.397204121462725013e+01 4.423735789579147593e+01 4.236940607107458590e+01 2.993287840278611611e+01 4.406904544046271610e+01 6.134705272646309027e+01 4.953409430562710014e+01 3.542846731694451989e+01 2.357713753839060544e+01 4.355244536587249371e+01 4.868376714539838446e+01 5.696668349461610603e+01 6.594596531191680810e+01 7.423369152348401201e+01 8.567360074007352466e+01 7.987785569974192867e+01 8.654218306180888476e+01 6.824812921825100887e+01 8.654218306180888476e+01 9.810583576406220629e+01 1.044533264804550470e+02 9.856020573124187933e+01 8.945208430005175160e+01 6.939463747056531417e+01 8.945208430005175160e+01 8.730352373085663942e+01 1.074390683051802284e+02 1.028676888278900776e+02 8.447303093698633347e+01 6.442212326681672607e+01
5.600688922766023682e-03 1.141524357330200523e+00 2.114075367175220421e+01 3.107840165943937194e+01 4.803853235628977814e+01 5.430326053126619712e+01 5.256797001691933957e+01 3.843335092782848506e+01 4.062235210854601064e+01 5.595518872495344453e+01 3.595914236344422221e+01 5.595518872495344453e+01 7.235096073749340917e+01 6.370440773140470725e+01 4.907426586730588269e+01 2.933609781492282309e+01 2.656943740009913668e+01 2.870874587683127999e+01 4.868492279467567840e+01 4.594840961012526748e+01 6.594596531191680810e+01 6.565864671678409081e+01 5.980014204870077776e+01 6.930738262710448794e+01 5.825068465409692209e+01 6.979591148887426755e+01 8.980542738745614884e+01 1.063415252544656369e+02 1.095875872737106107e+02 8.945181671520586519e+01 7.695875767032286774e+01 9.704380226223275940e+01 1.074390683051802284e+02 1.087559778207243966e+02 8.860649611099634626e+01 7.443789366740689672e+01 6.929086166784695422e+01
8.215197286175309616e-03 1.997856223252157903e+01 8.212431463424811895e+00 1.975877197020926701e+01 3.975680427082796342e+01 5.096253984077533516e+01 5.924344475358098094e+01 5.843895214488106404e+01 5.477227817636074292e+01 6.423936593468069134e+01 4.750295936640546302e+01 5.009778136901564238e+01 7.009622082882248151e+01 6.518975749626262939e+01 4.545237467754770933e+01 3.684488896169215622e+01 4.654324916699465575e+01 4.868492279467567840e+01 3.182376821973414494e+01 5.180555806802428975e+01 5.763311677881872441e+01 6.085534398865975447e+01 4.565936518234081376e+01 4.931099948794219756e+01 6.930738262710363529e+01 8.172523954963611459e+01 7.805377426992278345e+01 9.806057994669927780e+01 1.115742151068536714e+02 1.054059002642410832e+02 9.113897992320856645e+01 9.704400609403089106e+01 1.172180477501252085e+02 1.109663720064544918e+02 9.080917028929992796e+01 9.450813736092393924e+01 8.083676462327119339e+01
2.613274238814250559e-03 2.000261327423845970e+01 2.821093501308876128e+01 1.673997418528076153e+01 2.340620321873826626e+01 3.096509739585062704e+01 4.510630249080210064e+01 6.510074747555650276e+01 7.475378035794219045e+01 7.578577849234353891e+01 6.750114874734255466e+01 7.009622091453279324e+01 7.838093888589177993e+01 7.348850847033439493e+01 6.476212098780175097e+01 4.666161332581610566e+01 6.476212098780175097e+01 6.009105048845241726e+01 4.594840961012526037e+01 3.512532590337815463e+01 3.763934321944333306e+01 4.087950501748749588e+01 6.082165843391577198e+01 6.929145772610112886e+01 5.637840254275339191e+01 6.171950879474089646e+01 7.171961536309645169e+01 8.327563061448887538e+01 1.032819960177043868e+02 1.081807290664369958e+02 1.113006152671149067e+02 1.089436700303758272e+02 1.006372469432157857e+02 1.089458776396075734e+02 1.109663720064544918e+02 1.092836446821898591e+02 1.009412162686384278e+02
7.532853315450405325e-03 1.414966847704652508e+01 3.414966847704722852e+01 3.673821257320613398e+01 4.340421704515727441e+01 5.096253984077533516e+01 5.924344475358098094e+01 6.358736260678426078e+01 6.598246814217417011e+01 5.756754960173643099e+01 6.155753500217151952e+01 6.167985003201606276e+01 6.996887623224915842e+01 8.381897040725328907e+01 7.466161734563348773e+01 6.634852628487782056e+01 7.466161734563348773e+01 7.423369077279791384e+01 6.177963516033364044e+01 4.178313126626028406e+01 5.763311677881872441e+01 4.366472113577982839e+01 6.366387810627840338e+01 7.869917256976746955e+01 7.637848078528661233e+01 8.172523954963652670e+01 7.586478495108200093e+01 9.587362852313889050e+01 1.022776238785522480e+02 8.808978340492657821e+01 1.022776238785519496e+02 9.889006743505426300e+01 8.051131760893075295e+01 9.889006743505426300e+01 1.118818210928118759e+02 1.143899592220804493e+02 1.057200935911070445e+02
6.101047412966256744e-03 2.000610104741260997e+01 3.645607906626446493e+01 4.800308445005718028e+01 5.771851091729715222e+01 6.118220140439836996e+01 5.769688500010389731e+01 4.345948811010352131e+01 5.324334038955797865e+01 3.477833259735510296e+01 4.078500175715229403e+01 4.150871409639515974e+01 6.167985003201606276e+01 6.385367456436691924e+01 6.815653546467136437e+01 7.641749811308974927e+01 8.639766545355402627e+01 7.592430993913635007e+01 5.592071903238684882e+01 5.592071903238682040e+01 7.006708424454879491e+01 5.520855078904242674e+01 5.052290800271501325e+01 6.206648056187672324e+01 7.621457940161897682e+01 9.624761658765562800e+01 9.587362852313889050e+01 1.041593385718502134e+02 9.329077023447820238e+01 7.385869737091877596e+01 9.329077023447820238e+01 9.057409652228055563e+01 7.046032620327083862e+01 8.346303728325682414e+01 1.023833690314392015e+02 1.001755206916790968e+02 8.597193207929883840e+01
6.842009524227352091e-03 8.171807818801559264e+00 1.971881320259427994e+01 3.971881320259498693e+01 3.771261341340316164e+01 4.118200820818658059e+01 4.118200821313176618e+01 2.950400211818873331e+01 3.563709213242888296e+01 1.964766741587386534e+01 2.690207374420764097e+01 4.741670302770285161e+01 6.643305441399027700e+01 4.972304584844941644e+01 4.817722654019357265e+01 5.816948908998676870e+01 7.814358183810779224e+01 8.421344989605009346e+01 7.592430993913635007e+01 7.592430993793441019e+01 8.350863745273694860e+01 7.521407001893527422e+01 6.206648056187672324e+01 5.994733801404409235e+01 7.149558359195344792e+01 9.152325497789871633e+01 1.075194686925745913e+02 9.592295871614432201e+01 8.497832081301933727e+01 6.490258899500811651e+01 8.497832081301956464e+01 8.346273592233086447e+01 6.339501931773958887e+01 7.398245139385262803e+01 9.407580927600466225e+01 9.185733180682916554e+01 7.176079432329504471e+01
1.934550753332892102e-03 2.000193455075297777e+01 3.645607906626245409e+01 4.357147815622403186e+01 2.357003914759119922e+01 2.942787257375247734e+01 2.118197257168394643e+01 2.752111298303959686e+01 1.562714499432176041e+01 1.767148648798689337e+01 3.758372071897032640e+01 4.872929495273942990e+01 5.061425618432581075e+01 3.818451398769365568e+01 5.816688100252180504e+01 7.641749811308966400e+01 8.639766545355398364e+01 8.182001375183868674e+01 7.833789269139276712e+01 8.673905335350792711e+01 9.684072619248070168e+01 9.038629274727151142e+01 8.208212014564699643e+01 6.994731460256782896e+01 8.826349774746759635e+01 9.983164732493054316e+01 9.922335731534161596e+01 7.911393644678699388e+01 6.752577240527068625e+01 5.860257875615073431e+01 7.272410662617991761e+01 7.766965126587034263e+01 5.764847727160950797e+01 7.178426081348456478e+01 9.187824071588144648e+01 8.167668147072730278e+01 7.336423837170934803e+01
4.364784840791047053e-03 1.414650040857186575e+01 3.414650040857257096e+01 3.527997312878713387e+01 2.699415867025066262e+01 9.427856510202794027e+00 1.118197254881686753e+01 1.297802561340123439e+01 3.297990144267011203e+01 3.758372071897032640e+01 2.058634284375422396e+01 4.046663331993552504e+01 3.062957318719119471e+01 4.872791181801831328e+01 5.705820916833658885e+01 7.124893034109366852e+01 7.597636712156653971e+01 6.172085898309260443e+01 5.826366214477206285e+01 6.826888072941837038e+01 8.247028866919761469e+01 1.027391634769496704e+02 9.828095094371809637e+01 8.997323242139601973e+01 9.828095094371809637e+01 1.136138546173811790e+02 9.354597598395993430e+01 7.931446009929237562e+01 6.927774918610504074e+01 7.272410662617666333e+01 5.274014235556843033e+01 6.718155217504819632e+01 5.308872317426035181e+01 6.719800675322819927e+01 8.726831090680134650e+01 7.336423837170934803e+01 5.337639148707684456e+01
5.219006137575642711e-03 2.000521900613722082e+01 2.313471286561271967e+01 2.471585548584643988e+01 7.002500259839442798e+00 2.700250376557167087e+01 3.117916951116368196e+01 2.053805159398174141e+01 4.053955111411973178e+01 4.880324774217414330e+01 4.052325857404914444e+01 2.358239578105126455e+01 2.606298356400459326e+01 2.872834173044382311e+01 4.286748757743750105e+01 5.571631880215016253e+01 5.943142259034350161e+01 4.757989796195033705e+01 6.760776511874036032e+01 7.600141315844032874e+01 8.310446204079154597e+01 9.152073015441486348e+01 1.032117424929445093e+02 1.076085099898295567e+02 1.028901342612405614e+02 1.111639405977401509e+02 1.077195274213969043e+02 9.767681958391084152e+01 8.936909082551457573e+01 7.424800539420053269e+01 5.425574060572754576e+01 4.724690809011194403e+01 6.711576672895520801e+01 8.123940399860674688e+01 8.427572139584081867e+01 6.965251234782587630e+01 4.969566555226375471e+01
