LEM/sinusoidal_perturbations/elevation_000494.asc
nrows	100
cellsize	150.0
xllcorner	0
ncols	100
yllcorner	0
NODATA_value	-9999
[rows 34 to 50 of 100, columns 37 to 73 of 100]
5.304545812819961270e+01 3.533853607422646803e+01 5.485278146273299882e+01 6.838187986369095483e+01 6.278029776336675383e+01 8.190529534104008746e+01 7.072464864398443751e+01 7.637147932965102370e+01 7.433732617293323131e+01 7.433732617293323131e+01 9.353020021693504304e+01 1.117882315907354638e+02 9.513075170509162604e+01 1.117882315907354638e+02 9.698883837291656107e+01 7.691778592150723171e+01 9.406103778102045965e+01 8.676273379772021599e+01 1.009079852683613865e+02 1.162689091302462288e+02 9.813325586022173752e+01 8.188840907812570435e+01 6.211674179231877702e+01 4.844358401776401024e+01 6.481076059045621207e+01 7.010117291662679406e+01 6.255855109446527962e+01 6.312002942638552128e+01 4.436833151016002574e+01 6.394974980750072291e+01 6.001486643245593910e+01 7.964952097298109379e+01 7.204408508188343774e+01 6.380461269296798577e+01 7.888092217345209178e+01 6.795260595836187179e+01 7.931400018112988448e+01
5.625064784526117734e+01 3.676583167705420152e+01 5.625962584581205306e+01 4.921516168516692602e+01 6.295390402557998044e+01 6.537788763527645131e+01 5.735499734113967918e+01 7.051784155290752665e+01 6.103147606168383987e+01 7.995878882996203174e+01 9.148916894190467985e+01 9.970583175261897679e+01 1.150858828128872346e+02 1.232801532852779047e+02 1.052631547681859274e+02 8.850083258376302808e+01 1.052631547681859274e+02 1.068265468330036043e+02 1.103687171341249496e+02 9.623443522869803246e+01 8.985329715925315952e+01 6.991781227495518181e+01 7.017031556157103012e+01 5.070692840902329834e+01 6.180459689407108925e+01 8.159235741351770343e+01 7.788501088277821793e+01 5.818532103955588042e+01 6.371015972824697826e+01 4.524866466700161993e+01 6.476963455471745590e+01 6.621898735406740855e+01 4.765046912746385743e+01 7.089098131323804353e+01 5.926543999480519886e+01 7.307479556238978091e+01 9.289815178273357787e+01
6.425525525549242900e+01 5.625962584585383297e+01 3.881894872778636341e+01 4.116163387918842886e+01 4.363000938847820720e+01 4.613786859608002544e+01 4.870075754863751172e+01 5.146248924675109748e+01 5.455139291260603329e+01 7.351647888862751756e+01 7.228061806400303624e+01 9.148917061888737123e+01 9.945539148095552662e+01 1.077373179791349287e+02 1.168274464562646813e+02 1.085852494578201828e+02 1.150594689255619159e+02 1.068052043248527667e+02 1.003415140545719311e+02 8.200750395857863850e+01 8.565324744458469297e+01 7.357604191208751843e+01 5.401163353458076699e+01 6.436154817119430049e+01 7.840482712221303530e+01 8.984607693128508288e+01 8.615552764836421318e+01 7.787415963582395761e+01 6.703210900408883788e+01 4.653707716096249669e+01 4.613669923699303865e+01 4.676180060320083953e+01 4.739503552993480184e+01 5.209859495572123933e+01 7.146797129974351037e+01 7.886011064464139508e+01 8.681017589990713645e+01
7.184087887367614655e+01 5.265065968281267317e+01 5.827134475136033842e+01 4.151200551654823556e+01 6.089722836042129472e+01 6.536866621584506731e+01 5.981153345156186418e+01 7.051784155290752665e+01 7.351648607928972012e+01 5.902378204221299995e+01 7.790666782837655546e+01 8.709733794132290541e+01 7.991553880286478773e+01 9.360800946279717039e+01 1.135724742693761442e+02 1.209487847758152839e+02 1.009467414815490542e+02 8.670872361511811732e+01 9.205495036776768814e+01 7.201246760620375653e+01 7.737042877297940890e+01 5.765421629306869988e+01 6.124563338734798634e+01 8.106830908625806842e+01 9.247295162070726349e+01 9.598114518495205516e+01 8.445431874034079556e+01 7.150102458088647950e+01 5.177952822827867152e+01 6.703498511811345395e+01 6.562585562469209322e+01 6.622014314530343881e+01 6.679797718292059017e+01 4.829954602252519180e+01 6.767392220476449438e+01 6.053911650687130219e+01 7.673191706141703605e+01
7.989888645267726019e+01 7.184087887367614655e+01 6.276597186777020454e+01 4.343568525557085991e+01 6.276597186777020454e+01 7.796159791025047525e+01 7.883086961434754869e+01 8.693190361338525918e+01 8.599286493028142786e+01 6.982745783089708880e+01 6.415395589155684775e+01 6.811052746118731704e+01 8.709729075554864153e+01 9.468528459889476778e+01 1.146253093542082695e+02 1.267711809236234615e+02 1.068052043248527667e+02 9.606318353974718605e+01 7.596835245224507105e+01 8.134179270003983220e+01 6.148497306473787205e+01 7.737042877297940890e+01 7.106025855655146017e+01 8.935582722429421665e+01 1.013385542837881701e+02 8.768682979343878969e+01 6.774630150816852847e+01 5.662503058763688557e+01 7.150102458062416133e+01 7.975031189581217461e+01 8.255427729233139189e+01 7.090814995011065491e+01 5.145131214176958423e+01 5.182436135922755227e+01 4.922088080807071009e+01 4.985951849427270588e+01 6.918532486319514874e+01
8.672959897566018128e+01 6.754306841247093018e+01 6.464982510191991594e+01 4.538841928522558788e+01 5.086062746703872506e+01 6.996324999988577531e+01 8.706063876964226722e+01 9.571746243891978168e+01 9.714533871319277125e+01 8.894307412179908567e+01 7.342515632748023791e+01 8.709734283734883320e+01 7.533964082696770959e+01 8.886188113873272698e+01 1.087445146370813376e+02 1.209828043162853248e+02 1.094267178604234232e+02 9.215868274006916749e+01 7.208191529922385143e+01 6.660336356553142423e+01 6.711837383362718867e+01 8.706530587961266576e+01 8.519836776310962989e+01 9.936200598147688368e+01 9.304628531115707801e+01 7.299357605560416573e+01 6.165816844784990991e+01 7.617416042100543905e+01 8.445431901237100192e+01 8.615062653122170389e+01 7.427796647684168363e+01 5.462872676558072271e+01 7.090814995010171629e+01 6.721575251522415329e+01 6.855773790998111394e+01 6.918574813836210069e+01 5.073836473888872689e+01
8.103898655427876463e+01 6.195824164269990320e+01 4.838290868272915191e+01 6.465119009635691327e+01 6.994547232986607810e+01 5.991138731939231121e+01 6.832890706218871912e+01 8.172187773402119149e+01 1.013446977653915866e+02 1.009173270911260829e+02 9.267352395348784455e+01 1.009173270911260829e+02 8.886188113873303962e+01 8.630233234310982482e+01 1.061368116066316389e+02 1.127436868673119648e+02 9.267628907593605447e+01 8.103519995413657284e+01 9.215868274006916749e+01 7.470073981530620699e+01 7.337854349842997692e+01 9.339377677648587905e+01 1.052670872666351727e+02 1.060700817467523933e+02 9.779436085603745710e+01 8.554620701821463058e+01 6.557088494695696568e+01 8.554620701821463058e+01 9.202287219244833238e+01 7.199834998912469075e+01 5.806221187751992119e+01 7.427796611351232059e+01 7.061208256776711778e+01 8.810497134910760053e+01 8.629616637565865744e+01 6.643159308536780827e+01 7.007575484100794938e+01
8.675472573505801677e+01 6.754588268635005477e+01 6.754426951724795458e+01 5.150085942048469434e+01 7.053226171193016114e+01 7.889388905881652647e+01 8.706063876964226722e+01 9.571746243891978168e+01 1.044191018729144531e+02 1.095830823707585324e+02 1.061107653745581842e+02 1.144249415462728621e+02 1.087445146442463226e+02 9.764536020805361716e+01 1.144437390556219469e+02 1.153330574550859211e+02 9.528617276707092287e+01 1.011577693505257685e+02 8.891033044092263538e+01 9.479051455443071461e+01 8.045306301747434929e+01 1.004801850080292240e+02 1.120216336123413186e+02 9.194482930863594561e+01 7.769912774250026644e+01 7.215505258348686368e+01 7.966215048267001464e+01 9.384761727264542230e+01 9.291464468319119874e+01 8.049738567319181470e+01 6.061119874695710763e+01 8.049738592476769838e+01 9.058928044667676716e+01 9.886765646568856880e+01 9.454789257577499484e+01 8.014216360500793712e+01 6.078029209309001857e+01
9.277237150838408297e+01 8.583885220877061784e+01 7.121663931072342280e+01 5.371878721987079075e+01 7.270620084528833615e+01 7.932930186474720813e+01 8.256235713948645127e+01 8.595875230699810743e+01 8.467620270331867971e+01 8.962402494243903561e+01 8.620761581178257416e+01 9.759106826377585264e+01 1.177488880604357462e+02 1.177363499321657798e+02 1.260329061616365180e+02 1.235672629537759093e+02 1.153330574550859211e+02 1.172341228492035015e+02 1.031344311287198963e+02 1.086991872213024664e+02 9.051613370002151271e+01 1.086991872213024664e+02 1.085684835936349657e+02 8.846962007694283159e+01 9.781048715678005578e+01 8.218520875249517132e+01 9.975157441942327807e+01 9.882289176664241381e+01 7.873661066913111028e+01 6.463586724479544898e+01 6.941860918436762518e+01 8.049738589815027012e+01 1.005440836282372317e+02 1.067558870293546960e+02 8.893335040040065564e+01 7.614167863713493034e+01 7.247622790846176599e+01
7.326539903609086934e+01 6.665226452197175888e+01 6.070593711050972274e+01 7.270617250802597198e+01 5.728321428685374173e+01 6.047307936341398005e+01 6.371075524786384392e+01 6.704842462310769236e+01 7.136086633717972916e+01 7.607514140146226111e+01 9.547208443432599267e+01 1.144249415462728621e+02 1.260385961901298799e+02 1.253714507271674279e+02 1.336928574935654694e+02 1.209079438978876482e+02 1.125769360526670795e+02 1.209079438898122874e+02 1.231147628192258026e+02 1.186438294086716922e+02 1.104448963255842528e+02 1.186438294086716922e+02 1.048985557136639244e+02 1.027081345382109987e+02 1.106047609688016138e+02 1.023059421752064679e+02 1.106086867455397567e+02 1.007021537944420260e+02 8.767613721782103653e+01 6.763402994361794640e+01 8.767613709205787131e+01 8.357850628349819999e+01 1.036602211724072333e+02 1.066421390345745408e+02 8.628903027055687858e+01 8.629228716025272661e+01 7.319115050749981322e+01
9.277237150838408297e+01 7.614312356720569142e+01 7.971540579466569909e+01 8.332891659589692779e+01 6.441308008846976918e+01 6.417542823641237248e+01 8.256193333291643910e+01 8.595875230699810743e+01 7.527377233280544999e+01 9.454587685667209485e+01 8.962554122806913881e+01 1.096150004426023656e+02 1.220438663108770214e+02 1.051587730777983296e+02 1.220438663108770214e+02 1.109040795476618229e+02 9.261274263189399392e+01 1.109040795134935991e+02 1.115494097126685062e+02 1.115494097126768906e+02 1.198710257618543551e+02 1.331472593271864753e+02 1.248977900523201612e+02 1.227166177634797464e+02 1.240753773192237475e+02 1.140852082126107661e+02 1.058347205768522201e+02 9.241480557103068350e+01 7.231033615653379343e+01 8.767613721782103653e+01 8.399010334197454597e+01 1.036602211726617639e+02 1.119183444286610722e+02 1.049228823516072140e+02 8.100909451943410033e+01 6.623095984003894898e+01 5.997055438031573260e+01
1.038069155587449757e+02 9.558073214699683717e+01 9.703578682170841319e+01 7.765145190221750227e+01 8.326473821473172165e+01 6.913729209287046729e+01 8.819280274128148278e+01 1.015873754069288424e+02 8.187155063258161647e+01 1.015791069305206520e+02 1.096073102303505493e+02 1.179508024028356914e+02 1.137016558452609871e+02 9.350516118547969313e+01 1.137016558452609871e+02 1.025948393422788882e+02 8.281771268374608042e+01 1.025948393422753782e+02 9.162768243047480610e+01 9.162768243047480610e+01 1.115494097126770754e+02 1.190433579073720267e+02 1.273696997518863725e+02 1.299297798696472057e+02 1.100187125063904148e+02 9.581891203727818151e+01 8.571188245560006180e+01 7.808802978764330760e+01 7.988906879924958560e+01 9.241480557103120930e+01 1.040771071399514653e+02 1.123353280074863676e+02 1.187612686944217444e+02 1.096714711634863733e+02 8.719621468418360166e+01 8.641974173106956414e+01 7.921759137545203089e+01
1.020045393826546558e+02 1.042046784989404955e+02 1.052186622757318304e+02 9.703579064544875621e+01 9.637877882412134056e+01 7.844001808988902269e+01 7.910107010388824733e+01 9.863312551249391902e+01 1.015873754069288424e+02 9.569411935166844785e+01 1.158149541020757596e+02 1.204752458799045627e+02 1.065611166801963918e+02 8.640000531020554320e+01 1.065611166801963918e+02 9.600246378943359105e+01 7.629895148333584132e+01 8.760085791266958211e+01 7.773909456685451858e+01 9.746262125848261348e+01 1.061566059774272048e+02 9.899999155255980554e+01 1.102271075270776777e+02 1.185519199371754411e+02 1.197188249599586953e+02 9.972015649798318293e+01 8.545257718100488376e+01 9.822900267090895454e+01 8.891794684926549053e+01 1.082935782720579709e+02 1.207095822715089923e+02 1.128674212294231296e+02 9.875920399525989524e+01 1.109563707150925893e+02 1.001668248800348664e+02 8.111298051838561207e+01 8.141422140551382824e+01
9.098172427826952458e+01 8.403017892503429209e+01 9.105145391339455330e+01 9.937668917603625118e+01 1.062174321369651580e+02 9.209760697920552275e+01 9.278218100397896251e+01 9.496459979348107083e+01 1.149561930703778216e+02 1.158149541020757596e+02 1.241330125364346486e+02 1.121338263781612028e+02 9.195281301920503836e+01 8.032267415701674906e+01 9.312105362865331415e+01 1.014701903268120162e+02 8.760085791172059544e+01 6.789005405604851262e+01 8.168348762052590928e+01 7.804714118214592133e+01 9.786337379930364477e+01 8.754853196080627242e+01 9.027293094970787024e+01 1.070070710269955754e+02 1.185520104740714231e+02 1.113741182406316028e+02 9.129449360804387936e+01 1.113741182406316028e+02 1.005645396776056231e+02 1.172543291412518869e+02 1.161803439715367432e+02 9.615321056454298798e+01 8.446889934948124790e+01 9.454328622721919828e+01 8.260535972681610417e+01 8.141422104765199208e+01 6.145578639001446675e+01
8.284158206678414160e+01 6.962683796832874350e+01 7.075022988068552365e+01 8.514475450928705413e+01 1.053114877236521068e+02 1.120638610193612834e+02 1.127585550976432245e+02 1.149561930703778216e+02 1.127008385789615090e+02 1.127008385789615090e+02 1.209564617918037897e+02 1.058275503259048662e+02 9.748482172613668695e+01 9.312105362864259916e+01 7.289948797499707212e+01 9.312105362865331415e+01 9.181870282522226034e+01 8.077472683893844874e+01 6.188476074757909373e+01 8.138444467809000571e+01 8.495769963577025408e+01 7.766311497115877671e+01 7.888179030396243263e+01 9.027293094972134213e+01 1.102271094596305545e+02 1.180422321060055708e+02 9.803788258361065289e+01 1.180422321060055708e+02 1.205518429054622089e+02 1.287685806540637543e+02 1.243985208788674015e+02 1.128674212294231296e+02 9.454328622869680032e+01 7.446809913089779798e+01 6.869219042842827605e+01 6.580429540579143577e+01 8.141422129395078855e+01
6.855096409586127493e+01 5.768235644708485665e+01 7.606610905178601456e+01 8.330478903140118518e+01 9.171245782229632937e+01 1.008104127784006749e+02 1.125317249345185360e+02 1.068953699567792484e+02 9.283427812175386862e+01 9.283427812175386862e+01 1.127008385789615090e+02 9.417349372674964059e+01 7.727311193353318686e+01 8.248880869387824077e+01 6.833292142103894662e+01 8.859937408528325875e+01 8.112931050968074942e+01 6.606132727829700002e+01 5.811751265311280434e+01 6.153493461722313640e+01 6.511496234597407806e+01 7.043911867608464661e+01 8.442869563485675144e+01 9.503714511456989555e+01 1.150335746778834505e+02 1.262598402344425921e+02 1.080881261121643746e+02 1.262598402344425921e+02 1.310789964609943468e+02 1.211334338788476543e+02 1.129127251126675020e+02 1.053294120788175832e+02 9.385191905336574791e+01 7.379091267244491803e+01 8.849038957398786920e+01 7.960476846866568224e+01 9.375200761396682481e+01
4.781686483954103295e+01 6.683953326179590704e+01 5.543485838581441527e+01 6.283071022970035102e+01 7.204015306749330705e+01 8.382049103614818364e+01 1.041625835509524336e+02 9.865305896081750348e+01 7.883716161756966301e+01 8.931175536967941753e+01 9.754263384370931078e+01 8.513695369417092706e+01 6.559899516436084355e+01 6.228637959168587201e+01 8.248880869393363469e+01 8.832429437107505521e+01 6.853699784109483062e+01 5.457323311801642518e+01 7.433256282455943165e+01 8.139383878580390785e+01 8.495769963461020780e+01 7.447934390050302511e+01 9.430235818651658519e+01 1.126252427315437785e+02 1.233582939047848015e+02 1.361973521992358940e+02 1.279962358659103501e+02 1.361973521992358940e+02 1.228767527425451220e+02 1.029486974827897257e+02 9.284916471114576098e+01 8.515726702928233749e+01 7.975233712751975190e+01 8.534044181123070416e+01 1.021379748051750909e+02 9.963399535048812083e+01 9.666259462197474761e+01
