LEM/sinusoidal_perturbations/elevation_000309.asc
nrows	100
cellsize	150.0
xllcorner	0
ncols	100
yllcorner	0
NODATA_value	-9999
[rows 68 to 84 of 100, columns 0 to 36 of 100]
5.009162696260268353e-03 2.000500916269590590e+01 2.440757097066578396e+01 2.079987539171350974e+01 3.013930260069497535e+01 1.530327061906539043e+01 2.944540644174020727e+01 4.688052606864221872e+01 5.291076444059321915e+01 5.957745014534093286e+01 6.786258881127514542e+01 7.786309444999457696e+01 7.273544562408346792e+01 5.274967586349016813e+01 5.860295566328614569e+01 5.896107684339838073e+01 3.757283249247230827e+01 2.379303738217432596e+01 1.449779114045264095e+01 3.498851001148179307e+01 4.366678466934678227e+01 5.282201419660754738e+01 4.288347489537439117e+01 5.410715982668519075e+01 6.075399797536023527e+01 6.835791543386915237e+01 7.678640781604904930e+01 8.139974971804161896e+01 7.411105182253531609e+01 8.826131089825985043e+01 9.198739850938689244e+01 7.808491545094308606e+01 7.711872768751294416e+01 8.071192317475414768e+01 7.853703964734279452e+01 5.893231007151496925e+01 4.487749068584361822e+01
4.695337527364121070e-03 2.000469533752700713e+01 3.829188539771669753e+01 4.079990235458814141e+01 4.358789292282257577e+01 2.685027600690117211e+01 2.133349751062077004e+01 2.688049947287315788e+01 3.291072636442864052e+01 3.957739303109765672e+01 4.957739304026311800e+01 6.957750725041871931e+01 7.371769259260777574e+01 5.860336366269916653e+01 3.843450826720888358e+01 4.782262101211210847e+01 4.201033283152886355e+01 1.737929771769300302e+01 1.492301323137158064e+01 2.936130527392905876e+01 4.846546170676552379e+01 6.113526059538522617e+01 6.331904552721393031e+01 6.904412342378138590e+01 6.904412343329592261e+01 7.726221727792560046e+01 7.557783898847809212e+01 6.150604588524506511e+01 6.002132988005731562e+01 7.995140268855111287e+01 9.152325584929897673e+01 9.766376153533580862e+01 9.669980963904870919e+01 8.120213197712674003e+01 6.163539082688889437e+01 5.176163277914222505e+01 6.467643241879812877e+01
7.614146464036155443e-03 1.000761414646412284e+01 2.414974977019532432e+01 4.414974977109390153e+01 5.513514149274224962e+01 4.685030776016984788e+01 4.133351673005076066e+01 3.202394718913934923e+01 4.616608376825551829e+01 5.957745014534093286e+01 6.786258881127514542e+01 7.786309444999457696e+01 6.549610371826128130e+01 4.542994378330584482e+01 3.524836587382199582e+01 2.762362394377741381e+01 2.297653486984447113e+01 2.125135842644517936e+01 1.535129806698689414e+01 3.437426983525791968e+01 3.374444940089495759e+01 5.489545701218745677e+01 6.316588980663143360e+01 4.906956233533674094e+01 4.906956233533725253e+01 6.904412343329592261e+01 6.733277683495441579e+01 4.737896188260142338e+01 6.101963721893131520e+01 8.091852786005939890e+01 7.170837970014657969e+01 8.571805588992303626e+01 1.008108417720175680e+02 8.120213197712674003e+01 7.834074107114798835e+01 5.876250748287257153e+01 6.568736332697531566e+01
2.352828262072654761e-03 1.414448845199314775e+01 3.414448845199385119e+01 3.911150734809634599e+01 4.618257515996194940e+01 5.446684640742414274e+01 6.030893693362580166e+01 4.616608376825551829e+01 6.030893693362580166e+01 7.445179009899597133e+01 7.178062470369233949e+01 8.006325322652273258e+01 7.371769260294205139e+01 6.371646309192152557e+01 5.546302375078234803e+01 4.782262101211241401e+01 4.292338281925017185e+01 3.871208979206556222e+01 3.545940486569703864e+01 1.596255486260964140e+01 3.656161870661275515e+01 4.518323023453780962e+01 4.588327515136457180e+01 3.471329881961089825e+01 4.906956233533725964e+01 6.904412343329575208e+01 6.101963721893131520e+01 4.096538848722916271e+01 6.101963721893131520e+01 7.579014849258602737e+01 5.763769331532673590e+01 7.579014849258602737e+01 8.890115745056806418e+01 9.432061553247467600e+01 7.474934624048339060e+01 7.008002689447657474e+01 8.525546710131185080e+01
6.786455232800275850e-03 2.000678645523244370e+01 3.016723543809667873e+01 1.911150734809564256e+01 2.618257515996124241e+01 3.772958054375416737e+01 5.772958054375487080e+01 6.616622146341343580e+01 7.063578349656877720e+01 6.235263768242476345e+01 5.178084403666114355e+01 6.851700802456231543e+01 7.851640526982988888e+01 7.766322542498357961e+01 6.771542531807340026e+01 5.949028304806614642e+01 5.279895482221939318e+01 4.152258553087851567e+01 2.103185926041863851e+01 3.456213479317346327e+01 1.658737775668071990e+01 3.569521303097336329e+01 2.555873288175997260e+01 4.451249134562566923e+01 5.273699767005102501e+01 6.187409191356674398e+01 5.583995622321808128e+01 3.562882779452162652e+01 5.583995622321808128e+01 6.757485793559420983e+01 4.762967962940886224e+01 6.757485793559420983e+01 6.906442841740134497e+01 8.873569226465991733e+01 9.432061553247467600e+01 8.962508526081772686e+01 9.778460959191670554e+01
3.257643153035955173e-03 5.003257643153056655e+00 1.016723543809632346e+01 3.016723543809667873e+01 4.618257515996194940e+01 5.446684640742414274e+01 6.601385179121807312e+01 6.356502608232417373e+01 5.528161093831883477e+01 4.235275383958988016e+01 4.023383892078078361e+01 5.023383887020273164e+01 7.023365303349410738e+01 6.945396832508644991e+01 4.952659777104575056e+01 3.941629837052588670e+01 3.256633927342827661e+01 2.632063502310452918e+01 4.152258553087851567e+01 4.495365880823362659e+01 3.122923085574833735e+01 1.722231122663985659e+01 3.782305079147120352e+01 2.178310055143892399e+01 3.284824463979852283e+01 5.351714653965905200e+01 5.104442980599281299e+01 3.070763896237156132e+01 4.918014781801431923e+01 5.383338321025438233e+01 4.086419976273834465e+01 4.913057090806798755e+01 6.067062375229970428e+01 8.053057882433454040e+01 9.082298657136500708e+01 8.395461768681718695e+01 9.212902525153104705e+01
1.880098487986705483e-03 2.000188009848763215e+01 3.016723543809596819e+01 3.845150668555722007e+01 4.419569306109252693e+01 4.665752195395462820e+01 4.919752473741966270e+01 5.201840086909387395e+01 3.528168605875492148e+01 3.080574850646999607e+01 4.494788313745371511e+01 6.494771873719821542e+01 7.851640526982988888e+01 7.766322542498357961e+01 6.771542531807340026e+01 5.949028304806614642e+01 5.134871069457285131e+01 3.107931193826060579e+01 5.134871069457285131e+01 5.930673414423289813e+01 4.228713233358430301e+01 2.368769262408532228e+01 1.786968371856814741e+01 1.833198162483724403e+01 3.876412046452021798e+01 4.571595003052508588e+01 4.301921472053547291e+01 2.608399970665759326e+01 2.875472826825826544e+01 3.355040037497304439e+01 5.383338321025438233e+01 6.095986991545913725e+01 6.480206521870739778e+01 6.905051327215264223e+01 7.305039071445844456e+01 6.502330072365506908e+01 7.834423712878677293e+01
2.900726248362994839e-03 2.000290072624800786e+01 3.855052120805696347e+01 3.833783624854272887e+01 2.419569235320730272e+01 2.665752217260896018e+01 2.919752471266902205e+01 3.770445381142712193e+01 2.373468069460489360e+01 4.373464892533034032e+01 5.908928498996846201e+01 6.900194329594204135e+01 7.728621599866387726e+01 8.912125171555882730e+01 7.439888966000913229e+01 5.450456863849009181e+01 4.288313799271821125e+01 3.759835361689111011e+01 5.770791114832537261e+01 5.636328226600141988e+01 3.647069936317117111e+01 4.229710200040919688e+01 3.845461593813980272e+01 2.202079053009831355e+01 1.899362126963195152e+01 2.573425465754811370e+01 2.286476960200324982e+01 4.328543001767252463e+01 4.918014781801431212e+01 3.361458945869527071e+01 3.720274577186269482e+01 4.091830765313029872e+01 4.483743278522173625e+01 4.912352556748235344e+01 5.370613500530835438e+01 6.125043202558498479e+01 7.534370771451331450e+01
5.081304048347549951e-03 2.000508130404799090e+01 1.855052126584802608e+01 2.667293970592119479e+01 1.005355672932908817e+01 1.251538654891576385e+01 1.505538908891959515e+01 1.770445380304972716e+01 2.129655984358528897e+01 4.129655985379667982e+01 5.267201159334089056e+01 4.900194319300617707e+01 6.083697741638271594e+01 8.066825558082169323e+01 8.260547526641332183e+01 7.113332817507892969e+01 6.291289806289033493e+01 4.479588317837471578e+01 6.476973373627403419e+01 6.461743775661891220e+01 5.636328226633098382e+01 5.801373055888257113e+01 4.449767699133209931e+01 2.390579344528336136e+01 3.937886232191807068e+01 1.966408489834738305e+01 3.900194468457520713e+01 5.021942643640694826e+01 6.183556097969233889e+01 5.390218577515998533e+01 5.151919505475270000e+01 5.512861732676049087e+01 5.639172409354369364e+01 6.905051327215264223e+01 6.780425076050349276e+01 7.361878952123485931e+01 7.534751018695398272e+01
4.469920835086939326e-03 2.199755120628889671e+00 4.408385642125811188e+00 6.672939710414993009e+00 2.667293575922193583e+01 3.251538652938407381e+01 2.919752471451289821e+01 3.184658942680341909e+01 4.129655985379667982e+01 2.664178468183387238e+01 3.267201157338935502e+01 4.083697738266690180e+01 5.238398276646360330e+01 7.238398284622630285e+01 8.274153001678915587e+01 8.097729140934811198e+01 6.112716827146721243e+01 5.895357298919391553e+01 7.298395358541897338e+01 7.526683154183749025e+01 5.536828392607779392e+01 4.975729354373365965e+01 2.931185546955587284e+01 4.449767697273528455e+01 4.096832293983065654e+01 2.014812658288912672e+01 2.796900899328721124e+01 3.966400205239672516e+01 5.325008205842721054e+01 7.174925004481322333e+01 7.146197018885916918e+01 7.503775900071867966e+01 7.629080485017409785e+01 8.450271959657341370e+01 8.765632785633619051e+01 9.345620692791517570e+01 9.518423881926884178e+01
2.324776005098761877e-03 2.000232477600474468e+01 2.440838563933452576e+01 2.081507533413999056e+01 2.300287141728561124e+01 4.300288028377264027e+01 4.919752810537913490e+01 5.184658945532795826e+01 5.492605644968826795e+01 4.664178469576980746e+01 3.420107414201868323e+01 4.023130103357416942e+01 4.689796770024106820e+01 5.445725716042587550e+01 6.600426254424264982e+01 8.600426272718624432e+01 8.097729140934811198e+01 7.881118789281684656e+01 7.565348310706426105e+01 6.746356519693745213e+01 5.536828392607778682e+01 3.513757039640066182e+01 4.971775816097608214e+01 5.535710340209620739e+01 4.125042609858325449e+01 2.063106344624518940e+01 4.090833445165532112e+01 4.416192686502868270e+01 5.725056939712602144e+01 7.405540391103058084e+01 7.180569434232424442e+01 7.313801613218680586e+01 8.136208673421418780e+01 8.326391529234169298e+01 9.148629617480440857e+01 1.004650068558790252e+02 1.086661320310108465e+02
8.699724428260374037e-03 1.415083534815933497e+01 3.415083534816003663e+01 4.081507531881750594e+01 4.300288293512867455e+01 4.637729079790553754e+01 4.848507810076194602e+01 4.848507810092113601e+01 5.677417495028903716e+01 6.248534609931174089e+01 5.420107416442256465e+01 6.023130106564867248e+01 6.689796774835264159e+01 7.445725723777123051e+01 8.274153001678915587e+01 9.428853651054281215e+01 9.695735057972450477e+01 8.555687019320208719e+01 6.746356519693745213e+01 4.752580303198205769e+01 4.165999473735540448e+01 5.536828392607778682e+01 6.359461644796224533e+01 4.734477358737341035e+01 2.697300515398789855e+01 2.111031557073361142e+01 4.147676370392017731e+01 4.885570943282739620e+01 5.820383622184460393e+01 6.585287121539714406e+01 5.179501133405130275e+01 5.314425522796083357e+01 6.915934784257913748e+01 6.331747020620984046e+01 8.326391529234169298e+01 8.062498305561840084e+01 1.004650068558790252e+02
2.249585233037712084e-03 1.414438520896411333e+01 3.414438520896482032e+01 3.845990308509117739e+01 3.017600330477500492e+01 2.637699763445204937e+01 2.847973313904754633e+01 2.847973313904754988e+01 4.848507810079978952e+01 6.248727764427641063e+01 5.963118563517357984e+01 5.993004675269437342e+01 6.821911080323430099e+01 7.374002226177475450e+01 7.420952682689852509e+01 8.249538878586763246e+01 8.878659478402268235e+01 6.903199081013713112e+01 5.754586153190965092e+01 5.440403589886649627e+01 6.170802902044962224e+01 6.991194445438111416e+01 7.219513037935688260e+01 5.562018437567711970e+01 4.616771400797561142e+01 2.727480820409431317e+01 2.178038172456597010e+01 3.323459442912351847e+01 4.948028757309625547e+01 5.244438517863681426e+01 3.747311297379414441e+01 4.150928230901668314e+01 4.914626810156990899e+01 6.915964871137273917e+01 6.650681937080041450e+01 8.643599148781230213e+01 9.592257569221956715e+01
2.739267172789772273e-04 2.000027392671692539e+01 3.559105685200373870e+01 2.730946742368097091e+01 1.019425403002166952e+01 1.225349897584945325e+01 1.435672122737521228e+01 3.433916301782851832e+01 3.417505849585734978e+01 4.271539890888846003e+01 3.960218265245591596e+01 3.989644039215146876e+01 5.371952302548780267e+01 5.371952302584583805e+01 5.419246563413551598e+01 7.420952682689852509e+01 8.729985770424940483e+01 8.555687019320208719e+01 7.159809497575125192e+01 6.848614547970278466e+01 7.427644252764039834e+01 7.548248935279791283e+01 5.619201170206366669e+01 4.461763624737339029e+01 3.691582069866367277e+01 4.702993635416785878e+01 4.183297310558829452e+01 2.244082764155568199e+01 4.306951380046869815e+01 3.210385430610445212e+01 5.244438517863681426e+01 6.159494216030113733e+01 4.914626809975987243e+01 5.493921278620013737e+01 6.650681937080041450e+01 8.643599148781230213e+01 8.758294060973429396e+01
8.327778614586212741e-03 2.000832777861423040e+01 2.455693896854446123e+01 7.325730309369959947e+00 2.730946741633430719e+01 3.223494740087746635e+01 3.433916301788904235e+01 1.749002410455883094e+01 2.004248285308195676e+01 2.270681260814358993e+01 2.544720412265219878e+01 2.832995576228611867e+01 3.367963898415867874e+01 4.001975537802691463e+01 4.898739757821721241e+01 5.900423390975148408e+01 7.315580965949571635e+01 9.315933473664689757e+01 9.134308569162546121e+01 8.825545619094015137e+01 9.403187581734619016e+01 8.323564912532981452e+01 7.219513037935689681e+01 6.434512685519439401e+01 5.689507004614365115e+01 5.188901966155607681e+01 2.569370299316908657e+01 2.290374619642571119e+01 4.335268014113400170e+01 2.847845944738997304e+01 4.882112507306444371e+01 6.436945003386654207e+01 6.915907045650686769e+01 7.492987860132912203e+01 8.315796578857548127e+01 9.464555754331460946e+01 8.789762704817076155e+01
6.510866554257996840e-03 2.000651086655390287e+01 4.566780699662537302e+00 2.455693896854446123e+01 2.133139077076764067e+01 4.071042013110401570e+01 4.202294101713462027e+01 2.205733726272347539e+01 3.417505846732648678e+01 4.271539440860843939e+01 3.960218265245573122e+01 4.836363872906085959e+01 3.358730320380175272e+01 5.364037164322755302e+01 6.429987688593122641e+01 6.947184997331606837e+01 7.524538838775272609e+01 8.190412781389542829e+01 9.018165727588996106e+01 1.001702502336169971e+02 9.066843212360879534e+01 7.917280053693995967e+01 7.093868118298570380e+01 6.491318217136267776e+01 6.043096108119977572e+01 4.764054883298465626e+01 2.708769214154287752e+01 4.334851575756019315e+01 2.356156569237998255e+01 4.401740216600595801e+01 4.037810529909296520e+01 5.390338375333470111e+01 6.534659793274258277e+01 5.900780680841203463e+01 6.726305319456284337e+01 7.721493965621044708e+01 7.959134060947776845e+01
8.953482861371391335e-03 1.857946627989335742e+00 2.185431942924663318e+01 3.283944744839073593e+01 4.071042013183446784e+01 4.591522337866905445e+01 3.773651662554403430e+01 2.720988194465879673e+01 4.728517039907377040e+01 6.248640079169722128e+01 5.963118563102518266e+01 6.193089259832488125e+01 4.517287437299285813e+01 3.950559011508352114e+01 4.424451267590774961e+01 4.944088433884181910e+01 5.524526464124281233e+01 6.192790953546742116e+01 7.191824297393317522e+01 9.189001265385748241e+01 8.245247512921145017e+01 6.250999902430046973e+01 5.095436178500405333e+01 4.487816189794229160e+01 5.215284677465233898e+01 3.172260604003268369e+01 4.763984588123155817e+01 5.177378671267519650e+01 3.768010835670403225e+01 2.422468773114493601e+01 3.959662758360488510e+01 2.891204124407459375e+01 4.892541701384789121e+01 3.937739525950724584e+01 4.906675406953237939e+01 6.894886571873179548e+01 7.874123868439055229e+01
