LEM/sinusoidal_perturbations/elevation_000827.asc
nrows	100
cellsize	150.0
xllcorner	0
ncols	100
yllcorner	0
NODATA_value	-9999
[rows 68 to 84 of 100, columns 37 to 73 of 100]
7.417843274011306676e+01 5.856542081057774851e+01 3.866734009286198415e+01 5.635414112843882606e+01 5.849536598533214260e+01 4.511927114220131330e+01 6.510933253235221230e+01 6.161995964589936392e+01 8.154537507961603637e+01 8.094161856755981432e+01 6.655983543347464604e+01 6.853834705965107332e+01 5.575670525286469825e+01 7.588997929234646733e+01 9.528758362929032444e+01 8.382254826952252813e+01 6.678612799870953154e+01 4.714988512223028749e+01 4.182127570279635620e+01 6.154251803154037503e+01 7.236918271265400904e+01 9.057125693527221699e+01 9.727977069377715225e+01 8.914348025230148664e+01 7.787481753527205797e+01 6.098461313372990844e+01 6.098463657613292099e+01 4.344480014855559347e+01 6.300113486906951721e+01 5.935717846462424063e+01 7.881454243613170263e+01 8.848462687326272658e+01 9.678507121962957171e+01 9.962383947852808319e+01 7.912623899320439591e+01 6.468185886684672425e+01 5.722255026101242947e+01
7.530861365617570868e+01 6.685488871816380652e+01 5.636438086578981199e+01 3.648983701232886290e+01 3.856480159197293034e+01 5.759449472572682538e+01 7.239992549640683706e+01 8.154537507961603637e+01 7.715983236282403368e+01 6.873034907514822578e+01 5.242181068707343172e+01 4.846171126533824491e+01 5.853590813386140468e+01 7.387446859318345105e+01 9.672948473141954651e+01 8.155281949538868957e+01 6.208091447131189256e+01 4.869161235995443349e+01 4.008948738773686671e+01 5.981925572133243918e+01 6.248947176148806193e+01 7.653317959795698755e+01 7.728358258564352923e+01 8.091062542619519604e+01 6.143619745863911419e+01 5.024218003524278942e+01 4.137888061122312422e+01 6.098462473059486655e+01 7.115128322331763400e+01 7.881408286176011302e+01 8.707196596519588638e+01 9.673297496018408026e+01 8.771946288691364657e+01 9.673297496018408026e+01 8.942953089144755552e+01 6.900805297489979750e+01 5.491465054146535607e+01
5.540260417129749726e+01 4.989451160786301642e+01 6.226896039969150110e+01 5.418940103782587414e+01 3.432899747556960790e+01 4.640720199818677116e+01 6.572613388471150131e+01 7.250387906532235149e+01 6.554850596604883606e+01 4.871800745413871425e+01 4.244319153726505078e+01 6.245226564361179555e+01 7.699195782819910505e+01 8.795343711661217867e+01 9.331954094234860975e+01 7.899700209632651138e+01 6.518347049099143931e+01 5.814485838006704199e+01 3.841657305730191752e+01 5.581783774204353676e+01 4.857327382447859065e+01 6.828592367988473200e+01 6.342321356984633951e+01 6.704137193242246440e+01 6.578658728829658742e+01 5.761920690969486714e+01 3.997039958129277437e+01 5.136308142131839105e+01 6.508022920942237022e+01 8.456454397680100499e+01 8.899471143622665181e+01 8.575621922247223949e+01 6.568602128996960232e+01 8.575621922248747353e+01 7.800882145294652048e+01 6.958638064224776087e+01 5.264635439392490213e+01
7.530861365617570868e+01 6.226896039969150110e+01 4.237681967237097780e+01 3.756621008584230026e+01 3.289796780938804943e+01 4.674657677264251276e+01 6.591191631208454282e+01 5.246270548658827693e+01 5.246270548658826982e+01 3.724607669905663698e+01 5.717621825313395334e+01 7.085834377888870961e+01 8.346314145852302602e+01 7.467786725963439665e+01 7.078292730134197086e+01 7.804099854847611084e+01 7.424214559582972583e+01 5.452420564484361165e+01 5.581837932502234878e+01 3.610519598441273104e+01 5.356483594507017898e+01 6.120227552136994120e+01 6.685088031709001655e+01 4.746913768250047383e+01 5.571521302159321465e+01 3.802082279523921926e+01 5.764369577402841571e+01 6.773324079831611755e+01 7.625483584933164138e+01 6.997767165559625369e+01 6.996556341533127465e+01 7.663893949083680468e+01 5.536363881120827557e+01 7.364031060921627159e+01 6.660877826358240839e+01 4.961226624240249095e+01 6.958609475312094617e+01
6.410465922779575010e+01 5.913238939322029353e+01 5.444593242478867268e+01 5.140153610403041995e+01 3.152831448366689315e+01 4.557275982500843980e+01 6.547349186623328876e+01 5.246270548658826272e+01 3.261869170269832097e+01 5.246270548658826982e+01 6.542218091642536137e+01 7.935747775887672617e+01 7.462404781750728944e+01 5.269144593901460638e+01 5.095018617978998066e+01 5.523433238664923550e+01 7.094983380098953774e+01 7.424199531248726203e+01 6.390249503034731759e+01 5.354102849090331517e+01 3.385460612390687629e+01 5.223626325461240327e+01 5.324723572316739251e+01 5.311552274909616500e+01 3.611048207695478141e+01 5.534916501825755830e+01 5.619331201036989398e+01 5.839113730571487082e+01 5.416981576066174853e+01 5.131079068032441626e+01 6.218536855803480989e+01 6.113728679755384121e+01 4.830792491626475282e+01 6.155670153925853327e+01 4.661608365249450259e+01 6.659206285374774836e+01 7.797861896309181873e+01
4.421571125157725390e+01 3.925017301804473391e+01 3.456363133851465363e+01 4.815854348141196795e+01 3.015990257279561604e+01 5.005562270627932264e+01 5.830115189333259451e+01 4.939018887253223511e+01 2.921074583418277015e+01 4.937857577044103152e+01 5.161333737147266731e+01 7.132639074317785344e+01 7.333208760591543296e+01 5.904398840146761529e+01 3.690226864603090462e+01 3.930629050842266992e+01 5.975518852528308855e+01 6.019012929879470875e+01 5.909574919704824936e+01 5.032090715722488738e+01 3.224950182684675326e+01 3.291354628980926833e+01 3.357652224092182536e+01 3.423330500486538597e+01 3.497337130854275955e+01 3.570425691445262828e+01 3.643258592643917382e+01 3.716288181673105839e+01 3.790015031338894858e+01 5.621130463374809949e+01 4.005273463894202024e+01 4.083242784278002091e+01 4.161860212213796473e+01 4.366341819917271749e+01 6.367887253592217434e+01 7.404765919676569297e+01 6.647999720698538795e+01
6.410465922779575010e+01 5.461754826218456316e+01 4.634977277621705838e+01 2.821871140693260926e+01 4.795421442237229570e+01 5.007184891245179159e+01 3.817622622631457574e+01 4.438117817030786938e+01 2.560455899128952240e+01 3.533349636328081544e+01 5.522141984164128559e+01 6.951887931486263028e+01 5.523799304143330602e+01 5.101651592600800456e+01 3.093185980594403972e+01 2.895855474599061807e+01 4.891668073341345746e+01 4.231585129777057119e+01 5.029998391281436199e+01 3.138196976719404319e+01 5.115181637593615704e+01 4.809930897951288387e+01 5.330100692147508568e+01 4.404697254052440769e+01 5.540099786609803090e+01 5.200159577138232692e+01 5.524185155268992986e+01 4.568454220615044648e+01 5.763658772695153942e+01 3.895840947140570165e+01 4.340840671806190443e+01 5.937887503794880928e+01 6.159802133370339305e+01 4.284801965271461199e+01 6.189314550922977531e+01 6.475738659141254061e+01 4.629866757925261567e+01
6.042399761871153885e+01 4.052013047101853971e+01 2.635800150260465813e+01 4.455801114757061754e+01 4.975482578101102860e+01 3.318116549308742691e+01 2.393833645310819946e+01 2.437694182622410111e+01 2.482276946876896062e+01 4.485637207962093953e+01 4.181894895140581525e+01 6.154760338606455150e+01 5.420078882400500930e+01 3.820894033749513596e+01 2.830725977150237682e+01 4.387254599977923419e+01 2.960688189878194265e+01 3.006343830431574915e+01 3.051815068667691477e+01 4.757694860876504350e+01 5.848915009289272149e+01 6.955590974547278904e+01 7.122303432523408162e+01 6.325847068917990157e+01 7.122433082415435024e+01 7.302945548135402021e+01 5.884107414983632367e+01 6.277919442484617463e+01 4.741120830305311529e+01 5.948654928047179880e+01 6.209156855528447494e+01 4.985611518928625685e+01 6.806506255345497891e+01 6.290419996389874058e+01 4.408910683118139673e+01 4.497325838951045540e+01 4.778589969059468956e+01
6.050725363676001223e+01 5.455488075028630135e+01 4.448774014885624695e+01 2.452038694963593102e+01 4.275260513429373077e+01 2.332066023708108204e+01 4.334073393473065750e+01 4.441611205423935615e+01 4.477473949642040907e+01 2.545650045506467052e+01 4.538120588653224985e+01 4.652616676054645950e+01 4.697664217362954275e+01 2.765481734014098336e+01 4.755138531247391143e+01 4.689423804118101913e+01 4.361935983600134392e+01 4.896207979340116623e+01 3.352161136344780346e+01 3.147731831894449783e+01 4.895748060491987275e+01 5.912563520623696434e+01 6.698644881046472221e+01 7.552800475193217267e+01 8.536710667755039594e+01 8.274858810026398714e+01 7.509138848883529249e+01 6.674066393469868785e+01 6.674452105363502596e+01 5.776706988815433164e+01 7.593263469155991174e+01 6.806839138177491577e+01 5.671511602619657566e+01 7.246178862322040004e+01 5.907767154324037051e+01 6.506224904236425743e+01 5.526078420709568206e+01
4.105301483089519365e+01 4.141729767808151763e+01 4.180290200907882081e+01 3.612438156961637503e+01 2.270799258331361870e+01 4.278145404439497668e+01 3.049409362502419540e+01 5.040779716891645990e+01 5.161001975412791154e+01 3.656038894174320575e+01 2.609406586361501823e+01 2.654663631458754480e+01 2.700154972917269092e+01 4.478846266608425708e+01 5.525044512123665896e+01 6.509345198390226983e+01 6.337640277872878869e+01 4.494865594675985676e+01 5.361914239081126254e+01 5.123214037190759740e+01 3.243510119590407470e+01 4.625388679402349368e+01 4.754574662762182413e+01 6.728490383248457363e+01 6.548616423942299036e+01 7.959570110152294831e+01 8.849253785751000123e+01 8.619574871690399220e+01 8.520324454917542312e+01 6.731605914515576217e+01 8.520325563526998280e+01 8.007654477060597742e+01 6.157886580645274677e+01 8.007654477060597742e+01 8.200947714159548241e+01 6.917757566681687820e+01 6.931576745553486774e+01
2.092376855003950098e+01 2.132243034270120674e+01 2.172170149165463471e+01 2.212963825134333717e+01 4.215765700773025060e+01 5.102702489771776584e+01 3.586219902919327751e+01 5.573858688504905956e+01 6.113756684642240913e+01 4.531702390927138424e+01 4.616657527269908456e+01 4.655179331074506166e+01 2.854836037866692422e+01 4.847042345360321747e+01 5.280995894710255101e+01 7.244016686652550163e+01 7.321940536179202752e+01 5.666184801103956659e+01 7.321964005577305556e+01 6.039700911997226029e+01 5.217190330967059708e+01 3.338734814656558569e+01 5.311426777853851178e+01 6.248460506422290450e+01 5.157685842811417132e+01 6.035826973788748262e+01 7.431003598241515817e+01 9.431246477792006999e+01 9.498608823932977430e+01 8.676968144931373672e+01 9.498608823932977430e+01 8.677872822990522650e+01 6.782209073859792170e+01 8.007654477060597742e+01 9.662258636962367575e+01 8.298173218057547729e+01 8.922615099349938816e+01
4.034918382781992818e+01 4.127930620914091975e+01 2.375033876685332501e+01 3.062266258549823306e+01 3.639007710866231804e+01 5.509705298209007651e+01 4.992812608427087895e+01 4.476679821636859913e+01 6.463329538683322539e+01 6.514672321956876999e+01 6.268254321060297940e+01 4.267804412661950408e+01 4.853530757727804712e+01 3.287186372744762508e+01 4.713950444557064401e+01 6.713673371844654980e+01 8.455996458586008657e+01 7.638931385419770947e+01 7.255582312052308680e+01 5.708429533293305980e+01 3.677819333934288437e+01 3.405670579164298317e+01 5.378394670580228620e+01 4.274455573109698037e+01 6.248460506422290450e+01 7.959570110152294831e+01 8.849253785751000123e+01 8.826933709237712833e+01 8.566305545740935656e+01 9.400670987783300347e+01 1.056135856768179764e+02 9.490256328072271685e+01 7.709203992199252298e+01 9.490256328072271685e+01 1.075811090866473734e+02 1.022282518322695637e+02 9.756207767791026697e+01
4.851030008769573243e+01 4.589170193131989350e+01 2.580734157299804465e+01 4.418221970776438212e+01 5.281261846236578350e+01 6.344673778855658242e+01 6.980090325776517091e+01 6.463329538683322539e+01 5.538129375664594534e+01 7.525766008683073949e+01 7.110371350798098433e+01 6.268254462611189837e+01 5.629546244230665764e+01 3.637875627158113900e+01 5.629491179409911439e+01 6.842493528810989289e+01 8.028744171102243854e+01 7.829571951998079271e+01 5.852935920246038393e+01 4.385332328582687467e+01 5.708429509277287650e+01 5.378393576293576928e+01 3.500469887420122461e+01 5.474191979310766243e+01 6.389814867268792398e+01 7.764579036672481038e+01 7.935652955415417864e+01 6.833969781840329460e+01 6.576854417852328538e+01 7.718266246144629861e+01 9.724748772397063590e+01 1.046434619567923647e+02 9.646541653781788739e+01 1.046434619567923647e+02 1.185271911755191496e+02 9.910685923109490147e+01 8.492717433602092569e+01
5.380669976019236600e+01 5.415325142188348195e+01 4.593874808497557183e+01 2.879857392040960562e+01 4.888170450501164055e+01 6.013185390240850126e+01 6.755930036219264423e+01 7.580094536184464005e+01 7.525766008502796467e+01 6.942734628161944954e+01 8.933328274826308757e+01 7.627741246247680351e+01 5.629471705508001378e+01 5.629392068526483683e+01 4.153082882877865245e+01 5.147737864206865765e+01 7.167723371954897971e+01 7.313499540093202711e+01 5.340744323195047372e+01 6.431879210008548853e+01 7.255571764594868966e+01 6.035822368659727033e+01 4.118875346724670550e+01 3.596315616240575963e+01 4.991995511228576987e+01 6.485927505826813899e+01 5.956545212604859785e+01 5.446639726112640290e+01 7.417695401514851028e+01 8.437205128330138848e+01 8.576037430471799894e+01 9.421368888744838443e+01 9.528695739410007093e+01 1.038177296201492368e+02 1.146960452465496303e+02 1.129311967768570923e+02 1.031067389948056103e+02
4.556760443085530454e+01 5.839122772680112661e+01 5.713427099259128994e+01 4.888170450501164055e+01 3.185362711960461723e+01 5.188446536736676507e+01 4.765238882733143555e+01 6.172911942583706946e+01 8.163460225598912245e+01 8.933328274826308757e+01 9.758281377858314443e+01 8.157527178637522525e+01 6.158348383258457659e+01 4.752273127341511838e+01 6.143545481677895026e+01 6.977843100467691784e+01 8.025863113614551025e+01 6.950027595278308468e+01 6.327815410273323948e+01 8.139390150267479385e+01 7.072224659583254436e+01 5.133274950933827796e+01 6.035705869739113183e+01 4.584496249219285602e+01 3.692786227893980566e+01 5.669234270255189045e+01 4.567548595715960147e+01 6.366878407004457330e+01 6.687249281164983472e+01 6.448973498508243551e+01 6.575903471953952817e+01 7.869012019559177418e+01 7.496006615390577110e+01 8.464286248673310808e+01 1.000763488225285158e+02 1.102808002502318061e+02 1.032914039307050729e+02
3.011532347413064770e+01 5.009812330374925438e+01 6.324829787033434769e+01 6.013185390240850126e+01 5.188446536736676507e+01 3.497866033729535928e+01 5.496906403571362887e+01 6.646832453989294720e+01 7.306456951394766008e+01 8.129973762592626940e+01 9.278337200572229904e+01 8.378734149305462608e+01 6.376641754206568891e+01 5.250061266932695503e+01 6.655113311143864507e+01 8.658745397129095522e+01 9.753109659477770776e+01 8.929561808479881790e+01 7.457171544048509304e+01 8.491828280748046609e+01 6.484205586502847041e+01 7.072224659583254436e+01 6.194072067698119355e+01 6.472260506112925782e+01 5.055341392547861545e+01 3.789941490635735732e+01 5.247390164027475379e+01 4.553715185139477484e+01 4.826651265126999135e+01 5.122848000899864473e+01 5.474401256654162751e+01 5.886885774075998512e+01 6.438815600996802857e+01 7.135425634844014553e+01 8.141825303896077060e+01 1.017629689631860970e+02 1.114983728296818697e+02
5.009812330374925438e+01 3.500449697317554154e+01 5.493961883858555240e+01 6.851603990523533128e+01 6.321252783618477622e+01 5.496906403571362887e+01 3.827340090529925476e+01 5.822758326825875486e+01 5.319310946170456589e+01 6.465432738298883919e+01 8.455317391681582251e+01 9.220334564644625175e+01 7.947519757680019836e+01 5.951838644567682479e+01 6.506200094355459385e+01 7.916726329271625673e+01 9.935581551323762994e+01 1.028437416691098747e+02 9.452804275705307191e+01 9.337696876764638887e+01 8.491828280748046609e+01 9.003528511543022717e+01 8.176080666511064976e+01 7.625335339690542469e+01 6.127884794032899407e+01 3.859456083122418590e+01 4.163203685047212588e+01 5.941912996780862244e+01 6.687249096231343515e+01 6.203382409231176808e+01 7.421259551106217600e+01 7.020393190393313887e+01 8.450359912555340713e+01 9.159061100107342668e+01 1.000763488225285158e+02 1.102808002502318061e+02 1.229521053972834466e+02
