LEM/sinusoidal_perturbations/elevation_000937.asc
nrows	100
cellsize	150.0
xllcorner	0
ncols	100
yllcorner	0
NODATA_value	-9999
[rows 17 to 33 of 100, columns 0 to 36 of 100]
5.222468517465790779e-03 1.988375527039329782e+01 3.593135603283433710e+01 2.867624136864513318e+01 1.530540909185380016e+01 1.685695994002583520e+00 2.101146021642114547e+01 1.120134179190271873e+01 2.259138435428567959e+01 2.104655156487007872e+01 3.377578001123082263e+00 1.516988965431278658e+01 2.343906565592988400e+01 2.394352896928991470e+01 2.433757407932013805e+01 5.075023651297560612e+00 5.392491949654591998e+00 1.036092825155807873e+01 2.914286610823591772e+01 3.773036203762298868e+01 3.570959450573821670e+01 3.753891150720871650e+01 5.202951942463619872e+01 4.602828858011901048e+01 6.651776748010121310e+01 8.144561253394903133e+01 7.411461316112726649e+01 5.456048545304587094e+01 4.774760862708811260e+01 5.859425237508636997e+01 5.356613945757555229e+01 4.915982699534229994e+01 3.024542381163456639e+01 4.990099591175120253e+01 4.351749166795197965e+01 5.779003021522031247e+01 7.772043598850646617e+01
7.333276091007126865e-03 8.952187567686269887e+00 2.308380762356989990e+01 4.102429991635911932e+01 2.370008400599011011e+01 4.097886428703779949e+00 2.095206730311557131e+00 2.384795404171857758e+00 2.675424822441683226e+00 2.966041788728646544e+00 1.719288446684438298e+01 2.724048014453759592e+01 3.537488634217939421e+01 3.730524723690140831e+01 2.151803135466658645e+01 2.340953184813013621e+01 5.483562134863632309e+00 2.588747045158924109e+01 1.328004850284480298e+01 1.755084512090155968e+01 2.160902450940559305e+01 2.603435325434377745e+01 3.171315405213816874e+01 4.069470128527466812e+01 5.253999183755524172e+01 7.302879558174927865e+01 8.226760843881321250e+01 7.411461321329892371e+01 5.860715107732406182e+01 3.899739598889529901e+01 3.377892707618618573e+01 2.882508127021749900e+01 4.915982645930607475e+01 5.052848294066793500e+01 6.361885047935341930e+01 7.186739232503259700e+01 7.517689539815576438e+01
6.343274376862209282e-03 2.000632163923723894e+01 3.703984723317824290e+01 5.009888383171532666e+01 3.262724198307041945e+01 2.382780967362265656e+01 2.035629731912729312e+01 5.997938531290015973e+00 2.050419763406523543e+01 4.442533846555384081e+00 1.053122618647447872e+01 2.541421123796239101e+01 3.918410708358824479e+01 4.148051472391512107e+01 3.016960646669486579e+01 5.905796401007571639e+00 7.035798990563306710e+00 7.006285050591560370e+00 3.340961056510464289e+01 3.179880003405802924e+01 3.308321505283805664e+01 4.616469013242798525e+01 4.241745803202388032e+01 6.049007362527150633e+01 6.964494044847616294e+01 7.778728000844499491e+01 8.633333482820317784e+01 7.838133446495120893e+01 5.860715048014237993e+01 5.513435538055378515e+01 4.682510360688921480e+01 2.784605091554784906e+01 4.818641488989138821e+01 6.725690068396608012e+01 7.872397742829991785e+01 7.517689539815576438e+01 5.530416933130334911e+01
3.497053469895897767e-03 1.155041915307418954e+01 2.569025180052168977e+01 4.565770279013658950e+01 4.207567884696819505e+01 2.203912661012992658e+01 1.104974559345735230e+01 2.591968315949818447e+01 3.247208098965535328e+01 1.302865984520303400e+01 2.655468186720151635e+01 1.928821804950734276e+01 3.744852434465727242e+01 3.837842115554906997e+01 1.711419152032275548e+01 6.202402978206777995e+00 1.763174538925191825e+01 1.702129684376166807e+01 3.355560086715601642e+01 5.205041947287129744e+01 5.338399926153665831e+01 6.183355084829632631e+01 6.283796092700369940e+01 7.127959923378377027e+01 7.441644362472042928e+01 5.714304489929416064e+01 6.843531124368294627e+01 6.016586687185459681e+01 5.378594240122420445e+01 4.547123375919243671e+01 2.648292144514368474e+01 4.680251888400372451e+01 3.878441745990305378e+01 5.312123791260513173e+01 7.314352050445519637e+01 7.301673724771779916e+01 5.312461471248010980e+01
9.635555453094322986e-03 2.000963555545273920e+01 3.723738822819059635e+01 4.878439356588555853e+01 5.058154835625301615e+01 3.452197397148157165e+01 1.479627827869416912e+01 3.452197397147726576e+01 4.512574301526752407e+01 2.703181991294741948e+01 4.262724837571506953e+01 3.301070840230548953e+01 4.475295085846979504e+01 4.056920543085418274e+01 2.720685763110908439e+01 6.491020203095220431e+00 1.980123712533887925e+01 2.650728763789760123e+01 3.162656332310453067e+01 5.241943838681883960e+01 5.060933569056060577e+01 5.675003983039074029e+01 6.444873288571884018e+01 7.365478629612948680e+01 6.583826481253960594e+01 4.560791894414025904e+01 5.495787574630344352e+01 4.025837365636530762e+01 4.412546531544748518e+01 2.514363845771402595e+01 4.544169577308627339e+01 5.511611212187852260e+01 5.312115129760007193e+01 6.725692665669693326e+01 6.955635403219081070e+01 6.133187488814991184e+01 5.541899949757588928e+01
8.845047570523793118e-03 8.953116957569760004e+00 2.050012234136248068e+01 4.050012234145539480e+01 5.106046824476783996e+01 3.080503220302139056e+01 3.452197397148159297e+01 2.131069677133359264e+01 4.137538175524276340e+01 5.104728853402549049e+01 6.010023721845633560e+01 5.553797920750110251e+01 5.114141469973706222e+01 4.007373243531541362e+01 2.704299631170817619e+01 6.779641572219953893e+00 8.325919028816567646e+00 1.222269076761355677e+01 3.281423820923387069e+01 4.269358381970145189e+01 3.274160141761213794e+01 3.941139717464758263e+01 4.799622233942934457e+01 6.560776900307652681e+01 7.399806202887177164e+01 5.497832717700400451e+01 3.488548730272545839e+01 2.923425854848004590e+01 2.383500696168075805e+01 4.406418893862877439e+01 5.349502269539576105e+01 6.979011211228596778e+01 7.314028135022276444e+01 6.372627530209605595e+01 5.548422981859789616e+01 4.119786249026289227e+01 4.489252292979378467e+01
8.023991185656003874e-03 2.000802399118530062e+01 3.463495609509259765e+01 4.291922734255479810e+01 5.291922734255497573e+01 5.106046824476783996e+01 4.137538175524276340e+01 4.137538175524276340e+01 2.944884326363821003e+01 4.098512721638213208e+01 6.119365369192188098e+01 6.284388349126779616e+01 4.869474586750288125e+01 2.571763265330780612e+01 1.398222047104878385e+01 1.885996751553514983e+01 7.205739328182961145e+00 2.824163660645413998e+01 1.854861236385679746e+01 2.340941535423105790e+01 3.746508205701617555e+01 5.531630368606789006e+01 6.444873288571881176e+01 7.340614593455089221e+01 7.158493427273677412e+01 5.366454432890269288e+01 5.328960684993180053e+01 4.336343808481099416e+01 2.294735803187665724e+01 3.197844362488402226e+01 4.357820271044369065e+01 6.232565287856820646e+01 6.960694609700182411e+01 4.926383256661084431e+01 3.511481223949382269e+01 4.270799521005393018e+01 2.463431928721224295e+01
4.598823041778624977e-03 7.075666634907284092e+00 1.463495609509189599e+01 2.463495609509207185e+01 3.877709171882352024e+01 5.877709171882422368e+01 6.173013531567011114e+01 5.663414382182464379e+01 3.654269776555431548e+01 5.663414382182464379e+01 6.974991415487659197e+01 5.597750174829516823e+01 3.353924884863290146e+01 2.293831326773603863e+01 2.775010162394631408e+01 1.760748173352344992e+01 7.514400048752987615e+00 2.806859118595419744e+01 3.828634232542227522e+01 3.171606351665844770e+01 3.407972722782297836e+01 4.305762915213811937e+01 5.546467455772580024e+01 7.384917507027489592e+01 7.474217208069966034e+01 6.031051315905475008e+01 4.881758537304699530e+01 3.984470717759539582e+01 2.207596058098732072e+01 4.224349354046368887e+01 5.907213368240608986e+01 5.788505132363796690e+01 6.324117933565120353e+01 5.624160753081880415e+01 2.222749735614280198e+01 2.272138765896677270e+01 4.270799521006039612e+01
7.340434288523949372e-03 2.000734043428816733e+01 3.180724550126767269e+01 3.847391216728512831e+01 4.603320162617296774e+01 5.431747203950074976e+01 6.431747103483154149e+01 6.520301320555277869e+01 4.800353142002166607e+01 6.520301340401175594e+01 8.156456737217585840e+01 6.431471289846177797e+01 4.248468149813866290e+01 3.872923381429396983e+01 2.566984588417642854e+01 2.625133705963098762e+01 7.825589088863998732e+00 2.076604823795326382e+01 3.726657132857587129e+01 4.781519051751724447e+01 5.191361417379389565e+01 5.956260342251140827e+01 6.864747450617574032e+01 6.606704697558151906e+01 5.279106732048224160e+01 5.219419312808695821e+01 3.238502354654884385e+01 2.085352101313619144e+01 4.094334188884565151e+01 5.010267620199285687e+01 4.794943999927406963e+01 3.905932372121504415e+01 4.236944957455624206e+01 4.710620686884229968e+01 3.919451283064140767e+01 2.158401688090897963e+01 3.531959759390534970e+01
3.515918393995972821e-03 5.777018610290228118e+00 1.180724550184544874e+01 1.847391216851199758e+01 2.603320162869641052e+01 3.603320162869605525e+01 5.017533725242368092e+01 7.017533722388506590e+01 6.844219505092429756e+01 7.705875142651753151e+01 6.316139639675154172e+01 6.316139639791763472e+01 5.337264759348590104e+01 3.867824289635377966e+01 1.707117508997855637e+01 2.753733114298139384e+01 8.134794690551096608e+00 2.243645710262817872e+01 3.227904003891718787e+01 3.728843525182148966e+01 5.495709749401538602e+01 6.960150950828692373e+01 7.350752115762298899e+01 5.225778458915407043e+01 3.759614228538006842e+01 4.542892550481140290e+01 3.991790997078201286e+01 1.999134807320219664e+01 4.004247660246186058e+01 4.132019046428489872e+01 3.023628206925006978e+01 2.761983829791326883e+01 1.802578720198154372e+01 3.757872429933358660e+01 2.011411911109726702e+01 3.918943349628985828e+01 4.122179882441663068e+01
4.608085242692564441e-03 2.000460808524233869e+01 2.824375984121198613e+01 3.272528839893099217e+01 3.759598630107198147e+01 4.297690288987937635e+01 4.907085608995903669e+01 5.660108612972297948e+01 6.534113487043563850e+01 7.522507019571115450e+01 5.968997131219495600e+01 4.660024685729919725e+01 4.592912434255038079e+01 2.679740286999899723e+01 3.379073868739065034e+01 8.567271759691202249e+00 1.213730567848721442e+01 2.826085390433007660e+01 2.126614385084324610e+01 4.065505888067922058e+01 4.054630876740861112e+01 5.328875077028168050e+01 7.294740246419351593e+01 5.931527711832507777e+01 3.996306217582586839e+01 2.593639108934874926e+01 3.605343935906877562e+01 1.911919128760350262e+01 3.918634491713512347e+01 2.289074105178119467e+01 1.718420717634500861e+01 1.753527784139868473e+01 2.025106033682815720e+01 1.850646366864966552e+01 2.081695561052332977e+01 3.865337320789072351e+01 4.736058623341321550e+01
1.610643649003322799e-03 4.009441500306111905e+00 8.119801193071387146e+00 1.254212793290925987e+01 1.734819287106915908e+01 2.264402093447545994e+01 2.860879698018673878e+01 3.559692191535882699e+01 4.681347353220989049e+01 6.909586411710678533e+01 6.335157299328785285e+01 4.614749180384428229e+01 3.618446700091551094e+01 4.394048633632253598e+01 3.166007281411845398e+01 8.871759378524952666e+00 1.901872350704353565e+01 1.669328301791691516e+01 3.493590388066593277e+01 2.832975163337791003e+01 4.962615704997624277e+01 6.960150950828692373e+01 8.029786714102976930e+01 6.426579449413144118e+01 4.545589495518220247e+01 3.787726974287679127e+01 1.786397886092840182e+01 3.787123684870265095e+01 3.613650842149520770e+01 1.668297643739143865e+01 2.479183757796323917e+01 3.794272507013024409e+01 3.804934935238951965e+01 2.874796038994608693e+01 1.898077094590237124e+01 1.930218677661965998e+01 3.812466562790247337e+01
2.022278438842990342e-03 2.000202227843848846e+01 2.824375984121198613e+01 3.272528839893099217e+01 3.759598630107198147e+01 4.297690288987937635e+01 4.907085608995903669e+01 5.660108612972297948e+01 6.534113985030184324e+01 7.746397955512067313e+01 7.084330838832968880e+01 6.081716655892594758e+01 4.887625765429767455e+01 3.701153628117398853e+01 2.038569984250174727e+01 9.175435568782026152e+00 2.448582105767190598e+01 2.235745673403551947e+01 3.740452750128977044e+01 4.895757453002531179e+01 4.973784617069209446e+01 7.080912721213528016e+01 7.199442080155826318e+01 6.276346830527899812e+01 5.131693001170795299e+01 3.110556820831245872e+01 1.696229433789136820e+01 3.566271183709179127e+01 1.617417798780959615e+01 3.622949673834744289e+01 4.417428092826131092e+01 3.747249430183540397e+01 5.491101269378497562e+01 4.261111888532645509e+01 4.292833382415755494e+01 2.306634414834874036e+01 1.972684159004416671e+01
6.642187732006160465e-03 1.000664218773191827e+01 2.155364757152423039e+01 3.569578319525468402e+01 5.569578319525397347e+01 5.580256340618561950e+01 5.430144547359866891e+01 6.261741148710730442e+01 7.683069485416983468e+01 7.862414270051903031e+01 5.982436679968345317e+01 6.015824823290022749e+01 4.175482716796328475e+01 1.682731575253059475e+01 9.604959474127204189e+00 1.250834464908646204e+01 1.616824765509619866e+01 2.203621376036522506e+01 3.905466772546756715e+01 5.465280273131715916e+01 6.254195289823693571e+01 7.060497453397400136e+01 5.920769031601901844e+01 4.191816701451421778e+01 5.315334854109929097e+01 4.158014188502825448e+01 3.105838484337654748e+01 1.565845380469601800e+01 3.564503386773402127e+01 3.036104983655410194e+01 5.060744951106338618e+01 5.142034071290920849e+01 5.692909333591301646e+01 6.459583384109288318e+01 5.196570098065750187e+01 4.215986806950051147e+01 2.410994338899987000e+01
1.591255364720534126e-03 2.000159125536436378e+01 2.783368625787891304e+01 3.204960815643152472e+01 3.658721284323368650e+01 3.562037877725994406e+01 3.411063804598521898e+01 4.841111776607317552e+01 6.692988548569239526e+01 7.438493583547929688e+01 5.426536128026683059e+01 3.817622129118146290e+01 2.923941764864046533e+01 3.471804078794451698e+01 9.908931030288972153e+00 2.157231949905771273e+01 3.157359147197167104e+01 3.706157721523658211e+01 3.104462503804592544e+01 4.018615944375056870e+01 5.777935966913194932e+01 6.371291723042531174e+01 4.202502250034820008e+01 3.041515205599473504e+01 3.986757043387525101e+01 2.538121653471226224e+01 1.517811944948410030e+01 3.527258996466403573e+01 4.398310553434191661e+01 5.069376375200833706e+01 5.917958439636168322e+01 7.023334346597440003e+01 7.549203066534514051e+01 6.163843218653147460e+01 4.272730905363032861e+01 3.119709685361326379e+01 4.412510310425520998e+01
6.189296070378335485e-03 3.855265208367950613e+00 7.778230570460838322e+00 1.195165940681470218e+01 1.643417840528119811e+01 2.131092028417729978e+01 2.847026534885208804e+01 3.766345517501061124e+01 5.333259360873619670e+01 7.529062247123310669e+01 6.491134721539211228e+01 6.015800064309841844e+01 4.275346563197076932e+01 3.036358546795632307e+01 1.021283374691621404e+01 2.556032326895958207e+01 2.811001678421013494e+01 3.769431294590167170e+01 4.641421584390549526e+01 5.460463633121733551e+01 5.674332683184791648e+01 5.818121879681680753e+01 4.935525016829073763e+01 3.973225188165833544e+01 2.040286105743201617e+01 1.471288884651342244e+01 2.478773572637348721e+01 2.073817414737896314e+01 4.081219762339415524e+01 5.200106309773023128e+01 5.760124593157284068e+01 6.516444943772219744e+01 7.335255729079527498e+01 6.953346695482423456e+01 5.678031185209038512e+01 3.707138081143886410e+01 5.678031185209562182e+01
2.247884206357958405e-03 2.000224788420600319e+01 2.783368625787891304e+01 3.204960815643152472e+01 3.658721284323368650e+01 4.153160379591336238e+01 4.887819961328531093e+01 5.725758069216387725e+01 6.692988548569239526e+01 6.868691456499560388e+01 5.599751865813489360e+01 4.693120343566425845e+01 3.320280225436260935e+01 1.145748642785519600e+01 1.051693679929211456e+01 3.040414344243202649e+01 1.707115876788094155e+01 3.697193882858806546e+01 4.537186361891814101e+01 4.604871209131164278e+01 3.292774650138369452e+01 4.376208906587312697e+01 3.127338106343177415e+01 2.513484571298788595e+01 1.427094434132766843e+01 3.393426318323754742e+01 4.163665726962798175e+01 4.081219762339425472e+01 2.656221813331963588e+01 3.174485282187515978e+01 3.740944924354218415e+01 4.515397534846905359e+01 5.679103620882577275e+01 7.660254745294818690e+01 6.332225613042656676e+01 4.382701522454373588e+01 6.332230465374442474e+01
