LEM/sinusoidal_perturbations/elevation_000955.asc
nrows	100
cellsize	150.0
xllcorner	0
ncols	100
yllcorner	0
NODATA_value	-9999
[rows 68 to 84 of 100, columns 37 to 73 of 100]
8.379394420797964926e+01 6.372602019232470383e+01 8.379394420797964926e+01 1.014181687564446008e+02 8.677688699341649681e+01 6.689026748237631637e+01 6.619171446742471687e+01 5.798849226705098658e+01 3.986342004044892917e+01 5.985094436849347943e+01 7.026602930937589520e+01 7.544197348017955562e+01 8.123520940728394635e+01 8.792639196571248306e+01 9.622016283192729702e+01 1.062430983869167562e+02 9.814838892324428343e+01 7.910705527206036436e+01 8.468413277565657893e+01 7.981900876752943930e+01 7.545583330687050250e+01 7.111045940139132426e+01 5.069703158292123391e+01 7.111045948324944277e+01 8.015413881723665668e+01 6.221402245190895286e+01 8.001198639591970618e+01 6.959268344210858004e+01 4.973610786813524953e+01 6.998662550772878888e+01 6.612903858680361679e+01 8.020151265195842427e+01 9.876856750834501497e+01 1.051016068793266243e+02 1.110944495506488465e+02 9.074766082465674799e+01 8.431150057965841427e+01
7.669886163007662105e+01 5.663536781169678136e+01 7.669886163007662105e+01 8.724234210618283214e+01 7.306651545592082186e+01 6.689026748237631637e+01 4.692385521023943085e+01 3.802506468019107899e+01 4.703779439648354099e+01 4.588350289569061147e+01 6.585402187370866045e+01 7.841755351992252088e+01 8.555745513081733122e+01 9.386054583378532357e+01 1.039020991110901377e+02 1.049635891317192886e+02 8.568729200149277858e+01 7.252681854262792172e+01 6.584158851497281262e+01 6.080036786336324184e+01 5.624664316348194149e+01 6.842514967783135660e+01 4.856504977854685734e+01 6.894789378907820776e+01 7.134504876929608486e+01 5.431758216761384972e+01 7.172473927378493386e+01 6.645002037509156878e+01 4.828352493481936136e+01 5.993990973712129033e+01 8.021856310944357915e+01 9.413671559133172195e+01 9.017807826688876105e+01 8.304815030910879159e+01 9.754815553373543935e+01 9.448136612301750858e+01 7.413093439201060164e+01
6.582624403763051646e+01 5.060796931821280253e+01 7.064949063196922907e+01 7.721587795962210521e+01 5.888321894875556239e+01 7.511055638586394423e+01 5.670066836522088494e+01 3.674267196731815943e+01 5.670061265413276885e+01 6.585393880001015532e+01 5.241011754965270342e+01 5.818172601502178765e+01 6.536276374654339349e+01 7.550029744697717149e+01 9.561461281465747675e+01 1.049635891317192886e+02 8.568729200149277858e+01 9.133318871476932088e+01 8.468413277565657893e+01 7.426319168626581302e+01 6.393852363332293010e+01 5.006750785772894119e+01 4.644438143421255205e+01 6.710534246809535830e+01 5.980249807927113181e+01 4.922546209288582020e+01 6.413673398383109259e+01 4.621286081563815884e+01 6.645291563131927148e+01 7.686167033739558008e+01 8.853707830435723736e+01 8.422629424737999670e+01 6.986851327528250977e+01 6.839746657479740577e+01 8.897202638320389667e+01 8.834548008906284622e+01 6.784717904169885117e+01
4.581352759769939809e+01 4.508253343484155806e+01 6.509097272926845790e+01 6.891331678722491461e+01 4.888697918981600310e+01 5.820878907274284586e+01 5.365285816575710953e+01 3.546053940055760734e+01 4.956391711601754935e+01 6.958585004610007729e+01 6.666461179076192423e+01 6.887463632444281814e+01 7.841755351992252088e+01 9.386054583378532357e+01 1.039020991110901377e+02 1.131739435822053537e+02 1.049635891317192886e+02 1.035243979488915329e+02 1.013371345146033065e+02 9.104239214968873739e+01 7.747611603794597102e+01 6.450318244169875470e+01 4.432367477666430489e+01 6.192188305320780017e+01 4.268205733104628052e+01 4.339696219536864419e+01 4.412227306932567217e+01 4.496291313837444648e+01 6.547755392027167431e+01 7.029742912571487068e+01 6.860287028145343413e+01 6.945099253148823948e+01 5.649299424353248611e+01 6.979997279795757947e+01 9.049763233247340111e+01 8.286257427466598813e+01 6.216649712489540747e+01
5.992481591787712603e+01 3.994374874830901945e+01 5.551173643757692844e+01 6.380527280966306591e+01 5.820878907274237690e+01 3.822507808432548870e+01 3.366243800598265068e+01 5.364318094968726314e+01 4.956395946763279881e+01 6.958771548720608280e+01 8.684726230745916098e+01 8.904503415995814919e+01 9.734461007424867773e+01 1.068188487965828415e+02 1.092564595673286902e+02 1.008636573198329955e+02 9.763513515503623807e+01 8.335594157759707912e+01 9.763513515503623807e+01 9.263945699791158006e+01 8.128410763897475988e+01 6.982128189957629161e+01 4.913069711376526527e+01 4.167721083570680918e+01 6.193824471654806274e+01 6.735615582477818464e+01 6.465227177842317019e+01 6.543241809564820244e+01 4.615405508039036420e+01 4.699769350550200642e+01 4.784622440331865079e+01 4.869026561179098422e+01 5.421084836238523508e+01 7.057220614373480316e+01 7.294181631136092392e+01 7.316337193722679899e+01 7.213049257815495707e+01
6.822151849905212373e+01 5.551173643759805998e+01 3.552592921746781940e+01 5.134439782111297035e+01 5.018196434341679435e+01 3.186804307309614259e+01 5.188937286672835114e+01 6.193987601959439360e+01 6.958703171932116049e+01 7.789390074140129627e+01 8.940813381552501937e+01 8.720498171428768330e+01 8.720498171428768330e+01 9.555940866586969662e+01 1.008636573198329955e+02 8.075515343823076364e+01 8.664479786563605046e+01 6.955036993435297177e+01 8.747605721118600286e+01 8.452210179123606792e+01 6.458476840806571317e+01 5.295042502442129262e+01 6.027292046496631883e+01 4.101308033292037436e+01 5.538679492393585946e+01 7.560624654350648655e+01 7.860980151200045896e+01 5.807177783807939875e+01 6.549150344901732979e+01 5.232059188461843036e+01 6.812398733757044056e+01 6.944985479059454292e+01 4.988850466183144761e+01 5.073314034140800288e+01 5.157983818906959073e+01 5.243373760440661613e+01 5.332179792418580888e+01
6.842713688715441833e+01 6.380298821772230866e+01 5.134439781979766337e+01 3.131350407843424932e+01 3.013050592576590248e+01 5.018115671483263185e+01 4.343463112860692377e+01 5.756714824420664911e+01 7.761419955676444715e+01 8.940813381552501937e+01 6.914460270672644526e+01 6.692239901503391764e+01 6.692239901503391764e+01 8.720498171428768330e+01 1.008636573198329955e+02 8.075515343823076364e+01 6.704666585873995643e+01 6.105020015866020344e+01 6.783736578880018442e+01 7.415548788377377321e+01 6.347173096187896846e+01 5.935808322812142990e+01 4.006486595757942837e+01 5.760227166968289936e+01 5.545707301135470146e+01 7.578722995757723879e+01 7.861034922795919044e+01 7.260440401835522550e+01 7.724859720655669548e+01 5.850716332069718817e+01 6.273831519018651193e+01 7.731855019050757960e+01 7.657593690556011268e+01 5.839439989947273091e+01 5.773004805450148069e+01 7.326254196990110756e+01 5.469503997276710550e+01
4.745562683800643100e+01 5.359320700029046236e+01 4.692358977299699774e+01 2.840471829427534445e+01 4.848218768495370767e+01 5.797407789434171832e+01 6.343879416453909670e+01 6.343879422090175524e+01 8.348678141077860460e+01 8.962415173474336427e+01 7.286302994766840868e+01 5.269655959813086810e+01 6.678519642404316414e+01 8.699607102030647354e+01 9.556861974969179130e+01 9.500580646821435948e+01 8.664479786563605046e+01 7.358940533278699547e+01 5.399762316415157670e+01 6.331418240154094690e+01 4.210343869360179525e+01 3.910134253421696116e+01 5.943847317216265225e+01 6.815465052275042979e+01 7.566061205237954823e+01 8.435694407038694465e+01 9.896650748214774751e+01 9.288082727325777910e+01 8.634462152313076899e+01 6.592689450559574027e+01 7.825458517816699100e+01 8.604802764739798704e+01 7.139293734638377487e+01 7.875314242187522495e+01 6.418945354436844752e+01 8.356763346668886072e+01 7.810039226282522407e+01
5.359776296152504216e+01 2.783736449625484966e+01 2.679744718734519182e+01 4.692358971255366384e+01 5.677848063906531451e+01 7.413029189361866145e+01 6.655677662018176477e+01 7.316676553242628245e+01 7.216775669791998382e+01 7.475960641251477057e+01 6.110409934291553924e+01 4.746608481444503980e+01 6.110410170741959490e+01 8.125273635759516822e+01 7.475800687862640359e+01 8.941078018307413799e+01 8.837605779038622700e+01 8.182801447637963577e+01 6.757040795786782894e+01 4.744086452040160395e+01 5.422818996982505269e+01 3.843074869426627060e+01 5.879019715505530996e+01 6.839412155418270345e+01 7.420841656590594937e+01 8.093963385984564241e+01 8.937925765857114868e+01 9.960455199863027076e+01 9.461385591605157686e+01 7.634114711074695947e+01 9.461385591605157686e+01 9.955996937838052929e+01 8.308148855048473536e+01 9.026437318132745702e+01 7.106427831384144156e+01 9.026437320730687475e+01 9.113896962233245347e+01
4.388061901005224286e+01 3.041820528324036843e+01 2.559726984209750000e+01 4.583243591314508336e+01 6.487290354051451402e+01 5.727720412677255268e+01 4.683852985595741814e+01 5.458879830167948910e+01 5.345442084379079262e+01 5.572713327948695650e+01 5.640404599440269351e+01 4.311162456587595670e+01 6.240001257262036205e+01 7.905819781712834526e+01 6.012922508862925497e+01 7.905819918068074514e+01 6.808762969651327523e+01 8.242756814003091392e+01 7.389599704827899984e+01 6.571758195859683838e+01 5.779127525606941163e+01 3.778471419619929605e+01 4.296598543529874092e+01 4.824554253019459793e+01 5.407964371992585484e+01 6.078439836441250321e+01 7.084022103666517012e+01 9.107378543673513605e+01 1.046075294822785935e+02 9.638730536971624474e+01 1.046075294822785935e+02 1.109284265575334700e+02 1.028057801452870592e+02 9.798301559715582698e+01 8.098778112747564251e+01 9.798302321174212182e+01 1.011694676681430565e+02
2.356860575603834462e+01 2.460418797027431381e+01 2.447175395972690382e+01 4.856707081944936988e+01 4.612702836501073733e+01 3.785931055577870552e+01 3.527147313171126797e+01 2.701863192663062563e+01 4.183358732426128057e+01 5.410139305993407532e+01 3.731663922618632512e+01 5.622803322379377278e+01 6.848744959211200012e+01 7.028045117760775895e+01 4.990636929275135003e+01 6.121557049546305507e+01 5.376862378987877378e+01 7.402997270559281162e+01 6.639093670812067671e+01 5.021064285157491724e+01 4.919509420001007527e+01 3.717980031953413089e+01 5.768935933666703875e+01 6.839449918846918308e+01 7.420841656590594937e+01 8.093963385983892067e+01 8.935346917419056467e+01 9.949462542492213402e+01 1.064014292530329300e+02 1.142604096515898959e+02 1.027240942309690723e+02 9.442634616751803378e+01 1.027240942309690723e+02 1.072780315973547403e+02 9.954096534215013037e+01 1.072780348132352515e+02 1.095618477701620179e+02
4.328380680315619600e+01 2.415362550072190473e+01 2.502277942070369932e+01 2.506739100663529740e+01 2.559970862066816366e+01 2.611911626634433858e+01 2.660181019116818746e+01 2.706717703525128726e+01 4.397160745692040962e+01 4.769793875740922573e+01 3.382057628490733237e+01 4.633890272141790234e+01 6.220681021187129289e+01 6.295875231527357840e+01 4.285011358676325699e+01 4.108231080830486093e+01 6.105601274495780473e+01 7.664328710322304516e+01 6.726681909361673206e+01 4.575821446546073901e+01 3.636610107871148045e+01 5.581297244032709415e+01 6.337681233372558154e+01 6.534180166435615433e+01 8.981031866516420337e+01 9.359367606685397334e+01 8.559398490461424558e+01 9.291132528675908020e+01 8.732354127248420639e+01 1.064014292530329300e+02 9.266256213327297075e+01 7.426578392934123940e+01 9.266256213327297075e+01 1.038539774070527386e+02 1.023542624165004611e+02 1.106262053480134426e+02 1.151401165537320139e+02
5.143587588258814236e+01 4.957692293109367654e+01 3.536508046374183323e+01 3.151464316925106957e+01 4.469358051395438025e+01 4.638628780713748512e+01 4.706959078870861646e+01 3.491801102009555535e+01 2.771188122722200831e+01 2.989039671733491232e+01 4.172231898360241331e+01 4.834830116951675194e+01 4.984915904628006444e+01 5.046665390786387206e+01 5.092584800021141689e+01 3.501487282241114229e+01 4.806606064016553859e+01 6.690338395745985167e+01 7.333881135200435608e+01 6.225234875388859734e+01 5.378984985133339336e+01 3.557074915103216028e+01 4.189327763494049606e+01 6.656378718352058854e+01 8.498923200054093741e+01 7.695944822588404577e+01 6.615757745739809081e+01 7.362194948289081253e+01 9.291132528788591571e+01 9.593083221440808472e+01 8.434606504842965080e+01 6.422197414937751603e+01 8.434606504842965080e+01 8.370097223335883996e+01 8.219377560961326878e+01 9.901870720269465664e+01 9.502604420620815517e+01
4.456622293401106560e+01 5.465428243095222172e+01 5.060086209902144105e+01 4.817978483566338355e+01 4.006212928072016410e+01 5.653845306882117683e+01 5.608313561902534872e+01 3.531726057809624564e+01 4.934855030287710775e+01 2.835712757897209357e+01 2.881077016519834189e+01 2.926136409602635524e+01 2.971062071316975306e+01 3.016061583862660456e+01 3.061668911602570375e+01 3.686360093607179067e+01 5.157728887493401260e+01 4.759868725534779088e+01 6.689617655466928170e+01 6.024836164593067878e+01 5.094694106871311590e+01 3.497971460099876140e+01 5.669704845889337008e+01 7.246669330286027844e+01 6.926170256160077088e+01 5.718697004857647670e+01 7.302517651592208381e+01 8.292637875894054389e+01 9.005193506655766100e+01 7.593377596895440718e+01 7.763803474874559640e+01 5.747207807650714528e+01 7.471310186757332872e+01 6.947258514576013511e+01 7.058097065066166920e+01 8.665274457386161089e+01 8.074414696348937071e+01
2.625032647264355390e+01 4.645936017578343780e+01 5.671182419607670511e+01 6.431379236253434328e+01 5.152162698490398185e+01 5.665071413278567292e+01 6.217274866579710135e+01 4.120683096957457536e+01 6.178567384846532207e+01 6.017201249676127617e+01 5.224066356798934407e+01 3.521012083588544783e+01 3.883787091014342963e+01 4.105375675655279366e+01 5.074414095491154342e+01 3.128369228524997325e+01 3.176335670300844427e+01 5.203558533393231755e+01 5.317193511047316434e+01 5.364409401211425177e+01 3.410647685577816901e+01 3.483918613550893895e+01 5.332487480474573971e+01 6.376038849302926792e+01 4.931911298004403932e+01 6.225578708092204039e+01 5.182344009631002280e+01 6.874946967952966759e+01 7.547341230127135248e+01 6.172163067824653382e+01 6.763756993404147977e+01 5.137730486490235648e+01 5.450912015198897365e+01 5.783645406510025566e+01 6.217079602279491013e+01 6.654599980792519887e+01 7.188284183953197726e+01
3.219640078325785026e+01 2.829061881267939071e+01 4.840864506800060951e+01 5.867266582085301962e+01 6.928428340927666795e+01 7.439815866146722101e+01 7.069250654361630382e+01 6.217405091865549593e+01 5.238298124636706632e+01 7.341744439735863637e+01 6.389883770114539630e+01 4.221415694090906356e+01 5.620092709682958088e+01 5.469584446263406363e+01 6.600020421153367067e+01 5.380206501694469523e+01 3.594248609764253644e+01 3.245127692034728284e+01 3.293747244124634932e+01 3.342154056271996154e+01 5.093089310319430041e+01 4.511709202252898621e+01 3.585934890357485472e+01 5.547787733082119388e+01 6.202222744315804448e+01 4.276002047415130392e+01 3.998156664170934249e+01 6.013207355060298909e+01 5.600102410399333763e+01 6.403812463396221233e+01 4.764635099666451623e+01 6.173289700743112007e+01 7.471310186757327187e+01 7.798097462014530379e+01 6.947258514576013511e+01 8.665274457386165352e+01 9.203996298323016845e+01
5.224729252065267104e+01 4.840864495310995608e+01 3.031733586213890064e+01 5.037010669349678693e+01 6.030020504404134130e+01 7.192946435161613294e+01 8.097442962133669653e+01 8.182182933690729953e+01 6.465456564420472318e+01 8.182182933690729953e+01 7.085907152298761957e+01 4.998601123470826479e+01 7.085907152298761957e+01 7.437024867633118674e+01 6.199506528501544977e+01 4.210928299578991840e+01 5.498202361632036883e+01 4.680480349446304444e+01 5.318074920221846469e+01 3.629113705215758756e+01 5.547826275885854130e+01 5.416049917264666647e+01 4.421173477725334777e+01 3.687338992366192514e+01 5.691643893975314228e+01 3.892460318741181169e+01 3.998248548074876396e+01 4.105074841924213302e+01 4.181076440174766162e+01 4.427344126216198106e+01 6.404524207595851237e+01 7.596969149790513143e+01 9.020648599076169205e+01 9.791082582431697290e+01 8.960365078744871425e+01 8.590799528564144794e+01 1.060474320356024691e+02
