LEM/sinusoidal_perturbations/elevation_000278.asc
nrows	100
cellsize	150.0
xllcorner	0
ncols	100
yllcorner	0
NODATA_value	-9999
[rows 51 to 67 of 100, columns 37 to 73 of 100]
7.687351382169849501e+01 7.561431413683197889e+01 6.713843675329860616e+01 6.267586164407982352e+01 4.559076081827074489e+01 3.556438929242264635e+01 5.604161142961478248e+01 3.948690340778406949e+01 5.996509507267153083e+01 5.505083535536260797e+01 6.531829862007666065e+01 6.694817990499824134e+01 5.211830876219133302e+01 7.059471713872473231e+01 7.898676896898456334e+01 7.754309317953163827e+01 6.143454565162512893e+01 7.603401810874881050e+01 9.089027572719935222e+01 8.674323711631951994e+01 1.019198426058941038e+02 9.609195602209489095e+01 1.159807230650375232e+02 1.130771419238253372e+02 9.280114051093408989e+01 9.280081044030279713e+01 9.490526816121082732e+01 7.479562178744703260e+01 9.490526816121082732e+01 9.897169920811117549e+01 1.191175132251013054e+02 1.033299691662150792e+02 8.296815431060389301e+01 7.140962826031852728e+01 6.261795566169597294e+01 5.888018580361378440e+01 5.536258540442916143e+01
6.996230030354108465e+01 6.713772274038497301e+01 4.661349341203599295e+01 5.253149727768600741e+01 3.386500523895452375e+01 5.431034089435834744e+01 6.447300050843206520e+01 5.397066202684219149e+01 4.164270955175904021e+01 4.322602287996431869e+01 4.483397490210119685e+01 4.646037083709203586e+01 4.825587395125452872e+01 5.008305606605814830e+01 7.059471913367271156e+01 5.698626456516506522e+01 7.754309317953163827e+01 9.029733351080308523e+01 1.045606489128574736e+02 1.067816872222497295e+02 1.149730657368522770e+02 1.159912160065243540e+02 1.241356511817150334e+02 1.215505839867169158e+02 1.130773350779733306e+02 1.130581380120495822e+02 1.001087437330233314e+02 7.995576950099629698e+01 9.120627315419798720e+01 1.113639085035207756e+02 1.159158490720808317e+02 1.036623414472487639e+02 8.329985974348417699e+01 6.914193839189785251e+01 8.255622898439202118e+01 7.867195882101694338e+01 7.312592004515818189e+01
6.443293211575939949e+01 5.936395394275391624e+01 5.086878512139905695e+01 3.221411743348223666e+01 5.260372342208628993e+01 6.274467032366326436e+01 8.279683208720288690e+01 6.804147220408489716e+01 4.754249205538520329e+01 6.370893789992258149e+01 5.932632299429278788e+01 6.694817990499824134e+01 5.850210724418840158e+01 7.059471913367271156e+01 5.272008622194208272e+01 7.325705923056641211e+01 8.533985188652198417e+01 9.257706839631261175e+01 1.008508923310377696e+02 1.124259807326730112e+02 1.120015655685424605e+02 1.136763305330470786e+02 1.218822896014710864e+02 1.222309359606554722e+02 1.304328124050772999e+02 1.165691441574937102e+02 9.640935315657171145e+01 8.631063509206418871e+01 1.064900281051168349e+02 1.196741083621890880e+02 1.074298554480465810e+02 8.700236884872214205e+01 7.694198346846764025e+01 8.926394462838538857e+01 9.771085104998780935e+01 8.892495652939349782e+01 6.885524840294250737e+01
5.329116968685070077e+01 4.929467019959028562e+01 3.060309164512949565e+01 3.242770104560650424e+01 4.386523819794114587e+01 5.578044600091627103e+01 7.623018760877316424e+01 7.452911222139373137e+01 5.401357711850731391e+01 7.452911227831580732e+01 7.978420744125311614e+01 7.900344495202492112e+01 7.900344495592115379e+01 7.975225302783161396e+01 5.921264648813400555e+01 5.642085982085779960e+01 7.697967447564862198e+01 7.222957232385091686e+01 8.407292042105919450e+01 1.041939505680506812e+02 9.202671127481072233e+01 9.374026587474351402e+01 1.081976139391423430e+02 1.023848216311964308e+02 1.222309359606554722e+02 1.248703520661593416e+02 1.148113374785764762e+02 9.796342291082663678e+01 1.005852971142906398e+02 1.207453097453339979e+02 1.159158490720808317e+02 1.044230591806346666e+02 8.403873470800898815e+01 1.044230591806346666e+02 1.020964072802232039e+02 8.192499356700474777e+01 6.785384175288891129e+01
3.332844516643222477e+01 2.900173477153317592e+01 4.929467019957846219e+01 5.084853531340240096e+01 6.439019700455625639e+01 7.283021862901283328e+01 8.459337572862960997e+01 8.290041985591457774e+01 6.589973469448078447e+01 7.079580106284545593e+01 9.114044224011477979e+01 9.923940544282793041e+01 9.064504409784520078e+01 7.026649760531645938e+01 7.975225302783161396e+01 7.697967447564862198e+01 6.027733320941855766e+01 8.082943606154195493e+01 8.855993557407657590e+01 9.215905432413784126e+01 7.766047509511692226e+01 8.204891562584359122e+01 8.819380376156216528e+01 9.720614991618471379e+01 1.112960687324469689e+02 1.310774293863602225e+02 1.264346791763246500e+02 1.181375874085574367e+02 1.207453097453339979e+02 1.290373778428624405e+02 1.189622687916266983e+02 9.840072137357645943e+01 1.044230591806346666e+02 1.040428625713193611e+02 9.569992179799079679e+01 8.874262453767035197e+01 7.791914665672580043e+01
4.661214686744032321e+01 2.790551185316404315e+01 3.954289564863767481e+01 5.997141381184592035e+01 7.974374819834090999e+01 8.405119094154206039e+01 9.238617799374451067e+01 9.462978986586954022e+01 8.631708878151478359e+01 9.114044224023804475e+01 9.367481047241936665e+01 1.019484775804294685e+02 9.892891725573423400e+01 8.212563889931524841e+01 9.892891725573423400e+01 8.916628595352881348e+01 7.488389476444915260e+01 6.460098353045417241e+01 6.811886359530075197e+01 7.180083767965196273e+01 9.215905432413784126e+01 9.633375127995385867e+01 9.484264765311449707e+01 1.147683742549799035e+02 1.170898951269157209e+02 1.368714122323004858e+02 1.328856047914246403e+02 1.246742614134814318e+02 1.328856047914246403e+02 1.427975730655908535e+02 1.274224957684463391e+02 1.189622687916266983e+02 1.099681649542287687e+02 8.978982197998305992e+01 7.557730604120801843e+01 8.041389355447486764e+01 6.062055800803118899e+01
2.637636266097099380e+01 4.660630112934093461e+01 5.660222174371611459e+01 6.838801107380781730e+01 6.959129883851659315e+01 6.360181541899191870e+01 8.405119094154206039e+01 8.480626567547371053e+01 9.315410170730510231e+01 9.027399542679590638e+01 7.335195527020024997e+01 9.027399542756178619e+01 1.003441240909851331e+02 1.022827666792686045e+02 1.105213882223330160e+02 1.034486761332520643e+02 9.154651017223403642e+01 7.117611842808851463e+01 8.855993557407657590e+01 8.366050346237963709e+01 1.004053736700546722e+02 1.162471073471028831e+02 1.147683742549799035e+02 1.147683742549799177e+02 1.345709803789393391e+02 1.357827127907516740e+02 1.229846132860113954e+02 1.048837011803404380e+02 1.147789812969108709e+02 1.321534538828922223e+02 1.213584822703619892e+02 1.108236736677189072e+02 1.022151438397150685e+02 9.517332884765617962e+01 8.297326214347748419e+01 6.307447603857384166e+01 8.041389370295676997e+01
2.646927866235755999e+01 4.667049888311949246e+01 6.033923647682628655e+01 5.864414541307311879e+01 4.911615207319484711e+01 6.959129883851659315e+01 8.138841698593651586e+01 6.433355358116520506e+01 8.138841697549902676e+01 8.194140454692538356e+01 6.144936629708436726e+01 8.011752286827638159e+01 8.011752453396536566e+01 9.564466186184272090e+01 1.057242282101347826e+02 1.057505367833701797e+02 8.566300971221177463e+01 8.566300971221177463e+01 9.154640029358299103e+01 1.037560504993580537e+02 1.119376321445184033e+02 1.197792527449612976e+02 1.172387964774875257e+02 1.253755453178149253e+02 1.265144984839039637e+02 1.183029782635717027e+02 1.077610987942130976e+02 9.492978177488051017e+01 1.041253377951683206e+02 1.239390501471905282e+02 1.128687489002934683e+02 9.156154386463700234e+01 8.135752482332820534e+01 7.542723235432110584e+01 7.021641445111208668e+01 6.487132863635876845e+01 8.491445726436926122e+01
2.729651309220144029e+01 4.751779015044564147e+01 4.202090596304929448e+01 3.829251385594288593e+01 5.849220630610195570e+01 7.240418911606046493e+01 7.298616859818544356e+01 5.246225710765045847e+01 6.376470678552252735e+01 6.770767277839961196e+01 5.367780068553896200e+01 5.960525860864127168e+01 6.690718476437359641e+01 7.721494176984657543e+01 9.747004963552569734e+01 1.139769331371637406e+02 1.057505367833701797e+02 1.057505367833701797e+02 1.115708514917106271e+02 1.151568470553378631e+02 1.070379950772050961e+02 1.002429984598727515e+02 9.771206856529471452e+01 1.140819782253117864e+02 1.183030096808781906e+02 9.845672655390933414e+01 1.042695761557696130e+02 8.783450910494315167e+01 1.077612217560564716e+02 1.183470508451709833e+02 1.213584822703619892e+02 1.108236736677189072e+02 1.022151438397150685e+02 9.241987593750513952e+01 7.251343759107244580e+01 8.491445726436926122e+01 6.786645722987353224e+01
4.738888073492988440e+01 2.848872178232828389e+01 2.934152924567682774e+01 4.957903875001048988e+01 4.534689768660322784e+01 5.969574602047456580e+01 6.515281894220932202e+01 4.473837365565906765e+01 4.329513426561489808e+01 4.721942062407803320e+01 5.905179790190300082e+01 7.953181768421444531e+01 8.734249549001003743e+01 9.564465968890321790e+01 1.057242029660843059e+02 1.088577160867990017e+02 1.006193210153416260e+02 1.053843750152370831e+02 1.136168003471940438e+02 1.039129320833468455e+02 8.761499266271962938e+01 8.655492736624667316e+01 8.655492736624667316e+01 1.059650348609904995e+02 1.164421022541795310e+02 1.042695651154882484e+02 8.427948110868845788e+01 8.260101907601772098e+01 9.023696919844664421e+01 1.043367352037233360e+02 1.241437578780885502e+02 1.132564185421152416e+02 9.284329555163247960e+01 8.124749885854019738e+01 9.242670280676941275e+01 9.632287211464252152e+01 8.798419681932738001e+01
4.500228920493697871e+01 4.872272870290000668e+01 3.079813136126715278e+01 3.055961553919998508e+01 3.142099767292081225e+01 5.168191869083005230e+01 5.353225435744475647e+01 3.795377088418568690e+01 5.838955933198579373e+01 6.770767277839961196e+01 7.610972561877159137e+01 8.787795039239230732e+01 1.007583006248736268e+02 9.248469400651148931e+01 1.007582575176913764e+02 9.726767067698636993e+01 8.046801877097108502e+01 8.529927710021935638e+01 1.003188182402472535e+02 9.224476280055547761e+01 7.654437593432787423e+01 7.549285609870005942e+01 8.906673521243143909e+01 1.084999910745085998e+02 1.082289146514857947e+02 8.828450626524298173e+01 7.656806223399667033e+01 9.671402026013124953e+01 1.101380777916747462e+02 1.101380778245630552e+02 1.299437940627361456e+02 1.216235799467874017e+02 1.098740780434016244e+02 9.126104700932967262e+01 1.098740780434016244e+02 1.001335097008692827e+02 8.003473086901898625e+01
6.555288856250976437e+01 6.256130858550286433e+01 4.209216366488413286e+01 5.080673736997493251e+01 4.824346681150232286e+01 3.263314619086512636e+01 3.348980263340089891e+01 5.376731572467148368e+01 6.352334841859623538e+01 7.799372213186734371e+01 7.813706909467583728e+01 8.638814700841774652e+01 9.063821140231542017e+01 7.213385238406837630e+01 9.063821140233172002e+01 8.898496124002645047e+01 6.858846613788111313e+01 8.898496124002645047e+01 8.913775191998956871e+01 7.293091097539759460e+01 6.788660355160169502e+01 8.720195600701536875e+01 1.028441067705866772e+02 1.088155038846932854e+02 8.882913734529645922e+01 8.882914133321058614e+01 7.307355851809093394e+01 8.329727320788786926e+01 9.750212402030820158e+01 1.173661463553422521e+02 1.223306419565358993e+02 1.245010040130392781e+02 1.200554622936761291e+02 1.057239539668256896e+02 1.117575708076325895e+02 9.162410638043323274e+01 1.000330492655982937e+02
6.128275972495839596e+01 7.100196575230883411e+01 5.395264477985922014e+01 6.461000649811977325e+01 4.426592498150829158e+01 5.292907879939104987e+01 5.381890042447877676e+01 3.475172344944102321e+01 4.914497150606159437e+01 6.396311409180215435e+01 5.809209889382240988e+01 7.813706909467583728e+01 8.230927767488910263e+01 6.200376274891624462e+01 8.230927767488910263e+01 8.253502315930083455e+01 6.203289964769938791e+01 8.253502315930083455e+01 8.109389904627892065e+01 6.156307193386150800e+01 7.543247520372493398e+01 9.476070400083054324e+01 1.005716614303755847e+02 9.230782004441634570e+01 8.464001028898495349e+01 6.848825182040850734e+01 8.727213693178292431e+01 1.009591874484290628e+02 1.115408143944419663e+02 1.165405433274607105e+02 1.025186521381076119e+02 1.046851777257689093e+02 1.245010040130392781e+02 1.260626468348758067e+02 1.200417953634914028e+02 1.032611691133464404e+02 1.153186020693867135e+02
6.969519265746944825e+01 8.276425731548533804e+01 7.439793126643461108e+01 7.306792512576724619e+01 5.602918937612538031e+01 6.695504267584313141e+01 4.648652390247099930e+01 5.513753785276767871e+01 3.603973413410047755e+01 4.373756336500061792e+01 6.396313473694495855e+01 7.684671620194912123e+01 7.064707794032119637e+01 5.558226473809979495e+01 7.554054949770518590e+01 7.684875719184068998e+01 5.631867525892950255e+01 6.935254584108555775e+01 7.232662984676029794e+01 5.770977594826323553e+01 7.740282359585992822e+01 8.972895931096249456e+01 8.891737974385846144e+01 7.202518358363525408e+01 6.419625688541559327e+01 8.464001028898495349e+01 9.699010303595741789e+01 1.080300881093588856e+02 1.028984327679220172e+02 1.002029755979907009e+02 8.843530688241158089e+01 9.841727046283044444e+01 1.124202609082124127e+02 1.322405401166979857e+02 1.316187149889616990e+02 1.233638713627846215e+02 1.177659898819273963e+02
6.488250449898094985e+01 7.997716343131865813e+01 8.539785907598216852e+01 8.482291396544373185e+01 7.644995220042304140e+01 6.321184661898549706e+01 6.695504267612908222e+01 6.490632543831510759e+01 5.647485277549682792e+01 3.736413586273684473e+01 5.420825092492898278e+01 6.817520566875040799e+01 4.751110402346146344e+01 5.781687505223536760e+01 6.520978428341494748e+01 6.641119782295538698e+01 6.760013039939367729e+01 4.887860255823785849e+01 5.244890024330432965e+01 7.187223278707568852e+01 7.393287844956422816e+01 6.939372300210162336e+01 7.676098006192148659e+01 6.008805027726961612e+01 8.059763442390901389e+01 9.293084338444822379e+01 9.845487648409523729e+01 8.729986669238266472e+01 8.493933442391652022e+01 8.016480131412420462e+01 1.002029755979835386e+02 1.165405433049142516e+02 1.264514412910852599e+02 1.200180285475055655e+02 1.282401448047683914e+02 1.381560247740486318e+02 1.193528310029268482e+02
5.645454170903540358e+01 5.956725448559293312e+01 6.498573528621538742e+01 8.539785907598216852e+01 9.194704191251919667e+01 8.361035513764194604e+01 8.211306642784613530e+01 6.435263786174269285e+01 4.422772856015820508e+01 3.831526194663361196e+01 5.878936605119345415e+01 6.119998739497277285e+01 4.240228048887937007e+01 4.360083348532285186e+01 4.479488523671781763e+01 4.598671086607647851e+01 4.717818462855171191e+01 6.754620118101858850e+01 5.075396883464949838e+01 5.209260490455776704e+01 5.344552406093659869e+01 5.482607404291020003e+01 5.622862094909934427e+01 7.676099231428055703e+01 8.747169827440282575e+01 9.465065726500978371e+01 8.634590760933099318e+01 6.980254131778762883e+01 7.266074037805088892e+01 9.298744812766310019e+01 1.015865308623227605e+02 1.053836887871238304e+02 1.093887080482441263e+02 1.001323887722339521e+02 1.101093869791428261e+02 1.299266576997977722e+02 1.277728688178263639e+02
3.915585025802821662e+01 4.824785366878313653e+01 6.872910655419413217e+01 8.195280257904228449e+01 9.043370793963502763e+01 8.799532082638270936e+01 6.791936381508001830e+01 5.375970665268430082e+01 6.433632426052102460e+01 5.848093440208074156e+01 3.970259681446952982e+01 4.074272509691274990e+01 4.351431318666126913e+01 6.386964574629050873e+01 6.521013311453110362e+01 6.641119782282540029e+01 5.893835682548108679e+01 7.577866270148322769e+01 6.800216086243335667e+01 7.270957832811403421e+01 6.260379208393685957e+01 6.934106021706348599e+01 7.676099207497126997e+01 5.859270902226321454e+01 7.912831139025094274e+01 8.361132205658685734e+01 6.589649323807795156e+01 8.634590603803655995e+01 9.298744757237382430e+01 7.774251992779626619e+01 8.142914704557118455e+01 8.529100026030931758e+01 8.936359208667566634e+01 1.093887080482576835e+02 1.251349368513453300e+02 1.381560247740486318e+02 1.285318884681177849e+02
