LEM/sinusoidal_perturbations/elevation_000806.asc
nrows	100
cellsize	150.0
xllcorner	0
ncols	100
yllcorner	0
NODATA_value	-9999
[rows 51 to 67 of 100, columns 37 to 73 of 100]
5.233534357659603842e+01 5.661626173157100084e+01 6.131398830324624072e+01 6.656643113666729050e+01 7.448156306586561470e+01 8.516072956911961001e+01 1.062315322321786510e+02 1.145826833438458578e+02 1.003911181591198698e+02 9.185534341022820115e+01 1.101005119014723306e+02 1.000817986753052082e+02 1.168735930453790530e+02 1.080866791357146184e+02 8.813915247675119247e+01 9.398164776726210334e+01 7.953908645422428947e+01 8.455363393205068689e+01 7.091903598779232709e+01 8.506927364213683518e+01 1.048618597208358096e+02 9.237304341926052587e+01 7.228807544889534142e+01 7.416497987944784143e+01 8.604749648560608932e+01 1.049020230885523119e+02 1.036023064759761496e+02 8.526094120931244902e+01 9.799057216758046707e+01 1.161935774818480240e+02 1.189131961479637027e+02 9.948649279172241222e+01 9.549629480684916416e+01 9.267609470895440893e+01 1.115090052268367629e+02 1.167012604974864871e+02 1.166588488328454787e+02
6.789825901464038793e+01 7.729417569229551077e+01 8.221790539903510364e+01 8.741395218640376186e+01 8.767472547027348639e+01 1.042075166753899822e+02 1.146245504463773131e+02 1.287742485273107889e+02 1.200791258921336748e+02 1.117083761092307697e+02 1.200791258942461752e+02 1.200459449389620659e+02 1.284582175332426459e+02 1.165274905262609479e+02 1.080866791357146184e+02 1.079136657642043247e+02 9.950232746140574136e+01 9.553919370962989888e+01 7.569043647198748204e+01 8.975894737472597740e+01 1.095211360175668460e+02 9.943547005559813101e+01 7.945991099085082965e+01 9.435987390012866172e+01 8.495332720754564093e+01 1.049712259559588574e+02 1.132748117609478271e+02 9.402005215090291301e+01 1.132748117609478271e+02 1.262628960848259538e+02 1.271869418156466338e+02 1.189130884999783859e+02 1.066063016799021312e+02 1.037915552325621462e+02 1.202187610848210966e+02 1.196923827085715857e+02 1.002558557729209952e+02
5.570083595833775547e+01 6.202663504611629008e+01 7.237082634489833310e+01 8.458608395551212311e+01 1.055000617567851862e+02 1.169694090487411557e+02 1.214853197684996218e+02 1.132085515350226359e+02 1.148542933576520113e+02 1.065964614380469442e+02 1.148544316076849441e+02 1.163984761032756126e+02 1.163984761032756126e+02 1.246891516062567433e+02 1.257182719295925608e+02 1.058711633232949083e+02 9.450787330035954881e+01 8.567178322878503138e+01 8.975930429317554626e+01 8.975930429317554626e+01 1.095267470856817482e+02 1.077656820743596455e+02 8.947584701000387497e+01 1.077656820743596455e+02 9.649344622623397072e+01 1.049911415594935562e+02 1.221796624028149125e+02 1.079239656801481004e+02 1.221796624028149125e+02 1.316893342748100793e+02 1.400405727267139753e+02 1.344543805303164277e+02 1.261253135127271747e+02 1.232432984034837631e+02 1.315518567027883421e+02 1.279752400950653026e+02 1.166588488328454787e+02
7.633191327298729334e+01 8.296209964177803897e+01 7.677566289778872033e+01 9.796687414708807751e+01 1.139002743984908790e+02 1.164314406762568979e+02 1.132085202177146641e+02 9.349498058172440551e+01 9.926896093061620263e+01 8.698611763962870214e+01 1.050014113702831651e+02 9.663651570614463537e+01 9.663651570614463537e+01 1.163984761032756126e+02 1.340675557472940795e+02 1.225564267429481617e+02 1.136866953477945401e+02 1.054263252519819929e+02 1.095267470856817482e+02 1.095267470856817482e+02 1.178045520687167027e+02 1.177687250268615884e+02 1.093950931011924439e+02 1.177687250268615884e+02 1.165992092583466047e+02 1.250444201771592390e+02 1.336616322766944336e+02 1.279767378951859911e+02 1.284094929002732215e+02 1.115503619943552849e+02 1.284094929002732215e+02 1.330535375378289586e+02 1.268755650296151885e+02 1.185301706404074764e+02 1.268755650296152311e+02 1.239803611059685835e+02 1.044594836777273628e+02
9.058824809789314259e+01 9.852558286599513337e+01 9.798055314048352216e+01 1.065303491371645777e+02 1.087184332569412248e+02 9.666452339696027707e+01 1.106920125036843245e+02 9.926896093061620263e+01 7.973633716027185869e+01 7.728612908545650839e+01 9.264960523346483967e+01 8.287455032179502723e+01 1.024246598969243394e+02 1.117592860347435106e+02 1.200447100222599062e+02 1.315619124801237945e+02 1.244257183071711808e+02 1.160875499764655245e+02 1.134841181188189836e+02 1.218180386172763008e+02 1.231161863403985990e+02 1.147789146970971643e+02 1.231161863403985990e+02 1.308274131179990150e+02 1.224822288521774993e+02 1.198680564242213222e+02 1.282132211787758251e+02 1.319893501297972875e+02 1.118853279673149075e+02 1.000331904693137375e+02 1.129435747849113625e+02 1.129435747849113625e+02 1.168509699581812100e+02 9.852172841497468880e+01 1.168509699581812384e+02 1.322995553498784886e+02 1.209338936832697726e+02
7.207583379149792790e+01 8.507275828921351035e+01 1.039038183971379539e+02 1.087184332569412248e+02 8.905788864333645449e+01 8.287726086084596488e+01 1.008577100545170424e+02 9.262580540270424478e+01 8.446883327953230491e+01 6.933204374296909123e+01 7.316489494590415177e+01 7.878148308635893216e+01 8.523401501399391123e+01 9.207402995020683534e+01 1.033506425075691197e+02 1.232457067031778308e+02 1.160875499764655245e+02 9.618371541326328611e+01 9.361627506799757725e+01 1.103047168602172690e+02 1.131426370674301296e+02 9.490672904674190136e+01 1.131426370674301296e+02 1.224822288521774993e+02 1.024233411322866800e+02 9.982891602843113787e+01 1.157959329455472641e+02 1.241325091465286761e+02 1.118853282579026143e+02 9.197072989599818982e+01 9.301492293127647315e+01 1.112853964013432062e+02 1.085259495276910968e+02 8.866136500866994652e+01 1.081222174669040896e+02 1.164462191956187382e+02 1.264688792369278616e+02
6.964688377079625070e+01 8.023157424955157069e+01 9.887935732412910284e+01 1.065478992147464794e+02 8.691545644465195153e+01 7.315722276047763728e+01 8.470137522764463256e+01 8.446883544226110985e+01 6.496583575651575870e+01 8.446882929838753284e+01 9.264959809895906062e+01 8.904502359604146022e+01 9.827766949925803885e+01 1.117592860347435106e+02 1.200447100222599062e+02 1.226642319351860522e+02 1.150789264206003821e+02 1.020134135852100457e+02 8.236373952826164668e+01 1.020134135852100457e+02 1.048428218719195399e+02 8.519036249226762436e+01 1.048428218719195399e+02 1.168084440835154254e+02 1.082984533223831676e+02 8.844827773414905892e+01 9.583543306806332396e+01 1.157959329455472641e+02 1.171037646105449284e+02 9.712868296664358070e+01 8.320573344068959898e+01 9.656387340837792976e+01 9.491979579623045993e+01 8.175387075216248434e+01 8.826384002098551207e+01 9.812051571426788144e+01 1.181239192195402694e+02
7.106496340375419152e+01 8.955546578684045755e+01 1.069155398775483974e+02 1.055706881987957928e+02 1.008577100545170424e+02 8.470137522764463256e+01 6.520572189971748855e+01 7.758256770494034527e+01 6.206878922271721422e+01 7.583802718454525404e+01 9.537919454056645918e+01 1.086881539606533238e+02 1.169478884011303421e+02 1.263342552904047267e+02 1.166713433892839618e+02 1.022279172958792941e+02 1.067780375873630021e+02 8.704796169361443958e+01 7.654558717333506479e+01 9.608881393978472829e+01 9.829200207870219685e+01 7.879277508817285991e+01 8.879601781148051032e+01 1.085054386896588170e+02 1.016817281263051029e+02 8.201616539345225476e+01 1.016817281263051029e+02 1.073414521854084569e+02 1.132107413002323000e+02 1.112854120909310893e+02 9.656387340837792976e+01 7.690762321563407511e+01 7.529489332902942067e+01 9.491979579623045993e+01 1.081222174669040896e+02 1.164462191956187382e+02 1.264688792369520911e+02
8.165065209701387516e+01 9.748133335529577437e+01 9.986818344839197437e+01 8.592190045089462558e+01 9.651721424903274738e+01 8.267162170841031354e+01 7.454171843821060861e+01 5.811163206272789239e+01 6.281664791734410613e+01 8.231051300872179866e+01 9.531150965586721213e+01 1.035143923496731020e+02 1.123138560474550758e+02 1.237628001425279933e+02 1.065584629506601857e+02 8.806779885029209254e+01 1.045960452377234304e+02 8.489951915480321532e+01 7.119493665025031248e+01 9.066849807866944388e+01 9.241276393056058680e+01 7.301884112243631364e+01 9.241276393056065785e+01 1.057095542319403734e+02 9.676533744309192286e+01 7.729619668856371106e+01 9.027564528363819818e+01 8.758879395940016366e+01 9.337421360153126670e+01 1.053146170736269340e+02 9.476112809094564682e+01 8.653435045465781172e+01 7.113922606800952053e+01 9.063729098375077342e+01 1.012867527433112116e+02 1.095887290969398720e+02 1.184782498493554499e+02
1.003536420993262936e+02 1.084028878796384419e+02 9.167689714015976676e+01 7.214359761658604953e+01 7.932295374401375909e+01 6.882597938136177618e+01 5.507196728787036477e+01 7.454171843821060861e+01 8.231051300872179866e+01 7.018099587510056381e+01 7.580585962368751041e+01 8.448750857449648777e+01 9.571872901594888106e+01 1.154740508657247915e+02 9.814068705948842819e+01 7.845264134711021597e+01 9.814068705948842819e+01 8.631407736688102261e+01 6.685933430269386690e+01 8.052933124417955923e+01 8.187155495243148096e+01 6.834827676296073662e+01 7.796182586702578021e+01 9.745626761374577995e+01 1.015982398440805525e+02 8.198511956656349753e+01 7.114961262527513952e+01 7.409980320459874292e+01 9.291779166779670618e+01 9.136716851699708286e+01 7.741973917979981934e+01 6.730676489775569848e+01 7.152476117865643346e+01 7.634967447788717720e+01 8.172792849969889062e+01 9.036711696438860031e+01 1.016403346004933042e+02
9.421345995812903595e+01 1.024662166301455670e+02 9.112425940287164394e+01 7.932295379760476806e+01 5.982978501690999451e+01 6.957636939472546089e+01 5.296641863533130135e+01 6.675248404186524454e+01 8.626045343955397016e+01 8.968071350746836856e+01 9.531150965586721213e+01 9.169871783725577075e+01 1.113865897955895008e+02 1.016732213208749869e+02 9.117991174357980810e+01 7.180031212272511709e+01 9.117991174357980810e+01 9.270277216016627619e+01 8.052933124418743205e+01 6.109701207531416856e+01 6.248601747660613626e+01 7.365535569459576948e+01 9.309509186118982882e+01 1.057095542319403734e+02 1.098783101704506038e+02 9.849545964825047406e+01 8.475443523209636965e+01 6.598480060413653803e+01 8.475443520206214032e+01 7.999348864965919859e+01 6.399595084257950361e+01 6.567620107790126838e+01 9.015950575920555821e+01 9.003896963062786085e+01 9.544825061398027799e+01 9.763079984420645019e+01 1.175538776679760389e+02
7.464667656152049346e+01 9.110893695563855488e+01 8.296287563947353760e+01 6.343208229096234874e+01 6.701604830730754259e+01 4.999367861835364124e+01 5.495797736302507275e+01 7.439668785017565256e+01 8.813716238752505205e+01 9.626842138123552672e+01 1.049816729899879846e+02 1.113865897955895008e+02 1.048374026272924056e+02 8.484797885296963216e+01 7.381280629092789525e+01 6.607978451851870716e+01 7.891728974497128490e+01 8.057095699647294396e+01 7.669050493316784411e+01 5.723620840374859853e+01 7.669040521065612381e+01 9.002536338873107979e+01 1.013189981147705510e+02 1.103463232232741262e+02 1.049518146736094053e+02 8.529047364474179460e+01 7.192407901397977810e+01 6.285370122593506892e+01 7.724729467789691739e+01 6.093710616687888404e+01 7.999348864965773487e+01 9.052285496113982788e+01 1.042464156945605822e+02 1.097213683000554312e+02 1.153022656713978904e+02 1.175538776679760389e+02 1.205769320651977523e+02
6.338413777219432887e+01 7.247604687961847958e+01 7.883780566398438339e+01 6.701604152800143765e+01 4.732333628334592390e+01 6.701604830730754259e+01 7.439668785017565256e+01 6.260355956381652476e+01 6.875367334378594819e+01 7.742796757336547842e+01 9.107874557851590680e+01 1.106160282927244936e+02 1.133359099399062728e+02 1.016732213208749869e+02 9.270313989290377776e+01 7.320700364653353631e+01 5.965434957184445608e+01 6.952783043084301084e+01 7.059881692020870503e+01 5.464056736097588640e+01 6.841196310698508398e+01 8.785147144160360710e+01 1.046556783909398547e+02 9.085738811899244638e+01 1.046556783909398547e+02 9.927045190720681944e+01 8.546346678563473631e+01 6.742888821524354626e+01 5.857456789432691835e+01 5.874749307803291032e+01 8.348066906225788841e+01 8.507575138859985486e+01 9.094783527355387776e+01 9.787855525690341096e+01 1.061055537143950005e+02 1.175489241039696537e+02 1.122373127023029156e+02
6.168015132991325800e+01 5.287154887807874104e+01 5.933033682775450046e+01 6.279630186213478993e+01 4.548466927485939948e+01 5.952332466183960946e+01 7.906719092265953464e+01 7.632218276702855064e+01 8.813716238752505205e+01 9.626842138066983523e+01 1.049816729899333154e+02 1.118152604672738164e+02 1.031999337428109840e+02 1.118152604672738164e+02 9.823909074741369807e+01 8.712565682350613372e+01 7.399871909955521687e+01 5.402798690146697425e+01 5.113816971383126031e+01 7.059901836421599342e+01 7.410541517905924991e+01 9.361498211945320236e+01 9.656169782466650986e+01 7.739100318905580878e+01 9.656169782466650986e+01 1.056255103822098107e+02 8.549280242989308931e+01 7.410590123611166291e+01 5.561693591236225132e+01 7.251231789123265514e+01 7.738887626310923906e+01 6.566520775728666592e+01 7.147233628966387187e+01 7.827551886197032616e+01 8.951850566883287286e+01 1.092985953710842182e+02 1.047396937364057976e+02
7.256083645843405350e+01 6.488815495800096755e+01 4.529822433085067246e+01 4.298371477454809764e+01 6.279630031974780024e+01 6.166035638933915664e+01 8.120895382892454961e+01 9.573329168984719217e+01 1.004621151850704734e+02 1.004621151850704734e+02 1.089221706282969251e+02 1.015716510151421375e+02 8.268097058026592094e+01 1.015716510151421375e+02 9.002517324731806525e+01 7.083611655366769355e+01 7.435737406572424391e+01 6.822693684229538746e+01 4.871965861826195976e+01 6.822543167063547287e+01 7.379468947335807627e+01 9.338806900073782913e+01 8.930807995590892290e+01 7.035317006903018466e+01 8.930807995590892290e+01 1.024273752895252869e+02 8.385963796137477289e+01 7.024818872238729739e+01 6.010174183337782949e+01 5.309698434193258265e+01 5.803995577014287477e+01 7.749156507805045635e+01 9.094783527355387776e+01 9.787855525690341096e+01 1.061055537143950005e+02 1.129229905683665578e+02 1.094423659514369263e+02
5.372056740697962596e+01 4.705819387695271416e+01 4.063108280208121670e+01 6.039395220551781307e+01 5.920309313907422677e+01 7.878425059511592110e+01 8.936570483279935218e+01 9.473421075648325029e+01 8.054625088466951865e+01 8.054625088466951865e+01 1.004621151850704734e+02 9.296377728118146422e+01 7.291713429899459697e+01 9.296377728118146422e+01 8.765851746852776216e+01 6.794107104475830283e+01 5.627183183239598918e+01 6.472554242702453564e+01 4.670688409437937594e+01 5.458215676886274537e+01 6.809988020154310107e+01 8.767503995881834555e+01 8.331401114733084512e+01 6.442830234521910882e+01 8.331401114733084512e+01 8.857427812000966583e+01 8.038933559837640530e+01 7.691375915356677240e+01 6.877690766899732466e+01 5.144861506707324850e+01 6.024355396826689457e+01 7.395924677208682851e+01 9.348828271250511079e+01 1.090443556943738344e+02 1.007843890143290793e+02 9.321579384227091225e+01 9.321579436125600182e+01
7.252795479260873890e+01 5.885615607146935702e+01 3.919423877149279178e+01 5.310520518782086441e+01 7.274017969131507755e+01 8.693587368143330707e+01 8.548200609670314520e+01 7.723334056452534924e+01 6.697759677714310556e+01 8.637947248506581843e+01 9.576500342139351574e+01 8.628238011173090172e+01 6.661437551896548825e+01 8.628238011173090172e+01 8.761905017353491587e+01 6.528623746531846450e+01 4.928397138488534779e+01 5.223201553577298029e+01 4.476462612626094284e+01 6.891855763521121503e+01 8.197218820584379273e+01 8.223678768059504307e+01 7.806708641345056776e+01 5.922484194698706261e+01 7.807605795813883276e+01 8.038933559837640530e+01 6.086936591212993619e+01 6.658663266467569031e+01 4.918646713049727026e+01 6.877548795079225386e+01 6.740998740083027485e+01 7.966152065374691915e+01 9.916729214850853680e+01 1.007843890143290793e+02 8.140534508031983307e+01 8.708133461231365402e+01 7.409904807524048920e+01
