LEM/sinusoidal_perturbations/elevation_000376.asc
nrows	100
cellsize	150.0
xllcorner	0
ncols	100
yllcorner	0
NODATA_value	-9999
[rows 68 to 84 of 100, columns 0 to 36 of 100]
5.009162696260268353e-03 1.974850284930623090e+01 2.455893511525307815e+01 8.743134099197105158e+00 2.238569270445849568e+01 4.966412618169661286e+00 1.283722576607786259e+01 2.563436410741848448e+01 3.391244865311892198e+01 1.805978959043731891e+01 2.749069657831337210e+01 1.207948462506238663e+01 2.959596589267692224e+01 3.228291053044925718e+01 1.240173761381108619e+01 3.232488380271055917e+01 3.918960700107483319e+01 2.976992200032149682e+01 2.616539317099550033e+01 3.562013459985603703e+01 2.404561139534813208e+01 4.254950427519342071e+01 4.158908445749101901e+01 3.303386294237650134e+01 1.672130912013371073e+01 3.788481753742175329e+01 3.853517369485850708e+01 1.109322389777454987e+01 1.190979168274998301e+01 1.249130271665673853e+01 1.308262007738604282e+01 3.211224976735530845e+01 2.703006248406729028e+01 2.100484056569044711e+01 4.092136947357333554e+01 5.625992741510304285e+01 5.309962834017311195e+01
4.695337527364121070e-03 6.345292582059479436e+00 7.807052230659976555e-01 1.101103878455060636e+00 1.421671175022502398e+00 4.458350784795836574e+00 1.583015275045761960e+01 2.108391173618463910e+01 1.805544008893552288e+01 2.426261721183620779e+01 8.732282422368349728e+00 2.316387871979159385e+01 3.104157407898635412e+01 2.835988952674244956e+01 9.268598686120695263e+00 2.582206861852991864e+01 2.602031438224878457e+01 6.065902738179687503e+00 1.191237941750947193e+01 1.659746476191606490e+01 3.008792213729782006e+01 4.695806194889417640e+01 3.299524296428383252e+01 1.212973791830397197e+01 2.949995929038805897e+01 3.520711655229964521e+01 2.940112343335603029e+01 1.108874256686571336e+01 3.103757473290929880e+01 2.180197189245996015e+01 1.316179168088940088e+01 3.172256216529098793e+01 4.304108445206892242e+01 4.092137209929227737e+01 2.806077497570340284e+01 4.795506977764534895e+01 6.477856815258925849e+01
7.614146464036155443e-03 3.277022514753347715e-01 4.884543159767511966e+00 1.459393243911774185e+01 1.860652397117990020e+01 1.876366320097193841e+00 2.197892543679219379e+00 4.091997502777032558e+00 1.057059506478712052e+01 5.524622552115886265e+00 1.780178428975628435e+01 2.060906153991983913e+01 2.281746557331399927e+01 1.970439371793727190e+01 6.424561898008496641e+00 5.367324378440651245e+00 5.709742891645339213e+00 6.051928493048932545e+00 2.392175181895023428e+01 1.334422962625726328e+01 2.969182497189530068e+01 3.461598707709075740e+01 2.873585002775139685e+01 9.401065241000170047e+00 8.980370015129055972e+00 2.489811046427900720e+01 1.027067761161950088e+01 2.629211559839694345e+01 2.700222623117087650e+01 4.153146284681949396e+01 3.974638256280808690e+01 2.600252287601108137e+01 4.543909227680251917e+01 5.626069282167680541e+01 4.795506977764534895e+01 3.652797166892832337e+01 5.644974058604631040e+01
2.352828262072654761e-03 7.834272750242227135e-01 8.319675766730799893e+00 1.259206655188438440e+01 2.324233278665023050e+01 2.578745501806806217e+01 9.032333850388980068e+00 2.650359152255343353e+00 2.967709686458126495e+00 3.279981683240717594e+00 3.590467449235427377e+00 3.900432279171719863e+00 4.217750997154977810e+00 4.545238606871150111e+00 4.881410714979605991e+00 2.070106589013130005e+01 2.339518324453272058e+01 6.958075315477663558e+00 6.531813209774174567e+00 6.869261860360325933e+00 1.643290469465614478e+01 2.237915081561079589e+01 2.399721344315231164e+01 8.502745692456699089e+00 2.473934256997257464e+01 9.455954891491002101e+00 2.310010806852438137e+01 3.604956916777882725e+01 4.587267206152399979e+01 5.413803451807454081e+01 5.345541849403575441e+01 3.578034488640140154e+01 3.977796479464129220e+01 5.913256405787194581e+01 6.477856815258925849e+01 4.798242271447167440e+01 5.057577330656283010e+01
6.786455232800275850e-03 1.999744535417111635e+01 3.118729628276337351e+01 3.030419648432511082e+01 2.747401881954750280e+01 3.320786345469353762e+01 1.339793572962613233e+01 3.340393130896561757e+01 3.021094618898679229e+01 2.766195451868175326e+01 2.635681565178814978e+01 7.692785097921460036e+00 1.454918730948693195e+01 2.463718118984481364e+01 6.690554179258319856e+00 2.514224580180508539e+01 2.927784867153786763e+01 9.907569481854642035e+00 2.704108260551560861e+01 2.745880430661975069e+01 7.347451026121686546e+00 7.685991375373920853e+00 8.024514663780566437e+00 2.691015213257797001e+01 3.395156990002729458e+01 2.941114482132923058e+01 1.004685011403571337e+01 2.992509650026124390e+01 4.330614895108678297e+01 5.248671595022069880e+01 6.322548958783522721e+01 4.942940177881491337e+01 5.913256405787194581e+01 6.724307902852302732e+01 7.636619443400554985e+01 6.801631190053517173e+01 7.063075205711120930e+01
3.257643153035955173e-03 8.856976363848987788e+00 2.023102473015757852e+01 3.997186270831835486e+01 4.528627407250026238e+01 3.478179244551272831e+01 2.889406748253425405e+01 2.732443279845524131e+01 4.816738682197347998e+01 4.946701792944060116e+01 3.271341221783207942e+01 1.163617405021460627e+01 2.911973621006956492e+01 2.625146610318885365e+01 2.675356375879115589e+01 1.064792193822329125e+01 3.131389243814917833e+01 3.007011919407441880e+01 1.363711674232991200e+01 3.371178892264490656e+01 3.411956925157771536e+01 3.214887879668022208e+01 1.208494472865397462e+01 3.487908499355156522e+01 3.429863365822985344e+01 1.450825123741896938e+01 1.046650462829444095e+01 1.918391189112757900e+01 2.367293472859654457e+01 3.778735254816363209e+01 5.831852228731882803e+01 6.885132703984737645e+01 7.245281403008654308e+01 7.245191589130836007e+01 7.245191589130992327e+01 8.078846799564227865e+01 8.310103952588796972e+01
1.880098487986705483e-03 2.000188009848763215e+01 3.680194268602915741e+01 4.821384521222162789e+01 5.405295975054217195e+01 5.466582286480175412e+01 4.960253182610508560e+01 4.223701059377503242e+01 5.640613505992420329e+01 4.091031856488603324e+01 2.006946101559162798e+01 1.783319921122749818e+01 3.889203823653628689e+01 4.693544360786293623e+01 3.984168112706461784e+01 3.138645434020621394e+01 1.563930298952636377e+01 3.659798951709220205e+01 3.371177743046361996e+01 1.735609269440661606e+01 3.052628846945404462e+01 4.528067813136076580e+01 4.027225067684094029e+01 4.233802871629085729e+01 2.490691940037838492e+01 3.259832455008814378e+01 2.983305356749834303e+01 1.106176424172726414e+01 2.261718846497186064e+01 3.685467877517024249e+01 5.775003520478970387e+01 6.667027630921322157e+01 5.255014556021831851e+01 5.255013583058534010e+01 5.255013583058534010e+01 7.245191589130979537e+01 7.311964309320701716e+01
2.900726248362994839e-03 2.000290072624800786e+01 2.906542028621461782e+01 3.406531600588691333e+01 3.406413092690600308e+01 4.780274451679129299e+01 5.608357545750796902e+01 6.248513293392328904e+01 5.072405422950271259e+01 2.990597711783491164e+01 4.091031856488545770e+01 2.460360684016047728e+01 4.569313865126990493e+01 5.665207419492747931e+01 3.630771026232890364e+01 2.131295925655535939e+01 3.659805970491900240e+01 3.659804322421055645e+01 4.018919724653808601e+01 2.006725398425228590e+01 4.018920303491456281e+01 5.769947370170835654e+01 5.843213789531449720e+01 3.876376303665709599e+01 4.435352566653033790e+01 4.098637120248805132e+01 3.123572466443085816e+01 1.148331036554758278e+01 2.567188957931480076e+01 4.624204349062845409e+01 6.210281237818591649e+01 5.672567999270563632e+01 3.857225569869471826e+01 3.857225568641324287e+01 5.837923225268784932e+01 6.266840967545148544e+01 6.482249990966495545e+01
5.081304048347549951e-03 4.477217259047908016e+00 9.065531936459104045e+00 1.406553193645899924e+01 2.073219860293693273e+01 2.780326640857260401e+01 3.935026575655705017e+01 5.934899143215777428e+01 5.861716686423869760e+01 3.773395376250527988e+01 5.434053555618586273e+01 3.952085800237033197e+01 3.825303861665899063e+01 5.955849525840950065e+01 4.442734397917921996e+01 2.566319532515200663e+01 4.648883978352500890e+01 5.703021932277288641e+01 4.300995087595092059e+01 2.286578205422326349e+01 3.448191102944169018e+01 5.465946995076856041e+01 6.660678817793221640e+01 5.795881760926310733e+01 5.100335948333252389e+01 3.471928096183030732e+01 1.619138826550334187e+01 1.190526474977339433e+01 3.168906217782124202e+01 3.891913100455113295e+01 4.039641492961216329e+01 4.847370840529394798e+01 2.861812610236253107e+01 4.262643401745681615e+01 4.559202758050850690e+01 4.285019994682917144e+01 5.186681370052921380e+01
4.469920835086939326e-03 2.000446992083473319e+01 2.906542028621461782e+01 3.406531600588691333e+01 3.406531600588691333e+01 4.780274451679129299e+01 5.608357545750796902e+01 6.762684552360155976e+01 6.716901851449283356e+01 4.979988638429281167e+01 6.716901851449283356e+01 6.059434230461631898e+01 5.094451872115844537e+01 6.249244045685093596e+01 4.255583295698088619e+01 3.039439409234757505e+01 5.098265797665888499e+01 6.023814077245514653e+01 4.007828601420293779e+01 2.581896883015458144e+01 4.598297076515911641e+01 6.290489239900332308e+01 7.196672503724475689e+01 4.952497062026225905e+01 3.476494161328668753e+01 2.347134124923737986e+01 3.469357799044446722e+01 1.707236489527331713e+01 1.250675947535225241e+01 1.907400028551582594e+01 3.259742144686551057e+01 4.334213613680491761e+01 2.345381844749824296e+01 2.272917895114666464e+01 2.569819654801373687e+01 2.880564922543366890e+01 3.206675861232850622e+01
2.324776005098761877e-03 8.946596686004333776e+00 2.049360206979705268e+01 4.049360206979775967e+01 5.406368951814319956e+01 5.763053253390491193e+01 5.503475938678062818e+01 6.332004660871757551e+01 7.486938736964491170e+01 7.066179599213744211e+01 7.915194713932700665e+01 8.097066945919515035e+01 7.241534479894225740e+01 7.064044660624868754e+01 5.603821043631173637e+01 3.581600059770012479e+01 5.603821043631173637e+01 6.334803963586777797e+01 4.319359004521342627e+01 2.891747351010052114e+01 4.319359004527100154e+01 6.334803990198986412e+01 7.095101014625791436e+01 5.019952879389558831e+01 3.584335915394964189e+01 4.319985154564366781e+01 2.491908438038950635e+01 3.690981006464188852e+01 3.188225553639238186e+01 1.310964803809118884e+01 3.288494692137683728e+01 3.511080070002618925e+01 1.880282358266563847e+01 3.852154405844306240e+01 4.559101784272365876e+01 4.865336642895717745e+01 4.349838273151891599e+01
8.699724428260374037e-03 2.000869972442790612e+01 3.723086793352961621e+01 4.877787331743965638e+01 5.177053746180087757e+01 3.762544533928015511e+01 3.502964241916456700e+01 4.657939563984569276e+01 6.658500106333170265e+01 7.185188385979445513e+01 7.365744045217977032e+01 7.365744045217977032e+01 8.194130348113061757e+01 7.212316177331362610e+01 5.242320011673729852e+01 4.248483568769024998e+01 6.230631142920925924e+01 6.665963304477237727e+01 4.651599408375204092e+01 3.222579397901106546e+01 4.124585250268499692e+01 5.296156872080079125e+01 7.305182891086128905e+01 6.491728364687956798e+01 5.627749696233632193e+01 5.032083326267442658e+01 3.068175742098216219e+01 5.023038026914782961e+01 4.016076100210203492e+01 2.587531698143580883e+01 1.371385118140486803e+01 1.583723062512237689e+01 3.511582955388141869e+01 4.676974689129366425e+01 5.331136730093497533e+01 6.157509940841022456e+01 6.329845932262032449e+01
2.249585233037712084e-03 1.414438520896411333e+01 3.414438520896482032e+01 4.408026155922303957e+01 4.348479972035756447e+01 2.348431340279339707e+01 4.348479972035756447e+01 5.184803937509437333e+01 5.184803937509443017e+01 5.184803937509443728e+01 5.365299844494665393e+01 5.365299844494665393e+01 7.365744045217977032e+01 8.027312974865412798e+01 6.923354617891207852e+01 4.964036751336810482e+01 6.923354617891207852e+01 6.781261505401937484e+01 4.764289209027258210e+01 3.596414877510775199e+01 5.616762001621008693e+01 6.966706669888917247e+01 8.119215548358846490e+01 7.467824279427833289e+01 5.501263488175712268e+01 4.121917139359453586e+01 5.032083326267334655e+01 5.848738964227374737e+01 4.064009266465678394e+01 1.752537134827023735e+01 2.777824081836995518e+01 1.433689855046519668e+01 3.427845033699506416e+01 4.340345734236173314e+01 3.349569656049177979e+01 4.235499318962047255e+01 5.375842838068916762e+01
2.739267172789772273e-04 2.000027392671692539e+01 2.408026156120079619e+01 2.408026156112410732e+01 3.771115664059593087e+01 1.771265107805142236e+01 3.484678087263477408e+01 3.184485033728760328e+01 3.184485033728759973e+01 4.950856796303865792e+01 3.950497207106507602e+01 5.951216385501222561e+01 7.124887774156023568e+01 7.953291189900805591e+01 7.738167758891692927e+01 6.094572689710405911e+01 7.738167758891692927e+01 7.598657848317171215e+01 6.029613687363835339e+01 4.007061748328227679e+01 6.029613687363835339e+01 7.922163481112460204e+01 9.064649599044733463e+01 7.685435038159799603e+01 5.715825774132432713e+01 6.077255808317873687e+01 6.435028621994233333e+01 5.151478582838622344e+01 3.955999376631831410e+01 2.026014605400743562e+01 2.741490743120817442e+01 1.477854035626263496e+01 1.606486650995304899e+01 2.328440428056966027e+01 3.758078156385364821e+01 5.738449350333763732e+01 7.047494348976775314e+01
8.327778614586212741e-03 2.039020108881828275e+00 4.080261561201152354e+00 2.408026156084407177e+01 2.920434168260783281e+01 1.236815353480419155e+01 1.484875634151483759e+01 1.770557354181470799e+01 2.347704146968296257e+01 2.950477047993650714e+01 4.950856796303865792e+01 5.491419578500947551e+01 5.124305978946204476e+01 6.791105398607039945e+01 7.619501137013736525e+01 8.055491785983655006e+01 8.872080625377650165e+01 8.454796401472303558e+01 6.570681504486840652e+01 4.546191109802899177e+01 5.091279508410513444e+01 6.266141571716930514e+01 8.255947144299133811e+01 8.512878729793948196e+01 7.262178484850761606e+01 5.873171969964781169e+01 4.484165455829589320e+01 4.339946792136527165e+01 2.420209714612790819e+01 3.955999376631831410e+01 3.848412680095935201e+01 2.790526936972918293e+01 1.540444762207493667e+01 3.097503108642581182e+01 3.545080933295368908e+01 5.492128870933101581e+01 6.170935343856999111e+01
6.510866554257996840e-03 2.000651086655390287e+01 2.408026156120150674e+01 7.061685531200859067e+00 9.205910215349611292e+00 2.920434168266890396e+01 3.484678087263479540e+01 2.269133776774453537e+01 2.286778603446606439e+01 2.664564283547947809e+01 3.064373895877381671e+01 3.490651137663514447e+01 4.123228984715959911e+01 4.790310986076697475e+01 6.205290436132815302e+01 8.205387826053397760e+01 8.783734743988974003e+01 6.808934372961962822e+01 5.636367907018127710e+01 5.458341768429836094e+01 7.107132361333793824e+01 7.922163481112460204e+01 8.379727527936387332e+01 7.230579145537880947e+01 6.351284870594604115e+01 4.484165455829589320e+01 3.140863502009562680e+01 2.838405901263910280e+01 3.525019833728843821e+01 5.151478582775641257e+01 5.260673414884794852e+01 4.304224705360076797e+01 3.533703641148304797e+01 1.602989459070665390e+01 3.595997676403480625e+01 4.750451640386808805e+01 4.171067294357320066e+01
8.953482861371391335e-03 1.415108910659244756e+01 3.415108910659315455e+01 2.229319381607000139e+01 2.046843168936177904e+01 3.699422100849280071e+01 4.846584897486359722e+01 2.846285985962707343e+01 4.286757104635695015e+01 4.078786776589969065e+01 4.478865386597519205e+01 4.905440399110617733e+01 4.756067813904572006e+01 6.756782907414707040e+01 6.205290436132815302e+01 8.205387826053397760e+01 9.590273238548851964e+01 8.454796401472303558e+01 7.643583218180754102e+01 6.634043126303599536e+01 8.282657668420557684e+01 8.781424239523853714e+01 7.546916712743301048e+01 5.564900352114292303e+01 4.450006503026696691e+01 3.604735362113513730e+01 5.055560048032446474e+01 4.183794007524602421e+01 5.453157719550157623e+01 6.273569137057329215e+01 4.839704410470333329e+01 3.746521266204375422e+01 1.815630362526930242e+01 1.647234814197766894e+01 2.502606749818354359e+01 2.758445966806905503e+01 4.755242638226064855e+01
