LEM/sinusoidal_perturbations/elevation_000462.asc
nrows	100
cellsize	150.0
xllcorner	0
ncols	100
yllcorner	0
NODATA_value	-9999
[rows 68 to 84 of 100, columns 0 to 36 of 100]
5.009162696260268353e-03 1.104622325586776377e+01 2.857698494649796217e+01 5.121156217787223852e+01 4.830249709198852059e+01 2.852487143497986111e+01 1.526644234829659119e+01 2.462797797729784932e+01 1.254022052223335848e+01 3.291680204792857278e+00 3.615198372658051884e+00 3.940467929752611287e+00 6.650353776380106829e+00 4.857083715362972676e+00 5.174354611271948734e+00 5.485666140646541677e+00 2.173365920977286692e+01 1.523225847352486539e+01 2.913119036137588935e+01 3.092104091878398364e+01 8.420832271153697590e+00 7.804583950336403397e+00 1.399113956156538841e+01 1.690424013706329731e+01 1.099606880597564995e+01 9.715624761049976854e+00 1.904250114434612229e+01 3.630482229929242521e+01 4.537557511054956194e+01 5.393487574383383532e+01 6.408714014994660602e+01 7.244184818816394511e+01 8.293096432826435205e+01 7.173589182148546683e+01 6.375097645449120165e+01 4.490784283544870448e+01 6.455670131444959736e+01
4.695337527364121070e-03 1.414683096125843953e+01 3.414683096125914119e+01 5.004583921360390519e+01 4.833075834681994110e+01 2.852595166076293864e+01 3.432157649715178138e+01 3.099903272342602634e+01 9.615946389498297719e+00 2.414982281551741750e+01 2.704602628586190605e+01 2.711581654205382463e+01 4.401439778408721359e+00 1.869787557004631395e+01 2.168418364214355876e+01 1.574367478817511490e+01 5.903887404062744260e+00 1.463966011904824960e+01 2.187869113782866393e+01 2.357368343080712947e+01 7.345939442085914095e+00 1.744559594295256844e+01 8.272025740850235564e+00 8.605265346565685647e+00 8.940511915956856015e+00 1.418613090495880158e+01 3.377140350134662583e+01 4.822191719772654750e+01 5.823660944688663932e+01 4.990556957394176152e+01 4.403137070560937616e+01 6.408714014994660602e+01 7.156200758838771492e+01 7.992494517704277257e+01 7.256110830919377008e+01 5.478281039310960665e+01 7.255701009444121041e+01
7.614146464036155443e-03 1.000769417648282555e+01 2.155686296648377009e+01 4.164938768139496261e+01 5.650827923409453746e+01 4.833073120999386418e+01 4.214290198886239125e+01 2.134203961937194549e+01 2.060365741610232959e+01 1.947507037490713699e+01 4.024413608778996121e+01 4.635107474385952031e+01 3.594231476115155743e+01 3.449379273373067889e+01 2.790477228031120305e+01 8.572456370770570544e+00 6.122808316535774509e+00 6.283783186414252597e+00 6.586291506485577152e+00 6.900358390180613810e+00 2.684326163984006541e+01 3.060907077895052453e+01 2.386803145357711387e+01 2.811609920561165410e+01 2.892101694658520472e+01 9.544488823178815196e+00 2.952388295638360205e+01 3.594277264594176557e+01 3.992645252623373864e+01 2.994736315714143871e+01 4.990556135008363725e+01 5.734326670783153901e+01 5.145367139523644795e+01 7.156200758838771492e+01 8.228617961651026746e+01 7.433068367053512304e+01 8.228569375787431284e+01
2.352828262072654761e-03 2.000235282826171712e+01 3.374452093234160799e+01 4.202879150171356315e+01 5.357579462491959532e+01 5.628138862853241164e+01 3.623334558771826863e+01 4.214295157744060560e+01 3.282908866049216812e+01 2.709287491939133119e+01 4.740139030088856487e+01 5.602143648348837957e+01 4.472271390459521712e+01 3.155828734657699997e+01 1.160770911659688842e+01 2.862605866695316692e+01 3.593633029035500215e+01 3.352228999055691361e+01 2.854103628122957304e+01 7.583280502587925298e+00 2.110465112190189885e+01 3.917875242294860527e+01 4.406331242378994517e+01 3.373129217818484449e+01 1.464847007315972505e+01 9.973026392620912617e+00 2.520249356161287579e+01 1.601503127347608668e+01 2.000765903359683051e+01 2.532573812644392319e+01 3.105260672892110918e+01 3.732969178822686018e+01 5.145367115251631418e+01 7.156183442628444880e+01 7.762394927795642730e+01 6.924268568810785496e+01 7.187300662484470593e+01
6.786455232800275850e-03 6.673453121899437512e+00 1.374452093376484996e+01 2.529152631755716030e+01 4.529152630347039832e+01 6.416926052649813528e+01 5.613264925235078806e+01 5.954414245428938557e+01 5.278751164052430767e+01 3.642790196465058017e+01 5.518330991204808100e+01 4.806613070817959255e+01 2.831337926557342755e+01 1.674329383226525181e+01 3.155833756270754265e+01 1.533435603987332208e+01 2.953035180367046308e+01 4.929618496554755325e+01 3.242079477944846388e+01 3.242565562714271721e+01 1.850761332445773277e+01 4.196120887360392970e+01 4.803827098632953607e+01 2.784622200690674276e+01 3.375931391300306927e+01 2.994990722854796772e+01 1.058135306856622293e+01 3.055409010307939965e+01 3.992631689989456589e+01 4.525195064273033552e+01 5.101442308874003828e+01 5.734326670783153901e+01 6.568930828613957829e+01 6.359826757788236051e+01 6.597859591778265553e+01 4.909931773774661679e+01 5.171407172449098510e+01
3.257643153035955173e-03 2.000325764315267918e+01 3.374452093234160799e+01 4.202879150171356315e+01 4.558359627938695979e+01 5.395501607826985691e+01 5.629223140627674127e+01 6.478403138670626049e+01 6.364889950516771222e+01 5.041901866165327561e+01 6.364889980631684097e+01 5.435835664262326361e+01 4.053558275412688516e+01 2.072959214480721357e+01 3.802757207653857563e+01 1.804682992529671282e+01 3.802758278315213403e+01 5.019457568981702877e+01 5.653129102761747760e+01 5.071591311677244107e+01 2.905233560740490262e+01 5.071591311677244107e+01 5.637844956060797585e+01 4.803809747310352662e+01 3.975448087443242429e+01 1.775054214197219693e+01 1.101322666457859256e+01 3.067090738077178713e+01 4.697270912810455457e+01 3.979339393112897483e+01 4.377857672660920940e+01 5.294175781132329917e+01 5.771801129061297075e+01 4.344425050779363318e+01 5.699120767128793830e+01 3.755894255908231116e+01 4.016018155922004240e+01
1.880098487986705483e-03 2.000188009848763215e+01 2.664921023477374717e+01 3.014956837321921412e+01 2.544633316305495185e+01 3.873263565932808916e+01 3.513957309025229137e+01 5.257025752329559509e+01 6.442176051418293525e+01 6.826514065264244380e+01 5.748520806593987231e+01 3.818951763099978081e+01 2.675904876626137252e+01 4.053558275454864201e+01 3.802757209287607765e+01 3.802758278315213403e+01 2.215193156287141818e+01 4.210826794156531605e+01 5.446862078973121868e+01 6.059009624449586084e+01 4.574473299840934004e+01 6.059989185211387763e+01 6.191224052921368326e+01 4.190646854458575632e+01 3.414710941475440364e+01 1.169386845337236736e+01 1.144420686143188171e+01 3.141550286739622422e+01 3.246735786334460983e+01 2.202533153092581131e+01 2.537821229694035452e+01 4.358414438992073059e+01 4.776514325801555572e+01 2.976400206122541547e+01 4.135861556474931433e+01 2.869119774758017627e+01 4.275964610714900971e+01
2.900726248362994839e-03 3.290880482098200055e+00 6.624214003599732337e+00 1.010576928134374874e+01 1.388543399790497190e+01 1.859973239552526891e+01 2.414219934822458313e+01 3.563760052713305271e+01 5.594409051720719361e+01 7.372840521469085218e+01 6.553136122656768237e+01 5.093576518099681749e+01 3.159717955550241086e+01 5.093576518099681749e+01 5.762261737285749774e+01 5.019457455935356904e+01 4.210826794219983071e+01 2.653286398492096865e+01 4.070161094666271140e+01 6.014304062462087330e+01 6.710966375242759341e+01 7.023366382390527463e+01 6.019766600715456661e+01 4.190646854458575632e+01 2.212390613241714377e+01 3.395544451307475953e+01 2.234078310643329957e+01 1.205032714615236777e+01 1.248686481971288487e+01 1.292544428696274572e+01 3.224445429027174015e+01 3.397545779772314489e+01 3.443162145581380429e+01 1.526745325480202276e+01 2.135434064797193088e+01 4.135861556474930012e+01 5.134419578262542672e+01
5.081304048347549951e-03 2.000508130404799090e+01 2.664707073633104883e+01 2.166035560636126078e+01 3.395734199846854295e+01 2.655373068258205649e+01 4.415296139823416866e+01 3.478505034975464838e+01 4.479934122468293367e+01 6.557319396978545001e+01 7.009851788569272912e+01 5.093576517698303263e+01 4.037141507823753983e+01 4.178371613963483355e+01 6.041130175775274580e+01 6.227709442502051473e+01 4.368278060419979880e+01 2.980267626700645778e+01 4.957488584971501666e+01 6.405933723936996671e+01 7.519568753773548053e+01 6.188569609186199472e+01 4.184698832288841430e+01 3.194658567044726993e+01 4.190646854454602988e+01 4.521908788518096856e+01 3.419747277521791773e+01 1.435505421224794631e+01 3.225438745341425317e+01 2.580202459607555809e+01 1.355062906067111150e+01 1.399751837454309111e+01 1.444488741356153838e+01 1.489405563052904569e+01 3.487795099721279968e+01 4.346766064188238232e+01 3.947074582639121587e+01
4.469920835086939326e-03 1.414663673199202165e+01 3.414919318288908556e+01 4.174652857907433656e+01 5.009220672624912396e+01 4.669717443199216689e+01 4.298713631819313719e+01 5.506102432123529411e+01 6.361235720062779819e+01 7.430697160390396050e+01 7.510691863144784008e+01 5.597088986083602435e+01 5.948246977885462883e+01 5.038925437784970285e+01 6.789872555972681312e+01 6.899257274068240520e+01 5.443320850731709726e+01 3.474956599737878093e+01 3.656971026509391010e+01 4.791700627591855266e+01 6.711590141819181099e+01 7.023366382390527463e+01 6.019766600715456661e+01 5.186635055468845223e+01 4.944772749760081609e+01 3.766432593774683824e+01 1.769634521723163090e+01 3.432917570351484216e+01 3.829600199531203941e+01 1.847153343705298312e+01 3.356245623706749370e+01 3.398125120997787718e+01 2.832640964564834718e+01 3.487096380589174771e+01 1.552919713305497673e+01 3.449031019195720660e+01 1.950381563663617612e+01
2.324776005098761877e-03 2.000232477600474468e+01 3.181242930829666093e+01 3.888349712071838127e+01 4.716776866478203090e+01 5.871477425387094229e+01 6.320495096467572438e+01 7.157232459055391871e+01 6.745043757042796528e+01 6.745063823972941464e+01 7.573859175009411615e+01 7.510691863144784008e+01 7.038985831189603459e+01 6.266590885157079072e+01 7.149040052086671437e+01 5.306761304066251483e+01 4.233064635295031763e+01 5.443320850800712662e+01 5.603141907798961796e+01 4.465931175608099579e+01 6.378196678316301416e+01 7.127487073412832785e+01 6.297504312490149658e+01 5.309067518054089163e+01 4.116368305377812220e+01 2.121427811708865718e+01 3.766432593774683824e+01 3.399871776164190607e+01 4.650735824059518109e+01 2.735709957739531717e+01 2.409525800368927761e+01 4.397794295375445728e+01 4.712690465032420661e+01 4.378502916015701629e+01 3.551384489359339369e+01 1.616609513063350434e+01 2.839797373167631989e+01
8.699724428260374037e-03 5.782202416324542682e+00 1.181242930787986900e+01 1.888349711974547063e+01 3.043050250353818953e+01 5.043050250584009575e+01 6.314007647541880175e+01 5.485478833778034868e+01 4.744968770554860527e+01 4.744968845448381245e+01 6.745063823972941464e+01 8.070290416162461611e+01 8.582663322468488332e+01 8.118025889606346368e+01 7.723458662501373340e+01 6.463066079544626064e+01 4.926334866192620865e+01 6.864696092941998984e+01 6.971586514990228522e+01 5.078594320236413751e+01 6.971586514990228522e+01 6.297228808550713097e+01 4.297743588249909408e+01 4.480254275728317026e+01 2.486570911482523627e+01 4.116368305377812220e+01 4.944772749760203112e+01 4.810360078922175120e+01 4.728137318051103932e+01 4.143706605408956989e+01 4.400076387973570036e+01 3.007091516322106628e+01 5.001154647550256271e+01 5.077697707610590783e+01 3.214292602985572245e+01 3.519757052326283286e+01 1.681695888075980250e+01
2.249585233037712084e-03 2.000224958523268270e+01 3.181242930829666093e+01 3.888349712071838127e+01 4.716776814517095318e+01 4.200730438495176600e+01 5.029255201335710979e+01 3.485243417523475529e+01 3.330511325905415276e+01 5.330777171215586918e+01 5.219743369528686827e+01 6.644618501954637679e+01 6.364611940741401952e+01 7.520312837411353257e+01 8.354468686030699587e+01 6.474780428142692301e+01 6.449723753750947708e+01 7.745228086780153376e+01 6.264687544815274123e+01 6.971586514990228522e+01 7.774093410079468924e+01 6.287040259331763536e+01 4.297240136635020491e+01 2.888978453939280655e+01 3.299252672612060167e+01 4.480354392861695345e+01 6.479315761261551643e+01 6.805375800960986510e+01 6.720089030308905365e+01 6.141340459067849622e+01 5.447676232438008981e+01 3.450716832922720556e+01 5.447675834319362309e+01 5.845565980447751286e+01 4.687207922022334827e+01 2.727668793730290631e+01 1.727807948099830782e+01
2.739267172789772273e-04 2.000027392671692539e+01 2.409505830292136963e+01 2.617793217650878645e+01 2.829623616956016718e+01 2.199236257165562236e+01 3.545784243479680953e+01 2.329641119736572463e+01 4.330642377760838713e+01 5.637673393761987484e+01 3.796920058576449719e+01 5.274499451412515327e+01 4.599287694034293139e+01 6.679296411966248570e+01 8.282175152384375849e+01 8.425089731219527778e+01 8.817760942776592969e+01 8.935833376687317298e+01 7.334257384456726925e+01 8.514399721336243942e+01 7.356286242872856462e+01 6.523886774928428167e+01 5.191165427711898417e+01 3.195699464353087293e+01 5.191178896676151311e+01 4.560075147418577757e+01 5.973586486183912569e+01 7.975109707664240943e+01 7.836489458861181845e+01 6.177333624149439117e+01 4.179013608050724571e+01 5.447676232438008981e+01 6.265120573122586478e+01 6.620607744218796142e+01 4.707870315291462759e+01 3.752281034104805713e+01 1.774030309167601160e+01
8.327778614586212741e-03 2.039075365763050041e+00 4.080676320689299530e+00 6.155795131415782606e+00 8.266774942410918925e+00 1.041595139770339351e+01 1.543317983378874736e+01 3.545784243656029844e+01 3.927402800862303422e+01 4.226139196262318620e+01 2.787519793682905700e+01 3.252907412183098756e+01 4.266352491788286727e+01 5.430895667453330589e+01 7.446159564463980018e+01 8.912679796011799738e+01 1.007823508154233565e+02 1.004075736818476372e+02 9.226910289021611788e+01 7.682072368522567274e+01 5.677612634861237240e+01 4.523473585629863436e+01 3.947936172981729186e+01 3.593291480534081472e+01 5.590738735411996885e+01 6.559613209563768521e+01 7.387406404884130495e+01 8.427190486686858151e+01 6.448870897118575840e+01 5.032597143856690280e+01 6.177333624149439117e+01 6.991084116912911384e+01 6.380743459440539311e+01 5.559723886961278794e+01 4.722616408201608351e+01 3.807054930616070720e+01 1.820300067719495374e+01
6.510866554257996840e-03 2.000651019311554535e+01 2.409505825502419896e+01 2.617793217650721971e+01 2.829623616956016718e+01 3.045167234300846815e+01 1.391100622699002543e+01 1.652757911798259371e+01 1.919212962080983331e+01 2.216111884307960267e+01 4.226139196262318620e+01 5.274499451412515327e+01 4.335995116281300454e+01 5.159911257161748921e+01 6.060350442892460876e+01 7.223219364988568714e+01 9.241802981266056349e+01 1.012366320568701070e+02 9.211913233820342839e+01 7.204772854484089351e+01 5.787998009681838596e+01 6.524796966066570292e+01 5.946939632341894821e+01 4.406966650654489115e+01 4.276686796125795098e+01 5.690023563286639074e+01 7.694009975104256682e+01 8.427190486686858151e+01 6.448870897118575840e+01 6.448870897118575840e+01 7.836489458861181845e+01 6.685609479958813495e+01 5.262142647933316653e+01 3.582812187450537778e+01 3.974118829931075680e+01 2.035197180887599444e+01 1.866578392549499910e+01
8.953482861371391335e-03 7.080021294726816627e+00 1.463931075491142764e+01 2.463931075491160527e+01 4.463931122498581772e+01 2.656546225044376897e+01 3.395708924693296638e+01 3.656742834457290314e+01 2.589712677930065965e+01 4.217104791108464212e+01 2.906567304722390688e+01 3.463891055861184043e+01 4.132499288815048288e+01 5.135541347085143116e+01 6.296059244306012914e+01 8.314373858413222251e+01 9.536341577975288430e+01 8.114911828211803879e+01 8.853217284201096504e+01 8.625058116679707609e+01 7.792650660671040441e+01 7.824064922294489577e+01 5.820627404367517954e+01 6.407420667684786508e+01 4.809959509484770734e+01 6.224759418861352600e+01 8.228965203267125617e+01 9.224108020603789271e+01 8.427190486686858151e+01 8.427190486686858151e+01 6.970075482842820236e+01 5.547493650394662268e+01 3.842664674089153465e+01 2.435616597439655351e+01 2.262052625703110920e+01 3.974133319121564512e+01 3.864911460406941757e+01
