LEM/sinusoidal_perturbations/elevation_000537.asc
nrows	100
cellsize	150.0
xllcorner	0
ncols	100
yllcorner	0
NODATA_value	-9999
[rows 34 to 50 of 100, columns 37 to 73 of 100]
4.734191757226427910e+01 4.344945009722567164e+01 2.321829701142718960e+01 4.246005562225921892e+01 4.794920916723250315e+01 5.728006423756872323e+01 7.395988897982847732e+01 8.220722159745687918e+01 8.246092018089446185e+01 6.948298965678371530e+01 6.818448441715003128e+01 8.048410258523993832e+01 9.927308553916945755e+01 1.049569262113004982e+02 9.681627977639415406e+01 8.025922036796335135e+01 9.830207853391543438e+01 1.029897354225745971e+02 9.592270055053404576e+01 7.597401404551369808e+01 7.963466620639134419e+01 6.280102114486534504e+01 4.850955362284767602e+01 5.860592617958420902e+01 7.338514564486220593e+01 6.915703267247603492e+01 5.258115067928591913e+01 4.188042039187601517e+01 5.627576874783169103e+01 7.137537868566911925e+01 6.830565345423067924e+01 6.830565346746755040e+01 8.842762214642176843e+01 8.940018058882347418e+01 7.282385573539548318e+01 6.940573625286889126e+01 8.363691425005923463e+01
4.039137491797207247e+01 4.217900822864519483e+01 2.286642537084214766e+01 4.163372376144619835e+01 2.828579091230788478e+01 4.839710906818589109e+01 5.899206244865141002e+01 6.673607754058643593e+01 7.331004710380538825e+01 5.723781173399325439e+01 7.472779913981203492e+01 8.732676480007810937e+01 8.793646242379654154e+01 9.628355445835649107e+01 1.081697597810969000e+02 1.000380319835052632e+02 1.081697597811325409e+02 1.051763351451773616e+02 8.541046474178359915e+01 7.116844673412710165e+01 5.936193973150214021e+01 5.221275710930884628e+01 6.280102114486534504e+01 7.685427434922119971e+01 8.566158862577069044e+01 7.155098559790238255e+01 5.858072837267913258e+01 6.012085836103302938e+01 4.280069145962534094e+01 6.308614510875020187e+01 5.386554813605873449e+01 7.399306843073351558e+01 8.263530818542884049e+01 7.477381018137411672e+01 6.080535027364756928e+01 7.282385573539548318e+01 9.272218160063761161e+01
2.201798548226187791e+01 2.237222017657670037e+01 2.685470637430599794e+01 2.553200995911601723e+01 4.426041037650263377e+01 3.112668315095671545e+01 5.021709456088459689e+01 4.900699290069700709e+01 6.233651859520593064e+01 5.134572507773736305e+01 6.176847963558896737e+01 7.943766420967553188e+01 6.904647007807828629e+01 8.483094647633207330e+01 9.346096401606767756e+01 1.050264536294435231e+02 1.130270730271988384e+02 1.016466627222080774e+02 9.349523254976408282e+01 7.692004394930401645e+01 5.661160281309994247e+01 5.972631552355679219e+01 7.989459985787765106e+01 9.116901668435194495e+01 9.797248727121618117e+01 8.623226706976740275e+01 7.829676599653870994e+01 7.081038036884007170e+01 6.302982903477419541e+01 4.371033236186449500e+01 6.398270125469180414e+01 6.897190127771513346e+01 6.915497158822448398e+01 5.426265565098265853e+01 6.624104918649710783e+01 8.642977846479733728e+01 1.008361530998117530e+02
4.072758191967371033e+01 2.310050701097727455e+01 2.528800855377042112e+01 4.478450281493363150e+01 5.234580613850934583e+01 5.094100266270912414e+01 3.403002289878041609e+01 3.895338391225699581e+01 4.398199973694288900e+01 6.128101509516864098e+01 6.388109292827498109e+01 6.880731485303518014e+01 5.864312830378926833e+01 6.606379390507163407e+01 7.669764047859024458e+01 9.652850561687486675e+01 1.048946015359959603e+02 8.515032355375583961e+01 7.351487739238842778e+01 6.625508155890419459e+01 6.030164683141440207e+01 6.916541785263432018e+01 7.317792139881517244e+01 8.722839637575530958e+01 1.065517998954720298e+02 9.414514331811122361e+01 8.261518225062762610e+01 6.905513101881606985e+01 4.858623542019496711e+01 4.415876244126312855e+01 4.457977638832367262e+01 6.250521430051131944e+01 4.940236798891165648e+01 6.918352384864256521e+01 8.300617820144742609e+01 9.457241298841108801e+01 9.174962720693430640e+01
3.369243882451104355e+01 4.522930923384193846e+01 4.560952491176402646e+01 2.862440595390782505e+01 4.869641814813896730e+01 6.002518123977814923e+01 5.273433018105259151e+01 3.731006473962982284e+01 3.967693088809661361e+01 4.208605312616809613e+01 4.462255141929317404e+01 5.015757036973246841e+01 6.880731546217322148e+01 7.839110318706303815e+01 8.462157117467812384e+01 9.285321533094027302e+01 1.026166151091128427e+02 1.016466627222079921e+02 9.349524307740691142e+01 8.442890847209719141e+01 6.413024968840464624e+01 7.706771713003371360e+01 9.245612177535265630e+01 1.009248380373560821e+02 9.756500332342996273e+01 8.597427372095621934e+01 6.590259565551276921e+01 5.408697812274358085e+01 6.905513101881606985e+01 7.202194752176842485e+01 5.907692566451609650e+01 4.552474482610620043e+01 4.620373663143586640e+01 6.648759873418386235e+01 7.572493652226479810e+01 8.628663494683696911e+01 7.268997840557140933e+01
4.286588941945210252e+01 6.256786404859629158e+01 5.574762398325403723e+01 4.652636928460085386e+01 3.197812337866304944e+01 5.211355865255293907e+01 6.563178602244062176e+01 5.792007360164071628e+01 5.144367186197766273e+01 5.095825013531195680e+01 6.388111273609033702e+01 4.876239868318269544e+01 5.424292202216052061e+01 5.977871183245368059e+01 6.593018553122661274e+01 7.500177591369593699e+01 9.424139085207744415e+01 1.109104107831681745e+02 9.124738861260703970e+01 7.711941053064748530e+01 6.872525340223852197e+01 8.174891911204369421e+01 1.007109628823805707e+02 1.033793026197594571e+02 8.362616963672111581e+01 6.942867212084927075e+01 6.027961221879989040e+01 7.438588516906058601e+01 8.261519346083423443e+01 7.032285975924976640e+01 4.960429623539718591e+01 6.603391608907243437e+01 6.648759892021735141e+01 4.715716791146601850e+01 6.744914309828517673e+01 6.909926798971567052e+01 5.938797465981460277e+01
5.752841376749424285e+01 7.156410420634742309e+01 6.479134200754546669e+01 4.807515822612438683e+01 3.439477434148521695e+01 4.864987922049462554e+01 6.879612887833569346e+01 7.809138758934456348e+01 7.014004030510540133e+01 6.053490477902996503e+01 7.111046752308783425e+01 5.223401612721057319e+01 7.111047409613760806e+01 7.839110318706303815e+01 8.462157117467812384e+01 9.285321533094028723e+01 1.026170457064770147e+02 1.166479876604192327e+02 9.700612677566482489e+01 9.370266552508034863e+01 7.380989012147584560e+01 9.370267359202188118e+01 1.091223025545386349e+02 1.091966307258694258e+02 9.756500332342996273e+01 8.549369491773396135e+01 6.541905092831581214e+01 8.549369491773396135e+01 8.644422270206385406e+01 7.329406483430805963e+01 5.255241428051123620e+01 7.327106054176978489e+01 7.553323167295691576e+01 6.608560009224956389e+01 4.810607693604609381e+01 4.878378852277943167e+01 4.946221158835133025e+01
7.777748049868593228e+01 7.597483963782596561e+01 6.068336542802769173e+01 4.093859478628856152e+01 3.735732848665750083e+01 5.743006125892533476e+01 7.008224741025453852e+01 8.014764923141240160e+01 8.748079938109340503e+01 7.372486473113239924e+01 7.912310506832233159e+01 6.317789041947425943e+01 5.763024457489338204e+01 7.629525073886556186e+01 8.730755721405259351e+01 9.344837471247650740e+01 1.019211726158894322e+02 1.120311658630732268e+02 1.050328602030161846e+02 8.540836722065327535e+01 8.388650675786138322e+01 8.795729511464107020e+01 1.075732442330811836e+02 1.010731939281346996e+02 8.132622703945470732e+01 7.372985782447779002e+01 8.549369491773396135e+01 9.171447359311478920e+01 7.794961328412854584e+01 5.712936767191177267e+01 6.448584827699123423e+01 8.180913710451638110e+01 8.824324870885502037e+01 7.296233361706690346e+01 5.262177206103680760e+01 6.909473229667032967e+01 6.979685589570948423e+01
8.174946143887895289e+01 6.177082060269987096e+01 4.799712464129860479e+01 6.068336542802881439e+01 5.743032346138201660e+01 4.166616290295988279e+01 5.168374529033547304e+01 6.578521716766393013e+01 8.604953392562487124e+01 9.293933658856261104e+01 9.012448489949471764e+01 8.194665633561599805e+01 6.830887720231493176e+01 6.341148405971786417e+01 6.845386396102482252e+01 7.432520459830290349e+01 8.342647196230761608e+01 1.034710189405656990e+02 1.131525484054131141e+02 9.675933479584917052e+01 9.524582781674702403e+01 1.075732442330811836e+02 1.156935776001865008e+02 9.747079414276127807e+01 1.010731939281346996e+02 8.374723490261156655e+01 9.736014573757316271e+01 8.325388076189287290e+01 6.237095881961293031e+01 6.558851885836880058e+01 8.532631241363768027e+01 9.376043852888005858e+01 8.072442076761646490e+01 6.039782922464201675e+01 7.299062453526310890e+01 6.930783734154395859e+01 7.913123356252322083e+01
8.022196631435521397e+01 6.030034880193526448e+01 5.537594585708704642e+01 7.511530737682240044e+01 5.800692758453718767e+01 6.170197698975167100e+01 4.655050528285131151e+01 6.655338914881701839e+01 7.700017424143818801e+01 8.545889931699984743e+01 9.563573511157940743e+01 9.548221288015703578e+01 8.720478903099582624e+01 7.026584701920933185e+01 8.730755721405259351e+01 8.763759107999966602e+01 1.019206730622807839e+02 1.120414125671315162e+02 1.244621928449022477e+02 1.163349637985984231e+02 1.148199858165001928e+02 1.229444971364092538e+02 1.252144213790198535e+02 1.171020348225580818e+02 1.034718490864365918e+02 1.034718490864365776e+02 8.894878260717429441e+01 6.802437720399798593e+01 8.325388073206823947e+01 7.607345245860874172e+01 9.490803917601833462e+01 9.703472491968385327e+01 7.705876355860239357e+01 6.768792428912405512e+01 8.785431744331911830e+01 8.935806455829413153e+01 9.745057420759830791e+01
8.870279899700523174e+01 7.422885761788460002e+01 6.504345188039732761e+01 8.360384825060364733e+01 7.218243354438399706e+01 7.495427029080272519e+01 5.651934078956570318e+01 5.200398860622679820e+01 5.697537669519029180e+01 6.685116494875242665e+01 8.111575074022097454e+01 1.017151678914308377e+02 9.757458877560554811e+01 7.941101623903091422e+01 9.757483137292983599e+01 1.087884837860000857e+02 1.102324089111972967e+02 1.181099010074207030e+02 1.200210740998166870e+02 1.119104150920486802e+02 1.200210740998166870e+02 1.257172986800828198e+02 1.176150965501711738e+02 1.257172986800828198e+02 1.230854590100241950e+02 1.035598682836637465e+02 8.289667273363851052e+01 8.894878255020783797e+01 7.483631738159311908e+01 9.572643011807096514e+01 9.314644228221587241e+01 1.051632401612272218e+02 9.602017594264968636e+01 7.788834431167789774e+01 9.602017594264968636e+01 1.023338065024836396e+02 8.296038744591399450e+01
1.031768039507570478e+02 9.375486478620459252e+01 8.524218372937791344e+01 9.375487397124307165e+01 9.253329007637147186e+01 8.503652864451531457e+01 7.062258431182502250e+01 5.827990237180917177e+01 7.700017424085352502e+01 6.685116494875327930e+01 7.844538181010265987e+01 9.903881117799073763e+01 1.075092557464253957e+02 9.904851214029487494e+01 1.075089635099126326e+02 1.071681524081068346e+02 9.074425809991805636e+01 1.071689844782564904e+02 1.101353934652839257e+02 9.206014684652618030e+01 1.101353934652839257e+02 1.158677162843950441e+02 9.785847266469664874e+01 1.127542927586776074e+02 1.208736217249761609e+02 1.118236260517639096e+02 1.035598682765088228e+02 1.007715949271501330e+02 7.996984752067217528e+01 1.007715949271501330e+02 1.135009360502824904e+02 1.216867997912352735e+02 1.059368039479843020e+02 9.782029057496040991e+01 1.059368039479843020e+02 1.103695716516342031e+02 9.917981905745179461e+01
1.029065638863000203e+02 9.469281155932478100e+01 1.029065638863000203e+02 9.911083476805889347e+01 1.073075772207660918e+02 9.945002504639789720e+01 8.508184322271891631e+01 6.484550854779031681e+01 8.508184462875192366e+01 7.844538180999293786e+01 9.563590557516940294e+01 1.074960059605796374e+02 1.170765523639903165e+02 1.149342335989213666e+02 1.113771078399790753e+02 9.155931719493814569e+01 7.908549837529456283e+01 9.908602106352932992e+01 9.195982478180545172e+01 8.193436859432367214e+01 1.019852809692874303e+02 1.077367846074339184e+02 8.774680067080370804e+01 9.287461543988457890e+01 1.070030237155842912e+02 1.266390844833701266e+02 1.151244688332688071e+02 9.482643989620494551e+01 9.482643989620494551e+01 9.055009888505033189e+01 1.051504403626667568e+02 1.250984973039076351e+02 1.186293047744530327e+02 1.087107822359651834e+02 1.005008303942518637e+02 1.039260180308616697e+02 1.002390898108102419e+02
9.286991740347365010e+01 7.451861310595842269e+01 8.489401507471775687e+01 7.900521553570661126e+01 9.911083477851315138e+01 1.107318140630548129e+02 9.357252363947267781e+01 7.480525215180456655e+01 9.357252436675899787e+01 9.903880204148271105e+01 1.074956134036701485e+02 1.170765538938998134e+02 9.727853772558951562e+01 9.510315361296233050e+01 1.090701571860966652e+02 9.155931848986807609e+01 7.144290897928711104e+01 8.336822382078545957e+01 7.181073450696435145e+01 9.195982478180545172e+01 1.007842957918766587e+02 9.256708393737865492e+01 8.003600936373675268e+01 1.001812808633626446e+02 1.083361628393114273e+02 1.279813089634836842e+02 1.232809541099937718e+02 1.151244688332688071e+02 1.151244688332688071e+02 1.009631146618431501e+02 1.191736508668246728e+02 1.244525277617936467e+02 1.046162683231667501e+02 9.057548658918761930e+01 8.064344909209742696e+01 8.407130189876534132e+01 8.035104105468201396e+01
8.460571256688673714e+01 6.435476904153537703e+01 6.464465352444767632e+01 7.232390728495029464e+01 8.250648152476729535e+01 1.025568713927611526e+02 1.038367035692694316e+02 9.535844827077644936e+01 1.038369386362032429e+02 1.109426937885222486e+02 1.191876989648311422e+02 1.126212797979971469e+02 1.009115426849255357e+02 8.079698335593953118e+01 1.009115426849255357e+02 9.973599016806537065e+01 8.336822382078545957e+01 6.330528455865974280e+01 7.997979332407800257e+01 8.311408087621659035e+01 8.673328854101961838e+01 7.235822382653003615e+01 8.003600936373675268e+01 8.836086308561732494e+01 1.025696219345075235e+02 1.222578240996684826e+02 1.343164622803789996e+02 1.261389202049623037e+02 1.291333238508369448e+02 1.210230672767023208e+02 1.291333238667357364e+02 1.208124142964163639e+02 1.108903617251000497e+02 1.026799087754284727e+02 8.988661361855781706e+01 6.990497065718018632e+01 6.608817470181433862e+01
7.695157539922047363e+01 5.674806571126127608e+01 7.695157539922047363e+01 9.253189297646380851e+01 1.007541647808014602e+02 1.107318140630548129e+02 1.138230330710675275e+02 1.050589753171766176e+02 9.679175758103056637e+01 9.093025171455762745e+01 1.109426937885222486e+02 1.044689303147542034e+02 8.445115795940411374e+01 7.403430657060455644e+01 9.420668983022984833e+01 9.549471009119343989e+01 7.943845583928073495e+01 5.946991650087522174e+01 5.999221932493508547e+01 6.304484828403431607e+01 6.658239307021364084e+01 7.558028279949839146e+01 8.730603982318635303e+01 1.072994743159804472e+02 1.164650716412774329e+02 1.227855575805041326e+02 1.228942216782401715e+02 1.063378010345746816e+02 1.183740532660675058e+02 1.265584838604389404e+02 1.266390790518790226e+02 1.068006705613956626e+02 9.274861167054748989e+01 8.284591729309484265e+01 7.683620709850782760e+01 8.988661361855781706e+01 8.617601296961703383e+01
7.271653397535172303e+01 5.258465148496460273e+01 7.273885654663098421e+01 8.292455649123898809e+01 9.194086906973691953e+01 1.035312728379296345e+02 1.055612407513330595e+02 8.547907554558908316e+01 7.661074543220603061e+01 8.916405399690864897e+01 1.092172387997956804e+02 1.023042876896664808e+02 8.225102213487816982e+01 6.798504422947875980e+01 8.812448763094104720e+01 8.725715449483422503e+01 6.718616293139433537e+01 5.579817108129325476e+01 7.566916227967347197e+01 8.311408087621659035e+01 7.373486684864693075e+01 9.387985085351162695e+01 1.039545962331742999e+02 1.154403699510064456e+02 1.227855575805041326e+02 1.029167091225267825e+02 1.065627107475943660e+02 9.475795660099605300e+01 9.846960072387726370e+01 1.125796427520161558e+02 1.323629977150476122e+02 1.167198748066373071e+02 9.686436443004421903e+01 9.669974079190539840e+01 9.088687877158687911e+01 1.049116138659913560e+02 9.025212171232186620e+01
