LEM/sinusoidal_perturbations/elevation_000249.asc
nrows	100
cellsize	150.0
xllcorner	0
ncols	100
yllcorner	0
NODATA_value	-9999
[rows 0 to 16 of 100, columns 37 to 73 of 100]
9.106421743185845230e+01 8.277439445072769786e+01 8.539667317798911483e+01 9.127322497906168053e+01 8.725442100723340388e+01 8.725442448972293619e+01 9.551839345897747080e+01 9.915440577900379537e+01 9.983712200549555860e+01 9.173513060122067486e+01 9.983716629271461329e+01 9.668024215316143000e+01 8.841991344615746584e+01 9.101219216478824592e+01 9.927397236072950193e+01 1.016319114559288721e+02 9.015142093300552517e+01 8.240003732111787826e+01 8.262507719179991739e+01 8.011583061148608920e+01 8.825194625146042426e+01 9.947257730431353195e+01 1.008288748589401962e+02 9.286482580440437573e+01 1.008288748589401962e+02 9.913618676467463331e+01 9.111280291610601978e+01 9.360650992500953294e+01 1.016414323970889342e+02 1.039006155826221658e+02 9.558959629263939917e+01 1.039006155826221658e+02 1.018474569335965612e+02 9.353399043657195477e+01 1.018474569335965612e+02 1.043932566127986092e+02 1.127003697941106424e+02
7.420743093259088141e+01 6.214216185425075167e+01 6.484206366562547430e+01 7.086236940715147625e+01 6.675615878669258052e+01 6.675615878826106098e+01 8.725442410569199581e+01 7.958989131334151068e+01 8.532020940963198541e+01 7.214837820782247491e+01 9.004765235741997742e+01 8.521766062925095753e+01 6.860276628452660930e+01 7.117193753147213897e+01 8.780136468506925951e+01 9.308045112498034257e+01 7.285073232848529301e+01 6.513414562033064215e+01 6.401684983384467387e+01 6.167164215496374169e+01 7.198775663279559467e+01 9.121898615021669343e+01 9.122565458812412942e+01 7.366686616005158328e+01 9.122546809496331832e+01 8.796993020747783021e+01 7.178483267312525129e+01 7.429865403276680524e+01 9.360650992500953294e+01 9.386449434689289717e+01 7.551417805224438951e+01 9.386449434689289717e+01 9.181285921760101587e+01 7.346532856775888831e+01 9.018396173369977475e+01 8.429827908301838590e+01 1.043932566127986092e+02
8.353136575978352596e+01 7.086236940715451738e+01 4.998603464372823169e+01 6.233964142883215942e+01 5.191932260484952621e+01 7.275996078854255700e+01 8.532020620695543300e+01 6.577012119741795004e+01 6.577012119930472522e+01 6.239993034509701886e+01 8.194175372585286254e+01 7.636099376471599953e+01 5.721042085906673691e+01 5.977829346311692404e+01 7.955741581145278474e+01 8.244413052566856948e+01 7.240094998230834733e+01 5.745253700495678828e+01 5.165879483310116882e+01 6.946707344112867588e+01 8.319816756044595252e+01 9.594323533582198138e+01 8.326581889580621976e+01 6.391873937280432472e+01 8.326584026490226620e+01 7.995374951910045525e+01 6.050618148234124760e+01 7.995379409343200905e+01 9.255649262482856443e+01 8.555188717244188013e+01 6.557359635643697970e+01 8.369390875616002745e+01 7.621401194623180686e+01 6.354709194007929796e+01 7.013105503909683591e+01 9.018396173369977475e+01 1.012627755281065589e+02
6.490396048202471491e+01 5.437249850692445818e+01 4.698561894228795666e+01 4.152476526793472544e+01 6.233964142883278470e+01 7.841444972102402744e+01 8.532020940963198541e+01 6.577012119930472522e+01 5.197723587756031094e+01 7.149619926842262885e+01 8.213409539736237264e+01 6.234054683893678117e+01 4.798786493272295672e+01 6.078016877628735415e+01 6.903506156163557250e+01 7.491856349100517320e+01 5.854448098643042897e+01 6.268867730474288891e+01 4.658372938792058449e+01 5.693131561074588376e+01 7.522292216832589418e+01 8.757847393364725974e+01 6.759351328194952657e+01 5.741487403924388389e+01 7.681680045052502237e+01 7.409011384873876693e+01 5.464481693663162076e+01 6.513964927992823561e+01 8.452517720371184851e+01 7.848849444641447803e+01 5.864411988148250288e+01 6.378171344749693361e+01 5.641355738281655618e+01 7.621401194623180686e+01 9.018396173369977475e+01 9.849932443856458519e+01 8.969753470630958248e+01
8.353136576026597027e+01 7.517720278621864338e+01 5.799943968891139434e+01 3.734910441195900432e+01 4.920474804437716898e+01 7.001321189379581256e+01 6.866674038278577541e+01 6.056332850046103289e+01 4.715972602112251622e+01 6.103920056543108785e+01 8.057861867102309361e+01 7.490649286814748109e+01 5.492885375096165035e+01 3.980623171520256420e+01 5.416419846962713791e+01 6.253102497069526322e+01 6.244884411886180686e+01 4.539451217091087187e+01 4.242439446975252793e+01 5.541222840842451802e+01 7.388637289405730257e+01 8.422302208964758563e+01 6.526426782279690997e+01 5.150215896466103516e+01 7.103024444199705556e+01 6.869051784573204600e+01 4.919855086396079713e+01 6.301542240044803833e+01 8.241334119748191256e+01 8.369102870111574077e+01 6.378169125973413145e+01 4.990604799039814310e+01 6.961386042509336392e+01 8.304808869978231201e+01 9.584931096778593940e+01 9.521805101815033368e+01 7.702458120954848653e+01
7.765828829192865612e+01 6.926731895491754187e+01 4.853102582474886617e+01 3.418873665310000831e+01 5.460454546590327851e+01 7.179538935944295019e+01 6.056332850046103289e+01 4.077848798780375716e+01 6.056332850046103289e+01 7.325169911769881992e+01 7.235554857375822735e+01 6.366752527203701106e+01 6.413155406162100292e+01 5.416419846962713791e+01 3.206725755642102627e+01 5.099317208659782352e+01 5.122015370814209234e+01 3.689486410501331903e+01 5.568226351026399357e+01 6.074625091537310340e+01 7.923979811343855317e+01 8.010385172743124826e+01 6.071243588819942971e+01 4.678109923837593698e+01 6.033997807039629180e+01 6.431631676654554042e+01 4.467491979213370001e+01 6.434452298449268426e+01 7.569196481177232272e+01 7.012225724158611229e+01 6.186903150719925293e+01 4.647543390150412534e+01 5.528327932699709635e+01 6.894633328666657235e+01 8.288199496879158801e+01 7.243458144468149840e+01 8.093304035695501852e+01
5.747565056007642426e+01 6.129230031913298404e+01 5.141613178804688999e+01 3.133567617300618124e+01 4.268021404076662151e+01 6.334961735620301937e+01 5.660636055725847626e+01 3.668870793272573394e+01 4.540371176036866530e+01 5.930116383100386201e+01 6.311992791536410863e+01 4.213803912467648161e+01 4.209564613131264110e+01 4.393880301061391691e+01 2.422974305405970696e+01 3.828063601121844783e+01 3.194548573729983332e+01 5.064140045490826481e+01 6.087561927351389812e+01 7.028589008554759232e+01 7.235657276299461671e+01 6.402951559299545181e+01 6.402478072144234034e+01 6.033913190401070636e+01 4.045458805630045873e+01 5.460550930189683783e+01 4.034650645284088455e+01 5.948030799674463509e+01 5.638722579606596952e+01 5.769061468742409460e+01 4.196151324264292271e+01 6.037395567386016637e+01 7.381298892704485581e+01 8.304808869978231201e+01 7.040784818630973518e+01 5.189953041980899684e+01 6.172909254804039136e+01
5.965601916550030381e+01 4.007026355571125720e+01 4.845543012036137753e+01 2.877772999614082750e+01 4.845395906511146933e+01 6.574905735300845322e+01 5.399616822469483424e+01 4.673860437446596450e+01 3.113370455558337824e+01 4.534443961917542509e+01 6.455635325174083050e+01 4.806473488939580108e+01 2.696202248106726884e+01 2.373497735582473567e+01 2.428407919455379371e+01 4.113162109274760070e+01 3.076457099709225318e+01 2.779952945138563081e+01 4.114944575284128803e+01 6.152556825599772594e+01 6.140207481872796791e+01 4.359610740397922513e+01 4.381702142359531393e+01 5.032281532636864796e+01 5.312307306098945503e+01 3.443370165332199662e+01 5.240649949423291076e+01 4.528622481633817642e+01 4.940238451476938053e+01 3.756605904838494325e+01 5.766516417152264040e+01 6.531234710466711135e+01 7.410975813263958401e+01 6.888780305429534678e+01 5.992935156875425662e+01 4.125130156687388450e+01 4.253760406098313496e+01
5.082560135482520991e+01 3.116319045615208694e+01 4.182549657001428045e+01 2.636069875857773681e+01 4.564349559365378894e+01 5.184311374302102138e+01 4.023038218835701940e+01 2.621719656378190066e+01 4.412458349017220627e+01 5.657194963390667652e+01 5.066841152952276417e+01 4.232651546598523140e+01 2.296125646475734072e+01 4.315959834590379529e+01 4.446824244674593274e+01 2.505566074446166880e+01 2.559905190564026611e+01 2.614235054944663261e+01 4.632436185001304096e+01 4.922385144042534222e+01 3.183484681498613256e+01 3.288797750755681903e+01 2.937889061680197145e+01 2.995275582217867694e+01 4.425018004749858846e+01 3.159267376943325800e+01 3.219059605753075459e+01 3.279250222361630307e+01 3.339858359017322442e+01 5.366587575147969602e+01 5.071280202176141927e+01 4.679734210228189539e+01 6.323198147625928556e+01 5.854047906152200653e+01 3.959965567689157950e+01 5.936119907529168671e+01 4.720123969314412449e+01
3.763852372522644174e+01 2.497316129639291660e+01 2.294281575460593459e+01 4.174351041384520045e+01 4.562746770899130411e+01 3.334005660971106977e+01 3.808671495091071790e+01 2.300618414136793533e+01 4.056988031866493571e+01 4.113402523392826993e+01 4.166890557542831885e+01 2.219161839635995648e+01 4.241943479242049619e+01 3.160195808702080100e+01 5.154924938825265457e+01 4.767020178253649476e+01 4.349409687288009962e+01 4.310785757892151793e+01 2.691689184477223407e+01 2.746940469814486008e+01 2.802000450328169734e+01 2.857070853605350536e+01 4.890400761900587412e+01 5.018937078687695674e+01 3.076978319419309216e+01 5.148277726500823093e+01 4.659760508824743397e+01 5.306077461601871192e+01 4.779384066788963992e+01 3.428519360279030082e+01 3.491902416771787898e+01 3.555790733310772822e+01 5.578678278413241998e+01 3.807318198011338239e+01 5.382401876572998844e+01 6.450137656478547399e+01 6.165891697920680770e+01
1.666759363575893005e+01 1.936328001167118273e+01 3.747765885141084397e+01 3.031429371224406211e+01 3.096881590351719282e+01 1.939898436228281398e+01 1.930586617688530637e+01 1.982262362398872213e+01 2.034690253098746027e+01 2.088233684592490391e+01 2.142338967882641398e+01 4.166791419486387582e+01 5.071384107987397982e+01 4.579267798413992807e+01 4.234930200806419265e+01 6.163042486502311590e+01 6.672620684683687386e+01 5.038474008740508481e+01 2.997050925377464381e+01 3.738770899873225062e+01 4.816022199849342655e+01 4.498851309946427790e+01 3.176451239778305791e+01 5.214531390843016112e+01 5.455185868844905883e+01 6.413226556112458354e+01 6.662471288358128163e+01 6.502318087320560380e+01 4.517239975017685794e+01 5.454246177796104433e+01 5.516436824913603942e+01 4.863080951313786926e+01 3.647151703322206373e+01 3.724083252385710097e+01 5.516240044397925146e+01 6.608525282429387460e+01 7.595168084363085370e+01
3.305746662232206035e+01 1.715039264088120063e+01 1.749424472107182282e+01 1.784017414025725046e+01 1.818721318404609733e+01 1.854693334461887488e+01 3.881503021136335718e+01 4.010301731423328420e+01 4.062047229423897221e+01 2.928081469500284229e+01 2.943803932721968764e+01 3.636179084875765710e+01 5.616302355947286173e+01 6.544683882675710151e+01 5.239833861138123439e+01 6.421703649014789050e+01 7.145512518967444748e+01 5.313707564091711077e+01 3.316491898613146816e+01 5.191440486104280438e+01 5.107511622660717165e+01 5.885027300556588159e+01 5.214557435108505956e+01 3.511339173190926033e+01 5.546973789054727888e+01 6.716650450693188645e+01 8.133613080299852527e+01 7.335428259333588130e+01 5.661576876391315949e+01 7.335424538405450789e+01 7.052516294488518156e+01 5.104895989704974113e+01 5.666858028542153392e+01 5.737816116286489887e+01 3.833581569206292983e+01 5.841751276832314943e+01 6.022743662231861350e+01
3.353479422105559848e+01 3.777675818817301234e+01 2.699787894215713280e+01 3.010447740972890784e+01 2.888971072068601131e+01 3.880222560164537526e+01 1.923845692874491675e+01 3.947998320052161603e+01 4.816840063773271652e+01 5.216048155967957456e+01 4.841665940867752482e+01 5.533076998113715916e+01 6.443538513315245098e+01 7.996961666223693044e+01 7.202253767013671393e+01 7.629393638897305152e+01 6.406020967350237072e+01 4.338658587927115917e+01 3.697558610475697094e+01 5.664009487341042615e+01 6.728253303903227334e+01 7.509427742450857579e+01 6.377687987742132236e+01 5.546975442189987149e+01 3.860312575820960035e+01 5.299733649778567468e+01 7.201485239941720806e+01 7.909542268717873981e+01 7.657722183796205684e+01 8.490220758297347459e+01 7.918043037449474753e+01 7.090050729105288951e+01 7.190631012266608479e+01 6.057851229920165537e+01 4.107837140961896694e+01 3.948129468956629751e+01 4.029379716667494904e+01
4.492346586166890177e+01 5.016533707416189714e+01 3.959285022725590864e+01 4.723556455419125655e+01 4.629640467486565569e+01 3.005102108132748739e+01 3.948235918413647028e+01 1.990462717747091759e+01 3.920013701676970186e+01 4.671283052803386227e+01 5.688159750454295249e+01 5.613197729986439555e+01 6.391257976402708607e+01 7.277584081668959470e+01 8.496109139798127785e+01 7.794587763661660063e+01 5.775755036272291676e+01 6.265918557278525469e+01 4.517667950102659091e+01 4.320290656768895587e+01 5.684727177184358737e+01 7.652614578428037362e+01 7.580401089300110584e+01 5.577692686214008688e+01 4.146810969597274976e+01 4.637901662525793256e+01 5.199480948564200844e+01 5.906854573032040179e+01 7.322975640336247238e+01 9.325639378192232698e+01 8.630884369799059641e+01 6.608129784522573402e+01 5.208465844674886114e+01 4.484297803062688104e+01 6.063895211967372489e+01 5.368651556531224855e+01 5.455078355899203757e+01
3.898745301786420470e+01 6.037030749139074715e+01 5.876696690304979853e+01 6.250030403079883712e+01 4.271145118549405595e+01 4.998471319822590431e+01 4.842305422344982446e+01 4.013552814196342666e+01 2.056218871863338293e+01 2.888217819453353741e+01 4.606736905882340238e+01 3.606239346715347693e+01 4.341587241263724906e+01 5.538002896323360602e+01 7.667174097737968452e+01 8.761116379484523975e+01 7.930145343206099540e+01 7.286562550257542625e+01 5.475572929335066164e+01 6.261108052404023994e+01 4.988980434738660819e+01 6.925239322481796478e+01 7.863439607892566130e+01 5.862054870529299677e+01 4.440243948914868355e+01 6.448246858372694135e+01 7.201485243608715336e+01 7.201485243608715336e+01 7.322975640336247238e+01 9.325639378192231277e+01 8.852652336875367212e+01 6.829286300088881490e+01 6.720747861686034241e+01 4.761883962370433210e+01 6.720747861686034241e+01 7.351917337969673838e+01 7.474197630252371027e+01
6.037030749139407959e+01 5.440390116822413091e+01 7.477439190125217294e+01 7.069834805492945407e+01 5.672247217749284687e+01 6.288054937266377209e+01 4.292327519859441765e+01 2.857322916152409320e+01 4.060113964307689116e+01 2.122775163069905346e+01 2.695996995316349398e+01 4.703186584943015447e+01 6.255632678920022727e+01 7.206982991707116071e+01 8.288079740722017164e+01 7.457494228596053176e+01 8.289079894518428659e+01 8.276771730208764666e+01 6.842838195383164646e+01 7.429735695613993585e+01 5.475829481340349503e+01 7.429735695613993585e+01 7.898710600052579878e+01 5.897356737404209781e+01 4.742566398641563552e+01 6.743228408708850452e+01 8.063831501445078231e+01 9.203043370796700628e+01 9.325639378192231277e+01 1.015245466860681205e+02 9.689987398198019264e+01 8.432385126049140922e+01 6.431971007432815668e+01 5.046935601990658427e+01 6.431971007432815668e+01 8.432385126049261714e+01 8.646688077342561485e+01
6.543383284845911874e+01 7.477439190125217294e+01 8.312713441038657436e+01 8.467658186588168689e+01 7.223309190954967107e+01 5.239337313980396260e+01 3.818822628016129528e+01 4.827395758320175645e+01 3.450008358704824474e+01 2.170263500792056632e+01 4.110254370434715554e+01 4.600412600840571287e+01 5.810808559097505821e+01 6.946672988651960168e+01 7.250108204304591197e+01 5.358722422801821494e+01 7.252533140195755834e+01 8.707016978739103763e+01 8.861349976768124748e+01 8.003357225145228426e+01 6.016273756050792798e+01 8.003357225145228426e+01 8.726919462168406483e+01 7.450188389697589741e+01 5.450603603358980820e+01 5.237069033378627836e+01 7.235112775139353403e+01 8.519259261253175453e+01 9.346933817178774007e+01 1.034763654201685483e+02 9.653991693114596728e+01 7.640659675987923549e+01 6.228612232535494542e+01 5.353811708957805848e+01 6.488003570710060330e+01 7.902685049043249421e+01 9.915976745997991770e+01
