LEM/sinusoidal_perturbations/elevation_000166.asc
nrows	100
cellsize	150.0
xllcorner	0
ncols	100
yllcorner	0
NODATA_value	-9999
[rows 0 to 16 of 100, columns 0 to 36 of 100]
8.271705653423140972e-03 2.000827170565306901e+01 3.229291059211180226e+01 3.975641802028181360e+01 4.788745415273604067e+01 5.907439936822341053e+01 7.039775107506407892e+01 6.217628275721671827e+01 5.959814041243497229e+01 6.782093806630277300e+01 7.430002038335608461e+01 6.844960178706776333e+01 7.430002037673364157e+01 7.082206395854919379e+01 7.082206395854919379e+01 7.909348562149453699e+01 8.187343196210075291e+01 8.772133028396611110e+01 8.942320647378738840e+01 9.769008909961051756e+01 8.442884729775978769e+01 7.603096032435161078e+01 7.778981869940531624e+01 6.943688635619491833e+01 7.202368163157561298e+01 8.039409602980899194e+01 8.488038624887919070e+01 7.664646535337377031e+01 8.488038624867765236e+01 7.949085843045456556e+01 7.949085843045456556e+01 8.773552078522050124e+01 8.953698625546172707e+01 8.732343179559590851e+01 8.732343179559590851e+01 9.592405184662737838e+01 1.120616194204180545e+02
7.813061968023241044e-03 6.038024217313083142e+00 1.236235245333837085e+01 1.991890220789489874e+01 3.142425485629987492e+01 5.106122390146347811e+01 6.217628275721671827e+01 4.227081362865428815e+01 3.968449271489123475e+01 5.633428235185909472e+01 5.431411996188405311e+01 4.845901167921455510e+01 5.431411996160299083e+01 5.083352018438324649e+01 5.083352018438324649e+01 7.082206395854919379e+01 6.189434249016495215e+01 6.774608231456210206e+01 6.944838066125028320e+01 8.942320647378738840e+01 7.603096032435161078e+01 5.618076934241953779e+01 6.199475567317942648e+01 4.965602811184739096e+01 5.221439754572383407e+01 7.202368163157561298e+01 7.510851642226926117e+01 5.724136457197771222e+01 7.387573760346745644e+01 6.001595442270340897e+01 6.001595442270340897e+01 7.949085843045456556e+01 6.896254349327666944e+01 6.682064664816064692e+01 6.682064664816064692e+01 8.732343179559590851e+01 9.237441536064466163e+01
2.526786264046545528e-03 2.000252678626369018e+01 3.229291059211180226e+01 3.975641802028181360e+01 3.830812678690983830e+01 3.926249005156323335e+01 4.837377415670351866e+01 4.810099055371075139e+01 2.814269294285814382e+01 4.810099055371075139e+01 5.431411996169943990e+01 3.429046734095994964e+01 4.598814360183334315e+01 3.667037628511315717e+01 5.473707268264630699e+01 5.958672651391378139e+01 4.775982397315550543e+01 5.531606929984337029e+01 7.529887168872225800e+01 7.453321696017967213e+01 6.619070474063423148e+01 6.199475567317942648e+01 4.210795806934392971e+01 3.806164061992755876e+01 5.801640252401905684e+01 7.115950104634325157e+01 6.694391496267571995e+01 4.758238065815727680e+01 5.659473955898935316e+01 4.636237501066231914e+01 6.572002174361666960e+01 7.189600540153772101e+01 5.500847468665294571e+01 5.294331770987696473e+01 6.682064664816064692e+01 8.732343179559590851e+01 8.105711704108281879e+01
4.163169627051843593e-04 1.414066696162227821e+01 3.405639002692520734e+01 3.174662926414766062e+01 1.744391532939665979e+01 1.758278101144195560e+01 3.848878035321790492e+01 3.423214105285678954e+01 2.211149182054958118e+01 4.208333740557940672e+01 4.723468968530891487e+01 2.718564099532082423e+01 2.593493611822174216e+01 3.021837910736581634e+01 3.472085815854043744e+01 3.959109151991668796e+01 5.958672651391378139e+01 7.529887168872225800e+01 7.413239336888683795e+01 6.619070474063423148e+01 4.627556910035783488e+01 5.210857728114489618e+01 5.136481522265521704e+01 3.120496443923763863e+01 4.296200537436487110e+01 6.284330072482624985e+01 7.031030062954596360e+01 5.091356814800834485e+01 3.671144195745183225e+01 5.659473955898935316e+01 6.503891799492657810e+01 5.665160264198611628e+01 4.362350973999112114e+01 5.756909402263817555e+01 7.765832618828771672e+01 9.191278610162660812e+01 7.227355024807040706e+01
5.883922493566802643e-03 2.000588392249321146e+01 2.156034906408838481e+01 2.101091701581177418e+01 5.813064325172204505e+00 2.292402481570904271e+01 2.708925416421855203e+01 1.453701458213797615e+01 3.453468931401191355e+01 5.032381529465687464e+01 4.089462380751355397e+01 2.087224666155538699e+01 4.089462380751355397e+01 5.026131104983438291e+01 5.473707268264630699e+01 5.958672651391378139e+01 6.786075129404601114e+01 6.813736323615913193e+01 5.372487040433963301e+01 6.813736323615913193e+01 5.210857728114489618e+01 3.201416487194904192e+01 4.136766204918067302e+01 2.678201406618982006e+01 3.851826159061882748e+01 5.850479790608132902e+01 6.769813943708662407e+01 5.225584830544747206e+01 3.183314954024906029e+01 5.225584830544747206e+01 5.665160264198611628e+01 3.641593909415335162e+01 5.665160264198611628e+01 7.189600540153772101e+01 6.843999633428690288e+01 7.670437679589311131e+01 8.141517297276166687e+01
1.256007409845548732e-03 3.040778272348506062e-01 6.069343643795425125e-01 9.098951251709898047e-01 6.472037215751284656e+00 2.013978315383671003e+00 7.693014964188911620e+00 2.787799920972464207e+01 4.278375468573187845e+01 5.480041673490475773e+01 3.787613688005306045e+01 1.787393625498788552e+01 3.787613688005306045e+01 5.266974077528792719e+01 6.094860122748634979e+01 6.966755234238078742e+01 6.123974503768383215e+01 5.904807433467144762e+01 3.939450799616840015e+01 5.904807433467144762e+01 5.610070990876421604e+01 4.136766204918067302e+01 2.133275103744236745e+01 4.136766204874932384e+01 5.525861595608930088e+01 6.680723712766000233e+01 5.955710429855692922e+01 3.969044356592360856e+01 2.716905662349167017e+01 4.808708237667212870e+01 4.653488731721509453e+01 3.182255994208545502e+01 5.233734467765705745e+01 6.512138437877726460e+01 4.833195567943257487e+01 6.512138437877726460e+01 7.390696776734364448e+01
9.594114293757748102e-03 7.833664072754296548e+00 1.449612493759428489e+01 2.079559957047209195e+01 1.338954515372320797e+00 1.643105184933604468e+00 1.598695463341630507e+01 2.909486506889983559e+01 4.262285120884128986e+01 4.651862241561842382e+01 2.649593085975569196e+01 1.488709478384036089e+01 3.495851605593873046e+01 3.264941297024354583e+01 5.266974077528792719e+01 6.123974503768383215e+01 4.106464010811210841e+01 4.697379153083353032e+01 3.042317743909357830e+01 5.062026627285257518e+01 4.196066738989047451e+01 2.782062487101680404e+01 1.818718938991735357e+01 3.220314756896569719e+01 5.227940483277007644e+01 6.858847337566757574e+01 5.841087983838595221e+01 3.831748276460143643e+01 2.298078394983877715e+01 4.112853703608278266e+01 2.597995537179888714e+01 4.653488731721509453e+01 6.072384156782950981e+01 5.683061364933080029e+01 3.671200162617411422e+01 4.553890217758367953e+01 6.563439085774430737e+01
7.711341127313004785e-03 7.572563333773343786e+00 1.503059741901554958e+01 2.900993711261902774e+01 2.683518147928598196e+01 1.378986158336829426e+01 2.073268134177996380e+00 1.597215212061904310e+01 3.046454811487313208e+01 3.684614500642216939e+01 2.856334471834462008e+01 1.190412592887738796e+01 1.847034552714897870e+01 3.005003668756129898e+01 5.007423243256208423e+01 5.861210978772400182e+01 3.846218307459074737e+01 2.705073755611138964e+01 2.374626628456426758e+01 4.388790332825544738e+01 3.367282603448969525e+01 1.388120718658922570e+01 3.343519305383151163e+01 4.446269671806759760e+01 4.984130610542956674e+01 4.985539627101652371e+01 4.371253756217004849e+01 3.523949839935009010e+01 1.912545713645615209e+01 2.112767432860229988e+01 4.113254314281347490e+01 5.464042619361642039e+01 4.859761045803364254e+01 4.922649305832133848e+01 2.920294441595717672e+01 4.922649305832133138e+01 5.905946217009896060e+01
2.297228869525369630e-04 6.589531083976484460e+00 2.297683884759387141e+01 3.709305176807591664e+01 3.858946813636070772e+01 2.105504171832609472e+01 2.205607326899098908e+01 2.503955887193165974e+00 2.251177168903290138e+01 2.504093228484659051e+01 8.047083443491633403e+00 2.856334467623775097e+01 3.851323113925264607e+01 4.679900709886489807e+01 5.835469774759806683e+01 6.704890067856636904e+01 5.381747110574769977e+01 3.087583897452852355e+01 1.768653435993078560e+01 3.208604904413481762e+01 2.841190810227548269e+01 1.092139255234824269e+01 2.952985183690735127e+01 3.648662444846431185e+01 3.159922276463967350e+01 4.840866838531567851e+01 3.470804337179388455e+01 1.392500929854220537e+01 3.288197204863386247e+01 1.813235879785597149e+01 3.755182202803302260e+01 4.048834848132055697e+01 2.926108274712923318e+01 3.767231664462395457e+01 2.377107777257254995e+01 3.071572586830136231e+01 4.069988520955968880e+01
9.647730019007896146e-03 1.998573281435761828e+01 1.646199880057576337e+01 3.423189374070057767e+01 4.759967127611961502e+01 3.424498991226790423e+01 1.413034986761260647e+01 2.247300970895748051e+01 2.935277510842555060e+00 4.834949920156103254e+00 2.502028395081408974e+01 3.663304666524576447e+01 4.988064259733150152e+01 4.641533536954614902e+01 4.635954393081332370e+01 5.565398440408003466e+01 6.324147855036039090e+01 4.621320585761777977e+01 3.208604904413692083e+01 1.193153223502037541e+01 7.980091404411439271e+00 7.985885896197454592e+00 2.765653286879602035e+01 1.935642259030770518e+01 3.563912950950788883e+01 3.444157990320972118e+01 1.017589337962314389e+01 1.050980954125887123e+01 1.381716535783699129e+01 3.062047781707397576e+01 3.145406838105146008e+01 2.257255449718791240e+01 1.330328416009772319e+01 1.768171608583964272e+01 3.767231664462395457e+01 5.075950646974804670e+01 5.905946217009896060e+01
3.582433992925927561e-03 2.000358243387975321e+01 3.423572005554458997e+01 2.886900336587346416e+01 4.719285359106385158e+01 3.425109011394260961e+01 2.836280002658022781e+01 3.128027898829472164e+01 2.272234791358560813e+01 3.370340494082351590e+00 1.742870212794522899e+01 2.289528286623779607e+01 3.905504366990153642e+01 2.578634773359140908e+01 2.578499099187854071e+01 4.635959846294505127e+01 5.492752918679875762e+01 4.362714522665572758e+01 3.476984223539152197e+01 2.127728808652037529e+01 7.543222647174550488e+00 2.775272029842194854e+01 8.442001373778870388e+00 2.752984988645886943e+01 9.367518076730826593e+00 9.702821814142733814e+00 1.240034601715150231e+01 2.087804557619555368e+01 1.098488694047013325e+01 1.131863012709573724e+01 1.164925214574285128e+01 1.197718337232962149e+01 1.230526203303652366e+01 3.234712237724263417e+01 3.987191393848705445e+01 5.127681481013391362e+01 5.617258241855252265e+01
1.813270376062421294e-03 1.414394889410713851e+01 3.414394889670866462e+01 4.719285359332457119e+01 5.520698357477311902e+01 5.435448145695502831e+01 4.845741206593334027e+01 4.358899976128772380e+01 2.774415771060042601e+01 8.275891841277879024e+00 3.806164963184382799e+00 1.711568176025028265e+01 2.622676184481692374e+01 1.433930366308845450e+01 3.045045406126476095e+01 3.911947644132856539e+01 3.917385960824505275e+01 2.577684591805630632e+01 2.189802695016248180e+01 7.096564081192842544e+00 1.787524403803499595e+01 3.058321230853972850e+01 8.852567696282170218e+00 8.899434071054534101e+00 1.299275121793312593e+01 1.757789301867177301e+01 1.461188231351773936e+01 3.254597119710914654e+01 3.192260248087213981e+01 2.555020999973511309e+01 3.172719118432878105e+01 1.571184960578383816e+01 3.062609510104019606e+01 1.277728307875212188e+01 2.339829483889845463e+01 3.591740210811966705e+01 3.605077537165185930e+01
2.372884694381488524e-03 2.000237288361880772e+01 3.017215258485763485e+01 3.683881858612079441e+01 4.439810669083090744e+01 5.268227364892811693e+01 4.714111014463982485e+01 2.700837412226459833e+01 1.562499282883524643e+01 2.668123609265054341e+01 1.000719503296264357e+01 4.241935741991450293e+00 8.092918788061437496e+00 1.807896542392854400e+01 2.251743902177060619e+01 2.019548117424125877e+01 2.003942557792640500e+01 2.635219427235535150e+01 6.653912685998745857e+00 1.975551269190168568e+01 3.203079987473689982e+01 3.135547065522262145e+01 1.063689913322000891e+01 2.917271239928438575e+01 1.638915774602354603e+01 2.958964313061450824e+01 1.879498225469907524e+01 3.550993780380356668e+01 4.847364442756284575e+01 4.549136107650318195e+01 3.996020731293261008e+01 4.008714443892413470e+01 2.968349984063852176e+01 3.006530402501034871e+01 1.326013254335021152e+01 1.449902751244157706e+01 3.604053805351230721e+01
8.175220331382775790e-03 5.008175220331360755e+00 1.017215301527453697e+01 1.683881968194108580e+01 2.439810914212549875e+01 3.854024474567250991e+01 5.540902720386428371e+01 4.254729593676893273e+01 2.246667381903431249e+01 3.704373395744826780e+01 2.681330573403590734e+01 1.490042977323978590e+01 4.677635402921007213e+00 4.985354416163337632e+00 5.292512473750640822e+00 5.600207139794297184e+00 5.907602024122285300e+00 6.215139489731549283e+00 2.637940816989318904e+01 3.443744105222145890e+01 4.558950559808256031e+01 3.308595651402232818e+01 1.254335367841543381e+01 3.274066152802442531e+01 3.916602549014547918e+01 4.019041807829633939e+01 2.852057677829796134e+01 2.524976724274033302e+01 4.167847758770523825e+01 5.633340204007133423e+01 6.115845392112486678e+01 5.814967655086076803e+01 4.975459259571331216e+01 4.113267684791141932e+01 3.330910941692443572e+01 1.375207541993923321e+01 1.962429508977825066e+01
9.124702163186202558e-03 2.000912470216283268e+01 3.017215258532047883e+01 2.650208461281951600e+01 4.439810669083090744e+01 5.268227364892811693e+01 6.682402968169313340e+01 5.077754776969055683e+01 3.258299772404021866e+01 5.077754776969055683e+01 3.941957969634002978e+01 2.294005506459139454e+01 2.748343897099719868e+01 1.133728254211782627e+01 7.698244696861537228e+00 1.283496782414010973e+01 2.477177350151842106e+01 7.704886211559218268e+00 2.730546613932229505e+01 4.153468948510226966e+01 4.911393601334010839e+01 2.888661338174890147e+01 1.446222870251162895e+01 3.481105901508798439e+01 5.138571216084237392e+01 5.330666495796220516e+01 4.528297768309388260e+01 3.523724382190108884e+01 3.110560976898712582e+01 4.230289218951898533e+01 6.303196814082299682e+01 5.926153449708821341e+01 3.916748670894276074e+01 3.916571014917929006e+01 3.413185833893488308e+01 1.410340931118569863e+01 3.412534965505380313e+01
2.239863785106879172e-03 2.000223986378475161e+01 3.983304322037540146e+01 4.650208238428066210e+01 5.478630344025008725e+01 6.491627198098147744e+01 5.905841416994933013e+01 6.072847761501846264e+01 5.251159414949765392e+01 6.072847761501927977e+01 4.931222650013738473e+01 4.163786555867579153e+01 3.276423292829588974e+01 1.226711665671696494e+01 3.188538876032702518e+01 3.494012781986778293e+01 3.482070285536052978e+01 1.515478866019169502e+01 1.310895531247413892e+01 3.324348317781507234e+01 5.085071344414735961e+01 3.062315963472815383e+01 1.634502370023491835e+01 2.307954212502720992e+01 3.720896976174223880e+01 5.727769803685829686e+01 5.913580718214691956e+01 4.330168595303227619e+01 4.229328085855523511e+01 5.699651642403736673e+01 6.752288899899849639e+01 5.328849855699969851e+01 3.916748670894275364e+01 1.930092988700738488e+01 1.635945771770508372e+01 1.445787979204458296e+01 3.446455652323855645e+01
1.766589122093755728e-03 1.154877197291450841e+01 3.154877197291415314e+01 4.125251251680617059e+01 4.953677344760435375e+01 4.491627994219350484e+01 3.905841614415631824e+01 5.158294606224408341e+01 5.914223444780043337e+01 6.742639846291753258e+01 6.245978320782672455e+01 5.269889361464861821e+01 3.673069159300190023e+01 1.616380048914884426e+01 3.673069160409828982e+01 4.950615209376724835e+01 2.944006402749529983e+01 3.531728515021980286e+01 1.763982916556733826e+01 3.773704729804172331e+01 5.267767818565413052e+01 3.243490749930312234e+01 1.822742363080298134e+01 3.836356171509965662e+01 3.551619332858314237e+01 4.655848553774760035e+01 6.538341320632918041e+01 5.787195688700788310e+01 6.288160942550364751e+01 6.671239431140891440e+01 5.837174664337970142e+01 3.905410811500085799e+01 2.492223335238242043e+01 3.916495400319050191e+01 3.549774875216749592e+01 2.435336731648058617e+01 1.496978603527568019e+01
