LEM/sinusoidal_perturbations/elevation_000324.asc
nrows	100
cellsize	150.0
xllcorner	0
ncols	100
yllcorner	0
NODATA_value	-9999
[rows 51 to 67 of 100, columns 0 to 36 of 100]
6.455108993161302530e-03 1.056266420938670514e+01 3.027126279948251408e+01 2.099348378715622232e+01 1.177496829803859058e+01 2.644809596633514914e+01 4.725918052804503589e+01 5.789579279210683183e+01 5.109202744909251948e+01 5.926116278911565871e+01 7.032380564786591037e+01 5.658040788173008906e+01 3.754834608534919482e+01 4.846554294337653346e+01 4.846549903024686756e+01 5.507760223301449543e+01 3.517393043463015090e+01 4.100293396672410751e+01 2.473376738610514636e+01 3.282862907154378718e+01 4.270564051370914171e+01 6.269427818944021169e+01 6.705003494143706178e+01 4.841541458461674097e+01 2.880150192764030592e+01 4.841541458461667702e+01 4.565794112616487155e+01 3.145095486958277675e+01 4.531360133661615919e+01 5.575144640776981930e+01 4.843400032566998448e+01 6.234606947008948907e+01 7.880107130845163965e+01 8.722452776973089783e+01 8.783393255792404375e+01 9.609135699357651106e+01 1.004724774769506865e+02
3.995603441288198172e-03 2.000399560344093430e+01 3.762737471204376760e+01 2.112088679229423249e+01 1.209259248853995317e+01 3.167055865896815092e+01 4.087516810176967397e+01 4.787854444568311152e+01 5.003579561159781264e+01 5.857361245943440053e+01 7.057820947107553877e+01 6.289566313415108567e+01 4.394989737078318370e+01 6.289566313415108567e+01 6.757378878592237470e+01 6.339370946886148062e+01 5.507777444442711356e+01 4.728536137182829435e+01 2.746191943432565452e+01 4.728536137182829435e+01 6.099842915183514691e+01 6.269427644907009523e+01 6.591098924951197091e+01 4.619301813263996337e+01 3.227169935112111432e+01 5.196827612085926518e+01 5.515799488757956937e+01 3.548268246763001343e+01 5.515799488754795732e+01 7.325687731391539614e+01 6.837374606583379943e+01 7.694048277958718529e+01 9.187321089614151504e+01 9.899775586735847810e+01 9.082994423427687991e+01 8.861755313314932891e+01 8.665684926450659020e+01
4.804567899273937473e-03 1.965607564247918759e+01 3.499094770897735884e+01 1.745117771713306709e+01 1.240368160212127435e+01 2.721853762048570502e+01 2.563816255982382586e+01 3.665234373118956768e+01 2.886187152286309399e+01 4.117307360870376698e+01 6.214250191621120933e+01 7.096745877289586701e+01 6.289566309018552914e+01 5.730150471367807796e+01 7.640115626291706974e+01 7.886609121709835790e+01 6.882372713113528562e+01 5.006093491921176764e+01 3.023937834802529423e+01 4.420491325472355015e+01 6.419862185245820285e+01 8.277325134963128050e+01 6.976685818496201819e+01 5.000241154123300191e+01 3.602467057632622982e+01 5.579128285223752215e+01 6.038789612481168945e+01 4.064936540881429750e+01 4.683997708168907792e+01 5.662421397452772709e+01 7.057766424972986385e+01 9.084619501686850640e+01 9.429059953186704490e+01 8.656354935529739691e+01 7.130608766620881056e+01 6.917553492398923254e+01 7.638820419712837406e+01
9.707512844716031236e-03 1.415319575265147733e+01 3.418706107548064921e+01 3.496399305997034190e+01 3.163414815337997865e+01 1.283529105956633565e+01 1.415562785243642452e+01 1.663541187059798787e+01 3.781102515952819232e+01 5.088554920928426384e+01 6.515390156112276543e+01 6.610976747295943312e+01 7.445687853957001323e+01 7.640115626291887452e+01 8.463341282699815338e+01 7.054988172482234177e+01 5.046200002703066190e+01 4.053054157554210946e+01 3.310873244112828928e+01 5.295594960924573513e+01 6.498099103749650851e+01 7.330139739446210001e+01 7.137872348830131841e+01 5.157947659425886400e+01 4.013209811934549265e+01 5.994761460337573311e+01 6.604740896877214595e+01 4.624491908585576994e+01 6.604740896877287071e+01 7.485648699545841112e+01 8.489979325512007335e+01 9.396073495035729195e+01 8.656355442693488556e+01 6.707727413816091655e+01 7.277511837433597464e+01 5.539479575644593723e+01 5.695463673676611194e+01
5.001202446392439237e-04 1.414341787589585486e+01 3.416130311930698582e+01 4.238527079834339162e+01 2.497215754727754700e+01 2.695494789693643867e+01 1.326708928292366529e+01 3.488495069236078194e+01 2.114822259632391876e+01 4.229793814560641607e+01 4.437714636070527519e+01 4.541337311226924811e+01 6.259992296287709479e+01 7.707985253307639084e+01 8.546331408939603591e+01 7.886609122595825738e+01 6.882372847090002210e+01 5.730349416955160535e+01 3.738055215161784872e+01 3.983848071032390692e+01 4.493097519050736821e+01 6.498099103750509187e+01 7.968274184238455859e+01 6.467181635925479100e+01 4.478387225477313649e+01 6.467181635932060146e+01 7.352466082370233380e+01 5.374140314618252035e+01 6.497737741567158309e+01 8.585170601264904633e+01 8.826994387833644851e+01 7.434871538154980897e+01 7.889389151832838820e+01 7.072664786540902071e+01 5.321761546653771546e+01 7.280283765684002617e+01 6.816433215911183652e+01
5.279685921607564676e-03 1.414837092671169039e+01 3.416961639339070445e+01 4.680931092219557144e+01 3.707900936713527074e+01 3.119386225788429101e+01 1.357217673505356537e+01 3.460967756530767048e+01 4.229793814560640897e+01 2.579555302537070460e+01 2.918753200465496178e+01 3.291625293087707860e+01 4.812006651422304770e+01 6.525241733998672089e+01 6.525241718137490921e+01 8.034615812228331322e+01 7.350650072532990009e+01 5.339373149979640232e+01 4.188333179773994175e+01 5.980409977169660607e+01 6.498099103750277550e+01 5.385908549731303907e+01 7.397879895708885556e+01 6.989041770239809637e+01 4.987040235246491449e+01 6.989041787130389594e+01 8.184225992642093672e+01 6.508987124152935166e+01 8.184225979350796365e+01 9.384146683979996340e+01 7.575127759670706951e+01 6.082166991864398398e+01 6.871461437137742223e+01 5.108159765336775848e+01 7.075200747410164581e+01 8.066009094159289816e+01 8.762132586064610962e+01
5.738623160518319517e-06 1.996778643832726985e+01 3.626349684365305137e+01 4.679175545943975578e+01 4.178637127427379028e+01 3.283162795780853571e+01 1.387763007853173391e+01 1.387139491058538709e+01 4.931081209581628855e+01 4.653708443325142241e+01 4.409876622997187923e+01 5.416069912302258160e+01 3.912632155773225406e+01 4.460341051482334507e+01 5.169379175249213887e+01 7.203161266346602076e+01 8.182214045912145650e+01 6.708100946080557492e+01 4.699310922570334981e+01 6.708100946079572680e+01 8.109717822113655927e+01 6.096336837729472791e+01 8.109717324264730109e+01 7.679293369231625377e+01 5.642713075145764634e+01 6.620646281531054456e+01 8.628694651612288169e+01 8.504601869586892349e+01 9.339313362219054682e+01 9.718558153501599861e+01 8.258553060134647694e+01 6.296666278398753747e+01 4.896838490219197126e+01 6.871461437137742223e+01 7.572867262835245583e+01 8.445350784980315950e+01 8.610152359712969883e+01
4.532054705376768917e-03 8.083302137572648149e+00 1.956746093078938387e+01 3.950924083585311308e+01 3.608795162408863888e+01 1.431263003774703968e+01 2.575488050876566248e+01 2.148698203869788870e+01 4.065099295690534831e+01 5.838170392003448939e+01 6.278148121424774075e+01 6.735767983815451032e+01 4.680205310327456658e+01 6.525241733998672089e+01 6.525241718137490921e+01 6.349430838803258581e+01 8.369404180856420794e+01 7.379238974166077014e+01 5.365824889940252262e+01 6.338819085392698582e+01 8.351216797411751713e+01 7.103869014154628303e+01 8.940284299053168127e+01 8.518115911610664170e+01 6.543416618610483226e+01 8.518128180737063815e+01 9.466720350998879496e+01 1.030431888524007178e+02 8.328418744460348933e+01 7.752184532852228926e+01 7.913395538193994128e+01 6.730832122568916986e+01 4.751688669813271559e+01 6.532658713367028724e+01 5.570654349392646765e+01 7.225010437483618375e+01 6.634289041487907923e+01
9.001595176218036079e-03 1.997517232642318774e+01 3.623050983192938190e+01 4.323866871412990776e+01 2.704900895203950029e+01 1.462257701338066695e+01 3.294864676028507944e+01 3.224117168707041259e+01 3.095161080647743290e+01 4.506139599526665762e+01 6.939842769032738090e+01 7.569038229439121324e+01 5.879643814854935613e+01 6.735767983815452453e+01 8.546331408939603591e+01 7.516743483434866846e+01 9.197221469925264614e+01 8.210815747212906501e+01 6.372514124562727744e+01 7.379238974365952686e+01 9.181423238355844774e+01 8.527626763739979765e+01 9.944653213197004504e+01 9.501649048940295472e+01 8.142722758964245600e+01 9.501795569940036046e+01 1.056844804980515562e+02 9.739660825129402610e+01 8.328476252487304521e+01 6.389646881148284052e+01 5.970620263789946591e+01 6.860057867536586684e+01 4.890878627300045878e+01 4.548054304447862961e+01 4.416860552259971229e+01 6.223131467396602545e+01 5.233452793127781888e+01
5.674351268809080251e-03 1.153730176145029240e+01 3.091236629879281139e+01 4.276401204191878236e+01 2.704766225316302197e+01 1.493623580645599525e+01 3.464474884563060186e+01 4.714484245202162782e+01 4.962586855055180735e+01 5.938184362617317902e+01 6.541048596561705608e+01 7.367365629771266811e+01 7.905255294396506827e+01 8.734544134725324227e+01 9.580730557677763670e+01 9.534160354343050869e+01 1.035657978558988361e+02 9.216216297512295341e+01 8.385963823774223158e+01 9.216216286261105495e+01 1.021842007184389161e+02 1.053497902990338986e+02 1.075581649516624054e+02 9.949763832156061483e+01 1.052632642684364015e+02 1.113829133562211666e+02 9.256528770051362187e+01 7.789617047726446231e+01 7.098951942547692795e+01 8.328476252487304521e+01 7.350427809026099624e+01 5.395531193197642494e+01 6.860057856245666130e+01 6.532646833435896383e+01 6.221548184478625387e+01 4.234277558862579127e+01 6.223131467396593308e+01
9.518805923843161668e-03 2.000951880592348786e+01 3.948180365728661911e+01 4.691976218934194520e+01 3.262717857074879646e+01 1.525421391434093543e+01 2.936579473247920902e+01 4.949857577671654951e+01 4.567269629009672371e+01 4.987247252690827537e+01 4.547998821002008896e+01 5.842932700079973785e+01 6.335844110675033392e+01 6.951057966667204369e+01 7.645690878444456473e+01 8.501199062968355236e+01 9.657319822833336787e+01 1.070700040835709927e+02 9.895389051937898728e+01 1.014963384909403459e+02 1.096123885141376917e+02 1.104848313732684062e+02 9.746919775295896216e+01 8.075780231085154526e+01 8.934683155784135522e+01 1.089196656039611497e+02 9.739660824359026492e+01 9.739660824968129305e+01 7.952207261997554610e+01 9.868026744444144072e+01 8.167101657112583268e+01 6.375101525671072267e+01 8.131560853417401802e+01 6.986190874015237284e+01 5.086874229654345214e+01 4.109527223035089349e+01 6.103210291475006244e+01
9.062254805971973678e-03 1.415119787853679689e+01 3.415119787853561206e+01 4.358028902624132428e+01 2.504901048875958480e+01 1.557583812315345284e+01 3.524408019459752239e+01 4.088814892781994104e+01 2.612118467607032457e+01 2.990323277667661372e+01 3.390234768747792060e+01 3.838717483365772409e+01 4.327240091851597015e+01 4.937377698624982969e+01 5.614061818827618566e+01 6.648022185338565748e+01 8.759080616021471144e+01 9.581613850809067401e+01 7.950385373036672831e+01 8.201988499084059470e+01 1.014963384864360449e+02 1.011741886990720616e+02 8.276710798515611600e+01 7.024307948282601899e+01 8.934683154202706135e+01 1.011741886746722514e+02 1.173924180218708244e+02 1.075404155545104175e+02 9.338420088850904222e+01 1.075404155545497247e+02 9.147131148014796054e+01 7.748939592624671491e+01 8.619207410087250310e+01 6.845969175738494528e+01 5.970645372810380991e+01 3.987223073610501700e+01 5.802288657196110222e+01
3.063233560239582431e-03 1.414519885729131410e+01 3.414519885729201576e+01 3.824463761489682412e+01 1.944847336073994626e+01 1.589983015018721879e+01 1.756374924272521199e+01 2.086721695942313204e+01 4.089655753666742299e+01 4.987247251639278289e+01 5.390360721881286565e+01 5.840704258446029939e+01 6.335844110675033392e+01 5.972925331710633401e+01 7.645687669085853599e+01 8.500411548635172210e+01 9.513776955354258291e+01 8.772440615191322877e+01 6.842598743064401390e+01 8.772440615191322877e+01 1.004711809800305531e+02 9.301090984351448299e+01 7.354868614910324709e+01 6.367136772664996869e+01 7.354868614909737801e+01 9.301090983897081799e+01 1.001445129798931930e+02 1.083163736825835599e+02 1.133872983267124823e+02 1.009100318842571653e+02 9.264896955823707003e+01 9.718295817307995321e+01 9.147800616767716519e+01 6.931016343538848901e+01 5.286836273859866964e+01 5.802279950425612753e+01 3.817842941450665961e+01
5.666595628964066558e-03 1.414780221935891724e+01 3.414780219193266930e+01 4.645923748736758796e+01 3.820441448564040599e+01 2.837636359986548129e+01 1.636246806890306615e+01 2.724609946016979478e+01 4.250737557985455339e+01 4.881588547700226144e+01 5.497871582908955901e+01 6.323467863876629025e+01 7.321356199058982384e+01 8.018238391412836563e+01 8.897715862673130971e+01 9.038364720682930908e+01 8.102230251582106746e+01 8.190571393254757027e+01 6.264033350080397611e+01 7.300826944279499742e+01 9.237678760146611978e+01 9.089488146387193979e+01 7.712007073882971042e+01 5.800476970390810294e+01 7.142993825050417911e+01 9.085726576338026916e+01 8.047795128265455844e+01 9.695138489770764068e+01 1.083163774251852942e+02 8.944394990421932334e+01 7.282482399304686282e+01 8.120348377470214984e+01 8.944374161254027911e+01 8.166093311559886558e+01 7.335834237177111561e+01 6.623044111040049131e+01 5.631800653147099922e+01
2.110006612196471242e-03 1.154911539042613633e+01 2.569125103215152350e+01 4.569126602006438276e+01 5.405754906922210523e+01 3.703768751664444636e+01 1.669026864709282876e+01 2.903075797196286345e+01 3.381140956957037247e+01 3.107399649764098015e+01 3.654347388950434805e+01 4.533827834865098794e+01 6.471760971554202513e+01 8.186836327595580087e+01 8.986157944765784578e+01 8.295460708159103547e+01 6.432350246085891854e+01 7.030344414845512802e+01 5.727088020837283722e+01 7.656245874687741093e+01 8.522595086444745505e+01 7.139524115004392968e+01 7.299177275503190288e+01 5.381841252571350509e+01 7.299177275503160445e+01 7.905965306356281985e+01 6.932928784157302005e+01 8.047795128265455844e+01 1.001445129887050030e+02 8.120348914016659592e+01 6.140567944608837792e+01 6.140567944596853067e+01 7.799724979276004433e+01 8.181985250234728824e+01 7.569251601973610377e+01 6.250913471553312917e+01 5.433855340650026022e+01
9.367352646185668139e-03 2.000936735264583177e+01 3.299914298581828831e+01 4.130619302796279868e+01 5.136404250588181952e+01 4.157949357693271963e+01 1.701863751831482574e+01 2.000269240666657211e+01 2.392955421793090309e+01 4.497406509918268114e+01 5.497869645234151648e+01 6.324440225404055127e+01 7.305891256561849900e+01 6.245674039190128468e+01 7.878121155763497541e+01 8.599428613333682847e+01 7.030344414845512802e+01 5.091367328474890996e+01 7.030344414845512802e+01 8.461546145291258370e+01 7.710655356726552156e+01 5.776964883822584795e+01 6.487682119893830190e+01 4.983009536428631492e+01 5.469998044518039393e+01 5.981343845369033119e+01 7.334041279957384063e+01 9.286061551356414157e+01 9.182294668663384130e+01 8.377800888246476063e+01 6.397224100514979739e+01 4.991598854590864676e+01 6.226788899290109214e+01 6.219781233965785106e+01 6.159950778676834915e+01 4.770059919293558437e+01 3.458561504067021275e+01
3.648181865326004768e-03 6.328203503473099012e+00 1.299487021732088898e+01 2.299489888838100171e+01 4.301241352944998653e+01 4.634552021221148976e+01 3.694950503638297334e+01 1.748406384173038219e+01 3.468961704142181190e+01 5.091067414869376506e+01 5.216020878432244956e+01 7.194343605494246674e+01 7.072181762553739759e+01 5.094508940961296162e+01 7.072181762553857709e+01 7.784485606953643355e+01 5.841241205158588201e+01 4.708638088246546261e+01 6.174615870116298311e+01 6.981860884288828117e+01 6.915580802415166772e+01 6.108295608655375020e+01 4.545103357841267666e+01 6.487682119893830190e+01 7.387221158977499158e+01 7.905963724572740148e+01 8.718549800580362330e+01 8.587785571466791623e+01 7.144814761822325977e+01 7.985957442124114891e+01 7.799724985032219138e+01 6.226788899290109214e+01 4.238128089186753300e+01 5.596710485001557345e+01 5.234015047213334526e+01 3.376173853810080772e+01 5.351917426496621033e+01
