LEM/sinusoidal_perturbations/elevation_000288.asc
nrows	100
cellsize	150.0
xllcorner	0
ncols	100
yllcorner	0
NODATA_value	-9999
[rows 17 to 33 of 100, columns 37 to 73 of 100]
4.901807554239491083e+01 6.880859105698387168e+01 8.384828668329531354e+01 7.185915361625801268e+01 5.188851108521118505e+01 6.209585363543057213e+01 8.185013453479854206e+01 8.286549226141887914e+01 7.107040292284902705e+01 5.716848877094971471e+01 3.846210402975891185e+01 3.036855427890927572e+01 3.330443748815900307e+01 5.259769580307018799e+01 6.501006298068671185e+01 7.640375208948336194e+01 8.276653181199348808e+01 8.721400736080542515e+01 8.046148473889131481e+01 7.225390000583365691e+01 8.037206362949685001e+01 7.199383512693705711e+01 8.797149277864443206e+01 9.173887691104849296e+01 7.202306193157320990e+01 6.166562549742524624e+01 7.649450957309615262e+01 6.294555803859284282e+01 7.671949982019552294e+01 9.636992766145503708e+01 9.436874717423657444e+01 7.429382528395338170e+01 6.234451829045770666e+01 5.259895271885883972e+01 6.769624193663179312e+01 8.799046602407381101e+01 7.684960497838152094e+01
4.420965583986127001e+01 5.560019687956918233e+01 7.569335592070824248e+01 7.928778570741849308e+01 5.876407658691330482e+01 7.928778570741849308e+01 8.996452005863513079e+01 7.414218610269844589e+01 5.525648354443747223e+01 4.441912280953589232e+01 3.745847004466524055e+01 3.083678514160055428e+01 3.990984073168816337e+01 3.742019764056296793e+01 5.695404190405162836e+01 6.496107361251165457e+01 6.341627845315708356e+01 6.783018850372840802e+01 7.845890460725867399e+01 8.496187403147695250e+01 9.299872932035425777e+01 9.066383617922046767e+01 9.896537328345449680e+01 9.997496569823658774e+01 8.723836349853903016e+01 6.758471001029516856e+01 8.707766190098598713e+01 6.755012316809863648e+01 8.130418814624390222e+01 1.010160605416895976e+02 1.025941128750916391e+02 9.104057229013095309e+01 7.715014690542217579e+01 5.638465200851660342e+01 7.124965568197779930e+01 9.139519219639568348e+01 9.694862505088440230e+01
5.165331522681039189e+01 5.474186761448391536e+01 7.458372982219717073e+01 8.750383266069437127e+01 6.985827848477789814e+01 8.750383266069437127e+01 8.954249047375010662e+01 7.184173460107035680e+01 5.940517871219437751e+01 5.520734732234046760e+01 3.701957016333657435e+01 3.130281367148489835e+01 5.116671364913216280e+01 5.695403566762694680e+01 4.198727897647306406e+01 4.548046070896636195e+01 4.974801147832244652e+01 5.422652868033938489e+01 5.918377406897737814e+01 6.557916808391313168e+01 7.420242133580799759e+01 8.540337349049335103e+01 1.049614327697380816e+02 1.012335705736691551e+02 8.144135891980029385e+01 7.632996995012661046e+01 9.298264294122054707e+01 7.339803643660012256e+01 8.345566217691491318e+01 1.031937125216040130e+02 1.013902562515085179e+02 8.140012942962997045e+01 6.704519179142045004e+01 6.099554847923990764e+01 8.140602558830903490e+01 9.675073595060629827e+01 1.056696491859580220e+02
6.151372666600259009e+01 6.461820470653546522e+01 8.285701687018983819e+01 9.899714232895914279e+01 9.088829876204856362e+01 9.597517475733437209e+01 8.720369253717963431e+01 7.962611290609758896e+01 6.423151543777581196e+01 4.554640208225659848e+01 5.150670712912854299e+01 3.176751723562379581e+01 5.154662495331415784e+01 6.961209316777458866e+01 6.156683737342060425e+01 6.495945482351083911e+01 5.529828800583783988e+01 7.350269053679156173e+01 7.849674270481486360e+01 7.492828804172496859e+01 9.299873106194569061e+01 1.016657355691953057e+02 1.129699761644660754e+02 1.094948975374283719e+02 1.012335705736691551e+02 8.613537516785712000e+01 1.004327197838420886e+02 8.072166920994436623e+01 9.298264294122056128e+01 1.114477099566431662e+02 1.013902562585880105e+02 8.140012942963015519e+01 8.725510201926003617e+01 7.030769321102829394e+01 6.841148576016966842e+01 7.746559526972296794e+01 8.901840145964436601e+01
7.556035916880513525e+01 7.868752391288600734e+01 9.283215447168788614e+01 1.079318807083327272e+02 9.860678817979093935e+01 8.745454168648555537e+01 7.290045405723600425e+01 6.224753275710233424e+01 5.518415964960826159e+01 6.420762791191469887e+01 5.199610680426980736e+01 3.222936573383958603e+01 5.199894937564393871e+01 6.532446862774432361e+01 7.344406377059523550e+01 8.264612814016236086e+01 6.894388034616036975e+01 6.894317401871191464e+01 8.832211128407587353e+01 9.437454512582080213e+01 1.024390595641946220e+02 1.045290815480944815e+02 1.103158704587156507e+02 1.165569020435256391e+02 1.142640376169274674e+02 1.001386131582001013e+02 1.004327197838420886e+02 9.459943998277128685e+01 1.086934219564272439e+02 1.210987381894325239e+02 1.095967873880735368e+02 1.013902562595880568e+02 9.861863157818598324e+01 8.194378139400066630e+01 8.266448780780555694e+01 7.921283980235382671e+01 9.919261378427235343e+01
9.556381485437816536e+01 9.870072547733167312e+01 1.061834820143340181e+02 9.444402651104688573e+01 7.781706064747204721e+01 9.355894350146652982e+01 8.725518077917095638e+01 7.016306466299283784e+01 6.199767288742318527e+01 5.842985378808035080e+01 5.246164452749216878e+01 3.268860410620140300e+01 5.200389895512420679e+01 4.571191374113301009e+01 5.960063187495735804e+01 7.914459367528579037e+01 8.835889479677683767e+01 8.832261922401502829e+01 9.636378821377216752e+01 9.267775789681917331e+01 8.550016074215871242e+01 8.481594301153253923e+01 9.058978761042168060e+01 9.682102728647589629e+01 1.138262412958928849e+02 1.201216302410914523e+02 1.203735867351130082e+02 1.145155029927041852e+02 1.130689317278007451e+02 1.212600107110282579e+02 1.207321603226665587e+02 1.125401940660604367e+02 1.101225767402966653e+02 1.019153632557447651e+02 1.026324736056293006e+02 8.921742848808423787e+01 1.074072177805698658e+02
8.986302738495844267e+01 1.085134099954545803e+02 9.786294249913134990e+01 7.742780617317269787e+01 6.554534275794026144e+01 7.606886873906297808e+01 7.164106146954165411e+01 6.152793122299602402e+01 4.229371398594997800e+01 3.869657752092557246e+01 4.557642761979299451e+01 3.314789901112038706e+01 3.402744508963487391e+01 5.610258716283303215e+01 5.960063186035990412e+01 7.338299460222116011e+01 9.305428693031601028e+01 9.567971081888484264e+01 8.691336851169737088e+01 7.296775594650620178e+01 6.579306265072837334e+01 7.087774751122937289e+01 7.711611726373482156e+01 8.592757277978435582e+01 9.985149372398751666e+01 1.195942634927036750e+02 1.150003874860704087e+02 1.068162469948765221e+02 9.336615569002060511e+01 1.098723920842549973e+02 1.093445654203747068e+02 9.283836301349897724e+01 1.062877826907176626e+02 1.144721060970103821e+02 1.173555430802021675e+02 1.091677993566781453e+02 1.173555464889511484e+02
8.150765247007899461e+01 1.002874499384431175e+02 8.036952333355785072e+01 7.030521578530681381e+01 6.268580297519502409e+01 5.604227485959593480e+01 5.176594800691237452e+01 4.777712603378564893e+01 6.199853207945093203e+01 5.358420977123642359e+01 3.379674430485899705e+01 5.292529885343073204e+01 5.610182944962684104e+01 5.610227014538017443e+01 7.575931248846163157e+01 8.732674232382336754e+01 8.826901516859993535e+01 8.009642978936484781e+01 6.780773650820501075e+01 5.907397840487119112e+01 6.600103788357536416e+01 8.570822451482743531e+01 9.682102728647589629e+01 1.050039076761996313e+02 1.138262412958928849e+02 1.111073670714845463e+02 1.068162469948765221e+02 8.711975869173485876e+01 8.200539259097450895e+01 1.010600730889026124e+02 1.005318178698961731e+02 8.147621009797944680e+01 8.659104382504335717e+01 1.062877573218794822e+02 1.055411653605583098e+02 1.137243247205895926e+02 1.235880640075325516e+02
8.986302738495845688e+01 1.085134099954545803e+02 9.856304344166819931e+01 9.032848663600049122e+01 8.276040162099704389e+01 7.606886873906297808e+01 7.164106146954165411e+01 6.753731393459700882e+01 6.453137048254927777e+01 4.722912975679541603e+01 3.426049363314665896e+01 5.405449339489997129e+01 6.405519299860964111e+01 6.963716501669102854e+01 7.868510709783008394e+01 8.667862093285063452e+01 7.691097531721133862e+01 6.044761305450082034e+01 5.398169659537338561e+01 7.357595250807861476e+01 8.570822451482743531e+01 7.846354315591837292e+01 9.239640018085421502e+01 1.121243290215858366e+02 1.053475538345153097e+02 9.139272774022678902e+01 1.053475538345153097e+02 9.288872655016351132e+01 7.317559574005423428e+01 8.484087459724595703e+01 8.395298938509205300e+01 7.264368560387687523e+01 9.116024642174438952e+01 9.502171491018599170e+01 8.586110189617710375e+01 9.568839715008873270e+01 1.096074812534808416e+02
8.367238877775056949e+01 1.038609872712238484e+02 1.023222459584744399e+02 9.413579597038616953e+01 9.250601783842077452e+01 8.432633375981278334e+01 8.236560983720542595e+01 7.553372691261394323e+01 5.590508028396177309e+01 3.625099531020755705e+01 3.472770834141049789e+01 5.452606785207570539e+01 3.749137922521452992e+01 4.985943407227426860e+01 7.039625593806016468e+01 7.278378508905258570e+01 5.888894924525441610e+01 4.922494158574011891e+01 5.789854563574190394e+01 6.920746201324595859e+01 8.890578977144629391e+01 9.817457675953889407e+01 1.063596758976990913e+02 1.079149558838654173e+02 9.652807050352089391e+01 7.745789872153693523e+01 9.652807050352089391e+01 9.829309807465894266e+01 8.484087459724595703e+01 6.508693076753105800e+01 6.419445919011107549e+01 6.775573600628858628e+01 7.144373106698313336e+01 7.533201345048441055e+01 9.502151632133301007e+01 1.078858679042879345e+02 1.144526217449238175e+02
9.793823823801025696e+01 1.016087661948600669e+02 9.278475384003429838e+01 7.441434287825445892e+01 7.803329694973407982e+01 6.462928670450396851e+01 6.269846762608162294e+01 6.429385518979233893e+01 5.772594216854984950e+01 3.786431409074553045e+01 4.831076693215280926e+01 3.540826516401217106e+01 3.589055145329957242e+01 5.476722649476880633e+01 6.429846105563210301e+01 6.080415221945218462e+01 4.509947798146519204e+01 5.888894924525441610e+01 6.875218015823352857e+01 8.570375435373377115e+01 9.708451259822683710e+01 1.004525576495170895e+02 1.026135953442051800e+02 9.973172670788393646e+01 8.002289694317107660e+01 6.862011396581623046e+01 7.993877077303278611e+01 8.433976546851347678e+01 7.038644007284297288e+01 5.999425101460156640e+01 7.974045800363167302e+01 8.749898115035878732e+01 9.116024642181893967e+01 9.502169524902376452e+01 8.253242603737179195e+01 8.820722266840262193e+01 9.475267262873636298e+01
1.073725314404200901e+02 8.764697596322120887e+01 7.370478905214460497e+01 6.488878361722197496e+01 5.836218754055669677e+01 5.335925219348411730e+01 4.892332882012889428e+01 4.473510426352051894e+01 4.138740035410343410e+01 5.197627407630192664e+01 6.192695052340873474e+01 5.520704987211334469e+01 5.566959642306366618e+01 3.657651903202458499e+01 5.637305171134144643e+01 4.116133294945269228e+01 6.080415221945218462e+01 7.278378508905258570e+01 8.667862093285059188e+01 9.660804924263928228e+01 9.469657986919007442e+01 8.075221771001133675e+01 8.290588065995083866e+01 1.026135953442051800e+02 9.388585216535973643e+01 7.416170050480957343e+01 6.022069019121747147e+01 7.273874571441477599e+01 5.647843498262144379e+01 7.616542068010889466e+01 8.729023495705867219e+01 8.730988772120261387e+01 1.066383447418913022e+02 1.103848984894288208e+02 1.022052378393634342e+02 1.078859755336502673e+02 1.144526309554192522e+02
1.041034897475510519e+02 1.016087661948600669e+02 9.278475384003429838e+01 8.460555361599014645e+01 7.803329694973407982e+01 7.228875177896674131e+01 5.270533458917151393e+01 6.429385086064390009e+01 4.503469392052426912e+01 6.459040728274275978e+01 7.974031347220416421e+01 6.877846522112962191e+01 4.916362032766392076e+01 5.637171142686865011e+01 3.726947572890936300e+01 5.699322476645257751e+01 6.460875577133508330e+01 7.169011415929722375e+01 8.045136928653046482e+01 8.485316727858999286e+01 7.668875919220700155e+01 6.685520469780162500e+01 8.652231368661230704e+01 9.061059039746270116e+01 8.240717555584672027e+01 7.788395644537487783e+01 6.971716260491946571e+01 5.315489066081070746e+01 7.273874575645412222e+01 7.554377493218686368e+01 6.775618853371570083e+01 8.558560240569798339e+01 1.004823860212548823e+02 1.014287940833774257e+02 1.013887738750804175e+02 1.095708973185875976e+02 1.065812167834963589e+02
8.410688006849476039e+01 1.008337273927684805e+02 1.053691637137866763e+02 8.564029712739144884e+01 7.170650302158583145e+01 6.188976829498923848e+01 7.228875177896674131e+01 6.821781581718403231e+01 4.868561344394257162e+01 6.245801198262633136e+01 8.212321235148293397e+01 6.877889785416026314e+01 6.877886967451711087e+01 6.519466170752795620e+01 5.705736845991803818e+01 3.798234752028572103e+01 4.248679757706769777e+01 5.260111730986520229e+01 7.226896211271636616e+01 6.848354562499176268e+01 5.695327359758722707e+01 7.593071737779186492e+01 6.939610651187474843e+01 7.714048104816255602e+01 6.296245982368201766e+01 6.676469180377661417e+01 5.024264977352159889e+01 5.194220746798926314e+01 5.387612625705217795e+01 5.584694150645138677e+01 5.788629249173612124e+01 7.763833120082401251e+01 8.074742691193090138e+01 8.172188225707607501e+01 8.169757379560394384e+01 9.265365449764161099e+01 8.688488160475215238e+01
7.255942749632815492e+01 9.255844176646802168e+01 1.047469886607442220e+02 9.960296176193219253e+01 8.974007418873738118e+01 7.323057067238929108e+01 8.705918177788468881e+01 7.213411101803339420e+01 5.255263501389435987e+01 6.636463572981992343e+01 8.606285650026156020e+01 8.844405786771348232e+01 8.638663802442228246e+01 7.254007795854005280e+01 6.044695406880267541e+01 4.086163014741399735e+01 3.871633226358376589e+01 5.842964516979980516e+01 6.727705882312073982e+01 4.888012230798782554e+01 6.112581217544478562e+01 6.164256121898398533e+01 5.145844142458226855e+01 6.704592759919718503e+01 6.108565648314719709e+01 4.736848528948112858e+01 4.922537904513804108e+01 6.866614920235011255e+01 7.350114044472370267e+01 6.976071650775648436e+01 7.763833120082401251e+01 6.096089273408613707e+01 8.074749610253753929e+01 6.773335029356451287e+01 7.028497684586345429e+01 7.294587476820117899e+01 9.265380496805491362e+01
6.549625640897818357e+01 7.647947799567792515e+01 8.989302907377886243e+01 9.816894930890885007e+01 1.011299467963545169e+02 9.294442451807609018e+01 7.888281066952724530e+01 5.920713915933669824e+01 7.213411101696090100e+01 6.851867382286798147e+01 8.822096171840102841e+01 9.064821220858007678e+01 7.679482798804666288e+01 5.869650043780237070e+01 4.496931861246488893e+01 6.044695957990376911e+01 5.846164090427353699e+01 3.945813723187753652e+01 5.917262971087492929e+01 4.806689133796064795e+01 4.153200031465824082e+01 4.208426627674382559e+01 4.263585459058249683e+01 5.090037636076070271e+01 4.541014058915187235e+01 6.480892460565505075e+01 6.176458037872594531e+01 6.142127432538151055e+01 7.529308644562892994e+01 8.950531301244282645e+01 8.890539834180530931e+01 7.496523201212630738e+01 6.421486087231794215e+01 8.400026924796040362e+01 9.002022185471113858e+01 9.265380496805491362e+01 7.699353210606066966e+01
5.918951386105022294e+01 6.235313355002541158e+01 6.989804879736512078e+01 8.144167019015564790e+01 1.014378000053073379e+02 9.498540392460471082e+01 7.526383541934380617e+01 6.511115773040511101e+01 8.482751651738024634e+01 8.822096171862585834e+01 9.119438858887870936e+01 8.138306825750815676e+01 6.292163213685010703e+01 4.923055876263757114e+01 6.441664951562070485e+01 7.253994787857850213e+01 6.630574990754857367e+01 5.406903536911612207e+01 4.020673929529002777e+01 4.075477890203886489e+01 6.039608881417513686e+01 5.630936177493608596e+01 6.215911121395568983e+01 4.341202228261601448e+01 6.289636311658313872e+01 7.293600392193978621e+01 7.944850444774326093e+01 8.099235954326613296e+01 8.924121736021383811e+01 1.031893479797605409e+02 1.026990979793921070e+02 9.211812818528056823e+01 7.566592678057035926e+01 7.822474036418434196e+01 9.794362942773494751e+01 9.667031095503575955e+01 9.089906242152802918e+01
