LEM/sinusoidal_perturbations/elevation_000571.asc
nrows	100
cellsize	150.0
xllcorner	0
ncols	100
yllcorner	0
NODATA_value	-9999
[rows 17 to 33 of 100, columns 37 to 73 of 100]
6.782360692370600930e+01 7.600937362617980853e+01 8.585150286676109488e+01 7.785034696458914993e+01 5.899631168055252317e+01 6.981095930709079767e+01 6.355765757772104507e+01 7.962242766412319384e+01 8.329937466275643487e+01 8.930115882853564813e+01 7.380619756785991115e+01 5.406129966878744852e+01 5.886176656789034922e+01 7.545343673752009295e+01 8.484049429756214522e+01 7.492701973241075564e+01 5.378037192190777205e+01 5.199245619570325516e+01 3.296919297881536437e+01 5.190044604383566451e+01 5.923082613019087006e+01 6.382280056441678084e+01 6.025617089652781289e+01 7.648625286729334505e+01 8.456138846580947188e+01 9.150256451747222286e+01 8.317409173448410797e+01 7.098132516387352098e+01 6.949747367548023647e+01 8.902355836866982486e+01 9.299474952570064090e+01 9.539462475612410230e+01 7.844127048300788374e+01 5.817890807700096190e+01 5.036348568639380119e+01 6.947064301741174575e+01 5.792398279204832789e+01
4.831825626575238175e+01 5.801375755744322760e+01 7.763345628996862047e+01 8.073945033932352544e+01 6.181074725832910133e+01 5.115672497416916542e+01 5.287966182953510952e+01 7.116572928320948677e+01 6.432593408077090658e+01 7.790979603572463930e+01 7.864835995081004683e+01 5.886176656789034922e+01 4.758444559651542249e+01 5.615889340659183659e+01 7.008683647517699455e+01 6.786492533796433690e+01 6.379784736056524963e+01 4.572727371602456259e+01 3.462025323480234107e+01 3.227209007529515361e+01 3.804804514859517184e+01 4.383807952811304176e+01 5.046014673902289616e+01 5.702358170467041987e+01 6.681887407057848804e+01 8.069153659485291996e+01 9.897296624375734098e+01 9.057764192701262118e+01 7.801301948971020295e+01 9.738323384689843465e+01 1.084883645327868464e+02 8.865424412305584667e+01 8.514166471531255809e+01 7.275720135846609082e+01 5.392309932503965797e+01 5.142991185227399598e+01 5.217700197712554200e+01
6.782360692370600930e+01 7.600937362617980853e+01 8.585150286676109488e+01 8.889296362517895034e+01 7.404695618184490513e+01 5.528651763008091535e+01 4.488661815113851361e+01 5.822715217269131927e+01 5.136817497738774563e+01 6.982249808357367726e+01 8.689999595067578753e+01 7.545343673752009295e+01 6.187920150525200569e+01 4.231862522071183719e+01 5.706068679319766090e+01 4.810372160702507216e+01 5.682227888292539575e+01 5.018740712532068926e+01 3.154684844615329098e+01 5.070741183514819284e+01 5.332563007929530841e+01 6.362658481594325366e+01 6.030200565655353984e+01 7.648625286729334505e+01 8.456138846580947188e+01 9.457661701493661610e+01 1.097039336634736770e+02 1.063314213513773154e+02 9.198371323367054231e+01 1.063314213513773154e+02 1.036225972385843903e+02 8.865424412305584667e+01 6.887904037354036291e+01 5.943218788128051955e+01 7.286134799475293278e+01 7.065160360113006277e+01 6.697307333668261720e+01
5.195428042920348588e+01 6.573320911995838856e+01 8.543038237653026101e+01 8.322814132928249364e+01 8.212157492034920381e+01 7.116574659738111563e+01 5.822715217269131927e+01 4.026922001766463666e+01 5.391562670293100723e+01 6.144506787977759643e+01 8.160189833351610389e+01 8.297863602264064298e+01 7.009004689175267799e+01 5.706069957041021468e+01 3.756489844045772486e+01 3.440332851060237118e+01 4.180943144939943323e+01 3.081091371255784139e+01 4.812117916781926397e+01 4.528429438687543040e+01 6.502021519241706926e+01 8.009303635614958239e+01 8.007621115413373047e+01 8.866542086416333746e+01 9.603291397817865516e+01 1.043121485336317420e+02 1.023510869827288019e+02 1.106957147754300621e+02 1.122511981706125965e+02 1.068390412888842462e+02 8.702612679700897047e+01 7.552881663997770545e+01 6.676302106773235323e+01 7.296917415928594153e+01 8.697954411844044387e+01 8.103224402116836700e+01 6.134520785973884927e+01
6.989057965253471139e+01 7.970044418134220621e+01 7.709683866292792231e+01 6.219224522075190009e+01 7.709683866292792231e+01 6.826125017460695688e+01 4.980319945133445003e+01 3.745231909691482741e+01 4.498418809217621828e+01 6.480307382707043473e+01 7.509009206598003061e+01 6.345560534673843733e+01 7.714279767651068198e+01 6.386999689962176063e+01 5.548404555906913771e+01 4.878087020751706149e+01 3.007852414155165732e+01 3.738544396980118023e+01 5.662190319262631277e+01 6.497770862201326736e+01 7.346802034080027966e+01 8.643171694882067868e+01 7.815603627268822606e+01 8.643171694882067868e+01 7.604812967471715979e+01 9.277341115284144735e+01 8.300221157437817965e+01 9.957901420882342336e+01 1.135701316580919951e+02 1.150724681495081398e+02 1.005479631535911267e+02 8.070004290997131591e+01 7.812034864413635660e+01 9.276296833396396835e+01 9.093099838677214564e+01 7.113402377391416564e+01 8.103251108034184824e+01
8.122649727833773170e+01 8.322818550631134826e+01 6.219224529320534600e+01 4.855443749986086033e+01 5.777047344669801987e+01 6.491918872174407795e+01 5.073437331242281090e+01 3.478790649875613639e+01 4.883544948927302443e+01 5.537897444201367136e+01 5.744991155813028882e+01 4.837508949492789156e+01 6.872555565413360057e+01 5.679853814661027656e+01 4.080618414107093628e+01 2.937626508087064536e+01 4.878064796364406419e+01 5.677989651149862738e+01 5.109711538231076133e+01 7.050394470056390617e+01 8.319281168236777546e+01 7.499018810190680995e+01 5.839115245965384560e+01 7.189193661120847878e+01 6.456798528624680955e+01 8.077647926540799972e+01 7.147370598258216035e+01 8.558789675955496534e+01 1.032449077761606446e+02 1.147431670151771641e+02 1.087770846118684460e+02 1.005479631535911267e+02 9.797843656162024217e+01 1.062034362685951123e+02 9.921246570862686553e+01 8.099229564229604250e+01 9.921246570862686553e+01
8.544358896691645100e+01 7.803999174754457613e+01 7.198401526544074613e+01 5.188303164265821010e+01 4.012039462433549630e+01 5.071618969559682455e+01 4.729072481180828191e+01 4.508896809078729717e+01 3.093765807088148989e+01 4.440741880047627177e+01 3.598035210018353780e+01 4.912549902314726324e+01 2.623393843929485314e+01 5.680469819352504146e+01 4.821556872733555110e+01 2.890163906988492926e+01 4.255999937976275049e+01 6.211705915184111859e+01 7.050390117158380576e+01 7.859278170225552174e+01 7.183559133969465904e+01 5.529631108773308767e+01 4.875763475625341670e+01 5.222668591147791517e+01 5.639495712773714331e+01 6.085193395544322215e+01 6.745046160824223591e+01 7.500763427672616501e+01 8.657829894934423010e+01 1.064886323138564848e+02 1.006551359271407335e+02 9.961338193290416143e+01 1.078787650225908834e+02 1.120355391506714966e+02 1.091774076085453657e+02 1.008697011314531977e+02 1.091774076085453657e+02
7.803999174665831617e+01 6.036400557891916208e+01 6.554118206397978952e+01 6.590726472142604564e+01 5.071618969559682455e+01 3.456194243574282154e+01 3.043630312638120117e+01 2.703449422542047742e+01 4.243495834526638788e+01 4.464588161367766617e+01 2.713121723714851541e+01 2.585652644113715937e+01 2.622083822362590411e+01 4.603644875328645014e+01 4.759844795781586413e+01 2.843316491974436744e+01 4.775671860914041389e+01 6.233191920430737554e+01 7.078552980401623529e+01 6.760711696038707430e+01 5.939273381624865067e+01 4.417766210319311426e+01 6.363589371063802957e+01 6.605388911556882192e+01 7.621124890558590437e+01 8.077647926540799972e+01 8.743948809399088873e+01 9.499339598620019842e+01 1.032449077761606446e+02 9.486834922141639481e+01 8.081345243590479299e+01 7.977441307436460249e+01 9.640521138513278743e+01 9.217956197328618373e+01 9.745435651346667782e+01 8.921804061254398732e+01 9.745469024063586971e+01
6.362608711801274097e+01 5.437837563566147026e+01 4.713407119746970153e+01 5.833814463751345158e+01 5.255636040611990722e+01 3.803480147320926363e+01 3.559219732090058841e+01 2.425673406983979419e+01 2.461915241882336858e+01 2.498116716336936705e+01 2.534289826779046351e+01 3.868195157947104690e+01 4.193067194296840228e+01 2.673760950200709630e+01 4.025611741198304117e+01 2.795379483038460933e+01 4.710662426294759797e+01 4.240015065046532783e+01 6.233670686857450960e+01 5.939273347012842663e+01 4.002827421288540677e+01 5.939273381624865067e+01 7.187222046057307523e+01 8.598623005296009580e+01 7.984226914832245825e+01 8.137950645736411559e+01 8.704426660578386077e+01 9.582870793506917551e+01 9.565114209448944393e+01 8.493878707196945754e+01 6.678330630106742660e+01 6.831832265085985512e+01 8.815934792197937497e+01 7.816082289503475522e+01 8.260641854052640554e+01 6.938190581140034396e+01 8.083794697489241798e+01
7.969402776180864123e+01 7.232946597152673007e+01 5.833814463751345158e+01 3.956094690626756005e+01 5.190770563637382651e+01 4.321346856058492847e+01 2.374937461828540108e+01 4.331467774007207083e+01 3.768913537351165388e+01 4.284118592389478408e+01 2.798760786791804378e+01 4.609560567829587541e+01 4.785087538604511792e+01 2.756577228770863641e+01 2.725224780544059655e+01 2.777390942987877409e+01 2.831198181562417204e+01 4.780328534769726190e+01 5.659967689025878457e+01 5.656983812831597191e+01 3.745949881872155629e+01 5.401356346048343937e+01 6.442424574744516974e+01 7.306497005408358802e+01 5.943018920932778570e+01 6.359635218124422806e+01 6.588318356354115224e+01 8.235484627737440633e+01 8.740293717600401635e+01 6.756156134151279957e+01 5.686780773589203619e+01 7.670412664052500418e+01 8.485528585902170562e+01 6.670121718712690040e+01 6.275900827356984024e+01 8.260640702836928995e+01 7.784590398140031198e+01
7.524191778476340176e+01 6.675715221915713471e+01 6.579237090808932464e+01 5.191237970366547927e+01 3.292837769632342315e+01 4.214785620320001414e+01 2.339071845516507508e+01 4.297088773513782201e+01 5.527736747785498750e+01 4.723610997946423140e+01 4.791229872721063998e+01 3.684853926123636825e+01 5.632391209640275065e+01 5.220305659758975025e+01 3.633330936060954031e+01 5.503453915121099982e+01 4.823233966826460062e+01 2.911858476163525467e+01 4.859342421753851227e+01 5.012156368299167042e+01 4.396160178863883772e+01 3.406822257145489630e+01 5.456720131074089863e+01 6.476634143230667462e+01 4.646690450624115698e+01 6.169008417201734318e+01 5.362623358754868264e+01 7.402378417483984663e+01 8.580336315676986203e+01 7.120252164468250555e+01 5.139810914423573251e+01 6.891649057913181764e+01 7.141201702495457937e+01 5.678068375112895438e+01 7.662252620895401378e+01 9.084007505698119189e+01 9.767027199507766966e+01
6.673124906423535663e+01 4.651578084630261856e+01 5.245534898497156462e+01 5.653162544897269726e+01 4.587208189761344101e+01 2.675212913863127184e+01 2.303232784531021693e+01 4.318293556083509799e+01 6.227352275678767768e+01 6.663513038003378597e+01 6.468294855592735360e+01 4.876134453114342904e+01 5.116223730308951900e+01 6.586032777388440707e+01 5.158660156632728899e+01 6.632510652276224050e+01 5.572200926155042566e+01 3.809470411948218072e+01 2.993427654395672022e+01 3.050649105103368797e+01 3.106065297526574298e+01 3.159940888466820041e+01 5.117812536705956461e+01 5.248332088286930031e+01 3.989490609465867266e+01 4.205926728112439150e+01 5.595639360002437712e+01 7.583544872260684144e+01 7.177631750213127759e+01 5.774927396442234340e+01 4.675971138568981189e+01 4.913048623924727565e+01 5.160401253764197804e+01 7.141201702775011029e+01 8.042837824191772711e+01 8.866418074360197465e+01 1.030668294765739574e+02
6.410021085008642672e+01 4.393361783175364366e+01 3.266266061011943123e+01 3.765916604469773432e+01 4.125116279834015387e+01 2.252633572581910215e+01 3.115756717041873003e+01 3.342886820519279922e+01 4.567172132609251634e+01 6.902975097438283569e+01 7.566727904448201514e+01 6.786703227921546500e+01 6.454903542816799700e+01 7.760570948016508908e+01 7.264883808108145047e+01 6.832519769554697575e+01 5.428263270517577155e+01 3.462370065561393773e+01 4.963774056239306276e+01 4.435009542108963387e+01 5.065604163983491759e+01 4.875304886270028248e+01 3.235766975023300063e+01 3.288924719482462677e+01 3.341588160865994439e+01 4.664154312051854134e+01 6.064393753753244454e+01 6.888858746671584754e+01 6.066538629932135507e+01 4.377658425167032874e+01 6.355344413361027023e+01 5.899948771423797922e+01 7.141201702780610105e+01 5.669319605523222094e+01 6.057698927227644958e+01 8.042837824193765073e+01 8.322496364927683032e+01
7.285065314907666334e+01 6.104525383596958932e+01 4.369693446192398767e+01 2.262909266556589571e+01 2.202301302852708531e+01 4.146768732744435937e+01 4.547071684548987491e+01 5.179397152609057997e+01 6.250336294326299935e+01 7.601605753916257413e+01 7.778764595491578859e+01 8.551481698183434332e+01 8.304102439120370605e+01 8.639730497610273119e+01 7.412454427618962427e+01 5.415172366092597400e+01 4.019044866697304741e+01 4.106603269441459503e+01 6.089092472711828918e+01 6.409127502983213276e+01 6.173395115630989949e+01 4.205738163526169870e+01 4.615309746535418611e+01 5.246735387184717325e+01 5.301365910497499101e+01 3.415770335071383812e+01 5.378922702797035527e+01 5.787060818283723762e+01 4.088273732138203087e+01 5.486693107423877080e+01 7.177632175588580310e+01 7.044807747288918165e+01 8.476918826657603745e+01 7.072351227779408589e+01 7.204401282810421492e+01 6.702388826102327357e+01 7.275910762997285985e+01
6.666841761861678606e+01 6.377301908599128666e+01 4.362983750000744720e+01 4.138301827393978272e+01 2.166863060715088452e+01 4.058739361148055735e+01 2.696600729923670414e+01 4.806307623751344948e+01 5.682234919990009558e+01 6.302466637737869348e+01 5.970677350215246548e+01 7.751954869062292630e+01 8.654987901191715594e+01 7.800812810511659734e+01 5.800973343768402657e+01 4.654969113458900409e+01 6.000162738941347840e+01 4.849629765098512024e+01 6.842223270951717495e+01 7.570893347678784835e+01 5.595440878779653104e+01 5.595440511254611238e+01 6.591441643436745323e+01 6.431316320776687689e+01 5.062746264931741536e+01 3.467938759079301292e+01 5.433197499205511605e+01 3.810492623935310519e+01 5.787060804970299444e+01 6.888858021650932528e+01 8.291024397015603142e+01 9.028818469342942876e+01 9.853746360526290005e+01 9.056585723420413103e+01 8.606933068594034353e+01 7.848409053888508424e+01 9.259098322362784472e+01
4.655723486943492873e+01 6.010404289283680157e+01 5.578407752766184302e+01 3.760078638560709408e+01 3.091354164762505263e+01 2.116895875432303242e+01 4.226993643941079171e+01 3.354006218183360488e+01 3.851597811338720589e+01 4.393074651026123689e+01 5.168129795204391996e+01 6.100824778575088203e+01 7.882611453093224441e+01 8.580235412525546224e+01 6.573588841435935137e+01 5.166282221611190550e+01 7.161322014663345215e+01 5.842232031354209454e+01 7.677566487466472722e+01 8.394644397030022276e+01 7.570893347678784835e+01 7.570863498002782421e+01 6.948815125692425454e+01 5.774504628479046175e+01 3.798624589243751615e+01 5.397384692367876369e+01 3.543482026855470934e+01 4.826595018862303021e+01 6.209150664803278374e+01 6.737244355066391677e+01 7.275059764896469972e+01 7.907006831890161891e+01 8.715481248551490978e+01 9.815460775042728869e+01 1.059137768270403086e+02 9.831593407136018925e+01 1.065748656532527718e+02
3.187135763549746414e+01 3.783710151372217467e+01 4.009817065202724962e+01 3.979495678088058952e+01 2.066916293286146811e+01 2.166363306077401418e+01 4.492872524671965095e+01 5.407171589138157941e+01 5.299746842902955990e+01 5.773094545371863262e+01 5.970677310263726412e+01 7.751954869062292630e+01 8.654987901191694277e+01 8.580235412525546224e+01 6.573588841435935137e+01 5.917542988465448417e+01 7.917073517279071382e+01 7.252226191541687683e+01 8.681344232432402919e+01 9.389922253343557657e+01 8.718696053457053097e+01 7.316563252225247993e+01 6.127108755216873703e+01 4.148123002124405900e+01 5.774504628433826525e+01 6.318575057426439656e+01 5.512545858360300599e+01 3.622652239619142023e+01 5.291298472746012749e+01 4.928255055111246463e+01 5.491327844345418185e+01 6.119590606201433758e+01 7.121072207630936646e+01 8.980613494342043168e+01 1.003193990120485353e+02 9.774435564883162897e+01 9.774435564883162897e+01
