LEM/sinusoidal_perturbations/elevation_000293.asc
nrows	100
cellsize	150.0
xllcorner	0
ncols	100
yllcorner	0
NODATA_value	-9999
[rows 34 to 50 of 100, columns 37 to 73 of 100]
5.252578085507298766e+01 7.248051726694231434e+01 8.803552881454000101e+01 9.621979821930383991e+01 1.076597264984780224e+02 1.049329702208150650e+02 9.332199216964735911e+01 7.351843686264905386e+01 9.332199216964735911e+01 9.685843607711005632e+01 7.700735993278561864e+01 6.266654611001793995e+01 5.248273144041142757e+01 6.804038714606271299e+01 7.632849800730994616e+01 7.652657642207296362e+01 5.627030718139364041e+01 4.170824112940684358e+01 5.912299774662357521e+01 5.965196445784383883e+01 4.755091489981078468e+01 6.392075131133109522e+01 7.041582240391990410e+01 6.227526819421927229e+01 4.255235529318439092e+01 6.310562039775664545e+01 7.023062672486692293e+01 8.120241359160175421e+01 8.318912795763743873e+01 9.132246648009061119e+01 1.000754861165285945e+02 1.078191052900651243e+02 9.965559694747088315e+01 1.078191052873751659e+02 1.072302863367184216e+02 9.076520877124156073e+01 1.069325128061183534e+02
4.862329737102975002e+01 6.856707148414524511e+01 7.031631961525680197e+01 9.021525494055289585e+01 1.008072668149226416e+02 1.089580437300902389e+02 1.014096835771498633e+02 8.352234186909235802e+01 1.014096835771498633e+02 9.250440903262895631e+01 7.251826180051115500e+01 5.811224538651339344e+01 7.275316789417632890e+01 6.686777287189482877e+01 8.696176837689164074e+01 8.103513231358546420e+01 6.086925740046861932e+01 4.632608691733700113e+01 4.532009953120160617e+01 6.580124603873231592e+01 6.666344981885541188e+01 6.111984422009890494e+01 8.089279579475072524e+01 7.141527124826367867e+01 5.719270926326267102e+01 4.338860132011888027e+01 5.023123815336117559e+01 7.000283521061660963e+01 6.323470602533912199e+01 7.740793953677612649e+01 9.714615145041690880e+01 1.097940457157452414e+02 1.018361414729450019e+02 1.042984509893442464e+02 1.122742703452937434e+02 1.104070651860117778e+02 1.185899594905639987e+02
4.505285846013862994e+01 5.036858732866368626e+01 7.031631961525680197e+01 8.676844130818496126e+01 8.095336938350480693e+01 1.008072668149226416e+02 1.111925956035400844e+02 1.031216424702021897e+02 1.111925956035400844e+02 9.665201962622877829e+01 7.676077799501658205e+01 6.237370560007245501e+01 7.676077799501658205e+01 8.696176837689164074e+01 9.517221769535362341e+01 8.734195414412923242e+01 7.170539801306470906e+01 5.137967048976862827e+01 4.795152141608155461e+01 6.247531688489740276e+01 8.262552982471578389e+01 8.235223789898334701e+01 9.062575921110943966e+01 8.563542480691373271e+01 7.225002883032718159e+01 6.395576575488618687e+01 4.423973001721472542e+01 5.156716719871965182e+01 7.166843708343675701e+01 9.132246620125464176e+01 9.936489593754025407e+01 9.878855422184311408e+01 8.283620719570571111e+01 8.530283810126957178e+01 1.042984509893442464e+02 1.157628250417061508e+02 1.111641743559123938e+02
6.082891177055266496e+01 7.031631961525680197e+01 5.977110951905315517e+01 6.683413372355957449e+01 8.095336938350480693e+01 1.008072668149226416e+02 1.064150826577877353e+02 1.145311380657283991e+02 1.065690498322518494e+02 8.684250012513712136e+01 7.526842904922968103e+01 6.808092050467979561e+01 8.815408074453162612e+01 1.048365370334981606e+02 9.062158560517576689e+01 7.061507535919814416e+01 5.889977739001880508e+01 7.100819304951940580e+01 5.065617288496218151e+01 6.511734578903870840e+01 8.523051480987975026e+01 1.010271883449229477e+02 9.111476164381377885e+01 8.285558256858871573e+01 7.517290552835936523e+01 6.541306442604089000e+01 4.484975165683423626e+01 6.521234877747825465e+01 7.491384052776977853e+01 8.355512854293307612e+01 8.029996788619796177e+01 8.220173742945900131e+01 7.149147184273161315e+01 9.086652430339213993e+01 1.069841283886352556e+02 9.574481445350755848e+01 9.126401944061505844e+01
6.338333123117120493e+01 6.638834863606318493e+01 7.461057827717054636e+01 8.617927120630002946e+01 9.435444156122417780e+01 9.840218504487116036e+01 8.663014690375300120e+01 1.031406061216052308e+02 1.147602498800339248e+02 1.033628762689993437e+02 8.815408074453162612e+01 7.580243750537009362e+01 8.815408074453162612e+01 1.079089029013586156e+02 9.888187360642011470e+01 8.541694426251409311e+01 6.534873755189640576e+01 7.372279856959538336e+01 5.344068859159186502e+01 6.784067721396999673e+01 8.792349572187028173e+01 9.282498325219728486e+01 7.299059363985938376e+01 6.310348642847137057e+01 5.508484984902510462e+01 4.593778804392432136e+01 4.546946157426249613e+01 6.599340763153675482e+01 5.638300183386903797e+01 7.398380965574092727e+01 6.639221600155912029e+01 6.242170440781318774e+01 8.220173742945901552e+01 8.931442897859253094e+01 8.927798704749173453e+01 8.194467095637266141e+01 8.555369717620665426e+01
4.345933459623262962e+01 4.645531819503487725e+01 6.638834863606318493e+01 6.625562410650873346e+01 7.937916982997286652e+01 7.854962977233377330e+01 7.510919689215741357e+01 8.920522681480662186e+01 1.089633416763715417e+02 1.161056108482810885e+02 1.038321501902101858e+02 8.581623554256023567e+01 1.038321501821760222e+02 1.101292279868529533e+02 9.025152918327950147e+01 7.613684275099184617e+01 8.541694426251409311e+01 7.653254244337421142e+01 5.630454642213016569e+01 7.065781045773898938e+01 9.071540007840197006e+01 1.010272262792483247e+02 8.926819722357771525e+01 6.949548307474110231e+01 7.517305992861865604e+01 6.941576808821963596e+01 4.891711310862847739e+01 4.635666251167942420e+01 4.699101284335342399e+01 6.745528055363534747e+01 5.465843169734863238e+01 7.462590344749114024e+01 8.763015381057394393e+01 7.154578352886102266e+01 7.765622076147604957e+01 8.045391628599621470e+01 6.613069403686698422e+01
5.922889074716177760e+01 6.638834863606315650e+01 5.095858718221729333e+01 5.472244973591872963e+01 5.942678739594360593e+01 6.442375355655387636e+01 7.441996485998561184e+01 8.851952281178104442e+01 1.082848472779612905e+02 1.200282482689513444e+02 1.136853810958536997e+02 1.055022657908290427e+02 1.136853810948291965e+02 1.123111176217444864e+02 9.242426532292125785e+01 9.607355866852951465e+01 9.361895223082225925e+01 7.358411894927495212e+01 5.926051236606160444e+01 7.945218619960965611e+01 9.358546779509465807e+01 1.051467126484598111e+02 9.748340630944241525e+01 8.926819722362603216e+01 9.138624998499457774e+01 7.416893263582480245e+01 5.356836564557180225e+01 6.684911626091884784e+01 6.655856798280750297e+01 4.789119985898611986e+01 6.707466094983361415e+01 6.940845839951539631e+01 7.470966840029781508e+01 7.019930021935928721e+01 5.798277699682241604e+01 6.086102623771675724e+01 6.560132619996768710e+01
6.576471018987909645e+01 7.721463721994992113e+01 5.726312737544385811e+01 7.467634818999637503e+01 6.735607425246620039e+01 8.436430858777923447e+01 9.254572930447940848e+01 1.024590390553371861e+02 1.060762965723630344e+02 1.002971770831696432e+02 1.142297240543717436e+02 1.123292140470477847e+02 1.041715681434367013e+02 1.123293161214000122e+02 1.123111176217444864e+02 1.000961671587953532e+02 8.013215078434740235e+01 6.586104633671487818e+01 7.945218619960965611e+01 6.513488674497430964e+01 7.682756196633688717e+01 9.685580682562196841e+01 1.103669565921454847e+02 9.721890639541551593e+01 7.737578245160187862e+01 6.302112446652714794e+01 6.567372083896385959e+01 7.978012818439613341e+01 5.979454884801833003e+01 6.831333970796569588e+01 4.880072932254175555e+01 4.944296423462350276e+01 6.544802439950491646e+01 5.410985659122894020e+01 7.433345342741000650e+01 8.045391628599621470e+01 8.503431587976781714e+01
7.328074213703921203e+01 8.426334867417486407e+01 6.432658200253609948e+01 8.426334867417486407e+01 7.888573866576098226e+01 9.544481339759217065e+01 1.076446238629420264e+02 9.948122394691796444e+01 8.629111565717246890e+01 8.629111563784661598e+01 9.487087965772090570e+01 1.024399388274252232e+02 8.436207258154209399e+01 1.024410934026274020e+02 1.138550380155386961e+02 1.050750132183643331e+02 8.515943644711850880e+01 7.094012512059305209e+01 9.099257174462009345e+01 8.529249426471795914e+01 7.190767963485865266e+01 8.201788833783251675e+01 1.020520285847126587e+02 9.721890639541183532e+01 7.737578245160187862e+01 7.737578245160187862e+01 7.996979648043186728e+01 8.792371250073530575e+01 7.144938938723134925e+01 7.879633472869242894e+01 6.969450662856495171e+01 6.978512469065410073e+01 5.034825683524647388e+01 6.550796102914095798e+01 7.322365221920050260e+01 9.292224454978936876e+01 1.004050905353503822e+02
8.143740562190666310e+01 8.426334867417487828e+01 7.844958490255382344e+01 9.244441418708564129e+01 9.872968457221192295e+01 1.068688850850785741e+02 9.948122410349093059e+01 7.970574660388494692e+01 7.232143832329819588e+01 8.152142558491276247e+01 7.510354162081097229e+01 8.541815159209546948e+01 7.448060588221149203e+01 8.589669776151728797e+01 1.057006022087206389e+02 1.009551964814416039e+02 8.102994721984494220e+01 9.099257383217515383e+01 8.733750409522843938e+01 9.765485658633420485e+01 7.753397501405487446e+01 9.765485658629347654e+01 1.103669565891546256e+02 1.053967175183873053e+02 9.721890639541183532e+01 9.721890639541183532e+01 9.978524764330293806e+01 9.930436713566659535e+01 9.117253045850188187e+01 9.381133597762710963e+01 8.206718699578762255e+01 7.038600261308781114e+01 5.100464783278491154e+01 7.129662604241804047e+01 7.133323059663862864e+01 8.969207502591287096e+01 9.544859103364517239e+01
9.285211358217203781e+01 1.040631221608884971e+02 9.829901602005548966e+01 9.983822750844475991e+01 9.156743920778771439e+01 9.983822750844475991e+01 9.948124408873034952e+01 7.970574662399393162e+01 6.578178669348572782e+01 6.183466582574259718e+01 6.121212641469368521e+01 6.569459174184503070e+01 7.448060588221149203e+01 8.589669776146143931e+01 1.057006005597299207e+02 1.092356257893346623e+02 9.101988630939473524e+01 1.092356257893346623e+02 1.014167546986106601e+02 1.048836376136597011e+02 8.467966323944961005e+01 9.765485658633420485e+01 1.177505810510041329e+02 1.185520800570920699e+02 1.104452409813895173e+02 1.137844687174677318e+02 1.051629749916987180e+02 9.701608588606733008e+01 8.785785966195136609e+01 7.375229417484894157e+01 7.441069958518491489e+01 5.403212657309718736e+01 7.143871221734609378e+01 5.197380743443265771e+01 7.238221952814531335e+01 8.108229491363411512e+01 7.517918242807994034e+01
7.846095902684831458e+01 8.790431949244283771e+01 1.027651508694096947e+02 8.986230399051210327e+01 7.162205483593045585e+01 8.986230399051210327e+01 1.014920559376005684e+02 8.173666112309055620e+01 7.495917231437950079e+01 5.533285278971434451e+01 7.495917231438048134e+01 8.541815159209546948e+01 9.359918712803653307e+01 1.024410586406600885e+02 1.138549792713998983e+02 1.191979293085251470e+02 1.108904792059222473e+02 1.191979293085251470e+02 1.213523944949712785e+02 1.132859509456510096e+02 9.481041366401308323e+01 1.132859509456510096e+02 1.215864894402919845e+02 1.022892810497242380e+02 9.111805955938798718e+01 9.445211168341235464e+01 9.701610798382232304e+01 7.699168383009183003e+01 7.963926802793504578e+01 5.929014929661967415e+01 5.709049644082561059e+01 7.441069945584257539e+01 8.067011421961196049e+01 6.646260887006941687e+01 5.294072737667039519e+01 6.068517427374318629e+01 8.107989878018892682e+01
6.119446260279941896e+01 7.969247306440900047e+01 9.336017127079101385e+01 7.461059479596642063e+01 6.184058142278755810e+01 8.159474702185906381e+01 9.697467636893927079e+01 8.173666112309159359e+01 6.205145113880198693e+01 5.229042060754331089e+01 7.189405613094689329e+01 7.283622785886608142e+01 8.678835382803833909e+01 1.065491380228319684e+02 1.109946508288630298e+02 1.191811411284792399e+02 1.227408823905636694e+02 1.146743093441485968e+02 1.184167518303240740e+02 1.237481538715830567e+02 1.155034551909678413e+02 1.240972976545022988e+02 1.297717517300640395e+02 1.185520800570920699e+02 1.001144279623676283e+02 8.043116114259535721e+01 9.172145478997953205e+01 8.285668671085691983e+01 6.250812117219926023e+01 7.963929588020492645e+01 7.744496436057960409e+01 7.744496436057130495e+01 9.487767968988245570e+01 7.976495337302542055e+01 5.941971545975747659e+01 5.391209035178773945e+01 7.428260125326212915e+01
7.846095902684831458e+01 8.790431949244283771e+01 8.510324319736396603e+01 6.535368679008460902e+01 5.509801402626674616e+01 7.461059479596642063e+01 8.880572494156950825e+01 6.909265352324024434e+01 6.903457197663466616e+01 4.944507707168199317e+01 5.681651523602872800e+01 6.812023665469332911e+01 8.205779606720575714e+01 1.018300326008238272e+02 9.138176858465172359e+01 1.078321401043958758e+02 1.115036940814766098e+02 9.521661019251372693e+01 9.962166062267323241e+01 1.184167515801236306e+02 1.188131672786543902e+02 1.188131672786543902e+02 1.269375882831013485e+02 1.177302729307858442e+02 9.816824645556140183e+01 9.172145478997953205e+01 7.164302798930083327e+01 6.612138966009791829e+01 8.285668671085691983e+01 7.220132568708133647e+01 9.235919960556631736e+01 9.746996728324205606e+01 9.054867278658515772e+01 7.037418117962732822e+01 7.973012363811714920e+01 6.823776189578335050e+01 5.488131604443933043e+01
7.570769691445079275e+01 9.257872273340819902e+01 8.122343700505778941e+01 6.897779791598111387e+01 4.964741803561408062e+01 6.897779791598111387e+01 7.117602865470651352e+01 7.105225569218032433e+01 5.308845783748080294e+01 4.683191561948272863e+01 5.659571985465913002e+01 7.045918699424645126e+01 9.018898594387744083e+01 8.841554715720278068e+01 8.017587508717734579e+01 9.967114770151316350e+01 1.034403827442630188e+02 8.394047893125494397e+01 9.433032525731012186e+01 1.024531894066051905e+02 9.909477052180641010e+01 9.909477052180641010e+01 1.188131672786543902e+02 1.120067690677100103e+02 9.243614270640269126e+01 7.820637437246915624e+01 7.037651030335239000e+01 8.645037810727180272e+01 9.464179154176869702e+01 8.657239987777519730e+01 8.508870737337217349e+01 1.048699661484608043e+02 9.870964409441759813e+01 8.059499923907753782e+01 9.528280999806399620e+01 8.223452051891337078e+01 5.837602161470088902e+01
7.877453990194477740e+01 8.443221331790476825e+01 6.476406681544182220e+01 5.366228037273661045e+01 4.513843193278162857e+01 5.906086803706475052e+01 5.154149183337915474e+01 5.958758913513207744e+01 4.330713296477821928e+01 6.289926307946506512e+01 7.457572501571716828e+01 8.440931636766514146e+01 7.971726971511296256e+01 6.896560762623245466e+01 8.841554715720278068e+01 1.017128823789203693e+02 9.360217441229514179e+01 8.668473909788487219e+01 7.471308398930375461e+01 9.433032685883264890e+01 8.512619440670796678e+01 1.048701552177602423e+02 1.211114851162921440e+02 1.177302729307858442e+02 9.816824645556140183e+01 9.640872362947038710e+01 7.637125763839587478e+01 7.602994108046817701e+01 9.608184147541780362e+01 1.063297699911363736e+02 9.914244449049192554e+01 1.129941363371659975e+02 1.086168723400359113e+02 1.005023463340927066e+02 1.086168723400359113e+02 9.043358943854202892e+01 7.002498146916971677e+01
5.884993223806496587e+01 6.733234815554169472e+01 7.570071376188413126e+01 7.152424060934056627e+01 5.838298876698384987e+01 3.585486070885345811e+01 3.763589741447609072e+01 3.996770587015368648e+01 5.958758913513207744e+01 7.105225569214861991e+01 8.017623446048420988e+01 7.208426793486812301e+01 6.025685564277266337e+01 7.971726888437274283e+01 9.654128300279441532e+01 9.032865026453461610e+01 7.392049839603063788e+01 6.704075471426038746e+01 7.103031329876924360e+01 7.530030226993875431e+01 8.183928303040462993e+01 9.323100571922572044e+01 1.129793088067957854e+02 1.194482046908908188e+02 9.998189181622512933e+01 8.600879228386585851e+01 9.640872362947038710e+01 8.018138436222056953e+01 9.180634445533623023e+01 1.113275003840562931e+02 1.186974266139149563e+02 1.193565804202873295e+02 1.112290545234171759e+02 1.126829606130611268e+02 1.085938120072207482e+02 9.980760399254951665e+01 9.106686543192618899e+01
