LEM/sinusoidal_perturbations/elevation_000351.asc
nrows	100
cellsize	150.0
xllcorner	0
ncols	100
yllcorner	0
NODATA_value	-9999
[rows 68 to 84 of 100, columns 0 to 36 of 100]
5.009162696260268353e-03 1.141928240875652456e+01 3.069043083685513906e+01 2.776309526918619142e+01 2.141018917405340005e+01 1.939007278598262385e+00 2.200965602232409424e+01 1.690739015967950465e+01 1.569570002607736114e+01 4.489521418613448667e+00 2.827306849743710870e+01 2.447499685605463426e+01 2.447566476962174065e+01 4.249550688631800455e+01 3.497481489461261361e+01 3.286381161684816021e+01 5.271111114058810898e+01 6.442674187648805173e+01 6.509718507522124753e+01 6.732047463004442989e+01 7.567547776400992632e+01 7.094488866399585447e+01 6.299074093823988818e+01 6.507008134676561895e+01 5.588570338207328803e+01 6.407025233930795594e+01 6.789467754056242654e+01 4.786432288624434506e+01 3.371474892030217063e+01 4.372949806404089657e+01 3.600233248877813708e+01 3.608412061595036135e+01 3.315884071308381920e+01 1.760531110672912902e+01 3.752083490041406577e+01 4.674173243326539051e+01 5.754255182185565332e+01
4.695337527364121070e-03 8.110007815619653115e+00 2.067972527199356492e+01 2.103890977925276928e+01 1.469419135723568859e+00 6.070385249457616261e+00 2.472727457321947853e+01 2.980788484565482221e+01 5.913855751969810726e+00 4.825699226509828854e+00 2.486332391461333202e+01 1.360381690938868715e+01 2.647171108612958079e+01 4.162663426302667347e+01 2.347444158633245692e+01 4.337734668182301334e+01 3.434965440493729005e+01 4.886280642853121492e+01 4.462965296116785652e+01 4.687210298523417151e+01 6.289495056116671634e+01 5.488386448155003450e+01 6.289520788623050862e+01 5.195253550164186862e+01 3.217209821842236295e+01 4.678976802655473932e+01 5.386574047793706654e+01 4.528860905985146701e+01 4.372958654278361479e+01 2.374133058806530627e+01 3.448668488182765657e+01 1.613887520438468925e+01 1.674487922820553010e+01 3.669645697580582322e+01 2.539556151222577540e+01 4.542244973320492818e+01 6.275406133550733756e+01
7.614146464036155443e-03 3.384299938988428735e-01 6.692911145449131904e-01 1.000288198444611254e+00 7.631951626084560125e+00 2.436166390904352852e+01 3.318776193342667824e+01 4.306871911849292900e+01 2.821285080036496495e+01 1.509988392810495128e+01 5.300898540034774342e+00 1.515913202205405064e+01 1.573732976438540021e+01 3.089608426859902224e+01 1.816230908404833500e+01 3.759706247112180932e+01 2.001478782482137930e+01 3.840749268571677533e+01 3.037443879317407891e+01 5.055493006356154950e+01 5.355574351068707273e+01 3.647969723070320924e+01 5.355574639059815922e+01 4.270398532018015914e+01 2.393950647438665413e+01 3.774472966273190622e+01 3.351639543141383371e+01 2.470902304777670011e+01 3.378573389739951693e+01 3.436251519462854986e+01 1.528038650957144640e+01 3.522023121572888726e+01 1.955485704141701220e+01 4.169283743191709846e+01 4.542244973320522661e+01 3.432528983444682069e+01 4.850440607145571903e+01
2.352828262072654761e-03 1.955099516458203368e+01 2.044713654778739809e+01 4.367435079182969915e+00 2.345093697464208660e+01 1.724461830264329976e+01 2.827017432154068999e+01 4.805697763961738644e+01 3.810179615995316027e+01 2.863053307684836568e+01 9.185281024244636328e+00 5.777232445107173042e+00 8.371672616810331036e+00 1.110361849766856146e+01 2.703613586310190087e+01 2.731466297102972618e+01 8.500575898805386998e+00 3.003768477585009578e+01 2.168055409913474207e+01 3.630216253804574933e+01 3.658230489808155284e+01 2.752857934667344253e+01 4.561907737546972896e+01 3.982761869055438098e+01 2.629342839272125687e+01 1.765559055399901922e+01 1.258698706695676428e+01 1.320015997312424894e+01 1.381214081485160250e+01 1.442177281773341058e+01 2.847787769001951830e+01 4.343993718757400302e+01 3.565806276430293309e+01 3.565806276430293309e+01 5.626214235831303512e+01 4.850440607145571903e+01 4.850440607145571903e+01
6.786455232800275850e-03 1.905128548845721426e+01 3.011602167048160084e+01 2.352600174541785094e+01 3.239144756521555735e+01 2.826983728515295979e+01 4.480668716252116468e+01 5.637604428001615275e+01 4.167321326700267292e+01 2.005589465550055195e+01 3.021745411030474671e+01 9.769067533489522503e+00 6.254858691478771604e+00 6.591406352970449412e+00 6.925645714350669557e+00 7.254065051950975729e+00 7.575777038666777763e+00 2.765888372483956203e+01 1.015288591609447977e+01 1.708861942128685030e+01 1.840213450282117336e+01 3.149660005889739978e+01 3.048674174338431797e+01 2.943283303244663074e+01 1.090809659809422172e+01 1.171738132013113898e+01 2.534778012167669203e+01 3.275547687076108616e+01 3.368195282438294669e+01 2.170309317968567342e+01 4.035422061900811741e+01 5.639218031773525297e+01 5.626214235831303512e+01 5.626214235831303512e+01 6.458349449257636365e+01 6.863404455550185901e+01 6.863404455550185901e+01
3.257643153035955173e-03 1.452666299540460493e+01 3.553113876704354368e+01 4.141656767422319518e+01 5.012815637122878343e+01 4.802844502920376613e+01 5.624469702279609606e+01 5.352865783971444102e+01 3.299193203658609974e+01 3.685039413027332245e+01 1.588723886110217087e+01 3.079894796475424101e+01 3.006387165773112002e+01 1.812078684710407828e+01 2.093226455188092316e+01 2.717306652308957737e+01 8.082805215984530278e+00 8.030129716299867937e+00 8.359672767968186591e+00 2.037407768475274850e+01 2.640156879874182749e+01 9.745179612992592055e+00 1.011697100789514003e+01 1.048429303023045200e+01 1.084649837433061670e+01 2.242336913348636074e+01 3.705738100033367033e+01 4.922040538139282972e+01 4.886349332818563340e+01 4.083957509754221604e+01 4.955987107252182255e+01 5.550275049832892194e+01 6.386613815619788426e+01 6.130471191559660582e+01 6.967871754776271587e+01 6.789276944131937341e+01 7.627344687314072758e+01
1.880098487986705483e-03 2.000188009848763215e+01 2.885503536624216281e+01 2.150420273675345584e+01 3.574039272387881994e+01 5.607807158306637518e+01 7.002639003260887307e+01 4.982263170193500201e+01 5.353009043372359343e+01 4.128029729721483676e+01 2.050185571999331202e+01 4.128029729721483676e+01 4.539748642526474498e+01 3.760999364724410299e+01 3.979508360202103745e+01 3.398404384454354243e+01 1.406944341700466694e+01 2.739416515252290907e+01 2.530366039154121083e+01 8.853736633886661878e+00 9.218774499411964030e+00 1.947869242570062909e+01 2.743137345881588374e+01 3.015457008644036563e+01 3.086708024148821039e+01 1.146557609428694668e+01 2.998233176646147413e+01 3.980642727584330487e+01 4.685282858271693129e+01 3.865339014403730999e+01 4.126146525899931561e+01 3.547847882154012922e+01 4.675623091297317302e+01 4.119869990305073770e+01 5.289967189754760568e+01 4.771971175178346414e+01 6.386558820967742633e+01
2.900726248362994839e-03 4.367258616495346857e+00 8.839396150325958601e+00 2.298692529266191897e+01 4.302190629137788846e+01 5.320321867870246990e+01 6.323204613293960108e+01 7.002639003260887307e+01 6.603218330738120301e+01 4.745481772943309551e+01 2.697584131196293455e+01 3.108319201550342825e+01 5.147702533026925664e+01 5.221596710381255946e+01 3.219563213047798200e+01 2.065701049672390610e+01 3.399103935661569409e+01 3.939840516495313238e+01 2.588727641632991805e+01 1.171439651584703334e+01 2.882127589222124442e+01 2.800057318181075416e+01 4.052916185202517596e+01 4.077223793297227417e+01 2.090340569478219024e+01 3.146024240721060394e+01 1.208232946281830777e+01 3.143132371298124639e+01 3.504955193038214389e+01 1.880108231574118705e+01 2.139895921025145853e+01 2.406434277693294632e+01 2.685471721921109278e+01 2.975462210628199244e+01 3.289338070589456464e+01 3.625703426107430261e+01 4.370565361315785680e+01
5.081304048347549951e-03 2.000508130404799090e+01 2.885503536624216281e+01 1.778438251111073853e+01 2.485743689362348618e+01 3.486817200101938141e+01 4.904715128387768885e+01 6.912034784524513498e+01 5.758468194203484103e+01 3.732240409209870080e+01 4.745481772943309551e+01 4.553933484298468670e+01 4.553921889628934849e+01 6.051605054181998611e+01 4.601322585276820121e+01 2.597287463667126772e+01 4.601322585276820121e+01 5.168060591927320502e+01 3.542662187316133782e+01 1.459448623402012757e+01 3.545493892469747976e+01 4.915742404529849097e+01 5.380480029763995020e+01 3.359092213771720026e+01 3.509901215673502861e+01 3.892256103508675835e+01 1.645258901604720236e+01 1.269802643075139414e+01 1.520821941284133416e+01 3.505788878733816460e+01 4.126146142140417794e+01 4.394173185540871174e+01 4.087371899513867390e+01 4.123494860104901250e+01 5.289967189754760568e+01 3.624549764774915417e+01 4.183518576556836166e+01
4.469920835086939326e-03 2.000446992083473319e+01 3.645156183274318096e+01 3.781143725114931442e+01 4.489626279057446823e+01 5.320321867870246990e+01 5.725518541254773908e+01 6.558237580920642529e+01 6.603204445474810313e+01 4.902528074927505486e+01 6.603204445474810313e+01 6.581910348294557878e+01 5.722164826837938278e+01 6.235179638355965892e+01 4.234306751680674097e+01 3.307078127393997846e+01 5.309143555900738676e+01 5.054060874358458477e+01 2.970560215369154022e+01 1.755670302672962890e+01 3.242785736583126521e+01 5.319875895269888133e+01 6.218317510070435361e+01 4.787582489510341333e+01 5.531552266268346330e+01 5.240547868889598959e+01 3.854771844862317209e+01 2.633948744025783739e+01 1.332126014210144938e+01 3.324527815747654813e+01 3.974091954986432995e+01 4.878725549182223631e+01 6.095787096583062237e+01 6.130480280019801143e+01 6.964333124193159108e+01 7.029949131957360464e+01 5.614681269209606995e+01
2.324776005098761877e-03 8.167290585282287907e+00 1.971429596907459825e+01 3.385643159280505188e+01 5.385643159280434134e+01 4.984512161057178758e+01 3.724874835933589878e+01 5.400220955138540546e+01 6.558624903022558783e+01 6.928134724319414772e+01 7.776024178315449831e+01 8.601880568078169631e+01 7.753908061741299207e+01 7.070008661010895423e+01 6.138701128927987583e+01 4.310470498733192102e+01 6.138701128927987583e+01 5.896148648334478537e+01 4.210452472265605905e+01 2.110125150241034930e+01 2.880231921553271945e+01 4.364940369826568656e+01 6.414569389102396713e+01 6.811861406139641417e+01 6.524541943353059992e+01 4.507395081222524169e+01 3.092041725875807145e+01 1.945651212912516925e+01 2.665069178366815805e+01 1.394556091106140094e+01 2.179964423903801674e+01 3.989080591475239146e+01 5.501998284296138308e+01 6.543691551029645836e+01 7.126015130901565442e+01 7.964801632157971767e+01 7.634686723194150204e+01
8.699724428260374037e-03 2.000869972442790612e+01 3.645156183274318096e+01 3.998917525852120036e+01 4.199925129246591382e+01 2.984386813699208929e+01 2.570169986948369001e+01 3.724874837499895364e+01 5.725595499868151705e+01 6.864912422922628821e+01 6.685993263454953706e+01 6.904705206675777163e+01 7.734270655506911396e+01 8.155320342711519288e+01 7.138593662489101632e+01 5.722211450794222998e+01 6.849116678004511982e+01 4.810992770281589515e+01 3.333826570743372741e+01 2.525295535560899296e+01 4.621564687482801048e+01 4.364940371661381135e+01 6.414571202952022588e+01 7.513680258687840308e+01 6.074707215190724696e+01 4.059211951640603644e+01 2.646246609269658023e+01 3.940556511399864092e+01 3.408134648904417929e+01 3.382330057393717482e+01 1.456785597004711974e+01 2.842435994901347485e+01 3.928330043064143240e+01 5.755906585969960787e+01 5.110134457917803275e+01 6.799388638430897913e+01 6.862967592459310140e+01
2.249585233037712084e-03 2.000224958523268270e+01 2.387632889601601960e+01 1.998911332682732223e+01 2.199918917814573760e+01 1.570169823114654406e+01 2.984402027329420193e+01 4.984667496612058812e+01 4.868662553171643737e+01 4.867970488488258241e+01 4.684083141375340631e+01 4.903064095919924625e+01 6.156868498862411343e+01 6.156797172800482798e+01 7.982016316875952100e+01 7.721592538025996078e+01 7.069561748538050949e+01 5.034505322766522539e+01 5.047101020496155854e+01 2.962407313830676614e+01 5.047101020496155854e+01 6.414571244848841047e+01 7.250350437721360208e+01 6.673483680433366771e+01 4.653840746848006660e+01 3.495475685850946235e+01 4.649536846885065700e+01 5.471061059333055709e+01 5.212588826651932550e+01 3.494809700997903690e+01 1.500650164714810408e+01 2.383423859266780909e+01 4.382760696674779410e+01 5.064169173328021856e+01 3.954208928949130808e+01 4.848669011594332545e+01 6.862967592459310140e+01
2.739267172789772273e-04 1.933746904808608225e+00 3.876318629523140658e+00 5.846977185851735648e+00 7.857052816370168280e+00 2.785707667901550266e+01 3.335679512131722646e+01 3.599112729113721798e+01 2.866797806727750242e+01 4.154381802804469714e+01 3.266196100024983195e+01 4.795905739165656456e+01 4.155050751354874450e+01 5.155970235316493699e+01 6.878930040095504239e+01 8.034772489449218824e+01 7.903898428991750791e+01 6.675941603057411555e+01 4.637475603147618131e+01 3.428086011281575907e+01 4.903427829403267424e+01 6.936975642217400662e+01 7.842798622261834396e+01 5.817485732965482725e+01 4.653840746848006660e+01 5.507442289060934826e+01 5.138592820001970551e+01 4.302599078830576929e+01 3.966721819980356400e+01 1.736595017846381239e+01 1.544407648318747306e+01 3.352834456067708402e+01 4.273789722269469848e+01 3.062222623002804056e+01 4.475060697075132765e+01 6.486402798686116000e+01 7.701548274434668429e+01
8.327778614586212741e-03 2.000832777861423040e+01 2.387632889601601960e+01 2.584699370692550602e+01 2.785707665094908947e+01 1.099974962164368542e+01 1.335677222559882438e+01 1.598294476475626880e+01 1.865590242461212256e+01 2.151458671488022745e+01 2.446766279269139943e+01 2.790773576235255860e+01 3.151532383078408373e+01 4.049281199009625709e+01 5.205928360355049733e+01 7.206385436828605862e+01 8.807506650036417284e+01 7.509110196895541378e+01 6.092110848161809855e+01 4.037651681566553918e+01 5.126447409302134162e+01 7.156887967254751004e+01 8.683881382336197419e+01 7.513680258687666935e+01 6.673483680433366771e+01 5.573286923971586049e+01 4.302599079036210838e+01 2.300271581894136474e+01 2.043548205658510852e+01 1.988854768594618250e+01 1.588572736782471218e+01 3.182462629777644381e+01 2.310605898637743039e+01 3.719866935073388703e+01 5.726184238483067190e+01 5.869698074179711966e+01 6.258046884330362758e+01
6.510866554257996840e-03 1.155351625034667329e+01 3.155351625034631624e+01 4.254681083474218184e+01 2.254675494984854822e+01 2.514188541165858837e+01 3.335679512131722646e+01 2.184055479912008835e+01 3.218461661549926589e+01 4.092932784388077039e+01 3.361661094347949330e+01 4.796022559228102722e+01 5.156068993494487529e+01 3.820983547177893058e+01 4.823185292188537687e+01 5.978687835768860737e+01 7.978765418938026244e+01 7.519845415806881306e+01 5.500725017536177575e+01 4.971183271803462134e+01 6.926541189805070076e+01 7.990291007978827054e+01 8.473799677631554061e+01 7.045593840807359243e+01 6.036070513208263577e+01 4.736988415517093642e+01 2.722807928553818257e+01 4.302599079036210838e+01 4.013587998447451355e+01 2.916968951272773225e+01 3.583252240436824110e+01 1.650817257793591608e+01 3.645415536746110519e+01 4.541810469060015976e+01 5.140386426764474948e+01 3.699395658814652421e+01 4.099151784608553584e+01
8.953482861371391335e-03 2.000895348286101694e+01 3.983778749780756812e+01 5.083164277124033248e+01 3.409376004074717770e+01 4.514196530172039701e+01 4.788524539232203381e+01 2.808876978422774684e+01 4.761645608216822723e+01 5.765750566499440311e+01 5.010980608994253771e+01 5.419721791897568153e+01 6.531107182977655157e+01 4.529985186020993382e+01 5.088264617331863349e+01 6.243602281762558448e+01 8.243705219049397215e+01 8.352357362073941260e+01 7.519845415806881306e+01 6.151806103608198839e+01 7.830845920886331157e+01 8.097735085684536216e+01 7.194360065637630441e+01 5.617384155326517003e+01 4.190228020599693792e+01 3.183277196421592947e+01 4.736988415517093642e+01 5.573286923971586049e+01 5.731289054063373101e+01 4.895453362771549166e+01 4.467837637687040342e+01 3.620250827272001004e+01 1.713124075043571892e+01 3.709458778142563773e+01 3.790778260305432212e+01 2.229485710483889704e+01 3.825854113438121118e+01
