LEM/sinusoidal_perturbations/elevation_000971.asc
nrows	100
cellsize	150.0
xllcorner	0
ncols	100
yllcorner	0
NODATA_value	-9999
[rows 68 to 84 of 100, columns 37 to 73 of 100]
8.480473828363179223e+01 6.468176144927407734e+01 8.480473828363179223e+01 1.007759253729503257e+02 8.644832808212231612e+01 6.635314542074947042e+01 6.562071437039938360e+01 5.729699715590044917e+01 3.894624586776487263e+01 5.923027023118041257e+01 6.985668754089627441e+01 7.504077505555568450e+01 8.083841694289543511e+01 8.753941826518342850e+01 9.584821226823248708e+01 1.058905992442814039e+02 9.778250500839627080e+01 7.775457678136652362e+01 8.707712706661861546e+01 8.243387638295124020e+01 7.807250553088942979e+01 7.257337087636410899e+01 5.158789673107708751e+01 6.557970864580603632e+01 8.299742572980174771e+01 6.830024993771263553e+01 6.627011337536787039e+01 7.234482168478575659e+01 6.391316663526706066e+01 4.538532318647626340e+01 5.741576914616155136e+01 7.788910927163634312e+01 9.485726088675227174e+01 9.968145004826605771e+01 9.139251447442987342e+01 8.553180047529244234e+01 1.055415296963369514e+02
7.769019159501466731e+01 5.750376384658227380e+01 7.769019159501466731e+01 8.658860129004156647e+01 7.240127720713269355e+01 6.635314542074947042e+01 4.609108498684889099e+01 3.702352647436463684e+01 5.729686160313849541e+01 4.536007356732522311e+01 6.564489039617517108e+01 7.842425146460577423e+01 8.554046390608669981e+01 9.382667643693230275e+01 1.038392698266174108e+02 1.087722294549897271e+02 8.880926421522931946e+01 7.460372394928074868e+01 6.683766656698627173e+01 6.197723380400640281e+01 5.737604988804618245e+01 5.295287248297056948e+01 4.921896346173924286e+01 5.283209408975282173e+01 8.720371500861880065e+01 7.212425953823615998e+01 5.203793834444502409e+01 6.179519466163007024e+01 4.328080782079198485e+01 5.559622061270039950e+01 7.282167981288837666e+01 8.626793916587890010e+01 9.303122669146952717e+01 9.139251447442987342e+01 7.129791201741521434e+01 9.139251447442987342e+01 1.019174214380492600e+02
6.661070290909208325e+01 5.137881646739558761e+01 7.160375462236297039e+01 7.651405872998492441e+01 5.809349184376750230e+01 7.465086119850161595e+01 5.595777083088354686e+01 3.569511915864710971e+01 5.595777083088537296e+01 6.564489039617517108e+01 5.233811666496514192e+01 5.822029193190407881e+01 6.541277561114561934e+01 7.551937909417770811e+01 9.556154871799562045e+01 1.087722294549897271e+02 8.880926421522931946e+01 8.707712706661861546e+01 8.707712706661861546e+01 8.243387638295124020e+01 7.530138956395460070e+01 5.447523898967762079e+01 4.690929775980511351e+01 6.451818414684477432e+01 7.363807798057122511e+01 7.271115953738528503e+01 5.241714530968128116e+01 4.125080517890304321e+01 6.179442330893673585e+01 7.134938543162974156e+01 8.178791446218745875e+01 8.724616287486487920e+01 7.313048445358867866e+01 8.469431365542494916e+01 6.453275829014900467e+01 8.469431365542494916e+01 8.193263253062882256e+01
4.637219450729999437e+01 4.575408819265664562e+01 6.599436604076123558e+01 6.818940640468734671e+01 4.793975166567524582e+01 5.736551065699497798e+01 5.278780831316575473e+01 3.437980897272847614e+01 5.462793930142477450e+01 7.309858635754189038e+01 7.259187072715498346e+01 6.890067075505602645e+01 7.842425146460577423e+01 9.382667643693230275e+01 1.038392698266174108e+02 1.170281155370665402e+02 1.087722294549897271e+02 1.070694737804615073e+02 1.023441574866516106e+02 8.228374829644606336e+01 6.782915498238308771e+01 7.529995333754717990e+01 5.915116095175194033e+01 4.423828945119520739e+01 6.253456474322226200e+01 6.069860371986469971e+01 6.004223479286805798e+01 3.989343848943917692e+01 5.929885606789632391e+01 5.865514888574034558e+01 7.747881320715792697e+01 7.745966725711680567e+01 5.957286144174489095e+01 7.746203931556952682e+01 5.871338036288445039e+01 7.887417390547929585e+01 8.182756709074257628e+01
6.076834877220660758e+01 4.052459471072729968e+01 5.635079947045424120e+01 5.334990175547068958e+01 5.736551065699497798e+01 3.711398572698279708e+01 3.256649667830645711e+01 5.275318054976009563e+01 4.449568450069170211e+01 5.621972273871480752e+01 7.643064227522580723e+01 8.901582714157045473e+01 9.730338251170736896e+01 1.067586383087259065e+02 1.121392384929867347e+02 1.038476249534576397e+02 1.009271753611651974e+02 9.264056988277343407e+01 1.009271753611651974e+02 9.644822000112742444e+01 8.815930611488026614e+01 8.806861843673412693e+01 7.361283157251604337e+01 6.253456474324081427e+01 4.170186190401026494e+01 3.999430097991118771e+01 5.805585128233619940e+01 3.856665993120553537e+01 3.932234209527717184e+01 5.929052096289347418e+01 6.137788648703977401e+01 6.220963161075783887e+01 4.990971005996510712e+01 6.926605107743692713e+01 5.337158248090584323e+01 6.627693631356906678e+01 6.714401444805673691e+01
6.910372320346780839e+01 5.635079947045424120e+01 3.610511814491304960e+01 3.313193081518724625e+01 4.920192796460917606e+01 3.077845204977056071e+01 3.836281976942709093e+01 5.861591598278772608e+01 5.884736624252301596e+01 7.309858635754189038e+01 8.474327974213778703e+01 9.232471657930105380e+01 9.232471657930105380e+01 1.006135993232232266e+02 1.038476249534576397e+02 8.385837133258029041e+01 8.971308816727757574e+01 7.261230541491832469e+01 8.633301325648263003e+01 9.462209548808840509e+01 9.642347205957331369e+01 7.659353476594900201e+01 7.659353476594898780e+01 7.099565585759214059e+01 6.253433738046509660e+01 5.813849808199007896e+01 3.764336638636095245e+01 4.998007338570664615e+01 5.896422375433583341e+01 4.041015789803282132e+01 4.119533180293515784e+01 4.199208686701562954e+01 4.279997285941007590e+01 6.303816006526064797e+01 5.486844391247780095e+01 4.602718863579951147e+01 4.690152073262165544e+01
6.946921531873286426e+01 6.324999927904292463e+01 5.438379221919936413e+01 4.760450932947466640e+01 2.906957297044520772e+01 4.920192796460917606e+01 5.861753311203502648e+01 5.269411199793540845e+01 7.291793670134150318e+01 8.733802252429370583e+01 8.643399344300044618e+01 7.225438756277762309e+01 7.225438756277762309e+01 9.232471657930105380e+01 9.167885257153662337e+01 8.971308816727757574e+01 6.966901361735091314e+01 6.249852495352536863e+01 6.623881200782913936e+01 8.303466854135261599e+01 9.058257997594935773e+01 7.079908251531651331e+01 5.743933610671025747e+01 6.553485301388143114e+01 6.369659959999957266e+01 5.618571258938818147e+01 3.703626145484261656e+01 5.709910094773555755e+01 4.955667806356500193e+01 6.059709063539359875e+01 6.138427639198887675e+01 6.220963783340160802e+01 6.158938214234856190e+01 4.396820866980505826e+01 4.481326366683757101e+01 6.506725331223482556e+01 6.714401444807495523e+01
4.941720822278325187e+01 5.250589875867243705e+01 3.798503116853915174e+01 2.752933769337978021e+01 4.760452541105058089e+01 4.327638583078834955e+01 5.759506743442675258e+01 7.291793670134150318e+01 8.123734868829107825e+01 9.150033489895520233e+01 7.137419556513724217e+01 5.785688503326721843e+01 7.813285083107224693e+01 8.625385198881745907e+01 7.273177043531289598e+01 8.625385198881745907e+01 8.971308816727757574e+01 7.473162075643546132e+01 5.448591875082409786e+01 6.816304765415502231e+01 7.648513616876230969e+01 8.269909122886306818e+01 6.553117214032737081e+01 4.762955177070171686e+01 5.128436696687238339e+01 3.617229683725815192e+01 5.618574627838998481e+01 5.338572827985151292e+01 6.860155571259782903e+01 5.965082587987270557e+01 7.887920125071762811e+01 7.423426971630989613e+01 5.414925338675562472e+01 6.422150668716682276e+01 4.709257064460438613e+01 6.993540533612700472e+01 7.426981467537839876e+01
4.842728843387470761e+01 3.290477486071356594e+01 4.492410148206620590e+01 2.645221856521041204e+01 3.794656705490072568e+01 5.815479299734293761e+01 7.184227000544254338e+01 8.608947257645820628e+01 8.606928497782465115e+01 7.773248254820030922e+01 7.137419556513724217e+01 5.086366204674836666e+01 7.137419556513724217e+01 7.783689560453041167e+01 5.963709872726784766e+01 7.783689560453041167e+01 8.700728486589974864e+01 7.981360282333533007e+01 5.963425616631270998e+01 4.785222242446411656e+01 6.252983811756894283e+01 6.252956981192440367e+01 6.657326026204538039e+01 5.000506900080074502e+01 4.020620705762944880e+01 3.555146636274898952e+01 5.835883190344922866e+01 7.362172383534431219e+01 8.193744537443365061e+01 7.313498498737482123e+01 7.527494806613614742e+01 8.252284803000104318e+01 6.319095645709396791e+01 7.692678790703702418e+01 5.601567956976344931e+01 7.692678790703915581e+01 8.258108874925814291e+01
2.378365052149265679e+01 2.391819685261573625e+01 2.494585535789514097e+01 4.382086506529242342e+01 5.459142015928244263e+01 6.649860548212157596e+01 7.158448133107880551e+01 8.006860064381388042e+01 7.423528807957450226e+01 5.708203095992832488e+01 6.589252490472634349e+01 4.510033742522138311e+01 6.589252490472634349e+01 6.994332782309240315e+01 5.150329528361447728e+01 6.037305751933523368e+01 7.902989131516477528e+01 8.811061749952041566e+01 7.648513616876230969e+01 5.660873631487963564e+01 4.226900310670335159e+01 5.754188731055888439e+01 6.203190830789090882e+01 5.373360564926254312e+01 3.466370551521463028e+01 5.465128067212019403e+01 4.609289212523623291e+01 6.293968842190228941e+01 8.464718960676502491e+01 9.275012930674003542e+01 8.910828114364795738e+01 9.147253723897863154e+01 7.474392550230976440e+01 8.550274221940024688e+01 6.732283104435417442e+01 8.550274222599917096e+01 9.386152783712414305e+01
2.251051961034429993e+01 4.215374631824712282e+01 4.491123067016673787e+01 5.310858478671176641e+01 6.445427566573114575e+01 5.665131696219802393e+01 5.046580198796057459e+01 7.158447600575198067e+01 6.580993876482413896e+01 4.453030962551904537e+01 5.401777897131780293e+01 3.979234938024998058e+01 6.084967871851191035e+01 6.379665030992428854e+01 4.561050634717562247e+01 5.834685053190032988e+01 7.695363624265986857e+01 9.096248742162066492e+01 8.516789077809606567e+01 7.086975111501141100e+01 5.754191881069488801e+01 3.743037933333683043e+01 5.286277142484703973e+01 3.376564232048605163e+01 5.178478363476062896e+01 6.243030817641033536e+01 6.929766831633357071e+01 6.127197764067810226e+01 7.706876089405223240e+01 9.768784068773389606e+01 1.089122698106464924e+02 1.030240204295203910e+02 9.469779939208977737e+01 9.544566581070549205e+01 8.722332592139866847e+01 9.544566582948696976e+01 1.021488604714143804e+02
2.149657405922071263e+01 3.901259938727997678e+01 5.224390666541641792e+01 5.754566717373426599e+01 5.238272151849686509e+01 3.572015253556939030e+01 5.468432477679768056e+01 6.322471265453570055e+01 7.075400925526507478e+01 5.401754939420725066e+01 3.281898801459756498e+01 5.401772345023235289e+01 5.799218639368862682e+01 5.326288833831603142e+01 4.118425939877778319e+01 5.925011420151957964e+01 7.066308867246125658e+01 7.066175615669484955e+01 7.935386137268758944e+01 7.826887623287301210e+01 6.518362084551216640e+01 5.190190750536066844e+01 3.287164521763524050e+01 5.284917535360200702e+01 4.258441211011691507e+01 5.685595709665777520e+01 7.701169233477055798e+01 8.310794954378980037e+01 9.152835142655823120e+01 1.017159103666518831e+02 9.836915315070471877e+01 8.993907921532257888e+01 9.836915315070471877e+01 1.052020220760672800e+02 1.027750026656940321e+02 1.112092081609307286e+02 1.152947234865738864e+02
2.047606379046430902e+01 3.221820365720667212e+01 4.265424027111595251e+01 3.889379652118187636e+01 2.698263386048819967e+01 3.280854034667933661e+01 4.110480961620881146e+01 5.302734908072436326e+01 6.130533771869892945e+01 5.011378252970107638e+01 2.918150821257313510e+01 4.580799268519270129e+01 4.171716658973999614e+01 3.508081237061308855e+01 5.196886423792673781e+01 6.327066889171668151e+01 5.024123075241718794e+01 6.888910845578375586e+01 5.641742942947487904e+01 5.267449377885468920e+01 5.336796078444429980e+01 5.137687289657804968e+01 3.226593464551965695e+01 5.224609734579765785e+01 6.277771779191628099e+01 5.423688213078854403e+01 6.594761612851901589e+01 8.605197281761979866e+01 9.576488651585171397e+01 8.138481639304862369e+01 8.822392295534467621e+01 6.967410887935425023e+01 8.486860066891247811e+01 8.486860066891247811e+01 8.243667133981350048e+01 9.946286919140105454e+01 9.488452391055388091e+01
3.963916214626465973e+01 2.105347545280960730e+01 2.856289510564750245e+01 2.222822198655122961e+01 2.264889418057567738e+01 3.665916543133904781e+01 4.256415525864002092e+01 4.365537679799479776e+01 4.196237768024846559e+01 4.475187329070408992e+01 2.580600154086864251e+01 2.622598942408158962e+01 3.236039176688261421e+01 4.540548447789674924e+01 2.978096559820844647e+01 5.356058394386870702e+01 3.986939661245996547e+01 4.908409953194704656e+01 4.951569631920240511e+01 3.313718276985835587e+01 5.036859158046974727e+01 3.143477994473149195e+01 5.020627779699753290e+01 4.662174082543368314e+01 6.789155857729544152e+01 7.444471707128323601e+01 8.274563162902018121e+01 9.433454806263841874e+01 8.733965594897611595e+01 6.705840615934235416e+01 7.451266732296542727e+01 5.951834036527432659e+01 6.461319437783055264e+01 7.821905431543767406e+01 7.077256956902824925e+01 8.649389762409384730e+01 8.054221399475497378e+01
4.786262629237153732e+01 4.117598276084020625e+01 2.162939939046755100e+01 3.694781497379075574e+01 4.157602656002391228e+01 2.324112214837721524e+01 2.365821394956135038e+01 2.596481395560659422e+01 3.210287185608230942e+01 2.522644724585083154e+01 3.370636789237833142e+01 4.544442758955430861e+01 2.683482727160281556e+01 2.726932479828433031e+01 2.770362768059314718e+01 4.728218107046670582e+01 3.303282561716159904e+01 2.935423347399012783e+01 2.978207775943480939e+01 3.020772956830997558e+01 3.063263297929703199e+01 4.730698468508144572e+01 5.877252521768537008e+01 6.769279521471452199e+01 7.616675640667762082e+01 8.040573552782858258e+01 7.945737046752913102e+01 8.764142788992197097e+01 8.323052238505748335e+01 7.451266732296542727e+01 5.415428329340207370e+01 5.111979367179006317e+01 5.439512969737494785e+01 5.793808937830433337e+01 6.195835155539500505e+01 6.628819829662246832e+01 7.148850443125144238e+01
6.120790479440304921e+01 4.337757133262780940e+01 2.298622942272215397e+01 4.301128242857599560e+01 4.734108073627879776e+01 4.397768384032907107e+01 3.539633543699540041e+01 2.424354540827519600e+01 2.465342714495663401e+01 4.449643293051774862e+01 3.149908386232207036e+01 4.885811056525944451e+01 4.997214532824575883e+01 4.729273650740443458e+01 3.321452993044860591e+01 2.831453346533625037e+01 2.874602104463760810e+01 3.218532127221216399e+01 4.950185341544562334e+01 5.052003331592229785e+01 4.130778097458965448e+01 3.157570010100118552e+01 5.151886270501712062e+01 6.086045197917817973e+01 6.153670068840050789e+01 6.060412128441383572e+01 6.130458740342462676e+01 7.912294988780628557e+01 6.338944653462543499e+01 6.354586699584741893e+01 4.686322597894695008e+01 6.731489330463665510e+01 7.474089752337161485e+01 7.821905431543767406e+01 7.362083754975868999e+01 8.649389762409384730e+01 8.574964697147176196e+01
5.658743464694244807e+01 3.626028365539356457e+01 2.434449985557067109e+01 4.485212460787720801e+01 5.479643979166530698e+01 6.307589444153718006e+01 5.645335447225598102e+01 4.818680835942456042e+01 4.237967826472893051e+01 5.381685064544284813e+01 3.606064513608545496e+01 5.457568269129516381e+01 6.450547959417234267e+01 4.420765021547969553e+01 3.279480369305930054e+01 4.795813237185020483e+01 3.697717244771352085e+01 5.171133987460419235e+01 3.740555337278669867e+01 5.753974519214071393e+01 5.756604585619742664e+01 5.151885572384021827e+01 3.255737504077217181e+01 5.222763059414442210e+01 4.212115935061245153e+01 4.946140688450655887e+01 6.405726879475139413e+01 7.393257223447255910e+01 6.354583250809368167e+01 4.312457782914508897e+01 6.343766934433261184e+01 6.704272353767404979e+01 8.647422058674614220e+01 9.539356765044227870e+01 9.388629587072838945e+01 1.023218543642824301e+02 1.061228787995802918e+02
