LEM/sinusoidal_perturbations/elevation_000104.asc
nrows	100
cellsize	150.0
xllcorner	0
ncols	100
yllcorner	0
NODATA_value	-9999
[rows 17 to 33 of 100, columns 37 to 73 of 100]
3.092484266162500006e+01 3.257562279486790402e+01 4.706217911691553724e+01 2.788701342747387812e+01 3.942246337496314368e+01 3.813163704005849297e+01 2.075791819351725920e+01 3.627394319553616242e+01 3.925816028912419853e+01 2.321660015879000127e+01 3.910745796900866367e+01 2.515418527621971023e+01 4.520348936213951418e+01 4.211787663215042699e+01 4.930348441023512862e+01 3.959778743474058160e+01 5.201748101158136706e+01 5.341242058501176615e+01 3.539842206618715892e+01 3.996986469016989219e+01 5.932163199039624857e+01 6.099930114233033152e+01 6.099928988302919208e+01 6.076242874177766851e+01 6.807573688738916928e+01 7.011344310607140073e+01 5.773680682415501764e+01 7.763267157201944713e+01 8.710439874089452417e+01 8.127550672420321121e+01 9.244088405928003738e+01 9.843321222794645564e+01 1.050579162182709609e+02 1.132996990096536223e+02 1.232400255093497918e+02 1.212490335189671100e+02 1.112592056110152612e+02
5.233210737258560385e+01 4.625327137899069641e+01 5.455805660466449325e+01 3.514685916212616235e+01 5.132388199510009485e+01 3.097840587765952591e+01 4.103804003330908046e+01 2.166657446519476693e+01 2.230721578709948361e+01 4.258697538292450702e+01 4.549570988633019653e+01 2.588617067187017184e+01 4.578429463086967388e+01 6.210462763643624129e+01 6.781167924229508515e+01 5.375572260307882289e+01 6.783877701197143040e+01 6.360442163635084967e+01 5.526042785889466558e+01 3.764467617724491788e+01 3.935353883477264247e+01 4.107808372795554419e+01 6.099922546606466511e+01 6.529533455243151252e+01 4.821991385336279023e+01 5.025207055227102870e+01 5.249058679474558176e+01 7.236357387243633355e+01 6.719358220276825477e+01 8.462922314561110682e+01 7.252986207950465314e+01 7.854340253059432087e+01 8.518380743595182025e+01 9.512453640877596683e+01 1.149912960277658840e+02 1.131209165398779248e+02 9.299353329256962297e+01
5.593869323716656083e+01 6.529846709578538366e+01 6.187414941019248715e+01 4.384890652761575325e+01 5.942672154329907386e+01 4.025495918312532950e+01 5.369406229873873571e+01 4.484630787731842361e+01 2.694308288410356056e+01 4.975055469774073202e+01 4.649786123140616922e+01 2.663525670040800364e+01 4.650005259635294408e+01 6.020732811837440579e+01 7.133084616611712647e+01 7.367684953703290773e+01 7.971070242264931949e+01 6.395369083283530642e+01 4.405173104829125919e+01 5.766337211215434166e+01 5.349610549999787423e+01 6.099930114233033152e+01 4.354072388770263302e+01 4.543569981537213920e+01 6.529522651042239545e+01 7.011342892821787132e+01 7.236357387243633355e+01 5.571942075517150528e+01 6.015058119408983828e+01 6.471028935478632604e+01 7.621829809018106516e+01 9.610709783733246070e+01 1.050579162182709609e+02 1.132996990096536223e+02 1.232400255093497918e+02 1.212490335189671100e+02 1.112592056110152612e+02
5.355949240287144164e+01 6.181822855560936603e+01 6.976215057496509075e+01 5.443173532991309571e+01 6.853301196945943730e+01 5.517034045043399715e+01 6.970455485115684269e+01 5.615980206214218384e+01 3.237956503124345886e+01 4.538051283375437350e+01 4.308715696224294334e+01 2.739437887341222932e+01 3.306828774764125001e+01 4.413970639958952802e+01 6.317071784439295357e+01 8.152981764801272391e+01 7.146563902018741032e+01 5.159090130169718691e+01 5.555202976805119874e+01 7.219527364640913447e+01 7.338569705147965294e+01 6.765314258538694503e+01 4.779226684311958451e+01 6.529534195009421182e+01 5.689041344864626382e+01 7.677656867728840950e+01 8.386913010527172219e+01 7.561202220400167562e+01 5.985068941636365736e+01 7.976398406562256582e+01 9.285367520021253540e+01 1.042985025435933153e+02 1.131304935253820787e+02 1.214139497633817797e+02 1.274851947158437326e+02 1.159347006695740419e+02 1.076894760386565508e+02
3.383562728089984972e+01 4.604209725212304249e+01 6.113980715035623348e+01 7.262470922784655158e+01 8.034001336068423882e+01 7.596607860587479877e+01 6.486408991217328435e+01 4.183459207434971461e+01 5.612069848954366336e+01 4.828377808537837268e+01 2.847799181530895041e+01 4.723509092959049838e+01 5.218055215527455459e+01 4.369351119468104372e+01 5.329255433925698071e+01 7.324615743499020937e+01 7.746041303206820317e+01 5.757800768370310607e+01 7.543057325618400455e+01 8.367740211478898971e+01 8.617507419973573235e+01 6.626569105589133812e+01 5.222341558404146156e+01 7.209701436960672538e+01 7.677672794568432835e+01 7.312228791160961805e+01 9.303750645797830998e+01 8.276768485493248306e+01 6.284338786794665310e+01 8.276768485494183381e+01 9.217627858086274273e+01 9.686863947634519434e+01 9.321387117949332435e+01 1.108820621048107142e+02 1.192967277831734378e+02 9.919237802542782845e+01 8.715184060287248258e+01
4.778145033491405513e+01 6.149562241808432361e+01 7.169490754946109234e+01 8.515774459846294064e+01 9.369062561859611549e+01 7.451912096611850700e+01 5.292965774776706667e+01 5.867519925269875358e+01 5.734481260640864519e+01 3.956695816999743442e+01 2.924395705167826520e+01 4.900921342495617239e+01 5.652104026678812687e+01 6.273476707814305087e+01 7.091831894260043612e+01 8.152981764801272391e+01 8.570817164643165142e+01 7.746041303206786210e+01 6.820215772783186026e+01 8.809198010457295425e+01 8.617507420024504938e+01 6.626569105589133812e+01 6.214399889246537612e+01 6.214399889246537612e+01 8.205002984674865729e+01 9.303756414729213020e+01 9.903185112136165458e+01 7.911239675501830959e+01 7.037494804667836945e+01 6.790180553174722888e+01 7.225575750304038536e+01 7.696063822252385478e+01 8.271569656859969655e+01 9.677798604208958011e+01 1.166975518049776070e+02 1.159347006695740419e+02 1.076894760386565508e+02
3.587447577083820960e+01 4.333720917423715235e+01 5.445658774260345325e+01 7.776437189123649318e+01 8.545823849511987191e+01 6.499297940160445819e+01 7.451912096611850700e+01 7.980539367241549087e+01 6.556347503902718188e+01 5.411061182423252802e+01 3.488454204166017547e+01 3.034224393577630963e+01 3.821907894412157702e+01 4.892677117626745087e+01 6.639587612889424406e+01 7.642354847412478591e+01 8.503166394414944307e+01 9.634504913314607677e+01 7.968732697018735678e+01 9.634571046619034007e+01 9.443900305431226627e+01 8.617507420026599618e+01 7.363267299450936321e+01 7.621633617676124572e+01 7.621633617676124572e+01 9.613381222356225919e+01 1.073008556796006587e+02 9.855864929090759574e+01 7.929249161809627822e+01 7.455256892006759983e+01 9.217627858086274273e+01 9.686863947634519434e+01 1.026122917757480906e+02 9.334582841518066232e+01 1.132532633364424299e+02 1.205664944347308136e+02 1.004663585947955653e+02
5.226465321839484091e+01 6.021038862550251025e+01 7.408852255057594505e+01 8.662399439168690662e+01 9.368644112396758317e+01 7.961539622541644690e+01 9.369062561859611549e+01 8.175249371814342680e+01 6.318687392291137428e+01 4.377445301673729716e+01 5.449571687216972293e+01 5.005281789593395558e+01 3.144539635022277935e+01 5.118457064738700524e+01 4.932273959984117795e+01 5.777019599470943234e+01 7.106536984769894616e+01 9.051525841038578335e+01 9.957294979614037800e+01 1.078382950663599189e+02 1.064312508877254402e+02 1.018170448666300558e+02 9.354835313960246879e+01 9.613381222356225919e+01 9.613381222356225919e+01 1.044053103203933830e+02 1.154706720938261952e+02 9.554487335933245618e+01 9.920132530854479569e+01 8.605450925999456047e+01 8.715065629440252337e+01 1.070583317545653017e+02 1.215375199601467529e+02 1.074079532387509204e+02 1.132532633364424441e+02 1.287645025878614717e+02 1.172118336793922424e+02
3.643758245463978085e+01 5.670487325016273417e+01 6.957521740618285833e+01 7.964124112148223844e+01 9.383676787791623042e+01 9.956415574038328486e+01 8.746968951584389629e+01 6.782876885772594733e+01 5.413496893758791373e+01 6.318676732930537554e+01 5.314037532584376322e+01 3.256428286953848783e+01 4.912810171651877766e+01 3.964426835276739780e+01 5.893932970310241615e+01 7.642354847412478591e+01 8.503166394414920148e+01 9.084059572301315200e+01 9.858134764119630233e+01 1.006940032352572842e+02 8.671345329284437753e+01 1.006940032352568579e+02 9.504717513849878685e+01 1.032594819569427500e+02 1.071362269146201953e+02 9.890353200384912213e+01 1.071362269146201953e+02 1.154706720368291002e+02 1.142349911348968163e+02 1.059601247296381530e+02 1.070583317545653017e+02 1.070583317545653159e+02 1.270168670789252303e+02 1.273650902505654869e+02 1.332318085788354267e+02 1.220495254781341572e+02 1.123686613076131096e+02
4.818229265156550412e+01 4.101743839241912326e+01 5.117234694610122858e+01 6.544974651286486278e+01 8.281241867153381975e+01 9.286050822089217149e+01 9.326650262305439298e+01 7.358146132974178499e+01 7.358146132973912756e+01 6.757243429885626540e+01 4.757066729242296788e+01 3.335765609844327884e+01 5.288316970015578278e+01 5.881177325924718247e+01 6.721737287209651868e+01 8.380442072000209919e+01 8.805552612812768132e+01 7.279904495883630489e+01 8.805552612813092139e+01 9.248866249832123287e+01 7.288385075565945215e+01 8.116981916128348473e+01 7.542163010564341619e+01 9.504717513849742261e+01 9.719128900760263434e+01 7.900769478449531391e+01 9.719128900760263434e+01 1.072663522240180924e+02 1.098504580041212648e+02 1.040347180233790709e+02 1.062064759889218948e+02 1.144358940119404906e+02 1.196325290394212431e+02 1.196325290394276095e+02 1.278652149479578952e+02 1.139080451373014284e+02 9.466790666724853054e+01
6.834693485364688570e+01 6.125622805636871249e+01 4.604114649930680514e+01 5.432349522707507816e+01 6.444021918760850554e+01 8.458764398961262998e+01 9.586663889048286080e+01 8.483073103001545689e+01 7.693317924403426389e+01 6.616127543713757575e+01 4.783943386796855890e+01 3.415464614864563231e+01 5.376398802310963987e+01 6.231102470012849892e+01 6.872659988687897226e+01 6.579570388795593772e+01 7.075823532140344696e+01 6.234079219000289385e+01 8.042429834493647434e+01 9.118000612004080097e+01 8.116981916128348473e+01 6.167455886007285670e+01 8.107840650081358547e+01 8.268108375562449908e+01 7.900679874479648390e+01 6.905798409542074978e+01 8.895561339417223223e+01 8.743890819238228573e+01 9.002171468970134072e+01 8.421734036883614749e+01 8.638427049937945412e+01 1.000795239534030969e+02 9.976358815835735072e+01 9.976358815835735072e+01 1.196325290394276095e+02 1.220495254781341572e+02 1.123686613076131096e+02
8.193597058127889454e+01 6.174276471945456990e+01 5.002984429895900576e+01 6.174276471945456990e+01 8.193597058127889454e+01 9.286050822089217149e+01 8.799646908898694164e+01 6.883429578396766146e+01 5.783125517539544802e+01 6.587962554338379562e+01 6.128093813092483799e+01 5.346876702500957634e+01 3.528920096633768821e+01 5.114084056404477252e+01 4.868304419481067669e+01 6.004566651623950690e+01 5.260255203100095400e+01 6.817797658505877223e+01 7.169725912209952412e+01 7.199189408484268426e+01 7.593215043403202458e+01 5.656485190514957395e+01 6.921114307149910871e+01 5.669511436236811619e+01 5.942252567190945456e+01 7.900679874479648390e+01 9.002893067537429772e+01 7.344980711936456430e+01 8.431098626929657769e+01 7.023917460828565140e+01 7.518766003954839050e+01 8.027647225650524376e+01 8.573976229014220962e+01 9.459645788923852194e+01 1.086549752101746833e+02 1.285135566439591912e+02 1.216168520474441266e+02
9.021962989286593881e+01 7.499229774438082075e+01 5.468953154879906009e+01 7.499229774438082075e+01 9.021962989286593881e+01 9.913336164588778843e+01 8.011732332899900655e+01 6.660425785740220306e+01 6.590472198567722728e+01 4.698047385418492894e+01 5.811545366931554213e+01 3.916244391344463338e+01 5.471802539138236199e+01 3.647987030092890848e+01 5.012812076970536168e+01 4.766040369690177414e+01 5.910630419174248118e+01 4.484329050234143210e+01 5.306808094309427304e+01 7.180420594533387657e+01 7.106956827856133430e+01 5.187132017781099336e+01 5.002529349626244937e+01 5.186109515718226959e+01 7.112208965191420873e+01 7.618456463291951763e+01 7.842698148277172265e+01 6.205112907807308886e+01 6.451366941554272216e+01 8.431098558230870310e+01 9.253511061401675875e+01 9.627221271868506847e+01 1.044984699285193983e+02 1.138144015034308723e+02 1.144714190473848134e+02 1.343312116772491720e+02 1.299641872790355137e+02
9.444444884367993609e+01 7.424419562734185263e+01 5.978420523583737634e+01 7.424419562734185263e+01 9.444444884367993609e+01 9.566614221310811672e+01 8.804462230501010822e+01 7.010600481794735117e+01 5.121830342396111746e+01 6.217470986911312991e+01 4.305284993563785889e+01 5.862996994456774758e+01 5.736808768712747764e+01 3.703031327526947791e+01 3.782326656489428274e+01 3.886716972496939349e+01 3.990180293790262311e+01 4.673399439700399682e+01 5.860157420733191458e+01 6.236963868062863980e+01 6.417974738891416564e+01 4.746293597418245724e+01 6.657859339611857763e+01 7.112208973218348262e+01 5.465879062478467176e+01 5.668867101870336711e+01 5.876887476257621046e+01 7.842698148277180792e+01 8.431098658682272173e+01 6.925662293105300193e+01 7.276465654986135689e+01 7.649732893157235480e+01 9.627221271893533583e+01 1.072436217720241842e+02 1.154756599284342116e+02 1.254141706160424548e+02 1.310856338359402287e+02
9.571126920083534628e+01 8.646944597725355663e+01 6.598632124971646817e+01 8.646944597725355663e+01 9.871868453961072021e+01 8.023066642613027000e+01 6.948670507741616120e+01 7.287221234787193680e+01 5.438532721358841826e+01 7.022323513022936936e+01 6.239880157708394393e+01 5.939190232293820060e+01 3.988635341812062052e+01 5.736960246322994550e+01 5.978933141552199970e+01 5.888777419154801152e+01 5.920513180429801281e+01 4.135390616532578179e+01 4.237881894730239907e+01 4.339512466684469416e+01 4.508775262167446840e+01 6.417974739120413119e+01 7.472966447444163407e+01 7.404461229292701319e+01 6.826400027232435264e+01 7.618456464764678060e+01 6.567548722658274585e+01 7.394621305396256616e+01 9.372140078045568146e+01 8.323701232395012539e+01 8.672779757813061963e+01 9.627221271459012542e+01 8.229854603423355286e+01 8.738476351742144743e+01 9.730381740763138509e+01 1.113682307170732315e+02 1.312225497856468053e+02
9.571126920083534628e+01 9.477992543847095419e+01 7.454992640668325521e+01 9.477992543847095419e+01 1.063150452935397112e+02 9.534197863828306652e+01 7.448458611146571684e+01 5.914349366087676430e+01 7.278432884909854295e+01 8.076228375475746191e+01 7.474968857767736097e+01 5.531106765700824468e+01 4.173050347397669668e+01 5.281129221286646214e+01 7.219614309420525444e+01 7.644254182000788944e+01 5.450392809299963659e+01 6.471592403781306757e+01 6.229833202252438440e+01 6.251842637883102327e+01 4.513586259117722221e+01 5.842417492905745036e+01 7.794094065324857468e+01 9.381242125356723704e+01 8.800024460628443990e+01 9.265346941724915553e+01 7.808024142535354883e+01 8.409725068014925853e+01 1.021011046221175178e+02 1.030501880269675752e+02 1.065552056276091974e+02 1.096250465664106457e+02 8.975820594363240446e+01 1.072436217720241842e+02 9.799075950136982271e+01 1.120539969692845403e+02 1.319075730517822649e+02
1.039751260650696310e+02 1.036102050298095634e+02 8.732689549150090613e+01 1.036102050298095634e+02 1.117130565684025640e+02 1.031733037371399746e+02 8.648456230093607644e+01 7.812049002661427721e+01 6.528887904404092524e+01 8.381952314076245614e+01 7.629136996563261164e+01 5.681374713585586278e+01 4.335748066265961143e+01 6.251861078130345817e+01 8.034860172924709332e+01 8.473747475058257805e+01 6.778952685761090891e+01 8.474029801085444547e+01 8.185887352281322649e+01 6.536274983001769101e+01 4.635374873829263009e+01 6.536274983001769101e+01 8.231198252077814459e+01 9.053204529920198240e+01 1.004042969329271671e+02 1.023049450856262155e+02 9.862359602800158598e+01 1.047624464490794622e+02 1.036862755381257273e+02 1.058263668445980841e+02 1.139355502825840176e+02 1.178565993574201656e+02 1.012261454614547063e+02 1.178565993574201656e+02 1.094770539062683099e+02 1.260999263710680935e+02 1.293096094385550430e+02
