LEM/sinusoidal_perturbations/elevation_000749.asc
nrows	100
cellsize	150.0
xllcorner	0
ncols	100
yllcorner	0
NODATA_value	-9999
[rows 34 to 50 of 100, columns 37 to 73 of 100]
6.083783004728140753e+01 5.520666897096343462e+01 6.611595066988661529e+01 8.001271800856204663e+01 8.876534276485665487e+01 1.001568102420014839e+02 1.039559269394296734e+02 8.736482980806326282e+01 1.039559269394296734e+02 9.425079743782224284e+01 7.217095379891551943e+01 5.934175550798574506e+01 5.137158535310393148e+01 7.115999363377704867e+01 8.272373452274494809e+01 8.767817144146296471e+01 9.058836519934311582e+01 8.044032904699314201e+01 9.748536833299478133e+01 8.841374799381642902e+01 1.055261790459774573e+02 1.053657922335646191e+02 8.515073050885683870e+01 8.671607146433255764e+01 9.928805533899884495e+01 1.076021148452163487e+02 1.203034699290251837e+02 1.002127674024758477e+02 1.002127674024758477e+02 9.662109887843003264e+01 7.669687266313566454e+01 6.443971560409933375e+01 7.140717678533624735e+01 5.283761593960900171e+01 7.235339283046026537e+01 6.903739906814335825e+01 8.294548399180150966e+01
7.676105612163080139e+01 5.737879883085344801e+01 7.676105612163080139e+01 9.391857930599674376e+01 1.031039519462461556e+02 1.113382259150602778e+02 1.154020908146633815e+02 1.070478256779639281e+02 1.072858211551130552e+02 8.709303154881946796e+01 8.461712180336965616e+01 7.337472910128138892e+01 5.380637260876528671e+01 5.475566349047279147e+01 7.414181939930163878e+01 8.607545202070987500e+01 9.771295641374591412e+01 1.008453364126591936e+02 1.092447059694744809e+02 1.089766854089954080e+02 1.173320101236802770e+02 1.136645754452713390e+02 9.526549938282487062e+01 1.069271097879571215e+02 1.152201503749341356e+02 1.195892494656119709e+02 1.112961017700778257e+02 1.089277499321721479e+02 1.030253476504066867e+02 1.028870544535990206e+02 8.317825891248533310e+01 8.317799506982815672e+01 7.300132751654420815e+01 5.348660555663396110e+01 5.882399534154459531e+01 6.733829210804339027e+01 8.119702522700991665e+01
7.169847899385290191e+01 5.957592904284945945e+01 7.903780530390031345e+01 9.056149387487310776e+01 8.327258446489531707e+01 9.725087539132402981e+01 1.172345287467471877e+02 1.053836969306525049e+02 9.633712194140051110e+01 8.709303155137864394e+01 6.710248800476611564e+01 5.730584814475766819e+01 7.358351826009821650e+01 7.452336788203179196e+01 5.821280655407135640e+01 6.952981652720794159e+01 8.943827963925099311e+01 1.058265797472508751e+02 1.060812490701377442e+02 1.143653393818295001e+02 1.285468880248733683e+02 1.237273642835196341e+02 1.154660850843043534e+02 1.237273642835196341e+02 1.246730372618277727e+02 1.112961017700778257e+02 9.103697438886182169e+01 8.874325910605287504e+01 8.282742433196796128e+01 8.541902045354140682e+01 8.226661870216217665e+01 7.924638239807781304e+01 7.366323163659251350e+01 5.414352504519803233e+01 7.366335482010015312e+01 8.571482429475531717e+01 8.708717139339083246e+01
6.532047736370901703e+01 6.274625616411249496e+01 6.618823923319108360e+01 7.099070438918424486e+01 9.056149387487310776e+01 1.084539809121785794e+02 1.113864796751300048e+02 9.109013209168129777e+01 7.677591494169553243e+01 6.793599981626029205e+01 6.104782709804426588e+01 7.709775978454524648e+01 7.709775978454382539e+01 8.630636695003477143e+01 6.953238374131210264e+01 6.190419396198011270e+01 8.174235937300106514e+01 8.565320113995720419e+01 8.582594417929398389e+01 1.001837907387856177e+02 1.130043717545832607e+02 1.329895076754747549e+02 1.308411609437314951e+02 1.192331556908115004e+02 1.045095238781277942e+02 1.045095238781277942e+02 9.697073541789802675e+01 7.681761658304164087e+01 6.879782719098496102e+01 6.548151516062242194e+01 6.246183307321467026e+01 5.986322169927068160e+01 5.756527119883436683e+01 6.061847360227227455e+01 5.510844172613773395e+01 8.068019906108895611e+01 9.533660904341262210e+01
7.480701912384817831e+01 8.208453726813789331e+01 6.728448000845737909e+01 8.660606149750591953e+01 8.064880748067888305e+01 9.448324477245640196e+01 1.142669078837193268e+02 1.053836969306525049e+02 9.633712021430967809e+01 8.383409134172275401e+01 6.391942524079120602e+01 8.383409134172275401e+01 9.718942651318585035e+01 9.787870355412538004e+01 8.955260324791618132e+01 7.584793181440859655e+01 6.571174197921698124e+01 7.311674288899190799e+01 9.327066927980725097e+01 9.278142804400241062e+01 1.124637723845848996e+02 1.225353844659335891e+02 1.225970855561371309e+02 1.024074711425306532e+02 9.060373815719911761e+01 8.416612699226203631e+01 7.882484163410218514e+01 7.444717183674124783e+01 8.874325910605287504e+01 7.952061657339979206e+01 8.226662407417718725e+01 7.337583322282409881e+01 7.641699068333582545e+01 7.467718767838631777e+01 5.686810821542712802e+01 5.610057498655158525e+01 7.771838238341369731e+01
8.908932743502502660e+01 8.989695021338280867e+01 7.056262060483783216e+01 8.989695021338280867e+01 1.002777455410352161e+02 9.639940645855632795e+01 1.155310438787251996e+02 1.116209637854652641e+02 9.918634846399929472e+01 8.481387833134179743e+01 6.687261264732494226e+01 8.689636997142727637e+01 1.018470269363009493e+02 1.135753281155271281e+02 1.042875344568061280e+02 9.398908924285234434e+01 7.450201822274975427e+01 7.029728095839250557e+01 7.624910451784181475e+01 8.385735904598951151e+01 9.404856366512547083e+01 1.142909990357630505e+02 1.251904934361159007e+02 1.050381097005257800e+02 1.109406062396066233e+02 9.535634372440391360e+01 9.313384866370071791e+01 8.860894333681154933e+01 1.028938183847283341e+02 9.965902709733356346e+01 1.017328125676269366e+02 9.026671675346686641e+01 7.859604778980879303e+01 5.943672710904846923e+01 7.536125206111634611e+01 5.685339306942215387e+01 5.849391810214331144e+01
1.072810931178075009e+02 8.757464802046871455e+01 7.398308674070077018e+01 9.334653215639886525e+01 1.111028723315775437e+02 1.155310438787251996e+02 1.156908544731737578e+02 9.365295544535442218e+01 8.136745955933055541e+01 7.305587303117138731e+01 8.689636997142929431e+01 7.321480154187126743e+01 8.484697466975939051e+01 1.052423425934152448e+02 1.199675001283933540e+02 1.030013781999588787e+02 8.611305272249700238e+01 9.038882271156431614e+01 7.611610229491157043e+01 9.635776204718320059e+01 1.124637723845848996e+02 1.225353844659335891e+02 1.334282016810968514e+02 1.251904934361159007e+02 1.238855178896715756e+02 1.156076210906662709e+02 1.134097489458975332e+02 1.088759198122976244e+02 1.139311385909202698e+02 1.093726546824028247e+02 9.381757687676706325e+01 8.196112634867924385e+01 6.246141857496327532e+01 7.859605253655631429e+01 7.708252629609542339e+01 5.760301823930802101e+01 7.708252007343359935e+01
1.111226058318050889e+02 9.774622479186099611e+01 7.837349404143373022e+01 8.351368454553225718e+01 9.731482555280763336e+01 1.169072166885485586e+02 1.251250776407165404e+02 1.103438303106241989e+02 9.754804010106120415e+01 7.882632322875352315e+01 9.952084140862235984e+01 9.346707143247446936e+01 8.106535516954630793e+01 9.127295471710289121e+01 1.116684327035262640e+02 1.146525991063071501e+02 1.063701220650202259e+02 9.486687230747028821e+01 8.047813458914514229e+01 1.007902227146468448e+02 1.158263232070237052e+02 1.240612469544509224e+02 1.340519165772005294e+02 1.394402600082603101e+02 1.312463095845290582e+02 1.302138745515773053e+02 1.219915562144513785e+02 1.139311385909202698e+02 9.373439652638238329e+01 8.921369586300836829e+01 8.549472821818228851e+01 6.579574194478236393e+01 8.196112634867924385e+01 9.026593597918177636e+01 7.787226765642105875e+01 5.837015007274504086e+01 6.512074842658473983e+01
9.207648964045429807e+01 8.516254147827494592e+01 9.774622206612033892e+01 1.030533039353599918e+02 9.935453739927858408e+01 1.179318841812778800e+02 1.186835274380874665e+02 1.162989921482931095e+02 9.575003148586816337e+01 8.806574214251604360e+01 1.079423343259780381e+02 1.086932810452991163e+02 8.826473786363401075e+01 1.086932810452991163e+02 1.199653233731692836e+02 1.174181259047384600e+02 1.233348465406001822e+02 1.091008016618898893e+02 9.064843248722037572e+01 8.877358936859036476e+01 9.558877375852240732e+01 1.057940356218375655e+02 1.258586107922098307e+02 1.312463095845290582e+02 1.112446352034939281e+02 1.171029899946139778e+02 1.018698739389271424e+02 1.117353162563297388e+02 9.151948904704065058e+01 7.728892944857075520e+01 6.933310495030612230e+01 8.549472821818228851e+01 9.381757687675892043e+01 9.275416539320661968e+01 7.283102240394886451e+01 5.916036823193752525e+01 7.402305876236351878e+01
1.111226058318050889e+02 9.474363555741936693e+01 1.008916048363780362e+02 1.201846397434421334e+02 1.183999155738944609e+02 1.119174561700634598e+02 9.750674616296720387e+01 1.119181169380159560e+02 1.162989921482929390e+02 1.001407689510508305e+02 1.171346844909664355e+02 1.170086389840340075e+02 1.001184333383423279e+02 1.170086389840340075e+02 1.116026449471171560e+02 9.754273234484749366e+01 1.116026248022457992e+02 1.191913782593008762e+02 1.050510868489725596e+02 1.031904515943402316e+02 1.158263232070237052e+02 1.240612469544509224e+02 1.340519165772005294e+02 1.286694618588316530e+02 1.086357449256905312e+02 9.691691261916008671e+01 9.012845169008619450e+01 1.024332234562704400e+02 9.338909156964386682e+01 7.333173311442062925e+01 8.921369586300835408e+01 9.754521058933788424e+01 1.011031100796032121e+02 9.241883916651156028e+01 7.946477759690577614e+01 5.995878788592997211e+01 7.362183781113498071e+01
1.222610954168181792e+02 1.085558338013676831e+02 1.201846473439510277e+02 1.199637736839002287e+02 1.108581172443714422e+02 1.017864868822314719e+02 8.291591588871766305e+01 1.026187366825930951e+02 1.140435493962062026e+02 1.206008224660940158e+02 1.288585822423758884e+02 1.286605851743316862e+02 1.204067164181378473e+02 1.119204763420878379e+02 1.026963924084501798e+02 8.344014658833336284e+01 1.026963924084501798e+02 1.155651091442863532e+02 1.251297881584056313e+02 1.233002436019895072e+02 1.207466831337164876e+02 1.124977318924728422e+02 1.207466849943430134e+02 1.368683675120836938e+02 1.241457051670251133e+02 1.040526610204600360e+02 9.232146619237397545e+01 8.217654080160532715e+01 7.760098629546627080e+01 9.338909156964386682e+01 1.017180167785399618e+02 1.045641687833534377e+02 8.407894361295574015e+01 7.154258573785712372e+01 6.482561595580119729e+01 6.075579471970944212e+01 8.026691149124052060e+01
1.184471966618193477e+02 1.279834161227990563e+02 1.159734321506642942e+02 1.056710208005525686e+02 9.021367324936802845e+01 8.681858708812475811e+01 7.375201288218298146e+01 8.549528519179348507e+01 9.976913148350752181e+01 1.114273000323067464e+02 1.231263223943596898e+02 1.149157533152414743e+02 1.231263223943596898e+02 1.036687945797031318e+02 8.368947044326297657e+01 7.437686146487652650e+01 8.735559840755807670e+01 1.069218489551981293e+02 1.169344368844063382e+02 1.133848561904310372e+02 1.051375085653184414e+02 9.259790896793192871e+01 1.107945817084177236e+02 1.207467692167498114e+02 1.323612667334388959e+02 1.163044484867664750e+02 9.618693105109662156e+01 8.447697366590358570e+01 9.778602173926714158e+01 9.186897563636908615e+01 1.120710346900703627e+02 1.128480476008679432e+02 1.011031100796308237e+02 9.241886059012240651e+01 8.495639093679893961e+01 8.026691690957444791e+01 6.188428155945677389e+01
1.088814948384213608e+02 1.165121916949216256e+02 1.072490913420178487e+02 8.707010972804717142e+01 7.686863817967766010e+01 8.363494736900099724e+01 6.658209693888998970e+01 7.111688699806721559e+01 8.287103430758490674e+01 1.030825918639769867e+02 1.084203440487876122e+02 9.508248420131334910e+01 1.132113283159590509e+02 1.014916962812847885e+02 8.150016815710147000e+01 6.710061897181485335e+01 7.861018289756596289e+01 9.867336366987657925e+01 9.701061225824867051e+01 1.018692196367392597e+02 8.517742257054396759e+01 8.257017967622147125e+01 9.259790896793244031e+01 1.066683999792334419e+02 1.265710017106385266e+02 1.245233078760170287e+02 1.102474780378580164e+02 9.009867888213941001e+01 1.102474780378580164e+02 1.120710346900703627e+02 1.203339536344629863e+02 1.286344643518678765e+02 1.203879861839905061e+02 1.087836000376593404e+02 8.859066557103469108e+01 8.430646910253017268e+01 6.467299312049665616e+01
9.896290983968130206e+01 9.855981534845425074e+01 1.070501425436535925e+02 8.458890092015121809e+01 7.027243388907452015e+01 6.298504874014276567e+01 6.017639414002177745e+01 8.056447591725006419e+01 9.603616012897437315e+01 1.025695620112542485e+02 8.850631420896324641e+01 8.505586116324352020e+01 1.049991187582774614e+02 9.649376953053354100e+01 7.640915874823011222e+01 6.193626654334978099e+01 8.229184516675010741e+01 9.797455634062546892e+01 8.281134407474847592e+01 8.648780228551257210e+01 7.345889678431821324e+01 9.361354754318726634e+01 1.012504797708568418e+02 1.095664925534477447e+02 1.180550075159768255e+02 1.272727762830656673e+02 1.067291479591579275e+02 1.097399594510573309e+02 1.017522761165979546e+02 1.213451988064609850e+02 1.299168660333364187e+02 1.183154972217694478e+02 1.001938474717005647e+02 1.038995409707170978e+02 8.859066586773845131e+01 6.872565091346730526e+01 8.430646914983917384e+01
8.038405434611316025e+01 9.426759128490569140e+01 1.121836222402169767e+02 9.902806164210126383e+01 9.066016162809806644e+01 7.594777367569793114e+01 5.545988489272007627e+01 6.734897342479372639e+01 8.769395326050097594e+01 9.433899917302105109e+01 7.409942209043437344e+01 9.250143225376132250e+01 1.007492700013825129e+02 9.230593514076349493e+01 7.214133592774044246e+01 5.765198796641954004e+01 6.950830831076741845e+01 8.971204053647132071e+01 8.648780228551257210e+01 6.615071539179727722e+01 8.648780228551257210e+01 8.535424122038465100e+01 8.099756207324510626e+01 8.955749333520908806e+01 1.069634240995535919e+02 1.186336060002179806e+02 1.271250228632432453e+02 1.261224855383460408e+02 1.158654422593677964e+02 1.295243227835926803e+02 1.216831471728988845e+02 1.014994321271585136e+02 8.969737198860879346e+01 8.356026304019651718e+01 9.180009496585856255e+01 7.175720337343344113e+01 9.180009496611123154e+01
8.818774454474045399e+01 1.014438157635799485e+02 1.015526092384513248e+02 9.235799737132990117e+01 8.578683048875191730e+01 6.663122719367376590e+01 5.218699390211451572e+01 6.670974446800217095e+01 8.702651142668828754e+01 8.849633659243235684e+01 6.792286716087481580e+01 7.209590590986090319e+01 8.905158309498023073e+01 8.856145832599450785e+01 6.833624672795893673e+01 5.385411509588509205e+01 7.426007405409073669e+01 9.072335254880859168e+01 8.224722646975199325e+01 6.183795678431232545e+01 7.964007861521577070e+01 6.489271850630397864e+01 6.912054759935020343e+01 7.834492132732255243e+01 9.011337790162149020e+01 1.102713611990559031e+02 1.213071551178797733e+02 1.321320136311396425e+02 1.360546362416078523e+02 1.368917973989571522e+02 1.169406679828498596e+02 1.026180964488572016e+02 1.100300738579939974e+02 9.670852640737656714e+01 7.647054870795288650e+01 9.179984517286541745e+01 1.001491831848479279e+02
7.431326920487838095e+01 9.345404829011627612e+01 9.298176335803623260e+01 7.249571230317579307e+01 7.850411268869692094e+01 6.957528640372862583e+01 4.910142502201576065e+01 6.957528640372862583e+01 7.727888129131309825e+01 8.561184647735841224e+01 8.072029612615443739e+01 5.963944962940669825e+01 8.072029612615443739e+01 8.745288928825756614e+01 7.070785141595069945e+01 5.029236175313337043e+01 6.212477978841078396e+01 8.243254530167271810e+01 7.816537248132877380e+01 5.772924760077187756e+01 5.917335588662140111e+01 7.964007861520744314e+01 8.955748531157287573e+01 7.755900510828953998e+01 8.407095008891478471e+01 9.137292954650938270e+01 1.020487081579171189e+02 1.245994759499849067e+02 1.355402675020534673e+02 1.274223225805467195e+02 1.310088017623654935e+02 1.227842184918546593e+02 1.075684896684694536e+02 8.725135511155656332e+01 8.314846758443199803e+01 1.034885434177231645e+02 1.102614353082694691e+02
