LEM/sinusoidal_perturbations/elevation_000692.asc
nrows	100
cellsize	150.0
xllcorner	0
ncols	100
yllcorner	0
NODATA_value	-9999
[rows 34 to 50 of 100, columns 37 to 73 of 100]
9.311402293906056116e+01 8.481585812289235093e+01 6.815325914466403390e+01 8.650893774992910323e+01 9.227974667366333961e+01 7.938234038139617610e+01 5.932396428855304293e+01 7.573778242065957045e+01 8.422687724037848511e+01 9.610543244445744904e+01 7.639388151069421440e+01 6.238230289778942250e+01 6.820561085162481163e+01 6.138206159696923692e+01 4.221528426562836955e+01 4.607611911584996989e+01 5.174046259929225045e+01 6.277125017897276393e+01 8.393352063666345941e+01 9.778973394359620386e+01 7.713987471211665081e+01 6.228618371986003410e+01 5.453672317768829458e+01 6.901756040039003892e+01 6.901755969328959850e+01 8.057172405991943265e+01 6.085457004987801355e+01 6.068156590109175141e+01 4.209626731175562497e+01 6.175642712153936742e+01 5.874826554800247180e+01 7.765194284691145299e+01 8.653315190040893867e+01 9.635852793052616505e+01 9.635852793052616505e+01 1.048447726094661192e+02 1.110902907036925598e+02
9.634545476417422094e+01 9.654789348221629552e+01 8.824976538844924789e+01 9.654873542085603333e+01 9.366585654625008317e+01 7.347266025804819378e+01 7.938397292072080802e+01 8.777624124459092059e+01 9.812062443942883760e+01 9.343407984884346718e+01 9.030862677460490318e+01 7.511755552189400476e+01 6.407897053419956990e+01 4.472612098366749223e+01 4.479605367658992776e+01 6.373371135307581170e+01 7.309677215429709918e+01 8.183554165996530116e+01 9.226286755104031556e+01 1.037132529967962711e+02 8.318803661109228642e+01 7.938664320472433644e+01 5.917819179608608238e+01 7.938664958701704677e+01 8.918587228013628021e+01 7.597314853596488149e+01 5.613633639368813277e+01 4.997350038816503570e+01 6.122145578643594632e+01 4.286901420372912952e+01 5.690728364263129890e+01 5.768619398308554480e+01 7.795733094746012171e+01 7.591704867017456593e+01 7.591704867017456593e+01 9.635852793052616505e+01 1.104783248604452268e+02
8.544508398204388300e+01 9.190439080341633371e+01 1.001738808670643550e+02 1.100948658247401966e+02 1.021197053918157707e+02 9.366282201699493726e+01 9.659582471508312551e+01 8.947547247316508390e+01 7.800575621151712369e+01 7.314908095338272176e+01 7.796301144993206833e+01 6.684609612669939338e+01 4.728071702544484367e+01 6.407897053419864619e+01 4.743950138652910908e+01 6.700531411278397798e+01 7.950911309188934695e+01 9.366040359110624536e+01 1.042227428757137204e+02 9.907094608729977381e+01 7.877260678113624692e+01 6.704466124564835638e+01 7.938665032589003090e+01 8.776210931838886609e+01 8.660178393607552039e+01 6.671817158168197182e+01 7.597289454681404663e+01 6.973830479268286808e+01 6.672913133037576472e+01 6.189322102225322908e+01 4.365011094600734509e+01 6.344970527523491199e+01 7.256531677477069309e+01 6.213136506315278496e+01 7.591704867017456593e+01 9.635852793068013966e+01 9.015518890366699623e+01
6.617533117793122699e+01 7.252642655125217175e+01 8.203408286625109724e+01 1.017747632700108085e+02 1.107734344796873529e+02 9.072326646855076149e+01 7.645495338076918301e+01 6.935397999653356749e+01 6.381394644949569539e+01 5.900304853321415521e+01 6.969776970897693502e+01 4.996329303590005111e+01 6.684609612672888090e+01 7.511735793991037724e+01 6.700531411278397798e+01 5.142683069206432123e+01 6.535782259266981953e+01 7.593011285711511960e+01 9.578731222861974004e+01 1.073994622955158889e+02 9.571068265912285256e+01 7.719766457029066942e+01 8.141163392757248118e+01 1.016942919630109117e+02 9.465315961278858481e+01 7.826391383564759963e+01 9.462578367713193472e+01 8.218303245946427182e+01 6.776193873658067446e+01 4.445062096593574097e+01 5.272907142173345107e+01 4.937384341893277906e+01 5.376399386700963845e+01 6.417699012062955433e+01 8.406631154687097762e+01 9.713344070622763127e+01 8.644037737372129016e+01
7.722843529408470431e+01 9.190442306813088180e+01 1.001738808670643550e+02 1.100948658247401966e+02 1.107734344796873529e+02 9.072326646855076149e+01 8.947547247316509811e+01 8.947547247316508390e+01 8.389503255358259537e+01 7.269697308131010516e+01 5.280864316479978982e+01 6.969650877243699938e+01 6.970833194825858925e+01 8.971112244205828290e+01 7.950911309188934695e+01 6.276150843613078933e+01 5.597509718475031093e+01 6.744343963793740215e+01 8.752307182539907160e+01 9.778455724244760461e+01 1.058281146450001415e+02 9.158492802439182867e+01 1.016941214524861863e+02 1.100266795625475140e+02 1.059700403149289656e+02 9.799207880543816884e+01 8.546290043513877777e+01 7.228881025928821202e+01 5.565378450961451762e+01 4.502236006286651815e+01 6.426975509446585022e+01 5.816708459055409719e+01 7.256531700786099748e+01 8.096439608284927658e+01 9.254600434897690775e+01 8.985302770961095575e+01 6.936778881673053831e+01
7.050464240011615402e+01 9.015131641003422658e+01 9.978880080101248495e+01 1.086259446428650648e+02 1.189300135797467277e+02 1.107734344796873529e+02 1.095118768725637750e+02 1.080304078263788483e+02 9.388484240464387653e+01 8.099665576754362917e+01 7.269369759840367351e+01 5.621544668094778530e+01 7.031360879119168317e+01 9.039559468590096003e+01 9.106325118713483846e+01 8.279025226750025013e+01 7.004918533356051569e+01 6.124054603796918173e+01 6.938828294286098242e+01 8.100164264494772226e+01 1.011454432364353835e+02 1.117951434036092593e+02 1.086848457081221540e+02 1.003234418578731919e+02 9.810971466376601313e+01 9.287223533375917839e+01 7.710598155976187229e+01 5.711552777214485843e+01 4.584119052049133813e+01 6.473625864401982710e+01 7.305341148509094751e+01 7.730409719876035979e+01 7.730416049111731525e+01 9.747872698284226090e+01 1.070251750606601462e+02 8.856033731231615036e+01 7.823608209890676335e+01
6.541498533510620916e+01 7.193637315794211418e+01 8.068044209207987194e+01 9.459971132221321000e+01 1.143951698305069158e+02 1.138873051407208550e+02 1.057233510132559644e+02 9.812501735597217589e+01 7.973927698290899002e+01 6.553034796388926964e+01 6.107873046683623386e+01 5.987544294311069848e+01 7.991713507884614387e+01 9.375113563489595947e+01 1.053158884350439735e+02 9.838276406314119527e+01 8.567207353765849120e+01 6.557968043550319237e+01 8.567207353765849120e+01 9.778455722620876145e+01 1.094571254744998470e+02 1.094431754099932874e+02 9.931525445720274092e+01 8.004776205285608626e+01 7.782757172528748413e+01 7.256422095758138369e+01 7.383390116921808044e+01 6.615543347865491342e+01 4.642430912779801844e+01 5.769704699710443663e+01 7.178234274906499479e+01 9.192911955457476836e+01 8.948223202416969002e+01 8.282898049853501732e+01 9.129345173844299666e+01 8.390874922561968674e+01 7.574913936405403092e+01
8.288785226605244816e+01 9.157985589074809241e+01 9.978880080101248495e+01 1.086259446428650648e+02 1.172491226181385997e+02 9.728590060204733447e+01 8.562004977759103497e+01 7.798646812280355789e+01 7.261240494405623735e+01 6.959640000762438206e+01 8.113226246158210131e+01 7.991713507884618650e+01 6.539607210688774330e+01 7.698814507857221656e+01 9.710436517317729965e+01 1.119802618982365345e+02 9.394434724242536561e+01 7.717055325345457106e+01 7.315187639205089454e+01 8.740158508177029262e+01 1.074244972076813553e+02 1.010892203002543965e+02 8.079809900855842386e+01 7.064819863760961027e+01 6.341335314553137437e+01 5.813485783512438587e+01 5.387153833896658028e+01 5.044380795847454380e+01 4.701021825862571291e+01 6.674172395160154281e+01 7.591602183994062614e+01 8.459936512311115564e+01 6.944271522529675167e+01 6.259054653536278323e+01 7.258271575891015459e+01 7.380105751750950560e+01 5.573808014884873785e+01
8.706512775506961077e+01 1.004858343949136525e+02 1.087161790350942709e+02 1.175829759302685602e+02 1.253405800751105943e+02 1.138873051407208550e+02 9.445740714972563978e+01 9.226166706829692998e+01 9.274276367760096207e+01 7.594465478583495610e+01 9.607289484568191540e+01 9.375113563708096365e+01 7.960377347349660226e+01 7.207053901772877680e+01 8.370571988348861225e+01 1.038036878180212597e+02 1.055165525690344026e+02 9.728536621305269705e+01 8.076256035154895585e+01 8.740283460987643593e+01 1.074613048653267526e+02 1.094434019274957564e+02 9.931525447777066518e+01 9.094364155654473336e+01 8.376811323657878461e+01 7.851228433062063061e+01 7.383390452091471445e+01 6.957426769849249126e+01 6.673046077880604798e+01 4.784874573491442362e+01 6.758573425882644869e+01 7.514100123155004951e+01 5.818051747999613355e+01 5.130234606495434946e+01 5.259691771544027716e+01 5.389035755957915796e+01 7.380105721206533076e+01
7.458294682245707463e+01 8.074906125577616933e+01 8.954370219140866993e+01 1.035304204413099569e+02 1.233594382808646372e+02 1.225543284335045087e+02 1.144440113491925644e+02 1.122803971414215738e+02 1.031829939416900572e+02 8.307259679890732684e+01 1.031829939416900572e+02 1.078984978006653108e+02 9.931842154878003726e+01 7.918482612212891070e+01 8.370571988348861225e+01 1.038036878180215155e+02 1.150160515883977723e+02 9.502807055898398403e+01 9.502807055898398403e+01 1.074613048648775901e+02 1.156385446424610137e+02 1.185849887413620536e+02 1.084970214676552587e+02 1.001626297065345170e+02 9.251160413750130829e+01 8.710368800080247809e+01 8.220115227258078505e+01 7.757660796035037265e+01 6.985916214878005803e+01 5.010280811330943607e+01 4.871563800159822932e+01 6.844040555055489961e+01 5.044299605734384784e+01 7.020055224938387539e+01 5.226933483568505068e+01 7.208385406550229391e+01 8.144596171825983788e+01
8.436519082537049030e+01 1.004858343949136525e+02 1.087161790350942709e+02 1.175829759302685602e+02 1.185100076584896982e+02 1.101846019269792123e+02 1.075816111547368905e+02 1.159045295886180327e+02 1.113625051013809752e+02 9.473335111884156845e+01 1.113625051013809752e+02 1.134641104103618829e+02 9.345908537320291032e+01 9.345908537320291032e+01 9.535888946393259857e+01 1.119802618971172592e+02 1.231560690531951536e+02 1.150160515883977723e+02 1.150160515883977723e+02 1.153594731246283658e+02 1.236256162975897439e+02 1.102732618178427089e+02 9.005199872524349303e+01 7.991991958229812099e+01 7.227703495422859703e+01 6.689001606565980751e+01 6.204345357813588890e+01 5.753194359477009812e+01 5.331917314660383056e+01 6.983726885227861203e+01 6.269365798457950234e+01 4.957986752534183950e+01 6.933095388825135785e+01 7.850081524888517492e+01 7.207630144029423036e+01 5.323221442892410948e+01 7.311566257299919869e+01
1.041238466081155849e+02 1.123603110680192856e+02 1.112638624380125378e+02 1.196264318133398064e+02 1.101846019269792123e+02 9.019517733666555159e+01 8.760817817483803083e+01 1.030787344530156275e+02 1.113933165107382592e+02 1.147254206906056737e+02 1.228349243201674454e+02 1.215836397642733857e+02 1.134641104103618829e+02 1.134641104103618829e+02 1.153394968995413734e+02 1.234473126372431580e+02 1.174521936046396604e+02 1.257304322140882675e+02 1.121464821812962356e+02 9.550759502369604093e+01 1.121464149056239421e+02 1.185849836905979657e+02 1.068100483713614608e+02 8.658899461500115535e+01 9.251160413750132250e+01 8.710368800080247809e+01 7.738115754984463024e+01 5.734140639023316766e+01 7.320258373782000660e+01 7.293624819244706714e+01 7.569343752711445461e+01 5.647232237623113349e+01 7.667484319993008057e+01 8.771812830018602369e+01 7.597033608575461017e+01 5.550233805557608946e+01 5.423406451526075500e+01
9.452883696731142038e+01 1.028206563180927446e+02 9.143394547902337877e+01 1.081168974634292965e+02 1.092350155994441820e+02 9.604994424715131629e+01 7.617089761184254826e+01 8.314316454014827684e+01 9.570137189939778466e+01 1.040004238525707478e+02 1.132551681438964977e+02 1.052106904781197017e+02 1.132551681438964977e+02 1.157197777468017250e+02 1.074563518467046777e+02 1.074563518467046777e+02 9.756563656964635811e+01 1.142322025409807793e+02 1.038979853623045813e+02 8.408262850444039316e+01 1.019398251201527614e+02 1.101852934646216795e+02 1.151298752120617763e+02 1.068100483713614608e+02 1.054466270690021332e+02 9.710635615922453212e+01 8.041597647088399015e+01 6.028526513536633047e+01 7.449393546022385237e+01 9.290353967360411502e+01 8.516835569026240194e+01 6.808244893716849333e+01 8.512784125651747047e+01 7.920353961234822293e+01 5.874627840650911992e+01 6.938842690489936160e+01 7.203374865156305873e+01
7.466599039029202345e+01 8.891695670507590421e+01 8.031797143282064155e+01 9.981505454373217390e+01 1.009238001614372990e+02 8.100486116299531147e+01 6.960700696853395186e+01 7.173285202538642125e+01 7.583098971406371902e+01 9.570137189939778466e+01 1.034635950971785263e+02 8.556041734462559134e+01 1.034635950971785263e+02 1.074563518467046777e+02 8.760612402567203105e+01 8.760612402567203105e+01 8.612650141467159415e+01 1.020698296409839543e+02 9.383263678122193596e+01 7.656648381457310393e+01 8.210198712160310208e+01 9.612200201780709108e+01 1.159853040691453714e+02 1.087782001034058368e+02 8.856197337406868542e+01 7.687021296302208384e+01 6.923965192848761774e+01 6.390727009122821300e+01 8.410323906306760477e+01 1.030555766985307713e+02 9.700484304123651214e+01 8.843661805167880630e+01 8.322624962815120853e+01 6.253428203525020734e+01 7.920355031699652670e+01 7.745410899928647552e+01 9.129342720270115308e+01
6.331579032963734477e+01 6.921958546342297325e+01 8.891668821923967414e+01 1.059713593970439547e+02 9.839473521478650753e+01 9.011390718613603212e+01 8.165088991137970709e+01 6.193378886794350535e+01 7.583098971406371902e+01 9.570137189939778466e+01 9.538555391137269623e+01 7.562608592354966675e+01 9.538555391137269623e+01 1.069917608967110709e+02 9.342012114029149927e+01 7.354482645350003622e+01 9.341397394726205050e+01 9.045421765283734317e+01 7.394944746080794573e+01 6.948057080946392716e+01 8.358211947807922115e+01 1.034226513324003491e+02 1.162430957935356162e+02 1.170953150152258786e+02 1.054466270690021332e+02 8.945781296033256069e+01 8.792554158479190107e+01 6.769981776851726352e+01 8.200098680236597204e+01 1.022286820915467018e+02 1.093641671060309193e+02 8.864513599002698641e+01 7.387964124397115029e+01 6.543175158516574186e+01 8.011553770813262076e+01 9.566099970555950449e+01 9.637950744288411897e+01
7.670769557141413486e+01 8.882580581124634023e+01 9.678734197050641797e+01 9.042009942420767743e+01 7.330373504499353032e+01 8.078344713494914231e+01 6.641320824853166016e+01 5.809013652463701050e+01 7.190026773094255930e+01 9.172729546233095732e+01 8.879906458209825360e+01 6.895198831204812961e+01 7.919487492813674123e+01 9.892241474726047556e+01 8.810757104286741992e+01 6.817186215024851492e+01 8.105737962342315939e+01 7.772292435917314890e+01 6.234303405974391410e+01 8.235307207473262281e+01 9.430996172300125124e+01 1.000300243232972122e+02 9.638621966085595716e+01 1.162430957935356162e+02 1.179714337916182103e+02 1.063569309185190406e+02 8.613248247465162422e+01 7.182056131472853622e+01 8.613248260801618983e+01 1.063569929849785325e+02 1.115911423069183996e+02 9.092100166414128637e+01 8.945193205369788814e+01 6.867615660221342466e+01 8.945193205369788814e+01 1.090967793132514174e+02 1.047538174558897879e+02
6.429000366778892328e+01 7.811129755589330159e+01 9.690059455873922900e+01 8.088240090308784147e+01 5.999620262070805410e+01 6.780277308904504707e+01 5.312907962175371779e+01 7.255570561903022053e+01 8.595846600160405160e+01 9.753990695134211819e+01 8.281494593095467849e+01 6.290060193452386983e+01 8.281494593095467849e+01 9.399584275125620536e+01 9.512604984638950611e+01 7.523149371442009681e+01 6.104393578310804713e+01 5.777739826261535683e+01 7.782134702598871456e+01 6.926895541864345773e+01 7.445646643778476914e+01 8.021514623092282648e+01 8.907470808009260566e+01 1.030665202022036908e+02 1.229595759861582849e+02 1.085607264812094286e+02 8.834666833172947520e+01 7.742766974197225238e+01 8.834667653685107780e+01 1.085611664529147049e+02 1.199141392302874891e+02 1.075190309174684273e+02 8.674473625870892590e+01 7.200936010190304160e+01 8.674473625870892590e+01 1.075190309174756464e+02 1.111095792008388941e+02
