LEM/sinusoidal_perturbations/elevation_000436.asc
nrows	100
cellsize	150.0
xllcorner	0
ncols	100
yllcorner	0
NODATA_value	-9999
[rows 34 to 50 of 100, columns 37 to 73 of 100]
3.698883413679394039e+01 1.893076110716387461e+01 2.104834667992372133e+01 4.098121793705728066e+01 4.651830777909225390e+01 3.009630597406823327e+01 5.007931855705178492e+01 5.700882021359112883e+01 5.519021236452613266e+01 5.368206944428722238e+01 7.138983107059986821e+01 6.765999327899680793e+01 8.661103675522066681e+01 9.577049693698295130e+01 1.070305601609694008e+02 9.861728028637405430e+01 9.966492117842859955e+01 9.136179876588965953e+01 9.966492117842859955e+01 8.258017271650470548e+01 6.592748355805275651e+01 8.258017271650327018e+01 6.593660099832281674e+01 4.609199109418617724e+01 3.621968127166265106e+01 5.308477139192848426e+01 5.195714453392242405e+01 3.296379301392857997e+01 4.356487133762733777e+01 6.167607597221294213e+01 7.901420138121777370e+01 9.391652404923051733e+01 9.324988814876437004e+01 9.172748803104886406e+01 1.000730605943404896e+02 1.027097820547643892e+02 1.011224612320356044e+02
4.053713118474183119e+01 2.059753666217192958e+01 3.836991417249594605e+01 4.884410040020344468e+01 5.832933657513358838e+01 4.389024068219217156e+01 3.393533883513537575e+01 3.692257851260553991e+01 4.098586540919827570e+01 4.598426621457629437e+01 5.116336404056373510e+01 5.787070994579438832e+01 6.690613236491904559e+01 8.128064239393499690e+01 1.018464165161371966e+02 1.047019260671555259e+02 1.025529172185477478e+02 9.304552237215200705e+01 8.467762854175269638e+01 7.433389058424158691e+01 5.453322337251931629e+01 6.452916658396249261e+01 5.907200529308563119e+01 3.925499643646937642e+01 5.601429604625450764e+01 6.271142517104748038e+01 4.416087044205727352e+01 3.354583988862013655e+01 5.066479828576187572e+01 4.892731996512286941e+01 6.408138707527511713e+01 7.565682537569021804e+01 8.408177411285153369e+01 9.580681001223486248e+01 9.660067614253739521e+01 8.191834518645468677e+01 8.953458911377462925e+01
3.636906685860272148e+01 2.229405280980481763e+01 3.754632069318170551e+01 5.921582413353384311e+01 7.084948497585844507e+01 6.108261292497695649e+01 4.097464964196812787e+01 5.700882021359112883e+01 4.376549049615939424e+01 6.392267874324327437e+01 7.138983107059986821e+01 7.815346298156845251e+01 8.661103675522073786e+01 9.577159565974507416e+01 1.047019260671555259e+02 8.455772971115983694e+01 8.235197432293465170e+01 8.467762843911437187e+01 6.465328241494070483e+01 6.689895067314401444e+01 4.708567254282008463e+01 4.471268626726349993e+01 4.240449048719536762e+01 5.324344240610084000e+01 6.735466688532908108e+01 6.708713289566385640e+01 5.097657229150698299e+01 4.865746770509110064e+01 3.437027462329411520e+01 5.602849122515776514e+01 6.411005266514226264e+01 5.573705573738653385e+01 6.716904456000794710e+01 8.727540715701937302e+01 8.800485539106352917e+01 6.832367141413045886e+01 7.555914665397823171e+01
3.550584116496265352e+01 2.402987710874110761e+01 4.397991812234360509e+01 6.169078865582078208e+01 7.177272057149949092e+01 6.968100927314883108e+01 5.104788083786147723e+01 6.968100927303110836e+01 5.798921120548588704e+01 5.163238179659142446e+01 5.874913013272566076e+01 7.306641814532854085e+01 9.339979906725163517e+01 1.098513291948992787e+02 9.972789206753206770e+01 8.826869351186557822e+01 6.817597750388191002e+01 7.753324899015052551e+01 7.051827710582999487e+01 5.069332071421564478e+01 6.689895062511223500e+01 5.868820963538740898e+01 5.381843260591899281e+01 7.050986726883331812e+01 8.143638934229701931e+01 7.453733942857111572e+01 6.273618120191441250e+01 4.843041561419163799e+01 3.495438062354731557e+01 5.107274347004024406e+01 4.427018231114622182e+01 5.831061292008410391e+01 7.825525934983677701e+01 8.945706887438764454e+01 8.115604366949008863e+01 7.555914667400936935e+01 5.716355098615590435e+01
4.575036001055928381e+01 2.579850303823588220e+01 3.329109808908919632e+01 4.325682250792557682e+01 6.338502111637437508e+01 7.987180560882529790e+01 7.143845361056318666e+01 7.987180560837234111e+01 7.824733654479503286e+01 6.171024984527269197e+01 7.902192753286230698e+01 7.306641814532854085e+01 9.339979906743766946e+01 1.014737129094154540e+02 8.121792502523784663e+01 7.117555898110762769e+01 6.417063701380872942e+01 5.762151397062504543e+01 5.466508543187443081e+01 7.051827743693390005e+01 6.465328241490581718e+01 7.863048406644961119e+01 7.371012410550673621e+01 8.204772073319281844e+01 8.192257314837384286e+01 6.193701760428686498e+01 5.832688134887007436e+01 3.839437849970061478e+01 5.482540976151663159e+01 3.580717942357361494e+01 5.569993803353491302e+01 7.231501765658656211e+01 8.265407345824753804e+01 8.049368469024024364e+01 6.243197521716644616e+01 6.726661255460849986e+01 5.050633998218167164e+01
4.758802935935033673e+01 2.762584104039335386e+01 4.758802935935037226e+01 6.169081531297668874e+01 7.177272129508665444e+01 7.767227797884706320e+01 8.078925699818228168e+01 8.919102787400046850e+01 9.042042928211311903e+01 8.199857270523759212e+01 9.042042928211311903e+01 9.339979906743866422e+01 1.018204233193488903e+02 1.098513291956177795e+02 9.134581896732692030e+01 8.319705939103856451e+01 6.317246611307103876e+01 7.753324911215530335e+01 6.605342028585189951e+01 8.287875415867813444e+01 7.876786979762950125e+01 9.304551331602642961e+01 8.942522990373143443e+01 8.008906758958606531e+01 7.404050401413208249e+01 6.193701761384259186e+01 4.200266475035522262e+01 5.831729842101918848e+01 5.552959615914980418e+01 3.641415285551958902e+01 5.322905605667073559e+01 5.426854520811130556e+01 7.401614598890881780e+01 7.192164166439381745e+01 5.514204061738269047e+01 4.784169716203938805e+01 5.586782903733893590e+01
3.756913861758592788e+01 2.946901423266043452e+01 4.945140295355217575e+01 5.488377032396417121e+01 5.745579162511288018e+01 5.745579008306886237e+01 6.054181566926866509e+01 8.078925700249521924e+01 9.059081087067107774e+01 8.768206140452635111e+01 9.608884192624023513e+01 9.524882971234943341e+01 1.036504197770276647e+02 1.199640066278052473e+02 1.017052269891085388e+02 8.146140994258924195e+01 6.727875673651921318e+01 8.739068667841483773e+01 8.611316198416304246e+01 9.448655724029158876e+01 9.894504784170960932e+01 9.528635264528554671e+01 7.822053170829060775e+01 5.766538204915405430e+01 6.572919950146908263e+01 4.584282991340284497e+01 6.193701761384259186e+01 7.013515237128508772e+01 5.373509894072510207e+01 5.632259045138034992e+01 3.727638358904577842e+01 5.337736894465525950e+01 6.082023650450778973e+01 6.248011335817169964e+01 4.527965784024269880e+01 5.414998529774450020e+01 7.347840593783591601e+01
3.793179230806320135e+01 4.945140295344600645e+01 3.233327635129220567e+01 3.482583261743506142e+01 3.736766320010027442e+01 4.631094838962964388e+01 6.434921272519486024e+01 6.192710587723980353e+01 7.154829508003051330e+01 6.738296995543329615e+01 8.087730176103492852e+01 7.492441997157736466e+01 9.524882971234931972e+01 1.111734503323296366e+02 1.039195843666793309e+02 8.367590169266412659e+01 7.278694846689769804e+01 8.367590169266595979e+01 1.039195843691499732e+02 1.064588165005129241e+02 9.477392923450592832e+01 8.578866362707121596e+01 6.691407649953592340e+01 5.305354452596279202e+01 4.990420661115422263e+01 5.988688717697456099e+01 7.404050401371816292e+01 8.093772677264178128e+01 7.178969675387521931e+01 5.890559695334257384e+01 3.788864059911900029e+01 3.950440978296300898e+01 4.114445017946348315e+01 4.282225159373278700e+01 5.370301543911769926e+01 7.079399252378206597e+01 6.985249971269318792e+01
5.801482018511477179e+01 5.899052284681330605e+01 3.932706141673854461e+01 3.819683922641061002e+01 5.745579123951130640e+01 4.131624690954380696e+01 4.420125789795852000e+01 4.768820054403924047e+01 5.135114332591542308e+01 5.573451788059105638e+01 6.061254161224547232e+01 7.071630309030491901e+01 8.244302016211369732e+01 1.027796716346199872e+02 1.122960365831101370e+02 9.884706881317320892e+01 7.857678570027249521e+01 9.884706881317320892e+01 1.122960371445142584e+02 9.806621560150944106e+01 7.783680499685101495e+01 6.636002453338649332e+01 5.765796925931180539e+01 7.277009395831829863e+01 6.387995940330267075e+01 6.973578296466504867e+01 8.819412084799083118e+01 8.414909329628291346e+01 6.735590525429331876e+01 4.358102129325173024e+01 3.855376063125454777e+01 5.847088794142305801e+01 6.084797204757339273e+01 5.832188007859622303e+01 6.932958182594494190e+01 8.054346508439407160e+01 8.961252996470007304e+01
6.997267788683357992e+01 5.132257728425218346e+01 5.899052284682252179e+01 4.246537822445345256e+01 6.292503364942556487e+01 5.551898811026860869e+01 5.842172968447862758e+01 5.275824885763219640e+01 7.154829508000764804e+01 6.298026890559233948e+01 8.087730176103183055e+01 7.228738527493459287e+01 8.401754795886246541e+01 1.043506921972095256e+02 1.096853823864517636e+02 8.940875436547233335e+01 9.884706881317320892e+01 1.072281223092774525e+02 1.067116454184271532e+02 9.725218788074170106e+01 7.704019724884886955e+01 6.302282145942950820e+01 7.154213011964790780e+01 8.578866363503053094e+01 8.387299162537043173e+01 8.978961098178290001e+01 8.721597029818514102e+01 7.299547680045749587e+01 5.570670570161573920e+01 4.149597988825545514e+01 5.863621957691391628e+01 3.955743384254932238e+01 5.966495294425467932e+01 6.879858920528604926e+01 7.391506093157669000e+01 7.889382652835156762e+01 9.993692555739986005e+01
7.805567117889101780e+01 6.340221028894136879e+01 6.766612737798813271e+01 4.698346124078282315e+01 6.766612737798813271e+01 7.573842003754329255e+01 7.865941453940578754e+01 5.911860861151237856e+01 7.936964011324120349e+01 7.466509262433504546e+01 8.325243649456399453e+01 9.261134589756554192e+01 1.010157089903286334e+02 1.127427057771340628e+02 1.180556196005268532e+02 1.011340661369912510e+02 1.180556196005268532e+02 1.126610409536297368e+02 9.237631744201740958e+01 7.804358083446039984e+01 7.139213801055535669e+01 6.864889696239600880e+01 8.876805204507856217e+01 1.000351971504130830e+02 9.135210612958908882e+01 8.298265413234965138e+01 7.538119037395543387e+01 5.877498330272982940e+01 4.454796534981997524e+01 6.159037017163343819e+01 6.799617109811811133e+01 5.966493037818881362e+01 4.057162712876750277e+01 6.045263763421878167e+01 5.601774438513298549e+01 7.919933698280139822e+01 9.467123047363294575e+01
8.817547177205106834e+01 7.262040071691414767e+01 5.953403368448526578e+01 5.289726729771663827e+01 7.347455138883638881e+01 9.284056601048207824e+01 8.654514665510949101e+01 6.624974931825195767e+01 8.654514665510949101e+01 9.498296637232924411e+01 1.033837877802042016e+02 1.119557063004051400e+02 1.200920311149785817e+02 1.118766528994893292e+02 1.200920311149785817e+02 1.213666976193482014e+02 1.297297646214113911e+02 1.126610409536297368e+02 9.237631744201740958e+01 9.831757540407444651e+01 9.155957721420313078e+01 7.491855846616415704e+01 9.517310068154091596e+01 9.465280801017672729e+01 7.443950856218565093e+01 6.287107306910325377e+01 5.536082932179839844e+01 4.865539991167223377e+01 4.808774423022049405e+01 6.814985881909197474e+01 8.167191577406973124e+01 6.902840111332784545e+01 6.069731514725533827e+01 4.159856648028492287e+01 5.958905857644337090e+01 7.350363718708662475e+01 7.560680322792443064e+01
9.899001400076163293e+01 8.836788291329256140e+01 8.013556134270039877e+01 6.482083478898356077e+01 6.394059978835094427e+01 8.442268811525087813e+01 9.495214678863695212e+01 7.795356933724879411e+01 9.495214678863695212e+01 1.054853695699408291e+02 1.137294827106001662e+02 1.153470469665681861e+02 1.071366418147286339e+02 9.212962488015465112e+01 1.092992949609850797e+02 1.175136054920221937e+02 1.249406705288578081e+02 1.210469733948370532e+02 1.126610409536297368e+02 1.117382229295056533e+02 9.145017441233608224e+01 8.502044948312791917e+01 1.035696443823555342e+02 1.030200724961047598e+02 9.135210612958908882e+01 7.329540247501424233e+01 5.329565766949252748e+01 6.870773663487224781e+01 6.814985881909197474e+01 5.331079058687012662e+01 7.331605452754747887e+01 7.063933961159148112e+01 5.225751126158859705e+01 5.473960361032805366e+01 4.264431952171970863e+01 6.606232536113269305e+01 5.272186115028618048e+01
9.751803241874472405e+01 9.447114490619755145e+01 9.371229457330416324e+01 8.529574810138650776e+01 7.580681958554134781e+01 9.284056601048207824e+01 1.066794303890988829e+02 9.828145952974698218e+01 1.022329894809846422e+02 8.556894064275014955e+01 1.022329895528647512e+02 1.071366418147286339e+02 8.735588533742044604e+01 8.220587823789578863e+01 8.951995899608600382e+01 1.051542583415508716e+02 1.051542583415508716e+02 1.111819104824499789e+02 1.029729334191891610e+02 1.111819104824500073e+02 1.117382229295056533e+02 9.939034101022591017e+01 1.137145359386993704e+02 9.715700800442071738e+01 8.878066700288933077e+01 7.663720483481901624e+01 5.662580660963251233e+01 7.563079829130546727e+01 7.715134535665256976e+01 5.715121942999450511e+01 7.716923335257007466e+01 7.920085094123261626e+01 6.350211712851395163e+01 6.563054970600893512e+01 5.078816663388820984e+01 4.370475529594938990e+01 5.790955507163036486e+01
8.567782598220432533e+01 7.480868600407903557e+01 8.801283859430139955e+01 9.613287334719706223e+01 9.619218340250101562e+01 1.045921127252826466e+02 1.040225651241117646e+02 9.577324780363296952e+01 9.398661396753122688e+01 7.397431783294054242e+01 9.398661396753122688e+01 1.071045578374551326e+02 9.314953477262419312e+01 7.322594374384893001e+01 9.262746466524896505e+01 8.534765745573754714e+01 1.051542570627337057e+02 9.773310065639518029e+01 8.316022147495098693e+01 1.012747473236985059e+02 1.127125885254548905e+02 1.196551012999076846e+02 1.072812985754094370e+02 8.878066702653319453e+01 6.854626861603470900e+01 6.303737700550317413e+01 6.190209604598646820e+01 8.190599319425685110e+01 8.127000720750282881e+01 6.118040021715383858e+01 8.127000720750282881e+01 9.046022549215601316e+01 8.071704060928294666e+01 6.298775972653814392e+01 5.610294229297797131e+01 5.415184871916383003e+01 4.478655954566662700e+01
6.595014164676607038e+01 6.080209754270400424e+01 6.831481867313185319e+01 7.971709217027550665e+01 9.934503895287475927e+01 1.098590015687881305e+02 8.993873755785774904e+01 7.575776829473112173e+01 8.421730532120908208e+01 6.679078211854255187e+01 8.691119881557048643e+01 9.889385525760930307e+01 7.899985514572962586e+01 6.778490905794146215e+01 7.267348081204455923e+01 9.262738579264475902e+01 9.189063232349869281e+01 7.783755144561654049e+01 7.312244424853676605e+01 8.469571382216959421e+01 1.045013898102993011e+02 1.131992026281743904e+02 9.299913685868234836e+01 7.864573942536759432e+01 8.878066697206098468e+01 7.197473603676040455e+01 6.762490316954084335e+01 8.785947380551574781e+01 8.567556957129161788e+01 6.548674652934623452e+01 8.567556958013526014e+01 1.026889229217772908e+02 8.887159440123279808e+01 7.072030496558112134e+01 7.151340172871523748e+01 5.172043160480027524e+01 4.555719563655519977e+01
5.190983898328191515e+01 7.172824661150833947e+01 8.342633625450608292e+01 9.613287334719706223e+01 1.074580871051098825e+02 1.036972647574335582e+02 1.040225651241117646e+02 8.421730532120908208e+01 6.405979783895125479e+01 6.034038389153948856e+01 8.054856439212764485e+01 9.672870937613737397e+01 7.681907651349956723e+01 6.250273666133995221e+01 8.265047296803166432e+01 8.622020000409797547e+01 7.797221685691863513e+01 6.353842140963943308e+01 8.366482289402303252e+01 9.878955198481935440e+01 1.069941823647405812e+02 1.168862719705202835e+02 1.072812985754094370e+02 9.037441123126491505e+01 8.851327749088864039e+01 9.222471909679086366e+01 7.397884006418436798e+01 9.427892399743792851e+01 9.333916919130081169e+01 7.306319049651013131e+01 7.404659480379639547e+01 9.432031137060263859e+01 9.846838204030711950e+01 9.015018668547365621e+01 8.604151345541205842e+01 7.001912810886726390e+01 5.172738948236001022e+01
