LEM/sinusoidal_perturbations/elevation_000816.asc
nrows	100
cellsize	150.0
xllcorner	0
ncols	100
yllcorner	0
NODATA_value	-9999
[rows 17 to 33 of 100, columns 37 to 73 of 100]
7.688595276136049961e+01 8.507908701928394635e+01 8.212384139847921460e+01 6.236838716356313483e+01 4.839184049517254493e+01 4.142931185078298029e+01 6.117117390524332166e+01 7.353100553817154150e+01 8.327053005639693595e+01 8.327053005639693595e+01 1.030258857956567056e+02 1.022215881406320221e+02 9.651005775454220270e+01 9.195083760429596964e+01 8.380438755335633516e+01 9.195083760429547226e+01 9.519003246711884003e+01 8.114535858264578394e+01 6.851754352726474906e+01 4.772908350239635666e+01 5.459286530010243865e+01 7.476611070683794935e+01 9.329955565450255506e+01 1.029830220152037441e+02 9.075371538619441480e+01 7.065358471940845675e+01 6.688704895350493018e+01 8.205288902819795283e+01 9.032070170603599024e+01 8.269843183647884644e+01 7.433984244212832948e+01 6.574030572022168428e+01 4.592119486997807343e+01 4.135644340237931260e+01 6.238857790205577203e+01 6.398785003884449907e+01 6.093542205395313971e+01
5.713500744959555533e+01 7.367096430637253945e+01 7.496456898564925098e+01 6.677364303943166135e+01 5.855563857245233805e+01 3.881311748983984700e+01 5.855563857217433821e+01 6.735618206853622780e+01 7.435005990875207260e+01 8.254189076180772133e+01 9.395596448789943622e+01 9.093305832607983064e+01 7.718415025472283730e+01 8.222732879207336509e+01 6.444860153209762643e+01 8.222732879207336509e+01 9.193348953507714327e+01 7.209838989006520649e+01 5.764935306963651129e+01 4.531260352912215694e+01 6.621164598961892978e+01 6.565154374518394320e+01 7.559404309902926400e+01 9.487126577903499935e+01 8.965724638675284552e+01 6.953769139749998374e+01 5.747598802934887630e+01 6.164145315651055768e+01 7.861247753305066510e+01 7.460080142270652459e+01 5.410827722288443908e+01 5.907332674364234748e+01 4.022829574619452586e+01 4.113808415929243267e+01 4.206537857098730626e+01 4.299837836365803412e+01 5.360596181166314267e+01
4.572415651568721273e+01 6.548273916886344637e+01 6.677364344350810654e+01 4.701487560676620348e+01 5.280207146095183646e+01 3.625115072552056716e+01 4.135879457000194037e+01 4.759069698224214306e+01 5.456838611862994526e+01 6.599730797246697023e+01 8.576013124522735609e+01 8.284457750883591132e+01 6.364003967265381334e+01 7.069856131419257395e+01 5.476822985613387829e+01 7.412649454272695948e+01 8.846363221447826675e+01 8.028244030434262868e+01 6.397103361707744540e+01 4.301128334876788983e+01 5.802829613439396184e+01 7.831807266251600197e+01 9.329955565450255506e+01 1.029830220152037157e+02 9.789184826866062394e+01 8.205234407166787491e+01 6.164145308548230418e+01 4.932946224959235337e+01 6.409380760241376151e+01 6.690613671612081248e+01 5.928523823778121482e+01 3.942792564273474909e+01 5.912016123431872217e+01 6.187585203742118267e+01 5.405888159667500048e+01 6.401890693401676913e+01 4.433854656560919238e+01
5.407511615524666126e+01 6.938563461221313844e+01 5.797260449613892774e+01 4.978393601130533597e+01 3.301083379187831213e+01 5.276360420719532129e+01 6.110143558349174953e+01 5.747844953011814084e+01 7.435005990875207260e+01 8.254189076180772133e+01 8.863689406047215869e+01 7.980506509576041196e+01 7.069856131419257395e+01 5.120756459756897527e+01 4.750647541639411031e+01 6.728231442677994778e+01 7.689771682491840465e+01 6.013303357989848053e+01 6.177385476706945155e+01 4.082623095707393190e+01 6.177385477830268457e+01 7.112882974367941813e+01 7.786534905923365102e+01 8.605978775896724642e+01 9.597096250555375718e+01 9.031840012350322411e+01 7.861265851151195250e+01 6.409380760241376151e+01 4.315172133457815562e+01 5.485228319913753836e+01 3.868978094932222689e+01 5.915510658766476126e+01 5.254307917315982479e+01 7.276120424350996529e+01 6.995576440978224753e+01 5.215026818917941398e+01 6.996273925383101755e+01
6.226172780190303513e+01 6.119627146420528163e+01 4.142952654692163605e+01 2.993531783701472193e+01 4.978393601130533597e+01 4.917941877851434640e+01 6.896853367040408500e+01 7.724558718750813568e+01 8.544133729881586703e+01 8.134421256400482036e+01 7.261045559396308136e+01 5.825957449887123119e+01 7.580906385637042888e+01 6.102864503541697871e+01 4.012536294347379595e+01 6.102864503541697871e+01 6.863453957113203785e+01 4.805800258314222617e+01 5.678633482701479807e+01 3.874365678032258842e+01 4.433117258328333321e+01 5.054680213097432073e+01 5.765579484488386441e+01 6.793818115035708161e+01 8.779252066854706982e+01 9.099379469199197956e+01 7.127005022128399503e+01 5.550003059275904604e+01 4.163320358750071648e+01 3.798652503607250708e+01 5.832805400889764513e+01 5.575988005691385041e+01 7.304452287515046294e+01 7.300496196672511928e+01 8.009655493998111808e+01 5.827660542016291600e+01 8.009656284526053582e+01
5.027160451403254626e+01 5.307913374619461422e+01 4.488283237497955724e+01 2.782548567332323586e+01 4.193291985148789536e+01 6.171081145903005449e+01 7.721254222165252656e+01 8.395598058575899358e+01 9.214943658410642513e+01 7.261045559396308136e+01 5.144753035125248175e+01 4.596554135400523933e+01 6.639587142393104102e+01 5.647749338790586648e+01 3.419383246548824928e+01 5.279735389478504715e+01 6.107745124637980183e+01 5.528167262769169099e+01 3.607504124124605482e+01 5.678633472421936546e+01 6.518730961292015991e+01 7.112882974367941813e+01 7.786534905923365102e+01 8.605976017401430056e+01 9.597079035418374815e+01 8.842804366626023693e+01 8.007111197839066108e+01 7.314243439518227774e+01 5.790487760333347467e+01 3.918149150091036859e+01 3.726113410597068309e+01 7.394985266721353412e+01 8.429030030956462838e+01 9.257861447619677620e+01 8.675307106877373542e+01 6.570333583624108087e+01 8.009656284533710391e+01
4.184259011779709425e+01 4.211110541133974294e+01 2.489738442944128849e+01 3.908257358330683218e+01 4.772432400787810991e+01 6.748778953533785341e+01 8.073569402418188190e+01 6.419159125680342015e+01 8.073569402418188190e+01 7.678093201411127211e+01 5.523034541800607400e+01 3.664449107283447660e+01 4.959543387600243136e+01 4.722915165691633632e+01 2.931607906634337724e+01 3.751448354890460024e+01 5.275384207146562687e+01 5.488656177124059354e+01 3.429702896784294808e+01 4.616005538234568206e+01 6.088872473204719427e+01 8.109561007784847675e+01 7.890018584837626747e+01 7.890017364159788826e+01 8.683726796885207477e+01 8.011485001804291528e+01 6.049840292974384681e+01 6.618565072996500476e+01 5.716079901089713644e+01 3.646938227416032419e+01 5.180118564254387792e+01 7.135779956905000176e+01 8.741364344954921251e+01 9.545863398418634915e+01 9.500146092243608109e+01 8.085680108885307504e+01 7.933984319236870419e+01
3.192398370447294909e+01 2.199889956224264154e+01 3.617392885543578984e+01 5.264478723106729063e+01 6.701306706894408194e+01 7.017627720347374520e+01 6.198984200302560055e+01 5.279810312671573058e+01 7.254500508631797118e+01 6.954937319946049001e+01 5.138685214597102657e+01 3.936841462047279805e+01 2.937369278930024663e+01 2.673272292950932894e+01 2.715087350195938853e+01 4.237742219504520591e+01 2.873046318488881212e+01 5.169019277547441504e+01 3.254537073311670525e+01 4.701300630547522985e+01 6.758360702840117540e+01 7.362674838725966708e+01 6.041601393557035493e+01 6.041601393036613388e+01 7.890017976292465107e+01 7.976783002487415786e+01 5.996955189645925088e+01 4.793595728090640051e+01 5.590516504307242940e+01 3.588797234278992221e+01 5.051088574906180639e+01 7.138244752661154280e+01 6.832010371340271604e+01 8.437953455923366164e+01 9.295055879155729883e+01 1.009879410419678294e+02 9.950946325699575823e+01
1.907142672050367338e+01 3.937334525213414338e+01 4.798295434088297640e+01 6.282702462741686844e+01 6.211857017585584373e+01 5.393662161851558068e+01 4.226356127479587599e+01 6.198984200302560055e+01 6.814529153134731132e+01 5.977651718350068677e+01 5.400988178837863529e+01 4.526859223911704078e+01 2.614947078002373004e+01 4.616125604962590501e+01 4.747258191611260258e+01 2.775837726222103186e+01 2.819419877445600875e+01 3.004731591071692165e+01 3.944192639652195709e+01 5.322497837656436559e+01 6.108389673735512559e+01 5.719605542754367633e+01 4.722393616014569773e+01 6.582986326412583367e+01 8.061444540825043248e+01 7.603838076881106645e+01 6.670695192040909660e+01 4.173004645257041290e+01 4.539728987849841246e+01 3.531127559362845147e+01 5.884861922148717639e+01 6.812903178699781392e+01 5.701643544852304757e+01 6.585463967615520176e+01 7.927164786881556324e+01 9.853400733703911385e+01 1.036949478162572120e+02
3.907654760424129137e+01 1.960274891695006971e+01 3.974622923100307048e+01 4.801097507331176928e+01 4.715293216916250429e+01 3.415893819414202426e+01 5.393662161851558068e+01 7.017627720347374520e+01 5.979097784762651457e+01 3.945951624426064797e+01 4.530377460800534095e+01 2.557930519135372549e+01 4.571919354465180874e+01 3.530740230097103449e+01 5.553889389081403749e+01 5.014032792455697773e+01 4.239768418986206200e+01 2.883119861014552754e+01 4.907391697807667441e+01 3.155952364117998954e+01 3.411909328049819834e+01 3.838865938799188626e+01 5.719556286342934470e+01 6.992770111184387360e+01 6.120813504294709162e+01 5.552834982776916206e+01 6.900264542702301185e+01 5.528781458324563403e+01 3.450577015179177209e+01 5.449359000906126482e+01 4.248140012107104013e+01 4.794253196428716990e+01 6.812916879308164653e+01 8.438207682152349776e+01 9.295055879155729883e+01 9.790005074852301448e+01 8.390792253364604392e+01
3.629985431632348281e+01 3.943323178205607604e+01 2.014665632351376345e+01 3.738117799948782505e+01 2.724226482755722856e+01 4.715293216916250429e+01 6.211857017585584373e+01 5.776497362110117706e+01 4.943485424047323562e+01 4.481427562326923209e+01 2.501813295716388552e+01 4.540218247117538652e+01 4.222270410291639564e+01 4.248219623146299284e+01 6.261026152014242996e+01 6.942588670255548777e+01 5.453667714718572057e+01 3.860199858445063370e+01 2.946116803613151092e+01 2.990014457135860582e+01 3.543658857401733542e+01 4.764923898072061803e+01 5.141312415640515354e+01 4.754335633535736605e+01 5.245065646189727460e+01 4.118473792332643768e+01 5.319928830081071425e+01 5.364414569741794736e+01 3.394085398439150936e+01 4.660070808780029239e+01 5.890683657789180927e+01 6.796378434315377604e+01 7.613027777809729457e+01 7.774944691074847469e+01 9.743879526101414967e+01 8.796594905470057313e+01 6.980216805772828081e+01
5.634903541756614942e+01 4.840681734050907181e+01 4.032216567159025544e+01 2.069573127221337216e+01 4.082694359695742037e+01 4.917972703628479536e+01 6.209190158083752209e+01 4.949196165635084554e+01 3.141087844299858034e+01 2.446309335622110837e+01 4.478350285247925910e+01 5.364463676837588935e+01 5.649202335223254323e+01 5.685339135869557481e+01 5.685649156607277632e+01 7.650908094435908424e+01 6.390072840460410930e+01 5.474929937197782692e+01 3.596035631001973343e+01 4.917279746546576291e+01 3.050390308012951124e+01 3.092144360852036300e+01 3.133125075318418951e+01 3.173713592058503252e+01 3.214259453222423701e+01 3.254793621732944331e+01 3.295466383670818544e+01 3.336248095956070614e+01 4.264036565349110930e+01 3.477998413567215863e+01 5.492034348845992753e+01 6.353407150049579144e+01 5.836066633848479768e+01 7.774943090436730131e+01 8.129656276653525993e+01 7.305524399983094952e+01 5.965915693577021983e+01
4.635082152080133966e+01 4.329152551375891278e+01 2.325023057942838633e+01 4.087998622264959181e+01 2.125573633608285817e+01 3.549905859739325109e+01 4.811691191639325638e+01 5.308743205156850564e+01 3.529915073782208168e+01 2.407007092387341629e+01 2.831781341689139708e+01 5.821938757483749782e+01 7.609190657560338877e+01 7.643952875715827133e+01 7.651016148534081651e+01 8.422850587576874659e+01 7.066091383608504373e+01 5.026128831916966533e+01 4.767272641630253815e+01 5.427507606811671792e+01 5.715562045622145604e+01 5.133062755129277122e+01 3.679956945621196951e+01 3.609733952748700148e+01 5.197276645252294713e+01 5.274810881382924066e+01 5.322479082905230285e+01 4.006700932843114060e+01 5.027502642664985189e+01 5.492348453150332688e+01 3.562418771057085110e+01 4.449763867605636136e+01 6.342643716893924477e+01 6.296094213520860450e+01 6.694768701400725774e+01 5.279793590942495030e+01 7.305524394019010970e+01
4.615608596864387891e+01 2.575667421398445711e+01 4.207595487151192515e+01 4.879644692404234974e+01 4.133735158324429193e+01 2.180793236529354928e+01 3.711332035512449323e+01 4.413998686412680428e+01 4.334043354050940167e+01 2.367320670962314111e+01 3.805041212864247768e+01 5.535923538310267134e+01 6.211630913028438528e+01 7.037617514856574985e+01 6.903118683727193172e+01 7.719918479109435339e+01 7.882002860527173027e+01 7.066773495681674433e+01 6.317934003631911111e+01 7.483583561973070175e+01 5.922717266222661436e+01 4.538062772099098652e+01 5.652064838146856829e+01 5.575184724082029675e+01 4.262594556135221779e+01 5.281722450250793344e+01 6.826715889678688143e+01 6.191287225929490035e+01 6.363363275855675028e+01 6.406160164687469205e+01 5.577872716138985965e+01 3.647862359920917896e+01 5.154982698603057401e+01 4.268045962276300287e+01 4.661848311964532598e+01 6.694768701400725774e+01 6.650150695148039404e+01
3.363512927236617855e+01 2.754310095618957632e+01 4.729924267647503910e+01 5.706419414088013298e+01 3.750403863327669285e+01 2.782082636100679807e+01 2.235018737496868724e+01 2.273003258683997529e+01 2.310498294842087574e+01 2.393553633726203955e+01 4.406375037215659773e+01 4.590858045390887554e+01 4.232885610062430004e+01 5.657875338230960693e+01 4.934447457116137059e+01 6.327131754891177451e+01 8.293674139072724927e+01 8.707153164537477608e+01 8.647797442897356746e+01 8.592713245900885966e+01 7.146212122284764234e+01 5.248378083010605621e+01 7.146212122284764234e+01 6.712182285640862744e+01 4.792411943202299796e+01 6.707520969388600918e+01 6.822557140298158629e+01 8.435943305931523639e+01 7.522686082000551266e+01 6.169181490219109776e+01 4.137845853117590877e+01 5.668444360089804945e+01 3.735548955748236466e+01 5.757769809124124549e+01 6.694768698328239509e+01 6.256684201381038690e+01 4.643884433211171370e+01
3.781724523080998779e+01 2.942250147895725831e+01 4.928347641950886526e+01 6.469560216684661214e+01 4.708484358789819169e+01 2.775242933975036763e+01 3.860188098419290270e+01 4.279774316619856478e+01 2.946743407851310437e+01 3.727116884235774563e+01 2.505534421142160539e+01 2.591597882847380774e+01 4.477224746006363887e+01 3.679856263918718184e+01 5.081477050482560287e+01 7.049923529218418139e+01 8.189153571089093475e+01 6.756642289620877762e+01 8.189153571089093475e+01 9.349126700242328525e+01 7.941117288976920463e+01 6.357317965998522880e+01 7.941117288976920463e+01 7.286146631310163002e+01 5.394564057126907386e+01 7.286143017534149635e+01 8.532383991657972899e+01 8.093827337020547930e+01 6.696035076128367791e+01 4.657882051803130707e+01 6.166100173970387743e+01 5.678481785332341047e+01 3.798771534929041138e+01 5.821872165117337516e+01 5.977842914152753906e+01 4.277762350522726820e+01 6.256684201272786083e+01
5.120335809236454594e+01 3.134627491066732574e+01 4.541899306839569306e+01 6.516805673682021904e+01 5.606433982543639871e+01 4.663712441093819194e+01 3.343995694824351261e+01 4.404329247347373411e+01 4.412004785974610144e+01 3.910946973641336655e+01 4.449038745930648986e+01 4.598547991176355509e+01 2.726150339429572966e+01 4.148130016199888104e+01 6.127536161671641679e+01 7.205870009386316610e+01 6.372956872841888298e+01 5.370708482291766472e+01 6.507784418477368149e+01 8.525985010677429443e+01 8.575773309412190315e+01 8.223861580655668035e+01 9.033777181927115407e+01 7.968102011855830824e+01 6.086202237734352849e+01 7.968102011855830824e+01 8.684600662518965919e+01 6.685097920777143088e+01 5.238975980286028999e+01 6.696054755594607855e+01 7.488606855685918617e+01 6.573452727062174006e+01 5.604586288222706258e+01 3.888619239622634183e+01 3.952768712618881608e+01 4.016920462457228780e+01 6.043377881477081104e+01
