LEM/sinusoidal_perturbations/elevation_000679.asc
nrows	100
cellsize	150.0
xllcorner	0
ncols	100
yllcorner	0
NODATA_value	-9999
[rows 68 to 84 of 100, columns 37 to 73 of 100]
7.488256751846648740e+01 6.697677706617062654e+01 4.735441137238655074e+01 6.697677706617062654e+01 5.961909754774468695e+01 4.214446148221719568e+01 3.502866038358405376e+01 2.653175706184123683e+01 3.306491103924976471e+01 5.121353033186368719e+01 6.159700176114449022e+01 6.977929058203910984e+01 7.842307837281099125e+01 8.820851563240015025e+01 7.978970703557146749e+01 7.135393818817279055e+01 5.851096451542260723e+01 5.436103816621869811e+01 6.842101641401845313e+01 6.000515043846030494e+01 4.574289688224764916e+01 4.160772693946616840e+01 5.969571747615751178e+01 6.352906422567746603e+01 6.382689712503776747e+01 4.574459656209472769e+01 4.676741415106864252e+01 4.779219157935648354e+01 4.882042784511565969e+01 4.985322628186246163e+01 6.979529321074967640e+01 5.281862068240904051e+01 7.292835344510299933e+01 7.508978320948718022e+01 6.349751419483063586e+01 8.202910286828964104e+01 8.653496223903925966e+01
7.660239081638086134e+01 5.859228835495471799e+01 6.120823864539823234e+01 7.516106358344853788e+01 6.865098710654315539e+01 6.018231241056284375e+01 5.051518381934254620e+01 3.075111056661560482e+01 2.725965874994750848e+01 3.383450194480494133e+01 5.163651316143937464e+01 4.955022851428179109e+01 5.869852332330182776e+01 7.421006370836502697e+01 8.339740799140227523e+01 8.685343843400353592e+01 7.269583613760886465e+01 6.853024068435507843e+01 8.272499468150417101e+01 6.752609157385359140e+01 4.736810219417299805e+01 6.159669068612367937e+01 5.622021978965023692e+01 7.566253774964603451e+01 6.891160571028757431e+01 4.808057030367896800e+01 6.681264074515377160e+01 6.773465298449374927e+01 6.286867819583100214e+01 6.977108674044856684e+01 5.133296086898475608e+01 6.572882492356542627e+01 5.431279635487387480e+01 5.539259688396661829e+01 5.647313346032445480e+01 7.618587409687238221e+01 7.900774805293578140e+01
8.596821551196939026e+01 6.974278652565037362e+01 8.090326075666951056e+01 7.693549763774625205e+01 6.870042943044934702e+01 5.683630371554720995e+01 3.705195414433831047e+01 4.943562403989257348e+01 2.777478615231917658e+01 3.162120887474227260e+01 3.499862852889525300e+01 3.916201214895249905e+01 4.517822387617870561e+01 5.392237907946250886e+01 6.852805143662034482e+01 8.970254267245439905e+01 9.277298870510458073e+01 8.863628378072853309e+01 8.634662199341568112e+01 6.613456113867026431e+01 5.180466799802600519e+01 7.205453652538064091e+01 7.164226706032093261e+01 8.377796689139128716e+01 6.304461877338844999e+01 6.903273226207399205e+01 5.159153677646852998e+01 7.270891010032852364e+01 8.300292962478138747e+01 6.758218542718259414e+01 7.128243646549067591e+01 7.631126174315402011e+01 5.904760685739513804e+01 7.508978274173220768e+01 7.615005001791510608e+01 5.802389483645909252e+01 5.928461508505449018e+01
9.716210568408209269e+01 8.906528060240808031e+01 8.273917887909045987e+01 6.288538901006425874e+01 4.896377258928626475e+01 4.386072258755685738e+01 5.683630371574152207e+01 4.854573518467098836e+01 2.829428273176048236e+01 4.807525806005919833e+01 5.326449568976790516e+01 5.854195032908619112e+01 6.541601666240610768e+01 7.421006370836502697e+01 8.339740799140216154e+01 9.282183542127226872e+01 1.010624255269273846e+02 9.911872711282472892e+01 7.892425559180499306e+01 6.462494248745893799e+01 5.793145477795674481e+01 7.815256462635066725e+01 9.391691801373275439e+01 9.279527909324691848e+01 8.448572892160910897e+01 7.535907610490217223e+01 5.415842548642054055e+01 6.927847527818661888e+01 9.003894508826277843e+01 8.182586494023736634e+01 8.627037472486604486e+01 6.647161195568010328e+01 7.878714577656869267e+01 8.704524376262548913e+01 7.194927904183798262e+01 7.776402707116665169e+01 6.136061953093846455e+01
1.036206515437208395e+02 8.368244408120509092e+01 6.961048298783018140e+01 5.823064851582742563e+01 6.870042943043996786e+01 6.360655572390837165e+01 6.167500591266497878e+01 4.907392741548860471e+01 2.881563934348312728e+01 4.908400779420315985e+01 5.565535590253663401e+01 4.135360586955023621e+01 6.127421547299663729e+01 7.142646088785090797e+01 7.669977713080062642e+01 7.307642721374082839e+01 9.148755911056677803e+01 1.003290090449837066e+02 9.318402859801733484e+01 8.483907935783300047e+01 6.557833478654353598e+01 7.817267425459984054e+01 9.849080479436813107e+01 1.000497946317816655e+02 8.329229270032502086e+01 6.230621771569170164e+01 5.728601537491850593e+01 7.243785151223006835e+01 9.308288990291914899e+01 1.020114630349366251e+02 9.200210458266829505e+01 7.214681017739899005e+01 9.200210458266829505e+01 9.179989020965115287e+01 9.179967490302419719e+01 7.755485777053483787e+01 6.377215227205268633e+01
9.131556513150543708e+01 9.427283493951306070e+01 7.437155974335736630e+01 7.219124675969506200e+01 7.398035200204043349e+01 5.372081756095680305e+01 4.205611031827831425e+01 3.486760113241763293e+01 2.933942578985015714e+01 4.808348756139344005e+01 3.552316099619678624e+01 5.565535608150587876e+01 4.730918577831727134e+01 5.166646983984817609e+01 5.696883445757296727e+01 6.355886113265059123e+01 7.236988943388000450e+01 8.628598572109382303e+01 1.060980330771640610e+02 9.412637240565747732e+01 7.568397133357832729e+01 9.412637240565747732e+01 1.061003733683371735e+02 8.576791852587126641e+01 7.107573276323985567e+01 8.169954096780892883e+01 6.061804681573843823e+01 7.300146892875450533e+01 8.764114494955752832e+01 1.079221996343032544e+02 9.865030091199795947e+01 7.870571226549687083e+01 9.865030091199795947e+01 1.117822822261388609e+02 1.056587916667902505e+02 8.589855569258608625e+01 6.634610647614184131e+01
7.756197413656146011e+01 8.777547202760467826e+01 9.427672007480650507e+01 9.206800330183439485e+01 8.275261673631541726e+01 7.069006117184903815e+01 6.170579793108630895e+01 5.397995756699801007e+01 4.962345612883319745e+01 3.008819150766932893e+01 5.039010037620126781e+01 6.386620448511661863e+01 6.711447733027362972e+01 6.564694428696597583e+01 6.780397985169358321e+01 8.327023512987555875e+01 9.148755911056677803e+01 1.003290090449837066e+02 9.996980736515098442e+01 1.042183416025775244e+02 9.589060015680885840e+01 1.042275067237191877e+02 1.026156046054538820e+02 8.223770046822347979e+01 9.172315667101345582e+01 8.508722807219857032e+01 6.420412217353731421e+01 8.508722807259596266e+01 9.903927097997036810e+01 1.107272618082192110e+02 1.069537831925262736e+02 8.862471058526421075e+01 1.069537831925262736e+02 1.141165510087297150e+02 1.025202194355330505e+02 8.850954083279680162e+01 6.897071719076099328e+01
5.726350204789361698e+01 7.440597913932093377e+01 9.805273379153875624e+01 9.321733065223605763e+01 7.909199394334447675e+01 7.089836533949534214e+01 6.009470729013943213e+01 4.017804249330897903e+01 5.093392244269497837e+01 3.062642238585950949e+01 4.511077752369025262e+01 6.489817100773313996e+01 7.751622563284676914e+01 8.537944824966771762e+01 8.754465310165960545e+01 9.577356897488604659e+01 9.394164035526729606e+01 8.548244849213145358e+01 7.948012827531242408e+01 9.397733113344999367e+01 1.144369247559220071e+02 1.190846879923687993e+02 9.891426257811093592e+01 9.670159530564554018e+01 9.603250455836709421e+01 7.555576725171306407e+01 8.508722807259596266e+01 7.009435257413740317e+01 8.209764816067982451e+01 1.024359961053784502e+02 1.169783387519472768e+02 1.086758920912981239e+02 1.169783413338466431e+02 1.057777245234871941e+02 8.571145487339947522e+01 7.450625473236783591e+01 8.850954083283214402e+01
7.756197413656146011e+01 8.778989381224485555e+01 9.279587715348550603e+01 7.541009348343433771e+01 7.089565356185478606e+01 5.122770137503071197e+01 4.646759842388730988e+01 5.414388107627205926e+01 3.476374199624616068e+01 3.116869980747371827e+01 4.809171436654425236e+01 4.961952826304607100e+01 6.899879448361343748e+01 7.206657650080309452e+01 7.425739926404700952e+01 8.272569434580726977e+01 7.586260893410914719e+01 6.507497752035729377e+01 7.948017928714966729e+01 9.997320821181301653e+01 1.019021252319274566e+02 1.103922459912568712e+02 1.190846879923687993e+02 1.168932860661296331e+02 1.043532443892111132e+02 8.588820372480884657e+01 9.903927097997036810e+01 8.209764816067982451e+01 7.708875259108937428e+01 9.157549281866702984e+01 1.117896797224785672e+02 1.266160024835515401e+02 1.236250536390294315e+02 1.036374908720750483e+02 8.360155105532901132e+01 8.054655269889710212e+01 1.005033528095076463e+02
9.176222822260967860e+01 9.931350412295785191e+01 7.949131631648712926e+01 6.547839089051792882e+01 5.892002077755383738e+01 7.089350416106036334e+01 6.631004301100765019e+01 5.723992974900335184e+01 3.722399944767284552e+01 5.148976227208630263e+01 3.195899059546275112e+01 4.763396373060933797e+01 5.549300722692678534e+01 5.178865132473214317e+01 5.399179137905117898e+01 6.791703735249465979e+01 5.560479241670504535e+01 6.987672801661754818e+01 9.031380382786751682e+01 9.150140529036038117e+01 8.121414312747079123e+01 9.848033537813745397e+01 1.063886602569588860e+02 1.124048300359752517e+02 1.144521104662313178e+02 1.002852041136550554e+02 1.107272618082192110e+02 1.024359961053784502e+02 8.437603282233949642e+01 8.806834009336330382e+01 9.825260997426778431e+01 1.183919417062670760e+02 1.153006709153097233e+02 9.509945027015817232e+01 1.036374908700422424e+02 8.745604370787364701e+01 1.076391634237922403e+02
8.317368016675258957e+01 9.934067705119868208e+01 7.949194597157992348e+01 8.530358651095878031e+01 7.844523294198198471e+01 7.895899649115796137e+01 6.371466222480481889e+01 4.375815261730437555e+01 5.723825626054512838e+01 5.904718056487260469e+01 5.086412106295454549e+01 3.276430987822082841e+01 3.512205712667053348e+01 3.750585935512308566e+01 4.262036463761339888e+01 4.778893236770687025e+01 6.698620527152993986e+01 7.018203542725198929e+01 7.347253644571198095e+01 7.087524125346848791e+01 6.933763603016748789e+01 8.600082893099325076e+01 8.568203586553207174e+01 9.174686573429822545e+01 1.075876635815064333e+02 1.204003891020311983e+02 1.189076739730652434e+02 9.877495281766219648e+01 9.614994766117342806e+01 1.083222758402673946e+02 1.165880288931664808e+02 1.266160024835515401e+02 1.236250533618923697e+02 1.093991240403130263e+02 1.159797822272720964e+02 9.752151800212932642e+01 1.159797934602231493e+02
9.177462667578282662e+01 1.076388714235148427e+02 9.934997439853832191e+01 9.873249131450072014e+01 7.884846296865362092e+01 7.074375910845621718e+01 5.086241901226030393e+01 6.371466222480481889e+01 6.740831684979397664e+01 5.512183306534064542e+01 3.403451502015072805e+01 3.337087933602626322e+01 5.375203546039160329e+01 5.770284163672619826e+01 4.136276710770594178e+01 4.408398091072073299e+01 4.682731903943070506e+01 4.997028327953105986e+01 5.318852590483704290e+01 5.654171311337269401e+01 6.088898156146630214e+01 6.538168388920722407e+01 7.102923540927866952e+01 7.833098564465385039e+01 9.303308608641017940e+01 1.136930663171144147e+02 1.271306246222760166e+02 1.189076739730652434e+02 1.163126072772793975e+02 1.245450342963552970e+02 1.267415157187379009e+02 1.252579303196309723e+02 1.274720087348066357e+02 1.295482641906093590e+02 1.260750273488318101e+02 1.177568108203699069e+02 1.260750339674750080e+02
9.238126396673375496e+01 1.008641947138338111e+02 1.091926713344343511e+02 9.771351052576576990e+01 7.884846296865362092e+01 5.899573774625999789e+01 7.074375910845621718e+01 7.163644509150530837e+01 5.766217396090827663e+01 4.023485792668242311e+01 5.453655733916125570e+01 4.708245169998004087e+01 3.424609375381871956e+01 5.729754781107931194e+01 6.150130248133480393e+01 6.421648614890750650e+01 6.698627681065102024e+01 5.573677780535628301e+01 7.347253644571198095e+01 7.691650483000795191e+01 6.933763603016748789e+01 8.600082893099325076e+01 7.993473467677920041e+01 9.908425419680338564e+01 9.529674713903868621e+01 1.159367280010463475e+02 1.212484992816984999e+02 1.128930003990356568e+02 1.212484992816984999e+02 1.209358700778232105e+02 1.067168435964317723e+02 1.052562371799443781e+02 1.074383531962894693e+02 1.274720087388951129e+02 1.314020879541099873e+02 1.230892470053689465e+02 1.279350386889344691e+02
7.249079898774873243e+01 8.979716535451063919e+01 1.009404902582766681e+02 8.105867404266467702e+01 6.960499710849732935e+01 7.884846296865362092e+01 7.810806386787609767e+01 6.519464010531970644e+01 4.551637512832595434e+01 6.049983373468276682e+01 6.171888464818106002e+01 3.513540055331311862e+01 3.798359804477637880e+01 4.959697863968201403e+01 6.897298101997908759e+01 7.841737533214549671e+01 8.411584285897055224e+01 6.338363993240696459e+01 7.611178955243236999e+01 9.676843126622149782e+01 8.121414312747079123e+01 9.848033537813745397e+01 9.460056801255872472e+01 1.091417432071554856e+02 1.159367280010463475e+02 1.205462402522778973e+02 1.112811517465480620e+02 9.305658315150679982e+01 1.112811517465480620e+02 1.109703106792162401e+02 9.274901156153377713e+01 9.129964402812996127e+01 1.111145974595289374e+02 1.234601267822139903e+02 1.230892470053689465e+02 1.029973279727127391e+02 1.088821148103266836e+02
6.140406927701446449e+01 7.299177576699618442e+01 9.305358782128521966e+01 9.771351052576576990e+01 8.946238765075727883e+01 8.370048403519072622e+01 7.021602391209415828e+01 5.066766455143003611e+01 6.519464010531970644e+01 7.313496510183958321e+01 6.020917740325103296e+01 3.576698016249964240e+01 5.028276367727720952e+01 5.478788430530349274e+01 5.211581369466053104e+01 6.535472160480138371e+01 8.352341821600964522e+01 8.426305956079690418e+01 7.812882091586963895e+01 9.907242169221332517e+01 1.019021252319274566e+02 1.103922459912568712e+02 1.152398598902882583e+02 1.199614770934109202e+02 1.141597474903865361e+02 1.121982054743543813e+02 9.234198039352234844e+01 8.320655768248090567e+01 1.029747917752712709e+02 1.026654729157759220e+02 8.289840221714371182e+01 8.385273909274482662e+01 9.522909058152266937e+01 1.150946147404154942e+02 1.230892470053689465e+02 1.029973279727127391e+02 8.889313097421972998e+01
6.881181154997914007e+01 8.886041585593271463e+01 1.014362432869943547e+02 9.940886670885322474e+01 9.006670705955022527e+01 7.584811902210448409e+01 5.661893537787613440e+01 6.216503775699623446e+01 7.810806386786470057e+01 8.286202952538035049e+01 6.610334207391933603e+01 5.537605063262081728e+01 3.665350931889859254e+01 3.828125585939665143e+01 6.336065376058959941e+01 6.736603070435670304e+01 8.027363005103529758e+01 9.895006410785182993e+01 9.907242169221332517e+01 1.076142797573419756e+02 1.144091982733338568e+02 1.062069521926132438e+02 1.062069521926132438e+02 1.001765237365327010e+02 9.438448307552940264e+01 1.083754182384100773e+02 9.598566558572363761e+01 7.619975292986150350e+01 9.598566558572363761e+01 8.908735873112907200e+01 7.540572231750431342e+01 8.938794667333873178e+01 1.092118121981688432e+02 1.170346473318965650e+02 1.180662673332440420e+02 9.801074130233872950e+01 8.395092977546983093e+01
8.739459562644863411e+01 9.717894813280810240e+01 1.047747773768689257e+02 8.597187880820567329e+01 7.295751392204769559e+01 6.346386745438572774e+01 6.792072826727577706e+01 8.121387552547476218e+01 8.910712487553155370e+01 7.491169401081999979e+01 5.697365300950542633e+01 4.788369058504131459e+01 5.260253637427639006e+01 3.752650816181466098e+01 5.949760472474736162e+01 7.011738443078854743e+01 7.618980360326517598e+01 8.346353858951853510e+01 9.231990541507698822e+01 1.045008536235316257e+02 1.062069521926132438e+02 8.643890123530381686e+01 8.643890123530381686e+01 9.736641104796852630e+01 8.041379982426279582e+01 1.001765239228841153e+02 9.069765799694717145e+01 7.088665295056304672e+01 8.369340999174315243e+01 6.926872556787202484e+01 8.072211598601290916e+01 1.005144928297813038e+02 1.111276009718622220e+02 9.682693648562893429e+01 1.111276009718622220e+02 9.942750460582483640e+01 7.950417819008237075e+01
