LEM/sinusoidal_perturbations/elevation_000054.asc
nrows	100
cellsize	150.0
xllcorner	0
ncols	100
yllcorner	0
NODATA_value	-9999
[rows 68 to 84 of 100, columns 0 to 36 of 100]
5.009162696260268353e-03 8.169974971973591238e+00 1.816997497197376887e+01 3.231211059570522082e+01 5.231211059570592425e+01 4.895986044320888197e+01 5.724413172934720961e+01 5.821492263314113558e+01 6.649919396337560329e+01 7.551448729591325559e+01 7.580158666034925830e+01 6.108049712100848438e+01 4.130523380518622645e+01 6.108049712100848438e+01 6.913207183712491144e+01 5.375927828252435603e+01 3.418058875528934237e+01 5.375927828252435603e+01 7.144836463455374087e+01 7.166877755442222053e+01 8.017480432394310697e+01 8.055465417291267727e+01 7.208846953602061092e+01 6.479278425521971485e+01 5.832052412478672920e+01 4.601681877494416995e+01 2.522244564009683643e+01 2.206613312860573828e+01 2.029975450709818219e+01 4.012845555726952540e+01 4.116703553657040260e+01 2.688134529518650950e+01 3.176987943803586845e+01 5.264347877428016886e+01 7.003856333749425289e+01 8.290300191091685633e+01 7.489130741679429093e+01
4.695337527364121070e-03 2.000469533752700713e+01 3.645424621943649157e+01 4.645424621943666921e+01 4.752469434343511523e+01 5.576314271436235970e+01 5.718044691422221604e+01 6.541341803866822602e+01 7.613431974384269552e+01 7.014113734489731655e+01 5.600808419820187822e+01 5.408888572584496757e+01 3.422686429744199899e+01 5.408888572584496757e+01 6.072828557213927780e+01 4.107481702014423064e+01 2.974819326391569874e+01 4.938135021313508588e+01 5.759741864823399027e+01 5.176887110139641379e+01 7.166877755442224895e+01 8.836526052394683006e+01 6.764151052672075082e+01 5.282069711323391914e+01 4.249044546835516911e+01 3.466295758921977921e+01 4.600610337705029451e+01 4.295050689640719099e+01 4.020065936619725733e+01 1.985885439910688177e+01 2.160070449911555457e+01 4.134176094549845004e+01 5.262160670327230605e+01 6.137410590673217570e+01 7.034285862384915333e+01 7.663205907872989542e+01 7.234060821215965120e+01
7.614146464036155443e-03 2.000761414646368053e+01 2.767437109366541392e+01 3.176519575719326127e+01 2.777987292786228224e+01 4.110691932678104621e+01 3.749447643633253335e+01 4.827435416496616938e+01 6.671183632421512755e+01 6.031140014968689655e+01 4.233844203283776153e+01 4.810026093894779819e+01 2.812625466996552959e+01 4.810026093894779819e+01 5.937845270329126635e+01 3.968731941125570017e+01 2.575298390106844693e+01 4.545471882324473967e+01 3.797492099365553742e+01 5.759741860684638226e+01 6.735308526455975198e+01 7.893161448612116260e+01 8.221859535213496883e+01 7.182087988349908869e+01 6.321179193875649815e+01 5.527373811780682900e+01 6.254915607783021869e+01 5.497063914650137662e+01 3.416783430830231794e+01 1.954620780792872381e+01 3.995972476327622047e+01 4.148553972283187363e+01 6.285073666485213550e+01 6.455116963697287247e+01 4.992622415875433006e+01 5.590611794457360162e+01 5.858750141244718179e+01
2.352828262072654761e-03 3.851134553308404929e+00 7.771801843776599661e+00 1.193505417891146436e+01 1.638655032264075828e+01 2.149774645061383538e+01 2.888495539250976307e+01 3.980165149794893154e+01 5.863596655748440867e+01 5.207195443938499579e+01 3.258890718899802152e+01 4.182446402148743658e+01 2.280259056912525040e+01 4.276198321754230847e+01 5.572190104740631256e+01 3.602798363102918699e+01 2.203318948541760491e+01 4.179619849415711030e+01 3.053322928013493964e+01 3.932346426488321356e+01 5.057012710386096899e+01 7.043164004570523673e+01 8.929243654924223961e+01 7.937873521796528564e+01 7.120968399152172879e+01 6.775899486549019457e+01 5.875116883715098481e+01 5.596660082418527793e+01 3.708104032129294580e+01 1.923227355233036207e+01 3.964312536868052916e+01 4.960850674055730991e+01 6.996691109301809774e+01 5.590611794457360872e+01 3.721886077570339069e+01 4.591714275891428798e+01 5.041298828361669848e+01
6.786455232800275850e-03 2.000678645523244370e+01 2.767437109366541392e+01 3.176519575719326127e+01 3.612501638405304050e+01 4.110691932678104621e+01 4.043595639295023858e+01 5.643434915939530327e+01 6.402921451399762987e+01 5.581530215274597140e+01 4.182446402148744369e+01 2.211168244465673993e+01 1.798222723940676815e+01 3.777213505544550287e+01 4.288954960370778480e+01 3.464613995985425987e+01 1.855119997483883054e+01 2.272278508019929077e+01 2.977115910095947626e+01 3.857006055715052639e+01 4.981658717743852804e+01 6.965538912716976938e+01 8.116499935179788849e+01 6.125449651941769247e+01 5.114033345063642599e+01 5.970528254320996808e+01 3.940599928144044384e+01 4.534460536852827062e+01 3.466206547916306846e+01 1.891690556389524147e+01 2.903116103726286212e+01 4.969496829435249907e+01 5.185210301732826110e+01 4.201983906473059704e+01 3.962628149022128099e+01 2.775621827954678267e+01 4.273247131435964974e+01
3.257643153035955173e-03 6.669924309819673880e+00 1.374099212168508721e+01 2.268526403168408834e+01 3.682739965524192627e+01 5.682739917375433691e+01 5.900790811023710347e+01 5.973758221077216746e+01 5.623427290667440559e+01 3.225167765100638917e+01 3.746718268434256771e+01 3.310760905019245826e+01 1.351484686174903338e+01 2.910924120743365151e+01 3.108474845876432013e+01 1.484060268755778900e+01 3.464613995983045669e+01 4.247439574261026252e+01 4.942202656133121508e+01 5.772388437147748874e+01 6.658205470183906982e+01 7.814851635420735931e+01 8.929406135615001006e+01 7.463230564413106549e+01 5.462092039047431058e+01 4.022348413318390214e+01 4.555460862600948246e+01 2.286306638539720737e+01 1.847007534853439026e+01 2.224483847502725098e+01 3.914481797844196365e+01 4.986559988864362936e+01 3.950420761385679214e+01 1.860539162976635907e+01 1.864448064480475864e+01 3.336821798931661931e+01 2.262744311638863692e+01
1.880098487986705483e-03 2.000188009848763215e+01 3.374099209257327203e+01 4.202525467297517281e+01 4.268526382226160365e+01 6.268526026134902907e+01 5.107792135495494534e+01 3.614427216389954367e+01 4.241618994178399760e+01 3.676943846727535714e+01 1.534692369272595158e+01 2.937306033310628095e+01 1.005001744625200644e+01 9.314593654808314582e+00 1.132104228020369874e+01 1.442201915017927405e+01 3.429209741116979870e+01 4.735457490167810590e+01 5.810081996533671855e+01 5.810081996533647697e+01 7.843954481090807462e+01 7.374371692202153383e+01 8.235075699467427057e+01 7.288632789465285100e+01 5.275137315590719567e+01 3.830212557695971043e+01 3.031788115376294357e+01 4.555421698404698105e+01 3.907163914813676797e+01 1.803220150285189405e+01 3.396692623587862414e+01 3.389582197791077789e+01 3.761976161159706322e+01 1.815466191698789444e+01 3.769582228436541982e+01 1.917317255072959270e+01 1.955842352220551561e+01
2.900726248362994839e-03 2.000290068333504578e+01 3.136635128689662366e+01 3.804769322764708050e+01 4.631702262154186656e+01 5.636883815032001621e+01 4.198303370451186822e+01 2.049743435409807546e+01 2.161378664008964634e+01 2.323967152202900621e+01 5.492401166576633464e+00 2.297156020717484637e+01 6.712322469314290885e+00 2.638153254325643005e+01 1.102306058363326891e+01 3.388451286766230908e+01 1.911614775995900217e+01 3.904018761204616084e+01 3.804427620204338467e+01 5.313488022492709462e+01 5.927427544772024248e+01 5.328083654910141576e+01 7.374371692202154804e+01 7.288632789442475257e+01 5.275137315590718856e+01 5.864876485221661540e+01 3.948476246763892306e+01 5.937155643078018841e+01 4.502324390398831611e+01 2.190300811258607894e+01 1.761996939399689310e+01 2.475459404302541344e+01 1.768880946826687861e+01 3.809830755136872682e+01 3.091287577157121191e+01 4.067742288208303592e+01 3.506875781796881597e+01
5.081304048347549951e-03 5.710743315386268115e+00 1.157534539042238997e+01 1.834062926043406705e+01 2.877923390244017199e+01 4.811862019274550306e+01 4.292157345825658155e+01 2.193426481392219074e+01 8.609896126176820985e+00 2.768845661839012262e+00 2.746081578390084488e+00 4.414109694335341061e+00 2.300469080182753956e+01 2.237786659664907063e+01 3.839857096403682846e+01 4.673780626221549284e+01 3.904018761204613241e+01 2.419169305422263250e+01 2.804955766846989818e+01 3.305614931757040864e+01 3.907916946777778833e+01 5.064726504230546311e+01 7.105899082022926905e+01 8.109191983121384339e+01 7.288632789442327464e+01 6.784364688292444612e+01 5.220988055620556878e+01 6.771812105923210368e+01 5.825837410326717247e+01 4.030746342754041223e+01 3.720629766543953565e+01 1.721210151985297898e+01 1.803517754287706865e+01 3.945988211254531564e+01 5.039256138437824006e+01 4.649495114845022670e+01 5.766745939525496567e+01
4.469920835086939326e-03 2.000446987813633726e+01 3.136635128690805985e+01 3.804769322764708050e+01 4.631702413638804927e+01 5.569975510101411231e+01 4.010794302371286335e+01 2.902873997945641094e+01 2.176584384962210450e+01 2.423909678850673544e+00 2.211100381824486050e+01 3.071813502705676768e+00 3.800276742340592318e+00 2.564848709376236968e+01 3.240722641001229931e+01 5.605273920616392758e+01 5.253685734259563844e+01 3.901450329585983923e+01 4.218805289374761713e+01 4.255516018714471471e+01 4.941061854770426010e+01 6.069190580039933280e+01 7.966033158568424710e+01 8.314300767864895647e+01 7.406014371733795087e+01 7.878061813259331814e+01 7.144154586388394534e+01 7.410135259628222570e+01 6.582989156858116075e+01 4.947653313124000363e+01 1.723743028405867150e+01 1.695680736797805821e+01 3.395241333302362108e+01 4.593058109324753246e+01 5.617182947168929985e+01 6.440346024200817965e+01 7.182135985056874006e+01
2.324776005098761877e-03 1.154933015597556967e+01 2.569146476050286410e+01 4.569124513699030388e+01 4.194815867302418155e+01 3.875034672721746887e+01 2.321203590017928065e+01 1.358217388424602312e+01 2.101540907848825857e+00 1.034960764517860454e+01 2.302924094944468081e+01 2.057691758374055269e+01 3.397746966355257747e+00 9.058366448508907709e+00 3.257331485440676744e+01 4.591062785892400910e+01 5.401287109658325392e+01 6.057477778707600891e+01 6.234119133710753857e+01 5.496108290973633359e+01 6.970594435756993335e+01 7.825900581312052395e+01 9.248183184565925785e+01 7.405927472381414134e+01 5.254210176211586258e+01 5.599309765416673201e+01 6.778699139729248202e+01 6.578515276675989298e+01 4.503212330181890621e+01 4.797072980133400222e+01 3.195480307576689327e+01 1.672078549452435325e+01 2.064338830237139177e+01 2.579364842919022038e+01 4.763744319774487934e+01 6.695772995497178215e+01 7.786487380893180443e+01
8.699724428260374037e-03 1.684658047313191531e+01 3.235218007765803350e+01 3.113430262280766314e+01 1.752489381167482208e+01 2.281322129975588808e+01 1.551571387425150661e+00 1.779297133066835457e+00 1.188089882452839063e+01 2.695635689325621343e+01 2.371124253006478710e+01 2.210887544377855463e+01 3.628098333074747384e+00 8.086700253050713272e+00 2.796655623181265327e+01 2.359249571228036757e+01 3.476634396014387107e+01 4.991878827334378599e+01 6.851855668851862902e+01 7.720408015441836369e+01 8.413696334837423763e+01 7.957469581917153789e+01 8.764694099030238306e+01 7.271520994019144268e+01 5.008699810453974521e+01 3.750040452368570243e+01 4.953362315792256254e+01 5.834351727776537189e+01 5.115423159650055851e+01 2.926425282138884398e+01 2.089538697130165090e+01 1.650658082498819823e+01 3.535043239979736285e+01 4.705177029833316737e+01 3.703528055118842843e+01 4.788316186443066869e+01 6.919957765696385366e+01
2.249585233037712084e-03 2.000202958642766760e+01 2.243878988402412133e+01 7.752994121778148395e-01 1.002411781890743425e+00 1.229875965497355672e+00 8.444381006234445763e+00 2.038329959572926064e+00 2.703626530329210809e+01 3.563414897891254896e+01 3.334718261141230755e+01 2.262706074855366367e+01 3.858672976105806729e+00 1.298791788224671251e+01 1.423067162485543768e+01 3.499127803995158814e+01 5.401283567116005457e+01 6.381401811448007066e+01 6.913001276291154795e+01 6.968201658990750502e+01 7.642558648263660359e+01 6.292396487836544594e+01 7.851990237542246120e+01 7.974938650318887312e+01 6.630473018584868328e+01 4.215291099159410493e+01 2.854514181655653360e+01 4.226611069818137878e+01 5.045113331948413560e+01 4.379806417426460285e+01 3.598018699746021554e+01 1.628725001667233485e+01 3.112676840681456270e+01 5.290019331670789171e+01 5.838092740930793667e+01 6.695804801733035561e+01 7.708822853149945331e+01
2.739267172789772273e-04 2.271660863150359588e-01 4.541797350953994949e-01 9.779536561941863937e+00 1.365683526273918602e+01 1.205053172543789186e+00 6.660450113578306741e+00 1.341871418305196784e+01 3.310987336440290818e+01 4.560620463089665577e+01 3.459844146920116970e+01 4.181320383887464409e+00 5.170822147107661415e+00 1.121785467923920976e+01 1.802386766470666757e+01 3.152085887402601116e+01 5.327254595449826979e+01 6.008706228943393057e+01 4.653837505138852038e+01 4.814117733314252234e+01 6.004095208872547573e+01 5.109227632570139832e+01 7.124303148499770089e+01 7.489464720900650718e+01 7.417486086141576607e+01 5.842894086132417897e+01 4.226611069819782074e+01 2.235385836332735465e+01 3.660640081101183085e+01 3.018222260939663926e+01 1.988489947374179678e+01 1.606141612825350151e+01 3.071035474850246416e+01 5.138425311573679721e+01 6.575450960531426858e+01 7.352868167176163183e+01 7.138945423539372825e+01
8.327778614586212741e-03 1.497543916372141304e+01 8.065248541904330715e-01 8.650862009584255219e+00 2.167465468166739129e+01 8.901297498489338267e+00 1.291965399069445652e+01 3.199662679485877348e+01 3.330129399626995479e+01 4.367677604249904988e+01 2.117225794691768925e+01 4.403884316021976275e+00 7.085538080311122755e+00 1.577245415825376362e+01 3.071357976333100481e+01 3.743615669117710354e+01 5.713779814753847575e+01 5.076039316836023119e+01 3.309297261768682574e+01 4.914990279697683917e+01 3.863417068296052292e+01 5.864089908459173728e+01 7.150699780253816584e+01 6.627140786965897234e+01 7.290932502324663744e+01 5.333092776445261762e+01 3.519516236171507018e+01 3.660763095355788010e+01 1.833762861167537750e+01 2.029246979774978143e+01 1.573419196240934426e+01 3.663631709926603008e+01 4.492052943259463405e+01 5.008593687735221067e+01 4.444941394904184762e+01 5.699537670306690984e+01 5.204526281371481389e+01
6.510866554257996840e-03 1.305539275459356574e+01 1.392462287177772495e+01 2.581244583678936522e+01 2.565495661513019598e+01 1.278569672943932112e+01 2.663057360914665139e+01 3.964726685566632369e+01 5.316233079224368652e+01 5.113863186980583464e+01 3.445665122581116435e+01 4.615805139854113115e+00 8.778307290791367734e+00 1.685384819818107616e+01 2.743529192835937636e+01 4.667781015878107809e+01 4.786449460577509996e+01 4.124208526880831016e+01 2.810381060663335973e+01 3.022156419713745024e+01 3.807114766643152137e+01 4.967662886344189843e+01 6.549373556198513313e+01 6.050979220077437759e+01 7.017484855635028396e+01 6.568926946286612178e+01 5.738300062482263542e+01 4.229463007171653288e+01 1.570896456392884488e+01 1.540019170993232045e+01 2.883705152499394231e+01 4.596026375209373782e+01 4.544736648939319679e+01 2.757535717344343595e+01 3.084504868596237515e+01 3.454531263519392326e+01 3.858480483008806772e+01
8.953482861371391335e-03 1.800237808788261873e+01 3.065185492709044723e+01 3.020599550861695093e+01 3.043676850972317283e+01 2.924706425107032359e+01 1.827429640240762510e+01 2.994420386782234189e+01 4.810605014994010276e+01 4.706678743481075600e+01 2.319199370682856554e+01 4.817403920964957287e+00 1.138949720171729574e+01 9.831511439191723767e+00 3.259085212888685845e+01 4.477014985556915860e+01 3.655356108489724676e+01 2.538948611225531593e+01 3.996875520987333630e+01 3.136248801728609337e+01 4.681285155005930676e+01 5.746763844434040180e+01 6.007230183361756559e+01 5.457882801227395930e+01 6.298422075583474111e+01 7.290933195464513972e+01 5.876730046237757676e+01 3.968251590679068386e+01 3.377931184425246158e+01 1.516109822610406788e+01 3.532031391287942057e+01 4.097025846972866958e+01 2.337672826060850184e+01 4.545304965487888182e+01 5.345085409404637744e+01 5.098585178071900970e+01 6.066795222124645193e+01
