LEM/sinusoidal_perturbations/elevation_000742.asc
nrows	100
cellsize	150.0
xllcorner	0
ncols	100
yllcorner	0
NODATA_value	-9999
[rows 68 to 84 of 100, columns 0 to 36 of 100]
5.009162696260268353e-03 1.871644956533902615e+01 1.948878424256955100e+01 2.604486131722419628e+01 7.679239708603303960e+00 2.188918208023139655e+01 2.084225900574201873e+00 2.236428819344183694e+01 2.266055779458296016e+01 4.205804164945175394e+00 9.864462710433407722e+00 2.418663045410402646e+01 4.435276129596001482e+01 4.731134513440419909e+01 3.512642485708154538e+01 2.598756502500602039e+01 5.967841386329419073e+00 1.731429413015731811e+01 3.081410462356907232e+01 2.818697869004249412e+01 3.149496279766945150e+01 3.505684464456619764e+01 3.894101260409966159e+01 4.054027047325748612e+01 5.472583018886913209e+01 4.603452766237317917e+01 5.788748348997603443e+01 7.849766281118466793e+01 8.998003759822233860e+01 7.840158711740050990e+01 6.943986413113822209e+01 5.896584766342712669e+01 3.917328276815155164e+01 2.913017738388058220e+01 4.270452208088431689e+01 2.152562250661818766e+01 3.349856681272781600e+01
4.695337527364121070e-03 5.669195657963753909e+00 2.414292418873969126e+01 3.291872541359765592e+01 1.528952994824714118e+01 3.578651549215437910e+01 3.591849664583278212e+01 3.199517053965024616e+01 1.208632699345046113e+01 1.541778930469636855e+01 3.009315341919412035e+01 2.078849388375221707e+01 4.133181043757330286e+01 4.169598927466687144e+01 1.921619115607513351e+01 1.095303837083281628e+01 9.660982959558557681e+00 6.425963048409752965e+00 2.210417813869944581e+01 1.440754127137299889e+01 1.765506352317253302e+01 2.103339723461078847e+01 2.466932482047426234e+01 2.873965733212854801e+01 3.416545860323066108e+01 4.336508700986772169e+01 5.520803844363047830e+01 7.581384737498241577e+01 9.262561405091500433e+01 8.480603907067900593e+01 7.897329458733419472e+01 5.896584766342720485e+01 5.732492330522661916e+01 4.481969577409901007e+01 2.437001029805297492e+01 2.112512462165911487e+01 2.568465506672182030e+01
7.614146464036155443e-03 2.000754519378182650e+01 1.475752176025943641e+01 3.436541384235089680e+01 3.613828202668756262e+01 2.865676052694719544e+01 4.812308545314958508e+01 3.845046336307968460e+01 1.840440991275158567e+01 3.549964256505195692e+01 4.379662010138248718e+01 3.123211028364112707e+01 4.973846614751204953e+01 5.010860561708138761e+01 2.400833199815372510e+01 2.855425286185676370e+01 1.469044997147153708e+01 6.749557640658241375e+00 9.900264262135875626e+00 3.117890248705584710e+01 3.746023598848778846e+01 4.105584974485157801e+01 4.496019274938208810e+01 4.320717847483739149e+01 4.545690531571649018e+01 6.291694918544887116e+01 7.240799835641868754e+01 8.427504103306365835e+01 8.196032199766391102e+01 6.650274832354500631e+01 8.196099877569903924e+01 7.586875110038555192e+01 5.588979920717379457e+01 4.576324590079778432e+01 3.172275034921486991e+01 3.170516695173156307e+01 2.056216087274152571e+01
2.352828262072654761e-03 2.000235280481858524e+01 3.462198799295794771e+01 2.561532132690453523e+01 4.551009415857879503e+01 4.653247115471540951e+01 4.815073214656650435e+01 4.675471033733956716e+01 2.998530941427830143e+01 3.258562228239430425e+01 5.262335904096007511e+01 4.732769738824931949e+01 6.088104451056394595e+01 5.030855109804614500e+01 3.283827113380798579e+01 2.445481784631745370e+01 2.774855451758188707e+01 7.074403117679068487e+00 1.226876511655181901e+01 3.155282344255829230e+01 4.295529050877108546e+01 5.120047294273364713e+01 6.032151165000242798e+01 6.378415229140652798e+01 6.602504551878134009e+01 7.448128224702217892e+01 7.051362780046748924e+01 7.902116863253314705e+01 7.393590724790803392e+01 5.632159051605420075e+01 6.486652877007254858e+01 7.257373318600920697e+01 5.588530929609720488e+01 3.604912471112391614e+01 3.018052297395942318e+01 2.417578636648448764e+01 2.016793201930961388e+01
6.786455232800275850e-03 2.000678645523240107e+01 3.828752824147662892e+01 4.551009464521521153e+01 4.015586338764195773e+01 6.012263113602019615e+01 6.650290608239538415e+01 5.832389554616869276e+01 5.002372326022659621e+01 5.262335904096610051e+01 6.092383873924622151e+01 6.909934418653614330e+01 6.776615812326666344e+01 5.692559835735018936e+01 4.469863183762736014e+01 2.471865103510054951e+01 1.526316115476768864e+01 7.399435098988012882e+00 2.333628112874257354e+01 1.930927955457437051e+01 2.439542624385672909e+01 3.111305694261957200e+01 4.546738929599970191e+01 6.653490769240613645e+01 6.944444537711433441e+01 6.140274886438167812e+01 5.127854217481423404e+01 6.750193275585084507e+01 8.010909099455562909e+01 6.486652877007254858e+01 4.708850551735085332e+01 5.739624532517552069e+01 6.363911973663273614e+01 5.337396408626224797e+01 2.330840173408984839e+01 1.962111895965598407e+01 3.892702959521363937e+01
3.257643153035955173e-03 1.000325764315312327e+01 2.414539326688763410e+01 4.414539327537668356e+01 6.072510078235397657e+01 6.907915000073137435e+01 6.478075980508786813e+01 5.639141883385050846e+01 5.709169108297005124e+01 6.557135273777956286e+01 7.598908601638540006e+01 6.793817146776964933e+01 5.641338147499767786e+01 4.638173884140659453e+01 3.774072077038307782e+01 4.299803727555722332e+01 2.790805259405251704e+01 7.724445899275572458e+00 2.755846438885972205e+01 3.688894914114511181e+01 4.295529050877108546e+01 5.120047294273364713e+01 6.031659201034961626e+01 6.538626895226556712e+01 5.824529896656606098e+01 4.224685118994482735e+01 4.061893155259843269e+01 5.185149499423835096e+01 7.303625422526850741e+01 6.657309196039742005e+01 4.969585533943175903e+01 3.964715496237862880e+01 5.131146689674848460e+01 5.660062344953826852e+01 3.763035251653840163e+01 1.924954018663730793e+01 3.731882060643843602e+01
1.880098487986705483e-03 1.414704788259956025e+01 3.416513815458786496e+01 3.751693318415855316e+01 4.559889299500652271e+01 5.639123921809951412e+01 5.302029643526052638e+01 3.597378912956527586e+01 3.616955021765026146e+01 4.877689291419506645e+01 7.071342544128853547e+01 6.907622741878876127e+01 5.795164980048697601e+01 4.931601807384625147e+01 4.169214872403777150e+01 3.459573000695981193e+01 2.152030649935273132e+01 8.048878590718222981e+00 2.049031134116284747e+01 3.155973020706327503e+01 3.954737075553673975e+01 5.109879009184544429e+01 5.985297210699661008e+01 4.639243863849288374e+01 5.027578848172105808e+01 3.082224986984745030e+01 5.027250704461879849e+01 5.866114857697055385e+01 6.714789365373060548e+01 7.503027675638729477e+01 5.997939043228457479e+01 4.281083422176569542e+01 3.322226125247108541e+01 4.565957971293344286e+01 4.147127354620187845e+01 2.709805006729566657e+01 1.873357408131643353e+01
2.900726248362994839e-03 2.000290072624800786e+01 2.439762157711714963e+01 1.805283531783664586e+01 3.460359175211687699e+01 3.614561390798981222e+01 3.614561390801422647e+01 2.421588999139998322e+01 4.460329305520516385e+01 5.848968761891512713e+01 6.681613634332497043e+01 6.306223139395370225e+01 3.926263824769865352e+01 2.798431324160972977e+01 2.087122177704444326e+01 1.449307388080774928e+01 9.485895155000148904e+00 8.372566464011004683e+00 2.857816293307013567e+01 1.036598536036815155e+01 2.318044673759312602e+01 4.309421411677201519e+01 5.179987320385648530e+01 3.263714256806943581e+01 3.965131101858512608e+01 2.559057494413725209e+01 3.198573049480701158e+01 3.905719917584229961e+01 5.076616054041780757e+01 7.228226590957342523e+01 6.913303085921604918e+01 5.439575500142238695e+01 3.713226069219837910e+01 2.729217834577022828e+01 3.826401033992609513e+01 1.961885113059125274e+01 1.837087314448152142e+01
5.081304048347549951e-03 2.161737683258752707e+00 4.331052488127112632e+00 6.539742833638760189e+00 2.662422023848850117e+01 3.232911320184062731e+01 1.598376502187887382e+01 1.915477182216346819e+01 3.932804918407094164e+01 3.833633512779112351e+01 5.811484320294121630e+01 7.222007427387781320e+01 5.925105255796972159e+01 4.902069679587751239e+01 3.037529897090305653e+01 3.505314853001427622e+01 2.982857778486593148e+01 1.306810751873263143e+01 8.829538527233932399e+00 9.153012796573325005e+00 2.905616441379854464e+01 3.516518005359123578e+01 3.479348689597489397e+01 3.519639028272352022e+01 1.995412244358021070e+01 3.965130676279712674e+01 5.141415654656062628e+01 5.866514608861935187e+01 6.714571316578462756e+01 7.793181464317632390e+01 6.958525276465930176e+01 6.161426209723239822e+01 4.766262938081737133e+01 3.653957164710622152e+01 2.171769254870511645e+01 1.785205674507820817e+01 3.900701225524726823e+01
4.469920835086939326e-03 1.369518258747506678e+01 2.421881587433903249e+01 2.662422023854752595e+01 9.806475971315085971e+00 1.219821039662794426e+01 3.232911320184920356e+01 3.932804918407094164e+01 2.382569807531992012e+01 3.475218171308417681e+01 5.289638860040801660e+01 6.226470152040623418e+01 7.469483533062415859e+01 5.803636921922556979e+01 4.977063386266524958e+01 4.937195773247460551e+01 3.457477889044142927e+01 1.444762731089800845e+01 2.905196233428942776e+01 2.921392093623070707e+01 9.612195016358411337e+00 2.943371221755852929e+01 1.056006485360547842e+01 1.502710399869938307e+01 3.376445628779178776e+01 3.522733595610462487e+01 4.504352701539188075e+01 4.574452737535801106e+01 5.419657024016301961e+01 6.608316625053122095e+01 6.591005451126892467e+01 4.810845395529442214e+01 4.690155808813042171e+01 2.813416899415161510e+01 2.875251443046443711e+01 1.748422799936696492e+01 4.066013649444251854e+01
2.324776005098761877e-03 2.000214493495512968e+01 3.525756597506360634e+01 3.785244264818344107e+01 2.158721252166358795e+01 3.232911320184921777e+01 2.116976072643393181e+01 4.135721900068028134e+01 4.400915754484286424e+01 2.911008116986555549e+01 3.667671021942301479e+01 4.657291753807830759e+01 6.641610216752158635e+01 6.905405267109152589e+01 5.753054456595658905e+01 4.109569543761481469e+01 2.099764815376325089e+01 3.457477889044142927e+01 3.456667846525041199e+01 3.252737807661232239e+01 1.181063931884998830e+01 1.007553147182526487e+01 1.040611490552522511e+01 2.948131574366548335e+01 3.039793780220321651e+01 1.599460973809714304e+01 3.364483256111167719e+01 2.543575125302225715e+01 3.723395485548463313e+01 5.756227879903770628e+01 6.939385608335607003e+01 4.771188383719650972e+01 3.102921407694628542e+01 1.774255288827936994e+01 1.696411155518675073e+01 3.636541470697181921e+01 3.676893796313845542e+01
8.699724428260374037e-03 1.446119110758686510e+01 3.556885716728897506e+01 4.932625243265801629e+01 4.270755346892475757e+01 4.851099065114601672e+01 2.827706887072851671e+01 4.851099065114601672e+01 5.367586512171309465e+01 3.350504535210459522e+01 5.367586512171309465e+01 6.475223594518085690e+01 7.469483533062415859e+01 6.076870617058347790e+01 4.082733776653534363e+01 2.926801923805149030e+01 3.265369248587003881e+01 4.937195773303423607e+01 5.453887361753540830e+01 4.252105343604259957e+01 3.320981229729667206e+01 3.039776473060630479e+01 1.617538597865622307e+01 1.087890403746381196e+01 1.121954738326034651e+01 1.156131475791905494e+01 1.519076631968763991e+01 3.414010353975833567e+01 5.171826969382061634e+01 6.188137321044440142e+01 6.823309399763095939e+01 5.659603724389844359e+01 4.498751654113061704e+01 2.953041318959515849e+01 1.659579339577130597e+01 1.936315285884668214e+01 2.214004219451830835e+01
2.249585233037712084e-03 2.000224958523268270e+01 3.472608138036032699e+01 4.179713770689716767e+01 5.008092606767876731e+01 5.689771987971836609e+01 3.993540607973854861e+01 5.689771987971836609e+01 5.976194680558566574e+01 3.957669741672594910e+01 4.427482111826660827e+01 5.855632189993773551e+01 7.875159304651147352e+01 6.335927510451382716e+01 4.341359826296157820e+01 4.082735065309903177e+01 5.263850687136370965e+01 6.097262944618783109e+01 6.164667063427541649e+01 5.757823147604241854e+01 3.711831076308232014e+01 3.411918326272461144e+01 1.380489907649715242e+01 3.117891173464842325e+01 2.162634239377179668e+01 3.172954930606177015e+01 1.204768822536522777e+01 2.675173339362816449e+01 3.579770780165944188e+01 5.384964454109867660e+01 6.051644803548028051e+01 4.034161144838747504e+01 2.852126366512165845e+01 3.587250780531147853e+01 1.623074615178507329e+01 3.175268914790180119e+01 2.961075250616575261e+01
2.739267172789772273e-04 2.000027392671409743e+01 1.472610238049672127e+01 2.179717019231226871e+01 3.334417553522345656e+01 5.334409877063220762e+01 6.022545702799046552e+01 6.859998537309837729e+01 6.649837082611908556e+01 4.628909876451871952e+01 6.447137987086820488e+01 6.076688821147071451e+01 8.095447751158286565e+01 7.164749086895159280e+01 6.335927510451382716e+01 6.077408151435023598e+01 6.903820272312380268e+01 5.882540142851807019e+01 4.224050458248703421e+01 4.306562952044662751e+01 3.711831076308232014e+01 1.678980840458178037e+01 3.411918323038066347e+01 4.224016395956927994e+01 3.982423517676736680e+01 3.255634730842471214e+01 1.239289160102291554e+01 2.124276201825563248e+01 4.166981270697817052e+01 5.265460258733748589e+01 4.541360461394776848e+01 4.347424823350248602e+01 3.544669885732960068e+01 1.571399009302909811e+01 1.969586390864018810e+01 4.086165319829961362e+01 4.340452766424234454e+01
8.327778614586212741e-03 5.781830470510818998e+00 2.578181886190948546e+01 4.179713770689716767e+01 5.008092606767876731e+01 6.162757592552382846e+01 5.895732054381412723e+01 6.724159172718668742e+01 7.484353236893784356e+01 6.058190169534029224e+01 6.058190169534029224e+01 8.078199084300726440e+01 8.927820471396242397e+01 8.209621802447196615e+01 6.946363971816984417e+01 6.012718577559410704e+01 5.353622579055186748e+01 4.903742827997500342e+01 3.537074223604238910e+01 2.277900611287419608e+01 1.992628011695483181e+01 2.994408543593477035e+01 4.478262605207067537e+01 4.486999549788552599e+01 2.549811798899467163e+01 1.718808169540482567e+01 1.273957869036516044e+01 3.290446488753177334e+01 3.340384604375681477e+01 3.420564904407852680e+01 2.509497013775044394e+01 3.353898686898394033e+01 1.519752259922278093e+01 3.536009205323947668e+01 3.018638763355022192e+01 4.933868777174990328e+01 6.243797720489505565e+01
6.510866554257996840e-03 3.056482273206345024e+00 2.305648227319811738e+01 3.575801455309198928e+01 4.990015016625255129e+01 4.630820990334112253e+01 3.895732054413046797e+01 5.309945616786092160e+01 7.309945616678211877e+01 8.078199084300726440e+01 8.078199084300726440e+01 8.910516304253525277e+01 8.978646834715863179e+01 7.306301939025874503e+01 5.115284703827936852e+01 4.047196581624439915e+01 3.334473391788184671e+01 3.014860729319172350e+01 2.707490690019628232e+01 4.306427126516555148e+01 2.355733871744174124e+01 4.350984258400539062e+01 5.622113548972549779e+01 4.434638072552203880e+01 4.357630674761908551e+01 3.514183257121064230e+01 1.374764422378187412e+01 1.322872272514438130e+01 1.358679313570803515e+01 1.394607027536479116e+01 1.430846207900013134e+01 1.467885430632266086e+01 2.759934072949952721e+01 4.262736124970904683e+01 5.033840928681730986e+01 5.868952020377531653e+01 6.632764072003662648e+01
8.953482861371391335e-03 2.000895348286101694e+01 7.473743316200189390e+00 2.161587893993088727e+01 3.561776022690645505e+01 2.630820990345739929e+01 4.426018446301345222e+01 4.926018446298402864e+01 5.503368715483242823e+01 6.170035382141633562e+01 6.998462500750969184e+01 7.998462497381036940e+01 8.110553305924531742e+01 6.022678274685900845e+01 4.841484985018549736e+01 3.844795902246094954e+01 5.353734444054234132e+01 4.430451882789781592e+01 5.004811575059274986e+01 4.753100306680376974e+01 2.727584808846595266e+01 4.753100306680376974e+01 6.221328372056155587e+01 6.273175512360107575e+01 4.975196211992010120e+01 2.994026310718230022e+01 3.052132675513396620e+01 1.447974699640716167e+01 2.515547042258360122e+01 3.308658802905864604e+01 3.304834132037888139e+01 1.489172737200303409e+01 3.623881446702448272e+01 5.320643542409666082e+01 4.684924640180828703e+01 4.938378116921343519e+01 4.612101595760684347e+01
