LEM/sinusoidal_perturbations/elevation_000500.asc
nrows	100
cellsize	150.0
xllcorner	0
ncols	100
yllcorner	0
NODATA_value	-9999
[rows 17 to 33 of 100, columns 0 to 36 of 100]
5.222468517465790779e-03 1.414735822129666687e+01 3.414742561882589200e+01 5.185349835550456277e+01 5.430079101171592981e+01 3.242969530489320817e+01 1.676277238755565335e+01 1.716006553796518119e+01 4.503349785723155918e+00 2.124186728513796041e+01 2.959020491354719695e+01 2.619114040527387033e+01 2.173118488673945592e+01 2.948525273929555368e+01 1.565029403937628594e+01 1.737519037818143985e+01 2.164824719889038818e+01 2.627827038182556052e+01 3.137852471648323061e+01 3.831008793231861631e+01 5.057112883373820011e+01 7.147460196180311698e+01 9.100714710539054408e+01 8.266563609051276273e+01 7.684308004215658627e+01 6.318253184431524971e+01 4.314348207679278602e+01 4.737964571128834734e+01 5.737552208892707739e+01 7.178814909857550219e+01 9.215435411791239062e+01 8.445115404056635100e+01 6.952881543239806206e+01 5.916099917055187518e+01 3.930757117296623449e+01 4.902490967853874793e+01 6.331231996864855915e+01
7.333276091007126865e-03 1.414946889982208234e+01 3.414946889982278577e+01 4.292560146650867381e+01 5.292249868913896904e+01 4.775222001341514044e+01 3.213075908407527237e+01 7.205366872401429035e+00 6.508184586243239700e+00 4.932305425885854966e+00 3.400285545571225043e+01 4.390791055634069551e+01 4.372239199061722559e+01 4.101605939968723646e+01 2.037488035978044110e+01 3.793050206565558113e+01 4.234254021889746866e+01 4.712514023666927443e+01 4.623621529227484928e+01 4.853723277696603589e+01 5.559291903912081523e+01 7.637212637915301627e+01 8.266563608721972400e+01 6.230996779405285224e+01 6.827200500328555677e+01 5.964728636346610102e+01 3.976055413454292875e+01 5.964728636346610102e+01 7.594633111330298902e+01 8.610304382723697358e+01 7.712799948233971747e+01 6.872159040578901568e+01 5.613888714742219577e+01 5.617255132311318988e+01 3.814112315149039034e+01 5.783214763621853649e+01 7.559945952796552149e+01
6.343274376862209282e-03 7.077411086249531635e+00 1.463670054693943534e+01 2.463670081362609565e+01 4.463821566463980872e+01 5.405687170395746932e+01 3.055185019258875911e+01 2.604803724139816268e+01 1.602298076225161338e+01 5.226729301564446040e+00 2.759731308555711493e+01 3.458887499879450900e+01 4.292754345374410008e+01 4.962890797604029558e+01 4.102489109662359823e+01 2.804300286637215223e+01 4.278448131599260762e+01 6.370859976840829120e+01 6.719196494062221348e+01 6.341124361644425989e+01 7.637212635152735629e+01 8.242102944602633841e+01 7.406141339557647996e+01 6.827199228797258002e+01 4.809750583131661017e+01 5.678085484380731884e+01 3.700738312956460163e+01 5.283147327057534426e+01 6.117867587986660993e+01 7.278070288326016168e+01 6.872159264111823518e+01 4.856237653524839004e+01 5.446683591949508951e+01 3.650108309475409385e+01 5.010872603602265229e+01 6.590051752177107858e+01 7.266744752956716979e+01
3.497053469895897767e-03 1.414563267720097173e+01 3.414563267720167516e+01 4.292560146650867381e+01 5.293313592665326439e+01 5.049878724386141471e+01 3.663860556856085537e+01 2.140146390706169655e+01 2.125392202865089075e+01 5.519148981047451663e+00 1.601643953617963945e+01 1.341532521108390341e+01 3.460317338561296197e+01 5.030136626852316084e+01 5.750221237109549577e+01 4.278448131600578819e+01 3.842009263620045090e+01 5.059962890456655771e+01 7.143557258897398299e+01 8.401424427905385528e+01 8.242102875895774616e+01 7.073747669623912770e+01 5.380228804217783534e+01 6.064671597612350240e+01 4.067684826594051373e+01 5.123283005484183406e+01 4.911639007601163343e+01 3.314909635745085836e+01 4.436165887696748200e+01 6.440145493128240162e+01 6.115692342742474352e+01 5.279052991920320181e+01 3.486979384090059852e+01 4.081529402691833042e+01 6.186927774746862241e+01 7.747728243921322644e+01 7.196611515083488086e+01
9.635555453094322986e-03 1.155664093924550961e+01 2.569877656297621016e+01 4.569877656297549606e+01 5.050037609920978809e+01 3.132762787170476670e+01 2.931097300873164713e+01 7.375966818110881285e+00 2.283370889254174685e+01 5.809435106529897475e+00 6.897172999253252890e+00 3.185061866554856991e+01 2.115377455679159979e+01 4.211228370269564181e+01 5.897574009953026319e+01 6.370859992052118059e+01 5.059962890456655771e+01 6.793857031725544005e+01 7.990067073776650375e+01 7.275097082082068312e+01 7.406141338481982928e+01 5.380228804217783534e+01 4.240846124713701215e+01 5.239167833824213716e+01 5.088828611783654310e+01 3.142731020379092044e+01 2.938331301188327771e+01 4.770482925022402299e+01 4.884573921891362858e+01 4.998976184209899287e+01 5.113927746746617942e+01 3.324137076993817175e+01 5.279052679997263908e+01 6.099873500294276596e+01 7.399764498840676197e+01 6.687754757178035447e+01 5.776461733279095512e+01
8.845047570523793118e-03 2.000884504757016913e+01 3.718427352603204383e+01 5.109279437478435426e+01 4.533869157525723637e+01 3.339757431407467436e+01 1.625985930770509924e+01 6.514973613045077272e+00 6.221073855774938544e+00 6.656098172465966023e+00 2.982412923540193006e+01 4.588712289872929517e+01 4.211228370269564181e+01 3.025527527454846322e+01 4.513722073833118742e+01 6.491652000721778393e+01 7.143557258853341807e+01 7.990067043206842357e+01 6.698883679239492039e+01 5.256954058838105937e+01 5.742778921798129943e+01 6.587687016250866634e+01 5.239147449867114403e+01 3.262875464802574044e+01 3.969304758306049763e+01 2.554690878909220331e+01 2.675432521647215012e+01 2.797004209291841548e+01 2.918787579943572652e+01 3.039666457033195357e+01 3.158774651756532847e+01 5.113927813506204245e+01 4.909595137514653374e+01 6.922952328847880210e+01 7.294380143166330299e+01 5.226172182194142124e+01 3.865987398549241050e+01
8.023991185656003874e-03 8.952289269471217281e+00 2.309099715288830623e+01 3.715425672836408921e+01 2.885668695682241847e+01 1.867073345393605877e+01 6.944679747201022657e+00 2.201129374023592078e+01 2.700400596127026631e+01 1.219529838470336891e+01 3.390328257131367451e+01 5.161685452203390412e+01 5.896984699194718615e+01 4.513813364000513673e+01 4.513771914317790390e+01 6.493770396014636503e+01 7.610674124817795416e+01 6.776455233712003690e+01 5.848054464886190829e+01 3.863780338974884643e+01 3.755299897405704712e+01 5.010563921971266410e+01 5.471225346174551163e+01 3.676187026308473804e+01 2.402392993518097342e+01 4.402569787693617798e+01 4.657190538489547293e+01 4.186209101164273250e+01 4.299581586584139359e+01 4.422061054079549081e+01 4.506687378352339834e+01 4.529010942487481373e+01 6.540724470073932650e+01 7.763274298696423159e+01 7.404926906250248919e+01 6.578972720802350693e+01 5.444281816223757176e+01
4.598823041778624977e-03 2.000459882304142312e+01 3.718427352603204383e+01 2.897529370307675833e+01 1.121954847509997677e+01 7.385071625471221424e+00 1.141084368400499827e+01 1.493492001562314009e+01 3.470200090256927439e+01 3.390318069603991091e+01 2.090573368934408549e+01 3.652938692246638652e+01 5.816899737713914931e+01 6.495088828026941030e+01 6.493720833490236544e+01 7.286061814875847631e+01 6.449853342782185450e+01 4.767286834696429310e+01 6.449853338346157727e+01 4.593085073082900038e+01 2.608034409909538098e+01 3.199339958994455912e+01 4.686606132600888941e+01 4.169702268935765943e+01 2.298211727519075964e+01 3.530438332209208596e+01 5.660646148060378380e+01 6.181358666388207723e+01 6.296862199830115259e+01 6.439585724694573798e+01 6.418048848222601066e+01 6.535700174632417259e+01 7.382788417720128393e+01 7.410257007609357061e+01 5.352404138258822286e+01 5.716777369623884653e+01 5.408940928862474351e+01
7.340434288523949372e-03 1.414930173482368403e+01 3.413328935143830023e+01 2.820574748913250218e+01 1.151025536900737833e+01 7.697825062741180169e+00 3.279841037199641107e+01 3.469675501951591201e+01 2.441985218304622407e+01 4.363360131253523377e+01 4.286768697544984263e+01 3.272290711809681341e+01 4.384059459431347250e+01 5.912378810295268039e+01 7.973458076695546026e+01 7.035095665771007134e+01 5.027334665910843370e+01 3.625162230707972810e+01 4.677981994137489608e+01 3.970540876051135371e+01 1.961344596966999276e+01 1.960435261524853345e+01 3.827171769399281942e+01 2.152431142484597970e+01 4.003006788751326894e+01 4.914228019995235996e+01 5.899067390674204603e+01 6.277854131177763009e+01 7.131839752029631541e+01 6.797668481333742818e+01 6.989431842137163642e+01 6.851054437463295699e+01 6.655476346723614256e+01 7.401259536550712426e+01 5.717791790828606224e+01 3.733409039364634907e+01 4.422568837100283190e+01
3.515918393995972821e-03 1.502520711499924744e+01 3.476898710386218738e+01 2.401800642217672888e+01 1.401458474717983904e+01 8.008877899976631909e+00 3.015048762208381206e+01 5.106595919003402173e+01 4.014578474631874627e+01 3.727997904319846612e+01 5.512316609199606887e+01 5.451072646996434656e+01 6.305943936719801002e+01 7.352639195920538384e+01 7.188760085519227516e+01 6.400516763307861368e+01 6.449853342782185450e+01 4.677981994137489608e+01 2.693692189931230274e+01 3.875967296361642411e+01 1.914457038469674188e+01 3.920567479851700909e+01 2.006706157703530380e+01 3.872100748589861041e+01 3.595842068856455853e+01 4.596179850581285109e+01 5.202587022589524679e+01 4.291444606474289714e+01 5.265242531383696445e+01 4.403009052882597274e+01 4.907708603841764727e+01 4.724346168943498014e+01 4.841119625414130212e+01 6.038314665622574040e+01 5.322667087300482081e+01 4.373803907263841495e+01 2.577676772019279738e+01
4.608085242692564441e-03 1.423436709943839240e+01 3.412646279634864044e+01 2.726049516317426225e+01 8.445440796993414878e+00 1.279700922483617909e+01 2.563129729011026114e+01 4.741661478046662381e+01 6.125754203866534198e+01 5.512313793032923570e+01 5.879863565428829730e+01 6.245441115507212260e+01 7.366282453791305329e+01 7.179743358265362474e+01 6.155974521385120823e+01 4.679844102025719366e+01 5.140249870370971053e+01 4.127969601175590242e+01 2.998255975536645224e+01 1.867655474296354967e+01 3.458170597033166160e+01 4.574980521204530959e+01 3.701182269620780829e+01 2.055358859612390532e+01 3.665511891451577497e+01 3.944416915850570149e+01 4.068528282891379177e+01 3.235576088507293946e+01 2.483713870420424286e+01 3.160048260986521029e+01 4.732548484153654300e+01 3.228451771353949340e+01 4.354576807244556136e+01 3.915642691826111133e+01 4.469478174377373136e+01 2.525354265586488012e+01 3.938041485861997160e+01
1.610643649003322799e-03 1.490262251938732518e+01 3.629184268308893735e+01 2.712587279143813035e+01 8.753443144672500509e+00 1.515044388538592202e+01 2.849900905626812531e+01 5.140664352550506067e+01 5.182924529755496934e+01 4.351388825599843813e+01 4.505475173856236637e+01 3.932886691285033010e+01 6.547281041617198127e+01 6.396238364797199694e+01 4.679817531973643696e+01 3.652214456688837885e+01 3.998766217470869577e+01 1.824434072739355273e+01 1.821220517069672695e+01 3.436425713764262468e+01 2.867751292784695849e+01 4.793880317902173971e+01 4.471839811434881540e+01 2.165562304532814863e+01 2.103330728314178089e+01 2.136972053242807590e+01 2.170586191629731587e+01 2.204450032168158202e+01 2.238585472119328301e+01 3.355751848677268612e+01 4.057335995669851769e+01 2.369177192204495341e+01 2.403374284133164807e+01 2.437699277494787964e+01 2.473786533767489004e+01 4.394252146001618797e+01 5.304223433198608717e+01
2.022278438842990342e-03 1.431998324608586515e+01 3.461556551064676057e+01 2.731717935123645447e+01 9.061760989834111157e+00 2.801395993179162858e+01 3.969527200168783310e+01 4.344991914190648430e+01 4.055771313106942699e+01 2.381732147571428726e+01 2.287860425549670396e+01 4.277239582209261926e+01 6.465217789540449189e+01 6.785030011007980022e+01 5.045415602098294983e+01 3.794037522657146155e+01 2.684910955721134940e+01 3.541682071699196399e+01 1.788925376157677150e+01 3.912509625162986993e+01 4.790765362720434695e+01 4.038957416953396518e+01 5.520874011902456147e+01 4.806518464463488272e+01 2.928451883694674862e+01 4.246148797644099204e+01 4.163914678492786692e+01 2.989875555944107077e+01 3.975622663607165208e+01 2.286868284932666029e+01 2.320921746693042209e+01 3.468127972099058809e+01 4.185715343132979172e+01 3.656773116250864319e+01 2.505603444909204924e+01 4.507811423598877809e+01 5.428381890444551772e+01
6.642187732006160465e-03 2.000664218773165004e+01 3.174829555143293192e+01 9.130850243759962126e+00 9.370779505547464083e+00 2.944931799449918586e+01 2.725779049858057235e+01 2.455161668058030244e+01 3.085939728537118754e+01 1.175814576096824382e+01 3.226107848004649981e+01 4.086703101224710366e+01 4.884382284728413737e+01 5.744027191823033718e+01 6.013733663892912773e+01 4.390430578141737783e+01 4.425494730022389689e+01 3.313890720965756742e+01 1.757316794074717237e+01 2.958720225288870864e+01 5.169792798398587053e+01 5.332084110138539756e+01 5.765733980105861889e+01 6.164651895003579085e+01 4.247780400032985426e+01 6.045159264553936396e+01 4.515914932019452976e+01 4.052051515817192495e+01 4.925481993311308315e+01 2.993805073172031328e+01 4.369149898909498120e+01 2.872747798079559090e+01 4.749290079326604541e+01 5.189198369142419409e+01 3.939104220536617618e+01 2.679883649109252985e+01 3.702664660609292469e+01
1.591255364720534126e-03 1.154859501970690872e+01 3.154581109327010324e+01 3.097282685436183414e+01 1.567696032514629678e+01 9.810236902054345620e+00 1.012293791120234410e+01 1.044040410066586233e+01 1.076844532069215177e+01 1.111500851851504912e+01 2.282895164062141191e+01 3.325191351928300776e+01 3.124994038109650063e+01 4.893010595467379886e+01 6.583205074380411759e+01 4.629125734214079557e+01 4.052733345390259245e+01 3.438909648859908685e+01 1.726423739313766959e+01 3.962206752706720891e+01 6.096422254012613706e+01 7.268374699205506317e+01 7.498255863071140936e+01 7.673782909360906501e+01 7.043083421761853913e+01 7.143780427896234642e+01 6.324414986756460877e+01 5.360277161237510768e+01 4.186578117173442593e+01 5.014404596674228287e+01 3.422569513014074261e+01 4.849367081531242007e+01 4.840792991012350655e+01 6.845372725876976006e+01 5.499447333592256371e+01 4.670733505879228886e+01 2.864039093115407297e+01
6.189296070378335485e-03 2.000618929607002272e+01 3.982033774965920259e+01 4.097339165604370947e+01 3.136111500913690620e+01 1.198187946141888460e+01 1.175440611168380656e+01 3.028098846831623803e+01 3.073537873299499878e+01 3.106440822790549205e+01 1.163768452081841964e+01 1.990383467041166909e+01 3.365988443356348370e+01 4.546313204297729982e+01 5.591806445154904281e+01 4.306780243475057546e+01 2.669632073725522758e+01 2.970323469814498907e+01 1.696203626625128180e+01 3.831868413711720223e+01 5.986911490879736419e+01 6.962026296787772139e+01 6.140384370630308553e+01 6.963694797336880526e+01 6.802040775885345170e+01 7.684821531077086831e+01 8.115026611635126130e+01 6.955218322859997215e+01 5.175781963320699219e+01 5.756647268720386990e+01 3.792962181115576215e+01 5.756642864856019770e+01 6.966379569172266883e+01 6.930759639138163664e+01 4.689479618045481857e+01 3.676548248573063660e+01 2.988411664223933073e+01
2.247884206357958405e-03 2.000224788420600319e+01 3.000206448164444950e+01 5.000206448164373541e+01 4.777034972506293542e+01 3.917502830985650064e+01 2.810204004788287335e+01 2.677824457086105525e+01 4.731483245825777573e+01 3.952954585571782076e+01 3.147684779267988375e+01 1.216457491030443805e+01 1.654145315875073408e+01 2.466768985447442120e+01 4.711495744225419458e+01 4.636693904224550522e+01 1.917242862028562556e+01 1.654233923718639687e+01 2.620990311050097787e+01 3.537291251564309391e+01 4.788465087090904149e+01 6.007693506473514589e+01 4.266012788389884491e+01 5.781792858704950788e+01 4.967922697821548894e+01 6.036996523388459934e+01 8.002213776463786132e+01 7.925737300201748781e+01 6.551571477005647637e+01 6.256190873999447888e+01 4.197040947293855595e+01 5.641180534508367828e+01 7.805928089438059203e+01 7.876821610809527385e+01 6.505556073284694207e+01 5.398163091534436830e+01 3.252121453910618953e+01
