LEM/sinusoidal_perturbations/elevation_000610.asc
nrows	100
cellsize	150.0
xllcorner	0
ncols	100
yllcorner	0
NODATA_value	-9999
[rows 0 to 16 of 100, columns 37 to 73 of 100]
1.079088672175719950e+02 1.007418180344380119e+02 1.015784172103982428e+02 9.257653036755010589e+01 9.226317307980633586e+01 9.903571937905439881e+01 1.067200871007757002e+02 1.151022101319925781e+02 1.268012450514384710e+02 1.412353338676092278e+02 1.496113298374771148e+02 1.323856601988165380e+02 1.222942033260795966e+02 1.139324593412580384e+02 1.072364924940390978e+02 1.014727225356283355e+02 1.054697634312999668e+02 1.138126983986929730e+02 1.091519122920303175e+02 1.174997664688313961e+02 1.250504255509666791e+02 1.132846767121460658e+02 1.048445110074528799e+02 1.074901006907914649e+02 1.090813292562580301e+02 1.175893775060355182e+02 1.103911373387620358e+02 1.018958859885168380e+02 1.018958859885168380e+02 1.027179826433731762e+02 1.027179826433731762e+02 1.112220908135756190e+02 1.176062672326633702e+02 1.092926024063771280e+02 1.066942037879225325e+02 1.150048881238484313e+02 1.196472234257755929e+02
9.485480710487807698e+01 8.142748165409858530e+01 8.812435272229450334e+01 7.058784791969259231e+01 7.208856202223768150e+01 7.871927625235630899e+01 8.638916112632900024e+01 9.814457901579343968e+01 1.184344489952200377e+02 1.210007323005751516e+02 1.379311023038871440e+02 1.240222088307550337e+02 1.038427098517608727e+02 9.384455879960145808e+01 8.727020767182604288e+01 8.162140651131170443e+01 8.555094861458266564e+01 9.503210514081511917e+01 8.918348952224306458e+01 1.091519122920303175e+02 1.166116813517460571e+02 9.623034445411256854e+01 8.465748647251368197e+01 8.726603536825770391e+01 8.802381784340032311e+01 1.080841196741110650e+02 1.018958859885168380e+02 8.179358154810286408e+01 8.179358154810286408e+01 8.268272077780858353e+01 8.268272077780858353e+01 1.027179826433731762e+02 1.092926024063771280e+02 8.938142944071205420e+01 8.680865300829336206e+01 9.966343545300672702e+01 9.966343545300674123e+01
8.551705808725216684e+01 8.873018338089218560e+01 6.908342971553510381e+01 6.378071509726368760e+01 8.380585412427248571e+01 9.386960539466905118e+01 1.028736547386636317e+02 1.151022101319925781e+02 1.178580614534046163e+02 1.092968592091906288e+02 1.295528812059372399e+02 1.323856601988165380e+02 1.222942033260795966e+02 1.139324593412580384e+02 1.072364924940390978e+02 9.396963033599465120e+01 7.424001986147145260e+01 7.528526056235911312e+01 9.503210514191354719e+01 1.073290096649484013e+02 1.034912008983473868e+02 9.519100264965123870e+01 9.318952695806814290e+01 7.328152604797215020e+01 8.497363671113282635e+01 1.017558071024798068e+02 1.002462071053872279e+02 8.015064241080143859e+01 6.775687144639098847e+01 6.874477037603350027e+01 8.855091311538413379e+01 9.994129518256106337e+01 1.081103305303108471e+02 8.823413936175620620e+01 7.547330349567548069e+01 7.986719738665361490e+01 9.966343545300672702e+01
7.163118724973085705e+01 7.999317525345477975e+01 7.399316742423359017e+01 5.891669573997186404e+01 6.550167508666487493e+01 7.440035064709570634e+01 8.857341714123759857e+01 1.087787829548747709e+02 9.765588720316947047e+01 1.178580614534046163e+02 1.235815391841707793e+02 1.319612031339779037e+02 1.185762780845536213e+02 1.085540792287200418e+02 1.002277756059233695e+02 9.361380910580807324e+01 8.756849943689542215e+01 6.788008338900617389e+01 7.919475538299741402e+01 9.900724653930694785e+01 9.519100264965123870e+01 7.551325820636660069e+01 8.127673611534872578e+01 6.805287030893443045e+01 8.761540015463067732e+01 1.029679616379158347e+02 8.981588454351114592e+01 7.907489860998681763e+01 6.027246540898521232e+01 6.177538627641187219e+01 7.162492940619141280e+01 9.148315867307235294e+01 1.050550373834220608e+02 8.823413936175620620e+01 6.847674631240502663e+01 8.823407138520697401e+01 1.079514625578463267e+02
7.999317525345477975e+01 6.020944238259513526e+01 5.416544198021819057e+01 7.399316742423359017e+01 8.550642714448265735e+01 9.386960539466905118e+01 1.028736547386636317e+02 1.111240033699929342e+02 9.103785480914805817e+01 1.111240033699929342e+02 1.033778472901431940e+02 1.202920969750121145e+02 1.102263322207329423e+02 9.022921899111389621e+01 8.038587610557742380e+01 7.385376000208344749e+01 8.403235552618544091e+01 6.433397981815571143e+01 8.403235552618544091e+01 1.003506306129512637e+02 9.519100264965122449e+01 7.551325820636660069e+01 6.167119789892863935e+01 8.127673611534872578e+01 9.427662505413425720e+01 9.506514603179815026e+01 7.354328677415912807e+01 6.263967334186542502e+01 5.432786236416521319e+01 7.407363005874650241e+01 8.988584441808765746e+01 9.989232493416680825e+01 8.519750074746634994e+01 8.370132964092715611e+01 6.396090852705209784e+01 8.370148253597012911e+01 1.020918195569854419e+02
7.492554514686467826e+01 6.669082342062310431e+01 5.096058316499373575e+01 7.072529054157192263e+01 8.448130957741217628e+01 9.278242038379492840e+01 1.027937214829353252e+02 1.053256317306995840e+02 8.537429985787657927e+01 1.053256317306995840e+02 9.184515320362528712e+01 1.112963834961799705e+02 1.185762780845536213e+02 1.085540792287200418e+02 1.002277756059233695e+02 8.518809585753574254e+01 6.547545876135612275e+01 6.094063340849891830e+01 7.230616222283903483e+01 9.205762337675454887e+01 9.147856824912204843e+01 7.181572607540000774e+01 5.794958261435257896e+01 7.165816762466695877e+01 9.044949499906567780e+01 9.140732183239724407e+01 8.291634982587611091e+01 7.026899755210155263e+01 5.057957886134245484e+01 7.026899740352857293e+01 8.832262065633763370e+01 9.641387779524067980e+01 8.204917027882724767e+01 6.553140882957559654e+01 5.992413950973060821e+01 7.949276753324764400e+01 8.224017606529953639e+01
5.747427281777590480e+01 4.697828067147252540e+01 5.185646772937742099e+01 5.708316963501884089e+01 6.453729543449168204e+01 7.447748590012513148e+01 9.448514106468668672e+01 1.001742199921594789e+02 8.034225731372521295e+01 9.356356576601476149e+01 8.304895263618050194e+01 9.704687134474261256e+01 1.171691749370641134e+02 1.122160252902912845e+02 1.034980531306562597e+02 8.361590312282224602e+01 7.745616345616710419e+01 5.773325226319644088e+01 7.166672501104211790e+01 9.143310426891201814e+01 8.808567569423310317e+01 6.840741871616172887e+01 5.458489458876428557e+01 7.417104674310726864e+01 8.876963029684492312e+01 8.225579179276618902e+01 6.181988166618734937e+01 6.612956342890528560e+01 4.733196694558786533e+01 6.693015898077295844e+01 6.869685590951519316e+01 8.514058189348099859e+01 7.384374836727697300e+01 5.466016382251778793e+01 7.384365091072960752e+01 7.666093497351867825e+01 6.832026500683164727e+01
4.359110426070168387e+01 6.328504089292337653e+01 7.162936331362109854e+01 7.694317381458247951e+01 6.960213371449728470e+01 8.957533890370895335e+01 1.027937214829353252e+02 1.085227764329505504e+02 9.356356576601476149e+01 7.384978111882855956e+01 8.771492513824894388e+01 1.076832572353309274e+02 1.063890836248298797e+02 9.221108355854720173e+01 9.763299101203904229e+01 7.780983521413291726e+01 6.389562503169916141e+01 5.507742611575962144e+01 6.900971601037350922e+01 8.876780623724998520e+01 8.487582652926974447e+01 6.519819239288429458e+01 5.146616186551327843e+01 6.086126872433779766e+01 7.481544951059134974e+01 7.664857802283539456e+01 5.936727272143687628e+01 4.681847756409926831e+01 4.420614523334222667e+01 6.369609766343288015e+01 5.736824758440376115e+01 6.689489374532773525e+01 6.704531905824619287e+01 5.137428240234941512e+01 7.008969512661347778e+01 5.694904603614839544e+01 7.587037223909072736e+01
4.131467074936927020e+01 6.100658060837736230e+01 7.398007562438313300e+01 8.407810634803318806e+01 8.957533890370895335e+01 8.957533890370896756e+01 1.096174436707145077e+02 1.015470419586482933e+02 8.168316277883596399e+01 7.038836826030014038e+01 8.543758771866299639e+01 9.371194668284731222e+01 9.644545547564051446e+01 7.826425604927298707e+01 9.644545547564051446e+01 8.627852084720215942e+01 6.652734194376118637e+01 5.261104611334562264e+01 7.231232830801506850e+01 8.061675033029266046e+01 8.886452921301449237e+01 7.794097371709224831e+01 5.832462495309736283e+01 4.696007966554770263e+01 6.261311610059522792e+01 6.143971820994567423e+01 6.195584604989615940e+01 4.336212125866515521e+01 6.274599774104966343e+01 4.506846551182582772e+01 6.456295403523088794e+01 4.681904431697122249e+01 4.744439722587307529e+01 4.807229947671315529e+01 6.464966020178302131e+01 5.041047082539306956e+01 6.791716579563397715e+01
5.837197647805188438e+01 4.601056551953831075e+01 5.580733377708196485e+01 6.979479194687804977e+01 8.992609745192241633e+01 1.007079132957296110e+02 1.089757846938233428e+02 1.098934732203605336e+02 9.686508053563822784e+01 7.707208222550283949e+01 6.575076576459794353e+01 8.119181850492471142e+01 8.816732569190313029e+01 6.846278912066637190e+01 8.641501108458741953e+01 8.428622339725345114e+01 6.990543360966324826e+01 5.023933765565202947e+01 6.655725508465428675e+01 6.082062260603463244e+01 8.050923417589402220e+01 8.619243553945881331e+01 7.478149107447926269e+01 6.261155021418657896e+01 4.193585049345615090e+01 4.196661073243516427e+01 4.252970719404920885e+01 6.197489445312928780e+01 6.943367212893308249e+01 5.018715127322508351e+01 4.593763370171090088e+01 6.432423347511291922e+01 6.697097210237652121e+01 6.768816455337203308e+01 4.898125771070712631e+01 6.865544311772468689e+01 5.186874783823436985e+01
6.659351113907570152e+01 4.964153166101097270e+01 6.937867681694319799e+01 7.920187759192235433e+01 8.437438349223646128e+01 8.070350643717976880e+01 9.897119991621828206e+01 1.105212583459716313e+02 1.051917334773608843e+02 9.371194010564744303e+01 8.119181850492471142e+01 6.148667461451211835e+01 7.708301197270490945e+01 6.149724579316420403e+01 6.667344621434307328e+01 6.455062406247469653e+01 6.829083883995922122e+01 6.628706181079951421e+01 4.696927876414660119e+01 6.024223917219956093e+01 7.852569360446830160e+01 7.559069852856625005e+01 6.634062695927883624e+01 5.959688837557992258e+01 4.119637058222506454e+01 6.023905164924267552e+01 4.369325817442257431e+01 6.648705477578012335e+01 7.274271654984451629e+01 5.296369708361649487e+01 6.551019865243328866e+01 6.137448671804046541e+01 7.749616839018038661e+01 6.041875920925983223e+01 4.982052180778287465e+01 6.951427005182992502e+01 7.227503386171261468e+01
7.764074874011956240e+01 6.938407562250540650e+01 5.516886991478311586e+01 5.934898647895214907e+01 6.444136008637897817e+01 7.071435465010335975e+01 8.222950869374452054e+01 1.022515270648082577e+02 1.037087348525844845e+02 8.376917211452459355e+01 6.988399560361480667e+01 6.332204262200006895e+01 5.736099205468772055e+01 5.491679937604348538e+01 5.275317045543921779e+01 5.065598963183803249e+01 4.865791372095376488e+01 4.671245708453565726e+01 4.482070476976353035e+01 6.173727295799626091e+01 7.041198625098125774e+01 6.734814230738443541e+01 4.969484500688733419e+01 4.042026726020705496e+01 5.968672550242147423e+01 6.768966192674268711e+01 5.314261885063329771e+01 7.280543461148053552e+01 7.849192367542403304e+01 5.864268756921624970e+01 7.848301614052179787e+01 7.424899188472589628e+01 8.518835926728549168e+01 7.660558939243615839e+01 5.781804848400356178e+01 5.102516865880364350e+01 7.054991004424188361e+01
7.780514042943354980e+01 8.325918332147345780e+01 7.498989369482684708e+01 7.337649475379743080e+01 7.556096422602713858e+01 9.069180936855501329e+01 8.482716956714735090e+01 1.048503023155464291e+02 1.022051012898304947e+02 8.228944584015683006e+01 8.960933482660770721e+01 8.299078158484539358e+01 6.542073286687643474e+01 6.237626018636322556e+01 7.245561669360361634e+01 6.047518864764025892e+01 6.829083883995922122e+01 6.628706181079951421e+01 5.140022352794601801e+01 4.284592754270951787e+01 6.023465991010668574e+01 6.466542145114713946e+01 5.828081685739119422e+01 3.986346269874038484e+01 5.342520567918797525e+01 7.350345512054698816e+01 7.309735800637173497e+01 6.495418612359704014e+01 8.400644624199603072e+01 6.531545861468002556e+01 8.508015638833684591e+01 9.202813522605214303e+01 9.127769566399518908e+01 7.166018325068648664e+01 7.740549285159346482e+01 7.074391081036716855e+01 5.223845715296858572e+01
7.008943568156111326e+01 7.696695681877153561e+01 8.546409785965369110e+01 9.335375557754217368e+01 9.554279765480148967e+01 1.038139965094130588e+02 1.048503023155464291e+02 1.131152302652892701e+02 1.105758326268115468e+02 9.630561428715355987e+01 9.881161821093522235e+01 7.928407247886948994e+01 8.500355820386116079e+01 7.040968332754559356e+01 8.843524279780022823e+01 7.438959551354345479e+01 8.497580319777584634e+01 6.524091859434602725e+01 7.043687498109939327e+01 6.023466044929097762e+01 4.091657553337228137e+01 4.517561126035139552e+01 3.906193913062944745e+01 4.879354846095087339e+01 5.068568927697716475e+01 6.206838672748150287e+01 8.285166426553202257e+01 7.841125817218443217e+01 8.400644624199603072e+01 7.925481081489057544e+01 7.777888626840672259e+01 9.764388426532647713e+01 9.953001084139992827e+01 9.127788165099501327e+01 8.685378198848901832e+01 6.705873695185211147e+01 5.310214997281409666e+01
6.017003849659130310e+01 5.636959160128077428e+01 7.368048544816168999e+01 8.282775939264867304e+01 9.460615922044674164e+01 1.004825334783204198e+02 9.211134699063796916e+01 9.469560235501202783e+01 1.031238000434981927e+02 1.164477228227367931e+02 1.068569137056420431e+02 9.881161821093522235e+01 9.866605448177253379e+01 8.174949567378875770e+01 9.866605448177253379e+01 9.418285128096339065e+01 9.324079342937412207e+01 8.497580319777584634e+01 7.275777153991600699e+01 5.309298678124146420e+01 3.946017568188336355e+01 5.688544995922202219e+01 3.848002977656061319e+01 5.770189332167318241e+01 7.050855554092068189e+01 7.911683705584097481e+01 9.260069008866770446e+01 9.751442516416383910e+01 1.030922198518286024e+02 9.914378467726078270e+01 9.175904423202278792e+01 1.060329968512374563e+02 1.048752955916824163e+02 9.670394389977846572e+01 8.775982413175948693e+01 6.796776155720931456e+01 5.400227252809491318e+01
3.999789942304995805e+01 4.490506362639419535e+01 5.380372427530004842e+01 6.563391195470828166e+01 8.627849352163035235e+01 8.877677205690669382e+01 7.186420170073472491e+01 7.448478931117007562e+01 9.469560235501202783e+01 1.033252005580038997e+02 9.477520527878729695e+01 1.033252005580038997e+02 1.103367537000382157e+02 1.018043369238928477e+02 9.742082615918866395e+01 8.904487861113975100e+01 8.127029552414650482e+01 7.534149196569279638e+01 6.994518960629309845e+01 6.109169353123328250e+01 3.801719855960480743e+01 3.764875212605312527e+01 5.563121212109570024e+01 5.051868908196969699e+01 6.427598503717258893e+01 8.396161047797032495e+01 9.284202524916639732e+01 1.009564735600161924e+02 9.975377234659886483e+01 1.079242513965715347e+02 1.118511448861247004e+02 1.106800681371208270e+02 9.091484369126054332e+01 7.696200065589546568e+01 8.615104994255126769e+01 7.467851859855615260e+01 5.491051043673438414e+01
6.017003849659133863e+01 6.519564722138429147e+01 5.488283631958265829e+01 6.943823175083645083e+01 9.014457103612653555e+01 8.040439939841783712e+01 6.050916752999064130e+01 7.411009559587863293e+01 9.421626774254301040e+01 9.307570521884784398e+01 7.433524992577517310e+01 8.977063077088719467e+01 9.830146626160403400e+01 1.028139844538261514e+02 8.417287987823121398e+01 7.093375434687581560e+01 6.252190254365781641e+01 5.664646364345368568e+01 5.142747081621931216e+01 4.688521280400099300e+01 5.627022208800394054e+01 3.704166827378572435e+01 5.637013938628993515e+01 7.001074645503621241e+01 7.824045984762109640e+01 8.322353304737943347e+01 7.370261768291838678e+01 8.983013348964253453e+01 8.056692630753016715e+01 9.675567019720025996e+01 1.104714851049249518e+02 1.164413567272928134e+02 9.670388590826213715e+01 8.615144233577048283e+01 6.645028901151825096e+01 6.150967224248874032e+01 7.436839462424472913e+01
