LEM/sinusoidal_perturbations/elevation_000469.asc
nrows	100
cellsize	150.0
xllcorner	0
ncols	100
yllcorner	0
NODATA_value	-9999
[rows 17 to 33 of 100, columns 37 to 73 of 100]
8.283140488598652951e+01 9.097791908038560393e+01 9.538456139520799582e+01 7.657608491304064557e+01 6.304672702590126221e+01 6.441676899877884921e+01 6.467467067149715376e+01 5.961094334228659619e+01 5.432158240264672600e+01 4.557623120014950757e+01 2.313131120117838080e+01 3.924750438188166157e+01 6.106645692356621424e+01 6.451903548453984172e+01 5.719096254794200718e+01 7.695235876812913034e+01 7.882344087899272722e+01 6.273666282902564006e+01 7.883331736058296713e+01 7.971965998673873344e+01 6.075888519354721495e+01 7.974346192237827324e+01 8.209560510685454915e+01 5.970633349260503309e+01 8.156820743833873166e+01 8.727651613514203177e+01 7.672167362185680872e+01 5.995318101442585146e+01 5.751831895859027100e+01 7.743492446837450416e+01 8.709962604769469863e+01 9.151330198542285643e+01 8.032261891756623129e+01 6.027340738537122178e+01 8.033040650528246829e+01 8.706597252200042192e+01 8.045074503837805935e+01
8.855462358515839583e+01 9.404376335213903815e+01 9.288445642921952583e+01 7.409361636065348478e+01 6.049092257443460596e+01 5.031595578046565720e+01 4.397897156480642877e+01 3.821082617875615739e+01 3.287565696329189535e+01 4.479787979320195745e+01 2.260720588483304638e+01 4.125745364737601051e+01 5.072675462161390669e+01 7.294108957602546184e+01 7.132214464073065585e+01 8.494379031398828772e+01 8.763795957960439864e+01 8.020476117011675399e+01 8.763982304495088727e+01 9.011973582015836826e+01 8.146879645782573220e+01 9.013934296800084667e+01 9.045370095064667737e+01 7.593361501029647798e+01 7.593531247818941665e+01 9.696777199522962576e+01 7.986112931104668178e+01 7.986112931104666757e+01 6.383901960457577474e+01 7.743492446837450416e+01 9.733005897150540875e+01 8.818978258879278087e+01 6.815222658155090585e+01 8.033040650528246829e+01 8.863009270502767833e+01 8.808141629959584407e+01 6.789255780592591805e+01
8.821995996450263533e+01 7.418252398335384612e+01 8.821995996450263533e+01 8.744638958685915497e+01 7.791619278450924924e+01 7.004412428348675235e+01 6.464428465497456955e+01 5.959290962730139540e+01 4.812195271750930203e+01 2.578475421941007539e+01 2.209866674734575298e+01 2.925417743373667534e+01 5.627792240196379936e+01 7.940063626574082889e+01 9.054430171016440454e+01 9.012116219213650936e+01 8.191636964602486159e+01 8.448509271911510154e+01 9.269054992123847114e+01 9.360027408999042109e+01 8.535891782865252253e+01 8.715106790108748669e+01 9.548648476197614343e+01 9.692216847875761232e+01 9.696777764096893293e+01 1.049699829625097607e+02 9.975968057611741813e+01 9.197879454045505554e+01 8.372269458885931215e+01 7.447015410716160488e+01 9.434767806949230362e+01 9.422410872050953401e+01 7.421051307896860294e+01 9.422410872050953401e+01 9.666802701774722095e+01 7.653063989980429938e+01 8.808141629959584407e+01
7.999974631170934458e+01 5.984763647925698393e+01 7.999974631170934458e+01 8.817940805544191107e+01 6.751265622586898019e+01 5.201268608176511776e+01 5.535734914610477375e+01 4.736557433443063303e+01 4.279352097249164188e+01 2.140145701809838741e+01 3.374419066712802362e+01 4.354120209171118461e+01 4.525385993972864895e+01 7.009175688852221242e+01 7.767841434653358590e+01 7.508385372597349772e+01 6.194108199499148526e+01 6.454240138454163400e+01 8.448509271911510154e+01 8.207336800193810689e+01 6.536716151396485941e+01 6.712325309551370367e+01 8.385033597708654440e+01 9.651544968597106333e+01 8.813317163310763647e+01 9.023997835511303833e+01 8.876541927623030404e+01 9.697828808105965948e+01 1.026174860093806132e+02 8.593998884373075953e+01 1.026174860093806132e+02 1.012988443142144064e+02 8.128847026057214009e+01 1.012988443142144064e+02 1.033592307883484693e+02 8.328561947654469577e+01 1.033592307883484693e+02
6.267108691760513750e+01 5.178095793648056144e+01 7.238296473886387616e+01 8.175577717692742397e+01 7.130507481092764976e+01 4.961483235518916501e+01 3.288418261026479428e+01 2.565315596222424688e+01 2.072791302857220330e+01 4.158537083342621798e+01 4.927048486559357343e+01 5.908550006006916533e+01 6.812677320956645133e+01 7.658633605643159115e+01 5.868329008718369266e+01 5.479074227019242471e+01 4.991491370688738982e+01 7.038347618410391249e+01 7.661927280703417864e+01 7.299625633498278887e+01 5.337492069300552089e+01 5.519317437163937967e+01 7.557296786438345748e+01 8.521847324388146205e+01 6.884362176660918919e+01 7.040267288088870146e+01 6.892155653866736031e+01 8.296433618249115227e+01 1.027704727575889336e+02 1.058327951390073309e+02 1.141232570905095969e+02 1.096056793270176399e+02 9.283331738306291925e+01 1.096056793270176399e+02 1.116157257062295116e+02 9.337786948485485539e+01 1.116157257062295116e+02
4.121110001680803947e+01 6.267108691760513750e+01 7.577146811221878409e+01 6.150862519967890307e+01 7.577113602270325998e+01 6.470918397621669271e+01 5.286995277026956330e+01 3.157780509536229729e+01 2.025312356309979833e+01 4.213128168848607658e+01 5.074383860537739110e+01 5.128005013844541793e+01 7.057469909554474441e+01 7.573278349454493252e+01 6.073444444985095458e+01 3.932973626204294249e+01 6.073446800944741852e+01 7.037172483850682170e+01 5.580506086992290449e+01 6.467459412308332389e+01 4.336926055715609607e+01 6.467459771522307221e+01 8.384870447762727963e+01 7.663981984424495408e+01 5.794788803728098259e+01 5.612155732273272690e+01 7.621505851094161699e+01 8.614260888859693921e+01 1.059531499697263683e+02 1.132930143531685161e+02 1.050831449712349439e+02 1.132930143532278180e+02 1.128629691585885979e+02 1.211768974245872812e+02 1.215903404855300636e+02 1.133405920918420833e+02 1.215903404855300636e+02
3.515847464569639413e+01 5.713014257613502878e+01 6.650161091396614665e+01 4.645354141715089469e+01 6.650161091396614665e+01 7.314193681968069427e+01 5.300167125624236775e+01 4.212968024940953171e+01 1.977113106441473889e+01 3.865637011454182215e+01 3.167632233122009211e+01 4.471856913969597258e+01 6.552485114817267231e+01 6.743979316275441249e+01 4.640359981602310313e+01 3.333937271552969150e+01 5.546760211756606651e+01 5.945721593137424321e+01 3.962407194484198669e+01 5.203461948815496640e+01 3.741269298368847274e+01 5.934730504917423133e+01 7.193858502427077894e+01 6.363705041813766883e+01 4.876179844336233060e+01 6.934612861434116837e+01 6.628750813328635161e+01 8.034240539320066432e+01 1.001455388317065456e+02 1.034302554818828810e+02 8.539691963680330389e+01 1.034302554818828810e+02 1.068576319968502588e+02 1.150264717509652286e+02 1.200309787800566284e+02 1.119973006427692468e+02 1.200309787800553352e+02
2.974072075135419979e+01 5.195137112543415014e+01 5.805449834952971599e+01 3.633970623322834115e+01 5.805449834952864308e+01 7.189537227063837577e+01 6.536076750843633931e+01 4.000446533705624574e+01 1.927963307036723961e+01 2.437550323612982694e+01 2.392898508973402727e+01 5.390564595835336803e+01 5.372727462272054311e+01 6.103551674023164964e+01 5.050059417346878377e+01 2.802765051695937970e+01 4.410646190823101875e+01 4.469343875186256554e+01 2.929865564659745658e+01 2.952335929603638576e+01 5.203464058417665683e+01 6.670691149739189996e+01 5.831372471392800350e+01 4.234370993403791061e+01 5.771392686609114975e+01 7.759280635159339568e+01 8.614260888859692500e+01 8.614260888859693921e+01 1.059531499697263683e+02 9.524003230401916653e+01 7.565454413496790664e+01 9.524003230401916653e+01 8.645383902703997592e+01 9.842205141625031217e+01 1.068842789140159510e+02 9.269675058989618321e+01 1.019937127833765658e+02
4.492774717426308229e+01 5.081535846905531884e+01 4.313934806296865787e+01 2.914759727758163876e+01 4.217826310598056949e+01 6.349964185984692477e+01 5.740326769755125014e+01 5.462783055423954437e+01 3.579120946986903817e+01 1.857066079158604310e+01 4.041228877244181206e+01 4.219929856124853984e+01 3.219943710729885566e+01 4.183697304465093936e+01 4.273770146665612657e+01 2.755794763558223082e+01 2.188844025659764370e+01 2.240665551004000378e+01 2.292404202254815360e+01 2.309997542723644415e+01 4.953379180916381586e+01 5.317137418868647813e+01 3.619563804888412051e+01 5.831372471392800350e+01 7.193858502427077894e+01 8.616324318245041525e+01 9.029702157902849535e+01 9.850701802499222026e+01 8.816093147616173553e+01 8.002837525723275292e+01 6.912238760051050690e+01 8.597539189085949829e+01 7.384271338281988051e+01 7.246744612797103002e+01 8.974450882274135211e+01 8.316414448685664240e+01 8.230290202910899211e+01
3.611283309410463005e+01 2.939800321284885598e+01 2.115368540936788477e+01 4.313887427333040137e+01 5.973090626928509295e+01 5.087527512792742357e+01 3.537635028172332596e+01 3.877889773427972386e+01 3.916369615179139174e+01 1.805567688877438570e+01 3.984240501527659717e+01 1.909906759778086283e+01 1.961226696989695739e+01 2.012625075062038604e+01 2.064193548376747600e+01 2.115854712350911626e+01 4.330234817104302891e+01 4.448172003180575729e+01 4.525631378537284633e+01 2.360820998743695043e+01 2.691368657326017200e+01 3.048893863265417181e+01 5.317137418868647813e+01 6.670691149739189996e+01 8.447175121343192927e+01 7.625350106304382791e+01 7.043648440185826587e+01 9.029702157902849535e+01 8.002837525723280976e+01 6.059492761821404372e+01 7.297518485012788858e+01 7.085233316175128948e+01 7.944274441883159454e+01 5.806044084338931555e+01 7.945878614269732054e+01 8.298505380015204480e+01 7.090848062819098629e+01
1.438043074676115651e+01 1.431748547916756920e+01 3.322669265117004045e+01 4.455472586373777943e+01 4.916265003251908183e+01 4.192584984145462101e+01 2.078950722475932622e+01 1.693830699742025203e+01 1.731314535488607120e+01 1.784567198295922097e+01 1.836887804934205803e+01 3.732430969372294527e+01 4.117375958531713565e+01 4.213837000522298126e+01 4.116900854198609494e+01 2.519917027098342288e+01 4.862250519248534175e+01 5.693771179984348407e+01 3.864971907852655875e+01 2.419257023747631052e+01 4.668120539962416871e+01 3.929357700213879667e+01 5.590227628247105685e+01 7.178212018954221207e+01 7.625350106304382791e+01 5.612710516282539430e+01 7.625350106304382791e+01 8.805181085386395523e+01 8.816093147525737095e+01 7.297518485012793121e+01 5.349913303064523262e+01 7.296579552545213687e+01 6.820726645590463022e+01 5.167395745586065914e+01 7.192572721343047704e+01 6.304996366805897168e+01 8.298671558773581580e+01
1.382732613188168003e+01 3.531122269443466166e+01 1.480166495534003879e+01 3.636381373905015835e+01 2.936259983219526504e+01 3.765161439700699475e+01 1.642129449570975197e+01 3.820703704073365969e+01 2.094052411170202888e+01 3.964913229926588656e+01 4.015560916111037670e+01 2.486280752165573560e+01 3.770601853343266185e+01 5.690078374108415460e+01 5.626798195060968055e+01 3.935099176753593042e+01 5.781259605119443989e+01 5.181997632841016355e+01 2.920048076598772013e+01 4.023199001507341421e+01 2.497557464517084114e+01 2.552756048600003780e+01 4.182055985628357320e+01 5.764943383071604188e+01 6.954465014175409010e+01 4.894885887732124985e+01 5.962847593536393731e+01 7.982613122608177036e+01 8.274145849775204908e+01 6.312140933924357711e+01 4.892300752922790252e+01 6.457543083728059230e+01 4.776730793296867716e+01 6.820068609082046862e+01 5.588750385474613580e+01 6.022072342684118951e+01 6.475314514388840337e+01
3.476086873541280653e+01 3.987497597759177381e+01 1.933379990250139713e+01 1.527492117596307430e+01 1.560352793528597637e+01 1.593212706957841185e+01 2.217260778960310930e+01 4.615163501212791886e+01 2.755960797437472110e+01 4.948060279422876562e+01 5.214540303154334566e+01 3.024644388759434932e+01 5.181634242562746095e+01 6.482497086936217556e+01 7.056991273096987527e+01 6.266745589300305852e+01 5.712540518605973006e+01 3.493213738897585330e+01 5.181997632841292045e+01 4.696656513820195755e+01 4.753871214744683016e+01 4.814731482813062513e+01 2.631408345778996960e+01 4.901286807829680470e+01 5.850072059141363923e+01 4.192778314822316332e+01 6.333480946839196690e+01 8.084320890025652773e+01 7.816160546376111995e+01 6.491613981751244467e+01 4.428181695813738372e+01 4.368643956019960939e+01 6.457543083728059230e+01 7.645164102387960270e+01 6.265319991957745316e+01 8.029866586882192792e+01 7.895195681420392475e+01
4.113014178239847496e+01 4.886480608929414160e+01 3.054526286198079177e+01 3.060284065905682382e+01 3.659943693098498585e+01 1.873942388086789990e+01 3.486068516803302941e+01 5.503985402478615896e+01 3.787337428762513980e+01 5.853230694164211911e+01 6.073836318363906628e+01 4.049629840191114738e+01 4.164826530264738125e+01 6.276269404721503520e+01 7.443032702541374590e+01 5.403874531881192667e+01 4.123362191821033917e+01 5.105729805798338816e+01 6.555267198922855698e+01 6.810377383123189077e+01 5.938048335940658262e+01 3.738795146406669545e+01 4.901247149565394778e+01 2.710761921997370649e+01 4.988597424369203992e+01 3.573274308509207486e+01 5.193292399373794410e+01 6.583712995726729389e+01 5.786191535436583422e+01 5.801970191049010594e+01 3.934833433959291682e+01 6.097668655210640765e+01 7.284912967536908468e+01 8.975679165626895895e+01 6.979856877068444021e+01 8.975679165626895895e+01 9.881987744374413296e+01
5.642776865946963483e+01 6.162757459977375163e+01 5.324724765092148004e+01 5.296309920270881832e+01 4.856407721903664765e+01 3.069894726921031847e+01 3.362344276673755417e+01 5.558194669990383119e+01 5.087606409740102720e+01 6.810219719967871299e+01 7.009981807661596065e+01 5.300726116529317977e+01 5.140788696776046152e+01 7.117610903166792014e+01 8.267832783059250801e+01 6.674872663611651546e+01 4.588743042932460980e+01 6.086041554260158648e+01 8.004804574054354305e+01 7.136476487741738595e+01 5.060738052444684598e+01 5.938048343355705327e+01 4.597506166383460879e+01 4.988503161318833179e+01 2.790763392572261026e+01 5.076407811833508532e+01 5.231017725667542351e+01 2.963231604513467232e+01 5.498914858335186295e+01 3.565181562055243347e+01 5.801970191049010594e+01 4.971003444410001038e+01 7.009159957719391798e+01 8.897831200622641745e+01 8.975679165626895895e+01 8.394139453876148593e+01 1.037964022479408754e+02
4.658818368282322808e+01 6.170698851111006178e+01 6.858540302772910024e+01 7.218607644969245030e+01 6.171455121771657559e+01 5.294344135032157084e+01 5.558638830894583549e+01 6.412553036303779663e+01 7.170196174058240501e+01 7.996776399039339367e+01 8.189193802532483346e+01 7.352503007972057958e+01 6.334564692300875066e+01 8.032135014057732292e+01 8.264434470518474996e+01 6.265137460696049487e+01 5.068365242486883204e+01 7.110417565981147447e+01 8.919718082533161407e+01 7.963096551534569301e+01 6.286456938528142757e+01 7.561890030870631563e+01 6.728862190625430628e+01 5.892758169927328993e+01 4.918674701656745896e+01 2.872280802383603060e+01 2.932372484803706314e+01 2.993543390241735480e+01 3.214252524621252860e+01 5.504146683620570712e+01 6.635677928977513318e+01 7.009159957719391798e+01 6.080303313329643089e+01 7.494630770584886648e+01 9.478850522041717852e+01 1.037964022479408754e+02 1.119998303722531148e+02
3.140149729759351871e+01 4.860302154372509875e+01 4.789916636843777553e+01 5.305145149293918649e+01 6.755439200647262510e+01 6.691769618453099611e+01 6.922556770314916719e+01 6.956784004977815528e+01 7.788317485883459312e+01 8.350069270631254881e+01 8.202272068530061233e+01 9.021687454062606548e+01 8.370257408288227907e+01 9.203789144473483930e+01 9.079408855577146653e+01 7.598752946028402278e+01 5.585561737464187360e+01 7.015999108596135159e+01 9.005645163897777650e+01 9.119806781322405698e+01 8.297624785681050241e+01 8.613626819225484610e+01 7.801061065247091619e+01 6.573583716984801129e+01 5.417816312118561228e+01 3.132389258763914697e+01 5.224638981857778930e+01 5.295207471360441076e+01 3.087668792719266619e+01 5.317689164689197412e+01 6.305804970892703665e+01 7.680488045800184693e+01 8.075795280422300948e+01 8.075795280422300948e+01 1.005973024442399435e+02 1.120572975329326937e+02 9.983610805131739596e+01
