LEM/sinusoidal_perturbations/elevation_000976.asc
nrows	100
cellsize	150.0
xllcorner	0
ncols	100
yllcorner	0
NODATA_value	-9999
[rows 34 to 50 of 100, columns 37 to 73 of 100]
4.244849716689554953e+01 4.019045389917835109e+01 2.720670072138144491e+01 2.205651343350200833e+01 3.499431159116239343e+01 3.409315893915796636e+01 1.688787733201509766e+01 2.595751905850860197e+01 1.791892234567607289e+01 1.829333300424377029e+01 1.866895426064821706e+01 2.483896421806651134e+01 3.877136457767674926e+01 4.270930147073081429e+01 3.717125273763222282e+01 2.192399510977911703e+01 2.305920705604066612e+01 4.311133538799249010e+01 4.817530496368706139e+01 5.638481026653145278e+01 6.804340713933024176e+01 7.013187332654470652e+01 7.823123780430509555e+01 6.575798399932310190e+01 4.463546351210715102e+01 5.056446949695211401e+01 4.697245270728195976e+01 3.117331915890633098e+01 4.156958399239580615e+01 6.120262082802538117e+01 5.747570757210834103e+01 3.735114744041732848e+01 5.450171951366016287e+01 5.148134181655143493e+01 3.680016521787089800e+01 4.993747445709978905e+01 5.340053478581771174e+01
5.026763069203566658e+01 4.286461469908996946e+01 4.556602494332391018e+01 2.679900699768908723e+01 4.551042154199917178e+01 5.022659367019726773e+01 3.811008819486484356e+01 1.739229699994974609e+01 2.454409267577674214e+01 3.536670275162288846e+01 3.812314714160775253e+01 1.920568044774342553e+01 1.958675681207892438e+01 1.997039456608447239e+01 2.035722743685824909e+01 3.165536270792728502e+01 4.165495417280322954e+01 4.221183095334625790e+01 3.068011797105223337e+01 4.801093147479510748e+01 4.859967965375463450e+01 5.071978219331001725e+01 5.921195304456592368e+01 6.365589643856461066e+01 4.456923731408065237e+01 3.123149972191072266e+01 2.696761478381042565e+01 2.742175008018420712e+01 4.739468973742285840e+01 5.578557794401231007e+01 5.213270923249719857e+01 5.286722828774757943e+01 3.035288579447027146e+01 3.073910637566767434e+01 4.128726941343877854e+01 5.016906729582814961e+01 3.250739444113236942e+01
6.345259297254444419e+01 5.747161528006743936e+01 5.368250599039987492e+01 4.568593408557182300e+01 3.406419416475018380e+01 5.318473246026989187e+01 4.737842937581814340e+01 3.868041758870404578e+01 1.947020514657558010e+01 3.340305631307244028e+01 4.368991874487203830e+01 4.091075901157168460e+01 2.687764403338823271e+01 2.798759003121188371e+01 3.667632828243890941e+01 2.095363371616662462e+01 2.326469230793155063e+01 2.210348147518642392e+01 2.247834125916422465e+01 4.256931184050213801e+01 3.465892557437373966e+01 4.602927877802651579e+01 3.897146649522625950e+01 4.528844974830163039e+01 3.146752376889099168e+01 2.631437561006487869e+01 4.624651519821351542e+01 4.739948235907404239e+01 2.805180699080612428e+01 4.779952461662625041e+01 4.129332130489419228e+01 4.917326925454793951e+01 3.015345909954951154e+01 4.624530588243889184e+01 3.139485457241480759e+01 3.185797193085442203e+01 4.261449560228189171e+01
6.607043742580535195e+01 7.786553727428345439e+01 6.287814419980364278e+01 4.349555422177360242e+01 5.318685051430419719e+01 5.318685051430134081e+01 5.548126554982116687e+01 3.513483945373592832e+01 2.096458284666672967e+01 4.065995759548361832e+01 4.969745638355783512e+01 5.199074207512197887e+01 3.879112230045660681e+01 3.870479319856929834e+01 2.786056885795035143e+01 4.312822246874823406e+01 2.154433940759002297e+01 4.211579662443088523e+01 4.193531987797893379e+01 2.300419817686824686e+01 4.139762762624823722e+01 2.420736641926733412e+01 2.468884323372118317e+01 2.516972331269898433e+01 2.564804722320678110e+01 4.563645391733899714e+01 5.442680382877836109e+01 5.455475366553704220e+01 3.029371888505048815e+01 2.867251179875880140e+01 2.910710186505732722e+01 2.953948701493719753e+01 4.683987373117641795e+01 5.295847397788476485e+01 3.314874966279725044e+01 5.201683615748851253e+01 5.169281428150336666e+01
5.902670087282979239e+01 7.410720216028137486e+01 7.090542964235116585e+01 5.319146504975596912e+01 7.090542964235116585e+01 7.254351205243904133e+01 6.133958814479466071e+01 4.107458518787991153e+01 4.080721546711500736e+01 2.310267196976728954e+01 3.753402013084787825e+01 5.896763805792342339e+01 6.077589182513195709e+01 6.090443050948754689e+01 5.387912129424948660e+01 3.316560474070355014e+01 4.628366727446403672e+01 5.212899995133660269e+01 3.199917664384385318e+01 2.328642852803141494e+01 2.354390379914572051e+01 3.841431574344723288e+01 4.466351970563611218e+01 4.525744839990986890e+01 2.965231769842301901e+01 4.381802281635761176e+01 6.390300010620638460e+01 5.588414016108144722e+01 3.543806267154098322e+01 4.865616142719935766e+01 4.918404611244815072e+01 3.344247004323784012e+01 4.855394958728346211e+01 5.875081531364845944e+01 4.935926887999336543e+01 3.568865866280227550e+01 5.780646839045279251e+01
4.746196844435552009e+01 6.605459018387809067e+01 8.059351857564901422e+01 7.256483519064393306e+01 8.059351857564901422e+01 7.436680647308995162e+01 5.393187371297885591e+01 3.945135120592751576e+01 4.472515168365755756e+01 2.460329366070230606e+01 4.473288604928442425e+01 6.318657784839601277e+01 7.330015721428257791e+01 6.315071481648936924e+01 4.309388009762888316e+01 5.422798460765019968e+01 6.252621685995906375e+01 4.480079277968195584e+01 4.515617028224422569e+01 4.703368797609100227e+01 3.790340486663139075e+01 2.536424474282408781e+01 4.190308396295162652e+01 4.559566972127340279e+01 5.141293813600118767e+01 5.950352405877515594e+01 6.442265654789574114e+01 4.437001185738665754e+01 5.588414032740961090e+01 6.418466664550997791e+01 5.858078104513392503e+01 3.753683923415452028e+01 5.683724020812941546e+01 6.615467809295996915e+01 4.790237647969550494e+01 3.752740813541456788e+01 5.719067202801306138e+01
5.346032154461230590e+01 6.605731820811342914e+01 8.538377292533012053e+01 8.232274750779986050e+01 7.390257464507307361e+01 8.027366834296815057e+01 5.991727503494105633e+01 4.717968698889755075e+01 2.674485900879292188e+01 4.427997425853463653e+01 3.453143256951425855e+01 4.469468920640128573e+01 6.500227802606256944e+01 7.020099544742755882e+01 5.025979048269064720e+01 7.020099544742755882e+01 7.346117893970624380e+01 5.661553174805744959e+01 6.602299121696326267e+01 6.650347065084504550e+01 5.521865587588123248e+01 4.572690001113267755e+01 2.715253962451495440e+01 4.255467623934827515e+01 5.908249074120377742e+01 7.843863921884373269e+01 6.445078071434873834e+01 6.445078071434882361e+01 5.600158493239637636e+01 7.599103609744700805e+01 6.460810450368879287e+01 4.295747174119453149e+01 6.460809798707509799e+01 6.700231532765504028e+01 6.600337576124687189e+01 5.228370604583778203e+01 4.033738934236947671e+01
6.171788701089435847e+01 8.041649559967811456e+01 8.568074188400125024e+01 6.527581728223081825e+01 5.338259666692620442e+01 6.293530278966084524e+01 5.621791449733469648e+01 4.858435949211030902e+01 2.828145240696784057e+01 4.852641394724265922e+01 5.484848356719567875e+01 6.318659996564621650e+01 7.330017043139464761e+01 7.847264806365775769e+01 6.434863258445349743e+01 7.020099544848793016e+01 8.508295637933350974e+01 7.679225421670261653e+01 7.636002308855690046e+01 6.807285666772624211e+01 5.361697397011620581e+01 3.368071823037859502e+01 2.839424725453433140e+01 4.836288816805492985e+01 5.896946014897967103e+01 7.120174012994621648e+01 8.448589051097195579e+01 8.430997405381012300e+01 7.011444775515772676e+01 8.426753939668574844e+01 7.140644689065341311e+01 4.990971651737635995e+01 7.140658356045922517e+01 8.594019261172431356e+01 8.048134133441998017e+01 6.913250972377403514e+01 6.091659287851469173e+01
7.519203020360168921e+01 8.906885266886396835e+01 9.404973062336107148e+01 8.232274750779986050e+01 6.293530278966084524e+01 4.169153758404468846e+01 3.408809324658719220e+01 3.109208426451964513e+01 3.010026017121205300e+01 5.049445041412581503e+01 6.166807399106613730e+01 7.377394740167352438e+01 8.256313272764984390e+01 8.732453442661824283e+01 8.432984926036709794e+01 9.018427656501658873e+01 8.859172335644767315e+01 6.853734218892135743e+01 5.702183501893366468e+01 4.811037877255102302e+01 4.180118156907175830e+01 5.039356641641121826e+01 3.042744318650936108e+01 3.062217757758022074e+01 4.210810841094990309e+01 6.243793765453134625e+01 7.523945116605483463e+01 8.532008325588101627e+01 9.017796586104716994e+01 8.601680781901769990e+01 6.535536625630284391e+01 6.535533192416289694e+01 7.986846378198333696e+01 8.956427553877202286e+01 7.822478367321224368e+01 6.688699242842422166e+01 4.679787838557918889e+01
9.471817746115411296e+01 9.580837942188138356e+01 8.559909765338963439e+01 7.686820548250496188e+01 5.636144043205124632e+01 4.106413719808499252e+01 5.621791449733469648e+01 4.638985528230144695e+01 5.049445041412581503e+01 3.275818282076257759e+01 5.199101011358743563e+01 5.257870305363076113e+01 6.690455920710908799e+01 6.690455920463794826e+01 8.255539086952408923e+01 9.278592341119845344e+01 9.687036577429643103e+01 8.530345733189477642e+01 7.636002308855690046e+01 6.807285667001488605e+01 6.176016604657737474e+01 5.249212046591286196e+01 3.246485644657537506e+01 3.221052811154388706e+01 3.922985016980150874e+01 4.678664776042474216e+01 5.681998894028079405e+01 7.112133302273265656e+01 9.128872427310669480e+01 9.436653129737331369e+01 8.601999258567303741e+01 8.601895082102051049e+01 8.989663683951989981e+01 8.133480484081965756e+01 6.178825873773307364e+01 5.029911012637302292e+01 6.688699242842422166e+01
1.011049145321860010e+02 8.736736882607316090e+01 6.693223641128547285e+01 5.674810957642392140e+01 4.882879428510559450e+01 5.369219418402919075e+01 7.083017498070697116e+01 6.752387539797604177e+01 6.171216167157834320e+01 5.324433087735647518e+01 3.551953788104299292e+01 4.098313088132279347e+01 4.665627774199245437e+01 5.379699863808534133e+01 6.384960766972827173e+01 8.429703657926243920e+01 9.200869545438341390e+01 8.369319813247099660e+01 8.117954596748691642e+01 6.689900064425468429e+01 5.548712217527701540e+01 3.540630691254614248e+01 5.249212207830701971e+01 3.384748694062878371e+01 5.389935623548145571e+01 6.692327174220550035e+01 7.042601060122041190e+01 7.628061229947661559e+01 8.307373215352872364e+01 9.141329113658771632e+01 1.015420048652951124e+02 9.308378161168906217e+01 7.328980863353798725e+01 6.216384789934383548e+01 5.422087813257953570e+01 5.545611882658803893e+01 7.491409745201194426e+01
1.003728494498862460e+02 9.580838792661963055e+01 8.559653350830035379e+01 7.597131712504322820e+01 5.583996065922723062e+01 7.421873906976320256e+01 8.265363160222202055e+01 7.286247944398353127e+01 6.018315141566145599e+01 3.961731856126182549e+01 3.883245389641214729e+01 5.940773641516616976e+01 6.690455920710908799e+01 7.407332212449529152e+01 8.255539086952408923e+01 9.278592341119845344e+01 8.369319813247099660e+01 6.338033120731543590e+01 6.932902662213513167e+01 5.261748108696935589e+01 3.842463555769348460e+01 5.548712217527701540e+01 4.688038556615580887e+01 3.550181355555833562e+01 5.558920181314054076e+01 6.279224792295050861e+01 5.022904747745955945e+01 5.599976961709386103e+01 6.269460624951722139e+01 7.287888065847674568e+01 9.326898451120180766e+01 1.013595206975348191e+02 8.989663684894568974e+01 7.643745483331186108e+01 5.706659795210732966e+01 7.491409745201183057e+01 6.305166462285011164e+01
8.063624897098922872e+01 1.003728494499034696e+02 9.160337256860654520e+01 7.038366143870632641e+01 7.028605858831818409e+01 8.488171258912807104e+01 7.726204251215047236e+01 6.441268551561483946e+01 4.390925825295004614e+01 6.018315141566145599e+01 4.228958340430473584e+01 6.283136701735597285e+01 7.638547202086506616e+01 8.815571971753284686e+01 9.724663761493447112e+01 8.892940419975874988e+01 8.775224692343570609e+01 6.932983218435346373e+01 4.914741465987361124e+01 4.157556300949629247e+01 5.853807119067825226e+01 6.678616650219545647e+01 4.931696629314717484e+01 5.558920181818650263e+01 3.792994055068172798e+01 4.265940307238007989e+01 6.279224793459508902e+01 7.628061229947661559e+01 8.307373219426237654e+01 9.141396020265140976e+01 1.015569973977965788e+02 1.008824495779439729e+02 8.092503375991358894e+01 6.964134654870800034e+01 6.012662914431285088e+01 6.663252872140917304e+01 8.256970128227600014e+01
7.847836542685242023e+01 9.821121329873089678e+01 1.006399712854026518e+02 9.163329021531798446e+01 9.064089781367977139e+01 8.212665083882508554e+01 6.881228596947576648e+01 4.841217789761049772e+01 6.441268551561483946e+01 7.128196980910799141e+01 6.283136701735597285e+01 4.751570395294035620e+01 5.932461871452760249e+01 7.970075691251356886e+01 8.892940419975874988e+01 6.855241648738584104e+01 7.452069800818406975e+01 5.914128025492670560e+01 4.494757296445610706e+01 6.170073533292175938e+01 7.006411644678966866e+01 7.795006607334050841e+01 6.352459261920589739e+01 5.992385336558819375e+01 3.979553191519087108e+01 5.992385334320608337e+01 7.115977906287540122e+01 7.829479970504212361e+01 8.510316479190936434e+01 9.343062406316886381e+01 1.035647417222318012e+02 1.091501597032333706e+02 9.271403270006935315e+01 7.287250584909526196e+01 6.331460774988051554e+01 8.279326901996671495e+01 7.698657498405817989e+01
8.910303555902322614e+01 9.793769129276972762e+01 1.093383694421087000e+02 9.463474716959245825e+01 7.411971401794501446e+01 6.239762439525200222e+01 5.334723938493280571e+01 6.881228596973288347e+01 6.283794244248149852e+01 8.323562713949908698e+01 7.185011936481200223e+01 5.151481408425620145e+01 6.587072896730936122e+01 8.628564475718630433e+01 8.892940419975874988e+01 6.855241648738584104e+01 5.426856888453282579e+01 4.851562774118667676e+01 6.507960256227649154e+01 5.914128025492670560e+01 7.941598081442312207e+01 9.237777941895235756e+01 7.613994307360043479e+01 5.589720115586357707e+01 4.169618143678636102e+01 4.688233710535793364e+01 5.221760954270905586e+01 5.797512673045359577e+01 6.467806987872651803e+01 7.490118906600480386e+01 9.530514104130647013e+01 1.127063026007775761e+02 9.271403256326486542e+01 8.644231841956433016e+01 6.679158497766898961e+01 8.644231864051232606e+01 9.687111427870890168e+01
7.000005683065289475e+01 8.141252525451726285e+01 1.011267086142987210e+02 1.030695658866375197e+02 9.125083835206223171e+01 7.750935535497197293e+01 5.719586467698209020e+01 7.750935535497197293e+01 8.323562713949908698e+01 9.168614264872753949e+01 7.608312845300336846e+01 5.578233002953140129e+01 7.008975984697497097e+01 9.055240022597648419e+01 8.895387508862538084e+01 6.855369449372641100e+01 7.147037509374983699e+01 5.133672032645481664e+01 7.152572339302709281e+01 7.941598081442312207e+01 8.775224693852165103e+01 8.728267103468560606e+01 6.698452393434315866e+01 5.272459790808800761e+01 4.377620303488865261e+01 6.388796758054915870e+01 7.242233923044511812e+01 7.829479970504212361e+01 8.510316479190936434e+01 9.343061921655508684e+01 1.035647269240928665e+02 1.160444812895297559e+02 9.603751130303210459e+01 8.186534906668266842e+01 7.049885750894657122e+01 9.033189797470836879e+01 1.064654488215659995e+02
7.172638681092281843e+01 8.160873749183770087e+01 9.553699788801662862e+01 1.152911475813346414e+02 9.609644446466350587e+01 7.556976008615603746e+01 6.121922979422203070e+01 7.290470827455526148e+01 9.343513296662051459e+01 9.279282815981325427e+01 7.232770914238015791e+01 6.136559092244723246e+01 7.232770914237632098e+01 9.279282815548867802e+01 9.729855312003964229e+01 8.894702462542832677e+01 7.676428044773503245e+01 5.647457848451769991e+01 5.631079064851124372e+01 7.062867005681596311e+01 9.100707830085424632e+01 9.292257956860166246e+01 7.288548514296387282e+01 6.606101043801692185e+01 4.593520457580013527e+01 6.605882680458186940e+01 7.418713423228993520e+01 7.842807744076242216e+01 8.299723260611126818e+01 8.812609581350002941e+01 9.646234516751938770e+01 1.081599686121694930e+02 1.018974186404576869e+02 8.186534906668811118e+01 8.446598929367493724e+01 7.816018144266276124e+01 8.971594337657583651e+01
