LEM/sinusoidal_perturbations/elevation_000575.asc
nrows	100
cellsize	150.0
xllcorner	0
ncols	100
yllcorner	0
NODATA_value	-9999
[rows 34 to 50 of 100, columns 0 to 36 of 100]
2.064481644892168701e-03 1.424678741005927307e+01 3.501793997022527805e+01 3.679682644857479801e+01 4.312133704843407855e+01 5.019232215337947878e+01 5.847445571278249332e+01 6.025418825890099583e+01 5.200855243879568235e+01 3.166859453085412568e+01 5.200855243879568235e+01 5.436624221282572478e+01 3.708175646837769790e+01 3.981837338000017468e+01 6.055590549440717041e+01 6.426462031930626040e+01 4.741904920844935134e+01 4.741904920844935134e+01 6.752874176900083114e+01 8.425919835345187892e+01 9.333826514994849788e+01 7.327360750029978931e+01 7.327360752832454693e+01 6.319780822233250461e+01 4.972485021979530018e+01 2.975921545731280915e+01 4.488247272477136107e+01 4.219608819572270875e+01 4.359161264480668052e+01 3.512796092191250352e+01 1.493703859774766940e+01 1.791813365715339046e+01 3.463057691754340794e+01 1.623469613482430773e+01 1.655959173865369749e+01 1.830950177901246434e+01 3.622630302038292172e+01
2.905961989428186391e-03 2.000290596198907167e+01 2.863189737679849856e+01 1.679688061702531598e+01 2.312143593728734814e+01 3.019250374856212105e+01 4.173950860011885311e+01 6.173908020058686219e+01 6.025883817548620414e+01 4.192240170081706907e+01 6.025883817550032973e+01 6.629077346976724527e+01 5.792762197020942239e+01 6.055590549440717041e+01 6.891411104572786428e+01 7.588634527095115345e+01 6.752874176900083114e+01 5.902870909260474264e+01 7.588634527095115345e+01 9.462528494696810810e+01 8.304164749314583105e+01 7.327360759400734480e+01 5.316959068444354131e+01 5.488788734241038014e+01 3.489154721064014808e+01 4.972427078448109228e+01 5.802871932175696656e+01 5.348818000177138998e+01 4.083259972624247780e+01 2.000147300877921452e+01 3.617694488805556574e+01 1.542218508018756928e+01 1.576419354290268338e+01 1.924076061712730024e+01 2.187804388301758252e+01 2.250515109208448550e+01 4.334460872922088015e+01
3.542675937824442140e-03 4.267557003050015396e+00 8.631914807769826226e+00 1.679688061703095769e+01 3.679683331626346643e+01 5.019232215337947878e+01 5.846733539370608668e+01 7.001986141130278440e+01 7.028736828560681715e+01 6.209470317677423878e+01 7.028736828565139660e+01 7.629148979912842776e+01 7.410870407089014122e+01 7.768826146573569247e+01 6.946393865549057978e+01 7.768826147003946403e+01 7.920637911340274684e+01 7.914000233795573536e+01 8.751639388790651708e+01 8.634687289892583806e+01 6.625128381971155989e+01 5.462461722240385598e+01 4.565366467175897469e+01 4.050932193174823226e+01 5.488788734241038014e+01 6.319401207992543590e+01 5.810478200300482143e+01 4.521707358517770814e+01 2.512489086552487194e+01 4.083259972624247069e+01 4.678040215909006605e+01 3.628462866284496613e+01 1.662446699904615244e+01 3.482790138158393489e+01 2.273946592173027526e+01 3.375031716154561678e+01 4.968871377526312472e+01
3.411803931810562015e-03 2.000341180393145635e+01 2.863189722928435543e+01 3.679683329409497361e+01 3.312680335477054427e+01 5.312638500816644438e+01 5.779095255944919529e+01 6.003426774306687719e+01 5.289593784615564687e+01 6.125908091315963588e+01 7.629148979912842776e+01 5.630993330835016053e+01 5.412291521396105765e+01 6.769657018319723818e+01 4.950412149489174141e+01 6.288226070173944038e+01 5.921503050925110756e+01 7.920637911340274684e+01 8.990451891541903251e+01 8.740548538705664328e+01 6.731421911918475587e+01 5.568764041129825415e+01 6.574671390511925040e+01 5.206136673500132162e+01 6.886997115783998424e+01 6.307592327187813197e+01 4.981976553729819557e+01 3.002283959236568123e+01 4.521707358517770814e+01 5.348818000162319208e+01 5.276883586444097318e+01 3.292280520687597800e+01 1.843619525529368630e+01 3.865429900078065373e+01 3.301419712257742844e+01 2.863205176645280758e+01 4.721268031132206033e+01
3.327314952832964925e-03 1.000332731495291938e+01 2.155033269874563828e+01 4.155033277190426588e+01 5.312638500816644438e+01 5.216839159213786559e+01 3.817961233804476251e+01 3.758197881979734234e+01 3.401583515212745823e+01 5.270984999271086480e+01 7.180535207753423776e+01 5.182089797478916182e+01 3.999579283201495628e+01 4.890732211068451107e+01 3.951917451430605155e+01 4.289680888115667301e+01 6.288351132997865989e+01 6.159261421022978311e+01 8.160982696757062627e+01 9.568225225835469416e+01 8.410105122546643486e+01 6.731421911918475587e+01 8.046619286725628228e+01 7.216629889856588420e+01 6.851397573613844827e+01 5.477462172139777152e+01 3.495519698416843113e+01 4.981976553729819557e+01 5.810483427665906220e+01 6.160333553793686434e+01 5.340242234651924491e+01 4.065137618444465062e+01 2.066569866507332165e+01 4.067290068951287196e+01 5.261161676544936938e+01 4.721268329166777278e+01 3.845768005704299952e+01
6.779948344387334673e-03 1.414891557207521267e+01 3.414891557207450035e+01 4.983461197878882132e+01 4.580426615489173514e+01 4.025239681326061714e+01 2.292246696768939529e+01 2.119515247888174514e+01 3.796046415824591946e+01 5.113015268400000224e+01 5.447186565821430548e+01 5.182089797478916182e+01 3.185398764266173544e+01 2.894439599586097955e+01 3.137950809434661537e+01 5.134746208424856206e+01 4.526531945960898895e+01 5.525904093718723686e+01 6.940819056930321551e+01 8.943084332188259111e+01 9.568225225836363279e+01 8.740548538705664328e+01 8.229684313771799964e+01 7.399083409726252114e+01 6.020331367005278622e+01 4.025702580163603272e+01 5.477462172139777152e+01 6.307592327187813197e+01 7.093919106886562531e+01 5.340946526231655156e+01 3.360300387319536242e+01 2.813319655219140358e+01 2.278653552718524011e+01 3.683104571940540239e+01 5.661536942764590208e+01 6.689829189164663603e+01 5.222333429301703234e+01
9.516927588586143695e-04 1.414308731648968376e+01 3.414308731648897322e+01 4.580426615437262683e+01 2.583392375965385312e+01 2.949853895118082292e+01 1.200182062875721556e+01 1.379785781923545152e+01 2.720973440894141504e+01 3.836397697754726721e+01 3.449315435172883326e+01 4.239140412405242841e+01 2.554895545965914394e+01 4.550857262217968469e+01 5.134746208424856206e+01 3.528706312030472247e+01 5.526556955133569460e+01 6.802697169371882069e+01 8.356667427319491992e+01 8.431627635653143216e+01 9.260658482065241515e+01 8.559193028873858111e+01 6.549824226160833973e+01 5.388767538812077618e+01 4.633712245511907923e+01 5.432255594264606202e+01 6.851397573613847669e+01 7.671997876224939716e+01 5.696862782826370619e+01 4.293162447398162840e+01 4.590154452930273976e+01 2.612478579185372496e+01 4.262807213151896946e+01 3.091611999495381014e+01 5.070788690280708266e+01 6.822551948959564072e+01 7.300880674566916184e+01
1.945935296826602993e-03 1.972938429833067531e+01 2.500242360761962601e+01 2.594723797471158022e+01 2.712766376485867426e+01 9.521131353993828483e+00 2.949851434029369912e+01 3.376946353229893560e+01 1.647017190170559076e+01 1.841219367345154012e+01 2.038167943985157748e+01 2.243145744672669295e+01 4.239140412405242841e+01 5.379087249450518016e+01 6.355515891222367486e+01 5.526556955133569460e+01 3.974460512747157281e+01 5.973571726427421424e+01 6.858370690397137537e+01 6.429439791062468146e+01 8.104936121673947014e+01 9.388616342076265653e+01 8.229684313771799964e+01 6.608295785035883796e+01 5.186608285388178530e+01 7.196775507106120529e+01 8.270539552963077767e+01 7.671997876225104562e+01 5.696862782826370619e+01 6.275366457923332320e+01 4.824756710989993280e+01 2.847962947495615182e+01 4.824756710989993280e+01 5.070788690280708266e+01 4.023713401100139464e+01 5.425939280863379111e+01 7.401530387829298263e+01
5.600688922766023682e-03 2.000560068892241006e+01 3.876001826845774545e+00 5.503578738402713277e+00 7.147568590025078272e+00 2.712762826188948395e+01 2.105936232019358201e+01 4.102667291617117939e+01 2.541241810968993420e+01 3.837682639282614616e+01 2.928851782029368067e+01 4.190582894996109076e+01 3.183500344950837757e+01 4.594952025590829692e+01 6.594366550811409411e+01 6.802697169371064945e+01 5.127869723465133234e+01 4.465795805634820681e+01 4.857565433760638030e+01 5.274372249832818937e+01 6.689218816515747790e+01 8.691518647852409174e+01 9.446858600835635400e+01 7.956758360689018161e+01 5.946032729090367752e+01 7.196775507106120529e+01 9.204534161836700434e+01 8.490975431184043032e+01 7.671997876225108826e+01 6.465186254627401752e+01 4.484505850198079457e+01 3.086557307024661512e+01 5.064633709292119335e+01 6.455838092899669789e+01 6.004576519241857113e+01 5.425939280863378400e+01 7.401530387829298263e+01
8.215197286175309616e-03 1.589354027370366573e+00 1.046470976634621941e+01 2.426749544117903312e+01 2.701174769169782408e+01 2.712766510804303977e+01 3.258575027365133536e+01 4.930600950732955567e+01 3.962590296406072099e+01 4.499441392637283599e+01 4.365104902141806065e+01 4.879032720664076095e+01 4.594951976252794168e+01 4.594952025590830402e+01 6.594366550811410832e+01 7.958157188488596034e+01 7.128822146505292778e+01 5.281735548644877554e+01 6.858374752570111355e+01 7.275678859145573085e+01 6.004697611121508061e+01 7.420160932771428008e+01 9.422766988024928025e+01 8.786805649163845544e+01 7.108029344347477263e+01 8.786805649163845544e+01 8.633529613919067458e+01 7.494901192439300530e+01 6.677909847270025523e+01 6.244886162130839580e+01 5.377926920519972498e+01 3.396484107486790549e+01 3.653989837299560861e+01 5.637113501544617122e+01 7.082465925081278613e+01 7.401530387829298263e+01 8.219164623304736494e+01
2.613274238814250559e-03 2.000261327423845970e+01 2.817090726870414841e+01 2.378635585550158993e+01 4.133597853929172317e+01 4.710149167184565755e+01 5.255719403001840817e+01 6.084089594442919235e+01 5.967656375137205060e+01 6.395912658191993927e+01 6.509903227980986173e+01 6.813479294677527776e+01 6.594359637974028487e+01 6.594366550811410832e+01 7.423179480827619159e+01 8.910423038417631858e+01 8.112370640711637293e+01 6.436785751739853367e+01 8.112370640711637293e+01 8.836205616102212446e+01 6.899731372968828680e+01 7.160318833232007307e+01 9.162903411850057012e+01 9.944989751936576283e+01 9.116143756969205469e+01 9.121231943066216274e+01 7.816408519752708628e+01 5.844470974662981178e+01 4.693546032547329361e+01 4.258749727493361803e+01 3.854313707938699451e+01 5.377714243729089816e+01 5.637111636926862701e+01 4.280166906506103430e+01 6.264669884854950510e+01 8.070437940544228184e+01 9.055657938639787119e+01
7.532853315450405325e-03 1.414969038635496190e+01 3.415203429623089448e+01 4.152851907666765641e+01 4.901457842618031435e+01 5.023542086941198193e+01 5.023450827537745766e+01 5.853335009965586266e+01 6.475225785689983127e+01 5.887528245617495060e+01 5.887520056838771865e+01 6.719393676682256000e+01 7.252699690280310563e+01 7.043770650371290287e+01 7.877026980305618054e+01 6.899619931806196860e+01 8.322342795250611402e+01 8.438936835104809120e+01 9.268353218245790970e+01 9.731777114067277523e+01 8.055825470541661559e+01 9.162903411850057012e+01 8.795404270671306790e+01 1.079808707100657159e+02 9.692563089535900644e+01 7.728341521101195610e+01 6.338144012238124247e+01 5.448964091748863581e+01 6.677909847270025523e+01 6.244886162130839580e+01 4.427369047859799167e+01 6.412487767864313071e+01 6.924862601725823197e+01 4.944260100262745539e+01 5.276031093518636084e+01 6.269034972183921184e+01 8.237582380198585952e+01
6.101047412966256744e-03 2.000610104741260997e+01 2.921719937448640891e+01 4.210949301250725085e+01 4.436957127171110926e+01 3.023942075146362995e+01 3.023941646838843411e+01 5.023450827537741503e+01 4.472472855896889854e+01 3.886340452485178787e+01 3.886340440923994777e+01 5.887519350764422654e+01 5.248414531098904945e+01 5.040630792524626713e+01 6.719073085565810288e+01 5.483908194265669067e+01 7.318804618095118997e+01 8.366851891785978523e+01 7.993363304211558784e+01 8.827687463986718797e+01 1.005854828046617797e+02 1.088801271481572144e+02 1.079808707100657159e+02 1.017138225328603056e+02 9.366303605734449889e+01 9.121231999061990336e+01 8.119990224379408517e+01 6.153266209709708789e+01 8.119990224379408517e+01 7.038727877501051466e+01 5.058548882060581775e+01 7.038727877501051466e+01 7.670437067742375348e+01 5.697878540530263791e+01 7.253308676191254278e+01 8.070437940544228184e+01 9.055657938639787119e+01
6.842009524227352091e-03 1.493430302018558642e+00 1.556580813374048766e+01 2.507843549242386061e+01 2.667018971483652479e+01 1.610159375191527431e+01 3.609584326784797526e+01 3.380567439105617922e+01 3.578190849251442529e+01 2.472801484744100620e+01 4.472465449773192603e+01 4.443161088769812039e+01 3.834950404206365704e+01 3.887049363563028948e+01 5.330724578473317621e+01 4.484829049364466158e+01 5.528444791998030183e+01 6.574583886484607831e+01 5.986906209646311794e+01 7.993363304211558784e+01 8.985907849885417420e+01 1.014895318976213616e+02 9.550149536808999073e+01 8.743471578653536369e+01 7.405790164730385072e+01 9.042334011012798101e+01 8.937100875429877078e+01 7.290814271179075945e+01 8.937100875429877078e+01 7.855468632048695099e+01 5.949849758450916681e+01 7.855468632048695099e+01 8.487463205265093791e+01 6.840075808584346362e+01 8.487463205265093791e+01 9.095466649027893880e+01 9.917367852023974706e+01
1.934550753332892102e-03 2.000193448865073620e+01 3.619406315809033714e+00 5.139978158297108024e+00 6.673908135806884800e+00 2.667018915030231341e+01 3.090977288476093321e+01 1.375420919145339482e+01 1.578489986103818765e+01 3.578184549372716106e+01 4.112187437211537855e+01 2.443580431157008093e+01 2.680917230325570699e+01 2.993210835741785303e+01 3.331163837201788169e+01 3.715854375338516036e+01 4.115529370397116082e+01 4.573833218260269007e+01 5.328556436568885601e+01 6.143940659421400596e+01 7.300085559342340957e+01 9.313691140126708490e+01 8.743471578653536369e+01 6.778526573165950708e+01 6.265867013555718756e+01 8.164338054987474891e+01 9.198039835885423088e+01 9.252665640658241841e+01 1.007287062643879096e+02 8.736770283867717524e+01 7.344275429318813053e+01 8.736770283867717524e+01 9.623992390713191014e+01 8.804731642070684927e+01 8.777811924851175718e+01 7.126037297086445221e+01 8.777811924851175718e+01
4.364784840791047053e-03 2.000436478484043690e+01 1.506086341656722816e+01 2.484588855415947961e+01 2.586308461254063218e+01 8.931238721418939264e+00 1.091153377833676963e+01 3.080674299115382908e+01 3.576520693011557483e+01 1.888948543452367801e+01 2.112552548373693284e+01 4.112188143626698889e+01 4.680463582292036762e+01 3.246431839090373472e+01 5.246037459985512186e+01 5.715570036992952652e+01 5.268832208957403651e+01 6.574583886484607831e+01 5.837383172864783631e+01 7.843128811477883744e+01 8.985907849885417420e+01 9.095757478679585972e+01 8.287771060754138830e+01 7.354045640614629065e+01 5.376326605095891864e+01 6.421904930373703735e+01 8.390382702057942765e+01 9.498564657606273443e+01 1.048277311798528331e+02 9.682910182213494465e+01 9.308722928744496983e+01 9.594317066336289201e+01 8.786953086330098017e+01 9.594317066336289201e+01 7.958416082534540692e+01 5.985594749633560951e+01 7.958416082534540692e+01
5.219006137575642711e-03 1.961714515575708973e+01 3.437152410034844507e+01 4.135835181175618658e+01 3.502517141498904607e+01 2.288608235317843764e+01 1.289182520187855197e+01 2.443370617660081479e+01 4.418049444674999648e+01 3.303750836933856050e+01 3.266846496929309751e+01 4.942250316183567804e+01 5.663020322760897329e+01 3.663240764781536285e+01 5.076267452061649976e+01 7.079567060964367897e+01 7.272259474984474537e+01 8.105860148007371890e+01 7.253685705663795602e+01 8.677383670654897685e+01 9.446708156377151511e+01 7.486441930308994586e+01 6.317606132537071062e+01 6.679138133001180222e+01 4.796194076321557276e+01 6.783127331845533092e+01 6.724831168229920308e+01 8.691555762004213648e+01 9.682910182213494465e+01 7.754413617110009227e+01 8.319257183533859745e+01 8.615218657048012574e+01 6.825008567709464558e+01 8.615218657048012574e+01 7.260918411252663418e+01 5.282163746496450329e+01 7.260918411252663418e+01
