LEM/sinusoidal_perturbations/elevation_000419.asc
nrows	100
cellsize	150.0
xllcorner	0
ncols	100
yllcorner	0
NODATA_value	-9999
[rows 68 to 84 of 100, columns 37 to 73 of 100]
2.965205018002015791e+01 3.210010582920068600e+01 5.135230526825879593e+01 6.306062060120331125e+01 7.208425200829836399e+01 8.403510534124652054e+01 7.153065806306942420e+01 5.480731546200150461e+01 7.153065806306942420e+01 7.255132559010054649e+01 5.456849978639846199e+01 7.024037547125031722e+01 5.941118529621326161e+01 5.122924375060632229e+01 3.383375336718816584e+01 3.748458912167116353e+01 4.139663373478025932e+01 6.250971402125037457e+01 7.111330133356621275e+01 6.293378789859556832e+01 5.721353989545210084e+01 7.674368820788627943e+01 8.229432055880702990e+01 6.232606986131606419e+01 7.076564564336466390e+01 6.621193984723953463e+01 4.825337892114666261e+01 6.835475358644816879e+01 5.358971667853398912e+01 5.548438905444886871e+01 5.739033473633938343e+01 6.436683229917338167e+01 8.224157195536838572e+01 8.438001320340315203e+01 8.675488996606534897e+01 7.031796103186707114e+01 9.046409362976190494e+01
4.051622158579255739e+01 5.135230526825879593e+01 3.589006120328964755e+01 3.774116921929005741e+01 5.479340135120339994e+01 7.570917245498168313e+01 8.067695783883395677e+01 7.289039139000881562e+01 8.067695783883395677e+01 8.068917926828957832e+01 6.552319597983601795e+01 7.699356033217135575e+01 6.134735759871635707e+01 4.039352279789955702e+01 3.683204149047232789e+01 5.757329909449763505e+01 6.250971402151351697e+01 4.768193162670387153e+01 5.256931963447519962e+01 7.377406323502255248e+01 7.674368820797342039e+01 8.501306319877801343e+01 9.057866922639023244e+01 7.383705508881551793e+01 8.249613033202207646e+01 6.228046611753573814e+01 5.086662491960585442e+01 5.091191322412802123e+01 6.505408034789900285e+01 7.538554432337295452e+01 7.727303031712007453e+01 6.024803596767578995e+01 6.230418161027085233e+01 6.438535274520049256e+01 6.667365721097951337e+01 8.675488996218395243e+01 9.878577659892179952e+01
5.429756492760221676e+01 5.231037398753814216e+01 3.797506993411695220e+01 4.015408369132255473e+01 5.999152642786196310e+01 7.163860044469488741e+01 7.870142897969988383e+01 8.699138200881225202e+01 9.698833308457817282e+01 9.115456354064895095e+01 8.354967971753943345e+01 6.888361569077763136e+01 4.766524605852136887e+01 6.092933803222905453e+01 3.997167576409031398e+01 5.476012968137963810e+01 7.571415350667408006e+01 6.277919786011307934e+01 7.377406323502255248e+01 6.018758545216567057e+01 8.120372572901150932e+01 9.842125699589583121e+01 1.021286744754296762e+02 9.384716003736457424e+01 9.080139658145300530e+01 7.382342495351879563e+01 5.348456936678280016e+01 7.090465397773016321e+01 7.918218935023620020e+01 9.323853002222766406e+01 8.845128579906662480e+01 7.108814715915012528e+01 8.224157195540001908e+01 7.004979233592221988e+01 7.905823848640987705e+01 7.595189999007473602e+01 9.096978170884780468e+01
7.418093078789766537e+01 6.460649210725462410e+01 6.681437622362469142e+01 4.895193246635193418e+01 4.539295609740364057e+01 5.167606029953312685e+01 5.872727477189362588e+01 6.871268549712102924e+01 8.869017246227888052e+01 1.006423999470413548e+02 7.997882541653689259e+01 6.502985881279724367e+01 5.435917144245307497e+01 6.450507787648875535e+01 4.337765139321243879e+01 5.393606133475488207e+01 7.506060951511106794e+01 8.371012377234774249e+01 8.119219828462954069e+01 8.120372572901150932e+01 6.931993690016022924e+01 8.141708815499092111e+01 1.018141268524152707e+02 1.028240565103579343e+02 9.223920934433623131e+01 7.807131807528624279e+01 5.769913833425070493e+01 5.979678600023321167e+01 8.008436765874327534e+01 9.384264197750398750e+01 9.869029131615140216e+01 9.042419132526153192e+01 9.798717772827346550e+01 7.646553979282028024e+01 9.404986541773614306e+01 8.803034386988987592e+01 9.096978170884780468e+01
8.091927695094713613e+01 8.564288580372459592e+01 6.891546815738306009e+01 6.306470036594881634e+01 6.532621335799821338e+01 5.242047681746649346e+01 7.238459504894086649e+01 8.699138200881225202e+01 9.698833308457817282e+01 9.804748928828016119e+01 7.736907240586992884e+01 6.509298734424241673e+01 7.560088574393478211e+01 6.844929405189860461e+01 4.722199219028607331e+01 6.828945648085800713e+01 7.492567309968271161e+01 9.512705894636589221e+01 1.015823651793406981e+02 9.842125699589583121e+01 7.982572286748177248e+01 9.842125699589583121e+01 1.101523982015368688e+02 9.470482506293305391e+01 7.578795684730332027e+01 6.432180433921141116e+01 7.807131807528624279e+01 8.008437052082896912e+01 6.670554239474658687e+01 7.384784049159515007e+01 8.797523491927989880e+01 1.080127431101268627e+02 1.063971180804660861e+02 8.423321556826346068e+01 1.063971180804660861e+02 1.023631275923408026e+02 1.115682842174851856e+02
6.675129662038047229e+01 8.678047373450623070e+01 8.889500571973606213e+01 8.304047110975949408e+01 7.772277663855625462e+01 5.774913006183134456e+01 7.772277663855625462e+01 9.469122315178860561e+01 1.029898661140691019e+02 1.064557606853755658e+02 9.458076606570638489e+01 7.736907240467078850e+01 8.738402463690526645e+01 6.650267283998691425e+01 5.137126335282681566e+01 7.261867918121235732e+01 8.753316477387366490e+01 9.610805428307993736e+01 1.065118056748984969e+02 1.085914923182336054e+02 1.002500592720885777e+02 1.085914923182336054e+02 1.038059486608015476e+02 8.381075620910807800e+01 7.227733001078976827e+01 8.443012850437978045e+01 9.272512926334114525e+01 9.343887600687436645e+01 7.344394599698927095e+01 9.343887600687436645e+01 8.797523491927989880e+01 1.080127431097907902e+02 1.149244813114714532e+02 9.576257848893504843e+01 1.149244813114714532e+02 1.223534004156440744e+02 1.236722070748069058e+02
7.176848158495884888e+01 7.585183799862194576e+01 7.804279336924243182e+01 8.633344414109825493e+01 8.600920591692236883e+01 7.772277663855625462e+01 6.716425286304431097e+01 7.470973235383949884e+01 8.882778473670856556e+01 1.088468156956141257e+02 1.064550782136400500e+02 9.804746601883863377e+01 8.471354287206419542e+01 6.376462444886229264e+01 6.650267283998691425e+01 5.950964679462467899e+01 6.668626143033394271e+01 7.725989291442745355e+01 9.791601123270802987e+01 1.181626414501580058e+02 1.096355173023930263e+02 1.181626414501580058e+02 1.121050169645495629e+02 1.005807925518781758e+02 8.381615708319405655e+01 8.491852234143597400e+01 1.049482276422910161e+02 1.017418770909134622e+02 8.342887191854967455e+01 1.017418770909134622e+02 1.080127431097907902e+02 1.163274653246555346e+02 1.254044739582639920e+02 1.170316576719971664e+02 1.254044739582639920e+02 1.203283295005557534e+02 1.034665389547288328e+02
5.179806555256611489e+01 5.584755869583030830e+01 5.803521795501033864e+01 7.259561720523169015e+01 8.088865177445043741e+01 8.984435607455129968e+01 8.713892951240310936e+01 9.469122315178860561e+01 1.029898661140698124e+02 1.094571025847481849e+02 1.010951916011890432e+02 1.094571025847481849e+02 9.318956136118825384e+01 7.599748417837074044e+01 8.738402463775862827e+01 7.021058922864037299e+01 8.757997547966289176e+01 9.614369276617765081e+01 1.065123395951231373e+02 1.078528919451244406e+02 8.900226630078242351e+01 1.061181649605574933e+02 1.146416282917008971e+02 1.121466801700231741e+02 1.038426045633285355e+02 9.907187579714469905e+01 1.132518353226184189e+02 1.117575921962700107e+02 1.034488800951990441e+02 1.117575921962700107e+02 1.197256147292128503e+02 1.197256147292128503e+02 1.280183117855130490e+02 1.292558474580260111e+02 1.176201532363068338e+02 1.092939804499422394e+02 9.177339081942824350e+01
3.785118252792378968e+01 4.181970295775955293e+01 4.707294540032458485e+01 5.257979012049185030e+01 6.152393243526846334e+01 7.308703880556716115e+01 9.311724092753485138e+01 1.057406015970673678e+02 9.737710666126402259e+01 9.934071271357613853e+01 8.084363106861762560e+01 9.934071271357613853e+01 1.050503401410415307e+02 9.661990046853337333e+01 9.947315532356699919e+01 9.098736963845200876e+01 9.947315532356699919e+01 1.137279027111852514e+02 1.052084257840528920e+02 9.931889180158773911e+01 7.879180260727818563e+01 8.553034994302655036e+01 1.061181649605574933e+02 1.085857162529670461e+02 1.171007654703211927e+02 1.191349959641194687e+02 1.251836963424138816e+02 1.168851208948713207e+02 1.168851208948713207e+02 1.137842476742810618e+02 9.955018356304893246e+01 9.955018356304893246e+01 1.197256147292128503e+02 1.209593546970366020e+02 1.007543338117635585e+02 8.906311228614104891e+01 8.412289353106872625e+01
5.762385910084697827e+01 6.170667645086832209e+01 5.803521795501033864e+01 7.259561720523169015e+01 6.672901930098487355e+01 8.675883743065389808e+01 1.014051948817362359e+02 9.529255229251751302e+01 7.712805636434919165e+01 8.084382632679944436e+01 7.071824131869578878e+01 9.096941133490325626e+01 1.030765739071218547e+02 1.088132935750889487e+02 1.004695645347685513e+02 1.030760396344370236e+02 1.114240328680939172e+02 1.052084257738292337e+02 8.462916196845687011e+01 9.065668879081827924e+01 7.109644915619823280e+01 9.156038135184719806e+01 9.401418175434922375e+01 8.797845454043419977e+01 1.085857162529670461e+02 1.241076019592946409e+02 1.168851208948713207e+02 9.670834708746339459e+01 9.670834708746339459e+01 1.054594305382559583e+02 8.526280646186204137e+01 1.054594305382559583e+02 1.177771257655604131e+02 1.199955259173662796e+02 1.083426628782659122e+02 9.761368326963183506e+01 7.736262810200058482e+01
5.591215865726321255e+01 7.588353978764341434e+01 7.804279336924243182e+01 8.633344414109825493e+01 8.675883743065389808e+01 9.504828424791597286e+01 9.861095368283420726e+01 7.836020323683897004e+01 6.668352686948387031e+01 6.062495054500520553e+01 7.818383862679041840e+01 7.446939332706067205e+01 9.471122488806692274e+01 9.724430975968785162e+01 8.047518420618787616e+01 8.306458400596834224e+01 1.030760396368776100e+02 1.052084257929295603e+02 8.462916196845750960e+01 7.019459013953002113e+01 6.545874458190796474e+01 8.435568244517548919e+01 7.352541068154205561e+01 8.797845454043419977e+01 1.085857162529670461e+02 1.039626621459881335e+02 1.098629784107107525e+02 1.026179873131861058e+02 8.241359413522447142e+01 9.251579072420527439e+01 7.886295409004813450e+01 8.927448957565603394e+01 1.094634366929883100e+02 1.116766460614951058e+02 9.145195742903285918e+01 7.974755060856529099e+01 7.256712604470720862e+01
7.589034567222466876e+01 8.420331690550233361e+01 8.743856957186189049e+01 7.919722587581588868e+01 8.178377871399013088e+01 9.002226958320260053e+01 1.069741451702750794e+02 9.529255229251751302e+01 7.523611914499208808e+01 5.508674612240566404e+01 5.800783296634065778e+01 7.127473720543467550e+01 7.564908112640856075e+01 8.038236692942822970e+01 6.888954665523945664e+01 8.306457458432052476e+01 1.030747940439311634e+02 1.021294261107252623e+02 9.491879388404316842e+01 7.442237834469872837e+01 6.003885305183173671e+01 6.394073735125902402e+01 8.435568244517548919e+01 1.025396100053777531e+02 1.098629784107107525e+02 8.967140439029323318e+01 8.967140439029323318e+01 1.003445791355992327e+02 9.251579072420527439e+01 7.227971111242494828e+01 7.274501224232724894e+01 8.287738322261179746e+01 9.717174859059238656e+01 1.173474597560709611e+02 1.083426628782659122e+02 8.830720765802385586e+01 6.800618514755169031e+01
7.190279624189260232e+01 8.035147588769041249e+01 7.591430697139843176e+01 5.921000653888690834e+01 6.180634435959443351e+01 8.178377871399013088e+01 9.272456551684012993e+01 8.435352532452992591e+01 8.361296657172680113e+01 6.916085459255317858e+01 4.912446488540719969e+01 5.128307184265820240e+01 5.560212363718288486e+01 6.030601896904449433e+01 7.191862388364991432e+01 9.194405491133258579e+01 1.021293632368493434e+02 8.157932248230076766e+01 8.534980093856461281e+01 7.634828218342119044e+01 5.594096679067693856e+01 7.634828218342119044e+01 9.286821023076586812e+01 9.571529794581759631e+01 1.042299154055349106e+02 9.558537949804336620e+01 7.535647260452653029e+01 8.012811653311545967e+01 8.163762038286469647e+01 6.614829507665318431e+01 7.630263274322837219e+01 9.652613355997867473e+01 1.114083362784565310e+02 1.133236366389304237e+02 1.049494223811570208e+02 9.666875717853847050e+01 8.297589795951378733e+01
5.273267667218526356e+01 6.907614832329574028e+01 6.765759941128783339e+01 4.771631215935001791e+01 6.135161069210747797e+01 8.130253078724537374e+01 8.435352532452992591e+01 6.416626852606056275e+01 7.007897914877801782e+01 6.544019043003748948e+01 4.547862710538979769e+01 6.544019043003748948e+01 7.564908112640856075e+01 8.038236692942822970e+01 8.869571910707759343e+01 1.002701997676416283e+02 1.006200001316729953e+02 8.534980093856461281e+01 6.495631622958929086e+01 7.316119496837784197e+01 5.250496191887608433e+01 7.316119496855142756e+01 8.122639226501779319e+01 7.522489102808592065e+01 9.571529794581759631e+01 1.039233987751459694e+02 8.604938133777871201e+01 6.578186121015338017e+01 6.134986105449293348e+01 8.163762038286469647e+01 9.476531273389601040e+01 9.652613356003230649e+01 1.166913336124503644e+02 1.049494223811570208e+02 8.411832636157485865e+01 9.016402075920409231e+01 8.287123210533069084e+01
4.208716470879276983e+01 6.083492254792471954e+01 6.135161069210747797e+01 4.144226032441451224e+01 5.550509039861296401e+01 7.546635927735145799e+01 8.203212274820410244e+01 6.189649882258657954e+01 5.003607715409306422e+01 5.911227457077683312e+01 4.283170360013348699e+01 5.685558466226978425e+01 7.697551987844759935e+01 9.620857371323512552e+01 8.803510311213456418e+01 9.620857371325027430e+01 9.210732172973337128e+01 7.164933790753001119e+01 6.005068519796454041e+01 5.348098375386233982e+01 4.872885928536480549e+01 7.004715066818130254e+01 6.088986689927144624e+01 8.122639226501779319e+01 9.666874358161292946e+01 1.050060649159255917e+02 9.440109005160617528e+01 7.838897893677059869e+01 5.809732933284306711e+01 7.838893737062373646e+01 8.364489160573371862e+01 9.200034978999426016e+01 1.036649136804237088e+02 1.049494223811570208e+02 8.411832636157485865e+01 6.894215982001232135e+01 6.165782747830407828e+01
3.539420194754925575e+01 5.419535125968805289e+01 4.992968558878162355e+01 3.651072035116938252e+01 5.637427310018227899e+01 7.485909597173639440e+01 6.650761626944708382e+01 6.189649887845617826e+01 4.198824394463151322e+01 3.924923422440150489e+01 5.911227454399839587e+01 6.274857724573682560e+01 8.289772082842864620e+01 8.638630136417963001e+01 6.842699217452098992e+01 8.638630136418032635e+01 9.051767917121004814e+01 7.007413854604220660e+01 5.589883488721368110e+01 4.687882468285938842e+01 4.498334793581739888e+01 5.095283397030142680e+01 7.105812958214228559e+01 8.972740321680983300e+01 7.643840746611894588e+01 9.334336759948469364e+01 8.999857431719884460e+01 6.974548438980779963e+01 5.542248956031669138e+01 7.194798637344234749e+01 6.338556303665531289e+01 7.509268405165413185e+01 9.532743872357937676e+01 9.925225757353958045e+01 9.089135784905967341e+01 8.229082017909384206e+01 6.536663172491486762e+01
2.955163127851892568e+01 4.838395340429470792e+01 3.047141699784614488e+01 4.992928941050406166e+01 6.462981188903624741e+01 6.650761626944708382e+01 4.653855379717414564e+01 5.238735678136433904e+01 3.579098190940055702e+01 5.560095586748344232e+01 6.745130819380459286e+01 8.016677322820662255e+01 8.193934260134822978e+01 7.368378687313033026e+01 5.872659091941446263e+01 7.823104764332781258e+01 7.997165923847880720e+01 8.455233983864042102e+01 7.441053137065090084e+01 6.236434577509115229e+01 4.253386569765696379e+01 4.607318556821844879e+01 6.476216996733737119e+01 7.337341461236947282e+01 6.487039634126917065e+01 8.498875357953576781e+01 8.795819274804050281e+01 7.696057006993311234e+01 6.860232712424273416e+01 5.183858360796192954e+01 6.338555965764748379e+01 7.772042526088944214e+01 9.794105657199720838e+01 9.089135784905967341e+01 7.058819625768248329e+01 7.653485460827053544e+01 7.081101477615230522e+01
