LEM/sinusoidal_perturbations/elevation_000605.asc
nrows	100
cellsize	150.0
xllcorner	0
ncols	100
yllcorner	0
NODATA_value	-9999
[rows 34 to 50 of 100, columns 37 to 73 of 100]
5.821965918023266084e+01 6.806330252803761027e+01 6.811404476692139554e+01 7.628262699349382103e+01 9.301802963230680632e+01 8.503579042613887395e+01 8.753045807941843748e+01 9.551497360807499604e+01 8.333689732381448323e+01 6.234754397122289049e+01 5.234094692607241939e+01 7.377847066583821345e+01 8.330147731408203526e+01 6.357317897803477535e+01 4.944667216740926108e+01 5.866881019175764322e+01 3.841912373217010668e+01 5.282590828609918532e+01 7.277482321601378601e+01 8.324046830179709389e+01 7.200533307620359835e+01 5.966146541001240422e+01 3.980976146281160055e+01 5.561146482700421956e+01 4.724836758295501937e+01 6.705989071525394252e+01 5.982986763241822814e+01 3.633794893061968878e+01 3.390835947542785078e+01 4.053868191744623317e+01 5.917116748005454241e+01 6.879145531623835552e+01 7.864826445452679593e+01 9.026154360507634067e+01 7.609706155899465330e+01 7.609706155899465330e+01 9.601549558888599734e+01
4.994536847783420797e+01 4.800644585880607451e+01 4.801361862574735540e+01 6.808990455106825834e+01 8.349957117390870565e+01 7.877822605138820222e+01 8.690614470314173445e+01 9.824476661387937781e+01 9.167782914239413117e+01 8.221156521532061845e+01 6.331132104458278320e+01 8.221156521532061845e+01 8.074120629721599585e+01 6.101359355242305327e+01 6.935146325475800211e+01 6.160597959024890002e+01 4.131331538737752140e+01 5.316568865893831486e+01 7.313563141775073007e+01 7.520360044057639470e+01 5.572011829319973231e+01 4.427046755225711649e+01 5.966146541001240422e+01 6.774935689533548100e+01 6.136435071371913352e+01 6.709984413798862590e+01 7.226687191252413811e+01 5.415574042382926478e+01 5.398772249749094243e+01 3.472760510890846319e+01 3.994733117623288621e+01 4.994843505684023199e+01 7.020483680881970656e+01 7.309214712365958633e+01 6.216659832700469934e+01 7.609705791080348547e+01 9.601529392486301617e+01
3.155684307290801982e+01 3.330281560965241994e+01 5.334555156051430913e+01 5.571258365011138380e+01 6.735646019018123809e+01 5.899520436003202661e+01 7.047382667169834747e+01 9.012246055321755023e+01 9.901926436410114718e+01 9.254845626935713199e+01 8.424562031937084328e+01 9.254845574918486761e+01 8.900582257112388618e+01 7.241595470927811107e+01 7.470154222949703637e+01 5.472715561126154427e+01 4.439408862623080410e+01 6.471434891327774608e+01 8.138536701625518788e+01 6.880675737550213000e+01 4.938923615568361214e+01 6.395480678298274313e+01 5.825739501498965467e+01 7.770957554369584841e+01 8.094655016542098735e+01 8.664042500730708696e+01 7.215402282713141346e+01 6.369374964356554614e+01 6.075989931444185288e+01 5.443101678231251839e+01 3.555920850040026693e+01 5.574460120619377079e+01 6.583270710308310925e+01 5.321121376618216914e+01 6.472913833308027165e+01 8.450930972715654832e+01 1.009485625101659423e+02
5.221858614933324105e+01 5.388099130829230177e+01 3.583246147466286402e+01 4.127239595019516827e+01 4.728130965861713975e+01 6.156988167554359848e+01 8.132649651995650686e+01 9.224481165832067120e+01 7.966981674467490393e+01 9.065986869495640121e+01 9.738934762808433732e+01 1.053814501982219412e+02 1.004511383797631794e+02 9.211371150423090626e+01 7.470154133365197424e+01 6.224021355970752012e+01 4.773854198037946617e+01 6.806881769472089161e+01 8.394334796544495703e+01 6.585426360678594904e+01 5.309735441062191796e+01 6.669711210690769576e+01 7.770957554369584841e+01 8.575327326962158736e+01 9.096238125931698448e+01 7.115953265875376132e+01 6.391009971771732268e+01 4.387831286061405933e+01 5.129356923632455789e+01 3.641136628276473175e+01 5.567830103524794083e+01 4.142369365194691255e+01 4.577508463642498526e+01 5.744457395300342029e+01 7.729188812834661348e+01 9.282913241959984418e+01 8.140746812495393669e+01
6.835799282780817521e+01 5.808941632433907643e+01 3.771277127539613616e+01 5.808941632433970170e+01 6.735646019018123809e+01 7.551063990896747669e+01 8.657486812596009429e+01 7.283159785902246597e+01 6.596870381699403652e+01 7.137070567416991196e+01 7.820127783671136967e+01 9.176349860184174645e+01 1.109713486478993190e+02 1.028856313583768838e+02 9.043467220258062866e+01 7.162057703826822319e+01 5.130316366800274608e+01 6.775880290482041346e+01 8.994042264832260969e+01 7.614768251535478782e+01 5.712517030240761073e+01 7.614768252611405330e+01 9.391338588736468296e+01 1.000794031040194341e+02 8.513483045389708082e+01 6.537077477380240964e+01 5.128615336879995823e+01 5.763836481896993291e+01 3.727429622439704104e+01 5.593581601395653990e+01 6.389191361381228518e+01 6.155634235631436013e+01 6.583269060153330088e+01 7.410521697661819474e+01 8.560466255816561443e+01 8.966689741206623410e+01 6.997515752232153829e+01
7.139128993902401987e+01 5.149402024609165096e+01 3.959923972834433670e+01 5.990383899128616463e+01 7.067970303881070038e+01 8.085404980876224101e+01 7.277758852455984595e+01 5.899605251295674435e+01 7.283159801725449256e+01 9.065986870870912639e+01 9.065986871134528258e+01 9.367387815486641500e+01 1.123201759294850746e+02 9.937946425098036229e+01 7.950573419481112580e+01 6.541464555045776308e+01 5.510738222597834834e+01 7.537063026564324275e+01 9.053516869148617729e+01 7.416992836310592452e+01 6.135243519191524797e+01 7.462379096783045895e+01 9.367138537338185245e+01 9.182007665018048215e+01 7.211235603979496034e+01 6.071841741291488148e+01 7.115953265875374711e+01 5.815523512097180969e+01 3.789451710939768247e+01 5.771639247292691977e+01 6.640780496417228562e+01 6.831268284989567974e+01 6.150026984478562753e+01 6.935356470227104353e+01 7.954451312528144058e+01 8.394275150605123770e+01 6.418956307346924461e+01
7.950800943890568817e+01 6.807277863020733832e+01 5.990383765898776147e+01 4.232713170489316923e+01 6.253166501608910011e+01 6.742175531078106587e+01 5.304402212676082939e+01 7.277758852455984595e+01 8.657486851739253098e+01 1.003181390176508785e+02 1.099948769764738472e+02 1.123201759269319240e+02 1.161374739072928151e+02 1.037615196105517583e+02 9.365021775168878548e+01 7.916096981223445539e+01 5.752387172335502896e+01 5.814940899233869231e+01 9.542109159770664917e+01 8.537303185222791058e+01 6.659448271369856798e+01 7.670166736704602783e+01 9.578052079974720812e+01 9.438930279764279874e+01 7.466458183883933941e+01 8.044181885066041104e+01 7.938448234847189156e+01 5.835765226405233363e+01 5.032326117827606993e+01 3.877813982085559985e+01 5.884424552228541927e+01 5.557692045495940647e+01 4.122877153227638303e+01 5.941527588929331927e+01 5.934323522839205367e+01 7.980623207878218750e+01 6.878809415200889532e+01
9.427455197481901905e+01 7.487012808946889209e+01 7.067812711818756100e+01 6.253150005537267475e+01 4.510855091206126843e+01 4.742937907701316647e+01 5.040248554965637595e+01 7.025770014588826484e+01 8.244677144310779227e+01 9.680160418423426449e+01 9.894063411292385979e+01 1.070504991115856370e+02 1.077518029961542112e+02 8.672644731015233788e+01 7.492515471521222992e+01 6.591907612491819179e+01 6.903180622195439753e+01 8.627390301390879301e+01 9.447298386395314651e+01 7.744572955925725921e+01 7.589680181134514214e+01 9.336018117363106228e+01 1.038653805241278008e+02 1.026592260626153319e+02 9.438930279764279874e+01 8.948008729832228880e+01 8.150572608394999463e+01 7.359026025334929955e+01 6.105112849064431657e+01 5.392239128498100342e+01 3.966207088044407669e+01 4.031250659292955163e+01 6.058158521544423536e+01 4.214204083800450462e+01 6.242244263495862810e+01 7.100462743638016150e+01 6.522461963498071214e+01
8.858636850320269218e+01 6.918867689638847196e+01 5.528678258212661945e+01 5.046687029470252384e+01 6.520207368557520056e+01 5.912228189773803422e+01 7.025632813711968083e+01 5.468464644509106876e+01 7.435947285393943673e+01 7.732035437723043003e+01 7.944972066652074716e+01 9.652943034832956926e+01 1.046182857391091972e+02 1.037615196293658215e+02 9.395917034435663595e+01 7.380524189016030334e+01 8.572329820731397376e+01 9.891687160283520086e+01 9.455802159149052954e+01 9.029636297312457316e+01 8.922851216320709966e+01 1.029112204936752022e+02 1.019063622193523173e+02 9.380425053416119852e+01 9.380425053416119852e+01 8.114555844054184774e+01 6.251446758836770101e+01 6.782215254618010647e+01 6.210516466428223481e+01 4.272214951992330612e+01 5.493608413495875453e+01 5.090926880361537599e+01 6.865379343452099192e+01 6.238914319043253442e+01 4.305600966320552203e+01 6.300216017957480119e+01 4.492446832769118004e+01
7.415362660420989016e+01 6.304145249351626745e+01 6.006313455867375239e+01 7.032137356417624119e+01 7.840832689304258452e+01 7.303629307680880345e+01 8.242200962065437864e+01 7.435947285393763195e+01 5.913553692399109707e+01 6.356145321709983165e+01 6.972830965409383452e+01 7.706172789103165144e+01 8.828078597582172904e+01 1.077972897248883584e+02 1.023813671016896478e+02 8.394175804700995513e+01 1.023813671016896478e+02 1.173974105192118458e+02 1.123005082423541978e+02 1.092211317907125334e+02 1.084189521217487595e+02 1.043251525986328687e+02 9.380425053416119852e+01 7.471772894919212149e+01 7.471772894919212149e+01 7.526281135697367120e+01 6.598292515290209792e+01 4.871091214427157468e+01 4.590171630181990992e+01 6.219947424432506011e+01 5.629016738623363381e+01 6.482452473499387224e+01 7.697646773033029888e+01 7.033226968342279406e+01 5.750465652926608584e+01 4.397386039231903965e+01 6.428349275541266650e+01
7.256954122091480031e+01 8.225728807955583477e+01 7.423412851129720025e+01 7.187025511596232263e+01 9.225092787041661779e+01 9.251256413419238811e+01 8.497268282590293609e+01 6.552763269873422303e+01 7.867383270551445662e+01 7.732035963394247347e+01 8.302494181654884642e+01 8.917133875364818607e+01 1.046182858887417098e+02 1.158896116395726494e+02 1.124664257737708226e+02 1.039765856274531757e+02 1.124663442261643382e+02 1.272269034226432041e+02 1.254830129359257711e+02 1.172422515426961951e+02 1.099456913916404943e+02 9.051762780506916783e+01 7.698615610395010833e+01 6.772999308829601262e+01 6.165332752302511921e+01 5.730924071521680929e+01 5.298215876689805981e+01 6.783854545471695019e+01 6.524524385721629471e+01 5.154520637130262628e+01 6.985249138080267528e+01 7.803418042638860186e+01 8.222950950217972377e+01 6.244719619552708423e+01 4.802850902192617610e+01 6.431588654619879719e+01 7.253921302403333016e+01
8.340709823520953137e+01 8.974376999539725830e+01 9.448814524798333991e+01 8.429737834992624812e+01 1.006338815453368909e+02 9.536553137324185059e+01 7.592222589247336373e+01 7.168465734276173862e+01 9.113310419930883199e+01 9.680256652362892567e+01 1.025222645848569272e+02 1.086784235961676615e+02 1.087283619961456083e+02 1.170141803561298701e+02 1.248239498962238088e+02 1.049699923569682056e+02 9.915137130807795529e+01 1.131891683326925460e+02 1.139738035242362457e+02 9.729132253444886658e+01 1.139738035242362457e+02 1.002316595983548240e+02 8.094943240577401866e+01 8.030804169216618504e+01 8.030804169216618504e+01 7.577991890518862306e+01 5.704121932747072066e+01 7.578857193314372864e+01 7.438782145442549165e+01 5.563647172086639614e+01 6.650101974042173936e+01 8.565974724866336487e+01 8.218082061061784316e+01 6.276205298068133942e+01 5.100933038390342489e+01 7.111989256947288141e+01 8.898715181308288891e+01
1.022354156723434926e+02 1.063778672920021933e+02 1.119411428659054764e+02 1.060436534817917931e+02 1.111358884482814062e+02 9.178036669187846996e+01 8.966382483690300376e+01 9.113352304515832714e+01 8.206158292223808814e+01 1.015511174487012624e+02 1.141997482894648783e+02 1.053705909967796970e+02 8.849310089038203841e+01 1.053705909967796970e+02 1.161039308415836757e+02 1.049699925481994001e+02 8.514619672453193289e+01 1.049699925481994001e+02 1.057235773092015165e+02 8.584599868410167289e+01 1.057235773092015165e+02 1.083692829792663446e+02 1.002316595983548240e+02 9.950261191562776730e+01 9.519907045007775537e+01 7.987045429355470105e+01 6.119050572439905267e+01 7.987045428646685252e+01 7.868744752920696328e+01 6.004943946312734937e+01 7.868744752926745889e+01 9.378393360329172879e+01 8.898847427416680489e+01 7.413021968321376676e+01 5.415275209130928857e+01 6.838294796459044278e+01 8.801624383781724248e+01
1.026996211781407595e+02 1.084170969040414008e+02 9.964423934160220142e+01 1.076715294843773876e+02 1.089763327610102550e+02 1.111358884482814062e+02 1.091306686219336086e+02 1.096490060873924932e+02 9.329351964737561786e+01 1.096490060873924932e+02 1.059007662441390920e+02 8.568409514838322139e+01 7.680113588080628517e+01 9.704553020014022024e+01 1.078891860339366104e+02 8.806200521018162419e+01 7.816263913287257026e+01 9.796122238524843340e+01 9.869579198951306864e+01 7.886397254740614926e+01 9.866057140400833703e+01 1.086487926880296300e+02 1.118353747878448985e+02 9.115212811663887749e+01 7.736621176817305923e+01 6.808679920717129619e+01 7.180115438577632858e+01 8.791726510828634389e+01 8.340906136662015058e+01 6.465532655846692478e+01 7.781388627510398237e+01 9.756360124237494347e+01 9.062395356768570309e+01 7.726686595481430686e+01 5.742163182424586410e+01 6.900005061124753070e+01 8.852661909974899856e+01
9.109981134135003344e+01 9.596351319543381919e+01 7.671770993783673021e+01 9.138858581331166420e+01 8.829033808807382400e+01 1.026960038860886328e+02 1.128995550537816257e+02 1.209326223521742634e+02 1.128312058190397238e+02 1.070050557006277643e+02 1.036739642967110768e+02 8.939386885722392151e+01 6.917566342296152015e+01 8.939386885722392151e+01 1.032135167474079225e+02 9.170036068190479739e+01 7.187924392332411117e+01 9.170036068190479739e+01 9.269232879043023843e+01 7.287847253306873085e+01 8.132635787556390028e+01 9.505524247149313055e+01 1.138974224140619214e+02 1.052558452073100312e+02 9.387885170840364424e+01 7.457676628153126330e+01 9.089332295238958181e+01 9.903573753638838184e+01 8.896945274143274673e+01 6.986071041383232227e+01 8.896945274143274673e+01 9.624203566452924008e+01 7.682368227189604681e+01 6.287279864734851031e+01 6.505708882040585195e+01 8.469921374911437795e+01 9.658518832481044569e+01
8.279284556827619213e+01 8.598279008334601770e+01 6.609512831884264017e+01 8.378556691437790960e+01 7.387518655380149823e+01 8.403955416234298070e+01 1.044788976051338665e+02 1.139070329728326243e+02 1.027273987349102384e+02 8.691514986482718541e+01 8.691514986398168219e+01 7.519540528406453461e+01 6.356943815321530877e+01 7.467326619293808676e+01 9.489021889918971908e+01 8.674508151801721567e+01 6.686704114925279896e+01 8.011906809282425002e+01 8.074614528492898557e+01 6.732646850912347247e+01 8.717849108608709230e+01 9.959587497687753910e+01 1.078055901363304230e+02 1.177168035923531590e+02 1.020731722174546690e+02 8.408615459686491533e+01 1.020731720309270116e+02 1.028675809924655198e+02 8.321265952825426382e+01 7.905476345985447040e+01 9.726295281901424516e+01 1.001604305711254881e+02 8.081979292529221937e+01 6.699919991365216276e+01 8.474617177541119872e+01 7.901660489166567913e+01 9.857856985267314087e+01
8.153187907701823178e+01 7.316442560933374750e+01 5.886652771957188435e+01 6.431191085531906992e+01 8.464112830075535499e+01 1.026960038860886328e+02 1.128995550537816257e+02 1.058540634542995207e+02 8.601041355714437486e+01 7.437406853284656449e+01 6.674383395439087963e+01 6.089616902255013997e+01 5.814460721320001824e+01 7.838314613775757778e+01 8.977063562482312875e+01 8.154511600808395144e+01 8.011906809282425002e+01 6.013808551655797174e+01 6.078112877380169010e+01 6.686774412042919380e+01 7.319521304547146201e+01 7.980716790222575696e+01 8.968365841807624861e+01 1.095080915351275905e+02 1.119105989005920634e+02 1.036715488203112869e+02 1.119105989743321743e+02 1.113132461097742265e+02 1.028675809924655198e+02 9.312387256752971609e+01 1.080636241751104620e+02 9.440357606019500736e+01 8.097233350374135341e+01 7.181191874334996328e+01 9.118266625172273621e+01 9.857856985267314087e+01 1.068605041896854289e+02
