LEM/sinusoidal_perturbations/elevation_000276.asc
nrows	100
cellsize	150.0
xllcorner	0
ncols	100
yllcorner	0
NODATA_value	-9999
[rows 17 to 33 of 100, columns 0 to 36 of 100]
5.222468517465790779e-03 2.000522246851711117e+01 3.142629419950252156e+01 3.821850296590812945e+01 4.660481849771286278e+01 5.635105581264470231e+01 5.756181483488526851e+01 3.425572617829940469e+01 1.879700372009790499e+01 2.975021740986492702e+01 1.201630192865788338e+01 6.608707265122871988e+00 5.587302678712054771e+00 9.041267624165206129e+00 1.819611687594192162e+01 2.644412973592867644e+01 2.031365549609820320e+01 2.622177627475743478e+01 6.981406147882754709e+00 1.871947516234125430e+01 2.268157673121364226e+01 4.000756510550562695e+01 3.165490389181942632e+01 1.180023180508993441e+01 2.991299190478096293e+01 3.832819518660887326e+01 5.227781715849346256e+01 4.882546535400702226e+01 4.302930284684057938e+01 6.282046370429586091e+01 5.349964977711702829e+01 3.525563179377621736e+01 4.660414766460629465e+01 5.470513516723373471e+01 5.673796220382060795e+01 4.005833167656399496e+01 3.403337188064659813e+01
7.333276091007126865e-03 1.155431608626221873e+01 2.569563778561603584e+01 4.567978945681438319e+01 5.399335722750304711e+01 5.102996587513605675e+01 5.883460965275604337e+01 4.807717241090382743e+01 2.987011069735945057e+01 1.029708133945318949e+01 1.062264296112647344e+01 4.409428234800883750e+00 4.714556979256827596e+00 5.027527806199999283e+00 9.670436044915389218e+00 5.897379009093697277e+00 6.199180875510185373e+00 6.514371000229778552e+00 9.658115739052927751e+00 2.937082815499292110e+01 4.013410557844283488e+01 4.764054666878681843e+01 3.994415454810342681e+01 2.601850685709070987e+01 1.403235474684975159e+01 3.406733310442948692e+01 4.450798285572246016e+01 5.849399075576308604e+01 6.282046457198448053e+01 7.107410800267173556e+01 5.349904119093275767e+01 5.349964983924243001e+01 4.334493088696561358e+01 6.255551140944285748e+01 6.824519534478562832e+01 5.999189706631903363e+01 4.388726777708375693e+01
6.343274376862209282e-03 2.000634327435501447e+01 3.947538050028600765e+01 4.643957663852640394e+01 3.412071097620929550e+01 3.456604163072593394e+01 5.113208724774847980e+01 4.182398007195660483e+01 2.765239278689649183e+01 4.138141519974337434e+00 3.982945792095645476e+00 8.690468397811100587e+00 2.448573051399697320e+01 2.500728057185018471e+01 5.469025049157878904e+00 6.349459651445311437e+00 2.607903255968600931e+01 8.087433025183635493e+00 2.760262059672441026e+01 1.413146078269094907e+01 3.383617690284683732e+01 4.673385139366742891e+01 5.405178922931312258e+01 4.223054289023160379e+01 3.405133442918555176e+01 1.633264595789413676e+01 3.052694256754743307e+01 4.695059612155856144e+01 6.092221342974498555e+01 6.921634021542794812e+01 7.326199618323589391e+01 7.100271874871313571e+01 5.667774939803247491e+01 5.667774939803631185e+01 7.674568417033466972e+01 7.212601883166969685e+01 5.801577130010484495e+01
3.497053469895897767e-03 1.154973180774599584e+01 3.138462762897178493e+01 3.896124513882869422e+01 2.077836049111908423e+01 3.880907369969493459e+01 4.514225304721532694e+01 2.983244620796144986e+01 1.883588838689042078e+01 2.112983915357368048e+01 3.681291908062190199e+00 2.415833766210167965e+01 1.538631589935432764e+01 3.345281976687501668e+01 3.634108267004699400e+01 3.582922291645624568e+01 2.689806221874053094e+01 1.244717952760950830e+01 3.252918729792505559e+01 3.383617693430014128e+01 1.880030589072470093e+01 3.265235147088093015e+01 5.251093778779505072e+01 4.258087881808523889e+01 2.278301188145708878e+01 3.632377975001463000e+01 1.889344297541892459e+01 3.297897899127951860e+01 4.126191010730963171e+01 5.633531167525172378e+01 6.450741129746062086e+01 7.849240591645212817e+01 7.674568413440965742e+01 7.674568417145074761e+01 8.536709276034230243e+01 8.623626814702851107e+01 7.495136623566246215e+01
9.635555453094322986e-03 1.993666099107950984e+01 2.768008509793670768e+01 2.678566749764359045e+01 1.565776108508258169e+01 3.186170837121437316e+01 4.373134024626132543e+01 4.168274805082900514e+01 2.804480378437746779e+01 1.345786213135990472e+01 3.379610113699968554e+00 2.531622624175595959e+01 2.022242087031497704e+01 3.921389828933959620e+01 5.273096006630296273e+01 5.568337732544598140e+01 3.802653699849069113e+01 1.766750436024347337e+01 3.802653694597096745e+01 4.194603894727912774e+01 2.226017826659816379e+01 3.611534851830037240e+01 5.602257096667939607e+01 4.723365625791603861e+01 2.748159637004168943e+01 4.693885766024217787e+01 3.877069933292573722e+01 2.149249710729683827e+01 4.126132261001451695e+01 3.654277809682062639e+01 5.054522602337218729e+01 6.723758326643043404e+01 6.811343960523339547e+01 6.021301057585721850e+01 6.900705301666255309e+01 8.301842389093035024e+01 8.647507327666374977e+01
8.845047570523793118e-03 1.901059648020613224e+01 7.575554223219548966e+00 1.010768467080068334e+01 1.730414841402930293e+01 2.586171965963463748e+01 3.576854146631898601e+01 3.048392150228271902e+01 2.262435518718333682e+01 2.952490665704738948e+00 4.642574316707395177e+00 2.898098973178697335e+01 3.930956413476000222e+01 2.770323847889889279e+01 4.058312932894835967e+01 5.798855453278105898e+01 4.442364661259584580e+01 2.361615447100615839e+01 4.442363024408046357e+01 4.567725847146718365e+01 2.591575341131153110e+01 3.983426043323134991e+01 5.978350868044085331e+01 5.217856137055982657e+01 3.239894091998070991e+01 5.217856137055987631e+01 4.944029848872625621e+01 3.546927935083122208e+01 2.410281581561040198e+01 4.381707749957542575e+01 5.465748814407577072e+01 4.743213141141315248e+01 5.564508688923179136e+01 3.995009822532545485e+01 5.985495769574821168e+01 6.378901166576725501e+01 7.637631337153719358e+01
8.023991185656003874e-03 3.827183052128320551e+00 8.582732281073536029e+00 1.481267762043340674e+01 1.824870855232063604e+01 2.003102160317198610e+01 1.833357656057906837e+01 2.185217253202289456e+01 2.525388649670112784e+00 1.817525861548920219e+01 2.377363498926113294e+01 3.560811118373640483e+01 5.413526551549721688e+01 4.639935203256334972e+01 3.750091230140836274e+01 5.537412309447564240e+01 5.284237320811768512e+01 3.096232338774504811e+01 5.284270388433856169e+01 4.972757096929890253e+01 2.986452781051342953e+01 4.387854297035303119e+01 6.384837369105655114e+01 5.767333088183904266e+01 3.786165766205885319e+01 5.767333088184005163e+01 6.341131762662119797e+01 5.199727330239920065e+01 4.381707749957542575e+01 2.675526710111280693e+01 4.647623020130318849e+01 3.340332905776044470e+01 3.602745331191349010e+01 5.515314854224828167e+01 4.410225316340775947e+01 6.378899119044821475e+01 5.701271135053235639e+01
4.598823041778624977e-03 3.034422252715904267e-01 6.023277329910858846e-01 9.013244050725177647e-01 1.200428731177163755e+00 1.499636229263455967e+00 1.799011827942563535e+00 2.098533747238478409e+00 4.386288859511322080e+00 2.443950262341309454e+01 2.466924230075947833e+01 3.742058819534303638e+01 5.554014957469967584e+01 6.286381789953460952e+01 4.930806454217183443e+01 5.402566226490721846e+01 6.157893334238688254e+01 4.358447619753944480e+01 6.262979540816297686e+01 5.388102363316573928e+01 3.424373931840047192e+01 4.574302853882084463e+01 6.570488852136618618e+01 6.393614358714497570e+01 4.413139087933485172e+01 6.393614358714497570e+01 7.155637159667600145e+01 5.455535043083184377e+01 3.475001802734319512e+01 3.196754146960262233e+01 2.981111951319369169e+01 4.958212693335286758e+01 5.588678804092978680e+01 6.339922891875726663e+01 6.378898081197396408e+01 4.851143864534915906e+01 6.811965798786094695e+01
7.340434288523949372e-03 1.824828837969796069e+01 2.761263819467568581e+01 2.614977625800933225e+01 2.334836442428248304e+01 1.315946387675499807e+01 2.198203741270245715e+01 3.604830208039556894e+00 2.251115604407215187e+01 8.650124607304451985e+00 2.938083388160639942e+01 3.422443336473715902e+01 5.414721129268202304e+01 7.135244781080987764e+01 6.609880012238826907e+01 7.025357095063100132e+01 7.431000329138390725e+01 6.557049386426972148e+01 7.048589208108360538e+01 5.051521593245792729e+01 3.997915719128510403e+01 5.994295543070919052e+01 7.400024736803329972e+01 6.032727342899182332e+01 5.560898070223657186e+01 7.207255925880029679e+01 6.341509464030558973e+01 4.360410432466213138e+01 4.002379466762307203e+01 5.172161026744991119e+01 4.958212693790167691e+01 3.617711469498330246e+01 5.602001378138401577e+01 7.141479094055767973e+01 7.180860222513928193e+01 5.228782920717356575e+01 7.180861162444629997e+01
3.515918393995972821e-03 1.154221848248070792e+01 2.557464134224922958e+01 4.496625985295880668e+01 4.324875087823046726e+01 3.401213020097620898e+01 1.950559426289382259e+01 2.330376685401180481e+01 1.037296790304242400e+01 2.936850396733221302e+01 1.390237326199012102e+01 3.408627435770482350e+01 4.761721908952105764e+01 4.966311567131278792e+01 5.991710518605132307e+01 5.741276065001456175e+01 7.241472649565841380e+01 8.930237021327403113e+01 7.878701946543517920e+01 6.748553898122739270e+01 4.752973866364735755e+01 5.627757779997592280e+01 7.625201560224843433e+01 7.426017035448289505e+01 6.957529306936365288e+01 7.479850241533445399e+01 5.508186178570985447e+01 6.341509464030558973e+01 4.601493816296993344e+01 6.573891074641315413e+01 6.418701783721317611e+01 5.602001378138401577e+01 4.342173313340354923e+01 6.326618255420457615e+01 7.717439778186391663e+01 5.782651888582915944e+01 6.041683840503387160e+01
4.608085242692564441e-03 2.000460808524233869e+01 3.180533847100572586e+01 3.887640398822656351e+01 4.716053656388729109e+01 4.846791850191856810e+01 3.997280970178574222e+01 3.585933185843952486e+01 1.573073213609908905e+01 3.585620358716339950e+01 3.390886331512345464e+01 1.932267662812333597e+01 3.941173244628480177e+01 3.332491272445395936e+01 3.991266891099309078e+01 5.407665862357209363e+01 7.413971122993476115e+01 9.083959847059014692e+01 8.232609403172091334e+01 7.578192803844703462e+01 5.904618139191558868e+01 7.578192803844703462e+01 8.456018205919944819e+01 9.383591883908657394e+01 8.915910789189267405e+01 8.292210211873779713e+01 6.651174886160154642e+01 7.228226903482081411e+01 5.265219416959795495e+01 7.228226903482081411e+01 7.466710328476648328e+01 5.492012932636806966e+01 5.233479357732857551e+01 7.141482167170403272e+01 8.293882032646699543e+01 6.381891504260226355e+01 7.966777259894126928e+01
1.610643649003322799e-03 5.775113335545236204e+00 1.180534022710045683e+01 1.887640803896580621e+01 3.042341342183071262e+01 5.042339603253391545e+01 4.537867118893386476e+01 2.519268610374141559e+01 3.569751268592233373e+01 4.408248553483789323e+01 3.573000737092077372e+01 3.941173244628480887e+01 2.522925805409004951e+01 3.681843708792601433e+01 5.691591858798216919e+01 5.626247204870379903e+01 7.624520859441477683e+01 7.939317509489553970e+01 6.280170182000295398e+01 7.835707956598257340e+01 7.901391583990987044e+01 8.732788540954629752e+01 8.584203517451288690e+01 7.739258781054344638e+01 8.584203517451288690e+01 9.424357116592580041e+01 8.611841828463444415e+01 8.035954352798763978e+01 6.254652279166676720e+01 8.035954352798763978e+01 8.279447608263816960e+01 6.637064746812296789e+01 6.380461410011965029e+01 8.023886330479827222e+01 8.922614500827526740e+01 7.036238814320120127e+01 8.922614500827531003e+01
2.022278438842990342e-03 2.000202227843848846e+01 3.180533847100572586e+01 3.887640398822656351e+01 4.716053656388740478e+01 5.870718716611180099e+01 5.379957208345741293e+01 3.989605812421569198e+01 3.931699815280632038e+01 5.874749183296831490e+01 4.990844884116917513e+01 5.356637818294733222e+01 3.525605976086357174e+01 4.539484157016619292e+01 6.512074838709054347e+01 7.624520859441477683e+01 8.087217454776794057e+01 7.076838465122892785e+01 5.211919295190866563e+01 5.904143336412082022e+01 7.835707956598257340e+01 8.236330531693059243e+01 7.391843593912614097e+01 5.701866107422599583e+01 7.565143353301805007e+01 7.888719195571184173e+01 8.733134384801515182e+01 9.010180806521573516e+01 8.201801527797481128e+01 9.010180806521573516e+01 9.412524175094085876e+01 8.600027269167648569e+01 8.345504163636000783e+01 9.157681811815831452e+01 9.705254260374265129e+01 8.375513069058965243e+01 8.579216607612092105e+01
6.642187732006160465e-03 2.000664218773165004e+01 2.389081233410346528e+01 3.803294795783391891e+01 5.803294795783320836e+01 5.937343836514511253e+01 6.765770961262055039e+01 6.154293512561745416e+01 5.876822318505824683e+01 6.648399087121276807e+01 6.966655337619613420e+01 6.365563332189160661e+01 5.538071916420290819e+01 6.365563332210489023e+01 7.423884507737525951e+01 8.808367409329153475e+01 7.253319310832189615e+01 5.340273249858039151e+01 4.377175923615261155e+01 6.258592048376093686e+01 7.607964343447936528e+01 7.391843593913900179e+01 5.355198602922413187e+01 4.686391538696327075e+01 6.720562444238480282e+01 5.849830177852536650e+01 7.134013064597984055e+01 7.978351511734535961e+01 8.380719315852583406e+01 7.552115565061065183e+01 8.380719315852583406e+01 8.640513464150046730e+01 8.119331781136280313e+01 8.945974871498192726e+01 9.789453965833484972e+01 1.024343419739684862e+02 1.044853517834091150e+02
1.591255364720534126e-03 7.560880715549232356e+00 1.910788609934154181e+01 3.325002172307199544e+01 5.325002172307128490e+01 3.937343836514440909e+01 5.611070422881627451e+01 5.552254717892625280e+01 6.380681842636690959e+01 7.380681842635459589e+01 8.310501299572955247e+01 7.269815296072465571e+01 6.425637285907932039e+01 7.269815296072465571e+01 6.757817896091033560e+01 6.762755237597184532e+01 7.037532429381860766e+01 5.133705847159389890e+01 3.787858491543996564e+01 4.880060826713560118e+01 6.781002131919062492e+01 7.388477542245215091e+01 5.951718109914533983e+01 3.909124307811385535e+01 5.951718109914533983e+01 4.673504608381299619e+01 5.095455717125353345e+01 7.134013064597984055e+01 7.371919230554816238e+01 5.527401791150113297e+01 7.371919230554816238e+01 6.626059822185666803e+01 6.099598578268440008e+01 6.953238272769402784e+01 8.945974871498192726e+01 9.750011290480610171e+01 9.478686181002828448e+01
6.189296070378335485e-03 2.000618929607002272e+01 2.724583764144258424e+01 3.109483943604005773e+01 3.517732234067829467e+01 2.782643298135230125e+01 4.552254717892660096e+01 3.552254717892696334e+01 4.552254717892660807e+01 6.552254717892519409e+01 7.485428950804080728e+01 5.366996778928464806e+01 4.254854668265717521e+01 5.402695563199962692e+01 4.610840773833933781e+01 6.762755237597184532e+01 6.772485716991202764e+01 5.252884687096209149e+01 3.284804618057501102e+01 5.252884687096209149e+01 6.772485716991202764e+01 6.544214244520631496e+01 4.497883158981598228e+01 3.343757990391183199e+01 4.816450570754471272e+01 3.637934435206545203e+01 5.095455717125351924e+01 7.134013064591090370e+01 6.539758678105592082e+01 4.510049280912604530e+01 6.539758678105592082e+01 5.190104380319883859e+01 4.925446617559432383e+01 6.099598578268440008e+01 8.119331781136280313e+01 7.749092914523056663e+01 8.316546465076665129e+01
2.247884206357958405e-03 3.594353924741848783e+00 7.245837641442940402e+00 1.109483943604041301e+01 1.517732234067900876e+01 2.017732234067891994e+01 2.552254717892731506e+01 4.552254717892660096e+01 6.380681842636690959e+01 7.380681842635459589e+01 8.310501299572955247e+01 7.269815296072465571e+01 5.402695563199962692e+01 3.203230821245255555e+01 4.774043174712601711e+01 6.920396685504287859e+01 5.956793605151236903e+01 4.026800601022173964e+01 2.828431578941165014e+01 4.026800601022173964e+01 5.956793605151236903e+01 6.056514920149222547e+01 4.007288943476142862e+01 2.776144476736735101e+01 2.715497661478175218e+01 4.816450570754328453e+01 6.297540372817874754e+01 7.244501482945388204e+01 5.219968694887750615e+01 3.829148060057423208e+01 5.304071284918102691e+01 4.013479903992295306e+01 6.046382275718080024e+01 7.783946615770275912e+01 8.000034634183511173e+01 6.317220061128264774e+01 7.410681778818101861e+01
