LEM/sinusoidal_perturbations/elevation_000864.asc
nrows	100
cellsize	150.0
xllcorner	0
ncols	100
yllcorner	0
NODATA_value	-9999
[rows 17 to 33 of 100, columns 0 to 36 of 100]
5.222468517465790779e-03 2.000522246851711117e+01 2.931193897030053819e+01 3.508842611559113323e+01 3.512989538790322541e+01 5.153213822893730622e+01 6.308986663870184941e+01 4.856296310571584485e+01 3.024070764714781490e+01 2.745455628745981613e+01 8.170696089815002949e+00 2.527503711703508316e+01 3.233013953978501576e+01 4.547544968460508130e+01 3.431826989568507713e+01 2.595669816668096530e+01 4.801044553434066842e+01 6.339904463890987785e+01 6.339904463890987785e+01 8.164307171492690429e+01 7.639314968476934098e+01 6.025284515432684884e+01 4.671655396495788892e+01 3.668830937140163684e+01 4.104658467525155885e+01 5.706200289886955090e+01 5.682697621409118227e+01 5.252548481017160498e+01 3.331898167636727237e+01 2.233951719477911624e+01 4.261082375363147179e+01 4.489033385043825319e+01 5.327379561280880438e+01 6.740418375468443912e+01 6.821162507222037164e+01 7.674372961153699180e+01 7.501459949529028393e+01
7.333276091007126865e-03 4.595647953517555173e+00 9.309693161946931639e+00 1.508319591032971374e+01 2.324816631503074760e+01 3.479510612869890451e+01 5.479185496723723503e+01 5.644398362987725193e+01 3.648947500867471661e+01 1.621531675770850356e+01 8.472637687351303626e+00 2.236913025161733160e+01 4.093996329753351660e+01 5.351941196153782698e+01 5.589163635362212545e+01 4.801044553434066842e+01 3.472287858204084898e+01 4.202823972652772966e+01 5.326494389085220149e+01 7.373715546885456718e+01 8.604276501932001509e+01 7.314780508515431734e+01 6.380731549987186924e+01 5.172636629943288256e+01 3.180498548990069452e+01 3.778432020329950802e+01 5.402281064888438067e+01 4.888240928814345665e+01 4.097408954570391870e+01 2.140481252147992919e+01 4.164836858165514144e+01 4.444769488575118999e+01 5.279217428172224658e+01 6.339886195577693684e+01 7.160615727984773571e+01 7.914204554448426165e+01 5.922399649252785991e+01
6.343274376862209282e-03 2.000634327437650839e+01 2.931193897030053819e+01 2.564038831361008519e+01 3.508842806356381061e+01 5.153213822909744124e+01 6.051840015949524343e+01 4.352823503069560473e+01 4.050025149736936925e+01 2.798412906225052765e+01 8.774840147458785822e+00 2.622858666175087805e+01 3.669569179898574163e+01 3.337423065366056818e+01 5.357023532642819674e+01 6.485488996783327309e+01 5.661906661082571190e+01 6.339904462686679665e+01 7.149209652454669595e+01 8.181140282436942357e+01 8.215758884821228492e+01 7.174422783773742651e+01 6.282842715793648125e+01 5.810281054431042236e+01 4.730618668786310366e+01 2.728467903252726856e+01 4.750071328181552133e+01 4.100078687897532603e+01 2.007999422927269961e+01 2.523297789350259279e+01 4.049187769170667650e+01 2.520134624446320615e+01 4.435791567875188690e+01 4.348010871918483389e+01 6.339886195577688710e+01 7.709084900112918604e+01 5.922399649252626119e+01
3.497053469895897767e-03 1.414563267720072126e+01 3.414563267720001249e+01 4.564846595735363621e+01 5.394582651658478767e+01 6.342832188607594190e+01 5.366169017362098970e+01 3.027054428124147023e+01 2.134443237722338793e+01 2.674782736732403521e+01 9.077031003498115425e+00 1.128980262648731703e+01 1.694968319343092489e+01 3.116025641512526079e+01 5.123290367168948478e+01 5.450902307993236917e+01 6.207584700577744741e+01 7.030390802260757255e+01 8.177269920701526473e+01 8.835609885068600988e+01 6.742737464115553792e+01 5.270207604262934353e+01 4.236207237061861264e+01 5.191705125040228808e+01 4.487614188793691028e+01 2.432802771980186307e+01 4.464691286293315642e+01 3.723581009437391032e+01 1.915924628763855253e+01 1.948634020365615882e+01 1.981909791068717652e+01 2.015544737643325490e+01 2.041823637427864924e+01 4.780710734201913681e+01 6.139690079482119245e+01 5.714039442600176955e+01 5.345977997583582919e+01
9.635555453094322986e-03 1.415177117918391936e+01 3.415177117918320704e+01 4.763216721004184251e+01 5.553572790296215800e+01 5.244684847865713806e+01 4.193898231001645627e+01 3.011319532444787939e+01 9.761425894975429784e+00 9.504744268718512856e+00 2.440048705614564284e+01 3.020611678056079086e+01 3.702748792402002920e+01 4.532529818029691171e+01 4.498040913423540132e+01 3.429581389101883815e+01 4.205591269068461457e+01 5.368001863776661509e+01 7.354476187028133438e+01 8.290628389257298636e+01 7.692787790414499227e+01 5.624336210564962357e+01 4.164455859713313401e+01 3.115422539057115259e+01 4.221044689217654877e+01 2.150577087960826006e+01 3.834034891923492694e+01 1.873463471073754505e+01 3.947624718471894312e+01 4.258995763722041517e+01 3.187882808418322966e+01 4.108398773005279025e+01 2.060132524290816747e+01 2.594867735745171089e+01 4.873926053682475157e+01 4.718593323923563787e+01 3.695356296383275918e+01
8.845047570523793118e-03 2.000884504757016913e+01 3.391592982440391069e+01 2.816356377602827976e+01 4.757906847611953083e+01 4.423678699555767935e+01 2.743637370646636597e+01 1.809842634390376759e+01 9.922578974279872455e+00 2.682093203652811297e+01 3.513351220482960713e+01 4.042434857379471680e+01 3.301544009023691473e+01 3.752569987432566734e+01 2.456481741661299623e+01 3.645646409416586664e+01 5.662437187042178266e+01 7.030390725281007747e+01 7.037970176261703159e+01 6.310042959784533423e+01 7.712033491889965831e+01 7.083836173303575379e+01 6.051672950312771349e+01 4.408014878033353767e+01 2.302843296521449190e+01 1.922085985622235427e+01 1.832703394364515859e+01 3.867894676630580619e+01 4.648062361816320731e+01 5.750401763078760808e+01 5.144853373992928880e+01 4.938780066029571003e+01 3.562039570568259705e+01 2.110126364741502059e+01 4.211095092078983271e+01 2.199281186654513220e+01 2.460015721192254645e+01
8.023991185656003874e-03 2.000802353554254509e+01 1.410946539875042127e+01 2.407382398989278371e+01 4.338603386332515299e+01 4.142031261888224947e+01 2.499952633570833171e+01 1.748977465684513888e+01 2.984663556323423705e+01 1.035571401386513735e+01 2.204061160656240048e+01 3.027980206309408473e+01 1.413175722964794367e+01 1.728222719636949023e+01 3.752569987432566734e+01 5.326814488741604237e+01 6.486648898088793658e+01 6.457752608656622328e+01 5.055619261393486141e+01 4.907554688244646712e+01 6.890132058631594703e+01 6.817858973704244363e+01 4.774278558471166889e+01 3.310591974347399002e+01 4.408013511326187484e+01 3.878147041490038305e+01 1.805497955589910575e+01 3.807453056652601475e+01 5.216303337341663848e+01 5.447613766670192348e+01 6.795997842929538990e+01 6.347244896200786712e+01 4.459513411571891339e+01 2.408116324900682059e+01 2.159981485126624179e+01 2.194622784793011050e+01 3.773019122272768300e+01
4.598823041778624977e-03 5.168570519557131426e+00 1.671290731046687839e+01 3.673073854113373216e+01 4.306893780012606499e+01 4.953899150100239979e+01 3.727634971911917461e+01 2.320196314321056619e+01 2.472826154462572745e+01 1.262948788077579287e+01 1.078609096470966833e+01 1.108913729239886692e+01 1.139281936547584984e+01 3.150804424222992495e+01 3.866318599591816252e+01 4.611892109211176205e+01 5.531492908942054498e+01 5.636236400523397094e+01 3.647479952398653325e+01 5.636236400523397094e+01 7.004729192396537485e+01 6.817835269891349981e+01 4.774278501412155151e+01 4.774372278565983407e+01 4.849799745440604681e+01 2.761789433829003215e+01 1.778921577304923574e+01 3.749630617021546897e+01 3.735591791115808746e+01 4.426828480862060644e+01 6.357604121624372340e+01 5.891658908202957434e+01 3.866449106908938660e+01 3.866513149339415634e+01 4.261822396705248650e+01 4.034818943630217092e+01 2.245096124518304848e+01
7.340434288523949372e-03 2.000734026567553414e+01 3.336409758593266162e+01 4.512806382792003035e+01 6.043859337250025021e+01 5.135665539811115110e+01 3.317244046384730183e+01 3.253272219874595805e+01 3.119987423084057454e+01 1.870422087362173613e+01 2.910182070274149524e+01 3.122433826998040729e+01 2.537252856107220467e+01 1.182298687724550668e+01 1.854598862295430450e+01 2.815196409691084156e+01 4.621485614333244740e+01 4.331288836961051203e+01 3.041674695731835598e+01 4.197255361132447149e+01 6.183173394310490067e+01 7.663482479344486364e+01 6.817834939208742639e+01 6.821171403841076142e+01 5.481565601246465036e+01 1.776460726785790101e+01 1.752362662217323575e+01 3.483067707913718181e+01 2.812871108819983235e+01 4.044464690816634800e+01 5.870868202813134928e+01 6.718267418026553628e+01 5.891638336887519500e+01 5.894497087395899371e+01 5.124258468025600166e+01 3.089690260155981250e+01 3.083889201742128350e+01
3.515918393995972821e-03 2.000351591839364218e+01 3.461998977260784471e+01 4.340238963758400814e+01 5.470367046491028873e+01 6.080929513495463823e+01 5.080197265538789253e+01 4.760723796731076618e+01 3.326763178556898737e+01 2.973171712662995603e+01 4.491888493496580992e+01 4.145022560985691484e+01 2.119677904823944559e+01 2.538109434383267526e+01 1.225257143650248715e+01 1.872592547492365256e+01 3.630262287042259572e+01 2.284595778263975419e+01 4.331288835449647934e+01 5.858571637583251857e+01 6.374923715536874624e+01 6.086628303883482971e+01 5.923661935379091403e+01 5.937932091150516101e+01 5.424198757977585217e+01 3.393697773066745782e+01 1.725271423871414811e+01 2.131149560869693360e+01 3.840507475869785736e+01 5.096015888237857183e+01 5.977142307791169173e+01 7.008562966355370349e+01 7.166372015718744137e+01 5.178896418476431052e+01 4.018368602753250940e+01 5.124258468025631430e+01 4.859549261699565648e+01
4.608085242692564441e-03 6.673475353001246724e+00 1.385268153203690211e+01 2.436666909425548511e+01 4.012007834499888759e+01 6.325260348691517009e+01 6.245089149473388090e+01 5.972904437727488869e+01 5.180925775684448809e+01 4.463056129059754085e+01 5.317545780606148753e+01 3.290674975624963139e+01 4.147319486174586700e+01 3.719886246677206287e+01 1.804193237170239783e+01 1.268182062735798610e+01 1.338328087933414956e+01 3.671131860754814369e+01 4.768513606301335273e+01 4.502162964918738908e+01 4.430394799245387816e+01 4.038449409796266565e+01 4.122747567618507247e+01 3.809038349428227122e+01 4.463863860500057967e+01 3.640478536425069933e+01 1.697217279420817704e+01 2.103427401007320796e+01 2.518632178671538924e+01 3.087896575043051683e+01 4.092061357548591616e+01 6.162564744122154536e+01 7.997871153611291106e+01 6.018935386360632123e+01 5.178896430006331286e+01 6.847259852863544438e+01 5.862917308317420861e+01
1.610643649003322799e-03 2.000161064364864671e+01 3.461998966175155346e+01 4.137872218844717054e+01 4.961935880438578295e+01 5.783756717993367857e+01 4.395286086488295751e+01 5.018337601941180992e+01 6.483028577990293684e+01 6.671984412673604936e+01 6.147175252155903280e+01 4.466959091453625774e+01 4.859494171989407363e+01 2.804707820496241766e+01 3.759226637828795958e+01 2.689525620355204083e+01 1.310416807967868813e+01 3.326852094660051051e+01 3.105743490865730649e+01 2.485217921715605627e+01 3.511464124525750918e+01 1.531761134618500897e+01 3.287824761813240571e+01 2.439722135117330737e+01 3.618188670205726964e+01 1.655666293546756407e+01 1.850490822799277879e+01 3.792420909840542009e+01 4.441287175848823665e+01 5.127201964748756779e+01 5.976549726985079758e+01 7.007644105884486407e+01 8.847012013942780584e+01 7.998259788921795632e+01 7.166449937371791634e+01 6.444652058919939464e+01 4.452305160368396741e+01
2.022278438842990342e-03 2.000202227843848846e+01 2.522277061739233517e+01 2.147812358976136338e+01 3.514819562027390987e+01 4.078478507738174841e+01 3.039580838973212451e+01 4.122940562594810388e+01 5.709146103221858226e+01 7.961240738255510507e+01 7.306352934556112189e+01 6.479468806109392176e+01 4.859494171990459677e+01 3.992473931215351968e+01 5.477198890809457765e+01 4.010616340968911686e+01 3.042695217301948318e+01 1.352619495389307502e+01 1.383120079232635469e+01 1.414489934253901282e+01 1.446527053562435228e+01 1.479500131663392004e+01 1.795597390946608485e+01 1.577176112494917604e+01 1.610989228022702235e+01 2.036686403664583622e+01 4.080042031200420638e+01 2.833345941500474297e+01 3.653425544567156891e+01 4.493199355158628805e+01 5.480118035797112697e+01 6.845544052303824856e+01 8.785173267340834968e+01 7.940725342467828796e+01 7.053592089314291513e+01 6.252220217828067916e+01 5.230788914906539588e+01
6.642187732006160465e-03 2.610420377777936896e+00 5.236548568397253689e+00 9.950416013383636127e+00 1.529360194628961267e+01 2.105685459548239535e+01 4.078478507738174841e+01 5.491735452839775888e+01 6.873613792166827352e+01 6.841386128671160805e+01 7.667899450513996840e+01 7.710705557013889688e+01 6.868884141288259571e+01 6.043865845990773522e+01 5.412808619543885413e+01 3.902183349035193771e+01 1.842282016737651773e+01 1.553900497957729065e+01 1.520934779613455312e+01 2.713053550142068104e+01 3.211792135445574559e+01 2.977951951155180055e+01 1.528050392915860201e+01 3.557415092033458137e+01 1.872742974588471654e+01 2.197069410754899010e+01 4.200319024320418748e+01 5.020689080352785538e+01 5.704309353914140956e+01 6.446153971070899047e+01 7.252973979661868498e+01 8.222222474532075864e+01 8.317618856009305262e+01 6.140871027685637529e+01 4.871048851936093627e+01 4.129759072635392414e+01 3.505761466291227180e+01
1.591255364720534126e-03 2.000159125536436378e+01 2.522277061739233517e+01 9.886362103284634273e+00 1.336769099222415313e+01 1.695916281159662375e+01 2.694947354491075586e+01 4.105306727879563056e+01 5.209910492724811348e+01 4.843291114717050050e+01 6.668007846109018999e+01 7.822363769307000325e+01 7.184545162086727998e+01 6.183694203923507615e+01 4.580053554238516256e+01 2.490724215732948110e+01 3.902183349035193771e+01 2.982849205693442585e+01 3.474957745828832856e+01 1.952077346339283181e+01 3.799998377989237497e+01 4.706041048698349272e+01 3.905540102800111413e+01 1.847703248039725921e+01 3.685364184213717920e+01 4.200319070311697089e+01 3.000001890977653574e+01 3.652498919978637559e+01 4.377194542029287305e+01 5.275213966623128670e+01 6.417860618164390019e+01 8.395616598250107643e+01 9.182379086937467605e+01 7.940725342467828796e+01 7.053592089314291513e+01 6.248017053720158742e+01 4.627826526587737987e+01
6.189296070378335485e-03 1.155319467986279314e+01 3.155319467986243609e+01 2.142700458822141130e+01 3.334905687911562211e+01 3.689601711569779496e+01 2.261268640488591686e+01 2.697259762032494024e+01 3.212864605167198562e+01 3.844105191766674778e+01 4.996955836182156219e+01 6.995557046177715677e+01 6.362616551574873114e+01 4.353711631216859956e+01 3.299487436061831147e+01 4.580053554098649471e+01 5.412556121765320682e+01 5.271239287643666671e+01 4.267463847320416193e+01 2.330609347602828407e+01 3.407506579811674641e+01 5.447319955945226155e+01 4.785963444604773542e+01 3.954997323126409725e+01 2.176325316037202384e+01 4.258754357421558723e+01 5.028415520849047482e+01 5.664742957522161504e+01 6.368926568707511393e+01 7.190689665688358900e+01 8.076549856306768049e+01 9.220876160548249345e+01 1.060833823076129505e+02 9.162127614881256932e+01 8.313990654883893683e+01 7.237761501156420252e+01 5.702876104529648416e+01
2.247884206357958405e-03 2.000224788420600319e+01 3.983746592732368441e+01 4.140361656488141762e+01 4.967138472158602269e+01 5.087079951988817328e+01 3.677510920437233466e+01 4.109191083237130471e+01 4.327705197471390619e+01 5.841708906974478310e+01 5.256271793604425824e+01 7.255092843486488619e+01 7.184545358705391038e+01 5.358164129851156332e+01 4.246018131965063702e+01 6.183062503227926499e+01 6.161750830754171204e+01 4.060752973081253714e+01 2.962800526151218250e+01 4.267534943969594252e+01 5.124656712808048553e+01 6.338692195421909048e+01 6.207841906487121975e+01 4.474250866305444418e+01 2.407305579443050902e+01 4.474250866305444418e+01 5.092452411088801512e+01 5.602006319965341419e+01 6.143567610856047168e+01 6.728340460021857439e+01 7.407801670715689113e+01 8.263191945092805213e+01 9.296201536837033075e+01 7.715895046537724511e+01 6.387836834214708404e+01 7.095696586746856838e+01 6.176708194280002573e+01
