LEM/sinusoidal_perturbations/elevation_000220.asc
nrows	100
cellsize	150.0
xllcorner	0
ncols	100
yllcorner	0
NODATA_value	-9999
[rows 0 to 16 of 100, columns 37 to 73 of 100]
1.135001392464791934e+02 1.121915736018432028e+02 1.038463303002716316e+02 1.038463303002716316e+02 1.083836527593564512e+02 1.142893636550192724e+02 1.065425286099122530e+02 9.822989621046909292e+01 9.822989621046909292e+01 1.027797764385519059e+02 1.085310663348844997e+02 1.054749301570189175e+02 9.696647214385001234e+01 9.958044289173288632e+01 1.080396246296756004e+02 1.072026610076342479e+02 9.858684621561609163e+01 9.820476975200892866e+01 1.067906225749071893e+02 1.055562620106817633e+02 9.696993744285703087e+01 1.055562620102945885e+02 1.127212563777282526e+02 1.043985981808362880e+02 1.127212566641259883e+02 1.067586903983229831e+02 9.840944321713206477e+01 1.010447502456505333e+02 1.093823857149805434e+02 1.154514762415490026e+02 1.072029822690286380e+02 1.086383378858077577e+02 1.003143538539909514e+02 1.086383378858077577e+02 1.218633441886963453e+02 1.136129237476251603e+02 1.218633441886963453e+02
1.050505441322675892e+02 1.038463303002716316e+02 8.351561816204201705e+01 8.351561816204203126e+01 8.807481201838047014e+01 9.402313375337463697e+01 9.822989621046909292e+01 7.733113170506312883e+01 7.733113170506312883e+01 8.207912364828052887e+01 8.812456675009012486e+01 9.362500679327980890e+01 7.656863271808340698e+01 7.921058791683624634e+01 9.958044289173288632e+01 9.524844193167621142e+01 7.792092399809186531e+01 7.760997190966632786e+01 9.487767182619940343e+01 9.524599394714425671e+01 7.639442015986011825e+01 9.524599394714425671e+01 1.025456063573114420e+02 8.394017500433942303e+01 1.025456075270129901e+02 9.504412716785572002e+01 7.806398792410840315e+01 8.070586862073086820e+01 1.010447502456505333e+02 1.037578984337767025e+02 8.680817734497381366e+01 9.842958851935732412e+01 7.976363426800436685e+01 9.842958851935732412e+01 1.117253283258731358e+02 9.318870513117983023e+01 1.117253283258731358e+02
1.135001392464791934e+02 1.050225847418928709e+02 8.947034588097780272e+01 6.917045593341148901e+01 7.370638079075214932e+01 9.402313375337463697e+01 9.629960184498611397e+01 8.345223811027580041e+01 6.218211807105682709e+01 6.698666677180548845e+01 8.814220447556282068e+01 8.517678030719702065e+01 6.489906506393668906e+01 8.251940345770570673e+01 9.094452516382791885e+01 8.607071455492581435e+01 6.622591967706263461e+01 6.592970662761796063e+01 8.500890070724844350e+01 7.648665026462424521e+01 6.629112172788335045e+01 8.668217880135732401e+01 8.394174369887883813e+01 7.371410080519051178e+01 9.416938659242131848e+01 8.666298912691928535e+01 6.647501368997006921e+01 8.666298912691928535e+01 9.970717356872529535e+01 9.542515149034646527e+01 7.493547028673374655e+01 8.362274887763656750e+01 6.951508345544621648e+01 8.741072544397874822e+01 9.311850047051346735e+01 8.283618650162443942e+01 1.034008144394025237e+02
9.824666688392953517e+01 8.984074687454372565e+01 7.634303704772673882e+01 6.206375264229834698e+01 8.229325096134543571e+01 9.814762504162487744e+01 8.785227149078136222e+01 6.677906770142836024e+01 5.477033591239992205e+01 7.593211505208391543e+01 9.139115620448727384e+01 7.876265940664997345e+01 5.857393455871056887e+01 6.229417103983589499e+01 7.840586224654046532e+01 7.751904232142602780e+01 5.727096721266388357e+01 5.697891338770257619e+01 6.823745951966115797e+01 5.628034214856990047e+01 7.648665026462424521e+01 8.394174369891094045e+01 6.361465010732845116e+01 7.564324248993175104e+01 8.192568611945318935e+01 7.354186623927974154e+01 6.051656530231259268e+01 7.184881832693186254e+01 9.149454347764888951e+01 9.650632642524297466e+01 7.634194360233790633e+01 6.319130072327671854e+01 6.188216635777068575e+01 6.690872635454508099e+01 7.253882494353047150e+01 9.311850047051346735e+01 9.660377524854058606e+01
8.984074687454372565e+01 6.936657437157231243e+01 7.536332065850949391e+01 5.733396167063587967e+01 6.904490867368996021e+01 8.964506701438241976e+01 8.778208729067740990e+01 7.064929841585153270e+01 4.966901417877885194e+01 6.169726724071792745e+01 8.287800041655422945e+01 8.719347035666811507e+01 7.084236007682578418e+01 5.074929765869820386e+01 5.823612123240428673e+01 7.033543507811786810e+01 5.027962196489561819e+01 4.890924356284770624e+01 4.821946518486463162e+01 6.228744752954769837e+01 8.260205916247568325e+01 9.235213063897812447e+01 7.564324249001069234e+01 5.545819266682061510e+01 7.354186623927974154e+01 5.353670345726755642e+01 7.354186623927974154e+01 8.893810783601273329e+01 9.536450375890912312e+01 9.086996043801616452e+01 7.039904127886819651e+01 5.612168808831544453e+01 7.639483699525825955e+01 8.741072544397874822e+01 9.311850047051346735e+01 1.015114742731810367e+02 8.751082811717691357e+01
8.471662609274808631e+01 7.528287007218706606e+01 5.498330511360553885e+01 5.305920549807343178e+01 6.697108714876362967e+01 8.636518212842641162e+01 7.869750461961002941e+01 5.748737729611310243e+01 4.556499507124332382e+01 6.018994226015301052e+01 8.128011760553097531e+01 7.632549627651044943e+01 6.817602087958712787e+01 6.414341268371104832e+01 4.411596998994640728e+01 6.414370160066368953e+01 6.137134410801127871e+01 4.176752211628382838e+01 6.137134410804577556e+01 7.671568020277511835e+01 7.571195936457269227e+01 8.427532003851739262e+01 7.043148503611685385e+01 5.032019546542715460e+01 6.353336962263558263e+01 4.924827927127459049e+01 6.370522582655891597e+01 8.344512627284468920e+01 7.159306604710178590e+01 8.405956673108316579e+01 7.310609799114004659e+01 5.290234100898085501e+01 7.310609799114004659e+01 9.012338785379658646e+01 9.700838253086875795e+01 8.861369012202889905e+01 7.911686390244364020e+01
6.796237456542803557e+01 5.635786714719863966e+01 4.741436394544961530e+01 6.750530854622866173e+01 7.406528483396414231e+01 8.240636299135650233e+01 7.664835564615208341e+01 5.630773744361348321e+01 4.193680496960597992e+01 6.256387278447409273e+01 7.968089142548991788e+01 6.816785662297286308e+01 4.842191571147350260e+01 5.432475040632365904e+01 4.001061299746329780e+01 5.996857904557308672e+01 5.814765423686822743e+01 3.894048264704097306e+01 5.396872977773519864e+01 6.126293287047392511e+01 5.541639695110917074e+01 7.571195936457151276e+01 6.770943423975164421e+01 5.933209516244073711e+01 4.364982227499718448e+01 6.353051175103098558e+01 7.667653483546064308e+01 7.197181077269866023e+01 5.416750288273432545e+01 6.366943980051756569e+01 6.995080127889423238e+01 4.978548010286173309e+01 6.134715386810142945e+01 8.170362864223773158e+01 8.861364317710963689e+01 6.800551594760158025e+01 7.401596878576918925e+01
7.720926087468613730e+01 6.427739131175526666e+01 4.426050785133494969e+01 5.985410176235185276e+01 5.396764105756999186e+01 7.406528243914995357e+01 7.381767469984802688e+01 5.290138284877575359e+01 3.857245343796110859e+01 5.019678830626276778e+01 7.109075122451790207e+01 6.825078058454376162e+01 4.843005993769035911e+01 3.447403563914740943e+01 4.946078867278432512e+01 5.005422005650459738e+01 5.057780879581417821e+01 5.045030714319869247e+01 3.506166709133443504e+01 4.175428528484278701e+01 6.136072286432325740e+01 6.707183253643633236e+01 5.842963100697951973e+01 3.985472935201863720e+01 5.933209481117435047e+01 6.469591012388841023e+01 5.391259764985860414e+01 5.757707731647820282e+01 4.144749039959432224e+01 6.249351929262518013e+01 6.291706937802276656e+01 4.679250402178050905e+01 6.102233348851245864e+01 8.135542878313749782e+01 7.777412449367407987e+01 7.389845273267413006e+01 5.362970430657507848e+01
5.706782338082749817e+01 4.950332730184269536e+01 4.455393374802234518e+01 3.995918240504745000e+01 5.636296899754047018e+01 6.468128784115722851e+01 7.549497376662489501e+01 5.579507964318435853e+01 3.549894747676385265e+01 5.142003173362267887e+01 5.821395660689489659e+01 5.081466943687813398e+01 4.820486553879422331e+01 2.980724952581672937e+01 2.971736416356862520e+01 3.026821886577368304e+01 3.081250617257167690e+01 3.134894263359415589e+01 3.984468233376134805e+01 5.187586969751430388e+01 5.321015960177000892e+01 4.900836632328324072e+01 3.656419218452404607e+01 4.125149079176153322e+01 5.611852003442781012e+01 5.141767605189523493e+01 3.658554265201464517e+01 3.714592324953432012e+01 3.771294611592153245e+01 4.890384649911731429e+01 4.263690612767960886e+01 6.293625048560611646e+01 7.512492608616855705e+01 7.003619035007092464e+01 5.735486542619449324e+01 6.422473001620589628e+01 4.602148330850135238e+01
6.107675308240435896e+01 6.369075449915214193e+01 6.457304874409746276e+01 5.049221839042098026e+01 3.658662883780150565e+01 4.719140625052305893e+01 6.134319000857401250e+01 6.439955438793265330e+01 5.142006131615278264e+01 3.128090374012702668e+01 4.723721820407518379e+01 2.783222639230855222e+01 2.838413652063927017e+01 2.893605383068334902e+01 4.870804918448733645e+01 4.982427666683737044e+01 4.462365263951500793e+01 4.618639470320170659e+01 3.210554111601283012e+01 3.263372664615621943e+01 3.475740617254041354e+01 3.392855838218311959e+01 3.434249486825590481e+01 3.478560579257448637e+01 3.527020096769526702e+01 3.580294579220149842e+01 5.569054848901504329e+01 5.751405584140819371e+01 5.815582250516025198e+01 3.854131247349816647e+01 5.902327838784644598e+01 6.828940996900666960e+01 6.945753618183363187e+01 5.677264648005667880e+01 4.300906099617748168e+01 4.427043327926232763e+01 6.445411045010152407e+01
7.270120872139659696e+01 8.386847382776728921e+01 7.884158452327713462e+01 6.463236800899753121e+01 4.719017036188235892e+01 3.335479372416975252e+01 4.988905061469706226e+01 5.817083361464251823e+01 5.519267034367520353e+01 4.634489447597445633e+01 2.705250028097032811e+01 3.965778912432007530e+01 4.789461723562239825e+01 3.148047622420161318e+01 5.063268867500794812e+01 6.279940866076352535e+01 6.390496332947236624e+01 5.449322979113803456e+01 5.639314827219031656e+01 5.037749443748226952e+01 3.331718231449812606e+01 5.337464834735899899e+01 5.401224882071337419e+01 4.310008456574514213e+01 3.743831955117227039e+01 5.544546900801997680e+01 6.396311838172605491e+01 6.662418766039655793e+01 4.641705415855670225e+01 5.902454068207200777e+01 3.942906176703907306e+01 5.990729585012974212e+01 6.143363411487739967e+01 4.202619966484590464e+01 6.234621934904288310e+01 4.416184023492458977e+01 4.496816412280780639e+01
9.292496789397948476e+01 8.898953762517315624e+01 8.094752456791394479e+01 7.536490249140432240e+01 6.132788807658624819e+01 4.988905061469706226e+01 3.020405492374666068e+01 4.682939385916966302e+01 4.552070170914230118e+01 2.628716132761889313e+01 4.404961366567030012e+01 3.934350206102988068e+01 5.655627033567076722e+01 5.063354464799414956e+01 3.515351319288718912e+01 5.502479782872885039e+01 6.783081987976898120e+01 7.533655642375789796e+01 7.118353177811161459e+01 5.071557762802616764e+01 3.774695745208335040e+01 5.890168978323122673e+01 5.933267375802052612e+01 4.040093156365070115e+01 5.571462409496243140e+01 4.660652595035719514e+01 6.620346832588072061e+01 7.251430899589981038e+01 5.230643862087568152e+01 6.751917744445221103e+01 5.582936779777010372e+01 4.035125663364300408e+01 4.104026285579180211e+01 6.143643749584463620e+01 7.072272123347508455e+01 5.843294354848518424e+01 6.512109310424929731e+01
8.310566376311865611e+01 8.094739419337170716e+01 6.121927915045706214e+01 6.700232841030708641e+01 7.520859638483209153e+01 5.777836181913837521e+01 4.679106381744362153e+01 2.703314927241542165e+01 2.552397600276827205e+01 4.449114973798936035e+01 4.143093486738918330e+01 5.081452340801875778e+01 6.409787955402322268e+01 5.502367846674660967e+01 5.502479785259330924e+01 3.972934411369793395e+01 5.392111018846082970e+01 7.410139398065027194e+01 7.988688097856551451e+01 6.227944571538994722e+01 4.201005819348495862e+01 6.227989823057114194e+01 6.205982765291997794e+01 4.258416586944981930e+01 6.205982176503582792e+01 5.614070518321576486e+01 7.460243383202475798e+01 7.891953642710659267e+01 5.865152927776951230e+01 7.355426842331519310e+01 5.335195383132560920e+01 6.076032996371494477e+01 4.244540191837915444e+01 6.301610513994073415e+01 7.492211915896702124e+01 7.888216722784623869e+01 7.855712643216440938e+01
6.202271830027567745e+01 7.949345962954146216e+01 6.700263529730698053e+01 4.719894958991448419e+01 5.766898258696304680e+01 5.333617957593283876e+01 3.593577520228453892e+01 2.476872973618958440e+01 4.369957372382695127e+01 5.229077379856523322e+01 5.909657606869212998e+01 6.563206490412875382e+01 7.420203466008696580e+01 7.519507507900492271e+01 6.344285625810267959e+01 4.333725705430300934e+01 5.752473270306014541e+01 7.773047040848591394e+01 7.976001430030636641e+01 5.996210232202873414e+01 4.577920584203863541e+01 6.575775057485321895e+01 6.492647791976469307e+01 4.506574010780724393e+01 6.492647791903472410e+01 7.031562934838250101e+01 8.467160298819038644e+01 8.611883017854502498e+01 6.574359154774717240e+01 8.214349427354204636e+01 6.764136171137958797e+01 7.190877748072415443e+01 6.323412413972894086e+01 4.633841929474576915e+01 6.104916130977332500e+01 8.133113274640383850e+01 8.689035745186193083e+01
4.928462059987835886e+01 7.093332125210505978e+01 7.520859638483197784e+01 5.766898258696304680e+01 3.789511898582231453e+01 4.991388086538107416e+01 4.429111447076161312e+01 2.426926766893398835e+01 3.881682163491191062e+01 5.971067756389257397e+01 6.311802751087640218e+01 6.980395219482031166e+01 7.810666004289190312e+01 8.162764591517311885e+01 6.138193537713867443e+01 4.720968531918228450e+01 6.138192899055368201e+01 8.162657856349777319e+01 8.341785477085693401e+01 6.366637052003404307e+01 4.956028599110414490e+01 6.945144631860080153e+01 6.791610470916789666e+01 4.786107621766811349e+01 6.791610470916789666e+01 8.096570243195719740e+01 9.902760574550175932e+01 9.441781343160607776e+01 7.590280011504381719e+01 9.441781343160607776e+01 8.823151848404872055e+01 8.920355141280451505e+01 6.968727927496161101e+01 4.949979494103655497e+01 6.374037867247113098e+01 8.404436736357892812e+01 9.820517133651928532e+01
4.131484455698792146e+01 6.327930018337467288e+01 7.977741054353415961e+01 6.588497064923865310e+01 4.991422019312763325e+01 3.018228837811276222e+01 4.261680492664189757e+01 2.379282100599668226e+01 4.383106284273908670e+01 5.462678666456932319e+01 4.323870838717285636e+01 4.981961294482808000e+01 6.393236846193525480e+01 8.397873427134715030e+01 7.160328955818063434e+01 5.147279066633149114e+01 6.565933228225972584e+01 8.595327182787509912e+01 8.736048132655237453e+01 6.764734854805774944e+01 5.357246575120684895e+01 7.342119146044798583e+01 7.632914617603080387e+01 5.934527043197997642e+01 5.238395029066867181e+01 7.254028415031055488e+01 8.603529604372924666e+01 1.045439087048611668e+02 9.633489749203828012e+01 1.045447266988616235e+02 9.258455147940649965e+01 7.206337670206539769e+01 6.046396519921925261e+01 5.246339960246988454e+01 6.386135417062968145e+01 7.819441200263810288e+01 9.872204650589257824e+01
3.463145186342103443e+01 5.665675660832485505e+01 6.117059845572455856e+01 6.091434695287486534e+01 5.111692507011635200e+01 3.277486221829816060e+01 2.314468551770310611e+01 3.782024722009725082e+01 3.019298524997508792e+01 3.487209760577641049e+01 4.623127477904060356e+01 6.615136096596948789e+01 6.393237087596337176e+01 8.397920344778451351e+01 7.636185129419394002e+01 5.617300241557930462e+01 7.040249732758013579e+01 9.074900446337500171e+01 8.911217249808528607e+01 6.942494435097579242e+01 5.792814737610122222e+01 7.774574602767881970e+01 8.804628727429509638e+01 7.962408206296311164e+01 6.393531886557944688e+01 5.735661978068868905e+01 7.760135946076248104e+01 9.029386572419070944e+01 9.870784018278722272e+01 1.089303410387923208e+02 1.010285285622915410e+02 8.920355483232812333e+01 7.555916847317440954e+01 5.547658479826037592e+01 7.555916847317440954e+01 9.063347476132074121e+01 1.024740185741383272e+02
