LEM/sinusoidal_perturbations/elevation_000171.asc
nrows	100
cellsize	150.0
xllcorner	0
ncols	100
yllcorner	0
NODATA_value	-9999
[rows 34 to 50 of 100, columns 37 to 73 of 100]
7.389002945781282961e+01 8.238305237754089205e+01 6.757453269714875432e+01 7.576963858061930068e+01 9.415873818510767990e+01 1.024850064197592729e+02 9.754710669386402344e+01 7.788196806160637209e+01 8.361082169429612065e+01 7.628409228487352323e+01 6.220785641217329243e+01 4.247532939624482395e+01 5.978809814597379813e+01 6.802088382839978919e+01 7.461529281331210939e+01 5.800335248779509811e+01 7.461529281331210939e+01 7.226035761843597527e+01 5.248352157009393437e+01 3.841809943066286337e+01 5.211553431157395266e+01 3.360460776329823318e+01 3.437894862252949224e+01 4.718243681754597674e+01 6.189392354998358314e+01 5.722880915597642826e+01 7.603098970227340203e+01 7.716984685097726526e+01 8.257169529130290186e+01 8.873677668388444317e+01 9.701365028069153595e+01 1.058626535652884115e+02 1.134340848882552990e+02 1.173055185826117253e+02 1.031906827019665656e+02 8.363040775468120103e+01 1.031906873567119902e+02
8.548452457715750086e+01 9.598896722742445320e+01 7.760166262243991753e+01 9.586539328665880078e+01 1.041948626741031489e+02 1.092405302609263060e+02 9.921802465481798095e+01 8.364175381402117182e+01 6.433281374329067148e+01 5.699207896765377512e+01 5.045211721659771342e+01 4.423617615393107627e+01 6.397839516280588867e+01 7.568007330543306921e+01 8.607583636543157013e+01 7.780291562210406653e+01 7.837081451740309035e+01 5.857067109969702301e+01 4.462325935673346322e+01 5.827602273823877255e+01 6.166365583835646902e+01 4.532709304300595221e+01 5.440977200064337183e+01 3.548707697210969059e+01 4.372004070037619528e+01 6.273584033689191131e+01 7.004955049293863567e+01 5.767011375129494866e+01 6.309505556833744322e+01 6.924107987842529610e+01 7.787998167922432913e+01 9.166506486595845615e+01 1.116554875749400964e+02 1.089566986253848455e+02 8.918953133139240208e+01 7.846378822498537886e+01 9.079820587208880056e+01
1.055962441501414020e+02 1.060453180418090682e+02 9.770926191620334578e+01 1.060453180418090682e+02 1.151302062970239035e+02 9.501607031153561422e+01 8.089260354668891750e+01 7.098341304971070542e+01 6.292895866640752445e+01 6.799672005190299728e+01 4.824803888463272017e+01 6.397839515041654579e+01 4.765695595036483923e+01 6.741842545832425060e+01 8.569179943748522987e+01 9.567111461583438370e+01 8.505726598024074292e+01 6.902245865240918477e+01 4.928374338610660033e+01 6.902245865240918477e+01 7.361374376663160035e+01 6.520337730722498293e+01 5.627900448172769643e+01 3.627508761113828939e+01 5.423625892666748172e+01 6.304001277594000641e+01 5.050764942908096344e+01 7.004955029219601670e+01 8.257169526209099786e+01 8.873677668388444317e+01 9.701365028076652663e+01 1.058626535659864345e+02 1.148065152239851017e+02 1.033552575893850616e+02 9.473961707509997154e+01 8.677299828774620494e+01 7.246192449813374026e+01
1.126755090772207808e+02 1.044683941041844690e+02 1.126755105744541225e+02 1.241055595869427037e+02 1.079173550843010503e+02 9.789668279180258992e+01 8.957837002528123094e+01 8.294396755202394900e+01 7.216408809965223270e+01 5.239652578100686497e+01 6.799672005190299728e+01 6.991012535164124131e+01 5.013287050203274475e+01 5.757991213652717022e+01 6.744534887924524469e+01 8.735919882991153429e+01 7.677957657484326148e+01 5.700272876391157695e+01 6.902245860707442660e+01 7.727633788283814908e+01 7.613567711761510282e+01 5.673798869168440007e+01 4.584192416125516445e+01 3.706036980179411700e+01 5.685030030514580091e+01 4.414316149658296240e+01 6.370932018204364056e+01 7.821743853751732445e+01 8.989053444349238475e+01 8.148015162127792621e+01 8.989053889505660777e+01 1.000430227570957271e+02 1.064790661858461078e+02 8.675232180382677427e+01 7.594690613908208832e+01 6.874110862356155849e+01 8.499618188801017027e+01
9.394490620928876012e+01 8.478075100274290321e+01 9.610776960938530067e+01 1.158892195418901707e+02 9.958212628655647336e+01 7.957461376400608799e+01 6.967516260550912932e+01 6.310941599776241873e+01 5.717462664439843678e+01 7.216408809965223270e+01 8.043206533522554480e+01 7.260314054935399497e+01 5.281360125747274736e+01 7.260314054935399497e+01 8.569179943697787394e+01 9.567111461571714415e+01 8.505727546707180409e+01 6.838010787068908769e+01 6.838010787068908769e+01 8.825346409336844999e+01 8.463231477834659700e+01 7.329809795527688721e+01 6.444920784702995320e+01 5.693344177945597551e+01 3.815859141592913062e+01 5.796667197464693544e+01 6.736449671659170235e+01 8.043278575990592572e+01 7.208074823985809587e+01 6.154101010817833384e+01 7.132805587718392815e+01 9.163225777389168059e+01 9.953332720297601099e+01 9.097168144809268142e+01 8.495822563523019255e+01 7.260434794116798685e+01 6.509578448239999204e+01
7.434409136377270499e+01 8.307053653144745908e+01 9.694814495449037395e+01 1.167311605871469453e+02 1.079173550843010503e+02 9.789668279180258992e+01 8.957837002528123094e+01 8.118863838903705243e+01 6.137157014716316183e+01 8.118863838903705243e+01 8.686815983170478717e+01 6.696255334322117392e+01 5.557571944658018026e+01 7.537569186154331646e+01 8.757866004749499211e+01 9.589421100165290568e+01 9.656281836539899643e+01 8.825346418849025554e+01 7.980555158460543907e+01 9.656279490939223820e+01 8.641665122279400180e+01 6.640117692551183382e+01 5.238440534400213977e+01 4.103342254209550077e+01 5.796667223645486899e+01 3.933277482271628855e+01 5.908716731459639959e+01 6.468083156869762718e+01 5.250375303972622731e+01 7.208074823985809587e+01 8.989053889505655093e+01 1.000426491567419163e+02 9.134365189883345693e+01 7.161742309320155186e+01 7.551219674790127101e+01 6.139523435777000770e+01 8.185501933431463328e+01
8.678770058718133384e+01 1.021322818886302599e+02 1.027424560767962447e+02 1.225397071835031966e+02 1.153868880001427897e+02 9.526495586811957139e+01 8.113786979205869443e+01 7.122907521253793561e+01 6.730494701959297288e+01 8.718170702373575409e+01 9.517756029372520743e+01 8.165307057038458538e+01 6.180216820713634007e+01 6.021758945291418996e+01 6.766051431540144279e+01 7.911387420051026709e+01 9.914177255207108885e+01 1.081235827026270755e+02 9.979352718928690535e+01 9.353939496757544703e+01 8.197102354871577745e+01 7.366271963703499637e+01 6.282295286281632229e+01 4.306129008951284476e+01 6.282295208284717347e+01 5.909265708229645497e+01 4.048341631053602185e+01 4.521461675621673493e+01 6.468107592246917648e+01 8.044061690057944247e+01 8.420169165420003310e+01 9.255924565390870384e+01 9.130105157465270338e+01 7.156080833013065501e+01 5.773308052189225492e+01 7.729956496903298557e+01 8.985399343310852771e+01
7.675890622724989498e+01 9.639678618324064985e+01 1.120348834652689192e+02 1.123132324959869237e+02 1.205270432387874990e+02 1.094942138108901162e+02 9.114820156553619768e+01 9.114820156553616926e+01 7.388161105845739485e+01 9.383175500637480582e+01 9.232490788184918529e+01 7.235981473901973970e+01 8.165311670534948973e+01 6.393339217792561868e+01 8.380585014377301434e+01 9.589421100169964518e+01 1.074709309370260968e+02 1.107366852851065460e+02 9.912346415816146816e+01 8.521920250464114588e+01 6.520278783637267850e+01 5.376868415727722095e+01 4.925299257034880185e+01 4.537312016845457663e+01 6.516993398973400531e+01 6.849800061799675177e+01 6.018317633878776007e+01 4.163064936640859770e+01 6.136726518594070967e+01 7.007386650199912026e+01 6.422409362385147347e+01 8.420123213312450616e+01 7.975630708419502923e+01 7.157708068257655043e+01 5.525297805595791800e+01 7.491650726545942973e+01 8.482782297255175763e+01
7.028796830027096121e+01 8.414951768019581380e+01 9.835088462791595987e+01 9.256749078102566841e+01 1.123132324959869237e+02 1.195562702347462505e+02 1.080288917140144065e+02 8.795110843520561161e+01 8.795110843520561161e+01 1.021597766578292834e+02 8.644656355878217369e+01 9.232490788184918529e+01 8.815471726265793961e+01 6.822570450306332646e+01 7.645337394821977739e+01 8.796924694566753544e+01 1.080531220390488869e+02 1.024288355717071539e+02 8.229021925398167525e+01 7.072062880129794848e+01 6.183702710652018197e+01 7.366272010770516943e+01 6.755522350665110309e+01 4.772332555782342212e+01 6.169449882416359543e+01 8.144404593686391536e+01 6.964859796630082656e+01 5.553262440206414396e+01 4.276705161462554372e+01 5.045358817417462660e+01 6.875437534234325199e+01 6.624340757219839304e+01 6.827970318897983759e+01 5.170114096310086182e+01 7.065960392969222426e+01 7.198176958772970124e+01 7.330123829420845993e+01
7.674512036513173996e+01 8.785428931732403157e+01 7.871355293868434444e+01 9.835088462977969925e+01 1.144828862264415790e+02 1.226990340622099325e+02 1.163684448805178562e+02 1.080288917140144065e+02 1.080288917140144065e+02 1.148469672912596025e+02 1.006224793373414030e+02 1.043754852693190429e+02 8.445864978673773749e+01 7.316208581971640967e+01 9.315236263411209450e+01 1.047841934605009868e+02 1.163847905660769300e+02 1.061560902911305391e+02 8.602251769088611866e+01 7.443447507184642120e+01 8.182122631661941625e+01 7.117643574653052951e+01 5.131702532439409481e+01 6.755517672580440092e+01 6.170971813909875436e+01 8.167737774654243310e+01 8.376161213472146017e+01 7.080452311697590062e+01 5.257185248147062140e+01 4.390648355164058358e+01 4.482605717519656707e+01 4.575567278162971263e+01 4.813781516019592033e+01 6.827801024734415591e+01 5.043359716314430585e+01 5.188133320063203513e+01 5.330947910991763194e+01
6.201137805627190858e+01 6.825477725909472326e+01 8.785428931732403157e+01 1.005033465538912480e+02 9.471283162578812664e+01 1.144828862264415505e+02 1.117983398545092797e+02 1.035454534492624532e+02 1.009485282163884392e+02 1.092071693189820394e+02 1.207458784294485952e+02 1.124093566997750031e+02 9.311640162439742596e+01 8.466687968665048913e+01 8.254677399581828467e+01 9.671451203673083796e+01 1.168265072787635717e+02 1.144557275840350883e+02 1.028479182527567417e+02 8.647153155321029772e+01 6.647717968784081677e+01 5.505117811840081288e+01 7.117637840838980878e+01 7.946571575416352573e+01 8.168573518233623076e+01 9.000458865320216262e+01 8.883428950476685770e+01 6.879048813441275456e+01 6.514547808171491283e+01 4.557342107544782550e+01 4.963809999008633866e+01 6.509919263909118570e+01 4.727299163913445312e+01 4.839710942553252693e+01 6.879331834942254886e+01 7.198157664604607930e+01 7.330123829446614536e+01
7.336408780548129016e+01 6.877913314268268152e+01 7.468632726789105902e+01 8.085421379027538080e+01 9.471283162578812664e+01 1.144828862264415932e+02 1.035454534492625385e+02 8.327515542667714499e+01 8.062059111844311587e+01 9.753674763885570087e+01 1.112786988438648166e+02 1.211063321423924890e+02 1.127751301919967801e+02 1.047147305930511152e+02 9.671451203673083796e+01 9.671451203673083796e+01 1.168265072787635717e+02 1.214653220945184557e+02 1.130883230512512796e+02 9.477752537403453914e+01 8.321986692261305052e+01 7.492758961994843503e+01 5.899965073793972437e+01 7.890200138573949573e+01 8.430163886285167507e+01 1.042795655520135227e+02 9.714938152913688896e+01 8.097733238071047879e+01 6.102122615699968833e+01 4.724834030627548032e+01 6.540113943331968471e+01 7.346819545131317852e+01 6.245816310551749950e+01 6.878727571688614262e+01 5.124853576142011491e+01 7.142346076000805510e+01 8.977415844890148833e+01
9.298306649333562746e+01 8.261847388017922356e+01 8.476737214151746969e+01 1.005033465538912480e+02 1.087059328441392694e+02 1.099521308340782042e+02 9.829751675077078232e+01 8.921218826081992859e+01 6.873059473650857853e+01 8.273533969616197226e+01 1.020009704081912503e+02 1.044038708723929290e+02 1.002515651078473269e+02 1.085176501613670439e+02 1.168265072787635717e+02 1.168265072787635717e+02 1.251274128903716161e+02 1.130883230512512796e+02 9.268842242707856371e+01 9.865860400721503254e+01 8.482241164229580477e+01 6.523840041576215754e+01 7.890200138568283705e+01 6.436590352436557794e+01 7.844342257119940598e+01 9.844462408584742263e+01 9.084485629891264580e+01 7.906242872584533643e+01 6.861386740169656662e+01 4.893138688826009286e+01 6.016930144481513310e+01 8.014877721370450558e+01 8.465203739009946560e+01 7.328000691069338757e+01 5.325323986059389370e+01 6.215857771186746561e+01 8.160881330440646764e+01
9.512853290848690335e+01 1.022864535008077382e+02 1.044494040885926154e+02 1.126521676666292677e+02 1.111239404114478049e+02 1.016867154801116158e+02 8.140427318092029907e+01 6.960804914300811674e+01 6.239668836047012235e+01 7.336363445877790923e+01 9.369447250426587459e+01 8.417387467410257784e+01 7.994664166727410759e+01 9.685358478682501016e+01 1.085176501613670439e+02 1.115666471335573107e+02 1.196998677759822840e+02 1.104424693708274958e+02 9.004054870836105806e+01 7.836253701239274960e+01 7.204152351352887251e+01 8.525221940320106739e+01 8.853141455434285945e+01 6.857653253209308275e+01 8.853141455440841412e+01 9.233046101136366701e+01 8.114296497120921003e+01 6.448618613362539520e+01 5.141014331694246664e+01 5.622287379771511695e+01 7.614305113325382024e+01 8.848324623808136380e+01 8.935717474378154179e+01 6.932887193767849965e+01 5.525712648020395790e+01 7.519502601392848362e+01 8.002752278225038651e+01
8.482355041782490446e+01 9.046593780300278809e+01 9.898488848699368248e+01 1.052151731620627402e+02 9.118081104132154735e+01 1.052151731620627402e+02 9.304222194417772585e+01 7.709441275272959615e+01 5.700813078700461745e+01 7.709441275272959615e+01 8.670595071455089453e+01 6.974090925113362971e+01 6.816207695180590065e+01 7.994664166727410759e+01 1.002515651078473269e+02 9.157696155083039002e+01 1.082187393866885117e+02 1.188301969305763919e+02 1.070768722607996466e+02 8.849409580091031557e+01 8.632894946539674663e+01 1.003101186750808580e+02 8.263279097935428297e+01 7.370486727679565320e+01 9.366077385285690582e+01 8.396859244618053708e+01 6.387268843010861019e+01 5.398176758352004612e+01 7.122929027403567659e+01 7.614323690843814063e+01 7.025319761409970454e+01 9.036304965574038306e+01 9.132434306161023585e+01 7.126758838970022225e+01 5.724116258498968790e+01 7.714199998706413908e+01 9.013985608359917023e+01
7.587394344876734920e+01 6.982974148517136825e+01 9.046593780300278809e+01 9.216339188579595998e+01 7.685707027031007499e+01 9.624755363612692349e+01 8.469957260614292238e+01 6.442547624695330910e+01 5.312354315128747828e+01 7.299431747227797018e+01 7.834440036093521087e+01 5.822211117605188946e+01 7.834529452268182581e+01 9.318031363688794499e+01 9.661056994876577164e+01 7.964950319736057338e+01 9.918435364972664559e+01 1.106198621877698542e+02 1.171423558297341856e+02 1.087903713896883033e+02 1.071309132179678585e+02 9.862168734272162851e+01 9.915253582921211262e+01 7.924947600068628617e+01 9.915253582921211262e+01 9.232798617563162225e+01 8.225369834928011414e+01 6.281854799535637568e+01 5.676652285080971438e+01 7.678212454225644024e+01 9.036304965574036885e+01 9.870913458583407873e+01 9.534304760972342763e+01 7.645230537931010417e+01 6.419296550649561084e+01 6.018538682928104322e+01 7.147939427183055727e+01
5.547936678696503776e+01 7.587394344876734920e+01 8.618139539200379318e+01 7.197786512156172023e+01 6.777615861646435746e+01 8.800397944150245166e+01 8.356702935760201001e+01 6.339663593837302358e+01 4.961418127977891146e+01 6.922994472636622731e+01 6.686270918832700261e+01 5.326895942232622616e+01 6.458954610449629286e+01 8.484257305554255879e+01 7.611708976314021413e+01 7.027199066532200789e+01 8.233673406754901691e+01 1.024668356567819103e+02 1.052537591936566201e+02 1.141485689103364507e+02 1.248686749958133220e+02 1.175483829763475256e+02 1.053646033898127286e+02 8.559122854861648477e+01 1.053646033898127286e+02 9.718856931294271817e+01 7.698417252358683527e+01 7.883019380691673916e+01 5.877652668076558484e+01 7.290558397546060121e+01 9.313363805231468007e+01 1.058031316324525903e+02 8.737236812201309988e+01 7.439240915925775255e+01 8.167320416652023596e+01 6.231901204198913291e+01 8.221141178727525300e+01
