LEM/sinusoidal_perturbations/elevation_000353.asc
nrows	100
cellsize	150.0
xllcorner	0
ncols	100
yllcorner	0
NODATA_value	-9999
[rows 68 to 84 of 100, columns 0 to 36 of 100]
5.009162696260268353e-03 1.828310260235038598e+01 8.045784940849288747e-01 2.647296113509887583e+00 1.041542770065395551e+01 2.055577321743052188e+00 2.380101655414919914e+00 2.710813246168975343e+00 3.050183756556737791e+00 3.395217817976620811e+00 3.740763119137048509e+00 7.094409833241976493e+00 1.306588083690614077e+01 2.321101869881903923e+01 4.357749263112194171e+01 4.958943444500357600e+01 3.074831872026107504e+01 4.418821845731882547e+01 6.707630935701719466e+01 7.337387676954122639e+01 6.276646528103167100e+01 5.482390595055213112e+01 6.271195372876591279e+01 5.421100010702235750e+01 3.890487404041208919e+01 4.430661898925913533e+01 2.303676304084926230e+01 4.348609489777628312e+01 3.990593172707861669e+01 4.840764149403834438e+01 2.850739173561056461e+01 3.585462219988380639e+01 3.004091912727099256e+01 1.730046317985656756e+01 3.702011872320392882e+01 4.634055144263820836e+01 5.112783841444765187e+01
4.695337527364121070e-03 3.359645152847486327e-01 9.982621252452961613e+00 2.777365075128783278e+00 1.663948469415388942e+01 2.362019861843987556e+01 1.128997715946990077e+01 1.189916518521352273e+01 2.337999650672715646e+01 2.360734358977333969e+01 2.378416463479255683e+01 4.224581557554877520e+00 2.424453340002293800e+01 4.162153759519839014e+01 5.162609642667592880e+01 4.100496908318719846e+01 2.026894732731201643e+01 4.100498589551607864e+01 4.887501997690051780e+01 5.332747701131411588e+01 5.333181775584361617e+01 3.614452209859778975e+01 5.333182302604859615e+01 4.518349521079607456e+01 2.420974993038064227e+01 3.177967901989627819e+01 1.696648271984278722e+01 2.357463596803034278e+01 4.373901273316751315e+01 4.258490590999009839e+01 3.155483041639695330e+01 1.582362513215885969e+01 1.643204393523039997e+01 3.647014028518177753e+01 2.518591831494831723e+01 4.519149933678438202e+01 6.235381408576321149e+01
7.614146464036155443e-03 1.330265675320491781e+00 9.975441252966081862e+00 1.158950793672444668e+01 1.142413540464401578e+01 2.984426123027949629e+01 3.331328492216098169e+01 2.686496551574211367e+01 3.914425159636153495e+01 3.228842264968933762e+01 2.152533945546445437e+01 4.564234469107474546e+00 2.043565128892382532e+01 3.532376404890533195e+01 3.640265724410915738e+01 3.427065112818156223e+01 1.389225174651770978e+01 3.428653623706976816e+01 3.393790069619103633e+01 5.092486320364721308e+01 4.283667667247362942e+01 2.659845066469731023e+01 3.617464929004454177e+01 3.336113185441021756e+01 3.062604812458728532e+01 1.148741569315233235e+01 1.210943869471023859e+01 3.207785041027158712e+01 3.351080457411750757e+01 3.412024171077538881e+01 1.496868786979549171e+01 3.498606167249465670e+01 2.324783626125439895e+01 4.202740009068275384e+01 4.519149933678438202e+01 3.417507252378987204e+01 4.827868322558254732e+01
2.352828262072654761e-03 2.000181771649514673e+01 1.050234967343146586e+01 1.846513591908761143e+01 2.984029653612135746e+01 2.164097385180680178e+01 3.823368941520418218e+01 5.036673435160553680e+01 4.343210635646583739e+01 2.659265155837481487e+01 6.274566929100990009e+00 4.902191384791849238e+00 2.493398111926842375e+01 5.856435295004911445e+00 6.193023765720337970e+00 2.611902048491678485e+01 7.642777362345709591e+00 2.851321733179884887e+01 2.530407343514877638e+01 3.952367446379081173e+01 2.269180925352564770e+01 2.764158535480437351e+01 1.613645949954974412e+01 1.000191969091073041e+01 1.054071719505450666e+01 2.975059548726982683e+01 3.126839515506088318e+01 1.294115384574698702e+01 1.352775070402649149e+01 1.412029950239259612e+01 2.826654818003443381e+01 4.325088295347055123e+01 3.633181110635381827e+01 3.633181110635381117e+01 5.577776826235250951e+01 4.827868322558254732e+01 4.827868322558254732e+01
6.786455232800275850e-03 1.556038879732521707e+01 3.301117243376174315e+01 3.531991181926555612e+01 4.352253248117812490e+01 3.215581471401051772e+01 4.840681616538009990e+01 5.412533079659940682e+01 3.515069020824088852e+01 1.508195749513936690e+01 2.610218536996970329e+01 4.975844808093538241e+00 5.380310688608372693e+00 1.039502981534192827e+01 1.178986698355888407e+01 6.671042502041006905e+00 7.010772485442283042e+00 1.412239996215445181e+01 3.315211646154926939e+01 3.103005545915721797e+01 1.236160089240318882e+01 9.265570060142115594e+00 9.597538740129181178e+00 9.983044416645695307e+00 2.977002617738977008e+01 3.777166109753033396e+01 4.015406885819366778e+01 3.155874904225910527e+01 2.418427010598218985e+01 2.281856688631463470e+01 4.053675769072359003e+01 5.649378304005339402e+01 5.577776826235251662e+01 5.577776826235250951e+01 6.404002792247798936e+01 6.816747629426899380e+01 6.816747629426899380e+01
3.257643153035955173e-03 1.414539384536137945e+01 3.414554309084985562e+01 4.343026894479842781e+01 5.156609143576773135e+01 5.147490972616807170e+01 5.961834874926319827e+01 4.584112782337209069e+01 2.584295111956731006e+01 3.515068954540957691e+01 3.066845091380642785e+01 9.775638388177652516e+00 2.284859316769959392e+01 1.802195508593446505e+01 1.038265728240432928e+01 2.646956983558548870e+01 2.633028863294778787e+01 7.491402417682670567e+00 2.731251201158639219e+01 8.453246486461095444e+00 8.791810130337777807e+00 2.859981298265691052e+01 1.342750323210257335e+01 2.975588931513175339e+01 1.052191157849638614e+01 3.038980361406315822e+01 3.928564625549378775e+01 4.897823736592881261e+01 4.388866497178487691e+01 4.122063969354679358e+01 4.959716029303524465e+01 5.500578633136873918e+01 6.332665326930928984e+01 6.071963539684850986e+01 6.905064377280322674e+01 6.866392123511397472e+01 7.699696862411936138e+01
1.880098487986705483e-03 2.000188009848763215e+01 3.087191312653573050e+01 2.357400053938750162e+01 3.765560810265283465e+01 5.737154599378065711e+01 6.217713859602918802e+01 4.216969318322313853e+01 4.584112782337491865e+01 3.683292992652029341e+01 1.638776239907557297e+01 3.066848124661499853e+01 3.744115344408176327e+01 2.992789142950780601e+01 4.140825784385776842e+01 3.352574915848049386e+01 1.326005772870563248e+01 7.565408484531570110e+00 7.971836336419360514e+00 1.024819575529934212e+01 2.798994817294357418e+01 3.676041920095986626e+01 4.271887397103885320e+01 2.758606443600874059e+01 3.038556027251869907e+01 1.108169495203370403e+01 3.098618450446704031e+01 3.962991939139353548e+01 4.220215572976049145e+01 3.819957154437095426e+01 4.081203249221266560e+01 3.504415988769218870e+01 4.627137194068909309e+01 4.072072363961657970e+01 5.227899601057252710e+01 4.859656809443212921e+01 6.817207846455929143e+01
2.900726248362994839e-03 4.266915054235259852e+00 1.093356760766637414e+01 2.506063539822141095e+01 4.490209123220022036e+01 5.385639906468843208e+01 6.373488988882879624e+01 6.217713859602918802e+01 6.124215235195816831e+01 4.292118199044318061e+01 2.272873426530334129e+01 2.618444006230302534e+01 4.632931514584532096e+01 4.969816494064836121e+01 4.062978042770365761e+01 2.054430999453692053e+01 3.352849461688266075e+01 2.480259917741224385e+01 2.779154387933840908e+01 9.922089963788051747e+00 2.062741825832513953e+01 4.064395593091487768e+01 5.497619749376330134e+01 4.043440541147823808e+01 2.039669852728744104e+01 3.076279798113215946e+01 1.165142158366017711e+01 3.063245289974242525e+01 3.011995285720993110e+01 1.773958715577339262e+01 2.074578507746586453e+01 2.350869140419545644e+01 2.634367289451091310e+01 2.927892767486267900e+01 3.239257167233635215e+01 3.983990324582146059e+01 4.871845787795572136e+01
5.081304048347549951e-03 2.000508130404799090e+01 1.243165346174777319e+01 1.875548265758962430e+01 2.582293753578382578e+01 3.579429849163398814e+01 4.979808350429219388e+01 6.948302720428998214e+01 5.295025158642056340e+01 3.289211239446079560e+01 4.292118199044318061e+01 4.046072811925429136e+01 3.896414227821028220e+01 5.900300443103306236e+01 4.598376177628912842e+01 2.595099986947217729e+01 4.598376177628912842e+01 4.527686333253402040e+01 3.189242252706789316e+01 1.201500621454153084e+01 3.189242225892530769e+01 4.899351773626810314e+01 5.310452243544387585e+01 3.307407266463639672e+01 3.456857060451815755e+01 3.954587017479556010e+01 2.556790113934627229e+01 1.222241585212747239e+01 1.293434680137863957e+01 3.513341697168231548e+01 4.081200880575130441e+01 4.348093593064933060e+01 4.041531724560513794e+01 4.330963017792319647e+01 5.227899601057252710e+01 3.765347641554863145e+01 4.166261925267532717e+01
4.469920835086939326e-03 2.000446992083473319e+01 3.247899392147308362e+01 3.865861148061259911e+01 4.567898425918799177e+01 5.385639906468843208e+01 5.727834869606898849e+01 6.556261347156718955e+01 6.124215235186046158e+01 4.448910613257840652e+01 6.124215235186046158e+01 6.049733753742236786e+01 5.054254464259658874e+01 6.232135827192428934e+01 4.231197075303352051e+01 3.305211786391659246e+01 5.305631267938657203e+01 4.638814766062185413e+01 2.634564553324603509e+01 1.476942781259822013e+01 2.894748500354712206e+01 4.898590952691844080e+01 6.141088685527043367e+01 4.723626587840387714e+01 5.459151201552854360e+01 5.262855934997907070e+01 4.018988287525443326e+01 3.219161270803463992e+01 1.279159060753894472e+01 2.137868997098512125e+01 3.905484274554110158e+01 5.074188043106823187e+01 6.040913860755947695e+01 6.332930885494511131e+01 6.594695808798797998e+01 5.172152782390529069e+01 5.580370873281479760e+01
2.324776005098761877e-03 1.000191713838971097e+01 2.154320446081690221e+01 3.564766552657584953e+01 5.549058289005917999e+01 4.987347892880309530e+01 3.727834888836223826e+01 5.401561079929263087e+01 6.556261347429197883e+01 6.450839122149255900e+01 7.280004456728731554e+01 7.885220201343624069e+01 7.056020762025154625e+01 7.061908833078868497e+01 6.135058252946573987e+01 4.305471212362888878e+01 6.135058252946573987e+01 5.470045595392736004e+01 3.825953564677892160e+01 1.818396486706732418e+01 2.548627552705807275e+01 3.966743064572591493e+01 5.968661214720243890e+01 6.727174700293478793e+01 6.471656448047194488e+01 4.469620747207725486e+01 3.053156474643590457e+01 1.892901197234976962e+01 3.272018121915448319e+01 1.337818493592584446e+01 2.494529111655462472e+01 4.313527763811338644e+01 5.425276448618370040e+01 6.571468870713542287e+01 7.553359668175833974e+01 7.183815063357262432e+01 7.595062150552365665e+01
8.699724428260374037e-03 2.000869972442790612e+01 3.542332164243721593e+01 4.370740729267913594e+01 4.202882567385876200e+01 2.987347912816712636e+01 2.573134350457480934e+01 3.727834888836223826e+01 5.727834869607047352e+01 6.870474265451920814e+01 6.681782385555780479e+01 6.900562036049518611e+01 7.728990983169272511e+01 8.153280524647630045e+01 7.135692631982949763e+01 5.719208799201744853e+01 6.397762133826944364e+01 4.395998078245285257e+01 2.979448347492158433e+01 2.212910882141741453e+01 4.219472716559733527e+01 3.966743064572591493e+01 5.968661214720246733e+01 7.447920876111388111e+01 6.023366306509969803e+01 4.022014133229950517e+01 2.604150880423257064e+01 3.899658773813095536e+01 3.443349980229250917e+01 1.380673742314731989e+01 1.519440664454043244e+01 2.571471961654489391e+01 3.761672244208167371e+01 5.743051376070616953e+01 5.545720237848145473e+01 6.964752361629642508e+01 7.968307965079874577e+01
2.249585233037712084e-03 2.000224568475054454e+01 1.542332401329376168e+01 2.586639187498173698e+01 2.202883371715863348e+01 1.573134350457498698e+01 2.987347912821033802e+01 4.987347898978400451e+01 4.870473969491317234e+01 4.870473969489959387e+01 4.681782285517509479e+01 4.900561886937774858e+01 6.153279967753497459e+01 6.153279967753355351e+01 7.981709619767295294e+01 7.721926809161153926e+01 6.617241830007178294e+01 4.614856673219577488e+01 4.628393492333795223e+01 2.625099000594798682e+01 4.628393492333795223e+01 5.968661214720246733e+01 6.801692150869813247e+01 6.617010072160333323e+01 4.615228009585451474e+01 3.460620250752772620e+01 4.608196613241235440e+01 5.437775441676325272e+01 4.028910326989058177e+01 3.021483189431116756e+01 1.442267272512252596e+01 3.475557247849446441e+01 5.297383988752367401e+01 5.130670735529315607e+01 4.127597246573996159e+01 5.129813047922879576e+01 7.137675379306061529e+01
2.739267172789772273e-04 1.933746904808608225e+00 3.876318629523140658e+00 5.866393009943127623e+00 7.886698099047557697e+00 2.788669812170801521e+01 3.340599845925603262e+01 3.603212713099021869e+01 2.870473943949028595e+01 4.156188244564184231e+01 3.267568722900837486e+01 4.794069333359379925e+01 4.153279916311822717e+01 5.153279942032680339e+01 6.876135363672962342e+01 8.030836683894237638e+01 7.451482621282592334e+01 6.219260761769280776e+01 4.219594569197259659e+01 3.065103121580037282e+01 4.478800398816125039e+01 6.479367717786475112e+01 7.774428586440160416e+01 5.769689653289402287e+01 4.615227975984688413e+01 5.460711011049051677e+01 5.089944223234031284e+01 4.258360339358634405e+01 3.968865169751437350e+01 3.477181571015533024e+01 1.485667974515520129e+01 3.492758497269348794e+01 4.311431056558465968e+01 3.124409242004703557e+01 4.542955854165150242e+01 6.549539972927185261e+01 7.968313012283402941e+01
8.327778614586212741e-03 2.000832777861423040e+01 2.387631863436051205e+01 2.586639301283994996e+01 2.788668430281864374e+01 1.104897575921596342e+01 1.340599836317114146e+01 1.603212702036563897e+01 1.870473943948992712e+01 2.156188229663283451e+01 2.451072141973082807e+01 2.794069312258106308e+01 3.153279916311662490e+01 4.047707107311610031e+01 5.202407645708424155e+01 7.202407755757943164e+01 8.803076894554482124e+01 7.052516229788237467e+01 5.641476263455218998e+01 3.643648276149131249e+01 4.697496689248586677e+01 6.698856189417439566e+01 8.605561396294558563e+01 7.447821605237926690e+01 6.616987510625796176e+01 5.523108626063151405e+01 4.258360339469977873e+01 2.254488773521059031e+01 1.997597138486781887e+01 1.767597834639170173e+01 1.528883897773607004e+01 3.537709419536037103e+01 2.301760450367937594e+01 3.723957029866222257e+01 5.730339837045406171e+01 5.693848650136112610e+01 6.277987631139951219e+01
6.510866554257996840e-03 1.414864649028181454e+01 3.414864645454559877e+01 4.369808617184582999e+01 2.369808640000466227e+01 2.519111138330474020e+01 3.340599845925603262e+01 2.193402701739571015e+01 3.284687506387080447e+01 4.156188244443720237e+01 3.345499332973029993e+01 4.794069333359609431e+01 5.153279942032870053e+01 3.819946582978352723e+01 4.819946582978828076e+01 5.974647121424675333e+01 7.974647303835888579e+01 7.057427313242740752e+01 5.054970134976801432e+01 4.535630241749862535e+01 6.473655093858712917e+01 7.533144258803193338e+01 8.407557087712582700e+01 6.986469135303762812e+01 5.983101560496228899e+01 4.691631584894878415e+01 2.682635731682322344e+01 4.258360339469977873e+01 3.969126355834492159e+01 2.848771467264642965e+01 3.534612773885176296e+01 1.590862258784041039e+01 3.596119000715506786e+01 4.492331408888604471e+01 5.145361663243271266e+01 3.769121212672204280e+01 4.332694433315222682e+01
8.953482861371391335e-03 2.000895348286101694e+01 3.584793878439410264e+01 4.584796912940993252e+01 3.524509178482983884e+01 4.519111167147581654e+01 4.825858258187624727e+01 2.825858233773258021e+01 4.825858258134930878e+01 6.113115295836545471e+01 4.759712895626336149e+01 5.345499364766769901e+01 6.527053423847807778e+01 4.527053364164925142e+01 5.084857647097382483e+01 6.239558185919634781e+01 8.239558432904723873e+01 7.892340052740607348e+01 7.057427313242740752e+01 5.688721545406932734e+01 7.369943710168020345e+01 8.033427905712876793e+01 7.134125209799914558e+01 5.565381182892246414e+01 4.148517070625467795e+01 3.147544467977499849e+01 4.691631584894878415e+01 5.523113459250855328e+01 5.679599517456740898e+01 4.846810856482910879e+01 4.430409810213708965e+01 3.601014933909328875e+01 1.653387064435191789e+01 3.664580216869752860e+01 3.846095377281729810e+01 2.529547708875162826e+01 4.332480654490053951e+01
