LEM/sinusoidal_perturbations/elevation_000415.asc
nrows	100
cellsize	150.0
xllcorner	0
ncols	100
yllcorner	0
NODATA_value	-9999
[rows 0 to 16 of 100, columns 37 to 73 of 100]
1.216478927831262240e+02 1.134812893702452783e+02 1.134812893702452783e+02 1.111719054260805422e+02 1.111719054260805422e+02 1.193329789889300656e+02 1.257716022496723980e+02 1.175770494353358515e+02 1.163579389051463409e+02 1.081890439020830286e+02 1.163579389051463409e+02 1.160386570040124923e+02 1.160386570040124923e+02 1.242301500979773010e+02 1.176835847361090117e+02 1.096285230708314486e+02 1.112727948766594324e+02 1.032333408357765592e+02 1.057410215052670424e+02 1.137867802782872815e+02 1.173144155784074343e+02 1.091083025627261804e+02 1.091083025627261804e+02 1.114418952945526797e+02 1.114418952945526797e+02 1.196485301000936801e+02 1.246583521518328723e+02 1.164895843394127866e+02 1.246583521518328723e+02 1.216774633970625388e+02 1.135093907156814481e+02 1.216774633970625388e+02 1.224775290225812086e+02 1.143089238602274378e+02 1.168622402936810261e+02 1.250341142946911930e+02 1.247685157295695149e+02
1.134812893702452783e+02 9.385682916560618594e+01 9.385682916560618594e+01 9.153788267569046866e+01 9.153788267569046866e+01 1.111719054260805422e+02 1.144231500808755158e+02 9.797368506573914715e+01 1.065568084703397460e+02 8.863615573016404880e+01 1.065568084703397460e+02 9.644186231502308715e+01 9.644186231502308715e+01 1.160386570040124923e+02 1.096285230708314486e+02 9.034749785900609709e+01 9.599477939532096116e+01 8.399320260689262341e+01 8.648511844542176163e+01 1.057410215052670424e+02 1.091083025627261804e+02 8.912808240341078658e+01 8.912808240341078658e+01 9.150643242402735211e+01 9.150643242402735211e+01 1.114418952945526797e+02 1.147710419223725751e+02 9.669281570804686510e+01 1.147710419223725751e+02 1.117807736681179023e+02 9.368539772251844511e+01 1.117807736681179023e+02 1.110531550164900381e+02 9.449364207694179640e+01 9.707219573828869841e+01 1.168622402936810261e+02 1.165903728047837831e+02
1.134812893702452783e+02 9.385682916560618594e+01 7.983877447191024146e+01 7.748503606392733900e+01 9.728855479730876255e+01 1.098340554137271141e+02 1.056608294793313263e+02 8.671425939137897387e+01 9.841259981612360264e+01 7.890344376187985631e+01 9.297696137582998688e+01 8.265560472277933002e+01 1.021816174191076669e+02 1.067487593333307245e+02 9.871980012810347205e+01 9.599477939532096116e+01 7.680598726593824210e+01 7.296373684808865789e+01 9.212504187377955134e+01 1.048428422992555653e+02 1.076883122060665130e+02 9.498015339847404448e+01 7.463326589956878365e+01 7.706779501522008502e+01 9.150643242402455257e+01 1.114418952635844420e+02 1.065912000237297832e+02 8.656957073950638915e+01 1.065912000237297832e+02 1.035973942190999963e+02 8.353117589701469115e+01 1.035973942190999963e+02 1.028685655885791590e+02 8.278288598193913117e+01 1.028685655885788606e+02 1.157267487121847580e+02 1.128826274506532599e+02
1.114247956082147653e+02 1.032643932659253494e+02 9.028695360344437404e+01 7.030308094683569209e+01 8.194361829621023219e+01 1.016841615854178258e+02 9.751834935234752777e+01 7.799997016087222335e+01 8.831729716297247990e+01 7.200271849566934179e+01 7.346432696337234347e+01 9.297696137582998688e+01 1.103353299696245386e+02 9.562301224035878988e+01 7.949711093583579213e+01 9.562234624553079243e+01 8.573793036177178806e+01 6.652725856766025458e+01 7.762533758198398459e+01 9.681995935093367223e+01 9.946138129297912656e+01 7.923979384286857908e+01 6.726227780052940375e+01 8.145254765733959346e+01 8.978697227168848372e+01 1.028569348954414551e+02 9.991732359565538957e+01 7.970538417038204670e+01 9.991732359565538957e+01 9.690865477840486619e+01 7.661774319034768155e+01 9.690865477840486619e+01 9.681250532362287231e+01 7.651941889413626541e+01 8.750918355494947320e+01 1.075362341408556404e+02 1.048250999855420105e+02
1.032643932659253494e+02 8.350101758427796028e+01 8.602637763749609690e+01 6.591098418680286386e+01 8.602637763749609690e+01 1.016718292529771617e+02 1.056608294793313263e+02 8.831729716297247990e+01 6.876499589562187964e+01 6.542607329762466861e+01 8.501095386224463368e+01 9.468739686373000097e+01 1.028185843541344440e+02 8.762155835640488988e+01 6.837524975194409649e+01 8.407130497967811777e+01 7.608023513200258492e+01 6.222204947612814863e+01 7.343065799576071129e+01 9.263134609109563655e+01 9.542335476416592144e+01 8.695323787088494782e+01 8.134521867177511467e+01 6.084202144416244806e+01 7.539651324043235547e+01 9.476030968568275625e+01 9.408263926164237034e+01 7.371977518779134186e+01 9.408263926164237034e+01 9.105117314467102574e+01 7.055350975097383071e+01 8.356648473342042394e+01 8.453553002157212859e+01 7.069158991932877711e+01 8.530761548611404521e+01 1.053715840173408793e+02 1.048077779424021401e+02
8.722086511737673220e+01 8.854336164440367440e+01 6.925682885616670603e+01 6.176616788173915751e+01 7.358026017146433162e+01 9.350938389228885228e+01 1.078834430720985722e+02 8.831729716297247990e+01 8.092722191834063494e+01 6.124242505701090522e+01 8.085560561543633185e+01 7.512624201111194111e+01 9.468739686373000097e+01 8.034713346647117760e+01 6.093877755218518644e+01 7.119794409287672465e+01 5.655107045523995168e+01 6.793958367582537505e+01 8.720057182449561139e+01 1.006429956456778001e+02 8.702223241614144911e+01 6.642486742364411612e+01 7.209243846039704806e+01 5.686639293340203238e+01 6.720214810089953517e+01 8.820514255694324390e+01 8.882497036570168802e+01 6.836214281187700692e+01 8.882497036570168802e+01 9.930381548463597596e+01 8.356648473342042394e+01 6.284279323680789986e+01 6.383968276975758016e+01 7.594365123472175583e+01 9.627225471064660667e+01 1.032815241669196809e+02 9.515385089781224792e+01
6.711718464730141420e+01 8.033065928916946064e+01 6.005107625843425723e+01 5.790690164403432050e+01 7.239338383891097806e+01 9.237327355841439669e+01 9.877502722797861168e+01 9.065033818099659868e+01 7.777516562643218379e+01 5.799175486595798645e+01 6.114498287327931791e+01 8.085560561543633185e+01 9.288104613430141399e+01 8.488236385362684189e+01 6.552967183476584978e+01 5.144845486849677485e+01 7.119794409288350323e+01 8.407130501461892891e+01 9.520054647289842364e+01 9.717651073371317239e+01 8.881801152357206774e+01 7.242210904852727538e+01 5.182618025488716995e+01 7.242210904852727538e+01 8.452442132900415572e+01 9.585811046037308358e+01 8.400183565718155876e+01 6.347153592185695459e+01 7.766604760740867164e+01 8.601771833768003717e+01 7.868186380392954504e+01 5.790360246069551664e+01 7.868186380392954504e+01 9.284106367917937064e+01 1.044985538605260018e+02 9.515393856880396584e+01 7.506926375768986759e+01
5.256518179323754225e+01 6.898478063069816812e+01 5.270818697589405133e+01 6.197904240995509895e+01 7.378015420654240586e+01 9.371812102696273428e+01 9.065033818099659868e+01 7.102683307599063767e+01 7.677442465059810672e+01 7.340508947598281964e+01 5.347195001038085849e+01 6.509672487975502975e+01 8.475600550645576448e+01 8.202896482474893958e+01 6.259353512948511167e+01 4.841002880187409119e+01 6.828604069195056070e+01 8.157201521628198293e+01 8.958224073667965115e+01 8.881801152357206774e+01 6.812054442533812448e+01 6.920430222313522961e+01 4.869945409711532136e+01 6.051166690006127880e+01 7.508428510262849898e+01 9.521231047020573612e+01 9.231100683580953614e+01 7.766604760740867164e+01 5.704257544884723075e+01 7.766604760740867164e+01 7.561827630598551764e+01 5.487417702290230892e+01 7.561827630598551764e+01 9.287191042536841223e+01 1.017744202031391154e+02 9.347231099705854263e+01 8.095183537593102585e+01
4.564512907196869662e+01 4.846690091364937558e+01 6.306729230064951253e+01 7.337435091633939521e+01 9.041138598250076086e+01 1.018852386667043675e+02 9.065033816519773779e+01 7.102683307598151430e+01 5.692025850694273004e+01 6.684521276615394925e+01 5.063611164897746164e+01 7.066919578493917697e+01 8.491223012427209937e+01 7.915412715204830363e+01 6.547514806628606721e+01 4.549247412846476379e+01 6.547514750724482724e+01 6.208824212172330448e+01 8.157201521628107344e+01 8.939546798328630928e+01 7.418269218502540241e+01 5.340253269555387305e+01 4.581105707043634112e+01 6.618102730419860791e+01 8.364447171097825162e+01 1.002910397104799074e+02 8.007199305509469411e+01 7.362145195454175450e+01 5.294672949038785248e+01 7.362145195454175450e+01 7.265483355125928711e+01 5.196607881434491105e+01 6.394036516533174108e+01 8.455901874691255671e+01 9.347231110735225457e+01 7.295760917968048886e+01 7.896622623215438352e+01
6.255908945083349693e+01 6.898478056132690028e+01 7.727281665240192865e+01 9.147834605830688304e+01 1.027845840464482023e+02 9.910980356297619664e+01 7.951575351285463000e+01 6.557983348426347447e+01 5.396647845520646314e+01 4.668994301011069581e+01 6.353390478495250449e+01 7.172510754947317935e+01 6.510964473977803380e+01 5.929222964810532659e+01 6.273031785968551333e+01 4.266282010967407956e+01 4.791332560747429881e+01 5.890359552911518648e+01 7.853743860036136937e+01 7.053768064061041798e+01 8.221774976583712657e+01 6.342816671736560608e+01 4.320190292217997552e+01 5.476521487530801835e+01 7.526197900537752616e+01 8.388489870484156086e+01 8.007199305492585495e+01 5.949251169453067689e+01 4.914760652100338234e+01 6.477761564659867588e+01 6.983945063353543503e+01 4.918458651687168270e+01 6.381163349367339777e+01 8.439188852409532160e+01 9.347220459829219408e+01 7.295760813351377294e+01 5.831210035583733742e+01
4.802361262911509243e+01 5.837145087442289082e+01 7.282391365997476385e+01 9.296890277480841291e+01 9.632062922987621789e+01 1.045498335968209318e+02 8.778816196834843311e+01 6.813703650229436448e+01 7.093304344912419879e+01 5.527421524247274220e+01 4.329082162976185089e+01 6.033318148691223115e+01 5.819496568729891806e+01 4.494594942275844573e+01 6.433160843404711215e+01 5.890359514722683087e+01 3.874483428842012955e+01 5.533999595307427910e+01 6.291495054760605399e+01 5.698131358306697081e+01 7.606099867510630474e+01 6.081152415404604739e+01 4.069068619874741444e+01 6.081152415404604028e+01 7.779846925478324238e+01 6.339260581454411891e+01 7.099026888138682523e+01 6.833775603930996567e+01 5.996258617519060152e+01 4.434917572154873255e+01 6.344429345674712550e+01 4.645632410455689154e+01 5.840398987083912630e+01 7.904376504618558386e+01 8.879123931810062231e+01 8.038895388871068803e+01 6.863503405488303599e+01
6.414717190311631612e+01 7.683247393264493041e+01 8.698930121874633414e+01 9.324767074060615357e+01 7.641683505621223560e+01 9.324767074060615357e+01 9.592647364295308421e+01 8.778816172238506965e+01 8.220013906794379466e+01 7.088091284705183170e+01 6.033318148691223115e+01 4.004836892180296815e+01 3.791636185869888465e+01 3.578395118662308505e+01 5.322014302110858353e+01 5.926482636352015021e+01 5.200000334329577356e+01 3.512500936017693220e+01 4.287694709822905281e+01 6.183967001683942044e+01 6.265457910985626455e+01 5.474446556927776442e+01 3.819913728003958653e+01 5.827083238469240456e+01 6.934236680330788261e+01 4.864521348316146998e+01 5.020721691015579324e+01 5.683059432884611084e+01 3.976360430297124537e+01 5.947052047687541432e+01 4.268992801667818071e+01 6.344429340420927588e+01 7.556030573173619302e+01 8.739707836902519489e+01 8.038998671595432199e+01 5.974830139107788796e+01 6.579294949613957044e+01
5.669037960141615429e+01 7.114723344485403800e+01 9.125946956166517054e+01 8.495084568384663726e+01 6.474242821937484393e+01 7.999399707574009710e+01 8.840690788708791104e+01 9.138003663408515820e+01 8.692812753221375033e+01 6.720108523624415398e+01 5.298418901130403924e+01 5.448508739460299921e+01 5.819496568729891806e+01 5.322014308935624882e+01 3.269356892236360324e+01 4.883107314458635528e+01 3.174694872535936696e+01 5.030209902873784955e+01 4.994539290389057129e+01 4.935790192057354631e+01 5.212816337355551610e+01 3.467089943949229536e+01 5.400679609673505155e+01 5.440714390797695899e+01 5.483104588492105336e+01 5.366906053893911377e+01 3.535469318081565149e+01 3.594274083300863509e+01 3.653095300093409037e+01 3.901366039187136181e+01 5.985790270641874855e+01 7.170190616504582692e+01 8.633400717679579373e+01 8.336807676434986547e+01 7.242535983525215215e+01 6.414790556298000013e+01 4.495367027391193204e+01
7.700469605874664580e+01 8.526090915974751283e+01 9.158890940215378862e+01 7.139915441124031759e+01 5.706305689609270360e+01 5.970408637761214266e+01 7.476905697328992062e+01 7.103582448573605745e+01 9.138003663408515820e+01 8.113548086174716900e+01 7.297896893848877653e+01 7.444918244095492810e+01 7.647834471866413253e+01 6.117163559643333315e+01 4.997186635466792382e+01 2.978812123793566968e+01 2.945582002501748065e+01 2.997819134213803949e+01 3.051510538479114487e+01 3.106879774824900053e+01 3.163071093253303445e+01 3.219442571248007567e+01 3.277256670916707293e+01 3.335563101827596455e+01 3.393979738007692504e+01 3.452512808206749639e+01 5.542870542625703223e+01 4.842006172111103979e+01 4.985602707577386639e+01 3.740412624779041550e+01 5.838031343818283148e+01 5.907256897307239285e+01 7.133938119363570252e+01 6.246116632472909913e+01 5.724115296755881843e+01 4.321770769151350322e+01 6.414790558668175890e+01
8.531498357424224821e+01 7.685154177398410980e+01 7.685154176941759374e+01 8.011919091509433599e+01 6.827961167234246886e+01 4.797720992028655473e+01 5.446001079729182237e+01 7.476905697286852615e+01 8.789954344491442839e+01 7.631365344642929927e+01 6.803004924028388700e+01 7.097310660338122545e+01 6.253619445146745193e+01 4.830989453139830658e+01 4.834575749921438614e+01 2.875225931829229609e+01 4.908370409358324338e+01 5.049590578377966210e+01 3.641801588499853892e+01 5.183851597191289073e+01 5.216185820808279772e+01 4.364274897279623389e+01 3.681739124611010539e+01 5.327013882952659429e+01 5.481303015725718097e+01 4.659483479880902479e+01 6.258410548851162503e+01 6.211747254213099012e+01 4.159423934269067757e+01 5.832476655962524603e+01 3.830344513923678562e+01 5.881987362535833341e+01 5.882214303247894804e+01 4.081213139580254534e+01 4.149169209207926912e+01 6.250468890275457312e+01 6.437364402844754352e+01
7.685154177398410980e+01 5.652434444048331841e+01 5.652434444048318340e+01 6.575262710940602062e+01 5.138606330371773367e+01 4.282232634316023479e+01 5.446001079729180105e+01 7.476905694911397404e+01 7.965495890459345674e+01 5.952002473261080695e+01 4.762183695959248553e+01 5.618706228674061975e+01 4.187472714781992522e+01 4.761917747681759039e+01 2.809611163219314278e+01 4.775231259238092463e+01 5.722454675286645909e+01 6.271753370112627834e+01 4.260240042184214104e+01 6.270747781355289163e+01 6.524477775621139131e+01 4.638609987717249084e+01 5.466683671465577277e+01 4.316602630940038665e+01 6.195584619897699241e+01 6.494916937522381772e+01 6.660157765010283981e+01 4.596036342190728874e+01 6.246069087018126709e+01 6.723488957259311860e+01 5.658398885681351231e+01 3.921429873994925686e+01 3.986573551760589140e+01 5.412921783636814865e+01 6.092139509259703090e+01 4.268173662474782759e+01 4.353206837302789722e+01
7.131835890621331941e+01 6.247804269561097357e+01 4.236290041665855455e+01 5.242047155571406591e+01 3.738109639560791919e+01 4.875896601714988776e+01 6.903433969837492157e+01 8.320091763024056775e+01 8.069957399624240679e+01 6.057718108973899973e+01 4.602383123397591191e+01 3.537663799299495793e+01 3.055527119631907595e+01 2.746470582938025018e+01 4.705463601071889457e+01 4.245267790780265216e+01 6.309516986524405979e+01 6.978316234598381129e+01 4.983910999280874421e+01 6.978312006919770738e+01 6.181350414845909569e+01 6.547234116570500362e+01 5.151193631892995484e+01 6.206374167412788267e+01 7.070098516821430223e+01 7.473973435088601036e+01 5.416760971203229502e+01 6.667068319938002219e+01 5.122050000937306180e+01 7.173491842963959186e+01 6.832224929944815983e+01 6.043767165848618816e+01 4.514966448800448262e+01 6.368411908430675084e+01 6.254753807340919280e+01 5.756424235324343641e+01 6.437364539751635562e+01
