LEM/sinusoidal_perturbations/elevation_000083.asc
nrows	100
cellsize	150.0
xllcorner	0
ncols	100
yllcorner	0
NODATA_value	-9999
[rows 34 to 50 of 100, columns 37 to 73 of 100]
1.077121031681241732e+02 1.159162574053989800e+02 1.149188873905187762e+02 9.481214561701285959e+01 8.082121162889191623e+01 7.201465742811042503e+01 6.576008596282294150e+01 6.019383087014446687e+01 5.723483478293605486e+01 7.715244971167932420e+01 8.570725124318610710e+01 7.596707439252615757e+01 6.505291369043982286e+01 4.493718191270600215e+01 5.320005349430667252e+01 7.332578092741633213e+01 9.150267669996131303e+01 7.326080499961787496e+01 7.956764291064627059e+01 7.441153571639863173e+01 5.703751106183491260e+01 7.711010991331943387e+01 8.500327561386647801e+01 7.996187881359985283e+01 9.201873151236424064e+01 1.003715167512439592e+02 1.144796063517142670e+02 1.230293806409629411e+02 1.145618639369783978e+02 1.230387760928286696e+02 1.332282842237349030e+02 1.431778248799882363e+02 1.379843525218998934e+02 1.457055839507945620e+02 1.432951051011303605e+02 1.519199685998366363e+02 1.397729636195363128e+02
8.824967919716814890e+01 1.046214242191561681e+02 1.132265277756818307e+02 1.090838214825750470e+02 1.001463550469584618e+02 9.181063733703196306e+01 8.555059863375210227e+01 8.006169784875017115e+01 6.189617277979569820e+01 8.169314549276674597e+01 8.180539894607480278e+01 6.175013837928554494e+01 4.745368195401325551e+01 6.505298117916943568e+01 7.278122639686168327e+01 6.920736087974255213e+01 9.331840337658529450e+01 8.592669947113584783e+01 9.366339421817308164e+01 7.372390553661971069e+01 5.949321808693986924e+01 6.169207020559856147e+01 6.503308406355802163e+01 6.845853799965391318e+01 7.213429549713318067e+01 8.616258634187633447e+01 1.021288512915488127e+02 1.073568355693615928e+02 1.130684049656762511e+02 1.217180673416724233e+02 1.319885411700878421e+02 1.473755672699487604e+02 1.504687390994708664e+02 1.441218846289079920e+02 1.301221444811756953e+02 1.362693547042741784e+02 1.264431778373461270e+02
7.700589915047892475e+01 8.553859931833960673e+01 1.050372180080925091e+02 1.010187399524988336e+02 1.091943610238490550e+02 1.057484119923157948e+02 8.579839147618837103e+01 7.440733965751320511e+01 6.763181698323452906e+01 8.739680286033194534e+01 8.103985176449695871e+01 6.100487289781147382e+01 4.930157663616840580e+01 6.886427320657661255e+01 7.990089007730792048e+01 9.237626429456270216e+01 1.037236738334103308e+02 1.040573820043147464e+02 9.800795425495543611e+01 7.809501568862116017e+01 6.393105152489022913e+01 6.382986283930618043e+01 8.390770421511656707e+01 8.837825964747722196e+01 9.201873151236424064e+01 7.788082871803705132e+01 8.209753317968522879e+01 8.703180734403193242e+01 9.234248392393347160e+01 1.004363639124735670e+02 1.122023309896615331e+02 1.378221046507672156e+02 1.343438203940886524e+02 1.354766653244223278e+02 1.192636511521537841e+02 1.176372109428315582e+02 1.362693547042741784e+02
6.952164662149421304e+01 8.911666231866517762e+01 9.789873098452677880e+01 8.152616855103214277e+01 9.789884812445355067e+01 1.141324151748727473e+02 1.025651179175755061e+02 9.365084629434558394e+01 7.386568511659262981e+01 9.365084629434558394e+01 8.941806379648279801e+01 7.154998962192789236e+01 5.139823023323252471e+01 5.590549161836950987e+01 7.570783762620720836e+01 8.264696136413806471e+01 1.025681952308101046e+02 1.048579562673728702e+02 8.491487255631516007e+01 7.085556504188673443e+01 8.393174584818726203e+01 8.390770421511844290e+01 6.831217626207754279e+01 8.252365915220738657e+01 1.026447521150239623e+02 9.527960540500110653e+01 1.021392518067922737e+02 9.840377259213775574e+01 1.130484395857968423e+02 1.069229160520532389e+02 1.281073413554897513e+02 1.455515234854772757e+02 1.336426255482025738e+02 1.175734435540701668e+02 1.103731171333772920e+02 1.289520460999512750e+02 1.441092752030071438e+02
6.397332471001773513e+01 8.368198278385779076e+01 8.976469632105821006e+01 7.016837221624228960e+01 8.976469776946048285e+01 1.007668826726592783e+02 1.099593066537557036e+02 8.998527201121298447e+01 8.523563178406398322e+01 1.019631921643174337e+02 8.777375167401008582e+01 6.776560066139724370e+01 5.352030267003318897e+01 7.357682215358249778e+01 6.302015555780874934e+01 8.264696136413806471e+01 9.942475198764516620e+01 1.094512218804301114e+02 9.606425826415132008e+01 7.620282347984556282e+01 9.606425826415132008e+01 9.174081662416399752e+01 7.159206027661906546e+01 9.174081662416399752e+01 1.018019130167590305e+02 1.084036469844747472e+02 1.170754738743421512e+02 1.187604112768301547e+02 1.273108333663797680e+02 1.281415551439127682e+02 1.372721650114660861e+02 1.457176161283132387e+02 1.358102580668560506e+02 1.248113801093121822e+02 1.061347021173465350e+02 1.248113801093121822e+02 1.385893745136381767e+02
5.895920205162113348e+01 7.875481825626937393e+01 7.510116554358182839e+01 6.311552515062402335e+01 7.305398467523595230e+01 8.690146247409475677e+01 1.064251877951451490e+02 1.099593066690317613e+02 9.924662319915707087e+01 1.017929515551331150e+02 8.142898759886759308e+01 6.731250670667925817e+01 5.568089634099142415e+01 7.575705395172614942e+01 8.264696136413806471e+01 7.142755115933651666e+01 8.109208247022604610e+01 1.008823999943453202e+02 1.020567412278904129e+02 8.218192367709896473e+01 1.020567412278904129e+02 1.001605407338351483e+02 9.174081662416399752e+01 7.654888335273631128e+01 8.129698489181622278e+01 8.743034681583975498e+01 1.077898746477921463e+02 1.187868516835306565e+02 1.384393628137562189e+02 1.467860246967877913e+02 1.547272012654436253e+02 1.375939438386791664e+02 1.184671060296549996e+02 1.091225521831555483e+02 1.025743480101191807e+02 1.114268880539859765e+02 1.250081313752824599e+02
5.437021841715964854e+01 6.808965597582556484e+01 5.526970382928276848e+01 7.510116557041027363e+01 8.788868384966302472e+01 9.602173877123560430e+01 1.047725103135689295e+02 1.161001136599375059e+02 1.192809009735115637e+02 1.053048038234759218e+02 8.604214292311577594e+01 7.750283792272290384e+01 5.789763251307734748e+01 7.209046381899668177e+01 9.208948562058230891e+01 8.109208247022604610e+01 9.942475050970304551e+01 1.094512218804301114e+02 1.091124736125861858e+02 8.915584876802400061e+01 1.091124736120706871e+02 1.125432324328456701e+02 9.293473876854930893e+01 8.263165346882136930e+01 1.018011326022918013e+02 9.556958772287205761e+01 9.856719722947006801e+01 1.146667593368979965e+02 1.384451937488298938e+02 1.275575862562963039e+02 1.436139289980173999e+02 1.457619576645840027e+02 1.360457525164378580e+02 1.280077404226059059e+02 1.170211772091065967e+02 9.820509695203098488e+01 1.132165401053279652e+02
6.408384029903133694e+01 4.825276519067214309e+01 5.452274274482970640e+01 6.119382492295962805e+01 6.826198356729464933e+01 7.711009323545458471e+01 8.837024705999220942e+01 1.078655613577478078e+02 1.148518323174997278e+02 1.052028772592588837e+02 8.664001034311998239e+01 6.655350208948394197e+01 6.016711649232215109e+01 8.021484826497402310e+01 9.305352302187650082e+01 1.008823999784372347e+02 1.008823999614539559e+02 1.214720778578251696e+02 1.175312137912434451e+02 1.005903933569098285e+02 1.175312158297691809e+02 1.204710036318958402e+02 1.091556496323802463e+02 8.907137729332752940e+01 1.100929407554826724e+02 1.070663992500089137e+02 1.194355203684399527e+02 1.300563421242555648e+02 1.357008015796774316e+02 1.162413881538107745e+02 1.357008992976672062e+02 1.458750344652845854e+02 1.416754381618019067e+02 1.223657525224015643e+02 1.089684343658619099e+02 1.132165401053279652e+02 9.437323578310291339e+01
4.433422303128877218e+01 4.657049364944429470e+01 6.638792629167126336e+01 7.788718347484189053e+01 8.260894927845946256e+01 8.954404814026926829e+01 9.769428628762005928e+01 1.074869078875053248e+02 1.066350153379618462e+02 8.756046964008663736e+01 7.793678392378461695e+01 7.087230053896688275e+01 6.469659272204141587e+01 6.464144086311630133e+01 8.464751418333464983e+01 9.304469968982424177e+01 9.909973659765924481e+01 1.058401594175084597e+02 1.144024316115641255e+02 1.207538517389298107e+02 1.292186545150622123e+02 1.250221831794275715e+02 1.038512287306189421e+02 1.051137545609965116e+02 1.194430601427389433e+02 1.267776347225330085e+02 1.352283047137526637e+02 1.407691444210918803e+02 1.214325334852361777e+02 1.086454360536381927e+02 1.179254023349180045e+02 1.377457458200805149e+02 1.473954390961196168e+02 1.280214285036102524e+02 1.280214285036102524e+02 1.106017447467275474e+02 9.175193647731701674e+01
5.829274091051340889e+01 6.638792629167126336e+01 4.985310699388641353e+01 6.972342255572438319e+01 6.286764161218487601e+01 6.992862640673000385e+01 7.978919133201411285e+01 9.929890494852439531e+01 1.148518311588484977e+02 1.014292468166874528e+02 8.217799096407924253e+01 8.910904975055017019e+01 6.931392023125773960e+01 8.464751418373246850e+01 6.932143862127777822e+01 7.303464164909715350e+01 7.901745425969861003e+01 8.561889517209469602e+01 9.453313582153245420e+01 1.062290671359442058e+02 1.269523359171370487e+02 1.339526294328920528e+02 1.251496279466591801e+02 1.286294083467617497e+02 1.319069575264850869e+02 1.317279995516973656e+02 1.399408759498411428e+02 1.363427339876241717e+02 1.215625031316322264e+02 1.015061157271995000e+02 1.215625031316322264e+02 1.288240490017712432e+02 1.370882711643965308e+02 1.246585892285662283e+02 1.135261945325491268e+02 1.060100043457275092e+02 8.983377185899982464e+01
7.806479100214616551e+01 7.416650434518624024e+01 5.429943191643655354e+01 5.390898111802021475e+01 7.378036809001993390e+01 8.666569655881615120e+01 9.769428628761987454e+01 1.074869078875053248e+02 1.209269951042280269e+02 1.014290798597535854e+02 9.575985892104313280e+01 9.416280118332633720e+01 7.415282212242561855e+01 9.416280118332633720e+01 7.684701908097071055e+01 9.304469968833565474e+01 8.028416811061484282e+01 1.004909749251950473e+02 1.144024331893256203e+02 1.235917679489482879e+02 1.355699267210268886e+02 1.463707294544953186e+02 1.269403475058563231e+02 1.133290037061631921e+02 1.116357826518771077e+02 1.116261605204495169e+02 1.317223024658741792e+02 1.281544428118215251e+02 1.081266832446021624e+02 9.651640910412173469e+01 1.145975024170339935e+02 1.087049986718073171e+02 1.288240490017712432e+02 1.163835163260227574e+02 8.635952749425742070e+01 8.720561131307535163e+01 1.060099531147581615e+02
8.215518034089816979e+01 7.883715379630554310e+01 5.902462468158257280e+01 7.378036809715398192e+01 5.870040924438441721e+01 7.851909125968199987e+01 8.919311255777958536e+01 9.535833735501084618e+01 1.035312844043386491e+02 1.133276762722898354e+02 1.151163599647061631e+02 9.953052100751851583e+01 7.944635258821372759e+01 9.953052100751851583e+01 8.571622325564997880e+01 1.053788460305897132e+02 9.026317399686246290e+01 8.971745691072477769e+01 1.000267943756427229e+02 1.161073404847074073e+02 1.398753775630557641e+02 1.366606537018939775e+02 1.317937263721304930e+02 1.116288127199038485e+02 9.757757115721543073e+01 1.094733672361359851e+02 1.178313369681639529e+02 1.263253074729245924e+02 1.062556779822086099e+02 9.212010138969849038e+01 9.449838975237489080e+01 1.063909131914844579e+02 1.264652514879795859e+02 1.170766624962976152e+02 9.883378762527647154e+01 8.538534173795349602e+01 1.041681290987556423e+02
9.029806198056823519e+01 8.376906395082505696e+01 6.404523921651225749e+01 8.376906395082505696e+01 7.851909126520600068e+01 6.380170362052364652e+01 6.958236005823343362e+01 7.586223583984003938e+01 8.562231112713912751e+01 1.050945068561663049e+02 1.139807382494823571e+02 9.354504508156209397e+01 8.692242820863864949e+01 1.071915164342155720e+02 9.726313096043553230e+01 1.144724290998345566e+02 1.019642762513555994e+02 1.015350682228886399e+02 1.191011445667368491e+02 1.304831012057759949e+02 1.366327871631341964e+02 1.173260100592709563e+02 1.214034448556016343e+02 1.151190767837648394e+02 1.094852394086014726e+02 8.981680978286127015e+01 1.094852615611132762e+02 1.225138829755680092e+02 1.204024453527529062e+02 1.063909131914881527e+02 8.650803083170251284e+01 1.005027183049087682e+02 1.206062731445640139e+02 1.170530688181984260e+02 9.694874256968410009e+01 8.360486170011591867e+01 9.917976342984090365e+01
9.907598199324438326e+01 8.920919179716921121e+01 6.959929796456300721e+01 8.920919179716921121e+01 8.816220570761907993e+01 6.852725104673187673e+01 8.816220570604130558e+01 9.535833626460534163e+01 9.535833842164890939e+01 1.133281145375958516e+02 1.225722032319693682e+02 1.139807382378413507e+02 9.691718897771471575e+01 1.157679260345463064e+02 1.177500995757161064e+02 1.263452095135121880e+02 1.165558014755501688e+02 1.225171964123546644e+02 1.313518842867644878e+02 1.470486764123537569e+02 1.271669896934154309e+02 1.129009712386492339e+02 1.012992541865047400e+02 9.518646325205496339e+01 8.995779757203827387e+01 8.524961527665350047e+01 9.423210224286812320e+01 1.083729961262968402e+02 1.070309259440307983e+02 9.873204243440159189e+01 8.328376029600259756e+01 9.721121419352849102e+01 1.172849761874756780e+02 1.184518115172160009e+02 1.091255616439297569e+02 9.965789445431572346e+01 8.110785407120204127e+01
1.103975526015853319e+02 9.537696452479910647e+01 7.587907759250791173e+01 9.537696452474197883e+01 9.631589235416942074e+01 8.244349670116281459e+01 7.662304627586786410e+01 8.787544912891065962e+01 1.074133101414949039e+02 1.232628439500235089e+02 1.373830549301130191e+02 1.260777802716308713e+02 1.174658447096789331e+02 1.260777358792742717e+02 1.360719592409233769e+02 1.441787906582136429e+02 1.373818117016317615e+02 1.423088901120394212e+02 1.340999668635813293e+02 1.327594654049136409e+02 1.245359869741663061e+02 1.296866476120550544e+02 1.214034448556016343e+02 1.151190767837648394e+02 1.037329823746871114e+02 1.000675622471013497e+02 8.060286331803196447e+01 9.574767426338958387e+01 9.466988798047621856e+01 7.897623625737131192e+01 9.873204243441257688e+01 1.030906829575957886e+02 1.231563955933732046e+02 1.106899085150262323e+02 9.232018106612788699e+01 9.390596142956415804e+01 7.941605409172908026e+01
9.826637625763055439e+01 1.035677287929343606e+02 8.461739172625522087e+01 1.035677287929343606e+02 1.101881594955346344e+02 9.253201137511462093e+01 8.637753622269129039e+01 1.043358895538037387e+02 1.156920410476078871e+02 1.316123186626169286e+02 1.176406038353738808e+02 1.316124458708996485e+02 1.369103291199498358e+02 1.287932765843060849e+02 1.164207375386743450e+02 1.287932765843059144e+02 1.369103291042264061e+02 1.341058809761096597e+02 1.143013630566091194e+02 1.201035150063329127e+02 1.047832239935222560e+02 1.213382124218111215e+02 1.193700080606036380e+02 1.275977385986816870e+02 1.239054528209286588e+02 1.083729961262968686e+02 9.574767426338958387e+01 7.620298302620649622e+01 7.486962378574169463e+01 9.466988798047621856e+01 9.873204243440501671e+01 1.187679275163755079e+02 1.193824648803662569e+02 1.097383014364042708e+02 9.606383094454979243e+01 7.708712060451559012e+01 9.542674362918764075e+01
8.170115422013400064e+01 1.014087798932155238e+02 9.578467833931311759e+01 1.123727883107981853e+02 1.204602630122957549e+02 1.121562164586425325e+02 1.001338325337818986e+02 1.142899303832845135e+02 1.281148337942759383e+02 1.234230339545310215e+02 1.037160786685829095e+02 1.234230339545310215e+02 1.287932770860106189e+02 1.091278058718649220e+02 1.050490423976604006e+02 1.091278058718649220e+02 1.287932770860013534e+02 1.341109367204321643e+02 1.143014509584735947e+02 1.003831128804524866e+02 9.348184399918947918e+01 1.054247077651005640e+02 9.965479545739466971e+01 1.193635330812528395e+02 1.262346473926811399e+02 1.060629276935755883e+02 9.210154585678121464e+01 9.187821181657160707e+01 7.197026768414684739e+01 9.187821963621065890e+01 1.070963877238020103e+02 1.186756908371586263e+02 1.112702850542277417e+02 9.210615751031502896e+01 8.269785746653285230e+01 7.543883731421676941e+01 8.891355134449038644e+01
