LEM/sinusoidal_perturbations/elevation_000063.asc
nrows	100
cellsize	150.0
xllcorner	0
ncols	100
yllcorner	0
NODATA_value	-9999
[rows 51 to 67 of 100, columns 37 to 73 of 100]
4.327776785052416386e+01 4.134340572055048568e+01 4.307694244036193965e+01 4.361243131777217030e+01 4.750802266296584264e+01 4.266953129556841162e+01 5.810930208732717972e+01 7.520625133248027794e+01 7.092596873573698701e+01 8.917089409775032038e+01 8.420875079900828553e+01 8.420884026570938374e+01 7.131834851261460528e+01 9.035322248389311994e+01 8.370754911552471356e+01 7.069771450448780570e+01 8.995564479782966316e+01 8.576114739911852780e+01 1.047565737755214457e+02 1.077995285852744587e+02 9.183134258613607415e+01 1.045929873220634789e+02 1.096695754056200940e+02 1.164148337417991428e+02 1.244218732018943712e+02 1.216328564781461381e+02 1.181690552132806005e+02 1.022018617120052255e+02 8.215245564180951021e+01 1.022021240516823184e+02 9.990197936526810452e+01 1.007693531443895694e+02 8.774676473340116445e+01 1.078917259207326538e+02 9.250922266999101851e+01 7.243870923650841576e+01 9.250919474352612326e+01
4.608880556646019500e+01 6.023596400980379428e+01 4.173773682059665191e+01 4.201284378975450551e+01 4.228441630564649500e+01 6.083832300998600573e+01 7.228109385993927560e+01 8.430382047392242839e+01 8.917047761689912022e+01 9.631421984240648726e+01 1.031803107814361340e+02 9.697594248011046147e+01 7.824406160321136383e+01 9.697594248011046147e+01 9.458162155559836037e+01 7.550822405452898067e+01 9.458162155559836037e+01 1.047565737755214457e+02 1.047565737755204367e+02 1.188297645073330102e+02 1.108311756197446414e+02 1.048920146917218119e+02 1.133736513042470619e+02 1.156005182110048679e+02 1.106918411342399935e+02 1.011765720426189148e+02 1.096109835214986674e+02 8.933664545430337967e+01 7.798508705911160632e+01 9.790664916908686166e+01 8.581098226036482401e+01 8.083434753957979524e+01 1.007693531443912462e+02 1.074607661091957027e+02 8.977490256320582773e+01 6.970105367174966204e+01 8.118475927697411976e+01
5.011119670446220198e+01 6.975223446205102107e+01 7.324073971476845202e+01 6.423743124702657781e+01 4.432155805544191196e+01 6.439040022675312969e+01 7.232136984195211937e+01 7.672692731648842823e+01 8.118856946209544390e+01 8.937810638649480666e+01 1.007698136068547399e+02 1.046000273999872974e+02 8.917899901678875096e+01 1.046000273999873116e+02 1.003052174818044762e+02 8.132218721844610343e+01 9.108698932405063431e+01 1.101309518023887222e+02 1.238808078290920065e+02 1.143694794536685322e+02 1.017317995740860681e+02 8.484641821333265455e+01 1.017317795434236558e+02 9.531168299957610657e+01 9.050118908207119262e+01 8.705471013257837853e+01 1.039998374772279277e+02 9.405726818971844239e+01 7.419448136275319428e+01 8.890370778662426687e+01 7.446868639370777032e+01 8.581098231103412388e+01 1.058998659187634814e+02 9.885756029259069066e+01 7.859474661928605599e+01 6.706182943727388590e+01 8.715880662704137194e+01
6.978385871678268870e+01 5.697859029945450970e+01 7.660033788708352631e+01 7.278858239859361845e+01 5.862607099439299674e+01 4.785681362438128161e+01 5.209897555079396625e+01 5.658124991324924480e+01 6.123603392476436369e+01 7.286594361812279885e+01 9.255748779115511127e+01 1.069731002704405967e+02 1.076267653228788248e+02 1.152389632461898401e+02 1.066388839244663131e+02 8.763787246205389181e+01 1.066388836861310665e+02 1.181221032483821887e+02 1.113116524321270759e+02 1.012436675724723614e+02 8.581441061393175573e+01 7.346317693317524800e+01 9.331910915920290961e+01 8.124613252688094178e+01 7.650112460226634425e+01 7.565554121762026796e+01 9.555562008519008543e+01 1.016154396132274940e+02 8.880449625062463781e+01 6.906208563999474848e+01 8.890370778651893602e+01 1.027415693400330525e+02 1.144218904831389807e+02 1.008264160912637806e+02 8.464427121189687853e+01 6.451684065804080603e+01 8.464383851583701812e+01
8.170521386571016365e+01 6.222058397944854136e+01 8.170521386571016365e+01 8.695109385545470104e+01 7.652406252180240642e+01 6.827777611320291840e+01 5.306184936042415501e+01 7.334975080182310592e+01 8.118856946209544390e+01 6.920982928485122443e+01 7.909959833189205369e+01 9.294768163848000597e+01 1.127199215238808563e+02 1.258057881662559083e+02 1.066388839244663274e+02 9.856704127353143008e+01 1.146136252050878142e+02 1.172172890300014814e+02 9.687109606170965037e+01 8.283511441212604609e+01 7.298194229194511706e+01 6.593791781946246999e+01 7.918896125084096127e+01 7.788676227812550223e+01 6.503194333660201210e+01 8.491767394170076955e+01 1.039923605777760116e+02 9.085789427048516131e+01 8.235237165711498619e+01 6.648684262344227136e+01 8.660779273748966034e+01 1.064833436007130700e+02 1.067536157853947714e+02 8.626987540526765486e+01 7.210050460477572187e+01 6.202453613947675848e+01 6.877489230009322796e+01
7.813470047666740470e+01 6.907781991218995188e+01 8.825889573593433113e+01 9.573925849875384131e+01 8.013067591539147827e+01 6.020558264288998629e+01 7.334975080182310592e+01 6.155465352772270649e+01 8.165704273599506280e+01 8.891921747677947963e+01 7.977463866162811712e+01 9.107101398916162793e+01 1.108250345250385323e+02 1.211407903256951215e+02 1.126089238015588023e+02 1.176651820970834166e+02 1.256832642495444645e+02 1.131323834704919875e+02 1.049087539719243551e+02 1.012436675724723472e+02 9.283273169220795751e+01 7.918884274848967664e+01 5.923330258716088537e+01 5.791326176992919983e+01 7.788676227812550223e+01 9.328008830259628326e+01 8.645266019304516192e+01 8.296234456460528861e+01 6.305000467694775068e+01 8.266332925352895700e+01 7.793649494362551877e+01 9.196496866021715277e+01 1.123767698187147062e+02 9.425044394719355978e+01 7.401448568817791340e+01 5.975246884656176150e+01 7.994128255302315722e+01
9.563684008111682999e+01 7.672367247932784551e+01 9.563684008111682999e+01 8.756449724658499179e+01 6.789645471335968807e+01 8.013067591539147827e+01 8.804010604541632290e+01 6.804364067939893346e+01 8.809320987708076700e+01 1.076560371866401482e+02 9.942017553549702313e+01 1.076558279733220331e+02 1.190962876567976565e+02 1.093241443890921545e+02 9.220055500496690115e+01 1.093241444572041701e+02 1.131323836114840731e+02 1.018658152674717883e+02 8.553504022082839242e+01 1.018658152674717741e+02 9.920476137421574947e+01 7.918896125084096127e+01 7.330439542471488323e+01 5.329349186953621142e+01 7.330428529379851454e+01 8.048065804699015757e+01 6.648790833413521284e+01 8.053494880665945743e+01 6.069768557901790018e+01 8.064984154154967655e+01 9.792200839624237574e+01 1.064833436007130700e+02 1.025010883671511266e+02 9.232483242784093136e+01 7.775004392479388571e+01 5.752207225598740337e+01 7.218124772504009456e+01
1.037793767842491803e+02 9.224383388021833241e+01 1.037793767842492514e+02 9.346024137683271249e+01 7.390627023686090524e+01 9.346024137683271249e+01 9.635735399561133363e+01 7.707165107908846835e+01 9.635730031606016155e+01 1.044623361019019256e+02 9.600121634115620850e+01 1.044623800068127792e+02 1.123275242473909259e+02 1.008259285457227321e+02 8.074992123706672942e+01 1.008259285457241532e+02 1.049087539720750613e+02 8.553504022082839242e+01 7.442086740381776622e+01 8.462406457749014521e+01 9.271749929468899154e+01 8.443148155003267163e+01 6.447670197851540763e+01 5.032309525531440642e+01 7.032110263835635067e+01 6.922728267022809234e+01 5.230895767539873731e+01 7.233464637700573974e+01 5.837780495513386114e+01 7.836267383151000843e+01 9.669317525588351714e+01 1.067309828663657640e+02 9.394013202542555518e+01 7.372933921195128448e+01 6.367108397374629192e+01 5.532042864701023177e+01 7.477274443468894560e+01
1.011221589265644667e+02 1.090160889991878008e+02 1.073544590877194338e+02 8.770506796241897973e+01 8.516879696438708436e+01 1.016553909030165812e+02 1.052759573514680937e+02 9.117659592355157372e+01 1.052759573514680937e+02 9.443869596801580713e+01 7.611126338012751091e+01 9.443869596807184053e+01 9.802328329276150498e+01 8.371910881740416244e+01 7.391721233845430561e+01 9.372791690668692866e+01 1.088425455455894024e+02 8.936166530524518237e+01 7.568047106884138486e+01 6.520452744501655218e+01 8.462406457749014521e+01 8.268916796813172709e+01 6.739273174853360615e+01 4.751884351258873807e+01 6.661036392452443522e+01 4.944294400101413345e+01 6.944098431912439651e+01 5.530029471699380395e+01 7.531665402538594378e+01 6.841348092906578415e+01 7.833426785426256345e+01 9.828829264241950625e+01 1.024949332831514681e+02 8.784385121871785884e+01 6.761809035952711611e+01 5.318858502551096024e+01 5.942861016595627888e+01
7.994077191234190138e+01 1.011221589265644667e+02 1.156057138436142395e+02 1.073544590877194338e+02 1.047865650782999296e+02 1.130294582399634038e+02 1.193739881672437235e+02 1.053686839284902277e+02 9.533075064888339512e+01 8.605623923168778333e+01 6.649333951163949052e+01 8.605623923168778333e+01 8.809201627842072924e+01 6.993344360907420310e+01 6.785649300098415893e+01 8.158809270259320101e+01 1.016469825509258982e+02 9.293647343729537624e+01 7.356398295479866078e+01 5.968534021370327025e+01 7.923805404846035572e+01 7.025014217309085041e+01 5.615877706186588370e+01 4.482757616804533285e+01 4.668122943882818277e+01 6.661002588571879812e+01 7.775497907277717502e+01 7.531678782239191605e+01 8.364292267164135808e+01 8.831176795619353470e+01 9.669317525588351714e+01 1.067309828663657640e+02 9.943780292835020873e+01 9.015466983729990602e+01 7.160909778066036324e+01 5.119467776561903349e+01 7.160909778176385032e+01
7.627906460308673786e+01 9.053019523097253796e+01 1.109834837900070994e+02 1.129573737599844918e+02 1.046855470357259890e+02 1.032579933557173746e+02 1.114807070424235036e+02 9.690099589397907209e+01 7.697930287160265550e+01 6.734878299895848386e+01 6.008148829780670752e+01 7.286267526006369621e+01 7.390722246143263874e+01 6.031888939397440907e+01 7.397117146531992660e+01 9.377918786442286603e+01 1.021654573336893606e+02 9.094036289798484063e+01 7.486593432057919983e+01 5.522591389003878959e+01 6.894424544729730542e+01 6.243654381581416146e+01 4.271934749420570654e+01 6.232444534118722146e+01 6.661036392452443522e+01 6.661011575252010175e+01 8.661198082314828639e+01 8.998828439189949790e+01 8.805114541828028507e+01 8.820820172458644493e+01 9.673722905123533167e+01 9.378914472159911497e+01 7.972104477615549456e+01 8.129107529086012107e+01 6.187787369168491836e+01 4.927383367836729633e+01 6.962809877253285151e+01
9.326295935025802919e+01 9.668839074808666112e+01 1.049340557643251231e+02 1.016516160155861854e+02 8.526403613068922027e+01 8.372802311796657193e+01 1.001507212744800768e+02 1.053690841559853908e+02 9.533075064682051902e+01 8.474627219873617889e+01 7.286265579559925243e+01 5.342125363368382551e+01 5.446688593608482165e+01 7.390722246143263874e+01 8.809201627842072924e+01 9.046456966621123286e+01 9.401670064157919171e+01 7.466970365165873602e+01 6.337353228129572358e+01 5.585965454183297396e+01 4.926130414208475372e+01 6.082418684600133929e+01 4.128280313167714866e+01 5.782249459098248678e+01 6.559079010592847681e+01 6.810154382913269444e+01 7.280862284586883959e+01 7.205932465140260490e+01 6.759996703448561561e+01 6.761385831073309305e+01 8.820818046032962911e+01 8.541625794322936827e+01 6.580018145780576333e+01 7.261796999278533349e+01 5.205178797778248168e+01 4.748661768808651829e+01 6.419747599998547116e+01
9.358341648917691202e+01 7.713078128573177139e+01 9.358341648917691202e+01 9.290244609632573258e+01 7.398431143488348027e+01 7.225594911293994471e+01 8.903588724293729229e+01 9.721287556150818432e+01 9.040861464850041784e+01 7.068131939157714783e+01 5.700090902980739571e+01 4.907814919441193524e+01 6.851543836029027545e+01 8.217062062904389563e+01 8.447108670783087803e+01 6.965197458136196929e+01 8.447108670783087803e+01 9.094036289798484063e+01 8.284670641628345322e+01 7.548653844567033389e+01 6.413795545517344010e+01 4.450734379629427906e+01 5.846143626121317283e+01 3.927504758381209626e+01 5.235395446251442308e+01 4.946166100097748597e+01 5.982189134983712364e+01 7.159426592780950216e+01 5.323050994100235300e+01 7.352516076973721226e+01 7.735506075570027917e+01 8.016490772309298052e+01 7.010296177929085104e+01 5.323575624415739327e+01 4.649842730195810958e+01 6.551279056232932874e+01 4.862434781157986663e+01
8.264899416125724940e+01 6.576608938862091236e+01 8.539679966029045488e+01 8.475379951237447074e+01 6.504260356315607794e+01 6.321732128351365532e+01 6.921256597625604456e+01 8.903588724283575573e+01 9.632697595292464143e+01 7.645911867177238719e+01 6.587035165331909070e+01 4.647593288085795393e+01 6.014544433224524767e+01 7.969150055118473119e+01 7.530019585570492779e+01 5.546834089169851723e+01 7.530019585570492779e+01 7.659070522288511995e+01 8.282594769001011059e+01 7.926291985410092877e+01 6.162859495850709379e+01 4.133946389276301403e+01 5.499835357003291847e+01 3.786789306358037521e+01 3.851204225080174126e+01 5.282977001423481767e+01 6.044000979064931300e+01 6.043985326462287588e+01 4.726401821249158530e+01 6.496268244302534356e+01 5.712963274715929884e+01 5.864764750819707473e+01 6.425082380810974314e+01 4.553213661547976443e+01 6.552214010135114108e+01 7.385125315347467279e+01 6.308008160084373372e+01
6.254782134669692084e+01 5.818449724085329677e+01 7.797708859766208889e+01 8.361244775844353683e+01 6.724625134564462314e+01 5.495014765083303843e+01 6.921256609126270121e+01 8.903593463979720468e+01 7.940671981831239634e+01 7.117213608361976185e+01 6.332364670301502230e+01 4.399937016008145463e+01 5.760707975986093743e+01 7.712497071098898971e+01 6.667866927135918331e+01 4.675033839306802008e+01 6.667866927135918331e+01 5.596121434022836638e+01 6.200341999602466814e+01 7.116543459629872359e+01 5.178731235592125159e+01 5.550646899175604432e+01 3.703370393234805391e+01 5.208577489398540195e+01 5.792611986885089692e+01 3.942010280463247796e+01 4.627606510798444361e+01 4.125872315450796890e+01 4.191040491580508842e+01 4.257687531606156739e+01 4.324618471484296833e+01 4.391627359895805682e+01 4.458460052877432389e+01 6.446661604673779777e+01 5.142605263610342092e+01 7.162166971088304024e+01 8.306411216379952123e+01
6.561113015931388759e+01 5.141581168641116051e+01 7.137955814539245125e+01 8.673849499737899293e+01 7.052548354148599685e+01 5.077957468929895413e+01 6.477364985193024438e+01 8.441163844206714373e+01 7.096664043017194956e+01 5.180567907407824890e+01 5.748214173422557849e+01 4.162909293514631770e+01 6.086953944123155935e+01 6.979762534780316230e+01 6.037677771727229015e+01 4.073639907304622199e+01 5.239498151046738883e+01 4.207367135294110483e+01 5.354923595472835984e+01 5.410534219028777159e+01 5.465543256854954990e+01 3.620914771900847029e+01 5.550652743193022332e+01 6.273533708411323317e+01 4.493344611887130213e+01 6.060616958343839400e+01 4.033872857742841234e+01 6.013393053803541477e+01 4.565324098459966962e+01 4.803186084240798692e+01 6.221275505375697890e+01 6.372135128958598926e+01 4.916638659853188642e+01 6.870302729780907214e+01 7.162168038511373425e+01 5.805389933133557179e+01 7.813761753773827934e+01
6.106301091305453355e+01 4.690945797360995329e+01 6.684388165521576752e+01 7.903261759388277596e+01 5.871008116170217761e+01 4.699940668261501031e+01 6.097630138700834124e+01 8.065953027361605621e+01 6.743323394270913695e+01 5.047117803353656740e+01 3.834235036453275569e+01 5.748214173424983642e+01 6.637267005300299161e+01 4.944797511145544888e+01 5.087279721803904664e+01 4.862014739456444801e+01 3.302408246687446791e+01 3.361610573086755949e+01 3.420653767440210657e+01 3.479474417155893917e+01 3.538054879869854119e+01 4.888635846402870300e+01 6.372904587067917248e+01 6.924657594581520925e+01 4.902799909883681551e+01 6.908127820546033604e+01 6.919362043409778096e+01 6.840605351096267839e+01 4.954652678292320900e+01 6.320994612666049761e+01 7.102406023488568110e+01 7.372480674040440363e+01 5.423094617834010478e+01 7.374181039205871002e+01 8.298067113742074241e+01 6.301196412252632229e+01 8.298067113749016244e+01
