LEM/sinusoidal_perturbations/elevation_000960.asc
nrows	100
cellsize	150.0
xllcorner	0
ncols	100
yllcorner	0
NODATA_value	-9999
[rows 17 to 33 of 100, columns 0 to 36 of 100]
5.222468517465790779e-03 2.000522246851711117e+01 3.016153039896759225e+01 3.593061316131372251e+01 4.258866794741284423e+01 5.078811637385148714e+01 6.060306861828170355e+01 5.203178397606934169e+01 3.303592580399369183e+01 1.178728088745157621e+01 3.022858732022160666e+01 4.006531065965634753e+01 4.824052153746559668e+01 4.257094685675912871e+01 3.675978480039944429e+01 4.134632318949916652e+01 5.288014599061710896e+01 4.821780963069332415e+01 6.486812177893314413e+01 7.655383113957751107e+01 8.265317482594429066e+01 8.262861924660795410e+01 1.008668008674897862e+02 9.335535451359515946e+01 8.502856496536902853e+01 8.990254131824504213e+01 7.042228539114584862e+01 5.686754506552036048e+01 4.974454452784718228e+01 4.346370455574344049e+01 5.501991115706161395e+01 5.051939855017287329e+01 3.273149272731690473e+01 5.191272490202422318e+01 5.900321558214449169e+01 5.088727113752671727e+01 6.430218212372528797e+01
7.333276091007126865e-03 1.414946889982534906e+01 3.414946893179107690e+01 4.373683947914803127e+01 5.202111319631748643e+01 5.299863637664043381e+01 6.128290795778983835e+01 4.737649917836090907e+01 2.644358393735115342e+01 1.208715826582850283e+01 3.061029823352122037e+01 4.211854164413768586e+01 3.695804174289713728e+01 1.437187066620921705e+01 1.470616520975605468e+01 1.688114999993992527e+01 4.209496587871349504e+01 6.216245580919134994e+01 5.489495130669502743e+01 5.971082252930982293e+01 6.537067042894894087e+01 7.731582452932318006e+01 9.533999882039356066e+01 8.842833581255095510e+01 8.059251806547601404e+01 8.859698967507895873e+01 8.424889162876095838e+01 7.614464541750361093e+01 6.886167825104453755e+01 5.501991115706162105e+01 3.607186266733285152e+01 3.136404630635457025e+01 5.051939854998047252e+01 4.622670352259118687e+01 6.563999483305121885e+01 6.430218212372528797e+01 7.829793859788738075e+01
6.343274376862209282e-03 2.000634327437650839e+01 2.792581972386035716e+01 2.373683946713844506e+01 3.885650075086131494e+01 3.299863637374395609e+01 5.299863637664043381e+01 4.393507481696511974e+01 3.150037804671077879e+01 1.238875409593694599e+01 3.157950380227649134e+01 3.837977977231838622e+01 2.464233946026856259e+01 1.428068848227689003e+01 2.695670272764427722e+01 1.513140801797814383e+01 3.189260960544534385e+01 5.214858766960817604e+01 6.942960238065354872e+01 7.655383113957751107e+01 8.264550168922440321e+01 9.025531986615075652e+01 8.916152173488542587e+01 7.913741347104800639e+01 6.203094625449335098e+01 7.913741862468587840e+01 8.482063572365642301e+01 7.673682040949886130e+01 6.107393602579895742e+01 5.289172944266814369e+01 4.820999374627990619e+01 3.041775466266136974e+01 4.955838340744128345e+01 6.563999483304966986e+01 7.375487559663234549e+01 8.406235195275664296e+01 7.731865550761249040e+01
3.497053469895897767e-03 3.925819756233568825e+00 7.925819756233551949e+00 1.218983408334572438e+01 1.885650075001250769e+01 3.040350613380522660e+01 5.040350613574580763e+01 3.728974269263405716e+01 1.255224852052804607e+01 1.269139706118813038e+01 3.208662743833087205e+01 3.327207996342851715e+01 1.385316997703176156e+01 3.318901955187678254e+01 3.489494800789695006e+01 1.543330496029261667e+01 1.771150910664428579e+01 3.707918716148003568e+01 5.903569185192013435e+01 7.283292479238913586e+01 7.463192699781613726e+01 8.283461809581693558e+01 8.083738753117872022e+01 6.133795326304794315e+01 5.244027080555195397e+01 7.127139336717240781e+01 7.673682040949886130e+01 5.741202112639055599e+01 5.289173110863856664e+01 3.054131630727541236e+01 2.908315185674909387e+01 4.819858402594295654e+01 4.599998129902292021e+01 5.967499739946009640e+01 7.918039999729799661e+01 8.303533284505556367e+01 6.326672838593702153e+01
9.635555453094322986e-03 2.000963555524242921e+01 2.792581975645079240e+01 3.218983408391400047e+01 2.218983408334590024e+01 4.218983408449911110e+01 5.868777763150789184e+01 4.572072536198272275e+01 3.344012511262199183e+01 1.464440537451291213e+01 1.312049428057341238e+01 1.342416193757118492e+01 3.273743954423157732e+01 3.900811457775647284e+01 1.812932863021292462e+01 1.573743354044955112e+01 3.118929016160495493e+01 3.331821188550897261e+01 4.593926586394496070e+01 6.076220092821131402e+01 5.505877203906722173e+01 7.461324959951704727e+01 7.804105425110098793e+01 6.441235226788785440e+01 4.545843312178400453e+01 6.466013366504722626e+01 7.673682040949886130e+01 5.741202112639055599e+01 4.271132971319336491e+01 4.727239634440581995e+01 2.813927247292554412e+01 4.160933025698940213e+01 6.095282473610819807e+01 6.451984673469597453e+01 7.295714451068960216e+01 8.332794590256231970e+01 6.993883272328693579e+01
8.845047570523793118e-03 1.415098067130159976e+01 3.415098067181093455e+01 5.047410550342047486e+01 4.218983408449911110e+01 3.633196970707766127e+01 5.633196971101236272e+01 4.967086035720175374e+01 2.864381006487920089e+01 3.480092276113507666e+01 3.326621194944618765e+01 1.437313919853860611e+01 3.013189699474241223e+01 4.463026393388404500e+01 3.592084435699558043e+01 1.604316254731586255e+01 3.266440492523821604e+01 4.459545025769440940e+01 3.567359288110141335e+01 4.162630462866425773e+01 5.505542321300391251e+01 7.450999769374844561e+01 7.022204218896440864e+01 5.120812734708968605e+01 4.016964597870461517e+01 5.951620846333982229e+01 7.188468371852995631e+01 6.371010818074392290e+01 6.307212379090760379e+01 4.634102438771594024e+01 2.721366268427622970e+01 4.552193688859703258e+01 5.282479632773312517e+01 4.272794926945363159e+01 5.399488994046294010e+01 7.504480352892898054e+01 7.080375679585851856e+01
8.023991185656003874e-03 1.415015961491673124e+01 3.415015961491955920e+01 4.629827931499581695e+01 5.107228448331849791e+01 5.633196971101236272e+01 6.461624140754577184e+01 5.883820965594188834e+01 4.967086035720175374e+01 4.500285915846104245e+01 2.409668993038997087e+01 3.476438593965591650e+01 4.230430325921833656e+01 4.681269341579926646e+01 2.442446325259611228e+01 1.635019745806690494e+01 2.952597216722059059e+01 2.808168768088798117e+01 4.623816562506763717e+01 6.076709062573974052e+01 6.432229515292860356e+01 6.148291454845820425e+01 6.710368018480045293e+01 5.474121961623430366e+01 3.528375580808247491e+01 5.474122534420612141e+01 6.371010818074181259e+01 4.402717169991127122e+01 4.979217032148883249e+01 4.819974360455295681e+01 3.689885170453809593e+01 2.591062726709439801e+01 3.110873306837092400e+01 4.368788756590671341e+01 6.541675508654374482e+01 8.332794590253867284e+01 6.802372971075703845e+01
4.598823041778624977e-03 1.414673444677285374e+01 3.414673444677355718e+01 2.637129714145456205e+01 3.119420996910202604e+01 4.249029557868344398e+01 4.869032733569698479e+01 5.602054397339412617e+01 6.417754237715001864e+01 5.396520059680796066e+01 3.350233473082711555e+01 5.391336025739946791e+01 5.672436295566030395e+01 3.693156024211778288e+01 2.728401096085019262e+01 1.666021202595662132e+01 2.165597824001882543e+01 4.272406525821220669e+01 5.306594531673802351e+01 5.142388712662341987e+01 4.085989563167223793e+01 4.282038526953975577e+01 5.176749844279315482e+01 3.935008067611399696e+01 3.116884170583968228e+01 5.058436869342632036e+01 5.470442281430985787e+01 4.976359322290525711e+01 3.015135315507528802e+01 4.273845036763722049e+01 2.463872639362518058e+01 4.404036198461020746e+01 5.282479629346862282e+01 6.153158266183821468e+01 7.384191130319247520e+01 7.288711566152822741e+01 6.474442928374377004e+01
7.340434288523949372e-03 2.000734043428816733e+01 2.592163194052446329e+01 1.225757191536113666e+01 1.710625422700175235e+01 2.264556705053017538e+01 2.894569472612508676e+01 3.643516580184439135e+01 5.011503988884041405e+01 6.415511446013498187e+01 5.105686606330357336e+01 6.497136688445492325e+01 5.222301001263598863e+01 3.264003238562152376e+01 1.963078044136155498e+01 1.697738273424489108e+01 3.685355140605797430e+01 4.415683208565315709e+01 3.938950807466991932e+01 3.777571329826648139e+01 2.735227976977983033e+01 3.936027403258498225e+01 4.285503937783177264e+01 2.554397083487807407e+01 4.000969262995658937e+01 4.055545524553849646e+01 3.514740679667971079e+01 4.115738811597270796e+01 2.336781644866897167e+01 2.338540810917050905e+01 4.204364916683879017e+01 4.576086679513615252e+01 5.385777320117127687e+01 6.494026391310397628e+01 6.863931608711611432e+01 6.049041474500439364e+01 4.514919719642666252e+01
3.515918393995972821e-03 2.952354977628386834e+00 5.933777954397983834e+00 2.592163194052446329e+01 3.701636319738400971e+01 4.249029557868344398e+01 4.869032733569698479e+01 5.602054397339865233e+01 6.417754957412829242e+01 7.689530677450727580e+01 7.523606620355744212e+01 6.259658382560984080e+01 5.685655555944541106e+01 4.222898732483062645e+01 2.286804058463071954e+01 3.583184323854105457e+01 1.745017392922217070e+01 3.574337064024123123e+01 1.845851402138227115e+01 1.882157466818064506e+01 3.010908324027637306e+01 3.612236230535572190e+01 3.841918491391980695e+01 2.214918550742262227e+01 2.081834380409657115e+01 2.114812501676766132e+01 2.147565635390424887e+01 2.180063620270028579e+01 2.212293752535601143e+01 4.149794618697003301e+01 2.473338136334207604e+01 2.926964007977434434e+01 3.796359827215458438e+01 5.654321486193011737e+01 6.046246949245677627e+01 4.091116868036598930e+01 4.664000109468049260e+01
4.608085242692564441e-03 2.000460808524233869e+01 2.592163194052446329e+01 1.210555169403727582e+01 3.208853589936007467e+01 4.409821574407317257e+01 4.986412160206997868e+01 5.652308265404849408e+01 6.481402146422139765e+01 7.481630945237979802e+01 7.504196893779352706e+01 5.898265575996289556e+01 4.023820621594897773e+01 2.946819042179225079e+01 4.222048923714829982e+01 3.838925637105315758e+01 1.762844854441048170e+01 1.792939359579413861e+01 2.997691733632586875e+01 3.528476946319213425e+01 1.932412847050282778e+01 1.967206861401484019e+01 2.001274878075697217e+01 2.034859731398572080e+01 3.358124764867046252e+01 4.020484527601152536e+01 3.550406680452894648e+01 4.091576245149643398e+01 2.693115506457077046e+01 2.260142852057691698e+01 2.293720756611782008e+01 2.481784193229062652e+01 2.916023278440317412e+01 5.050948905611603834e+01 5.864259269593447499e+01 4.661722168680461920e+01 2.729957420506639210e+01
1.610643649003322799e-03 1.414374626738007912e+01 3.414374626738078433e+01 2.623734746387118477e+01 1.896325877490157197e+01 2.412376744168367537e+01 2.989057116715507689e+01 3.654656921279431003e+01 4.653053892350638421e+01 6.651626444640167790e+01 6.689746946262336280e+01 4.732563440522123699e+01 3.764801762430850829e+01 4.876254651011397812e+01 4.957048034183873852e+01 3.246525867925558373e+01 3.816011617818150370e+01 1.955069998241784290e+01 2.714366369409493629e+01 3.560840280153616533e+01 3.716635864365728281e+01 3.916028780523943453e+01 3.049319226552600881e+01 2.037881890540581864e+01 4.125722151091820677e+01 5.395781489712064882e+01 5.546315127865729266e+01 4.687676485557858541e+01 2.743513485334647228e+01 4.196430424818518645e+01 3.660554761315015782e+01 2.340013772010281912e+01 2.372025724503804511e+01 4.294793168119888094e+01 4.004363375307856643e+01 4.428816282284153516e+01 2.616110995351594326e+01
2.022278438842990342e-03 2.000202227843848846e+01 3.829091343519298363e+01 4.621455437631794183e+01 3.894080914550681882e+01 4.409821574407317257e+01 4.986412160206997868e+01 5.652308265404828092e+01 6.481278191465359839e+01 7.481274221435027982e+01 7.504941839538211923e+01 6.507505425840002999e+01 4.553425250722949613e+01 5.972131256212240658e+01 3.910731090034720836e+01 4.116968597239911531e+01 2.168665469735579876e+01 3.914943129909863728e+01 4.271868734660369427e+01 4.266321625385069893e+01 5.429135385111725753e+01 4.587937228169789705e+01 4.488944088328528181e+01 2.552162280254895421e+01 3.710314775379584518e+01 5.763187962113663332e+01 6.397201778209775114e+01 5.068080443546476488e+01 3.104185227910359757e+01 5.068115299463785561e+01 5.398695556838039522e+01 4.595817471060515658e+01 3.042857416433638562e+01 2.416138270022273105e+01 2.447032622277652436e+01 2.478117624138511843e+01 2.510030260510101030e+01
6.642187732006160465e-03 1.000664218773209235e+01 2.414877781146329383e+01 4.414877781146400082e+01 5.101596812884022114e+01 5.510171187174255181e+01 5.698157669773570433e+01 6.527550022102911953e+01 6.474880280530071275e+01 7.304091046782477292e+01 8.138494673027402371e+01 6.154116104860028713e+01 6.479844475666034498e+01 5.609460090804272880e+01 5.385804744160127910e+01 2.780145905685049001e+01 2.313173498917277726e+01 4.263271602234193125e+01 5.295653407552465808e+01 6.403784400361111295e+01 6.868365547412153660e+01 6.196455170443927329e+01 5.078687159263790107e+01 2.995278323798625308e+01 5.078687641338758141e+01 6.786366989469105704e+01 5.666969374517928770e+01 3.688147908335370317e+01 5.068291768259335583e+01 5.886472965574103000e+01 5.842143746135644022e+01 4.056031596271981954e+01 3.964504422006021400e+01 2.694769178050022518e+01 2.683225172727412300e+01 4.413380847121342043e+01 3.222542149197619921e+01
1.591255364720534126e-03 2.000159125536436378e+01 3.151196681146112510e+01 4.506506747883155128e+01 3.104087705672277764e+01 3.512991438397244082e+01 3.702481914089295856e+01 5.063798950276369482e+01 4.479275833689740693e+01 6.474921525003601630e+01 7.707486413773750655e+01 8.129190159189134590e+01 8.277894181123008366e+01 7.557332238053102458e+01 5.957458042399603215e+01 4.375204846741771547e+01 4.262839208643523392e+01 2.515484316848957036e+01 4.474123691512767209e+01 6.356827994213745114e+01 7.502173757813642396e+01 6.596368232320629943e+01 4.450073780442309612e+01 4.003261042680492210e+01 4.077466311062099891e+01 6.228422552153746494e+01 6.486976891513630505e+01 5.666969374520996894e+01 4.363800370476140955e+01 6.348820685884158621e+01 6.657786267410625669e+01 5.284090017010253604e+01 4.964955285526414031e+01 5.515287153511619067e+01 5.138070518016103705e+01 4.843952520164295095e+01 2.904373924496611892e+01
6.189296070378335485e-03 3.291628350342520992e+00 2.320379154200307426e+01 3.153487524777158413e+01 1.700210035290951893e+01 2.110829491045369721e+01 2.561224895287693215e+01 3.083428554562678414e+01 3.884996150641874380e+01 4.877278167316526236e+01 6.877002514762612861e+01 8.414582955765193617e+01 7.278698627253173470e+01 6.398624560949039619e+01 5.583070520011228410e+01 4.694013645862632700e+01 2.722498296950300301e+01 4.469478002437174524e+01 3.548216247973051196e+01 4.693449684179526571e+01 6.688421373291173211e+01 7.453658919724547616e+01 6.596398873259042261e+01 5.246192742323515290e+01 6.228422552153746494e+01 5.604097888058979038e+01 7.735675623535357204e+01 7.170431799329431044e+01 5.511199855752733612e+01 5.211466141155856491e+01 7.197789133274613960e+01 7.197989156519464871e+01 6.986884370473788408e+01 6.578195221006275517e+01 4.615294989826799110e+01 3.244647513589964660e+01 4.843952532760942375e+01
2.247884206357958405e-03 2.000224788420600319e+01 8.120068659384967802e+00 1.162708667913641847e+01 3.153918892366495541e+01 4.097951843565582664e+01 4.545953735014048647e+01 5.063798950276369482e+01 5.292869877057602679e+01 6.706671563057226138e+01 7.707858849834870796e+01 7.608297521554581522e+01 5.632245943866000459e+01 4.484560720340112994e+01 3.601872339495725583e+01 3.226219524029327346e+01 2.887304668340057745e+01 4.865679895851128123e+01 5.536295034920258473e+01 6.357215518788135000e+01 7.020821853970088000e+01 6.269286470611643836e+01 7.085876921697460773e+01 7.394325401027734301e+01 8.238549389645594090e+01 7.735675623535357204e+01 8.576625909589881758e+01 8.315132513382640411e+01 7.493032018582687215e+01 5.874817925705026767e+01 7.862223966639840000e+01 8.599260516277739441e+01 6.645496070115291332e+01 6.645496068993362826e+01 5.443306242053434119e+01 3.488053929916714679e+01 5.443306242107928483e+01
