LEM/sinusoidal_perturbations/elevation_000654.asc
nrows	100
cellsize	150.0
xllcorner	0
ncols	100
yllcorner	0
NODATA_value	-9999
[rows 34 to 50 of 100, columns 0 to 36 of 100]
2.064481644892168701e-03 2.000206448164453832e+01 2.931562540890029922e+01 3.448965950304999950e+01 4.028095191722559321e+01 4.698243141720667637e+01 5.534746859447812994e+01 6.560943423978012845e+01 7.879810653663831488e+01 7.081416457918665230e+01 7.584486715452911199e+01 8.148515709942546437e+01 7.697358647145271959e+01 6.915024039932443145e+01 7.697401804643476453e+01 7.578453546580517752e+01 6.986717292793910872e+01 6.986717292793910872e+01 7.823229518634964563e+01 7.456665506366546481e+01 6.618001102366960708e+01 5.561698426673758178e+01 7.272269349626961343e+01 8.583995761349889619e+01 6.953261287155807224e+01 6.527489132748573297e+01 8.176063711768146902e+01 7.663481618524296834e+01 5.757342843163151258e+01 4.756268944209881511e+01 5.668539114191612782e+01 4.674355112473170948e+01 2.628802261251414407e+01 4.082973516424944904e+01 6.106963042034936251e+01 7.296947086176108144e+01 6.690824032252049847e+01
2.905961989428186391e-03 4.591220653897231330e+00 9.305266178643169184e+00 1.446924907856965881e+01 2.024281153395663679e+01 2.691003104983858307e+01 3.691983877550293158e+01 5.712673032717201238e+01 6.753320445807190708e+01 5.120484508587886552e+01 5.632833067839897723e+01 6.204456171371143824e+01 6.488507873741509968e+01 5.663238052140238210e+01 6.488520960715979413e+01 5.562881792840828865e+01 4.973109977483549216e+01 4.973109977483549216e+01 6.986717292793910872e+01 7.086227006262544137e+01 7.931440175453408870e+01 7.608249394237435581e+01 8.452388720233003028e+01 9.645505111793417541e+01 8.838079957498665351e+01 8.488271946193280826e+01 9.313411931876382255e+01 8.430582712863176198e+01 7.485449693061613630e+01 6.327206408388125425e+01 5.002849169218182368e+01 2.953089127367222488e+01 2.832379598576762092e+01 4.876892249450612837e+01 5.372863050565780441e+01 5.525984562542895873e+01 4.697548709811987777e+01
3.542675937824442140e-03 2.000354267593747082e+01 2.931562540890029922e+01 3.448965950304999950e+01 4.028095191722559321e+01 4.698243141720629978e+01 5.534746847147092552e+01 6.558534506692936361e+01 5.873650138032083134e+01 3.971558745094363019e+01 4.230530438873331178e+01 6.204459186692326966e+01 5.490630751481266714e+01 3.666121762323749067e+01 5.490631021300888648e+01 5.562881904323457860e+01 3.557553911435793026e+01 5.283048533957848747e+01 5.655508984069293632e+01 5.065860056885701823e+01 7.083713841424454927e+01 8.964936072654053589e+01 8.395881657370898665e+01 9.236953404421421965e+01 1.025627714994698749e+02 9.271670989805041074e+01 8.262513259181112346e+01 7.425521828422675696e+01 6.712574320323194854e+01 5.521755600478000048e+01 3.481935598288436751e+01 3.256766624198849769e+01 4.820980449085988084e+01 3.130388245800398295e+01 3.346156689438181076e+01 3.567072532055846779e+01 3.790917622491578953e+01
3.411803931810562015e-03 1.414554742766263473e+01 3.414554742766192419e+01 5.189999886043672461e+01 6.015904726182044726e+01 6.319259739432758494e+01 5.566648215160289226e+01 5.428315853943665559e+01 4.529897566307542434e+01 3.077291525754191426e+01 5.064811672025921041e+01 4.592956919087897916e+01 3.760986774100696550e+01 2.667208011109485355e+01 4.201239205460317550e+01 4.496726748462476309e+01 2.925694496230531527e+01 3.278953457083424894e+01 3.649935407018524103e+01 5.549576024632588656e+01 6.161777586480603475e+01 7.303120492284458010e+01 6.352818471603923456e+01 7.373194219204631850e+01 9.418569095537179692e+01 8.433701765484347845e+01 6.417341891361006390e+01 5.409001757993888049e+01 4.692403730916645799e+01 4.045619042980622027e+01 5.515341960693752554e+01 3.565047875106250075e+01 5.575912337220039916e+01 4.581655458150645188e+01 4.791933391471442150e+01 5.589084777896641043e+01 4.381986094154516564e+01
3.327314952832964925e-03 2.000332731495247884e+01 3.776107230904236189e+01 3.190454140600330035e+01 5.189999886043672461e+01 5.566648215160289226e+01 3.705392559658623952e+01 4.167403815982738990e+01 2.314399902894529504e+01 3.773664796918964726e+01 4.367807763838165158e+01 3.548933249591549099e+01 1.770470313647883032e+01 1.916079467393577218e+01 2.200800681916876300e+01 2.494715285518739023e+01 4.496726748462476309e+01 5.283048533957848747e+01 5.655508984069293632e+01 4.266521818927580512e+01 4.737707075737947093e+01 5.272858294838017912e+01 6.440287682825712068e+01 8.483423411842292694e+01 1.025627714994698749e+02 9.271670989805041074e+01 8.262513259181112346e+01 6.811222297284678007e+01 4.791544635710143041e+01 6.073740287862237608e+01 5.894763447053345118e+01 3.878923072853739740e+01 5.894763447053345118e+01 6.584654767010181331e+01 6.789092817205002461e+01 6.982341508803820318e+01 4.991270449994303959e+01
6.779948344387334673e-03 2.000623113260010300e+01 1.776246889555693897e+01 3.776107526246561719e+01 3.648637337228586830e+01 4.476999430054048901e+01 4.273234166222135855e+01 2.374361690794583524e+01 1.858379885115877883e+01 3.206211563072233872e+01 3.343540860020591765e+01 1.572402812594217281e+01 3.548935208936702423e+01 3.912704611045690939e+01 2.174831868432542592e+01 4.175058167048580771e+01 5.273408436419774858e+01 6.693410549625711781e+01 7.128371116590845702e+01 6.287563055114360111e+01 6.760867150991715846e+01 7.303818448703623289e+01 8.146852864451554410e+01 9.324208682333402010e+01 1.015190219031877206e+02 8.129171545899275486e+01 6.704324415012447957e+01 5.696600807180873005e+01 6.220370665171002855e+01 7.647844123454072474e+01 6.208207313619395507e+01 4.201187294533605154e+01 6.208207313619395507e+01 7.351350016594321346e+01 8.164335803581002438e+01 7.642750352629570898e+01 5.661523821172344384e+01
9.516927588586143695e-04 7.072019504615034258e+00 2.246005931090918040e+01 2.369743590541111544e+01 1.649058241547755443e+01 2.620081754837549681e+01 2.862502512174036085e+01 1.646310148128264217e+01 3.016721609224273948e+01 1.265626136299493609e+01 1.387668901028957080e+01 3.343540860055018982e+01 2.813234313709433465e+01 4.814899307494772529e+01 4.175058167048580771e+01 2.439892297106430519e+01 3.853406322553352936e+01 5.526504717855783611e+01 6.313487655600522430e+01 6.313487655600524562e+01 8.323665774091865899e+01 8.027254949537373818e+01 8.862326498895879467e+01 1.057831290637623027e+02 9.747927554912185144e+01 9.559813965133922409e+01 8.550245952884819189e+01 6.704324415012447957e+01 8.237664320883801850e+01 8.061266226641095045e+01 6.088725370880008114e+01 4.668951909417029356e+01 4.861125436110037867e+01 5.366575105853306127e+01 7.351350018977088041e+01 8.455380243463368117e+01 6.660885358420900104e+01
1.945935296826602993e-03 1.230536168964698085e+00 2.461451078757171285e+00 3.699419999925236624e+00 4.944565612536838906e+00 6.204447188361799981e+00 1.345415651006467250e+01 9.756690066929181171e+00 1.098439006018843500e+01 3.023131278609044870e+01 1.868446276703053144e+01 3.265149361060691291e+01 4.814899307486549418e+01 4.814899307324596833e+01 5.273408436454010229e+01 4.441008193096213574e+01 2.713081282925220350e+01 4.714312798484382228e+01 4.286236433500438636e+01 6.264057965543962325e+01 6.602783659690450691e+01 6.015173013638043642e+01 8.027254949537373818e+01 9.413369303031046798e+01 7.724795499061333715e+01 9.413369303030400204e+01 9.559813965133922409e+01 8.129171545899275486e+01 8.523835952645082159e+01 6.561516039511745646e+01 5.406981925468900130e+01 6.666469211364918124e+01 6.278363415923700330e+01 7.351350016531857534e+01 6.223040401732446725e+01 8.190112291021020496e+01 8.052941757650398813e+01
5.600688922766023682e-03 2.000560066765004308e+01 2.246019359489619660e+01 2.369743644926975890e+01 1.908516977987915908e+01 2.620081755580450178e+01 7.990174789187171278e+00 2.844602496582905005e+01 3.025795125018800036e+01 3.856700529948432177e+01 2.434065960814756835e+01 4.418938327604886496e+01 6.076712780543524417e+01 6.826112710124380101e+01 7.072887950905219157e+01 5.292383906909763169e+01 3.289886846580552060e+01 3.007780257771420551e+01 5.009012416569969162e+01 5.182410789269456330e+01 4.605530738513213151e+01 6.604498168359788224e+01 7.716515799989845448e+01 8.550794314205036528e+01 6.557994534719641422e+01 8.579871717860535796e+01 1.007691455844320103e+02 1.015190219031877206e+02 9.336900297558369743e+01 7.985260272429421491e+01 6.013957167067361098e+01 7.985260272429421491e+01 8.247657466791325476e+01 8.841440019457010635e+01 6.887456834121495319e+01 8.841440019477748535e+01 1.000475747910596311e+02
8.215197286175309616e-03 2.000821519728582132e+01 3.235739546709510961e+01 3.991668490027796423e+01 3.908095021710045103e+01 4.100173255021525165e+01 2.557603279372766991e+01 2.557603279372766991e+01 4.800451191905655435e+01 5.244777301287704319e+01 3.581749750528048537e+01 3.581749750528048537e+01 4.724950075486221834e+01 6.710246388326365263e+01 6.238509616098788513e+01 4.231473901689179939e+01 5.292383906909762459e+01 5.009012416565600745e+01 3.316086457993277747e+01 3.540814372220851425e+01 5.542416025314150829e+01 6.214526699897414375e+01 5.702072503669904791e+01 6.914106862883839710e+01 5.799708627606670319e+01 7.223562034171935409e+01 8.701291280323978583e+01 9.467332307975266303e+01 1.029866330415269147e+02 8.797255649012755896e+01 7.160036397356445548e+01 7.413444947622463133e+01 9.365744584751156765e+01 9.654524273361919029e+01 7.868494493620879382e+01 9.654524273361919029e+01 1.085745397127401617e+02
2.613274238814250559e-03 6.032840165794061349e+00 1.235739548613076622e+01 1.991668494631517916e+01 3.146369033010740068e+01 5.146369022118282288e+01 4.800451191905655435e+01 4.800451191905655435e+01 5.642743230670290444e+01 6.392096596949956222e+01 5.564035027648667864e+01 5.564035027671792477e+01 6.392096611845656184e+01 7.542257622189052313e+01 7.072887981597970963e+01 5.231740316000952618e+01 7.072887980609974079e+01 6.150028350153995405e+01 4.468939267912548985e+01 5.542416025312818562e+01 3.883183881061003007e+01 4.211185345119366730e+01 4.548222830888588675e+01 4.906201538084976477e+01 5.376189451526345664e+01 6.008280679433980254e+01 6.677370078464618075e+01 7.440578254737593511e+01 8.876535538664779779e+01 9.926769852067869238e+01 9.112537049588540583e+01 9.365744584751156765e+01 1.018106635040306145e+02 1.063133639541407263e+02 9.814385545345700734e+01 1.063133639541407263e+02 1.144195944644489202e+02
7.532853315450405325e-03 2.000753285331509446e+01 3.235739546709510961e+01 3.991668490027796423e+01 4.820094988920482137e+01 5.974795092348603021e+01 5.845819893873380124e+01 5.845819893873380124e+01 6.673827666676561421e+01 6.956628138717218235e+01 6.128091913387110168e+01 6.238308430748730871e+01 7.066969434899488078e+01 8.481290254944858020e+01 8.079845076402936854e+01 7.245278916196605223e+01 8.079845076402936854e+01 7.309808259916485440e+01 6.475625186163938452e+01 4.950135037737607036e+01 5.885179410028990787e+01 4.484479017564727599e+01 6.485413904490278014e+01 6.914106862950612253e+01 7.388386180277780113e+01 6.534218576295249648e+01 8.555200826407623538e+01 9.467332307975266303e+01 1.029866330415269147e+02 1.172079106964061168e+02 9.890894455523837792e+01 9.038992740114478863e+01 9.038992740114478863e+01 9.093192797102656755e+01 9.945377226186595010e+01 1.039885705946518328e+02 9.128960079213756273e+01
6.101047412966256744e-03 2.000610104741260997e+01 3.829111981673369769e+01 5.515598315001864194e+01 4.687321825695821786e+01 5.259807783160561456e+01 3.845787899644563623e+01 3.845787899644563623e+01 5.845819893873380124e+01 5.801866952566930991e+01 4.128005082302253470e+01 4.238222311521629138e+01 5.652510657078057932e+01 7.145565635142970962e+01 6.933737428783493328e+01 6.784435022852774466e+01 7.612970234543220727e+01 8.605684065865546017e+01 6.588818583661131356e+01 6.106646288241034171e+01 7.194368838329488369e+01 5.189141473236026059e+01 5.297428240920891085e+01 6.705976616626179521e+01 8.708331721914410650e+01 8.555200826407623538e+01 8.184663555993246575e+01 1.020390261043527289e+02 9.661652142603121263e+01 1.026649581270276315e+02 9.038992740114478863e+01 7.013530284848607721e+01 7.013530284848607721e+01 7.066145249784511861e+01 8.769935693971558521e+01 9.392120545573642687e+01 7.419659347264520477e+01
6.842009524227352091e-03 1.000684200952431446e+01 3.000684205109447333e+01 4.361019551207314748e+01 2.687259175451120541e+01 3.488744621144870450e+01 2.431519972166979571e+01 4.431583708164130542e+01 4.852425910028244260e+01 4.973341704313374834e+01 2.973240231864802041e+01 4.973341681776715006e+01 5.739004237237052308e+01 5.145586226189609391e+01 4.933685784575158095e+01 4.784377140641649362e+01 6.198648915265536630e+01 8.198647788439625117e+01 8.605684065865546017e+01 7.531858336894316608e+01 8.027581945926220897e+01 6.081959115615089928e+01 7.292452848621604744e+01 6.289191611970289131e+01 7.655628426457198543e+01 9.549152251736647656e+01 1.020390261043527289e+02 9.063225444094025818e+01 7.609304356958081428e+01 8.210423106020314776e+01 8.871816715980246215e+01 6.854449740975617544e+01 5.616310277598024214e+01 5.924033193060466829e+01 7.922876349998351486e+01 8.535669697980432602e+01 6.492988855884584609e+01
1.934550753332892102e-03 2.000193455075297777e+01 3.829110272558310157e+01 3.532587581316385439e+01 1.532538233888566204e+01 1.488700885996926360e+01 3.067533246692349280e+01 3.251653719712113855e+01 2.852350565761093293e+01 3.638164301899961828e+01 2.395882560251262916e+01 4.080292989940543436e+01 3.738829329952168479e+01 3.731287038569268333e+01 3.519380953722266270e+01 5.519487350860789121e+01 7.455475307708579180e+01 7.674897564944271267e+01 8.505401129128564719e+01 9.550648344373193765e+01 8.927384439450392506e+01 7.503469039393989704e+01 8.927384439450392506e+01 7.277388540761232605e+01 9.092963430427558080e+01 9.960135849972623134e+01 8.718210905247408959e+01 7.849673250467147056e+01 6.179992697766337528e+01 8.210423106020314776e+01 8.273439890609930103e+01 6.266684776123255318e+01 4.876660819147203796e+01 6.854449740975617544e+01 8.769935693971558521e+01 7.873075629780231566e+01 5.861510818125441347e+01
4.364784840791047053e-03 2.000436467145836872e+01 2.320247834381492780e+01 2.481985649518755110e+01 7.160401423951477717e+00 8.856779283301769112e+00 1.067496110143982335e+01 1.251611033705746934e+01 1.438111995286811151e+01 1.638111995029572654e+01 1.841181227334966408e+01 2.080226948468027004e+01 2.324565848101718402e+01 2.576542248182953898e+01 4.576628151917900311e+01 5.813389670013215493e+01 5.451927085994543631e+01 5.671037623014200335e+01 7.284372624427750509e+01 8.115097509079002691e+01 9.011991566923661878e+01 9.520785014523123380e+01 1.008593430965706830e+02 9.261323762545353588e+01 1.008593430965706830e+02 9.083082220228837400e+01 6.821870032912410409e+01 5.773105961248225526e+01 5.433146217647554010e+01 7.442992546782691932e+01 7.192048065099693588e+01 6.412202693540173470e+01 4.426329886211188125e+01 6.412202693540173470e+01 7.400350866670314076e+01 6.564260834964512981e+01 5.311147296939751072e+01
5.219006137575642711e-03 1.601392775072818520e+00 3.202674313123686556e+00 4.819578480032566503e+00 2.481985649518962589e+01 1.702176415968650858e+01 3.067534866567047303e+01 3.251653719712113855e+01 2.015462868415724174e+01 3.638164301899961828e+01 2.395882560251262916e+01 4.080293054315067280e+01 4.324641124153482252e+01 4.576628151917900311e+01 2.984792532673576204e+01 4.984897963322941905e+01 4.038088535626955888e+01 4.614893305331921880e+01 5.281036713828945039e+01 6.175763524255313541e+01 7.593338108132340381e+01 9.600616121721630236e+01 9.932088582047123282e+01 9.136222418244868493e+01 9.479024418247067274e+01 9.901457666878552288e+01 8.718210905247408959e+01 6.773043770404308361e+01 4.774449687161885691e+01 6.148428679349324000e+01 5.195012827918053233e+01 5.431293095834364237e+01 3.994085300200613631e+01 5.998119588728097540e+01 6.564260545946845582e+01 4.578727122140050909e+01 6.368738866748770988e+01
