LEM/sinusoidal_perturbations/elevation_000758.asc
nrows	100
cellsize	150.0
xllcorner	0
ncols	100
yllcorner	0
NODATA_value	-9999
[rows 34 to 50 of 100, columns 0 to 36 of 100]
2.064481644892168701e-03 1.414420010537596717e+01 3.414420010537666883e+01 4.603584946589891302e+01 3.919668127557005022e+01 2.772470992979391724e+01 3.772470992979426541e+01 5.772470992979496884e+01 5.709455014932733263e+01 3.699387274316820395e+01 2.991909573955194546e+01 2.359311641701759044e+01 4.084789549667340935e+01 3.478553279100687234e+01 4.651562208988608660e+01 4.990484388943563232e+01 3.575133412291501145e+01 4.092171807227524738e+01 4.628602044415045214e+01 5.340325449555039228e+01 6.347339260721787468e+01 8.348649143645747017e+01 9.725483970857402483e+01 7.718932367715653697e+01 7.718932367715653697e+01 8.967078751610118559e+01 9.797237093949617304e+01 9.787334304432177134e+01 7.798851274467747885e+01 6.645573814223948261e+01 6.904568904325465439e+01 6.559997357381729444e+01 8.554115568659376834e+01 8.219612414904095488e+01 6.222649213234593191e+01 5.221142347717312049e+01 4.556791469037806763e+01
2.905961989428186391e-03 1.414504158572050407e+01 3.414504158572120929e+01 2.603584946589820603e+01 1.919668127556934678e+01 3.919668127557005022e+01 5.600898117742899984e+01 6.600898117752478811e+01 6.541426053493489690e+01 5.709455014846854226e+01 4.998788749265936815e+01 4.084789549089109784e+01 2.080270392173684257e+01 2.322675176121708063e+01 2.647335260150765279e+01 2.985392882307201035e+01 3.741670644744934293e+01 5.749737915812438160e+01 6.638176095272810073e+01 7.347994202183774348e+01 8.175109252621496125e+01 9.174749854733768473e+01 9.554143564127774368e+01 7.546100410963144611e+01 6.294445128491484098e+01 6.957511910428745239e+01 8.967078751610118559e+01 1.060981728458357196e+02 9.462245216401760217e+01 8.639283091803213210e+01 8.897259625353161994e+01 7.559690314310837778e+01 9.377119023733843051e+01 9.047589955484642132e+01 8.048805629900169833e+01 7.221130373225759058e+01 6.350100875316937277e+01
3.542675937824442140e-03 2.000354267593747082e+01 2.645040330264842865e+01 1.189371384216700456e+01 3.189371384216736161e+01 4.748095252308391423e+01 4.945300330235053821e+01 6.945300330234911712e+01 6.528158936047458383e+01 5.376200540376651560e+01 4.483167289515922249e+01 3.662430446580508914e+01 1.885880943792442110e+01 3.890093589396444429e+01 4.651562208988608660e+01 4.141987672173439705e+01 5.749673913573587924e+01 5.161766304924032056e+01 7.169228161116942033e+01 8.923303373045608566e+01 8.092555262916222603e+01 8.923303373045608566e+01 8.431918525566787537e+01 7.546100410963143190e+01 5.531336959675355303e+01 7.546100410963143190e+01 9.034922304931696146e+01 1.039800416371303413e+02 9.574824331365041985e+01 9.832250359077751511e+01 1.037110866005153298e+02 9.548540988537743601e+01 1.037111271912665273e+02 9.810873304718589338e+01 9.011938397338857953e+01 8.165397052135057265e+01 6.772581059396031833e+01
3.411803931810562015e-03 3.205974880033546803e+00 6.450403302648783921e+00 2.645040330264842865e+01 2.189371384216682870e+01 2.945300330235124164e+01 4.359513892608169527e+01 6.359513892608098473e+01 5.706040700548798839e+01 3.709610785008624134e+01 2.553582366392476999e+01 1.658861287921334338e+01 3.662422975153184268e+01 3.152235701480817198e+01 4.570951628161417091e+01 6.149552645269839246e+01 6.978413864775465925e+01 7.169228161363832896e+01 7.997592627050730130e+01 7.918103630432210593e+01 6.080169155564166061e+01 7.918101761933007765e+01 6.420578338785014694e+01 6.420578350089404296e+01 5.027446171764221816e+01 6.191895300753705556e+01 8.204233616353106129e+01 9.251499404787760739e+01 7.589652516673443472e+01 7.847308872640122956e+01 9.251034472232706207e+01 1.123542963576576170e+02 1.008509729174067786e+02 8.226331562033875855e+01 7.176397092480654294e+01 7.155634881848864381e+01 5.368771000904732915e+01
3.327314952832964925e-03 2.000332731495247884e+01 2.645040330264842865e+01 1.714085297914557060e+01 3.714085297914486006e+01 4.945300330235053110e+01 5.773727454903178824e+01 5.501778938448241973e+01 4.672944750606422559e+01 4.468326055501642458e+01 3.505849476598375958e+01 1.503053713929379676e+01 3.505971060151848917e+01 5.159768950930762799e+01 5.991572726304035967e+01 7.412183590909182840e+01 7.253447178141129825e+01 8.085064556933582480e+01 8.385333045163328336e+01 6.374246260250848906e+01 5.072194176652316600e+01 7.086362187354654907e+01 6.420578267856906507e+01 4.406947407859400556e+01 6.420578350089168396e+01 7.874261390733433075e+01 8.198414443964114184e+01 8.428684849765181752e+01 6.437833152785535162e+01 8.426951945781544850e+01 9.173469415193849841e+01 9.990239966316703146e+01 1.090404539248021507e+02 9.349882614912856127e+01 7.230431711003518558e+01 6.075203349148441134e+01 7.377435353491743797e+01
6.779948344387334673e-03 1.414891557207546313e+01 3.414891557207617012e+01 3.714085297914486006e+01 3.128298860287627292e+01 5.128298860287556238e+01 5.176503648010264413e+01 4.342870141393980532e+01 2.672466424921792694e+01 2.454584205430961319e+01 3.132077372082006050e+01 1.348636629781682750e+01 2.763361004464572801e+01 4.772595215348253817e+01 6.663121818561886300e+01 5.830558760514661998e+01 5.241179080190188699e+01 7.253447178141129825e+01 7.557628899100789965e+01 6.374246260250848906e+01 4.361392548898548682e+01 6.346399109053682253e+01 5.513603928225615647e+01 4.021229950395451880e+01 6.033054893757125114e+01 7.612222311543654030e+01 6.200079218280165350e+01 7.183745618827023804e+01 5.803222732975724796e+01 6.437832075982460367e+01 7.193184857254534847e+01 8.596140292611033829e+01 1.056727754803904418e+02 1.031185011911045137e+02 8.960165477142719226e+01 7.058900587648346914e+01 8.879869285975594551e+01
9.516927588586143695e-04 1.414308731648993422e+01 3.414308731649063589e+01 4.507980648170911309e+01 5.128298860287556238e+01 5.956725984965239462e+01 4.323006819857785388e+01 2.332499881072448744e+01 2.878014660730823948e+01 1.039383054060964362e+01 1.131894672037546634e+01 2.628226438341253157e+01 4.000902517970104100e+01 4.884907919417598521e+01 5.715993929980257349e+01 3.820077181765683605e+01 5.830558760514661998e+01 6.720452584199217938e+01 5.540032198299197574e+01 5.793185442296077525e+01 3.782798152683531612e+01 5.033330467877146930e+01 3.504483030848205516e+01 5.513603894381454040e+01 6.865728414411024971e+01 6.261039650570449311e+01 4.780777033134313569e+01 5.182713817764676634e+01 7.183745618827023804e+01 8.426951945781544850e+01 9.173456163200341962e+01 9.904273166861588606e+01 1.030902446920064932e+02 1.073124023081342813e+02 1.005574698500935540e+02 9.147533706621796057e+01 9.954858119118371462e+01
1.945935296826602993e-03 7.561714204062046640e+00 1.651197898365258965e+01 3.071693291946113646e+01 5.098326534028885249e+01 5.514078198344129333e+01 3.970242473887588375e+01 2.183985542279465264e+01 9.093058286186661121e+00 2.911632837749176872e+01 3.134245732945693419e+01 1.296571340147250240e+01 3.299234061017379815e+01 2.878011722115545368e+01 4.884854228788981345e+01 3.112030895854154977e+01 5.119746169013886572e+01 4.712178190179239579e+01 4.118594875007492107e+01 4.488483598244620509e+01 4.639760638323341624e+01 3.026518649890572377e+01 5.033324687027535305e+01 6.345100664172489502e+01 5.761055346840455371e+01 4.253831410384007938e+01 6.261039650570449311e+01 7.183745618827023804e+01 7.652303806245340922e+01 8.033699628295890705e+01 8.876308152651365901e+01 8.976879558592331421e+01 8.247824218443511768e+01 8.802047667695515543e+01 9.994842092518346988e+01 1.085735765410603477e+02 1.058672153108601748e+02
5.600688922766023682e-03 2.000560015069527964e+01 3.573576406052131915e+01 4.488536747616411304e+01 3.847038895712733364e+01 3.882435042610570974e+01 2.691648941827443409e+01 2.692398708387768380e+01 8.181731096280147497e+00 2.820514477863490299e+01 4.130604076630235255e+01 3.298976357346126775e+01 1.462460899795804536e+01 3.465434270985073084e+01 3.756637134293462310e+01 2.479030764167379886e+01 4.010583684435323448e+01 3.293173907945450196e+01 4.274728036255535102e+01 2.481838045877785603e+01 2.634189817676416823e+01 4.639486497534539211e+01 5.086907769218931463e+01 5.276106706418622139e+01 3.753302214264737557e+01 5.742662266003222271e+01 5.987679206113892150e+01 6.238203372063917129e+01 5.796039747826582555e+01 5.999772474663778610e+01 7.191362400995548398e+01 6.975409267796220547e+01 6.823303816610361139e+01 8.507587234074675564e+01 7.972782788736478210e+01 1.000599891430909878e+02 1.006612710186325472e+02
8.215197286175309616e-03 1.400469618152056839e+01 3.271523251147130651e+01 3.214886668720208007e+01 1.803725820404315527e+01 1.888692958130029353e+01 2.565619203850460295e+01 6.896063139849782253e+00 1.300414431993384490e+01 3.409903851153085697e+01 4.885101551505829320e+01 2.878013189237137581e+01 3.465740709895997895e+01 1.631617533198692271e+01 1.751980795249746592e+01 1.874983729740201710e+01 2.005241173742111016e+01 2.136469981664079754e+01 2.269183871724086288e+01 2.620976380835109865e+01 4.628826915835890787e+01 2.894711999293519966e+01 3.080388713375168308e+01 3.268429464999935874e+01 3.497652568099767478e+01 3.731546025432029978e+01 3.973994482450151366e+01 4.222194657083682756e+01 4.508493596517877933e+01 4.804589897890950567e+01 5.166471814445274191e+01 5.542150579580075487e+01 5.996478864458578784e+01 6.540429909212282666e+01 7.973568312941931424e+01 1.002274582110302532e+02 1.088646965980712054e+02
2.613274238814250559e-03 1.917145481704691434e+01 2.170278803181810900e+01 2.263635069978780834e+01 3.859823789415834483e+00 4.742785412240259291e+00 5.629311274044742852e+00 2.565618587774919135e+01 1.812541242151826637e+01 2.779867466702020451e+01 4.822432142220726803e+01 4.296398048518173596e+01 4.468837350357497229e+01 3.636009719543799434e+01 2.419505684727428374e+01 2.375918722135100936e+01 4.010583205815594710e+01 4.141937120959902785e+01 4.274728613707624447e+01 3.000470965021266778e+01 3.136635637075973904e+01 4.900950466232778524e+01 5.087456056636548851e+01 5.276157063832457794e+01 4.917268391745074041e+01 4.891065611693593951e+01 5.987679206113892150e+01 5.228682074240713717e+01 5.122018459309672522e+01 6.827435669120912110e+01 5.709230206977735378e+01 7.567785482393082930e+01 8.020057172526666989e+01 7.426671874504253879e+01 7.709213781944302468e+01 8.872259288063820293e+01 1.088603217735653317e+02
7.532853315450405325e-03 8.755143100000576384e-01 1.744473358504012861e+00 2.616121393285882224e+00 2.258496686422608235e+01 2.475754915049029492e+01 1.031893121183700046e+01 3.176354455721468284e+01 2.881920208379242965e+01 4.540397957875360646e+01 5.659052122713195132e+01 6.306417957906817406e+01 5.846337720135596783e+01 3.836700541522257168e+01 3.420892030832102648e+01 4.381449201212048195e+01 3.132544927524306644e+01 5.140314933409347731e+01 5.544359188702148344e+01 3.535337576106054769e+01 5.147006445582024270e+01 3.670949456566574298e+01 5.684039485165388328e+01 7.082394690783121405e+01 6.931164170764063215e+01 6.906871949345655537e+01 7.739760692918426344e+01 6.395379038216388778e+01 5.795202207974431730e+01 7.814222799033316846e+01 7.732085559278388587e+01 6.723336135884831322e+01 8.740839177433788620e+01 8.581560048475581937e+01 9.720886267613029474e+01 1.056181298303711031e+02 1.172868520250367652e+02
6.101047412966256744e-03 2.000610104738671780e+01 2.176521149973876490e+01 9.362508748945595372e+00 1.838212162761270463e+01 3.665598176766602023e+01 2.284434671828661578e+01 4.090913960606037136e+01 4.856489684031500786e+01 5.684575230101538068e+01 6.904808237061628517e+01 7.733765662524376694e+01 6.679799765232827724e+01 5.846334964608469420e+01 4.579527757463533533e+01 5.720565529930913584e+01 3.710518501335904773e+01 5.720565529930913584e+01 6.124995299902212054e+01 4.113618119971702214e+01 6.124995299902212054e+01 5.684039485165388328e+01 4.237180420027345917e+01 6.253038558971439898e+01 7.712703167209359378e+01 8.538715831497624720e+01 9.244092392443700135e+01 8.412050455554039274e+01 6.560010749088681337e+01 8.576313669939764850e+01 9.571579129892865012e+01 7.734893438606441407e+01 9.573072658383345868e+01 1.052278396718179323e+02 1.130939277786971502e+02 1.231928751276013259e+02 1.150048889998562771e+02
6.842009524227352091e-03 1.690749240491017957e+01 3.436832755053249144e+01 3.195228047708749486e+01 3.610340193199510850e+01 4.520553187013376828e+01 4.501070189255680276e+01 5.334289842882942878e+01 5.835124141533697895e+01 5.489749187977642464e+01 4.903612538288281542e+01 6.904808237061628517e+01 7.423942800991501656e+01 7.423044048246276816e+01 6.590934011719916441e+01 6.391350255073380282e+01 4.378996079645983031e+01 6.391350255073380282e+01 6.796000331699815433e+01 4.782985236307017374e+01 6.796000331699815433e+01 6.924246338454020133e+01 4.910623000006282979e+01 5.022094997678121331e+01 5.690265039798207880e+01 7.125680897344993525e+01 9.129900292530936667e+01 9.408047917181541209e+01 7.726356302326993841e+01 9.408047917181541209e+01 1.057889739423491022e+02 9.746842638609142284e+01 1.057899933464991307e+02 1.163144036305612588e+02 1.245346662572273431e+02 1.131281563114948057e+02 9.470020784261996027e+01
1.934550753332892102e-03 2.000193455075297777e+01 2.397473417115116945e+01 2.599501911145750910e+01 3.427797535534811857e+01 4.258318583297923254e+01 5.086836357655032970e+01 5.249071090719605337e+01 3.834073853052152714e+01 3.488745848939390726e+01 5.489749187977642464e+01 6.841090603587079499e+01 5.446990352992807516e+01 6.026026318928282421e+01 7.997801301149247877e+01 7.223404552569893156e+01 5.384862385967792875e+01 7.223404552569893156e+01 7.626025235279472270e+01 5.790122383698294328e+01 7.626025235279472270e+01 7.684641053517549381e+01 5.672825739211614149e+01 7.042342715929899555e+01 7.042342715929899555e+01 7.101488433763258001e+01 8.544421492654920769e+01 1.053905637623712863e+02 9.737377026232563537e+01 1.056824351237457620e+02 1.169089951757392640e+02 1.086366627398380871e+02 1.019504377078562811e+02 9.600090268538356497e+01 1.163144260921900468e+02 1.048566369111882324e+02 8.437117986986436335e+01
4.364784840791047053e-03 1.984659870794137859e+00 3.974734251214111946e+00 5.995039340318525589e+00 2.599488822398459220e+01 2.258317214465364486e+01 3.332784218985379709e+01 3.566742079935512066e+01 2.418706924305518768e+01 4.335688556729980547e+01 4.644125678787767697e+01 4.962916726438296422e+01 4.037130002559516839e+01 6.026026318928283843e+01 7.293890284621232922e+01 8.228936652656918227e+01 7.397838124178981900e+01 8.228936652656918227e+01 8.630113846049793835e+01 7.801878279701331564e+01 8.630113846049793835e+01 8.510566974587604250e+01 7.097792304868346491e+01 7.684641053517549381e+01 9.045998388059045681e+01 9.128636524064904734e+01 9.867654498103352978e+01 9.068973857355300083e+01 9.317415255599627244e+01 1.011849234655733198e+02 1.086366256946091085e+02 8.821104646492675272e+01 8.142741590150487241e+01 1.019506027498814120e+02 1.115134012476109433e+02 9.115013438939436696e+01 7.657866884902466609e+01
5.219006137575642711e-03 2.000521900613722082e+01 2.397473417115116945e+01 2.599500947456024846e+01 8.927981640745617398e+00 1.103616674752455395e+01 1.331582978977869480e+01 1.564297053372317059e+01 3.549758631075518167e+01 2.353677811165044176e+01 2.655621710330688856e+01 2.972308557334413948e+01 3.340873435471569053e+01 4.493236177098530959e+01 6.479866898758068317e+01 6.899952999922588504e+01 8.864983094894638782e+01 9.263903579778941833e+01 1.007409975290485704e+02 9.148350401396729126e+01 8.345998898723750870e+01 9.148350401396729126e+01 9.101419261568148045e+01 9.683926834082610924e+01 9.738887692361436166e+01 8.937316683292964115e+01 8.753396244436396501e+01 7.172361216827243879e+01 7.386676433949627096e+01 9.317429140257442555e+01 1.086361810405743995e+02 8.821103183583812779e+01 7.365905832721749391e+01 9.419358349122452978e+01 9.390696408182101607e+01 8.549866876863079312e+01 7.146470740347101014e+01
