LEM/sinusoidal_perturbations/elevation_000009.asc
nrows	100
cellsize	150.0
xllcorner	0
ncols	100
yllcorner	0
NODATA_value	-9999
[rows 51 to 67 of 100, columns 37 to 73 of 100]
3.502756928435222505e+01 2.479942766413796562e+01 4.156493933974318367e+01 4.313917483202340719e+01 2.622415838162816826e+01 3.961353762206983475e+01 6.066528942571206073e+01 5.668392737712995455e+01 5.675867029022229815e+01 7.643939208702494170e+01 8.403770378101924621e+01 6.790405683433250772e+01 6.537569644215480480e+01 7.908378528694096588e+01 9.809485470526263384e+01 1.011694501939876858e+02 1.097534293150872600e+02 1.066103071260384354e+02 8.664470265536941440e+01 1.007351403133705787e+02 1.207789346990635124e+02 1.126940734614317421e+02 9.916877450802226690e+01 9.098575452928972140e+01 8.705975568376511831e+01 7.843980105303236883e+01 5.872016722064585537e+01 7.379178049473621570e+01 7.116601492865500234e+01 5.188895817674045929e+01 4.950598505822365780e+01 6.891519767880497227e+01 7.673541863587720968e+01 7.412038303943019457e+01 7.696172289258021237e+01 6.165323938552091221e+01 8.123476067889207286e+01
4.721005278420675211e+01 3.349861200276904327e+01 2.520482460335398045e+01 3.762830565115372394e+01 2.596668308285312321e+01 3.841485710570982093e+01 6.544841660347155710e+01 7.589062059703883278e+01 7.643939208702494170e+01 8.481696292876119969e+01 9.516827371227545029e+01 8.721120932622267219e+01 8.470296112462074234e+01 7.659195629125090932e+01 8.772097078701155226e+01 1.068095961714562776e+02 1.166171099956790016e+02 9.659829307687206779e+01 1.066103071260384354e+02 1.149341731545549408e+02 1.129605915543936874e+02 1.047300266583022790e+02 9.098575452928972140e+01 7.135690570070316596e+01 6.747090416478538089e+01 6.380657602554485663e+01 7.835704230496892819e+01 7.729998936955840350e+01 5.740400465445055289e+01 7.111967859703057115e+01 6.890745204203651042e+01 5.008339954940726813e+01 6.538325052148722705e+01 5.442805348000514698e+01 5.727634106493210453e+01 7.121143928564607961e+01 8.939456675445423173e+01
5.454904454373418332e+01 5.082156760163156406e+01 2.575385751515051780e+01 2.559341079004565955e+01 2.698806805040973700e+01 5.750962604557133773e+01 7.623757852354930264e+01 8.357747554298379100e+01 7.563446640794370524e+01 8.015873408601763117e+01 8.518359151597523748e+01 9.091442055195035721e+01 9.771596430189920568e+01 9.578586325927398093e+01 1.037411981231960993e+02 1.148360109963537212e+02 1.166153083893582902e+02 1.107264466566776520e+02 1.166071744537536148e+02 1.162172278546653814e+02 9.636024757930984208e+01 8.489853385996694612e+01 7.748582057917514021e+01 9.098575452928972140e+01 8.128057314463173100e+01 8.342201532517132989e+01 8.404124507218658380e+01 6.437970176075316431e+01 7.729998533877792966e+01 8.529032068067039063e+01 7.763639793714663995e+01 6.954006001064996667e+01 5.066020411307776783e+01 7.019955443686197327e+01 7.696172271279893096e+01 8.511399342017556080e+01 9.901654869030947737e+01
7.873905047075653840e+01 6.726552846081129644e+01 5.400448178353843787e+01 3.691449648490441149e+01 5.672102059137421293e+01 7.433232611157731640e+01 7.556332505267540967e+01 6.975611723797148045e+01 5.704555711483239122e+01 6.150477462414630025e+01 6.638238698810802418e+01 7.190752752167725248e+01 7.847845885424460732e+01 8.798035698553518102e+01 1.017043580474794879e+02 1.213301349220802621e+02 1.367270369731415656e+02 1.308609519889248816e+02 1.366637948754874969e+02 1.245568307692132493e+02 1.129611828734056473e+02 1.029511339513347679e+02 8.313026733814737668e+01 1.029511339513347679e+02 1.010119365491708407e+02 9.174813802885593361e+01 7.211089359595344206e+01 8.404577706296649353e+01 9.218594633276161687e+01 8.895031064143377364e+01 8.074432261985168680e+01 7.349432333260863004e+01 6.212831545335966865e+01 5.124568137009327273e+01 7.792660446461205481e+01 9.769909094673835170e+01 1.060307143308953925e+02
7.338952943824693875e+01 6.288394173328142500e+01 6.969464571395755570e+01 6.565990181761783617e+01 7.022383977935804467e+01 6.921754095210953039e+01 6.439474709928114748e+01 5.112659505332364773e+01 6.975611723797148045e+01 8.015873408601763117e+01 8.518359151597523748e+01 9.091442055195035721e+01 9.771596430195991445e+01 1.058335752546599053e+02 1.156020390690372039e+02 1.165793235261865561e+02 1.248015552194772937e+02 1.235373841877106429e+02 1.318261715762166943e+02 1.249057769119023931e+02 1.052051952832985933e+02 9.373171461104263358e+01 1.029511339513347679e+02 1.111316482521595503e+02 1.010506181978798850e+02 8.131707776976979574e+01 9.174813802885593361e+01 9.989069784182576939e+01 9.701465024953978400e+01 8.074873649087021477e+01 6.078136184546879406e+01 5.766765964063982608e+01 5.183484924160669038e+01 6.947856685361502116e+01 8.069179501941434296e+01 7.756268778822150978e+01 9.764138133777038320e+01
6.499190251223481596e+01 4.964372822371857552e+01 6.542055864926142306e+01 7.468975957861916015e+01 5.770543795611416726e+01 5.938610783466957344e+01 4.551776442385958177e+01 6.439474709928282437e+01 7.440535239571948978e+01 8.235881586831389711e+01 9.084528753102942744e+01 1.019321033339609670e+02 1.083850574161228479e+02 1.002027489733174406e+02 1.084058190995238675e+02 9.687785555832351747e+01 1.134014345259065237e+02 1.037379098746434778e+02 1.203486668611734842e+02 1.330446309404821932e+02 1.216940343452126569e+02 1.135349848128868473e+02 1.216940343452126569e+02 1.149972126723416324e+02 9.527374961764132877e+01 9.527374961764132877e+01 1.091775078792630609e+02 1.028503470810195495e+02 8.297388530818989238e+01 6.908522167805759295e+01 7.812013998269939918e+01 5.346057969547347710e+01 5.225603959394196352e+01 6.833689481892288597e+01 6.374604304387642628e+01 8.313720522530135781e+01 8.746075254370133223e+01
4.904121289767465441e+01 4.020467683327790098e+01 5.852077652500793903e+01 6.455514015481908530e+01 5.665220327505412001e+01 4.006265665745560511e+01 4.262638753291791005e+01 6.171861767451791536e+01 5.569340012899421311e+01 6.398086145891344501e+01 7.473659790074123066e+01 9.388148501431581394e+01 9.319008319989033851e+01 8.078072295631524469e+01 9.862558825628046577e+01 8.566955906179211411e+01 1.046308580936203469e+02 9.241976478369576853e+01 1.115044940756651357e+02 1.213844661638498934e+02 1.361502361005379385e+02 1.280863239116318368e+02 1.361502361069832716e+02 1.230812661418061680e+02 1.149972126723416324e+02 1.149972126723388186e+02 1.117774068678330650e+02 9.184303814099065733e+01 8.039810194816067224e+01 8.297388530818989238e+01 8.528579953725859752e+01 6.641119228304317801e+01 7.179036691461432440e+01 5.286354663612529237e+01 5.323910554216156044e+01 7.489669138829312089e+01 7.673787227125757227e+01
2.882273098740564166e+01 4.867014518744071694e+01 5.245409339089769674e+01 5.393781010793338737e+01 3.701911118825543667e+01 5.665225614738105264e+01 6.171861767451791536e+01 4.620432996914153279e+01 6.505015463802116926e+01 7.128716123601112997e+01 7.397212472953680162e+01 7.674909165113749054e+01 7.402119268210445568e+01 7.137309522862646816e+01 8.614425068763318905e+01 7.715391858700270689e+01 9.497239896650295066e+01 8.377292314975922238e+01 9.345343047332563913e+01 1.131446277093115640e+02 1.263511575958180941e+02 1.084342567689338068e+02 1.223987256505427297e+02 1.141244128965540057e+02 1.197802529467086714e+02 1.144340786209381804e+02 1.199685572530677007e+02 1.084828134182047989e+02 1.002675715955932390e+02 1.028503470810195495e+02 9.486657053499718018e+01 8.661971238057165579e+01 7.768838537840146330e+01 6.767857822264006984e+01 5.346243951974374653e+01 5.517873401283382861e+01 5.691997298506012726e+01
4.710530324267197955e+01 3.092260159931482733e+01 3.244298832880417649e+01 3.399996679298577362e+01 3.636821991694638712e+01 5.609818487683364907e+01 6.709382335134772291e+01 6.505004919133642716e+01 4.999551039693979249e+01 5.266753002497875968e+01 5.537073092842231858e+01 5.812125332593679872e+01 6.093764250630219692e+01 6.388107198170478540e+01 6.719528027663450587e+01 7.129081604912636294e+01 7.566886709962294333e+01 8.670064393786591950e+01 1.062718265978669194e+02 1.213734190336396495e+02 1.182598146655370925e+02 9.847030506983443843e+01 1.076892936306042259e+02 9.418889885844785681e+01 1.001614228532901052e+02 9.440242952920813480e+01 1.085306143200846520e+02 1.110145214474598561e+02 1.029439963607833732e+02 1.029526782399313873e+02 9.704893575032340891e+01 8.223691239050660329e+01 6.953848834266230483e+01 5.413556458593623688e+01 7.306817517769538028e+01 7.497216888752222985e+01 7.653047930577724856e+01
5.513430371734891366e+01 4.543427136279207446e+01 4.686627370308104901e+01 4.833175649682429054e+01 5.609818386066007179e+01 3.974104340124777224e+01 5.916134798746519863e+01 7.022937908838510168e+01 6.867981549246744066e+01 7.128716123601112997e+01 7.397212472953680162e+01 7.674909165113749054e+01 7.963412542272548933e+01 8.268457688069155154e+01 8.614425068763318905e+01 9.042233704026669727e+01 9.497239907674365611e+01 1.031372874095742702e+02 1.144768796276031537e+02 1.310831636052977842e+02 1.117720120121601752e+02 9.777890767768970193e+01 8.783851585048412858e+01 8.280769029781647816e+01 9.613799743586304203e+01 8.052720364963364830e+01 1.001949753538951313e+02 1.029439963814570831e+02 8.332399779864353206e+01 8.332417255916342924e+01 7.759823972126430647e+01 7.525859175434408144e+01 5.628095501010049162e+01 5.462040351264203508e+01 7.416698557750741827e+01 8.287387482920081538e+01 8.955316715080481060e+01
6.705573723434277156e+01 6.513036880197141443e+01 6.608884986228157743e+01 6.747192172795762133e+01 6.709371631360831145e+01 5.916134798746519863e+01 4.312893174378712757e+01 6.228107912879150376e+01 6.786399129808778241e+01 7.030361879281116444e+01 7.280687102260809240e+01 7.542957905349253167e+01 7.947614055866498006e+01 8.376487876546022449e+01 8.834109372590633313e+01 9.341590826487022525e+01 9.915108696789172882e+01 1.058450718596074864e+02 1.143753659128947930e+02 1.245356051351675575e+02 1.243770603437724702e+02 1.157870523260306186e+02 1.076890994557476375e+02 9.616934295251471099e+01 7.662734729299695857e+01 7.341578319627339511e+01 8.848838722230290443e+01 8.560659344969964479e+01 8.369634281193108905e+01 6.985835304232732312e+01 7.759816370371986238e+01 5.853106982864726149e+01 7.522368443917945058e+01 6.433005538592932737e+01 5.534766606714352122e+01 7.490488433512848587e+01 7.709780233622174705e+01
5.866287602041646920e+01 7.082612729652147721e+01 7.368494703629035314e+01 7.425721445164927559e+01 8.188334562469279376e+01 6.933222105237562971e+01 5.356609959862843340e+01 4.656508036100733250e+01 4.900873313651218410e+01 5.149720893246807663e+01 5.400386275092739652e+01 5.658860561936523226e+01 6.050527001645941283e+01 6.459528349823276017e+01 6.893736539679410669e+01 7.377536615381823992e+01 7.930237847005766127e+01 8.581354376941141027e+01 9.574442009573895973e+01 1.160447700396429269e+02 1.270510850451896232e+02 1.064137854534073995e+02 9.218354938729804360e+01 8.522225493038632749e+01 9.616984613208869348e+01 8.848838722315460359e+01 6.938575075635955614e+01 6.661133861114912236e+01 6.467329606295814415e+01 6.272252983393034498e+01 6.087472235884753502e+01 7.759825496905929754e+01 8.552906978087112577e+01 7.878523579568947355e+01 6.097560108194160478e+01 5.609656305141510302e+01 5.663515887301087304e+01
5.076311059174815910e+01 5.229357321369702305e+01 5.535402835775736463e+01 5.616959655313387856e+01 7.139690149840353683e+01 7.905880949113701206e+01 7.093360694024872259e+01 5.753586420853527983e+01 5.984633669557025115e+01 7.030361879281116444e+01 6.483008668612248471e+01 7.542957905349253167e+01 6.158592418755115716e+01 8.065690094675814237e+01 8.834109372590633313e+01 9.341590826487022525e+01 9.915108696789172882e+01 1.058450718596074864e+02 1.143787955291687410e+02 1.248451299597041242e+02 1.264697469372924701e+02 1.063497668539293244e+02 1.122427706190003107e+02 1.050884837465056734e+02 9.295950554105844788e+01 7.377321326846730187e+01 7.027738800014988385e+01 8.560659051300714850e+01 8.369635725244791047e+01 8.181169134335517867e+01 6.567168716400858841e+01 8.498780053250145272e+01 8.789219785555610542e+01 6.922723879977064598e+01 7.935850211494671669e+01 7.265330517857697146e+01 6.494631839168498288e+01
3.530833615519075153e+01 3.858175068964511922e+01 4.196969912762781263e+01 4.545026384973559175e+01 6.381765659674852742e+01 7.608693254751379698e+01 8.479993880432004971e+01 7.682659591557160184e+01 7.881631116389611691e+01 8.692810917944645155e+01 7.918920349915980239e+01 8.889277522414207056e+01 7.499411468796000690e+01 6.713483079843268797e+01 7.212364505223857236e+01 7.763248042201259125e+01 8.503814876737308737e+01 9.397636794877126931e+01 1.056820087578535521e+02 1.265221065122779720e+02 1.347912931941263253e+02 1.264697469372924701e+02 1.122757675561221902e+02 9.839568538747606397e+01 7.909695912202489865e+01 9.295950554105844788e+01 8.934848113269598002e+01 7.592457068315098923e+01 9.521438586324720177e+01 9.045812624690597659e+01 7.074466361704506312e+01 9.045812624690597659e+01 9.491470479700674900e+01 7.557525002200921449e+01 9.460673223624119998e+01 8.714713954107574523e+01 8.302429648821500052e+01
5.481512758786916351e+01 5.610391389271023854e+01 6.071891727877856226e+01 6.381765659674852742e+01 5.070090170805600849e+01 6.858921203673220646e+01 7.726902891707226217e+01 8.171010669934406678e+01 8.892371122015813967e+01 9.943122507691231249e+01 1.007640047516467519e+02 1.037728433956176985e+02 9.448392933510417890e+01 7.431576692686559227e+01 9.181767713391508323e+01 9.164842649569824573e+01 9.738251288368884673e+01 1.137309362276230189e+02 1.230121465582205786e+02 1.350157135945424614e+02 1.319636434571521022e+02 1.215481959958602545e+02 1.043254613006203755e+02 8.505223647823652300e+01 9.839568538747606397e+01 1.064356129758038207e+02 9.959801550495858180e+01 8.018006948225001906e+01 9.959801550495858180e+01 9.700714347808339255e+01 7.655828195646658685e+01 9.700714347808339255e+01 1.030977505011182558e+02 8.654009654344233127e+01 1.030977505011182558e+02 9.920862086360399701e+01 8.117012453205616396e+01
5.255827521944300429e+01 6.056085113207409165e+01 7.509660592874912766e+01 7.608693243485832625e+01 6.858913449989539401e+01 5.625009091596751887e+01 6.035800147335299926e+01 6.474494891140318487e+01 7.451991373973361021e+01 9.186513469046742841e+01 9.548084273884941808e+01 1.107380741607462085e+02 1.034940377964896925e+02 8.622266571992975059e+01 1.036369538776705781e+02 1.119739277671830138e+02 1.172282165110821524e+02 1.174045320279500544e+02 1.079854946131969484e+02 1.172837371886986233e+02 1.241360555374100869e+02 1.058822128545558030e+02 9.505876424748807096e+01 9.112531517906307954e+01 1.103130715006137592e+02 1.156086068519403085e+02 9.599971721177799111e+01 8.541617215633534954e+01 1.048713215986321501e+02 1.056237500575302590e+02 8.478781704689197340e+01 1.056237500575302590e+02 1.145208419994295213e+02 1.063546325269579143e+02 1.121318505389425866e+02 9.842768918107762488e+01 8.428932773413644952e+01
3.302592358406887030e+01 5.088125863821331762e+01 5.281300281557015097e+01 6.607110436275496568e+01 8.112063601337509056e+01 7.343305291571246585e+01 7.708641161942912845e+01 8.172415553635661922e+01 7.284139272976570112e+01 7.978411137727043467e+01 9.202117900002805584e+01 1.097317694575047256e+02 1.142669300886794304e+02 1.085923838417260896e+02 1.060020314794743683e+02 9.714270403036560708e+01 1.068565241491603643e+02 1.058320872970726469e+02 8.540767700085997660e+01 1.059055740833152441e+02 1.226992602486397743e+02 1.151548812951202478e+02 1.137929786014633606e+02 9.798834058198694663e+01 1.168884320127742598e+02 1.237305976698988133e+02 1.110383799289954254e+02 9.134468163383399997e+01 1.072811360017051499e+02 1.157967808841576556e+02 9.947886061465281671e+01 1.160286664605754368e+02 1.168708239551280030e+02 1.092771508210343399e+02 1.029738182375837710e+02 8.472352782321267739e+01 7.145162545590221725e+01
