LEM/sinusoidal_perturbations/elevation_000424.asc
nrows	100
cellsize	150.0
xllcorner	0
ncols	100
yllcorner	0
NODATA_value	-9999
[rows 51 to 67 of 100, columns 37 to 73 of 100]
5.907161396997939562e+01 7.307190724466735787e+01 9.281354834054241110e+01 1.039308036237517427e+02 1.041280604530357721e+02 8.432828223192984751e+01 8.796160923237687257e+01 7.972898828916491709e+01 5.974416133062899092e+01 5.985627250630751206e+01 7.986894031497773483e+01 9.163856625176002524e+01 7.361156155237566168e+01 6.030535412640159620e+01 8.028843543700575935e+01 7.818388924855125310e+01 6.440512020645614655e+01 8.433410860296751821e+01 8.237109354533370720e+01 9.377436444184554887e+01 1.135815386068114492e+02 1.220250923750915035e+02 1.143472704081409574e+02 1.026851273698134293e+02 8.469964594876981323e+01 9.394164760775436207e+01 7.411513964608923288e+01 9.394164760775434786e+01 9.829920386916568020e+01 8.035802717716808274e+01 7.803510415422117319e+01 9.763752855345001080e+01 9.399424803987423616e+01 7.454820987172180935e+01 6.470901855852240203e+01 5.801780141997424067e+01 5.194380111525087074e+01
7.716950572719520096e+01 8.706757144945166260e+01 9.835263865631755209e+01 8.443150558173310571e+01 9.835263865781558934e+01 8.796160923237687257e+01 6.807270803468873055e+01 7.438781861682176100e+01 5.439626090982887519e+01 7.438781861682151941e+01 8.805898490311983551e+01 9.137371791523872844e+01 7.663982332356216887e+01 5.661775509056805333e+01 7.240197887511280328e+01 5.815476422065290052e+01 7.818388924855125310e+01 9.255837531692920095e+01 1.021458610489575562e+02 1.103950152275161827e+02 1.218615984521315880e+02 1.287740831970087072e+02 1.205219409158927562e+02 1.125224669996394340e+02 9.859473940580558349e+01 1.020955105064995507e+02 8.413841963203645946e+01 1.020955104040383503e+02 9.995029310875938222e+01 9.995029311532131544e+01 8.547184246195311630e+01 1.050297062256426273e+02 1.021017923492465087e+02 9.236011640309108373e+01 8.427122885610482683e+01 7.520088027052551638e+01 5.537782250310056043e+01
6.613235401035566952e+01 8.590372486538909413e+01 8.976030365854954596e+01 7.118128964597005393e+01 8.976030365854954596e+01 9.617891031105462218e+01 7.733054436364200512e+01 5.738007524522360114e+01 5.140287524432316246e+01 7.136225540791819810e+01 8.814157853689752642e+01 8.318248277958394965e+01 6.314887948213055324e+01 5.305035418922690127e+01 5.230693890957744685e+01 7.240197609392082256e+01 8.219415101379323119e+01 9.690054616418191813e+01 1.051404468727302657e+02 1.200912496860486272e+02 1.118655937436470253e+02 1.118655924584526105e+02 1.008142245902880063e+02 1.173571584179852181e+02 1.182206469741467458e+02 1.119165719899201434e+02 1.037448756005109232e+02 1.119165707106355683e+02 1.195872198913880027e+02 1.132038929735750656e+02 9.675095335595113966e+01 1.132038929735735167e+02 1.078578380234479255e+02 9.917381647418774548e+01 9.109733663612152554e+01 7.873269394676714228e+01 5.907120695826061763e+01
7.051535523342496958e+01 8.042639796070787384e+01 8.166290931170672707e+01 6.294156673643446709e+01 8.166290931170672707e+01 9.393096224474159328e+01 8.555576437686298163e+01 6.840842333735585612e+01 4.848962802869778699e+01 5.998285843415585106e+01 7.991795903636032961e+01 9.142644548750796218e+01 8.137046573466786015e+01 6.853467307353542992e+01 4.845796061971162061e+01 5.389739648194115063e+01 7.395520490331271901e+01 7.707097511888970587e+01 9.690054616418191813e+01 1.118655937436470253e+02 9.221732321115672448e+01 9.221732321089737638e+01 8.951693492017788856e+01 1.085553917127928543e+02 1.129448455204396140e+02 1.047413377888522206e+02 1.129448479153682996e+02 1.243416268095892292e+02 1.320865102840733698e+02 1.245547414886156901e+02 1.163386929608383014e+02 1.134808144810728123e+02 9.406880861017712903e+01 8.039655171717195969e+01 7.165032405941136062e+01 6.507878954545540751e+01 6.898012997807279589e+01
5.239373587637592777e+01 7.219759180677118593e+01 7.574270097229228327e+01 5.700645802500820736e+01 6.686029166581538163e+01 8.579030326685705177e+01 7.993723506552184688e+01 6.001621992932358296e+01 4.597229928430275692e+01 6.001621992932358296e+01 7.993723506549582680e+01 8.242257421741527423e+01 7.126280303124313775e+01 6.300207760626737041e+01 4.605065300376214310e+01 6.608788959777746186e+01 6.292488394742578350e+01 7.449613172969215213e+01 9.433002648758156283e+01 1.102225725939582333e+02 9.055518477283217749e+01 7.834867412431113110e+01 8.074399213521432728e+01 1.003663653072608781e+02 9.492973913521745999e+01 8.511814048418412426e+01 9.642534049656885031e+01 1.161012013654786159e+02 1.123758856506346575e+02 1.263156335157031549e+02 1.222881556420172160e+02 1.140051496022194328e+02 1.078578380235653498e+02 9.917381647419385615e+01 8.108494690140085481e+01 8.462829388244161066e+01 7.490638374226736573e+01
7.051496429946446654e+01 8.042639796068995395e+01 7.033401351768389986e+01 5.145569812701091905e+01 6.480693461404430877e+01 8.367756236715754881e+01 8.075211485936863198e+01 6.339773874753749539e+01 4.356681007195130206e+01 5.756477765037982408e+01 7.747975253709286392e+01 6.830761162898829753e+01 5.419264904056144161e+01 4.303777030180002328e+01 6.287266346331600175e+01 6.607026535507894494e+01 8.287892201003533899e+01 9.110571099580982946e+01 1.025646256578934867e+02 1.056816816782589825e+02 9.055518477283217749e+01 7.086368511193860797e+01 9.055518477283217749e+01 8.722046826118005924e+01 7.527487782460754318e+01 9.492973913464922475e+01 1.129448461521900668e+02 1.164888127891891401e+02 9.852118292126867516e+01 1.164888127891891543e+02 1.108160623433879550e+02 9.418738077876972170e+01 1.107448365490208033e+02 1.093351556586448510e+02 1.008282345266773348e+02 1.012574849547654168e+02 8.464791920616282539e+01
7.026719961083320243e+01 7.934834345257819166e+01 6.047522150048543210e+01 4.698332593718224359e+01 6.600303093809276334e+01 8.344184404602404470e+01 7.251168390806432740e+01 5.261047163184319686e+01 4.126196916121894986e+01 6.102171364318824232e+01 6.548883812414172212e+01 5.724208980748948505e+01 4.019440785763508472e+01 5.998685279067364462e+01 5.935105676186211099e+01 7.943170305254831476e+01 9.411689299079976934e+01 9.683833865395597229e+01 1.049873045751702421e+02 9.749755466567738438e+01 7.784653427532981596e+01 6.638323966431843814e+01 8.044527505479371143e+01 6.746755542995920507e+01 8.146495087931830881e+01 9.492973913187405799e+01 1.146147233101308700e+02 1.083350884413849400e+02 8.874800743557456428e+01 1.083350884413849400e+02 1.025537098753885061e+02 8.285646954057580160e+01 1.023560518327412439e+02 1.095896470681476700e+02 1.096719029634974447e+02 1.122793878082489414e+02 1.042082023543251523e+02
7.853345247234703663e+01 7.541302548730973854e+01 5.649667855230341473e+01 4.294296745046401753e+01 5.649667787146165665e+01 6.694176746895641372e+01 7.492157754988444651e+01 5.873486380800895290e+01 3.909170871085652976e+01 5.558256315534569580e+01 5.452997624754778627e+01 3.757433344197598046e+01 5.611157544231923566e+01 5.424987710419896558e+01 7.440560532257025272e+01 8.777968861645553034e+01 9.364629752238073479e+01 7.720762412653060380e+01 9.364629752238073479e+01 9.799775002878517682e+01 8.981503148236335221e+01 8.044527478217644045e+01 6.054309242932659174e+01 7.058528450565677304e+01 9.030526560393063562e+01 1.093100143940061599e+02 1.094568693272048563e+02 1.013079221813710973e+02 8.220250272405948522e+01 9.303908346346567271e+01 9.551093499452132107e+01 7.587947408813262484e+01 9.249623116783344301e+01 9.007325872167542968e+01 9.007614215229071419e+01 1.039140047601917161e+02 1.235820157849983900e+02
7.761974382110629733e+01 7.719585205219429724e+01 5.842880030162070426e+01 3.938513967479976685e+01 5.351142533573242588e+01 4.794875340620307469e+01 6.694180900019375713e+01 6.697346202933212567e+01 4.977514496538550048e+01 3.617468122040512668e+01 3.511901126474932511e+01 5.453202707621216661e+01 6.527765596529641812e+01 7.430162823366349301e+01 8.265748670084677485e+01 9.552718446450295176e+01 8.550454033716222568e+01 6.571665990103318222e+01 8.550454033716222568e+01 8.157404863952271512e+01 7.002189465164676108e+01 7.365399922640811781e+01 5.759141003811772919e+01 7.757264342599907536e+01 9.030526560393063562e+01 1.099863263818247106e+02 9.811412235078198307e+01 8.167293446080874730e+01 9.303908346346567271e+01 7.336944412389526349e+01 8.532401617073197997e+01 6.959548685901157228e+01 7.282925885592599968e+01 7.618647178023330468e+01 9.581461547512019195e+01 1.074289143141115943e+02 1.143525098685293528e+02
5.783934045954885761e+01 5.836455237230381954e+01 5.836455237230960336e+01 5.351166591630018843e+01 3.476878453833018057e+01 4.794875310394309054e+01 6.694172549492324720e+01 7.784837136230861177e+01 6.381175926051868430e+01 5.266690428415017067e+01 3.340497072430996894e+01 5.266635471733348339e+01 6.183519609618345925e+01 6.815570110410880034e+01 7.570677959748692842e+01 7.570701196085335027e+01 7.850846811631448929e+01 5.857928402541394064e+01 6.959586604364221785e+01 6.165761653932781172e+01 6.998919884477726328e+01 5.358105085238816656e+01 6.785238749291340810e+01 7.757264278515970091e+01 9.730227531474942282e+01 1.033851823201255939e+02 8.997165672530931602e+01 7.024356503975286614e+01 8.997165672608086595e+01 8.532401617066827271e+01 6.554656245850840435e+01 8.532401617073273314e+01 9.249623116783344301e+01 9.581461547512019195e+01 8.166635749710842163e+01 8.787254962070969100e+01 9.476962440163963208e+01
5.784030227019754022e+01 5.831659928104923551e+01 4.034104067673533933e+01 4.702275365223103876e+01 3.208022788363670230e+01 4.905693034439855893e+01 6.282144554006625725e+01 6.100226436456678414e+01 5.770927812182308259e+01 4.942001812690782714e+01 3.204983716915364056e+01 3.678608113518689038e+01 4.198805156010386952e+01 4.816850937204056038e+01 5.572975127689437613e+01 7.570701195980386444e+01 8.325550010526288247e+01 6.959586604364221785e+01 4.953572109808160917e+01 4.740310157952096404e+01 4.987659028205150236e+01 6.998919884468423902e+01 8.184576380199204948e+01 9.583907513129317124e+01 9.484571769035996169e+01 8.669234948548465525e+01 7.549098453400256403e+01 6.264783009507642930e+01 7.759816941817766178e+01 7.973406854441660130e+01 6.305563191441573423e+01 8.288973407926671655e+01 9.942716938787910408e+01 1.093345664297747248e+02 9.549696602494526587e+01 8.966729211161978697e+01 9.838822186564630101e+01
4.903743946947763277e+01 4.225422052165709630e+01 4.078481837900828566e+01 3.009338618383376485e+01 4.428956473896636226e+01 2.808133753007101419e+01 5.023020889991444449e+01 4.128617350331496283e+01 4.772639600579237396e+01 3.009207013882700110e+01 4.927995147271376908e+01 5.627939680973642567e+01 6.183512640160702745e+01 6.815570108337269062e+01 7.570677777880352721e+01 8.390648600759459441e+01 6.917038878374353317e+01 5.508527746222294752e+01 4.403909287781138460e+01 6.404152709606545102e+01 6.998919884477726328e+01 7.770229608605043836e+01 7.240799702791494497e+01 8.085977883379109699e+01 8.669234949213932850e+01 6.686002020850740735e+01 7.266877493499204377e+01 5.543458113695870537e+01 5.760672242023235157e+01 5.981136527017411453e+01 7.973406852051147098e+01 7.159139582213947506e+01 8.554185264667098920e+01 1.051627739687145464e+02 1.149832369569371906e+02 1.034745020750014390e+02 1.034745345649240704e+02
3.476290555853724840e+01 2.166241782625131052e+01 2.242199022490463989e+01 2.319621601914846565e+01 2.398827672188414084e+01 2.479412197149008534e+01 4.472884150254151336e+01 2.716106591164460582e+01 2.798849692443481985e+01 2.893358079630849744e+01 4.857782978453871436e+01 5.791304285715830247e+01 7.182449507443128311e+01 7.427588724321554992e+01 6.884985313693064768e+01 6.617156807437746124e+01 5.793522463684058721e+01 4.106927083101970766e+01 6.093305156107541620e+01 6.943889256974043178e+01 6.166841970090404601e+01 6.277844794388525429e+01 5.413332728238824387e+01 7.089941294123056537e+01 6.811579540606221883e+01 6.997929346662772332e+01 5.254178863783404552e+01 7.266877496769316735e+01 7.759816942250212435e+01 7.139906285315481682e+01 7.972513667516516023e+01 9.128868744876956498e+01 8.299709689913571253e+01 9.432191948389105107e+01 1.139440573651968407e+02 1.231202829494339426e+02 1.231209775790973566e+02
2.060045664323184411e+01 4.090370021432909908e+01 3.200321950488300615e+01 4.386702940925529504e+01 4.438454117874742622e+01 3.911772657395796671e+01 2.597447054970778879e+01 4.608267671630380846e+01 4.776226445199326776e+01 4.857878612943192564e+01 3.021554322475650523e+01 4.394960054116303638e+01 5.902797799270287271e+01 5.418975806143582474e+01 4.836232823165882166e+01 5.490224378044162279e+01 3.825076840410260814e+01 5.793522463684058721e+01 6.767037253554833853e+01 5.891662645363081197e+01 4.170624446708022504e+01 4.279482471574488045e+01 4.387007437817814548e+01 6.389665177495216852e+01 4.797187519083615825e+01 4.982176131055914681e+01 6.997929346662772332e+01 6.686003326046369466e+01 8.669276385687108188e+01 9.109360196255127562e+01 9.912510644037904228e+01 1.074125479303740462e+02 1.026152107773490059e+02 1.107622426925000525e+02 1.221043879477274317e+02 1.226438726062600040e+02 1.144393323694130089e+02
4.030270507607892938e+01 4.127804656176095932e+01 4.338139147625152248e+01 5.976284036629683527e+01 5.734358671803324370e+01 3.738146358272415881e+01 4.615540790018187778e+01 3.335873756178238381e+01 5.315413870880519909e+01 5.791021511652933640e+01 4.394951947530630321e+01 3.144799841569706089e+01 5.079579300106964013e+01 5.287237452320314901e+01 3.468815068445516658e+01 3.553941437943544912e+01 5.502955523162512463e+01 5.751044994181992820e+01 3.901620981695262458e+01 4.010515099705277464e+01 6.010723947390125232e+01 5.692602360764237801e+01 6.389591966357208008e+01 4.541549370908047933e+01 6.550450649796192693e+01 6.997929223130466880e+01 7.817811911973181793e+01 8.669278259688378796e+01 9.484699026664002020e+01 9.910625515387461348e+01 9.918077497808745591e+01 1.072816771699969536e+02 1.144096559475858470e+02 1.201939793273676429e+02 1.186865829978806488e+02 1.104920936190527527e+02 9.476823408968981255e+01
4.852257789897961970e+01 6.107460066016932387e+01 6.288020919227334105e+01 7.120750831648192047e+01 6.591899231546112503e+01 4.834372990911111856e+01 5.846848997131912284e+01 3.858400893165816825e+01 5.846848996878440374e+01 7.182097488034494859e+01 5.530149188100283197e+01 3.564808751630920369e+01 3.264513397316630972e+01 3.347130221919459814e+01 5.267916965458301348e+01 5.500991102305323466e+01 3.687337990447881708e+01 3.785263579556216484e+01 3.940361596898679863e+01 5.858278953916321541e+01 6.834197184233717337e+01 7.691272614581671974e+01 7.372017410505269197e+01 5.965693781130609352e+01 4.743539472461956308e+01 6.757695810633201461e+01 7.791818384628490435e+01 8.859561637025824155e+01 8.750686420227533802e+01 7.960648908188963446e+01 7.962509295655650021e+01 9.918077497674366327e+01 9.474340369291306274e+01 1.005035156177814741e+02 1.104920935719797228e+02 9.082941902964317649e+01 8.497038758780475121e+01
5.364926795339867027e+01 5.638624195595028255e+01 5.638624191879603842e+01 7.613894202965474278e+01 7.762602654107841715e+01 6.743983893469466295e+01 6.453361575911276304e+01 4.441786923063168047e+01 6.453361575911274883e+01 6.503347109580732877e+01 4.439085776259349814e+01 5.530244984962447319e+01 4.625032328763381884e+01 5.287366543371344818e+01 3.663486955515250543e+01 5.620078688940972000e+01 4.045429862714878055e+01 5.730475420860691571e+01 5.264789247420265639e+01 4.859951167296553365e+01 6.272678599212741801e+01 8.258080488072279479e+01 8.776730798774036657e+01 7.426727439244046991e+01 5.419552493226948542e+01 4.955269813843500515e+01 6.971468546701443358e+01 6.821378912453702981e+01 6.914587665030791186e+01 6.558786109329226122e+01 8.535281960756690012e+01 8.915449011375896760e+01 8.084642682841962369e+01 1.005035156177814599e+02 1.008131029328239237e+02 9.265055314637649531e+01 7.693012417328141339e+01
