LEM/sinusoidal_perturbations/elevation_000420.asc
nrows	100
cellsize	150.0
xllcorner	0
ncols	100
yllcorner	0
NODATA_value	-9999
[rows 68 to 84 of 100, columns 0 to 36 of 100]
5.009162696260268353e-03 1.059257299102387684e+01 1.819222533253380192e+01 1.096534167246810076e+00 1.415052127721960762e+00 1.980722170307911512e+01 3.418461236942980541e+00 2.298970344506675900e+01 2.840229011558592020e+01 9.154749341049987166e+00 2.622881988998726399e+01 2.889704726039874672e+01 2.215791898470461163e+01 3.963972417534438364e+01 3.364060117448343590e+01 1.948568559113985188e+01 5.876808714448042537e+00 2.564333281489043159e+01 1.728952407934387736e+01 3.181776194578267081e+01 2.865576602040156828e+01 2.974727956095086867e+01 1.459926477412383683e+01 2.659788037714684705e+01 1.441105916681276256e+01 2.961397855473327212e+01 1.039225948826492463e+01 2.997037300160635098e+01 3.899821799425834712e+01 4.485381081435639317e+01 5.514242880603662655e+01 6.454509874223455768e+01 6.513874573259381862e+01 5.694362416461060405e+01 5.120826654285291113e+01 3.190070118770759677e+01 2.980963041969621941e+01
4.695337527364121070e-03 3.245418810070740401e-01 6.444296186131255322e-01 2.701484827151494628e+00 4.372088884492086436e+00 1.860837994905761406e+00 2.173726198243227881e+00 2.182024213389561496e+01 2.883002373049831846e+01 2.039495664235574779e+01 5.939624151387439710e+00 1.099670990900382606e+01 1.980275939728233325e+01 2.466688058088350033e+01 2.504298825158124586e+01 5.419688156749238317e+00 8.052994366749175015e+00 3.299911250667498308e+01 2.452895486217372323e+01 4.309050072607455206e+01 4.310222825461313079e+01 2.373276797108623981e+01 3.444488703722324630e+01 3.256758856374956679e+01 3.682093348858898452e+01 2.777351950522613322e+01 2.656093065284982302e+01 1.096454314539885111e+01 2.248436964518759851e+01 4.143394626377764922e+01 3.557675560976496598e+01 4.990278717152683896e+01 7.057394156191011803e+01 6.754725068750865091e+01 4.759738527190278745e+01 3.910587014640486814e+01 4.965158645891160916e+01
7.614146464036155443e-03 1.631548513240808873e+01 8.274810467118511426e+00 2.030385509638436048e+01 2.143434361434501412e+01 2.154653009102063521e+01 2.166193708233667792e+01 2.615860203617318636e+00 2.209451420959555179e+01 3.447479586515824757e+00 3.735128657314252365e+00 4.044815358447450215e+00 4.363188457587973801e+00 4.671555260486183414e+00 4.976770740000585391e+00 2.496714392140768268e+01 3.276714838308468813e+01 4.905918669648192321e+01 3.773946258662400766e+01 4.314403848639250327e+01 5.143951862226244742e+01 3.256760743232428013e+01 5.176032712566822624e+01 5.162898941714305323e+01 4.589670360827521733e+01 3.745936429248361321e+01 3.055888367762256763e+01 1.135554320290157904e+01 1.620495029304064616e+01 2.182941068207748003e+01 4.273174202169926872e+01 5.850015703995279637e+01 6.692594286947758064e+01 7.596605670007171796e+01 6.687038846204400500e+01 4.857601407905794844e+01 6.687038846204400500e+01
2.352828262072654761e-03 1.203589538835092654e+01 2.703718439224590853e+01 2.076969565967421616e+01 3.900527470559165977e+01 3.758994569036419620e+01 1.846030654394690984e+01 2.937860134806560275e+00 3.041468274809469019e+00 3.816420966932160486e+00 2.158156004330096422e+01 7.351379594574108722e+00 2.446906316191656927e+01 2.308640829825568019e+01 5.187012512355093641e+00 7.748253851787134217e+00 2.789641746480047146e+01 3.918279150758588258e+01 5.652913384099778682e+01 6.147527831473697546e+01 6.022129320866908131e+01 4.657513807079314461e+01 6.074246507166137121e+01 5.853136210971946696e+01 3.967650687730466075e+01 2.112784995938848098e+01 1.191453581920298355e+01 2.819464760046552598e+01 2.125295293049632050e+01 3.758419944207120267e+01 3.178150154794747095e+01 3.890363652118618631e+01 5.000273978695004473e+01 7.007462405666326788e+01 7.687591405034186209e+01 6.854796151637141577e+01 7.687591405034186209e+01
6.786455232800275850e-03 1.889114481702848991e+01 3.067322707222519540e+01 3.919106289142553834e+01 3.919211516541383844e+01 3.979300590856129105e+01 1.878913961817788802e+01 2.509435307765677692e+01 2.305894557370787012e+01 4.284008375384754430e+00 2.472889363099268678e+01 1.079671838931116667e+01 3.084915021849225880e+01 3.512055357184231497e+01 2.753609198771761513e+01 2.789641765779761684e+01 1.074316456135268716e+01 3.088199678430841999e+01 4.009768214457154301e+01 4.838139809245171108e+01 5.992899187844893305e+01 6.651089970366074056e+01 6.528280839603780805e+01 4.343272621722257298e+01 2.708768706855703456e+01 1.871273139994262991e+01 1.232618826706878679e+01 2.681385225749685475e+01 3.220456168172274403e+01 4.367874803660561156e+01 5.157996670950259954e+01 5.850569969148597949e+01 6.692594277281531845e+01 7.848442009490493376e+01 7.610282563031024949e+01 6.759035908978968621e+01 6.871132335943839564e+01
3.257643153035955173e-03 1.246408471389177741e+01 3.016153988793952223e+01 5.270622212066371048e+01 5.748963612815234114e+01 4.916494645315008682e+01 4.007000570296591491e+01 3.760348720870026540e+01 1.573318582603987004e+01 1.895646350272987490e+01 3.292875725390828023e+01 1.441390606225996684e+01 2.858365059173868872e+01 4.822745421618493822e+01 4.358358067738103614e+01 2.350061318047215053e+01 3.088199678430835249e+01 1.386706544738335900e+01 1.997706577342782452e+01 3.164327934582202317e+01 5.164661114148965737e+01 7.101330035336644642e+01 7.126895909431327425e+01 4.982983665526747075e+01 4.966360405160451563e+01 3.863098720496449090e+01 3.038837351883610083e+01 1.294837989270260081e+01 1.486426021699936229e+01 3.543487601986578284e+01 5.985816083188484527e+01 6.301787714673397289e+01 6.519101926629805632e+01 7.343095866586860154e+01 6.441635559996461780e+01 4.747693716163549738e+01 4.857796506111137802e+01
1.880098487986705483e-03 2.000188009848763215e+01 3.224902895951991155e+01 5.053056834368785388e+01 4.231308669517014920e+01 4.874680048197295434e+01 5.693574938835909194e+01 4.703667880686267466e+01 2.730592698051293610e+01 4.031996400445440543e+01 3.771858400723525051e+01 1.824883213090388878e+01 3.223142864819513420e+01 5.179702192557647322e+01 4.358358067738103614e+01 4.358358067738103614e+01 3.644084428013027832e+01 1.627937715546398678e+01 2.535128007895726299e+01 3.274757402065866074e+01 4.277464343364989219e+01 6.271625350075827754e+01 7.112084922165881551e+01 5.128467414050382445e+01 3.725115697842333162e+01 4.088634308337281453e+01 3.622620681701263834e+01 2.436289678142705384e+01 1.358262362150396640e+01 3.959791501754897070e+01 5.715217404036622639e+01 4.308035535764956592e+01 4.526307424212269126e+01 5.585727579619660332e+01 4.747168543651408612e+01 3.602909957237306315e+01 5.597786952524534598e+01
2.900726248362994839e-03 4.002762226804147616e+00 2.397510787798524845e+01 3.435160124841040385e+01 2.258678204627751995e+01 2.915179584782271505e+01 4.707576223415914995e+01 5.995675002788783559e+01 5.247992411434508142e+01 5.781083542325202274e+01 4.181164624361257864e+01 2.234135453782931080e+01 3.609026357790457951e+01 5.563374008478004384e+01 6.356796823772756255e+01 4.715846157921338033e+01 2.712126531106110150e+01 1.883779706398043530e+01 3.897831045704535313e+01 3.956670652226706153e+01 5.952546036609506785e+01 7.101330035336651747e+01 6.614105391411197843e+01 4.629417046188639517e+01 4.089305056532888472e+01 2.124548838407037721e+01 3.379050867096335509e+01 1.420074027841298836e+01 3.347679603210887223e+01 4.356334601330426892e+01 3.892218978821225761e+01 2.892518660055326762e+01 4.891991235951943651e+01 4.358053265857602554e+01 2.759027443030683813e+01 4.744197553929890177e+01 5.539754812072831669e+01
5.081304048347549951e-03 2.000508130404799090e+01 1.002784604593265172e+01 1.448981187965689976e+01 3.435160124841040385e+01 4.874680048197295434e+01 4.297877322085049201e+01 6.266309414888201701e+01 6.215063585068997298e+01 4.284816007171320962e+01 3.192230076536956673e+01 2.782202337137612247e+01 4.152757437693760778e+01 6.115751599568103813e+01 6.126164937688557899e+01 4.131672992070856054e+01 4.168940966781534030e+01 2.158335980239479923e+01 4.168940966783722502e+01 5.952546036609506785e+01 6.781794135432009796e+01 7.505730310898800894e+01 6.512984463707282146e+01 4.629417046188639517e+01 2.644918878263849038e+01 3.606057228771619805e+01 1.719413633192473512e+01 1.462508669560964414e+01 3.426045917306265665e+01 2.700215127626344369e+01 1.999586056102120679e+01 3.858677783513754633e+01 3.987729645453779170e+01 2.369127669832188587e+01 4.316217385017002783e+01 3.212359253347905508e+01 3.570640887191574109e+01
4.469920835086939326e-03 2.000446992083473319e+01 2.994123608467482356e+01 3.435085190749474293e+01 2.852947573481224453e+01 4.840758830714100469e+01 6.266746640580193883e+01 7.086798758859347913e+01 7.018509063917719004e+01 5.914589420971969247e+01 4.285799697688245402e+01 3.751282965922559498e+01 3.903538326265674385e+01 5.874417182147719529e+01 6.955560792068867215e+01 6.126164937688076151e+01 4.447194399275910826e+01 2.440680362427010763e+01 4.447194398174182339e+01 4.894477609515890748e+01 6.888351220690728383e+01 6.682849726432533544e+01 4.697821028723171111e+01 3.705538921874693159e+01 3.141266260837665669e+01 4.430344227383561417e+01 3.605208409453434371e+01 2.716885343868353431e+01 1.521079928310950535e+01 1.561976347697420842e+01 1.602605810869333425e+01 1.941913772054245513e+01 1.998059729533764184e+01 3.987734215100568491e+01 4.942470396516894482e+01 4.755522400290988827e+01 4.350091496439103622e+01
2.324776005098761877e-03 8.946596686509545648e+00 2.049360247503137344e+01 4.049398687926482410e+01 4.840754404805582567e+01 5.666857992168282010e+01 6.670351107491671883e+01 7.495305612740571632e+01 8.009456554080706780e+01 7.037108953794393074e+01 6.230279083295799580e+01 4.887731258826128311e+01 5.041114351201180455e+01 6.685435107219072393e+01 6.854027353104856957e+01 4.861752951390820954e+01 3.449112184883335885e+01 4.447194397008959754e+01 2.894166283295480824e+01 4.310864351123480986e+01 6.303444667546921210e+01 7.505730310898800894e+01 6.512984463707282146e+01 5.637959040557944945e+01 3.653087095182952737e+01 5.637959040557944945e+01 4.562669889015211311e+01 2.569390671231313661e+01 3.486920551423561676e+01 2.863870673042980997e+01 3.572840505262458066e+01 1.659986340914096203e+01 3.549627214487554738e+01 4.713352163790812455e+01 5.694393203118668367e+01 6.478634230173641129e+01 6.314774172936732555e+01
8.699724428260374037e-03 2.000869972442790612e+01 3.723193898761186205e+01 4.878251059055896377e+01 5.671698454810893963e+01 5.258042981970649521e+01 4.673045802130115334e+01 6.670351107491671883e+01 6.010657786878622488e+01 7.074125433127593965e+01 7.667451922907015671e+01 6.860881252415617837e+01 7.012730018266188381e+01 7.819848623564901402e+01 6.854027353104856957e+01 4.861752951390820954e+01 5.445276613668491450e+01 5.231906452555691089e+01 3.235650491659158945e+01 5.231906433875035844e+01 6.647378671938598416e+01 7.644497308841005179e+01 7.258592590384061793e+01 5.273729961829381097e+01 4.313709412673580346e+01 6.300083854499938951e+01 5.391765916050854202e+01 3.727915139752086304e+01 5.282475096622582100e+01 4.648545978387152644e+01 3.701277871824829901e+01 1.701139796032800078e+01 3.530760626974389993e+01 2.807787227404137909e+01 3.714370871301890276e+01 4.957699569947290286e+01 6.922812196276478858e+01
2.249585233037712084e-03 1.414438520896411333e+01 3.414438520896482032e+01 4.887826887773807272e+01 3.673210246574712556e+01 3.259064799320826467e+01 5.258042981970649521e+01 6.270252029413576622e+01 4.597196833155805962e+01 5.075224283909452794e+01 7.074125433127593965e+01 7.103346390556716017e+01 7.196651805801607793e+01 8.076180254135282155e+01 7.684812756074583717e+01 6.854027353104856957e+01 6.640057021732015130e+01 4.648631389934202218e+01 4.131245669514301255e+01 3.827490812236030138e+01 4.824221398653974546e+01 6.814262136979147044e+01 8.081957669584322446e+01 6.300083854500176983e+01 5.307637207134690982e+01 7.122715802098284144e+01 6.539653154307617910e+01 5.721758314501051501e+01 6.148827358120068709e+01 5.023369519907932101e+01 3.874783140482197297e+01 1.944221283062211469e+01 1.760645768755137652e+01 2.768925900502183524e+01 4.825347462256162601e+01 6.586677259347341362e+01 7.710505625508969274e+01
2.739267172789772273e-04 1.414240955044835424e+01 3.414240955285818302e+01 2.888787163529880431e+01 2.259071422786867345e+01 4.258553890645737283e+01 6.084175707435345970e+01 5.295138720503893381e+01 3.442710928160846606e+01 5.442029502835420374e+01 6.528620273895549531e+01 5.124929280901470463e+01 5.145477389809430946e+01 7.151378242214724423e+01 8.205510177765910385e+01 8.638186024727509960e+01 6.640057021732016551e+01 5.756628511913305601e+01 6.122359732349816852e+01 4.312042336670157994e+01 6.301838135599243174e+01 7.644497312884989526e+01 9.108725007097638127e+01 8.115415248862629483e+01 7.292530501865661563e+01 8.115415248862629483e+01 7.153587355178926543e+01 6.329516745486136386e+01 5.333788384059457144e+01 3.422601834158434286e+01 2.305498058079963641e+01 3.775857490826136598e+01 1.803224787663610229e+01 3.789663734539115580e+01 4.825346857533572376e+01 6.802408577504158416e+01 7.782109916412790085e+01
8.327778614586212741e-03 2.000832777654438388e+01 2.807730565810317103e+01 1.474607011665380263e+01 3.474292342899640573e+01 5.085348166847668949e+01 4.709587287952707868e+01 3.295772818663103720e+01 2.776061206358823696e+01 4.433318693782165099e+01 4.816272425754491593e+01 3.752375455732261145e+01 5.689295344297818957e+01 5.497306220482254702e+01 7.406586326274400278e+01 8.576389655554760338e+01 8.582806061108398410e+01 7.749677046297648531e+01 6.876125878376791434e+01 4.886734781080175338e+01 5.936096155056957002e+01 7.929203326547632003e+01 9.398004078216190749e+01 8.602178644924308060e+01 7.983580356819980750e+01 7.151617633747500236e+01 6.329516745486136386e+01 4.403042291831760480e+01 4.594691740481201947e+01 2.684142603115968484e+01 4.230347952879937878e+01 3.832760453890151098e+01 1.846395851581541692e+01 3.834786226667738873e+01 5.352268181549361969e+01 6.180270844127372243e+01 6.952652877563286893e+01
6.510866554257996840e-03 2.000597477921442646e+01 8.079403472467957315e+00 2.807730565821544388e+01 4.301480034716296075e+01 4.338259713504975679e+01 3.510032419858051611e+01 1.881640436195674226e+01 2.183151779590070873e+01 2.491758474479086516e+01 2.816201296281828093e+01 3.233229741623235043e+01 3.899700130203321891e+01 4.791519323783686701e+01 5.782807649562489871e+01 7.176368222827355225e+01 9.151591038879722362e+01 8.285862440318713595e+01 6.292193875047225760e+01 5.775495662967474431e+01 7.706340045324010646e+01 8.762773397986130419e+01 8.282166632798460171e+01 6.625969575872159112e+01 6.831977365944570124e+01 5.190929917173599506e+01 5.692768759704229353e+01 4.967293595524472494e+01 3.067389465857934283e+01 4.594691740481201947e+01 4.528637987840094326e+01 2.794802056728044803e+01 1.890313929475748367e+01 3.879302295502250075e+01 3.364038746746938813e+01 5.350861975363647360e+01 5.315524520782373230e+01
8.953482861371391335e-03 1.907269474366371398e+00 2.175501664166838012e+01 2.704985439741696851e+01 2.927274319775172273e+01 3.150861582161779140e+01 1.510249760189049972e+01 3.510032419861324371e+01 4.182837498099471674e+01 3.905840068032332368e+01 3.816222887489374216e+01 5.232328496052706868e+01 4.049753644394294838e+01 4.944206604619943590e+01 5.943658925150842975e+01 7.354756887534057341e+01 9.349431954896347463e+01 9.120486215600787716e+01 8.285862440318713595e+01 6.922911787445548271e+01 8.599307871762256639e+01 8.979876236422772706e+01 6.895753886974380009e+01 5.499143909453846391e+01 6.001067534897927658e+01 4.113794719393981580e+01 3.795647948920607462e+01 3.485574594471938070e+01 4.156876863034266023e+01 5.778314678203803822e+01 5.340667981741641768e+01 4.470738911768862778e+01 3.702250081397068726e+01 1.954101697168385599e+01 3.897374316015718421e+01 4.534233397761323658e+01 3.244592479518395578e+01
