LEM/sinusoidal_perturbations/elevation_000269.asc
nrows	100
cellsize	150.0
xllcorner	0
ncols	100
yllcorner	0
NODATA_value	-9999
[rows 0 to 16 of 100, columns 37 to 73 of 100]
1.064027877850491564e+02 9.833407046765266557e+01 9.618394375236057670e+01 1.023925733895409280e+02 9.429982978452810016e+01 1.023925733892078398e+02 1.114824031011660708e+02 1.031598681633537211e+02 1.091924263634158478e+02 1.008838609348713078e+02 1.035831351402580367e+02 1.118351532346563886e+02 1.184442390149712168e+02 1.096000291322108353e+02 1.185225980498534568e+02 1.141717049540367128e+02 1.060425976673024309e+02 1.071606905001275720e+02 9.897465126313146300e+01 9.897474008740915963e+01 1.071610168217749361e+02 1.185376329329218379e+02 1.252831692388419782e+02 1.171020866444975894e+02 1.159073794879520278e+02 1.104753596057162071e+02 1.093715046941061217e+02 1.095198680173857042e+02 1.177259913676274152e+02 1.257274885035371597e+02 1.174756224259777042e+02 1.257274885035371597e+02 1.286827964480710023e+02 1.204282369164249786e+02 1.286827964480710023e+02 1.254885155065435924e+02 1.140919341783478131e+02
8.935081867506315234e+01 7.742269034134906747e+01 7.507830022385151381e+01 8.725263725145394744e+01 7.300654786132491836e+01 9.200304442634258351e+01 9.904490056005407439e+01 8.101686820097496877e+01 9.321565252631353360e+01 7.854236438697942901e+01 8.152402940659158048e+01 1.035831351403856075e+02 1.072625876078409846e+02 8.824260501711792415e+01 1.077347676738268234e+02 1.060425976673024309e+02 8.612681316166714396e+01 9.196001139071779562e+01 7.862504982159663314e+01 7.862505028219884196e+01 9.067072846108558792e+01 1.103182309222883788e+02 1.171020866444975894e+02 9.746366223985059207e+01 9.623345040057391486e+01 9.049147553852517945e+01 8.970912179245789275e+01 8.971883010635610844e+01 1.095198680173857042e+02 1.157976800928917527e+02 9.764174905133502591e+01 1.157976800928917527e+02 1.187469733011412103e+02 1.005800447526138015e+02 1.187469733011412103e+02 1.173226349495690357e+02 9.757275965200003043e+01
6.732143292968224557e+01 7.833612580190909114e+01 5.775726627305692062e+01 6.471005214434742925e+01 6.056610317242601838e+01 8.365318882292656610e+01 9.037560117440851570e+01 6.613337398930767108e+01 6.940551777590523841e+01 6.334413222277947852e+01 8.790120530784984965e+01 9.545782175249532031e+01 8.705007019723646522e+01 7.676091861630069957e+01 9.269923772209791935e+01 1.013784082099047623e+02 9.196001139071779562e+01 7.040118726719055076e+01 6.473954041909568957e+01 8.722584120044555789e+01 9.906595770486109132e+01 9.906595770485991181e+01 1.074840186317993158e+02 1.032156235761522822e+02 8.347414025735680809e+01 7.610969154903960998e+01 7.530405265187769714e+01 9.551841983596474961e+01 1.081799581396478089e+02 1.075586857386564077e+02 8.777636382502318213e+01 1.075586857386564077e+02 1.006053275896221351e+02 9.070651431171010870e+01 1.105041407113216394e+02 1.102422771228810774e+02 1.021605394092096475e+02
7.833612580196385977e+01 5.428321701732011206e+01 4.672097968220150221e+01 4.631995703271930864e+01 7.131253740297853483e+01 8.621264450495495169e+01 9.321565252631346254e+01 6.940551777590523841e+01 4.924210478606171648e+01 7.637934478333443167e+01 9.373123359229053619e+01 8.705007020097613690e+01 6.300932102083094577e+01 7.721550051703039230e+01 6.968525898630740301e+01 8.843973421995507067e+01 9.641591812893973668e+01 8.044588104750468460e+01 5.596682479349441053e+01 8.044588104750468460e+01 7.753084431421250144e+01 7.753084431421250144e+01 9.906595770485991181e+01 1.113734157393462851e+02 1.032090909005326580e+02 8.837642999254265419e+01 6.698140846816335170e+01 7.981133767085376007e+01 9.995549238012949900e+01 1.009645784341098533e+02 8.108159746112508515e+01 9.248644686114110414e+01 8.071821249876072102e+01 1.006053275896221351e+02 1.042545644767048856e+02 9.008089352173108466e+01 9.383550070099518337e+01
8.684409810800833895e+01 7.833612580190909114e+01 6.377704181355329638e+01 3.848239678605120417e+01 5.362829865900415172e+01 7.763982413656324866e+01 8.578628332506006871e+01 7.045974666269215447e+01 4.277490148868149333e+01 5.960167191469003711e+01 8.479334639263916529e+01 9.571894936446236102e+01 7.721550051703039230e+01 5.129542560089544168e+01 5.396257825313507084e+01 7.753710020995333707e+01 8.800461978258739748e+01 6.525320070956313145e+01 4.928068349345471688e+01 7.391100579541732429e+01 5.973979229424114124e+01 7.290105179731388318e+01 8.906133365387931633e+01 1.101403062679938074e+02 9.859872828191454630e+01 7.811903398970154910e+01 6.106023827017791916e+01 8.411739757126329664e+01 1.005302128043037442e+02 1.065276798911206413e+02 8.667037769276649328e+01 7.192976115211473598e+01 9.248644686114110414e+01 1.088331774153207476e+02 9.598602602935848438e+01 7.433207349079532378e+01 8.229086394797614901e+01
7.795537538311872083e+01 7.652451471363342250e+01 5.253484531480302877e+01 3.446335366091717844e+01 5.253484983222584503e+01 7.652516750848937477e+01 6.797518980440196401e+01 5.016409628380593944e+01 3.760704661291305229e+01 5.738483756288622573e+01 8.300653107968524580e+01 9.611992746319710079e+01 8.630256170619536249e+01 6.803073390287654831e+01 4.140443144067865688e+01 6.803073390333847215e+01 8.557447047364426851e+01 6.975805057676214460e+01 4.339037269910268435e+01 4.805119814705440717e+01 7.392201551723002240e+01 9.231405855161936813e+01 1.029998378611850285e+02 1.141310065429333207e+02 9.678043847218079065e+01 7.990775548419838969e+01 5.527845431962240497e+01 7.087010319864538133e+01 9.225342714698622615e+01 9.160719018068894570e+01 8.322578258882096236e+01 6.709834716643882757e+01 8.273078220955974871e+01 1.027750025451335176e+02 9.628882511078545292e+01 8.141522426517950350e+01 5.699237838673299450e+01
6.769933950186280924e+01 7.327779418771190478e+01 5.564162276833640419e+01 3.074988074408891947e+01 5.564162285307799038e+01 6.192871234017561477e+01 5.168126910860907941e+01 3.163629570950457648e+01 5.785949801490621525e+01 7.474204717695211286e+01 6.401638562809904442e+01 7.648634372591443764e+01 8.018014307568537902e+01 5.534693757202273900e+01 3.659676150947976225e+01 6.269864704848904324e+01 6.870048075133638577e+01 5.194056752133167265e+01 3.840745386477123446e+01 6.469231149264386715e+01 8.289062732614853246e+01 8.843923586375228751e+01 9.469937738770231306e+01 9.819430263733636366e+01 8.526453861794446709e+01 6.504367081534537931e+01 4.986571714899461938e+01 6.991966729062608010e+01 7.387530497417793640e+01 7.780976900991738887e+01 5.993062122152917226e+01 8.322550856351638515e+01 9.686901262406047408e+01 9.270376900802811804e+01 7.976552372048949735e+01 6.346646501913375715e+01 4.460577116841967182e+01
4.763603423356136801e+01 5.577790923188227623e+01 3.956839209452731865e+01 2.717388147585738167e+01 5.188665527191539439e+01 4.614279927796609115e+01 2.690154174364671391e+01 5.168125173513015369e+01 6.797225600100348686e+01 6.595880570960085265e+01 4.538019703260812321e+01 5.160769032351326757e+01 7.648634289030972866e+01 5.784846733636759097e+01 3.255401214529251064e+01 5.784729462749781703e+01 5.913445041536613900e+01 3.350129715676495579e+01 5.920233622082826486e+01 7.401584748708253869e+01 7.908059237329943869e+01 7.193722242662599342e+01 7.032756838680441547e+01 8.720259638981396222e+01 9.121585644162730944e+01 7.508395939970016286e+01 6.583526708881517209e+01 4.316468518003997445e+01 4.752939245105955024e+01 5.250477626005940834e+01 7.780976900991738887e+01 9.160711866507345746e+01 9.159002088341907211e+01 8.367901420474430552e+01 6.000261999226667342e+01 4.235620605146169737e+01 7.058014545297024256e+01
2.612197943301002567e+01 4.285883674542149890e+01 2.236235547313357586e+01 4.491043459580151875e+01 4.353803282138689923e+01 2.277373158336603609e+01 4.589711435636213110e+01 4.756456706714934768e+01 5.697783618011233386e+01 5.564797564134344299e+01 3.041188313712205016e+01 5.564830926676042822e+01 7.164223563005633366e+01 5.337321576963205416e+01 2.899509022247670487e+01 4.789737331832287737e+01 5.118394571873130872e+01 3.061379461084676379e+01 5.562164756918492259e+01 6.730955339004420068e+01 6.151452788552382600e+01 6.950064944452864779e+01 4.715989934575320319e+01 6.286618633708607007e+01 8.042334552557917959e+01 5.881555737511029491e+01 3.930480641920534168e+01 6.583526705398129764e+01 7.387524426258590893e+01 7.778193731951081702e+01 8.383524394414999392e+01 8.264768008768395191e+01 6.781634065190645799e+01 8.271583951808386814e+01 6.891152377521727601e+01 4.096096644909223983e+01 6.891152377521727601e+01
3.782883535368178940e+01 2.586377418394441818e+01 4.031722481656225909e+01 1.814153775430957793e+01 1.945069291023544267e+01 2.891582722975593711e+01 2.358129675005463000e+01 2.853403831900737231e+01 4.350291638646606884e+01 4.307273063279605907e+01 2.414609694078133018e+01 3.671675867932768256e+01 6.193657575402986026e+01 5.077078552905042130e+01 2.705371289104553867e+01 2.449418980241811283e+01 3.014560913331741787e+01 2.810578243831015399e+01 5.526553371358815525e+01 4.413061475838019021e+01 5.790192285179503529e+01 5.275543632463431010e+01 3.432746630131307342e+01 4.683514508495299822e+01 7.165728827875039997e+01 6.306489150898816121e+01 3.698868980233033454e+01 5.927051944931257310e+01 6.853622317769010408e+01 7.035829409726599692e+01 5.583279877330214447e+01 6.061133513578274545e+01 4.929084905844638342e+01 7.361675543480056660e+01 6.720139182882977025e+01 3.964987376815540188e+01 5.273797817822353551e+01
2.144630846849802808e+01 3.570926413562968804e+01 1.763970556120769828e+01 2.364946905613843242e+01 1.864077985825392147e+01 1.898609753374045894e+01 1.932453197889736529e+01 1.966113690923447521e+01 1.999969568647008700e+01 2.050319777957449929e+01 2.100236397548752976e+01 4.335352823733298777e+01 5.386480417735811699e+01 4.338621686346061068e+01 2.378214900785372876e+01 4.686048536658171315e+01 2.522223094630784956e+01 2.573883403267740988e+01 3.703180814732452575e+01 5.073028067898699334e+01 2.778560276054960454e+01 2.832808705060596921e+01 3.658828744221818852e+01 5.332669823849581547e+01 5.495407635683070424e+01 5.566064336043056926e+01 5.397337183136536254e+01 3.392381705926062807e+01 5.764848885067154782e+01 5.785487795251520282e+01 3.394894330337054100e+01 3.456056021318333649e+01 5.710013551350960626e+01 6.236764087966295023e+01 6.269974957510313374e+01 3.840301222948298232e+01 6.600597565219526075e+01
1.677915998337231684e+01 1.713521174756648691e+01 2.194819105190306274e+01 3.877658575765250504e+01 3.823057596986899398e+01 3.823832560341733711e+01 4.141707557629700176e+01 4.181295468586920094e+01 2.757417400665104878e+01 2.061456816487381261e+01 4.332921765552126203e+01 2.170291324809296540e+01 4.441706690209358754e+01 2.308233680883888184e+01 4.611840986296014222e+01 4.691302534869884511e+01 4.905294703617097696e+01 2.813902392028453647e+01 2.649024786937035714e+01 2.702268277502127702e+01 3.446152257357535120e+01 5.155436804544147833e+01 2.910409543202451133e+01 2.965486461545299335e+01 3.020773236022180441e+01 3.076216992181073806e+01 3.131810291217826148e+01 3.188979199229589412e+01 3.248827615827202209e+01 3.308950431358776711e+01 5.578216572279717411e+01 6.039575088906320133e+01 3.543602459566389484e+01 3.605944091127800277e+01 3.668743744720779176e+01 6.345170712707324157e+01 6.575453967966106461e+01
4.407614804975850120e+01 4.122768028750851954e+01 2.833539834366982646e+01 2.876582386839737637e+01 4.925533513588583645e+01 6.355120913759552082e+01 6.171591941892004485e+01 4.094933785827722517e+01 4.159319185449562184e+01 2.102183806238177866e+01 4.350799762115125446e+01 2.941076561037054660e+01 2.239230392789637136e+01 2.754607251817490976e+01 5.190305583669021416e+01 7.102966860245207670e+01 6.020095324096698164e+01 3.423643552343030194e+01 5.104922769171791685e+01 4.759792488598279192e+01 3.251654781372021574e+01 4.413061972945318701e+01 5.751079492606967847e+01 4.690841992880849887e+01 5.496475038581597516e+01 5.566338391527438034e+01 3.386861844086669038e+01 5.735322508798164876e+01 5.809115444712467990e+01 5.882213541801561263e+01 4.558628172550934465e+01 6.957477953654381508e+01 6.329177254917971851e+01 6.262603475651918927e+01 6.188974115988018099e+01 3.774893963833683586e+01 3.853381223455851057e+01
6.700421336762516944e+01 6.074243825361992322e+01 3.854227349520468948e+01 4.955948707221386229e+01 3.646297178791051863e+01 5.869249497448451791e+01 7.003989089749553898e+01 5.964445003113578991e+01 4.368199141719507850e+01 2.140630330492420086e+01 4.344115310915362471e+01 4.990816087724333272e+01 3.481831523244924398e+01 5.172041552171359058e+01 4.087575416088252211e+01 6.751731279126954632e+01 6.854217732097490057e+01 4.211441986291438866e+01 6.353760051461095770e+01 6.325004888061459951e+01 6.048661008986681509e+01 3.952072879527995042e+01 6.545672712939290250e+01 7.292360131482745089e+01 7.247289805795131201e+01 4.642691705650894818e+01 3.654333395010054630e+01 5.561133005972091325e+01 8.039309981840312958e+01 7.917252393010100775e+01 5.781256955750575344e+01 7.884715024352961166e+01 8.513064142013485025e+01 7.041642390468744850e+01 4.265240926007018629e+01 6.484300504378238372e+01 6.581702701555242641e+01
7.631728889385459524e+01 7.190098523846309320e+01 5.497982981171092831e+01 6.612094700291294203e+01 4.280732104499320201e+01 6.612094700291294203e+01 7.481357054427444098e+01 4.781571967973471260e+01 2.885236196637392325e+01 2.178868066201837905e+01 4.249186719340990237e+01 6.043471693616201179e+01 5.953880715830617731e+01 6.918044420417501783e+01 5.698275296093632392e+01 7.695472970017543446e+01 7.768772721005126414e+01 5.340512839507207588e+01 7.765860092075959642e+01 9.053675768358118603e+01 7.263925889389490465e+01 4.607041706979662621e+01 7.263925889389490465e+01 8.698176591807609270e+01 6.391040373621834192e+01 6.664002718764119493e+01 3.972929029786192245e+01 5.953392776042933576e+01 8.379572744723076028e+01 8.932684554371721219e+01 7.463764205885763658e+01 8.919645764874145755e+01 7.625601888663254613e+01 4.897357012856049607e+01 7.044570513496259423e+01 7.044522477263919313e+01 6.284346994776546325e+01
6.528123312141632084e+01 7.736248397000011323e+01 7.930685927098004129e+01 7.571800988684474021e+01 5.290621333627350253e+01 7.571800988680519140e+01 6.851803499557838961e+01 4.474971103025490038e+01 4.480530546795337443e+01 2.219359247939960511e+01 2.846056599911243978e+01 5.236353786953317524e+01 7.510435508359881851e+01 8.710111948664652459e+01 8.190778982506628836e+01 9.073340383558254985e+01 8.746080863345927980e+01 7.178350205577146426e+01 7.843866473473975987e+01 8.927012209145672728e+01 6.576502085910357209e+01 5.788236253703527012e+01 8.138013923648080095e+01 9.525994340329152976e+01 8.089176610251141142e+01 7.073963605608896899e+01 4.356439398326860868e+01 5.579264079589209757e+01 7.425724864992817231e+01 9.601327647488093930e+01 9.555551708012642109e+01 8.502150504375617857e+01 5.691977250937566879e+01 6.166992603038510623e+01 8.297118133383892769e+01 9.379007807248137851e+01 8.102284932233116876e+01
4.319154636760132604e+01 6.130808610714617402e+01 8.474753172856286199e+01 8.669787022355261286e+01 7.011776067214729835e+01 8.545533233251154570e+01 7.475034780733192008e+01 6.851803496059112319e+01 4.537765167721327231e+01 2.263598488962118083e+01 4.536150255162831968e+01 4.028163450974263782e+01 5.305118687365820307e+01 7.161904878345234238e+01 9.449065042463629993e+01 8.890213468665758967e+01 9.781426070259442440e+01 9.450564873410438338e+01 1.006642682468901455e+02 9.780834732025260791e+01 8.927012209145672728e+01 7.146218282995093318e+01 9.108393289456594744e+01 1.082197153899955850e+02 9.178769218886206716e+01 6.851337221479715822e+01 4.841868056747487969e+01 7.499943150735434472e+01 7.667160705175282942e+01 9.823979386727287988e+01 1.011390861311950573e+02 8.030779602108161441e+01 6.271993350576197201e+01 8.411461010029081820e+01 7.843938752795806124e+01 9.781580940390551859e+01 1.026757138489227401e+02
