LEM/sinusoidal_perturbations/elevation_000725.asc
nrows	100
cellsize	150.0
xllcorner	0
ncols	100
yllcorner	0
NODATA_value	-9999
[rows 0 to 16 of 100, columns 0 to 36 of 100]
8.271705653423140972e-03 2.000827170565306901e+01 3.386033276632142730e+01 3.019833719172006070e+01 4.431910847629701777e+01 6.424185049459897812e+01 7.121516551738619683e+01 6.537252089476737638e+01 6.906707625179154775e+01 7.491024487568296308e+01 7.256213827544135597e+01 7.256213827544135597e+01 8.082328821388615836e+01 9.316554712443836195e+01 8.510561826884074321e+01 8.632622040645674133e+01 9.412522768253018057e+01 1.050833387589454446e+02 1.001720371674821450e+02 9.884557879907958977e+01 9.097461839248933302e+01 9.059288865573036276e+01 8.830205979459545063e+01 8.830205979466497013e+01 9.630418058163510864e+01 9.589489482630229134e+01 8.787725933420145452e+01 8.787725728870358921e+01 8.244929570637928862e+01 8.893694496425126772e+01 9.693791555947134952e+01 1.055581457724813959e+02 1.166760222983338480e+02 1.096714047734009796e+02 9.812010166680566670e+01 8.982198013667510850e+01 8.982198013667510850e+01
7.813061968023241044e-03 2.000781306196766707e+01 1.387574002130601336e+01 2.803199639817650635e+01 4.826647320539301234e+01 6.728999312554553569e+01 5.126767762044074317e+01 4.542526024106765448e+01 4.912062804257846693e+01 5.496280746247067839e+01 5.263357610170062628e+01 5.263357610170062628e+01 7.256213827544135597e+01 8.196593239810131593e+01 6.573220572915234072e+01 6.775580490001377143e+01 8.376076178026961827e+01 9.063603837195066149e+01 7.464554248852384433e+01 8.989802210502935509e+01 7.254557048145554177e+01 7.132367670959226302e+01 6.881759528959361205e+01 6.881759528959361205e+01 8.830205979466497013e+01 8.787725866700299093e+01 6.832472701478857857e+01 6.832472701247858993e+01 6.275479066695318409e+01 6.947399719063538726e+01 7.829858434437127812e+01 8.944289778672856528e+01 1.086092691831160266e+02 1.013585753447395632e+02 8.137660629801624168e+01 6.974554661202166983e+01 6.974554661202166983e+01
2.526786264046545528e-03 5.347751602840797425e+00 2.534415411972559085e+01 2.800652890231746639e+01 3.951875634323906894e+01 5.923721925146811174e+01 5.061320994627615022e+01 3.132844552471219046e+01 3.502112796049213017e+01 4.850713999008625166e+01 3.854376315707522593e+01 5.847051682305089315e+01 5.513816281889724991e+01 6.332511005477525856e+01 5.465159513150536696e+01 7.392037332392995097e+01 8.601236008983865133e+01 7.782047157241429147e+01 6.028147802286781598e+01 8.126395974567512326e+01 7.690927605073278528e+01 5.751230087646885636e+01 5.471422193672523093e+01 7.452446281534048467e+01 7.517079665652690323e+01 8.322850560757343885e+01 7.405151915621870273e+01 5.406129429705608658e+01 6.832472701247858993e+01 8.787725728870358921e+01 9.693791555947134952e+01 9.561926867155442267e+01 9.561926867155442267e+01 1.036435069113672967e+02 8.982198013667510850e+01 6.974554661202166983e+01 5.799930651670381110e+01
4.163169627051843593e-04 2.000041607431963442e+01 3.362076178734476173e+01 3.910858578493570548e+01 3.951583060451622487e+01 4.782603769574283348e+01 4.235058194340178517e+01 2.244093666223870542e+01 3.960701475409148742e+01 2.860585495413609536e+01 4.611018223655483439e+01 4.959312913013206980e+01 3.549716811937218353e+01 5.513816281879294223e+01 4.862353564327764843e+01 5.915016556440790652e+01 7.795942869716877510e+01 7.242211449813819968e+01 5.088141361717715938e+01 7.242211451982819881e+01 8.494061858826482592e+01 6.752048498418972144e+01 4.759957365849888333e+01 6.113927336751360997e+01 5.532722870122520220e+01 7.517079665644621400e+01 6.968930311178975501e+01 4.959749299910011899e+01 6.968930311178975501e+01 8.585836415274692968e+01 8.994998330397423558e+01 7.625645969658103240e+01 7.625645969658103240e+01 9.561926867155442267e+01 9.812010166680565248e+01 8.483284582427944542e+01 6.468168762747023948e+01
5.883922493566802643e-03 2.000588392206274335e+01 2.356815276795427394e+01 1.948181075130814222e+01 1.952684703888624895e+01 3.953269485388175752e+01 3.334289992701555150e+01 1.694040665551281322e+01 1.974507653533484941e+01 2.299712319330534172e+01 2.633079479202384476e+01 2.986037760715979772e+01 4.959312913001839718e+01 4.162447052844002116e+01 6.115176678221044426e+01 7.607637249940589186e+01 8.487752457046626375e+01 6.553471481460580605e+01 4.410072208440494990e+01 6.364253128375856505e+01 7.196879389623805423e+01 7.559780125088686020e+01 6.113927336751360997e+01 4.103853604347375494e+01 6.113927336609354768e+01 7.453355550084522463e+01 6.558807961934660113e+01 4.544032319054103652e+01 5.795441910290633558e+01 6.826133076896469731e+01 7.311183111090777231e+01 6.221482388742615655e+01 7.625645969658103240e+01 9.561926867155442267e+01 9.292086514098120631e+01 8.479843976998769506e+01 7.592247798382298640e+01
1.256007409845548732e-03 1.790096102351432350e+00 3.586038425072889613e+00 5.403775040085364800e+00 2.537586408965318441e+01 2.993012300815779980e+01 1.342746128154134411e+01 3.334289993091653059e+01 3.960701475409155137e+01 4.281818937980221307e+01 4.029614850590493802e+01 4.122063923251216266e+01 5.780839711811382386e+01 5.539761377581142909e+01 6.930287961641465699e+01 8.086803438419818235e+01 7.740092647292733830e+01 5.304860486323680391e+01 3.784217459495916813e+01 4.293533952545659105e+01 6.011593578310656483e+01 7.137780479251705401e+01 5.146385084116093367e+01 3.705127142271488339e+01 4.631765418070973794e+01 6.042560457535697083e+01 6.163677956136839953e+01 4.144259864894744538e+01 4.360172289476061991e+01 4.816114624927889309e+01 5.311270586398180882e+01 6.481087032469653764e+01 8.445115442069096900e+01 9.333632200698582437e+01 8.142316959013973587e+01 6.475737782355128047e+01 8.092810464863229925e+01
9.594114293757748102e-03 2.000650997875072079e+01 2.356799134718142952e+01 2.537587085686813637e+01 8.073648089996751764e+00 9.985720296337271762e+00 2.993012402658005300e+01 3.905543842183783454e+01 3.905543842183783454e+01 5.903339274712315898e+01 6.014650132118452319e+01 6.103016302321546505e+01 6.925225737303313167e+01 7.504352101017936150e+01 7.504788637045119515e+01 6.119963009018238864e+01 6.411686784338537848e+01 6.780686224640815851e+01 5.168722854794174282e+01 3.029483973446952305e+01 4.565007045988189560e+01 6.630682297555418359e+01 6.547855988541859062e+01 5.220233168394573653e+01 3.163103866592248181e+01 5.132120518585770697e+01 5.388023918766872100e+01 3.753702239971807586e+01 5.782043814675665772e+01 6.826133076896469731e+01 7.311183111090777231e+01 8.117935580155486264e+01 9.247194035301409087e+01 8.352221045976500591e+01 6.487921467559461064e+01 5.271217448767382763e+01 7.303314745194963109e+01
7.711341127313004785e-03 2.000770621883896183e+01 3.826135058331158234e+01 3.630477500809848834e+01 2.802943982316470439e+01 1.994948956757712111e+01 1.474818093105939099e+01 1.909325161950003746e+01 3.905543842183783454e+01 5.266716810751446332e+01 6.021791575777745464e+01 6.848549037178811716e+01 8.001309211028302570e+01 7.628100917554267824e+01 6.696037233278092060e+01 4.698271113900665341e+01 4.770218787416070683e+01 6.249675857315305905e+01 4.731149802560376116e+01 2.589159780315910453e+01 4.731149802560376116e+01 6.589267631416967674e+01 5.421216192297344350e+01 4.591250633325324770e+01 2.794681314573542608e+01 3.066066716883456778e+01 3.340838127511108269e+01 4.272411440329653232e+01 5.708987347854930761e+01 7.694464049472436784e+01 8.140718052202811350e+01 7.310653154136568332e+01 8.140718052194077359e+01 7.525467034183496651e+01 5.477819387616094815e+01 4.400488064721083958e+01 6.487921175603973722e+01
2.297228869525369630e-04 1.000023014234598762e+01 2.414256646794544281e+01 4.415494296146625430e+01 3.990801468610111158e+01 3.990801468610110447e+01 2.027181665072886929e+01 3.905543842183783454e+01 2.637386266559606085e+01 3.268746387627013661e+01 4.023974229976413142e+01 5.177634989295023615e+01 7.174930917685102827e+01 6.293455173962197335e+01 4.958809430187309886e+01 5.432538999380921751e+01 3.401822287692424851e+01 5.432538999380937383e+01 4.318361760227742963e+01 2.183666374948676392e+01 4.318361760227742963e+01 5.770982819306812672e+01 3.727540582302140137e+01 2.488373246444901454e+01 4.591251266855871904e+01 5.132120518840023493e+01 4.537547843974149231e+01 6.202738343867468984e+01 6.290381202897172130e+01 8.263839308335937517e+01 7.130467539965782464e+01 5.283298100641306405e+01 7.130467539888941531e+01 7.305567129443832641e+01 5.252132717188838029e+01 3.754011767024141477e+01 5.850964479246352568e+01
9.647730019007896146e-03 2.000964773001865282e+01 3.645281949073316241e+01 4.645281949073334005e+01 5.986677887155351385e+01 4.600302230457405273e+01 2.602737265970684177e+01 4.600302230457405273e+01 3.635955822316206820e+01 5.266716810751446332e+01 6.021791575777745464e+01 6.373028045215406934e+01 5.600679618162624251e+01 5.379117501310399518e+01 3.707317699476436701e+01 4.831472920577546404e+01 2.768049254921300317e+01 4.034643373684956913e+01 3.928193352496901269e+01 1.813627012686295714e+01 3.738592236163235327e+01 3.926381496968729579e+01 4.116968185054119544e+01 2.283479659219709745e+01 3.362309943761781028e+01 4.833347196402637991e+01 6.548329460439366301e+01 7.356065195260470091e+01 7.285521047111660664e+01 6.452513673022964724e+01 6.296975627388931684e+01 4.266974301198325037e+01 6.296975627388928842e+01 6.816776245471736217e+01 4.751067557472058667e+01 3.260087464475043362e+01 4.705592981490543281e+01
3.582433992925927561e-03 8.168548243270258524e+00 1.816854824327043616e+01 3.231068386700188455e+01 5.231068386700258799e+01 5.266319529939053723e+01 3.268267631494105530e+01 5.266319529939053723e+01 5.048800776086134334e+01 6.458221139641496222e+01 6.031946766195177645e+01 5.187368446964310920e+01 3.858562201819925264e+01 4.603483288505126581e+01 2.820580408872663369e+01 4.595537288249710883e+01 4.033596047364491000e+01 1.946718048831910508e+01 3.321898776920846075e+01 1.470289633164640186e+01 1.643564793844139871e+01 1.822647744130010850e+01 2.007660309634447060e+01 4.116430556676378671e+01 5.224356208083440123e+01 6.244191761550979436e+01 7.655037804878605812e+01 7.284068095809165300e+01 6.116905441495109130e+01 4.424506413252766635e+01 5.620308518658726626e+01 3.589682630221996362e+01 5.620308518658726626e+01 6.439733039678449700e+01 5.606177006406192476e+01 4.706304816937385738e+01 2.613704911148897025e+01
1.813270376062421294e-03 2.000181327037570611e+01 3.463273015674520394e+01 4.291700140420740439e+01 5.291700140420757492e+01 6.093969047909295256e+01 4.267368575557243560e+01 6.093969047909295256e+01 7.046208246240870210e+01 6.390983354490997215e+01 5.204484695190237176e+01 3.232212490954036355e+01 2.765201261419730017e+01 3.615885242881542894e+01 2.154235959273645307e+01 3.903103176015401488e+01 4.510290466917227548e+01 3.314438328788311594e+01 1.246960540399507344e+01 3.252971914228308492e+01 3.738529818034005814e+01 3.926381495836331226e+01 4.111061116605046095e+01 4.949020558536403769e+01 6.579487274681537201e+01 6.793345866725552185e+01 7.580853581813256881e+01 6.452229857182452122e+01 4.424506099642703560e+01 3.246515643463992262e+01 4.264182195334724668e+01 2.997060459415232714e+01 5.034117317002540659e+01 5.606177006406328900e+01 3.537207741921934456e+01 4.143194809419664892e+01 2.151024796616691859e+01
2.372884694381488524e-03 7.073440696559886831e+00 1.463273015674449873e+01 2.463273015674467459e+01 3.877486578047612653e+01 5.877486578047682997e+01 5.680165337279890281e+01 7.092970018541682009e+01 6.026808246418352866e+01 5.073554194100186265e+01 3.561347665781280369e+01 3.562766151204404963e+01 1.695761016258218845e+01 2.061693043273124815e+01 1.533232023741382477e+01 2.733281664778487752e+01 2.909376338981558163e+01 2.976969345291951541e+01 1.066468069761586257e+01 2.408332881457560859e+01 3.443097144451597558e+01 4.949570710205946966e+01 4.881398345298780583e+01 5.404072626631322862e+01 4.561936140590231759e+01 4.784171520062124472e+01 5.681111214656442598e+01 4.846796119090905108e+01 4.821154680669344117e+01 4.043339771952911832e+01 2.243864287525545720e+01 3.881573796152301981e+01 3.999672583208169385e+01 4.084937755157734074e+01 3.962454205511036065e+01 1.962941333342963546e+01 3.530475421836296590e+01
8.175220331382775790e-03 2.000817522033102591e+01 3.374685918069612001e+01 4.203113042815832046e+01 5.097540233815763600e+01 6.252240772195055740e+01 7.677839265721495110e+01 6.742590748120926492e+01 4.544083695149006985e+01 3.073776240043988750e+01 2.228018543128782625e+01 1.541622559449961649e+01 1.017615583998112960e+01 8.938393960275172745e+00 9.260016430590457759e+00 9.583291310496207416e+00 9.908629655557287919e+00 1.023715363969740544e+01 1.057603416578717592e+01 2.532084707501021725e+01 2.237861435691636913e+01 4.022630830973908900e+01 2.829512121749039721e+01 3.400972854742800422e+01 3.112813010166587802e+01 5.153300804107742294e+01 4.483786782872864052e+01 2.753751620814162138e+01 3.104697738166577281e+01 1.807761806321942544e+01 3.545864643398780203e+01 2.572067807244472704e+01 2.509441264107464775e+01 2.600818247523646320e+01 1.790199014436307223e+01 3.070625566954068830e+01 4.927184606010624179e+01
9.124702163186202558e-03 6.675791368829881556e+00 1.374685918069541835e+01 2.269113109069473211e+01 3.423813647448765352e+01 5.423813647448835695e+01 6.594999295073725420e+01 7.018375197752534689e+01 5.072742626209262085e+01 4.583656416915734155e+01 3.490005137167839422e+01 1.488961103360806071e+01 8.483066417831729211e+00 2.802216579342786318e+01 2.972497312156764693e+01 2.646226612899529229e+01 2.432339292440205014e+01 2.823552854811221380e+01 3.086075039440128975e+01 1.105807235513669795e+01 2.420945583476423479e+01 3.167493794524676431e+01 1.363469160723011875e+01 2.013883629293483679e+01 4.052477772717123372e+01 4.824182387404615469e+01 3.632204887988648068e+01 1.571458773890817895e+01 1.572010722001492766e+01 1.903520512304266887e+01 2.337275676822043735e+01 3.041173538395396747e+01 1.582899490912591745e+01 1.620003688839787515e+01 1.840120884787924282e+01 4.617455848758886816e+01 5.093132477287092996e+01
2.239863785106879172e-03 2.000223986378475161e+01 2.906258159632285043e+01 3.406292598319350873e+01 3.961051953796454228e+01 4.593618633276368968e+01 4.593618241187382978e+01 6.422387510635115859e+01 5.879305746271277400e+01 3.901506576116945268e+01 2.493037219375885627e+01 2.882923510627180264e+01 8.798626141471187267e+00 8.023530795353314815e+00 2.338639567303528111e+01 3.057560478437840601e+01 3.993430091308517405e+01 4.605816522610203378e+01 3.372453374053016972e+01 3.207024558210014220e+01 1.153744935462201049e+01 1.187225220864982944e+01 1.220079681180812514e+01 3.216512720176758933e+01 3.287080992732445850e+01 2.758222733188015141e+01 3.379069344916717199e+01 1.403454091930310632e+01 1.434449293270088610e+01 1.465862428538641993e+01 1.498099869529610473e+01 1.531861630680454667e+01 2.059460214313101645e+01 2.298329042113667953e+01 1.673847883876951315e+01 4.318995532704904861e+01 5.847359300244553992e+01
1.766589122093755728e-03 4.473902544121691527e+00 9.062217221533110489e+00 1.406221722154364784e+01 1.960921918429647803e+01 2.593377452558427620e+01 3.593378800132556705e+01 5.594174187681446853e+01 5.919837407881203717e+01 3.907725746592726779e+01 4.474291902472734250e+01 3.720854121049801222e+01 2.864153075015308048e+01 2.743714941935099105e+01 7.556211241499370068e+00 9.713261620890989434e+00 2.623483276197115543e+01 5.351683166170265338e+01 5.655101008572256660e+01 4.014464938949560491e+01 1.872614243675531043e+01 3.187160677996149616e+01 1.411095989837112619e+01 1.265588632962777460e+01 1.297332813039839117e+01 1.328642307179754845e+01 1.359674780810994577e+01 3.364484161118998173e+01 4.193098878989485456e+01 3.464328892150306416e+01 3.259596854710376590e+01 3.811320612687703857e+01 3.685166461366035406e+01 3.320657111289050079e+01 1.710745066276145820e+01 3.758386235774332818e+01 3.835138105425534860e+01
