LEM/sinusoidal_perturbations/elevation_000055.asc
nrows	100
cellsize	150.0
xllcorner	0
ncols	100
yllcorner	0
NODATA_value	-9999
[rows 0 to 16 of 100, columns 0 to 36 of 100]
8.271705653423140972e-03 1.415040732938449786e+01 3.415040732938520307e+01 4.807305621775175553e+01 3.978878497029317884e+01 4.611334029062982154e+01 5.318440810249505546e+01 5.318440810249506256e+01 7.318440810249364858e+01 7.578448536297160842e+01 6.986236567024197086e+01 7.033937343428121380e+01 7.035063645460569148e+01 7.874737674291013434e+01 7.745195029911654672e+01 6.945937019596125594e+01 6.699404724990907312e+01 7.496760499148311396e+01 7.296186083641180176e+01 8.110835962791999521e+01 8.611416844508914892e+01 9.424580346042790779e+01 8.731824918332983998e+01 7.912210790040005293e+01 8.731824918332983998e+01 9.721186690555062171e+01 9.344296738929611479e+01 8.165767651647375658e+01 7.323244304328275689e+01 7.803760883673716364e+01 6.963269265844535028e+01 7.187234266021441442e+01 8.027528419360822909e+01 7.661398316026968303e+01 8.500838872369376986e+01 8.433473841620663336e+01 8.509998569836687921e+01
7.813061968023241044e-03 2.000781306196766707e+01 2.777385128362485389e+01 3.194413956476631355e+01 1.978878497029388939e+01 2.611334029063053563e+01 3.318440810249576600e+01 4.732654372622621963e+01 6.732654372622479855e+01 5.555062411227710584e+01 4.963212547023754695e+01 5.011820324938940985e+01 5.011842066318732947e+01 7.035063645460569148e+01 6.945937019596125594e+01 5.042520990701581241e+01 4.795212165440544538e+01 5.945602169758698352e+01 5.387883027688577187e+01 7.295472798542520820e+01 6.624724958640749151e+01 8.283162459258542754e+01 7.490454219907647371e+01 5.943093432438615054e+01 6.927652111239312660e+01 8.833137321210402604e+01 8.505870520046514116e+01 6.457501828059629645e+01 5.183239068620500234e+01 6.087711705425181208e+01 4.935120285903889226e+01 5.156783813256414106e+01 6.246360925578242274e+01 5.625808306382187141e+01 6.735495011713224756e+01 6.397023110020525394e+01 7.263381882830931602e+01
2.526786264046545528e-03 3.851528580861543816e+00 7.773851283625208275e+00 1.194413956476666883e+01 2.088841147476566817e+01 4.088841147476495763e+01 5.318440810249505546e+01 6.146867934995088234e+01 5.961777808254145583e+01 5.125709076759369509e+01 3.555990446364844360e+01 3.603909464790513084e+01 5.011842066318733657e+01 7.035063645460569148e+01 6.832462829748367028e+01 4.918653329940293872e+01 3.672826518556627917e+01 4.025114205958888647e+01 5.945601816685063312e+01 7.399067218334231200e+01 5.482789191254576622e+01 6.914035571902969934e+01 5.514833820590529712e+01 4.962238640486734198e+01 6.091935325328471862e+01 8.030085320838632867e+01 7.372722850621202895e+01 6.516152995055344377e+01 6.087711705425181208e+01 3.704475558337097141e+01 3.780136043742210461e+01 3.997798074200576224e+01 4.227798545963281640e+01 4.464367415310859144e+01 4.708424275983443152e+01 4.960595277845524720e+01 5.225011409567375864e+01
4.163169627051843593e-04 2.000041631696235100e+01 2.777385128362485389e+01 3.194413956476631355e+01 3.194413956476631355e+01 3.721834309331961066e+01 5.721834309331890012e+01 6.200450858824429901e+01 4.807212366707558715e+01 3.145420096788450692e+01 2.689391294336935090e+01 4.661397384648818587e+01 6.085194631894112405e+01 5.762793547158138097e+01 5.723867493455004052e+01 4.918653329940293162e+01 2.969713627160450997e+01 4.357673704631520195e+01 6.272957401153841062e+01 6.578978658855072581e+01 4.607883128109849480e+01 5.593634513185208590e+01 4.135235335972731008e+01 6.093479638500036089e+01 7.745859446040812202e+01 8.136696626985371950e+01 5.933312387777662167e+01 4.467531811706784595e+01 5.204409823983809957e+01 3.488894830854768969e+01 5.488486457105631899e+01 5.420024782564748733e+01 5.387091020157535581e+01 6.486149875998843584e+01 6.139098370251317505e+01 6.405785094438118676e+01 6.399843116502076867e+01
5.883922493566802643e-03 2.000588392249321146e+01 3.535659506674183916e+01 4.430086697675316287e+01 5.194413956476559946e+01 5.721834309331890012e+01 5.489213383907964783e+01 4.648192220371030459e+01 3.400623072662417457e+01 2.057836372803528846e+01 3.982267948310820316e+01 5.318479102525073188e+01 4.066923613509617752e+01 3.504033577741774508e+01 3.421021901277316601e+01 4.389724002709994721e+01 2.528791693054202483e+01 4.493313273373867389e+01 6.257234484555887377e+01 6.354215899804288625e+01 5.593634513185208590e+01 3.644139518426409552e+01 3.657709944314056827e+01 5.027720367867567575e+01 7.001990744711832804e+01 7.076207989809900312e+01 6.261341461532927610e+01 5.204388417020657442e+01 3.207559979605381528e+01 5.204409823983809957e+01 5.487889741296178414e+01 7.448779271727143225e+01 7.420305152229182966e+01 8.260867336245982528e+01 8.175323872084308618e+01 8.490343488161838081e+01 8.398492958736802905e+01
1.256007409845548732e-03 7.072323819275351475e+00 1.601659572927466613e+01 3.015873135300586938e+01 5.015873135300657282e+01 5.360849292908747543e+01 4.322609142225439882e+01 2.643926435175678336e+01 3.596217299481902785e+01 1.705176723115377513e+01 3.581776410026811419e+01 3.808294760401931711e+01 3.215224256385293700e+01 2.029051937460592470e+01 2.124985077233979425e+01 3.526780421192637505e+01 2.114975881332573238e+01 3.521981829275802767e+01 4.374452802314463895e+01 4.223341003494309831e+01 4.534899348139905584e+01 3.060436281701264605e+01 5.005971894681941592e+01 5.605493966971476993e+01 7.582513280804950284e+01 6.164068952187617612e+01 4.499660696429413775e+01 4.908727065394830191e+01 3.016291378430895165e+01 4.422039694425755840e+01 6.439580926743481371e+01 8.339054591119671045e+01 8.756035174976354085e+01 7.942922799917771215e+01 8.756035174976354085e+01 8.320627079221328870e+01 7.737023406304516016e+01
9.594114293757748102e-03 2.000959411429340307e+01 3.535659506674183916e+01 4.430086697675398710e+01 4.731024358967137999e+01 3.287660225416426130e+01 3.188435779456644781e+01 1.488558605589280859e+01 2.837000274359596474e+01 1.363697289268023560e+01 2.713062771070340062e+01 2.936111168175373365e+01 1.042157220077487700e+01 1.116500089231757897e+01 1.191417403305226230e+01 1.564983141753405604e+01 3.370023459343532579e+01 3.451501164029293989e+01 2.218484274032329395e+01 4.149386790980635453e+01 2.524771671318385913e+01 4.067222476213196103e+01 3.703617013734454844e+01 5.105642695349776261e+01 7.083772992273489422e+01 5.581549753777038347e+01 3.583129844146803578e+01 3.902041418830211938e+01 2.827495566940704208e+01 5.193212531720294578e+01 7.098988125084831324e+01 7.907250899637074326e+01 7.797105936827446726e+01 6.043773707085466640e+01 7.797047510942651627e+01 6.345249007339327818e+01 5.768759071252259929e+01
7.711341127313004785e-03 1.415004761760881280e+01 3.415737107601582778e+01 4.133768952415886133e+01 2.742536049267073395e+01 3.128188489790904825e+01 8.878087540911877795e+00 5.943334164760641691e+00 1.402067948922243978e+01 2.558729694017475964e+01 8.644897635515388146e+00 9.375638681905558158e+00 2.083355408257144958e+01 3.088076507395474835e+01 3.188327854216136359e+01 1.300124367563054584e+01 1.377132308370998892e+01 1.455296893845520323e+01 1.533487655079801470e+01 3.530028118523914316e+01 3.726002518701650246e+01 1.818648847092049792e+01 3.503555263785807483e+01 5.588493770475139399e+01 6.472370963242775588e+01 5.227802512732060336e+01 4.411325773153854612e+01 2.560984486917610781e+01 4.560883751975847389e+01 5.500842825975537664e+01 5.187049487982160656e+01 6.785818349510640246e+01 5.986121130666495560e+01 5.076941762652437262e+01 6.863384057951485318e+01 6.051565881259276125e+01 4.357396629179726233e+01
2.297228869525369630e-04 2.000022971934916427e+01 3.069825779667112187e+01 2.258203813234559476e+01 1.328802919268844818e+01 2.397939471099672559e+01 4.957283572519494363e+00 2.496438640126501340e+01 6.932932582638564156e+00 7.632507951510615563e+00 2.767786214229350961e+01 1.640280856466610260e+01 1.570251752086900687e+01 3.037683859908217343e+01 4.072901237524261830e+01 3.314241021401921472e+01 1.825508672590233061e+01 3.451408271528999450e+01 2.472993863750374643e+01 1.644517164563138678e+01 1.728526359342003005e+01 1.815204990881415270e+01 3.763327359040146547e+01 4.758292053493426010e+01 5.093269088696330726e+01 3.693105028415566693e+01 2.420810051752726721e+01 4.129005191595878443e+01 2.726763312995112187e+01 3.669670369524158104e+01 5.255184275656170456e+01 5.155780421564374194e+01 4.002282635403269495e+01 5.955550906883502194e+01 5.760871936524114290e+01 4.042639706640315467e+01 6.051574920250079970e+01
9.647730019007896146e-03 2.000964769842068236e+01 2.124056482549869429e+01 2.598581716826755095e+00 3.285901533521344842e+00 3.975732628159990067e+00 1.397840317649512798e+01 3.312944642218572966e+01 2.935415334010819777e+01 1.096059587136607760e+01 3.122330375157405769e+01 3.860633347731397436e+01 2.821738284550251663e+01 3.942382548123207187e+01 4.481900487154744184e+01 2.493465113216269913e+01 3.819202601787676343e+01 3.949354898341425013e+01 1.959360786976508351e+01 3.642037621148404014e+01 3.726002595209247659e+01 3.810627965516125215e+01 1.938405410352097391e+01 3.934932281559300549e+01 4.148522588163505986e+01 2.281262878476484346e+01 4.274465051645491798e+01 5.028820790955342801e+01 4.699565008483114781e+01 2.893392971440607297e+01 3.011310771616658855e+01 3.130535560174711307e+01 4.924551289082828731e+01 5.449708893437681212e+01 3.736988258620662862e+01 5.760874065273186062e+01 6.077744674621433774e+01
3.582433992925927561e-03 2.000358239515724534e+01 1.628352164258752621e+00 2.163023593726856930e+01 1.662089465194116400e+01 1.559009521000599818e+01 3.172466532516293469e+01 3.030744984507710527e+01 3.470875921281137977e+01 1.438973251288079780e+01 2.867037398823664063e+01 4.955919645117155881e+01 4.399446124097611488e+01 5.640295246563424314e+01 4.978287302264342884e+01 2.993690140143242218e+01 4.978287794130522315e+01 4.773243370541619157e+01 3.949372134933399536e+01 2.281574509294631525e+01 4.269794305813179136e+01 4.750174762389119110e+01 3.916490013456838426e+01 2.063648821508081710e+01 2.153251383756402859e+01 4.148522601207459815e+01 2.616327833194327468e+01 4.603666474621959281e+01 5.659519094563852093e+01 4.761910290712513927e+01 3.658451971596220886e+01 5.064160756914554185e+01 3.303976361650946814e+01 3.444198761798973862e+01 3.645135023563714327e+01 3.853235966059851592e+01 4.070421144794725876e+01
1.813270376062421294e-03 6.748675781462724066e-01 2.067564204368103020e+01 7.074280798011150395e+00 2.697419932659777331e+01 3.446804942750366507e+01 4.250190157777993250e+01 4.443797869409947765e+01 3.843239023809747579e+01 1.803722301281944951e+01 3.843239023809747579e+01 5.312498605535621010e+01 6.504257483820914842e+01 7.285953136678796227e+01 5.527622172596935712e+01 3.546968903663054107e+01 5.527622172596935712e+01 5.674478968680939062e+01 3.687969135145390709e+01 4.269804394499482925e+01 2.617589871862722006e+01 4.605888107467317383e+01 4.871547323269373919e+01 3.221091069123441741e+01 3.566510403771022197e+01 4.838043290480729297e+01 2.854978949748392125e+01 4.285304872620552885e+01 6.351818836972286419e+01 5.946856201122342611e+01 4.318832416391523310e+01 5.924183571945385296e+01 5.380055375996630573e+01 3.688936566169977738e+01 5.672514653534555151e+01 5.040011986919911635e+01 6.077744674616977960e+01
2.372884694381488524e-03 1.883234931532888012e+01 2.864664199663570088e+01 2.708052987729988814e+01 1.285360379242540496e+01 3.285034840823058033e+01 4.744780112346906975e+01 6.435775845969612874e+01 4.703947304038308630e+01 2.967511656445921631e+01 2.393465145923047999e+01 3.837168376220841992e+01 5.927873218397148491e+01 7.257250908311924320e+01 6.153094593054375139e+01 4.175177130790924451e+01 6.153094593054375139e+01 6.499464240779990121e+01 5.674478968660013578e+01 4.847103551242260977e+01 2.857990133224585705e+01 4.847103551242260977e+01 6.031840171685575314e+01 5.206260898223569455e+01 5.532558472849262188e+01 5.081516762433305701e+01 3.099000896410269945e+01 5.081566657236348306e+01 6.280490936271350932e+01 6.872600970263165721e+01 6.069269576729681148e+01 6.871318365766309455e+01 5.412215694031778668e+01 3.970949148906402115e+01 5.992600009001792216e+01 7.012631075504953060e+01 7.836437501687841234e+01
8.175220331382775790e-03 2.000817434598623734e+01 3.815037113274300395e+01 4.113239198314818879e+01 3.285034840823058033e+01 1.918313903954353705e+01 3.916582789107834373e+01 5.525307464217723918e+01 5.905778981805395489e+01 5.040259423418029172e+01 3.566788878889806824e+01 3.105400762297778883e+01 4.295687932458704950e+01 6.398985174061472492e+01 6.976828289883543732e+01 5.059135749093607615e+01 6.976828289883543732e+01 6.619324451541370991e+01 4.635392124015503867e+01 3.227360058666189957e+01 4.847103551208271455e+01 4.008054404500241930e+01 5.154575421528808477e+01 7.138938589232009235e+01 6.140408482659643852e+01 4.159496813936961956e+01 5.081566657236348306e+01 3.474883607318845691e+01 5.455953703944943101e+01 6.304051851276605589e+01 7.129358025135971388e+01 8.219686173444854660e+01 6.816852245056858806e+01 5.412216980377847619e+01 4.402863610669763972e+01 6.402970132288596972e+01 7.668373791704310349e+01
9.124702163186202558e-03 1.003435269675428998e+01 2.434233914827904144e+01 4.460572231530235854e+01 4.744780112346906975e+01 3.075684161574013942e+01 2.702166665769340170e+01 4.697205291261290228e+01 6.517921341421136106e+01 6.516860164723928506e+01 5.655357302867597724e+01 4.295687932458704950e+01 4.073101470149303793e+01 6.175927769288623637e+01 7.863713716143094246e+01 6.455753911385392030e+01 7.863713716143094246e+01 7.352310664169472432e+01 5.484492137220444619e+01 3.496804933085809353e+01 5.484492137212409801e+01 5.993265982188569296e+01 6.818369153178147712e+01 7.966216338540299091e+01 6.966538303294068157e+01 5.148428009284139506e+01 5.898573213289243711e+01 3.919118518641971605e+01 3.963870110282330472e+01 4.325995160534946393e+01 6.304045860143818203e+01 7.690476121677556876e+01 8.221824601154678192e+01 6.891870691933596049e+01 4.900657505779554413e+01 4.947269906067521106e+01 5.695499174489113159e+01
2.239863785106879172e-03 2.000223986378475161e+01 3.723030974658206560e+01 4.877731513037437594e+01 5.917068404249271651e+01 5.080735464949644609e+01 4.048480407799085157e+01 3.698593844851102830e+01 4.692731275208770825e+01 6.686426197695433871e+01 7.257250908311924320e+01 6.398985174061472492e+01 5.286084113386790051e+01 5.560605031691017786e+01 7.661448267627697817e+01 8.444096215598729316e+01 7.664165574347593690e+01 5.703082997282244548e+01 4.582076755930397383e+01 3.774867288199176585e+01 5.759745189864298709e+01 7.051503992771495177e+01 8.198596134743843322e+01 8.761471067612640695e+01 6.766261106382341950e+01 6.577462435971612820e+01 4.598177297730568114e+01 5.898573234367749762e+01 5.361898524227370189e+01 6.304051877338687149e+01 4.884729002122700336e+01 6.280956904839873545e+01 8.270993650588006574e+01 7.414650983263848616e+01 5.418749111298610188e+01 6.922697276695778612e+01 5.575287719345165982e+01
1.766589122093755728e-03 8.946038499121172549e+00 2.049304388291348289e+01 4.049304388291277235e+01 4.934280042243972986e+01 5.759824162427934624e+01 5.874717647458911784e+01 5.689093754968274652e+01 6.517921341421136106e+01 6.686426197695435292e+01 8.688795321680032657e+01 8.242834304483493213e+01 7.391476808646947916e+01 7.661448267630696307e+01 8.510887152444148285e+01 9.014145772439466953e+01 8.490109448257821612e+01 7.352310664169472432e+01 6.487482694795218663e+01 4.483476692577417566e+01 4.246382401809287188e+01 5.388805698955395940e+01 7.370698342995081020e+01 8.712410217445864191e+01 8.761471067612640695e+01 7.089048735473426177e+01 5.107683517355038560e+01 7.089048735473426177e+01 7.345593772450224890e+01 7.296323603759370258e+01 5.314563850610881701e+01 6.454270623772664806e+01 8.446548995430053708e+01 7.982584724660854647e+01 5.969011615026222017e+01 7.982584724660854647e+01 7.268019619693967570e+01
