LEM/sinusoidal_perturbations/elevation_000229.asc
nrows	100
cellsize	150.0
xllcorner	0
ncols	100
yllcorner	0
NODATA_value	-9999
[rows 68 to 84 of 100, columns 0 to 36 of 100]
5.009162696260268353e-03 2.000500916269590590e+01 2.779189652007489642e+01 2.601293135727842909e+01 1.818275544517984699e+01 3.235611010039727375e+01 5.246265428753466153e+01 6.216882789525138264e+01 6.440407652527512994e+01 7.087423347314782518e+01 6.247835338039377717e+01 4.231178285319171550e+01 3.035870967706714652e+01 3.539102061201305105e+01 1.871775850264787167e+01 4.002982123710872742e+01 5.907725390631799911e+01 6.702278203732878126e+01 6.777984845814823700e+01 5.360428268901318205e+01 6.094132827494461679e+01 6.019584234157900227e+01 6.857225957576027042e+01 7.584392545592649526e+01 6.839339870978555780e+01 8.272970414688167295e+01 9.504603807477727173e+01 8.673699980322960812e+01 9.196814353121114038e+01 9.249026660574914160e+01 8.086498245497821813e+01 6.662897443064933611e+01 5.664092710163571809e+01 7.678381220669324136e+01 7.823550559335161836e+01 6.458993621512387051e+01 4.465835525163556952e+01
4.695337527364121070e-03 2.000469533752700713e+01 3.829188539392484358e+01 4.607038603188624393e+01 3.824519176067624215e+01 2.549122314420703361e+01 3.367966511477837344e+01 4.533677020312331507e+01 6.572300390497144917e+01 7.588748895366092029e+01 5.673926450614825967e+01 4.424833823261389654e+01 4.451831885464602578e+01 3.889911279222058482e+01 1.913706070286990979e+01 3.705125257018497109e+01 5.226733297425619185e+01 5.039253048474282082e+01 5.527614689039565121e+01 3.983799538510455562e+01 4.034703692220225690e+01 4.025458660452990500e+01 6.020671659082935889e+01 5.548464864502627591e+01 5.396130365852413036e+01 7.433762823568420686e+01 8.336847062746056736e+01 6.644195651916889744e+01 7.173447672633089667e+01 8.600063315387953367e+01 9.510099047930704330e+01 8.511994312252042505e+01 6.826831748093445640e+01 8.511994312252042505e+01 7.354734590761680124e+01 5.351796893288707935e+01 6.458993365353884997e+01
7.614146464036155443e-03 1.000761414646394876e+01 2.414974977019464930e+01 4.414974977019393521e+01 5.274269499721374643e+01 3.257832776864762536e+01 5.274269499721374643e+01 6.238697659545164242e+01 7.414987902396963193e+01 7.475158042155877069e+01 6.414003403861063646e+01 4.447416172449739946e+01 3.076317550683683777e+01 2.963336050463823668e+01 1.955449877439863826e+01 3.992607383785426123e+01 4.670649660401313241e+01 2.174275326051212076e+01 4.234294829641446967e+01 4.308703993942561539e+01 2.696084170502675548e+01 4.620236876236911883e+01 5.186281803016242264e+01 4.111742014972117687e+01 6.144768157562499766e+01 7.799088849963263215e+01 7.426559337635370639e+01 5.458264540608917059e+01 5.725577363147887411e+01 7.173447672633089667e+01 9.196814353121114038e+01 9.674584508249505177e+01 8.841619432787220489e+01 8.423828723433437915e+01 6.423736744099470286e+01 7.354734590761680124e+01 6.752231807956464138e+01
2.352828262072654761e-03 2.000235282826171712e+01 3.181051603868476363e+01 3.888158385055071165e+01 4.716585509801291209e+01 5.274269499721374643e+01 4.682483113067060998e+01 6.702968220409984212e+01 8.039903811952015644e+01 6.117103442919962220e+01 4.705312658504099943e+01 3.885542006981175689e+01 4.803636915807694407e+01 2.434491195905338046e+01 1.997006511883974156e+01 4.037223505765081910e+01 2.114069495363389706e+01 3.312286031909660267e+01 2.234966300533567107e+01 2.278079042229336437e+01 2.321528710103608617e+01 4.341860144735369431e+01 3.171273288136638158e+01 4.585525772201692973e+01 6.619362323448913799e+01 5.763643700709680218e+01 6.587994429796259510e+01 4.544474880347109291e+01 5.991266515311652796e+01 8.028623055472029080e+01 9.251028211678205082e+01 9.838652007707138125e+01 1.037121198520270866e+02 9.252223219549587441e+01 7.839894489603780414e+01 8.423828723433437915e+01 8.177322384817655632e+01
6.786455232800275850e-03 5.780289147129082039e+00 1.181051603868440836e+01 1.888158385055000821e+01 3.042858923434272711e+01 5.042858923434343410e+01 6.702968220409984212e+01 7.537154317075793131e+01 8.597337236687542372e+01 6.680278632138788453e+01 5.516668113255523309e+01 5.874002149146964769e+01 4.829804380642557504e+01 2.944502894974106866e+01 2.064725132961035925e+01 2.055014987391480474e+01 2.902245057929459549e+01 4.044738451565528692e+01 4.254703918839249610e+01 3.773088793260610174e+01 4.350137619889145668e+01 2.383787056157747131e+01 3.050655801084559471e+01 5.034354745693384814e+01 6.025773077255432497e+01 4.326696796514722365e+01 5.417296462739760443e+01 4.043418638759105477e+01 5.479748427287950108e+01 7.519283920389931097e+01 7.227463265899937994e+01 7.820151716347001525e+01 8.358884505981265534e+01 1.037121198520270866e+02 9.833570670278940895e+01 1.042003886193019895e+02 1.018815813240679518e+02
3.257643153035955173e-03 2.000325764315267918e+01 3.181051603868476363e+01 3.888158385055071165e+01 4.716585509801291209e+01 5.871286048180562744e+01 6.061570816764938030e+01 6.894177776884244224e+01 7.626506548784057316e+01 8.258665444103145603e+01 7.463956279485043410e+01 6.110819109378849134e+01 4.300577779329100991e+01 4.532729237476439010e+01 2.542325838757706791e+01 2.502046918045242307e+01 4.155780935520616026e+01 4.006079810724362744e+01 5.485467345333437805e+01 5.939600731697845504e+01 4.957783050791969259e+01 4.391785972082587364e+01 2.446659393370793367e+01 4.472227924944965594e+01 4.870209702866557677e+01 3.176758973401779684e+01 3.400843130707789186e+01 5.417296463346434621e+01 6.338298731711665113e+01 6.906491193903640635e+01 5.777583552292167468e+01 6.698209638156239976e+01 8.728101350786525359e+01 9.439799435578248676e+01 1.026824153700193705e+02 1.080359627311471939e+02 1.147053332379039858e+02
1.880098487986705483e-03 1.414401572221906278e+01 3.414401572221976977e+01 4.580044381165959066e+01 3.746364666608493366e+01 4.579626532667629135e+01 4.053898971109556726e+01 6.061570807956355367e+01 5.604580248789999786e+01 6.459146856782257373e+01 7.297873493529043287e+01 6.896604802205729357e+01 6.110819087466425970e+01 4.966193145949795706e+01 3.032647123150665180e+01 4.438048914096485476e+01 3.163107893659283931e+01 4.765454470537394371e+01 6.154230525824213061e+01 6.105996114442491773e+01 4.069634540104895848e+01 3.089129695373876672e+01 2.491227944620495549e+01 3.051705676173676096e+01 2.868023571090334300e+01 4.870272672429739913e+01 5.417296463346434621e+01 3.783312319307597704e+01 4.297269535283986386e+01 4.858168407027502411e+01 6.906491193903640635e+01 7.389518327814755594e+01 7.831377587219905934e+01 7.423199447798566553e+01 8.798302745441048955e+01 8.798302745441048955e+01 9.469722171763383756e+01
2.900726248362994839e-03 2.000290072624800786e+01 2.529373824290661332e+01 2.801991725108707598e+01 1.743047164911000024e+01 2.637699094889097040e+01 4.157461669893962153e+01 4.585166257085560204e+01 4.182976248331799951e+01 4.443845442983108995e+01 6.459146856782257373e+01 6.714727051180960871e+01 4.834481124048304679e+01 3.753994573544854774e+01 4.966193146511818668e+01 5.438235710142012636e+01 3.641260066285231289e+01 5.437548590857233677e+01 6.862317732235948142e+01 6.964201852784030677e+01 5.783179566095483182e+01 4.929152257098033374e+01 4.508600829671723176e+01 2.554357564005979597e+01 4.567761915255690752e+01 5.709490420058519078e+01 6.651833961821803598e+01 5.811234986702805116e+01 4.258617199604788794e+01 4.613530237336968298e+01 4.984605073289980481e+01 5.373137127260580570e+01 5.787421381913248553e+01 6.240228744058419608e+01 6.773554086888944425e+01 7.455463892796414882e+01 8.467191873066516905e+01
5.081304048347549951e-03 2.631209961250180029e+00 5.280274675570900023e+00 8.001929948168275075e+00 2.801991703509951392e+01 3.578713444663233645e+01 2.152619063805563471e+01 2.579054054564040754e+01 3.026360187149430558e+01 5.034113560950046917e+01 6.772264331742081822e+01 7.531197458926796173e+01 6.164456908268859081e+01 4.310156744864136158e+01 6.164456908268859081e+01 6.192181617259443271e+01 5.438250645043181208e+01 4.401662819270100613e+01 5.652075131518514439e+01 7.485827203653026629e+01 6.770175927529615478e+01 4.795515704263377899e+01 4.609939914231908631e+01 2.599771538526787396e+01 4.609954195331329885e+01 6.144275057005761909e+01 6.986360465582328061e+01 7.138579261908097351e+01 6.298939564808447500e+01 6.660834420914706300e+01 7.035196528025188911e+01 7.422585122248909784e+01 7.239509766905992194e+01 7.685543621622309729e+01 8.210093734952143052e+01 9.469722171763382335e+01 1.029783948758385890e+02
4.469920835086939326e-03 1.865158227849327588e+01 2.526233242158848213e+01 2.801991738497830298e+01 1.241919261483173820e+01 1.575253060184175524e+01 2.391837707534234170e+01 4.397536627969456902e+01 5.034113560950046917e+01 3.921771869173163338e+01 4.924876279668044532e+01 6.943157506630601006e+01 6.789440947178498220e+01 4.914488830449562329e+01 6.789440947178498220e+01 7.448996770434601444e+01 5.649251168405104551e+01 5.420938449146321148e+01 6.946984612137191561e+01 7.494975610907576424e+01 6.055495884874812162e+01 4.803812695238185881e+01 2.895041114754708289e+01 2.645075356666680833e+01 4.597387989977573852e+01 4.120733032601166457e+01 6.147115442129786800e+01 7.850514093079414124e+01 8.280942416002493189e+01 7.693757010802157481e+01 7.913499783229731577e+01 8.740534920206837910e+01 9.260277869801676331e+01 9.699831526796708658e+01 1.021836491607344755e+02 1.042431977428781380e+02 1.102678511710311966e+02
2.324776005098761877e-03 1.479732116581111434e+01 3.582639021191923945e+01 4.054400580137846788e+01 2.398905125239908287e+01 2.990465125409608760e+01 3.578713477656224029e+01 3.808205385612208005e+01 5.820308105998508097e+01 5.080602922288674250e+01 6.772264331742081822e+01 6.943157506630601006e+01 7.609170704111146222e+01 5.818478622761299590e+01 7.609170704111146222e+01 8.244711332309772445e+01 7.448996662293941995e+01 7.208342957648243043e+01 7.999800729430235435e+01 6.507295734779187057e+01 4.620821213688550699e+01 3.239248985599621733e+01 4.803812747102401204e+01 4.652193142320501806e+01 2.709398897904971548e+01 4.712341832633192240e+01 5.590796501852406664e+01 5.892620742474427686e+01 6.255233663280119316e+01 5.659378740624370607e+01 5.882547684046715375e+01 7.809641411250257192e+01 8.819608581829365335e+01 1.035127067645447596e+02 9.499343078563362042e+01 8.356009005044784033e+01 8.961803203754911351e+01
8.699724428260374037e-03 1.417346421780324128e+01 3.444834068326402132e+01 5.213921268688559962e+01 4.437576207014907936e+01 4.998870646493302417e+01 5.589831374450886869e+01 5.820308105998508097e+01 6.658081038970397003e+01 7.099802057289511481e+01 7.939338067776421326e+01 8.970199195449626473e+01 8.588532723583722372e+01 7.760403271595704666e+01 8.588532723583722372e+01 9.139645401190942664e+01 8.233585183266555418e+01 7.399064717728495566e+01 6.751778690534061411e+01 5.667024213407530198e+01 3.649960824567434514e+01 5.215995126712050478e+01 6.055491970917432099e+01 4.341132513295891471e+01 4.712417201531452093e+01 2.773096247303523754e+01 3.915739120909843507e+01 5.635487371222161812e+01 5.534233774603890055e+01 4.215937278576872416e+01 4.932976059540696667e+01 5.962990050424984645e+01 7.993812756359213267e+01 9.499343078563362042e+01 7.420586855194117959e+01 6.876976721395067216e+01 8.885928765817956787e+01
2.249585233037712084e-03 1.414438520896411333e+01 3.414438520896597851e+01 5.356680254638491334e+01 5.568996073096863597e+01 5.570935554294854342e+01 6.166061860907169034e+01 6.781642573522449879e+01 5.949502121948236066e+01 6.433747740652161440e+01 7.263259271989873866e+01 7.538642694418190615e+01 8.362341820318248153e+01 9.435276049304388835e+01 9.733719310303933980e+01 7.718737107553842236e+01 6.274431999500872337e+01 5.352166603641327214e+01 4.704893975908710502e+01 4.124616827291919208e+01 5.069802489190040973e+01 6.507295734779187057e+01 7.202941504692741148e+01 6.365068403038841893e+01 5.463103331535107543e+01 3.670934023788632317e+01 2.835942609235476652e+01 4.799788002397411191e+01 3.522458355872313263e+01 5.534233775062444494e+01 6.978401403390060409e+01 7.809641411250257192e+01 8.819608574148692526e+01 9.499343078579802579e+01 7.420586855194117959e+01 5.926219133743265388e+01 8.029440456585237484e+01
2.739267172789772273e-04 2.000027392671648130e+01 2.528253130716789698e+01 4.528253130716482389e+01 3.543589114404654339e+01 3.543729458081484296e+01 4.137455156187292005e+01 5.608646721919120637e+01 3.917764151879190848e+01 4.404015308884630286e+01 5.883130097545139847e+01 5.511062131873752890e+01 6.603188161011463819e+01 8.335625781863163297e+01 9.491957575465424668e+01 9.139650100103280295e+01 8.233586874741219219e+01 7.399064717728495566e+01 6.607412503243787683e+01 4.561207494203617330e+01 6.607412503243787683e+01 7.944788980369850151e+01 8.363322227599576308e+01 7.358389032908928584e+01 6.359560868889540330e+01 5.488556368262766227e+01 4.831215988999087330e+01 2.897796368647826881e+01 3.605365811623600081e+01 4.467373881966074123e+01 5.909963999440764582e+01 7.954044489345497482e+01 8.715194576183253616e+01 8.648061087415482007e+01 7.467330913825595928e+01 5.345069020652849900e+01 7.467330913825611560e+01
8.327778614586212741e-03 8.952599688613664952e+00 2.895259968861330790e+01 3.044422316616990543e+01 2.125569986670359768e+01 2.125575158718538660e+01 4.135846662148993147e+01 4.162664586321044169e+01 2.755475177269875076e+01 3.289645409410202603e+01 3.848372216776784427e+01 4.566556402911094636e+01 5.480284220113947669e+01 6.659534707782620444e+01 8.675629271079159821e+01 9.976876557822633629e+01 7.964148903876501606e+01 6.522663156423399755e+01 5.334173267972111177e+01 5.744613888349448416e+01 7.445574528243001566e+01 8.954176322845816571e+01 6.943965253521302827e+01 5.520941977859210681e+01 4.521259465379749543e+01 3.715791550634445883e+01 3.371818166303188491e+01 4.856269218963959844e+01 2.959380956695347109e+01 4.394558675874633025e+01 6.621454711925608194e+01 7.056639096023322111e+01 6.683910111291349665e+01 7.159200094541907333e+01 5.670339123080366761e+01 4.808709153327700392e+01 6.063159583676548436e+01
6.510866554257996840e-03 2.000651086655390287e+01 2.420346395425629638e+01 7.411331843422902743e+00 9.751311609942536762e+00 2.974013713718287732e+01 3.594155510711492951e+01 2.156566962242426655e+01 4.167024388462935747e+01 4.766081078627573220e+01 5.220111775525050035e+01 5.729319328412421441e+01 6.318443467766304167e+01 6.998760660275254963e+01 7.835687315080758708e+01 8.849652978900643063e+01 8.467324393828135953e+01 6.435118724455665529e+01 6.522663156423399755e+01 7.786017329539484422e+01 8.619063784280402274e+01 8.385539945394404526e+01 7.552060279585822400e+01 6.317369520953393192e+01 4.285034629360238512e+01 5.727264365666931667e+01 5.358745589095039463e+01 4.829176681727297904e+01 3.002482560987973770e+01 5.020364728050202530e+01 6.480030180254652805e+01 5.081203816155936437e+01 5.295926251879899382e+01 6.290986622339120515e+01 4.127519367748730161e+01 6.290779226981460681e+01 6.847451295029330254e+01
8.953482861371391335e-03 2.071795975452208172e+00 4.145699366485621873e+00 1.906125269368667929e+01 2.872430435795844517e+01 1.336517163667511454e+01 1.595772368565529042e+01 1.957880854469630094e+01 2.338701429844371660e+01 2.743447601166663574e+01 3.189624771256310609e+01 3.692489116862945764e+01 4.277657585113885119e+01 4.957809082748372020e+01 5.981724991791219281e+01 8.015796328759317646e+01 9.297614987757266647e+01 7.458536752550274684e+01 8.553663185035635763e+01 9.383710978340556608e+01 8.981841463889387001e+01 6.959825521821409211e+01 5.511623336996458278e+01 4.921630369517818337e+01 6.317369520953392481e+01 7.058930377309830817e+01 6.027143286139053657e+01 4.153174280555441555e+01 3.045166195487172800e+01 5.044719688334902230e+01 5.147261402443874090e+01 3.836312217818367998e+01 5.576913915105444630e+01 5.809040444068791231e+01 3.717586596661494980e+01 5.435735494340208618e+01 4.980020865537586872e+01
