LEM/sinusoidal_perturbations/elevation_000052.asc
nrows	100
cellsize	150.0
xllcorner	0
ncols	100
yllcorner	0
NODATA_value	-9999
[rows 34 to 50 of 100, columns 37 to 73 of 100]
1.183167412657340662e+02 9.886753946091145906e+01 8.539206180482626962e+01 9.431620464511658497e+01 8.168595281375274908e+01 9.413964912047272549e+01 8.578932291903545604e+01 1.051413125475083490e+02 1.184480808361976472e+02 1.102927707868526710e+02 1.184480815399756608e+02 1.305592557182641542e+02 1.109443048265801082e+02 9.730466087032793610e+01 8.779599013387395701e+01 9.739650801704732430e+01 1.054637548999215966e+02 1.041024551096264190e+02 9.592437240804331111e+01 8.573864652223410587e+01 6.708914845103552693e+01 8.573958246311612186e+01 9.335695900249670842e+01 8.158052782665393465e+01 9.238348031744492062e+01 1.116174272926375295e+02 1.297708128617119883e+02 1.095340326455213358e+02 9.556522504380751570e+01 1.055132366926346350e+02 1.037358173007046389e+02 8.465973001743353166e+01 1.037273342854042966e+02 1.183757674642512256e+02 1.109478416841452599e+02 1.001899450860746583e+02 1.117255773629041329e+02
1.068395109051134568e+02 1.126999652504625260e+02 9.431620464511658497e+01 7.532432883294529802e+01 7.402223692246042219e+01 7.475211739777093101e+01 8.153819737974242798e+01 1.035446359968000394e+02 1.088899692234482188e+02 9.141366122686459050e+01 1.088899698692756601e+02 1.209901871643789235e+02 1.248737055205712068e+02 1.151265763090603400e+02 1.069970259002206063e+02 1.151265763090603400e+02 1.151592867543129444e+02 9.608727713100076073e+01 7.668479021231375725e+01 6.961669168237000349e+01 6.770825403524705166e+01 8.627394103494822275e+01 7.471278203382124161e+01 8.770503093404695960e+01 1.063852897717233219e+02 1.197520134086839363e+02 1.197440322554857062e+02 1.166495330415449558e+02 1.055131432952426849e+02 8.599207236157897682e+01 9.741481559169241677e+01 8.181215430445119807e+01 1.004351677254272914e+02 1.107177870806862501e+02 9.156960026343435288e+01 1.108695231819897487e+02 1.034710092234804222e+02
9.836810810821231144e+01 1.104539009401901524e+02 9.116329374624032766e+01 7.777710034606354839e+01 6.690274867716755125e+01 8.278536053259955452e+01 9.886453338775905308e+01 1.077129707549734405e+02 1.007438710978396443e+02 8.234272388905935713e+01 9.403536354230752181e+01 1.114278267903041666e+02 1.158558315325848014e+02 1.077596673348609499e+02 1.158558315325848014e+02 1.207456309708968121e+02 1.013539924699373529e+02 8.807390583233375025e+01 9.592514486031836896e+01 8.973577938780680086e+01 7.721985978084441626e+01 6.858800962263617862e+01 8.691344372665572848e+01 9.631863718306875910e+01 1.083539246505156086e+02 1.141242063993724685e+02 1.001535240839618979e+02 1.029253894450617963e+02 8.929359380505626120e+01 9.439286468118804407e+01 7.820697731467512881e+01 7.901259380495899620e+01 9.717295028217692732e+01 1.002015555874196622e+02 8.668635744627691508e+01 1.019895347321467085e+02 8.426232045629332390e+01
9.513940169657648482e+01 1.071847636856671215e+02 9.840751221739665766e+01 8.255568158955458102e+01 6.363585185005516820e+01 8.255568158963752978e+01 9.840751308436308875e+01 9.821290886626658789e+01 8.588588325347947716e+01 7.602346546808162486e+01 8.508149937852815015e+01 1.034072935204575856e+02 1.063062885796854147e+02 8.884564521567509132e+01 1.063062885796854147e+02 1.188119130366938236e+02 1.151536767691558083e+02 1.070336718885503728e+02 1.122568670052641551e+02 9.516405172408364876e+01 7.662310343897650000e+01 8.635670298134209588e+01 6.947266351415250085e+01 8.007936738603432048e+01 9.995439166053807867e+01 1.059009393929961931e+02 8.668732202467394643e+01 9.362088043579291252e+01 7.620103093272231831e+01 7.706052741847921084e+01 9.375835328725381146e+01 9.775041926357341993e+01 8.020307115879766968e+01 8.380916675638229663e+01 8.238540455918857219e+01 8.311958832728417690e+01 9.424548413761210952e+01
7.767977334279294155e+01 9.871856119712475675e+01 9.036886924446655200e+01 7.141479858707387507e+01 6.047944665078323823e+01 7.141479858707387507e+01 9.036886924564626611e+01 8.998727873938422306e+01 7.376437866669972721e+01 7.068897812217585397e+01 8.310641382165883329e+01 1.013312570857842871e+02 9.830265627526802064e+01 7.975758751342272035e+01 9.174626632845850338e+01 1.023479927381059724e+02 1.104284710872710349e+02 1.175866825495088932e+02 9.916583555866162669e+01 8.621249935421866439e+01 9.439852276968117906e+01 8.851655580810358970e+01 7.009409137220012553e+01 8.861057287056453902e+01 9.960449571289905180e+01 9.167590188858915212e+01 9.252197643103450275e+01 7.490911341475850804e+01 9.369888694456375333e+01 8.185842016857473880e+01 9.608363780565461809e+01 9.180737041069417614e+01 9.943463881757860179e+01 8.133816226957999618e+01 1.010126540352474223e+02 8.984389250323266651e+01 1.083115843625228933e+02
8.798881321455993998e+01 9.094323023833709385e+01 8.997280885281357143e+01 7.099643901511802824e+01 5.755952401189416179e+01 7.099643901511801403e+01 8.997280885221786662e+01 8.242301208812700963e+01 6.472716372078670588e+01 8.242301191984206810e+01 9.621679183214821762e+01 1.067757127124716874e+02 9.174614281904834456e+01 7.336968252307487148e+01 8.902068105674806020e+01 8.350235888741075030e+01 1.023473702537830121e+02 1.182185274250747540e+02 1.035208380516486528e+02 1.045607924503770079e+02 9.930393319160882015e+01 8.259276418034872336e+01 7.070975342702273281e+01 8.918953727494596251e+01 9.055712033005801231e+01 7.299016653779207786e+01 7.364471450392127849e+01 9.252197643103873759e+01 1.017604257771342162e+02 1.059376917547093200e+02 1.106679197716421612e+02 1.036191167885253890e+02 1.035122577298537863e+02 1.136770985356690034e+02 1.157069903390215870e+02 9.923786482985791224e+01 1.168310984294511456e+02
6.676457468453165234e+01 7.159715296423755149e+01 8.674367907320245763e+01 7.382820242962334589e+01 5.476901895177346091e+01 7.152774855104928520e+01 8.645575078032373995e+01 7.892054066987279271e+01 6.104914949197416973e+01 7.367947713302896773e+01 9.157358734178042425e+01 9.346385728213994071e+01 8.015200184726201371e+01 6.808750737968348687e+01 7.049229000054235428e+01 7.875768681048059250e+01 8.999759621104733753e+01 1.105223528023524295e+02 1.207344259797686590e+02 1.120419548239782159e+02 9.218131730331494111e+01 7.882385816915828514e+01 8.560769365580019041e+01 7.157147471493200896e+01 7.217365570773648642e+01 7.304612236816777227e+01 8.281948458563867632e+01 9.854585218248216449e+01 1.045483758791191917e+02 1.127804676039401812e+02 1.251342403245698023e+02 1.207193235338611572e+02 1.229585834809565057e+02 1.306093233722503442e+02 1.264531573901195287e+02 1.181361652136807265e+02 1.264531573901195287e+02
5.216332232817253356e+01 6.027990026688034675e+01 7.362947025386009159e+01 7.118383982102176333e+01 5.204139705788583825e+01 6.048213527797853573e+01 8.257628601149548331e+01 7.563134728480540048e+01 5.755111520728375751e+01 7.563134728480596891e+01 8.226152802301083966e+01 8.418082711590682266e+01 6.720748295840141395e+01 6.292324168947861551e+01 8.135087521702320146e+01 9.695001475896350485e+01 1.060121208802173385e+02 1.019695041644415454e+02 1.102856692414312505e+02 1.114730619038319475e+02 9.213022609919900674e+01 8.959782971767464232e+01 8.963938006142899440e+01 9.003401754357599884e+01 7.864675665616516653e+01 9.150353235738484159e+01 7.425408650108717268e+01 8.987512909527210070e+01 8.521592611990065791e+01 9.649483800338266803e+01 1.171233488018745987e+02 1.281769188952267200e+02 1.281769188952267484e+02 1.364201013233046353e+02 1.428635076989254173e+02 1.345813309737227428e+02 1.345813309737227428e+02
4.337493887685232608e+01 4.967861179496020441e+01 6.518886249634235242e+01 6.510351152993297319e+01 4.944997432452717590e+01 6.862455147036669700e+01 8.358691138729582804e+01 6.964546614500073929e+01 5.414030047804958201e+01 6.853300203889122599e+01 6.372464774567544055e+01 7.202042134049290212e+01 5.784724349178367220e+01 7.099884476175134296e+01 8.759218075742383292e+01 9.881330698160837755e+01 9.067747083692303534e+01 8.241112872041834692e+01 1.019695041644415454e+02 1.196755255148852797e+02 1.114730619038319475e+02 1.030794945539772129e+02 1.084884499623816225e+02 9.078220103652456885e+01 9.078444940955751008e+01 1.007077195147200968e+02 9.279258804284344819e+01 7.544805988017284903e+01 9.407392893328321293e+01 1.127804676039401812e+02 1.225184972202858802e+02 1.086168931172671677e+02 1.086168931172671819e+02 1.281769188952267484e+02 1.345813309737227428e+02 1.149219852562616779e+02 1.149219852562616779e+02
6.210362153623077575e+01 4.292234857865713593e+01 4.821680543695509868e+01 4.586470983526572098e+01 6.508205753526848980e+01 6.860535009344569346e+01 7.210370989435658373e+01 7.191707334020428277e+01 6.633259734987070999e+01 4.936572997624386971e+01 5.024113192235410708e+01 5.326650356175632339e+01 6.421696710684490483e+01 8.268013785244411906e+01 9.736280947280623366e+01 9.067747083692303534e+01 7.154192313095346378e+01 9.067747083692303534e+01 1.019695041644415454e+02 1.219926521168390963e+02 1.151514597283004804e+02 1.225527975243403631e+02 1.181740489933123257e+02 1.039144451625559356e+02 1.097647097472749209e+02 1.120398733255904773e+02 9.499006851401742324e+01 7.629577096693645899e+01 9.499007136855622946e+01 1.093822918865636069e+02 1.057091780616491121e+02 9.503359213083689383e+01 1.086168931172671677e+02 1.281769188952267200e+02 1.321629546753115960e+02 1.206292850654371165e+02 1.013857564388585217e+02
7.000091118488265352e+01 5.609308056407176224e+01 4.247196458197744562e+01 6.066176089676829974e+01 6.007446818667278166e+01 4.123685091307007866e+01 4.120901060697276108e+01 5.774834569944648877e+01 6.222097223447960346e+01 4.609912748864638132e+01 6.520801274175533990e+01 7.202042088589942637e+01 7.977758859879732256e+01 9.051283682959837051e+01 9.461332407625771168e+01 8.487944773714819746e+01 6.591494994975805355e+01 8.487944773714819746e+01 9.699757704692436278e+01 1.052003067637817253e+02 9.536403385487800222e+01 1.094498751007743635e+02 1.194210400811116699e+02 1.241055147544217618e+02 1.189339137067117349e+02 9.910935012896283069e+01 7.710614946656123436e+01 7.715267170800930785e+01 9.591341814625121742e+01 9.183793447328667980e+01 8.652388756452290863e+01 1.056688719628849924e+02 1.212301554640566650e+02 1.292223650480099764e+02 1.188943456158692129e+02 1.051516735174717780e+02 9.543246177245754325e+01
8.258072880004715444e+01 6.952824220855747228e+01 6.019809734187126082e+01 4.202218351951174213e+01 4.169758074384841962e+01 5.004441944881195781e+01 4.077937947749702374e+01 5.783233113504363132e+01 4.314136350048670465e+01 6.221171753353377198e+01 7.282282058032723171e+01 8.141727950822674131e+01 8.876323129189898964e+01 8.785100526730610682e+01 7.981769648293446551e+01 6.750241872953102984e+01 6.084449344525750547e+01 7.979149890241579612e+01 7.780179597593624408e+01 9.147433153137417605e+01 8.179866747766679680e+01 9.131707790887161025e+01 1.051393510290536710e+02 1.252677892791914758e+02 1.199625122883584680e+02 1.001985690315821813e+02 8.671790148744850057e+01 8.741038923379447567e+01 7.837660152036241357e+01 7.925923693130866354e+01 9.820903128527412207e+01 9.483238521433081303e+01 1.084433416706471149e+02 1.154346373681786559e+02 1.016469903473805658e+02 9.164870805336309445e+01 1.108511983995018824e+02
7.186345038452139988e+01 7.882895893043627211e+01 6.447240995627490179e+01 4.346737235695585611e+01 6.077488628800223580e+01 6.091795777136434964e+01 5.575534013387043331e+01 4.031030437511972053e+01 5.614322016494669043e+01 6.305639579284709839e+01 6.824737425455695927e+01 6.315489453617837512e+01 8.141739198963594504e+01 7.680900902824983234e+01 6.080332751460673535e+01 5.394136663073975058e+01 5.817184667810087717e+01 6.247187028897180738e+01 6.731909600238164160e+01 7.246277929384864080e+01 8.577148828194421526e+01 1.052422130482360245e+02 1.127694542660332360e+02 1.210349311712405864e+02 1.221189787025865314e+02 1.025525989458558911e+02 1.061360799585892636e+02 8.883510823946993185e+01 9.725069673836620154e+01 9.820022193601110416e+01 8.055750224003826077e+01 8.149743948596730547e+01 1.006040687551932535e+02 1.039484037971330253e+02 8.764918873452879211e+01 9.572081564661351649e+01 1.058484784117733142e+02
5.164314116591644677e+01 6.644365670208523511e+01 6.493515839338218143e+01 6.411444121066345758e+01 7.181808263692536798e+01 6.874583821361513003e+01 5.276996364512027782e+01 5.629596726365973325e+01 3.984519930492417927e+01 5.819457861459830639e+01 4.967532108399857549e+01 6.846269271306536552e+01 7.272524849733359531e+01 6.487809079900989673e+01 4.945191922199433066e+01 6.883998560157399993e+01 7.710816293293795809e+01 8.132428743422536854e+01 8.620032387271980667e+01 9.147433153137417605e+01 9.823852869227664542e+01 9.677970704586782347e+01 9.318579452121939255e+01 1.123259983688274559e+02 1.237502029592101422e+02 1.221189787025865314e+02 1.162697218640007719e+02 9.827557767084425677e+01 1.099151517436391714e+02 9.062338644194142034e+01 9.960303170879416257e+01 1.006040776774713947e+02 8.285974300901106915e+01 8.404106330258208857e+01 1.039484039772155342e+02 1.144680774894136874e+02 1.232495158601503960e+02
4.258260157103548948e+01 5.766759043760892212e+01 5.561677074687715105e+01 5.828022309754460650e+01 6.942125481384758245e+01 7.729680725096355332e+01 7.079161787740522982e+01 6.631575267893438763e+01 5.727903654178381032e+01 3.937859399054909915e+01 5.308569765082135916e+01 5.953751450464491057e+01 6.097002755732741974e+01 4.538770832583600168e+01 6.487809079900989673e+01 7.681104958963830143e+01 8.132541500332902729e+01 7.608456238165472030e+01 7.888485456032600496e+01 8.174144764793351214e+01 7.909554724103701062e+01 7.768372918123910154e+01 8.473528163437741512e+01 9.577348083227164466e+01 1.154677210937576888e+02 1.264871468064737599e+02 1.261110461090971029e+02 1.120873951119539669e+02 1.180592768070766141e+02 1.016968925561138661e+02 1.180431405614564113e+02 1.100730722886314936e+02 1.020336951179208427e+02 8.437265004792119782e+01 1.036366385193178417e+02 1.158830066353095845e+02 1.355352114589376527e+02
4.399523372482315864e+01 4.774112460451926410e+01 5.007559141975666250e+01 4.190469203722539504e+01 6.000351164030419682e+01 7.046050684537179620e+01 7.176199993002217070e+01 6.488892756313256882e+01 6.074383998004179119e+01 5.733245163586273208e+01 3.891043974136926664e+01 4.038131497850189078e+01 4.179043696830640897e+01 5.727887089677496135e+01 7.037134933541572934e+01 7.916469744156793809e+01 6.499372280630430510e+01 5.718686535750605771e+01 6.009992530873758909e+01 6.300951594358767238e+01 6.597538761275417585e+01 7.293577627450162026e+01 9.185169341603611315e+01 9.899490656286937451e+01 9.838794843428300396e+01 1.124399149687802861e+02 1.212937303490673315e+02 1.318760034313071117e+02 1.293476521353112503e+02 1.211417618063695159e+02 1.189893096146180937e+02 9.960083297828833793e+01 8.597658534880372372e+01 1.036356002977336459e+02 9.651979847960930670e+01 1.158830066353107640e+02 1.304428758193407134e+02
3.539040083581587481e+01 3.569593832786162579e+01 3.599606922175898660e+01 4.267828229839106058e+01 5.542566408073050610e+01 5.150563459273526945e+01 5.691574872096195747e+01 3.779664054081243307e+01 3.812167660669975078e+01 3.844912582877669394e+01 3.935191188186841060e+01 5.837456050212833958e+01 6.106213279201377730e+01 4.423415335195778653e+01 6.374008336652352824e+01 6.885772008437142233e+01 5.307826600801131889e+01 5.837504038041478793e+01 7.726224133860284837e+01 8.174144764793351214e+01 8.470245774279142381e+01 7.129377548064924497e+01 7.519737288727176860e+01 7.979088724431008472e+01 8.476379204619233576e+01 9.329550776473026019e+01 1.045731524995904920e+02 1.245018788945110941e+02 1.400420622522551639e+02 1.288277616112543740e+02 1.207266161545223184e+02 1.064446078833130258e+02 8.714732396817646531e+01 1.064446078833125284e+02 1.158830066353084050e+02 1.213015188585912796e+02 1.113806772201346860e+02
