LEM/sinusoidal_perturbations/elevation_000986.asc
nrows	100
cellsize	150.0
xllcorner	0
ncols	100
yllcorner	0
NODATA_value	-9999
[rows 51 to 67 of 100, columns 37 to 73 of 100]
9.943871462611218703e+01 1.110702922830999739e+02 1.142765499204110711e+02 9.455161402644543500e+01 8.086146546943457736e+01 7.231955380758994067e+01 6.908300497967931619e+01 8.832762724502657647e+01 1.023429190357366423e+02 9.739866161116177068e+01 8.215245397359093715e+01 6.297263811247647425e+01 8.215245397560789797e+01 9.488865637096384376e+01 1.063147640179396802e+02 9.667380314628731242e+01 7.666860513793554333e+01 8.163928736088821836e+01 6.178095378251911285e+01 8.163928736088821836e+01 9.822197889108092284e+01 9.729274100260603575e+01 7.770290652288886690e+01 6.643289208534001489e+01 5.770651142426245173e+01 7.287192603649958755e+01 5.720944153549488220e+01 6.075253825147002118e+01 6.451344275431074493e+01 6.852431367203277546e+01 7.979241722960256311e+01 9.936133817133662660e+01 1.095530583599189072e+02 1.187613521285605884e+02 1.138034144329804320e+02 9.380576091317604437e+01 1.138034144329804320e+02
8.516689351633741012e+01 9.681598668735796309e+01 1.093621034541471317e+02 1.085441383245973270e+02 9.979010852742339921e+01 8.589320383720105667e+01 7.542564667427959080e+01 8.832762724502657647e+01 1.079137542126726146e+02 9.805331371666233053e+01 7.857881729800338633e+01 6.772877783390843831e+01 8.123827953905606591e+01 1.007755132356394796e+02 1.131468773300925363e+02 9.301087072048024140e+01 8.728266443588061918e+01 6.733798223851489695e+01 6.981871047982632206e+01 8.163752607646766535e+01 1.017296997841846462e+02 1.055289567618761453e+02 9.416901932148518028e+01 8.059374787201264212e+01 6.103630604751396760e+01 8.059374779384555154e+01 6.155502348568634119e+01 8.031021264494870593e+01 8.407482612537437205e+01 8.806321639787601896e+01 7.524615575197485384e+01 8.172055337143559939e+01 9.545721011713142445e+01 1.153065910131732039e+02 1.220620659799822221e+02 1.038338149006367956e+02 1.220620659799822221e+02
6.828165245805095651e+01 8.843639957268666763e+01 8.915216851459534553e+01 1.042597747848759440e+02 1.136870132176456707e+02 1.029666976704855585e+02 8.650180930588470574e+01 8.903011444979074440e+01 1.086567316309504889e+02 1.062987993108113187e+02 8.696060280315907676e+01 7.444103998573892511e+01 8.336709777079862249e+01 1.029498665852866424e+02 1.213689249610381040e+02 1.105449025629673372e+02 9.144809831563331670e+01 7.145389894469779790e+01 8.978885648563220911e+01 8.388875567783458109e+01 1.040329598751855684e+02 1.092404115457899820e+02 8.952345301948031420e+01 8.410699014854539257e+01 6.454608500327886134e+01 8.410699014854539257e+01 6.808442085526640142e+01 7.030939132156308347e+01 8.985297641531920476e+01 1.021516063263487410e+02 8.258180585782510263e+01 1.012655330298028673e+02 9.545786208707009735e+01 1.153408398334969149e+02 1.320314275326752238e+02 1.237730139653239831e+02 1.320314275326752238e+02
6.318548211070966403e+01 6.901330335790444792e+01 7.571879927460641113e+01 8.994648413744744175e+01 1.101667166888850318e+02 1.143257903764375669e+02 1.060849478273398176e+02 1.086567316309504889e+02 1.169032808911803869e+02 1.148938940819937500e+02 1.020479181225075536e+02 8.399972747803181505e+01 9.381859869136269481e+01 1.112269915991952445e+02 1.139320004696385666e+02 9.364189324361937850e+01 8.207040648404669980e+01 7.674536379105188644e+01 9.681079451823470094e+01 1.040329598751855684e+02 1.123551708843877748e+02 1.034046422627109365e+02 8.377367617306659042e+01 6.999411840667723084e+01 8.410699014854539257e+01 9.228262134635225777e+01 7.500317382064703509e+01 8.985297641531920476e+01 8.072921482270241711e+01 1.003304880753239132e+02 9.377196885301894724e+01 1.021536441060943190e+02 1.153416575854795383e+02 1.237782698124252363e+02 1.348822589580381646e+02 1.309239359472097988e+02 1.331017279940543290e+02
7.743167313399675322e+01 7.963619740767447297e+01 9.586885313450522972e+01 8.994648413744744175e+01 1.101667166888850176e+02 1.290440255650905499e+02 1.206538009137453855e+02 1.180136166990089635e+02 1.264097130674364564e+02 1.248447077894192887e+02 1.119188013533634489e+02 1.036176061538425159e+02 1.119188013533939881e+02 1.221403269813505261e+02 1.223348686897543445e+02 1.105986248456238030e+02 1.022144747734998447e+02 8.670100377954214821e+01 8.670100378458532475e+01 1.069207100466415454e+02 1.192027893832220968e+02 9.928099740193150069e+01 8.548037898956886238e+01 7.427638000596547840e+01 9.377934998070357153e+01 1.027554912771629461e+02 8.368776727211212574e+01 1.027503160186154645e+02 9.045030880642489990e+01 1.085914158523437010e+02 1.135988820808700126e+02 1.219199694007510857e+02 1.304772528926532402e+02 1.291266783335084654e+02 1.151167395674548288e+02 1.112065097444510684e+02 1.133586963648900223e+02
9.759911092858176573e+01 9.981228740007047406e+01 1.082057819532585086e+02 1.101667166888850176e+02 1.185730654323046167e+02 1.206538009137453855e+02 1.002359904679375688e+02 9.757994127172524657e+01 1.146400080165141020e+02 1.044524966456326638e+02 1.188385932932767162e+02 1.223649280556120829e+02 1.139772949388778613e+02 1.188199532161210641e+02 1.271612503114464943e+02 1.241009061684199963e+02 1.153072577988961314e+02 1.009640127040310489e+02 9.568113286981129306e+01 1.153092042795273215e+02 1.165956351187603559e+02 9.671224620996227372e+01 8.548037898956886238e+01 8.220368364697671382e+01 8.801283965354912198e+01 1.077009374200841734e+02 9.491265042889311587e+01 1.115738425723270808e+02 1.043516866539638954e+02 1.185248151779535419e+02 1.290473575299546383e+02 1.373082733747404802e+02 1.348804218844078662e+02 1.151167230312722154e+02 1.013049375053700771e+02 9.742401645952506328e+01 1.169816101716937453e+02
8.921074730058879254e+01 9.503695664215719319e+01 1.021853670554711329e+02 1.106088815290050604e+02 1.207766709606429458e+02 1.206538009137453997e+02 1.002359904679375688e+02 8.582081159292972927e+01 9.751959361937207404e+01 9.001959023444388208e+01 1.104248990816384435e+02 1.106051564691538118e+02 9.355948817710942933e+01 9.844614963081798464e+01 1.074718111589479150e+02 1.037345073396855923e+02 1.241009061684199963e+02 1.213009860608864443e+02 1.074059372615728307e+02 1.243896851674844015e+02 1.249007388498569924e+02 1.133928349188667397e+02 1.051159551798636755e+02 9.084553732073557342e+01 1.077009374200841734e+02 1.159824053526166381e+02 1.147650849926733230e+02 1.230683648525902356e+02 1.243610512101300856e+02 1.258747367788593863e+02 1.093380106136482652e+02 1.176684925034923737e+02 1.258932519961667964e+02 1.234714493433857996e+02 1.038394572004931717e+02 9.000983143484222637e+01 1.038394572004931717e+02
6.904152253085935342e+01 7.485514497987445282e+01 8.196779965791205314e+01 9.204767121346004899e+01 1.123257261811576626e+02 1.181807693598535707e+02 1.097790306494166117e+02 9.751959361937207404e+01 7.728846706003729139e+01 9.154273294249564685e+01 1.119212656101737622e+02 1.021862164636020651e+02 8.186641156527991825e+01 9.571384100807837569e+01 8.710640946367557547e+01 1.074718111589368306e+02 1.183100382220553115e+02 1.284850678675298354e+02 1.277734009714253318e+02 1.361174270396993506e+02 1.361597405120753592e+02 1.279169962913622385e+02 1.189031380212660736e+02 1.047289105097614197e+02 1.189031380212660736e+02 1.262855851305434385e+02 1.241159965928140139e+02 1.205070786200191009e+02 1.287452208296261347e+02 1.176681856085284608e+02 9.804372122900154807e+01 9.804372141148249398e+01 1.145237287447483823e+02 1.151660458763007142e+02 1.049745920991996115e+02 8.527461095394497193e+01 9.075218985545714645e+01
8.921074730058879254e+01 8.549798578900055190e+01 9.503695664215719319e+01 1.106088815290050604e+02 1.207693731612463353e+02 1.097790306494166117e+02 8.941071337012444076e+01 9.310402120052731334e+01 7.297673946658700572e+01 9.310402120052731334e+01 1.044459237804588696e+02 9.541558493293389631e+01 7.524983292081357433e+01 7.554174022902708430e+01 8.126462828687762396e+01 8.949268328578754961e+01 9.970573820024809208e+01 1.201246119711412774e+02 1.332296912281677805e+02 1.414728094021694744e+02 1.246962784118556158e+02 1.080801076808029961e+02 1.246962784118556158e+02 1.247730924505070078e+02 1.262855851305434385e+02 1.065782818876151197e+02 1.044282244630276750e+02 1.008491413341900653e+02 1.173566940649704264e+02 1.202297475427327242e+02 1.005840274314273159e+02 8.662834801806522478e+01 9.888856976524974129e+01 9.543665332817980129e+01 9.543665368083694034e+01 8.068975622550050275e+01 1.005695750677418232e+02
1.045213350250033102e+02 1.057306415638003472e+02 1.141495951895063286e+02 1.237447533699139655e+02 1.215335830462566378e+02 1.011616411124816040e+02 8.676964519989520852e+01 7.519740048051988879e+01 6.879352668122807302e+01 8.416634517979514385e+01 8.416634441088298502e+01 8.455281905929446395e+01 6.932839374471141980e+01 8.933524829143834722e+01 1.015777277208249814e+02 9.560082165407051491e+01 1.160072554099443494e+02 1.284850677691736394e+02 1.133972414581873522e+02 1.300130067271823577e+02 1.164641633121711948e+02 9.665762537524116738e+01 1.164641633121711948e+02 1.233691497208220085e+02 1.241159965928140139e+02 1.044282244630276750e+02 9.049825164526481558e+01 8.945530508571270900e+01 1.051516924462860629e+02 1.133475675622230767e+02 1.145237287447483823e+02 9.888856976524974129e+01 7.892682139969947741e+01 9.543665065117278345e+01 7.532162676957939595e+01 7.806803548088133482e+01 8.257756311373246660e+01
1.071166939985699713e+02 1.161752654187392153e+02 1.077474738426548981e+02 1.161752654187392153e+02 1.098179384179451574e+02 1.013936675170606492e+02 1.037957413649890555e+02 9.537645537987003763e+01 8.416634517979514385e+01 6.296781973332715410e+01 7.998420132248338632e+01 6.463819183832657700e+01 8.455281905899794026e+01 8.933524829169412840e+01 1.096353102491208489e+02 1.160072554098874349e+02 1.243815471311454957e+02 1.217796640562549726e+02 1.019597873912303498e+02 1.103367146228865181e+02 1.043873538470849525e+02 8.973923880983076629e+01 1.072004606872359460e+02 1.035666307498121483e+02 1.233691497208220085e+02 1.117157818063109005e+02 9.202351372623662940e+01 8.041932814364589888e+01 8.532383405640148055e+01 1.019069262660564874e+02 1.078949880514800412e+02 9.404715614477832730e+01 7.388642658375566441e+01 8.831190316396703111e+01 7.179858343130197795e+01 9.203660817122788274e+01 1.023896739054133178e+02
9.866613234244827879e+01 1.060091099357745463e+02 8.742103549633479531e+01 1.060091099357745463e+02 9.811826651593641202e+01 8.115971210004627778e+01 9.811826651593641202e+01 9.528745932752080705e+01 7.481984166882492104e+01 5.825523845329846040e+01 6.009853523598096103e+01 7.998420132259721527e+01 8.278869009221841679e+01 8.981687743323010409e+01 9.791979492460714596e+01 1.067101163619782653e+02 1.180444593854490307e+02 1.243536827679714918e+02 1.045306963138407355e+02 9.060485256740162185e+01 8.475368619165007544e+01 8.327815201686613023e+01 8.753048744389047897e+01 1.014022996269278138e+02 1.211984597558556374e+02 1.199237059301564585e+02 1.085335001592929132e+02 9.370407306743238962e+01 7.353777524290408962e+01 8.800018269017184025e+01 8.800018269017184025e+01 8.942198597988200959e+01 6.913201619887149718e+01 6.799619143388970599e+01 7.352959857409327071e+01 8.083871549494783437e+01 9.493342745368659052e+01
9.865351490137025792e+01 9.758425466949485383e+01 7.740543382932750660e+01 8.749484424941121574e+01 8.233323463344054005e+01 6.967798388302963986e+01 8.971158791027653479e+01 1.012392106644818597e+02 8.081455170460829152e+01 7.100517607576695411e+01 5.696517428371186753e+01 7.391016732395004851e+01 6.288256636317221648e+01 6.987468272503608091e+01 7.873543126856860397e+01 9.028110240827109578e+01 1.100634621008959186e+02 1.209586525411213245e+02 1.127337382799671275e+02 1.103367146228865181e+02 9.668641773243467696e+01 7.717606816896834232e+01 9.091619526403847829e+01 1.106169670735464052e+02 1.224497118852106894e+02 1.206762546992893590e+02 1.122573062427875499e+02 1.019069262660564874e+02 8.800018269017184025e+01 6.769570925425742303e+01 8.800018269017184025e+01 8.213349484342447226e+01 6.466399775233581693e+01 8.499436804675200108e+01 9.364565678936969562e+01 8.788607147431723376e+01 9.347730774448818636e+01
9.623921960945426690e+01 9.915707871020548225e+01 7.895749609432907334e+01 6.750365680873312613e+01 6.239234101493926943e+01 6.220116903769644523e+01 8.213960532608800236e+01 9.303468107766281037e+01 9.945204129430742057e+01 8.522933029959136775e+01 7.391016732305345727e+01 5.394413764041782144e+01 7.112910658232846117e+01 7.646225836054951230e+01 8.360213061661316658e+01 8.371158950049967018e+01 1.050341422589178393e+02 1.127337382799671275e+02 9.302145919355656645e+01 9.879505206532446948e+01 9.334042430505469667e+01 7.385184703093050018e+01 9.334042430505469667e+01 9.449647940049142392e+01 1.142217002665970398e+02 1.122573062427875499e+02 9.230464307038370464e+01 9.814864281084969377e+01 8.435339160621984433e+01 6.402878507782897088e+01 7.934991127794059196e+01 6.181165494071724709e+01 8.213349484342447226e+01 8.132641636380544981e+01 1.013148814620906677e+02 9.930059979079564414e+01 1.129924914751146758e+02
1.049919151732795513e+02 1.075821487951336906e+02 9.589283041903206595e+01 8.749397191472344559e+01 7.549242692113197961e+01 5.553767314346008988e+01 6.464300128434973658e+01 7.883959899505687474e+01 8.439503321156962556e+01 7.511740877203162370e+01 6.678939745615953427e+01 6.854250684517573688e+01 5.109808720947677330e+01 5.617364883377138796e+01 6.367926427246768384e+01 7.500534192624002117e+01 9.700573471125021285e+01 1.127337382799670564e+02 9.302145919355656645e+01 7.922790053532749255e+01 8.901147630032599523e+01 7.064087509118998298e+01 7.857017778289814203e+01 9.234269453350673018e+01 1.120544186944815124e+02 1.134045525764871485e+02 9.814864281084969377e+01 7.804644116329716041e+01 8.735410266930604450e+01 7.925320704183992859e+01 5.902779018181595205e+01 7.934991127794059196e+01 8.026261848257720999e+01 9.827209223644148040e+01 1.095238223384432672e+02 1.188201342383883059e+02 1.270282798328198623e+02
1.002393399893424260e+02 9.187457436161628266e+01 1.002366194830424035e+02 8.966660627441319775e+01 6.962287280210851748e+01 7.050451908767301745e+01 5.046119988926407274e+01 6.590626948011693287e+01 6.433023094690227595e+01 6.433023094690227595e+01 4.666007499332281583e+01 4.845875890122394480e+01 5.844839225629650059e+01 7.575403813202611047e+01 6.755352347678349645e+01 8.846217056899088504e+01 1.056181105055851930e+02 1.113917372445604030e+02 1.000334005095830463e+02 8.901147608964936353e+01 6.949124451146244041e+01 6.767099590799503517e+01 8.719744842330268852e+01 1.015977353892663047e+02 1.097969451207472531e+02 1.050194431223518450e+02 8.505722112385856803e+01 7.485704179997860308e+01 6.706750560580917409e+01 6.211623679668691267e+01 5.732683932320338727e+01 7.346407431661606324e+01 9.570206984506778269e+01 1.027615381196742135e+02 9.440662847412404801e+01 1.029572913922800268e+02 1.148205024288420901e+02
9.018832118357261152e+01 7.181495168304397225e+01 9.018832118357261152e+01 9.806747398570682606e+01 8.966669622005366591e+01 7.883959901351087751e+01 6.590626948011693287e+01 4.575680660751664419e+01 6.191759862510060941e+01 4.414363382546321901e+01 6.433022806371187130e+01 6.268601781653558902e+01 6.843159679710269927e+01 7.320572108635725783e+01 8.368038931449328288e+01 8.452367294863854852e+01 1.050550912828392001e+02 1.031864612180428367e+02 8.356962574786952302e+01 7.232913445727371027e+01 6.353137588638941224e+01 8.312590503041430168e+01 8.772581567900138566e+01 8.197987839885905714e+01 1.015977353892663047e+02 1.134045525764871485e+02 1.033822574271390096e+02 9.503536071517581263e+01 8.740356405585194466e+01 7.606811868802159893e+01 5.573319843703524157e+01 7.606811846492881557e+01 8.674063022156765612e+01 8.377455063094429022e+01 7.482976803218318196e+01 8.576201410495862376e+01 1.062153939260795994e+02
