LEM/sinusoidal_perturbations/elevation_000456.asc
nrows	100
cellsize	150.0
xllcorner	0
ncols	100
yllcorner	0
NODATA_value	-9999
[rows 68 to 84 of 100, columns 0 to 36 of 100]
5.009162696260268353e-03 1.919250907077882928e+01 4.181611873500473697e-01 2.293657220751285664e+01 2.931814999829768809e+01 3.193050997074711717e+01 2.649123589537540013e+01 3.068629533570431001e+00 3.135757212256763626e+00 2.300157484675213126e+01 4.016222267903076570e+00 4.323586450409459658e+00 4.672498853150361064e+00 5.039199437829626760e+00 5.395345999981035590e+00 5.740790685783228930e+00 7.194394046136753929e+00 8.513234797165928569e+00 2.659238600132041341e+01 3.226816818079838356e+01 3.098950657220668248e+01 1.607209605457153856e+01 3.201252526000951093e+01 3.555864014099124404e+01 2.986440804662291981e+01 1.002104897513254400e+01 2.198446312631396538e+01 4.229223459725388778e+01 5.279504748698828109e+01 6.049965559753994171e+01 6.648925311771043312e+01 7.462287359151345356e+01 8.598133757480304951e+01 7.637466258566398380e+01 6.966891586765093791e+01 5.257311428866271541e+01 5.514976953744186972e+01
4.695337527364121070e-03 1.926140748245132883e+01 2.662470338058886554e+01 1.652721452761603516e+01 3.523648121072147177e+01 4.583935329084935972e+01 2.568608854010710019e+01 1.809420332241986529e+01 5.609541252882744189e+00 3.591961647213653741e+00 4.297210008084280553e+00 2.012115619954858303e+01 2.442261723528255857e+01 2.459999506216900045e+01 1.689162147532795188e+01 2.584365303442515582e+01 6.227519339782479513e+00 6.568525705917092949e+00 6.904105506936687675e+00 7.233091288092456494e+00 7.557295149145718760e+00 1.709565805981586806e+01 2.428199134528822967e+01 2.799481189062834474e+01 9.359587023965621810e+00 1.584574150904588308e+01 3.465783151739653789e+01 5.081505494970361525e+01 6.052992908522699622e+01 5.231016278228615590e+01 4.643699126324012383e+01 6.648925311771043312e+01 7.108328079218404127e+01 7.918709499552316800e+01 8.029071048143408973e+01 6.634158943601070746e+01 6.894155711107228512e+01
7.614146464036155443e-03 1.486650521153082316e+01 3.609099667947009493e+01 3.524001697234329100e+01 2.757494518569506781e+01 4.473710737918252534e+01 4.238121329669422011e+01 3.088459244171375317e+01 1.421043058351353316e+01 1.604994202640478562e+01 6.577525659730430796e+00 6.767089158212906241e+00 8.766218792423593698e+00 2.841875216606409538e+01 3.510486504056725465e+01 3.708972661780907032e+01 3.032931052702779340e+01 2.928396828693494669e+01 1.366112673548573575e+01 1.298010280778188630e+01 2.333182600394482265e+01 8.018695448616030674e+00 8.350919580197043501e+00 8.690650859178225218e+00 9.133287752232273959e+00 1.760790186087678322e+01 3.582151551159257252e+01 4.907138129755775680e+01 4.152576638900155359e+01 3.213440457504459147e+01 5.133648976808570552e+01 5.693905840880135827e+01 5.108032966838319311e+01 7.108328079218404127e+01 8.547638249309542857e+01 8.603017105733482595e+01 8.865161607532326116e+01
2.352828262072654761e-03 2.000235282826171712e+01 3.691263130271763515e+01 4.937111219601897005e+01 3.965635560543058347e+01 4.425011256522287084e+01 5.067293896646308582e+01 3.032369512971850867e+01 3.261950469920132889e+01 1.529778360410196392e+01 2.760209739546951013e+01 2.694659699432353506e+01 2.626308769323525283e+01 1.175121814815726573e+01 2.838877215532342291e+01 5.088369214626192161e+01 5.110314895286602166e+01 3.902489999066575876e+01 2.990874890303312483e+01 1.907254844397228766e+01 1.656915808508423993e+01 2.998470171115129190e+01 2.798092504618741572e+01 2.034083530187470501e+01 2.951265585815176351e+01 9.767610489506628468e+00 2.984018230547546580e+01 3.613184405107058694e+01 2.140817363394800310e+01 2.610342292817134080e+01 3.111802103256711760e+01 3.673870990039443285e+01 4.583322924156258438e+01 5.751135776215092221e+01 7.741555872648562797e+01 7.973054557429151146e+01 7.804174067055210173e+01
6.786455232800275850e-03 8.214280156665312305e+00 2.029085475974872921e+01 4.170280594426640164e+01 5.701154544809763536e+01 6.078741559998317712e+01 5.952720144835175375e+01 4.699712904495179799e+01 2.800697461295766644e+01 2.928140905295026286e+01 4.134310854471329577e+01 4.443248026301085218e+01 3.310317500811219560e+01 1.391570412059773076e+01 3.342404110951097351e+01 3.977723504002740640e+01 4.785853061684519361e+01 5.598892578212763027e+01 3.512950040838892107e+01 3.372729569906957892e+01 2.249625081326866649e+01 3.974282171952010145e+01 3.854861412382145858e+01 3.628332036470656163e+01 1.829227552981907579e+01 1.021842677143971123e+01 2.224499847844981204e+01 1.604222193374009819e+01 3.614632132613979820e+01 4.628187258420608430e+01 5.133648976808570552e+01 5.693905840880135827e+01 6.513371233195327648e+01 7.405970895390764497e+01 7.376060039398214485e+01 5.950243483990038840e+01 5.760497820033534566e+01
3.257643153035955173e-03 2.000325764315267918e+01 3.691263492181573724e+01 4.173351026311070200e+01 4.999925134493170020e+01 4.989766514761595317e+01 5.814409026481948928e+01 5.553462337569424534e+01 4.183605025283197421e+01 4.772199097319812466e+01 5.217598588487895483e+01 3.286714407248174297e+01 1.919946170197702173e+01 3.342241133190321278e+01 1.777290441323987125e+01 2.055672834133225635e+01 3.977723504002742061e+01 5.182992588914971321e+01 5.478103226301145412e+01 4.116145392567585048e+01 3.088407664995278168e+01 4.871342517642547421e+01 5.627213299585269368e+01 4.557907152794868466e+01 3.594756512578190666e+01 3.006397430356454237e+01 1.086176122179745107e+01 3.124101567447157635e+01 4.433429055099561822e+01 4.981356044881284362e+01 5.815675383125950049e+01 5.835016913741876721e+01 6.659411144338230315e+01 6.773198979429055555e+01 6.352147618137892238e+01 4.479998373740990303e+01 4.552779180790444258e+01
1.880098487986705483e-03 2.000188009848763215e+01 2.669677945550462894e+01 2.178679375995200829e+01 3.419270626427561410e+01 3.002066791454824823e+01 4.649066079558425457e+01 5.617401392284891415e+01 6.281858515691019562e+01 6.585564692449788993e+01 4.626217944285340877e+01 3.274165019652851782e+01 2.316275799996334328e+01 4.238436429031921193e+01 3.147458671101583860e+01 3.977723504002742061e+01 2.461475996769432228e+01 4.371791504163765296e+01 5.613520564730273321e+01 5.693687043824054683e+01 4.813601098797182942e+01 6.203463344765057741e+01 5.971726571916691739e+01 3.972526657234211456e+01 3.970394077906623664e+01 3.159116037869235072e+01 1.132307339448725259e+01 3.156117572113405956e+01 4.649055597023426145e+01 3.008772666488028591e+01 4.412091358852773482e+01 3.845446672686742318e+01 5.835016913741876721e+01 4.721100191607246899e+01 4.721100191607246899e+01 3.425523187175351580e+01 5.511354752041051341e+01
2.900726248362994839e-03 3.336233406351301056e+00 6.716841617509555995e+00 1.025230830907783997e+01 1.425186397862676380e+01 1.851403483886275225e+01 2.845647414412237453e+01 4.214034349209479302e+01 6.090594354046468339e+01 7.260527310688058833e+01 6.019549172542954096e+01 4.678218198911987002e+01 2.760820209689202898e+01 4.678425014052550068e+01 5.072133909500197291e+01 4.016363200915087361e+01 4.371791504309519638e+01 2.890622431758029975e+01 4.229441847938384313e+01 6.171914091289307436e+01 7.167336287473719381e+01 5.877004693673202951e+01 5.581608129850492617e+01 3.972526657763214075e+01 1.937943857289215899e+01 1.396523149410354669e+01 1.178700226992116562e+01 3.204292611392634882e+01 3.310078385969441683e+01 2.047495451040908421e+01 2.427363086607401854e+01 4.303528099838456455e+01 4.251846887530026464e+01 4.703035108132405639e+01 2.685931625104652909e+01 4.201303089411675273e+01 5.004494348817511451e+01
5.081304048347549951e-03 2.000508130404799090e+01 2.669677945550462894e+01 2.178679375995200829e+01 3.419270626427561410e+01 3.259944218195015253e+01 2.701960602293183200e+01 3.453935024114281305e+01 4.446621865175578847e+01 6.434780131541249659e+01 6.546465209915443495e+01 4.584680983516163622e+01 3.235877215599085588e+01 5.159274280203707264e+01 6.776638003570910485e+01 5.953266094557872634e+01 5.116944814655690976e+01 3.205548701216895324e+01 5.116944814655690976e+01 6.584291003349785854e+01 6.961795523012348497e+01 5.009915792986482330e+01 3.640476876136555973e+01 2.906014123153847351e+01 3.970923067731680334e+01 3.441537325017171156e+01 2.688112788231612882e+01 1.244569670493289060e+01 1.291659523451519576e+01 1.338360865968311408e+01 3.354724145671941926e+01 2.818172621203716588e+01 2.206644841392185086e+01 3.980451864489595692e+01 2.276359173285873538e+01 2.191646460014716524e+01 4.161768656399726041e+01
4.469920835086939326e-03 1.414660554456616204e+01 3.414660554456686725e+01 4.173351026311070200e+01 4.999925134493170020e+01 5.247778994998439828e+01 3.849809059692422153e+01 5.440700998358417451e+01 6.265661499618242658e+01 7.260527310688058833e+01 6.764648204867678771e+01 4.798474723969692235e+01 4.082208116612953575e+01 4.584680983516163622e+01 6.546465209915443495e+01 7.239436989230733843e+01 5.613959966340258489e+01 3.689028561053167010e+01 3.830456364887016463e+01 5.182614227348451408e+01 7.154576875854766627e+01 6.394718362247454024e+01 5.581608129850492617e+01 4.873967373455353425e+01 4.812215585632573323e+01 3.614070427809700448e+01 1.604351274207014555e+01 3.266093782957441505e+01 3.289406829436727264e+01 1.796667265516592238e+01 1.403743978298735939e+01 1.449622627787082862e+01 1.495233256569946256e+01 2.799278247598203606e+01 1.856093478858172929e+01 3.863968035351955166e+01 2.535838619532271565e+01
2.324776005098761877e-03 2.000232477600474468e+01 3.181242930788022605e+01 3.888349711974617406e+01 4.716776836720837451e+01 5.871477375100108986e+01 5.837187550641943545e+01 6.662453118582040190e+01 6.409686973456003045e+01 6.409686973456003045e+01 7.236273927813033424e+01 6.764648204867678771e+01 5.042060217843266656e+01 6.546465209915443495e+01 7.374766986572370797e+01 6.410495757836947917e+01 4.459389506806134307e+01 5.613959966340258489e+01 5.760188714849368807e+01 4.572015067473414973e+01 6.526994888327428157e+01 6.911171308782901690e+01 5.907084888099648623e+01 5.077237472381764860e+01 3.980753181014709696e+01 1.972349027169729041e+01 3.614070427809700448e+01 3.245023427103203773e+01 4.636681195916307274e+01 2.662481863278110694e+01 3.417529624249862508e+01 3.461944762322175961e+01 3.506436157968786205e+01 1.559597922268132919e+01 3.569411686623812585e+01 4.687458877425507353e+01 4.554381425232799074e+01
8.699724428260374037e-03 5.782202416324542682e+00 1.181242930787986900e+01 1.888349711974547063e+01 3.043050250353818953e+01 5.043050250353889652e+01 6.101421361596185022e+01 5.824803007811514277e+01 4.413332087809992288e+01 4.413332087809992288e+01 6.409686973456003045e+01 7.850053875628138655e+01 7.019218003386430382e+01 7.850053875628138655e+01 7.556853614252480611e+01 5.571303563285025007e+01 5.827560404895150725e+01 7.239436989232599728e+01 7.122351457131152586e+01 5.147777101935766808e+01 7.122351457131152586e+01 6.083288903837994610e+01 4.071186040933082495e+01 3.060963007734721231e+01 2.352637574347567551e+01 3.980753181028141796e+01 4.812215588148031742e+01 4.667769342498684892e+01 4.692311320005081399e+01 4.692311319999681984e+01 5.132973538388316825e+01 4.300191625801687678e+01 3.619356430572973693e+01 1.606178569052158878e+01 2.992477283875478733e+01 4.879934655940612487e+01 5.888205645240434905e+01
2.249585233037712084e-03 2.000224958523268270e+01 3.181242930788022605e+01 3.888349711974617406e+01 4.716776836720837451e+01 4.552033994941652395e+01 4.104478473512190106e+01 4.104478473512189396e+01 2.999962216299308082e+01 4.413332087809992288e+01 6.409686973456003045e+01 6.740237011783840160e+01 6.740237011805545819e+01 7.566739088186341178e+01 8.390278817712594162e+01 6.707503165366576070e+01 7.817826192895780935e+01 8.279477141790873418e+01 6.275276665217320726e+01 7.122351457131152586e+01 7.955122356206160816e+01 6.911171308782901690e+01 5.907084888099648623e+01 4.661484364540113745e+01 2.646402814840348228e+01 4.041797386573637851e+01 5.934256037875230305e+01 6.674396518948411483e+01 6.719206233093495939e+01 5.786897550043344296e+01 4.300203356343270400e+01 2.257105961959427631e+01 1.750769908725819946e+01 1.653126965093202827e+01 3.660018482013894214e+01 4.171696611568969359e+01 3.836413590866506240e+01
2.739267172789772273e-04 2.000027392671692539e+01 3.794733268568942464e+01 3.770134066760930835e+01 2.925153138972245870e+01 2.553653546921617590e+01 3.374585025845044584e+01 2.105582944199064954e+01 4.104478473506775771e+01 5.746661469573922432e+01 6.074938763848602008e+01 4.744342268145479835e+01 4.744342268145479835e+01 6.740237011804828171e+01 8.305372797575761012e+01 8.717087904146332278e+01 9.551222288147160100e+01 9.114044452311075872e+01 7.426134514220078131e+01 8.921545655382965379e+01 7.770549847785459008e+01 6.875273299029126406e+01 6.048064552148433393e+01 4.980681808255273069e+01 2.955080171769809638e+01 4.043887315174501396e+01 5.311435714131098251e+01 7.293439820837429011e+01 6.549748730792762785e+01 4.954684257839485895e+01 2.937438640909969934e+01 4.300198573319697459e+01 3.293295742148067262e+01 3.645714923536375807e+01 1.719402546218069361e+01 2.056855291353762638e+01 3.058521284335770574e+01
8.327778614586212741e-03 2.000832777861423040e+01 1.805501207418081577e+01 2.591962015567400357e+01 9.101701500533858180e+00 1.139585883923371057e+01 1.375288144316603045e+01 3.374585025845047426e+01 4.042843783240107314e+01 3.749422822890728213e+01 4.078105938734735503e+01 3.331041588947973509e+01 4.330732459954252533e+01 5.484022612942636243e+01 7.478812798939841855e+01 8.928940932674274222e+01 1.008076213236706025e+02 1.027853005594841846e+02 9.445164849184742195e+01 8.096208457487126964e+01 6.102193230686435044e+01 4.939436817980678285e+01 4.026685069927469840e+01 3.460422969726243991e+01 4.980681808255273069e+01 4.416396919331289439e+01 6.411887070505422059e+01 7.142724999680098108e+01 5.130467936811782437e+01 3.695420975332485369e+01 4.954684257839485895e+01 5.786897550043320848e+01 5.357076600811383571e+01 4.557370440365983910e+01 3.726038560074461969e+01 1.785505632221714478e+01 2.526146889500717663e+01
6.510866554257996840e-03 1.958311012451322108e+00 3.919472363833158557e+00 5.919472363833166995e+00 2.565007227460925776e+01 3.133733936849618473e+01 3.374585025845049557e+01 1.763802488376097699e+01 2.043858502955148282e+01 2.335588477204725777e+01 2.664386402597118675e+01 4.662964732312367033e+01 4.399699139164172834e+01 5.215430630132746614e+01 6.108158904121840038e+01 7.259387918199378475e+01 9.253557871501455168e+01 9.901374824608322456e+01 9.790917014069947300e+01 8.723851298028361612e+01 6.730460285642446649e+01 5.312199575394607365e+01 5.964244014669918670e+01 3.941313647187666902e+01 5.964244014669918670e+01 6.440484780554410804e+01 7.261799781960959876e+01 6.728127507288714071e+01 4.711561262782062443e+01 5.719844385035385415e+01 6.549748730792762785e+01 6.199204230952372541e+01 4.211388757215872403e+01 4.211380910311983428e+01 3.836985296717085703e+01 1.832089509568029939e+01 3.836964222498862398e+01
8.953482861371391335e-03 1.999353481959576584e+01 2.391541298427189233e+01 2.583271009095387782e+01 1.277939495123505509e+01 1.910379242053353011e+01 3.897923476671483201e+01 3.762929855615266916e+01 3.457771066324539078e+01 3.091503271580729617e+01 4.662964732286200586e+01 3.420290390391231483e+01 4.086856395586786306e+01 5.086057490469216447e+01 6.238422779219401804e+01 8.232505055756602985e+01 9.308160194558381306e+01 7.886083305723556691e+01 7.774594304331166938e+01 9.153299788000236958e+01 8.139826504910396920e+01 7.314310995613958255e+01 5.597048439573084977e+01 5.964244014669918670e+01 4.812756125723954170e+01 6.820236539053246361e+01 8.143651888737261402e+01 6.141798110622934104e+01 6.728127507288714071e+01 7.555086839778584817e+01 6.714120622369239300e+01 5.304097503156528148e+01 4.211389787349764191e+01 2.271860945560354139e+01 2.089943862043113754e+01 2.712954576482425040e+01 1.899464939074634628e+01
