LEM/sinusoidal_perturbations/elevation_000123.asc
nrows	100
cellsize	150.0
xllcorner	0
ncols	100
yllcorner	0
NODATA_value	-9999
[rows 17 to 33 of 100, columns 37 to 73 of 100]
3.199409860087559565e+01 3.587228337554660840e+01 1.723367985261636193e+01 1.784712986356386111e+01 1.846233295387308004e+01 1.907882178951613383e+01 1.970545788650069596e+01 3.978730544081201259e+01 4.130757417773052964e+01 2.988606716056250079e+01 4.335800534012364693e+01 2.558928720924082967e+01 4.549170473627010836e+01 4.917140023793521664e+01 3.168120708526537399e+01 5.148808144267599829e+01 3.647655715207461924e+01 3.822520853422074794e+01 5.811336275807831697e+01 6.273924379076117930e+01 5.886125565632421797e+01 6.678254029420315874e+01 5.797324767250535160e+01 6.896670512909582840e+01 8.312007330707496067e+01 7.734653355499919769e+01 9.705863128666932482e+01 9.553182042990380296e+01 1.036844190650048461e+02 1.031288538559657297e+02 8.305196779323702572e+01 6.890788973489776481e+01 6.079133815470598989e+01 8.081097868440164689e+01 7.352677218159483630e+01 5.356231780048717184e+01 7.245099388661159878e+01
3.809602429572216664e+01 4.397112026143503982e+01 3.990721599844457756e+01 2.368798073296101236e+01 3.854552706574003906e+01 3.916543803996932382e+01 3.389886198381056914e+01 2.060478316407963106e+01 2.125180103689570643e+01 2.190297705245708215e+01 2.342637445593824452e+01 4.339417679270387396e+01 5.372098178809560665e+01 5.930648608616592554e+01 4.948705171421586613e+01 3.402239082816241478e+01 5.383877402500855425e+01 5.810431499850261616e+01 4.088289349281050278e+01 4.278590145325744487e+01 4.472249968918834639e+01 4.683452246746156078e+01 4.899025300073489575e+01 6.899280249322407599e+01 6.327912434936440889e+01 7.798477467178727807e+01 8.104217762220542909e+01 7.590581909322918364e+01 9.233424479509152150e+01 1.036545094895988797e+02 9.727585080498563741e+01 8.748132785300846592e+01 6.747817649553221031e+01 8.748132785300846592e+01 7.679191281730096819e+01 5.688764599596484572e+01 7.104073279118733808e+01
3.532021850460709800e+01 5.629281545155293998e+01 4.948071958807405935e+01 2.972718298434239159e+01 4.955335033099798636e+01 4.724102040934310764e+01 2.736263589325126944e+01 4.067464429005948290e+01 4.130757413944809997e+01 4.194107102584868585e+01 2.292785843130949885e+01 4.237736383122729222e+01 5.047160821224548499e+01 5.996296724722537164e+01 6.129383734607628753e+01 4.800973863347430637e+01 4.331234160857501791e+01 6.323209478580793075e+01 6.081298184648833427e+01 6.273950888572238682e+01 5.024738620733178607e+01 6.682496449142956862e+01 6.899280249322407599e+01 5.225451297344795876e+01 5.504197731711748531e+01 5.805471536398579246e+01 6.118302173752694983e+01 6.442725767774716417e+01 7.590580764121450841e+01 9.552621357262016488e+01 1.086834316621612970e+02 9.584243552901163810e+01 7.745719823783770153e+01 9.584243552901163810e+01 8.023653941857624261e+01 6.040223469606924311e+01 7.194461843111746191e+01
3.581868689204006984e+01 5.561104384614768037e+01 5.656851296869060519e+01 3.671180929726598663e+01 5.659816478684371788e+01 5.220643076064968824e+01 3.234493925753756827e+01 5.220643050802361529e+01 5.713616188454460598e+01 3.737278007235236998e+01 4.293443049913374665e+01 2.395531723831645365e+01 3.471319415049536161e+01 5.104338247088427494e+01 6.957954886991664978e+01 6.793611814644454228e+01 6.324769194344705170e+01 5.481365135692389146e+01 7.475409537107771030e+01 7.600379769827208065e+01 5.604338374796274280e+01 7.600379769840671429e+01 8.045802810421500340e+01 7.225464279059914929e+01 5.863041671023334800e+01 7.798477448985025262e+01 8.104217762220542909e+01 8.420074328278793985e+01 6.961277575125021144e+01 8.099194412734772186e+01 1.005467168620676546e+02 1.059658138029516579e+02 9.160653027450383945e+01 9.530662021375736970e+01 7.565769296257101928e+01 6.419667736786269074e+01 8.396254318205311051e+01
4.156603829641099423e+01 6.116117258407970070e+01 6.487929853374598110e+01 4.660754013725335199e+01 6.161708307053619649e+01 4.165405121903543773e+01 4.376695447229254654e+01 6.046714837442157631e+01 6.526284036917625997e+01 5.687778041242466287e+01 5.133438852216655590e+01 4.393127012533457076e+01 2.498500403470182007e+01 4.492913243626353648e+01 4.975425738415403032e+01 6.957954886991664978e+01 8.182413853032576867e+01 6.635025278453041153e+01 8.298691930596744726e+01 8.262836145096825646e+01 6.275467019328342388e+01 8.262836145096825646e+01 8.912584851961979382e+01 6.935055787816382633e+01 7.855551105870624440e+01 6.720309420540534973e+01 8.699466535064065909e+01 9.307918603465104468e+01 7.351756952049440486e+01 9.307918603465104468e+01 1.082132234186667574e+02 1.161726761989149708e+02 1.119304171130725791e+02 1.036516919089923903e+02 8.806400048018637960e+01 6.833830410530920574e+01 7.971768399950227035e+01
4.801966023748661172e+01 6.736680070769058659e+01 7.487244875315435877e+01 6.072672099200953966e+01 6.918018680276000509e+01 4.917009279891496476e+01 6.373506946153334951e+01 7.199205698514971630e+01 6.702599077669829342e+01 5.352895559060452513e+01 3.516097472452600670e+01 2.602307987854594629e+01 4.480468629480589726e+01 3.364291621281687128e+01 4.269285862833049805e+01 5.393017001277067379e+01 7.370018106644255340e+01 8.623395783370933998e+01 9.446452140992769841e+01 9.082648198708102427e+01 7.274315326062377096e+01 9.082648198707993004e+01 9.731352955016372164e+01 7.926992186185459843e+01 9.356683810399191259e+01 7.385031984393842208e+01 9.356683810399191259e+01 9.958072011447252692e+01 8.007535933772101089e+01 8.094555723937506286e+01 8.890087684895709685e+01 1.000556947876210216e+02 1.190721496891124644e+02 1.043326015524672954e+02 8.442067565643914406e+01 7.335081772032589242e+01 9.315140672439034120e+01
4.240474507615131472e+01 6.255677945051029809e+01 7.421041788554084917e+01 8.074241743052479592e+01 7.742445020785524434e+01 6.074746474561262488e+01 7.742445235914179591e+01 7.471064292930518036e+01 5.192020983792101418e+01 3.703012661070052047e+01 2.706274488888919905e+01 4.521933546413674065e+01 5.361082641023482154e+01 5.339226615571686096e+01 6.155480886663813322e+01 7.035005098099338738e+01 7.732363864370660167e+01 8.501419286349576510e+01 9.309965386638249640e+01 1.007165828731071713e+02 9.251356964131265670e+01 1.007165828731353798e+02 1.071819062791701214e+02 9.319872882859921503e+01 1.017576406674085945e+02 8.371727021438800875e+01 1.017576406674459406e+02 1.069495451300747106e+02 8.745344986228010953e+01 1.003754093622758887e+02 9.215839537870512288e+01 1.113674937923955497e+02 1.256799025477320839e+02 1.128612167865511822e+02 9.868426919061410274e+01 7.865359559495952624e+01 9.868378529350471240e+01
5.077957001653163616e+01 5.680216827764461129e+01 5.416354344699679046e+01 7.433620686877654293e+01 8.892962258576905299e+01 8.069948231906647607e+01 7.749175060071755183e+01 6.927512984124750517e+01 6.079636383103967745e+01 4.750194635268007914e+01 2.779921194465944367e+01 3.416548804091895164e+01 3.475821023809304933e+01 3.918553142627624197e+01 4.452623256194421941e+01 5.020576461024835169e+01 5.655042364376097197e+01 6.466689895367541396e+01 7.922682273863780722e+01 9.898614030940053965e+01 9.986951972199186400e+01 9.166316925461994458e+01 9.986951972203019068e+01 1.129432841156582015e+02 1.116242468935856493e+02 1.034164059935957738e+02 1.116242468935926269e+02 1.150742086759256182e+02 1.012182358442032069e+02 1.069495990710605753e+02 1.032302537877407786e+02 1.193469789557838538e+02 1.240414788246052780e+02 1.009444211162663407e+02 8.877735410152925510e+01 9.269067182281230544e+01 1.072967858331980722e+02
3.501228214354365065e+01 3.797310496725741302e+01 5.763839209150842890e+01 7.026856188777775003e+01 7.998344162153414061e+01 8.316433973837185079e+01 6.360423271745648321e+01 4.964506997068441052e+01 4.216214494160761461e+01 3.602225730982259932e+01 4.681317435701252094e+01 2.884433613765834892e+01 4.897269674903352410e+01 5.953295887364017602e+01 5.600666988188041273e+01 7.101488052396486239e+01 7.178356151343247404e+01 8.501419286349576510e+01 9.309965386638249640e+01 9.657568822158111743e+01 8.858746467214010067e+01 7.190172732942544087e+01 8.691773320387116541e+01 9.512200026629861327e+01 1.068816615137940431e+02 9.859426862661196367e+01 1.011723607914069305e+02 1.094703071834931762e+02 1.207863339042262680e+02 1.265454484657656451e+02 1.220629283769092126e+02 1.281326002526379000e+02 1.330659491367390217e+02 1.191310448344689661e+02 1.019588617353147555e+02 1.131994025894304201e+02 1.178896899347449221e+02
4.379034471790995298e+01 5.763839209150842890e+01 4.253520865392056294e+01 5.234425843467576556e+01 6.618619251774498480e+01 8.564781492431808374e+01 7.749174468048917674e+01 6.927477693822440585e+01 6.172023040008316741e+01 5.424784206670167208e+01 2.989567636888427415e+01 3.327040092382616621e+01 3.482510495163800357e+01 5.848553871657568948e+01 7.616224625735429754e+01 8.430893670849872024e+01 9.479000784024870541e+01 1.010287669500118994e+02 9.042298520862252076e+01 8.106723025843146502e+01 6.919419938021124494e+01 6.196393841945867109e+01 6.712101742931804438e+01 8.691773320387116541e+01 9.540828369096979600e+01 7.877774022171006152e+01 8.134626019844655787e+01 1.011723607914069305e+02 1.183177703757695411e+02 1.167887742986714699e+02 1.167887742986714699e+02 1.249364255110864974e+02 1.300775402375913075e+02 1.313769116423731589e+02 1.255938786255529180e+02 1.213036813399608462e+02 1.008503593036610226e+02
5.512676558842729690e+01 7.043866724047315131e+01 6.221350247359748664e+01 4.768931943491822523e+01 6.738403145785871118e+01 8.621961598431639118e+01 8.111175027173571550e+01 7.101533123153375016e+01 6.248468159959310952e+01 5.067867057048338353e+01 3.350030813796824702e+01 3.089983388890832572e+01 5.557093622919423126e+01 6.812927189911415837e+01 7.528183001881502889e+01 8.332867281490737810e+01 8.205498130989558092e+01 8.640923199798947962e+01 8.092545538940034078e+01 5.979989249817489849e+01 6.540620326884364033e+01 5.299000310324371554e+01 7.291934123446198157e+01 7.277983223411125380e+01 7.828573514953690449e+01 6.731605816231673600e+01 8.714262885572502171e+01 1.039579372222285798e+02 9.855705308749615767e+01 9.702905556133816845e+01 9.702905556133816845e+01 1.167887742986714699e+02 1.106632965826898385e+02 1.142523600045487200e+02 1.322913307862968111e+02 1.296121669339185303e+02 1.178896899347449221e+02
7.488512434628314907e+01 7.378682917899932647e+01 5.405208121381088660e+01 6.738403145785871118e+01 5.818084388569352683e+01 7.795234143897650370e+01 7.291744258688952129e+01 5.255476479574265625e+01 4.188839819413961152e+01 3.599971219206206285e+01 3.181862022194926354e+01 5.105355386828264130e+01 5.327362006906600556e+01 6.223420425313644699e+01 5.546747036572394052e+01 7.203052416661728330e+01 6.821778093502588547e+01 7.160231594945359745e+01 7.112600176150830578e+01 6.230334523471112362e+01 4.497852150860724407e+01 6.540569929458230547e+01 6.999472257290787525e+01 5.289187859973932859e+01 5.842044743578873067e+01 7.827474528537091203e+01 7.616360271124884207e+01 9.010426932674343448e+01 8.460292724685241694e+01 8.307713376530018934e+01 1.028165431851642069e+02 1.070777151527723561e+02 9.712347538560715066e+01 1.081463635573987006e+02 1.218623642619946708e+02 1.412996793168156273e+02 1.305100706627335967e+02
9.265121274009824504e+01 7.275585062362834776e+01 5.880767100463587838e+01 7.858306727338042208e+01 6.955498637554133268e+01 8.621961598431639118e+01 8.111175027173609919e+01 7.101533123152660210e+01 6.248468187157903486e+01 5.557989569265030383e+01 5.108781024634705403e+01 3.268269796252751291e+01 3.330781813244256284e+01 5.306869968545515093e+01 4.391737226864695742e+01 5.587736956802970667e+01 6.232012267562323871e+01 5.462634898274781392e+01 6.287691902708755265e+01 4.201494574345449706e+01 6.289637405248236490e+01 4.803142378408473689e+01 5.005775353932416039e+01 6.998568042551541168e+01 5.592036795242853486e+01 7.575177039418595371e+01 6.213909722384722301e+01 8.195594042317381422e+01 7.318920344835069614e+01 9.294683847523215547e+01 9.902739899826255510e+01 8.768584105013920293e+01 1.070777151527723561e+02 1.153175174494674877e+02 1.153175174494674877e+02 1.350694034004482944e+02 1.308522120647132851e+02
9.412679530669858252e+01 8.408267915490249322e+01 6.425354652092394758e+01 8.408267915490249322e+01 8.942334178022666435e+01 9.771650976486647266e+01 8.518084651190464740e+01 7.372350901700437475e+01 6.551295689589450433e+01 5.680444948750479739e+01 3.690853960179508420e+01 5.115304639266916098e+01 5.225031479313201288e+01 3.425825397922891113e+01 3.508529551160673776e+01 3.595313509394859608e+01 4.321900220064064513e+01 5.799519259585063935e+01 5.899501738235114345e+01 4.047354301487342809e+01 6.111626358280756222e+01 6.809177006472491200e+01 6.160289181891135968e+01 7.818551060835788746e+01 7.574329622953497676e+01 5.898582188388321867e+01 7.881802048495316626e+01 6.539937983523473974e+01 8.519187809222670182e+01 9.153438657658928435e+01 7.950019600211957993e+01 9.852575635116758690e+01 1.028246716986209464e+02 9.556459393455185136e+01 1.153175174494674877e+02 1.261457381540255938e+02 1.250616700975180464e+02
9.999322429424151437e+01 9.037192801463424985e+01 7.048357684626499520e+01 9.037192801463424985e+01 9.806724390033578231e+01 8.816956808917299782e+01 7.702364643204954575e+01 5.707457515336160014e+01 4.547298470477430499e+01 4.165136960761281415e+01 5.680444948750479739e+01 6.406025670157838192e+01 5.533906308036675625e+01 3.572065481477678617e+01 5.497324910817601307e+01 5.587739082685506276e+01 3.721424327081405181e+01 3.811069840299689560e+01 3.900974808364741619e+01 4.008505231390841317e+01 6.009418444871138121e+01 6.992566544870496159e+01 8.146521721717779485e+01 8.969098639373940784e+01 8.699594501800157786e+01 7.882970501673207764e+01 8.703862377345528500e+01 8.517221149154556770e+01 6.908966021336470931e+01 7.182089340988530068e+01 7.517379364502818362e+01 7.883915057899942269e+01 8.312560968838715780e+01 8.836818399998971074e+01 9.821409203575689162e+01 1.121879340012145008e+02 1.319668799977351625e+02
1.022792928218050719e+02 9.791080275088080498e+01 7.796481503350496212e+01 9.791080275088080498e+01 8.988782756010154174e+01 7.007238916409869489e+01 6.005035631956891962e+01 5.182193538240329644e+01 6.551295689592429028e+01 5.059314055160660928e+01 6.989833929042673333e+01 6.827832361286398566e+01 5.716732865336472003e+01 3.723972585438104232e+01 5.688368622710365941e+01 6.604108469016041738e+01 5.458220375698787308e+01 5.092929269638408130e+01 5.899649997533080636e+01 6.009422520772281473e+01 4.161996210248626937e+01 6.166194639707187974e+01 7.098911077571484896e+01 8.314501539467504188e+01 8.003584949455746766e+01 8.841469764584746827e+01 9.859507396517916789e+01 8.884483116429564120e+01 8.306855165375975503e+01 8.321009962686603956e+01 8.397627375470698041e+01 9.852598394711975516e+01 9.127273662381165309e+01 1.080975725973149366e+02 9.821409203575690583e+01 1.096195264368949296e+02 1.294031110755171028e+02
1.106020564659272765e+02 1.062214667144888978e+02 9.204839137674922256e+01 1.062214667144888978e+02 9.806724390033578231e+01 8.123729619543109948e+01 6.131685282638310497e+01 6.188942801798580717e+01 7.881660760023036971e+01 6.478116397541836591e+01 7.884313334486317615e+01 5.978046833974076435e+01 3.950331300732800344e+01 5.656092341338835894e+01 4.611773234429071522e+01 6.609583247606244072e+01 7.719150691222270666e+01 6.996828290828095476e+01 7.580544364414181757e+01 5.580351801795249145e+01 6.166194639707017444e+01 4.318315263325187203e+01 5.674134659714459161e+01 6.944661211108429200e+01 5.906817400673642737e+01 6.993880239516083464e+01 9.017819176342194964e+01 1.085616410459163461e+02 1.027984169285934826e+02 9.713704192995982112e+01 9.533632838640876628e+01 1.118536719447375987e+02 1.026525616035923747e+02 1.191749061857256180e+02 1.096195264368949296e+02 1.261457381540260343e+02 1.375471377150874730e+02
