LEM/sinusoidal_perturbations/elevation_000972.asc
nrows	100
cellsize	150.0
xllcorner	0
ncols	100
yllcorner	0
NODATA_value	-9999
[rows 51 to 67 of 100, columns 37 to 73 of 100]
8.550438073734567013e+01 9.387315115465651161e+01 1.029263806074472711e+02 1.145816921754154265e+02 1.064508081804704318e+02 8.632327073125254913e+01 8.017893932167497439e+01 9.623935268335876003e+01 9.038058463307893931e+01 1.103836699691747185e+02 1.154176279574363235e+02 1.071828209396708047e+02 9.621282080502250267e+01 1.128301408768636520e+02 1.031399717517877406e+02 8.322275305130420975e+01 6.755764700026300318e+01 6.306091217719475139e+01 8.528732918558236520e+01 9.958290492542619177e+01 1.023471325655483923e+02 8.337505915010243029e+01 7.093375847821204161e+01 7.489512415610829521e+01 5.189631119258842773e+01 5.246123153058444899e+01 5.766504339010802482e+01 6.294549168619919755e+01 6.938794159170382159e+01 7.568517163242189838e+01 8.768845193989470488e+01 1.071754336002487378e+02 1.195007291394099980e+02 1.026737227302753155e+02 1.137103842386775199e+02 9.468243048123106576e+01 1.144100186639787324e+02
8.106155873139147161e+01 9.538729261384557390e+01 9.777141428020981095e+01 1.061423929145430947e+02 1.146816017704249759e+02 1.064508081804704318e+02 9.059211904260631343e+01 1.087502685611410556e+02 1.103836699691747185e+02 1.186195766539811700e+02 1.286110755382582624e+02 1.242943959049358114e+02 1.160492423041027337e+02 1.098018844489365904e+02 9.030565837356013503e+01 7.841575699123914944e+01 8.905637134630036655e+01 8.528732918558236520e+01 7.052711395398098659e+01 9.145373259304579960e+01 1.100242909807972183e+02 9.906412564649338037e+01 8.270725121117514789e+01 5.993693400721699760e+01 7.666579301468276242e+01 6.005484828474784820e+01 8.102149075929651190e+01 8.523353503951858556e+01 7.436378977127186829e+01 9.492723704954421748e+01 8.617132434695948007e+01 9.749531886375763179e+01 1.168555483367398438e+02 1.166852535052472888e+02 1.228326678486649399e+02 1.043994042824677990e+02 1.228326678486661052e+02
6.673582484893719879e+01 8.343733194929160391e+01 7.749996064365279835e+01 9.777141428020981095e+01 1.087032307446162918e+02 1.186812903084560276e+02 1.104569834564561148e+02 1.186812903084560276e+02 1.227104879380412399e+02 1.228490286367158859e+02 1.088467359595798598e+02 1.187289057489190753e+02 1.269502052096902673e+02 1.179355481492031998e+02 1.066556928825919357e+02 9.030565837356013503e+01 1.066556928825915094e+02 9.634036813415929146e+01 7.620860432496530734e+01 8.768686860866068855e+01 1.064848480262870396e+02 9.871905032803006463e+01 7.875247238402882033e+01 6.589952346350473533e+01 8.728855176974927588e+01 6.738644206210942400e+01 8.890389820124067910e+01 1.030619746951448121e+02 8.403079599810573086e+01 1.030619746948821671e+02 9.749531886375763179e+01 1.137962063785474527e+02 1.250421552348691705e+02 1.370075559407428045e+02 1.329141544535844730e+02 1.244206330454897369e+02 1.329141544535844730e+02
5.852266288368076630e+01 6.313965204886137883e+01 6.989665601479410384e+01 8.007746305761305905e+01 9.442797914288846073e+01 1.146056317922771797e+02 1.206149083070461216e+02 1.169579696059327176e+02 1.029660840700907158e+02 1.129461668352667800e+02 9.483950570488421761e+01 9.894212846084320745e+01 1.187289057489190753e+02 1.186344885826632378e+02 1.179355481492031998e+02 1.098018844489365904e+02 9.831651354037994395e+01 8.450527296557011425e+01 9.634036813415929146e+01 1.039674022714089716e+02 1.141693438298583487e+02 1.067964896800171886e+02 9.210690659186768414e+01 7.166435837857102342e+01 9.210690659186768414e+01 8.890389820124067910e+01 7.775000572221104278e+01 9.792758677020674440e+01 9.553764803920365978e+01 1.118634246881845797e+02 1.168555483367398438e+02 1.250421552347972920e+02 1.353267962535959441e+02 1.270695332806620996e+02 1.274614453716882565e+02 1.216183813430014737e+02 1.216183813430015306e+02
7.284439408431003926e+01 7.749996064368873760e+01 8.343733194929160391e+01 8.428063190546359351e+01 1.045168054675828131e+02 1.148224351249754704e+02 1.007790996660374532e+02 1.086147855705936109e+02 8.896987582014327245e+01 9.626798578722589639e+01 8.487467290390043217e+01 1.047375413506926662e+02 1.128463398057819234e+02 9.879224333633987953e+01 1.128463398057819234e+02 1.258079061358979658e+02 1.120622098381390686e+02 9.582301141980613579e+01 9.582301141980629211e+01 1.151187003935265665e+02 1.144065305451808712e+02 9.519751806270031125e+01 8.390113282321586041e+01 7.903843198198791242e+01 9.864114389680752026e+01 1.060480217744299551e+02 8.712379785816706601e+01 9.792758677020674440e+01 1.149508746451384127e+02 1.231265445069103492e+02 1.241007023465791690e+02 1.323575618844597557e+02 1.237911626451355716e+02 1.070703800531672272e+02 1.074589226941842810e+02 1.015938828859830920e+02 1.015938828859830920e+02
9.321424148695930967e+01 9.777141449908378945e+01 1.036873768336991901e+02 1.045168054675828131e+02 1.128843551356182218e+02 1.065888735066685911e+02 8.681991088034186532e+01 9.517525761275916807e+01 9.125399512247069822e+01 7.640271786210317373e+01 9.626798578722589639e+01 1.085790028240208613e+02 1.039905786687494640e+02 8.484196419835706138e+01 1.023483909833787209e+02 1.105867717113831361e+02 1.205101110743355548e+02 1.094113256493032083e+02 1.069013745523222241e+02 1.232655995131510593e+02 1.225677275012634766e+02 1.113938862883321121e+02 1.033162020175538913e+02 9.054370570333726675e+01 9.301982397398052171e+01 1.122122106929344767e+02 9.846755766123729359e+01 1.148000078236170793e+02 1.256524860939946535e+02 1.208187727165615684e+02 1.040934161735557097e+02 1.208187727165615684e+02 1.155230167812033528e+02 9.548466870264218187e+01 1.039538711239306110e+02 8.740748144707902156e+01 1.007751089451491140e+02
8.994560918839187025e+01 9.605215397096479535e+01 1.036694057429720033e+02 1.119536485800599337e+02 1.234998388474731001e+02 1.148224351156926701e+02 9.517524690721631941e+01 7.545437960782538767e+01 8.587903487129844393e+01 7.197980865663281236e+01 9.169177730593183639e+01 8.879516474811893545e+01 8.879516474811892124e+01 7.604932686315423496e+01 8.260150298250722756e+01 9.244268408078971788e+01 1.122540979773282430e+02 1.288975215475981599e+02 1.263437762437862517e+02 1.345552447433460372e+02 1.292353250458730827e+02 1.209626825293596823e+02 1.178238865864897775e+02 1.097024501746622462e+02 1.122122106929344767e+02 1.203537747808151295e+02 1.178700967962458890e+02 1.260677316855464341e+02 1.249753083707332166e+02 1.049738883977141626e+02 9.250633165330651764e+01 1.125494902888301567e+02 1.181166095600786718e+02 9.808747278333540009e+01 8.391213389699504432e+01 8.073813833921013838e+01 9.876076995324895336e+01
6.964857257205623853e+01 7.580019266700219305e+01 8.351605182524232873e+01 9.521754128646973925e+01 1.152148671448891122e+02 1.100813576555382838e+02 9.981720550233558242e+01 8.009636617331935327e+01 6.611443895241694690e+01 8.587903487129844393e+01 9.990258502958209874e+01 8.879516474811892124e+01 6.906021520377238687e+01 8.879516474811892124e+01 1.023483909833787209e+02 1.105867717113831361e+02 1.205101142149649576e+02 1.291861163726065058e+02 1.209127660847123309e+02 1.291861163726065058e+02 1.176935061579447250e+02 1.009637580668314172e+02 1.176935061579447250e+02 1.264567028159273434e+02 1.247151156256071403e+02 1.164489181466486798e+02 1.164489181466486798e+02 1.127995374946452074e+02 1.210686659363694702e+02 1.049738883977141626e+02 8.493130618621417227e+01 9.642770262749802157e+01 1.047129577870078094e+02 1.063827188161164656e+02 9.499093375860744004e+01 7.495486901177005734e+01 7.872243710683792983e+01
8.994595785190715276e+01 8.625211026985002150e+01 9.605215397096480956e+01 1.119536485800599337e+02 1.152641686835599586e+02 1.018769678647392567e+02 8.212474213752942376e+01 8.262956994340062522e+01 6.280450736668763057e+01 8.262956994340062522e+01 9.535381034935147682e+01 8.458765936505506033e+01 6.479455246031614024e+01 8.458765936505506033e+01 9.316559605226643725e+01 1.013847515732789475e+02 1.112822301724744420e+02 1.191918326115768849e+02 1.009180130905000823e+02 1.191918326115768849e+02 1.094162981074160115e+02 8.938238583424923434e+01 9.817289884620556961e+01 1.181795678506883860e+02 1.164489181466486798e+02 9.642681549303335942e+01 9.642681549303335942e+01 9.276651328597269242e+01 1.095143605003977427e+02 1.105938915636682225e+02 9.055987504299676516e+01 7.638496007505868590e+01 8.955309864726022795e+01 8.635740610077414203e+01 8.635872204738764424e+01 7.084253907865324607e+01 9.090108916834755348e+01
1.049963884947125763e+02 1.063816950368279066e+02 1.146768640870303386e+02 1.243943265038149093e+02 1.070333421072605802e+02 8.726054018196404627e+01 7.588326225632920341e+01 6.596846681485408226e+01 5.960570504854462826e+01 7.555627914850047944e+01 7.555627914850046523e+01 7.600994930126469740e+01 6.076158635669062846e+01 6.681901138674341212e+01 7.343973278703572305e+01 8.328793323591466446e+01 1.030432588686182527e+02 1.109153895876062137e+02 9.089044631026503396e+01 1.109153895876062137e+02 1.018441910127754682e+02 8.181614969547884186e+01 1.018441910127754682e+02 1.112817806618268719e+02 1.195609276548695021e+02 1.022911535866641515e+02 8.224535304302330019e+01 8.118664152847000537e+01 9.715925887048727816e+01 1.054431903261712051e+02 1.047129577870078094e+02 8.955309864726022795e+01 6.947605282892899936e+01 8.634648570459113159e+01 6.624812228819112647e+01 8.635872204738716107e+01 7.479970734535272925e+01
1.100118182264005782e+02 1.130997707630910583e+02 1.048052453209185728e+02 1.130975715799798564e+02 1.059251359671388002e+02 9.764424605975254678e+01 9.395044413858684607e+01 8.575038578674687528e+01 7.555627914850047944e+01 5.558496436470366575e+01 7.181530912236136999e+01 5.604781831118881996e+01 7.600994930126357474e+01 8.659030829718950883e+01 9.316559605226643725e+01 1.013847515732789475e+02 1.112822301724744420e+02 1.042404084951591585e+02 8.421193236612532473e+01 9.570023757871665282e+01 9.628941178841981241e+01 7.626183169550030527e+01 9.628941178841981241e+01 9.126833552464736954e+01 1.112817806618268719e+02 1.038404967095470255e+02 8.379678319236757034e+01 7.217958601342454017e+01 7.708959127387582555e+01 9.386788198457382748e+01 9.994846559582100554e+01 8.506373472354357546e+01 6.492357690337908593e+01 7.982260805411470983e+01 6.319187070879416979e+01 6.787802475663973212e+01 8.796970580034988529e+01
1.017077466978135476e+02 1.030999402553887165e+02 8.482981202566695345e+01 1.030837448958802156e+02 9.442669495673781910e+01 7.775982265416406847e+01 9.442669495673781910e+01 9.933640825913850847e+01 8.376148420651419713e+01 7.181530912236136999e+01 5.174441111402433791e+01 5.281033358138756739e+01 7.289064807257369694e+01 8.478712203428680994e+01 9.073349760031831579e+01 9.890297734510075145e+01 1.102854586580024119e+02 1.072608243593646478e+02 8.723730068997323883e+01 7.566125990974366289e+01 8.882692494285426221e+01 7.123004724501586793e+01 7.709158071470645268e+01 9.126833552464736954e+01 1.112817806618268719e+02 1.121187394302669844e+02 1.005563492135522523e+02 8.557203088103730693e+01 6.526837890716745960e+01 7.982929088360728542e+01 7.982929088360728542e+01 8.076983864876953589e+01 6.053405496002024933e+01 5.956369253566296607e+01 6.506525098814802277e+01 7.223437860532192190e+01 9.228006538012402871e+01
1.016390225770832672e+02 9.481719448555303131e+01 7.497029431168448355e+01 8.489371895897789955e+01 8.616396885385556459e+01 6.646510711678084249e+01 8.616396885385556459e+01 9.110280665102338560e+01 7.128665354510025054e+01 6.922826280038145796e+01 4.905721315424396778e+01 6.911911752885076510e+01 5.941064355488187232e+01 6.499720907824490723e+01 7.101160098305949475e+01 8.240418743462859652e+01 1.021115468826532151e+02 1.155401954960001092e+02 1.039855870762611261e+02 8.882692494285426221e+01 6.874085377658374796e+01 6.630891776922753422e+01 8.641907853659242278e+01 9.835235578356140707e+01 1.083637513942083359e+02 1.075837309808986220e+02 9.928619073359855918e+01 9.386788198457382748e+01 7.982929088360728542e+01 5.875653427062670175e+01 7.447253072485928271e+01 7.386996961900455005e+01 5.628942688846957765e+01 7.663922660020533328e+01 7.933006800318568708e+01 8.152147132589833234e+01 8.382729339682970249e+01
1.004210830785159203e+02 9.636250384016938142e+01 7.649798572486793091e+01 6.521500007032453539e+01 7.717507844662380023e+01 5.955621495803998755e+01 7.919936949588418429e+01 8.483407900135352975e+01 6.510232424064147949e+01 5.528166089116355408e+01 4.725678271663763752e+01 6.741564210083426190e+01 7.351540162425183667e+01 7.567592321377239273e+01 9.073349759827488015e+01 8.496063768778267900e+01 1.046704142948457559e+02 1.145534471842340025e+02 9.454459158591853907e+01 9.454459158591619428e+01 8.247515152988931675e+01 6.229561492795219380e+01 6.998577826599994012e+01 8.004724849248954399e+01 1.000807708843556725e+02 9.928619073359855918e+01 7.915922669625608421e+01 8.505427797809591084e+01 8.789705787045681973e+01 7.438239280839678713e+01 5.243878433383203230e+01 5.353156634316084705e+01 7.386996961900455005e+01 8.495183304046008743e+01 9.934684024081944642e+01 9.568692508366372351e+01 1.038267666417013260e+02
1.085709144234248527e+02 1.046451192376461989e+02 8.857097059240820158e+01 6.883270639833453686e+01 5.753592828468676856e+01 5.331546347638536076e+01 6.814469598991399835e+01 7.633988631162004879e+01 6.510232519444896582e+01 4.697673805024539462e+01 4.562437430360982660e+01 7.414275346387960042e+01 9.325975121973213788e+01 9.541650644536137804e+01 1.035886813690800636e+02 1.046704142948457559e+02 1.128453170024188381e+02 1.087005139694846036e+02 8.868101654674904921e+01 7.447962967577318238e+01 7.975414336956714578e+01 5.952509807244926776e+01 7.975414336956964689e+01 9.835235578356140707e+01 1.083637513942083359e+02 9.928619073359855918e+01 7.915922669625608421e+01 6.491162596427902542e+01 7.534004491715650431e+01 5.030643622236591739e+01 5.119116807094329857e+01 7.126750976990150832e+01 6.318589928799572419e+01 8.339802844488919220e+01 1.032788418135669133e+02 1.156315951920409759e+02 1.186402307170636163e+02
1.042390659007511715e+02 9.599945757211895625e+01 9.683810727693426657e+01 8.540495024449042205e+01 6.883270448320241996e+01 6.814469598991574628e+01 4.845553513030850468e+01 6.362713899271017937e+01 6.099582907495339157e+01 4.343110468468528751e+01 6.324673389915048460e+01 7.504085506306199704e+01 8.095893259341362125e+01 8.755705684623099216e+01 9.578102822418750861e+01 1.056861230325667975e+02 1.142959166074415691e+02 1.057903156203229855e+02 1.028309057191364246e+02 8.381941830785730474e+01 6.365497954784739676e+01 5.683386731309727224e+01 7.709793959144710129e+01 9.424533210461962085e+01 1.020195865866552225e+02 1.053993342814716812e+02 9.337147883857724651e+01 7.555894075806209287e+01 5.549583280913617500e+01 6.742783765096213244e+01 4.960975296190721906e+01 6.965806603190544877e+01 8.339339983817890811e+01 7.490894656044919486e+01 8.912652611029403715e+01 1.091599752361660194e+02 1.104401616506640664e+02
9.279601434184543507e+01 7.620942848107257817e+01 9.279601434184543507e+01 9.683756040700527024e+01 8.857078537514135519e+01 7.634761916974284190e+01 6.362779300846000297e+01 4.398981995273634737e+01 4.127663688191137226e+01 6.099561514661479578e+01 5.023500780371185925e+01 5.540448382605953270e+01 6.111575874796817232e+01 6.776268408777868046e+01 7.767028420439221748e+01 9.744382948806975264e+01 1.025072578745591727e+02 8.541971796007491946e+01 1.025072578745591727e+02 8.524483551742548570e+01 6.543259520246120076e+01 5.439370236691588190e+01 7.463158398892697676e+01 7.460728701098199167e+01 9.424532498813584880e+01 8.578982487950081293e+01 8.977876990169403371e+01 7.758780401789832126e+01 5.917482189446997864e+01 4.748029460738518992e+01 5.157436587983240628e+01 6.503937460545101601e+01 8.603858532122077918e+01 9.499415020224803641e+01 1.032788418135669133e+02 1.066812318484843871e+02 1.148381022684064163e+02
