LEM/sinusoidal_perturbations/elevation_000507.asc
nrows	100
cellsize	150.0
xllcorner	0
ncols	100
yllcorner	0
NODATA_value	-9999
[rows 34 to 50 of 100, columns 0 to 36 of 100]
2.064481644892168701e-03 2.000206448164453832e+01 1.177800935276717986e+01 1.732501132250143172e+01 3.732575074219005984e+01 5.504291122583898499e+01 6.398976652278335564e+01 7.554224396923065399e+01 5.797150676872281849e+01 3.789131998990055905e+01 3.789132066482083872e+01 3.763071230006682555e+01 2.697126564586861974e+01 6.975512894176850942e+00 2.477993508326187921e+01 2.194746566369854079e+01 5.219942719962731736e+00 9.047279004971397143e+00 2.901423296435636701e+01 3.599662719486804008e+01 3.592136983550322782e+01 5.559806188502551549e+01 4.904937824056681706e+01 5.898012223147919997e+01 5.895552868233041721e+01 7.240131464779310022e+01 5.946670270074182696e+01 3.938810946005310853e+01 4.526352762427239895e+01 4.597279524388434169e+01 3.312773608387037427e+01 1.444571690028362632e+01 1.365005413920352595e+01 1.398752221250139272e+01 2.013335475066478963e+01 3.494857130038502646e+01 4.547223534452390226e+01
2.905961989428186391e-03 4.475041916989025204e+00 1.602204818139988518e+01 3.602226641027421294e+01 2.675310349472507809e+01 3.569738881235251426e+01 4.724460073134940075e+01 6.725003060189807513e+01 5.722575550931274790e+01 4.718733257085542476e+01 3.885952616096044210e+01 2.935231142593425346e+01 9.315018128460074820e+00 2.697463265366905105e+01 2.628692981318517141e+01 3.470875611638096814e+01 1.909833011987624829e+01 2.840781409874445274e+01 1.299019773902316643e+01 1.598580624375915349e+01 3.599662626794076203e+01 4.393730118438382704e+01 3.760942366046427310e+01 3.914196235959701653e+01 5.316126659688705303e+01 7.302809278980627994e+01 6.771409460264494840e+01 5.946536710557300154e+01 4.367528855729906923e+01 2.938862936972710571e+01 1.927239102595454767e+01 3.488339342271837040e+01 3.401873614308335902e+01 1.562771312536725610e+01 3.183189945084830796e+01 4.242493359567453837e+01 5.513796273097534595e+01
3.542675937824442140e-03 2.000354267593747082e+01 3.275985372937255846e+01 4.430722588198164402e+01 4.675449920921078473e+01 5.504291122583898499e+01 6.037277126032100938e+01 6.865704367864071855e+01 4.888602975347779989e+01 2.883321149881686907e+01 1.881585514287552030e+01 1.173512404764565531e+01 2.935231216594135262e+01 3.767280866993304755e+01 4.517127982346111992e+01 4.925472039845830352e+01 4.079249939877235676e+01 2.929095486449518404e+01 2.713388116876474854e+01 3.599662650767252359e+01 2.058381923119775081e+01 2.402222667938986334e+01 2.767695296039162756e+01 4.753259423242317183e+01 6.052640838609767115e+01 6.835001945792211586e+01 7.698944275156968331e+01 7.296786192913718594e+01 5.831793702379492572e+01 4.342586746596735736e+01 2.315708012596525123e+01 4.342588209498741492e+01 4.579029454020681555e+01 2.942595895190023469e+01 1.893569370256340179e+01 2.934959628055958447e+01 5.047300316904365758e+01
3.411803931810562015e-03 1.414554742766288520e+01 3.414554742766358686e+01 4.384708965297893712e+01 4.749857337760609255e+01 5.142089609482449220e+01 4.037277120500494476e+01 5.711003779426485494e+01 5.722546335256986083e+01 4.718653703570487323e+01 3.354388302818679790e+01 1.350603742324651968e+01 3.354388366516932507e+01 4.446268433175377766e+01 5.238675063643833596e+01 6.071863433265517074e+01 5.722370100496971190e+01 4.909441113839598358e+01 4.715351040266622107e+01 4.882653453139935351e+01 3.470841406376840155e+01 3.810806758496904223e+01 4.753259820052536355e+01 3.449205003718977025e+01 4.104837348978238509e+01 5.053334042647987445e+01 6.674505514327161393e+01 7.704637160774949223e+01 5.376957310420572611e+01 3.740033182828489089e+01 2.717881013403987112e+01 4.755195632437148134e+01 5.945705401376154953e+01 4.229842608460486275e+01 2.185418030326664862e+01 4.229842608460486275e+01 5.948585078706636153e+01
3.327314952832964925e-03 2.000332731495247884e+01 2.637162068434650664e+01 2.384708964168772027e+01 2.749857335839595152e+01 3.142089606117136569e+01 2.882576582120556452e+01 4.882576584459175706e+01 6.227402151838234801e+01 4.622478864366932783e+01 2.617452107760571067e+01 3.354387876750429598e+01 1.610073548083392225e+01 3.614157041937223624e+01 3.233591528557150241e+01 4.298413496369300191e+01 4.519702118676242719e+01 4.745168209815459193e+01 4.974975531024372799e+01 5.217885883824909143e+01 5.471291936165296477e+01 5.801032430064910272e+01 6.243968796411945021e+01 4.585540111615883774e+01 5.056858277817482161e+01 6.058326593677652028e+01 7.699823168644526561e+01 8.437175347579733398e+01 6.766347433210179929e+01 5.228292775805061865e+01 3.176158207367129194e+01 5.229258305800814099e+01 5.966509711980692288e+01 4.546628399595089576e+01 2.495093353733053121e+01 3.670690699451621697e+01 5.743176865493190775e+01
6.779948344387334673e-03 3.169057608512773072e+00 6.371620684614529573e+00 9.704954017947891032e+00 1.335643773464902928e+01 1.727876043741277812e+01 2.244273823235609200e+01 3.398974361615005080e+01 5.398974382173961573e+01 5.455918679615076172e+01 4.034726011357477660e+01 4.446283644559662918e+01 3.614157136187350972e+01 1.875201925636275391e+01 2.076449688851369402e+01 2.293771319782227636e+01 2.515193525336779601e+01 2.740908656728669257e+01 2.971060512563054345e+01 3.214245270569961122e+01 5.217885540693356461e+01 6.403388991980155254e+01 7.392855097277343646e+01 6.560538654773195333e+01 7.034153814095262192e+01 7.865639451013532835e+01 8.907509963238122452e+01 7.590201263143171673e+01 5.283129679394596678e+01 4.201395272565465433e+01 3.883995329620918113e+01 5.933894269275266709e+01 5.083468515847241065e+01 3.007151824573587717e+01 3.262187373587632777e+01 5.329611646970243299e+01 6.625587280682725577e+01
9.516927588586143695e-04 2.000095169275850182e+01 2.637162047183434055e+01 2.125195940174020137e+01 3.335643768459959091e+01 3.142089606117136569e+01 3.658487385614515119e+01 3.187082864817689298e+01 4.601296427208212236e+01 6.601296440386217057e+01 6.041439575232308101e+01 6.103698668580842224e+01 4.415336917169524611e+01 2.410723419916901378e+01 2.710328706361758222e+01 4.296535224623898586e+01 4.519725459735607132e+01 4.745168226869959938e+01 3.788683447578583952e+01 5.217885960537544321e+01 3.568214062407961507e+01 5.570769049824642138e+01 6.775222702823330678e+01 8.499395373664289366e+01 7.675593711267140407e+01 8.493155179819768819e+01 9.424787809110367220e+01 8.525444973997896625e+01 7.337566157267993106e+01 5.734093442844685029e+01 4.788439508614795415e+01 6.803751378436862751e+01 5.487545791223720215e+01 3.389355109722517057e+01 5.330519573743654860e+01 4.716256026213861929e+01 6.814613768156165463e+01
1.945935296826602993e-03 1.414408155918297894e+01 3.414408220003711136e+01 4.125195934259017605e+01 4.953621349583240629e+01 5.142089609482449220e+01 5.658487392591968046e+01 4.601296427208212236e+01 4.601296427208212236e+01 6.601296440386217057e+01 6.428724574551686999e+01 4.422265218186772273e+01 3.265268504846259390e+01 4.415337284797724493e+01 4.715490243811701987e+01 3.712238018916198712e+01 5.716877924278843892e+01 5.425273611161969001e+01 5.205849934675359236e+01 5.572016966115119629e+01 5.572016972008862723e+01 3.939573057837005621e+01 5.944155182872234633e+01 6.675478295538067641e+01 5.672909754717436215e+01 6.677193960880147472e+01 8.091010987249013908e+01 1.006985861786350966e+02 8.878636911409721222e+01 7.761303553688571810e+01 5.974586058984038317e+01 7.146690083492759982e+01 5.010889578581497972e+01 3.790689655094037391e+01 5.917224038294389743e+01 6.814601466023496812e+01 7.707418215470598000e+01
5.600688922766023682e-03 2.000560068892241006e+01 3.879320841526882191e+01 4.707747966273101525e+01 4.986047461020680771e+01 5.204827060503070868e+01 6.033254185249290913e+01 6.601296440386217057e+01 6.601296440386217057e+01 7.429723866001826593e+01 7.263716156642786359e+01 6.103698668581186126e+01 4.267150651545503592e+01 6.103698668581186126e+01 6.548425347930982809e+01 4.714292259702700250e+01 6.548413415171576446e+01 6.843653779221376965e+01 7.211824063722970379e+01 7.577422002040884763e+01 6.775225568597127790e+01 5.096405537633926031e+01 4.335534339930496373e+01 4.669045423372535453e+01 6.675478171724425636e+01 7.858735599254892179e+01 8.525366502445614003e+01 9.279336437467048881e+01 1.010102910744057141e+02 9.006451932414464068e+01 8.092116074230261802e+01 8.056728764320719449e+01 6.448334113192109385e+01 4.282326687356625428e+01 5.339236246614704129e+01 7.298768493430061710e+01 8.332453716442786629e+01
8.215197286175309616e-03 2.000821519728582132e+01 1.879320841526811492e+01 3.124620303147571931e+01 2.986047461020610427e+01 3.204827060503000524e+01 4.870956097347926317e+01 5.699383222094146362e+01 6.699383222094280654e+01 8.151048817130958923e+01 7.326918957333298010e+01 7.107984592951022762e+01 6.273516907262433051e+01 7.108783458255331311e+01 7.551555466454769316e+01 6.719489659959045014e+01 7.551530253849703911e+01 8.849374764586242748e+01 8.919269911300808928e+01 9.105819166577332169e+01 7.102192071447413468e+01 6.877525111027104288e+01 4.870820037012327930e+01 6.675478177983099215e+01 5.248168000996581384e+01 5.854292653384188583e+01 6.524658136814795739e+01 7.283503226542590880e+01 8.696691211954340872e+01 1.067867767580977869e+02 8.999152562505027220e+01 6.740944235239565785e+01 5.461314532211706307e+01 4.998490583614825056e+01 7.092920820077038968e+01 8.065196339637074630e+01 7.425535680224285784e+01
2.613274238814250559e-03 3.594719314774304841e+00 7.246203031475396905e+00 1.124620303147536227e+01 1.571833898647490280e+01 2.204289430681177464e+01 2.870956097347855973e+01 3.870956097347890790e+01 5.870956097347961133e+01 7.000525785578274451e+01 5.331943277031861328e+01 6.175196472324665820e+01 7.000869441229882284e+01 6.822472138179362844e+01 6.237719066669995982e+01 6.239362771357636461e+01 7.080212732346362259e+01 8.331678726231953647e+01 6.922955698128063773e+01 8.333724776381613708e+01 8.878837978439278800e+01 6.877268582361666915e+01 5.505777372095915467e+01 7.511115830248827763e+01 7.254579196475386027e+01 6.105348421576881179e+01 8.108871125055692630e+01 9.279335824189844573e+01 1.010102910744057141e+02 1.057707009882176834e+02 9.946330168897407020e+01 8.629287011380651506e+01 7.268474517726019712e+01 5.846061903204457622e+01 8.148028380345260757e+01 8.851664791315685932e+01 6.683637297738408733e+01
7.532853315450405325e-03 2.000753285331509446e+01 2.724620303147504075e+01 2.279320841526767438e+01 3.571833898647419403e+01 3.204827060503000524e+01 4.870956097347926317e+01 5.699383222094146362e+01 6.699383222094280654e+01 6.175152874946544301e+01 4.177684957986654268e+01 4.177684997229838615e+01 5.848309218301105261e+01 4.822616955048713550e+01 4.237150447165108602e+01 4.237189905986748784e+01 6.238680074601809622e+01 7.437015317290622818e+01 5.509911833783248625e+01 7.439829772565965982e+01 8.592482717831612149e+01 8.219197178805897863e+01 6.216639504418024842e+01 8.219197178805897863e+01 8.864791110088023629e+01 6.864849111838705653e+01 8.108888811917597650e+01 1.010646171096990429e+02 1.002026155899020097e+02 8.633201891257171212e+01 1.002031116331884562e+02 1.051425106540313976e+02 9.175622633950730744e+01 7.229198586682632310e+01 9.166868372844471935e+01 9.795789298612233154e+01 8.062270166671285665e+01
6.101047412966256744e-03 2.000610104741260997e+01 3.585043331476882855e+01 4.279320841526696029e+01 5.107747966272857099e+01 5.204827060503070868e+01 6.033254185249290913e+01 5.355426855826326715e+01 5.941278285848473928e+01 6.018661619046641675e+01 5.021896103165290270e+01 3.023049348076361298e+01 4.237794667211925770e+01 4.473287667481518781e+01 2.821310055218284418e+01 4.822561419394696003e+01 5.473199595281555929e+01 5.762542658666330908e+01 4.617046260667714819e+01 5.769969808068758255e+01 7.767373871951350850e+01 9.047982443975395483e+01 7.375145958407981084e+01 9.048021857565910864e+01 9.693255772467752251e+01 8.021314215312068541e+01 9.690592272564170173e+01 9.674422132924301820e+01 8.846023277937526075e+01 7.234208076484810590e+01 9.151229680791466592e+01 9.008470400690522695e+01 1.009204183762740712e+02 9.869537992125060555e+01 1.042975509652841595e+02 1.120823728533129042e+02 1.057146083720043066e+02
6.842009524227352091e-03 7.566131469708804680e+00 1.756613146970915906e+01 3.170826709937855270e+01 5.170827279861869386e+01 5.897314609795568430e+01 4.769692888891982108e+01 3.355352570912673116e+01 3.941160765843792291e+01 4.018554324581179316e+01 4.444893057124575364e+01 2.445699093612834929e+01 2.237775242301574607e+01 2.472013269373036337e+01 4.472328026617331176e+01 3.200964670207523000e+01 3.476683171140584960e+01 3.765774772772963530e+01 5.762577093466271805e+01 7.079291593386814441e+01 8.076891322754721614e+01 8.895593402615138245e+01 9.372153227073550852e+01 1.020145425350041535e+02 1.084727532530325078e+02 1.001718126040920396e+02 1.025810591629407327e+02 8.261391368869408325e+01 6.854421457978611443e+01 6.349391948797185137e+01 8.008847194657285229e+01 7.397710369782899420e+01 9.258221989547863018e+01 1.038774656354103030e+02 9.276119151785241002e+01 1.038406916473363140e+02 9.755239784208359310e+01
1.934550753332892102e-03 2.000193455075297777e+01 3.585040801350146467e+01 4.585042616615675826e+01 5.405821119067309866e+01 3.900468983299700909e+01 3.900468969877073278e+01 1.941132896882280434e+01 3.286344789703667146e+01 2.604327457661582201e+01 3.616319299411542687e+01 1.911176609930387116e+01 3.911208172413990525e+01 3.329587205645244552e+01 5.092989985898822880e+01 4.615021977034732004e+01 4.630303195755647749e+01 5.762577839241456701e+01 4.257385120786695154e+01 6.251431257432817290e+01 6.084906876473215931e+01 7.496998476090291774e+01 9.485200648716198657e+01 1.120888848384800127e+02 1.123267275218344281e+02 1.015926139747987236e+02 9.330665222483835919e+01 9.286479285249370719e+01 7.586115520591825145e+01 5.609272285622594012e+01 6.069319107633896238e+01 6.232403460392944083e+01 9.284302962113716262e+01 9.608681355276000602e+01 7.785937353053439836e+01 8.461347465535138213e+01 8.069926274897258622e+01
4.364784840791047053e-03 1.414651577372669244e+01 3.414833110719278864e+01 3.405791989685607746e+01 3.405791981099891785e+01 3.728143961831377595e+01 1.901029125728574343e+01 1.124635375336065479e+01 1.286326671667631594e+01 1.449626029870587374e+01 1.616292697609352302e+01 3.616319277472592120e+01 4.739776583043796876e+01 5.218023580825952479e+01 6.113232594476436077e+01 6.612139725509125299e+01 6.042600402519723701e+01 7.059761751484131764e+01 5.255369914270985987e+01 4.821689253710646739e+01 6.817084801961404139e+01 8.356579020692613824e+01 8.367215460315262021e+01 1.035993952213558771e+02 1.038713331756735272e+02 8.404779674891413777e+01 7.333465418356986731e+01 7.699922967990326583e+01 6.476272814057070093e+01 5.094659014460705038e+01 7.058313931321026757e+01 7.874138617757630243e+01 8.701025331255996775e+01 9.899549027644023624e+01 7.960377902273368989e+01 6.622683811900537876e+01 6.775583739161857011e+01
5.219006137575642711e-03 2.000444610487938490e+01 2.270016058541034809e+01 1.405785487324467553e+01 2.543802062386253482e+01 2.682823436119967297e+01 9.010139192701867472e+00 2.901044819999440705e+01 3.286344789756675766e+01 2.863897459450265615e+01 3.613706868292665320e+01 2.024540988086011239e+01 4.024575207194548199e+01 5.206941213906910093e+01 6.035561781185825936e+01 7.035703509503166231e+01 8.039128068612077982e+01 7.250320147473406962e+01 7.251417962563834863e+01 5.820246962581100547e+01 5.576341625338161379e+01 6.337709647504136257e+01 7.513486689134859375e+01 9.533050303421701699e+01 9.559324102092806186e+01 7.559570199979687288e+01 6.411215252816222687e+01 5.715207253859534120e+01 5.195367636842925663e+01 4.717938156677190875e+01 6.255471336140791294e+01 5.891684083768056013e+01 7.267043291641719804e+01 8.094257312605064669e+01 9.333837418098462990e+01 7.710230077198859533e+01 5.789067319511931942e+01
