LEM/sinusoidal_perturbations/elevation_000078.asc
nrows	100
cellsize	150.0
xllcorner	0
ncols	100
yllcorner	0
NODATA_value	-9999
[rows 34 to 50 of 100, columns 37 to 73 of 100]
1.178585718450224249e+02 9.910906048445062311e+01 9.091865926124283703e+01 1.094361998937893787e+02 9.920950746793135977e+01 7.953224627111404743e+01 6.974141169301023524e+01 6.284072285014023151e+01 5.665377101481614375e+01 7.617194212177031432e+01 8.776820535891819475e+01 6.998598895072397852e+01 5.031605626135584686e+01 5.773504164432360852e+01 6.749662511329358949e+01 8.736332186238733755e+01 9.421604714894343147e+01 7.344999459028642264e+01 8.822075205319436009e+01 7.973252421489850406e+01 6.218912354266699083e+01 8.302125513762449316e+01 9.077153184540908626e+01 8.616964080610416943e+01 9.909897230775651167e+01 1.065043589971486426e+02 1.147308669161951826e+02 1.239885376364652529e+02 1.307289718838389945e+02 1.413474619084936137e+02 1.404787732801112270e+02 1.353713513936628203e+02 1.190600405410940397e+02 1.161593508470155029e+02 1.010287504060983252e+02 1.204692574635336513e+02 1.126698409493028379e+02
1.257727225768268511e+02 1.170009841500532701e+02 1.014276016727533971e+02 1.169998856712256554e+02 1.073452338556914611e+02 9.750625967493247970e+01 8.937037457626347248e+01 7.922028724685742418e+01 5.972493399658443991e+01 7.922028724685743839e+01 8.598632995026959236e+01 6.616073270863998346e+01 5.231735759231062133e+01 7.196751569964003181e+01 8.571067612240285882e+01 9.567227140134431806e+01 1.025958491734343880e+02 8.397488142474462336e+01 9.019211300998885861e+01 6.928514965289606664e+01 8.302125514031922648e+01 6.602911708869413587e+01 6.984157123999513317e+01 7.395492130941828179e+01 7.855641474161600968e+01 8.653240144654542121e+01 9.655092862334244330e+01 1.096920941568535568e+02 1.280424859300423464e+02 1.404766909296047004e+02 1.209163340680867549e+02 1.248937898280645555e+02 1.055606792559802471e+02 1.123634554300201387e+02 9.567174660265972364e+01 1.086800379069313180e+02 9.239667762406281781e+01
1.094224697651347071e+02 1.180624105928146008e+02 1.180017620391979136e+02 1.260689992387787584e+02 1.172437357543355603e+02 9.774135438406497656e+01 8.387328566332303126e+01 7.261518434334135463e+01 6.291925784102492258e+01 8.238166913476959508e+01 8.543730982851506894e+01 6.560941525606942548e+01 5.434900188272786892e+01 6.560941525606942548e+01 7.957533606205232957e+01 9.958936639752481312e+01 1.127799946015573624e+02 9.855405362463427821e+01 9.556203598376853847e+01 7.476385928490283561e+01 9.116753973477142381e+01 7.021430570219253298e+01 9.077153184791745844e+01 9.475048856649132745e+01 9.909896872914134747e+01 8.717191299954789940e+01 9.630448750832535154e+01 1.078193721499268065e+02 1.276709838956415979e+02 1.366125777566417128e+02 1.163150427206980169e+02 1.044311087229837796e+02 9.792747221210601083e+01 9.178519568191703115e+01 1.053029617236961428e+02 8.846033753736519145e+01 1.086800379069300249e+02
8.530447139058217942e+01 1.055115767219530198e+02 1.218667362225467627e+02 1.276473727242796770e+02 1.159065342530647058e+02 1.068644459884454392e+02 9.904589156579001497e+01 8.582024788652513791e+01 6.640007222332400261e+01 8.582024788652789482e+01 9.374530144919221186e+01 7.642134669272783754e+01 5.676627903306408029e+01 6.021564124270685170e+01 7.993549430122624244e+01 8.621928261888275813e+01 1.062810645820419211e+02 1.187086999917311942e+02 1.012665046520891110e+02 8.069812642078784393e+01 9.957774701532201789e+01 9.116754158574677547e+01 7.683022494627022070e+01 9.163093988473993079e+01 1.118534817076942005e+02 9.735607916010923191e+01 1.073161657558663791e+02 1.245139674990990812e+02 1.360252207270149256e+02 1.448917530913834923e+02 1.332253338079634943e+02 1.248937898326798859e+02 1.136015142639734705e+02 9.324121982864888025e+01 8.507459495566597241e+01 1.052368952035305796e+02 1.132304499727112841e+02
7.397073595853991890e+01 8.889991557977144510e+01 1.075320312559821758e+02 1.153249877895101463e+02 1.025908001995948808e+02 8.944590426914082570e+01 7.978074951536102333e+01 7.396185900028369531e+01 7.135196203509609347e+01 9.078883223593823004e+01 9.301800250584825847e+01 7.304744176888928564e+01 5.919771387469297252e+01 7.889668358467008602e+01 6.634843946313719698e+01 8.621928261892186640e+01 1.018560094655020265e+02 1.119032570832442417e+02 1.073895831047502156e+02 8.708117193165161041e+01 1.073895744349647146e+02 1.024438798024420123e+02 8.188924094613798843e+01 1.024422762414227179e+02 1.186297905340763350e+02 1.113560443248890977e+02 1.253622485789469039e+02 1.357463863289439985e+02 1.418282174431731164e+02 1.335926365058400904e+02 1.419220069142859018e+02 1.280211790797216622e+02 1.076286964101379624e+02 1.034689577072278723e+02 8.303511938605305431e+01 9.997313476109367514e+01 9.290690535900996849e+01
6.639323858320878458e+01 8.785211681564297237e+01 8.495157336962699901e+01 1.028538191367254342e+02 1.143260619869242873e+02 9.553539128481273224e+01 9.904589156509628367e+01 9.329288218285699941e+01 7.660834946569102044e+01 9.601442396924193190e+01 9.562366718247331221e+01 7.559860208141674320e+01 6.169019207948257133e+01 8.146380785575927064e+01 8.621928261892175271e+01 7.351484471816910116e+01 8.348534924503762511e+01 1.035680472086333594e+02 1.144940958518630651e+02 9.439890220843281554e+01 1.144940875218847651e+02 1.107868860771084769e+02 1.022719438473163365e+02 9.011593309628467807e+01 1.018931578721580422e+02 1.225525853991972838e+02 1.387195502514641987e+02 1.398461516431165421e+02 1.318106724088279975e+02 1.132560779426486306e+02 1.318107221008351644e+02 1.363431322734750495e+02 1.280211789139816290e+02 1.119156450336820399e+02 1.002810929315997868e+02 8.018030699134168060e+01 1.004128733436078278e+02
6.056981926666939131e+01 8.173849907090695410e+01 7.237402518234740967e+01 9.283227320863271359e+01 1.067013421563102895e+02 1.143268812866304813e+02 1.057650244806894761e+02 8.621148925798286200e+01 8.895593731073080335e+01 1.041474373101629283e+02 9.832867107944989016e+01 7.825629620664469144e+01 6.426294476537280786e+01 7.825629620275437048e+01 9.832866612853345600e+01 8.014190202288693854e+01 1.002193942722014128e+02 1.119032586132073561e+02 1.227694112123899828e+02 1.086422673759343382e+02 1.144933202944111912e+02 1.243231128991180299e+02 1.044594917737776996e+02 1.018807216411415340e+02 1.191386211419459613e+02 1.319990112221233005e+02 1.338795386816681798e+02 1.196004799445062048e+02 1.234303563708520812e+02 1.030833494123061200e+02 1.162374050602858233e+02 1.365658927736177191e+02 1.291861778825486340e+02 1.086760435400438496e+02 9.848249572607299740e+01 7.823010277307042770e+01 9.586642401351129195e+01
5.534477965645677955e+01 7.442470180035532223e+01 6.295913351193004104e+01 7.516862256895170447e+01 9.705194058942761615e+01 1.133401302495176282e+02 1.137510970319910513e+02 9.495318997315426657e+01 1.076085996802835183e+02 1.151860857165188605e+02 1.016377080044041890e+02 8.695186924812257701e+01 6.696966387620986438e+01 8.695186924813683049e+01 1.023992668885191932e+02 1.002193971194842703e+02 9.172661423677067205e+01 1.033279631230762590e+02 1.234280914215252096e+02 1.286187387979119876e+02 1.344661637830064365e+02 1.324559967291161229e+02 1.243452420866543520e+02 1.224245558990268847e+02 1.316944624653652625e+02 1.407157733848327723e+02 1.255333065072760235e+02 1.052437420012936542e+02 1.127023969170793833e+02 9.595960510521042863e+01 1.162374049361297637e+02 1.297470999344190830e+02 1.231954077389417819e+02 1.026619262974511173e+02 8.828893782330828799e+01 9.586621468411270541e+01 7.557365777650610994e+01
5.085042119712989006e+01 5.362395609901377469e+01 7.314450404431312336e+01 7.276862995825389646e+01 8.464247067330833829e+01 1.049202845748805544e+02 1.223088889069214815e+02 1.087550936720788570e+02 1.223088886612606814e+02 1.072030232897295008e+02 8.591013145677811735e+01 7.309918394695527866e+01 7.291451967419216373e+01 7.395775281236207377e+01 8.816681440891470345e+01 1.082826390661307840e+02 1.118220855914853473e+02 1.201772766457640955e+02 1.318339197861444916e+02 1.408292329982835724e+02 1.359494500851121472e+02 1.443995546795098335e+02 1.337649386672969456e+02 1.252466887174276167e+02 1.337114641546313294e+02 1.332334720322261887e+02 1.131877247581804511e+02 1.014838177590154373e+02 9.251323006961429485e+01 9.022064106731916411e+01 1.010729614492898207e+02 1.213410831571071640e+02 1.291861666978295773e+02 1.086760428582827132e+02 1.086760396974371190e+02 9.403567560125233626e+01 7.370527495856119060e+01
6.559227407706001145e+01 7.442468970066471456e+01 5.808919671724956402e+01 7.892625007779889756e+01 8.253927554245383647e+01 9.753349563128814737e+01 1.195524844832445268e+02 1.276755140268858497e+02 1.176244338509921903e+02 1.006538750709815275e+02 8.048296255980753244e+01 9.328057923898326464e+01 7.924982808372439536e+01 9.405860420686470036e+01 8.251753799970676084e+01 9.152280577441491971e+01 1.031325545871471121e+02 1.232391313417755896e+02 1.408292329355915342e+02 1.204283095455922137e+02 1.155506462569465924e+02 1.326219977416498068e+02 1.235419716705595761e+02 1.049053016969756698e+02 1.159433097632229703e+02 1.243980662824261287e+02 1.299566956696921523e+02 1.210083864611025177e+02 1.047922363862018642e+02 8.477360052286182679e+01 1.047922253590648012e+02 1.107188344309494994e+02 1.191384148434946439e+02 1.172641308363105566e+02 1.070097748373659243e+02 9.241248643047698863e+01 7.205237762723938033e+01
8.634637204000672739e+01 8.345266524033917221e+01 6.265368016507902382e+01 6.533830086351109401e+01 8.019276375034398541e+01 1.010571377954974821e+02 1.166572373331940469e+02 1.236845731421689010e+02 1.033539801546025245e+02 8.911802042046119254e+01 9.475305246176918672e+01 1.060849518269062060e+02 8.596575047934527447e+01 1.060849533789680237e+02 9.413968180612607739e+01 1.026381621792532997e+02 1.199833564328961586e+02 1.316083713330516787e+02 1.355207468668102990e+02 1.241721945195133259e+02 1.038012115311876897e+02 1.241721945276886174e+02 1.150739878660896238e+02 9.485770830694963252e+01 9.571940781310318869e+01 1.080094534838660110e+02 1.164355088249483998e+02 1.155416133848467979e+02 9.533760362070668748e+01 8.133879076757115456e+01 9.649654849768130305e+01 9.060550435697189187e+01 1.107188323638089571e+02 1.087556014924454786e+02 8.826100637187607845e+01 7.813315357664480132e+01 7.042370492339561849e+01
8.872347023220441997e+01 8.820254352781253715e+01 6.743665571990172225e+01 8.629108737729002598e+01 7.504482395500529890e+01 8.728024265737258247e+01 1.080029488360713970e+02 1.234942561365099039e+02 1.033948758734768347e+02 1.007313988528841122e+02 1.148997212516431574e+02 1.144595321785806732e+02 9.602993353348334438e+01 1.144595304566612839e+02 1.142469999794021618e+02 1.226023568081886168e+02 1.311375609090329704e+02 1.355206670141002689e+02 1.151288090523291743e+02 1.177303566555419678e+02 9.741665171325398376e+01 1.177303569021090937e+02 1.185844441668013758e+02 9.833620893030439447e+01 8.423143026962199542e+01 8.791486152581119029e+01 1.047920033221528655e+02 1.128027281205252876e+02 1.045682578521311257e+02 9.649654849031745130e+01 7.671569525628429176e+01 9.060550426732723395e+01 1.107187660900603134e+02 1.172641347228661459e+02 1.070099794418253651e+02 8.924437071763388474e+01 6.884579653436925639e+01
9.713084098067317029e+01 9.320814146781302156e+01 7.250290753659993470e+01 9.320786301856507805e+01 9.596346491373121523e+01 8.955034899757669109e+01 1.114923829705107181e+02 1.319427284802545444e+02 1.235024026976125953e+02 1.208893327065051011e+02 1.293337610487726295e+02 1.245846100513833647e+02 1.161476978071962662e+02 1.245231986225629157e+02 1.315609500563738550e+02 1.399358892838464783e+02 1.450698052418275381e+02 1.246642473619333771e+02 1.102546243499824925e+02 9.854731725454479374e+01 9.186288493189678661e+01 1.061298601173632647e+02 1.022572674725144992e+02 9.860052185020600746e+01 9.513213391294281962e+01 7.654068951229784545e+01 9.542412972206551558e+01 1.036591723632014208e+02 8.471405505808128567e+01 8.953452244260130044e+01 7.380426184063722417e+01 8.506265591254367564e+01 1.050983988237440201e+02 1.124832898520451323e+02 1.041479266899252991e+02 9.774887088159934478e+01 8.704944319621844784e+01
1.055911284280171998e+02 9.967582126647535290e+01 7.908535226483462566e+01 8.723438094917894148e+01 1.019003047428736153e+02 1.100149701633969386e+02 1.215630023972713332e+02 1.347039230792913713e+02 1.264326703264883491e+02 1.264187242991388445e+02 1.347393872540209259e+02 1.372775401849285686e+02 1.255707382155489853e+02 1.171615582346009035e+02 1.112063926402491916e+02 1.315609500564369796e+02 1.389966959324800371e+02 1.305566941258712461e+02 1.273188447572990469e+02 1.188708769516943704e+02 1.061298601173632647e+02 8.600722400994813199e+01 8.222839762945547193e+01 7.867610521038194804e+01 7.531437036182327915e+01 7.210598211790022560e+01 8.071869565963567084e+01 9.525493273421319884e+01 8.953452249207266789e+01 6.988595085400976359e+01 8.953452249207266789e+01 1.018744832558317768e+02 1.135646274348108733e+02 1.041149821812850007e+02 8.388726872163229586e+01 8.983683630484962634e+01 8.348208477217154666e+01
1.172755026241781877e+02 1.068379588862158016e+02 8.641661972576305573e+01 1.068240959100936180e+02 1.164859134577239814e+02 1.313223261883343014e+02 1.404744887804925213e+02 1.216206810136688858e+02 1.064513199823254297e+02 1.061234964204668501e+02 1.230568354414886301e+02 1.289166811653726938e+02 1.085670059931484701e+02 9.691429955633695670e+01 1.085323475692571407e+02 1.169350752685741242e+02 1.305566941258712177e+02 1.103885519622649554e+02 1.162956640380366906e+02 1.194735098012045711e+02 1.110861271653149913e+02 1.061298601173632647e+02 1.022572674725144992e+02 9.860052185020600746e+01 9.513213391294281962e+01 8.806716891909326250e+01 6.845849983669934602e+01 8.453042128202007177e+01 8.346682814471247980e+01 6.729644949439534685e+01 7.701694253955655256e+01 8.834389355949825529e+01 1.085327724196226598e+02 1.043095534431041926e+02 8.389360783191756354e+01 6.952294161692410057e+01 6.311491500552760670e+01
1.128875019479041271e+02 1.153809282690859419e+02 9.817604820909858176e+01 1.153860767838667698e+02 1.286256121297135735e+02 1.200667881379904287e+02 1.286166486850258650e+02 1.347017178360249261e+02 1.146181172381311200e+02 9.457550752226489976e+01 1.067522857430703027e+02 1.151272902184187217e+02 1.255707389475439015e+02 1.085323475692407698e+02 8.840097900044091261e+01 1.085323475692451467e+02 1.235778030566349059e+02 1.162956640376460768e+02 9.615664298898812490e+01 1.055309044851522771e+02 9.089481200013359796e+01 1.078063052800711290e+02 1.065653741293716195e+02 1.149512463199609016e+02 1.128447526529914455e+02 9.640355841192310038e+01 8.453042128202007177e+01 6.493318232003259993e+01 6.385056825736212716e+01 8.346572087828549513e+01 8.326267771221156977e+01 1.032012417903812036e+02 1.171048645666212451e+02 1.099236147466716034e+02 8.980569208324013175e+01 8.207328072476595082e+01 6.172524663751045892e+01
9.402063107406327447e+01 1.179761774062073840e+02 1.181253887582548998e+02 1.265580370640524279e+02 1.183831744135599138e+02 9.973550844269547611e+01 1.183805282648455233e+02 1.246854113537069964e+02 1.230447855112416988e+02 1.067522854731411570e+02 8.669223470435180445e+01 1.067522860152454882e+02 1.178101937706896081e+02 9.757211695857574796e+01 8.344425449444653964e+01 9.495531697655017922e+01 1.151715736543362425e+02 1.197763686826092169e+02 9.963024001226517612e+01 8.529206878127070013e+01 7.906242088735210416e+01 9.222811093468364163e+01 8.628942207213123083e+01 1.065653741293716195e+02 1.046066914182539449e+02 8.602052660603087020e+01 8.943115139645271938e+01 8.107991634957788563e+01 6.145805354146391863e+01 8.107991622278593979e+01 9.758124620287867401e+01 1.116005458337724718e+02 1.144855940333190603e+02 1.059340354137521274e+02 9.515494995028655012e+01 7.467794250065365702e+01 6.035019634160302360e+01
