LEM/sinusoidal_perturbations/elevation_000581.asc
nrows	100
cellsize	150.0
xllcorner	0
ncols	100
yllcorner	0
NODATA_value	-9999
[rows 68 to 84 of 100, columns 0 to 36 of 100]
5.009162696260268353e-03 2.000500916269590590e+01 2.568921823119182335e+01 1.061287780292774485e+01 1.426436151962888310e+01 3.426436139244546553e+01 2.776316267589239928e+01 3.461763567478725179e+01 4.891880743852050273e+01 6.896302134310900556e+01 6.325981995631737931e+01 4.318117569541464462e+01 6.325981995631737931e+01 6.726108372595240326e+01 4.716511948390000697e+01 3.497187296864417760e+01 5.347667430235276242e+01 5.836001105594026939e+01 3.934833586789494575e+01 3.615233373215718160e+01 3.017800309137381731e+01 1.081248194811947805e+01 1.248673750138086724e+01 3.468542560911897255e+01 5.019873123672535087e+01 5.652887646341995520e+01 5.657994293995680124e+01 7.427058051228671332e+01 6.506172274320321947e+01 4.518419776019425882e+01 3.092241753605055976e+01 2.541091019516453642e+01 2.158023653928803043e+01 3.909444545101781188e+01 4.261084910097672207e+01 4.059328149738589531e+01 5.507261456903287922e+01
4.695337527364121070e-03 2.000469533752700713e+01 3.889713156691472307e+01 3.061288035190358059e+01 3.426435962873077301e+01 1.992121576912136405e+01 3.992121563833287468e+01 5.247565702464696358e+01 6.246493998828527339e+01 7.141231219508834727e+01 5.132138411515840204e+01 3.711778235585678232e+01 5.720588092791423662e+01 6.137503003239977772e+01 4.127918181460282199e+01 2.698929223148313739e+01 3.324178634460096049e+01 4.738774145836335094e+01 3.730250390035411101e+01 2.096804699469679178e+01 1.040715910834457958e+01 1.054292381721454497e+01 3.088557044287004061e+01 2.107143148338000316e+01 4.212783833782839338e+01 5.710087900432235131e+01 6.541525551556655671e+01 7.546404326869568990e+01 6.506172274283342460e+01 4.518419776019425882e+01 5.083679764567824577e+01 4.448229716163544367e+01 4.125820667465127656e+01 2.222127753638294578e+01 2.314362584999523875e+01 4.491036146517343752e+01 6.244475919109238760e+01
7.614146464036155443e-03 1.155461953025156774e+01 2.569675515053260284e+01 4.569675237198797646e+01 4.820541823324647623e+01 3.406335139255499911e+01 3.063916558716050886e+01 4.530375228146191091e+01 6.659020865630193953e+01 6.774074023659497357e+01 5.201915607060010416e+01 3.190295862326500043e+01 4.511935727925141748e+01 5.344450504794283319e+01 5.548936060949114335e+01 3.916844781088791194e+01 1.912916355025448212e+01 3.243675312706147196e+01 2.902311348676578007e+01 9.996809306496597713e+00 2.945148283046146176e+01 1.840464093562908587e+01 3.842842815397505518e+01 4.212783833782832232e+01 3.014686976166877130e+01 3.697869743199382953e+01 4.704177946004340072e+01 6.715997854871754669e+01 7.331299200360729174e+01 6.506172274303273184e+01 6.160957085984812664e+01 4.999864424524113105e+01 3.802247442370586583e+01 4.164788353602033055e+01 2.285191983185263709e+01 3.419883017763458355e+01 5.407769407335765521e+01
2.352828262072654761e-03 1.414448845199314775e+01 3.414448845199385119e+01 4.670270633467125521e+01 5.498697720793196453e+01 5.406335094701405808e+01 4.228990303498038372e+01 5.916873449273708729e+01 7.101689347259633678e+01 5.092512779004677270e+01 3.933072920622403501e+01 3.170798086371410207e+01 2.502065262438237525e+01 3.984117885718141139e+01 4.816632878224410064e+01 4.009542089206521354e+01 3.117904620945396132e+01 1.311230090540081150e+01 9.589806407484683604e+00 2.841920996359660023e+01 3.766981053160186121e+01 3.843789465946348116e+01 3.249828400328798494e+01 5.277745436615263941e+01 4.450150816200528681e+01 5.710087900432265684e+01 6.541525551722284604e+01 7.546404335307629196e+01 7.975011019777038257e+01 6.976365053979307618e+01 5.321852158449759429e+01 3.146554457239997049e+01 4.359108220691573621e+01 2.348704380934851699e+01 4.083603722707972850e+01 4.913730874386116199e+01 4.678329194106086675e+01
6.786455232800275850e-03 2.000678645523244370e+01 3.256057071198613784e+01 2.670270633565645468e+01 4.670270633330736132e+01 5.734840393875538211e+01 6.251576147755960733e+01 7.081340568947861414e+01 7.934179676719237762e+01 6.774074023659497357e+01 5.941690714728142808e+01 5.182504548702009828e+01 3.984117885718141139e+01 1.992203731369484032e+01 3.493742519779114986e+01 3.178862069679179925e+01 1.195670992988046777e+01 9.179279508805056054e+00 2.286449841148735018e+01 1.347095387771529751e+01 3.330186698095062781e+01 4.585221885063717195e+01 5.277745436478181773e+01 6.126830746482393408e+01 6.461801109651159436e+01 6.966824770065058203e+01 7.798163863646661298e+01 8.550852971724748386e+01 6.601850022760088166e+01 5.150413682015256711e+01 4.051185309795810952e+01 4.794740910562300940e+01 2.413384238536368898e+01 3.490978383262863360e+01 4.646133636824868063e+01 4.376275917078648092e+01 2.705250124756610219e+01
3.257643153035955173e-03 2.000325764315267918e+01 1.256057071192575236e+01 2.011986017211043176e+01 2.906413208210974730e+01 4.320626770584119924e+01 6.320626771211063755e+01 7.806862041089098625e+01 8.659468441541199013e+01 6.889810340393272270e+01 5.884467330253018247e+01 5.051451395949631262e+01 4.293732217404416218e+01 3.493742519779114986e+01 1.531031602334488184e+01 3.031110246154650767e+01 2.798308519073781753e+01 8.880293728362872230e+00 2.844324329336472346e+01 3.330187347840272594e+01 1.765021878369241293e+01 3.754277272080538097e+01 4.549063141315193093e+01 4.909212662182660125e+01 5.544837822649736125e+01 4.955831543518073801e+01 6.966824770065058203e+01 8.542126104187589419e+01 7.431280361526073364e+01 5.423671017899999214e+01 5.850477474545236589e+01 4.693571648743331082e+01 2.459641190030978564e+01 3.907564221798543969e+01 4.502521523320624652e+01 2.638286165436135633e+01 4.487741547890294669e+01
1.880098487986705483e-03 4.715925306398323080e+00 1.626293069019104109e+01 3.626293069022213444e+01 4.840413168804175115e+01 5.734840413063501785e+01 6.327000068925647014e+01 5.714021169672096079e+01 7.806862041089098625e+01 6.056631863950740069e+01 4.046270927981201027e+01 3.046714885922274618e+01 2.294552305455838948e+01 3.351309730270923382e+01 2.874708663623214022e+01 1.096500898321251505e+01 8.445653774627333021e+00 1.050521241465076194e+01 3.043537488907943001e+01 4.585318483012218138e+01 3.754277272080538097e+01 2.210988232330486980e+01 2.548808210161120513e+01 2.903843457142197337e+01 3.534818628030534171e+01 4.539180255845061396e+01 5.700735975871167227e+01 7.711288335531754967e+01 8.232520916232495267e+01 6.862095620760645431e+01 6.860015821293191607e+01 4.410143995409520556e+01 2.930086706417892373e+01 2.525219879309181437e+01 2.571616376597375009e+01 4.438785989783119845e+01 5.288971618877621239e+01
2.900726248362994839e-03 2.000290072624800786e+01 3.300019656520611022e+01 4.454720195682653383e+01 5.972166884594378899e+01 5.105701347952133773e+01 4.211648632941384562e+01 5.541209509462608906e+01 6.405302679082140571e+01 6.889810328222556279e+01 5.403703987261004471e+01 3.397142529889097773e+01 2.246381200403379452e+01 1.363619868374407318e+01 9.840003655313516617e+00 7.995681331421585547e+00 2.748014622200139812e+01 3.041997704179497930e+01 2.675559871232891851e+01 4.685033289388884015e+01 5.037848708175011581e+01 3.358016734700107975e+01 4.549063141315193093e+01 4.909213943086512444e+01 3.569153105337871779e+01 5.579130012664023752e+01 7.078671424497224507e+01 7.908520286536678157e+01 8.911776135271058763e+01 8.805413882177747098e+01 8.176708365905778919e+01 6.512115847992282625e+01 5.248746728672622197e+01 4.543626278244601480e+01 2.826409436198769853e+01 3.892939350603752047e+01 5.822658540211821787e+01
5.081304048347549951e-03 1.155208668783659576e+01 2.569422230749835379e+01 4.569421766372327198e+01 5.105701347952133773e+01 2.976486289774032201e+01 4.197800996597112544e+01 3.417094145095366287e+01 4.924740326352328168e+01 7.029497772061223770e+01 6.236744021039504560e+01 5.077481566673201030e+01 4.182210450239872301e+01 3.347063028483144365e+01 2.655018067550124883e+01 7.671677976570738799e+00 2.640772281473196870e+01 4.346370828748738546e+01 4.684659091705631795e+01 4.446951780019812617e+01 5.276133582147045331e+01 5.364469832764201129e+01 6.196761365720313819e+01 6.410867249609827923e+01 4.990228560527171453e+01 4.356778819498367028e+01 5.068014773773312243e+01 6.074140079650484125e+01 8.083202769343961336e+01 8.629217517467996856e+01 7.537532655993344122e+01 6.537474501395938375e+01 5.159240856022598365e+01 3.223381623531339102e+01 3.896084595041941867e+01 5.531693494140498757e+01 6.564604660467091435e+01
4.469920835086939326e-03 1.414660554456616204e+01 3.414660554456686725e+01 4.793114774520940813e+01 5.972166884594319924e+01 4.197800996597112544e+01 2.068561469429260669e+01 4.197800996597112544e+01 5.816911267402181807e+01 6.715683710201895451e+01 6.463283038468030384e+01 5.280949915259245131e+01 4.402086632606118144e+01 3.586728884237589199e+01 2.667320092457905290e+01 7.344469616981491811e+00 1.816237622886491110e+01 3.692998833069479758e+01 3.120900407273077803e+01 2.436909999851898689e+01 3.286461572578959789e+01 5.294073586021448818e+01 5.692557671155571342e+01 6.533073987141494854e+01 7.000759143196822265e+01 6.364108809190843630e+01 5.999664883938206117e+01 7.908520286536678157e+01 8.911776135271058763e+01 7.787386146820504962e+01 5.826734058554272622e+01 4.631808740439269911e+01 3.726350926109080319e+01 4.098033690383265082e+01 5.895099533180858487e+01 6.724546181687459523e+01 7.924254743510302035e+01
2.324776005098761877e-03 8.951204679651393548e+00 1.899692863601621795e+01 3.945787282626043435e+01 5.392728008422147212e+01 3.721688564284461620e+01 1.598721606720997990e+01 2.822711022790051416e+01 4.949714704588060243e+01 4.723840926563114806e+01 5.635102026828923982e+01 3.567186531432167840e+01 2.261821617254090100e+01 1.396211160073336366e+01 1.009526244590759170e+01 7.015707708062584480e+00 2.349937100040294879e+01 2.892442380885785269e+01 1.219084761763741653e+01 1.341518452361734859e+01 3.286472176538818957e+01 4.281438073398643951e+01 3.747453071040013128e+01 5.692621703448077852e+01 6.329101154992101641e+01 7.166811046918572004e+01 8.014704260831328497e+01 8.854879951076661371e+01 9.215260924807587628e+01 7.394557232002027547e+01 5.579238846606299518e+01 4.345591559434522111e+01 5.737146187149650700e+01 5.260774375521571500e+01 6.934769773667450465e+01 8.298865958999334680e+01 6.373999485474096360e+01
8.699724428260374037e-03 1.415083534815933497e+01 3.415083534823106248e+01 4.733892719701135121e+01 4.523495739144009775e+01 2.398373215114574108e+01 1.203564770877950885e+01 3.297095157530393550e+01 3.977838196879554289e+01 3.457099850065686297e+01 5.276781013122287334e+01 5.280949908131886161e+01 4.402083760994564443e+01 3.326559593433446338e+01 6.558986358170908026e+00 1.226976254882387352e+01 9.106614776352854435e+00 1.044786492817316947e+01 2.893711087621325362e+01 3.286472176579047755e+01 1.538481465580020568e+01 2.393996682772294093e+01 4.201479145707280338e+01 4.689428621617312132e+01 4.322197825970817320e+01 5.847431247273566868e+01 6.555308872538077480e+01 7.388392953208524716e+01 8.399661037195522795e+01 6.453491479979672363e+01 5.300587261285608776e+01 5.104843102620885986e+01 6.338776864575483927e+01 7.262349151137007652e+01 8.089655768003289893e+01 7.735024919940785537e+01 5.810244291784132997e+01
2.249585233037712084e-03 1.924830045945893175e+01 3.769914471484077723e+01 4.290242297404527960e+01 3.636899510373474698e+01 2.619106381295340213e+01 8.862934054385197769e+00 2.833218305952440730e+01 2.306765031107134334e+01 3.939043698087613166e+01 4.391300780299380335e+01 3.918220264366082972e+01 4.483711971300861165e+01 3.422250978702881241e+01 6.236490922088850475e+00 1.041249180247660178e+01 2.078426038641735829e+01 2.810406509242359263e+01 3.713010398201489437e+01 4.365456310746749580e+01 3.533989318880137631e+01 1.770962988832335938e+01 2.202123458470518358e+01 2.676933059905887191e+01 3.241378672549308249e+01 3.846680613621898459e+01 4.554869959599816553e+01 5.710277583751785357e+01 7.712043135552852391e+01 8.104152847038648133e+01 6.308963641211560258e+01 5.995792626081659193e+01 7.911261464786211661e+01 9.146754969699074422e+01 9.127764508451282666e+01 7.186630921190719334e+01 5.811897985200063488e+01
2.739267172789772273e-04 1.339006114275393955e+01 2.362882056128533392e+01 2.063437759527058901e+01 2.249501605551581207e+01 4.943710144035811105e+00 9.741695752435568068e+00 1.492526319023551373e+01 2.694454481654093314e+01 2.631504413532262276e+01 2.509626757201943192e+01 1.589835057938921636e+01 2.070913005165087384e+01 1.964579286272113734e+01 2.474902113704151319e+01 5.780811513470441199e+00 1.454087048772275992e+01 2.442981578673935061e+01 4.221361916325286501e+01 4.085320772577884441e+01 2.057443769868781303e+01 3.794136534404427863e+01 4.227648759443206217e+01 4.689428621617312132e+01 5.244120944400711437e+01 5.847431248536491211e+01 6.555308266278072438e+01 7.388392736816541628e+01 8.554132408147403055e+01 9.085974425558667633e+01 7.699555457760425270e+01 7.135908002641701842e+01 8.797118482129397421e+01 9.549389872674419166e+01 8.452352694910103992e+01 7.657746337310830143e+01 7.735741249148613008e+01
8.327778614586212741e-03 1.922556484843287450e+01 7.680337661738677602e-01 1.080143785524164901e+00 1.388161144702217964e+00 6.116279353916466377e+00 1.711571883981869391e+01 2.090105372573373899e+01 2.228709056319728887e+01 3.255120931045660804e+00 3.582010293023266456e+00 3.906250604493207490e+00 4.228714886452795696e+00 4.550218960666176038e+00 9.457597688858013996e+00 5.459018500125210061e+00 1.971605407456941705e+01 3.963412625801311151e+01 5.012069191277944213e+01 4.292818005915921020e+01 2.270371529842721259e+01 4.292818005932134184e+01 4.597499234896117315e+01 6.597986202807319955e+01 6.646178559283990239e+01 7.475080433590576945e+01 7.275524960323070900e+01 8.104260375714365239e+01 8.289890039253583609e+01 9.116217553106228877e+01 9.651825071967391523e+01 9.115547957695657999e+01 9.943184184048742225e+01 8.744471152152202365e+01 6.862208559001325625e+01 5.787111584509557360e+01 6.574496972499267144e+01
6.510866554257996840e-03 3.227386325710960291e-01 2.057180255404777114e+00 1.265915732171827024e+01 1.725712006285579037e+01 1.825305869186477636e+00 2.139380846321312646e+00 2.460929801968632979e+00 2.789636134217314822e+00 1.213074373054853616e+01 1.874612966416958670e+01 2.177175001891100692e+01 2.321091365182349620e+01 2.379945986371707889e+01 5.004030737388150740e+00 2.580333546262120237e+01 3.684953780849063065e+01 4.872937516298654970e+01 5.708583230215936055e+01 3.706388848897955768e+01 4.292818005932134184e+01 2.587973861397412989e+01 4.597499234877161456e+01 5.199026834831223454e+01 4.644477711673584963e+01 5.799282756076743084e+01 5.274166783742639097e+01 6.876408207870203171e+01 6.290309930302021257e+01 8.290694992989314471e+01 9.944343727353785312e+01 1.052852308478872345e+02 9.419580483495487044e+01 8.572587593344226775e+01 7.777442164330673791e+01 6.577734859225449782e+01 4.703900315673425325e+01
8.953482861371391335e-03 1.994411569876754342e+01 6.196244573671352285e+00 1.222177778162991579e+01 2.110348819213740157e+01 7.620519803877364495e+00 2.248221396844413178e+01 2.269447522406616002e+01 3.396313255749012328e+00 7.578218993598302866e+00 1.475736364445480397e+01 2.140592822322043176e+01 3.391908563508655305e+01 2.870434867390929412e+01 9.051741343944717855e+00 2.110672660474124740e+01 3.541683022827777449e+01 5.555841876947947355e+01 6.537499147706893154e+01 5.708583230216724047e+01 5.425370794995654222e+01 4.011644109646831424e+01 2.913637140542078896e+01 3.202002380007949256e+01 3.492257590208054552e+01 3.798086713840808670e+01 4.116878320428394744e+01 4.875080825523567540e+01 6.876408207839608622e+01 7.114195476734862211e+01 9.116025494778814675e+01 9.713606330540365263e+01 7.812179557585629652e+01 6.741153788648712464e+01 5.909872696097178846e+01 5.248544761548252779e+01 6.577734859225449782e+01
