LEM/sinusoidal_perturbations/elevation_000956.asc
nrows	100
cellsize	150.0
xllcorner	0
ncols	100
yllcorner	0
NODATA_value	-9999
[rows 0 to 16 of 100, columns 0 to 36 of 100]
8.271705653423140972e-03 1.810162058576056054e+01 2.466120713509020135e+01 2.516692832524720913e+01 2.879899983879317560e+01 2.968318913233800416e+01 3.736397851570181672e+01 2.449358669516751164e+01 5.784409091576435458e+00 2.951002845467756153e+00 3.237474209542326786e+00 1.771908904899969528e+01 2.582829514184144770e+01 3.609008594797288083e+01 4.707734227769677204e+01 4.644999207694478827e+01 3.811730802227299364e+01 4.168182477963917165e+01 4.540545487872052632e+01 4.929371131996452249e+01 5.335653549879155833e+01 5.770721122017196336e+01 6.287172667776635393e+01 6.831068573233774543e+01 7.441151221917624525e+01 8.235316522019320473e+01 9.094967384625523721e+01 1.021253955306112005e+02 1.156107924485605452e+02 1.071597422239784549e+02 1.156107924485605452e+02 1.178218149551032923e+02 1.262815630072210666e+02 1.150926551918141030e+02 1.049154633575536764e+02 9.646204787996448715e+01 9.997462012951679355e+01
7.813061968023241044e-03 2.948484077268317405e-01 5.819133269671759034e-01 3.750108177568775680e+00 1.313078581552633395e+01 1.184559690047771419e+01 2.177439523837823288e+01 2.210403222766521836e+01 2.545115999041051236e+00 2.251152065228562904e+01 2.324526538209869031e+01 3.642759212253172230e+00 4.812617435748583361e+00 1.965085223132268055e+01 3.028568288185184443e+01 3.329359996471194449e+01 1.709232812593450745e+01 2.059470792304227871e+01 2.434235670243336003e+01 2.835584228480594149e+01 3.264127253737751033e+01 3.730210180132649356e+01 4.287164498011027547e+01 4.870266532029926765e+01 5.512253648189847155e+01 6.385582740567300419e+01 7.489404047016583377e+01 9.398579360449180342e+01 1.053683160902034786e+02 8.668618471728993313e+01 1.034118456119357745e+02 9.744304087661529934e+01 1.178218149551032923e+02 1.066168006525188474e+02 8.630729578112909905e+01 7.625321333536216173e+01 7.973064955281165567e+01
2.526786264046545528e-03 5.839554713485025417e+00 1.164173974071790241e+01 9.881316784669456066e-01 1.275512975259818882e+00 1.562961521415134225e+00 1.850584467413239009e+00 2.138224778927304115e+00 2.198233638978877025e+01 3.066234712861272627e+01 2.793363378366930050e+01 1.490895295763869655e+01 4.049145487340481964e+00 6.810962641661101102e+00 9.589593378493244558e+00 1.242920258378817877e+01 3.329366640425999435e+01 4.168182477963917165e+01 4.540545487872052632e+01 4.929371131995298327e+01 4.754896761449531084e+01 5.197218168121148807e+01 5.412401411470057866e+01 6.831068556511743850e+01 7.441148989710178796e+01 8.235058602685879237e+01 8.099652000920244177e+01 8.520964473651991966e+01 8.963691917159127343e+01 7.631627002341672039e+01 8.289219824660193581e+01 9.744304087526838032e+01 1.178218111493075213e+02 1.150925815476747545e+02 9.997460285644538658e+01 7.973064964577993408e+01 6.551359218085761427e+01
4.163169627051843593e-04 5.680652389400187019e+00 1.130766986934575868e+01 1.341414447395399812e+01 1.829091613774003022e+01 6.561059724052554998e+00 9.902731041527026434e+00 3.176002486355862242e+00 1.708822411945175901e+01 3.676837064024053348e+01 3.390384424232620830e+01 2.098149076346055963e+01 4.338580629037830150e+00 2.512859107800007763e+01 2.711816779146985823e+01 3.329339701528230222e+01 2.283086164107897176e+01 3.347604418248466374e+01 4.823035822648350290e+01 6.814921598157651772e+01 6.737721910960496530e+01 7.155271136225690043e+01 7.365086193399650938e+01 8.159620147026205927e+01 8.375401813002531526e+01 7.522457719307722357e+01 6.018365482588731652e+01 6.450350233038179226e+01 6.895229757911734225e+01 8.963691917159127343e+01 1.034118456119357745e+02 1.118623019419181190e+02 1.081857976814074505e+02 9.968366014626374749e+01 1.059514637641828330e+02 8.565976680546864941e+01 7.804523211655917692e+01
5.883922493566802643e-03 2.000587308691591559e+01 3.018886265978583694e+01 3.182067646408606265e+01 2.665995367785850334e+01 3.085553973521840376e+01 1.272036633994390797e+01 2.303444679522229777e+01 1.853138505067873965e+01 4.046202104879832717e+01 3.429625999956687821e+01 1.774195663000561751e+01 7.228735220619766366e+00 4.750734874019712173e+00 4.011859677800473634e+01 5.182666588903359894e+01 4.377024672634779279e+01 5.204324789424482844e+01 6.219798857038522755e+01 6.299661184599430896e+01 5.717306722159518984e+01 6.408660754908592594e+01 7.261804139641000688e+01 8.297258588628221787e+01 7.522440802538703508e+01 5.401019821300292278e+01 7.002677476918860577e+01 7.854993659014390062e+01 8.963691917055248837e+01 8.963690492360271378e+01 1.101243826970651014e+02 9.905805669704045613e+01 9.055740446069771110e+01 7.916808961435363301e+01 9.176586039956109175e+01 8.345848605418471777e+01 8.644618997561050833e+01
1.256007409845548732e-03 5.761187047494138014e+00 2.568002474169327343e+01 4.289691479877181735e+01 4.716192208693080090e+01 4.180446639897831318e+01 2.222505902342213346e+01 4.181653125611744315e+01 4.078631692169233958e+01 4.256433178696760677e+01 3.200400497528070787e+01 2.551219609928658016e+01 1.131979018327496966e+01 5.044456814094344210e+00 3.296428047199461986e+01 4.415257993834771355e+01 3.565581449199580533e+01 3.964787946013053954e+01 4.386583190089130824e+01 4.230169601005522395e+01 3.651194312456895119e+01 4.334627616464600663e+01 5.369134630973151445e+01 7.448228602855451186e+01 8.253845423964415318e+01 4.975754953837957117e+01 5.026545272794544417e+01 6.130502900075758532e+01 7.590790916038844216e+01 9.650583189447119992e+01 1.050837362060164821e+02 8.454043243381030948e+01 7.031053570062535130e+01 6.766531941429141739e+01 8.345848605418471777e+01 6.357941580395949899e+01 6.940186067656667035e+01
9.594114293757748102e-03 2.000959409420437041e+01 1.464558669119374201e+01 2.874073702610473546e+01 4.895565247544455900e+01 5.249866318198974113e+01 4.095086820842245601e+01 5.170412653826487315e+01 5.223755707938651938e+01 4.260855650324830890e+01 2.771813351184799146e+01 1.896187270960532345e+01 1.940196737839018226e+01 5.340975466352979595e+00 2.605522789191848432e+01 3.028708458275545112e+01 1.486320634505667293e+01 1.890454127505486071e+01 2.320221471119182155e+01 2.775409264678328825e+01 4.836309673512282359e+01 6.408660374976030027e+01 7.261797127172600597e+01 8.296942312767671979e+01 8.007818523173465053e+01 6.640680913730500379e+01 4.578145740262860386e+01 6.660549997917034659e+01 7.748179158952044077e+01 8.644757399415114207e+01 9.718449812574114333e+01 8.942588118631174154e+01 6.920639840730747494e+01 5.800449684543862361e+01 7.027920081918553308e+01 6.551790673223919725e+01 4.949455043315378333e+01
7.711341127313004785e-03 2.000771134101999138e+01 3.462700535731772788e+01 2.723945725823606168e+01 4.141948263796906815e+01 6.175033160659557296e+01 6.096163094725854137e+01 4.693132590380574953e+01 3.662318864237310834e+01 2.755638441366584956e+01 3.546680717517529757e+01 2.841690803942976729e+01 2.268793724412051915e+01 5.645984004058949068e+00 5.995507737033108242e+00 9.483261008376739909e+00 3.028708458928053560e+01 3.964787945944829772e+01 4.386583190087457496e+01 4.836309686674665187e+01 4.075820515631026808e+01 5.537836366587043813e+01 7.610632258705658160e+01 7.882776967963837933e+01 6.733110241973260202e+01 5.376762009774990503e+01 4.252959893273283143e+01 4.883632259656545926e+01 5.621716018013070482e+01 6.670731898667038706e+01 8.825081403461457796e+01 9.792644903681588175e+01 8.620152857945042513e+01 7.028823956842471432e+01 5.070560488871462468e+01 4.593411808594424883e+01 4.136433361916838436e+01
2.297228869525369630e-04 1.154723510667957065e+01 3.154723510665653308e+01 4.735667320150991344e+01 5.581777005305006867e+01 6.703021221416797459e+01 6.917199113309196434e+01 5.962451806621411521e+01 5.224188526218232909e+01 3.746837137581977117e+01 1.632196512316509285e+01 1.094933929730417432e+01 6.077325213120390757e+00 1.590615469673501892e+01 1.650382486039417529e+01 8.132781959230552360e+00 2.899755433094112789e+01 3.982719450519365267e+01 4.836348380005074432e+01 5.692011145004419603e+01 6.144935173414602758e+01 6.997857262837584358e+01 7.279060249228467683e+01 6.422168279558358961e+01 4.960152853242742310e+01 3.861589156139594792e+01 5.888086110661905792e+01 5.940427857740515094e+01 6.977330299854592965e+01 8.644757389420959726e+01 9.704808730573027731e+01 9.298785090390869357e+01 8.276388097416770506e+01 7.426657346668108062e+01 6.665777667093846048e+01 6.008012436996406080e+01 4.008125958059457616e+01
9.647730019007896146e-03 2.000964773001821939e+01 3.983150631721640877e+01 4.785369098660921594e+01 3.852626938551448887e+01 5.275316763636190842e+01 6.438428789578655653e+01 6.207089671276515475e+01 4.230759075132053937e+01 3.014998744475452597e+01 3.667699263443747526e+01 2.743741390888168397e+01 6.382131069933601353e+00 1.931673602409222212e+01 3.092908861068850257e+01 2.899755426509775802e+01 1.041807629608140040e+01 3.118469844526757484e+01 2.775974543653763149e+01 4.837264103187531106e+01 5.931485076936469625e+01 6.118393649159079217e+01 5.208829815826707943e+01 5.208830044590576591e+01 3.491199502108398178e+01 5.567465229829478091e+01 6.785358700847429247e+01 7.944476967326444594e+01 8.772376406118267766e+01 9.941394268351801600e+01 9.891880501288271432e+01 7.841016390861021534e+01 6.417006390829051554e+01 5.417060553803860756e+01 4.663060181129277737e+01 5.721412596989036103e+01 3.887097244505155658e+01
3.582433992925927561e-03 2.000358243399256963e+01 2.884207156486196055e+01 2.783216806117693309e+01 2.437961336208483587e+01 3.592823019900935577e+01 5.598052679731539882e+01 6.959083781840300276e+01 5.839765653109961363e+01 4.469424136460256136e+01 3.348337283941659592e+01 2.288552123629900947e+01 6.686147030252821644e+00 2.360488273915634849e+01 3.465006772418804104e+01 3.894104901457679091e+01 1.215908729308981506e+01 1.488040967720238150e+01 3.374158214540506862e+01 4.286002558854239908e+01 3.858868957506992103e+01 4.045317859629649604e+01 4.863587339852205815e+01 3.137220568492153561e+01 5.208830044590576591e+01 6.235296611762627350e+01 6.811174628574273981e+01 7.435927483480801925e+01 8.166326340100459902e+01 9.011176685721561341e+01 1.019191930188273147e+02 8.847074315779687481e+01 7.785540315817695500e+01 6.921207647826970799e+01 5.721413184274082653e+01 3.716044031655057722e+01 5.721407483557909046e+01
1.813270376062421294e-03 4.366171075112804445e+00 8.838307030658533847e+00 1.368901954604025484e+01 2.263334295504207105e+01 3.418295461024995063e+01 5.431587873420880186e+01 6.723452007905243022e+01 4.695396363481900437e+01 3.733436475516206343e+01 1.618785659691305767e+01 1.212435412356878395e+01 1.479463627391977809e+01 7.117505286287244104e+00 3.225706386929805802e+01 3.594672335795288376e+01 1.412639781424609531e+01 3.377460730036264636e+01 4.022578249637417969e+01 2.199405366328177536e+01 2.392193503322158676e+01 2.583146755389720894e+01 2.795382172543520838e+01 3.232702040925391174e+01 3.681301010485771741e+01 4.156696659403756655e+01 4.734837800790290174e+01 5.363861754576720386e+01 6.100446453340382647e+01 7.299698780232174045e+01 9.350161573037145502e+01 7.962900302218453419e+01 5.902649552320059456e+01 4.902939116689643129e+01 4.236965897685816884e+01 3.597145238568291603e+01 4.603999855134632213e+01
2.372884694381488524e-03 2.000237288469402586e+01 2.884207156425954466e+01 3.369631319422792615e+01 4.200726011720015407e+01 5.103647228177667472e+01 6.278998941284668689e+01 6.486946260503557937e+01 4.181764832552666178e+01 2.512286719478508346e+01 3.522537819858734309e+01 1.981298462106089175e+01 2.221847163875711217e+01 7.423742352821076196e+00 2.956795046881262934e+01 4.202737210406417745e+01 3.594699614286103184e+01 1.707840202231730586e+01 1.917597892595234299e+01 3.998257623569826080e+01 4.463703098365250099e+01 4.652507436367890392e+01 3.191409196521335545e+01 5.260620171984290749e+01 5.758437737322552863e+01 6.235303256892753865e+01 5.856204272975156044e+01 7.435927483480801925e+01 8.166326312337302795e+01 9.011176685721561341e+01 8.784772382548155178e+01 8.834679977195160916e+01 7.669781577854548971e+01 6.919664310971366206e+01 5.492092730376133858e+01 3.480931265792794704e+01 5.490997024230686918e+01
8.175220331382775790e-03 2.000817522033102591e+01 3.260903367214219628e+01 3.996240864743798227e+01 4.848616581726521702e+01 5.839077806588760211e+01 7.031061268165345268e+01 5.974683376229619824e+01 4.053250569206840481e+01 4.704193153410776773e+01 4.399965637356518044e+01 3.408372090147791766e+01 2.515571007287532623e+01 7.731914218975370900e+00 2.881984801701608134e+01 4.449064100882553419e+01 4.442541368226442700e+01 2.360866002878487890e+01 4.022592534596389413e+01 3.645586353950940861e+01 5.728733053284328491e+01 5.260849629696593155e+01 5.260849629696593155e+01 3.879088019544943222e+01 5.951730404174783473e+01 7.643006465286705975e+01 7.922100297333643937e+01 8.768652827870427302e+01 8.614004011552488294e+01 7.779543526248447449e+01 6.774314880204018152e+01 8.197241215428572048e+01 7.315910432228407956e+01 6.482037934950531621e+01 5.383157806968572601e+01 3.365263184553880649e+01 3.892137034950793861e+01
9.124702163186202558e-03 6.040263903142808033e+00 1.237238878106755458e+01 1.948039356368851216e+01 2.858728576339492378e+01 4.080002946828549426e+01 6.335557457599485076e+01 6.834216688394486994e+01 6.067604602181947371e+01 5.157858212321655600e+01 3.074830892421235973e+01 2.821443388316171763e+01 2.560929239429673032e+01 8.042003550063139272e+00 1.033704164618042753e+01 3.199767694476316393e+01 5.292394432183599662e+01 4.443832659958852815e+01 3.406830423816339248e+01 5.480840242237193394e+01 6.599322861538979623e+01 7.322293373269505423e+01 6.801304574429360628e+01 5.078873255799376807e+01 4.727265819850484974e+01 5.767612104100824411e+01 7.228353540994544346e+01 9.266660593786865263e+01 7.779543526248447449e+01 5.772873457674511855e+01 5.358062838584263687e+01 7.193438351669870201e+01 6.506838726197142364e+01 4.523721594211839658e+01 5.113056263093523768e+01 3.252732051466037433e+01 5.267653795578075915e+01
2.239863785106879172e-03 2.000223986378475161e+01 2.950533538835476222e+01 3.482893024711719221e+01 4.083321692397582581e+01 4.786255098013828047e+01 5.616011961575882339e+01 6.748811971493357476e+01 5.644984576051584213e+01 4.872631012707226006e+01 3.170278260425924444e+01 1.138366793348608219e+01 8.483812520005823643e+00 2.333564798527070039e+01 1.204790004915475166e+01 3.225223418410145371e+01 4.029680932276966132e+01 4.879395642044902104e+01 5.480840908645325982e+01 4.719566688546201760e+01 6.187559495179726099e+01 8.247188766835481033e+01 7.989547586218681374e+01 7.144075087741690311e+01 5.658129917953667842e+01 7.643006465286352125e+01 8.668691510224098806e+01 8.684749940339455065e+01 7.779543498473111640e+01 5.772873457667903807e+01 4.355981440491505197e+01 5.542225886594005857e+01 5.791713552257185427e+01 4.959584942330355517e+01 3.094691311403785861e+01 4.478938302437116903e+01 6.032356838893068129e+01
1.766589122093755728e-03 4.600278267321233017e+00 9.352972962250332145e+00 1.460477594273666924e+01 2.053285637092599103e+01 2.745512667361576931e+01 3.826634328515632433e+01 5.919070220714034036e+01 4.872943392972251075e+01 3.039211070246661350e+01 2.896919284894184798e+01 8.923608159246889215e+00 2.643018085848991205e+01 2.342234971236262453e+01 3.172821191680806052e+01 1.648515753285179741e+01 1.984276855035274423e+01 4.029680939556227770e+01 5.401223815637518300e+01 6.790810723710980312e+01 7.636204276725516138e+01 7.771667088028911508e+01 8.609513537200027145e+01 8.560963809910563782e+01 7.120057641840364226e+01 8.560963809910563782e+01 8.016435918925563442e+01 7.178006887638117917e+01 5.832058068423545194e+01 5.832058053675800835e+01 5.542225886594005857e+01 3.530762184822179961e+01 4.807743081910028593e+01 2.939444380999200845e+01 3.955211635056251396e+01 5.892458833842128740e+01 7.133969603891132749e+01
