LEM/sinusoidal_perturbations/elevation_000680.asc
nrows	100
cellsize	150.0
xllcorner	0
ncols	100
yllcorner	0
NODATA_value	-9999
[rows 0 to 16 of 100, columns 37 to 73 of 100]
1.002855924354145429e+02 9.648386384709338870e+01 8.817082784491114467e+01 8.817082784491114467e+01 8.971720426583732433e+01 8.886095112220785097e+01 8.886095112220785097e+01 9.717526874288176941e+01 9.784938689988857163e+01 8.946506127570297906e+01 8.330243588862386162e+01 6.938276593837703388e+01 8.983584613362259574e+01 8.353379584970770111e+01 1.019111009853444472e+02 1.155950508488148927e+02 1.254620551239290762e+02 1.367419183547897887e+02 1.303144206357998485e+02 1.168156568967140458e+02 1.085586688502510668e+02 1.075846680761109440e+02 1.159465836229150710e+02 1.235600821493907517e+02 1.191078807864778781e+02 1.274693281060870049e+02 1.163987991030357705e+02 1.082400082986745105e+02 1.082400082986745105e+02 1.100808294800479814e+02 1.100808294800479814e+02 1.182413378845702425e+02 1.202958426157348981e+02 1.121578928092736902e+02 1.173370223883226799e+02 1.092040138958838327e+02 1.117441879144219286e+02
9.028246659959540921e+01 8.817082784491114467e+01 6.812428401754841900e+01 6.812428401754841900e+01 6.967798552459235850e+01 6.881802398948552479e+01 6.881802398948552479e+01 8.886095112220785097e+01 8.618388435877557185e+01 6.927485808102110809e+01 6.296488232548286845e+01 7.925151694110296319e+01 7.583585562539768432e+01 9.053445047589953276e+01 9.091110735548372190e+01 9.822453492299808886e+01 1.165799591107685984e+02 1.147113655799592777e+02 1.145887045467472234e+02 1.027027493641035960e+02 8.866116064440666378e+01 8.756913170280516567e+01 1.043615373888097082e+02 1.034095711578998333e+02 9.902430931723621654e+01 1.158566978133262779e+02 1.082400082986745105e+02 8.853997475220464253e+01 8.853997475220464253e+01 9.039038418693297672e+01 9.039038418693297672e+01 1.100808294800479814e+02 1.089728164659462379e+02 9.256020620456172310e+01 1.033857993314223904e+02 8.959608084491827640e+01 9.214202907144441212e+01
7.195035593174432620e+01 8.025432909401308734e+01 7.399578076522963954e+01 5.383545436017389108e+01 5.540060809853206081e+01 5.453431601037244292e+01 6.655626530992917367e+01 6.963632753205060055e+01 7.283268532592393285e+01 5.747236963490971817e+01 7.780824202626017438e+01 7.587275776032710439e+01 9.413181342464105228e+01 8.842897323234981855e+01 1.016889977716569007e+02 1.155722788781195476e+02 1.246002415674284407e+02 1.146842373702137508e+02 9.319251386933704850e+01 1.016601560252879324e+02 9.523105988992010396e+01 7.603355227166231600e+01 9.294014382033890342e+01 8.926076116996921428e+01 8.750773045945375372e+01 1.068919671981279436e+02 1.068792085735834831e+02 9.430998098836317922e+01 7.448912392759375223e+01 7.635645706087346696e+01 9.039038418693297672e+01 1.100808294800479814e+02 1.008431631725492679e+02 8.115218284007764282e+01 8.371235067478561120e+01 7.816298889889257850e+01 9.214202907139627996e+01
5.180587506446679669e+01 6.433645783669933849e+01 7.265115328854034260e+01 6.391561751384666934e+01 4.373062699350412430e+01 6.230477221915833752e+01 4.629752953663519577e+01 4.934234004720337907e+01 5.251319037657053457e+01 6.429817466393546965e+01 8.449104369906940804e+01 8.753523607307010934e+01 1.044171299220363238e+02 1.052286464727985589e+02 1.185598891170874225e+02 1.297902456380820695e+02 1.269189976225500516e+02 1.202551736619731599e+02 1.016025542475241537e+02 8.114056324271301435e+01 7.506414386775254854e+01 6.974617188004093293e+01 7.300115373737911284e+01 8.859454782638238157e+01 7.862293125091426305e+01 9.856616440185045747e+01 9.872112371170443623e+01 7.894305387955814979e+01 6.741465822507529992e+01 8.730224977006348297e+01 1.043158610357515812e+02 1.062565908894905107e+02 9.814521765462581016e+01 8.947457037698912075e+01 6.965323282397480398e+01 8.947457037698912075e+01 1.060118304273698016e+02
6.433645783669933849e+01 4.418787337332026510e+01 5.779908790817090392e+01 5.642303070468672388e+01 3.926136144059246647e+01 4.210865352582590049e+01 6.230477224092753374e+01 6.963632753205060055e+01 7.283268532592393285e+01 8.119091928158437099e+01 9.284518913879156798e+01 1.076827399039419930e+02 1.160639138561891173e+02 1.284078384716780477e+02 1.271462585289197591e+02 1.186182655256523759e+02 1.181272471227526637e+02 1.046906351491758613e+02 1.096401254166426611e+02 1.016279719370806163e+02 9.527531028450286499e+01 8.402315632994029215e+01 6.417499302464197797e+01 6.873317200531404580e+01 8.274506717336736017e+01 1.027164433517303621e+02 9.895254804631512968e+01 8.315540027205389606e+01 6.325509903430463510e+01 7.735671828481781631e+01 9.715465696952763608e+01 9.814521765462571068e+01 7.839791376532939182e+01 8.418176516435286771e+01 6.540278689720078376e+01 7.947336714817754455e+01 9.919140665849802474e+01
7.263973985475053041e+01 5.779906303786216171e+01 3.770697964259768753e+01 3.633909149698477847e+01 5.642303116519451578e+01 4.530148535566222279e+01 6.537732348071362765e+01 7.703222063778406437e+01 8.252664064498968344e+01 8.874950587318032547e+01 9.702896540981605256e+01 1.084822795607753676e+02 1.248333412859910396e+02 1.141940646603612635e+02 1.153208400803264766e+02 9.856913854214330684e+01 1.081570825364563859e+02 9.249639130706886192e+01 1.096714779938444195e+02 1.037104911646959096e+02 9.309044833519385520e+01 8.030415870035210446e+01 6.071755012482021385e+01 8.048617504416277768e+01 8.526144289906378049e+01 1.051920900367037888e+02 9.078320747033431815e+01 7.093802410665657021e+01 5.943254903505182085e+01 7.351874365028821501e+01 9.334454189318863371e+01 9.585067047825100417e+01 7.607797655468257858e+01 6.432984011613463338e+01 6.143000667330609588e+01 7.549410801494066448e+01 9.527822785096637404e+01
6.771644966719360070e+01 4.762476630577738490e+01 3.349178303987837069e+01 5.351526171497571482e+01 6.474829594816709744e+01 5.954576136501198391e+01 5.203373797615582674e+01 5.709980301782255196e+01 6.271622758007451637e+01 6.907107817983448683e+01 8.042750402712719904e+01 1.001175718052297867e+02 1.166988485236491329e+02 9.763844939138050449e+01 1.038594870486183481e+02 8.721971354758174755e+01 1.021539799676598790e+02 8.316428837739498192e+01 1.021539799676598790e+02 9.494609941980780832e+01 7.464850360452379618e+01 6.478878195030445397e+01 5.786434510168087542e+01 6.548267044770135215e+01 8.160272446667156032e+01 9.181809734981835902e+01 9.220021785106334278e+01 7.586265235324066225e+01 5.598436231788816997e+01 7.586265235324066225e+01 9.093565477387649310e+01 8.275534540325297428e+01 7.607889171350866775e+01 5.622632509727252170e+01 7.607889171350866775e+01 8.741750887293285643e+01 9.857535639202203015e+01
6.592235656247736131e+01 4.581315421079491301e+01 3.170838918694335717e+01 4.581288101419634984e+01 6.590608736635144282e+01 7.945595979782420670e+01 7.204911623279362232e+01 7.703222063778406437e+01 8.252664064498968344e+01 8.874950587318032547e+01 8.511746364687616051e+01 1.049102405044756949e+02 1.152198486955117858e+02 9.554312513073554669e+01 8.436475198029712885e+01 7.853731412367811515e+01 9.144701952859038840e+01 7.676690398749803990e+01 9.588110250418365865e+01 1.032513369462973856e+02 9.318547873923731117e+01 8.465972620606393662e+01 7.384216334106685053e+01 5.415857431147415468e+01 6.524532193906009070e+01 8.386074545847600348e+01 8.401866919828042057e+01 6.415366558381387563e+01 5.268034461328806373e+01 7.254960401401530135e+01 8.275534540325297428e+01 6.290456443412995924e+01 6.871872356813726412e+01 5.309132016261716558e+01 6.455689892306496347e+01 8.440101108776794092e+01 8.604063005951947218e+01
5.574832856569464923e+01 4.744323360203044615e+01 2.995559892316560635e+01 4.404037582932112826e+01 6.411509050030166179e+01 7.512427111157140303e+01 7.625830544320733395e+01 8.457715675557632551e+01 8.838189400367492965e+01 9.057556300973392638e+01 9.890938128260751228e+01 1.133003794152151471e+02 1.234442377996991382e+02 1.120536562505550791e+02 1.038594870486183481e+02 9.144740648193594268e+01 7.189393154887140724e+01 7.094234982986185400e+01 8.468297799557807082e+01 1.041654053730088805e+02 1.013671943739047379e+02 8.536704318864047991e+01 6.560269015368636758e+01 5.171941588372628473e+01 6.671260274130258949e+01 8.848445070824851655e+01 8.348607698857071568e+01 6.363118316691267040e+01 4.957290827688891710e+01 6.520948282470592972e+01 7.310602940335627409e+01 6.489935425210293829e+01 4.884789689799103485e+01 6.032446258140046780e+01 8.018542121671180212e+01 9.255487950619324522e+01 7.760145391102466306e+01
4.533669399799227051e+01 2.749092104665782443e+01 3.038635359032989669e+01 5.024310561764177407e+01 5.763399730002308274e+01 5.503081836426823514e+01 5.612393089871892471e+01 6.924805522213542019e+01 6.825146811619244147e+01 7.045541793747278803e+01 9.010327743654310950e+01 1.001444293241860350e+02 1.178862247589457581e+02 1.080163521385867824e+02 9.984697652635480836e+01 9.287060675387176900e+01 8.531324675732666662e+01 6.577488961850406213e+01 8.531324675732666662e+01 9.012447063296932015e+01 8.157182333985078060e+01 8.157182353346775017e+01 6.903038846898147085e+01 4.936694892395160394e+01 6.881869475753974541e+01 7.443361562762352435e+01 8.264811485720562700e+01 7.667931150591444123e+01 5.681187869381022182e+01 4.532030951955119491e+01 6.123395788214136104e+01 4.500415949717222475e+01 6.489935425210289566e+01 7.691964445975436604e+01 8.836905150715995205e+01 8.501948867171039126e+01 7.243716791740462213e+01
2.536928598628773912e+01 4.355927144429593056e+01 5.024310561764177407e+01 3.459242186642064354e+01 3.771137397379843748e+01 4.095657803594804136e+01 4.461925996380026760e+01 4.914358845462068359e+01 5.395653175274043889e+01 6.158511484692797211e+01 7.174376296148059851e+01 9.181778831591306300e+01 1.097239437309770125e+02 8.997000932173261845e+01 8.011482302960466484e+01 7.318552093459481966e+01 6.703520591281636598e+01 6.259594432540725251e+01 7.851904395646070611e+01 7.043202408664112113e+01 7.394172549212005663e+01 6.190648380048580179e+01 6.672035771166537188e+01 4.704121704042308494e+01 6.454607374878787596e+01 5.472472394486087666e+01 7.124449328422372218e+01 8.485214585652659025e+01 7.182599063712322618e+01 5.855227832548903422e+01 4.135474617909719797e+01 6.123395788208258494e+01 7.268355500680333137e+01 6.947653679987509179e+01 7.267553682244816571e+01 7.636581949792986279e+01 5.645995302748931977e+01
4.118437675014386912e+01 2.350064531490709996e+01 4.404949093699995188e+01 4.602343667963656770e+01 5.763399730002308274e+01 4.981347866325508988e+01 6.463371887998222576e+01 5.723472004492715115e+01 7.414753335046279403e+01 7.047894189959576750e+01 9.010327743654310950e+01 1.001444293241860350e+02 1.178862247589457581e+02 1.080163521385867824e+02 9.717964329477034369e+01 7.747232026880385547e+01 8.664563603796969460e+01 7.275138586912611061e+01 5.896334301216404583e+01 5.663113369148153708e+01 5.435247926667964435e+01 5.212758077812495117e+01 4.998088884040507907e+01 6.456194802099709307e+01 4.479436946984494483e+01 4.318634585506367785e+01 6.093903320818555613e+01 6.912543629688785529e+01 7.355688913859771105e+01 5.754446288830659739e+01 3.953185366265645229e+01 5.820393528349491419e+01 5.894876132751446818e+01 4.910671749903529815e+01 6.120426372361672662e+01 6.878214447919064867e+01 5.590990354868552004e+01
2.162627461979754173e+01 4.155818217138434534e+01 5.221585223948410004e+01 6.603968057948362969e+01 7.435251915061712680e+01 6.139321170017421991e+01 7.821857073263107907e+01 6.887270849606984768e+01 8.568414602281168868e+01 9.079645018594528949e+01 9.930722919006524307e+01 9.891605144446891984e+01 1.071082769765850742e+02 1.133003932410358203e+02 9.355658742136091632e+01 9.139635293422048790e+01 1.006294588237750389e+02 8.506206891727397590e+01 6.543138066081792203e+01 7.619980789589502024e+01 6.817352846463163019e+01 7.173911933512421513e+01 5.798125349742296208e+01 7.274426302126452981e+01 6.456394636200208481e+01 6.094017165929738411e+01 4.101587704001430268e+01 5.886586154280801253e+01 5.867308225270333111e+01 4.730672724365367543e+01 3.775092408423497403e+01 3.840381568072614016e+01 3.906141381675022473e+01 3.972304152643874886e+01 5.720392538179090280e+01 6.075451195066206367e+01 4.231955757862995426e+01
2.387434020973303817e+01 4.391901877643552154e+01 5.491928462129272503e+01 6.334713770177698677e+01 7.351041994510924837e+01 8.151629368044220314e+01 8.982635141285201996e+01 8.896713948561256302e+01 9.728232228479906496e+01 1.000630611659724565e+02 9.190260716197654745e+01 7.904711945506018367e+01 9.565235738998534032e+01 1.066058169768063806e+02 1.133003932410358203e+02 1.111417413183513787e+02 9.902273651228050255e+01 7.927937106291021507e+01 7.927937106291021507e+01 9.324003163337623334e+01 8.786738498473236803e+01 8.584314595190619457e+01 7.184925583101048119e+01 7.763794786252385904e+01 7.490383347348127074e+01 5.515623357154501605e+01 5.886614836884434254e+01 3.914788992091562392e+01 3.800145636729384080e+01 3.689132605406936705e+01 5.661800006577109201e+01 5.817983874620811235e+01 5.622077862087135003e+01 5.958769031506044200e+01 4.066840712718917672e+01 4.134727956205228594e+01 6.043827536856710481e+01
4.391901877643551444e+01 2.993092453016016208e+01 3.475415655995117703e+01 4.476431677161688327e+01 5.910643643047575324e+01 7.948183489367437460e+01 9.329132866635605126e+01 9.589142579987019133e+01 8.767334426403725445e+01 8.875849579579464432e+01 7.217086701324079456e+01 6.747863901216392435e+01 7.851561614535036426e+01 9.338946278693475733e+01 1.022759659345800856e+02 1.137093373031791828e+02 1.072006926965279376e+02 9.902273651228050255e+01 9.902273651228048834e+01 9.458153559539860566e+01 8.624576011355452465e+01 9.458153559539860566e+01 9.161387814206402425e+01 9.742752939052036254e+01 8.312081292746438521e+01 7.490383348308884592e+01 6.707008028714653847e+01 5.840870232697606212e+01 5.122663086862078785e+01 3.629145968614994899e+01 5.106241054636394239e+01 7.242119784010053252e+01 6.724649328824551731e+01 4.792922566408664409e+01 6.149351896596196099e+01 6.161747633276453939e+01 6.961620134116556358e+01
5.838393983558164990e+01 4.146202535602376571e+01 5.491928462129272503e+01 4.419609046574268518e+01 5.191365428717507058e+01 6.247239569005339632e+01 8.433009053857182380e+01 8.767334426403725445e+01 6.770370260706579302e+01 7.355267523034042654e+01 6.058020338959951090e+01 5.848427386533305139e+01 6.519110231389532828e+01 7.417437555376523051e+01 8.570341141036475108e+01 1.055223714641910675e+02 1.095405869345423469e+02 9.795262959264360347e+01 8.962443816969793886e+01 8.206730906419207372e+01 6.616371145772995987e+01 8.129386174214097593e+01 8.995371183002458793e+01 8.408104866859835624e+01 7.727472057742252787e+01 6.893445691303190870e+01 6.256831712753697161e+01 5.433421882650608126e+01 3.552574029454502380e+01 5.223289381518269181e+01 5.025813803090067466e+01 7.027143191768502106e+01 6.841880757287661652e+01 6.841816067928930067e+01 5.694728481401575237e+01 7.762125417629948743e+01 8.595097688727372542e+01
5.671815221315216604e+01 6.165849527978235756e+01 7.005833234097120510e+01 6.471386156811847457e+01 7.291905836631522675e+01 8.189237775564647848e+01 9.254010216383129261e+01 8.577463581756940414e+01 7.355267523051728062e+01 5.351427872441300337e+01 5.160625236291978979e+01 7.164492242588022464e+01 8.517787306107776146e+01 9.338946278693475733e+01 1.014919875029517868e+02 1.097058904937049135e+02 1.011925339854363273e+02 8.115600428575244507e+01 6.963015393092159400e+01 6.215553048392741431e+01 5.654566082587139420e+01 5.395226913445367245e+01 7.638230995523744582e+01 6.449999880274127406e+01 6.673232451018394329e+01 4.924818314720779000e+01 5.352438742307856501e+01 3.476939919833409931e+01 4.583851602529956892e+01 6.240656777338580952e+01 7.010158240299126930e+01 7.854612058834415222e+01 8.910155656364347010e+01 8.491138753633990177e+01 6.417811453797533261e+01 8.491138808787674463e+01 8.548934526612815432e+01
