LEM/sinusoidal_perturbations/elevation_000599.asc
nrows	100
cellsize	150.0
xllcorner	0
ncols	100
yllcorner	0
NODATA_value	-9999
[rows 0 to 16 of 100, columns 37 to 73 of 100]
1.010800660061549650e+02 1.093376214865094482e+02 1.107148383582638189e+02 1.024584112144463859e+02 1.024584112144463859e+02 1.107148383582638189e+02 1.222160811937678346e+02 1.376407806995495946e+02 1.293451124640667445e+02 1.319314781677801136e+02 1.402370200809965297e+02 1.463379399408237873e+02 1.380083507851262823e+02 1.305224156906776045e+02 1.190861577122080490e+02 1.108499360344195424e+02 1.134139579505623914e+02 1.115675621932533375e+02 1.115675621932533375e+02 1.198061325439354903e+02 1.243220487462292851e+02 1.131501973149012201e+02 1.051116301080480468e+02 1.076163660654436285e+02 1.076163660654436285e+02 1.156627974855177854e+02 1.176648509165046619e+02 1.094257955597786065e+02 1.094257955597786065e+02 1.075983786865111966e+02 1.075983786865112108e+02 1.158235454415212331e+02 1.220660299200472423e+02 1.138929984585055735e+02 1.113586702478365993e+02 1.195188550011829420e+02 1.251209678319359426e+02
8.110542522066636195e+01 9.935603277282591250e+01 9.918114844422257192e+01 8.246318321737795998e+01 8.246318321737794577e+01 9.404390483894215436e+01 1.139528406836911785e+02 1.261964080389480785e+02 1.096079072548181017e+02 1.121633879467751314e+02 1.287760077550893811e+02 1.348353845944715772e+02 1.181625486041382231e+02 1.222432940795024194e+02 1.025094190765951794e+02 9.120336268646362043e+01 9.374652341697951385e+01 9.191240249289313624e+01 9.191240249289313624e+01 1.115675621932533375e+02 1.162514536919285035e+02 9.695671325729351508e+01 8.573216803679923714e+01 8.825086998293804186e+01 8.825086998293804186e+01 1.076163660654436285e+02 1.094257955597786065e+02 9.014230835377780693e+01 9.014230835377780693e+01 8.837519781644319039e+01 8.837519781644319039e+01 1.075983786865112108e+02 1.138929984585055735e+02 9.463183059749879078e+01 9.215823891698973114e+01 1.056357902710878136e+02 1.056357902710878136e+02
7.091775361768299035e+01 9.109274561341067056e+01 9.091416094783092205e+01 7.071042804136763493e+01 9.091416094783092205e+01 1.000423142447219220e+02 1.083331733486058681e+02 1.173950571674183436e+02 9.836409279860642130e+01 1.008984860274672855e+02 1.205183659573181387e+02 1.265503715536487448e+02 1.068457695909603871e+02 1.265503715536487448e+02 1.182125363560791271e+02 9.950698162332349739e+01 7.983910057545611494e+01 7.798899131615998215e+01 9.766926548382413387e+01 1.102688437309114136e+02 1.058224207592444941e+02 9.457548058683840964e+01 8.652062711297276110e+01 7.433833920591075639e+01 9.392289246446237883e+01 1.058533367290922058e+02 1.094257955677576604e+02 9.014230835377819062e+01 7.686446212938176359e+01 7.511412429488898113e+01 9.400553713731069649e+01 1.064272996648305849e+02 1.127974594909191524e+02 9.358330513362530212e+01 8.135114427706091078e+01 8.657913802123324842e+01 1.056357902710878136e+02
6.403619145219448683e+01 7.623413500979573598e+01 8.442734716934364769e+01 6.496902346159946262e+01 8.531065364398223494e+01 7.993381779108536023e+01 1.000423142447219220e+02 1.091908229983505692e+02 8.968458991230336608e+01 1.091908229983505692e+02 1.262577830461088837e+02 1.191027320569647117e+02 9.950135538709190541e+01 1.191027320569647117e+02 1.100719421844826655e+02 9.046746878474043285e+01 9.071123782404119140e+01 7.091806970216241268e+01 8.240064310688997296e+01 1.020637213282264781e+02 9.778688193908607218e+01 7.827315616923966957e+01 6.679041928375364989e+01 8.652062711297276110e+01 8.998652779355033715e+01 8.642054385887014689e+01 1.058533367290922058e+02 1.039035796351412131e+02 8.732641407377512621e+01 6.839332928520217081e+01 7.930106269568415200e+01 9.828924793054392239e+01 1.022239028296985310e+02 9.358330513362530212e+01 7.472541449221398580e+01 9.358330513362530212e+01 1.010186163841922280e+02
7.564968098389623208e+01 5.560306942036819322e+01 7.614144292895244348e+01 5.961704900596333800e+01 6.548806568444361176e+01 7.993381779108536023e+01 1.000423142447219220e+02 1.041543352723838893e+02 8.462891026883856682e+01 9.841389929230486189e+01 1.097088522104902495e+02 1.129042325017962725e+02 9.336697672399004944e+01 1.129042325017962725e+02 1.079286005935346680e+02 8.832244735092764643e+01 7.434140227534064138e+01 6.673767170876777755e+01 8.081270089510859123e+01 1.005174113662027651e+02 9.604544749766380107e+01 7.648644300347251601e+01 6.246773883991858156e+01 7.948741792296978304e+01 7.034449179212491288e+01 8.429131908743845258e+01 1.037359778923911620e+02 9.682823682428683298e+01 7.780756810864562567e+01 6.434985349237165053e+01 7.780756810864677675e+01 9.682823684561817856e+01 8.316321962488181896e+01 8.316321962488181896e+01 7.024003450292094897e+01 8.913845768315314899e+01 8.159333778317197527e+01
6.025006514537358981e+01 5.064895256050998285e+01 6.937942851804585587e+01 5.446490356062778204e+01 6.636536649271292276e+01 8.079828086207226079e+01 1.008990624139496362e+02 9.967489556606089707e+01 8.008518480907844150e+01 9.967489556203943835e+01 9.012884915730366231e+01 1.003559405150678288e+02 8.796027009859015777e+01 1.074855726949704433e+02 1.072541899109315295e+02 8.700042133904580055e+01 8.269187667440368728e+01 6.283660715262500673e+01 8.269187667440368728e+01 9.482989962835458186e+01 9.205298244022495169e+01 7.243959169221446359e+01 5.848432851376832531e+01 5.978277359722066109e+01 6.931797883220623646e+01 8.323506571176586988e+01 1.027225366518757568e+02 9.323366831023595580e+01 7.421084258699721659e+01 6.067635232317887528e+01 7.978249924400392956e+01 8.592209479053951782e+01 7.798987153638120162e+01 6.415778999709742436e+01 7.759400839087804513e+01 9.632249828352453846e+01 8.020386761505533002e+01
6.257134276154944530e+01 4.590624485884106321e+01 4.892204614201646962e+01 5.457181044207160170e+01 6.488674065636696753e+01 7.672236299110295477e+01 9.687134238357621996e+01 9.549835520615422979e+01 7.582063812347557530e+01 8.993265631687390282e+01 7.619265505889555357e+01 8.077471476641909476e+01 1.003559107754713580e+02 1.081337443066701951e+02 1.016860336055248126e+02 8.115060860494540407e+01 6.700611809990844847e+01 5.951967766718701824e+01 7.506092272500161755e+01 7.506092271896109480e+01 9.467843057148893138e+01 8.627262174311699994e+01 7.291920314780227841e+01 5.334603868615034372e+01 6.716499799926742753e+01 8.681108325848400398e+01 9.980880771692184794e+01 9.250237401449754771e+01 7.640497773140428706e+01 5.726672072070148545e+01 7.640497772910032381e+01 7.321709275324666066e+01 5.890099223544207518e+01 7.798987153638120162e+01 9.102785019601796535e+01 7.919147771534544233e+01 7.089811675316748563e+01
4.248579419255300849e+01 6.277422348016758491e+01 6.341435935762245180e+01 7.506253220088582623e+01 6.559513444633988399e+01 8.593424340454427579e+01 1.051705453508605501e+02 1.036568092315837930e+02 8.993265632340062155e+01 7.013103011554538568e+01 8.993265632651723251e+01 1.003559405150678288e+02 1.024740545469543491e+02 8.902463405480168035e+01 1.018332565171745046e+02 9.547370031922638134e+01 8.690801258342756341e+01 7.506092272500164597e+01 5.535017850786674387e+01 6.669487280164919696e+01 8.648915943790076710e+01 8.384932446733728284e+01 6.421878597442191960e+01 5.047823210176740361e+01 6.996843758065335805e+01 7.847046776600650730e+01 8.618770423914423873e+01 7.412078809242743205e+01 7.310408947184846795e+01 5.404461447482814407e+01 6.876645867943565804e+01 5.413498579824300805e+01 7.321685746404831718e+01 8.590872107495208354e+01 7.767593933339269086e+01 6.943331609438040175e+01 5.124720769219403138e+01
4.020457104867118403e+01 5.444937321970227373e+01 7.482516957177296035e+01 9.211070234682421187e+01 8.593424265867518841e+01 8.004133797450977283e+01 1.001609756763924395e+02 1.010580745829984863e+02 8.140305090162699742e+01 6.731454457782203349e+01 8.347468888159735911e+01 9.164380324995796911e+01 9.390016957278304233e+01 7.516607526850712873e+01 8.893989907851687349e+01 8.381558016174440695e+01 8.627570379299356773e+01 6.651089696034973997e+01 5.268633447572896245e+01 6.651089696028172682e+01 8.627570346924271405e+01 8.101590029649045732e+01 6.141400716015300532e+01 4.772501246275899689e+01 6.333048485636849279e+01 5.794527279320310953e+01 7.723815604146159330e+01 7.738853765741865232e+01 5.863402901621874008e+01 6.563445635365495434e+01 4.964408165753467017e+01 6.847300310395353051e+01 7.985389640195573691e+01 7.476625063403776039e+01 6.795326774184468377e+01 4.982242660315810667e+01 6.935288884559140854e+01
5.718272377118040595e+01 6.881889172235560181e+01 7.247708994389678594e+01 8.085201985929563762e+01 9.518320548199824316e+01 1.001609755311640413e+02 1.084613693230774771e+02 1.010580758684926934e+02 8.140305090225609774e+01 8.347468737978230990e+01 6.360329466036905899e+01 7.993411989137381113e+01 8.597414768426951071e+01 6.629610560807385866e+01 6.954515284404101294e+01 6.385742359707126070e+01 6.784810321965909452e+01 6.967804370902321409e+01 5.014204933099270534e+01 6.967804370934504732e+01 8.861481404725878974e+01 8.046040425125327999e+01 7.437945132280232485e+01 6.315802668498084671e+01 4.401073596483512063e+01 5.988046140109840110e+01 6.199672702983786365e+01 6.262443635701041700e+01 6.027627216273442201e+01 4.654043683839139334e+01 6.381397998896712664e+01 6.509289956731655025e+01 6.582661795995917942e+01 4.869558275923216684e+01 4.842502339617956864e+01 6.789730219010399992e+01 6.100632413302203361e+01
6.252020431192846672e+01 6.630542278022099367e+01 5.200798566000491974e+01 6.652089950919616967e+01 8.536933613162017309e+01 9.176939761278111973e+01 1.000729137808964282e+02 1.092395528911682874e+02 1.010580755367698060e+02 9.164379389953070643e+01 7.993411989137381113e+01 6.008892530372436624e+01 7.669338681707148453e+01 7.448649698833536092e+01 5.648182210945444837e+01 5.011892131714571264e+01 4.835089811097741830e+01 6.530528747484491703e+01 4.764573208905103741e+01 6.713387605741482389e+01 8.046040425125327999e+01 6.025738302465810392e+01 6.525173460208156939e+01 4.946155763896456392e+01 4.166542998016830524e+01 4.219560307988519554e+01 4.273919980008651720e+01 4.329417950501216694e+01 4.385907353152963850e+01 4.443624809638131978e+01 4.505313000626869524e+01 4.568143201466050130e+01 4.631845911062845289e+01 4.697701363461125368e+01 6.647165349419164215e+01 7.573709030209703030e+01 8.096477306011426833e+01
4.224088893318351978e+01 4.592139751933721215e+01 6.630542278022099367e+01 5.904309017326170306e+01 6.500441690899394587e+01 7.153062615441217531e+01 8.589512737580314194e+01 1.059511403664483993e+02 1.031662920104380987e+02 8.350840984259409083e+01 6.947142294896249837e+01 7.669338681707148453e+01 5.692527266577003786e+01 5.481267694141071445e+01 5.275740835625563108e+01 6.956374349521969691e+01 6.525831920846627554e+01 4.585826296968986782e+01 4.523220822558841547e+01 6.115149352040373287e+01 6.908013483672245059e+01 6.617078634594582809e+01 4.142961617079253500e+01 4.094964415487594067e+01 5.999805387431015191e+01 6.155352349636356024e+01 5.628330905232333947e+01 6.260547052070347007e+01 5.163281954004852992e+01 5.133512762883796654e+01 6.479369844285476177e+01 6.525521718364993262e+01 6.586037564707464753e+01 6.650710691498886717e+01 4.818536328952285430e+01 6.736099155140772154e+01 7.684037869183491409e+01
6.252020431193341921e+01 6.630542278021496827e+01 6.256781481700444658e+01 7.949049033713082224e+01 7.578214978148510284e+01 9.176939761278111973e+01 8.589512737582246871e+01 1.059511404878911804e+02 1.031662920104380987e+02 8.350840984259409083e+01 8.350880247700256120e+01 8.486414257694801222e+01 7.090287437275013360e+01 7.449690183097270335e+01 5.732904929724675469e+01 7.698765628724244436e+01 7.335705564830647063e+01 6.283396017546527901e+01 4.350905494619691183e+01 4.210116538189295454e+01 5.912827024460209202e+01 5.838641961784419721e+01 4.023670260436512791e+01 5.919211374257650959e+01 4.842121704533773396e+01 6.745008823828395350e+01 7.604941621094029358e+01 7.858435001958052624e+01 6.120137674518716153e+01 7.166548984175283010e+01 6.358380168896284346e+01 8.446958105507370362e+01 8.173323076954700639e+01 6.185217937131054811e+01 6.767520343563923291e+01 4.934762471656090099e+01 6.785137885269594449e+01
7.449120282865457909e+01 8.285489474468732851e+01 8.293587107509773659e+01 9.127867038678884626e+01 9.599071360222336580e+01 1.042997593783843939e+02 1.059511404878911804e+02 1.142507001859714535e+02 1.113677380161284560e+02 1.031662920104380987e+02 1.031874289860130034e+02 9.879484789205334039e+01 8.449902503784630881e+01 6.481740398445607809e+01 7.700886776818366286e+01 8.516415804962315406e+01 6.944141540478065622e+01 5.561830625908930870e+01 5.955444219199849698e+01 5.923945096336489513e+01 4.057460421835666153e+01 3.950491375676279660e+01 5.838541486510752065e+01 6.725479200995761175e+01 6.745005585276456372e+01 5.698430029593429680e+01 7.589288370261907346e+01 8.849742024630171500e+01 8.039737678278176247e+01 8.859359551708024583e+01 7.716209703612598503e+01 9.273400973282484472e+01 8.996929606733908713e+01 8.173323142515214101e+01 7.669255135917764221e+01 5.128056797935226285e+01 5.047204491760016509e+01
5.409486302722633866e+01 6.816475031122500639e+01 7.539310743697052430e+01 8.376308396841474746e+01 9.391137947719337831e+01 1.060126901712561391e+02 9.785831293600983827e+01 1.007079423776812632e+02 1.088774427045292157e+02 1.194744019367824990e+02 9.991831770750249575e+01 8.609612431986352021e+01 7.488304080834750209e+01 7.618707328894574005e+01 9.263373106569463289e+01 9.730896926674719793e+01 8.337520809038944947e+01 7.517060030775351720e+01 7.324288918859660669e+01 5.405313885853915679e+01 5.783095438331506699e+01 3.897623928308892971e+01 5.265981858107195279e+01 7.295750466772641118e+01 7.763397689771227306e+01 7.582819964795949375e+01 6.724447975487430540e+01 7.699876580371714851e+01 8.912199256080364762e+01 1.049622444948008280e+02 9.859563297229948375e+01 1.040499631292729248e+02 9.328769834867129873e+01 8.547114690812537674e+01 7.397204731087936125e+01 5.583632128773717085e+01 5.128537005496382051e+01
4.244508339922718676e+01 4.777798253776123971e+01 5.494823595130361582e+01 6.520766519022409113e+01 8.557854968371702853e+01 9.482590838682062895e+01 7.861078293552768059e+01 8.139862450990602838e+01 9.765926215260687115e+01 1.092957843920622452e+02 1.014971858913936416e+02 1.024710485149564647e+02 8.674989831051061628e+01 9.585481892355880973e+01 1.039802466294804191e+02 1.000698525029468158e+02 9.125134464528160549e+01 8.317485150073395062e+01 8.223178274286163969e+01 7.406996773905831333e+01 5.740575125973573023e+01 3.848139716955112988e+01 5.706721970338719530e+01 6.490243375682125304e+01 6.161532117853449364e+01 7.813986566099195841e+01 8.577964944898015176e+01 9.363514814302929778e+01 1.016768119472974661e+02 1.118729742423671354e+02 1.147821240142482679e+02 9.612355636886721300e+01 7.783112071388015352e+01 6.758295005818723666e+01 6.260317070146059137e+01 7.161924314748186760e+01 5.211409203190336115e+01
5.000450225440998508e+01 6.816475380296921571e+01 6.442882463166277773e+01 8.376308396841474746e+01 9.391137947719337831e+01 8.626835687567670163e+01 6.776455441739017260e+01 7.051006060758135163e+01 8.907393079888255727e+01 9.881076428903146791e+01 8.361289629049657890e+01 9.881076428903146791e+01 1.057161970675962834e+02 1.135273887630781644e+02 1.059688894784080304e+02 8.623111680038441307e+01 7.178458789146996821e+01 6.272594826895443987e+01 7.304906309922928642e+01 6.787750898092068041e+01 5.736505149490087518e+01 3.797804362378375487e+01 5.483537896137631407e+01 4.774617130824051969e+01 6.607203406586498318e+01 7.822576519453686217e+01 8.030840591512685478e+01 8.535544397048519727e+01 8.069277962801606918e+01 9.369742882995581112e+01 1.068799798329677913e+02 8.809148514622296489e+01 7.767167884523595944e+01 8.547087518420620711e+01 8.050884293969721739e+01 7.292882289947742436e+01 5.295036489687176839e+01
