LEM/sinusoidal_perturbations/elevation_000227.asc
nrows	100
cellsize	150.0
xllcorner	0
ncols	100
yllcorner	0
NODATA_value	-9999
[rows 68 to 84 of 100, columns 37 to 73 of 100]
4.311247369817748165e+01 6.326074093939422482e+01 6.286455926591577992e+01 7.919857178413047905e+01 8.933374306987913371e+01 8.106580302158752716e+01 7.263826516889629659e+01 7.999020779759008803e+01 6.330613989081196991e+01 6.792869648613449840e+01 4.785868159983473191e+01 6.296756693112416059e+01 6.412883701666459046e+01 4.767107314276100993e+01 6.781841469145098245e+01 7.980478951616959193e+01 9.604528859819330933e+01 8.778438927548995707e+01 9.604457143371439543e+01 9.831276841351144924e+01 9.001723897712437861e+01 1.060085225518756005e+02 9.352422853748350917e+01 7.370386022827874228e+01 7.997714471919719870e+01 9.273756645769609008e+01 9.573334672462654282e+01 8.260195830735368361e+01 9.156613822447721418e+01 1.027327895990508893e+02 1.220015046024877705e+02 1.346781810761404472e+02 1.151928571796870244e+02 1.017693037643844889e+02 1.208999764153420529e+02 1.395155697042456211e+02 1.439055928057381095e+02
5.138741190627941791e+01 4.743552699767033687e+01 5.128060696169075072e+01 7.132520141219465870e+01 8.548450706595340876e+01 9.692952211738317203e+01 9.257803381971864098e+01 9.150051202005575135e+01 8.324390639110448831e+01 7.157865553301675732e+01 5.158700649354199186e+01 7.157865553301675732e+01 7.598759321418118873e+01 6.781841469145179246e+01 5.147760915946515325e+01 7.154479722974572553e+01 8.026161619060796681e+01 6.788091799898181478e+01 8.195501908745640662e+01 1.018573487794174071e+02 1.096435743475668119e+02 1.178156201451690492e+02 1.005648448814527143e+02 8.065322986328796162e+01 9.984999495155443583e+01 9.984999495155442162e+01 1.080886106151926356e+02 8.869718799271366549e+01 1.080886106151926356e+02 1.190392577285556257e+02 1.302893041989046310e+02 1.312669363371669533e+02 1.162601067665766692e+02 9.713514145351749107e+01 1.162601067665766692e+02 1.330343236367586144e+02 1.239072780037194690e+02
6.560572766265616451e+01 6.754893353928950717e+01 5.510708250151203202e+01 5.737857760102606619e+01 6.889507514290676227e+01 8.869974204378800664e+01 1.037758393078825634e+02 9.739544534932534248e+01 7.971249011654042249e+01 5.978874573470400833e+01 5.740884444141493503e+01 6.791985055097877932e+01 8.785847077143866102e+01 7.980478952851110819e+01 7.154479722974572553e+01 5.543760814491682964e+01 6.033247429082049251e+01 8.026148482342648549e+01 7.783461005987679471e+01 8.673563103846372258e+01 9.821311728753475734e+01 1.181322069833426838e+02 1.087753606124472299e+02 9.067344595829467835e+01 1.087753606124473720e+02 1.195980581837614807e+02 1.159926412759885039e+02 9.709745887287412813e+01 1.081066491710871560e+02 1.275713163078106760e+02 1.353025957868434261e+02 1.230879223974296792e+02 1.038547316046521019e+02 9.275777840716517630e+01 1.062659591631654905e+02 1.180706814400206213e+02 1.239072779661815815e+02
8.556655574488178218e+01 8.108504382219341267e+01 6.071855210699118288e+01 7.726551227735328098e+01 6.445129492621693146e+01 7.586151259932896096e+01 9.554803272569193950e+01 8.911443453158898365e+01 6.916989857492971794e+01 7.971249011654042249e+01 6.341428085103693491e+01 8.333568178559762885e+01 9.613935187610458399e+01 8.295713018605928823e+01 6.303716509746056573e+01 7.542809107898486332e+01 6.180512518793780430e+01 8.172836988823689808e+01 9.773413730951355660e+01 1.060036184019921137e+02 1.149136236883296789e+02 1.264352687940954212e+02 1.187058970443088270e+02 1.104639492251806985e+02 1.187260308907121527e+02 1.331807869154658590e+02 1.243244604977342931e+02 1.103912633992442522e+02 1.243244604977342931e+02 1.296197579850652915e+02 1.156079027161901820e+02 1.218541972599976191e+02 1.025707395105296484e+02 8.882248653782457382e+01 1.033204868654509028e+02 9.762502595064771072e+01 1.055558489575548862e+02
9.554403637077460587e+01 7.509593301031947021e+01 6.865821841587104757e+01 8.925111909894864937e+01 8.334383734127857224e+01 7.286499209722842352e+01 9.247762159577622754e+01 9.739544534932534248e+01 7.807883182022180790e+01 8.998878267443662082e+01 7.002948000791968752e+01 8.998878267443662082e+01 9.185753894137738484e+01 7.195561993695173442e+01 7.712764359171650597e+01 8.802242826304340895e+01 6.811886784164492781e+01 7.177733858690626789e+01 8.172994650417483342e+01 9.579392500189649695e+01 1.157155455911266841e+02 1.259254759809308410e+02 1.233792098342664758e+02 1.290011874364107314e+02 1.275442291499016818e+02 1.137878153912446351e+02 1.275746072503386443e+02 1.299169069736948927e+02 1.344250218118188798e+02 1.213763454350087159e+02 1.019691064652261758e+02 1.091021300089125816e+02 1.152436104019475636e+02 1.026769189790001349e+02 8.355240627624550598e+01 8.344863753447178567e+01 8.596814431301056914e+01
1.039851153579606233e+02 9.554403637077460587e+01 7.940723544423772751e+01 9.756051291639209921e+01 9.380165103263065873e+01 7.977790564006512852e+01 9.959603211434432524e+01 1.063289019006912213e+02 8.960691447935809606e+01 9.827020961915074793e+01 8.000355763533933384e+01 9.827020961915074793e+01 9.889271362162794787e+01 7.899423472867955809e+01 9.703075578379369404e+01 9.505860167713423436e+01 7.515729871448823474e+01 8.584919043569573205e+01 9.994460642356992253e+01 1.099065347240705108e+02 1.203307244634405322e+02 1.066611357081719831e+02 1.041704921354494786e+02 1.097914327468114237e+02 1.189170633552131449e+02 1.002748901611275301e+02 1.189310848077307554e+02 1.285846059127667615e+02 1.261370930081061346e+02 1.066757751565406664e+02 9.708199857759962015e+01 8.964398554813361386e+01 1.017165983769265551e+02 9.673284716575805930e+01 7.995582875894149311e+01 9.982926030533204198e+01 1.055558464386812005e+02
1.147261195590918277e+02 1.100274494814869541e+02 1.012399404823269862e+02 1.078765475071854922e+02 9.801383063515862659e+01 9.094047268446544763e+01 1.076576621733823202e+02 1.178653667184589580e+02 1.095655458801713564e+02 1.082605733238824115e+02 9.997400771353380833e+01 1.082605733238824115e+02 1.071663465459303382e+02 8.894373082342836767e+01 1.071663465459303382e+02 1.033263414920499343e+02 8.511105302330385314e+01 1.033263414920499343e+02 1.140400224114440704e+02 1.259254759809483488e+02 1.066611357081719831e+02 9.307555561715302872e+01 9.056923643827690285e+01 1.091876132499998988e+02 1.033427928421247799e+02 9.166119718900345958e+01 1.012811349980055411e+02 1.204847664055107117e+02 1.344250218118188798e+02 1.246141815704362017e+02 1.164062410184191947e+02 1.017476427483232442e+02 8.198227819796230165e+01 7.711679712259679320e+01 9.708766426183703402e+01 1.079868110664566814e+02 1.139752856502208402e+02
1.066166213304587842e+02 1.143245008674685437e+02 1.062334413957567563e+02 1.143245008674685437e+02 1.152250776071133629e+02 1.101236589536636927e+02 1.182546522578846151e+02 1.193121687517969889e+02 1.111408632665495162e+02 1.193121687517969889e+02 1.155309755594346086e+02 1.237175131398568482e+02 1.171326260196236433e+02 1.088416964198275991e+02 1.171326260196236433e+02 1.132886135575961930e+02 1.050061503309644593e+02 1.132886135575961930e+02 1.157888094483404160e+02 1.136717310883975642e+02 1.148032039386937271e+02 9.556855601393522193e+01 8.170495608775537733e+01 9.647475872159789390e+01 8.391858263729449163e+01 1.033427928421247799e+02 1.189294771219541076e+02 1.285844594513730499e+02 1.332534714746189763e+02 1.251193821218236053e+02 1.273896101456475947e+02 1.098749252918851340e+02 9.531534364684858929e+01 7.528145045983957573e+01 9.511361611102445579e+01 1.003913368749098396e+02 9.476471295593908906e+01
1.147261195590918277e+02 1.045764977713704411e+02 8.675298449835491965e+01 1.014456906650149222e+02 1.095363182692999118e+02 1.233215141449568222e+02 1.153558980180099809e+02 1.071851805927211956e+02 9.149178966125143120e+01 1.094761793967445271e+02 9.590367510003846974e+01 1.123625613088622117e+02 1.144428796953617677e+02 1.226163259168445023e+02 1.237360641215716583e+02 1.157304150256084085e+02 1.157304150256084085e+02 1.157888094483404160e+02 9.645548373002209530e+01 9.434153040203172225e+01 1.033393042046884887e+02 9.616854654312312789e+01 7.642415278438173232e+01 7.674450513023487019e+01 8.317823850748553127e+01 9.699048621625216526e+01 1.162247262517802540e+02 1.306000986497499241e+02 1.251193821218236053e+02 1.057495505758441823e+02 1.114228428852204615e+02 9.991702499464926746e+01 9.406836822325814751e+01 7.346184987622470430e+01 8.981207636460119659e+01 8.073822862191633476e+01 9.476712582232973148e+01
1.078907403646941532e+02 9.649321294705585217e+01 7.671747336230671976e+01 8.179687097880371027e+01 9.575112239364294453e+01 1.142719885201536414e+02 1.071851805927211956e+02 8.741794514221417955e+01 8.145416832888268743e+01 9.943183295488128692e+01 8.439825611859428989e+01 1.035194715503307066e+02 9.478629320433061878e+01 1.112547626384072714e+02 1.157304150256084085e+02 9.655673484626142056e+01 9.655673484626142056e+01 1.061437081731443328e+02 1.000032151013713957e+02 8.038130411143855270e+01 8.378859125600455116e+01 8.738124852264263609e+01 7.138513771294948640e+01 9.138022871029831151e+01 9.647475813582339299e+01 9.367809669980198350e+01 1.032838619830405946e+02 1.225101568264349226e+02 1.225815985370958998e+02 1.032540667988011336e+02 9.207106562304163333e+01 8.602527922341204203e+01 8.074976262468592836e+01 9.121797812913629855e+01 7.103735105134067851e+01 9.122087758388892098e+01 1.083877683138910442e+02
9.978617032594515024e+01 8.002310784849585445e+01 6.892977020626670992e+01 8.901868595653849070e+01 8.659886964907317974e+01 1.004354290846134745e+02 1.117431956886858302e+02 9.320763436035653626e+01 7.307389655943245543e+01 7.946129857868093893e+01 7.527714520284435196e+01 9.534392014425688444e+01 8.324738294564153307e+01 1.023980515261786906e+02 1.066850900177544617e+02 1.021725757504899690e+02 8.270251363417803248e+01 8.676032182249545599e+01 1.004441754168262690e+02 8.951486250164239777e+01 6.942272557890690621e+01 6.717901841094759163e+01 8.738124852264263609e+01 9.942902076148214974e+01 1.158073291583850306e+02 1.128970094047378012e+02 1.209423505579866003e+02 1.306000986497499241e+02 1.307105894663343122e+02 1.195015110252315509e+02 1.114228428852204615e+02 1.055880625029314643e+02 9.724410780076854621e+01 7.783249758744494784e+01 6.937791511577411541e+01 8.962929490995998094e+01 1.045186169296010519e+02
9.765154975266173665e+01 7.784994023518626705e+01 6.334236300636607098e+01 8.166342290741492604e+01 7.237017679708492324e+01 8.404493737822424748e+01 1.036597909085744789e+02 1.013869215801120589e+02 8.531053267355096636e+01 6.488991492698869479e+01 8.531053267354113245e+01 8.416274712089767718e+01 7.410662830722692718e+01 9.421615885153597958e+01 8.702965620158241222e+01 1.009404374897924583e+02 9.243758424224184012e+01 7.253353793361299040e+01 8.463059469223446740e+01 8.005845366396091833e+01 6.306631264633667655e+01 7.100510196926883566e+01 8.122842042797876161e+01 9.515834157268146498e+01 1.144791959211178494e+02 1.179219315149087919e+02 1.179219315166495647e+02 1.260126482671599035e+02 1.309108961553524466e+02 1.251509446256318512e+02 1.233207572151058855e+02 1.050367078453383556e+02 9.179692113269108233e+01 8.805750760250199960e+01 6.774569841057837039e+01 8.806417879209763555e+01 9.179667606245445199e+01
9.322377525816354193e+01 7.326224149779970674e+01 5.864760713807219616e+01 6.129554341134574003e+01 8.166342290741492604e+01 9.371020621196720413e+01 9.803454855012228109e+01 8.980552012067103362e+01 8.130572004396078967e+01 6.076592470770923171e+01 7.581622883376718391e+01 6.371771952512906978e+01 8.416274712089767718e+01 9.098717835191713732e+01 7.281640534726668079e+01 9.098711704235945774e+01 9.854098497568793391e+01 7.886872237892502824e+01 6.433844598656332892e+01 5.953454149546075769e+01 8.005845366396091833e+01 9.102285461049973492e+01 9.908265818139527426e+01 1.088474650538016846e+02 1.123170470077232608e+02 9.862144674609284323e+01 9.862144674609285744e+01 1.179219315169122524e+02 1.114871959356868274e+02 1.058274859155983307e+02 1.195835112420553799e+02 1.180593923824116729e+02 1.005489908479561478e+02 8.069742756243918791e+01 6.611656624476461275e+01 6.868870132649828975e+01 7.164424724330008587e+01
8.614960287862579946e+01 7.484542224136316690e+01 5.426558193223316096e+01 5.465762691244815841e+01 6.530935164941057280e+01 8.554279927558363283e+01 8.980552012067103362e+01 6.953338200900695654e+01 7.547095379276305493e+01 7.136445869375187101e+01 5.517061663265443627e+01 7.581622883376718391e+01 9.239797948612554990e+01 8.279931822542555153e+01 6.247294517829584493e+01 8.279927324401211308e+01 9.165656035263147317e+01 8.208677632115031031e+01 7.476230915744919514e+01 5.710039047116536182e+01 6.650968943179981352e+01 7.838958672387457227e+01 9.812907555060677112e+01 1.161654380611909261e+02 1.042744278548521066e+02 8.483671542432495016e+01 1.042744278547783239e+02 1.161654486158816582e+02 1.114871959357889182e+02 9.212235728475182839e+01 1.011362542811912135e+02 1.060656748734573398e+02 9.796191343400406026e+01 8.497302667651527486e+01 6.449357028707177619e+01 8.497302667720747138e+01 8.485309888763654840e+01
7.788032469345051823e+01 7.283156827871758310e+01 6.450190820973855921e+01 4.830583590384433279e+01 6.307781631094697161e+01 8.337479917107265237e+01 8.570706959560810390e+01 7.393826405731665830e+01 5.483518415601087526e+01 5.065173404419501679e+01 7.117767141192631186e+01 7.741054155730319053e+01 7.550633176466017460e+01 6.712423549339675333e+01 5.502147637304620531e+01 7.602346822701491647e+01 7.868999803482786604e+01 6.544491381184190004e+01 5.412116369675756289e+01 6.886441807205007137e+01 8.587574413997408840e+01 9.483353210110587383e+01 1.061781762830349720e+02 1.081016394436526724e+02 8.859807074617229716e+01 7.839163937150203765e+01 8.859807074636768220e+01 1.081016395106963870e+02 1.138788840993473741e+02 1.011362542811912135e+02 8.144133113314184413e+01 9.232682780457011518e+01 7.804730238525527852e+01 8.173055229395515653e+01 6.307358061418834438e+01 8.243826033043846735e+01 1.008672488235073814e+02
7.893390514845474115e+01 5.851891809950006262e+01 4.370058089845429095e+01 6.450190820973685391e+01 6.492254427616418866e+01 7.329895414084049321e+01 7.806137420342056998e+01 5.808918256910906308e+01 4.608129268452861993e+01 6.336488753367952853e+01 6.218012776350897752e+01 5.667852525330955871e+01 6.312776433855501779e+01 4.537164421734216546e+01 6.693710397572372983e+01 7.720957580685576715e+01 6.912620014119903544e+01 5.124517031304689141e+01 7.191303174402830223e+01 8.298434977311973171e+01 9.710176468255224336e+01 9.638272618827426186e+01 9.110546381474365774e+01 9.649494490271784741e+01 9.217704227790174798e+01 7.193035382826069224e+01 9.217704227832670938e+01 1.034488486791514816e+02 9.548942243827305276e+01 9.574011089659045126e+01 9.232841688707046046e+01 7.223725940703219806e+01 6.660836563167710267e+01 6.110717995794647095e+01 8.173046916122554251e+01 7.777254295803001582e+01 9.199325050556477379e+01
7.601014605654457057e+01 5.549452044039220056e+01 4.079345408256100569e+01 5.747497805449096830e+01 3.966202356128739837e+01 5.838573309789024535e+01 8.087377779316325643e+01 7.250680065020456766e+01 6.201159105811444761e+01 4.222836267865790916e+01 4.142259205139895784e+01 4.268401977039307837e+01 4.247097432240606452e+01 4.294947219371260871e+01 6.369077063294233909e+01 6.638297607604248185e+01 4.844090740378598525e+01 6.912620014117636913e+01 7.453702376687476772e+01 8.322294943137030998e+01 8.255254792135635000e+01 7.594854443858164927e+01 7.234732520887303053e+01 7.812251633747054314e+01 8.132741420783902697e+01 6.668094568016424262e+01 8.764974504527386046e+01 8.647808290296084976e+01 9.387096291790231817e+01 7.792313734441395923e+01 9.325353042035186490e+01 9.230776091829223162e+01 8.044378763532429844e+01 5.980555015746298153e+01 7.455748132575490672e+01 9.465445460830360958e+01 1.058919060004473351e+02
