LEM/sinusoidal_perturbations/elevation_000024.asc
nrows	100
cellsize	150.0
xllcorner	0
ncols	100
yllcorner	0
NODATA_value	-9999
[rows 51 to 67 of 100, columns 37 to 73 of 100]
4.819863827462742023e+01 7.058122795348533884e+01 6.110514953263947291e+01 4.411575435888499186e+01 4.818039724321331363e+01 5.462626760830811889e+01 6.230507994099372837e+01 7.970849514360268984e+01 1.041704053478221397e+02 1.038248314790965594e+02 7.906619526236622164e+01 1.038248314790965594e+02 9.636561716320606763e+01 1.150088673558249184e+02 1.063090655376184230e+02 1.242004816979281259e+02 1.336429835777205710e+02 1.126096725180046718e+02 1.033425537061479531e+02 1.069051857874572562e+02 1.218893555137522640e+02 1.063048397052766205e+02 8.189462807671590383e+01 1.063048397052766205e+02 1.195330728432269751e+02 1.066743018984717253e+02 8.310437977477151605e+01 7.283942077235199974e+01 6.544993699252191277e+01 5.935568888723807390e+01 7.657766966301659295e+01 8.131996562853647958e+01 7.179329683360170122e+01 5.088066573385743396e+01 7.022235474697636448e+01 5.668746016537738797e+01 7.952036695016838053e+01
5.553406527440721163e+01 7.918917265997443167e+01 7.230769793324151351e+01 4.953808560687846807e+01 7.073649134476268330e+01 5.671740572470675801e+01 8.078088142012832407e+01 7.782993160651491849e+01 1.024345857876764825e+02 1.128398817450289471e+02 9.211063688554249040e+01 1.128398818567438866e+02 1.193167405143155548e+02 1.278706079850460782e+02 1.281809279992546635e+02 1.365436627120495245e+02 1.421877296692481423e+02 1.336429835777319397e+02 1.252687922348895313e+02 1.285383289597726844e+02 1.244087744020092714e+02 1.022360732301778654e+02 9.672020372786445819e+01 1.151671072345556297e+02 1.221976699380619777e+02 1.002443123229200950e+02 1.062346082042010522e+02 9.191817070430992942e+01 6.756664487921712237e+01 8.271204141040897184e+01 9.225796576797158366e+01 9.079107186869360646e+01 8.065223788192004406e+01 7.248892657697987829e+01 5.156584010517587302e+01 7.343543170532554143e+01 8.905987517615726290e+01
6.583939781866384067e+01 8.876305973577866837e+01 7.928076881711298540e+01 5.544583930248351322e+01 7.928076784349960349e+01 6.381539111928840668e+01 8.887672326650896082e+01 9.562394139539067339e+01 1.116131780705274821e+02 1.241761092012250458e+02 1.155387972459659665e+02 1.241761178352982284e+02 1.200523714151768644e+02 1.117579490901537582e+02 1.143338849470940346e+02 1.227293063872928371e+02 1.348280047776809738e+02 1.232112907070667802e+02 1.148460111258324616e+02 1.148464726062036760e+02 1.232158798314720372e+02 1.244087744020092714e+02 1.193976959364479029e+02 1.278935881210439618e+02 1.306342818904024625e+02 1.221976699380619777e+02 1.028148446482855576e+02 7.845724205386368055e+01 9.191817070430992942e+01 1.012773430837012683e+02 9.788450862416564746e+01 8.117857302496028638e+01 5.747024834811814742e+01 5.404386942951327910e+01 5.205815940044622891e+01 7.254779453531173772e+01 7.201936010408694244e+01
7.988891192334027380e+01 9.936468892899989669e+01 8.802686362241280449e+01 6.289511247137993877e+01 8.802686362241280449e+01 7.909889138603725200e+01 7.981081717600628167e+01 1.050136003470500583e+02 1.276026591755203867e+02 1.192672083427962946e+02 1.109832895135106270e+02 1.155847896429278023e+02 1.090975107734360563e+02 9.319643590585471316e+01 9.554086893776239720e+01 1.143364476637570704e+02 1.264338559540366873e+02 1.063617626730652859e+02 9.550397882982171893e+01 9.550397909716481593e+01 1.119025437311410940e+02 1.223391841737937540e+02 1.251456359348032237e+02 1.335475861169083487e+02 1.325536356497615316e+02 1.110682860746061493e+02 9.436139226723918227e+01 9.613096068265058136e+01 1.118532317532032749e+02 1.059453958410053218e+02 8.836543825417408016e+01 6.399064530186684863e+01 8.114781973354942579e+01 7.668377360453138181e+01 7.401399320062016329e+01 5.277138093415653941e+01 6.975869345983387859e+01
1.038060226628665816e+02 1.128009894017913979e+02 9.794331268299680460e+01 7.572274608346515379e+01 9.794334662920749679e+01 1.002233961349573974e+02 9.802831035990377018e+01 1.147429053270838040e+02 1.177662270686336399e+02 1.084538906448916862e+02 9.279410325958886574e+01 9.694745770683854857e+01 1.010424911816933928e+02 8.416466043718500600e+01 1.010421965415741141e+02 1.138943737917853127e+02 1.224790595463250611e+02 1.141407425398831776e+02 1.036790787719614286e+02 8.566260220322585894e+01 9.498647247343571109e+01 1.140147363232743203e+02 1.051552922162243817e+02 1.164073873728529378e+02 1.247377721867508598e+02 1.260040679573426559e+02 1.173611992617724127e+02 1.190932087380610085e+02 1.152176741525907602e+02 9.668446070353441257e+01 7.172353912320993174e+01 8.836543825417408016e+01 9.787610621260255073e+01 8.337710220168362696e+01 6.108929946624635932e+01 6.206689774257340275e+01 5.349796584476963091e+01
1.123575560771467110e+02 1.090543929890383197e+02 1.105909456133707920e+02 1.015289369597286822e+02 1.110688267926906718e+02 1.261824909469539335e+02 1.226455603134103569e+02 1.232825903375548791e+02 1.037873371526523556e+02 9.147460099266949385e+01 8.393629630111708195e+01 8.556172965710184997e+01 9.595355059087917482e+01 8.003487362787375048e+01 8.837332169678113303e+01 1.057647603992723191e+02 1.141407424901173613e+02 9.502283643509417743e+01 9.847822394889048780e+01 8.128048080451731039e+01 9.847822394889037412e+01 1.105047453777450954e+02 9.440154368316655109e+01 9.748818895461249667e+01 1.136097650258416820e+02 1.247330299727323535e+02 1.344318121056853386e+02 1.132932730553134206e+02 9.665684576629111291e+01 8.175518302170024754e+01 9.668446070353441257e+01 1.059451993649969950e+02 9.527010492239551809e+01 7.148444934576511400e+01 7.635486799402174540e+01 5.429679260162031795e+01 7.597630481924311141e+01
9.896282792467191314e+01 8.728036798411585551e+01 9.885068323599807627e+01 1.069481971408434475e+02 1.142117445432960636e+02 1.127784736496506639e+02 1.303326944529513867e+02 1.242751484536608473e+02 1.107423965309979508e+02 1.019783075506347529e+02 9.268119985496808511e+01 7.721553617467326092e+01 9.173824044424624446e+01 7.628398540865865129e+01 8.674317470245753725e+01 1.037922286909991669e+02 1.141407425814282988e+02 9.502283643509990441e+01 8.309278537168249557e+01 7.772083360899267745e+01 8.469420688781779916e+01 9.431812515217120563e+01 8.592808326630833449e+01 8.804998802093497545e+01 9.748818874575636073e+01 1.164070103020978451e+02 1.345030701898643031e+02 1.132997765926099873e+02 9.665714981496446967e+01 1.063159335508613736e+02 1.152176741525907175e+02 1.101461912173219417e+02 8.662502004133247624e+01 9.526983872249569174e+01 7.701400471849565577e+01 5.486670122682712503e+01 5.834046914918696558e+01
8.417966466018717142e+01 6.790667007898514385e+01 7.773061783878723929e+01 8.656255511290525817e+01 9.598067187401066747e+01 1.143849598611363945e+02 1.189642941031262779e+02 1.105035403499827424e+02 9.727666880240252567e+01 8.601009697534766474e+01 7.901884850628198365e+01 7.310940227286529591e+01 8.388763107563532628e+01 7.274485783283989804e+01 8.142251462968494025e+01 9.765343119132262473e+01 1.137553655154866732e+02 1.080307901039661971e+02 1.006223415056007866e+02 8.987851294932610813e+01 7.341896066893252737e+01 7.593782721607317399e+01 8.067405054774921780e+01 9.676701220701303896e+01 1.066457557035477208e+02 1.085846276620333981e+02 1.168320918307100698e+02 1.280225418172550178e+02 1.195100775037564631e+02 1.280225418172545631e+02 1.317503440057355135e+02 1.101461911794587394e+02 1.101461909381518183e+02 9.462426864042998886e+01 7.070173253672044211e+01 5.544235012063468560e+01 6.915495574532278056e+01
5.461142620750764110e+01 7.004061476095249361e+01 9.561812131330715658e+01 1.069481971408434475e+02 1.142117177566233153e+02 1.198153922268483456e+02 1.076824726999846860e+02 9.132999220427483067e+01 1.076826843615730525e+02 1.015826132075267623e+02 9.061614644001781471e+01 8.146958332416943449e+01 6.787680823402136809e+01 8.388763108116181400e+01 9.564983018591929920e+01 1.054698273570967615e+02 9.524682516246787145e+01 8.995187842842159398e+01 1.030763876626465532e+02 8.695959959771535353e+01 7.032962434202056556e+01 8.695959959771535353e+01 8.451952225206078140e+01 9.496955322710550718e+01 8.878131480320341495e+01 9.025886995004705682e+01 1.037596788846131517e+02 1.104471658134933847e+02 1.187900617050791112e+02 1.303497707442070350e+02 1.253023339250560326e+02 1.031991365768116111e+02 1.003696259616007609e+02 9.025070872066737593e+01 7.823598524632645024e+01 5.602268718340347675e+01 7.834362777087311258e+01
7.309800101494008118e+01 9.348456096465741894e+01 9.164456395684211998e+01 1.132975346820002329e+02 1.102396955798695615e+02 9.753487047835567125e+01 9.943227876635330631e+01 8.147939223379201223e+01 9.943227876909473650e+01 9.751876683899611464e+01 7.552180415936119573e+01 6.408308238814211677e+01 7.454006372587576834e+01 7.720825490689675519e+01 9.339722394478643253e+01 1.071859582915431588e+02 9.524706906171587661e+01 7.867735844674936629e+01 9.524706906171587661e+01 8.445937721682314248e+01 6.777362508343053094e+01 8.320537775029865202e+01 7.768342887170888389e+01 8.875108134563971873e+01 7.807443942679397253e+01 8.138876592607674354e+01 8.593336543210337197e+01 9.153209645433962294e+01 1.020343843165421163e+02 1.219392390708918441e+02 1.215114209057806391e+02 1.031991365721362826e+02 7.873482144904701840e+01 6.675336009376208324e+01 5.932775557423627788e+01 5.660654394645098364e+01 7.901669099217673420e+01
9.818623258560268141e+01 1.068863289918812427e+02 1.132975346462784927e+02 1.091609946016107671e+02 9.959817922885372354e+01 8.243850133768320632e+01 9.308431387124664980e+01 7.566316870950815598e+01 9.308431387124784351e+01 1.023496636752847166e+02 8.921971567834025052e+01 7.683688536369096767e+01 6.043843486187713410e+01 7.304282002062143420e+01 9.008302993913711987e+01 9.923704769031837714e+01 8.217941435913117232e+01 7.309823879481672293e+01 8.299914634974591365e+01 8.201583425919871218e+01 6.517698135486959643e+01 6.702198113280610414e+01 7.025714484643626179e+01 7.347915713062141663e+01 8.410845138909738239e+01 9.812250360471726651e+01 9.465776307825318270e+01 1.104471658134933847e+02 1.187900617050791112e+02 1.261842479708270304e+02 1.128270081638088129e+02 8.910238066574960669e+01 7.437150271530865098e+01 6.332335376619882084e+01 8.144705032221094143e+01 7.901658524988980048e+01 5.745356818416878752e+01
1.064124647046349708e+02 1.097406374179340247e+02 1.018427385375670582e+02 9.591587989528314040e+01 8.268390773232282243e+01 7.336970279372137327e+01 8.783152791138378745e+01 7.051637862248578870e+01 8.783152791141102966e+01 9.488887169857302695e+01 7.834129138559626426e+01 7.580709775082355861e+01 5.797779481414373492e+01 7.582165110348385895e+01 8.880954952976452432e+01 9.891745038794137201e+01 9.697708077143055050e+01 8.299914634974591365e+01 6.637279290074083349e+01 7.712531250928968518e+01 6.256913506549414450e+01 7.961114051712195305e+01 7.917295045783545504e+01 8.909475233848522180e+01 9.662548257926698625e+01 1.091425137694363912e+02 1.135388310386243518e+02 1.218542535969929901e+02 1.326247776568433210e+02 1.114967217023937422e+02 9.476483122925664304e+01 8.160130560564891766e+01 7.302296332256732114e+01 6.712603035088282866e+01 9.178379783214130327e+01 8.943165853091609563e+01 7.903062377187632137e+01
1.045696162849661164e+02 9.934078676395741070e+01 8.427114555241236360e+01 8.803562760256046715e+01 7.036208191630882425e+01 6.595321717489898106e+01 7.737060911834917931e+01 6.570448057492400551e+01 7.798391819325337337e+01 9.580591610976037487e+01 8.075257277099073860e+01 6.372155078632113145e+01 5.557059967207856488e+01 6.407218754975001218e+01 7.415825540731846388e+01 9.120217981167623122e+01 9.800674885125491187e+01 8.152066637680529482e+01 7.009390621960216095e+01 5.971200695076897347e+01 7.712531250929063731e+01 8.687695303200851527e+01 9.547706994220770582e+01 1.032839412162709891e+02 1.017855192843300500e+02 1.098892629126189462e+02 1.082045430882746615e+02 1.067503532569891149e+02 1.149625015303242606e+02 1.243291342446187144e+02 1.021560767648944079e+02 1.061751572469804472e+02 9.720383916280781023e+01 7.178158530678345528e+01 9.720384180309824274e+01 9.852636291373671895e+01 7.401799736275336272e+01
9.513658416967390963e+01 9.159054318370236558e+01 7.490673633499440598e+01 9.159054318370236558e+01 7.685777924483069512e+01 5.878496065795150116e+01 5.943191582899007130e+01 7.737060911834917931e+01 9.093459893046369302e+01 9.313609808318923911e+01 8.809697124113499456e+01 7.157624483038962637e+01 5.334003985289307792e+01 6.423246364909708461e+01 7.655697536099799549e+01 9.387114753986867299e+01 9.488962522051575377e+01 7.480948770328899400e+01 7.361543130352924891e+01 5.788087162257363616e+01 7.058965583469063176e+01 8.738201135374147555e+01 8.823930825155956370e+01 9.593776676603161491e+01 8.398534770976236530e+01 9.931403381473184311e+01 8.977547493062890283e+01 8.844530468431185000e+01 1.010448581007218678e+02 1.205246370433034429e+02 1.243291342446187144e+02 1.192265011895455160e+02 9.631817506122966677e+01 7.764152489002445634e+01 1.030278684385803842e+02 1.078609837128763189e+02 9.853923283160096958e+01
9.623629295221964242e+01 8.448201540347844229e+01 6.861165620970827206e+01 8.506910816544761644e+01 7.196183610580898460e+01 5.354320985699391855e+01 7.196183610580898460e+01 8.498687502679658223e+01 8.855972977283833814e+01 7.615998305680169267e+01 8.196893917331085788e+01 6.445216574410984833e+01 5.117850197048070982e+01 6.216162533386966516e+01 7.464382537486675062e+01 9.197032353358986256e+01 8.896766868118045579e+01 6.900372314880993940e+01 5.531532346195099592e+01 6.851361851136624637e+01 7.309717411622543182e+01 7.574081618175860342e+01 7.109853334163177863e+01 8.108221332182026231e+01 7.458805640862412645e+01 8.715158691005450464e+01 7.815676202659479088e+01 9.517322402305423168e+01 1.031287268532624495e+02 1.113239900316621913e+02 1.210354380338106495e+02 1.248378539216430028e+02 1.027905147947202096e+02 8.533948722066401160e+01 1.095673740461267585e+02 1.182905276291734111e+02 9.501921990971538889e+01
8.412922592810711819e+01 7.202215890399459397e+01 6.298443875433296313e+01 7.982474872982388092e+01 6.899887883824297319e+01 5.038205611327968825e+01 6.375263094664948937e+01 8.166444161276021418e+01 8.113222796380881618e+01 6.461436100613808264e+01 7.093267944172251305e+01 6.763127095855786308e+01 4.909217750756482701e+01 6.014513852285168838e+01 7.277170233330434712e+01 9.010581477390650207e+01 8.782470862619970831e+01 8.025793597223682241e+01 7.119132317938969834e+01 5.278479316658685150e+01 5.496689943609086981e+01 5.779915742972805504e+01 6.069368402230120552e+01 6.375839566261841895e+01 6.718684044639739739e+01 7.055717573676201937e+01 7.529627843899176298e+01 7.997865117653856259e+01 8.515025194974528233e+01 9.356731508397183461e+01 1.126901386225530928e+02 1.272009118774659555e+02 1.056043268540437623e+02 9.529262200916592462e+01 1.175492594401194566e+02 1.182905276291334076e+02 9.501921990971538889e+01
7.556189041362891601e+01 5.974935219044103718e+01 5.756573075900293190e+01 7.498291497754108548e+01 6.614792783288038436e+01 4.737488672608133555e+01 6.086114026383742015e+01 7.891136208344946112e+01 8.573800224402064885e+01 6.669660632507269327e+01 5.339211700812785466e+01 6.308062042095200894e+01 4.706273780788511374e+01 5.671715788243226797e+01 6.945523805344060975e+01 8.683705096313856586e+01 8.026115803684092498e+01 6.243208016011390527e+01 6.762637595181335826e+01 5.096586244761538609e+01 6.956547020592979891e+01 7.574081618093320856e+01 7.328826691528634285e+01 7.386684665722165732e+01 8.401553797304848104e+01 8.202966632793949486e+01 8.390702892757715858e+01 9.713590188542333692e+01 1.031287268532624495e+02 1.113239900316621913e+02 1.210354380338106495e+02 1.355019271342937941e+02 1.260692578566427073e+02 1.071216945078721210e+02 1.260692578566427073e+02 1.272606000122294034e+02 1.182905276291334076e+02
