LEM/sinusoidal_perturbations/elevation_000952.asc
nrows	100
cellsize	150.0
xllcorner	0
ncols	100
yllcorner	0
NODATA_value	-9999
[rows 68 to 84 of 100, columns 37 to 73 of 100]
8.304314020551147735e+01 6.309715686376346611e+01 8.304314020715523270e+01 1.005571527450870519e+02 8.471604037947194854e+01 6.526269756186538018e+01 6.465104432757598829e+01 5.709084961112358059e+01 3.868093383779881123e+01 5.894883289617875022e+01 6.958007781919168622e+01 7.476372734061196468e+01 8.052983741206740831e+01 8.715720534994298418e+01 9.543598160045903001e+01 1.053957146876960849e+02 9.496673794440970084e+01 7.513172884112572092e+01 8.094055085683302764e+01 7.586372443623029937e+01 7.053352014213086818e+01 5.064122732093097312e+01 5.118637782991174845e+01 7.122940468791203728e+01 6.929104501510791181e+01 4.954812328750841743e+01 6.936370248871516253e+01 6.981222097091438172e+01 4.996756452524176950e+01 6.981216854389178650e+01 6.131256653347704599e+01 7.034025225172689488e+01 8.438380366806887878e+01 1.042968852775650390e+02 1.103344341673407740e+02 9.065457721212528952e+01 8.852085608414496676e+01
7.599117014936005887e+01 5.594088486734313648e+01 7.599117014936005887e+01 8.643520836175306954e+01 7.231326397841900189e+01 6.526289777345796495e+01 4.585168618013037189e+01 3.682775842307763980e+01 5.706845404613340378e+01 4.497098882314979562e+01 6.518744087929329112e+01 7.767466248624705827e+01 8.471764294817860730e+01 9.298893106920603202e+01 1.029459659982537545e+02 1.020615566468275830e+02 8.199390777991548873e+01 6.826954787981635775e+01 6.130268963295654316e+01 5.611987522888108515e+01 5.160463374206010911e+01 4.753058142861939928e+01 6.733664425276816701e+01 6.949345979056856493e+01 5.883045921774685638e+01 4.319398256279389159e+01 5.888557303407547749e+01 6.818328457998892134e+01 4.859842604071477723e+01 6.837254332828614167e+01 8.132740118734217560e+01 8.960322927090673772e+01 9.851213205822409691e+01 1.012466252588467484e+02 9.637704072801423649e+01 9.426589825026066194e+01 7.533392575122486789e+01
6.509690535447991522e+01 4.979882039145622485e+01 6.994578167292388571e+01 7.642231822390068885e+01 5.811447829874776261e+01 7.339695107544278585e+01 5.580041350780433618e+01 3.554656883722962846e+01 5.580111220039066211e+01 6.518744087929329112e+01 5.177388977111274926e+01 5.765060997830590139e+01 6.479708597059394037e+01 7.478321832289030624e+01 9.465206757346695099e+01 1.020622679734381535e+02 8.199391204219134011e+01 8.787179740718825371e+01 8.094140721704663122e+01 6.999971839049842970e+01 5.924620768709047525e+01 4.559599212799027868e+01 6.266930404998762327e+01 6.064119784983645900e+01 4.219407935202106330e+01 6.225272053178193232e+01 4.419955115264889400e+01 6.421891374507723071e+01 4.720456910205248136e+01 6.694878706538139568e+01 8.118711070140409447e+01 8.970661417100603785e+01 8.992488236835191628e+01 8.109880680263070474e+01 7.527650081722950404e+01 8.777033472168609762e+01 6.870343294271997081e+01
4.488959320346952353e+01 4.414133392228274744e+01 6.435801998339796626e+01 6.813535449204763950e+01 4.797520691859824638e+01 5.735930233681200008e+01 5.272957074070160388e+01 3.427576115381097566e+01 4.861703818878884675e+01 6.877135923985255772e+01 6.604998374442995157e+01 6.823330239426483956e+01 7.767466248624705827e+01 9.298893106920603202e+01 1.029459659982537545e+02 1.105437997477531979e+02 1.020622679734381535e+02 9.802419320916671097e+01 9.760222716351050565e+01 8.612570693537044519e+01 7.354203238171584189e+01 6.267216993501234867e+01 4.305850768426942210e+01 4.119857484160572625e+01 6.127395799811198884e+01 6.980169404966095215e+01 5.470936843441807440e+01 4.520089989798309205e+01 4.601244265655250842e+01 6.069144692280293896e+01 6.146691723417492881e+01 8.144823384099458963e+01 7.087938059653232870e+01 7.115856045033950750e+01 6.095339463784726064e+01 7.286501479511575496e+01 7.372196372995506408e+01
5.913809397986947403e+01 3.889095386395131015e+01 5.466624889927357600e+01 6.298524796902783152e+01 5.735930233681200718e+01 3.711917223671400734e+01 3.250139992363908448e+01 4.014949686731680600e+01 4.913197533883803914e+01 6.876017458047125785e+01 8.600344225271970799e+01 8.818341589965349669e+01 9.646689871435076213e+01 1.058976010090094633e+02 1.036049251139781120e+02 9.566708137419749391e+01 9.285201725998501843e+01 7.969590426326725208e+01 9.285201725998500422e+01 8.130425131689112561e+01 7.302057769870337722e+01 6.797652624351097472e+01 5.969261026682305271e+01 4.054218500523167990e+01 5.542419042668408480e+01 7.521528576692945478e+01 7.072485318056654080e+01 5.187828092801003521e+01 6.601264891458170325e+01 4.714905319682597451e+01 6.715773152991822315e+01 6.913819248720167820e+01 6.988335186367393703e+01 5.105964151073781210e+01 5.188647763573618477e+01 5.273143353085657026e+01 5.358421982243483939e+01
6.744463591839763694e+01 5.466624889927357600e+01 3.442730257195505317e+01 5.466624828651394097e+01 4.924719608703169627e+01 3.074242105224048771e+01 5.095884463157988620e+01 5.966338609260285608e+01 6.785936245558224300e+01 7.704911745050587513e+01 9.048135364341328568e+01 8.826565147598715555e+01 8.826565147598715555e+01 9.656193785495209170e+01 9.566708137419749391e+01 7.739392777995567485e+01 8.274601055404585281e+01 6.687855857044549168e+01 8.076288620090194570e+01 7.287126692419617768e+01 5.296467011536474701e+01 5.878299274157807019e+01 3.961873144232291821e+01 5.046606156723037628e+01 5.665539123766877339e+01 7.633741927380334857e+01 7.893505642526356780e+01 5.923448929938547991e+01 7.519133287018590295e+01 6.600875290863835687e+01 4.828236065550993317e+01 4.909031621878251883e+01 4.989899885697747806e+01 6.995925559574017427e+01 5.773729592992393833e+01 7.284922432938975589e+01 7.372130372030906642e+01
6.708139912597351895e+01 5.168217917524530947e+01 3.145831675007865513e+01 4.755400041597214056e+01 2.903482924761172512e+01 4.924719608675432170e+01 4.242142247525078602e+01 5.674054413234943439e+01 7.679406555124120359e+01 9.048135353655220570e+01 6.982087823434157769e+01 6.754246508454023967e+01 6.754246508454023967e+01 8.826565147598715555e+01 9.566708137419749391e+01 7.739392777995567485e+01 6.446895573847662320e+01 5.836860061997774096e+01 6.394373662064786856e+01 6.990334942169768340e+01 5.204327573671122309e+01 3.870222768705090033e+01 5.482656823485698538e+01 5.931306669311661040e+01 6.855134711668344494e+01 8.460114137327789763e+01 7.641369982954687146e+01 7.310108474527172007e+01 8.663566079181291002e+01 7.379081032452432964e+01 5.370229437854020205e+01 6.913307757081889804e+01 5.577222602362924420e+01 7.509180839210094405e+01 7.777282203686482376e+01 6.680106952897878614e+01 8.664482827974708812e+01
5.026565909413871935e+01 3.857285166593798920e+01 4.599660986886070191e+01 2.733779272831713314e+01 4.755400041597214056e+01 4.554687052022301685e+01 6.261408456927031096e+01 6.260103734103254425e+01 8.254326361414628366e+01 9.038099647002562165e+01 7.361214526174867956e+01 5.276930783890566090e+01 6.732849589900607157e+01 8.797746900595063835e+01 8.682415340822363703e+01 9.049942644696687921e+01 8.274601055404585281e+01 7.039348210155397112e+01 5.139959470381444362e+01 6.457882674091545994e+01 5.805026048489283852e+01 3.805978378513049165e+01 5.813848075083429734e+01 7.175311815015805905e+01 8.699407057466851256e+01 9.604301654247400677e+01 9.137759726960614159e+01 9.301951050163596335e+01 7.696286771672801308e+01 6.281801030191997626e+01 7.385458976780009266e+01 8.117857426378559182e+01 6.206354412192151671e+01 8.127075848469482366e+01 7.743939386552486326e+01 8.664751612191339802e+01 8.411567423747716532e+01
5.279655984241796318e+01 4.445897776622043551e+01 2.577211814295721837e+01 4.599660986886079428e+01 5.588713543233577496e+01 6.571175674145599999e+01 7.401241669099165676e+01 7.005348469149878099e+01 6.600478739943089579e+01 7.390872902461971705e+01 6.124347097217409441e+01 4.664896286624353650e+01 6.714543978074576103e+01 8.079627082409233196e+01 6.644024532891747015e+01 8.086785556458397650e+01 8.614095661150004446e+01 7.422140508832592332e+01 6.457882674091464992e+01 4.524516788784792709e+01 4.130321692471068218e+01 3.742062251251185501e+01 4.308265647839105128e+01 6.331815469528155660e+01 8.183358069726750728e+01 9.198428704847691506e+01 1.088772549230364319e+02 1.053503000247693535e+02 9.114843835758701118e+01 7.179509388627165833e+01 9.114843835758705382e+01 8.965510444051362526e+01 7.047430532164679562e+01 8.965464857748270333e+01 8.626756455868964224e+01 1.052778781796322107e+02 9.240298539148253099e+01
4.292968725716865919e+01 2.422792821159854881e+01 4.445897590309721892e+01 5.433153928174324676e+01 6.499439256182374436e+01 6.038877372838983604e+01 5.942806782084418415e+01 4.635021439606229876e+01 4.655432392128046359e+01 6.298181268386233711e+01 5.565970297987482951e+01 4.177776982540212458e+01 6.231855732710755547e+01 7.226235947694915751e+01 5.194657571501031157e+01 7.226236350970523858e+01 6.359829511453514783e+01 7.665434390256604047e+01 7.188774541665718232e+01 6.413092600702479729e+01 5.633188256044333286e+01 3.679692425972200454e+01 5.707801003314605026e+01 5.250156895157185488e+01 6.150917642680952468e+01 7.740287803656499932e+01 1.019953121826723503e+02 1.099703028651850900e+02 1.002610956246665808e+02 8.594915655040266245e+01 1.002610956247026195e+02 9.860475232841814375e+01 8.426881720929561936e+01 9.860385800529014944e+01 9.767692879926542560e+01 1.140186486403173376e+02 1.013167759527063794e+02
2.270112966127008036e+01 4.283769175868058454e+01 5.183916488560404190e+01 6.151745716721593027e+01 4.527893443038723120e+01 4.018520710240005656e+01 4.614690949430907807e+01 3.115214303640690829e+01 4.967763590784867489e+01 5.494444609585593753e+01 3.527832548326472306e+01 5.024815179512878416e+01 5.118156684508923604e+01 5.919240626175464826e+01 4.408824548174442981e+01 5.428272880959323743e+01 4.713275535852182685e+01 6.816153503149844539e+01 7.793842101738457018e+01 6.954153905329306440e+01 5.539951530457514650e+01 3.617654360296292992e+01 5.664255585613814503e+01 7.318424907731264284e+01 8.183358069726750728e+01 9.193663825570941128e+01 8.789769862361814035e+01 9.060483254953027199e+01 1.082248783563224492e+02 1.067740784455466070e+02 1.013892156165394312e+02 9.301330407438673831e+01 1.013892153448105802e+02 1.133354448835999193e+02 1.173185583997072001e+02 1.251786697179861534e+02 1.096476441875038432e+02
4.235087179338811580e+01 2.333012654423403731e+01 4.356257908789922340e+01 5.132134709320922639e+01 3.654522468404282876e+01 2.587530333318593279e+01 2.632790383522549149e+01 2.678143005399597243e+01 4.652031278755535482e+01 4.964429456894611548e+01 4.383641426442791555e+01 2.936855971692543932e+01 3.057343863770989145e+01 4.990839989881175143e+01 5.104331577188874292e+01 3.452048968976289700e+01 5.031534549812939616e+01 7.222075926467597640e+01 6.128512428229200992e+01 6.031539300907669343e+01 4.768408180443163502e+01 3.555863877387213279e+01 5.118158005957636192e+01 7.623854916046379060e+01 9.465253503733546836e+01 9.057839293113303825e+01 7.200850795455509967e+01 9.057839293112787971e+01 8.909766559420451415e+01 1.082248783562849752e+02 9.134806358067520193e+01 7.298854925361749224e+01 9.134806358068385634e+01 9.871633854408062803e+01 9.871633854408062803e+01 1.071416952777190232e+02 1.212210856759128177e+02
4.977618131099952592e+01 4.355792065227464605e+01 2.396233329465491479e+01 4.418822427689542565e+01 2.523615475991367063e+01 4.545379214537040014e+01 4.603726946152313815e+01 4.548341800339683516e+01 2.742628672286247493e+01 4.040811349246882145e+01 2.872037841791089363e+01 4.686258846510904874e+01 2.997231922535504722e+01 3.040311621256981667e+01 3.087097015950034873e+01 3.135918390451078608e+01 5.140937579225774101e+01 6.022092254493736618e+01 4.896624379146837924e+01 5.250484265511244786e+01 3.468716435335534953e+01 5.311073949341444234e+01 5.741741336819494990e+01 7.713382444320593834e+01 7.498905606898777876e+01 7.498905620093890434e+01 6.360623476195345916e+01 7.349712054926398253e+01 9.042413510249285480e+01 9.841925989969017508e+01 8.300092666388923135e+01 6.285299940317389655e+01 8.300092666388923135e+01 7.852953276844141328e+01 7.852953276844141328e+01 9.871633854408062803e+01 1.037659002398933978e+02
4.361267349430906393e+01 4.635534329592858427e+01 2.635482967760147233e+01 2.459798492361545641e+01 3.349561339922744452e+01 5.178340359154839945e+01 6.024426844410611182e+01 4.026254562149444638e+01 4.775693787806061863e+01 2.807295095405149610e+01 4.814496265314517132e+01 3.543343867392510305e+01 5.460767129237562756e+01 5.048013893878573555e+01 4.407582306145527440e+01 5.062117619303457872e+01 3.203388443859791579e+01 5.205804260843761000e+01 5.317179998822592779e+01 3.381611580659171068e+01 5.381817431425117348e+01 6.096048778798172663e+01 6.224090806627644668e+01 7.110819482299307026e+01 7.498901844369068215e+01 5.432316212269964240e+01 6.778723144445376647e+01 7.587600586354182042e+01 7.112230480265738208e+01 9.042413504815299063e+01 7.628495053308267870e+01 5.606976617329989665e+01 7.360599261926886072e+01 6.416958955617172933e+01 8.222171892324097087e+01 8.706990169006998315e+01 8.331756164503028117e+01
2.526466505910755345e+01 4.549958797781637543e+01 4.635864017513819135e+01 4.483543408875015501e+01 3.936484075758163925e+01 5.870511184938722238e+01 6.930197552395601690e+01 5.478390663390570836e+01 5.681810220312983262e+01 3.406809658647409833e+01 5.664724243716607788e+01 5.526396119904529769e+01 4.273389634528414405e+01 6.238496670392387244e+01 6.207987791254505083e+01 5.430629421341534169e+01 3.479286054401926975e+01 3.269364098772244631e+01 3.315621937191824742e+01 5.251278870247095654e+01 3.482227471153456122e+01 5.238572674030391596e+01 4.765398809021029791e+01 5.715824065320459368e+01 6.551550571355880948e+01 6.162368199169384297e+01 4.589904355489399990e+01 5.639970957989148559e+01 7.432759406337554253e+01 7.363736356157903629e+01 6.605969290418379103e+01 5.008496146442592334e+01 5.329420720344808160e+01 5.716510258586841786e+01 6.175397195226175029e+01 6.662757738246254746e+01 7.257461202255777266e+01
3.137484326331395934e+01 2.723198478985440829e+01 4.743946603226655867e+01 5.772327408124127857e+01 5.923959384955337271e+01 6.757935943942773349e+01 8.333023364336555971e+01 6.899641186669462911e+01 4.636689483087286590e+01 5.699538769268635718e+01 6.579554150102300980e+01 5.167147937916321609e+01 6.249405079003781793e+01 6.249405078747727771e+01 6.109408263890199464e+01 4.090616750869286022e+01 5.455263181775369929e+01 5.266368683960771335e+01 3.491734757407901668e+01 5.481493004776079658e+01 5.473325764523063697e+01 3.582889833382308353e+01 3.654264498536856109e+01 3.726126370963378776e+01 5.728585200992806392e+01 3.932449104634797266e+01 5.967485249037662243e+01 6.078095667779839317e+01 5.547539396253998234e+01 6.104055073470239989e+01 4.624501827108186802e+01 5.708551622025213135e+01 7.320213901841694337e+01 7.765058381871055815e+01 7.012699385463919555e+01 8.706990169006998315e+01 9.303400626605463231e+01
5.157699243766283104e+01 4.743946603226655867e+01 2.918205957089887548e+01 4.939336685715210251e+01 5.969820662464204730e+01 6.983806404965632453e+01 7.813060788615570118e+01 7.807022140297792134e+01 5.987897533640695258e+01 7.807022140297792134e+01 7.771349376491144767e+01 5.829371666689927167e+01 7.771349376491144767e+01 8.194400676520190530e+01 6.594661433541048723e+01 4.593915840051516142e+01 6.594606526376476552e+01 6.339764187964337339e+01 5.502709408054943196e+01 3.955737803602570324e+01 5.981264014024855413e+01 5.777437235832608309e+01 5.763221480688519449e+01 5.693093826805008462e+01 3.828694871877896588e+01 4.535370445534900341e+01 4.038368940672045682e+01 4.113499811661868222e+01 4.188496017378764691e+01 4.263089049299662747e+01 6.125143831791883997e+01 7.141544544441444486e+01 7.266311298313513589e+01 8.452081469239136879e+01 8.720831529654296332e+01 8.724036741125574679e+01 1.074852906621070758e+02
