LEM/sinusoidal_perturbations/elevation_000286.asc
nrows	100
cellsize	150.0
xllcorner	0
ncols	100
yllcorner	0
NODATA_value	-9999
[rows 34 to 50 of 100, columns 0 to 36 of 100]
2.064481644892168701e-03 1.000206449449473212e+01 2.414422119534890854e+01 4.128967413836198830e+01 4.194612445066886153e+01 3.370180940625091637e+01 1.802705762705074477e+01 2.372608503912492495e+01 4.362141995038300024e+01 6.262412322845489143e+01 7.445791759561410572e+01 7.509315636104767577e+01 6.581294014944488424e+01 5.649188574457239298e+01 7.409264258396477487e+01 7.377693118899476588e+01 6.567587772899059928e+01 7.001154910296581591e+01 6.189401772621983611e+01 7.001181476282269500e+01 6.183854497101435754e+01 5.339396441557571649e+01 6.181046835521517124e+01 5.088042558727744336e+01 3.075652805299534975e+01 5.089561166939068215e+01 6.659876182072777340e+01 6.538772735341019882e+01 5.430108436555838125e+01 3.412995611421782627e+01 3.421038638736560245e+01 5.438186232852369528e+01 6.816778124201537992e+01 7.222861783613703324e+01 8.062948893324688981e+01 8.923167201300495321e+01 7.561218711207192200e+01
2.905961989428186391e-03 2.000288716531385802e+01 2.474770563689433445e+01 2.133091781012799970e+01 2.969855061200234658e+01 1.382488540372931851e+01 3.370185038615638717e+01 4.362141898759718828e+01 3.434633447117854388e+01 4.586443091206910339e+01 6.603675898867089700e+01 6.215512404188706341e+01 4.468718824253811306e+01 4.467396490480732041e+01 6.535309760120418332e+01 6.296477919695907133e+01 4.729398472439362422e+01 6.064479939305709166e+01 4.351836045353586258e+01 6.064479939293136823e+01 5.172420373448623820e+01 3.329879460645793898e+01 5.172420373463629772e+01 4.660293677690953729e+01 2.648810738753140726e+01 4.660293677690908254e+01 5.425616974680023219e+01 4.518946812588953321e+01 4.518946812588957584e+01 2.911860066925656554e+01 4.925830230272325139e+01 6.211961882619383601e+01 5.793273756032720456e+01 5.201119044716129025e+01 7.222861783613696218e+01 7.489901120891838104e+01 6.056615969933443466e+01
3.542675937824442140e-03 2.392286190185375805e+00 4.794012479813883232e+00 7.244022406208027398e+00 9.786507727339765594e+00 1.680924341253383503e+01 3.089675869224676674e+01 5.079408948341394137e+01 5.432128401327875622e+01 6.262709402940213010e+01 5.401393541035177037e+01 4.536574939345990742e+01 3.287890925573447021e+01 5.343604801309751196e+01 5.857866842227790727e+01 5.011056082872461559e+01 3.691698515148676307e+01 4.362258264759682902e+01 3.453898350846062471e+01 5.270618517107452305e+01 4.333430763136741604e+01 2.333689676238244104e+01 3.339760119684302708e+01 3.711500115390781929e+01 2.249320801872862319e+01 4.256217144295098365e+01 3.400325051209620852e+01 4.128256764887505881e+01 2.507746663392191167e+01 4.452239774150248763e+01 4.617053053768665904e+01 4.192818040691155090e+01 3.775166218871238044e+01 5.201119045645660321e+01 7.222862748644585906e+01 6.649959268922839328e+01 4.575167130243050906e+01
3.411803931810562015e-03 2.000341061894748051e+01 2.474772225216795363e+01 2.133092460101403987e+01 2.126918936192772236e+01 3.672454799546787996e+01 3.088249899081723981e+01 5.041916125805925475e+01 5.528689150570632194e+01 4.562990981356215769e+01 3.829593193754772074e+01 2.463578417089033934e+01 4.536574939353532443e+01 6.215049841416544041e+01 4.834173013193846913e+01 3.178146696759243639e+01 3.730757862350161247e+01 2.574060105503756546e+01 4.362258264759682902e+01 4.999289604528222242e+01 3.949318972333165334e+01 2.873262528201828303e+01 1.347105370166788951e+01 1.708603679298284561e+01 3.661502892054846114e+01 3.796668340739513781e+01 1.982486027019434260e+01 2.119582625733766079e+01 2.279496431221270214e+01 2.441539824403894698e+01 2.605250590269899291e+01 2.771260646638332048e+01 4.784220264554656410e+01 5.870280752176895334e+01 6.699102117281344704e+01 5.849520294076568661e+01 4.162545912159369266e+01
3.327314952832964925e-03 1.042902336994170298e+01 3.003931326507504096e+01 4.129080756888590287e+01 4.121292258591487467e+01 4.946621015222496709e+01 5.063797358589859243e+01 5.873224397653265783e+01 4.037208536869353281e+01 2.323265661567131346e+01 1.713871795165022860e+01 3.829593193754223535e+01 4.820226440211991559e+01 4.634722610208325477e+01 3.840847540633548363e+01 2.166489847604163899e+01 1.952034657204490031e+01 3.724330963360463187e+01 4.460072012631232496e+01 2.994982165956390219e+01 2.995915711978727813e+01 1.181435242085412973e+01 3.166626013652913230e+01 1.527203066467433956e+01 1.656829322091855516e+01 1.790351407808003259e+01 3.206447375221851104e+01 4.127975395681779958e+01 3.437000920663633252e+01 4.452239774150233131e+01 4.025864716354711703e+01 4.784201010916353880e+01 3.017483226984656142e+01 5.032216708018724205e+01 5.472280779459789102e+01 3.659787176348972793e+01 5.849520755558614837e+01
6.779948344387334673e-03 2.000677982532195642e+01 3.104212659792784379e+01 4.988295455042637627e+01 4.510504777305533963e+01 4.348143371391935119e+01 4.203355543971266428e+01 4.586350030551786716e+01 3.168844252830838215e+01 1.023732376389645538e+01 2.859995544383057720e+01 2.872923126874820099e+01 2.318487318384946860e+01 2.389704630580968825e+01 2.570939135129285802e+01 1.320390275931205615e+01 2.764260373202062127e+01 2.646279569432681100e+01 2.391983366835344427e+01 2.928216957190093339e+01 1.036153971967731913e+01 2.995074867040232647e+01 3.995630455743685872e+01 3.528158924997354262e+01 3.661588567289511076e+01 2.048460068194414063e+01 4.469838562224578027e+01 6.007267650560793726e+01 5.448092879267871780e+01 6.239425622938644267e+01 6.044318644091706005e+01 4.661404976420840285e+01 5.032216846080933692e+01 3.270708962232109229e+01 3.454347956390086694e+01 3.695806166746017851e+01 5.715412562324087986e+01
9.516927588586143695e-04 1.414308731650540629e+01 3.414308737618466694e+01 3.873731663302648087e+01 2.069854691818325065e+01 1.958260356562106352e+01 1.951842287201684201e+01 2.182090853770136363e+01 2.319442012194894431e+01 6.228737133954402871e+00 6.537999777822524727e+00 6.847015505084208087e+00 7.155866559042202368e+00 7.464685865519938623e+00 1.764467534824408546e+01 8.340421426164803975e+00 8.650434933924143976e+00 8.958813321477363090e+00 9.266248245477626710e+00 9.575351193227238156e+00 9.897798912571815322e+00 1.923669358196000445e+01 3.675556348393268280e+01 4.228842470254301134e+01 3.742103526934567270e+01 3.811760939327500353e+01 4.595900802458449874e+01 5.736354333535327754e+01 5.818846669257780491e+01 6.678188541466728623e+01 7.521581847960295875e+01 6.682132662345658503e+01 6.125647821132093185e+01 4.277248309118141378e+01 5.472281023622897322e+01 5.715412496070506876e+01 4.045961214447594045e+01
1.945935296826602993e-03 1.414731429106872795e+01 3.420738328865444089e+01 2.810190489600511654e+01 7.741188451815846250e+00 4.868104053239766138e+00 5.176035525951093952e+00 5.484249701471830996e+00 5.792301625115397812e+00 9.526032598037982524e+00 1.870142526502421632e+01 1.822116561436730819e+01 2.299246201938036549e+01 2.492612975864898672e+01 7.901968583064019391e+00 9.578417184273863683e+00 2.016768851191514855e+01 2.204577967936768346e+01 1.394039719260886834e+01 2.908303928940578942e+01 2.947958790468384649e+01 1.035204216974728908e+01 2.997976233413937663e+01 2.824353618448274617e+01 1.331008743999594124e+01 2.294727022348839895e+01 3.406414034364918564e+01 4.944251460810612997e+01 4.002426497018969798e+01 5.566348902508349994e+01 6.118703183757623520e+01 6.938432560560039519e+01 7.136571801159264794e+01 6.297346634385871056e+01 7.136577273619795392e+01 6.706381610035717245e+01 4.685358527015323205e+01
5.600688922766023682e-03 2.000560068892241006e+01 3.150113851372380580e+01 2.334659145977770933e+01 4.433066206910416085e+00 2.159394933856067667e+01 1.194247469392330707e+01 2.319658348346257171e+01 2.478876822574708783e+01 1.409543485619422576e+01 1.389293092172218635e+01 2.946801143453264515e+01 2.932414937757947371e+01 2.791729447494410010e+01 1.165626363378282093e+01 2.950718549881997177e+01 3.458310077488746970e+01 3.686146977280715475e+01 3.313080179733476882e+01 2.116837682446540114e+01 3.261400419622268743e+01 1.415994849988834758e+01 1.079807910880047928e+01 1.110816778057105836e+01 1.141298448076433658e+01 2.694690741148170332e+01 2.719078535688256437e+01 3.799563570449046779e+01 3.102590759178266211e+01 4.764064682711330789e+01 4.227826865436004766e+01 5.617415212620313270e+01 6.289631536294101721e+01 7.112308225124230887e+01 8.248128045075057457e+01 7.420290818654022758e+01 5.401050648391934317e+01
8.215197286175309616e-03 2.000586515539946220e+01 2.227353830853089534e+01 3.996689858687474395e+00 2.243389763465842535e+01 2.919430485227560013e+01 2.994556431546465092e+01 2.213163868894392294e+01 3.391579492672889984e+01 2.938169817759255764e+01 3.041581208922511692e+01 1.867052227126577435e+01 3.542818459661996400e+01 2.681848874560064999e+01 3.261280804247270027e+01 1.798361372902215294e+01 3.935726590374606815e+01 4.702566666242636018e+01 2.874151570578255388e+01 3.989485748183947322e+01 4.065168632561667295e+01 2.585178313961662866e+01 1.800608497240298789e+01 2.028933517328140468e+01 2.986033492624940067e+01 1.183647938367387198e+01 2.117523112316446543e+01 2.195406674926222479e+01 3.802524974202995622e+01 4.333754869556117484e+01 3.192837159006602832e+01 3.750374908133321128e+01 4.388316487634870100e+01 5.465949046455673965e+01 7.414803199340478557e+01 8.260681447469161753e+01 6.565112959033081097e+01
2.613274238814250559e-03 2.000261327423845970e+01 3.557135448378148102e+00 2.263911429159470856e+01 2.159448190574988047e+01 3.720939730482683672e+01 4.264117677358159142e+01 3.850090974069962613e+01 3.444843078988547092e+01 4.800673431104398503e+01 4.134345477655242007e+01 2.257199173507130752e+01 4.115056756433351381e+01 4.313435799286929040e+01 4.348441077849994940e+01 2.301543181081608935e+01 4.398784874718868565e+01 5.464408863609520495e+01 4.703710666299565446e+01 3.753516768634658973e+01 5.269938365725214879e+01 4.440936737503372456e+01 2.849579438978148360e+01 4.176584789422983590e+01 3.668752418722817055e+01 1.213326302852260596e+01 1.777670975930803721e+01 1.567937446494495823e+01 3.455591201596501350e+01 2.527458093128318950e+01 3.550267054977086190e+01 5.404019127826617819e+01 6.289631729561123308e+01 7.112308225124230887e+01 7.476427979210558306e+01 8.308182568459969275e+01 8.588485499650241195e+01
7.532853315450405325e-03 2.000330202406691527e+01 3.393155293380741622e+00 3.130751732410276933e+00 2.243958612576725287e+01 2.398053548837680538e+01 3.275647105521905900e+01 4.580848920459651907e+01 4.948776113564652235e+01 5.606434857981540176e+01 4.137161450997714951e+01 4.139680139676935511e+01 3.094581438818014263e+01 5.071387258494409167e+01 5.181476438973120935e+01 4.399020397716299868e+01 3.129201498296454176e+01 5.100878940666886052e+01 6.297586836075205241e+01 5.542955776812253532e+01 4.806243168438901137e+01 5.892684433447861636e+01 5.059817264607912790e+01 4.760573067644901357e+01 2.298317494890223145e+01 1.578758116217325913e+01 1.255157361081822565e+01 3.212204621395258641e+01 1.916963521416515448e+01 3.741370366192468566e+01 4.875246669604506167e+01 6.213994076032894753e+01 6.924348844679633430e+01 6.107530869312475374e+01 5.540515120899356560e+01 7.476427979210558306e+01 7.341962662049957089e+01
6.101047412966256744e-03 2.000151693883488591e+01 2.340486852369750181e+01 2.211347750605452589e+01 2.695878313730468268e+00 2.634953132452902747e+00 1.757741901579755250e+01 3.467240465925174675e+01 4.444977374517158353e+01 5.226828688339267615e+01 6.095519966357372965e+01 5.877757506791752462e+01 4.490920230715294537e+01 4.490926249072505527e+01 6.472772214105978605e+01 5.673443856023084919e+01 3.797097145179121469e+01 4.760726400036288908e+01 6.618472202501811807e+01 7.290064328712614383e+01 5.870570846538998211e+01 7.290096741882415188e+01 6.700168172467792260e+01 4.324649561972161393e+01 4.440876345235248834e+01 3.027841518007684485e+01 1.285119089694527084e+01 3.245990094157252059e+01 3.700606792721954008e+01 2.303470823725778160e+01 4.097978203560271737e+01 4.778098418044804419e+01 5.101764935087106068e+01 4.225915100732505891e+01 5.916674039639964633e+01 6.376476579300430103e+01 5.410990496550908091e+01
6.842009524227352091e-03 1.656853342309716481e+01 3.130581668271564055e+01 9.309254652832800403e+00 2.386272581493409817e+00 2.054693929005840047e+01 7.537177588914059534e+00 2.686160231239209750e+01 2.552006192413871943e+01 4.445247176410764212e+01 5.235336028381399842e+01 6.019152239841779561e+01 6.472329170432034573e+01 6.472772214105978605e+01 7.264588787500477451e+01 6.287212621429875270e+01 4.468335551644916848e+01 6.287212621427605796e+01 7.387520032927190528e+01 7.810426877083772013e+01 7.508786571649660857e+01 8.166736322008146942e+01 7.572349739435136939e+01 6.339292937971897857e+01 4.262081195585975735e+01 3.321091328739368720e+01 1.315251064981010209e+01 3.303738824877122227e+01 4.543856202647197051e+01 4.094655889460428000e+01 2.672100638270897477e+01 2.967380327712836063e+01 3.270830622737964433e+01 3.642656956713399552e+01 4.040472419559845463e+01 4.480662141353087691e+01 6.376476579300430103e+01
1.934550753332892102e-03 1.999096488508058655e+01 2.907272575038457774e+01 5.948757609655834777e+00 2.071300592935704454e+00 1.920215183420095428e+01 2.652589905833336204e+01 1.179349311622568663e+01 3.106433992528998544e+01 3.915156563690208458e+01 3.368500454724619431e+01 5.235336029644108891e+01 5.798915059972125619e+01 6.583579246894304049e+01 7.660527436837503501e+01 7.053246623775797275e+01 5.419327458516510632e+01 7.053245630724734383e+01 6.914378897975403504e+01 5.572061587003754113e+01 6.914379330245907340e+01 6.117437950741955177e+01 7.203529511740995872e+01 5.927391415427248944e+01 4.267209563965500507e+01 1.392020679256311055e+01 1.350280609586715919e+01 2.027191136737173238e+01 4.076601392796554535e+01 5.074048042016077886e+01 4.467562827460925234e+01 3.413553283250647752e+01 5.101764935087106068e+01 5.497142603440526898e+01 5.916674039639964633e+01 5.806413784311998683e+01 5.806413784311998683e+01
4.364784840791047053e-03 6.746042334133746543e+00 1.179024426293944394e+01 2.125302475032365024e+01 1.745507480962850577e+00 1.509278915090200712e+01 3.219538701372978551e+01 3.106273103362326893e+01 1.644549351902627166e+01 2.001157536496488021e+01 3.915156563691400038e+01 4.924079591530753675e+01 3.991444856276160635e+01 5.022545321956155107e+01 6.859455602520255013e+01 7.975111110446319174e+01 7.205138157262969401e+01 7.946474139558978322e+01 5.899015266266416546e+01 3.947344206803788325e+01 4.923644328115113211e+01 4.253674531084899968e+01 6.363955549699937819e+01 5.095255898860120425e+01 3.058529793313180534e+01 3.344512210602588453e+01 1.389249136425844533e+01 1.778460610438786915e+01 2.311070750394346973e+01 3.695794782014796453e+01 5.738493991778605618e+01 5.251091946183466064e+01 4.256448087521525991e+01 5.570849699443548531e+01 7.507635480944976791e+01 7.752729910365820842e+01 7.752729910365822263e+01
5.219006137575642711e-03 1.162417945808517317e+00 6.944028095221892904e+00 9.839876533758820543e+00 1.410212416042101680e+00 1.390881503586275514e+01 3.498931417123687027e+01 3.565021354461060810e+01 3.015450290589947357e+01 3.915156563691402170e+01 2.595689898115460892e+01 3.060036160094910329e+01 4.924079591530753675e+01 5.604597409508563288e+01 7.354435186733289243e+01 7.820623782162390114e+01 6.991518099902387462e+01 7.820534441344497623e+01 6.914378897975403504e+01 4.923644328115113211e+01 2.844400576938494396e+01 4.923644328115102553e+01 5.640580241219155511e+01 4.294909131167107574e+01 3.385046487614207678e+01 1.436395269955042764e+01 1.480546904554322829e+01 3.569542293848276415e+01 4.285326704223744798e+01 3.918009833135024422e+01 5.945089595630108903e+01 6.955163501756841526e+01 5.570849699444431025e+01 5.781388035250347457e+01 7.725401327715378841e+01 8.155157214583007885e+01 7.325904264957944179e+01
