LEM/sinusoidal_perturbations/elevation_000292.asc
nrows	100
cellsize	150.0
xllcorner	0
ncols	100
yllcorner	0
NODATA_value	-9999
[rows 34 to 50 of 100, columns 37 to 73 of 100]
5.079580885889600950e+01 7.144533719936923433e+01 8.732166538370627507e+01 9.554281414894097679e+01 1.070440270012026502e+02 1.037866785990671730e+02 9.195392556328371825e+01 7.213650543538518889e+01 9.195392556328371825e+01 9.678767982369409140e+01 7.696369018324121214e+01 6.294744599512742411e+01 5.299802303080069521e+01 6.824120493745843419e+01 7.645416954734569970e+01 7.933400034151979696e+01 5.881410274169804353e+01 4.449547483428403893e+01 6.482352293261500620e+01 6.882949984794034037e+01 5.959814264762620439e+01 5.303915486771781929e+01 5.152104075522802162e+01 6.194472280110138485e+01 4.315662999191365401e+01 5.697080728285351370e+01 7.038544370501858793e+01 8.052215282021738574e+01 8.262335672901197370e+01 9.083757874175729796e+01 9.953574903821896669e+01 1.074121066271207354e+02 9.911008763538744404e+01 1.074121034199822589e+02 1.073246243145168251e+02 9.034810550766202653e+01 1.068638132794319517e+02
4.664137156635840142e+01 6.739563150880877629e+01 6.920245440828888661e+01 8.944791455896073273e+01 1.001542372378730050e+02 1.083388571359102457e+02 1.001767600395972551e+02 8.202583365680682448e+01 1.001767600395972551e+02 9.237133178026188318e+01 7.255649553602879109e+01 5.852453773436353401e+01 7.285872415694134929e+01 6.705270887105940858e+01 8.687568500346833389e+01 8.156388934704746418e+01 6.104742159458407258e+01 4.657098181177729401e+01 6.705768332355820860e+01 7.913975962258933805e+01 8.036335116167956016e+01 7.232989317615417235e+01 6.270747249077549412e+01 7.005300343173098554e+01 5.518518053328274675e+01 4.392796300074773086e+01 5.412888583219292826e+01 7.022358524620177889e+01 6.283217234620623515e+01 7.682222136359007436e+01 9.662854773274125364e+01 1.080950600140582765e+02 9.990533319304944371e+01 1.024832083953807995e+02 1.106656889699202537e+02 1.111519544438627918e+02 1.195731051510603749e+02
4.283551215499809928e+01 4.849463315751572168e+01 6.920245440828894345e+01 8.602502271539964340e+01 8.017251043451425119e+01 1.001542372378730050e+02 1.101038313114753464e+02 1.018820174697606689e+02 1.101038313114753464e+02 9.650390876531670870e+01 7.668476578939187505e+01 6.268512023047757964e+01 7.668476578939187505e+01 8.687568500346810652e+01 9.508531449570250516e+01 8.766596324736259760e+01 7.192820892271512889e+01 5.122648146507534506e+01 5.007835261082891520e+01 6.478129977123741412e+01 8.520440923896937591e+01 8.923098638900610524e+01 8.153304949714809879e+01 8.204938059947433260e+01 7.065882283232198802e+01 6.358812378386635089e+01 4.469573540366754116e+01 5.125640810975767891e+01 7.119690963507120784e+01 9.083724629942953754e+01 9.725593563873663072e+01 9.663363807738716105e+01 8.002043474978535187e+01 8.260159061515308565e+01 1.024832083953807995e+02 1.155855050620371998e+02 1.102662174298692719e+02
5.932417063037750893e+01 6.920245440828888661e+01 5.838375102861731136e+01 6.573279545680658487e+01 8.017251043451425119e+01 1.001542372381169059e+02 1.057148288603113571e+02 1.138756294684538659e+02 1.064814811595438186e+02 8.663351517707145888e+01 7.520648118788936642e+01 6.818784237493008504e+01 8.797863727806888789e+01 1.047141736702350130e+02 9.109957337060230032e+01 7.091640379279529327e+01 5.883113749185506691e+01 7.192333076622084320e+01 5.271481193414132349e+01 6.753330849294599147e+01 8.791550174258112804e+01 1.017378453682744066e+02 9.211422406419730180e+01 8.389319029526689064e+01 7.323127852237637114e+01 5.857614687334207559e+01 4.523873965752999737e+01 6.496916900167239817e+01 7.438691556934584526e+01 8.286926617407560514e+01 7.739304814968309643e+01 7.953594958896732692e+01 6.854874897194657990e+01 8.842478164202273661e+01 9.956238818357233811e+01 9.588347884251767539e+01 9.186936453937708791e+01
6.201896180756051535e+01 6.515351111029546871e+01 7.350869310042726568e+01 8.541103896293689957e+01 9.362507572009019441e+01 9.771328613005069030e+01 8.595642336742950818e+01 1.024776613074037357e+02 1.146858981614745687e+02 1.032335607646544418e+02 8.797863727805322753e+01 7.565069265263929310e+01 8.797863727803968459e+01 1.078161553684868181e+02 9.931695251164258309e+01 8.583914235304114015e+01 6.552178880396800764e+01 7.630791756652756419e+01 5.550298375183518829e+01 7.036762926243953586e+01 9.064904215466333426e+01 9.376911372966648628e+01 7.449649260684596186e+01 6.419950584445190600e+01 5.448355992317522833e+01 4.750976219232781261e+01 4.578210503113172791e+01 6.554670020698075916e+01 5.164980396194172130e+01 7.290694776818668288e+01 6.352670118626476636e+01 5.993613601031486127e+01 7.953594958908963974e+01 9.371912844857953928e+01 7.974252339460193184e+01 8.190364373265154541e+01 8.641149396856043552e+01
4.117062294478823503e+01 4.436126325911710921e+01 6.515351111029546871e+01 6.515974995150600080e+01 7.853466134078831828e+01 7.776826135425962150e+01 7.429452177652417788e+01 8.852701481930088789e+01 1.082621706359999934e+02 1.160188451063481097e+02 1.036835098084238638e+02 8.553994484500614703e+01 1.036835002296811012e+02 1.100845175350217318e+02 9.068510445679416421e+01 7.658118898552795883e+01 8.583914235304114015e+01 7.921159574159864292e+01 5.847090954901705118e+01 7.330491270313287089e+01 9.347159004170178775e+01 1.017830725584858129e+02 9.020730631880213934e+01 7.037544225426876210e+01 7.611209106794859736e+01 7.047683815839882016e+01 6.465632387941701609e+01 4.655584753411820742e+01 4.710669705777787897e+01 6.695111573732199872e+01 5.285285483574606502e+01 7.158326915898973652e+01 7.284006018239406899e+01 7.543418281371937439e+01 6.580739633552407497e+01 8.095775575352745079e+01 6.671427849545489153e+01
5.767178264295278467e+01 6.515351110986821936e+01 4.916630580694079100e+01 5.316050295089963384e+01 5.810333610902792145e+01 6.330857378261197965e+01 7.359553135272444990e+01 8.784212271608734568e+01 1.075844495442398738e+02 1.173505440646084139e+02 1.136065593003965120e+02 1.053988698247921150e+02 1.136065580789816778e+02 1.120479897020463937e+02 9.279709631485535226e+01 9.605763489246423603e+01 9.636373282301759957e+01 7.634305087003669144e+01 6.161093897367991445e+01 8.221695836175928207e+01 9.640290969834416046e+01 1.078726475202520021e+02 9.821112846701007015e+01 9.020730740957895932e+01 9.070061274660987749e+01 7.362383890491331329e+01 5.372979835852995478e+01 6.636756922290973648e+01 6.548629486832540181e+01 4.789091513828259394e+01 4.845017814374195808e+01 4.998778284979867692e+01 5.257999087020061069e+01 5.544112455213146973e+01 5.825389287657925053e+01 6.122454880962894919e+01 6.589828913677774835e+01
6.398055874117979158e+01 7.631335918300884202e+01 5.582309956036947085e+01 7.371895180078698218e+01 6.628545951601310549e+01 8.361002386019183064e+01 9.182543581305367297e+01 1.017957016203363452e+02 1.041052763342218412e+02 9.799367470860363483e+01 1.116012735938902694e+02 1.109891648296820961e+02 1.025026436418066567e+02 1.111108629512442434e+02 1.120479897020463937e+02 1.036694815231078763e+02 8.305432209317447700e+01 6.853888908681997805e+01 8.221695836175928207e+01 6.792256786455440931e+01 7.977764237273451897e+01 9.968880622544033088e+01 1.131311451753243063e+02 9.649139862847987104e+01 7.668301301696538985e+01 6.267114450328688235e+01 6.525101399642977640e+01 7.921006815154521519e+01 5.938397767044066455e+01 6.779669661560220106e+01 6.839174100889481167e+01 4.927721203272265171e+01 6.920582869736604437e+01 7.542690801678598689e+01 7.808210009895361736e+01 8.095775575352755027e+01 8.560195413066199421e+01
7.127123626972854709e+01 8.349077531554884501e+01 6.318997684366227929e+01 8.349077531554884501e+01 7.807977255534778749e+01 9.472084736887708800e+01 1.052125084593969433e+02 9.717050604514351164e+01 8.408758745221383890e+01 8.405941605894680890e+01 9.305656936049989270e+01 9.913822135627752630e+01 8.218237132417158364e+01 1.005147633600631423e+02 1.121079771968817909e+02 1.077679899899418103e+02 8.797644533618750984e+01 7.377164415589284374e+01 9.372610512414573236e+01 8.819309041520195080e+01 7.506449472498030673e+01 8.514166634348102036e+01 1.049524352249040788e+02 9.649139854580070619e+01 7.668301301695638017e+01 7.668301301695638017e+01 7.925682399873117845e+01 8.743697091697825385e+01 7.086583165473940937e+01 7.759264315067689211e+01 5.952422106973543237e+01 4.986585822852368466e+01 6.985951608140153724e+01 7.891369808196921554e+01 8.578773883739820860e+01 9.413272441386705225e+01 1.010284655026334804e+02
7.957114597103353049e+01 8.349077531554884501e+01 7.764677765080362803e+01 9.171000535179800295e+01 9.802638322871997900e+01 1.062014907445083622e+02 9.717404239542862854e+01 7.744246161396368677e+01 7.000726578707097758e+01 7.928591781866170152e+01 7.283222804485312452e+01 8.324363885459756318e+01 7.223172853665325022e+01 8.371051881770257808e+01 1.037216152832297809e+02 1.035868552373351008e+02 8.387014428316206249e+01 9.377325455511576990e+01 9.014065779999410211e+01 1.007737959111921242e+02 8.093576777561234792e+01 1.007737949909238182e+02 1.131311416093982558e+02 1.047182124762820905e+02 9.649139854580070619e+01 9.649139854580069198e+01 9.907410106982020181e+01 9.888812807750743161e+01 9.065365307844356835e+01 8.593846026564449403e+01 7.648486812319313799e+01 6.986058221981919303e+01 5.071452397651951571e+01 7.062702292190986952e+01 6.586140087933986820e+01 8.579196270182195860e+01 9.660578168760267204e+01
9.122035049285277353e+01 1.033740214511074811e+02 9.759943373625368679e+01 9.731655740881565464e+01 8.903670581117414429e+01 9.731655740881565464e+01 9.755575698427631437e+01 7.747177454421111520e+01 6.330083730326889935e+01 5.925221255647497287e+01 5.860836889401147687e+01 6.326306429860614600e+01 7.223166975699805903e+01 8.370871348636474352e+01 1.036869481667292519e+02 1.117249959713146836e+02 9.376435898010265646e+01 1.117249959713146836e+02 1.041323233253903311e+02 1.082467637038246551e+02 8.847514936892363835e+01 1.007737959111921242e+02 1.205459756692164746e+02 1.181150453381595327e+02 1.098526221409397152e+02 1.132969599303276738e+02 1.055112504196399072e+02 9.635231612566576587e+01 8.703920350020315766e+01 7.881456040033691579e+01 7.368771303338715484e+01 5.370167954424906753e+01 7.066936367039905065e+01 5.162490723191122299e+01 7.155443163804285689e+01 8.075635225365675751e+01 7.695940839500124753e+01
8.136977153513005590e+01 9.142616985239391170e+01 1.002535251732065973e+02 8.734904008975114209e+01 6.912416105719587733e+01 8.734904008975114209e+01 9.944681288934522456e+01 7.948232366071341914e+01 7.260762133974402843e+01 5.248108618059377761e+01 7.260762136131225475e+01 8.324363885459756318e+01 9.154254353759269236e+01 1.004733455970706189e+02 1.120392308985532566e+02 1.212914073869053055e+02 1.127894219298005112e+02 1.212914073869053055e+02 1.238927194794142395e+02 1.164244393426170490e+02 9.988575837057014439e+01 1.164244393426170490e+02 1.213755389688568016e+02 1.014172615715139614e+02 8.991032170241199140e+01 9.335096856350141081e+01 9.685141508393382992e+01 7.624503869573108261e+01 7.818617311443040307e+01 5.901606447086459895e+01 5.678851933680089559e+01 7.368479171421718377e+01 7.982810179217088375e+01 6.585417611756706435e+01 5.255836984407726931e+01 7.259514782111689613e+01 6.590478300710071835e+01
6.298238007459274712e+01 8.307311245861619398e+01 9.082628765759586997e+01 7.203013365872217832e+01 5.913917431167407557e+01 7.908043343418496818e+01 9.487968312856693842e+01 7.948232368241880863e+01 5.944503449832981090e+01 4.932095436694223878e+01 6.946367909245201133e+01 7.045653154953897968e+01 8.458782919422779401e+01 1.046353951844106120e+02 1.097314204718748556e+02 1.181805091656306956e+02 1.220996157263276558e+02 1.134563196468018731e+02 1.149896222727808777e+02 1.231742920185718475e+02 1.196681093902275137e+02 1.278344414170647383e+02 1.296348121042105959e+02 1.181150453381595327e+02 9.919301417735648840e+01 7.930466203763803890e+01 9.071259233071513961e+01 8.193800169325228921e+01 6.220503980857576920e+01 7.881524330148373281e+01 7.666772566482336515e+01 7.666772547716986708e+01 9.387370639029111885e+01 7.886697135556065064e+01 5.902724892447458416e+01 5.351411520135926025e+01 7.352986568947214607e+01
8.136977153513005590e+01 9.142616985239391170e+01 8.255083444462465536e+01 6.256028968041527349e+01 5.193311119400510734e+01 7.203013365872217832e+01 8.659632276318252764e+01 6.659712207709803522e+01 6.652498787170975447e+01 4.638313015943236195e+01 5.402617874594071168e+01 6.567608518470653678e+01 7.981791301540019390e+01 9.986901009559106512e+01 8.957686479599264828e+01 1.065571207024389082e+02 1.094194021895124251e+02 9.235735970405848150e+01 9.491019134163592241e+01 1.149839712542305108e+02 1.168336646332266326e+02 1.168336646332266326e+02 1.251505570525350919e+02 1.169701676689044945e+02 9.701471469986617535e+01 9.071259233071513961e+01 7.092375602257871492e+01 6.570023679619481527e+01 8.193800169325228921e+01 7.147483977072441519e+01 9.126911031232225469e+01 9.649915742431012688e+01 8.943947029011462746e+01 6.966224463311137072e+01 7.878138773366026726e+01 6.728722524380383163e+01 5.448669243471877621e+01
7.939471896217757774e+01 8.890293249177948098e+01 7.737983393726949544e+01 6.622862299376504325e+01 4.579884785185456053e+01 6.622862299376504325e+01 6.866527035425768588e+01 6.851521184900731498e+01 5.016598146719277196e+01 4.370129982702102467e+01 5.378993616997519922e+01 6.802347355036377508e+01 8.800472376068897518e+01 8.654511077695342181e+01 7.808097413334084536e+01 9.808876633252582167e+01 1.008511873837070425e+02 8.078767465660408220e+01 9.181052778492224320e+01 1.001923631928444252e+02 9.678190453782271163e+01 9.678190453782271163e+01 1.168336646332266326e+02 1.111199978999272560e+02 9.117211509728754493e+01 7.714178639420461536e+01 6.973151102460467143e+01 8.542485441122759937e+01 9.367365452285564231e+01 8.543801112312377199e+01 8.395389371455156891e+01 1.038568367196437521e+02 9.765017784823594127e+01 7.953618665773784357e+01 9.331147397013785394e+01 8.208183263496783866e+01 6.610300694115039732e+01
8.254445713066367318e+01 8.062528456508624686e+01 6.067722077742767084e+01 4.899659058974951620e+01 4.081106187598627599e+01 5.570583152582798903e+01 4.858600602795509360e+01 5.681700203625505452e+01 4.010752859587597641e+01 6.020287668768606437e+01 7.212776967190492883e+01 8.215706417615312773e+01 7.759824372763439726e+01 6.654194354930825739e+01 8.654511077695342181e+01 9.982447198803154720e+01 9.256402642806837378e+01 8.425022958968867215e+01 7.189710567935522079e+01 9.184669970298207886e+01 8.270888792893826746e+01 1.026549290950406430e+02 1.191963781444014359e+02 1.169701676689044945e+02 9.701471469986617535e+01 9.523560016201930978e+01 7.537889555543161180e+01 7.505366380256485570e+01 9.490680352058431879e+01 1.053466290584278227e+02 9.801165558172941417e+01 1.121278000078994239e+02 1.075570485926811841e+02 9.934275392249159609e+01 1.075570485926811841e+02 9.413649965618054694e+01 8.589391055941341335e+01
6.253940321297822180e+01 7.318161602183660364e+01 7.737951655308114596e+01 6.825730418142070732e+01 3.576547635537645675e+01 3.594704507981869313e+01 3.442452132772760365e+01 3.674044211815913030e+01 5.681700203625505452e+01 6.851521181105327685e+01 7.803318098003396130e+01 6.973358865742926582e+01 5.751199565886615517e+01 7.757948066367376327e+01 9.465257231059065646e+01 7.986617759416952822e+01 7.986617759416952822e+01 6.431540299716195364e+01 6.843353551953305214e+01 7.279692293014645088e+01 7.940511705526773767e+01 9.085959019429240868e+01 1.108778545614213868e+02 1.187494441141250689e+02 9.878374608864827167e+01 8.469971515651396032e+01 9.523560016201930978e+01 7.898411538975329904e+01 9.045396689871176932e+01 1.104078626184844438e+02 1.179683522973236762e+02 1.180294177560752900e+02 1.097606453660903441e+02 1.112506170819554541e+02 1.045019976921156655e+02 1.127694211466638023e+02 1.000906817520047696e+02
