LEM/sinusoidal_perturbations/elevation_000050.asc
nrows	100
cellsize	150.0
xllcorner	0
ncols	100
yllcorner	0
NODATA_value	-9999
[rows 51 to 67 of 100, columns 37 to 73 of 100]
2.814057555884707895e+01 2.848665671805122912e+01 2.883809332285204263e+01 2.919360704415212027e+01 2.955269481057667491e+01 4.844879756764039058e+01 3.201024710954002472e+01 5.210519293090958826e+01 5.557130023938716334e+01 3.757712842559826072e+01 5.782063488928424988e+01 6.843068935672754094e+01 7.524567908932486660e+01 6.695769762291655525e+01 4.956136471204171556e+01 5.209240818660506278e+01 7.236859971443917061e+01 8.132818716473028076e+01 6.980895265748442569e+01 7.806356312718996548e+01 9.805154503177087122e+01 1.068133406112556685e+02 9.290226478816998679e+01 9.482657201023968696e+01 1.088621660536746276e+02 1.031473246549443843e+02 1.226590136653003498e+02 1.369059160554856192e+02 1.273863126248144511e+02 1.083610343275729377e+02 9.705976966500816161e+01 8.985631209480918358e+01 8.300536870923309607e+01 1.031948379992101223e+02 1.092540319329235246e+02 9.614029915252855574e+01 1.101214362324878238e+02
4.982211187503305183e+01 3.357567096790484129e+01 4.865962587337872947e+01 4.970017622598739138e+01 3.280198740112059141e+01 5.204629172201985199e+01 5.218820060732581823e+01 3.387209747728245191e+01 3.541867794342653752e+01 5.557130024737524110e+01 6.615137472084406056e+01 7.497358117554655621e+01 8.321638337274653452e+01 7.816503923578547131e+01 6.989220184599889762e+01 5.527434273076985249e+01 6.700796089803348821e+01 8.710087887372935711e+01 8.406763881011615069e+01 8.989148558940297562e+01 9.226935871923765831e+01 1.120109776476563894e+02 1.126359753771930201e+02 1.145022637444980802e+02 1.225788878775247071e+02 1.226590136653003498e+02 1.307385795527679591e+02 1.341370732163756827e+02 1.259691283872375607e+02 1.243790403568589085e+02 1.163707203021032370e+02 1.029675275607908702e+02 1.031948379988852338e+02 8.473288824268176711e+01 8.928802130605842535e+01 1.092541149615222338e+02 1.238003987477631256e+02
4.121009318119264009e+01 5.407645435487559382e+01 6.224028275708403868e+01 4.894831797068401613e+01 4.631105339466911630e+01 6.123668687524202170e+01 6.171317698627015602e+01 5.400238091998012635e+01 3.702316599506784911e+01 4.254201638473337965e+01 4.840866332924885995e+01 5.485776879348942003e+01 6.911077979592630527e+01 8.912763577972556561e+01 7.979993135879333011e+01 5.963228910700696872e+01 7.979993135879333011e+01 9.528274744813509756e+01 1.039514954691403119e+02 1.096982230714032767e+02 1.120109776476563894e+02 1.201114765942784715e+02 1.167845687415373561e+02 1.083497474848362856e+02 1.121023223302170493e+02 1.121023223302171630e+02 1.205170845372232549e+02 1.226719656034663331e+02 1.060534097185863232e+02 1.226719656034834003e+02 1.303718730096684055e+02 1.177359737103907804e+02 9.767599162359597642e+01 1.044360673345279906e+02 8.658268300012341001e+01 1.067129499206284891e+02 1.166155864683847483e+02
5.303229245060801134e+01 5.142073495048590104e+01 7.234790146381908471e+01 6.543513850646088770e+01 6.917595735127633816e+01 7.448794066716762075e+01 6.161725949420865334e+01 4.139578211591094004e+01 4.114624102768549108e+01 6.138771638262329589e+01 6.861240276325450793e+01 7.497358117554657042e+01 6.911077979592630527e+01 8.912763577972556561e+01 8.586469282586809015e+01 6.575021630158110497e+01 6.976457148201012615e+01 7.880402383073918315e+01 9.041424718668203298e+01 1.101608012672881785e+02 1.153476600683430178e+02 1.068315362938345601e+02 1.048644782642966788e+02 8.758642938451970394e+01 9.139391426974768251e+01 9.139391426974768251e+01 1.121023223302171772e+02 1.144707828527868543e+02 9.432224766815112105e+01 1.144707828527868543e+02 1.288423286293207752e+02 1.259628061044765559e+02 1.118877249243422227e+02 1.146506327636390097e+02 1.067118477056692143e+02 8.846442684832906878e+01 1.085254827372170752e+02
7.394460935335644081e+01 6.070715408599512131e+01 8.093208562852368004e+01 8.864708291969527920e+01 8.073813184656702902e+01 6.623222745632266140e+01 4.603989570992037272e+01 6.161731592085702403e+01 6.138774324161765605e+01 4.756429413997763334e+01 6.190290656284346227e+01 8.197110893271350562e+01 8.912763577972556561e+01 9.732199088219473992e+01 9.254986140643606518e+01 7.249435566473201220e+01 8.983538428471391057e+01 9.800241525135416509e+01 1.068824077845687697e+02 1.182465936160548239e+02 1.066680764710712452e+02 8.598425019505867795e+01 9.213060450409993507e+01 7.551106784735119959e+01 7.661513719525214583e+01 9.745926656308098757e+01 1.137560665346763926e+02 1.055021400376268730e+02 8.701078280645975838e+01 1.005683942173339602e+02 1.178636038229772538e+02 1.293752324391178661e+02 1.317138522166766279e+02 1.213936466761000474e+02 1.013558315178940887e+02 1.078855108553175910e+02 9.038485259611567812e+01
9.028538520669091838e+01 7.563487157261856453e+01 9.028538520671239098e+01 8.499840391723849109e+01 6.631530232205589925e+01 5.265580360862794862e+01 5.115021498170501957e+01 7.125956494786187534e+01 7.604802410316949590e+01 6.190290656284346227e+01 5.526843550374189817e+01 6.952147851560916081e+01 8.953581833528475897e+01 1.001045522812603963e+02 1.007005860040078318e+02 8.259884905388658183e+01 9.254986140643607939e+01 1.122890174175537368e+02 1.103388327137691789e+02 1.161407815056250001e+02 1.052712306366523762e+02 8.581349846871820830e+01 7.129123853075979866e+01 6.631341094274417003e+01 8.703720187916660223e+01 1.022517081154726668e+02 1.020642927485018987e+02 8.511718657029490487e+01 8.006185656286652375e+01 8.935892295826943155e+01 1.011776162212368035e+02 1.211928440403353306e+02 1.338665609758639619e+02 1.296501518386155283e+02 1.155286239192050317e+02 1.182401022670910464e+02 1.020828127089703088e+02
9.146335610983003050e+01 9.657342941934837199e+01 9.171699062921113921e+01 7.178563809251909333e+01 6.027143935397161556e+01 7.267991591419273334e+01 7.125956494786187534e+01 5.909066916444461270e+01 7.911294936834875102e+01 8.197110893271350562e+01 7.538354292782027244e+01 6.430030467635522484e+01 7.189584064770636473e+01 8.350139148392412380e+01 1.034142966237706815e+02 9.675130170896727577e+01 1.106007546818409111e+02 1.042450460522875773e+02 8.997440046758890730e+01 9.593886408854316983e+01 1.046624466028656997e+02 8.699835076534613165e+01 8.153761073297427231e+01 6.118335592659774136e+01 7.290359245500819441e+01 9.371371945872317610e+01 9.373288166584482894e+01 7.312270013482863362e+01 9.373288166584482894e+01 1.088496372427866419e+02 1.124137551438947895e+02 1.206220625269383930e+02 1.140577518131627102e+02 1.280310206157432162e+02 1.353615238974156227e+02 1.297281318537693835e+02 1.216781713140304362e+02
8.326190418495704648e+01 9.871316298708102011e+01 9.988442809768200448e+01 8.651652305463323955e+01 6.657772412062186618e+01 8.651652305463323955e+01 8.618766994610028576e+01 6.617733836398774372e+01 7.545057022913937317e+01 9.540866778244399882e+01 9.256545697732042299e+01 8.435007102596182449e+01 9.191757548093282537e+01 1.001045522812610926e+02 1.115590388549213685e+02 1.163815685799804953e+02 1.091392424989013392e+02 9.593900457622383726e+01 7.506576564553898834e+01 8.478181535359773591e+01 9.321683050967291706e+01 8.737350767895576098e+01 6.745563076561978733e+01 5.750075390497071481e+01 7.427884186616202555e+01 7.675645051183656165e+01 8.516162704555544849e+01 6.902564048090737003e+01 8.363363685371020040e+01 1.040411031997929001e+02 9.214895333303746838e+01 1.071677353172001972e+02 9.979198964368673330e+01 1.198596176896877239e+02 1.287074878634657864e+02 1.205345678660901712e+02 1.215775452708767972e+02
7.098684400320118471e+01 9.046297899601572112e+01 1.027444693563688105e+02 8.286937535010009981e+01 7.809293327449809397e+01 9.470692186177245731e+01 9.439339519202729889e+01 7.619013851455514441e+01 9.439339519170140136e+01 1.035797984983699394e+02 1.042777471251864370e+02 9.601812047893618285e+01 1.042777471251864370e+02 1.044427504529949005e+02 1.044427504529949005e+02 1.126749595310381693e+02 1.008809062548494921e+02 8.018103130907469733e+01 6.971581971748021544e+01 6.399159137272156528e+01 8.478181535421657600e+01 8.767710837298170645e+01 6.814466663281569936e+01 5.411602550143609847e+01 5.420997327118951148e+01 5.660446944716590423e+01 7.675645048425181471e+01 6.522493116562957027e+01 8.572060730290849051e+01 9.293754273930005638e+01 8.013951331033445058e+01 8.675862553799539967e+01 1.012980513915664744e+02 1.213366616885701177e+02 1.172543111731814207e+02 1.006530490383302947e+02 1.017106879091412992e+02
7.939970615133699994e+01 8.760331500595265197e+01 9.641686636460391924e+01 1.027444693563688105e+02 9.802336068535686309e+01 1.061688785054764566e+02 1.043490868524202995e+02 9.618520137764558342e+01 1.043490868524202995e+02 1.030152424236613626e+02 9.421824349098460516e+01 7.582517418472731663e+01 9.421824349098460516e+01 8.433371754716235102e+01 8.433371754716235102e+01 1.044427504529949005e+02 1.091392424989017229e+02 9.890096874722203779e+01 7.851333686654734834e+01 5.825804766773249810e+01 7.851333253230845344e+01 7.612221929225225381e+01 6.774470212621490361e+01 5.084602119183278290e+01 7.084104083791463324e+01 7.675645042837751930e+01 6.012273171123895565e+01 6.390218497973020817e+01 6.790398064369922793e+01 7.225977116331628736e+01 8.428692943653906866e+01 1.047545002175808406e+02 1.154021420412951073e+02 1.159115433268527084e+02 1.083065998498741465e+02 8.895916354585132524e+01 9.003010410547157960e+01
6.010088886627722360e+01 6.866159283130230051e+01 8.230966184325930612e+01 1.022425432591818577e+02 1.087006765052265962e+02 1.071305525252175954e+02 1.118630632379141474e+02 1.037011097698451039e+02 1.118630632379141474e+02 9.474868637445851505e+01 7.460454632140459807e+01 6.575948135959502849e+01 8.071231580837962838e+01 7.004721250779124375e+01 8.433371754716235102e+01 1.044427504529949005e+02 1.003150373975913965e+02 8.999862994283878947e+01 7.398412039961358744e+01 5.414215842092420417e+01 6.800154949069271026e+01 6.550288462516259358e+01 4.816031100719847302e+01 6.813543591185427317e+01 6.489000735592496483e+01 8.520810665087860514e+01 7.176444711492847262e+01 8.435364840879348947e+01 8.280186908679455371e+01 8.631220248088696678e+01 1.005186901759104359e+02 1.130133439525098140e+02 1.100291110978166813e+02 9.596293142055782255e+01 1.000684036113804041e+02 7.988073868197460570e+01 1.000684036113804041e+02
7.939970615133699994e+01 8.760331500595265197e+01 9.641686636460391924e+01 1.028341026968697065e+02 8.886426444897560373e+01 8.712062663680190155e+01 1.011981515035813999e+02 8.364636586891339221e+01 1.018869542117597007e+02 9.241958893465159974e+01 7.830106489541071824e+01 5.829526109160754999e+01 6.065974189702884445e+01 8.071231580837962838e+01 9.739240059763335466e+01 1.089748825106616295e+02 9.196477006864509463e+01 7.113583072263551799e+01 6.106543853915327702e+01 5.442196702742805314e+01 4.845318804946715829e+01 4.550443921301873473e+01 6.550303234954475329e+01 7.649360270190244648e+01 8.520810670297849754e+01 9.357633863330033819e+01 9.226416292520809748e+01 1.006049411785241858e+02 1.040777054827047010e+02 1.044574957649352598e+02 1.042819480589663925e+02 1.086986793056707938e+02 1.018045918235044525e+02 8.171173205993238753e+01 8.909644197026103996e+01 7.504462877701135426e+01 8.667402815555001894e+01
8.884640220316386205e+01 8.052495327436052719e+01 8.884640220316386205e+01 9.288487380950246575e+01 7.459866100266862077e+01 7.283308628919978389e+01 8.290724226832385568e+01 7.353146901524156931e+01 9.367373781937932620e+01 8.412299742498895228e+01 6.403621258361991408e+01 5.270400260521391544e+01 7.252588678967038049e+01 6.898117734567703963e+01 8.060371186872700378e+01 1.007302741269485011e+02 1.003150373975913965e+02 8.999862994283878947e+01 8.155030020469298790e+01 7.427485561153443427e+01 6.366326593963385960e+01 4.364189802067106427e+01 6.366306124155569535e+01 8.200627579471179729e+01 7.402514085440857627e+01 8.201628628731549497e+01 9.117149212074882314e+01 9.182724412863161945e+01 9.983450952818154178e+01 9.663999837394723613e+01 8.263400949310724286e+01 8.823337492701813289e+01 1.032924603636198242e+02 8.321625851346021818e+01 6.912513561812195917e+01 8.909644201800524854e+01 1.032128730864140351e+02
7.883997301961271376e+01 6.054394647855556855e+01 7.883997301961271376e+01 8.465448250720319834e+01 6.437729315687339238e+01 6.259022896279740422e+01 6.259022896279740422e+01 8.290724225383105761e+01 8.248880228934882552e+01 7.253159528778287779e+01 6.425782728320041315e+01 4.911464153779881059e+01 5.644525358768821377e+01 7.637948752882162751e+01 8.872038612155890291e+01 9.698922990842747538e+01 8.987830138126876989e+01 8.162865738001313787e+01 8.343631186619991524e+01 7.518928471405460812e+01 6.205592823333195440e+01 4.201959816007953918e+01 6.205593707483877353e+01 6.360085303148169089e+01 5.500720032580512964e+01 7.259159461317719320e+01 7.164050635221937569e+01 7.314058198181336934e+01 8.805483322350212916e+01 8.157082504100957010e+01 6.840073881142988910e+01 8.823337436696984071e+01 9.248118090601205665e+01 8.556320347132985660e+01 6.569182304054388055e+01 8.396341276221467353e+01 9.113960617694668542e+01
7.053444987645811182e+01 5.058369404348127318e+01 7.053444987645811182e+01 8.813311716579163146e+01 6.789300654832783266e+01 5.310377482335729127e+01 6.789300654832838688e+01 8.813311717571600923e+01 7.419007693241178458e+01 5.432557769269484993e+01 4.456612924899599193e+01 6.238655784997833820e+01 7.089367595765691021e+01 7.455077759687004857e+01 6.868153357242657364e+01 8.872038612155890291e+01 8.162865738001313787e+01 6.170325052044868386e+01 6.753926227382413572e+01 5.530943331148165498e+01 5.895706755586121517e+01 4.041793000207854192e+01 6.046277009462004060e+01 4.392644709024467886e+01 4.518859861948514123e+01 6.482614961282212107e+01 5.815082299208361860e+01 7.024638597287200525e+01 7.157048432636580060e+01 5.917236905220921983e+01 7.023955907430942602e+01 8.145959816357483874e+01 7.255837230798027804e+01 7.990598402893081698e+01 6.238254623614681549e+01 6.413390724956526867e+01 8.377292017168197447e+01
5.418835353560961465e+01 4.389315216667647945e+01 6.388419793213245157e+01 7.783799241385322887e+01 6.982627909979882475e+01 4.884646300212759940e+01 6.983466330122708143e+01 8.880616870884399816e+01 8.248879584815881572e+01 6.559264908869344879e+01 4.161055416186583500e+01 4.835341229792951623e+01 6.213369225332937162e+01 5.455189273248740989e+01 7.455077759687004857e+01 8.312409423871338277e+01 8.162865738001313787e+01 6.170325052044868386e+01 4.768361850705115046e+01 5.758893870094961898e+01 3.905005008951139445e+01 5.522636008045053302e+01 4.215111115161698763e+01 6.187030914362706113e+01 6.482606135549372084e+01 4.700042954894051661e+01 6.658183992659184014e+01 5.075071279062018448e+01 5.209973764084087122e+01 5.344695600215999320e+01 7.291773521843610695e+01 5.742565002264485230e+01 5.883889475230147781e+01 6.025276762136624598e+01 7.990433918530773383e+01 8.396316102886898136e+01 6.669611071898926014e+01
5.785667084387421255e+01 3.781040648632352941e+01 4.941254003792892036e+01 6.943691580261800311e+01 6.599899416128879182e+01 4.480277408848577636e+01 5.998949204988714001e+01 7.212603759993321262e+01 8.048940840072512515e+01 7.051113430208724253e+01 5.515822740798671475e+01 3.757618640395263299e+01 4.383540407703523556e+01 6.386085015636059836e+01 6.326950496363892995e+01 6.326942179845012504e+01 7.675883243221981900e+01 6.441553566941929887e+01 5.628524830784381550e+01 3.769791786259881405e+01 5.740977080314176106e+01 6.475346092831114220e+01 6.187095056011804672e+01 5.208294791070410668e+01 7.169021947685622820e+01 6.492675138437803639e+01 4.883684422444580520e+01 6.834856662191606347e+01 7.156846917669126640e+01 6.660728250916201887e+01 5.539716830206883458e+01 6.016446347386799687e+01 7.674261086869209691e+01 7.990598374814673832e+01 6.889116942701356550e+01 8.881573211418628944e+01 8.667562148374037179e+01
