LEM/sinusoidal_perturbations/elevation_000509.asc
nrows	100
cellsize	150.0
xllcorner	0
ncols	100
yllcorner	0
NODATA_value	-9999
[rows 51 to 67 of 100, columns 0 to 36 of 100]
6.455108993161302530e-03 1.364258491736962009e+00 2.130764696563608496e+01 2.466212854123957499e+01 6.668287813079791349e+00 8.079928518483022515e+00 2.804777559492249495e+01 3.855125373266275091e+01 4.539556973936428363e+01 5.238546927875376014e+01 5.012334903413255205e+01 4.190788265116076161e+01 2.657896693773311370e+01 3.405183679312558809e+01 4.395690639296922342e+01 5.800880421814925825e+01 7.792052923994839375e+01 9.435723882911452165e+01 8.956596361593736333e+01 8.050126907577691782e+01 7.888700842725513951e+01 8.564555254381888005e+01 9.382381211970034940e+01 9.260586243758795888e+01 8.432012911372038388e+01 8.792154595539599882e+01 7.958124564604661089e+01 7.228407382174771101e+01 6.674249097943230424e+01 4.825868298420611779e+01 3.633633226436084840e+01 5.278363018937072582e+01 4.093496447715047992e+01 5.288964760255266384e+01 7.360293687427085274e+01 7.324103724902194301e+01 6.520941679331752994e+01
3.995603441288198172e-03 2.000399560344093430e+01 2.952337019255547190e+01 2.662750679881340687e+01 2.663963158440868639e+01 1.805737600751990968e+01 1.291998792399544982e+01 3.195489494957954335e+01 4.585825597277558074e+01 5.438283625027682433e+01 6.397317162053779782e+01 4.413986083058041743e+01 3.018420406707760506e+01 4.994890306757859122e+01 6.118497372631578202e+01 6.761142330653326837e+01 7.525930270745378436e+01 8.347087540047297693e+01 9.248613254765031400e+01 8.529430560558341767e+01 8.285067976474182672e+01 7.359028402671056313e+01 8.289173446066284612e+01 8.096445734166194086e+01 6.409036006353319692e+01 7.535223128090528633e+01 8.371280428393211537e+01 8.931406793296063995e+01 6.892551910772493784e+01 6.311200828132368201e+01 4.245525209742046258e+01 3.216437813995897699e+01 4.919655609042252564e+01 5.767832424785817835e+01 6.112152618118876291e+01 5.273095828960794762e+01 5.273097033785455068e+01
4.804567899273937473e-03 2.000480456789891903e+01 3.829397876030770931e+01 4.653649808070366589e+01 3.784027244281039515e+01 3.784026407526631175e+01 3.288196019224810129e+01 1.799074023059177563e+01 2.590884715501204738e+01 4.024237911847995264e+01 6.024877812552139744e+01 5.791718412669554539e+01 4.154032885736548053e+01 3.609186476932355703e+01 4.168614510296720965e+01 4.839877542497517737e+01 5.768155212480408522e+01 7.362739412640002001e+01 7.733925922004632980e+01 5.871563839550152863e+01 7.158999646212991763e+01 5.176475386610943019e+01 7.158999646212991763e+01 7.120453258388985773e+01 5.244401261399650593e+01 5.507735410897618777e+01 6.784726919730714201e+01 7.621568155886336626e+01 8.357536771182429902e+01 6.311200828132796659e+01 6.126272158666353818e+01 4.919655609042302302e+01 2.860072725174001462e+01 4.573973075545372780e+01 4.063867178026360705e+01 4.909566443310513506e+01 3.233250055395759404e+01
9.707512844716031236e-03 1.000970751284480365e+01 2.415184313657600512e+01 4.415184313657670856e+01 5.740767232016302302e+01 5.366829329267270765e+01 3.368837842531070947e+01 2.215446323695686104e+01 4.213291461918085901e+01 4.610211740420721327e+01 6.610002721496842071e+01 6.886875183960533775e+01 6.088726240259613576e+01 4.260630699136490307e+01 5.542111226805615587e+01 6.761142330653326837e+01 7.525823060197052428e+01 8.229624786624094668e+01 6.567105740882527698e+01 4.444682862743039209e+01 6.032582466921414266e+01 4.136241771105844123e+01 6.246510805772326336e+01 6.360833774513358208e+01 4.343720487915292949e+01 4.343789671259480656e+01 4.761686202591402406e+01 6.784726919730714201e+01 8.329051169227975038e+01 7.829018926805596834e+01 6.660071984801597011e+01 5.759653172816933164e+01 4.573960317174820034e+01 2.517172219042809544e+01 2.621797830016639708e+01 2.868461207888837450e+01 4.309159336549751629e+01
5.001202446392439237e-04 2.000050012024428270e+01 3.545809167377688453e+01 4.373973260348482484e+01 5.268171223507289369e+01 6.194131375384618110e+01 5.040746006653463951e+01 3.368837842949019290e+01 2.970413045867833901e+01 4.968495736495666648e+01 6.737740650321703129e+01 7.736490222913704429e+01 6.933099083362478154e+01 4.954053588467208868e+01 6.933099083362478154e+01 8.330444666693155398e+01 7.738639412302715925e+01 7.563602384034807358e+01 5.034577860882899358e+01 3.439771707893826402e+01 3.942028516839031482e+01 3.402191053892352102e+01 5.493989614335508520e+01 6.784726919730714201e+01 4.761686202591402406e+01 3.334367869871635293e+01 4.298706678095737033e+01 5.464514803948306110e+01 7.492751656176606900e+01 7.001218721656258026e+01 4.965695382509019851e+01 3.779684116843124997e+01 3.004807548599944411e+01 2.279308049448898643e+01 4.334864339779956310e+01 4.909566443251851098e+01 5.756155974732354252e+01
5.279685921607564676e-03 2.000527968574672499e+01 1.545832303949044473e+01 2.440259487307676878e+01 3.854470065136003853e+01 5.854292570646351379e+01 6.194283297622655482e+01 5.366836557954099618e+01 4.124109388602938253e+01 3.912396619338075254e+01 4.911606843990935545e+01 6.909055327537926416e+01 7.755786513367482371e+01 6.094392276810365416e+01 7.755786513367462476e+01 7.156629956611078569e+01 5.746844017638123603e+01 6.193171567471654271e+01 6.068926119969126631e+01 3.944664519746739728e+01 2.478928074124835135e+01 3.956853007739986339e+01 4.583049827814468813e+01 5.437748553122307982e+01 4.891241927724468042e+01 2.871798789222091486e+01 4.891241925359999243e+01 5.980049859135676371e+01 6.102585607972140735e+01 6.942800243341429223e+01 6.660071984801597011e+01 5.825991251830978968e+01 4.170316159016261537e+01 2.112136934239051556e+01 3.567781892810558730e+01 5.627522104385661805e+01 6.213913859059665867e+01
5.738623160518319517e-06 6.030232630178407938e+00 2.603011101955369000e+01 4.373973260347871417e+01 5.268171223324431907e+01 5.538209156557691415e+01 6.366615046390073474e+01 6.949364694352870231e+01 6.121948936580387368e+01 5.325303012685455428e+01 6.737742476762959143e+01 7.736490473870311746e+01 8.901978988912716773e+01 8.078793887439593391e+01 7.479471843123209851e+01 5.488819287893364418e+01 4.346069489569448052e+01 4.598508095503748194e+01 6.092466989891212847e+01 5.426607928596442321e+01 3.956853007739986339e+01 1.922085071271078149e+01 2.558021124701149418e+01 4.262104753467470175e+01 4.495458327061326997e+01 2.480253127724429874e+01 3.957208489766817650e+01 3.957198219437238862e+01 4.077370557253690464e+01 6.102585607972140735e+01 6.339581475945026767e+01 5.462281328878199105e+01 3.405095614196473974e+01 1.940341913316486711e+01 4.007631181601991699e+01 5.113992124398502881e+01 4.157550613054993960e+01
4.532054705376768917e-03 3.853533849302874348e+00 2.385353352137072136e+01 3.368067464325992688e+01 4.123996291852879637e+01 3.538210143961595122e+01 5.538209156507259223e+01 6.878295226622870473e+01 8.032976425162969747e+01 7.322713788434747073e+01 7.401796345809204070e+01 8.198722505656007797e+01 9.040252856202812382e+01 8.240730679036116157e+01 8.307249115540250273e+01 6.673856680593478075e+01 4.687957483716703422e+01 3.291849193759875192e+01 4.687928272924202844e+01 6.672045232770391010e+01 4.814196449660366284e+01 3.395236083953753337e+01 1.413956277047523180e+01 3.061303720669287998e+01 3.347649081932453186e+01 3.509740870445457261e+01 1.954990382816557215e+01 2.653355494629595768e+01 4.670540150241155430e+01 5.691804495572534961e+01 4.181250423707253105e+01 5.132540210044202666e+01 3.561305386708799858e+01 1.761101468559001404e+01 3.846137031154997032e+01 3.067628662866997047e+01 5.114741520139949671e+01
9.001595176218036079e-03 2.000900159517586374e+01 9.510388098795205636e+00 1.368067637993666530e+01 2.123996584012107647e+01 4.123996291852883189e+01 4.049898773884846293e+01 5.204599306074155152e+01 7.204596706660088046e+01 7.083226281073436326e+01 5.466325945427632149e+01 7.083226281073436326e+01 8.240730679036116157e+01 6.318896334715749674e+01 6.881788581849987452e+01 6.174517634896199780e+01 4.183866172964746966e+01 2.781586968682814387e+01 4.766914487185555771e+01 5.280831474861153652e+01 4.407429575179323678e+01 3.071116320912152275e+01 1.059632135597723490e+01 1.072725137335818069e+01 1.519760192928411868e+01 1.527312698067793306e+01 3.100461016971829764e+01 4.669933347541547874e+01 5.506600759423245250e+01 4.738120198009371364e+01 2.680631881215146706e+01 3.510760460776139524e+01 1.513916129366563013e+01 1.974918315093716004e+01 2.234212012983651974e+01 4.241895029978941523e+01 5.955781526185572261e+01
5.674351268809080251e-03 2.000567435126845339e+01 2.951038705798362827e+01 3.368067450482346459e+01 2.152532178546388764e+01 2.784987710580053388e+01 4.199201268648899088e+01 6.199199738156416828e+01 6.549688887547479510e+01 5.747178546667041132e+01 4.314244057306252955e+01 6.284351989140343875e+01 6.557234966960861300e+01 5.755162627351425897e+01 4.930415187532699406e+01 5.724884028568769878e+01 4.317151540288641343e+01 2.328598026616254657e+01 4.317151540288641343e+01 4.413846704760852191e+01 2.385619253964300057e+01 2.928077977113621344e+01 1.026081914829170749e+01 2.983739465864372775e+01 1.122086503995055828e+01 3.108718164208270807e+01 4.336408074826957915e+01 6.066976667714468618e+01 5.153360352954073420e+01 3.771628875869036079e+01 1.820476767097437332e+01 1.467487410638068823e+01 1.629739356109828208e+01 1.557096867658486161e+01 3.730247014572880460e+01 5.083737635089340756e+01 4.751827199225287046e+01
9.518805923843161668e-03 1.415165442965491849e+01 3.415165442965562193e+01 4.980942158022225641e+01 4.152531743342825621e+01 4.784984937806814287e+01 5.613400254288264790e+01 6.505294281655797306e+01 5.406680810146281857e+01 3.749969927104036316e+01 3.533733586100849777e+01 5.539721187668241953e+01 4.904387490486336532e+01 3.759918072633714559e+01 5.755162627351425897e+01 4.896081012299676161e+01 2.899516283325430166e+01 1.909135918571857360e+01 3.370875123674131402e+01 3.026574092228790391e+01 2.882094159517987109e+01 9.796882967263471187e+00 2.963322421918856264e+01 1.756096479024724744e+01 1.157413873923318803e+01 3.135739012146890303e+01 3.958638495921076128e+01 4.717780794507240216e+01 4.039555580774800347e+01 2.704114360305327480e+01 1.419670400604142202e+01 3.138225879464431856e+01 3.251128469273990618e+01 1.584482222528156470e+01 3.561849203339862413e+01 4.509802650347312891e+01 3.787335244159893932e+01
9.062254805971973678e-03 2.000906225480561673e+01 3.129840642167967246e+01 3.793453048475801381e+01 4.605168653001314993e+01 5.526295272044894347e+01 6.836005061392704363e+01 5.700398383037151007e+01 3.685886641976308198e+01 2.508361581434147425e+01 4.594089568386496580e+01 4.126716024752615652e+01 2.846862190665194703e+01 4.904387490486336532e+01 6.557234730824609414e+01 5.724883179704557534e+01 4.725965343744251612e+01 3.370875123674131402e+01 1.376342545014819940e+01 1.059602396640535105e+01 9.344294655831239638e+00 2.918233452163477182e+01 3.786232936551360950e+01 3.532486262596202664e+01 2.547256551547504699e+01 1.206425584453156752e+01 2.521298374241088069e+01 3.250868645405550694e+01 3.287987181011267523e+01 1.371628958231580953e+01 3.341095432855853886e+01 3.723133216172231386e+01 1.627388133573036555e+01 2.535154408207890953e+01 1.646446596574243060e+01 3.639602120060473567e+01 1.791470251390786572e+01
3.063233560239582431e-03 5.550064275475819819e+00 1.132355057855513358e+01 1.798997837233726216e+01 2.793885237785080733e+01 4.169857677495961212e+01 5.492436065484477581e+01 5.486541874390729134e+01 3.462825695585721775e+01 1.892761435871955555e+01 3.388104557376354364e+01 1.973312057304014289e+01 4.126716024752615652e+01 4.518729596892753619e+01 5.350176772210103593e+01 6.056405432211353457e+01 5.226899065687179302e+01 4.191534167947096989e+01 3.368995013179741704e+01 2.885165000537324786e+01 9.025764561586122170e+00 1.778122901953689095e+01 3.847540868045163620e+01 5.049344607381582506e+01 3.422249948110768969e+01 1.593010709087071497e+01 1.255054846228445165e+01 1.289304828343202836e+01 1.323445939164590612e+01 3.142018710283134553e+01 4.114450993128675549e+01 3.654214745534473252e+01 1.658675939348325912e+01 3.442314308278970003e+01 2.682306886569556781e+01 1.715487847940630672e+01 3.645783312363908379e+01
5.666595628964066558e-03 2.000566659562860750e+01 3.129840642167967246e+01 3.793453048475801381e+01 4.605168653001314993e+01 5.027062879336720158e+01 3.862988878181850083e+01 4.640235422472065352e+01 3.519960082668626455e+01 2.892484731041875889e+01 1.142269975572654417e+01 3.388104557376354364e+01 4.190280857387633517e+01 2.509024064801854692e+01 4.190280860511355598e+01 5.226899065684359158e+01 3.192686061298454803e+01 3.787215018695713553e+01 3.494628065453585464e+01 2.808471759719033756e+01 8.703139441111519048e+00 2.614975540245397667e+01 4.283891555656103378e+01 4.585331747183335693e+01 2.577467139937683172e+01 3.449624227631463924e+01 2.665438279555962708e+01 3.235845344514109456e+01 1.618100287506117851e+01 3.534333477857548900e+01 5.227286797622731740e+01 3.659087217950956727e+01 1.693002571089030894e+01 3.655396187849093081e+01 3.978231241966124543e+01 3.689680697044649094e+01 2.633446798999881011e+01
2.110006612196471242e-03 1.000206919565155950e+01 2.413959107485574052e+01 4.401716236137635008e+01 4.714354879223485995e+01 3.829780068146271077e+01 2.763092390958859212e+01 3.242476042379566081e+01 2.193015437096052267e+01 6.402083954522164611e+00 2.583534797867878297e+01 3.353349920080441393e+01 3.343294434399859227e+01 1.363517487261088945e+01 3.348578139786692276e+01 4.785785575531411240e+01 3.775188771061085191e+01 1.755681721241934312e+01 1.903021438197260196e+01 1.005839075884832212e+01 8.376875087305982959e+00 2.921638562282895890e+01 4.249122716368289332e+01 5.497262570665556325e+01 4.618492187848903541e+01 4.603474733106038741e+01 4.801771436929487180e+01 3.168928136805572038e+01 2.949093532568326026e+01 4.406777039510445348e+01 4.661014070843109636e+01 2.708794961091205877e+01 1.730226174817136453e+01 3.685548272100960787e+01 4.943543243174184454e+01 5.447501485991375603e+01 3.534164041205458062e+01
9.367352646185668139e-03 2.000936735264583177e+01 3.823923170686151707e+01 4.432500017448598584e+01 3.496330989912499376e+01 2.099881525555591821e+01 2.761217932994289725e+01 1.499662716183955880e+01 8.046561736835716516e+00 3.395576905595602213e+00 8.504850600340372324e+00 2.116045155729418781e+01 2.432324939283632048e+01 5.038483571425380170e+00 1.826579171059695383e+01 3.860320899609636314e+01 3.007322486660222438e+01 1.113981996259376395e+01 1.023746559768075493e+01 7.869516241663624179e+00 2.910731808445139635e+01 1.404638293990161735e+01 3.415883694710890239e+01 4.782298663396439764e+01 6.225685533376271508e+01 6.666624074511940989e+01 6.153940130373434414e+01 5.319482306314849041e+01 5.111287879958103986e+01 5.159028214907127818e+01 4.259443774542760508e+01 3.739548441149102587e+01 1.769151445359256414e+01 2.098252340801383298e+01 3.283318506062283149e+01 5.329921277943498836e+01 4.700276863984080222e+01
3.648181865326004768e-03 1.645645815598547301e+01 3.524131548630956701e+01 2.968193265906579725e+01 1.474297303242416568e+01 1.114025235448689344e+01 1.368688026385775203e+01 1.966688411109618073e+01 2.942548862745655747e+00 1.078219020577179421e+01 3.853536592215394130e+00 4.177808907381353798e+00 4.501990180374191297e+00 4.826184511813419675e+00 2.455637164291655239e+01 3.172369302390280410e+01 2.562373318069008121e+01 2.091119148330253452e+01 7.544881596048422345e+00 7.470144271440449124e+00 4.181343973310075057e+01 3.415883694710892371e+01 1.951727128200626993e+01 3.358469871220991365e+01 5.275586136619745758e+01 6.133635356641794090e+01 7.223880820746325071e+01 6.733101412880412795e+01 4.716058550261262639e+01 3.339571643356207886e+01 2.484493986627394690e+01 1.825419092794660614e+01 3.745053680234724425e+01 4.145677937455653250e+01 4.975264768308850449e+01 6.147962283029678332e+01 6.698398776048956904e+01
