LEM/sinusoidal_perturbations/elevation_000953.asc
nrows	100
cellsize	150.0
xllcorner	0
ncols	100
yllcorner	0
NODATA_value	-9999
[rows 68 to 84 of 100, columns 0 to 36 of 100]
5.009162696260268353e-03 3.190850311186686494e-01 6.331996604197672740e-01 1.230896530631011032e+01 1.778914514235050603e+01 2.031744828542845127e+01 5.736692076021821407e+00 1.793879292843383766e+01 3.009659510053825215e+01 2.989798480378368239e+01 1.149951299032899499e+01 2.509193896220750375e+01 3.370862533711209608e+01 3.612259710411080249e+01 3.029458420516393602e+01 5.068502087203529527e+01 6.527685536426591284e+01 5.335499198389227615e+01 4.284735926354872504e+01 2.799860153339231061e+01 3.153006010468224218e+01 1.269790173028200719e+01 1.604253026434254181e+01 3.682729262128360403e+01 4.250321366845701476e+01 3.679312990255666449e+01 5.186150038742992052e+01 4.344272570354900864e+01 6.336091168138798935e+01 5.707152818816914674e+01 5.924870261569284224e+01 6.787898043332786813e+01 8.154881050852627311e+01 8.979712504547730134e+01 9.408642559300791675e+01 8.017327104272227700e+01 8.592505810582251513e+01
4.695337527364121070e-03 1.449288503736177702e+01 1.801979584254447175e+01 8.795823928393813773e+00 2.446911851772575730e+01 3.016698312859934461e+01 2.421789904060525700e+01 8.589316487602953742e+00 2.674694773379984625e+01 3.748934412086058643e+01 3.127483462461735542e+01 1.892767901038369516e+01 2.522810619583147584e+01 4.397476828475634392e+01 5.055874464782186095e+01 5.947654738658061291e+01 5.574489380318091492e+01 3.260157309483996357e+01 2.167132150444062688e+01 1.424129097386575360e+01 1.316785625307415764e+01 3.242596670180682139e+01 1.978214113290614051e+01 3.981060936109866333e+01 5.475799516716343618e+01 5.672217052579133423e+01 6.495997185040396005e+01 5.494924807882055973e+01 7.159201108495136623e+01 7.697695576766086845e+01 7.915211041264218750e+01 8.738683247820989664e+01 9.603073603061616836e+01 9.815742522708494278e+01 7.849396276794951177e+01 6.626422787299780737e+01 8.592505810582318304e+01
7.614146464036155443e-03 1.031497729585981382e+01 2.108618049740117328e+01 2.018207754294402179e+01 1.825563640540394061e+01 3.574629894262829310e+01 2.957277890481108074e+01 1.077108199463069660e+01 2.955352724452549040e+01 4.056802480400039457e+01 4.600893403916850133e+01 3.023417873999876804e+01 4.431115719991787216e+01 3.565985930679227067e+01 4.876493040782752786e+01 6.697273337180676833e+01 6.527588900316624176e+01 5.126223461765825107e+01 3.447086419143742120e+01 1.363586683631267782e+01 3.190759028775946859e+01 4.000213465944403879e+01 3.947865282953082300e+01 2.836167871032725074e+01 3.504488470109683362e+01 4.906219321755827423e+01 6.850898095284239275e+01 7.485294001291909183e+01 8.307381914119527266e+01 9.092119280961476591e+01 8.986158362134644051e+01 8.221749234536414974e+01 8.986158362134644051e+01 9.238869860171112691e+01 7.273857474001408718e+01 5.874403385792614074e+01 7.043108805364971658e+01
2.352828262072654761e-03 2.000210387403321377e+01 3.271451739342736431e+01 3.494438255773504665e+01 3.389884292754796746e+01 3.049668240948889419e+01 3.754988095879311771e+01 2.871652471172396304e+01 1.400780609714744429e+01 3.315974053872412952e+01 4.531844936789262590e+01 4.938627133593021057e+01 5.718796448810604005e+01 5.410087858878959111e+01 5.076834839842458535e+01 6.786376412406198710e+01 5.993018088873849081e+01 4.218375572104001492e+01 2.121675098751629562e+01 2.728988445146077524e+01 1.410593528429356347e+01 3.490281148977648940e+01 4.511407998203281267e+01 4.816347841327475976e+01 5.475784979276505027e+01 4.906219321754980456e+01 6.850898088536916930e+01 8.518115247027662917e+01 7.750441417506242203e+01 7.230092334020652345e+01 7.230092334020652345e+01 6.358379516757442218e+01 7.679975797974142893e+01 9.473342578466832720e+01 8.181672839803852071e+01 6.209622084485115323e+01 5.053479989306347164e+01
6.786455232800275850e-03 1.155291314841401196e+01 2.568512961713905085e+01 4.563820348512920333e+01 5.287193972214706150e+01 4.187749382346399329e+01 5.330810977890806868e+01 3.876509539299117080e+01 1.904132196441074498e+01 1.786626827799592121e+01 3.727931310249906005e+01 4.702071196796616448e+01 4.703756095400536452e+01 6.603943363702381930e+01 6.791074737129736150e+01 6.704675409427115085e+01 4.247961717394188952e+01 3.069770944839206095e+01 3.245050886375963728e+01 3.348546426797637565e+01 1.444111418125282142e+01 2.338266302940843033e+01 3.567554014361009962e+01 5.148733689646218892e+01 7.181612287566441921e+01 6.850898088536916930e+01 7.644551686574465066e+01 7.433217987579295993e+01 5.860670538035303423e+01 6.482593049558718690e+01 5.319778263782120575e+01 7.230092334020652345e+01 8.986135006105293144e+01 8.935787549223952908e+01 8.997694992864899177e+01 7.859468991948168082e+01 6.209622084485115323e+01
3.257643153035955173e-03 2.000325764315267918e+01 3.228586650399384439e+01 3.933571531190345638e+01 4.764470369962579355e+01 5.566586118649271242e+01 6.234265572515291609e+01 4.221382748256370121e+01 2.500082250607951906e+01 3.736620442332980474e+01 2.215024193080093085e+01 2.761000479545453601e+01 4.703756099992862261e+01 6.308349003591192172e+01 7.077794038894369066e+01 7.572560623639496669e+01 5.993018460177557216e+01 5.068363646711325998e+01 4.801389453813608554e+01 3.508341146262424104e+01 1.478133209721239716e+01 2.618602989212541488e+01 3.946816260106255925e+01 5.847748887402840268e+01 6.377743233795565203e+01 5.574226990903249401e+01 6.397245073476741339e+01 6.573227336919248387e+01 4.728928865386650671e+01 4.543914095286855570e+01 6.482593049558718690e+01 8.002613197884758733e+01 7.517173900639225792e+01 6.806293655112612839e+01 8.258924101968440823e+01 8.997694987034226699e+01 8.181672839798676478e+01
1.880098487986705483e-03 5.830554108373927846e+00 1.201677869302128876e+01 1.896676170688194674e+01 2.990534681979988108e+01 5.075657823456999296e+01 5.710161833480601956e+01 3.782882615731016074e+01 3.675308219725377512e+01 4.584043179533200885e+01 2.616145093570617064e+01 4.584043179589313155e+01 3.726796728533877001e+01 4.510932797702729857e+01 5.732340815194417871e+01 7.449380900572442954e+01 6.480902837779673575e+01 5.434807440440290094e+01 4.561804930028122129e+01 3.518547689338118545e+01 1.512693350663912639e+01 3.233846446368738015e+01 4.007506047417867734e+01 4.774140522995065083e+01 5.393971798006817409e+01 3.585966569375022317e+01 4.919866576902325761e+01 5.260111092906875996e+01 3.843342841965075252e+01 4.984129914552779894e+01 6.911096657263649945e+01 6.972540269568982296e+01 5.575026147284129507e+01 5.435131187616470783e+01 7.392436225936285155e+01 8.153089401484616872e+01 7.846572318926914136e+01
2.900726248362994839e-03 1.000290072624827609e+01 3.000290072624791904e+01 3.933574350807069209e+01 4.764470370004999467e+01 5.909826318226689779e+01 6.486387801199228420e+01 5.156817138806722767e+01 5.057753609622880475e+01 5.376024895963603001e+01 4.021836581453041504e+01 3.291525505432923637e+01 5.229651642804515888e+01 5.801183313753121951e+01 7.077794038894677442e+01 7.179452384516885388e+01 5.040000670779873815e+01 3.586592330875335932e+01 2.592029319112519659e+01 1.951064430165120456e+01 1.547728750332940884e+01 3.554882335272679228e+01 2.276287090946951253e+01 4.037249111198133988e+01 4.127359113758773645e+01 2.594726513635473708e+01 2.944709099053250512e+01 3.305314909101665677e+01 5.266966871262372507e+01 6.586037462384125263e+01 7.691190193609915582e+01 6.143891587644587560e+01 4.280761642499652453e+01 6.143891559562863591e+01 7.545204201051303983e+01 6.073763816286136574e+01 7.024918267002468042e+01
5.081304048347549951e-03 2.000508130404799090e+01 3.000290072624791904e+01 5.000290072624720494e+01 5.065615160969288411e+01 5.896951797371892923e+01 6.596620401539411205e+01 7.020140014002220141e+01 6.960300090107902804e+01 6.730213210443392313e+01 5.758870247407003973e+01 3.848990663316051553e+01 4.880860729345606330e+01 6.781593234558989991e+01 8.200416365963938858e+01 7.477908122181999317e+01 5.943714045258187895e+01 5.117582231270260706e+01 4.072187596241860064e+01 2.077696886260385867e+01 2.018253462074348192e+01 1.598457971504859110e+01 1.634774814320107694e+01 3.642505395272264934e+01 2.136821836695799703e+01 4.107592037190403289e+01 4.595444030999261287e+01 4.709610345344322013e+01 4.939850418901414031e+01 5.681751328605824369e+01 6.692149113622727441e+01 5.580019376518865926e+01 3.748380325859221784e+01 5.580019376591837954e+01 6.682784179821123871e+01 4.634666131191890059e+01 5.387440581909818604e+01
4.469920835086939326e-03 2.000446992083473319e+01 2.991716167090505252e+01 3.428897512409717052e+01 3.061053614979853421e+01 4.503659911238371194e+01 4.521766540711934113e+01 6.031625972007368119e+01 7.030875518124697976e+01 7.086862922032990753e+01 5.203749314478436361e+01 4.714294237193816173e+01 5.758870247407004683e+01 7.569500941356638180e+01 7.477908122181999317e+01 5.397474635056376258e+01 5.117582231270260706e+01 3.103057289588700485e+01 2.650985928460545438e+01 4.072187596237245089e+01 4.018377651767374203e+01 3.606431903449750109e+01 3.597075313558775633e+01 1.686944422295513846e+01 3.634134388045416131e+01 3.857438688313580144e+01 2.614887857440727359e+01 2.726443267116563618e+01 3.458310492307485617e+01 4.463947970973554646e+01 5.297107731619065163e+01 4.552272866388862838e+01 3.267145284012117656e+01 5.088957790824170502e+01 5.742019944381807761e+01 5.380797317405876612e+01 3.374652880784098130e+01
2.324776005098761877e-03 2.000232477600474468e+01 9.906381145006234235e+00 1.427074766902954472e+01 1.943478065636325525e+01 2.498206593444328405e+01 3.205384388566591269e+01 4.204570997496678331e+01 6.200766968114417921e+01 7.864058942731135460e+01 7.072659739780220889e+01 5.802709047822607857e+01 7.390788130237670828e+01 8.440858589242796484e+01 7.026236042065561094e+01 5.025683387647671196e+01 3.851015383167678863e+01 5.117582231270260706e+01 4.074016873760593427e+01 5.486251214323976200e+01 5.607551055810669283e+01 4.216676394616479229e+01 2.222011509151495545e+01 2.344179079699381063e+01 1.740280863962664881e+01 1.778186987153581100e+01 1.816491120800298731e+01 2.994962923591958770e+01 3.639383201039016313e+01 3.914787540655267861e+01 1.995178069523269926e+01 2.602691560069928656e+01 4.170920145216776120e+01 4.430554352695730813e+01 3.609138045621552493e+01 4.210984753811472814e+01 3.327658719820383482e+01
8.699724428260374037e-03 4.008699726852221978e+00 2.401202696463201391e+01 3.428897512409717052e+01 3.946716299858295685e+01 4.503659911238371194e+01 5.202668982805547415e+01 6.031625972007375935e+01 7.030875518124504708e+01 6.850500502535153657e+01 7.695337594128754688e+01 7.698465475318684526e+01 8.486400631419854790e+01 8.074071932181506384e+01 7.849692230508371438e+01 6.629243039956826067e+01 4.623693138897883159e+01 6.629243039956826067e+01 6.074231780987434348e+01 6.239366149067453193e+01 4.782547107229591177e+01 2.781892016411629598e+01 4.216676394616479229e+01 4.196610480658991804e+01 3.107027109901556017e+01 2.079943376743960215e+01 3.725650783631705565e+01 1.870742685555081408e+01 1.909045390142616228e+01 1.947270728459092126e+01 1.985398280133278703e+01 3.431766907180707449e+01 3.893299405866883944e+01 2.134290189615823508e+01 2.173417549278231320e+01 2.212355542095592043e+01 2.263035102505886087e+01
2.249585233037712084e-03 2.000224952552633439e+01 3.050947653789318537e+01 3.653970346897737898e+01 4.361077129042109846e+01 5.189504771954319295e+01 6.344205669684254900e+01 6.902672607543300387e+01 6.071342757077579932e+01 4.804067513282868873e+01 6.176676896205240297e+01 7.024901727817710650e+01 7.487990838325832499e+01 6.073140485395407495e+01 7.487990838372270730e+01 7.452944746480953597e+01 6.046417157422672517e+01 7.452944746480953597e+01 6.967695907757105545e+01 5.415557371161906275e+01 3.413803154871441592e+01 4.782547107229591177e+01 5.607551056094442998e+01 5.360285167331121414e+01 4.262333454131643862e+01 2.379436400090705206e+01 4.303689933936144030e+01 4.260169683129432627e+01 2.800774287623366732e+01 3.403942394782817615e+01 2.638857184467059369e+01 2.039071580682205109e+01 2.078659573566581997e+01 3.049048288987470912e+01 3.952223616793239103e+01 4.118960244251694292e+01 2.261788682467319589e+01
2.739267172789772273e-04 5.164251721660523486e+00 1.050947655990905716e+01 1.653970345146443677e+01 2.361077126333003662e+01 3.515777664712295802e+01 5.515777671122077663e+01 6.071342757077579932e+01 4.050563550003911928e+01 3.630744983442255602e+01 4.088142703065406636e+01 6.118107827718011293e+01 5.503829304839697301e+01 4.658039446591742205e+01 6.659199737469643310e+01 8.150099176799143663e+01 8.036309190072833530e+01 7.857218398174026674e+01 6.145260096495290014e+01 4.146886881804848457e+01 5.415557371161906275e+01 6.239366149067453193e+01 6.066661645803079494e+01 4.763162804464024447e+01 2.846730026192753016e+01 3.204280566819914355e+01 5.096251582231648314e+01 5.639291451125325239e+01 3.953916726243551238e+01 4.200812421203227132e+01 2.214991478615874243e+01 4.040261053399414237e+01 4.096138059749391402e+01 3.050989436048057613e+01 4.252978214293523251e+01 4.594673377013435100e+01 3.163531549247224106e+01
8.327778614586212741e-03 2.000832777861423040e+01 3.050947657214165787e+01 3.653970346897737898e+01 4.361077129042109846e+01 5.189504771954319295e+01 6.161085194806796039e+01 5.331844158294807556e+01 4.642436076437255821e+01 2.623120721414985823e+01 4.088017038128261760e+01 4.686289763561396171e+01 3.503593090900771756e+01 4.319589133756191757e+01 5.320346803190656004e+01 7.321321535746471909e+01 8.180811643476320683e+01 6.197860858830078001e+01 5.044301298511198439e+01 6.145260096495290014e+01 6.967695907757105545e+01 6.618178706248940557e+01 5.243888522894306448e+01 3.331047628075410216e+01 4.472661612201542880e+01 4.299991304840638406e+01 5.963974583137127894e+01 6.250962636972169406e+01 5.874255990967590435e+01 4.307282573055604757e+01 2.338149548408388156e+01 4.324678104552531721e+01 5.300929343552947870e+01 5.197187931046975251e+01 4.713164460909826659e+01 4.656926954412727326e+01 4.550004468771861355e+01
6.510866554257996840e-03 1.000651086655449262e+01 2.414864649661477003e+01 4.414865436148129874e+01 5.470069111801958428e+01 4.860753165137951015e+01 4.504265097093180970e+01 3.331747497117270029e+01 3.698772072591940230e+01 2.088816551120362064e+01 2.413107313638369789e+01 2.750096352004481659e+01 4.161835199832905374e+01 6.162483248936965197e+01 7.149630630570500500e+01 8.150099176799153611e+01 9.002005760489417696e+01 7.857218398174026674e+01 6.197860858830078001e+01 7.857218398174026674e+01 7.198610776658169641e+01 5.205759561399187163e+01 3.860593401735675911e+01 4.415876951307964049e+01 5.949214243915066191e+01 6.289716574337416688e+01 7.134662172902820032e+01 7.478670129402864575e+01 5.732972992879725638e+01 4.565473841517376030e+01 2.570227108976056130e+01 2.541988920876266533e+01 3.952470926618233449e+01 5.951408891910299559e+01 6.642611443490257273e+01 6.468190738394466166e+01 5.300831361585843382e+01
8.953482861371391335e-03 2.000895348281076380e+01 3.829068923199215391e+01 3.861706044320383313e+01 3.411736873759299016e+01 2.812513218570507689e+01 2.504839640236632903e+01 3.336704119067751151e+01 1.699620329359763815e+01 3.698772072851228643e+01 4.410630017996021479e+01 4.747811446647848044e+01 3.454811401510013269e+01 4.868858998155794637e+01 6.869989844782693922e+01 7.844592691226326053e+01 8.844997468509370719e+01 9.002005760489417696e+01 8.180811643476320683e+01 7.869926820731869554e+01 5.855978688505850727e+01 4.476655626402894939e+01 4.949166850913299953e+01 6.374973364308731760e+01 7.205534620043950156e+01 7.862424552706487191e+01 7.041719529099133013e+01 6.088967299598063931e+01 4.456975392607785835e+01 2.907938896214839275e+01 4.565474010699329455e+01 2.687456574511407936e+01 4.685009602335014733e+01 6.554420405673596406e+01 7.704620618944360899e+01 6.377287015858298247e+01 4.363407954618379847e+01
