LEM/sinusoidal_perturbations/elevation_000985.asc
nrows	100
cellsize	150.0
xllcorner	0
ncols	100
yllcorner	0
NODATA_value	-9999
[rows 34 to 50 of 100, columns 0 to 36 of 100]
2.064481644892168701e-03 2.000204262681325318e+01 2.777240575256926292e+01 3.605465222868639330e+01 5.026668507319647006e+01 4.969432351987180141e+01 5.334580725473155383e+01 5.475067700195290143e+01 6.303494973778961707e+01 6.412191806887601331e+01 7.240619170173836494e+01 8.210648901122894472e+01 6.672900135807323352e+01 4.597108350194832127e+01 3.594323824162198378e+01 4.828529947773101583e+01 5.657059823202256155e+01 4.509058111596601037e+01 2.607052739014039133e+01 3.086723318376790104e+01 3.608858746488952818e+01 4.173947043900204790e+01 4.839759597194294827e+01 5.928897594136793714e+01 7.805824241388724261e+01 7.731104036185963935e+01 6.035720661135256648e+01 7.731104036185963935e+01 7.632003160510136297e+01 6.819901115848387008e+01 6.639129083093591532e+01 5.644979205911316456e+01 4.465359049542827563e+01 2.525811307077747614e+01 4.125455941871578602e+01 4.267669393053299842e+01 2.336655478202688130e+01
2.905961989428186391e-03 2.000290596198907167e+01 2.586968145744960523e+01 2.891965305235335393e+01 3.212221613164054901e+01 2.969432343850890987e+01 3.334580715527276595e+01 3.475067691510053436e+01 4.779198625635874720e+01 4.412191783132114864e+01 5.382221316848222870e+01 6.966577573785559707e+01 7.525245179775140514e+01 6.186908363376701914e+01 4.199738027013069086e+01 6.186908363376701914e+01 5.857319782540652398e+01 3.938519553106346649e+01 2.853648773534998995e+01 4.748816177988455678e+01 5.505843892506946702e+01 6.075767444167649955e+01 6.743215641454848708e+01 7.541182714809448839e+01 8.590270926726788048e+01 8.900745548650452577e+01 8.049506157885656421e+01 8.658074214778729072e+01 7.838770572898293665e+01 7.223705766088619384e+01 5.228922508106656153e+01 3.827249562251827797e+01 2.858036883370356307e+01 4.465365756028872823e+01 4.680349057344795938e+01 2.734173011148612531e+01 4.267747353799049392e+01
3.542675937824442140e-03 2.920842505895721697e+00 5.869681628993676625e+00 8.919653035645795924e+00 1.212221611174756575e+01 1.555218781459777233e+01 1.920367153129894433e+01 2.320367153129901538e+01 2.779198620871033043e+01 3.382221310026581307e+01 4.138150256045062036e+01 5.292850794433358175e+01 7.292850820359312536e+01 6.947348769845191896e+01 4.935412567444694076e+01 6.947348769845191896e+01 6.675111806050000496e+01 5.351844241302188010e+01 3.446226462681847380e+01 3.241052038796592427e+01 5.142957256326041460e+01 6.310431607500169093e+01 7.063898336263461886e+01 7.666909788003962944e+01 9.010585776984129325e+01 9.976738550028795771e+01 8.591417989608800099e+01 7.513650852276741432e+01 5.854797326725203277e+01 6.250039277185930331e+01 5.827227090608067783e+01 5.086095863487636848e+01 3.111766159740063387e+01 5.067997391119120465e+01 4.981220587702537728e+01 3.019554501865001228e+01 4.981278026368382683e+01
3.411803931810562015e-03 2.000341180393145635e+01 2.586968164315335272e+01 2.306178865948233891e+01 2.366922149554291011e+01 3.555218783860854614e+01 3.334580715527276595e+01 3.734580715536867501e+01 3.933899159251778599e+01 5.382221316848222870e+01 6.138150267011703676e+01 6.966577573785559707e+01 8.121278245304958432e+01 7.792367788899885284e+01 6.350336785783760973e+01 7.792367788899885284e+01 6.384410168561352350e+01 4.452741999908030834e+01 5.351844242112358074e+01 3.592785906046155020e+01 3.881644768614112451e+01 4.367013165311040979e+01 5.087002052095030535e+01 6.064161044124216460e+01 8.149076592654787987e+01 8.285447709800509131e+01 7.736664727968924637e+01 5.852034043128573160e+01 4.703761996045127347e+01 4.260330293694597970e+01 3.840145351339596402e+01 3.499123095083643875e+01 5.086094716419143680e+01 5.898808633638658705e+01 5.295056147890075238e+01 3.323104798801794146e+01 5.295058027995797545e+01
3.327314952832964925e-03 2.000332731495247884e+01 3.723573575608041608e+01 4.306178871616504722e+01 4.366922154260356592e+01 5.195349377810321556e+01 5.334580725473155383e+01 5.734580727957238366e+01 5.933899170521981858e+01 6.762326472021541690e+01 7.339145515920955631e+01 6.510277728777593609e+01 7.339145515920955631e+01 8.339677442488780912e+01 8.388663198665591381e+01 7.771078927872873976e+01 5.810197937700384330e+01 6.384410168565634791e+01 5.300643293941915601e+01 3.951960522886361815e+01 5.805585242871818252e+01 6.310431607500169093e+01 5.587616738808352324e+01 7.026738097097280900e+01 9.033161230733078639e+01 8.354002727139035755e+01 6.444630674958936822e+01 5.554380927383931521e+01 6.693323482545483216e+01 4.831097343310495518e+01 5.827227090608067783e+01 3.989928186458892867e+01 5.979483976648069188e+01 6.045931879498211003e+01 4.059306298480858288e+01 5.295058027995797545e+01 3.921237900756871397e+01
6.779948344387334673e-03 8.951051860809556615e+00 2.309319165254539996e+01 4.309339125137034898e+01 5.153199952474200529e+01 5.974284462665602291e+01 5.722832172997746625e+01 6.330417974866141151e+01 5.507581640422588265e+01 6.330417971803509403e+01 6.338489876299720294e+01 4.508863962286010008e+01 5.509570845531806782e+01 7.493951355906627043e+01 8.399567324675031443e+01 8.597955212060477947e+01 7.771078927872873976e+01 8.082054486733797205e+01 6.267421102732537719e+01 4.335382710270438622e+01 5.692372505814336137e+01 7.655711224436078055e+01 7.601648730473297633e+01 8.458594693516016605e+01 1.009146553332207930e+02 9.246253402309640990e+01 7.539789532348531509e+01 6.702771389101494037e+01 7.576301785049989235e+01 5.584196703983378995e+01 6.512373144153878002e+01 4.518485162633307795e+01 6.512373144153878002e+01 6.621487570902635866e+01 4.627704170706848430e+01 6.621487570902635866e+01 5.898173645237210394e+01
9.516927588586143695e-04 2.000095169275850182e+01 3.723559985557452734e+01 3.496865850377376006e+01 3.140983372837400722e+01 4.938763335692406997e+01 3.604302580239608744e+01 5.054679859910589812e+01 3.516229497789057490e+01 5.335450404096701504e+01 4.656345169903996606e+01 3.508579267706482341e+01 4.663660313428434989e+01 6.665106121713816378e+01 6.398963015547703748e+01 7.812911698659921456e+01 8.967582578039005625e+01 8.203296180353429179e+01 6.228950544120706212e+01 4.860939600175938580e+01 5.356423053933680478e+01 6.325351135603637687e+01 7.716687915422518529e+01 9.714203007434903725e+01 1.106252348593641699e+02 1.033897250359279667e+02 9.502729254945889181e+01 8.683177579452460293e+01 8.399674298933206273e+01 6.581237335033347335e+01 7.113928848748510347e+01 5.118794286111906899e+01 7.113928848748510347e+01 7.287324580218103165e+01 5.289813552271687058e+01 7.287324580218103165e+01 7.096868272731373395e+01
1.945935296826602993e-03 2.000194593529647236e+01 2.354807457303176221e+01 1.508985207647351778e+01 3.458181050175016225e+01 3.080779427649163082e+01 2.172392220386149475e+01 3.487581239034809499e+01 2.516847680252592667e+01 3.925817011958539382e+01 2.655711270876768992e+01 4.070212691740543676e+01 6.071394148033576954e+01 5.915292114139120372e+01 4.983641372867584352e+01 6.139222720755785900e+01 8.140494787476795580e+01 8.789742063415236828e+01 6.807222992567204756e+01 5.538663414563641396e+01 7.313548837977056394e+01 8.141380389799502382e+01 9.134599769241781075e+01 1.048222825859741363e+02 9.079324989722712758e+01 1.048222825859741363e+02 1.088508365022535571e+02 1.006265033700288001e+02 9.394210498538232912e+01 7.988976323933860613e+01 7.818879303197010699e+01 5.824978316240675014e+01 7.818879303197010699e+01 8.112749115698332503e+01 6.288055344114353318e+01 8.112749115698332503e+01 7.726478743741482447e+01
5.600688922766023682e-03 1.773367641889132873e+00 3.548080660721357305e+00 2.354461217008593010e+01 2.804556557003630957e+01 1.080466643677802807e+01 1.277532499328324000e+01 1.487189466742263555e+01 1.700390183360725871e+01 1.925407764665153820e+01 2.192669014755643531e+01 4.193139979600805844e+01 5.098352741695917700e+01 3.914166959523670641e+01 5.329083339275064191e+01 7.330524627131781301e+01 8.252597212099126978e+01 9.081103901885059315e+01 8.330135652726050921e+01 6.919237673677778844e+01 6.919237673677778844e+01 8.905571097027453220e+01 1.069112364183397261e+02 9.660190380824738554e+01 7.677594708753809982e+01 9.660190380824738554e+01 9.739715820551130321e+01 8.079516899724535506e+01 9.739715820551130321e+01 9.977379857112674699e+01 8.643123937584121563e+01 6.976812329753069264e+01 8.643123937584121563e+01 9.110707277081584721e+01 8.286593816321855854e+01 9.110707277090436662e+01 8.554749728626242700e+01
8.215197286175309616e-03 2.000821518143411026e+01 2.354807457257826542e+01 6.162962462564282262e+00 8.044404199332689132e+00 2.804556731438828976e+01 2.094035781791371420e+01 3.487581239035058900e+01 3.114726524045368450e+01 2.741917102612637080e+01 4.193139979600805844e+01 2.581183601262947747e+01 3.097586101058183061e+01 5.098352631209163377e+01 6.743798354082301216e+01 6.986598427112454601e+01 6.250878879671096655e+01 7.666478262618103656e+01 9.667613836201795152e+01 8.905571097027454641e+01 8.905571097027453220e+01 9.741033631774322998e+01 9.868959795640931532e+01 7.885431662438281819e+01 6.926568265240871369e+01 8.910839652440077430e+01 8.917687713151291007e+01 6.932410357909247978e+01 8.917687713151291007e+01 1.033519570694928404e+02 9.513423583449552723e+01 8.969164180627163319e+01 9.792708916922740059e+01 1.037777186870605277e+02 9.558916811127664914e+01 1.003048067694316074e+02 9.451965816444429436e+01
2.613274238814250559e-03 2.000163916553956156e+01 3.444868772463313178e+01 2.030576955638202108e+01 2.218686978942811550e+01 2.437516944565320998e+01 4.094712705938858477e+01 3.508527900959163048e+01 5.115549837873880534e+01 3.636434869869135866e+01 5.410635202691018009e+01 4.581765503139956763e+01 3.059278404755622205e+01 5.060038715273181253e+01 5.985771435650651284e+01 4.984943177434032435e+01 6.986599675734073855e+01 8.388253179138442306e+01 9.543634815560766071e+01 1.014471376442507022e+02 9.330795890606518128e+01 1.014471376442507022e+02 9.651986153723778727e+01 7.668452217501005919e+01 6.260214607332713399e+01 8.249415856707007322e+01 8.215786172937409049e+01 6.225271619777397802e+01 8.215786172937409049e+01 9.188207441229697281e+01 7.525659708624810662e+01 9.188207441229697281e+01 9.204000725581177278e+01 9.232718545578916292e+01 7.572975480259222536e+01 8.048173850917379468e+01 1.002960375660166648e+02
7.532853315450405325e-03 1.414966847704666542e+01 3.414966848308824865e+01 4.033190579912641027e+01 4.218272743271658953e+01 4.437923608060245328e+01 5.266259459038750634e+01 4.923561970683915945e+01 6.338716063135806422e+01 4.791559227680732391e+01 6.466403836317546450e+01 5.888935708654646817e+01 4.214197637299393051e+01 3.584523439354184404e+01 3.984556424785686346e+01 4.740706021348116650e+01 5.557706282792202046e+01 6.713539348144237806e+01 8.715236986290462085e+01 9.156030855363599130e+01 7.348296206662624286e+01 9.156030855363599130e+01 9.156102669668086946e+01 7.170565035665032383e+01 5.756816042257800348e+01 7.752115544363429933e+01 7.615623453612529659e+01 5.618276980578380631e+01 7.615623453612529659e+01 8.365787575235604834e+01 6.369007816048993931e+01 8.365787575235604834e+01 7.212786827985065941e+01 8.412333048205982777e+01 6.416834729007094040e+01 7.747404370606527380e+01 9.736249539237192607e+01
6.101047412966256744e-03 1.414823667114404238e+01 3.414823667114474404e+01 4.267325897176274907e+01 4.490118499552529130e+01 4.515171088371319286e+01 5.345277871064027408e+01 6.925423843113233602e+01 6.291699531387131827e+01 6.793036611676077996e+01 7.621875695967236197e+01 7.044334068440565488e+01 6.215479115349783967e+01 4.739589738045415857e+01 5.399499701583879130e+01 5.139766112576039347e+01 7.141436198707434357e+01 8.388253179138442306e+01 8.368014029003190046e+01 8.151410530286305800e+01 6.347754590125986596e+01 8.339546048634574049e+01 8.454664502750136990e+01 6.465037837784660724e+01 5.304801574220682170e+01 6.739941911370324590e+01 6.373787009436837536e+01 5.078499192880320834e+01 7.081810154700028193e+01 7.659819321107553947e+01 5.655660103288419549e+01 6.763532071352670982e+01 5.793051173397456211e+01 6.961662569172500525e+01 5.744116515217194063e+01 7.747340430659318145e+01 9.161338569154955280e+01
6.842009524227352091e-03 2.000682137679967809e+01 2.588638414862472459e+01 2.255779988851144680e+01 2.513789524506181294e+01 2.515273257347708835e+01 4.516200424905227351e+01 5.560833654347845112e+01 4.290140901641251503e+01 5.453980270444611733e+01 6.086826557458596199e+01 6.916759111065539400e+01 7.569916891132641013e+01 6.741102101143501102e+01 7.401156607270654320e+01 6.295414835256264752e+01 7.970205327022786435e+01 8.368014029003190046e+01 6.375136477400254620e+01 6.156557354069349230e+01 5.635167208120816440e+01 7.635341425124143200e+01 9.276696820320380255e+01 8.128841846425494566e+01 6.739941911369692207e+01 4.733007284060785480e+01 4.365982148649400330e+01 5.963247829101467090e+01 6.788997105049077163e+01 8.188573210803457414e+01 6.763532071227163556e+01 4.751813371159831689e+01 4.627127455515345389e+01 4.950317189058768719e+01 5.372719998556888044e+01 7.380264543509717612e+01 7.171933499365411535e+01
1.934550753332892102e-03 2.000193455075297777e+01 5.886160178456634640e+00 8.405923331851504088e+00 1.100970155146800344e+01 3.101099544991711454e+01 3.802793824623829977e+01 3.559765921750062745e+01 2.875775834838858813e+01 3.453127580898913607e+01 4.085590881748910164e+01 4.980106224872243104e+01 6.135398452044271522e+01 8.138910109021739459e+01 9.125639851554670656e+01 8.297122873326082981e+01 7.928664488283018841e+01 6.929261772804952102e+01 6.105056107325400205e+01 4.730322752548231335e+01 5.896645594561815074e+01 7.894022301111077411e+01 8.891878860430468023e+01 8.064888052983899058e+01 7.564033792492062958e+01 6.739703851535226420e+01 5.962962355019043770e+01 3.958976658541359228e+01 5.963816643998531219e+01 7.364054559284271306e+01 5.357527805028052370e+01 4.194487239957923208e+01 6.205585797612812371e+01 6.961662569172494841e+01 7.380264543509717612e+01 6.012644522505342337e+01 6.912164695651989632e+01
4.364784840791047053e-03 2.377928101228502733e+00 2.237751749998304263e+01 2.840525492841315369e+01 3.093468011041753130e+01 1.500970155147402885e+01 1.802481499727010572e+01 2.145478670027139856e+01 2.645478675120408951e+01 4.646068511538874901e+01 6.086826557458596199e+01 6.916759111065539400e+01 7.812413227032558893e+01 8.969382279996142415e+01 9.697111899716581718e+01 8.516167454188573060e+01 6.524996626921122811e+01 5.101914846097452028e+01 4.091326687812373564e+01 6.105056107325400205e+01 7.562580675865268631e+01 8.711905870885053105e+01 7.723743622467057435e+01 6.030543577259335564e+01 7.723743622467057435e+01 7.401419163082728403e+01 5.688372136701907067e+01 3.687719982116902173e+01 5.688372136701907067e+01 6.418650996093251138e+01 5.590360458779336739e+01 3.940286332703382044e+01 5.948094855459069663e+01 6.980449951620649074e+01 8.136481213481367547e+01 8.012755016584756618e+01 7.086512668138027493e+01
5.219006137575642711e-03 2.000521893329316825e+01 1.652007481889872409e+01 3.652069600611969946e+01 2.915142534873161750e+01 3.501223019411337134e+01 3.802793824623829977e+01 2.871534517322501401e+01 4.646068511538874901e+01 3.429945616284125265e+01 4.584763039394211148e+01 5.999931205593363615e+01 8.004988191153857713e+01 9.082250733281250632e+01 7.648273347417722334e+01 8.361774083051781759e+01 6.368201074679473805e+01 5.724496923949523364e+01 3.713104370876046545e+01 5.724496923956164096e+01 7.345663378027107626e+01 8.016116886039797862e+01 6.890358722299862393e+01 4.837613080826698564e+01 6.890358722299862393e+01 6.577406945040378616e+01 4.574790358831460679e+01 3.424967544000830344e+01 5.155927404475449549e+01 5.329747737982088296e+01 3.588540387693212352e+01 3.861822015403719632e+01 4.142214846578607279e+01 5.304794498927192592e+01 7.311743530693163962e+01 8.661311955655676798e+01 9.076388258517617658e+01
