LEM/sinusoidal_perturbations/elevation_000623.asc
nrows	100
cellsize	150.0
xllcorner	0
ncols	100
yllcorner	0
NODATA_value	-9999
[rows 34 to 50 of 100, columns 37 to 73 of 100]
5.699252201186622813e+01 6.777206342515354720e+01 7.747730448587829244e+01 8.146988611859211460e+01 8.962565178327955095e+01 9.420600879959003748e+01 9.084414349063679595e+01 8.866320500962999063e+01 7.572748423874222112e+01 6.748904188179373875e+01 6.483338529939277350e+01 4.492594913019487990e+01 6.483338529939287298e+01 6.567151103573016258e+01 5.268768515546317843e+01 4.288217682406163078e+01 2.528405447993393551e+01 3.989608459816962949e+01 6.049939489466492404e+01 7.800049003434629924e+01 6.719809018928519606e+01 5.442550854388825599e+01 3.442506175702381910e+01 5.020907967906516234e+01 5.497701118074597559e+01 4.094628117791492627e+01 2.804710278887466757e+01 4.778212202042396939e+01 3.575624374531184202e+01 3.710357465992093751e+01 5.722685002005844268e+01 7.499813607172090713e+01 8.393158116676325164e+01 8.238700816373717828e+01 6.870642890658047008e+01 6.870642890658047008e+01 8.803858408735516150e+01
4.228547394716460417e+01 5.102006536680276838e+01 6.753333921798027006e+01 6.176063247911035603e+01 8.146988611859217144e+01 7.454946796695665512e+01 8.846028617756415713e+01 9.829045167077021006e+01 9.086987571136002373e+01 7.290793800044546913e+01 5.310916113459494170e+01 6.483338529939287298e+01 7.302809116560243297e+01 7.395584194485471130e+01 5.979059707079652242e+01 4.805766388316201443e+01 2.759201678845684214e+01 4.200120306818323712e+01 6.138344816778093360e+01 7.221545630421296380e+01 5.892278429436144194e+01 3.880972991571763941e+01 5.442550854384927561e+01 6.271030324632538822e+01 6.792919214532628303e+01 5.368894706448063658e+01 3.506420001376717721e+01 2.884960460548234096e+01 2.941120172587564241e+01 4.907530417597717332e+01 5.823263657256376291e+01 7.243355577266989087e+01 7.363603474260257542e+01 6.557884342400870992e+01 5.471400040935590425e+01 6.870642890658047008e+01 8.803858408735516150e+01
3.176200839450340752e+01 5.183493836173023084e+01 4.772965923845263347e+01 6.474578211172863007e+01 7.046216262750914439e+01 6.061758986067050614e+01 7.048654494904249646e+01 9.012692601528682701e+01 8.273417065609849885e+01 6.305237705401890480e+01 7.290793800044546913e+01 8.107780879653842021e+01 7.104853725896124672e+01 6.289302382063372221e+01 4.562349455564188361e+01 3.094044085989117931e+01 4.805766388316201443e+01 4.214034711872398020e+01 6.241011407174450909e+01 6.395458747630021179e+01 4.382659640460810380e+01 5.892278429436144194e+01 5.305603656673832091e+01 7.308636622544179318e+01 6.754564099216325701e+01 4.811322134576759169e+01 5.380484528533260402e+01 4.860222185002785977e+01 4.918423230924564393e+01 3.019849189387888799e+01 4.413892090612556274e+01 5.912964227217808144e+01 5.831232397529246470e+01 4.566005095702354311e+01 5.984116927957578724e+01 7.918962243051007022e+01 9.307015170721797404e+01
3.373619011929602607e+01 5.371848154348433013e+01 3.964743205518782787e+01 4.492553025872535954e+01 5.065999168289226162e+01 6.469803337841005941e+01 8.437090415511828212e+01 9.829045167077021006e+01 9.086987571136002373e+01 7.443731933078672114e+01 9.086977073033811791e+01 7.432354701576439027e+01 5.452536463709960657e+01 4.251572747272747677e+01 3.450181307136615771e+01 5.153662539090908723e+01 5.979083209242475760e+01 6.244903811300195429e+01 7.061981662292295425e+01 6.768581960251925977e+01 4.759166291078847877e+01 6.761992905701883672e+01 7.308636622545196815e+01 8.134014385976527706e+01 7.579083646273946329e+01 6.754564099216325701e+01 7.028873174909834631e+01 5.581302285264134611e+01 3.572814224356482526e+01 5.001501495344864878e+01 3.098557163888598254e+01 5.083889355469025872e+01 3.827474522153794823e+01 5.827510736551401749e+01 7.241292087662218080e+01 8.378660364292528584e+01 7.301479807064667682e+01
3.864526698512402447e+01 3.668842352750834124e+01 5.653626929276580171e+01 4.295842985487320220e+01 6.196481492769139265e+01 7.337682705307467756e+01 8.247766839861849064e+01 9.528265772120126087e+01 1.020109065747036965e+02 9.397432166620157545e+01 9.491142699675999950e+01 8.244784015443079284e+01 7.104853725896124672e+01 5.930080967378284384e+01 3.851832578459399059e+01 3.999913794307554582e+01 5.203074485251838155e+01 7.190326270742414749e+01 8.570474777133760824e+01 6.578974523140945507e+01 5.158271452930023315e+01 6.320101393867981443e+01 8.306690378434575450e+01 9.537610476727489583e+01 8.389414944262611584e+01 7.565226541653112236e+01 6.202775999907935045e+01 4.188971002470736238e+01 5.581302285264134611e+01 5.891170681572182133e+01 4.486825969993564911e+01 3.176873947728228487e+01 5.103077231650481593e+01 4.514389507732010287e+01 5.665844810663747211e+01 7.593585458416018241e+01 6.968177063305597585e+01
6.179555900567786608e+01 5.074141219870087838e+01 6.471854117402099860e+01 6.276067421214050057e+01 4.633744023188076966e+01 5.300475146411478278e+01 6.399367336383553351e+01 8.364723834441491590e+01 1.042988895260651532e+02 1.006668312068445488e+02 8.485614287467765848e+01 6.678205540712235688e+01 5.531538804128712172e+01 4.473954092037539709e+01 5.930080967378284384e+01 4.420406948693867122e+01 6.435009449948920235e+01 8.002548810026792125e+01 8.756372950623733686e+01 6.768164342085512430e+01 5.612323388897091547e+01 7.601886176832987019e+01 9.106299947155814323e+01 8.712300075155431500e+01 6.725563534337489102e+01 5.571034150324906165e+01 4.930373275454432047e+01 5.617714841250818836e+01 7.028873174909620047e+01 7.188568107506968374e+01 5.962761307963189239e+01 5.170796023053144808e+01 3.255921146537927768e+01 4.657333236593913739e+01 6.548806947547589630e+01 6.768038362255326490e+01 5.930490802932930450e+01
7.743385793113701254e+01 7.053129062027728935e+01 6.980307636759410173e+01 5.008016016619895794e+01 6.615079694273541122e+01 7.364611923923692416e+01 8.206462029889959808e+01 8.060409775573205593e+01 9.593197805023915237e+01 9.335899034542880770e+01 7.085677259319007248e+01 6.094196571254602901e+01 5.211918040090121451e+01 5.958816779404390473e+01 6.836448925437358071e+01 4.853020083718940469e+01 6.265966036264440930e+01 8.213716453588013167e+01 9.581347898037719801e+01 8.182501391806809465e+01 6.193832468236895039e+01 7.243463112450641006e+01 9.232619852275769290e+01 8.970431020286540047e+01 6.983215208140480001e+01 6.934625399620611574e+01 6.351668581084746279e+01 7.615238583955674301e+01 7.773005248376348675e+01 5.761028716647121684e+01 5.761028716538522332e+01 5.321100745645799179e+01 3.312198952209391223e+01 5.318203654598850960e+01 6.495649890036199281e+01 5.737992024117274070e+01 3.907715737303438175e+01
8.760696296015881046e+01 8.969817700637787539e+01 7.420629324003535032e+01 5.453219376275949060e+01 5.486782759503707751e+01 5.985866211929406688e+01 6.486171766539727912e+01 8.373092297388254224e+01 9.979316489658201306e+01 1.030977635521283418e+02 9.051370140964712618e+01 7.308360452296611243e+01 5.969458272625539053e+01 7.970260534658373786e+01 7.268521054656167735e+01 5.316533318853496581e+01 6.450606942580628811e+01 8.386141751914368569e+01 9.439015284047211196e+01 7.451842638427686438e+01 7.189099322246951829e+01 9.006712181657690053e+01 1.005763125610407798e+02 9.795981183292457217e+01 8.970431020286540047e+01 8.924929762835262181e+01 8.342007668333897641e+01 8.077413242313919284e+01 6.918803961420390181e+01 5.761028716657097704e+01 3.678140832863083887e+01 3.485498939258949491e+01 3.371355728931833795e+01 5.383592187933774653e+01 5.455314192393927897e+01 3.708735934468764128e+01 5.737984548726054612e+01
9.844170398303442937e+01 8.159183610048614810e+01 6.205110165129941180e+01 6.443941979469678927e+01 7.439911937519134710e+01 6.162501212721803512e+01 8.106801399908964356e+01 7.285119770498056369e+01 9.181850899603961125e+01 1.100365823490019466e+02 1.020297523102596102e+02 8.987148517796801173e+01 6.934819779234166504e+01 8.820192385322923201e+01 7.126283228514922996e+01 5.868323319425466877e+01 7.806708825390688844e+01 9.202780848232096389e+01 1.024931685869873945e+02 8.855898185111817611e+01 8.592331526855842583e+01 1.000079766355134296e+02 1.050176258998906462e+02 9.669366800745646628e+01 9.669366800745066826e+01 9.266818123047053746e+01 8.435058590101836273e+01 7.246581314494990522e+01 5.239416781863488382e+01 4.047406008024688617e+01 5.761028716657097704e+01 5.533169192956927418e+01 5.093128477148838584e+01 3.456187550163051014e+01 3.516933092301665909e+01 5.539529793918339351e+01 6.395162496976331568e+01
8.456910358424788399e+01 7.081102136898830679e+01 8.159183610048614810e+01 7.571313033947805593e+01 8.719800827912412444e+01 6.781326431041101443e+01 7.392676321084886126e+01 9.181850899603961125e+01 8.292910713809800427e+01 9.388189713355156130e+01 1.131500587840976522e+02 1.005446954607720897e+02 8.306547684313719060e+01 9.664767141494964164e+01 7.811031388247049279e+01 6.988964883705195064e+01 6.988957441385781522e+01 8.097365897633491727e+01 1.006034266364841869e+02 1.084678449274870360e+02 1.058477074028303804e+02 1.100122812466825053e+02 9.669366800745646628e+01 7.662433464212779199e+01 7.662433464212777778e+01 7.751636630817942830e+01 6.436063416380953583e+01 6.967932666371466155e+01 6.323743897145273962e+01 4.307362502838083174e+01 6.323743918782930962e+01 6.977179576594551236e+01 4.971313346915692932e+01 5.474748173955208586e+01 5.526124107085610859e+01 3.615855465635443267e+01 5.045243453118335708e+01
9.844170398086416185e+01 8.052392193336187631e+01 9.844170398303442937e+01 8.950132631659469951e+01 9.406026109253936340e+01 7.465087909821637879e+01 9.335638713568798153e+01 8.976691724699320218e+01 1.020260488956640046e+02 1.100365823489013479e+02 1.211730406690714545e+02 1.169485457574709386e+02 1.077450757691431420e+02 1.064421418374705723e+02 9.749791069619951145e+01 8.924437298146288811e+01 8.923571991059934305e+01 9.751894645429509012e+01 1.090221222538732633e+02 1.085323032444598539e+02 1.167367674833430868e+02 1.016889379251050798e+02 8.155152228199322906e+01 7.006047942714123167e+01 6.255794636028831235e+01 5.754632259483650358e+01 5.276724962842112632e+01 4.959165348075716651e+01 4.658324473031331792e+01 6.323743915009519867e+01 7.154428610149338397e+01 7.808354493439071575e+01 6.876340255850261940e+01 5.402145721661891997e+01 3.989814193563285016e+01 3.874847369898102301e+01 3.720506272134969805e+01
1.082412643852546665e+02 1.001017866386192878e+02 1.082412643856614380e+02 1.091510305596634396e+02 1.021771821568217433e+02 8.429440742271512477e+01 1.021771821568217433e+02 1.093276965874645015e+02 1.174484811392594992e+02 1.105322098153929318e+02 1.023341313843072129e+02 1.035356589909573302e+02 1.041654121714094430e+02 1.086882991545397772e+02 1.006215780861025024e+02 1.005610107054297231e+02 1.007532679749841691e+02 1.091773753458929264e+02 1.050873450478874815e+02 8.810106597427295583e+01 1.050873450478874815e+02 1.065132397519317493e+02 8.636539767466426554e+01 8.250250629093912380e+01 7.946469003658248198e+01 5.949876552128829132e+01 7.280938186481780861e+01 6.381717874916912336e+01 6.668483317303360991e+01 5.282610708530956600e+01 7.287074169798697199e+01 7.848502139926384302e+01 5.842130715543221697e+01 4.400697165409409450e+01 6.029369398278343084e+01 6.482371235268695386e+01 5.760975432160375931e+01
9.777959943581861069e+01 1.034197602747432398e+02 9.521422285193665402e+01 1.034197602747431688e+02 1.119575964221881605e+02 1.038261147623672542e+02 1.119575964220320117e+02 1.194106463763214521e+02 1.079486340624571454e+02 9.904922356525045757e+01 8.240475277954121225e+01 8.429334366723649907e+01 8.864147660275736484e+01 1.005588520779894850e+02 8.053315697550961261e+01 8.053207428558289394e+01 8.054206834512007163e+01 1.007586677195481428e+02 9.661782488293687265e+01 7.578537603803958689e+01 8.850527392262435455e+01 1.092675507700940614e+02 1.065132397519317493e+02 1.025913536970505362e+02 8.445417484827179067e+01 6.449623560151469803e+01 8.445417484827179067e+01 8.383180370738017473e+01 7.745659345716836697e+01 5.746732906812106023e+01 7.745659345716836697e+01 8.045255846898129448e+01 6.721015169002343725e+01 4.703315850657342878e+01 5.874509766727349813e+01 7.877078936366569906e+01 6.438980346360429508e+01
8.955121578628342149e+01 9.344919653107129420e+01 7.521874733313057959e+01 9.344919653107129420e+01 9.862010177102467878e+01 1.068272929494275303e+02 1.152016376295220965e+02 1.112329676963509542e+02 9.133456478197749107e+01 7.980622705857781796e+01 7.092907755970642825e+01 7.078687947857247309e+01 8.965783834142241915e+01 1.004111234237519312e+02 8.051777357357417486e+01 6.641062917989992798e+01 8.645898630545076458e+01 1.020886567181754998e+02 8.850527392262435455e+01 6.712509065540052688e+01 8.850527392262435455e+01 9.916911298367523386e+01 1.108634813359401221e+02 1.008646123949938982e+02 8.076601317235402178e+01 7.077084703090959295e+01 9.078237592504588349e+01 9.382326857456494906e+01 7.377826716280111441e+01 6.302944244137354701e+01 8.299367543691512594e+01 7.214652706825299333e+01 5.209487549133318396e+01 5.350896280487258849e+01 7.354623048514302752e+01 8.706613442081427934e+01 8.453170815391875692e+01
8.737180452389621621e+01 8.521648509253363102e+01 6.489569627277774089e+01 8.521648509253363102e+01 7.868159310174287668e+01 8.710859842357517380e+01 1.068272929494275303e+02 1.132367024541675136e+02 1.024854369192127450e+02 9.420521148640287379e+01 8.192887567339552390e+01 6.221439115086037930e+01 7.609786484602707901e+01 9.597935161954129057e+01 8.101515659377851364e+01 6.112003132655497240e+01 7.434601419893692764e+01 8.506848151042154882e+01 7.785579114154371894e+01 6.145740142109107751e+01 7.030594136163678343e+01 8.221824600873898703e+01 1.025724361797173572e+02 1.091821916858232555e+02 9.789127792767887115e+01 7.778426667631060809e+01 9.789127792767887115e+01 1.021413801197007274e+02 8.902329242981637947e+01 6.902531523367643729e+01 8.735493388946056825e+01 6.733645796759140012e+01 5.580136577953184940e+01 7.354668121575200246e+01 6.423142287598278699e+01 7.835780378982929051e+01 9.845346129876620012e+01
8.262245668512029795e+01 7.844288881928174817e+01 5.788734001002147522e+01 7.754768843252422528e+01 6.682684555661602133e+01 7.868159310174287668e+01 9.862010177102467878e+01 1.047903850524756564e+02 8.490474440475328777e+01 7.417729512907106937e+01 7.756814664827619765e+01 5.794495958028802107e+01 7.173288402796436003e+01 9.165571680590569770e+01 7.603931362223508472e+01 5.615229164691217534e+01 6.087035108798326632e+01 6.954237371577318072e+01 5.522157454407275168e+01 6.529044040287705286e+01 8.076255598845206407e+01 9.188184251655964374e+01 9.888764112002371576e+01 1.071443361584467198e+02 1.062236106822264503e+02 8.935068671785543870e+01 1.062236106822264503e+02 1.032615830474289567e+02 8.312559935099174879e+01 7.790936691790932400e+01 9.567656902133882113e+01 8.410676832390669233e+01 7.579726143878669120e+01 6.158840787547082840e+01 8.156360381461196596e+01 7.835780378982659045e+01 9.845346126037819090e+01
6.314334726870428938e+01 6.662915772370533318e+01 5.153237855466945661e+01 5.687010163152158526e+01 7.075409085580042756e+01 9.170242760461792386e+01 1.054652100595852744e+02 9.651265774106664708e+01 7.640716207271547944e+01 6.495794617045061159e+01 5.810805351424203025e+01 5.401834974228151509e+01 7.359925572889079604e+01 8.779337106071689334e+01 8.432160195151034543e+01 6.958370876046758724e+01 4.966115956466367010e+01 4.953975864225154169e+01 5.347565033471684615e+01 7.292815799803730670e+01 8.309490832246714831e+01 7.223366034523377266e+01 7.907225032408634036e+01 9.046350014988374255e+01 1.103952316942006462e+02 1.095579424836572571e+02 1.178642063112897205e+02 1.115784246480976520e+02 1.032615830474289567e+02 8.947883233524621005e+01 1.063437551821928935e+02 9.158790358728737147e+01 7.153930404193665993e+01 6.690878339606921088e+01 8.690884515897086260e+01 9.845346126037819090e+01 1.067688569304197586e+02
