LEM/sinusoidal_perturbations/elevation_000889.asc
nrows	100
cellsize	150.0
xllcorner	0
ncols	100
yllcorner	0
NODATA_value	-9999
[rows 51 to 67 of 100, columns 37 to 73 of 100]
6.490306261808210309e+01 7.145523906946806392e+01 8.132992077388219343e+01 1.011960941158985321e+02 1.026804327088118924e+02 9.272132344119192737e+01 8.148306305744957001e+01 6.162006261838835997e+01 7.566052872057434797e+01 9.553990439665338386e+01 8.505706333975633981e+01 6.521187859098739636e+01 8.505706333975633981e+01 9.814507060262822336e+01 1.112181031743468367e+02 1.003425448145127632e+02 8.679456641438255815e+01 6.708900397681352956e+01 8.101577530506583003e+01 1.007458022846158627e+02 1.013576055999903076e+02 8.158306801286727250e+01 7.016601346614227452e+01 8.294933842641432875e+01 6.458989009386311864e+01 8.438251272452842500e+01 8.660934544510809019e+01 7.494498103411180523e+01 9.465656657287925668e+01 1.034869832143992170e+02 1.232531689355927114e+02 1.100381285632337125e+02 9.086944650158605441e+01 1.030266973060310534e+02 8.312787257660437490e+01 8.969005763674526577e+01 1.095457268477911583e+02
8.466042437547746147e+01 9.126301666936117840e+01 9.952116582199175809e+01 1.094699200798025771e+02 1.007731677637328715e+02 8.084589377534969401e+01 6.942798354807865735e+01 8.148306305037770869e+01 7.308893638132828130e+01 9.294792469097494347e+01 9.332932957321338563e+01 8.505706333583664502e+01 7.407731579578488379e+01 9.393986569883753646e+01 1.061201054094723446e+02 8.637365493253334137e+01 7.245347532912010990e+01 8.679456640805847201e+01 8.679456641360924607e+01 1.065338592660166199e+02 9.837214934756178764e+01 7.859881441077099851e+01 8.994077100105084810e+01 8.841628327190332470e+01 6.865492407892610061e+01 8.005938535226532338e+01 9.983201812696202637e+01 8.887132405292442172e+01 8.478289965269479467e+01 9.617730889977714526e+01 1.159405409490815373e+02 1.189031704625345185e+02 1.023597747445723627e+02 1.112219378835805088e+02 9.311075290457223730e+01 1.095457268477911583e+02 1.177369085373484552e+02
8.056886779678484345e+01 9.304169687690013291e+01 9.930987872328249466e+01 1.074900600954151884e+02 1.091235174287631935e+02 9.589349725126406554e+01 7.601461475319690919e+01 9.589289470702901497e+01 8.452005963891397755e+01 1.012375289828316909e+02 1.080577834090794767e+02 8.809203270264228536e+01 8.550801819943862370e+01 1.022329128210007525e+02 1.035562878410454459e+02 8.381258619162080947e+01 9.215725636392227216e+01 7.939938605308465469e+01 9.334792381197635791e+01 1.131054434122677748e+02 1.049656313723574925e+02 8.518518529797032102e+01 1.049656313723574925e+02 9.294960113195222107e+01 7.318932666117454744e+01 9.294960113195222107e+01 1.080245427327150622e+02 1.086233775261716374e+02 9.617730889977842423e+01 1.127199634862188162e+02 1.241327069490860708e+02 1.303164252305171544e+02 1.221286256401626389e+02 1.211272738599992351e+02 1.129426417074935927e+02 1.211272738599992351e+02 1.169187009935651389e+02
6.779947858061041188e+01 7.324794015516037859e+01 7.948680437913233732e+01 9.350042448814095053e+01 1.133215947802358556e+02 1.042497154964183892e+02 8.590606560548012283e+01 1.042448063716291813e+02 1.044588523984243551e+02 1.127595283369116004e+02 1.163737854267728693e+02 1.080577834097584855e+02 1.054579835833714299e+02 1.137713832021440084e+02 1.117465455806515138e+02 9.520590310200930162e+01 1.053822503266598858e+02 8.562597430576809643e+01 9.550895926953458570e+01 1.152677630687870192e+02 1.131574905681636665e+02 9.507758462869986715e+01 1.131574905681635386e+02 1.011424014442750376e+02 8.715622831648926194e+01 8.092785484882625724e+01 9.081592696494357142e+01 1.048102746444530027e+02 1.159405414064837885e+02 1.241327499893719448e+02 1.278593912394149044e+02 1.364610971389453482e+02 1.313972771114996192e+02 1.228401806447519391e+02 1.228401806447519391e+02 1.246861112839540056e+02 1.250992835254331510e+02
8.755219296306718491e+01 9.304169687690014712e+01 9.930987872328249466e+01 9.350059318242148265e+01 1.133347346637269482e+02 1.143051489224110355e+02 1.058901847720209588e+02 1.142877152195090105e+02 1.170172760784406591e+02 1.176548154438283547e+02 1.092352330676915670e+02 1.103471465285048794e+02 1.103471465265683236e+02 1.306363088804644121e+02 1.231579028984689899e+02 1.149631255264912255e+02 1.135726719208352620e+02 9.446010377579176520e+01 1.053822503760544862e+02 1.234626999278560646e+02 1.230457194698070253e+02 1.148536781160150468e+02 1.230457194698070253e+02 1.151285745720611402e+02 9.707868371305700350e+01 9.234712691826425157e+01 1.007080203178132081e+02 1.187915110458265673e+02 1.327726975853550186e+02 1.244885069415378496e+02 1.071343602558493870e+02 1.244885069415378496e+02 1.228401806447519391e+02 1.025491941267293612e+02 1.025491941267293612e+02 1.041706763357038596e+02 1.178731983256203932e+02
9.190406861798952320e+01 1.001664028764484016e+02 1.090810541481759515e+02 1.133347346637269482e+02 1.214795277906282678e+02 1.191102476051667765e+02 1.106876474899665084e+02 1.112051070646414530e+02 9.697089804918546463e+01 1.060951463612734926e+02 8.933952450636445519e+01 9.042684301799799584e+01 1.103471465285048794e+02 1.237069916829994725e+02 1.289526655098476624e+02 1.204170584207685692e+02 1.224117648085905188e+02 1.084312252698261716e+02 1.224117648085905188e+02 1.333461040318499329e+02 1.258932653972570392e+02 1.174581121034258473e+02 1.258932653972570392e+02 1.250497765431242243e+02 1.168567163137832807e+02 1.121292130999307659e+02 1.203209060947852436e+02 1.286794369437534726e+02 1.288162967262764198e+02 1.081802375558697520e+02 9.548565011737382235e+01 1.158937890220900186e+02 1.180063672093143481e+02 1.057754540266747796e+02 8.860537704808355386e+01 9.001431477854605134e+01 9.751760731561651596e+01
7.207241826854568956e+01 8.089045158340024955e+01 9.496250716611058351e+01 1.149416819182793716e+02 1.191102476051667765e+02 1.075354867939538792e+02 9.075798972293220856e+01 1.012764356008238309e+02 8.309901792414568433e+01 9.101464609615383949e+01 7.811622512136565888e+01 8.543202194266805805e+01 9.521025494069147044e+01 1.152541586890296372e+02 1.172688325655246615e+02 1.003332365563362174e+02 1.172688325655246615e+02 1.281900552773632000e+02 1.209960244447131146e+02 1.294306543912923644e+02 1.158161709142226528e+02 9.739093802281253431e+01 1.158161709142226528e+02 1.288187037651577214e+02 1.202396635119782076e+02 1.202396635119782076e+02 1.225091271207816277e+02 1.310855074173394712e+02 1.226932024849048872e+02 1.021200712790509328e+02 8.803204587058145592e+01 1.000198477138689697e+02 1.058331022692652539e+02 8.773510447658037492e+01 8.116157174205653746e+01 1.011613595120413862e+02 1.178731983256203932e+02
7.649362878331854176e+01 9.636562206830453192e+01 1.090810541481759515e+02 1.152159243822018766e+02 1.106876474899665084e+02 9.075798972293220856e+01 7.950366067644371526e+01 8.934245744487782304e+01 7.341821621679042664e+01 7.149331858696940856e+01 9.101464609615383949e+01 1.052322068148605609e+02 1.136318737869125641e+02 1.237069916829994725e+02 1.088216584609820927e+02 8.914069830593719246e+01 1.088216584609820927e+02 1.177651648470951926e+02 1.008561574082369390e+02 1.177651648470951926e+02 1.074245250631191482e+02 8.761418574452443409e+01 1.074245250631191482e+02 1.202396635119782076e+02 9.976769809605670503e+01 9.976769809605670503e+01 1.020003710629143114e+02 1.128449109474623526e+02 1.157644190276089944e+02 1.095358836290856601e+02 8.776582215904505802e+01 7.999375140219454750e+01 9.332535589762926520e+01 9.094554076768039863e+01 7.664093155169020122e+01 9.664595563793312749e+01 1.066131667418463422e+02
8.793241590883287984e+01 1.046292094210242709e+02 1.094287355637883792e+02 9.519775765256520117e+01 1.025553240928706629e+02 1.033198672554841551e+02 8.355282473447795155e+01 6.982613936351573614e+01 6.552109152934232839e+01 8.499023363550368515e+01 9.930926129305483130e+01 9.748152683805429319e+01 1.058196526769653474e+02 1.157652778430131804e+02 9.599505887599873688e+01 8.232883636801187777e+01 1.018633882680348819e+02 9.873534283941317824e+01 8.947588756715840930e+01 1.093682667895514982e+02 1.008210786235875815e+02 8.116996876916677195e+01 1.008210785967292651e+02 1.144397506275007572e+02 1.057637979379903896e+02 8.569721604874436593e+01 9.757165019207245393e+01 9.280658737974668782e+01 9.694233642976618626e+01 1.145203532753841529e+02 1.067718305956757803e+02 9.332535589762926520e+01 7.340754308682976159e+01 7.106464474410628895e+01 9.094554076768038442e+01 9.654048983279203355e+01 8.646781292373781014e+01
1.078855959174939869e+02 1.161482930125588524e+02 1.010609429407528239e+02 8.134443553204175714e+01 8.280696966228832423e+01 9.686905476949124250e+01 9.095453042199214622e+01 8.137496082909532902e+01 6.191038917240867079e+01 8.137496082909532902e+01 8.357055249385041407e+01 7.780843825465700547e+01 9.748152683805429319e+01 1.099803726129873809e+02 9.039570627823019322e+01 7.678368521829611382e+01 9.035892584982806852e+01 7.909090369598014547e+01 9.873534270521989242e+01 1.096306172702303172e+02 9.514829184233880710e+01 7.562514783254624717e+01 8.630223408827427534e+01 1.060744979658204556e+02 1.142932009306072274e+02 9.757165019207245393e+01 7.773659148124237106e+01 7.920524001326863583e+01 9.628740473311702885e+01 1.047445822491176131e+02 1.036837500409479134e+02 9.523207720877920224e+01 8.716359976487616734e+01 6.735418522770874006e+01 7.154385078409593746e+01 7.661521641209266420e+01 8.646781292373779593e+01
1.179489621905528480e+02 1.114723880467889074e+02 9.153322688611483215e+01 7.773580274822013791e+01 6.907268133261834464e+01 8.146399946292214622e+01 7.137009519179603956e+01 7.844059658566682458e+01 5.897042349360625479e+01 7.438082502486521719e+01 6.407619666212323750e+01 7.527650114611518006e+01 9.490043733514950475e+01 1.023762363550886789e+02 8.292055953075075081e+01 7.187830781231798483e+01 7.094785670494081842e+01 9.035892584982806852e+01 1.070728207745105891e+02 1.012854853242384934e+02 8.161809490200793960e+01 7.055235135414427816e+01 8.993051210160079734e+01 1.024800548286766428e+02 1.139632037912037106e+02 1.018515483776803450e+02 8.189375466333702036e+01 7.065142407160981008e+01 7.641388049847655850e+01 9.317862169177679732e+01 9.523207720877920224e+01 7.530769814816945029e+01 8.114341366409074396e+01 6.463596803332995933e+01 7.202356077846545190e+01 9.188340932275319517e+01 1.050099645343147046e+02
1.110315325769210943e+02 1.174186319799060669e+02 9.737327197890479624e+01 9.686905476949111460e+01 8.146399946292214622e+01 6.197608152921846170e+01 5.761363152295444223e+01 7.135804003733471745e+01 7.080650113160487535e+01 5.489914974332094744e+01 6.865361052630113647e+01 8.820754394191833114e+01 1.032232633662652859e+02 1.106879597458656690e+02 9.935196607741903563e+01 8.517109940630776066e+01 6.597331307645674769e+01 8.064613777482294665e+01 8.767016199590163694e+01 9.591686786817255950e+01 8.579907436903189932e+01 6.657914720379771722e+01 7.472032551560150182e+01 8.583534335361305523e+01 1.055996250560707068e+02 1.103466349483994833e+02 9.873079521324979169e+01 8.481342016650081916e+01 6.517664838897859170e+01 7.993883841643454957e+01 8.649945541899067791e+01 7.817143126120913621e+01 6.148132424801676166e+01 8.114339895634071809e+01 9.188340083008593240e+01 8.598340027385464168e+01 1.061272911867284421e+02
1.027892997638648183e+02 1.073565356984889831e+02 9.784034253913550572e+01 8.989463454375248830e+01 8.969206200909324878e+01 8.146161312374350416e+01 7.135650706212535965e+01 5.185740926292403685e+01 5.130534614557736006e+01 5.738019517629856381e+01 7.623599244045091439e+01 9.495642550631539791e+01 9.546690813123267105e+01 1.158761380173249904e+02 1.006593097372596901e+02 8.097999055609763275e+01 6.995252837492601827e+01 6.166701200070593103e+01 6.841466261545635064e+01 8.468913957182058994e+01 7.703746591007089251e+01 6.282719161182233591e+01 8.187582316351289080e+01 9.829767996588296342e+01 1.081317471186245598e+02 1.089233194077651916e+02 1.004750816022781095e+02 9.317862169177679732e+01 7.993883841643454957e+01 6.033844531423286384e+01 7.534790320297616972e+01 5.855475883797291203e+01 7.817143126120913621e+01 7.274508714130463716e+01 9.261574051612822700e+01 1.061272911867284421e+02 1.146515157558671518e+02
1.110315325769210943e+02 9.934859224525564514e+01 8.044067684224948778e+01 7.089402228033614506e+01 7.973838008251830445e+01 8.129276646626725267e+01 6.181100574486449517e+01 4.803613573279021409e+01 6.753352106379298903e+01 7.623599244045091439e+01 6.724223352155607358e+01 7.555897305488190341e+01 8.949858043736213631e+01 1.098757257944620704e+02 1.090033768504436722e+02 9.756287730276832804e+01 8.512541652507859169e+01 6.595689757548298360e+01 5.774576184953068037e+01 7.293354068363522913e+01 5.818067453755929819e+01 6.410764019193617003e+01 7.079676447116861482e+01 8.031681147911817220e+01 9.981700290414072185e+01 1.004750816022781095e+02 8.047760272027498729e+01 8.633472867817889096e+01 8.820135329131188939e+01 7.531128243536694811e+01 5.571141389120377596e+01 7.534790320297601340e+01 7.088295065755639257e+01 9.071315146014491404e+01 8.671000953445444281e+01 1.068734367241103769e+02 1.199722694842514130e+02
1.003908311799101227e+02 1.073565356984889831e+02 9.316324169112758113e+01 7.417762033125048049e+01 6.057379602488648374e+01 7.156657398358107969e+01 6.559342943522234748e+01 4.610003674360136472e+01 6.559342943522234748e+01 7.517557082594878182e+01 8.206341179003318587e+01 9.027770314668387641e+01 1.016511212121875616e+02 1.084054113242750788e+02 1.168358853303094946e+02 1.011828652170537026e+02 8.151658728392368403e+01 8.468913958976490619e+01 7.293354068365970022e+01 5.421157464634917034e+01 6.633390464007040066e+01 8.110173440448942017e+01 9.006690717571419214e+01 9.829767996588296342e+01 1.081317488107445826e+02 1.004751343888955546e+02 8.047760279800984051e+01 6.659545810275072597e+01 7.702954571783263304e+01 7.135864801055892315e+01 5.398814195569966046e+01 7.367018697020579054e+01 9.071315146014489983e+01 9.071315146014491404e+01 1.068734367241103769e+02 1.153938704804316870e+02 1.099432131122486709e+02
9.050829936017868249e+01 9.988952357315055508e+01 8.867241054470161998e+01 8.057177187463388179e+01 7.156650738070013062e+01 5.227649354826646544e+01 6.360182173530817806e+01 4.418950653038847776e+01 4.981381933815831076e+01 5.569296224256223837e+01 6.258165557627893349e+01 7.379205032035122258e+01 9.336230168150267161e+01 8.758037789960830821e+01 1.048923744350729663e+02 1.095202759304808211e+02 9.534157458583879929e+01 7.542339604575722944e+01 6.706047463379529461e+01 5.235528876059060366e+01 6.724405223971676548e+01 8.631347960887632098e+01 8.738974146420284228e+01 9.562646154891535843e+01 1.038840832063038135e+02 9.551819803423911992e+01 9.470046106402007524e+01 7.702954571783263304e+01 5.737288933277275760e+01 5.164376495460567895e+01 7.135864696502132176e+01 6.532881700168950090e+01 7.920701046116450073e+01 9.920644832422338766e+01 1.194619280199977709e+02 1.099432131122486709e+02 8.997751756160621994e+01
8.238976924095426568e+01 9.172295252351410966e+01 7.241332026632494490e+01 6.123356438499044430e+01 5.435056099952549147e+01 4.818746213247976584e+01 4.490893745752178745e+01 4.239171842084909514e+01 6.208580111785602185e+01 7.517557082570378668e+01 8.206341179003318587e+01 9.027770314668387641e+01 9.559091304800951150e+01 7.547857088384338908e+01 9.559091304800951150e+01 9.902335109223072607e+01 9.073075603586644888e+01 7.855298929333420688e+01 5.749719658776965048e+01 5.052047904615149321e+01 6.921284152206818874e+01 7.381205203032521922e+01 6.818802433264609419e+01 8.738972400787780259e+01 9.551821355578201178e+01 7.578966642195223358e+01 8.155585117078338442e+01 7.414815309492145445e+01 6.765519121363189470e+01 5.013139136670644547e+01 6.979999547799897641e+01 8.506471017701778692e+01 8.506471019133542200e+01 1.051782588310720996e+02 1.081638154857039069e+02 9.981294936498852621e+01 9.364129095930522340e+01
