LEM/sinusoidal_perturbations/elevation_000477.asc
nrows	100
cellsize	150.0
xllcorner	0
ncols	100
yllcorner	0
NODATA_value	-9999
[rows 34 to 50 of 100, columns 0 to 36 of 100]
2.064481644892168701e-03 2.000206448164453832e+01 3.235768817388208163e+01 3.991697763406649813e+01 4.820124888152869147e+01 5.624033085582566827e+01 4.849884450997296170e+01 3.880364852954134136e+01 4.113731057949356540e+01 2.376620545797828399e+01 3.949330692014990518e+01 2.119964030826459123e+01 3.026114487645013540e+01 2.087322702750133274e+01 1.423084785447234957e+01 1.139558066921024171e+01 2.951446856392203344e+01 1.311428316317420339e+01 3.263194215461192726e+01 3.036996621742531133e+01 3.900053945467098515e+01 5.268039358991958210e+01 6.278603589918639472e+01 4.273180378977939142e+01 2.852697745080635983e+01 4.860555238311939519e+01 4.890272244651304590e+01 6.826404946824963815e+01 5.449340229660266033e+01 3.692867738302639680e+01 2.702351421758862671e+01 4.651859727595984850e+01 5.798999394632345883e+01 6.509608466683526729e+01 5.674465220178562674e+01 5.285600788393391980e+01 4.453471699124613536e+01
2.905961989428186391e-03 6.033132853544675100e+00 1.235768817388137997e+01 1.991697763406579114e+01 3.405911325779624121e+01 5.405911325779553067e+01 6.341532101624625284e+01 5.553653070824928051e+01 4.056178268769478024e+01 3.284141293204065448e+01 5.068074358953961678e+01 3.724715417568445730e+01 4.491308460333953434e+01 3.617058498677688760e+01 3.213257344578232022e+01 1.507440141509474074e+01 3.540449371912701793e+01 1.610670418165596374e+01 3.588850880273106725e+01 4.721466102003549281e+01 5.554524915070229696e+01 6.567937001125440588e+01 6.530665756056970395e+01 4.526199723344894466e+01 3.105503236793082067e+01 5.113294218542230141e+01 6.370955178103669425e+01 7.625142223065697067e+01 6.287048429316865139e+01 5.243802852298772876e+01 3.365592613007339651e+01 3.047831395298069879e+01 4.987083424829691580e+01 6.144953051384079856e+01 7.527305345196859321e+01 6.061648321262521222e+01 4.058618121844348536e+01
3.542675937824442140e-03 2.000354267593747082e+01 3.235768817388066765e+01 3.991697763406649813e+01 4.820124888152869147e+01 5.788745188724169566e+01 6.617188339386308371e+01 6.988026842913917847e+01 6.137545302670358183e+01 4.493010892820238666e+01 6.225445106321821243e+01 6.334835596772386879e+01 6.089312412666848218e+01 5.305023554533515551e+01 4.043252758778299949e+01 1.948522626841108263e+01 4.041102411402677319e+01 3.592871504814119987e+01 1.989402837579812555e+01 2.667818124757500087e+01 3.701892137310653652e+01 5.755421249684333418e+01 6.694543190662253096e+01 4.734319878859575681e+01 4.914526630381961780e+01 3.487951127033681331e+01 5.442691137362530895e+01 7.590439217954778428e+01 6.427447091712549820e+01 4.489423114616542421e+01 5.308528426840224057e+01 4.987083893777533916e+01 3.401130716626600758e+01 4.762599189326866878e+01 6.572864479400605831e+01 6.891017274507962043e+01 6.061646661471282016e+01
3.411803931810562015e-03 1.155041718772422499e+01 2.569255281145492376e+01 4.569255281145421321e+01 4.783346936593485310e+01 3.788744651253633577e+01 5.462481039032839192e+01 5.771527823446235317e+01 6.599960589846956793e+01 6.572015367904280936e+01 7.420647916249684783e+01 6.294189532565910383e+01 4.501151254618891784e+01 3.442227700345678443e+01 2.632455602043245335e+01 4.043252758778299949e+01 4.838693837409318377e+01 4.321823823976156831e+01 2.279446046326154374e+01 4.321823823976156831e+01 5.554939699945961706e+01 6.568938066333156200e+01 7.502603675920677517e+01 6.605437919631499710e+01 4.667935429807220515e+01 3.768888952008742876e+01 4.817241384533549819e+01 6.778425212649398190e+01 7.247287652387217349e+01 5.600408856838360805e+01 7.165083777842154689e+01 5.213243585196808993e+01 3.861639672745303642e+01 3.833127173514097308e+01 5.185007029975194115e+01 7.134636228563064719e+01 7.628513440406732116e+01
3.327314952832964925e-03 2.000332731495247884e+01 3.868724283879148373e+01 3.040335164712437788e+01 2.783346611271657878e+01 2.634044112773451118e+01 4.169613662373252083e+01 3.771527743301811597e+01 5.445257715566888379e+01 6.339686472482034674e+01 7.494390427152188749e+01 7.072637910979057096e+01 6.089312412803919727e+01 5.088436303770406965e+01 3.178945975474799113e+01 5.088436303770484415e+01 5.846637068999233833e+01 3.795548737649292548e+01 2.590530886850868697e+01 4.662440668774099350e+01 6.119254207056096106e+01 7.271259831470440815e+01 8.195627618091178590e+01 6.271548595504108903e+01 6.082936936997605670e+01 4.079576938574767553e+01 6.082936936997605670e+01 7.607458584713107541e+01 8.383465954959592636e+01 7.557202330451747230e+01 6.516644046848369953e+01 4.583127448612663102e+01 5.784924341831706585e+01 4.150645503551007920e+01 6.064427884191564999e+01 7.374277972943654902e+01 8.220933277073257273e+01
6.779948344387334673e-03 2.000676754948845470e+01 2.593121279627762021e+01 1.040335074085604283e+01 1.369133048696316024e+01 1.761365318972677230e+01 2.169613609436533253e+01 2.616827204936483398e+01 3.511254395936324357e+01 4.665954934254136788e+01 6.665955079322864663e+01 7.431125189254160546e+01 5.535078690367392085e+01 4.215885413635630385e+01 4.053300026061761230e+01 5.875722592244358111e+01 6.654958829368207773e+01 5.288887560921990172e+01 3.210933853134020666e+01 3.226127262694084408e+01 4.449433870838984717e+01 6.470415651112524813e+01 7.738138984876080428e+01 8.195627618091178590e+01 6.435141013279010735e+01 4.436916669824994841e+01 5.153264342761947603e+01 6.564062169737702845e+01 8.566317712664128692e+01 8.505049913582541876e+01 6.516644046848369953e+01 5.181336698519300654e+01 6.864934493314950714e+01 6.047175688930494175e+01 4.617883059035311533e+01 6.009052946298543674e+01 8.169525139613236320e+01
9.516927588586143695e-04 2.949790815856794701e+00 5.931214785856501415e+00 2.593121554843346743e+01 2.523833587076077123e+01 3.761365381547319942e+01 3.583827171747213214e+01 4.616827238795583099e+01 3.559636246518251568e+01 4.559636246503013268e+01 5.973849793508658479e+01 7.973844844666010090e+01 6.884353479926825514e+01 5.291326917125347506e+01 5.128574452302999021e+01 6.721444201221009962e+01 6.453322315174051482e+01 4.434567288490610082e+01 4.434571402874887269e+01 5.303601276244268092e+01 4.006882572208566273e+01 4.947041841827670083e+01 6.372688187827117190e+01 8.315192325538407658e+01 6.797702778756116970e+01 4.805627399672069089e+01 6.797702778756116970e+01 6.564062169737702845e+01 8.566317712664128692e+01 8.288534725007016846e+01 6.291934586199356261e+01 6.549373628970022310e+01 7.888237836364471889e+01 6.871399878735371658e+01 4.967248538289403825e+01 6.918292364832085184e+01 8.082742754265515828e+01
1.945935296826602993e-03 2.000194593529647236e+01 2.593121555146840862e+01 3.421553830689071418e+01 4.523833813258662673e+01 5.352271252668635526e+01 5.583827352697583279e+01 6.388060561030612661e+01 4.973849806421704045e+01 6.388060561035368323e+01 7.388041364518277021e+01 7.864608576440009813e+01 7.983444061862635976e+01 7.181999757102826720e+01 7.018763226564162494e+01 7.826520277176504692e+01 7.253239392379384753e+01 5.624198557805075893e+01 5.881980227156589081e+01 6.805993036550073327e+01 4.805133179965344681e+01 6.049607581697767955e+01 7.738138984890618133e+01 8.174116017432098147e+01 6.183263545555485763e+01 5.191916011236753548e+01 7.178761564934954720e+01 8.566317712664128692e+01 9.396401288185289502e+01 9.127313947054743437e+01 7.432521821205212120e+01 8.551548588185629285e+01 7.501268320946627455e+01 5.549111104481098522e+01 5.918591490102046038e+01 7.774289015034922556e+01 8.082742812402011623e+01
5.600688922766023682e-03 2.000560068892241006e+01 3.214148728419008449e+01 4.544173939312093324e+01 5.372601027574854271e+01 5.139455715316043438e+01 5.139455715316030648e+01 7.139455716982186573e+01 6.973849267003160435e+01 7.058248233512928493e+01 6.227277547608149888e+01 5.859293853707765010e+01 7.864608576440009813e+01 7.827453661238092764e+01 6.966992914134019088e+01 7.827453661238092764e+01 8.377111322433849239e+01 7.590521482310822421e+01 7.841482433702522314e+01 7.606062371304163605e+01 5.980274983308312642e+01 7.606062371304305714e+01 8.803697566648064310e+01 8.174088419492244384e+01 8.005030548397064649e+01 6.183263563902364268e+01 5.893294243540614730e+01 7.875632702891724080e+01 9.729484487239017199e+01 1.029654755790826925e+02 9.457870097567568735e+01 9.341176924103423573e+01 7.374092371631964227e+01 5.985607047351422239e+01 7.299050433718443287e+01 8.715328022204063529e+01 8.919208128127348800e+01
8.215197286175309616e-03 3.857216991883672730e+00 2.385721699188229650e+01 2.544173939468494794e+01 3.874544651193794920e+01 3.139455715229271249e+01 5.139455715316043438e+01 6.125567414853129833e+01 7.280267971349057632e+01 6.227277547608164809e+01 4.220795169005980085e+01 6.227277547608164809e+01 7.730769016383776204e+01 6.804841321970083357e+01 4.934956184612146046e+01 6.804841321967711565e+01 7.333655650359982303e+01 7.923641586232356815e+01 7.749791085953138747e+01 7.968669187224273287e+01 7.936406287730046927e+01 8.733986928892399249e+01 9.840571403544473128e+01 1.017316928741882407e+02 8.174259565967570040e+01 8.174259565967570040e+01 6.639499758827004428e+01 6.947161278724213673e+01 8.339302746417227752e+01 1.030701947505495752e+02 1.030103352825423855e+02 8.363436682663176214e+01 6.962784533582102142e+01 6.672316965449452653e+01 8.649156432029037944e+01 1.002319853282064770e+02 9.040758807935455366e+01
2.613274238814250559e-03 2.000261327423845970e+01 9.630719683779981111e+00 1.389473401089222726e+01 1.874544651161897235e+01 2.541211317828575744e+01 3.297140263847056474e+01 4.451840802226348615e+01 6.451840802408375453e+01 5.517879192541633415e+01 3.513150863335855689e+01 5.517879192541633415e+01 5.797700339372067901e+01 5.797700339372067191e+01 3.934906415412296354e+01 5.950450275038289050e+01 5.328088728872066326e+01 5.915484441855632980e+01 5.745317266129551825e+01 5.964509675388961796e+01 7.968669187224273287e+01 7.005937944102645076e+01 8.425978689344654526e+01 9.323787322810134981e+01 1.017465545122057335e+02 9.443396989159103327e+01 7.524592736075298660e+01 8.915633632781005247e+01 8.853335125817547180e+01 1.070481894991879699e+02 1.046684588485282603e+02 8.569195107772090125e+01 8.363436682663176214e+01 8.075867780337412682e+01 8.075867780337412682e+01 1.003319858292219067e+02 9.882766981886084068e+01
7.532853315450405325e-03 2.000753285331509446e+01 2.963071968380982568e+01 3.389473401113382778e+01 3.874544651193794920e+01 4.541211317876432219e+01 5.297140263923993331e+01 6.125567414715784764e+01 5.917830486248877264e+01 4.913430879126281070e+01 2.912470757761329310e+01 4.913430879126281070e+01 5.797695629378984705e+01 3.824888666104710921e+01 3.228306444844751155e+01 4.789529708823651788e+01 3.914546819445784109e+01 5.262874192021578779e+01 4.331228054539440819e+01 6.332414049910310183e+01 6.697537596907430668e+01 5.589233172470774491e+01 6.484667138096028793e+01 7.902996266074461573e+01 9.912510298550563448e+01 1.032338652934037242e+02 8.931108070695081835e+01 1.032338652934037242e+02 1.023943563138161466e+02 9.435818461028893012e+01 1.031681098949713231e+02 1.046684588485282603e+02 1.030103352825423855e+02 1.003319858292219067e+02 1.003319858292219067e+02 1.082413767992014897e+02 1.074192577779774780e+02
6.101047412966256744e-03 1.414823667114404238e+01 3.414823667114474404e+01 4.319179036685805784e+01 3.490945223679065634e+01 4.319179045136732498e+01 4.180804872536831596e+01 4.458672731308370629e+01 3.987420803950982418e+01 3.086390256407479527e+01 2.381198826764390475e+01 4.378651943172769023e+01 5.071116951075966028e+01 4.230344657631841443e+01 2.561111801774497465e+01 2.789454092786290573e+01 3.020778457046525745e+01 3.263537403777733914e+01 5.262849387936844892e+01 5.912138904775947879e+01 4.695055802083486896e+01 6.697537596907430668e+01 8.425978689344486838e+01 9.323787322809975819e+01 9.346456146198475778e+01 1.018054492541014042e+02 1.090011914962830843e+02 1.043957596816472062e+02 9.147583447632152343e+01 7.193426410840014285e+01 9.143925828533068056e+01 9.299443965484118735e+01 1.012251358665365046e+02 9.981804234131415399e+01 9.155670244280541681e+01 8.896616551169847753e+01 9.722878743542504765e+01
6.842009524227352091e-03 2.000684200952387215e+01 2.244303908467657038e+01 2.367162292222094777e+01 1.490960963367923853e+01 2.628820100970818530e+01 2.180552370971311404e+01 2.585965510723569238e+01 2.121195050348886824e+01 1.677619593201115222e+01 3.672420348805487578e+01 4.674688275577246088e+01 3.997610272850042179e+01 2.265757200568209839e+01 2.766478373406018676e+01 4.765998564720713659e+01 5.020425744680194668e+01 5.262866068775448980e+01 3.637875744000541545e+01 3.912067421996611216e+01 4.328048023099213992e+01 6.329470214860207022e+01 7.407636970359462225e+01 7.925559003018028648e+01 7.337004135575502062e+01 9.346456146198475778e+01 1.081920306739801134e+02 9.089727771460295003e+01 7.475710303829320935e+01 6.134467414563751930e+01 8.251048216174200434e+01 7.283362128426563231e+01 8.965722354457189169e+01 9.155670244280541681e+01 7.157316144051158346e+01 6.897836774045438801e+01 8.569560136175523724e+01
1.934550753332892102e-03 1.221356072452716379e+00 2.443050516015766505e+00 3.671640749683666272e+00 4.909609670864006681e+00 6.283215310350902527e+00 7.663346429035616580e+00 9.056812457618862666e+00 1.046390670236178799e+01 3.046757597741750700e+01 4.076019086408557257e+01 3.240839518364077776e+01 1.997037149778820719e+01 3.997610272850042179e+01 4.765998564720713659e+01 3.550995427298241225e+01 5.550119563051499227e+01 6.468654905483668927e+01 5.050617575930958481e+01 5.912144839264336582e+01 4.666534600562416557e+01 4.944329235478821971e+01 5.402968591762981987e+01 5.919655595897492617e+01 6.815474910931177988e+01 7.973629679597408426e+01 9.984765987372634299e+01 8.273690319190779974e+01 6.377541410166475799e+01 5.407189935461072139e+01 6.966863599164672394e+01 6.110647388577704220e+01 8.135858718649897980e+01 9.120577742757996020e+01 7.742620508796404977e+01 5.737812733733114356e+01 7.742620508248280942e+01
4.364784840791047053e-03 2.000436476216763282e+01 2.244303908314211427e+01 1.781377722549103737e+01 2.490907917532748428e+01 9.222920599001223962e+00 2.766259401224557735e+01 2.905765884256637932e+01 3.046773582003056546e+01 1.258917094513163981e+01 3.259426452497577742e+01 1.734345340857286288e+01 3.735080153441664663e+01 4.826665568025828179e+01 6.379853928686510045e+01 5.550119563051499227e+01 4.492877045679998105e+01 6.492974585208034455e+01 7.054117010548448263e+01 7.224855616004330727e+01 5.220722258734696908e+01 6.947734503116639360e+01 6.819461624223070828e+01 7.337004135575502062e+01 7.925559003018028648e+01 9.657502596438951059e+01 9.390225699504615875e+01 8.555369080918812585e+01 6.828043981908810167e+01 4.795872184422989903e+01 4.939034802988372519e+01 6.250059452968498874e+01 8.273963343396823689e+01 8.293961772955404399e+01 6.292033976675955387e+01 5.129541117092106361e+01 6.427998368974797927e+01
5.219006137575642711e-03 1.414735462987403913e+01 3.414735467975377503e+01 3.781404463316508213e+01 2.555227294064156141e+01 2.922029688788808954e+01 1.381123527639019954e+01 3.380752203921687027e+01 4.082712719699625126e+01 2.672489483425177781e+01 1.475116107614553940e+01 1.769960095470952766e+01 3.770760202956355300e+01 5.031446007700420608e+01 6.031903760861592900e+01 7.323342370189772055e+01 5.906578603109898040e+01 5.906578603109898040e+01 7.908659718110448011e+01 7.829593762548921632e+01 5.823904234045555484e+01 7.829593762548921632e+01 8.827617868055426698e+01 9.346456146198475778e+01 9.936165167087337124e+01 9.986812511192501063e+01 7.962481061685718942e+01 6.522475677559401674e+01 5.752243399171620553e+01 6.249650201108958214e+01 4.228014847579031255e+01 6.250085372966241692e+01 6.895472251157447374e+01 7.728186025792588509e+01 7.965829582411528520e+01 6.427998368974640186e+01 4.418513591981547961e+01
