LEM/sinusoidal_perturbations/elevation_000281.asc
nrows	100
cellsize	150.0
xllcorner	0
ncols	100
yllcorner	0
NODATA_value	-9999
[rows 34 to 50 of 100, columns 37 to 73 of 100]
5.259537555262372166e+01 6.401151840435898066e+01 8.343901660497104444e+01 9.629341304425314263e+01 1.074820858655208582e+02 1.009707925112662821e+02 8.925300259347540077e+01 6.910026822662102575e+01 8.925300259347540077e+01 9.021574938682829270e+01 7.005596493618995169e+01 5.855809901050773192e+01 5.051274988658433784e+01 6.564893592216820650e+01 7.396159577132044660e+01 8.376098784210583403e+01 7.936595157842202752e+01 6.927661742934537870e+01 6.079749978367375718e+01 4.114024634643914879e+01 5.026300140545724560e+01 3.876813716555005129e+01 3.929255401340675746e+01 3.985700775985856126e+01 5.631536563919238603e+01 6.134575848693305034e+01 8.318119771837872634e+01 8.611116731965120152e+01 6.933675211395255644e+01 8.611107165695567289e+01 9.032304089203712749e+01 9.032304089543669079e+01 9.867166505407260502e+01 9.889005397786476692e+01 1.014646141430318380e+02 1.015063694578366977e+02 1.098123423874434792e+02
6.677891476792204628e+01 8.026758066118145507e+01 9.148260466377219302e+01 1.029062330428490526e+02 1.029062330428490526e+02 1.110381799431414009e+02 9.754071250851248465e+01 7.915763767419984731e+01 9.754071250851248465e+01 9.855420137620782839e+01 8.691984506833122737e+01 7.417772681677885771e+01 5.422356327718599545e+01 6.567299611845301399e+01 8.572228005504796045e+01 8.694917682203889342e+01 7.548491970477242319e+01 6.350541904908416768e+01 4.428075302355542675e+01 6.080037631973166867e+01 5.091121296651230210e+01 5.849298220960984196e+01 5.898605694568266955e+01 5.951699986465928305e+01 4.064858609050385496e+01 6.030403237508883763e+01 7.557796662787852426e+01 6.746673109140314750e+01 5.847913497886914769e+01 7.778746604254509123e+01 7.011785268501984092e+01 7.011785268502001145e+01 9.032304089543669079e+01 9.442675632812708386e+01 1.027670331685262539e+02 1.069954708766865394e+02 9.866667964028565052e+01
5.367822480491714288e+01 6.760903512607639243e+01 8.703631734181706747e+01 8.350645605408048766e+01 8.350645605408048766e+01 1.029062330428490526e+02 1.075947499845024566e+02 9.934836751275094002e+01 1.075947499845017603e+02 9.667188529545009601e+01 7.645487370900133328e+01 6.229398008623862637e+01 6.017281324191681335e+01 8.021246542591181594e+01 9.385708134008120851e+01 7.870937510327280506e+01 5.881538999914280197e+01 4.750263508575494598e+01 6.396727227022572748e+01 7.221033148371395782e+01 6.476017760897597952e+01 7.065428613777848454e+01 6.895871527782962573e+01 5.118372214217778549e+01 4.120604254748994322e+01 6.087238464327202792e+01 6.220887370603202982e+01 4.881509425070343156e+01 6.746672371228531517e+01 7.585217354117287414e+01 5.662706961574139086e+01 7.585218091819179165e+01 8.004699309935591600e+01 7.409070014628495926e+01 9.442675632812708386e+01 9.795078270250044739e+01 7.839365552026835360e+01
7.156785047799421307e+01 8.135201164633191695e+01 8.918851918058406625e+01 6.979948905473101206e+01 8.589621695872351381e+01 9.397498181118699279e+01 1.026674561159879460e+02 1.139157357428249355e+02 1.041733993715984781e+02 8.391853260741218890e+01 7.227335202179484952e+01 8.237629930734513550e+01 6.678565930313044419e+01 8.694382773202885062e+01 9.532319440184861037e+01 7.528162784619168235e+01 6.119523827054939602e+01 4.986509589683286237e+01 6.962981870291353914e+01 8.199065197481826317e+01 8.489718979594448456e+01 9.079903041473589553e+01 7.721834175639266107e+01 6.434221422689641656e+01 4.552041930378604917e+01 4.199642730120353917e+01 4.255442866364621324e+01 4.311216149590082125e+01 6.280871197052206156e+01 6.419829544895118545e+01 5.084196786365551191e+01 6.843676289795111245e+01 5.993924453806067731e+01 8.004699309935591600e+01 8.757360949524453986e+01 7.949819866831344939e+01 6.939608970471152816e+01
7.536621263975990814e+01 8.344375310226340048e+01 8.233346183927352513e+01 6.288167677896731078e+01 6.646831765050295360e+01 7.517943881032803688e+01 8.636319017293099876e+01 1.057718915982511589e+02 1.124966687692739100e+02 1.008296935365508489e+02 8.391853260741218890e+01 9.459633252573902951e+01 7.434970763285836881e+01 9.459633248055270371e+01 9.326216569463599626e+01 7.688823401183374529e+01 5.699514701718699428e+01 6.962981870240179205e+01 5.388372250922174089e+01 6.785664319099980446e+01 8.788275445747801484e+01 8.425229167696862476e+01 6.407385619420341527e+01 5.267097801450053396e+01 6.446537035718522191e+01 5.583682705100672194e+01 6.223946623529631239e+01 6.008936648310831430e+01 4.390518559850283964e+01 4.447204662129760067e+01 4.504046671501293986e+01 5.041972854281215177e+01 6.929894939424687550e+01 8.275613356967618017e+01 7.423372558547428923e+01 5.947727761269462832e+01 6.375807658184004367e+01
5.575437737721714626e+01 6.699149736265199806e+01 6.999672147930021993e+01 5.662185392527806727e+01 7.618226730461310581e+01 8.596589038173215158e+01 9.281505776618621439e+01 9.281505776618621439e+01 1.122783735251544499e+02 1.124966687692746063e+02 1.041733993715984781e+02 1.029506139120796604e+02 8.602607757185755588e+01 9.919134402369752479e+01 7.919134163979595087e+01 6.504013276882875516e+01 7.688823401014589365e+01 7.675985366673795340e+01 5.685465717417152831e+01 7.088213088147702479e+01 9.094993173015470234e+01 9.259668756093189756e+01 7.973173719852351837e+01 5.956654921592137697e+01 7.973173697038359364e+01 7.575746808683149425e+01 6.955595476831031476e+01 4.977889236012318719e+01 6.361908163601110289e+01 6.419829553163633307e+01 6.477877109642253117e+01 4.585484705302489772e+01 6.560567950711066487e+01 7.069961984831637380e+01 5.460709485395379659e+01 5.895938482242515732e+01 7.896474434197209291e+01
4.420222253661276568e+01 4.721268376576108494e+01 5.029081010067116608e+01 5.489797704855456573e+01 6.063618729321807166e+01 6.656234320687750028e+01 7.344268695406928771e+01 8.712902716283420546e+01 1.065423499648671992e+02 1.139510480284990308e+02 1.221113721853054130e+02 1.146268168134711658e+02 1.063035185096505586e+02 9.919135529469473056e+01 7.919134165103571377e+01 7.658087174735962321e+01 9.326223458440979641e+01 7.996020579338079415e+01 5.998023460269022422e+01 7.407392392279410842e+01 9.416764234714733561e+01 1.062108993401123342e+02 8.808089037002265798e+01 7.119448126552528322e+01 8.808088591995377215e+01 7.659023858878980207e+01 5.668550143380888784e+01 6.110745962607876436e+01 7.786852332030849766e+01 7.361403956738362808e+01 5.537307023405861628e+01 4.643285038216640004e+01 6.615223287695712884e+01 5.089213287550136045e+01 7.069961984831637380e+01 7.896474434197209291e+01 6.571800849170358561e+01
6.379688479088373754e+01 5.208856051672965748e+01 6.429033236570785448e+01 7.449230733985240249e+01 6.734988112311266661e+01 8.596589038173215158e+01 9.281505776618621439e+01 1.009113612755881206e+02 1.106206291347763084e+02 9.396491494607711559e+01 1.106206291347763084e+02 1.108064073893607713e+02 1.190024773903857493e+02 1.073331574762948435e+02 9.919135559368967847e+01 9.074815522468466611e+01 8.731290760261259720e+01 6.699141475611821761e+01 7.996020579629151825e+01 6.654690554999389462e+01 7.805743553737860907e+01 9.803923521181134504e+01 9.973078936970343022e+01 9.139384576122235160e+01 8.513978249617076699e+01 6.507669098518307749e+01 6.809288556889347888e+01 8.109681435268369398e+01 8.943260533832821579e+01 8.208506460880855116e+01 7.268559563729343154e+01 6.033535965044938365e+01 4.725657142089565355e+01 6.496880291261220464e+01 7.561405507766177436e+01 8.777272444163301657e+01 8.588038108911716506e+01
7.575818647656167570e+01 5.785200400467434179e+01 7.739037142033210159e+01 9.185383983549287734e+01 7.858427656349742563e+01 9.490953017321257335e+01 1.075020795477983313e+02 9.930937260457680793e+01 9.164051036787178361e+01 8.224543899909038203e+01 1.024120487133030792e+02 9.081479983378721954e+01 1.035778935179379801e+02 1.117885367296267702e+02 1.180369334672778763e+02 1.062819902881457779e+02 8.696895392502112543e+01 7.271191245302161121e+01 9.181826107988173646e+01 8.650321529329801251e+01 7.434803717859652750e+01 9.434764070742436104e+01 1.084261942365601072e+02 8.826962531492495145e+01 7.661211440502715675e+01 7.661105299741281272e+01 8.819783867889266560e+01 9.652193416733713605e+01 1.042707021029743402e+02 9.593843739158668882e+01 8.866563612620355173e+01 7.531435037086582440e+01 6.697436719188705467e+01 4.810699085021991550e+01 5.943363225767750890e+01 7.942722904824763930e+01 9.416101121075537606e+01
8.529168825743283833e+01 6.665818560605377741e+01 7.170993713758085164e+01 9.110415290591927828e+01 9.802415358591191819e+01 1.061685985865294981e+02 9.928510026604230632e+01 7.922395032651823499e+01 7.123859865561026083e+01 9.161035303752068160e+01 8.497298763641033759e+01 7.905335402489217245e+01 8.346871204375447917e+01 9.775303399773568458e+01 1.176403483705285566e+02 1.050577007352454331e+02 8.471382837882980255e+01 9.321803373846090324e+01 8.965202851551818242e+01 1.003773098803340673e+02 8.037915962381991619e+01 1.003773098803340673e+02 1.166634918541003429e+02 1.050717443798229169e+02 9.678879374371484801e+01 9.664644221758388198e+01 1.049380743414886297e+02 1.021166931092769659e+02 9.593843739165065188e+01 7.570315284693241153e+01 8.097865952513782872e+01 6.985188865566811955e+01 5.045242023516689756e+01 4.871477441457538049e+01 6.850477987897073717e+01 6.573130869054521952e+01 8.580811694365820586e+01
9.412567090484249377e+01 7.789208132592088418e+01 9.110415290591927828e+01 9.916944164383511406e+01 9.859683719851832961e+01 1.068614363200993864e+02 1.003911456571574092e+02 7.939241648098993664e+01 6.465282885589763850e+01 7.812256249376174821e+01 6.445163004306957077e+01 7.046745516173673707e+01 8.078120975541612836e+01 9.510567345818913054e+01 1.150193392981365434e+02 1.132684769944130068e+02 1.050678963945071587e+02 1.048316787688255260e+02 1.041601971043070876e+02 1.074305604744666311e+02 8.748095517639013963e+01 1.074305604744666311e+02 1.245830825581290924e+02 1.144928390753528333e+02 1.061686979153787576e+02 1.099036141117392873e+02 1.021137535824638292e+02 8.165581981277034629e+01 8.535199597414025163e+01 7.772778568542837263e+01 6.150614099718958983e+01 5.278986898480255263e+01 6.985188832905392076e+01 6.850696656163648868e+01 4.963000621240813359e+01 6.941139965136665069e+01 7.653169000471471861e+01
8.535792635165259412e+01 9.724808751399213236e+01 1.053251910530522935e+02 9.519320122895672398e+01 7.795256466131772299e+01 9.517551540805247612e+01 9.916206755270970064e+01 9.101445741727332006e+01 7.800229246640006409e+01 5.747616389560403150e+01 7.813466671791410079e+01 9.085973044992151415e+01 9.912352610792896712e+01 1.091552720300204129e+02 1.136987090870139525e+02 1.136987090870139525e+02 1.219540156264317829e+02 1.238252954024522836e+02 1.240376210096170269e+02 1.155767702571824458e+02 9.906243585826469200e+01 1.155767702571874480e+02 1.162948398424271375e+02 9.604356419615282903e+01 8.585525060838119771e+01 9.003419439520654066e+01 9.958498772664593446e+01 7.940721764611447497e+01 6.518341992952767328e+01 5.765433333260715898e+01 5.553085897116265102e+01 7.263029935463485742e+01 7.263030477456149470e+01 7.757154132929518653e+01 6.353540060690070845e+01 5.054495870882430353e+01 5.558558612570790558e+01
7.718764407836279418e+01 8.647180736326448880e+01 9.482842040784953497e+01 8.642859681447708908e+01 6.599847406451407039e+01 8.660348963178743986e+01 8.805645662132565121e+01 7.087578624596135057e+01 7.482662771790374734e+01 5.409484538369519413e+01 6.456848080388969890e+01 7.651858803362574690e+01 9.678640313835656173e+01 1.077913009093571048e+02 9.362858619227976931e+01 9.362858619227976931e+01 1.136987090870139525e+02 1.173577654820850569e+02 1.091051431575490795e+02 1.173577654820857532e+02 1.188616312822323096e+02 1.269699756808090285e+02 1.245830825581291492e+02 1.144928390753532881e+02 9.601667881893146728e+01 7.568596082666478253e+01 8.882565789920289490e+01 8.094334027636895712e+01 6.086387841006519039e+01 7.772773406857028533e+01 7.558777910621599005e+01 7.558782030747455849e+01 9.280620503753323192e+01 9.161063109144670591e+01 7.859387282258811069e+01 7.032620410536891598e+01 5.145503628740493696e+01
6.021222809767627382e+01 7.867862491837649941e+01 8.642859681447708908e+01 6.585979111848557466e+01 5.808552545607952311e+01 7.879691162591167597e+01 7.957039351152893403e+01 5.885052983516172986e+01 6.757551590448343859e+01 5.092161860786985983e+01 6.573383890119418993e+01 8.623078812824820716e+01 1.050310470100580034e+02 9.950698908890004191e+01 7.923203131543480993e+01 9.950698908890004191e+01 1.156139419451391177e+02 1.073350500708672399e+02 8.900924534938671684e+01 1.073350500708669273e+02 1.231724962056326405e+02 1.253524543324637506e+02 1.246383153603403429e+02 1.044551331604708793e+02 9.007272598739740488e+01 8.882565789920312227e+01 6.855719089634287400e+01 6.423985270706978667e+01 8.094334027637366091e+01 7.151635955999623206e+01 9.176860563434448181e+01 9.578605247267208256e+01 1.023291710519334856e+02 8.217216096291879524e+01 6.722318050457644745e+01 6.108711981317262740e+01 5.210066008162244344e+01
7.718764407836229680e+01 8.647180736326444617e+01 8.642859654699226724e+01 6.585979111819955278e+01 5.103665455930843109e+01 7.188425482593295612e+01 7.219667295482490488e+01 6.372407825524888381e+01 4.664300573275695427e+01 6.738207868564649061e+01 7.173725616269753402e+01 9.213004713854905958e+01 9.373083386588920973e+01 8.538258974815866509e+01 7.268903210201828813e+01 8.719024737232859934e+01 1.066095270696156376e+02 9.833432359738998230e+01 7.878115282095949112e+01 9.905719425346686080e+01 1.031995437607574502e+02 1.053854775905491579e+02 1.253524543324637506e+02 1.186842090294097005e+02 1.090887718196750882e+02 8.882565775284055576e+01 8.738626622788251552e+01 6.714142841238789572e+01 8.738626622788251552e+01 9.176863014542477970e+01 8.583119213072775722e+01 1.061029157416981690e+02 1.023291299212137631e+02 8.217216090783028903e+01 7.692970625689682151e+01 5.538233827358271100e+01 5.274406638951324311e+01
8.701893840034810523e+01 9.323783327544889232e+01 7.278938075249918427e+01 5.807502461687892747e+01 4.586952642341262987e+01 6.050425442972169066e+01 5.998307146332306417e+01 4.271472658910095532e+01 6.372407825524888381e+01 7.394161917765579517e+01 8.268496767710462336e+01 8.709986757612480801e+01 7.871324349442841140e+01 6.482624585045918764e+01 8.538258974815866509e+01 1.014052540893820122e+02 9.494718781529030593e+01 7.802883965154775581e+01 7.145032442265178929e+01 9.188893176937524743e+01 8.894995810617309928e+01 1.090494860915449777e+02 1.248261824448613595e+02 1.207052505952888737e+02 1.090461090484272262e+02 9.204644479139045643e+01 7.173320132872029831e+01 8.738623328615753394e+01 8.144040894081547322e+01 1.017408112902432435e+02 1.061029157416981690e+02 1.144114751191910528e+02 1.106464323263828788e+02 1.023291299212137631e+02 8.537832876308894470e+01 7.689459761412679484e+01 7.236157876521376409e+01
8.995592414301307826e+01 8.522295320027626531e+01 7.681901493285771210e+01 7.528161049995371457e+01 6.050384319573407765e+01 3.948771331402312512e+01 3.897007509501683842e+01 5.935584944620480030e+01 6.090423471124959320e+01 5.369027041308635972e+01 7.069645810409242870e+01 7.871324349442537027e+01 5.804379564513921963e+01 7.871324349442537027e+01 9.373083386588911026e+01 9.020252578265370857e+01 8.183435774513141325e+01 6.606366311178757655e+01 8.661167931875208126e+01 7.801380208942268268e+01 8.487061323266107138e+01 9.656787675204463994e+01 1.165739733351567224e+02 1.124176768204506942e+02 9.214630296661798070e+01 8.038678974178539249e+01 9.204644479139045643e+01 7.758322916794504920e+01 9.197973882863226436e+01 1.017407953393970246e+02 1.219045211900575651e+02 1.101722605839296989e+02 1.000334645890424952e+02 9.166480024501345270e+01 8.398895868244672158e+01 8.011454564259723554e+01 7.435326580376519701e+01
