LEM/sinusoidal_perturbations/elevation_000726.asc
nrows	100
cellsize	150.0
xllcorner	0
ncols	100
yllcorner	0
NODATA_value	-9999
[rows 68 to 84 of 100, columns 37 to 73 of 100]
6.069793052202980022e+01 4.822969566902359162e+01 5.797464237692891231e+01 7.481332606376199124e+01 8.608361682885796995e+01 8.720844885245065825e+01 7.741102023498091000e+01 6.350264508027660781e+01 4.399132848012931873e+01 5.837870026394960377e+01 6.240666652367945488e+01 5.429563762552604800e+01 3.553181482951657699e+01 4.320288170794859184e+01 6.030780248428187207e+01 7.588052952378477300e+01 8.434553918130521311e+01 6.470371263046318688e+01 5.079784127862389909e+01 6.059299676021763759e+01 4.178147370955735340e+01 6.151855979850699896e+01 4.363148003504562666e+01 4.429775245639246606e+01 6.270733413791635513e+01 4.787636805569993470e+01 6.734747842710763166e+01 6.752946343540703822e+01 7.409715821200511243e+01 6.407975524535737577e+01 7.735604285234548172e+01 9.662408719551601166e+01 8.787095512262439456e+01 6.843801442298391180e+01 8.784599553093860891e+01 8.599822175912051136e+01 7.855264770524041751e+01
7.570531895361884267e+01 6.761280125205578884e+01 7.581501373337925997e+01 8.568497208856720704e+01 9.290350976363741609e+01 7.323134571610337673e+01 5.949713599803433794e+01 4.977133818146682387e+01 6.350264508027660781e+01 7.163456316612440844e+01 6.479702979736762813e+01 4.415885742156432059e+01 3.610005811268559484e+01 4.126086412223899202e+01 4.961294322397260004e+01 6.760198468905721825e+01 8.646605806105755221e+01 6.684816062883720633e+01 6.470571152352263766e+01 6.827983836942865992e+01 5.173012899086733540e+01 4.269627804884148503e+01 5.911652425519987020e+01 6.391946540789167841e+01 4.525334584766216750e+01 6.065417860397358396e+01 4.735988767513466513e+01 6.059524094270167893e+01 5.526219467162505339e+01 6.979637566771225465e+01 7.057535021982593548e+01 7.888559519828919520e+01 8.200619430231931517e+01 6.285406407040315457e+01 7.452279627450349153e+01 7.393769112436120849e+01 5.954799608223981267e+01
7.373877718840347484e+01 7.483019482923204180e+01 7.483019482923204180e+01 9.551298233884364208e+01 8.766775837302709817e+01 6.807123069566495133e+01 5.688617214343283734e+01 6.924516258152310400e+01 7.741102023498118001e+01 7.673847288853154680e+01 5.749929920846869891e+01 5.657736280233032033e+01 3.667686907081258596e+01 5.551699203264050198e+01 5.057179796451386267e+01 6.303304666481510310e+01 8.264227484668148804e+01 8.646605806105755221e+01 8.436668590946185020e+01 7.886523019434348214e+01 6.669165335682541240e+01 4.743393398107188119e+01 5.188073604782375270e+01 6.991446385861949864e+01 6.516819610638310678e+01 4.629870998048592412e+01 5.976002720303512206e+01 4.843624263850477263e+01 4.923002014523721925e+01 5.003625373878341520e+01 5.084727719472738272e+01 7.034238551437221076e+01 7.584221473874426067e+01 7.109087722148051114e+01 5.551112351929096889e+01 5.633976084244625326e+01 7.531132901115806533e+01
6.326960267640932045e+01 5.480666185496097143e+01 6.881795492976000617e+01 8.934502593477814969e+01 9.592729290885579019e+01 8.223661635246811841e+01 6.272518280923615208e+01 8.223661635246811841e+01 9.119500951111183440e+01 7.315863434328274195e+01 7.216408541357806428e+01 5.712010062752752049e+01 3.725542245950369136e+01 5.710226916513590112e+01 6.828683658887804597e+01 7.687110524260280897e+01 8.269460861839402810e+01 9.133774482341122791e+01 8.549993497206610016e+01 6.588007108061253803e+01 5.472103608043765632e+01 6.713271741416838267e+01 6.459612737645993263e+01 6.315946349231204238e+01 7.615361953840418607e+01 6.865630784430602773e+01 6.955157169131474859e+01 5.142882628443577886e+01 6.837825973614950215e+01 6.827982814888305541e+01 7.009968599521329224e+01 5.199753741821281494e+01 6.498452129874016236e+01 5.433709570349098783e+01 7.341457318941097299e+01 7.531506051370553223e+01 5.756458218522501369e+01
4.348363780051967353e+01 5.328500992749588505e+01 6.725860797993220785e+01 8.772882189237158457e+01 9.836277098942426278e+01 7.861234525081124502e+01 7.240297921999993491e+01 9.047039806802392548e+01 9.869033840580492267e+01 8.102734490871422679e+01 5.894049037105912703e+01 4.574731866350663978e+01 3.783403316805128469e+01 5.754909201060679891e+01 6.595753655367236945e+01 6.802870122466698888e+01 6.195388347767740100e+01 8.269460861839402810e+01 9.382599914657197360e+01 8.004384125897968261e+01 6.057047483026741475e+01 8.004384125897968261e+01 8.278091977504145405e+01 7.308274607205767381e+01 8.883718908438765993e+01 7.513645918741848106e+01 5.569312643472743218e+01 7.096921296869943774e+01 7.866111623988852841e+01 8.182277463704328113e+01 6.624927149187062980e+01 5.845477610943788704e+01 5.314544333311840063e+01 7.264737223197720084e+01 8.144836120373503263e+01 8.459677839662127496e+01 7.640920049276483894e+01
6.326960260604511888e+01 7.175594427443188295e+01 8.185801977718789146e+01 8.668404552774394745e+01 9.516956305356119117e+01 9.836277098942426278e+01 8.625343946995489830e+01 1.003517975525846850e+02 9.260968069142303705e+01 8.474832213957974147e+01 7.158078790153072646e+01 6.283416428035417312e+01 5.706340840401570347e+01 3.865287714919646334e+01 5.086038100571453668e+01 4.766504304285130189e+01 5.663458241416147132e+01 6.839311114815615156e+01 8.934101274588132924e+01 8.700122642095382730e+01 6.732276951151933986e+01 8.700122642095382730e+01 9.972024829959782721e+01 9.148123177169976827e+01 8.353438634851902123e+01 6.383869205923759438e+01 5.915544997228882096e+01 7.866980575515468388e+01 9.182202753231754855e+01 8.674123710810519583e+01 7.862854241983947645e+01 5.843366162056797464e+01 7.323789260805710910e+01 5.783414698585140457e+01 7.807263839011407924e+01 9.163809309219243460e+01 8.578752908891316054e+01
5.931391628866455079e+01 6.427596174060275303e+01 6.988046803450518496e+01 6.610395207958447372e+01 8.573929619995240614e+01 9.593512936126138868e+01 1.061132847697057571e+02 9.804619132236499013e+01 7.924016437340692676e+01 6.584933818128310179e+01 6.725946037158041690e+01 4.782432328670694233e+01 4.391895852644739051e+01 5.698703224091256914e+01 3.948125075584295729e+01 5.968898128068829578e+01 7.455384245284054145e+01 8.590048818644194739e+01 9.797873010560864770e+01 9.534167179160880323e+01 7.857342374907146620e+01 9.534167179160880323e+01 1.079006150935028074e+02 8.762527397904291604e+01 7.350498879644025862e+01 8.353438634851902123e+01 6.631436025158770065e+01 6.484651913202088735e+01 8.473487856431002285e+01 9.767976415430368320e+01 8.302008634516319319e+01 6.227554763147389139e+01 8.302008634516319319e+01 7.807263839011415030e+01 6.262538681291125187e+01 8.322223401217793537e+01 9.732219996184298338e+01
3.953780746834632964e+01 4.381692443660643477e+01 4.891032592924808142e+01 5.633558769203387584e+01 6.709695828842833976e+01 8.747985910941717691e+01 1.039080340214784002e+02 9.448069544135307751e+01 8.662367467627058204e+01 7.279555518533938141e+01 5.361796044077745904e+01 6.725946008702945278e+01 6.379620527239088545e+01 5.989522682786834906e+01 4.006984024085539886e+01 5.491857204752221833e+01 6.845559401901931551e+01 7.858115501513856316e+01 8.705956813304142372e+01 9.738363000269863790e+01 9.851381896882737976e+01 1.069100517162823820e+02 1.101254971629736445e+02 8.984162378342067257e+01 8.762527397904291604e+01 9.459250422476186770e+01 7.501594945631268274e+01 8.473487856431002285e+01 7.126382468420793259e+01 9.156731049161983549e+01 8.761210515232197338e+01 6.656829293323650631e+01 8.761225248364954155e+01 9.168008059338005467e+01 8.322223401217793537e+01 6.800491269050878884e+01 8.266554502023120676e+01
5.931391628891549317e+01 6.427596174060275303e+01 6.988046803450518496e+01 7.728840869892270860e+01 8.573929619995240614e+01 9.593512936126138868e+01 9.600385548525515844e+01 7.724349386728597722e+01 6.778109397948432502e+01 6.100167142320744063e+01 6.726304531721757485e+01 8.064190741360121706e+01 6.991341610129614992e+01 5.043100596733153651e+01 4.065907051189579136e+01 6.018061998502312093e+01 5.040216922377433661e+01 5.748667030845152937e+01 6.818277337312245834e+01 8.301831450107455623e+01 1.033712000350798377e+02 1.047145226026192830e+02 1.130052525232791396e+02 1.101254971629736445e+02 1.079006150935028074e+02 1.036461771776260861e+02 8.661060074139483334e+01 9.685816304220300310e+01 7.636688376327616368e+01 9.685809272151746541e+01 9.259063937514675047e+01 7.146821834663933259e+01 9.259092981538293543e+01 1.090664247447373469e+02 9.331114655007853287e+01 7.229258903617129306e+01 9.331114654967446143e+01
7.157350656971497926e+01 7.993456798683564557e+01 8.350033135828032016e+01 8.796995766021932184e+01 8.796995774509007049e+01 9.628627671667459254e+01 1.039080340214784002e+02 9.448069544135307751e+01 7.996181638339439246e+01 7.201135464078815573e+01 8.615221554212482147e+01 7.906204521823680409e+01 7.123291954756716393e+01 6.447677770924370577e+01 5.543597746685522054e+01 4.149780755019008183e+01 6.440907692248936200e+01 7.858115501513856316e+01 8.705956372826790357e+01 8.874682068869726947e+01 9.683544611700519056e+01 8.511809699738074642e+01 1.016203689539333794e+02 1.098631609642962133e+02 1.178981765329121174e+02 1.153989864134619552e+02 1.069498926614083132e+02 1.027967404219469074e+02 8.222491756981344224e+01 1.027967100762840715e+02 1.009888397930217252e+02 9.259092981538293543e+01 7.994785136144736271e+01 1.007503353295985846e+02 9.982725556990310167e+01 7.942912106432702046e+01 8.137672465832206115e+01
5.094355667892094885e+01 6.495722750172686233e+01 6.336906117768173630e+01 6.798118097410170435e+01 6.798118097411011718e+01 8.796995774806823931e+01 1.036667759655473446e+02 1.067428348182645408e+02 9.870234712679069844e+01 9.082234909560500569e+01 8.357661686538469326e+01 7.138912819713350189e+01 5.380502220900914523e+01 6.625233188595352374e+01 5.782477987623971671e+01 4.209763614930643172e+01 6.535598276995298761e+01 7.012873707370705745e+01 7.305353036298572533e+01 6.945580156565263508e+01 8.220965448569195644e+01 7.401737163712135725e+01 9.340052100428027870e+01 9.064415073914607035e+01 1.060467417461206026e+02 1.140612454736947257e+02 1.236794390717861631e+02 1.096444980519043213e+02 8.910122516203203702e+01 1.096444980519043213e+02 1.149931270810475326e+02 9.485077782009275893e+01 8.953042416672883519e+01 1.090664247447373469e+02 1.066867072895490622e+02 8.796292759479747758e+01 8.877992623477931033e+01
5.472922115534004917e+01 4.409774954458406881e+01 4.860423018963018649e+01 5.339637757585112610e+01 6.382077408924887152e+01 7.545511935231877487e+01 9.531937627201412511e+01 1.078882416692390507e+02 9.671213806593900131e+01 8.833780239156591563e+01 7.579789266556474558e+01 5.844056951844718384e+01 6.725988143803827768e+01 4.910453658377257824e+01 4.588674973160083681e+01 4.270332990734756606e+01 6.362728466045830800e+01 5.060599862542352412e+01 5.365111317009173320e+01 7.250259487881272946e+01 6.300456489720392028e+01 8.220965449940834446e+01 9.173029368754198742e+01 7.949608138138955837e+01 8.678651484988728271e+01 9.647507940788416647e+01 1.156184040843568965e+02 1.181147628103522180e+02 9.942375754383040487e+01 1.181147628103522180e+02 1.232820716693819776e+02 1.149931270810475326e+02 1.014231485605477303e+02 1.181013423863907690e+02 1.146202094185655938e+02 9.771351257289893510e+01 9.718725152416587321e+01
3.847717402209610782e+01 5.957133408020698795e+01 5.748837793081982284e+01 7.383575814071247123e+01 6.382077408924887152e+01 7.545511935231877487e+01 9.531937627201412511e+01 9.970050309658000742e+01 8.051249052867342471e+01 7.002975139812821226e+01 6.305249551324934032e+01 7.579789174240085003e+01 7.495749236964313411e+01 6.135846347989496508e+01 5.492996773734564186e+01 4.332870013834497058e+01 4.632440442792326962e+01 6.603596969774444858e+01 7.305322548184804532e+01 5.823938519454797813e+01 7.698215869812483447e+01 6.850683191548581874e+01 7.254416119832600884e+01 9.173029368754198742e+01 9.314059938711429254e+01 1.123505383298007416e+02 1.236794390717861631e+02 1.283372130319419000e+02 1.198652385599784367e+02 1.283372130319419000e+02 1.269078770649311565e+02 1.186594405373408563e+02 1.213079017321051793e+02 1.296075940924695828e+02 1.238667889605385142e+02 1.106420786536133818e+02 1.078135768199079649e+02
4.799272845516343011e+01 6.662778401281128993e+01 6.935170287928221455e+01 8.612125487529610268e+01 7.545511935231877487e+01 9.214941538204317339e+01 1.036667759655473446e+02 1.040082754449296374e+02 8.696215240025702542e+01 6.886513570726091871e+01 7.277324281770192727e+01 8.846779318198278474e+01 8.515783963901095888e+01 7.249560358062106502e+01 6.871889211665335040e+01 4.910206771958115723e+01 4.425850315842953364e+01 5.764291019109769820e+01 7.193554553077970581e+01 7.791876033561698023e+01 8.524469285499107229e+01 8.760510106748455428e+01 8.359325350871661442e+01 9.972921532617043283e+01 1.123505383298007416e+02 1.204029348015839105e+02 1.170773309792642323e+02 1.254013404515727927e+02 1.225104695402133359e+02 1.142816021074865631e+02 1.155390479292957622e+02 9.906005261376921567e+01 1.132503948331786887e+02 1.201659688278476636e+02 1.284215564473323923e+02 1.290524043854821343e+02 1.269323605945886158e+02
6.178191449076312836e+01 7.538975496108383823e+01 8.936263801771985982e+01 9.769053439555976581e+01 9.531937627201412511e+01 1.036667759655473446e+02 1.070538409663047617e+02 8.765832420609524434e+01 7.698948613216036563e+01 7.654713207899644090e+01 9.120611382932108313e+01 9.929543128187330581e+01 9.685021287691377267e+01 7.800277281137215368e+01 5.833996142733210633e+01 6.888390433633331611e+01 6.417846185127183389e+01 4.520386555930077321e+01 5.956847713528205901e+01 8.001320127824713779e+01 8.294940639971419216e+01 9.141527136376424778e+01 1.027916760007063033e+02 1.107766073727397185e+02 1.112531353107493857e+02 1.029547105682561892e+02 9.710492965755520345e+01 1.170773309779977609e+02 1.142816021081819713e+02 9.465215368262761331e+01 1.004014860161157827e+02 8.770810131355351302e+01 9.366019932084898869e+01 1.006057717581364983e+02 1.118451692677278544e+02 1.315323924067698727e+02 1.406118907808705671e+02
8.069693510428959371e+01 8.537464458328253158e+01 9.365204649961521000e+01 9.442697374716604486e+01 1.027520533040474220e+02 1.122048128684444066e+02 1.152880732636026124e+02 1.040082754449296374e+02 8.765832420609524434e+01 8.719525475394841862e+01 1.035369385444399057e+02 1.005019821719245527e+02 8.085623772554275490e+01 6.937128143154993154e+01 7.800179653041556094e+01 7.129388794044331235e+01 5.301587137428433749e+01 4.587870258239939858e+01 6.497446144231807352e+01 7.078623455370340878e+01 6.425520496534086590e+01 7.719275120497417220e+01 9.707845390491426940e+01 1.148982635041436993e+02 1.029547105681338479e+02 8.304640773888806393e+01 1.029547105681978252e+02 1.176773106596570386e+02 1.094408625029515889e+02 1.004014860203810855e+02 8.080274309167326408e+01 1.004014860242991460e+02 1.132503948331786887e+02 1.201659688278476636e+02 1.284215564473323923e+02 1.398575719570224010e+02 1.306569808688107059e+02
8.226301547839123884e+01 6.575361279947468063e+01 7.830963485193134943e+01 7.468734559510332360e+01 8.396409482739659325e+01 9.972226657724024790e+01 1.096953761420590467e+02 1.152880732636026124e+02 1.070538409663047617e+02 1.065796893950405888e+02 1.148110326674612054e+02 1.088333018372949681e+02 9.741171324152305999e+01 8.915950632737539649e+01 8.499539293755556457e+01 6.562072805222464922e+01 7.127887403657939558e+01 6.568525114668062770e+01 4.684026156610647007e+01 5.344114871582675619e+01 7.138658339527806618e+01 8.771616302682804189e+01 1.027517451282458154e+02 1.065929292997966940e+02 8.670903171829313294e+01 7.654882376740606276e+01 9.631860962506571866e+01 1.094408625031195186e+02 8.979040952425654609e+01 9.554589394836183658e+01 7.697700636940659535e+01 9.640090937552957939e+01 1.042552060796586773e+02 1.114581069569032081e+02 1.194801793650783281e+02 1.303089890582759267e+02 1.223884280546297987e+02
