LEM/sinusoidal_perturbations/elevation_000896.asc
nrows	100
cellsize	150.0
xllcorner	0
ncols	100
yllcorner	0
NODATA_value	-9999
[rows 0 to 16 of 100, columns 37 to 73 of 100]
9.680835002632652220e+01 9.322381839272060233e+01 8.491543713387845571e+01 9.041758296552453089e+01 8.453660582558258341e+01 9.041758296552453089e+01 9.352636184615127490e+01 8.536475580801982233e+01 9.358792220496232517e+01 1.019695736544287712e+02 1.001796088629808992e+02 9.200261885104275450e+01 9.200261885104275450e+01 1.001796088629808992e+02 1.115376100334419931e+02 1.170313489823280833e+02 1.087929661756268445e+02 1.124212962572106136e+02 1.124515365682723171e+02 1.207442594758317398e+02 1.244577425574434244e+02 1.244582413866890676e+02 1.327688062471429191e+02 1.437465830967095997e+02 1.356256412176911681e+02 1.437465830967095997e+02 1.403593829789452627e+02 1.346087143839216367e+02 1.345415007870092836e+02 1.264032456491041643e+02 1.345415007870092836e+02 1.331283049642671870e+02 1.232478049011879051e+02 1.150835396115733573e+02 1.159312354650085553e+02 1.240937445325629938e+02 1.233587985700763738e+02
8.165170608465437851e+01 8.164875336813295803e+01 6.487081534294496521e+01 7.035655341009878327e+01 6.448298338444405431e+01 7.035655341009878327e+01 8.350003083855717989e+01 6.570138198230971227e+01 8.370908770760982520e+01 8.050870304955769541e+01 8.884212583166751642e+01 7.240856046880057306e+01 7.240856046880057306e+01 8.371630266787821029e+01 1.033219372610355151e+02 1.056710083966748357e+02 8.920431124324696270e+01 9.276623641628887640e+01 9.276802006840341619e+01 1.124340956023930431e+02 1.045162334519061602e+02 1.045162573713489138e+02 1.244582413866890676e+02 1.339020710522851232e+02 1.159020982003688118e+02 1.339020710522851232e+02 1.206525308118988136e+02 1.148716902973984162e+02 1.246660858736586022e+02 1.066096093779646878e+02 1.246660858736586022e+02 1.249850486433495149e+02 1.051820305797970860e+02 9.522608737365835907e+01 9.607855476535831940e+01 1.093511869140832289e+02 1.035490441897153175e+02
6.160853777835531275e+01 7.334266934707868302e+01 5.330728023866462451e+01 6.177523205201693912e+01 5.031517983963918539e+01 7.035328580094991935e+01 7.550907985209191509e+01 5.570915994798259874e+01 7.548980519215676566e+01 6.425721720571303308e+01 7.269676246680663212e+01 6.111066988635938912e+01 8.068998396953796259e+01 9.021268791796811115e+01 9.252369894170441000e+01 9.518735883443422097e+01 7.796514698599405335e+01 7.899291611777863409e+01 9.852307015906743004e+01 1.101022915141295897e+02 9.069800323662821029e+01 1.033338743790128831e+02 1.230694000602678670e+02 1.257638697090298479e+02 1.059648258668262315e+02 1.257638697090298479e+02 1.200382163349781308e+02 1.008179790338783306e+02 1.081080588144813674e+02 9.664230059377557325e+01 1.165064275135330405e+02 1.331283049642671870e+02 1.183751678678200818e+02 1.044692849189297306e+02 8.454083885258945941e+01 8.945539362673389405e+01 1.093511869140832289e+02
4.746479865513406082e+01 5.991437146179437434e+01 6.177523160096519916e+01 4.180577671756798708e+01 4.327950566148260947e+01 5.813743768815296420e+01 6.540811511637727449e+01 4.899173334149107717e+01 6.426859593495396439e+01 5.320394258463296211e+01 5.320372818074497445e+01 7.269676246609408565e+01 7.405952226182384379e+01 7.058287560003826400e+01 7.292111574412469110e+01 7.561353319505317927e+01 6.915864863783160388e+01 8.789102555443732001e+01 9.145573012563049531e+01 9.570198867755652827e+01 8.387251345626957288e+01 9.757328172172226743e+01 1.172411752995506049e+02 1.191641884282954038e+02 9.931623515250063861e+01 1.107009927151111413e+02 1.001994055458455364e+02 1.017641015148268480e+02 8.820123205617544215e+01 8.958370664502037073e+01 1.094833980898780226e+02 1.261771999953743659e+02 1.102002601919691216e+02 9.030969680897383967e+01 7.869743445275575766e+01 9.871643806846350344e+01 1.090971519688349503e+02
5.991437146179437434e+01 3.997256580356754085e+01 5.307438572410877242e+01 3.524532813674716891e+01 3.670712250712895042e+01 3.821706290983905063e+01 5.699657967437097028e+01 4.268087223010573439e+01 4.436860152606060126e+01 4.608083893210308446e+01 6.600779862111981799e+01 7.088042955384071320e+01 5.420830533454387989e+01 5.652068718396186142e+01 5.889188989983436784e+01 6.162332173414055347e+01 6.491625099543014699e+01 6.829454244588950473e+01 7.192935680994773406e+01 7.624081173693411984e+01 8.418167007098335830e+01 9.788581825465557529e+01 1.175653950630405120e+02 1.221473514807487959e+02 1.023216765370029435e+02 9.079904518209210096e+01 8.609475422045227333e+01 8.184289433642548772e+01 8.066102252661202954e+01 1.005839855294923666e+02 9.817469145846521883e+01 1.180179316384989079e+02 1.087131141830045493e+02 8.879669067995092746e+01 7.450040310555552026e+01 8.915147301760472942e+01 8.915147301760472942e+01
4.981743183600940483e+01 5.113328615423512957e+01 3.323143537801632874e+01 5.307438857273850630e+01 5.660606488795119162e+01 5.814341394831934906e+01 4.039101832208141474e+01 6.039691836486273502e+01 6.427012817366770037e+01 6.600787320418830006e+01 4.874850279461757907e+01 5.097997859879087912e+01 7.088044141559463185e+01 7.633231344623939663e+01 7.866257938517757964e+01 6.644562184252025361e+01 8.457886066050832596e+01 7.964608893622460073e+01 9.145573012563049531e+01 8.321486726765445496e+01 1.027129581387269610e+02 1.000333254568441390e+02 1.197414454057238800e+02 1.302944125431876330e+02 1.188745908892695553e+02 1.107009927151111413e+02 1.060100586953055455e+02 9.018884140118549908e+01 7.605991594450033233e+01 8.188953996030123506e+01 1.000678798998820582e+02 1.021665291962201678e+02 1.103595118009356355e+02 1.007142311110894610e+02 8.068694661753939101e+01 6.883618189656323239e+01 8.429518958663945227e+01
2.999285686869184175e+01 3.130808142533902227e+01 3.675446196926989728e+01 5.665226338256761096e+01 7.389932244101674996e+01 6.927442964137844683e+01 5.456389814840670027e+01 4.928570573344761385e+01 6.978669906692083202e+01 7.683924569794722004e+01 6.867009564350607320e+01 5.412486562896825149e+01 6.565756577256841808e+01 8.520791900941927111e+01 9.150456621975014571e+01 7.195465800673110834e+01 9.152545387449011116e+01 9.915381842751165209e+01 1.073409873818563796e+02 9.441595642919288878e+01 1.109155309880442957e+02 1.197414454057238800e+02 1.267753633649516161e+02 1.350975480858116384e+02 1.358366450534853414e+02 1.277178988937385213e+02 1.182508249678193835e+02 1.033531077248524781e+02 8.343393314412587358e+01 7.180606748059494748e+01 8.806429682429762806e+01 8.222296091611137570e+01 1.021665291962202105e+02 1.089125456517737547e+02 9.738949310091489053e+01 7.840639653526027075e+01 6.381022449372989769e+01
4.797906720440642658e+01 4.269988277213985128e+01 5.664826041408508672e+01 4.559924126056358773e+01 5.972447107667715471e+01 7.976547805395460955e+01 7.523517897579628766e+01 5.638235898025126147e+01 7.714393456427717410e+01 8.790933380362247362e+01 6.821654510483371325e+01 5.862250273194606365e+01 7.839656272563463801e+01 9.323415416170229264e+01 9.961809390754312687e+01 8.578292299990256708e+01 8.242102142900989747e+01 9.365175469548920262e+01 1.133574469802734797e+02 1.140468732491953574e+02 1.222985536285527672e+02 1.234366398493529715e+02 1.065342729690700878e+02 1.234366398493529715e+02 1.277178988937385213e+02 1.081077140559370520e+02 1.138514042146075838e+02 1.115436056459703593e+02 1.000678799015882845e+02 8.806429682429835282e+01 6.783426862627182174e+01 8.446037490576668461e+01 9.270739911884525952e+01 1.038752002901638605e+02 1.067198086892666566e+02 9.255425117384896794e+01 7.971254173371198704e+01
4.670927596655161551e+01 6.261157207284944093e+01 7.082707470505737035e+01 5.972447107667715471e+01 5.972447107667715471e+01 7.976547805395460955e+01 8.593583857079009647e+01 6.657755185148388932e+01 8.593583857079009647e+01 8.790933380404153752e+01 8.660353561708436132e+01 7.010578449935718481e+01 6.617499786133554096e+01 8.584175826236949547e+01 1.033430754942472447e+02 1.053891497942656343e+02 9.619529542033239977e+01 1.102353836228040791e+02 1.216763951993829806e+02 1.266438367688384545e+02 1.183089137653293221e+02 1.150891643761978429e+02 9.477415120699858164e+01 1.150891643761978429e+02 1.277178988937385213e+02 1.081077140559370520e+02 9.411587221930466285e+01 1.045479852118056669e+02 9.924886225980297638e+01 9.417283250074778778e+01 8.413074129234938425e+01 6.389825775039852118e+01 7.553247671518700201e+01 8.970383850302768280e+01 1.006199368724929997e+02 9.237663963010419366e+01 7.856090795759054402e+01
3.961211320650080836e+01 5.953081074821513141e+01 7.718405801966250124e+01 7.976547805395460955e+01 7.976547805395460955e+01 8.807417394308561143e+01 9.652323713719088971e+01 8.771945432281708577e+01 9.652323713719090392e+01 1.076778381557242312e+02 9.798530032462269901e+01 8.974983602508993386e+01 7.755715691533319500e+01 7.548715855942741371e+01 8.676759753975038336e+01 1.064281399784905915e+02 1.159467421700692285e+02 1.181637841616614679e+02 1.264957480272605181e+02 1.149614565674795443e+02 9.802796629049875321e+01 1.079067225902804381e+02 8.758753354733566709e+01 1.079067225902804381e+02 1.210672341202537581e+02 1.219721795547113175e+02 1.045479852118056669e+02 8.472048267502134422e+01 7.937775900140938745e+01 7.432713239339952338e+01 7.000932414665977888e+01 8.142865612969302447e+01 6.041852647772476104e+01 7.842720903655471432e+01 8.674557525705266414e+01 7.209396211467498006e+01 7.581577700650149154e+01
4.727997289735061770e+01 5.771707680373344829e+01 5.700987164976352517e+01 6.902609456938677113e+01 7.616497937143479646e+01 7.616497937143481067e+01 9.619662375918140640e+01 1.002551206601859377e+02 9.197239419103223668e+01 9.455348393573251542e+01 1.028441516644731024e+02 1.054384284788354762e+02 9.715873416264793150e+01 8.676759565311033384e+01 1.033430754942472447e+02 1.147881013533803980e+02 1.147602720152578826e+02 9.774981990918199415e+01 1.147602720152578826e+02 1.058971672210870736e+02 8.629765685554291110e+01 1.017802565812124271e+02 8.149580541461995153e+01 9.243259032002475806e+01 1.127143472419861183e+02 1.256758476825214643e+02 1.126867437762423663e+02 1.045479852118056669e+02 9.065907272906709125e+01 8.849474224497652131e+01 9.036031597166001461e+01 8.970383850313017149e+01 7.842720903655471432e+01 5.709451910524845886e+01 7.552419763807093034e+01 7.423230798704472022e+01 5.514032122405714631e+01
3.357903274573894947e+01 3.781469809285134431e+01 4.277274475289436140e+01 4.877033754189020698e+01 5.597316395688356749e+01 7.029678130906974332e+01 9.033206272028805017e+01 8.881865504391173261e+01 7.224161543942985020e+01 7.479315842335056175e+01 9.455348393573251542e+01 9.598120943600450516e+01 1.042757878888179164e+02 1.064263592559573084e+02 1.147784650329895726e+02 1.190027744181770544e+02 9.848977203524053436e+01 8.551074689583336408e+01 1.063777764052650667e+02 9.752035210323980152e+01 7.726416792520599586e+01 8.958808526078667001e+01 7.591573773578491569e+01 9.615436205999742469e+01 1.140743877197014058e+02 1.055815295849410091e+02 1.197467055831427842e+02 1.185856848724820480e+02 1.104481625563708320e+02 1.083298679876556747e+02 1.017431227932893023e+02 8.174206243060105237e+01 6.981221831994307081e+01 7.552419763807081665e+01 5.452761875947137327e+01 5.352784679106309085e+01 7.423230798688099696e+01
5.319412280837663332e+01 4.915522466153456804e+01 6.291875403258572419e+01 6.902609456938677113e+01 7.616497937143479646e+01 8.446434826461003809e+01 9.361889251583163229e+01 8.058082376747370290e+01 6.096682006204493121e+01 7.507992419180780530e+01 7.983601273639774831e+01 7.620746258055277167e+01 9.233946531068747277e+01 1.006261811701411801e+02 1.105926320867881287e+02 1.130846370794057236e+02 9.244580730966133331e+01 7.706352270521911407e+01 8.972523068038879046e+01 8.505437204373495774e+01 7.014395789381481450e+01 6.937847132642546910e+01 8.958808526078667001e+01 1.045350148140360034e+02 9.388288917364367592e+01 9.125367973895028229e+01 1.055815295849410091e+02 1.256758476825214643e+02 1.162358738953807489e+02 1.079976577402744624e+02 1.099393633773455861e+02 9.842786347014197190e+01 9.019550520881328737e+01 8.023979646610250427e+01 7.176227243783006315e+01 5.240548001997134975e+01 6.287392700996123551e+01
6.707939055992112287e+01 6.931548860679060908e+01 7.763733722943646853e+01 8.456804788659336225e+01 9.288177701079025894e+01 9.361889251583163229e+01 7.386730828963045781e+01 7.437833118655660769e+01 5.474377815415333259e+01 5.544749773229911938e+01 6.022615730226333142e+01 6.611269355429624284e+01 7.260063352404411319e+01 8.240325197669203305e+01 1.022756786446829977e+02 1.112428841540179718e+02 9.055993375499215858e+01 7.792845828250294460e+01 6.831065218122358829e+01 6.468435962417473206e+01 6.338461962621790491e+01 8.362810858322407626e+01 9.796554664452885675e+01 9.073590156179963628e+01 7.953596302321957978e+01 9.979684217546568448e+01 1.134318471502867993e+02 1.249953739022576116e+02 1.079976577402744624e+02 8.804532581086223786e+01 9.388922853250214473e+01 9.825341558826103494e+01 8.998846582603684396e+01 7.186753602710201960e+01 5.105976288396096407e+01 7.158313458052342071e+01 8.109723548573836638e+01
6.431521836400206382e+01 7.430970504305209090e+01 8.131001858626960654e+01 6.453687344396206527e+01 7.300304403069138459e+01 8.131003686061930580e+01 7.749179152554876282e+01 5.785583304807229865e+01 4.900602886716225726e+01 6.871032395079447497e+01 7.983601273639774831e+01 8.575985471513972414e+01 9.233946531068747277e+01 1.006261811701411801e+02 1.105926320867881287e+02 1.196067007651068792e+02 1.077484077897254906e+02 9.831851206081400107e+01 8.972523068038879046e+01 8.014013429629660834e+01 5.987575896845417844e+01 8.014013429629660834e+01 8.448742791362386129e+01 7.048588738649407048e+01 7.722631145027658306e+01 8.488846143164153091e+01 9.662066201747227012e+01 1.167801513031028406e+02 1.075057833358462176e+02 9.388922853250214473e+01 7.369808187801555732e+01 8.309660669807000488e+01 6.968610500694242660e+01 7.083140238612993755e+01 5.014189953640828179e+01 7.043726776803367784e+01 8.346829058805464285e+01
4.604102782211252531e+01 6.601165638782735812e+01 7.300304392995580827e+01 5.297700952805747932e+01 5.297700952805753616e+01 6.974311727118237059e+01 7.849661123497308779e+01 6.551386513679130985e+01 4.576990612303660555e+01 5.975029323844669449e+01 7.942835992557920122e+01 8.018002133662558606e+01 8.796914321323777131e+01 9.636825390519697976e+01 1.065438503787848106e+02 1.131114034808818190e+02 1.048105769034883679e+02 1.035445547803665676e+02 8.328005834428550713e+01 6.896520406048163920e+01 5.724372710400603381e+01 6.024129249862113511e+01 6.423257637703261480e+01 8.448742791362386129e+01 9.748954064989308677e+01 1.051445125601995585e+02 1.134318471502867993e+02 1.133599142334637975e+02 9.341094994850064381e+01 7.917897952722594823e+01 6.999060481172610082e+01 6.260750132831239512e+01 5.765810961776006138e+01 5.330583162049452284e+01 4.924791882996263581e+01 6.852148103763789777e+01 7.049992570813715531e+01
6.431521836400206382e+01 7.430970504305209090e+01 7.560221283810520276e+01 5.557524430486884626e+01 4.145867431075472354e+01 6.144100758164420029e+01 5.845533722540759669e+01 5.845533725357371679e+01 4.269844196197221464e+01 6.246730616493181287e+01 7.043242990425181915e+01 5.950225801114286384e+01 6.736106379614899708e+01 7.776291730241743494e+01 9.817536912405810767e+01 1.048105769034883679e+02 8.475371568102285380e+01 9.062823432376544019e+01 8.931699531698409089e+01 6.905611596097396898e+01 5.471408776566878629e+01 7.499039013152523125e+01 8.202212214243998289e+01 9.018090396739532366e+01 9.367904040203440275e+01 9.841187557044852952e+01 1.005988582225398886e+02 1.088762260849045305e+02 1.075057833358462176e+02 9.853293036705481711e+01 9.026635003768086563e+01 8.309660669807000488e+01 7.826695302248378994e+01 7.395946732217517194e+01 6.832442190509826219e+01 4.803979129230825862e+01 5.023465693407293031e+01
