LEM/sinusoidal_perturbations/elevation_000467.asc
nrows	100
cellsize	150.0
xllcorner	0
ncols	100
yllcorner	0
NODATA_value	-9999
[rows 68 to 84 of 100, columns 37 to 73 of 100]
6.413522408359625615e+01 6.097906990659697613e+01 4.118188793403054149e+01 5.513470984663184993e+01 7.508860322675639054e+01 6.720912375303022657e+01 4.727798302405693676e+01 5.001568494282876287e+01 6.997371645998148892e+01 7.605919455773081950e+01 5.616228783859421014e+01 7.605919455773081950e+01 8.484412952614383130e+01 7.335418620970030190e+01 6.142237622611389014e+01 4.167307111289778021e+01 5.854439101359557895e+01 6.679678694337744105e+01 7.394536981131828668e+01 8.223087024151234914e+01 9.375585982157048193e+01 8.692754938918822916e+01 6.697045348085201510e+01 8.692754938918822916e+01 9.801322764971004631e+01 8.482624678514189043e+01 6.500112599059882257e+01 5.506608424597079932e+01 5.462076110846734878e+01 5.832662015244630993e+01 7.824439960329256394e+01 8.192446330504991181e+01 8.417910414654174645e+01 8.647878401124692971e+01 7.089021429328708734e+01 7.469841250081580597e+01 7.865423296242580875e+01
8.097002553899915256e+01 6.097906990659698323e+01 4.738849951277214245e+01 6.097906990659698323e+01 8.097002553899915256e+01 7.477202530460446894e+01 5.476246860907452430e+01 5.751474940257820379e+01 7.754409904065444437e+01 8.435242981811816776e+01 7.020736609643357440e+01 8.435222798128104671e+01 7.656151781716401672e+01 5.669620923801597456e+01 4.529788094782612973e+01 6.142237622611389014e+01 4.648791536049511564e+01 5.020622339126190070e+01 5.408170943829473032e+01 6.552551605953497926e+01 8.544710393240417545e+01 9.523803632624577631e+01 7.846455482205270471e+01 9.523803632624577631e+01 1.047965435554996105e+02 8.482624678514189043e+01 7.812996338718080835e+01 5.830350036298675320e+01 7.454549413552688009e+01 7.824439958681799112e+01 6.384894923643835796e+01 7.531907626271033962e+01 9.531403600920165786e+01 9.617398810479042481e+01 7.617928939639524799e+01 9.467446909887051731e+01 9.867955117971162338e+01
8.361823484531998929e+01 6.358892638179367651e+01 6.140152564872718699e+01 6.140152564872717988e+01 8.141853847520337695e+01 8.311041536204427871e+01 6.473178290950171743e+01 7.754409904065444437e+01 7.165242265163347213e+01 9.176786408414234586e+01 9.018846775132291782e+01 7.894184648937353188e+01 5.907959286134224186e+01 4.918968350709482706e+01 6.509247057420530780e+01 7.335576997632202279e+01 5.636272424188658903e+01 7.004978550926342962e+01 7.394536981131834352e+01 6.050937569508514713e+01 7.454576461292762701e+01 9.452700902887067969e+01 9.848821495998498676e+01 1.068100268061412805e+02 1.041263090686657051e+02 9.580332831172442809e+01 8.143087786296212016e+01 6.162539095341887929e+01 8.143087786296212016e+01 8.802067340011848273e+01 6.808487215360990774e+01 8.802067343195972171e+01 1.036398494145644946e+02 1.045100641477818755e+02 9.617398810479045324e+01 8.506816157681497259e+01 1.051593167007371505e+02
8.743825294281973015e+01 8.361823484531998929e+01 8.141853847520337695e+01 8.141853847520337695e+01 8.974290536085264591e+01 9.316202321876295400e+01 8.481226769970716362e+01 9.316202321876293979e+01 9.176786408414234586e+01 1.001190486501835153e+02 9.892206430073238721e+01 7.894184648920135317e+01 7.327466109558983476e+01 5.340324965814500757e+01 5.488789669292171425e+01 7.466755961122036922e+01 7.039161139890266838e+01 8.452784306906330869e+01 8.039813560581151819e+01 8.039813560581151819e+01 6.828227133265721704e+01 8.234806077872305252e+01 1.023868809636737893e+02 1.099867551046316123e+02 8.992836057317634868e+01 7.593205158460166615e+01 6.970653378507061859e+01 6.596119738136319199e+01 8.574891093710681389e+01 9.260222669033089460e+01 7.263392976069833651e+01 9.260222460208981943e+01 1.001757340109098067e+02 1.202799684481986020e+02 1.135051334512748724e+02 9.664277885300836601e+01 9.925726567560153057e+01
7.585850666721066204e+01 7.827096554324457145e+01 7.006346312248233232e+01 7.263928719722518679e+01 8.084401411201338306e+01 8.248097328397469141e+01 9.069251224806566825e+01 8.813112423412803764e+01 9.029841896637448428e+01 9.850967350210572704e+01 1.014865100790284771e+02 8.149990517382583732e+01 6.744287167171060560e+01 5.837234621018442482e+01 7.466755961122036922e+01 6.096484972856534057e+01 8.068988224190682956e+01 9.865119836780934293e+01 1.004097535760666347e+02 9.653308619063126628e+01 7.715794474522539304e+01 8.234806077872305252e+01 1.023868809636737893e+02 1.099867551046316123e+02 8.992836057317634868e+01 9.580332831172415808e+01 8.951947884728970450e+01 7.049629951399468553e+01 9.028986662747591652e+01 1.009285362398986763e+02 9.260222718484280335e+01 8.013352698454298206e+01 1.001803848233928420e+02 1.201112146968998076e+02 1.251442165226410168e+02 1.167968440792730718e+02 1.194081283314380073e+02
6.754538938704241957e+01 6.681569337129626263e+01 5.021200309307965171e+01 5.278787264719569805e+01 7.263928719722518679e+01 6.257692145629364688e+01 7.921437037193577169e+01 6.824108522243548691e+01 7.041875679187229764e+01 8.932806566909403045e+01 9.925462311829980422e+01 9.565241117526331038e+01 8.350753576955580115e+01 6.353483536995509695e+01 8.350753576906349451e+01 6.546104359633839920e+01 8.515503223620503093e+01 9.902575139742810961e+01 1.073394340189490350e+02 1.054936104573884847e+02 8.867515033879888620e+01 1.023868809636737893e+02 1.107181116025394090e+02 1.183242575641550758e+02 1.099867551046316123e+02 9.968281810884542438e+01 7.975735904534690235e+01 8.443630688189028888e+01 8.185538913294243457e+01 1.018115767855791773e+02 1.085156090627645256e+02 9.167096649164059841e+01 9.167127532442341931e+01 1.059092604654852323e+02 1.261687258839553607e+02 1.293917772432103845e+02 1.295625097814559012e+02
5.987817422363789888e+01 5.860220016336848659e+01 3.883301257551518404e+01 5.543335195409300553e+01 5.863957472314400832e+01 5.109653178669050533e+01 6.653562225819102594e+01 5.414127080062255715e+01 6.118130370339437718e+01 7.117807877361471469e+01 9.104996803682850270e+01 1.034687791803663544e+02 8.350753576955580115e+01 6.990332054153931551e+01 8.993430966753295763e+01 8.515503223620503093e+01 7.233470703468276497e+01 7.920058402816106025e+01 9.056593499613290987e+01 1.105820755129495154e+02 1.087611623037265218e+02 1.170966315910851421e+02 1.167989651999195928e+02 1.253860568796646362e+02 1.138991936425951081e+02 9.379420255497733194e+01 9.119055248775534039e+01 1.044216099534280033e+02 9.592007393175927632e+01 1.018115763888701366e+02 1.201351878407283493e+02 1.118043704446038191e+02 1.118199854938296198e+02 1.201887170084960275e+02 1.235685038781952443e+02 1.090642390409967675e+02 1.090806461002272414e+02
4.010410396387202070e+01 4.848254684985886342e+01 3.262610390344492117e+01 3.569308134328309023e+01 3.887558456629191994e+01 4.228618043515081126e+01 4.667166366106093278e+01 6.653562225819102594e+01 8.111402340522147369e+01 8.932806566909403045e+01 9.925462311829980422e+01 1.029156036358751152e+02 8.383369607395044909e+01 8.267602804921274640e+01 9.820683697914891752e+01 8.750978102170111583e+01 8.207795205973080499e+01 9.902575139742810961e+01 1.073394340189490350e+02 1.189114365849067099e+02 1.139543854346331244e+02 1.134762380628896068e+02 9.621307784956808007e+01 1.134762380628896068e+02 1.222378303976080645e+02 1.138991936425951081e+02 1.112834686829396844e+02 1.196238695654933366e+02 1.160349228780304429e+02 1.219344706605055819e+02 1.180276637878128270e+02 1.095346145749117852e+02 1.121966216687107334e+02 1.206940998137816337e+02 1.151336836827592833e+02 9.428003303119461975e+01 1.052753910918306701e+02
2.622076245033851549e+01 2.878148509213257000e+01 4.268611351778542229e+01 5.543335195409300553e+01 5.024722537106120512e+01 6.209432875964859022e+01 5.368426248243601862e+01 6.287618592032505660e+01 7.693276189878463356e+01 9.657308738140447701e+01 1.060564101440941869e+02 1.109308438032836222e+02 1.018594402790690054e+02 1.059080056744888623e+02 1.134947009091170429e+02 1.008223445792590667e+02 9.608070563261114216e+01 1.102732767137124199e+02 1.106617487843735574e+02 1.021362085715670105e+02 9.348470265496766274e+01 1.014922940751702356e+02 8.467087089619367646e+01 1.049136975966867880e+02 1.146373292665711858e+02 1.265509135836193764e+02 1.149262088780284614e+02 1.064376396626107208e+02 1.037795250039527986e+02 1.122675923557070377e+02 1.062148725420550335e+02 8.909095424192584289e+01 9.173990674828372960e+01 1.121966493689219106e+02 1.206578798363298688e+02 1.053245918787473698e+02 8.444826461975370080e+01
4.589579289394690420e+01 4.848254684985886342e+01 5.668613867237881010e+01 7.068616382695489619e+01 7.009397454474857625e+01 7.814364030313291209e+01 6.775308766206077848e+01 6.991793059243454422e+01 8.961961073218778040e+01 8.936657724346686393e+01 8.561562289466823472e+01 1.060564101440941869e+02 1.137232463571185406e+02 1.050626414485727764e+02 1.138721463159340033e+02 1.204522621997456611e+02 1.161369394333653275e+02 1.152582167705098612e+02 1.021362085715670105e+02 8.201383856738554812e+01 7.943582069327149497e+01 8.138850478368773622e+01 7.729090872133399159e+01 8.580434947228354758e+01 9.736871099922748840e+01 1.179683374932351398e+02 1.064376396626107208e+02 8.601747521629664561e+01 8.337402296649585764e+01 1.004718420471624967e+02 9.773148311225550344e+01 7.736588590761353146e+01 9.773144083757912881e+01 1.118587968234421481e+02 1.120245994935068978e+02 9.088506564351514783e+01 7.903882823237032085e+01
4.596712953791957545e+01 5.088443269671951441e+01 5.634269754567382193e+01 6.258038252012028835e+01 7.066443084699963606e+01 7.940598611859455502e+01 8.753077982440674987e+01 8.964494824594390820e+01 8.871396621489239465e+01 6.907841146531993104e+01 8.029343367972253986e+01 1.006727147714332915e+02 1.026309673978576029e+02 8.340688041522521701e+01 1.001055229954797170e+02 1.086328222156117249e+02 1.214990312201212390e+02 1.067168113749568192e+02 8.646488032638696097e+01 8.790749006921090825e+01 6.832143530115335750e+01 6.771759059280766735e+01 7.342799242376021596e+01 8.470058765632334996e+01 1.049399897596620406e+02 1.185502059576855487e+02 1.100642237144599704e+02 9.199840290967757994e+01 7.168307960493598330e+01 9.199840290967757994e+01 8.417412672574731403e+01 7.127902320834544980e+01 8.296773700910860327e+01 1.033706419985261959e+02 1.074803966491800367e+02 9.476353303324331989e+01 7.411837834502667022e+01
2.640229554028629266e+01 3.126260849780742390e+01 3.666758251155840753e+01 4.286625191717993033e+01 5.169864531476316216e+01 6.568231255801238433e+01 8.521631480418177773e+01 9.380800051269400797e+01 8.029343367972253986e+01 6.016728788254555127e+01 8.029343367972253986e+01 9.700929089067155076e+01 9.376960065840064829e+01 7.281393333913712240e+01 7.949567543475046705e+01 1.001055229954797170e+02 1.070163037557186385e+02 9.253357629196068501e+01 9.018117891661546537e+01 7.049980702390159593e+01 6.211618076812480638e+01 8.137949200040600317e+01 9.325476550696866695e+01 1.017428288487181476e+02 1.135002361565411064e+02 1.067734346889438939e+02 8.970312553179934412e+01 8.587310246453293416e+01 6.565248885993568706e+01 7.794193114429474178e+01 6.397950549428844624e+01 7.557514530344569437e+01 9.592055379485245226e+01 1.109982435114360300e+02 8.997751868007441090e+01 7.804245515535760092e+01 6.998367980007120082e+01
4.590512832139831545e+01 5.086996346399392621e+01 5.634269754191607404e+01 6.258038252012131153e+01 7.065526497616970403e+01 7.943290263993858957e+01 9.015564360496256313e+01 8.535346987495569238e+01 6.518053423279448566e+01 5.423967592612114430e+01 6.829413112373619299e+01 8.336105943426703391e+01 8.553216002606696122e+01 6.507974073051771313e+01 8.553216002606696122e+01 1.003560588907115658e+02 9.851222794739959454e+01 7.853522366652234155e+01 8.587766107649834169e+01 7.825455568639972626e+01 5.913032517261663656e+01 7.825455568639972626e+01 9.755219459661529413e+01 1.000178415258723277e+02 1.080586465250068073e+02 9.830873819757485421e+01 7.811566021693174378e+01 8.665019227580009442e+01 7.794162152519807307e+01 5.794872792990825872e+01 7.794193114429474178e+01 9.263178770099131043e+01 1.043991301740078939e+02 1.195555962539030475e+02 1.074803966491800367e+02 9.693453374681041623e+01 7.628252479906335282e+01
4.496251337469001186e+01 4.927328585818906959e+01 5.394307458077730644e+01 5.908124879282028274e+01 5.170238779519856820e+01 6.169473412063663176e+01 8.184409241184168593e+01 8.312717753963552525e+01 6.298193071034464197e+01 4.903270629122651059e+01 6.528491663841532500e+01 6.306081323858832377e+01 7.323157910866963505e+01 5.974352487108666310e+01 7.137664863493806422e+01 9.184812003299686012e+01 1.000360386253542089e+02 8.001306907456364570e+01 6.639940443620616861e+01 7.526785266383653550e+01 5.623810795099206672e+01 6.952778425943289164e+01 8.636925104863318836e+01 8.071582286721402966e+01 1.000178415258723277e+02 1.008288534832531695e+02 8.015613208341105178e+01 6.645128838107382307e+01 6.670876198918504940e+01 5.483652157724164056e+01 7.469860110495129391e+01 7.912847847585123873e+01 9.945638933222456046e+01 1.176772618981856198e+02 1.091391283528572558e+02 1.055441028699830213e+02 9.192640760894971663e+01
2.535344198480746414e+01 2.958246202243274681e+01 3.415049781339833856e+01 3.917965276209835679e+01 5.319785756510162855e+01 7.328501168752558215e+01 9.015564360496256313e+01 7.856912112331914955e+01 6.444339802036043352e+01 4.472443635761488423e+01 4.549180919341764451e+01 4.904264809528043401e+01 5.316947388797557039e+01 6.727725685784044174e+01 8.760646524058256546e+01 9.663454546355340824e+01 8.834140314599832777e+01 9.427917752520919237e+01 7.716671989032235501e+01 5.803332704069037362e+01 5.344720969337206640e+01 7.243106579505524678e+01 6.726602891347752688e+01 8.636925324174585228e+01 9.674451713694597288e+01 9.373697315263447649e+01 8.192953989070139187e+01 5.884337044791584503e+01 7.157208440102431268e+01 5.180479452009414842e+01 5.913613899612382596e+01 7.318804432754978961e+01 9.346995516306496654e+01 1.057171745976423551e+02 8.838115073271347910e+01 1.057171745938491370e+02 1.005271544616840345e+02
3.925426120970552546e+01 4.927726236310095231e+01 5.394304489696639848e+01 5.319812389361860028e+01 5.319785757719402852e+01 7.328502425794773956e+01 8.442111070667915840e+01 6.426960675896789610e+01 5.030601623856480842e+01 4.070340157759946464e+01 6.023893092638891744e+01 6.900661768954613251e+01 6.004935934482320903e+01 7.842686721879029221e+01 9.395512505083739541e+01 8.529542942420047780e+01 6.885949703293037771e+01 8.529542942420047780e+01 8.546281916418668345e+01 6.966198577482160204e+01 5.068083374489216197e+01 6.959781587857030161e+01 6.022185177070920048e+01 6.957545027300899676e+01 8.872237633682502178e+01 8.518697411255182317e+01 6.373564067200115346e+01 5.237692128670690295e+01 6.528322906380194013e+01 4.901227936256196216e+01 6.891072098380772104e+01 7.912847847585123873e+01 9.945638933222456046e+01 9.715450438603429006e+01 7.647991594534718729e+01 9.153368185342516483e+01 1.000951571857161753e+02
3.844674850290022761e+01 5.373425337471423546e+01 6.692100900456836143e+01 7.330020856421006670e+01 7.328501940408345661e+01 8.163755202942381572e+01 8.269979007330357490e+01 7.424640126833874376e+01 5.769086238088304697e+01 3.832888920361281038e+01 5.769086238088304697e+01 6.937306467511095320e+01 7.633640029408698524e+01 8.667005983134204428e+01 8.569033643169501602e+01 6.629179925385273009e+01 5.793279402704867920e+01 7.709351940729152375e+01 7.348052175397388908e+01 6.733139523544008398e+01 4.825811752513160968e+01 5.259466959287733090e+01 6.537682062423417051e+01 8.339827499211837392e+01 9.674451713694597288e+01 9.373697315263447649e+01 8.312990033179042371e+01 6.528322908136264857e+01 4.530009832914610257e+01 6.528322908136264857e+01 6.520633757169311195e+01 7.943010789042695308e+01 9.978984542782905010e+01 8.934024452451153309e+01 6.875810164785085021e+01 7.092928878717079044e+01 8.818817057245932745e+01
