LEM/sinusoidal_perturbations/elevation_000062.asc
nrows	100
cellsize	150.0
xllcorner	0
ncols	100
yllcorner	0
NODATA_value	-9999
[rows 51 to 67 of 100, columns 37 to 73 of 100]
3.682617238160202078e+01 4.015300660340530925e+01 5.216883964062334655e+01 4.235182457663719902e+01 3.869482447402525338e+01 3.908718487397543129e+01 4.778246978666059164e+01 4.697405448818395968e+01 5.633468907889319865e+01 7.706286396461551647e+01 8.247410299575692250e+01 8.449479411236590920e+01 6.490604426184290787e+01 8.600357998771183077e+01 8.344765595012640347e+01 6.955974911513825987e+01 9.005199049164052383e+01 8.601516954382951496e+01 1.052785880932940188e+02 1.086598130479154349e+02 9.507564898660419317e+01 1.054902045645858237e+02 1.105300617805597767e+02 1.172009852838800157e+02 1.251792983841732365e+02 1.193052340214102145e+02 1.155259540088993901e+02 1.007784171283456089e+02 8.109663173590871565e+01 1.007784095660823453e+02 9.322645937353730972e+01 9.854021906269178999e+01 8.632741888785312767e+01 1.061511940419087239e+02 9.698285190369460906e+01 7.661958373478945816e+01 9.635210595209994722e+01
5.294655271515635775e+01 4.050071603197689285e+01 5.958893803974390835e+01 4.229546411615801560e+01 6.090567611088171418e+01 6.082587888157295453e+01 4.929315839403714250e+01 6.404960462270776134e+01 7.431600753901780365e+01 8.841417743661176587e+01 1.002608645181399254e+02 9.318378276474854260e+01 7.287510248459493312e+01 9.318378276474852839e+01 9.480008694408422798e+01 7.507169664778751894e+01 9.480008694408422798e+01 1.052785880932940188e+02 1.052785880699563137e+02 1.210081532100853963e+02 1.094922624349120639e+02 1.014511101915556566e+02 1.100053924169940558e+02 1.122524100741577939e+02 1.082159111366971729e+02 1.000979773730709468e+02 1.073617546223030956e+02 8.776601166931020259e+01 7.677803701499252043e+01 9.604788561343919184e+01 8.214608577647689458e+01 7.917006483942057571e+01 9.854021909949801739e+01 1.115307986958589623e+02 9.363688074155459162e+01 7.379851212457742804e+01 8.490299689355393298e+01
4.531697864003811560e+01 6.083000491937560383e+01 6.918563495405608421e+01 6.356812465985675686e+01 4.584986281854167345e+01 6.735039669293806242e+01 7.055513117916349586e+01 7.787617232300473802e+01 8.532215314248801974e+01 9.333589098815616580e+01 1.047378487719780651e+02 1.011844874989011487e+02 8.496515054324723337e+01 1.011844874989172354e+02 1.004779533852500037e+02 8.141792867848793946e+01 9.131061930202916699e+01 1.103259341922670700e+02 1.243973279884982617e+02 1.116924599071574278e+02 9.948484318804975146e+01 8.163706747120635043e+01 9.946096163556890701e+01 9.365539443200984238e+01 8.923110848374055593e+01 8.678883544014863105e+01 1.027429563456037158e+02 9.196797335463816125e+01 7.320036293487574142e+01 8.658232271809973213e+01 7.311706035899894118e+01 8.363041635004363172e+01 1.029346369927877305e+02 1.029438078388914306e+02 8.202184989919564373e+01 7.127988023114127714e+01 9.057683859858612152e+01
6.616018891840884919e+01 5.201206366473739706e+01 7.354622651031498037e+01 7.591156837795288936e+01 6.104713074689196617e+01 4.954534621432203068e+01 5.389621824303172559e+01 5.863007324004831844e+01 6.374282587211510531e+01 7.680887052496559875e+01 9.695151346787189084e+01 1.105113887282688410e+02 1.044106431636808310e+02 1.123741747921426395e+02 1.066050505785267006e+02 8.794969134631308805e+01 1.065996675494086787e+02 1.182645245012813149e+02 1.091935428800242818e+02 9.950103960184362961e+01 8.459809746557007770e+01 7.271984027761658353e+01 9.123211707260280434e+01 8.074129938450970201e+01 7.639606165190767229e+01 7.639606165191338505e+01 9.479162926422871749e+01 9.099244548299142821e+01 8.310388855411616760e+01 6.870880539717425961e+01 8.658232033922084270e+01 9.988791913676242018e+01 1.110370325990578806e+02 1.049878326060400155e+02 8.775833119330448540e+01 6.898025448288078110e+01 7.877768348132079268e+01
7.914742800065162953e+01 5.745406881448410985e+01 7.914742800065192796e+01 9.077606879331425205e+01 7.984959735055223007e+01 7.138508848062129175e+01 5.476067218569684059e+01 7.690633170644098016e+01 8.532215314248801974e+01 7.266293933349381007e+01 8.342850340433292899e+01 9.736703734211369010e+01 1.159423460109341448e+02 1.254353440266822162e+02 1.066050505785267717e+02 9.855163042874525559e+01 1.144625777939527893e+02 1.148363452631265460e+02 9.530785454896272313e+01 8.180696026551667899e+01 7.277500293785975316e+01 6.686420288758901620e+01 7.873292144370466872e+01 7.778030679731320163e+01 6.665418170050443791e+01 8.417094300354987979e+01 9.934130362880185316e+01 8.310389922112194938e+01 6.597108376619475223e+01 8.310389922112176464e+01 9.263642985611259917e+01 1.006536486143365892e+02 1.102876855681974462e+02 9.653242752748975875e+01 7.686996967978100770e+01 6.679566621312005736e+01 7.118014644684048164e+01
7.533375695322327203e+01 6.488493916754707413e+01 8.627867241720467462e+01 1.000794430866112066e+02 8.429443961942700980e+01 6.238120351023101051e+01 7.690633170644098016e+01 6.446885425049286766e+01 8.577337136437552090e+01 9.311806134645544830e+01 8.368148944026279423e+01 9.401430238021676189e+01 1.079283796268388045e+02 1.250367328346240612e+02 1.204971159196279729e+02 1.166137117858427672e+02 1.244066721896905818e+02 1.100289746097592030e+02 1.019925222839134591e+02 9.950103960183380991e+01 9.131521704194902611e+01 7.605643236064662460e+01 6.156441531042414539e+01 6.069981143006423707e+01 7.778030679737055664e+01 9.198685338276480650e+01 9.135244147447437513e+01 7.316099557280791998e+01 6.419370049174688120e+01 6.886376630593731818e+01 7.425351846307978576e+01 8.347739706935179527e+01 1.022264042059754559e+02 9.658253412182537545e+01 7.707783102656135554e+01 6.466377728744858189e+01 7.876839671994854086e+01
9.412829337667531604e+01 7.336065766179380887e+01 9.412829337667206175e+01 9.220283135571702360e+01 7.127919355101525412e+01 8.429443961942700980e+01 9.182427931113305419e+01 7.210531454830051246e+01 9.231126112210672829e+01 1.105195341730174619e+02 1.028331646787213600e+02 1.102700996454501592e+02 1.198522008218639741e+02 1.116218638256340512e+02 9.756336965709422770e+01 1.116219450321809745e+02 1.100291427074482584e+02 9.903357601914228781e+01 8.309585854593093757e+01 9.903357601907822527e+01 9.715344444648695799e+01 7.873292144370466872e+01 7.375739569254096750e+01 5.660347629893425392e+01 7.126998348518006310e+01 8.392232969304727419e+01 7.839725200664510396e+01 7.888124960775871841e+01 6.253746979911966974e+01 7.888125345376845132e+01 9.263642985611259917e+01 1.006536486143365892e+02 1.101940586952180610e+02 9.667950396223832854e+01 8.055657771420987956e+01 6.265299117746208424e+01 8.055657771420987956e+01
1.023235529565294257e+02 8.825296924799364717e+01 1.023235529566079691e+02 9.824667055364120927e+01 7.820152364088434638e+01 9.824667055364120927e+01 9.942786445199841694e+01 8.117515554170083192e+01 9.936386502013679944e+01 1.036749694846654677e+02 9.551180848742990293e+01 1.037273151038385777e+02 1.110057204587312327e+02 1.023552867685825589e+02 8.328643084554506970e+01 1.023552867992083151e+02 1.019925256857365667e+02 8.309585854596733157e+01 7.265350279876024331e+01 8.239500209505494865e+01 9.024019654249296707e+01 8.365168234289181726e+01 6.605511021516151970e+01 5.383172640487187266e+01 7.120902686573552387e+01 7.480360518662622837e+01 5.574452001649322597e+01 7.327812600347478167e+01 6.081065125283948447e+01 7.698872116834813539e+01 9.164904383193238857e+01 9.950094009269626838e+01 1.046586904223928656e+02 8.201877301690915090e+01 6.881571903299156645e+01 6.060799344635142205e+01 7.839857432963167128e+01
1.063307064884537994e+02 1.083127354853539828e+02 1.115711389740901041e+02 9.272749502247927467e+01 9.024291178540421754e+01 1.060077505916552383e+02 1.072042535090305790e+02 9.407787842418937885e+01 1.072042535090305932e+02 9.406399520313586038e+01 7.656604739830424933e+01 9.406399526989238780e+01 9.738371775211516024e+01 8.384097494144020857e+01 7.507957067713780930e+01 9.425030236909215375e+01 1.058430716536138760e+02 8.691726158374318345e+01 7.402932894152148435e+01 6.442679562629005829e+01 8.239500209505494865e+01 8.418964307990960094e+01 6.873231816264893723e+01 5.107962833427716731e+01 6.800988526298834813e+01 5.302515098024332474e+01 6.341450781342450682e+01 5.835855777688098556e+01 7.145602837323818335e+01 6.781895725439888167e+01 7.375702211145699039e+01 8.597930448627249689e+01 1.038634383420534277e+02 8.940966199897505362e+01 7.085610450084526235e+01 5.857762750856332445e+01 6.428577180238606559e+01
8.597098834650833510e+01 1.063307064884537994e+02 1.192880061608553603e+02 1.115711389740901041e+02 1.091800083568152644e+02 1.168838805434342163e+02 1.187442065927698565e+02 1.065745907940826811e+02 9.546445992998876307e+01 8.602472241068588232e+01 6.758510560032004832e+01 8.602472241068572600e+01 8.802286638319387180e+01 7.093742289751311603e+01 6.918114335984260777e+01 8.222848561074614793e+01 1.012998989079774930e+02 9.039024422018570704e+01 7.203555884696471878e+01 5.956127537525374294e+01 7.741151744157646419e+01 7.168495837383699154e+01 5.906950290679204585e+01 4.829958294284794817e+01 5.025667042795434014e+01 6.037495513221076493e+01 7.224880114773604589e+01 7.447796187726976314e+01 8.112375822681254078e+01 8.496737688319211657e+01 9.164904383189535508e+01 9.950094009269626838e+01 9.856965422101210095e+01 9.118663246767989961e+01 7.443448119140452945e+01 5.662417965791627239e+01 7.443450611375583037e+01
8.102837699577442265e+01 9.571662582288294630e+01 1.156752660830995865e+02 1.152031150666073529e+02 1.070973025096210165e+02 1.053004765032807342e+02 1.134068333710941232e+02 9.858391005657348671e+01 7.775153558805131127e+01 6.840206671076140310e+01 6.170929412710468398e+01 7.354667291952969777e+01 7.455991275797117623e+01 6.204931092077076471e+01 7.471663024975038070e+01 9.332492824013839083e+01 9.914568705381562097e+01 8.846107788127623905e+01 7.342008266382688930e+01 5.548548916421103883e+01 6.801472833074930691e+01 6.423556212379955355e+01 4.599005888143189935e+01 6.266210092026888390e+01 6.800988526298834813e+01 6.240468289517506406e+01 7.632600789439386801e+01 8.655336702434496488e+01 8.742086938340308677e+01 7.956038451183820825e+01 8.743209856270730995e+01 9.322701536117091337e+01 7.946552762540733283e+01 8.309557129194999447e+01 6.486265009123535208e+01 5.465547240042368315e+01 6.717483243701467188e+01
9.806155317757851719e+01 1.020452178248420410e+02 1.103277229806385833e+02 1.037825085028350145e+02 8.722845643228482970e+01 8.536751604171270458e+01 1.019598300056004376e+02 1.070517619276283199e+02 9.546445747054572450e+01 8.385456302868809075e+01 7.310704934794904375e+01 5.548733217839718179e+01 5.650896146623556859e+01 7.455991275797117623e+01 8.802286638319387180e+01 8.959191274850761033e+01 9.125667058943461996e+01 7.297384648003328778e+01 6.281645649565114553e+01 5.605792333882526890e+01 4.975349061099318249e+01 4.629426895186497859e+01 5.672819915587253803e+01 4.366362619836715453e+01 6.531595864961657583e+01 7.578153798928835272e+01 7.115298587985697054e+01 6.810495460459475225e+01 7.080708079334465310e+01 6.154125000599562867e+01 7.908011090841007729e+01 8.390734466581494644e+01 6.686623788133341861e+01 8.390731396540823539e+01 7.072784062907965108e+01 5.271141594564176813e+01 6.981092270335408045e+01
9.835253647197626492e+01 8.099462635724918869e+01 9.835253647197626492e+01 9.473447539357466951e+01 7.517011552315229039e+01 7.323089199487620249e+01 8.999283197946976998e+01 9.529335212699523083e+01 9.201768733067973471e+01 7.144735823137176567e+01 5.852259465530592308e+01 5.116600407158841790e+01 6.944374588662620340e+01 8.231228771640205366e+01 8.458872352076029699e+01 7.157488747782134908e+01 8.458872352076029699e+01 8.846107788127623905e+01 8.069418496592143697e+01 7.393769677580512223e+01 6.801472882137868226e+01 6.043940723069327703e+01 4.131651360332945444e+01 5.891654228317956665e+01 5.940075232776560199e+01 5.819827299938515353e+01 5.468769435192018591e+01 6.152870766997016716e+01 5.068334901101110290e+01 6.106232402083603716e+01 7.489017431487185661e+01 7.581496119234297737e+01 5.807697733257774075e+01 6.705660867586276197e+01 6.772365788077948423e+01 5.075451388748470549e+01 5.165874477532069164e+01
8.693211827619086307e+01 6.823047781923938260e+01 8.989165317445818459e+01 8.647786078969518542e+01 6.554891328104076820e+01 6.357168683319196845e+01 6.977682241387593365e+01 8.999282968588721587e+01 8.869267906229633525e+01 7.314195083121038010e+01 6.680552816456521725e+01 4.842952716938931701e+01 6.150768699922475236e+01 7.959564815722876574e+01 7.685195200279561334e+01 5.962930316103493311e+01 7.685195200279561334e+01 7.990013399448655207e+01 8.306644730197452020e+01 7.926542288402384884e+01 7.112590581051493643e+01 6.275669322704634112e+01 5.391214923544443138e+01 3.918486351528098055e+01 3.999670527827097288e+01 4.081331746882208478e+01 4.163387424477620158e+01 4.245660167642451910e+01 5.657942273058782234e+01 6.290913535736241613e+01 6.776862705078771398e+01 6.499668669392005427e+01 6.478181620102461125e+01 4.876133602097037567e+01 4.958230453476872412e+01 6.638704815681886373e+01 6.402613354193100292e+01
6.536826110939955470e+01 6.004612873279646124e+01 8.170449844715098209e+01 9.066505256938452817e+01 6.994446845982385241e+01 5.495952172204130903e+01 6.994446802282804754e+01 9.066487415437137543e+01 8.043779304603499725e+01 7.229937663034507977e+01 6.229205877783098799e+01 4.574239246050984065e+01 5.904895358129449789e+01 7.713598357656094606e+01 7.034240260949579238e+01 5.295759000548788720e+01 7.034240260949579238e+01 6.191349035658151934e+01 6.645142276020582983e+01 7.068388452912979858e+01 5.165517906373936086e+01 5.542560201737413195e+01 3.818010945618091512e+01 4.194484622783262040e+01 5.896261171194043271e+01 6.004092232797200523e+01 6.079181207167390255e+01 5.997681831880896652e+01 4.362748473406797700e+01 4.445293493446660449e+01 5.858312403766628762e+01 4.678006809257043130e+01 4.759949063917296996e+01 6.578125775468460290e+01 5.363258621655133140e+01 7.089244249029145806e+01 7.968044375694226744e+01
6.819546493403251475e+01 5.324996221822194542e+01 7.448504187610895144e+01 8.810111129142283914e+01 7.164196402387275953e+01 5.082968183352370772e+01 6.553558128162953267e+01 8.638404762235546741e+01 7.252491782668660392e+01 5.347427629378891822e+01 5.859084966748534384e+01 4.309451287279436826e+01 6.195903119062187159e+01 7.257839300541942862e+01 6.484484214691603654e+01 4.692413097077368889e+01 5.764071781742101308e+01 5.020642556261834244e+01 6.563337584060306540e+01 6.160109897389910572e+01 5.433426662114656835e+01 3.719952674888413213e+01 5.674552931324981131e+01 6.037195543443692003e+01 4.724882201317834074e+01 5.859025976545790826e+01 7.214572985926004378e+01 7.249933833863254051e+01 6.516247757260973117e+01 5.539589867731555728e+01 4.561301186378299377e+01 5.844134243607992829e+01 5.249793476567561612e+01 7.122566399379830671e+01 7.113353021141030297e+01 5.930567372209579702e+01 7.660385438815244186e+01
6.334653953664496839e+01 4.886071343549476609e+01 6.961376642429580386e+01 7.973471903944289352e+01 5.880595416729708802e+01 4.710711177071265610e+01 6.154109780031218691e+01 8.240328515700451817e+01 7.153802026495053212e+01 5.322795679784254474e+01 3.935851988044834115e+01 5.859085021506913193e+01 6.721091392074232829e+01 5.404839728162973955e+01 6.640676477453605742e+01 5.696330626056877122e+01 3.866210674711133066e+01 4.174438255606521864e+01 5.417202320351437805e+01 5.493861726375418897e+01 3.622553860937938452e+01 5.032381907732476378e+01 6.423830370829055880e+01 6.826220963827222477e+01 5.104458457583512399e+01 6.823258011964075820e+01 8.077861851178538188e+01 8.876897813622385058e+01 6.709897020747547458e+01 5.203261518224984883e+01 6.532059306467198212e+01 7.006818707123336765e+01 5.742451660746410624e+01 7.557645488857477289e+01 8.071540756035389563e+01 6.327210084644075749e+01 8.071540912833144432e+01
