LEM/sinusoidal_perturbations/elevation_000628.asc
nrows	100
cellsize	150.0
xllcorner	0
ncols	100
yllcorner	0
NODATA_value	-9999
[rows 0 to 16 of 100, columns 37 to 73 of 100]
1.105045603186448488e+02 1.072856622204403720e+02 9.915410755930786024e+01 9.915410755930786024e+01 1.049963318274280795e+02 9.684916766809251953e+01 9.533545986028400421e+01 1.034791379223650836e+02 1.122455628918758350e+02 1.235943947798587601e+02 1.387392166715328301e+02 1.271203256800605175e+02 1.188004120721951580e+02 1.116767175116975466e+02 1.056207564904455865e+02 1.002747347781575655e+02 1.047651841586215369e+02 1.130844016732709463e+02 1.087657305994765125e+02 1.170839715329815078e+02 1.225979508989818214e+02 1.110149724081670399e+02 1.027036451056641226e+02 1.053072982067167658e+02 1.070811584737499089e+02 1.153922158454732170e+02 1.060532798082951444e+02 9.736192652674274939e+01 9.736192652674274939e+01 9.987169003125515587e+01 9.987169003125515587e+01 1.085420845344593772e+02 1.212191282994257620e+02 1.129424141343844781e+02 1.103508037254649139e+02 1.186269474495592107e+02 1.218398611386382839e+02
9.089568079092332198e+01 9.915410755930786024e+01 7.954769663234874599e+01 7.954769663234874599e+01 9.341667942597507590e+01 7.722172377069144034e+01 7.569905544056342706e+01 8.452369305124993559e+01 9.579554747767373613e+01 1.154023633969668907e+02 1.304410654512813039e+02 1.102788623654057574e+02 9.865156114887689398e+01 9.159136705918722043e+01 8.561777486080927702e+01 8.036899785457357837e+01 8.479777307862684665e+01 9.461817258124357011e+01 8.875806217563122402e+01 1.087657305994765125e+02 1.142849194149797114e+02 9.422556389485292527e+01 8.276645285535258267e+01 8.534642961963879770e+01 8.709190277994099461e+01 1.038399898302974833e+02 9.736192652674274939e+01 7.612754069866355167e+01 7.612754069866355167e+01 7.862063320555593293e+01 7.862063320555593293e+01 9.987169003125515587e+01 1.129424141343844781e+02 9.305347595678439632e+01 9.048072959669798365e+01 1.019047881696518942e+02 1.019047881696518942e+02
7.697319149370177627e+01 9.495555950093724107e+01 8.529000619745788470e+01 6.539431683529784323e+01 7.771306133350623213e+01 6.562038299648817485e+01 8.551725765042371563e+01 9.365746620938070066e+01 1.001621444437762278e+02 1.083134270072244334e+02 1.181178145799468382e+02 1.271203256800605175e+02 1.188004120721951580e+02 1.116767175116975466e+02 1.056207564904455865e+02 9.323699399656666742e+01 7.349929364871169923e+01 7.484815268062089899e+01 9.461817258124357011e+01 1.069117532594727891e+02 1.101208653196894431e+02 1.018193878023772925e+02 9.119290179306142363e+01 7.145635240700980262e+01 7.559198984504293151e+01 9.548661200020318063e+01 9.580963294547430564e+01 8.234641425218656252e+01 6.148774297175281589e+01 6.390113600552737694e+01 7.862063320555593293e+01 9.987169003125515587e+01 1.119928202800551134e+02 9.887881107840345862e+01 7.914280678863566720e+01 8.213199685455367671e+01 1.002556170307375822e+02
6.690974303299832115e+01 7.685791654820532415e+01 7.865816732290041102e+01 5.847728373760421761e+01 5.748694635299268185e+01 6.271225009195534739e+01 6.822235811376769732e+01 7.405531006185509568e+01 8.064810974058978843e+01 9.038681882830283598e+01 1.099374700592494776e+02 1.232207943959981549e+02 1.131727231420180289e+02 1.048502474006761673e+02 9.818913794589776955e+01 9.245768067750213959e+01 8.714580742812283631e+01 6.761290119199611581e+01 7.875848179030468543e+01 9.860310731919484795e+01 1.018193878023772925e+02 8.192693638894763808e+01 8.495167623569057014e+01 6.548887541456262795e+01 6.571585388083487089e+01 1.031096891377397924e+02 8.709470086503010577e+01 6.609621029090735078e+01 5.438294753055346575e+01 7.497192746790288709e+01 7.952381780346418338e+01 1.006133027433546800e+02 1.037274456825425517e+02 8.393477681141197877e+01 7.266496901080360260e+01 7.238745118278797008e+01 9.201839251210277837e+01
7.685791654820532415e+01 5.660554700219022095e+01 6.822227718245856920e+01 5.215619829876968794e+01 7.257573758618767101e+01 8.271333174735656257e+01 8.799881114514514024e+01 9.365746620938070066e+01 1.001621444437762278e+02 1.083134270060380686e+02 1.181178145797038752e+02 1.148999376914942019e+02 9.480055710985820383e+01 8.486691903634068979e+01 7.833478756535562582e+01 7.275709143794627209e+01 6.784399826668318667e+01 6.435031355277804721e+01 8.374556489653534186e+01 1.000939045917478865e+02 1.029941231122691789e+02 8.775330051351717486e+01 6.806901099088001672e+01 6.097486578538953950e+01 8.056057931741537459e+01 9.595027592449864073e+01 8.706230553078974310e+01 7.058178696231438209e+01 5.003704693783087976e+01 5.875481615590846474e+01 7.334672183467976936e+01 9.443664666738354185e+01 9.800921567691013081e+01 9.719736042512386121e+01 8.459859411789325634e+01 6.509213924120143702e+01 8.459859411789325634e+01
8.242260077722116307e+01 6.234031005582070151e+01 4.770514178911630410e+01 6.822227718245856920e+01 7.344485079092288515e+01 7.785727870723513888e+01 8.301757183224725622e+01 8.849705892474122493e+01 9.502344817680449296e+01 1.031616153339285518e+02 1.129529735385309124e+02 1.232207943959981549e+02 1.131727231420180289e+02 1.048502474006761673e+02 9.818913794589776955e+01 9.245768067750213959e+01 8.046716905759436145e+01 6.118763136234438349e+01 7.216354228670974180e+01 9.181013417016733058e+01 8.895749048791581970e+01 7.492085786356234678e+01 7.638857065881609287e+01 5.680730723968672180e+01 6.820856091913834973e+01 8.775618221429621713e+01 7.836395737957241181e+01 5.762229271967633792e+01 4.583589811822358939e+01 6.029532462708063179e+01 8.109820703676568598e+01 9.228284510193719825e+01 7.831385395295333751e+01 8.329701441717863020e+01 6.939666840922704694e+01 6.106348322416092600e+01 8.053121710894905050e+01
7.078771638973702807e+01 6.249497093862499497e+01 4.503718091609455598e+01 4.895441135555028467e+01 5.305481396284663020e+01 5.763699378219771319e+01 6.303184249752714408e+01 6.874048724951066447e+01 7.544428042061468886e+01 8.525883040505895849e+01 1.047880659485501127e+02 1.103926099409017638e+02 1.020651735534157041e+02 1.020651735532273534e+02 1.016935047829184384e+02 8.183518334465807698e+01 6.813011390059651262e+01 5.865914026477972243e+01 7.443671857771144573e+01 8.260847882001701237e+01 8.071750650617400424e+01 6.105496041697464449e+01 6.828182045819278301e+01 5.332643605350336458e+01 7.297990493573210813e+01 8.696822902056726434e+01 8.047361257296986992e+01 6.291435406993952739e+01 4.240700215720852384e+01 5.985623095221101408e+01 6.805272516126159132e+01 8.136340879915860569e+01 6.452860019978086825e+01 7.025580246460835099e+01 5.562769224051521633e+01 7.513183920597272447e+01 8.872112404127308594e+01
5.951547286005484949e+01 4.196004296552796120e+01 5.656597256023131592e+01 6.944091543510393194e+01 6.500837489359206245e+01 7.785727870723513888e+01 7.423356610352549012e+01 8.276570835208563892e+01 9.502344817680449296e+01 1.031616153339221285e+02 1.129529735381455282e+02 1.020651735534054581e+02 8.215306031794908392e+01 8.215306031794908392e+01 9.627283504968740147e+01 9.591648793500405645e+01 8.609252096088006567e+01 7.443671857771144573e+01 5.519261165034853889e+01 7.443671857771145994e+01 7.962866029494435338e+01 5.997535719234408447e+01 4.848271143187252363e+01 6.410779782985981967e+01 7.230557486213429286e+01 6.808653746827782527e+01 6.606531862619915785e+01 5.239425342662244844e+01 3.914898944962416749e+01 3.979333375650161742e+01 5.393173329187403198e+01 6.871258387692083147e+01 6.585648548746868869e+01 5.058181062079993495e+01 7.025580246460835099e+01 8.329701441717280375e+01 9.243397183010752372e+01
3.900216374796843866e+01 5.937226947467463134e+01 7.063940448936544669e+01 8.490631240411302372e+01 8.496929118509190459e+01 9.312042825893647091e+01 9.398095076823570082e+01 1.021298662798375432e+02 1.104914453331808204e+02 1.165942220973306434e+02 1.082584441802834192e+02 1.012985484375295044e+02 8.146465434819585028e+01 6.842359653111931550e+01 8.798518325679881968e+01 9.746885898745085797e+01 7.776323676332221169e+01 7.208567672634069368e+01 5.275579542110632048e+01 7.208567672722611519e+01 8.786499778491196366e+01 7.548518106249463244e+01 5.577883627117640231e+01 4.419067538944754148e+01 6.020172502663793068e+01 6.434582175955668504e+01 4.886747766817829586e+01 3.824823772750178819e+01 5.495003193588308221e+01 5.880333411477693062e+01 4.069868233031143490e+01 6.064108041192301357e+01 4.597655637175825660e+01 6.585648407613113875e+01 7.839397547674964528e+01 8.446446840298401071e+01 7.696618568782446346e+01
3.936924966915639601e+01 5.988140655911220023e+01 6.471277011527357104e+01 8.474888073044648706e+01 9.437620900627682374e+01 8.623326764865119287e+01 9.278702384449283613e+01 1.009296497976654905e+02 1.107307831030755807e+02 1.082584441802834192e+02 8.822777893154106721e+01 9.409462495122001258e+01 8.146465434824870044e+01 6.212006199803323625e+01 7.629459457237263109e+01 8.449494280492659470e+01 7.468770244146357129e+01 5.835120632566852805e+01 5.032391640007032407e+01 6.407876020312146181e+01 8.352801148259220554e+01 8.370461596519440661e+01 7.230466276089333633e+01 6.020172502663793068e+01 4.024710262490636126e+01 5.639535645654851237e+01 3.734386337803483258e+01 5.720865065540860428e+01 5.725444332092886413e+01 6.741592745462520497e+01 5.941887331719630794e+01 4.160353547883619996e+01 6.156899969633316516e+01 6.996492375320487156e+01 7.303639141629525966e+01 6.543422644237702457e+01 5.755440537468337681e+01
5.988127418683555447e+01 4.419904865248361148e+01 6.471820074898528219e+01 7.391314010707920090e+01 7.812311535221205361e+01 6.636753278611416818e+01 7.312575525696792056e+01 8.300899180980360370e+01 1.025650558791821254e+02 1.082584441802835329e+02 8.822777893154106721e+01 7.433647230480065105e+01 6.903349463124669683e+01 7.629459457243825682e+01 5.703610665706976590e+01 7.155348258935745775e+01 6.655569577095849354e+01 4.692154643786398793e+01 6.343167766685104425e+01 7.156376682429325342e+01 8.302987872437932992e+01 8.165012055471048313e+01 7.017523986369293709e+01 6.164472218778779222e+01 5.549915775516935668e+01 3.644415035419170579e+01 5.638640107845120752e+01 6.541626351522253913e+01 7.562357395936911075e+01 7.615700437765680419e+01 5.599873871062762731e+01 6.030206395644949424e+01 4.253805858143009289e+01 6.176458194732943952e+01 6.382277802061700811e+01 4.516206378882536399e+01 4.587325692268704813e+01
7.298362204438755896e+01 6.471820074898528219e+01 4.955065379407178483e+01 5.356725370232569361e+01 5.793278335923785249e+01 7.812311535221205361e+01 9.278702384449283613e+01 1.009296497976654905e+02 1.107307831031327794e+02 1.082584441802833055e+02 8.822777893154106721e+01 9.409462495121987047e+01 8.861469937621161819e+01 8.449494103676563839e+01 7.155348258295701669e+01 5.220092565987054911e+01 4.931002736316112589e+01 4.644686423277337894e+01 4.363856514423222421e+01 5.530737560255658281e+01 6.916862716346805939e+01 7.353409726241027045e+01 5.354251800240200510e+01 3.713281200343004684e+01 3.558173386712741859e+01 5.388603272806562927e+01 4.430954494274515554e+01 6.416073585225271358e+01 8.116650642170921515e+01 8.449212803943082406e+01 7.616167117248805596e+01 6.240517018135133753e+01 6.135641293041531696e+01 4.348643589010155353e+01 4.417142055342601736e+01 6.258061406800553783e+01 6.575166795283742260e+01
7.678640064842548441e+01 7.822551240949040618e+01 6.999757244285056856e+01 6.808832924572486434e+01 7.233544139495815273e+01 6.975734093490356713e+01 8.126293699768343970e+01 9.512499996638693744e+01 1.147486950435390867e+02 1.165942220941259535e+02 1.082584441802833624e+02 1.051257915098839675e+02 8.521222783378595977e+01 7.142392554766591672e+01 6.186553912027379454e+01 6.011570287675363033e+01 6.881244056676381149e+01 6.610752406000601411e+01 6.094334451122957574e+01 4.107683780731625944e+01 5.868774602440077359e+01 5.703837777211906257e+01 5.537718801209020825e+01 5.405802574400667027e+01 3.497293181298563525e+01 5.491951810755130481e+01 6.416082708035195026e+01 5.327412309429207227e+01 6.719692481493234482e+01 8.690490243133810111e+01 8.999313052440047045e+01 7.065849335639424567e+01 5.074804003532416630e+01 6.361004064853536732e+01 5.517138773174173139e+01 7.056732165380958577e+01 6.733691986131918839e+01
5.657668076285627734e+01 7.078734808095539677e+01 8.093096147177121225e+01 8.797547748681908786e+01 9.209579631440796277e+01 8.955097572858551302e+01 9.769720055429679917e+01 9.508345140293894815e+01 1.036681724910640838e+02 1.013616927551193925e+02 9.346082196660228192e+01 1.013616927551193925e+02 9.932442660900798614e+01 8.123435057279836258e+01 8.123410825022628501e+01 6.964958240763884589e+01 8.750461467956029082e+01 7.483939680166248820e+01 5.531064864071167619e+01 5.868774602440077359e+01 3.835298708705553139e+01 3.635671676428146526e+01 3.485523292706992748e+01 3.410344616224158187e+01 3.497967998810897683e+01 4.989780756246334903e+01 6.921330134241389942e+01 6.719692481493241587e+01 6.719692481493255798e+01 8.690490243735314380e+01 9.024555689208283127e+01 7.005552989868732539e+01 5.614776973511563085e+01 7.594061427691616473e+01 6.862577279060991486e+01 7.444957878341631385e+01 5.714725606555173698e+01
4.209922726532627024e+01 5.241309999379010520e+01 6.735467511419219022e+01 7.562093049997461947e+01 8.566389563589613942e+01 9.165105867077987511e+01 8.304507708885985551e+01 7.423237545042186980e+01 9.165105867078052881e+01 9.183015432683797030e+01 7.440243092400744729e+01 9.183015432683797030e+01 9.981572990514477794e+01 1.010241058734926156e+02 9.748731323417659667e+01 8.918839415901767609e+01 9.729757531504577628e+01 8.319218681078942268e+01 7.491704732926007182e+01 6.682950188682016801e+01 5.039349556798860874e+01 5.703837714576722107e+01 5.467282395918017102e+01 3.347399144663050663e+01 3.623680137530267586e+01 5.736538252298686302e+01 7.738731538493608753e+01 8.690490243543365523e+01 8.690490243906995715e+01 9.518710573609152448e+01 9.254836899131551320e+01 7.226310082144988201e+01 6.356057253238628846e+01 8.359863597285770709e+01 9.103287804271937489e+01 8.545608916096333019e+01 7.512790895669176905e+01
3.199438460781501092e+01 3.919043190722904768e+01 4.695664803124320485e+01 5.725810063813094786e+01 7.745124959025490341e+01 7.964734026814305423e+01 6.224807357192302959e+01 6.224807357192303670e+01 8.304507708885985551e+01 8.393162644530485750e+01 6.448174769066126544e+01 8.393162644528965188e+01 8.074686174314699372e+01 9.424731426616307317e+01 1.089016452947105620e+02 9.744272012290798557e+01 8.924025064753757874e+01 8.222583212981497525e+01 7.626237223018758016e+01 7.815889899954751741e+01 7.001569204879561426e+01 6.768780208655157082e+01 5.012682558402651978e+01 4.206365204447686779e+01 3.263538256446966557e+01 5.709786779431060211e+01 7.306243445600888720e+01 8.151685224941053320e+01 9.400771063764271673e+01 1.021934614305075399e+02 1.010808979419982734e+02 9.218788626538928099e+01 7.494491505321182956e+01 9.218788626538928099e+01 1.017310971528329731e+02 8.259719569390037464e+01 7.149402164667144177e+01
5.241318290341770592e+01 4.111597852858312052e+01 5.298295589569579533e+01 7.325945605922014181e+01 8.566389563176726085e+01 7.103792151001675848e+01 5.033328877549755020e+01 6.494227795698726879e+01 8.573828585683723702e+01 7.744833352707797758e+01 5.750778145264511920e+01 7.402714748534478417e+01 6.687631761042688083e+01 8.633200391618991887e+01 1.007245970037663767e+02 8.083312562305948745e+01 6.940047904768913156e+01 6.244727319042048208e+01 5.658529193926724332e+01 6.854397125879654595e+01 7.669966078006551413e+01 6.678264403679314398e+01 5.360943831089561229e+01 4.710278741536463798e+01 3.204653699511814580e+01 5.277859626232905299e+01 5.183945716818944760e+01 7.306243445457059238e+01 7.343687397556900009e+01 9.045363376245430231e+01 9.168838652273856837e+01 9.987798857333362434e+01 9.550781667859720869e+01 1.040837767316915574e+02 1.096639374431666454e+02 9.572032878117624932e+01 8.744456152498722190e+01
