LEM/sinusoidal_perturbations/elevation_000444.asc
nrows	100
cellsize	150.0
xllcorner	0
ncols	100
yllcorner	0
NODATA_value	-9999
[rows 0 to 16 of 100, columns 37 to 73 of 100]
1.156921782188462373e+02 1.075325175482854831e+02 1.075325175482854831e+02 1.056928855247326311e+02 1.056928855247326311e+02 1.138504390581685755e+02 1.234050697157395717e+02 1.149972744993808362e+02 1.176311125132760935e+02 1.092203694150025939e+02 1.110658240213386705e+02 1.170167894167684750e+02 1.187438148005786047e+02 1.271516715111693401e+02 1.164076850743906704e+02 1.047075344605797795e+02 9.630097477516569882e+01 9.892924100913934637e+01 9.892924103139107217e+01 1.073388378200750708e+02 1.115435339469067344e+02 1.030510096963843978e+02 1.030510095289467216e+02 1.054503305787269340e+02 1.054503305787269340e+02 1.139461744068498348e+02 1.202528490043092262e+02 1.120058491670897354e+02 1.202528490043092262e+02 1.182757631499359405e+02 1.100138956337236777e+02 1.182757631499359405e+02 1.244321618121258126e+02 1.161598249087542030e+02 1.187368592331386168e+02 1.270128251268004078e+02 1.251955442013792634e+02
1.075325175482854831e+02 8.789833888015017749e+01 8.789833888015017749e+01 8.606066080850162336e+01 8.606066080850162336e+01 1.056928855247326311e+02 1.116909185163059988e+02 9.471137650731589019e+01 1.059328149722632730e+02 8.897625267853938169e+01 9.081274736743336007e+01 9.674473617947133164e+01 9.842976063006368292e+01 1.187438148005786047e+02 1.079841736502303036e+02 8.774827954396911878e+01 7.624080985253101517e+01 7.883325517745331013e+01 7.883325517745494437e+01 9.892924103139107217e+01 1.030510096963843978e+02 8.280514334263155263e+01 8.280514334237325613e+01 8.517534476208851402e+01 8.517534476208851402e+01 1.054503305787269340e+02 1.104557098922160634e+02 9.254235499475295512e+01 1.104557098922160634e+02 1.084748346947499158e+02 9.055455125959102247e+01 1.084748346947499158e+02 1.130787619764756187e+02 9.662212536898462645e+01 9.913773710846184883e+01 1.156488590674648549e+02 1.170463011769532073e+02
1.075325175482854831e+02 8.789833888015017749e+01 7.401029763856064392e+01 7.216431420405461949e+01 9.175592518743995640e+01 1.042978569039173777e+02 1.032852058329088720e+02 8.311395745495285325e+01 9.250322004807514986e+01 7.743880080395420862e+01 7.666270700663957882e+01 8.417963366042570783e+01 1.043796093432166998e+02 1.067746329686125932e+02 9.836958275895814552e+01 9.892924091658797181e+01 7.883325517744445676e+01 6.494097846134933150e+01 7.883325517745402067e+01 9.892924101959927441e+01 1.017156627093068266e+02 8.873502030664911899e+01 6.858349583063164800e+01 7.095380152529646978e+01 8.517534476208851402e+01 1.054503305787269340e+02 1.022741020809213666e+02 8.275900960609951085e+01 1.022741020809213666e+02 1.002842234466573501e+02 8.072158423513010916e+01 1.002842234466573501e+02 1.043453158109138457e+02 8.545509689288319066e+01 8.797218034146661125e+01 1.074274043383224182e+02 1.159822473317647678e+02
9.949917057467030190e+01 1.017952585494982856e+02 8.486633663185031651e+01 6.525978703906541512e+01 6.128800235310814060e+01 9.612678723855221108e+01 1.116909185163059988e+02 9.250322004807584619e+01 7.250741304429114109e+01 6.862918904738573644e+01 8.854628210061748916e+01 1.043796093432166998e+02 1.067746329686125932e+02 9.515001709154969944e+01 7.830025561395258649e+01 9.515001709154969944e+01 7.992230178520081552e+01 6.034167253142419440e+01 7.406824357501112388e+01 9.405524851116230423e+01 9.325834037212740668e+01 7.308348187903388293e+01 6.149702915163955197e+01 8.161038039027725688e+01 9.548066707537788034e+01 1.039636972862758171e+02 9.576907125598073378e+01 7.602786929118700243e+01 8.735143903299169210e+01 8.566816986443036797e+01 7.393895803156000568e+01 9.376334370948156050e+01 9.619480764944839279e+01 7.656173759577180249e+01 9.048460239664849780e+01 1.099735228911349481e+02 1.079182317060680276e+02
7.997465021340656222e+01 9.383235419172956426e+01 8.077248061481161301e+01 6.119357044621899178e+01 8.077248061481161301e+01 9.382876962932058973e+01 1.051889856342568947e+02 1.008898424885464635e+02 8.397698749813228858e+01 6.420251272064942327e+01 7.809646644976052698e+01 9.817382116693207195e+01 9.836958275895814552e+01 7.830025561395258649e+01 6.699074793951146489e+01 7.745260573676462457e+01 7.564945817994853883e+01 5.626927457484692496e+01 6.983213178397490140e+01 8.969372646185902909e+01 9.335605930842839939e+01 7.732222136690033665e+01 5.729346673216658559e+01 7.732222136690033665e+01 7.527575474008868639e+01 9.548068202360248335e+01 9.871110840827371646e+01 7.903381080324645325e+01 6.726621130877123278e+01 6.551046984246301008e+01 8.566748941594363487e+01 1.018869170716444188e+02 9.128588085550406106e+01 7.141731248559977985e+01 8.556214577361363638e+01 1.051041997176346001e+02 1.093512604377153821e+02
6.633528318817957370e+01 7.988135305891374571e+01 7.693309674275484156e+01 5.745578477679978846e+01 6.610297321204778598e+01 7.740467621212853544e+01 9.703895970558572515e+01 9.985930359620914487e+01 8.058569305185774567e+01 6.095886465389504139e+01 7.472668769784465326e+01 9.473058323953293325e+01 9.357987447188318697e+01 9.152103805589045749e+01 7.162527026885474868e+01 5.799127246618184728e+01 7.009691316309181275e+01 5.254027054504732064e+01 6.599597646203913826e+01 8.572140752628212113e+01 8.492670068543766604e+01 6.481722304028846793e+01 5.340517563486152142e+01 6.114672401448923722e+01 8.119312033747031876e+01 9.949132462459859028e+01 1.068690917259110194e+02 9.549248992343174791e+01 8.046248819292529220e+01 6.020778543153230089e+01 8.042912280227454858e+01 8.911022020927966025e+01 8.092933146410106815e+01 6.678845409697879631e+01 8.108915674226443571e+01 1.007344636137547269e+02 1.018158104966362174e+02
5.679052278290738087e+01 6.042926193531646106e+01 6.898806944921922479e+01 5.418556791478056311e+01 6.780632939282664040e+01 8.739094989655458789e+01 9.252424219284243634e+01 8.418669986214564460e+01 7.156813247041687021e+01 5.793361655906539909e+01 7.740180105685065826e+01 8.781034342823035388e+01 7.366519009836227383e+01 8.781034342823035388e+01 8.576359404087023108e+01 7.009691316309181275e+01 5.086355710394212082e+01 4.893911848835730183e+01 6.239978778785556557e+01 8.199365144774397152e+01 8.381412095882237168e+01 6.373944216621643477e+01 4.982343868084637251e+01 6.961917945442891664e+01 7.088410040046045424e+01 9.103966107968092558e+01 1.025206220394492362e+02 8.282894914643705420e+01 6.857787417393751639e+01 5.677394020660201335e+01 7.244969169314690305e+01 7.571185591084038435e+01 6.072226573907126124e+01 7.253454041626504534e+01 9.239682929490723495e+01 1.018158104966362174e+02 8.256563154470268273e+01
4.837636806368066544e+01 4.700884654402585738e+01 4.979309354071801863e+01 5.810623281866335788e+01 6.877417503004224386e+01 8.765874719667237969e+01 8.418669986214564460e+01 6.450994230211809111e+01 7.027313115968651402e+01 5.505140682584269030e+01 7.439779497116229834e+01 7.900390009837423122e+01 5.996192442068763739e+01 7.900390009837423122e+01 8.302724426148942882e+01 6.543213912973963886e+01 4.613834516214681258e+01 4.537670276330681673e+01 5.898077436676788210e+01 7.847448964723828624e+01 8.383800626634064201e+01 6.644932403115106467e+01 4.673294240867916471e+01 5.466005768490196459e+01 6.868592785222971031e+01 8.881881747690246698e+01 8.831986316123558822e+01 8.009262403047839030e+01 7.728465023025921710e+01 6.903745362215485670e+01 5.216208196797866492e+01 5.546950872795457599e+01 7.571185591084038435e+01 8.912582242736080218e+01 1.005721138507403225e+02 9.971701991631064743e+01 8.045696601989341445e+01
4.313987681192266166e+01 6.222795717045674024e+01 6.898659354931892551e+01 7.639745076282255809e+01 8.480574224427874697e+01 9.586588757752838319e+01 8.418669986214564460e+01 6.450994230211809111e+01 5.100121439720644645e+01 6.653813635862108811e+01 7.473346223279510525e+01 7.076123794081253493e+01 5.142108640890863569e+01 6.164421522602724224e+01 6.980985720422603436e+01 5.531085144337870929e+01 4.143687483820960438e+01 4.183203138328715909e+01 6.137808796986990245e+01 7.803133724081639855e+01 6.380004651378180114e+01 6.357339419341995779e+01 4.390369582981234231e+01 6.357339419341986542e+01 6.826543170522695902e+01 8.836805040356317420e+01 8.006103639975263775e+01 6.011003713348621602e+01 6.596441857271406661e+01 4.888621181383929581e+01 6.127881752319245123e+01 7.476416599837507704e+01 6.986608630472464654e+01 8.982479217643336256e+01 1.045660063783236495e+02 9.648619771705149617e+01 9.409697103431896892e+01
4.079303896076167035e+01 5.992949718742708143e+01 6.952358284738731697e+01 7.638422808803284170e+01 8.448367524688907793e+01 9.570348433268435429e+01 8.915121124948569786e+01 6.846449072021317761e+01 4.887901080633700701e+01 4.746065127331974054e+01 6.308374766956382729e+01 6.071668607546288143e+01 5.837548696136988013e+01 4.215925438514440771e+01 5.384033081670067133e+01 5.683362731469944151e+01 3.691678647680493697e+01 5.683372211998326407e+01 6.954429391906786861e+01 6.966902298611479694e+01 4.986514458017812501e+01 5.714394747248632456e+01 4.114804455333865718e+01 4.849174065101968267e+01 6.239786931310030127e+01 8.243098157532494952e+01 7.931638483926221284e+01 6.002542486777023356e+01 4.574592819907291386e+01 6.596441832289205820e+01 6.793508359140864172e+01 8.500783887250065618e+01 8.982479217643336256e+01 9.801357469821959967e+01 9.354547473335330210e+01 7.757132715395125899e+01 9.334085882054763772e+01
3.845357773874874141e+01 4.430443630715368641e+01 5.028796828617861081e+01 5.697242196495277256e+01 6.811704279772162351e+01 8.765493984786100157e+01 9.506093724644200904e+01 7.452349082554678716e+01 7.410316345971222063e+01 6.308374733311408278e+01 4.385244353932435502e+01 4.126679687535909835e+01 3.867614419161357375e+01 3.610166846691562625e+01 3.375302282714972080e+01 5.081193937420341200e+01 3.424481994782096450e+01 4.857539292237733974e+01 6.814082338226988611e+01 6.200055449957866927e+01 5.375273261831422644e+01 3.751644254928289968e+01 5.714394746361382005e+01 6.826543164627345561e+01 7.662476689752092796e+01 8.148944272832459035e+01 7.323718178935145318e+01 6.388917670017379180e+01 4.368889562174535968e+01 6.388917670017386286e+01 8.167838311915363647e+01 9.465038885603543406e+01 9.303296224483362664e+01 8.733113787259806315e+01 8.555442553648953208e+01 6.636985648451413056e+01 8.550148143624603847e+01
5.483952301704105281e+01 4.806677029291487457e+01 6.728073752685762088e+01 7.638422909272371442e+01 8.448367524688907793e+01 8.425272831939047080e+01 8.049299398653042203e+01 7.230744980295449409e+01 8.049295983960530521e+01 7.124137322941355421e+01 6.304935279067040454e+01 6.065825095511756615e+01 5.837550468475899379e+01 5.605420490917476428e+01 5.081236286142580383e+01 3.065241944670175656e+01 5.081210666457796776e+01 6.246597289192414593e+01 7.188373078370828750e+01 5.375277752106195805e+01 3.411541951066963207e+01 5.374816575582804035e+01 6.536381489044029536e+01 8.069837418113078797e+01 8.319338478276112880e+01 7.323762245202316024e+01 5.317024896743513551e+01 5.904515061213331251e+01 4.172958935948884118e+01 5.336313340088584312e+01 7.343961589206827512e+01 7.700264026992185507e+01 6.805075096232091880e+01 6.797498287067897138e+01 7.655675884276992349e+01 5.912902459154121715e+01 6.972482700559234559e+01
6.287655917149152884e+01 6.158334345806103727e+01 6.158334355105019142e+01 8.103555962303144611e+01 7.842826818501254138e+01 6.438352240074259214e+01 7.065322335001914666e+01 5.266200962799369023e+01 7.065322335001914666e+01 7.054760042919639318e+01 6.195429362960585706e+01 7.032990214205941015e+01 7.447641775951356635e+01 5.488376957106734011e+01 4.085319798426488092e+01 2.904838186018826107e+01 4.704991477096984198e+01 5.072381531246409736e+01 4.999220395121624705e+01 4.336446865659568317e+01 3.176485168374681933e+01 5.140966044195130991e+01 5.124465946692147611e+01 6.306951046192074983e+01 6.387525333067728894e+01 6.463533027561494748e+01 5.635747717274218616e+01 3.902275580089588658e+01 5.904515060398482973e+01 7.012149342426795329e+01 7.239681435080328242e+01 5.825182359746238347e+01 4.733790830209729705e+01 6.665003804698307022e+01 6.668643188204360683e+01 6.661573336517736266e+01 4.982801290188543675e+01
7.377852823904100887e+01 8.103549519287400926e+01 8.103556282639880237e+01 8.916697990758397907e+01 7.016706885437127994e+01 5.043444392594015824e+01 5.767764095015346015e+01 4.272043475935625167e+01 6.248470886310737171e+01 6.022105036703968750e+01 4.201221047524556695e+01 6.022101316567222540e+01 6.749826385242532467e+01 5.928168864486855938e+01 5.141872865604111098e+01 4.103432320178374937e+01 2.685175620395011364e+01 2.737927536328727385e+01 2.791169452377197047e+01 2.845361354402233900e+01 4.251242301818572145e+01 4.959133094760247218e+01 3.571859126782779015e+01 4.460908777199187369e+01 6.201132651879791524e+01 5.407807148135953668e+01 3.603848527484184672e+01 5.635063065595093690e+01 6.722780315043266341e+01 7.347729433121206455e+01 6.332455562172157215e+01 4.682412802014722075e+01 3.820583240677665060e+01 5.801714560916332886e+01 5.795337162987918589e+01 5.213605360893890861e+01 4.968961010464693118e+01
7.570068587188259812e+01 8.804946613410788814e+01 7.981771961149374306e+01 8.804946613410788814e+01 6.906199922456093532e+01 4.934688739945136149e+01 3.781235006234670237e+01 3.559680066032395729e+01 5.549692676955657333e+01 5.180504756408937794e+01 3.191069568479914409e+01 5.180500371024294992e+01 5.928515719185792676e+01 3.946347409630883618e+01 4.523599995765741966e+01 2.614715373254190212e+01 3.103586924929842183e+01 3.832498526395070826e+01 4.233260374181536889e+01 4.619103982071853665e+01 2.926350168015575903e+01 2.984453030934981044e+01 3.042893769860779685e+01 5.038409357338630201e+01 5.172046549148747374e+01 3.274809412214795401e+01 5.058220649957033999e+01 6.093447728915383266e+01 6.424426251852933945e+01 5.105403001072124169e+01 5.472654900277073153e+01 3.733392106251471176e+01 5.666853807657263786e+01 3.907666473467335067e+01 3.969096501244589348e+01 4.030556613911309682e+01 4.092216057337741120e+01
6.765306644309882245e+01 7.812004208175984843e+01 5.996481381133930455e+01 7.812004208175984843e+01 7.726637511978569250e+01 6.585781231277789516e+01 4.920396848995129346e+01 2.913821001035376312e+01 4.354312096444528635e+01 4.249682909298651623e+01 2.495423522603800137e+01 4.498072086304440376e+01 5.246485437800064489e+01 4.453377998797679282e+01 2.543965566096263586e+01 4.512865529115081387e+01 4.962748838721831390e+01 3.733385423175838724e+01 5.267174257205571308e+01 4.458647969261451749e+01 5.116793079213312723e+01 4.983271840489285154e+01 3.983211564272513527e+01 3.125348784579465899e+01 3.183574230328200017e+01 3.244010729496334733e+01 5.226107744654291309e+01 6.035261392915080592e+01 5.492650788938565398e+01 3.583921310049605324e+01 3.645778355240147306e+01 5.601178779261933016e+01 6.465339690456349331e+01 5.908605374403506971e+01 5.358139621863981006e+01 6.149360234442476525e+01 5.173555283153427808e+01
7.570068587188259812e+01 6.989126671141656288e+01 4.996438953229559843e+01 6.989126671141656288e+01 7.843901079710774127e+01 5.868304181115414053e+01 4.507657844183592033e+01 4.351472114611352993e+01 2.364705865612340929e+01 2.266338007998167825e+01 2.301699306449387805e+01 4.068498858029528975e+01 4.371031767087214348e+01 2.472777301183420207e+01 4.451724482734289268e+01 3.535040140081193272e+01 5.513780219090894974e+01 4.202428714080095062e+01 5.976197809279358353e+01 6.152836957975697629e+01 6.507047662758043316e+01 5.859920935089020588e+01 3.839462635010541192e+01 5.121575753426284194e+01 5.179477460565913560e+01 4.475662918661052458e+01 3.328205605044462345e+01 5.222392635607359068e+01 3.495925760755377354e+01 5.382265114702784103e+01 5.634784552344274289e+01 4.231706953825411688e+01 6.225201321819289291e+01 7.606125213025677567e+01 7.192941972616878843e+01 7.692570998860388443e+01 7.214536352513053430e+01
