LEM/sinusoidal_perturbations/elevation_000840.asc
nrows	100
cellsize	150.0
xllcorner	0
ncols	100
yllcorner	0
NODATA_value	-9999
[rows 68 to 84 of 100, columns 0 to 36 of 100]
5.009162696260268353e-03 1.414714478642733475e+01 3.414714478666682851e+01 4.983495654914857198e+01 4.713930392733389141e+01 3.862860754300815103e+01 4.660657250541221686e+01 3.333140279063974276e+01 3.901581990271202560e+00 1.003004004636693125e+01 9.413498679721522322e+00 2.975324853302414496e+01 3.987649956752282066e+01 4.811239270176168503e+01 3.406145028917726592e+01 5.185276088040282616e+01 5.775094856820086164e+01 4.889268453431230910e+01 2.750762108184679278e+01 9.673726795098357201e+00 2.496484725445188602e+01 3.620702499433605226e+01 4.791267875537466381e+01 5.575530181065799695e+01 5.664455643394920514e+01 3.954181473718163886e+01 5.331830714100934188e+01 5.724682009204377664e+01 6.555850094958192642e+01 7.558139258242543690e+01 8.977926492699711503e+01 8.995956865255455170e+01 9.829038663536798026e+01 9.570822056210869277e+01 8.403883581587368212e+01 7.565932032785306660e+01 7.115575026845219497e+01
4.695337527364121070e-03 1.907399297556943907e+01 3.482814688101120737e+01 3.510092757381536899e+01 3.079566096219203075e+01 1.542301520465102982e+01 3.445909789244831956e+01 3.076304179469468636e+01 2.199723918178503723e+01 3.461252411057263778e+00 2.347856019110858483e+01 2.957615892960392401e+01 5.170957692480568824e+01 6.158404683036233251e+01 5.359128451778127555e+01 6.158234660712867736e+01 6.246209065338428701e+01 4.576629323119143322e+01 2.440238096951725666e+01 1.001071236296112943e+01 2.865539717033362166e+01 4.325697781227822247e+01 3.888031709667450286e+01 3.652561411486808396e+01 2.548279577140547758e+01 2.923252404997204223e+01 3.322301701455244682e+01 3.721525589531697875e+01 4.723237401969939953e+01 6.138352023785384404e+01 7.574261468252848317e+01 6.985375953251126191e+01 8.995956865255426749e+01 8.731853567195420851e+01 6.712418231958402259e+01 5.554248247412115802e+01 6.404485857595103937e+01
7.614146464036155443e-03 1.316380357930370693e+01 2.358436797787193839e+01 1.202793645788261312e+00 1.515374890209398639e+00 5.481043649376499793e+00 2.195072785481526978e+01 2.238912991834472166e+01 3.023521323084553014e+00 3.586129947114968353e+00 2.331251160377109244e+01 3.522525318078479017e+01 4.176665295342272799e+01 5.019157022103418342e+01 6.192647980558925980e+01 5.880572542256032875e+01 4.883699463681814024e+01 3.301765050459311368e+01 2.946174596579243499e+01 1.034428385556400798e+01 2.914272032214563168e+01 3.482223264429752163e+01 1.883941787977989790e+01 2.181829284087674381e+01 2.604458156923558931e+01 4.489557945951479923e+01 5.331830714100934188e+01 5.724682009204377664e+01 4.389704964334710269e+01 4.967821502657589861e+01 5.570850795669038291e+01 6.724885102134368253e+01 8.734531161744006056e+01 8.467947565865594584e+01 6.450979516152236215e+01 5.293304426200923274e+01 4.392299722511543791e+01
2.352828262072654761e-03 1.504046668746028992e+01 7.609502043187192921e-01 4.031744469265889030e+00 6.513061762017084533e+00 1.957817373972770225e+00 2.270483196319442065e+00 2.582673842340446058e+00 2.222722322664193939e+01 2.304739245472251952e+01 6.583961227955211548e+00 2.682051088471387956e+01 2.152239588495656264e+01 3.318198642556934885e+01 5.349352597949167176e+01 5.051150401698505732e+01 3.061019615903106583e+01 2.058870602103712955e+01 1.315664083156339359e+01 1.067483643173153496e+01 1.477049336736061491e+01 1.482396497167083282e+01 3.485361414898102339e+01 4.179656827505122862e+01 4.489548911671479203e+01 3.921826674286889158e+01 5.898857938812347612e+01 7.223868953469536791e+01 6.392170531639187203e+01 6.024032028818098183e+01 7.574261468252848317e+01 8.407207307806979202e+01 9.567837945206814254e+01 9.307053427155089764e+01 8.141066134086821648e+01 7.240518094481438993e+01 6.404485611412593471e+01
6.786455232800275850e-03 3.192326981384519535e-01 8.491566090569978797e+00 1.601886488596070279e+01 1.935544755712070142e+01 1.671228891405573336e+01 2.193774882416823857e+01 3.938217055956102275e+00 2.364424497486338339e+01 3.278738850033827390e+01 2.682051118499512299e+01 9.862559990961873524e+00 3.007862506895177646e+01 3.407926334546768743e+01 5.438133221004109430e+01 5.880572419816667207e+01 4.661144778017581558e+01 2.658472357347226378e+01 3.245041528866302372e+01 3.059118211262726561e+01 1.113995637406446804e+01 3.108500289925668980e+01 4.314473531569326070e+01 5.419894364100143491e+01 5.269663472503381740e+01 5.897597284686223418e+01 6.729905948301572494e+01 6.156791010396199226e+01 6.999584782954119078e+01 8.030199023865181118e+01 8.862876672942206824e+01 8.883013871796339345e+01 9.715928598977799879e+01 9.507020536134632493e+01 7.500425408171193453e+01 7.435291241005803897e+01 6.605016499252963058e+01
3.257643153035955173e-03 1.038722753899587570e+00 4.692267433220157713e+00 2.173675534574326917e+01 3.101303800090164842e+01 3.524870830104323716e+01 2.857846682901827151e+01 8.577093480630326283e+00 2.869720393876246334e+01 4.483637841628192433e+01 3.484093713136471138e+01 1.463616462595680900e+01 1.387702295876027492e+01 3.407926458443798623e+01 4.671686113597903756e+01 6.108755455144800095e+01 5.492289972914346663e+01 4.661144778017581558e+01 4.269024994354399638e+01 3.139839554737607941e+01 1.147096921632710931e+01 3.143127739940108611e+01 4.740195998749486961e+01 3.556660946344376839e+01 3.044029100884282357e+01 4.628489270382539189e+01 5.481944959967846387e+01 4.142638069322192251e+01 5.833241471274815382e+01 6.842539538914643060e+01 8.547004763472509126e+01 6.852661653812822351e+01 8.547004763472509126e+01 8.919248129845533413e+01 6.912729794250579118e+01 5.498230252870698820e+01 4.604182801128561664e+01
1.880098487986705483e-03 2.000178850218098248e+01 2.361900209342677570e+01 9.195818747846486119e+00 2.857329428433083152e+01 4.255651902450333068e+01 3.694568665706669464e+01 2.869826708323089903e+01 1.708196531809900875e+01 3.743558054126626189e+01 3.989736069618764702e+01 1.967167368612966527e+01 3.407926458443798623e+01 1.808004544284833770e+01 3.234616772051001732e+01 5.119509922587914019e+01 6.293749243005474625e+01 4.604909004730190247e+01 2.592035827763801947e+01 1.481960030644443904e+01 1.180249758656409931e+01 3.178985299379760576e+01 2.813843059452964468e+01 3.238099147956047119e+01 1.709697218374152783e+01 3.618583835200782772e+01 3.502809914933935431e+01 2.993596997846128005e+01 3.987813507448251471e+01 6.000025034605280183e+01 7.710789472193802396e+01 5.653459043735358591e+01 7.710789472193802396e+01 8.518534591159897218e+01 7.688751366450749458e+01 7.435293401755822629e+01 5.661814455132559942e+01
2.900726248362994839e-03 2.000290072567809219e+01 3.664599853941402330e+01 2.862372612802987604e+01 1.421038990220362841e+01 3.465608196821450093e+01 4.990395826284574810e+01 4.470763795886955450e+01 2.414647883713697496e+01 4.471344522833415880e+01 4.531365194214563985e+01 2.504775404485831558e+01 4.531365194214563985e+01 3.829420840050051567e+01 2.252018594572462362e+01 3.417464775095287166e+01 5.450127662657490646e+01 5.435744145122765758e+01 4.274805085983102515e+01 3.418963887703601756e+01 2.089872597995061554e+01 1.227514251957755143e+01 1.837421777459468331e+01 1.323897026386809550e+01 1.358502764831228760e+01 1.675286615901121223e+01 2.101062371302448284e+01 4.099347950885122316e+01 5.833241471274815382e+01 6.842539538914643060e+01 6.983413323641617865e+01 4.892635782030581737e+01 6.983413323641617865e+01 7.372026487118438354e+01 5.710174750292578949e+01 6.803642055766292174e+01 6.491589757777266811e+01
5.081304048347549951e-03 9.886604928091331956e+00 2.958032773959304862e+01 4.310990227513708817e+01 3.465608196821450093e+01 2.071659380107575998e+01 4.162507782037031490e+01 5.346627445129131218e+01 3.587316261445545251e+01 5.353632319872320267e+01 5.143822737257306699e+01 3.112531917190148789e+01 5.143822737257306699e+01 5.119512132724339182e+01 4.276569204090924359e+01 2.740032072166120258e+01 4.172146638464354851e+01 6.208426567676934127e+01 5.702602703409802132e+01 3.981492628659053423e+01 1.998736663891459386e+01 2.824071650401301170e+01 1.275396251408873560e+01 3.291427675152591092e+01 3.287215195878800245e+01 1.408083438779072871e+01 3.396263585747467317e+01 4.935266439093854274e+01 5.984712632079778416e+01 6.813822035781420539e+01 6.353020175857482599e+01 4.226171487175661667e+01 6.353020175857482599e+01 6.546419624499533541e+01 4.585596522595982805e+01 4.838869246413909053e+01 6.048920043901686938e+01
4.469920835086939326e-03 2.000446992083473319e+01 2.958032773958171902e+01 4.951405095202362361e+01 5.001091018572210345e+01 3.299773785486070210e+01 2.982639649280829275e+01 5.038953361985591073e+01 5.681515672457478416e+01 6.578912993965857936e+01 5.863609251272791312e+01 3.827747009722448723e+01 5.863609251272791312e+01 6.541836684370031207e+01 5.133414418307164340e+01 3.101986283178606030e+01 5.133414418307164340e+01 6.026756279515280568e+01 4.027099657512177089e+01 2.880451033674854244e+01 3.981492628659053423e+01 4.516936047865787884e+01 3.902739788886101735e+01 2.721953897804158728e+01 3.426784060880761729e+01 1.443482025487606712e+01 3.427872950127310503e+01 4.574379521444620167e+01 3.990203692922437284e+01 5.984712632079778416e+01 5.784595953960562298e+01 3.631231339902456057e+01 5.784595953960562298e+01 6.853848191522222066e+01 5.414337878782279745e+01 3.460582819144839561e+01 4.537142737494951206e+01
2.324776005098761877e-03 1.154933015979771582e+01 2.569146578353019450e+01 4.569146580527757351e+01 6.174826289033401139e+01 5.341024338030685215e+01 4.454744793610540654e+01 4.109620960984499760e+01 5.523388042500004502e+01 7.508905279043592884e+01 6.707501515579431839e+01 5.001609213881436489e+01 6.707397251553189221e+01 5.697908472620201792e+01 3.662547153533139266e+01 5.133414418307164340e+01 5.977211728768043741e+01 6.858528817574961067e+01 5.702602703409802132e+01 4.027099657512177089e+01 5.702602703408971507e+01 4.736938964657156248e+01 2.555486595313339038e+01 2.053315272359475685e+01 1.670885274939915988e+01 1.479094453325525826e+01 3.462743994335172459e+01 2.589258660722240535e+01 4.574336315565589217e+01 5.429122152117068367e+01 4.561920843019951377e+01 3.103527478895437497e+01 5.262328321358859284e+01 6.019683693987946782e+01 3.994889555030467676e+01 4.347476809735618986e+01 2.586983564570277849e+01
8.699724428260374037e-03 2.000869972442790612e+01 3.154925496496604254e+01 5.154925488049653381e+01 4.880624162539113797e+01 5.712385478866235644e+01 6.449357611011194535e+01 6.104932576920847254e+01 5.739231546887532431e+01 7.724484025890436101e+01 7.884382110160393609e+01 7.041122576611913075e+01 6.442459029261938497e+01 4.403474094908145986e+01 5.697927133255079468e+01 4.748567536119873012e+01 5.925799377663310707e+01 7.966040270890955810e+01 6.858528817574961067e+01 6.026756279515280568e+01 5.433897145684035479e+01 3.343022603254136982e+01 4.736938964657156248e+01 4.329539018204132361e+01 3.611698027668543887e+01 2.736771559368169449e+01 1.529996562508670266e+01 3.499610086229881745e+01 4.381147664699791733e+01 3.928110696678716351e+01 2.413200616350790639e+01 4.560840462710507381e+01 5.276643411369904868e+01 5.147546149599426712e+01 4.365825530249355069e+01 2.454049817837031000e+01 2.022608679906101159e+01
2.249585233037712084e-03 1.154925496902545312e+01 2.808445189059485259e+01 3.245481505423829560e+01 2.877991579243557041e+01 4.404574560224339308e+01 5.117258485887723651e+01 5.961001579751618351e+01 7.136192662008164689e+01 8.554148423774859111e+01 8.373546696103693421e+01 8.107915399436811299e+01 6.068156250506812910e+01 6.442459029261938497e+01 5.363685052928511965e+01 6.190693251095299132e+01 7.631567792774852421e+01 8.808373923073007461e+01 7.584750018568175278e+01 5.620311491926661063e+01 4.180188368851375458e+01 5.433897145684035479e+01 6.251424868579177740e+01 5.026116987622378929e+01 3.850752047140711909e+01 1.873277364804842193e+01 2.749243830210338047e+01 1.581845556736862690e+01 3.552630492046804278e+01 1.747427281662636744e+01 3.791077537536430953e+01 4.408718956328257832e+01 3.272737112411196847e+01 3.241114235154185508e+01 3.869868440621468153e+01 3.910813029866191215e+01 1.984435541750641363e+01
2.739267172789772273e-04 4.000273926718410422e+00 8.082756831396405772e+00 1.244711463736138413e+01 1.799411679066383485e+01 2.402434788764557894e+01 3.109552344536584201e+01 4.265190447953614239e+01 6.287400734156404525e+01 7.482655251195281210e+01 6.381455850153325571e+01 7.790950873501707008e+01 8.107915400168732845e+01 8.126062310305616165e+01 6.085220961067000900e+01 8.126062310305616165e+01 9.072442334454406421e+01 8.929611367910565889e+01 7.078062197946387357e+01 5.105000574441653072e+01 6.195682215155847672e+01 5.671531124819073710e+01 4.841696209925522965e+01 4.197837255330790640e+01 2.219149975371249184e+01 3.850752047140711909e+01 4.000518522697669965e+01 1.887698072797230608e+01 1.634005340736807455e+01 1.671181195748263448e+01 2.954215686975214084e+01 3.471323380172404427e+01 1.815726120187261827e+01 1.854279001606092692e+01 1.892514404647890203e+01 1.930494920891225163e+01 2.712400350158979734e+01
8.327778614586212741e-03 2.000832777861423040e+01 2.808445189068636694e+01 2.399442029721355851e+01 3.800698718776911988e+01 4.404574560224339308e+01 5.117258485887723651e+01 5.961001524751631564e+01 6.899676614318185841e+01 5.490371763786230730e+01 4.972528201965311467e+01 6.794481186230508740e+01 7.945091693047972115e+01 8.968229114375598954e+01 7.264685554194312544e+01 8.968229114375598954e+01 9.243088778646531978e+01 7.299796361555134183e+01 6.169730238797266253e+01 7.078062197946387357e+01 6.088427353997327884e+01 4.841696222446671527e+01 2.852284022914403394e+01 2.579119876094483743e+01 3.613513461329964827e+01 5.026116961704522623e+01 5.128061639039790975e+01 3.915776524630891942e+01 2.375890842327561359e+01 3.287939519788481846e+01 1.723717989930515415e+01 1.760754007811399902e+01 3.152290037027088232e+01 2.375909366915162835e+01 2.724572523672307156e+01 2.724035256309255004e+01 2.383593675680786106e+01
6.510866554257996840e-03 2.000651086655035371e+01 3.645819052679268424e+01 4.401061554516796548e+01 5.232181079067383678e+01 5.617719294385222639e+01 4.791407183672962589e+01 5.617718973542017125e+01 5.902697737802262168e+01 4.079794509676846559e+01 3.974421591084649918e+01 5.126683103343496839e+01 7.118979598886848237e+01 8.730136961825846242e+01 9.302724841240535625e+01 1.014350026373748221e+02 1.005401739732199786e+02 8.929611367910565889e+01 8.121128378524659297e+01 6.674415921666286522e+01 4.671492639954909265e+01 3.260967720845552265e+01 4.841696222446679343e+01 3.459379295686001399e+01 4.563122285084447327e+01 6.438720305231706220e+01 5.482021395156591836e+01 3.680816483162575992e+01 3.708809379693259700e+01 4.184369306290753343e+01 3.778474662867620992e+01 1.884378982750629561e+01 2.017270294019239785e+01 2.320591815670270108e+01 4.307566014400295273e+01 4.503411440979160574e+01 4.363369169256949220e+01
8.953482861371391335e-03 8.173919292138561943e+00 2.231605491586976342e+01 4.231605491591544421e+01 5.639439325359534649e+01 4.619677643746719298e+01 2.794831525763580515e+01 4.087719468942045609e+01 4.392292609660014335e+01 3.080956401797782007e+01 5.076846298521738277e+01 6.794480923352955415e+01 6.736871657800386970e+01 6.736871658030939614e+01 8.267839285959122719e+01 9.264600061946300968e+01 9.251229667487561414e+01 8.248225864893413473e+01 7.416634495903272750e+01 6.709092902403871506e+01 5.566976121334554506e+01 3.565463163881889130e+01 5.566976121333308924e+01 4.869504797252081829e+01 5.456069121062737537e+01 7.394380576515798964e+01 6.285240090051892281e+01 5.482021395156591836e+01 5.608561557751933435e+01 4.969632016460710133e+01 4.027617809023305995e+01 2.022199382158503767e+01 3.913949458790236946e+01 4.333890505405469895e+01 2.881878179741578450e+01 4.941131046987747055e+01 5.677855614335270928e+01
