LEM/sinusoidal_perturbations/elevation_000199.asc
nrows	100
cellsize	150.0
xllcorner	0
ncols	100
yllcorner	0
NODATA_value	-9999
[rows 68 to 84 of 100, columns 37 to 73 of 100]
3.900328152503081469e+01 5.333543730174336872e+01 6.188070143859270900e+01 7.644645245954029633e+01 8.243381731372974741e+01 6.747407541851899282e+01 7.889688666366468794e+01 5.833448115868505113e+01 4.363905581681756018e+01 6.439130512569147413e+01 7.534124771106777985e+01 7.447276717377499722e+01 5.990024186992572197e+01 4.906886157346971800e+01 6.985019979975271553e+01 7.834141354388027878e+01 8.296827377050652785e+01 8.848667181117795622e+01 9.443067761974886309e+01 1.028270138504002773e+02 1.188316046560981647e+02 1.187993239478754361e+02 9.902482517198733092e+01 9.644421085507431712e+01 1.123405359766542659e+02 1.205096872675410680e+02 1.303470144635399208e+02 1.386947995805003018e+02 1.287438638156111779e+02 1.105493029464810490e+02 1.256727996526070683e+02 1.250210806784331226e+02 1.045965367335658556e+02 9.005774576120326458e+01 9.694999565774516270e+01 1.174200846348799985e+02 1.285628924569931542e+02
5.939249326536641860e+01 4.348601422420808404e+01 4.728393523190852221e+01 6.795517846980257559e+01 8.257451895274799369e+01 8.894595784181102260e+01 8.031523040276438508e+01 6.066901906794733179e+01 4.742294873765136742e+01 6.818332414857653134e+01 8.518937604668876418e+01 8.932485980898258049e+01 7.835132408968448203e+01 6.985019979975271553e+01 5.316000556870643834e+01 5.761230433805584994e+01 6.227632579225389264e+01 6.783871701914075913e+01 7.384003749789030735e+01 9.443067761974886309e+01 1.137050673096235300e+02 1.269875610938539694e+02 1.187993239478754361e+02 1.162535950885682610e+02 1.244322707304381623e+02 1.292959124022140145e+02 1.375936416185786868e+02 1.304643809069318650e+02 1.105493029464810490e+02 1.003936389988107862e+02 1.056463257153287145e+02 1.188037757613339096e+02 1.056016732535955782e+02 8.506520653284893285e+01 9.960977257068010715e+01 1.200674011466828262e+02 1.084517926306620836e+02
7.261598331475390466e+01 6.407113883475255989e+01 5.368405242770899832e+01 5.331338393943637755e+01 6.801335622396518943e+01 8.872094266139934859e+01 8.794931298687893673e+01 6.630531957578912738e+01 5.283706162644054416e+01 5.630470601823274990e+01 7.099958314688447558e+01 9.152111536639934286e+01 9.238964744451271827e+01 7.174442549198863617e+01 5.703839269468352313e+01 7.777210663327851137e+01 8.296827377050652785e+01 7.920598767257799011e+01 9.443067761974886309e+01 8.492444310805289831e+01 9.942735089913848867e+01 1.196382491421513521e+02 1.255608406279376368e+02 1.172677058378955337e+02 1.151465934920007896e+02 1.092857537010484208e+02 1.292959124022140145e+02 1.386947995805003018e+02 1.230962406931862745e+02 1.030316504728609459e+02 9.121129134879021194e+01 9.864430555030996572e+01 1.002250154242768758e+02 8.114294158352403485e+01 1.016494283904534086e+02 1.169517435585615175e+02 9.668417750538787914e+01
8.588664425414172854e+01 8.225964818241362764e+01 6.150225948559566547e+01 7.407846786948302054e+01 6.021664025281666710e+01 8.100938213488328188e+01 9.645011649102285389e+01 8.014951465922192142e+01 5.920759008943426238e+01 7.701020073833699087e+01 6.831714852915511926e+01 8.888513089250352550e+01 9.374410723496694686e+01 7.321345245308977212e+01 6.121199958542226938e+01 8.191539530198178909e+01 9.843609061224132972e+01 9.970852717265523779e+01 1.080954292582950416e+02 9.942735089913848867e+01 1.137050673096235300e+02 1.190394350854466836e+02 1.107356938965088204e+02 9.713469289837318854e+01 9.498834791898225660e+01 1.066848328686474758e+02 1.208585242666078727e+02 1.408215989370414434e+02 1.313325151986867638e+02 1.197787355557192654e+02 1.045488776699907447e+02 8.416708355178263901e+01 7.973550500002627928e+01 7.739860966914481821e+01 9.784368669958568887e+01 1.081394137001718150e+02 8.892321879022620124e+01
9.775464965823272223e+01 9.071815448671065951e+01 7.192450742609976544e+01 8.677012560164942556e+01 6.599947092895681067e+01 7.723046677195665666e+01 9.782362728107121086e+01 8.709845628064584844e+01 6.625163141637401054e+01 8.709845628064584844e+01 8.027560595074099581e+01 9.719473468700033436e+01 1.020281584183141348e+02 8.972772019784835607e+01 6.907732682416161651e+01 6.937374230621938409e+01 7.866249740299238624e+01 9.058834683146412203e+01 1.109380332854888280e+02 1.196382491421513521e+02 1.162635728938417117e+02 1.068728344077207311e+02 9.052835082351852236e+01 8.537862101622147293e+01 9.449714605599334050e+01 1.061986006596328451e+02 1.262228000396338246e+02 1.337728515167635237e+02 1.223650033712419116e+02 1.142045126923153617e+02 1.066351994540131898e+02 9.932459266394359076e+01 9.408540496422644139e+01 7.380810475784639380e+01 9.166106606912799748e+01 8.781112564263801801e+01 9.592105651427279156e+01
1.102207104408973493e+02 1.009978987251877669e+02 8.660939485171689967e+01 9.301191675305457807e+01 7.231023901122787834e+01 9.301191675305457807e+01 1.061883284602291582e+02 9.547386483895925835e+01 7.678180558390180011e+01 9.547386483895925835e+01 1.006459606774670164e+02 1.088672068935111383e+02 1.042579245117966167e+02 8.373429514691545705e+01 8.974552701332976312e+01 7.975427661029910098e+01 9.000934433376599486e+01 1.075808889762539877e+02 1.193040089427066732e+02 1.217650253079310403e+02 1.027001981634116419e+02 8.886200653794756477e+01 7.882755085453540289e+01 9.906897893371083796e+01 1.139559144128697739e+02 1.229551140602274160e+02 1.345153982802594612e+02 1.256450686054334938e+02 1.058294444970804307e+02 9.360139004461431966e+01 8.568737466392180124e+01 7.906503370983769230e+01 8.191104170162832077e+01 7.115218449636472542e+01 7.142236335822627780e+01 7.347829112961535714e+01 7.558731511035836093e+01
9.188827352234739010e+01 1.112801799789486665e+02 1.070454675080547986e+02 1.013965287946120526e+02 8.435856650740369389e+01 8.703010235929170335e+01 1.074532941900753968e+02 1.056968915060198100e+02 9.741510697738989677e+01 1.056968915060198100e+02 1.163405616471823123e+02 1.245854523133199336e+02 1.126843644262066704e+02 1.042579245117966167e+02 1.086535139643125945e+02 1.002644120572330593e+02 1.086535139643125945e+02 1.187800557644131914e+02 1.208523450468856595e+02 1.220294814997299255e+02 1.020728978294062159e+02 9.515111729441163391e+01 7.514419538537957521e+01 9.515111729441163391e+01 1.019835000346250666e+02 1.083353782311324522e+02 1.166159991262527740e+02 1.255704878768265900e+02 1.223650033712419116e+02 1.142045126923153617e+02 9.968320901459317440e+01 9.651379587158413642e+01 7.248842176475430676e+01 6.854010958131995324e+01 8.872397164518262969e+01 9.376514336477613654e+01 8.731692354738665074e+01
9.188828756956669963e+01 1.021910742026136774e+02 1.217116382809654880e+02 1.131510779914215021e+02 1.048326225892219270e+02 1.074532941900753968e+02 1.157629552299325155e+02 1.197898867166743742e+02 1.115269356670196004e+02 1.129856369565392811e+02 9.617182357870701992e+01 1.129856369565392811e+02 1.143656099644109503e+02 1.226289719223956496e+02 1.201300615935854097e+02 1.118112882989256605e+02 1.201300615935854097e+02 1.145107363677026910e+02 1.001221267245001911e+02 1.074540313680379597e+02 1.022228850262479511e+02 8.162365624586621493e+01 7.166182816184728210e+01 7.617632036904736026e+01 8.191513758504596865e+01 8.824897571020646581e+01 9.725390814265803385e+01 1.114544142911230864e+02 1.314141169702292302e+02 1.268299327057133894e+02 1.119903604459227182e+02 8.992974817025097423e+01 7.493234646024249912e+01 6.698514263157757398e+01 8.501041539446616468e+01 9.339756532051983129e+01 1.076249294902994649e+02
8.291573592928153857e+01 1.021911272913022373e+02 1.056442971174542436e+02 9.725246803406810159e+01 1.056444528998762706e+02 1.209983452364013061e+02 1.127413276938958120e+02 1.082042307637108962e+02 9.141094129647569844e+01 1.046961352941330574e+02 8.464962427559687796e+01 1.046961352941330574e+02 9.421120791606888645e+01 1.110274683480072611e+02 1.100018414352095277e+02 9.148312897223381412e+01 1.100018414352095277e+02 1.060517741040718960e+02 8.582366480316099455e+01 8.732011726900650217e+01 1.015630151489917239e+02 8.834014872519045980e+01 6.843045984233256718e+01 8.834014872519045980e+01 1.005573212199304010e+02 1.083353782311324522e+02 1.166159991262527740e+02 1.255704878768265900e+02 1.260287922834161805e+02 1.177162681834831659e+02 1.124122972780531171e+02 9.187421011907693469e+01 9.543566356486243762e+01 7.906376170113938429e+01 6.491037172404813305e+01 8.290570872942814162e+01 9.128477802162471733e+01
1.021887664670295379e+02 1.103091465966944753e+02 9.547678383942192681e+01 7.688618212742809988e+01 9.547678383942192681e+01 1.127413276938958120e+02 9.263202513560294449e+01 9.852190342669743472e+01 7.994630726879643134e+01 8.869623555535585524e+01 7.767991839443618574e+01 9.760862335396414835e+01 8.270736841126495165e+01 1.020718664116375578e+02 1.016472086355796591e+02 8.131726239616594398e+01 9.148223551609652304e+01 9.755311215551107296e+01 9.321720417678542958e+01 7.320505742860275689e+01 8.425423422959259767e+01 8.206475367837735746e+01 6.572633603833504878e+01 7.229528084433840718e+01 8.117696062384106881e+01 9.275141367174649076e+01 1.128094520229164175e+02 1.196148509036790983e+02 1.112846456920641316e+02 9.748021550041993066e+01 1.143738846165816199e+02 1.124122972283216626e+02 1.075667867077976609e+02 9.337560766747553487e+01 8.292029876657146303e+01 6.286344518518588842e+01 7.435623222252579012e+01
1.090023231008111253e+02 1.028895124129478233e+02 8.706932361445213076e+01 6.671582131167453156e+01 8.706932361445213076e+01 9.726882446506252222e+01 9.852190348999495484e+01 7.857743377340806035e+01 7.112873513863851826e+01 6.886443055335743679e+01 8.869623555535585524e+01 9.222550940904632455e+01 7.388017667321777537e+01 8.625565818564662379e+01 1.062583083499550582e+02 9.148223551609652304e+01 7.145291812882432225e+01 7.740366429150830641e+01 9.165980338678413375e+01 8.425423422959259767e+01 6.436539823488466538e+01 6.220311260734868597e+01 8.206475346391233927e+01 9.226142116462943932e+01 1.005573212199304152e+02 1.095202592149425413e+02 1.210890513548565792e+02 1.112846456920641316e+02 9.097543014566304009e+01 8.566437499234731945e+01 1.052951405246711261e+02 1.165139989814912411e+02 9.682863774904107856e+01 9.682863825459180873e+01 8.147268359127622261e+01 6.143315625638220467e+01 8.147227104795827302e+01
9.723487087421726471e+01 9.395022426874564303e+01 7.421480587510392013e+01 6.001147347607046356e+01 8.028482246138926826e+01 7.673098092837848583e+01 9.124218568356972980e+01 9.717919232928997531e+01 7.735264540909719244e+01 6.336568278134368626e+01 7.807689510110468234e+01 7.232525684969043311e+01 6.641052905089543401e+01 8.040492542111297780e+01 1.003806125089147230e+02 9.986031138698508869e+01 8.330530093370984446e+01 6.366459803818563046e+01 7.675839996860491965e+01 7.571870622180044563e+01 5.885859564290326063e+01 7.873188662413106442e+01 7.472383213665162316e+01 8.882830119207240216e+01 1.088643329391613577e+02 1.056452471412914633e+02 1.142105570188015236e+02 1.111393317429568697e+02 9.692386165862464509e+01 7.657592708677145765e+01 9.692386165862464509e+01 1.107431516247958854e+02 9.106505810283137237e+01 7.705349829115712623e+01 8.003798013510505882e+01 6.000419186027475149e+01 6.276833838916263630e+01
8.874462970074122836e+01 8.555737404693107351e+01 6.552366459557525502e+01 5.461482736201678989e+01 7.427655525885926124e+01 6.249821789816610362e+01 8.107965841393642847e+01 9.448978407012859293e+01 9.146378690159997404e+01 7.807689510110468234e+01 5.823019827716375829e+01 5.830612410543669455e+01 7.815391814093079859e+01 9.139326178388071753e+01 9.919946340945101326e+01 9.092693136241547336e+01 9.165980338678413375e+01 7.675839996860491965e+01 5.721520308037998603e+01 5.581820771396307634e+01 6.987955676008547812e+01 8.701027388963778719e+01 9.469671526553666752e+01 1.029902869699049148e+02 1.024082831329906043e+02 8.530085174870353626e+01 1.024082831329906043e+02 1.027844961826320400e+02 8.249753247454945893e+01 7.103995868211403319e+01 8.532748037002245667e+01 1.056518827676796235e+02 9.891293018826183925e+01 8.541124036121550489e+01 6.559257450690776636e+01 5.857226091585769723e+01 7.860911620929232413e+01
7.769288808073015673e+01 8.334082160614499912e+01 6.334256504039633739e+01 4.994423439334112658e+01 6.325748542615583148e+01 5.297833786282585322e+01 6.416850902708858939e+01 8.523940987442740891e+01 8.111790018460702356e+01 7.766010103440015655e+01 6.940714505414730695e+01 5.334173511909796872e+01 6.326486896370095536e+01 8.311907030028319809e+01 9.092693136241547336e+01 7.098282960760317906e+01 7.682432171592428460e+01 7.018725369495412281e+01 5.285396245130220905e+01 6.695612940390158485e+01 8.399224871495258071e+01 9.810428287899790689e+01 1.027481855691188315e+02 1.110979922977663392e+02 9.389940596194189482e+01 7.408911247692219604e+01 9.389940596194195166e+01 1.005707821724754325e+02 8.027607863408805144e+01 6.609342365216889448e+01 8.027607863408805144e+01 1.005707821724754325e+02 9.092971602643761742e+01 7.161423773761116252e+01 7.344543987248985673e+01 5.729833046713188338e+01 7.711127164557308333e+01
6.912249107508218060e+01 7.653564567551977404e+01 6.909587437970341739e+01 6.325720632776054941e+01 4.441496264793278925e+01 5.749505407965012438e+01 7.716916372270877389e+01 8.111790018436097682e+01 6.190206510812745933e+01 6.578782922104817033e+01 4.958107870187233601e+01 6.940714505093274056e+01 8.144837247326539398e+01 9.139326178388071753e+01 9.092696356764238885e+01 7.098282964719676613e+01 5.690943244609830742e+01 5.021649534569017703e+01 7.018725342736044581e+01 8.106474460883575262e+01 9.517335205262116915e+01 9.935529852026816400e+01 8.233431461980265453e+01 9.935529852026816400e+01 8.689540978191809018e+01 6.731280940926954770e+01 8.689540973742006713e+01 9.642814331041317644e+01 7.618189879829078848e+01 6.204988554206322249e+01 8.211188647825169085e+01 9.472986129044103620e+01 8.219616366979356314e+01 7.383779834752689908e+01 5.550456714690817961e+01 7.557491641641948377e+01 8.753591588954078873e+01
6.385155162554126207e+01 6.314239378859061702e+01 5.166955511491524078e+01 5.577457464497819473e+01 4.129974060237008615e+01 5.436432266752772335e+01 7.382265856446647945e+01 7.062236317070036762e+01 6.237475665931079050e+01 4.600753404364889576e+01 6.578782922104817033e+01 7.766010078313088627e+01 8.264951903526487342e+01 7.468208027723305520e+01 8.267357561921768649e+01 8.507001724082208227e+01 6.842638401630411238e+01 4.844743580717793918e+01 6.000439131236539936e+01 7.408907987787901561e+01 9.405595656611912148e+01 9.096220928414196294e+01 7.056688244566338142e+01 8.695895209585955854e+01 7.943592478425790659e+01 6.139422725572171657e+01 7.392684825952412098e+01 8.196473865296023575e+01 7.831998527151462497e+01 5.827620436323601893e+01 7.832052467201076240e+01 7.942700438642886240e+01 6.621231138706701813e+01 5.374545903386546541e+01 7.368065147166191764e+01 6.728436289403097703e+01 7.911445980313331461e+01
5.375539224139919980e+01 4.578478560819110754e+01 5.038315836101332224e+01 3.695296067369228155e+01 5.575058673416510402e+01 6.324759702438290532e+01 6.682876037494111188e+01 5.906685289196666844e+01 4.264166089803639181e+01 6.237459525389433423e+01 7.403379317694866302e+01 7.411617938363421842e+01 7.353275090774192790e+01 5.702476958758719405e+01 7.358582900253135506e+01 7.256541585981123887e+01 6.429678174183372619e+01 4.678063378487333779e+01 6.086131446163521730e+01 8.080528756078173558e+01 9.716047426946178689e+01 8.325336815253024270e+01 6.298730042164712017e+01 7.361686412682092850e+01 6.181925216918931199e+01 6.643779975237661972e+01 5.335244089684504587e+01 7.226363008421411394e+01 7.471339070169091201e+01 5.466239555315172538e+01 6.980789662390111516e+01 6.711003502518066455e+01 5.200922588734637486e+01 7.211489446548995375e+01 8.212906294791014261e+01 8.703165990262674256e+01 9.530139612215695877e+01
