LEM/sinusoidal_perturbations/elevation_000869.asc
nrows	100
cellsize	150.0
xllcorner	0
ncols	100
yllcorner	0
NODATA_value	-9999
[rows 0 to 16 of 100, columns 37 to 73 of 100]
1.079811045995278533e+02 1.015166175287352957e+02 9.324908887164647808e+01 9.585969541708362840e+01 1.041150859815217586e+02 1.095999439635916559e+02 1.044132667660789480e+02 1.102376291459012663e+02 1.063570401128973373e+02 9.810557688502107965e+01 1.063570401128973373e+02 1.104460783105306803e+02 1.104460783105306803e+02 1.186338089307817114e+02 1.353216633575070773e+02 1.325399228984055355e+02 1.244267785091953584e+02 1.274549988768092703e+02 1.355539813826901820e+02 1.383268575847177715e+02 1.373958356054124010e+02 1.373958356054124010e+02 1.454601559736545937e+02 1.496215158498605149e+02 1.378874980294062311e+02 1.287932406646682182e+02 1.203921673752696222e+02 1.287932406646682182e+02 1.286410707691942434e+02 1.251987491182073882e+02 1.335887425644986024e+02 1.384622071790026894e+02 1.267243560399583941e+02 1.183180322113194194e+02 1.183180322113194194e+02 1.267243560399583941e+02 1.243075614007716325e+02
9.638318087554030456e+01 8.990120165374598571e+01 7.306477548478844142e+01 7.568731736577581160e+01 9.585969541708107045e+01 8.953249125914840079e+01 8.428160086523801908e+01 9.017802929101229381e+01 9.628422411843857276e+01 7.786681413159274712e+01 9.628422411843840223e+01 9.032317827800646626e+01 9.032317827800646626e+01 1.104460783105306803e+02 1.155650654916645266e+02 1.155650654916645266e+02 1.045136142281252774e+02 1.075970723461600045e+02 1.186179187669732471e+02 1.186179187669732471e+02 1.177211445010969584e+02 1.177211445010969584e+02 1.373958356054124010e+02 1.412865009660462192e+02 1.208791595570226747e+02 1.091289311290738056e+02 1.001501119312860482e+02 1.108499709288730060e+02 1.083276361710071285e+02 1.048958384874054701e+02 1.218749135265817358e+02 1.300761928618172192e+02 1.097104612115978597e+02 9.812519433897722365e+01 9.812519433897722365e+01 1.077673973661531619e+02 1.040500803273970547e+02
7.908906116493179184e+01 8.159567010432859036e+01 6.152586773339254478e+01 8.159567010433617895e+01 9.541011207513955128e+01 7.525184923891984567e+01 7.000430994285048314e+01 8.945522627926993664e+01 8.798619242845404642e+01 6.778985264626074070e+01 8.667192038313197600e+01 7.596878442678951160e+01 9.032317827800646626e+01 1.104460783105306803e+02 1.155650654916645266e+02 9.549574063903251897e+01 9.281431217777064546e+01 9.592328728670835858e+01 9.859870056555918438e+01 1.186179187665342027e+02 1.035481600486349549e+02 1.159487916321783558e+02 1.356858978738037251e+02 1.396251350687785191e+02 1.294450252466592133e+02 1.210374871239692709e+02 1.108499709288730060e+02 9.084446560526005499e+01 9.419496093874742826e+01 9.340243316926726891e+01 1.128711246957633278e+02 1.288975903072612823e+02 1.209610257965286877e+02 1.007358853410653978e+02 8.674516783119943852e+01 8.782429951445907079e+01 9.516285416301636246e+01
5.907167256453821835e+01 7.152319943150587278e+01 5.559014612208539319e+01 7.554439700601477625e+01 8.183845129256800988e+01 8.115606772671371516e+01 6.111000824879304361e+01 7.297859627933489435e+01 7.465579495366438323e+01 6.078814063367460818e+01 6.648933226316918876e+01 8.667192038313197600e+01 9.700040807531381404e+01 1.052592479775067744e+02 1.020925914941677632e+02 9.381161745244750705e+01 8.261053506848043071e+01 8.572983069067201711e+01 1.043188029703788544e+02 1.083593225436026444e+02 9.586894384079484155e+01 1.101453656483560337e+02 1.299595013505505676e+02 1.312435379329371301e+02 1.108314363150014117e+02 1.007556530910455024e+02 9.415455321700048330e+01 8.828185049296639875e+01 8.296961547514355573e+01 8.471878340957313469e+01 1.044993023738974784e+02 1.086041506947723008e+02 1.229368365424292193e+02 1.150487971668332818e+02 9.884857287048954788e+01 7.914027955486670862e+01 9.297523159301100293e+01
7.152319943156305726e+01 5.162633794373851970e+01 5.013645597213677974e+01 6.618186297780331984e+01 6.181166949583070647e+01 6.919064068507795184e+01 7.045351254524166507e+01 5.308916770237477323e+01 5.473994933397599283e+01 7.465580865264675481e+01 8.559557273474808881e+01 8.307305713452727502e+01 7.673878924691921100e+01 8.760976348661434088e+01 8.996855686682960140e+01 7.348180710657112513e+01 7.658226027332625563e+01 8.025600236277209376e+01 8.406159696414979976e+01 8.815675641396283879e+01 1.083593225436026444e+02 1.159487916321783558e+02 1.356858978738037251e+02 1.396251350687785191e+02 1.294450252466592133e+02 1.210374871239692709e+02 1.142768757796613102e+02 1.082097672477660097e+02 9.750583281634267507e+01 7.799951863739529756e+01 9.750583282932828411e+01 9.448378234242585449e+01 1.145479615252308179e+02 1.090175047498212564e+02 8.906211623158603174e+01 7.525448197301466280e+01 9.490691420736503403e+01
7.104679352679929139e+01 6.276480469767300008e+01 4.483629117539918951e+01 4.633760065921422466e+01 4.783712825891475262e+01 4.934438765529220206e+01 5.085907361078785982e+01 7.071885202788334368e+01 7.465580865264675481e+01 5.730830572350636487e+01 7.727793945185409541e+01 6.294778513146516019e+01 6.511413504300460886e+01 6.736235365617191917e+01 6.967365956798386151e+01 8.996753148147290347e+01 9.691056942319922030e+01 1.005571342530204504e+02 9.845337122078608161e+01 1.025142960187101266e+02 9.990497624784150332e+01 1.115456129314509042e+02 1.313316169421925679e+02 1.374000584276307677e+02 1.289978329418256067e+02 1.289978329418256067e+02 1.201082379425624254e+02 9.995066034153505541e+01 8.605203024028625691e+01 7.500732572146868904e+01 8.218269662185846869e+01 1.018582604067456998e+02 1.124829389126252153e+02 1.027013987373859862e+02 8.288006983103088032e+01 7.159171486138563978e+01 8.068748473938845223e+01
6.095105843757140462e+01 4.285425100236425777e+01 6.276486573744161745e+01 6.618186297837405618e+01 6.767737807832720875e+01 6.919064068501646148e+01 5.677174367088525742e+01 7.670438295635338477e+01 8.551500322071416349e+01 7.708527917473828950e+01 5.993007399143620972e+01 7.996736444273095401e+01 8.530231965586848730e+01 8.760976348661434088e+01 8.996905532015205154e+01 7.733870352396635894e+01 9.764357559019971688e+01 1.153686030513135989e+02 1.184791473242497801e+02 1.224700979190983645e+02 1.199081601773788321e+02 1.280365327313868136e+02 1.394135844711747438e+02 1.289978329418256067e+02 1.085474402177020607e+02 1.085474402177020607e+02 1.206489944160566523e+02 1.030816956657097450e+02 8.337329576294352762e+01 7.232365530841083512e+01 8.804068466153722738e+01 8.442138722503710824e+01 1.041447117179022115e+02 1.110628063498443368e+02 9.955725234544466673e+01 8.648788374471101292e+01 6.672078827718726757e+01
4.095774521536494461e+01 6.095105843757018249e+01 4.840467823703190220e+01 6.827624737994167958e+01 8.245942921302199125e+01 8.496630078023406440e+01 7.670438295667287321e+01 6.735952842733394164e+01 8.743640255422889140e+01 8.812377921985250850e+01 6.986011039319809868e+01 6.616209164002924581e+01 8.635225299286527445e+01 1.020296666145854800e+02 1.059006858431239806e+02 9.174913964663085153e+01 8.696485149077642518e+01 9.714599131259100773e+01 1.113891501765916416e+02 1.311871713033536651e+02 1.282715451189437772e+02 1.364418297667630782e+02 1.392435314248494933e+02 1.187521344588019190e+02 1.043205174631678318e+02 9.432834814616035146e+01 1.003380435824644081e+02 1.114318001717933839e+02 9.997691738407796436e+01 8.804068467772714257e+01 6.863462602280364422e+01 8.455553454280303072e+01 9.277232198053805234e+01 1.035264267198980122e+02 9.520830301130067141e+01 8.814946364996120565e+01 7.797388157916959983e+01
5.916636795815703920e+01 6.923102847758822520e+01 6.827624737994167958e+01 5.421925722482247068e+01 6.826499668342911775e+01 8.837461545893442860e+01 9.566817164274038987e+01 8.157134222116827971e+01 8.743699783903927880e+01 9.007501636595237926e+01 9.007501636571140580e+01 7.779580208807391273e+01 7.348329736037867121e+01 9.375410562205239273e+01 1.120854494731112965e+02 1.118740027877031764e+02 1.013177159583395621e+02 1.153686030513135989e+02 1.253348803462056225e+02 1.250129246396339653e+02 1.084468438866181828e+02 1.168255926531387985e+02 1.250124886698278885e+02 1.331755405819643840e+02 1.229737493226666061e+02 1.062869835417297821e+02 8.636893791975289503e+01 9.982471624585426184e+01 9.600456701175201601e+01 8.774644366205949098e+01 6.833690117203612147e+01 6.503513383756575195e+01 8.182213170882407383e+01 8.406595527812586965e+01 7.534569809260372608e+01 7.899055170328861664e+01 6.050303845061506536e+01
5.910754863998570130e+01 7.894600143581082818e+01 7.874693250671251121e+01 5.873102172492962580e+01 7.874693250671251121e+01 9.539622269245704445e+01 1.036551951732265167e+02 1.015979431839131308e+02 1.073884147707189811e+02 1.101833480009856032e+02 1.062929291821311182e+02 9.804058229504383348e+01 8.364340047597363537e+01 8.364340047597364958e+01 9.800132921182606083e+01 1.180205074640877143e+02 1.212881607399725681e+02 1.199808329453708069e+02 1.279915802482510117e+02 1.168257485258565538e+02 9.698613187766346755e+01 9.698613024284745165e+01 1.133508389127275535e+02 1.232742714507432424e+02 1.228847613762790161e+02 1.025567180969178054e+02 9.982471624585426184e+01 8.017882918987575636e+01 7.653778083156829837e+01 7.305427456365896433e+01 8.774644366205949098e+01 8.182213170882407383e+01 6.218271699403292985e+01 6.023045475013391581e+01 7.752036044185564378e+01 5.899376423001966430e+01 7.899055363869381097e+01
6.136505278764311555e+01 8.105230286183802946e+01 8.705402601752577141e+01 6.760702196942882836e+01 6.760702196942882836e+01 7.519084929030395870e+01 8.950761112330560820e+01 1.096125886062496875e+02 1.052415110962454179e+02 1.037422707913014222e+02 1.120237183040546540e+02 1.120854494731112965e+02 9.800132921182606083e+01 9.538580484408454652e+01 1.120854494731113391e+02 1.219053078531460130e+02 1.139142261481482876e+02 1.008566102099588448e+02 1.169137751183300935e+02 1.205201866066176422e+02 1.053713405131258583e+02 8.542815089512512827e+01 9.591264699717680742e+01 1.154107139315719195e+02 1.221880248418513730e+02 1.228847613762790161e+02 1.080688194700626497e+02 8.980417484457217370e+01 9.600456701175201601e+01 8.411016202242061013e+01 9.785134486739796955e+01 7.821964825879740602e+01 8.066730818236763412e+01 6.997581955322399949e+01 5.749899790553590151e+01 7.752036044185702224e+01 8.725624634875468644e+01
8.105230286433898357e+01 8.921428134684187228e+01 8.775930944718643900e+01 8.185498002811151252e+01 8.185498002775203474e+01 9.539622269245704445e+01 1.036551951732265167e+02 9.928115917052330985e+01 8.504329869291964883e+01 8.353048987416777038e+01 9.786002067930813553e+01 1.179432787889461878e+02 1.180205074640877143e+02 1.154473482592177334e+02 1.236065000443018107e+02 1.139142261481482876e+02 9.468538398920193799e+01 8.965990900242053385e+01 1.082953459211734639e+02 1.064654561120951826e+02 9.241072471009384515e+01 7.949949531519277457e+01 9.958760704290189381e+01 1.161659148581287582e+02 1.021301529613655674e+02 1.163444709255121126e+02 1.179153709943461195e+02 1.038191901210729498e+02 1.122384668965394781e+02 1.038779827716804789e+02 1.061536130569706415e+02 9.336824186235243417e+01 7.464577402910968829e+01 6.431844972759786572e+01 5.657281560295592726e+01 7.528815173956186868e+01 8.354105383055244261e+01
9.209101105499071593e+01 1.024412961668651576e+02 1.078546096206535054e+02 1.020136216074443638e+02 1.020136206413867370e+02 1.011065764514020486e+02 9.021375393347233285e+01 8.185779210596440691e+01 7.060781083817286685e+01 9.095921813800752886e+01 1.033645781296667110e+02 9.989366749764890585e+01 1.081871247826238687e+02 1.182312239015355573e+02 1.288327412099982325e+02 1.098110481103951201e+02 1.003173814631915093e+02 8.068316760068969984e+01 9.232242700668767554e+01 9.641663692044758704e+01 7.804310280385303145e+01 7.442294455712149670e+01 9.473010271371055069e+01 1.037215758461681929e+02 8.794352074706533529e+01 9.902123238299449781e+01 1.190498021282446359e+02 1.238414175938487460e+02 1.207332836098378692e+02 1.124446623205403171e+02 1.139351602810420587e+02 1.015609633336310225e+02 9.237511885099948472e+01 8.307948128617231021e+01 6.771458939634517549e+01 5.526922958159776300e+01 6.929248369324420764e+01
7.409795370208651377e+01 9.243184525075324132e+01 9.565749862703459883e+01 8.732234548914595962e+01 9.565749862703459883e+01 9.278826778383434259e+01 7.246901872427685021e+01 6.144993996522017454e+01 7.831786946786699843e+01 8.341812667113349278e+01 8.314701939692780286e+01 7.964186228396597755e+01 8.982222151636500485e+01 1.099651134789338300e+02 1.214062929425610804e+02 1.098110481103951059e+02 9.120410204192320691e+01 8.142877951527965763e+01 7.222292117859315397e+01 8.580128620776868331e+01 6.756798920615237591e+01 8.814343016569632994e+01 9.778664422900618547e+01 8.358051407103918962e+01 7.879436731355771428e+01 9.902123238299448360e+01 1.160687566995758431e+02 1.265628616430632150e+02 1.065967126848645989e+02 9.271403861288870019e+01 9.417967151109989743e+01 1.046223335644548200e+02 1.037348744698191609e+02 9.296801473349661649e+01 7.637267046393647263e+01 5.435343704207328841e+01 6.831235885334812963e+01
6.405616279614267228e+01 8.413974460803039790e+01 8.551810991536167705e+01 6.697897656659328902e+01 8.551810991536167705e+01 9.057974326986933988e+01 7.024042169167879024e+01 5.582405212804712136e+01 5.793519033916479088e+01 6.301709785806762909e+01 6.869569165525139454e+01 8.314701973892744036e+01 1.033646354213785514e+02 1.182312239007313792e+02 1.009540116362037310e+02 1.003438535161828611e+02 9.188489386010493831e+01 8.539795946727352316e+01 7.967694648275485747e+01 6.538884169977367833e+01 6.343310573828239995e+01 8.410908269507653756e+01 8.329111350167568162e+01 6.895986840766887838e+01 7.595587505570215114e+01 8.777786581038391489e+01 1.078032858492251478e+02 1.220227026500078580e+02 1.120944739980782714e+02 9.996592020616122909e+01 8.051235896721199481e+01 8.506812981517458638e+01 8.684404500106357716e+01 7.714117522205961563e+01 8.575337937434788671e+01 7.313339999979183403e+01 5.306793161057030517e+01
8.239952650852755767e+01 9.243184525075324132e+01 7.715066102786963143e+01 5.681480741867795103e+01 7.715066102786963143e+01 8.591358569346478191e+01 6.556313377647248331e+01 5.122978788435293040e+01 7.152364309163283451e+01 8.341812667113349278e+01 8.906862227289380485e+01 9.051249395962634026e+01 9.883676963207255994e+01 1.089254205455219875e+02 1.009540116362047399e+02 8.067484779268085049e+01 7.139557371866811764e+01 6.472940393023695549e+01 5.893963365284960787e+01 7.418735797644818319e+01 5.950115088354539239e+01 7.766585676608370648e+01 6.262698352737202612e+01 8.329111350167568162e+01 9.624160419916483988e+01 9.038021146271638884e+01 1.103922580378939955e+02 1.137227301492457059e+02 9.394143143020812659e+01 8.429708361012279738e+01 7.754067698471494907e+01 7.143770132271743023e+01 6.741054662706494582e+01 6.355624969463810459e+01 7.809323536035624613e+01 7.249354234728447466e+01 5.217989631902796077e+01
7.999891387091513195e+01 8.835536667151124846e+01 7.037204315813904998e+01 5.012899353387329882e+01 7.037204315813904998e+01 8.214334589696572664e+01 6.835427537758965855e+01 4.813974201504085926e+01 6.835427537758965855e+01 7.437115803534636882e+01 7.963671928422913027e+01 7.016578263408172234e+01 8.039040665116367279e+01 1.006345812680891925e+02 1.094402826794628965e+02 1.003438535161828611e+02 9.188306122834347889e+01 8.432754722190500729e+01 7.476854731642985996e+01 5.412143805572144828e+01 7.476817651842245027e+01 5.699642257833481551e+01 7.766585957977940780e+01 8.329111350167568162e+01 1.035055479921657309e+02 1.103922580378939955e+02 1.186578862540106769e+02 1.220227026500078580e+02 1.120944739980782714e+02 1.038320807897268736e+02 9.692541630164780031e+01 8.506812981517458638e+01 8.684404500106366243e+01 7.809323557312706043e+01 5.833673274693611432e+01 7.339892239707914712e+01 7.095555563239246055e+01
