LEM/sinusoidal_perturbations/elevation_000975.asc
nrows	100
cellsize	150.0
xllcorner	0
ncols	100
yllcorner	0
NODATA_value	-9999
[rows 17 to 33 of 100, columns 0 to 36 of 100]
5.222468517465790779e-03 2.000522246851711117e+01 3.723031727814814928e+01 4.877734747295856721e+01 6.432650705597343688e+01 7.219985349136739217e+01 6.427102159103064594e+01 5.594412931892029661e+01 5.899393710696507043e+01 4.593437392971139843e+01 4.697514375502074557e+01 2.864297996350879316e+01 4.336166567031472852e+01 5.944392302547480256e+01 4.390718571526743119e+01 6.262142768803325055e+01 5.963183895797525480e+01 3.911183536480339029e+01 5.236984253992592642e+01 7.185200196530510652e+01 6.884720767752210691e+01 4.892710912059860817e+01 6.884720767752331483e+01 7.513830627176240284e+01 5.611557226354967298e+01 7.513830627176240284e+01 7.896713784937298897e+01 5.959750082068168098e+01 4.814518900335566087e+01 4.106366198234999842e+01 4.313275628099039238e+01 2.290872447242039200e+01 1.678155431457117075e+01 3.627216184920880693e+01 4.454284808335184209e+01 3.898397489064669230e+01 5.021434353427621744e+01
7.333276091007126865e-03 1.155433866118368869e+01 2.569647479490412323e+01 4.569664747976833752e+01 4.414044039287301757e+01 6.074682984563101940e+01 5.594379284781047801e+01 3.653223858625442233e+01 3.808275867553614091e+01 4.862605623586700432e+01 3.224568064647191790e+01 2.339693109378859148e+01 4.251009267405546410e+01 5.424235717457337103e+01 3.332413731690941461e+01 5.424235717457657557e+01 5.236984253979620263e+01 3.193554695221076400e+01 4.269694245701583668e+01 6.324338830378479770e+01 6.220717482516168673e+01 4.242820627391034805e+01 6.220717482516168673e+01 6.841275416783717844e+01 4.910900429566162018e+01 6.841275416783717844e+01 8.120250814583479837e+01 7.575401097363253200e+01 6.778407269675253133e+01 5.151770365355577042e+01 3.159293019847486050e+01 4.158553600759281466e+01 1.565979555466134698e+01 1.761737948147848343e+01 3.142740945567798150e+01 5.413957465495955290e+01 6.653807115803667216e+01
6.343274376862209282e-03 1.414847889810793724e+01 3.414847889810864245e+01 4.062933018052892464e+01 3.181327344369622168e+01 5.267171443030081690e+01 5.461808533056559867e+01 4.219295556450268947e+01 2.358032763164566248e+01 4.219238244612022015e+01 3.808235147917338281e+01 1.810973203532029530e+01 3.808281923167978533e+01 4.697419625716655389e+01 2.621103475746630806e+01 4.697419625716648284e+01 4.646728551965529164e+01 2.607879868441094473e+01 4.646728551960063669e+01 6.438250591072555551e+01 5.649747841646206581e+01 3.703145678708902011e+01 5.649747841646075841e+01 6.259245459042837467e+01 4.287808402018359999e+01 5.427874119433755595e+01 7.278184440978527903e+01 6.118907140393052657e+01 5.277604612570117126e+01 5.322446260944355600e+01 4.149499595269931973e+01 3.350928415536588290e+01 1.466510828352433293e+01 2.051268395576780534e+01 4.191612791657374260e+01 5.866280681344231596e+01 6.902144778766783872e+01
3.497053469895897767e-03 2.000349705346954110e+01 3.116354529907586368e+01 1.963865644065034388e+01 4.062933018052881096e+01 5.295033779863657486e+01 4.653127561310621019e+01 2.818567076816404438e+01 1.788108119582872391e+01 2.933989213012329245e+01 3.390997516563307101e+01 1.364065545448883832e+01 3.416626609825791405e+01 3.279796975597060538e+01 2.018859624182379164e+01 4.079316159786446860e+01 3.521603743649653495e+01 2.129013518286703999e+01 4.165974957989521243e+01 4.491460731168190534e+01 4.491460731179067523e+01 3.235527987590266008e+01 5.147137324394533664e+01 5.037327591858025500e+01 3.699041969558265208e+01 5.712259731019725706e+01 5.165307050903057728e+01 5.277604612570117126e+01 3.270873522534490263e+01 3.694570013084520355e+01 2.538215188734483618e+01 1.337238714612076329e+01 3.342937812444028367e+01 3.024493742319248923e+01 2.968024304786802148e+01 3.978113600994986854e+01 6.059990472983155030e+01
9.635555453094322986e-03 5.174129310774972623e+00 1.052747366593227518e+01 3.116871867526711881e+01 4.825391900527765898e+01 3.337891379717061824e+01 3.256825649542265211e+01 2.621758638410600284e+01 2.368477545653329130e+01 1.120026066898613770e+01 2.508692353254907914e+01 9.909821509008175155e+00 2.928730556213036351e+01 1.262504033302342599e+01 2.602922973197630085e+01 2.926797549041834756e+01 1.489744007611541043e+01 3.521603743620647720e+01 4.728121574869015120e+01 3.927179627549857344e+01 2.619952034156584730e+01 4.491460731178703014e+01 4.393853427573272086e+01 2.960030841631074239e+01 5.037327591858854703e+01 4.725742617214748265e+01 3.160996427331277658e+01 4.572850950594276753e+01 3.819446612400590624e+01 1.850746210466963149e+01 3.126275042776611457e+01 1.247163714360225484e+01 3.257150054001879624e+01 4.570642722662853430e+01 5.018760152935798402e+01 5.866280681344231596e+01 6.900164236038581578e+01
8.845047570523793118e-03 1.985104747784323465e+01 2.897994616391811107e+01 3.071707144623940522e+01 3.946202312808696178e+01 3.310241559928197574e+01 1.410424521774243090e+01 1.167961464336275768e+01 1.166329420720076016e+01 1.949903205421167840e+01 5.577171731291159062e+00 2.254215828107539821e+01 2.383976370614939100e+01 2.435580370344899848e+01 6.810113340406764415e+00 9.264153463107419384e+00 2.926586696693594547e+01 4.099015334258692889e+01 3.411935651593649510e+01 2.069439802601437250e+01 3.927179627452802890e+01 3.779891258796315867e+01 2.266291147008991658e+01 4.393853427573061765e+01 4.166712404034749540e+01 3.150365603429823480e+01 1.765629013140420511e+01 2.885011805099319915e+01 2.738897204073593628e+01 1.036707019229854509e+01 1.118811374944330872e+01 3.009734941828131838e+01 2.167642551469295853e+01 4.169563015696848396e+01 5.260510900018968528e+01 7.248897496059507262e+01 6.511521915128497540e+01
8.023991185656003874e-03 1.874225350346144126e+01 2.039243533100168193e+01 1.245117128030997300e+01 2.135366436136777324e+01 1.575187992054993602e+00 1.844007279170021940e+00 2.146330915633129166e+00 2.474025025160720315e+00 2.799109512372308206e+00 3.110979116369189779e+00 3.415769226963215832e+00 3.717913751979403880e+00 4.019804602749887046e+00 4.321936708943645122e+00 2.416756071652660154e+01 3.268354774288894049e+01 2.943211646314130903e+01 1.543553193448020266e+01 3.406825657289804354e+01 3.194896337289791433e+01 1.629431356978833634e+01 3.779891258658570052e+01 4.669927800969063725e+01 3.188564517326690861e+01 1.157103199072109057e+01 8.978749637259824112e+00 9.315308550037173063e+00 9.649140006907728662e+00 9.997029207094440650e+00 2.637603116269148984e+01 3.688184398743403847e+01 4.169312340299766362e+01 3.305020420708738982e+01 4.679922660602748152e+01 6.662174901771916780e+01 6.291319035907493884e+01
4.598823041778624977e-03 3.020479838489331104e-01 5.995300911149857859e-01 8.972100769881231619e-01 1.195029275069068753e+00 1.852719466606469689e+00 2.234128083723290636e+00 2.182087820339479123e+01 2.372676596266927973e+01 1.102634770302814538e+01 2.431891967236460417e+01 2.381136475873159952e+01 1.596658811890999985e+01 6.543076340589408346e+00 2.420980624735242159e+01 4.752183896421523279e+00 2.453387949496650933e+01 1.026516404561207274e+01 2.544271044907297608e+01 2.770639570100373561e+01 1.053454514374886308e+01 2.836827357772411418e+01 2.946954990878798242e+01 2.313759053454615611e+01 2.831137354732379308e+01 8.501584067543943135e+00 2.784035593872598824e+01 2.935964791222319903e+01 2.031936850395464944e+01 3.001466599799112700e+01 1.047446211244709602e+01 2.947778532737350332e+01 3.758322679596385996e+01 4.802911142833255553e+01 6.085612310409410952e+01 6.491713082877396346e+01 5.662632139635869066e+01
7.340434288523949372e-03 1.733282933056524300e+01 1.055998030898867945e+01 2.018815156670883226e+01 2.081793001580066615e+01 2.138709654101023716e+01 3.409161311477405309e+00 2.254403724378008533e+01 3.532565275999859722e+01 3.156037600332834003e+01 2.520839375517672920e+01 4.252968697291608180e+01 3.460044497429551313e+01 2.322531209496518301e+01 3.047990628595847085e+01 1.702821170675680307e+01 5.184705820676449584e+00 2.047073613344331378e+01 2.384855027929878801e+01 2.455424420291463861e+01 6.716603800258376999e+00 7.041953751945139395e+00 7.368551507638787079e+00 7.696935572871036690e+00 8.027972163359244462e+00 2.750524206615301281e+01 1.337903108504645822e+01 3.359478870009415630e+01 3.705698853420077654e+01 2.704917973009160193e+01 2.712371974525657237e+01 1.094702808953498696e+01 1.635722842185489512e+01 3.801522053774061050e+01 5.326309914311966764e+01 5.662631010292633960e+01 3.649089739832682255e+01
3.515918393995972821e-03 2.000351590933837542e+01 2.954257932339631409e+01 2.913627378707692017e+01 3.282284750577470334e+01 1.322043984222040081e+01 2.254038251420178796e+01 8.219535093816736193e+00 2.833140233242209050e+01 4.489051091728826748e+01 4.485219384839254531e+01 4.350627358631304276e+01 5.167064058300922369e+01 4.429527959777842483e+01 4.029479775160774579e+01 2.748810986975017556e+01 6.025073030377083860e+00 5.627765161555251971e+00 5.942613596267189990e+00 6.260271945014809880e+00 1.709000226400650746e+01 2.304832085442710721e+01 2.439759067037612539e+01 2.555101544822562332e+01 1.056609464002575294e+01 3.009688050406486681e+01 1.688766751847988701e+01 3.686338012821266119e+01 4.709056878210220987e+01 4.172480401340899192e+01 3.551291184422413494e+01 2.155639846188130804e+01 1.141578147095738593e+01 2.315675746191974227e+01 4.443901767848456785e+01 4.827915673879775227e+01 3.996404186356350152e+01
4.608085242692564441e-03 1.414671280034164624e+01 3.414183779889692261e+01 4.615471960280041230e+01 4.084556615138718882e+01 2.318284473309122262e+01 3.501239871820637717e+01 1.482047953705738408e+01 1.601295348703759913e+01 3.654046307088861312e+01 5.525637307756267802e+01 5.888106054802345568e+01 6.085703045287537805e+01 4.852452401336769583e+01 3.895221196486601656e+01 2.837943753470896624e+01 7.970938499866297100e+00 2.652872590890593685e+01 2.696114393525200370e+01 1.188880612075491783e+01 1.095061626485318307e+01 2.374763768116537221e+01 3.064532573017221395e+01 2.866217417089510278e+01 1.815197238275142411e+01 3.827704231506825749e+01 3.686337890394613481e+01 2.214300028941196175e+01 4.210718849488086590e+01 5.041118151708590034e+01 3.625429259538523752e+01 3.121711214817439028e+01 1.174425714538978482e+01 3.185481795022309370e+01 4.590917434037982758e+01 3.758941788883471702e+01 1.981442513576349640e+01
1.610643649003322799e-03 2.000161064364864671e+01 3.373833227352323405e+01 4.201429757104313012e+01 5.039383818845252705e+01 3.715988004233325626e+01 4.298710595703590087e+01 2.245298052647629206e+01 3.654046307088861312e+01 2.560030821490965636e+01 3.813240191433585835e+01 5.979602853420856690e+01 5.364618339953992177e+01 3.051420525373861636e+01 1.782565810169135645e+01 1.056292332681835866e+01 2.840368018872955957e+01 3.690654750191665556e+01 4.270734522223795437e+01 2.202036294873964195e+01 3.005518315099619997e+01 1.545422179164792809e+01 3.351882748729379813e+01 4.097008059336973673e+01 3.325486196389289262e+01 3.809499201396729262e+01 4.597760724971595181e+01 2.608627941477200451e+01 4.597764812409813828e+01 5.417251040107289839e+01 4.201628531022964808e+01 3.212069208308847124e+01 1.206937828166505966e+01 3.213424759656862051e+01 3.525078586110942069e+01 1.742592205221531643e+01 3.758941788883471702e+01
2.022278438842990342e-03 6.668688944890291737e+00 1.373975674689043558e+01 2.528673794008541975e+01 4.527485944439693100e+01 5.593477551906062928e+01 5.184229783694877369e+01 3.437069932827950680e+01 5.205547367891976762e+01 3.768912477125739713e+01 5.574974190073023550e+01 6.882269435874273711e+01 5.666931750345675312e+01 3.526989578607648923e+01 2.588822499596734517e+01 2.768011791641259833e+01 1.317609122256169130e+01 3.368142914468884186e+01 5.143170461457227560e+01 3.679950468305633393e+01 4.297330555520151307e+01 3.447778373200415558e+01 2.024784513584793899e+01 4.017398905250156815e+01 5.230238753868552948e+01 5.429110406289400004e+01 5.006588590001675243e+01 3.028469501802545949e+01 5.006586683033414431e+01 4.740639920872013136e+01 2.607110183499031919e+01 1.502443512729661990e+01 1.239176538814144557e+01 2.223596187622145237e+01 1.509443129430848174e+01 3.510283103808642835e+01 4.522041754133307023e+01
6.642187732006160465e-03 2.000664218773165004e+01 3.373833227352323405e+01 4.201429757104313012e+01 5.353341112383099443e+01 5.252422559266694435e+01 6.086544541986541645e+01 5.549073492243525862e+01 6.422794614363591847e+01 5.929013788743097280e+01 6.820972460802038029e+01 8.108714858358951005e+01 6.534079234903174438e+01 4.926155400656492134e+01 2.939612851701784990e+01 2.192296597983244766e+01 1.504746180654765375e+01 2.959537418454607050e+01 5.032231855493177619e+01 5.775849546781086019e+01 5.681536871318287041e+01 3.557704697497076296e+01 2.390046072567560742e+01 4.456553157555158151e+01 6.165933776450724224e+01 6.801822086554264502e+01 5.441060348089788334e+01 3.478035635417079163e+01 5.441060348109115807e+01 4.383489685557992033e+01 2.354076045936965755e+01 3.419745937057366092e+01 2.283371759950229674e+01 1.284604234876588613e+01 3.286006572863215780e+01 1.556641049138196919e+01 3.826257793673571683e+01
1.591255364720534126e-03 1.414372687956196195e+01 3.414372754592759662e+01 3.269221957150363522e+01 3.669318283310776962e+01 3.250027706169900199e+01 4.581096621405244917e+01 5.115877749112844697e+01 5.719318145211599358e+01 6.427181920846672369e+01 7.262431769725858999e+01 7.302347979030150782e+01 5.230929865660759503e+01 4.103818638955895892e+01 4.494493438684749265e+01 2.688743323682274422e+01 1.705263407702198464e+01 3.762274289440998842e+01 4.908275053147666256e+01 5.980513152844184077e+01 6.536955988297133047e+01 5.322929840817164404e+01 3.419953083043947828e+01 3.163690137925138757e+01 5.298874113784108175e+01 6.120010899532252324e+01 4.181868529895428566e+01 5.441059820779764777e+01 5.876708143503300619e+01 3.796996102621859137e+01 3.521580967402832130e+01 4.420143006554541643e+01 2.391280347326783229e+01 1.461340891440597822e+01 1.331075109712529958e+01 1.363981382557682487e+01 2.293114583286488539e+01
6.189296070378335485e-03 2.000618929607002272e+01 2.724787559268206749e+01 1.268914818101900366e+01 1.668914818117909959e+01 2.095316250906707722e+01 2.580387501632176495e+01 3.114909992315955733e+01 3.717932768005528033e+01 4.425040817211046118e+01 5.579845814202806054e+01 7.584664568052818368e+01 6.926909207191258133e+01 6.078270863478945785e+01 5.405863808206344601e+01 4.175183973308397611e+01 2.149842818088549379e+01 2.040353131106694562e+01 3.074673870416743071e+01 4.534045069545204143e+01 6.608085991752989230e+01 6.495022989135597413e+01 5.161551259048833629e+01 3.830123120648590174e+01 5.985748064140955194e+01 6.636688678677492703e+01 4.726483016379543045e+01 6.636688684537308802e+01 6.755972635796888426e+01 5.889241171515104867e+01 4.963177923203420505e+01 4.051353601855943509e+01 4.385586723228543349e+01 3.737796119156873687e+01 3.346102097878365100e+01 3.362716336042010568e+01 1.410830205742897370e+01
2.247884206357958405e-03 3.594353924741863882e+00 7.245837641442986587e+00 2.724787851319093335e+01 3.669318283310784778e+01 4.095853384525688767e+01 4.581096621405244917e+01 5.115877749112844697e+01 5.719318145211599358e+01 6.427181920846672369e+01 7.262431769725858999e+01 8.423244357809960547e+01 7.528850792214139176e+01 5.479924906105971161e+01 4.035492231226709947e+01 2.839434805619447033e+01 4.219186427836456232e+01 2.288468532518849941e+01 4.352077705125883256e+01 5.564248794855206626e+01 6.783680308732782294e+01 8.142097363359799544e+01 6.853464746306980260e+01 4.716830285427242586e+01 6.853524274826881424e+01 7.429583249745097362e+01 5.590321313230539602e+01 5.999583894680723972e+01 7.844502573116403710e+01 7.845074541911407096e+01 6.897299448685011214e+01 6.063697311318748007e+01 5.184319446354408711e+01 4.001180024316063566e+01 2.003156155570834684e+01 1.753835210012525536e+01 1.720576052411700374e+01
