LEM/sinusoidal_perturbations/elevation_000875.asc
nrows	100
cellsize	150.0
xllcorner	0
ncols	100
yllcorner	0
NODATA_value	-9999
[rows 17 to 33 of 100, columns 37 to 73 of 100]
5.893117347416448837e+01 7.709631328750009516e+01 6.288826732495338945e+01 4.332575463364326396e+01 5.652974689828607069e+01 5.275723014196979932e+01 6.059670486345943630e+01 4.410974083189847050e+01 4.806919837969187626e+01 5.214357972785600026e+01 7.182753936194183098e+01 6.827480910058629604e+01 8.825797804813210234e+01 1.074014696359376018e+02 1.112610549796679891e+02 1.090811594934251900e+02 9.568335475339537766e+01 7.515028176055943732e+01 8.064269427074341934e+01 7.430338120526411672e+01 5.725473584221046508e+01 7.129457281399098179e+01 9.138474425701153336e+01 1.021631904569672002e+02 9.384579691383937927e+01 1.021631904571186595e+02 1.121745309552648564e+02 1.235109893610329266e+02 1.126964878705270081e+02 1.049164901285181628e+02 1.021762886382747979e+02 9.252621247829145545e+01 9.588002078181280297e+01 9.044218058706043450e+01 6.672622786875311363e+01 5.197253792550531415e+01 6.589563362007356773e+01
4.910520271623445865e+01 6.883158811786262277e+01 5.814377436236144803e+01 3.845443896506998982e+01 3.669111190133646971e+01 3.875639287479133799e+01 4.085509916243832151e+01 5.480815782976670647e+01 6.773819883651606233e+01 6.599101147071205276e+01 6.451073148552312375e+01 8.441800901359262355e+01 9.662670696649649926e+01 1.112610549796679891e+02 9.124846368811978436e+01 8.905544731591064078e+01 9.621080160266591008e+01 7.521705979511607154e+01 6.096994250097207413e+01 5.455751830986861250e+01 7.430338128924287844e+01 8.418684000512082832e+01 9.246196588096958635e+01 8.444811986719234653e+01 7.391031341258351972e+01 8.385818393523821612e+01 1.038334098924404856e+02 1.157019590606729764e+02 9.702097888672510351e+01 8.600456804677557443e+01 9.404089982623801802e+01 9.816708693505788119e+01 1.060713673496811822e+02 9.017952020205063945e+01 6.695887453531997835e+01 5.117009808409540028e+01 6.057698626153641186e+01
4.248761812246257819e+01 5.382680613091901733e+01 5.118199747325047611e+01 3.378796388226560055e+01 5.371239824450191236e+01 5.853827327699967498e+01 4.637969125008616089e+01 6.595661216759707202e+01 8.285947655765211550e+01 8.591817576722310434e+01 7.853214473040407029e+01 9.277227265961909097e+01 1.010772389641984432e+02 1.089580282022661777e+02 9.492082405348669738e+01 7.489304166173779720e+01 9.492084261419624625e+01 8.913442562025839777e+01 7.231354799661454535e+01 5.277039960523043760e+01 7.067320979477429432e+01 6.434752966004921859e+01 7.633539495462883906e+01 6.457696628494103663e+01 8.444811986719234653e+01 1.021631904571186595e+02 1.121745309552648564e+02 1.143530802161154440e+02 9.565571712862799814e+01 8.217404766927347737e+01 7.485144377651961634e+01 7.896294730730329547e+01 9.500440121020395168e+01 9.710851102470735441e+01 7.427300858099624747e+01 6.914947977639680232e+01 5.002166919199905948e+01
4.803410458610133560e+01 3.390351127852674296e+01 3.118708354609501399e+01 5.118199747325151350e+01 4.792362920126966230e+01 6.769798308041974622e+01 5.229202753015283633e+01 7.185179278406774017e+01 8.989892541122590330e+01 9.978031750581480708e+01 9.862774345894349892e+01 9.827223001583483608e+01 8.278382934670969462e+01 9.827223001583483608e+01 8.785823432674654043e+01 6.791465527097381027e+01 8.785823432674654043e+01 9.328031523306704287e+01 7.667580070650704727e+01 5.097917589211849787e+01 5.702084792824047810e+01 5.310263502986396134e+01 5.660519846276894640e+01 7.633575538769666480e+01 9.214080782661611124e+01 1.010730174694509884e+02 1.126346693288018344e+02 1.143530802161154440e+02 9.565571712862799814e+01 9.893242756961410578e+01 7.906808353744172280e+01 6.777919426326879204e+01 8.139410313312279754e+01 8.934195347653462704e+01 8.691040416404206326e+01 7.395743258389060770e+01 6.376426534394266099e+01
4.634222662229161926e+01 2.861784732202826831e+01 4.287309589515432151e+01 5.936142806755833590e+01 6.769864486954733707e+01 7.596180162125703816e+01 7.185768619595050666e+01 6.204475119909938741e+01 7.183151424247802197e+01 9.150972820327420720e+01 1.010266214750388656e+02 9.051552589981601216e+01 7.214834199456983299e+01 9.051552589981601216e+01 8.185663529138926719e+01 6.201947604189644636e+01 7.414839453492902521e+01 7.326735884345809779e+01 8.106444929478176675e+01 6.447736871805342673e+01 4.843416388587120025e+01 6.800073127061047273e+01 7.633572301262458382e+01 6.397803735237598488e+01 7.282689040677453818e+01 8.431452168969205729e+01 1.042923469671218868e+02 1.221946161890875260e+02 1.143530802161154440e+02 1.071581305549927663e+02 9.251718736652992447e+01 7.325144033725715076e+01 6.212420346637399859e+01 7.633764313602233642e+01 6.751883716992288953e+01 7.122889453350562405e+01 6.124558927548970644e+01
2.615583369412641801e+01 4.634222636823582064e+01 5.688882531667259457e+01 7.083654086057151744e+01 6.876548278906784617e+01 7.707089440951072845e+01 8.706575736157259371e+01 8.167062120693832128e+01 8.989892541122638647e+01 9.978032613023903252e+01 9.322325303536936758e+01 7.475236720713051852e+01 6.542785787494818805e+01 8.402174078122567380e+01 8.339215528231297014e+01 6.423688319135300162e+01 5.439413443428443173e+01 5.933271169046826543e+01 7.144933399992234513e+01 6.421719715522102945e+01 4.684491303027112252e+01 6.641344765883100365e+01 8.516519411736827294e+01 8.384461650920253817e+01 7.541624076046988989e+01 8.690891535700360748e+01 1.068996450835045380e+02 1.134133372726497555e+02 1.050313051122788295e+02 1.050313051122788295e+02 1.004427653006771664e+02 8.746677279154361884e+01 6.819055478395071646e+01 5.718338633601843668e+01 5.407957364089236307e+01 6.621165926718430228e+01 4.737039266991157405e+01
2.467959127598584601e+01 4.469507337440322203e+01 6.097829872367326232e+01 5.792981182534520457e+01 4.849340825969979818e+01 5.879597746148651538e+01 7.286523792778527309e+01 9.290581691935580011e+01 8.768681633362749039e+01 9.014770289285699789e+01 9.119865574453800150e+01 7.273352688136631627e+01 5.933627008391669477e+01 7.670132089300574307e+01 8.932816913732818875e+01 8.131335632050246431e+01 6.769961524793592389e+01 4.809621440765372569e+01 5.801427212990938642e+01 4.460941474210393665e+01 4.977265292949404341e+01 5.661873660715159673e+01 6.828934041874782679e+01 8.846545436503369331e+01 9.535799189461219783e+01 1.036790523507228414e+02 1.152487354597035250e+02 1.050313051122788295e+02 8.485972288690892640e+01 8.485972288690892640e+01 9.913653007977937648e+01 9.541001929129832604e+01 8.429768477654553749e+01 7.630938579410198486e+01 6.883226971399537319e+01 4.979614866887273905e+01 4.674785911908590208e+01
2.407200532889976685e+01 3.014914699189999325e+01 4.340975472350163500e+01 3.718313346997140201e+01 5.792958773832919661e+01 7.215299378271637920e+01 7.936279762101391100e+01 8.240466581047255090e+01 6.923461404603068559e+01 7.166895145271628564e+01 8.486854055843109279e+01 7.361329702194619529e+01 5.464251324226440687e+01 6.815677359188630646e+01 8.678650989020350437e+01 7.650782589122846389e+01 6.735452761906853425e+01 5.704662117648489073e+01 4.245358612360349326e+01 5.172265562016766438e+01 7.005470154087473134e+01 7.674672077998498310e+01 8.516519411736960876e+01 9.680781096419072185e+01 1.027186827923607240e+02 9.440090038013268270e+01 1.027186827923607240e+02 1.050313051122788295e+02 8.485972288690892640e+01 7.084853433138574985e+01 8.185965709253734701e+01 9.019108030344553129e+01 8.482523721966086327e+01 8.003414087267147181e+01 6.345706975027812291e+01 6.314672714416204968e+01 4.612773678373694963e+01
4.409152996608518293e+01 2.456569953398410178e+01 2.907432139907549029e+01 4.911376704943363336e+01 6.531696723707948138e+01 5.446092844349657014e+01 6.919738512169594458e+01 7.286397161435823477e+01 5.541954490088681951e+01 5.802550835890136227e+01 7.708125244167273138e+01 6.949749774534605251e+01 5.040615502702691941e+01 6.399990425646467429e+01 8.276986250674001155e+01 6.826727534224323790e+01 4.991925034106557035e+01 4.047779634649436531e+01 6.007689616040084246e+01 7.029975082606840431e+01 6.732354562342369775e+01 8.126940356338403149e+01 1.013105910896904334e+02 1.014940395319528506e+02 9.271881295387690614e+01 7.443477969726173171e+01 9.271881295387690614e+01 1.014940395319528506e+02 9.339002646933737140e+01 7.341884087868346853e+01 6.227803939796546473e+01 7.493650976331728941e+01 6.522935291267593527e+01 7.887545956551505810e+01 6.488713165654382919e+01 4.837547169103810774e+01 4.550125755766891444e+01
4.646676602902179809e+01 2.659337543218763145e+01 2.506759060511067716e+01 4.513705010445215038e+01 5.334616880361029700e+01 4.458087380590968252e+01 5.962750969401125190e+01 5.656979981008379355e+01 4.425717117888628138e+01 6.502934167069788884e+01 6.843203957071717980e+01 6.059122102043637170e+01 4.650439761600163990e+01 6.016585915657277184e+01 7.905386415334162109e+01 7.650782056936095898e+01 5.870590193183502237e+01 3.910248564066329635e+01 5.870590194438533160e+01 6.944148030843206243e+01 7.602873612056568220e+01 8.432998185674810543e+01 9.431894575358660404e+01 9.316350156147507278e+01 7.310433232774724388e+01 6.422392733562335820e+01 7.310433232774724388e+01 9.316350156147507278e+01 1.017622140032580234e+02 8.632914608958724045e+01 6.659652114033288228e+01 5.588155742245769630e+01 5.225332768233674585e+01 6.585318010278213308e+01 6.315676760192403094e+01 4.461999561140026316e+01 6.399271891988247063e+01
2.951049873875128071e+01 4.646816827955863971e+01 4.496215264659131350e+01 2.557096243159434934e+01 4.528416002719684741e+01 3.679202611545677115e+01 5.112049623827248723e+01 3.466939449440145893e+01 5.647618392492750417e+01 6.141419871149372511e+01 6.045242151761823379e+01 4.128578955399668615e+01 5.578846541859041963e+01 5.578848437415202710e+01 7.489114082872369238e+01 7.633248584372911694e+01 5.734576489290230938e+01 3.772488933821317403e+01 5.734505473342434101e+01 4.977735770583756647e+01 5.626696868416456709e+01 6.606588931967483802e+01 8.599158292145673954e+01 9.098106841640718301e+01 7.090516145550864735e+01 5.650405802998130866e+01 7.090516145550864735e+01 9.098106841640718301e+01 9.430925863103729512e+01 9.467637071431462914e+01 8.321282012925402682e+01 7.493650976331728941e+01 6.586792186100640834e+01 4.730639436185964541e+01 4.375957478885958096e+01 5.524809452621447292e+01 5.306077739315122699e+01
3.160051743689527726e+01 5.145646574671411599e+01 5.219878711445894481e+01 3.818712654224155045e+01 2.607755808599463165e+01 4.211447680177403896e+01 4.088735413973995492e+01 3.030260573471207053e+01 4.929319586271040521e+01 4.607350870153415201e+01 5.790473658328894402e+01 5.490415431561829251e+01 3.657523704308708545e+01 5.162786732458253169e+01 6.134133214155080793e+01 6.235741659269633885e+01 4.838233943862492481e+01 3.634206045912105765e+01 4.145133786712081303e+01 6.105709002718654688e+01 7.602873612056568220e+01 8.432998185675005232e+01 9.431894575357939914e+01 8.624913176623344668e+01 6.610479364699956761e+01 5.177760701844763958e+01 7.200493367960839919e+01 8.180273036496731720e+01 7.471009566808807278e+01 8.865790786584385330e+01 8.458697989516879545e+01 8.067418532942197373e+01 7.016473324207873929e+01 6.257542287451341423e+01 4.318398675247890850e+01 6.257600110438730923e+01 7.101560709777977820e+01
3.395128859052422854e+01 4.798793191516267598e+01 6.245728911261817018e+01 5.054297105096702580e+01 2.941120671746456239e+01 2.658848922958184957e+01 2.695143068205291215e+01 2.731600085371951891e+01 3.641635839066543667e+01 4.259406360206745745e+01 4.735561711410527863e+01 4.883648559793471833e+01 4.904997649659571124e+01 2.971312779724453179e+01 5.232941817723481392e+01 5.232478341108045328e+01 3.443851761014467172e+01 4.837666570530861776e+01 6.104950036677870884e+01 6.930163216859040176e+01 8.337209869996854650e+01 8.337210832388304027e+01 9.122360436059699396e+01 8.195434448670985716e+01 6.178498434261113914e+01 4.750740369129405138e+01 6.769245314548493297e+01 6.246002254746385773e+01 6.102306022029357280e+01 8.033761497275787633e+01 6.132226604294203298e+01 5.610824654226485819e+01 6.958595401247899304e+01 6.199746606174775110e+01 4.262529037560704381e+01 6.199144796574868366e+01 6.744836802415824195e+01
3.636858436236988723e+01 5.626185389285130611e+01 7.533237666770619967e+01 6.379838468300246035e+01 4.633323315762667960e+01 4.921306308877704083e+01 4.694954303955682207e+01 2.883889658603694528e+01 2.783835843956247302e+01 2.820813390495882089e+01 3.327685500656266271e+01 3.849375187837633661e+01 2.969444476896602225e+01 3.009489174651295684e+01 4.993693152839801996e+01 3.254854552399815759e+01 5.025906796426713896e+01 6.167523834995189702e+01 7.604626110485703805e+01 7.772923012376546126e+01 6.423767831007940288e+01 6.423767831878740253e+01 8.337210832381396131e+01 7.799880806785601806e+01 5.782509594830241184e+01 4.357062335381058205e+01 5.958656951251312961e+01 4.980136078653335829e+01 6.807166447205960935e+01 6.764218776393785504e+01 6.018105463953361323e+01 3.971735249934971534e+01 5.828758886268727224e+01 6.061610018105992737e+01 4.207584916902411010e+01 4.507024976049469700e+01 4.818644830850530525e+01
3.888570353763081755e+01 5.297031460890364940e+01 7.268346434535179412e+01 8.212559857223060078e+01 7.249646710367356661e+01 6.663578975730140996e+01 5.369996782787168854e+01 3.257046567104012524e+01 4.864248801745994655e+01 4.791380780963771002e+01 2.873072092356469653e+01 2.912957831628642680e+01 4.949041428989660574e+01 4.988519848114455613e+01 3.066828401671636684e+01 4.892263007233699312e+01 5.744278347845732213e+01 6.100330374705724523e+01 6.468534143849180396e+01 6.168908177598681419e+01 4.874011447980556255e+01 6.668074342104597463e+01 6.496819437927810270e+01 5.964940668961943260e+01 5.721695510089022463e+01 3.588804668583436808e+01 4.273423281545022689e+01 5.803881415583342829e+01 5.734376559547717278e+01 5.672126857826444279e+01 3.870749659837514400e+01 5.487449637692957083e+01 4.071232632211443558e+01 4.130678277620049954e+01 5.221489486142531433e+01 6.424093302751124668e+01 5.920365727883680762e+01
4.152444216060353455e+01 5.552678007818121131e+01 7.522672027850246934e+01 7.678060159632659065e+01 5.802694769298084765e+01 4.722555951842857525e+01 3.838210736813699242e+01 5.370000721780099440e+01 5.356429231882173525e+01 5.987825197294064594e+01 4.991742318376406473e+01 2.947331887918513971e+01 5.050491618235174940e+01 5.844856705215475756e+01 4.967302418085598958e+01 3.127272112301564633e+01 5.109388429079233873e+01 3.624191976277476357e+01 5.006254175863214329e+01 4.468763336107754469e+01 5.444591429575903874e+01 3.454291461318524625e+01 3.499373989366687709e+01 3.544042051186221443e+01 3.588228511344344440e+01 3.631861081848231265e+01 4.522133837722540761e+01 5.044865928225771512e+01 3.796332530055346410e+01 3.838543708653158149e+01 3.902007885684305677e+01 5.789035602521754953e+01 5.994722601721090172e+01 5.018830530634108555e+01 6.570783859797248283e+01 7.781518347962625626e+01 7.871050355644801755e+01
4.425751527493087423e+01 5.560859479844945952e+01 7.528525334743437725e+01 8.462435905200226216e+01 7.470934056587749694e+01 6.365357495397986298e+01 4.301341646754483605e+01 6.365357490010732988e+01 7.330512385039178014e+01 6.611082277123307449e+01 4.557337515162291908e+01 3.035546701066093433e+01 4.291734675365323426e+01 6.337942888827527099e+01 5.750532538473186861e+01 4.427897266890705907e+01 3.187826136479817052e+01 3.362504785604927804e+01 4.790004153987031543e+01 5.246170911254076685e+01 3.390903898289383278e+01 3.828857070604410495e+01 3.866342644050841670e+01 4.015523683950620892e+01 5.189361896615690029e+01 5.467539308382549734e+01 3.693068370600165906e+01 3.736213369205966472e+01 5.705536401918676859e+01 4.392533298068148184e+01 5.516582528111178618e+01 3.992216793648446327e+01 4.056279808818909771e+01 4.120350738075421759e+01 6.047915729273787377e+01 6.825263255226758474e+01 7.348386149125136058e+01
