LEM/sinusoidal_perturbations/elevation_000555.asc
nrows	100
cellsize	150.0
xllcorner	0
ncols	100
yllcorner	0
NODATA_value	-9999
[rows 51 to 67 of 100, columns 0 to 36 of 100]
6.455108993161302530e-03 1.414859073272423728e+01 3.414859073272494072e+01 3.874322052168533048e+01 3.285840667949219807e+01 1.285927539798705332e+01 3.285840667949302940e+01 4.355554176034092251e+01 5.542118291944207442e+01 6.585943481322875925e+01 6.449965222595190539e+01 5.621719366467471701e+01 5.057034117361367720e+01 3.690023112217011203e+01 4.445805585064285737e+01 5.339796856376534606e+01 6.753072909486554920e+01 8.752673887406912456e+01 9.011548862460354314e+01 7.397746722316945522e+01 9.011548862460354314e+01 8.514942243626832408e+01 6.549697632901101940e+01 5.154970595155854340e+01 6.607869403358972704e+01 7.423999978016902901e+01 7.514568940965612853e+01 8.331565226482025821e+01 8.473884896665042277e+01 6.467178627017815984e+01 5.053572260421338314e+01 6.634035607264776502e+01 4.635142697568719683e+01 6.634035604143433318e+01 6.266468608565484999e+01 4.269826101107376815e+01 6.058345942733271272e+01
3.995603441288198172e-03 1.155100098723390545e+01 2.569313661096510870e+01 4.569313661096979473e+01 4.114193401988901400e+01 2.700109085434479539e+01 1.707564549873683291e+01 2.230625808047533454e+01 3.628416098697082504e+01 5.451780839113281019e+01 6.280605873144613582e+01 7.281435951725030975e+01 6.517470775178581732e+01 5.689242931437762252e+01 4.584236329736829418e+01 6.583212051110329810e+01 8.167198205142825884e+01 7.975903469712554283e+01 7.174556711393537967e+01 6.271488706799915036e+01 8.211578127260347060e+01 9.091420978581368217e+01 7.125304421289305878e+01 6.607869407777398862e+01 4.627441894080462248e+01 6.120321863387996331e+01 5.542805958140790068e+01 7.514568801876947646e+01 7.972208329255867909e+01 5.967393303143400374e+01 4.556168330366288188e+01 5.922633599863964093e+01 4.061801888020693241e+01 6.057004914229536041e+01 5.414946362017528969e+01 3.774050490893404941e+01 4.063090325421661930e+01
4.804567899273937473e-03 2.000480456789891903e+01 3.464006478504391850e+01 4.292433618462882805e+01 5.528277718580424249e+01 4.535802174328324554e+01 3.707454485750572104e+01 2.175890395658198173e+01 2.792890293181330463e+01 3.449595141434414103e+01 4.450661010206312085e+01 6.452900668020251373e+01 7.996895766597360478e+01 5.997645083249592801e+01 5.738285354315671327e+01 7.411543946746023437e+01 8.543744960402028710e+01 6.607416303127924095e+01 5.216859894333468617e+01 7.174556711393537967e+01 7.664372161238860315e+01 8.461092854560517651e+01 7.623268209111139981e+01 6.806013032495994253e+01 6.120321863387486161e+01 4.123363038653727131e+01 5.286354924510154518e+01 6.683882179352534081e+01 8.649300506471230676e+01 7.389100609546473208e+01 5.922633599864190046e+01 3.928312793549559245e+01 3.531554427821382802e+01 5.078293372575240028e+01 3.423279625773546542e+01 5.414946523608242046e+01 6.058345942733163980e+01
9.707512844716031236e-03 7.080775324710161023e+00 1.464006478489464058e+01 2.878220040862584383e+01 4.878220040919470080e+01 5.701899410231907694e+01 3.706769790478031013e+01 2.565362622848320129e+01 4.550010787198828410e+01 5.451780839113281019e+01 6.280605873144613582e+01 7.281435951725030975e+01 8.825442810229807833e+01 7.996895766597360478e+01 7.737403383267474055e+01 8.565921617068487137e+01 8.006633716797743716e+01 6.061993314792364629e+01 4.659845289567029880e+01 6.285363087429476536e+01 5.714158826422070092e+01 7.664372161238860315e+01 6.806013032496420578e+01 4.820333153757506039e+01 5.401925325060871330e+01 3.809512426260283036e+01 5.236681029330349446e+01 7.213880344922598908e+01 8.824749247417614129e+01 7.996070624608786659e+01 6.754443674322759250e+01 5.922115595992696058e+01 5.078031259834332189e+01 3.086231805224336000e+01 5.078293372557204322e+01 5.047886641803389551e+01 7.048176203165073161e+01
5.001202446392439237e-04 1.000050012024455270e+01 3.000050011980805564e+01 3.464006478506127706e+01 5.464006478894413021e+01 6.530117354371988370e+01 5.377490538071934623e+01 4.550010787198828410e+01 3.203882809959755917e+01 5.196501734678763285e+01 6.528708006214499449e+01 7.195226189135929928e+01 8.023657675846440895e+01 9.023596934367978406e+01 9.035165660045332459e+01 8.066865550796067907e+01 7.266069829047653172e+01 6.139072940688696889e+01 4.151754972049427295e+01 4.303028801439152318e+01 5.476274279181128435e+01 7.436693571055195662e+01 5.836516117974431950e+01 5.014834213056764156e+01 3.390540900958887249e+01 5.401925325062257599e+01 6.633759515800134920e+01 7.839375515211428080e+01 7.673426565215380890e+01 6.004596147223850267e+01 6.922690419121951777e+01 6.084822792010173487e+01 4.891648893813600552e+01 2.898223821629670738e+01 4.306877867064429921e+01 6.302291653310233954e+01 7.884255062201117426e+01
5.279685921607564676e-03 2.000527968592125205e+01 3.000050011980805920e+01 5.000050010990694460e+01 5.396635837596737417e+01 6.223064830062689623e+01 6.909982660814537780e+01 6.024609658055478434e+01 4.611130581078179347e+01 3.953808071784541056e+01 4.529525555368043399e+01 5.195671640371633515e+01 6.195341612474334170e+01 8.195110765797529950e+01 8.235740291940651048e+01 6.296399366154667376e+01 5.310160450711324387e+01 4.642040231943529704e+01 3.999107727040579618e+01 3.474846228285980487e+01 5.039671571773381942e+01 5.852874221014722877e+01 5.014834215384605898e+01 3.010493660237659341e+01 5.003949179587097973e+01 5.441343329838052512e+01 5.083230367541404604e+01 7.034763288585362773e+01 6.846292299006299231e+01 4.855727515804486671e+01 5.697039185131058048e+01 4.086702280299699197e+01 4.452022733600846038e+01 2.712652881603465360e+01 4.008280146762987783e+01 5.873490664460468480e+01 7.992456155465950474e+01
5.738623160518319517e-06 1.414216250792910401e+01 3.414484338801293006e+01 3.982682414854714636e+01 3.397003730591109871e+01 5.396635837596737417e+01 4.909993138222102260e+01 6.324189192777213009e+01 6.609712712723278116e+01 5.951593743136811554e+01 6.528708006214499449e+01 7.195226189135929928e+01 8.023657675846440895e+01 9.023596934374434397e+01 9.035165660041012359e+01 8.066865550796060802e+01 7.266069829047653172e+01 5.631931284614815780e+01 5.990506022162234956e+01 5.039671571773381942e+01 3.041617183887344211e+01 5.039671571773378389e+01 4.782339480412089472e+01 2.759456102717734893e+01 4.345585183936095319e+01 3.461811311550660974e+01 4.863636711910903188e+01 6.779203534639407280e+01 7.095022257618506956e+01 5.113439994032388114e+01 3.707737800281316964e+01 4.453005096245752981e+01 2.453650635482013698e+01 4.452857725883693973e+01 5.539395461148763644e+01 6.198674715545902103e+01 6.356554316459583021e+01
4.532054705376768917e-03 2.000453205470502027e+01 2.913611262692008808e+01 1.982794766756310878e+01 3.982682414854714636e+01 4.230867513011924785e+01 3.495779780031944028e+01 5.495776507087381901e+01 5.982033860074248111e+01 6.811234502014858094e+01 6.838662005477978312e+01 7.671944781663307822e+01 8.868518244768168302e+01 8.034179604344474512e+01 7.774156238493192461e+01 8.607830890971516169e+01 8.388009247703145377e+01 7.585980638900630879e+01 6.150788791183027371e+01 4.167264600738377567e+01 2.758192891702161376e+01 4.357884256055145045e+01 4.891673146571849173e+01 4.067700058016967546e+01 2.410734260742890100e+01 3.558178390254481371e+01 5.663743618638415711e+01 6.672574364218856147e+01 5.813361111572242379e+01 6.215968432918900533e+01 4.224662371151092799e+01 2.815333803659122580e+01 2.268558295224899268e+01 4.256967871039942963e+01 4.904574620817146524e+01 4.440309798423697885e+01 5.386853546394948467e+01
9.001595176218036079e-03 2.470831414762868050e+00 9.137498081443997222e+00 2.897161717803937719e+01 3.180052466172970327e+01 2.230868712274739352e+01 3.901390182720648170e+01 4.348674685716217425e+01 3.981585588138849374e+01 5.421302948857697146e+01 4.834213604853245982e+01 6.838662005477978312e+01 8.034179604344474512e+01 6.034854379309071959e+01 5.775866603696739077e+01 7.451686312038448534e+01 8.552577091656362995e+01 7.718874035226120611e+01 6.708542853074095547e+01 4.745516820746796327e+01 4.341500791832469019e+01 2.377635124599658667e+01 3.983699855747019569e+01 2.089384334725299652e+01 4.067700090039997463e+01 5.218014103722494923e+01 6.545788587960758775e+01 5.440634562143063846e+01 3.673311262589872683e+01 5.432409729814718702e+01 5.616643697705666938e+01 4.163536123821184987e+01 2.074742708013544501e+01 3.743794499045582569e+01 3.080239931527148300e+01 4.799716836495628058e+01 4.129457548898721342e+01
5.674351268809080251e-03 2.000567435126845339e+01 6.250476144855156235e+00 8.972131414614265665e+00 1.180055853936048038e+01 1.474939766245844908e+01 1.901341198957100787e+01 2.348554794459037964e+01 2.864952574129691243e+01 3.419652799039901225e+01 4.834087843908344695e+01 6.834927694884956395e+01 7.774156238493192461e+01 5.775866603696739077e+01 4.625777326038814152e+01 5.838070863612239236e+01 6.667920177514261582e+01 5.720484557614055632e+01 6.552568370440030776e+01 5.711981809963781132e+01 5.168282320769569083e+01 3.983699855731945405e+01 2.004273733954542891e+01 1.859747766851111450e+01 3.843515850837749781e+01 5.403243934043265995e+01 4.819105358220465263e+01 4.524577611101823749e+01 2.523851021801726091e+01 4.526965171695894696e+01 5.744287579508227992e+01 4.005015613650644468e+01 1.887565696436789509e+01 1.898467637116413442e+01 3.642074327001114398e+01 3.979774137255185451e+01 2.135147929014405577e+01
9.518805923843161668e-03 2.000873244548339258e+01 2.625093114407463446e+01 2.311426641053225950e+01 2.594269337832525224e+01 3.474940218748728427e+01 2.205236504501217354e+01 4.205098573503737924e+01 4.865206938363552069e+01 5.407930013635706246e+01 4.834851368850808484e+01 6.852362769901708361e+01 8.607830890975678528e+01 7.451686312038118842e+01 5.838070863612239236e+01 3.845256143567644358e+01 5.154541053734615019e+01 4.570267027347350108e+01 5.714071206532852898e+01 3.719621532983001799e+01 4.292618646511373726e+01 3.916782748642802403e+01 3.472795260311040977e+01 1.620701863351136396e+01 3.362581717991768215e+01 3.553543954059835386e+01 2.652264231783208714e+01 3.523323042824828377e+01 1.915804712790927056e+01 3.764019487897922289e+01 4.537067129045256308e+01 3.096643390032604870e+01 1.813232453454983073e+01 3.811390131575167572e+01 1.985334542453078654e+01 2.047421375279149558e+01 4.044431615820281678e+01
9.062254805971973678e-03 1.415120986449446505e+01 3.415306954586608157e+01 4.311416924612048973e+01 4.594258039221821122e+01 5.033065946271719326e+01 3.359933090259347921e+01 3.148044498326361307e+01 4.148028805830477239e+01 5.561706195645202655e+01 6.848810302347558832e+01 7.707742854906001639e+01 7.171529560695098837e+01 6.340582054120630318e+01 6.453174867751344834e+01 5.154541053734615019e+01 3.163698947742430789e+01 5.154541053734615019e+01 5.732005786459829721e+01 4.299534245710810154e+01 2.329418881496469140e+01 2.280013284110422234e+01 2.406206178599551393e+01 1.455563126924595707e+01 1.407142681166451403e+01 1.438528933695518575e+01 1.470957282674292088e+01 1.504797822453869927e+01 1.539871141775558350e+01 2.331610173067036129e+01 3.646241660344920632e+01 1.731500190807858530e+01 3.730380921059189347e+01 3.703648098595984806e+01 4.111911436849563017e+01 2.744935226519326221e+01 4.710030772262488341e+01
3.063233560239582431e-03 2.000306323355988525e+01 3.374340107416190193e+01 3.374340107416190904e+01 5.374340107416261247e+01 6.187356871297356520e+01 5.359616094017314936e+01 4.302712592714829043e+01 5.974162778510485339e+01 6.969726593783082080e+01 8.367630651154723864e+01 7.098375588676766768e+01 6.205194696025142775e+01 4.346275421641345105e+01 4.712237507379808932e+01 3.631814052250354052e+01 2.767869371413970470e+01 4.756372632536178457e+01 4.887897615918739547e+01 2.861715316808652076e+01 1.312444590837659497e+01 1.299183626268518843e+01 1.331771491389349116e+01 1.363106667037180664e+01 2.509506583676788694e+01 3.128475051637569848e+01 3.366446681351930437e+01 3.376549950878607120e+01 3.512879677477964435e+01 1.590746847116682439e+01 1.649287971769763672e+01 3.649594478021629129e+01 4.313471267641403273e+01 5.549362271344335085e+01 5.746200546726247183e+01 4.322226609272959053e+01 4.657996915859281728e+01
5.666595628964066558e-03 6.672333262295659040e+00 1.374340107416119672e+01 2.788553669789239819e+01 4.788553669789310163e+01 5.838005417250987961e+01 6.666432541938257827e+01 6.301354665568196367e+01 7.127292832805522949e+01 7.857227904510270378e+01 7.680674262342661507e+01 5.682497861466757882e+01 4.273889605452205842e+01 3.384575275877725176e+01 2.723969867267658884e+01 2.233342004930842251e+01 3.801930766785608284e+01 3.537010038149280433e+01 3.278834101945020052e+01 3.038476310217741982e+01 1.251754836674719407e+01 3.186085621117291566e+01 1.766897408307477235e+01 1.432187222660327741e+01 2.178596045142119308e+01 2.789206993634192244e+01 3.810704281676874672e+01 4.912780079813324363e+01 3.654708401576792909e+01 1.636655023732167180e+01 3.298151327691229540e+01 3.625416399259703581e+01 5.593776338873651355e+01 7.172787621457530349e+01 7.496608956471389718e+01 7.101425935604906670e+01 6.703818750512390068e+01
2.110006612196471242e-03 2.000211000661184002e+01 3.374340107416190193e+01 4.202767232162410238e+01 4.573094353183680738e+01 3.838005417251059015e+01 5.252218979624104378e+01 7.252218979623962980e+01 7.279881996332872518e+01 5.874083068648241124e+01 7.279881996105240205e+01 7.098375588676795189e+01 6.205194696025165513e+01 5.376068623130853297e+01 4.128330524073749785e+01 3.801930700248524886e+01 1.837233803244397379e+01 1.570207621184851554e+01 1.234757505434602542e+01 1.204079326532439786e+01 3.141317523740122297e+01 2.774293718299186651e+01 4.435993846960759157e+01 4.353233919707553667e+01 2.622849952329141132e+01 4.256430950218337017e+01 4.251843447706264101e+01 5.161573446554930911e+01 1.961280428377164142e+01 1.682418434462379153e+01 2.983697275665607762e+01 3.408969832401054134e+01 4.790860975169628233e+01 5.578008827408764603e+01 5.774559242881811372e+01 6.850949661400959201e+01 7.068528626971362883e+01
9.367352646185668139e-03 1.415150297637726062e+01 3.415150297637796228e+01 3.678667162183780448e+01 2.573094353183752148e+01 3.727794891562962931e+01 5.142008453936008294e+01 7.142008453935866896e+01 6.454932742997149830e+01 4.455681633149205823e+01 6.454932742997149830e+01 6.430177120255724788e+01 6.647842556718798335e+01 6.952403010195095590e+01 5.208244600877345931e+01 3.219427445073988991e+01 3.219423594723564719e+01 3.536700126853314430e+01 3.144354879577830175e+01 1.170887282446252620e+01 1.300564260594798505e+01 4.507694144482526610e+01 5.573275528411757307e+01 5.587177643656028891e+01 4.089918022934036657e+01 4.702626155069128089e+01 5.964329567458867842e+01 5.866286286192717370e+01 4.436110670990919402e+01 3.687635375520190451e+01 1.746693301328592085e+01 3.747575663790826184e+01 4.285388704617483313e+01 3.611355575004172636e+01 5.578003538799498529e+01 4.862000413881526129e+01 5.079522940482633686e+01
3.648181865326004768e-03 2.000364818186497118e+01 2.894202621631093919e+01 1.678667162183851858e+01 3.678667162183780448e+01 4.718592173678454316e+01 5.547019298391381881e+01 6.547019298373120932e+01 5.699286850850361930e+01 3.678755462025918632e+01 5.699286850850361930e+01 4.424621973942574726e+01 4.644396224333626577e+01 6.647842556718798335e+01 6.037324826535071054e+01 5.208231942775217505e+01 5.207843768154477004e+01 4.714867517731826752e+01 3.112394382549329919e+01 1.137458019576602020e+01 2.596207386545122375e+01 4.407338643889800522e+01 6.184289981004725689e+01 6.301993263516587973e+01 6.213353755827112934e+01 6.788474903719549047e+01 6.696257615269642827e+01 5.224515736963324741e+01 3.273866363695655934e+01 2.040971861431299317e+01 1.791932916552272914e+01 3.792486209522515850e+01 2.341592147115456868e+01 4.275603343586373484e+01 4.664561275309342392e+01 3.456179756333389719e+01 4.207485717941199965e+01
