LEM/sinusoidal_perturbations/elevation_000561.asc
nrows	100
cellsize	150.0
xllcorner	0
ncols	100
yllcorner	0
NODATA_value	-9999
[rows 68 to 84 of 100, columns 0 to 36 of 100]
5.009162696260268353e-03 3.167286822864633145e+00 6.369849898966327473e+00 1.029217260171058257e+01 1.446246088216508241e+01 1.905077554187706568e+01 2.439599990384984807e+01 3.195525474821482348e+01 5.188783255250557858e+01 6.488140349347995084e+01 4.794743009707331538e+01 4.524393890040664701e+01 6.220117892372355328e+01 5.996031131287089977e+01 4.150024265363215648e+01 3.082331560305475193e+01 2.356326369764746786e+01 1.728524995717132740e+01 1.059349069760198248e+01 9.934515647328286292e+00 2.930396974115133446e+01 1.696064140115396413e+01 3.677041022507220447e+01 4.948230972785022175e+01 5.769366853613301060e+01 6.912869710589929184e+01 6.888754715901751524e+01 4.913741621938527260e+01 3.774530624814053681e+01 4.156386518077100334e+01 2.278642866926113086e+01 1.931127473213183521e+01 3.904195599230271085e+01 2.841831283221606697e+01 2.804514965482119848e+01 4.763725062798271637e+01 6.345481155475936674e+01
4.695337527364121070e-03 2.000469533752700713e+01 2.636910490191542422e+01 2.443404028632018665e+01 2.860408953327129922e+01 3.059751282930841754e+01 4.438772880811531252e+01 4.439112378519127589e+01 6.017446573901762719e+01 5.655682543234326687e+01 3.557453474729454257e+01 3.276046840704962904e+01 5.289120880702608929e+01 6.298204767755390066e+01 5.311927946596731687e+01 4.975503584236761156e+01 4.288230592685658848e+01 3.693841474230537614e+01 2.933262648945835949e+01 9.551087332674663699e+00 2.504671636294901305e+01 3.624850480333771685e+01 2.420119841211026213e+01 2.971505535205731974e+01 4.111871191582405771e+01 6.090719680611381648e+01 7.707923975241108394e+01 6.567224237996011027e+01 4.657123909720796462e+01 4.985843789060992748e+01 3.383510789877036018e+01 2.884886467310342795e+01 1.997785645721462799e+01 2.044709570394184439e+01 2.819549926458534372e+01 4.588464231457793829e+01 5.885728128278363158e+01
7.614146464036155443e-03 1.155461953025645094e+01 3.155461953025609390e+01 4.442953378299258560e+01 4.859622356450748981e+01 5.058692640411049268e+01 5.885760743905245818e+01 6.438581911849389883e+01 6.757376140390695696e+01 5.567575976804739213e+01 4.443388136481023309e+01 2.287367660241278600e+01 4.443282905002403993e+01 4.755662135010980762e+01 2.829731927623611298e+01 3.353660335463157338e+01 3.784963113640916532e+01 3.572634201537945131e+01 1.647119173592815500e+01 9.183853165428841336e+00 2.928604664837692084e+01 4.312459897776042084e+01 4.399985473970333061e+01 4.948230972785022175e+01 4.111871191582405771e+01 5.252987834154104974e+01 7.235082664431263311e+01 7.450598451886585849e+01 5.795606253302613453e+01 6.171879444063008435e+01 5.319658939038548340e+01 4.409379837560184967e+01 2.455751285213075619e+01 4.013592862074042245e+01 2.110965270615121270e+01 3.051286005377026456e+01 4.843966471645565974e+01
2.352828262072654761e-03 2.000235282826171712e+01 3.983889077771734577e+01 4.407646709510689931e+01 5.235789300686893455e+01 6.235609558538116914e+01 7.602007263043427088e+01 6.782529222384107470e+01 5.916825021561207620e+01 3.858730056960094146e+01 2.614093485880344048e+01 1.729119572214997547e+01 3.250210020166431946e+01 3.391290046523529611e+01 1.994543793398595710e+01 7.035755269158232572e+00 2.607368461663324055e+01 3.228422202713799294e+01 8.687132701270156687e+00 2.095797174135854490e+01 1.919106178302986621e+01 2.853613170059869475e+01 4.204925309085658114e+01 6.276258456059510848e+01 6.090719680611381648e+01 6.912869710589929184e+01 8.058018811989347796e+01 8.592374174566901956e+01 7.773132421560974592e+01 6.712925787085835339e+01 5.115883006221056917e+01 3.148821932668212398e+01 4.420421732807222526e+01 4.155101912750617288e+01 2.157761985461673149e+01 2.623537990254337515e+01 3.068841032971055682e+01
6.786455232800275850e-03 2.000678645523244370e+01 3.407668880599241135e+01 2.407691051687789496e+01 3.407690821377271106e+01 5.407602597644110176e+01 6.452119311575604854e+01 4.775249367277282175e+01 5.880169818387354752e+01 5.565976313268996023e+01 4.707999219861994789e+01 3.250209240397227006e+01 1.110975340261507505e+01 8.763527774300031936e+00 6.308974517369271062e+00 6.633009204763126831e+00 2.616523216942612606e+01 3.350863521760109620e+01 8.351258481348105889e+00 1.002436342155548843e+01 2.845631353101596517e+01 3.165834546210151501e+01 5.185642418403953258e+01 5.821723282794698662e+01 6.379293982551883602e+01 6.379528589012812034e+01 7.214783872899339201e+01 8.441676405731901411e+01 6.451951416029002928e+01 5.052320353180300572e+01 3.916095179936723270e+01 5.115883006221056917e+01 4.650412468916636044e+01 2.806822078798430553e+01 2.204755097471527137e+01 4.155455532693124354e+01 4.857753558173324393e+01
3.257643153035955173e-03 2.000325764315267918e+01 1.407691071314649633e+01 3.407668880599241135e+01 5.235789300692577086e+01 6.235609558539497499e+01 5.628127995601428779e+01 3.616304711588295362e+01 3.876769353742969315e+01 5.295674553272371554e+01 4.953731744570877993e+01 3.705348182614672936e+01 8.391643817990065202e+00 5.851901884487314298e+00 2.038755115736405443e+01 2.632675619387927313e+01 7.090946961311755281e+00 2.634626117792740985e+01 8.017969923775812191e+00 9.439102052779800189e+00 1.162291350100752751e+01 3.182854645485285872e+01 4.002806594113005190e+01 3.805409430786548342e+01 4.370250882784159074e+01 4.370257990685941962e+01 6.379528589012812034e+01 7.618163419751306265e+01 6.949546673184073597e+01 4.967661652056921895e+01 5.890184569035929485e+01 6.047987502807654892e+01 4.071517935444936853e+01 4.649572847067796744e+01 4.163431968401914673e+01 2.271320648028330780e+01 4.238429589669075881e+01
1.880098487986705483e-03 5.548882060740253586e+00 2.554882672517791065e+01 4.201937491604962815e+01 5.202040934851788023e+01 6.436136392254704219e+01 5.430293178070986215e+01 4.466003873964526605e+01 2.467638432398125659e+01 4.466003873964524473e+01 4.169409689304340105e+01 2.432917866336176971e+01 1.593743207316716948e+01 5.532320146374565262e+00 2.552959554435740941e+01 2.739792121168435202e+01 7.182439104062932955e+00 7.549089600575559444e+00 2.649954753361879156e+01 2.940361829210128164e+01 3.182827655091037755e+01 1.584588889335037365e+01 1.955292452504981782e+01 2.353137937193739759e+01 2.930224701624949191e+01 3.768628916398967021e+01 4.777597777876913199e+01 6.782059274455458819e+01 6.949546673184073597e+01 6.366827104186671704e+01 7.773392288491776014e+01 6.867776539900690125e+01 6.047987502807654892e+01 5.747243581149492542e+01 4.515310253953646935e+01 2.560150669178316107e+01 2.338685264544228914e+01
2.900726248362994839e-03 6.669567392880363599e+00 1.374063520284354389e+01 2.374063394738195143e+01 4.373943440862066723e+01 5.601763977879301848e+01 3.591182162096870201e+01 2.596042497851967568e+01 1.904758321589901371e+01 3.276855934776271084e+01 4.006383769112981241e+01 3.243949434476301263e+01 2.466578584007457664e+01 5.216148456147858603e+00 2.525224009566888483e+01 3.631056443700924063e+01 2.758140562397185391e+01 8.070894502491750444e+00 2.330961862358064707e+01 4.445197385283531588e+01 4.245092187488229740e+01 2.201684118929164669e+01 4.002800934039501612e+01 4.395945525725612413e+01 3.278567962910553035e+01 5.299922963257697717e+01 6.613871805863850284e+01 7.618163419751306265e+01 8.939196042037417556e+01 8.356356159717816467e+01 8.451219545787171228e+01 7.598304245323203077e+01 6.201771603106434583e+01 4.932734916879584119e+01 2.975781593959146676e+01 4.515487324254651469e+01 4.303753837800525162e+01
5.081304048347549951e-03 2.000508130113540872e+01 3.373994245517238255e+01 4.202199887023003555e+01 5.202040934851788023e+01 6.436136392222441316e+01 5.430293177904417234e+01 4.596473069988081761e+01 3.276855934776271084e+01 1.302967687509493722e+01 2.675049587827556508e+01 2.430339328936139864e+01 4.774465202670524100e+00 7.271001555200077959e+00 2.714476958101847259e+01 4.460468216780427042e+01 2.449182473868642163e+01 9.780707581894089842e+00 3.036344131234331556e+01 4.083036676573768631e+01 5.079605155138237649e+01 4.245102614178652800e+01 3.303556909761992699e+01 5.326309269313602357e+01 5.299922963257697717e+01 4.365635296959622735e+01 5.524722045784497482e+01 7.531283962039397295e+01 9.032451465425327797e+01 8.036210809884305206e+01 6.464036984978594091e+01 6.464036984978594091e+01 4.805238960889670352e+01 3.423037008572261897e+01 4.932734916879584119e+01 4.932691056249188222e+01 5.188601640568141704e+01
4.469920835086939326e-03 8.169435730112276417e+00 1.816943573011209878e+01 3.231157135384255241e+01 5.231157135384184187e+01 6.431435767630772204e+01 5.008362178625402805e+01 4.177900169356612992e+01 4.019851793495266890e+01 2.721636514388567107e+01 7.557775902741846075e+00 4.338335233817415926e+00 2.420424149263102720e+01 1.691704990418709897e+01 3.538940138284789327e+01 4.455296879554729372e+01 2.448701493500850646e+01 3.036344132166080456e+01 1.240050846089480530e+01 2.661116398683813600e+01 4.666656063589693559e+01 5.704732878778543892e+01 5.326309269256127266e+01 4.737795225870777927e+01 6.747107854640294988e+01 5.784647661992253376e+01 7.206704815810188336e+01 8.367101278358525462e+01 8.207299852023888320e+01 6.214657372518169609e+01 5.234756822573564250e+01 4.500742442854505043e+01 3.912544005486444121e+01 5.382197057207007163e+01 6.201771603106434583e+01 6.903645929263973358e+01 5.171344133725372672e+01
2.324776005098761877e-03 2.000232477600474468e+01 3.645370697757316947e+01 4.645370697757299183e+01 5.733720744619441945e+01 4.934861846856253464e+01 3.585288589681294269e+01 2.079009632698119603e+01 2.813232499124335106e+01 1.858988427073106919e+01 3.898564468738954680e+00 2.381298080705969866e+01 2.062715172599875046e+01 3.701129582110820593e+01 3.702315821279694319e+01 5.293740945337469839e+01 4.455427194243326028e+01 3.399524832804156915e+01 1.404140588123736677e+01 2.108383284468126107e+01 2.856266927467047623e+01 4.008769256075346021e+01 6.034674287180057917e+01 6.747107854640294988e+01 7.581188632718449583e+01 7.792707938914905696e+01 8.416112560665042963e+01 9.250213300838343855e+01 9.032451465425327797e+01 8.036210809742357242e+01 6.545966156894230892e+01 4.581271379518203446e+01 5.293470043945352899e+01 6.693354005083041613e+01 7.780113647479419114e+01 6.953597139625559009e+01 5.974081175545134670e+01
8.699724428260374037e-03 1.668064667910014975e+01 3.380686199787687940e+01 3.354265540013540914e+01 4.193208030552317922e+01 3.009984286378061924e+01 3.387451205030016155e+01 2.850244272174344218e+01 8.469634274690125864e+00 3.445092564207564934e+00 8.550949695186583099e+00 2.814014121354021114e+01 4.057898534253311595e+01 4.875605340644214891e+01 5.701475156451291326e+01 6.306832097441590435e+01 5.299782219169554054e+01 3.554607793002249849e+01 1.562225535153630496e+01 3.554597540852297044e+01 4.864966520138345629e+01 5.704734414124915531e+01 6.874777330282712740e+01 7.557546529080768494e+01 7.147939639102041554e+01 7.658358325638212705e+01 6.370989291299534329e+01 8.074775083699029210e+01 9.250213406655382187e+01 7.605666857999533192e+01 5.623148379970371735e+01 5.267990856206178307e+01 7.244914057737001656e+01 8.093237966222380919e+01 6.953655755252093229e+01 4.992512530229203804e+01 4.356166472979776927e+01
2.249585233037712084e-03 1.998625614693620278e+01 8.725181473846600255e+00 1.722900617355286101e+01 3.139327082763460552e+01 3.228225772184926967e+01 1.415756282719748604e+01 2.247780030048913957e+01 2.974656864988043381e+00 2.205979359413837670e+01 2.810620286932786271e+01 1.656079491733195397e+01 3.032286107293097643e+01 5.014582902311545354e+01 6.497147565805397562e+01 5.472198443468057150e+01 3.458478017194617138e+01 2.466131626370509622e+01 1.719304907533364712e+01 3.711104539760934529e+01 4.798533775925361056e+01 6.364500086112121835e+01 5.524946798828966621e+01 5.524946798796629110e+01 5.110714679611731270e+01 5.616683577344193878e+01 5.193992441469907817e+01 6.370989291299534329e+01 8.416112560996090508e+01 8.430836920357120334e+01 6.608085293201136778e+01 6.143621149685485250e+01 8.070176917046222798e+01 8.368554369480172284e+01 6.367585559855931621e+01 6.948554107900146448e+01 6.267126341016584945e+01
2.739267172789772273e-04 3.164226654266408811e-01 9.904753148289310971e+00 1.760530538587105198e+01 1.968683993915362151e+01 3.351507676728180840e+00 2.065218233807485149e+01 2.499157286268694822e+00 1.608835386085793218e+01 1.735904906211874277e+01 3.734008609810345547e+01 3.032286127171557055e+01 2.692628500748175213e+01 3.671291126263458438e+01 5.668018567979081723e+01 6.306831796288094694e+01 5.299781084344615323e+01 4.101718005196967454e+01 2.107458365354047558e+01 1.968491859945606492e+01 3.961157288807120835e+01 4.408059149109432440e+01 3.504869008444890000e+01 5.051033084157391784e+01 3.684441745281871761e+01 4.185587422719571293e+01 5.193992441469907817e+01 6.637150250263928797e+01 8.679566385255080263e+01 9.427732884862021479e+01 8.018553377240202451e+01 7.290880068113385448e+01 8.961161364997170153e+01 9.192641735116346524e+01 8.368554369480172284e+01 7.773388700106356453e+01 6.311174001619489360e+01
8.327778614586212741e-03 1.716365391298477050e+01 7.639160924545492781e-01 1.080421064800390241e+00 1.397084987654377164e+00 1.714153420405512440e+00 2.033411987880106686e+00 2.109192442152696145e+01 2.951878022073626440e+01 3.705647349854136507e+01 4.562816357085464603e+01 5.014591108638087036e+01 4.669654847112953888e+01 5.498056439778909521e+01 6.497147579771099402e+01 6.124883195076463949e+01 4.100205931271797510e+01 2.688111683057353574e+01 4.101945980268694569e+01 3.961157287332836319e+01 2.219847739601431869e+01 2.408536371888731153e+01 2.616972780423195744e+01 3.037036134727163272e+01 5.051068413919210798e+01 6.094671260601352714e+01 7.056264636187866301e+01 8.074774762572369013e+01 8.789072860683388910e+01 9.619988805616092975e+01 1.001482713159568050e+02 9.290168382817189752e+01 1.011348500523050689e+02 8.863078211586187649e+01 7.714707685896946998e+01 6.828849269738155670e+01 4.921755947586851221e+01
6.510866554257996840e-03 1.959491694186434074e+01 2.274068061013187503e+01 1.273466857788037743e+01 2.141960751370720217e+01 6.762436933881694756e+00 3.916092545263076374e+00 2.287016466109172796e+01 3.554558523249218638e+01 3.993003684298491152e+01 4.548056876310800334e+01 5.255220056166052700e+01 6.079143796373962516e+01 7.075918013609462776e+01 6.843345076274579242e+01 4.811228566999388789e+01 3.389183295730850887e+01 3.838356621271329772e+01 5.532052024319146000e+01 4.752016844245315497e+01 2.744984841512983209e+01 4.408059149109432440e+01 3.085042415255056270e+01 2.976119385954537577e+01 3.236382183309089555e+01 5.254087224054632799e+01 6.484290311362620685e+01 7.921839459856217047e+01 6.742942222948713038e+01 8.445438883710151856e+01 9.463688038522036550e+01 1.013815650514088560e+02 9.314191697069873044e+01 8.037785204706693776e+01 6.050156388005156316e+01 4.913377406420016769e+01 4.029517950560994421e+01
8.953482861371391335e-03 1.000514042587848884e+01 2.402483165994726377e+01 3.182103414936107910e+01 2.982143838411733583e+01 2.930221628991635541e+01 2.287453615178276678e+01 7.541514521007607108e+00 2.736385590150172575e+01 1.991048703382722707e+01 2.546419966412937441e+01 3.255060536641693147e+01 4.256614780332908765e+01 6.253825331999193082e+01 7.065737121642442276e+01 5.033499084173398330e+01 4.021008389649472292e+01 5.860985638547996501e+01 6.700529091252431613e+01 5.334344538751390274e+01 3.316937162579828424e+01 5.334344538751390274e+01 3.582529685433110700e+01 4.989149572573505509e+01 5.254087224054632799e+01 3.621186784763364130e+01 5.046741162869412278e+01 6.692313456008352546e+01 5.560785523735754765e+01 6.583644509302170889e+01 8.631833058081873844e+01 9.314191697069873044e+01 7.314464750375853441e+01 7.900171212541053478e+01 6.601594926884328629e+01 4.626748109467811076e+01 6.006153080756912033e+01
