LEM/sinusoidal_perturbations/elevation_000650.asc
nrows	100
cellsize	150.0
xllcorner	0
ncols	100
yllcorner	0
NODATA_value	-9999
[rows 68 to 84 of 100, columns 0 to 36 of 100]
5.009162696260268353e-03 2.000500916269590590e+01 1.661020223458569589e+01 2.771264416743933623e+01 3.043450595045603890e+01 1.474744478730235819e+01 1.799187320995283912e+01 2.199187321044432508e+01 2.753887529002174617e+01 4.754477882717970516e+01 6.479575876473924723e+01 7.636138527834572187e+01 7.158035967244472886e+01 5.167784708692456519e+01 4.015056356258699566e+01 4.413146861442539404e+01 5.830564682425075773e+01 6.655452308661094207e+01 7.874024428071319903e+01 7.048940083095850184e+01 6.249328724595738294e+01 5.423280628638975287e+01 4.460616757219688111e+01 2.688031233075108872e+01 1.266741975084879890e+01 1.162475773804104584e+01 3.011424652001330671e+01 2.046008196619692754e+01 3.671764491054479862e+01 4.504045208367052311e+01 5.627017889175138521e+01 6.578244827797249172e+01 5.812222771425799550e+01 3.791044678938622070e+01 4.858214075845170754e+01 6.877497080274157781e+01 7.215363522941407837e+01
4.695337527364121070e-03 2.000469533752700713e+01 3.658852032987201142e+01 4.459878999900817576e+01 4.304409432676177261e+01 2.629572073574159319e+01 2.693614675185859753e+01 4.199613951831806702e+01 3.093616709344881599e+01 3.988064168110016539e+01 5.142988378334029420e+01 7.145658769342963978e+01 7.295871751068200695e+01 5.305592249562356244e+01 4.153450207699798824e+01 3.255146569574042559e+01 3.834146715508292402e+01 5.315091779895875845e+01 6.140354736999332630e+01 6.138659721350001064e+01 5.298008671200514641e+01 5.298008670293052802e+01 5.498941358681305047e+01 4.097225847348271799e+01 3.151523848414810658e+01 1.129029769532020211e+01 3.120904633915669280e+01 4.056398849859321132e+01 2.954301314605506334e+01 4.957415269192792096e+01 6.851174833384160934e+01 7.828557121125773222e+01 5.812222771425799550e+01 4.505265407367129882e+01 6.527020119379402274e+01 7.709098020712571042e+01 7.934879685052293041e+01
7.614146464036155443e-03 1.414974991319517983e+01 3.414982906493865045e+01 5.020401681059822607e+01 5.496467008917282726e+01 4.641713347883152352e+01 4.107777744662121933e+01 4.693198222938833908e+01 4.508016162378065417e+01 5.094384516735378554e+01 6.819791963436291837e+01 7.976615316930748634e+01 8.120799660577758061e+01 6.971496047729532108e+01 6.080351707203880807e+01 4.093463260064598330e+01 2.671448186366055211e+01 3.314172125808079272e+01 4.986570517441805350e+01 5.298008671200514641e+01 3.286697941942622236e+01 3.286697941942567525e+01 4.710883801774900803e+01 3.859459610938314711e+01 2.962591391676352615e+01 1.096066415318112419e+01 2.088210922684674742e+01 4.177226561634329727e+01 4.957415269192792096e+01 4.027891437671377162e+01 5.440239616843687998e+01 7.436110772225056564e+01 7.355573287533040627e+01 5.508285121648059857e+01 7.355573287533040627e+01 8.545026527433957142e+01 7.492069154151309363e+01
2.352828262072654761e-03 2.000231988545841944e+01 2.192024655519959353e+01 3.606236124277707233e+01 4.500663016581268039e+01 5.655361575414345054e+01 6.106528290234853529e+01 6.691100142674544315e+01 6.510002950372218322e+01 7.097151077096914662e+01 6.983528773766032316e+01 7.837056054649892189e+01 8.384590581330924408e+01 7.589571193835001850e+01 6.913854986696071592e+01 5.315091779895875845e+01 3.314172125808079272e+01 2.145895191886287279e+01 3.703786995844097873e+01 4.531698422000934556e+01 3.871709165954045773e+01 1.869076680037495208e+01 2.988164521554741526e+01 3.021177713077943849e+01 1.049812695747935010e+01 1.615828474253790858e+01 3.330056724697640647e+01 3.969718749459608631e+01 5.844815194022394422e+01 6.024816743880259651e+01 6.024816743880259651e+01 8.020362137565328453e+01 8.274408066669002437e+01 7.464892816275262533e+01 8.274408066669002437e+01 7.750941024946422431e+01 5.965818241990184845e+01
6.786455232800275850e-03 3.855788249830297776e+00 7.778110952593961791e+00 1.672238286259296203e+01 2.826938824625549174e+01 4.826938666149720802e+01 5.941449795637446130e+01 6.769871592526328641e+01 7.924568263672610158e+01 6.626449129080779699e+01 4.871686807926081997e+01 6.626449129080779699e+01 7.589571193835001850e+01 5.610499346887471717e+01 6.190156070403018163e+01 6.140354736999332630e+01 4.986570517441805350e+01 3.703786995844097873e+01 1.684218009628170165e+01 3.268283129659287312e+01 3.336037318883145986e+01 9.477704469484466543e+00 9.697770927000203045e+00 1.003411186002470679e+01 2.937696610130142361e+01 1.447049398946747800e+01 3.452538357965026705e+01 4.179949801928110986e+01 4.527935325229919528e+01 4.896946086082117944e+01 5.696626226526286274e+01 6.571907038638124732e+01 7.369572380038715664e+01 8.474042171877128737e+01 9.260279305722860954e+01 7.473887970566043748e+01 5.719159632437747121e+01
3.257643153035955173e-03 2.000325764315267918e+01 2.777811059724459852e+01 1.484917876445937601e+01 3.484917821476285837e+01 4.872404976667233001e+01 3.941450073791293818e+01 5.096150611673912323e+01 7.096149954729885678e+01 5.764256246302390707e+01 3.687938392617108008e+01 5.764256246302390707e+01 6.934226841924808582e+01 6.190156070403018163e+01 4.185602395181236091e+01 5.119399405957886273e+01 4.527244336120428159e+01 3.977903703405208091e+01 3.268283129659287312e+01 1.260013702051922202e+01 2.341496888551156275e+01 9.257345717966588339e+00 2.911435426878174582e+01 1.141926053396693419e+01 3.129380276287338347e+01 3.451743959067069767e+01 1.870001865442179678e+01 2.186256886204133920e+01 2.528570153691860156e+01 2.910030722935877634e+01 4.896925491994294788e+01 4.652078366179578950e+01 5.768444975104508643e+01 7.669454270169498500e+01 8.455578344454015394e+01 6.639303155107253929e+01 7.473887970566043748e+01
1.880098487986705483e-03 1.414401572221906278e+01 3.414401572221976977e+01 3.484917821476292943e+01 2.269382416998659835e+01 2.872405106154176480e+01 4.872404976667233001e+01 6.769871592526328641e+01 6.401174445517735023e+01 5.030167029182607763e+01 3.008025936788460086e+01 4.011838534602684092e+01 6.076493985039032708e+01 5.967360400829367961e+01 5.119399405957886273e+01 3.105027457552071724e+01 2.492820456626137116e+01 1.946961205372066672e+01 1.469126908409990406e+01 1.120283161912372272e+01 8.790819544638653227e+00 2.884420444411766482e+01 3.728915531224465951e+01 2.018948365814562962e+01 3.971701325978020236e+01 4.649763784240509068e+01 3.297046146084546336e+01 3.196731799279562125e+01 3.435331888052451887e+01 4.896929294928587240e+01 3.501124870430670200e+01 5.463512774892151924e+01 6.866965866305302768e+01 7.668026043575343920e+01 8.622489002003636926e+01 7.700469485394104652e+01 9.260279284269601874e+01
2.900726248362994839e-03 2.000290072624800786e+01 3.645432997797353636e+01 4.800134272822867842e+01 4.269382326553500917e+01 4.872404976667233001e+01 5.505257513365291544e+01 6.331929752733621086e+01 5.543826320025535637e+01 3.511029559192228078e+01 2.413027771553467815e+01 4.390031699603012072e+01 5.487699610986980758e+01 4.248783457122628704e+01 5.476202150664790480e+01 5.102701791006931842e+01 4.472489773061670348e+01 3.933125957443272824e+01 2.869604325905268638e+01 2.834556922087755026e+01 8.459755849625249624e+00 2.842381809165125617e+01 4.475975142513075866e+01 4.049870954402322099e+01 3.505711919874030968e+01 5.581916686801381644e+01 5.252344394563017005e+01 4.328896176567764087e+01 4.555675306299624339e+01 6.140882268964470825e+01 4.902072425956671964e+01 4.263136243725977437e+01 4.961286111226284135e+01 5.920066105470499451e+01 7.814392675176009107e+01 9.560630733122326319e+01 1.036206764771653468e+02
5.081304048347549951e-03 8.170047113325679788e+00 1.971705249712277919e+01 3.971705291133405069e+01 4.917677374365368337e+01 4.089748103187387329e+01 3.503424907707382374e+01 5.505257513295420324e+01 5.332418971113116157e+01 3.310332199713229784e+01 1.920429734963983748e+01 3.902587703023323229e+01 4.740629832903175611e+01 3.037606832664509326e+01 3.787556891990985974e+01 4.425574751428325726e+01 5.174138451070236755e+01 5.423427178414463157e+01 4.192047410005913832e+01 2.230604418308860204e+01 8.126562761655739209e+00 1.797096773667351144e+01 3.197298169808595247e+01 5.246430785383595463e+01 5.581919830755443712e+01 6.386096356976075583e+01 6.941703083438989097e+01 6.180144070773223319e+01 6.379466578472251115e+01 7.143222737712339665e+01 6.818956256347463807e+01 5.635945656347306709e+01 5.843720349637049338e+01 7.668728375393156682e+01 8.626845018392285169e+01 9.427842182692432971e+01 8.438860912823234628e+01
4.469920835086939326e-03 2.000446992083473319e+01 3.645425398014258178e+01 3.911814525273631915e+01 3.081215642270857558e+01 2.072683180805009329e+01 4.089748102629562965e+01 4.463105519723652037e+01 5.291059675428812170e+01 3.480000967830699921e+01 1.490086837485142013e+01 2.961520870502474168e+01 3.300863781591891666e+01 2.947045522659329109e+01 1.981757444587191941e+01 3.195629760365578420e+01 3.249675832075780590e+01 4.081114656298933596e+01 4.228388659087481471e+01 2.726079753583492860e+01 7.792677858585514983e+00 2.130887010508824631e+01 3.951033840372777206e+01 5.171366180732761819e+01 5.194623302100507800e+01 6.033706806869162875e+01 6.093255414547393656e+01 6.605425760959455772e+01 6.163396576267160754e+01 6.903678608513303061e+01 7.704710497068491293e+01 7.543468611378787614e+01 7.752115770543089468e+01 8.573090077251399066e+01 1.000958452176661240e+02 8.019901856406337970e+01 6.630580735624185706e+01
2.324776005098761877e-03 2.000205199617838403e+01 3.268577542590964669e+01 2.866201291301142007e+01 1.026917934299742718e+01 2.285041512821717546e+01 3.038972255195255556e+01 2.461154610923442831e+01 4.463105519804123844e+01 3.893940813111209565e+01 2.458088473000303509e+01 9.108565694751375119e+00 1.993480368292693328e+01 1.073540521066512277e+01 2.403737399537250496e+01 2.503179456701839101e+01 1.450421631570702097e+01 2.835173866380712226e+01 3.258837153678681631e+01 2.005195788501639953e+01 7.459446400033299618e+00 2.792046336555302588e+01 3.432043132607587665e+01 3.145156208182214996e+01 3.162136716435130168e+01 4.327257894899364032e+01 4.048360802514390855e+01 4.622834242073329136e+01 4.173803915991014435e+01 4.944622079420248184e+01 5.938487245042518481e+01 7.055164411649164435e+01 8.411349869948261926e+01 1.034403049425579013e+02 1.027559045166889007e+02 9.128321010843897909e+01 8.246846020374253783e+01
8.699724428260374037e-03 1.758769536885922236e+01 1.593780978798000447e+01 1.068511132981029510e+00 2.112893921965780919e+01 4.980927022646784330e+00 1.071624902827569237e+01 3.047512456484193777e+01 3.800654988357381825e+01 3.488559815893185601e+01 2.104732431434172213e+01 5.141874698442519431e+00 4.642514398897890082e+00 4.938954111416491877e+00 5.232168024462109379e+00 5.525464741767425636e+00 1.558230076691028998e+01 2.196669486996741227e+01 2.351646514873527138e+01 6.991135338277882028e+00 1.051508835949028331e+01 2.321717844832079791e+01 1.468922455473140154e+01 1.741904483517422975e+01 2.023179417239691347e+01 2.319998908609646904e+01 2.623104347540693837e+01 3.214402411890220179e+01 5.225668604074211032e+01 6.264171461888516745e+01 6.839810417437836065e+01 7.495524207256617899e+01 8.311591832288914361e+01 9.292131824869791501e+01 9.449202059933547559e+01 7.465365724159477168e+01 6.340852340484596539e+01
2.249585233037712084e-03 3.144448557602690930e-01 6.266781687260171152e-01 5.138492700553471515e+00 1.511142385045583403e+00 1.824227324294394714e+00 2.152474812430786955e+01 2.364364517156737833e+01 3.024547244444980798e+00 2.383984340339725705e+01 2.354177789744580451e+01 4.214710683195268537e+00 2.399264187498318890e+01 2.550884262719044671e+01 2.546384786308267678e+01 8.009983434058078444e+00 5.946656854165839334e+00 6.247695984714130901e+00 6.552309486974127850e+00 2.644106651470340097e+01 8.422160975208699440e+00 1.094558458910844756e+01 3.229479559894864593e+01 3.738619872542637523e+01 3.162136716454378060e+01 4.327257894899364032e+01 4.603448034219591278e+01 3.201409000745058364e+01 3.708127303083686144e+01 4.244134261845604073e+01 4.845738581783253807e+01 5.528382837800251792e+01 6.518745912955658639e+01 8.472302501557572896e+01 9.449202059933547559e+01 7.465365724159477168e+01 6.340852340484596539e+01
2.739267172789772273e-04 7.450065494307438918e+00 1.628548741624960883e+01 1.934680737436216091e+01 1.587336334545714678e+01 1.208140595832180963e+01 2.267451157349448021e+00 2.581638904698398740e+00 9.301418966320801118e+00 3.464412629146905509e+00 3.775610789627833697e+00 2.024925863773719215e+01 2.008581455397028392e+01 3.978124531144128184e+01 3.523380459944709742e+01 1.376981651718245558e+01 3.073787452334624604e+01 2.853263329364914469e+01 7.814395919003855440e+00 3.177587428166964756e+01 2.863865586646966932e+01 9.973890792946773942e+00 2.431924911860699368e+01 4.468834255379255183e+01 5.194624727799899233e+01 6.033830097069964893e+01 6.080582557950680922e+01 4.858236949427715956e+01 4.804062072395548455e+01 6.264171461888516745e+01 6.839810417437836065e+01 7.495524207256617899e+01 8.311591832288914361e+01 9.292131824869787238e+01 1.027559045166890854e+02 9.128321010843897909e+01 7.209031365007601266e+01
8.327778614586212741e-03 1.587425083215632959e+01 1.727498698642551389e+01 3.210309971558219644e+01 3.417655084003509813e+01 1.947114746701625521e+01 1.086574430086504073e+01 3.066852004025109935e+00 1.915828180089851429e+01 2.142459792094775750e+01 4.666577109095984000e+00 2.419749102728288292e+01 3.477939060314471220e+01 4.795959610641258308e+01 4.403237214841981029e+01 3.527490200454793268e+01 2.485019898741278510e+01 4.257162291853649094e+01 3.139987512862707675e+01 4.038707152688694890e+01 2.658511014241792481e+01 1.107886939623743494e+01 3.145758906032285296e+01 4.151321487642520935e+01 4.664565853841826737e+01 5.505513179956021474e+01 6.684303922110116503e+01 7.235217659238783483e+01 6.733990798870674155e+01 7.547131457304058699e+01 7.508362626925374173e+01 7.093485576577697316e+01 7.929287854305363226e+01 8.397856681563298764e+01 9.226378725346894782e+01 1.001594505709467029e+02 8.604952682063121472e+01
6.510866554257996840e-03 2.000646021665859564e+01 3.334306291267910183e+01 4.321781740548750150e+01 4.580981102335024246e+01 3.353422250839690122e+01 2.003691317028428998e+01 2.285723060899189107e+01 1.110610646842515870e+01 2.596003906046601983e+01 2.312874030512655210e+01 6.520837159039777120e+00 2.652855337801447888e+01 3.764592060172273591e+01 5.199386080582941361e+01 5.428229462237209191e+01 3.952720293553830544e+01 4.053622802229980238e+01 5.856169378764283806e+01 5.070412399833172401e+01 2.968860379025035101e+01 3.145968731954570785e+01 1.269944046253316650e+01 3.314424363250621042e+01 2.626647755982448729e+01 3.808430123468372130e+01 5.836801448790011193e+01 7.418501546681102354e+01 7.471153671452485412e+01 6.642700093144054563e+01 5.815648961782095938e+01 5.073049612086328608e+01 6.657220539242047153e+01 6.416227116352753512e+01 7.813946566196467813e+01 9.807540401288733278e+01 1.060088336784065888e+02
8.953482861371391335e-03 1.415108910659244756e+01 3.415108910659315455e+01 4.878192780260465611e+01 5.706619231753042953e+01 4.650448324250027810e+01 3.521661665385737905e+01 1.799103560034999916e+01 2.927799164106892604e+01 3.127319202684868671e+01 1.237551725997857943e+01 2.652855336581443169e+01 9.062691835997798151e+00 2.329857808008529574e+01 4.044451702362230350e+01 5.479400148641998669e+01 6.036066976153891517e+01 6.058400995941701694e+01 6.920258053016010535e+01 5.955100095974691499e+01 4.407590130224278369e+01 2.365842144299195127e+01 3.314923349024751076e+01 1.439800061512229945e+01 3.487354040739520400e+01 4.962331570562286487e+01 4.593004822788743269e+01 6.600639036386485259e+01 6.312847355746087175e+01 4.633894232122226953e+01 3.976202863352003192e+01 4.395234112362108903e+01 5.162103409601206039e+01 7.144564100604404189e+01 8.316039195534231965e+01 9.144569138915302631e+01 1.003598950439549924e+02
