LEM/sinusoidal_perturbations/elevation_000801.asc
nrows	100
cellsize	150.0
xllcorner	0
ncols	100
yllcorner	0
NODATA_value	-9999
[rows 68 to 84 of 100, columns 37 to 73 of 100]
4.570248514796338668e+01 5.670660447792051428e+01 3.906081201141240911e+01 5.101417232468308072e+01 6.748936802771225985e+01 7.550428390472090712e+01 6.735692049392758918e+01 5.484349243233345561e+01 6.908000351159172681e+01 8.915691586428116011e+01 8.171659591675977197e+01 6.758396254427437100e+01 6.046178934416580120e+01 8.056604659392905887e+01 8.664442890911935535e+01 6.665083723559743589e+01 5.273262642994804850e+01 4.649220269357234514e+01 4.053035736674795686e+01 6.028275907307232018e+01 7.086492545580394165e+01 6.819979176236871865e+01 4.669109739886000909e+01 6.482124565933831661e+01 6.674599756688036223e+01 6.139679536686623607e+01 6.289262771638029648e+01 4.511593587691916696e+01 5.910664005603700133e+01 7.941677268596809824e+01 8.857178045543452072e+01 9.682935734957332841e+01 1.045357344343034072e+02 9.748645445200084225e+01 8.574320414442173899e+01 6.533795120936186152e+01 6.201608972172419243e+01
5.045061312003547016e+01 3.691607114866746997e+01 5.670660447792051428e+01 6.634067712621514090e+01 7.752058277696505684e+01 6.735691871998862723e+01 4.739733705613807757e+01 6.735692049392758918e+01 8.243464125843043178e+01 7.594772775295132305e+01 6.768388190024157325e+01 5.345559891808054687e+01 6.497276361218845864e+01 8.504964671928489395e+01 8.993827051255702543e+01 7.130116105698684237e+01 7.250682465649707353e+01 5.849697450662514342e+01 3.873938769418808192e+01 5.601316423284823287e+01 5.078944599949297611e+01 5.732482433491210116e+01 4.239200344338051707e+01 5.099849950312435709e+01 4.648874917680980445e+01 4.164762185870933564e+01 4.309454547877495401e+01 5.967474444632106412e+01 6.465692474933211997e+01 8.451750172413017026e+01 8.922157113887887192e+01 9.762314496512617268e+01 8.491335267148363641e+01 8.299838961911589763e+01 6.884200932333160949e+01 5.764144544597666453e+01 7.261498721013411739e+01
5.525881420801061950e+01 3.545481535802433370e+01 4.941723335783488835e+01 6.936163792220764890e+01 7.694545263709736105e+01 5.690097992901288393e+01 4.298769358975694388e+01 6.277187005989658530e+01 6.248297371340822792e+01 6.248297371343263507e+01 4.787943178914120779e+01 6.768388190024157325e+01 8.171659591675967249e+01 9.327058425048707591e+01 9.369170413506785167e+01 7.774178456501449830e+01 6.821719879247841334e+01 6.151412687397289858e+01 4.671180835212324922e+01 3.617606932353626803e+01 3.685873052977785136e+01 3.753737628213815469e+01 3.821238401207589419e+01 3.889352771437726375e+01 3.957129086828191333e+01 5.931868205696623875e+01 6.285933161848163309e+01 7.034822089070240736e+01 7.906011484895860519e+01 7.242565331032093923e+01 6.865126133968023225e+01 8.501283762919224785e+01 8.491335153485286469e+01 6.455385435845259678e+01 5.394863459766621361e+01 7.480726046193298373e+01 8.684333738795723434e+01
5.382621868023062461e+01 3.401140064436788180e+01 4.798867839077969677e+01 6.791914023929923871e+01 7.449432930794741026e+01 5.864204589464249295e+01 3.909458169812960904e+01 5.864204589462381279e+01 5.779379352216387389e+01 4.286674061550554171e+01 6.248297371343263507e+01 7.594772775281099086e+01 8.550285550777334720e+01 8.655197288067216732e+01 8.561022806707930499e+01 5.869509640068702794e+01 4.610892578450943802e+01 5.270072999671105407e+01 3.526233430448553463e+01 5.512851296866701745e+01 5.666867934733072332e+01 5.732617186641674323e+01 4.738182202939591292e+01 5.865024445150019261e+01 5.931548900923353784e+01 4.063649113655882417e+01 6.038063204163258746e+01 6.084373855122054664e+01 6.259705214463157574e+01 5.178968252832177654e+01 6.610445139977205997e+01 6.595876678682103034e+01 7.687414285161298722e+01 6.900273928846766580e+01 5.184271775646931957e+01 6.635962167583305416e+01 8.680672186171187832e+01
5.041633152898735659e+01 3.258997289266976338e+01 4.657334474864769902e+01 6.649325752632236686e+01 6.623724111808142823e+01 4.643519210714860890e+01 3.562234610968979354e+01 5.332154615701094968e+01 3.826375476523318753e+01 5.779379352259844183e+01 7.073548885731577229e+01 7.997999886708230122e+01 6.634436306741477551e+01 6.854013537295654146e+01 8.645189282595451630e+01 6.870327391804590889e+01 3.498770974839855796e+01 3.433926680531963882e+01 5.309264538785370746e+01 4.575515600774591718e+01 6.465974181083400651e+01 7.591154809930627323e+01 6.537891893259916287e+01 7.486933921193148933e+01 6.640743568524744944e+01 4.378465616917905834e+01 4.169375164534713463e+01 4.243619238987068343e+01 4.317017670856872513e+01 4.390450026466314881e+01 5.059935115772390191e+01 6.492017114360477592e+01 4.790328674680995391e+01 4.910325309482436040e+01 6.900275166615715250e+01 7.481304810048345644e+01 7.197164885679433155e+01
3.060934948291322755e+01 4.856386591238482708e+01 5.683122714590713542e+01 5.604506468800071417e+01 4.796689363871190892e+01 4.676934723684104966e+01 3.248798018869599957e+01 3.371456784137097884e+01 5.332154615457347546e+01 5.582608275308066226e+01 6.406326279559918646e+01 6.252044508347621843e+01 5.300103015368666348e+01 7.195519344574503862e+01 7.484383405393182898e+01 6.639240456117505573e+01 5.490517760430607552e+01 3.367794123363060521e+01 4.840616729927106832e+01 6.198859779344852683e+01 5.840249899496249952e+01 6.987366905330530642e+01 8.637670633289138777e+01 8.163341202040827227e+01 6.030951643321905209e+01 6.642086096657256178e+01 4.951652220495034840e+01 6.220656706176212225e+01 4.792801743890269961e+01 6.368028302188238143e+01 4.493819690148459500e+01 4.566577001924866153e+01 4.639530987106257953e+01 4.713440220032450867e+01 6.725501706826186421e+01 4.941155097647531846e+01 5.021933268372273318e+01
3.832508900915070171e+01 2.878297537091057734e+01 4.674308952628730651e+01 4.796132665276240203e+01 3.180976051390661397e+01 3.067599458419140390e+01 2.910171299580195026e+01 4.747468429304989002e+01 4.816242191563578245e+01 3.691693351094724562e+01 5.450126027177685017e+01 4.338779911666541977e+01 6.075246772995538436e+01 5.803616922403192291e+01 5.921380690316765794e+01 4.772583881716436593e+01 5.211856372434948526e+01 3.301798150451843838e+01 5.177814855282210260e+01 6.203814738653521488e+01 7.141422412475810688e+01 8.398660418734556288e+01 9.469366251745204011e+01 9.071723483488521822e+01 8.193507516582290862e+01 7.801880521810373637e+01 5.951460924953592269e+01 7.332687296215512163e+01 5.303604308358875130e+01 7.324410357316735087e+01 7.007976199756393498e+01 5.967678382864826858e+01 6.642887084533505515e+01 5.024177802174599350e+01 4.826949656914819542e+01 5.511366143924836081e+01 6.728489894959520257e+01
5.604637712705400077e+01 4.674308952628706493e+01 2.699762454647814636e+01 4.404300735440205017e+01 2.580876224150722464e+01 2.622653506939954582e+01 2.664316950614952972e+01 2.706572129388078451e+01 2.748779341862916681e+01 2.790877931103138820e+01 4.801778873599718622e+01 3.715717418515148296e+01 5.038113023352173769e+01 3.033519179458087223e+01 3.862069131234322583e+01 5.137200321698377081e+01 3.209000765543423483e+01 5.211740339942347333e+01 5.366870832034457806e+01 4.485790408194466750e+01 6.154926146940373144e+01 6.872811565929839617e+01 7.785648879863464344e+01 9.124904506899073908e+01 9.948475652736962616e+01 8.813908679852075068e+01 7.393748344298084874e+01 7.332687296842627234e+01 7.332687297025562145e+01 6.261388405634526322e+01 8.288077875234630199e+01 8.005015621463284958e+01 7.504772868759722826e+01 5.417394452763812751e+01 6.847527807814567780e+01 7.091612552583038109e+01 5.670941827532486457e+01
4.852766974350866036e+01 4.397459436038027292e+01 4.366447617503769152e+01 2.521680657526092872e+01 4.464707482453159315e+01 4.960965104901330847e+01 3.600320051188187165e+01 3.333300666758330522e+01 4.648451767143458113e+01 4.746188788226166366e+01 2.850421048435880778e+01 4.825905992425554558e+01 2.971453540363425105e+01 3.957312535546755328e+01 3.096974073922532611e+01 3.142646525048143857e+01 4.995932083720315120e+01 3.308165545772228455e+01 3.378637886792071754e+01 3.448917132931568119e+01 4.940276433230552300e+01 4.943023464584256743e+01 6.954492505731063545e+01 7.120883347705643018e+01 8.601016399439062354e+01 9.425990839547905864e+01 9.407997904165837610e+01 9.342699617809613244e+01 9.111903666630966825e+01 7.176868566572802877e+01 9.111903666630966825e+01 8.257412847087100261e+01 6.196224386481129898e+01 7.504772868759722826e+01 8.341001651514120852e+01 7.983911916016525367e+01 6.043274538659329664e+01
3.065963760665824722e+01 2.425372446204396581e+01 2.465309883014725756e+01 3.655807084324722211e+01 5.205619329691641184e+01 5.297197446737812498e+01 5.283531506938070521e+01 4.005913068648713704e+01 5.365030638237628580e+01 5.088127927686667817e+01 3.136520606897486019e+01 2.910371832499668088e+01 4.650158927133138320e+01 5.218230197335179810e+01 4.184315465606538709e+01 3.798202525986295797e+01 5.587556129250446446e+01 5.301727635309543984e+01 4.825872619961918275e+01 5.432069781068626924e+01 3.547205899986190758e+01 4.941436677767629249e+01 6.927232641115335809e+01 5.957218633288577081e+01 6.594313682638237140e+01 8.179849802668731229e+01 9.005359716624914768e+01 9.899476513219988760e+01 1.000680959647694834e+02 8.605067092981491328e+01 1.000680959647694834e+02 8.821272589363228178e+01 6.788248553796510976e+01 8.821272589363228178e+01 9.974852224633160347e+01 8.416941102532022967e+01 6.439706596111888359e+01
2.368744473059807376e+01 4.341164046050184311e+01 2.683601197215246259e+01 5.038853823991226477e+01 6.292477464002389098e+01 7.141237301221734413e+01 6.536849647159188237e+01 5.015807652748883783e+01 5.414284436409243284e+01 5.944331863393016135e+01 5.115613529494532230e+01 3.554378489406632724e+01 3.445913691289639047e+01 5.179455062036364410e+01 5.874748956027945468e+01 5.609613644042001823e+01 4.814039016008475613e+01 6.696387819269845920e+01 6.940659929594907851e+01 5.559631515257365209e+01 3.616216557089674666e+01 5.579383978487090445e+01 6.327477956715548402e+01 4.964573313564234525e+01 5.531680506144081733e+01 6.166702619936281593e+01 7.072030941766061574e+01 8.492537275506153094e+01 1.048492485855093577e+02 1.059213254852857631e+02 1.023449758911339416e+02 8.235895627781992800e+01 7.713742456080797183e+01 9.648512369851026449e+01 9.129192821327801255e+01 7.114636321815386566e+01 8.416941102532022967e+01
3.642015859582436832e+01 2.651785543550026958e+01 4.605735235017882445e+01 5.668984127685746444e+01 6.823571808747922773e+01 7.043588209201023176e+01 7.577782881975331009e+01 6.805877521569092892e+01 6.613950377895589838e+01 6.555522210938552519e+01 4.558702961703011169e+01 5.561883086912977348e+01 3.838062176250598867e+01 5.786059855668602125e+01 7.045254537418544771e+01 7.519544964153033106e+01 6.117935035265869459e+01 7.519544964153033106e+01 6.905039566638093618e+01 3.685341182913231961e+01 3.684630018743366975e+01 5.654859440469872567e+01 4.354969023785634619e+01 6.330734632469820866e+01 7.543236766410154814e+01 8.179849802668731229e+01 9.005359716624914768e+01 9.899476513219988760e+01 9.841807833216476809e+01 1.068640926714990655e+02 1.106112911192006862e+02 1.023449758911339416e+02 8.876372023644795206e+01 1.054312307898956220e+02 9.692684046525559438e+01 7.660950184160491006e+01 9.692698759949711018e+01
4.246908057994008345e+01 4.622200089010595292e+01 2.936559055607214930e+01 4.909035023941145681e+01 4.833916343582745156e+01 5.052909853470069379e+01 6.463076545860064925e+01 7.873259968088962069e+01 8.300383809051785988e+01 7.394624182369820176e+01 5.452864400009478629e+01 6.689268544381300785e+01 5.841278231493833317e+01 4.424315893021042001e+01 5.836559896470073738e+01 7.892649727238540436e+01 8.092892244083449782e+01 7.791870741071585371e+01 6.277963213170954759e+01 4.303676538710084998e+01 5.536721005124176287e+01 3.781596192070946216e+01 5.739416553708154822e+01 6.575387825788827456e+01 7.375185658708278424e+01 8.258789243298065230e+01 8.960179520763590233e+01 8.531188397097955090e+01 7.769536551306437389e+01 9.237402891422379980e+01 1.130097044086108582e+02 1.169340259188313809e+02 1.086599603951615478e+02 1.114583606921216443e+02 9.090767094399978987e+01 8.558758574274875741e+01 1.053944239267162857e+02
4.785021468781837939e+01 5.707272315942439178e+01 4.797870654097891219e+01 3.229613382152200529e+01 3.443035237821506200e+01 3.663669831793779252e+01 5.052915327266607903e+01 6.788173517982868077e+01 8.199562947675883606e+01 8.292205439225205055e+01 6.878148604781993924e+01 8.292205439225205055e+01 6.941967731542581532e+01 4.916202630503972415e+01 6.059263290085304021e+01 8.112822885262217198e+01 8.737189261184791178e+01 6.962172754252034679e+01 4.967375895352248705e+01 6.277963213170954759e+01 6.536157853671808482e+01 5.748798109267806922e+01 3.879082321449477178e+01 4.029236849894853378e+01 5.363335742081412860e+01 7.411432882742728623e+01 6.893163763057582116e+01 6.465968929475572224e+01 8.531188397097955090e+01 9.613067650315524304e+01 9.838940070989461617e+01 1.068410357761072333e+02 1.132328912154590341e+02 1.198736272452912601e+02 1.114578995667474430e+02 9.737774482059219849e+01 1.145561465428569363e+02
4.616596044442795943e+01 5.901441484930903414e+01 5.971237378845820132e+01 4.621168405744506202e+01 4.833916341809066353e+01 5.636095900538051495e+01 3.988654320820803889e+01 5.376787022414930561e+01 7.226780712721675570e+01 8.381485418448654912e+01 8.889710981717166760e+01 8.962301705402131802e+01 6.887202254476666496e+01 5.443779210683422320e+01 7.497930104865837109e+01 8.965871082874672027e+01 7.908349144202655623e+01 5.901200529063853395e+01 5.958675382151805877e+01 7.791870741071569739e+01 7.739766670280835115e+01 5.812198879397302420e+01 5.725177850218572217e+01 3.976056390547811503e+01 5.952242127508788627e+01 6.626542728851835307e+01 5.453473117061140130e+01 7.336852166878077242e+01 7.725922683257394397e+01 7.540201175910198117e+01 7.767148956692145134e+01 9.256570189490524569e+01 9.256570189490524569e+01 1.083841611821796107e+02 1.186976841202002930e+02 1.180168894134548907e+02 1.264074806662755179e+02
3.072244060602098870e+01 5.069022671683320169e+01 6.395704429361113341e+01 6.609743159273135404e+01 6.823570602004848240e+01 6.328336237621142146e+01 4.356423236863835058e+01 4.418317825530819221e+01 5.553048085810004864e+01 7.552167759897773180e+01 8.460802853435316706e+01 9.463319393257995671e+01 8.154403254828862657e+01 6.078452878200393883e+01 8.154403254828862657e+01 9.324728782454688769e+01 7.321671374263473808e+01 7.321671374263473808e+01 7.379040909252712765e+01 8.794478574935439497e+01 7.715919096489501783e+01 5.657667921447302462e+01 4.075233885361231501e+01 5.941105252508292978e+01 4.356091842457823304e+01 4.622428289397772261e+01 4.941891937845048233e+01 5.289991651584256260e+01 5.667157244428028662e+01 6.082867970349867193e+01 6.612965911464324620e+01 7.182760753984777580e+01 7.911312973708909624e+01 8.952361921560382996e+01 1.103229633339324920e+02 1.213863037015026265e+02 1.129054155711481968e+02
5.069022671683320169e+01 3.545865933559075245e+01 5.549414166591294162e+01 6.945133699356605916e+01 8.126373619118054137e+01 6.709723253020517575e+01 4.736437912090065794e+01 6.397975477920926579e+01 4.882815722514544632e+01 5.627518575224119246e+01 6.627774419016913043e+01 8.634841787302455884e+01 8.943141493750130167e+01 6.856336264037430794e+01 8.943141493750130167e+01 1.015270714810608865e+02 9.324728782454688769e+01 9.324728782454688769e+01 9.381918338358308063e+01 8.817570077336077361e+01 7.221249494687670278e+01 5.429038944454801907e+01 4.245193644002801392e+01 4.182495285947356933e+01 6.226939049678331628e+01 6.024997638157200441e+01 6.098451958680115581e+01 7.336852166839621248e+01 7.119505304620273023e+01 7.271158144935120049e+01 8.681397563639120563e+01 9.256570189490524569e+01 9.992320317791026696e+01 1.083841608384607866e+02 1.187012383405122478e+02 1.113417123056894980e+02 9.297590894059287336e+01
