LEM/sinusoidal_perturbations/elevation_000448.asc
nrows	100
cellsize	150.0
xllcorner	0
ncols	100
yllcorner	0
NODATA_value	-9999
[rows 34 to 50 of 100, columns 37 to 73 of 100]
2.522026688903293135e+01 4.529132765222230006e+01 5.961006130342904186e+01 5.137437383420789416e+01 3.465917677975669875e+01 5.463673902851274278e+01 6.636156632963165691e+01 7.664397653567962720e+01 5.684843522646337277e+01 7.386643264845741896e+01 7.829080237475683646e+01 7.465159478928441672e+01 9.182881830696456404e+01 1.039122455301811954e+02 1.122048021890961280e+02 1.050789644125510023e+02 1.059964716787345367e+02 9.769133375264559049e+01 9.724278657852271124e+01 8.889614526472477962e+01 7.618540479679968769e+01 8.600877048804274239e+01 6.673773152709286194e+01 6.371136603817070210e+01 4.385201520121558616e+01 6.371136508779419927e+01 6.532889977299780071e+01 5.707491188444316776e+01 3.836125312219275685e+01 5.783367062914560819e+01 6.717389875501123697e+01 8.133628871018474626e+01 8.147819528852262749e+01 8.970331543795455786e+01 1.071758683476112139e+02 1.023880253661606474e+02 9.834433062781634760e+01
2.697185197280464664e+01 3.858319528013020516e+01 5.860027460898361795e+01 6.286755377140605106e+01 4.881767064718372495e+01 3.819465216383362360e+01 5.813446788563564382e+01 6.460924459976649814e+01 4.981863454516900447e+01 5.406707776180251557e+01 5.850442048455489896e+01 6.378954502942887927e+01 8.357998614315596342e+01 8.404672199155960755e+01 9.807059853899120583e+01 1.180152334092849031e+02 1.158394322307367048e+02 1.068457950198398692e+02 8.892921060534951039e+01 6.896378432657971302e+01 6.483866530289763830e+01 6.645608938805726496e+01 6.673773152710126055e+01 4.689252588136979938e+01 5.790135222073362087e+01 7.194908677026106147e+01 7.467983733285849723e+01 5.462718827518548181e+01 5.804531285295804821e+01 3.920864894502433629e+01 5.324582011196357456e+01 6.744043889331919672e+01 6.162595139205826911e+01 8.147819528852282644e+01 9.572359550381399629e+01 8.046533163717749915e+01 9.002682754000916532e+01
2.876193248835866356e+01 4.882949152912354407e+01 6.691506074369002022e+01 7.691743689562839847e+01 6.632539980112234446e+01 5.231124851614365667e+01 4.189814490823684423e+01 4.473780697849362298e+01 4.973897443556440123e+01 6.956599063201319666e+01 7.829080222983702697e+01 8.358003299315942058e+01 7.262489933332365410e+01 9.244291860612892719e+01 1.122048021890961280e+02 1.141180460719851055e+02 9.581527540399966369e+01 9.581527606275706432e+01 7.861261888218093929e+01 7.476829335908141161e+01 5.498559130482823321e+01 5.249732713553841279e+01 5.007403538728512160e+01 6.092840851408017500e+01 7.497755784796841283e+01 8.599686459664512483e+01 8.308928491246660997e+01 7.307393550601089771e+01 6.134261355070925958e+01 4.164969651010726182e+01 4.008097970275233024e+01 4.758599533957985273e+01 6.735310356483411454e+01 7.809887171824091467e+01 8.320191533072268442e+01 6.457470759670285076e+01 7.801859891755167098e+01
3.058532311285036442e+01 4.478837444739358631e+01 6.477981433334586825e+01 8.032371827868102798e+01 8.006642506462080178e+01 6.880332045858021672e+01 4.897397619571713534e+01 6.460924465025173902e+01 6.376462513755998174e+01 5.785173059118387329e+01 7.184178932600374878e+01 9.166424878857148428e+01 9.244293151232776040e+01 1.007114449552193634e+02 1.087353239222135954e+02 1.004396571588814879e+02 8.584073947970117047e+01 7.586731887612846492e+01 7.861261996100871841e+01 5.882273754370768160e+01 7.476829335908134055e+01 7.229116196933918559e+01 5.635635511885754312e+01 7.615015580686238650e+01 8.902649945218074379e+01 9.236662236766999001e+01 7.678673608481699375e+01 6.485591261450285572e+01 4.514836422229844004e+01 6.134468256316574752e+01 5.991623988947151247e+01 4.095330148259480296e+01 5.964009448827684423e+01 6.024661836660437331e+01 7.450543226299821242e+01 5.407715734906680183e+01 6.288617212130841239e+01
3.244284857996090921e+01 5.248833814158727051e+01 6.344880353627958414e+01 6.040964588396191459e+01 8.032371827868084324e+01 7.707404986746875863e+01 5.891151517672024340e+01 7.707404986781554612e+01 8.357176818327036472e+01 6.927407132342001717e+01 6.927407132320074368e+01 8.069447294436240270e+01 1.005494964273999017e+02 1.120035620130483096e+02 9.197453255180253961e+01 8.045262298432798787e+01 7.295982545298097932e+01 6.598541452656455419e+01 6.287872927390840516e+01 7.861261996100871841e+01 8.688201365135266485e+01 6.775612881401104914e+01 7.615015668607782118e+01 8.440698632477307228e+01 9.220292468370533356e+01 7.242005309262283674e+01 6.852586867901104029e+01 4.876080443270023324e+01 6.485591261450285572e+01 7.310681864486225834e+01 5.715298333726607893e+01 6.078384141859340417e+01 4.182430984404977181e+01 6.166811164957411506e+01 6.394840962019235775e+01 4.666624731335188869e+01 4.835836641712443651e+01
5.248833814158736288e+01 3.514133340663153859e+01 4.412820735625805924e+01 6.406822926911853244e+01 7.784056459085859103e+01 8.700746993507843285e+01 7.874176750797575153e+01 8.700746993770596305e+01 9.734839977348664775e+01 8.908620576677482461e+01 8.908620466990603859e+01 9.734807044345760119e+01 1.088370713945460864e+02 1.202985595048459118e+02 1.087353239222135954e+02 9.159026270820450577e+01 7.167517168642457648e+01 8.584130055098165712e+01 7.169531855865963621e+01 9.098117820397582989e+01 8.761661199939470634e+01 8.177452509754191112e+01 9.589437875500256325e+01 9.886124632422622938e+01 8.393638719410579085e+01 6.398951141339914273e+01 5.256157695450344391e+01 6.269060935598031392e+01 7.678673608472286105e+01 8.527311518596685858e+01 7.700466135094157494e+01 6.989493209430801812e+01 5.585760866058786434e+01 4.269502176249654468e+01 4.432964593893386507e+01 5.998853118294086073e+01 5.616492247163181872e+01
6.346385127673423199e+01 4.518244258988310236e+01 3.799420498788521172e+01 4.955867371722822412e+01 6.951231221179919828e+01 8.255628829608203034e+01 8.538540449597343240e+01 8.610716336405842242e+01 9.448673610575687576e+01 9.638789632663321072e+01 1.007965763928376361e+02 9.816326747148380605e+01 1.065700171217021364e+02 1.182858391271692966e+02 1.100049715976693392e+02 8.997949941390645279e+01 7.588916111560217814e+01 9.584482442006782321e+01 8.315692580109109144e+01 9.990041184385962936e+01 1.075802098308155905e+02 1.017206574304098439e+02 9.302966649142591393e+01 7.893894216148611065e+01 7.672010651682217031e+01 5.677921654896221781e+01 6.657803304219943641e+01 8.068484694796065071e+01 9.088286286069610753e+01 9.064275255936458109e+01 8.237282451478014877e+01 8.393400462306885856e+01 6.844414637693441250e+01 4.335857887095805552e+01 4.790168258386078293e+01 6.429998193548982499e+01 7.515450157693518918e+01
6.147358985352614269e+01 6.003136280058168950e+01 4.005049275534130970e+01 6.003136280058168950e+01 6.571544222725491124e+01 6.257261541231978441e+01 6.538053199889145617e+01 6.609818795053075746e+01 7.807331414790834856e+01 7.624438429453402932e+01 8.059322802901574789e+01 7.798036889448587772e+01 8.958805329650424198e+01 1.098772282533831373e+02 1.121969744472321366e+02 9.216976256523692257e+01 8.100912169666898421e+01 1.010086910129542161e+02 1.031482344684591368e+02 1.114517085164798118e+02 1.084031404193016073e+02 9.844600964062190940e+01 8.477404995389495923e+01 6.481648330860495832e+01 6.133263895862404524e+01 7.087809475888037980e+01 8.498345596743203600e+01 9.479166085420469301e+01 9.322668776771537580e+01 7.916449233413584352e+01 6.253143911143261136e+01 6.889292736073301171e+01 6.435228650571599474e+01 4.402586792517910652e+01 6.341634983343394794e+01 5.562842430029881768e+01 6.592299136119441982e+01
7.154823925993299838e+01 5.160043419953370858e+01 6.003136277145674171e+01 4.311775829072644939e+01 4.577888035810808987e+01 4.850946884035080586e+01 5.134094906603299791e+01 5.466406086484020221e+01 5.817058817401875359e+01 6.220071320638830770e+01 6.650136353261180489e+01 7.798036889452882292e+01 9.221911830038961000e+01 1.125137197324736746e+02 1.205049908635164115e+02 1.065658339021444618e+02 8.652927027008998095e+01 1.006954255652931209e+02 1.207382533256389081e+02 1.142401039946514345e+02 9.431659992117759828e+01 8.023908604044629556e+01 7.027172058633196627e+01 8.477404995389495923e+01 7.546229206408280277e+01 8.130041613227386676e+01 9.908881717597326144e+01 9.626296229981083741e+01 8.219800211212101715e+01 6.510229690104797839e+01 5.087003370116899958e+01 4.866618584234992539e+01 6.009029538405773962e+01 4.469512098579647841e+01 5.894881196256552158e+01 6.834662407001118822e+01 8.209028554617908924e+01
7.988220566807055434e+01 6.309296055658069946e+01 6.684098708482352436e+01 4.691209287975030406e+01 6.571544220731321673e+01 6.842569768696003507e+01 7.123982349651458890e+01 6.021574414597931479e+01 7.807331414790834856e+01 7.069695378335761404e+01 8.651066637635534562e+01 7.642702686419028169e+01 8.802132962170146868e+01 1.083052092550361607e+02 1.172820348467050593e+02 9.723385863552059050e+01 1.065658339021444618e+02 1.148716358518486373e+02 1.255067670279019580e+02 1.109115401027105179e+02 9.099602520178795828e+01 7.692334004173933693e+01 8.436229555855814510e+01 9.844714985898366422e+01 9.539489443651767431e+01 1.012338931673761948e+02 1.002074328478848599e+02 8.612408738963449650e+01 6.813304192443106899e+01 5.408061511205580985e+01 7.090348825436402080e+01 6.587936014013382646e+01 4.565233443268898839e+01 6.497491700522689939e+01 7.323462536067650319e+01 8.580688324068432848e+01 9.484785436832787298e+01
9.146506833881608145e+01 8.309840873466049516e+01 7.074498182848073213e+01 5.083843648260873493e+01 7.074498182848161321e+01 8.692008654371615251e+01 8.683218934331469541e+01 6.681109442867770554e+01 8.683218934331469541e+01 8.222447153591528490e+01 9.915744652316290342e+01 8.802132962170146868e+01 1.050006919233045863e+02 1.167147191429803144e+02 1.255887940869643273e+02 1.088184011212355529e+02 1.255887940869643273e+02 1.313522646195752372e+02 1.115967700126144280e+02 9.751530994886627468e+01 8.755802219327122771e+01 8.395579991093342187e+01 1.038695051985205424e+02 1.125320041594094533e+02 1.044180817033563216e+02 9.612517474328585365e+01 8.859486065135676824e+01 7.204074193138393412e+01 5.808746484742307103e+01 5.772345585825863168e+01 7.742652229716189538e+01 7.263109797005442658e+01 6.570909117671790511e+01 4.668934950194505262e+01 6.124824271718456714e+01 8.204779452119338146e+01 9.399236662697860822e+01
9.388790663706490136e+01 7.377866062351040455e+01 6.230235244727554544e+01 6.076631317610453920e+01 5.863067570844981446e+01 7.856313599919303670e+01 9.521568185903075232e+01 7.675288294855724303e+01 9.521568185903075232e+01 1.024345464444513283e+02 1.108394712298258753e+02 1.083052092550361607e+02 1.167147191429803144e+02 1.174568229314568697e+02 1.256929144482185450e+02 1.288435735240231850e+02 1.371586537905093053e+02 1.213572694318341689e+02 1.126456160767589409e+02 1.156545228479074439e+02 1.074620750531290838e+02 9.285485289571306566e+01 1.121051163013776772e+02 1.076733694161640642e+02 8.769474818081769740e+01 7.620702188642688668e+01 6.874572753614067722e+01 6.220240912389721899e+01 7.786383456508552570e+01 6.139429302490109563e+01 8.116259878698362229e+01 7.709503306832401393e+01 5.876165012712525026e+01 4.743750985862905623e+01 6.752211556454136598e+01 7.627563882724710709e+01 7.725607405715095410e+01
1.022806309727241540e+02 9.064475030280593160e+01 8.227782803793874677e+01 7.223146638096689287e+01 6.611306126152128115e+01 7.487232925425117003e+01 9.498534257425721705e+01 9.097314218173720235e+01 1.053133218801153390e+02 1.154210216948091130e+02 1.236932825099447939e+02 1.183773651391782380e+02 1.101571988995956843e+02 9.771654411761707593e+01 1.086287088729310284e+02 1.168462737775304561e+02 1.284375388954901780e+02 1.095358984980698409e+02 9.283401770592742253e+01 1.095358984976639647e+02 1.209969729016515316e+02 1.069517052804429795e+02 1.209969729018754663e+02 1.159646530460138933e+02 1.044089800237725996e+02 8.673280785382637248e+01 6.688888133381634304e+01 8.198981622718447682e+01 8.499061525958926211e+01 6.516470865592019379e+01 8.499061525958926211e+01 8.575387970141058247e+01 7.499899433753543576e+01 5.593364684614000026e+01 4.853835811478948159e+01 6.372390821698365215e+01 5.747077478431097575e+01
1.014421779824165242e+02 9.569894719868619859e+01 1.007152992648030221e+02 9.232418963952629554e+01 7.605334165063663932e+01 8.612811531888476679e+01 1.033776260025599925e+02 1.112479494319428568e+02 1.121562036334998425e+02 9.543332614041267448e+01 1.121562036334998425e+02 1.069844570261149812e+02 9.047024307756909423e+01 8.640306569949903803e+01 8.895316141768270768e+01 1.054589583409052835e+02 1.086287088729310284e+02 1.011760253898245310e+02 8.160145543350284925e+01 1.011760253898245310e+02 1.156046595959867886e+02 1.268363240576570661e+02 1.213624082762403162e+02 1.012726209848216570e+02 1.012339524471645120e+02 9.019475045734436947e+01 7.030669159576009974e+01 9.019475045734436947e+01 8.904881121365671959e+01 6.916779248627173615e+01 8.904881121365671959e+01 8.960627633782728196e+01 6.996242884369542026e+01 7.571586001620525508e+01 6.878941182655914588e+01 4.967254465795009821e+01 6.416386693735623226e+01
8.312528325251581407e+01 7.581823906060485285e+01 8.988674459596120414e+01 1.046031926158308636e+02 9.620288898713208425e+01 1.046031926163993262e+02 1.147432561019631407e+02 1.120745631456195923e+02 1.038010303963674943e+02 8.391442157148246395e+01 1.038811202859980511e+02 9.879093598076846661e+01 7.914549076129503646e+01 7.659251101466433909e+01 7.762823883059203922e+01 8.895316141768270768e+01 1.004672568781045356e+02 9.229081245183793669e+01 7.467334596700591476e+01 8.771046921981333355e+01 1.046579038583479075e+02 1.160336084725771997e+02 1.212311391058383379e+02 1.012740930009845783e+02 8.130685716136621011e+01 7.558151492606619115e+01 8.960733461086272200e+01 9.819051321629105189e+01 9.339838179391257711e+01 7.346614536933729767e+01 9.339838179391257711e+01 9.778701511286078585e+01 8.960627633782728196e+01 7.983873619779019748e+01 5.991309495421041476e+01 6.983866080118663433e+01 5.084190098972221961e+01
6.324818818613763938e+01 6.176449494264341666e+01 8.164116365945693587e+01 9.437899485624122065e+01 8.613061191228015900e+01 9.437899487874057058e+01 1.043221236295079706e+02 1.038010303963652063e+02 8.383901133780356929e+01 7.638841900438336552e+01 9.633441752863211605e+01 1.013478671622157350e+02 8.169137896084605188e+01 6.776215624505952917e+01 8.744863254189102975e+01 9.825030935698563894e+01 8.913033028811102554e+01 7.269757148124081425e+01 6.809016140334260569e+01 7.690127904040541296e+01 8.816893670318705745e+01 1.077746538328202064e+02 1.128290006841574211e+02 9.281531350013413828e+01 1.012687899115519485e+02 8.446590968357760687e+01 8.446340187835430413e+01 1.041808976931072976e+02 9.810701738924984738e+01 7.812996843165375083e+01 9.224061829288338288e+01 1.122697576499912628e+02 9.268085747230234972e+01 7.249602100921099179e+01 7.983874253103576279e+01 7.914469912395419726e+01 7.090273075896243427e+01
4.915366345291369043e+01 6.637725417330806010e+01 7.106962901842776148e+01 7.620342274604540478e+01 6.627623358000332132e+01 7.619870905426306251e+01 9.606251477074746958e+01 1.038010303963697254e+02 8.383901133780356929e+01 6.975475063990634794e+01 8.968575135388257991e+01 9.724921003869926039e+01 7.758387527362161507e+01 6.361645631781573229e+01 8.334371847200881689e+01 8.434976538028772097e+01 7.044922140421233792e+01 6.127480415890876486e+01 6.701626586240628569e+01 8.664496762697471866e+01 1.040479430764770399e+02 1.128338809209480331e+02 1.212311391058383379e+02 1.069334435629932898e+02 1.007527517818082998e+02 1.044325136975444650e+02 9.150219558052904745e+01 1.111151079528669214e+02 1.051863446665255566e+02 8.516298337052336365e+01 8.964179076686150438e+01 1.096707320042247318e+02 1.010986809935624393e+02 8.654538462311033697e+01 9.922943460950037320e+01 8.529881034074377055e+01 6.895888137208358160e+01
