LEM/sinusoidal_perturbations/elevation_000677.asc
nrows	100
cellsize	150.0
xllcorner	0
ncols	100
yllcorner	0
NODATA_value	-9999
[rows 51 to 67 of 100, columns 0 to 36 of 100]
6.455108993161302530e-03 2.000645510899280666e+01 1.225264909064320307e+01 3.224323429738960556e+01 3.978282860251428588e+01 3.372014493400601509e+01 2.011973187111527039e+01 1.993477909691185346e+01 3.480679767521991153e+01 3.683900857465577161e+01 2.251989827937319788e+01 3.117378299726475888e+01 4.822849423954455972e+01 5.840097256820676108e+01 4.195451552468986733e+01 3.466797740163244157e+01 5.467899816212936059e+01 6.394616831960188819e+01 5.151198693700274589e+01 5.754025451561997073e+01 6.460616221060928410e+01 7.614487651152155934e+01 9.613864556568618980e+01 8.982212093767297745e+01 9.092775507554267733e+01 1.051036993551585823e+02 9.693594956746754576e+01 7.686826987418982071e+01 6.262535863021847859e+01 5.351173086642221932e+01 4.965757201049223823e+01 4.603504152630395652e+01 4.475186124899019546e+01 6.499457205153159123e+01 7.199195414672068694e+01 6.368033424365960826e+01 4.821635786025591841e+01
3.995603441288198172e-03 2.000399560344093430e+01 3.224328501874042985e+01 2.639357305147132493e+01 4.636577110197491436e+01 4.009339504476405125e+01 3.423101586637741178e+01 3.968107263341106261e+01 3.090839008914257491e+01 4.981151480732606984e+01 4.865629302960294211e+01 3.190877249105060898e+01 5.340838188060074998e+01 6.900106172727184628e+01 6.089323716752602422e+01 4.223876463942048787e+01 4.320803196145433134e+01 6.320627961206248102e+01 6.564653644388782538e+01 7.752803223428126955e+01 8.459523762014865156e+01 9.287861543535122166e+01 9.243653458070720319e+01 7.567711940426505635e+01 7.677905783729435996e+01 9.680381058917276960e+01 1.028162621492360245e+02 8.274595717367121495e+01 7.374775163006252399e+01 6.524901549303214665e+01 6.992350335721957322e+01 6.129877560762444233e+01 4.113178065181605803e+01 5.781444957123517980e+01 5.940531160174941760e+01 4.361918687189930210e+01 6.368033424365960826e+01
4.804567899273937473e-03 1.414694019163034966e+01 3.414694019163105310e+01 4.636578724577994848e+01 5.459233589248896124e+01 6.010656443667151905e+01 5.424643036520024708e+01 5.869773303518356045e+01 4.206636137539441478e+01 5.869773303518356045e+01 6.187738607877458463e+01 4.291544653001358967e+01 6.187738607877458463e+01 7.637004614189774543e+01 5.638145020137805830e+01 5.638145020137805830e+01 5.137652003014940050e+01 5.953783686595091496e+01 7.952897798287344244e+01 9.391999372624019315e+01 9.120919195354559861e+01 8.896126384019771649e+01 8.413904493364067605e+01 6.417836211082976661e+01 7.827277554842798679e+01 9.830147204395538552e+01 9.788300366781137996e+01 1.021534147114948610e+02 9.367058852720771256e+01 8.535723978367656173e+01 8.147010904611393300e+01 6.129877581103042417e+01 5.781444957123517980e+01 3.772366870629895885e+01 3.939416481632474643e+01 5.940531063232651121e+01 6.368033400648766218e+01
9.707512844716031236e-03 2.000970751284436133e+01 2.956522221276106066e+01 3.491041210373554549e+01 4.094057623125844714e+01 4.801151694657529134e+01 5.629271450158581303e+01 6.783358735037511167e+01 6.189754245099842933e+01 7.017168222495509156e+01 7.224801517967071618e+01 6.390131726265863676e+01 7.224801517967071618e+01 8.465241437834619376e+01 7.637004614189774543e+01 7.637004614189774543e+01 6.291884897577487834e+01 7.136760647954253045e+01 8.781171512441433435e+01 9.120919195354559861e+01 7.151964761141282168e+01 6.940478681303122244e+01 7.132865162577751050e+01 5.868146763458839388e+01 7.860294759433929812e+01 8.522296438132444507e+01 7.786572396155570175e+01 9.202200412558624976e+01 9.869355521038801271e+01 8.709038732685273487e+01 7.877158733770981769e+01 6.967770442897919736e+01 4.950456672936108760e+01 3.534920792345403839e+01 5.541314196290146299e+01 6.771888627039271569e+01 7.324005936569935216e+01
5.001202446392439237e-04 4.714545328154936321e+00 9.565257828881554403e+00 1.491048266712999570e+01 2.094070955868485484e+01 2.801177737047378002e+01 3.955878197000481578e+01 5.955773150726574983e+01 6.594337048807722113e+01 5.774462572987756204e+01 6.029999937513161257e+01 6.850523618361899025e+01 7.431021953239708466e+01 8.012136706580896828e+01 7.605829299465951010e+01 8.431053135856535619e+01 8.290882386010362382e+01 9.119191853546244886e+01 9.964371261666153146e+01 8.896126384019771649e+01 6.940478681303122244e+01 5.638868237619298895e+01 5.148248155067329890e+01 7.132865162577751050e+01 7.939268482465601551e+01 6.526884726181692997e+01 6.378198765915618651e+01 8.372864944661010611e+01 9.038262956859071551e+01 7.027171449587704899e+01 5.856421631756260382e+01 6.797029318845039825e+01 5.359695130597368973e+01 3.353451893920117044e+01 5.359695126108486818e+01 5.915351679233210547e+01 5.331867986852320485e+01
5.279685921607564676e-03 2.000527968592125205e+01 2.956522221276106066e+01 3.491041210373554549e+01 4.094057623125844714e+01 4.801151694657529134e+01 5.629271450158581303e+01 4.939701363062527406e+01 5.153735398765911668e+01 3.809039910514449190e+01 4.063846522194135957e+01 6.029999935275606759e+01 5.460601044234328327e+01 6.037578629553350851e+01 5.633186552724019691e+01 7.162238047323369017e+01 7.986615196500491720e+01 9.133312914702919727e+01 1.034518776029364062e+02 9.189288529122254090e+01 7.293229555814842513e+01 5.306866638229579536e+01 4.687980257571796017e+01 6.205418595548035654e+01 7.031198493549442219e+01 5.128015265824794255e+01 7.111327285353024763e+01 8.083349265261831817e+01 8.912063531500778879e+01 8.709038732685273487e+01 6.797029318845039825e+01 4.767935323281501070e+01 5.180281390233258776e+01 3.173247269670694592e+01 4.941704287301423193e+01 3.936473901695376298e+01 5.311037380370245131e+01
5.738623160518319517e-06 1.414214136239139208e+01 3.414214156463096828e+01 3.918502273127863589e+01 4.722673479875101776e+01 4.433078528599025958e+01 4.360196276938221160e+01 2.961814464375684608e+01 3.179652735043477207e+01 2.661409817017016266e+01 4.639719203108580814e+01 5.978627624894815540e+01 4.078359327418926483e+01 5.667184214981330825e+01 4.508154579277377394e+01 5.195597076372241929e+01 6.324488615893211829e+01 8.306625052662934650e+01 9.515323725354008388e+01 7.513824449848370080e+01 6.364466350176750353e+01 7.293229555814842513e+01 6.205418595548035654e+01 4.236027843240623270e+01 5.770452943118036870e+01 4.510229214797204378e+01 6.484148956103263117e+01 6.092212964718017787e+01 7.346474551259858288e+01 8.174204906238550450e+01 7.630850813435533553e+01 5.931820732031012255e+01 3.905843606721283834e+01 4.932336619735042404e+01 2.933429217232903952e+01 3.787663795827631930e+01 5.999579133730290437e+01
4.532054705376768917e-03 2.000453205470502027e+01 2.359337590876308610e+01 1.967469366049177992e+01 2.849261859046698220e+01 2.451115508187445613e+01 3.240583053874409813e+01 1.549227897376183982e+01 1.767802109856802417e+01 1.991886766887840210e+01 3.980281429609833310e+01 4.568121758718663017e+01 3.193662284859574640e+01 3.708227173926429998e+01 5.667256849957663434e+01 7.162238047323369017e+01 7.986615196500491720e+01 8.323465883954442290e+01 9.149856146920039635e+01 9.189288529122254090e+01 8.359757579857983956e+01 7.204476908823602344e+01 5.220073769080399728e+01 4.421741850541324226e+01 3.805403747601937425e+01 3.947686045326698689e+01 5.914326914377015498e+01 4.954268051584325860e+01 5.363102194040854442e+01 7.346475156700287812e+01 7.589838133892415328e+01 6.681459568393064785e+01 5.931623869561801854e+01 4.779684433470871596e+01 2.771459562933005927e+01 4.532980981026891243e+01 6.248410718862527347e+01
9.001595176218036079e-03 1.730328554781390471e+00 3.458075893198467199e+00 2.164756402501315335e+01 8.540218813156274180e+00 1.037465616049903794e+01 1.247313918479425787e+01 3.240490684314149661e+01 3.757811999545911874e+01 3.980253667988153410e+01 2.336277161095853572e+01 2.587779045941640987e+01 4.568107802370130344e+01 5.390934068030157533e+01 5.790067790923890811e+01 6.216337252381070044e+01 6.705837881376857013e+01 6.342284283978121096e+01 8.276375572520277046e+01 9.270874731224216703e+01 8.616299263817364817e+01 6.619680941723660794e+01 6.394347719432318655e+01 6.393287559594821801e+01 5.384145508711766581e+01 3.421910446135832728e+01 5.063169944775124520e+01 3.974385612724198324e+01 5.944017983430705243e+01 7.200880904012076655e+01 6.807455848559079925e+01 5.112293081841483655e+01 5.519250022428050073e+01 4.619156859131733484e+01 2.611274019938433000e+01 4.031003670112476556e+01 6.042677776469646744e+01
5.674351268809080251e-03 1.675543549307512237e+01 2.316022276967854054e+01 5.968110224659669782e+00 2.619806814690496921e+01 3.031631866974639067e+01 1.614876793596179283e+01 3.581272961615317030e+01 5.060498555128015141e+01 5.135925623797980677e+01 3.744203866341090503e+01 4.568129602418734692e+01 3.049780779258739827e+01 3.428992929263461775e+01 3.834748864178265393e+01 4.262925463163344375e+01 4.747835365393715534e+01 5.479592203969197328e+01 6.458006335208726512e+01 8.443865022910399887e+01 9.446335357643143027e+01 8.616299263817364817e+01 8.387307544206910848e+01 6.786882065453281143e+01 4.809657711721519036e+01 5.063171669016592347e+01 3.090146686425678269e+01 4.762288178073593059e+01 4.399697395664706789e+01 6.375630890438182519e+01 6.773828553205420633e+01 5.002202730209821624e+01 3.825394533736010771e+01 4.399756099332464032e+01 2.453460627776078340e+01 4.466659992343987540e+01 4.552851897322462804e+01
9.518805923843161668e-03 1.084453905437962717e+01 2.562280240761232619e+01 2.045271242526023059e+01 3.675191525153862671e+01 2.958826830684547815e+01 3.581281893659470938e+01 2.298911029376916915e+01 4.250770865123507747e+01 5.856460838870053465e+01 5.712094803202171533e+01 5.673234529638500589e+01 3.714037278316712332e+01 4.815985724252466582e+01 5.790067790923890811e+01 5.384293106684265240e+01 6.705837881376857013e+01 6.342284283978121096e+01 8.276375572520277046e+01 9.270874731224216703e+01 8.870593781961187574e+01 8.391691604069011134e+01 9.220248585218305948e+01 7.614160210767251158e+01 6.787055568720866461e+01 5.643651951278444301e+01 3.672862641486685220e+01 2.781613599029771322e+01 4.480767351993933545e+01 5.301909362841952600e+01 6.426784495294938893e+01 6.282420557457407995e+01 4.696410723874001292e+01 2.924640774223008677e+01 2.297541672144555136e+01 4.074779486953811869e+01 2.385653046868397453e+01
9.062254805971973678e-03 2.000906225480561673e+01 3.715172819531591841e+01 4.436951240820893361e+01 5.371517664206530185e+01 4.025390717198781232e+01 5.062489286122529819e+01 4.250770865123507747e+01 3.104902959330729573e+01 4.221377420102100331e+01 6.161357645062010846e+01 6.492116441415080885e+01 4.692687585623361457e+01 5.673235493647560901e+01 7.601082882918454686e+01 7.352930638320447088e+01 8.177663984619178450e+01 8.323465883954442290e+01 9.149856146920039635e+01 8.870593781961187574e+01 6.867720258403835487e+01 6.388683607300865930e+01 7.943424542696338619e+01 8.772107014919593837e+01 7.262083646426025041e+01 5.279917728096430096e+01 4.399697406006853839e+01 4.480767351993933545e+01 2.494780305148649546e+01 3.626123555775987484e+01 5.026442326404259830e+01 5.464595136612521031e+01 4.755275621569366962e+01 4.025334950944946399e+01 2.984173571613624887e+01 2.084386894347977304e+01 2.123609444409546754e+01
3.063233560239582431e-03 1.414519885729131410e+01 3.414519885729201576e+01 4.760226807177600961e+01 5.914944597007156801e+01 5.899357909324160687e+01 6.707104382899488826e+01 5.857010757198366235e+01 4.073005896309656038e+01 5.041309539958912467e+01 6.985430841137110747e+01 7.476256761496257752e+01 6.653781639101330825e+01 7.476256761502061465e+01 8.469263396747356865e+01 8.635022528928625718e+01 8.577222935861463782e+01 8.577222935861465203e+01 9.412664170831170907e+01 8.456569023234192173e+01 7.235254397945948313e+01 5.240218821771912161e+01 5.944402931435605097e+01 7.943424542696338619e+01 8.089324147151873490e+01 7.200911831420597764e+01 6.375632099212370463e+01 5.302016691806681337e+01 4.205360458747725971e+01 2.227556400357043387e+01 3.938655138753973972e+01 3.480528968207625695e+01 1.950976628081944142e+01 1.987830994424135156e+01 2.028665113311919299e+01 4.020708841395508415e+01 4.112938083698092129e+01
5.666595628964066558e-03 2.000566659562860750e+01 1.931788731412339288e+01 3.086489269952807390e+01 5.086490047822439209e+01 5.783271343961181543e+01 6.611765970733615916e+01 6.832715414356273698e+01 6.009613183608059472e+01 6.832715414356273698e+01 7.826287699933202191e+01 8.594058544884684636e+01 7.758054912069185605e+01 8.594058544845269410e+01 8.042312439599648144e+01 6.614246604337053270e+01 6.556481281621105950e+01 6.556481281621105950e+01 8.577222935861465203e+01 7.628087657632097773e+01 5.633629985968131848e+01 4.545765435295049883e+01 6.529902805635418872e+01 7.621920428396140323e+01 8.585734198614795787e+01 7.165904272264900499e+01 6.158545876526466856e+01 5.325996427818230927e+01 5.025192273254587860e+01 3.938586164823548330e+01 2.001883065303146125e+01 1.903516446348273661e+01 1.977468076329019553e+01 3.343990085957405967e+01 2.631254973877235415e+01 4.555773634851248488e+01 4.978042325410818592e+01
2.110006612196471242e-03 6.668776673278891565e+00 2.081091229767054429e+01 4.081091311552981438e+01 4.369042644043625501e+01 3.783249936240505207e+01 5.783271343961181543e+01 6.785488444630173888e+01 6.906789468776447904e+01 7.735311189648504637e+01 8.750307524190779418e+01 7.585642355125106917e+01 5.741826841703999662e+01 7.585642355368634071e+01 7.035905002193233315e+01 5.195734102511636365e+01 5.138569554195201050e+01 6.556481281621105950e+01 8.577222935861455255e+01 7.149499724251049315e+01 5.157849251910197097e+01 4.022744002485551107e+01 4.807802285645891516e+01 6.013903965988522771e+01 6.840584571765417365e+01 5.746074345915008053e+01 4.316664461417499865e+01 3.347995507042650587e+01 4.267534243454091580e+01 3.770624866767913375e+01 1.850423320443635333e+01 3.841100680244853294e+01 3.849480626987755727e+01 2.773455377369688080e+01 4.362080275448391831e+01 5.556710131661090912e+01 5.348323832096998842e+01
9.367352646185668139e-03 2.000936735264583177e+01 3.495306376061655840e+01 3.214338158088344244e+01 2.369035806641375785e+01 4.230738249327271205e+01 4.785440445416661248e+01 4.785440445416661248e+01 4.906754486440826923e+01 6.906789468776447904e+01 7.914434827972107200e+01 5.897472139585359230e+01 4.746297725473080220e+01 5.895584566481847588e+01 6.200926610984593168e+01 4.205861581210588440e+01 6.200926610984593168e+01 7.369213190289484317e+01 8.376986705039190895e+01 7.978111756101725405e+01 6.534863044578646907e+01 4.551109974585108375e+01 3.414807078630554571e+01 4.034252573183396606e+01 5.694904330870279807e+01 5.777335923344250546e+01 4.949769680700835295e+01 4.267215568749166010e+01 2.355834026505775469e+01 1.798496543995065622e+01 2.017824127060240613e+01 3.417923149816837736e+01 5.236713973700646818e+01 4.525939206533058723e+01 3.651795892501082363e+01 5.366201129940530024e+01 4.989347631483782664e+01
3.648181865326004768e-03 2.000364818186497118e+01 2.636987052028405287e+01 1.214335259086271002e+01 1.714335259086279706e+01 2.230733038580695649e+01 2.785433234807168290e+01 3.492540016108722511e+01 5.492551170156613694e+01 6.914988704110341189e+01 7.746827336961361254e+01 7.585642355450809760e+01 5.895584566481849720e+01 3.903881020465379237e+01 5.142791385321127251e+01 3.727754070238456308e+01 4.533307904038797886e+01 5.526572760216908620e+01 6.948857054012550805e+01 8.970072944117556801e+01 7.362680020157466743e+01 5.389542675612209166e+01 4.870951701450863425e+01 2.890563916218336615e+01 4.397548473760011944e+01 4.093980507709702721e+01 2.957894518834968167e+01 3.658344932640757463e+01 1.746665669347939698e+01 3.716842265927850519e+01 4.533559924252653417e+01 5.411353827961425367e+01 6.288447484297876855e+01 6.139873528467457220e+01 4.482899449533641700e+01 6.140165978613742936e+01 6.371531671752803305e+01
