LEM/sinusoidal_perturbations/elevation_000671.asc
nrows	100
cellsize	150.0
xllcorner	0
ncols	100
yllcorner	0
NODATA_value	-9999
[rows 34 to 50 of 100, columns 37 to 73 of 100]
8.840511783699894011e+01 7.978875906334248214e+01 6.157370921512666939e+01 7.978875906093486492e+01 8.525508858023194136e+01 7.209007235205962161e+01 5.210105391377940975e+01 7.209007235205962161e+01 8.511514662581386403e+01 7.101517605225072316e+01 6.001402989502673080e+01 4.631310986658102991e+01 2.606509804053302304e+01 4.631316575955077752e+01 5.799799935427447650e+01 5.769043216021005094e+01 6.240277082402174358e+01 4.501216428450049278e+01 6.326698766619623626e+01 6.802461343514310954e+01 5.937239062238516851e+01 4.852977800404070052e+01 2.902072927835260074e+01 2.675316620659241806e+01 2.786535071690761356e+01 4.807584075139094182e+01 5.693798589310480907e+01 5.879266299734403134e+01 5.654551764891683518e+01 4.565013659144206315e+01 6.525823667412815610e+01 8.487061993097796631e+01 8.739240292482710970e+01 7.334333257429175035e+01 7.277701154031781527e+01 7.277701154031781527e+01 9.262972770966885605e+01
9.129087319889396213e+01 8.975090821086534731e+01 8.147637795666852867e+01 8.975089884248923511e+01 8.621744211672763925e+01 6.623832397133963923e+01 7.209007231997647125e+01 8.038176244051979324e+01 7.016721284914723356e+01 6.193531660040419951e+01 5.180670936005925853e+01 3.199949175476734808e+01 2.860660679046455002e+01 3.045257194469014905e+01 5.028282389888740056e+01 6.260666275654251223e+01 7.319581649574058702e+01 6.479298256728513650e+01 7.319581920851170764e+01 6.149655505781286280e+01 4.252629602946449694e+01 3.335631622158017962e+01 4.854679597664254231e+01 4.627844725650425772e+01 2.756132509426734600e+01 4.474120005270805223e+01 4.730947210677973658e+01 4.137536874354137950e+01 3.713452997597362071e+01 5.477119376338629309e+01 6.987708602904788791e+01 8.214955951379157284e+01 7.631916504295494974e+01 5.939267630218537874e+01 5.882958761326513297e+01 7.277701154031781527e+01 9.262972770966885605e+01
8.552556124021151618e+01 8.450139540182385645e+01 9.263266574297620082e+01 1.024676512888904512e+02 9.452517670132344563e+01 8.621744238505705482e+01 8.249931247072012752e+01 7.426183741483357892e+01 6.193531660040419951e+01 4.217361018530686323e+01 3.789910143329038306e+01 5.079374300057464353e+01 3.104778881813374625e+01 5.028282387975626477e+01 3.469366942585565994e+01 5.438956482571349937e+01 6.691736450160090044e+01 7.837595331015808142e+01 7.125555022368213542e+01 5.168499096027478856e+01 3.798439114089410396e+01 5.281789463908166482e+01 6.093647874098585504e+01 5.577592902777028883e+01 4.154198762418049995e+01 2.837943998100018206e+01 2.897038642324008251e+01 2.956954043985141922e+01 4.395917283010739141e+01 4.403143507586679561e+01 6.353653596709771989e+01 6.232410998205548935e+01 5.652716836967272229e+01 4.956271421625491058e+01 6.347872892228273400e+01 8.327106755745563760e+01 8.247290101850279598e+01
7.451471377173544397e+01 6.452804187019823701e+01 7.465008128622901040e+01 9.435270966655349412e+01 9.981758946943953958e+01 7.993142834112572359e+01 6.584756295319961339e+01 5.438334076171631182e+01 4.911115075986570133e+01 6.193531660040419951e+01 5.762295632036222770e+01 5.304774795541845123e+01 3.339830038939702916e+01 5.304325153744937182e+01 5.438949329029946966e+01 3.897460366028870737e+01 5.030822392714555491e+01 7.014473893297910934e+01 7.472140847783047946e+01 5.511703572977999244e+01 4.138887780670663119e+01 6.085902356677520686e+01 7.451018115562736455e+01 7.012499221249862558e+01 5.322983583584826306e+01 3.298295632851555581e+01 4.880900657439420343e+01 4.911838477675771486e+01 3.042336946864789127e+01 4.616603038518469759e+01 5.796730858486730398e+01 5.675441674801217573e+01 4.264226282566635007e+01 5.401655517070723533e+01 7.439010704085224290e+01 8.247290101850279598e+01 6.176761948087519727e+01
5.426894867813410883e+01 7.451471860333715824e+01 9.263266574297620082e+01 1.024676840996774274e+02 9.724170866184681472e+01 7.734779124126974637e+01 6.584756295319961339e+01 6.843200040563543496e+01 6.894908403491440652e+01 6.971746578050870369e+01 5.718624108301889919e+01 3.751323882274005683e+01 3.709037969623064157e+01 5.676619663091833701e+01 6.691381211236874549e+01 5.869212198491005950e+01 4.363571073666753364e+01 5.502301276268084962e+01 7.489441010786111974e+01 6.900655489272246257e+01 5.511703572977999244e+01 4.685806316440853436e+01 6.638115583680917098e+01 7.053100590218936361e+01 4.935178990195533544e+01 3.816418135612082807e+01 5.873472710804643526e+01 5.808513827083145742e+01 4.993958868536515183e+01 3.126865416788017882e+01 5.073254521886244817e+01 3.720629346701693407e+01 5.675438462442233600e+01 7.054149858524651506e+01 8.342000222941958043e+01 7.916521710463619854e+01 6.532478702782543678e+01
6.743366494824975632e+01 8.269617602975974080e+01 9.214717340326073725e+01 1.019872967423726209e+02 1.054669068443184159e+02 9.398732597001809097e+01 8.575595008384043183e+01 8.833630897607257282e+01 7.556348766408142126e+01 5.569043318888568450e+01 4.174390752314798902e+01 5.719754674983054343e+01 4.088595934245329033e+01 5.482087127847667318e+01 7.468971938693624679e+01 6.698298059047468200e+01 4.715335118811799475e+01 6.698298059047468200e+01 8.312370891218367319e+01 8.289607405575974042e+01 7.055261756904548065e+01 5.098672771866384323e+01 7.055261756904548065e+01 7.945370850201177859e+01 6.480092628631655316e+01 4.379376472396082676e+01 6.480092628631655316e+01 6.463440512029940521e+01 4.497865213925257422e+01 5.064757014924880707e+01 3.210124371635030371e+01 5.152753849014497689e+01 5.224374573736778160e+01 7.149010409805484301e+01 6.841140937646558484e+01 6.291593084008184178e+01 5.103799274685820109e+01
5.676786703034989046e+01 6.402444388001904940e+01 7.415522497918047407e+01 9.386925073433880584e+01 1.049953852474707929e+02 9.504761470380833543e+01 8.681570331490033254e+01 7.976746332428356823e+01 7.444473368569988736e+01 6.472584302218356811e+01 4.490879046786658790e+01 4.692746321481634197e+01 6.063264590306982171e+01 6.885815990101890804e+01 7.449727627156762821e+01 5.461639486370778229e+01 5.242311861452346733e+01 6.646452183837199357e+01 8.636411909046142910e+01 8.901006748657709977e+01 6.927488774173387753e+01 5.542893828619018137e+01 7.505518806523116382e+01 7.731714557359806861e+01 5.563841784026141113e+01 5.843932927955733447e+01 7.376483309836881119e+01 7.285484152591631357e+01 6.463048855835316431e+01 5.964397373479676645e+01 5.152634965783801135e+01 3.292707793491297963e+01 5.233086073408331629e+01 5.422753528376732390e+01 5.006309496927090663e+01 3.912657391014109720e+01 3.724127165056356858e+01
7.429679417348145876e+01 8.401223785675959732e+01 9.214717340326073725e+01 1.019872967423726209e+02 9.677256541877547136e+01 7.685884121102519373e+01 6.688027014371910184e+01 5.985163265427637214e+01 5.455703967778470087e+01 4.961482182707927535e+01 6.472584302218356811e+01 6.676284432674812308e+01 5.333164162332700187e+01 7.320888651499315358e+01 8.023977495585066322e+01 6.033690327027930067e+01 7.229297893062776836e+01 6.128906763831523818e+01 8.119533017070305903e+01 8.435370605095359053e+01 6.462857069574272373e+01 6.415230948792722643e+01 8.323842685826973309e+01 8.627021819792729218e+01 6.804288588429346873e+01 8.015918005838690874e+01 8.370619624503827083e+01 7.546114500337297670e+01 6.650767942712208480e+01 5.527783656566290205e+01 3.579068329645185997e+01 4.633530331866819552e+01 3.376684667093540781e+01 3.435140610806358552e+01 3.494973025956625179e+01 3.554021962695862413e+01 4.620046029066667614e+01
7.859861540486828346e+01 9.210506475625506084e+01 1.002087000712032534e+02 1.089427826061178308e+02 1.049953852474707929e+02 9.504761470380833543e+01 7.611415136547144300e+01 7.976746332428356823e+01 7.416001907576149677e+01 5.427387592136370387e+01 7.416001907576149677e+01 7.803656223747428555e+01 5.813358233696395416e+01 7.803656223747428555e+01 8.653586446010397992e+01 6.662290705043301386e+01 8.653586446010396571e+01 6.832139736203673408e+01 8.823631782311137783e+01 9.182091094526207087e+01 7.206454375713670402e+01 7.552644390977170019e+01 9.206528441070459223e+01 9.884521329501872344e+01 8.998601988790954920e+01 9.491989585843913346e+01 7.546173813716988832e+01 5.568950534628820748e+01 5.830069330880296974e+01 3.868818670163720697e+01 5.524534562421371220e+01 5.969444901206896503e+01 4.711452913601750936e+01 3.640717252350191302e+01 5.433242209935330891e+01 5.504317793851749485e+01 3.648672744079445351e+01
6.594929013577805677e+01 7.240116000452158573e+01 8.132318852389087738e+01 9.512022662546533525e+01 1.146070527703033690e+02 1.042500434090179056e+02 9.602283741220564650e+01 9.041734758029377872e+01 7.050626787183955457e+01 5.999310907657922343e+01 7.990933960383974011e+01 8.622509207011451338e+01 7.801255473767695037e+01 6.624653613405465080e+01 8.617385502509975481e+01 7.415953192894041024e+01 9.405357238163310285e+01 7.724156779148437124e+01 9.644252842791370028e+01 1.000128577822800366e+02 8.194557880017653417e+01 9.528123751553087573e+01 1.034753965438036118e+02 9.238455704933137724e+01 8.412037096005867909e+01 7.811478971012122940e+01 6.702291369750832928e+01 6.148000060454573656e+01 4.178071902464143506e+01 5.830496234684619594e+01 5.467640597976560457e+01 7.252033792692706982e+01 6.301320360528155362e+01 5.579915426875435713e+01 3.941086198171939259e+01 5.556858088721716626e+01 3.715651678292181259e+01
7.605978706642049758e+01 9.210506475625506084e+01 1.002087000712032534e+02 1.089427826061178308e+02 1.169730456457786687e+02 1.086054909820999086e+02 1.086054909820999086e+02 9.864838644880562413e+01 8.621361749995467960e+01 6.627774034557710081e+01 8.621361749995467960e+01 9.608731231462024880e+01 7.621762531030496746e+01 8.616925225563697666e+01 9.442572473247773246e+01 8.413868885947420040e+01 1.022097162863262696e+02 8.875201237397251930e+01 1.053224983735562859e+02 1.098941807716288963e+02 1.016962430907022679e+02 1.098941807716288963e+02 9.822978348795008685e+01 7.827606093388921238e+01 6.426109040292224961e+01 5.834698088867463639e+01 5.310582924151895412e+01 4.833194771899817965e+01 4.446780985289603194e+01 6.418916857799858633e+01 7.441915609017108579e+01 8.259930002920907555e+01 7.484010939926645278e+01 5.547002939340684691e+01 4.159869994180318287e+01 6.112794312503749694e+01 5.677745156332668586e+01
9.568849888319120112e+01 1.037975116615326527e+02 1.143765349605340731e+02 1.228440188285598538e+02 1.086054909820999086e+02 8.776627036399051462e+01 8.776627036399051462e+01 1.023696580048846272e+02 9.444617590619735381e+01 7.520128270531670012e+01 9.444617590619735381e+01 1.041676599096650335e+02 8.619330567830509437e+01 1.041676599096650335e+02 1.120930893681823477e+02 1.039684559037919769e+02 1.120930893681823477e+02 1.085775190827157530e+02 1.167544426712555605e+02 1.152406363573589942e+02 1.159424379680745432e+02 1.108699301987349770e+02 9.088757995972450487e+01 7.678748493250434137e+01 8.412037096005867909e+01 7.813251864056402951e+01 6.834523636298793292e+01 4.863325715169213481e+01 6.418916857799861475e+01 5.692209783124757649e+01 7.669404756827070457e+01 8.849067899310840346e+01 7.710686807404051990e+01 5.776601199815149101e+01 4.389591708123150937e+01 6.343081758886294352e+01 6.604533321444377236e+01
1.075144514118150596e+02 1.108690554399568811e+02 9.351146883797296994e+01 1.108690554399568811e+02 1.066912418606183053e+02 9.386993676839226453e+01 7.275884443820332592e+01 9.386993676839226453e+01 1.033464635775697644e+02 8.930629596195140607e+01 1.033464635775697644e+02 1.139981606652556252e+02 1.059813189509353606e+02 1.139981606652556252e+02 1.099414298763906004e+02 1.058539882876534648e+02 1.080898709335981636e+02 1.164894322417600847e+02 1.091667077968240278e+02 9.473182528794501422e+01 9.544314473622418404e+01 1.098702822507325294e+02 1.050090566512625827e+02 9.673924384692483613e+01 9.083725210433460973e+01 7.094751346476071774e+01 5.700803060740960859e+01 5.211775426366478570e+01 7.183048417288394205e+01 7.087311174429009952e+01 8.493624073003189778e+01 8.042904123463934241e+01 6.114203462880930573e+01 6.577796982086010757e+01 4.628962687222770711e+01 5.760004102919792501e+01 7.659241468504278316e+01
9.705676613264105868e+01 1.023300834180141550e+02 8.131162727466006857e+01 1.023300834180141550e+02 9.823169315142662583e+01 7.724229750309882547e+01 6.606265751582594703e+01 8.719402320264136108e+01 1.017634089459257325e+02 1.091650265879973745e+02 1.092293114368248155e+02 1.007822048402713051e+02 1.092293114368248155e+02 1.038509669648427689e+02 8.937006726586074024e+01 8.524506876939972244e+01 8.750363728258713536e+01 1.027236790366958701e+02 9.428066942275759743e+01 8.022697239869064845e+01 8.093410155032846376e+01 9.544315735532219946e+01 1.159439678115208636e+02 9.821886798219644277e+01 7.827986646176070451e+01 6.683908598552720548e+01 7.543505415884165188e+01 5.569501088144983214e+01 7.543505415884165188e+01 9.074702978022835964e+01 9.621228194831982705e+01 7.688183883030077936e+01 6.929375496810065727e+01 4.988967231859083284e+01 6.012138457221197996e+01 7.358594331217372542e+01 8.438183962129325266e+01
8.844623246891418944e+01 9.489893698349516171e+01 7.385661902377451327e+01 9.489893698349516171e+01 9.596468749661308095e+01 7.493425118424772791e+01 6.007068536437719075e+01 7.218698861654711152e+01 9.326102251029351464e+01 1.084418434385790135e+02 9.893778380244391712e+01 8.012047552066675848e+01 9.893778380225293745e+01 9.539527987623750960e+01 7.459007401213294486e+01 7.038542170006961385e+01 9.128128150242962136e+01 9.094537562576186929e+01 7.387284564422482447e+01 7.012580456614487900e+01 9.048284468739669251e+01 1.098702822507325294e+02 1.154087040808839220e+02 1.064784294650050356e+02 9.496641432538345384e+01 7.827986646176070451e+01 7.975718398171990486e+01 5.995506347651225809e+01 6.703420348820544916e+01 8.691082958833038674e+01 1.043486495639766076e+02 8.558526927783253768e+01 6.630556063966443503e+01 5.260302452521678163e+01 7.195245656045965177e+01 8.749929094457989720e+01 8.389730296443511293e+01
7.573826827480137069e+01 8.033923561758058440e+01 6.760969719889021690e+01 8.855443940242696499e+01 9.137547005378625897e+01 7.034725518747153217e+01 5.570732898246283327e+01 7.034725518747153217e+01 9.137547005378625897e+01 9.999882742120426826e+01 7.946170221227673380e+01 7.002725299431132555e+01 9.045134018046903179e+01 1.038509669647281868e+02 8.338338867005121813e+01 6.212152588606430470e+01 7.561965409582481357e+01 7.593513026183060788e+01 6.226935712664722189e+01 8.249820687064729441e+01 8.922649796578643588e+01 9.490072673214750409e+01 9.490072673214751831e+01 1.102000972521093587e+02 1.064784294650050356e+02 9.821886798219644277e+01 8.431786396734297284e+01 6.444320167001022526e+01 8.431786396734297284e+01 8.106593482040635479e+01 1.010216538076964667e+02 8.834171347847146194e+01 6.906648891661647838e+01 5.540148491174566914e+01 6.508430936345376949e+01 8.433983360019861664e+01 9.218079195917033530e+01
5.560904691497296426e+01 5.976308413615925730e+01 7.420106293510335149e+01 9.515809535580490319e+01 9.198392004227565621e+01 7.242726747924859865e+01 5.193490818049479429e+01 6.628687021815092351e+01 8.725149782534933252e+01 9.774986027676948197e+01 7.721615057825002282e+01 6.308954236203164356e+01 7.721615057825002282e+01 9.774986027676948197e+01 9.048322998706443343e+01 6.946295937623142436e+01 5.504034184463139212e+01 5.581797467285609571e+01 5.994881914455687166e+01 6.431994617642403966e+01 6.890475119840652951e+01 7.444200396631998728e+01 8.117243786015944806e+01 9.574672121943699210e+01 1.162939703946987038e+02 1.034414472054167362e+02 8.344806515027761407e+01 6.936587095681835535e+01 8.930416195028514892e+01 1.010216538076964667e+02 1.092923259907830982e+02 9.131974638072519213e+01 7.204314653090931131e+01 5.840343206839851575e+01 7.768913190870080143e+01 8.433983359997442619e+01 1.037443842730655348e+02
