LEM/sinusoidal_perturbations/elevation_000356.asc
nrows	100
cellsize	150.0
xllcorner	0
ncols	100
yllcorner	0
NODATA_value	-9999
[rows 51 to 67 of 100, columns 0 to 36 of 100]
6.455108993161302530e-03 1.600430430476975729e+01 3.339227481952327281e+01 2.623071659706511127e+01 1.842960830920101545e+00 1.787721076432825740e+01 2.492068535973970711e+01 3.305502572090882296e+01 3.976733098213207285e+01 3.045165222658796012e+01 1.094099561225665873e+01 2.481596366296012590e+01 4.486776270208427064e+01 6.082246735763724388e+01 5.892833968411110135e+01 3.802679978709539199e+01 2.398210047639944875e+01 3.410990707850778847e+01 2.828679803180154195e+01 8.541314369413738561e+00 2.873429477848480929e+01 4.268478256724998943e+01 2.344527372860118319e+01 2.290271836426889962e+01 4.167611213947162696e+01 4.361168465405089023e+01 5.171135308866877267e+01 5.682573504416814103e+01 4.994891307902244648e+01 5.843725794440508281e+01 6.054090209105284970e+01 6.597060533462321530e+01 6.663144872247013950e+01 7.465467456906475263e+01 8.296847712673495323e+01 8.377869247548677833e+01 9.195419539942369624e+01
3.995603441288198172e-03 1.395518633497082384e+01 3.204813520257889792e+01 2.834241189443045883e+01 1.556081481006110101e+00 1.266190823274076571e+01 1.044759483537544043e+01 2.697573781319842467e+01 3.764764451904846965e+01 3.899335539986104493e+01 2.504061090036187665e+01 2.178390709026084693e+01 3.409790574067974944e+01 5.646566767251373165e+01 5.545476584390727481e+01 3.731677434504003088e+01 4.313898561459300396e+01 3.853770274531443363e+01 2.754158473077493596e+01 8.833384766170420122e+00 2.218528428492446380e+01 4.049716292754323632e+01 4.240288268251261172e+01 4.056350925548932906e+01 2.247630128133870642e+01 2.545581327966275964e+01 3.773208167685977088e+01 5.657710068277106785e+01 6.612914661711799624e+01 5.798752073601503554e+01 4.186232137916757523e+01 5.274412652087722364e+01 4.711986373932144545e+01 5.536952486902778503e+01 6.986089805485131876e+01 6.409595884747243133e+01 8.377869247552710874e+01
4.804567899273937473e-03 2.000480424768250387e+01 2.072787155408575899e+01 2.055565325134488219e+01 1.255809059042652276e+00 5.305255354270048684e+00 1.845361654211302493e+01 1.507645978751346405e+01 3.110990688605073373e+01 4.535856606793166179e+01 4.537299126279822303e+01 3.903837271410612431e+01 5.167462021135490602e+01 6.544905150751640122e+01 6.210941999372872147e+01 5.581966777978963279e+01 4.919789340193084115e+01 3.087596144657556962e+01 1.064735352934347290e+01 9.126445281692728173e+00 2.827444502717268193e+01 3.221410546708538192e+01 4.297621472726493153e+01 4.165434628182900667e+01 2.217384235108876567e+01 4.123475015203708693e+01 4.919351532925170289e+01 5.571481910928623194e+01 5.486192743190574106e+01 3.853046653313449355e+01 3.086444047417426262e+01 3.339552021593342346e+01 3.597689743652772876e+01 5.538008462782961061e+01 5.028299929791872813e+01 6.986089805485131876e+01 7.469899399718428867e+01
9.707512844716031236e-03 2.946666794374242504e-01 5.796540364706310733e-01 8.647258356803796397e-01 1.016664283541092173e+00 9.911069884220287562e+00 1.970051420530079156e+01 3.106081712086778168e+01 2.040536636024106798e+01 3.780704023582579509e+01 5.384115816318713144e+01 6.150091458805911060e+01 6.669957921869848860e+01 5.853018007380958920e+01 6.602635361870881070e+01 5.315282514209511078e+01 3.269385331024948727e+01 2.099501025385725583e+01 2.427089960071285901e+01 2.843049727283381500e+01 9.542490602011774570e+00 1.106397705237764306e+01 3.227478012118241679e+01 4.351182696856561449e+01 2.568066371889885247e+01 2.174409914159641843e+01 4.016362003433197714e+01 3.572096702104455090e+01 4.353070398325135670e+01 2.736633317420386291e+01 4.675399739012406997e+01 5.276349230093736509e+01 5.538008462782961061e+01 3.992785378000869656e+01 5.939607098322907319e+01 6.796787611095197690e+01 5.507457885227298533e+01
5.001202446392439237e-04 1.897026800587014250e+01 1.652861079185608872e+01 3.268094572028753309e+00 5.700359952482512149e+00 2.230870964269261592e+01 3.183307830355283485e+01 4.377841092512819898e+01 3.780703896233388406e+01 2.798168164049324957e+01 3.798437987430726537e+01 5.577688471607192611e+01 5.661311524126475803e+01 3.868015373344911723e+01 5.537769512684869966e+01 6.021358598337561574e+01 4.904937852195963188e+01 4.094429215101354202e+01 4.266324530340997256e+01 3.686003132414872141e+01 2.878889780861698355e+01 9.958500512354563128e+00 3.019189503429165811e+01 4.097633173141219487e+01 4.349273427186472674e+01 4.076338324135046065e+01 2.131095104528028372e+01 2.191322433243463763e+01 2.403392738220478009e+01 4.353070398325135670e+01 4.104758303245832707e+01 6.053050032494009258e+01 6.753902800590795152e+01 5.111856238026419419e+01 4.460615449866063642e+01 4.840720878748908262e+01 5.814207510328686368e+01
5.279685921607564676e-03 1.976206673618707299e+01 3.324888996484872905e+01 2.760037426033110464e+01 2.328667696477833715e+01 1.083727703776824391e+01 2.872135656589878749e+01 4.390794315474444431e+01 5.380699292819588919e+01 4.078430346484683611e+01 5.384115821423788617e+01 6.319672403101237279e+01 4.851524593732123236e+01 2.876981518020772199e+01 4.839623509067253337e+01 5.518844183096071276e+01 5.540399383518539622e+01 5.380749677040263634e+01 4.721488930087846825e+01 3.870262382382293254e+01 3.040858754684663978e+01 1.025206088983124531e+01 1.258462837008636370e+01 2.691243586020374678e+01 4.934038629320878755e+01 3.902071454874829470e+01 2.100149947213195389e+01 3.891407477449092767e+01 4.351647155627989605e+01 5.163538121548364046e+01 6.053050032493737831e+01 6.867678471387377215e+01 7.886670629424352796e+01 7.070326432336946709e+01 6.413171400201839845e+01 5.583607085532642600e+01 6.435560167377840912e+01
5.738623160518319517e-06 1.424521658378619193e+01 3.458678111566037927e+01 3.919856697656000222e+01 2.071521927017302289e+01 2.872147733627494759e+01 1.713724208260778070e+01 3.576613322024044805e+01 5.309188420892398597e+01 5.917445994636589290e+01 6.308986425240793494e+01 5.544099681827404424e+01 4.178669978906900440e+01 2.233333675772303550e+01 2.892774800295012128e+01 4.128324062883822876e+01 3.981537622621733874e+01 4.081460113661924538e+01 2.764542332095172128e+01 3.071988238270483507e+01 1.066627994445449090e+01 3.026547570735966275e+01 2.595620974891073729e+01 4.121477003450860366e+01 5.348503745881225768e+01 3.465033283328993718e+01 2.069231284598680531e+01 2.901716482563032784e+01 4.897532165504016888e+01 6.026488353067048820e+01 6.312967924457399960e+01 7.723741563907601915e+01 7.979321711174866039e+01 8.144474823147493225e+01 8.363597212615584908e+01 6.713335727233624084e+01 8.363597212615584908e+01
4.532054705376768917e-03 2.000453205470502027e+01 3.533895120929845746e+01 4.717435638255298613e+01 3.131008112530832577e+01 4.381189884139982382e+01 3.576333883535129132e+01 2.548640694609343171e+01 4.492481359684283859e+01 6.373619552799861054e+01 4.429241915543278196e+01 3.599781378973866452e+01 4.852907938608851168e+01 3.382842955032639765e+01 1.567435337332770295e+01 3.233215671093780941e+01 3.183122001215784636e+01 2.196290293703028595e+01 3.038293785338861497e+01 1.108134403696136161e+01 2.985714184812268002e+01 2.503918392852960295e+01 4.503801388637123893e+01 5.527470164220094517e+01 5.226208309345746272e+01 3.739021170523083981e+01 2.038084425274562861e+01 2.323160097628917597e+01 4.318282466609351644e+01 4.081817472061366203e+01 5.458644648384306919e+01 5.588828823731900286e+01 5.930583536522806298e+01 6.145279420824311245e+01 8.144474823147493225e+01 8.684333317318757395e+01 9.502109225962610140e+01
9.001595176218036079e-03 7.568289739324239207e+00 2.171690849052058780e+01 4.179657437952685939e+01 5.054884986711145700e+01 5.840457097079600857e+01 4.128085752492491878e+01 3.912115938269186444e+01 5.312485074049324396e+01 5.842606226430377347e+01 4.443523696239276433e+01 2.446747008611359320e+01 3.357125625258401413e+01 3.265760925844185181e+01 1.637170969611491245e+01 1.239528510442297282e+01 1.209558385824852245e+01 1.179676433456994999e+01 1.149945539979657028e+01 1.351587967187426642e+01 2.716550900061027107e+01 4.500845188424351306e+01 5.367668700720832931e+01 6.268888419961115233e+01 4.099881873831635204e+01 2.710552145411755376e+01 2.756256570638517900e+01 1.993857652301694472e+01 2.389916137075583080e+01 2.837060928128424919e+01 3.354218203814052401e+01 3.905914052603018405e+01 4.539520373816192489e+01 5.517529804852335928e+01 6.918888950303067986e+01 8.940449431053383478e+01 7.842536119303066755e+01
5.674351268809080251e-03 2.000441709144567781e+01 2.390605328824236508e+01 3.808635142464742529e+01 5.841842985752710149e+01 6.898596546340743885e+01 6.099293346860206810e+01 5.897435872474488150e+01 6.429862579397476452e+01 4.451632648854074148e+01 3.047900636336337143e+01 2.042600308397613063e+01 1.320896866579643181e+01 1.312249530566048605e+01 1.282092873851939174e+01 3.276344768110872252e+01 3.254791084658668865e+01 3.212582748647670883e+01 3.032410468335158171e+01 3.347509648764992107e+01 4.350436736276488858e+01 5.638216749012835294e+01 5.655630758555987114e+01 4.706770395783602368e+01 4.915786549294982422e+01 2.515918577566651493e+01 2.394324514725050790e+01 1.962639687481006945e+01 4.207514750800871184e+01 5.005241182153739032e+01 4.875657576838637652e+01 5.367170404245189985e+01 5.923364562463043370e+01 7.347188043039847116e+01 8.355149539170186301e+01 8.127671692434753936e+01 7.010918789390628092e+01
9.518805923843161668e-03 1.995893402663285343e+01 3.319242287612240716e+01 4.151061127664012673e+01 5.177218463687358252e+01 6.703594061029400564e+01 6.039976998004139119e+01 5.240016743682128464e+01 6.039976998004139119e+01 5.441392797379605639e+01 3.459082685844996519e+01 3.374709582350197934e+01 1.354989506165635760e+01 3.308057450559785906e+01 3.897113978434457948e+01 4.491779495105109987e+01 4.140439459310837833e+01 4.614949946128553648e+01 4.774876844209929061e+01 4.852611015978019537e+01 5.479894538796658310e+01 4.822838688594353584e+01 4.012132659288579362e+01 2.827776570484622809e+01 3.919178470263084080e+01 3.868845800059346374e+01 1.918458582428357317e+01 3.787032542068441643e+01 4.208308918548779332e+01 6.094251783357206165e+01 6.887696987807500193e+01 7.353646863658498489e+01 7.912972218502039823e+01 7.928308175297115667e+01 7.553615401761599912e+01 6.145240144906686197e+01 6.882434219617132953e+01
9.062254805971973678e-03 6.633231165401685558e+00 1.355279904548770276e+01 2.434191269740956898e+01 4.346712802526820951e+01 4.823299698711051064e+01 4.823299698711385020e+01 3.316566779845989998e+01 5.076969874054933740e+01 6.251050156525620594e+01 5.441389666291031801e+01 4.155179943986514246e+01 3.254440608671598767e+01 1.397980433156812552e+01 3.296553263436130976e+01 3.235214437130933618e+01 2.356143771682539523e+01 3.765785261335570766e+01 3.514267838572867220e+01 3.521242756700848986e+01 4.688083942450343500e+01 3.793299526435600200e+01 1.799510722636416205e+01 1.765781449845730933e+01 2.416564696297787407e+01 2.934422776667625854e+01 1.887002338555309677e+01 3.919220863665235299e+01 5.355940857321084536e+01 5.008980780844722602e+01 6.445773600075320076e+01 8.429910138323248248e+01 7.342166839981348403e+01 5.922706607320781558e+01 6.729309702914261493e+01 4.724062845334672289e+01 4.874399007432695896e+01
3.063233560239582431e-03 1.998817470026345688e+01 3.319183229313100725e+01 4.151061127664012673e+01 5.010116642352538463e+01 4.283092675725228560e+01 2.951626721892464644e+01 2.336713776341782278e+01 4.277397182664983433e+01 4.614966123854684810e+01 3.806718754586214715e+01 4.568033868104656392e+01 3.640971407886743805e+01 1.821084333129751087e+01 1.441578896547952660e+01 1.781040052120541617e+01 2.436798512552604379e+01 2.948632393407192609e+01 2.417386176633274175e+01 3.219750943369202645e+01 3.246454884132884899e+01 3.505979789634980648e+01 1.720877843695594933e+01 3.551279336779422380e+01 1.810501325048386789e+01 1.842205737156742273e+01 1.957639116860568151e+01 2.527012139450781802e+01 3.313582619575461052e+01 4.521659893523865748e+01 6.556867783524999993e+01 7.497395697684115135e+01 6.339609774637145989e+01 4.506509184401212309e+01 6.339609774637145989e+01 5.462538902853925293e+01 3.432898517885230660e+01
5.666595628964066558e-03 1.414453210619370971e+01 3.406720196212403806e+01 3.857675091368900411e+01 3.458444370289802094e+01 1.783011980412639375e+01 3.250653441676301725e+01 1.586704515932678206e+01 3.541827670710032550e+01 2.795019344797371019e+01 1.652016701832700818e+01 3.325629958337948011e+01 4.402965882550181931e+01 3.707919717762451484e+01 3.553192402568186026e+01 1.485723028615645092e+01 1.517103777633510475e+01 1.548587266799248674e+01 1.580167211476481626e+01 1.611872839070990437e+01 1.643691258535352517e+01 1.675648319575784129e+01 2.904994288631962718e+01 4.276942404406310771e+01 2.453736408119699419e+01 3.879822288497739180e+01 4.713280471902132263e+01 4.116197451472211810e+01 3.858172018891565358e+01 5.932335796337788025e+01 7.383019987838014231e+01 6.665222672250619951e+01 4.661410948638853569e+01 3.505187554714995457e+01 4.612492728412501464e+01 4.820291150167249583e+01 2.782138444172408143e+01
2.110006612196471242e-03 2.000025766613840261e+01 3.229617913178140753e+01 1.792207886366714931e+01 2.176213791764724448e+01 4.992735877104472308e+00 2.407898424805317461e+01 1.040274394020630666e+01 2.306810239409686858e+01 2.352436459797950619e+01 6.457757373982843774e+00 2.104574917664855960e+01 3.870353527932485349e+01 4.425535373035348385e+01 5.101318746148842820e+01 4.653324775854171236e+01 4.282575466446058243e+01 3.963422108016879974e+01 2.637277521061706764e+01 3.749942373633856363e+01 3.433703034634340412e+01 1.691993183496262532e+01 3.667186011685689806e+01 5.025009188303346264e+01 3.272332577035310663e+01 4.232226881350276670e+01 5.517732330130409935e+01 6.321631344002029351e+01 5.259890167974350561e+01 6.761788254023007028e+01 7.005230194541967137e+01 6.173597177416328918e+01 6.027670410092101605e+01 4.025207369583304029e+01 2.609441347035888015e+01 3.857872461080803106e+01 2.368251479233002854e+01
9.367352646185668139e-03 1.999682184000475971e+01 2.353420117279057422e+01 3.573866829668407963e+00 1.602698635854828302e+00 1.934375873494766251e+00 2.107272712747890253e+01 7.857788986185115121e+00 3.203917057476024066e+00 3.536460222972128697e+00 3.869507589334543862e+00 9.783944086506791038e+00 2.974678996982918378e+01 2.608105369315071798e+01 3.788047992422904997e+01 4.589644618860435088e+01 5.453770149511168341e+01 5.677578817451159665e+01 4.201409321400870311e+01 5.326113754495586505e+01 3.129563096133024303e+01 4.115745338632059003e+01 3.155003680445702585e+01 5.357897743266156709e+01 5.178375561249970360e+01 4.424728099840312723e+01 6.162087838582320387e+01 7.737498729168198963e+01 7.349177499733227137e+01 7.178478224609405345e+01 6.173597177416328918e+01 4.167587366649901526e+01 4.755134036913042905e+01 4.545178337828613735e+01 3.486732536679183170e+01 1.859594403942647389e+01 1.918626070347871249e+01
3.648181865326004768e-03 1.990648025808364707e+01 2.047449608077927152e+01 1.134129788733802879e+00 2.047513818515705708e+01 2.637781816423282688e+00 2.403164009466880024e+00 2.734625924506541406e+00 2.214717259431637331e+01 1.748546067214601152e+01 2.381225480663726657e+01 4.342732366906321140e+00 2.092093303955275374e+01 1.526374226829015157e+01 1.605479894536340169e+01 2.589676059728082436e+01 4.051813002014733200e+01 6.041592977692712907e+01 6.337620631745220834e+01 6.275625910955041320e+01 5.392243343810663703e+01 6.251001235006720691e+01 5.516083781645252770e+01 5.515306806262336892e+01 6.877610396725272324e+01 5.611130463928547840e+01 6.904818113685912806e+01 6.210920068226229773e+01 5.380021022758554494e+01 5.752807314567349550e+01 4.327136404531920277e+01 4.755133566608272133e+01 2.750444551145320560e+01 3.683584099351421060e+01 1.778609093057660573e+01 3.770484251108130991e+01 3.098003562117385457e+01
