LEM/sinusoidal_perturbations/elevation_000339.asc
nrows	100
cellsize	150.0
xllcorner	0
ncols	100
yllcorner	0
NODATA_value	-9999
[rows 68 to 84 of 100, columns 37 to 73 of 100]
4.671876478745745231e+01 3.088126928328601650e+01 5.172810150311765653e+01 6.534496889637131289e+01 7.892760648987454886e+01 7.356567779056109657e+01 5.952400880895936552e+01 6.068387915419920375e+01 3.994484296688777647e+01 5.984075226136006620e+01 6.186023408054407469e+01 5.460670369241763211e+01 5.512291873127151121e+01 3.866405833089708466e+01 5.866325596872150783e+01 6.934538234840060511e+01 6.199069032621756037e+01 4.573139913101741172e+01 6.595805863225980659e+01 7.843834983992032051e+01 9.099992856261052054e+01 9.099991416333523375e+01 9.926084017713046137e+01 8.654375265872675982e+01 6.671227032994355000e+01 7.252077265163876518e+01 5.459456771920052631e+01 7.460093746733241460e+01 7.858304244278988904e+01 6.142025686041029076e+01 6.334875780350472496e+01 8.311489260983633187e+01 9.449391540834584191e+01 1.038755656646957277e+02 8.984330404400178338e+01 9.255569014485757862e+01 1.011750133454574581e+02
6.009520618028614081e+01 5.172810150311765653e+01 3.671156923697530772e+01 5.697157513673653284e+01 7.135040084941491045e+01 8.771648961450766535e+01 8.255176060557619167e+01 6.608901091741705613e+01 4.488322053164188219e+01 6.608901091741705613e+01 7.672993605090044866e+01 5.675578447206459742e+01 4.245266714147711440e+01 5.887020897141032805e+01 5.298463516729421485e+01 7.326696411975453316e+01 7.427646115899415236e+01 6.595805863225980659e+01 4.990589747859589664e+01 7.012996532126668114e+01 8.139946609771516250e+01 8.968997788500514901e+01 9.863238092092331044e+01 9.477283200163672916e+01 8.654375552236560054e+01 8.211785825370306213e+01 7.061140146145540086e+01 5.679848134081650812e+01 5.869683474065649165e+01 7.858279925283274281e+01 8.311486039562764461e+01 6.654322206906883252e+01 8.627441248990133715e+01 9.193903138520433060e+01 7.588516708997941862e+01 7.859365164625896227e+01 8.141864300110897545e+01
6.330898823653589602e+01 6.534496889637131289e+01 4.841080001913324793e+01 4.270943726608246749e+01 5.575102627406700861e+01 7.761032487986005890e+01 8.982480146325202952e+01 7.145489242539366614e+01 4.999136633691928466e+01 7.145489244363689352e+01 8.021741501837345822e+01 6.241948138694663584e+01 4.520226901875049919e+01 6.534749620801828485e+01 7.331234011388083616e+01 8.190714850035379868e+01 8.432738473533363788e+01 6.424920164926103894e+01 7.012996532126668114e+01 5.451361408875371239e+01 6.130603926515678381e+01 7.035400209215252687e+01 8.449477015220089982e+01 1.044360604905233743e+02 1.028449487110282092e+02 9.194302341394410405e+01 7.927533071595937031e+01 5.953613480574666283e+01 7.785589935017439700e+01 8.652984788831254548e+01 9.445573404717706012e+01 8.048621792900488003e+01 6.983384183185633276e+01 7.220076512972916305e+01 9.193903139247005640e+01 9.738103216837370724e+01 8.888979112931602344e+01
5.125549409934947676e+01 7.151062604547030332e+01 6.274096629224003863e+01 6.296271846940909711e+01 4.955061911669445607e+01 6.123145808718860650e+01 8.147457886700175322e+01 7.747572617587786681e+01 5.576730143323976563e+01 7.747572617587786681e+01 7.659493515914148531e+01 5.683315782400606508e+01 4.807471557563155784e+01 6.831807863785053314e+01 8.163863558029800060e+01 9.300089471924782458e+01 9.262749803057961628e+01 8.432738473533363788e+01 7.844130702652545040e+01 5.830267420816180390e+01 7.844130702652545040e+01 8.968997788500514901e+01 9.863250099069216503e+01 1.086004171090316959e+02 8.881485418134640497e+01 7.484322379615301202e+01 6.491966073236424961e+01 6.350091136050129137e+01 8.325562913285375544e+01 9.696237352139407051e+01 1.083878353940508532e+02 9.775854935992784078e+01 8.956256678225767587e+01 8.101708573427384863e+01 8.621744602607746799e+01 1.062557924082337308e+02 1.028346294415306943e+02
6.817786327365544707e+01 7.985257105172702552e+01 8.296965289423978618e+01 7.815162704390721160e+01 6.123145808718865624e+01 5.908011754279905148e+01 7.933585284174071717e+01 8.435416572569035054e+01 6.260263000049970827e+01 8.435416572569035054e+01 7.541933410437410146e+01 5.550961746991589507e+01 6.831807863785053314e+01 5.341294704406536908e+01 6.516915747283286464e+01 8.489460214640381253e+01 9.865315178517293759e+01 1.026431635447454909e+02 8.282066051310462740e+01 6.275194166588686073e+01 7.109396409078598822e+01 8.265573669899148967e+01 1.025979673753516437e+02 1.048094820088009556e+02 8.503722167895094231e+01 7.105623669551700061e+01 8.472656598412427797e+01 8.329332571490888881e+01 6.936290694292533487e+01 8.332852325330129872e+01 1.031352806796712684e+02 1.122691476190796038e+02 1.088666236250343360e+02 9.239866856494077751e+01 1.063813722312350194e+02 1.148296347456323758e+02 1.227155856018736841e+02
7.614300240173187717e+01 8.441746175016577070e+01 9.442295501622849940e+01 8.982481689637913291e+01 8.147457890651948276e+01 6.676279035999574774e+01 8.697556267958037779e+01 9.306541525157372519e+01 7.248241212743718620e+01 9.306541525157372519e+01 8.092038481361959157e+01 6.108606441250743302e+01 8.092038481361959157e+01 7.350611135424666998e+01 5.937545435243749381e+01 7.096286059322825679e+01 9.054848487092408504e+01 9.433886556571984272e+01 7.438874920259365808e+01 6.837706101305968787e+01 8.836405535474827388e+01 9.938499044006171346e+01 1.109264682769094037e+02 1.069817784292986147e+02 8.719798979326246524e+01 7.617069526890196585e+01 9.593028740037941304e+01 9.736686371403440887e+01 8.912978819016801424e+01 7.613573844656107781e+01 8.419536552689760356e+01 9.560426172031363024e+01 1.154636535895828047e+02 1.120567301494094892e+02 1.202278320379158743e+02 1.248743286788023710e+02 1.248743286788023852e+02
5.599604770726470804e+01 6.612314646603145718e+01 8.032104295031476227e+01 1.002662482753945881e+02 9.531947610103809154e+01 7.846418999836015473e+01 9.531947610103809154e+01 1.025845457052147367e+02 8.505415315670859400e+01 9.229969823183685662e+01 7.259014923623426796e+01 7.259014923623426796e+01 8.906664154538965761e+01 8.364770493390543038e+01 6.393906657272526672e+01 7.540271098138748584e+01 9.491057612709407465e+01 9.433886556571984272e+01 9.433886556571984272e+01 7.735620141705659591e+01 7.994655373051737968e+01 9.143255585489333725e+01 1.113781986423324071e+02 1.152514945765568655e+02 9.593028740037942725e+01 8.276529977811289029e+01 9.593028740037942725e+01 1.157528632596364986e+02 1.029131670197002109e+02 8.311513806092730761e+01 9.591350675426222949e+01 1.122691476190796038e+02 1.237662182135684503e+02 1.254258195635007240e+02 1.172781836546118654e+02 1.054303140071290983e+02 1.054303140071290983e+02
6.537400213843636720e+01 7.748533017533917189e+01 8.457162781030491772e+01 9.282890408063742882e+01 1.028009008361825067e+02 9.860231398320391349e+01 1.069479034056108731e+02 1.146787275618215745e+02 1.061223387815457073e+02 1.004337397888850205e+02 8.402850110924435967e+01 8.656947575093117564e+01 9.956472325105845300e+01 8.007043669927932683e+01 6.972487179611188424e+01 8.929797237915248331e+01 1.030197963978176290e+02 1.143306735369634879e+02 1.055785935152107839e+02 8.884827788613026200e+01 9.986257640984439377e+01 1.081802461907206947e+02 1.197344433964697572e+02 1.240488358924278884e+02 1.107658009971758446e+02 9.262619195153746432e+01 9.887432178188527132e+01 1.187020691228950682e+02 1.111815470397354915e+02 9.299196412149042601e+01 1.111815470397354915e+02 1.240856784221447668e+02 1.228819735628625835e+02 1.141803693616315627e+02 9.788020464104350538e+01 9.175122291307636146e+01 1.111253340509715031e+02
5.191235531051258079e+01 5.735332530834075015e+01 6.452855136554329363e+01 7.459583472491760858e+01 9.454742089569205632e+01 1.078301923107166402e+02 9.964820185682550857e+01 1.022039483826930280e+02 1.103902404068245318e+02 1.117516802995509977e+02 1.035983636210069250e+02 1.061336790606546288e+02 1.076931486960466628e+02 9.739287624797542264e+01 7.957441886631335137e+01 8.215222534534073873e+01 9.589473581209473707e+01 1.153535224742334577e+02 1.171208039464184480e+02 1.087733310966480218e+02 1.092240221809438196e+02 1.010226694389650390e+02 1.057507623095166451e+02 1.139569385188800794e+02 1.206866826118348968e+02 1.065729763734585163e+02 1.187020691228950682e+02 1.175345633673957195e+02 1.211297602728826490e+02 1.128343699179100241e+02 1.211297602728826490e+02 1.285261277148866270e+02 1.090385034461473026e+02 9.536508513363055783e+01 8.662426634426813621e+01 8.479889718590257530e+01 9.421451870466438550e+01
6.362482799164717306e+01 7.748533017533917189e+01 7.381862936871806369e+01 9.282890408063742882e+01 1.028009008361825067e+02 9.642703987483041317e+01 7.989828738362024296e+01 8.246383934283610984e+01 1.022039483826930280e+02 9.771400826833867370e+01 1.015272168917002347e+02 9.334521028464595815e+01 1.015272168922540175e+02 1.071381141852738921e+02 9.332906271923739894e+01 1.015940824717728361e+02 1.097228218335428238e+02 1.112696508024367574e+02 1.042962792813673332e+02 9.608862643355028865e+01 9.608862643355028865e+01 8.116571923867431337e+01 8.591907067453614388e+01 1.052788065153720964e+02 1.167027462852241513e+02 1.264655301226155757e+02 1.117780287757147448e+02 9.780142967092825756e+01 1.085135961196918544e+02 1.067578730111133893e+02 1.067578730113373098e+02 1.150061075987530614e+02 1.228819734705354705e+02 1.141803689036592289e+02 9.778333330759276976e+01 7.811127425590085238e+01 9.242927698910600043e+01
8.368871764441423977e+01 9.195055888503772223e+01 9.380027780425528761e+01 1.020575839050469966e+02 1.017405468788669083e+02 8.195419630867121441e+01 6.835047050799913393e+01 8.824558341924843319e+01 9.190919297289531187e+01 7.791856529934332798e+01 8.189549938216430292e+01 7.351372926957260745e+01 8.756885019611026166e+01 1.072905771515394520e+02 1.127643476869638448e+02 1.154250940211627920e+02 1.054721519739786260e+02 9.146126812069208256e+01 9.608862643355028865e+01 7.614950644443278804e+01 7.614950644443278804e+01 6.953331780319061295e+01 7.718068615122363951e+01 8.871992299679872929e+01 1.084981284341687342e+02 1.145593620359768465e+02 1.019466608081699377e+02 8.397072106167451011e+01 8.885998466916444727e+01 8.691622349630920041e+01 8.691622349630920041e+01 1.067578730113530980e+02 1.242691654459035391e+02 1.172514965722482572e+02 9.778333330702004389e+01 9.242927698910598622e+01 7.253559629730344227e+01
8.869130516299973976e+01 9.006165173046488803e+01 9.647185312284193515e+01 9.225632097481006610e+01 9.596157780009028215e+01 7.615214892159161764e+01 6.194455535420019032e+01 7.464770849644261830e+01 8.194821567935650819e+01 6.373529519141033717e+01 6.188416357720249295e+01 7.197188632136982278e+01 8.604187985140580963e+01 1.057665857184703668e+02 1.097444995326468700e+02 9.590971785419792184e+01 9.726300908383697674e+01 7.733269912691497439e+01 8.465797429643573935e+01 8.198953947835308043e+01 6.179451916694935676e+01 8.198953947835308043e+01 9.707917620081552457e+01 1.052788065153720964e+02 1.088419017121149324e+02 9.488517970446009997e+01 9.377592588774813009e+01 7.420896838577128563e+01 7.504517786860139950e+01 7.299309706099228379e+01 9.272770808925965014e+01 9.753447823294970931e+01 1.109018216704220805e+02 1.089868672004226084e+02 1.008729464599811934e+02 9.072821552493459762e+01 8.256881866732911135e+01
8.359832703505918516e+01 6.817118453459859495e+01 7.458275393292615263e+01 7.030828282879807034e+01 8.575482947246266008e+01 8.872819710139165750e+01 6.881537915143289297e+01 5.451719045631247695e+01 7.372590574924565487e+01 5.358094774272081651e+01 6.788947882662345990e+01 8.781628678384096531e+01 1.000002986843363004e+02 1.035297240164775587e+02 9.995326628163174121e+01 8.205070982075910990e+01 9.995326628163174121e+01 8.465797429643573935e+01 6.449515842788468944e+01 7.457656636216020729e+01 5.742898482778801394e+01 7.191645163489098991e+01 9.193103250616015032e+01 1.033074180626340564e+02 1.006476142950608761e+02 8.124269676402431628e+01 8.837486679402857703e+01 8.331694671293274723e+01 6.362642942109645361e+01 8.331694717771905800e+01 1.005793024524109853e+02 8.392575219054404556e+01 1.013643407908649579e+02 1.008729689888915146e+02 8.118231328359981092e+01 8.256843606816330805e+01 6.231541493447760161e+01
7.458275393292613842e+01 5.377526806964887385e+01 6.346068490713676624e+01 5.575358910244622024e+01 7.673010958196245213e+01 8.415988336029055006e+01 6.417643417199666089e+01 4.985409377675483000e+01 6.394635186658590698e+01 4.914703436275812720e+01 6.347377026805740741e+01 8.346790078993470274e+01 9.779164227581250657e+01 8.392299049740799433e+01 9.183817450842727226e+01 7.210092019158956589e+01 9.183817450842727226e+01 8.838106020847568800e+01 7.457656634862152600e+01 5.409453571690121265e+01 5.327576014202129073e+01 6.789835129453786067e+01 8.800585026424047896e+01 8.556737624150659371e+01 9.831898065771966344e+01 8.837486685388603291e+01 6.909784663898786050e+01 7.903688099252300958e+01 5.919115712143509711e+01 7.910028463518389685e+01 9.349836761966263055e+01 7.388329901643987796e+01 9.349836579655843138e+01 1.058092715405673516e+02 8.694972231176406297e+01 6.685584445475465998e+01 5.910808889958145329e+01
7.891021018064529358e+01 6.346068490713676624e+01 4.372308941028234130e+01 5.725607303701043094e+01 7.793488521683183023e+01 7.863092178003394395e+01 7.038889087237670594e+01 6.394635186658587855e+01 4.375405531463784570e+01 4.501988953579483166e+01 5.933799785229772539e+01 7.938661607496852923e+01 8.966566978178735781e+01 6.984448377060557789e+01 7.712965103774016029e+01 6.534611302981336678e+01 8.525908973614808417e+01 8.013007197487128508e+01 5.981472636224282269e+01 4.783167252434301986e+01 6.840100176129594445e+01 7.964685893584913856e+01 8.715480638899369126e+01 7.322554657315021132e+01 8.944711154229418071e+01 9.649888992678913269e+01 7.928759069539103166e+01 5.959825832750813390e+01 5.464392843819808832e+01 7.507535861335234983e+01 7.848118112269513347e+01 6.651907071627169898e+01 7.837674828862647303e+01 9.791890299529049457e+01 9.508176967125370993e+01 7.640308242250530668e+01 5.620088303403507268e+01
6.919064106834227346e+01 5.050138213674910759e+01 3.913133753699934658e+01 5.417104148654012619e+01 6.410638105858399172e+01 7.038889087237670594e+01 5.027189248909295571e+01 5.616402489843795820e+01 3.974654818924366140e+01 5.402038592051412991e+01 6.521010214952944750e+01 8.519741998356593626e+01 9.112933635374480446e+01 7.133079127216120696e+01 5.695477739772806558e+01 7.712965103774016029e+01 9.338840535088924355e+01 7.970552226920763417e+01 5.938212076877422163e+01 4.501383628588317265e+01 6.118673414066785199e+01 5.820443760833071423e+01 7.276089331054305376e+01 6.408260831698007109e+01 8.029122017811793910e+01 8.964565783185022951e+01 8.166413275712650943e+01 7.110517032164580087e+01 4.935873002683359090e+01 7.064657164739094242e+01 5.786566990135239763e+01 7.810594352299817444e+01 8.798558168188668560e+01 8.877900037811491529e+01 7.973684001599303883e+01 7.150281758449094127e+01 5.318595015139717930e+01
5.743488447459937873e+01 4.730719378245758122e+01 4.405973243566068476e+01 3.313720591454080022e+01 5.174172451861183930e+01 5.869382728167633445e+01 5.266325012154560881e+01 3.606484205322809800e+01 5.616402489843795820e+01 6.818564326228721484e+01 8.235089358969244699e+01 8.548028677880552095e+01 8.690827322796928911e+01 6.699625999939244991e+01 5.251698056892438871e+01 6.719499101125408913e+01 7.543094965584026568e+01 7.540091571083796396e+01 6.539860488296372409e+01 5.854096265527277154e+01 4.130199797497856196e+01 6.035863304090155879e+01 5.368728144612090603e+01 7.276087467115684149e+01 7.676748775300022487e+01 7.306469616770996822e+01 5.666882736063794113e+01 6.443948816400012447e+01 4.468616280293101539e+01 4.995684433662859902e+01 6.647113261511110238e+01 6.433631999661419343e+01 7.357064545787103782e+01 6.489820179434347835e+01 6.974196025844435098e+01 4.913865753033508810e+01 7.150282593981539492e+01
