LEM/sinusoidal_perturbations/elevation_000253.asc
nrows	100
cellsize	150.0
xllcorner	0
ncols	100
yllcorner	0
NODATA_value	-9999
[rows 0 to 16 of 100, columns 0 to 36 of 100]
8.271705653423140972e-03 1.415040732938449786e+01 3.415040732938520307e+01 3.917712137175001175e+01 4.520733926989270657e+01 5.227839055755021036e+01 5.227838571501845877e+01 7.227791214796879160e+01 7.005596908028408620e+01 6.144292777686862195e+01 5.300372060311858746e+01 6.083708579953217566e+01 5.247556605779261929e+01 5.514690621402824178e+01 6.348937279690119340e+01 6.514510367027548909e+01 5.741403314354995047e+01 4.922344731710300181e+01 4.620961767206224380e+01 5.291380057740741449e+01 6.042282122819100465e+01 6.856191592523485667e+01 7.988426469077889180e+01 7.862166356350350327e+01 7.091680891601038184e+01 6.794034072708528527e+01 7.343474755294359113e+01 8.003280955701457344e+01 8.799093789700368973e+01 9.886800898883903699e+01 1.062068434916759685e+02 1.037051043378417177e+02 9.342828936142494456e+01 8.501679375522358839e+01 9.340826498386658727e+01 1.000464911778321522e+02 9.174775023450595768e+01
7.813061968023241044e-03 2.000781306196766707e+01 3.133248407401085345e+01 1.917714108318566346e+01 2.520736797472700985e+01 3.227843578645793343e+01 4.642057000441081271e+01 6.642042038288744266e+01 6.144292777530672112e+01 4.084251915050385406e+01 3.193988129077173710e+01 4.882956832022170346e+01 3.142201114403779272e+01 3.417919703486111871e+01 5.514701892743857314e+01 4.527869746490902259e+01 4.527873995464629786e+01 2.903873162747224868e+01 2.594744010493759134e+01 3.280125143555292055e+01 4.055581946092785017e+01 5.215017379897866334e+01 7.172346629989785072e+01 6.825968011550857284e+01 5.324009140358676717e+01 5.022498143816537208e+01 5.605078076311391300e+01 6.255331974560969144e+01 7.232216612478870843e+01 9.057839984188743188e+01 8.484681117038475406e+01 9.325837512511483851e+01 7.510431322899070494e+01 6.517688167549520983e+01 8.342503150507683074e+01 9.174553456939608509e+01 7.154887026941460704e+01
2.526786264046545528e-03 2.000252678626369018e+01 1.133249567766255872e+01 3.133235386312137294e+01 4.520733926989279894e+01 5.227839055755028141e+01 6.056203088916250721e+01 6.959587922772173840e+01 5.300372060311860167e+01 3.193988129077173710e+01 1.926594436155867385e+01 3.067121716143193311e+01 1.873105024244301831e+01 4.029060598793699199e+01 4.693737872810882550e+01 4.527754235692957963e+01 2.502937793130083932e+01 1.717865238211071954e+01 3.756979628015623973e+01 4.800795575003159854e+01 5.679352742152325817e+01 6.856191584924155791e+01 7.450611459076317544e+01 6.071115130181775754e+01 4.217374785189821296e+01 6.071115130181775754e+01 7.342387885705107919e+01 8.003280916816038371e+01 8.290802057443787021e+01 7.436295971861471799e+01 7.060327245904012727e+01 8.475595642775483896e+01 6.469941396128550082e+01 5.491900673586798121e+01 7.509603504149221465e+01 9.173816453382569591e+01 7.154872259282679181e+01
4.163169627051843593e-04 4.472552271962265458e+00 2.447254918505685950e+01 3.961652710528809962e+01 4.810781155415425303e+01 5.558776543174373330e+01 5.327979337086571121e+01 4.961313326133976886e+01 4.728273033936248737e+01 3.870391328600387482e+01 3.064406543041004838e+01 4.072141399797480688e+00 2.750732419703475884e+01 3.180827797534503887e+01 2.714544215828459173e+01 3.586056515090400154e+01 2.771112003544124747e+01 1.198098289350429013e+01 1.950325457321519096e+01 2.885449232158097033e+01 4.306288111153745746e+01 6.247519859242141393e+01 6.686389161056396802e+01 4.884288070388756609e+01 3.732834457485789414e+01 5.118637357622942829e+01 6.902426653243830401e+01 7.281380750839142024e+01 6.448909757511648877e+01 5.467737131423386643e+01 7.436809544682502349e+01 8.280291739255720529e+01 6.836683558482647527e+01 4.760947161874931055e+01 6.779821708275956382e+01 7.616403679780027858e+01 8.164939347598489405e+01
5.883922493566802643e-03 2.000588392249321146e+01 3.275666949341826495e+01 4.489291089608843066e+01 2.939977264126963519e+01 4.489318252121002217e+01 3.313239249657294749e+01 3.534039398883862049e+01 3.759592477336731520e+01 1.857591587702276925e+01 4.141457744639592597e+00 4.463328950614124935e+00 4.664357263694567379e+00 1.197684570067676901e+01 1.840713256388452024e+01 2.507896000025611016e+01 6.542601740145117084e+00 2.470446893157351198e+01 3.543470265216226522e+01 4.578173378774475566e+01 5.679352907815273710e+01 6.651451705099209732e+01 6.079143607116417058e+01 5.263482054521947617e+01 3.303843282788223235e+01 4.783532282584648954e+01 5.201579166778032715e+01 5.642772124758888452e+01 4.478826132430744877e+01 6.449042215259505895e+01 8.293767720307573654e+01 7.444030552161716230e+01 5.421021982199126654e+01 4.145084894608123705e+01 4.684414963370877416e+01 6.419428063206858326e+01 7.616590482301153031e+01
1.256007409845548732e-03 1.431707243799277940e+01 3.496820388001159330e+01 3.713213432886694676e+01 1.794361549133585498e+01 2.748635863299477933e+01 1.883659064651701698e+01 3.496962450965714453e+01 2.625849799822082176e+01 1.307217723838230405e+01 3.976100442357659581e+00 1.270805784322663357e+01 1.683042590741078470e+01 5.145003553441895860e+00 5.450685012820341235e+00 5.755757106231031095e+00 6.061704119316739359e+00 1.499511289732944519e+01 2.181162390798598238e+01 3.856827061170762505e+01 5.342424309226473156e+01 4.671570272141944713e+01 4.088534306837286181e+01 4.125130955251503906e+01 4.204383020635535217e+01 2.719853059316621113e+01 3.157935005330538658e+01 3.627585655075436222e+01 5.066012985588768203e+01 7.033031305019811441e+01 7.577199750283509161e+01 6.522072896925043040e+01 5.671930219021323438e+01 5.569984420350072440e+01 3.360342538308839266e+01 4.684415077603050293e+01 6.779951913478258518e+01
9.594114293757748102e-03 1.993737139121968127e+01 3.451921010771798848e+01 3.208889978557546385e+01 2.539464589649290360e+01 7.245949146536100116e+00 2.748609093167641504e+01 2.734059647949396776e+01 4.076491595962168368e+00 3.549398649012101448e+00 2.272678481915299642e+01 1.355529084470494539e+01 2.725914708775253104e+01 1.452490606315097565e+01 2.496186597606060786e+01 2.327530987309949140e+01 2.557650933042839725e+01 6.494240615276766881e+00 2.533210254217901536e+01 2.856733020701902959e+01 4.516722937271716631e+01 4.586623594992744302e+01 2.619700254169942966e+01 2.046162768898450679e+01 2.308475540780693791e+01 4.434608977644448657e+01 5.063077061003961887e+01 5.642519248456843428e+01 5.066075371558282825e+01 7.034384076528694152e+01 6.727062911883626839e+01 4.620971474164762327e+01 3.483378038719597214e+01 4.577581343148316506e+01 2.913655863047279126e+01 4.525022572349029559e+01 6.641281470845640911e+01
7.711341127313004785e-03 1.714701650892688889e+01 1.556965615010310700e+01 1.479037633882574632e+01 2.034896127484350359e+01 1.641558905769754162e+00 2.267217969797648891e+01 3.515393568432258320e+01 2.401849090649115581e+01 3.248435651966867788e+00 2.221984996787780631e+01 3.137013162676302969e+01 3.987643464721841724e+01 2.626818534043491482e+01 4.050065808081768637e+01 3.197964502825793431e+01 1.248766851440936421e+01 1.468761401194601390e+01 6.928002224089016892e+00 2.048911816888403337e+01 3.201515972303853630e+01 3.421561921881748702e+01 1.684037489364483164e+01 3.118584682879835768e+01 4.249733840072111235e+01 3.550510111383038492e+01 4.829642163783174880e+01 7.088316146751442659e+01 7.032181160570702616e+01 7.867548679688169955e+01 7.559966514362179169e+01 6.481654895471629629e+01 4.577158092764376107e+01 2.350420606829562331e+01 4.577681441668078577e+01 5.970864849907985672e+01 5.767655365880458618e+01
2.297228869525369630e-04 2.986707102441827910e-01 5.971449297141331325e-01 8.957521887358068646e-01 1.194525997638812065e+00 1.493910987347522035e+00 2.054193452936517161e+01 2.609664099406453985e+01 2.321749527621732057e+01 2.946772713382060260e+00 1.381786820571199037e+01 2.575739535068574071e+01 4.218603928453270413e+01 4.507225493139605277e+01 5.271425985857813856e+01 3.628131674800761175e+01 1.645874514019597967e+01 2.073979652249600747e+01 7.235249860198416094e+00 9.291959020832610605e+00 1.137018444948947682e+01 1.349802145612741988e+01 3.421561921881748702e+01 4.563820988366227738e+01 5.671274212108192359e+01 5.637481409809717547e+01 6.620248875477837203e+01 8.019596948434531214e+01 7.039365661906464311e+01 6.141935633352349555e+01 6.039440774292123848e+01 5.761757408122470991e+01 3.617940343334065290e+01 2.035176613949744251e+01 3.980404209331391741e+01 4.565327486805576740e+01 3.961370570062342011e+01
9.647730019007896146e-03 2.000964772758682386e+01 2.113768605121521560e+01 1.607497185554986885e+01 2.015629564414610897e+01 3.784663569695976282e+00 1.917513714844589101e+00 2.217199584299693882e+00 2.519118376560839589e+00 3.737226416357296355e+00 1.232714462472096528e+01 2.121999661521239844e+01 3.063771474561204045e+01 4.906598537820908490e+01 5.476672847461527027e+01 3.486076991389135316e+01 2.102595596314456117e+01 2.484510904567534340e+01 7.546450292353971356e+00 2.794836999886495832e+01 3.189895198603416304e+01 3.421498216520904379e+01 2.196701441283614287e+01 3.137096505224677756e+01 4.330468092091017951e+01 6.329254829581036290e+01 7.429452069878561815e+01 6.512766707861862869e+01 6.145403843944478695e+01 4.085073045917438606e+01 4.055305762422171512e+01 4.496436802451253101e+01 2.068752250755568411e+01 1.736004290886134172e+01 2.664184677931055134e+01 2.635623685331457366e+01 3.847095120850127614e+01
3.582433992925927561e-03 1.414571805772400204e+01 3.414571805772873603e+01 3.981145611052235012e+01 3.094849946425123122e+01 1.208688699248046206e+01 1.059106616065477091e+01 4.799468855172889903e+00 2.105520678389802569e+01 2.123233525277383649e+01 1.032083380290996821e+01 3.011170378301484263e+01 4.464468950154165583e+01 5.744144796772204131e+01 4.746036023408023397e+01 3.092093857463200379e+01 3.048650766643513066e+01 2.696398595457558756e+01 7.857981577340126478e+00 2.218655034623403921e+01 4.241256315086150153e+01 5.024743545986242310e+01 3.249728772966410872e+01 5.096113553455550260e+01 6.001809418005471741e+01 7.145747705613928247e+01 6.480747892424813017e+01 4.200100053755176077e+01 4.832844600751490560e+01 4.644758782732115066e+01 2.663420850916168092e+01 2.627797234589506559e+01 1.686837597807271294e+01 2.645865851543774028e+01 1.785370404562105406e+01 1.820173936907304935e+01 1.854861233949316457e+01
1.813270376062421294e-03 2.000181327037570611e+01 3.235715512176641084e+01 4.064143058196300728e+01 3.999465535678300654e+01 2.970493542982263691e+01 1.704227059288065149e+01 2.336790649083799210e+01 8.457503311891903408e+00 2.663671823915613857e+01 3.011169227027875905e+01 1.775252122955500056e+01 3.733805661039106383e+01 5.274942431163744061e+01 5.497199068720340165e+01 4.567413732296773787e+01 3.611331195267001704e+01 2.805262966491474330e+01 8.169676208524904837e+00 2.593654146987966769e+01 4.296662818113478011e+01 6.109173682205917544e+01 5.299105475924552167e+01 6.135088675474192144e+01 7.387229518022130037e+01 7.515492334180275691e+01 6.337254319530915581e+01 3.953569406669957687e+01 2.695637447002238574e+01 3.747994853373145929e+01 3.329636947941777692e+01 1.637729403110564519e+01 2.919777428177846090e+01 3.567386110979010994e+01 3.713592118623287064e+01 3.839150355697576344e+01 2.743206822786693166e+01
2.372884694381488524e-03 6.032599776249679913e+00 1.235715509658649403e+01 2.649929072040668743e+01 4.649929110027589729e+01 4.324188696049115777e+01 3.484208422012598305e+01 2.916508247960071998e+01 1.095592009318900928e+01 2.916509252197201008e+01 4.539128982522660749e+01 3.733805622071917441e+01 2.666660650536285715e+01 4.029158963483011746e+01 5.950810989950009144e+01 5.787293211963813633e+01 3.889604998348057308e+01 8.610597182672186989e+00 1.274074662562907001e+01 1.763342408786903093e+01 3.961776737420468208e+01 5.509830279784407026e+01 6.106520017790577270e+01 5.310693121669176264e+01 5.357172166972173954e+01 5.869332835905126444e+01 6.979242138904419335e+01 5.352477011251811234e+01 3.188671872109543770e+01 1.699275452198438785e+01 1.588829882084092660e+01 3.611871856456620122e+01 3.946295711937900563e+01 4.564676184576806151e+01 5.381812347514186712e+01 4.385283468867113754e+01 4.392221721457339356e+01
8.175220331382775790e-03 2.000817522033102591e+01 3.235715512176641084e+01 2.649929072033902244e+01 4.649929082122060464e+01 5.194731988848702287e+01 3.289485761840136036e+01 1.961531848471135575e+01 1.339931165280097147e+01 2.634832278420351415e+01 4.533627168985022848e+01 5.394555791476451390e+01 4.029158973695305690e+01 4.238844584699670293e+01 6.163349292928431566e+01 5.470105463310846972e+01 4.336124757003330643e+01 2.714063203481472186e+01 9.051518499182584776e+00 2.543262492538267949e+01 4.121678146937062337e+01 3.520789938057605895e+01 4.522392284944142204e+01 3.348962842417637376e+01 4.095432119493555945e+01 5.201396527977387052e+01 7.067616217371940479e+01 5.271875998294810017e+01 3.339984262910353152e+01 3.573035205129126268e+01 1.554495526246143733e+01 3.576065487458703274e+01 4.264440691768419356e+01 4.543423523894409044e+01 5.292937233418424370e+01 6.059068559112223085e+01 6.194079845938385631e+01
9.124702163186202558e-03 1.415126032589426153e+01 3.415126032589496674e+01 4.649929082809202896e+01 5.478357441496600444e+01 5.051188237840133866e+01 3.147545708884990745e+01 3.491855423872416253e+01 1.612879987414514815e+01 3.491855375349197743e+01 3.954332148266183822e+01 5.860932147863350394e+01 5.950816109416243904e+01 6.163349350238631530e+01 4.879135884662898803e+01 3.454563823261013766e+01 3.504489931165865357e+01 2.205134245095605650e+01 9.363264526998602122e+00 2.936169909650685739e+01 3.543869155056572851e+01 2.104680605019110473e+01 2.533014402526937303e+01 3.289813626661794643e+01 5.271483894986355523e+01 6.757624546440979429e+01 7.836696255667277455e+01 6.102797758968402064e+01 4.832950616683032763e+01 3.540842149672739936e+01 1.520368131686099211e+01 3.532719796503728560e+01 2.265192286224051088e+01 2.604950825848317919e+01 4.595594007234812040e+01 5.878685344684942748e+01 7.482286758145900762e+01
2.239863785106879172e-03 2.000223986378475161e+01 3.463220704905247516e+01 4.291816102414854583e+01 5.292031938554408299e+01 5.850933981489460933e+01 4.491893188725698138e+01 4.284831973499366597e+01 3.491855425549726277e+01 2.047484817431383419e+01 3.954334481158754500e+01 5.278713784517246665e+01 6.231752251838471324e+01 5.780373086166707708e+01 4.044902228537173272e+01 2.026670533433863142e+01 1.534717755501771563e+01 1.158160051611960206e+01 9.675076217681450430e+00 2.948039838582023009e+01 1.538716653411842650e+01 3.543901471476794285e+01 4.483237118865311288e+01 5.271462165169600667e+01 4.695615374617553073e+01 6.661839339876476629e+01 6.400939069539485615e+01 5.587638268296799282e+01 4.306854252789540283e+01 2.214939361688138320e+01 1.486533792853308533e+01 1.801735233952880222e+01 3.827729633927214792e+01 4.595577688350231682e+01 3.113476596820629538e+01 4.665708150505923157e+01 6.388126930674316384e+01
1.766589122093755728e-03 7.072834400987599857e+00 1.463212386117751151e+01 2.463212387264060510e+01 3.877426919646394055e+01 5.877557231061334875e+01 6.401445930780337790e+01 5.508965629596953306e+01 3.604939059495782772e+01 3.954334070085042185e+01 2.572263837080690152e+01 3.536479030648533239e+01 5.433069239748844126e+01 4.946560008167137568e+01 2.930391953059037746e+01 4.044902229752435119e+01 2.326100393093948426e+01 2.506604703699742842e+01 2.859999343449738873e+01 1.011735829957302180e+01 3.006033667532036802e+01 3.845129555691953982e+01 5.030136418559114730e+01 6.101702719478640091e+01 6.661838878765132677e+01 7.462769353334573452e+01 5.587640915735842384e+01 3.643196607405371168e+01 3.725943885104475584e+01 1.439676721028941131e+01 2.646328136459838021e+01 2.252853355777351396e+01 4.098291623070154088e+01 5.661700093632694575e+01 5.073927630492303109e+01 3.644700005891581185e+01 5.582932391765271518e+01
