LEM/sinusoidal_perturbations/elevation_000098.asc
nrows	100
cellsize	150.0
xllcorner	0
ncols	100
yllcorner	0
NODATA_value	-9999
[rows 68 to 84 of 100, columns 0 to 36 of 100]
5.009162696260268353e-03 1.414714478642733475e+01 3.414714478642803641e+01 4.523326776400376303e+01 3.829105671622827600e+01 3.677417294320385110e+01 3.269921644977033992e+01 1.591902593249928977e+01 1.824618365888159488e+01 3.970735769648777591e+01 2.783305500496465967e+01 4.290039864148543103e+01 6.345364314654148075e+01 7.469313816798950256e+01 6.413355471685807174e+01 4.715187111017537092e+01 5.268787465570676432e+01 5.277910235215793477e+01 3.602675757311665450e+01 5.566068872450430405e+01 7.335681574249170467e+01 8.233485579607446425e+01 7.661680399776524553e+01 5.714582686448571991e+01 7.661680399776524553e+01 6.159823368524985909e+01 6.499325604096246423e+01 7.657213149554590359e+01 9.653046947712653036e+01 1.143330919478326280e+02 1.060278019565562886e+02 1.086294392899151546e+02 1.169347745254720081e+02 1.134144084300104254e+02 1.033421314162347073e+02 9.371788421804586733e+01 7.336161949023338025e+01
4.695337527364121070e-03 1.414665539663315386e+01 3.413056379667736451e+01 3.238729892659650744e+01 1.803887061631747102e+01 1.663384749844480481e+01 2.278492974633162049e+01 2.855144282707553050e+00 2.411439723190393281e+01 3.049024813585839055e+01 1.821467059521892295e+01 2.851510195433948880e+01 4.785703306308288063e+01 7.173390938417180962e+01 7.607827602091931851e+01 6.763944644002815210e+01 7.082495688057265681e+01 5.878298999464072239e+01 4.981909481755997149e+01 4.520100222017985914e+01 5.391230868696145251e+01 7.384938698241614929e+01 8.572226489491619361e+01 7.135985497371531494e+01 8.565994048298016139e+01 7.057267772823598762e+01 8.500751767088338795e+01 9.327145721672570744e+01 1.047922877740466845e+02 1.156299517606687459e+02 1.156342805761884023e+02 1.156342805761884023e+02 1.237952530928720591e+02 1.051281309365928252e+02 8.492570691628978352e+01 7.468478958824852043e+01 6.690530815646026497e+01
7.614146464036155443e-03 1.463483596406311094e+01 3.406877590738564976e+01 2.380825042275109027e+01 3.233654877392172278e+00 2.495201903915199804e+00 2.795964303563133413e+00 3.095634925658926839e+00 2.297663940326727783e+01 1.025204414926469276e+01 2.437092070279701872e+01 4.477157946248218678e+01 5.259530788984999106e+01 6.312211017045652284e+01 5.755081517435611005e+01 6.600574339332891327e+01 6.664547935324732464e+01 7.450251735480213711e+01 6.959792753763524331e+01 6.494556227700935835e+01 7.335681574249170467e+01 7.385376643503946070e+01 9.416888781333003067e+01 9.161654599464738169e+01 9.844243717411806927e+01 8.457750641354951426e+01 9.844243717411806927e+01 1.100718205330536676e+02 1.097294591438633091e+02 9.567328262678412898e+01 9.567353968334371928e+01 9.567353968334371928e+01 1.156342805761884023e+02 1.134144084300104254e+02 1.033421314162347073e+02 8.362433257121412566e+01 8.733831673124574024e+01
2.352828262072654761e-03 2.000235213256560129e+01 2.402403762956135935e+01 3.378344135286505789e+00 2.068054037754115893e+00 2.199299153843937304e+01 2.275440346623125976e+01 2.306021779783227643e+01 3.520665264418797236e+00 1.119839239574409007e+01 2.063361603358787733e+01 3.913108815722287659e+01 4.116838634492113158e+01 5.271191308017986188e+01 3.447451841309536036e+01 5.364683166493414745e+01 4.469038080008555625e+01 6.115107305641630120e+01 6.074247243487606340e+01 6.922816846650204070e+01 6.857645484314443252e+01 7.718477828336494895e+01 7.832335718081463938e+01 8.710312412690932149e+01 9.995423888148290814e+01 1.037566193057746915e+02 1.042228221818106988e+02 9.025899567937848644e+01 9.767267302664038198e+01 8.127861733599880267e+01 8.127862013530317142e+01 1.015199053333502803e+02 1.057006136804171490e+02 1.139130088322020811e+02 1.121557646273590336e+02 1.038636511561653037e+02 9.519496355152367073e+01
6.786455232800275850e-03 1.953025702975360289e+01 4.758248090348087267e+00 4.888820112021083908e+00 1.765309364594669583e+00 2.873731737041928724e+01 3.734995717111598168e+01 1.764969910289786625e+01 2.340934916629179341e+01 3.948013461339807684e+00 6.065786721841678997e+00 3.692098996020443025e+01 2.998235924262609942e+01 3.488388353925019914e+01 1.669892717081258127e+01 3.957683591824230973e+01 3.186739929206156319e+01 4.585547599136759800e+01 4.043646341500152630e+01 5.256654300149465797e+01 4.803646532830418181e+01 6.130236320121426274e+01 5.748283735097291469e+01 6.763576369222535334e+01 8.488869162524028411e+01 9.907448877666240605e+01 9.562312418961238336e+01 7.588356027880433885e+01 7.742673021027276548e+01 7.095468834716125173e+01 8.525088933232142097e+01 9.142171879173241678e+01 8.550720687313929602e+01 1.057006136804171490e+02 1.088854411808636655e+02 1.005204382253094764e+02 8.685581301787077280e+01
3.257643153035955173e-03 1.935133671820470980e+01 2.082221979370206810e+01 1.337224721924402893e+00 1.582445012647009719e+01 3.278771124025715267e+01 4.510103273594670981e+01 3.718632238893643915e+01 2.475914996566636006e+01 4.250723708988460636e+00 5.961828306120819931e+00 3.463625413489621963e+01 3.009149992238367588e+01 1.492357790384891558e+01 1.922985047101285616e+01 1.983676933578438906e+01 2.255788911386436979e+01 2.562826407957583186e+01 2.876497080826303332e+01 3.228235684932680272e+01 3.632035671846139735e+01 4.073512419727980927e+01 4.617917435246117464e+01 5.404625599646064416e+01 6.517424758020520414e+01 8.926227140814131644e+01 9.650025395694942176e+01 8.337984912212910160e+01 6.299595251485133929e+01 7.724388018214031604e+01 6.483694138238914206e+01 7.095539282959464344e+01 8.286648308538065066e+01 1.031083881019726647e+02 1.005204382253094764e+02 8.019921545231198934e+01 8.615116380052052136e+01
1.880098487986705483e-03 1.821639411444958156e+01 1.944778844873014023e+01 1.034666341780147603e+00 1.333258813665034204e+01 3.663162758464319779e+01 4.658863300179881151e+01 3.400251709612978601e+01 2.456617439488379873e+01 4.555202716173089250e+00 2.389430448580116817e+01 2.833843332740654475e+01 1.162916019421427904e+01 2.048874979004532548e+01 3.749591749581439615e+01 4.003774473051728222e+01 3.271907688106913525e+01 4.585547599136759800e+01 3.811950617403772412e+01 5.256649850207151076e+01 4.461510165151330654e+01 5.521201156765601326e+01 6.661655104247689962e+01 6.377682166070299274e+01 8.487582893377401660e+01 9.502915677135945316e+01 7.841690484698091268e+01 8.019098583259614088e+01 7.724388018204562911e+01 5.727450211889311049e+01 7.724388018261591071e+01 9.142171879173241678e+01 9.971010785267073118e+01 1.113304900258818435e+02 9.793539005554016796e+01 7.755420761693419252e+01 6.572515256829439068e+01
2.900726248362994839e-03 3.049273654234025965e-01 6.069891701840882670e-01 3.589982371766180069e+00 2.463309220268892119e+01 4.695258816457561579e+01 3.749540746013452974e+01 1.771188451193703273e+01 5.198509412157745757e+00 4.866654470812847855e+00 2.425027650077945296e+01 8.520914355620220704e+00 2.835476613774624965e+01 3.976785075464908203e+01 3.458671175918817653e+01 5.450227510315072266e+01 4.700233885253286559e+01 6.141122938303887935e+01 5.160315559268850905e+01 6.799003363104486652e+01 5.536277284585486314e+01 7.326826881125573721e+01 8.477000600088148019e+01 8.721406583792584399e+01 9.701256936137485809e+01 9.253478089617186697e+01 7.388182750704970658e+01 6.104069730089680945e+01 6.979915116964276933e+01 5.455919788653053359e+01 7.404926928631915928e+01 8.579853039723688823e+01 9.405540474117759686e+01 1.030475736093540604e+02 1.063471862653402980e+02 9.454232831658778480e+01 8.615116380052052136e+01
5.081304048347549951e-03 2.000451162342154987e+01 2.687220826505514193e+00 1.582734378610300574e+01 3.342097849404290599e+01 4.908079162134589524e+01 2.937266813286532141e+01 1.546628386509699560e+01 2.595024922691656855e+01 2.487424219921743074e+01 5.334804234846832749e+00 8.711382344174499082e+00 2.879604175935432053e+01 4.524679225692980822e+01 5.450227510315072266e+01 6.278028672214108497e+01 6.751720035309523382e+01 6.877688938742441849e+01 7.505751394589233882e+01 8.283675632211287621e+01 7.523543830016380696e+01 8.417996119979605396e+01 9.925949659478384035e+01 9.112677019065266393e+01 9.931407673239856138e+01 9.705136853983954381e+01 8.193606009794837064e+01 6.834924828648033213e+01 5.093241452533469982e+01 5.431965793695727740e+01 7.490964207442905831e+01 6.535860631377050822e+01 7.452658366190567563e+01 8.639590168561531414e+01 1.064676965840226615e+02 1.078282707796453792e+02 9.088864593800997227e+01
4.469920835086939326e-03 1.850612341930059301e+01 2.594512937811103370e+01 3.409589960504171557e+01 4.530544807634509397e+01 4.900632884726181260e+01 2.936927878320869212e+01 2.937610857537243447e+01 4.133048142956546656e+01 2.167358007633579930e+01 2.529577247843957721e+01 5.832125094690455924e+00 1.958752304901989305e+01 3.271848126642366594e+01 3.772918434936303100e+01 4.834685299689651572e+01 5.587145797340434683e+01 4.296703126078201507e+01 5.510178895109156372e+01 7.014350263541476238e+01 9.232061697585771753e+01 9.889419002084530064e+01 8.987039195053561969e+01 7.179103319377227876e+01 8.967155645785977924e+01 8.827167447504193376e+01 6.114426213696744128e+01 4.736722286245855429e+01 5.400293407733924056e+01 6.711957359461457884e+01 5.527250202472516349e+01 6.694546603056822676e+01 8.144167579196478357e+01 1.016891473879862389e+02 1.144636158844589602e+02 9.952186117708262714e+01 7.923186201433212261e+01
2.324776005098761877e-03 2.000232477600474468e+01 3.205893288433757959e+01 4.054406995618741405e+01 5.182963188596906434e+01 5.721110318595042799e+01 4.900631492826835967e+01 4.911247565337980348e+01 4.933327395457065023e+01 3.955608065498311987e+01 2.053568713244621335e+01 6.188789487282057244e+00 9.511397660190802128e+00 1.273556536019220786e+01 1.604372235453404372e+01 3.814468919975540473e+01 3.025429810822781818e+01 5.594458632194307768e+01 7.775636490315001481e+01 8.801242276446265578e+01 1.003001199102434100e+02 9.072538009384795998e+01 7.055057992669024713e+01 6.163440361660668287e+01 7.629879692397777546e+01 9.365354990355530163e+01 7.742355948162916945e+01 6.066795330434321443e+01 4.370504019272330964e+01 4.746944278547326235e+01 6.784439637962161385e+01 8.394458924652845155e+01 8.627790330608647196e+01 8.847916887497805760e+01 9.687754211951640571e+01 1.078282707796453792e+02 9.578243550373244375e+01
8.699724428260374037e-03 5.782487889644186474e+00 1.181574451731503039e+01 2.340398692795683644e+01 4.346971136494052956e+01 6.282877528322748617e+01 5.277655471521259045e+01 4.445516805033258123e+01 3.758210349508353687e+01 4.308705164138732613e+01 6.655761215602519876e+00 7.149723426460262488e+00 2.634477323714106589e+01 3.284774390843008263e+01 3.771525965824174165e+01 2.108386516163137259e+01 4.469795151555415913e+01 5.917443344655686843e+01 6.682591441107089736e+01 7.517129191238566932e+01 8.527571429858562624e+01 8.854436318099399728e+01 6.833306627682638634e+01 5.410577164392477556e+01 6.833306633388154694e+01 8.854442565439339319e+01 8.009684620587722748e+01 6.146976475374763993e+01 4.109891410524512878e+01 4.240660546862369529e+01 6.205324719874187167e+01 6.661076910123418315e+01 6.550335472308528040e+01 6.777614478547747012e+01 8.727884049306820202e+01 9.765248823078459850e+01 8.785739927184262399e+01
2.249585233037712084e-03 1.996871349105417082e+01 3.205278228822797359e+01 2.581857441269288955e+01 4.606096399412673748e+01 5.445776570142103878e+01 3.446026651714376499e+01 2.501474618699501562e+01 1.910667149139257148e+01 2.854547158663137552e+01 6.970876711097641731e+00 1.084367819052688198e+01 1.090350624607014396e+01 2.291948976324844978e+01 4.280010274622880218e+01 4.218681487899736737e+01 2.899317886923327237e+01 3.572216366371635843e+01 4.501224941641100941e+01 5.669976992676029681e+01 7.726580983795852831e+01 8.731218967833071076e+01 6.933447510423549431e+01 4.917989266140170912e+01 6.933447510423549431e+01 8.485247529501452846e+01 7.170854753312949015e+01 5.134651109537750102e+01 5.508310842627737003e+01 3.758575998664547058e+01 4.156904147160182106e+01 4.605167531047603546e+01 5.089775995698479250e+01 5.777233896142125502e+01 6.831113922913705494e+01 8.924858554001157529e+01 9.578244421304005130e+01
2.739267172789772273e-04 1.395060167651705285e+01 3.202492756256744855e+01 4.419608755130612110e+01 5.374639874143123563e+01 6.280891402246129473e+01 5.264850087859821315e+01 4.105960972792577479e+01 2.479685851463434787e+01 1.235359501639059765e+01 7.297303945498293309e+00 1.913659019732963884e+01 2.866319190718792953e+01 3.697338389329597419e+01 4.631528496598397027e+01 4.618499915608662576e+01 5.044458814929932799e+01 5.917443344655686843e+01 6.682591441107089736e+01 7.517129191238566932e+01 8.527330483069324885e+01 6.696979763244736716e+01 6.480294783831600114e+01 4.464818344989105015e+01 5.621647333678664182e+01 7.653229013635260003e+01 6.085443320259663835e+01 5.244555622795541439e+01 3.503033103612636268e+01 4.639041792542060705e+01 5.567547379656468109e+01 6.661076374190673732e+01 6.289003112054017919e+01 7.478292805936841603e+01 8.727884049306820202e+01 9.765248823078459850e+01 9.550013459187957210e+01
8.327778614586212741e-03 2.000362710461709881e+01 3.133065689420847377e+01 3.800239159427349023e+01 4.634465045947097650e+01 5.643778686891100449e+01 5.385584506874715771e+01 3.419493103253189759e+01 8.442558565764452183e+00 7.773637331792259353e+00 2.173591959325464984e+01 3.191443335990908636e+01 3.733428446813937995e+01 4.103892277441224934e+01 2.834423286504556572e+01 3.280264966751391142e+01 5.058134229741823162e+01 6.335045341324568824e+01 7.106684866035753600e+01 8.023298647098233971e+01 7.533656123553397777e+01 6.365028962962708192e+01 4.669661736199132918e+01 4.066399397764816825e+01 6.075449971366833068e+01 5.830157303054271978e+01 4.991025318683927736e+01 3.267688026441126681e+01 4.649801470905407541e+01 6.319602741259952694e+01 6.578464667872356131e+01 7.913750804510469550e+01 8.411923809338790647e+01 9.304493236288078606e+01 1.044491209302103272e+02 9.920188703772785743e+01 8.612704662441957737e+01
6.510866554257996840e-03 5.553512828812696256e+00 1.132701552101700848e+01 1.799368221586089689e+01 2.799371114198134336e+01 4.802352140057868723e+01 4.557751809811248478e+01 2.097011430907530283e+01 8.229452229036605004e+00 1.613762490363809832e+01 1.477477717255891143e+01 1.482787060595103235e+01 1.820317769649875217e+01 2.228882335942232018e+01 4.103892452737550656e+01 4.538332658943418352e+01 3.990542899921896236e+01 4.571272798280068628e+01 5.430742932478288054e+01 7.239347963893801818e+01 6.696608567421178293e+01 4.669661271950329251e+01 3.539617599590232544e+01 5.526512143826094814e+01 6.420237918898075691e+01 4.399025978081160559e+01 3.039572970892367820e+01 4.991025318683927736e+01 6.085443320259663835e+01 7.521085169614980259e+01 8.482232110571517580e+01 8.453653538012433444e+01 7.687626972417373850e+01 8.589224364385992772e+01 9.430808951806479001e+01 8.240742808791270591e+01 9.257746191922336720e+01
8.953482861371391335e-03 2.000425280886388535e+01 3.133065739630811919e+01 3.800430349977289524e+01 4.636516512810136703e+01 5.641277726640525003e+01 5.405417024408662030e+01 3.592132682273682320e+01 1.526253062652130588e+01 8.669019212098541871e+00 1.071234517217021676e+01 3.346037570218054924e+01 3.741071845541016927e+01 2.788320951172192252e+01 4.685613902056214641e+01 6.313046231706164235e+01 4.992322740481807131e+01 6.335045341324568824e+01 7.106684866025526048e+01 8.023278667243063467e+01 6.439710196954429478e+01 4.351084992883824754e+01 3.229914356569047129e+01 4.758751502940614131e+01 5.415331337477157803e+01 4.580575690614033135e+01 2.875560069052134082e+01 3.816726410932494673e+01 5.223493896099486022e+01 7.259437574871810739e+01 8.246822156256642700e+01 7.409875958680356689e+01 5.485529740309910807e+01 7.412315672335981276e+01 7.531264509464061518e+01 7.032889578322249235e+01 8.662343319728756796e+01
