LEM/sinusoidal_perturbations/elevation_000607.asc
nrows	100
cellsize	150.0
xllcorner	0
ncols	100
yllcorner	0
NODATA_value	-9999
[rows 68 to 84 of 100, columns 0 to 36 of 100]
5.009162696260268353e-03 2.000500916215354863e+01 2.557773796554715418e+01 1.029175453895786774e+01 1.382728844489063569e+01 1.882728844489072273e+01 2.399126623983455175e+01 3.065793290673627780e+01 4.220493962369169338e+01 6.220522678586144139e+01 7.155699675812850558e+01 5.159342795588266029e+01 7.155699675812850558e+01 6.243800302984745088e+01 4.217431935422398936e+01 4.147147433503555192e+01 5.826286512266642603e+01 6.414543877857528287e+01 6.838093168996999793e+01 6.460680790736957135e+01 5.317084325602795758e+01 4.101208589546499184e+01 2.148164928896867920e+01 1.888358253626384453e+01 2.323746664376630733e+01 1.482267406573432744e+01 1.757814956673896134e+01 2.295455747691057269e+01 3.222917184850292216e+01 5.018919211881314624e+01 7.372395786106798710e+01 5.317299879277119601e+01 2.937520312890370278e+01 2.273459044944626228e+01 4.221049562501455199e+01 3.862567030935588974e+01 5.179685515045028410e+01
4.695337527364121070e-03 2.000469533752700713e+01 3.857637901219629128e+01 2.443389164955310733e+01 2.796942605110726987e+01 2.325537886990447944e+01 4.325546494945061937e+01 4.399134804152068767e+01 5.894298984234421823e+01 7.049053635103037152e+01 6.553775428599257680e+01 4.556721304020754815e+01 6.553775428599257680e+01 7.072413633603581218e+01 5.160660838709198828e+01 3.146421336867626550e+01 3.808293350415414835e+01 4.399349863133490857e+01 4.832734677577705895e+01 5.705413387141368275e+01 6.064991163865851576e+01 4.099057591045021809e+01 4.095270653614459633e+01 3.834024305753379025e+01 3.339556381102120497e+01 1.450614135487559686e+01 3.402917166429509166e+01 4.348220665882139713e+01 5.256668396391463460e+01 6.379851103184410022e+01 7.196856151851962125e+01 5.455741788279557625e+01 4.231918126915011413e+01 4.030642858054870459e+01 2.343218747989739370e+01 3.951699457146911953e+01 6.255035890467793536e+01
7.614146464036155443e-03 1.414974977019511115e+01 3.414974977019581814e+01 4.443401448749624905e+01 4.796957466488072441e+01 3.739752041351285783e+01 3.590449166206980891e+01 5.590472001009748482e+01 7.227739023549015940e+01 7.172664141869672960e+01 5.176261021815120955e+01 4.024351444504911512e+01 5.354810580191058733e+01 6.182030496767481509e+01 5.993331028596310261e+01 4.399349863133556937e+01 2.407981179183448717e+01 3.784800143243139559e+01 3.416215142686374406e+01 3.630200785762684035e+01 4.799502108485449270e+01 3.963626449415968978e+01 3.529359011429544069e+01 3.297393186941001630e+01 1.405444198080514973e+01 2.014537958621967562e+01 2.313314502653257776e+01 3.465547144252460043e+01 5.065983355698288193e+01 7.376867140988015592e+01 6.251562342257429350e+01 4.580847196922650255e+01 4.881063064544230912e+01 4.332439730229352648e+01 2.393008002837374093e+01 4.362311183645596913e+01 5.735871924825102752e+01
2.352828262072654761e-03 1.414448845199314775e+01 3.414448845199385119e+01 4.304381452057982926e+01 5.132808576821904722e+01 5.739779409574097002e+01 5.590472001009748482e+01 5.590472001009749192e+01 7.590587872893517840e+01 8.000380446468709295e+01 6.507196433805536628e+01 4.511205717272960669e+01 3.365013320928895268e+01 4.792010982435765243e+01 5.618627226938772168e+01 5.232461787445760137e+01 3.784800143123070626e+01 1.819403001106346807e+01 3.258864641031574649e+01 2.246748573451743169e+01 3.181269354434594376e+01 1.292044048651429833e+01 1.325801059830901529e+01 1.359207803974316597e+01 3.283082303325562634e+01 3.749061298908869588e+01 4.310558031552297820e+01 3.755929814598824379e+01 6.020844763054599724e+01 7.679393768191980030e+01 5.682706594062920402e+01 5.033253740210822258e+01 3.061196814689556334e+01 2.755119033496727710e+01 2.442646231998102380e+01 4.404316844748930038e+01 4.508977082027828942e+01
6.786455232800275850e-03 2.000678645523244370e+01 2.749680913678672667e+01 2.304381452057912583e+01 3.596894509178672905e+01 4.081965759251347237e+01 4.616488243076204867e+01 5.323595024262777287e+01 6.152022149089925307e+01 7.152022149220890412e+01 7.334728794580850320e+01 6.182030402631209398e+01 4.792010982555114396e+01 2.810233666796834484e+01 4.280318280984680257e+01 5.105886751056968365e+01 4.582562156798453401e+01 3.255711625167855061e+01 1.381158392286524084e+01 1.210303983159816354e+01 1.244137862956675100e+01 1.738797720776635103e+01 2.600712024833546465e+01 1.577046212831100469e+01 3.580113047359044742e+01 5.242319896391150991e+01 6.085908120050461889e+01 6.048041031531036538e+01 7.100404015198606089e+01 7.469603165637619213e+01 5.688778647650028120e+01 3.665650398525872333e+01 5.033191915557915763e+01 4.648156729419745403e+01 4.016480136858024963e+01 2.512034474394856431e+01 2.560392965829696621e+01
3.257643153035955173e-03 3.717164406694080991e+00 7.496809136786369621e+00 1.149680913678640515e+01 1.596894509178602206e+01 2.081965759251276538e+01 2.616488243076134523e+01 3.323595024262706943e+01 4.323595024262741759e+01 6.323595024262812103e+01 7.732061876472435813e+01 6.902266718243569699e+01 5.618627226938772168e+01 4.280318280984680257e+01 2.297063860374341360e+01 3.978854591660393680e+01 3.165826234083163371e+01 2.933793988757766158e+01 1.162560889301456868e+01 2.969061557677291319e+01 3.127947073097233499e+01 3.196833736335098664e+01 2.102707605182303752e+01 3.488638520271214816e+01 2.424298280428604357e+01 3.163888344144348252e+01 4.381458423228331611e+01 6.408389273197433056e+01 8.038239677511170100e+01 6.049365005635073089e+01 4.615959140272838113e+01 4.566838958131889825e+01 6.523173625151063959e+01 5.778246787030214904e+01 3.668294366702446041e+01 3.504166043416387311e+01 4.521872473866982745e+01
1.880098487986705483e-03 2.000188009848763215e+01 2.749680913678672667e+01 3.149680913678676220e+01 3.596894509178672905e+01 4.081965759251347237e+01 4.616488243076204867e+01 4.249481404931644590e+01 6.152022149089925307e+01 7.152022149175395782e+01 6.853908465784658688e+01 4.902374308987162976e+01 5.269361403862401971e+01 3.940193111962655337e+01 1.936244180425599737e+01 3.164994119454189914e+01 1.482065150963413380e+01 1.115020690669780556e+01 2.180788494834020952e+01 2.543246760929059036e+01 4.340542168148887470e+01 4.220255692644341394e+01 2.547257706048266712e+01 4.231680955193738924e+01 4.514788676908985110e+01 5.250814558153770406e+01 6.085908120050461889e+01 7.217419352661029563e+01 8.284297850230531424e+01 6.272950126750615851e+01 6.052011680424059392e+01 5.740563096329272952e+01 7.427932081643400863e+01 6.669650289983457014e+01 4.995281510019952265e+01 5.132391522948145024e+01 6.291923592305388269e+01
2.900726248362994839e-03 2.000290072624800786e+01 2.844563853721292901e+01 3.303948673576954320e+01 3.820761625198602474e+01 4.577643505729692919e+01 5.408852002941207360e+01 6.249481404931714934e+01 7.077908529779813307e+01 7.179905535976287467e+01 5.178428768618306322e+01 4.026834006267360877e+01 3.280045293198087819e+01 4.457226404513169626e+01 3.467856938048404913e+01 1.416933898309163631e+01 3.004726863984391017e+01 1.081184538594852285e+01 2.969203084660279757e+01 4.296989610920607561e+01 5.186360348438823564e+01 5.008439542019990398e+01 4.231869585345429385e+01 3.405115387824002227e+01 4.627172068452589571e+01 6.518988464089524371e+01 7.014469825248779955e+01 6.752582431920521344e+01 7.594677486136504285e+01 8.284297850230531424e+01 8.066491980739699841e+01 7.765606067071645668e+01 8.592050752381182122e+01 8.322560701835858765e+01 7.423597005667832605e+01 7.263021570953108608e+01 6.314954041599502688e+01
5.081304048347549951e-03 4.175369586125921018e+00 8.439383936316628976e+00 1.302769901942124697e+01 1.819168297155131242e+01 2.575122277993535747e+01 3.575456341568384033e+01 4.991945348917251124e+01 6.999111384905876321e+01 8.009818471617602142e+01 6.853908465784658688e+01 6.024352385524969833e+01 4.457226502491477760e+01 2.475828134526018687e+01 2.029030615346276178e+01 3.369152367031981754e+01 1.032888974064342946e+01 1.434357514370896070e+01 2.873384046540017422e+01 4.501139491948476490e+01 5.339786946095505726e+01 6.369753607834498865e+01 5.982836899218223436e+01 4.627172997480459316e+01 5.982836899172662726e+01 6.431572627741410031e+01 5.005544605181214735e+01 4.745766654340838642e+01 6.161424021381101568e+01 8.179765084156291266e+01 8.260584432298070112e+01 9.109833923593312477e+01 9.406861534248186274e+01 7.748750123218951558e+01 6.712597837890817232e+01 6.015092502309311584e+01 5.349674976977341601e+01
4.469920835086939326e-03 2.000446992083473319e+01 2.844563853721292901e+01 2.719980557746835004e+01 3.233876217147835774e+01 3.233872616695298774e+01 5.237637029134979372e+01 6.411569385854305381e+01 7.474166362174128153e+01 7.256158789563951927e+01 7.132121906914454712e+01 5.131670275727725539e+01 3.724782868316638229e+01 4.457225755571083425e+01 3.185750096717859137e+01 4.508816212247070609e+01 9.985669914923235524e+00 1.247088836111148602e+01 2.840525255885719247e+01 3.093954909028443012e+01 3.854890120176014534e+01 5.386647580294691551e+01 6.580128874083179369e+01 6.519140546455129481e+01 5.610958134456737412e+01 4.775493026463799140e+01 3.589168708130215180e+01 5.593945179242324173e+01 7.594502522979018977e+01 7.940792833303076748e+01 6.246482332748100674e+01 7.471262349829854088e+01 8.316237492429839051e+01 8.961227812195541276e+01 8.229664066428537694e+01 6.678820309907983699e+01 6.983912465975271289e+01
2.324776005098761877e-03 1.414445999521596065e+01 3.414420860168012695e+01 4.757052683060362597e+01 5.238009754057170397e+01 5.237637029134979372e+01 6.069139138119781052e+01 7.474166362174128153e+01 5.478475713321776652e+01 5.260042988781047058e+01 6.671172821311925816e+01 6.546892300601544434e+01 5.717586850590424774e+01 6.046255781981570721e+01 5.192055416795635381e+01 4.372499230511011348e+01 2.462037850014985452e+01 9.497513424191460274e+00 1.903033301089816121e+01 3.078842886689754721e+01 2.650370906218136824e+01 3.783712999522178677e+01 5.781922251764202514e+01 5.896908568448954213e+01 4.596482885334432922e+01 2.785539981714256541e+01 4.775488463904974168e+01 6.430773050173011995e+01 6.741997511375721785e+01 7.041777607323406585e+01 5.097984472571783954e+01 5.466631889852615700e+01 6.877704527544192104e+01 8.904237694444962870e+01 9.091079713299953369e+01 8.341416941663183593e+01 7.673112459352751102e+01
8.699724428260374037e-03 2.000869972442790612e+01 3.118739473125084061e+01 3.798946182198665866e+01 4.627631919511696168e+01 5.627797576882750263e+01 7.021966437271483130e+01 6.436859984701040105e+01 5.844691770796749353e+01 3.845422990704743427e+01 5.844691770796749353e+01 7.033438458343724164e+01 6.362347616403979345e+01 5.541675940047919369e+01 5.674139462373629073e+01 3.513872965617959920e+01 1.950001651357275634e+01 9.154993223899280608e+00 2.216501292780537824e+01 1.799520669262316375e+01 3.565605626861131583e+01 5.139399018122566076e+01 4.798158839407271614e+01 4.594423374616240352e+01 2.530256166044048172e+01 2.299855135961761121e+01 4.290421052324265361e+01 5.004619571989873350e+01 4.734217572998347379e+01 5.667232398394446591e+01 4.197184251637422392e+01 6.203422725733998533e+01 7.535974426482863464e+01 8.381895062621411796e+01 9.555353754305471625e+01 8.195654096144447465e+01 6.338934892438610547e+01
2.249585233037712084e-03 5.549251344168180111e+00 1.132275088954318676e+01 1.798938317899780870e+01 2.798901919695087770e+01 4.799007691575410206e+01 5.023179562665909259e+01 4.437613958997631158e+01 5.178268844099410728e+01 3.177899201559904085e+01 4.208432845436614400e+01 6.206794291317456214e+01 5.235517205567721533e+01 3.604852032716782162e+01 5.234591935727703316e+01 5.005522417477668995e+01 3.708778210018811450e+01 8.818922752744004612e+00 1.241657141407602971e+01 2.826111795741327626e+01 3.631462902436850015e+01 4.042527862548848816e+01 2.801261030086196513e+01 3.610892414843981868e+01 1.954256544964772857e+01 3.942219371816928941e+01 2.705027771499886313e+01 3.001011217767887373e+01 3.313216922743891502e+01 3.655892460555038070e+01 5.667232829443651809e+01 4.934592739291202435e+01 5.536854830735031641e+01 6.680978725404693819e+01 8.703920274282437219e+01 8.195654096144454570e+01 6.338934892438610547e+01
2.739267172789772273e-04 2.000027392671692539e+01 3.132280440922238540e+01 3.798954805629719544e+01 4.627631919511696168e+01 5.627797551014597133e+01 5.023179562665909259e+01 3.020940579770257273e+01 3.867186346909141292e+01 2.572022247722096466e+01 4.575134707913736776e+01 4.796427345152503108e+01 4.423267665552242534e+01 2.608591427246941663e+01 4.423267603588274000e+01 4.698729276260473853e+01 4.542818208730801643e+01 2.515598338674526602e+01 8.350040029292385313e+00 2.590809843408774782e+01 2.992769140936607286e+01 3.072467795724223194e+01 1.406161473371887638e+01 1.625932436553038585e+01 3.025346600161796928e+01 4.775696701886315765e+01 4.114695071836704443e+01 4.416472203661962936e+01 4.474232637434392501e+01 5.667232829443651809e+01 5.667232829443651809e+01 6.083479508283696902e+01 7.535974426482985677e+01 6.941915549615771397e+01 8.970159423864004111e+01 9.007291445094618609e+01 8.195654096144454570e+01
8.327778614586212741e-03 1.098034339251588776e+01 2.456321654620636963e+01 4.471056107861135587e+01 5.144528530182523696e+01 5.518797510774515303e+01 4.128352371472799831e+01 3.298596936098464738e+01 1.856443429516906107e+01 3.867186346908490435e+01 3.831356383359020157e+01 2.561585573643906955e+01 3.030326863055034181e+01 2.048522131978602090e+01 3.642174492609413505e+01 2.490302295762701590e+01 3.681451164574549040e+01 3.046150019697528322e+01 8.018357373746811234e+00 2.176157712196924265e+01 2.178623842624333662e+01 1.116867898763151068e+01 3.076619795244142352e+01 3.601304860911818650e+01 4.436423966653058670e+01 5.861032738458167302e+01 6.121883204839257786e+01 6.424562015665993897e+01 6.480759415037863391e+01 7.321039310653519294e+01 7.680269292145895577e+01 8.093980447878064410e+01 8.942534939011326856e+01 8.970159423864004111e+01 9.821874575751537861e+01 1.007053627636063311e+02 8.906942934109655141e+01
6.510866554257996840e-03 2.000646840141689609e+01 3.360831971495418458e+01 3.691506299162389837e+01 3.303619928925697025e+01 3.811950731202458087e+01 3.258775644511477765e+01 1.280418433452838300e+01 2.773275172779939268e+01 2.532085534208641775e+01 2.085614400599675022e+01 1.261060201414434268e+01 1.279621430321221531e+01 2.485912918244926217e+01 2.612924223752455788e+01 9.620104603397916065e+00 1.631451436699510182e+01 2.873805620805636352e+01 7.680604533647758636e+00 9.067092591807405455e+00 8.576852911046019656e+00 2.792284935962092618e+01 3.083985488150161913e+01 3.911417275034142449e+01 4.922272069329113720e+01 4.884318204641913752e+01 5.711858348979527022e+01 5.374915538658409275e+01 6.202279866919925411e+01 6.103204709791404525e+01 6.931060591210646749e+01 7.182361735558598070e+01 7.400716926424397002e+01 8.232060639970293892e+01 9.116253313503368361e+01 9.233267694554305649e+01 7.220326319693486994e+01
8.953482861371391335e-03 1.307271639580198208e+00 8.985421450738659388e+00 1.654313591167173314e+01 2.771034880523513522e+01 2.675647642971160778e+01 3.713784803201232876e+01 2.702341676220313715e+01 7.609124261231008823e+00 4.996785112582578847e+00 5.364017915258430413e+00 1.195278546609798198e+01 1.921925551169987401e+01 4.788483437456060976e+00 5.140814360638684022e+00 5.503683636290575443e+00 1.596541484146322532e+01 1.850904659665583196e+01 1.987718197163165001e+01 7.194315035824996762e+00 2.681378527159175817e+01 1.001184508123197858e+01 1.104762041844457343e+01 3.082090113741715243e+01 2.907804506685895518e+01 2.882890810720545005e+01 3.971818427053818823e+01 3.375696270930975373e+01 4.581125236549267754e+01 4.111526231208907234e+01 5.353101081164486885e+01 5.196210427082505134e+01 5.413230037369778103e+01 6.290761876943887643e+01 7.717670577991988523e+01 8.713918871330487548e+01 8.906942934109655141e+01
