LEM/sinusoidal_perturbations/elevation_000476.asc
nrows	100
cellsize	150.0
xllcorner	0
ncols	100
yllcorner	0
NODATA_value	-9999
[rows 34 to 50 of 100, columns 37 to 73 of 100]
2.787014384873111084e+01 4.749400802797957510e+01 4.944605522910317319e+01 6.516890760429542695e+01 5.706025604638627868e+01 5.946718051883324563e+01 5.626784856768010457e+01 5.633843389283129710e+01 7.047442299973806712e+01 7.047442299974267144e+01 7.787119609819106358e+01 9.572491056104618679e+01 1.002324527784931689e+02 9.840291432895570267e+01 7.880488871549250973e+01 6.753055533232252117e+01 7.786852633571656668e+01 7.786852466209717250e+01 9.685227168289246436e+01 1.039249789434629889e+02 9.018964059758430096e+01 7.047472749276730042e+01 6.982600058717893887e+01 5.836977483331529015e+01 3.845286105574787427e+01 4.950522119279844446e+01 3.604608149414224982e+01 3.660829312861093854e+01 3.720352433691535765e+01 5.709975616518160990e+01 5.181092953218848152e+01 5.283585619721900173e+01 7.266720375380312191e+01 6.605296960534333550e+01 6.458770679035099249e+01 8.424909127834831679e+01 9.359947321085115846e+01
4.749401109673309662e+01 2.991903756950975435e+01 4.944673888567061937e+01 5.373086776717040181e+01 3.763305347193992390e+01 4.004925675597241508e+01 4.255294336979545022e+01 4.514599705150281750e+01 5.155369523968009560e+01 5.941559396065393628e+01 6.754897493211660731e+01 8.171153232665251664e+01 1.014808729824173668e+02 1.066686512152907085e+02 9.529331780885698322e+01 7.880488871549250973e+01 9.529331780885698322e+01 9.751444300550492983e+01 9.821073307645346517e+01 8.419930973956415698e+01 8.439031997196113366e+01 6.471070035942818777e+01 5.071540112995157301e+01 4.175771459671010177e+01 5.836977483331529015e+01 6.308571981435093790e+01 4.760394744278495693e+01 5.652226055424899442e+01 4.179991777777398454e+01 3.804723509497345191e+01 3.865461530740828522e+01 5.857469043673658149e+01 6.356251738691003794e+01 5.246237004013817540e+01 6.605296960534333550e+01 8.572283533138478617e+01 9.710399818371661240e+01
5.754622848333525553e+01 4.944674012231933347e+01 3.194724295604311948e+01 3.428558684081162511e+01 5.373086780905450865e+01 5.145119821292085049e+01 6.197262275971475276e+01 6.456449997283496600e+01 4.936444111366029830e+01 5.320477090530679476e+01 8.005973562377498354e+01 9.251242812371864943e+01 9.251242812371864943e+01 1.122767594142652854e+02 1.066686512152907085e+02 9.840291432895570267e+01 1.023616934789269095e+02 9.410442243146567876e+01 8.670986847158251010e+01 7.041314179195916267e+01 7.705651918063476558e+01 6.514411530456492017e+01 4.531499969524374904e+01 5.584557060833079589e+01 6.982599812945143469e+01 7.565100168922948853e+01 6.742913727296557624e+01 6.234732601214177805e+01 4.237498889130630175e+01 5.797529875312448411e+01 5.857469362809990798e+01 3.951778148269411872e+01 4.465694233178183481e+01 6.356251750136512157e+01 8.000480711022362357e+01 8.859112863394724968e+01 9.649254502892127050e+01
5.694106195966840289e+01 4.320049720003482463e+01 5.142429245927451120e+01 3.453240729048703628e+01 5.398365137935126512e+01 7.043238737912358260e+01 7.885036882369742273e+01 6.888910896607396239e+01 6.888910896607396239e+01 5.411041266630904545e+01 7.353454104816366055e+01 7.299368278781935260e+01 9.095434905401242531e+01 9.908398723971319555e+01 1.104087739971362936e+02 1.080997799711515341e+02 8.830735552826730839e+01 7.454027159736700980e+01 6.716521247368903857e+01 6.059930209736595685e+01 6.888957726893805500e+01 4.914224981678027149e+01 5.285754890851555388e+01 7.240739277467363877e+01 8.342704950661243402e+01 9.006877068587046153e+01 7.868235881282032551e+01 6.559659988958424037e+01 4.560429824003334431e+01 6.559659988479367598e+01 6.762907366939386122e+01 5.943625003713183474e+01 4.039066789988175543e+01 6.030237208030977314e+01 7.303368619899518421e+01 6.838165845501490026e+01 8.837459268662757950e+01
6.265795702244653143e+01 6.265748988596894975e+01 5.581537635610234105e+01 3.643418940478693457e+01 3.716829284964476443e+01 7.034659745255380869e+01 8.247907458575436124e+01 8.845066671748911347e+01 8.167078522571938493e+01 6.530386143951301392e+01 5.929785218454686202e+01 6.374439298835362422e+01 7.163729367133161929e+01 8.277512547060013048e+01 1.022132057744371849e+02 1.139734223567195670e+02 9.410442243146567876e+01 9.111597486159554649e+01 8.292008410183697720e+01 7.278851188081161183e+01 5.309985719732770804e+01 6.888957726893805500e+01 6.262092463561634048e+01 8.058585041173201091e+01 9.553302481296343274e+01 8.183836982742121791e+01 6.217381891947708539e+01 5.063202972771259880e+01 6.548943305930522740e+01 7.379544251493723550e+01 6.952899179034244526e+01 4.961455422348024769e+01 4.100993503078042579e+01 6.081402388227307654e+01 5.311201927311930149e+01 7.278189192914589967e+01 7.493493887452818569e+01
6.651070103971868264e+01 5.902755148075763003e+01 3.921196004877318586e+01 5.491448813823570418e+01 4.358196174291264668e+01 5.475883747673719881e+01 7.434227649253203651e+01 8.968172847226698252e+01 9.296229237000434864e+01 8.477785848399106783e+01 6.897762268063411284e+01 8.314633767162072786e+01 7.198755576766612307e+01 8.542279908566693791e+01 1.037527033545080855e+02 1.113326532656854368e+02 9.990215151106384894e+01 8.292008410183697720e+01 6.336448330041113763e+01 5.807315768733352002e+01 6.704696389717614124e+01 8.095734815911259830e+01 7.607447849156778830e+01 8.979260349203470071e+01 8.728079840995941652e+01 6.765913814899080592e+01 5.624053539310246208e+01 7.048529520188199626e+01 7.861117479717907486e+01 8.760864988362656902e+01 7.383069364036923332e+01 6.289398519059115245e+01 4.225970596604005891e+01 4.191255694455230696e+01 6.181821922836299166e+01 6.752829046498024468e+01 6.349028524725562761e+01
6.094129453020758547e+01 4.735556508598448744e+01 4.122097480528636027e+01 6.048753730482938806e+01 6.312819895466709852e+01 5.341540162670518299e+01 6.209552371374914514e+01 7.580993292131130090e+01 9.535402975178409690e+01 9.663511125395957890e+01 8.844355919226778440e+01 9.663511125395957890e+01 8.544165536506508829e+01 8.309731410646485017e+01 1.028186718588000303e+02 1.030321997752482162e+02 8.333375646287480265e+01 7.211782137415742966e+01 8.243755102997330653e+01 6.287786331828839792e+01 8.243755102997330653e+01 9.486773242104871429e+01 9.529702434392218890e+01 1.010438424651886322e+02 9.275486866002700026e+01 8.013402365523495519e+01 6.050446823452224265e+01 8.013861815106734809e+01 8.928514347743191593e+01 7.767241767781590056e+01 6.055199762872905467e+01 4.591730972528062438e+01 6.301697222128156994e+01 6.098892660061398630e+01 4.282060040998896255e+01 6.146621293949683462e+01 5.896283672912198881e+01
6.094149830529915590e+01 6.651075893463418254e+01 6.064537082093134757e+01 4.429095796421140818e+01 6.371966108880440771e+01 7.284095132488245383e+01 8.095751486675575848e+01 8.968008960128791784e+01 1.012436395637081858e+02 9.292624862870572144e+01 1.001097130075250590e+02 1.079536259076969031e+02 1.037601358017015372e+02 9.415030359989256681e+01 1.107114928599859240e+02 1.056208083622337170e+02 8.587625137669182607e+01 9.165929822623283485e+01 7.333267322716893943e+01 8.243755102997330653e+01 7.416531215689407475e+01 9.373763947677275610e+01 1.067777216611168853e+02 8.694821787155440518e+01 7.317490600537418288e+01 6.727795989555953327e+01 8.013883517839444437e+01 8.836441460301251993e+01 8.108544382079838897e+01 6.146409417145887488e+01 4.983417006529050042e+01 6.636445796267605601e+01 7.448985235152444773e+01 6.523955624421478205e+01 5.105519738665746132e+01 4.374587719522375551e+01 4.440690738063143073e+01
7.996804719597002986e+01 7.081524628037331581e+01 5.137172976766716204e+01 4.673428572735085851e+01 6.617084947521783533e+01 7.293427243622231515e+01 7.628487681084554595e+01 7.894982411331470473e+01 8.432868634895031335e+01 7.305699711137776831e+01 7.997436536854367262e+01 9.147761026548774055e+01 1.119013846412253770e+02 1.132746281663502259e+02 1.213168866908394676e+02 1.139280516454358008e+02 1.056208083622337170e+02 1.011420152218839377e+02 8.304629210241670023e+01 1.011420152218839377e+02 8.539531159089987966e+01 1.019907658190929709e+02 1.041741493179584381e+02 8.439758582898321038e+01 8.685200715194874022e+01 8.107526534455585931e+01 9.511190267673487142e+01 9.798926552817214031e+01 8.407965861740319724e+01 7.222475180870144129e+01 5.248315763149805235e+01 6.394583706555236802e+01 8.353391361384446157e+01 7.952861704964128364e+01 7.078691644524647586e+01 6.367311624358768540e+01 6.428155339984962779e+01
7.051406410243100709e+01 5.929675807634012585e+01 7.082132964253098351e+01 6.617069181615147500e+01 5.027155038345333082e+01 5.345787830857288725e+01 5.678605933714020892e+01 6.027714567423618064e+01 6.474319853459149954e+01 8.432873884142794907e+01 1.001097130075250590e+02 1.085518472938921519e+02 1.203313283929579427e+02 1.172189256870728400e+02 1.255916089853072037e+02 1.240474089473431292e+02 1.156729369931936162e+02 1.110388948265217977e+02 1.027396455143885419e+02 1.110388948265218261e+02 1.051334712955744521e+02 1.134399356464867594e+02 1.004869811605957040e+02 1.041741493179584381e+02 1.066725993697615564e+02 1.008008065172861478e+02 1.020076294214385797e+02 8.808760856856315513e+01 7.017005170663442470e+01 5.625559812278159910e+01 7.222475180870144129e+01 8.039383275536893336e+01 9.174112834792613569e+01 9.820459630920038308e+01 7.954483263037035101e+01 5.991487066056519950e+01 5.362573010258687134e+01
7.877191102706453307e+01 6.798462631638894038e+01 8.692286965208054994e+01 7.387716992916827508e+01 5.440528323623957618e+01 7.293427243622231515e+01 7.628503548460621175e+01 7.979908996897823670e+01 6.945347660242047994e+01 7.707866931751475192e+01 8.839789854817976789e+01 1.082876763226332741e+02 1.138601646290742764e+02 9.685555636668311763e+01 1.138601646290742764e+02 1.156729369931936162e+02 9.535389906652284253e+01 1.013052074880581301e+02 1.097006540069330356e+02 1.055134180307064327e+02 1.139027216530478483e+02 1.289764814046193067e+02 1.205801662140603270e+02 1.143025461815236099e+02 1.051953725684687697e+02 9.663614754889475478e+01 8.980627435671085834e+01 7.416758771568784425e+01 6.031971677015443589e+01 7.590551927952178346e+01 7.017005170663442470e+01 8.975216288053742630e+01 1.039290837647799464e+02 8.424495972755273954e+01 7.043119797665808335e+01 7.954483263032918217e+01 7.329638810379346126e+01
9.568294986102192468e+01 7.920646413217491499e+01 8.769371105748093953e+01 6.815447582690873674e+01 6.815446993636021489e+01 6.175098020470220206e+01 8.124245174245896806e+01 9.596637131936994081e+01 7.633422878483169427e+01 9.596637131936994081e+01 1.050748952468006365e+02 1.165803210572649533e+02 1.054621289283380747e+02 8.505839885359485208e+01 1.054621289283380747e+02 1.203765180957129246e+02 1.013052074880581301e+02 8.101991286894960353e+01 9.116256017850376736e+01 8.521824022478448057e+01 1.055134180305969522e+02 1.165368826967279858e+02 1.204002875909241368e+02 9.977719451981873533e+01 8.550313451768532502e+01 7.727745368722173680e+01 7.101209291131857526e+01 6.505403633705333277e+01 6.776858345904219050e+01 7.990292489990640945e+01 8.975216288053742630e+01 9.798926552817232505e+01 1.097453547206994386e+02 9.001030617633941233e+01 9.001030617633941233e+01 7.986403861410360605e+01 6.809430567985180005e+01
1.070500435647759048e+02 9.882683133975362466e+01 9.588274600431823558e+01 8.769339760290328911e+01 8.769252828887107398e+01 7.147312029349212992e+01 7.147312545685214502e+01 9.100694654954611451e+01 9.596637131936994081e+01 9.016017416210286228e+01 1.099837712422562248e+02 1.121596033052714176e+02 9.179927823502943340e+01 7.785465717883793957e+01 9.824832097966270794e+01 1.119968607280428330e+02 9.169092912918591765e+01 8.001593345354486075e+01 7.097113637643549566e+01 9.116256017850376736e+01 1.048135544604536875e+02 9.623148261064682174e+01 1.105704330367353379e+02 1.143025461815236099e+02 1.016135350181046988e+02 8.194804039117305194e+01 7.082174876386329743e+01 8.456754544428773102e+01 7.646208957867025902e+01 9.549891894062778874e+01 1.078471828851680527e+02 1.053575416439485792e+02 9.718632000600936749e+01 9.798656949412355743e+01 8.418855389440884096e+01 7.175824818968145280e+01 5.207962933250841786e+01
9.204489906690753287e+01 8.369566975168361012e+01 8.481627674200451850e+01 9.320588184321594838e+01 9.916561980900195294e+01 8.524516274815891848e+01 8.270520360077730970e+01 8.739427331574330537e+01 1.070687740460234494e+02 1.099837712422562248e+02 1.182571464115672910e+02 1.067163353686141392e+02 9.179927823502943340e+01 7.145790955435192870e+01 9.179927823502943340e+01 1.067163353686141392e+02 1.017158270264816906e+02 8.594915697037480129e+01 6.580957790022532095e+01 8.594915697036044833e+01 8.453185917671270033e+01 8.190242881272446596e+01 9.623148261064548592e+01 1.165368826762918815e+02 1.099322555731492201e+02 9.473341120405810045e+01 7.525334525745134329e+01 9.473329575848455875e+01 8.765684805095345666e+01 1.043031431500683652e+02 1.084724121013899207e+02 8.892432717328937031e+01 7.779778320124174229e+01 8.682270382418310817e+01 7.039016738596616563e+01 5.647712357070209777e+01 6.966788328623660220e+01
8.044757850773291352e+01 6.363842870564131005e+01 6.474334772922327375e+01 7.892388701443145749e+01 9.910950816297092558e+01 1.048791763110645547e+02 9.655011864777171127e+01 1.070687740460234494e+02 1.059331514937723284e+02 9.748243911988089394e+01 1.059412919063494201e+02 9.830713891643172531e+01 7.793825694258701731e+01 6.629791219946778824e+01 7.793825694258701731e+01 9.830713891643172531e+01 9.332186018187512389e+01 7.311493118408111513e+01 6.154574759059760680e+01 8.144556836283193491e+01 7.028800072757340445e+01 9.047223019657261034e+01 1.031375472678958403e+02 1.132829668128560883e+02 1.109673197498817956e+02 9.108492351574412282e+01 8.063706154937811732e+01 9.461137904544801813e+01 1.074555531380264028e+02 1.157878108860336113e+02 1.166947825954475917e+02 1.053575416439485792e+02 8.682271434743169891e+01 6.742371146899178314e+01 6.116947976953078125e+01 7.608876299195063098e+01 7.039877826702711161e+01
6.391237911883197143e+01 5.202510799625046900e+01 6.623970765326990318e+01 8.630121133573203451e+01 9.445086301552913710e+01 1.028053571268857382e+02 1.162720014271093305e+02 1.058048019369351920e+02 9.576687020144140661e+01 7.719945932013047241e+01 9.576687020144140661e+01 9.831369544276095951e+01 8.223000541143758824e+01 6.208108264591250958e+01 8.223000541143758824e+01 9.290377564841880087e+01 8.228413044555570366e+01 7.391485478798298914e+01 5.762128416688275934e+01 6.133731824676802802e+01 6.633689562358848946e+01 7.451204860180811806e+01 8.458738697996048472e+01 1.048920019121821809e+02 1.193141398330715361e+02 1.005523739379796240e+02 8.759943987232676932e+01 1.076365688125501094e+02 1.229952801533654281e+02 1.162231892771051776e+02 1.074427276895886507e+02 9.925737972610629356e+01 8.628980942625216244e+01 6.688529715969886524e+01 8.068820928627135913e+01 7.909543044086568386e+01 5.759471131769701202e+01
4.376007097017495084e+01 6.391237911883197143e+01 7.598570580281331388e+01 8.177125144124411804e+01 7.440263680504213539e+01 8.856288135683939799e+01 1.086657081909418281e+02 9.697660804945374480e+01 7.652440336944221144e+01 6.719461271151833159e+01 8.733923765462623123e+01 8.989953790514704224e+01 6.963572636620752121e+01 5.813933598682907444e+01 7.820022085790255062e+01 7.864336388096809571e+01 6.438296222029529758e+01 5.384887403266309747e+01 7.391485478798298914e+01 8.144556836344672490e+01 8.648179261006792728e+01 7.636090764250921836e+01 9.660267757762652252e+01 1.132829668128560883e+02 1.290582761409332022e+02 1.160022658950699963e+02 9.755170575430976498e+01 1.160022658950699963e+02 1.194016877756859571e+02 9.964496899467707181e+01 8.845691329365894262e+01 7.987889235098056417e+01 7.306479964028972063e+01 8.628980942625216244e+01 9.440547466171146596e+01 8.782760005194298003e+01 7.690965986241829455e+01
