LEM/sinusoidal_perturbations/elevation_000719.asc
nrows	100
cellsize	150.0
xllcorner	0
ncols	100
yllcorner	0
NODATA_value	-9999
[rows 68 to 84 of 100, columns 37 to 73 of 100]
4.893889147286980545e+01 4.514019272671996674e+01 5.481238893913882748e+01 7.310192713360569883e+01 7.965662402186134727e+01 6.970386405058236790e+01 6.144683729707894315e+01 5.399343939260833025e+01 3.417985771687320096e+01 4.822277751018638270e+01 2.933655530745354767e+01 4.327287687165637209e+01 6.315152225479182846e+01 7.852619948014576323e+01 7.852619948033563446e+01 8.679425677897062030e+01 7.891336343491457228e+01 5.899254378460509685e+01 4.482033041412053365e+01 4.250580911525990757e+01 3.626691586418827029e+01 3.691526291137908800e+01 3.757517449980468172e+01 3.823987295349937199e+01 5.832470667614360593e+01 6.012851795581937608e+01 6.087133187817683222e+01 5.137926181984676077e+01 6.794601926265804082e+01 6.056342952838869564e+01 8.010205741255261103e+01 9.552983506664700997e+01 8.110251608162599268e+01 6.137055906925697712e+01 8.110251201583922409e+01 8.368599215138814884e+01 7.551297272742878874e+01
6.393405710087954930e+01 6.465581348862235700e+01 7.313451096106885529e+01 8.340717003981183097e+01 8.552675487565262813e+01 6.574068647160198964e+01 5.174714218165330948e+01 4.028987891487669515e+01 5.399396694036936140e+01 4.964522647588122339e+01 2.988486844758677563e+01 4.383831177764623277e+01 6.367269181155143798e+01 5.860484635244422691e+01 5.860484635244422691e+01 7.852619948033563446e+01 7.892520153817611117e+01 5.899352335737664532e+01 5.876835785991017502e+01 6.286297821811527342e+01 5.639942995781808577e+01 4.175090120879706035e+01 5.751270366155677749e+01 5.506728495632452791e+01 3.925853265096610301e+01 3.998623210140599582e+01 4.071703590226850622e+01 4.145020242906801400e+01 4.886524990015936254e+01 6.155350039447844779e+01 7.813050867104718122e+01 7.898998494261138603e+01 6.586880790664395136e+01 5.725281931447538852e+01 7.669013441704997547e+01 7.172838297857185808e+01 5.543582893849451665e+01
7.295205762530534344e+01 7.389270220366226738e+01 7.387944980698399888e+01 9.354184495221873874e+01 7.852812553850925781e+01 5.875110328628758083e+01 4.731368269651948566e+01 6.011085207827213850e+01 5.856742706460660486e+01 3.189758652426763064e+01 3.043235982215112756e+01 5.021703643374681292e+01 5.502705952815647095e+01 4.447250225307103477e+01 5.860484635244422691e+01 7.852619948032884167e+01 8.717498695177377499e+01 7.892520153817611117e+01 7.881122542636137496e+01 6.917908947769376482e+01 4.913170776102396076e+01 6.187451867425409802e+01 6.818858301938195154e+01 4.826536701159903942e+01 5.940196056139636482e+01 5.425822403436421126e+01 6.086939890389328411e+01 6.161374215697328083e+01 4.249830130367647740e+01 6.267108972028581348e+01 6.919480850382521453e+01 7.066851342868677932e+01 5.226932024348678141e+01 7.025225375644538417e+01 6.881209246461891382e+01 5.180884665215658202e+01 7.166851599228448322e+01
6.255067880220870791e+01 5.424169552069147215e+01 6.811531985913040899e+01 8.784053701484630494e+01 8.672941828398357700e+01 7.281940861347037242e+01 5.304093962703720422e+01 7.281940861347037242e+01 6.673750564572681299e+01 5.682027607017836601e+01 5.021702050488787705e+01 3.120611851904954293e+01 3.598171785029505543e+01 5.491483118818707965e+01 6.164626423979706260e+01 8.120493843369484921e+01 7.895561381747964447e+01 8.726459160602716736e+01 8.870835210220344891e+01 6.892057739205964140e+01 5.475636356195060017e+01 7.471764759745036599e+01 7.535410553919876975e+01 5.539971096287413843e+01 7.535369086809453165e+01 7.430570615783707922e+01 6.688908916867069365e+01 4.676353978663110667e+01 6.254386506273299062e+01 4.358784758513746027e+01 5.959102880681973602e+01 6.485972296405429915e+01 4.947308520772209306e+01 6.365642354094065780e+01 4.827968192340416920e+01 4.913425464538763521e+01 6.966059555492222444e+01
4.290327093366028777e+01 5.169125925351916351e+01 6.300642577284711621e+01 8.271472649109819031e+01 8.680713738295284543e+01 6.702550165035432883e+01 6.293341610546613651e+01 8.101814114537994271e+01 7.696222006039616303e+01 5.711393846899292015e+01 4.283921344808285170e+01 5.102587076732318394e+01 3.198997009791337121e+01 4.191963016825171451e+01 6.175114758758316924e+01 6.479122242311252933e+01 5.892413940480504664e+01 7.895561381747964447e+01 9.075826075615005095e+01 8.133292850466060031e+01 6.148708578302951366e+01 8.133292850466060031e+01 8.361233192662862734e+01 6.694163521675912421e+01 8.360200238944933915e+01 7.123030689468197352e+01 5.120216672337001285e+01 6.688949085812460282e+01 6.375770321092092985e+01 6.254038628482943096e+01 4.468734554741678977e+01 4.546966554456994913e+01 4.626894754951271693e+01 4.709292287199173188e+01 6.782718397236133967e+01 6.961529637756312638e+01 5.045797967666181449e+01
6.255067880220870791e+01 7.073004984675304740e+01 7.953502015336556497e+01 9.093806350901002133e+01 9.501078064040544291e+01 8.680713738295284543e+01 7.690467007120896881e+01 9.090900415209374330e+01 8.278044090924073828e+01 6.292736618223237599e+01 6.206086472161057799e+01 4.871310476652305965e+01 3.254968259874393510e+01 5.237678277962873352e+01 5.678152170013071043e+01 4.440445756010034017e+01 5.232076098829957544e+01 6.240075644649192554e+01 8.244061955331237357e+01 8.953460733454193132e+01 7.146190178648022595e+01 8.953460733454193132e+01 9.512416660711058114e+01 8.684837370345631768e+01 7.971924519282755739e+01 5.981061661087153425e+01 5.496901602917057517e+01 7.489415213386448045e+01 8.368391998707843982e+01 7.475188751485025307e+01 6.609282037707608026e+01 5.002679784132143226e+01 6.921475478560196848e+01 7.070142463512624431e+01 7.541110145118480546e+01 5.555980870518393999e+01 5.805049732402184048e+01
5.729939089674807207e+01 6.264534633901797633e+01 6.857385509696405279e+01 7.537359492051777465e+01 8.379552296243373632e+01 9.396807278272129338e+01 9.670960464660990397e+01 9.424993894825398399e+01 7.433140120283208319e+01 6.034105305713014644e+01 5.801111754453377500e+01 3.818228687948437994e+01 5.241934613888991379e+01 3.336459240786134473e+01 3.687086507667066115e+01 5.679665491089508578e+01 7.241373605960578175e+01 8.073236895870701346e+01 9.075826075615005095e+01 9.941889821136332728e+01 9.120395522284107415e+01 9.941889821136332728e+01 1.037364117148378710e+02 8.380752337345546721e+01 6.979371497603546004e+01 7.971924519282755739e+01 6.255203342145243539e+01 6.129554748226372851e+01 7.764407047739459244e+01 9.422277065924160411e+01 7.183056233213693531e+01 5.471295890045995947e+01 7.497864832367551458e+01 8.021820833003617679e+01 6.056476383549621545e+01 7.547474412186922166e+01 7.841120136201202229e+01
3.647459922586180170e+01 4.194054994369111711e+01 4.803689833592138569e+01 5.497437545353727728e+01 6.519576053922830283e+01 8.555142931113627469e+01 9.669165683459424088e+01 8.673314496317688338e+01 7.845230221845997676e+01 6.397888957315797143e+01 4.418602891983596948e+01 5.801111754453194891e+01 6.148073062532520083e+01 5.324754044102618877e+01 3.419981991269763455e+01 5.408382484413193225e+01 6.355722452920886667e+01 6.982058273807648163e+01 7.728448808399494396e+01 8.581511388128531337e+01 9.741596631455260535e+01 1.076326535313325081e+02 1.059327253899598560e+02 8.598387763607274792e+01 8.380752337323001200e+01 9.066132980494894866e+01 7.143742449794235938e+01 8.105432863789225451e+01 6.807911608277287030e+01 8.782821299419430261e+01 8.019707067284518587e+01 5.998620782103435545e+01 8.019707067284518587e+01 8.831602588042220248e+01 8.021820832868274920e+01 6.576402905148903244e+01 7.811860600694075174e+01
5.729939089674807207e+01 6.264534633901797633e+01 6.857385509696405279e+01 7.537359492051777465e+01 8.379552296243373632e+01 9.396807310241273115e+01 8.837987270154944497e+01 6.852473173537033801e+01 5.866097569916367149e+01 5.167505190758252809e+01 5.817673866687687223e+01 7.222108384037082374e+01 6.376333824571258901e+01 4.548546832390780992e+01 3.479640179401701516e+01 5.290003160926005421e+01 4.388340625303986542e+01 5.027308574418211862e+01 5.778437901916861108e+01 6.899979727172340915e+01 8.883866379785480660e+01 8.730150062359359708e+01 1.015674560546316343e+02 1.059327253899598560e+02 1.037364109585413701e+02 9.955190964867773573e+01 8.284435352125140639e+01 9.293315738617819477e+01 7.316179277270968839e+01 9.293315738617819477e+01 8.602681182673036631e+01 6.583199607972184708e+01 8.602681182673036631e+01 1.010313878284527078e+02 8.166303517276081436e+01 8.521719410686979757e+01 7.146402442756796347e+01
5.939187186955466302e+01 7.365736812086787211e+01 7.497780503151861353e+01 8.340520057138741095e+01 8.228107347979792507e+01 9.070892067987247742e+01 9.669165683459424088e+01 8.673314496317688338e+01 7.145501162322413791e+01 6.307718669017307178e+01 7.798652098203700689e+01 7.170738080537324777e+01 5.901608143579184684e+01 3.938294143649186196e+01 5.241312133322706046e+01 3.566168998391345468e+01 5.631053354643863429e+01 6.941498183911843967e+01 7.728448808398761116e+01 8.032038765119739310e+01 8.875593162724396734e+01 7.247739389573615654e+01 9.128256594100147936e+01 1.011481520018615328e+02 1.093796697657011094e+02 1.110784183463840549e+02 1.027493952771206551e+02 9.865558722197008024e+01 7.883250878529092631e+01 9.865558722197008024e+01 9.279435160137822436e+01 7.249173227743462178e+01 9.279435160137822436e+01 1.091864739399161550e+02 9.672710305934813846e+01 7.757316706989935540e+01 9.070305470491206279e+01
4.512637504253464726e+01 5.909545004516720468e+01 5.473396897712348164e+01 6.791702468394754533e+01 6.196724086211743554e+01 8.228107347979792507e+01 9.825322897357445129e+01 9.965672642362851263e+01 9.119356673416589842e+01 8.289933331023065932e+01 7.673473154721352785e+01 6.360705421060251297e+01 4.412104471697375629e+01 5.858650988162600726e+01 5.593852066272657453e+01 3.627779606681288982e+01 4.741522798301799924e+01 6.192996959745187269e+01 6.523051897862136173e+01 5.952094630723569679e+01 7.169387595549108028e+01 6.196410721434646263e+01 8.286687566832300433e+01 8.060049151309263493e+01 9.711027249664063277e+01 1.053719922309214354e+02 1.154419326625406512e+02 1.052933275471846741e+02 8.538010657154066507e+01 1.052933275471846741e+02 1.014963802836301028e+02 8.245278446469690437e+01 1.014963802836301028e+02 1.148428264782638308e+02 9.556382713618594948e+01 8.207423937005611947e+01 1.012105153089896561e+02
3.549210620101570868e+01 3.903692993037116565e+01 4.317356601144837214e+01 4.774838249973172566e+01 5.777807217773573001e+01 6.943659283477062161e+01 8.983027518460252736e+01 1.023206097788675351e+02 9.096302649619325109e+01 8.223721744659388833e+01 6.862213083437698913e+01 4.919882288867801634e+01 6.360705217988481053e+01 7.094667284741497326e+01 5.676488780901086528e+01 3.689332518401062089e+01 4.922214276694234769e+01 4.323352987386342505e+01 4.553010569655057793e+01 4.810635245619795342e+01 5.112166064772905116e+01 7.169387595547993897e+01 8.187403583744570312e+01 6.832371079282016524e+01 7.640642764353765415e+01 8.695984000117046264e+01 1.072607049921294333e+02 1.136374121905673888e+02 9.525634178305459443e+01 1.136374121905673888e+02 1.119116686816168595e+02 1.031359187380594733e+02 1.119116686816168595e+02 1.148428264782638308e+02 9.556382713618594948e+01 9.307653425513645118e+01 9.223948291856356718e+01
4.249740060601006064e+01 5.901930321368287480e+01 5.166733002871990266e+01 6.791702468394753112e+01 5.777807217773573001e+01 6.943659283477062161e+01 8.983027518460252736e+01 9.410633758443651686e+01 7.450032602515119606e+01 6.336959547174992480e+01 5.472478794969238436e+01 6.862213083437698913e+01 7.673430539089262936e+01 7.041132606944320571e+01 5.910695009408892275e+01 3.750750207067907382e+01 4.005645525134088558e+01 5.846533783895285552e+01 6.523051897853864034e+01 6.222604395159992663e+01 7.169387595549110870e+01 5.659125511568517908e+01 6.084990018803569711e+01 8.187403583745513913e+01 8.174705370066055821e+01 1.022558673103461757e+02 1.154419326625406512e+02 1.236903534091376144e+02 1.153303133113146828e+02 1.236903534091376144e+02 1.168110501441354216e+02 1.085079825782939480e+02 1.168110501441354216e+02 1.229708605832083776e+02 1.148428264782638308e+02 1.066310112977132860e+02 1.019813513149723150e+02
5.249254908215593929e+01 7.116450500326624251e+01 6.328327824973607107e+01 8.023523990746879520e+01 6.943659283477062161e+01 8.648888653298855900e+01 9.825322897357445129e+01 9.837366025637871303e+01 8.095805161005038997e+01 6.156949871626684256e+01 7.410316299575616483e+01 8.223721744659391675e+01 7.149352719144924606e+01 5.170742748262949817e+01 4.462701756018872601e+01 3.813527463475249135e+01 5.779369985099221907e+01 5.817791122605886045e+01 7.823989711182399276e+01 8.300419875259115088e+01 8.596113807705276599e+01 7.749020051146547416e+01 7.308252940091632865e+01 9.030389229170808107e+01 9.638618601509610073e+01 1.104806940557816972e+02 1.208021206008596948e+02 1.124802630509818187e+02 1.208021206008596948e+02 1.113543695348204920e+02 1.030827744434128732e+02 8.884502016343438413e+01 1.045880107883481429e+02 1.115509460859477855e+02 1.198733181787293347e+02 1.260603746260785840e+02 1.159032620313155348e+02
7.294209639868587658e+01 8.171337358472543144e+01 8.353606658933726692e+01 9.184739214989191680e+01 8.983027518460252736e+01 9.825322897357445129e+01 1.015631542255173230e+02 8.182415787353436087e+01 7.063205055735120652e+01 7.118529065256021227e+01 8.912645702336955367e+01 8.596160279836676921e+01 6.550065406892603903e+01 7.141144344089983065e+01 6.389589602162722315e+01 5.748482659436572106e+01 3.902979260529638594e+01 5.954948673889688848e+01 6.901377085836045921e+01 7.477036876479098737e+01 8.242166120171111743e+01 9.122705582394833357e+01 9.388345696730326040e+01 1.021848752214147709e+02 1.164265315001462398e+02 1.103031507403654814e+02 1.108804942877952158e+02 9.273952361539249978e+01 1.108804942877952158e+02 9.997620679037623859e+01 8.348367660058683271e+01 7.913413089242884269e+01 8.498175210590126483e+01 9.185679102236427696e+01 1.031348733278405518e+02 1.230475152736204052e+02 1.349486944733201312e+02
7.292551115626731928e+01 8.138042893649512166e+01 8.383580437920076633e+01 8.606931788834290842e+01 9.450435550194720236e+01 1.041273607856363270e+02 1.097911279999361369e+02 9.837366025637871303e+01 8.182415787353436087e+01 8.494172768280560604e+01 9.893880673531103298e+01 9.474410554590077993e+01 8.596160276938852007e+01 7.965745094926008107e+01 6.055412229865800100e+01 5.934759071969952515e+01 3.967305123562150015e+01 4.091632504044789442e+01 4.844655597826724858e+01 5.511917643186573912e+01 6.235857760240035930e+01 7.361021375176351000e+01 9.454027563010781421e+01 1.069691330391657687e+02 9.851353926413062823e+01 8.988294466202964372e+01 1.026098933331872445e+02 8.300716125959590386e+01 9.280852729639150311e+01 9.176723002798243556e+01 7.228067394365646692e+01 9.176723002798343032e+01 1.045880107883481429e+02 1.115509460859477855e+02 1.198733181787293347e+02 1.314211369433859602e+02 1.355575311239817609e+02
5.261672730141653176e+01 6.509208660102787292e+01 6.344447231525501962e+01 6.567442208845604057e+01 7.529125755888095739e+01 9.144735647109547472e+01 1.016552610327074859e+02 1.097911279999361369e+02 1.015631542255173230e+02 1.047068998099963721e+02 9.964024819326512272e+01 9.136736707056854812e+01 9.232745413687651137e+01 7.276088386758475224e+01 6.073554345034269630e+01 4.059853863813545871e+01 5.985826526727415597e+01 5.299931256784646649e+01 6.901390133980409303e+01 7.477036876479098737e+01 7.477036876638253204e+01 9.122705582394833357e+01 1.033808790295947944e+02 9.851353926413062823e+01 7.815108003044632312e+01 7.551440362263750217e+01 9.256010653480659300e+01 9.280852729639150311e+01 7.327979276390151142e+01 8.448144691269828854e+01 6.816763394734593362e+01 8.770400220407054803e+01 9.617555922131404600e+01 1.044134204224078388e+02 1.142723682534444407e+02 1.333115192965721292e+02 1.254353708382420507e+02
