LEM/sinusoidal_perturbations/elevation_000312.asc
nrows	100
cellsize	150.0
xllcorner	0
ncols	100
yllcorner	0
NODATA_value	-9999
[rows 17 to 33 of 100, columns 0 to 36 of 100]
5.222468517465790779e-03 2.000522246851711117e+01 3.317546560448313642e+00 2.230278815531579895e+01 3.088963585813844404e+01 2.501381391807736065e+01 1.948434466403412557e+01 3.395439429474051707e+01 3.563627594848254176e+01 1.855921085433048390e+01 3.891727502869645861e+01 4.520274374969889664e+01 4.886380796099814461e+01 5.270774792883083393e+01 5.677074408226701507e+01 6.131720265167215445e+01 6.846196809319397403e+01 7.677109100653125040e+01 8.575709340840965922e+01 9.459196123186282534e+01 7.280422201987173025e+01 5.725938446109493185e+01 4.659970021807495044e+01 5.585578030266164262e+01 3.792760908375618811e+01 3.893482363893834730e+01 2.977316036146972067e+01 4.042338741528684665e+01 5.518117749855359477e+01 7.789545017495019863e+01 7.627044407723687414e+01 6.019582398590909378e+01 7.627222619249853608e+01 7.658629285376679263e+01 5.592080427655369590e+01 5.389132753642996221e+01 4.937960554799969515e+01
7.333276091007126865e-03 2.000733327609065171e+01 2.332454874485170038e+01 5.301749097987192627e+00 1.388963738470487996e+01 3.101367768596499275e+01 3.169319286870838326e+01 1.363897297255373431e+01 1.529913637971480433e+01 1.776591302409725515e+01 2.125946874457879332e+01 2.483772743067938649e+01 2.854606946226351383e+01 3.244105267859424657e+01 3.653853081566731476e+01 4.108912605333138401e+01 4.825201901702828877e+01 5.730681363549081908e+01 7.159582627591657911e+01 9.167535479804975296e+01 8.788043962665244635e+01 7.704979391792733168e+01 5.924312059799857622e+01 3.742156875025856522e+01 3.087096361904599462e+01 2.983936066389555108e+01 2.942623293646428451e+01 5.742389114831754426e+01 7.210508510380198288e+01 8.632719112009579021e+01 8.506708515035106188e+01 7.719012890015460471e+01 8.511760016297075992e+01 8.532897424837706524e+01 7.653950386475247569e+01 6.836443444596694974e+01 6.985923195702432054e+01
6.343274376862209282e-03 2.000634327437650839e+01 3.359722412968299210e+01 2.531012814529625388e+01 7.322410775581412956e+00 2.739478731709843373e+01 1.147089566209762346e+01 3.169319437466921130e+01 3.563627590293790348e+01 3.814011384522331127e+01 2.296678044721213396e+01 4.337284532773441725e+01 4.886380801816935815e+01 5.270588970785205873e+01 4.824623966744991321e+01 6.131720265167215445e+01 5.065677183892930913e+01 7.091613861516847805e+01 8.575709083601306304e+01 9.522818176819721714e+01 8.610737999481833072e+01 7.852993104813194236e+01 6.589518923753966817e+01 5.719407372436315740e+01 4.903182147419333603e+01 2.894490971377875610e+01 4.812266655242239466e+01 5.402702200278243794e+01 6.659732762908213033e+01 7.904464751957020496e+01 7.887744372767524226e+01 8.678281419666720353e+01 8.736207448127562714e+01 8.338144768543412511e+01 9.155345949879693990e+01 8.945690767983046499e+01 8.706693876001598653e+01
3.497053469895897767e-03 1.414563267720097173e+01 3.414563267720167516e+01 3.536012551061433129e+01 2.116861157478333055e+01 9.372725445827164492e+00 2.951534600580664147e+01 2.158544712313228686e+01 4.180094162444029848e+01 4.720453303777243548e+01 2.680627495589655851e+01 4.714512079297087155e+01 5.872152190731915056e+01 6.481509707511814611e+01 6.841543366610807198e+01 7.672720153985049762e+01 6.505588278454314377e+01 6.371071465961876612e+01 8.515522404084119046e+01 8.763469691518186266e+01 6.942888996430970394e+01 5.975513184539390465e+01 6.114244287516466159e+01 4.157582364022228205e+01 4.889836240637131226e+01 2.858177153851799090e+01 4.599556317508385206e+01 4.135271032224361676e+01 5.844683026636833034e+01 6.047863740697292911e+01 6.091143458711398040e+01 7.869715447852891543e+01 6.821159526487330993e+01 6.432128469557984829e+01 8.040372701718510484e+01 9.140091336540422162e+01 9.926800554115033037e+01
9.635555453094322986e-03 2.000963555545273920e+01 3.723739056307182693e+01 4.779546159472040756e+01 3.717108155329989216e+01 1.944346040266217912e+01 3.783499041352062164e+01 3.066139626885337321e+01 5.011640070580480000e+01 5.554877895878682637e+01 4.717541030666826174e+01 3.280525162891491675e+01 3.853866515204078524e+01 4.470061249131752845e+01 5.893784807886969190e+01 7.900418090379550051e+01 8.513238396642843497e+01 7.936893574201347690e+01 9.446752604386500707e+01 9.525069991071974584e+01 7.930539897901755353e+01 6.057835287868732621e+01 4.910950935167534936e+01 5.433289476237541749e+01 3.445886782680597804e+01 3.015878726656681863e+01 2.807128621578490169e+01 3.121298452019358649e+01 5.483129181462775392e+01 4.836444514465358679e+01 6.585711402359530098e+01 5.897477153203639944e+01 5.529155427669542888e+01 5.389475299006785036e+01 6.431978856154923108e+01 8.321065983295839885e+01 9.200766925296700549e+01
8.845047570523793118e-03 8.953116957569760004e+00 2.309525258359053268e+01 4.309525305204115853e+01 4.789365217950172138e+01 3.958723160895155502e+01 4.789365218024550330e+01 4.232974756547704231e+01 5.911385963302104329e+01 6.705928197666959534e+01 4.636470691087760798e+01 4.727751878247779871e+01 4.945024895301435208e+01 6.481496938154455734e+01 5.633577432329819601e+01 6.791591876450313237e+01 8.807959234772390289e+01 1.024989823987671400e+02 1.024391817807777443e+02 1.014486342923895847e+02 8.687555341371138695e+01 7.605481741091519154e+01 6.301963413008433434e+01 5.406522712357859461e+01 5.380447963720629190e+01 4.596135444811535820e+01 2.771543928064769702e+01 4.805139163211734399e+01 5.803011485832760741e+01 4.246156835033951182e+01 5.650545493418455578e+01 4.260798270908021834e+01 4.519410761226636453e+01 6.312283671306195032e+01 7.185836112927218267e+01 7.603809062242645211e+01 7.248619001799168871e+01
8.023991185656003874e-03 2.000802399118530062e+01 3.723739035233522543e+01 3.473746478336846621e+01 4.298916695273454280e+01 5.726565608210770364e+01 6.550224628489540635e+01 6.240139306501242089e+01 7.069318411676427161e+01 7.535519409105341992e+01 6.384129301058162298e+01 6.782221188176352200e+01 6.957287386276441055e+01 7.789502352815243569e+01 7.641902467465581594e+01 8.481754820350285229e+01 9.669472405387203651e+01 1.024754761565130963e+02 8.478976775099640406e+01 8.306004238234415027e+01 9.608018603431089844e+01 8.848290738737995298e+01 7.953779815455553148e+01 6.310403079371658208e+01 4.439923226466967066e+01 3.568948243230283879e+01 2.736298551816986802e+01 4.729018136530132210e+01 5.099101530488012912e+01 3.697024610409393830e+01 3.916240294110593823e+01 5.565118708037923057e+01 6.310223693925747313e+01 4.985396947395541645e+01 5.341452884028680614e+01 5.736648946644941560e+01 6.253464242246715799e+01
4.598823041778624977e-03 2.000459882304142312e+01 2.896443061876820479e+01 1.489806060537970467e+01 3.473740553596427816e+01 3.740808498277758076e+01 5.173046363843641160e+01 5.801581202262929082e+01 6.550430300825948393e+01 7.359531674244516353e+01 8.588107133185529563e+01 7.381253224354098563e+01 6.508525545753605002e+01 6.274050538477149530e+01 7.171021483264627250e+01 7.608311790755904269e+01 8.607423421454755896e+01 1.009255341293709165e+02 8.299535696234549675e+01 6.986316333918759369e+01 8.024103876409456859e+01 8.798436874824552945e+01 7.806588715416037871e+01 5.975393341626291743e+01 6.010001627603243435e+01 3.918040152224985917e+01 2.701459514815216778e+01 4.402070502630916593e+01 3.401803979847503712e+01 5.099959176815136175e+01 5.650705269622748972e+01 5.135288063842957484e+01 6.972694540050206058e+01 6.262272221235758707e+01 6.625891896918200530e+01 6.790134987573087244e+01 8.149704006992442373e+01
7.340434288523949372e-03 2.000734043428816733e+01 9.067272578855847698e+00 2.896429332431031511e+01 2.127431590187575594e+01 2.650050889990755465e+01 3.211080230342827946e+01 3.853052605832529309e+01 4.626080772557808984e+01 6.214375003506950179e+01 6.858537445840782709e+01 5.912723511856022895e+01 4.454944421576270486e+01 4.158060382663876453e+01 5.576153253214138772e+01 5.289805255075517465e+01 7.557411434484011181e+01 9.171168842980419811e+01 9.608009426014567111e+01 8.024103876409456859e+01 6.135657837110788648e+01 7.340547201558517543e+01 8.122052508792295100e+01 7.806588715215754348e+01 6.946002123264895545e+01 4.999548054833260835e+01 2.667052527025806796e+01 3.976020117641321860e+01 3.176256512067607218e+01 4.449712598881184533e+01 6.471178680045845510e+01 7.062593556591505717e+01 7.868594739852520092e+01 8.211845654032114794e+01 8.537664380757021831e+01 8.715034723734166278e+01 9.543672902135885749e+01
3.515918393995972821e-03 3.652121351342598299e+00 2.361029047753316945e+01 3.722666346186269237e+01 4.105202669031557861e+01 4.620646141738902202e+01 5.173046363843641160e+01 5.801581202262929082e+01 6.550430300825948393e+01 7.359531674244516353e+01 5.937376000209226135e+01 3.751471392125714033e+01 3.302783255457833889e+01 2.991613908035524005e+01 3.544668719232185339e+01 4.317769073049771578e+01 5.610405963115258032e+01 8.045950119369798870e+01 8.352022598523105046e+01 8.798436874824552945e+01 7.340547201561852830e+01 5.434582422574248284e+01 6.726484740648515981e+01 7.513516780013759444e+01 6.938035316976946376e+01 5.175966598946659047e+01 2.633101108910055643e+01 2.837663365925801529e+01 4.698927691702969867e+01 5.272504359303991350e+01 6.715487143715958496e+01 7.633602138374898516e+01 7.632951996501850545e+01 8.484353211021063146e+01 8.770209836218936061e+01 8.994594455452562443e+01 9.835061475666097408e+01
4.608085242692564441e-03 2.000460808524233869e+01 3.188580411984758811e+01 4.523189796045240740e+01 4.699773325311357297e+01 5.528051883039631775e+01 6.426529076314477607e+01 5.598714718488523090e+01 6.426529071848574404e+01 7.579954335089189499e+01 5.989842978993563349e+01 4.331688400266580885e+01 2.313916323836260602e+01 4.331688400157229779e+01 5.632515483928692390e+01 6.523827864692893286e+01 7.537691714586391356e+01 7.907605828343031362e+01 6.582544439863035279e+01 7.907611561368491948e+01 6.957500247027979867e+01 6.164979042720388236e+01 4.807310758415274421e+01 6.726484738835652877e+01 6.148725300943347349e+01 4.599838590098387670e+01 4.544236583954959485e+01 2.585771334183213455e+01 3.947850599466143962e+01 4.968086897761918408e+01 4.588758989283597600e+01 6.743590714764474114e+01 5.532943304723116285e+01 6.838075275109768825e+01 6.674723304002129964e+01 6.905035973639269287e+01 8.619565980278389361e+01
1.610643649003322799e-03 2.000161064364864671e+01 2.724459316593306468e+01 2.523618618340949027e+01 2.700558673472977844e+01 4.045187087290806005e+01 4.599615115672763466e+01 3.600515512846029509e+01 4.754650931846396134e+01 6.751727293349230763e+01 5.120927763665520871e+01 3.085320260301733697e+01 1.945724531576427196e+01 2.939010606536931647e+01 4.141005457700355663e+01 5.760510463005469717e+01 8.013112030682212605e+01 6.971008057938418290e+01 5.286795045662351100e+01 6.181950558148325570e+01 5.642929070139399528e+01 4.233749642348499975e+01 6.164979041017986106e+01 6.926783299621229162e+01 5.061925167670909786e+01 4.363354041778278969e+01 4.332646734777934228e+01 2.553272467017466951e+01 2.839882917177429533e+01 3.127588746477803738e+01 5.097653069763696720e+01 5.877834085711033651e+01 4.366354902918026681e+01 4.750255964324582436e+01 5.175905284201856205e+01 5.756988034222795392e+01 6.517168955418134146e+01
2.022278438842990342e-03 3.594128318972980463e+00 7.245612035630394132e+00 1.109461382924639317e+01 1.545897160602036813e+01 2.045897095270912658e+01 2.600596428933694781e+01 4.599615115672763466e+01 6.426529071848574404e+01 5.765032535741592312e+01 4.912374092735454667e+01 3.607103382774943867e+01 1.624572197911802363e+01 3.607103382774938893e+01 5.563677600927140077e+01 6.179337753464172067e+01 7.271504849430890260e+01 7.907605827981973334e+01 6.181950558152879438e+01 4.265484180662087965e+01 3.701990740804669855e+01 5.219618979106055434e+01 6.021178379899225774e+01 6.758544861297102102e+01 4.684388001270012580e+01 3.663784398730312830e+01 3.784079053965839989e+01 2.521431273527084116e+01 4.874298889629814369e+01 5.115607984484944382e+01 3.545046287483183534e+01 3.871682157701112459e+01 5.002310273680949138e+01 6.838075275109730455e+01 6.399688555437835902e+01 7.876256384018495282e+01 7.495619829386802735e+01
6.642187732006160465e-03 2.000664218773165004e+01 2.724459316521057062e+01 2.264158620401337885e+01 3.545526194143617005e+01 4.038126651344723683e+01 4.599615114951979677e+01 5.427378982621703329e+01 5.078094076438481608e+01 4.600477202657484810e+01 2.912466192451615754e+01 3.286737742680939789e+01 1.316171559922740819e+01 2.698418472321699824e+01 3.899992888623286547e+01 3.852207039608169481e+01 6.005617325108116944e+01 7.438046085145616360e+01 6.731243905796695515e+01 6.181947129030130839e+01 5.219615439988047711e+01 3.264585524582114573e+01 5.219457967563825207e+01 6.622702048456802970e+01 5.749700454210393019e+01 4.492038762853391631e+01 3.040474039456200828e+01 2.489982713859079055e+01 5.004350542309214944e+01 6.394715248323774404e+01 5.542572710144594339e+01 4.509768949333899712e+01 6.563225427270849366e+01 7.081462696053461059e+01 8.502584829053039073e+01 9.346400629796785609e+01 9.569894829580597673e+01
1.591255364720534126e-03 2.000159124344699180e+01 3.877743010359412068e+01 4.266848041879580222e+01 5.096292633823285456e+01 4.919402654256541751e+01 5.759928530197684182e+01 4.462369489288851554e+01 2.989871133637244327e+01 3.757726728149324202e+01 1.779472718747412685e+01 2.615581243299029524e+01 1.006196361592484934e+01 1.520143510170521139e+01 2.058297260383388405e+01 2.821067104020624683e+01 4.102990292619584523e+01 6.596616699593748478e+01 7.024641782651087851e+01 6.415553201414756757e+01 4.934692904639968702e+01 2.963050455088263746e+01 4.917499950429026967e+01 5.880219297075744578e+01 3.947978048821335051e+01 4.359021040745758313e+01 2.446032165125003388e+01 4.150926557351059643e+01 4.336649265385266716e+01 6.497210327370916616e+01 7.419964627066774199e+01 5.517319868214774203e+01 7.419964627284471703e+01 9.159501224378036000e+01 9.189938676355529878e+01 1.000992713280639492e+02 1.046567674713671181e+02
6.189296070378335485e-03 1.111291000124498041e+01 3.047461840073318129e+01 4.602890847913624839e+01 4.388751321633046842e+01 2.438567524984575030e+01 3.975760983881787070e+01 3.447507945458075795e+01 1.693889957558699777e+01 2.360238455449046668e+01 2.332827149934865574e+01 5.790077290877814420e+00 2.615581243265836520e+01 3.509098350228116914e+01 4.122610263602827985e+01 4.943809798278496714e+01 5.874856996749932847e+01 7.203370578701476745e+01 6.292102570123951466e+01 4.587167091208210223e+01 4.655253651709524831e+01 2.672310758960838584e+01 4.275919947164953783e+01 4.308384880658252314e+01 4.345405115594125078e+01 2.402862308064146646e+01 3.360093758145442422e+01 3.709755198583088998e+01 5.661143306559493027e+01 7.333533503648784801e+01 8.460555599003438942e+01 7.609130986327015478e+01 8.460555599655118897e+01 8.867014136895659249e+01 7.210373472302184439e+01 8.867014136895703302e+01 9.320653260871424095e+01
2.247884206357958405e-03 2.000213680193188992e+01 3.106786511603400314e+01 2.123161767586051241e+01 2.487037336731655301e+01 1.222158694981202665e+01 1.272510892919387127e+00 3.009885800002856371e+01 2.149797304783620788e+01 7.311592464966476079e+00 7.515530163350736537e+00 2.885801397161688264e+00 2.811384933613052439e+01 3.998103507963073611e+01 4.711510130384723993e+01 3.737368912248163610e+01 3.961814094255402097e+01 5.423615053301151079e+01 6.508811230442195495e+01 5.143482507703727435e+01 3.228729411417566553e+01 2.503138341854837279e+01 2.302229202106586570e+01 2.331178485022523716e+01 2.360500752869954155e+01 3.190122456234368542e+01 4.724143198848751268e+01 5.558032209139275892e+01 5.661558294324076002e+01 7.644576643601058663e+01 8.887061758213793894e+01 8.077196250823409684e+01 8.887061758842855852e+01 8.047036172916921259e+01 6.066160187643574631e+01 8.047036172916921259e+01 8.432775779043410580e+01
