LEM/sinusoidal_perturbations/elevation_000644.asc
nrows	100
cellsize	150.0
xllcorner	0
ncols	100
yllcorner	0
NODATA_value	-9999
[rows 17 to 33 of 100, columns 0 to 36 of 100]
5.222468517465790779e-03 2.000522244010256756e+01 3.884554881342934607e+01 3.850145597322736535e+01 2.282132833010847861e+01 2.359313566496927805e+00 2.043314894338509546e+00 9.625447610210454030e+00 1.574794254854876208e+01 3.101268259351440193e+01 4.289334010025210375e+01 2.322941454444476861e+01 4.289318486537626285e+01 5.244103818170886200e+01 6.213482389383673166e+01 6.835484982263157860e+01 4.844775836294751770e+01 6.836004063485496829e+01 7.693395490202527753e+01 5.632893581987765685e+01 4.090212531189939682e+01 5.394790866764211756e+01 6.243314011434710409e+01 5.317619383492402108e+01 3.446937415139146310e+01 2.710410445117518918e+01 1.728190985042045824e+01 3.126561164268667170e+01 3.267861507442000857e+01 1.455738284963671880e+01 1.481974348996955904e+01 3.196506763823185082e+01 1.662795875506057541e+01 1.763642938585558895e+01 3.726047092628871837e+01 3.042070139413284124e+01 5.020713655785627338e+01
7.333276091007126865e-03 1.984614874163580112e+01 2.125007227413867028e+01 1.611894742982003592e+01 1.954866152157532255e+01 1.622466226968278802e+00 2.114041643425349548e+01 2.464268242658725239e+00 1.853367380288801414e+01 2.649511307429974138e+01 3.135379466993886410e+01 1.725874206607634420e+01 2.479178855423023364e+01 3.478487817264601034e+01 5.394249413083734623e+01 6.303752081650412009e+01 4.276278165663975273e+01 6.303812114285990731e+01 6.780427285854062802e+01 7.068639349674950267e+01 5.394790866764211756e+01 3.191726735950756222e+01 4.660436227814457055e+01 4.836951034900999957e+01 3.098442675696104942e+01 2.111499302287252178e+01 1.537616279597424374e+01 2.599032249015604989e+01 1.420320511672683494e+01 2.253416542854837346e+01 3.263028103290982074e+01 1.521557742263477842e+01 2.626572773350599022e+01 2.767912760807494621e+01 4.332435052073110171e+01 5.020721032632334868e+01 4.655359794802505746e+01
6.343274376862209282e-03 3.045851018938554589e-01 6.028600950298022010e-01 9.012346514485671811e-01 1.199742241586324365e+00 2.103755061326108589e+01 1.187433273935414313e+01 1.187563674046442053e+01 2.887620218441674158e+00 6.652967517492523797e+00 1.069621864251307031e+01 3.135379466993886410e+01 4.435865128321588458e+01 5.244095806574087959e+01 6.210279392587629843e+01 5.811317310010718984e+01 3.758546919699008981e+01 5.145866134874054154e+01 4.778508921344598548e+01 6.780427352145444786e+01 6.243314011434712540e+01 4.660436227814457055e+01 2.405991296167344018e+01 4.022763615043645302e+01 2.102584009336727178e+01 1.629235598128783025e+01 1.362655521398941616e+01 1.386558081579408430e+01 3.425317495141393209e+01 2.386742779706461448e+01 3.594607341788897514e+01 1.551906529176638649e+01 1.919988836602924920e+01 3.812692918189042501e+01 4.777854173896094636e+01 5.598381037699581952e+01 6.646393263287828290e+01
3.497053469895897767e-03 1.791743369829076471e+01 1.921063839876981660e+01 2.010380226551906091e+01 3.465567478243842370e+00 2.280501365763117860e+01 1.894631102741482920e+01 1.913105011262739907e+01 3.188678192826603475e+00 2.368878531575116497e+01 3.132939192793095629e+01 3.947004645714137894e+01 5.615186742207584558e+01 6.810274160980986835e+01 6.477802178324333227e+01 5.666624389639760295e+01 5.145866238515102964e+01 3.072958568480325425e+01 5.145866238515090885e+01 6.572111209333073134e+01 6.182973040830496814e+01 4.029788497223051991e+01 4.022882806042969150e+01 1.746142238692749160e+01 1.417745617710074946e+01 1.327854545268086639e+01 2.695351108864258549e+01 2.720277324916552786e+01 4.095589190107632760e+01 4.191373997825131426e+01 3.719345961611566054e+01 1.583082796087594879e+01 3.388828791965499221e+01 2.498663042664345824e+01 2.937229334240191392e+01 4.847545789641342395e+01 5.951500350304978326e+01
9.635555453094322986e-03 1.359253896632530179e+01 2.911151071472298923e+01 1.688603391232737039e+01 1.723867170319211795e+01 3.013848987456286821e+01 2.794158603947138886e+01 2.196460568921011713e+01 3.489683649316133174e+00 2.376641601026162931e+01 3.524744864055130478e+01 2.626201285185025114e+01 3.882803058196487456e+01 5.983882799297932564e+01 5.666624230961074460e+01 3.623726657848356325e+01 4.222077029297911821e+01 2.670488343119416541e+01 3.717819571603950379e+01 5.763719914951599321e+01 7.018505934998962914e+01 6.182965490090411009e+01 4.900556637069488630e+01 4.022734963343175707e+01 3.437320298732424106e+01 1.301463014020506037e+01 2.091666418320704324e+01 2.094932704440268267e+01 4.000959136792474169e+01 4.463206674846066591e+01 1.627805995991518628e+01 2.150927617385065460e+01 3.474003225788946736e+01 4.161157303187355438e+01 4.801171580411536866e+01 3.619834450034219486e+01 4.143141105928658874e+01
8.845047570523793118e-03 8.930355816430287419e+00 2.839914536148706503e+01 3.400976108125805553e+01 3.150403049855643900e+01 4.445657075823528004e+01 3.821733687967449100e+01 2.009643271666292819e+01 3.790510647412845380e+00 1.684118308689532739e+01 1.392608163717238945e+01 3.532634533391747311e+01 5.615173911217922864e+01 5.767550780538051924e+01 4.594581501265270873e+01 3.762505374457808927e+01 2.168004810350991463e+01 4.222076536765946031e+01 5.561723281471746105e+01 6.571495750202008423e+01 6.109886378349305858e+01 5.639005409462560436e+01 5.065371246028774266e+01 4.409418996039220673e+01 3.756844219494939807e+01 2.944151352475789807e+01 1.262106408375987066e+01 3.196819316401577638e+01 4.848742878194572370e+01 3.913258072625163209e+01 1.659487687375452936e+01 3.319355719171124974e+01 3.006987879611138581e+01 4.633082727605148676e+01 5.901668167971318013e+01 4.927912044128525793e+01 5.951500350286262631e+01
8.023991185656003874e-03 2.000080095628193533e+01 2.454687321894812513e+01 4.270316369518625521e+01 4.792185032520448829e+01 4.821107999728698701e+01 3.270487357267897721e+01 2.400920593559924754e+01 4.091631564863247306e+00 3.949330126632863092e+00 2.678439090730805461e+01 3.532383157170278309e+01 5.641181906173591187e+01 4.947940034873131054e+01 2.894723101790572528e+01 1.716811725536362587e+01 3.762506019992878947e+01 5.015552668334898101e+01 4.425900074164678699e+01 4.520678863805648717e+01 3.742667198863132683e+01 3.398961266912316859e+01 4.386497859746939554e+01 2.551556625716945703e+01 1.551363708351510162e+01 1.397309815592920934e+01 1.232601130592222205e+01 2.366618111081222864e+01 4.381275575262429811e+01 3.960780804552432954e+01 1.691064508068554773e+01 3.420222158696227410e+01 4.577521523640622547e+01 4.305409512684990148e+01 5.955436011089165049e+01 6.663043650938274709e+01 6.799577382062584263e+01
4.598823041778624977e-03 2.000381985825077180e+01 3.870067164301909912e+01 4.753611754125230959e+01 5.257088453328359634e+01 3.527080293128883426e+01 5.067036627161839668e+00 4.518047024916141297e+00 1.730419298578582499e+01 2.522466038864812532e+01 3.515770717190395089e+01 3.726678737088588633e+01 4.337561024422247868e+01 3.811739170943424426e+01 3.045236243699755718e+01 1.371201207096247821e+01 3.463442258127719242e+01 3.435100348708676421e+01 2.545387974780875240e+01 9.538191245558808262e+00 3.018677128369925455e+01 2.043324729762017355e+01 3.019849192318356046e+01 1.588393765202903829e+01 1.159174511188013845e+01 1.189898750104445213e+01 3.289693708014392826e+01 4.166766156340833760e+01 5.227963187421978830e+01 3.874064108207755197e+01 1.722440283096857527e+01 3.012561688108003821e+01 4.791176502056367070e+01 5.935473157350457285e+01 6.315363835843879770e+01 5.658551728931033864e+01 4.705701185653614971e+01
7.340434288523949372e-03 1.005670920242643263e+01 2.472114573763063206e+01 4.658303482289681341e+01 4.422849017982864694e+01 1.840539152033007397e+01 4.940828370881276577e+00 1.469753214234069105e+01 1.999383978561667874e+01 9.686241075797475730e+00 2.788169438514774967e+01 2.210550309285922310e+01 3.101215313905220228e+01 2.776072748620205033e+01 7.857015213493928840e+00 2.787699487291694922e+01 2.812263614107575194e+01 8.853040382001372777e+00 9.121543819223738581e+00 1.401066841712964184e+01 9.973849175189464233e+00 1.345081657841943468e+01 1.084635551906917961e+01 1.115548848862052012e+01 2.379199872248334557e+01 3.698368673462911715e+01 3.191495755682437618e+01 5.224163480575106888e+01 5.312368100513211999e+01 3.229578964475096114e+01 1.753581544055462160e+01 3.736172220390485421e+01 5.186085277420780670e+01 4.871394739312402322e+01 3.935283163744473711e+01 4.150402519430849679e+01 2.725021494437708114e+01
3.515918393995972821e-03 1.414565156773846866e+01 3.414567187317425834e+01 4.984387423952137652e+01 4.835139413847550571e+01 2.419253014990073325e+01 2.419515620064742123e+01 5.366105407811158301e+00 5.669142587302780534e+00 5.972414105070888546e+00 1.378087879048029940e+01 2.067507087834382418e+01 2.450181173033062620e+01 7.439359332545272707e+00 8.963791516032143747e+00 8.241699715199658272e+00 8.494603301578996124e+00 1.739038293562356685e+01 2.223744016368970833e+01 2.526845148605210767e+01 1.062122403878247390e+01 1.040956144575526743e+01 2.969637447209239767e+01 1.874366627350080350e+01 3.683266599258656981e+01 4.972861356241885744e+01 5.224160724662312560e+01 6.031841805854559624e+01 5.263974763085879260e+01 1.797283846321708367e+01 1.784533411610798126e+01 3.805645078154896055e+01 3.840088221743731367e+01 1.905180839489730360e+01 1.937427480285927572e+01 1.969988771387376758e+01 3.015253469671960573e+01
4.608085242692564441e-03 1.000460809700212295e+01 2.155161483249656840e+01 4.155325541184001992e+01 5.737052656802976713e+01 4.381840977752830213e+01 2.008633245394671363e+01 2.880310192573018213e+01 1.767829915104526961e+01 2.340891668800585634e+01 6.400547969985363572e+00 6.704087269240732283e+00 7.007891156034316005e+00 1.637339239311705796e+01 2.300405047775252143e+01 2.609419780524120114e+01 2.747209914050842272e+01 1.248424198274725150e+01 2.087444367522569522e+01 2.805749274779249447e+01 3.269304551401265968e+01 3.052961973145513142e+01 1.489389341270842593e+01 1.839472824326342604e+01 3.821725729080521461e+01 5.028312961254174240e+01 5.914878461849790625e+01 5.976139884274687830e+01 3.709892416505021373e+01 2.695658652317687043e+01 2.457746550116595685e+01 1.828010815257796651e+01 1.859878866105664130e+01 2.374213887948867097e+01 3.479311228118388044e+01 3.918901569322723333e+01 2.016931528102590931e+01
1.610643649003322799e-03 2.000161064364864671e+01 3.540339345155565098e+01 4.369663288177380167e+01 5.525821005672853659e+01 4.381840552667744504e+01 4.381822262142291891e+01 4.827967038671905442e+01 3.883394010070290392e+01 3.111679684235410903e+01 1.058124563075545943e+01 1.566285140496111516e+01 2.682662053307616645e+01 1.159427906293721122e+01 1.878623897342865945e+01 2.789337642987464960e+01 2.735601877769817136e+01 1.529988367951998818e+01 3.496150759690133469e+01 4.060754777124987669e+01 4.497883239295909874e+01 2.878991953887924993e+01 2.961217090309964206e+01 3.821760451096106692e+01 2.291950727688160683e+01 3.404556243993623355e+01 5.323243694587165464e+01 6.540615813921165511e+01 5.151606242975128680e+01 3.745892572572137880e+01 2.854607643947631601e+01 1.944032503001944789e+01 3.685660907569520361e+01 4.003677981642332639e+01 3.262181647352292657e+01 3.857733774236184132e+01 3.202785732630941595e+01
2.022278438842990342e-03 2.000175879202593521e+01 1.540264973591119002e+01 2.694966206853033341e+01 4.695316812667059736e+01 6.555692187152914130e+01 5.859402321193431362e+01 3.904144833264653158e+01 2.687365535517808013e+01 1.715808240789446515e+01 3.153798098794948501e+01 3.185128280685878366e+01 1.649106540648211805e+01 3.400614792770363692e+01 3.552568244954132126e+01 3.241746409301315168e+01 3.213860390176024850e+01 3.542308046199509874e+01 1.965542452581029309e+01 4.054264823968922116e+01 5.582564997251468242e+01 4.273504473642825729e+01 4.921263227988453792e+01 4.878358267169072349e+01 2.931042152759136599e+01 2.787234017117602036e+01 4.288311611046532335e+01 5.935812060005197566e+01 6.197045670119231886e+01 5.039286850684191421e+01 4.159454456613117657e+01 2.859975754856952790e+01 2.120976839213318144e+01 4.184278648738869322e+01 4.974895219979126182e+01 4.730518273961963160e+01 4.534371272583883439e+01
6.642187732006160465e-03 3.855643982329519215e+00 2.385577294836635787e+01 3.034394051425659100e+01 5.033903950128776472e+01 6.618033243665630039e+01 6.657131469181787509e+01 5.533193496693031932e+01 4.372198510018608886e+01 2.295025168948939509e+01 4.372198502358266836e+01 3.613811405646251274e+01 3.613811674317436484e+01 2.209551519251624541e+01 4.219978090299149898e+01 4.861699683695525209e+01 4.949627088667657659e+01 4.437423082702263599e+01 2.314050166334524050e+01 4.437423082702263599e+01 5.882919920507544731e+01 6.148726543961330293e+01 5.979729785041948986e+01 4.056639314607834024e+01 4.878358267169072349e+01 4.731657350193334111e+01 3.305322330988472856e+01 4.454768903529165414e+01 6.390348894934606250e+01 6.010899233503784700e+01 4.220267978295198930e+01 4.264696597011544554e+01 2.251825339326720865e+01 4.275294674215744806e+01 5.210662246480644910e+01 6.275621536082181962e+01 6.338411384380039237e+01
1.591255364720534126e-03 2.000133085134774547e+01 1.034450082755984468e+01 3.034445444857993479e+01 3.790358508861370979e+01 5.129883530919646262e+01 5.957793612310832998e+01 6.327806486369740924e+01 4.372198510018796469e+01 3.030057122643614065e+01 5.043269259786578118e+01 5.581578582132975441e+01 4.671638917190914242e+01 2.651748874074999307e+01 4.671639323335021743e+01 6.507817418322116509e+01 6.389918170297836042e+01 4.437423235276560263e+01 3.227776841843451194e+01 3.020999569237379490e+01 5.095028509993072419e+01 6.575656195011185901e+01 6.748642276242109972e+01 5.185669563528467307e+01 5.947325932627034462e+01 3.984953598735354063e+01 4.301072011096068337e+01 6.061634084033912728e+01 7.163305818285037674e+01 6.852085654883836696e+01 6.043164592333064178e+01 5.100522537328828321e+01 4.282819480568515758e+01 2.446615533048438706e+01 4.468866895246807758e+01 4.655616886886168970e+01 5.789595509417478780e+01
6.189296070378335485e-03 2.000592419858718429e+01 3.034397168513357812e+01 1.790379028767423009e+01 2.422834560766987266e+01 3.129941341588489578e+01 4.284641595359423150e+01 6.284505487238843102e+01 5.843065206430171088e+01 3.972564579626468628e+01 5.843065206430171088e+01 6.253305500830018815e+01 4.316168182230786243e+01 3.438462861517041347e+01 3.758486338997269627e+01 4.918659125296172618e+01 6.815223825467481333e+01 6.056085201906596183e+01 4.313411575157388000e+01 5.095028509993072419e+01 3.824028539594799980e+01 5.794054480260637519e+01 7.582566275437612546e+01 6.502631471743485747e+01 6.448119493808513880e+01 4.508554371464735055e+01 5.695707228560876700e+01 7.024571170880919624e+01 8.074155101014319769e+01 6.177982883988380536e+01 4.815063655642415341e+01 3.681027867118846331e+01 2.653405354326225307e+01 4.469097728145572290e+01 3.265235584493949261e+01 4.682044259891603843e+01 6.706556420724319878e+01
2.247884206357958405e-03 1.414438800966858878e+01 3.414508526835954427e+01 3.790360354147118471e+01 4.422797188891067321e+01 5.129883530919646262e+01 5.957793612694179330e+01 7.112097757076831783e+01 6.708134160559215786e+01 5.350058408569036317e+01 6.708134160558419978e+01 7.043041344734193387e+01 6.195301881049871184e+01 4.351421383819951672e+01 5.720241685289911970e+01 6.507820125476412443e+01 7.604179032480293188e+01 7.009185056510426648e+01 5.688092708766817651e+01 6.575653363742313218e+01 4.755610865592753811e+01 4.923355700101229360e+01 6.814533785801253885e+01 8.286893872350370316e+01 6.976127728811682971e+01 5.072366963640529747e+01 6.976127728811682971e+01 8.353435113167300585e+01 7.678752275542420591e+01 6.866895656283658411e+01 6.131716234062222526e+01 4.796434406031363551e+01 2.802068207828374113e+01 4.796450784489742603e+01 5.246472084327007934e+01 4.526890767270553795e+01 5.908332673111788580e+01
