LEM/sinusoidal_perturbations/elevation_000248.asc
nrows	100
cellsize	150.0
xllcorner	0
ncols	100
yllcorner	0
NODATA_value	-9999
[rows 17 to 33 of 100, columns 0 to 36 of 100]
5.222468517465790779e-03 2.000522246851711117e+01 3.142064963060080629e+01 3.827830934099086591e+01 4.701862008564146578e+01 5.789678478275800444e+01 5.306638998727037659e+01 3.471292128448165926e+01 4.345755727242629973e+01 3.875987959503712688e+01 2.551944558840800781e+01 4.413347675266837911e+01 6.081331316246064489e+01 5.282439712123601083e+01 4.069531360305550294e+01 5.979480864201994450e+01 4.904469074261030670e+01 4.072253245937138644e+01 3.629172517626940930e+01 2.811899652496325785e+01 8.602854716045507999e+00 2.152837538758642921e+01 3.642163020354336567e+01 4.756733153799355307e+01 5.074625218031171414e+01 2.890570854758436425e+01 1.262413736008156917e+01 1.220998892142588943e+01 3.170826767188846773e+01 2.377419468770458266e+01 4.406255737506997860e+01 4.564107626735203382e+01 3.428842116924229089e+01 5.482496674070299036e+01 5.911550888118916447e+01 5.120183005690214628e+01 3.762347281921112341e+01
7.333276091007126865e-03 5.554341489703404910e+00 1.132794285883327312e+01 1.799613461984601415e+01 2.804580016538673348e+01 4.925868507296964793e+01 5.322215122362190698e+01 4.788760729838589469e+01 6.113258463476890370e+01 4.263586050710897268e+01 2.944160843473209965e+01 4.017215063154062449e+01 5.924834511866640696e+01 6.510814793034023751e+01 4.593909461786454784e+01 6.510814793034023751e+01 6.544082954104852945e+01 5.543736690661766175e+01 3.715613679714161321e+01 1.719704353373323968e+01 2.758572577048650842e+01 9.059225853058885392e+00 2.242237266957345199e+01 3.425385799340871529e+01 4.734536523852503365e+01 4.207082997508017286e+01 3.107074106331002739e+01 1.186339995709869832e+01 2.606673735278835480e+01 4.339326496452923010e+01 3.820238222264237038e+01 5.822106031143632521e+01 5.482496674070299036e+01 4.522397653537593243e+01 6.585008600657067745e+01 5.308891865757564688e+01 5.658434555630985585e+01
6.343274376862209282e-03 2.000586760188850377e+01 3.142056180099222118e+01 3.827798793978234215e+01 4.701763498597554758e+01 5.865733874956187321e+01 7.140569170204146587e+01 6.659041668350621990e+01 6.981063968031733680e+01 5.313106732177440961e+01 3.416838583346268621e+01 5.313119431590288144e+01 6.730431940970362348e+01 7.118213340957768764e+01 5.196014240296787534e+01 7.118213341632264246e+01 5.715506994749132730e+01 3.714676448443931633e+01 2.716135946355567299e+01 3.715606802614845350e+01 3.565363651350450880e+01 1.521103787606496738e+01 9.521849113614957005e+00 2.387933595025745959e+01 2.827455182048258209e+01 3.065198669123529029e+01 3.100754683077238383e+01 1.151264741908147116e+01 2.822545237715062072e+01 5.019416547861399636e+01 5.822265346201703551e+01 6.649621954794454837e+01 7.417877559050084812e+01 5.722612165861823996e+01 7.417877351847087652e+01 6.649732845665869263e+01 7.093947329544928948e+01
3.497053469895897767e-03 1.155050214613041959e+01 2.569260151347376464e+01 4.568860218876312018e+01 5.043931807370051956e+01 5.873000275276866233e+01 6.022185383113506418e+01 6.850542632816791411e+01 7.241469628668448877e+01 5.313122441001235785e+01 4.355710641801405814e+01 4.502944746825409084e+01 6.421911920755022152e+01 7.846027742984145448e+01 5.918501372121634319e+01 7.846027742984145448e+01 6.544082954104851524e+01 5.543736690661758360e+01 4.715091721596536445e+01 4.313151805029075092e+01 3.041832443703359345e+01 1.344359405405684882e+01 1.562700994977724100e+01 9.994091852657499331e+00 1.033102720107752326e+01 1.067036520881645423e+01 1.101292938449846126e+01 1.221698952877191502e+01 3.427082223811370199e+01 5.144172163830291566e+01 5.972229129459928032e+01 6.212128306389676879e+01 7.040195014798963768e+01 7.763064038720497706e+01 8.587437676069733072e+01 8.575309431961878204e+01 8.203976980294687849e+01
9.635555453094322986e-03 2.000963555535324190e+01 3.167469297352517543e+01 3.441976133313795572e+01 3.043883094085164842e+01 4.389184952302895226e+01 4.022176632944788821e+01 5.884231038007504111e+01 6.778637302214760041e+01 7.074147730823804636e+01 5.703637962706415010e+01 5.603146419636091480e+01 7.236938282682095291e+01 7.845244950000483186e+01 7.280276685933000635e+01 7.166921104133369624e+01 5.141344728628719452e+01 3.980865943080085856e+01 3.078836525398534363e+01 2.366962722253965268e+01 1.737477493319679667e+01 3.335416626926760131e+01 3.353963828693805027e+01 1.920703090813631420e+01 2.089478036028529928e+01 3.055015454469129210e+01 1.207945765370981306e+01 1.296910936192591279e+01 3.295240878216149838e+01 3.141497963469702626e+01 4.798849291285251439e+01 4.213449955811707071e+01 6.212128306389676879e+01 6.504160634112113826e+01 7.331766653778753096e+01 7.850735907196332164e+01 7.020883529013268287e+01
8.845047570523793118e-03 3.389462066484597358e+00 2.338950439008367965e+01 1.441968895804004802e+01 1.889182491303999001e+01 2.389182491304230282e+01 3.055849157987470122e+01 3.950276353797528373e+01 5.364491486338475568e+01 7.364508737751965839e+01 7.630782214052935331e+01 7.544465810205643663e+01 8.383832293831912352e+01 9.766721829300951185e+01 9.211907008596915603e+01 8.053211691520425575e+01 6.841543164585425529e+01 5.928906076816721082e+01 5.091685022789083348e+01 4.056398146889070233e+01 2.053576370756521285e+01 4.056398142473529589e+01 4.703857182480646770e+01 3.788514140648776873e+01 3.450884125848549644e+01 1.609810180133795043e+01 3.235013617460419511e+01 3.295240659065867561e+01 1.504451466953145378e+01 3.508995526523703035e+01 2.794811428635726358e+01 4.798849291285250729e+01 6.178644041657452135e+01 4.507204643224289242e+01 6.178644041660714947e+01 6.857087253318081821e+01 5.040273102099553171e+01
8.023991185656003874e-03 2.000781968628540852e+01 8.389462066484641767e+00 1.594875152669017560e+01 3.594859332366920057e+01 3.803396356395161604e+01 5.055852823896372428e+01 5.884231038007504111e+01 6.778637302214760041e+01 6.356607014569039649e+01 7.215910449970925811e+01 7.375166950725547110e+01 7.393797616638674697e+01 8.263082049236248849e+01 8.700822359798868888e+01 7.544847029626930635e+01 6.649382705507474611e+01 5.820237625107032642e+01 4.557217802415285490e+01 2.553939166503167968e+01 4.056398146889070233e+01 3.688926093414475815e+01 5.691461290153949193e+01 5.186191888709802811e+01 3.892321533810432754e+01 1.924520447453103600e+01 3.892036335230339716e+01 4.337617165923526130e+01 3.508995350156039450e+01 1.718361871739432445e+01 3.727645995262788148e+01 4.159864688374702979e+01 4.347253842765661602e+01 3.356069803462317225e+01 4.941627764639079601e+01 5.372406381793488350e+01 4.056102991986487893e+01
4.598823041778624977e-03 2.000417326986095290e+01 2.253159716410414148e+01 3.594867818899128054e+01 3.009088705701087818e+01 5.009063733299925048e+01 6.631715324849821513e+01 6.894568554916902769e+01 5.915715424674730372e+01 4.031096071890182486e+01 5.915715424674730372e+01 5.384633210254681046e+01 5.385402125886110269e+01 7.394906416168518604e+01 7.872410344513393454e+01 5.869272645632313612e+01 4.713140201986183087e+01 3.818383646661874309e+01 3.110465757079384019e+01 3.711018912120247393e+01 5.386395152696172062e+01 5.691461290321888100e+01 5.687692992417878202e+01 4.354618535657787248e+01 2.389609303261870821e+01 3.892321533810432754e+01 4.721560097588210425e+01 4.241537479116281162e+01 2.222207340739421610e+01 3.727637286363886204e+01 1.966959006214285210e+01 2.147763931699836348e+01 2.337729036726976162e+01 2.531525830031955238e+01 2.956642025273717778e+01 3.395269890134638047e+01 5.372419874366268999e+01
7.340434288523949372e-03 1.414948150981436648e+01 3.415049175267754578e+01 5.081196892694190836e+01 5.009063734661856415e+01 5.837108129918395605e+01 6.768079497846542836e+01 4.682521630231537557e+01 4.692541292913358575e+01 2.856645583716873205e+01 4.792248778560388445e+01 3.972989324962517088e+01 5.966532834861109080e+01 7.129749625957136061e+01 8.123780262347437997e+01 7.054061595729592682e+01 5.051182489991950320e+01 3.895763979960540269e+01 4.111408074054646988e+01 5.713146814946021834e+01 6.542198078051028176e+01 6.237557148713146660e+01 4.855103519227234443e+01 2.880554578564700918e+01 4.354618535657787248e+01 5.186191888709817732e+01 4.783182013060544335e+01 2.760960265190916729e+01 4.241537500537639716e+01 3.979171264181247381e+01 3.979172706319222641e+01 2.915423053127215525e+01 4.347253842765661602e+01 4.536727813456863601e+01 2.852990417031583448e+01 4.840991100978916961e+01 6.068716712270979485e+01
3.515918393995972821e-03 2.000351591839364218e+01 3.828887933850571557e+01 5.243101490924787811e+01 5.214753394012954146e+01 5.623289912124612044e+01 4.913926738593865906e+01 3.852141321438984534e+01 2.450580620276226185e+01 3.208423314403300708e+01 2.982227517991493571e+01 3.605746534753129851e+01 4.311928837648789425e+01 5.312237047552383018e+01 7.300107231828484089e+01 7.882854327974440878e+01 5.897698804877691003e+01 4.651936531586714807e+01 5.526945941016588648e+01 6.942617374322675516e+01 6.828237338704987280e+01 4.816121965643932867e+01 3.416926345632192152e+01 4.855103519227234443e+01 5.687692992417883175e+01 5.396201925670788313e+01 3.369089790862535239e+01 4.783182013060544335e+01 4.415199352034365887e+01 5.979268991519974463e+01 5.743736363044870785e+01 3.917823929692540474e+01 5.743736363044870785e+01 5.101432625785537311e+01 3.108672376536700099e+01 3.562208871505436036e+01 4.075700323325881413e+01
4.608085242692564441e-03 1.000460808524277923e+01 2.414674370897398248e+01 3.529075808563116112e+01 3.422843971871937185e+01 4.260473302100900383e+01 2.571885293591250132e+01 3.549218879844487162e+01 1.995603860311599931e+01 2.324033094894589624e+01 4.399381511765288622e+01 5.601100658585681202e+01 6.306172139690436040e+01 7.129749625957136061e+01 8.123780262347437997e+01 8.728526843316564054e+01 7.483631438502943922e+01 5.653003501813058307e+01 7.483631438502943922e+01 8.358292886017304113e+01 7.558699611171257970e+01 5.829730100971101336e+01 3.835424122406365655e+01 5.502744007413865290e+01 6.646427468846367503e+01 4.186509550391454582e+01 3.870959333414166537e+01 5.874186748662057056e+01 6.420517088818571949e+01 7.249097416821879847e+01 6.742361032627934492e+01 5.328634526039522257e+01 5.915267753881259694e+01 3.921782132448868907e+01 3.395267104881880726e+01 5.385789301294640552e+01 6.074757756394237873e+01
1.610643649003322799e-03 2.000161064358644225e+01 2.389013067038959548e+01 1.579486182217182666e+01 2.790705411313816242e+01 3.007545944951805339e+01 1.359531822514679789e+01 1.617708056779296300e+01 3.613525414184071849e+01 4.399381511765288622e+01 3.029682022149152232e+01 5.057192905465610977e+01 6.337480079995058446e+01 6.999117512377245021e+01 7.823985713363254035e+01 8.818305224110308416e+01 8.484835102523182115e+01 7.656307254984110955e+01 8.484835102523182115e+01 8.148040872348870778e+01 6.140077934866359755e+01 4.719204521136953900e+01 4.980652835267974865e+01 5.047605614788746209e+01 6.895635216443747595e+01 6.293330618735060966e+01 4.678173268503739024e+01 4.821887781800416661e+01 6.228101665694715194e+01 8.223816760817378224e+01 8.156087539189741165e+01 6.857405322823460381e+01 4.858829731394543927e+01 5.915267753881259694e+01 5.385794555658663540e+01 3.809007209370810898e+01 5.801194274166855536e+01
2.022278438842990342e-03 1.944594001439998276e+00 3.896394117171434690e+00 5.876688923383927232e+00 7.917928544188441720e+00 1.008722331715821419e+01 1.493718106916912447e+01 3.471669230648763715e+01 4.438023916239018973e+01 5.720050759185674849e+01 5.057192905465610977e+01 3.765627741760749103e+01 4.349408846903281045e+01 5.014205215237360846e+01 6.005945400096507569e+01 7.992289624763196798e+01 9.485037848934314297e+01 8.608950556937372767e+01 9.485037848934314297e+01 8.148784659429134081e+01 6.140086312922922929e+01 6.140074136292911788e+01 6.401799013367482871e+01 6.169053632680079602e+01 7.833407773199174073e+01 7.460721089273680207e+01 5.646750506507157752e+01 6.228101665694715194e+01 6.228101665694715194e+01 8.223816760817378224e+01 8.272581799406839309e+01 6.271220033071248423e+01 6.271220033071248423e+01 7.685705260395023686e+01 6.466993359128191798e+01 4.469596104072225273e+01 4.282159826187578489e+01
6.642187732006160465e-03 2.000664218773165004e+01 2.389013067039791949e+01 2.586660733135334667e+01 1.458371284479840213e+01 3.007484591355950698e+01 3.471656433120362095e+01 2.247901011771435620e+01 2.997940063535357780e+01 4.374994317297604596e+01 6.289805047182937869e+01 4.923806079263763991e+01 6.337480079995058446e+01 6.999117512377139860e+01 7.823985844931100075e+01 8.818305239297959019e+01 8.431873772377861087e+01 6.506240007993753238e+01 8.431873772377861087e+01 8.981073358523869388e+01 8.148778419017185115e+01 8.147706142952890218e+01 8.408647122419476716e+01 8.154247614763886531e+01 8.981642280415027813e+01 8.452814543924391444e+01 7.041534562939295938e+01 8.223816760817378224e+01 8.223816760817378224e+01 9.051339412883146451e+01 9.100190487718801080e+01 8.272581799406839309e+01 8.272581799406839309e+01 7.622633144604942856e+01 5.621006320911206444e+01 6.466993359128191798e+01 4.910658299177993058e+01
1.591255364720534126e-03 1.414372687909579618e+01 3.414372687909649784e+01 4.163324771488633047e+01 2.165163620028376101e+01 4.163316106482244550e+01 4.967610886207431520e+01 3.123454350866489904e+01 4.932026283877742401e+01 4.911936229214180827e+01 6.745223368245272866e+01 6.910716773192095275e+01 7.735540568103370163e+01 7.724260153049239364e+01 6.876336054682036547e+01 7.724260153053054978e+01 7.557595282423751826e+01 5.498859339931107826e+01 7.557595282465564424e+01 8.078684690418519665e+01 8.950557851851701230e+01 8.425933638569321715e+01 9.298915602433341121e+01 8.698181370248457256e+01 7.876347712221611630e+01 8.698181370248457256e+01 9.036796510560634488e+01 9.480029501853474017e+01 8.654857810928197637e+01 8.394599683860418793e+01 9.220202964117336819e+01 9.099949699510776213e+01 9.924422756380852206e+01 8.450851702753314498e+01 6.776477460072585757e+01 7.578396527837992380e+01 5.575971929941772487e+01
6.189296070378335485e-03 2.000618929607002272e+01 3.828651913166935117e+01 4.990860366336540466e+01 3.318879123056443348e+01 4.990860366336540466e+01 5.784717578716323061e+01 4.427332668676076111e+01 5.784717569901167167e+01 5.858998120294649681e+01 5.031424217339882432e+01 5.944589143509780627e+01 7.119679830291451594e+01 6.691603276378407372e+01 4.803465433023195175e+01 6.691603276358787866e+01 6.871349968280750886e+01 4.861516933985374322e+01 6.871349968280750886e+01 6.007266955150940646e+01 6.954393869378924364e+01 6.344862139408881774e+01 8.425933638569321715e+01 7.702254299447888286e+01 5.881274228927097170e+01 7.702254299447888286e+01 8.347180496566821262e+01 8.323841473809068248e+01 6.647958786429990141e+01 6.385659047880256622e+01 8.063005256068812798e+01 7.096538639652230529e+01 8.769943900096490097e+01 9.605999057894810278e+01 8.778503305232767673e+01 8.406728948567150894e+01 6.576960279277349741e+01
2.247884206357958405e-03 1.000224788420644551e+01 2.414438350793764698e+01 4.414438350793835042e+01 5.316861457217325437e+01 6.144356742674487037e+01 6.138699958180351501e+01 6.203558879141105820e+01 5.403072743044583603e+01 4.572946154777738315e+01 3.002351910132627921e+01 3.716694823150588434e+01 6.059403032481614559e+01 5.795677147516386896e+01 3.812874759555267445e+01 5.839900743852526688e+01 6.291161146593637454e+01 4.331445921265194698e+01 6.291161146593638875e+01 4.878776291816184596e+01 4.946015377772556576e+01 6.954386075357734853e+01 8.147890442761628549e+01 6.878810970574350847e+01 4.879358657465140681e+01 6.355232243715856555e+01 6.355232243715857265e+01 7.496174118897756955e+01 5.481869945132210376e+01 5.218872333404613784e+01 6.781913014575729903e+01 5.931733532546489585e+01 7.943279784803971211e+01 8.952339814905219839e+01 1.010687570401747450e+02 9.407462663641491929e+01 8.579832776398635019e+01
