LEM/sinusoidal_perturbations/elevation_000155.asc
nrows	100
cellsize	150.0
xllcorner	0
ncols	100
yllcorner	0
NODATA_value	-9999
[rows 51 to 67 of 100, columns 0 to 36 of 100]
6.455108993161302530e-03 2.000645510899280666e+01 2.679319197758319504e+01 1.236140542538483089e+01 2.228195853411072846e+01 3.561218830853206185e+01 5.113274442705634470e+01 5.894680278270476492e+01 6.713352559428680877e+01 7.239156951808344331e+01 5.106163609023090544e+01 3.831066947700452374e+01 5.866372023269792635e+01 5.875048330528936447e+01 4.051470261349984980e+01 5.875048330528936447e+01 7.180339609392538591e+01 6.026842854649417802e+01 4.198028639146148322e+01 4.268028675004887162e+01 5.281861228506639350e+01 6.710099092434990098e+01 8.673272930183071594e+01 9.409483252015709809e+01 9.309208664542840950e+01 8.478488811836531625e+01 9.309608259206528658e+01 9.705187970947534382e+01 9.451654449474627029e+01 9.304395998828810832e+01 9.776652031572602652e+01 7.780704958535588389e+01 8.146968070725175437e+01 6.755732728357797612e+01 8.342003130102327191e+01 8.342003130101473118e+01 8.632355074673164097e+01
3.995603441288198172e-03 3.384612540605214992e+00 6.814582922464602177e+00 2.675815837539582276e+01 3.230771115266565374e+01 4.963401348080849118e+01 5.922304312963307638e+01 5.881900964262472087e+01 5.022420077983679221e+01 5.899214640386381348e+01 5.080033943911092109e+01 2.974335584890393491e+01 5.080033943911092109e+01 5.230316121159150811e+01 3.437322612530275734e+01 5.230316121159150811e+01 6.369094184998987629e+01 4.354860972460701873e+01 3.191424559939915540e+01 4.493853863689808037e+01 5.317989853002481482e+01 6.473973226082748056e+01 7.175372807594366975e+01 7.968485750057003258e+01 8.309790186947286372e+01 6.483294066668024414e+01 8.309790186947286372e+01 9.238054060639791487e+01 8.622500810038262387e+01 7.169596784944248213e+01 8.622500810038262387e+01 9.776652031572602652e+01 9.561584575792088003e+01 8.156560858943221604e+01 9.561584575792088003e+01 1.031860053306327529e+02 1.045464523793817904e+02
4.804567899273937473e-03 2.000480456789891903e+01 2.677627700407759903e+01 2.095397144252937949e+01 4.105911529185704723e+01 6.043785244150769387e+01 6.402860532939322979e+01 4.903727495856443852e+01 3.116190498799728914e+01 4.903727491543196493e+01 4.471042058727318391e+01 2.393774743445285580e+01 4.471042058742594349e+01 4.689708237553249859e+01 2.898253006748993954e+01 4.689708237550402004e+01 6.080688144172903975e+01 4.723208397282179760e+01 3.905027673773652452e+01 2.497047129663905451e+01 3.642404582748174136e+01 5.656955219929368184e+01 5.233468412004265957e+01 6.851919600941381816e+01 7.480842960866608848e+01 5.486692072108663609e+01 6.409418706474063754e+01 8.406308595572724585e+01 7.693082270297907144e+01 5.725853490053343364e+01 7.693082270297907144e+01 8.018469752906717929e+01 8.859122945519025905e+01 1.014406229753951578e+02 9.261754208289953283e+01 8.421873487900607813e+01 9.261754208289953283e+01
9.707512844716031236e-03 1.415184313680054018e+01 3.415184361730177898e+01 4.107432262218615904e+01 4.967739670969913135e+01 5.258845134115387765e+01 4.081776457040112405e+01 3.609197832803567252e+01 2.262774769677915288e+01 4.065324693992236149e+01 3.933922105397984836e+01 1.871655746397989617e+01 3.933922105398065838e+01 4.210921687738076713e+01 2.402868338791346403e+01 4.210921648077889756e+01 5.156972704697387400e+01 3.315869829174979344e+01 1.960692830108946083e+01 3.905027072347220951e+01 5.317988727171176322e+01 4.917824262958387038e+01 4.085929397744010316e+01 6.054213782062250715e+01 6.775786159295753919e+01 4.772440777455858552e+01 6.775709077959527349e+01 8.200815371966110945e+01 6.847183746104877855e+01 4.827105276841364656e+01 6.847183746104877855e+01 6.001956668177337662e+01 7.692689697223271139e+01 8.859122945519099801e+01 8.252998617871257636e+01 6.408562534110373576e+01 8.252998617871257636e+01
5.001202446392439237e-04 1.034996290113963191e+01 2.435861005411019420e+01 4.544477235215583732e+01 4.174376328041540773e+01 3.788828917968922383e+01 1.771235073441175345e+01 2.875973453497882559e+01 1.686574925264557834e+01 3.443642676981520623e+01 3.202127424098627984e+01 1.355696647250177378e+01 3.095593454539081080e+01 3.615475013651563074e+01 1.938277446551468941e+01 3.743773361423443191e+01 3.816680443960248681e+01 2.495516288112091274e+01 1.674009948658633817e+01 3.543572164250657863e+01 4.028654959993950513e+01 2.929338539088915994e+01 4.342888168513481162e+01 6.302659784573343416e+01 6.240357024507638073e+01 4.216437375342687233e+01 5.366188022955799397e+01 7.372605409042871827e+01 6.206543943705967337e+01 4.193527062584035292e+01 5.905950518388728909e+01 4.842619410886096887e+01 6.001956668177337662e+01 8.018469752906717929e+01 7.415218011005492826e+01 5.399197143470085791e+01 7.415218011005492826e+01
5.279685921607564676e-03 2.000527882216266917e+01 3.744922833299012410e+01 3.235542376087824579e+01 1.750234649964946598e+01 2.077373873893106904e+01 8.178702665097894453e+00 1.036788036714810701e+01 2.448075575596040210e+01 2.483857779351995987e+01 1.769245665040688209e+01 3.505471143422814961e+00 1.272463806240197925e+01 2.760850491426209885e+01 1.489742270034280658e+01 3.268961532245914725e+01 3.046305444143476038e+01 1.327410867040291187e+01 3.051358312181392307e+01 3.346173172328605006e+01 2.040298503011824138e+01 3.035174898479803929e+01 4.447672131349420965e+01 6.410231713651711516e+01 5.734372473408961923e+01 3.673113711793659064e+01 5.734372473408961923e+01 7.294874854266285524e+01 5.624053854487624449e+01 3.617889204731826425e+01 3.899442752258391920e+01 5.905950518388728909e+01 7.692689697218860090e+01 8.404802514717147233e+01 6.743211055160355727e+01 4.718682103317670595e+01 6.743211055160355727e+01
5.738623160518319517e-06 1.996446501718101985e+01 2.166672169792130020e+01 1.070921139279418677e+00 1.384294138680213448e+00 1.697493039964488304e+00 5.474954179822610456e+00 1.790072673419164317e+01 2.127075236651693757e+01 3.200860776951341968e+00 3.513019022419405779e+00 3.827764599001230117e+00 1.622605502688462309e+01 8.775810954318675527e+00 2.374442344477191114e+01 2.486563690712164743e+01 2.657110526477374890e+01 1.100394168989413579e+01 2.620894132198397131e+01 1.358544551578808424e+01 3.346653919480979056e+01 4.835905552901760274e+01 5.822498088699691721e+01 6.725886857753611991e+01 4.702172418410708588e+01 3.188559014551926296e+01 4.437480614584756466e+01 6.466175219485231196e+01 5.086797153063552912e+01 3.092801355536179386e+01 4.498218322365473654e+01 6.507752148636217271e+01 6.780390637016265032e+01 7.368653607109094139e+01 5.430628931658744563e+01 4.124521854751555594e+01 6.158779887496076810e+01
4.532054705376768917e-03 3.161205539698559441e-01 6.277471030162294907e-01 3.484636217511040801e+00 1.389330203465835289e+01 1.776767986860246396e+01 2.139769810425520280e+00 2.451171311358073979e+00 2.761170114944039078e+00 6.876415113338292251e+00 1.981295345348431525e+01 2.283660565173196133e+01 4.279731404924242533e+00 4.601348930366770063e+00 4.924619133439716911e+00 5.247518625373992940e+00 1.169684552283777812e+01 1.667460084042682666e+01 7.161679679081618843e+00 2.655674958374509131e+01 3.525998084315870074e+01 4.307744785064288351e+01 5.294715033568264317e+01 6.343443505449281616e+01 4.297642194546340022e+01 2.757692160204560494e+01 4.297642194546340022e+01 6.343443505451794806e+01 4.722410271775135016e+01 2.746359305435349540e+01 4.722410271775135016e+01 5.172997760644621223e+01 5.033707643165195833e+01 5.921810030723827367e+01 5.655528993194877074e+01 3.626892430036419768e+01 5.655528993221608403e+01
9.001595176218036079e-03 1.622893241167270162e+01 1.838584624423756964e+01 2.851482292432125920e+00 5.451829266186001277e+00 2.428285450973634951e+01 1.478829406026664373e+01 2.225219853625035782e+01 5.056301246986025788e+00 1.418699703748532670e+01 1.213597268656638661e+01 2.646016340804553835e+01 2.629218076214305455e+01 2.560689171952295951e+01 1.449681668349679953e+01 2.517179972199555493e+01 5.701820676787340503e+00 6.235274721659322950e+00 1.662147508368627769e+01 8.280963108201792267e+00 2.654369515261464230e+01 2.343063722246013114e+01 4.431148549310973550e+01 4.841784687468120296e+01 4.490164963650981633e+01 2.384756040252009157e+01 4.013362850953632943e+01 4.865377583694015584e+01 4.378126189452085981e+01 2.430099882941041756e+01 3.914122684779427175e+01 3.282509186599978790e+01 4.165655421679210946e+01 5.752058506533261806e+01 5.194222731651748859e+01 3.177213416424835657e+01 4.577833202953609515e+01
5.674351268809080251e-03 9.858852211086606587e+00 1.958111803319487976e+01 2.754847767013448490e+01 2.492991236629315921e+01 9.989778507943773533e+00 2.826159051565505109e+01 1.810424682678591068e+01 3.239229461854895931e+01 3.238917766025820555e+01 2.972934949415101258e+01 1.726925430598809896e+01 3.455545076567049989e+01 4.160061835056108492e+01 2.792184367280727386e+01 3.329700875153656625e+01 3.091213538027550456e+01 6.195243951337755739e+00 1.910493081669601523e+01 2.731458734985040593e+01 9.394652385145038309e+00 2.904105304042078828e+01 3.421212076805916524e+01 2.697757472538525647e+01 3.394345477809869749e+01 4.009488000769309224e+01 1.923547497634071846e+01 4.013362850953333094e+01 4.560987324091021833e+01 3.489459588522019828e+01 2.019174977720141584e+01 2.870706631678197596e+01 4.112774560233283694e+01 4.232556537340108349e+01 4.332097985474334223e+01 4.334326706336405266e+01 2.592922546127480388e+01
9.518805923843161668e-03 1.953370596738827558e+01 3.325780802889288879e+01 3.526438175460967273e+01 2.936565596414661528e+01 2.961051738711477554e+01 1.490519922178681078e+01 3.478738907833473348e+01 3.125774766903658630e+01 4.983230560406771303e+01 3.461136069100271584e+01 3.461252858807627319e+01 2.344551125412542092e+01 4.140465474240634336e+01 4.738984236537090311e+01 4.914201797980897624e+01 2.496157640894321617e+01 6.541010377621693017e+00 2.283446335863530763e+01 2.587993694732102767e+01 1.018040367597270901e+01 2.962041528328170870e+01 1.248137142191998805e+01 1.331483128487359480e+01 1.884385430444292808e+01 3.347013608826760134e+01 1.645508774623174375e+01 3.559527784902377334e+01 3.684966933180993465e+01 1.923617747810337519e+01 3.537868056472951395e+01 2.120032917431562325e+01 2.202499514987733065e+01 2.287248877026317828e+01 2.374118727002349161e+01 2.462853104312274866e+01 4.432637393822567162e+01
9.062254805971973678e-03 2.000906225480561673e+01 3.811746424305481185e+01 4.805613467843522102e+01 4.815334594910729749e+01 3.850006659406212606e+01 1.852909875599470624e+01 3.850006643645541970e+01 4.983717999255686948e+01 4.983718045545923303e+01 5.316163952457785058e+01 4.670410860571579548e+01 2.837557548897222048e+01 4.670410431453359479e+01 5.597295425017530590e+01 3.383203257799845431e+01 2.805280867118800003e+01 6.891859654436089500e+00 2.529850576665989692e+01 3.327602089856053880e+01 1.706191140537174178e+01 1.131623292173990691e+01 1.961420051949793830e+01 3.140758855579481690e+01 1.449358041445453793e+01 1.532414958051273501e+01 2.399952874403046721e+01 1.753919119874865373e+01 1.826358107221331650e+01 3.685057952385797364e+01 4.177829882869513511e+01 2.279021800763812422e+01 4.134046177080063700e+01 4.232562950914884681e+01 4.332097985945053154e+01 3.843314391185704437e+01 3.694074254935019042e+01
3.063233560239582431e-03 9.331164274114572166e+00 2.255685526914253458e+01 4.417400070325523842e+01 5.255056013970570206e+01 3.438505802825019941e+01 2.249945298485894796e+01 4.251902637571041765e+01 5.660730011909924997e+01 6.833430083626439000e+01 5.763565589973111258e+01 3.874203049882119387e+01 4.114495090714460446e+01 5.473440094167287384e+01 5.194880667667140983e+01 3.382427258097136047e+01 1.392823541620349026e+01 1.512236482754926925e+01 7.398395146740639916e+00 3.080689587450991240e+01 3.606225391554144011e+01 2.096349646061280581e+01 3.433120822985807763e+01 2.156805620859101325e+01 3.767821657416178027e+01 3.428654795216016993e+01 2.133422839691982631e+01 3.566667868487699167e+01 2.167472300916058003e+01 4.313719365207423806e+01 5.050040880432136703e+01 4.219248615347854781e+01 2.520022369666519779e+01 4.488425709427714594e+01 5.634524474981014208e+01 5.844533735082817572e+01 5.704949720049958017e+01
5.666595628964066558e-03 2.000566659562860750e+01 3.723065316407433301e+01 4.877765854786705546e+01 5.980983034055218894e+01 4.257685760802630881e+01 4.251902637571041765e+01 2.956703526413756578e+01 4.898277703271757844e+01 6.263839612823321801e+01 6.583648740775127806e+01 4.943576034775864514e+01 6.012510251697711539e+01 5.827678468050751803e+01 3.665911656641320349e+01 2.283620916516817800e+01 2.653985743706016365e+01 2.458232563582888019e+01 7.756420912279932800e+00 2.924279599854236977e+01 4.763600885059175027e+01 3.464734190325479801e+01 4.429669087114478998e+01 2.656280569952325976e+01 4.432396245377718458e+01 4.497317165334635547e+01 2.565787126242333116e+01 4.475660499362152223e+01 3.774302229457817504e+01 5.289705800038518646e+01 6.343913381253332062e+01 4.894455663861250372e+01 2.901603113745792939e+01 2.810723261362894476e+01 4.801311274060547873e+01 5.958744221263356167e+01 7.382393662667514889e+01
2.110006612196471242e-03 8.946381916611432672e+00 2.049338730040415157e+01 4.049338730040485501e+01 5.689639273332431202e+01 6.169060040672759015e+01 5.583485856066106123e+01 4.898277703271757844e+01 3.766939893959707319e+01 4.720402696917143714e+01 6.704398889814343931e+01 6.887915869788990619e+01 7.718826073633520934e+01 6.445589079734457982e+01 4.295822964245101616e+01 4.101953346913060017e+01 3.240448813612168522e+01 2.766973599122552230e+01 8.112024015750680661e+00 2.799255836994634805e+01 4.111711779407416145e+01 5.439530524786212595e+01 4.936391904271737019e+01 3.190074782872073555e+01 4.936391986403146603e+01 4.497317175101982656e+01 4.497317175101982656e+01 3.395968621758762396e+01 5.384733106326557817e+01 6.686617884298716774e+01 5.515091809179020998e+01 3.507096882217310707e+01 4.895557062501166712e+01 4.801311274062218359e+01 3.120569083531956522e+01 4.535094350541564978e+01 6.296681858207243465e+01
9.367352646185668139e-03 2.000936735264583177e+01 2.930600806718729601e+01 2.861212148586140813e+01 4.050021275368629148e+01 4.757128056555188778e+01 5.585555181301408822e+01 6.387325769054859848e+01 4.864918637729127227e+01 4.937244628540357638e+01 6.688563208757312850e+01 7.614117457913806675e+01 6.808698995183712555e+01 6.372921230932149683e+01 4.974915438550208791e+01 3.537352424784880611e+01 1.641955231070442878e+01 1.741333550060225477e+01 8.466659177465105657e+00 1.150019611975696066e+01 3.272583558990158537e+01 5.319191594248471233e+01 4.138452612459344238e+01 4.936392498294470244e+01 5.710665150779401955e+01 6.521219631199565470e+01 6.111903266736200635e+01 4.081764917713269369e+01 6.111903266736200635e+01 6.590131187602649732e+01 4.578916672068367433e+01 5.515091809179020998e+01 4.403289794383775302e+01 5.958744222740902785e+01 5.124351924626945021e+01 3.451576215674968040e+01 5.461866986881377528e+01
3.648181865326004768e-03 4.591962859276581099e+00 9.306008067186938959e+00 1.446998586213020666e+01 2.050021275368558449e+01 2.757128056555118434e+01 3.911828594934410575e+01 5.911828594934480918e+01 6.140210694293644167e+01 6.172924446042459579e+01 7.458142917654333814e+01 6.809004907323169675e+01 4.868965339130193826e+01 5.437168676805526246e+01 3.577680301759848192e+01 1.996607107027035610e+01 2.943365402324648628e+01 8.971199721927003878e+00 2.594945187446897705e+01 2.403566763343288315e+01 2.174654526961041157e+01 4.636536665630115550e+01 5.857686969105202479e+01 5.255531927884444343e+01 6.429817187215161312e+01 8.250022263803252542e+01 6.972967207027512870e+01 5.239365203907258461e+01 6.972967207027512870e+01 7.425053310825158803e+01 5.584598637374995178e+01 7.084836013974349100e+01 5.074003572637361970e+01 7.084836013974349100e+01 6.296681840614599679e+01 5.461866984745574882e+01 3.799516226071058611e+01
