LEM/sinusoidal_perturbations/elevation_000221.asc
nrows	100
cellsize	150.0
xllcorner	0
ncols	100
yllcorner	0
NODATA_value	-9999
[rows 68 to 84 of 100, columns 0 to 36 of 100]
5.009162696260268353e-03 2.000495405239890090e+01 3.857339830315329010e+01 2.442978742977605577e+01 1.695167101114850539e+01 3.109881511819602196e+01 5.110746712537089564e+01 5.858670629723086876e+01 4.409460007987694752e+01 4.672252425695943856e+01 6.695998133339129765e+01 7.982376730249370667e+01 6.185662607149548364e+01 4.790593408928094021e+01 5.684947550308512376e+01 3.917136320533712990e+01 2.310497673494641546e+01 1.649362397448935980e+01 3.968846533101269358e+01 4.744167707764816555e+01 4.506320290998263545e+01 6.463762136210351628e+01 6.180185347619719494e+01 5.166813992469479899e+01 6.162348807110634397e+01 8.224764598429050011e+01 9.468527747104270986e+01 8.641192070772424927e+01 9.074163844524530020e+01 9.106500300111675017e+01 8.104032565256564169e+01 7.272633406133211054e+01 5.692734220793326472e+01 7.695937956214243059e+01 7.823061135991245862e+01 6.409497981984297610e+01 4.450516621518148952e+01
4.695337527364121070e-03 2.000469533752700713e+01 3.829188539392484358e+01 4.443791643413288739e+01 3.695921360869571970e+01 2.479819019665841395e+01 3.635091630720561540e+01 5.635944949514055935e+01 5.841544592769974997e+01 6.695998133339129765e+01 7.530637574575045790e+01 8.401988845423164776e+01 7.615283131790945959e+01 6.817255159797622355e+01 5.640619904715038047e+01 3.616077445726584472e+01 3.203117849566096709e+01 1.688926917948178996e+01 3.772274377815737978e+01 5.369107215229949048e+01 6.435571798077737071e+01 6.328114299873181636e+01 7.154126821242897449e+01 7.193556702769836875e+01 8.061672905165100644e+01 9.100447747404494692e+01 8.320207461980875507e+01 6.655728987264680541e+01 7.085801344502296217e+01 8.493817129470249938e+01 9.642720663900659872e+01 8.527577803364944486e+01 6.849387492777067621e+01 8.527577803350234831e+01 7.291578349323556552e+01 5.319186686334993652e+01 6.409497981982264037e+01
7.614146464036155443e-03 1.000761414646394876e+01 2.414974977019464930e+01 4.414974977019393521e+01 5.147741625142009525e+01 3.146771991615003827e+01 5.147741625142009525e+01 6.464611169435238480e+01 7.863203376110151055e+01 8.493089238884468273e+01 7.469882105453289967e+01 6.119784064248961641e+01 5.871406206275351991e+01 5.209880936742001012e+01 4.655202713338842102e+01 4.188704457210852183e+01 1.744817733270248183e+01 2.886563262985123757e+01 2.744469395381585031e+01 4.626510306649826987e+01 5.998324581532059341e+01 4.353535303553260860e+01 6.010790121097873850e+01 7.154126818010253430e+01 8.107647290155566111e+01 7.855111617563008508e+01 7.031003875752092824e+01 5.519060979119544186e+01 5.690881833420167624e+01 6.828493240866032465e+01 8.815211639635020902e+01 9.685357855927158255e+01 8.852347394854906781e+01 8.368035789945157887e+01 6.354168322820305548e+01 7.291578349323479813e+01 6.741101491700460713e+01
2.352828262072654761e-03 2.000235282826171712e+01 3.181051603868476363e+01 3.888158385055071165e+01 4.716585509801291209e+01 5.147741625142009525e+01 4.412410807019087144e+01 5.827215031853122440e+01 7.827445288936921486e+01 7.658891269426328563e+01 5.599022428453962874e+01 4.532534347993733803e+01 3.713012919703093218e+01 3.065107606356365721e+01 2.579055954015690943e+01 3.931096137652671274e+01 1.784276243915605420e+01 3.056819922523757427e+01 4.169029010592082329e+01 5.020444563522038806e+01 4.249567730721630454e+01 3.198001643948799000e+01 4.353535303553260860e+01 6.328114299870565418e+01 6.126792399491600349e+01 6.713489278223772772e+01 5.058719407219437159e+01 4.642304188546778931e+01 6.031341308709399129e+01 8.011339382268450038e+01 8.463691071427400914e+01 9.047925454501944387e+01 9.571953663540861612e+01 9.211763636581832770e+01 7.769876276867390175e+01 8.368035789945044201e+01 8.156701473299109750e+01
6.786455232800275850e-03 5.780289147129082039e+00 1.181051603868440836e+01 1.888158385055000821e+01 3.042858923434272711e+01 5.042858923434343410e+01 6.413068910218453311e+01 7.241727854602378045e+01 8.107216668534742610e+01 8.493089238884468273e+01 7.469882105453289967e+01 6.547670661535593695e+01 4.432439381169915293e+01 5.209880936742001012e+01 4.050460209016961244e+01 1.962795493773245781e+01 1.823683621787816023e+01 3.425878119280403666e+01 3.888763915028451379e+01 3.939435076203751152e+01 2.115176865806282080e+01 4.210771511301379633e+01 5.393952373023940083e+01 6.388925985303603738e+01 4.734625005220981819e+01 5.892304906926248265e+01 3.924188719809125558e+01 5.892304906926246133e+01 6.359508903892754716e+01 7.272569396849326040e+01 6.483888791284036301e+01 7.063759453729451820e+01 7.581419980018783633e+01 9.571953663540861612e+01 9.812120598880238731e+01 1.040868737073148367e+02 1.016527919182222774e+02
3.257643153035955173e-03 2.000325764315267918e+01 3.181051603868476363e+01 3.888158385055071165e+01 4.716585509801291209e+01 5.871286048180562744e+01 5.668017810162816517e+01 6.494897896390978076e+01 6.105482971273628579e+01 7.521781134044704231e+01 8.593471298972139039e+01 6.547670661521478053e+01 6.547670661535593695e+01 4.855383991224912421e+01 2.725755839144683179e+01 3.563412111872546006e+01 2.333051487298353521e+01 1.879620625723996952e+01 1.918998740175187478e+01 1.958185621382074615e+01 1.997247356863767109e+01 2.257411683967982441e+01 4.535470998724041891e+01 5.505072436785162182e+01 3.593989089979605467e+01 4.890990296724951492e+01 3.500023726640918653e+01 5.379134594649777767e+01 4.255113957898286969e+01 6.048746108012487355e+01 5.104323128254583963e+01 5.972397629276881759e+01 7.946689716723602714e+01 8.702376476378742609e+01 9.530103979024224259e+01 1.004523221910183821e+02 1.067705988452434553e+02
1.880098487986705483e-03 1.414401572221906278e+01 3.414401572221976977e+01 5.146612776740723660e+01 4.550038117663836346e+01 5.339896360686245202e+01 3.705290970195888889e+01 5.356045637705653917e+01 4.701501097980489163e+01 6.065740324100280390e+01 6.894399463861725508e+01 7.328502458535251662e+01 5.247453639740359677e+01 3.732275438269257251e+01 3.960118243282622785e+01 5.487418780555872644e+01 4.740453957942691687e+01 3.040576655029851239e+01 3.338812104944723558e+01 3.844016283873111917e+01 3.979406691739385593e+01 2.052374188982080483e+01 4.036233202905449957e+01 4.404323250253858646e+01 2.698343067835029530e+01 2.907638610172993054e+01 3.154953774513800013e+01 3.406841772627055320e+01 3.673775317728537004e+01 4.238991172994030165e+01 6.187472889460603653e+01 6.748101068948633952e+01 7.134366849888915851e+01 6.716086982585251519e+01 8.050896475722289836e+01 8.050896475722289836e+01 8.679045373082411174e+01
2.900726248362994839e-03 1.414503634997943848e+01 3.414503635015441319e+01 3.145736261053061611e+01 2.469419646934697354e+01 3.518832915284220064e+01 2.661838280060767303e+01 4.534836940762185264e+01 3.704810875819886462e+01 4.073704843706574508e+01 5.481022314078725799e+01 7.477374474058130716e+01 6.707183765152778676e+01 4.696620541512793068e+01 6.078339746052148485e+01 6.926614802495761580e+01 5.977864823683680129e+01 5.121353187025357556e+01 5.379401848911693662e+01 4.569587527573955299e+01 2.240525898017329709e+01 2.091221368498316124e+01 2.644416999236799626e+01 2.415810704496305661e+01 4.404324443222737528e+01 4.890990296724951492e+01 4.555167825473595400e+01 4.801756185625022511e+01 5.637116736813852924e+01 4.105022364151272996e+01 4.440691935245068578e+01 4.784317125704026807e+01 5.164790095441325235e+01 5.579872015573537425e+01 6.069677382627325102e+01 6.692664147701083266e+01 7.577310851830550575e+01
5.081304048347549951e-03 2.000508130397588502e+01 2.498516461261177213e+01 2.754590221127976690e+01 1.143327015539756353e+01 1.731421893239338416e+01 3.518832915284220064e+01 4.248373375212279512e+01 2.795796545309648096e+01 4.805866464517912107e+01 6.186980418633463330e+01 7.016171258276416722e+01 7.637019586276413463e+01 6.195304772227524381e+01 7.637019586276413463e+01 7.739535220498784440e+01 6.916588734993656828e+01 6.388919864316144981e+01 5.910246809441188276e+01 5.405256951385514697e+01 4.566601200357889212e+01 4.076465601393936566e+01 2.146033398989369800e+01 4.133552760702745132e+01 4.396980043079984313e+01 6.367688179781314517e+01 6.526637730999956943e+01 6.773049380296657773e+01 6.807539953821336098e+01 4.842351081085713105e+01 6.400949833185258342e+01 5.759800660507764292e+01 6.553173381368971206e+01 6.973311061776890085e+01 7.467524731504099123e+01 8.679045373082409753e+01 9.506973588403286612e+01
4.469920835086939326e-03 2.485164612619261693e+00 4.985164612619271907e+00 7.545902211277201843e+00 2.754590221127524785e+01 1.587484719508444897e+01 1.902184455614539260e+01 2.235648555197402843e+01 4.248373375212279512e+01 3.566446438381501594e+01 4.201034978680073095e+01 5.601861479913204533e+01 7.599582496093273676e+01 8.245278644605376428e+01 8.673718401299822744e+01 6.916588734993658250e+01 4.942232607252468313e+01 4.415300298929611955e+01 3.935910281485999462e+01 5.268402579575465694e+01 5.149668171788977844e+01 4.160514500780293901e+01 2.185613719892750950e+01 3.498426017643016195e+01 5.263079927396240976e+01 6.962006783100289908e+01 6.794178447688403821e+01 7.615839876777437212e+01 7.630951753942778737e+01 5.971448221407902679e+01 7.630951754176169288e+01 6.896466826540722650e+01 8.537492003952422692e+01 8.961341522265333026e+01 9.459280452519068660e+01 9.289798501180125356e+01 9.289798501180126777e+01
2.324776005098761877e-03 2.000232477600474468e+01 2.498516461262151722e+01 2.168803783500840510e+01 2.274890159292660030e+01 3.908432148464453348e+01 3.462658496376059247e+01 3.288576481909339577e+01 4.780570082304107871e+01 4.717731999448352553e+01 6.186980418633463330e+01 5.601861479913204533e+01 7.599582496093272255e+01 9.253239032842293454e+01 7.267204089763703223e+01 5.871168858924867351e+01 6.916588734993658250e+01 6.388919864316144981e+01 5.269696394990197064e+01 3.292874930269203304e+01 4.341692848363079804e+01 2.423628255043604796e+01 2.225263849918239956e+01 4.214115068710666634e+01 4.174068796299799544e+01 5.858441597791701128e+01 4.823735490692166650e+01 6.352861314838297346e+01 7.173499343968168773e+01 7.949662500192538062e+01 8.775839836890770584e+01 8.883773547967798834e+01 9.711578745267648571e+01 9.416669988100326805e+01 8.583162130950530866e+01 7.291129024290547989e+01 7.291129024290549410e+01
8.699724428260374037e-03 1.415083534815933497e+01 3.415083534816003663e+01 4.168803783508553096e+01 4.195177037152305388e+01 5.016848507510968602e+01 5.508080683561057356e+01 5.102727452991957335e+01 5.907902684460741227e+01 6.708120891130272412e+01 7.538096728813452785e+01 7.599582496093272255e+01 8.430481036639679360e+01 9.253239032842293454e+01 7.267204089763703223e+01 7.848900256917980300e+01 7.942628240906840631e+01 6.799788368591005394e+01 5.915621455237948823e+01 4.673664830892639088e+01 2.709742678639002733e+01 4.341592362660921367e+01 4.193555993054388864e+01 2.282811584966220764e+01 2.400979020498220251e+01 4.772768328195166987e+01 3.683273434016690118e+01 4.383374792113489349e+01 5.519415515556706708e+01 7.491369461481930614e+01 8.806318895091538934e+01 8.013351794237860304e+01 8.806318895091538934e+01 8.583162130950530866e+01 6.593708436758426217e+01 5.896287849226302313e+01 7.876525760720934954e+01
2.249585233037712084e-03 2.000224958523268270e+01 3.644951098345751461e+01 4.799651636725022996e+01 5.741287350747444407e+01 5.755619619484803451e+01 6.340371316428824855e+01 6.691254265286069369e+01 5.864332042281105828e+01 5.779032750413092145e+01 6.608405556497724831e+01 7.608997111418386794e+01 9.024860195728599876e+01 1.008023271283595363e+02 9.253239032842293454e+01 8.786082722712275483e+01 7.119117464721887245e+01 5.143253696025576005e+01 4.003807091173836596e+01 3.117627034558911348e+01 4.673664830892710853e+01 5.491861528384363567e+01 5.085250440274732142e+01 4.276440425242348198e+01 2.340763052727386295e+01 2.869690459762387746e+01 4.850958880639849724e+01 6.352861314838224871e+01 7.173499343702019360e+01 8.314648636600016118e+01 7.876567375030253970e+01 6.176584476476238450e+01 7.876567375030253970e+01 8.623381048750151479e+01 7.176405932930656206e+01 5.213891807245175158e+01 6.288170054906565554e+01
2.739267172789772273e-04 8.165239735994610726e+00 1.971224511978732963e+01 3.971224511978803662e+01 3.741299546321206293e+01 3.755746254936534712e+01 4.341403917780734645e+01 5.538016432477630957e+01 3.864552941151760734e+01 3.778898203527585764e+01 4.778896816688831706e+01 6.193134027108168738e+01 8.007184966607252363e+01 9.163302790476157611e+01 8.786082722712275483e+01 6.802909595494973871e+01 7.166828644951606009e+01 6.508505552466225197e+01 5.420142649301899951e+01 3.444258544777656539e+01 5.420142649301899951e+01 6.482065821741245770e+01 5.501700198730349456e+01 4.266192674220108216e+01 2.382132116838677049e+01 3.501902680724512607e+01 4.904628049185276240e+01 5.910378687589922464e+01 6.985086885868823003e+01 6.897174188009971374e+01 7.094968135197224512e+01 5.243836722681512441e+01 7.094968135357051153e+01 7.792389897840351409e+01 5.817006862142027757e+01 4.705933350943012528e+01 6.072186771535080396e+01
8.327778614586212741e-03 2.000832777861423040e+01 3.644951098345751461e+01 4.000824969312426305e+01 2.327088336759415554e+01 2.341536234478387613e+01 3.748615827975870474e+01 4.060860176680595401e+01 2.709853615106182545e+01 3.465782507521534939e+01 4.282278633448670035e+01 5.176703690791914170e+01 6.331404039460463906e+01 8.332240645668963452e+01 8.568196529180841026e+01 6.586363061429767640e+01 5.191859367495473521e+01 4.535089131648231842e+01 3.940080782870857945e+01 5.420142649301899951e+01 6.240712904622132129e+01 5.655854240702844038e+01 3.650030177594533143e+01 2.916409579587451262e+01 2.424328922829878152e+01 4.418310112960050873e+01 3.104604275145538139e+01 4.333506440844338670e+01 5.266867014510839340e+01 5.048965861480493089e+01 5.680868598240023459e+01 4.600150410232748044e+01 6.477924331061005603e+01 6.527091242893637002e+01 5.707968884680179400e+01 4.305737558691988909e+01 5.669300617663888886e+01
6.510866554257996840e-03 2.000651086655390287e+01 3.629432991930890040e+01 2.800995108508173104e+01 1.172387936234561145e+01 1.447109064131923972e+01 1.748620408709608043e+01 2.060967932486398979e+01 4.061006492872984097e+01 5.263436486528935632e+01 5.840817802037952333e+01 6.507538402645921849e+01 7.336979122779341367e+01 8.337623687747193912e+01 9.151994528280314967e+01 7.166828644951606009e+01 6.611299651727364335e+01 4.637628294623262093e+01 5.078677324948884575e+01 6.734766281387911135e+01 7.655723236678552723e+01 5.655854240700998048e+01 5.591390047662346774e+01 4.767479733319068913e+01 2.556274036853321974e+01 2.486645617673717368e+01 2.531368886717201150e+01 4.503956473473543554e+01 3.260400385706130066e+01 4.772174375298828153e+01 3.758008682881717988e+01 5.073379526575270404e+01 5.175546154630282558e+01 5.687924746263753661e+01 3.774791704786423452e+01 5.359202844684575950e+01 6.249678853930403477e+01
8.953482861371391335e-03 2.000895348286101694e+01 2.444647169277229537e+01 8.009972598804633748e+00 2.800995108508173104e+01 2.601809896728492788e+01 3.748615827975870474e+01 3.475167618217672327e+01 2.746962269567404036e+01 3.263360038851199363e+01 3.840710254432808313e+01 4.507376600822014012e+01 5.507373457962255259e+01 7.507703347329585597e+01 8.856643484361644880e+01 6.872905671717165887e+01 5.477802312097036008e+01 5.775444782593798010e+01 7.053884519483270310e+01 7.877298655062489274e+01 8.014821849019917011e+01 7.192069489465833954e+01 6.249410214877082126e+01 4.945692598698688158e+01 2.943877284623760815e+01 4.475930957707161184e+01 3.560706608579802435e+01 2.595106059783877939e+01 2.641961331006755742e+01 4.298143806192506844e+01 4.934205272675635001e+01 2.960646672206516072e+01 2.906543104551438361e+01 4.887744383897891964e+01 4.220486059983040406e+01 3.329594345383478071e+01 5.311482635187896761e+01
