LEM/sinusoidal_perturbations/elevation_000075.asc
nrows	100
cellsize	150.0
xllcorner	0
ncols	100
yllcorner	0
NODATA_value	-9999
[rows 68 to 84 of 100, columns 37 to 73 of 100]
7.876405911019925554e+01 5.926273851469368026e+01 7.876405911019925554e+01 7.370444252413442143e+01 5.291802031328099076e+01 3.810316960444955470e+01 5.594453071178304526e+01 5.251457832234442691e+01 4.321648285523711763e+01 5.182704321451657137e+01 5.134183465705163485e+01 3.347658128348541595e+01 5.261481771806418095e+01 3.578506402397509589e+01 5.470990378260742659e+01 6.508376184149852861e+01 7.236470363157121710e+01 6.293455215491005106e+01 5.433318469260446193e+01 6.773385402208865003e+01 5.486375533170800622e+01 7.513635315119277891e+01 9.329547845860754762e+01 9.208287089190687880e+01 7.216143575760914075e+01 5.809481384568871931e+01 7.799628901914121570e+01 8.311399279349951996e+01 7.486166085794161518e+01 6.097628655747844562e+01 8.085545595083915771e+01 9.594511996456495240e+01 1.074393578254337314e+02 9.722439947029565133e+01 7.713045472986790685e+01 7.303143623181657063e+01 7.564900806512223141e+01
6.389912765072146783e+01 5.537605501166693500e+01 7.486628291904489174e+01 7.008453919840894741e+01 5.245182306000319983e+01 4.071427022192026612e+01 3.310311144398626482e+01 3.185216710897826431e+01 3.222722978804014105e+01 3.259792261667249846e+01 3.296378522833487068e+01 5.212449943704159949e+01 6.082507204839717474e+01 5.480765093464174953e+01 3.861550491171156807e+01 5.812307941502576369e+01 6.981086795232234010e+01 8.031121737296641072e+01 7.490508545956947728e+01 8.336962254209350931e+01 6.645341587578218423e+01 6.428870128524833660e+01 7.608529124241577790e+01 9.672900697621548716e+01 8.625623970704238275e+01 6.697589542327496304e+01 6.619692495648787656e+01 8.613652577875794236e+01 8.911269531341500283e+01 8.085545595083915771e+01 6.777431153307800571e+01 7.928433982536695623e+01 9.915967162952759395e+01 1.057150833033325625e+02 9.722439947441205277e+01 8.440308034492809952e+01 8.709195820346748462e+01
6.535783600822082917e+01 5.159755136993146607e+01 7.112784049306944212e+01 6.849043683300391194e+01 4.209696735318069472e+01 3.900016539251070213e+01 3.131683143510003475e+01 4.636849099352809134e+01 5.132565559429914970e+01 5.181533820958708958e+01 3.984199028402251486e+01 4.087990134510368279e+01 6.024227425964470939e+01 6.567987147764648626e+01 5.394582713086891346e+01 4.205244374833942800e+01 6.157690841825336037e+01 7.342812562413610067e+01 8.745122682548520743e+01 9.547426677082431468e+01 8.699746604887059220e+01 7.608529124241577790e+01 9.329548123933001591e+01 1.051687565857992865e+02 9.518932399758331542e+01 7.850487775082298469e+01 7.618936875859951385e+01 7.772888466966139731e+01 9.762157711968610840e+01 9.519758095440319323e+01 7.532021673358110547e+01 8.037834241802846691e+01 9.441836777360332178e+01 1.143528018920799667e+02 1.132635635369636447e+02 1.047441631720297437e+02 1.014993472483880197e+02
6.211486063263006940e+01 4.829836852759289911e+01 6.787426704009820355e+01 7.738723005328563431e+01 6.848786791522550743e+01 5.410043142212683875e+01 3.093810474644517683e+01 4.149731312308463771e+01 5.226510888562864210e+01 6.330026218586218079e+01 5.736734576464002799e+01 6.024189778342509527e+01 5.045281337637068475e+01 7.004133256528525919e+01 6.812857815917840298e+01 6.157690841825719730e+01 4.563761775120403996e+01 5.940502442278697259e+01 7.735998435625977265e+01 9.135691799517076106e+01 9.648981191712852024e+01 9.672900697514464241e+01 1.051687560124711354e+02 1.135277224862721965e+02 1.067566643562733191e+02 9.840819347158992514e+01 8.768046275933711797e+01 9.178973043364685225e+01 9.762157711968610840e+01 1.034679064762397758e+02 8.526805575372418389e+01 1.002570283477247841e+02 1.085389077143787091e+02 1.171667384800673801e+02 1.087622331275617711e+02 1.171667384800673801e+02 1.222776158900130810e+02
6.478032603222736441e+01 4.516523124468254480e+01 6.049497420075924481e+01 6.871445642277264199e+01 7.237259442392227982e+01 5.938093890773090067e+01 3.055850146539823342e+01 3.367312342835159455e+01 4.653152959331848848e+01 5.867294568066073879e+01 7.351858130248768930e+01 7.834119944746282727e+01 7.008980725069963569e+01 6.429255083934850745e+01 8.408562230353805944e+01 7.195031935187635952e+01 5.195319904412353651e+01 4.968526249724643407e+01 6.336305071734887662e+01 7.775800427785098634e+01 7.652013590160623835e+01 8.745791079464767392e+01 9.319938335704823373e+01 9.319851190311779021e+01 1.106715619300518938e+02 1.158650532107095614e+02 1.075647879063460124e+02 1.117009004828027798e+02 1.175658466217525699e+02 1.134217353580126257e+02 1.051271061550822310e+02 1.134217353580126257e+02 1.189290055653285805e+02 9.862473672893236198e+01 8.848724033030289604e+01 1.070270046687046630e+02 1.225416656214070485e+02
7.060193631211755871e+01 6.050167266504882946e+01 4.086583646450025498e+01 6.050140153716859714e+01 6.176519431482142863e+01 4.634550012348632464e+01 4.898043218743403315e+01 3.001790342576875048e+01 3.424585962389733851e+01 5.375867904738024805e+01 5.416245134352359969e+01 6.769946224858622941e+01 8.756720110815811609e+01 8.408562230353805944e+01 9.239780665073335797e+01 7.893227587991030703e+01 5.905686028053727199e+01 6.911296094881775787e+01 5.397278650440613035e+01 5.828743298834114483e+01 6.280429245632350899e+01 6.774732276050939106e+01 7.330819467699869563e+01 8.205463711890732270e+01 9.622446279750100473e+01 1.166405102232778006e+02 1.171416681453544868e+02 1.143043773522512794e+02 1.059233284194011446e+02 1.059233284194011446e+02 1.059233284194011446e+02 1.143043773522491193e+02 1.110757078010740742e+02 9.862473672893234777e+01 7.852062337873142894e+01 9.862473672893234777e+01 1.108186849717442044e+02
6.361410521549218799e+01 5.763856874164876132e+01 3.802335948859057879e+01 5.367714395136277972e+01 5.365606137300998313e+01 3.730646760054935385e+01 3.674831292486262413e+01 2.962827811232299169e+01 4.972074856603154558e+01 4.073487551909590110e+01 5.983186555956286412e+01 7.576858694946440664e+01 8.420951573685562153e+01 9.426709048639598620e+01 9.561227656124263774e+01 7.525238190772549274e+01 7.303081742316432212e+01 8.168691236193224370e+01 6.258046612738431236e+01 6.124759652706944735e+01 8.079143100128511890e+01 8.745791079464767392e+01 9.319938335704823373e+01 9.319940414653399330e+01 1.106534096797093838e+02 1.115065211768221189e+02 9.767870066795926220e+01 1.059233284194011446e+02 8.578532187243250462e+01 8.578532187243250462e+01 8.578532187243250462e+01 1.059233284194011446e+02 1.026841556786092298e+02 8.253848158234569610e+01 7.226145601725069412e+01 8.790326558174187710e+01 9.290721735139017312e+01
4.861924580895555437e+01 5.055984504666894708e+01 4.982844382536290340e+01 3.406434704471899266e+01 5.301036086417999371e+01 3.413649501262472086e+01 3.190707640512195908e+01 2.922863022293223878e+01 5.945429372471829055e+01 5.983159934895949306e+01 4.922925640461561869e+01 5.636601674350077218e+01 6.581997188752693262e+01 7.970033085680520912e+01 1.002507152445328416e+02 9.561227656215042714e+01 9.337159139416750975e+01 9.052317173255535465e+01 7.375173463581023725e+01 8.079143100128511890e+01 6.945067827047009246e+01 8.331748656157223820e+01 1.034770572740296757e+02 1.135361777107457897e+02 1.128752885502332646e+02 1.017980535280043739e+02 8.412086579654200591e+01 1.017980503660700009e+02 9.168360743046061145e+01 7.171074451232144042e+01 8.578532187243250462e+01 1.059233284194011446e+02 1.011933962305005110e+02 8.623528165852582106e+01 6.628569109910331747e+01 6.793712089252676378e+01 7.289141027279718799e+01
3.164282729633066893e+01 3.082957533700155039e+01 2.999765038545372065e+01 4.749528372893226447e+01 4.841016700825753816e+01 4.811558860125344950e+01 3.059555648822473373e+01 2.882079057345374551e+01 5.839856658212384843e+01 7.639681782312781877e+01 6.843137080416448725e+01 6.717992291329656496e+01 7.236139072218628598e+01 7.842244477930289293e+01 8.691785956078174991e+01 9.588563817441439596e+01 1.105244055147971523e+02 1.020937517799464871e+02 9.364931761594851878e+01 9.764121201803224892e+01 8.072538708192384149e+01 8.331748272989253223e+01 1.034759857393373039e+02 1.103300869069485515e+02 9.917157375685566478e+01 8.549041079809443033e+01 7.450793335842845977e+01 9.374080282369048689e+01 8.634563523458615464e+01 6.641662887662580772e+01 8.634563528241214669e+01 9.768783623849098774e+01 9.281257163346271000e+01 7.278194511097953523e+01 6.132813380517404056e+01 8.124788401867017740e+01 9.290721735139017312e+01
5.128985256892300981e+01 5.055915598313996639e+01 4.882194711989466640e+01 2.889801807341541817e+01 3.149495361928950032e+01 4.628124425393701813e+01 2.823768643890008789e+01 4.788858478655528472e+01 6.554035109793515801e+01 6.818385977578186896e+01 6.049362830422300163e+01 4.886868682154965882e+01 5.367958692487312078e+01 5.925570790787291742e+01 6.748466017656595284e+01 8.124656174174016598e+01 9.802392551959727029e+01 8.973109809091832290e+01 9.802422812001147179e+01 1.093114049395965992e+02 1.008283409983793888e+02 1.034761316008262497e+02 1.119613267061817936e+02 1.022563518444951853e+02 8.299755085750283001e+01 7.184755580187646729e+01 6.761005525866845289e+01 8.693952790318714108e+01 8.151214125696341739e+01 6.161606356814649388e+01 6.937209899177240402e+01 8.352996761513172430e+01 8.293342710290309583e+01 7.805817119272451521e+01 5.816416525946346638e+01 7.219140820905630562e+01 9.222177866257396772e+01
6.492190958167881831e+01 5.808020409424774044e+01 3.842364942806853634e+01 4.741710285132084124e+01 2.800596471264450571e+01 2.765316253543615943e+01 3.948170570981164929e+01 5.227360164662055553e+01 6.048432193762519660e+01 5.480375229495823675e+01 4.251596535768581475e+01 6.049362830422300163e+01 7.236139072218725232e+01 7.842244477930286450e+01 8.691785956078174991e+01 9.588563817441422543e+01 8.806000144123977691e+01 6.984144109799100875e+01 8.806000144124051587e+01 9.866258116843923176e+01 9.510295668702758576e+01 8.670522731580723530e+01 9.510295669089087767e+01 1.037670598125508548e+02 9.260675261515392265e+01 8.082624776899291419e+01 6.138420776944275303e+01 8.082624777097186097e+01 8.984132825472063644e+01 7.522044905849115537e+01 5.537206364969988215e+01 6.971549736278056741e+01 6.299399984338969460e+01 7.083698634603575783e+01 5.516066987525174170e+01 7.502436253961391799e+01 8.640109554673441039e+01
6.941966972304072669e+01 4.978035290952959002e+01 5.807912858883811680e+01 4.586121235915020122e+01 4.905682214913591110e+01 2.724253371751691688e+01 3.643698804671614511e+01 4.860790316522094656e+01 4.922229107000317327e+01 3.701046968221405820e+01 5.480393701397986916e+01 6.858100663864728119e+01 7.646439335724167563e+01 8.446641625648939566e+01 9.565695529467744507e+01 9.066143950588715938e+01 7.978626758494397109e+01 5.996605898217212882e+01 7.871944944856763016e+01 7.871944944856736015e+01 8.494573192741852097e+01 6.637398666534035385e+01 8.494573192826312891e+01 9.572834206854484762e+01 7.643000180621805839e+01 6.519364794271560015e+01 5.698052129970368895e+01 7.647859825885632290e+01 9.154156845846841861e+01 8.352985559025235318e+01 6.971549712539219001e+01 4.991699342464173128e+01 4.903384187120698101e+01 5.101587913948997510e+01 6.103227363899387115e+01 7.504103132076444638e+01 6.207520477707511475e+01
6.943049930150858984e+01 6.362986336959973954e+01 7.397148091329944464e+01 5.810837061748406285e+01 5.808283355627290945e+01 4.666391353347908932e+01 2.673533468766931875e+01 4.086424362538212307e+01 3.240940661988307880e+01 4.982048886190374049e+01 6.253455603566587229e+01 6.524168617125110359e+01 5.699699952549231341e+01 6.823891347714294398e+01 8.770011541463479432e+01 8.238682116176201475e+01 6.254724992450656629e+01 5.300610662287819963e+01 5.890529576618092022e+01 7.871944944856763016e+01 7.653960699057358852e+01 5.638516689610130328e+01 7.134092243673160283e+01 9.342513008234276128e+01 8.933799937140113911e+01 6.831290870554072114e+01 5.279936858935190003e+01 6.412119285592190465e+01 8.352300023979846344e+01 8.012628709682664407e+01 6.021564210302825160e+01 4.628332889705847464e+01 6.604733928267528142e+01 7.083698634603575783e+01 5.493164995034415909e+01 5.772135786030656845e+01 6.843156684572679183e+01
8.935593866849009714e+01 8.344160390504039526e+01 8.481157996981201563e+01 7.681487139219800042e+01 6.423582087848274114e+01 5.337526010148031475e+01 2.637777147702954395e+01 2.868060212230452777e+01 3.403995269050941630e+01 5.216439932936199142e+01 5.662778324787201711e+01 4.596549494576265005e+01 6.524168627016302935e+01 7.747965704732273196e+01 6.919690094278577419e+01 7.741741076629408269e+01 6.601794833390758299e+01 4.649125378712706436e+01 6.618787833957691191e+01 7.010199380629400423e+01 6.181166955189532075e+01 5.006513625353280617e+01 7.005939121581660345e+01 8.139506885082519716e+01 7.769444229273283042e+01 6.890084205268850326e+01 4.940102833579982189e+01 6.322031544811538595e+01 8.261484106790686610e+01 7.026186502351394836e+01 6.198180592473568851e+01 4.461181891736032412e+01 5.851341786878428763e+01 7.840523371377227591e+01 8.092784849914995959e+01 6.912005955557908976e+01 8.295754577827601395e+01
8.389946680589326888e+01 9.203667530299487964e+01 8.550451949252411055e+01 6.604136803981890580e+01 5.624906771593753518e+01 3.595025912086900632e+01 3.419938019592088807e+01 2.587300693609741487e+01 4.506897403383019451e+01 4.910297468770884421e+01 3.757302893208884598e+01 5.662918808788177927e+01 7.330574972194872885e+01 6.760902864649216326e+01 5.019895480762348683e+01 6.760868216460227131e+01 6.178677676486046977e+01 4.217638600346650435e+01 6.178677665387943563e+01 6.181166954113578527e+01 4.214896375317859878e+01 6.164746726504382224e+01 5.147876749191911472e+01 6.594239585787845215e+01 7.537590706164029086e+01 5.706399847786716606e+01 4.620682954334362336e+01 6.567636123271947213e+01 6.610020342168697027e+01 5.968495314152579567e+01 4.229450883880556944e+01 4.823227055514189487e+01 5.693819575558233481e+01 7.088357566097283780e+01 9.102986063274458672e+01 8.957280765544406620e+01 9.780595787030618737e+01
6.359331256293982904e+01 8.389946680589326888e+01 7.980238048740159229e+01 6.034137005206288507e+01 4.646110167011359238e+01 5.618465849775399334e+01 4.753812747776435543e+01 3.095462606899191371e+01 2.537055098605420156e+01 3.006655803240434111e+01 4.721602831497007458e+01 4.740159673743302449e+01 6.695957164417882268e+01 5.951724073115931901e+01 4.076352011508299000e+01 5.951732661050972695e+01 5.770037463282935875e+01 3.817757630693060378e+01 5.770037430002638956e+01 5.698233265312605766e+01 3.749740317689491320e+01 5.060931424807728263e+01 3.546638224960597796e+01 5.691162362882412395e+01 6.598231380612060093e+01 5.855969887853547107e+01 4.322944489611580110e+01 6.236418347505880888e+01 4.909343704747270465e+01 4.008036085629699841e+01 5.968495314148707820e+01 6.890799786960211293e+01 7.635102431240385101e+01 8.514513148927166242e+01 8.686815068695311481e+01 7.838644751052477488e+01 8.657592786558359421e+01
6.954084744088090986e+01 6.777912324119213849e+01 7.622318669137150948e+01 7.410771978237811197e+01 6.034302300011925269e+01 6.188402851427925100e+01 4.244739241725638834e+01 4.689446280006374224e+01 4.031012918466020523e+01 2.487005292703160464e+01 2.721855410087160010e+01 4.740890368342176231e+01 4.986962111403700959e+01 4.559318886025206297e+01 3.444216595059165087e+01 5.323050370549764665e+01 5.387385908759111430e+01 3.425380166689714656e+01 4.871297032314446085e+01 4.926625670810250313e+01 4.791387941715501597e+01 3.134923524186359600e+01 3.189761044283591218e+01 5.117179522143054271e+01 5.371895918055528796e+01 3.915059686172960340e+01 5.852877100512003494e+01 6.890741948047720200e+01 5.794651201316342792e+01 3.854641971071601603e+01 5.808430380645107505e+01 7.336351080616816489e+01 8.129383908579576712e+01 7.443152207507637286e+01 7.045522539702851361e+01 5.898375146798444746e+01 7.573790953574290086e+01
