LEM/sinusoidal_perturbations/elevation_000035.asc
nrows	100
cellsize	150.0
xllcorner	0
ncols	100
yllcorner	0
NODATA_value	-9999
[rows 51 to 67 of 100, columns 37 to 73 of 100]
2.230358943659463478e+01 2.260610420336562854e+01 4.321435534611047302e+01 2.630915659880153257e+01 2.409861316854978952e+01 4.445410286593955362e+01 5.073834702038348610e+01 4.243198422879865461e+01 5.359517117755957827e+01 7.374802905867424840e+01 6.706306357873413049e+01 6.506503526345281330e+01 4.596779762645622469e+01 5.768587683134418143e+01 5.036127748023342576e+01 7.083034748067321118e+01 7.612185034522626381e+01 8.110110629669033244e+01 8.677855398900489092e+01 9.343701141820828582e+01 1.019066423984298098e+02 1.120844025036750367e+02 1.311735151999808124e+02 1.227792410019760609e+02 1.311806970375963886e+02 1.301119781733005425e+02 1.096797120445417022e+02 9.789972209065027187e+01 9.030057969861961453e+01 8.365527892521130582e+01 9.745267658087988139e+01 8.797469719755990525e+01 6.768704306679732952e+01 8.701652312844305470e+01 8.810838891668214501e+01 7.556275059891564183e+01 9.565344811817298876e+01
3.492875408911313428e+01 3.680737834349871918e+01 2.301911504020949550e+01 3.710403096829696779e+01 2.381745453458810147e+01 4.496329237563330139e+01 5.758020389988137566e+01 6.210474110411695392e+01 7.046487725080210396e+01 8.218661749686567930e+01 8.583012645912988603e+01 7.101642370518163716e+01 5.174871668691258009e+01 7.041477099689414842e+01 6.497857144782621219e+01 5.869391918243784545e+01 6.922108502177827916e+01 8.404724280075205911e+01 1.047761416294423924e+02 1.135102401496443179e+02 1.135102407983451371e+02 1.219720170840013651e+02 1.211157362738248224e+02 1.126264226205530008e+02 1.211157373194196367e+02 1.384841224000090563e+02 1.267247719016261556e+02 1.139988372257790559e+02 9.366295871733295542e+01 1.038328608573613820e+02 1.122514964465144800e+02 9.618907623451003985e+01 8.739940074555717331e+01 6.866526117190902312e+01 6.937621816004232755e+01 8.962971524041209648e+01 9.795881585876247755e+01
3.410834219471739459e+01 4.327542969024652564e+01 2.316729960116917297e+01 2.340722259739641231e+01 2.460166202497998711e+01 2.731474673271368658e+01 4.906228018824888437e+01 6.098665813483573572e+01 6.943246888499491831e+01 7.860377079187901472e+01 9.033650532873080863e+01 7.782088225017042760e+01 5.857496713743209682e+01 7.782088225219413857e+01 8.590048036770170370e+01 6.664615116570479358e+01 8.758336315870022304e+01 9.868593275454644242e+01 1.074413470556662418e+02 9.291073548809673355e+01 9.291073548822302541e+01 1.135102408215813057e+02 1.108180788490321049e+02 9.198956258679258724e+01 1.108180788494504299e+02 1.240994326263636225e+02 1.306081216104330451e+02 1.102568596491398552e+02 1.080251236791086313e+02 1.224019436895798236e+02 1.098537938585528906e+02 9.489365261356027759e+01 7.471942254285927731e+01 8.894903613268660081e+01 8.964767747707713852e+01 7.041018560740104704e+01 8.187317441156743314e+01
4.206828658423749800e+01 4.796934732049925998e+01 2.687061630970904957e+01 4.408865514136315511e+01 5.022299755967790702e+01 4.906228018824888437e+01 3.216387846263020123e+01 4.002708087353935440e+01 4.960156847707862227e+01 6.159729067214849607e+01 8.194534215295739443e+01 8.605431315382740820e+01 6.960026620406848963e+01 8.605431388261482084e+01 9.615514680071713371e+01 7.880838761563177286e+01 9.615514680071713371e+01 1.111344717784196945e+02 9.894419077399170703e+01 7.841807402297190777e+01 9.894419064019270138e+01 1.117882448398593596e+02 1.023079926024106925e+02 8.173485991592868061e+01 9.503429178647233755e+01 1.107938275879124319e+02 1.231269565543912705e+02 1.306081216104330451e+02 1.284206574878847960e+02 1.181371711549111865e+02 1.014410883787588489e+02 8.126046209429668465e+01 9.489365261356027759e+01 1.032943995530723811e+02 8.693452504246221224e+01 9.064855279061009696e+01 7.145543559310114290e+01
6.398070862833370143e+01 5.172315765745113225e+01 3.062176570799926623e+01 5.172553745535371661e+01 6.585306296107863488e+01 5.710045612329005138e+01 3.595515230164088649e+01 5.710045612329005138e+01 6.702675976591218898e+01 7.249586212628472026e+01 7.835399623100312283e+01 8.509212927204062282e+01 8.905045261505911469e+01 9.740592765915501161e+01 1.081226404124744107e+02 9.957020266826431509e+01 1.051227753639716127e+02 9.066998731469114148e+01 9.245326270772440580e+01 7.200987098394055863e+01 8.278609896831338233e+01 1.033070511140053753e+02 9.503429178562353741e+01 7.455388585287560943e+01 8.157265424052900471e+01 9.341696987105349592e+01 1.142174922455382955e+02 1.321342041856453875e+02 1.241311908935165746e+02 1.037514104373813524e+02 8.944027768181106808e+01 9.285709193411011597e+01 1.098537938585528906e+02 1.155843979944606161e+02 1.071740812799731941e+02 1.000458283031026383e+02 9.165153841302610260e+01
6.447479249782169575e+01 4.416911019091958934e+01 5.172553760472476370e+01 3.679345879247046724e+01 5.760222032279492055e+01 6.557084024662529487e+01 5.710045612244012148e+01 4.152695792771008598e+01 4.634761287047653155e+01 5.203237723222459010e+01 5.806085102651434227e+01 6.487781999723749493e+01 7.390014335385299660e+01 8.555813148214713237e+01 1.058790847124202088e+02 1.111344717809580942e+02 9.066998731469118411e+01 7.625350209321966588e+01 8.487994960066724559e+01 6.615275304449896510e+01 8.655176384966650005e+01 9.948350619202462042e+01 8.912210784625634119e+01 6.870125056996583623e+01 8.912210784625597171e+01 1.010803930343939072e+02 1.031687468403198409e+02 1.204484152133612156e+02 1.263532088676080178e+02 1.059816414105905551e+02 9.845603079840289240e+01 1.131670455881442479e+02 1.215797836484951659e+02 1.321561716216100706e+02 1.234635409219207816e+02 1.153444977240430802e+02 1.010506600785867164e+02
7.256855139924688558e+01 5.862960090096040489e+01 6.559808927829890024e+01 4.903626386069039711e+01 4.396488430403230296e+01 6.457658448377816285e+01 6.891870952532983097e+01 4.831162579901788945e+01 6.702675973936965192e+01 6.329604433416558606e+01 7.835399623066926722e+01 8.509212926008571287e+01 9.348237245247612748e+01 1.025394093059701248e+02 1.142555360585485573e+02 1.058156029003272778e+02 8.535183712312773707e+01 7.360593710835435388e+01 6.451675627734049101e+01 6.120172594749818984e+01 8.160427701355158092e+01 7.900033267459726005e+01 7.900033267460347020e+01 6.414890488294028614e+01 7.244787201951903910e+01 8.262771292025730929e+01 1.031677300680554623e+02 9.989305947637166128e+01 1.143961208851305145e+02 1.263539202198254969e+02 1.102126461247358122e+02 1.272392122885884902e+02 1.358411139830453465e+02 1.144025285667818963e+02 1.019825860388762351e+02 9.390820542759134071e+01 8.705488078119375928e+01
8.183018723305605135e+01 7.784001680484628594e+01 7.605302636607657973e+01 6.900859265543684273e+01 4.927189983172108612e+01 6.941152243933677823e+01 7.729984459350637849e+01 5.767089955790885369e+01 6.891871024660881062e+01 8.362653997549783469e+01 9.201082669682374160e+01 1.014784025295947174e+02 1.014705873707640080e+02 1.099433390898843186e+02 1.109363257328482888e+02 1.142671696609921668e+02 1.024623491671190436e+02 9.170434578577436469e+01 7.692361078759783766e+01 5.649335623342972923e+01 7.692361029606101397e+01 7.389519455590186681e+01 5.858094221738993213e+01 7.900033267460348441e+01 9.140646141344687692e+01 9.275561716515912281e+01 1.012447716160376245e+02 8.535666073998820025e+01 1.041282422162082923e+02 1.186422127570153435e+02 1.306094910271340552e+02 1.389858051957237421e+02 1.444043735445429775e+02 1.321561716216100706e+02 1.192738166219988614e+02 1.107017059948496325e+02 9.874310014148107939e+01
7.386413593017566370e+01 9.002247437973078092e+01 7.048857183590126851e+01 5.897117923945660323e+01 6.941152243933895249e+01 6.366018039360575642e+01 8.331032727730310228e+01 6.945271462706331533e+01 8.630574337233719007e+01 9.758704860363444311e+01 9.525895478870377531e+01 8.045806976008644540e+01 8.045790783385412226e+01 1.014704986991353906e+02 8.991905715492792694e+01 1.047382091842168990e+02 9.805012452946765222e+01 7.684020024584104647e+01 6.219428316078512609e+01 5.302572869866906302e+01 6.900832758674467016e+01 5.345303096316718694e+01 7.389519455653743307e+01 7.328041785594110991e+01 7.095959622197300121e+01 7.230711040698761849e+01 8.539989150740574075e+01 7.516480916435816084e+01 8.961427232840330248e+01 1.076107441110295184e+02 1.168081622591964219e+02 1.286724245987269626e+02 1.401635103024210309e+02 1.281836532017731543e+02 1.107017059948496325e+02 8.968743789460053506e+01 8.471027356209937409e+01
8.270613620983685621e+01 9.832641103149727257e+01 8.671098506350773505e+01 7.046042029848688060e+01 8.671098712220755544e+01 8.331191132384071807e+01 9.140161905767014616e+01 8.963035880014028578e+01 9.793261290406115904e+01 1.005913791233287355e+02 7.960974810389073753e+01 6.559799146177354601e+01 8.661478269132447849e+01 8.275566978101487337e+01 7.502447621528666843e+01 9.606614298247230010e+01 1.040150534606226671e+02 9.154107280637775546e+01 8.195753914222575531e+01 6.900832861981889721e+01 4.858488427491747785e+01 6.900832913380224909e+01 6.825148079480860019e+01 5.285281087252342047e+01 5.652622787438080110e+01 6.054688905383699193e+01 6.500644983526792942e+01 7.142940632992807082e+01 7.860020358803176066e+01 8.772957898774565422e+01 9.962486098126174738e+01 1.202070911390594290e+02 1.316741762062271448e+02 1.108145230825926149e+02 9.870576770201950012e+01 1.107017059434068074e+02 1.054450566611275093e+02
7.610235661307197574e+01 9.691661470635040132e+01 9.746782292684365245e+01 8.959425154627655274e+01 8.876981402526826059e+01 8.808403960893478768e+01 9.137078649335180103e+01 8.286982752703234212e+01 9.137078645953782541e+01 9.456303328846550471e+01 7.960976469208553397e+01 5.868433749747971717e+01 7.287277660640457100e+01 6.179285944806089503e+01 7.659670516493616788e+01 9.762451535853422513e+01 9.608139629956487227e+01 7.657918666223373805e+01 8.033339266532078682e+01 6.673778495101500141e+01 4.636584428322716178e+01 6.357371279826956822e+01 4.786224703343343378e+01 6.825148079480860019e+01 7.095959622197300121e+01 8.094966628380305451e+01 8.539989150740574075e+01 9.186093634075766090e+01 9.911357013351241108e+01 1.028908368045340325e+02 1.113747259162382051e+02 1.200314039606871717e+02 1.366175889034888939e+02 1.158133514301299840e+02 1.135295932069925158e+02 1.281266731301906532e+02 1.125721704879211273e+02
9.100695296119064892e+01 1.022880670909129037e+02 9.351322956214546878e+01 8.144113975309926445e+01 6.689542187534324569e+01 6.750189357442776839e+01 8.112154332913962662e+01 6.238154922265743352e+01 8.112154332913962662e+01 8.591879907481826706e+01 6.493921031578402392e+01 5.300062334032643463e+01 5.208505639739883719e+01 7.287277660640400256e+01 8.486065420103258816e+01 9.696108677045123159e+01 9.186226009506182777e+01 7.189357122704349479e+01 6.021668040940507183e+01 7.089006951926620559e+01 6.357371281688971720e+01 4.330435229808737319e+01 6.356216620618901914e+01 6.825081855920451801e+01 8.869552063060616831e+01 9.989109664992000148e+01 9.605890480559160949e+01 8.756557458093399759e+01 9.605890480559160949e+01 8.233465792781937864e+01 9.102272139655292449e+01 1.087031233461078727e+02 1.205679056735532271e+02 1.366174851159685488e+02 1.343615827283295516e+02 1.409727728916467697e+02 1.269081533750249235e+02
8.639590032197826019e+01 8.214373382484721731e+01 8.482355310786249447e+01 6.401277013334077992e+01 5.216063599829745812e+01 5.302710192969404801e+01 6.348370562646906023e+01 5.218374027566598272e+01 6.662178633723752341e+01 8.712292781779139261e+01 8.247185901336931124e+01 6.687146715197316382e+01 4.626288673101704063e+01 5.534757007469598022e+01 6.732120130715159689e+01 8.831564132430895597e+01 1.000227821614142414e+02 8.853959319156027163e+01 7.089006951926620559e+01 5.065951306440898350e+01 6.173664296852403055e+01 4.156582813990925729e+01 5.578547180034067310e+01 7.620352151253960926e+01 7.789855892109729041e+01 8.638526761532125420e+01 8.582076393594343244e+01 6.710107109541097259e+01 8.228992825346453799e+01 7.054253582284741242e+01 7.966398530231849406e+01 9.151240224405654544e+01 1.120965911623430173e+02 1.236370869011523297e+02 1.320833112631489143e+02 1.368166876046809932e+02 1.162994502710000830e+02
7.495934570249818307e+01 6.796430261050282695e+01 8.476010705761386532e+01 7.605021719337497643e+01 6.169275810310918473e+01 4.133432586568438438e+01 4.313490812492023707e+01 6.348370562646906023e+01 8.112154332913962662e+01 8.569205430504800347e+01 8.086028968858042276e+01 6.348344459180491839e+01 4.299817084978270287e+01 6.348344459180436417e+01 7.049567656530653892e+01 7.914038479911010882e+01 8.699390691895195005e+01 7.852011193708719361e+01 7.697906911064711721e+01 5.672611419382512565e+01 4.250136983515558597e+01 3.985925599994922663e+01 6.006501148606845675e+01 6.362694967456991435e+01 5.745429683248120512e+01 6.866671871676147987e+01 7.130581184557887298e+01 5.689304387874842917e+01 6.185332791236439931e+01 7.204453044994031075e+01 8.384578354248125720e+01 9.838588027252990287e+01 1.189373887766661966e+02 1.030735467130643883e+02 1.202383605461946132e+02 1.342735626321384927e+02 1.224848253579599771e+02
6.488438511550144483e+01 5.641700503780868559e+01 7.645017155951141774e+01 6.756168927206960007e+01 4.717693250815873540e+01 3.553413349406757504e+01 5.579254447125691030e+01 7.196970416662924208e+01 7.957202993794278711e+01 6.481465134903464786e+01 7.220477439392544738e+01 5.148887601688191040e+01 3.986876012461292618e+01 5.590034233218092652e+01 4.985475694545663572e+01 7.049567656530949478e+01 7.852017965774497554e+01 5.813495105886128300e+01 6.410567728030454759e+01 5.749577576172175242e+01 3.745832374733227255e+01 5.749577576172172400e+01 4.112021680734336826e+01 4.335619806361229678e+01 4.574247497190730627e+01 4.825481339597501318e+01 5.086349827718885308e+01 7.130581184776472981e+01 8.019938474160626640e+01 8.446032694078017755e+01 8.903458027234928807e+01 9.415965930735468703e+01 9.986210449001302436e+01 9.114918962613594999e+01 1.117644504390350733e+02 1.258301756879669000e+02 1.054025835791617283e+02
4.490532630162547179e+01 5.641700664100080331e+01 7.645103922039155009e+01 6.654082097192484468e+01 4.618728937007202973e+01 3.187311082135103746e+01 4.618728937007160340e+01 6.654082096327205420e+01 7.092950110128690255e+01 5.027812070814852063e+01 5.786842132751471013e+01 6.056926171533329040e+01 5.199928178024077141e+01 3.562980606304499531e+01 4.985475694545663572e+01 7.049567656530410886e+01 7.852053328918117359e+01 5.813495201949304914e+01 4.390104961017766527e+01 5.400336986800742523e+01 3.584714449471168507e+01 3.798669163994270548e+01 5.266305910599930229e+01 5.141948624565250014e+01 6.609505653285245330e+01 6.866671871676139460e+01 7.130581184776471559e+01 5.589706771787921014e+01 5.976707200732602132e+01 6.402559799553250741e+01 6.857793469067273406e+01 7.365939072553969424e+01 7.930168095859460209e+01 9.114918957037475877e+01 1.117641833147272195e+02 1.284915446043154930e+02 1.080485463426214210e+02
6.488438519349993783e+01 7.319181006395629652e+01 8.476469483495583290e+01 6.572464076446017600e+01 4.876521513103406136e+01 2.841236589494212694e+01 4.281190657922584819e+01 6.313777337780124554e+01 7.248802528543691892e+01 5.181278308101594376e+01 3.750393806033360278e+01 4.826851185159603119e+01 3.173598521538962913e+01 5.199926500251698513e+01 5.590033883055290431e+01 7.661435196098999256e+01 7.203452703432348869e+01 6.052214055510138735e+01 5.220281377990861671e+01 3.399384535330797519e+01 5.398426007865023735e+01 4.851911295319705886e+01 5.623186784909543690e+01 7.032726005019738125e+01 6.504925147455080037e+01 8.450723839136990989e+01 7.633803567860084627e+01 7.033955456599795752e+01 7.154123508756721606e+01 8.446032694078017755e+01 8.301416897788205063e+01 9.415965930735468703e+01 9.986211603823981875e+01 1.083599584058679142e+02 1.202333447922655267e+02 1.369210687843736025e+02 1.284915449407026813e+02
