LEM/sinusoidal_perturbations/elevation_000361.asc
nrows	100
cellsize	150.0
xllcorner	0
ncols	100
yllcorner	0
NODATA_value	-9999
[rows 68 to 84 of 100, columns 0 to 36 of 100]
5.009162696260268353e-03 1.551982118094153407e+01 1.838027145649855143e+01 2.005999355976991794e+01 2.096872562137552620e+01 1.941657374696131555e+01 2.100619019053641789e+00 1.998159461029367989e+01 3.028313868162906264e+00 5.496794508688541470e+00 3.952812166305943453e+00 4.275107551446879484e+00 4.594201733873647164e+00 6.081962563936909483e+00 9.308944705639181194e+00 2.933972903962112611e+01 3.932912367911880125e+01 4.760139698287370180e+01 5.913493664402376027e+01 5.561678594395264241e+01 3.383001132257105326e+01 5.561678594395264241e+01 6.979620334571984586e+01 5.319900600661432577e+01 3.316071034336814449e+01 5.319900600661432577e+01 5.713262940251324551e+01 3.716405437210041640e+01 2.326320472221996738e+01 3.761251151256134051e+01 3.437265423270972065e+01 1.594138024584576030e+01 2.122233435111525424e+01 3.562691806094083802e+01 2.223852580602617834e+01 4.173118292779888350e+01 4.914506077931024208e+01
4.695337527364121070e-03 8.681942483054484683e+00 1.838685301493347524e+01 3.172447004090474820e+01 3.356167293190530643e+01 1.487369420041125778e+01 2.257917453884239478e+00 2.548402706787869842e+00 1.219891794382120409e+01 1.930600941278326133e+01 2.110687636865327832e+01 2.398448654083927778e+01 2.447373364214781688e+01 5.049184685537693618e+00 2.493702631616383414e+01 3.729444001146846688e+01 4.302560083081137776e+01 4.302560083081137776e+01 5.127608641903950826e+01 4.957422186515472617e+01 2.755662856018896179e+01 3.996006597624562318e+01 6.137241434799780393e+01 4.741444830897608398e+01 2.735416730424850229e+01 4.741444830897608398e+01 5.752790256526823498e+01 5.057850299237698266e+01 3.754605857848878259e+01 1.788621574881965870e+01 1.506753168083988470e+01 3.502463632951339179e+01 3.736724141349314721e+01 2.909841752021169725e+01 2.655415933012800522e+01 4.633617298857557643e+01 6.256065663824936962e+01
7.614146464036155443e-03 1.962941135871687237e+01 3.349045891380169593e+01 3.958628579713944617e+01 4.108345283711868490e+01 3.065499116423153581e+01 1.092739310668267549e+01 2.361296600183620598e+01 9.187842920091309651e+00 2.494726130055384061e+01 3.928349017286991085e+01 3.456054986121976214e+01 2.001348897801095461e+01 5.376762055945078167e+00 1.491347772429900864e+01 3.369684688711648590e+01 2.301347614529035468e+01 2.301347614529035468e+01 4.302560083081137776e+01 4.388931011340304877e+01 2.171179129329881619e+01 3.758502270993482597e+01 5.910920626395395772e+01 4.223490602553933826e+01 2.222894744710324844e+01 4.223482929682249676e+01 3.758229030648332269e+01 4.107591348884665905e+01 3.064858154354584130e+01 1.421123476623345283e+01 3.389546317746935244e+01 4.320646701973156212e+01 4.011953329024650827e+01 4.708784786550967283e+01 4.638880893008106909e+01 3.458426206368699951e+01 4.884173919284733500e+01
2.352828262072654761e-03 2.000235282826171712e+01 3.723648677547227237e+01 4.878534667952362724e+01 4.667361259915938376e+01 2.560072474985638280e+01 3.177246110656195199e+01 1.739632958998429757e+01 3.113926145855435479e+01 3.818882701197238561e+01 4.257821685580429261e+01 2.262111812654519838e+01 9.685771598513442271e+00 5.712448410430865486e+00 2.559526780985722283e+01 2.640424703187292721e+01 8.252465051110032590e+00 2.885746020624028674e+01 4.089766801427060017e+01 3.323024189599328082e+01 1.668734935763666982e+01 3.279906336270099843e+01 5.452023490490001478e+01 3.751944967290400257e+01 1.760945485560155888e+01 3.132575974056949875e+01 2.348439290913122335e+01 3.250079075839927611e+01 1.338698875320200976e+01 3.307194230070785324e+01 2.835542596282462924e+01 4.847333269724990146e+01 5.327928686661056901e+01 5.868727143375588895e+01 6.256064483078854011e+01 4.630005564307284516e+01 4.884173919284733500e+01
6.786455232800275850e-03 8.951058365406455053e+00 2.049806394979222546e+01 4.049856409805479274e+01 5.531439886538564821e+01 4.667507445006533828e+01 4.849759912021374930e+01 2.644163062411823262e+01 4.849761133423331927e+01 5.794471002195967912e+01 4.357391230402519255e+01 3.021923821621080108e+01 1.039308579289385115e+01 9.768045705859464078e+00 6.199270245185857675e+00 6.545022440642727091e+00 6.889867748220295240e+00 2.439183678020720336e+01 3.060482395622747021e+01 1.361686781276355696e+01 1.202925057025523436e+01 3.518157276961855473e+01 4.127611626572856096e+01 3.383118710698737175e+01 1.931840560731861700e+01 1.143367519707387636e+01 1.200645738988015587e+01 1.257668073994306468e+01 2.665964248086199717e+01 4.150739339197195221e+01 4.846324879353650772e+01 5.685600744122420735e+01 7.174330221975311872e+01 7.716899407045805503e+01 7.377881090103643658e+01 6.577880050336462148e+01 6.827203701937523306e+01
3.257643153035955173e-03 1.414539326688411158e+01 3.414539326688481680e+01 4.133333772879255719e+01 4.954881160922997907e+01 5.943347224624814373e+01 5.867502547766153498e+01 4.316493312460917053e+01 5.867502541578620168e+01 4.923077711366986620e+01 2.944124991346930287e+01 1.534053084166923320e+01 3.021923821621080108e+01 2.957897228307769666e+01 1.784189379470678460e+01 2.039331417296574855e+01 2.619586711193939976e+01 7.374014103732562830e+00 7.715563073351352052e+00 8.058506514153686240e+00 8.400611141703809182e+00 2.180976899133461799e+01 2.891796256879798932e+01 1.948649495988055236e+01 1.062450880474517589e+01 3.050394813094378321e+01 3.189057284709107876e+01 1.555012287397049597e+01 3.920965325464001694e+01 5.483094720193239624e+01 5.176395205463285976e+01 5.166790496270801469e+01 6.018539557765874548e+01 6.307487871728721984e+01 6.626781259807619051e+01 7.476666852098524885e+01 7.788801621685638565e+01
1.880098487986705483e-03 2.000188009848763215e+01 3.094996002685633130e+01 2.190781841230486293e+01 3.147499832298581879e+01 4.537229941374673103e+01 6.524090840592860729e+01 6.570487896489753155e+01 5.508232474027022363e+01 3.508520460980828659e+01 2.094645296327719564e+01 3.528656695187581249e+01 4.357391230402519255e+01 4.615136292736321622e+01 3.778277391517034545e+01 3.187560476417608157e+01 1.272064947804323864e+01 1.418405906549723383e+01 1.017422563149212067e+01 2.146723018857355925e+01 2.462933010453993532e+01 8.885595974740965630e+00 9.228376787288995686e+00 9.808385399738986266e+00 2.963551574939874911e+01 3.856003179631865407e+01 4.085505176155895413e+01 4.147199018387452440e+01 3.855274171775108982e+01 4.151854283273912216e+01 3.135098040393378582e+01 3.123114328532581041e+01 4.252196455686716092e+01 4.252196451746235795e+01 4.563050477059501731e+01 6.626781181622355632e+01 5.721115738268907336e+01
2.900726248362994839e-03 5.922932435854774802e+00 1.191181145668747376e+01 3.075222026106181872e+01 4.524907661563174344e+01 5.369614967150985052e+01 6.531555151189745345e+01 6.101170466111205570e+01 4.102397142459724932e+01 2.946819954149573206e+01 3.508520460980829370e+01 3.094151166369613648e+01 5.094293932001422576e+01 5.273047271561993909e+01 3.245164190903228985e+01 1.833587156973021948e+01 3.234427272278697529e+01 2.999996312305481183e+01 2.555504111557995728e+01 1.328594280233390990e+01 2.999938888324840391e+01 2.940185454112363317e+01 1.413735408751293932e+01 9.328534939854227659e+00 1.732835869450250144e+01 3.041892918922130917e+01 1.141886094616159930e+01 3.113160413651614533e+01 2.010745028611322738e+01 2.992170018830919886e+01 1.726676145565227927e+01 1.971657534342362794e+01 2.231557322642413510e+01 3.120814996197423241e+01 4.972478896019808303e+01 5.293202031759641102e+01 4.259677250303289497e+01
5.081304048347549951e-03 5.488360029476340607e+00 1.117615145226711171e+01 1.757549234768387336e+01 2.494129488603732625e+01 3.685394588659213611e+01 5.694920028125225286e+01 6.930875422500398031e+01 5.702814768090655662e+01 3.703588194270862033e+01 5.508232474039530757e+01 4.508896431862193310e+01 4.508896431862193310e+01 5.737954925480035229e+01 3.711469487838576242e+01 2.274220036810745782e+01 4.305013330547970440e+01 4.351279141842206855e+01 2.536931177486220435e+01 3.078052347263486155e+01 1.638914041447517889e+01 3.058789421449350243e+01 3.867838995322561857e+01 3.237261255369259771e+01 1.032376652936295613e+01 1.084093739598625028e+01 1.943193425040993816e+01 1.198280403707933139e+01 1.237668442202686059e+01 1.424121726239912178e+01 3.445909737311281873e+01 3.986873510690715250e+01 4.252196449099831455e+01 2.632545657130645012e+01 2.927291335112900228e+01 3.239572306969057536e+01 3.614588746621151927e+01
4.469920835086939326e-03 2.000446992083473319e+01 3.158608122694968046e+01 3.807890432594282970e+01 4.533444721822637291e+01 5.369614967150985052e+01 5.901707308978270561e+01 6.729488603655894963e+01 6.532107647291438468e+01 4.858396901826669279e+01 6.532107647291438468e+01 6.507568516216859678e+01 5.662803592185039747e+01 5.957550393090187413e+01 3.933614100957081661e+01 2.854765697309822414e+01 4.893563594011423135e+01 5.279309314914693374e+01 4.406784993613866419e+01 3.691404054172520688e+01 1.865818796582620820e+01 3.679030364625198501e+01 4.842867070871511004e+01 2.678368250397228323e+01 3.285917391987242553e+01 2.234213231431199276e+01 3.316922305555063133e+01 3.066755783418328107e+01 3.147743118921759020e+01 1.294816014339915000e+01 2.736210009159401579e+01 4.887746209406379450e+01 5.519853911082057607e+01 4.667600311750354081e+01 4.367879762928488674e+01 4.687722673091693082e+01 5.675995792125232242e+01
2.324776005098761877e-03 1.027420679759894284e+01 2.503555944405666622e+01 4.550307944848781005e+01 5.729912036244668627e+01 4.901983218174304113e+01 3.902259127370438563e+01 5.575277003213315652e+01 6.729488603655894963e+01 6.856311024816713484e+01 7.686797257064789335e+01 8.493385499603797939e+01 7.661538862670350625e+01 6.787123880190848979e+01 4.893563594011423845e+01 3.582063959430946198e+01 5.610846580256750116e+01 6.340735168142943934e+01 5.217980251792936031e+01 3.961368581269114486e+01 2.110600406642867455e+01 3.400508787807284250e+01 5.314771208159591254e+01 4.288162466718610233e+01 5.064495710414648499e+01 4.237159948880017879e+01 4.623046492753057635e+01 3.888294490814538307e+01 3.322228350940481789e+01 1.336102246425668660e+01 3.256544528300058516e+01 4.458794805417064566e+01 5.302024933120939920e+01 6.458843953589178000e+01 6.432110347791318361e+01 6.754958511192764092e+01 7.101905324049306500e+01
8.699724428260374037e-03 2.000869972442790612e+01 3.808615144756588222e+01 4.540582136595104856e+01 4.405376020956642691e+01 2.901517611413552800e+01 2.746702360116553976e+01 3.902259127370438563e+01 5.901707308978270561e+01 7.246631795199215276e+01 7.104867078990808693e+01 7.107116697898291591e+01 7.943913302312918745e+01 7.734555473573905715e+01 6.440207871516406612e+01 4.605432464346927190e+01 6.440207871516406612e+01 5.516058762612465216e+01 3.590558584485238214e+01 2.524872616858953478e+01 3.961368581269114486e+01 3.155494076217003752e+01 5.062183839579484612e+01 6.417013790708516296e+01 6.174526719105946171e+01 4.119526586198112739e+01 2.701858368899192442e+01 2.164553650376813820e+01 1.402428517284972287e+01 1.378865258935966054e+01 2.146430604318977942e+01 2.477708076368036672e+01 3.625180902444833464e+01 5.632075600398864879e+01 5.977209447598545466e+01 6.728472372587604866e+01 7.552183909666564432e+01
2.249585233037712084e-03 1.645503969007222622e+01 2.564907790303949753e+01 2.319163124827100475e+01 2.403558267170862095e+01 1.743818315151656861e+01 3.161158420943052860e+01 5.161394012045974478e+01 5.792742728399360175e+01 5.257780770930275338e+01 5.104062902033820137e+01 5.104124470943106928e+01 7.107088701019149823e+01 8.608450725212982491e+01 7.443684876606582179e+01 6.030931248564162672e+01 6.646026790859716016e+01 4.688864775865334877e+01 3.590558584485253135e+01 2.883498965877266329e+01 4.784588936731940834e+01 4.240482639826289812e+01 5.882190227714882269e+01 7.199940837761135981e+01 5.149112600450751387e+01 3.693058095465008961e+01 4.721422189787558210e+01 4.198520560327487772e+01 3.643421687483850491e+01 3.360191184096816386e+01 1.441892642446852513e+01 3.432869805224652993e+01 5.300963836143761654e+01 5.039368619204979893e+01 3.987749197899087505e+01 4.740820491714346474e+01 5.889285261425500551e+01
2.739267172789772273e-04 4.518679285434255455e+00 2.218904008756464208e+01 7.427881650336050079e+00 9.737869324739849120e+00 2.989877112556212069e+01 4.157172586980743745e+01 4.085912459946410991e+01 3.795277828234143414e+01 3.844607750080109554e+01 3.689948040114900607e+01 5.690335022455186476e+01 5.789906162472053097e+01 7.202390130366570986e+01 8.201284649616822264e+01 8.029371673352433447e+01 7.480359160219988723e+01 5.516058813082865697e+01 4.612334106803031375e+01 3.264636523250887024e+01 5.185015992973882248e+01 6.184655011536078462e+01 7.014800924734001342e+01 7.199940837761135981e+01 5.149112600450751387e+01 5.749786284110108170e+01 5.042152172172718849e+01 4.206177537407867106e+01 3.943081060277859251e+01 3.473572301979901056e+01 1.487541541823856583e+01 3.473728134119370026e+01 4.259106229411158040e+01 3.050211105257789157e+01 4.456933116587098453e+01 6.445492308832662331e+01 7.552184671306635266e+01
8.327778614586212741e-03 2.001872723361871387e+00 4.142683078594358470e+00 2.467632951583324541e+01 2.988515498101717682e+01 1.323591095551654817e+01 3.328822811996882081e+01 2.084496901185721640e+01 2.379949871937850858e+01 2.689121571888276918e+01 4.689721164308569001e+01 3.891340403510663037e+01 4.376389232212678593e+01 5.375978314627335664e+01 6.789351379659149188e+01 8.787165730511624417e+01 8.331701214860052573e+01 7.401333750311499671e+01 5.702358632228762758e+01 3.766641807201801839e+01 4.467776349924690749e+01 5.837047076426111403e+01 7.824684918206324369e+01 8.028766877181146810e+01 7.199940837761135981e+01 5.493705061988337235e+01 4.233356712903613328e+01 2.246235332152429010e+01 1.989708883291621433e+01 1.768373562849316372e+01 1.533790721402313117e+01 3.508721955193927755e+01 2.277246452917161079e+01 3.676604973082527295e+01 5.665372662002380366e+01 6.599512363172351570e+01 6.599512382777719210e+01
6.510866554257996840e-03 2.000651086655390287e+01 2.475925813756450466e+01 1.887328712911689266e+01 3.895757659617675017e+01 3.328530092134634089e+01 1.675094556974332249e+01 3.677375398207198742e+01 4.380942609000038601e+01 4.689721169863721428e+01 3.224358790686371634e+01 5.224157411117318617e+01 6.375238037680478698e+01 5.375978314587123208e+01 6.789351293982188906e+01 8.787145967580535455e+01 7.984423686736330694e+01 5.991596889203295007e+01 4.874050684876974060e+01 4.548138207987695836e+01 6.419212721740539962e+01 7.251957664992578145e+01 8.387243965380882571e+01 6.980152104335118679e+01 5.984431269739620518e+01 4.668802967112938518e+01 2.673337546113726759e+01 4.233356712903613328e+01 3.943426550727640034e+01 2.829198017208107885e+01 3.517014147670032997e+01 1.600220724525212290e+01 3.504889975626657872e+01 4.432003494757201878e+01 5.825496577895545158e+01 4.627505522235799162e+01 4.627505522238482882e+01
8.953482861371391335e-03 1.415108910659244756e+01 3.415108910659315455e+01 3.897517882128217082e+01 4.726029162457450639e+01 3.677315359288181895e+01 3.677375398275476215e+01 2.461301947795412914e+01 4.462187139485563137e+01 6.052093670490642552e+01 5.224157413244185477e+01 4.379244006027050773e+01 5.533523132522528698e+01 7.374492434105840744e+01 6.789351242723660107e+01 8.787117622929658012e+01 8.829101250820393432e+01 7.670644035510761682e+01 6.833855886203802754e+01 5.510036965797151964e+01 7.332688057415519722e+01 8.315289431259448349e+01 7.166610121293057034e+01 5.573060200906335382e+01 4.163828262402709868e+01 3.165423826535697316e+01 3.566905258669876133e+01 5.493705061988337235e+01 5.636906881543845316e+01 4.811888403073297127e+01 4.277211257333915029e+01 2.754491152764000717e+01 1.666442336669494040e+01 3.058841761039667873e+01 4.270787781133495997e+01 3.225647679283741809e+01 4.627505522234563529e+01
