LEM/sinusoidal_perturbations/elevation_000141.asc
nrows	100
cellsize	150.0
xllcorner	0
ncols	100
yllcorner	0
NODATA_value	-9999
[rows 34 to 50 of 100, columns 37 to 73 of 100]
1.027349389851371058e+02 1.067540367729698403e+02 9.849489474267380729e+01 1.067540367729698403e+02 1.108232170307008317e+02 9.102540484927253317e+01 8.265029929261494601e+01 9.187406793318798748e+01 1.000745619677216354e+02 8.514202103956581880e+01 6.515109853692814568e+01 5.950757889115488553e+01 3.886223455352266853e+01 5.705505674732258115e+01 6.523494413373005330e+01 6.839910346749513792e+01 7.070554228625520921e+01 5.277324612328323639e+01 3.720239092594814423e+01 5.927221795475979604e+01 6.399168172069250460e+01 5.572442589446053773e+01 3.635551717241544623e+01 4.837859946525565391e+01 6.623229400003501155e+01 8.045274895415840888e+01 8.461519933520328607e+01 8.484676818627197292e+01 9.304879981787600229e+01 9.286483066134340447e+01 1.010463603625257178e+02 1.097185657059279293e+02 1.014733491139200794e+02 1.097185657059329742e+02 9.774408552673496331e+01 7.789024486435457106e+01 9.774408552673496331e+01
8.332642106814597582e+01 9.977733012006953572e+01 1.093871769790317074e+02 1.008557807329883218e+02 1.093871769790317074e+02 1.106619810482184221e+02 1.024660117890424402e+02 9.393215078046058863e+01 8.576413462198510729e+01 7.822623068397322754e+01 6.515109853692814568e+01 4.480309908008841546e+01 5.950757889115477894e+01 4.182347335152982026e+01 5.466143024206173351e+01 7.122106564502368542e+01 8.334117163359697145e+01 6.567414176463029207e+01 4.335977625035518912e+01 6.567477985505728100e+01 7.536093890143081353e+01 5.639025290842175764e+01 5.689738358002728802e+01 3.761689517972232721e+01 5.223197530332017635e+01 6.655617650349975634e+01 6.488711972934963512e+01 6.510221621107038459e+01 8.484676818627197292e+01 7.344086056172329791e+01 8.977646226141455088e+01 9.489195172260913580e+01 8.152675774386662511e+01 9.975125641397714560e+01 9.175792733358792930e+01 7.199310879692764331e+01 9.175792733358792930e+01
7.279753917811520125e+01 9.152942594119053865e+01 9.924775721513765347e+01 8.070856708964596749e+01 9.924775721513765347e+01 1.086928224964565572e+02 9.973654673422365136e+01 7.997657202787294750e+01 6.582071539494069157e+01 5.815621463609372199e+01 5.134468150519670360e+01 5.927495103514612396e+01 7.051933302657624836e+01 6.225143404344670017e+01 4.472287612292874570e+01 5.915461315970254930e+01 7.920726076874568378e+01 7.308068342203701206e+01 5.061733594124154223e+01 7.308068342203701206e+01 7.695330981460055852e+01 5.520296893588884757e+01 4.031317409912798411e+01 5.785416032006026654e+01 3.904409976611029975e+01 5.150432147837100416e+01 5.093174488627009566e+01 7.088526159309246566e+01 7.042413038277770454e+01 6.220593335531577850e+01 8.165039629559655054e+01 7.499862137803231121e+01 7.156601801015487752e+01 9.146262008692913525e+01 8.634189724061045013e+01 6.692094496932799075e+01 8.482735291461796123e+01
6.641151850486528474e+01 8.490670386389601276e+01 9.078217391131711622e+01 7.122666392692872250e+01 8.020001759137686292e+01 1.001900510934690374e+02 1.054966059206319215e+02 8.576413462192162740e+01 8.154413357346084013e+01 6.152831709441490915e+01 6.569067385484902388e+01 7.933737353016958593e+01 6.791964780874511121e+01 4.769849176903475296e+01 6.502698648792450342e+01 5.915468676659955349e+01 7.921357425503809679e+01 8.176072702115673962e+01 6.165905816728587041e+01 8.176072702115997970e+01 7.425575761465512414e+01 6.242406707340627037e+01 4.222071071967516787e+01 6.238907564555496066e+01 5.942997088712299103e+01 4.046782958425264098e+01 6.077113839509903670e+01 6.308282537726343975e+01 5.074519379040312117e+01 7.042413038277770454e+01 7.269769776978364462e+01 6.093792510592528089e+01 8.082524293557472106e+01 8.575403117779030993e+01 7.705877924205476859e+01 6.229174118264275961e+01 6.535924193887647959e+01
6.079881962135226559e+01 7.272689885664667031e+01 7.633687938010453422e+01 6.466720257656584181e+01 8.386825705383627394e+01 9.826536822611062405e+01 1.083859901071814846e+02 9.555777799623241719e+01 7.573949199732444981e+01 7.573949199732443560e+01 8.564863499580472705e+01 8.470412177713819801e+01 6.998075947298110577e+01 4.980691054098794268e+01 6.998074637171814061e+01 7.921007309918920214e+01 8.742404794542542845e+01 9.244556709189437527e+01 7.685489060282090179e+01 8.026042019463737631e+01 5.932646581254051910e+01 4.492585039449663498e+01 6.121194911508068515e+01 6.960656627682298847e+01 6.897255530999477457e+01 6.026733699765345875e+01 4.189746529755794313e+01 4.290693137233333232e+01 4.391249816003945483e+01 6.404338784965868570e+01 5.277507173957018693e+01 7.269769776978364462e+01 8.905000188527716887e+01 7.782874993689523535e+01 5.860887436245117499e+01 7.783201720318349714e+01 8.482735291461796123e+01
6.602240861230573898e+01 5.347529022893261441e+01 5.723558736438101846e+01 6.274754976231050563e+01 7.031808365075582401e+01 7.976069697805075975e+01 9.985758065788613180e+01 1.037150606588738242e+02 9.555777799648676307e+01 9.555777799503729852e+01 8.470449960272505052e+01 6.475825530946542585e+01 7.176896487152127690e+01 5.193699006377035943e+01 5.770010481754338372e+01 7.765063429341974199e+01 8.780587413169435251e+01 1.061439547081930783e+02 9.866905786255114208e+01 8.260945125850712145e+01 5.871545566567942842e+01 6.505555152852861056e+01 4.770634934129294180e+01 6.754129607370288113e+01 7.908581725183759659e+01 7.030094506500411455e+01 5.372052607443607286e+01 6.308282537752688057e+01 6.404338784965868570e+01 4.534010599816897980e+01 6.541686001768520953e+01 7.324318084144682928e+01 6.996278639253003462e+01 7.180081546146637095e+01 5.593303288520285577e+01 6.958920147790384192e+01 8.911589687902666412e+01
4.911327831494173068e+01 6.864623401156688942e+01 7.633687938010453422e+01 8.185194883864539861e+01 7.605109535798121101e+01 9.585644771038734291e+01 1.083859996717236953e+02 1.197649388155985548e+02 1.002067615855247737e+02 8.629872703373585807e+01 7.634998919844697696e+01 7.531260667205404502e+01 5.521617277824923065e+01 7.207159402136217352e+01 7.765063978804559497e+01 6.683563305012530975e+01 8.079832401610980241e+01 1.005196848062893906e+02 1.039292838538639501e+02 8.177859082544692626e+01 7.866520845211321955e+01 7.433154959493478486e+01 6.597823007593312639e+01 5.050289621136148099e+01 7.110886227552494177e+01 8.200149818948264624e+01 7.371196651702673819e+01 6.796487598373659011e+01 4.982207312885326189e+01 6.541686000514617660e+01 4.686501108894417911e+01 4.812779823530907208e+01 4.939883425647330029e+01 5.207809957711695859e+01 7.180081565226521434e+01 7.478863518187152692e+01 7.625064756476433558e+01
6.473960378390280823e+01 6.864623401184687168e+01 8.805279278193275161e+01 9.548496740616478462e+01 9.585644772241906253e+01 1.043443248206274916e+02 1.036412223598839972e+02 1.120591837104936843e+02 1.140540810962367004e+02 1.042410815603226268e+02 9.468829512058152886e+01 7.485624546800005419e+01 6.063840191610985642e+01 5.919767734640543466e+01 7.924367360890852297e+01 8.657403661763727598e+01 8.079831062893531168e+01 1.005178726322029803e+02 1.052031236645957790e+02 8.653078591842265155e+01 7.814425660287821529e+01 5.907427016862401103e+01 5.333639014478388418e+01 7.029854910616191432e+01 8.012249621570961722e+01 8.828505024818313984e+01 6.844837639450362587e+01 5.440023704622002754e+01 6.976772948411918662e+01 7.487482446797264402e+01 6.092595669228341393e+01 4.963452212220161641e+01 6.859769556220857112e+01 5.154061974392629963e+01 5.310087226774258795e+01 5.468865694669971589e+01 5.628516520625407793e+01
7.179618840817023795e+01 8.557505440369675398e+01 8.991868283767269077e+01 7.601316219463420509e+01 8.991868329265325599e+01 1.005540764583812461e+02 8.387753433924987689e+01 1.005540764583812461e+02 1.120591886553882688e+02 1.035092630679245786e+02 8.378497924495455607e+01 6.966741156680528491e+01 8.066491832641270321e+01 6.206482616971538135e+01 7.627079079072696288e+01 9.608097167280868689e+01 1.005178726322029803e+02 1.086608118671437637e+02 9.966195334805962602e+01 8.109167827927508654e+01 6.777793755332108105e+01 7.483763669346801350e+01 5.546493619825895394e+01 7.483762850427049784e+01 8.571928486598565655e+01 9.159156257970975901e+01 7.175244356065738316e+01 5.773447370573364168e+01 7.756318785117581172e+01 8.764024492574095859e+01 7.638365296934637172e+01 6.861195359077488831e+01 5.223344017713515086e+01 7.134221283963876203e+01 7.334246630098711250e+01 6.437154899126362295e+01 7.625064628553690227e+01
5.801732087094575263e+01 6.852474967243165338e+01 7.068211580816844730e+01 6.260451630220874364e+01 8.171632191870396866e+01 8.362525293241277780e+01 7.298839941938406639e+01 8.387753433924987689e+01 1.036412223890482522e+02 1.092634737180977851e+02 8.956208822265405445e+01 7.863561742748817096e+01 8.498537997944787037e+01 6.501793558642658866e+01 8.498538478509884442e+01 9.775346440503250278e+01 1.098376124850318689e+02 1.177753101091798271e+02 9.966194398869916427e+01 8.109167826800552348e+01 8.653078412620106974e+01 7.135462065234543161e+01 7.483761147555226501e+01 5.856930087640983373e+01 7.785247343639484541e+01 9.376134305277383874e+01 7.392267206714406313e+01 7.756318785117581172e+01 6.302943782345811030e+01 8.286426963397987322e+01 8.535493573156411173e+01 6.561021202476027270e+01 7.139330715770793745e+01 5.486038060226869817e+01 7.432720678435300954e+01 7.656557324075217252e+01 9.202640784129727081e+01
4.679041085304007197e+01 4.899984060701952160e+01 5.138662294481538595e+01 7.068211580269120020e+01 7.621412240699505958e+01 6.473048278427764046e+01 8.362525293241277780e+01 1.005537560841687821e+02 1.108972426107933416e+02 1.144457249110882344e+02 9.479599650402310829e+01 9.840178883990900260e+01 9.248672094467147531e+01 7.264004137185153809e+01 6.971593244020893110e+01 8.961027704304945019e+01 9.027534618221757512e+01 1.098376124850318689e+02 1.075726830391929951e+02 9.966193308528228556e+01 9.822906907219936556e+01 9.033505021096281951e+01 8.001799180182406701e+01 6.079193342839922565e+01 7.448897494238401862e+01 9.336704298578659689e+01 9.376134315939302155e+01 8.675722984553537742e+01 6.690694976117077886e+01 8.675722984553608796e+01 9.359067007161470997e+01 8.535493561682542918e+01 7.644760533952144499e+01 5.677635065655964297e+01 7.644760544490701193e+01 9.328049422807700353e+01 1.036202613363783485e+02
6.647798306622925679e+01 6.852474967367577108e+01 5.695025086337067677e+01 5.488831516645588238e+01 5.734943153160205043e+01 6.014042482311388937e+01 7.892551677243616837e+01 8.289036817175747274e+01 9.251213976066939892e+01 1.125146890798253594e+02 1.144457249110882344e+02 1.064015270895903171e+02 8.672301969460326632e+01 9.248672106696538719e+01 7.491837190350837261e+01 7.624485307430303749e+01 9.602744296691933812e+01 1.040307081122911370e+02 1.234424021218641769e+02 1.149332706232298591e+02 1.054918208620564428e+02 8.823163836992920039e+01 6.926708418570603953e+01 6.306323521006493849e+01 7.672043014623497470e+01 9.554710550887394049e+01 1.023474437475886702e+02 8.251685447061859691e+01 7.103862377162437269e+01 9.089824769034147778e+01 1.042634969094561228e+02 8.446882816149356188e+01 7.097481941606683620e+01 6.125839358583178296e+01 5.985966548982297297e+01 8.669027550018566330e+01 1.003609092626365253e+02
8.492611011148335365e+01 8.143208421001263275e+01 6.248733770315219971e+01 7.387424548471437902e+01 7.060571030431688655e+01 7.892551677243616837e+01 6.408337500829938449e+01 7.326862374812564838e+01 9.251213976066949840e+01 9.572480259581857354e+01 1.158575957571410413e+02 1.145299041886650002e+02 1.064015270895903171e+02 9.999339022484318207e+01 8.027752740470742765e+01 9.602744296691933812e+01 8.439038842792261619e+01 9.832123218255870256e+01 1.179285254967137604e+02 1.069111511093129252e+02 8.824115030489757316e+01 7.888733872717705253e+01 8.466511456803618785e+01 6.555688870845922622e+01 8.466514721656410813e+01 1.016716481449156504e+02 1.105738028581265269e+02 9.557715917271167427e+01 7.572621894617573446e+01 9.557715917271239903e+01 1.016921575645443028e+02 8.190611758551203536e+01 6.857585475273430120e+01 7.914853913170256305e+01 6.208726069516462331e+01 7.194127138671449018e+01 9.207202265172222155e+01
9.618528393477032523e+01 8.789319922371721816e+01 6.850985418260360404e+01 8.789319922371721816e+01 8.975402697264506457e+01 8.675604419580182025e+01 6.781824320557375074e+01 7.099708571198806339e+01 7.629897208147677645e+01 8.986104551079522196e+01 1.098811644769432689e+02 1.258574476895427381e+02 1.159991635064979363e+02 9.639617476713480926e+01 8.690728321558241021e+01 1.065364437294736035e+02 1.041118752632767439e+02 9.577779075304077594e+01 1.154325631563973218e+02 1.149278078122093376e+02 1.054681978907325117e+02 9.757557443486456350e+01 8.714772927041987316e+01 6.811513078852421188e+01 7.502110739345218349e+01 8.830435402406337175e+01 1.069986901051810690e+02 1.006964828829984953e+02 8.086942740921561779e+01 1.006964828829984953e+02 9.911124176523541962e+01 7.934878055177344436e+01 8.770137946379360017e+01 8.459041082635120290e+01 6.444840520544379103e+01 8.459002101632448500e+01 1.003555253389107094e+02
9.907122528268718042e+01 9.625614488843031324e+01 7.794441280034465080e+01 9.625614488843031324e+01 1.048598844910651877e+02 8.503135527259915705e+01 7.168825074549967269e+01 9.011704835809736380e+01 9.572480259581857354e+01 8.729315444139243141e+01 9.710750187155136359e+01 1.173777944584191317e+02 1.241230017722771635e+02 1.065364437294736035e+02 9.674736332906061875e+01 1.146551443207013676e+02 1.236794889380662710e+02 1.070986663291481165e+02 1.218598504567412988e+02 1.107780017361350247e+02 1.027247296253274982e+02 9.239050281770396111e+01 7.355695368728443384e+01 7.221727626318079274e+01 9.108117699235560849e+01 8.830435402406337175e+01 1.069986901051810690e+02 1.064132487307334145e+02 8.660979092423033876e+01 1.064132487307334145e+02 1.073571356620295632e+02 9.070514495567320523e+01 1.006033276687897597e+02 8.725924656644809829e+01 6.697501687680519922e+01 8.135931650506181256e+01 1.014995353138052678e+02
8.507366354420631183e+01 1.047605811955786521e+02 9.190963671150717573e+01 1.062711637208747817e+02 1.048598844910751922e+02 8.503135527259915705e+01 9.083899701973517438e+01 7.866526412392150291e+01 8.463675544238697057e+01 1.045254084340904654e+02 1.156928068662189730e+02 1.258574476895427381e+02 1.342554213968899148e+02 1.244492349624744918e+02 1.163255241298866167e+02 1.244492349624744918e+02 1.350473395064414035e+02 1.267760998631082998e+02 1.136451798569564176e+02 9.474340548286269836e+01 8.413229017078008098e+01 7.925438433780296066e+01 9.239244715438567823e+01 7.648395312301200022e+01 9.515576198953904452e+01 1.069986901051810690e+02 1.150389422657663232e+02 1.130124437204511594e+02 9.321485875129826582e+01 1.130124437204511594e+02 1.188453098897289664e+02 1.105941835537687155e+02 9.226626973355699590e+01 7.191889935471880335e+01 8.725924656644809829e+01 7.342430323166830419e+01 8.781493498091306549e+01
9.070060943247628416e+01 9.893877550708046442e+01 1.103483192230714138e+02 1.206326907302424871e+02 1.132926727628591550e+02 1.048598844910752348e+02 1.066380578911496713e+02 9.234173812633585499e+01 1.045254084393437068e+02 9.509601453679151462e+01 1.051210532100769512e+02 1.195623821476810349e+02 1.401279698614827112e+02 1.396188425553746981e+02 1.315273836762136739e+02 1.338404923804530142e+02 1.417522577701078319e+02 1.233080523650243379e+02 1.039859869276714619e+02 9.331353077844606503e+01 1.027247596192407997e+02 8.633906186543423189e+01 1.013234752446688418e+02 8.282056515980015376e+01 8.491105979738270548e+01 9.549487965672102519e+01 1.143033033685861994e+02 1.212491856298442485e+02 1.030990063925057143e+02 1.212491856298442485e+02 1.155217482905332389e+02 9.542692359198917984e+01 8.373515012504262245e+01 7.604608862593860863e+01 9.642466110087357833e+01 7.839889154491802969e+01 9.275846356061927622e+01
