LEM/sinusoidal_perturbations/elevation_000520.asc
nrows	100
cellsize	150.0
xllcorner	0
ncols	100
yllcorner	0
NODATA_value	-9999
[rows 34 to 50 of 100, columns 37 to 73 of 100]
2.924396076098404862e+01 3.066840015717293610e+01 5.088132788380532645e+01 4.553881751524966859e+01 6.552725876818560380e+01 7.141722419673973832e+01 6.563529664419279186e+01 7.123230946607786507e+01 5.999393589931798942e+01 6.699012846918887476e+01 7.680680098731470196e+01 9.049395942323761233e+01 1.097883109146651321e+02 9.159803110547358074e+01 7.480565987407101147e+01 7.500564137487664595e+01 9.334996570716920417e+01 9.603001645085917914e+01 8.828472890787391236e+01 6.819745276759455521e+01 7.188355365773233530e+01 5.536178977963997738e+01 4.130609319444908323e+01 5.793325526728845176e+01 5.793314293392230496e+01 6.267371414229538118e+01 5.309567331142502411e+01 3.532187016167553395e+01 5.485193708938526669e+01 6.439357003434329840e+01 6.820399068816973909e+01 6.237477531305945178e+01 8.227696286188678698e+01 7.440617209631291473e+01 7.440617209631291473e+01 6.262411072940625445e+01 7.669060228028551762e+01
3.947351119514268447e+01 5.088132788286152675e+01 3.274419488226065056e+01 5.288545852103572287e+01 5.693036550780598759e+01 5.895898861185855822e+01 5.160990837190325209e+01 5.153259466694871804e+01 7.123230946607786507e+01 8.647597256189720838e+01 8.382537705521484384e+01 9.213417008547396847e+01 1.097903631772800992e+02 1.031830539805333302e+02 9.486920113855732950e+01 8.919286765184502030e+01 1.033828097662934340e+02 9.766117107478596893e+01 7.762686964347376772e+01 6.338362466711745924e+01 5.170589807446544484e+01 4.467374630624947685e+01 6.125868761973825372e+01 6.958978070082464740e+01 7.802651776329146571e+01 6.294830670201232437e+01 4.814005618767399142e+01 5.520425491819788988e+01 3.620751505860656039e+01 5.619260416721705553e+01 4.808354234048494646e+01 6.693335720257165633e+01 7.500624168423165372e+01 6.792972390847403119e+01 5.444441814700467575e+01 6.598831411049376072e+01 8.590517995039155608e+01
5.366140660566152576e+01 6.106354149462853087e+01 5.171149513866731695e+01 3.485853584864736376e+01 3.691611237656116629e+01 3.898347032214278585e+01 4.400289553461070113e+01 6.378651769884861267e+01 6.708256076319746342e+01 6.971778282780545055e+01 6.387422596635621375e+01 8.382537705521484384e+01 8.973015950706567878e+01 9.583668221369850926e+01 1.041628875223592843e+02 1.092548867370326775e+02 1.090446261547137823e+02 9.897105626221464547e+01 9.061903903938227245e+01 7.990653655781416376e+01 6.742599371971751054e+01 4.725681428599008882e+01 6.742598798049461095e+01 8.739512946270058080e+01 9.237916027663753482e+01 7.785603835908770520e+01 6.919389194557845713e+01 6.443451529116548215e+01 5.619267346954445941e+01 3.709385802294180934e+01 5.708168420603656301e+01 5.203228311153880981e+01 6.219471970794963056e+01 4.791407802046305875e+01 5.950120460862632399e+01 7.944329538835361859e+01 9.420798322517428858e+01
7.365671300799833432e+01 6.515948747233963445e+01 4.520839098326919725e+01 3.700277431824233787e+01 5.693036550780323068e+01 5.895898861190311635e+01 4.231538178093286007e+01 4.472631588950045511e+01 4.718381177506482516e+01 4.982228488640282649e+01 6.971778282780546476e+01 6.974804616756021858e+01 8.318134315020995473e+01 7.582683421253541667e+01 8.996003225792125590e+01 1.100241702382553513e+02 1.006858102510218060e+02 8.055226782774273886e+01 7.048553586686531958e+01 7.169150432036957454e+01 5.137881335499715618e+01 6.721621793669227429e+01 5.890504104933480534e+01 7.318459587640494135e+01 9.328128578686880701e+01 8.514570839003894775e+01 7.441225962975993014e+01 6.168547533501061508e+01 4.170399128315202120e+01 4.549122729368272644e+01 3.800105511198761121e+01 3.864296912602039669e+01 4.234668731361782079e+01 6.233500586831672763e+01 7.620439382065747225e+01 8.773394712564551412e+01 8.800915091852876060e+01
7.929830254143216450e+01 5.930299851483637497e+01 5.918013560660292427e+01 3.920923640221155182e+01 5.526629003466367607e+01 7.055910883799792543e+01 5.716421051377996321e+01 5.855040400142196688e+01 5.469705629128621638e+01 6.971778156895605605e+01 5.383618953547460251e+01 5.827108010634312052e+01 6.322989502315374466e+01 8.318134315020995473e+01 1.015041289285793340e+02 1.115361048054439834e+02 1.090446261547137823e+02 9.183047601771693280e+01 7.136800169130236782e+01 5.967168675637346098e+01 5.496616294773438227e+01 7.509382476301026088e+01 7.906260432055773890e+01 8.739652274304742718e+01 8.931806429236952738e+01 7.702669460762875531e+01 5.789937454762963398e+01 4.650208819326326903e+01 6.168547533501061508e+01 6.425586280135141237e+01 5.799038329384945456e+01 5.846462554482346974e+01 3.956642512213607432e+01 5.955998065499132821e+01 6.873073522290756898e+01 8.242342963135023126e+01 7.362013838094725315e+01
8.762697162524061412e+01 7.929830254143216450e+01 6.139291820275941802e+01 4.143658369175078349e+01 5.881692273901364842e+01 8.060362508190871722e+01 7.971214087336259979e+01 7.764565147480401208e+01 6.280436630331379888e+01 8.203184056782356492e+01 7.373869652015171994e+01 5.933729551268633884e+01 7.926589575168506485e+01 7.318164650978019381e+01 8.316139212052071628e+01 1.032006874607588713e+02 1.135012407323999355e+02 1.003806853907325092e+02 8.820454155759286152e+01 7.882355110845031732e+01 5.869022452994383343e+01 7.036296583724912068e+01 9.038091819328020904e+01 9.519756858446444880e+01 7.512201225271489591e+01 6.089553442461847510e+01 5.191589296734409942e+01 6.654710651418307066e+01 7.487132679825138837e+01 7.637111194886085741e+01 6.373496145170425820e+01 4.372199658490455931e+01 5.955500610352397928e+01 4.051580514949487366e+01 5.461926873177976205e+01 6.341577590197902481e+01 6.302691586885600117e+01
9.565869684912722448e+01 7.558389830852853208e+01 6.365097635524793418e+01 4.370834671450052866e+01 6.365097635524793418e+01 7.702508362351667870e+01 9.119586365292988717e+01 9.105912290244265250e+01 7.429829562452145808e+01 9.105912290305390400e+01 8.333862510207906382e+01 6.338640756423431810e+01 8.333862510207920593e+01 9.318103979063982933e+01 1.015041289285793340e+02 1.115361048054439834e+02 1.053514742411954899e+02 8.561871356762652852e+01 7.563841368008542076e+01 6.664246064135427616e+01 6.455406917208827622e+01 8.461449721794863876e+01 9.864337905640232407e+01 9.875994185278828752e+01 8.931806255920295712e+01 7.640482167826947091e+01 5.628481595409155602e+01 7.640482167826947091e+01 8.103569411281937107e+01 6.805536166951065979e+01 4.802248957028974985e+01 6.373496145170425820e+01 6.838488426882868509e+01 5.421533311707782588e+01 4.146960341904901526e+01 4.214545034304160254e+01 4.282892767311317073e+01
8.976259592889873318e+01 6.971088945738398479e+01 5.562069580249572454e+01 4.672260292186116004e+01 4.877888582503169346e+01 6.285430857453300035e+01 8.246630419573587290e+01 9.404759975503544922e+01 9.429951186893919157e+01 1.026223832602186263e+02 9.164809454366761088e+01 7.333862331658944811e+01 7.041729330397430431e+01 9.040553612260924865e+01 1.058359447217489162e+02 1.141749514163668380e+02 1.135012407323999355e+02 9.815466237991451237e+01 7.823920082298204193e+01 8.665646528898398060e+01 7.093937927343323224e+01 9.093890292278412346e+01 1.046323567881370451e+02 8.456896850522454656e+01 7.035570759221185710e+01 6.363642600146305028e+01 7.051922063987423428e+01 8.472445087052879842e+01 7.271849512371146318e+01 5.266152880929498536e+01 6.217556544725533030e+01 7.637111194886085741e+01 8.089365270659396856e+01 6.907088537591084787e+01 5.944182548083423256e+01 4.697758451582912897e+01 6.220690005230639485e+01
8.728837917210972819e+01 7.330553384262745453e+01 5.335718052908059406e+01 6.664366121698294876e+01 5.318057395630231809e+01 5.419288490772032674e+01 6.567933507417642147e+01 8.570893422244652982e+01 9.034690844249627162e+01 1.104844889425264256e+02 1.016618768704774425e+02 8.746457865616527272e+01 9.040553612260924865e+01 7.823808158713148941e+01 8.578656217029526942e+01 9.994793663980313170e+01 1.200508536885448052e+02 1.063852126835120089e+02 8.975973762395280175e+01 9.799419794765759661e+01 7.803881012621853586e+01 9.799419794765759661e+01 1.046323567881377414e+02 8.456896850522454656e+01 9.044539887971106396e+01 7.264733559959525167e+01 9.061391952788028448e+01 7.773906083449087134e+01 5.765688312886464217e+01 7.271851646829280469e+01 8.103581112668439346e+01 9.056665845046623531e+01 8.589345135470020409e+01 6.754518589188779742e+01 5.440462638663367301e+01 6.053326552648662329e+01 6.758022035401765493e+01
6.724299251389864196e+01 6.061183533841563076e+01 7.330553384262745453e+01 7.782974944994785460e+01 5.786222290785570266e+01 7.414483976243249685e+01 6.032216488404632315e+01 7.028240486436746437e+01 9.034690844249630004e+01 1.015545480492040156e+02 1.105616352744872586e+02 1.075198337938571456e+02 1.065878352505029767e+02 8.822834616634865768e+01 1.058359447217489162e+02 1.141749514163668380e+02 1.172006594418244703e+02 1.178550938208814074e+02 1.096223428594170599e+02 1.062527785202562001e+02 8.956987394955385184e+01 1.062527785202562001e+02 1.129509160674532353e+02 1.046323567881377414e+02 8.904800613337333459e+01 9.273013688993745518e+01 9.821758158996709653e+01 8.202394099422198792e+01 6.192607156406414504e+01 6.769375274033815515e+01 8.778436892864354490e+01 9.521014023475805743e+01 7.659554142024673240e+01 6.379953077719124366e+01 6.519686039129294386e+01 7.900756251154496113e+01 8.081136544612647299e+01
8.728837917210972819e+01 7.057382392592761278e+01 8.894038520604865994e+01 8.283844782576139210e+01 6.282651173212200035e+01 8.283844782576139210e+01 8.031465665343181115e+01 6.758683371220283220e+01 7.311913964922842979e+01 8.207872455877520679e+01 9.368955434184142916e+01 1.138473055330358079e+02 1.166289732513969426e+02 1.082876346567080503e+02 1.166289732513969426e+02 1.113963787914612027e+02 9.731740660800734588e+01 1.113963787914612027e+02 1.200034573531776090e+02 1.117360323320136501e+02 1.095020385387783506e+02 1.177622801595500022e+02 1.228893044219378794e+02 1.174336479445208283e+02 1.091137399228558849e+02 9.406056781547098922e+01 7.987224032087502223e+01 6.981326243579417223e+01 6.952605775798019749e+01 8.778436892864354490e+01 8.040776215339458588e+01 1.004777330498814365e+02 8.995035503958257550e+01 7.283421975919449665e+01 8.347882195130488014e+01 9.140454635029492181e+01 7.350265740279547799e+01
9.898539111935279777e+01 9.063934331281775769e+01 9.898539111935279777e+01 9.117648020362960892e+01 7.434768141624806503e+01 7.222437666016949720e+01 9.230413818494753286e+01 8.763533377970364313e+01 8.730738429166443382e+01 8.730738429147571367e+01 1.074485322360738735e+02 1.222016492978013389e+02 1.178275880312650230e+02 1.095791722768821046e+02 1.178275880312650230e+02 1.031410765309857709e+02 8.333089711673773081e+01 1.031410765309857709e+02 1.085222532839772924e+02 9.188036575087106428e+01 1.085222532839772924e+02 1.170717820201131616e+02 1.029729624333121762e+02 1.170717820201131616e+02 1.224413959722680971e+02 1.082509818938695503e+02 8.990429057244817557e+01 7.881249921525849800e+01 7.852590899550052939e+01 9.793124705365465843e+01 9.460054252435466537e+01 1.087932139670523668e+02 9.931148026504871495e+01 9.126104260870552309e+01 9.931148026504871495e+01 9.427806267837611642e+01 7.183070235246610480e+01
9.797131806489528572e+01 8.983191622452557112e+01 9.797131806489528572e+01 1.027866339637164685e+02 9.443705043875611693e+01 8.640607169721218384e+01 8.490382973253730370e+01 1.050382871856912033e+02 1.074485328123146104e+02 1.074485316427852410e+02 1.158016697859951165e+02 1.129710543812617942e+02 1.047349064165193795e+02 8.982611746741721959e+01 1.079275731718188780e+02 9.565353250846126798e+01 7.583641350307053131e+01 8.631165302026619202e+01 8.967785521447804342e+01 8.045185829555862256e+01 1.002723578864515162e+02 1.081843600140946222e+02 8.896728595399196138e+01 9.993403643397466851e+01 1.198259981217477161e+02 1.182876415124153198e+02 1.071919527968533004e+02 9.040092636713831098e+01 9.011494607686717018e+01 1.069057365078179629e+02 1.146665261252591250e+02 1.135276563838026931e+02 1.045782962079945833e+02 9.629362539042857350e+01 1.003679762866454581e+02 9.695755376246432888e+01 9.368299233429088702e+01
8.806648747598258353e+01 6.995622656119869021e+01 8.300348256154411786e+01 9.116623267110615814e+01 1.010476588805121310e+02 1.065433302914154439e+02 9.913326985924321377e+01 1.133934997260466844e+02 1.096682047149969037e+02 1.179462330122484275e+02 1.187510601975559439e+02 9.892922569563879165e+01 8.499122937682597012e+01 7.997926639445078933e+01 9.970264487214964788e+01 1.003308537599014159e+02 8.050470994027840277e+01 6.636906031168933850e+01 6.978292731406639859e+01 8.967785521447804342e+01 9.931476914111516408e+01 9.108019760101078077e+01 8.013625094164031282e+01 9.993403643397466851e+01 1.098567735246789994e+02 1.297952227188164613e+02 1.187760474848738426e+02 1.104572786924654366e+02 1.101710095463055410e+02 1.184896683807752709e+02 1.167651662549288289e+02 9.681444986662120300e+01 8.522729462704448622e+01 7.613359100394549728e+01 8.032097933218715013e+01 7.672788060262899990e+01 7.929442959855505535e+01
7.989407139286211645e+01 5.965608574796895880e+01 6.287589004057615938e+01 7.309876496094634035e+01 8.715849498733082612e+01 1.067892163748197589e+02 1.192942601012508987e+02 1.064447943704875001e+02 8.977361517940120450e+01 1.033576423224025262e+02 1.116254915373563819e+02 9.297045248618974256e+01 8.475918335005408721e+01 7.243451883155695725e+01 9.224790853929826540e+01 9.483207082633413165e+01 7.496025199462560806e+01 6.064906051083559646e+01 7.770529765628320717e+01 8.110582548479035836e+01 8.509976044575749654e+01 7.124533147473478323e+01 8.013625094164031282e+01 9.001129934327033766e+01 1.098567735246789994e+02 1.164617062627007016e+02 1.165283072177766712e+02 1.081800070780425926e+02 1.165283072177766712e+02 1.266055969278302911e+02 1.250580632738095233e+02 1.124667478739059590e+02 1.009039237366398680e+02 8.621466399182442331e+01 6.571589578132416420e+01 6.198759075300155530e+01 5.869096296491407116e+01
7.224483181382186103e+01 5.176098529215480681e+01 7.224483181382186103e+01 8.562817304978254640e+01 9.965154551423236740e+01 1.093196757801005532e+02 1.053465352465689193e+02 9.708925842753868096e+01 7.840996304230118596e+01 8.353328967688446482e+01 1.033576423224025262e+02 8.475920385235123433e+01 6.473642956310148122e+01 7.826287843256137933e+01 8.573082112547128020e+01 9.136779612538056483e+01 7.666826370681162928e+01 5.653794916970090867e+01 5.744820207011341751e+01 6.098803154669639781e+01 6.513008564092177721e+01 8.509976044575749654e+01 8.527406093945536725e+01 1.050974514743299011e+02 1.106707417664752597e+02 9.650207938470938984e+01 1.065542217767263224e+02 8.831733341177384489e+01 9.824867024490829692e+01 1.180814597596900768e+02 1.194415858314634278e+02 1.041791476110162762e+02 8.414372875206682068e+01 7.238251077441387338e+01 8.621466399182442331e+01 7.672700154014317775e+01 7.929442959855505535e+01
6.108601468497477782e+01 4.674435908544693774e+01 5.712091298573006526e+01 7.160480058533275383e+01 8.840138807698420464e+01 9.010355255695934318e+01 9.708925842753868096e+01 7.728045955781932719e+01 6.955151260711531336e+01 8.308219189871194033e+01 1.029232472182150104e+02 9.297045248618974256e+01 7.826299382545640526e+01 5.799564183042173937e+01 6.996087048084729076e+01 7.988468424526399758e+01 6.614832362617583783e+01 5.256256369780756188e+01 7.299561859688213872e+01 8.110582548479035836e+01 7.185329857227677053e+01 9.173024576844494504e+01 1.050974514743299011e+02 1.133554773427762399e+02 1.023481187473197167e+02 8.254393237318224408e+01 8.982285151757055530e+01 7.848837377084815614e+01 8.984560855779984934e+01 1.097274659790661389e+02 1.111488992718204685e+02 9.118222516694117985e+01 8.110496104945235629e+01 8.414372875206682068e+01 1.009039237366398680e+02 9.693436562898043007e+01 9.356147589534029407e+01
