LEM/sinusoidal_perturbations/elevation_000647.asc
nrows	100
cellsize	150.0
xllcorner	0
ncols	100
yllcorner	0
NODATA_value	-9999
[rows 34 to 50 of 100, columns 0 to 36 of 100]
2.064481644892168701e-03 2.000206448164453832e+01 3.180663554090786604e+01 3.887770334685011875e+01 4.716197247932201719e+01 5.870897258188293222e+01 7.623222971795303238e+01 6.874243981286349481e+01 7.695150010230352677e+01 7.235720269313473807e+01 6.615320903322921708e+01 6.882737675175104641e+01 7.250789335963446547e+01 5.911057709842249608e+01 7.250789335963446547e+01 7.461938652590274046e+01 7.530913177403010650e+01 7.530884346178683586e+01 8.357781251376613341e+01 8.270448295410028550e+01 7.422671385128579402e+01 6.452352914334352363e+01 8.185656567047016097e+01 9.159376333303200113e+01 7.127290094413598354e+01 6.863069367981475466e+01 8.560894330927676776e+01 7.459306490331208295e+01 5.442291871868952313e+01 4.421333344491480233e+01 5.435833705359097934e+01 4.510794726570946978e+01 2.451593452798646666e+01 4.510794717850925650e+01 6.383399388540908603e+01 6.799814109543723362e+01 6.997223044524849911e+01
2.905961989428186391e-03 5.776408653885660271e+00 1.180663554544088001e+01 1.887770335730623117e+01 3.042470874109854151e+01 5.042470869620913732e+01 5.639172400448253342e+01 4.713220600278778250e+01 6.428071523095384521e+01 6.077765551356229423e+01 4.493008624212239965e+01 4.885597923082160321e+01 6.882737675175104641e+01 7.795659068973589001e+01 6.876624627158383873e+01 5.463927454878133716e+01 5.532902900824637271e+01 5.532902811388766651e+01 7.530884346178683586e+01 7.378106745054168414e+01 8.205858889979508319e+01 8.539467279343620021e+01 9.381459201279191973e+01 9.994501510444277415e+01 9.159376332589013714e+01 8.896422675893080623e+01 9.732057332197739186e+01 8.286568479280650479e+01 7.280931730849242456e+01 5.436105535171813585e+01 3.392774923165442402e+01 2.770742629809930335e+01 2.647538057610269391e+01 4.699718719893049723e+01 5.164461626024497320e+01 4.767716405996961271e+01 4.970135340197670359e+01
3.542675937824442140e-03 2.000354267593747082e+01 3.180663554090786604e+01 3.887770334685011875e+01 4.716197247932201719e+01 5.562837922198035301e+01 5.586716974429363347e+01 3.537194343271809771e+01 5.143967052100479975e+01 4.318885316418663223e+01 3.223093554306374386e+01 4.666537828908384000e+01 6.665703495563593606e+01 7.284752607667456914e+01 5.878593385055656029e+01 4.053765977499979556e+01 4.122571684855210350e+01 5.415990532567624172e+01 5.807695123843058838e+01 5.379615569851797829e+01 6.695296757845291324e+01 7.211365559512880452e+01 7.918030492998256875e+01 8.745749989108747968e+01 9.744853972816562759e+01 8.913093748559984419e+01 7.906724535812531940e+01 7.075248709151003368e+01 6.359045733175991444e+01 5.156841903943004723e+01 3.109999172451162508e+01 4.819913868076129404e+01 4.699491355959929706e+01 2.920565075020351387e+01 3.115657383621376653e+01 3.314257036555884639e+01 3.517253374160777923e+01
3.411803931810562015e-03 1.414554742766288520e+01 3.414554742766358686e+01 4.390203907000116601e+01 3.565492915734002111e+01 3.565405731065777672e+01 3.881453389821850664e+01 2.819483083648000488e+01 4.318758411223636529e+01 2.303075367513352489e+01 4.318758411891182902e+01 5.728049340444444226e+01 6.367587686525142487e+01 5.515069399391536820e+01 4.358221803693137275e+01 3.069999585568055878e+01 4.882346102020974143e+01 3.419277019177418708e+01 3.810398239684490562e+01 4.226423346584478935e+01 4.696928102909011926e+01 5.212642771531974972e+01 5.919282621751818851e+01 6.918971457889415433e+01 8.917094717541114335e+01 8.083845940250328965e+01 6.066656099228474375e+01 5.049523980287515457e+01 4.323804414315380740e+01 3.671312502992643800e+01 3.416996414526992254e+01 5.461548599218895816e+01 5.806815732142489850e+01 4.374533382420673888e+01 4.568981410927344200e+01 5.362469992547658393e+01 5.555891662211768534e+01
3.327314952832964925e-03 2.000332731495247884e+01 2.291118499533901343e+01 2.410811054099879414e+01 1.565526218745579712e+01 3.565045205803800599e+01 1.869287872396591155e+01 3.015924344426224479e+01 3.147709021400221374e+01 1.780843519847667267e+01 2.912156987278315157e+01 4.905164292771116408e+01 5.462620148585648394e+01 3.580751319311594472e+01 2.557286451997065413e+01 2.540883274872794573e+01 2.886767249489833631e+01 4.882349848353414501e+01 5.807695123843058838e+01 6.224276503033486563e+01 6.695296757845291324e+01 6.626079341746601870e+01 6.844692412224702593e+01 8.745749989108747968e+01 9.744949730725410575e+01 8.913179384311378328e+01 7.906724535812531940e+01 6.467049212309386519e+01 4.424437474074689902e+01 5.715445462547106814e+01 5.461548599218895816e+01 3.867890083695362335e+01 5.887980033379438538e+01 6.415845072520029646e+01 6.602078037436891123e+01 6.727160485892797226e+01 4.698084844665112314e+01
6.779948344387334673e-03 2.000677994822187600e+01 2.896570241979253613e+00 4.104826466477749847e+00 2.409756182298109906e+01 2.709376732689024792e+01 2.774454487832112903e+01 1.014550775439742125e+01 1.146227207668885484e+01 1.278799062314271318e+01 3.280409504354519612e+01 3.621526923237204443e+01 3.767002476968873026e+01 2.567710283267588522e+01 2.130467066182563940e+01 4.130953340938381046e+01 4.882343659988576690e+01 5.709903171388678800e+01 7.482181594853645379e+01 7.424224298545779277e+01 8.251079248404826672e+01 8.624370775542359979e+01 8.842873967325684248e+01 9.670719252609380590e+01 9.895736569978389241e+01 7.822931140060470057e+01 6.368325866847007433e+01 5.342900684134044553e+01 5.871486598496900200e+01 7.306841683724601921e+01 6.354908212288975022e+01 4.318832155015466157e+01 4.536868517566571057e+01 6.559948521244001540e+01 8.088209142512529581e+01 7.400946182327770373e+01 5.379589093022877222e+01
9.516927588586143695e-04 1.194051706417573078e+00 2.117157947697240772e+01 2.410733840524417815e+01 5.845692395800520913e+00 7.086173949696394914e+00 8.333995562723737649e+00 2.834487884828732263e+01 3.147709021398706497e+01 3.250749686397613658e+01 1.476109438861642076e+01 1.620282974612928228e+01 1.765999063872589048e+01 1.912955246386764685e+01 3.914839314654919633e+01 2.394757049295938955e+01 4.393134755197101526e+01 4.658546337675517179e+01 6.011813834995457739e+01 5.426774265355240345e+01 7.424224298545779277e+01 7.948255214703047500e+01 8.774381209641533985e+01 1.071800781244432841e+02 9.910220650433114997e+01 9.285017474628467937e+01 8.249634594778369490e+01 6.373951092521738104e+01 7.904864551817871643e+01 8.243462514971641042e+01 6.225385903816624023e+01 4.790881734016212334e+01 6.559948521244001540e+01 5.260147197385865780e+01 7.270833485058815882e+01 8.228702058215917248e+01 6.393925545021843959e+01
1.945935296826602993e-03 2.000194593529604603e+01 1.752403551768960455e+01 3.402674392174863982e+01 1.999479125684331393e+01 2.709490518174302665e+01 1.466338474824708982e+01 3.455589039979651034e+01 4.329476569907517103e+01 2.330006155579199500e+01 3.477547910583854929e+01 3.035734586018915238e+01 3.767000456725899937e+01 2.461221801889968575e+01 4.381740138169798371e+01 4.393134754988498258e+01 2.661798467163067272e+01 4.658546337675517179e+01 4.015162510093341552e+01 6.011813834995457739e+01 6.537002648708131858e+01 5.952442695939203787e+01 7.948255214703047500e+01 9.587784890721232500e+01 7.940396596586255384e+01 9.506783461590373463e+01 9.404634031089891266e+01 7.927175875067922561e+01 8.575980824597814944e+01 6.718121027558534308e+01 5.561088617395700595e+01 6.816474375316815326e+01 7.652654328013119311e+01 6.427727605268516697e+01 6.166201920196196085e+01 8.164499193555663226e+01 7.821747700291410865e+01
5.600688922766023682e-03 2.000532799885433022e+01 3.750380914534969889e+01 4.572226395496495854e+01 4.004052435098991936e+01 4.157125520683570841e+01 2.173801657004300836e+01 4.157125522288094288e+01 3.744469309672173551e+01 3.744469310954293917e+01 3.962998682221672908e+01 5.035754728483858855e+01 3.423840401786725351e+01 4.381740647698813262e+01 5.231876612239939561e+01 5.120142648747176395e+01 3.168759550320732643e+01 2.950427454036601205e+01 4.944558774619532215e+01 5.469687412380459079e+01 4.540238692192130543e+01 6.537002648708131858e+01 8.059326952017285350e+01 8.408184465870945701e+01 6.793843441598303912e+01 7.526697565609495655e+01 9.507184415879663675e+01 1.025750800961304634e+02 9.496766225241034931e+01 8.224562920770435426e+01 6.201085869718435362e+01 8.224559326352891730e+01 9.233784607028985647e+01 8.422537778463812685e+01 6.878342129678486572e+01 8.867921849274426904e+01 9.823224968072248942e+01
8.215197286175309616e-03 2.000821519728582132e+01 3.180634270613179737e+01 3.887741032092582572e+01 4.716165402961071607e+01 4.978856315520243925e+01 3.324078663369904518e+01 4.978856998111043453e+01 4.898255392055242652e+01 5.741817503642769083e+01 5.375594750326685300e+01 6.330369806243216146e+01 4.434545359203039538e+01 6.330369806296808122e+01 6.037793516358033230e+01 3.985863796794926373e+01 5.120142648758996984e+01 4.944558800036605106e+01 3.254167452386690229e+01 3.474920745397386668e+01 5.469687419059266631e+01 6.632775365328981820e+01 6.069050155641330946e+01 6.420824255592492591e+01 5.903916812050395890e+01 7.890412302653231791e+01 8.736816326609596217e+01 9.463060447790759611e+01 1.027209209821933769e+02 9.064181902446040340e+01 7.379461107823600230e+01 7.851990504511255153e+01 9.882327135258491069e+01 9.676672624439366643e+01 7.880378376583756506e+01 9.676672624439366643e+01 1.043291274062021472e+02
2.613274238814250559e-03 5.776115966135046520e+00 1.180634285769026626e+01 1.887741066955561564e+01 3.042441605333655019e+01 5.042441361102209640e+01 5.298886722819788275e+01 6.120501899242604793e+01 6.894140824824589231e+01 7.721076027450934021e+01 7.371315418991707702e+01 7.367230625869770222e+01 6.528903834831922381e+01 7.367230625869770222e+01 6.772582313669295218e+01 4.694285748394484159e+01 6.772582313669295218e+01 6.075188042771252839e+01 4.404364101202867232e+01 5.469687419059266631e+01 3.810618102657166162e+01 5.806597282170238117e+01 4.658264570039753494e+01 5.011806228228833504e+01 5.482632856910641550e+01 6.112600350883231215e+01 6.774077642507189978e+01 7.519013373423983637e+01 8.872201572622628873e+01 1.034474977851895972e+02 9.488108859884451363e+01 9.882327470539259195e+01 1.050612690626314247e+02 1.065909857051306489e+02 9.855465321965094461e+01 1.065909857051306489e+02 1.125145729423007452e+02
7.532853315450405325e-03 2.000753285331509446e+01 3.180634270613179737e+01 3.887741032092582572e+01 4.716165402961071607e+01 5.870859239806583929e+01 5.942185663547329710e+01 5.942185663547333263e+01 6.769415314361715730e+01 7.348389595298280597e+01 6.521341970224742113e+01 6.982314447898710341e+01 6.155239945236078114e+01 6.982314447898710341e+01 7.609249227399223514e+01 5.909220375891133870e+01 7.609249227399223514e+01 7.227895131284249430e+01 6.401174823775944844e+01 4.808699711628915452e+01 5.769839415938495364e+01 4.180526450109788783e+01 6.176713227834187592e+01 7.002908584522732838e+01 7.468860876821700856e+01 6.631029211606056606e+01 8.613360215601272785e+01 9.463060447790759611e+01 1.027209209821933769e+02 1.152075739202483788e+02 1.017455093498131760e+02 9.341751894027719061e+01 8.489370226085362958e+01 9.531828214935302412e+01 1.036423731743997223e+02 1.085900857754828053e+02 1.002914557186792592e+02
6.101047412966256744e-03 1.414904118176231229e+01 3.416449114395133080e+01 3.636832208862132632e+01 4.445933445094300396e+01 5.288362326403662905e+01 3.942907417602167897e+01 3.942907417602167186e+01 5.942185663547333263e+01 6.195085192284913234e+01 4.523382289810360390e+01 5.983420316135602235e+01 4.157015190870126986e+01 5.983420316135602235e+01 7.395893556049828987e+01 7.951956653334829639e+01 8.782095644541730906e+01 8.229756164238879990e+01 6.223081081156718142e+01 5.962900895784995470e+01 6.875382142767773530e+01 4.887130298012191076e+01 4.964354310411193438e+01 6.375446302986720326e+01 8.368259374651069038e+01 8.613360215601272785e+01 8.249775466807383850e+01 1.023112682599209222e+02 1.011943470227588051e+02 1.053556433631632530e+02 9.341751894027719061e+01 7.306221879524623830e+01 7.040315356539667846e+01 7.500264447906640441e+01 9.195025289518095235e+01 9.853110625546774770e+01 8.013899526968548059e+01
6.842009524227352091e-03 2.000684200952387215e+01 2.324068550975062664e+01 1.642570067304211534e+01 2.485942453398319429e+01 3.528662284662300408e+01 2.528842215069621702e+01 4.528482458360752361e+01 4.871040389569078854e+01 5.367819119712472542e+01 3.369042966816075335e+01 4.213825082095664243e+01 3.157202135270836152e+01 4.570946758041488778e+01 6.107460443417352991e+01 6.107460443417352991e+01 8.104442834734832957e+01 9.060236536814751673e+01 8.229756164238879990e+01 7.378790818730958279e+01 7.714628994518193394e+01 5.780642029906638868e+01 6.959127738040015743e+01 5.905525644270121433e+01 7.056732893358871195e+01 9.048934128872667770e+01 1.023112682599209222e+02 9.523859685155886723e+01 8.097291684836113745e+01 8.517197123990298735e+01 9.213950227313203811e+01 7.170491706197920223e+01 5.832223636334352079e+01 6.300513287293615150e+01 8.358904327165411985e+01 9.021477448527625143e+01 6.984766567822315153e+01
1.934550753332892102e-03 1.618838717662217652e+00 3.241052928969839986e+00 4.879516770007914062e+00 2.487776331168267063e+01 1.528854925249795649e+01 3.080304357791149883e+01 3.266697550901305647e+01 2.871824542430186611e+01 3.674228108129501180e+01 3.893654624106315509e+01 2.214423203317399214e+01 4.213825077146784537e+01 4.843634648080623606e+01 4.109176405739707860e+01 6.107460443417352991e+01 7.536822322307310174e+01 7.755199178790321923e+01 8.582029318924169559e+01 9.381975405787240163e+01 8.609050187613692628e+01 7.194859724534263989e+01 8.609050187613692628e+01 6.902576918582339260e+01 8.723721137135892434e+01 9.873772906785690395e+01 9.523859685155886723e+01 8.504396689361063011e+01 6.640382895174811040e+01 7.067101600096322045e+01 9.108363193555999260e+01 7.170491706197920223e+01 5.087448494639173191e+01 7.170491706197920223e+01 8.934385674363178964e+01 8.100241483750973259e+01 6.286564707569794308e+01
4.364784840791047053e-03 2.000436478484043690e+01 2.324068550975057335e+01 2.487864319860912232e+01 7.261482106709548745e+00 8.963995168227000931e+00 1.080514440402342125e+01 1.267015402050302697e+01 1.457707919898926008e+01 1.674638377713306525e+01 1.894166897664955940e+01 3.893664497102190580e+01 2.579571533690587870e+01 2.844477915474351093e+01 4.843634649213535681e+01 5.677783200139960229e+01 5.539663514734410654e+01 5.758152981032170459e+01 7.364651805412506747e+01 8.191484295528289294e+01 9.084293710160054047e+01 9.196876258213764288e+01 9.719737983476638021e+01 8.894895499955396190e+01 9.719737983476638021e+01 1.011943470227588051e+02 8.097291684836113745e+01 6.640382895174811040e+01 5.591457170230471974e+01 6.881257855451963223e+01 7.725880855862440910e+01 6.692608819133749876e+01 4.611665459929515976e+01 6.692608819133749876e+01 7.753168127955424893e+01 6.039045428644377012e+01 5.651793702252534501e+01
5.219006137575642711e-03 1.414735462986865144e+01 3.414735462990029902e+01 3.554702477451461817e+01 2.726115212734406867e+01 1.563068501931378940e+01 3.080304357791602499e+01 2.421038972025432301e+01 3.457382332808529668e+01 2.074920750341048503e+01 3.889538164705855650e+01 4.716386955092524147e+01 3.993533840696488824e+01 4.843634649213535681e+01 3.252725090709807887e+01 3.679120810878322345e+01 4.126312767366894718e+01 4.660748116678099251e+01 5.367505109722566203e+01 6.260982443481998416e+01 7.672898124674324549e+01 9.668987187710231979e+01 9.921506547136694110e+01 9.092900311516326894e+01 9.352229203184471373e+01 1.018097616848178433e+02 9.169670897866853920e+01 7.129657292885113407e+01 5.655126381385042578e+01 4.800486268677634172e+01 6.267671789320891662e+01 5.906959864523501125e+01 4.176984198928332859e+01 6.248950204255688590e+01 6.910420193968629121e+01 4.830627881143510649e+01 6.612981980241626445e+01
