LEM/sinusoidal_perturbations/elevation_000184.asc
nrows	100
cellsize	150.0
xllcorner	0
ncols	100
yllcorner	0
NODATA_value	-9999
[rows 51 to 67 of 100, columns 0 to 36 of 100]
6.455108993161302530e-03 7.565744568090083000e+00 1.573071032120028967e+01 2.727769705735216377e+01 4.726939166261671232e+01 5.923902184872642351e+01 5.144574168636981426e+01 4.634985396487103060e+01 2.763777214009775207e+01 3.391206310856095030e+01 4.726474480305935799e+01 3.819038925374563576e+01 1.964845370437900485e+01 3.819734589555883275e+01 3.528722727285483529e+01 2.489124299015714570e+01 3.948421238745888218e+01 2.928181806580267121e+01 4.757613735072669670e+01 5.360582270716169262e+01 5.678988248234441727e+01 3.868012153990686386e+01 1.931025489448389365e+01 1.761465218508962494e+01 2.035408913435019684e+01 2.517871856788337226e+01 4.299609037558700919e+01 5.238457863584858387e+01 4.635440996341470310e+01 6.592730147876559954e+01 7.656944759467070583e+01 8.672812309267050068e+01 9.070789316787507062e+01 8.191989752346870546e+01 6.377311495363185401e+01 4.397990418511841426e+01 5.802403102954094294e+01
3.995603441288198172e-03 8.168961412718477533e+00 1.816896141271829990e+01 3.231109703558495738e+01 5.231109536075884137e+01 5.144206857310049941e+01 3.293893699731174252e+01 3.835446136976559472e+01 3.935136620061858537e+01 2.059951238447585808e+01 3.943922883844254557e+01 3.368498479806986268e+01 1.583911369761228194e+01 2.956098335709753044e+01 1.857174977620091738e+01 2.901650038154146571e+01 2.019856452213652176e+01 3.964894386954170358e+01 4.279434077964320693e+01 3.524067201009693662e+01 4.529989466469448445e+01 3.388136214589557937e+01 1.406051322277671467e+01 3.391451919023160855e+01 2.501259976002332408e+01 3.767271583443839944e+01 4.304872821386808113e+01 6.309061104855059199e+01 6.597191327207917766e+01 7.415407049504069903e+01 8.115717006407346901e+01 6.868409602975766859e+01 8.115717006407346901e+01 7.504935030361404813e+01 5.537434854919592908e+01 4.124112547458710765e+01 6.113702314320775599e+01
4.804567899273937473e-03 2.000480456789891903e+01 3.645322355933700464e+01 4.645320445757671024e+01 4.947629311788968920e+01 4.017007708606850969e+01 3.365191116764069790e+01 2.061558187091389627e+01 2.948397813002913637e+01 1.625777532920683299e+01 3.519245409677455427e+01 2.902748149840225622e+01 1.199413329711221721e+01 1.277900336733155129e+01 2.479018268473393150e+01 2.680747475627557463e+01 1.441232806846940129e+01 2.949879782304033071e+01 2.384667303430619612e+01 2.162175876569276411e+01 2.532168803323610362e+01 2.747447712673402975e+01 1.207895648191166416e+01 3.030022487532707842e+01 4.725146139284734659e+01 5.671135309822391690e+01 5.551299368177320304e+01 6.376680525210413464e+01 7.115928507264662528e+01 7.917799516512695845e+01 7.244388838718337809e+01 5.404721158602322362e+01 7.244388838718337809e+01 7.483590330468840079e+01 5.857563668263866674e+01 3.859915414939855083e+01 5.023361272926686638e+01
9.707512844716031236e-03 1.415184313657554149e+01 3.415184313657483273e+01 4.759229165033039521e+01 3.788928599735086067e+01 2.205567030664121475e+01 1.385587449865655785e+01 2.073396286560095092e+01 1.017876025733928813e+01 2.628388127159181309e+01 2.682119721252337285e+01 7.548871945346011358e+00 7.859950624635535732e+00 8.169101592806629952e+00 8.475375802502441047e+00 8.777162087229914533e+00 9.075024141499014263e+00 9.372079182836872135e+00 9.672105442914805451e+00 9.979798152180579862e+00 1.029852555746706955e+01 1.062753266386372353e+01 1.096436471029783810e+01 2.353790698857766372e+01 3.457261909616514828e+01 4.121327571351358188e+01 3.576116704871044760e+01 5.551305446429606860e+01 5.155543438133844347e+01 6.318878610935909990e+01 5.512413363006851341e+01 4.491923600448372156e+01 6.443292944524591803e+01 6.086372300721273376e+01 4.686459388689227268e+01 3.608339362722582422e+01 5.610814501663953990e+01
5.001202446392439237e-04 1.414263574184472105e+01 3.414262925808552041e+01 3.532573751545629648e+01 2.094493324555428515e+01 1.459759278737607069e+01 5.855983579274671058e+00 6.167853420238199824e+00 6.479992716503791605e+00 6.793346689601649224e+00 7.106685545833078876e+00 9.969158557121282627e+00 2.633344035633694702e+01 1.449651010601129819e+01 2.962755288428041567e+01 2.916886171267484684e+01 2.061096297605372030e+01 2.326661553222722745e+01 2.641968432776151587e+01 1.600823793411449714e+01 2.899058050547836984e+01 1.380062808050763046e+01 3.100277619005569107e+01 1.144853944227660492e+01 1.181980467944714697e+01 2.071489159967979177e+01 4.154627998567530511e+01 5.984099659886659595e+01 4.005777547521004323e+01 4.732898895776456527e+01 3.539831942224412131e+01 5.504736357659112400e+01 6.481899699301438034e+01 5.268090781350458940e+01 3.266288576985937198e+01 5.265135706030336848e+01 6.401783200803666318e+01
5.279685921607564676e-03 1.414741530965268268e+01 3.414741530965338967e+01 2.724693990151180500e+01 1.091366970715250595e+01 5.415504783104353237e+00 9.665627959553386717e+00 1.567799797472468448e+01 2.595189702979578428e+01 2.092827842657732873e+01 2.703590569110338038e+01 1.029251837307609385e+01 2.876575994361867217e+01 3.531107332584200265e+01 2.458613192815583304e+01 4.416285015938552050e+01 3.411650239042521093e+01 4.101764805053648644e+01 2.486792142619565382e+01 3.651947387471000184e+01 4.302459583451184244e+01 4.203530446306145052e+01 3.698477271244257736e+01 2.514149382973610258e+01 1.191741418457146473e+01 3.275464841203959310e+01 4.794517736459192747e+01 4.411448713564688262e+01 4.699045445221479156e+01 2.765274780305053071e+01 4.730328476428538664e+01 4.783841383006171810e+01 4.566798282708112566e+01 5.040891912266729946e+01 3.042322549282157240e+01 4.696059010131728684e+01 5.499958341953841057e+01
5.738623160518319517e-06 1.414214134935417455e+01 3.414211914263027836e+01 2.874838468227034127e+01 4.975875054372096429e+00 1.706184077617692907e+01 1.119858888571575051e+01 3.114422947107877349e+01 4.269807036711462445e+01 4.168843435386717999e+01 3.732031109702273142e+01 1.826130570578812495e+01 2.404326853985883261e+01 4.689834096496650773e+01 3.231461144429535182e+01 5.171037798797039642e+01 5.281823559777072319e+01 3.946098531010915167e+01 3.751719251768384567e+01 3.950415180756478861e+01 5.792185289317593799e+01 5.081112176963017646e+01 3.462018953088028184e+01 1.246150988458458464e+01 1.260840801914421405e+01 3.157318739436304611e+01 3.473085548774796649e+01 2.369132584383711304e+01 4.029845554655263129e+01 2.354987692855952019e+01 3.750398427405875168e+01 2.763844205383175989e+01 4.169938211540883088e+01 5.172011528587965046e+01 4.401945928955129261e+01 2.739081962167231765e+01 4.695193182579527047e+01
4.532054705376768917e-03 1.414666767843645268e+01 3.414666767844232709e+01 3.119801021293265464e+01 4.665502802102215796e+00 1.261618531228765505e+01 2.266804756603535154e+01 3.638522256244757358e+01 4.886118438237941319e+01 4.735640226249157791e+01 4.216001292051474536e+01 3.348468049914739453e+01 4.779208038446864037e+01 5.589520888556967293e+01 4.202994239707578572e+01 5.975929042550583148e+01 6.550642657861118323e+01 5.765736279609406267e+01 5.594787359387744630e+01 5.792282995687641289e+01 5.686033912015994218e+01 3.673410524593547422e+01 2.307875211899048296e+01 1.284500129319370565e+01 2.600885827375703130e+01 1.357621208121476108e+01 1.425583536359294179e+01 1.493263039067161912e+01 3.351983414968216124e+01 3.631220413630473587e+01 1.762916612172827868e+01 1.837436231787146568e+01 3.753160734459461167e+01 4.097523278815029357e+01 2.449030783331231476e+01 4.116762413022337341e+01 5.148808889439865766e+01
9.001595176218036079e-03 1.415113735603226353e+01 3.415120703487625775e+01 3.389645895227750572e+01 1.930390799934717805e+01 4.226775869461241619e+00 4.248267130839580297e+00 3.526414295487786887e+01 3.071208834017348721e+01 3.158478641690785338e+01 4.735640328507738417e+01 5.560103015941610494e+01 6.510875397660994679e+01 6.956887816030665306e+01 6.163293774815464587e+01 6.984468922237337551e+01 7.203268446976591122e+01 6.366843911294037639e+01 7.203268432920935993e+01 5.666866014492827475e+01 4.842049664423834088e+01 4.166435778842042481e+01 1.334153003703333695e+01 1.377330557992408799e+01 1.950766342764088890e+01 3.257535865591992774e+01 3.050458207272828304e+01 3.457764409883133538e+01 1.589913904037802972e+01 1.660374565842419514e+01 3.592050015146376296e+01 3.755258735800036618e+01 1.943155706918684800e+01 2.161327803785091461e+01 4.081615015368785748e+01 4.175528587958122984e+01 4.256422236590242392e+01
5.674351268809080251e-03 2.000045359741970685e+01 3.855589177635181386e+01 3.595241429902934271e+01 1.546793272695575538e+01 3.916382376565283874e+00 2.324863938374253181e+01 3.078267139944577124e+01 1.796213280991362637e+01 3.602784763448956795e+01 4.644563000152803767e+01 5.582889962539976381e+01 5.869365455460255276e+01 6.857027223381571446e+01 7.676574473154316536e+01 5.660227276236265226e+01 5.660232143098516389e+01 4.345270285374084551e+01 6.192814796925918586e+01 4.810127353142448925e+01 2.865781843701751086e+01 3.368151092895936927e+01 1.369807569976768313e+01 1.932825224076124115e+01 3.734498067721144565e+01 4.496049954650905534e+01 3.968112121109488299e+01 2.138594120314132851e+01 3.598413263294103359e+01 3.063796776941424227e+01 3.604562421254362192e+01 4.049672414579320190e+01 2.119948282637431802e+01 2.062371163616221637e+01 2.144143959963724555e+01 2.223115284081798393e+01 2.299302322066164805e+01
9.518805923843161668e-03 1.057719979152522072e+01 3.025877547429753989e+01 4.332418702981087932e+01 2.563239687872137651e+01 6.238273821263262242e+00 3.477180669960517889e+00 2.281707278811709827e+01 1.076775476758245631e+01 2.819267785383925684e+01 2.494507592643684291e+01 3.974056782445952507e+01 3.485903562642101150e+01 5.745157914734494398e+01 7.086452877172855835e+01 5.069472172107210639e+01 3.643817716630056935e+01 3.337844515603563167e+01 5.353543746761107514e+01 4.159308589300721337e+01 2.672370403310826958e+01 1.425530099535021833e+01 3.366347194343365601e+01 3.868470061062649279e+01 2.845561353816538386e+01 4.780936009770936579e+01 4.463179819901883860e+01 2.525140356246311057e+01 4.463179819867422538e+01 5.095288563543967797e+01 5.481735299925609439e+01 4.231218527105763627e+01 2.280434964745649040e+01 4.043381943380255450e+01 3.506894152459863534e+01 4.177471686943899698e+01 3.000635085923466505e+01
9.062254805971973678e-03 1.995624031890679007e+01 3.534791985083950294e+01 3.145919239679207990e+01 3.070397682458586530e+01 2.552876769773585508e+01 2.289757447022150672e+01 3.037526229565021829e+00 4.144967289950731271e+00 8.246764896065668538e+00 1.303404210100008953e+01 1.922459894833309235e+01 2.991400412064916736e+01 4.825321337036599090e+01 6.973551207108398842e+01 6.493476800445256458e+01 4.582278129513962028e+01 2.621180645305362944e+01 3.901630400034360235e+01 3.472984313700890624e+01 1.481266807469435243e+01 1.609818715617021212e+01 2.573231543442443936e+01 4.562728282923369250e+01 3.566335113549313007e+01 5.526188543935202802e+01 4.878602156549537483e+01 2.930149720889259157e+01 4.305965852569342189e+01 6.262971608499407239e+01 5.853106688423456916e+01 3.810645569176653424e+01 2.431208011307148809e+01 4.408687112989129986e+01 5.532926228464218354e+01 5.791037720129838107e+01 4.375416448037536554e+01
3.063233560239582431e-03 1.881932859000733416e+01 2.019151655617081786e+01 6.813758556752085305e-01 2.153794297412351710e+01 2.554540499068477644e+01 2.235949397711230091e+01 2.727899893250643526e+00 2.260330323271761799e+01 1.382010271908909260e+01 3.258506747259363578e+01 2.953170034581546943e+01 4.833414140467924369e+01 5.899413063444701066e+01 5.302998287394461840e+01 5.154896543360886341e+01 5.224776419379542602e+01 3.891608025060439502e+01 1.987980660573731129e+01 1.534723776225826342e+01 2.144978993822021707e+01 4.098456992820638334e+01 3.930476493807031346e+01 4.562751905924067586e+01 4.530708123074472837e+01 6.359895437662689943e+01 5.383457985896765763e+01 3.428159766597389080e+01 4.519755545566918187e+01 6.475286471349190265e+01 5.774017739915072411e+01 3.726511526552008036e+01 2.586289218768158094e+01 4.591903652990836093e+01 5.733773695068040155e+01 6.867049305022435135e+01 6.364985275946804677e+01
5.666595628964066558e-03 3.132861025851217951e-01 6.209420034530561683e-01 9.287436093333392151e-01 7.482946566056024373e+00 1.321588277177164628e+01 1.597585479835029432e+01 2.418582672320713556e+00 1.185255567263593512e+01 1.983880412675724259e+01 3.965630346595559530e+01 5.007827520647970232e+01 5.879979187718734579e+01 6.355543140705793093e+01 5.154896553633805922e+01 3.477118375126613614e+01 3.934697751120371123e+01 2.309377037821818135e+01 1.587652732793403665e+01 2.128742348788086858e+01 3.059703960612671736e+01 4.870937669709761053e+01 5.971919139397567733e+01 6.561910068430186982e+01 5.936326363772116110e+01 7.360311199296467066e+01 5.925447232287081789e+01 3.971277213674638773e+01 5.925447232287081789e+01 7.287536479502490749e+01 6.616693113727941977e+01 5.036564703809742127e+01 2.998871349835105704e+01 2.856430010789154750e+01 4.888276867963508465e+01 4.816749861693152468e+01 6.867049305022435135e+01
2.110006612196471242e-03 1.841545773007339903e+01 1.292643661711556291e+01 2.103054894401748243e+01 1.364505551648966808e+00 1.672745596589521266e+00 1.981601948205336861e+00 4.793533476398227577e+00 2.767556680377069966e+01 3.359104555663220282e+01 3.374128895304468756e+01 5.405194281054850336e+01 6.642594701875060537e+01 4.778727391805743707e+01 3.833693254589768884e+01 4.063224695072863568e+01 2.404425258965623513e+01 1.641578873809050876e+01 2.942235548884828233e+01 4.231179443329198619e+01 4.892107073052865474e+01 5.764111404926490678e+01 6.763433232902362136e+01 7.590528150821295128e+01 7.953531034816299439e+01 7.882622544078887472e+01 5.925447232276646758e+01 4.663281409028654423e+01 6.615748642814244818e+01 7.403924609576333182e+01 5.355164873151758798e+01 3.901028886645089955e+01 3.667264808256583564e+01 4.888276867963508465e+01 3.147149557287991684e+01 5.193296157321148598e+01 5.512340720414058381e+01
9.367352646185668139e-03 2.000936677019927501e+01 3.103538682809175953e+01 3.588841809189436560e+01 2.665452393983247248e+01 9.308415514254297918e+00 2.665631283434894971e+00 2.728939480535548157e+01 3.995993313585591977e+01 5.396870933206520959e+01 5.404411380323281833e+01 6.286349729220210492e+01 7.471953772952969075e+01 6.284485470329587997e+01 4.255107945406896874e+01 2.804514638557990125e+01 3.033366280775415191e+01 1.680594920632594125e+01 3.858778633717848550e+01 5.546806322346590434e+01 5.947338199925994928e+01 5.116950106799670550e+01 4.746911469523018923e+01 6.398843786228824371e+01 7.227695786991760940e+01 8.233020266228278672e+01 7.428321353024986706e+01 5.636746238500906969e+01 7.428321353024986706e+01 7.139482863140146662e+01 5.088301423710278470e+01 5.955232706928551067e+01 4.392022118835109268e+01 6.038538818141313413e+01 5.193296157321148598e+01 3.457033741889351575e+01 5.512341989226962369e+01
3.648181865326004768e-03 8.947034334153226354e+00 2.047973351428040090e+01 4.035504237470770761e+01 3.812055115207225242e+01 2.285173969354146806e+01 1.770713575161077813e+01 2.156865568147808787e+01 3.581218968762190258e+01 5.199101224156406431e+01 7.357138121907702555e+01 7.054793599697681827e+01 6.223035003057977832e+01 5.465023454377992351e+01 4.274179173126670150e+01 2.303485018762305003e+01 1.857058904173963754e+01 1.720655294135284308e+01 3.714893820713553652e+01 4.572899905624161931e+01 4.429833062539424304e+01 3.113733378172717536e+01 3.708110085412003087e+01 4.377592875474021383e+01 5.389533244678019486e+01 7.408154327789054605e+01 8.408166319377009756e+01 7.594751047127589061e+01 8.408166319377009756e+01 7.977444651074881676e+01 6.276893945244226813e+01 7.223617898303714924e+01 5.171987459676398657e+01 7.112042585025690755e+01 5.064995737758445671e+01 3.872850203926557811e+01 3.845132167625324371e+01
