LEM/sinusoidal_perturbations/elevation_000493.asc
nrows	100
cellsize	150.0
xllcorner	0
ncols	100
yllcorner	0
NODATA_value	-9999
[rows 51 to 67 of 100, columns 0 to 36 of 100]
6.455108993161302530e-03 1.297448071905351830e+00 1.928040814541886050e+01 2.425329484885078557e+01 2.385021645625143094e+01 7.697053233867783284e+00 9.054369848612040528e+00 2.905179375159459809e+01 2.736139970453199410e+01 4.685276413353055602e+01 4.865496440484759688e+01 4.044337701138666574e+01 2.470926577321820972e+01 3.226551245779894828e+01 4.226715337073115819e+01 5.642427713625532704e+01 7.645228670438346796e+01 8.030389343300959126e+01 8.855787194692955211e+01 8.778716662565589957e+01 7.110993294264964959e+01 7.369673624986918981e+01 9.362620221954196609e+01 1.013286180750907164e+02 9.331692550807146347e+01 9.567676912556277102e+01 8.560470887217347524e+01 7.732782889108504776e+01 7.026601571523401901e+01 5.002886394614974108e+01 4.007680943085890135e+01 5.648305929646460299e+01 5.056841976794761706e+01 7.076226226275828424e+01 6.422251998221304348e+01 4.418945807743308762e+01 5.887023547336435314e+01
3.995603441288198172e-03 2.000393288488500687e+01 3.150366403753830369e+00 4.466187972483054658e+00 5.790554984437218167e+00 2.578275391347450807e+01 1.290295180273764331e+01 3.280641637708913549e+01 4.644851382086014979e+01 5.480624706316996964e+01 5.960398320272627615e+01 3.958701221677257109e+01 2.804155070239448833e+01 4.804201668280771287e+01 5.883469905221919305e+01 6.461094135213785705e+01 7.093659119665949220e+01 7.922294143640860398e+01 8.816699124560422263e+01 9.929275593116149423e+01 9.104135163338986558e+01 9.362620221954196609e+01 1.018775970014424104e+02 8.992335774550136307e+01 7.339154988398971113e+01 8.440602663353858759e+01 9.249414141195882166e+01 9.042031155086596073e+01 7.026601571523401901e+01 6.409759112360444533e+01 4.395100629398037029e+01 3.649574552807677463e+01 5.317473246029582867e+01 6.149916424619017619e+01 6.496060255539592276e+01 4.900290260963384270e+01 3.880520861213656048e+01
4.804567899273937473e-03 1.907930829966114672e+01 2.402398216505105566e+01 2.445783595422265932e+01 1.431592896563869211e+01 3.244532444388983805e+01 3.280641637708950498e+01 1.867644042040135943e+01 3.017512010147101265e+01 4.999923100019889688e+01 6.794237959414289207e+01 5.631145457906226426e+01 3.958631888938209897e+01 3.348126588448216978e+01 3.882486485421981826e+01 4.460145107156258604e+01 5.093313000728109330e+01 5.988342234255190988e+01 7.402067115594022084e+01 9.402154898138172712e+01 8.968043235382521061e+01 8.156957586870323951e+01 8.968043235382521061e+01 8.093861042160571628e+01 6.151109200088853868e+01 6.418898677867578328e+01 7.690293949448998490e+01 8.506871923265327951e+01 7.841434978411270151e+01 5.816739551791781082e+01 6.409759112411236970e+01 5.317473246029582867e+01 3.325038395226992094e+01 5.000453756370690428e+01 4.899000108754275118e+01 5.296413332371113114e+01 3.639274058878542917e+01
9.707512844716031236e-03 1.441922921238319866e+01 3.574659587568498154e+01 4.168324527616876907e+01 3.304551565956374759e+01 4.168452846682402679e+01 4.310622381706703976e+01 2.326253672614422996e+01 4.310623072271292955e+01 5.825896131342614126e+01 6.939023359681556258e+01 6.787955273614332441e+01 5.959271467534696143e+01 4.242642038890364375e+01 4.417378393546028548e+01 5.832290726873961262e+01 7.093659119665949220e+01 7.922294143640860398e+01 8.816699124560422263e+01 8.837125815709862309e+01 7.964032218655685824e+01 6.128271242128342777e+01 7.964032218655685824e+01 7.273371323111611275e+01 5.232903690241848693e+01 5.232903690241847983e+01 5.657847816828586929e+01 7.690293949448998490e+01 8.667316864517816555e+01 7.841434978411270151e+01 7.331686163974430315e+01 5.317473246028880851e+01 5.000453756370522740e+01 3.011953366206677174e+01 3.096499648724924469e+01 3.312515204367688426e+01 4.006555235453355124e+01
5.001202446392439237e-04 2.000050012024428270e+01 3.325907229175283675e+01 4.023211145357733898e+01 4.827149276052590920e+01 5.938063941817488001e+01 5.135019327762075392e+01 3.473303323456784142e+01 3.139049177205329144e+01 4.127610309628926899e+01 5.525224838214402467e+01 7.522348065054450217e+01 7.072146540403890924e+01 5.398090916585504573e+01 5.572754319305190052e+01 7.246799195163633556e+01 8.661307663453288797e+01 8.348810229409099293e+01 8.125617746144716591e+01 8.023496029835153820e+01 6.000237062688373157e+01 5.102469192564516476e+01 6.977787633723100669e+01 7.690293949448999911e+01 5.657847816828587639e+01 4.221440292200239952e+01 5.610658435320199544e+01 6.442638444128199637e+01 7.609857331671342706e+01 8.298730983668201588e+01 6.282510795138398407e+01 4.859868256018748411e+01 4.780858595924503618e+01 2.793271178197451476e+01 4.780860433391912068e+01 5.296345780185281171e+01 6.002223903682780559e+01
5.279685921607564676e-03 1.648304701805286498e+01 1.482843556631364379e+01 2.166374955602660179e+01 3.216889862918983312e+01 5.124666500781120249e+01 6.281433790216023993e+01 5.454423120242314837e+01 5.118889499059810788e+01 4.280264216616492234e+01 5.420675997280827829e+01 7.417120997339355881e+01 8.227074081045894616e+01 7.398330913605541070e+01 7.572941312268058311e+01 8.401719320810117608e+01 7.728957398310494398e+01 6.265547037903056093e+01 6.037564657490681697e+01 7.504027101885954210e+01 6.371512000828449374e+01 4.338672966583936130e+01 4.946724247506902827e+01 6.373470640972292500e+01 7.082359870046963124e+01 5.610658435320199544e+01 3.591552924899288968e+01 4.750766180979876907e+01 6.785293094296415006e+01 8.384298536043408490e+01 7.221544922620593354e+01 5.229294629827410290e+01 3.236418119076887479e+01 2.640706404740599567e+01 3.524040893447491385e+01 4.670476241589878441e+01 6.684959038178672586e+01
5.738623160518319517e-06 5.969585597079949402e+00 2.691428854616964728e+01 4.023211145357733898e+01 4.440121852122281609e+01 5.209420528274677764e+01 5.622610620768739409e+01 5.841613707437215197e+01 6.670344217072725712e+01 6.264472939133284513e+01 7.093563274367866711e+01 8.247684774996709223e+01 7.383300325421750188e+01 6.556063697880354368e+01 7.383300325421750188e+01 7.224098981123661645e+01 6.367347810253794194e+01 4.766630550428926938e+01 4.536996289569594865e+01 6.455023298196782378e+01 6.977787633723100669e+01 4.946724247506902827e+01 3.522280893677172031e+01 5.541608940309914999e+01 6.742480772295003533e+01 5.222081398422687215e+01 3.208460767335432706e+01 5.222081398422687215e+01 6.589270840176405386e+01 7.557329329372757343e+01 5.536145486549877148e+01 4.379303794720186715e+01 4.483060786475236625e+01 2.494411823999244504e+01 4.483063223657056540e+01 6.354025467639662139e+01 7.515901109963036220e+01
4.532054705376768917e-03 2.000453205449808891e+01 2.646630105102185837e+01 2.985450603932266489e+01 2.491024294643728254e+01 3.700891367482257266e+01 3.616326830530053371e+01 3.835898070673439975e+01 5.672399598111369556e+01 6.500996249012479211e+01 7.656471376755254710e+01 7.309987309578968961e+01 6.386284233782495789e+01 4.563312968020856175e+01 6.386284233782495789e+01 6.367347810253806983e+01 4.266509393890764557e+01 3.720736562723613616e+01 3.496710667887236212e+01 5.593068768624755904e+01 6.511829736436685323e+01 4.484573797149840857e+01 3.064801749462603908e+01 3.892487923913557779e+01 5.213465428491173981e+01 4.380597166645503648e+01 2.843863370959926584e+01 3.736658642850687784e+01 5.164410478911540991e+01 7.193594225188878966e+01 7.221544922620593354e+01 5.942963096378615262e+01 4.338791220730860232e+01 2.347352491763611582e+01 3.752677697981095406e+01 5.753794709098852422e+01 6.814367587749569566e+01
9.001595176218036079e-03 3.211564683238347317e+00 6.455993323418629970e+00 9.836612644261085947e+00 1.348814933193932220e+01 1.748871402970109301e+01 2.196414664423093654e+01 2.905729465910553344e+01 3.665799856025941494e+01 4.826146903308261216e+01 6.828402277233456630e+01 6.483082929898118607e+01 4.486285877355268070e+01 3.560037394585778969e+01 5.559688332950607759e+01 6.367347810253585294e+01 4.266509393890764557e+01 2.839581671734548607e+01 2.764464077086835658e+01 4.080794739247735947e+01 6.155183888248914315e+01 5.910946040844142857e+01 4.484582294367481126e+01 2.475049342147833187e+01 3.947358660156491084e+01 2.371752853276800010e+01 3.527013523793050354e+01 5.532951525886861077e+01 6.589270879964296057e+01 7.158835403625268157e+01 6.539853301814177655e+01 4.505641302281055971e+01 3.093645704726973733e+01 2.201225568149788359e+01 3.996789392270209618e+01 4.826531635779765850e+01 4.800046867201729128e+01
5.674351268809080251e-03 2.000567435126845339e+01 2.646630105108424758e+01 2.138793967873357715e+01 3.354532308006397301e+01 2.906701183587812309e+01 4.203953747706309230e+01 3.466400708940808784e+01 5.473104939433685701e+01 6.500996249012479211e+01 6.921144022138278729e+01 6.093568241549009201e+01 4.852704963685031458e+01 2.816630865460908240e+01 4.267834124994253386e+01 6.264708074702344476e+01 5.745304186054210049e+01 4.080794739247735947e+01 2.141465263128879570e+01 4.080794739247735947e+01 5.514496373887617153e+01 6.018245768034294230e+01 5.282927183118096792e+01 3.918888792744986915e+01 1.939086067803819802e+01 3.947358660156491084e+01 5.203441968289510555e+01 6.349071700431359488e+01 6.570085908855067203e+01 5.129519833397974793e+01 6.570085908855067203e+01 5.895042396880455726e+01 4.969606226803756499e+01 3.987280868585287408e+01 2.008668416346054642e+01 3.856455220765155190e+01 2.751560478368069695e+01
9.518805923843161668e-03 1.415165442965491849e+01 3.415165442965562193e+01 4.142005077071413410e+01 4.971910266460550076e+01 4.913926354940298324e+01 5.743250256555980826e+01 4.886521315839902968e+01 6.301990089885733681e+01 6.031493578407669531e+01 6.093567603367296215e+01 4.088753802068729470e+01 4.326974120614704589e+01 2.228803914458726254e+01 4.326992892083141840e+01 4.746666801124852242e+01 4.302729137283897387e+01 3.339082211780741005e+01 1.812225534040976171e+01 3.630941975285167445e+01 3.930888708832146961e+01 3.862335403253173638e+01 3.502176119932475018e+01 3.396895753560170306e+01 1.707064674053233588e+01 2.924460550711257767e+01 4.626027875217236840e+01 6.758653695855902299e+01 5.647463295002209804e+01 3.717987932317563349e+01 5.667796898922486548e+01 5.367348507212309983e+01 4.602985543502416022e+01 3.811653386931006082e+01 1.893101305059411033e+01 1.863250165855536622e+01 3.841389416878317320e+01
9.062254805971973678e-03 2.000906225480561673e+01 3.051204924092713711e+01 3.654204133809648880e+01 4.361262968833598563e+01 5.188874085219185872e+01 6.342511851836449210e+01 6.889243078954032740e+01 5.438051620763166483e+01 4.044973392774848264e+01 5.437723723096962658e+01 4.675911665426423269e+01 2.609814508418806511e+01 1.689393980916380045e+01 3.231798107123311325e+01 2.441817167009133982e+01 2.904729906139630558e+01 1.342028822580285663e+01 2.568035494621569370e+01 2.473514422931632595e+01 3.056929703987821512e+01 3.078688964722218557e+01 1.159471292267394027e+01 1.380398648530684902e+01 3.396862702196341388e+01 4.504205463959161904e+01 5.311011027819868957e+01 5.636023082371072235e+01 4.807896979444994656e+01 2.803124310685217324e+01 3.871594592100440479e+01 3.558378798263871801e+01 2.776324466648931732e+01 3.664926134978774996e+01 1.773894155788485349e+01 3.601724116897071326e+01 1.952270688896221174e+01
3.063233560239582431e-03 5.167041028503438937e+00 1.051226586675188024e+01 1.654249275830137478e+01 2.361356056927976610e+01 3.516056134634435182e+01 5.515725537386122568e+01 6.352486375205963043e+01 4.626743015846435014e+01 2.608498631155400815e+01 3.462624102351096411e+01 4.244771174894988519e+01 4.419459527361127016e+01 3.184237568398214790e+01 1.160038805884243729e+01 8.260426422816482983e+00 8.642526125668878123e+00 1.892859690562625374e+01 2.590423098210014530e+01 2.877703408514146943e+01 1.026209730836019141e+01 1.059573595083765873e+01 1.093163434862312045e+01 3.080208018296428563e+01 3.882793965321795326e+01 4.124138164044558152e+01 3.339511373007685791e+01 4.016918051596693573e+01 4.147300758963975653e+01 3.868266564333310953e+01 1.920020883918551391e+01 1.576088410859479438e+01 1.633923286051207313e+01 1.691849128978778083e+01 3.672604499062968131e+01 4.336504939018325899e+01 3.077465228095979910e+01
5.666595628964066558e-03 2.000566659562860750e+01 3.051204924092713711e+01 3.654204133809648880e+01 4.361262968833598563e+01 5.186389673709530257e+01 5.353949724606339799e+01 4.572079738749810929e+01 3.775956278919777276e+01 3.420767860951423245e+01 1.432391257489555159e+01 2.667283228132156125e+01 2.702275703208384172e+01 1.951495006493780338e+01 2.625902582405926111e+01 8.168857911268402106e+00 2.670278948539164432e+01 9.117808737287440124e+00 9.453322501905185860e+00 9.788657283420119981e+00 2.196491830427970626e+01 2.894822529403245426e+01 2.996670092484248471e+01 1.140272476521104750e+01 3.070532221518085692e+01 2.452715524988653328e+01 3.220950731052139560e+01 1.267216010785353042e+01 3.043496610895018151e+01 3.398643696780552403e+01 1.494514392320889584e+01 3.476122340470587346e+01 3.619503164630817338e+01 1.993346214259042881e+01 4.122588518641652655e+01 5.637311087918757835e+01 4.966576220894776128e+01
2.110006612196471242e-03 7.561160455529151392e+00 1.648755152584113048e+01 2.789488346205127911e+01 4.681627426101037770e+01 5.394058951699726379e+01 4.332744541171216923e+01 2.739194004542594385e+01 3.743649537830179241e+01 1.814760003117007869e+01 7.602619211403460753e+00 6.727844679812051254e+00 7.052968596232285670e+00 7.377300221147230275e+00 7.702746346183007020e+00 2.766594653874380327e+01 1.257982013617849937e+01 2.921092219828187453e+01 2.995639060359968653e+01 3.016466931686541386e+01 1.984786041887720387e+01 3.592543512646802384e+01 3.440433667044231925e+01 1.654020387510838574e+01 1.187191464839727040e+01 1.220378543344950906e+01 1.253607362833135497e+01 1.286926659824912633e+01 2.011803665274154795e+01 1.413946687280834524e+01 2.899092030333973469e+01 4.194747741095735449e+01 4.970553048951880726e+01 3.527669304629102953e+01 3.523791538148521596e+01 5.569710745287532205e+01 6.656023354492739941e+01
9.367352646185668139e-03 2.000936735264583177e+01 3.558977782335631446e+01 4.418475232034006694e+01 5.501778149869441847e+01 4.577220747020915326e+01 2.603653778374298966e+01 1.741942769151311410e+01 2.648352325227453008e+01 2.476155263564499975e+01 6.266106509775305256e+00 2.386357416376312557e+01 2.185739204781611633e+01 2.575469685152174648e+01 1.136043592737247465e+01 2.988821067457438474e+01 3.248714394616892776e+01 1.709885120337643372e+01 3.660896664757807173e+01 4.445986164161109855e+01 3.690396355989809507e+01 3.690409436700011980e+01 4.392936240251642488e+01 3.494495682437848671e+01 1.818878352499725537e+01 2.564113505132430859e+01 3.254351021145033229e+01 3.288105792873910360e+01 1.334360344367606999e+01 1.711608837561820806e+01 3.603919110715897034e+01 4.664229545864005644e+01 5.388498584374595879e+01 5.607845607079583061e+01 5.569710745287532205e+01 6.436591419164783190e+01 7.454450594359943238e+01
3.648181865326004768e-03 8.949888009274731715e+00 2.054445534392487716e+01 3.507329781920696377e+01 5.659752270318537626e+01 5.486805742762240357e+01 4.413650450112842094e+01 2.838809949322440218e+01 1.090134200876325998e+01 1.198901573025369238e+01 5.940350847169327153e+00 3.089277629839881101e+01 4.199012469083713484e+01 3.740835708410702409e+01 2.147382405565830155e+01 3.814345466448713751e+01 3.661411983803749592e+01 3.661411983806917192e+01 2.194078021598392780e+01 4.130927051402100147e+01 5.427275573636735118e+01 5.719602581800854324e+01 5.121008606689611753e+01 3.084083835586040934e+01 2.818657004561800505e+01 4.416052869179058149e+01 4.828687030676714187e+01 3.415548621645941552e+01 1.376954300273709286e+01 3.321118688016829879e+01 2.303383406287633051e+01 2.779489709153586219e+01 4.667741469527015141e+01 5.884774968626364000e+01 6.501445944162632884e+01 7.306766509231216844e+01 8.269823681983775998e+01
