LEM/sinusoidal_perturbations/elevation_000153.asc
nrows	100
cellsize	150.0
xllcorner	0
ncols	100
yllcorner	0
NODATA_value	-9999
[rows 34 to 50 of 100, columns 37 to 73 of 100]
9.169138335707795306e+01 8.871266565484685884e+01 6.960989468030867044e+01 7.325067067127686471e+01 8.714755110873157662e+01 1.069727150613585422e+02 9.868550632690359237e+01 7.877842363593214259e+01 7.001422169032760223e+01 7.658720460489985271e+01 5.628180768653326282e+01 5.967058157788120099e+01 3.918743620231789038e+01 5.727652628377057198e+01 5.354266840479984779e+01 6.931828809613965348e+01 7.767471369497305034e+01 8.118595105467811379e+01 6.522063846139519683e+01 4.482036456565430171e+01 3.981569648981275122e+01 5.329555947415826722e+01 3.421921447628566426e+01 4.881414624706616934e+01 7.017476647387239552e+01 8.655348534673234440e+01 8.814575747675911543e+01 8.814577191985885918e+01 9.653777940853008488e+01 9.921548844486143537e+01 1.074495000333266859e+02 1.199956869346848691e+02 1.116236338197952733e+02 1.110200192432973836e+02 9.143300276886594702e+01 7.710358750055802091e+01 9.716988303730059329e+01
1.096176047446161448e+02 9.763520129568465222e+01 8.096426786319463531e+01 9.294415841440320492e+01 1.012546387544203270e+02 1.066955069360083286e+02 9.026705929484079149e+01 7.001400489303814823e+01 5.831684240962874100e+01 7.140091591053118236e+01 6.222428863564957169e+01 4.171447768442369153e+01 5.972988030990833153e+01 6.810242639688378574e+01 7.388725943488978487e+01 8.220111058904933543e+01 8.450549554986966427e+01 6.438428041784816003e+01 5.261415472088685874e+01 6.519877355889053661e+01 6.014429482554722028e+01 5.540613092122198680e+01 3.495063429546828360e+01 5.546895239465600014e+01 6.716205098778355875e+01 6.716069406058954883e+01 6.760543342189767202e+01 6.760543346595990499e+01 8.814577191985885918e+01 7.911033539111967627e+01 9.588008451497172757e+01 1.024794784072748399e+02 9.120243980373011539e+01 1.082411312541033368e+02 9.198878681731562779e+01 7.174073651979058752e+01 8.746429620543565875e+01
8.961341225602656380e+01 1.063238650907759677e+02 1.008310117295914665e+02 1.092705969853757324e+02 1.126114349216440331e+02 9.254088401566110633e+01 7.821440603098180588e+01 6.914537372154512695e+01 7.140006888549061159e+01 5.108257391750251486e+01 4.631671682382338417e+01 6.222402833830503965e+01 4.487395093286448855e+01 6.531985523292958362e+01 7.523899946519070170e+01 8.355257173013571048e+01 9.277730252377435249e+01 7.962930289188328459e+01 5.943572374353157528e+01 7.952925081243684247e+01 6.230015469116771243e+01 3.791160329072354074e+01 3.569046354848975966e+01 5.620335193947926911e+01 4.770951597713797554e+01 6.335594885693470246e+01 5.349316151243119322e+01 7.362155930817513649e+01 7.568281263325644659e+01 6.695313582717979273e+01 8.760777291718495974e+01 8.198978793073152360e+01 7.932185023231505738e+01 9.983345826204518403e+01 8.708395582002565050e+01 6.670937560739001526e+01 6.690914201281182727e+01
7.799018700822988137e+01 9.806625897181677942e+01 9.936790354516982404e+01 1.063057364787884751e+02 1.154029230060302638e+02 1.066955069360080870e+02 9.769461634469625722e+01 8.910281984836046831e+01 7.315256453682098936e+01 5.286099896335914394e+01 6.673574881428237404e+01 7.366220729871655237e+01 5.939171864046098648e+01 4.813415792975620633e+01 5.500650685727192979e+01 6.933358985424868592e+01 8.949605269730471946e+01 8.793166021124422116e+01 6.851768580969546463e+01 7.718533546275223500e+01 5.615027131602130339e+01 6.216227678307755866e+01 4.986778735289796316e+01 3.674620728408869752e+01 3.749662866060165811e+01 4.364290594934882250e+01 6.355734218781869771e+01 6.574596850487071720e+01 5.449156727955819690e+01 7.568281263297113526e+01 7.888752002669245655e+01 6.763489807616129212e+01 8.799107932689764766e+01 8.689164500718632667e+01 7.863377329628922041e+01 6.205369182810085249e+01 7.637256582485849776e+01
8.733267275951673980e+01 8.377247301172026539e+01 7.995791955884494939e+01 8.899488170763717676e+01 1.039370126219126433e+02 1.050956350879352073e+02 8.501917705820179094e+01 7.069761911322710546e+01 6.056948182875004250e+01 6.460872793697944871e+01 8.148374228264879093e+01 8.793582756641215781e+01 7.088189621690906961e+01 5.059202486188718950e+01 7.088188611229544733e+01 6.933358949726672904e+01 8.949587928259856540e+01 9.691014546504931104e+01 8.017602645962772101e+01 8.547557674390066040e+01 7.718533546275223500e+01 7.729894047272458124e+01 6.431815329422310867e+01 4.404177871615791418e+01 5.802729585835694337e+01 3.857135505089260619e+01 5.911157670099949968e+01 4.552219413628214539e+01 6.533824846111464524e+01 7.873464658232542490e+01 5.885831447649601955e+01 7.888752002630043592e+01 8.327894326953564530e+01 7.500782153823425347e+01 5.844533112889068605e+01 7.863377329629908274e+01 8.997441270742623942e+01
7.719699503768993054e+01 6.403542473959097947e+01 6.933177138672887452e+01 7.594330408798504095e+01 9.019234706879831265e+01 1.102099090363552847e+02 9.918547906522162805e+01 8.079852720269433064e+01 6.883685757805730532e+01 8.482366237798783004e+01 9.312578006158987876e+01 8.755911597154866399e+01 6.741048347495920723e+01 5.309053980463198741e+01 7.331188043733871496e+01 8.949587864262799997e+01 9.777004687148559015e+01 1.084549798377923793e+02 1.001518192300336523e+02 9.483636046454232371e+01 7.523634350806653970e+01 6.512316325273145878e+01 5.596607894979110398e+01 6.140489908347191772e+01 4.088874720359081039e+01 5.880877577591092376e+01 3.979598341096328795e+01 4.066783262618829298e+01 6.121971060678393428e+01 6.665843608932070197e+01 5.357974158523155239e+01 7.352425982073810928e+01 7.500668882066254639e+01 5.500767136885115605e+01 7.228389519678823660e+01 7.368444235098618833e+01 8.193156145106263466e+01
5.787002890214187545e+01 7.719699503768993054e+01 8.932643932207599846e+01 9.605535527802074114e+01 9.019234706883098340e+01 1.102099092129512883e+02 1.091875989941729728e+02 9.734230878173353574e+01 8.054366183476413710e+01 9.734230878173353574e+01 9.948279489901200634e+01 9.114232600842996135e+01 7.580837129316429923e+01 5.564263172870821705e+01 6.277894658958685170e+01 7.056935838035535369e+01 8.521391262810270462e+01 1.054932424907625972e+02 1.138883722396175813e+02 9.483636046454232371e+01 8.610858276418935020e+01 7.790527495844395389e+01 6.730154454633974126e+01 4.690049733294898715e+01 4.269885445481170194e+01 6.318285406835299511e+01 5.438699545969865312e+01 6.121925385495215721e+01 4.192685591601029671e+01 4.659828099827841186e+01 6.665772432555041860e+01 8.160394963148267777e+01 7.254137584996844623e+01 5.255652370702661358e+01 5.209346714956471658e+01 5.353662674521658715e+01 7.153140703242031861e+01
7.150025348851811202e+01 7.719699503768994475e+01 9.709600783313776162e+01 1.046592942780514335e+02 1.102099092129512883e+02 1.184113371193230222e+02 1.201505385751902395e+02 1.089316608489751133e+02 1.006719053497150895e+02 1.055048428081595375e+02 8.519317676017058716e+01 7.066694007012264933e+01 6.426350871841094659e+01 5.870667526066741004e+01 7.831788663707524734e+01 9.100600173070318988e+01 8.743869067298930986e+01 1.076830009574994449e+02 1.047725357115427727e+02 9.335729305370438169e+01 7.790527495844395389e+01 5.772599405867243405e+01 5.314354263613802942e+01 6.502224932963663662e+01 4.453766826024142489e+01 6.502330141446873313e+01 7.472966489981902782e+01 7.073156649078659086e+01 6.241872844283816590e+01 4.322343138988316724e+01 6.374470892899324070e+01 6.707304703539466573e+01 6.860467148959871508e+01 5.004945219330488726e+01 7.031759789451713516e+01 7.368440022239245479e+01 5.557867249582135116e+01
6.283679631947261868e+01 8.236773930122633658e+01 8.849100647094816452e+01 8.485726674653122359e+01 1.046592942768722452e+02 1.003484856187786960e+02 1.003484856169176567e+02 1.104671470082524394e+02 1.184320306904675562e+02 1.066457033416991749e+02 8.551283368428416054e+01 9.114232600758650449e+01 8.190604517112777216e+01 6.180989824271645006e+01 8.190593076391890293e+01 9.607903988495969827e+01 1.076830009574994449e+02 1.121149007257619701e+02 9.673044818925370691e+01 7.681101590978683191e+01 6.512799346429740410e+01 7.790527495844395389e+01 7.340026721090896444e+01 6.684561417484491130e+01 4.640837425709990782e+01 6.092226513347618777e+01 8.114345409833985912e+01 8.131033613336776966e+01 6.336636013694257485e+01 4.414671201218838803e+01 6.428288854013084119e+01 4.701577957324384727e+01 4.827088740960517299e+01 6.860445112564535464e+01 7.857467817694271162e+01 8.392898301184949617e+01 6.994219622692678229e+01
6.717884873853934380e+01 7.714462742914889759e+01 6.883850150556762060e+01 8.849100647094816452e+01 8.959968978236102544e+01 8.115459561744002315e+01 9.720648230790588684e+01 9.171791765669081542e+01 1.104671470051689113e+02 1.151202888393934387e+02 1.058037728496928622e+02 9.654096220725698174e+01 8.057145677247771687e+01 6.758778528132047825e+01 6.746971881791363046e+01 8.197382288883737544e+01 1.039111265044424073e+02 1.039395460457130440e+02 8.476386285539653898e+01 7.467245447707173867e+01 8.522995860059862139e+01 8.385700574484488357e+01 6.359503526429224962e+01 4.915571636879230510e+01 6.684561414989937589e+01 6.092228281406909218e+01 8.114580319991030422e+01 7.403407405532810515e+01 5.932865741890925193e+01 4.654320283416188175e+01 4.557478022126726103e+01 6.593002984880718031e+01 4.949449072446603992e+01 6.911693172814692332e+01 6.604768519267776128e+01 8.518885906307866662e+01 9.086057925244730882e+01
5.124016126469152965e+01 5.767735134234229832e+01 7.710926452745889037e+01 8.079221722017629759e+01 6.793379064461369410e+01 7.331582685303928315e+01 7.883965179163315895e+01 8.788764220917752823e+01 1.065312373613803061e+02 1.233641159412780155e+02 1.056845422518589004e+02 9.676596482627752493e+01 7.661739788936993989e+01 8.759901600425168056e+01 7.184862444598618936e+01 9.181398876563115152e+01 1.085150360119356066e+02 1.121149007257619701e+02 1.025858376947520156e+02 8.630619989881589049e+01 9.822313829699308485e+01 8.996377660054136527e+01 7.141183885997602943e+01 5.111761167396025485e+01 7.141183885617061833e+01 8.114587840009932052e+01 8.943002066276112316e+01 7.001923549711892747e+01 4.985322418170131442e+01 6.731813007398847049e+01 6.445058739115067681e+01 7.488418207387807968e+01 6.966225109521583647e+01 5.196732208627295790e+01 7.200436282416916356e+01 8.557027243289599028e+01 1.042965625425673153e+02
6.236869770250479661e+01 5.514030970721915281e+01 5.836967606899769123e+01 6.166339409092730506e+01 6.723311203642529676e+01 7.319631013872894698e+01 9.112213440593269809e+01 1.049754419559465930e+02 1.065312373270318176e+02 1.256147402855394972e+02 1.074389330286897462e+02 8.729084629537672413e+01 9.593746621562006283e+01 9.838716120430147782e+01 7.858015569854927662e+01 8.086156715004095474e+01 1.005071448847711082e+02 1.191719864174518762e+02 1.138171264134133480e+02 1.058977877053818872e+02 8.996377660054184844e+01 6.971695821560105344e+01 7.333502737711295083e+01 5.309308868790144231e+01 6.479635031805162271e+01 8.499907715450480339e+01 8.460360793177854077e+01 7.243651352497636253e+01 5.219115949185535897e+01 6.784335059560146419e+01 8.665606504389117504e+01 8.532188574889740096e+01 6.520343726708900078e+01 5.372804509679403395e+01 7.372549247867546285e+01 8.452737696586770255e+01 9.610772278921788825e+01
7.965146055076796472e+01 6.044711532776983631e+01 7.754051586652974493e+01 7.512796532488849266e+01 8.560893859877035084e+01 9.112213440678989684e+01 8.279991860284093264e+01 9.589553824206724641e+01 1.122002288160953469e+02 1.251600440382223951e+02 1.168689480118731723e+02 1.072927000145955958e+02 1.127460585080195727e+02 1.057213822052308387e+02 8.620525173671491359e+01 1.005071448847711082e+02 9.227817928197389108e+01 1.112971308957480545e+02 1.130746922149780431e+02 9.316022130981369287e+01 8.146225792863549486e+01 8.090602727304832342e+01 6.069616510777881047e+01 5.509620326013552472e+01 7.529936968712135581e+01 9.327434717006707388e+01 7.614513893020435376e+01 5.576310590261770983e+01 7.241848439215439726e+01 6.645320159700608542e+01 8.691138477617438696e+01 9.347696785914644124e+01 8.195918687621325205e+01 6.364139761573718346e+01 5.623970515942320958e+01 6.771866261458833947e+01 8.790367811114681729e+01
8.680962955133786352e+01 6.765713972762634398e+01 7.391085869399738328e+01 9.286851272452358330e+01 1.025676463422043554e+02 1.074947375463624866e+02 9.255569256193849981e+01 1.020080482494435046e+02 9.161715869692358183e+01 1.102843665801558899e+02 1.100787699720810338e+02 1.012662954979026466e+02 1.100478518830763477e+02 1.136658022064817573e+02 9.759371477319041333e+01 1.136658022064817573e+02 1.054921703317035480e+02 1.191719864174497587e+02 1.213096717501020265e+02 1.098177067303567327e+02 1.015770670771123747e+02 8.920770215930836855e+01 7.741769019843765420e+01 5.723381698551387586e+01 7.150467805015698275e+01 9.169296432129355878e+01 7.881166904394656569e+01 5.840142762352800077e+01 7.880631351170609378e+01 8.690588421058683366e+01 9.534867981357407984e+01 9.997573061310336584e+01 8.010949605656865913e+01 7.809731366253758722e+01 5.801391800774529628e+01 6.609455039040921065e+01 7.628756719315065027e+01
9.494810857860154840e+01 8.117866870063190277e+01 8.621443759449874733e+01 9.243914814455865780e+01 1.104279754486397280e+02 1.176508733846160055e+02 1.100898404504075501e+02 9.660798620113682489e+01 7.478028955410667322e+01 9.695451998811874716e+01 9.928651128774350809e+01 7.966355479643870297e+01 9.928651128774350809e+01 1.156702222262494786e+02 1.164893658597266182e+02 1.242593832162077945e+02 1.232593508357338123e+02 1.276873673514086107e+02 1.149791310810721967e+02 1.054709359908118529e+02 9.718871134041832249e+01 9.123130383598079618e+01 7.958477766030138412e+01 5.939610198834589028e+01 7.367036358688478970e+01 9.386343632983381724e+01 8.726262757485568500e+01 7.881166871230010429e+01 6.232624456329429563e+01 7.410513145558257975e+01 9.464464760554393763e+01 1.079495080127554587e+02 9.714380187923750043e+01 8.000051522084343958e+01 5.982481158506445951e+01 7.999458714851409979e+01 9.447487630951502524e+01
1.048163923574942658e+02 1.006039917534451575e+02 1.034689234502205011e+02 1.043123577669688018e+02 9.619447823245845086e+01 1.056400044099429181e+02 1.034992462680368419e+02 8.711088738712297186e+01 6.504932216824605007e+01 8.711088738712297186e+01 9.045617694568844058e+01 6.869595320494772750e+01 8.344067106342082241e+01 1.031479856540203457e+02 1.040479897064059855e+02 1.100863439327142288e+02 1.204373064380813645e+02 1.194509797741285979e+02 9.820135054653182749e+01 8.602036472179322857e+01 7.673751382218017625e+01 7.082903180344533212e+01 6.543358363156414725e+01 6.195481021109574016e+01 8.217346176833734717e+01 1.002357395978355328e+02 1.002210034783690702e+02 7.970886683099456604e+01 6.520267172463164229e+01 8.571673255838540229e+01 1.030498807384930444e+02 1.032663880653513502e+02 8.325572321531738851e+01 6.879483838749627012e+01 6.166160537920369933e+01 8.194409864011902300e+01 8.488608187513766268e+01
1.038812025555884873e+02 1.153683998410059388e+02 1.103245270634110682e+02 9.396365556345119785e+01 7.451229595009019135e+01 9.396365556345119785e+01 9.341729263418876883e+01 7.335362674163812358e+01 5.861469964795657717e+01 7.964977261070677628e+01 8.294605056184703074e+01 6.119153856089909027e+01 7.265783913682672335e+01 9.437295252915075139e+01 8.458464837158803107e+01 8.678717575458239253e+01 1.101027057651450889e+02 1.254718550386683660e+02 1.056094064040402287e+02 9.129102614816902417e+01 9.656525179440663464e+01 7.630440741378245662e+01 8.481155761912728508e+01 6.454756240062155825e+01 7.168772580506795578e+01 8.612024810713040779e+01 1.061581703100898579e+02 8.878494806487476865e+01 6.820273283008403098e+01 8.278256542450392885e+01 1.032759816437455811e+02 1.032396911118087246e+02 8.325680960449193435e+01 8.179622703523149596e+01 8.194409834284208216e+01 6.450342627744254287e+01 7.898821045230722859e+01
