LEM/sinusoidal_perturbations/elevation_000617.asc
nrows	100
cellsize	150.0
xllcorner	0
ncols	100
yllcorner	0
NODATA_value	-9999
[rows 0 to 16 of 100, columns 0 to 36 of 100]
8.271705653423140972e-03 1.415040732938449786e+01 3.415040732938520307e+01 5.356100135926824635e+01 5.884878956038269848e+01 5.063407075754649611e+01 5.884878956038269138e+01 6.828242324672089580e+01 5.999522152673490893e+01 6.828241562290648403e+01 6.815884203008847919e+01 5.993540013492548724e+01 6.815884879318795697e+01 7.180719295094760923e+01 6.646273579089421446e+01 7.145320931523281160e+01 7.254314614369020831e+01 7.103412398770895209e+01 7.904365624283052227e+01 7.460662477174092544e+01 8.268753765386432519e+01 8.995177182867152510e+01 8.202668142363258141e+01 8.995177182867152510e+01 9.146149040759422633e+01 8.356024018222403527e+01 9.028698462230191524e+01 9.819502781454225726e+01 1.076693469439151727e+02 1.221106981466360963e+02 1.138928827491416342e+02 1.106001914690984336e+02 1.023555266836143431e+02 1.035618665237973062e+02 1.035618665237973062e+02 1.118043365330023420e+02 1.253878636557735149e+02
7.813061968023241044e-03 2.000781306196766707e+01 2.527673031481686650e+01 4.527673031418396477e+01 4.891755079541176343e+01 3.075900445520801796e+01 4.891755079541176343e+01 5.828105553393184834e+01 3.999429853260726020e+01 5.828102430729116890e+01 5.819915153354610027e+01 3.998859125842626838e+01 5.819915532903668520e+01 5.092810159349551213e+01 4.492275489991444459e+01 5.088004229392196009e+01 5.304417430771705000e+01 5.125676793229375505e+01 6.569817889839777081e+01 5.490406663125432374e+01 7.155995409628296500e+01 8.032595042589245793e+01 6.272583747508878105e+01 8.032595042589245793e+01 7.535195706579919772e+01 6.431010993703799272e+01 7.126087818675016194e+01 8.087192572989503958e+01 9.970204351470862036e+01 1.138928827491416342e+02 9.389108751924618446e+01 9.905545493209589836e+01 8.232147773857643358e+01 8.353627661226688872e+01 8.353627661226688872e+01 1.035618665237973062e+02 1.157341741697981661e+02
2.526786264046545528e-03 8.946798696263126516e+00 2.894679869566044417e+01 3.896535758848606434e+01 3.073251742533105002e+01 2.076849724248619466e+01 4.069653760588208513e+01 3.999318426026024298e+01 2.999160851429740049e+01 4.999476000048773727e+01 4.996199566989993457e+01 2.998761013724959668e+01 4.996199566989993457e+01 4.964040160599398632e+01 3.034465393385432108e+01 4.534351476651305290e+01 3.902143879426741080e+01 3.972211647021808290e+01 4.615587573800549848e+01 4.338343266561140155e+01 6.200120630391423049e+01 6.194261184014402488e+01 5.281572593055665976e+01 6.918170488503643867e+01 5.583990643696824918e+01 6.335888468745896773e+01 8.263925029030346536e+01 9.819502781454225726e+01 1.076693469439151727e+02 1.054062022878532474e+02 9.719346874445109563e+01 7.971293439867432085e+01 7.087397747707997553e+01 6.950828335769128330e+01 8.188265551442466972e+01 1.018406292730508653e+02 1.017770070939500471e+02
4.163169627051843593e-04 2.000041631696235100e+01 2.248902694653693857e+01 2.373905844013025401e+01 1.076986568212948647e+01 3.073251742259699881e+01 3.999277167754207341e+01 1.998965670700168928e+01 3.146454655643383802e+01 3.291549530904231347e+01 3.437833069188520341e+01 2.331967304521884898e+01 3.893545243788074828e+01 4.066174024541565757e+01 2.316813796901519851e+01 2.531289391515215925e+01 2.748248451315921415e+01 2.971906792878520776e+01 3.204485526765260062e+01 3.443649200640574293e+01 5.377184586200737471e+01 4.214483860033259788e+01 4.534878573923585066e+01 4.951995986142858186e+01 6.918170488503643867e+01 8.263925029030346536e+01 7.708842765317530166e+01 9.604012158318582237e+01 1.112572784206071503e+02 9.136804803795328667e+01 7.729578354393372308e+01 8.460906766471931917e+01 8.188265551442466972e+01 6.215677471682268163e+01 8.188265551442466972e+01 9.412798655319761565e+01 9.358204843181698607e+01
5.883922493566802643e-03 1.246039145249841384e+00 2.488777936178022454e+00 3.738775678251299084e+00 4.996162593753477488e+00 2.499685203114371035e+01 2.814968501927783251e+01 2.944599740166395563e+01 1.146088526647422157e+01 1.291182098045101867e+01 1.437436169415530784e+01 3.416194060791794129e+01 1.895004081776636795e+01 2.067778662667641498e+01 4.057147680831329950e+01 2.809153331317628854e+01 4.743425640325716586e+01 4.968734916879647301e+01 5.200696435925861039e+01 5.422529598520736727e+01 3.806009891725436489e+01 5.754668326517634824e+01 6.508194764209930838e+01 5.290394288508841925e+01 7.248158637477463628e+01 8.863834508104831400e+01 9.604012158318582237e+01 1.039902070847157205e+02 1.101659777206156008e+02 9.026860571534309940e+01 7.619974866424372806e+01 6.487111868526186242e+01 7.578198853382137656e+01 5.799892043098520134e+01 6.607524671768405256e+01 8.010161663537341781e+01 9.154132412539794927e+01
1.256007409845548732e-03 2.000125600740949139e+01 2.248902694653692791e+01 2.373905286414663252e+01 2.269248006825763042e+01 6.829547157571396632e+00 8.148300812718490604e+00 9.475744569382243299e+00 1.550627045659638625e+01 3.291540445858389319e+01 3.437831258577145377e+01 1.652475448094236654e+01 3.654013073972225101e+01 4.066174024541565757e+01 4.839622621145822023e+01 4.803714800637620641e+01 3.317325976061044912e+01 5.309801686617313266e+01 6.648692427379762648e+01 6.645336367513442610e+01 5.845401380175076866e+01 4.749110302087665758e+01 6.761358324113930962e+01 7.248158637477463628e+01 6.138820621824261536e+01 7.516001572372528017e+01 9.417091118910094849e+01 1.105750202308831405e+02 9.905091155746249854e+01 9.081274525417524046e+01 8.977893066713988901e+01 6.998371230329595960e+01 5.625773300052085091e+01 7.184948576983983060e+01 5.213495762602298811e+01 6.351931901745737719e+01 8.328737524488650479e+01
9.594114293757748102e-03 2.000959411429340307e+01 3.645694839765484829e+01 3.826928831022071620e+01 1.836106889877764914e+01 2.683145743983355658e+01 2.815037115311677240e+01 1.550587814833756717e+01 3.531945577577918272e+01 2.445071647483517907e+01 4.442571927873925830e+01 3.655672571404091542e+01 2.137592486445452877e+01 4.141912213953006727e+01 5.657104404257111696e+01 6.120945298480737051e+01 5.309801686617313266e+01 3.861879737951318248e+01 5.774788421357629176e+01 7.206719138469695451e+01 7.601744462564930416e+01 5.643616926676850198e+01 7.601744462564930416e+01 8.863834508104831400e+01 7.516001572372528017e+01 7.516001572372528017e+01 9.417091118910124692e+01 1.023773947648693792e+02 8.234683424062072277e+01 7.086307348510261761e+01 7.929479688805658100e+01 7.062682535257555116e+01 5.131156371429911900e+01 6.367173419494407938e+01 4.852651066985433204e+01 6.832854106772687430e+01 8.111309905052172553e+01
7.711341127313004785e-03 8.172677150404645374e+00 2.231481277413584863e+01 4.231481277413655562e+01 3.245210519735312005e+01 3.829807921388592717e+01 4.194074510106726450e+01 2.216761929859254465e+01 4.194064457474595997e+01 3.152102326801188426e+01 5.148462564021462384e+01 4.659787809861645513e+01 2.654064251500255978e+01 2.823716255343152426e+01 4.830599110586302203e+01 6.462554978022606633e+01 6.659841049284008818e+01 5.851240821753152233e+01 4.465077607859571174e+01 5.875327638379889805e+01 7.836283526787507014e+01 7.655328252417615431e+01 7.283940545068823269e+01 9.312529104280339709e+01 9.417091118910094849e+01 9.417091118910124692e+01 1.021166744396430346e+02 9.654555153708336945e+01 8.845154066937948301e+01 7.929479688805658100e+01 5.956304972635911099e+01 7.737571519103130413e+01 5.804630703597042185e+01 4.530314708731661000e+01 4.542067184696799131e+01 7.409352394963023869e+01 6.275564064057930835e+01
2.297228869525369630e-04 2.000022972288659773e+01 2.817267715040500065e+01 4.817267715040570408e+01 5.241150896988015262e+01 5.827521582467941386e+01 5.021331380985523651e+01 3.210188387747501793e+01 5.020811168070594022e+01 4.045839100421957824e+01 5.972817433398536480e+01 5.216620466280714652e+01 3.208931771708950720e+01 4.830599110586302203e+01 3.608485376389429433e+01 5.026087836375812401e+01 7.049298466496898641e+01 6.998640973788093333e+01 5.019703896075536420e+01 5.727734348203350834e+01 6.872726135002072567e+01 8.814729522127697692e+01 9.312529104280339709e+01 9.444562105599000290e+01 8.628589829034389425e+01 9.444567164182542740e+01 1.023092717955307620e+02 8.271148049320767370e+01 6.883178926573810941e+01 7.271899227598356674e+01 5.313875220470588090e+01 6.437148476031390487e+01 6.082710997042406120e+01 4.184164332978184575e+01 6.106037924377932313e+01 6.830313801694943265e+01 6.023297072303353161e+01
9.647730019007896146e-03 1.415178335375008345e+01 3.415178335375078689e+01 5.173540402143634509e+01 5.981626507239900548e+01 6.553386971163240560e+01 6.013674822282374066e+01 5.182814080548686775e+01 6.012578867025817431e+01 5.456737582672972309e+01 6.040316254684516650e+01 5.822853031798419465e+01 3.812207076281628559e+01 5.822853031798419465e+01 4.764847930464436843e+01 4.764847822991492876e+01 6.786479071632309967e+01 7.655114004089571722e+01 5.685948764077549100e+01 6.999120842949565713e+01 8.492703219717087393e+01 9.618424667476304535e+01 9.325922325312095040e+01 8.459585669964181420e+01 6.658633494027684208e+01 8.459585669964181420e+01 9.324972326199453221e+01 8.991249229678389554e+01 7.029709810337845965e+01 5.653442862238456712e+01 4.974545391957806828e+01 4.500942169303339568e+01 4.159794116990264001e+01 3.938596314506346374e+01 5.624188872853626009e+01 5.786982667921481749e+01 4.111786515696767452e+01
3.582433992925927561e-03 2.000358243399256963e+01 3.770407525537682147e+01 3.189212401757423265e+01 5.173539669966667987e+01 4.736814094890728910e+01 6.023993747219891048e+01 5.848088846456480638e+01 6.658775306264112714e+01 7.449199799366462571e+01 8.031365529294201622e+01 6.535578776345272445e+01 4.519685947964045170e+01 6.535578776345272445e+01 6.188694307682084172e+01 5.925386112803167293e+01 7.635917767494134978e+01 8.399182974966358017e+01 6.440029552174195260e+01 8.399182974966358017e+01 9.743011270532363710e+01 9.632424354038982983e+01 8.507035481931492882e+01 6.532926332262424296e+01 5.663279047125674737e+01 6.532926523198926816e+01 8.507004345861037109e+01 9.100310763721810758e+01 7.196313753049487616e+01 6.084866675985396256e+01 6.924680020983159068e+01 6.436670317181452106e+01 5.601738979415739550e+01 3.692109600968811378e+01 3.721606478026951947e+01 3.882621506320274563e+01 5.786982667921481749e+01
1.813270376062421294e-03 2.000181327037570611e+01 1.776344241297133308e+01 3.770407525537681437e+01 3.954765658334538614e+01 3.405542902639005121e+01 4.610161765015487845e+01 3.890790856073537185e+01 5.277461331125945065e+01 7.225705533030725292e+01 7.576946319716768130e+01 7.382775155387994914e+01 5.677463980673480393e+01 7.382775155387994914e+01 8.229814697705172932e+01 7.962779560748744245e+01 8.816010389663361480e+01 9.209517104854930380e+01 7.833000194511978975e+01 9.209517104182782532e+01 1.010982976833256544e+02 8.812560861315763816e+01 6.835498066858009736e+01 6.894418660590895342e+01 4.910230843789249633e+01 6.895123237696573426e+01 8.614588694639519417e+01 9.888873590450198492e+01 8.832028333143946952e+01 8.068373291510293654e+01 7.613824245276025238e+01 5.685435033857954323e+01 4.336752474462076634e+01 3.490923587253153926e+01 5.397983797913038728e+01 5.219921473157051395e+01 6.582796777692453816e+01
2.372884694381488524e-03 7.073439895250730913e+00 2.573732627530540640e+01 2.873926926430326034e+01 2.024374879062192889e+01 3.471133464558120352e+01 2.637497352123403616e+01 4.503653906526764672e+01 5.160432280601411748e+01 5.855458413932515072e+01 5.468562835944855038e+01 7.576946319716768130e+01 7.707785386596229671e+01 8.559265836474247635e+01 9.946386588063933232e+01 9.108277047692044448e+01 8.847915211515177702e+01 9.684943027124997172e+01 9.789346681778147286e+01 1.049096632034953416e+02 9.261246412547059492e+01 7.292426916609085197e+01 7.199797750421635101e+01 5.217472981797220655e+01 4.419953348735341336e+01 5.819438907990677023e+01 7.619292099177077660e+01 8.760121962757881420e+01 9.123070271452503732e+01 8.305878058009929532e+01 8.180344379491199902e+01 6.250247130107636906e+01 5.274312684951570418e+01 3.362233117812434102e+01 5.274312692345655051e+01 7.127140314130970467e+01 6.641572819801982064e+01
8.175220331382775790e-03 2.865318077474245939e+00 5.752069423422386585e+00 8.733493393422131490e+00 1.211411044119309466e+01 1.570621757869347412e+01 2.007068085891608789e+01 2.492295487100187756e+01 3.096915142622448514e+01 3.770380013947551134e+01 5.237676028159449260e+01 7.346917028261053417e+01 8.239883383668262695e+01 9.105188740605534292e+01 9.108277047692044448e+01 7.155256924912983152e+01 6.906923753621437356e+01 8.550821756488461745e+01 9.938258402280811765e+01 8.616093383424126273e+01 8.437044917680456990e+01 6.453534953232950500e+01 5.307593601173932996e+01 4.563316907215315865e+01 3.976121196879603303e+01 4.824911670932813479e+01 5.965670913655957719e+01 7.942491310464384924e+01 8.305878058009929532e+01 6.352668562009383635e+01 6.924750378309978771e+01 6.341485264418184187e+01 5.151096018720899394e+01 3.232077038702176708e+01 4.982400592532931682e+01 5.249529130864844007e+01 4.678097151046335256e+01
9.124702163186202558e-03 2.000902502885840306e+01 2.575465459946471825e+01 2.287602385342608358e+01 2.366287768275796566e+01 3.608521420454160022e+01 3.168154321424513498e+01 4.538258431089808198e+01 4.155504346311802522e+01 5.855458413910252347e+01 6.724401964521688058e+01 7.867762645939264132e+01 6.074126214268275703e+01 7.867762645939264132e+01 7.731734919947325579e+01 6.920077437954385857e+01 5.834217784286676078e+01 7.727283275081180136e+01 8.995635335531802923e+01 7.263416500792197894e+01 8.985853132819421774e+01 8.078155554733072563e+01 6.950419260768508423e+01 4.972492663723672024e+01 3.589589218141958327e+01 4.716031773812007089e+01 6.113411492331002961e+01 8.089656707839216665e+01 8.050997881465552553e+01 6.100279984079501361e+01 4.990278846957959757e+01 4.419049570403153382e+01 3.913987487008939326e+01 4.982334362840720843e+01 3.051943086067519673e+01 3.375517452355001069e+01 5.253012165128708233e+01
2.239863785106879172e-03 1.414437534548302189e+01 3.414426630989902378e+01 4.287876912821376152e+01 4.364987223056588306e+01 5.191792766029963246e+01 5.225566814944782124e+01 6.089572162242282616e+01 6.241319470323867336e+01 7.107587670815077274e+01 8.142918098318968134e+01 6.989482898915808562e+01 4.783462710368637261e+01 6.989482898915808562e+01 6.920077437954385857e+01 5.036587081088284634e+01 6.920077437954385857e+01 8.550821756486762126e+01 8.214646940422322530e+01 6.293129629121266788e+01 7.253857851355402886e+01 8.005983343150417397e+01 6.652676553439540896e+01 4.677674030718150533e+01 3.293965038011329227e+01 5.255431886950783138e+01 6.906158676293158294e+01 7.735717102768275311e+01 8.867639001838686852e+01 7.737868646599113731e+01 6.924750364433411676e+01 6.341485264418184187e+01 5.827675185800562474e+01 4.867083163056119588e+01 2.932475649354910274e+01 4.867178733167081361e+01 3.854150160128938296e+01
1.766589122093755728e-03 2.000176658912173977e+01 2.863406697622036745e+01 3.334854262802690528e+01 3.912249786083581427e+01 4.619029800732337776e+01 5.447453916793971729e+01 6.447674345163105158e+01 7.372629510293110400e+01 6.747452146539251316e+01 6.616865574414761397e+01 5.090813060789466959e+01 3.997903758200026658e+01 6.209536981537749512e+01 6.449204848886039088e+01 4.558623539072593900e+01 6.449204848886039088e+01 6.772771975815498990e+01 7.583702572601517033e+01 7.253857851355402886e+01 5.313522646217237622e+01 7.249253731396242983e+01 6.368521445978363715e+01 4.395264086938023240e+01 3.004365733381879267e+01 4.972219215419863048e+01 4.924866356412917412e+01 6.904409614912647442e+01 7.511689292490277126e+01 6.282669727932822212e+01 5.450046709547959267e+01 5.120246439956743956e+01 4.488439238734432735e+01 4.596563954903766813e+01 2.816470590937686680e+01 4.754881821512836382e+01 4.970180565579833143e+01
