LEM/sinusoidal_perturbations/elevation_000337.asc
nrows	100
cellsize	150.0
xllcorner	0
ncols	100
yllcorner	0
NODATA_value	-9999
[rows 0 to 16 of 100, columns 0 to 36 of 100]
8.271705653423140972e-03 1.516554788590475766e+01 3.715924070966999437e+01 3.703063059963955084e+01 4.574070132500334296e+01 4.908922543297840946e+01 5.146057244057298163e+01 5.989699622956732838e+01 6.257236207027418118e+01 5.216447258978505630e+01 4.387184473018491104e+01 2.766477679567774572e+01 3.062079551703090985e+01 5.078860733723107757e+01 6.316086445221512236e+01 6.421458483820858021e+01 6.779823106461691395e+01 7.195364593378394602e+01 7.629673340223814648e+01 8.160611008745287620e+01 8.732739264195261342e+01 9.391341826233303891e+01 1.020698372611500986e+02 1.119116622703756576e+02 1.080720568437020290e+02 9.973853976257372267e+01 9.837834405266912086e+01 9.005763021682263059e+01 9.156402335898039269e+01 9.156402336882183590e+01 9.988612180539269048e+01 1.084740994384143562e+02 1.001476248198597432e+02 1.001476248198597432e+02 1.030884111814843322e+02 1.030884111814843322e+02 1.114162753536674018e+02
7.813061968023241044e-03 1.774937089915834676e+01 2.543736385873577888e+01 1.669101737773259231e+01 3.359294597389345682e+01 2.877135055660226470e+01 3.100202565910017682e+01 4.845428045312680609e+01 4.835992817159846879e+01 3.414749427292276351e+01 2.348175027598021103e+01 4.392218792842593444e+01 5.078860733723107757e+01 3.485680294207701024e+01 5.492923363278964644e+01 4.423884445374491747e+01 4.784533331622953511e+01 5.202497631179017645e+01 5.639420632823252788e+01 6.174024159405384893e+01 6.750828850425067174e+01 7.415534140119170559e+01 8.407477745727679519e+01 1.037520590673891121e+02 9.973853976257372267e+01 7.971514570368681518e+01 8.557986204116440376e+01 7.005586608970591556e+01 7.155546200397394330e+01 7.155546200397442647e+01 9.156402336904284311e+01 1.001476248198597432e+02 8.013549264046649512e+01 8.013549264046649512e+01 8.305612408809021474e+01 8.305612408809021474e+01 1.030884111814843322e+02
2.526786264046545528e-03 2.000252678416995522e+01 3.629217759908353713e+00 5.149788430470722211e+00 2.513655530544526684e+01 1.614797939691675666e+01 3.299724297645268933e+01 2.811805202675361315e+01 3.650372714233795080e+01 1.947989448419267688e+01 4.005930830583600510e+01 5.219719023897173571e+01 6.316080044478026423e+01 5.492922390300502400e+01 3.928174732605056363e+01 5.929689750352839894e+01 6.779823106461613236e+01 6.049549973464623065e+01 7.629673340223811806e+01 7.049846469303776075e+01 8.732739264195261342e+01 9.391341826233303891e+01 1.020698372611500986e+02 1.119116622703756576e+02 9.973853976257372267e+01 7.971514570368681518e+01 6.558215896209330253e+01 5.837153261258595194e+01 5.725604483426550928e+01 7.741583394572874965e+01 8.439983073595986696e+01 9.027284011612506731e+01 8.599691044976863452e+01 6.604615908402243463e+01 6.896306418400655502e+01 8.892344513506955650e+01 1.035519595732135087e+02
4.163169627051843593e-04 1.491128301970575221e+00 1.687761432856576960e+01 2.451862770387342749e+01 7.345052358875341803e+00 8.911540838235842088e+00 1.119084203459238935e+01 1.350547569400456638e+01 1.589016597678985931e+01 3.650372714233795080e+01 3.151075480811289253e+01 4.327489612105711814e+01 6.329609293027830574e+01 6.751758342163840609e+01 5.346393596973009466e+01 5.346393596973009466e+01 7.337891234722650324e+01 7.200243588982972653e+01 8.854313685387899113e+01 8.452261313918029373e+01 9.846109845370634162e+01 9.945837275881781636e+01 9.125226329357620614e+01 9.945837275881781636e+01 1.009414129415107908e+02 8.952732615380244852e+01 8.128611324208023348e+01 7.028827215179970267e+01 4.982733850918184260e+01 7.028827215167338238e+01 6.428072956417460659e+01 7.017347786494657669e+01 7.894325465946758413e+01 5.887482313709046622e+01 7.894325465953809839e+01 9.419845107977464238e+01 9.506091688661290107e+01
5.883922493566802643e-03 2.000588392249321146e+01 1.720245573688133689e+01 3.371557638098500576e+01 2.732298855596240728e+01 2.888731281767081782e+01 1.209410356818114352e+01 3.150079499125482130e+01 3.650347814248036116e+01 4.483056998088662226e+01 5.173684955659101092e+01 5.998413860917727192e+01 7.151181135346173789e+01 7.116561252810984683e+01 7.337891234722725642e+01 7.337891234722656009e+01 8.157162364136802069e+01 9.178722890600596429e+01 9.995453251479912637e+01 1.042307485561681943e+02 1.024034100102815614e+02 8.967643615635164167e+01 7.179087793985496546e+01 8.967643615635164167e+01 9.262875329444644024e+01 7.298272443178237268e+01 6.150762677963299296e+01 6.602187256224938494e+01 4.534085038822147595e+01 6.017239615380184148e+01 4.968040056620236555e+01 6.467637188073862831e+01 6.849207060881322207e+01 5.408404932973365220e+01 6.588289885658814171e+01 8.589081851472846552e+01 8.321075663314722703e+01
1.256007409845548732e-03 2.000125600740949139e+01 3.599337008595927756e+01 4.398659183744865686e+01 4.391612443899037288e+01 2.428561079772990539e+01 3.150079499125482130e+01 1.538789349604618373e+01 3.477838659342111072e+01 4.641442505176075173e+01 5.789176542576303319e+01 4.965436244745566796e+01 5.329841768899280652e+01 5.123853804654381605e+01 6.165873531918816752e+01 6.650000234448789627e+01 7.250888497597672711e+01 7.913746715856937897e+01 8.731372465370714053e+01 9.872563334883575692e+01 9.311773843799757344e+01 7.465103438850439943e+01 6.208875958729177569e+01 8.152157061671546501e+01 9.162016859930680823e+01 8.952732615380244852e+01 7.071406753187676486e+01 5.049883473355530583e+01 6.011728481915589128e+01 3.919227529435953272e+01 4.007358184090612951e+01 4.392885882158691402e+01 4.794390412153379089e+01 6.849207060881322207e+01 8.263864972735748893e+01 9.168310258257309897e+01 7.469650070089834060e+01
9.594114293757748102e-03 2.000959411429340307e+01 3.645694839786943930e+01 4.800395378166518867e+01 5.213463785530339578e+01 3.810391638197095432e+01 4.289841406235490240e+01 2.895615618426192484e+01 1.872243157346871101e+01 3.819502435104334381e+01 4.475382750911676766e+01 2.975073051292477544e+01 3.333632449021006749e+01 3.709102012242768609e+01 4.167888385534207174e+01 4.653894703735704041e+01 5.257967587804493093e+01 5.925172061079135943e+01 7.077228005454016113e+01 9.056452525008346299e+01 8.494481014830714116e+01 6.542250629975769982e+01 5.509230588112886551e+01 7.465103438850438522e+01 7.208390760900176986e+01 8.248349651642354274e+01 7.893687524596751359e+01 6.167354064002183378e+01 4.093853040953513300e+01 3.503307876838123036e+01 5.620616565577059021e+01 6.467637188073862831e+01 6.849207060877398590e+01 7.680998578750589445e+01 8.546654846909942194e+01 7.142952245154684476e+01 7.469431547834547303e+01
7.711341127313004785e-03 8.172677150404645374e+00 1.971968253419736428e+01 3.971968253419807127e+01 5.874642415812264318e+01 5.794875119587995016e+01 5.620455367610895792e+01 4.618571034285099586e+01 3.238824587927746279e+01 2.218192399183896057e+01 2.499510273768094493e+01 3.147373449228108200e+01 5.139399917801585360e+01 5.707504303298274806e+01 4.974746228300742956e+01 6.650000234448789627e+01 6.285630038585234303e+01 7.913746715856937897e+01 7.913746715856939318e+01 9.407977674704413573e+01 7.454496231040234022e+01 6.076080616595307049e+01 4.923725877996586320e+01 6.900491580413432757e+01 5.823079635989530090e+01 6.291296944405721092e+01 8.248349651642354274e+01 6.994397473860983894e+01 5.363689085184473271e+01 3.239100845132027473e+01 5.363689088532778015e+01 7.008964070067811747e+01 6.565317509082531444e+01 7.113939099927975462e+01 7.485949142729394623e+01 5.554666146235798152e+01 7.336256399638727999e+01
2.297228869525369630e-04 2.000022972288659773e+01 3.645694839786944641e+01 4.724717219122844369e+01 3.874642415812335372e+01 4.460428853439219665e+01 6.460428853439077557e+01 6.044076276249828794e+01 4.146912759460208520e+01 2.747910337648664125e+01 4.475407666429926934e+01 5.139399917802226270e+01 4.296041556046584020e+01 6.291431816762025164e+01 6.128865752194217720e+01 7.788249722986770962e+01 8.271261683519601604e+01 9.088894846502421387e+01 9.888813818975094705e+01 9.177187171528144916e+01 7.843852794794419481e+01 5.884630119906295675e+01 4.459221701029997575e+01 5.868926064933940978e+01 4.659645039210102624e+01 6.650422804202150928e+01 7.436286734206592541e+01 6.598481263828510635e+01 4.524390339481802670e+01 3.008546379830796624e+01 5.112378061664238516e+01 4.995600044862632672e+01 4.420248035388269159e+01 5.015250028580359754e+01 6.462035392942635781e+01 4.361882214666039914e+01 6.194768724725369680e+01
9.647730019007896146e-03 2.000964773001865282e+01 2.724717219122915424e+01 2.724717219122915424e+01 2.460428853439290364e+01 3.874642415812335372e+01 5.874642415812264318e+01 6.965408819904905613e+01 5.485662184855756607e+01 3.490108344100805482e+01 4.365308079521032880e+01 6.360567892856563077e+01 5.450245387420533660e+01 7.111976116850590302e+01 8.115235797000725881e+01 8.933055320304308111e+01 9.038292234281777837e+01 9.866950790359494761e+01 9.744662269888939932e+01 7.787044587777684512e+01 6.409832528899802639e+01 6.981145648990936081e+01 5.868926064923020647e+01 3.836372418901456172e+01 3.918356989444534122e+01 5.946576632114353345e+01 5.474583529728568720e+01 5.993464642321065838e+01 4.888886397182606203e+01 2.790398407015704763e+01 4.558129240288924677e+01 4.709310750922179523e+01 3.005597121996791898e+01 4.761438263216581390e+01 5.640952983759584782e+01 3.469710850811912195e+01 4.938838484217788505e+01
3.582433992925927561e-03 3.595688474528416556e+00 7.247172191229508620e+00 1.391383885789611696e+01 3.391383885789540642e+01 4.633013150800915270e+01 5.461440275547076340e+01 6.355867466546960287e+01 6.310565499928155475e+01 4.641833307154950461e+01 6.310565499928155475e+01 7.185529382902991813e+01 7.440513848561228372e+01 8.258400738137916619e+01 8.038613743629979069e+01 7.624533354789336670e+01 7.038935252978174617e+01 9.038292234281777837e+01 9.488711189659450440e+01 7.534449248557832846e+01 6.157080688875427654e+01 5.007441714791101361e+01 4.383233562901142477e+01 3.795810464022551400e+01 3.245272622456358391e+01 4.901212730862134492e+01 4.080780128696437004e+01 4.217741130343702594e+01 2.547488311490782920e+01 2.579497710756701068e+01 2.612335850333310461e+01 2.645663563968762944e+01 2.679457008777899674e+01 4.646878582015904868e+01 4.739269810416851669e+01 2.811700963713295920e+01 2.846446488324471247e+01
1.813270376062421294e-03 2.000181327037570611e+01 2.724717219122915424e+01 1.431824000309492284e+01 1.966346484134331618e+01 2.633013150800986679e+01 3.527440341800870982e+01 4.941653904173916345e+01 6.941653904173774947e+01 6.638353868241976841e+01 7.461820416412807333e+01 8.399810352875144304e+01 7.571286475625431933e+01 7.452724997205646673e+01 6.038353685943432225e+01 5.623899230617116984e+01 7.038935252978174617e+01 9.038292234281777837e+01 8.519429769403627972e+01 7.702922529821734088e+01 7.793509850213966672e+01 6.981145648997014064e+01 6.386051521996445501e+01 5.830569764538998356e+01 4.901212730861865197e+01 2.836888421802509797e+01 3.500724534422602829e+01 2.502582030249672584e+01 3.081402355218062539e+01 4.083120557850983090e+01 4.551052291705378394e+01 4.680129853818207408e+01 3.273387118853469246e+01 2.727938252700189992e+01 2.762587434784912688e+01 4.024390144545661485e+01 4.761271116440341444e+01
2.372884694381488524e-03 2.000237288469402586e+01 3.723671837779490090e+01 3.431824000309562450e+01 3.380560046507376626e+01 3.966346484134260919e+01 5.461440275547076340e+01 6.355867466546960287e+01 6.387709237950036112e+01 7.215682872893208355e+01 7.671223881793508781e+01 6.842652339559246855e+01 5.569977064069789208e+01 5.937224183711771275e+01 4.621307322869480316e+01 5.623899230617116984e+01 7.038935252978174617e+01 9.038292234281777837e+01 7.702922529821734088e+01 5.741024944385882378e+01 6.315651443166526491e+01 5.735905904734983096e+01 6.553995914142168999e+01 6.110885289641404938e+01 5.276305764447101154e+01 4.462958381709105282e+01 2.457848396388562406e+01 4.511434196243616412e+01 2.947152040397234529e+01 3.694945178354440429e+01 5.205281200863068847e+01 5.276463113471371713e+01 3.238222484554436420e+01 4.836071749580688106e+01 2.772061292998334281e+01 3.762063779943314046e+01 5.250788318690913314e+01
8.175220331382775790e-03 8.952447130330618563e+00 2.049945251412333747e+01 4.049945251412404446e+01 5.380560046507305572e+01 5.966346484134189865e+01 5.399992925500444585e+01 4.990867433111843354e+01 4.412276613058151042e+01 6.387709237950036112e+01 6.515429316817541405e+01 4.840116950120346218e+01 5.346110114644192635e+01 3.932658846669661301e+01 5.937224183711771275e+01 7.452724997205646673e+01 8.452943021668831136e+01 8.679391680148555110e+01 6.726453379494904539e+01 5.332847121815630231e+01 4.307356429787726881e+01 3.691676163623984763e+01 4.989459367379770782e+01 3.988920120196817010e+01 4.307204936026860054e+01 2.412794801647839904e+01 4.464503915719898686e+01 4.452378236135836431e+01 3.769320973972954647e+01 5.368401470411886578e+01 5.296271871963363509e+01 5.678857778942188617e+01 3.624856316313420024e+01 5.684630026850332740e+01 6.460497546236227606e+01 5.182467266902109770e+01 5.477329071144456663e+01
9.124702163186202558e-03 1.415126032589426153e+01 3.415126032589496674e+01 4.878372376159513379e+01 5.246615295185855388e+01 4.825161036556482941e+01 3.425794597258326490e+01 3.017180367276890962e+01 4.990867433111843354e+01 6.775949261435710014e+01 5.619436306280852023e+01 3.682050635930361437e+01 3.341301886294048984e+01 5.346110114644192635e+01 6.238074619122588160e+01 6.871241872865418543e+01 7.627364928776414388e+01 8.455756515547011531e+01 8.113247249103280012e+01 7.130227356894764057e+01 6.315635757091786928e+01 4.989459367383867772e+01 2.930831869630474884e+01 2.590731789559598397e+01 2.366488123437649449e+01 4.209435391023711048e+01 4.441440884416898882e+01 6.273036345244612022e+01 5.442717269014427472e+01 5.400862140561913094e+01 6.947208125360269548e+01 5.684602768345083490e+01 5.684737433816084717e+01 4.243334207654056911e+01 6.262913654241583572e+01 7.431325419786045927e+01 7.350739159374928988e+01
2.239863785106879172e-03 1.139083205711271596e+01 2.508288838826025824e+01 4.454536078540981237e+01 3.236216666794673102e+01 4.001743999846248556e+01 2.024496831485607728e+01 4.003441368533525946e+01 5.813979741514812360e+01 5.947091287932369852e+01 3.943082640388024629e+01 2.787303630448748137e+01 3.160938512255991739e+01 3.677727165371003792e+01 4.234228237397694983e+01 4.868991211116674123e+01 5.626851362152545732e+01 7.041786415924902087e+01 9.041076515510422951e+01 8.013079966186646175e+01 6.051041806495289421e+01 4.620900080156549450e+01 4.988165811088663304e+01 4.382301665546282976e+01 2.333882468999847859e+01 3.373066725294575008e+01 5.434122135410642329e+01 7.204125099982698543e+01 7.591902567066732388e+01 6.811187662298499390e+01 7.995102671818089846e+01 7.693033834564845108e+01 5.898424863686313557e+01 6.262915633863393339e+01 4.933960483784767348e+01 6.918237054435709865e+01 8.555975854572436390e+01
1.766589122093755728e-03 2.000171000144533906e+01 3.532108259995192157e+01 2.777158861140054213e+01 1.824740683361690685e+01 2.827880759319084447e+01 1.492406362066094161e+01 3.474650879499738210e+01 5.230919176701404893e+01 5.013748624806889609e+01 4.456280901586709575e+01 2.456212241757318182e+01 4.456280901586709575e+01 5.682307628567610180e+01 6.238074619122588160e+01 6.871241872865418543e+01 7.627364928776414388e+01 8.455756515547011531e+01 8.728297601721050114e+01 7.514453698684948790e+01 6.633992350490362355e+01 5.827797349433174645e+01 5.828258741420728484e+01 4.223544479746520608e+01 2.304035884253575261e+01 4.165285093668392591e+01 5.801419281736668410e+01 7.338317501707956581e+01 8.109100107138208102e+01 8.681791800068926079e+01 8.477363338014288274e+01 8.746669251912352649e+01 7.906333807033448124e+01 7.745693547514969168e+01 6.080792423546667891e+01 5.748748656129549772e+01 7.724892394348697167e+01
