LEM/sinusoidal_perturbations/elevation_000349.asc
nrows	100
cellsize	150.0
xllcorner	0
ncols	100
yllcorner	0
NODATA_value	-9999
[rows 68 to 84 of 100, columns 0 to 36 of 100]
5.009162696260268353e-03 1.983512950850030521e+01 2.050090462475805353e+01 1.136620238077588940e+00 2.117151138909926544e+01 3.572586780281729801e+01 4.346901990620116152e+01 4.478564837657786057e+01 3.285412787639592125e+01 2.376183421375001004e+01 4.691674936449079958e+00 2.487384773718302000e+01 4.391365288305929937e+01 3.676341511147266061e+01 1.650498055827900501e+01 3.995940365117085946e+01 5.113881014544254811e+01 3.414791434570606299e+01 5.113881014544254811e+01 4.509698717791633982e+01 4.717675557622532523e+01 6.630129783079274830e+01 6.439761666234855397e+01 6.685841954317221791e+01 5.856686627199487560e+01 6.488359164602229612e+01 6.715368543891000286e+01 4.701541707575283624e+01 3.276758364505256793e+01 4.341676311217099027e+01 3.581112044072446565e+01 3.613288706163008612e+01 3.528299883679103033e+01 1.764765157820229646e+01 3.761724281766938560e+01 4.673146238307012368e+01 5.222014722986695290e+01
4.695337527364121070e-03 3.358280031481808980e-01 6.670036820664807520e-01 2.737470078688467368e+00 9.245263194774951288e+00 2.345172357719889433e+01 4.246503509099821372e+01 4.755748758261536580e+01 3.006024473328461966e+01 5.517001760621799811e+00 5.032210308692055989e+00 2.474966426780883566e+01 2.736341176436922140e+01 2.356557653805430164e+01 1.077622380836555038e+01 3.008183860248293584e+01 4.499173457721399672e+01 2.900294042566416053e+01 4.081935241854073837e+01 3.234357253372265717e+01 5.068627712329774937e+01 5.761297933487156797e+01 6.466795020777848890e+01 5.523983069809161606e+01 3.840943449043786018e+01 4.477027359848087684e+01 5.896711240128647802e+01 6.122786909894364982e+01 4.341677160495665078e+01 2.337870582882250403e+01 3.226982354403824615e+01 1.622623759712521974e+01 1.681397489623977393e+01 3.674493168303975921e+01 2.537898096032684947e+01 4.551596534271850913e+01 6.284891998707595917e+01
7.614146464036155443e-03 2.000761414646368053e+01 3.894997776980246851e+00 2.240790269717483696e+01 2.956339878389006159e+01 2.117122280131640366e+01 4.132391146509177560e+01 3.949494230438869380e+01 1.990424039867490080e+01 2.300882410077713658e+01 6.787847424510846217e+00 5.522150661089498591e+00 5.876028362383719283e+00 6.236062216739417963e+00 6.602073488776954768e+00 8.645880624520192015e+00 3.375964423402074033e+01 2.397591443086272633e+01 2.276311958672410896e+01 4.044221206291490489e+01 5.069955742622292405e+01 3.998331595676422978e+01 5.479087029751135418e+01 4.622770614694032076e+01 2.677704688504504560e+01 3.051026657118615049e+01 5.066132806298978863e+01 5.604601371480242733e+01 4.273207016518571066e+01 3.441717293095941699e+01 1.539272820632580796e+01 3.527022774179851439e+01 2.249375780010057113e+01 4.166077229396434234e+01 4.551610115200602991e+01 3.433920501877405229e+01 4.865655828454077181e+01
2.352828262072654761e-03 1.977562776177334669e+01 1.687628924171697520e+01 1.692549987127075539e+01 3.682137858313689094e+01 3.317367732858749463e+01 5.010876639395921472e+01 4.765017117191005980e+01 3.915448584337985949e+01 3.170083300281501693e+01 1.325291700242954462e+01 8.615136771249613190e+00 2.301663033859999530e+01 2.498955736750840373e+01 2.573974305395671891e+01 7.126802352745183811e+00 2.585103853871218149e+01 3.020909560228403024e+01 1.681113225613607653e+01 2.883733376929322390e+01 4.311602244230801517e+01 2.896357283475383326e+01 4.593540747227051924e+01 3.791527901762756869e+01 1.774879776727288672e+01 3.787267979204484902e+01 4.556759075861098296e+01 4.181392497221160198e+01 2.767915461326748527e+01 1.455791553074889677e+01 1.843791810939650944e+01 4.199612832226852532e+01 3.565481948826863601e+01 3.565481948826863601e+01 5.616045290409476110e+01 4.865655828454077181e+01 4.865655828454077181e+01
6.786455232800275850e-03 2.000678645523244370e+01 3.687971118009979676e+01 3.753782340485707891e+01 4.661246688972289576e+01 5.550846682539110333e+01 6.318749746233267928e+01 5.677376931260832293e+01 3.981762573762627966e+01 2.191959153361938206e+01 3.068095075183037324e+01 1.164560064680947349e+01 2.434128129536750862e+01 3.950820276566405198e+01 3.191417087974406996e+01 1.972948043046908495e+01 7.649416423231739870e+00 1.146691647001641812e+01 2.521170801664458594e+01 2.126829642254600472e+01 3.347769820139136954e+01 2.014509535422594411e+01 2.937405309262582875e+01 3.043530928474701014e+01 1.220191024993715700e+01 3.182046942027870529e+01 2.618505548206785249e+01 3.270424800801241361e+01 1.371736354125589052e+01 2.767927344107376086e+01 4.132634739456057105e+01 5.494800639148250809e+01 5.616045290409476110e+01 5.616045290409476110e+01 6.450118776992800917e+01 6.881056926474684587e+01 6.881056926474684587e+01
3.257643153035955173e-03 1.414539326688386112e+01 3.414539326688314702e+01 4.017857295581997334e+01 4.846571251605473662e+01 6.001728315657102542e+01 6.202516168428574161e+01 4.329743355830992613e+01 3.087547038534986754e+01 3.558203834125991705e+01 1.630609603075062353e+01 3.103968326510540265e+01 2.561371010510483615e+01 4.418654142074156965e+01 4.262976303857347204e+01 3.222603458390559439e+01 8.493150149624300482e+00 8.166047377153061504e+00 8.526051368812742837e+00 8.881731354647206089e+00 2.370040071058163988e+01 1.669893599343008361e+01 1.022747932948454874e+01 1.057680086169050426e+01 1.092513276330890015e+01 2.382201081999061287e+01 1.226996023208197606e+01 1.287132465326856412e+01 2.319849467410767474e+01 4.018061604708206858e+01 5.607464094214424932e+01 5.540245381038567984e+01 6.369511869488682265e+01 6.122559597044900670e+01 6.949170037807617462e+01 6.765625261119561173e+01 7.572942188977975775e+01
1.880098487986705483e-03 2.000188009848763215e+01 2.863129959797778668e+01 2.017827838480151215e+01 3.172528629618161489e+01 5.172652257140091336e+01 6.413123107194086003e+01 4.531218811170229799e+01 4.876554683857408889e+01 3.887749079791709761e+01 1.967549013414495818e+01 3.887749079791709761e+01 4.486080646681674011e+01 5.161300337833552021e+01 5.191004452897908550e+01 3.550014720083605368e+01 1.437012609259811491e+01 2.888842532755594661e+01 2.956675395449568455e+01 1.351911138305831805e+01 9.379344655822611898e+00 9.731909366275283801e+00 2.504179854957339657e+01 3.002648913509995054e+01 1.331503920291847720e+01 1.141795763962269739e+01 3.131647129382352190e+01 3.214191869325900797e+01 3.953626701097692830e+01 3.845862645162308979e+01 4.105631951089218745e+01 3.519174896843859557e+01 4.655363176963555105e+01 4.095747469102436611e+01 5.276256657864417576e+01 4.764986036081415222e+01 6.380419493371233841e+01
2.900726248362994839e-03 4.266915053360590626e+00 8.631272858080476951e+00 2.277340915077564176e+01 4.277349816250903558e+01 5.293159613082013237e+01 6.293198564621167179e+01 6.413123107194086003e+01 5.905522668069617964e+01 4.364493820379247779e+01 2.457514858029097482e+01 2.654870331173412978e+01 4.485020617327897696e+01 6.022710111106882636e+01 4.343695925827366011e+01 2.171416731633200214e+01 3.550014759121114594e+01 4.442036394117160825e+01 2.737306229752112685e+01 1.318250321789175139e+01 3.010989267430380423e+01 1.431218234926434008e+01 3.573629710914028124e+01 4.009253670857343366e+01 2.005955861716367394e+01 1.310007526103083642e+01 1.202160698129099536e+01 3.189403496470222166e+01 3.485853388864533287e+01 1.857844097236361947e+01 2.110306008872266759e+01 2.369738412368027625e+01 2.641599021801640035e+01 2.926042421982466735e+01 3.242904196370984238e+01 3.579746422200160794e+01 4.359138933401839466e+01
5.081304048347549951e-03 2.000508130404799090e+01 2.863129959797778668e+01 1.757554476855831282e+01 2.464661258221982365e+01 3.464661268285480844e+01 5.464676213127277293e+01 6.208812078120072186e+01 4.301753917236571567e+01 3.212777748676104750e+01 4.364493820379247779e+01 4.485020617327897696e+01 3.373619195349733246e+01 5.254533689029514676e+01 4.981099725067571171e+01 2.773068194452840984e+01 4.981099725067557671e+01 5.641070879074880651e+01 3.635283258046894161e+01 1.593757656989807714e+01 3.192281642405892228e+01 4.601551838071897294e+01 4.908048808633498794e+01 3.139425579634070829e+01 4.043514710952248947e+01 3.960144061364312051e+01 2.602295147459628311e+01 1.262425227565150010e+01 1.506995894651220347e+01 3.484709184033633989e+01 4.105630372936824557e+01 4.373379792937545574e+01 4.063625921458076107e+01 3.937923331363107593e+01 5.276256657864417576e+01 5.615797324396264401e+01 4.175490604275996276e+01
4.469920835086939326e-03 2.000446992083473319e+01 3.645156183274318096e+01 3.757559314062103084e+01 4.464668740706382266e+01 5.293159613082158188e+01 6.293198564621185653e+01 7.011959439228586177e+01 5.779002291199295627e+01 3.880475015023999674e+01 5.779002291199295627e+01 5.904006023284870253e+01 3.955589020518711862e+01 5.904006023284870253e+01 5.720351957829426937e+01 3.502595259320005283e+01 5.720351957829408462e+01 5.141879661255985212e+01 3.057526524602237927e+01 1.882112270891520822e+01 3.327444016165063800e+01 5.413643905097338660e+01 5.958383159987688771e+01 4.283026381855676590e+01 5.958377129707950104e+01 5.397960847434828935e+01 4.048148146696241412e+01 3.212467739509680342e+01 1.323377003311422051e+01 3.094315379903470031e+01 3.965929440050331323e+01 5.180118275787491200e+01 6.083943284557619080e+01 5.376526099150120075e+01 6.790971575403712279e+01 7.026603240281779961e+01 5.615012041718270552e+01
2.324776005098761877e-03 8.167290585282287907e+00 1.971429596907459825e+01 3.385643159280505188e+01 5.385643159280434134e+01 5.086345414579209745e+01 5.086345443832473734e+01 5.914707147660952558e+01 6.580538552418158815e+01 4.967288598492373097e+01 6.580538552418158815e+01 6.731773722976615204e+01 4.899684633726642602e+01 6.731773715012695902e+01 6.606382708543212345e+01 4.624891340063896195e+01 6.606382708521562108e+01 6.006246134245947133e+01 4.268267476072234956e+01 2.195435893054231613e+01 3.030728953826292127e+01 5.119971190047311893e+01 7.114208364315581434e+01 6.288121506631942026e+01 6.530173814677486632e+01 4.519656370792114330e+01 3.086323021901337427e+01 1.927591050734417877e+01 3.312750686520498533e+01 1.384306462964773665e+01 2.043936864787138319e+01 4.112511049340227487e+01 5.605576460007484485e+01 7.380419448181248754e+01 7.003043788300406902e+01 7.829468560898287421e+01 7.613355476243931719e+01
8.699724428260374037e-03 2.000869972442790612e+01 3.645156183274318096e+01 4.022475573591918874e+01 4.233871241891018400e+01 3.087120988082444484e+01 3.087120988111699660e+01 5.086345443832473734e+01 6.655069363771642088e+01 6.887823816036645042e+01 7.693516386140650809e+01 7.733776519990973952e+01 6.908327412844353432e+01 7.733776518404665978e+01 7.690095957475486443e+01 6.188688164889502019e+01 6.870616072948111253e+01 4.772311289246410126e+01 3.294138423880585265e+01 2.598951904886702735e+01 4.685596368914163889e+01 4.505993184597357981e+01 6.602245219416298028e+01 7.521136255198769049e+01 6.100080440040061092e+01 4.077858082518567073e+01 2.634345872006689859e+01 3.926352665167809164e+01 3.082058772451043538e+01 3.113306446605996669e+01 1.444893958355073771e+01 2.600103615634169429e+01 4.728962801296732721e+01 6.365954393325840499e+01 4.997670457532723276e+01 6.673391519367777391e+01 6.743121528654113206e+01
2.249585233037712084e-03 2.000224958523268270e+01 2.403065464633975523e+01 2.022474698546495375e+01 2.234479636247038314e+01 1.673175269061761483e+01 2.673154140985865723e+01 3.827083979699860095e+01 5.826665112404045033e+01 5.669092217149811574e+01 5.981343186214084540e+01 6.064788321271620930e+01 6.893207995346210737e+01 6.695670879863594394e+01 7.524096554855863417e+01 8.329824825822871048e+01 6.870616068625493256e+01 4.772311289246068355e+01 5.122237425055546822e+01 3.028180483842074722e+01 5.122237425055548954e+01 6.602245219416298028e+01 7.463754554223608295e+01 6.697846972363811346e+01 4.686317895661269262e+01 3.504750180115600244e+01 4.670153297974994189e+01 5.270971574545250604e+01 4.666093872535824261e+01 3.461897134250003916e+01 1.487526602614988391e+01 2.889627483416568410e+01 4.908056509048429916e+01 4.352411340374131044e+01 3.825900493969818683e+01 4.735399529290654641e+01 6.743121528654113206e+01
2.739267172789772273e-04 2.010349557235699081e+00 4.030654646340112279e+00 6.082611350510411796e+00 8.181414938548872584e+00 2.820088482611168601e+01 3.398368718048353543e+01 3.677166911397930704e+01 3.961745068712513529e+01 3.670353774489618104e+01 3.981961438036719159e+01 4.065092149777588304e+01 5.281520060638011671e+01 4.695759612073749878e+01 6.695670879863594394e+01 8.360085545797284112e+01 7.730904006008907459e+01 6.870616068625493256e+01 5.590871184904217728e+01 3.495077297995827337e+01 4.975952732309379911e+01 7.075415655186856156e+01 7.848504313176267999e+01 5.855507334012427378e+01 4.686317895661269262e+01 5.536490118446842956e+01 5.089758100054660872e+01 4.190626447979497016e+01 4.002820803632648961e+01 3.522218359226985740e+01 1.529942781063341251e+01 3.522675973493067403e+01 4.224794790283741719e+01 2.913138329754801248e+01 4.090021346639682065e+01 6.106213568267505565e+01 7.569664937799787197e+01
8.327778614586212741e-03 2.000832777861423040e+01 2.403065464633975523e+01 2.295203423874608717e+01 1.491197835448947195e+01 1.159826326003723551e+01 1.406684295050532008e+01 1.686149567584850573e+01 1.969697967510415282e+01 2.261591784243534065e+01 2.571097735329652423e+01 2.912016949391235343e+01 3.282240671502429308e+01 5.281520060638011671e+01 5.531674360813352109e+01 7.531657953552522144e+01 8.881792316215623373e+01 7.658259792596454929e+01 5.556785356538234311e+01 4.075946914000256527e+01 5.205764589784514840e+01 7.304399034290705117e+01 8.670249546982897471e+01 7.521136021953887507e+01 6.697846971694880835e+01 5.568211928078120820e+01 4.295524945651069260e+01 2.289945604597719608e+01 1.989738161739533240e+01 1.593250119984142366e+01 1.572596361031815881e+01 2.178817381994953450e+01 2.207045402889797359e+01 3.369330626872132228e+01 5.393381423458889401e+01 6.933974896782257247e+01 7.301704774112232599e+01
6.510866554257996840e-03 1.155351625034667329e+01 3.155351625034631624e+01 4.085989590565392149e+01 2.320732758492388470e+01 2.568931354209867024e+01 3.398368718048353543e+01 2.218616781589882692e+01 3.961745068712513529e+01 3.670353774489618104e+01 3.567980325874230374e+01 4.910263198362076054e+01 5.281520060638011671e+01 3.898857290946421017e+01 4.898690981925232535e+01 6.053367087120294343e+01 8.053364355952356846e+01 7.658259792596358295e+01 5.556785356538233600e+01 5.010065963090804075e+01 7.036392194757516449e+01 8.163383573367302404e+01 8.456394586117829704e+01 7.042768944297291966e+01 6.037501776213041893e+01 4.736671013941689523e+01 2.715087308050228287e+01 4.295524945651008863e+01 4.002827389806698477e+01 3.128239443815471077e+01 3.566529173139808506e+01 1.632457111693966922e+01 3.629108463818662500e+01 5.056917002561892360e+01 6.222980524898054000e+01 6.679758756381002627e+01 5.235925480297580492e+01
8.953482861371391335e-03 2.000895348286101694e+01 3.983778749780199746e+01 5.207013461864826098e+01 3.502186027802000723e+01 4.563781084833959056e+01 4.814240475859898538e+01 2.817754015668167966e+01 4.814240475860781743e+01 5.669092217149811574e+01 5.567153261920280727e+01 5.567153261920281437e+01 6.605772798754938435e+01 4.605807221996344225e+01 5.163596879653715632e+01 6.318277585557725473e+01 8.318275407490860118e+01 8.515999032848822026e+01 7.658259792596352611e+01 6.223687549331403801e+01 7.973518017730904717e+01 8.086000172377822537e+01 7.191701450146744889e+01 5.629141981152795182e+01 4.199443339829788613e+01 3.182964524820128460e+01 4.736671013941689523e+01 5.568211927475789480e+01 5.971708249639483057e+01 4.740255408165160134e+01 2.065809730344885509e+01 1.674935938657664991e+01 3.673776984896031905e+01 5.379382367931328446e+01 6.177093371364020413e+01 5.840978226963930098e+01 3.572388256286842534e+01
