LEM/sinusoidal_perturbations/elevation_000678.asc
nrows	100
cellsize	150.0
xllcorner	0
ncols	100
yllcorner	0
NODATA_value	-9999
[rows 34 to 50 of 100, columns 0 to 36 of 100]
2.064481644892168701e-03 1.000206448164497886e+01 2.414420010537618211e+01 4.414420010537688910e+01 4.322398301854859426e+01 5.078327247874211992e+01 5.906754374427151788e+01 7.061454914054540666e+01 6.875535862741749327e+01 6.071606462714740360e+01 6.004229637393017782e+01 4.120117096978429316e+01 6.004229637393017782e+01 6.786465494390191111e+01 5.075267549753726826e+01 5.252185714032333408e+01 7.365817098962665455e+01 8.082245021831444376e+01 8.921089410494381866e+01 9.362731551394351470e+01 8.539542848540405373e+01 8.794345460899930345e+01 9.619332190677022254e+01 1.089499202365932149e+02 1.007833617295047191e+02 9.446763836715966534e+01 7.635533104433010010e+01 6.253963561645418423e+01 6.242132007615575162e+01 5.601467948253136342e+01 4.730728123017409814e+01 2.672810693047788888e+01 4.133989417927568866e+01 6.169365111932371804e+01 6.772891752625736217e+01 5.923998252616043203e+01 6.776911306920072775e+01
2.905961989428186391e-03 2.000290596198907167e+01 2.863191480777261688e+01 3.379589260272090456e+01 2.322398301853400682e+01 3.078327247871868622e+01 4.233027786251160762e+01 6.233027786256712943e+01 5.752872093512783636e+01 4.125582475421094131e+01 5.338095263286855641e+01 3.425162289009356442e+01 5.338095263286855641e+01 5.941171357296829569e+01 3.885375769936645440e+01 5.941171357296829569e+01 7.058231958168303777e+01 6.045344900749676498e+01 7.747071630580259693e+01 8.132399260923766349e+01 8.971380761691484906e+01 8.485856821636083680e+01 9.079644978267086231e+01 9.130490695439920046e+01 9.966814568773764904e+01 9.500247140323033079e+01 8.306577061945876039e+01 7.386304321906993664e+01 6.530175223225053571e+01 5.850259727373907026e+01 4.894156080261477371e+01 2.846806390034382162e+01 4.894084280669449072e+01 5.429122821248286357e+01 6.275586360859311696e+01 6.936349580442896468e+01 6.936349580442896468e+01
3.542675937824442140e-03 4.267557003050051811e+00 8.631914807769938136e+00 1.379589260271320583e+01 2.534289798650592473e+01 4.534289798652417858e+01 5.906754374427151788e+01 5.872833343736044043e+01 4.883397615053321061e+01 2.984412494599924415e+01 4.001947134935471695e+01 2.825337338331839732e+01 4.761157676172070552e+01 5.332314179433355861e+01 3.291286976149748966e+01 5.332631663561345192e+01 5.025053235296107346e+01 4.873397655553240782e+01 6.468174494831505683e+01 6.094148508043255674e+01 7.884276586330032899e+01 6.444573817218596901e+01 7.042451680143088311e+01 7.091978818297600640e+01 9.130490695439920046e+01 8.637264074902752498e+01 6.576364527071004318e+01 5.396419134858948752e+01 4.490428738587256419e+01 3.824329730842784159e+01 3.211459276803184792e+01 4.894156084378555249e+01 3.178442129178614550e+01 3.410275316134693213e+01 5.430179641563609749e+01 4.891465058998516469e+01 6.333134674985725354e+01
3.411803931810562015e-03 2.000341180393145635e+01 2.863191480777261688e+01 2.496184642632400141e+01 4.208016375922422725e+01 5.362716924889839731e+01 5.286845757228048370e+01 3.872656224108986578e+01 4.098537798207420479e+01 2.091775795224634749e+01 2.040934224169570044e+01 3.667109491768022167e+01 3.824052457045743836e+01 4.064327797604933323e+01 2.765656046543701763e+01 4.609400051020999456e+01 3.598242369653731032e+01 5.231957571462452705e+01 4.436907387213984322e+01 5.923405176925950144e+01 6.321492507816578410e+01 5.003271159705270321e+01 5.644337226821843956e+01 6.826434356397980707e+01 8.867393343411181661e+01 9.332537577730970213e+01 7.264787840832372012e+01 7.264787840832372012e+01 6.530175223225053571e+01 5.506968923928899073e+01 3.487010167605616573e+01 5.506968923928899073e+01 5.207550475311517602e+01 5.430179641563609749e+01 3.735717376353373709e+01 5.755734951525285226e+01 6.672231196430286104e+01
3.327314952832964925e-03 1.414546293868365723e+01 3.414546293868294669e+01 4.496184642576509560e+01 5.324611726026809322e+01 5.269342177915008563e+01 4.457814807860065542e+01 2.457060445403110904e+01 3.192664952429676717e+01 1.382342290233693838e+01 1.522295816314429473e+01 1.668616991284445206e+01 1.816517461515239518e+01 2.051658615220048887e+01 2.322246539135570487e+01 2.595197065031346639e+01 2.900989740552216389e+01 3.214027361803660199e+01 3.539028277728844074e+01 3.898738075712566342e+01 4.291637439421835154e+01 6.321492475406703448e+01 7.689044993457062560e+01 8.529390722819432824e+01 9.704266765195953326e+01 9.226469626617200959e+01 7.264787840832372012e+01 5.213177451051076616e+01 4.651138764977443429e+01 4.118023477182558167e+01 3.830918117020971181e+01 4.988783339659271121e+01 7.035692624110915006e+01 6.608193026216439137e+01 5.755734951525285226e+01 4.076160342107869639e+01 4.627202908603536002e+01
6.779948344387334673e-03 1.414891557207546313e+01 3.414891557207617012e+01 4.560919563981759950e+01 3.732388073497265424e+01 3.268917451837031507e+01 3.823268764905751738e+01 2.979546009144322838e+01 1.189109749798091897e+01 3.192664952429676006e+01 3.564699399534139701e+01 3.088229716235147393e+01 3.827374093272253930e+01 2.088588556601863289e+01 4.099742551762459186e+01 4.609400051019635924e+01 4.916805756965253238e+01 5.231957571462452705e+01 5.559764230430589294e+01 5.062470376582235332e+01 6.321492507670166106e+01 5.459005636598190137e+01 6.637351625971105307e+01 8.677622278964413738e+01 9.831624899228860670e+01 7.756275021608034592e+01 6.307448337147871342e+01 7.264787840832372012e+01 5.548125197991815583e+01 6.149321879949445702e+01 4.190606967447637032e+01 6.225411840814094688e+01 7.893534665236477110e+01 7.558310253418120794e+01 5.505181902787639814e+01 6.106529274040953226e+01 4.479113889687731387e+01
9.516927588586143695e-04 1.498034601889850848e+01 3.431566190331185595e+01 3.181658928457195401e+01 1.731281658541053758e+01 1.853532709227043540e+01 2.823049399063603104e+01 1.000558447709443399e+01 3.003091423022448225e+01 4.021392495265570233e+01 4.936496601402376427e+01 5.106327294769239700e+01 4.937950792696242530e+01 3.507888326566926196e+01 2.366736257925126452e+01 4.378760011762892645e+01 4.870272538738786494e+01 5.709621946873178899e+01 6.839600969580712331e+01 7.099464012840248017e+01 7.940750633642258549e+01 7.499671456405957315e+01 8.340313672927410948e+01 9.515189018871554083e+01 9.998813144666301866e+01 9.226469626617200959e+01 7.756275021608034592e+01 7.600739063185254452e+01 7.600739063185254452e+01 6.652418411158174649e+01 4.604566840440405429e+01 5.470711572166970882e+01 7.524069286467475592e+01 8.415980314295205744e+01 7.558310253418120794e+01 6.861427582673535142e+01 4.808433673405941278e+01
1.945935296826602993e-03 2.000194593529647236e+01 3.067978776207286273e+01 9.835283410731946674e+00 5.769927078054881697e+00 6.988906446779940218e+00 8.217666708588712510e+00 2.823049388896835765e+01 1.633912445913117040e+01 2.106647039086528750e+01 4.108034399898023992e+01 5.692542924911182922e+01 6.368013334754004973e+01 5.211902908926889921e+01 3.786193538291932015e+01 2.651564094097779289e+01 2.855997902735783711e+01 4.870536334387571742e+01 4.809148806636402895e+01 6.839600969580712331e+01 7.038562983326568201e+01 7.038562983326568201e+01 9.070792392355295419e+01 9.400070133422060792e+01 7.971599035885783735e+01 9.400070133422060792e+01 9.831624899228860670e+01 9.672739534748534140e+01 9.149473338429304192e+01 7.100662328833143988e+01 5.046550646284018171e+01 7.100662328833143988e+01 7.144608528548897652e+01 9.212476036614896202e+01 9.041073372907204941e+01 7.213970280163549376e+01 5.158310770220259656e+01
5.600688922766023682e-03 2.000560068892241006e+01 2.236183436936999058e+01 4.057201379520158468e+00 2.406306594249140218e+01 2.699379745276761966e+01 1.398275777671765319e+01 3.363311160625765694e+01 3.636302875262052225e+01 4.108034399898023992e+01 2.863677631463625772e+01 4.864136953223324156e+01 6.761581639353953221e+01 6.635185554403483366e+01 5.500482505302371550e+01 4.664928237441935011e+01 3.564053405400365193e+01 3.164941541510009060e+01 5.181743720853994972e+01 5.751549591152114260e+01 5.003616134121178760e+01 7.038562983326568201e+01 8.225469117243541461e+01 7.386141393042983339e+01 6.522896159377185654e+01 8.565356307322784346e+01 9.907686691140600033e+01 9.753556199482245859e+01 7.680321733252972649e+01 6.231794358076142970e+01 5.640664766051694556e+01 7.693169372297690245e+01 9.212476036614896202e+01 9.644798630256174476e+01 7.575434133649220314e+01 6.129013109861367781e+01 5.599118679494943507e+01
8.215197286175309616e-03 1.182599652175806870e+00 2.358810660551013960e+00 1.048317546823217583e+01 3.025591597737350824e+01 4.183814069199969765e+01 3.363311161094110702e+01 2.385995591464489607e+01 4.340626730705169223e+01 5.692542924911182922e+01 4.018832654016722472e+01 3.933171059038198791e+01 5.087952808755763101e+01 7.087815871447075722e+01 6.757886183341821607e+01 4.726087246860987534e+01 5.582986428242049470e+01 4.168042151608968737e+01 3.491822603881090714e+01 3.729369408647544049e+01 5.751549591152114260e+01 6.423262350292525014e+01 6.808122020220557147e+01 5.342534301260867835e+01 5.850805594619009753e+01 7.036177060613331946e+01 9.075082729030619078e+01 1.050760981424766527e+02 9.149473338429304192e+01 8.287558049421858186e+01 6.478151672648944270e+01 7.088804761559133283e+01 9.152234612161015548e+01 9.644798630256174476e+01 7.575434133649218893e+01 8.181536961958717313e+01 6.517333652785772813e+01
2.613274238814250559e-03 2.000261327423845970e+01 1.157496003078536440e+01 2.886482411276677951e+01 2.443577261394062106e+01 4.431009238067324674e+01 5.167074203994047110e+01 3.356775847844612315e+01 5.167074203994047110e+01 6.847232207279431293e+01 6.018844099867745712e+01 5.933194393859854188e+01 6.761581639353953221e+01 7.916214736228876347e+01 7.595809947215434477e+01 5.897420159081933377e+01 6.193740212194295225e+01 6.194322008702717852e+01 4.652706424666655494e+01 4.397682123071015070e+01 4.114674800016728540e+01 4.392447754330023457e+01 4.771636066840864743e+01 6.808122019983983364e+01 7.897919992517647358e+01 6.726142398310736326e+01 7.646090513312509529e+01 8.825642039157976626e+01 1.084102867956232217e+02 9.394701481120105768e+01 7.496529269648280547e+01 9.152234612161015548e+01 1.001672738365529653e+02 1.050671261216519525e+02 9.644798630256174476e+01 8.187808383243321941e+01 8.569150563543618659e+01
7.532853315450405325e-03 2.000753285331509446e+01 3.038540093289093846e+01 3.918701056636364655e+01 4.430983079971390026e+01 5.264363158095150652e+01 6.157159251217750295e+01 5.324477613565725420e+01 6.157159251217750295e+01 7.573842411906031202e+01 6.738695337125292895e+01 7.000848879928132362e+01 7.835682000251047441e+01 8.099069039871770315e+01 8.767525577894822675e+01 7.933304631574229404e+01 8.219765326271951267e+01 7.524695476169335961e+01 6.684778058517170507e+01 5.110276494702741701e+01 6.141639036632899007e+01 6.423262350292525014e+01 5.013268857903674558e+01 6.454986030713661194e+01 8.495434929495442589e+01 8.768995468438741625e+01 8.176018730932668177e+01 1.020056795029766761e+02 1.166799593182042969e+02 1.043284633566842246e+02 9.566285911842430778e+01 1.043284633566842246e+02 9.807221872053311529e+01 1.064999918704994570e+02 1.112760929207743601e+02 1.026592868328036587e+02 1.029582528967408308e+02
6.101047412966256744e-03 2.000610104741260997e+01 3.731228112332742342e+01 4.910382299987311683e+01 5.293849773302181916e+01 4.471538265203727036e+01 5.293849773302181916e+01 5.927266000492966924e+01 6.763937590175122239e+01 6.406160886633466589e+01 4.713618492913459335e+01 4.976639464143082137e+01 7.000848877945448123e+01 6.079015116549262387e+01 6.932790360313059352e+01 6.782015623599849619e+01 7.616857518200691857e+01 8.812498746355521462e+01 6.775669382510416483e+01 6.286816836400705455e+01 7.989014766314409144e+01 7.534512928419900391e+01 5.490013009978682845e+01 7.534512928419900391e+01 9.241595105222548057e+01 1.025476664483609568e+02 1.020056795029766761e+02 1.102941718566510332e+02 1.164772885894083885e+02 9.959534585302981213e+01 9.118538192588623303e+01 9.482526802511445396e+01 7.790287556140275171e+01 9.482526802511445396e+01 1.064999918704994570e+02 1.021737120208979377e+02 9.377573629474100869e+01
6.842009524227352091e-03 8.951627478358082257e+00 2.051400154269792964e+01 4.067735636966914115e+01 4.014965051073080105e+01 2.493658581819489228e+01 4.294147183300839288e+01 3.934299047155680285e+01 5.495258686938988291e+01 4.655465036059062101e+01 3.525635073844664191e+01 5.569516675989911647e+01 6.340308544044731320e+01 4.651153859787712008e+01 4.913171282364403680e+01 4.762408641015368715e+01 6.190452876808399907e+01 8.210174429898442838e+01 8.812498746355521462e+01 8.327792224668752397e+01 9.163357626201455730e+01 8.373294805348739089e+01 6.671732867315341764e+01 6.361768805073718624e+01 7.389084779792334245e+01 9.423529024850195412e+01 1.046098105134670817e+02 9.618743531156033555e+01 9.618743531155682547e+01 9.118538192588607671e+01 7.107424796439009640e+01 7.696466272436111922e+01 6.635385467420931604e+01 7.790287556140275171e+01 9.807221872053311529e+01 9.212329228487044475e+01 7.374683222443363206e+01
1.934550753332892102e-03 2.000193455075297777e+01 2.321749055540456297e+01 2.483126503447569888e+01 2.053557708489730871e+01 1.495731145102535464e+01 2.311287713417511469e+01 4.300014746347052608e+01 4.655054299020969211e+01 2.574735125640394884e+01 3.917759565670698407e+01 4.141123154250397675e+01 4.370041441624181999e+01 3.491617873206429579e+01 3.491617873206429579e+01 4.913171282364415760e+01 6.932790360479002345e+01 7.763714754996392742e+01 7.415207183405485125e+01 8.249486010148503112e+01 9.258547535626499325e+01 9.547198895746517167e+01 8.713092409773103952e+01 7.389084779792334245e+01 9.241595105222548057e+01 1.025476664483609568e+02 9.618743531155848814e+01 7.602898663255663791e+01 8.454894954029077780e+01 9.118538192588326297e+01 7.107424796439009640e+01 5.703078056900201886e+01 7.696466272436111922e+01 8.010418163398223612e+01 8.848101295958529988e+01 8.376128425958735590e+01 6.380057370406233019e+01
4.364784840791047053e-03 1.595479353192249539e+00 3.191653122127497078e+00 4.803299050178264196e+00 6.430875967720589337e+00 2.646099251382311124e+01 3.064270957821787889e+01 3.243676142006735574e+01 3.430565242082814592e+01 2.046130913216702751e+01 1.936936899379173482e+01 2.153666833752514975e+01 2.374378072203635170e+01 2.601854602604518618e+01 4.604424523452317430e+01 5.823002979756875419e+01 5.937456128133967326e+01 5.741278069596549471e+01 5.391772892229549541e+01 6.404490546431601672e+01 7.835946062931812151e+01 9.850256123907713857e+01 1.025476664504389817e+02 9.423529024850402891e+01 1.025476664504389817e+02 1.037554154673852906e+02 8.354989145182469201e+01 7.197089675316223634e+01 6.449281888617656477e+01 8.454894954029316523e+01 7.226620164188496176e+01 5.241019640963343562e+01 6.598718146527143347e+01 6.013975135187496335e+01 8.010416173001237894e+01 7.710771407441235681e+01 5.722759506338886126e+01
5.219006137575642711e-03 7.075776061246485504e+00 2.312623673093320420e+01 2.483126292710097260e+01 2.646138957510503786e+01 8.865198445541265571e+00 1.060597500514825064e+01 1.239482938734102824e+01 1.426800101136130294e+01 1.630186282997215486e+01 3.623681335601401088e+01 4.141008270836911009e+01 4.370041442534520115e+01 4.604424523452317430e+01 2.978675130566247375e+01 4.987490603969922631e+01 3.920331738232092533e+01 4.313506855579498733e+01 6.333636060229756026e+01 7.708964790920784083e+01 8.423972732298678068e+01 9.256462116447130484e+01 1.041845389433105424e+02 1.099688135809499414e+02 1.110870151687715151e+02 1.121965999723131802e+02 9.208973574339107415e+01 7.197089654893014199e+01 5.791481575083394517e+01 7.081066126280160233e+01 6.706278305439077769e+01 6.350566432530913374e+01 4.618983688599480075e+01 6.013974884235611995e+01 8.010355047450215693e+01 7.111363266103263925e+01 5.130623154398979580e+01
