LEM/sinusoidal_perturbations/elevation_000835.asc
nrows	100
cellsize	150.0
xllcorner	0
ncols	100
yllcorner	0
NODATA_value	-9999
[rows 68 to 84 of 100, columns 0 to 36 of 100]
5.009162696260268353e-03 1.981418858280101247e+01 1.135118119171505402e+00 6.664256028208440874e+00 2.676748578499554654e+01 4.249807180932009487e+01 5.400333506596038546e+01 4.656974180959340259e+01 4.007535741198859824e+01 2.180137364545648637e+01 1.398918561568741481e+01 2.133280034366872613e+01 4.699182028841202730e+00 2.643955438422596416e+01 4.216191936838101384e+01 5.329180955852104518e+01 5.806652637605367318e+01 3.897824425413299565e+01 2.452528948903123407e+01 1.680800043812461553e+01 9.720667886669955848e+00 2.415473582603800651e+01 3.671220998158575810e+01 3.664232907310209697e+01 5.574020601768724958e+01 5.851843549161218760e+01 4.231300108592927245e+01 5.414795432956905330e+01 6.223219434516987292e+01 7.191558427129467645e+01 8.578290001568986156e+01 8.699810964834473737e+01 9.522670245236024300e+01 9.732308156548211286e+01 8.577636301386431228e+01 7.747421207527422382e+01 7.250477396616462045e+01
4.695337527364121070e-03 3.170809594353244387e-01 6.302346042869300113e-01 2.036924544799464698e+01 2.901956387657602576e+01 4.158079121413644685e+01 4.662552849103536090e+01 2.803287049708209366e+01 3.319841664166709450e+01 3.042965291352634338e+01 2.203450011506748396e+01 4.248046997799174385e+00 7.475855758377305094e+00 1.313824727011953364e+01 2.684454759358608911e+01 4.961397754807808269e+01 5.821310918440747884e+01 3.898912645349584949e+01 4.399258413048035976e+01 3.075070259083034685e+01 1.006535896650106210e+01 2.067125501677838884e+01 2.973610296207707293e+01 3.965660786592975029e+01 4.257118045093867664e+01 4.562906996465358844e+01 3.116340007974678628e+01 3.493780789300745226e+01 4.452644004154956292e+01 5.804826874282981919e+01 7.089276625866583004e+01 6.727317293362732187e+01 8.653725160428362528e+01 8.899618065353820384e+01 6.903954576410453114e+01 5.766003523804017306e+01 6.603449281379180036e+01
7.614146464036155443e-03 2.000756150206211714e+01 2.055901535628710874e+01 1.073096678553745686e+00 1.505592279012456913e+01 2.822296579660749316e+01 3.465838345060479497e+01 3.322564749690731389e+01 1.405832202270588560e+01 2.245525806189750284e+01 3.797569518758355578e+00 9.794179933190498843e+00 2.754123911811209879e+01 3.431976294497157198e+01 2.792899443137071458e+01 4.977253290721382939e+01 6.594798705999635047e+01 5.814961494685118737e+01 4.303747155900691013e+01 1.878178471075258216e+01 1.040913889626029309e+01 3.072802869061551689e+01 1.761370722173213821e+01 2.042335789862042361e+01 2.327913555418331626e+01 2.628928912081519442e+01 4.562906996465358134e+01 5.414795432956904619e+01 4.119758908858432278e+01 4.626889707579094591e+01 5.148436905303219646e+01 5.866366271320755033e+01 6.995730294950730865e+01 8.975188548534579525e+01 7.747421483439745771e+01 5.766003523806126196e+01 4.630635761278279716e+01
2.352828262072654761e-03 2.000230675156540627e+01 2.905035476620290069e+01 2.008025223716088092e+01 1.516238802548337317e+00 2.150869737484692124e+01 1.599624871185232244e+01 2.067758959595480661e+01 2.290159403608564403e+01 3.347215732548567413e+00 2.334697794039137975e+01 2.841340250537102463e+01 3.683477354318765862e+01 4.693262588048963124e+01 4.977266323829732642e+01 5.868027806113500588e+01 7.039788292393545532e+01 5.841517963736630037e+01 4.025044035515283980e+01 1.900426600857939974e+01 1.075391136039975670e+01 1.357051304808597614e+01 3.512027004447045186e+01 3.400965625516612789e+01 3.691732873022108663e+01 3.748508221577742461e+01 4.562903995506388810e+01 6.498453815266123001e+01 6.036752712997863313e+01 5.679023587100840587e+01 7.089276625866583004e+01 7.832347795823756087e+01 8.653725160428362528e+01 9.797571511604014916e+01 8.577649765273808669e+01 7.429799190769385575e+01 6.603449281379180036e+01
6.786455232800275850e-03 3.598608067586587467e+00 2.354987705900515138e+01 2.418926917105130769e+01 5.743176723090156699e+00 1.959804390042497735e+00 2.273628784193201469e+00 2.587646825025827990e+00 2.901914945547551916e+00 2.206133596908998129e+01 6.535608622352785169e+00 9.126962736452220781e+00 2.907648033690549738e+01 2.696468379028580031e+01 4.108395229096027634e+01 6.105257458593754194e+01 6.234889677660002150e+01 4.113941894213946426e+01 2.808942568698537912e+01 1.884916482047859176e+01 1.110376326746085773e+01 2.694348340249912965e+01 4.228426255263959632e+01 5.331068283126516150e+01 5.622073574296213394e+01 5.675387728324515990e+01 6.485475207658353725e+01 6.313800946959991478e+01 7.140899629204771770e+01 7.628442951768107605e+01 8.448446390295771380e+01 9.179898316863103958e+01 9.949941119293528402e+01 9.738525883373276315e+01 7.738957490979890963e+01 7.738957462399764609e+01 6.993016042333464100e+01
3.257643153035955173e-03 2.000325764315267918e+01 8.844104376371120679e+00 2.870249211159935854e+01 2.419642767532036487e+01 1.608902781159487816e+01 2.210107837471618808e+01 5.050388038899737531e+00 4.755669977047606523e+00 2.418119424795060013e+01 2.650974769427877931e+01 1.338773772830585251e+01 1.286475939292003190e+01 3.281315830279458368e+01 4.507638465411415751e+01 5.400714332756307101e+01 6.553452658917713336e+01 5.334912162758467957e+01 3.875308114839070583e+01 2.246633217936380333e+01 1.145610247980053309e+01 3.052678927901982675e+01 4.382582829123801105e+01 3.678313091006713620e+01 4.510682808386877696e+01 6.250427309499993811e+01 5.424372691035623006e+01 4.324978905604024249e+01 5.991304807713004266e+01 6.986759315378709800e+01 8.843164934730702953e+01 7.238904207601855489e+01 8.843164934730702953e+01 9.150602507603471736e+01 7.154234979838075503e+01 5.765382065032563474e+01 5.029240458503726785e+01
1.880098487986705483e-03 2.000188009848763215e+01 2.870249211160252401e+01 1.436518301691685018e+01 3.410202809341483032e+01 3.589432617109689261e+01 3.254816445604355124e+01 2.947968318629958873e+01 1.029182454467602525e+01 3.026179272060349490e+01 3.835344246159891668e+01 1.837770724179945248e+01 3.281315830132032119e+01 1.684302173168827466e+01 2.576560455889042700e+01 3.729832006552798163e+01 5.726519048543259061e+01 4.508043714633082999e+01 2.482166684820811398e+01 1.424335171290932678e+01 1.181007019977720773e+01 3.225158918037914901e+01 3.311007578117973793e+01 1.471314958976625498e+01 3.678234523326148064e+01 5.098460050910212971e+01 3.432909270272571689e+01 3.173321958505342621e+01 4.171188784446163567e+01 6.159919227579567291e+01 8.059264845385649778e+01 6.024845346785721034e+01 8.059264845385649778e+01 8.453363448643733591e+01 7.605537312921902071e+01 7.738957462358008854e+01 6.067283354296694142e+01
2.900726248362994839e-03 2.000290014177194209e+01 3.555772219311570126e+01 3.410440976779261746e+01 2.020044232712915999e+01 3.979646474179553906e+01 5.268135052106740801e+01 3.735298856025271874e+01 1.730951137957212183e+01 3.735298815017850416e+01 4.369187899218062654e+01 2.371664484789032201e+01 4.369187899929907104e+01 3.680569317663307061e+01 2.119139398865617707e+01 4.116407414476014281e+01 5.401641813673126080e+01 5.335227593283298830e+01 4.325503335836044272e+01 3.454966977016297847e+01 1.311590950206341333e+01 1.231543951253980218e+01 1.267468049590560319e+01 1.303645192315975976e+01 3.347247928164109254e+01 3.585272838410095630e+01 2.264995769388717406e+01 4.274600748976782683e+01 5.991304807713004266e+01 6.986759315378709800e+01 7.339988933766566959e+01 5.239430165775516457e+01 7.339988933766564116e+01 7.292054436241167537e+01 5.608748930554782675e+01 6.712419342685696222e+01 6.889088254953479407e+01
5.081304048347549951e-03 7.080283485408736865e+00 2.184842902789641172e+01 4.385795259178513561e+01 3.979646474179553906e+01 2.640690528164911655e+01 4.587094907537688471e+01 4.573563731839404056e+01 2.886320213172415095e+01 4.573478806247418760e+01 4.970467121973317859e+01 2.974314357227006056e+01 4.971384379253171915e+01 4.943357967995698488e+01 4.116389872410982775e+01 2.577201421067240261e+01 3.989864444514117992e+01 5.986514948088692023e+01 5.731886653465578263e+01 4.013613302146242034e+01 1.984211599368548207e+01 3.276455089163993506e+01 3.186964969103954459e+01 3.346213426074037045e+01 1.355538381263954761e+01 1.491016720705090925e+01 3.585291391106640901e+01 5.100180386634302465e+01 6.014944321134365879e+01 6.841640298602685277e+01 6.706646635264974066e+01 4.552020308313470309e+01 6.706646635264974066e+01 6.452691002848456492e+01 4.464601835073975167e+01 4.721839993887577691e+01 6.137751746152898846e+01
4.469920835086939326e-03 2.000446873997839958e+01 2.130477212069327209e+01 3.558074892894874353e+01 5.397756490126518969e+01 4.587094907537688471e+01 3.327532192244638765e+01 5.258377142086198575e+01 4.898458518729349720e+01 5.746003654191050458e+01 5.677186432726121268e+01 3.680876759996298375e+01 5.677186432726121268e+01 6.268182701291281944e+01 4.917181086460102790e+01 2.919933042333381579e+01 4.917183210740653720e+01 6.056223724750778103e+01 4.064200355521587937e+01 2.910399838487585100e+01 4.013613302174672981e+01 4.817820430015333244e+01 3.975801079043870345e+01 1.978248878010918688e+01 3.400528501743662702e+01 1.408507996806785023e+01 3.451866858648445913e+01 4.591466859644574328e+01 4.012081467860653561e+01 6.014944321134365879e+01 6.130798527266710352e+01 3.943603442583880536e+01 6.117681657320704147e+01 6.742720585093265129e+01 5.304867186655371825e+01 3.317493011289896288e+01 5.262834644664571471e+01
2.324776005098761877e-03 1.414446039973617353e+01 3.414446039973687874e+01 4.981063081748906285e+01 6.404051270602933243e+01 6.065652951207817267e+01 4.689037912223932381e+01 4.145154200491873553e+01 5.492806015519426666e+01 7.417053247709785069e+01 6.503465389985882439e+01 4.833597055267205889e+01 6.503465361984190451e+01 5.441519031095021575e+01 3.444908779199954552e+01 4.917183210688375539e+01 5.744110109057277924e+01 6.882322665538471540e+01 5.731887000344396910e+01 4.064200356119204827e+01 5.731887000344396910e+01 4.604527615954169306e+01 2.606385121578351871e+01 3.845950622310743938e+01 1.890459372420960094e+01 1.446335274330268916e+01 2.003310828298751289e+01 2.571149468195207533e+01 4.598700232923668807e+01 5.750617769667037749e+01 4.893425408813948962e+01 3.419857675032393729e+01 5.600614205269521051e+01 5.898651603556323408e+01 3.877572227796267157e+01 2.733060997985856844e+01 4.022813997470817782e+01
8.699724428260374037e-03 1.155570510822087726e+01 2.569784073195208052e+01 4.569784073195278751e+01 5.333499820004315239e+01 6.264999677993403537e+01 6.606955519444683489e+01 5.985537917516587925e+01 5.151119520447897315e+01 7.039779577987771120e+01 7.655504128467133285e+01 6.829550952697695720e+01 6.106817183849156550e+01 4.110922726326882071e+01 5.441519031347029056e+01 4.512422090192084312e+01 5.664459050532346396e+01 7.661316453922295011e+01 6.882420765024690468e+01 6.056228909476958933e+01 5.268875866578571987e+01 3.275831114683458622e+01 4.604527615954169306e+01 4.760264398487088044e+01 3.842062419012092533e+01 2.195621661248246070e+01 1.501217238810085952e+01 3.538450212472045564e+01 4.414912248026394082e+01 4.893419124881212667e+01 2.789108878278374704e+01 4.533690745792664956e+01 5.370753691625083093e+01 5.716517360251801705e+01 4.483154443292017532e+01 2.946753014803748272e+01 2.026607961745341413e+01
2.249585233037712084e-03 2.000224958523268270e+01 3.050047804975541510e+01 3.526346706630161520e+01 3.209821861865631831e+01 4.918010066179960660e+01 5.790731251816198721e+01 7.025459774397234014e+01 6.816661136738069615e+01 6.478794898140323255e+01 8.394116400359000352e+01 7.369486796294421538e+01 5.373030842489864511e+01 6.106817183849156550e+01 5.003476186816810412e+01 5.923482466315125805e+01 7.335426145969465495e+01 8.488222970419153057e+01 7.426894924881507620e+01 5.437731407018097229e+01 4.032146344635048507e+01 5.268875866578571987e+01 6.094344906948143858e+01 4.837348049584818455e+01 3.232578144004553167e+01 1.873101880032171351e+01 3.408712184636975451e+01 1.558771600549389902e+01 3.589289989618815468e+01 4.121947515199565970e+01 2.445116639161375005e+01 3.045263800801214771e+01 4.575435331243257053e+01 4.635717709841917866e+01 3.052613448011949515e+01 1.971276722202176046e+01 3.963366198225920556e+01
2.739267172789772273e-04 2.000027392671692539e+01 1.028110465142406937e+01 1.531690155855951652e+01 2.144244702978056694e+01 2.830510018363847635e+01 3.907111190676189949e+01 5.660914899473921480e+01 8.080130727496356258e+01 8.394116400359000352e+01 9.201787552801864933e+01 8.196463712738540153e+01 6.784253416731662867e+01 7.665003376607538144e+01 5.668309649848426801e+01 7.665003376607539565e+01 8.747369800320943511e+01 8.802632580823275532e+01 6.908849581176988863e+01 4.922090507781379642e+01 6.020343912571575373e+01 5.705751760933648598e+01 4.880324662344269626e+01 4.231395186595023006e+01 2.230345694341191987e+01 3.880057389142716318e+01 4.211035751456049070e+01 2.075944446764845353e+01 1.618112302932657087e+01 2.510762653326856153e+01 2.095303771215431965e+01 3.746678473886726124e+01 3.816964482349094112e+01 3.856265254244384266e+01 1.914416488447417208e+01 3.911161993712678253e+01 2.416278225583141648e+01
8.327778614586212741e-03 4.091643252029859568e+00 2.349583152925692531e+01 2.638715876201974453e+01 4.116733525268863048e+01 4.918010066179960660e+01 5.790731251816019665e+01 6.218804206264014312e+01 7.047775443282142760e+01 6.809683233155415394e+01 7.638699791511839976e+01 8.484600691574893006e+01 8.782365158388276427e+01 8.492074582359379065e+01 6.665764018486085263e+01 8.492074582359379065e+01 9.127048477011474859e+01 7.128578096248571683e+01 5.981955644606208011e+01 6.908849581176988863e+01 6.121464119563169959e+01 4.880324662349331533e+01 2.879577966298479552e+01 2.598149247811725715e+01 3.640280345709891208e+01 5.043646304392208890e+01 5.468362610381178968e+01 4.001298599277981793e+01 2.995980636137430508e+01 1.678286137022485747e+01 1.723191770981500071e+01 1.767980326684828896e+01 1.812101474911661469e+01 1.855297023678258128e+01 3.850899229042457961e+01 4.722333170933832491e+01 2.743621181701962186e+01
6.510866554257996840e-03 2.000651086655390287e+01 3.246595424114799755e+01 4.583146776662685795e+01 5.454125641984403217e+01 5.942712263284236940e+01 5.892611223569674195e+01 4.218212535878308245e+01 5.892611223570374790e+01 4.808867181028720950e+01 5.654511546861142790e+01 7.513823329661532568e+01 8.342843184485357710e+01 9.490916996779800741e+01 8.664242734728983919e+01 9.490916996779826320e+01 9.957559335503405862e+01 8.802632580823275532e+01 7.973231064710510907e+01 6.701109337930944321e+01 4.714180394018706721e+01 3.301965738953457219e+01 4.880324662349331533e+01 3.498470021911229111e+01 4.590536713037499084e+01 6.360097812894177594e+01 5.490827165409312016e+01 3.706362783880874900e+01 2.696742686753580287e+01 1.807679590424537608e+01 3.777210818451475660e+01 3.780044326394461507e+01 3.798582014573116794e+01 2.122458517866400030e+01 4.019254521870516328e+01 5.414762416771196740e+01 4.748346643761649943e+01
8.953482861371391335e-03 2.000895348286101694e+01 3.653663640415884117e+01 4.481975493059580629e+01 5.511968522168084661e+01 3.942130449197517805e+01 3.942130449220073274e+01 3.063485550143441216e+01 4.585247659635972894e+01 3.654101985837803568e+01 5.654511546861142790e+01 5.512710322311653499e+01 7.021771355792780867e+01 7.688832141538594556e+01 8.517956133854004008e+01 9.518835736230847999e+01 9.265419996751393228e+01 8.265775778709327426e+01 7.436255394996473456e+01 6.733580012700330997e+01 5.602987430430121663e+01 3.614378482207499133e+01 5.602987430430121663e+01 4.909001002060404062e+01 5.491453308589598947e+01 7.368948235485716225e+01 6.308703285524127580e+01 4.841391399899797676e+01 2.786659851379360120e+01 1.930865855532809761e+01 3.947503088510490699e+01 4.932213396250631376e+01 4.846985288539976722e+01 3.917342383773996772e+01 2.606707006154539030e+01 4.609607396947717461e+01 6.049531073946093329e+01
