LEM/sinusoidal_perturbations/elevation_000722.asc
nrows	100
cellsize	150.0
xllcorner	0
ncols	100
yllcorner	0
NODATA_value	-9999
[rows 51 to 67 of 100, columns 37 to 73 of 100]
8.651003654778773466e+01 9.536043051801684101e+01 1.065830081873653370e+02 9.898843789042892638e+01 7.929022027225948932e+01 8.505969463511580386e+01 7.878178950327260566e+01 5.841491481885726955e+01 7.878178950327260566e+01 9.491225059852131096e+01 7.877371883709118094e+01 5.852562335185039899e+01 7.876862244834710225e+01 8.259662586059491218e+01 9.067835535398285174e+01 9.020542939839383223e+01 7.482767666679463048e+01 5.543112285987272969e+01 7.651257516723256913e+01 8.918231587141141858e+01 9.484286302200257524e+01 1.012607333034913353e+02 1.089079461244222244e+02 1.172121324648872758e+02 1.155531931219189090e+02 1.235726171766211507e+02 1.133767343745024903e+02 9.332346941057589618e+01 1.133767343745024903e+02 1.233337307715967768e+02 1.148133494433037640e+02 1.047518793173162805e+02 8.990698168665409185e+01 6.969633371452088966e+01 7.655056401084343065e+01 9.857657950296052718e+01 1.053281215048911292e+02
8.066016614258357720e+01 8.917592042852706413e+01 1.001862359565288614e+02 9.902507399922343723e+01 8.505960872475101553e+01 6.492751642107887733e+01 7.429859053023884030e+01 5.472355468159945957e+01 6.681387120133872770e+01 8.686037593962389280e+01 7.436244200776343405e+01 5.385846719779500802e+01 6.842393174160368119e+01 6.257770002369942830e+01 8.260133655728769497e+01 7.866681346634238992e+01 6.301486966684813495e+01 5.277829332542233942e+01 7.390441765687380382e+01 9.080452902743026300e+01 9.859558888635433505e+01 9.941755329546599285e+01 1.007731046239162396e+02 1.086018163417522686e+02 9.702283016647416503e+01 1.127337120170600429e+02 1.216461792271967681e+02 1.075219324751767829e+02 1.216461792271967681e+02 1.207362718861681685e+02 1.006063770635516477e+02 8.635521442413688931e+01 7.632730881751962215e+01 8.990698168665409185e+01 8.105623341704841778e+01 1.011211660288188767e+02 9.971299831863321117e+01
5.986448195515878012e+01 7.039461738731539242e+01 9.145092464964994861e+01 9.129180046134234772e+01 7.082601290757298784e+01 5.883672114684031840e+01 5.369414485043460417e+01 5.123180881518344876e+01 6.606244985154356186e+01 8.621234385121093169e+01 8.244627444910706515e+01 6.843850176342333214e+01 4.776253246264648311e+01 6.843850156951607744e+01 7.536294062553730555e+01 6.669512181921611216e+01 4.913339832475515578e+01 6.852731841587188910e+01 7.665730780264301814e+01 7.165757161809092679e+01 8.292881726562116285e+01 8.082582423562466545e+01 8.238713988183617687e+01 9.431609282002966665e+01 8.660130930854772657e+01 1.048546830814114372e+02 1.145750200148817015e+02 1.239667997118724969e+02 1.357704259785326713e+02 1.233909861133997765e+02 1.032794351911721975e+02 8.902433203907645520e+01 8.341229257187794133e+01 1.035476878652313815e+02 9.265780322147207926e+01 1.096404287926538501e+02 1.005139947445635471e+02
6.341532228210417088e+01 8.387681848764110271e+01 9.925792443979962343e+01 9.545631569823140694e+01 7.829329903501171373e+01 6.699503237782823817e+01 4.659882898284416797e+01 6.743006464115967447e+01 8.016623360802721265e+01 8.215352277624350563e+01 7.389950090560532203e+01 6.474262190315144494e+01 4.413528357581920147e+01 6.295242773186721053e+01 6.470006210441856354e+01 4.652311225076096690e+01 6.723026930436596160e+01 5.321027713446690655e+01 5.634008539335921739e+01 5.960222150234541516e+01 6.307728474559386456e+01 6.678185166178273846e+01 7.111686750779912813e+01 7.572037063671423596e+01 8.159642073429282050e+01 8.852056444326173335e+01 9.740283526734833686e+01 1.159260394859478254e+02 1.294497427960022833e+02 1.209655321587814711e+02 1.174757323452476072e+02 1.091699720761140355e+02 9.502460191662150635e+01 9.985293739851582018e+01 1.130282675470322431e+02 1.213567073353176085e+02 1.088496287661327386e+02
7.782695154041059027e+01 8.514679048214672719e+01 9.270506453168655980e+01 8.473725823291698589e+01 8.060236549354283397e+01 6.474050956527142375e+01 4.394983269446912999e+01 6.474049681705643877e+01 8.218210254237295942e+01 7.388153027815555163e+01 5.322249978665930570e+01 5.820658544895525210e+01 4.068920784686878278e+01 4.234783382922098838e+01 4.403591405985833518e+01 6.468667250790788614e+01 6.064746879665776902e+01 6.192870690338338591e+01 7.669722432491610675e+01 7.975002801298586519e+01 7.495065088054829516e+01 8.627121560326263250e+01 7.840249687108537557e+01 9.431609282001097938e+01 9.980669800509400602e+01 9.980669800534617764e+01 1.145750200148619058e+02 1.239667997121431284e+02 1.175166283037884369e+02 1.002197012478671638e+02 1.175166283037884369e+02 1.234832826624843278e+02 1.151904397896709185e+02 1.199874421690260107e+02 1.282739598787183013e+02 1.213014200724642677e+02 1.130118568112686290e+02
7.579176577968421213e+01 6.354664068927306886e+01 8.056200926337439228e+01 8.060236550434085245e+01 6.167852171794218918e+01 6.211990001446587684e+01 4.143247779593193059e+01 5.343298658669698398e+01 7.398636860695128803e+01 7.228068718427395822e+01 5.293521616978065225e+01 3.859239723696060054e+01 5.906942678272898917e+01 6.294033755802733765e+01 5.600900202196203992e+01 7.149602010495223681e+01 7.108957373433177906e+01 8.115648619145267162e+01 7.590852349226577189e+01 9.393644868211336529e+01 9.382719567033463193e+01 1.016147368013671155e+02 9.702008513944009849e+01 9.160839448718223821e+01 1.100850621074976203e+02 1.184260037676956188e+02 1.227735035382739994e+02 1.287809334269318526e+02 1.089879210978026407e+02 8.845503907811441024e+01 1.089879210978026407e+02 1.226920163274679680e+02 1.178198150543604896e+02 1.263139608739767681e+02 1.272303293588270066e+02 1.071223726458403291e+02 9.266551398385740868e+01
5.984479233747023130e+01 5.118377155656197175e+01 7.217803999816979399e+01 7.900209416164580034e+01 6.770298453698053720e+01 4.735844236312324540e+01 3.907304532350595139e+01 5.360588155901628227e+01 7.410585290117413138e+01 6.378993007462004527e+01 5.549652604504311881e+01 3.714592028637073895e+01 4.893818462814159886e+01 6.937574388789879265e+01 7.565604646385624221e+01 8.328302264654126930e+01 8.701846468489289066e+01 9.397793557629375982e+01 9.393644868211336529e+01 1.014686206218224811e+02 1.013095997248357918e+02 9.305315935697467467e+01 1.013095997248370566e+02 1.100850621075048394e+02 1.180276868212476273e+02 1.167028164184417847e+02 1.021689426090082833e+02 1.082038787818187586e+02 1.017284510410901675e+02 8.142601441012975272e+01 1.017284510410901675e+02 1.020198469101125909e+02 9.714706068220020541e+01 1.144066237325538680e+02 1.247187767480037195e+02 1.213014200724642677e+02 1.130118568112686290e+02
3.936019687549475066e+01 5.381640599203952036e+01 7.439919642413565271e+01 7.075682791033125341e+01 5.031074309115042098e+01 5.406266954644456035e+01 3.692651599798377049e+01 5.727471061835484534e+01 6.144281049197795852e+01 5.344848565511677663e+01 3.512293589085619772e+01 5.400861070618535109e+01 6.523635236260378178e+01 7.753421683093402805e+01 8.207288554336699349e+01 8.210760458489740188e+01 8.999164114531957637e+01 9.173066775182982724e+01 8.337479490876239652e+01 9.173066775182982724e+01 9.133702444722263181e+01 7.310289730606382363e+01 9.133702444722263181e+01 1.005651258020349132e+02 1.057840191302886126e+02 9.730524047214974814e+01 8.781439351319379227e+01 1.082038787818187586e+02 9.560703607428446560e+01 7.540771726507934147e+01 9.560703549653632649e+01 8.759018719839403389e+01 8.544232889637093820e+01 9.555160344457233634e+01 1.101575272512819907e+02 1.308464965422053297e+02 1.253048424606615043e+02
4.587611735274921188e+01 6.621133443502364457e+01 7.260268442218891494e+01 5.927105549707551546e+01 5.103036596229554789e+01 3.407910292423649423e+01 5.406266956582913963e+01 6.479648533900024177e+01 5.254714488904541270e+01 3.312070101193364735e+01 5.344835818278725270e+01 6.318174753734754034e+01 6.166975501625827860e+01 6.872311530651784039e+01 6.254689564224386800e+01 6.293545084630543585e+01 8.193833987541638919e+01 8.179846979973989107e+01 6.363816965578993035e+01 8.179846979727474832e+01 8.307802806636652804e+01 6.290931329532259042e+01 7.227189345223423800e+01 9.230103137943029878e+01 9.730524047214974814e+01 7.713168157611605125e+01 8.906941954028440023e+01 9.751280174472211115e+01 9.020854100870695902e+01 6.995983734457520598e+01 8.859531370152241436e+01 7.600104692563951403e+01 9.624791255209083829e+01 1.130461891970365542e+02 1.215674766494875882e+02 1.335015408722364896e+02 1.326886475632081783e+02
4.546199932446227621e+01 6.757199899095837736e+01 6.322157376134280327e+01 4.293595083711890936e+01 3.151945602524248713e+01 4.989915766310442535e+01 6.063459396520735822e+01 7.022779461548988422e+01 5.201382434863949555e+01 3.172179828244573585e+01 5.195075132532546291e+01 5.081244723966263876e+01 4.405686964786875137e+01 5.649134718882657324e+01 4.900910507992416143e+01 6.737049508691400490e+01 6.080892603373468575e+01 6.996210809552469811e+01 5.387483156684529462e+01 6.521390181125269692e+01 6.935761585708148402e+01 5.563658727615836597e+01 7.594730874294832290e+01 9.579906960700088803e+01 1.057840191302610720e+02 8.906941954028440023e+01 6.883793299708447933e+01 8.191650887620217247e+01 8.113033902017679111e+01 6.473702159089657471e+01 6.829518571747696853e+01 8.859531662616274161e+01 1.011038719510296460e+02 9.236148836289522990e+01 1.042690700610679073e+02 1.250359560546406357e+02 1.229110864023234484e+02
4.711127233876586473e+01 5.514370456587545277e+01 5.254868016480744330e+01 4.950908069664863831e+01 3.573415182211419250e+01 2.906543610892987672e+01 5.051763843278349952e+01 5.201994546601106606e+01 4.269166934355341425e+01 3.033349051725334533e+01 3.683381477092391521e+01 3.071936646049161723e+01 4.084866507303108563e+01 3.883072506560680637e+01 5.279092297176687509e+01 5.343013463917758799e+01 4.083695827258060262e+01 6.003985647474247145e+01 4.649836632679502912e+01 4.503190402672117187e+01 4.905755232437269342e+01 6.935763981928103306e+01 6.746080245154212207e+01 8.170963494265755855e+01 1.016160602513024855e+02 9.373532699065592055e+01 7.989699723075460724e+01 6.142686534374254848e+01 6.056717873075707814e+01 8.113033902017781429e+01 8.859531581945863365e+01 7.531135685562769311e+01 8.068697024997108258e+01 9.076888582523645255e+01 1.053600836224280073e+02 1.261143144239710523e+02 1.147797754048844467e+02
2.696886020765854752e+01 4.519726983020946420e+01 3.878706930241320094e+01 2.605509853063871972e+01 2.642228466898876604e+01 3.124774874174947570e+01 4.242210450731781890e+01 2.795385936133892812e+01 2.836539297251812286e+01 4.552341856169580581e+01 2.984160421044748190e+01 4.940962044385955920e+01 3.160003595015364652e+01 3.222441712974527661e+01 3.285274931296020640e+01 3.348479609173654836e+01 3.411783479334162195e+01 5.398164653620472819e+01 3.962741092696077061e+01 5.962583221863569349e+01 6.935763981928622002e+01 7.767020949054760592e+01 8.754009192637592207e+01 9.579906960700088803e+01 1.002531017624795595e+02 7.904308751437167757e+01 6.608565358941467593e+01 5.657362529249463989e+01 7.696221050899022487e+01 8.821379401328407255e+01 1.019928640371180961e+02 9.564722542215945111e+01 1.011038719508590304e+02 1.096441718101132778e+02 1.199673801851162835e+02 1.209425712189367630e+02 1.016807922639069517e+02
2.787465857633634414e+01 2.514762551245025790e+01 2.552709290799827357e+01 2.695229513566129143e+01 3.999663450302007561e+01 2.696783668709965909e+01 2.736987864817503180e+01 3.694316341571963846e+01 4.012792410516981079e+01 2.896245476210739866e+01 4.895052921661606149e+01 5.759717359658858982e+01 4.799911263726414035e+01 5.222230859019528282e+01 3.981987321254534606e+01 5.342987225367232895e+01 5.406284269685297517e+01 3.501581853413139811e+01 4.910017370426367478e+01 6.301147842667899823e+01 6.599260463722397674e+01 8.609697356008597069e+01 9.217563043140660284e+01 1.004336951402293749e+02 9.222698662775771083e+01 8.394443985703460953e+01 7.522509151732629107e+01 5.431129826030728225e+01 7.296265218366048089e+01 8.042951344678576220e+01 8.915864155403376401e+01 9.619607140951724489e+01 1.045102773249432602e+02 1.160666775574551082e+02 1.309698972639499743e+02 1.154761573163756623e+02 1.016807922639069375e+02
2.463524605585481808e+01 4.060604802112782608e+01 4.269793008632287012e+01 3.206174455757477659e+01 4.922205947974615725e+01 3.810920142501320385e+01 4.830387001103920852e+01 4.978217046599787210e+01 4.897518829230850912e+01 2.952519453571459351e+01 4.343151319229848895e+01 6.329199165149291417e+01 7.074883820060468054e+01 6.818495593591312343e+01 4.870934385203890571e+01 6.819911129480331624e+01 6.329100655393101960e+01 5.496099088728495019e+01 3.593023386059645219e+01 4.610151722693013454e+01 6.589484315201502795e+01 7.800530174576171305e+01 7.213575942088294823e+01 9.217563043140660284e+01 8.394654790085031948e+01 6.376403883655192573e+01 6.965649403625509706e+01 5.215382726079167952e+01 5.723711195033518351e+01 6.283001420686290572e+01 6.910613210374724247e+01 7.629121391808232033e+01 8.775939392087269653e+01 1.077207871830366912e+02 1.112972402295594776e+02 1.074031346685401331e+02 8.864068426295642666e+01
2.427552503700815478e+01 4.417364901001074884e+01 5.766327521103828246e+01 5.892391150757308083e+01 5.330682683698696422e+01 5.181319424956723907e+01 6.149664570750826442e+01 6.237383272273671508e+01 4.688743690794891705e+01 3.008610576190801567e+01 4.141989510250940754e+01 5.540134294063877718e+01 7.539428296276399522e+01 7.721835200251422293e+01 6.304660340257793649e+01 7.721709839945722820e+01 7.142563353702632867e+01 5.667730257654360315e+01 3.889949362949494827e+01 3.680415094860098435e+01 6.586392168025777494e+01 5.770367079971723001e+01 7.800530174576171305e+01 8.756557380882328800e+01 7.858096057922880107e+01 6.916183063691104849e+01 4.935778553377716804e+01 6.724077327707404095e+01 7.760869216828533013e+01 8.311258246750593059e+01 8.915864155403376401e+01 9.619607140951724489e+01 1.045102773310520945e+02 1.138120858899237504e+02 9.724960113189042943e+01 1.061077659688678949e+02 9.040390876379420604e+01
2.608016312966892514e+01 4.628162243714008639e+01 6.263618963627541802e+01 7.144069413399735424e+01 7.458321735337652569e+01 7.026029519054405625e+01 7.369618217206252098e+01 5.864482116955372248e+01 3.908322072919178680e+01 3.064721293746024955e+01 5.036232914384841308e+01 5.904634545961393854e+01 6.448798559923734786e+01 7.281415615982157874e+01 8.316685028680439018e+01 7.464219785702036347e+01 5.470236831368532648e+01 4.421123481724333004e+01 3.760347769520914341e+01 5.709612053122287989e+01 4.664283083115549999e+01 6.713210201335751037e+01 8.163880689963842485e+01 7.917757707366054376e+01 5.909227176430934492e+01 6.165801253590767317e+01 4.711132140521480949e+01 6.472564945177052209e+01 8.926861449086575817e+01 9.381818430506547202e+01 9.381818430968932887e+01 1.019823578938410691e+02 1.080486566122802827e+02 1.053239775128886038e+02 8.557767237800813120e+01 1.022173654858646472e+02 7.966026277504863629e+01
4.628103904684986958e+01 3.360561634668098208e+01 4.150612350650720117e+01 5.388491923387583427e+01 7.508433550472089735e+01 8.047803415544427708e+01 5.981519318472588509e+01 4.524318767085305382e+01 3.541864411553545722e+01 5.035715170708876798e+01 3.145428096949567731e+01 4.991664396588127772e+01 4.465080345496592429e+01 5.865098952633162810e+01 7.865688867057595246e+01 8.296412601261098985e+01 7.142616094875438648e+01 6.309248376529366453e+01 5.719496682031221724e+01 3.836361609657665639e+01 5.811287229358025286e+01 5.517513040837871330e+01 7.404826674455786417e+01 7.188169873175924351e+01 6.274927336886412377e+01 4.329569323087578425e+01 6.514395838974498076e+01 7.484835145442090720e+01 8.444433035787608333e+01 7.415666390524988572e+01 7.415666390525001361e+01 9.381818430958574595e+01 8.722518010641005048e+01 8.722518010773545427e+01 7.640423523003752848e+01 9.735149773437885301e+01 8.765269709875812509e+01
