LEM/sinusoidal_perturbations/elevation_000011.asc
nrows	100
cellsize	150.0
xllcorner	0
ncols	100
yllcorner	0
NODATA_value	-9999
[rows 17 to 33 of 100, columns 0 to 36 of 100]
5.222468517465790779e-03 2.000522246851711117e+01 3.648414848814180544e+01 3.959841148514165354e+01 3.592834310369605078e+01 5.592834310369675421e+01 6.060463149964728302e+01 5.474921497402021231e+01 6.060463149964728302e+01 5.818061584877716541e+01 5.818061584877716541e+01 7.817413527822053254e+01 8.266405049268004745e+01 7.437697424390385947e+01 7.610528823525059749e+01 7.462521755513476762e+01 8.286725177719630153e+01 8.476997296121803060e+01 7.245446995646469190e+01 7.245446995646469190e+01 6.161052981973888620e+01 5.294680687608375536e+01 6.703187511109913999e+01 8.472104439244547791e+01 9.300190257264279126e+01 9.203448510493971924e+01 8.375690232042657613e+01 7.443707308348682261e+01 9.445915559677574436e+01 8.497594009948559801e+01 6.494785418021658074e+01 8.497594009948559801e+01 9.193554332015135344e+01 1.002060105498707259e+02 1.063165095704023031e+02 9.991560075829428911e+01 8.342028237731987872e+01
7.333276091007126865e-03 2.000733327609065171e+01 3.017032106932050439e+01 1.959841148514095011e+01 3.374054710887239850e+01 5.374054710887310193e+01 6.752620842777608345e+01 5.904099769095387984e+01 5.904099769095387984e+01 6.130116264824765437e+01 6.976512018962759498e+01 7.870865857300044865e+01 7.289834814526003015e+01 6.466748819669982140e+01 5.628122643081876220e+01 5.480143988630171492e+01 6.881817922034622370e+01 8.864464826020137878e+01 9.244793814740063453e+01 8.987010655314477958e+01 8.116874482631651233e+01 6.289109899176619933e+01 5.956340427854446062e+01 6.470799458366698786e+01 8.472104439244547791e+01 1.024326117012448663e+02 1.027271164296989951e+02 8.860317970716701552e+01 9.445915559677575857e+01 9.325313088111697368e+01 7.651354371483787986e+01 9.325313088111697368e+01 1.000476054627948344e+02 9.187651573200245991e+01 1.000476054627948344e+02 9.175057543651179515e+01 7.177444165044828139e+01
6.343274376862209282e-03 5.006343274376882313e+00 1.017032106932014912e+01 3.017032106932050439e+01 3.959841148514166065e+01 5.959841148514236409e+01 5.904099769095387984e+01 3.825825574024594289e+01 3.825825574024594289e+01 4.053435867375229407e+01 5.864853913835634103e+01 5.864858081510590893e+01 6.143009360890583537e+01 4.480697629083378075e+01 4.221664457287791805e+01 5.628122643081876220e+01 7.610528823525059749e+01 8.164415298536992793e+01 7.904370436955601065e+01 8.733954509939080424e+01 9.116372483646901514e+01 7.702855912588445619e+01 7.369230036745588563e+01 7.885981430698375050e+01 7.414048431352738078e+01 8.829847429389657520e+01 1.083002179313640880e+02 1.085967320103990801e+02 1.144377740588946324e+02 1.048017377268179047e+02 9.653578853780794589e+01 9.846144925163018513e+01 9.009177672733073905e+01 7.188826941808065385e+01 9.009177672733073905e+01 8.468794560550418282e+01 6.448614619525028502e+01
3.497053469895897767e-03 2.000349705346954110e+01 3.017032106932050439e+01 3.017032106932050439e+01 5.017032106932121138e+01 5.066841294918476279e+01 4.238489401699280279e+01 4.426260306472137529e+01 2.454313262266756013e+01 4.387324942573076925e+01 3.873721561787326095e+01 5.479924791514029181e+01 4.656661016059116776e+01 3.329779787856490003e+01 4.738600382902362185e+01 6.723969827827725965e+01 7.577774090165139853e+01 6.161648048098401631e+01 5.901902430896085860e+01 7.317383507572985479e+01 9.321482242806840190e+01 9.703632220538746367e+01 9.370435920006059405e+01 9.887130555695631529e+01 9.415684936975452501e+01 8.829847429389657520e+01 1.083002179313569968e+02 1.147970260364614035e+02 1.049725806118661069e+02 9.682121551798697112e+01 9.021367397125906962e+01 7.862393078387606238e+01 7.938182799567383086e+01 6.159225544375662764e+01 8.188239257504164925e+01 7.859687390242829963e+01 5.820256750839868687e+01
9.635555453094322986e-03 1.000963564958801122e+01 2.415180345829814357e+01 4.415323032053449737e+01 5.108153838844571482e+01 3.912080778683485249e+01 2.239044788746534564e+01 3.238886313617827994e+01 1.932143814674376259e+01 2.508797745756115916e+01 4.456860988511153465e+01 4.058742636463054509e+01 2.663234196185668878e+01 4.656661016059116776e+01 6.143009360887341330e+01 6.724558408799421727e+01 5.895328201835724968e+01 4.747977811281997162e+01 6.748244994613519054e+01 8.733954509939080424e+01 8.009723853622158174e+01 8.841081898256079796e+01 9.158251896817392890e+01 9.378032589722968737e+01 1.020934330929431582e+02 1.083002179313568121e+02 1.165667491021280142e+02 1.066331329240268531e+02 8.700929811194730235e+01 7.699907286220496871e+01 7.019289936987354395e+01 6.422457058564775423e+01 5.901222946343740716e+01 5.420857732695056086e+01 6.922986478249666220e+01 7.294051102310552892e+01 5.239195090461191029e+01
8.845047570523793118e-03 2.000884504757016913e+01 3.829299904863619020e+01 4.199996674162133559e+01 3.695016027906596889e+01 2.281597971334054975e+01 1.084653470684260235e+01 1.240339127255980678e+01 1.397469724425592119e+01 3.398527087956386339e+01 3.809450818509557024e+01 2.057896740711898076e+01 2.254209247362464907e+01 4.253924810645321486e+01 5.361905484339688144e+01 5.140158231132036093e+01 3.897334458782577116e+01 5.651716977822940891e+01 6.481284314757118636e+01 7.683449133786751872e+01 6.005472315827159946e+01 7.279505851910950298e+01 7.151334101271280019e+01 7.370815519006045236e+01 8.952474413629285266e+01 9.784200984600573747e+01 1.068246966937528128e+02 1.147970260364614035e+02 1.049725806118661069e+02 9.682019181757537751e+01 9.021367397125906962e+01 8.443370910486324021e+01 7.938182799567383086e+01 6.329854187987771752e+01 4.860498429798590081e+01 6.415238557194757618e+01 4.758010257452573910e+01
8.023991185656003874e-03 2.000780417358227936e+01 2.227343904999051460e+01 2.222527707764057325e+01 2.867131156695866423e+01 8.679225778631227683e+00 2.867201989409901941e+01 3.239781333615675152e+01 3.399246285458818306e+01 1.636668981998836969e+01 1.807834822460591440e+01 3.809580869357510124e+01 4.253924810645321486e+01 2.535866179769850248e+01 4.533725347584891807e+01 3.144023631854407341e+01 3.397256181529212427e+01 3.654325845813311702e+01 5.651717664716350242e+01 6.307823774675862438e+01 4.851048069556492948e+01 5.276993053378244980e+01 5.735618644815078682e+01 6.312996230182532997e+01 6.945829847127494361e+01 7.841894675347644750e+01 9.262056538900375813e+01 1.127267241793339991e+02 1.018330528699971325e+02 9.157752574632236531e+01 8.317372568025558621e+01 8.664429694739912691e+01 9.176624042743596021e+01 7.753239115365673229e+01 6.415238557194757618e+01 4.344215457602926733e+01 4.300382700074167275e+01
4.598823041778624977e-03 1.138694777288265847e+00 2.274618445758651131e+00 2.209852058360927884e+01 2.503221176922978586e+01 7.188139968605709917e+00 2.712315609817542494e+01 3.703374320325061575e+01 4.469045450012821163e+01 3.638952022254468943e+01 3.224248755259857546e+01 3.442853933269865507e+01 5.361821083107481911e+01 4.533612042212667603e+01 2.823954836613454589e+01 4.820454003422253209e+01 5.393785594400144134e+01 5.651717664359966875e+01 4.034072375842876568e+01 4.307806068987538595e+01 6.307823774675862438e+01 7.279505851910950298e+01 7.739146714302748364e+01 8.317917685174576548e+01 8.952474413629285266e+01 9.784200984607271323e+01 1.068246966930930171e+02 1.079336011618664486e+02 8.739675712961361853e+01 7.303315015646752784e+01 6.290352139305927892e+01 6.639967895899833650e+01 8.069791795791326194e+01 8.440935366488977820e+01 6.415238554193381049e+01 5.940114540472467297e+01 3.862188163834026255e+01
7.340434288523949372e-03 2.000662291914019875e+01 2.222054713651839464e+01 3.896832645184433286e+00 5.179703031898551302e+00 6.906314262195468068e+00 8.805603617582704601e+00 2.879653959151420040e+01 3.978600549842690981e+01 5.389513575123202571e+01 5.222818150110773416e+01 5.441775012807932654e+01 6.271421943238801333e+01 5.648678102818772828e+01 3.975983086238545638e+01 3.606637667404755376e+01 4.758560647553079548e+01 6.758439308389387179e+01 6.033014947722779908e+01 5.306526127159673933e+01 4.955519041371674405e+01 5.843611271698149778e+01 6.815473116962621702e+01 7.917133696352607330e+01 9.862543803619136895e+01 1.116046597166678538e+02 1.038200933419883256e+02 1.112773619988437872e+02 9.676618047060750882e+01 7.652898055418188505e+01 6.220402543246536453e+01 5.214556312797485305e+01 6.519004123466130807e+01 7.354699579702818824e+01 7.388829311476908401e+01 5.340037234312195835e+01 5.581104103382030246e+01
3.515918393995972821e-03 2.000350928371202741e+01 3.232046959106976658e+01 2.396666912815647876e+01 4.520261788147858617e+00 2.681942087221983329e+01 2.879877501366350145e+01 1.153357910430859512e+01 2.566219195643836315e+01 4.258523776926060833e+01 4.872258559967663416e+01 4.872258559967664127e+01 6.868426574932789208e+01 6.803035914222468250e+01 5.974022729052206415e+01 4.271226578460599654e+01 6.270100257417194456e+01 7.587671730150889005e+01 7.309108843003096467e+01 7.309116265790754596e+01 5.849579832301102300e+01 5.962745783095218854e+01 7.179953317660796586e+01 9.342321728489800137e+01 1.068961935187988246e+02 1.021282093667914381e+02 8.439281038310188876e+01 1.021282093667914381e+02 1.012265232814365845e+02 9.082258015588516287e+01 8.069791931205180902e+01 6.519004123466130807e+01 4.509890004972957200e+01 6.519004123466130807e+01 8.216741497046686504e+01 7.388829311476908401e+01 6.422127381895779763e+01
4.608085242692564441e-03 1.414674372700983618e+01 3.414675951094138640e+01 4.065377172531724170e+01 2.203297517183299803e+01 4.065377220156013038e+01 3.978626791024245080e+01 2.566219588440477395e+01 1.434816061918669661e+01 3.431577193877054555e+01 2.877283203835298764e+01 4.287703543788654059e+01 6.283499207980246126e+01 7.578455665760314730e+01 7.099283661499684683e+01 6.270100277680005973e+01 5.534498479419394101e+01 7.535893854326822350e+01 9.315497676322607390e+01 7.855020702964975499e+01 7.266081863770574500e+01 7.143425154648869579e+01 8.889125604249542789e+01 1.026137116485357836e+02 1.078737933679124836e+02 8.845134504815230514e+01 7.474799143281099134e+01 8.502700210782546719e+01 8.169103877306984884e+01 9.546576621476330615e+01 7.665460605038154540e+01 6.080449293726988458e+01 4.074033556355986718e+01 6.080449293726988458e+01 7.185952586520060947e+01 6.875769971366861455e+01 5.598133732579606203e+01
1.610643649003322799e-03 2.000161064364864671e+01 3.535736070679536880e+01 4.430163352674217947e+01 3.672630141762925149e+01 5.083782426090182582e+01 5.391033993608010633e+01 3.431577193877055265e+01 3.431577193877054555e+01 1.724901753061702792e+01 3.720459001077973227e+01 4.857327246913878582e+01 5.588781108477805759e+01 5.588781108477781601e+01 6.893133865771203261e+01 7.719559713175382853e+01 7.535893854326822350e+01 7.535893854326822350e+01 9.538848417550063630e+01 9.867161727299604479e+01 9.276879812799637648e+01 9.235950842905697300e+01 1.010959392058234272e+02 1.026681248781459601e+02 1.006729739217344815e+02 9.878204109665225019e+01 7.931885222813440350e+01 6.597812984892932775e+01 6.825336803575733313e+01 8.581013562296644182e+01 6.832351897443612643e+01 4.820340954996902383e+01 3.664652106952514998e+01 5.670724934909458881e+01 5.322268180134059889e+01 5.246362621890240518e+01 3.989800149388243966e+01
2.022278438842990342e-03 7.073090090304348543e+00 1.601736200030366319e+01 3.015949762403570489e+01 5.015949762947521151e+01 6.494934710417437884e+01 6.255404867704496041e+01 5.131226044011744136e+01 3.136100158545818317e+01 3.720459001077973227e+01 2.036991971946896740e+01 4.031052865546605091e+01 3.598630162610048444e+01 5.417659938214102056e+01 4.900699346054035033e+01 6.893133865771203261e+01 7.889145160045049465e+01 7.818383264843211577e+01 8.247975734644788304e+01 8.465089581040871280e+01 9.288357735144722938e+01 1.021370097007168880e+02 1.026681248781459601e+02 8.333879174015820013e+01 8.122685763238965251e+01 9.495654644345736983e+01 9.305122758511484449e+01 7.783316615181300335e+01 5.931603261546128891e+01 7.780224189563246284e+01 6.459833985976644044e+01 4.448631435226748465e+01 3.295222369420334729e+01 4.811886953230322206e+01 4.634487332777784019e+01 3.484406080064335498e+01 2.454987186608309102e+01
6.642187732006160465e-03 2.000664218773165004e+01 3.535736152852272340e+01 4.430163352674217947e+01 5.409515787120938768e+01 6.013199888687297090e+01 6.402048428429407068e+01 5.958243678702256574e+01 5.131226044011744136e+01 4.031052535056070951e+01 4.031039846382015668e+01 2.360946347744031826e+01 2.602969431163659664e+01 3.493610415447520978e+01 5.308632173815227873e+01 5.077034542654352833e+01 6.026974115832005197e+01 5.833949307815915120e+01 6.266039206170192699e+01 6.482773124232289774e+01 7.414744681863248843e+01 9.223028544839914389e+01 1.006729943233018929e+02 8.122685765274363234e+01 6.785971075939208674e+01 7.840434143548787915e+01 8.641109962782820730e+01 7.388720371021055655e+01 5.570085200317102903e+01 7.388720371021055655e+01 7.299764364548791207e+01 6.132144588118121220e+01 4.812277456575461088e+01 2.822191850684954417e+01 3.034652785688796328e+01 2.414531219136116036e+01 3.143278983268658777e+01
1.591255364720534126e-03 2.000159125536436378e+01 2.907007039204870225e+01 3.407121387980593141e+01 3.407078906006254471e+01 4.010235388096283771e+01 4.398915939601597103e+01 6.402048428429407068e+01 6.852103170144140165e+01 5.613353033266885461e+01 3.621092376892620734e+01 3.769769102136567085e+01 4.594019917691472443e+01 2.979721442440014911e+01 3.321252345856409249e+01 3.672897207297000932e+01 4.041882151966541414e+01 4.431246146412171782e+01 4.864294541315033626e+01 5.437011659082198634e+01 6.427143393765916812e+01 7.823356289426756405e+01 9.800149074594848742e+01 9.495774737031750590e+01 7.840434143548787915e+01 5.985975069256400616e+01 7.139947415680238407e+01 7.025179975243648300e+01 5.229053109173791825e+01 7.024812134107054362e+01 6.274180806825179246e+01 5.266930342386834241e+01 4.432918280651126963e+01 4.268068096798082678e+01 2.375192200676779919e+01 4.373475909759216762e+01 2.919096880398265270e+01
6.189296070378335485e-03 4.478325251070106816e+00 9.066639928487891353e+00 1.406663992877692593e+01 2.009686684762685260e+01 2.765615861089984051e+01 4.179960696763615147e+01 6.182522947159083770e+01 7.065914703450894763e+01 6.439635943030638998e+01 5.029378543460815365e+01 5.762194244122271414e+01 4.603287345912285389e+01 4.968390840137327302e+01 3.661510017811938411e+01 5.641275325735952606e+01 6.026974115832005197e+01 5.833949307815915120e+01 6.009021125844088829e+01 7.414744681863248843e+01 6.828679749616723882e+01 8.768596308618215573e+01 9.926260808674518898e+01 8.813229352431056896e+01 8.012465851937953687e+01 7.139947415680238407e+01 5.330240955355355936e+01 6.685907442724293048e+01 4.895777388797466045e+01 6.685775376308964724e+01 5.437871567484366153e+01 3.429019762714727904e+01 2.335582919818627801e+01 2.338285693678348309e+01 4.240623695055521125e+01 4.884098740742128086e+01 5.231995192368576397e+01
2.247884206357958405e-03 1.995731007489913367e+01 2.905962410597899392e+01 3.407121387980593141e+01 4.010235388096283771e+01 4.766497600156253611e+01 5.569007488680058771e+01 5.430986496253207463e+01 5.063544766592076485e+01 7.065914703450894763e+01 7.023194056223842097e+01 7.418524051863343516e+01 6.592915092737783311e+01 6.463778938128308482e+01 4.803916360041096567e+01 4.503175109090344819e+01 6.467127730805546548e+01 7.818383264843211577e+01 7.990600170101772903e+01 8.813460569998046878e+01 8.698466852609071509e+01 9.573801430679175439e+01 9.122425519239996561e+01 7.199919301035838259e+01 6.146568190587858993e+01 5.487356392323250276e+01 4.899883178722736687e+01 6.211249463160248041e+01 4.560957498723230685e+01 6.364533122858362191e+01 6.272336026275747400e+01 5.206045129384917658e+01 3.439320319128444936e+01 2.314869794079628917e+01 4.080226129430062798e+01 5.662200301139188241e+01 6.632851870175738895e+01
