LEM/sinusoidal_perturbations/elevation_000721.asc
nrows	100
cellsize	150.0
xllcorner	0
ncols	100
yllcorner	0
NODATA_value	-9999
[rows 17 to 33 of 100, columns 0 to 36 of 100]
5.222468517465790779e-03 2.000522246851711117e+01 2.906034164183600765e+01 3.405858826331627398e+01 3.960261495030442092e+01 4.592167800757991358e+01 5.417770179162720012e+01 6.569741687485804960e+01 6.160230396191101221e+01 5.008233049211513332e+01 4.027272160429117065e+01 2.765333502163172597e+01 8.003623590937129606e+00 2.609573164909854626e+01 4.237868075955238112e+01 5.387505850631914939e+01 3.970500561463214240e+01 5.387505852048215615e+01 5.427062869972756687e+01 3.406857560792683870e+01 3.405240886677417933e+01 3.915457959903338292e+01 1.956883871626837390e+01 3.418688910720972274e+01 2.235745230454635646e+01 4.261758083712052070e+01 5.785377281818552575e+01 4.242344851457315968e+01 4.242336328164250858e+01 6.445681463752249840e+01 5.925750469518442998e+01 4.172263408027203724e+01 2.512146068599134097e+01 2.929304108446368815e+01 1.790577098239899811e+01 3.844652400903341061e+01 2.928396238076561886e+01
7.333276091007126865e-03 1.414946889982183187e+01 3.414946889982112310e+01 4.748806520857490199e+01 4.489293037450190837e+01 5.317739550433914530e+01 6.472454194125900528e+01 6.452303614161549206e+01 5.452025181029937784e+01 4.622116839756031936e+01 3.213998874751951007e+01 1.249760079551557368e+01 7.684576161224789814e+00 2.694714832784346470e+01 3.514745622141938952e+01 3.409797160133691563e+01 2.569552007714418096e+01 4.556017366792150369e+01 6.252947952847605961e+01 5.427062869972716186e+01 5.411677466052174168e+01 4.348381524147318089e+01 2.341487654260431839e+01 4.347953441509783801e+01 4.264014266865410718e+01 3.173974913679172971e+01 5.235806507960128187e+01 6.446149604477426465e+01 5.803430700242573437e+01 6.466518284004844475e+01 4.554950093073099993e+01 3.352075268983087852e+01 4.171215946078523729e+01 3.726468855147496839e+01 1.822881201964150932e+01 2.260950302481165508e+01 4.132490420190071490e+01
6.343274376862209282e-03 2.000634327437650839e+01 2.863187144096073311e+01 2.748805005966263337e+01 2.489291977822376367e+01 3.643992518558739846e+01 5.643995020088074455e+01 5.621144717918566869e+01 3.623088961593493451e+01 2.635880017931004815e+01 1.986204172247564514e+01 2.897724286160120144e+01 1.064087255753208794e+01 7.233741481299212239e+00 2.642031120221629692e+01 1.435858151033512975e+01 3.409728342511551347e+01 4.829866051611692512e+01 5.661431122778185454e+01 6.818608955643654213e+01 5.625550447158441614e+01 3.606227556304191495e+01 4.348381524151580635e+01 3.024083011389769027e+01 5.039749387243696077e+01 5.235806630990486354e+01 4.345111143529808828e+01 6.452519293897938724e+01 7.996213277677054521e+01 7.050194415080082422e+01 5.114265824447266340e+01 5.114233937530137553e+01 4.660974307209546197e+01 1.868138787709549220e+01 2.058142105741788441e+01 2.264672426707903696e+01 2.868755172101859330e+01
3.497053469895897767e-03 4.267511380582122982e+00 8.631869185302008418e+00 1.334591439321236628e+01 2.229018630321603212e+01 3.383719169239608959e+01 5.383721085369397485e+01 6.452303614161546363e+01 5.452025181029937784e+01 4.622116839756031936e+01 2.964949665818500435e+01 3.722754348365509003e+01 2.320568736709513757e+01 2.635817872734428846e+01 6.787612139044969517e+00 8.043525022912346500e+00 2.753774562698422912e+01 2.841219263556354591e+01 3.984113723826365572e+01 5.985185216676394049e+01 6.453405023784060290e+01 5.034470439721983581e+01 5.039749387069166886e+01 5.039749387316748397e+01 3.842360607448266308e+01 5.865825450172746258e+01 5.545692432400303318e+01 7.330034864819209872e+01 7.728975452141723679e+01 6.553319846692475892e+01 5.653274608677060797e+01 4.887396020378050565e+01 3.905274019580379985e+01 1.899801398994381785e+01 3.330765760553628496e+01 3.962569526588556101e+01 4.741685168478954182e+01
9.635555453094322986e-03 2.000963555545273920e+01 2.863179909611712404e+01 2.489291978235484848e+01 4.163030664249060919e+01 5.057463451285698852e+01 6.212176197881957052e+01 6.707747756957758156e+01 5.841697773134868044e+01 5.785451327285078094e+01 4.369014957719628001e+01 5.122565180258546036e+01 3.898771732140092183e+01 2.023354343290430890e+01 6.479647760529019251e+00 2.551561800857816920e+01 1.706625242398699172e+01 3.681720293203359518e+01 5.401480744668313605e+01 6.225240098607746120e+01 7.217661009543411410e+01 7.053001340482923354e+01 7.054808434533698858e+01 6.507564500099142890e+01 4.478207438859218570e+01 6.507564500099142890e+01 7.691267823537818060e+01 8.561049048469303102e+01 6.823991532010612104e+01 4.543973126288549480e+01 3.403413297415529826e+01 2.692413102577988937e+01 2.204489922035449112e+01 1.931064449678327932e+01 3.911345549531330335e+01 4.723555532951291980e+01 5.103598873665270474e+01
8.845047570523793118e-03 1.415098062929836686e+01 3.415093457689173562e+01 4.489296659401096434e+01 5.317854195548300567e+01 5.916212765644410609e+01 6.719623947780554829e+01 5.448044921096571613e+01 3.622118581542965643e+01 5.448044921096576587e+01 6.370123679643345582e+01 5.156634393888761991e+01 2.984068946985224002e+01 2.578159458623684586e+01 6.175058354851300280e+00 2.585663617554557803e+01 3.680078915928766037e+01 4.395980810298549812e+01 3.390552783823245164e+01 4.402423427389834387e+01 5.816977145571220120e+01 7.803697363014366317e+01 8.029297445653895693e+01 7.330515890940409918e+01 5.917790743848726720e+01 5.917790743848726720e+01 7.931404301170620386e+01 8.906537092405388023e+01 7.684440282895363339e+01 6.553326150369137792e+01 5.653274706522017823e+01 4.840022416148693196e+01 4.121555448695755075e+01 3.900330192486783432e+01 1.974509962289102560e+01 3.921276662245755773e+01 3.420995837959933539e+01
8.023991185656003874e-03 2.000802399118530062e+01 3.702927164700339802e+01 4.938319743986406962e+01 5.030064869723403120e+01 3.939061176625502725e+01 5.584463949931447502e+01 4.560223129381590468e+01 2.271451383415057279e+01 4.560223129381590468e+01 5.901949569390820471e+01 4.563438380594777044e+01 2.338653056529425101e+01 9.895498748884310913e+00 5.870767320004965484e+00 2.327169608845089854e+01 3.959623474589538006e+01 2.349622588552525571e+01 4.396064604024849842e+01 6.225240098607734751e+01 6.185834388973936626e+01 6.630304623255243257e+01 6.051970973832558087e+01 7.443793889047172740e+01 7.931404301170620386e+01 7.931404301170620386e+01 8.743241038032066115e+01 7.663974828571234355e+01 6.262317170081117013e+01 7.045406614736160122e+01 6.417037550473919794e+01 4.438536911056988998e+01 4.202079814325077223e+01 2.194104367642817977e+01 3.628087043358853947e+01 2.018520531872217560e+01 3.449980565868524707e+01
4.598823041778624977e-03 8.197862618750880515e+00 1.997004092715258849e+01 4.072372415227928855e+01 3.037030067474709938e+01 2.776043021200079153e+01 4.774703763495641340e+01 3.751020118301035922e+01 1.481988242778711928e+01 2.948881023205366247e+01 4.382565155342332019e+01 4.120884253270955355e+01 3.144119605574941900e+01 5.438522174448549684e+00 1.511742293089579192e+01 1.445472678154327717e+01 2.949263275839696519e+01 1.694013746615969040e+01 3.779001600444299669e+01 5.596374868175860939e+01 4.194651722059355592e+01 4.642739020410120077e+01 4.642745812654925430e+01 6.503793106758529063e+01 7.315690219628037028e+01 8.301819282517928400e+01 8.204917099180289597e+01 6.855063939932740880e+01 4.907587344658278283e+01 5.063544447479915789e+01 5.151003484099044982e+01 4.442077788709988084e+01 2.430881234483607400e+01 4.202338277151626755e+01 3.771362214610028474e+01 2.436944091041399219e+01 2.062973810509067008e+01
7.340434288523949372e-03 2.000734043428816733e+01 3.450244527846209763e+01 3.323925745108661545e+01 1.656040584263104165e+01 2.867941636997203148e+01 3.376028506525329931e+01 2.641866200354910177e+01 8.219226543418637121e+00 2.420589374148580575e+01 1.928697431870580203e+01 3.918227001090354378e+00 2.551488258267219322e+01 5.131444397118990253e+00 6.802022596649591080e+00 6.245395383287518420e+00 8.501707447762107961e+00 2.959632998012083149e+01 3.828974719020818895e+01 4.196754198685324155e+01 2.764979052464701326e+01 3.225766406210831150e+01 3.807088492119773804e+01 4.513911256225492252e+01 5.512625092539590099e+01 7.494961120977468738e+01 7.384467923100412179e+01 5.403150353747917478e+01 4.410049406821396190e+01 3.660707130668668441e+01 3.161061727515556541e+01 2.680259501175068237e+01 4.442394220025299489e+01 5.258615064945914952e+01 4.767496989554516063e+01 5.097903352200366811e+01 4.456523384689828760e+01
3.515918393995972821e-03 1.713964281809548851e+01 2.330624853547210407e+01 1.490214702554347781e+01 2.168893950803392912e+01 7.570234043678627955e+00 2.202052516562697448e+01 2.344254415599209551e+00 2.644731778356027796e+00 2.945361659418492817e+00 3.245615370088189788e+00 3.545220283415496887e+00 1.113816708159604296e+01 1.581324200726979612e+01 4.697204648850616948e+00 2.554885065289365542e+01 2.959352655852788772e+01 1.360371653135468328e+01 1.748447913199485271e+01 2.149152296596140843e+01 3.350173750789682714e+01 5.224798691135355000e+01 5.800263586874806521e+01 5.800263174438430980e+01 7.315683484039095674e+01 8.301819282517928400e+01 8.204917099180289597e+01 7.214342966681198277e+01 6.393809138424162342e+01 5.644018436892091017e+01 4.868240465820607454e+01 2.870930337808504262e+01 4.868240465820607454e+01 5.969900721761620588e+01 6.823516395606793594e+01 6.255518633579615795e+01 5.355726041500319212e+01
4.608085242692564441e-03 1.805670437927679117e+01 7.226090222879260061e-01 1.021515125630646059e+00 1.320552138497194772e+00 1.619680844481343751e+00 1.919236064438252676e+00 1.208500490493317869e+01 1.442434476526369558e+01 1.022684780937505877e+01 1.981737761745021942e+01 2.176962045720328476e+01 3.967650209673840855e+00 4.266718359809908989e+00 4.898178201596198988e+00 3.371202387231573994e+01 3.272961691272568885e+01 3.461016234597077812e+01 3.711172616306770067e+01 4.196633807098217517e+01 5.017758956070252907e+01 5.352718204791970891e+01 7.329754800231027900e+01 7.777294584143218970e+01 7.339253346721137916e+01 8.153022404489000508e+01 8.868727273053265492e+01 6.885499582499181770e+01 5.475200548034479908e+01 4.477521956166346939e+01 3.725946334076288480e+01 4.868232643762982548e+01 3.154990731611485799e+01 4.562325955241676922e+01 6.553914714208288217e+01 5.416464552436939073e+01 3.554506848934232011e+01
1.610643649003322799e-03 2.999852000677684649e-01 4.365695032894474359e+00 1.386089759381973963e+01 1.863370074792937814e+01 2.060596612135127614e+01 3.379161214526074097e+00 2.231116003220019905e+01 2.828292673757565012e+01 2.763192176492929519e+01 2.040633368504968459e+01 2.788338157113467730e+01 2.593990711507342084e+01 5.043535002607950624e+00 6.633954611953395641e+00 2.693470306900903566e+01 1.245830023739604542e+01 1.461769621335296243e+01 1.681192765448404458e+01 3.709537223758316316e+01 4.857923097298586868e+01 6.082083182440548086e+01 6.359772227029929326e+01 6.648606119061905417e+01 5.320668503673689287e+01 6.996708908967181628e+01 7.999379843445423433e+01 8.289127783670788574e+01 7.294254928931221116e+01 6.470783558190881024e+01 4.875398655854571217e+01 5.345475950529474574e+01 3.357006389671779090e+01 4.762026510627988785e+01 6.754052156440972965e+01 6.276884031775608008e+01 5.368621585197064405e+01
2.022278438842990342e-03 1.979657144444414385e+01 3.856909321654863998e+00 8.893821366730398026e+00 2.316934627945567016e+01 2.677866106154583292e+01 2.331260136543055950e+01 8.786715655684636417e+00 2.969255424654221542e+01 4.071454169789325306e+01 3.105859492466109018e+01 3.512322517803035993e+01 3.662598124666716615e+01 2.927645953158066661e+01 1.097919776623478505e+01 9.443223385839809580e+00 2.971661377871787835e+01 3.492160339069292974e+01 3.712079702403100612e+01 2.000915158418391826e+01 4.031092914018059048e+01 4.059380129270976312e+01 4.337569170865518231e+01 4.626828680902109880e+01 4.148324488949327105e+01 5.163450668143017452e+01 6.598739616005590847e+01 8.597613627907941236e+01 8.853554233467700385e+01 6.867587780016057764e+01 6.677291121929211215e+01 5.549503494981350116e+01 3.560892175032270757e+01 4.965884160782552925e+01 6.958484836514614358e+01 7.272074131416572129e+01 5.255042138504805393e+01
6.642187732006160465e-03 1.999391006271050841e+01 3.375505763841238149e+01 2.720793823187029759e+01 1.773362542638778194e+01 3.498670875996545959e+01 3.701560381796511479e+01 2.994803908054119645e+01 1.574562770501724174e+01 3.653595310508881511e+01 4.879415868156205960e+01 5.149162063543747081e+01 3.736542299230256958e+01 1.737589823984201587e+01 3.094056750397686884e+01 1.465457465676987958e+01 3.495247448583683791e+01 5.158015287640581903e+01 4.554453964586554093e+01 2.527478206318050624e+01 2.364605409003355163e+01 2.625918102531286991e+01 2.905497727131555408e+01 3.195067446960454660e+01 5.218986559102390999e+01 6.419843047785076351e+01 7.241216808612436751e+01 8.243655119902017248e+01 8.642112438668462460e+01 7.820151567456083797e+01 5.853182739067030838e+01 3.861819442540195979e+01 5.549503497052322132e+01 4.965884160970400529e+01 6.958485213630851263e+01 7.272077011669921376e+01 5.255042284643174355e+01
1.591255364720534126e-03 2.000107332725448472e+01 3.829610818169926034e+01 4.484619199615819696e+01 3.037460562405111375e+01 3.632664486329559850e+01 4.816071189006544273e+01 2.805782225161795296e+01 3.655428488818954946e+01 2.536647432590369178e+01 4.551732257988414432e+01 6.002539467884260205e+01 4.225417381538346717e+01 2.212549612980367897e+01 4.224494417155518988e+01 3.495251169429462124e+01 2.295057371564614002e+01 4.323262426580305373e+01 5.116128005407868784e+01 3.090983349182197770e+01 4.392395031553501639e+01 3.532461342923367908e+01 4.927845733243669457e+01 5.218993582822623267e+01 3.677626768807161994e+01 4.392872865640632796e+01 5.409863355621413916e+01 7.429865149128227131e+01 7.820150723738727550e+01 5.828740168340090122e+01 6.072030501781327416e+01 4.078226221278904262e+01 6.072030584833257905e+01 6.958485224010392756e+01 7.781634584093673368e+01 8.114908481980549482e+01 7.272077011669921376e+01
6.189296070378335485e-03 1.000619270595508148e+01 2.414885273627336204e+01 4.416317498436063715e+01 5.069648531693249538e+01 5.685297982316620136e+01 5.609315130212039691e+01 3.990224064272467785e+01 5.251506784519103377e+01 3.272289997274467765e+01 5.251506493912996376e+01 5.189093936295540033e+01 3.146419684605824685e+01 4.225420261389205479e+01 3.626777440266790364e+01 4.998678941775008155e+01 2.972547557487101955e+01 4.998678954331536772e+01 5.726845498233768694e+01 3.701325044250361174e+01 5.726845498233768694e+01 5.557512602981197603e+01 5.187088087227275679e+01 6.100806102414431109e+01 4.073474065073367001e+01 6.100805896232463255e+01 7.241701074403691507e+01 8.243780145720954522e+01 7.820257749762430421e+01 5.828740695333645760e+01 4.415034373686378899e+01 6.072030584841883183e+01 4.968507547321834750e+01 6.964797972989816799e+01 8.849865546666588045e+01 8.625522863990950384e+01 7.455271077123140344e+01
2.247884206357958405e-03 2.000224788420600319e+01 3.472071608046500302e+01 4.179188682035479729e+01 5.007906618219996631e+01 6.162627247649492546e+01 6.726383025187685405e+01 5.944205454868359340e+01 6.036559893431702761e+01 4.439540962515765443e+01 6.036559892956865525e+01 6.031832087260082886e+01 4.161100809662787015e+01 6.031832087259775221e+01 4.805589834703126684e+01 5.832464543463297701e+01 3.986442857109555860e+01 5.832466703313805567e+01 6.552096615274584224e+01 4.872402219529195833e+01 5.135739901848181432e+01 7.153900645822476179e+01 6.616830107729866484e+01 6.578834388374957598e+01 4.550780615965499720e+01 5.358531251573219834e+01 6.532062559357289899e+01 8.533985387581050475e+01 8.501081328174132068e+01 6.665848522123108921e+01 4.667183265585659768e+01 6.665848522388446895e+01 6.964797972989818220e+01 6.038924601425075878e+01 8.028004542030483037e+01 7.782659231751470941e+01 5.758988879251583626e+01
