LEM/sinusoidal_perturbations/elevation_000194.asc
nrows	100
cellsize	150.0
xllcorner	0
ncols	100
yllcorner	0
NODATA_value	-9999
[rows 68 to 84 of 100, columns 37 to 73 of 100]
4.546843822210077946e+01 4.870234847958955271e+01 6.019746683686534539e+01 8.004403948248464928e+01 8.206382823539890126e+01 6.810771279130635492e+01 7.563890757954884236e+01 5.599848079446132942e+01 4.483405945345709398e+01 6.429950188817934986e+01 7.239064730845443307e+01 5.845326502567902338e+01 6.672703772019475821e+01 5.083786305275499018e+01 7.038945123850595564e+01 7.845419018399579159e+01 8.288309790172853297e+01 8.818464097987110506e+01 9.391434465286010891e+01 1.022175539105275703e+02 1.162828915749435339e+02 1.161398991562431604e+02 9.616310468064068573e+01 9.358238142789873848e+01 1.095370142476722179e+02 1.178848219403048745e+02 1.279298771985911571e+02 1.397183730135515702e+02 1.300012608052271901e+02 1.122628238086385295e+02 1.269027707523926125e+02 1.273004259598458106e+02 1.081510681005599537e+02 9.436726797236276809e+01 1.010650280245142199e+02 1.202865095710972270e+02 1.308817980759730233e+02
6.535996397313341788e+01 6.858561563454729537e+01 5.376099146367212711e+01 7.363314433945818394e+01 8.782859612105190195e+01 8.768905488005135851e+01 8.388023654069920099e+01 6.792223447688894566e+01 4.841322243622222743e+01 6.792223447688894566e+01 8.455431625938993534e+01 7.812178226147847226e+01 7.861993765500507436e+01 7.038945123850595564e+01 5.458953708959987239e+01 5.870787863419177910e+01 6.307723524720198327e+01 6.834926103448962920e+01 7.406745462055525309e+01 9.391434469071391788e+01 1.129053721504312762e+02 1.244943837238721329e+02 1.161399558975853950e+02 1.135336071096616166e+02 1.218949995421408374e+02 1.307328032423421575e+02 1.389846125200255926e+02 1.314923043086274959e+02 1.122628238086386148e+02 1.026185746315929492e+02 1.076156425182730345e+02 1.202866358303775058e+02 1.091889676205130968e+02 8.957066459763623811e+01 1.035564708628187560e+02 1.227870716146194923e+02 1.113128074926161730e+02
8.109775328246851700e+01 8.113344173839891482e+01 6.128952005572893569e+01 5.976674243991811153e+01 7.381987721317148043e+01 9.360138590789355817e+01 8.404546141646635249e+01 6.429862192974466950e+01 5.396166442635727378e+01 5.664054987770983018e+01 7.630880785907838515e+01 9.516301969826687923e+01 9.194369219679455796e+01 7.209621682327325232e+01 5.817126986680629130e+01 7.790940777074463597e+01 8.288309790153681433e+01 7.923382778324219089e+01 9.391434465286010891e+01 8.465124906359935153e+01 9.868461198053431360e+01 1.187250017000411759e+02 1.270541529220617321e+02 1.188208063244016017e+02 1.167223271691060518e+02 1.109197695201380753e+02 1.307328016879267807e+02 1.397183287151525235e+02 1.243849573788239411e+02 1.051241267023022772e+02 9.374511291495885246e+01 1.008874438499892108e+02 1.054809757778093768e+02 8.573201326991593874e+01 1.054815030423471995e+02 1.195836360949021611e+02 9.994914753089116743e+01
8.997410281519174191e+01 8.935584796331296786e+01 7.123559203031506115e+01 7.961874220961172455e+01 6.659969024520648873e+01 8.641540216505207184e+01 9.231089788736436219e+01 7.953757714664057232e+01 5.980445378857711347e+01 7.630880785907838515e+01 6.709502866616293204e+01 8.688928053169976806e+01 9.333097518218134780e+01 7.347839865105785861e+01 6.207084888389644561e+01 8.186908477782966997e+01 9.793605970209159750e+01 9.912048786303763848e+01 1.074341390728623082e+02 9.868524700979077124e+01 1.129053016588923555e+02 1.206160087387611242e+02 1.123862822244034021e+02 9.898812744297734412e+01 9.688321278630839117e+01 1.083539233569119062e+02 1.223364756331715171e+02 1.422023581532795617e+02 1.325432839571486170e+02 1.213494598818978574e+02 1.065695713973940428e+02 8.681703576007839729e+01 1.019344172622928681e+02 8.212285701788481163e+01 1.019344172622928681e+02 1.027468026133733332e+02 9.235539494114195236e+01
1.014244845115924818e+02 9.926614287385613977e+01 8.523472186388150362e+01 9.212577193297309464e+01 7.234447058061839186e+01 8.278401095667665288e+01 1.025732402527908107e+02 8.613859706283210471e+01 6.633553731425750755e+01 8.613859706283210471e+01 7.848978885238240366e+01 9.516301969826687923e+01 1.016258906373803370e+02 8.936679738198188261e+01 6.952971443351827929e+01 6.981227353564894145e+01 7.866839640787662802e+01 9.010511831183909237e+01 1.100540759807654894e+02 1.187519163379008944e+02 1.249057646790274845e+02 1.091178529818722893e+02 9.245138606466305475e+01 8.735591087914983177e+01 9.640181779465547152e+01 1.078759590139905384e+02 1.276753968789560503e+02 1.344466727699399939e+02 1.232498793763969474e+02 1.151561443707269490e+02 1.022592198062047544e+02 8.243848120575934502e+01 9.641439000986109420e+01 7.873185311063717506e+01 9.471680725956798597e+01 8.284845655736837955e+01 9.884871614753743074e+01
9.247718253874859329e+01 1.007349662352285407e+02 1.050254482715151454e+02 9.837218241220402604e+01 7.861929772572585762e+01 9.837218241220402604e+01 1.108364667868834204e+02 9.441012060376344550e+01 7.621020998494037713e+01 9.441012060376344550e+01 9.836319954452324055e+01 1.066658474546536013e+02 1.034392287210563950e+02 8.353780546662100903e+01 8.936679738242555970e+01 7.971368402027690081e+01 8.965032541606157679e+01 1.068526861134192387e+02 1.184163422439964393e+02 1.189984056151437102e+02 1.051195900473504992e+02 1.008768645764254615e+02 8.066447345518464829e+01 1.008768645860172768e+02 1.155963398012116841e+02 1.244733173547223402e+02 1.359238008254498027e+02 1.262698870788712782e+02 1.070203210024523059e+02 9.570460374204942866e+01 8.858547095740971145e+01 8.188336079767795184e+01 7.661903155067923876e+01 7.545191439063069083e+01 7.495004096496730028e+01 7.687897133077254352e+01 7.897496776913916960e+01
7.245733068424689804e+01 9.247718249625648923e+01 1.037084908834887642e+02 1.066198694632641661e+02 9.257278061841338967e+01 9.257278062073015690e+01 1.123731768708311876e+02 1.043639822439145917e+02 9.606698414072377545e+01 1.043639822439145917e+02 1.142812896949308623e+02 1.224898047308721374e+02 1.117627076441712290e+02 1.034392287210563950e+02 1.079022075945732837e+02 9.958696681125029215e+01 1.079022080424290948e+02 1.179395930478086569e+02 1.249057657353690018e+02 1.051195900475097744e+02 9.095150410884762948e+01 9.691283398350080347e+01 7.659079698146246074e+01 9.658913843828462120e+01 1.020633646972453050e+02 1.085868479217784994e+02 1.168076536732366009e+02 1.256744887797804466e+02 1.232498793763969474e+02 1.151561443707269490e+02 9.813465370352760431e+01 1.017144178689390088e+02 9.193906167160588438e+01 7.228221923171506091e+01 9.181969942826793840e+01 9.670841526265687094e+01 9.884871614753777180e+01
6.647016957251808833e+01 7.542303584619457979e+01 8.960610611852018792e+01 1.095782479207171463e+02 1.123731733398726078e+02 1.123731768708311876e+02 1.206669583057773849e+02 1.175106280898562972e+02 1.072089414724225094e+02 1.086475763667305046e+02 9.398051532254100948e+01 1.108509360675814008e+02 1.114279320617150972e+02 1.195461837188151861e+02 1.212577157003003236e+02 1.130226705528681208e+02 1.212577157003003236e+02 1.184121948485108646e+02 1.099741439834258045e+02 1.109428119952742406e+02 9.939032108285375955e+01 7.916465298565100284e+01 7.268255512954790731e+01 7.638354900037934669e+01 8.209078334053150172e+01 8.858776195338533910e+01 9.763509420596007260e+01 1.116506539236295481e+02 1.314406268562113098e+02 1.257734008369634466e+02 1.176428847032953513e+02 1.052623133989382893e+02 8.480689373268072018e+01 7.089279228206244454e+01 8.737554740389285257e+01 8.814702083499071250e+01 1.070247549411183741e+02
7.245733068407159294e+01 9.247718193719680357e+01 1.037084908834887642e+02 1.061457540157662152e+02 1.142129544624119717e+02 1.198223237291312842e+02 1.118129996482953459e+02 1.038839449904104129e+02 8.733776571396575150e+01 9.722784162240056105e+01 8.195802055630058192e+01 1.022050067731054810e+02 9.177771599551660131e+01 1.082097542419775635e+02 1.112816860824592027e+02 9.304124293192732864e+01 1.112816860824592027e+02 1.099741439834258045e+02 8.932069162372690130e+01 8.946929992073019378e+01 1.012046500986908768e+02 8.887624657099230774e+01 6.887578203344604333e+01 8.928628425235802979e+01 1.020633646972453050e+02 1.063507315916055802e+02 1.168076536731209103e+02 1.256744887797804466e+02 1.267147809209797202e+02 1.185461023553033897e+02 1.224910753551448011e+02 1.031531650338078663e+02 9.770608307300008732e+01 8.744598797355229181e+01 6.897100822757028027e+01 8.624935103854765828e+01 9.573640410697802849e+01
9.247718193719680357e+01 1.007349170871141126e+02 1.028767009602465805e+02 8.644491778726786890e+01 1.028767009602465805e+02 1.118129996482953459e+02 9.234453282911513838e+01 9.507056603377495207e+01 7.592544747426305207e+01 8.411540533005606335e+01 7.356554986528185225e+01 9.393954602151613642e+01 8.027440155199823835e+01 9.937582006793293488e+01 1.030319567423977105e+02 8.287196383450569215e+01 9.295196028845178660e+01 9.895823642563361489e+01 9.536994776496933923e+01 7.463969104426364254e+01 8.542442006014580613e+01 8.164567350639713084e+01 6.613702422833192429e+01 7.634194868468094342e+01 9.289623675480015663e+01 1.179767260144279817e+02 1.292766495602573684e+02 1.178694959582775823e+02 1.096901245096181157e+02 9.874353388511889307e+01 1.152955671364471328e+02 1.031532493473886802e+02 8.388895385013152861e+01 9.044051266593731953e+01 8.355919072503826328e+01 6.709101440889384094e+01 7.997015061986499518e+01
1.080700146117014526e+02 1.077337279754967057e+02 9.477147091598196482e+01 7.489626473310954680e+01 9.477147091598196482e+01 1.025378625187758388e+02 9.804671474114779528e+01 7.829945920484804844e+01 8.456981000792556813e+01 6.452879881879667323e+01 8.346754040920238538e+01 8.126802660365359543e+01 7.131179710123522852e+01 9.122425610607723456e+01 1.085993383181725989e+02 9.295196028845178660e+01 7.262942053255480346e+01 7.873085545438902955e+01 9.297893963093900993e+01 8.544502156972609441e+01 6.497946587613401448e+01 6.251133430935954749e+01 8.284569542965948585e+01 9.520380555473023776e+01 1.072004382033653940e+02 1.215966192734950226e+02 1.211035135871934898e+02 1.013349438182812321e+02 8.972126148930128409e+01 8.709583030713599783e+01 1.063780273566513159e+02 1.110741428642986506e+02 9.058723307711474604e+01 7.142503477118454214e+01 6.521647003082034644e+01 8.451692920286184574e+01 8.843807974639851466e+01
1.051916715332780115e+02 9.379018586209140551e+01 7.984664374868596326e+01 6.780131486901403548e+01 8.774452438128702170e+01 8.273041481990075852e+01 9.670998741558098288e+01 8.668039825499150197e+01 6.672879176196497042e+01 6.004931850203275445e+01 7.487367337158873681e+01 6.128853227170095153e+01 6.911700678315408197e+01 8.066338009868900372e+01 1.004636059791062337e+02 1.012373324558820400e+02 8.465531817522287383e+01 6.431377781146900929e+01 7.787480472042733481e+01 7.642113360389639354e+01 5.917236087871283701e+01 7.946274912989387929e+01 7.283853392798511095e+01 8.320441433428466382e+01 9.481492934474145784e+01 1.136549628745261629e+02 1.243460512056332448e+02 1.103191069900486241e+02 9.816109606942733024e+01 7.808087020870415529e+01 9.816109606942733024e+01 1.124878713736101048e+02 9.851296217088160745e+01 8.274733496424713053e+01 6.388123569534765522e+01 6.636057292806385988e+01 6.904064737323338363e+01
9.709081700478593291e+01 7.726384932921691018e+01 6.570096196614375117e+01 6.146533515575579543e+01 8.143792779001518056e+01 6.859252922615715420e+01 8.676896473784577779e+01 9.391329751174096430e+01 8.668039825499150197e+01 7.487367337158873681e+01 5.486633885874071836e+01 5.494296517063165908e+01 7.494995574491609602e+01 8.812814135998233667e+01 9.858092548341603845e+01 9.025488469909745959e+01 9.297893868687835095e+01 7.787480471949986338e+01 5.759847264772378139e+01 5.616148373660962534e+01 7.642113360389639354e+01 7.574581680137241335e+01 9.283013451541562233e+01 9.283013451986292353e+01 1.083837431402912159e+02 1.003184335655415111e+02 1.083837617551867112e+02 9.629214368894584197e+01 8.213361089390393488e+01 7.301031254627625344e+01 8.432210126895448354e+01 1.042823833330962913e+02 1.000631073300853870e+02 8.188677807875266978e+01 6.252142962829267958e+01 8.112328421356207286e+01 8.836535386080444709e+01
8.833156948734452385e+01 9.379018586209140551e+01 7.567233692311303628e+01 5.569408136349920113e+01 6.978107076256914354e+01 5.857988191927980637e+01 7.855816885542532191e+01 7.421101363497824366e+01 7.798398559460518698e+01 7.432417699840554803e+01 6.609360143932576648e+01 4.991907762346441046e+01 5.995774649069466733e+01 7.993866971199537375e+01 9.025488469909745959e+01 6.996197773666678188e+01 7.590563257584545909e+01 7.081463216120742743e+01 5.320620455681552841e+01 6.751036113515800707e+01 8.477226600609714069e+01 9.600125505713171492e+01 1.042835867086606214e+02 1.126053693500691963e+02 9.854557904026994208e+01 8.055723404185496861e+01 9.854557904026994208e+01 1.021110980344369068e+02 8.213361089392905967e+01 6.821926874722193190e+01 8.213361089392340375e+01 1.021110979745814831e+02 9.191907112412293657e+01 7.235143787168374274e+01 6.130912461857197826e+01 7.512636311227743136e+01 9.522880081390843543e+01
6.830522057378067302e+01 8.250498122436876258e+01 8.385914551454504817e+01 6.978107076256914354e+01 4.977391911667715618e+01 5.100138922206439673e+01 7.099718112364915612e+01 5.988862001213288266e+01 5.767871116878828985e+01 6.246780370329292253e+01 4.606947896798094888e+01 5.764511999385361918e+01 7.763399498434631596e+01 8.812814135998233667e+01 8.816277239542944244e+01 7.590064052171513254e+01 5.564189159717639654e+01 5.062163115833234173e+01 7.081463216840246844e+01 8.180571347605135202e+01 9.610105558033312434e+01 9.670999678426500168e+01 8.852082825877843675e+01 9.670999737361725579e+01 9.043783364462521490e+01 7.067252539030187108e+01 9.043783364462544228e+01 9.833570823072909661e+01 7.841484653152109274e+01 6.461439010258716564e+01 8.424953170702193006e+01 9.813107574923003540e+01 8.592674623882598439e+01 7.780765989807582628e+01 6.014350105867344354e+01 7.943824944906344854e+01 9.530049655642376649e+01
5.454151042415845296e+01 7.261840131019829414e+01 8.476726405611930204e+01 7.798632366620989842e+01 6.433581379157801905e+01 4.407985049978002934e+01 5.973711752170327571e+01 5.848126103932617070e+01 4.451327089577152663e+01 4.246110571245325360e+01 6.246780370619597988e+01 7.432263218485093148e+01 8.582601100537620198e+01 8.471589223818999415e+01 7.988068007678231197e+01 5.967452459944465204e+01 4.821775613506692792e+01 6.823973610821029467e+01 7.081463216836972663e+01 9.104726115614690229e+01 1.001175466947054105e+02 8.679993797217376539e+01 6.868011815943602016e+01 8.357878266801851908e+01 7.543928733384061047e+01 6.412594064997514920e+01 8.384939750203882625e+01 9.481416558552938056e+01 7.496473242522755243e+01 6.113089289404059912e+01 8.077849626189846788e+01 8.414158912825583059e+01 7.048511701888745051e+01 5.858238511206472765e+01 7.767236233419333757e+01 6.791867858400574676e+01 7.914302712969180220e+01
4.493216193501544353e+01 5.603673459467496087e+01 7.583219156228696534e+01 8.161890290229732159e+01 7.251733336253890627e+01 5.973606221463895594e+01 3.952332738682093805e+01 3.845335096280731335e+01 3.893712974438844299e+01 5.897784668347050285e+01 6.787637403958423477e+01 7.615886281866345087e+01 7.914008147751903266e+01 6.558395799065203846e+01 7.388281221828250978e+01 6.458714028500757820e+01 4.659449918007899782e+01 6.207883440984610957e+01 8.360824639588457785e+01 7.997670612439330284e+01 7.997605730633667065e+01 7.851104473085791824e+01 5.885814614449424198e+01 6.834351245186309143e+01 5.571321405177372554e+01 7.288975988184520816e+01 8.299914563827516645e+01 7.766938443468588105e+01 7.745515218741910246e+01 5.775590663340528863e+01 7.311209441142051446e+01 7.542002699390680220e+01 5.704384516570836894e+01 7.169383041548452695e+01 8.567074861966771948e+01 8.746534112551383089e+01 7.908061284808749747e+01
