LEM/sinusoidal_perturbations/elevation_000633.asc
nrows	100
cellsize	150.0
xllcorner	0
ncols	100
yllcorner	0
NODATA_value	-9999
[rows 17 to 33 of 100, columns 37 to 73 of 100]
6.059000596008754513e+01 5.271965541266450828e+01 6.893914873072174032e+01 8.012894389747741286e+01 8.513233720472634047e+01 6.434727281733022153e+01 5.037346297135892570e+01 6.434727281733022153e+01 8.513233720472634047e+01 7.236117504759468488e+01 5.175609550918620272e+01 5.441070679091138373e+01 6.467629982781427600e+01 7.943525329628552356e+01 1.001385370668136403e+02 9.921856130708468413e+01 9.069433546843779936e+01 8.340664867475852873e+01 6.927528195883068918e+01 4.903147649981841028e+01 5.722585885657803573e+01 3.715219546279928409e+01 3.472244137270443076e+01 5.350288378639292830e+01 4.441388391811246805e+01 6.405930017427678536e+01 5.823335853019710839e+01 7.101058937212296485e+01 6.361852561934231431e+01 8.222985921623123318e+01 7.281533961437816060e+01 8.716347399973837184e+01 1.072314967131827785e+02 1.163808223186433537e+02 1.062194350141273702e+02 8.771509937705464210e+01 6.768024208647189255e+01
6.193904896374562696e+01 7.206350836243785807e+01 8.012894389746946899e+01 8.256803086149400883e+01 7.400730333249470050e+01 6.583262727145478266e+01 4.615541111928904172e+01 6.583262727145478266e+01 8.568115609899825813e+01 6.664635421599889753e+01 4.639432193017464812e+01 6.664635421599889753e+01 8.364285319150407361e+01 9.401600567157498745e+01 9.302874547279775186e+01 1.014512775106234130e+02 9.050531719817446685e+01 6.992868950574289499e+01 5.826663032450225188e+01 4.823378028409742058e+01 4.176136846051940665e+01 5.500477228728998824e+01 5.364047865748300126e+01 3.394670968834275016e+01 3.684244093245823137e+01 5.591235719996320341e+01 4.666447593742577027e+01 5.092882609835422159e+01 5.629383051731276311e+01 6.206240942691929519e+01 8.223005089083569885e+01 9.304126176750060040e+01 1.129541857981697319e+02 1.080386033410055120e+02 8.764007884149879146e+01 7.759085766285704722e+01 8.760560838030284003e+01
6.962321272261986849e+01 8.112146207925688657e+01 8.921411630748167454e+01 7.400730333249470050e+01 5.386435868924450432e+01 5.976409058218722947e+01 4.229155067357609710e+01 6.163743069192889124e+01 7.693023533078731191e+01 5.536034619854059002e+01 4.287878598696887167e+01 6.281907986086017104e+01 7.678648484084808956e+01 8.528958402842134490e+01 7.232885126420806898e+01 8.956209678136433183e+01 9.902733639099029972e+01 8.289125411761672524e+01 6.246292401075839962e+01 6.844597682710306685e+01 5.347805922654407595e+01 6.808328476538960672e+01 5.309954949106477073e+01 3.339803410160659070e+01 5.309010854426926329e+01 4.138342904171433645e+01 6.116748521563432917e+01 7.101058928236238899e+01 7.637460326272426414e+01 8.170778943360888036e+01 9.013869657272941538e+01 9.239928984097734599e+01 1.008616008081434927e+02 1.163808223186433537e+02 1.062194350141273702e+02 9.783934109125219436e+01 8.303785845974333313e+01
7.829448317193507023e+01 6.246658694697115521e+01 7.829448317193507023e+01 7.224670769973359086e+01 5.976409057647275347e+01 4.053416669988587273e+01 3.860961330078772846e+01 5.768846946942311149e+01 6.300007912955759082e+01 5.073748679212091162e+01 3.969185488338687406e+01 5.931293686859057601e+01 5.634991608201023183e+01 7.347501406270708912e+01 6.039790732857951383e+01 8.033957030301836255e+01 9.040151658142828239e+01 9.142213316245900501e+01 8.289136850163919235e+01 8.227449111979056795e+01 7.376978725651352420e+01 7.234692246846312003e+01 5.257616736139204505e+01 3.284496565601072149e+01 5.168299490055697021e+01 5.990963500871775693e+01 5.597409270769735201e+01 6.432125085923755137e+01 7.853353323460679292e+01 8.623940249270323477e+01 7.800206691738004849e+01 7.203854192191712968e+01 9.239928984097734599e+01 1.073488169568636721e+02 1.100589754180462165e+02 8.957571740357215617e+01 7.385994252879412159e+01
7.035106489993289358e+01 5.188231579737670529e+01 7.035106489993289358e+01 6.375684905667492330e+01 4.425225669679392126e+01 3.365690357822047218e+01 5.249586252618888693e+01 6.611038582608890124e+01 5.457714176740282852e+01 3.531400998143875825e+01 5.026977455410754203e+01 5.239424369538090076e+01 4.507514482389552057e+01 6.093517609003026791e+01 5.144595116497649201e+01 6.127007564069064927e+01 7.588228214102032609e+01 9.652620621294913406e+01 8.895649389899401172e+01 8.040943039641700807e+01 7.825945241422418519e+01 5.799138170589545638e+01 4.389659451451790062e+01 3.912888580646744430e+01 3.205981844026699434e+01 5.102735593353028065e+01 3.620033071968373406e+01 5.011002832607825752e+01 6.538309899547273574e+01 6.975931215213579151e+01 5.782498642715938786e+01 6.677468931818113163e+01 7.844638738202472439e+01 9.888605215788517455e+01 1.083121345499653359e+02 1.039693391345227269e+02 8.957571740357215617e+01
5.960590764266374464e+01 4.507375880634342735e+01 6.382137603470768283e+01 6.324659652463431314e+01 4.377654356807052238e+01 3.059993868113681259e+01 4.377654372976283526e+01 6.324668029651550683e+01 6.300438434885985117e+01 5.026977455410752782e+01 3.113742836291486071e+01 3.318765609248931980e+01 3.713659648053551621e+01 4.122580714916735189e+01 4.712226274882528543e+01 5.859140587157405378e+01 7.925238121115701517e+01 8.732727592148151530e+01 7.704464402613213281e+01 5.983581118288861944e+01 7.696624389929556287e+01 7.229730659599397313e+01 6.377490268700847764e+01 5.734854564247437736e+01 5.025521936233207043e+01 3.127098225103871698e+01 5.102961643706071015e+01 4.150308916977204632e+01 4.541443659788698284e+01 4.971309847160399897e+01 6.121630388758281072e+01 8.143733407990320927e+01 9.554944949268345056e+01 1.023148472994188296e+02 8.799558542781805670e+01 1.023148472994188296e+02 1.100589754180462165e+02
4.061094463335266624e+01 3.882356976464943443e+01 5.789285892044328818e+01 6.354367773886321658e+01 4.662935682086662581e+01 2.750073706003242435e+01 4.663305648389896163e+01 5.998517895243303855e+01 5.249124410578475874e+01 4.422501819840056214e+01 2.820264864742160427e+01 4.735211911284222452e+01 5.652800202336540281e+01 6.093517608972015154e+01 6.732277567869097368e+01 7.586156063954676654e+01 8.778842412366248027e+01 7.881829978960440997e+01 5.824100880529204716e+01 4.771255815172460046e+01 5.946327301850043767e+01 6.788148049759863056e+01 5.781496118041498988e+01 4.952175602877356653e+01 3.049114393705097470e+01 3.451798693751250369e+01 5.321640696759427414e+01 6.138800334885257115e+01 5.947347132933648339e+01 6.121628689468052187e+01 7.817585194315259400e+01 8.993440059268642983e+01 9.661675016382363879e+01 9.394616489538532278e+01 7.368149273541882849e+01 9.394616489538532278e+01 1.070301818390110782e+02
3.096675706304436204e+01 5.010826001104408078e+01 5.646026972831590740e+01 5.490568864356740164e+01 3.574671804987277568e+01 2.433549328268543732e+01 4.318408040464565545e+01 4.014128019706826933e+01 4.117322467421185905e+01 2.498271410607580734e+01 4.418296837123173049e+01 5.560241836969290574e+01 6.310787288948860407e+01 6.357020992367558421e+01 7.192684374078828569e+01 7.736180665316899763e+01 8.587310797300195020e+01 8.732727592148151530e+01 7.620184734534097970e+01 5.946434488169952459e+01 3.826848693915224686e+01 5.190433478378940890e+01 4.877044793892117980e+01 2.971629639477075102e+01 4.951719316591496778e+01 5.313212541087201402e+01 4.733256989907587098e+01 6.743281273778694640e+01 7.965020225563414158e+01 8.142930167046142742e+01 8.987622017348614634e+01 9.063405804253403630e+01 7.636232491962972802e+01 7.677354159876682616e+01 6.610608795559818418e+01 8.628683876173883505e+01 8.671078164587453330e+01
3.903188518138702534e+01 4.589699287665879268e+01 3.343860557236782682e+01 3.859643898481558466e+01 4.028441054846584279e+01 2.440911245257984419e+01 2.044919244570733241e+01 1.945830383297116839e+01 2.164382934724133989e+01 4.105583695565543678e+01 5.102325757536935669e+01 4.455887103871133803e+01 4.301865219545076968e+01 4.358759554150403659e+01 6.357020992369136536e+01 5.669270767685829071e+01 7.396025943689868143e+01 8.287471388614035561e+01 6.441581873697126071e+01 5.280724907980455640e+01 5.180045616859319324e+01 3.124311509482304672e+01 2.894950972245528931e+01 4.873883317071938848e+01 3.959830360853487008e+01 5.944256770880347318e+01 6.741673563661773017e+01 7.599852221134094066e+01 9.581549714039428522e+01 8.745053289783292882e+01 8.825541760160250249e+01 8.058815684098701126e+01 6.215947308784824088e+01 5.669858224568263694e+01 6.423330298467935506e+01 7.240763653563347191e+01 9.266219617280097509e+01
2.104859297911390570e+01 3.587326591464554326e+01 1.757772126587947170e+01 1.717300990946417016e+01 2.928354409418879101e+01 2.156022479500155953e+01 1.851423628161830237e+01 1.887899185125271018e+01 3.349270418295692764e+01 3.781130968032849182e+01 3.975821988061402124e+01 2.250276123857996780e+01 2.963506343036539192e+01 4.345806614659847611e+01 6.356561640460824236e+01 4.493283721683944520e+01 6.478098255486310109e+01 7.704079831726835437e+01 6.944881147996218829e+01 5.211875713740171534e+01 4.582227472542771096e+01 4.399883869224181865e+01 2.841623834939480631e+01 5.001179031857019197e+01 5.944254630913589921e+01 5.208209284212829004e+01 6.620058243462460723e+01 8.635666090829433017e+01 8.416145392363661415e+01 6.726903781899446244e+01 6.809541338633428609e+01 6.809541338633427188e+01 5.219655499574444946e+01 7.222745879538470604e+01 6.284660119126473887e+01 6.742466649652671151e+01 7.277411837511381520e+01
2.443611372187539388e+01 2.920374046437466120e+01 1.670599590005198465e+01 3.204308996640543938e+01 1.765916257984108029e+01 1.801052576450335607e+01 3.198562111841781075e+01 2.002386789657224497e+01 1.939370997576448019e+01 1.975593137008884170e+01 2.011754018046684322e+01 2.047926667838527237e+01 2.236485162827795037e+01 4.341478593958999710e+01 4.783414905435607523e+01 3.653645274876603111e+01 4.759205968944116449e+01 6.844379984374705828e+01 6.983201263867586306e+01 4.952766371989328320e+01 3.690875300277497928e+01 4.041378592636632305e+01 2.788619464483614152e+01 5.195890181636225691e+01 6.993613417453731529e+01 7.209629859523806772e+01 8.043486156374957829e+01 8.608557848789499189e+01 7.579874128141638323e+01 5.573155932305833460e+01 6.421294837588109772e+01 4.810913805028867074e+01 6.809541338633427188e+01 8.058870646070438681e+01 8.298989793130388648e+01 8.762392583640361465e+01 8.389814458616486093e+01
1.596444553406092837e+01 1.626287712345153835e+01 3.612531817155354474e+01 3.031805476356973017e+01 3.862435707363964354e+01 2.172882745840734842e+01 4.132312485251393497e+01 2.450029048776427842e+01 3.974561194948199727e+01 3.960608696146879026e+01 3.143145889937385817e+01 4.000838732284551469e+01 2.099111893623258140e+01 2.542745843605047540e+01 2.952700785048999421e+01 4.783415004683426730e+01 6.478066213477032420e+01 6.789360031610156909e+01 5.954035551295908846e+01 5.451764074484793099e+01 4.623566724317186782e+01 2.714201786257463311e+01 4.271594015972843295e+01 3.987917891946491267e+01 5.508984243743000064e+01 7.628283472255505160e+01 8.119540441963700061e+01 7.772818191029914203e+01 5.765141667351003463e+01 6.133557006713868276e+01 4.427785107555359190e+01 6.421294837588109772e+01 7.644743565492098014e+01 9.167033316634432083e+01 9.663698957317130578e+01 1.014234714199377549e+02 1.042017512931941354e+02
3.962510764619162273e+01 1.764459333718221856e+01 4.121004122325767582e+01 4.741121511078254258e+01 4.412688711476646120e+01 4.009021007163850214e+01 4.735584360291750983e+01 2.853023500161182469e+01 4.751927050696043153e+01 5.876967262380791368e+01 5.103323774503420651e+01 3.687710244480155097e+01 2.135314955459477915e+01 2.929615767113988056e+01 4.105119865523558076e+01 5.531004237210516550e+01 7.185497605276322020e+01 5.917131366747440069e+01 3.937749130167038203e+01 4.549624512825179323e+01 2.640438721893956142e+01 4.169759200888088913e+01 5.387979372864768379e+01 6.109699338253341949e+01 6.994240907259188589e+01 8.119540441785109408e+01 6.108692864215359464e+01 6.477690269691839831e+01 5.856276275381728169e+01 4.143690269954836936e+01 6.133557006713868276e+01 4.906624172315162724e+01 6.316393958413488718e+01 7.810615924491251860e+01 7.636793843321672171e+01 8.111614878868873291e+01 9.347439756903764874e+01
4.122269374820653098e+01 4.122269470950441672e+01 2.704219976690234972e+01 5.036895609552895081e+01 6.447334648732706341e+01 6.151507669333263095e+01 5.146885266295343797e+01 3.252928286456278784e+01 4.579348089908869213e+01 6.517041214678511096e+01 6.579864419021430422e+01 4.548484749613309219e+01 2.171431786604177461e+01 2.843173349739226197e+01 3.353010138495920955e+01 4.420672841823714094e+01 6.366665439830477879e+01 5.238059769917739317e+01 2.759791303210747060e+01 2.567172314512676223e+01 4.396140733786107546e+01 5.328465253826035308e+01 6.140945557446853798e+01 7.012978338991456440e+01 7.573499641709672403e+01 6.738629576711574032e+01 6.417600096696888556e+01 4.484077210156704751e+01 3.871033423045447108e+01 5.269684020959162041e+01 6.966583892212433682e+01 6.906283450476738039e+01 5.418907834254136446e+01 5.801672783369483710e+01 6.216956246047607237e+01 6.687151772227264246e+01 7.320313854054116121e+01
6.312287489376583949e+01 5.893655081561769293e+01 4.124893090027340037e+01 4.028000073689918281e+01 6.195442110543372394e+01 6.966040278299261956e+01 5.008898734232025873e+01 3.684934730807012215e+01 5.008898734232025873e+01 6.966040278299261956e+01 6.365859885644817240e+01 5.070722739328883932e+01 4.162297832676919285e+01 2.222327784079795165e+01 4.196943459950852429e+01 5.989526380356026891e+01 5.255167418927435818e+01 4.350668160734925038e+01 2.515104376333832548e+01 4.436500765935458190e+01 2.642077205847349575e+01 4.624039364439796174e+01 4.159203505405403689e+01 6.182258269116201177e+01 6.738560239573470767e+01 4.744059744459416805e+01 5.328214150921763803e+01 3.613519787343239642e+01 5.586045128199162235e+01 6.688470411468270527e+01 8.106763952397358253e+01 8.260518367000413775e+01 7.423994636720149742e+01 7.218106577792961787e+01 7.636793843321672171e+01 8.111614878868873291e+01 8.333842931760828776e+01
7.030992455326938284e+01 7.113920531190960617e+01 6.282714219960161017e+01 5.172107982124463632e+01 7.027274040188682136e+01 7.496665748635729187e+01 5.511267096345645911e+01 4.182125505169338453e+01 6.092780533223648121e+01 6.775937697525580461e+01 5.528964263721040595e+01 3.549620746441611630e+01 2.253647732696970607e+01 2.258375491787968414e+01 4.234563333440530641e+01 5.095144955452149560e+01 4.364349005612757537e+01 2.463336999403227878e+01 3.857654751557102202e+01 5.248444740925167906e+01 4.624548853670437154e+01 2.717451296556129137e+01 4.700190521462675974e+01 5.603042849961014582e+01 5.909025623602201449e+01 5.081626857820183574e+01 3.380154528800287039e+01 5.328214150921763803e+01 6.417485996779309687e+01 7.656895975827455914e+01 6.822222999188099379e+01 7.657410224852876013e+01 8.557804315153366304e+01 9.241060025123081800e+01 9.663698957317130578e+01 1.014234714199377549e+02 1.036397389024559175e+02
5.583363701290088699e+01 7.631154739807593046e+01 8.041898048417471045e+01 7.218776238962279024e+01 8.041898048417471045e+01 7.496677909995567290e+01 5.511267199584707299e+01 5.011014810670167918e+01 6.928669831061350237e+01 5.936539399093516778e+01 3.949996425653640131e+01 2.973764274422723375e+01 4.386092087420932728e+01 4.224164899067064027e+01 2.309265993638629766e+01 4.281737022392471914e+01 2.411749620962454443e+01 4.389074962767050891e+01 5.260858681206252641e+01 6.597659671924327540e+01 5.527570991994555527e+01 4.700126514670017741e+01 2.793489502969627480e+01 4.775890990425550342e+01 4.907781409715557430e+01 3.154804688008503533e+01 5.081707396313039737e+01 6.150715119828923605e+01 6.038898240388421357e+01 5.924521553626424719e+01 4.814933177622089744e+01 5.710508198048482598e+01 7.130254937952963701e+01 9.149298706364335487e+01 9.046955489669291239e+01 9.046955489669291239e+01 9.882731098020931881e+01
