LEM/sinusoidal_perturbations/elevation_000330.asc
nrows	100
cellsize	150.0
xllcorner	0
ncols	100
yllcorner	0
NODATA_value	-9999
[rows 0 to 16 of 100, columns 0 to 36 of 100]
8.271705653423140972e-03 8.173237514930754344e+00 1.817323751493093198e+01 3.231537313866238037e+01 5.231537313866308381e+01 4.930078378526580707e+01 5.148094172717829053e+01 5.979440105977452902e+01 5.945515973401692378e+01 5.119809895567376401e+01 4.344118827064718147e+01 2.743648325171978541e+01 3.025156051746863994e+01 5.014775687452480213e+01 6.243626258082018410e+01 7.542063181646727799e+01 6.724524562376528536e+01 7.136336399356177651e+01 7.566236821087032638e+01 8.093613616099476360e+01 8.662081201063411129e+01 9.316975461931774305e+01 1.012169321644717570e+02 1.112154093851740981e+02 1.057058613037247170e+02 9.724956688962801366e+01 9.585245387438577325e+01 8.740072744590273146e+01 8.943669865486285175e+01 8.943541288074275997e+01 9.788452607904281422e+01 1.067204873309534463e+02 9.821434432212784316e+01 9.821434432212784316e+01 1.012708265012903439e+02 1.012708265012903439e+02 1.097547202569546130e+02
7.813061968023241044e-03 2.000781306196766707e+01 3.645750876240152394e+01 4.645750876237467963e+01 4.351393104851346294e+01 2.941289171510486611e+01 3.158687297822731566e+01 4.795868926075776528e+01 4.792750442514184783e+01 3.121828629650111964e+01 2.348616810004379118e+01 4.344118827060250254e+01 5.014775687451915331e+01 3.434456063796096714e+01 5.421240366617025330e+01 6.175709676735504416e+01 4.739506247652261806e+01 5.154355132230959669e+01 5.588571338350659090e+01 6.119700607955375204e+01 6.692103572420732860e+01 7.351329205660771038e+01 8.337952781329090612e+01 1.030828756316955719e+02 9.724956688467443655e+01 7.689857777872734346e+01 8.285924392370925773e+01 6.729354789726525610e+01 6.928303480141478587e+01 6.928304127037544902e+01 8.943353311641304515e+01 9.821434432212784316e+01 7.742269545346138671e+01 7.742269545346138671e+01 8.045594623588179672e+01 8.045594623588179672e+01 1.012708265012903439e+02
2.526786264046545528e-03 2.000252678626369018e+01 3.629671656976199756e+01 3.688087583425964766e+01 2.781223564577284790e+01 1.532067340578409542e+01 3.523744129986332041e+01 2.796065177199649554e+01 3.618687309635082983e+01 1.967417573537466069e+01 3.966274873854214889e+01 5.169557356026179207e+01 5.656587018945891998e+01 5.421240366617028172e+01 3.866823920353190402e+01 4.188400873848488715e+01 4.939707100310067034e+01 6.927086882608828944e+01 7.566236821087032638e+01 6.979425142427047035e+01 8.662081201063411129e+01 9.316975461931774305e+01 1.002940606919059690e+02 1.109933333106969258e+02 9.724956584879370780e+01 7.689857777848295939e+01 6.286995727335089867e+01 5.577192551290615796e+01 5.516467975191873307e+01 6.761351656448734104e+01 8.773646887283416618e+01 8.989908412959604789e+01 8.351242841504428327e+01 6.289143137535739214e+01 6.589112647246425070e+01 8.655248351603388812e+01 1.047313226680981586e+02
4.163169627051843593e-04 2.000041631696203481e+01 1.697889230018565954e+01 2.451015777303489784e+01 6.694216865682139250e+00 8.251214823266975529e+00 2.824727718111392605e+01 1.381846052388578450e+01 1.619212920697179570e+01 3.609225617591959434e+01 3.303412954061984408e+01 5.088650680491996070e+01 7.336397532720360459e+01 6.675256191730579758e+01 5.272023537927782399e+01 5.336289276628969702e+01 6.926796879179299538e+01 6.345889800788859247e+01 8.330220759950249487e+01 8.329567400999989957e+01 9.663594537485806768e+01 9.689792945237189770e+01 8.821717568534012344e+01 9.711066171156149096e+01 1.020495565600462129e+02 8.974009711767446618e+01 8.097082551448410470e+01 6.761873787194205931e+01 4.736693125645603430e+01 6.761873787194205931e+01 6.918927201511817771e+01 6.918800692793114138e+01 7.622180499424911204e+01 5.558129063070192188e+01 7.622180499424911204e+01 7.547857155255221073e+01 9.622694724754339290e+01
5.883922493566802643e-03 1.496595907493408983e+00 2.991466092996764914e+00 4.512037935527559718e+00 2.124903779679401694e+01 2.790719749339411848e+01 1.053042793636007701e+01 3.053186750024020313e+01 3.618677672696212255e+01 4.445615205769342282e+01 5.384089523036372782e+01 6.225210890579822376e+01 7.510394005842842091e+01 6.704922418896767056e+01 7.260119488181597092e+01 7.322014064809951606e+01 8.138289269849173024e+01 8.330220759950249487e+01 9.148998788242880664e+01 1.016682166336736657e+02 1.031054947174079501e+02 8.635865668212412061e+01 6.745374138471468939e+01 8.635865668212412061e+01 9.342504776631766106e+01 7.184776289527191295e+01 5.946831004180517510e+01 6.348485515710850535e+01 4.309979899867241926e+01 5.800178817995369229e+01 4.842783103917923881e+01 6.227833844637722649e+01 6.584770662410680586e+01 5.076812652862080455e+01 5.865063530570425598e+01 7.321078638301365515e+01 9.395275874541991357e+01
1.256007409845548732e-03 2.000125600740949139e+01 1.453808156146802055e+01 2.451015777303489784e+01 3.081425491962413332e+01 2.290955746936667481e+01 3.052911675529546898e+01 1.386381757069563925e+01 3.386569590307769317e+01 4.559371722553800765e+01 5.525821696783680892e+01 6.256526220883395695e+01 6.351491505664233728e+01 4.686702652940277858e+01 5.980869739984561306e+01 6.453080099622023624e+01 7.031582253073690936e+01 7.665415650915139167e+01 8.498980103696914057e+01 9.503357019531291883e+01 9.011132389634173023e+01 7.180854460245221560e+01 5.728058201956520890e+01 7.776055678383174552e+01 9.050978529103352344e+01 8.974009711767446618e+01 6.947877058714126974e+01 4.819077655394164594e+01 4.190187055941606076e+01 3.733878546052903857e+01 3.800025488079143798e+01 4.145391937869562327e+01 4.504035551887800892e+01 5.710299436393366079e+01 7.779320572028848346e+01 8.784223893700058738e+01 8.357967769514227996e+01
9.594114293757748102e-03 2.000959411429340307e+01 3.453525135633053367e+01 4.281774947254932329e+01 4.157685907463141461e+01 3.617010462261767145e+01 4.212691291508707536e+01 2.800790333879936611e+01 1.731955735666282337e+01 3.732112525154936122e+01 3.540446918674276588e+01 4.694452692206352395e+01 5.015886782022365509e+01 3.531149288616195037e+01 3.978200238767175279e+01 4.449661214944904941e+01 5.027592008941090995e+01 5.661058456652516213e+01 6.662550107316423009e+01 8.668281194513852483e+01 8.171247060906762272e+01 6.091498738668082780e+01 4.963095599767678578e+01 7.092457559874242179e+01 7.022734938779140634e+01 8.096690897706838541e+01 7.830746304881206754e+01 6.947877058714112763e+01 5.421267522898559577e+01 3.346537636342304722e+01 5.104419228767179817e+01 5.962360031749106071e+01 6.584770662410680586e+01 7.440699251504747735e+01 8.634498534132863767e+01 9.145694727319543915e+01 7.508909412633822456e+01
7.711341127313004785e-03 1.000771134112722649e+01 2.414984696485792526e+01 4.414984696485721116e+01 6.015474517253149145e+01 5.463363134295222778e+01 5.627339316271460490e+01 4.559278163023525110e+01 3.146385187833726960e+01 2.094164862064336319e+01 2.385969957325368540e+01 2.694651261233738992e+01 3.014925202013166938e+01 5.015886786709071998e+01 4.796604435577522452e+01 6.453080099622023624e+01 6.085026824107232812e+01 7.665415650915139167e+01 7.665415650915139167e+01 9.503357019531291883e+01 7.943135741004213912e+01 5.846269589684151669e+01 4.308399228550906912e+01 6.471237520809214061e+01 5.605654425431433197e+01 6.085400039529963578e+01 8.096682659541993132e+01 7.322684959270270610e+01 5.108067880669046446e+01 5.104286481253946306e+01 3.037536144337501298e+01 5.104432471807491822e+01 6.941775615585926573e+01 7.937882536584534421e+01 7.095422344587866803e+01 7.095422344587845487e+01 7.249043486036183026e+01
2.297228869525369630e-04 2.000022972288659773e+01 3.829198258858811954e+01 4.511036141309956093e+01 4.274954101344712143e+01 4.279332730709318611e+01 6.279417469725814271e+01 5.971644257061536365e+01 4.063330454495788757e+01 2.648962967805438851e+01 4.386485420268603264e+01 4.695344116882121455e+01 3.909227359688478742e+01 5.846337262506740728e+01 5.952740222581831375e+01 7.633042810575263104e+01 8.090729373822813386e+01 8.924998794419765602e+01 9.674997208751705102e+01 9.114775886021131157e+01 7.518597604139453949e+01 5.355945323745548592e+01 3.908238341547756534e+01 5.469253804537990504e+01 4.484392981033110459e+01 6.454465266814428048e+01 8.012882012196823212e+01 8.049651767819213433e+01 6.355614466061854273e+01 4.280084647155489819e+01 2.827777461412514270e+01 4.010912885151543605e+01 6.084885822567643032e+01 6.972944777858918997e+01 4.886474264456154515e+01 6.638308110095010761e+01 5.199561834108993708e+01
9.647730019007896146e-03 2.000964773001865282e+01 2.724717219122991096e+01 1.148359613122958933e+01 2.268368565205695120e+01 3.693511242318919585e+01 5.693630913111011438e+01 6.887076236391479256e+01 5.404775856641959564e+01 3.404862867799707971e+01 4.282108301007404094e+01 6.280825848723824834e+01 5.064638049923127028e+01 6.742202734478394177e+01 7.958136918805638516e+01 8.792280118986352022e+01 9.175825410596601728e+01 1.001623624573811497e+02 9.701201821408588444e+01 7.724218231750077734e+01 6.306592747698709900e+01 6.009012367559395074e+01 4.060346715049929145e+01 3.550018869621692374e+01 5.063796327935232000e+01 5.095448836881865873e+01 6.988709063239566888e+01 6.892696970034495507e+01 6.212476465493870137e+01 4.678064391767576780e+01 2.626436767766469060e+01 4.382995455126986428e+01 5.886035902398398179e+01 5.412236506233047351e+01 3.841143115985629919e+01 5.402028604636441855e+01 3.794386629946633605e+01
3.582433992925927561e-03 3.595688474528431655e+00 7.247172191229554805e+00 1.131518408505210438e+01 3.124768939150863289e+01 4.547312833548208744e+01 5.375739957784784906e+01 6.270167147554342790e+01 6.230547065744711688e+01 4.559882439432731616e+01 6.230547065744711688e+01 7.105354483735406745e+01 7.067608733403778842e+01 7.899551172478999206e+01 8.158919526231834141e+01 7.737703317284530158e+01 7.142013641886283892e+01 9.175825410596601728e+01 9.475353775858329186e+01 7.470228085476004765e+01 6.046629004891775594e+01 4.908805449522473907e+01 6.009012367559395074e+01 5.063796327935232000e+01 3.159949417337162103e+01 4.238230474907060596e+01 6.177856732197668777e+01 6.406645281496084010e+01 4.417259884852997232e+01 3.586901922828392486e+01 2.428766122911132896e+01 4.335421488717854999e+01 4.392655241239163644e+01 2.835179844170271224e+01 4.881978344588688401e+01 4.011197188178591233e+01 2.487918224044011595e+01
1.813270376062421294e-03 2.000181327037570611e+01 1.879417757502227460e+01 3.124768939150863289e+01 1.880782247245527472e+01 2.547314206836632522e+01 3.441740026698884947e+01 4.855953585181197241e+01 6.855953585181339349e+01 6.558921728040225219e+01 7.383135164163482500e+01 8.526586504280543011e+01 7.685974084316791277e+01 7.566166939680681480e+01 6.132288780534884154e+01 5.714047048697843678e+01 7.142013641886283892e+01 9.175825410596601728e+01 8.606236697054265505e+01 7.800720119051280221e+01 7.724459812484926147e+01 6.896529768826709983e+01 6.180959693285749523e+01 4.230934926206717961e+01 2.898833566324150013e+01 4.800040578575169548e+01 5.189480192460587205e+01 4.547036828434109168e+01 4.438374010885529941e+01 2.192143260620302314e+01 2.227699911046632408e+01 2.265698875720665484e+01 2.300716098132161846e+01 2.787977064511403924e+01 4.342798569055883462e+01 3.750273597861810515e+01 2.464236225900653920e+01
2.372884694381488524e-03 2.000237288469402586e+01 3.879417757502297803e+01 4.707844882248517848e+01 3.294860377009991481e+01 3.880646624644361964e+01 5.375739957784784906e+01 6.270167147554342790e+01 7.076043393798696002e+01 7.914830391275927468e+01 7.788605266388405823e+01 6.948482861068524130e+01 5.663798803855932817e+01 6.034874881783930078e+01 4.711280425159028340e+01 5.714047048697843678e+01 7.142013641886283892e+01 9.175825410596847576e+01 7.800720119051278800e+01 5.834239649996980859e+01 6.410208444312043241e+01 5.818968682751630439e+01 5.359021094143986375e+01 4.549463901876637806e+01 2.642006500956219739e+01 4.194892386615771329e+01 3.828468103127495681e+01 2.117568946955745091e+01 2.151301935837877721e+01 2.203909081798722625e+01 3.654381187782517060e+01 3.461243909642756478e+01 4.072564550682456996e+01 2.348747833553667519e+01 2.382598295581061620e+01 2.416501046956113541e+01 2.481772631038609589e+01
8.175220331382775790e-03 1.155518060412400061e+01 2.569731622785520386e+01 4.569731622785590730e+01 5.294859728334900950e+01 5.880646165721579166e+01 5.998310181147733289e+01 5.650336363624138158e+01 5.059789175755167889e+01 7.076043393798696002e+01 6.622197743085034460e+01 4.931501998301359180e+01 5.442194603978555989e+01 4.024998272500253194e+01 6.034874881783930078e+01 7.566166939680681480e+01 8.579124943947070392e+01 8.779862556331981693e+01 6.821577681769946366e+01 5.425270846589865670e+01 4.449287994076959052e+01 3.867698881052844939e+01 3.411914489338672496e+01 2.986596246600258198e+01 2.585024531246036261e+01 2.279338195243936838e+01 2.069584301989268127e+01 3.274766424181487423e+01 3.613452021435915640e+01 2.375845237953693001e+01 4.336129025074232146e+01 4.899085336986379957e+01 4.933977028788923036e+01 3.724265026271653056e+01 2.730536037863335608e+01 2.464185332284016638e+01 4.721081930737636867e+01
9.124702163186202558e-03 1.415126032589426153e+01 3.415126032589496674e+01 5.217596864561526360e+01 6.475257492536525206e+01 5.411957413716542220e+01 3.988188584601077480e+01 3.642194841263409444e+01 5.650336363624138158e+01 7.147498773816462858e+01 5.721871987142773719e+01 3.775033375088280962e+01 3.435193361152504110e+01 5.442194603978555989e+01 6.274530798172902024e+01 6.882347719264330976e+01 7.597383720515630046e+01 8.438978657395904293e+01 8.201938401769203324e+01 7.220238173243104995e+01 5.458746744176386301e+01 5.243694279676908110e+01 5.359049900571440617e+01 4.361106233019152256e+01 4.001617495972917737e+01 2.021731419848594413e+01 3.975359883113436155e+01 3.331011428623188664e+01 3.959613120028105016e+01 4.250100050246376782e+01 3.933712599710658964e+01 5.888000183062875692e+01 5.160706058213327907e+01 3.235289568896390477e+01 4.881971690088249716e+01 4.721125582617469973e+01 5.549606824001027405e+01
2.239863785106879172e-03 2.000223986378475161e+01 2.389100342518840492e+01 4.389125730290439265e+01 5.638566584519738001e+01 3.629785712995654734e+01 2.572833122903526615e+01 4.576939569220067483e+01 4.730303236358749075e+01 5.567497553621330297e+01 4.296070892936420904e+01 2.880489452188085053e+01 3.228431493143708764e+01 3.728455271406503613e+01 4.263066895904147913e+01 4.866447050775029481e+01 5.574956499406383870e+01 6.738298440535776024e+01 8.770916036985381936e+01 8.228706785792735445e+01 7.421772503567650858e+01 7.207803948740718170e+01 7.112752385388454002e+01 5.496450946280626226e+01 3.458708623930582604e+01 2.021252736125964233e+01 1.975047541855719402e+01 3.919806945023621125e+01 4.146217865272270586e+01 4.921583054114323375e+01 5.907558607747501611e+01 6.590417940160857313e+01 5.165575143489697751e+01 5.171628292544589556e+01 3.782448969804261907e+01 5.717069473070240804e+01 7.120059765594463386e+01
1.766589122093755728e-03 7.561056049593768869e+00 2.170319649130978945e+01 4.170337545105881816e+01 5.031921579495997321e+01 3.998401526674390283e+01 1.995479159448566975e+01 3.311628728520419429e+01 2.724085184424739481e+01 4.730274845920950355e+01 4.160906230729297306e+01 2.542427708263866037e+01 4.546640436326462975e+01 5.736944457590541901e+01 6.274530798172902024e+01 6.882347719264330976e+01 7.597383720515630046e+01 8.438978657395904293e+01 9.612274450158557215e+01 9.391426308391909572e+01 8.368514315396822667e+01 7.520580425657693979e+01 6.845130535309471043e+01 6.264012239956146288e+01 4.883496007513837611e+01 3.830664185837535740e+01 3.053902339919526554e+01 1.927419505946313905e+01 2.170469686618626426e+01 3.560607192176631486e+01 5.586894091196955969e+01 6.936386220902039668e+01 7.076422436311959530e+01 6.291377543215966739e+01 5.707714061920941617e+01 4.379383385131855988e+01 5.748857960720842186e+01
