LEM/sinusoidal_perturbations/elevation_000267.asc
nrows	100
cellsize	150.0
xllcorner	0
ncols	100
yllcorner	0
NODATA_value	-9999
[rows 34 to 50 of 100, columns 0 to 36 of 100]
2.064481644892168701e-03 2.000206447730238679e+01 2.709323719343553805e+01 3.086025598575837137e+01 3.485006037542069635e+01 3.910502007224731358e+01 4.385856781132200410e+01 5.220311366937502839e+01 6.779433831161767898e+01 7.643125005568363406e+01 6.707831099096681271e+01 5.566697593037005021e+01 4.242707678860835330e+01 2.172336495471874329e+01 3.400317536459638035e+01 5.393434013278574213e+01 5.412535275438861504e+01 3.386066121184671118e+01 1.971764761522900145e+01 3.979605194523333012e+01 5.292257408617300740e+01 6.351287003007193022e+01 6.303458404455653152e+01 4.309258504430825099e+01 2.903905131779532667e+01 4.896424290008922497e+01 6.639522879142786849e+01 6.766250985797552175e+01 4.753118277808640357e+01 5.122535012770355678e+01 3.608430611642757668e+01 4.309052901017889070e+01 5.060524375684320120e+01 6.221822921608990953e+01 8.254234632869554389e+01 7.130761045534512732e+01 6.533433036643424430e+01
2.905961989428186391e-03 2.000290596198907167e+01 3.016752042228007369e+01 3.594102306340926134e+01 4.260768973389043168e+01 5.089191196997726507e+01 6.089194900670126032e+01 6.428883978015477396e+01 4.669373938189888662e+01 6.428883974268516965e+01 5.886984348194766881e+01 3.912637317880974308e+01 2.714936437808815484e+01 1.744095458518195940e+01 3.255785452982584616e+01 5.264973399133435095e+01 5.031919779115116143e+01 3.013910913484584242e+01 1.610847157522299611e+01 2.415087431646400162e+01 3.414951123496368979e+01 5.464521859221503775e+01 5.950902608086713741e+01 3.947211961318011930e+01 2.540160637957453815e+01 3.704112684646728582e+01 5.770810237441267532e+01 5.526333963389713944e+01 4.692175377260961966e+01 3.127039474981291534e+01 4.273778364909123439e+01 6.278165111083739447e+01 7.080821184269115065e+01 7.919387570271787524e+01 7.937642142300062176e+01 7.106386204493117020e+01 5.100019821832228217e+01
3.542675937824442140e-03 5.003542675937802109e+00 1.016752047088097832e+01 1.594102316277718678e+01 2.260768982944373562e+01 3.260768982944338035e+01 5.260768972345254468e+01 5.561166541701990695e+01 3.501587092371264021e+01 5.314256077257616084e+01 5.923803601749050785e+01 5.173732041689995498e+01 3.475493173479327425e+01 1.376602453322876407e+01 2.879248718635506066e+01 4.914960798097894923e+01 4.704541729349988088e+01 2.691594932102811200e+01 1.318012860252208540e+01 2.691509327195796430e+01 4.701204385564250288e+01 6.286593969750106936e+01 5.910891702773462697e+01 4.203869745946274605e+01 2.207603302472355367e+01 3.625684942252360088e+01 4.012263587516201113e+01 4.285088637283027424e+01 2.697865779455907642e+01 4.692175101670395776e+01 5.954341941830234219e+01 7.111995727202352668e+01 7.288165156254974875e+01 7.378930453197730799e+01 6.547251139524034613e+01 5.089503403154108696e+01 4.562825043899231048e+01
3.411803931810562015e-03 2.000341180393145635e+01 3.016752042228007369e+01 3.594102306340926134e+01 4.260768928539311418e+01 5.089195327572202388e+01 6.089194900667002486e+01 4.782706477444500592e+01 2.786189376316400512e+01 3.294335213848177091e+01 3.885956336256247567e+01 4.333053646379458712e+01 2.269234262269080205e+01 1.051782706048973637e+01 2.538991281704706537e+01 4.590487611778546295e+01 3.989649705108556077e+01 2.979800818963252595e+01 1.081626889913935230e+01 2.394914323644753296e+01 4.394143136109519077e+01 6.058872534687706946e+01 5.084810631206175913e+01 3.089244587816003218e+01 3.456213530389005228e+01 1.749463631062728197e+01 2.016430951176745268e+01 2.290760857490139912e+01 4.285088637280191648e+01 5.526333962673437128e+01 5.957422702459643205e+01 5.896296761091572591e+01 5.277507922651824401e+01 6.216799763068966200e+01 4.532302673296329942e+01 3.929824270856924784e+01 5.943721088021396071e+01
3.327314952832964925e-03 1.154761650551292718e+01 2.565746019858431382e+01 4.548383559690122269e+01 4.968026630960820000e+01 4.787490632646814248e+01 5.254587720381783100e+01 5.576336406441249949e+01 3.885956337280613582e+01 1.960756535582103410e+01 3.223804669892803787e+01 3.895918089659510031e+01 2.777504115422764741e+01 7.598961123761029945e+00 2.614327381370959458e+01 2.644074276503595655e+01 1.965652310575132944e+01 2.580038255510593004e+01 8.872100849286002955e+00 2.311374109179859104e+01 4.060046165177976007e+01 4.145849569011178204e+01 3.995285682931906024e+01 3.180360430416058648e+01 1.460753935307444173e+01 3.456192076624606813e+01 4.008419142339637631e+01 4.266724109391602582e+01 5.058228469734790878e+01 5.219642799061833216e+01 3.806074833386628598e+01 3.939722172890787277e+01 3.858226187487957759e+01 4.881301962582949727e+01 3.377032857056516235e+01 5.383920097737205879e+01 6.779040961864885162e+01
6.779948344387334673e-03 2.000660800181073995e+01 3.445705642491991938e+01 4.120059520244382867e+01 2.858348090343470815e+01 2.284160796963301721e+01 2.969634408571885942e+01 4.557481360242891100e+01 4.717127994388744128e+01 3.223709673318688829e+01 1.266238360387815831e+01 2.601334836853814636e+01 2.308301044004176106e+01 4.795891719623356586e+00 5.101707790301251322e+00 5.403179881513198168e+00 5.699804416996557599e+00 5.991374698621250161e+00 1.038910670771946165e+01 1.274874210306020217e+01 3.253301311571278376e+01 3.818633733501798844e+01 2.168957583491567576e+01 1.179551879863632102e+01 1.326011424228532043e+01 3.325483869021444860e+01 3.669092061072627331e+01 3.830219044708226050e+01 3.966681608937926740e+01 4.134687960389023687e+01 2.368569047116112003e+01 2.536148229426655476e+01 2.706010045924282537e+01 2.879514518868932171e+01 4.881289235498114465e+01 5.394814316433922841e+01 5.623676242186058261e+01
9.516927588586143695e-04 1.007588162267832210e+01 2.104179373207050929e+01 2.660438137942104930e+01 2.379023361451185536e+01 4.645270757749946355e+00 2.600185748484988935e+01 2.507090545209189614e+01 3.472223659612991042e+01 3.273708886334951984e+01 2.481338320443960299e+01 5.831888657066286896e+00 4.360353306145582586e+00 1.580731863800242820e+01 1.896013948286579875e+01 2.254401977322804740e+01 2.450011495227075997e+01 2.416981619916539259e+01 6.397624351988930869e+00 6.681910973672342102e+00 1.551122061028787158e+01 2.992229400500072600e+01 1.014633230017044063e+01 3.015356519726824658e+01 3.325766990274184565e+01 1.533814209311928956e+01 1.681545831110300782e+01 1.830833858952428983e+01 1.981442705433087426e+01 2.134726725612907217e+01 4.109156952160449805e+01 4.533076533795308904e+01 4.118669238541387756e+01 4.881301958474168146e+01 3.166754928531453572e+01 3.389054518113047720e+01 3.615627918424353737e+01
1.945935296826602993e-03 1.753825575842027007e+01 1.923643547247899477e+01 1.026575372775851758e+00 1.322320115770782900e+00 3.216328175442663806e+00 1.250247561977091948e+01 1.604285976792992230e+01 8.106080403453871597e+00 1.695019260364977498e+01 2.260801263682609274e+01 3.919876268313302603e+00 2.344054798414426699e+01 9.802865532269388282e+00 1.986983447649511447e+01 1.893903283151968253e+01 3.266803637151201656e+01 4.126902279416245989e+01 3.242420380487867959e+01 2.001871105190536326e+01 7.082901197180927255e+00 2.696567472416489508e+01 9.026954200136604101e+00 2.900148214864458751e+01 4.357377281732050989e+01 3.533204419962371645e+01 3.096243363746234678e+01 3.830438049103874221e+01 2.979483804000106062e+01 4.127339288418168195e+01 2.765703203099067053e+01 4.768606178361948622e+01 6.127311716863668067e+01 5.689141052090590733e+01 3.680641015779699643e+01 5.394816866850285919e+01 5.623676242329321440e+01
5.600688922766023682e-03 3.051443845522517351e-01 6.047228233799901709e-01 2.271336172788291918e+00 1.235475899568181291e+01 1.734042436200387671e+00 2.023446010204722700e+00 2.314610506489107156e+00 6.920338024630346752e+00 3.168457557801137803e+00 3.477752222638014867e+00 1.889339357476851333e+01 3.113484797911819513e+01 3.333429524211356210e+01 1.464889367417436894e+01 3.053987186437296231e+01 2.329539161305580919e+01 3.745570965924510176e+01 4.581521904474291773e+01 3.380693343567492803e+01 1.913813853580672131e+01 7.487228754691944488e+00 9.553325022652948917e+00 2.991648452943994840e+01 4.332304514049798883e+01 5.215081698059983495e+01 5.126837928196974303e+01 5.813157616320620491e+01 4.394662392971935816e+01 5.236408460807290766e+01 3.235482148414957493e+01 5.240013799398665384e+01 6.927801732980837812e+01 6.520251826460562938e+01 5.099493346980052166e+01 4.575760306171518010e+01 6.589885046800903012e+01
8.215197286175309616e-03 1.965843893827698352e+01 1.381038257421841564e+01 2.110210000517183104e+01 1.062917180616717872e+01 1.911715442098354245e+01 7.983894466958150637e+00 2.201103960092871858e+01 2.736183858212715592e+00 2.267523448112430628e+01 5.445101589955359422e+00 7.108116597540372616e+00 2.690607968560939511e+01 3.901235344872923605e+01 3.722284780322399911e+01 4.155793608830158092e+01 2.793503711187012684e+01 3.134301308674532294e+01 4.553370011102249038e+01 4.537091375349007905e+01 3.456852658853457427e+01 2.740813280668644936e+01 7.914139384458871440e+00 1.541682832811532755e+01 2.434589702245886755e+01 3.585286830909986833e+01 4.980534364096063626e+01 6.885126393432919656e+01 6.403316908001913532e+01 6.070829470857673016e+01 4.390362410555366068e+01 4.087148860807582906e+01 5.508257087441659650e+01 7.518909747632827134e+01 7.112676633255165370e+01 5.286897649940496535e+01 7.302512517278449877e+01
2.613274238814250559e-03 1.999445187108007005e+01 3.254921612057643898e+01 2.849691732005462796e+01 3.011295649925614626e+01 2.119111219730964635e+01 2.613244920226241419e+01 1.023273849970270710e+01 2.954044578183225411e+01 2.405127597405601492e+01 1.867818831423405612e+01 2.690611982617058828e+01 1.114064767950294410e+01 2.522561172618557279e+01 4.517783927647564468e+01 5.290454777858357005e+01 3.423370678683130564e+01 4.553372111109467113e+01 5.038390547549718690e+01 4.798323771602551346e+01 2.974079041269319035e+01 8.947583178790621261e+00 8.220718313368317709e+00 2.811770406967252356e+01 3.120691748393541332e+01 3.957078207395296943e+01 5.447192803990593291e+01 5.645402256237846927e+01 6.484951488711772072e+01 7.230180248377237717e+01 6.400659180919340940e+01 5.246889974598550310e+01 5.508257087441659650e+01 7.518909747632827134e+01 8.130408939417010572e+01 6.296890656198355884e+01 8.130408939417010572e+01
7.532853315450405325e-03 1.415000029689604233e+01 3.416860094071668641e+01 4.978458667277944016e+01 4.930409583618634173e+01 4.075302477839422011e+01 3.570866642427643711e+01 1.566970847282047252e+01 3.571611082953439364e+01 4.430038076866031815e+01 3.863693550776664409e+01 3.414522198096121741e+01 1.419694725590074746e+01 3.414797748306105518e+01 4.843817076115211506e+01 6.088387789407457262e+01 4.746242809755605663e+01 5.300037423064610920e+01 5.607550289299596358e+01 3.394571847323849312e+01 1.909255120682993123e+01 2.972015399815222736e+01 2.582277372603426002e+01 8.661271225674202157e+00 1.289427793979033154e+01 2.543712417985184260e+01 4.002926936732691132e+01 3.633732412915632892e+01 4.762312205201076409e+01 6.791223700473921099e+01 8.088644874795649287e+01 7.259779082092137514e+01 7.518909747632827134e+01 8.347346378520015264e+01 9.133193386444497719e+01 8.308134378358531080e+01 9.133193386444497719e+01
6.101047412966256744e-03 2.000610104741260997e+01 3.300531118125846319e+01 4.195819345075420870e+01 5.352520523105435046e+01 4.786396865147429480e+01 2.865632032816974473e+01 3.571611082953439364e+01 2.436080165792030172e+01 4.355011531746034592e+01 4.120067763039086373e+01 2.125263444797584711e+01 3.414797118828420253e+01 2.021399284098072613e+01 4.016275589107131339e+01 5.509049796014195266e+01 6.637016109617400161e+01 7.196683316817926368e+01 5.402376729161120039e+01 3.340657466557247801e+01 3.944521057647887119e+01 4.010840953583529966e+01 2.018982748485857215e+01 2.858499077227655505e+01 9.107300861584677776e+00 1.444206530800708776e+01 1.999616255579104873e+01 2.755616034057696595e+01 4.170614097693965761e+01 6.190271379777503569e+01 6.605709421536118953e+01 6.825133536099376386e+01 7.662561368529706840e+01 7.853938926407157339e+01 8.691075272205172553e+01 9.971980699947020810e+01 9.140356074115106821e+01
6.842009524227352091e-03 4.720887217434563965e+00 1.366515913170873375e+01 2.521216736981298467e+01 4.521491671413422608e+01 5.598387686310434930e+01 4.218831352104178478e+01 4.958243910393050413e+01 3.050655635789221165e+01 4.958243910393132836e+01 4.653078767931995685e+01 2.658733013994894279e+01 4.653078498852299560e+01 4.016275589107131339e+01 2.686708729525317452e+01 4.681059026755562513e+01 6.292213633115238736e+01 7.291610568309191365e+01 6.290877979839424938e+01 5.402376729161120039e+01 5.670191466002523129e+01 3.655588740608984466e+01 3.977287200586646065e+01 2.937395014187893594e+01 9.425037616686193331e+00 2.942403293417963184e+01 4.000539773369271046e+01 4.760688895207577076e+01 5.576550914592499453e+01 6.010670089814684047e+01 4.585283458945895063e+01 4.805919656491936820e+01 6.421934866585074531e+01 5.828779363633432098e+01 7.853938926407157339e+01 8.963626709209655985e+01 7.114885875822658079e+01
1.934550753332892102e-03 2.000193455075297777e+01 1.324891587120648673e+01 2.479592045794285582e+01 3.893800143740237019e+01 5.893530141698085600e+01 6.156667518681146589e+01 5.772308656031867002e+01 3.890365486098815495e+01 5.772308656537556004e+01 5.254501607036311128e+01 3.259807709376747198e+01 5.254501607036442579e+01 5.509049796014195266e+01 4.681059026755562513e+01 3.468479628632338319e+01 4.464891412625111400e+01 6.462340321066433546e+01 7.141698333833545576e+01 5.981287259351718433e+01 5.148963594580940395e+01 5.661556945058163848e+01 4.084837133507738116e+01 2.261179940332400662e+01 9.744324540066321205e+00 2.025404378190177468e+01 3.790911660518636239e+01 4.965151388161832813e+01 4.132006599756833509e+01 4.506979500872736821e+01 3.168152669958223910e+01 3.770183108216969714e+01 4.402982139100005554e+01 5.566025123967304467e+01 7.591129318347557842e+01 8.127956469101756909e+01 6.087408308945333602e+01
4.364784840791047053e-03 2.000436478484043690e+01 3.324881476039777084e+01 2.479592088627737922e+01 3.634292170435229963e+01 5.048497682155706201e+01 7.048336308412409323e+01 6.642660854601120946e+01 5.822175703401576641e+01 5.822175703401514113e+01 5.960251114731428856e+01 3.964090063890660787e+01 5.960251114731438093e+01 6.876674330960632631e+01 4.878307851681440610e+01 4.878307851757705293e+01 6.292213633115390792e+01 7.291613150423981438e+01 6.309648449122586555e+01 4.299283309480764359e+01 3.141414271995454399e+01 3.989902466020302541e+01 3.890648720284421103e+01 3.007415802581208197e+01 1.006729952652455218e+01 1.119082406572210253e+01 3.189739760638432386e+01 3.630591080501510959e+01 2.122733823166470302e+01 2.501181040066553152e+01 3.295839864861573432e+01 4.314941542958176512e+01 5.740495943755706065e+01 7.259927317919296286e+01 8.428546966582372590e+01 7.406530959228361155e+01 5.351198667210812232e+01
5.219006137575642711e-03 2.000521900613722082e+01 3.983773174024646835e+01 4.479568252794013716e+01 5.307838156821839704e+01 5.696949383634812136e+01 6.525376676049383207e+01 6.497429947702391928e+01 7.325857298730319656e+01 7.794037061089258600e+01 6.789219319840024980e+01 5.115348531983005387e+01 6.789219319840024980e+01 7.706119414549353053e+01 6.876674330960632631e+01 6.876674517098952322e+01 6.943603759713377599e+01 7.779130989130757712e+01 6.538319589247137742e+01 4.533644473198624780e+01 3.128997773770291957e+01 1.979226479147572348e+01 3.063347030284505479e+01 1.063766540607127986e+01 2.985219282753206826e+01 1.087427966089295595e+01 1.296268468722551503e+01 1.602223264920273849e+01 3.013281420132029709e+01 3.891122649120515575e+01 5.287276226615667696e+01 6.155769014691961871e+01 7.162550989658186040e+01 8.584606035560666726e+01 8.300370883008723411e+01 6.259458691854933221e+01 4.791448519245414417e+01
