LEM/sinusoidal_perturbations/elevation_000669.asc
nrows	100
cellsize	150.0
xllcorner	0
ncols	100
yllcorner	0
NODATA_value	-9999
[rows 34 to 50 of 100, columns 37 to 73 of 100]
8.456565120405581126e+01 8.091717473505578084e+01 6.423930670707862589e+01 8.091375233114351317e+01 7.696578219382918462e+01 6.438377719314797787e+01 4.527705800402659975e+01 6.438377719314797787e+01 6.623004654234554778e+01 5.811906618027700944e+01 4.852407956866542094e+01 2.893628842342538832e+01 3.090712748025703505e+01 5.043123385854854490e+01 5.999166054323048058e+01 6.641019264782147502e+01 5.767176754470991540e+01 5.204826173211350238e+01 6.570296935894215551e+01 6.737036871920375347e+01 5.792323560248740222e+01 4.522314882372663902e+01 2.693656473710190724e+01 2.714842549682583694e+01 2.769796450546163413e+01 2.828391832976218367e+01 4.754180569760931263e+01 5.650742935658525568e+01 5.622314548612406071e+01 4.531590928072851909e+01 6.504638275556024496e+01 8.493688594223301891e+01 8.459414333412719600e+01 7.031173953175718339e+01 6.973502822154409841e+01 6.973502822154411263e+01 8.995418495597814967e+01
9.293454402250701207e+01 9.244656539250786409e+01 8.408925376184100742e+01 8.774936826686884217e+01 6.727643588384324858e+01 5.593185676525211392e+01 5.850006060193720003e+01 7.276233373394155990e+01 6.841439893741687683e+01 6.029645537649080467e+01 5.044781010484557271e+01 3.097665365300924023e+01 5.041353348267291778e+01 3.496640724746225715e+01 5.432310699596308723e+01 6.639031670917614747e+01 7.696080351996451441e+01 7.124824690958281792e+01 7.523661955565964377e+01 6.418389515563113434e+01 5.174391523144260674e+01 3.286600288329499620e+01 4.565347125316698396e+01 3.080784678558778822e+01 4.676372134312087070e+01 4.748104290268490502e+01 2.908449941252021276e+01 4.832626963354124427e+01 3.673451535152949532e+01 4.785739180465770204e+01 6.764302469593057765e+01 7.944196010241699923e+01 7.353605849386978832e+01 5.621622160549394920e+01 5.564954072186780820e+01 6.973502822154409841e+01 8.995418495597814967e+01
8.718333311845728417e+01 8.722557002260106174e+01 9.555409591090705135e+01 9.616898811776202649e+01 8.437364849333725658e+01 7.592931522665358557e+01 7.858832562144485223e+01 7.294302888314760480e+01 6.029645537649097520e+01 4.114742432046781317e+01 3.688994258618782141e+01 5.044781010215763928e+01 3.428495639374231985e+01 5.357746800604762427e+01 3.906141775508266534e+01 5.828957246487355803e+01 7.055583476792753572e+01 8.182230026227654207e+01 6.714141511168674015e+01 4.816304807000796018e+01 3.734550480680017159e+01 5.174391523144260674e+01 5.632044815718374053e+01 4.176705571332851008e+01 3.638971467735122900e+01 5.488352473460357572e+01 4.821798814644251507e+01 2.985983418823974489e+01 4.910673917189384241e+01 5.812251522706431928e+01 7.590397522404029473e+01 5.937660042025443374e+01 5.351156085031001197e+01 4.625781934557422659e+01 6.034470322175992152e+01 8.042278306478350203e+01 8.387212571762026414e+01
7.632621026635443684e+01 6.683220275110369357e+01 7.865528587205930933e+01 9.894337172043583450e+01 9.840770734825599675e+01 7.849007362340157101e+01 6.461171633102037504e+01 5.355329088006829608e+01 4.786251548920996868e+01 6.029645537649097520e+01 5.611779421956533298e+01 5.580760502294948111e+01 3.662324883315782387e+01 5.580760502348722696e+01 5.828957246487355803e+01 4.324071117962960642e+01 5.422520859644486535e+01 7.363204376961967057e+01 7.306870261629039476e+01 5.399480180416038166e+01 4.066677695987263519e+01 5.958142005595210833e+01 6.899590490538254528e+01 6.089658029690634322e+01 5.495197297264770242e+01 4.235836529227149327e+01 5.679756993221391070e+01 4.902319028541906221e+01 3.062216983361522082e+01 4.988982651082532982e+01 5.892062420091391317e+01 5.937528071198428847e+01 3.945789297403750595e+01 5.937546555379554292e+01 7.456103288897809023e+01 8.387212571762026414e+01 6.374882292320148736e+01
5.587241400557027760e+01 7.632746071017899681e+01 9.555409591090705135e+01 1.072125502897393545e+02 9.582108159914977819e+01 7.590722906199600573e+01 6.461171633102037504e+01 6.709680290752660881e+01 6.135718626826065503e+01 7.215919508213083589e+01 5.983560566195850328e+01 4.072912100964349236e+01 4.044945590954217352e+01 5.955439107022345269e+01 7.055583476793894704e+01 6.242750225826857502e+01 4.772798818950287369e+01 5.870762762675693835e+01 7.823460190822537186e+01 6.760499170919443657e+01 5.399480180823138653e+01 4.613131225831723725e+01 6.503984232260700082e+01 7.556020659601243494e+01 5.712953384975258331e+01 4.665290482147756990e+01 6.492583790750555295e+01 5.808073720201880263e+01 4.989397660189574424e+01 3.137391524228085871e+01 5.068485813528895534e+01 5.206380338982398115e+01 3.617546172949274563e+01 5.530837491762025593e+01 7.335716935264201766e+01 7.908719051524812471e+01 6.687933555955326881e+01
6.872897663291395531e+01 8.470254664709250392e+01 9.401008593550615444e+01 1.041840763526940066e+02 1.040434038782130131e+02 9.255685860929909836e+01 8.432381347622160206e+01 8.676884664752479637e+01 8.095346324599790933e+01 6.401154688157767225e+01 4.487498014498665810e+01 5.983560566195850328e+01 4.433376706225514852e+01 5.524550686538496080e+01 7.467679761084525580e+01 7.037308585837864428e+01 5.106968585836244756e+01 7.037308585837864428e+01 8.644532839025487192e+01 8.121531652614042684e+01 6.907109772802111536e+01 5.016283384259377698e+01 6.907109772802111536e+01 8.351823218635253454e+01 6.985505678672257091e+01 5.156032607352481278e+01 6.985505678672257091e+01 6.476172655078850937e+01 4.499139551421762206e+01 4.691899675113890567e+01 3.212315371798457164e+01 3.267309932671075501e+01 3.322641136802870676e+01 5.265196988571487680e+01 5.349371677577916273e+01 6.460254938789208268e+01 5.094110255207405658e+01
5.789878831280557847e+01 6.515144877340676999e+01 7.540768588981194398e+01 9.584508303279146446e+01 1.071364605180135925e+02 9.713740580920374157e+01 8.888426462000404626e+01 8.184458690417116600e+01 7.658319826700450506e+01 6.708602614272169262e+01 4.788590931075989232e+01 6.708602614272169262e+01 4.853634757993175697e+01 6.775571869894727683e+01 8.288524918828620969e+01 7.397603285348580471e+01 5.457357413783275035e+01 6.818638613008299387e+01 8.795342643675022032e+01 8.466132408820671174e+01 6.576030798424237389e+01 5.445514176925331640e+01 7.342251055836980811e+01 7.982746878368952537e+01 6.117079427748747378e+01 6.435093312566863233e+01 6.985505678672257091e+01 7.306283339931063381e+01 6.458176003881460758e+01 5.355055391125552688e+01 3.415266874415955556e+01 5.206421407157376535e+01 5.265196218256031102e+01 3.403012970632173761e+01 5.349426596946639734e+01 5.405341539181269894e+01 3.724011369825259976e+01
7.565917877189710339e+01 8.562638446130166869e+01 9.401008593550615444e+01 1.041840763526943476e+02 9.891366628221355484e+01 7.885486295779450927e+01 6.897304921907095832e+01 6.215827324522796715e+01 5.708370032834775287e+01 5.237186545328196985e+01 6.708602614272169262e+01 7.231808007670169047e+01 5.296162006609941386e+01 7.231808007670169047e+01 8.139962020782051866e+01 6.175865996605241293e+01 7.397598653969009774e+01 6.309842645123296734e+01 8.277620485545993745e+01 9.072838798143875749e+01 6.057594860276139315e+01 6.031680544443673142e+01 7.861400862888179120e+01 8.785721844664696789e+01 7.027711534368451396e+01 8.314318677821793813e+01 8.881477947968954822e+01 8.133061608618352523e+01 6.720254894245434230e+01 5.575573739895444447e+01 3.625449257768622857e+01 5.575573282940509046e+01 6.011623331007738358e+01 4.256780876521568757e+01 3.484993416037122671e+01 3.543692745145337852e+01 5.426360010056406935e+01
8.002493663359727805e+01 9.397972119309275740e+01 1.023304518718610296e+02 1.114096622877284091e+02 1.071364605180135925e+02 9.713740580920374157e+01 7.818006180187416021e+01 8.184458690417116600e+01 7.630204235886587583e+01 5.681254502092274095e+01 7.630204235886587583e+01 7.735994093718076670e+01 5.783289779065043490e+01 7.735994093718076670e+01 8.712080667501618336e+01 6.730204213479471775e+01 8.712079524243318929e+01 6.993086635162619302e+01 8.980154443026971478e+01 8.885418015437106476e+01 6.880622410519924870e+01 7.037743205687135628e+01 8.681374549275753338e+01 9.747209610024930271e+01 8.937782222369443730e+01 9.747209610024930271e+01 8.233418824466082242e+01 6.227335216655535532e+01 5.307447976402559675e+01 3.935393208768835649e+01 5.575573739895444447e+01 6.402889616615361490e+01 6.077897231678026913e+01 6.039113168330539594e+01 5.434015198228983223e+01 5.494020667778300293e+01 3.639048195305890232e+01
6.702006429045331970e+01 7.350474318888922198e+01 8.269867801766258708e+01 9.718949531875585990e+01 1.173906510215310277e+02 1.063742235181222213e+02 9.814985375901282794e+01 9.252727232977431981e+01 7.265550513575504965e+01 6.229540769529370436e+01 8.198631876107477012e+01 8.305497072126668456e+01 6.332680884795674814e+01 8.305497072126668456e+01 9.377860148305137500e+01 7.380521705894561535e+01 9.377860148305137500e+01 7.874791002898579961e+01 9.803442920595919929e+01 9.724972106923931392e+01 7.893018201918134480e+01 8.986538146646383041e+01 9.815312441400931220e+01 9.482261684489409959e+01 8.646631805444006602e+01 8.005224446712209385e+01 7.445896516279631783e+01 6.227335216766910264e+01 4.264431202960093259e+01 5.890699955804909393e+01 5.307447976485720176e+01 7.298794916326232851e+01 8.094599967809196528e+01 6.981629641749486836e+01 5.832279593892953073e+01 3.924773368018747988e+01 3.706998395488475495e+01
7.728254945596555103e+01 9.397972119309275740e+01 1.023304518718610296e+02 1.114096622877284091e+02 1.131665686508164725e+02 1.048718159004272223e+02 1.048718159004266255e+02 1.007610313880821593e+02 8.827853259750791892e+01 6.838080534955291512e+01 8.827853259750791892e+01 8.969969904150065076e+01 6.976551408079890848e+01 8.969969904150065076e+01 1.020066518967874316e+02 8.376792235603221570e+01 1.020066518967874316e+02 9.030954183132710966e+01 1.069539678629285788e+02 1.072690096709664402e+02 9.895906592851100925e+01 1.072690096709664402e+02 1.008198903530328892e+02 8.052087373986003627e+01 6.618323643858929017e+01 5.988538913738447889e+01 5.444451927295841642e+01 4.944162378116633505e+01 4.540650409396090481e+01 6.511853625495866993e+01 7.298794860850705390e+01 8.133066566111224915e+01 7.564031894297740166e+01 5.563754348466802213e+01 4.219303110103150090e+01 5.832271662384518862e+01 5.658261934212390543e+01
9.772737982227445741e+01 1.060587509982691756e+02 1.142379992451564164e+02 1.225062892379519184e+02 1.048718159004272508e+02 8.472204799694908672e+01 8.472204799694908672e+01 9.894430832329564396e+01 9.653311910351023073e+01 7.719005846260124315e+01 9.653311910351023073e+01 9.795157473586395724e+01 7.966743287947565477e+01 9.795157473586395724e+01 1.119817443103213179e+02 1.037892806100704064e+02 1.119817443103213179e+02 1.102659742654755348e+02 1.184369232370330707e+02 1.122233039388504210e+02 1.096263228416119091e+02 1.179026302771339942e+02 1.008198903530370529e+02 8.052087373986003627e+01 8.646631805444006602e+01 8.005224446712209385e+01 6.956000045132675780e+01 4.969718283410020376e+01 6.511853940376863648e+01 5.774534269218190730e+01 7.780603551089961911e+01 8.996566614985034960e+01 7.798186604410868483e+01 5.794776972507982293e+01 4.427245270693148882e+01 6.383431944445834461e+01 6.588102517858781937e+01
1.075224553465574218e+02 1.108184392660151616e+02 9.387702061650412588e+01 1.108184392660151616e+02 1.031853704265767107e+02 9.062377837654274515e+01 7.035551096636150703e+01 9.062377837654274515e+01 1.054788067907267504e+02 9.139400197319547203e+01 1.054788067907268641e+02 1.079515039695360343e+02 9.973196520352566097e+01 1.079515039695360343e+02 1.075284069297390914e+02 1.035268920693826402e+02 1.057186982129765340e+02 1.139936674468886508e+02 1.063087684001158806e+02 9.212047094982939655e+01 8.950358444451700279e+01 1.063087683651631750e+02 1.091243599567659146e+02 1.008198903530370529e+02 9.247596870330743002e+01 7.219767216420083855e+01 5.802208899091955630e+01 5.341251207128122758e+01 7.340816580770513156e+01 7.187804762577667361e+01 8.616307246382760354e+01 8.158412831970385071e+01 6.138800637182610842e+01 6.627344545194995362e+01 4.646045284763366112e+01 6.627344545194995362e+01 7.491045922507676380e+01
9.723150644046062041e+01 1.024825827529398481e+02 8.181258613454558315e+01 1.024825827529398481e+02 9.486968605521956022e+01 7.463610901175661638e+01 6.389621953807299803e+01 8.421438945238925555e+01 9.837596496133956236e+01 1.113852283486621673e+02 1.067812084941668473e+02 9.848105078394505085e+01 1.067812084941712953e+02 1.015898844693951020e+02 8.738065662673081135e+01 8.333772060432686146e+01 8.554995950942709726e+01 1.002364655104034341e+02 9.191675484344233382e+01 7.775581958854628795e+01 7.775581958854630216e+01 9.212047094982939655e+01 1.122233039384460938e+02 9.999625233375171263e+01 7.969575700937410545e+01 6.799833978782662314e+01 7.743320315882385785e+01 5.730801640660242668e+01 7.743320315882385785e+01 9.211746448431476608e+01 9.815763222823900946e+01 7.785931831527220481e+01 6.995194274979763804e+01 4.993729182167308522e+01 6.036799968176426034e+01 7.453005740697754788e+01 8.325315606440550198e+01
8.878702275206443062e+01 9.517463536495505139e+01 7.433588307859837130e+01 9.517463536495505139e+01 9.266786336352281239e+01 7.241798725192842312e+01 5.800472069465348568e+01 6.978166987200121696e+01 9.005228298534883891e+01 1.059861150458214070e+02 9.663118079486102374e+01 7.807259483251530696e+01 9.663090940563171216e+01 9.328180340780799895e+01 7.298171603463472934e+01 6.890661626396757811e+01 8.925099201990367703e+01 8.854594704504545177e+01 7.160066044331762214e+01 6.752338564426266032e+01 8.788213699989960048e+01 1.063087683651631750e+02 1.128627985873391566e+02 1.083035308778701733e+02 9.662444252128659627e+01 7.969575700937410545e+01 8.249650210536843531e+01 6.224330645233177250e+01 6.885335372122600006e+01 8.915349505879751746e+01 1.065032448388101614e+02 8.702180422969992435e+01 6.676835239142843648e+01 5.266508993559409646e+01 7.268854684226087670e+01 8.852508726300833075e+01 8.382834796744224093e+01
7.607930300715707972e+01 8.070714054001797422e+01 6.802537223822346846e+01 8.889151514377267915e+01 8.824897870986512771e+01 6.796995662467847410e+01 5.358493073169265131e+01 6.796995662467877253e+01 8.824897871625454115e+01 9.767169668166393137e+01 7.723677622222849948e+01 6.765711108146605568e+01 8.827682280823012206e+01 1.015897215569811465e+02 8.156154144011425444e+01 6.119967471609852794e+01 7.413655778131258955e+01 7.374839642765365966e+01 5.982580227696138309e+01 8.018725227264846467e+01 8.711856433317852577e+01 9.275495055599594707e+01 9.275495053686833558e+01 1.077909768770290810e+02 1.083035308778701733e+02 9.999625233375171263e+01 8.793170809357833662e+01 6.759502961317485870e+01 8.793170808430240015e+01 8.321216744214277128e+01 1.034971287694269222e+02 8.995155191690619745e+01 6.965366452651204554e+01 5.551857956728154875e+01 6.545388887964627145e+01 8.567826102771550723e+01 9.217688901895533604e+01
5.560514951342332068e+01 6.001079940304973803e+01 7.462518924381237184e+01 9.539026984501026618e+01 8.472959986977089386e+01 6.992355994385579265e+01 4.966709406035798935e+01 6.398026828190661064e+01 8.427193527927279604e+01 9.546399555965834338e+01 7.498994277181770940e+01 6.040232094480622038e+01 7.498994276848000595e+01 9.546399079283493450e+01 8.843279793907670694e+01 6.817394884816495448e+01 5.388285632317805351e+01 5.351395242906244931e+01 5.764274812771976286e+01 6.204592572712006415e+01 6.673482753736297468e+01 7.243267095741754247e+01 7.926742944241392763e+01 9.361822084651443276e+01 1.136954700879606150e+02 1.081845757048423877e+02 8.793170810739061949e+01 7.435523692724166267e+01 9.471994365693790030e+01 1.034971287694266806e+02 1.117912195914950075e+02 9.313148433129620685e+01 7.279186959745145202e+01 5.858434595793556099e+01 7.874920482627275931e+01 8.556393187626727581e+01 1.052752480784942577e+02
