LEM/sinusoidal_perturbations/elevation_000745.asc
nrows	100
cellsize	150.0
xllcorner	0
ncols	100
yllcorner	0
NODATA_value	-9999
[rows 51 to 67 of 100, columns 37 to 73 of 100]
8.681473035856930665e+01 9.624913993035775661e+01 1.063292055969305210e+02 9.040908123765470350e+01 7.037313290030608925e+01 6.054124347064072964e+01 5.357316704132195184e+01 6.883067107991271882e+01 6.516932509675318386e+01 8.461028376653004557e+01 7.738499327749430279e+01 5.773947246246971332e+01 7.738499405774223305e+01 8.305830492432021117e+01 6.315447615590895936e+01 5.176722067581562214e+01 7.156682149961805806e+01 8.160379112415486702e+01 7.327823723470886819e+01 5.744496939767183363e+01 7.723655416831614673e+01 8.809621290681440087e+01 9.649919700998925975e+01 1.063529430066980694e+02 1.147611749861994781e+02 1.249565004397601626e+02 1.335936052937657337e+02 1.197195882802725748e+02 1.335936052531136511e+02 1.291255079331364470e+02 1.208957719234136619e+02 1.208957719235815631e+02 1.125299924735642634e+02 1.117187950127607934e+02 9.358162110821128010e+01 1.117187950127749758e+02 1.150655967617827429e+02
9.506044497612825239e+01 9.978534304111697395e+01 1.082296758476344536e+02 9.880890376449865187e+01 8.875534056133005834e+01 8.039110706898041769e+01 6.883067107991271882e+01 4.902564397809173613e+01 6.465530871453265149e+01 6.465531431906559590e+01 7.345588169834806536e+01 5.378962205792927165e+01 7.345588967848600248e+01 7.215751524711730269e+01 6.386876606907765819e+01 4.854460659109605558e+01 6.764774730153878579e+01 6.957129673465976794e+01 5.348859024730121803e+01 6.486028421611385397e+01 8.477737490596503278e+01 1.010618145537409873e+02 1.024769813162684358e+02 1.108969396302761936e+02 1.119271514109430257e+02 1.203208975988657130e+02 1.299164416909962370e+02 1.393409195674807108e+02 1.318072016197562846e+02 1.234375685244526011e+02 1.318072015411334519e+02 1.405747199442965609e+02 1.323236391743935201e+02 1.216383448045748850e+02 1.134182482824048890e+02 1.216383448045929043e+02 1.128217915236401723e+02
8.529808637154438600e+01 7.929726817742734113e+01 9.978534304111697395e+01 1.014338631292681470e+02 8.127106867389174738e+01 8.127106867389174738e+01 7.713847383739218344e+01 6.465538246640964815e+01 4.484722826078974123e+01 6.465531547071859109e+01 6.973931024204031814e+01 5.004462574495444471e+01 6.473685775008361531e+01 6.160275818244812029e+01 4.404914239363352380e+01 4.593012926520983541e+01 4.783451048140810258e+01 4.976759512547729969e+01 6.957129673465976794e+01 8.160379120657557905e+01 9.315510232727427820e+01 8.081426639515051136e+01 8.216314182774655706e+01 9.525590563443694236e+01 9.150912864645844991e+01 1.011252543217619859e+02 1.179015539897448264e+02 1.296809282092293643e+02 1.216310884768715681e+02 1.030248073033778695e+02 1.216310884768715681e+02 1.274984342216027926e+02 1.191169261820650860e+02 1.274984342216027926e+02 1.301911114119515105e+02 1.187286529334672025e+02 1.039053052484475188e+02
6.520807062542969845e+01 7.929726817742734113e+01 9.978534304111697395e+01 9.549887850288172331e+01 7.537771687985889457e+01 6.134831344343864856e+01 7.062190806347541638e+01 6.188167330669293165e+01 4.209201297769497785e+01 6.188167330669293165e+01 7.800065731345296172e+01 6.473685775008361531e+01 4.501074261935791299e+01 4.179780702863384079e+01 6.160275818244812740e+01 6.575009676444919648e+01 6.764779118532281643e+01 6.957129395622054346e+01 5.395336001178751673e+01 7.374340442020769615e+01 8.142070550273270158e+01 6.682431226969650595e+01 7.072805726482054922e+01 7.509942980054498207e+01 8.079323405419241055e+01 8.899862773786099979e+01 1.008274718821969174e+02 1.213265201747366859e+02 1.132311879138891726e+02 9.286614457577593384e+01 1.132311879138891726e+02 1.173253773481534239e+02 9.872468435083497695e+01 1.173253773481534239e+02 1.219576716931714060e+02 1.021139368435129597e+02 9.066112056208953618e+01
8.529808637154438600e+01 9.376347201253098262e+01 9.465499224519682286e+01 8.629553379211786535e+01 8.962897363409824436e+01 7.062190806347541638e+01 5.080074814925795579e+01 5.918863011610348224e+01 3.944211133427992877e+01 5.918863011610348224e+01 7.795306619662669334e+01 5.804425081553682020e+01 5.804425081553682020e+01 4.023941970398426804e+01 6.001709305322640375e+01 7.637964888000809083e+01 8.472019749966766256e+01 8.207134332929680909e+01 7.374340442020746877e+01 5.831741570798642726e+01 6.159630769082082224e+01 7.552656075670007851e+01 9.074878061929551620e+01 8.662822501416528098e+01 1.011252543217619717e+02 1.011252543217619859e+02 1.179015539897448264e+02 1.201496582464842930e+02 1.064428401345101491e+02 8.616901931820825666e+01 1.064428401345101491e+02 1.089208052664288857e+02 8.861393895452738434e+01 1.017412438296801156e+02 1.220738246202299706e+02 1.142224152874568261e+02 9.439016645099314928e+01
8.190707353173530691e+01 9.346571472800935965e+01 8.308188753465890386e+01 6.630679096457852495e+01 8.308188753460218834e+01 7.581228178237277859e+01 5.593598263625231937e+01 4.200456925831036159e+01 3.688415915382866217e+01 5.657312919831410625e+01 6.441088427039477438e+01 5.614585232037792650e+01 3.831551526134794017e+01 5.804322007193071897e+01 4.953927564955920104e+01 5.652852784610648484e+01 6.792536074304339877e+01 8.792842124601541798e+01 8.646778776449029635e+01 6.966187701723951875e+01 7.293497193311759474e+01 8.975187868723467943e+01 1.040586164628375769e+02 1.070415365374666408e+02 1.154548253421365871e+02 1.215574989371979626e+02 1.252369407835660695e+02 1.117592529018146195e+02 9.147294852769306317e+01 8.040503298607320914e+01 1.005902921816106499e+02 1.017412438295771153e+02 8.153844214079070696e+01 1.017412438295784369e+02 1.116939653326077035e+02 1.224439135345117791e+02 1.084201332541109650e+02
6.515294167722521479e+01 8.517422938620204320e+01 7.475502773987589933e+01 5.490962796500002696e+01 7.475502773987589933e+01 7.311467259461061019e+01 6.471188792462922379e+01 5.397818533624460713e+01 3.435938561953382475e+01 5.299375414259908723e+01 5.426993980608053647e+01 3.647108102930269524e+01 5.614585231936143828e+01 4.709358549652066017e+01 6.690352251549767004e+01 7.637964888000809083e+01 8.472021421871710345e+01 9.630694917821847412e+01 9.806748655585374763e+01 8.966623746274312623e+01 9.298548837862198013e+01 1.013214156656542144e+02 9.990965067345962325e+01 1.082133857016071090e+02 1.229499012599127070e+02 1.145818519667326711e+02 1.049220397531075974e+02 1.086498935503115035e+02 9.519555474068513945e+01 7.507418321559910623e+01 8.866731977288449684e+01 9.006789762179236902e+01 7.600572799124671519e+01 8.306346259735633453e+01 9.732772235607760081e+01 1.176789614008692979e+02 1.282303632650742884e+02
6.411761366556447683e+01 7.247334410347367850e+01 6.773861936178948895e+01 4.795497860626230135e+01 5.930284659938860869e+01 6.468138868607402969e+01 4.455563501211766919e+01 4.869036409594418302e+01 3.205909161234216498e+01 3.335013525949841551e+01 3.463035175390326970e+01 4.110669416994404912e+01 6.093461925713542371e+01 6.690352251549767004e+01 5.765091161533727160e+01 7.165223592066057279e+01 9.171535299456900248e+01 9.611137644323332552e+01 8.779173061600205585e+01 9.611137644323332552e+01 9.399300894553134356e+01 8.567062835054152004e+01 7.977263218945556389e+01 9.990965067345962325e+01 1.112537705307427132e+02 9.430034900855989122e+01 9.060276499809290840e+01 8.838756548429165605e+01 1.027139869404188346e+02 8.866731977288449684e+01 6.858467020219757160e+01 6.997821201655126799e+01 9.006789761476080969e+01 1.032886485959222256e+02 9.955468304243170508e+01 1.139499602203082702e+02 1.342745342095574301e+02
4.410256394141514846e+01 6.338307884375630863e+01 7.603882264216194642e+01 5.930284659938860869e+01 3.961133716346314060e+01 5.186015561268280294e+01 4.706221333896344561e+01 3.044876697165067370e+01 5.015864794837356300e+01 5.299375414259908723e+01 4.255161304373703501e+01 6.067884074857765597e+01 5.251662867332306206e+01 7.243380824345132396e+01 6.906389846255621023e+01 8.587288905906625303e+01 9.268012578346640851e+01 8.436262281774830285e+01 6.769869216343619200e+01 8.606597558025494266e+01 8.567062835054152004e+01 6.558843658166972546e+01 8.567062835054152004e+01 9.628423881830110531e+01 1.028723207742614107e+02 8.267566192208315101e+01 9.121177500453678988e+01 7.417915753371630672e+01 8.355532068675451285e+01 8.032758472105648195e+01 6.429910061647601083e+01 8.438568449809446292e+01 9.651794774926278819e+01 1.032547074568944367e+02 1.116616718112823037e+02 1.218214123431337157e+02 1.295216407204005975e+02
3.398301843177213755e+01 5.505297084022004128e+01 6.030615014663229090e+01 5.739176926963670411e+01 5.134722756678578293e+01 3.223385046879563731e+01 2.885206695910985886e+01 4.860734411183988612e+01 5.839891814875139886e+01 6.989960428911153656e+01 5.367516755084130864e+01 6.989960429253595464e+01 6.398737967538919946e+01 8.074531277950238461e+01 8.909156624572048599e+01 9.746937719550824397e+01 8.436262281774523331e+01 6.431477794041481388e+01 5.774715291419686025e+01 7.774521138971913103e+01 7.166925066439547720e+01 5.896466600515611134e+01 6.786727224498207534e+01 8.206655006251462225e+01 1.022022997419955601e+02 9.121177500453678988e+01 7.110695315170725905e+01 8.222062565260074507e+01 6.346054872982486472e+01 6.023291941842284558e+01 6.526275314707399389e+01 7.062609274077699695e+01 7.639471847165644647e+01 8.304442833499491883e+01 9.308532664246153843e+01 1.134240882713273351e+02 1.211459584511586343e+02
2.862664595917798493e+01 4.603208266888427858e+01 4.221738398136425729e+01 3.242343053557705446e+01 3.237560156667985467e+01 2.734885824886551831e+01 4.705459790677686271e+01 5.354808567996381896e+01 6.016570954429477069e+01 6.902507668254899897e+01 7.281968923304712860e+01 8.109280991721728071e+01 8.397184423867476255e+01 9.230657645017751634e+01 8.910368514106217219e+01 8.322170678454467918e+01 8.436262281775103133e+01 6.431477794041481388e+01 5.027088289807694821e+01 6.551813977595050176e+01 5.173737374372438325e+01 6.319646921058300393e+01 8.324323674983480714e+01 9.628423881830110531e+01 1.014967362466082648e+02 9.958684720120653822e+01 8.222062565260074507e+01 6.213363783872517132e+01 5.676156779770339256e+01 7.677968847545760411e+01 8.524918216444241637e+01 9.068462883102631622e+01 9.601407688763666215e+01 1.032547074568944367e+02 1.116616718112823037e+02 1.218214123431337157e+02 1.191779082516063113e+02
4.603208266888427858e+01 2.665658925714489413e+01 3.247132547388928714e+01 3.291327955165519370e+01 2.614397809576736620e+01 4.545507749831720190e+01 3.850273491984302154e+01 3.733194014718733200e+01 4.090366182507027304e+01 6.070727601388006889e+01 7.615831833433998099e+01 8.060658948969225435e+01 7.260088187393772330e+01 8.060658948969420123e+01 6.906315326371286289e+01 6.319848837179900158e+01 7.736683193412257253e+01 6.486394156893980778e+01 4.500522842019054082e+01 4.565241176549541535e+01 6.551813977595050176e+01 7.998192940024668474e+01 9.156171974233315325e+01 9.559419358207679807e+01 8.130338815674608099e+01 9.559422865640969746e+01 9.058073357199857867e+01 7.493421753800345186e+01 5.467344199499814295e+01 7.137314502079836132e+01 7.713633221838003351e+01 7.370612480056824722e+01 8.861155188853456366e+01 1.111398332693195954e+02 1.182143987744636888e+02 1.098189726714483641e+02 1.107825249315893501e+02
4.971239680307736108e+01 3.035972614482134091e+01 2.466918038769589927e+01 2.505342148569622296e+01 2.546305919279819463e+01 3.116551311439235050e+01 2.661178615913596346e+01 2.701642249382055283e+01 4.637711345339049984e+01 5.400614858226145998e+01 5.503834647471122565e+01 7.144641256292652542e+01 5.469769660269375322e+01 7.144641256296891640e+01 6.906315326371286289e+01 4.911240504724555933e+01 6.406689982999218103e+01 5.566472633042327800e+01 4.010681393645946002e+01 5.989926328166630043e+01 7.381874329379523658e+01 8.637177433259216741e+01 9.497099725219270283e+01 8.659270180513505011e+01 6.712898877373230277e+01 8.659272166072490506e+01 8.931362883591542356e+01 6.916473975601940083e+01 6.916446119183254382e+01 5.175776343991073247e+01 5.711017747600438810e+01 7.724167441600815209e+01 9.575734365469052989e+01 1.059114848073887316e+02 1.098189726714483641e+02 8.953721496544834224e+01 9.547760426315318227e+01
3.695047818476643187e+01 2.413880457136113833e+01 3.777529551232856875e+01 4.849380475889425668e+01 4.520975508128160669e+01 2.603809468526685933e+01 4.580822788559605385e+01 4.623605413955529997e+01 2.758643630427758708e+01 3.629834113792025363e+01 5.428461999813703187e+01 5.490983403725220313e+01 4.593279531405504201e+01 6.364928893395984488e+01 6.152459928779830278e+01 4.165325792923779602e+01 5.217734836692513767e+01 3.589445486304659028e+01 5.039899771837734477e+01 5.329309511004579747e+01 7.316985966698086941e+01 6.580615716530596160e+01 7.886816820514205517e+01 7.823385625828248635e+01 5.814009190001173266e+01 7.823385625828279899e+01 7.491582938787395562e+01 6.656434223485349833e+01 4.910570711550272449e+01 6.916453405920977104e+01 6.813951360509500432e+01 6.714933240694391259e+01 7.719123654259541922e+01 9.747230763829237787e+01 1.098189726714483641e+02 8.953721496544834224e+01 7.533785702083305580e+01
2.360033440786361680e+01 3.878040287915071360e+01 5.088762261291262234e+01 6.506059230406148686e+01 5.747633623661113944e+01 3.477716773801759587e+01 5.799376750506394274e+01 5.486584765853952206e+01 4.113236400244202429e+01 2.815232321709699548e+01 4.754386681937359782e+01 3.684821941920107236e+01 5.336322022537407861e+01 6.542995591498642227e+01 5.931910940693119727e+01 5.034812590867749549e+01 3.246946547576731490e+01 3.303719127955687185e+01 3.363471334608544794e+01 5.340166214653861942e+01 6.262643474937220844e+01 5.392386641744814568e+01 5.807335001155747989e+01 6.365038956390853997e+01 5.172216318741097041e+01 7.187964899646165406e+01 6.403021451124953956e+01 4.653029758849591246e+01 6.067432857780173094e+01 7.751911778224614125e+01 8.235926784415897828e+01 8.733177209044384881e+01 9.575734365469052989e+01 1.059114848073887316e+02 1.157710031392093555e+02 9.547760426315319648e+01 8.647083739804533309e+01
3.854313235234944557e+01 3.416665100395718468e+01 4.791941244790643850e+01 6.930006333720902489e+01 6.697213493543679874e+01 4.730875388396074044e+01 6.090211598461773690e+01 6.864394986317927305e+01 5.499190596797029684e+01 4.468327863166012293e+01 2.871127163795479120e+01 4.408063892099679748e+01 3.359586900041632163e+01 5.155887203974668154e+01 5.042949453293196171e+01 3.169043805490519361e+01 5.131724666251290046e+01 4.694167716838549609e+01 5.341874636275362320e+01 3.450800794271280836e+01 5.431202132213682887e+01 4.751480555645728288e+01 4.034305560622650688e+01 4.352427789968862726e+01 6.365038948255749318e+01 6.154989873919824106e+01 4.403370096335902417e+01 6.403021451124953956e+01 7.491582934939408744e+01 8.915732996696107193e+01 1.025683390666828103e+02 1.028392586701369851e+02 9.439233409677854070e+01 9.136514658380923493e+01 1.001126646411592986e+02 9.922667525606561867e+01 9.084022382613179047e+01
4.216110652294730698e+01 5.288541735425264534e+01 4.941296931891537270e+01 6.162721484777851089e+01 7.443604913863337913e+01 6.551111237914027186e+01 7.943784781834048658e+01 7.383604683671610758e+01 5.614390139343993269e+01 3.639613373417215314e+01 4.691052851880823482e+01 2.926338428503874312e+01 2.964836805737233760e+01 3.837167665267674010e+01 3.093275348933168800e+01 3.871389323133961113e+01 5.834856701698337389e+01 6.687689635278246669e+01 6.221749657013538837e+01 5.269456787058837222e+01 3.539827082958624516e+01 3.603394621591071711e+01 3.667021228773992192e+01 5.648191077393857995e+01 5.910478660932047745e+01 4.161112176832270393e+01 6.154850597631290299e+01 6.402404136020619774e+01 8.412501289391546777e+01 9.959369999225778258e+01 9.383492843135218209e+01 9.402775086665855042e+01 7.388745070604363718e+01 7.124738548755293266e+01 8.835338460373093028e+01 9.084022384259661465e+01 7.067327297941108100e+01
