LEM/sinusoidal_perturbations/elevation_000562.asc
nrows	100
cellsize	150.0
xllcorner	0
ncols	100
yllcorner	0
NODATA_value	-9999
[rows 34 to 50 of 100, columns 0 to 36 of 100]
2.064481644892168701e-03 2.000206379672327017e+01 2.392522860540844931e+01 4.392522762327734398e+01 4.259255726175080525e+01 4.891711254979075107e+01 4.524704425748590353e+01 6.524704384563843007e+01 6.510757987929719093e+01 4.564743066226507295e+01 5.774289020165048925e+01 7.748273980244101722e+01 8.035303238207953314e+01 8.614012494644030937e+01 8.345327019035457283e+01 7.356855127361657765e+01 5.562045555424380439e+01 7.356855127361657765e+01 7.426363560589852852e+01 5.462697158019366839e+01 5.608539923304268626e+01 7.003285089145556697e+01 6.467129128139818306e+01 4.103021816284376655e+01 2.608712699464160423e+01 1.373371243499354399e+01 1.257745235420124885e+01 2.211474526823419140e+01 3.222464676838362863e+01 3.332003147700113033e+01 1.646993775759300505e+01 1.865239006522677556e+01 2.863225193835506133e+01 3.085822602790574720e+01 4.757910245721031828e+01 4.986462982533743116e+01 3.015002597004614415e+01
2.905961989428186391e-03 3.925228664753117158e+00 2.392522870927849254e+01 3.442759147547660348e+01 2.259255732058546684e+01 2.891711264092233691e+01 4.305924826456928400e+01 6.305924799509497802e+01 7.342618650750654297e+01 5.672289700856324401e+01 7.342618650750654297e+01 8.036954964835112492e+01 7.210300094922466485e+01 7.682970523890816139e+01 8.507121665610763728e+01 8.338469077212903358e+01 7.550890347139070968e+01 8.338469077212903358e+01 8.249646906755597797e+01 6.844187326996703291e+01 7.574351472342040381e+01 6.831236895194192016e+01 5.937410468350579862e+01 5.144086850106781128e+01 3.752332217348519094e+01 1.652492783010450239e+01 3.310027397857511744e+01 1.304805185091423070e+01 1.338109295883823080e+01 1.424987737520209485e+01 1.675107292517123270e+01 1.863351804200063810e+01 2.652765886676709783e+01 2.264438790558804016e+01 3.448385939868560257e+01 3.481104312304033499e+01 3.588450925625432575e+01
3.542675937824442140e-03 2.000354250696474523e+01 9.955455556308443477e+00 1.442759151130806039e+01 2.597459689510037251e+01 4.597459681034892043e+01 4.524704425743439629e+01 6.524704382647576040e+01 7.515111867637742193e+01 7.656138126636366792e+01 8.494822654046485866e+01 6.877358662626149055e+01 5.203630394809005821e+01 5.684289340145358693e+01 6.874573889883166089e+01 7.695720417726924723e+01 8.577581249467635871e+01 7.755486221030859895e+01 8.577581249467635871e+01 8.831861319421723522e+01 7.173805842132958333e+01 5.032387235857551389e+01 3.838757598240074742e+01 3.059801525170398406e+01 2.455514864448430146e+01 2.065284418264859667e+01 4.153796319358405498e+01 3.580384761137958094e+01 2.486216888064538111e+01 1.383007038509681585e+01 1.414658001225921247e+01 1.448178965069419100e+01 1.483016373831587487e+01 1.517888961944156101e+01 1.551808209468862110e+01 1.585172882319023202e+01 1.618348024556961562e+01
3.411803931810562015e-03 2.000341180393145635e+01 2.995545552769718256e+01 3.442759147547660348e+01 3.442759149774761340e+01 5.425885858992560173e+01 6.524704382647576040e+01 6.926126113302608189e+01 5.513454920434596573e+01 6.926126113020474406e+01 7.723616577622379964e+01 6.051054170998070703e+01 4.021691190457296727e+01 6.050994643086465885e+01 4.860605661974221903e+01 6.538289665422017549e+01 7.582255663411646651e+01 5.762375363912971693e+01 6.758930792471910820e+01 8.746119275057489517e+01 8.074404438515868776e+01 6.832506115968941174e+01 5.144086850106781839e+01 5.144086850106781128e+01 4.541950292247398124e+01 2.490338738442343924e+01 4.569895635208759899e+01 5.384225045752123862e+01 4.482780827986425010e+01 3.374019874982838019e+01 4.531528422398424993e+01 3.620288983699407481e+01 1.678642182308879427e+01 3.127037234934402221e+01 3.012518924636166773e+01 3.513820859428649612e+01 1.858087819889647818e+01
3.327314952832964925e-03 8.168293129471507541e+00 1.711256532909819583e+01 2.865960188990079160e+01 4.866725223748255047e+01 6.271186582261593401e+01 6.685866462841062230e+01 5.858080877217327043e+01 4.076005263436827164e+01 6.024767225653786795e+01 5.720721232980218218e+01 5.409208465492759643e+01 3.376770909299455781e+01 4.579976979403207338e+01 3.678779207229787573e+01 5.311885852825044196e+01 5.856350757383290073e+01 4.740700478876409107e+01 6.176352141312871424e+01 8.165400073230350131e+01 8.984193135356228765e+01 8.173507026195591152e+01 7.002384583125670758e+01 4.878650445721621054e+01 3.686785797970615164e+01 4.569895635208217755e+01 3.226983611858889134e+01 5.304358596186963837e+01 6.275677361466892989e+01 5.454877926288843781e+01 3.969647434136378195e+01 1.957244354677412446e+01 3.687288130930411967e+01 4.384357887993817826e+01 4.466066356618095767e+01 2.713075246530024387e+01 2.473189673070971750e+01
6.779948344387334673e-03 1.414891557207521267e+01 3.414891557207450035e+01 4.541093206733071241e+01 5.698296232857052246e+01 6.191685628087107318e+01 5.858080877123506980e+01 3.835501435744355092e+01 3.165981952821016421e+01 5.064758489721693735e+01 5.720721232980293536e+01 3.695547606287511400e+01 4.268340277159938978e+01 2.553396346754573543e+01 2.772708492279621950e+01 3.275405103836602194e+01 3.819404648075917663e+01 5.268366305331544908e+01 7.275870795024347615e+01 8.435767674498571012e+01 7.043149378465069788e+01 8.435767674498571012e+01 7.894780567183718745e+01 6.663450601280254659e+01 5.776246107208038438e+01 4.063896222556497406e+01 5.304358603635527203e+01 6.188646644719356260e+01 6.477850031897786209e+01 5.649107265118871624e+01 4.172465224553151586e+01 2.154739686288585077e+01 4.172465228772323798e+01 5.323320415932945338e+01 5.418786554195035166e+01 3.458748699692036155e+01 4.460059837749760447e+01
9.516927588586143695e-04 1.154796154783093165e+01 2.569048780986579317e+01 4.571002367391368182e+01 5.995666053526746708e+01 3.773367618614859964e+01 4.090842117354188190e+01 4.427901238369061332e+01 2.404444622605735660e+01 3.041693934288733203e+01 3.820673935416358091e+01 4.009742554972916651e+01 2.266639744845805282e+01 4.288835611799231629e+01 4.802812363153285702e+01 3.138758331802548085e+01 5.174482579356293144e+01 5.900117269525092212e+01 6.230141603257398231e+01 6.664232255980800801e+01 5.757516763737404375e+01 7.611667932278682258e+01 9.124226933839177889e+01 7.913935285873466796e+01 5.765997029414567976e+01 4.788021265249095393e+01 6.910593724266671245e+01 7.072109729928656918e+01 5.059680331067915660e+01 3.610684385258235807e+01 2.966411379756079825e+01 4.171831802472507889e+01 2.456750741960695095e+01 4.488150641923668616e+01 6.238299680757868515e+01 4.587844287021479062e+01 6.238299435001260207e+01
1.945935296826602993e-03 1.414408652377903586e+01 3.414452086345984583e+01 4.589909509848681779e+01 5.005886983631586418e+01 3.908616435556206881e+01 1.949228581520472048e+01 3.319295640302219397e+01 3.387144623583053260e+01 1.619499706394145733e+01 1.804060234695371179e+01 1.991065530779025750e+01 4.009742554972916651e+01 5.122538877433398596e+01 5.908791101815779001e+01 3.908029483619944244e+01 3.538943722779006862e+01 3.861256300729144897e+01 4.195265319413407212e+01 4.638679445493189490e+01 5.196101081638747132e+01 6.369201941295125380e+01 8.316837011039481808e+01 8.806180368338478104e+01 7.805229563540471815e+01 5.830643063775892188e+01 7.805229563540471815e+01 7.072109830486363080e+01 5.059680331096881645e+01 5.649107270338870990e+01 5.004501348627010771e+01 4.715922565435078440e+01 2.674779893200751957e+01 4.121124321781556432e+01 6.152450807099712193e+01 6.553941891860122837e+01 7.376945396370145147e+01
5.600688922766023682e-03 2.000460441724715466e+01 3.147655581620792020e+01 2.737368885513746974e+01 3.650151795243796471e+01 2.801733686810698032e+01 1.048118498401445287e+01 1.210649463301914608e+01 1.374732147419315886e+01 3.387170471812290629e+01 3.820673935416358091e+01 3.416672018452617721e+01 3.416672018468517535e+01 5.441541488811972727e+01 5.548804923825005631e+01 5.334305576273232674e+01 5.577814912111477952e+01 4.508393070642935641e+01 6.230141603257398231e+01 5.001411443515007704e+01 6.708400692777570384e+01 6.111804980423229949e+01 7.494038588131189726e+01 9.409007636220724180e+01 8.885161653250945335e+01 7.990544162026696995e+01 8.885161653250945335e+01 7.896041505915550829e+01 7.072109859743756033e+01 7.394900572150635298e+01 5.383619926749202023e+01 4.951184656769657977e+01 2.901669797548442631e+01 4.950949424123149356e+01 6.226199903061643681e+01 7.053217310248558647e+01 8.054109026368436730e+01
8.215197286175309616e-03 2.000724679646342707e+01 1.186874792559567915e+01 2.449030501076709498e+01 2.602126481352089371e+01 8.231374947370678541e+00 2.755606782061405724e+01 2.619619195493007169e+01 3.352970110442849005e+01 2.242112689026504313e+01 4.284853789724704143e+01 5.441541421711541915e+01 5.441541486483205148e+01 6.270951224107932376e+01 6.935350502780404724e+01 7.295721848967626499e+01 7.243737356611276823e+01 5.237027060066566264e+01 7.242718098262692195e+01 7.085733423304756684e+01 5.882697056182090023e+01 7.811469533610144822e+01 7.164774500726494466e+01 9.077102174772140586e+01 9.798357516540984591e+01 8.804094967614403799e+01 7.979572368037452179e+01 7.275405441114422445e+01 6.642438413235042560e+01 6.230780981561823495e+01 5.383619926749202023e+01 3.332817129075997542e+01 4.951184656769657977e+01 3.460732948929344133e+01 4.196569414224678951e+01 5.223159747561192034e+01 7.229462065185525432e+01
2.613274238814250559e-03 1.487143167352482642e+00 2.977234122411934969e+00 4.497498579154150633e+00 6.031011677692712070e+00 2.602126420935725193e+01 2.254449735285114187e+01 3.614379674148911903e+01 4.660842726609885034e+01 4.284853789724704853e+01 3.338122299000280435e+01 4.361952782267925244e+01 5.796638061807069420e+01 7.795454834245805387e+01 8.899190457420654354e+01 8.888731195365542703e+01 8.065627709707865733e+01 6.405540081786415385e+01 8.065627709707865733e+01 8.543424205512728520e+01 6.556495415408272720e+01 8.543424205512728520e+01 8.120136722912515381e+01 9.883967223527356794e+01 8.972956482103407438e+01 6.986188720423443499e+01 5.987887583458496010e+01 5.273787976902646335e+01 4.625951990197643227e+01 4.201551884866591990e+01 3.799020772221229691e+01 5.376067394007412759e+01 5.988362519182582133e+01 3.952199606700899892e+01 5.988832759290433927e+01 7.053217310248558647e+01 8.054109026368436730e+01
7.532853315450405325e-03 2.000753285288042349e+01 2.297244510576756227e+01 2.449030501404739724e+01 2.602103228473289320e+01 3.430461865151807643e+01 4.498920871017953260e+01 4.655098975812774142e+01 4.790302026712770100e+01 5.117971459002569645e+01 5.372015361117206567e+01 6.201696397617081402e+01 7.207885591842980944e+01 8.444542398699587693e+01 8.304210814375458938e+01 6.904112885464181204e+01 8.304210814375458938e+01 8.388736127404935417e+01 9.210918758635135362e+01 9.403254349832126024e+01 7.679482629066281163e+01 9.403254349832126024e+01 9.464271321332951459e+01 1.084863815667143996e+02 9.798359484254457641e+01 8.804044693891242446e+01 6.912285401443429578e+01 5.495909015221452165e+01 6.642438413235042560e+01 6.230653713121250092e+01 4.400823901095709090e+01 6.423261830891075874e+01 6.661529868153641587e+01 4.643936101785805448e+01 5.139824331017946690e+01 6.306016222170924124e+01 8.299590467566243035e+01
6.101047412966256744e-03 1.414823667114404238e+01 3.414823667114474404e+01 3.595505345733013769e+01 2.765121958891383613e+01 2.959561685852221302e+01 2.996780125900270875e+01 3.364757366112212367e+01 2.295775620037041875e+01 3.443445230464136131e+01 4.620583652091356441e+01 5.584812529221578359e+01 6.399121591665588937e+01 6.445333067679285932e+01 6.445333067679285932e+01 5.493694417912469419e+01 7.359348102020548765e+01 8.119955970290912717e+01 8.118707815272007622e+01 8.935570635329767697e+01 9.738385479720948013e+01 1.059248092376843431e+02 1.140967759467420137e+02 1.061318480324163716e+02 9.769620892608361373e+01 9.729878494685083012e+01 8.200769909914092182e+01 6.208041298510012496e+01 8.200756095637414944e+01 7.061080119482735995e+01 5.052038538200901741e+01 7.061080119482735995e+01 7.420195049793014164e+01 5.416620373319867809e+01 7.148599840337747935e+01 7.973861555168032567e+01 9.124504628912501403e+01
6.842009524227352091e-03 2.000684200952387215e+01 2.302067508000432383e+01 2.491354682772809781e+01 7.618407194380372616e+00 9.563618905988990448e+00 1.153844943090533626e+01 1.359667317494954553e+01 1.569302332393321642e+01 1.786284280917659473e+01 3.791547567405233821e+01 3.671762234206716613e+01 5.100083909401713811e+01 5.136507721038199747e+01 4.456746573467346906e+01 4.609730835379317426e+01 5.381497610143670585e+01 6.682136912473221457e+01 6.115413147935282012e+01 8.118707815272007622e+01 9.147981092519061974e+01 1.032836989505164382e+02 9.855969136938783492e+01 9.011277033628331878e+01 7.721315159883121737e+01 9.235244503722709908e+01 9.033469012600197345e+01 7.358889956083305606e+01 9.033469012600197345e+01 7.889142416337793406e+01 5.957179754573367347e+01 7.889142416337793406e+01 8.252388595204506316e+01 6.576885264861063263e+01 8.252388595204506316e+01 9.297318535698576625e+01 1.013711615437161697e+02
1.934550753332892102e-03 1.507347728098895168e+00 3.015537766521140473e+00 4.907011346512707206e+00 2.490163267608784636e+01 2.959284892029609537e+01 1.972278742472177626e+01 3.364757366112212367e+01 3.576050277679368605e+01 3.791547567405233821e+01 2.102776429030035032e+01 4.106384148499363818e+01 2.865190194058241957e+01 3.173930165484120991e+01 3.486092763604285949e+01 3.855924761575499815e+01 4.240053070762763809e+01 4.700000566658889056e+01 5.453808915001150837e+01 6.274461775549787745e+01 7.437019630751983357e+01 9.468714851659217402e+01 9.011277033628331878e+01 6.964520996328798219e+01 6.540972894001868099e+01 7.188398769715502112e+01 9.235244503722709908e+01 9.354987259412391154e+01 1.019119182762020586e+02 8.791327447721077704e+01 7.372514957575315009e+01 8.791326687881620217e+01 9.414032235567771068e+01 8.577333909218862118e+01 8.967144483981067538e+01 7.271282548403053170e+01 8.967144483980459313e+01
4.364784840791047053e-03 2.000436419191413151e+01 2.302067432300971106e+01 5.663552247597278821e+00 2.622028651251366327e+01 3.847303220138859814e+01 3.975780786814450352e+01 3.389380423168518774e+01 5.391476497931606104e+01 4.935309725296027494e+01 3.520007231670552272e+01 2.435104072237858119e+01 2.834655331032232795e+01 4.765672035415624208e+01 5.451195596407066546e+01 5.831617357039014138e+01 5.383274006957105229e+01 6.707273567838173278e+01 6.116064240641490102e+01 8.134580315498412517e+01 9.147981092519061974e+01 9.053200082648157831e+01 8.208259240762409092e+01 7.564001960219327714e+01 5.514201814751907449e+01 7.564001960219327714e+01 8.801393912516232376e+01 1.030085868214066949e+02 1.035370059908086517e+02 9.595383700214446776e+01 9.400862124049423585e+01 9.393043341583542372e+01 8.562290689886447126e+01 9.393043341583542372e+01 8.127586113045647664e+01 6.108593074987183513e+01 8.127586113045647664e+01
5.219006137575642711e-03 2.000521900561877686e+01 3.460694646697340460e+01 2.622028651251359577e+01 9.101948361057432990e+00 3.016598129552863838e+01 4.260251668355306975e+01 5.391476497931606104e+01 6.220088258897987288e+01 6.350612024466757788e+01 5.268040828763577110e+01 3.592349114021953937e+01 4.765672035687507702e+01 3.424044081997319466e+01 4.773569466396093475e+01 6.723881230493452676e+01 7.390807390743169947e+01 8.222185807449835693e+01 8.134580315498412517e+01 8.978712324430351543e+01 9.655513973645381043e+01 7.608786702207996200e+01 6.159606873087800238e+01 6.912577717610039940e+01 4.961148491123083204e+01 5.885480187646674466e+01 7.340519243064578347e+01 9.128919253373133813e+01 9.595383711885763489e+01 7.629047045128399418e+01 8.209082125484911785e+01 8.394284868931175936e+01 6.550205583610805604e+01 8.394284868931175936e+01 7.413764278855860823e+01 5.394910992137668160e+01 6.511072748183437398e+01
