LEM/sinusoidal_perturbations/elevation_000159.asc
nrows	100
cellsize	150.0
xllcorner	0
ncols	100
yllcorner	0
NODATA_value	-9999
[rows 34 to 50 of 100, columns 37 to 73 of 100]
7.366802672388199369e+01 8.515429932689818315e+01 6.534232688640463493e+01 7.185882073554778060e+01 9.168603589652649077e+01 1.013519735792817755e+02 8.144726843001744498e+01 6.780632342729849427e+01 7.751176516660891025e+01 7.170350602612765556e+01 6.637047926186615143e+01 5.897819438320200192e+01 3.940310111348113509e+01 5.672412293447728615e+01 5.315649478468457545e+01 6.826025882444547221e+01 7.642696641662168133e+01 7.579155559072893311e+01 5.646375566445502869e+01 4.297442186839834477e+01 5.608621963748203143e+01 5.324027151394329849e+01 3.437096030425725957e+01 4.546088260372207657e+01 5.372859106980989452e+01 7.206628197929457258e+01 8.808447308525491337e+01 8.658568765746802853e+01 9.497868922494183153e+01 1.082887297575743872e+02 9.986514377898311068e+01 1.082889026279030702e+02 1.190266139928747435e+02 1.072535879702860058e+02 8.758111661985914509e+01 7.449257125435998717e+01 9.334305007570115720e+01
8.766930461369267391e+01 9.340157681784754118e+01 7.524285641813590075e+01 9.168603589652649077e+01 9.994603293252914966e+01 1.071990851772697937e+02 9.559243815379446119e+01 7.751176516660891025e+01 5.829137607011215039e+01 5.251980657150707543e+01 4.707372777317417700e+01 4.185623906754760526e+01 5.901218285508236505e+01 6.712309315880625604e+01 7.259824776026339066e+01 8.079016125042794272e+01 8.042928773028286571e+01 6.088091142134714318e+01 4.997351041833605478e+01 6.214362601770407224e+01 7.028208230109525800e+01 6.236207659702909467e+01 5.426422719179891629e+01 3.548239985836181631e+01 4.959975196696780841e+01 6.903625648683883753e+01 6.836386269476943767e+01 6.690742091981674378e+01 8.070308503433246017e+01 1.007896504328333407e+02 1.117708091358756661e+02 1.035724292761433816e+02 1.082791033916969781e+02 1.032586897219317876e+02 8.847585000119876497e+01 6.995232314647019223e+01 8.424723372820663769e+01
1.075617323665508565e+02 1.033329107791249868e+02 9.506574223566062187e+01 1.033329107791251715e+02 1.130682935340065001e+02 9.291280014633142059e+01 7.893546265557449715e+01 6.927548397199768715e+01 7.647948458825753448e+01 6.546659292195218427e+01 4.610711527278060373e+01 6.138078880805653625e+01 4.518102737871098640e+01 6.456689160533497329e+01 7.596066460187185498e+01 8.568398175982513010e+01 8.872878184152719427e+01 7.498029602556162843e+01 5.562040890893424461e+01 7.498029602556162843e+01 8.114291056556685078e+01 6.737005894693805885e+01 4.977009295244594256e+01 3.626363550267910085e+01 5.596784887614267490e+01 6.545646140912209887e+01 5.478635638499960692e+01 6.844294647375600960e+01 8.885054844026387855e+01 1.064646386643349842e+02 1.009506530006089662e+02 8.365085598062438521e+01 9.513066201982739756e+01 9.493970168495897610e+01 7.597590375467886759e+01 6.566328123520933957e+01 6.591583620919875841e+01
1.086251393544379340e+02 1.084927335465140601e+02 1.085325251993836986e+02 1.167126325629482722e+02 1.056397678742351189e+02 9.563648418849116695e+01 8.729568975058622016e+01 7.647948458831032781e+01 5.721707669763957682e+01 5.043318903848444279e+01 6.546659292195218427e+01 7.268946497689692876e+01 6.456689222605386647e+01 4.857021409825277658e+01 5.818235240183150125e+01 7.170927014185622284e+01 9.133305029844858325e+01 8.192524936253731482e+01 6.228195496416550014e+01 8.192524936252691248e+01 7.316484880326598272e+01 5.432950144495357847e+01 3.679230398071955932e+01 3.704592021162839188e+01 5.670144618531109870e+01 4.611748376092058521e+01 6.546143542852394148e+01 7.991363773821545635e+01 7.973778394405901793e+01 9.179568513941208607e+01 8.389622615048126875e+01 7.470975432303706043e+01 9.269716042091414465e+01 8.435202482275741431e+01 7.669115264230451601e+01 6.174922423072828082e+01 7.446568197345368390e+01
8.910011979603272891e+01 8.882640225710726156e+01 8.884193759030428339e+01 1.085325251993833717e+02 9.724517027173398276e+01 7.734620922981916635e+01 6.771208403124867914e+01 6.139971949765636339e+01 5.541133231978263751e+01 6.397229641593431637e+01 7.784074963308691508e+01 7.140868141811073144e+01 5.224127588982706527e+01 6.781964234728059182e+01 5.965713610010452328e+01 7.068599314417852497e+01 9.028579706107340996e+01 9.024069863738817787e+01 7.350163407113988967e+01 9.024069860993986936e+01 8.114291087736005181e+01 7.166293887734880741e+01 5.826366832529310358e+01 3.874106114288868241e+01 3.825250565726609864e+01 5.785816697125530794e+01 6.710727722182497246e+01 6.075736875245162594e+01 7.849366280934553686e+01 8.389621500238025931e+01 6.713133311056974151e+01 8.156230103304653767e+01 8.752258339354557393e+01 7.308676352884839389e+01 5.848671462062922899e+01 7.670972476331625955e+01 8.800135447905569208e+01
6.947273411426137102e+01 7.496082546180052475e+01 8.884193759030428339e+01 1.085325251996227678e+02 1.056397680299020863e+02 9.563648430203058126e+01 8.729568975065680547e+01 7.908927071624252392e+01 5.976019534498131236e+01 7.908927071624248129e+01 9.170920284549522705e+01 7.399043595630530490e+01 5.483611133378557412e+01 7.399043480542552231e+01 7.896984479404015644e+01 8.720847007243389726e+01 9.860729298245448149e+01 1.017889449423999366e+02 9.343212184229994932e+01 9.012834730981442988e+01 8.589612511152205343e+01 7.866375270581677626e+01 5.991690560326252069e+01 4.043417705718395894e+01 5.785816473458679354e+01 3.946486020865010147e+01 5.900968098608340284e+01 5.119403081493090468e+01 7.038612134932427011e+01 7.967288176496130347e+01 6.625801457647681048e+01 6.192742625381220023e+01 7.891329964390872931e+01 7.142918154392457097e+01 5.624138407417305530e+01 6.904118208852632677e+01 8.765748595488427952e+01
8.305581805792475336e+01 9.460917717545544292e+01 9.087974346288578431e+01 1.095938767560977141e+02 1.154782643815386791e+02 9.338488294152017488e+01 7.871446597262080047e+01 6.882009603158991240e+01 6.685146653484679291e+01 8.616543776331516824e+01 9.411893251211267852e+01 7.664982165676897807e+01 5.746477008962564526e+01 6.685498370121106859e+01 7.762466726440470666e+01 9.041265281277026133e+01 1.080004509259949970e+02 1.062197226227539772e+02 8.381538751941941712e+01 6.938119146135699111e+01 7.509553785415377547e+01 5.950792733190588280e+01 6.147918793053842279e+01 4.213293884044795590e+01 6.148351304614521240e+01 5.424036873846849005e+01 4.067698217506222136e+01 6.016001108248609341e+01 6.899331693174868008e+01 7.453670490262436488e+01 5.694894738534433998e+01 6.959482993919097282e+01 6.842893099390674649e+01 5.309237183057594933e+01 7.142862154991469481e+01 8.022710594588063771e+01 8.747330520772821671e+01
7.342194117348387294e+01 9.310887183668890543e+01 1.101267473542746700e+02 1.089140907965777529e+02 1.171117692955491805e+02 1.079955393500855791e+02 9.735065497895924125e+01 8.094823115306840577e+01 7.608741767006941359e+01 9.447342489437346558e+01 8.582353831988211823e+01 6.636314653244174622e+01 6.055264905800218855e+01 7.982937177667866990e+01 9.170229925235400970e+01 1.001152998785575079e+02 1.127284291814698634e+02 1.038380651939942823e+02 9.228223885240028324e+01 7.520951382994003609e+01 5.574235381322016991e+01 4.852793416413533834e+01 4.456122394699731615e+01 6.152701007731693750e+01 6.957739860642047347e+01 6.700304443971235457e+01 5.876127212549854306e+01 4.189870911017845145e+01 6.102355034809234269e+01 6.843805037264891666e+01 6.310917303498747799e+01 5.098168381575734287e+01 4.994921275590789378e+01 6.808421641254962253e+01 6.993240422321284200e+01 6.234754803435843229e+01 7.133514884569224535e+01
6.980701295620485780e+01 8.953495457948048397e+01 9.487182027200937284e+01 8.905532137423462302e+01 1.089140907965833804e+02 1.198609621828588416e+02 1.112586990750959615e+02 1.024546735374237159e+02 8.691753997793480835e+01 9.835945698568534112e+01 7.853842921240864428e+01 8.582353831988342563e+01 7.982937177667866990e+01 6.510895406493575877e+01 7.183498345814028596e+01 8.336211425223039839e+01 1.045210129508818397e+02 9.541251091710807941e+01 7.553219146435969833e+01 6.445209895166260594e+01 5.600778016114298197e+01 6.768541849756709894e+01 6.382862266006334551e+01 4.722569689862610431e+01 6.637369887196736329e+01 7.802461329466211737e+01 5.816876952810915924e+01 6.132099629912080729e+01 4.312672627529442337e+01 5.987997483263671938e+01 4.578136497974809771e+01 4.674080276435835657e+01 4.811657594691646977e+01 4.946918797064619611e+01 5.080249578329163995e+01 5.212279603449619714e+01 5.343930332014339513e+01
7.369967444363372522e+01 8.422274850470128627e+01 7.494923125180022794e+01 9.487182027200937284e+01 1.036864559388445173e+02 1.000513186132095598e+02 1.198609621828588416e+02 1.150679823784181224e+02 1.066700130886152635e+02 1.067238244624878689e+02 9.247203518032441139e+01 1.026185940478145966e+02 8.263063844162986982e+01 6.888529162981782861e+01 8.848497509452309373e+01 9.170229924403646748e+01 1.119882560620925034e+02 9.804125728878427992e+01 7.808890576792579452e+01 6.694958870913704629e+01 7.522176238422885319e+01 8.185231270912801449e+01 6.252131471588848655e+01 4.910068140787458191e+01 6.252131471443669852e+01 8.185230974577159202e+01 7.823015593676736046e+01 6.576396877776467420e+01 4.434413734471124258e+01 4.444353856225446719e+01 6.380357370561192454e+01 6.559777318277019731e+01 4.915206728656091428e+01 6.818380043006830249e+01 6.993651315407174707e+01 7.125790723942024840e+01 6.686075891097826229e+01
5.793862719292083341e+01 6.426012306109959127e+01 8.422274850470128627e+01 9.305768510658711534e+01 8.380184649042212186e+01 9.788219111185165389e+01 1.176991908037761050e+02 1.096924341422508178e+02 1.013875627567181255e+02 1.096924341422503062e+02 1.125729505555987373e+02 1.026185940492262461e+02 8.263063844162988403e+01 8.848497509703919661e+01 7.565983282056362214e+01 9.549925363560573999e+01 1.133684335569853516e+02 1.064759000875634882e+02 9.488695857692772506e+01 8.652176176797055973e+01 9.074355504962447583e+01 8.242556218306485505e+01 7.003099812901430710e+01 5.098828245343027277e+01 6.435695256408416753e+01 8.372948529944444829e+01 7.790763752914642737e+01 6.648113358934072892e+01 4.652343068798673187e+01 6.394193823675307442e+01 6.394191328758300585e+01 7.603772873337246097e+01 6.818380043008886560e+01 5.152411447754762008e+01 7.049758608675765004e+01 8.098308691670571591e+01 8.643898901017848857e+01
6.793549129913070317e+01 6.318727380941943750e+01 6.777819268267241171e+01 7.312633691959483428e+01 8.311369699442026615e+01 9.719648820716143689e+01 1.170166296058260542e+02 9.967305981220627586e+01 8.135336401416846286e+01 9.967305981220627586e+01 1.126305913795115998e+02 1.110118622921172999e+02 1.026185940492262176e+02 1.038747131580150125e+02 8.545697245844252166e+01 8.488726809436225551e+01 9.902979412901591161e+01 1.192873129640515373e+02 1.107712289865342541e+02 1.007288087653978295e+02 8.242556218306485505e+01 6.238767006570869000e+01 5.690891973764851741e+01 5.300126030484332063e+01 7.177930205219800541e+01 8.838498837869556723e+01 6.646059543321646856e+01 4.993922355690846615e+01 6.648113358940435091e+01 7.488412004561794788e+01 8.382638959125458200e+01 8.517476009015236116e+01 6.664055641105126426e+01 7.051262776881766570e+01 5.389454120366853829e+01 6.860453215089742685e+01 8.596751436574427885e+01
8.788453281168018805e+01 6.985719086400605704e+01 8.773080823714307996e+01 8.408230273182218184e+01 1.012713962543408712e+02 1.112021717354789274e+02 1.007235409064026328e+02 9.137046338544328705e+01 7.139760814370362141e+01 8.430899269489768244e+01 1.029152523796015970e+02 1.064715719829226401e+02 1.147736874825467055e+02 1.139457238834038151e+02 9.960707236320590141e+01 1.049630840257837150e+02 9.902979412901591161e+01 1.192873129640515373e+02 1.023627808808237063e+02 8.236697523497240070e+01 7.248624630823162818e+01 7.469791479553725821e+01 5.581878477725864229e+01 6.606116413547931643e+01 8.009713089646756146e+01 8.175632375470544844e+01 6.312524273110381756e+01 5.450927218583704104e+01 5.292008631125460028e+01 8.097770146685023462e+01 9.519224675955929627e+01 9.317446011656402050e+01 8.217750301852014161e+01 6.490538506070450353e+01 5.806030576463231085e+01 5.629229872870141804e+01 7.470396812405088838e+01
9.684257136751527639e+01 7.692727557098083935e+01 9.684257136751527639e+01 1.039647960595562921e+02 1.121674436867895395e+02 1.065869381933838014e+02 8.655711154006576180e+01 7.244821328445166841e+01 6.437577485862809112e+01 7.463194473145678387e+01 9.461498739302949446e+01 8.643393109294561327e+01 9.905318343126482716e+01 1.073545252345813736e+02 1.198673812816547724e+02 1.156194714604850020e+02 1.192873129640515373e+02 1.277070784309373437e+02 1.107712289865342541e+02 1.007288087653978295e+02 9.236487805789799665e+01 7.679647472490550797e+01 5.779976921142753810e+01 7.679647472490550797e+01 8.985326249987603831e+01 8.999975250420878581e+01 7.016571679960625829e+01 6.927785377646709719e+01 5.493678647138525406e+01 6.616119784146957272e+01 8.659072305295450178e+01 1.022124112303971089e+02 8.231293976635403453e+01 7.825599763017262944e+01 6.330614518630179788e+01 5.797710522551948031e+01 7.146313568950927220e+01
1.050509866443982645e+02 8.844782803045757191e+01 1.050509866443789093e+02 1.055283104840656279e+02 9.722170693344884285e+01 1.055283104840656279e+02 9.376318539264727292e+01 7.829890138332260108e+01 5.837067926181597244e+01 7.829890138332260108e+01 9.320128394182215459e+01 7.491199099063469191e+01 7.904804276269169350e+01 9.905318343127585479e+01 1.097557587791594216e+02 9.558070060377232835e+01 1.097557587791594216e+02 1.206560336606860773e+02 1.088098052219642256e+02 9.985699916701305767e+01 9.143458192735468515e+01 7.894933812068309464e+01 5.982109806897911142e+01 7.894933812068309464e+01 9.145156629825675054e+01 1.027817345208723054e+02 9.299939547151308261e+01 7.723163907349766077e+01 5.713998546078718732e+01 6.855862761420320339e+01 8.907919305420760736e+01 1.070765960077181802e+02 8.732770927839797537e+01 7.377742813449728487e+01 7.905734058013395327e+01 5.972973533369777499e+01 7.335271405729776006e+01
1.165054724935998962e+02 1.083100040265764079e+02 9.637175233478971847e+01 8.806992613984397167e+01 7.720303284240637254e+01 9.551381253436117902e+01 8.546867894417879086e+01 6.551809995764250516e+01 5.400552556860895947e+01 7.395020679581311640e+01 8.490741280590799533e+01 6.496525746348545738e+01 8.490741280589946882e+01 9.897767723721324273e+01 9.722003227832713890e+01 8.144227359291241441e+01 1.008009136226460214e+02 1.120892448188595552e+02 9.163881860937064516e+01 8.049833002347286026e+01 7.231874605150886737e+01 6.584176480943341403e+01 7.787116931389689967e+01 6.329460031711300871e+01 7.783950581259927048e+01 1.006384432919283682e+02 9.167550312038424920e+01 7.106779854785868622e+01 5.956410054647322738e+01 7.977763933805634622e+01 9.769026360289166178e+01 1.129755058144859419e+02 9.311202428054491520e+01 9.311202422614891816e+01 8.099680838191129340e+01 6.160540662267154488e+01 7.550042114484111266e+01
1.053286504494896718e+02 9.376534474563190713e+01 8.482567441338176195e+01 6.808975289903204953e+01 6.723565708304408872e+01 8.721236988792766454e+01 8.415004447973259971e+01 6.419363639793961340e+01 5.007391680323513583e+01 7.003873299697070820e+01 7.210191114954085378e+01 5.921388185089154632e+01 7.071044786347356137e+01 9.068008217192608811e+01 7.724514748498526728e+01 7.254833789944355260e+01 8.663876930136525800e+01 1.066567514237817846e+02 1.074151329557257526e+02 8.630431700778473214e+01 7.485290738766028085e+01 7.697380601162721803e+01 8.501076600659708049e+01 6.588050732653755404e+01 7.913416113308747413e+01 9.801213532819784291e+01 1.002939336968177741e+02 8.244441627892601332e+01 6.212905952189137082e+01 7.637553847952462149e+01 9.709598337062556084e+01 1.126224659775715651e+02 9.276733987159774131e+01 9.276733991098561205e+01 8.297726849563441931e+01 6.358963754491142595e+01 7.682521873636194698e+01
