LEM/sinusoidal_perturbations/elevation_000439.asc
nrows	100
cellsize	150.0
xllcorner	0
ncols	100
yllcorner	0
NODATA_value	-9999
[rows 17 to 33 of 100, columns 37 to 73 of 100]
7.334723087824478682e+01 6.033681647702534434e+01 4.089197311704313620e+01 4.548823787758906434e+01 6.365591086802876220e+01 6.413803078379739020e+01 5.121417617584841508e+01 3.090367097583241218e+01 5.080306759652659565e+01 4.327484158421021476e+01 4.323256835155876132e+01 4.546648670130742431e+01 2.788171327559207313e+01 2.369031858697524484e+01 2.424090180502398084e+01 3.328624219925929850e+01 3.968046194933456405e+01 5.915540424395631902e+01 5.828852107148897943e+01 5.828857833404885014e+01 7.524994762537272663e+01 7.746298984379563990e+01 5.916987310595676774e+01 7.746298984379563990e+01 6.994900019103279476e+01 4.992103977745637167e+01 6.050772910984905195e+01 6.050771704912496318e+01 6.532433205729995507e+01 4.620675283242898956e+01 5.856625221820142002e+01 6.677737171073147238e+01 4.787029554533362585e+01 6.957141569740277021e+01 8.605972696427387802e+01 8.213988130638350071e+01 6.807022438874443537e+01
6.525867259011266697e+01 4.593048759629961353e+01 3.473908580072662744e+01 5.409953978141221853e+01 5.827917855373080869e+01 4.405040198007272778e+01 4.673974816838036617e+01 2.662160962619077509e+01 4.102064007951000235e+01 2.128931953204086724e+01 2.164513056335207253e+01 3.209425274409649376e+01 2.291682250570524459e+01 4.302663351665925973e+01 2.370335998375273689e+01 4.313626600659986821e+01 5.850599098667014175e+01 6.741654831083299371e+01 7.524569011682901021e+01 7.524994762537272663e+01 8.297935702623509258e+01 8.746812134128815330e+01 7.913204254045864161e+01 8.746880036517217150e+01 7.827793470294018618e+01 5.886544152315555323e+01 7.827793470294018618e+01 8.057710482336037217e+01 7.058629605843120203e+01 5.089796098892598053e+01 7.058629605843120203e+01 7.515652039765870995e+01 5.395033313910585093e+01 7.515652039765767256e+01 8.903061766335521554e+01 7.376756913806326565e+01 5.403138798995154701e+01
6.395208490718051308e+01 4.429346549313941495e+01 3.037818797115343017e+01 4.448191599925366546e+01 4.448030185773148304e+01 2.979194826427626452e+01 3.945285720220991976e+01 3.188923533905229135e+01 2.079531800802440600e+01 3.144847125232931262e+01 3.595075777918563631e+01 2.216075770995905714e+01 4.237599240651329069e+01 5.126821451622962655e+01 5.271990797198638035e+01 6.063032556712336429e+01 7.113365566037195720e+01 8.058964811252162974e+01 8.217963683549652387e+01 7.454881645723661165e+01 7.520646163738007317e+01 8.317289999399660871e+01 9.416239517383992563e+01 9.516518199240971398e+01 8.725573322409442767e+01 7.301493017193514845e+01 8.725573322409442767e+01 8.700842100793586553e+01 6.689550782582075783e+01 5.762986551238277855e+01 7.767240322162861332e+01 8.113706146629033356e+01 6.041985949104557818e+01 8.113706146629033356e+01 8.063175625225737519e+01 6.061938382221581634e+01 7.376756913806326565e+01
5.482530030715742697e+01 4.911943176251256915e+01 4.441506203225115001e+01 2.430642439349338346e+01 2.041681560335021217e+01 1.964289992838245524e+01 1.997904078776862846e+01 2.031450241673052304e+01 4.051221968684207297e+01 4.177225006979553967e+01 4.258791053651778924e+01 2.268345658831860590e+01 4.274765218300112934e+01 5.224750379967274228e+01 6.021427731194443567e+01 6.830801954811020948e+01 6.460418158321917304e+01 6.101932783045376141e+01 7.036119189947015684e+01 5.674863579548074455e+01 5.650463688187158340e+01 6.724373945244843753e+01 8.611243635592552437e+01 7.517437647795009070e+01 8.931112278639497504e+01 9.316171733029690927e+01 9.294376893255393668e+01 9.533632236294808138e+01 8.601137579164807789e+01 6.759476449433257983e+01 8.601137579164807789e+01 8.798483262524396764e+01 6.744151914838315065e+01 8.798483262524396764e+01 8.602488618394501430e+01 6.584564173721415159e+01 8.602488618394501430e+01
1.959205803331807871e+01 3.033195396972948288e+01 3.740923331829964837e+01 3.878006050652307835e+01 1.916556342683537295e+01 3.929356358291487794e+01 4.004792340899321346e+01 2.311352659761540096e+01 4.270246341541241719e+01 5.135671519051452805e+01 3.489826839798293179e+01 2.321594348772651273e+01 4.325042985246358285e+01 2.473542776679918376e+01 5.102526599106077754e+01 4.859323275541578369e+01 4.590125843691412655e+01 4.793110560247603757e+01 5.788077612575754216e+01 4.642547467122498261e+01 6.527337542069786025e+01 8.317289999399660871e+01 7.938955211867825312e+01 6.124868318973888393e+01 7.938955211867825312e+01 8.710215681612946526e+01 7.297724980944910556e+01 8.710215681612946526e+01 9.608375496829798124e+01 8.775004194892478893e+01 9.608375496829798124e+01 9.652045241283686039e+01 7.767205302611196771e+01 9.652045241283686039e+01 9.214799800170774802e+01 7.183993355279793036e+01 9.214799800170774802e+01
1.769794922029382889e+01 1.802317250775295321e+01 1.835382347691708205e+01 1.868830077245087296e+01 3.240034447042385324e+01 4.638085913698051854e+01 4.268451026608801868e+01 3.684080645358997685e+01 3.549532877407288822e+01 5.545241417336298895e+01 4.919023515525645962e+01 2.538786243366902795e+01 2.398140733615725750e+01 2.452457257290866721e+01 4.446374299492336490e+01 3.631728627286562983e+01 3.356400038585895373e+01 5.138460979754945157e+01 3.885007659862651508e+01 5.787839302408193021e+01 6.817287161384633976e+01 7.701621380508171910e+01 7.113911552071017752e+01 5.180781066226302300e+01 6.355648247250309169e+01 6.744934588190379543e+01 5.912156363961423722e+01 7.882530793046454676e+01 8.720892050425862863e+01 9.550068519337133921e+01 1.070661741629150185e+02 1.068289843371492935e+02 9.829761222437583967e+01 1.068289843371492935e+02 9.936005074886662669e+01 7.896128513370217661e+01 9.936005074886662669e+01
3.496447841993222738e+01 3.543849502225953785e+01 3.352487677683281220e+01 2.027741674616366652e+01 3.994913311614387652e+01 5.283050244359227321e+01 6.260271395638014269e+01 5.685633064318149366e+01 4.981521240624546465e+01 6.394030830865168014e+01 5.455063336212443659e+01 3.519674338757796050e+01 4.396099903518145879e+01 4.243674377586390278e+01 2.528689168585620806e+01 2.582994187695773647e+01 2.636763764829574441e+01 4.619518619748756549e+01 3.389861105110141182e+01 5.134026728479137347e+01 4.836430750913763887e+01 6.850507454458207235e+01 6.430446714342006942e+01 4.558883514578457863e+01 4.491427587928035337e+01 4.837828788895260601e+01 5.316001456902549904e+01 5.985701257437307277e+01 6.724736791652289014e+01 7.873662756174599053e+01 9.878228789203446070e+01 1.164105463166711161e+02 1.082121814723039250e+02 1.164105463166711161e+02 1.077532801413747023e+02 9.072618126359259350e+01 1.077532801413747023e+02
5.105867114628987480e+01 5.566425486474130224e+01 4.738065573118973361e+01 3.151084722508937119e+01 2.477760402042118315e+01 4.496486779296473202e+01 5.856867741516989412e+01 7.006365047744831998e+01 6.977230501029499976e+01 6.905393989757465079e+01 5.052571588747257891e+01 5.470400565287036443e+01 4.908517674280541598e+01 2.936170385146163753e+01 4.517448454144087577e+01 4.568467024062258730e+01 4.579860007812511924e+01 2.711918705149404474e+01 4.576999986673608589e+01 2.894163163981616904e+01 5.410708620040796291e+01 6.109249292236408735e+01 5.433200439715216135e+01 4.025575603223062870e+01 5.276332957357044506e+01 6.166412942539504627e+01 7.266127767973220841e+01 6.683144407323726455e+01 8.673574103891075993e+01 9.550068519337133921e+01 1.031171922384574771e+02 1.016406580864307188e+02 8.815447741764450029e+01 1.064205173525832180e+02 1.195002407270274318e+02 1.111541357987102572e+02 1.075228360416729458e+02
5.603961019789095133e+01 6.516826764752268275e+01 5.981928546501554678e+01 5.155609967898901402e+01 3.912398276523649798e+01 3.029948630288374645e+01 4.190685578112194776e+01 6.179828176996941380e+01 7.710498673058764041e+01 7.711090696302099445e+01 6.744220146812972416e+01 5.318742580406398446e+01 3.359187051793006162e+01 4.908517674280541598e+01 4.908517401032924710e+01 5.930050067306968486e+01 3.966570327551738728e+01 2.776012888204760642e+01 2.784137292281904763e+01 2.836970051941252891e+01 4.816177182003477952e+01 4.835394661151165963e+01 3.629743473630306028e+01 5.433200439715216135e+01 6.647791302152113246e+01 8.019249646947214671e+01 8.969413290695797514e+01 8.673574103891075993e+01 9.502156500867199895e+01 9.719921450403342078e+01 8.305977172670831976e+01 8.158179823967124378e+01 7.811602170086716512e+01 9.818332944497429082e+01 1.058653639608602219e+02 1.141850141189088390e+02 1.075228360418141165e+02
3.433363046618131165e+01 5.084652530593491093e+01 6.016866148899978128e+01 6.732861925061347108e+01 5.783137633435404013e+01 3.794216509735428389e+01 3.745590457418370534e+01 4.893845023449983245e+01 6.883153858049099938e+01 7.833504046743746585e+01 5.490813297295618156e+01 3.947207958733518041e+01 3.783762107289018672e+01 5.676484620777703327e+01 6.875466722907505357e+01 6.752116804125937222e+01 5.331034825432656987e+01 5.621490286821888560e+01 4.809344528525185325e+01 4.269233222614967360e+01 2.913864761203847209e+01 3.216623659294300808e+01 4.968518594946048950e+01 5.817047765091480471e+01 6.141886136250777639e+01 8.110848904829515504e+01 7.544366307158341556e+01 8.370205613481087425e+01 9.188645405197497951e+01 8.361401207383838141e+01 6.890075033535320870e+01 6.742979054214612233e+01 8.745690226591653982e+01 9.165827861894258888e+01 8.577351118852821799e+01 1.058653639608602219e+02 1.158837605157850703e+02
2.249197529869588763e+01 3.181865601949845157e+01 4.582183264157873737e+01 6.607439505444591532e+01 6.609251355005352480e+01 4.788759497067871251e+01 5.734625866892005064e+01 4.594462929500925696e+01 6.582199654123975563e+01 7.681682076047705721e+01 5.720033812302662568e+01 4.392743503576208752e+01 5.676484620777703327e+01 4.392583370780882035e+01 6.276927070007561582e+01 7.754849751349959774e+01 7.324626247216505703e+01 6.726522076227102787e+01 5.379406099412889830e+01 3.438669383190683959e+01 4.889301044099454430e+01 2.992378041400565891e+01 3.047809585891066675e+01 4.190805921613318930e+01 5.904699143920537097e+01 6.147280991085157353e+01 5.568590006967374251e+01 7.544366307158341556e+01 8.035517841882125367e+01 6.364071266735930266e+01 5.898924146920741407e+01 7.891760225842131149e+01 9.165623427490375263e+01 7.159615150225852176e+01 8.407290033150034958e+01 1.041396954009089484e+02 1.061880949873697944e+02
2.064401253437029027e+01 4.020069198452411285e+01 5.765168834478100024e+01 6.646413717034201341e+01 7.604862065504019597e+01 6.192967762790932085e+01 7.409314238845345812e+01 5.739541861969349412e+01 5.849222525972257358e+01 7.843476805481314784e+01 6.808326416781152091e+01 4.870456721167943215e+01 6.808326416781152091e+01 6.276927070007561582e+01 5.033679906675713056e+01 6.934686430437687932e+01 7.331471725803940842e+01 5.905737612203158449e+01 3.971872178773563888e+01 5.379405992932137792e+01 5.158564081943932678e+01 5.322352040155372066e+01 4.622294982035494115e+01 3.126775397383293864e+01 5.091019183387776081e+01 4.193517822337591383e+01 5.563480102253923576e+01 7.529979431200359841e+01 7.208242105759327956e+01 5.231118929221370450e+01 6.625363615745591517e+01 7.454143243599324364e+01 8.407290033150034958e+01 6.406843562367375000e+01 8.407290033150034958e+01 9.958498845495054752e+01 8.610709412135508956e+01
4.020069168897013867e+01 2.986223512270652236e+01 3.860448194751712236e+01 5.238054535815760460e+01 7.215322152195436445e+01 8.188741245143677361e+01 8.561286776220676131e+01 7.733291604904114536e+01 7.257701986671632710e+01 8.671454947343680431e+01 7.405412519365273738e+01 5.476911778856694468e+01 5.140645688801980384e+01 7.377934007552410378e+01 5.532924374979992876e+01 7.453434194580653127e+01 6.506751387007977883e+01 4.559244171667310752e+01 5.905737612203158449e+01 5.905737344014449519e+01 7.273661022276064614e+01 5.913279346836468164e+01 3.972693756594015468e+01 5.091586921134594235e+01 3.206602425761939656e+01 4.809390324035054221e+01 5.963997525353453000e+01 6.722603216307268781e+01 5.900600940947500561e+01 6.092659207581593250e+01 4.669470123343803891e+01 6.625447966001320310e+01 7.048276924244224517e+01 5.837387253887064986e+01 7.124316363527810836e+01 8.070248893031300952e+01 7.451970795379214962e+01
5.491250873085526507e+01 4.942082262441574159e+01 5.765168834567180767e+01 6.646109530806599253e+01 6.838866905179453681e+01 6.494674908006942360e+01 7.322697266815302442e+01 8.320668815245343808e+01 9.257662317548302156e+01 8.816566084290050753e+01 6.820893574182279906e+01 6.559245384882665064e+01 8.046089735117284647e+01 8.017502362694479245e+01 6.094438337718067800e+01 8.045654107918893772e+01 6.969604985828807742e+01 5.005883475291965112e+01 6.969604985828807742e+01 7.881095605281186067e+01 6.892663200595157491e+01 4.933940724569092140e+01 5.913234372155552876e+01 5.964484378508078066e+01 5.166189931731673113e+01 3.286991619948510390e+01 5.242505629691005709e+01 5.632856066120687188e+01 3.970099524177008732e+01 4.159291155041795207e+01 6.049170610096812339e+01 6.651750310159540902e+01 5.073875630969207151e+01 5.389825839543962616e+01 5.718935106679631275e+01 6.071956420792075448e+01 6.452830742706267131e+01
4.949629772149099693e+01 5.769220589530958421e+01 5.820495592004159136e+01 6.258235074544490573e+01 4.849031402467915797e+01 4.506395026036097562e+01 5.497979017940882329e+01 6.905527541154955884e+01 8.905721534349355295e+01 9.646232756707969713e+01 8.816566084290050753e+01 7.967310647797968670e+01 9.195387616737326653e+01 7.203990764299351213e+01 8.045654107918893772e+01 8.872608422736057321e+01 7.480944080622731462e+01 5.500536282221083439e+01 7.480944080622731462e+01 8.299900376162810289e+01 6.309766476999436691e+01 6.309766476999436691e+01 6.998619655904211356e+01 5.129728779461680688e+01 4.137109367730560194e+01 3.343907569660581203e+01 4.540574897558492751e+01 3.700224588590953090e+01 5.632856075600984269e+01 6.093048967419596806e+01 4.474885412177860644e+01 4.702694415877432021e+01 6.661061674858267168e+01 7.374566235384432389e+01 7.711344970016946831e+01 7.482627065626687113e+01 8.455701563311586710e+01
3.092086370558110886e+01 4.187645592564710029e+01 3.826571084962670000e+01 4.632311979580376970e+01 3.442337509518165461e+01 5.431894606956910110e+01 6.467470923763903556e+01 7.295855581615050767e+01 8.708715624848130687e+01 8.686304100369294190e+01 9.517545827252862978e+01 9.975648371168804829e+01 1.002378432219622368e+02 8.608648991816349394e+01 1.002378432221288875e+02 8.634542656259333171e+01 6.636451311717634383e+01 6.377352154348221802e+01 8.309418817806809443e+01 9.129937950032761762e+01 8.299900376162810289e+01 8.299900376162655391e+01 7.827069931832292582e+01 6.724874574093992408e+01 5.915177745165836853e+01 5.295376000280450057e+01 3.424438432187021419e+01 4.987291835379329541e+01 6.176200169027426767e+01 7.246988895189224422e+01 6.447854487588361394e+01 6.661061675959511774e+01 5.522746332813626680e+01 6.921145943768927111e+01 8.922271330206579876e+01 9.488893478298018636e+01 9.144105799069903640e+01
1.966948086093255910e+01 2.178251808181557791e+01 2.397591706589034288e+01 2.624396082898566718e+01 2.856442715475509075e+01 4.857619331935453033e+01 4.478832273032495692e+01 5.882995538381987188e+01 7.680103358153246518e+01 6.684588497071062818e+01 8.360995840249064770e+01 8.856406087555535578e+01 9.687732856907517487e+01 1.061189996258973025e+02 1.027085528405616799e+02 8.266789785168663229e+01 8.634542656259333171e+01 7.526843408525782309e+01 9.202951919037896289e+01 9.814121060217395609e+01 8.984889173343157154e+01 8.915626849530411846e+01 6.921982455746926632e+01 6.761956867489256240e+01 5.653408900703177409e+01 3.718046903007351034e+01 5.371107713716229171e+01 3.511408710327953031e+01 4.626873800362341882e+01 5.996679263247089153e+01 7.961260829181601650e+01 8.336574984348648343e+01 6.921145943768927111e+01 6.771966548775718309e+01 8.185014059835900468e+01 1.019091357575031793e+02 1.115094043165569531e+02
