LEM/sinusoidal_perturbations/elevation_000492.asc
nrows	100
cellsize	150.0
xllcorner	0
ncols	100
yllcorner	0
NODATA_value	-9999
[rows 51 to 67 of 100, columns 37 to 73 of 100]
4.078899591053684759e+01 4.513367868652641590e+01 5.217577729142897880e+01 6.103648418673304121e+01 7.243717871879670156e+01 9.233368631930500214e+01 1.038580986763453211e+02 9.231748039283360185e+01 8.402226822712420073e+01 6.782783998809624393e+01 7.958019053070329107e+01 7.661520300772389191e+01 5.708318583033139504e+01 7.176289411673339202e+01 7.995964646178585156e+01 7.640977789495195793e+01 6.817913692252498947e+01 5.158220489558412680e+01 6.572861294205311822e+01 8.611424452712914501e+01 1.003166296587987603e+02 9.416713592127044308e+01 8.676196160438344407e+01 1.010139807430314818e+02 1.211535325399723035e+02 1.241673964853793706e+02 1.300491770864612420e+02 1.383124285610414290e+02 1.279509274630275257e+02 1.163081540834226644e+02 9.641102804641927548e+01 1.022387613365340826e+02 8.434611252054159536e+01 1.023741946980649828e+02 1.106329052668642703e+02 9.672922549545761228e+01 7.642440058100299893e+01
5.583401915060590426e+01 6.498277470726566207e+01 7.198715417771882130e+01 8.025202394199790490e+01 8.913873636993297112e+01 1.006611067311522874e+02 9.554168132377316169e+01 7.558947256710794704e+01 6.419807875095057170e+01 7.257676709636109535e+01 5.978953293852237749e+01 7.954781207558988854e+01 7.150262690135106425e+01 5.212058125858573732e+01 6.722191979066907663e+01 6.505128710682208748e+01 4.831924624362390119e+01 5.900308254221565107e+01 6.497609050287618970e+01 7.628130692420421610e+01 9.046236843203929823e+01 1.101470136455271529e+02 1.069127188942976545e+02 1.152335351116806521e+02 1.182021476064232104e+02 1.038134769269891962e+02 1.182021476064232104e+02 1.216955899910475978e+02 1.239231612099604263e+02 1.245635953794692909e+02 1.163081540834226644e+02 1.008002720599395019e+02 9.862595050661488472e+01 1.126945925880677493e+02 1.147977580245430858e+02 9.484869813080466372e+01 8.048216477492222509e+01
5.337388995791948076e+01 7.153238727257576102e+01 8.148161984683619607e+01 9.228147690430095906e+01 8.396815647751922995e+01 9.228147690430095906e+01 9.748648290895792456e+01 7.754369541330372329e+01 7.257672009781569500e+01 5.275957912353138113e+01 7.257676709657590663e+01 8.779174253036694608e+01 7.986027186452292881e+01 6.722191979066907663e+01 4.745274624654732065e+01 4.514443716854027855e+01 6.505128710682208748e+01 7.204426833124624352e+01 7.863241793953149283e+01 8.610237331578331066e+01 9.438853519875699760e+01 1.059125469954936989e+02 1.083918403008362930e+02 1.167902269019200787e+02 1.091180882585823610e+02 8.947582966710226060e+01 1.091180882585823610e+02 1.013462589513300856e+02 1.035719171535229322e+02 1.239231612099604263e+02 1.289425365902455951e+02 1.206780764503851060e+02 1.185033879092517992e+02 1.234473794062737539e+02 1.035920587313673167e+02 9.599482826845492411e+01 7.566742791956717440e+01
4.325199012321474612e+01 5.334094056338957301e+01 7.320878353913018088e+01 8.227750117280611164e+01 6.398596059003831016e+01 8.227750117280611164e+01 9.161371190743372495e+01 7.171571821340106112e+01 5.774201761397205246e+01 4.881559627280485358e+01 6.287797436490838265e+01 8.271514322481743875e+01 8.115422435396988021e+01 7.288786227805393025e+01 6.287447473973538337e+01 4.294168125863816954e+01 6.287447473973538337e+01 5.225760931730018655e+01 5.889567262166260520e+01 6.633872908547104430e+01 7.768459830367461905e+01 9.760126782566560166e+01 8.841917372992215007e+01 1.052077929457926615e+02 9.833328908620319453e+01 8.050918386595763820e+01 9.716626851821851574e+01 8.702609701618366955e+01 1.013462589513300856e+02 1.216955899910475978e+02 1.253445813781037828e+02 1.171200755651744885e+02 1.253445813781037828e+02 1.176413453112330814e+02 9.777265417061818198e+01 8.348780254853093652e+01 9.599452187216952836e+01
6.179969803289360186e+01 7.153238727257576102e+01 8.148161984683619607e+01 7.397705853377878782e+01 5.424833281410084851e+01 7.397705853377878782e+01 9.079397491681511667e+01 7.090099622969449911e+01 5.689724395533449552e+01 4.535973517996971793e+01 6.527856007137526717e+01 7.436961421076098588e+01 7.289363662188574722e+01 5.300588347229624020e+01 5.881037454089397443e+01 4.115509096888904139e+01 4.536028574706157457e+01 6.525777154362837962e+01 6.369752755220144280e+01 8.346797734132654512e+01 9.438853519875699760e+01 9.686061587968443121e+01 7.699373913157398874e+01 8.539046924120579263e+01 7.822097894472462087e+01 7.351778430031595235e+01 7.703451037421392300e+01 9.122037533929854192e+01 1.115209244711887777e+02 1.098779758735355756e+02 1.153137267735891243e+02 9.697304013030935721e+01 1.153137267735891243e+02 1.198094545221621274e+02 9.994728261774056932e+01 9.777787258602512566e+01 9.777067354089776074e+01
7.625294769752110824e+01 8.957935847530418982e+01 8.145422595271341493e+01 6.157950977818072857e+01 4.803716838256034549e+01 6.740081662721944156e+01 8.130438082562450575e+01 7.612847632041777501e+01 5.627202079524078471e+01 4.213976861816141906e+01 6.208735632133605264e+01 5.483610991633994303e+01 5.505491605092164775e+01 5.657155045551459693e+01 3.884663900694834382e+01 5.880826837956367825e+01 5.689563612908211354e+01 7.348833460208490465e+01 7.506605591803511857e+01 9.174240705512610816e+01 1.065534336054834057e+02 9.814555912064813015e+01 8.539046924120576421e+01 6.566548851421001132e+01 6.428619479731131037e+01 6.900910374192798713e+01 8.303016238301918861e+01 1.032332599926161976e+02 1.039348453047714997e+02 8.973612032752825485e+01 1.039348453047714997e+02 8.684351924446411886e+01 9.941052700886896787e+01 1.195014262372644254e+02 1.198094545221621274e+02 1.177650121780710890e+02 1.118207468900312165e+02
6.464046746028169821e+01 7.668241662678791215e+01 7.665847064278504774e+01 6.202995887254931517e+01 4.311727512608781865e+01 5.357563108306062105e+01 7.303627092986923230e+01 7.309725807479746607e+01 5.322388264258376012e+01 3.908465863090939507e+01 5.895453301001247581e+01 5.148756372277666316e+01 3.510102205675539722e+01 3.660775872746888382e+01 5.657155045551459693e+01 6.704533332899642062e+01 7.668153747623129846e+01 8.494236938023163930e+01 9.494521544614336506e+01 1.032473874940152285e+02 9.814555946850913415e+01 7.803554668695424823e+01 7.890940014642836786e+01 5.916873350173150925e+01 7.890940140424255844e+01 8.894751267189666066e+01 9.734226694168036431e+01 1.006351665025042479e+02 9.233857604702153310e+01 7.558282677333995991e+01 9.151267796835161050e+01 7.927488382236511200e+01 9.350847778551391798e+01 1.136593342896862708e+02 1.143906562067751338e+02 1.226298618143406429e+02 1.315155212808054728e+02
5.097995543363101234e+01 6.739371869785281888e+01 6.831023418376467760e+01 4.899054078933239964e+01 3.872592355480669113e+01 5.714672545385926838e+01 7.247707421295224606e+01 7.019310916817974544e+01 5.030633672861328876e+01 3.616982105661412561e+01 5.213600606464991927e+01 3.298922756205632112e+01 5.294621641424446779e+01 4.413652146692191991e+01 4.509051567197846566e+01 5.505473210243564353e+01 6.652764454519210346e+01 8.639642299189112862e+01 9.503255847209793217e+01 8.636714425645601523e+01 8.636714423939515939e+01 8.392563331806586291e+01 6.408642542540437148e+01 5.611416558258112275e+01 7.582554995998070524e+01 8.314386707003433230e+01 9.150608367065083826e+01 8.909801797863585193e+01 7.237503953537999735e+01 6.681219065720543426e+01 7.153628196092073210e+01 9.151267796835161050e+01 1.077047437518501312e+02 1.110367542288773848e+02 9.423915653720816010e+01 1.110367542288794169e+02 1.226559195698547171e+02
4.112613722505711422e+01 5.968995280744930199e+01 7.055345569521136895e+01 5.330519970388237283e+01 3.523671203530260243e+01 4.528317508838665617e+01 6.426337987921847628e+01 6.993092691656663362e+01 6.168263327967324017e+01 5.213600534280509180e+01 3.216979827965794669e+01 3.150123783239611797e+01 5.146721408529847963e+01 6.620619405123423462e+01 5.905672753051166524e+01 5.916871117530384794e+01 7.904368166149936314e+01 9.468207886552731622e+01 8.636714425645601523e+01 6.620785562866389284e+01 6.620785562866265650e+01 8.062020705038091251e+01 7.301231316487053391e+01 5.331204106316456404e+01 6.910588471706549285e+01 6.329641703117874840e+01 8.314467504457194025e+01 8.081262286804914652e+01 6.107540889204745582e+01 8.081262286804914652e+01 9.151267796835161050e+01 9.625328591843357628e+01 1.015509933709911792e+02 9.325100166381074018e+01 8.259385663254876420e+01 9.423915935626268947e+01 1.143936355861746108e+02
5.026172903692904015e+01 4.970334967863860953e+01 5.400842128900028172e+01 4.142481507756991022e+01 3.199833859838684802e+01 4.989002040028617557e+01 6.210541911902468115e+01 6.168263789131867014e+01 4.176262942283459978e+01 4.759705272636436746e+01 2.940822991993811186e+01 4.939161355717809698e+01 5.971330787306085597e+01 7.649231860245326686e+01 7.897719545786219442e+01 7.904368166149936314e+01 8.731416669549351184e+01 7.960547044147384099e+01 8.783452752653106188e+01 7.211237451886997007e+01 5.241171705058501118e+01 7.211237456344393593e+01 7.378571113094298539e+01 6.551353543472605168e+01 4.941380404105132840e+01 6.329640623944482769e+01 8.314385904177019881e+01 7.720911709572808945e+01 5.750963754889904322e+01 7.643175126039697886e+01 7.921972597099387770e+01 7.623837479656313576e+01 8.540326505957256131e+01 7.323917735388552330e+01 9.325100166381074018e+01 1.045082548006288903e+02 1.128170310838159907e+02
3.888353157237607149e+01 3.307675575205050933e+01 4.151274390320325836e+01 2.737315585710846833e+01 4.380216100831689374e+01 4.271592347920767452e+01 3.876395416683372730e+01 4.654673232023681351e+01 4.583425589569735337e+01 2.759937736642735118e+01 4.759701133650295901e+01 3.942712217912398387e+01 4.837007887597959410e+01 6.242879382003138744e+01 8.228307153868013302e+01 8.164135424972950261e+01 7.653860697846812400e+01 6.016528428227322678e+01 7.207340381895662063e+01 6.183130290196353940e+01 4.620936651005354179e+01 6.137737078223099019e+01 6.202760582961033720e+01 4.579474405751334132e+01 6.551353543445306116e+01 7.739054291819191178e+01 7.897072620961763789e+01 7.072546349661274689e+01 5.404641399763842458e+01 5.673904413735383656e+01 5.950609200216248240e+01 6.235063236813105902e+01 6.558772593792647854e+01 6.982136060029583291e+01 7.675369231019547556e+01 8.428888136557596056e+01 9.440916113201711823e+01
1.909696217083327596e+01 1.970458785506599853e+01 2.284637280493712908e+01 3.351527242152005925e+01 4.126344590769829068e+01 2.275036421635446970e+01 2.340057543009970686e+01 2.460864034937866052e+01 2.583519420142963341e+01 4.583425589570715175e+01 4.595253667195648717e+01 5.935609958648166895e+01 6.759928555836056319e+01 7.649231860245326686e+01 7.590949083156880306e+01 6.191570869361417806e+01 6.838165194066965569e+01 4.908331975415329396e+01 5.758689615029045683e+01 3.922085978140700036e+01 4.022074211774129537e+01 4.124000554648769423e+01 4.226570283020240026e+01 6.202349556657016905e+01 6.475123801294103032e+01 6.588669179086264194e+01 6.788588463734072320e+01 5.105236003114059429e+01 7.072546349661560328e+01 7.643175126039697886e+01 7.921972597099387770e+01 8.210060653931296315e+01 7.280031999673079213e+01 8.975100911192025421e+01 7.820839761768043275e+01 8.576223462633534211e+01 9.588961572275201206e+01
3.888923674404425412e+01 2.113649546829485715e+01 2.058244552720011100e+01 2.120711516566247212e+01 2.183918479749011254e+01 3.624189659792966012e+01 4.144747227617992280e+01 2.451409956179787741e+01 3.009031049023051452e+01 5.181734244232685427e+01 6.670826873612800512e+01 7.547212322972438869e+01 7.515387170381859505e+01 6.691998644619299341e+01 6.764822882721739461e+01 4.800065565232044662e+01 5.524799489828578203e+01 5.620238112829526500e+01 3.781492987434435094e+01 4.686744678966496735e+01 5.897635095974184338e+01 5.950491556065878029e+01 6.186497300773760344e+01 4.386909519846840055e+01 4.503671257517181914e+01 4.621023013673369206e+01 4.820691320705032012e+01 6.788589039543713000e+01 6.236011333244644561e+01 7.371492595123724811e+01 9.366445989415410622e+01 1.010464010363530463e+02 8.271609016199161601e+01 1.010551787922038329e+02 8.980145607061082558e+01 1.059736727476091005e+02 1.142503729299517090e+02
4.617961853806972528e+01 2.496126003109024083e+01 4.164391590343971927e+01 4.427218453288173095e+01 4.180257902271331005e+01 3.251300521942408039e+01 4.954438681036349124e+01 4.439908973993324537e+01 2.564419951153956845e+01 4.195400440032700118e+01 5.473550102117127381e+01 6.629185624781844410e+01 6.691391994904385854e+01 4.718093541333413299e+01 5.295717657907144371e+01 5.199736924531836735e+01 3.546825073794058625e+01 3.643151965451941976e+01 5.620751277571839211e+01 6.132233062010531199e+01 6.165973761927828178e+01 6.963909967127985112e+01 5.086670962120296480e+01 6.360117734806488698e+01 5.896229065590542007e+01 6.590807529250918151e+01 4.825899795813798931e+01 6.791544525126101917e+01 8.215049512389390429e+01 9.041692248111000652e+01 1.019155776415733499e+02 1.110739381670219501e+02 1.028345866929839332e+02 1.111014899929873536e+02 1.099907771483068473e+02 1.182511273858660985e+02 1.202215587134041925e+02
4.056900502477227377e+01 4.668294427044840234e+01 3.081069913664390825e+01 5.233997600352871871e+01 5.052791497972981460e+01 4.503887172020377250e+01 5.857315998723898787e+01 5.373149981594067981e+01 4.553171927953522413e+01 2.678776981105763255e+01 3.831426223985839385e+01 5.808705311417470796e+01 5.977901204389483780e+01 5.152866644099413662e+01 3.315876008356894999e+01 3.411341658287211231e+01 5.390175364709602945e+01 4.632377500394908054e+01 4.703108096054593545e+01 6.667939075247879543e+01 7.868179370104887482e+01 7.546884700010525648e+01 5.611447521569122898e+01 7.546883325813374199e+01 7.879125681300271822e+01 6.934330699809635234e+01 4.970848179893172158e+01 6.356473793550502194e+01 8.333864540284302791e+01 9.742584418160448934e+01 1.120484047470206264e+02 1.111022939181715401e+02 1.029590402915083729e+02 1.055195245050261121e+02 1.136571961118006442e+02 1.163737656828238443e+02 1.121106050045690807e+02
6.146887026644586172e+01 5.644251820438541500e+01 3.511715456087225817e+01 5.644352952843198068e+01 6.963279675768255572e+01 6.377963841739023820e+01 6.694436409506391783e+01 4.682226057262682417e+01 2.811571623440063306e+01 2.760694738901766243e+01 4.748020915525877683e+01 4.946953710459331433e+01 5.030858202700791537e+01 3.181381016899900871e+01 5.162975598144151235e+01 4.556449557248200932e+01 6.199120853696592093e+01 5.748480051111568656e+01 6.667024742275748395e+01 6.092165020619585647e+01 8.057980606794075129e+01 8.128246462768539971e+01 6.200087628320465427e+01 8.128246462765048364e+01 8.217311070022334718e+01 6.246400211233851962e+01 5.116759199160957650e+01 7.081290085696547010e+01 6.930334975797153163e+01 8.914595111471709288e+01 9.229989879525255958e+01 9.229989879566382172e+01 8.313624774776690174e+01 8.571321066764434704e+01 1.055195245050261121e+02 9.660940314610238033e+01 9.660940314610238033e+01
7.274483713143968089e+01 5.269386266796458074e+01 4.077180072538541111e+01 4.898865909700504062e+01 6.096677215903223868e+01 8.061612667932992338e+01 7.498104629111968222e+01 6.348534183649007900e+01 5.435460371337531882e+01 4.568519716093032201e+01 2.877177153991484104e+01 2.962057399118273082e+01 3.047237460919512486e+01 5.030858219864643388e+01 5.981998029455586874e+01 6.512947764282978369e+01 7.317044623138237114e+01 7.637665396910286120e+01 8.447655094944506970e+01 8.057980606794076550e+01 8.883047806170979754e+01 8.807294870126936814e+01 6.886655935738740197e+01 8.807294870126936814e+01 9.035763197508514111e+01 7.830279615728521492e+01 5.856620139174562922e+01 5.329619834212641649e+01 7.294453494989187448e+01 8.256148881508724457e+01 8.040756710068698965e+01 7.257523214608760043e+01 7.178445524311291592e+01 8.682131088170048372e+01 8.915753581254590188e+01 9.217052566294299254e+01 7.675814072195299786e+01
