LEM/sinusoidal_perturbations/elevation_000826.asc
nrows	100
cellsize	150.0
xllcorner	0
ncols	100
yllcorner	0
NODATA_value	-9999
[rows 51 to 67 of 100, columns 37 to 73 of 100]
5.362738809054832956e+01 5.770545797140922417e+01 6.212180432206256597e+01 6.697509396366086776e+01 7.438023831049065393e+01 8.423236572761267382e+01 1.039973989509431931e+02 1.063887090088340273e+02 9.228328104107021090e+01 8.377910377518267637e+01 1.019312472943082071e+02 9.157181121475059626e+01 1.082532500294852866e+02 9.925890102052436248e+01 7.938202158596527624e+01 8.279528088261210428e+01 8.674169756643641449e+01 8.902225121626347004e+01 6.931564007503311586e+01 8.902225121626347004e+01 9.968757616787058851e+01 8.519387208221917263e+01 6.550826056102580708e+01 6.795438729169671888e+01 8.183224260010649687e+01 1.017398340453075321e+02 1.037695071303791963e+02 8.381530699214864910e+01 9.671463201493105544e+01 1.140871071922915974e+02 1.229737865917457071e+02 1.029256919449468057e+02 1.102942576418719796e+02 9.374944777838197751e+01 1.136678112625558299e+02 1.217045332398205062e+02 1.264697288587691446e+02
7.199818146415935871e+01 7.723595563600088099e+01 8.173568949759977897e+01 8.665588800891265464e+01 8.303084553046770111e+01 1.023036961908680667e+02 1.121872350088364954e+02 1.204941369765978720e+02 1.118589842401519121e+02 1.035415732733231948e+02 1.118589842401519121e+02 1.113985777781855973e+02 1.197617404467437296e+02 1.076559846905054769e+02 8.923302950312439918e+01 1.027308095900338714e+02 1.067445268722225222e+02 9.412866248539877745e+01 7.435161625074638891e+01 8.535668678519998309e+01 1.053321241100627930e+02 9.088796895402617793e+01 7.116303880092510781e+01 8.766304113731462166e+01 7.774466382643815621e+01 9.758141844819097344e+01 1.121940783246911764e+02 9.370264955345089675e+01 1.121940783246911764e+02 1.253419710519774384e+02 1.313562284096911412e+02 1.170583333863910411e+02 1.220291866209342260e+02 1.036323247668493508e+02 1.220303764355756329e+02 1.297208408769330106e+02 1.103185826447807187e+02
6.011017782795752851e+01 6.696362460189484977e+01 7.827908865066895316e+01 9.222263419017990316e+01 1.027854773339063996e+02 1.109735881087186442e+02 1.227556369067732760e+02 1.145954515706222026e+02 1.145954515706222026e+02 1.157029374839343490e+02 1.214178931581356551e+02 1.212676847668469549e+02 1.234057843156356711e+02 1.177318334558415813e+02 1.033463206808236379e+02 1.173258920930212241e+02 9.713719961862614127e+01 8.567985706063755913e+01 8.173870304358365502e+01 1.016577759700049910e+02 1.137561868556986440e+02 9.715616113759752182e+01 7.733439704694853845e+01 9.715616113759752182e+01 9.170053071276494450e+01 9.170053071276494450e+01 1.117791373778500628e+02 1.078763695960396944e+02 1.223073765365666929e+02 1.265275561015560868e+02 1.348330615829902968e+02 1.372549640899599410e+02 1.320926061509219380e+02 1.237033079880415301e+02 1.320929161635739320e+02 1.378483676656192642e+02 1.264697288587691446e+02
7.390070076652712316e+01 7.967028780880110617e+01 8.083777693115912655e+01 1.005788135128247802e+02 1.201796746712427222e+02 1.222631445969047377e+02 1.145954515706222026e+02 9.545551730393098921e+01 9.545551730393100343e+01 9.632405662692502801e+01 1.019991849729925093e+02 1.019209916380620200e+02 1.040324301299823588e+02 1.234057843156356711e+02 1.236214635508368076e+02 1.258067881250919839e+02 1.141024776290248468e+02 1.056699449949442027e+02 1.016578602593928196e+02 9.575092486587061558e+01 1.159184577970343071e+02 1.055414788010607197e+02 8.610763074070523260e+01 1.055414788010607197e+02 1.117791373778500628e+02 1.117791373778500628e+02 1.202331576779638027e+02 1.282250657366076894e+02 1.233159554219208331e+02 1.066220281749058216e+02 1.233159554219208331e+02 1.278923962276661115e+02 1.266998471311712819e+02 1.184224808694466446e+02 1.179126690973943710e+02 1.164783038433758691e+02 1.268444165093513050e+02
9.359930309555105055e+01 9.938701510951398177e+01 1.005788135128247802e+02 1.087662606884197345e+02 1.162394940664213436e+02 1.016173001699847021e+02 1.162395150638445074e+02 1.010426725945034292e+02 8.179244024636010124e+01 8.244140915902026734e+01 9.718152669132891219e+01 8.812365556808802580e+01 1.075875068619479435e+02 1.161031125839203639e+02 1.242322916819522476e+02 1.354652906223037974e+02 1.288521765867854185e+02 1.204614165062879039e+02 1.204614165062879039e+02 1.159184592049064548e+02 1.244016961735342335e+02 1.145291589480360130e+02 1.001704135863758154e+02 1.145291589480360130e+02 1.210209870140315900e+02 1.162661240563025586e+02 1.245240493950257985e+02 1.268390089358954782e+02 1.068674258863728426e+02 9.502847445093516399e+01 1.079224947173187275e+02 1.079224947173187275e+02 1.184224808694466446e+02 9.846975558773291937e+01 9.840304236848459141e+01 9.613916636573489427e+01 1.135073493668923419e+02
8.320646639698406943e+01 9.026702756259868465e+01 9.850554139266343157e+01 1.084677964386570324e+02 1.070811807254241899e+02 8.727879414298465122e+01 1.070813172185953732e+02 9.423873845010727734e+01 7.485372062841963725e+01 7.363445417320517095e+01 7.753812650566990783e+01 8.326622340259739019e+01 8.990002900136093444e+01 9.685407738040612458e+01 1.079501749372184207e+02 1.272402325247857817e+02 1.204614165062879039e+02 1.001622655735045271e+02 1.001622655735045271e+02 1.132845828678376705e+02 1.216796988334651530e+02 1.280291825443383686e+02 1.203968857929413616e+02 1.210209870140315900e+02 1.010652477920238539e+02 9.628011122717232695e+01 1.112987165856126808e+02 1.195633115767769681e+02 1.068674258863728426e+02 8.671077109931559335e+01 8.778369693428433607e+01 1.061567692861025449e+02 1.105805705294135777e+02 1.022692569475642443e+02 8.411586040868353109e+01 8.462655508389386227e+01 9.650745936525282787e+01
6.328111553234192144e+01 7.029674589205610857e+01 8.029053370525765843e+01 1.002435241836399911e+02 9.854763814990552362e+01 7.838398844055151926e+01 8.904243759597547125e+01 8.827648672379091010e+01 6.875697819639721331e+01 8.827648672379091010e+01 9.718364072355635130e+01 9.361769246657250676e+01 1.028317102818327839e+02 1.161031125839203639e+02 1.242322916819522476e+02 1.329408288230018513e+02 1.184665298650287610e+02 1.061077492293875082e+02 8.570535817534607759e+01 9.293381187442525970e+01 1.132845828678376705e+02 1.077571699627259676e+02 1.220872973568488078e+02 1.171362109887689655e+02 9.706178860547359477e+01 8.444643721621686439e+01 9.116465989325875796e+01 1.112987165856126808e+02 1.120570103295798390e+02 9.196964179954871099e+01 7.758345482413724881e+01 9.127675588760078540e+01 9.892712814926186127e+01 8.203558409671389029e+01 7.635111895814918626e+01 9.671403239636650540e+01 9.913260656055112463e+01
6.847721439301965063e+01 8.841879246169440876e+01 9.850554139266343157e+01 1.084677174260559838e+02 1.033709619504345056e+02 8.310556223381701102e+01 6.920423408483630112e+01 8.152443875425666420e+01 6.591344808417686352e+01 7.961001621203730849e+01 9.915227090863149328e+01 1.130502909163018330e+02 1.211785960224373753e+02 1.304086978551989944e+02 1.270147945319902050e+02 1.127055516617443516e+02 1.100660428410063361e+02 8.970037372427340472e+01 7.847667279642764981e+01 9.889441469602122936e+01 1.119274385223523183e+02 9.335086706113442290e+01 1.119274260251549435e+02 1.112987178443222120e+02 9.116465989365661926e+01 7.648472064608040455e+01 9.706178856564261537e+01 1.008269183708135728e+02 1.091251388878708752e+02 1.061567692861025449e+02 9.127675588760078540e+01 7.105744369967490570e+01 8.518040389082074171e+01 7.032833788448887447e+01 9.058620237311242818e+01 1.050550893258594130e+02 1.193701707821190610e+02
7.998824301021232941e+01 9.665892523064673014e+01 1.057612122197280797e+02 9.761800121687031151e+01 9.761800638417024345e+01 9.751131605295519478e+01 8.154430148768686593e+01 6.203733709532997409e+01 7.718415907353698913e+01 8.350341895242434020e+01 9.026585206292401153e+01 9.857438997756737820e+01 1.085808822133150073e+02 1.235550865256231816e+02 1.151685554772629700e+02 9.834117905323422804e+01 1.078456105382628891e+02 8.746952692158878051e+01 7.307378178011286707e+01 9.343754363888859871e+01 1.035227860631304537e+02 8.312944360244722475e+01 1.035227844158009844e+02 1.064154937779499477e+02 8.612948227317775718e+01 7.134456229971178232e+01 8.551680454261257580e+01 8.038086876329890629e+01 9.739033974704875618e+01 9.675214388400293331e+01 8.843869904445860186e+01 8.518040350325819077e+01 6.510891898461854055e+01 8.518040389082072750e+01 9.255500303354276070e+01 9.840645096822632354e+01 1.051351668165407460e+02
9.993513718027988091e+01 1.081599946955640803e+02 9.761800399570502407e+01 7.823790948479997098e+01 7.823790948642913179e+01 9.199960972166475415e+01 8.261206141474023923e+01 7.415194891217829820e+01 5.870674656615904752e+01 6.414826113025908683e+01 7.049308652054853042e+01 8.027824815016407456e+01 1.002534559756838490e+02 1.118368948222836536e+02 9.485149586695058588e+01 8.812995789999951057e+01 1.033991845617586733e+02 8.302690352052840694e+01 6.872339529144288406e+01 8.899380648879832734e+01 8.841058313673407554e+01 7.635891367498544469e+01 9.076285491282450835e+01 1.111189087334580847e+02 9.738396801033304939e+01 7.682943794251585246e+01 6.487246095375290622e+01 6.838058895214595623e+01 8.821665096217081725e+01 8.517438946244475062e+01 6.839256479903136210e+01 7.912517867549075845e+01 6.248511672748080059e+01 6.721322433160921150e+01 7.231883894589229556e+01 7.813644072811561614e+01 8.494901927159767752e+01
9.722434288956195303e+01 1.054363052333601303e+02 1.006017598876192380e+02 8.391420844772513021e+01 6.465687831787917617e+01 7.507126062423289170e+01 7.190509924163366406e+01 5.566254656951650759e+01 7.491123991470834653e+01 8.367493018253034620e+01 9.026585206292401153e+01 9.857438997756737820e+01 1.085808822133150073e+02 1.034384956423074158e+02 8.307758190052481950e+01 7.901115917517272180e+01 9.938291751929466500e+01 8.493972424932022136e+01 6.478591512204921798e+01 8.493972424932022136e+01 6.816935744166728739e+01 8.841058313673407554e+01 9.737707112560494238e+01 1.075405188448739295e+02 1.056967542761518501e+02 9.391172173266538437e+01 7.979109379432713922e+01 5.974119891642460090e+01 7.530780099078403111e+01 7.378033193280695912e+01 5.710357002066031384e+01 5.928247877555188694e+01 7.912517859608968251e+01 8.733004792417212059e+01 9.255500303392410899e+01 9.840645096822632354e+01 1.051351668165407460e+02
7.752456421885572979e+01 9.404138468031872833e+01 9.295649507699629055e+01 7.434525430255878575e+01 6.339572590463104973e+01 5.569205819498338883e+01 5.266824634606555833e+01 5.776687607523139434e+01 7.706191542033413100e+01 9.235746619753422237e+01 1.006031700079838771e+02 1.120759086559958462e+02 1.162286817912440853e+02 9.591678349545010462e+01 8.149990924569479489e+01 7.138874803558401538e+01 8.491833934662197692e+01 8.113101232635546012e+01 6.109701586287177122e+01 8.113101232635526117e+01 6.308796142680794361e+01 6.875372675702394076e+01 7.879394764204799628e+01 9.913008538146401349e+01 1.034467685227483855e+02 8.307161302626273880e+01 7.108549199161399201e+01 7.530780099079728984e+01 5.590444477448745886e+01 5.412159602979362205e+01 7.378032227284884925e+01 7.912516033799180093e+01 8.744454222888678885e+01 9.621561083462476915e+01 1.045067129640405312e+02 1.145310021399781135e+02 1.195026152965891839e+02
6.633635786144682811e+01 7.541983157828425988e+01 8.356986877500519029e+01 7.474828597332772517e+01 6.663168497755496844e+01 4.991427796510102866e+01 6.346147115068146149e+01 7.706191542125272065e+01 6.586201671695884841e+01 7.264396450215413381e+01 8.397354324220896160e+01 1.038101179537912770e+02 1.136940724206225468e+02 1.102645987687563149e+02 9.665155338738912860e+01 7.632903053269981797e+01 6.477669855321273928e+01 7.753280034072304261e+01 5.757080389151905564e+01 7.261849653034468588e+01 5.818235602686235097e+01 7.816023127820430716e+01 9.737707112560494238e+01 1.075405188433530981e+02 1.117386861764544221e+02 1.000354025646822720e+02 9.168316701206840946e+01 8.370592854038851272e+01 7.164734146986005214e+01 5.204266115153940575e+01 6.581101706207851976e+01 8.574333928823506312e+01 8.546876285356709957e+01 7.611009926734378439e+01 8.617803072845678969e+01 1.062531909640045313e+02 1.079317539457212121e+02
6.465059846690152767e+01 5.612205387927721745e+01 6.859713715128101796e+01 6.418607730081232887e+01 4.737495082758734100e+01 5.696354719270553346e+01 7.629982276244042794e+01 9.111865550607819841e+01 7.959485346228868252e+01 9.235746622352336033e+01 1.006031700079838771e+02 1.081435433897302119e+02 9.456881711404770385e+01 1.081435475606059953e+02 1.050586047106688170e+02 9.332980516675826266e+01 7.910395651421477226e+01 5.910955959975763818e+01 5.529580098725215720e+01 5.252233011400635831e+01 7.248851517250400889e+01 8.635365048710524150e+01 8.895268653497667799e+01 9.735353610568937199e+01 1.082402737184250014e+02 1.029104794610829146e+02 8.288005779196232936e+01 8.288003185003969975e+01 6.994948781420541195e+01 5.036299722758686670e+01 6.994948781420541195e+01 7.731076119057988194e+01 6.548582146798982251e+01 7.697254162155967094e+01 9.707481689316631446e+01 1.145310021399781135e+02 9.964158137606384003e+01
8.356676164979326416e+01 6.859713715128316380e+01 4.935001053604788268e+01 4.490857519671846632e+01 6.418607730052153215e+01 7.474828553936727360e+01 7.629982276240951933e+01 9.596354902199749404e+01 9.937283742604100212e+01 1.047996354454805328e+02 1.128294396584544472e+02 9.952916500117697751e+01 8.090645703390910626e+01 9.952916500117697751e+01 9.865541254476829636e+01 9.030583193872244863e+01 8.750156056873689181e+01 7.910395651421477226e+01 7.006535732816921325e+01 4.958630543327235074e+01 6.736419212435320958e+01 7.254258033355247903e+01 6.885449312661802423e+01 7.958018282659803333e+01 9.966066378912181278e+01 9.704854848946992263e+01 7.701127678669777765e+01 6.299650807901479510e+01 6.827048155714892630e+01 4.869475997099007003e+01 6.827048155714892630e+01 5.754388283547126548e+01 6.885020390737814466e+01 8.886809736960692874e+01 1.053649552480541729e+02 1.066484117144633785e+02 1.022421346243980338e+02
7.391148763872580219e+01 6.645330883138828426e+01 6.034699931725186417e+01 4.329022279510157745e+01 6.242149773495587795e+01 7.800510612356036688e+01 7.236779540710627145e+01 8.033917062512335860e+01 9.123371125137369120e+01 8.561452146404930375e+01 1.047996354454805328e+02 9.155504750347535037e+01 7.212416730421224997e+01 9.155504750347535037e+01 9.030583193872244863e+01 7.014140484533776032e+01 7.604742880224834778e+01 8.052239253863905333e+01 7.185331287326630445e+01 4.716969515879183916e+01 4.913810736657153910e+01 5.316720850434269607e+01 5.967483704461197647e+01 7.103559657065994770e+01 9.125230471679954292e+01 8.461791903518320623e+01 7.634317605881132351e+01 7.140026230985915845e+01 5.176382098549399302e+01 4.705094883110243131e+01 5.093028546378145904e+01 6.470175512877315782e+01 8.460328354898970815e+01 9.716877060114012465e+01 1.003470729123697680e+02 8.656921115201080852e+01 8.656921115201079431e+01
5.575621607544991321e+01 4.716425120024066331e+01 4.100474367493733041e+01 5.818381736419271277e+01 6.624598279705550397e+01 5.941759386288649836e+01 5.319563257951678281e+01 7.236779540710617198e+01 7.200490895759830323e+01 9.123371125074781673e+01 9.033048703253093947e+01 8.541043938263176472e+01 6.587335993653658761e+01 8.541043938263176472e+01 8.768540358944541424e+01 6.752783996105088704e+01 5.613064011314544643e+01 6.120622273336002905e+01 6.163693064662470533e+01 4.499700379180892185e+01 6.458708810322708871e+01 7.254120719300703968e+01 7.958018282627851647e+01 8.797452736888287461e+01 8.841888059997012306e+01 7.634317605875644119e+01 5.660926801913403494e+01 6.238919586441299714e+01 4.493860734355211406e+01 6.441862241700242464e+01 7.052811468466198619e+01 6.470175512877315782e+01 8.460328354898970815e+01 1.003470729123697680e+02 8.039858345645130555e+01 8.405919947693946881e+01 6.653270084594463185e+01
