LEM/sinusoidal_perturbations/elevation_000489.asc
nrows	100
cellsize	150.0
xllcorner	0
ncols	100
yllcorner	0
NODATA_value	-9999
[rows 17 to 33 of 100, columns 0 to 36 of 100]
5.222468517465790779e-03 2.973442617353087569e-01 2.097535179515934445e+01 9.695603674663791693e+00 1.193606898874664068e+01 1.920527665614178403e+01 1.958300133134855070e+00 2.230358776581365721e+00 2.502764439354940862e+00 1.518573621409389673e+01 1.882961171366948605e+01 3.597728613216315541e+00 3.689971526406834457e+00 2.845548677656613634e+01 1.137108091684065059e+01 1.929961323398571693e+01 2.620182192882612426e+01 3.620915952690040029e+01 5.694479881463765025e+01 7.369399025814202275e+01 5.451782613364652974e+01 6.634640579056011234e+01 6.325648581765440071e+01 4.884825948360584391e+01 6.835489932508686195e+01 7.781815614717304186e+01 6.990168909875545467e+01 7.958152902762175529e+01 8.591969787771367351e+01 7.502438705107400096e+01 6.644896791655220625e+01 5.593573977476140868e+01 3.625956703279238269e+01 4.618849929603894822e+01 2.665165850697852079e+01 3.039056149977490406e+01 4.985369400941671358e+01
7.333276091007126865e-03 2.533284949409813525e+00 7.095965182319216025e-01 9.997817477445929413e-01 1.287282012131882203e+00 1.569730291150446932e+00 6.276524161374492650e+00 1.533035927902290929e+01 4.823395727033950031e+00 2.331369636765732878e+01 2.351033405521432940e+01 7.533800000875096714e+00 4.013791084989061453e+00 5.397922937367436447e+00 1.382948663801427713e+01 3.527917779681168042e+01 4.657547960547130828e+01 5.525293807757597619e+01 6.572149909894670827e+01 8.164977493742763670e+01 6.634640579056011234e+01 4.696127864826603115e+01 4.371456034908734978e+01 6.325648581764497891e+01 7.637269082040739931e+01 6.721732576279231353e+01 4.771545778786040870e+01 6.732081524615365709e+01 7.799342770688869564e+01 5.895036472550445694e+01 4.762468593492860691e+01 3.885873993931129178e+01 4.800605335832477749e+01 4.343195523503429456e+01 2.550374793829809406e+01 4.504394918173129270e+01 3.664926065128441479e+01
6.343274376862209282e-03 1.142903717707195455e+01 1.448646659333717679e+01 7.953515570058774742e+00 2.263842526733876781e+01 2.280635447174893571e+01 6.661803826146251772e+00 1.418760939535455101e+01 2.544190467866258487e+01 3.406140130179434777e+01 2.399245564773484674e+01 4.431861448187266461e+00 2.425578957427601523e+01 2.854250348775582324e+01 3.517997357226160915e+01 2.550189367228986370e+01 3.540719703956058595e+01 4.937033903134075530e+01 7.115131659407069264e+01 7.828454479275062283e+01 7.437284406509036216e+01 5.981686358679887405e+01 4.030199312386497468e+01 5.977140386696835606e+01 7.699307826232573859e+01 5.469984543812953603e+01 3.720240779133376208e+01 5.823788409668691912e+01 6.026900404417429513e+01 5.651874399971859475e+01 5.927765460907978223e+01 4.800583836967854978e+01 2.845248074554081086e+01 2.389758244541659238e+01 3.767511087112524137e+01 5.318825163611005991e+01 5.619527429315655809e+01
3.497053469895897767e-03 7.190135065789626800e+00 1.683786617067319824e+01 2.553211235900003828e+01 1.882129048163943352e+01 3.500270872546424528e+01 3.254286357696448562e+01 3.101152805623063458e+01 3.579720539888717212e+01 3.080696877308572112e+01 2.447822845387224788e+01 4.728092997203659387e+00 5.085335637493361816e+00 1.985950674849928532e+01 4.141473429889049385e+01 4.602742056278621874e+01 5.471324023878742082e+01 6.506550781325856292e+01 7.810329285206267969e+01 5.944446712688545631e+01 6.228877104767406081e+01 5.713462754240334363e+01 3.763849061681813168e+01 5.394679509381763438e+01 6.513815122698520099e+01 5.124958042244224288e+01 3.069727153656860708e+01 4.267997468230569069e+01 4.003807518735023763e+01 3.470045485925300710e+01 3.956887835536947051e+01 4.028011021113141510e+01 2.230586994269622991e+01 4.183399149690072960e+01 5.157881214901257749e+01 6.542065013023648135e+01 6.318945890502597251e+01
9.635555453094322986e-03 1.995147895052957310e+01 1.818980170283858300e+01 3.398812966220718579e+01 2.794986836446655332e+01 4.558841802639652485e+01 5.266292852036359307e+01 2.985289881841470816e+01 2.767173923745005837e+01 2.062122280619833603e+01 5.146262684487672878e+00 2.403938566609269856e+01 1.047957359715063674e+01 3.062946482375911472e+01 4.623461604192478092e+01 5.447765675699982779e+01 6.609897357515120575e+01 7.537438598841082182e+01 6.960369965976344986e+01 6.228877104767406081e+01 4.298178311704982235e+01 5.093885293802002678e+01 3.506009960050834451e+01 5.453389778631460416e+01 5.093701498926746041e+01 3.461090956006763264e+01 3.774851698572378211e+01 2.226876455453359327e+01 3.606100801272427248e+01 2.307802574444457022e+01 3.849345089066881087e+01 2.071837257654824782e+01 4.007679023553480135e+01 4.884157634074143317e+01 4.238739355228308625e+01 4.897962645560622974e+01 4.336639612914601116e+01
8.845047570523793118e-03 2.000884504393228625e+01 3.520644969180496986e+01 4.314615870448162838e+01 4.126324520757880521e+01 5.523923753238619128e+01 4.575531852202863092e+01 2.967444288669361541e+01 7.387145858788862540e+00 5.561979469127015463e+00 2.418741103459233699e+01 3.229949757328739679e+01 2.479138392112300693e+01 1.893008542569134889e+01 2.658956134742957644e+01 3.802355012480432350e+01 5.775787404393612690e+01 5.567456251266094114e+01 4.990492738076739698e+01 5.572228123769420449e+01 4.758363716429685297e+01 3.147516817803489531e+01 5.093860738242076280e+01 5.146796170399861126e+01 3.905743481279984053e+01 1.747268746919316840e+01 1.646429720221786042e+01 1.679110422878614983e+01 1.711913652939657382e+01 2.237542568613152838e+01 1.909327450115276648e+01 3.811211009294222407e+01 3.835353283969340055e+01 3.837080611949333786e+01 2.261990428714466717e+01 2.934879414431970446e+01 4.917241125466879481e+01
8.023991185656003874e-03 1.155502937078866132e+01 2.569716415400051091e+01 4.569702317330359165e+01 6.095306438535735793e+01 5.261038357629421824e+01 2.954820885714546108e+01 1.411732561544612174e+01 5.974285221029516535e+00 2.143502765554129041e+01 1.934736195284494542e+01 3.505829901186661601e+01 4.412674764253770832e+01 3.584694898750520764e+01 4.165953979937262375e+01 5.449547254501977989e+01 6.379018486363161600e+01 5.567456251266094114e+01 3.603968393243413004e+01 4.433834471647687536e+01 2.807965666853253239e+01 4.758363716429685297e+01 5.614616326988939221e+01 4.158905513510333662e+01 2.788325027723366389e+01 1.600366935139190971e+01 3.134340018668979511e+01 3.478176593804487027e+01 3.652937310858903430e+01 1.758623867858655387e+01 1.791886863447226474e+01 1.826960923643378720e+01 1.862130581166798748e+01 1.897344695584947871e+01 1.932512114774296563e+01 3.861456548410478717e+01 3.969573609453438223e+01
4.598823041778624977e-03 1.414673444677285374e+01 3.414673444677355718e+01 4.324882332083039671e+01 5.342005372693316190e+01 5.927824954970007809e+01 3.629744122176065702e+01 2.685316118946635200e+01 6.263684150773192627e+00 2.434625628454917745e+01 2.550118149666435130e+01 3.728051828246391608e+01 5.065381476218540513e+01 5.643563461158269234e+01 6.331077586634420129e+01 6.382217985782601488e+01 4.418913635012801677e+01 4.780681460630432866e+01 4.126136269093651521e+01 2.472942262999687202e+01 4.433834471647687536e+01 5.535326783997366817e+01 4.306724933456860072e+01 2.928484034083457388e+01 1.554746345884360892e+01 3.494365661290444791e+01 2.703304545737561781e+01 4.133107951954079340e+01 4.403147786807880948e+01 3.029701996700884337e+01 2.130994135544149870e+01 2.158546510110199534e+01 2.916926438868662785e+01 3.673544269978525989e+01 3.930778824915427094e+01 1.982137928558795537e+01 3.979103906403802426e+01
7.340434288523949372e-03 7.078896866001492150e+00 1.464342663219861151e+01 2.468607859205499722e+01 4.443861545394882739e+01 5.333813131755913162e+01 4.196174180394914544e+01 2.706543042267004751e+01 6.549979084181283717e+00 1.082505686272443057e+01 1.564820437380100415e+01 3.554366794990346534e+01 3.419896916592800551e+01 4.346079341737966217e+01 5.935893578129057602e+01 5.917018473526150757e+01 3.948748265500432808e+01 2.816263435269572923e+01 2.150180248395222904e+01 4.126136269079917440e+01 4.515187533399046060e+01 3.693178934686555692e+01 3.418662139713020309e+01 1.509626864571333016e+01 2.758901304937423404e+01 4.223466313885721490e+01 3.697736271168247413e+01 5.054994961848315427e+01 5.239377585708135854e+01 4.369034829268698417e+01 2.553342914739080172e+01 4.232539082742669478e+01 4.947931429054742836e+01 5.265275064989602072e+01 4.377233352560014623e+01 2.776578006837079116e+01 2.031632887374317420e+01
3.515918393995972821e-03 1.414565154212507103e+01 3.414565154212577625e+01 4.322829290019275561e+01 5.336765143775382825e+01 4.407103285534653025e+01 2.251781009766997599e+01 1.373043801079314186e+01 6.832767312498022605e+00 2.618767777436865529e+01 3.368040170763404717e+01 2.347686498197268179e+01 4.178274166555728186e+01 5.785743181874764929e+01 6.661424660635650241e+01 6.731747407316734666e+01 5.595514937447215686e+01 3.921473961059753321e+01 1.935803776074069305e+01 3.635173337529187876e+01 3.693798862973426367e+01 1.778498543725124037e+01 1.464921737974356120e+01 3.409563546167461112e+01 2.463333760584123766e+01 4.439571138673154849e+01 5.500567623105235526e+01 6.318869315742249881e+01 4.939652853700572166e+01 3.015268851241570758e+01 4.512323750195204752e+01 3.939500743844781994e+01 5.895298863790379329e+01 5.651676809188739981e+01 3.999119996967775137e+01 3.781064583073669638e+01 2.074984194368401091e+01
4.608085242692564441e-03 9.985449734388371468e+00 2.134994675013028598e+01 3.462490388270105512e+01 5.163918273388951263e+01 5.323968488915766528e+01 4.159834413573551615e+01 2.721015869566199541e+01 7.111035947856921169e+00 2.543423339081525825e+01 3.984186588411641594e+01 4.163807754347160284e+01 3.454122965383899668e+01 4.449102552005675904e+01 6.145463097650478090e+01 6.494787420609725359e+01 5.675583624224345414e+01 4.738562629685110750e+01 3.635173294727506743e+01 1.632728782341990126e+01 3.367417973075774285e+01 3.398764805347444451e+01 1.433407874994642661e+01 3.443611106686215351e+01 4.440355405135004219e+01 3.604584819298052878e+01 5.582128067661314219e+01 7.144912750046957228e+01 5.248316812701456513e+01 3.333353771057918635e+01 5.248316795324817008e+01 5.895299964056614073e+01 6.700424536381869700e+01 6.358981329832732143e+01 5.044932123449677874e+01 4.247702611014128138e+01 2.193116351798524022e+01
1.610643649003322799e-03 2.000161064364864671e+01 3.299324426544306021e+01 4.127751551315473932e+01 5.127751551162472765e+01 5.615960785770016628e+01 4.015186734973980265e+01 2.111794664665750787e+01 7.385186206155514022e+00 1.405142328543909258e+01 3.628500696945766890e+01 5.215465907400271561e+01 5.163466903973705513e+01 5.894637779478164674e+01 6.891383746156961365e+01 5.675576663560359236e+01 3.695997422738261662e+01 4.275816540894905415e+01 3.509397859212936055e+01 1.386555088361930999e+01 1.357691937905058488e+01 1.388829988525127668e+01 1.497394981196369201e+01 3.001653303618077118e+01 4.986414268749306444e+01 4.744183045859100645e+01 6.402727862458877439e+01 6.358991190648113445e+01 4.435209824807310497e+01 5.248250268772483196e+01 3.859198355258724433e+01 5.201471326363206060e+01 7.078643735213432819e+01 6.313255417173606077e+01 4.511962433563179786e+01 2.369872912239539886e+01 4.143162971405292438e+01
2.022278438842990342e-03 6.326577598775628530e+00 1.299324426544235322e+01 2.299324426544253086e+01 4.299324426544323785e+01 4.789875077524830971e+01 2.889795501934456468e+01 1.760439457664581653e+01 7.657269783711314837e+00 2.085376145777990331e+01 2.791215147241643635e+01 4.696273759429084294e+01 5.229035528238938468e+01 5.186977453059605381e+01 6.021308669895190491e+01 5.673663214630497009e+01 3.695794888908883280e+01 2.284726451717585505e+01 3.246372226239388681e+01 1.313396332527352506e+01 3.323554697243657330e+01 1.508944127596006091e+01 1.656860777282614450e+01 3.668784002942745559e+01 4.777740559884702520e+01 6.726840098355702935e+01 7.546956206409930701e+01 7.145753713037265697e+01 5.801625500096491805e+01 6.122151088187138868e+01 4.258144630005961062e+01 5.877113670226224684e+01 7.213766228340564624e+01 4.897445891776975202e+01 3.395367600963319887e+01 2.493704085234289636e+01 4.558521439159551392e+01
6.642187732006160465e-03 2.000664218773165004e+01 3.299324426544306021e+01 4.127751551315473932e+01 5.127751551382480244e+01 5.137447942376078203e+01 3.402373446818300096e+01 2.500388155367643606e+01 7.929783492485044327e+00 2.789210759768749170e+01 4.186902305635776145e+01 4.617485726257546474e+01 3.290542197568193927e+01 3.285388494400620374e+01 5.186977561490238742e+01 5.180433189196419619e+01 4.026202711644295817e+01 3.200729137182990058e+01 1.269077426817274379e+01 2.108939569672601877e+01 4.034566224574618332e+01 2.707671494845297744e+01 3.668784002951228729e+01 1.955411955404137103e+01 3.956783303717098477e+01 5.072718482870346435e+01 5.959197620600525624e+01 7.104835641224548226e+01 7.704296154192940094e+01 6.512745959345666336e+01 4.688570561052651442e+01 6.512745954359063205e+01 7.781542880878173207e+01 6.249071690699486936e+01 5.189755738654296380e+01 3.682035000624057375e+01 2.675618254692851394e+01
1.591255364720534126e-03 1.000159125551950190e+01 2.154859666951160335e+01 3.569073636990299292e+01 5.569138762650349150e+01 4.914235062126441989e+01 3.384179661524798632e+01 1.757243788136696239e+01 8.205095447540381670e+00 1.246605931507494880e+01 3.979489682599952260e+01 3.792545306295193086e+01 2.113038582408696442e+01 3.838183584611963539e+01 4.193327725108787973e+01 3.132379444192019946e+01 2.746974977772065785e+01 1.224701596604169218e+01 2.303176016002096560e+01 3.042219126932554829e+01 4.834801759684845024e+01 4.118614506067397230e+01 4.777744175919190184e+01 3.956783391367077485e+01 2.259871682972884344e+01 3.156731683350742657e+01 4.298271978425253081e+01 6.281451079430181039e+01 7.976064091889368513e+01 6.182797078458288809e+01 6.512745942042292313e+01 5.425407730602550771e+01 7.149524389507244848e+01 7.166137470166773937e+01 5.461833410275049516e+01 4.868522584008896104e+01 2.806312207180412699e+01
6.189296070378335485e-03 2.000618929607002272e+01 3.584580859185383872e+01 4.479008050185315426e+01 5.633708588564586961e+01 4.116723801987089359e+01 2.053379316521011688e+01 9.584589041150515243e+00 8.485091358559943231e+00 2.850524944940343630e+01 2.930976880109639993e+01 2.536430930311891174e+01 1.642460601711482227e+01 3.280082220415433625e+01 3.373198828276465377e+01 1.406097253456797169e+01 1.180470150771827775e+01 2.321126888153863987e+01 2.492642204318340049e+01 4.475310385384290157e+01 5.744049516187998705e+01 6.095416016254798564e+01 5.604434863248297916e+01 3.629174405453146335e+01 2.481681790712750058e+01 4.466957605322873093e+01 5.583456460140329369e+01 6.441234474542122257e+01 7.528167655778879919e+01 7.976059959195572446e+01 7.624247377516326196e+01 5.972730573988425817e+01 7.624538630582807741e+01 7.708057500527208106e+01 6.685447572461035293e+01 4.997373410523618276e+01 2.939628340329123546e+01
2.247884206357958405e-03 7.561537344390934834e+00 1.650580925439025037e+01 2.805281463818296928e+01 4.805281463818367627e+01 5.008009063697721075e+01 3.892315758465399256e+01 2.953598422051166494e+01 1.061570979045063190e+01 8.891962194768595396e+00 9.184228289916966048e+00 9.480106625855848179e+00 1.924772072150786073e+01 2.818262907179154908e+01 3.800016227149096437e+01 3.118668710838434777e+01 1.149413934966785966e+01 3.161472022906530199e+01 4.288450817591470354e+01 4.115685009218065460e+01 5.520944849301849189e+01 7.505237477051923634e+01 6.407894778405797354e+01 4.464703549134091531e+01 4.466957603807686183e+01 2.805599547043830455e+01 3.561656419984237232e+01 4.582445192630092379e+01 6.099311325383673932e+01 8.321823989525266541e+01 8.061573362552040578e+01 6.603544109190382017e+01 8.139179186160242807e+01 7.045752684080882489e+01 4.893216822295288893e+01 3.823724082616170250e+01 3.074351063120783678e+01
