LEM/sinusoidal_perturbations/elevation_000299.asc
nrows	100
cellsize	150.0
xllcorner	0
ncols	100
yllcorner	0
NODATA_value	-9999
[rows 51 to 67 of 100, columns 37 to 73 of 100]
4.612734266413417572e+01 5.017437861114645159e+01 2.975058288867612433e+01 2.540287155983845935e+01 2.657859725989648325e+01 4.552237275919245718e+01 3.002045623109693651e+01 3.128391801011311912e+01 3.279123667305688627e+01 5.269324304862905706e+01 5.065003259925076406e+01 4.438714121749342212e+01 6.423481781186744399e+01 7.729205803802440755e+01 7.814501209930612902e+01 7.013996848022527786e+01 5.490493909272132100e+01 6.866619333237083822e+01 8.278274752019250116e+01 7.895959699168524537e+01 9.371703582895999318e+01 9.015142766746002678e+01 1.095822287951670972e+02 1.269880489798504897e+02 1.069470338527440418e+02 1.106246286502471605e+02 9.465306852745206356e+01 8.065391879296458910e+01 1.004996437826167437e+02 1.160768193970876609e+02 1.257555914471758456e+02 1.054622767648844359e+02 9.503579300336539859e+01 8.624757760931572648e+01 8.465090292381283632e+01 8.288614340036657779e+01 7.999394092916504917e+01
3.204736227351086342e+01 4.201320824185130220e+01 2.374786943626204661e+01 3.035194147186975044e+01 4.639121624109576203e+01 5.380027849838890575e+01 4.421638634733970719e+01 5.117580145460595276e+01 5.269079990299080407e+01 3.495445965372375952e+01 3.655189840911509691e+01 5.645070237100186006e+01 6.555293874264624776e+01 5.795046587993304854e+01 6.628160479821362117e+01 5.064483843418086906e+01 6.202499572216591872e+01 8.122507672477378549e+01 9.587064328361192622e+01 9.803031842022127762e+01 1.062294666403646630e+02 1.095822287951670972e+02 1.107100826068015493e+02 1.189938595397161549e+02 1.269880489798504897e+02 1.229430091760670365e+02 1.056354310971292563e+02 8.574461235835889283e+01 9.683407117833168343e+01 1.168095714868100998e+02 1.218646405788630886e+02 1.054622767648844217e+02 8.460930924184629021e+01 7.400658250798905158e+01 6.986073598881242219e+01 6.597857505409596968e+01 6.228460823711507288e+01
4.043098234108358469e+01 2.216972545666152783e+01 4.201325881109652727e+01 4.994574671066040139e+01 4.093076103231103957e+01 5.969205294394286199e+01 6.492423105695452534e+01 6.332368754267861988e+01 4.346955454932189156e+01 5.485783590060049164e+01 5.638575083823127443e+01 3.895805686957497471e+01 5.694205619730182377e+01 4.397253610222777809e+01 4.668862740259942257e+01 6.628167990489727401e+01 7.814736746648772225e+01 8.926835947116271086e+01 9.268468243759005532e+01 9.422981732919222964e+01 9.664431455486908362e+01 1.026591419164929704e+02 9.129547570587151029e+01 1.076860416907325657e+02 1.189938595393703764e+02 1.197790412876902479e+02 9.977695593528061124e+01 9.233288036046945990e+01 1.122867064654591189e+02 1.251411226237180472e+02 1.135104270578702312e+02 9.299368423861272959e+01 8.230566196386764943e+01 9.503579300336539859e+01 9.074201429274579311e+01 8.384132011596291534e+01 6.404076991714597966e+01
2.068102326961120951e+01 2.223872014560726740e+01 4.634134762948009723e+01 6.547788405245692900e+01 6.007034958045114337e+01 5.462752647293047659e+01 7.321048694422533742e+01 6.992469772896242830e+01 5.012307820222283539e+01 6.992361684628910723e+01 5.521280417950055153e+01 5.884424527100442504e+01 4.142684142764949939e+01 6.137183284435701580e+01 4.744736337847281504e+01 6.700741516478593951e+01 7.305981900967344700e+01 7.611102829976394446e+01 7.364484207698318130e+01 7.629446102772918437e+01 7.653156862873022703e+01 8.786523278432180462e+01 8.055009833022542409e+01 9.129547570587151029e+01 1.107100826068015493e+02 1.281172075389715133e+02 1.197790412876902479e+02 1.038205926758943036e+02 1.064156258011815765e+02 1.264607490309446121e+02 1.218646405788630886e+02 1.105483915065929921e+02 8.991601481980730171e+01 1.105422662344135176e+02 9.958793847370078822e+01 7.981208920945917384e+01 6.589823174726066668e+01
3.086607641552590664e+01 4.580261285264774074e+01 3.661391584899143936e+01 4.910520619100218909e+01 6.949591282506625589e+01 7.321048694422533742e+01 8.083373996883206303e+01 7.811528873723500510e+01 6.006321808943837937e+01 7.811528873723500510e+01 6.920530087053576551e+01 6.210599902663862082e+01 5.381876827760143556e+01 7.033869923395404555e+01 6.242361444806293491e+01 5.100636676017977322e+01 5.365344813179950734e+01 5.681269313887235484e+01 6.004726666848038263e+01 6.344720641105354275e+01 6.714909188317564315e+01 7.129088257744875534e+01 7.885660650404665262e+01 8.709018369813955474e+01 1.005578315854956344e+02 1.202981853586079808e+02 1.321975385148807902e+02 1.238516329733345458e+02 1.264607490309446121e+02 1.348097719738764226e+02 1.248350338510026631e+02 1.046306704868223818e+02 1.105483915066337488e+02 1.111357927244581418e+02 1.014205912538522796e+02 8.828383795498538689e+01 6.961481457257572458e+01
4.906236946275162580e+01 5.758378432685173465e+01 5.772333286088093018e+01 6.614827480321530118e+01 7.790625287589114123e+01 7.332344070016408466e+01 8.161741082032263250e+01 8.798829401235771286e+01 7.978617736848649145e+01 8.798829401235771286e+01 8.890396967902206882e+01 8.375889112007830306e+01 7.655708977514619562e+01 8.263292018407356920e+01 6.640651702201827788e+01 6.487306821246043853e+01 7.305981900967344700e+01 6.114386711615661341e+01 7.922156877285040366e+01 8.248697348507064930e+01 7.661398388092631251e+01 9.002557620828214624e+01 8.302193795223386985e+01 1.020771513113150633e+02 1.063396473426187754e+02 1.261757294742181301e+02 1.274121171046364935e+02 1.190829616764089849e+02 1.216889388211039318e+02 1.300199766802676891e+02 1.332016211977017406e+02 1.248350338510026631e+02 1.167481516017737562e+02 9.724774449468870330e+01 8.397134322461965894e+01 7.478041960852775105e+01 8.837691833313083123e+01
4.679842987658827980e+01 5.595130510478933417e+01 6.422989942887055292e+01 6.750631991570503487e+01 5.923206707789716319e+01 5.339522901108774988e+01 7.332344070016408466e+01 8.546677582635305725e+01 8.119490993360484765e+01 7.289092124830028752e+01 7.768041185514996982e+01 8.598774041643561361e+01 9.191920902912546865e+01 9.258745058775947712e+01 8.468472851796317968e+01 8.404837306510850681e+01 8.630829825245810127e+01 6.730933248805371250e+01 7.679046022459706933e+01 9.591328306730346753e+01 8.984551305399392618e+01 1.036589559219856085e+02 1.020771513113150633e+02 1.020771513113150633e+02 1.217663806587054154e+02 1.295533856556433818e+02 1.158066526949856438e+02 9.898465107296151189e+01 1.015933287097036413e+02 1.216889388211039318e+02 1.376613870217036322e+02 1.261388974592711492e+02 1.173053797591203136e+02 1.090617672652511345e+02 9.755967188486701502e+01 7.880240294761252073e+01 9.228971274649408940e+01
3.852820404116481967e+01 3.601429468217310159e+01 5.515889728911858469e+01 4.984093404349560785e+01 3.931047250996670073e+01 5.339522901108775699e+01 7.332344070016409887e+01 6.544676111031658650e+01 6.544676111031658650e+01 5.289387763232443262e+01 5.767446265329294164e+01 7.188760770609090400e+01 7.188760770609090400e+01 8.726942416583207773e+01 9.729032556570926715e+01 9.984976055584512267e+01 8.069924091203100147e+01 8.069924091203100147e+01 8.630782492711692555e+01 1.040397452817195898e+02 1.092055492105405392e+02 1.103609672713738661e+02 1.077580326457931079e+02 1.160832964387887500e+02 1.222238648316437803e+02 1.138957031853703512e+02 1.011353339642517852e+02 8.741814142292328427e+01 1.074791966392518674e+02 1.236635849568038168e+02 1.293307589877891246e+02 1.094371670271991377e+02 9.820486177538217021e+01 8.977057900510598643e+01 8.487524279677045058e+01 9.755967188486701502e+01 9.442048749442781741e+01
1.980752975132131155e+01 3.967330331674671839e+01 3.574673153186270014e+01 2.990023301172427139e+01 4.946750965035631253e+01 5.551129878094639736e+01 6.359620824708406417e+01 6.374559616207908874e+01 4.546197231090182100e+01 4.136740155205345104e+01 4.635582937035853490e+01 5.189342986929219848e+01 5.895512236278061380e+01 6.894693623188956622e+01 8.897430137420971619e+01 1.080376168071405800e+02 9.984976055584512267e+01 9.984976055584513688e+01 1.055976156931886294e+02 1.053136594991959356e+02 9.699957187220348942e+01 9.036339043306783481e+01 8.777451799310473746e+01 1.045262860332180992e+02 1.138957031853703512e+02 9.383447437413681769e+01 9.971027225401215333e+01 8.115184065444971395e+01 9.525399223629729306e+01 1.119620410376331989e+02 1.235543084036592205e+02 1.230232748011928692e+02 1.032787214937188054e+02 1.032787214937187912e+02 9.817312353667668390e+01 1.120390846473418378e+02 9.671964505027420955e+01
3.959650227472944550e+01 2.095775230708893488e+01 2.178287240476673503e+01 4.164655331695011853e+01 3.690733501195221322e+01 3.629411515331842963e+01 5.243280775687495776e+01 5.046354295202452533e+01 3.549107167627190762e+01 5.545436671060920730e+01 6.048131635686018370e+01 7.188760770609090400e+01 7.896061880304968383e+01 8.726942416583207773e+01 9.729032556570926715e+01 9.862124010728372525e+01 9.033975629194159751e+01 9.510798925514491486e+01 1.033985401514181035e+02 9.380821014428688898e+01 7.713700892193870118e+01 7.636895133573391092e+01 7.636895133573391092e+01 9.622054508170865006e+01 1.127801840846813661e+02 9.971027225401215333e+01 7.976559834508105951e+01 7.608812835577938927e+01 8.366030163764907002e+01 9.515916839497836577e+01 1.152251375081792020e+02 1.313320380245218360e+02 1.230232748011928692e+02 1.230232748010276822e+02 1.177463209629529075e+02 1.123239695546063075e+02 9.316435038691763282e+01
4.904653803793432587e+01 3.257732335817875224e+01 3.187233961015222050e+01 2.296226454270782469e+01 2.379643945286537132e+01 2.462851269644717433e+01 4.450043327945255101e+01 3.052626670853057078e+01 5.046354295202487350e+01 5.545436671060920730e+01 7.545676846833480056e+01 8.880122023643782825e+01 9.412066419640700587e+01 8.585173514849891774e+01 9.412066419640700587e+01 8.717136675479822827e+01 7.057489277420407348e+01 7.529225136524254935e+01 9.013259622255012005e+01 8.187509643725917385e+01 6.583214586201812324e+01 6.507129150172916354e+01 8.475922208862708374e+01 1.036273193714814767e+02 9.528490969111275888e+01 8.502160680681002702e+01 7.237355179872342603e+01 7.122921919431483673e+01 9.100374572273821627e+01 1.011925314403774649e+02 1.078803826975088356e+02 1.162078678484763117e+02 1.262588390621414618e+02 1.378941524207996565e+02 1.215462624618721179e+02 1.016840537958403985e+02 8.771733066372902954e+01
6.073549675316981222e+01 5.244988202549918554e+01 3.408665813995953187e+01 4.282273074266151269e+01 3.781516597438105975e+01 4.450043327948308303e+01 2.580844197916256988e+01 4.569762236033687230e+01 5.523696742107306079e+01 6.937082213410145926e+01 6.909719039844392796e+01 7.759065498459239052e+01 8.422287814736881728e+01 6.612549766037287213e+01 8.422287814736881728e+01 7.892850701947962477e+01 5.928725125568342946e+01 7.892850701947962477e+01 7.872902394291286043e+01 6.219966289249225611e+01 5.709605260762844381e+01 7.672165808375477525e+01 9.303110227895128048e+01 9.530912055075279454e+01 7.544400155182101742e+01 8.060216634171167982e+01 6.553282646917493537e+01 7.035687178341713377e+01 7.554623471546746316e+01 8.120820931618401062e+01 8.781682892611490843e+01 9.783039945136803794e+01 1.179303659436496901e+02 1.296043543651298648e+02 1.097151024053935231e+02 9.826040978120326486e+01 1.075051550590768841e+02
5.966737938466342683e+01 6.241885982104242458e+01 4.819535493606939980e+01 5.411210686096759304e+01 5.777005413707419734e+01 5.144534791745022062e+01 3.151231882194209888e+01 2.704510255752180470e+01 4.110311233266853037e+01 5.416929820425174569e+01 4.798596279999658520e+01 6.909719039844392796e+01 7.598861640443581678e+01 5.633078001644719990e+01 7.598861640443581678e+01 7.271739658752895252e+01 5.306952377481881200e+01 7.271739658752895252e+01 6.516629751958954841e+01 5.086136969418144815e+01 7.051547958376541203e+01 8.495980013959105293e+01 9.624489976996602536e+01 8.581239032797695643e+01 7.757558176610930900e+01 6.166769572678361300e+01 8.124094443815249633e+01 9.011111737347812323e+01 9.542355456138983527e+01 1.011925314403774649e+02 1.078803826975088356e+02 1.162078678484763117e+02 1.262588390621414618e+02 1.298311649774427394e+02 1.263901034251143045e+02 1.122923997351506529e+02 1.203297532918877266e+02
4.832478939665922724e+01 6.188104457495577293e+01 6.839681883746474966e+01 7.427849403518857230e+01 6.085364806586959929e+01 4.089562956465308474e+01 5.144534791745100222e+01 4.695292056701322991e+01 2.829120228345489352e+01 3.449815449857980099e+01 5.416929819031538784e+01 7.192776987848331771e+01 6.943600427510627071e+01 4.975129879494719631e+01 6.943220641233962453e+01 6.721043004096578954e+01 4.757048561585877167e+01 6.007527874131155698e+01 4.544890229977083607e+01 6.516629751958954841e+01 7.872902394291286043e+01 9.365681802680617807e+01 8.225286691141695883e+01 6.826264417803203344e+01 5.801751568831597439e+01 7.757558176610930900e+01 8.747032377578109674e+01 9.574755431457404597e+01 1.021959890802215085e+02 1.006996670691998901e+02 1.006996670691998901e+02 1.207604238381480144e+02 1.171182207743064652e+02 1.097302352531703065e+02 1.239558940093952089e+02 1.321934738558105380e+02 1.286350802414074792e+02
3.502367735783756331e+01 4.392804176488351686e+01 5.804732306699860800e+01 7.805071814797170759e+01 6.912215896345989563e+01 4.981890786436856189e+01 6.912215902432076575e+01 5.423237250978690582e+01 3.427373687103182220e+01 2.956587363859921425e+01 4.364759123864865842e+01 5.908314607524850715e+01 6.375256754778527579e+01 4.401548989427547554e+01 5.629226210502997674e+01 5.707728709110635634e+01 5.827696521954379705e+01 4.029660805646658162e+01 6.007527294055823575e+01 6.997874230201863099e+01 8.393880250010329291e+01 8.538910800703334303e+01 6.572170184674168070e+01 5.445194588500663002e+01 7.241855048858847965e+01 7.425191663697505362e+01 6.778651758879837530e+01 8.432738689366027529e+01 8.226518210635698836e+01 8.078224028314190264e+01 1.006996670691998901e+02 1.112416728856049559e+02 9.702560900704312985e+01 9.552603129563617301e+01 1.156176612612554919e+02 1.307107282701158510e+02 1.262488798786065587e+02
3.719039807603436998e+01 5.714913346006358807e+01 6.390600287899773235e+01 8.391413846882798566e+01 7.804943580947347925e+01 6.134710155208214388e+01 6.422246091913380894e+01 4.424228410044084825e+01 5.423237250942744936e+01 4.950032846742249859e+01 3.084958586389294766e+01 5.079452864960659042e+01 5.819699230310853011e+01 5.472793378635859796e+01 3.648881740290779163e+01 3.759583715810447302e+01 3.870864174647746836e+01 5.849954517597738146e+01 4.202372015323478394e+01 5.601885204812361252e+01 7.170354552541651572e+01 6.716592654700431808e+01 6.831984097656764732e+01 5.204339365408187490e+01 5.281649357212367590e+01 5.467766227415124547e+01 5.655634011456886867e+01 7.610772890917115774e+01 6.840578655499419369e+01 8.810278031448174829e+01 1.009539465932532920e+02 1.029105987419259947e+02 8.289767690338842954e+01 9.070740569398847697e+01 1.022706617269210625e+02 1.223670126662545528e+02 1.345670037439156204e+02
3.939961438803874927e+01 5.936771101822382235e+01 7.136363078562624196e+01 8.550753323238863857e+01 8.957234194975578134e+01 8.130177856644706935e+01 7.251045491346508243e+01 5.317084465996733655e+01 6.608898179521439431e+01 5.363346437598200822e+01 3.371491163546708947e+01 3.221136235988829810e+01 4.902881023680147621e+01 3.496130914719908134e+01 5.477179791771097683e+01 5.739337543170057643e+01 5.578832461654246089e+01 6.603272656483005676e+01 6.178499775794973203e+01 4.376900915545094506e+01 6.350909197454014787e+01 4.735610329452131850e+01 4.865098585527432817e+01 5.020057912378583609e+01 6.984457915788516402e+01 7.425191663696787714e+01 7.610772890917115774e+01 5.927765933143808752e+01 7.881752841026654721e+01 8.425339224972776719e+01 8.101919350441627898e+01 8.954407921447436536e+01 7.667583224630587324e+01 9.658195717745563513e+01 1.055294222542068212e+02 1.155684290436838495e+02 1.297927327656940690e+02
