LEM/sinusoidal_perturbations/elevation_000209.asc
nrows	100
cellsize	150.0
xllcorner	0
ncols	100
yllcorner	0
NODATA_value	-9999
[rows 0 to 16 of 100, columns 37 to 73 of 100]
1.051110309360019244e+02 1.137491885039033690e+02 1.055141749665452693e+02 1.055141672618832018e+02 1.099449325883413593e+02 1.157456625484654893e+02 1.094086964257722769e+02 1.014524327458854032e+02 1.014524326933603078e+02 1.043348368495322944e+02 1.044407016328710256e+02 1.124293681058065744e+02 1.134463928071832015e+02 1.141370285135828198e+02 1.222363607025265253e+02 1.130168282889988518e+02 1.044761741287008761e+02 1.041719577137000243e+02 1.127146363336251085e+02 1.114373363016672869e+02 1.029020711950384879e+02 1.114373363016672869e+02 1.070619733318843601e+02 9.868835449693808926e+01 1.070619733318843601e+02 1.083360435516851652e+02 9.986750957815110041e+01 1.025301746044140287e+02 1.109929604562929626e+02 1.153710400580875728e+02 1.071480846715063961e+02 1.097278524929925112e+02 1.044215727758364949e+02 1.126488122186530632e+02 1.223232534077542368e+02 1.141220780012118752e+02 1.223232534077542368e+02
9.681981785806488006e+01 1.055141749665452693e+02 8.546299917130102131e+01 8.546299910322441917e+01 8.998869434857799376e+01 9.583374120203046687e+01 1.014524327458854032e+02 8.156029839012170157e+01 8.156029839006936299e+01 8.457088124004754093e+01 8.458347025234336058e+01 1.044323160446007392e+02 9.427367487390026213e+01 9.435823739764434492e+01 1.141634055711818547e+02 1.008759237443379959e+02 8.327780713874231822e+01 8.296535998394975309e+01 1.005695451213331069e+02 1.009175377748162106e+02 8.168285280145670413e+01 1.009175377748162106e+02 9.681012110237064405e+01 7.806535640703806678e+01 9.681012110237064405e+01 9.648228609086045537e+01 7.930038623795523733e+01 8.197161172542772078e+01 1.025301746044140287e+02 1.037662331745525961e+02 8.694518462988915530e+01 8.958391104326815935e+01 8.413383316365637654e+01 1.010076207668378032e+02 1.123882540903259155e+02 9.422283185400502248e+01 1.123882540903259155e+02
1.051110309360019244e+02 1.066622183555474237e+02 9.133585259096450670e+01 7.087924773891926122e+01 7.551516492222744148e+01 9.583368791994060132e+01 9.981974441048852498e+01 8.738656965065105453e+01 6.636401872597848239e+01 6.957352137223287514e+01 9.035897480322110198e+01 1.001405370750701564e+02 7.988229545835505974e+01 9.561604511493355574e+01 1.038076559657493618e+02 9.137050109790867225e+01 7.081713805907634196e+01 7.050255080402506280e+01 9.030021132950366791e+01 8.158983283142836740e+01 7.088720366460921696e+01 9.229246199824754626e+01 8.837685545198799275e+01 6.744214812327254549e+01 8.837685545198799275e+01 8.799307538123285610e+01 6.733941228651609379e+01 8.146181364072613462e+01 1.020354792858188091e+02 9.548393489406765866e+01 7.479818727636775577e+01 7.479818727636775577e+01 7.189891302976613474e+01 8.849591475337045665e+01 9.404997166804605513e+01 8.392748840848358327e+01 1.041724549276085412e+02
9.606496246880259093e+01 8.777190204834076326e+01 7.817110778981252395e+01 6.353363542284782284e+01 8.410064759404127699e+01 9.775380116856509005e+01 9.175396515835852540e+01 7.111230060985367629e+01 5.836691462797479346e+01 7.995397545412059515e+01 9.147417202135112291e+01 9.298630313228709099e+01 7.242943489998937423e+01 7.514861557078469900e+01 9.211332764655178096e+01 8.265790752016842191e+01 6.129174757872909396e+01 6.098071196541292949e+01 7.287355592700257034e+01 6.023940195525504038e+01 8.158983280462162213e+01 9.551625118182994356e+01 8.139861967574952928e+01 6.042496434553804363e+01 8.139861967574952928e+01 8.146181364072613462e+01 6.079377939350173676e+01 7.542789320427962707e+01 9.602898619267546110e+01 9.757809601861254123e+01 8.354081950772746268e+01 6.250293223496727535e+01 6.236212447865239028e+01 6.749373142146001214e+01 7.326859359406901717e+01 8.815317175207727018e+01 1.082861059997785276e+02
8.777190204834076326e+01 6.733494055923861765e+01 7.331795620037405570e+01 5.870033976438465828e+01 6.902429480325210420e+01 8.948442625107284698e+01 8.978294634310366007e+01 6.891379470799675744e+01 5.349191532221539802e+01 7.457113839112372489e+01 7.077197958866011618e+01 9.147417202644705014e+01 8.380036589570748617e+01 6.299535757060346697e+01 7.644870612262540988e+01 7.510382861754834494e+01 5.392330160366045533e+01 5.247827014748877872e+01 5.175249757701081421e+01 6.661879269400303372e+01 8.785842055665935391e+01 8.721116579983619488e+01 6.650954125608167544e+01 5.446160106636535403e+01 6.819206272414155023e+01 6.960094353545129309e+01 5.566293816883018764e+01 7.025395264818396868e+01 9.087871315958544471e+01 8.924556952525658460e+01 6.837719893936143478e+01 5.631801340967844283e+01 7.719777585860921931e+01 8.849591475337045665e+01 9.404997161196925504e+01 1.023258507676027875e+02 9.641508583661310183e+01
8.985274070749824205e+01 7.332078799254827572e+01 5.282340277173470611e+01 7.331784725530650348e+01 8.757805666738710215e+01 9.775644624732248644e+01 8.551898354713529216e+01 6.446139627543510642e+01 4.914050402743500001e+01 5.313410851553613412e+01 6.498429079249007145e+01 8.591623565588169242e+01 7.814595679811995410e+01 6.969218063769918103e+01 5.561588003640645184e+01 7.644858957718435022e+01 6.563157086647242977e+01 4.462015796243621679e+01 6.563160933447720424e+01 8.162240354003726850e+01 8.215608490373541883e+01 9.074148275654610529e+01 8.387323547156397296e+01 6.819206181914334763e+01 4.738687932551843573e+01 4.899078627959325161e+01 6.954657913066984065e+01 8.167398775625984797e+01 8.895009755297675724e+01 8.711390144732840213e+01 7.385431914074436577e+01 5.313960821320053896e+01 7.385431905098923266e+01 8.647988636025823439e+01 9.680326770274371029e+01 1.039742769321456706e+02 8.802938951950589797e+01
8.152702698368838696e+01 6.103720688581245923e+01 4.923317651877881218e+01 6.969722383453269288e+01 7.616448334697626876e+01 8.451769187742111455e+01 9.136828556766423048e+01 7.062902079188860682e+01 6.498429079249007145e+01 4.352932462726342067e+01 6.498429079249007145e+01 8.227725666018808681e+01 6.969301373171185787e+01 4.887509572547291725e+01 6.368486411966070904e+01 7.217431358576510547e+01 6.217791360864897854e+01 4.106627682786279365e+01 6.200458825128416152e+01 7.836810365823275504e+01 6.162925790009434479e+01 7.858287068553985932e+01 7.830155920268514080e+01 5.743364837430340941e+01 4.261087611906464190e+01 5.923116893662919580e+01 5.238815719707962160e+01 6.725193476498523637e+01 6.971629783933640567e+01 6.653176310683598160e+01 6.655554136879642613e+01 4.994171312193940082e+01 5.717954967600633864e+01 6.760438912069427886e+01 8.845473942700803605e+01 9.592227844843246487e+01 7.528439250080467104e+01
8.134754944630005014e+01 6.633295517965389365e+01 4.589206902836628643e+01 6.170400697384110345e+01 5.571428154171275082e+01 7.616448334697626876e+01 8.975747535538812372e+01 6.902681010775381765e+01 6.154808054132443118e+01 4.003379340659507335e+01 5.251668979624393074e+01 7.388518973060811845e+01 7.814831354613883718e+01 6.368514474718384122e+01 4.276771409182805428e+01 6.368530769222060428e+01 5.884149785111753772e+01 3.754730081373421058e+01 5.884149785111753772e+01 6.222092398132893720e+01 5.099359058689987023e+01 6.994020463790413089e+01 7.054255072329601717e+01 7.152103832666615801e+01 5.891322266537535768e+01 3.845360876695474417e+01 3.734363373838100841e+01 5.849971474346001088e+01 5.538686856244576973e+01 6.258937570123737260e+01 4.540532682828086308e+01 6.655554120023597875e+01 7.802956394990069100e+01 8.647989282331744221e+01 9.680322806949784820e+01 8.797958623720262494e+01 7.618226402519756846e+01
6.082214649789808192e+01 5.358977942992270727e+01 4.715670963847372121e+01 4.129918069318011220e+01 5.788183078333928933e+01 6.629906829711511307e+01 7.704396193767929901e+01 6.902681010775381765e+01 4.758145292940140791e+01 3.669054815813777282e+01 5.206010466558603156e+01 7.337854583089183791e+01 7.427526463481466124e+01 5.980206132931435548e+01 3.869895110018995865e+01 5.980147671666698272e+01 5.292604078611662999e+01 3.410884215089320293e+01 5.301791321341285368e+01 4.109959385828840794e+01 5.551416423321512639e+01 5.597938443450205881e+01 4.952587920916263897e+01 5.623489038925244898e+01 5.677814626563803557e+01 3.641112268186318346e+01 5.755362078553552863e+01 3.826913053116639674e+01 5.836423219913476146e+01 4.126535222451441598e+01 6.259307735864283728e+01 7.506175463779290169e+01 8.895910692938588227e+01 9.728740096813153571e+01 9.430768281328869307e+01 7.949165005767926573e+01 5.978955123130945282e+01
8.134754944630005014e+01 7.409065333556581834e+01 6.760768187798630890e+01 5.788183078333865694e+01 3.752035744179343624e+01 4.824430560546783653e+01 6.264413377246319925e+01 7.056400218888443021e+01 5.527717563181681726e+01 3.357873203458903788e+01 5.527717556970061707e+01 6.791283056113562111e+01 5.351937534586016909e+01 5.599741692169045137e+01 3.477116076969733882e+01 5.093371811625315360e+01 3.022609797842652313e+01 3.077646784874171360e+01 3.133709773126894760e+01 4.438379661991672265e+01 5.274502030152285670e+01 3.359854992936093510e+01 3.422201696896126322e+01 3.485492834045637522e+01 3.549546908618678032e+01 5.003404674010231190e+01 6.341010452987626422e+01 4.430141760873537038e+01 3.919144160710259683e+01 3.985738846063144081e+01 6.078905905617602201e+01 7.018162926127156709e+01 6.825183249912147687e+01 8.173269880845384705e+01 7.636316821631939433e+01 6.542475658931702753e+01 5.783992513999805141e+01
7.636228447864837676e+01 6.781279632301931315e+01 7.653910440626917477e+01 6.629906829792398071e+01 5.422480041363168368e+01 3.389183671155669231e+01 5.073772432788901909e+01 5.062222192520217590e+01 5.175338995348252524e+01 3.058397413025079103e+01 4.874356726076604929e+01 4.866605231134190745e+01 3.845498281984279743e+01 4.947588811448443380e+01 4.915981825816293593e+01 2.944646406961959073e+01 4.465247195217848031e+01 4.469955799369200378e+01 5.209126168533597934e+01 3.214373868238649123e+01 3.273090479070711467e+01 3.571358830476813750e+01 5.538824945071993255e+01 5.623252295205663387e+01 4.618690399134175806e+01 6.323976593790812473e+01 5.336471846356361937e+01 6.636630328600710982e+01 5.467911679835533789e+01 5.993444170325688702e+01 4.079244701837620113e+01 5.125466883418739883e+01 6.314787479500898115e+01 5.959120665098236458e+01 5.723907595776512380e+01 6.409896406152265058e+01 4.527186659290168791e+01
5.441509068566671914e+01 4.654147642541422414e+01 5.828648833985538857e+01 6.564815498847501374e+01 6.264413377274884454e+01 5.073772432788901909e+01 3.036530418023594891e+01 5.011228130464880337e+01 4.927645761413636905e+01 4.719130942363276660e+01 2.646034419384044156e+01 2.700702830473023042e+01 2.755966253786483833e+01 2.811295370989670417e+01 2.866951604397301168e+01 5.005951782098210856e+01 5.395857520463382428e+01 5.662131001699165012e+01 3.696213799750002948e+01 5.580360372280556902e+01 5.369210761463540393e+01 5.634361413474965730e+01 3.996867545519373266e+01 6.042429428045628015e+01 6.488983960368014436e+01 7.345903053096222379e+01 6.059878517599851477e+01 8.125392859913505106e+01 7.784908127077279971e+01 6.865885789872334044e+01 5.036694585855052964e+01 4.172012172602381952e+01 4.238807587474492777e+01 4.304947351591805216e+01 4.370527481007236048e+01 4.435621246838050524e+01 5.894621967160906451e+01
6.626008842141574462e+01 4.825603259732016426e+01 3.790922791688374360e+01 4.516787503648991020e+01 5.026246396512230774e+01 4.641282105095409349e+01 2.791481116088227665e+01 4.400034426987070901e+01 4.536400038478204522e+01 2.571765567391897278e+01 4.423323895890867163e+01 4.793540532558859013e+01 4.221602636230897332e+01 4.964225482778216758e+01 3.005757951857661681e+01 5.098596666661973131e+01 6.277915034036909248e+01 6.707715865712778225e+01 5.881867081039242606e+01 4.200345235157136159e+01 6.326670256767122424e+01 6.852745767372540797e+01 6.046534775638825465e+01 4.422404335223409078e+01 5.856402655863124807e+01 7.855731124159844114e+01 7.093820609331829985e+01 8.958332649447459062e+01 8.566413798713767846e+01 6.553781619686634485e+01 6.499450592316061659e+01 4.439692027958300713e+01 6.314855526128035734e+01 6.377679786112380356e+01 6.439942724607711000e+01 5.061286515332707836e+01 7.010428718940038095e+01
7.873743663905801782e+01 6.692252050815478981e+01 5.116805492419987189e+01 3.118096800469716001e+01 3.359872872608903549e+01 3.277199991994084627e+01 4.122904269852577386e+01 2.452736460678614705e+01 2.500916864656337069e+01 4.651679485054387442e+01 3.408095393226682290e+01 4.817966020701016561e+01 5.951122424944610856e+01 6.131675122152944368e+01 4.764622677688177532e+01 3.582841216600623824e+01 5.164665549822543511e+01 7.376843681310181466e+01 7.197016209612412752e+01 6.344625967217967144e+01 4.722495815336330338e+01 6.844873799164244588e+01 6.728387193030668811e+01 4.723709707036325511e+01 6.143180244963143366e+01 8.141201744311288735e+01 9.154092497184534238e+01 9.156190235645341602e+01 9.404067786521126493e+01 8.268951361912471043e+01 6.174841089509101266e+01 4.704758587254638513e+01 6.789531403237657514e+01 8.107256719375217813e+01 7.677096020982148161e+01 5.713808277079454001e+01 7.677514620796354450e+01
8.320343488586684089e+01 6.300522443943953732e+01 5.259080042467471117e+01 3.180951894364515908e+01 2.437413547491081189e+01 2.338112677221323921e+01 2.386199215057317602e+01 4.569666149444723402e+01 2.914365613037393032e+01 5.416418746055453681e+01 4.063909707205725397e+01 6.000965735251526922e+01 7.268748722453864275e+01 7.857279709580602400e+01 6.133324023550955673e+01 4.018734410993337036e+01 5.515855072175142482e+01 7.624025947298714811e+01 8.672194262207710835e+01 6.601579581719897760e+01 5.097694315269797727e+01 7.206537405412593955e+01 7.025866458371278611e+01 5.030409518496875165e+01 7.025866458371278611e+01 8.281121824985696378e+01 9.429861544410874785e+01 1.115040014978890213e+02 9.581580611521155788e+01 7.686071646414394820e+01 5.583131566602897067e+01 6.789531403237657514e+01 5.132908049764942149e+01 7.244785251615938648e+01 8.518226852681760874e+01 6.674803674643808904e+01 8.535706329671759818e+01
7.851811852869259667e+01 6.300486454449897167e+01 4.335578324670643013e+01 4.366222630737288313e+01 2.268602496584216510e+01 4.057978980595429164e+01 4.603504918358031972e+01 3.844358506242016205e+01 5.860548291689664779e+01 6.682128863784227235e+01 6.071945545731135496e+01 5.132369617990094923e+01 7.150890158050025036e+01 7.757598173808305830e+01 5.644633070044301348e+01 4.436598739481881637e+01 5.644633069954993232e+01 7.757596964628632463e+01 8.775516868993247499e+01 6.717565044383178474e+01 5.492310924655897253e+01 7.589583359191335887e+01 7.852441252340214817e+01 7.025866458371278611e+01 5.478813065630127710e+01 6.623613921115288861e+01 8.599419612231383780e+01 9.943843596227054604e+01 8.737343890926470635e+01 6.634799402322117601e+01 7.686071646414394820e+01 8.109884870923998790e+01 6.624465279417012198e+01 5.594069355051809112e+01 7.744312882265823816e+01 8.117025299711730213e+01 9.529844978331470884e+01
6.981699869097168687e+01 7.131875620672145999e+01 5.261389511478596859e+01 3.396504986624670863e+01 2.496329001531126579e+01 2.198709743619594548e+01 5.796382891859057196e+01 6.122438929063572033e+01 6.128089230946215338e+01 8.384541328217395062e+01 8.001253547817459832e+01 6.547477214816379387e+01 7.150890157431628325e+01 8.616579151925745350e+01 7.008450098799602301e+01 4.903087415736425925e+01 7.008450098799602301e+01 8.616520703603744380e+01 9.594342392898819583e+01 8.189980103537415346e+01 6.108704927829348463e+01 6.328444463728008884e+01 8.403478779940893162e+01 8.298372800332720090e+01 7.471459685959860053e+01 5.964986743640515954e+01 7.115634570553226013e+01 9.120679402207490227e+01 9.581580725674079702e+01 7.863039769206157814e+01 9.581580725674079702e+01 9.595304462430988224e+01 8.113473710049593990e+01 5.937454702443196908e+01 8.113473710049593990e+01 9.815174243749601146e+01 1.086654386549927267e+02
