LEM/sinusoidal_perturbations/elevation_000340.asc
nrows	100
cellsize	150.0
xllcorner	0
ncols	100
yllcorner	0
NODATA_value	-9999
[rows 34 to 50 of 100, columns 37 to 73 of 100]
7.651895759392196794e+01 5.597712695869245181e+01 7.651895759392196794e+01 9.116843555448492964e+01 9.981246493356246674e+01 9.226827339682346008e+01 1.065403877357449005e+02 1.035461647243047594e+02 8.354403962573567810e+01 6.957848698502915852e+01 6.144392168483157946e+01 7.626213783668987389e+01 7.626212295465805369e+01 7.857295037478617417e+01 6.455863735181230822e+01 5.109673998048821630e+01 5.625562832924538981e+01 7.556625506934071268e+01 7.442253715426437566e+01 5.758727489097157104e+01 6.065090098469436697e+01 7.987879276864038047e+01 9.411195422572644986e+01 9.197911324657056298e+01 7.205148647435684950e+01 6.019934302505166102e+01 8.009086674398962202e+01 9.064777021322517214e+01 1.040420363683589784e+02 1.029700034656439698e+02 1.112022224426945911e+02 1.103291585910452426e+02 1.079489382258288117e+02 1.020768606242626930e+02 1.221253877258285030e+02 1.254126356244968008e+02 1.252926827427168064e+02
6.379009416647930664e+01 5.032126282631554659e+01 6.212673677264723437e+01 8.269919061587872022e+01 7.925487419928781208e+01 7.771390207402056660e+01 9.823751985877079562e+01 1.093773485805181025e+02 8.939757191153651661e+01 8.534182155405000003e+01 6.557157490075175588e+01 8.534343777065151926e+01 9.616989966616262109e+01 9.236958051574126216e+01 7.876168987952169687e+01 6.013411195733168313e+01 5.194442800137000660e+01 6.891784280068932844e+01 5.366266476496674187e+01 5.923941752121666582e+01 7.443373009333460288e+01 7.673452766651068657e+01 7.639256677483787428e+01 7.698600686002464499e+01 6.047173554048249855e+01 5.857985909209462960e+01 7.848497924799777081e+01 8.544767139461706051e+01 8.090550434618307918e+01 9.302442649471633729e+01 9.970726822283977242e+01 1.085853028762389840e+02 1.163828470393343935e+02 1.221253877745545680e+02 1.303039837493397215e+02 1.277041249948141797e+02 1.153204048274406688e+02
4.338182724788013900e+01 4.659667791039635887e+01 6.706730522562747865e+01 7.558636766142690533e+01 6.470368483364698875e+01 8.527605312049914232e+01 1.021554406847024410e+02 1.105315876091904812e+02 9.944567826330903415e+01 7.950248866143037674e+01 8.534343777065151926e+01 7.250961179809809209e+01 9.236249026414125751e+01 9.265437310981835140e+01 7.374817417695129507e+01 7.203932433893056952e+01 5.461875256728956174e+01 5.279323615109453272e+01 6.897678403777567269e+01 5.454033376676291311e+01 5.516124698496220446e+01 5.578349469730530785e+01 5.642338219440026137e+01 5.706067454221188484e+01 5.769303627142792124e+01 7.760448446293386837e+01 5.953900994779917255e+01 6.021936091059748719e+01 6.090693411032876270e+01 8.293328546259493805e+01 7.721395746606401644e+01 9.970544951249061683e+01 9.663422734753241627e+01 1.105938671474736310e+02 1.219878029791286451e+02 1.185066966091644360e+02 9.962214574473823347e+01
6.000094123735728857e+01 6.706730522562747865e+01 5.139161169753367631e+01 5.505658589945090142e+01 5.973985990658381695e+01 8.030413619843933759e+01 8.155599715051151577e+01 1.021554406847024410e+02 1.077153052788731884e+02 9.944576509923328445e+01 9.768916661420978187e+01 7.775856870434868995e+01 9.768916661323980577e+01 1.006836429044449943e+02 9.265437310673998184e+01 9.033145248206594147e+01 8.201947655313522034e+01 7.345059795017492377e+01 5.641681513443940332e+01 7.584667119401304092e+01 7.398261467653549062e+01 5.840294694691589683e+01 7.617711381466092746e+01 7.698158431088685916e+01 7.105652724028330169e+01 8.466489632383607500e+01 7.192910728082912897e+01 6.464326213645233565e+01 7.589295351164876990e+01 6.188815025056965169e+01 8.380232347138881721e+01 9.196265725524199297e+01 8.285953570928867862e+01 9.407847402955982830e+01 1.138067641326925639e+02 1.045386780251391770e+02 9.057013402533371504e+01
6.270975248001865765e+01 8.038669301133511169e+01 6.320423230498587230e+01 7.558636766142690533e+01 8.030413619843933759e+01 6.698349922135675172e+01 8.758943447300346463e+01 9.861080817061456116e+01 1.190474287231646997e+02 1.177444574224985132e+02 9.768916661421002345e+01 8.432136507149216698e+01 1.043730673855600770e+02 1.092312854363202774e+02 9.913397409760830215e+01 9.075274187484431820e+01 7.998078759761656897e+01 6.011390540228361345e+01 7.050844504374775568e+01 8.463066605384791785e+01 8.526940681217480744e+01 7.785599078756395386e+01 6.216699926696957590e+01 7.580680054864427575e+01 8.888755484028203568e+01 9.093269884090409505e+01 7.229336312358137207e+01 8.112681295940770099e+01 6.947332104722255508e+01 6.258707311880627344e+01 8.262713533016410850e+01 7.237257330407051370e+01 8.622151386565452924e+01 1.058230047692541831e+02 1.013561237391155601e+02 9.319429887951156388e+01 7.699287024291479042e+01
5.245615519872198007e+01 7.296334976131529970e+01 8.377883551937372886e+01 9.224083740380223162e+01 9.604379237253570523e+01 8.155599715051151577e+01 7.799170601657441182e+01 9.259520395618099542e+01 1.131337614509688336e+02 1.207875322326271572e+02 1.006840005945289818e+02 9.585424846423451584e+01 1.126430148507835725e+02 1.008337083438201773e+02 8.067177616069787405e+01 7.088094431829546238e+01 6.390122372097302872e+01 7.998078902296315107e+01 8.830838889919156998e+01 9.885088150233906390e+01 9.615605266015023744e+01 8.407533618627945771e+01 6.489542576587847122e+01 8.406755063733440636e+01 1.016230325080612573e+02 9.933129767529872822e+01 8.117566335240928765e+01 9.588096885355282950e+01 7.727827520189052279e+01 8.260481422327750067e+01 6.359087128367252717e+01 8.360935140516514252e+01 9.259602521218822346e+01 9.821673485276792803e+01 9.012056237859128771e+01 7.382829000101713746e+01 9.319429887951156388e+01
7.296334976131529970e+01 6.539802025247811912e+01 7.995113270028993213e+01 1.005399588620879712e+02 1.044213510381157448e+02 1.021554406846912855e+02 9.861080817061456116e+01 1.070126951677542877e+02 1.059872348979720300e+02 1.142449930584850932e+02 1.207875322326270009e+02 1.160099904423243942e+02 1.242255502971890309e+02 1.092312854372765401e+02 9.913397409760830215e+01 9.075274209933735392e+01 7.088094431829546238e+01 6.839524018814634587e+01 8.821347255414444533e+01 1.012835215599961032e+02 8.825963398436032037e+01 6.928848509755346186e+01 7.185762015038604034e+01 8.407534095533999619e+01 1.030440315790019241e+02 1.092963332134322201e+02 9.512291482966755041e+01 1.046510112357401994e+02 9.648931264867903224e+01 8.862570293980351721e+01 6.885840539736283006e+01 6.463275665262565894e+01 8.426427504948955516e+01 8.745726865403420902e+01 7.063314627065540208e+01 7.464128078520123211e+01 7.866591126692540570e+01
8.785941529850344978e+01 8.598146026640955597e+01 9.444000779439299720e+01 9.860230160287788692e+01 8.453651914680170876e+01 9.860230160288038803e+01 1.096011497952578253e+02 1.027425429707954834e+02 8.606985976669440674e+01 1.027425429709198141e+02 1.060505464141971999e+02 1.143020379411187406e+02 1.227215853232824259e+02 1.180006884957127653e+02 9.755622617285675346e+01 8.331908822081248900e+01 9.075274209933735392e+01 8.821425550034544472e+01 7.302055829931036612e+01 9.289857238543480378e+01 9.130900586259187435e+01 7.248368891824300420e+01 9.078038094105076539e+01 8.280187791193606017e+01 9.359469417283179382e+01 1.127630081110561520e+02 1.152070164898791944e+02 1.104131023323378002e+02 9.063891936102962177e+01 7.675618228529536680e+01 8.827246416317684918e+01 8.460251540159235617e+01 6.570220057455821916e+01 6.775725148843980605e+01 8.746121081758799676e+01 9.399034909744274557e+01 9.802752454540447502e+01
7.963145333929922742e+01 7.709120786121070523e+01 7.707256577849484813e+01 8.542473696631870439e+01 7.059663306640095470e+01 8.152191379072108646e+01 9.893341670658119824e+01 9.448793300431218256e+01 7.472168923457260803e+01 9.448793300431218256e+01 8.614476732418980021e+01 9.455793949816353461e+01 1.120775001751593720e+02 1.203288680262600394e+02 1.119284683121705370e+02 1.035442705495114240e+02 9.807112637829190760e+01 7.803292010279162128e+01 8.694941751092170534e+01 1.012880170637628652e+02 9.442291706010536245e+01 7.572037803816948554e+01 9.442291706010536245e+01 1.016961768976000684e+02 1.097520448396209503e+02 1.208989682798549836e+02 1.203327288463764404e+02 1.004934777259851160e+02 8.655702763707019187e+01 9.643063074712090099e+01 1.018018510230726292e+02 8.555715340217514608e+01 6.653132040811050274e+01 8.633744799513918622e+01 9.534967555938374062e+01 1.093395571829423432e+02 1.083308659876432927e+02
7.150683244632598701e+01 5.758048747797280242e+01 5.758020903522158562e+01 7.707246528517434569e+01 6.176092814117274798e+01 7.090262357978895125e+01 9.069913065001534846e+01 8.749951050020142418e+01 6.779470440248145735e+01 8.398508490281648164e+01 7.477793975019284289e+01 9.455793949815169697e+01 9.209043177916247203e+01 1.088005746933340276e+02 1.198274004848098855e+02 1.137677854171620027e+02 9.319120699302179389e+01 8.168609177711232405e+01 1.018878923250254331e+02 1.156266166165943901e+02 1.023359647757612123e+02 8.890068640390016697e+01 8.060259922120329179e+01 8.755404854973916429e+01 1.006962747635021316e+02 1.198877897286556049e+02 1.203327288462262885e+02 1.004934777259851160e+02 1.063042598454572953e+02 1.109156981014377408e+02 9.708853086027579593e+01 8.254725462126981483e+01 6.737031080985774167e+01 8.709977255256758610e+01 8.309379227467046292e+01 9.576446346193822023e+01 8.865273558261937126e+01
5.586941054676488250e+01 4.409269584297020828e+01 6.328902951330742610e+01 6.675309037355991393e+01 5.469440266771125181e+01 7.453535031286388346e+01 8.176167499300142083e+01 8.126830368812001382e+01 6.155041197769286754e+01 6.426459239727758188e+01 7.818151855165564257e+01 9.799613349792117845e+01 8.069252064500466304e+01 9.166281018527952540e+01 1.113990903973792967e+02 1.220949286556903814e+02 1.061428989417181725e+02 8.573004597674905369e+01 1.001069400778602017e+02 1.207149926927704087e+02 1.157712431476201971e+02 1.031940891179464472e+02 8.454947950259322909e+01 1.031940891178762314e+02 1.006962747635072049e+02 1.198877897831270332e+02 1.285388728020549536e+02 1.203327288462412525e+02 1.109282488147532177e+02 9.101285306006738551e+01 9.078119576739506158e+01 7.133461001537517632e+01 8.688606465079139696e+01 6.860681743822340195e+01 6.947319215245755686e+01 7.647605188043877433e+01 9.588532265299745916e+01
3.585941560070147460e+01 3.746484231882178761e+01 5.748875681293567652e+01 4.678331574085962785e+01 6.362936698042481254e+01 6.568103909286790554e+01 6.196407880654866318e+01 6.997617188685040901e+01 5.577701274688396182e+01 7.557623864468318686e+01 7.977664291558245679e+01 8.325395617477461485e+01 7.194229949894864262e+01 8.326164777833341191e+01 1.031390114542744669e+02 1.180210102477142016e+02 1.108742898458929176e+02 9.024267621323328115e+01 1.048439256699766560e+02 1.254328768254405588e+02 1.210635160372736721e+02 1.018679945209963904e+02 8.872926639626076906e+01 1.074902326047017311e+02 1.198877897845254381e+02 1.279475278824223921e+02 1.243075763199949648e+02 1.161211489533942682e+02 1.084320895007392238e+02 8.883200214020011742e+01 7.524392086935984025e+01 9.078119576739645424e+01 9.620266339986237369e+01 8.820579993382969519e+01 8.898598690291629509e+01 7.068081468135883938e+01 9.009436756905074617e+01
5.586976032235786249e+01 5.653919974277285831e+01 3.983769264612232064e+01 4.156948906851102521e+01 4.361205353627205028e+01 4.568381294990853547e+01 4.779662986271678449e+01 5.005445197834681181e+01 5.335060319861492673e+01 5.667633035383026652e+01 6.006904505343344880e+01 6.358330188770131741e+01 6.865723526265932719e+01 7.843022697608584792e+01 8.980141767922663121e+01 1.097650787266013594e+02 1.162399973809460221e+02 9.544864772929105357e+01 1.102471753118291815e+02 1.307079496970963532e+02 1.260114503067234750e+02 1.067259005802990970e+02 9.341511872583456011e+01 1.067259005802990970e+02 1.260114503067234750e+02 1.276111363512492574e+02 1.077098943998247336e+02 9.626689479802574567e+01 8.942643422739078574e+01 8.339804135934990370e+01 7.851104890917412149e+01 9.783973835252758988e+01 1.106204811520985629e+02 9.097059631228061960e+01 7.739183268644546843e+01 9.009367234677321790e+01 7.187921667317154117e+01
7.398381312072712035e+01 5.406949403518414243e+01 5.145299140997160237e+01 6.159691672859560185e+01 4.795595119878902324e+01 6.568103909286790554e+01 5.494593755509668398e+01 6.997612536786265025e+01 5.741837218661749631e+01 7.644545087884711165e+01 7.977664291558245679e+01 7.338347575625594743e+01 8.833464031148722029e+01 7.786819960757756576e+01 8.923299085776291406e+01 1.091920290261158044e+02 1.231574591352397476e+02 1.023853066097062054e+02 1.162394037157161080e+02 1.364714718039662955e+02 1.282513327449528902e+02 1.072733959849978191e+02 1.062496184908068244e+02 1.067246590709565055e+02 1.259749942492711341e+02 1.357582830108300982e+02 1.243075763241545246e+02 1.161211489533942682e+02 1.091016100790636045e+02 1.012177576272514870e+02 8.181163440405046572e+01 1.012177576272514870e+02 1.043846051583135761e+02 8.485869307154109720e+01 9.672591433233223768e+01 9.919821510227966144e+01 8.298050172399589997e+01
8.229160462525376829e+01 7.405807582783168641e+01 6.555551159849814269e+01 7.246378843167332207e+01 5.259455360717285544e+01 7.246378845961869786e+01 6.249449428296166786e+01 8.223198574117667192e+01 7.719905658569317097e+01 6.521284855280850934e+01 8.493454065109584405e+01 8.729149174214133211e+01 1.013755190418424519e+02 8.923299085776291406e+01 9.766867296685173017e+01 1.174493209896427572e+02 1.231574448568410389e+02 1.172577885766448560e+02 1.194652474809886229e+02 1.393957543559700696e+02 1.361495159603540230e+02 1.265882771763031229e+02 1.240613935761165720e+02 1.259377757072521291e+02 1.338821700373293311e+02 1.464392098645935221e+02 1.346979285826320165e+02 1.262217566202999137e+02 1.184860699397870292e+02 1.047851106146473654e+02 8.524495577101446031e+01 1.047851106146473654e+02 1.103300599310570931e+02 9.061121127114255103e+01 1.103300599310570931e+02 1.021447613115766160e+02 9.857182977018625536e+01
7.088742271189889266e+01 9.069888333145833315e+01 8.537430971396963741e+01 7.740995370223235739e+01 5.762519696552634230e+01 7.740995458451611455e+01 7.235054568016413157e+01 9.045163676752017068e+01 9.191684629274672602e+01 7.216790362263333236e+01 8.129354757564239264e+01 1.011351019938719134e+02 1.154595463421872239e+02 1.091920290261160886e+02 1.174493209915794694e+02 1.258747868548081357e+02 1.430779932698073083e+02 1.374485501236794107e+02 1.393832637734932121e+02 1.305186140192344340e+02 1.214191183885680942e+02 1.298307642901940540e+02 1.248937636702130476e+02 1.163333307279971223e+02 1.251712785911619505e+02 1.380062383282505039e+02 1.176600487383718843e+02 1.060093635764785915e+02 9.848587056184160815e+01 9.198718996247498580e+01 9.097452221202027545e+01 1.107464256331980579e+02 1.173587758647223325e+02 9.747855706973057011e+01 1.173587758647223325e+02 1.213095906048156820e+02 1.109515028783651189e+02
7.088742271189889266e+01 9.069888333126948510e+01 9.357099152758519267e+01 7.377784441517988512e+01 6.391954391330327212e+01 8.364886831746372309e+01 9.211351975679603754e+01 9.211351975679602333e+01 1.001638678679024395e+02 8.198421577712950636e+01 1.001638678680012617e+02 1.093814141168753622e+02 1.092612469003673397e+02 1.066676608227178207e+02 1.149604163822784813e+02 1.265049331660105025e+02 1.291759187434940088e+02 1.374439123431216956e+02 1.322572460910772918e+02 1.194545658631481757e+02 1.002733674502453169e+02 1.190823519293140009e+02 1.145704400644201399e+02 9.588733386699331618e+01 1.145704400644201399e+02 1.241495386742670348e+02 1.342805152860972555e+02 1.238598725292811196e+02 1.044467691991135894e+02 1.117837436726564135e+02 9.745284949451715306e+01 1.173929354215311207e+02 1.255370582926207703e+02 1.089542414640868486e+02 1.255370582926207703e+02 1.249123892926063490e+02 1.051228758095789431e+02
