LEM/sinusoidal_perturbations/elevation_000954.asc
nrows	100
cellsize	150.0
xllcorner	0
ncols	100
yllcorner	0
NODATA_value	-9999
[rows 68 to 84 of 100, columns 0 to 36 of 100]
5.009162696260268353e-03 6.904041403865115889e+00 1.404507340428739681e+01 3.267251749244056214e+01 3.465478813716377005e+01 2.698583463450814790e+01 2.034381681923846585e+01 3.863030415556119035e+00 1.969321046496401451e+01 3.379434799016296509e+00 3.712132691065853862e+00 2.399882647144715264e+01 3.422756041382401548e+01 3.488807994373684807e+01 2.902007882738104882e+01 4.929743997499031138e+01 5.770136980719107811e+01 4.462863829026848350e+01 3.272232350304847159e+01 1.296046685814039101e+01 3.287843244661198128e+01 3.057870268911536726e+01 4.910148625845655346e+01 5.381343199587523429e+01 3.323882485667825648e+01 4.446724410841279962e+01 5.969735051353264055e+01 5.170728690645896819e+01 7.061198034106817545e+01 6.110237562797524902e+01 6.311965084055849218e+01 7.128724963592593156e+01 8.419661668234623164e+01 9.184787767357474308e+01 9.371706517334838793e+01 7.956675518449107187e+01 8.542531548913764539e+01
4.695337527364121070e-03 2.000149461668534556e+01 3.277215699263378923e+01 2.623318497376090974e+01 4.326441382050125384e+01 4.177460056576498459e+01 2.717125124206079434e+01 6.295458536668929739e+00 2.717874387355534793e+01 2.682603143123704115e+01 2.400318511152001832e+01 1.080227880108702010e+01 1.692265006753098078e+01 3.735831320540700773e+01 4.929743438407290057e+01 5.760085629932247286e+01 4.906971599708199960e+01 2.960556205320881062e+01 2.187446711926062903e+01 2.415627062200046282e+01 1.345450967542509879e+01 3.771735837460560958e+01 4.887179931110176767e+01 5.822837560179591776e+01 4.240452728098691892e+01 6.171294913099522716e+01 7.017697721475583705e+01 6.276788273313889732e+01 7.822872850634652764e+01 7.955178839041916206e+01 8.157398082036922915e+01 8.932168673641562862e+01 9.744066874382937726e+01 9.786955432816576206e+01 7.783368846245134876e+01 6.533975833016897639e+01 8.542531548913763118e+01
7.614146464036155443e-03 1.414995674928759328e+01 3.415894805412032298e+01 4.276179129174932569e+01 4.321585078373144739e+01 3.903969940541595207e+01 1.926977351525034265e+01 9.457410974330308306e+00 3.022772500757159975e+01 4.272339291109116033e+01 3.965423505875464372e+01 2.258571113365694316e+01 3.735832809912641750e+01 2.721590312346317475e+01 4.187406719705315084e+01 6.262516724486342667e+01 5.770136899665526187e+01 4.327785244153584188e+01 3.278449512183217962e+01 1.970065574893697757e+01 1.380421789069203520e+01 3.476849432097222348e+01 5.007649092874555663e+01 5.925010834750929689e+01 5.732320608355902181e+01 6.076188314610928387e+01 8.110833674233046509e+01 8.132721700888758676e+01 8.889513428823305219e+01 9.320552549272679244e+01 9.216820198364158045e+01 8.389150374227979512e+01 9.216820198364158045e+01 9.200894371064154598e+01 7.196210548855050604e+01 5.766703837185882975e+01 6.960068803858401054e+01
2.352828262072654761e-03 2.000235281723953662e+01 3.705755018339447560e+01 4.833648392047163611e+01 5.533429185839420938e+01 4.650333149289429002e+01 2.691704143722830267e+01 2.873045780642286218e+01 1.385158383254383274e+01 3.422163379401987982e+01 4.746134724355603396e+01 4.298616374366056192e+01 5.143002301929226405e+01 4.190606029678522049e+01 4.497566728706638628e+01 6.664283224742280254e+01 6.118063879608311595e+01 4.512261944504649591e+01 2.809762683272391470e+01 3.366202955906253891e+01 1.415585196104568411e+01 2.423597710446304276e+01 3.932395842616102044e+01 5.573192548912828670e+01 6.671557618114502475e+01 7.501998391093370344e+01 8.599319556016673971e+01 8.701561536676796038e+01 7.872193516383916290e+01 7.309548053395398881e+01 7.309548053395398881e+01 6.369399014144150328e+01 7.802181024320086067e+01 9.806217243965095065e+01 8.122550107081974602e+01 6.109073427049861493e+01 4.935024437763279792e+01
6.786455232800275850e-03 7.845693734349734605e+00 1.775219124439469454e+01 3.278492089610348614e+01 5.741024546620189284e+01 6.007228476962324493e+01 4.959328556322341086e+01 4.010019612621514540e+01 1.973610320587258116e+01 1.861074316243155380e+01 3.894841946843096991e+01 5.017902618676861692e+01 5.808377279227423884e+01 6.303139194549889623e+01 6.721746188702145730e+01 6.289230801636197299e+01 4.632377274757615027e+01 3.712530799891124644e+01 4.340536404157405315e+01 3.509587357099239568e+01 1.451008485021672811e+01 2.175839955926638325e+01 2.965538454397928092e+01 4.024731973771132942e+01 6.067317870976880556e+01 6.702703269490089610e+01 7.623158083849430966e+01 7.535283646908438016e+01 5.844775808454376431e+01 6.511176977223880158e+01 5.274093003373995714e+01 7.309548053395398881e+01 9.216820178774275973e+01 9.302135494400559423e+01 8.952290738975653994e+01 7.791552131962701822e+01 6.109073427049861493e+01
3.257643153035955173e-03 2.000325764315267918e+01 3.180563640055571994e+01 3.847233370702004862e+01 4.675750297377166476e+01 5.675661569553594177e+01 6.071251596857683808e+01 4.010027880907104247e+01 2.683064313395049538e+01 3.894842331557007498e+01 2.354114880179339053e+01 2.959047121522905854e+01 5.017902693276452908e+01 6.970139856974881809e+01 7.996906436313017252e+01 7.040979614605168990e+01 6.118063879919738213e+01 5.374292837341418760e+01 5.209762118545752685e+01 3.023886949485352815e+01 1.486789357294777503e+01 3.378163791758339585e+01 4.630476106456492857e+01 5.700106267341347177e+01 6.232250908855876759e+01 4.498325406471976606e+01 6.232267266032366138e+01 6.626244036891981182e+01 4.660660778586019859e+01 4.468267216328209201e+01 6.511176977223880158e+01 8.140604254943040985e+01 8.134670453310965854e+01 7.456217020867359224e+01 8.769849071548792097e+01 8.952290738970765460e+01 8.122550107081974602e+01
1.880098487986705483e-03 5.775382790384268716e+00 1.180560968193959503e+01 1.847227634860668033e+01 2.847227635597446493e+01 4.847247918779935816e+01 6.199352928248479344e+01 4.129425784265234256e+01 3.860425748681544178e+01 4.846275432743030365e+01 2.790830545905857818e+01 4.846275432743033207e+01 4.053138826921021121e+01 5.092434833731851285e+01 7.159042957693178266e+01 7.420400666211105545e+01 6.258519498880029630e+01 5.362220919329275404e+01 4.508785454742804433e+01 3.532031642187973119e+01 1.522912431454345317e+01 2.688500431029899218e+01 3.985692192043348570e+01 4.884240076711920864e+01 5.351880910020645388e+01 3.297850906030235763e+01 4.880553029600576309e+01 5.234023472749693440e+01 3.750156177580340966e+01 4.927564250322428308e+01 6.965505016046026299e+01 7.578956573072098024e+01 6.249419742854350091e+01 6.106976650247423066e+01 7.996872360747286734e+01 8.930249172100300825e+01 7.897614573063896160e+01
2.900726248362994839e-03 1.000290072624827609e+01 3.000290072624791904e+01 3.847233370826842247e+01 4.675750297377208398e+01 5.675949462419744407e+01 7.045595220107928469e+01 6.199218055679742889e+01 5.326344399282397291e+01 5.697920794271101386e+01 4.239569017986379862e+01 3.530528647616260685e+01 5.602983260625771322e+01 6.969714471532738287e+01 7.996906436313017252e+01 6.589182188319901456e+01 4.574376774206027818e+01 3.424533531698105548e+01 2.522593064804121710e+01 1.780785773742342215e+01 1.559347646823555600e+01 3.566954134100571849e+01 1.635972838401407614e+01 4.061675409200174869e+01 4.117475901684215955e+01 2.549193326524961378e+01 2.871800227497415037e+01 3.210083329701990351e+01 4.702402458493169490e+01 6.626254781390269954e+01 7.798177894006727229e+01 6.801596892752276347e+01 4.800271633865246912e+01 6.801596892751041423e+01 7.411098679268980050e+01 7.043249081844703596e+01 7.091508508653033971e+01
5.081304048347549951e-03 2.000508130404799090e+01 3.000290072624791904e+01 5.000290072624720494e+01 5.001616645512186210e+01 5.830545890710236279e+01 6.003769447225128175e+01 6.835031025104008506e+01 7.392172155853637605e+01 7.156272570555806567e+01 6.260618369600012301e+01 4.180817253617168205e+01 5.223763360615638618e+01 7.290318315980114505e+01 8.041901311491605497e+01 7.211761989835049746e+01 5.902336873195455524e+01 5.068051562792857112e+01 4.065380721148820697e+01 2.066973518306873459e+01 1.782498728126012466e+01 1.611760589084439133e+01 1.649130578591894292e+01 3.654060732401015343e+01 2.129512130039508833e+01 4.117475026491014489e+01 4.880521641784535092e+01 5.233980560033985796e+01 6.071588888442132514e+01 7.723681236822265816e+01 7.673882737793903175e+01 6.198174529259462417e+01 4.116644128999870134e+01 6.198174529259469523e+01 5.429290235982517032e+01 5.644746194422827301e+01 6.805981730001960273e+01
4.469920835086939326e-03 2.000446992083473319e+01 2.951473570526142254e+01 3.368514541053533407e+01 3.001483218617643445e+01 4.370039449896904671e+01 4.002977995594086025e+01 5.866158990396809969e+01 6.761671833122754549e+01 7.940447056840227447e+01 5.882994786010180377e+01 5.225595284798879447e+01 7.098326540368752546e+01 8.129413048628636318e+01 7.211761989835049746e+01 5.190966321242793668e+01 5.068051562792857112e+01 3.062098220845234664e+01 2.633055984458964716e+01 4.065380721148820697e+01 4.050032348727111042e+01 3.619171298648545587e+01 3.653076753896775131e+01 1.702707497766038358e+01 3.567130697142937379e+01 4.317233145060745869e+01 5.017607114664700418e+01 5.751570682894921305e+01 6.932284066297138736e+01 7.150223292684401599e+01 5.762052028877587162e+01 5.631515846935374014e+01 3.505760108794693508e+01 4.883571228758979288e+01 3.909745904198581457e+01 6.001938206567984224e+01 4.824164339580902094e+01
2.324776005098761877e-03 2.000232477600474468e+01 9.514555768518400569e+00 1.368484404966059387e+01 1.853555655039280836e+01 2.369953434539102233e+01 3.036620101667690719e+01 3.931047388488757122e+01 5.345299720836631963e+01 7.347011130151130942e+01 7.940446427990111999e+01 6.697586772023589674e+01 8.132659416251532036e+01 8.221443899560065915e+01 6.205678885340920203e+01 4.770696175394261473e+01 3.761203066502443448e+01 5.068051562792857112e+01 4.039716813868444945e+01 5.463974523569962827e+01 5.636422108520906704e+01 4.237316655566981893e+01 2.249222693174181842e+01 3.670619694907101405e+01 1.757804646238380997e+01 2.062307932537701305e+01 3.016137974325738824e+01 4.407135520853637445e+01 5.670416250967844718e+01 5.612625710799297707e+01 5.597781560577629278e+01 3.593098097869286534e+01 4.289322673936169394e+01 2.732969806873486007e+01 4.808770569870959832e+01 5.826832108643800012e+01 4.824619039980721169e+01
8.699724428260374037e-03 3.857701519025773518e+00 2.385775788334613168e+01 3.368514541053533407e+01 3.853607911357160276e+01 4.370039449896904671e+01 5.036770689751379848e+01 5.866158990396809969e+01 6.761671833122754549e+01 6.763233737753333230e+01 7.591972151770748667e+01 8.738679943972447006e+01 8.513486137845973190e+01 7.682426256134783671e+01 7.627952001450911723e+01 6.548645371541951477e+01 4.522508628768305528e+01 6.548645371541951477e+01 6.056102855576008182e+01 6.273613669001240112e+01 4.802801629492017810e+01 2.803510330884566670e+01 4.237316655566981893e+01 4.557511527322150613e+01 3.737219598655669728e+01 1.813800570747925534e+01 3.787327466316452274e+01 4.629091162702214035e+01 3.641303180698392339e+01 4.462347952662360484e+01 4.116474071620450559e+01 2.146460040741353481e+01 2.184965301748838939e+01 4.136098028370013679e+01 4.222488806730141420e+01 3.713526304755373530e+01 4.301680391063226239e+01
2.249585233037712084e-03 2.000224958523038410e+01 3.050947655990806595e+01 3.653970345146514376e+01 4.361077126333132270e+01 5.189504251516080302e+01 6.344204790196775434e+01 6.851348387047214317e+01 6.022703891474740345e+01 4.763107362553400037e+01 6.022712509774012091e+01 6.851482400526037964e+01 7.356585888602738521e+01 5.681539324793459400e+01 7.356585888602785417e+01 7.380061182236427442e+01 5.958577166412651849e+01 7.380061182236427442e+01 7.011178659937006330e+01 5.440460369502655880e+01 3.424006381155897571e+01 4.802801629492017810e+01 5.636422108521140473e+01 4.655059214056727512e+01 2.257611666745403411e+01 1.853757051294747882e+01 3.453225956924598705e+01 3.118400677807757049e+01 3.937928015160289874e+01 2.050142292835514723e+01 2.090757157607461636e+01 2.521274037508916521e+01 3.134660997167980412e+01 2.238021220296313984e+01 2.274806436295168055e+01 2.311000280332143575e+01 2.348043028110171448e+01
2.739267172789772273e-04 5.164251721660523486e+00 1.050947655990905716e+01 1.653970345146443677e+01 2.361077126333003662e+01 3.515777664712295802e+01 5.515777664712585704e+01 6.022703891474740345e+01 4.022615031310562017e+01 3.608395412474410335e+01 4.022615057090266788e+01 6.022709916611061232e+01 5.457842585158817172e+01 4.526809035284525606e+01 6.527075607537297230e+01 8.103605617068637912e+01 7.973196035090251144e+01 7.912394002863167941e+01 6.180049221851655972e+01 4.154601733297129584e+01 5.440460369502655880e+01 6.273613669001240112e+01 5.737404257006225095e+01 4.360514010802720719e+01 2.320172444228036923e+01 2.223753846848532945e+01 1.910982961750736209e+01 1.951433728214183816e+01 1.991679479864976798e+01 2.119873577549627441e+01 3.752652819379212445e+01 4.127406024339489932e+01 4.448545386106669497e+01 4.187149016607699537e+01 3.967822066731002195e+01 3.148778700044807266e+01 2.442046843175888782e+01
8.327778614586212741e-03 2.000832777861423040e+01 3.050947655990962915e+01 3.653970345146514376e+01 4.361077126333132270e+01 5.189504251516080302e+01 6.150570274714021934e+01 5.322028946862162258e+01 4.608427495476976787e+01 2.608394087217336121e+01 4.394144574290258731e+01 4.727498649711132828e+01 3.457758149242845036e+01 4.274256706262274719e+01 5.274270454044041401e+01 7.274521655856257496e+01 8.244011225419893663e+01 6.235098358823201892e+01 5.062500856926819637e+01 6.180049221851655972e+01 7.011178659937006330e+01 6.329336788448142670e+01 4.878842761180814591e+01 2.805528205165565581e+01 4.360501148775913549e+01 3.862392123747513040e+01 4.138807301284226980e+01 3.111011528882896826e+01 3.958520795037377127e+01 3.088539243463787187e+01 2.290322957771720525e+01 4.188007923895676043e+01 5.132653258542303121e+01 5.969129565110048929e+01 5.661466118543486203e+01 5.005445986551392679e+01 4.360665022058556417e+01
6.510866554257996840e-03 1.000651086655434518e+01 2.414864649028554666e+01 4.414864649063463276e+01 5.623375678169880842e+01 5.044741074515450663e+01 4.499665329039697070e+01 3.321971283458989177e+01 3.688988703035158068e+01 2.073871601461100411e+01 2.394127909095272599e+01 2.727461242555936494e+01 4.141682869787177168e+01 6.141792350600791650e+01 7.103284577056524540e+01 8.103605617068637912e+01 9.069556826809315453e+01 7.912394002863167941e+01 6.235098358823201892e+01 7.912394002863167941e+01 6.954591960915493587e+01 4.860789716139163374e+01 3.369674131236646986e+01 3.989888454365473791e+01 5.737305747946997059e+01 6.056079945501345208e+01 6.273121940537578212e+01 5.403463253376094855e+01 5.462133632914429171e+01 4.395526637604329778e+01 2.515571274201793628e+01 2.485236437278254584e+01 3.189903374850210582e+01 4.298837853929205011e+01 6.308426181589125292e+01 6.838528463901005239e+01 5.048904513294844065e+01
8.953482861371391335e-03 2.000895348286101694e+01 3.829078203611140907e+01 3.858303352327371272e+01 3.637907091011322080e+01 3.055177418361907726e+01 2.499637401127661462e+01 3.329773431644822779e+01 1.688971421995387701e+01 3.688988703035170857e+01 4.394158858076033169e+01 4.727501373601981527e+01 3.434568150802937225e+01 4.848797588771415690e+01 6.848954667506838234e+01 7.823394623073872367e+01 8.823642935347875493e+01 9.069556826809315453e+01 8.244011225419893663e+01 7.645360261358328557e+01 5.573055360029824357e+01 4.062111759625962293e+01 4.585537351888071811e+01 6.093176927094146578e+01 6.943011824318378444e+01 7.691594473431322854e+01 6.868773276347603485e+01 5.925562639581016100e+01 4.725536120509413252e+01 2.838027127574055086e+01 4.426778287286899172e+01 2.625533127209499895e+01 4.538707046243667520e+01 5.979543876328026641e+01 7.158845865000100162e+01 5.991718935361153342e+01 3.991778969941141497e+01
