LEM/sinusoidal_perturbations/elevation_000092.asc
nrows	100
cellsize	150.0
xllcorner	0
ncols	100
yllcorner	0
NODATA_value	-9999
[rows 0 to 16 of 100, columns 37 to 73 of 100]
7.550877618303266559e+01 7.145403562758275484e+01 6.321195892106000258e+01 6.321195892094248592e+01 6.755631432313640516e+01 6.443454610232672053e+01 5.593452189371805616e+01 6.443454610232667790e+01 7.248435462051443778e+01 6.687239160376043401e+01 5.805200687497805490e+01 5.147099067684109031e+01 4.443229652243198302e+01 4.485455281174269260e+01 5.315493347308194672e+01 6.400585821700542510e+01 6.298742548290798027e+01 5.495551295652602164e+01 6.277580140055980706e+01 7.324560851509185966e+01 7.277750367921667873e+01 7.057485944153198432e+01 7.791184308605738806e+01 8.788611466235033731e+01 9.126462588654135288e+01 8.290507835230006606e+01 8.290507835229891498e+01 8.290507835229936973e+01 9.126462588363968109e+01 9.394970061042793930e+01 8.549106362292675954e+01 8.549106362292280892e+01 8.549106362292280892e+01 9.394970060158129854e+01 9.773760857662836088e+01 8.952509351589482378e+01 9.209445262964167966e+01
6.691619606038497636e+01 6.321195892101200542e+01 4.280010356118147996e+01 4.280010356118147996e+01 4.809954563403368155e+01 4.965912671564905168e+01 3.497030751734364884e+01 5.442314254725678779e+01 5.240343098287420531e+01 5.844482635132861503e+01 3.764634254154875492e+01 2.613411752035213809e+01 2.433442366189039774e+01 3.173158795348655659e+01 4.138598039276037355e+01 4.310931281354448430e+01 4.669223037449974356e+01 3.719799125444917820e+01 4.288331254340788234e+01 6.377736431243117465e+01 5.583907689514668249e+01 5.364469983896906058e+01 6.345423874459203972e+01 8.030180820426508603e+01 8.290507835229961131e+01 6.260862916379789311e+01 6.260862916379789311e+01 6.260862916379789311e+01 8.290507835229935552e+01 8.549106362292504002e+01 6.518901316571241011e+01 6.518901316571241011e+01 6.518901316571241011e+01 8.549106362292280892e+01 8.626311612906897608e+01 6.963095702268833520e+01 7.221733569716134582e+01
5.138374618529296356e+01 5.188534972437157222e+01 4.873943715636645635e+01 2.804122505256852804e+01 3.930549272619018808e+01 3.465472878679160829e+01 2.612820430534538829e+01 4.535965134840463264e+01 3.839252794378143108e+01 4.230284900072943799e+01 4.105152380301905879e+01 2.359722372831323867e+01 4.332375339127229807e+01 2.507526083628794922e+01 2.559949210033531131e+01 2.612436246831057929e+01 2.665132999053790996e+01 2.718096716296303583e+01 4.719301759140373065e+01 5.452051916577353552e+01 4.329057442894541907e+01 5.384856484416507527e+01 6.461416640156272706e+01 7.183690775574993381e+01 8.072607851983970306e+01 6.855332149709758482e+01 4.829413442939570444e+01 6.855332149710159229e+01 7.437727422358258877e+01 7.172129213041444018e+01 7.113534607263790122e+01 5.137500742611969429e+01 7.113534607057194137e+01 7.737939403808756822e+01 6.917012331216903931e+01 5.820733117585535865e+01 7.803920845624688241e+01
3.124233919867916853e+01 3.173742106162066889e+01 3.809347139477331723e+01 2.395483353464284093e+01 1.958341127934075132e+01 2.005317820672793161e+01 2.052190797206878514e+01 4.032306883111370865e+01 3.700071931788983193e+01 2.237117664258547123e+01 2.287386721513614418e+01 4.282578516814832170e+01 3.016198397861777281e+01 4.794600207428651117e+01 4.582026845292049444e+01 4.019100674181817112e+01 4.521069621407757921e+01 4.688854727905379605e+01 2.793545921316194125e+01 4.586265350706060673e+01 4.664992600531231659e+01 2.952904815933841931e+01 5.451336192817114323e+01 4.953519268108129836e+01 6.144826693914561133e+01 5.604242766656325614e+01 4.321112972913554273e+01 6.291466640771518826e+01 5.318182425475701791e+01 4.950167058772382234e+01 6.384620850771531764e+01 4.657084164054201381e+01 6.560562537635829017e+01 6.916822269129183098e+01 4.990540834192275810e+01 6.611345166078815794e+01 6.934972710931477025e+01
1.745621208227266052e+01 1.796872585600931416e+01 1.844398777800243039e+01 1.891741742785333003e+01 3.859101523514056709e+01 3.932813212349982024e+01 3.505049718415430249e+01 2.119144894345467733e+01 2.167250055786263729e+01 4.156527399558935798e+01 2.321359140845827440e+01 4.994830510770675858e+01 5.007907076469911800e+01 3.713676196671244156e+01 5.713937507297171692e+01 5.992610110642108623e+01 6.027511211268105740e+01 3.996008298794021130e+01 4.203264167274910790e+01 2.869207475821124476e+01 2.923081153465525261e+01 2.976943018244802275e+01 4.980419686336085761e+01 3.889199764808466142e+01 4.121028626309686160e+01 3.717934975122943797e+01 5.497667264072531879e+01 5.877036328735163551e+01 3.987890733013686173e+01 3.502349232826474434e+01 5.523120978366670641e+01 4.211916317582088709e+01 6.043802392392846912e+01 5.960886002829406038e+01 5.035238060822365469e+01 4.347810689054864497e+01 5.191932642975140766e+01
3.630880051797703345e+01 3.172698778960375066e+01 3.807560451336652818e+01 2.092242792211495583e+01 4.234908258267186909e+01 4.802134131847726906e+01 2.809333002967059656e+01 4.104842940183215205e+01 3.450147073135612175e+01 2.864104827716201740e+01 4.814590173942617923e+01 6.104469515557022419e+01 6.533346794712674921e+01 5.714222290836874407e+01 4.528858347884941082e+01 6.531961354461533631e+01 6.060740800618430768e+01 5.433897320543982090e+01 5.297976774172403225e+01 3.263121799807957046e+01 4.999440313299159300e+01 4.784474073407585593e+01 3.052918221335844962e+01 3.106643786274393904e+01 3.160367506438182517e+01 3.942191193790140602e+01 5.205180006160156125e+01 5.315370068659242264e+01 3.423697882830205685e+01 5.370720826205140952e+01 3.581321142329863250e+01 4.548833000506553503e+01 5.601560790071984286e+01 3.798139462927873922e+01 3.855273315479090002e+01 3.912506133134756681e+01 5.556275599894394901e+01
4.097233590167682848e+01 5.156807872211756205e+01 3.284280327869174698e+01 4.233962661198907540e+01 5.083374632155759798e+01 5.347227057049330057e+01 3.336685135364438537e+01 5.339251639123444448e+01 5.204884924187069117e+01 4.862586551829728165e+01 3.640927540923630801e+01 5.061390329913831465e+01 7.076751115769795319e+01 7.163713906092318950e+01 5.165936925315919126e+01 7.163713906092318950e+01 8.062692421910375629e+01 7.425203498513167233e+01 5.752337971498617719e+01 3.675614281419716889e+01 5.751343533172516231e+01 5.781849006173457894e+01 4.043975723082440510e+01 4.036550386977454963e+01 5.122308342599374953e+01 3.236787760267566227e+01 3.291128757919011605e+01 3.345522920663059807e+01 5.361799996386542944e+01 6.114923246913821231e+01 5.304973753485268873e+01 3.660993561868955481e+01 3.717398225460539862e+01 5.221267867228745985e+01 5.860094899478166752e+01 5.774629365323082197e+01 3.994537290847060973e+01
3.119430046729456762e+01 5.220737086661587512e+01 5.309404759613257596e+01 4.582862853478916065e+01 6.543566281266312501e+01 6.181885524533197440e+01 4.497294587186515002e+01 4.404935439606294523e+01 6.418410530560667837e+01 6.485953540952667140e+01 4.643673897963215325e+01 4.910846074936470984e+01 6.926465482068998369e+01 7.974742079003067374e+01 6.328974673900105330e+01 6.802824766383433541e+01 8.769486431508812530e+01 6.883590267120899853e+01 4.767754785553613317e+01 4.233404540170951691e+01 6.335298454998286388e+01 6.783275144864184369e+01 5.445967380489992848e+01 5.649820565135217976e+01 4.025713741220040021e+01 5.731729483965899163e+01 5.324005035376206507e+01 3.566242206319380870e+01 5.619820023248855279e+01 6.995176251666649136e+01 6.939301196988155596e+01 6.073843342792362421e+01 4.581290253105621701e+01 4.320316791851170990e+01 6.312727425225945410e+01 6.115360892555110439e+01 5.496671699450982373e+01
5.220758969400458938e+01 4.616412444760977252e+01 6.682654156703050319e+01 5.980387022445348322e+01 7.228971244630216120e+01 7.457353435968938982e+01 6.602985172639827738e+01 5.832593022027946006e+01 6.050994461369580080e+01 7.502006510709119880e+01 6.070935994974528427e+01 6.336821725326115029e+01 7.760242248926613229e+01 9.110153635584983078e+01 8.303988902802386463e+01 8.769486431508812530e+01 8.388182803899456985e+01 6.261385596872775494e+01 6.883590267120899853e+01 5.158339221727171520e+01 5.435357101040830230e+01 7.564641206420338904e+01 7.397658780286107572e+01 6.651602482879378897e+01 4.639995073464766762e+01 6.707719307474516768e+01 6.488266021859091381e+01 5.620016661186066642e+01 4.094184524644385448e+01 6.207282240932912742e+01 7.884069628339570102e+01 6.036126596878328598e+01 6.495453103927437155e+01 4.768788004834237881e+01 6.758308228735228340e+01 8.260659917389064333e+01 7.708982999289226257e+01
6.854869085353172409e+01 6.683438520731070298e+01 7.499524737147193321e+01 7.903201286006891735e+01 6.992407022869237210e+01 6.165670530480856115e+01 7.030388337173496893e+01 7.829546577400699903e+01 8.038410432597379440e+01 8.842836755464421117e+01 8.094424949721813789e+01 8.349991436566270409e+01 7.906001724010251053e+01 8.741877138364283439e+01 9.879372450495836233e+01 9.060870669251868037e+01 9.249292494837774825e+01 8.388182803899456985e+01 8.152712874036961921e+01 6.387326736603069577e+01 6.944863243506890171e+01 7.564641206420338904e+01 8.052961179750671761e+01 6.153316633502503663e+01 6.152393049800223679e+01 5.900686529606714714e+01 7.810520864315384415e+01 6.645121719294377272e+01 4.547323573224774407e+01 6.308201592573777106e+01 8.572064674261523010e+01 7.884095789096637930e+01 7.255918678837436175e+01 5.234652966324102152e+01 6.976454386512887140e+01 9.093317676166026331e+01 8.389908820810394730e+01
7.325994068134623660e+01 6.802377699482130424e+01 5.969209649974320797e+01 6.818723856752323798e+01 5.998329514920369121e+01 4.167424186713378020e+01 5.998332184197214190e+01 7.852883882981529950e+01 7.020891199099881419e+01 7.852887370713946780e+01 8.199069231676531899e+01 7.573623065775728946e+01 5.880255223831567690e+01 7.573624883802372665e+01 8.733402410318855402e+01 7.065929787644819271e+01 8.733402410318855402e+01 1.014145563037581468e+02 9.370649148662919004e+01 8.517108620226034077e+01 9.060917570145952027e+01 9.664811174230378299e+01 8.836848415855176597e+01 8.057797755707802878e+01 8.048935583333715726e+01 7.034248333436728728e+01 8.585542043923442179e+01 7.123943623597482144e+01 5.027407155558896790e+01 6.230532006170577830e+01 8.335388599529721887e+01 8.141392433841001264e+01 6.044099572267185039e+01 7.255918678862752813e+01 8.132941430574052788e+01 8.414520165978319710e+01 6.569725226238773530e+01
5.383775281723518447e+01 5.796484239618871470e+01 3.959442007181860390e+01 5.312924749580180617e+01 4.837562966067377346e+01 3.289796838167512050e+01 5.143497960286486403e+01 6.844987492455089750e+01 5.002162262528206327e+01 6.845000692630328842e+01 6.184013166334780465e+01 6.736436423545036689e+01 4.744134122707099266e+01 6.736436434194111200e+01 6.963846913978862574e+01 5.903063130903314715e+01 7.325342947526404203e+01 9.013195155137923109e+01 8.177121468003012694e+01 9.013199689058518516e+01 1.001245906677615665e+02 9.743978864023915776e+01 8.926984393677848573e+01 9.743978864023932829e+01 9.655776394405582153e+01 8.870928861755658090e+01 8.855665156217933998e+01 6.734748090464292147e+01 5.631048232207495374e+01 7.747263600890190105e+01 9.217963621772081240e+01 8.851060267508212576e+01 6.694885001761615229e+01 8.851060267508212576e+01 9.105716153235911747e+01 7.298609424372344279e+01 8.414520165978319710e+01
5.389292893358665282e+01 4.958824704238806902e+01 2.984341041750510470e+01 3.590330231544032102e+01 2.759932518309317473e+01 2.747004142046965924e+01 4.506900044614030065e+01 6.011365446752838437e+01 4.009528175123161020e+01 6.011526682210507033e+01 4.787856652419028336e+01 5.152360237220354122e+01 4.065333058588936410e+01 6.031919330482853780e+01 4.948801877051647580e+01 6.963846913978862574e+01 8.733402410318855402e+01 7.976344701494711842e+01 6.080536893828916334e+01 7.976344701494737421e+01 8.075128699032876511e+01 8.145958104952910617e+01 7.000864503319991172e+01 8.609515348668517731e+01 9.425052786460756238e+01 1.040374415682818068e+02 9.741306691392979644e+01 8.634195594955268405e+01 6.715898183210822481e+01 6.962036686979833178e+01 9.098450052837661417e+01 9.738839239284968130e+01 7.693239907085090579e+01 9.714815724371541705e+01 8.206212717746261376e+01 8.280358053054801815e+01 9.776452204488816733e+01
3.710550749817602423e+01 3.769350627533425069e+01 3.308283675701384396e+01 1.940492601660708871e+01 2.000200434944145655e+01 2.931928647922991260e+01 4.067796310549214667e+01 4.870062212525834866e+01 3.366230759756047775e+01 4.472024692976462745e+01 4.586830609225973632e+01 3.211228232117322534e+01 5.152360237220352701e+01 4.127349076922320847e+01 6.141308887412362338e+01 6.792131226464029226e+01 6.944732937256812022e+01 6.093664027270285288e+01 5.058498676738423683e+01 7.128829161073450393e+01 7.728449433572373550e+01 6.265842372311130504e+01 6.059189261196816290e+01 6.685460166572998730e+01 7.635586938125941003e+01 9.006113705264587566e+01 1.097724180541435999e+02 9.831796013872242668e+01 8.495909076500454660e+01 8.466722097692792204e+01 9.987000568804005241e+01 1.080280430659117172e+02 9.278242222374788639e+01 1.052511868628102718e+02 8.854628042936208487e+01 9.888882065192797199e+01 1.062029262011575810e+02
1.741837515417443427e+01 1.799128925632065901e+01 1.857025819148293522e+01 3.825177192520690284e+01 3.971692972740117966e+01 2.085842983031080067e+01 2.146665278200939397e+01 3.508673206178431769e+01 3.740247651934512163e+01 2.508199131958208383e+01 2.623435495477053081e+01 2.737903652129474352e+01 4.702766430027809008e+01 3.601877194368432100e+01 5.235218347250422255e+01 4.777281666755353484e+01 5.501249747121298839e+01 4.148136360570643433e+01 6.093663820890151328e+01 7.289295919293923021e+01 6.671554959637175841e+01 5.339864822790218568e+01 7.246395500620141661e+01 8.609515348668517731e+01 9.425052786460756238e+01 9.407370323309204707e+01 1.021425912347800846e+02 1.033729642056825924e+02 1.086589763866754765e+02 1.062357624987863147e+02 1.099587526782184028e+02 1.181362032962702386e+02 1.145251359568432719e+02 1.140299656820784122e+02 9.807600132312290953e+01 1.140299656820784122e+02 1.033106576479901690e+02
3.664916807131547216e+01 3.769338450541991392e+01 2.429139862846023945e+01 3.533583847261481026e+01 5.189097149501191097e+01 4.508866654458391565e+01 4.115715168600175389e+01 2.233024774068389107e+01 2.347016817646914077e+01 4.312636904616712741e+01 4.003906288690399151e+01 4.702766333538960453e+01 2.901766817847045488e+01 4.872450849273943874e+01 3.244673102947089660e+01 3.369241946066370019e+01 3.496183396050304282e+01 3.625474207364668189e+01 5.637419328491866111e+01 5.711566410177269404e+01 4.745897958968360797e+01 6.671554359430632530e+01 8.054230331830210332e+01 8.618016277150412918e+01 7.808766729499488690e+01 7.449488754028126891e+01 8.974228413021779716e+01 8.551379002515449201e+01 1.033729642056825924e+02 1.068321816850534418e+02 9.044711830739080938e+01 1.068321816850534418e+02 1.181362032962733792e+02 1.250365729646674708e+02 1.167959284596286125e+02 1.090536896608159481e+02 8.948796969479612073e+01
4.914404016464995095e+01 3.341545970339095817e+01 4.262850955162592470e+01 5.084895585186180256e+01 6.204244485554995947e+01 5.665709981741956369e+01 2.853138952651960736e+01 2.305401098899144685e+01 4.269599566015929071e+01 5.135291417666365277e+01 6.034208680898633048e+01 5.464125785410843861e+01 3.612542463506981250e+01 3.070268783839446414e+01 5.049794483349874241e+01 5.367417418865075973e+01 5.501249783765619839e+01 5.356030017087198303e+01 3.817844185187738759e+01 4.188085574460755822e+01 6.132765504453207228e+01 6.384982537280222203e+01 7.122056471537015909e+01 6.871334580038693218e+01 5.820909086134454213e+01 7.808766594409122774e+01 7.135492759205172320e+01 8.958507939254732833e+01 9.761779815899402024e+01 8.949911372037568924e+01 7.918903110687348601e+01 9.044711830739080938e+01 1.099587526782184028e+02 1.191777030991670046e+02 1.273853978960472801e+02 1.147602937039149253e+02 9.521863639404635649e+01
