LEM/sinusoidal_perturbations/elevation_000993.asc
nrows	100
cellsize	150.0
xllcorner	0
ncols	100
yllcorner	0
NODATA_value	-9999
[rows 51 to 67 of 100, columns 37 to 73 of 100]
7.551778634119025924e+01 9.231139745746074254e+01 1.038972753154338164e+02 9.897162281648199667e+01 7.816648818970114121e+01 8.426017103838614730e+01 7.123544600784657632e+01 9.217432243111051093e+01 1.069373803024752192e+02 9.892469080864698583e+01 8.248990812589428856e+01 6.159691437811061832e+01 8.248990812589428856e+01 9.277834934218972762e+01 1.012151164479647889e+02 1.007157168570692676e+02 8.043855200859978538e+01 6.614454350571008945e+01 8.139656287007561275e+01 7.282902672701330005e+01 9.309973794733298291e+01 1.107760934449429158e+02 9.059511254637682498e+01 8.695507700032223397e+01 7.432986679991134338e+01 5.401366589891650705e+01 5.143918188675233694e+01 5.844283408446075612e+01 7.297705223025067767e+01 8.235146061350829427e+01 9.621694746749275851e+01 9.439281424811446186e+01 1.114549974826415593e+02 1.223494854435361958e+02 1.195479819437417319e+02 9.901465485781973541e+01 1.195479819437417319e+02
6.401209293388616572e+01 7.551778634119025924e+01 9.557942316855796605e+01 1.073459179471241072e+02 9.897162281648199667e+01 9.877921567455796037e+01 7.789270932300689765e+01 9.217432243111052514e+01 1.126742765518853844e+02 1.015793050259632793e+02 8.076123514765950517e+01 6.590668499263531999e+01 8.685870664379929451e+01 1.032158862034218600e+02 1.135061279515155093e+02 1.019360216181210319e+02 8.162371982309079499e+01 6.993636623739278946e+01 9.020870870873274328e+01 8.453983837854659100e+01 1.014162646242493508e+02 1.037660010371570962e+02 9.208539369732173441e+01 7.859737436084465401e+01 5.835480862403617408e+01 7.432986679991134338e+01 7.559247039832727921e+01 6.479690121069334907e+01 6.422703662946699410e+01 6.810788787321961024e+01 7.816520837290187274e+01 8.427591814681451865e+01 9.566354893044993446e+01 1.145318289564890506e+02 1.278364681164348866e+02 1.136584145396365386e+02 1.278364681164348866e+02
7.400446233974059851e+01 8.550848002934667136e+01 9.130167378329822725e+01 9.962110311082507508e+01 1.112196024966337973e+02 1.071472629454763279e+02 9.009671157383058926e+01 9.278618844617336947e+01 1.132476632889951702e+02 1.015793050259632793e+02 8.076123514765950517e+01 8.685870664379929451e+01 7.381166515336887812e+01 8.440092908948393813e+01 1.051719070712123880e+02 1.102168950205516609e+02 9.444827738516895010e+01 7.411602028229079053e+01 9.444827738516835325e+01 1.047929006613032641e+02 1.130592763577788844e+02 9.544586431800638593e+01 7.515447316875912520e+01 6.352099944518801777e+01 7.859737436084465401e+01 6.740669497717749437e+01 8.765082415997930809e+01 7.209789702647469767e+01 8.466184033524247354e+01 8.840599873733877700e+01 7.479427039539140765e+01 9.527451826023617798e+01 9.776728638899898272e+01 1.106394731742467314e+02 1.288979762520836516e+02 1.337666554281177014e+02 1.350506751771699498e+02
6.021145810350204641e+01 6.550017516551429253e+01 7.123346194342872195e+01 8.280919721941836542e+01 1.029026125106019549e+02 1.189104033585343387e+02 1.106397368446140774e+02 1.132476632889951702e+02 1.215083374447794569e+02 1.099533199834705925e+02 1.015793050259632793e+02 9.101053178885220518e+01 8.602935618924762196e+01 9.478641808046934614e+01 1.135061279522080753e+02 1.087718703609993014e+02 8.851525091260315037e+01 9.444827738516895010e+01 8.151962287870289003e+01 9.598528853794095994e+01 1.161263439479496213e+02 1.020515492287195656e+02 8.175337116070940624e+01 6.746593734212456184e+01 8.769856987109751856e+01 8.765082415997930809e+01 7.820189224537465122e+01 9.219924697666056090e+01 8.374827281844167715e+01 1.029291634674239333e+02 8.845910688768896080e+01 9.087511413330086896e+01 1.131898791904380204e+02 1.237142060527119156e+02 1.285230153522859098e+02 1.231328534631269918e+02 1.144084025002551925e+02
7.428734598092484021e+01 7.648034147352778689e+01 9.130167378329822725e+01 8.391681069881467181e+01 9.812773183159083601e+01 1.182084739430375464e+02 1.208233743662824224e+02 1.161162001093087923e+02 1.242897219198600425e+02 1.223148727105601239e+02 1.198887104086085458e+02 1.115871854042735976e+02 1.067487870861035475e+02 1.150728380120999077e+02 1.235664230970455009e+02 1.170214154326283307e+02 1.087718703610828328e+02 9.069176924361043746e+01 1.018844670872304050e+02 1.101643768925437001e+02 1.180028312962791261e+02 9.786997828810800115e+01 8.343149019298883218e+01 7.172787398607698606e+01 8.608100212466848689e+01 1.063791230992199957e+02 8.729785154677017545e+01 1.068076981639565020e+02 9.380733217070799412e+01 1.116377553193694894e+02 1.079756101602830398e+02 1.141701215598516796e+02 1.233378488849779302e+02 1.224882544851747213e+02 1.079554556601106441e+02 1.026269873444997671e+02 9.997917471051019334e+01
9.434137681764623551e+01 9.653824648672495812e+01 1.048560519786584138e+02 1.040092450247752112e+02 1.123261425567767731e+02 1.208233743662824224e+02 1.011374457643626386e+02 9.642915786572405068e+01 1.129156942734000637e+02 1.026313568418108133e+02 1.165651028661805242e+02 1.187400669312362567e+02 1.105542511351405039e+02 1.152693719695629540e+02 1.234627844351512067e+02 1.203706732680602016e+02 1.191699768705767042e+02 1.050941606702051700e+02 1.024879333176671850e+02 1.224846727495150844e+02 1.154163844988151624e+02 9.523863330751490253e+01 8.343149019298884639e+01 7.997045974999096529e+01 8.608100212468077927e+01 1.063791232151750563e+02 9.907089789732916074e+01 1.158305196576096705e+02 1.077481932224892773e+02 1.213895375519463329e+02 1.239469088436405286e+02 1.324538584401392143e+02 1.285230153522859098e+02 1.079554556601106441e+02 9.364917727581180884e+01 8.842223343072974728e+01 1.086330164765422097e+02
8.442817447235375994e+01 9.026579700697836017e+01 9.739804864256663564e+01 1.057202417456964412e+02 1.157732830120582008e+02 1.186694027969324168e+02 9.898422624814088522e+01 8.499680502308814312e+01 9.591603685383418565e+01 8.866314047713105140e+01 1.083965251530676426e+02 1.073429987049558605e+02 9.082306521316226622e+01 9.554249654332910779e+01 1.042675842585488084e+02 1.006484975900988985e+02 1.203706732680602016e+02 1.250515677044074039e+02 1.141169799226609030e+02 1.306788844954540139e+02 1.236483842037785195e+02 1.120501519678745694e+02 1.037667544168766796e+02 8.912356004952032151e+01 1.063791232187831639e+02 1.146522643071086662e+02 1.191684778324340783e+02 1.273929483286122917e+02 1.270196935091651085e+02 1.206044691492959657e+02 1.034289009139738056e+02 1.121008314422125096e+02 1.206044691492964489e+02 1.179283958362200764e+02 1.022418057037063477e+02 8.214012422194825547e+01 9.627442827353044663e+01
6.417456414015545363e+01 7.004367935622076402e+01 7.722499465595348056e+01 8.733898840808791419e+01 1.074571088770453144e+02 1.154249054497135063e+02 1.072516931394646349e+02 9.591603685383418565e+01 7.605669657019558372e+01 9.013780431525138681e+01 1.098659233308514871e+02 9.916244563165587067e+01 7.933865214839377700e+01 9.284630478717394908e+01 8.448534792668415605e+01 1.042675842585488084e+02 1.148137443150796884e+02 1.246756479899987227e+02 1.339151537220627119e+02 1.421049084844147501e+02 1.327856618703902996e+02 1.243807900358812333e+02 1.176716602015662971e+02 1.035560944833386969e+02 1.176716602015662971e+02 1.239278683782706878e+02 1.216783256735115089e+02 1.179229887269588630e+02 1.264163844453773464e+02 1.121008314422125096e+02 9.178824598470468743e+01 9.178824598470468743e+01 1.088402953047266948e+02 1.094335438902520679e+02 8.919174019498872497e+01 7.764921558512908462e+01 9.774693307790802521e+01
8.442817447235375994e+01 8.072788139587035516e+01 9.026579700697836017e+01 1.057202417456964412e+02 1.157732830120582008e+02 1.072516931394646349e+02 8.748535906259138528e+01 9.147535334245891647e+01 7.153815537936351632e+01 9.147535334245891647e+01 1.016221027535572716e+02 9.255451447056840664e+01 7.263051255725633837e+01 7.292679233511807979e+01 7.874038771980093543e+01 8.688535439856337916e+01 9.678197213422356526e+01 1.164834035113404695e+02 1.292505686303903758e+02 1.376643625018378430e+02 1.211454316943670761e+02 1.042730374505862443e+02 1.211454316943670761e+02 1.235782492274033473e+02 1.239278683782706878e+02 1.034492007684571320e+02 1.012129309613779640e+02 9.749695132644302475e+01 1.146100753133883927e+02 1.147658698702504694e+02 9.441177979014831578e+01 8.023087131099464386e+01 1.003733546743458618e+02 1.088439835059199368e+02 9.372738915789921066e+01 7.357772461381645712e+01 9.352890077593579576e+01
9.965591639787808731e+01 1.008925905614583201e+02 1.092154016424371861e+02 1.187083570636118850e+02 1.186276313559980053e+02 9.892392838119774012e+01 8.491459927217741210e+01 7.335835893711961830e+01 6.731021726409439054e+01 8.731816019124416073e+01 8.176064137226566686e+01 8.176064137226566686e+01 6.652358272288761043e+01 8.654720186431582363e+01 9.857087271112492033e+01 9.279223845115348013e+01 1.125217299135415772e+02 1.246756479899987227e+02 1.090978804420361854e+02 1.260021450363573194e+02 1.127715736679627554e+02 9.280921001091725486e+01 1.127715736679627554e+02 1.197989527650047705e+02 1.216783256735115089e+02 1.012129309613779640e+02 8.691222970771858058e+01 8.584810804786363292e+01 1.020167234402848067e+02 1.104836301601969524e+02 9.499004965869298189e+01 7.482157166061558939e+01 9.499004920384088280e+01 9.450731758882831457e+01 8.017053355038741813e+01 6.961467118137288423e+01 7.337645693388364521e+01
1.059007477474234804e+02 1.133122917005780721e+02 1.051302596586312319e+02 1.133122917005780721e+02 1.071330365006442236e+02 9.894553645894862370e+01 9.736852610102796746e+01 7.749606147604711737e+01 6.326191698267624730e+01 7.858964417968924465e+01 7.727225160219697386e+01 6.168795210148919494e+01 8.176064137226566686e+01 8.654720186431582363e+01 1.063577231038117503e+02 1.125217299135415772e+02 1.207107867426723971e+02 1.176154086791011224e+02 9.759251374784334132e+01 1.060551849021132398e+02 1.003095870291049891e+02 8.581397341220726105e+01 1.034335137544669294e+02 9.975546526877656106e+01 1.197989527650047705e+02 1.087881870992575415e+02 8.847379612233937962e+01 7.660221526303843120e+01 8.161973571751560996e+01 9.869999459784276041e+01 9.009847523435784922e+01 6.985090625909526807e+01 8.352929629520909316e+01 8.247068002754222960e+01 6.576708763775768318e+01 8.609205539935943818e+01 9.352889978077756439e+01
9.759363671742221413e+01 1.034221989127896677e+02 8.533888499334047140e+01 1.034221989127896677e+02 9.568134186226876636e+01 7.908222794645840281e+01 9.568134186226876636e+01 9.011475295404429176e+01 7.015267899410332575e+01 5.852694509968142000e+01 5.721167469813584461e+01 7.727225160219697386e+01 8.871091106558638728e+01 8.528246114464488414e+01 9.349351267692931344e+01 1.034259798518643407e+02 1.174140634104243617e+02 1.202328047023145956e+02 1.001826224274064856e+02 8.615185003029353084e+01 8.039553049259224338e+01 7.916529369260541671e+01 8.350781758272104582e+01 9.756882959504508790e+01 1.175921137911775247e+02 1.172712567157033305e+02 1.055147426587620885e+02 9.024051708788654480e+01 6.911853270007600258e+01 8.426631773079157028e+01 9.278369053153869572e+01 8.352929637305143729e+01 6.316015146026180815e+01 6.208433096490212932e+01 6.804724266203527350e+01 7.528586666090082247e+01 8.950353921780872213e+01
9.759363671742221413e+01 9.523453823584999611e+01 7.532931705293538016e+01 8.528220979055178930e+01 8.010634591128872728e+01 6.746336134106859106e+01 8.747744994226573567e+01 9.830439514132586964e+01 8.681150515035764670e+01 6.836173764105475925e+01 5.420452876223790639e+01 7.121363963284377974e+01 6.874795404720420322e+01 6.528799377852716646e+01 7.533272027862706466e+01 8.943789629330419189e+01 9.871786599130733464e+01 1.069057151082805461e+02 1.144039584679704973e+02 1.060551849021132398e+02 9.278278114480595207e+01 7.276236332900391801e+01 8.693970360461615599e+01 1.068892181883300054e+02 1.189907415052804822e+02 1.236122543451416220e+02 1.152619426898748429e+02 9.869999459784276041e+01 8.426631773079157028e+01 6.246886536229077791e+01 7.863823973032097570e+01 7.634578747684362554e+01 5.879329835926144199e+01 7.918658009057628533e+01 8.830224560378363208e+01 8.809546389207839923e+01 8.800185613735895629e+01
9.792755357105426128e+01 9.674971487919073354e+01 7.687588956318371913e+01 6.523617518392923387e+01 6.002228698188861244e+01 5.982704060929218315e+01 7.991283549135432906e+01 9.058673545624725421e+01 9.654614897356667313e+01 8.244750111508474788e+01 7.121171128666134109e+01 5.126832355033591426e+01 5.460271557029177103e+01 7.254129678393555025e+01 7.833035091651177595e+01 8.466775326593169382e+01 7.884800602221021393e+01 9.871786599130733464e+01 1.149593163123339963e+02 1.034022172537582662e+02 8.939871288511250214e+01 6.928749181864698414e+01 8.939871288511250214e+01 9.064102514264671129e+01 1.106300014541625387e+02 1.152619426898748429e+02 9.513399154685045289e+01 1.010293319452508456e+02 9.278370221828929232e+01 7.863823973032097570e+01 5.748714556632649675e+01 5.599869993114236877e+01 7.634578747684362554e+01 7.918658005679519363e+01 9.948764367863175551e+01 1.073250389964005080e+02 1.081879404353467891e+02
1.062344446863167633e+02 1.048919291729872896e+02 9.347151966279747626e+01 8.528220979055178930e+01 7.321757053066697551e+01 5.317297125733996666e+01 6.234281894966738236e+01 7.646477720295740710e+01 8.312115571563228400e+01 7.139986386812709895e+01 6.404044686104870721e+01 6.575500153443000784e+01 4.836728030086071328e+01 5.256055305187894788e+01 5.827647914573450549e+01 6.462712739286249075e+01 7.625961948956226877e+01 9.615347760287029644e+01 1.066095533556147927e+02 8.665032071202281827e+01 7.507362769575814809e+01 6.594271948796119887e+01 7.428981077385181209e+01 8.845913851713822851e+01 1.084320561084883536e+02 1.192324420369516247e+02 1.010293319452508456e+02 8.096888174592383791e+01 9.030657027806185511e+01 8.512851148067551321e+01 7.437013854406102098e+01 5.408315378759638037e+01 7.211089223368134071e+01 7.988175119438224669e+01 8.987700232735561201e+01 1.048021155458767169e+02 1.166861182180764871e+02
1.012267402119575763e+02 9.300689482001077124e+01 1.012267402119575763e+02 8.736388508841261569e+01 6.735797518325276201e+01 6.820642071233521619e+01 4.828371628927097703e+01 6.363583885643159022e+01 6.922533127484668114e+01 4.340761917394198122e+01 4.412096686999783657e+01 4.583385360937748487e+01 5.565562973323455509e+01 7.234676388252188417e+01 6.322152061341883922e+01 8.324348912244087728e+01 9.287686056524533740e+01 1.043410610940302661e+02 1.095287557544142487e+02 1.012993704968646114e+02 8.328044667891663266e+01 6.303555020387764785e+01 7.741132256184485527e+01 9.744976572160148010e+01 1.115376003238238383e+02 1.108790225055100365e+02 9.078051480282633179e+01 7.922080389900253294e+01 7.018301882385189572e+01 6.508158220929166760e+01 6.035253055087584784e+01 7.137253410103141960e+01 5.191125111102320488e+01 6.189742572103779139e+01 7.583072035528215338e+01 8.584718139126326264e+01 1.059269288260073409e+02
9.127381950239178821e+01 7.307562930657374523e+01 9.127381950239178821e+01 9.557481518314158109e+01 8.736388508841261569e+01 7.646477720295740710e+01 6.363583885643159022e+01 4.382217296468255086e+01 5.932227701341783188e+01 4.181925151040665156e+01 6.166060267252397864e+01 5.731392156173836838e+01 7.339862306374976697e+01 7.121626674553054670e+01 8.324348912244087728e+01 7.741734493314316978e+01 9.730904544058468275e+01 1.149258279051245211e+02 9.498568351568164303e+01 8.130354235813271657e+01 8.052285056906976024e+01 6.025995006138100507e+01 8.052546522006576879e+01 8.318399644025488726e+01 1.032074285706670338e+02 1.052806206108701446e+02 1.076169915433215181e+02 9.863732875897930796e+01 9.030657027806185511e+01 8.527568241452843267e+01 8.050611761314866044e+01 7.028775239226851568e+01 5.042174140860070963e+01 5.744087243909358165e+01 6.510831748740490355e+01 7.685998038222935236e+01 9.734212165862653876e+01
