LEM/sinusoidal_perturbations/elevation_000060.asc
nrows	100
cellsize	150.0
xllcorner	0
ncols	100
yllcorner	0
NODATA_value	-9999
[rows 17 to 33 of 100, columns 0 to 36 of 100]
5.222468517465790779e-03 2.000522246851711117e+01 2.826010446187154201e+01 3.284841913928316615e+01 2.917835075783727561e+01 4.583964112628682130e+01 5.412391237374902175e+01 6.412391237375037178e+01 6.326845749044129263e+01 4.650137845592936969e+01 6.326845749044129263e+01 7.516785396571741273e+01 6.693042526073415388e+01 7.516785396571741273e+01 7.789996046154989529e+01 7.058760929411646146e+01 8.464224310455193745e+01 7.370867045416952124e+01 5.383696672849783482e+01 5.126942263508325226e+01 5.760829380624794283e+01 4.280355409368194586e+01 5.429226004718758247e+01 7.406465261991240823e+01 8.839195764500082930e+01 7.674569431374546014e+01 5.707766476246646903e+01 6.659819481154434584e+01 8.616998083020438060e+01 7.618866480797281326e+01 5.658296991783317509e+01 7.618866480797281326e+01 9.089607835345201181e+01 8.152154329452352499e+01 6.181192133990067106e+01 8.152154329452352499e+01 8.137088684636914593e+01
7.333276091007126865e-03 4.089816180729655137e+00 8.260104461871186743e+00 1.284841913928246271e+01 1.917297445961933278e+01 2.583964112628611787e+01 3.583964112628646603e+01 5.583964112628716947e+01 5.495206844659276157e+01 3.496284220137899013e+01 5.495206844659276157e+01 6.520529162490421982e+01 4.698947240898655053e+01 6.520529162490421982e+01 5.797904202219515923e+01 5.649080253466890156e+01 7.641476289643962616e+01 8.197192051117050937e+01 7.370867045416952124e+01 6.550668649680045519e+01 7.085787555527977588e+01 5.171444119522312377e+01 4.896209663243865862e+01 6.041305447578866250e+01 8.015810862592748265e+01 8.411911413543433014e+01 6.461087897517116119e+01 8.411911413543433014e+01 9.431205912000839930e+01 8.120819105130989612e+01 6.176765266037309488e+01 7.555037174738517081e+01 9.486736669191161297e+01 8.808329341242922794e+01 6.839804305871251700e+01 8.808329341242922794e+01 8.955498354868390720e+01
6.343274376862209282e-03 2.000634327437650839e+01 2.240224008560239000e+01 3.284841913928316615e+01 2.917835075783727561e+01 4.583964112628682130e+01 5.412391237374902175e+01 6.412391237375037178e+01 4.788303305777164098e+01 2.789766542020333873e+01 4.788303305777164098e+01 5.695989817320961635e+01 3.700326536788791998e+01 5.489386737393721916e+01 4.386829358043208060e+01 5.797904202219515923e+01 7.789996046154989529e+01 8.653333749280798770e+01 8.834328053554997950e+01 8.647455834872151570e+01 7.971124101925354921e+01 6.315091306673332383e+01 6.875829629718111846e+01 5.598986741050591576e+01 6.740078725368690016e+01 8.713531937758162371e+01 7.589568841536465982e+01 9.224538571680680832e+01 9.341596891326327068e+01 7.411377749574448615e+01 7.555037175256588000e+01 7.555037175408078554e+01 9.486737695316249130e+01 9.627178533789094672e+01 7.825498753815033126e+01 9.627178533789094672e+01 1.027281907338989555e+02
3.497053469895897767e-03 1.414563267720072126e+01 3.414563267720001249e+01 5.068651133306529033e+01 4.917835075783798260e+01 5.746262200530017594e+01 5.668497874007611159e+01 4.837068402024914349e+01 4.177888917195041074e+01 2.187092204080432722e+01 4.185691516810992852e+01 4.425700164256527103e+01 2.993890907091139297e+01 3.493429812741324270e+01 4.905462110906653095e+01 6.899105490062468959e+01 7.712714471313088893e+01 6.717311218651434501e+01 6.924188664356972822e+01 8.834328053554997950e+01 9.113617730112247273e+01 8.289405339061634947e+01 8.143674986516516867e+01 6.170810948143626007e+01 8.143674986516516867e+01 9.538901588932290565e+01 9.535252257518402530e+01 1.035250083445938287e+02 1.015575804153815085e+02 8.772139361032546390e+01 9.486737513579352310e+01 9.486737761665179391e+01 1.030183893430349968e+02 1.061254992518330056e+02 9.791159928670789725e+01 1.061254992518330056e+02 1.109712533800300918e+02
9.635555453094322986e-03 1.415177117918416982e+01 3.415177117918487681e+01 5.218151637138407750e+01 5.983097067589135065e+01 5.153496266884153698e+01 4.840082542542512556e+01 2.838222210995798989e+01 3.356138046857780921e+01 1.652259103024192655e+01 3.650939863832922327e+01 2.428705866220282061e+01 4.425700164256534208e+01 5.489386737393721916e+01 6.313989608452223479e+01 7.137309500754335545e+01 5.746727112650314950e+01 5.337425239683835088e+01 6.717311218651434501e+01 8.653333749280798770e+01 8.439061618601942882e+01 9.268980078914469800e+01 8.967071255840760102e+01 7.565006047266349753e+01 7.309346502593761841e+01 8.446327916755690524e+01 1.042683546231788512e+02 1.172950586101323296e+02 1.091489820967852467e+02 1.071638913699755022e+02 1.099743586737197774e+02 1.019778894166127969e+02 1.099743586737197774e+02 1.071547059102508541e+02 1.126448370739855278e+02 1.165936171945489974e+02 1.088878629442866384e+02
8.845047570523793118e-03 2.000884504757016913e+01 2.389724506992504516e+01 4.389724507002193121e+01 5.153496266884108223e+01 3.154108731747896499e+01 3.739715782191387206e+01 3.201817671518939079e+01 1.423197661021752047e+01 3.422224973709075613e+01 1.894260453555136792e+01 2.087762992251032657e+01 4.085199954171844894e+01 5.187903589990299480e+01 6.374413684548883197e+01 5.553760282854968011e+01 4.347395461896072533e+01 6.322551478275610037e+01 7.982107453178571177e+01 7.161253851970285211e+01 6.418670141397483064e+01 7.849333890182217033e+01 9.862790298660272015e+01 9.540705387778311319e+01 9.283388894213004505e+01 1.011073267860191294e+02 1.125900276403884135e+02 1.061471937588326426e+02 8.998844300780417882e+01 1.061471937588326426e+02 1.002638378809502626e+02 8.250885826803870771e+01 1.001447782280036876e+02 8.813621187596561413e+01 9.370658181911825579e+01 1.071344958347250582e+02 8.984028501691724955e+01
8.023991185656003874e-03 7.567313451370233146e+00 2.170944907510143551e+01 4.170944907516253153e+01 4.963146579923739665e+01 3.739602922279654962e+01 1.740127422447292460e+01 1.201897268209565617e+01 3.201817683465623787e+01 2.837413521431980001e+01 3.892201924636086119e+01 4.085199954171844894e+01 2.365021138439769288e+01 4.361978408770260529e+01 4.855055175894572272e+01 3.565015447672750071e+01 5.432217534581876350e+01 5.780866821923513754e+01 6.140812368326473347e+01 5.143761666196029836e+01 7.058658319652379021e+01 7.574492016886215140e+01 8.150864653815207816e+01 8.903523626630337162e+01 9.722972996468639906e+01 1.086136796757680969e+02 1.116816941640639698e+02 9.245538384656433095e+01 7.924378766333857982e+01 8.920403417039199212e+01 9.224337384232570969e+01 7.269137394216281223e+01 8.242673140942316934e+01 7.425460219264294892e+01 9.338164862737306748e+01 8.990275703179123923e+01 8.063747022908269457e+01
4.598823041778624977e-03 2.000459882298571657e+01 3.585158455951447110e+01 3.878250674928213471e+01 4.137330411169882893e+01 2.138874693562006968e+01 9.806134322494761690e+00 2.979639031115750569e+01 4.021890343669482348e+01 4.834977365355700840e+01 4.834977360512407785e+01 5.187902816175326137e+01 3.777506571967271753e+01 2.650431486841990036e+01 2.858681963326418796e+01 3.097452428902220589e+01 3.435247350224977225e+01 3.783216112847451740e+01 4.142248483961007821e+01 4.589182083547803614e+01 5.060285617763426558e+01 5.576543303033830767e+01 6.154087241192809898e+01 6.910273354474624341e+01 8.063191027798956156e+01 1.004657261717872530e+02 1.022351748118841499e+02 1.061471937588326426e+02 8.920403417039199212e+01 7.060247811727769829e+01 8.160998100212754025e+01 8.178927607490720675e+01 6.325592290445948862e+01 7.858481797777844235e+01 8.850332775994469614e+01 7.144559819488755181e+01 8.831779152969203039e+01
7.340434288523949372e-03 1.978878427961506503e+01 3.239044512325596514e+01 1.812199889674684172e+01 2.507556814603018225e+01 2.625069515335087544e+01 8.245223580934462504e+00 8.803769508984935044e+00 2.989536445874685811e+01 5.020251447922611021e+01 6.831104183982137101e+01 6.598295794840785788e+01 5.472532488052940636e+01 3.649369380874978930e+01 3.857667644952442743e+01 5.093842213107880212e+01 3.589464022085395811e+01 5.584500999173115332e+01 6.140812368326473347e+01 6.587663816239565051e+01 7.058658319858403729e+01 7.574492016886215140e+01 8.150864653815207816e+01 8.152822377915023822e+01 9.722970016777739488e+01 9.665595018683731610e+01 8.284290883535142314e+01 9.282040793166225967e+01 8.476416599058758550e+01 8.127482722850491825e+01 6.335480387447883288e+01 7.328739277707848032e+01 5.979705819745308304e+01 7.669189566884188025e+01 8.322245106971224970e+01 6.605083717752772543e+01 7.752131474527035948e+01
3.515918393995972821e-03 2.000277230261476191e+01 2.227789132935097882e+01 3.914013584309667504e+00 5.078458463432402148e+00 6.248869955158842693e+00 8.222928065624277139e+00 1.021569122331795576e+01 3.021225478642186957e+01 4.138487526628331636e+01 4.871242186379122785e+01 5.700301527082876873e+01 6.469656354534255627e+01 5.060940197783789785e+01 5.010271624025686066e+01 6.408077702990695457e+01 5.584500999173115332e+01 4.114349974486852801e+01 4.613869672677158462e+01 6.605993635265377861e+01 7.985120224191368266e+01 8.803837606967664442e+01 9.930404903841078124e+01 1.015445711085917253e+02 1.027942270870104835e+02 8.842896027599540787e+01 6.966795336460535282e+01 7.656112886260849848e+01 6.614452077907991168e+01 7.207735939652565094e+01 6.432663821218605449e+01 5.704296637030234507e+01 5.749192644934451124e+01 7.165328274422847699e+01 7.465745800656009123e+01 7.219309651806237582e+01 5.913183146356108466e+01
4.608085242692564441e-03 1.140531753736821141e+00 2.278292001713967618e+00 2.155839560016021395e+01 2.501140840053125913e+01 1.351745289183688392e+01 2.808624800974157765e+01 3.021225478642186957e+01 1.310015374402812149e+01 3.309995922140764435e+01 2.871601887056020530e+01 4.285281945477306920e+01 6.285875346975684153e+01 7.054095576616565211e+01 7.002869800286508450e+01 7.826816105540054025e+01 6.679396990840656656e+01 4.691090683998157829e+01 6.604177851366962670e+01 5.396749570962809628e+01 5.997926386174557223e+01 7.146278399581160556e+01 9.122307622685065098e+01 1.054003288238101277e+02 9.321485654021714140e+01 7.336811245450580543e+01 7.495010768547335545e+01 5.662144269200376812e+01 5.577991117107811903e+01 5.615477921740136935e+01 5.652442599070061391e+01 7.391940025201203923e+01 5.743663255528731071e+01 5.788391609663100468e+01 5.827935135104317510e+01 5.863369355793018656e+01 7.554019567546654912e+01
1.610643649003322799e-03 2.000154549656650715e+01 2.227804924285361565e+01 1.382956865837740068e+01 3.355559728801401320e+01 2.654017750809222420e+01 3.278294059196136345e+01 4.138487526600167854e+01 3.309995922140764435e+01 1.606851684038671024e+01 3.606558616994748689e+01 4.753849830162122458e+01 6.168729185486328248e+01 5.962555989514137167e+01 6.791695228521966499e+01 7.945755624105984793e+01 7.304466186295687180e+01 5.322345599816143391e+01 7.301955776900483386e+01 7.385846425586848341e+01 7.985120224191368266e+01 7.404992540567127435e+01 9.403774183277072041e+01 9.858357519404208347e+01 8.222850565319700422e+01 7.624242215729310601e+01 5.762774966989777425e+01 5.524166423255087466e+01 7.339627225889348949e+01 7.379020521822158685e+01 5.917307430641442068e+01 7.686661435799808828e+01 8.615819821083654517e+01 7.707087494714025411e+01 7.694472366282366238e+01 6.151089840045838031e+01 7.881230779060537373e+01
2.022278438842990342e-03 1.424969884213860105e+01 3.501904482566498444e+01 2.531328146151098579e+01 4.158814471959347969e+01 4.785430389573193111e+01 5.397123334514739668e+01 5.020588982847968396e+01 3.020848061850958288e+01 3.606558616994748689e+01 1.925348534754289531e+01 3.338970474837922353e+01 4.893008269194078963e+01 3.961497537411545977e+01 5.116195311896518660e+01 7.117839245652426428e+01 8.118553481774655722e+01 7.304704148665081220e+01 6.579359907980636990e+01 7.965756270222989599e+01 9.835629030712057386e+01 9.405797241764392425e+01 1.025026319335537579e+02 9.763271872322847855e+01 8.060499051950051808e+01 6.810380271768775629e+01 7.270716951422033958e+01 5.485565423565897447e+01 5.941887575193566562e+01 8.110471193468885076e+01 7.687586373576991150e+01 6.670886118930371822e+01 8.077309424901164903e+01 9.832749260522632540e+01 8.754246391975391361e+01 7.912559119307888977e+01 6.680052295624516034e+01
6.642187732006160465e-03 1.414877783591027693e+01 3.414880037986693395e+01 4.482544278323583598e+01 5.281598758137565142e+01 5.771805170215606040e+01 5.990590072262843790e+01 5.849689119117338976e+01 5.020588982847968396e+01 3.557738838160013728e+01 3.924831078155848019e+01 2.261017924767730847e+01 2.893029644290841773e+01 4.893008269194078963e+01 6.791693892217296025e+01 7.629059150026796488e+01 7.245052194798287815e+01 8.081189673874629875e+01 8.531959318319030672e+01 9.313419312199442857e+01 9.241849316759460464e+01 1.015353197326003709e+02 1.066664449439199984e+02 8.929953898971680815e+01 7.738258184665204453e+01 7.992829798499485605e+01 7.157816866107711462e+01 5.446661863462032471e+01 6.970653837631886063e+01 8.827388890839894486e+01 9.316953569629571064e+01 7.962269964012295986e+01 7.962269914382751779e+01 9.862429630183707729e+01 9.872378782185012369e+01 7.847875611831787523e+01 8.591970552475402201e+01
1.591255364720534126e-03 2.000159125536436378e+01 2.844050516816757579e+01 3.302882379444531580e+01 3.802882953201541483e+01 3.771794453880373510e+01 3.990574297355154698e+01 5.990590072262843790e+01 6.387767830982819106e+01 5.558204234672633959e+01 4.927270387389372530e+01 2.927218086652534978e+01 2.656805143534316116e+01 4.656930600265071263e+01 4.791176163727276105e+01 5.717346317175988446e+01 5.234688860999683158e+01 6.503199833047956702e+01 6.953424878551284394e+01 7.493533481676793429e+01 7.135971299447464844e+01 9.091088162002769479e+01 1.010297494095943591e+02 9.809738841989681646e+01 8.113628460247926455e+01 6.359025744094942212e+01 6.995329699941986235e+01 5.407473025991410509e+01 7.290436100434330058e+01 8.388632610008129120e+01 1.013273560121779724e+02 9.862448118618709714e+01 9.862429630183707729e+01 1.067164325230737347e+02 1.075310603520629940e+02 9.253240768578460518e+01 1.054622249615888876e+02
6.189296070378335485e-03 4.176477577211891834e+00 8.440491904324138872e+00 1.302880658173541484e+01 1.802880658173550188e+01 2.357580854398788972e+01 3.252008045406358150e+01 4.406708589537288390e+01 6.406722169107835896e+01 6.082811767213320309e+01 4.081355387109991995e+01 4.927270387389372530e+01 4.656930634821471671e+01 3.064728124588072333e+01 3.376864183647374063e+01 3.714747007583758176e+01 4.079717941305247564e+01 4.496509004737024640e+01 4.943435227775764673e+01 5.477777435569549880e+01 6.234865071896664546e+01 7.240927276006395630e+01 9.264926325111864003e+01 9.027193169683151552e+01 6.970922233703637971e+01 5.939720370243178849e+01 5.351711298527375504e+01 6.378527536880402238e+01 6.647513157993871857e+01 8.390002665227248713e+01 8.576734892372193997e+01 9.153118554926457762e+01 9.839502546444924747e+01 1.065192806335558799e+02 1.177505482165797730e+02 1.136711017161468220e+02 1.134631416455265480e+02
2.247884206357958405e-03 2.000215844746973204e+01 2.844046661697100831e+01 3.302882379444531580e+01 3.802882953201541483e+01 4.357584030249202556e+01 5.186085167220774395e+01 6.080548055795317453e+01 7.235326469779873548e+01 6.912992432641918583e+01 5.236169096166457848e+01 6.482579335587098512e+01 4.478743959252145146e+01 4.478743959252145146e+01 4.531298097419403348e+01 4.869253774526568179e+01 5.234059041217016528e+01 6.494263930803273865e+01 6.953424878551284394e+01 6.582472117175321102e+01 7.493533481676793429e+01 9.091088162002769479e+01 1.010297629678124736e+02 9.505314396515581166e+01 7.315020413387273379e+01 5.943679493366558120e+01 5.311987819884475925e+01 6.903350339698869220e+01 7.341984500390155688e+01 7.716197902519239449e+01 6.697918731821893346e+01 7.240673119554632819e+01 7.896995669007630170e+01 9.009279722411501723e+01 1.096998064111648432e+02 1.077228373341364858e+02 9.340252767223390151e+01
