LEM/sinusoidal_perturbations/elevation_000598.asc
nrows	100
cellsize	150.0
xllcorner	0
ncols	100
yllcorner	0
NODATA_value	-9999
[rows 0 to 16 of 100, columns 0 to 36 of 100]
8.271705653423140972e-03 1.415040732938469148e+01 3.415040733743533252e+01 5.354861416670689778e+01 5.911975286400505780e+01 5.085830479415314187e+01 5.911975454474303149e+01 6.733243549043048404e+01 5.938307854155046073e+01 5.495907604593035956e+01 6.325934191653529126e+01 6.436116866622928967e+01 7.308316173299877505e+01 7.111733372889290195e+01 6.282570599178310289e+01 6.542392283967811295e+01 7.371509242471130108e+01 8.185099648278321638e+01 7.314114719334332904e+01 8.185099648278321638e+01 8.271292519223986517e+01 8.271292519223986517e+01 9.095989072363042283e+01 9.738084450838529449e+01 8.909058104657754029e+01 8.534013064752450362e+01 9.201487832144698586e+01 1.004258034454095139e+02 1.103179658228451530e+02 1.152653596794451687e+02 1.069106958690970259e+02 1.069106958690970259e+02 1.101172023431834361e+02 1.017289462667105227e+02 1.043855055255471029e+02 1.127568588875280113e+02 1.124518260790004689e+02
7.813061968023241044e-03 2.000781306196766707e+01 2.527657458765027343e+01 4.527356899857807093e+01 4.925705283004501212e+01 3.122382462049947094e+01 4.925705267855823166e+01 5.824833199678148787e+01 3.986814062042441265e+01 3.516994615656327738e+01 5.018510508976958562e+01 4.435903075348091562e+01 6.435721009504429446e+01 5.955824759580889349e+01 4.280347080995636588e+01 4.540140276690637933e+01 6.542392283967811295e+01 7.153313498658245351e+01 5.266767715755462831e+01 7.153313498658245351e+01 6.277500295907020700e+01 6.277500295907020700e+01 8.271292519223986517e+01 8.567267502224039788e+01 6.908193234933270332e+01 6.628768169693019274e+01 7.306142794756600267e+01 8.233870543211199333e+01 1.018751587187355909e+02 1.069106958690970259e+02 8.625231025270549878e+01 8.625231025270549878e+01 9.821684724745561823e+01 8.096740460072071244e+01 8.367683560738325355e+01 1.043855055255471029e+02 1.021298073121255072e+02
2.526786264046545528e-03 8.946798665414828378e+00 2.894315752369001160e+01 3.941663887864887528e+01 3.121691270815605179e+01 2.138273172554095680e+01 4.104106467541618031e+01 4.470777648756592981e+01 3.069294465210214184e+01 2.366348837496207125e+01 3.032473571875549112e+01 5.019621364720717338e+01 6.487188075086567096e+01 5.125261269246388451e+01 3.125225066728659584e+01 5.126586311012380293e+01 6.407537941381710311e+01 6.288656822205297914e+01 4.264311305120085649e+01 5.828789724615791812e+01 4.862866691396906305e+01 6.410972901700675664e+01 6.727073955453474241e+01 7.126793945905905048e+01 5.746567213938068619e+01 6.564176889086321864e+01 8.556039064200757593e+01 1.004258034454095139e+02 1.103179658228451530e+02 1.050840505809460552e+02 8.439921774396958654e+01 7.139153911802021923e+01 8.974226459705958803e+01 6.879476347402155056e+01 8.311808311328616128e+01 1.038251657196025093e+02 9.366325314796513624e+01
4.163169627051843593e-04 2.000041630039077134e+01 3.261960999476345791e+01 2.433533136605268865e+01 1.163762271346025479e+01 3.120175807838284499e+01 3.908761227937333871e+01 3.082727907684335023e+01 1.658601185112556919e+01 3.652135168424514688e+01 5.016423015402144614e+01 5.822556069513326804e+01 5.094202808639106905e+01 3.687104875797299997e+01 2.522172754192711608e+01 4.523010196867809185e+01 4.405856259635688588e+01 5.201914028525187206e+01 3.557084428085527605e+01 3.829234060396218098e+01 4.106561414114648301e+01 4.411548587120297782e+01 4.727843759567123527e+01 5.128193993643760251e+01 6.543128080040584393e+01 8.535887995172231513e+01 7.973912533376429224e+01 9.961416829934029238e+01 1.129213990624675716e+02 9.238100236352678962e+01 8.439921774396957233e+01 6.346907104432765578e+01 7.547457320438631712e+01 6.218546913519261921e+01 8.311808311328616128e+01 1.011417150929244286e+02 8.036192330334898770e+01
5.883922493566802643e-03 2.000569746566683449e+01 2.251673745795196169e+01 4.328852125281636987e+00 7.603162163946020513e+00 2.574263945357490968e+01 2.885214276666404487e+01 1.073488446134196295e+01 1.218655798402384427e+01 3.223309015997399030e+01 4.234331940739810562e+01 4.857743413691873258e+01 4.022338925163902701e+01 2.273051662136531448e+01 4.273879317249011223e+01 2.784818778798882732e+01 2.991103884205670838e+01 3.200752028138165173e+01 3.600733827541167642e+01 5.595260028903968674e+01 6.106068031752880643e+01 6.410972901700675664e+01 6.727073955453474241e+01 5.545420575878389968e+01 7.541114767327235313e+01 9.299458706846078826e+01 9.961416829934029238e+01 1.078644066041264153e+02 1.069784878561786030e+02 8.633452589592597803e+01 7.154867788078009028e+01 7.547457320438583395e+01 5.472721697749849312e+01 7.547457320438631712e+01 9.163786931174644224e+01 9.888001042346128600e+01 8.036192330484230695e+01
1.256007409845548732e-03 1.256167617690091998e+00 2.513556845958421881e+00 2.251642720521718388e+01 6.068982147070928868e+00 7.321726749027167358e+00 8.676687389541905659e+00 2.885209994505382980e+01 3.223308523506136680e+01 1.432421179704752667e+01 3.434330185955410286e+01 3.800841256060665074e+01 2.029463324707691640e+01 4.030343947817441119e+01 5.102737426665149201e+01 4.785744623885538829e+01 3.417271353234740161e+01 5.201914028525187206e+01 5.595260028903871330e+01 4.203796949844493724e+01 6.195928066574187909e+01 7.390801677078609089e+01 8.201433427129775566e+01 7.541114767327235313e+01 6.489085911945826979e+01 7.898681355967211459e+01 9.881106424741105343e+01 1.087363246155629639e+02 9.684188568419132537e+01 8.836770536680099042e+01 7.920514643258947274e+01 5.844570797533936712e+01 5.113243126912885828e+01 6.558193851612442415e+01 8.642469835071139528e+01 9.002926225607589572e+01 6.764802096854329250e+01
9.594114293757748102e-03 2.000959411429340307e+01 1.397537383940793276e+01 1.420194328526585714e+01 3.290168815421498039e+01 2.749742699210871422e+01 1.459514919440122860e+01 3.393914676740944714e+01 4.157105071454142831e+01 3.094642377130539046e+01 1.647096282008118351e+01 1.799840188331453561e+01 3.800841256061203666e+01 2.814173385911672653e+01 4.815218365788262389e+01 6.247448725100532130e+01 5.418629702490180478e+01 4.103380365125984497e+01 6.105273321865252711e+01 6.195928066574187909e+01 4.853015684472902080e+01 5.408231396447504835e+01 6.815746537703488173e+01 8.779107593670399012e+01 8.479320215416875328e+01 7.898681355967211459e+01 9.881106424741105343e+01 1.003438009139258043e+02 7.960101845700725676e+01 6.752414735080036223e+01 7.716946021038039305e+01 6.807711239630245359e+01 4.775414864874972665e+01 6.202471573422570827e+01 8.279643957505885510e+01 8.484455637090086100e+01 7.094681317008939914e+01
7.711341127313004785e-03 1.828357735580445720e+01 3.166953101566270234e+01 3.383900939595040569e+01 3.022247868978184826e+01 4.317020013817077739e+01 3.486115129064651796e+01 2.463925948272602895e+01 4.448971357669575610e+01 4.367368122281723686e+01 3.648133899670880709e+01 2.285228724939630496e+01 4.280131899846347210e+01 3.417276569154642374e+01 5.418657390675832630e+01 7.190924119129189762e+01 6.105273321865262659e+01 6.105273321865262659e+01 4.920493821681196778e+01 6.922650268534206930e+01 6.263670303006033890e+01 6.479652087858018206e+01 6.406686958764629480e+01 7.549584771138535189e+01 9.502340360670289954e+01 9.881106424741105343e+01 1.070023605772494193e+02 1.029886568719209095e+02 9.684188568419132537e+01 7.722731199886007403e+01 5.652103083362253955e+01 6.504004871189478365e+01 4.484094374443353104e+01 6.504004871189478365e+01 8.141535772747089084e+01 7.634035810544050094e+01 5.577852802168897028e+01
2.297228869525369630e-04 1.154723510667957065e+01 2.568937073041077213e+01 4.568937073041147556e+01 4.992205851877181999e+01 5.797686378170133281e+01 5.267895913491260274e+01 3.463310606397858038e+01 5.267895913482715997e+01 5.537903300336095924e+01 3.549192099652379540e+01 4.280131899846347210e+01 3.227951634515622459e+01 5.218540405071897936e+01 4.360501219786336691e+01 6.362327223094785467e+01 8.106416020404185474e+01 7.630412656587550657e+01 5.628558320342337140e+01 6.922650268534208351e+01 8.234481676216233836e+01 7.875780292160060014e+01 7.549584771138535189e+01 9.184553111554252780e+01 1.031251441556208874e+02 1.105429319453909187e+02 9.865538750155445769e+01 8.228313484127913568e+01 8.228313484127913568e+01 7.598024605809668230e+01 6.796734739739858355e+01 4.762003853479201609e+01 4.200393685621934026e+01 5.243452000438728788e+01 6.689244035145017619e+01 6.746950797398075395e+01 5.897646792006180760e+01
9.647730019007896146e-03 2.000964773001865282e+01 3.584714314163218774e+01 4.479141505162785108e+01 5.633842043541294231e+01 6.113417606537186089e+01 6.254856390436814451e+01 5.437536599844354868e+01 6.254856390436152935e+01 6.360787478374192716e+01 4.957222984438742230e+01 6.041599465714980965e+01 4.121187375691697952e+01 6.041599465714980965e+01 5.776163708457940515e+01 5.776163708457940515e+01 7.777451129899343130e+01 8.458619337654970138e+01 6.630118362999172632e+01 8.458619337654970138e+01 9.751168518798863261e+01 9.830519805296275138e+01 9.502340360670289954e+01 1.031251441556208874e+02 1.041818327034135194e+02 1.021667228537232006e+02 8.142451376333457347e+01 6.926842154497680326e+01 6.137881765212302554e+01 5.524295424395714349e+01 5.058123689277218205e+01 4.623149494967917406e+01 4.226698054846499275e+01 3.838784893608438864e+01 5.541733768632257551e+01 5.587808746605783483e+01 3.901641519307334960e+01
3.582433992925927561e-03 7.562871894177437326e+00 1.650714380417643667e+01 2.805414918796874701e+01 4.805414918796803647e+01 4.111142651979934470e+01 5.063218833252590656e+01 5.893756865870947337e+01 5.732325533557225583e+01 6.563905700961304035e+01 6.939789594378586912e+01 6.930594064349649841e+01 5.526322623506252540e+01 6.930594064349649841e+01 7.777451129899343130e+01 7.777451129899343130e+01 8.605685455554005614e+01 9.458659727511704318e+01 8.630706950175920156e+01 9.458659727511704318e+01 9.739007043225051063e+01 8.931168504945028985e+01 9.739007043225051063e+01 9.826905312057071740e+01 8.417999660545763163e+01 9.826905312057071740e+01 9.865538750155445769e+01 9.019120285179982943e+01 7.215940057340539227e+01 6.987271884602820649e+01 7.109241950302248370e+01 5.775599935591239387e+01 6.236681097187683775e+01 5.543761496941746003e+01 3.529260991104780487e+01 3.582329911545557621e+01 5.587809455540504899e+01
1.813270376062421294e-03 2.000181327037570611e+01 2.563238246694663758e+01 2.879554055968434412e+01 3.204108584991237052e+01 2.696595046138872931e+01 3.061760319930109731e+01 4.316253422745446500e+01 3.729697149148912416e+01 5.732325533557225583e+01 7.083133180005746965e+01 7.923478681708255067e+01 7.508130882886561608e+01 7.643534877319289933e+01 8.480016509100478572e+01 8.324457438442769330e+01 7.487305140322116870e+01 8.324457438442769330e+01 9.803716614411162311e+01 9.232417058090197770e+01 8.753626934017734129e+01 6.951931214157735894e+01 8.753626934017734129e+01 9.003839876236703788e+01 6.975809516791527187e+01 9.003839876236703788e+01 1.039692235305937515e+02 1.014249493342360608e+02 9.298105885098968315e+01 9.072512108603494596e+01 8.698328867928978525e+01 7.845849520093011620e+01 6.755453184718649595e+01 4.738480096751798953e+01 3.299495636542999222e+01 5.335003428951495863e+01 4.073045126620169754e+01
2.372884694381488524e-03 2.802933052750407050e+00 5.631360177496615549e+00 8.793637837666551604e+00 1.203806626031539651e+01 1.541868327972949615e+01 1.907016700353215555e+01 2.315265001269857592e+01 4.304607810674759349e+01 5.659700575747559981e+01 5.070595684017146709e+01 7.083133180005746965e+01 7.322310100784331155e+01 5.642312323846371669e+01 7.322310100795830579e+01 7.323353592551796964e+01 5.492908166037023676e+01 7.323353592551796964e+01 7.837668969792059670e+01 7.259945395525029710e+01 7.941549859551383861e+01 5.977072704123376212e+01 7.941549859551383861e+01 8.237316450182289884e+01 6.181407351612200074e+01 7.552013417325602518e+01 8.815033801947443237e+01 9.639725632404784506e+01 8.793553133911437669e+01 7.943252759632297000e+01 7.905759602969325783e+01 7.054110289964711455e+01 6.647020107913000686e+01 4.601998636620970018e+01 3.146687212708279446e+01 5.196819321996932928e+01 6.072840976261633728e+01
8.175220331382775790e-03 2.000816965001808612e+01 2.563232901770386007e+01 1.632183537920627359e+01 3.204108576564426158e+01 3.542317310587221613e+01 3.321366554443998353e+01 4.316253422745446500e+01 3.022374994328187370e+01 3.654846715678630886e+01 5.070664156398040490e+01 7.086055669317694594e+01 6.486148057695434943e+01 4.518669915049209607e+01 6.488097500124062833e+01 6.490106653179562102e+01 4.512749559520191411e+01 6.490106653179562102e+01 7.837668969792059670e+01 5.876322669280167332e+01 6.705285155217441684e+01 5.333458055666689290e+01 7.286724141075387706e+01 7.552013417325601097e+01 5.468677234658883890e+01 7.371905154973563867e+01 6.774141697147851460e+01 8.815033801947443237e+01 7.943252759632297000e+01 5.883100081852861507e+01 6.486504830894831741e+01 5.014785957439509900e+01 6.725524591545909914e+01 5.058914812191869714e+01 3.002173564912399684e+01 4.901353181466772924e+01 4.551957865690502558e+01
9.124702163186202558e-03 2.000912470216283268e+01 3.828686983301534497e+01 3.632396877376082500e+01 2.897133278025044234e+01 4.897607173587122276e+01 5.323153102695594185e+01 5.858893411953111041e+01 4.022538823694021914e+01 5.660054269200007582e+01 6.497037182850553449e+01 7.097457292611814239e+01 5.790830543218907422e+01 3.857951436981470295e+01 5.790830543218907422e+01 5.830987621959776135e+01 3.876732733369265560e+01 5.243316022351892514e+01 7.226387905869053441e+01 6.705285155217441684e+01 4.756989751114667797e+01 4.749332371760843330e+01 6.698818973452316072e+01 6.974199922661435380e+01 4.873063332744745679e+01 5.284220649258069358e+01 7.371905154973563867e+01 8.371478497528806884e+01 7.674542977214981931e+01 5.616800546458529908e+01 4.464030372875320296e+01 3.876246275778105854e+01 5.169436576835977348e+01 5.406233910590952263e+01 2.868065649139753859e+01 3.215915930335575013e+01 4.915898524704722661e+01
2.239863785106879172e-03 1.000223986392425957e+01 2.414437607439890598e+01 4.414457324113745074e+01 4.897607173587122276e+01 4.897606410756520745e+01 6.898680844453639338e+01 6.874252512109234203e+01 6.031812429973784617e+01 6.863675087087450777e+01 7.427927649731859105e+01 6.269056626079996164e+01 4.324526535591490983e+01 3.308730790929806176e+01 5.208100466442668619e+01 5.260674701923661445e+01 3.365346825654432905e+01 5.260674701923661445e+01 6.724819438977716857e+01 6.056029636257970594e+01 4.105908260391727538e+01 4.207508479447665195e+01 6.158242499411989002e+01 6.431688787937802942e+01 4.327218473139010513e+01 4.480222417718317729e+01 5.458050259981319385e+01 7.536478354078768405e+01 8.526003906045083625e+01 7.338326607882152075e+01 6.486504830894831741e+01 5.169436576835977348e+01 3.193151446945208605e+01 4.528320429579786577e+01 2.741878147663467402e+01 3.091658895958223141e+01 5.029734651440337956e+01
1.766589122093755728e-03 2.000176658912173977e+01 2.982269075124194657e+01 3.540716569298429306e+01 4.183505653425179105e+01 5.028054211760282044e+01 5.970132263957196983e+01 7.600940110291529095e+01 7.013117804269646172e+01 6.259925160327269111e+01 5.574498407133522448e+01 6.150047978641905644e+01 4.130348954318095167e+01 2.803321821825345950e+01 4.681357873852937246e+01 4.786842732856354843e+01 2.910395340655499652e+01 3.973015616108269654e+01 5.898491210691333464e+01 5.468205852661522215e+01 3.510689419093039731e+01 5.467748855703578670e+01 6.968852028908307261e+01 5.921279764767672305e+01 3.833875868310778401e+01 3.754393244044380396e+01 5.838652813393547802e+01 7.306965357404838812e+01 7.444310319333750670e+01 6.397317874740721777e+01 5.550908594823663833e+01 5.930439452199068739e+01 3.941514392786489651e+01 2.575218692390119557e+01 4.528320425919330461e+01 5.029734695758308050e+01 3.631573089745545957e+01
