LEM/sinusoidal_perturbations/elevation_000903.asc
nrows	100
cellsize	150.0
xllcorner	0
ncols	100
yllcorner	0
NODATA_value	-9999
[rows 34 to 50 of 100, columns 0 to 36 of 100]
2.064481644892168701e-03 1.414420010537596717e+01 3.414420010537666883e+01 4.820646884656473929e+01 3.999280215087421908e+01 4.571550732354946689e+01 5.229189465941643533e+01 4.656003776385522741e+01 6.612982131445167511e+01 6.695752692368168368e+01 5.852678164678214046e+01 6.695752696608700205e+01 7.370678436701199132e+01 6.478083985066535888e+01 4.496512320546292329e+01 3.598846794518960479e+01 5.549949636298195088e+01 5.091426849606628480e+01 3.925241206736148314e+01 5.305872656724260850e+01 7.320611263253378809e+01 7.207630276708050587e+01 6.368510526014156881e+01 5.635701345197975343e+01 4.978604846231608150e+01 3.896138832875483615e+01 1.848053215132264171e+01 3.896138832875483615e+01 4.745853997340687869e+01 5.345023593455782418e+01 6.037106212379574544e+01 6.878831325266129681e+01 7.902016421931622858e+01 8.195673217549420997e+01 6.205944288756207783e+01 4.815215471165588212e+01 6.146096766204333761e+01
2.905961989428186391e-03 2.000290596198907167e+01 3.998471974181946820e+01 4.826898612855664084e+01 4.223269878586635429e+01 4.930376657747127211e+01 5.758803345473600643e+01 6.612982131447510881e+01 7.431162692824312899e+01 7.682608110186403394e+01 6.857259895812879336e+01 7.682608110186403394e+01 7.935503086146644591e+01 7.316735255701057383e+01 6.384797712143238613e+01 4.554535753446965884e+01 6.384797712143238613e+01 6.561931096736475411e+01 4.564065603302653784e+01 6.561931096736475411e+01 7.550580544210693290e+01 5.503175214590419984e+01 4.295813161730644225e+01 3.557785686111855483e+01 2.908205936286640281e+01 2.323946388223867388e+01 2.091774261939641377e+01 4.143104932561217879e+01 5.351944221756051689e+01 6.734671915548723575e+01 6.469826058099482680e+01 7.311584777894505294e+01 8.492011080029867287e+01 8.389082013867701448e+01 6.420894848912280395e+01 5.406731731619409942e+01 6.785075713706973488e+01
3.542675937824442140e-03 2.000354267593747082e+01 1.998471979597777448e+01 3.328842689243427344e+01 2.223269882291108246e+01 2.930376663477643362e+01 3.930376663477608190e+01 5.344590225800924799e+01 7.344590186840564172e+01 6.684960246470554068e+01 4.860833831507411418e+01 6.684960246470554068e+01 5.941643196693149775e+01 7.351201570194976398e+01 7.385801216152376014e+01 6.545363519149429976e+01 7.385801216152376014e+01 7.403064742439724455e+01 5.548686196095432166e+01 7.403064742439724455e+01 8.383530327469959786e+01 7.207630276708050587e+01 6.368510526014156881e+01 5.005280817610953648e+01 2.934554078237501429e+01 4.380932428329906259e+01 4.143104932561217879e+01 2.441938186074555261e+01 4.501683082497998356e+01 4.668011403408434035e+01 4.397619412005310124e+01 5.604125825773787284e+01 7.653036741592454462e+01 9.190297030046623661e+01 8.001634970285984139e+01 6.026427141927100450e+01 8.007844886335981016e+01
3.411803931810562015e-03 4.173700085073289046e+00 8.437714412185462365e+00 1.328842691291207956e+01 2.483543229670438990e+01 4.483543224825374551e+01 5.758803345473600643e+01 6.758803103325456618e+01 6.606726634385142916e+01 5.859046863660146442e+01 3.861122381540172199e+01 5.372770753021278267e+01 4.528818304287112539e+01 5.941643196693149775e+01 7.935503086146644591e+01 8.266716531690322256e+01 8.531514369220606397e+01 8.417258046207115285e+01 7.575175997377496628e+01 8.417258046207115285e+01 8.080577595653961964e+01 6.044142367859615206e+01 4.843717204884710270e+01 3.908856397530863802e+01 3.553854711931827381e+01 5.631809346647629866e+01 4.964999026842820484e+01 2.892987133613748085e+01 2.876788368722577616e+01 3.193851425391422438e+01 5.273322252082840578e+01 6.469315043452957070e+01 7.206123558798928741e+01 8.065225390609997191e+01 8.807091153499540326e+01 7.425087205379057309e+01 7.424554775448184785e+01
3.327314952832964925e-03 2.000332731495247884e+01 2.843771438929530504e+01 3.328842649591763347e+01 4.157269588926571657e+01 5.311969970716484113e+01 7.181708792801047991e+01 6.021386681899288362e+01 4.610405121206149914e+01 5.152673888857319184e+01 3.154456643961802342e+01 3.374680281991847863e+01 4.788076502594041983e+01 6.784347542244275076e+01 7.679645846314926416e+01 6.265830855559776325e+01 6.530993287470398911e+01 7.944514818632791275e+01 8.385484830386050703e+01 9.212041416850615860e+01 8.911802927232648130e+01 7.741083754714432530e+01 6.824855156195663142e+01 5.382485633673432801e+01 4.249389180289973922e+01 6.323022800847463287e+01 5.455510053322392849e+01 3.374448014899520132e+01 4.948530130208766309e+01 5.273322253046483610e+01 3.727491010517572789e+01 4.392175249848277474e+01 5.138162369698670062e+01 6.339628014883886209e+01 8.417584779108804582e+01 9.425324904698619832e+01 9.414597712296200882e+01
6.779948344387334673e-03 1.414891613820391036e+01 3.414903133202787444e+01 3.834094760357655218e+01 3.834160546808482906e+01 4.662628605677691240e+01 5.181853350790813550e+01 5.195113480534777040e+01 3.197300328979727624e+01 3.931586086947564240e+01 2.522720939112555882e+01 4.520782113487688747e+01 6.198968426854276004e+01 6.143709529372214462e+01 6.679735458590170083e+01 4.851472183358738732e+01 5.116383967964075197e+01 7.116932334611554722e+01 6.384200621571436329e+01 8.057580246473916930e+01 8.316123382804802588e+01 9.142823414380457336e+01 8.267224678717887798e+01 7.100737881345594360e+01 5.043124601765546089e+01 6.303077578071423659e+01 4.226969619882554241e+01 4.581273545395032443e+01 6.301620916125285987e+01 6.288346187760031114e+01 4.208640145167665736e+01 6.288346187758725847e+01 7.206123558663978201e+01 8.065616949100582644e+01 9.296317057505207515e+01 1.048807582461623298e+02 9.653835316434417280e+01
9.516927588586143695e-04 2.000095169275762785e+01 2.279227332732425282e+01 1.834160046226746488e+01 1.834160338694933756e+01 3.834162691729969197e+01 3.768074771378741161e+01 4.252699624532663591e+01 3.424457746625783727e+01 1.933333936656456586e+01 3.931586086947443448e+01 4.216075907261193834e+01 4.470827499954454964e+01 4.145377395220226902e+01 4.999815434525724811e+01 3.853887994713326037e+01 5.631305916472398110e+01 5.964291500144708635e+01 5.228713383744381105e+01 7.050088241920289533e+01 6.314346566661674842e+01 7.730634467278973432e+01 9.729618780869486727e+01 7.935871175785956666e+01 6.083865335386195738e+01 6.955346425611868710e+01 4.892691220610933556e+01 6.649739332066961595e+01 7.488485037996883875e+01 7.122763242174465859e+01 5.141797109442497771e+01 5.151586606117421496e+01 6.068144587492407993e+01 7.218136307306978949e+01 9.192919816316148740e+01 9.653003241399258627e+01 7.655302290042841662e+01
1.945935296826602993e-03 1.395411963880060391e+00 2.792272555419214264e+00 4.199467644879792516e+00 2.419946839602661370e+01 3.451972882183523694e+01 2.613830757903355817e+01 3.199423477741090949e+01 1.424229312671586989e+01 3.124765988522123905e+01 3.814931094143571499e+01 2.219426659848675243e+01 2.474976866078739235e+01 2.734745365288872065e+01 3.003817987005360379e+01 3.315376538379648963e+01 3.634541580345509004e+01 3.966376500585213449e+01 4.342474993321264520e+01 5.047890427370757038e+01 7.050088580682074735e+01 8.382387858702311689e+01 9.208872313075769966e+01 8.949033694310513454e+01 7.528302361686476729e+01 7.791840866728389869e+01 6.095377040973415461e+01 6.360509038886645783e+01 8.391410912050463367e+01 7.987451630365093536e+01 6.314538697824735181e+01 6.350235038397766374e+01 8.031266579600293198e+01 8.881537774822479037e+01 1.001152868675535501e+02 9.388132354808421098e+01 7.396512716291341860e+01
5.600688922766023682e-03 2.000551478747696876e+01 2.279226921622996826e+01 2.419946839582514286e+01 6.235414039116934148e+00 2.623541452383197736e+01 2.979765420660896424e+01 1.198264334140952947e+01 3.199420488295466569e+01 1.680295236619563681e+01 1.863335962710235449e+01 2.135417432215735900e+01 4.131276315677828137e+01 4.730675325413718468e+01 4.999815434525724811e+01 5.311567951320703429e+01 5.631305916472398110e+01 5.964291500144084779e+01 6.342204503347017663e+01 5.007428470623963790e+01 5.562187800687023298e+01 6.380434284392872257e+01 7.537302745503956203e+01 9.536745701190345414e+01 9.540531979248021344e+01 8.962227779917301973e+01 8.130086451504860179e+01 8.391410912050463367e+01 9.223172694570132535e+01 9.136186711201752075e+01 8.312332578712282327e+01 8.381544315110154741e+01 9.231965122423601144e+01 9.724395082011979241e+01 1.054640405317005047e+02 1.021202344882249662e+02 9.065321616152887430e+01
8.215197286175309616e-03 1.414928585206792988e+01 3.411687021419226085e+01 3.451686135663393173e+01 2.037754784643024308e+01 8.303764799096994054e+00 9.782605361313324366e+00 2.979768754318221013e+01 4.027598940967653363e+01 3.151389910464274990e+01 3.859738015940599354e+01 4.131276319396828711e+01 2.530647651786445707e+01 4.526517430860845792e+01 5.321498436742257354e+01 5.705871720490345922e+01 6.533938376539556714e+01 7.688530955572173298e+01 7.837398074930828784e+01 6.163427362584706515e+01 7.565097023473873605e+01 6.829641596225491185e+01 8.830638730851833884e+01 1.036182400460776734e+02 9.648870079853347193e+01 8.823958337875193081e+01 9.082032304629129271e+01 9.907141942064103546e+01 1.049975122057886239e+02 9.670179932773054077e+01 9.961407404662109855e+01 9.134733272148989158e+01 9.396520012699356528e+01 7.724903212994088619e+01 9.396520020574878629e+01 1.121113463247515938e+02 1.038540753180786140e+02
2.613274238814250559e-03 2.000252674647358830e+01 3.833533675756810055e+01 4.865571854013453645e+01 3.658660346761010373e+01 2.079930909674647665e+01 1.555553151753959007e+01 2.026442263535523836e+01 3.910771701291223224e+01 5.374901434022264368e+01 5.790016751077568102e+01 3.792248914087363687e+01 4.526517430859624369e+01 2.960928497516305313e+01 3.325067230285979747e+01 3.708609550915539899e+01 4.860368271778796156e+01 6.860850910416034765e+01 8.388851270146251693e+01 8.165472161024302977e+01 8.992267035322299762e+01 8.245497608646063270e+01 9.656760089351118381e+01 9.861936104815742965e+01 8.502627914482214067e+01 6.841161653031161904e+01 7.098113886900308955e+01 9.082032304629129271e+01 9.670179932773054077e+01 7.667700512599395779e+01 8.254213155581746264e+01 7.141883110256378586e+01 7.507577928662340128e+01 6.581850355909642758e+01 8.570312388984892493e+01 1.006109817840591916e+02 8.394132134286964231e+01
7.532853315450405325e-03 1.000755754613529014e+01 2.415177580058292151e+01 4.418729025670244681e+01 4.714950278294908514e+01 3.297942604247682397e+01 3.896593904483309245e+01 2.818608811895602528e+01 3.337033013055123831e+01 5.295899424251673082e+01 5.790016751062936606e+01 5.790016751074028889e+01 5.533484306848557566e+01 3.536489750988373970e+01 5.321498436741649840e+01 5.705871720490345922e+01 4.338636176827719027e+01 6.338184382663152405e+01 6.387493617559832160e+01 7.543838163214981307e+01 9.543160640745183798e+01 1.024329436398319046e+02 9.105033887604193410e+01 8.280860281488372721e+01 7.052934249673246825e+01 5.698795132509568617e+01 7.679190138132194932e+01 8.946030321270923480e+01 9.439697391068737886e+01 7.445993805736040372e+01 6.274488148215815642e+01 7.507577928662402655e+01 5.537359190162902678e+01 7.507577928662365707e+01 8.947342189488443864e+01 9.235744145018406925e+01 7.249884677438289771e+01
6.101047412966256744e-03 2.000610104741260997e+01 3.821561299290213043e+01 4.649993513035585124e+01 5.804697853950102626e+01 5.245718841374404917e+01 5.674122636136251430e+01 4.241658208713361944e+01 5.295899424164037583e+01 6.122250807503507275e+01 7.789552615951883752e+01 6.688150392319080595e+01 4.688210066490520234e+01 4.688210066490520234e+01 6.361481295801922897e+01 7.045857547474832927e+01 5.044255572655459474e+01 5.231677950483215511e+01 7.233366890680767369e+01 9.215329423676354281e+01 1.036848781529900378e+02 9.685624346743324509e+01 7.698987953725401212e+01 6.298122441365864432e+01 7.026866765930392944e+01 5.070308600451663494e+01 6.139180545339946349e+01 8.122098835586068333e+01 8.303278981746404952e+01 7.445993805736041793e+01 5.481617702018509419e+01 6.981052230604403519e+01 5.015157535611425033e+01 6.142456184709678269e+01 8.120183895961021392e+01 8.533636797013544140e+01 6.551395776424465112e+01
6.842009524227352091e-03 2.000684200952387215e+01 1.821560660490911943e+01 2.976261204655484960e+01 4.976262701047649273e+01 5.304353168647060102e+01 6.132555422405787482e+01 6.274763421554379050e+01 6.632352679485647684e+01 6.482764253549953537e+01 7.311985757752718484e+01 7.515867668714039951e+01 5.842393306186902180e+01 6.688150392541295730e+01 7.515867809142669387e+01 6.678715787807895765e+01 6.199867609002181013e+01 7.233366890680767369e+01 8.060870290116785952e+01 8.180110326860440750e+01 9.001890211363166827e+01 9.611614199687878113e+01 7.625003835495392934e+01 7.026866765930392944e+01 5.043104479279587338e+01 4.517211847251069656e+01 6.503052831341051387e+01 7.723093659812919043e+01 6.319756980100039101e+01 6.824803538840592410e+01 4.863102390075606252e+01 6.023942398456291158e+01 4.562475400792918379e+01 6.523573635770793544e+01 8.006514976337177814e+01 7.183540851799297400e+01 5.926078207668994935e+01
1.934550753332892102e-03 6.668601217420028426e+00 2.081073689575197250e+01 4.081074397080043070e+01 4.977959321398999748e+01 3.304384115932214883e+01 4.977959321371947254e+01 6.045228369483746178e+01 4.628966183215222685e+01 4.479430126897444353e+01 5.895855982513895555e+01 7.899686161354169656e+01 7.843476057411552915e+01 8.670394198383650064e+01 9.505644098320736646e+01 8.679451041144926648e+01 8.201501294774475070e+01 9.028163091033881926e+01 7.857788324847325612e+01 6.199424375643714313e+01 7.857788324847325612e+01 9.028715755983800761e+01 7.043567320364314810e+01 5.641298363121666881e+01 6.034985622604995115e+01 4.047048980102665183e+01 6.034985622604995115e+01 6.730662438098538303e+01 4.916074272870950779e+01 6.730662438098538303e+01 6.023747381953555191e+01 4.056424752150752511e+01 4.129175716191927847e+01 6.095647701722830192e+01 6.653888106779508860e+01 5.201761745970898687e+01 5.829341243124519423e+01
4.364784840791047053e-03 2.394822003509572639e+00 2.239489088723298948e+01 2.828657015010932696e+01 3.080632551732802327e+01 2.149683634072724203e+01 4.149670497691070636e+01 4.320439785714694381e+01 3.213782295022346602e+01 5.215744502636721336e+01 5.988845310416282075e+01 6.656802356360465467e+01 7.486103948154698173e+01 8.487792088800500778e+01 8.732239011504104553e+01 7.740406056732473417e+01 6.919102117789023509e+01 7.740406056732473417e+01 7.036560759745347582e+01 5.054735121090632077e+01 7.036560759745347582e+01 7.868511659004997227e+01 7.046570389909901166e+01 6.370398335567153225e+01 4.384552772730058479e+01 3.678611857486217218e+01 5.665835055500969730e+01 5.908380436676185354e+01 3.922778081233214209e+01 4.915728449993270743e+01 5.087493611455872866e+01 3.544161238348904419e+01 5.515792541418130668e+01 6.653888106403165636e+01 4.668980514547943983e+01 6.653888106529700508e+01 7.809824716087732099e+01
5.219006137575642711e-03 2.000467006518617907e+01 5.824793706359734813e+00 8.286623525946367863e+00 1.080638667934119468e+01 3.080632551732281854e+01 3.765423910971985322e+01 2.319301438345303623e+01 2.853826773336488642e+01 3.408544244494587616e+01 3.985967911791205864e+01 4.652930800455010996e+01 5.654398008272934106e+01 7.659197797937986252e+01 7.740406056732473417e+01 5.928030301790731471e+01 4.936951643883990215e+01 6.749235243696213615e+01 6.335879585634292965e+01 4.352772442013316834e+01 6.335879585634292965e+01 6.723393329919296946e+01 5.063556057636576924e+01 6.723393329919296946e+01 5.308919232826915646e+01 3.326025287645534689e+01 4.870970600726364097e+01 5.501437805982326523e+01 4.676768448529320210e+01 2.940648678024385632e+01 3.106585471476833860e+01 3.310735632019519414e+01 5.296848711137559462e+01 5.820977326400919338e+01 4.315555371320849076e+01 6.303002700572057648e+01 7.170055150972434888e+01
