LEM/sinusoidal_perturbations/elevation_000195.asc
nrows	100
cellsize	150.0
xllcorner	0
ncols	100
yllcorner	0
NODATA_value	-9999
[rows 0 to 16 of 100, columns 0 to 36 of 100]
8.271705653423140972e-03 2.000827170565306901e+01 2.702490008701434121e+01 3.080454481710657788e+01 3.480454481710619064e+01 3.927668077210569209e+01 4.462190561035408365e+01 5.039540830225023882e+01 5.795469776243452031e+01 6.623896900989512915e+01 7.778597439368722632e+01 9.386933881871567564e+01 9.233833898569415055e+01 9.233833898569415055e+01 1.005332344747983626e+02 9.194834159699939846e+01 8.037428693047118600e+01 7.209609807947711602e+01 7.470341723248138521e+01 7.481549349106047941e+01 8.313390673378412998e+01 9.560584751281854210e+01 8.949220087932282297e+01 8.129107009830553920e+01 8.387058125137463094e+01 9.206560432862966081e+01 1.009467399752394243e+02 9.264008036409367719e+01 9.218240791526510236e+01 8.382244436490076112e+01 9.218240791526510236e+01 9.299991635754638253e+01 8.466871492029038393e+01 8.803546482954916996e+01 7.967626911471359108e+01 8.691508490614702964e+01 9.523374578252720823e+01
7.813061968023241044e-03 3.489366181081972940e+00 7.024900087014695593e+00 1.080454481710693493e+01 1.480454481710690118e+01 1.927668077210640263e+01 2.462190561035479774e+01 3.039540830225095291e+01 3.795469776243523086e+01 4.950170314622733514e+01 6.950170314622592116e+01 7.414568547578754476e+01 7.262542551785232092e+01 7.262542551785232092e+01 9.233833898569415055e+01 8.370497082804087086e+01 6.359781340892678969e+01 5.204748166634111328e+01 5.464648437121062585e+01 5.465940257927597656e+01 7.478653293922380385e+01 7.574100876305163865e+01 7.574100876305163865e+01 6.134800032468096020e+01 6.393915331056916074e+01 8.387058125126867481e+01 8.920450719017136976e+01 7.218426121084287672e+01 8.196102400498129725e+01 6.327196841097412516e+01 8.196102400498129725e+01 8.123481813241038196e+01 6.418142893223932788e+01 7.091673048708699412e+01 5.913333010081256447e+01 6.644062197061549568e+01 7.674723485087119457e+01
2.526786264046545528e-03 2.000252678626369018e+01 2.116703571074539525e+01 3.080454481710657788e+01 2.635155020089921152e+01 3.927668077210569209e+01 3.560661239066034511e+01 5.039540830225023882e+01 5.039540830225024592e+01 6.623896900989512915e+01 7.478139523158586144e+01 6.031063671020547190e+01 5.880005951057624713e+01 7.839920419563962639e+01 7.917647933562982132e+01 8.735503398810969600e+01 7.519749933934278374e+01 6.052102399647351660e+01 4.062355234493298894e+01 5.458054580272933265e+01 7.401681829244283506e+01 7.574100876300900609e+01 5.581364337551664789e+01 4.985964206306915969e+01 6.977693339498991065e+01 8.285854662456327446e+01 8.082990766947003181e+01 6.029085165545331648e+01 6.897167815087664167e+01 5.298896103684320735e+01 7.354720638793750709e+01 7.209225324802748958e+01 5.232348944188607476e+01 5.040558301314916889e+01 6.491932916683985866e+01 8.539573809342157062e+01 9.523374578252720823e+01
4.163169627051843593e-04 1.414255194069352939e+01 3.414255194069281885e+01 4.945130695820628830e+01 4.635155020089850098e+01 5.463582144836010457e+01 5.560661239065963457e+01 6.389088363812123816e+01 7.039540830224882484e+01 6.905472354360868792e+01 5.515813817730603574e+01 4.898376815033585530e+01 6.859963185310797940e+01 7.600108330897056419e+01 5.954364825949249251e+01 7.600108330897056419e+01 6.697143699159411767e+01 4.709112355042704223e+01 3.572532733750876588e+01 4.966671875610049369e+01 6.950851164481406386e+01 7.722677193424382835e+01 5.730200805796941665e+01 4.328112865998038217e+01 5.471519358979246306e+01 7.464338016178558632e+01 8.728762643569420732e+01 6.897167815087664167e+01 4.854005309784669464e+01 4.589981411214878904e+01 6.627876903940970976e+01 6.366494475271757381e+01 4.339528704946340554e+01 6.366494475271757381e+01 7.932114332632021103e+01 8.556732683799546635e+01 9.389366085971390419e+01
5.883922493566802643e-03 2.000588392249321146e+01 3.373899048594278582e+01 4.202326173340497917e+01 5.357026711719770162e+01 6.828384894140769745e+01 6.828384894140769745e+01 7.657284090034728763e+01 7.478139523158586144e+01 5.515813817730603574e+01 4.111128813440787155e+01 5.448351577171774096e+01 6.264405980234243287e+01 5.731896383938747164e+01 4.815567310236188803e+01 6.784145902886751855e+01 6.531626038959994673e+01 4.546448746465362944e+01 3.153944769652751035e+01 4.546448746465362944e+01 6.531626038959994673e+01 6.120442438403753727e+01 5.297928082147878825e+01 3.888841270888319457e+01 5.286821668834309662e+01 7.277145924942874444e+01 6.681298715625483453e+01 7.740055674706169953e+01 5.983437764900408951e+01 3.979986713726469816e+01 5.392652280809065246e+01 5.416448009163597987e+01 3.959917269373070070e+01 5.961101321206673020e+01 7.108890434473266851e+01 6.509174538625561013e+01 8.556732683799546635e+01
1.256007409845548732e-03 6.667922674076541156e+00 1.373899048594207883e+01 2.528599586973479774e+01 4.528599586973550117e+01 4.824706599944286722e+01 4.824706599944286722e+01 6.828384894140769745e+01 7.138570095404485016e+01 6.841476993846680443e+01 4.871300135498365336e+01 3.443384931069345356e+01 4.881261372567024637e+01 3.736980452340991121e+01 5.155584453128323474e+01 7.123236463458708556e+01 6.198623451851014465e+01 4.748006979381059978e+01 2.774017507358974655e+01 4.748007062198598760e+01 5.600730510574398835e+01 4.778947277475428734e+01 3.321708054805861110e+01 5.297928082147869588e+01 6.692797634342686308e+01 6.946018543357043029e+01 5.240242977003246239e+01 6.946018543357043029e+01 6.827406415194973022e+01 5.392652280809065246e+01 3.429022046626859321e+01 3.452010795131067056e+01 3.903354984719001664e+01 4.395340144317570008e+01 5.057180171265865454e+01 6.242112122388294182e+01 8.292931628230741126e+01
9.594114293757748102e-03 2.000959411429340307e+01 3.373899048594278582e+01 4.202326173340497917e+01 4.408130975486319159e+01 3.404691563718707670e+01 5.411570384998147176e+01 6.560403564859930725e+01 5.165120256150871114e+01 5.999198026371431069e+01 6.264405980234042914e+01 4.881261372567024637e+01 2.853632590350649068e+01 4.881261372567023926e+01 6.274529669687822064e+01 6.780844986779563044e+01 4.794543149644834301e+01 3.398897425966043784e+01 2.411524998400928510e+01 4.387607533591916109e+01 4.306805521289394534e+01 2.803836606183162417e+01 4.198234927973089015e+01 6.120442438403576801e+01 7.401029475406548386e+01 6.102762895689673428e+01 4.098130426489648670e+01 6.102762895689673428e+01 5.521126591361360880e+01 4.687523840206497994e+01 3.060893100131596256e+01 5.007552708440768896e+01 5.900932681182077033e+01 6.424987013404128788e+01 5.824697829689081630e+01 7.874213302074872445e+01 9.127035245379163086e+01
7.711341127313004785e-03 1.414984696485838889e+01 3.414984696485909410e+01 3.620345502721544051e+01 2.399651770792790018e+01 3.560081307655158156e+01 5.566588394099152026e+01 5.743130331736754357e+01 3.744765579430716684e+01 4.005405516183388670e+01 4.964039059013747135e+01 4.140615924598963460e+01 2.524708653875194031e+01 3.451925679811330383e+01 4.879673501980536798e+01 6.853022599821308347e+01 5.457691438249430860e+01 3.478597450954508474e+01 2.079236673105548405e+01 3.859048548258283517e+01 2.329564265263352851e+01 4.306805521166193529e+01 5.600730510574398835e+01 7.003226093175693734e+01 6.559316561958542025e+01 4.540844527010307274e+01 3.422570639721210028e+01 4.589349817739615389e+01 4.390615283790599932e+01 2.740540388898311974e+01 3.377911234137964414e+01 4.489142237478690589e+01 5.908664021945884315e+01 7.949200694184881399e+01 7.874213302074872445e+01 8.710498427889909578e+01 8.757517307855891886e+01
2.297228869525369630e-04 2.000022972288659773e+01 2.968910727193295429e+01 1.612492526319542918e+01 2.771724810596652944e+01 4.779755484743072458e+01 6.395951651287663253e+01 6.560402381268221461e+01 4.589373903099968288e+01 2.557738223252033549e+01 3.739973620114518127e+01 2.099127185364086756e+01 4.129529348141231537e+01 5.378080800587095922e+01 6.274529669701121293e+01 6.219326121672840912e+01 5.071709751805254029e+01 3.741362882658644651e+01 1.759261008678600646e+01 1.878035639264502166e+01 3.859048548258283517e+01 5.127969153910739664e+01 6.810591264267590361e+01 5.972283738772001271e+01 5.972283738607033854e+01 5.996690173587892758e+01 4.005304219102739438e+01 2.634438660003134203e+01 2.432937269910874178e+01 3.809177993734366652e+01 5.342226430350258681e+01 4.749660234808230541e+01 6.772807776232419030e+01 7.581454441564942215e+01 6.728136892748212006e+01 7.584061942713886140e+01 7.958629265145087572e+01
9.647730019007896146e-03 2.000964773001865282e+01 9.627548670181452550e+00 2.445364665149384820e+01 4.450998326785372683e+01 5.611100030848019315e+01 6.608002059661208705e+01 5.197646284276855511e+01 3.946913956225598952e+01 1.907234097289343921e+01 1.699798479839975229e+01 3.149840216882329358e+01 4.964953517711861508e+01 6.006183197690864972e+01 5.180468052118050082e+01 5.393276493472581734e+01 3.404335465602295585e+01 2.260717957735131023e+01 1.447304569900448890e+01 3.431810679337132086e+01 4.679293457067745265e+01 6.171923020429575502e+01 5.972283738772001271e+01 3.977050347872834379e+01 3.977050347872828695e+01 4.663432865223705903e+01 3.835977690650017990e+01 2.130513810980372469e+01 4.100394688106091934e+01 5.221310196568211381e+01 6.633442399166931125e+01 6.772807776232633614e+01 7.613390040032538764e+01 6.664236491064714585e+01 4.929239049179965093e+01 5.987216556969332970e+01 7.065549675749130643e+01
3.582433992925927561e-03 3.852604633333753803e+00 2.387170207322906279e+01 3.799779720840998465e+01 5.424536349911663535e+01 5.513342605281231101e+01 4.613880525569136637e+01 3.787997841650885533e+01 2.342280223036611275e+01 1.322169583908969770e+01 3.358108682855538518e+01 4.567688363911698701e+01 5.985541728043855159e+01 4.801453274787493086e+01 3.065182715764679600e+01 4.671665213268057926e+01 4.978127642259436669e+01 3.224860661893093550e+01 1.243067798254611667e+01 3.224819497242299349e+01 3.364340129339212382e+01 5.349465362845189276e+01 6.180210890804205803e+01 4.561440337165932846e+01 2.591693259740850053e+01 3.576574350519238976e+01 1.860402873489582731e+01 3.835977690650017990e+01 4.100394688105226493e+01 6.092319170321936639e+01 6.265124070799431166e+01 6.455582075382709206e+01 7.288698421404227190e+01 5.784279701046087041e+01 4.546329023387973933e+01 3.937894225749813870e+01 6.068545609745332570e+01
1.813270376062421294e-03 2.000181327037570611e+01 3.216317960406396281e+01 3.667729307517002013e+01 3.686140022459682086e+01 3.220883380697027576e+01 2.205397705613634685e+01 3.503458590646862092e+01 2.797515214619486912e+01 1.089033652411556652e+01 2.529968295147371293e+01 4.553581265229508546e+01 4.204927754888914393e+01 3.203293121403421395e+01 1.863976683919320720e+01 3.191430627673009468e+01 4.193489452431652609e+01 3.020048876958529505e+01 1.057185590612139414e+01 1.751564968422387025e+01 3.564503413032124257e+01 4.763880795163664317e+01 4.285560334797903437e+01 4.105396838753442523e+01 3.329107885430185121e+01 1.598904727454987729e+01 3.576573368459278868e+01 4.663365148775748281e+01 5.813860266584760694e+01 4.969267779122725415e+01 4.060306751597866537e+01 4.296305341580521997e+01 5.436170808107969776e+01 5.042563684932390089e+01 3.093496527632803250e+01 3.668288901454467776e+01 4.646556501995457467e+01
2.372884694381488524e-03 2.000101245307640596e+01 2.715803540329989474e+01 1.535473903756877334e+01 2.349246395764472339e+01 3.543749450139020318e+00 1.795600867276773727e+01 2.482028331888046679e+01 7.633519224079744703e+00 2.797515151108433074e+01 3.481480866767824978e+01 2.641925178175517885e+01 2.371249418272190468e+01 9.732475855705514434e+00 1.806747406987828342e+01 2.082326336907327402e+01 2.741996858809419635e+01 2.635492630427263450e+01 1.979304720724652356e+01 8.371224649876705115e+00 1.906299204479297416e+01 3.902411278338850309e+01 4.278713500696439809e+01 2.343336294883041404e+01 1.345707026347379021e+01 3.329276623550291703e+01 4.365087672951875675e+01 5.229957694410479974e+01 4.668649536225309049e+01 2.992795345193824730e+01 2.360649806566137698e+01 3.684603252285713637e+01 3.282040444425661718e+01 4.515352430674802520e+01 2.519068088828628049e+01 3.949367619309082045e+01 5.961143955642130976e+01
8.175220331382775790e-03 3.038637287132142650e-01 5.995845580777834360e-01 8.955643374336308415e-01 1.191673847190455549e+00 1.487881033959149057e+00 3.202356918047635670e+00 4.554527396727368505e+00 2.481729469151289891e+01 3.608414154873531032e+01 2.584182574695072887e+01 4.532792626807672143e+00 4.500164758946318067e+00 1.072031789895739173e+01 1.757138211482859802e+01 2.095902565855368138e+01 5.981135996807718236e+00 6.292981432277381160e+00 6.654731763273862732e+00 7.023104214393081968e+00 2.686088800146976752e+01 3.508986162986411728e+01 4.254640138786553649e+01 3.131424757717438467e+01 1.168931532829580533e+01 2.910636706458180001e+01 3.204007286172813451e+01 2.667747900168566844e+01 3.138560127370569930e+01 2.001675590410683014e+01 1.293368387603184289e+01 1.319080536472756116e+01 2.857451777138806648e+01 3.526893123443350220e+01 2.085723461921816835e+01 3.258996218574831261e+01 5.286847402447778421e+01
9.124702163186202558e-03 5.850400120596964015e+00 5.182169001718091472e+00 1.376550091861446745e+01 1.787120213273689373e+01 1.874827444343778637e+01 1.907995860984096570e+00 2.159737418923534946e+01 2.864322413910005594e+01 2.519976230174317067e+01 2.314843876780293996e+01 4.078767609509913683e+00 1.741857130110163254e+01 4.927730704584209143e+00 5.235237863011732884e+00 5.543109585743843937e+00 1.416471456372688742e+01 2.078015455143527745e+01 6.984002442227594365e+00 2.634612064547621202e+01 7.444573211756740250e+00 2.639344321388057679e+01 2.934456709384064155e+01 2.045860315322054745e+01 1.415153485486025176e+01 9.234749935795989018e+00 9.557978651299313455e+00 9.878810386331682736e+00 1.019828285305228377e+01 1.051673196659418963e+01 1.083449066645568948e+01 1.962130766824207839e+01 1.338229080662558523e+01 1.572978739745703258e+01 3.528364206802039149e+01 4.905524874273204006e+01 6.160709257349646606e+01
2.239863785106879172e-03 1.762486255343442565e+01 7.784125677222551332e+00 2.233892389849042814e+01 2.219574282649817221e+01 2.065247465251324410e+00 2.208505845450210892e+00 2.079578261152470020e+01 3.054412251897999475e+00 3.353151313271401257e+00 3.652994530692654340e+00 2.369536033395338848e+01 2.756012784143201699e+01 7.521421401839504917e+00 2.647406745980503473e+01 7.229392754614575090e+00 3.084855322888189022e+01 3.565086006289735110e+01 3.548813171765831953e+01 1.625183611324069943e+01 7.740258290397363794e+00 7.833651803086557841e+00 8.136277852033698466e+00 8.458923310800143369e+00 8.780830570373392874e+00 1.308487955939859404e+01 2.042468820246751804e+01 1.861190485103747250e+01 2.306842768137270383e+01 2.876739888778005394e+01 3.023652530440912400e+01 1.128742572550539514e+01 1.396052168363463508e+01 2.861746987772125195e+01 3.458950740290839576e+01 5.277381936657052819e+01 4.884515346630330157e+01
1.766589122093755728e-03 1.430704012287640126e+01 2.605555996016852660e+01 2.658827422243668792e+01 2.479621388198854959e+01 2.489271612402981759e+01 2.299645627175697982e+00 2.632042067067851487e+00 1.030382823597459740e+01 1.813471087492378686e+01 6.473457970856150823e+00 2.782952396414638230e+01 3.160752366330543239e+01 1.028396334641741916e+01 3.159241760413736344e+01 3.983399928011046143e+01 4.944399628863757812e+01 4.636649448512018523e+01 2.744525166062344113e+01 3.606439471045023026e+01 3.027999306823676662e+01 1.418759850860523564e+01 1.895220478347555826e+01 2.746354751628856405e+01 2.758298111108182127e+01 1.099644385026810944e+01 2.698282792003670139e+01 2.983207415096132564e+01 3.167236033935900963e+01 3.961968206901341460e+01 3.419029538728069895e+01 1.161448978095697981e+01 2.501576946188058770e+01 3.497587990428586124e+01 4.307529962397327239e+01 3.943807893535654330e+01 1.548660481066284333e+01
