LEM/sinusoidal_perturbations/elevation_000645.asc
nrows	100
cellsize	150.0
xllcorner	0
ncols	100
yllcorner	0
NODATA_value	-9999
[rows 51 to 67 of 100, columns 37 to 73 of 100]
5.160102658740442649e+01 6.174037243344638881e+01 7.579319534127829172e+01 9.574740036581155778e+01 9.086729782821271328e+01 8.396531621680583157e+01 6.514315552051597535e+01 8.396531620991083855e+01 7.787679671462561259e+01 5.782714454288757366e+01 5.117404849627428831e+01 4.516654632667588487e+01 5.524826309539135849e+01 6.944742431774257341e+01 7.950176921881320879e+01 6.277024420954582240e+01 4.309436195595264962e+01 6.301437962874019405e+01 6.984295349589820034e+01 6.773099258093361641e+01 6.716516682444377295e+01 8.313645097765645176e+01 7.719316964638043999e+01 9.723824192501437835e+01 1.075469604381489148e+02 1.136321761352527204e+02 1.041417714938187515e+02 1.122451982863694298e+02 1.144459171619311633e+02 1.207777274687952200e+02 1.155886181766209972e+02 9.591049512920876907e+01 1.003055448691172700e+02 8.066580541001852112e+01 8.483386464804021898e+01 1.012925841863246887e+02 1.044413181460697047e+02
6.327686162623232491e+01 7.995561890021382112e+01 8.991836319623614315e+01 8.471909831147378611e+01 7.006357972689221469e+01 7.548557513860295387e+01 5.474664427607054762e+01 7.548557513860295387e+01 8.623921585959230640e+01 7.787679671464198350e+01 7.119357932405813472e+01 6.111870736180761554e+01 4.114450111397765397e+01 5.730979167618877312e+01 6.556582896830603602e+01 5.760806334595307021e+01 4.082497544505861953e+01 5.491082297556505409e+01 7.484703766016259863e+01 8.766939795878187169e+01 8.594756074297998794e+01 8.410123028818426860e+01 9.646004823667001915e+01 1.063059647160305445e+02 1.136321761352527204e+02 9.329033895092281625e+01 8.856733893521347056e+01 9.207513413341918351e+01 9.428281005329544939e+01 1.144459171619311633e+02 1.237800151796766670e+02 1.155886181766209972e+02 1.057410677415747529e+02 8.614301131451247784e+01 1.044724938033296411e+02 1.126474175245918019e+02 9.627404670041971713e+01
8.318021237637660192e+01 9.146259118194492999e+01 8.632393899451300001e+01 7.433575339370555923e+01 5.535056390046254648e+01 6.857259818436790511e+01 4.787661652053760974e+01 6.857259818436790511e+01 8.493330085897430592e+01 7.666338459243918635e+01 7.666338459243918635e+01 6.944742431774244551e+01 5.730979167618877312e+01 3.733003740444904395e+01 5.484149094291867499e+01 3.766126150468742395e+01 4.192422984547206966e+01 6.189184654151348042e+01 7.441965730585928895e+01 8.182941807206580620e+01 9.011450460485657743e+01 9.976428544683393795e+01 1.085463788432252841e+02 1.133901196724834648e+02 1.097331894173784974e+02 9.702313434188062047e+01 7.672956684109745140e+01 7.782420768729582505e+01 8.682361633890177188e+01 1.011117317976237615e+02 1.212523618820684845e+02 1.196654624377754317e+02 9.997339461057246979e+01 9.352915622922118644e+01 1.131613331427026026e+02 1.076540232582049157e+02 8.794327307299406016e+01
8.788428382069750455e+01 9.614826651349055453e+01 7.776749549032668085e+01 5.695900134253830061e+01 4.507325144925515303e+01 5.600484612317094246e+01 4.200989173945654898e+01 6.259715113128695663e+01 7.666338459243918635e+01 5.667970986767594610e+01 5.667970986767594610e+01 7.080650536332511535e+01 5.481434934463548814e+01 3.469818451932872705e+01 3.486077607324384786e+01 5.484149094291867499e+01 6.189184654151348042e+01 4.842060147379326907e+01 5.425103201504728645e+01 6.149589183965620265e+01 7.209409455697036151e+01 9.296284662776611185e+01 1.075123604571606961e+02 9.332016716077919227e+01 1.013950982147021023e+02 8.123055392401857944e+01 6.966407788765610576e+01 8.975309456284502119e+01 1.063244602832903070e+02 1.070107857719878695e+02 1.271364400923826139e+02 1.278657857095671346e+02 1.196654624377754317e+02 1.032919881830813296e+02 1.213568556729724151e+02 1.158222467535175753e+02 9.932988620572827188e+01
6.930756904142651820e+01 8.610761375465165202e+01 7.764008689860170875e+01 6.920739492217222733e+01 5.600484612317094246e+01 3.559575503814222941e+01 3.668052318914886456e+01 5.709537337523223499e+01 7.666338459243918635e+01 5.667970986767594610e+01 4.252877459890610368e+01 5.358672383035519005e+01 5.006175620619538336e+01 3.210530522579865931e+01 5.213333677893467666e+01 6.310091029195520207e+01 7.673181357993205154e+01 6.848110312430621605e+01 6.263849016858123520e+01 7.441965730585928895e+01 9.011450460485657743e+01 1.013349419305498600e+02 9.919852015336536510e+01 7.915035821450061349e+01 8.651894922802335941e+01 8.024343270717311327e+01 6.567443549235778733e+01 8.571921120656207904e+01 9.430957555988493368e+01 1.014067135604184813e+02 1.097220670631380699e+02 1.197623818953406811e+02 1.312368597734358957e+02 1.230306781023239608e+02 1.312368597734358957e+02 1.272002924622935609e+02 1.190250059364714019e+02
7.280224037224897415e+01 6.195207846662486872e+01 6.920739492217222733e+01 4.862557140761515484e+01 5.011324900724235931e+01 2.976920036881815079e+01 4.985461392325956353e+01 6.471318704728622606e+01 7.395745165227121731e+01 6.600280029294533790e+01 5.335632384188344446e+01 3.355752365469075471e+01 3.004181281182759733e+01 5.006175620619538336e+01 3.922124442582452986e+01 5.919519457920249295e+01 7.532185060663472598e+01 8.426734242244990014e+01 7.677061429434886008e+01 9.082513699128297446e+01 1.026278931831919863e+02 1.051079243369008935e+02 1.041377642736380977e+02 8.651894922802335941e+01 6.651173633462528301e+01 6.023680621200671936e+01 6.358843794229789381e+01 6.874164419253656888e+01 7.427122792421974395e+01 8.133297573610347797e+01 9.136416294405711369e+01 1.114492647858001391e+02 1.296199221397586996e+02 1.301277567810375331e+02 1.216484045445818083e+02 1.265410498965079569e+02 1.275045619642916819e+02
6.005219827584324577e+01 4.185733051192607235e+01 6.005217894593972261e+01 5.465384730410475811e+01 3.409190152668015372e+01 2.558923971640393802e+01 4.595245046079338636e+01 5.555120856913822536e+01 5.555194790127691107e+01 5.385095163308540833e+01 3.960574042407521489e+01 2.803291054350821909e+01 4.215818653294085294e+01 5.834611060196638022e+01 5.919519457920249295e+01 4.705788522246155736e+01 5.597921349407861413e+01 7.010459087453003235e+01 9.012013283006341169e+01 1.048796596882171315e+02 1.051079243369008935e+02 8.507209473645353626e+01 8.874873797208508108e+01 7.582059843361980711e+01 7.651534293853552526e+01 5.652181209629744529e+01 7.651534293853552526e+01 8.875193780558718970e+01 9.430957555988493368e+01 9.430957624405569106e+01 1.097220670631380699e+02 1.197623714836004183e+02 1.092507364866654740e+02 1.183850182067919405e+02 1.013640390912385243e+02 1.062055911278441584e+02 1.265410498965036510e+02
5.112595385549908400e+01 2.926099310565125222e+01 4.009345271399916300e+01 3.966077839462730026e+01 3.827526846078137623e+01 2.162555024418339400e+01 4.210815555704621005e+01 3.628237828498153306e+01 4.297874538288203183e+01 4.413553547848594860e+01 2.598128359841437174e+01 3.271996595701659061e+01 5.271405279206411620e+01 7.043638586189207729e+01 7.532185060663472598e+01 5.703325821374083660e+01 7.532185060663472598e+01 8.426734242244990014e+01 9.087588005599647545e+01 9.917162003330238917e+01 1.029141535709742925e+02 8.288123071437385647e+01 6.875996615286587144e+01 6.170540902165200947e+01 7.316374644569316388e+01 5.384996364743231823e+01 6.797892775211091987e+01 8.798580766891112148e+01 1.058801535129909155e+02 1.143843286964890211e+02 1.188667994114380804e+02 1.152167328372087525e+02 9.499727394495361921e+01 1.009194166299131012e+02 8.977279636564917098e+01 1.039873419039646194e+02 1.243014987488972025e+02
3.992800432049200765e+01 1.929746580666527223e+01 1.878962554065378043e+01 1.938014764832803039e+01 1.996777571055948286e+01 2.056399443041147634e+01 3.767797527958867931e+01 2.902797333873976982e+01 2.287060966212807855e+01 2.305420130910837884e+01 4.409831059330989689e+01 5.271402953427812577e+01 4.426884306811374614e+01 5.580303376327852050e+01 7.578977323309901237e+01 7.116011171762706056e+01 8.532421391954636647e+01 8.760981747192815305e+01 7.085110325113180352e+01 8.451924688864484381e+01 9.281453776821638257e+01 9.705225308213097435e+01 8.765886140021891038e+01 7.316374644341441069e+01 5.318847299754360591e+01 5.124992799885964700e+01 7.123205798920406551e+01 7.755125237293600549e+01 9.757327624494216423e+01 1.129647509485850634e+02 9.859603563420823491e+01 1.129647509485850634e+02 1.009194166299131012e+02 8.080974531549000517e+01 9.402185661185609433e+01 1.015260304189449272e+02 1.098920298657164238e+02
1.966895404051798479e+01 1.795167959738424202e+01 3.146474751578271878e+01 3.914150818395457065e+01 3.982737650152874664e+01 3.858096251927135967e+01 2.140870045231215713e+01 2.201055866769543456e+01 4.203025546667844026e+01 2.378315408413801180e+01 3.549574035150578055e+01 5.543166329208197141e+01 6.425042381997523933e+01 7.254018839094472071e+01 8.408711703324675568e+01 9.117770897487106652e+01 9.038490955134707860e+01 7.042057222236351777e+01 5.942698665280747150e+01 6.458070996411275644e+01 8.451924688864646384e+01 7.785899244402834540e+01 7.936083157507917463e+01 5.938071598949775165e+01 4.785541117075232620e+01 6.782258563082322667e+01 6.123860551824323295e+01 7.536223711600700881e+01 9.538019833047671625e+01 1.045332051503255286e+02 8.438690635583685662e+01 9.290173420611613153e+01 9.685622524966105118e+01 8.846383130420683472e+01 7.393530352647889003e+01 8.150863131603004774e+01 9.305281628558192608e+01
1.711632258342850577e+01 2.150814719830844624e+01 4.290728276242606398e+01 5.468732825759924054e+01 5.652267730562664383e+01 3.783916997749290090e+01 2.633230089939464946e+01 4.305360384595576306e+01 4.465760586656534770e+01 2.453328879489179215e+01 4.455255464718311487e+01 6.309787965104481344e+01 7.185667760581493724e+01 8.014903439031363064e+01 8.570853419571527354e+01 9.389630220875899624e+01 8.450879154637263468e+01 6.457772654512285726e+01 5.075069091672710897e+01 7.042057222236211089e+01 7.193020706733842928e+01 5.756753360536544761e+01 7.192726079094541092e+01 6.569035705838372508e+01 4.573605419185719967e+01 6.569395472677172165e+01 8.122533101447531578e+01 8.952445481393382920e+01 9.373891103202969077e+01 8.535635323051272394e+01 9.290173420611613153e+01 7.280993957296063002e+01 8.343037143480839291e+01 6.836947581242340277e+01 7.977835078795487789e+01 9.933702177507929321e+01 1.098843788143094713e+02
3.723864749533036900e+01 1.782412943423853946e+01 3.771273795435661214e+01 4.570788218344038967e+01 5.479566247749114893e+01 5.496051084671950804e+01 5.709350403524592821e+01 5.871390979059497539e+01 4.498276289026743768e+01 2.523500001666623760e+01 4.535407194984320967e+01 5.772670871280762128e+01 5.187388883443746579e+01 7.185667760581493724e+01 6.567938394398196067e+01 8.237679356500522942e+01 7.932098754015159159e+01 5.951030453261738984e+01 4.535209984069377498e+01 5.865931434197189276e+01 5.599839066869506610e+01 4.481968462343233028e+01 5.865498538436495579e+01 6.073292251573324307e+01 4.365599907999913398e+01 5.361691916515196255e+01 6.772838056817901986e+01 8.771413258481823050e+01 8.212475907693058730e+01 6.529016494691279604e+01 7.647970105431740251e+01 7.928750963366461235e+01 6.334707509441391693e+01 7.489401154037102515e+01 9.389724282555692980e+01 1.074258191436144756e+02 1.051352642879134578e+02
4.625535530589940691e+01 3.794304927317678988e+01 1.853681096666681327e+01 2.849567271760874476e+01 4.201492034228144234e+01 6.082095882969100131e+01 6.853009694841540522e+01 4.632520035268992586e+01 3.218697431117228547e+01 2.593236284056498064e+01 4.604724487870091565e+01 3.772222354196974692e+01 5.772575664924815442e+01 6.148538615238378924e+01 5.411377283428114993e+01 6.652038807952675370e+01 6.615231764263945990e+01 6.718950132203539738e+01 5.865931433764992420e+01 3.564116551047487746e+01 3.601299698434607421e+01 3.681195620420148629e+01 3.881905872079691022e+01 4.080940486113836840e+01 6.072009455947915058e+01 7.185747217740161830e+01 8.187000221210348627e+01 7.845237532814327608e+01 7.010771492574089336e+01 5.374934080006493531e+01 5.644004650348225738e+01 5.921067610979238793e+01 7.928656352126945706e+01 9.180074547372373672e+01 1.028573489808610617e+02 1.069616633541621269e+02 9.507272599445427375e+01
5.425227086776044416e+01 3.555732660015263491e+01 1.904316949420548255e+01 3.331678130817473971e+01 4.959654402131543094e+01 5.938677623843237541e+01 6.961849263201341387e+01 6.098882942033749543e+01 5.191886301029647655e+01 3.603954701166002650e+01 2.692610351815629954e+01 4.703361617695621533e+01 5.614950118539961466e+01 4.110773657720569929e+01 5.088726800693493146e+01 4.578620121720541647e+01 4.642097644580014304e+01 4.720752594598191365e+01 5.381279948845904926e+01 3.494664813368554945e+01 5.489841098118523632e+01 5.678158735492147713e+01 3.805446287581975895e+01 5.799192348623272153e+01 6.748435663789754813e+01 7.534250193186258571e+01 8.338231082650241888e+01 7.010771622832184846e+01 5.010615238778486003e+01 7.010771460363623930e+01 7.647970055603482820e+01 7.084296020497535551e+01 8.347233839550524692e+01 8.477996047884553832e+01 9.322914435363323093e+01 8.530268866900007652e+01 8.439619047102708294e+01
5.195175391488856320e+01 2.492872987817056085e+01 1.954924060949064213e+01 3.943053303778847862e+01 3.240072908275799080e+01 4.346759788333339003e+01 6.180551885034117987e+01 7.235985230012224179e+01 5.238733371589999166e+01 5.529671754539152317e+01 4.702169647067558600e+01 2.792820765579025633e+01 4.787999057130962655e+01 3.173021626817069674e+01 3.078286822162616687e+01 3.154641168237309401e+01 3.231154704410055700e+01 3.307822180103111975e+01 3.384626253624882963e+01 4.140181600812469043e+01 6.133056416078579076e+01 6.627557650349750418e+01 5.799257251793046208e+01 3.927569646440526441e+01 5.920823140982241028e+01 5.623905021319954045e+01 7.328648523905503964e+01 6.524114601280021475e+01 4.762816950289671070e+01 6.761862741148587475e+01 7.774978406581250567e+01 6.945657963096677179e+01 6.803363969867370997e+01 6.477853728577899517e+01 8.483961885239091316e+01 8.323855461968678071e+01 6.210270841920584672e+01
5.183776301204474635e+01 3.544269094430549671e+01 3.071881870072441600e+01 2.025890257575256470e+01 4.109344121013710094e+01 5.623179835699297513e+01 6.542683654656845249e+01 7.698136519548921797e+01 7.235985229891463177e+01 5.768061052014007828e+01 3.747799133177590392e+01 4.612288955005074342e+01 2.894101007906797562e+01 2.970270225675452735e+01 4.380738802649594277e+01 5.145592759386396864e+01 5.229438814631122767e+01 5.305413057929960274e+01 3.768101638812592569e+01 5.808431930334769078e+01 5.400749780388957078e+01 7.393173634711946818e+01 6.748350952348066301e+01 5.335486224363224750e+01 4.049265946012791773e+01 6.026378252889722376e+01 6.276395044643965804e+01 4.417096883753864489e+01 4.525122298022655798e+01 6.521765878624655954e+01 6.783743871210226928e+01 4.949803915348149275e+01 5.064408698199420655e+01 7.059653376118959045e+01 7.338619224547652209e+01 7.479866981031833006e+01 5.682014992616983307e+01
5.625490007896737410e+01 4.579604994040974475e+01 4.057081094231310914e+01 2.075701883290985705e+01 4.099376583295570242e+01 3.287597646153277964e+01 4.539013726579675989e+01 6.852640743855340588e+01 7.195846042760987871e+01 5.176505239544886905e+01 4.928519618187326756e+01 4.882002809079152428e+01 4.417700758939545835e+01 3.117920439672045063e+01 3.541786705223105969e+01 4.478570570585958421e+01 5.949066087880790121e+01 6.472363351832443357e+01 4.379152556961861364e+01 6.472711730713932354e+01 7.393173634720309906e+01 7.393166176778147758e+01 8.157432517678103068e+01 6.210758766450885560e+01 4.190883858296528786e+01 4.184073917406863075e+01 4.279336522921443731e+01 5.624881169709234285e+01 6.461833868461151553e+01 4.678777332224613872e+01 4.788489671410429338e+01 6.782698095536478888e+01 7.059404217002938253e+01 5.228692984351991413e+01 5.345256818170810220e+01 5.484168814006795856e+01 7.479866981074424359e+01
