LEM/sinusoidal_perturbations/elevation_000348.asc
nrows	100
cellsize	150.0
xllcorner	0
ncols	100
yllcorner	0
NODATA_value	-9999
[rows 34 to 50 of 100, columns 37 to 73 of 100]
6.768942537845414620e+01 6.029717067248319751e+01 8.055532694145061612e+01 9.396082893664946312e+01 9.694879418254419079e+01 8.641061370980520451e+01 1.024019610078611038e+02 1.038497561211985385e+02 8.391989737523617521e+01 6.988515262259662109e+01 6.170794864650641642e+01 7.666034805814902597e+01 8.493234652786874506e+01 9.117444242205537819e+01 8.291214268071446725e+01 7.246586478363455797e+01 5.258594699255268523e+01 4.869343569151930495e+01 6.838631228457980171e+01 6.986927403866562258e+01 5.097593048763499723e+01 5.547209559110692112e+01 7.177228200607497399e+01 7.295976226602978443e+01 7.361663633442270793e+01 5.520463881415980012e+01 7.543583672531158868e+01 8.630229821153513114e+01 9.466826332182428416e+01 1.029453415001184595e+02 1.022561773694600902e+02 1.068341832161402891e+02 9.872608687927505855e+01 9.208790292574440173e+01 1.147520806094160406e+02 1.213324727010314916e+02 1.197726188037453880e+02
5.567832848729876360e+01 5.395770346555439545e+01 6.600513351279364826e+01 8.597942635686530366e+01 7.750572652473067592e+01 7.494595154616777677e+01 9.447634999854399496e+01 1.097321362759862637e+02 8.975721785383852591e+01 8.915540880862015172e+01 6.928336231192335504e+01 6.839549269692091116e+01 8.826897544444409505e+01 9.734197506782112441e+01 7.696386034433599832e+01 6.199918873481107084e+01 7.216667011337530369e+01 6.220231273068257138e+01 4.951260195144090659e+01 5.009681324894513921e+01 6.752784563228016168e+01 5.186143522376816151e+01 5.248623708595590642e+01 5.311220845156373827e+01 5.374147382549391949e+01 5.443435645046943705e+01 7.432582041552478813e+01 8.352442280713164280e+01 9.272168359800392068e+01 1.011415417093319604e+02 1.019711719082006880e+02 1.102821885775909152e+02 1.157395268183059898e+02 1.147520806094160406e+02 1.237463350624503278e+02 1.222734807173863629e+02 1.097763956161033150e+02
4.633954351985854458e+01 6.696553370355813684e+01 7.054695023844269031e+01 7.418588707320621722e+01 6.304325079435416512e+01 8.320046919468386193e+01 9.958190747114889518e+01 1.075017749119662369e+02 1.032442024984672599e+02 8.331963941529684803e+01 8.915540883017824569e+01 7.338298534055418543e+01 9.323097214574053737e+01 9.734197662237691873e+01 7.696386034477268367e+01 8.293246335058809393e+01 6.758319588559695035e+01 5.620587267002389353e+01 6.925730671424820173e+01 5.172590906757450568e+01 5.785521888470509566e+01 7.231010224496777994e+01 7.238084454350213548e+01 6.715865378745900216e+01 6.523467644346088434e+01 7.432924026240800686e+01 5.542523770439360931e+01 7.516899214804544727e+01 7.274755738722235776e+01 8.796014013071533100e+01 8.215658074564048263e+01 1.019711719082006880e+02 9.578567428879497925e+01 1.098510817821007208e+02 1.213463449406282848e+02 1.133320806157418019e+02 9.399307009846828009e+01
4.329334401411937705e+01 4.654141856186289061e+01 4.990100080996018761e+01 5.360095175113509924e+01 5.845753765236204913e+01 7.886847791883481307e+01 8.028913004858056013e+01 9.958190747114889518e+01 1.115731132541026511e+02 1.032442024984672599e+02 9.854022810650063491e+01 7.867481132264957466e+01 9.854022810650063491e+01 1.056214315670486172e+02 9.734197673811691232e+01 9.513810110707454726e+01 8.136164437902175450e+01 7.320026844296535273e+01 5.527200414163043973e+01 7.477205889529990657e+01 5.537001682291253957e+01 7.588255479786892010e+01 8.812676173390086376e+01 8.699036015969457480e+01 7.926299930183836295e+01 8.357569415034716087e+01 6.696261674236525607e+01 5.643106364403973174e+01 7.635502459083393489e+01 6.815987120102070662e+01 8.795752461831136770e+01 9.101650139048530264e+01 8.177394277172450643e+01 9.318881574322152517e+01 1.131609250936429021e+02 9.926386738274493382e+01 8.519564628736365819e+01
6.393007432255799216e+01 6.719753062572677038e+01 6.041194694890427996e+01 7.418588707861385956e+01 7.886847791883481307e+01 6.593898258058040085e+01 8.593985372772804965e+01 9.630885012448932514e+01 1.152955542638570563e+02 1.185905084353766199e+02 9.854022810650064912e+01 8.525401418105532514e+01 1.051833350692231761e+02 1.140816527622812799e+02 1.041213419757547740e+02 9.583150897721877470e+01 8.027330769490760076e+01 5.959105519005719742e+01 7.629312379242034581e+01 7.587832509286751304e+01 7.588263390364478767e+01 5.978864954682656929e+01 8.001037875268960420e+01 9.237732316126860610e+01 9.907973646356923325e+01 8.678274212284379985e+01 8.339113422082816385e+01 6.057793193440610224e+01 5.745620927677042999e+01 7.737570300538014578e+01 8.634615101204192911e+01 7.176097353969332460e+01 8.460385883507753135e+01 1.043034658838908513e+02 9.633882500494570422e+01 8.808337399584542027e+01 7.134570076698209107e+01
5.800504599867355893e+01 7.781180713913732916e+01 7.494499294710614379e+01 8.874975736801263793e+01 9.389545248027341984e+01 8.028913004858056013e+01 7.691023414380238421e+01 9.075413676829663245e+01 1.097191144441044344e+02 1.215894644851450010e+02 1.014961416236080822e+02 9.670447867616390170e+01 1.135233643864145705e+02 1.057533783916696279e+02 8.590963956276787883e+01 7.599970669913943766e+01 6.921346521302686483e+01 6.312663875745101194e+01 8.340169675546719930e+01 9.554011782771289063e+01 8.813133251311263905e+01 8.001037875186001713e+01 6.453235987435661514e+01 8.426631255568894119e+01 1.027747227781233335e+02 1.066479545256235610e+02 8.855158329757128399e+01 6.866804569251932833e+01 7.736645011983995346e+01 5.849761419464309853e+01 7.821489803707758881e+01 6.569957891925027127e+01 8.465401938572342999e+01 9.372843135017092209e+01 8.549640711872704912e+01 6.841614408853239127e+01 7.270268979972810541e+01
7.221663078645831035e+01 7.385628152555329962e+01 9.224741750047824951e+01 1.022307124440672226e+02 1.013323961654754441e+02 9.958190747114889518e+01 9.630885012448931093e+01 1.042160994834246566e+02 1.067278507018437210e+02 1.149958409754047750e+02 1.215894644851450010e+02 1.167656682971822164e+02 1.251266791349250269e+02 1.140816527622812799e+02 1.041213419757547740e+02 9.583150897721877470e+01 8.656065054711754669e+01 6.658085706539807802e+01 8.075259994736774161e+01 1.005825250760113931e+02 1.013273882773655714e+02 8.198689448403484903e+01 6.820463280437301989e+01 7.526682419159089932e+01 9.460070832351900094e+01 1.049940634114824149e+02 8.508117896371452105e+01 8.873520180303226823e+01 8.580415184434980347e+01 7.310276716672551345e+01 5.954925700927383048e+01 6.030324913193614123e+01 8.010547866607919332e+01 8.295824928266789300e+01 6.579409176481759403e+01 8.549640711872704912e+01 9.188248222065243453e+01
9.150818057652264770e+01 9.227475212288331363e+01 9.544705006428452521e+01 9.545779563182834693e+01 8.139570213492633854e+01 9.545779563182834693e+01 1.064314489219104445e+02 1.034742218871853510e+02 8.677375319855607927e+01 1.034742218871853510e+02 1.078542501682441639e+02 1.078542501682441639e+02 1.161201459718534750e+02 1.175457742796825329e+02 9.758289131335102695e+01 8.618360637363709031e+01 7.734000787287315859e+01 7.041395554946454638e+01 8.443457595643245384e+01 1.042641209911226241e+02 1.023140943246009442e+02 8.301409580900622132e+01 7.189336720370042144e+01 9.117123498672370374e+01 8.889855953970342739e+01 1.083669132535567741e+02 1.049940634115908011e+02 1.009772549722745936e+02 8.106023137936794853e+01 6.711925808028311735e+01 7.946264126055629617e+01 8.017717239844638755e+01 6.138241754694812613e+01 6.320695518275514502e+01 8.295909409291749625e+01 9.374161199721945081e+01 1.069041144272405290e+02
8.882961568975038347e+01 7.953606907095756640e+01 7.183342291218522746e+01 8.535338991416038823e+01 6.720314897935280385e+01 7.827649749126187828e+01 9.804868202774947861e+01 9.520734713688459294e+01 7.507415330274342580e+01 9.520734713688459294e+01 8.790505202883232982e+01 8.790505202883232982e+01 1.078542501682441639e+02 1.259121422325166151e+02 1.143467739746284479e+02 1.054407984000773126e+02 9.412066226361858412e+01 7.434468668133705194e+01 8.574404161763301602e+01 1.055633388639001851e+02 1.105532039664626041e+02 9.500935708207461516e+01 7.581874659444844156e+01 9.500935708480893993e+01 1.083669132535567741e+02 1.166508860165431969e+02 1.104738443902728875e+02 9.036220141200492151e+01 7.642224564202184922e+01 8.690456866220505106e+01 9.504484948779483489e+01 8.653849850778124164e+01 7.708804132628746686e+01 6.256954104888597357e+01 8.424360605261244928e+01 9.679366881177604398e+01 1.030260012556513658e+02
7.354465370270716562e+01 5.696024873847563441e+01 5.484837606291718970e+01 6.986683564799912460e+01 5.823063003224353906e+01 6.981637718862178588e+01 8.983323674374067025e+01 8.808918819335232797e+01 6.785153975562135997e+01 8.424827299791920154e+01 7.359599594065977612e+01 9.374803688463204310e+01 1.123536763432413323e+02 1.123536763432413608e+02 1.206268751398662005e+02 1.098948347129723686e+02 9.004191165641343275e+01 7.867080335199173646e+01 9.843274424206715878e+01 1.138845293802871055e+02 1.109201660714425799e+02 9.143348436656380329e+01 8.159319390162937680e+01 8.535256119961282195e+01 9.889292237331886781e+01 1.186039645760486394e+02 1.104738443902728875e+02 9.036220141200492151e+01 9.625276525953682949e+01 1.047188902804319497e+02 9.547846934626635118e+01 8.126097348072049442e+01 6.703171058972630192e+01 8.247631358061357787e+01 6.379729699190158954e+01 7.163385982084110992e+01 8.317099233993741336e+01
5.635773165360207315e+01 4.597879709549299321e+01 4.417278982471776061e+01 4.960835004958732242e+01 6.986683564799912460e+01 8.138652338639722927e+01 8.163316302095533672e+01 7.312503179325163671e+01 6.136999353406218916e+01 6.396479522439452126e+01 8.424827299791920154e+01 1.020125457556959816e+02 9.246500483013431904e+01 9.246500483013431904e+01 1.123536763432413608e+02 1.182313025176132868e+02 1.033759242040067221e+02 8.360127270592307980e+01 9.753406370796038516e+01 1.174794230430534157e+02 1.192257004430026370e+02 1.069202820410126122e+02 8.756818410496251204e+01 1.046661529701205211e+02 9.889292237331886781e+01 1.186039645760486394e+02 1.190755791488754483e+02 1.104738443902728875e+02 1.127821071585442496e+02 1.019978846024900463e+02 8.963877093440777344e+01 7.157490104062699743e+01 8.534256672724825421e+01 7.830647033834682702e+01 6.466860534356639789e+01 7.993236620057658115e+01 9.295067926431887884e+01
3.611728230801220008e+01 3.769995619363760397e+01 5.801848792476697980e+01 6.266436165514502932e+01 6.486649683792116150e+01 6.112073025937846893e+01 6.935664059052625419e+01 5.256377734147601899e+01 5.557412805082419283e+01 7.596757743708774058e+01 8.448469530174988051e+01 8.824613427995738846e+01 7.820200539968897147e+01 9.829026184753176665e+01 1.106522525366082306e+02 1.221276578203689525e+02 1.096429181538575222e+02 8.981352009495010691e+01 1.033747995848749497e+02 1.233768132701975162e+02 1.268244276206703773e+02 1.069202820409894628e+02 9.605550967543180718e+01 1.152101786252429605e+02 1.186039645760486394e+02 1.269669337451678359e+02 1.220642890880624947e+02 1.134175430775833178e+02 1.046537183417343897e+02 8.636603404166778830e+01 7.626909777988207395e+01 8.963877093440777344e+01 9.579779775565388888e+01 8.853218210055391069e+01 8.463846582390631568e+01 6.590024374283544262e+01 7.839084363064928596e+01
4.771295944854578863e+01 5.806435789334707209e+01 4.023678292511655741e+01 4.211304781458481017e+01 4.427411993007167013e+01 4.649800697858924536e+01 4.880217655606493565e+01 5.402465640789635870e+01 7.442489455771981000e+01 6.057409273357944812e+01 6.419528666968176367e+01 6.799016509433846522e+01 7.327443488056613319e+01 8.239944710802836880e+01 9.401877028351724164e+01 1.138569186012642973e+02 1.179453914249575490e+02 9.861122344411299423e+01 1.096429181538575222e+02 1.297056828662527153e+02 1.320179739604003260e+02 1.240687374611547824e+02 1.157100675224228752e+02 1.157100675227819409e+02 1.358161337759132152e+02 1.277792323889504758e+02 1.079712827872955216e+02 9.472082449216645728e+01 8.694615938995904969e+01 8.127797238479429609e+01 9.409532864787489359e+01 1.019981378803598346e+02 1.096528558615710551e+02 9.317712529102009000e+01 7.318583406873415242e+01 8.587745686068048201e+01 6.715073816134086826e+01
6.220621737189148348e+01 6.074353980561742361e+01 5.259204786677517518e+01 6.267134102754226888e+01 4.846377955621790079e+01 6.708662362449497607e+01 6.340617226051642774e+01 6.852947005652367807e+01 6.244222416327307457e+01 8.088760552061090436e+01 8.448469530174988051e+01 7.820200539968961095e+01 9.345733726824357745e+01 8.346373987170318287e+01 9.506848752653786505e+01 1.149015704000723872e+02 1.268531878884393223e+02 1.126682800971330778e+02 1.268531872295673253e+02 1.261199342449864673e+02 1.119552463978298107e+02 1.261199342468279099e+02 1.294558037606133496e+02 1.211709868937524135e+02 1.294558044907283829e+02 1.286713296998123610e+02 1.220642838486663777e+02 1.052525523464506847e+02 9.915042182638377710e+01 9.915042253327132471e+01 8.824235279319515257e+01 1.066758774474341891e+02 1.013290410881785135e+02 8.136100693908946369e+01 9.317712529102009000e+01 9.543389284812559481e+01 7.868438340718229540e+01
8.250634480740565380e+01 8.118655573559354366e+01 6.976837806678615550e+01 7.116011426149188424e+01 5.309895074795574033e+01 7.343518559574394544e+01 8.372234193530731261e+01 8.865774665099624485e+01 8.268345316575930326e+01 7.159046577099095998e+01 9.165786848651369212e+01 9.246500483749686339e+01 1.065459973502260169e+02 9.506848752653786505e+01 1.117014770793822862e+02 1.231765463351000989e+02 1.277266679785992665e+02 1.327230966620742549e+02 1.305219936185391134e+02 1.172034477567805624e+02 9.792352986500287670e+01 1.172034477567805624e+02 1.194704500649712884e+02 1.012129593439291000e+02 1.194704500649712884e+02 1.086559388450507271e+02 1.227989097484021954e+02 1.247866648997819539e+02 1.182753008670508734e+02 1.126757617884774731e+02 9.370246153596301042e+01 1.126757617884774731e+02 1.079794247709235435e+02 8.802827369734046670e+01 1.079794247709235435e+02 9.866883725576954589e+01 9.670078420578408895e+01
7.631820975248977845e+01 9.495407675362797306e+01 9.347141475410813882e+01 7.953793181224216369e+01 5.929741218362212152e+01 6.490194057664950833e+01 7.660425935438679801e+01 9.668603179011853399e+01 9.977590064250429691e+01 8.329746124597454582e+01 8.588078193596622611e+01 1.056049891878488012e+02 1.206269898629550283e+02 1.149015704000723872e+02 1.231765463351000989e+02 1.216259972894026333e+02 1.070772049038285303e+02 1.216259975276125260e+02 1.213363451719005326e+02 1.023580698312216555e+02 8.921745774762575820e+01 1.089283758363823154e+02 1.111919731176742374e+02 9.143046040459951485e+01 1.111919731176742374e+02 9.469129338437605270e+01 1.128613655927349981e+02 1.217437985045183240e+02 1.332876397550450633e+02 1.209572933038429170e+02 1.018469847409217692e+02 1.209573315005663403e+02 1.163216689387789700e+02 9.797647120396435128e+01 1.163216689387789700e+02 1.187111884492020835e+02 1.108591593911682054e+02
8.177652882382552946e+01 1.005901896252220808e+02 9.961405295544587091e+01 7.953791280366044703e+01 6.698954677240739386e+01 8.509181506854403665e+01 9.339303772329228082e+01 1.049755814775932947e+02 1.111443421754557477e+02 1.030783971630727507e+02 1.056049891878487870e+02 1.136710193507081783e+02 1.105086240172096694e+02 1.105086240172096694e+02 1.189206298743186352e+02 1.123994017233163589e+02 9.250936546643339398e+01 1.123994017233163589e+02 1.130697307922607706e+02 9.329643288205836882e+01 8.276849978138963593e+01 1.023580698240970435e+02 1.046048022129968302e+02 8.497101910573034900e+01 9.623292896917755002e+01 8.497101910573034900e+01 9.365509317591143201e+01 1.050111270159060979e+02 1.250091902043867691e+02 1.297953874362139288e+02 1.155562297529544793e+02 1.297953887772691246e+02 1.263549785784839372e+02 1.179823780758180334e+02 1.263549785784839372e+02 1.237927058394292743e+02 1.037341149007167616e+02
