LEM/sinusoidal_perturbations/elevation_000565.asc
nrows	100
cellsize	150.0
xllcorner	0
ncols	100
yllcorner	0
NODATA_value	-9999
[rows 17 to 33 of 100, columns 37 to 73 of 100]
7.049930283352499316e+01 7.872768578361815628e+01 8.873429780369903597e+01 8.064561000391600487e+01 6.097194707032816297e+01 7.272786086731478861e+01 6.629325455845560100e+01 8.291100642213933725e+01 8.585990907595353860e+01 8.287067150783610714e+01 6.740516146525109775e+01 4.687440343475788040e+01 5.212319561814491209e+01 6.910458421033301590e+01 7.690642303409347846e+01 6.291849736172859053e+01 4.400381945901224867e+01 3.007456651915103052e+01 3.783834654151482368e+01 5.402203001710357455e+01 6.179646521114019464e+01 6.684922921775772409e+01 6.079384089556096171e+01 8.146824944024318427e+01 9.014583814769648029e+01 9.210859400225497495e+01 9.221529495891552131e+01 7.515574753540082042e+01 7.356989411342736673e+01 9.374248887800652597e+01 9.292351738038451003e+01 8.471191427846861188e+01 7.390314612907100411e+01 6.674233288098798766e+01 4.742895854811228418e+01 6.796988829360462603e+01 5.992074628363450728e+01
5.026491076328083807e+01 6.043160407672176859e+01 8.056700523717658768e+01 8.870655197883641563e+01 7.272786086731478861e+01 5.271852501945260627e+01 5.462303544552864309e+01 7.396556455505721317e+01 6.585062920046674151e+01 7.993522264932497023e+01 7.250081266381320688e+01 5.212303347798476238e+01 4.016177525262524739e+01 5.524342536309845286e+01 6.328496725256920286e+01 4.854193461841947510e+01 4.882798991492825991e+01 2.958333679073894018e+01 3.324656955443074935e+01 3.703928729220782401e+01 4.124176425330050932e+01 4.602235162814616132e+01 5.293312418261837848e+01 6.094872121005398213e+01 7.303012894692783163e+01 9.353210074646396777e+01 1.053643516941697698e+02 9.608402276428820699e+01 8.170143047314815021e+01 1.019922787008858478e+02 1.081157516854640335e+02 8.816262410068028998e+01 8.647192006844665002e+01 7.207068358500841043e+01 5.196724480690971859e+01 4.889101546620052829e+01 6.920799768323190904e+01
5.965245813450545853e+01 7.872768578361815628e+01 8.873420877441400023e+01 8.957327847838304535e+01 8.088423446975446041e+01 6.572948785531022509e+01 4.552552263311658010e+01 6.005514260347788991e+01 5.152029025274948282e+01 7.170267208837043427e+01 8.074414694836448803e+01 6.907713789915143821e+01 5.524342536309845286e+01 3.504389345511749099e+01 5.025396158070551422e+01 4.505455229506788584e+01 2.889097001924249852e+01 4.777469383369015787e+01 4.087733498499383700e+01 5.719913474124218311e+01 6.179646521152231742e+01 6.079384207974032250e+01 7.381409610974907309e+01 8.164848250693133025e+01 9.014789843855177764e+01 1.022237959842715185e+02 1.136996992081148363e+02 1.105409049893247158e+02 9.597108094871455819e+01 1.105409049893247158e+02 1.029132568471928124e+02 8.816262410068057420e+01 6.826726056754877447e+01 5.830530066768853459e+01 7.205083442249353709e+01 6.557983516981570915e+01 5.030366898174426638e+01
7.977707283079047329e+01 8.795162234616036301e+01 8.383602851145722923e+01 7.004360971794014290e+01 8.383647183225662047e+01 7.396556455505745475e+01 6.005514260347788991e+01 3.978041028856613792e+01 6.005513289678400923e+01 7.993281948570991347e+01 7.554599383204853780e+01 7.547381531182793424e+01 6.363395062380323708e+01 5.026274251254765346e+01 3.094177977123624501e+01 2.818225921299660541e+01 4.801719863195157245e+01 5.666021803454395211e+01 6.124952035855569221e+01 5.532185192564847398e+01 7.560131799928436180e+01 8.146858596821368792e+01 8.704343584315512317e+01 9.533517251765438516e+01 9.501305957810355096e+01 1.032375665982040260e+02 9.366297190108544157e+01 1.078172237624171999e+02 1.165287359759081767e+02 1.061702311019465981e+02 8.620192506726731096e+01 7.471644793104424309e+01 6.584609365618172205e+01 7.821494233411468144e+01 7.922474631084311625e+01 5.943801987907590956e+01 7.047163249900916071e+01
8.347314506197272976e+01 9.162878656087295326e+01 7.576371726354676639e+01 5.597316508010854363e+01 7.576371726354676639e+01 7.094190970079992553e+01 5.072402414083087763e+01 3.633706288569487697e+01 5.664570572009225913e+01 7.006124624199063078e+01 5.603435834660618298e+01 5.659755548898332478e+01 6.976124726012311328e+01 5.771094997073573296e+01 4.525530950951078779e+01 2.766927354997044120e+01 4.751312777080323002e+01 5.922849735844611274e+01 6.686839749381798015e+01 7.560131799925127893e+01 8.388100846259165166e+01 8.375396441049910834e+01 6.696546555311778093e+01 8.375396441049910834e+01 7.503429091265280704e+01 9.175653823545361831e+01 7.949817523767121941e+01 9.780492813811774511e+01 1.119629081499789010e+02 1.144454368220394969e+02 9.983091912552495728e+01 7.989005202410660900e+01 7.730531264457297880e+01 9.399547589786085666e+01 8.617864068882830964e+01 6.644770815157338006e+01 8.500168342286180234e+01
6.354015472644109508e+01 8.016279378582999016e+01 6.828359211666271733e+01 4.836015178799752334e+01 5.889159276773212781e+01 6.704656473622557655e+01 5.340885785082152637e+01 3.303890704155224256e+01 4.893009749908509320e+01 5.699609367369561141e+01 4.261271432953758875e+01 4.308997179504886077e+01 5.291654839973219993e+01 5.765886739616009748e+01 4.720358726523046755e+01 2.715425911559292871e+01 4.634689007139640182e+01 4.203011316271395970e+01 5.167158543980455221e+01 7.008196911386463057e+01 8.258728142347624157e+01 7.427554572948054101e+01 5.521758836321649255e+01 7.078790999837670483e+01 6.339628589364003375e+01 7.949925325017130717e+01 6.948362215324269187e+01 8.364694812625663189e+01 1.020247796976521784e+02 1.135961753974191168e+02 1.081008997716151043e+02 9.983091912552495728e+01 9.723974893214632687e+01 1.055099852873795498e+02 9.441371999339094145e+01 7.627960704522666902e+01 9.441371999339094145e+01
5.192172445620693821e+01 6.195268008090231859e+01 7.021579468436586069e+01 5.889159276773212781e+01 3.889745748332749287e+01 5.104924799525056045e+01 5.907030558366898987e+01 4.890815122858253972e+01 2.845644939044779065e+01 4.465737265268372624e+01 3.289466273854357325e+01 3.396339559618313331e+01 4.419838730914439395e+01 3.086250899100575040e+01 4.558643504794281398e+01 2.665577854274814129e+01 3.287005463398321581e+01 5.021198030779141419e+01 6.709796183214727705e+01 7.804596374824960492e+01 7.090679569142042737e+01 5.397604689027437530e+01 4.672058845282155204e+01 5.043948335043128139e+01 5.478788441574798185e+01 5.939163828766492514e+01 6.614397510472808506e+01 7.372197027275080927e+01 8.527339840813866090e+01 1.053167671206110327e+02 9.967255086982773093e+01 9.862187485011671129e+01 1.069208843691361039e+02 1.113459759699252771e+02 1.043315956925286798e+02 9.607767433243012078e+01 1.043315956925286798e+02
6.195268008090231859e+01 4.185058461685697040e+01 5.407279521102095998e+01 6.236801317910112630e+01 5.104924796005406051e+01 3.112703294038777813e+01 5.094261788913178890e+01 5.637225586252841936e+01 4.466715518749850133e+01 2.444580976270506767e+01 2.420152166439023489e+01 2.946591443918079989e+01 2.515199053925076811e+01 2.550035935159901967e+01 2.597933630782482339e+01 3.940299069739958071e+01 4.074261013242271900e+01 5.158531320899524530e+01 6.732161478018133494e+01 6.599931177287466255e+01 5.826163089323718225e+01 4.196142074049615900e+01 6.255562468976411594e+01 6.489987923731253261e+01 6.912877792457940984e+01 7.949925325017130717e+01 8.617686228446866892e+01 9.374472279899823945e+01 1.020334501103560996e+02 9.379854851980550734e+01 7.962601383969754920e+01 7.857535154212430939e+01 9.534886905022118242e+01 9.143046689376036795e+01 9.508503090180151673e+01 9.707629593474862872e+01 1.053384088682619080e+02
7.021579468436586069e+01 5.407279521102095998e+01 3.405606310876935083e+01 4.740357273113977499e+01 4.558735897902929679e+01 2.653855224658612499e+01 4.199512830946481046e+01 4.253060915535214548e+01 4.293909821253042480e+01 2.374532685998989479e+01 4.346748976207067017e+01 2.466893398260112491e+01 4.199843408995724303e+01 3.213321927858071092e+01 2.614694136206472663e+01 2.660863207556370469e+01 2.711631172490094954e+01 4.071220199147042251e+01 5.556430122762510138e+01 5.826163089323243582e+01 3.766053706741438134e+01 5.826163089323718225e+01 7.090680230472864309e+01 8.500287371740812148e+01 8.918483230798481998e+01 8.412830020951678023e+01 8.412830020950822529e+01 9.245263869560957914e+01 9.458224108579619838e+01 8.377474123196060418e+01 6.544694009363621490e+01 6.699816167773037989e+01 8.704800922193106771e+01 7.733616070074063487e+01 7.515576394459847620e+01 7.715360820299724764e+01 9.090788978695783840e+01
5.482888226326220149e+01 6.236786018939356779e+01 4.740357260234748082e+01 2.762256678176139957e+01 3.017079368535578254e+01 2.237002768197063318e+01 2.267896380839594528e+01 2.298804131562261688e+01 2.329867438044324857e+01 4.286985589359986903e+01 2.994060583668446895e+01 4.837819057352005814e+01 5.959414257970720286e+01 5.450942053916865149e+01 3.801145897271213414e+01 4.653361481523477039e+01 4.677271831618503484e+01 2.786603924358044893e+01 4.750504111451740386e+01 5.537666035721717606e+01 3.488813992562261745e+01 5.302917152659659905e+01 6.151605694317321849e+01 7.197355514926799458e+01 7.824023164081444293e+01 6.402782458601942039e+01 6.402782458601942039e+01 8.412830020950822529e+01 8.628157831546532464e+01 6.621091599041686493e+01 5.535947431207416258e+01 7.547222434507585831e+01 8.359872653544918819e+01 7.533474910475321451e+01 6.098828754010355624e+01 6.561420009467710202e+01 7.096879275632637984e+01
3.476415945854821388e+01 4.695616430827661247e+01 4.247155280394143517e+01 3.654171351820266267e+01 2.193249199231674851e+01 3.092234545884746311e+01 4.227454307100018127e+01 4.242235761523976123e+01 2.560208213525841359e+01 4.336406418719288780e+01 4.973130828664420733e+01 3.665034811801285741e+01 5.666887612665693297e+01 6.845419944680132573e+01 5.973990375073407932e+01 6.176078585363109141e+01 4.164375998960365877e+01 4.750317451364383459e+01 2.858885743692502146e+01 4.823716565740625128e+01 3.228164840462616780e+01 3.921667011236922207e+01 4.444619927928531666e+01 6.373890354692895954e+01 6.991511759106441559e+01 4.961884581854157972e+01 6.991511759106441559e+01 8.461506426518532464e+01 7.630908441752976046e+01 6.989395114925530095e+01 4.973451155993556938e+01 6.758876309594256782e+01 7.008988019848403894e+01 5.525695806264516818e+01 7.533474910475321451e+01 8.557894195193895825e+01 9.090788978695783840e+01
4.695619574190801870e+01 2.693597870798531702e+01 2.235996080437798383e+01 2.149066048900991177e+01 3.176169623653404273e+01 3.915836207604490937e+01 5.724798615396369428e+01 5.122753582522832261e+01 3.102180134494534869e+01 5.122162139502746214e+01 6.406203832921755748e+01 5.666887612665693297e+01 4.447405796081377360e+01 5.869866987847600370e+01 7.861500768745027301e+01 7.019979711690817226e+01 6.175598362374951478e+01 5.049693910880306191e+01 2.937274259930843101e+01 2.927553190673290118e+01 2.975853797184597482e+01 3.026314389965514451e+01 5.003905696942484127e+01 5.913218422447421574e+01 5.538580683542556216e+01 4.283147633519875797e+01 6.349687290996764943e+01 7.630908441784875151e+01 5.619039478735556514e+01 6.208302254440680201e+01 4.496483579990952961e+01 4.741492327171837928e+01 4.992522945911750298e+01 5.345907727619324135e+01 7.359511432884738724e+01 8.707841545081068091e+01 1.013248239135038631e+02
4.323192082488095878e+01 4.694588077196790721e+01 4.052059522163632010e+01 2.117222948193683152e+01 3.789302848691442449e+01 5.296100222263000745e+01 6.677435394999631058e+01 6.014713514485878676e+01 4.270624106016517629e+01 4.533337434287047785e+01 6.602321218217312548e+01 7.272378139277356013e+01 6.453203017112528528e+01 5.454843600189455088e+01 7.451561460091784284e+01 6.960872168226315182e+01 5.536473279205969078e+01 3.529047921213556549e+01 5.049694231160112423e+01 4.309687122338267073e+01 4.949029290156067873e+01 5.003979347383882725e+01 3.098414065919360993e+01 5.080810611869327431e+01 3.534642154719757201e+01 5.538193432624083101e+01 7.169505778931529960e+01 6.754644587468654038e+01 5.922061103329789233e+01 4.190815906512100497e+01 5.012880784225919228e+01 6.758876309594256782e+01 7.008988019848403894e+01 7.359511432884738724e+01 5.870276017171882188e+01 7.877869959981296688e+01 8.128138727272786923e+01
6.041056396017313546e+01 4.789984846178997913e+01 3.973289369823439188e+01 2.084894131295009601e+01 2.555829079417424055e+01 4.290942161480991501e+01 6.507766113120766249e+01 7.210280418080829179e+01 6.365075336545321960e+01 6.602321218217312548e+01 7.498480696413740532e+01 8.704469296022402602e+01 6.723446678739855997e+01 7.451561460091784284e+01 7.614218791628674410e+01 6.128592331346133903e+01 4.120619003014694215e+01 4.197177785729009258e+01 6.206109498361902865e+01 6.315920608665275893e+01 6.088382688741791071e+01 4.075993499996800296e+01 4.900653682370408148e+01 3.170572510689489221e+01 3.221677253820566023e+01 5.194965766838907939e+01 6.114318244941330960e+01 5.644320294030219998e+01 3.906145745219036058e+01 5.328909219032661326e+01 7.005262866132079580e+01 6.396845401651182783e+01 8.331070446548248754e+01 8.707841543733971434e+01 6.770689438106198565e+01 6.493158248129276444e+01 7.029078123092212138e+01
4.128933764178772492e+01 3.744467825321148524e+01 2.038581735557744778e+01 2.592303617885371736e+01 2.595287720163454992e+01 4.550829849539458394e+01 5.649584528483387658e+01 6.175987064127774318e+01 6.840743106197486156e+01 7.662997618218899731e+01 8.557052997165250474e+01 9.514592951920565156e+01 8.128878497995133046e+01 8.203707453285555573e+01 6.194273997157861089e+01 4.766349282866087123e+01 6.128592331346133903e+01 4.952422605971938907e+01 6.967911807440066241e+01 7.514155279339860272e+01 5.498733186662781236e+01 5.496916791971415250e+01 5.931462184763172729e+01 5.158134283510491969e+01 5.213032646652568047e+01 3.294940804284151170e+01 5.287926140451963875e+01 3.633676470491999311e+01 5.644320294030513452e+01 6.715999966208427452e+01 8.089455752487441487e+01 8.320498541153332894e+01 8.752997137866843502e+01 9.603726533129272980e+01 7.926369159708404766e+01 7.649014825128161021e+01 9.030971025449791512e+01
2.110370668280525663e+01 1.991348388099447675e+01 3.915148497989700616e+01 4.349547102876157822e+01 4.546174144647711302e+01 3.172321638420575596e+01 3.644164678247839362e+01 4.196604258917904673e+01 4.833994196679353195e+01 5.736906940571748237e+01 7.152662412891679367e+01 9.139405601122427925e+01 1.009406041196775163e+02 8.721812508357307081e+01 6.715192490127022040e+01 5.288598437363393145e+01 7.302917755992866944e+01 5.962947893259506316e+01 7.799167221716271570e+01 8.346144134323043318e+01 7.514155279339860272e+01 7.505935861279336052e+01 6.822124062097329045e+01 5.635552255196947158e+01 3.625463206498810109e+01 5.008640538520352692e+01 3.370910780037800691e+01 4.671587707733059602e+01 5.977885231540759747e+01 6.683891871877207791e+01 7.500851181073024065e+01 8.556357675318693623e+01 9.990873218807271883e+01 1.076093194129464194e+02 9.930933688080956756e+01 9.652867569524991609e+01 1.048298853947068210e+02
3.899772597133255658e+01 1.957626827367450062e+01 3.307323474652328343e+01 5.235830097894721291e+01 5.941020571813852769e+01 4.576177314852490952e+01 5.062432732001467883e+01 6.205944402501603463e+01 6.840743106197486156e+01 7.660913274363753089e+01 8.551863514570925418e+01 9.568265270874604767e+01 1.070628975977575266e+02 8.941101320725331902e+01 6.934744401421241378e+01 6.004540502450232964e+01 8.013023855366589032e+01 7.385464403526857780e+01 8.803428919437280342e+01 9.291386908473168660e+01 8.611659893894979234e+01 7.190241858877872971e+01 5.989385307349149201e+01 3.972226554296746315e+01 5.635552255196947868e+01 6.134173737030618412e+01 5.372152583774904855e+01 3.451253707344908150e+01 3.992363936761498167e+01 4.586972483706347958e+01 5.277386920489586686e+01 6.660686746581571072e+01 9.299116821823724877e+01 1.054967247598153506e+02 9.718824104677422326e+01 9.718824104676782838e+01 9.718824104676856734e+01
