LEM/sinusoidal_perturbations/elevation_000214.asc
nrows	100
cellsize	150.0
xllcorner	0
ncols	100
yllcorner	0
NODATA_value	-9999
[rows 17 to 33 of 100, columns 37 to 73 of 100]
7.757263146884700689e+01 8.350204374926482842e+01 6.034058999022349923e+01 4.264651045349577174e+01 2.991761556116767551e+01 2.763734977196924092e+01 3.206820909299404576e+01 4.081642490739236706e+01 6.102871772162485087e+01 7.511194227327844430e+01 8.326838846461527055e+01 9.456361516236712816e+01 1.007031844095511843e+02 9.383385545587705678e+01 7.440269861756897285e+01 6.433955627245404685e+01 7.448483189573883578e+01 9.436184943593403318e+01 1.004967004821754415e+02 7.971566955082839456e+01 6.690682659242602881e+01 6.789289084613155012e+01 8.850448091822703134e+01 9.748335931217542338e+01 8.928080744790840129e+01 8.273640226770562833e+01 6.838815899728901115e+01 7.580085392448322068e+01 8.564704989409229086e+01 1.055051764355332296e+02 1.104035347449242437e+02 9.894098425192174773e+01 8.415265291215803245e+01 6.450271346328199229e+01 6.652947008818999564e+01 7.782948728740731781e+01 9.757772141635783214e+01
5.885473826621233684e+01 7.558760365717451180e+01 7.277817434137821806e+01 6.103104469794772058e+01 4.720513772318469847e+01 2.715115875945856772e+01 4.715415351780837483e+01 6.039599276341738232e+01 5.967205267137826752e+01 5.620240672788297331e+01 7.220839530800679995e+01 8.033172307290473668e+01 9.148604361157325116e+01 1.018829149834051577e+02 8.993364512482857265e+01 7.056464736935237170e+01 8.993364512482857265e+01 1.027421325170081872e+02 1.022513874044883266e+02 8.138785979488868350e+01 8.138785979488868350e+01 8.850448118555804911e+01 7.809476282450575013e+01 9.891419954644095469e+01 1.040901246354233933e+02 8.424185255351373769e+01 7.289084323585638003e+01 8.681625412831054689e+01 1.037865557653295951e+02 1.137076322046610812e+02 1.021417909979925582e+02 8.232613492937926480e+01 7.105552547127719265e+01 7.836944358770446684e+01 8.617607312598846647e+01 7.392420667010395618e+01 8.780354353511965826e+01
4.821600940659768497e+01 6.529818585645857354e+01 6.515901888466751757e+01 6.144876891986641709e+01 4.678719430251971545e+01 2.666312993324862290e+01 4.625318103766245059e+01 5.264128842688447918e+01 4.066417051295253060e+01 4.684265469975189689e+01 5.353343016540169685e+01 6.416364986438904339e+01 8.319772195096793155e+01 1.007617314686346646e+02 9.795320789035667985e+01 8.428803021513193983e+01 8.428803021513193983e+01 1.035633652077537477e+02 1.108934400440195134e+02 1.022513874044883266e+02 1.022513874044882556e+02 1.075692854864354047e+02 8.840762469565878234e+01 1.075692854864354047e+02 1.122976024190569433e+02 9.812611829719662637e+01 7.831290737021316772e+01 9.812611829719662637e+01 1.148743241071697412e+02 1.146806046105217973e+02 9.477102300568887472e+01 8.080002881804155379e+01 7.976063931351502845e+01 9.811455529729624914e+01 1.006246253389912226e+02 8.081429579066411861e+01 8.997420704080268195e+01
4.091364830270562436e+01 4.592447513440642837e+01 4.308721446977178715e+01 4.030413088724774440e+01 4.405412450794938906e+01 2.617679966178333473e+01 4.307141134896094314e+01 3.325756483275644371e+01 5.273155258350359986e+01 6.560579806262759917e+01 7.220839530800679995e+01 8.033172307290473668e+01 8.856644931488476402e+01 8.147929731150804855e+01 9.513056508637231445e+01 1.035633652077537477e+02 1.035633652077537477e+02 1.116183855655812209e+02 1.060246753031927511e+02 9.773112638666239604e+01 1.060246753031927511e+02 1.180491457616631976e+02 1.094207743972230702e+02 1.180491457616631976e+02 1.121819069526466706e+02 9.230402000625940673e+01 8.818472256502104756e+01 9.812611829719664058e+01 1.179897353916069136e+02 1.168638938128758582e+02 9.694771811102341985e+01 9.477102300568887472e+01 9.114243925068042529e+01 1.078114199465277352e+02 1.088851661661096131e+02 9.067508168992200979e+01 1.088851661661096131e+02
5.188766567190216961e+01 3.213732371888605854e+01 3.044845245498619946e+01 2.516292452804582069e+01 2.549604924948971174e+01 2.597829407850558070e+01 2.646729491960418912e+01 2.665782258651274006e+01 4.701109665702598761e+01 6.655344925202864204e+01 8.070076116535956601e+01 8.289630944016897729e+01 6.922085110856092172e+01 6.777393780735097550e+01 8.712699151834731026e+01 9.522330378118624594e+01 9.417431249853717645e+01 1.023737899330889149e+02 9.610098906527464635e+01 7.795625197039461796e+01 9.610098906527464635e+01 1.043543638121336983e+02 1.020054490725793102e+02 1.103017626403425595e+02 1.203809919717916301e+02 1.121819069526466706e+02 1.022488837563458048e+02 1.162733271544309446e+02 1.199539052540676067e+02 1.116665113403184790e+02 1.168638938128758582e+02 1.146806046105217973e+02 1.110404534886329344e+02 1.193113155331231638e+02 1.188445920736176760e+02 1.105741689880605492e+02 1.188445920736176760e+02
4.702394041898588739e+01 4.401807752306314825e+01 2.470021438043400508e+01 4.442916699130685743e+01 3.055065366771855651e+01 4.340002071674042838e+01 4.662104160407232456e+01 2.712004614390422930e+01 4.732068752880881846e+01 6.100418315845857364e+01 6.100418456199700046e+01 7.488704563708279238e+01 5.544120064309252172e+01 7.488704563708279238e+01 8.947920028606925769e+01 7.550765866455849107e+01 7.447676156545401227e+01 9.098487579298013372e+01 8.784368917852856384e+01 6.821726337322850497e+01 8.451811315774193645e+01 8.451811315774193645e+01 8.217595806521774193e+01 9.881945100462708353e+01 1.064252846612744605e+02 1.147319224601095868e+02 1.221149301487469927e+02 1.172138568977852628e+02 1.084823707188364779e+02 9.185449914139860539e+01 1.084823707188364779e+02 1.144890043398549579e+02 1.190608300849448966e+02 1.107922113406641813e+02 1.112762784698796850e+02 1.195443863670799516e+02 1.293174649488431385e+02
2.505141323878877557e+01 2.425031265722971341e+01 4.430722785196783065e+01 4.782781016823295772e+01 4.582468584504697873e+01 5.420619783421324911e+01 4.549528519790820980e+01 2.766581122311091789e+01 4.780768191740045836e+01 4.122887813262474310e+01 6.100418261288129429e+01 6.137143699107944173e+01 4.951386660852412547e+01 6.902390276649407497e+01 7.765509664016867930e+01 6.164896492120204385e+01 6.316460056279001378e+01 8.280192616494525737e+01 8.090469978983728083e+01 6.134158737086259094e+01 6.491711449642951948e+01 7.920290094623686628e+01 7.089120621208782325e+01 9.055688710158581500e+01 8.653178836601074408e+01 1.064252846612744605e+02 1.112295659266472398e+02 1.089426903557075548e+02 8.918381259931435068e+01 8.060078193472452313e+01 1.002280407640634650e+02 9.454560509145487401e+01 1.075451405898765813e+02 9.085326678569921910e+01 9.133367334097590629e+01 1.080274110014064206e+02 1.179982198867384682e+02
3.907171617225086635e+01 2.393851918263933598e+01 4.030343495060085246e+01 5.597851391041043456e+01 6.818500559010543327e+01 5.915597676455246301e+01 3.958043717384661164e+01 4.752146376217758927e+01 2.839686157161089497e+01 4.849708892574047780e+01 5.736505620722837051e+01 4.176832091859792229e+01 6.137079655072160733e+01 7.098464740430658537e+01 5.794782312009195380e+01 5.171807384664897000e+01 7.146466831412386966e+01 8.656945787243189727e+01 7.471328974374347354e+01 5.515861261753739342e+01 5.515861261721995135e+01 5.965198766109245554e+01 6.580664528872185315e+01 7.267226551431991766e+01 9.235845852938402345e+01 1.053972439912431582e+02 9.130300403678509724e+01 1.053972439912431582e+02 9.280963422404799701e+01 7.328749712484854228e+01 9.280963422404799701e+01 8.059812376808282863e+01 9.719636834321019592e+01 7.949372229777505083e+01 7.996868774706243244e+01 8.979651358007713213e+01 1.038669607707454077e+02
4.363033927374050336e+01 2.362851806009463473e+01 3.213876311997224633e+01 5.433898979568368759e+01 7.514306868851694787e+01 5.590065638737480214e+01 5.917455264414327587e+01 4.492653565744702604e+01 4.807262785738877398e+01 2.913153070709317305e+01 4.918699707379946773e+01 3.677898648227546374e+01 5.567803911001571748e+01 5.123557784901473156e+01 4.380290048460972230e+01 6.371995013699413590e+01 7.963661313212529080e+01 7.278384595646875255e+01 5.888771942876159216e+01 4.946907381981601048e+01 6.332651944735263783e+01 7.920290094623686628e+01 8.539833824103446602e+01 9.235845852938402345e+01 1.006318554130601228e+02 9.713935888888806858e+01 7.738555717607124507e+01 9.713935888888806858e+01 8.739516758418264430e+01 6.793537748094631468e+01 8.028945691490498859e+01 6.936305075906574302e+01 8.349498751405280927e+01 7.081197047895992114e+01 9.043155986273387725e+01 1.006855345090863239e+02 1.089560143404207508e+02
4.279293354459252186e+01 2.331784435411935519e+01 4.329860437753414004e+01 5.712636313078179739e+01 6.569386302148973300e+01 7.521380034575908269e+01 7.317244746653905452e+01 6.486579088293608208e+01 5.721420812506334386e+01 4.910501210528033766e+01 2.987094529483412231e+01 4.964985968407666661e+01 3.742544500375273486e+01 3.711676458212819796e+01 5.691794233575141249e+01 7.053498229104941686e+01 6.869495295849048944e+01 6.053138079210000910e+01 4.496555771259782119e+01 5.635072165556976387e+01 7.594486572026839610e+01 9.116972963719527456e+01 1.033423597763145239e+02 1.091444361582871778e+02 1.029199745531715848e+02 8.313048280316077410e+01 7.004520114010269083e+01 8.967312363463041436e+01 9.411415420147709199e+01 7.456307980310421613e+01 6.087007946555066695e+01 6.070429078858743566e+01 6.398621160152779908e+01 6.914401352104856358e+01 7.471574011535597037e+01 8.086120724560180406e+01 8.965881740137845668e+01
2.287546768277569598e+01 2.979712248151987808e+01 3.128536815724392639e+01 3.769351675728052697e+01 5.175601797291197670e+01 7.140507303749603807e+01 8.004768237470221948e+01 6.958274164023265485e+01 4.994720417272284152e+01 3.589231795627429022e+01 4.708572652613261766e+01 3.061491153720470848e+01 3.113607864853964102e+01 3.715925280786398588e+01 5.110669787545459997e+01 6.168993503793000599e+01 5.669562895029044114e+01 4.078574776550545522e+01 5.223888352686135050e+01 7.185914271722911906e+01 8.414664107516408365e+01 9.216729665465886967e+01 8.398658267181767201e+01 8.965575853058956568e+01 9.708662756681964368e+01 7.734965836361099889e+01 6.358189819767138573e+01 7.574181232470054681e+01 8.058810289844676333e+01 7.242001800156032232e+01 5.638933535634203054e+01 7.589551526029862316e+01 7.516976909188518619e+01 8.872940219431690423e+01 9.441653178576800087e+01 1.006855345090863239e+02 1.089560143404207508e+02
2.367246136174436444e+01 4.344033412914433967e+01 5.114281822905481789e+01 5.751109295742076455e+01 5.175601797291197670e+01 7.140507303749603807e+01 7.187474947675700321e+01 5.229076217819386585e+01 4.240433206464328464e+01 5.569832158301347391e+01 5.035410157352276173e+01 5.066485040151287222e+01 4.644783784508881297e+01 3.186529320149200117e+01 4.432308186167118436e+01 5.243047877496974962e+01 3.686906365018663934e+01 5.669562895029044114e+01 6.869495295849048944e+01 8.004796150067700466e+01 8.666095320161058169e+01 7.301333676182535726e+01 7.054715602103587457e+01 8.965575853058956568e+01 8.650627795756965099e+01 7.829875050585165752e+01 7.574181232470054681e+01 5.621169373770227651e+01 6.904303691405162624e+01 5.287432693183367149e+01 7.242001800142361390e+01 8.407633865095687042e+01 9.486743943396621148e+01 1.031188033678315605e+02 1.034917534739044953e+02 1.020582155626921690e+02 1.103869233474297857e+02
4.348017907850123009e+01 2.624344422879966032e+01 4.053925156903310523e+01 6.043096301327783237e+01 7.140507303749603807e+01 7.963170807006760299e+01 8.004768237470221948e+01 6.732046894069425491e+01 4.772237495013926889e+01 6.732046894069425491e+01 7.008376783180719372e+01 6.115856899572381167e+01 4.178344788501499352e+01 5.176801567723776287e+01 3.258542901370536526e+01 3.309100536209108157e+01 5.296608204596289937e+01 6.167256515871245881e+01 7.471129208086222206e+01 8.306148423242167667e+01 7.862340172786109349e+01 5.948009307655674860e+01 7.862340172786109349e+01 9.473155396236829517e+01 7.829857354886820531e+01 5.871062593401310181e+01 6.444769306853106627e+01 6.607485672803410637e+01 4.945350649592413816e+01 6.904303691405162624e+01 7.432622111627776462e+01 7.726589828159565343e+01 8.038767615237786401e+01 8.364005016502923695e+01 8.364005016502925116e+01 8.218492340097225224e+01 9.358695365160856738e+01
4.003444440183746167e+01 2.835938584584412681e+01 4.843616790136804440e+01 5.172598061819451942e+01 7.154206876950152605e+01 8.264280099066260732e+01 8.693618525214307624e+01 6.731735478090567426e+01 5.428526308383863608e+01 7.383843612517357258e+01 7.490946926306999387e+01 5.546929079077621338e+01 5.547103682253109014e+01 6.488149094318900723e+01 5.574521698732386454e+01 5.296606798605895960e+01 3.381668538755791076e+01 4.783804685578476068e+01 6.162747675946290826e+01 6.360850191147420674e+01 7.309691459129199131e+01 5.384463719531298409e+01 6.748841021611058011e+01 8.173898308152389802e+01 7.035158312170297279e+01 6.220392147407743977e+01 4.501637693366687643e+01 4.652851638830553327e+01 4.917106433641624363e+01 5.194483584046998459e+01 5.480361034176382162e+01 5.776628584535779254e+01 6.089216798110150108e+01 6.412581923329702249e+01 7.094287658827190057e+01 9.058436498343913001e+01 1.002075419252996369e+02
5.359297634050956560e+01 3.362062821942686242e+01 3.171490966835347791e+01 5.172598061820588100e+01 6.284240831149262618e+01 6.284418830396852229e+01 8.246789637372198456e+01 8.200635124938838771e+01 6.301137038404502277e+01 8.201704448175600248e+01 8.312929635602223755e+01 7.490946926306999387e+01 7.496841727601101013e+01 6.754033479244507987e+01 5.651395342648412878e+01 3.669996044084880538e+01 5.368340805276903893e+01 3.456819449480079243e+01 4.549067817685531168e+01 5.966046005656431817e+01 6.208480230870429750e+01 4.891829657596056080e+01 6.826667686200335083e+01 7.349891842612905180e+01 5.394635214612773666e+01 4.293312359485083363e+01 6.220619994654092011e+01 5.964983526947879966e+01 6.878375235988083602e+01 6.576552279646938359e+01 6.857700526134378549e+01 6.897323909024220256e+01 8.038767834307387261e+01 8.364005016502923695e+01 6.980904071773770170e+01 7.496252543035774352e+01 8.034650005715545262e+01
5.910178016447785865e+01 3.923966268672047875e+01 3.456446235621715601e+01 3.829508561768636099e+01 4.304679115084233842e+01 5.450421927214792106e+01 7.422786302848598439e+01 9.080669922768312574e+01 7.681798990163368046e+01 9.080669922768312574e+01 9.111800917500978869e+01 7.187896967869269815e+01 7.029142991154904507e+01 5.936090741548848371e+01 3.963066205028714251e+01 5.651395342648412878e+01 6.258557744276715340e+01 4.866353000276846785e+01 3.532364031618494238e+01 5.516434906477257272e+01 4.229209066245867632e+01 6.109376657339994665e+01 5.910162437723506201e+01 5.856927435208059052e+01 5.903812896570269686e+01 4.141492270797221664e+01 6.064264853425631685e+01 7.607447256667400382e+01 8.695484522913505998e+01 8.537284662368432464e+01 8.820605600627553144e+01 8.859388140191079231e+01 9.686679290521540509e+01 8.942426392530738610e+01 8.359885636892282434e+01 8.359885636892282434e+01 1.002075419252996369e+02
4.777125191053156783e+01 5.733333947821147802e+01 3.744261819430828098e+01 5.733333947821611076e+01 6.284240831149262618e+01 5.193941370103750899e+01 6.331819850343509870e+01 8.306296409984490481e+01 9.655121018833806090e+01 9.218937821733707949e+01 8.395993769591606792e+01 7.187896967869271236e+01 5.252880975866789015e+01 4.264540399597942155e+01 5.363173691549089739e+01 6.754033479264791140e+01 7.648246688385010827e+01 6.303144462942437087e+01 5.416976150058684425e+01 3.608243203717826475e+01 5.514617807875997357e+01 5.711043993471978553e+01 3.818272011315199421e+01 3.873278884520595255e+01 3.928272590787666729e+01 3.983306616545027623e+01 4.869109008625386537e+01 6.662621023266810028e+01 7.991038202781750499e+01 8.565700171697126564e+01 9.388371551235239565e+01 9.531842229277087597e+01 1.035750863752424635e+02 1.093748646762830674e+02 1.034880418542814340e+02 9.760910097278549813e+01 1.118176063199225894e+02
