LEM/sinusoidal_perturbations/elevation_000266.asc
nrows	100
cellsize	150.0
xllcorner	0
ncols	100
yllcorner	0
NODATA_value	-9999
[rows 17 to 33 of 100, columns 37 to 73 of 100]
5.907160433310520631e+01 7.120164687607733356e+01 7.935220573936167909e+01 8.916273494618570794e+01 9.446027207600710085e+01 8.906944074975591263e+01 8.068979362481813666e+01 6.656695101121015057e+01 5.792869389158302340e+01 5.404012300947361069e+01 3.487812683144991865e+01 5.469247449078189049e+01 6.224713612287074227e+01 7.094345971801273265e+01 6.765777966088694484e+01 6.765777966088694484e+01 8.740033153866851023e+01 9.110927162889024089e+01 9.295175236190350176e+01 1.011805947980313363e+02 1.070415484242055584e+02 1.044694058552591827e+02 1.009996209235888500e+02 8.697472998045881809e+01 9.428743009878456860e+01 8.297745920929567376e+01 6.373978402648869945e+01 8.297745920929567376e+01 7.742515190958883409e+01 9.385616897917223866e+01 1.016935044509969117e+02 7.924522290325194263e+01 8.421543680329256176e+01 6.720121001482017675e+01 7.462002839083746153e+01 8.628986590662289302e+01 1.051240031935119674e+02
4.562090838050914954e+01 5.160230590781766580e+01 6.141435852195218104e+01 7.523095656038131551e+01 9.488992515945079731e+01 8.768251166357380555e+01 7.645005315199755103e+01 6.190185316244092917e+01 4.305744085116143083e+01 3.967360608562683666e+01 3.962233647653187774e+01 3.553648605355709122e+01 4.860379712298067290e+01 6.177860145335094444e+01 5.388076422220990480e+01 6.927702903648922472e+01 7.312319942547635776e+01 7.136294619235196990e+01 7.321777480017989603e+01 8.724595971984176401e+01 8.724287817200631423e+01 1.024499012591742542e+02 1.123735413979102731e+02 1.066867283000183875e+02 1.037306343853778401e+02 8.676402629007654355e+01 6.745624685564651202e+01 8.676402629007654355e+01 9.695708313467027040e+01 1.051918939481913355e+02 1.101791946481299647e+02 1.016935044509969117e+02 9.071957241162678542e+01 7.142257729726836146e+01 7.510838034737345481e+01 8.362162937816475505e+01 1.032529159967827610e+02
5.262580653025591459e+01 7.120164687607733356e+01 6.760259782775419524e+01 8.721557870036475890e+01 9.602912790011971822e+01 7.949842224269923463e+01 6.016871975323005017e+01 4.903031481564198657e+01 6.189747516863277355e+01 5.694653501134216356e+01 5.529711277146902404e+01 3.600305553256738733e+01 5.582256422668219642e+01 4.385858514891130966e+01 4.668683854710509706e+01 4.980555317246383140e+01 5.351118565535843885e+01 5.743605084789044213e+01 6.182765521916137885e+01 6.754279605358418337e+01 7.449986367582324931e+01 8.430524845328919525e+01 1.041288137948346701e+02 1.094695754762782656e+02 8.970975888350734806e+01 7.596913701188734080e+01 8.676402629007654355e+01 7.521755178304384515e+01 8.639332074962013053e+01 1.061179153919388796e+02 1.135386806305375700e+02 9.371103257875856229e+01 8.239497592365881928e+01 7.795704413561797708e+01 9.547303917423425901e+01 1.027610074731473020e+02 1.032529159967827610e+02
7.221973009081736450e+01 6.647762756688359786e+01 8.608239188063491554e+01 9.540246863112420783e+01 8.777103446379483387e+01 6.837440464577642274e+01 5.726386528010861099e+01 6.833841330704883887e+01 7.637377411281867978e+01 6.196108308691964339e+01 3.667549844781211732e+01 4.649051101463751223e+01 3.986944817548317843e+01 6.061592040985805596e+01 6.032106614735639027e+01 6.927702903648922472e+01 5.943813369730293772e+01 7.714651100919752480e+01 8.155833510446031198e+01 7.793086864110536283e+01 9.421703112406190428e+01 1.024499012591742542e+02 1.123735413979102731e+02 1.153088817782005862e+02 9.549727516852746589e+01 8.563893444914580755e+01 9.110175413043559445e+01 8.639332074962013053e+01 9.472991536553985270e+01 1.143898717174237731e+02 1.218130210408952649e+02 1.103404322925927801e+02 1.020911826904457200e+02 8.904518704696600651e+01 9.158878060160485290e+01 1.112966541510583056e+02 1.232615865832699029e+02
9.101926263239857917e+01 8.608239188063491554e+01 9.426816566550357379e+01 1.027931703182870962e+02 8.308053716325383675e+01 6.943492581922451734e+01 7.657238501699038125e+01 8.471781261347820191e+01 7.621184449904704650e+01 5.858888362971532615e+01 3.715205305630290411e+01 5.365181573233602563e+01 5.922790668604798725e+01 6.905236407914605934e+01 7.996957555730608647e+01 8.732284629020739430e+01 7.332826964606287845e+01 7.332826964606286424e+01 9.308855943658393528e+01 9.769870992544855426e+01 1.059303013476267949e+02 1.155827147127514678e+02 1.125690490493312694e+02 1.184276524999022797e+02 1.136253136380508266e+02 9.953759844298265591e+01 1.050436527240325972e+02 1.061179153919388796e+02 1.143898717174237731e+02 1.228303005971818038e+02 1.254091783250858896e+02 1.171408336648685804e+02 1.169773514920671431e+02 1.087208084144800182e+02 1.112966541510583056e+02 1.195594056151934979e+02 1.211498320058543214e+02
7.767737793873969565e+01 8.414735479550576258e+01 9.236800056249464319e+01 1.022484762698753116e+02 9.712049924229000908e+01 8.885423373932034963e+01 9.070778764260560934e+01 7.127909261507977590e+01 6.687591075994983214e+01 4.118379357446460176e+01 3.762944156422521047e+01 5.624907917570531168e+01 5.232535058125856153e+01 6.708189377384464080e+01 8.002015263191545102e+01 8.805367822275248102e+01 9.308855943658393528e+01 9.308855943658393528e+01 1.013175184208558619e+02 9.582207020304720402e+01 9.982183762017872652e+01 9.572188344651188174e+01 9.274502885144953268e+01 9.855134993703002522e+01 1.156668502691885720e+02 1.194015525095738610e+02 1.249475920022604356e+02 1.201191532995436830e+02 1.118768828925926613e+02 1.201191532995436830e+02 1.139569735002180835e+02 9.735712007432007908e+01 1.097340716186357099e+02 1.179830030251494293e+02 1.197991415516895870e+02 1.280695185143339074e+02 1.294405772014106617e+02
5.841890249899672938e+01 6.473742422520743389e+01 7.430227077372421718e+01 9.399243881728733641e+01 1.036687804809054398e+02 9.413799884440690846e+01 8.615038299519278553e+01 7.128548883974357864e+01 4.942756429378402316e+01 6.166834520332977121e+01 5.445387350224488188e+01 3.830958140035240689e+01 5.870772139675558776e+01 5.334284889563247134e+01 6.207940962799049345e+01 7.519408943068351903e+01 9.316720053436154103e+01 9.584963575035401107e+01 9.017841475185832678e+01 7.630608030487719873e+01 8.022705909661445389e+01 8.190135166552620660e+01 7.896849523154661199e+01 8.763141734620239731e+01 1.015443229968886101e+02 1.214882397840854935e+02 1.189748229403523681e+02 1.102419669930598900e+02 9.218225163411347012e+01 1.102419669930598900e+02 1.051602647863220028e+02 8.613933805125594745e+01 9.008259185681760073e+01 1.057891993561619586e+02 9.998609129071139989e+01 1.197991415516895870e+02 1.258590818703045642e+02
7.767737793873969565e+01 8.414735479550576258e+01 9.236800056249464319e+01 1.022484762698753116e+02 9.558910681018534206e+01 7.671165918020015795e+01 6.709425478708817536e+01 5.983393402982982678e+01 6.594236806850368282e+01 4.996883236642604942e+01 5.218871654133617710e+01 3.879168624259494891e+01 4.401963193075390990e+01 6.759111668974684051e+01 8.002015427129094860e+01 8.805375004641587111e+01 9.020307062468316417e+01 7.633116079070322257e+01 7.687192010691966004e+01 6.275166817663891550e+01 6.664439013123642042e+01 7.079418719035602692e+01 9.020119263403616117e+01 1.068012679466377364e+02 1.156668502691885720e+02 1.139948847897050541e+02 1.107105704450636381e+02 9.105520221079727605e+01 8.253017615076581137e+01 1.008145715372055236e+02 9.696254371409391126e+01 7.757450127902573911e+01 7.896891055977832252e+01 8.620821914110948114e+01 1.057891993561619586e+02 1.132823426151199158e+02 1.059735110780879808e+02
7.773668041769050774e+01 8.421936551480490607e+01 9.238380798731309085e+01 1.021944909151299328e+02 1.036687804809054398e+02 9.413799884440690846e+01 8.615038299519278553e+01 7.979834025915792495e+01 7.290152017594948575e+01 5.926793141211683746e+01 3.948084123339390317e+01 5.861849260864595124e+01 6.423950292701168507e+01 7.282188969382353605e+01 8.344098867475834425e+01 9.015951999941978556e+01 8.049230842658556639e+01 6.273688742162416787e+01 5.760494156606491600e+01 6.618634685513390536e+01 8.551673046043720205e+01 9.020119263403616117e+01 8.443746650073408944e+01 1.041160584348582319e+02 1.082137718484182471e+02 9.417289407115522692e+01 1.082137718484182471e+02 9.467117559823105921e+01 7.534042938238556530e+01 8.138453286430751632e+01 8.619053802204523151e+01 7.091433982007832526e+01 9.010783562275200609e+01 9.926034402571285398e+01 1.034226468053535228e+02 9.356295099558711570e+01 1.132823426151199158e+02
5.830794995043635254e+01 6.477131022346144107e+01 7.444568920980832161e+01 9.399304181980146211e+01 1.005669310144155730e+02 9.238373185175710489e+01 9.125748568133901983e+01 8.492053642453575435e+01 6.887828757206024477e+01 4.181630743901153124e+01 3.997342733119993596e+01 5.975727226849490137e+01 5.620048323852501682e+01 5.677515303714177719e+01 7.539575012596810666e+01 7.349930006888612866e+01 6.266362093636472963e+01 5.311788584283651460e+01 7.239243858479466098e+01 7.687192010691966004e+01 8.191712861102159593e+01 1.015331219522874449e+02 1.041160584348582319e+02 1.123812759432324242e+02 9.939411035277282735e+01 8.032355333049137869e+01 9.939411035277282735e+01 1.028394412013046519e+02 8.708334360950249220e+01 6.800743942250295504e+01 6.714899544217712446e+01 8.619053861225202695e+01 7.602298821435562104e+01 7.981793476171279167e+01 8.389383182202884370e+01 8.969737129022641398e+01 9.616101552684591525e+01
7.773668041769050774e+01 8.421936551480490607e+01 9.238380798731309085e+01 1.021944909151299328e+02 9.238373185175710489e+01 7.295557056083420377e+01 7.183241441472036115e+01 7.181658454358598931e+01 5.772494991536576947e+01 4.368010595586039813e+01 5.241027687814044356e+01 4.069306711904667395e+01 4.120579252764414946e+01 6.094197502838252234e+01 6.932157206442728636e+01 5.575245959124016792e+01 4.923626403679923413e+01 6.832900608181198265e+01 8.049230842658556639e+01 9.638662049486629257e+01 1.015331219522874449e+02 9.851026714490201641e+01 1.006688099470407991e+02 1.051302210506879931e+02 8.541380190470297862e+01 7.176510277977021701e+01 8.250215204597772356e+01 9.065348392910694031e+01 8.245115263496424518e+01 6.355193992024167216e+01 8.245667995962936914e+01 9.431824644861015372e+01 9.537290267708864633e+01 9.926034402571285398e+01 1.034226468053535228e+02 1.093424350694920406e+02 1.159263536312872986e+02
7.894971880315641499e+01 8.350815116723120468e+01 9.165885439554467951e+01 1.029671007846414454e+02 8.983877540282922780e+01 7.045222837379591851e+01 5.937436615062146217e+01 5.248882187628070994e+01 4.775987899294833028e+01 6.341644127837840017e+01 5.967940660280684284e+01 6.045268739542852643e+01 6.093667244481783740e+01 4.193535855273054835e+01 6.164171093517983735e+01 4.575860270623002179e+01 6.451004853796493421e+01 6.829876988881692057e+01 8.756111533656493862e+01 9.507900688739353257e+01 9.287611320490113087e+01 7.903918494442605436e+01 8.116269388809294583e+01 1.006688099462570989e+02 9.629722471403265160e+01 7.676124502853649290e+01 6.349688065075745413e+01 7.573881446655651928e+01 7.717695685973426123e+01 6.136024626714612396e+01 7.458911349136215563e+01 9.384471608131860876e+01 1.043815415085752818e+02 1.126207330590365103e+02 1.135496751310831627e+02 1.157329621766344587e+02 1.240070667724569091e+02
5.963108651836814289e+01 6.416836054992607785e+01 7.526766643694377024e+01 9.476486264498574030e+01 9.801281189390155646e+01 8.298459596849498610e+01 6.366845090188814282e+01 7.067887449576602421e+01 5.134341130601598735e+01 7.067887449576602421e+01 7.902917685350323040e+01 7.215071053264679790e+01 5.319018915194603636e+01 4.757281060332925193e+01 4.266849938981140866e+01 4.318689943639505202e+01 6.283339716659428120e+01 7.161476412003742098e+01 8.531183915419808272e+01 7.574510546903619002e+01 7.574510547006872230e+01 6.569210473043243326e+01 8.474213287641846648e+01 1.004307580261478279e+02 9.352281436500852863e+01 8.023710066111264894e+01 6.252189463063619712e+01 5.677714173287593269e+01 5.826252177006688981e+01 6.022918662953856739e+01 7.911499954653670841e+01 9.002116223434478570e+01 8.476788436078450673e+01 1.043815415085752818e+02 9.372831795176928438e+01 9.589319370991785263e+01 1.099181183670054338e+02
7.894971880315641499e+01 8.350815116723120468e+01 7.235049309880025703e+01 9.180252576534445552e+01 9.893081132224935459e+01 7.940076584919769687e+01 8.298459596849498610e+01 7.423410766857865895e+01 5.501347267280971920e+01 7.423410766857865895e+01 8.802920499061953308e+01 6.858210033779776893e+01 6.581152098152541896e+01 6.803287674813081765e+01 6.233812692180300274e+01 6.277636758932554528e+01 4.393090601456250965e+01 5.786246101299460065e+01 7.233122956763173761e+01 6.881816907842944886e+01 5.719737757684339385e+01 7.574510546930724786e+01 9.286613926873634739e+01 8.097704200083688875e+01 7.988518835063203483e+01 6.624756233422725415e+01 5.474712316077560104e+01 6.816434679561933763e+01 7.717695685973144748e+01 7.911499954653670841e+01 6.298116409139647942e+01 7.126741136686715095e+01 8.702900999659664194e+01 8.925330987907773306e+01 7.997436002785489961e+01 9.401627302461103852e+01 9.036019646055265753e+01
8.770987942503747092e+01 9.832056779233340649e+01 7.876644171136695149e+01 9.832056779233340649e+01 1.071350784063780424e+02 9.618368078130777121e+01 7.673769579218340198e+01 6.324829370502266102e+01 6.057668030464919440e+01 7.068357431012078962e+01 9.003216942752121099e+01 8.802920499061953308e+01 8.560127731979883947e+01 7.935667090732155771e+01 6.736309461219919115e+01 4.788037971730167186e+01 6.334666303634256224e+01 4.468463352933802923e+01 6.426490245059471818e+01 5.058022655421069658e+01 6.881813426682815305e+01 7.807707162217836583e+01 7.300643035429565941e+01 7.587246934500340956e+01 6.187990753110502595e+01 5.272155511921641846e+01 7.185530734818428300e+01 8.181918163027390278e+01 9.547401632235157365e+01 8.936504236024262582e+01 6.444531153274583346e+01 6.573073160762834277e+01 6.782706609705356016e+01 6.999520954119880400e+01 7.221240102527823979e+01 7.459729251140248607e+01 7.987713105747582176e+01
9.580099750657542756e+01 1.065397912721074078e+02 8.846955118940039142e+01 1.065397912721074078e+02 1.066813690431595631e+02 8.704417463929200949e+01 7.347863207691659682e+01 8.243329292652255447e+01 6.631526358000536447e+01 8.536006178632328556e+01 9.819323585657900821e+01 9.480775931796947020e+01 8.358156056549680102e+01 7.127666282790295327e+01 5.190548845989356863e+01 6.736309461219919115e+01 7.007310249437723826e+01 5.076638109044660752e+01 4.543507149148726398e+01 4.596359150956074302e+01 6.549759947543110172e+01 4.748079782675404203e+01 4.802129425604290702e+01 6.546080654044466485e+01 5.072285788983679566e+01 6.995050772229581071e+01 7.988185269119838949e+01 9.073844418162563841e+01 9.819354855737390153e+01 1.029957762633857357e+02 9.210517152535976493e+01 8.486810064763629669e+01 8.130200117173461649e+01 8.350892332232450599e+01 8.577190358772911338e+01 9.401627302461103852e+01 7.869477778426075076e+01
1.061136367023769367e+02 1.164227337376932070e+02 1.081715843952648868e+02 1.164227337376932070e+02 1.088547893762052752e+02 8.936054611389009494e+01 9.279577571660878732e+01 7.634004349937353595e+01 8.536006178667908273e+01 9.345250373817196987e+01 9.788479799900586897e+01 8.665245884838851964e+01 6.730929454201657336e+01 5.620113083201857762e+01 6.311080329926696919e+01 7.935667086491986311e+01 8.008774359935134157e+01 7.042888658038859262e+01 6.498575697821593167e+01 4.955873797313236651e+01 4.671278034394610756e+01 5.007860497062462457e+01 5.965805002470987972e+01 4.877698409604646912e+01 6.806358062571700884e+01 7.685537764438724651e+01 8.882960849000835424e+01 7.538817943577390679e+01 8.886875539006494762e+01 9.748146963538481202e+01 1.106503525419303315e+02 1.024104563634491143e+02 1.008552323734088958e+02 1.031214858119052309e+02 1.052559302680805757e+02 1.068257785611924078e+02 9.852776005650837021e+01
