LEM/sinusoidal_perturbations/elevation_000483.asc
nrows	100
cellsize	150.0
xllcorner	0
ncols	100
yllcorner	0
NODATA_value	-9999
[rows 68 to 84 of 100, columns 37 to 73 of 100]
6.760387176143606780e+01 5.926536410043536307e+01 3.917693036594220501e+01 5.340104751702877905e+01 7.342307673014502711e+01 6.464281930293296341e+01 4.458080331300608634e+01 4.863257167904587419e+01 6.866127042573772599e+01 6.611127809946226819e+01 6.361078994883201432e+01 5.472505092724068732e+01 3.279981157111311774e+01 3.058079532522460653e+01 5.067752319952926854e+01 3.635336493459011820e+01 5.647166469259860833e+01 6.941887749343764824e+01 8.354583180965973099e+01 8.569092382813691700e+01 9.395513044979098538e+01 9.119780910651789441e+01 7.137327340439203738e+01 9.119780910651789441e+01 8.996427024706193265e+01 7.330950891510605061e+01 8.063192333642943765e+01 7.237895067751566103e+01 5.456352127280955955e+01 7.460137836763827579e+01 6.668106151800746773e+01 8.286173047192670538e+01 7.404086741347404654e+01 8.724391869781652531e+01 8.953709360754831437e+01 7.386791274077685898e+01 9.366370749281205121e+01
7.561173820401930357e+01 5.559160035480658735e+01 4.679130453363345055e+01 5.926536410043536307e+01 7.929043735324862041e+01 7.220210524879348668e+01 5.220211454682103636e+01 5.868625916618078264e+01 7.692821102172032965e+01 8.163186787613291528e+01 6.019639374469832660e+01 4.727204003784328989e+01 5.276524515340673815e+01 3.322929702774830929e+01 5.332239487882497997e+01 5.647166469259860833e+01 4.103573390365405515e+01 5.529192317721553707e+01 6.995428769221615539e+01 6.581315629054111582e+01 8.246621760899904530e+01 9.395513044979112749e+01 8.279953183400175476e+01 9.946613598242038279e+01 1.014543559236785626e+02 9.317771690785754402e+01 9.074533622830519164e+01 7.780272814099770073e+01 5.783643392102023739e+01 5.719405530028530649e+01 7.717339442176979958e+01 6.299102875074861885e+01 6.515405864382744028e+01 6.742737042164763750e+01 6.973423353231029864e+01 8.953709360754831437e+01 1.011056037476878799e+02
8.394071542705810884e+01 7.515338691998580600e+01 6.684490633033931317e+01 6.099122343509451127e+01 8.097697966126125380e+01 8.046434443118040747e+01 6.224642026183450838e+01 7.863628166351999482e+01 7.863628161933191052e+01 9.042642216324550475e+01 7.710571164126506005e+01 6.606881462206219169e+01 4.599982670540038754e+01 3.592214462622872873e+01 5.603432066373124343e+01 6.880491578162900623e+01 6.114757038683180923e+01 4.608871494967547733e+01 4.991484432241756508e+01 5.423237220883892462e+01 6.581315629054111582e+01 8.569092382813691700e+01 1.026700692088003564e+02 1.109643919938198593e+02 1.020656300037436353e+02 9.378880402005381711e+01 8.249483169034168384e+01 6.261384301581065870e+01 7.780013171250357118e+01 7.262133826569937867e+01 5.995348023564981332e+01 7.987589847893798378e+01 7.661051763797527769e+01 8.724391869781652531e+01 8.893146700813485950e+01 7.533724878418918536e+01 8.105008208307467044e+01
8.072545118028278921e+01 7.243937533382238314e+01 8.072507166770454035e+01 8.097697966126125380e+01 8.931555040487705810e+01 9.042805800925083304e+01 8.215779023575240103e+01 9.042805800925083304e+01 9.856557511665567972e+01 1.020885329520956617e+02 8.601813708873110897e+01 6.606881462206219169e+01 6.273428949592115345e+01 4.263420339087416266e+01 4.041656273200254645e+01 6.053235746971778042e+01 7.442873206346294523e+01 6.032532489335861925e+01 5.999272065955756972e+01 7.421448938941713891e+01 6.212768571419810115e+01 7.619455346797992945e+01 9.606644042531925720e+01 1.078695636843492736e+02 8.795636240065678635e+01 7.399126765127107319e+01 6.771159381824455181e+01 8.249483162922287249e+01 9.051452585959462738e+01 8.410764922717616798e+01 6.471392642435087339e+01 8.457691130461982709e+01 9.644603224671077157e+01 1.047342573367978389e+02 1.035355205977036377e+02 8.676782105079715279e+01 8.522691867535667143e+01
7.068941019610434751e+01 5.233994214012076185e+01 7.068941064814656272e+01 7.345771724966797933e+01 8.174147592881449498e+01 8.423633422844547169e+01 8.907376458120175755e+01 9.460527106390426866e+01 1.004703451015425344e+02 9.381485680790514436e+01 7.392719995061098359e+01 6.241446998705924187e+01 5.342450877596329661e+01 4.715343407335330994e+01 6.053235746971778042e+01 4.715343407335335968e+01 6.722181916789998013e+01 8.027069609789320737e+01 7.409257887251483510e+01 8.817305966923615301e+01 7.027206937331509096e+01 7.619455346797992945e+01 9.606644042531925720e+01 1.078695636843492736e+02 8.795636240065678635e+01 9.378880402005381711e+01 8.752827332150832262e+01 7.415329721336631508e+01 9.395173459734219534e+01 9.283124553887709851e+01 8.457691130463715012e+01 7.253421809720988733e+01 9.234884894791848353e+01 1.112673668669952889e+02 1.151361468416121170e+02 1.067876006923066114e+02 9.272972697430942901e+01
6.238965333429470661e+01 4.220279786171420966e+01 5.848485147738214351e+01 5.336292739563942433e+01 6.560934975018321325e+01 6.426099113805443608e+01 6.912852828020686502e+01 7.466114080994329072e+01 8.050264131643778853e+01 9.631926393470121184e+01 9.059171154318596564e+01 8.168128261608934793e+01 7.207536980818989036e+01 5.206310216072188268e+01 7.207536980818989036e+01 6.722181916789998013e+01 5.453654879330448324e+01 7.451802132723624084e+01 9.397448626508099778e+01 9.838860960333883554e+01 8.017704518715875395e+01 9.606644042531925720e+01 1.043495736682125425e+02 1.161748976068305979e+02 1.078695636843492736e+02 1.033176955001356134e+02 8.344949210005572127e+01 8.811878948130461708e+01 8.554489906479197714e+01 1.054356855001301199e+02 1.006211622846863918e+02 8.394762365939486415e+01 8.310015713548973793e+01 9.452463359483458305e+01 1.145051959140333793e+02 1.208527182633078922e+02 1.027203290936338220e+02
4.525361286045544773e+01 3.514180923025607939e+01 3.829895024587268892e+01 4.162918404940545258e+01 4.539686307667263776e+01 4.997680786318570512e+01 5.493734081907506095e+01 6.055569118480628532e+01 6.811584996045800722e+01 7.959072628257383997e+01 9.955629404017214767e+01 9.145635439030532154e+01 7.158406170732661167e+01 5.746466177167341982e+01 7.740452147644725756e+01 8.081302653504040734e+01 6.090647219575747329e+01 7.086712443382376136e+01 9.076264960643354129e+01 1.083488449169054206e+02 1.000554454146845416e+02 1.083488449169054206e+02 1.120994453238963189e+02 1.203562133734453568e+02 1.174657384149025035e+02 9.745738424380255083e+01 9.486839086134254728e+01 1.080337098050578817e+02 9.957128848862569725e+01 1.054356854999253841e+02 1.121242025833825835e+02 1.038251361153155727e+02 1.029694128804839011e+02 1.112673668669952889e+02 1.228181442046898439e+02 1.307696511968346442e+02 1.226547848844841013e+02
3.114349184478017563e+01 5.114743863675438718e+01 5.848485148373440268e+01 5.336292739485263326e+01 6.560934975018318482e+01 5.713987718166135465e+01 7.497035274040014485e+01 8.050264131646068222e+01 8.802916812079909903e+01 9.631926393470121184e+01 1.078602477432563376e+02 9.145635439030525049e+01 7.158406170732661167e+01 6.642491805372567626e+01 8.565437598728138369e+01 8.783315919977731312e+01 6.797722555151865720e+01 8.783315919977731312e+01 9.903825479406837928e+01 1.165901485997775211e+02 1.083384764456516081e+02 1.088843076723815670e+02 9.225589802851354193e+01 1.088843076723815670e+02 1.257801748634943522e+02 1.174657384149025035e+02 1.148596602810406324e+02 1.231748383499965769e+02 1.195935923004442287e+02 1.254767659660671626e+02 1.236757958157792388e+02 1.154977462333488916e+02 1.180569968332554112e+02 1.262365721834905372e+02 1.358766325593032320e+02 1.280224270688830757e+02 1.280210758099845236e+02
4.736704800224111978e+01 4.525361286042705444e+01 6.537639248914557299e+01 7.345769911355291981e+01 8.173947372595122829e+01 7.133066806223223466e+01 7.351395893804557602e+01 9.348588588532724941e+01 1.031915156872250492e+02 9.494904348256794435e+01 9.968960928374407615e+01 9.972540393439003026e+01 9.145635439030517944e+01 7.788794935180192169e+01 9.454640535377210142e+01 8.783315919977731312e+01 8.200470627006791347e+01 9.610298796809752275e+01 1.114206355495535945e+02 1.031786123413049978e+02 8.852866164756781586e+01 1.006427679512299989e+02 8.090149685264057666e+01 1.006427679512299989e+02 1.099706168181624975e+02 1.214453347209448566e+02 1.218155505967125407e+02 1.136464943887677350e+02 1.126054342417333487e+02 1.207741345108032363e+02 1.122626700729965137e+02 9.571946137573834790e+01 9.828876796250249015e+01 1.180569968332554112e+02 1.280224270688830757e+02 1.096634049051486670e+02 1.096624066664562491e+02
5.568013230011654002e+01 6.537639264544345963e+01 7.367580517592587341e+01 7.463568699238169302e+01 8.292744617399367257e+01 9.129777967152631390e+01 9.348588588532746257e+01 9.878572939390839736e+01 9.056017993834650781e+01 7.529660864026584477e+01 7.998725568744056602e+01 9.968960928374407615e+01 9.952642060203849894e+01 9.776030645224142290e+01 1.060390399756522868e+02 1.077666438639826652e+02 1.019042893103350309e+02 1.078393634437195914e+02 9.938681299343340925e+01 8.344953786188386857e+01 7.723850642859716231e+01 8.650610588202762585e+01 7.406274085517604533e+01 8.197442262736443297e+01 9.333813091674872453e+01 1.131869575417394742e+02 1.104001680535161256e+02 9.385368814720679609e+01 9.280426138775084155e+01 1.093554816238259377e+02 1.040787481466982456e+02 8.417168520535150833e+01 1.040787481466982456e+02 1.161874559615609428e+02 1.264427173287829476e+02 1.150406380009523843e+02 9.684425640465491369e+01
6.137575737241764529e+01 5.307061973204619676e+01 5.826139926902613553e+01 5.458136689324423685e+01 7.325280648693555463e+01 8.221331017751194281e+01 9.376205291012395548e+01 9.056017993834657887e+01 7.085349284390922264e+01 6.386804176326261739e+01 8.360270493613317910e+01 8.968899493993251326e+01 7.981020739957813248e+01 9.379098160507795967e+01 1.036606191884927739e+02 1.069125337230042305e+02 9.860871830854397047e+01 9.938681299343305398e+01 7.764283779698027388e+01 8.401150068206939636e+01 6.764060331164913009e+01 6.709323712408891538e+01 8.073733830333499384e+01 1.004329680744966993e+02 1.099686423370060027e+02 1.162040265561247310e+02 9.642642449102100954e+01 8.226225230152321899e+01 8.119944625377586078e+01 9.942480112418935789e+01 9.120239029565114208e+01 7.803511645207119329e+01 8.814698445688709683e+01 1.080061012090389880e+02 1.185972250682416558e+02 9.990225408888588277e+01 9.023250117963428352e+01
4.637422551880549548e+01 3.298143769352392951e+01 3.815759731544105193e+01 4.486440910077099886e+01 5.387770953294960208e+01 6.547352604455220160e+01 8.547127643362891547e+01 9.091847368806065788e+01 7.662544785914867873e+01 5.671764429346094971e+01 7.662544785914867873e+01 6.993532471079255686e+01 6.584345538144692966e+01 7.574506853646856541e+01 9.542483655804952036e+01 9.530462875346958640e+01 7.847908957016801423e+01 9.530462875263167177e+01 8.401150068206939636e+01 6.353692966523274777e+01 6.090829874199472016e+01 8.020774062632794710e+01 8.720846527742645549e+01 9.540316979781530904e+01 9.519915691399616264e+01 1.034215679794391320e+02 1.104001680535161256e+02 9.224067780248323345e+01 7.202710592647699173e+01 8.509409940618563439e+01 7.095308904306638453e+01 9.120239029565114208e+01 1.062736507348646171e+02 1.161874556624014616e+02 1.165452777507196771e+02 9.786007598896969739e+01 8.441388309145463609e+01
2.631195266416533940e+01 4.637422551880761290e+01 5.826139926902576605e+01 6.495989416288773555e+01 7.325280648693555463e+01 7.258934000167982958e+01 8.092393004253844424e+01 8.269589705942283331e+01 6.283078758903025829e+01 5.144129643669071328e+01 6.843717385356370642e+01 5.577924513141786633e+01 6.737639159509201647e+01 8.729256055761192101e+01 1.036606191880931647e+02 8.698687173775505244e+01 6.662370633334496972e+01 8.698687173775503823e+01 9.274110062131596521e+01 7.660797615184661424e+01 5.730477712835654103e+01 7.229164999829002625e+01 6.774733977402618734e+01 8.133937960335458683e+01 7.559847187121600598e+01 9.519915691399616264e+01 1.096928700871223867e+02 1.004517611609423113e+02 8.509409940616866663e+01 6.462354426890908599e+01 8.509260810715424839e+01 9.916958640337982445e+01 9.345713569935385578e+01 1.016527037113118865e+02 1.115895244854557546e+02 1.079169938946312755e+02 8.909620573739110228e+01
4.018047085330928070e+01 4.815324419418515589e+01 5.830024119476205868e+01 5.322834959668821853e+01 5.899798383386904987e+01 5.336825977811856347e+01 7.258934000167982958e+01 8.181510137588779230e+01 6.647562196985785476e+01 4.631935032662315876e+01 4.832560157535438350e+01 6.843717385356370642e+01 8.393485374087384798e+01 9.584146769714979541e+01 9.267533224315590701e+01 7.978740556581411170e+01 5.930679639389450131e+01 7.978740556581411170e+01 9.267533224700433436e+01 8.475076633827924866e+01 7.229164999829002625e+01 5.289996884282411571e+01 5.661926311532147338e+01 6.198910566920397969e+01 7.054999443588049246e+01 8.173364290727516845e+01 1.014533589031711074e+02 9.618038372701816741e+01 7.603383381699958932e+01 6.136084049627021386e+01 7.746331873156459835e+01 8.263688982705947694e+01 7.325873265126462286e+01 8.348398758722383661e+01 1.034302840032133872e+02 1.156951567685403433e+02 1.048417808452740871e+02
2.079591794900833079e+01 3.284000572985841870e+01 4.547985631335293277e+01 3.396550970032593142e+01 3.989642834929930615e+01 5.091598349505927956e+01 7.003820161007763545e+01 7.362245207331206132e+01 5.362416348283852585e+01 4.184838973370206361e+01 6.207804136067257872e+01 6.839785909964216160e+01 8.797855068230346376e+01 8.787480268698185171e+01 8.432997301655274214e+01 6.394405848087306055e+01 5.307940978727391723e+01 6.394405848087306055e+01 8.432997301655383637e+01 8.624047360102736093e+01 6.933444658133669236e+01 4.986186677798757216e+01 6.933444658133667815e+01 8.133937960335458683e+01 8.951001992532766849e+01 9.827856336615407429e+01 1.027002644520153041e+02 9.109910173662230193e+01 8.282033358886774010e+01 7.759343020270202373e+01 5.693371376850829790e+01 6.213920238740549706e+01 7.413248768650829845e+01 9.431579870667837895e+01 1.115894989037639107e+02 1.056784732132546196e+02 9.790482284571200466e+01
4.084349789533487041e+01 2.147514658184180547e+01 2.618501703236532308e+01 4.573461658135764196e+01 5.889492614502186285e+01 6.714609491032399546e+01 7.834321548056836093e+01 7.317633568634742858e+01 5.322809312915041602e+01 3.883501993254289886e+01 5.323130852829744697e+01 7.325207639448336749e+01 8.221071506926331551e+01 6.842647272891416321e+01 8.221069537508397218e+01 6.768494349908547747e+01 4.714933967679191085e+01 6.768494349908527852e+01 8.339870100259962271e+01 7.808955262819792154e+01 5.867599907920459401e+01 4.737033850869092078e+01 6.118796651260132791e+01 8.062565022280078608e+01 9.924340906185638289e+01 9.340804103423774052e+01 9.448347909863161931e+01 7.428314697563294544e+01 6.232928706366003269e+01 7.097724979530552503e+01 5.395329721409929391e+01 7.462164565741896638e+01 9.093948614675160513e+01 1.025355775931268028e+02 1.113280481623932161e+02 9.234474791923328496e+01 7.825244837978033274e+01
4.276265596683797554e+01 2.195790683291071232e+01 3.876783040133059188e+01 4.329115135764526912e+01 6.055616431593027471e+01 7.531267791305847936e+01 7.372071194123674331e+01 6.059747304892742648e+01 5.232855771639358977e+01 3.599839154609357905e+01 5.545461321280947686e+01 7.049059357587884733e+01 7.359170413499406038e+01 5.503254960477298852e+01 7.359146679692030091e+01 6.320370735825719777e+01 4.282753446609964243e+01 5.454433912827040842e+01 7.502748133917295092e+01 6.938241636584889704e+01 6.128046255989424651e+01 4.502044526080448605e+01 5.883549729784064652e+01 7.828562848430394183e+01 7.910810211670725778e+01 7.318487347619725369e+01 8.741366957082826161e+01 7.602661327977452288e+01 6.764012255932031792e+01 5.033932112878596854e+01 6.500648724831370373e+01 7.461458552193279559e+01 9.485264278477031041e+01 9.617068546643780280e+01 1.043928346636926108e+02 1.056778305159679263e+02 8.740019031303977215e+01
