LEM/sinusoidal_perturbations/elevation_000984.asc
nrows	100
cellsize	150.0
xllcorner	0
ncols	100
yllcorner	0
NODATA_value	-9999
[rows 17 to 33 of 100, columns 0 to 36 of 100]
5.222468517465790779e-03 1.654303451816380743e+01 3.803860006336699229e+01 4.937826015567566884e+01 5.143840092589110213e+01 4.945618366410612765e+01 5.776438152405951598e+01 7.060220638908307933e+01 8.187459432015647565e+01 6.808007149761967014e+01 4.485711566423965735e+01 3.296164784047079621e+01 5.591250124810035516e+01 6.135763622938661399e+01 3.921784999274622407e+01 6.135763622938661399e+01 5.821308685249265835e+01 3.870089090499475049e+01 4.845698887874366534e+01 5.657628494235540018e+01 4.277343147983147276e+01 2.267249473460560338e+01 4.277343147983182803e+01 4.045139560796949496e+01 1.801441232021556971e+01 3.318658108117749350e+01 4.216847640086260895e+01 3.499530299641203612e+01 3.437219368486681503e+01 4.909108432858661786e+01 5.166208590700247072e+01 3.900475736994243192e+01 1.907796911442171606e+01 3.471444620633425870e+01 1.592762704583876143e+01 3.039089948108543737e+01 5.081150200581809173e+01
7.333276091007126865e-03 1.414948105710151083e+01 3.415135916229154844e+01 4.408296949649178487e+01 3.344442938698989565e+01 3.122444362424989706e+01 4.139377685788581829e+01 6.179140879978763934e+01 6.739466624828156682e+01 6.579016524843001434e+01 4.243643699939826064e+01 2.524646684411072428e+01 4.872518035341926890e+01 5.397770748383977235e+01 3.138373787580129815e+01 5.397770748383977235e+01 6.241650821873064814e+01 4.845698887874340244e+01 2.855468159456252053e+01 4.845698887857376747e+01 3.803559525262198093e+01 1.812159153204965278e+01 3.752527996021267143e+01 3.545084123459538006e+01 3.005755825089009647e+01 9.129011295371055823e+00 2.974955142054527713e+01 2.198296680537143644e+01 2.195178234858569866e+01 3.302469575098343313e+01 3.376070465290761291e+01 3.293476979759238077e+01 3.338009139549159698e+01 1.420453356804537215e+01 3.200136955569512054e+01 2.711953469880320355e+01 3.927987979425580534e+01
6.343274376862209282e-03 1.690883212841066907e+01 3.731347418412753569e+01 2.676124783894003656e+01 2.154397215231604434e+01 3.158345560862493073e+01 4.988314431457963138e+01 5.865869294483054830e+01 5.496974794734437353e+01 5.691490786806372881e+01 4.299500702332714752e+01 1.942632850076473972e+01 4.299500702332714752e+01 3.914311348327767348e+01 2.469860131567927297e+01 4.745539026620820522e+01 5.430039433731358400e+01 3.461488969675669836e+01 2.289296621119700603e+01 3.625596407971472956e+01 3.363775704549992440e+01 1.378859215189491039e+01 2.804673696263954952e+01 8.399945035513358249e+00 8.708177939224116315e+00 1.166522544113969673e+01 9.537195973345525601e+00 2.191154740959113667e+01 1.389343644498493191e+01 1.434848456802088634e+01 1.545569566585471577e+01 1.600575796072074297e+01 1.261268347476968543e+01 3.338007535306569906e+01 4.247725954353934696e+01 4.142429851564435239e+01 5.575708105552496363e+01
3.497053469895897767e-03 1.999517594033332557e+01 3.142418118228961887e+01 1.437079717911123211e+01 3.183629009909414265e+01 4.645287276381397845e+01 5.676290399737592907e+01 3.778392310365662610e+01 4.600216545524933309e+01 3.964862127062944808e+01 2.384835970685890061e+01 1.428330305956981938e+01 3.172416366399094301e+01 1.655090794830309875e+01 3.914311348327767348e+01 5.624548497224819954e+01 5.675696983685476482e+01 5.108052028245361953e+01 3.625596332714969350e+01 1.642454585360440333e+01 2.961019857726663318e+01 1.910470478666121608e+01 7.960057446778417756e+00 1.584978378506317043e+01 2.334521839539476673e+01 2.289866093099269406e+01 1.028819053407979922e+01 9.934525758606035595e+00 1.021020254446029796e+01 1.874203996550305718e+01 2.587004661251154403e+01 1.140167990453626423e+01 2.577304368899009646e+01 3.534612912332762846e+01 4.331723191249055560e+01 5.356962374627998003e+01 6.785486034264246769e+01
9.635555453094322986e-03 1.975349267987339630e+01 2.679900589408241629e+01 8.620953343792464807e+00 2.445370537355083229e+01 3.341017030002270616e+01 4.346768215747609787e+01 4.600025633592223073e+01 2.251929758504522994e+01 3.041745517268024201e+01 7.577517788690005140e+00 2.501738047317324032e+01 9.728719185263992486e+00 3.172416056418319030e+01 4.496777037546382161e+01 5.095925384533926916e+01 3.761250160987706437e+01 5.098511114153678392e+01 4.397538071657194081e+01 3.004886675652220518e+01 1.089756364604786221e+01 7.528066851671281867e+00 2.625518615317002613e+01 2.968291003790869098e+01 2.976998376570991667e+01 3.332960522419259064e+01 1.445992719399070658e+01 2.997061133678328204e+01 2.527929049795367078e+01 1.059621093804159564e+01 1.086805414332660114e+01 1.115552853341015549e+01 1.505716045872988218e+01 2.044582320412958154e+01 2.833637933790497598e+01 4.551439866242565557e+01 6.208884795014808589e+01
8.845047570523793118e-03 1.364368913327831123e+01 1.681187285617595961e+01 2.425633550158450280e+00 8.650706513247822471e+00 1.746573475874781423e+01 3.524195354244979228e+01 3.991546476432594659e+01 3.093051739865105887e+01 1.033228620627399508e+01 3.893747064038499683e+00 3.623430600731233575e+00 2.396749550238617132e+01 2.982607752432075898e+01 3.296415067279421152e+01 3.034011896460194890e+01 2.288337254825037093e+01 3.759977625313256056e+01 3.130981956641244679e+01 6.813665333374305355e+00 7.109349409622033100e+00 2.695917897647324324e+01 2.304022100905005033e+01 3.893669630772598111e+01 4.442730339172385357e+01 3.877820374579057017e+01 1.886896260193169539e+01 3.918864105713046797e+01 3.810202111645372014e+01 2.490139520827950292e+01 2.617696731009943889e+01 3.104513974591308312e+01 1.156286389542773740e+01 2.074798855310945100e+01 3.487449865476708766e+01 3.723501439265674406e+01 5.456619928077223136e+01
8.023991185656003874e-03 3.030041206581187696e-01 5.980164593396890549e-01 2.680450365310258931e+00 1.238562788565510608e+01 1.257000956441771145e+01 2.382711397438152190e+01 2.328420688919247894e+01 1.472551588141406675e+01 2.346068561488347015e+01 3.192644782620443156e+00 1.773982910087550735e+01 4.052734251273780508e+00 1.860507345384381139e+01 2.302108075655613462e+01 1.427641569502806007e+01 2.547140060668606765e+01 6.073725230112755114e+00 6.385591859207751853e+00 7.692446029368148253e+00 1.439651462401062432e+01 1.617087401993810758e+01 3.621586485689039847e+01 4.700252393140094398e+01 4.736691516657960932e+01 2.895845148827876869e+01 3.949049729622100813e+01 2.740251922194329381e+01 4.717735328005272066e+01 4.489340623452726220e+01 4.667563124585391421e+01 3.258399418875524844e+01 1.185571295480343323e+01 2.928081064799809852e+01 2.242890668236641005e+01 3.536276509930746670e+01 5.272590915285122293e+01
4.598823041778624977e-03 1.931782172160667344e+01 2.282381096170260903e+01 1.015879212473216997e+00 1.310398699205474138e+00 1.602758295341973449e+00 1.892209192315130739e+00 2.179975301301799728e+00 2.469058156773314305e+00 2.764316292063626168e+00 1.698512185992170131e+01 2.182149078469058168e+01 6.840993280586474157e+00 4.481516367070616624e+00 5.161935369999750556e+00 9.495212052952618720e+00 5.620202123862855892e+00 1.075811991985310456e+01 1.407951648827570956e+01 1.360024723994918183e+01 2.559577786573933267e+01 3.630665244564413285e+01 2.778528158665639225e+01 4.799420406759329438e+01 4.016682678016330499e+01 4.787725668021287362e+01 5.307372869595547371e+01 3.380102877855859589e+01 5.330803325325514663e+01 5.574146082252683243e+01 4.378593876535116891e+01 3.093113118111294213e+01 1.941537934339368832e+01 1.228818200356366042e+01 3.593957853281722947e+01 4.034895861536631401e+01 5.757436974635530191e+01
7.340434288523949372e-03 2.000732845753141120e+01 3.598361670392960576e+01 3.433222051717915946e+01 2.254349263057341801e+01 9.488296953291246894e+00 7.216235793914857588e+00 1.855868324674865733e+01 2.016967361071750631e+01 3.089535492009946704e+00 1.675715899958522925e+01 2.220843426780637841e+01 2.506317057631083145e+01 2.516010599633449019e+01 4.876363397316192838e+00 5.163768006621443973e+00 2.520028658469301774e+01 8.932580061680209127e+00 1.093668533173936908e+01 2.777304734357694471e+01 4.021540232856874297e+01 5.408896770638799723e+01 4.214339906305567496e+01 4.799680638862071191e+01 5.249458431813854986e+01 5.357972752337163769e+01 6.006805550969654917e+01 4.095817924657107056e+01 6.006806286418666474e+01 4.802426289544629157e+01 2.984338937971104144e+01 2.193169145667250675e+01 2.424670957620811151e+01 1.260452635151010981e+01 3.416598331680656031e+01 4.389112072649980689e+01 5.103711402930692742e+01
3.515918393995972821e-03 8.318378991046674997e+00 1.972702279491438659e+01 3.971576078837453849e+01 3.453199915009312093e+01 1.807199703879826913e+01 2.555300215810494890e+01 1.495046968856703096e+01 2.514280148190387720e+01 2.376020844526201259e+01 9.006708839823728496e+00 2.248321813058542773e+01 4.007003760785454460e+01 3.974012242312676335e+01 2.780949591487118155e+01 6.883651710512788569e+00 2.169501473856537999e+01 3.267629739640169362e+01 2.777327131253195702e+01 1.411273472610997004e+01 3.222278774122820977e+01 4.567283222810808496e+01 6.213610574284701471e+01 6.786736767230139833e+01 6.937844487628444767e+01 6.378341804742645849e+01 6.782753941220839522e+01 5.206609628641910348e+01 6.782792880849845574e+01 5.569136782141241326e+01 4.447110499826067809e+01 3.072127327414067466e+01 1.307801118939423901e+01 2.304922956905811304e+01 1.506023352175160746e+01 3.549119169788725259e+01 3.985872504640711611e+01
4.608085242692564441e-03 2.000460519627017675e+01 3.645754306874923145e+01 4.799944157919139087e+01 4.324383328471827070e+01 2.985235141735232034e+01 3.705216706133950311e+01 2.030896710808681860e+01 3.604962604440748919e+01 3.411805110318329071e+01 1.332202476843535166e+01 3.409521060317631225e+01 4.930484624584255471e+01 4.658267888004606760e+01 2.956033602849708330e+01 8.718242772541490382e+00 2.944868212294943888e+01 4.737970722968995574e+01 4.047015349090057157e+01 3.222286608594506419e+01 1.810986839015719951e+01 3.732222678115751080e+01 5.156938828081617743e+01 6.258572022807990010e+01 7.975753248343762891e+01 7.661420629941054017e+01 7.867073325774512682e+01 7.100155882031053522e+01 6.654214376448994983e+01 4.806783190740920020e+01 3.510178829462170569e+01 3.385675195475808152e+01 1.341970622163361782e+01 3.211383122520106781e+01 3.533155984720731624e+01 1.756022162341895410e+01 1.933742292462543588e+01
1.610643649003322799e-03 2.000161064364864671e+01 3.299324426533287635e+01 4.115821007443822310e+01 4.944248113809760525e+01 4.826814631672181832e+01 4.302962203593298796e+01 2.612675817385430221e+01 4.302962203593298796e+01 3.916753888608553069e+01 1.807195310464067006e+01 3.916753888608553069e+01 5.222395905726293108e+01 3.289360701506517870e+01 1.982065055052118652e+01 1.069573855269499774e+01 3.128419557080261981e+01 4.214836510630721733e+01 5.643927961233804780e+01 4.567283222810808496e+01 3.732839004610000444e+01 2.321654773610638500e+01 3.315744042633691890e+01 4.877935608176283466e+01 6.868730220773836948e+01 8.616368207274497593e+01 7.456592838156610981e+01 6.632668701066118899e+01 6.470159394551126297e+01 6.109099784770926789e+01 4.314502668824466980e+01 2.190566078102965974e+01 1.376582341963494827e+01 3.380074201895628505e+01 4.518497283880921600e+01 3.803532395133677824e+01 3.106714082142790900e+01
2.022278438842990342e-03 6.326577598775574351e+00 1.299324426544218269e+01 2.115821007471929960e+01 3.530034569844975323e+01 5.530034569666383248e+01 5.092045613488326694e+01 3.544726115183885895e+01 5.092045613488326694e+01 4.634074427698227794e+01 3.632214688958915616e+01 2.605193045810285923e+01 4.890216079352932610e+01 4.690051816154730346e+01 2.911891654929716822e+01 3.128419560097450614e+01 1.358605507796790590e+01 2.785500458529611123e+01 4.405800379647986631e+01 5.270530529208352277e+01 5.157371207446102801e+01 4.316603292415312154e+01 3.010756864504467956e+01 3.928312005105385651e+01 5.542620985259538458e+01 7.456592993649590539e+01 6.316904384436617903e+01 4.664937435415564693e+01 4.492235499802801257e+01 5.551556097842941995e+01 3.556286264331571090e+01 2.976063717007834697e+01 1.411477232623699152e+01 3.000688837126211084e+01 3.861483391270028420e+01 4.737836057482114427e+01 5.186821770252792163e+01
6.642187732006160465e-03 2.000664218773165004e+01 3.299324426533287635e+01 4.115821007443822310e+01 4.087236630579320718e+01 4.621009200364579073e+01 5.426737011821368384e+01 5.338732466741543448e+01 6.159538161130238620e+01 5.318466754741147184e+01 3.490322098335672507e+01 4.712185203825443836e+01 5.932250430233198557e+01 6.151487215460529256e+01 5.177529932192360462e+01 3.829186882441337758e+01 3.376040232208475089e+01 1.632577127902059999e+01 2.378050520151233371e+01 3.541283536101769869e+01 5.626479819534939253e+01 5.687639377143532471e+01 3.650444069880939679e+01 5.687688854272858663e+01 6.868730220773838369e+01 6.632668703155202650e+01 4.664937435415571088e+01 3.502343749019063068e+01 3.045522548876539304e+01 4.498408123901642597e+01 3.696683077735450951e+01 1.622571713575611341e+01 1.446481586224076210e+01 3.480350583679638277e+01 1.974370000131785829e+01 3.900358800757839361e+01 5.764710692610107401e+01
1.591255364720534126e-03 1.414372687909579618e+01 3.414372687909649784e+01 3.377591687757318084e+01 2.120791256182888063e+01 2.670466626720457626e+01 4.621009200364579073e+01 6.294541630215653782e+01 7.094163537785451012e+01 5.979379755902090920e+01 4.129190901801997882e+01 5.980266720183781359e+01 6.957078130042985720e+01 5.254621952185171807e+01 5.421373613038376504e+01 4.147931589746256265e+01 2.149723165995378693e+01 1.847223392300341160e+01 3.837838946087617131e+01 5.270455317281638230e+01 6.486060368003678889e+01 6.532214676203022918e+01 5.092736039295834871e+01 5.092736039295834871e+01 7.124032009162407064e+01 6.267431299997477367e+01 4.302185621916311220e+01 5.496598526032880017e+01 4.498408134122690427e+01 2.434464488531100912e+01 2.037441448203920302e+01 2.719541772966845272e+01 1.851056663668376245e+01 1.496262369443667417e+01 1.531379632953342274e+01 2.972157835830417838e+01 4.438730807789230681e+01
6.189296070378335485e-03 2.000618929607002272e+01 2.770657906945191939e+01 1.393881906467141363e+01 3.377591687752322969e+01 4.621009200363582892e+01 3.647347322128151603e+01 4.552488177876021069e+01 6.178198298797296673e+01 6.711056852968121689e+01 5.048761467786553681e+01 6.934778071580227277e+01 6.977021623107039261e+01 4.944297188628380013e+01 3.435871295653461743e+01 2.681630888237437915e+01 4.052001698428646392e+01 2.053991398597617035e+01 4.052002959004492055e+01 5.092981395900001473e+01 5.492685062442478028e+01 7.434713434424456580e+01 7.124032009162441170e+01 7.124032009162384327e+01 7.971693312939684972e+01 6.859406614117447987e+01 4.896046612028754907e+01 6.859406614117447987e+01 5.190613648165521710e+01 3.165898171679865314e+01 4.108357721045595667e+01 3.788819124075092049e+01 3.934559131716496694e+01 3.531431738688323207e+01 3.561933418687593189e+01 1.580887118735526720e+01 3.604197967065297092e+01
2.247884206357958405e-03 3.851215998236746874e+00 7.773216506100121492e+00 2.770657906945191939e+01 3.014744504770472133e+01 4.992076506665247848e+01 5.555601318494451135e+01 6.294541630215653782e+01 7.094163537785451012e+01 7.852519944840126698e+01 7.308017990682388643e+01 8.151378792267972528e+01 7.760600550233166928e+01 6.239253482304162191e+01 5.154070201921316396e+01 3.137831814534505526e+01 4.893798542784097094e+01 4.052002959004557425e+01 2.351657418756329676e+01 3.505331180364519383e+01 5.214514459429878457e+01 5.811058387618712118e+01 6.491434737027526580e+01 7.334928112267425604e+01 8.355229125018115610e+01 7.558124840587913695e+01 5.581851256284262774e+01 7.558124840587913695e+01 6.013342098371011701e+01 4.351793188802474788e+01 6.013342098371011701e+01 6.071992502906033451e+01 5.140590079920558964e+01 3.960000771671776221e+01 1.924527909446336338e+01 3.566831925587653274e+01 1.630786660721435055e+01
