LEM/sinusoidal_perturbations/elevation_000534.asc
nrows	100
cellsize	150.0
xllcorner	0
ncols	100
yllcorner	0
NODATA_value	-9999
[rows 17 to 33 of 100, columns 37 to 73 of 100]
7.981503956445304482e+01 8.977159149995696907e+01 9.220592991032367536e+01 7.257160458986679430e+01 6.277344839728835524e+01 7.602471895325246010e+01 7.096172229852788860e+01 8.732905371679086670e+01 9.197101313794799182e+01 7.900887722005408875e+01 5.928558845543319222e+01 4.593564326337370574e+01 5.955493881403248224e+01 5.701228692294579758e+01 3.818399518835017403e+01 5.773428842816969819e+01 7.556501946712337769e+01 8.405383592021901507e+01 9.233030115270696569e+01 9.611796030655422385e+01 7.766568516453827442e+01 9.611796030655422385e+01 8.969156372762292051e+01 8.038412112749779226e+01 6.988168330903167202e+01 8.956032826471805208e+01 8.237932738809439570e+01 6.855885368163981752e+01 6.019143251715597387e+01 7.395085367795006448e+01 9.367334734308890631e+01 1.054267043318890842e+02 9.527704969220300768e+01 7.998146244194987275e+01 6.041086328595274324e+01 7.391879167544429663e+01 5.578252289394971797e+01
6.161020993663003509e+01 8.135896309016600014e+01 1.002483013385185586e+02 8.735083331853064692e+01 6.773342733359655199e+01 5.647282787840536855e+01 5.967218300063368019e+01 7.858318327520493085e+01 7.239910742034811619e+01 8.620879707720088447e+01 7.301738671853971141e+01 5.954517403699112776e+01 4.103634725987570420e+01 3.736943472810002476e+01 4.127502117323760444e+01 4.755004694022930067e+01 5.752672082412444610e+01 7.139676134367280724e+01 9.114517282422814048e+01 1.062097005274047916e+02 9.780394728862142983e+01 1.062097005274054737e+02 1.054019367694208142e+02 8.600000799872705670e+01 8.386020647979658804e+01 8.956032826474611852e+01 9.619980121190286582e+01 8.399636238185948400e+01 6.443369478076461121e+01 7.819888298282249650e+01 9.799271577459310834e+01 9.693424799569186234e+01 7.671914496590885335e+01 6.686958128641317955e+01 7.998146244194987275e+01 7.978761086477456388e+01 6.028559974346815409e+01
7.981503956445304482e+01 8.977159149996444398e+01 9.359595582900151101e+01 9.540934805115426798e+01 8.411070693141418531e+01 7.049461005694156768e+01 5.101507499685269664e+01 6.577012948710968487e+01 5.858657338894776245e+01 7.813158588428883888e+01 7.328758807499569627e+01 5.528602852862386641e+01 5.465858097104539581e+01 3.679312961090425205e+01 5.698095983791900210e+01 6.732162595581016262e+01 7.556501946712414508e+01 8.543049258274616875e+01 9.454467556587796651e+01 1.029641539337481504e+02 1.036504909334815068e+02 9.525332519444860679e+01 1.036505154619356546e+02 1.054019367694208142e+02 1.033216395851497680e+02 1.088887141969146768e+02 1.001508620648377814e+02 8.036572142821302123e+01 7.018970894162477236e+01 8.036572142821302123e+01 1.001508620648377814e+02 1.054267011634265856e+02 9.289874804110937134e+01 7.276003125380616154e+01 8.727756490952786805e+01 6.746152286644272067e+01 7.978743825242789001e+01
9.197043931793207605e+01 8.364329192553472581e+01 7.369063026878257006e+01 8.782927435054068610e+01 9.195898140612898430e+01 7.858316751982921744e+01 6.577012948608889076e+01 4.635752745714194134e+01 6.004479942375257906e+01 7.959229909392789182e+01 6.408585363753387298e+01 5.509870308390225091e+01 3.599813259200647053e+01 4.238844370293620756e+01 6.097447811306623322e+01 7.129609000158136212e+01 8.941535012596466458e+01 9.132468637406626044e+01 7.445340233293131860e+01 9.132468637406626044e+01 9.358380889899440547e+01 7.517767946787917310e+01 9.358380889899440547e+01 9.529425155043084317e+01 9.785371958891887800e+01 1.062555726832965632e+02 1.083068825935970949e+02 9.623779835217639800e+01 7.637356632017255720e+01 9.623779835217639800e+01 1.083068825935970949e+02 1.030643162733637439e+02 8.273317985436635524e+01 9.289874807097720577e+01 9.305593907269829401e+01 7.303966433085267340e+01 9.305448349091895466e+01
8.364329192553472581e+01 6.392554153101512071e+01 5.988070933844397103e+01 7.794798891246379924e+01 8.389549802246280308e+01 6.431674823906433858e+01 5.309540408062953531e+01 4.342253331314591236e+01 5.892079676551749401e+01 6.699584933670060138e+01 5.584469122061021551e+01 3.525505422359662333e+01 5.358025662932135447e+01 5.969968754134598754e+01 5.317110341338418067e+01 6.614741139205220577e+01 8.480876373750943742e+01 8.294497354000955625e+01 6.300265027921299321e+01 8.294497354000955625e+01 8.521550184865517963e+01 6.525403130799018925e+01 7.523476637114838184e+01 7.523476636476752333e+01 7.775591977605409966e+01 9.462063883803581632e+01 1.042361978480837195e+02 1.043991774295329122e+02 9.044622191499168196e+01 9.044622191499168196e+01 1.102199007343482435e+02 1.115760196547887517e+02 9.281477550325045911e+01 1.115760196547887517e+02 9.978963913911616146e+01 7.958853893986287176e+01 9.978963913911616146e+01
8.105748482563090818e+01 6.138702043016925813e+01 5.027832143498103790e+01 6.208263875606289162e+01 7.027379915061041515e+01 7.623016539052763108e+01 6.307283869495934425e+01 5.511863930663864153e+01 3.935446421663995409e+01 5.866740311166361010e+01 5.934282324108610851e+01 4.162431372169704247e+01 3.455545586179399464e+01 5.161267364023569826e+01 5.798674274874018408e+01 6.791147151163325191e+01 7.576907237356927283e+01 7.589423461639074731e+01 5.597627646298024473e+01 6.698667509340920390e+01 7.530481299800467809e+01 7.523476634900457327e+01 5.540473249015627033e+01 7.361918002505949232e+01 6.627877512043109220e+01 8.408468038349946028e+01 8.408468038441321823e+01 9.914936110190051011e+01 1.102199007343482435e+02 1.102199007343482435e+02 1.183521329440739862e+02 1.218368847981794261e+02 1.133138570434770003e+02 1.218368847981794261e+02 1.082720871088519203e+02 8.959095776496292274e+01 1.082720871088519203e+02
8.937336964965196273e+01 7.394903116291733625e+01 5.552588073654519008e+01 4.267583087763637195e+01 5.585904860497671365e+01 6.306035694321741403e+01 4.937796161242380322e+01 3.529027180865155344e+01 5.162131580202543546e+01 5.195189811899118126e+01 5.229144457408904856e+01 5.265802809498914172e+01 5.296644575431412250e+01 3.385246222274954420e+01 4.525504820611444501e+01 5.099127428006426754e+01 6.879806268301261696e+01 6.776167340646134107e+01 5.946482001421156838e+01 4.708573734423219292e+01 6.698667509340360482e+01 6.532576350896640349e+01 5.001662683326272685e+01 5.381318305814676961e+01 5.886969173270500022e+01 6.413550109053488768e+01 7.073063393808300248e+01 8.485304828707810998e+01 1.050264594177179873e+02 1.204672631724199476e+02 1.120580844586975218e+02 1.204672631724199476e+02 1.267508857545787180e+02 1.183167510260218620e+02 1.184891360090001768e+02 1.099883205132693291e+02 1.184891360090001768e+02
9.081374489841751085e+01 7.983056542528699140e+01 7.027379941117318651e+01 5.585904860497671365e+01 3.606254289814471292e+01 4.978066556531603482e+01 5.011152576591229746e+01 3.360309350828333663e+01 3.158901899779035105e+01 3.197073960794940461e+01 3.235228013114244305e+01 3.273407690753469979e+01 3.311647533499007778e+01 3.367143479835337416e+01 4.032805398873910008e+01 5.437667065710383696e+01 5.668624805360889241e+01 5.596337664499596798e+01 4.038936711089331055e+01 5.946173738758931648e+01 6.119362826039535719e+01 4.572532506169097388e+01 5.950662226549229672e+01 7.361918003288354839e+01 6.994746770110479872e+01 8.408468038441321823e+01 9.076170360757825506e+01 8.485304828707810998e+01 1.050264594177179873e+02 1.103783499909932999e+02 9.193150747086373542e+01 1.103783499909932999e+02 1.150328799854461153e+02 9.804775081721449226e+01 1.150328799854461153e+02 1.082383791468198524e+02 1.166590953208219474e+02
7.387658178940897358e+01 5.691049183553387536e+01 6.974472369767595126e+01 5.428200943989792648e+01 3.254133449785340559e+01 3.028327552432682879e+01 3.066998838294983898e+01 3.105262922513438539e+01 4.271625997820206777e+01 5.172738831051773900e+01 5.229032470916644115e+01 5.247592763018951700e+01 3.727209164961913501e+01 5.355903227812863321e+01 3.446564863253389888e+01 3.503125382507844421e+01 3.560104005868661403e+01 3.617070330461548622e+01 3.673826363337014556e+01 5.506689253410582552e+01 4.163927216008603693e+01 6.119362826039535719e+01 7.361288955759584951e+01 8.771915684970583982e+01 8.995642639158350562e+01 9.833576293092947651e+01 9.886527039883324619e+01 1.050264594177179873e+02 1.134456739167231234e+02 1.019947959647806357e+02 8.190018320353497927e+01 1.019947959647806357e+02 1.066144382992623321e+02 8.640775150348781608e+01 9.581350988331419671e+01 8.802292710097319173e+01 1.023932925788606809e+02
6.480918220275881936e+01 4.346371737583197614e+01 5.057001749159317683e+01 4.386792503456291570e+01 2.973290715973679710e+01 4.975519871642085690e+01 5.080675101042031372e+01 3.769099035131119280e+01 5.460804091208539290e+01 6.158973340939999730e+01 6.390650999116807185e+01 4.469895633959362868e+01 5.543259305534780168e+01 6.301900171293965514e+01 5.661311025576490152e+01 4.158754565190067609e+01 4.877160673844616667e+01 5.572546306684709805e+01 5.649018915796079199e+01 3.754331456355556895e+01 5.724392610172625240e+01 6.857451484568264277e+01 7.311034608879585051e+01 8.153610268198958977e+01 9.080432731954661563e+01 8.244292253429659922e+01 7.875208407553334666e+01 9.886527039883324619e+01 1.095120943765254964e+02 8.940018043823585003e+01 7.524642077011753827e+01 9.529659171103207882e+01 9.563753886526635029e+01 9.581350988331415408e+01 7.569538383248082880e+01 7.644164120289082121e+01 8.221036230785459509e+01
5.665821374321632931e+01 4.159268365791258049e+01 3.194487381192745445e+01 2.917950588399304834e+01 4.910767726704756342e+01 3.557888247028099471e+01 5.516455309380369698e+01 5.573944133682270063e+01 6.416049911400291705e+01 7.962876203803767794e+01 7.074512273653118655e+01 5.131478873885277636e+01 7.093749425886295512e+01 6.984843580303105171e+01 5.154066447791313266e+01 6.031376124011976714e+01 6.327103213970445239e+01 6.684451369331020487e+01 5.351348324907274900e+01 3.812393200926666026e+01 5.778558332404702469e+01 5.700808111509388709e+01 5.336864641038349077e+01 7.320216014652967829e+01 8.244292253429659922e+01 6.250314136487904904e+01 8.244292253429659922e+01 9.530910754336453294e+01 9.463007324523860575e+01 8.972702455882880201e+01 6.974406700592257380e+01 8.243028014723225283e+01 7.554737708828402276e+01 8.409782880905197544e+01 6.941962295384747961e+01 8.945159982581392910e+01 1.023932925788606809e+02
7.003815768165446798e+01 5.935732715959682082e+01 4.843640764769301654e+01 2.878960324996818443e+01 4.881181076670706886e+01 5.516443187858219943e+01 4.152616866473965729e+01 6.074709077107770128e+01 7.122488007382990816e+01 7.940328884132786413e+01 7.924152616142883687e+01 6.252682338238872006e+01 7.932125467752756265e+01 6.983398732804855058e+01 6.426482495715630705e+01 7.800407781937623497e+01 7.444769736924997972e+01 6.187081343207273676e+01 4.232025913165220743e+01 5.406043291811801765e+01 3.896617194734808010e+01 3.956404052484086264e+01 5.911335616391924930e+01 6.814491909525986557e+01 6.761474506113680150e+01 5.556203800792643221e+01 6.694382841549051477e+01 8.693512679504978280e+01 7.455519150168457543e+01 8.878868415747844267e+01 8.243028014723225283e+01 6.253053878816281497e+01 6.151387778424839325e+01 6.414596795445828548e+01 8.409782880902166369e+01 9.437729202841185838e+01 9.958328728414677755e+01
7.296625330435951184e+01 6.449470007149542994e+01 4.377235711648560823e+01 2.840381350583987796e+01 3.989154685414901280e+01 5.420658949009506955e+01 6.074709077107770128e+01 4.763054363148781079e+01 5.211753806732163952e+01 6.550303830155901608e+01 8.503862767810724677e+01 8.250431187843274472e+01 9.098664967980310792e+01 8.914704551188476955e+01 8.332846562273267921e+01 7.957215360660406134e+01 6.615350365796211918e+01 4.652735352981527939e+01 6.187081343207273676e+01 6.592687246087682240e+01 5.856392240243643244e+01 5.911323555179436795e+01 4.040422386366867613e+01 5.989070971123159381e+01 4.797229241055090654e+01 6.761474506113680150e+01 8.372903060417706911e+01 7.879268211168188429e+01 6.051572225392796156e+01 7.252093196972170119e+01 7.460233390499256245e+01 5.788472370143731638e+01 7.776561081714848456e+01 8.409782662462160374e+01 6.984434203229470484e+01 7.427500768113317520e+01 7.942055435830050669e+01
6.963003522406231127e+01 6.170152460761030255e+01 5.307964679704395650e+01 4.397826399078080328e+01 2.786539973842450379e+01 4.511865868246890443e+01 7.019651971471353136e+01 6.250106811402117302e+01 7.122488007382990816e+01 5.998697143043628444e+01 6.941296188227033781e+01 8.316572714589680970e+01 1.030392702336896065e+02 9.512886642980559770e+01 8.510028333519771593e+01 7.125423941431436958e+01 5.149862580194107409e+01 5.296548758257033285e+01 7.274751169565803366e+01 8.383135129421916076e+01 6.389413849008204949e+01 5.004809409698238198e+01 5.989048509936172593e+01 4.122822343437182013e+01 6.066992370106437704e+01 6.972130795232575906e+01 7.598157142315940860e+01 6.767601945912628025e+01 5.068102029001836684e+01 5.268828539777528164e+01 5.474702485279347997e+01 6.220250055657290744e+01 8.213679251998145503e+01 9.826836641545858697e+01 8.397150971766335203e+01 8.583861752802934575e+01 9.958328728414677755e+01
6.053840628152583747e+01 4.279516255653873458e+01 4.704841353375334734e+01 2.733760766919785823e+01 2.860559435275683526e+01 4.967773848937248715e+01 6.765565592134677786e+01 8.008975647881563020e+01 8.667667829285655046e+01 6.747197115547189128e+01 8.667667829289462134e+01 9.725656929358908087e+01 1.010008584063980379e+02 8.085863778641837030e+01 6.676374998224559931e+01 5.690558160335859839e+01 7.125423941431436958e+01 6.036507518414957474e+01 8.027139238665893117e+01 8.383137636588810437e+01 6.389413860217918284e+01 6.973362034504100393e+01 6.892945656054405390e+01 6.066997952582577369e+01 4.203188017468071536e+01 6.145490084706014500e+01 6.767589074551105455e+01 4.796770526984163752e+01 6.767601946201295959e+01 7.251851477382946598e+01 6.615666984686238550e+01 8.213679068990614951e+01 7.625027776558114567e+01 9.634809627516371222e+01 1.041521574779797419e+02 1.060413383105010752e+02 1.144587643320972603e+02
5.240283721519507765e+01 4.658466160697784630e+01 2.682204153646629052e+01 4.366147090963862354e+01 4.921700540816701164e+01 3.672734359887693500e+01 4.992298726405702780e+01 7.021339387880122729e+01 9.377888897989841155e+01 8.089815229770488259e+01 9.491716251031172646e+01 1.100013380823843789e+02 8.982462886255808598e+01 7.564601124710721081e+01 6.571531828022001775e+01 6.312167542089000705e+01 8.307229269148807305e+01 7.025188930835955148e+01 8.862556028011748310e+01 9.219312324972780459e+01 8.383137636588810437e+01 8.909240889665368002e+01 7.498877734432475961e+01 6.356453115894156269e+01 4.412093288587777096e+01 4.283667884008094262e+01 6.226702764893187947e+01 4.613961392574982057e+01 5.992420537455939211e+01 7.983369952928103430e+01 8.613931971122215714e+01 9.451136622986437885e+01 9.634809627516371222e+01 1.047462234265155132e+02 1.108490097293557426e+02 1.024167374816095020e+02 1.024167374816095020e+02
4.557131879794251716e+01 2.631859865790779907e+01 4.652527364011049116e+01 4.148292090900167040e+01 6.100434233958341679e+01 5.252915619027497485e+01 5.089115643787333454e+01 6.638068623673440527e+01 8.746507061261732474e+01 1.006244922399710902e+02 9.712255351753898935e+01 1.055181434072189148e+02 1.040962809436025651e+02 8.569071877659945358e+01 7.719497489128553980e+01 7.011100200763218027e+01 9.016633341986151606e+01 8.438204710705294076e+01 9.867445461289459274e+01 9.697273148494434736e+01 9.244780239286681933e+01 7.831128997931908486e+01 6.088546604818228047e+01 4.711404441572681634e+01 6.356453245717141698e+01 6.226781410512714388e+01 4.362122563354998306e+01 6.308365177779359101e+01 7.223077766726595428e+01 8.633359829769779026e+01 8.996030922822654929e+01 8.998832337410476612e+01 9.836933401672114030e+01 1.025268520733185937e+02 9.408988998610274734e+01 8.202020995164610895e+01 8.202020995164610895e+01
