LEM/sinusoidal_perturbations/elevation_000663.asc
nrows	100
cellsize	150.0
xllcorner	0
ncols	100
yllcorner	0
NODATA_value	-9999
[rows 34 to 50 of 100, columns 37 to 73 of 100]
8.838236167303546154e+01 8.258468192282164466e+01 7.427738567418056448e+01 8.258468192282164466e+01 7.321333891517721781e+01 5.530016148942255683e+01 4.463787205801178715e+01 6.346215386026023708e+01 6.373946439874742254e+01 4.407037475195031817e+01 3.045838347731129048e+01 4.309665767487650356e+01 2.130197410220360510e+01 2.612462676624665292e+01 4.104389125870596899e+01 2.267529364767209188e+01 4.152897512250455492e+01 4.309340219126249139e+01 2.728083335712057789e+01 4.578706028561799712e+01 5.183251355374141411e+01 4.274777832295455227e+01 2.639746089493990056e+01 2.686278015476781533e+01 2.734674780798236782e+01 2.786327449375966836e+01 4.751689797563438589e+01 5.657324206200943451e+01 5.700384529002235467e+01 4.595651506612662729e+01 6.594132318356298583e+01 8.570729396918368082e+01 8.318666884504715142e+01 6.914725876489239909e+01 6.857538411601343853e+01 6.857538411601343853e+01 8.846230443414134470e+01
7.988919464374086488e+01 8.547574534605178087e+01 8.933471572253810677e+01 9.514887124580344846e+01 8.316694653794395720e+01 7.216791915072825248e+01 5.557509342366209637e+01 6.801096907426584437e+01 4.815914054323903315e+01 3.702025139386888242e+01 4.983131772973108298e+01 5.335578805874771291e+01 4.168881180141101339e+01 2.180299216361048309e+01 2.216399723256971299e+01 2.763587994269844472e+01 4.785671340749726710e+01 4.605808007346159627e+01 4.124055655043258639e+01 5.471760616721392978e+01 5.069091292286660178e+01 3.081703650132043748e+01 4.666143081728984043e+01 3.428853076589771121e+01 4.119344977372693251e+01 4.757620246024033861e+01 2.861136939651699862e+01 4.835776116155989257e+01 3.708138931738809418e+01 5.700384529002235467e+01 7.419023279711838370e+01 7.785507660811825303e+01 6.961582297725927049e+01 5.487916047632280936e+01 5.429959250760628464e+01 6.857538411601343853e+01 8.846230443414134470e+01
7.971532784145541939e+01 6.569280849896111363e+01 6.959124319210469878e+01 7.537397241209801280e+01 9.499290885973888976e+01 8.361527558058898535e+01 7.533386955893645620e+01 7.629845568243082710e+01 6.204167506528926168e+01 4.231637313475894757e+01 6.204167506528926168e+01 4.610763953338035748e+01 2.517506438446642747e+01 3.998719919848600313e+01 2.296105047080574124e+01 4.397489648958210040e+01 5.576093481071635694e+01 6.535137406492046352e+01 6.415046399032037527e+01 5.562111752408437582e+01 3.567731193280627622e+01 5.069262870033399082e+01 5.894244516966227820e+01 4.239538617880901228e+01 6.108875548838737046e+01 5.661591093564068444e+01 4.838295460477220900e+01 2.937822756039547656e+01 4.918994536833393028e+01 5.826802799597097504e+01 6.888617832084662496e+01 6.021807393095020444e+01 4.949672259578946409e+01 4.476655689997694054e+01 5.644368750546840374e+01 7.650984794823668267e+01 8.806975661668511179e+01
6.637885515311593565e+01 5.192089821682756678e+01 5.581018141008146927e+01 6.703640008551401763e+01 8.676330801610164656e+01 1.000585334219211404e+02 8.529869748749777614e+01 6.552273724265344867e+01 5.146023763033807086e+01 6.204167506528926168e+01 6.178381009808985169e+01 4.165972645551148190e+01 2.762665699972176370e+01 4.718772618779893691e+01 4.414159063999547783e+01 2.835264680118586966e+01 4.857876005789892560e+01 6.169294401526516936e+01 7.178808083313417399e+01 5.876085354838709662e+01 3.925582511748551440e+01 5.922470806836074075e+01 7.035251476098200385e+01 5.413605997781321122e+01 7.035243275121702311e+01 5.574390146886022279e+01 3.568778882803391639e+01 4.175711843908998588e+01 3.016954165726470194e+01 5.000902158838138689e+01 5.284452689177290807e+01 4.079376826908570308e+01 3.795149789775784654e+01 5.212572951747297623e+01 7.221751657952511039e+01 8.472373386086778169e+01 6.846962369301039075e+01
4.683972994427548286e+01 6.637885500581612064e+01 7.537397237565176056e+01 6.274961510142491505e+01 7.239610420034267690e+01 9.194418575777012848e+01 8.741100798552757567e+01 6.585263203938552579e+01 7.158091932570695803e+01 7.998914732148921303e+01 6.436893779408157457e+01 4.420090124737313886e+01 3.016775226391439801e+01 5.010798238868586907e+01 5.699981909098724486e+01 4.857876006196521246e+01 3.321665862371702360e+01 4.310204566950125837e+01 6.364984284209594989e+01 6.302551297001139829e+01 4.304121049870666127e+01 6.302551297001107855e+01 7.747223479922490696e+01 6.855743550698123556e+01 6.308163346094048052e+01 4.270692999785984512e+01 5.574390148962270786e+01 5.675244378378281596e+01 4.968670081925415616e+01 3.097200698349416115e+01 3.154506957111257393e+01 3.214256777316133196e+01 5.186494327406094129e+01 5.947463470071576808e+01 7.181414864671980069e+01 7.969638134440539545e+01 6.677001993051167972e+01
6.159402664633564228e+01 7.462669582799057366e+01 8.789533009361453253e+01 6.868768757391094937e+01 8.789533014750340101e+01 9.982309295152968787e+01 9.698803415908835746e+01 8.746492524431282334e+01 8.105362977933636159e+01 6.943952358921075074e+01 6.093105519182468299e+01 5.275347160620665932e+01 3.278848693768543399e+01 4.422912376349815133e+01 6.439794664454989004e+01 5.686632503521101967e+01 3.667402836880030037e+01 5.686632503521101967e+01 7.229427260341208239e+01 7.114389093055817170e+01 5.301913571866768393e+01 4.946199248018150740e+01 6.939886042651809817e+01 8.768010630261524341e+01 6.870892667792166719e+01 4.809211196417105327e+01 6.870892667792166719e+01 6.496438409713394435e+01 4.498894398366304870e+01 5.073086969237884603e+01 3.379182687031322985e+01 5.192866544924677896e+01 3.300410461580646171e+01 4.037229737572942412e+01 6.003984016982282412e+01 6.380072751858306646e+01 5.136321073949918059e+01
5.643743008065229816e+01 7.629971628071974976e+01 9.447552391837160712e+01 7.560836233181092325e+01 9.424137977417430534e+01 9.922388202596722806e+01 8.831758675743249398e+01 7.926261963993093218e+01 7.143897228138830258e+01 5.408795654190040381e+01 4.082459867669875564e+01 3.743790611736088891e+01 3.772059859506852320e+01 5.776372305289602593e+01 7.291500074422255295e+01 6.071053265130968413e+01 4.036889869482968862e+01 5.209964866499264957e+01 7.247321511931610871e+01 8.103655837030832743e+01 6.724736985159853475e+01 5.443258720617330937e+01 7.423997442628980536e+01 8.065306242514046176e+01 5.929680075420278484e+01 6.273649104574720070e+01 6.870892667791373754e+01 7.325428463398495182e+01 6.497688801866597430e+01 5.531862189021084930e+01 3.605049913384912941e+01 5.518616647583092316e+01 5.301896266910809885e+01 3.386970157429495742e+01 5.389266689654566278e+01 4.861135083436897730e+01 3.716930128048412740e+01
6.846041188325698101e+01 8.462817760221288665e+01 1.021391495117201913e+02 8.679040977717829719e+01 1.021391495117201913e+02 9.024073374012846216e+01 6.861336702548240396e+01 5.831157982321099098e+01 5.190725350143732442e+01 4.612860502353633052e+01 6.093105519182468299e+01 5.748052899318311404e+01 4.300736338195025610e+01 6.314599366838986327e+01 6.869767108262762179e+01 4.833438372309910847e+01 4.678471008850446822e+01 6.715088028111260599e+01 8.096862188017991002e+01 9.476814341144677201e+01 7.965554064183459104e+01 5.979094568427279910e+01 7.642288337584048463e+01 8.873627626640451638e+01 7.056853311775495285e+01 8.312766178151753138e+01 8.900644413860828763e+01 8.319309198232087965e+01 6.911607644608193368e+01 5.754344915111286696e+01 3.834654878938352596e+01 5.752506758922137919e+01 6.138901401743651576e+01 4.670879940920671913e+01 3.473617952025849576e+01 3.534846071805229428e+01 3.976981639418730197e+01
6.670604285412552770e+01 8.684342348556737079e+01 9.646580510533470942e+01 1.036134253778139680e+02 1.068172998249925030e+02 9.945597889432724514e+01 7.999110707283574584e+01 7.930812318524085924e+01 7.168888330082110372e+01 5.128082990949646103e+01 7.168888330082110372e+01 6.899131347329493735e+01 4.874259541551156616e+01 6.899131347329493735e+01 7.483336492333653212e+01 5.448357062521016303e+01 6.715088173141657535e+01 5.766694499250729677e+01 7.804158481794775071e+01 9.010882669017770752e+01 7.055507935637369599e+01 7.140328519359213999e+01 8.766153102516494755e+01 9.891529535000073281e+01 9.227025812667838522e+01 1.007498240315098457e+02 8.446450699656190864e+01 6.439186441421934148e+01 5.503906055814535137e+01 4.167711296197730775e+01 5.754344915120029924e+01 6.578861346054439707e+01 7.238248456198481051e+01 6.201427539952173618e+01 5.477039069409747896e+01 5.539390101985537740e+01 3.632853351795755970e+01
5.996415796807776388e+01 6.705048160428812309e+01 7.725841945936245736e+01 9.460064348090348574e+01 1.165408678900863464e+02 1.125246285835567051e+02 9.959870759455741052e+01 7.864677790699414572e+01 6.407911862247779311e+01 5.888107654584991479e+01 7.947122967895415968e+01 7.578761541344752573e+01 5.539870959298981035e+01 7.578761541344752573e+01 8.162870146103723812e+01 6.124269184793540433e+01 8.162870146103723812e+01 6.780936286435060367e+01 8.655113651592179735e+01 9.805584245847538227e+01 8.048861220992429821e+01 9.093156902288021115e+01 9.887806147161967374e+01 9.765392718403708727e+01 8.925516511453029977e+01 8.239482158927327760e+01 7.650741609096122886e+01 6.439186441433888319e+01 4.519856190162552423e+01 5.103623230878010730e+01 6.082775761350410448e+01 8.073711084648481062e+01 8.205395188336150625e+01 7.052075168681358264e+01 5.898744988354215479e+01 3.925283093557628433e+01 3.702011303027298794e+01
7.022915497569707100e+01 8.783092464387715381e+01 9.655447947457103908e+01 1.083768756667537900e+02 1.191182884138633398e+02 1.085346256889502570e+02 1.013992256841568320e+02 9.344725028637998321e+01 8.478345603353768922e+01 6.905548615211527874e+01 8.813071804418930810e+01 8.435979475637863345e+01 6.548566332076863716e+01 8.435979475637863345e+01 9.014942864024041569e+01 7.137386364812365969e+01 9.014942864024041569e+01 8.223968285257596733e+01 9.680135288928299531e+01 1.076636797142203790e+02 9.972904117043118788e+01 1.076636797142203790e+02 1.036810270830376766e+02 8.327977743825225332e+01 6.867413453875946061e+01 6.200025069359936936e+01 5.647242333113135260e+01 5.169793817620664100e+01 4.819335327720183670e+01 6.752842765807275782e+01 6.690894468383551441e+01 8.712839483441457844e+01 7.383627757275668557e+01 5.380349872694146285e+01 4.243664751894879572e+01 5.898742859092499913e+01 5.710738781564630528e+01
9.054243178089062383e+01 9.913395752208073475e+01 1.118039554718160389e+02 1.200878257192474479e+02 1.091147067836643316e+02 8.604645411596808913e+01 8.229249360012198622e+01 9.772064720363677282e+01 9.856330878510914317e+01 8.988697320579291272e+01 9.856330878510914317e+01 9.468240000553758762e+01 8.608956750612627218e+01 9.468240000553758762e+01 1.004181261114197525e+02 9.188353927395070286e+01 1.004181261114197525e+02 1.028414705737600343e+02 1.094525894144707081e+02 1.012603370789848043e+02 1.008505583465178432e+02 1.090420386924422758e+02 1.058862442589813071e+02 8.551741537110724778e+01 8.925516511453029977e+01 8.239482158927327760e+01 7.650741609096122886e+01 7.079275385352102035e+01 5.120679668083126046e+01 7.079275385352102035e+01 8.712839483441457844e+01 8.838941870362882014e+01 7.077571396535360293e+01 5.066443428594887877e+01 4.475083545545905395e+01 6.484325942075815874e+01 6.643947540067806301e+01
1.046785677689416758e+02 1.084707516825013727e+02 9.161508665763463455e+01 1.084707516825013727e+02 1.008970632236730580e+02 8.605971207492875408e+01 6.906252904857012709e+01 8.937676871631683184e+01 1.045456475521254447e+02 1.076646643261721863e+02 9.945752508609476195e+01 9.690013967227712044e+01 1.050985882295156983e+02 1.070752098001281354e+02 9.872837271655015456e+01 9.796564252423355867e+01 9.796564252423355867e+01 1.061762885299605017e+02 9.806949573533410103e+01 8.156981820628550395e+01 8.115998424017134028e+01 9.765923762768237282e+01 1.064749001452378963e+02 1.058862442589813071e+02 9.762420095915753393e+01 7.711703375717061704e+01 6.264586430827504415e+01 5.584113528862206977e+01 7.079275385352102035e+01 7.921103091508749117e+01 9.418217909523976061e+01 7.440364164985621187e+01 6.021183666227668851e+01 6.756998892242485510e+01 4.734802221263935706e+01 6.756998893477360468e+01 7.562503156153260875e+01
9.490575092543687674e+01 1.001486379839648322e+02 8.002798613036286213e+01 1.001486379839648322e+02 9.266128690981892646e+01 7.277598505553004316e+01 6.251119686665233388e+01 7.642500593507622852e+01 9.614470503297427229e+01 9.945752508609476195e+01 7.982507741180617700e+01 7.728398833828435954e+01 9.316315809914213730e+01 9.860709722865540527e+01 7.821032890208769572e+01 7.803817568388460302e+01 7.803817568388460302e+01 9.796564252423355867e+01 8.923793549446230600e+01 7.014165008119370270e+01 6.972893820557165157e+01 7.859732750638849552e+01 9.251772391328387357e+01 1.122195220433297465e+02 9.610987671772301155e+01 7.557652363239456861e+01 8.022782044995264528e+01 5.985127445966612925e+01 8.022782044995264528e+01 9.834243076245948600e+01 9.418217909523976061e+01 7.440364164985621187e+01 8.019664114215376571e+01 7.038220981606015414e+01 5.010299733566291280e+01 7.038220981606015414e+01 8.384741594733422687e+01
8.662515385461392725e+01 9.303510585604955452e+01 7.299190473365794674e+01 9.303510585604955452e+01 9.178010511814355255e+01 7.642500593507622852e+01 5.648780940939708728e+01 6.801634753840657766e+01 8.791144691667085453e+01 9.826563591694282707e+01 8.557528820411054937e+01 6.591877036148359537e+01 7.811416982480032800e+01 9.562418913434819956e+01 8.387479558955277525e+01 6.388298997433575011e+01 8.387479558954819936e+01 8.281463351968987752e+01 7.462893378250788601e+01 6.123941173159278861e+01 8.105938091930512712e+01 9.765923762768237282e+01 1.064749001452378963e+02 1.108383739475670495e+02 1.044808469051532711e+02 9.016844497432718697e+01 8.675173090971495071e+01 6.612131460586968501e+01 6.933178973074362261e+01 8.994496397792910614e+01 1.023751957574013005e+02 9.418217909523976061e+01 8.587987831408065631e+01 7.327208010682630857e+01 5.304298880793930238e+01 7.327208010682630857e+01 8.448582665931353120e+01
7.450948523755943143e+01 7.913184642790805867e+01 6.695214817517897643e+01 8.699197630544851734e+01 8.355584858215040356e+01 6.365815490713998059e+01 5.214060835287362750e+01 6.624270930059267926e+01 8.613118778990816793e+01 9.009323784419500214e+01 7.046745058092707836e+01 5.964754688236268265e+01 7.928803925076360315e+01 9.358665934388014307e+01 7.829388223110021272e+01 5.835702258894188077e+01 7.829388223107473266e+01 7.054498503666023623e+01 5.479751124082301317e+01 7.462893378250788601e+01 8.452060889418704903e+01 8.916079427833115290e+01 9.482132774506031581e+01 9.122157875620487744e+01 1.108383739475670495e+02 1.104537618125432061e+02 9.404781813555301540e+01 7.341136712147843468e+01 8.994496397792910614e+01 8.243670901664231110e+01 1.028648629290955228e+02 9.166467901611736124e+01 7.191046837235278133e+01 5.766464273864686163e+01 6.332697855592900282e+01 8.147338847447929311e+01 9.268469377956503763e+01
5.423777474946130894e+01 5.898319533149071248e+01 7.325380001162629640e+01 9.332270579827797974e+01 8.281687785586065331e+01 6.822851800739287853e+01 4.831022040620710101e+01 6.240324300468905960e+01 8.229197592347327372e+01 8.794562871926126491e+01 6.832089955147833393e+01 5.434306112712715731e+01 6.577316189248266198e+01 8.543775360987098111e+01 7.328357037768924442e+01 5.339712984979819055e+01 6.662413970865672752e+01 5.071469561656537195e+01 7.054498503687084110e+01 6.052654997139806881e+01 6.477215832612276358e+01 6.947415497178498356e+01 7.521266462042251533e+01 8.400371255004665727e+01 9.527395992618473031e+01 1.149096103129437125e+02 1.024189287766400156e+02 8.385374671790907541e+01 1.024189287766400156e+02 9.695757569295085432e+01 1.112104299626247439e+02 9.490555921917615478e+01 7.519205736579546340e+01 6.107740941211400099e+01 8.096600837944367868e+01 7.959809577763135735e+01 9.932026710377077450e+01
