LEM/sinusoidal_perturbations/elevation_000667.asc
nrows	100
cellsize	150.0
xllcorner	0
ncols	100
yllcorner	0
NODATA_value	-9999
[rows 17 to 33 of 100, columns 37 to 73 of 100]
7.364016929466161798e+01 8.337085712785071223e+01 7.536505646709510131e+01 6.969339553807280652e+01 5.535948813131508217e+01 6.983282414959620610e+01 8.629709149615555930e+01 6.655013271142686904e+01 5.516710040446677965e+01 4.641333771160381616e+01 6.615435473943695399e+01 7.586946128294771086e+01 7.007172546690051718e+01 8.986643372110509631e+01 8.139471028340413739e+01 9.546236993307466889e+01 9.889780597010330609e+01 8.344427955115186535e+01 7.774938787432827780e+01 7.806687209464789134e+01 6.155736031884839576e+01 4.770107641839646817e+01 5.733899157088705323e+01 3.841871567615720551e+01 3.548121588207030186e+01 5.508022241879476866e+01 5.947093981142008801e+01 4.587902069256818294e+01 5.011509685708680450e+01 5.476365467379200425e+01 6.071621359248666749e+01 6.740966884846037033e+01 7.733588677958842084e+01 9.683820286439900826e+01 1.001657834715123556e+02 8.054888166214458067e+01 6.748704035859573480e+01
6.086679283128621165e+01 6.883086702886888020e+01 6.292980947938870173e+01 6.002734010067335646e+01 4.050133852410052526e+01 6.002932223836965164e+01 7.173580363075038235e+01 7.877710001310508403e+01 6.242323928646844422e+01 4.265336297263171161e+01 6.242323928646844422e+01 5.612262463875183016e+01 7.586946128294771086e+01 8.555508549738763691e+01 6.744033790260147043e+01 8.555508549738763691e+01 9.690390480586113142e+01 1.029474038996731053e+02 9.719293083370226327e+01 8.915453648985059942e+01 7.068556836124844267e+01 5.113474901866269562e+01 4.267401721548478122e+01 5.451947039175236398e+01 3.492518743773180034e+01 5.431611555480019149e+01 6.655544070949214586e+01 6.532869085079700255e+01 6.975448875939677862e+01 7.455446541168811336e+01 8.052791949748259981e+01 8.708704482199361507e+01 9.521122402888360625e+01 1.049875705987675758e+02 1.001658788304330159e+02 8.054888185506423781e+01 8.624960559288862783e+01
4.232153589691110795e+01 6.086671627882224556e+01 4.296230950109823254e+01 4.296252452683872747e+01 3.150234856144583517e+01 4.310852234371523650e+01 6.331673832056748097e+01 7.053766166021601691e+01 5.078196064154489164e+01 3.932485434749809627e+01 4.554895835820448013e+01 6.531433311208657244e+01 8.345056347108391037e+01 7.732490406023167395e+01 5.759486389974371434e+01 6.886494141521217216e+01 8.288442311056688538e+01 9.432329025549552171e+01 1.003864745960359812e+02 8.087597772476441094e+01 6.711102329828040070e+01 6.993586850042694891e+01 6.191822325496387691e+01 5.593293015836609783e+01 3.436748904314769248e+01 4.645246434098100252e+01 5.026918174220733704e+01 6.806343330150893678e+01 7.050607768085097860e+01 7.546476045904719854e+01 8.076497170520046609e+01 8.646660264642153493e+01 9.482775380965584588e+01 1.049792374793903775e+02 1.085086354544941543e+02 1.001658427031618146e+02 9.707931831393267430e+01
4.775314752381585492e+01 4.450866369504093711e+01 3.628575625177559516e+01 2.306046023385188448e+01 3.451794379095760235e+01 4.865493358442946459e+01 6.861323418508266059e+01 7.309148357333948809e+01 5.599684609669044022e+01 3.615782204101180497e+01 5.599684609776496558e+01 5.546117785145811752e+01 6.945587098323377973e+01 7.034928146494971202e+01 5.061840089584057978e+01 5.492293458170159681e+01 6.630390251481119890e+01 8.607329145481834587e+01 8.907848011312371739e+01 7.924604047959672926e+01 7.106279505991081180e+01 6.427174995925342671e+01 6.728622359683367904e+01 5.985320855938166318e+01 5.197257027240885208e+01 3.357404094036323272e+01 5.352858821873919482e+01 6.387563287605706819e+01 5.016372247775014870e+01 5.501958760061318543e+01 6.023734181746721816e+01 6.590907993407732590e+01 7.626650571183297700e+01 9.077869517581667935e+01 1.108815996713404957e+02 1.072543329054461623e+02 8.690520053288067004e+01
3.469640557358008692e+01 3.431594638754776838e+01 1.725063569933966789e+01 3.605368388484772879e+01 4.614127290573561879e+01 5.479605319643157202e+01 6.706458088797060668e+01 6.482686278787525680e+01 4.490653839288792426e+01 3.337412320643193198e+01 5.321732273717707074e+01 4.144980567735234445e+01 5.461342266897906228e+01 5.801162000791052975e+01 4.434937299319845749e+01 5.576717364747149475e+01 6.971024484275669408e+01 8.949856140272788707e+01 8.085744896894354383e+01 6.126814115122642335e+01 5.091719446504421143e+01 4.413343071395139106e+01 4.938426267780631207e+01 5.144139812547323487e+01 3.277379069119908905e+01 3.467029759329970062e+01 5.560069098281022804e+01 4.370757362599677975e+01 5.074899947598339622e+01 5.978043694865788638e+01 8.027152157478386130e+01 8.646660264642153493e+01 7.899023587418831482e+01 9.345221463787120797e+01 1.135257932895388251e+02 1.072540626989468961e+02 8.690519966829465659e+01
1.342007556582400341e+01 1.378490627999177676e+01 1.415575039440728844e+01 1.488398343723622474e+01 2.632601353338234063e+01 3.800725140202703045e+01 5.836355357406644373e+01 6.365800571755331561e+01 4.464043567195048468e+01 3.071473227623588897e+01 4.688901389141449272e+01 3.146014366007961627e+01 3.475956539632706210e+01 3.819689479540954125e+01 4.450045610833575438e+01 6.426019952591678930e+01 7.480990454236764720e+01 9.462703629313590170e+01 8.907848011312371739e+01 7.924604047959672926e+01 7.106279505990842438e+01 5.632196516456172475e+01 3.638448097443956186e+01 3.197993107896674303e+01 5.141861766949603663e+01 5.414918797359792535e+01 3.852757858394276269e+01 5.860513872603086583e+01 7.110762994344021592e+01 7.953679540438884032e+01 7.653123556147994577e+01 9.691388582605553381e+01 9.933162970226301525e+01 1.076405749681671722e+02 1.121521508271900132e+02 1.155807746392871564e+02 1.072540626989468961e+02
2.782313716704666717e+01 3.424170061281693478e+01 3.467204856696110937e+01 1.468924812050487283e+01 2.935184499987828133e+01 4.942139779602518956e+01 5.033205640987905838e+01 5.876917647929115418e+01 5.869875073172696034e+01 4.696981579341457547e+01 2.709020390876617412e+01 4.700926801462727411e+01 5.461342266897906228e+01 5.801162000790909445e+01 6.426019952591838091e+01 5.507321369082262663e+01 6.901519386240639164e+01 8.879957365597302044e+01 9.369908629383964183e+01 8.199335419344711795e+01 7.324171883247817050e+01 6.299471863354686718e+01 5.112186716872678716e+01 3.141836645164079300e+01 4.503753456003715172e+01 4.524727737096565505e+01 5.693846950448989475e+01 4.788108275602115782e+01 6.816891417307763845e+01 8.838240514762534872e+01 9.691388582605553381e+01 9.903216846213312863e+01 9.077558526799926142e+01 9.903216846213312863e+01 9.224495284785027138e+01 1.063515175528180663e+02 1.129293086426344104e+02
4.067197522235763074e+01 4.511675928509389877e+01 3.157366358420470220e+01 1.507661802754552127e+01 3.544236037224479929e+01 4.764352876019967198e+01 3.137598649775884141e+01 4.793858430209731125e+01 5.075014739417669318e+01 4.253462165653144922e+01 2.517334621554276808e+01 3.050694505961770986e+01 5.037429475383623867e+01 6.688706614927394867e+01 7.566750903488095048e+01 7.480990454237019094e+01 8.303522098122185469e+01 8.684322000123502505e+01 8.512522057409771037e+01 6.502601558216025524e+01 5.364854105441511223e+01 4.438949460908924038e+01 3.740640519235630990e+01 4.567450046987939061e+01 3.062511163870074782e+01 5.122279512343738617e+01 6.660041932389782460e+01 6.816891417307763845e+01 5.952906010912777646e+01 7.399433957421099706e+01 9.440052978723572608e+01 8.912906803213738272e+01 7.102197058684792808e+01 8.912906803213738272e+01 7.827762705843356628e+01 9.642589838138420077e+01 9.301743049678104569e+01
5.017192736426206068e+01 3.013034828497311679e+01 1.858463782340838932e+01 1.548297650217095978e+01 3.589191152507695648e+01 3.650922359463763200e+01 2.130003923362808038e+01 3.977111566998577530e+01 4.004934521797481040e+01 2.264790165145458189e+01 3.672151532939113139e+01 5.037418522865593218e+01 3.902909458115146890e+01 4.790131064985509823e+01 6.177606050844173780e+01 8.136390594966871959e+01 7.907407117081068293e+01 6.687538915827032326e+01 8.111925221688878196e+01 7.631340778869652297e+01 5.747736977365309485e+01 4.571693321695289569e+01 3.719201044918571597e+01 2.984209236245087382e+01 4.941453437747760802e+01 5.602122960242367355e+01 6.289320403407155879e+01 7.080028980484134138e+01 7.997117430942340377e+01 8.838240514762534872e+01 8.881402556070165133e+01 8.058344436220042439e+01 6.118052472394643360e+01 7.677773334925646509e+01 6.843316067940070013e+01 8.484881817770573775e+01 7.904955227180403199e+01
5.837566195966226701e+01 4.684422187483023237e+01 3.810256067929340418e+01 2.323625820382635254e+01 1.608499193366820634e+01 1.651910411487955699e+01 1.695409847787372470e+01 3.704345978050216104e+01 2.016248128162849440e+01 4.004934521797481040e+01 5.074805318187819125e+01 6.476588096231374436e+01 5.045713472287101808e+01 6.520842991609090689e+01 7.566750903929570882e+01 7.907407117081068293e+01 5.980607276360056801e+01 5.395980129341666753e+01 7.151693625624362483e+01 8.225065720358028898e+01 6.299431757757171368e+01 6.234732327837986787e+01 4.907792578089554780e+01 2.930378679543667886e+01 4.397725600843460825e+01 3.771927552547352036e+01 4.484295687024747679e+01 5.761238702841805548e+01 7.599240911995772763e+01 9.138781859608941716e+01 7.740155622839867533e+01 6.085929898056880916e+01 5.373826418155221063e+01 5.706680730287565240e+01 6.092871550315560825e+01 6.512774905685787985e+01 7.080848938674044746e+01
6.608192684951924889e+01 5.435032371654947525e+01 4.082699601548867463e+01 2.122163560548318983e+01 3.639261702951692712e+01 3.665324800426046181e+01 3.672667417156329606e+01 1.755794089032329452e+01 2.477615021471899937e+01 4.228998813193724970e+01 5.144514697249628199e+01 6.006885387469397131e+01 7.006052100185713982e+01 7.822204282117438368e+01 7.435914783454089161e+01 6.390305869076314593e+01 6.254610382226037046e+01 4.519122688948941402e+01 6.334181635000278021e+01 7.772048170544175605e+01 7.383184684870951742e+01 5.539870588199450907e+01 5.484218778049750398e+01 4.788826382746119492e+01 2.855028409527405486e+01 4.828447715310161925e+01 6.289233656219803237e+01 7.080028980480886958e+01 8.011319321344406319e+01 7.189995499582667549e+01 6.341529350344912785e+01 4.948720934087752710e+01 6.919570371658360841e+01 7.677773334925646509e+01 7.229363027765275262e+01 8.484881817770573775e+01 8.121232664054176098e+01
5.786505253720312680e+01 3.802806673354586309e+01 2.653385106482738820e+01 3.270663643044474611e+01 4.929638683133196508e+01 5.170208319716747525e+01 3.180613209541236586e+01 3.760200584096099163e+01 1.815135381304110851e+01 2.616674596727638757e+01 3.517204538071766251e+01 4.711090939585645998e+01 6.498063477554677547e+01 6.644864595793092121e+01 5.794808246761286341e+01 3.790649232341799291e+01 5.444960958152171315e+01 3.964320081522019024e+01 5.732628026354982609e+01 6.000792498467857428e+01 6.155458513792952147e+01 5.540049622198328194e+01 3.901922241801148772e+01 3.719774486084182286e+01 2.801774614112295225e+01 4.046478594024964082e+01 6.172085498581232343e+01 7.955697969273255410e+01 6.865362515937361820e+01 5.217590531046645452e+01 6.264145249016953443e+01 4.671910729715010291e+01 6.065712184106789806e+01 8.038731799057590877e+01 9.205146099998235343e+01 1.003112420713100761e+02 1.010293499720339838e+02
6.043418901695338263e+01 4.060408982741904538e+01 3.109575918827094654e+01 5.097236844116051202e+01 5.252858431803480244e+01 6.015667812247668422e+01 5.181256319169924041e+01 4.001919671707466364e+01 1.855747353112816711e+01 3.307922097057522848e+01 4.355430432434376797e+01 5.581202952226835379e+01 5.257014681024199376e+01 3.992985194561877904e+01 4.380289869863040053e+01 2.472678585808770890e+01 4.485341578011699681e+01 3.432311688759326529e+01 4.833589451621612909e+01 5.317805823561094769e+01 3.915689747464737280e+01 5.491705401449004142e+01 3.649151140223955991e+01 2.954682702505602521e+01 2.747879682340251506e+01 5.838189591939315193e+01 7.005098703363881896e+01 6.569062705796015678e+01 5.179409648991139647e+01 4.072195338150226007e+01 4.289622392846214893e+01 4.665060269822885175e+01 6.636761877279340638e+01 7.624337990597719283e+01 8.151327007481368980e+01 8.720933335284537691e+01 9.468108378560377503e+01
6.043418901695268630e+01 5.578629710713178724e+01 3.594225032304422029e+01 5.578629710713178724e+01 7.223228293968483626e+01 6.290883331188558003e+01 5.264903583309630619e+01 3.932750709392990274e+01 1.895002574051054012e+01 3.786136686002137708e+01 3.058798579222876057e+01 4.266006889105413791e+01 3.744611884432016780e+01 2.185366275355979937e+01 2.218845117447408910e+01 2.251230593632670818e+01 2.715346604375349671e+01 4.369286600629484951e+01 4.230674327079693597e+01 3.837853887721391999e+01 2.685143311624892348e+01 4.656647825173426014e+01 4.571022737465991526e+01 2.670933551671212314e+01 4.147820705326284241e+01 5.989895281956386697e+01 6.292226516736214137e+01 5.472356219103305364e+01 3.769712526257178098e+01 5.757833796339854615e+01 5.686367446120708991e+01 6.636761541156099042e+01 5.223328969586282966e+01 5.653252123120837780e+01 6.179514659709905544e+01 6.747759135148919540e+01 7.491269028218594883e+01
8.025180289699119385e+01 6.107947161228494082e+01 4.127422612559496429e+01 6.107947161228494082e+01 6.941197918839658598e+01 4.761838842336973698e+01 3.283881716534791906e+01 2.008076473483891178e+01 1.933070939478630024e+01 3.860312990868451521e+01 2.035614435081430784e+01 2.318312270086553895e+01 2.136478598340230306e+01 2.967889906263108202e+01 3.864859175820114956e+01 4.143275611579230144e+01 2.296319022704648205e+01 3.217539028392639722e+01 3.636844650505681642e+01 2.426527016685149363e+01 2.463260202979072133e+01 3.508241522006545665e+01 2.593687086138105258e+01 4.295744809327723601e+01 5.387311889027147771e+01 6.014976925363720994e+01 5.194646504945822585e+01 3.479519758942566199e+01 4.893295474659338851e+01 6.577408425279980975e+01 7.659009980546356644e+01 8.015267319817925795e+01 6.615917363858484634e+01 7.045607589440916740e+01 7.261495486591843473e+01 8.720933335284537691e+01 8.720933335284537691e+01
7.724250151196801539e+01 5.744691353618235041e+01 4.829493555177855058e+01 6.807156655961907177e+01 6.832653979662468657e+01 5.906379987527738251e+01 3.874095380398819799e+01 2.427343068682372618e+01 2.012411651104537924e+01 1.984913333380524136e+01 3.249130294936901464e+01 2.085860362216453012e+01 3.957762473885629362e+01 2.785378116932867343e+01 3.293802250280864996e+01 4.745932462724967138e+01 4.388556214827220003e+01 2.342444859158938542e+01 2.376187924168942089e+01 3.568652458735206778e+01 4.447748674240143174e+01 2.516665862156796862e+01 4.482765892193670254e+01 5.317125752407309847e+01 5.714331069191810997e+01 4.925725216027666420e+01 3.218611009778417298e+01 5.194661229534646907e+01 6.292330098882797529e+01 7.691364723106273971e+01 7.692706749281512657e+01 8.514371946572499894e+01 8.590338040469544012e+01 9.021516774028069108e+01 9.238801990417631771e+01 1.006476827043309612e+02 1.070726678964148704e+02
8.549021772461567537e+01 7.630089948602471850e+01 5.818071186347619772e+01 7.630089948602471850e+01 5.998832073327467640e+01 3.969073550856651167e+01 3.126253499647862810e+01 4.469526091084925667e+01 4.218695147474660700e+01 3.134277258239232822e+01 4.332795108019656993e+01 4.098890786737273828e+01 2.338240025345382733e+01 4.380851910988115350e+01 4.987277652677321527e+01 4.246489463568671141e+01 5.541308936522430173e+01 5.207850409976148853e+01 2.470212819997593101e+01 4.678866671424831480e+01 2.657079880604955235e+01 2.570357818342489509e+01 4.561589818187578516e+01 4.705970214505160953e+01 4.700644705262750733e+01 2.984936668538195903e+01 4.925754826029011468e+01 6.015169490274119823e+01 7.373455189039430024e+01 6.553595420118058712e+01 5.719708051693098128e+01 7.113746149131922891e+01 9.090441282242311161e+01 9.397888786811209627e+01 9.341259643303206417e+01 9.341259643303206417e+01 1.016456849702915548e+02
