LEM/sinusoidal_perturbations/elevation_000270.asc
nrows	100
cellsize	150.0
xllcorner	0
ncols	100
yllcorner	0
NODATA_value	-9999
[rows 17 to 33 of 100, columns 37 to 73 of 100]
4.912658145824989475e+01 6.130475937160976230e+01 6.956292028741756894e+01 7.951202914375812725e+01 8.085262592635579892e+01 6.025491777351768263e+01 4.697595504385312637e+01 3.907167763679468919e+01 4.877743320825690887e+01 4.339986930302633539e+01 2.343146513462673042e+01 2.848261584099338251e+01 4.745242955014639819e+01 7.128741908649251968e+01 6.442731626700158643e+01 5.871688773979426657e+01 7.821351026434514608e+01 8.187027687621608152e+01 8.383618564526133810e+01 9.209398949683200897e+01 9.167245594522491103e+01 8.328621582318042726e+01 9.167245736616125384e+01 8.710035017147656333e+01 6.530643480986417160e+01 5.628755754524033250e+01 5.060047973475423788e+01 7.028269002396308451e+01 8.486440502799469243e+01 9.557948180145500316e+01 8.396775232255085086e+01 6.466103434261182770e+01 7.431439333258133217e+01 6.120158839102708015e+01 8.037874166559801381e+01 8.739468241944902616e+01 1.073243108536875354e+02
3.530140306914703530e+01 4.138098651640301995e+01 5.137169978743173004e+01 6.540922425389301509e+01 8.530929133467786585e+01 7.411022138293978401e+01 6.463446260121835962e+01 5.774345280856582008e+01 4.539937035076843586e+01 2.411728366217305108e+01 4.129651896264888222e+01 2.726257709399308382e+01 4.746807369130135612e+01 5.394279341546548778e+01 4.515849927282940968e+01 6.025095727355545705e+01 6.391696120434547623e+01 6.233872326130878605e+01 6.429118431301044723e+01 7.843928594049887693e+01 8.495520078660607055e+01 9.323034470685703923e+01 1.031430298869999262e+02 9.621178490527015015e+01 8.414538058459149283e+01 7.414262499336396672e+01 5.686056464498204122e+01 5.767609492585395969e+01 7.131570461947303841e+01 9.096341078313150774e+01 9.224181627138206352e+01 7.311963920412475204e+01 8.596846194467684654e+01 6.660510289775166370e+01 7.210293519901686921e+01 8.325571048663456963e+01 1.031965558379840644e+02
4.201859077639644369e+01 6.130475937160976230e+01 5.765603510754068139e+01 7.753972055882904613e+01 7.880296706172516963e+01 6.708585202936411918e+01 5.861688179422283440e+01 5.297965523498709928e+01 4.480171167068051119e+01 2.460515444094947313e+01 4.411950528238653391e+01 4.558872543374618402e+01 3.122275472517172545e+01 3.412772470510410017e+01 3.719632913020237908e+01 4.067893033494280530e+01 4.428810840902013979e+01 4.852350655515574118e+01 5.304384530442058576e+01 5.893703226121179028e+01 6.540745567962058260e+01 7.510572305863209408e+01 9.480467917469763961e+01 9.527089428647043690e+01 7.671958983257007958e+01 6.594271384950248205e+01 7.595359495877613654e+01 6.384630854865351068e+01 7.335376917163330290e+01 9.239884488849757815e+01 1.010853507625800916e+02 8.430400737786847287e+01 9.217605313941432144e+01 7.254592618083827915e+01 9.168370346223839817e+01 1.000183017556869203e+02 1.115827195184067051e+02
5.611519778782761136e+01 5.611519778782032120e+01 7.599203965704488439e+01 8.582802792307367667e+01 7.024842519114640993e+01 5.010210830398445836e+01 3.834837351169709763e+01 3.262671100340321573e+01 2.844417594601787869e+01 2.508536236563147881e+01 4.503969616629360928e+01 5.080029655258601196e+01 5.107658426258199569e+01 4.822867451944050998e+01 4.867330109930837523e+01 6.025095727355545705e+01 5.514603798014783820e+01 5.694654715359436636e+01 7.252977605295497199e+01 6.895730565265905909e+01 8.495520111319673617e+01 9.323034470685703923e+01 1.031430312780135381e+02 1.030580490478924816e+02 9.266791425717045172e+01 7.531394746107243066e+01 9.032933658217149286e+01 7.105299673705570740e+01 8.291606136577557606e+01 1.003155239886266656e+02 1.126627651377202142e+02 1.042733867459996731e+02 1.005250368629955346e+02 8.372234323042766846e+01 8.630744931098593042e+01 1.063441160942005865e+02 1.166693173862520752e+02
7.599203973016264513e+01 7.599203965704488439e+01 8.427712281124422589e+01 8.200235131898978125e+01 6.164426274616983648e+01 5.010210832422938410e+01 5.861686170248653838e+01 4.681753969562137740e+01 4.693032690811030960e+01 4.464723153708259673e+01 2.575061224932120396e+01 3.335672691410724866e+01 5.537553310459514222e+01 6.773789675126164411e+01 6.812459967158017093e+01 7.627200211898340854e+01 6.768599196438682952e+01 6.910150751138559144e+01 8.494262851874036357e+01 8.858543894592163781e+01 9.688093309220508331e+01 1.038238857779699202e+02 1.019974577758468115e+02 1.079774550295596924e+02 1.021592251887183238e+02 8.861826470497224761e+01 9.044742281819851826e+01 8.472550570036295881e+01 9.856634929012626856e+01 1.101671568070310911e+02 1.220564249381143327e+02 1.138222550864782647e+02 1.121171807303471439e+02 1.037240356313142513e+02 1.063441160942005865e+02 1.147426244150257446e+02 1.082571096544892413e+02
7.366323270781337840e+01 8.191801763777168333e+01 9.181850147441647891e+01 9.064427006838984369e+01 7.880431463604875830e+01 7.024851776167731998e+01 7.476671716909760335e+01 6.568986085350937287e+01 5.156458192388060269e+01 3.192566752529235430e+01 4.187553018143432837e+01 2.641414795054798859e+01 4.873916032269169563e+01 6.022389566897010127e+01 6.943859708147007836e+01 7.926844124002914782e+01 8.596878012477336028e+01 8.761232286015416548e+01 9.084874509603440629e+01 8.256862729090708797e+01 8.930431352709746307e+01 8.015216332559410262e+01 8.189428452018886162e+01 8.809007461193401411e+01 1.052471559272117503e+02 1.077066932071668788e+02 1.099821152689715120e+02 1.042949780041535064e+02 1.062164864510879596e+02 1.145258471120761072e+02 1.106331495853316227e+02 9.407522913248519103e+01 1.054433793146528018e+02 1.137210554986024107e+02 1.087086616813529645e+02 1.170003936908638167e+02 1.166693183086881618e+02
5.400994857444911190e+01 6.381201554421997457e+01 8.351397268180227229e+01 9.517532444834409944e+01 8.547944908282140375e+01 7.746177287978656523e+01 7.102379313035426378e+01 5.815834176090243091e+01 3.865450016902560293e+01 5.090982389325252200e+01 4.356436545487528633e+01 2.688412675967125764e+01 3.081710739112412512e+01 3.720105496274376833e+01 4.781789325487516606e+01 6.385760028466197014e+01 8.586899878186224555e+01 8.559958587501512284e+01 7.734986761748812967e+01 6.276233004455655617e+01 7.161321181479225118e+01 6.201686613556967842e+01 6.832580310966591242e+01 7.714359758230007458e+01 9.111875585338631822e+01 1.110140771847001986e+02 1.082473796879442318e+02 9.985551972800526244e+01 8.610440078630828964e+01 1.029375356496451559e+02 1.018523359489213647e+02 8.275532670455879725e+01 8.571543765537737158e+01 9.473425294536934871e+01 8.894586332077982149e+01 1.087086616813529645e+02 1.182619896778485042e+02
7.366323270781337840e+01 8.191801763777168333e+01 9.181850147441647891e+01 8.717495613416654976e+01 6.774897827965965291e+01 5.814802893688646179e+01 5.175293413394382469e+01 4.614015241935977230e+01 5.815833859610484780e+01 5.156667887996606225e+01 2.755676924042235498e+01 3.486535560260442423e+01 4.846412076169058025e+01 6.022389566897010127e+01 6.943859708147007836e+01 7.926844124002914782e+01 8.374772712363838423e+01 7.418019541259344862e+01 5.762958783806647745e+01 5.134499967915767371e+01 5.522841767333506624e+01 6.510975275669512996e+01 8.115115709177864289e+01 9.636003045467643346e+01 1.052471559272117503e+02 1.037809573161597001e+02 9.985638029310466379e+01 7.992690299393970577e+01 7.482056986023061995e+01 9.135516387514246617e+01 8.316074092747003021e+01 7.401956534373736929e+01 7.444008419739706994e+01 7.511402413472893613e+01 9.473425294536934871e+01 1.041639553107306853e+02 9.902818868494591698e+01
7.612721320476411790e+01 8.440959867227600455e+01 9.330396390594505363e+01 9.518066438321211820e+01 8.547944908282140375e+01 7.746177287978656523e+01 7.102379313035426378e+01 6.546075388785587279e+01 6.350365767703755893e+01 4.813961493771028444e+01 2.803528052902538903e+01 4.778758029787793760e+01 5.604686992679096846e+01 6.353441642212079188e+01 7.228255693036010143e+01 7.962586689233613413e+01 6.976160706421252655e+01 5.577204960535132017e+01 4.623119255920729387e+01 5.843340650725431118e+01 7.492602442479498848e+01 6.582243890322762070e+01 7.577296403013339443e+01 9.408754627190195663e+01 9.804025256759808826e+01 8.400190819405922582e+01 9.804025256759808826e+01 8.576031807553442832e+01 6.641775621488726244e+01 7.786259861284798944e+01 6.358153018825110792e+01 7.985849021486367860e+01 6.471346610629120732e+01 8.424681689543099594e+01 9.359075575379165457e+01 8.477024354494984948e+01 1.041639553107211640e+02
5.640618226878688546e+01 6.517637008375693597e+01 7.914109678244939516e+01 9.909867412921900609e+01 8.763648503136332124e+01 7.935895029120608513e+01 7.954014946995499713e+01 7.128066099814341783e+01 5.529993662739666860e+01 3.260890439255110351e+01 2.851654535217164721e+01 4.866102021715975923e+01 3.197746624809581206e+01 4.378266804700216852e+01 6.402831927748144381e+01 6.562654131723186879e+01 5.162721574213064457e+01 4.171623151002390273e+01 6.155188671919405152e+01 6.435331979104145717e+01 7.699216650114489369e+01 8.614379439457988497e+01 9.280222918542291666e+01 1.022553256928373173e+02 8.979475380375113502e+01 7.012859505144709260e+01 8.979475380375113502e+01 9.402097581401194759e+01 7.786203520264358247e+01 5.871625589625531916e+01 5.738943702987300099e+01 6.031005202948429655e+01 7.986439323770439103e+01 7.006841829751023454e+01 7.407374336293588613e+01 7.941737518848937327e+01 9.903067712737200168e+01
7.612721320476411790e+01 8.440959867227600455e+01 9.330396390594505363e+01 8.920411387657907198e+01 7.935895029120608513e+01 5.951869909360180344e+01 6.532977412855422017e+01 5.139356015172978687e+01 5.220870416850588214e+01 3.203743220135179826e+01 3.290138012618997010e+01 2.921736768986979982e+01 2.971640144529370531e+01 4.987409040104110858e+01 5.882024413803572571e+01 5.347272203557641745e+01 3.711738194400397362e+01 5.741586668866759169e+01 6.976160706421252655e+01 8.537849508558032596e+01 9.205707575431810596e+01 9.478557194358103288e+01 9.694993527184790594e+01 9.630334968877694735e+01 7.658629067735371621e+01 6.269979110117654386e+01 7.356839682279452575e+01 8.174333913645934047e+01 7.327097908816942606e+01 5.364339424753123353e+01 7.329335665622451756e+01 7.411380994652499510e+01 8.803814539552496399e+01 8.381674671107047914e+01 8.781223761686224805e+01 9.322999519117240652e+01 8.859184840854561571e+01
8.760377915799736570e+01 9.593153046614743573e+01 9.497243702078121430e+01 7.509736525807551288e+01 6.110657805664794751e+01 5.298655393371818434e+01 4.538770854341370153e+01 3.971263676081248661e+01 3.573183545221715463e+01 5.220876450380752942e+01 5.172001725470919808e+01 4.937155894900998732e+01 4.986680082187778851e+01 3.043140620754188674e+01 5.059067948503513890e+01 3.294060403181311614e+01 5.347265478968451902e+01 5.741524259526534024e+01 7.719002271308995944e+01 9.077351700089107567e+01 8.913386598073549294e+01 7.522211701401923278e+01 7.735669343093266548e+01 9.694993527184790594e+01 8.748561195520170486e+01 6.780369719743281109e+01 5.381066624978129909e+01 6.635378172804058750e+01 6.786473441562013420e+01 5.127861832568294176e+01 6.535333816938025109e+01 8.550332365481688157e+01 1.018963296544352488e+02 1.035098507363020701e+02 1.075413326030900976e+02 1.130340953229924565e+02 1.083400845179036480e+02
6.776396314731350401e+01 7.916684175489007202e+01 9.912859695587090414e+01 8.920415020716230003e+01 8.091796791927299637e+01 6.917955462860403770e+01 4.928029189890628459e+01 5.966309541336050870e+01 4.887691564602403105e+01 4.072455655111628658e+01 6.358546869447371108e+01 6.156611609696204113e+01 4.206576684899195584e+01 3.355551351787383396e+01 3.115529042589598774e+01 3.167926950426335608e+01 5.180427379240963859e+01 6.073902789128693769e+01 7.468448052543823223e+01 7.123140857266200499e+01 7.123140857276798954e+01 6.151069684608541621e+01 8.095212029945052734e+01 8.476234715384897811e+01 7.661137364393148630e+01 7.249720178457324948e+01 6.430074394632818269e+01 4.635555084222215783e+01 4.793821900901205169e+01 5.011923020606628398e+01 6.957896678130879309e+01 8.092994978442101228e+01 9.205804379107726731e+01 9.435678452478293821e+01 9.465618170455260838e+01 1.028111831857872431e+02 1.145872424428950609e+02
8.760377915799736570e+01 9.593144200687440559e+01 1.074925894912198743e+02 9.210213439253764989e+01 7.223570149595107637e+01 6.079652728752929391e+01 6.917955462860403770e+01 6.387325789724406633e+01 4.561528132494380827e+01 6.128909050812907111e+01 7.322526537633014243e+01 5.999774324081337085e+01 5.505981452097515927e+01 5.765068609218888440e+01 5.130572637165897021e+01 4.981557301930129711e+01 3.242270695217569454e+01 4.673085811290108182e+01 6.137490783162175489e+01 7.117978577841665810e+01 5.162342546392810760e+01 7.123140857237318357e+01 7.959622447351972596e+01 7.630644457240435941e+01 5.673593871535896227e+01 6.228786753918762997e+01 4.428236604909314167e+01 6.430086829929432213e+01 6.787008508549840258e+01 6.993474060623972832e+01 5.318604492895703828e+01 7.288723893370159601e+01 7.239857365266786360e+01 7.469179235716944731e+01 7.498635136169293958e+01 9.354831250723987068e+01 9.576568942847391952e+01
9.618230879697448188e+01 9.252601898102513189e+01 1.008188943067841024e+02 1.004381097246264147e+02 8.892047618053436508e+01 8.063160723443445477e+01 7.440032067575567964e+01 5.567540842901031795e+01 4.944549386023911808e+01 6.297415016574147018e+01 8.224418688389872045e+01 7.835611253798542464e+01 7.525332600129650018e+01 6.890500424995029505e+01 5.657006375421213562e+01 3.658167273462655800e+01 5.254621966778249487e+01 3.317991832955551956e+01 5.295672160459923816e+01 6.196797948000196499e+01 4.589656133442163366e+01 5.907560750104354952e+01 5.901288517385288657e+01 6.787467463348835395e+01 5.606073734515500462e+01 4.234762069720159161e+01 6.228786757097590510e+01 5.851225552517271922e+01 7.827581576590471002e+01 8.106911891956622185e+01 6.712987677505029183e+01 5.629046703072688018e+01 5.853102209664815803e+01 6.083533569104591976e+01 7.504124717765387231e+01 7.762733351411976912e+01 8.906379708980111332e+01
7.616035273461442046e+01 7.250688915872079576e+01 8.923969916336793062e+01 9.821778920570486093e+01 1.018549580249840574e+02 8.229845209322313337e+01 6.871402990781506048e+01 7.362613047863392524e+01 5.420823619406747440e+01 6.112006405057835678e+01 7.993291040006543824e+01 8.470121737266377693e+01 7.330867891912997436e+01 6.070198000518470138e+01 4.085142068545950877e+01 5.657006375421213562e+01 6.121714748017789276e+01 4.726063565128804811e+01 3.394008717198524749e+01 5.378707004167554118e+01 5.416040620389252780e+01 3.861698998318905041e+01 5.871514518038779329e+01 5.965326431257356887e+01 4.049115334305414393e+01 6.031961498675619993e+01 7.049231668196371459e+01 7.827581576590471002e+01 8.648309982586921763e+01 9.500825645528902896e+01 7.593549440225480396e+01 7.017827632663546922e+01 7.239857365266307454e+01 7.895701976219426399e+01 6.430803517917826184e+01 6.682085199031948264e+01 6.951216716455731159e+01
6.200324161574465620e+01 6.094614713180734356e+01 6.990291041872110611e+01 8.405365750150500048e+01 1.040845178122095263e+02 9.616476287970583314e+01 7.771809479367274776e+01 6.262925938098415912e+01 7.377030765039157245e+01 7.905706631621751512e+01 8.633398601004890338e+01 7.645715216870533482e+01 5.679530682172702427e+01 4.537284726632358911e+01 5.492881465742399172e+01 6.890500424995029505e+01 7.387073813076075623e+01 6.038229766300687373e+01 4.379832688696092902e+01 3.470484394016276752e+01 3.526277752076505578e+01 3.582304661568998227e+01 5.575912176734377113e+01 3.859485607540252516e+01 4.472547732261521247e+01 5.874514169791248719e+01 7.517799608153984536e+01 8.514460354674807263e+01 7.711000809548635004e+01 8.514466714950941650e+01 9.563434950350520580e+01 8.983464938928838706e+01 9.205804374297945003e+01 9.294711738827359682e+01 8.664367623569685861e+01 7.656630336649990909e+01 8.906379710300608110e+01
