LEM/sinusoidal_perturbations/elevation_000546.asc
nrows	100
cellsize	150.0
xllcorner	0
ncols	100
yllcorner	0
NODATA_value	-9999
[rows 0 to 16 of 100, columns 37 to 73 of 100]
1.185787677645610501e+02 1.266608620457522250e+02 1.242358572834207706e+02 1.232602260834459287e+02 1.152346724486473022e+02 1.232602260834459287e+02 1.344239452645248889e+02 1.233978888609492941e+02 1.153097166013641726e+02 1.127694819799415740e+02 1.208608884725605179e+02 1.206922624907286092e+02 1.125659191095200384e+02 1.203046892569473272e+02 1.200267778910929906e+02 1.119290826290580583e+02 1.164736274061799008e+02 1.107615527374023969e+02 1.107615527374023969e+02 1.188261657825585615e+02 1.125599932490635098e+02 1.041693860830397966e+02 1.041693860830397966e+02 1.027643088640391369e+02 1.027643088640391511e+02 1.111874252876036024e+02 1.202115018556910826e+02 1.120039515785585564e+02 1.168731821882033159e+02 1.086743102264583740e+02 1.112300971470686477e+02 1.194363448307718443e+02 1.206423671261075299e+02 1.123906458359844009e+02 1.098141425985268995e+02 1.180616911783013308e+02 1.191785037632891147e+02
9.919192152484195901e+01 1.185787677645610501e+02 1.049150485080669455e+02 1.049150485080669313e+02 9.592842387564648732e+01 1.070785296391600525e+02 1.263761707233005751e+02 1.153097166013641726e+02 9.563594286175349168e+01 9.307394391888428231e+01 1.095169158497059243e+02 1.106428425776029201e+02 9.284728856512941775e+01 1.092971459882298575e+02 1.086276050831700672e+02 9.219295804770507630e+01 9.685196938604887862e+01 9.109043131495921841e+01 9.109043131495921841e+01 1.107615527374023969e+02 1.041693860830397966e+02 8.349596078150084111e+01 8.349596078150084111e+01 8.199679970854197109e+01 8.199679970854197109e+01 1.027643088640391511e+02 1.087942609464305548e+02 9.224508735757297018e+01 1.054478625020700235e+02 8.888697880900110704e+01 9.145938017336823123e+01 1.112300971470686477e+02 1.123906458359844009e+02 9.248165881368814212e+01 8.989334736150992455e+01 1.065620129698978786e+02 1.076109408427389553e+02
1.048701973226348372e+02 1.141853900970019566e+02 1.048660631101069214e+02 8.550066917271077216e+01 9.926011224723980320e+01 1.185672723233110304e+02 1.161887532602419668e+02 1.081259939842115756e+02 1.013982577785555890e+02 8.157135572358816944e+01 1.013982577785432682e+02 1.026088518608825808e+02 8.289754412047329879e+01 1.026088518608831066e+02 1.005186918153088271e+02 8.068846584772170161e+01 8.906084075374469933e+01 7.698841092153378440e+01 8.852722081016406719e+01 1.082237874208256869e+02 1.015096643088054122e+02 8.079676594361959019e+01 6.878211608406851951e+01 6.726818520636740573e+01 8.800013711654715109e+01 1.003992373360402866e+02 1.005961660016287169e+02 8.066853772577790949e+01 8.909094445259817974e+01 7.726434796754266188e+01 9.145938017336823123e+01 1.112300971470686477e+02 1.146384839408184604e+02 9.831286610596374942e+01 7.825268748027046684e+01 9.831286610596374942e+01 9.930285383277698941e+01
8.595086897971093265e+01 9.968382960496118983e+01 9.951047603014406207e+01 8.022391609654960121e+01 9.972783182302242722e+01 1.142327785945414007e+02 1.048886155099213653e+02 8.850918174879470257e+01 9.542022188114985681e+01 7.548330055546036021e+01 9.542022188114985681e+01 9.604126524388766484e+01 7.618101311330839565e+01 9.604126524388766484e+01 1.014241956732208081e+02 8.906084075374469933e+01 6.903952844110574461e+01 8.906084075374469933e+01 1.049582985487589468e+02 1.162940653731900653e+02 1.099157541847686161e+02 9.802797701528233176e+01 8.069515649436279148e+01 5.996505920429041225e+01 7.190605156836403467e+01 9.227030421424683482e+01 1.031587357216622962e+02 8.326387450817836111e+01 6.891681386377402418e+01 8.909094445259817974e+01 1.054478625020700235e+02 9.850928200814720981e+01 9.632858470905195247e+01 8.641440505111189907e+01 7.209289858210624402e+01 9.226449467606093435e+01 1.040230527084778629e+02
7.198845840699912912e+01 8.524688857558830080e+01 8.895871271289954052e+01 7.542114728019336667e+01 8.678930495166136438e+01 1.062057639925063768e+02 9.609388280981451658e+01 7.696512090289638763e+01 8.996495555140681688e+01 7.004140968539459777e+01 9.009185552773581662e+01 8.275256291868997494e+01 7.030931136977218898e+01 9.030998663996020070e+01 8.739033615545184830e+01 7.335647663768286009e+01 6.478332499004424960e+01 8.488534858170091013e+01 9.404178077725470075e+01 1.021278455500476952e+02 9.037823218255162772e+01 8.190108112055213496e+01 7.642697438929354803e+01 5.580785044269563855e+01 7.637653779253822961e+01 9.289637927177766130e+01 8.753651721673328723e+01 7.926619482951754492e+01 6.462781014686555636e+01 8.488434743334424581e+01 9.850928200814720981e+01 7.841972908413316645e+01 7.621513882770535986e+01 8.030147279295086093e+01 6.679199686146081660e+01 8.118493029478315748e+01 1.012307494365600178e+02
8.126462873007457688e+01 6.554947189178591316e+01 6.930339204583964374e+01 8.071304726209712044e+01 1.002225008190134332e+02 1.020823753368036790e+02 8.215567297087417842e+01 6.789385350773143557e+01 7.816426867221328223e+01 6.508563023775947443e+01 8.275256291868997494e+01 6.258977377656194108e+01 8.275256291868997494e+01 9.330303989709494772e+01 7.335647663768286009e+01 5.900867663384799044e+01 7.919868975497394104e+01 8.007795868353152002e+01 7.429395418974627319e+01 9.404178077725470075e+01 8.190108112055186496e+01 6.129620112915743135e+01 6.733123075310173533e+01 5.194341952439064869e+01 6.373177780519049662e+01 8.453348269197053355e+01 7.926619482951754492e+01 5.894421881472553082e+01 7.926619482951754492e+01 9.312534327436634385e+01 9.210659386661831149e+01 8.210623073265783489e+01 6.178792498145485723e+01 5.995732497086902413e+01 7.177288236968091439e+01 9.204946876261909949e+01 1.018106396206862883e+02
6.152097019127884181e+01 8.126399080152955889e+01 8.895778243298019561e+01 9.701557186696493318e+01 1.082626350509443256e+02 1.015178982916834229e+02 8.195209847735719677e+01 7.802982052321543449e+01 5.829249844601375941e+01 7.850227044554438294e+01 7.800117947555644093e+01 5.779467077403815267e+01 7.800117947555644093e+01 9.334826079101051732e+01 7.562910738437004454e+01 5.540518383835221528e+01 7.079410302605478478e+01 6.011021913384178106e+01 7.389217629866514869e+01 9.265912375159790315e+01 8.190108112054400635e+01 6.129620112915743135e+01 4.698677106851545204e+01 6.733123075310173533e+01 8.096810455533579898e+01 8.986201634385511738e+01 6.971548265667158262e+01 5.530797426811945172e+01 7.076165124889593017e+01 7.907145852016263632e+01 7.783506574098814212e+01 6.356353922512872145e+01 5.410183331579662536e+01 7.442663300584659680e+01 8.860750377307145698e+01 1.003768684529910900e+02 9.113622352371824320e+01
5.883833828840813140e+01 7.862809316200673493e+01 8.238258503956637924e+01 9.046642627018363214e+01 1.002511778242268434e+02 9.630198207887744388e+01 7.621156160022033532e+01 6.183804864323467143e+01 5.467296085621201485e+01 7.035368231485206536e+01 7.359257256270579717e+01 5.340197742343373477e+01 6.510023664433698798e+01 8.519331916466845200e+01 8.384107055362117933e+01 7.079410302610267536e+01 5.055535768908858074e+01 7.079410302612710382e+01 8.821089986989690601e+01 9.559592517401056000e+01 7.197549852363337664e+01 5.575643242756194695e+01 4.392153295189677920e+01 5.997392187434278554e+01 8.259092756507533295e+01 9.289439256186497573e+01 8.390529168842336105e+01 7.076165124889628544e+01 5.056510682717831173e+01 6.624556656640346830e+01 6.498473214445112944e+01 4.932515495482534362e+01 6.949597324025585010e+01 8.275258718967144489e+01 8.976540810010808968e+01 9.257826761096023915e+01 8.281598259154213792e+01
5.623195931772380618e+01 7.250966237794914093e+01 6.263673976446258962e+01 7.257572111986834784e+01 9.218944895926429695e+01 1.021042617639081556e+02 8.209625705211649915e+01 8.208191159637281942e+01 7.035368231485206536e+01 5.020647303768804193e+01 6.600862341751879114e+01 4.949689858956565303e+01 6.963345792942767787e+01 8.565451003850284906e+01 8.494597419172605157e+01 6.788061894182028766e+01 4.769082286809742044e+01 6.198715690213441576e+01 8.210869492736088660e+01 9.143577112530765305e+01 7.694205156790954447e+01 6.117947748416212761e+01 4.105423323876489405e+01 6.117947570470657581e+01 6.706475450200578337e+01 7.607664971610418547e+01 8.525539661572101124e+01 7.907145860364225598e+01 6.624556656641175323e+01 4.633681238558443738e+01 4.516356995631239357e+01 6.498473214767940931e+01 7.783506555697995566e+01 7.761718394103166929e+01 6.711265156287382183e+01 7.266807120301955081e+01 7.505514232200611957e+01
6.922009183003565624e+01 5.258764033386109560e+01 7.250966240201458390e+01 9.046642627018363214e+01 1.002511778242268434e+02 9.979633252099348795e+01 7.996655405497965319e+01 6.830357834568806652e+01 5.814692219327655920e+01 5.144165076307731255e+01 4.593600261473477531e+01 4.575965047322278423e+01 5.731987605020943022e+01 7.745155025494803169e+01 7.673734346812031504e+01 5.655956790139541113e+01 4.502535245448672185e+01 6.508769931302386169e+01 7.326741441297761526e+01 8.143765707199320047e+01 6.244833200849861043e+01 4.816368693778075993e+01 3.826043487542396093e+01 4.933769121377289224e+01 6.061157610585006239e+01 5.474451793193416194e+01 7.547901114421176771e+01 7.684030711013882353e+01 6.864781601683482393e+01 6.183897521292668387e+01 4.244088355822778169e+01 6.156470833332824100e+01 7.156111883233393200e+01 5.642926126948407273e+01 5.219769804427117776e+01 6.429247971809067508e+01 6.367090941061474041e+01
4.921273032058751085e+01 5.463306097689507368e+01 7.413941301044316390e+01 8.928379627315639766e+01 9.741993634067588914e+01 1.078904901211060263e+02 9.244649397601240537e+01 7.247652213295033619e+01 7.159936837487805406e+01 7.159936837487805406e+01 6.228123130944608477e+01 4.227462817191579347e+01 5.937848479938120505e+01 6.764712416556359642e+01 7.667568315315224936e+01 5.653834449309606924e+01 4.253891947731425205e+01 5.977218638502417036e+01 5.418418334056406849e+01 7.326740191292016391e+01 7.051566634970173197e+01 5.555163134350306819e+01 3.565657513797899725e+01 5.373718947188523032e+01 4.131800467202015170e+01 5.504069589868696966e+01 6.597649613634406762e+01 5.947327907295721161e+01 4.861243891586720878e+01 5.697265856735484135e+01 4.045690251471088317e+01 5.962297868008444368e+01 6.065233046205731426e+01 4.231485238921416681e+01 4.337984889948693734e+01 4.445230011171339157e+01 4.552553730687309042e+01
6.043571154099652887e+01 7.413941301044314969e+01 6.302364229389239370e+01 6.982097383245465494e+01 8.096618233697027733e+01 1.006458682088582037e+02 1.005734320248992333e+02 9.244649397601240537e+01 9.158080088597456836e+01 7.867277161290810739e+01 5.859731669203446103e+01 5.937848479938120505e+01 3.941893335451737101e+01 5.659729238490388781e+01 6.485577493162973894e+01 6.666609186155278621e+01 4.010856661441470550e+01 4.265826182594575755e+01 5.974151001937287475e+01 7.058516069216921096e+01 5.734908787816510056e+01 4.289965076332542537e+01 3.311036647033898106e+01 3.368673106062635014e+01 3.571724276451536184e+01 5.373828870732453566e+01 5.559569232749922207e+01 3.650082597356798431e+01 3.713518819245850011e+01 3.777003645222826123e+01 3.839719661038323295e+01 5.215145851543799438e+01 4.081232759531405918e+01 5.442574608599367991e+01 6.304625764537575350e+01 6.428598085202690982e+01 5.290747373681162458e+01
7.328117238469644690e+01 8.834066487209609875e+01 7.667020538316820932e+01 8.928379627315639766e+01 9.741993634067588914e+01 1.087713474738880279e+02 1.069934812042889547e+02 9.878590028883421326e+01 9.878590028883421326e+01 8.687165310295380038e+01 7.357538711829558054e+01 5.349793531520084855e+01 5.659729238490388781e+01 3.668416259617814745e+01 5.388396875072309911e+01 6.145509995442977669e+01 5.320591074521817632e+01 3.664991800556180834e+01 5.653728365809986656e+01 5.794617681436488255e+01 3.709497129383431968e+01 3.232533676122229593e+01 5.138378608878470288e+01 4.276756258563790425e+01 3.449060828869998119e+01 3.505221174564086084e+01 3.562508801112348777e+01 4.858204917534116873e+01 5.676413916568822060e+01 5.777617015859026139e+01 5.832414227876198254e+01 3.931135686748661584e+01 5.865985420957609620e+01 6.752430236795410678e+01 7.920600686682500680e+01 8.086613650308333945e+01 6.442436634493591896e+01
6.751250551858353788e+01 8.720846867867871310e+01 9.624199352079092762e+01 9.304104518814091307e+01 8.456493364370486177e+01 9.304104518814091307e+01 9.878590028883421326e+01 7.882014332087406672e+01 7.882014332087406672e+01 8.937395219312267614e+01 8.179631301592675641e+01 7.357538711829558054e+01 6.486606990051883770e+01 5.388755562704240276e+01 3.403366694135960557e+01 5.123235521570661177e+01 3.335726568233206280e+01 5.320559179331284838e+01 5.448952551763090213e+01 5.057606997137887106e+01 3.155551175505524952e+01 5.123426616865960881e+01 5.962668923947111210e+01 5.010386345278944020e+01 6.185883495954918487e+01 5.521528415388786470e+01 3.832956849983265357e+01 4.652121778040297073e+01 5.749967289950682670e+01 7.453901688255584190e+01 6.010544301670946510e+01 4.011554302510492676e+01 5.439559348338570999e+01 7.555827380336288002e+01 7.589713754287203074e+01 8.418241957485683713e+01 8.433054272168178045e+01
8.720842254334665711e+01 9.528958101123059521e+01 8.812762142444739766e+01 7.965447872850974420e+01 6.408798449742633352e+01 7.965447872850974420e+01 8.812762142445062352e+01 8.466797814526705679e+01 6.455692396065471428e+01 6.931133041406111772e+01 8.179099392521621326e+01 7.957365298552473121e+01 7.127188715868823010e+01 6.214672209476643161e+01 5.123371210299394107e+01 3.147813329380253933e+01 3.115265439598014652e+01 4.921293470347617927e+01 3.027882417245976399e+01 3.080128630499469011e+01 5.057615890487066679e+01 5.967295879971757699e+01 7.536957852569283034e+01 6.436385612967117709e+01 7.698778621796233779e+01 6.204564978563483635e+01 4.100715175025018056e+01 6.030063599424394027e+01 6.984350180137109021e+01 7.202580591638839280e+01 5.231622710465074277e+01 4.091849280099206965e+01 6.091508781446515997e+01 6.637356487558687945e+01 5.540324716029344643e+01 7.247219890856294455e+01 8.205821982526548197e+01
7.944451287484531576e+01 9.898860794823022502e+01 7.965447872850974420e+01 5.926373078433293529e+01 5.399966986218655052e+01 5.926373078433293529e+01 7.965447872850974420e+01 9.290681226258139702e+01 7.518753628476736139e+01 5.504435746592438505e+01 6.168531259716115756e+01 7.127204552671675231e+01 5.121292066096507511e+01 5.708071458826669442e+01 5.415895305059347464e+01 3.620991733986627281e+01 2.902838097653651772e+01 2.954415043013534614e+01 3.946152769222854317e+01 5.016304070182451369e+01 3.876986435771510742e+01 5.875746885882972492e+01 7.691043476627415032e+01 8.338976154732142732e+01 8.387392251290636125e+01 6.556945498796102356e+01 4.413500672996246266e+01 6.556945498796085303e+01 8.012163582617789359e+01 8.021330437636925126e+01 6.855045471635364152e+01 5.282556125527385404e+01 4.205679518392017968e+01 4.286390599855562300e+01 4.367203129832063269e+01 6.410356577152131763e+01 6.155155177152699508e+01
9.323719870004143218e+01 8.650401300807079963e+01 7.629992450613887911e+01 6.523604258371665310e+01 4.509173816278832447e+01 6.523604258371665310e+01 6.989204039061144158e+01 7.835349250464891213e+01 8.345684949527245067e+01 6.757413031777271328e+01 4.752949232590492556e+01 6.107079099560170476e+01 5.689626419002469504e+01 3.700874409255899877e+01 4.719777008998965329e+01 2.834581737257332179e+01 4.792698149160154486e+01 4.922359527767131482e+01 3.640642048336525960e+01 5.429164523481601634e+01 5.285168250679397772e+01 4.868998973335651215e+01 6.294207210547654086e+01 8.331342608990414078e+01 7.548536175349767063e+01 5.445053699713393058e+01 6.556945498796102356e+01 5.045579838396822936e+01 7.170298060200059354e+01 8.681875496883463939e+01 7.767073979319684440e+01 6.026370762540086901e+01 5.244765603341542004e+01 5.066455085644822987e+01 6.346684202715333356e+01 4.481740634694475744e+01 6.531459504247207803e+01
