LEM/sinusoidal_perturbations/elevation_000865.asc
nrows	100
cellsize	150.0
xllcorner	0
ncols	100
yllcorner	0
NODATA_value	-9999
[rows 68 to 84 of 100, columns 37 to 73 of 100]
7.780324670596607461e+01 6.953741062839823428e+01 6.539988399012564457e+01 6.165519431851805621e+01 5.413310569353226498e+01 3.715989103699855889e+01 3.450785719512389704e+01 5.889297924654897542e+01 6.933576104161674891e+01 8.092832831050066034e+01 7.112593161921520846e+01 5.177935967997301248e+01 5.563914184714497679e+01 6.967509430284206928e+01 8.936486311075491074e+01 9.318810530795468594e+01 7.903850034973817174e+01 6.777775976745512310e+01 4.776738223671505779e+01 4.063076497116588826e+01 5.483661708654812372e+01 7.484682396253757020e+01 7.630387364884332158e+01 5.672790127994061748e+01 7.630387364884172996e+01 7.637435937896728433e+01 5.650202290692769935e+01 6.232249550125064275e+01 4.468267196617112091e+01 6.423323202063905057e+01 5.792791685603069851e+01 6.940930598282618291e+01 8.939472738707497967e+01 1.024472499036477586e+02 8.591074014013132398e+01 9.562173468222361805e+01 8.722916870979580040e+01
6.917258275518385346e+01 7.752686641790685940e+01 7.926075358573660878e+01 5.962411638153113103e+01 5.411333675393405684e+01 4.270662597395993743e+01 3.278735045682263660e+01 4.915269326602181366e+01 7.321009480663528279e+01 8.008301708137658181e+01 6.031779266571068376e+01 4.622453628098624279e+01 6.610689286538470810e+01 8.356230934635064500e+01 8.473109115170362315e+01 7.630808184307738884e+01 6.489302165932100763e+01 5.072472492334207317e+01 5.658701344484846629e+01 3.890149182454099019e+01 5.312182032912881624e+01 7.321502704234741543e+01 6.977854049554458982e+01 5.065955535502570939e+01 6.162777286049351488e+01 6.834955328065682068e+01 6.038267774273689525e+01 4.272728094702452495e+01 6.232249550125064275e+01 7.252590022897466326e+01 7.785519782165754066e+01 8.610674581313388387e+01 9.762627529821095607e+01 9.427620731221124117e+01 7.433204453557074487e+01 7.568582394143592751e+01 7.572007098522084334e+01
4.936331474785290396e+01 6.333114819687263974e+01 7.165436151812829735e+01 5.962411629110170708e+01 4.038684191313351590e+01 3.053850524579202386e+01 4.678712765973214260e+01 5.369999388889341674e+01 7.571329737983914754e+01 6.809493436663964872e+01 6.221679702559738701e+01 4.226089461119380530e+01 5.641178998220534879e+01 7.623132375942589078e+01 7.306623556377503803e+01 5.615814703802546148e+01 7.306262795419863210e+01 5.659471327879892044e+01 3.651733330592835358e+01 5.659244750050113026e+01 6.730244044717184693e+01 7.290476095386797795e+01 6.299931326214143468e+01 5.646375395037028966e+01 4.282678857526867233e+01 5.840725845883790157e+01 4.077872417027560203e+01 6.037667234154213247e+01 5.648560512665424937e+01 7.046937508234933034e+01 9.039242521141933651e+01 9.099948974768086885e+01 9.093687241302046687e+01 8.259525193760893558e+01 8.276143956438090754e+01 6.273523889700737044e+01 5.571975243360600416e+01
3.821133268316383891e+01 4.366739620977016756e+01 6.022873075055877479e+01 6.178910108369457532e+01 4.856952044763720266e+01 2.879532976820443935e+01 4.856951963287331608e+01 6.331179609452466650e+01 6.066773192588328811e+01 4.610859789957056165e+01 5.727201655851357032e+01 3.858346557479019623e+01 5.276030092170224606e+01 7.263286765390427036e+01 6.467409033114836348e+01 4.480630137623755616e+01 5.462635182952531210e+01 5.265326297097620056e+01 3.490049420276090331e+01 5.152100154771839158e+01 6.850977696084528645e+01 6.060023417357788844e+01 4.651092545163147207e+01 3.671651400265224652e+01 3.737596049637277673e+01 3.879231877624787472e+01 5.845939544534228105e+01 5.774714389656364943e+01 6.736404739300752453e+01 8.454841849368919782e+01 8.514019626332466828e+01 7.099506294758059255e+01 7.959060617432449192e+01 6.314431065836417645e+01 7.959060635486315505e+01 7.362205713228954096e+01 5.367433911904816313e+01
5.197827569382992152e+01 3.247187322033908430e+01 4.772162979933523985e+01 4.326711058261370368e+01 4.511120270620011041e+01 2.698849527058560938e+01 4.518780843817395976e+01 4.132960086484595763e+01 4.616162736958130353e+01 2.720507889338925978e+01 5.154872115866122328e+01 3.515653610743630253e+01 5.398111396886582725e+01 6.511900597465181306e+01 5.530965311794815875e+01 4.878315771570838422e+01 3.088185990960062810e+01 3.256918434378295757e+01 4.532329197893714223e+01 6.150079195152643052e+01 6.099495544703932381e+01 4.145547903074096041e+01 3.580166491652953908e+01 5.553341915439467158e+01 5.568835710936201622e+01 3.845894698616312013e+01 3.922980453404489509e+01 3.999899656585409957e+01 5.960948461716458269e+01 6.889201072022375172e+01 7.683337918300989600e+01 5.693949651696767233e+01 6.426090831460395236e+01 5.249080153177425956e+01 7.132066160767270446e+01 6.883275799427320862e+01 5.169999583204830174e+01
4.008669403919380869e+01 4.772162979933523985e+01 2.820520606249066731e+01 3.757260452133329665e+01 2.463230290458677274e+01 4.359175923539451958e+01 3.938822423315784249e+01 2.607761060016356680e+01 2.643698570753468147e+01 2.681007429004801068e+01 4.657758685516726160e+01 3.187130694218166127e+01 5.180598347825962691e+01 5.543555471711361093e+01 3.458200959506731920e+01 3.007709241173677839e+01 3.052575862819138663e+01 5.042134342073327247e+01 5.883798955015956267e+01 6.764198396925249313e+01 5.407630458123819750e+01 3.491596945433504828e+01 5.457499671505745198e+01 6.374212545381922723e+01 5.444773208768582862e+01 5.234927362189840494e+01 5.887637647116498130e+01 5.960895304394838945e+01 4.107469961762368627e+01 6.064837894856369616e+01 6.243422522854455536e+01 6.246407124263959787e+01 4.464641147118938136e+01 4.537479408664174230e+01 6.492959339001771468e+01 4.901812795838258552e+01 6.871159857941134419e+01
5.551404043428333779e+01 4.705799088546241649e+01 3.876920180220052714e+01 2.407091200361793071e+01 2.650694211899098107e+01 2.519240622541824237e+01 2.556906159222446107e+01 4.424965228503872083e+01 4.599750523244229328e+01 4.649964094168250739e+01 2.737427039714852484e+01 4.717820713530144872e+01 4.828518578855285881e+01 4.843629535691238885e+01 2.945923606875021861e+01 4.831274717157092624e+01 5.038890313175578228e+01 3.115499889222153840e+01 5.107671815687745465e+01 4.996231577574879168e+01 5.342028079035368648e+01 3.430842945564003799e+01 4.569391460127195614e+01 6.597621487132384743e+01 6.831398365058649347e+01 7.232876103789553213e+01 7.208924381552805016e+01 5.227374077559661458e+01 6.025506801005915491e+01 4.213486968013265255e+01 4.287429510075453010e+01 4.360992214056943084e+01 6.318518041560213305e+01 6.502721784253444071e+01 4.641190957246165283e+01 6.601015221461767624e+01 7.552401410112075553e+01
4.139144116994442868e+01 2.888782410670544465e+01 2.351353969404389588e+01 4.324662149658059462e+01 4.640316771647586336e+01 4.490356348538639963e+01 2.914601398747202055e+01 3.781127542892223659e+01 5.651973650567615692e+01 5.373288653285396776e+01 3.858120112354929176e+01 2.796931528081787377e+01 2.840326067640551244e+01 2.883988359363526399e+01 4.779087522476417860e+01 5.644142993755844628e+01 5.809962467854843027e+01 4.519999464236574482e+01 3.178511154073707701e+01 3.517641900922819787e+01 4.216497058472289439e+01 3.370676168049158861e+01 5.794682992008733180e+01 7.415856218955593704e+01 8.808324022689372157e+01 8.844074358304395389e+01 6.842357059203162351e+01 7.208724949816500782e+01 5.803215341889104906e+01 6.169392415380906414e+01 5.904681029639255740e+01 4.559859349205176926e+01 6.717135284214596425e+01 7.439664124932750155e+01 5.768957128743816298e+01 4.756421710556417537e+01 6.733116847524206605e+01
5.277313050733087607e+01 4.105741899509116166e+01 2.313103153427357128e+01 4.269927898666795585e+01 5.871129253479642784e+01 5.703487613166842607e+01 3.577825112532262608e+01 5.530250900616726284e+01 5.661916322608757213e+01 6.338703152256277207e+01 5.029937007053315057e+01 3.049148738294463712e+01 4.828703461460649748e+01 3.577454337576349275e+01 3.670844457095144975e+01 4.296167685120833823e+01 6.229118450240911642e+01 5.859538589765374184e+01 5.173310705237102525e+01 3.241334223035780582e+01 3.285558403092930035e+01 5.259941604857768738e+01 5.973317073562114388e+01 6.746022330379939547e+01 7.618448679415081415e+01 9.061226075832948368e+01 8.844396489092798674e+01 8.607398824363286849e+01 7.784424968032834613e+01 7.216893914658264464e+01 5.209987539932788536e+01 6.714550765892431627e+01 7.760581013005267437e+01 7.764269310171523841e+01 7.497962859346455389e+01 6.358607783357624754e+01 4.873655570508054780e+01
4.556638268242178214e+01 2.261376598083765543e+01 3.116524125325891958e+01 3.361673714832428317e+01 5.117172940877944143e+01 6.626845710416552038e+01 5.114867196752489775e+01 5.751066309145885924e+01 7.486155446361907195e+01 6.895235449373384995e+01 5.305352823428327724e+01 3.304536552598286647e+01 5.305353380806307229e+01 5.644878179277818475e+01 5.647619783403475680e+01 6.239407843980271906e+01 5.359186157738926681e+01 7.250214283137485438e+01 5.894731064158857947e+01 5.810917330948904436e+01 5.212320965511550241e+01 3.376175038422355357e+01 4.710408019097926768e+01 4.746775523108659200e+01 6.175756388426833610e+01 7.713244386434897137e+01 8.545678776968175328e+01 9.705361378185762078e+01 8.327043260878640751e+01 6.404211216743571811e+01 7.216895662590816585e+01 6.115291404548126053e+01 8.035805716935331589e+01 9.764943484941073848e+01 8.271580602213143152e+01 6.285025971865256622e+01 6.854846845618190798e+01
2.861183650885019247e+01 4.134028806135219725e+01 2.213879107195027629e+01 3.349025249003170757e+01 4.648504719522139794e+01 6.607001291804404275e+01 7.287068459185607594e+01 7.898393282510173208e+01 7.489128222772129106e+01 5.476352260544130246e+01 4.057481852124999477e+01 5.305353383469658013e+01 3.747130793322376263e+01 5.753968266843119750e+01 7.059427667492214198e+01 8.025794488068382293e+01 6.467030505643390370e+01 8.025794488051931808e+01 8.122578339898402078e+01 7.223129393132596476e+01 6.199648565198081229e+01 5.388944913828019168e+01 3.467443652629797413e+01 5.486705349505173501e+01 6.555116085810459481e+01 5.707326673458230459e+01 6.864730741619172250e+01 8.872335580710920055e+01 9.144167455175107762e+01 7.507483185001738946e+01 8.850187076716466095e+01 8.035805716935331589e+01 7.139030896793403258e+01 9.065600471003287453e+01 9.119048980082997957e+01 8.294790964068681660e+01 7.584321061817300347e+01
3.440731260773222999e+01 2.169682327374892949e+01 2.226377201245408699e+01 4.589672845234302656e+01 6.321978034559533910e+01 7.390710868972161052e+01 7.338818111180815151e+01 8.170093673492112885e+01 8.072945933301556920e+01 6.063817757377585593e+01 4.767828250897398590e+01 6.586405340254944463e+01 5.753970310233842866e+01 4.221123925942245592e+01 5.639411342020218143e+01 7.644491701617454282e+01 8.320063155250215914e+01 9.101179792647569400e+01 8.086257531794603892e+01 6.424728159355498747e+01 4.453398221083842401e+01 3.992166571596188618e+01 3.533090851240793029e+01 5.522629336488964213e+01 4.543415317576485535e+01 5.967491074243302052e+01 7.973806491899165394e+01 9.293279108905299779e+01 1.012702572065826132e+02 9.446583144453995828e+01 1.027331257560262685e+02 9.889928725807234855e+01 8.235328200544707045e+01 9.889928725807234855e+01 9.976033105115955379e+01 7.975559326466469656e+01 6.813897398937388061e+01
2.125963293371540885e+01 4.059640898407206322e+01 2.382492095110356090e+01 4.386942313828864570e+01 5.479547178053810796e+01 5.706299277536950143e+01 5.339399136072955088e+01 7.198510673013220185e+01 8.259649230602630610e+01 7.530577315196140376e+01 5.525205341440604911e+01 7.530577315196140376e+01 6.580767912043009460e+01 4.577776917051176042e+01 5.993289483744778323e+01 7.999066411437152624e+01 9.579523233522451164e+01 8.681162789319427020e+01 6.656579817823021017e+01 5.229133528134845932e+01 6.422126297068074052e+01 5.929535794104909741e+01 5.556314467663188594e+01 3.629931803309460747e+01 5.066970695426318372e+01 7.078089289959898167e+01 7.871038274280492431e+01 7.281926831618059737e+01 9.293279108905299779e+01 9.367588054482172311e+01 9.587883305269126311e+01 1.042191802555633870e+02 1.019977348451004531e+02 1.103143423386659094e+02 1.079898491702782053e+02 9.646326243594040761e+01 8.310161429213707152e+01
2.090261433167843563e+01 4.041017239399537431e+01 4.386943630851622800e+01 2.645052466239047462e+01 4.651271995372601964e+01 3.706377325423054003e+01 4.416293175710063679e+01 5.412402075816024904e+01 7.418979019176349254e+01 8.366908499734547888e+01 6.941275903082949128e+01 8.366908499734547888e+01 7.028330194704294343e+01 5.026770818313095646e+01 5.578797047651369212e+01 6.733597667446163371e+01 8.742686992787699296e+01 8.332754666669738697e+01 6.306295035071736521e+01 7.249566441099753433e+01 7.811573868073260485e+01 6.518969992252631585e+01 4.639420394057508190e+01 3.700417661444548401e+01 5.727104461408269742e+01 6.798334997096206678e+01 5.864194358600084911e+01 7.871038274280492431e+01 8.677950635325954920e+01 7.356966746489585773e+01 7.576828696564000154e+01 9.221628779634828277e+01 1.005581516622396805e+02 1.106266293519234836e+02 1.072414372509727372e+02 8.728176900611929057e+01 7.307540809943324689e+01
3.201625474570722929e+01 4.674726247674784929e+01 5.480212907338711403e+01 4.651330376105365616e+01 2.914709810887508468e+01 4.921749933684836265e+01 6.412105844386643128e+01 7.243494204725016061e+01 8.263694823832102543e+01 9.600793189978350028e+01 8.953276776645417101e+01 8.668426421106566693e+01 6.659726979231679422e+01 5.542293420964960404e+01 7.545575369724549830e+01 6.993962744269185805e+01 9.004169929814420925e+01 9.167807105138192014e+01 7.322800381324000796e+01 8.373378186442009508e+01 6.425415699190001817e+01 5.042206801239968428e+01 4.378449852691706212e+01 3.772249566950493715e+01 5.797842209165172989e+01 4.789838492882660148e+01 6.798335065073412409e+01 8.091146941752469957e+01 6.670586122221361336e+01 5.941956839871959062e+01 6.543309267146096886e+01 7.210625599933915453e+01 8.214867394952008794e+01 1.022839016431764776e+02 1.072414372511462091e+02 8.728176900611929057e+01 9.312782048480094943e+01
2.491376806000660693e+01 4.469087121497285864e+01 5.720184427999908650e+01 4.566451294448609843e+01 3.121258822754300510e+01 5.127842594727928116e+01 6.254741330867840787e+01 6.421638517457979844e+01 8.410952708622220086e+01 7.593691311753318018e+01 9.007633396339537057e+01 9.505115948331386733e+01 8.102133133351841821e+01 6.095435578836055868e+01 8.102133133351841821e+01 9.004169942330730692e+01 9.841418396911984701e+01 1.017687478896523601e+02 8.752229499999589279e+01 8.373378186442009508e+01 6.425415699190001817e+01 6.992819953524555388e+01 5.418207497219914615e+01 5.798471991375082979e+01 3.876090857459872296e+01 5.900072349196567245e+01 6.827224699673625707e+01 6.668657099768552143e+01 5.258174685604235066e+01 7.258529575796464428e+01 8.551294386401193037e+01 9.221628779634828277e+01 1.005581516622396805e+02 1.106266293519234836e+02 1.154650354925572771e+02 1.072414372511532008e+02 1.030483767308129899e+02
4.469087121497285864e+01 2.992518298711518554e+01 4.985093714907961271e+01 5.826491639638736331e+01 5.127842594716593538e+01 3.423683881039018218e+01 4.428901942897904576e+01 6.422897973966823315e+01 7.025022969950988738e+01 6.178926409444440537e+01 7.593662383607889410e+01 9.599150435808583381e+01 8.861944488297000078e+01 6.851672599789085893e+01 7.732644670879864179e+01 9.746168257197622609e+01 1.153204110091225374e+02 1.070388653367513569e+02 1.076825257134428568e+02 9.197732037679452333e+01 8.373378186442009508e+01 8.222299075666980173e+01 7.397818350881263427e+01 6.732536295713508423e+01 5.900115967835898090e+01 3.981272091443493366e+01 5.985265443943518449e+01 4.664407796970618847e+01 6.668657099768552143e+01 8.091146941752469957e+01 9.001764376313785476e+01 8.523947611886924847e+01 9.288134870661038178e+01 1.011298490437361721e+02 1.124773847658105268e+02 1.179672851001994900e+02 1.096295111855807107e+02
