LEM/sinusoidal_perturbations/elevation_000910.asc
nrows	100
cellsize	150.0
xllcorner	0
ncols	100
yllcorner	0
NODATA_value	-9999
[rows 17 to 33 of 100, columns 0 to 36 of 100]
5.222468517465790779e-03 5.552224430769780561e+00 1.132572712266608939e+01 1.799239378933287270e+01 3.799239378933357614e+01 5.655256838218538462e+01 4.533765517456892269e+01 3.704954472743764171e+01 2.008857007477333667e+01 3.164355558362408161e+01 5.043422649148461545e+01 5.872162548652332248e+01 6.767003464929304357e+01 7.921941069236956423e+01 8.493104142063555173e+01 9.319682019744236356e+01 8.553352013329303816e+01 7.731422497764943103e+01 8.553352013178988500e+01 8.652577802553707897e+01 7.027882451662829055e+01 5.048059254378725313e+01 3.938870508860165387e+01 3.064204341191106451e+01 3.349719597305350760e+01 5.288714916860667614e+01 6.457772754246740021e+01 4.840798986932198744e+01 2.727733862339822934e+01 1.865934073533891890e+01 1.640836030240512855e+01 3.627470441877554208e+01 3.259462294354712952e+01 4.587957621573860223e+01 4.018384163298020439e+01 5.974195902195559427e+01 7.220219461273063644e+01
7.333276091007126865e-03 2.000733327609065171e+01 3.132572712266644643e+01 3.799239378933357614e+01 4.627666503679376575e+01 4.240292743068128800e+01 2.825328647917718072e+01 1.703616573655985178e+01 3.704954472743764171e+01 4.010148575719364317e+01 5.165451865080333249e+01 7.165710035027635172e+01 8.183701756197116595e+01 7.363810406952191556e+01 6.537110016181446781e+01 8.183701756197116595e+01 7.573490952140429044e+01 5.781886409691369977e+01 7.573490952029767698e+01 8.429914351182694077e+01 7.867012653069167527e+01 6.716179543619158210e+01 5.837915065030878026e+01 4.607891462020884177e+01 2.622126699881665601e+01 3.778722149849934198e+01 5.677167329193692780e+01 5.647375337736049516e+01 4.797968625040604707e+01 3.535632422084432136e+01 1.553322106718377960e+01 3.424402727941419045e+01 4.399556192204464367e+01 5.949826281724768506e+01 5.974195761162500418e+01 6.793526447632855536e+01 8.299847302708255370e+01
6.343274376862209282e-03 1.155334865816745982e+01 3.155334734928663565e+01 5.104060284905092715e+01 3.961417470445496747e+01 3.132582211448444554e+01 1.410110393906728277e+01 3.411464043640073385e+01 3.337743655170025647e+01 5.338855238968216099e+01 6.839824146256241022e+01 7.349490916234238114e+01 6.533660969183605971e+01 5.416937403993021150e+01 5.416937403993021150e+01 7.363810406952191556e+01 6.756654453728133092e+01 4.802688512203622651e+01 6.756654453728117460e+01 6.468593363873719682e+01 7.861878048348903292e+01 6.876705233511329141e+01 4.902027518718614374e+01 3.520971074294354963e+01 2.334246046329426605e+01 3.787928846255045556e+01 5.808532982701098035e+01 5.286106301665837748e+01 4.361861086218835482e+01 3.786684306241824061e+01 3.029262313786951921e+01 1.430068535835364507e+01 3.394651820336986958e+01 5.661864111038132563e+01 6.306480447161232661e+01 6.288683103840596544e+01 6.288684072663929214e+01
3.497053469895897767e-03 2.000349705346954110e+01 3.983758283777125797e+01 3.689090781034475697e+01 2.274088516823381667e+01 1.131270876416381554e+01 3.132582211448444554e+01 2.675927708056663334e+01 4.677144974835188407e+01 6.167561760306453067e+01 6.676289018828499877e+01 5.861437331407579165e+01 4.573809126611045173e+01 4.275336319745396452e+01 6.239782754615703197e+01 7.042993230430549545e+01 6.105332473219947076e+01 4.129002596916376433e+01 5.802987185418221117e+01 5.082337960888588668e+01 7.043050981907724406e+01 6.114426857161119244e+01 4.153029719652935370e+01 3.007903995366157801e+01 2.057097489836584003e+01 3.756577234644094432e+01 4.581287036904353727e+01 3.987312959922882527e+01 2.327705090517275721e+01 1.201722200292692122e+01 1.293882892839460119e+01 3.290619329370127844e+01 4.386144872342212153e+01 3.831655243426770596e+01 4.274775770538067121e+01 4.287941870371160746e+01 6.288684076689788327e+01
9.635555453094322986e-03 2.000963555545273920e+01 3.429659432335899538e+01 2.600799307119480019e+01 8.590260404265974259e+00 2.860238234200743079e+01 3.961426589957023481e+01 4.091073722225293352e+01 5.505890642258149370e+01 6.676288931433859375e+01 5.532170317799243975e+01 3.873782068763296138e+01 3.395488005324315139e+01 5.402139980302552402e+01 6.468832337468080595e+01 5.075104357173481162e+01 5.509446594886441062e+01 3.500562098320398974e+01 3.807907343703752900e+01 4.974199364013673375e+01 6.935132403803990542e+01 6.946404096968005604e+01 5.806013782803564993e+01 4.447768240379645022e+01 2.457463174929151251e+01 1.680989276720621817e+01 3.432379751025310100e+01 3.149565627876955887e+01 1.159186161188935671e+01 1.192294138009894766e+01 3.047358820402751078e+01 3.964282218364747479e+01 3.452493050057164226e+01 2.288112824189296646e+01 3.025393785776770272e+01 5.023303787104446627e+01 4.694959338447408470e+01
8.845047570523793118e-03 2.000884504757016913e+01 2.346661154789130777e+01 5.997156145903711710e+00 2.600798434834388573e+01 2.014399938426599945e+01 3.169896486381832901e+01 5.171351075561971555e+01 6.920707562291013915e+01 5.861437331231536518e+01 3.873782068763296138e+01 2.661720229163086771e+01 4.713864030463729904e+01 6.216322012747280468e+01 5.470123038454511999e+01 3.644055866318269210e+01 4.395931803317161979e+01 2.908120093697494823e+01 4.952282282666931224e+01 6.618830060055104525e+01 7.753457403387550073e+01 7.049336574702810765e+01 5.099586571638356958e+01 3.737101186632129668e+01 4.447768240375778959e+01 3.427587185386907720e+01 1.335604200401523123e+01 1.115160204072562777e+01 1.459160956207417392e+01 3.125183381253166104e+01 1.238772609281983428e+01 3.206716699592622888e+01 1.570810862509721062e+01 3.456834139395270000e+01 4.495874655543087783e+01 3.689009297464522774e+01 3.628768914272118451e+01
8.023991185656003874e-03 1.729350104044126812e+00 3.457089141333958171e+00 2.346661154789130066e+01 3.429653466985476484e+01 4.015742927223254100e+01 4.845008648894131653e+01 6.001370331154953419e+01 6.864809568017658137e+01 4.896304035986870673e+01 3.462067060818220199e+01 2.234145414609532665e+01 4.311405513196527295e+01 5.710542027496149586e+01 4.647769668479868699e+01 2.584793762125933725e+01 2.317604607622033441e+01 4.395931803317161979e+01 5.771305015824631823e+01 7.359237234439495978e+01 7.723057577901850834e+01 6.912927862253516764e+01 6.493318100767888268e+01 5.670655125692638876e+01 4.746061078547484158e+01 2.939678906275146630e+01 2.821966074492545928e+01 2.208165110221687044e+01 1.072291787410306263e+01 3.170181147877085692e+01 1.767514253772342769e+01 1.285258277327758769e+01 1.317935497939187428e+01 3.290460906809207842e+01 3.312963490447242521e+01 1.638192459929582867e+01 1.628490025861461632e+01
4.598823041778624977e-03 2.000459882304142312e+01 2.346660742369473596e+01 1.534897707546660328e+01 2.837323327592310207e+01 5.198723212474454414e+01 6.048241577899710109e+01 5.270842772045884317e+01 6.056314917821581645e+01 5.125893062200775319e+01 3.319234886769990567e+01 1.836277093433631791e+01 2.836747034414984370e+01 4.239405973874273315e+01 3.401662100125848553e+01 1.756437440564080887e+01 3.868028429103974020e+01 5.220284832602207814e+01 6.756744415165297823e+01 5.344620310504929961e+01 6.559841195833142535e+01 4.873770891779278003e+01 6.559841195833142535e+01 6.780763985483572753e+01 5.492469364628758655e+01 4.456818744448486314e+01 3.478614774056086389e+01 2.192931764262329253e+01 1.042727797410008783e+01 3.449066332096017362e+01 3.014231732926069540e+01 3.258288133266907494e+01 1.541394799276839933e+01 1.362927391896020701e+01 1.393774552860825189e+01 1.423620478374492748e+01 3.401236901228354981e+01
7.340434288523949372e-03 1.414947651571771026e+01 3.414962642674533555e+01 3.668305827927010654e+01 4.452912947618447248e+01 5.457773013389904548e+01 4.963510672440175853e+01 3.104063490442410611e+01 4.991820045891788027e+01 5.485112417472073076e+01 4.765765388722313389e+01 3.437600007690769388e+01 1.289839750294728304e+01 2.952724071603974920e+01 1.248630647994224674e+01 3.401662100125848553e+01 4.698948083916180707e+01 5.975546976152096335e+01 5.934687946032179440e+01 3.830142200949008213e+01 4.603656347136399773e+01 3.617907188244750216e+01 5.735620036586129800e+01 5.974876689824698417e+01 3.821933374127280558e+01 3.915656600450058278e+01 2.296575660108371864e+01 1.770928837733588779e+01 1.013866590985324123e+01 3.749079994183809106e+01 5.081569727871832498e+01 3.989317511012045259e+01 1.970636099326187107e+01 3.325701757922604429e+01 3.364920987393736596e+01 2.032265179765981244e+01 1.465552526326156269e+01
3.515918393995972821e-03 1.415529899054789453e+01 3.431009706902215584e+01 4.015306972841433719e+01 4.024002680159075851e+01 5.173732586062453720e+01 4.090422012363205795e+01 2.177399667745585887e+01 4.042392340668807549e+01 3.619683722738621157e+01 3.555888887088162420e+01 3.293436174404966010e+01 2.621558726371814885e+01 7.511504815057605811e+00 2.952724071603974920e+01 4.239407045964313880e+01 5.370568359906172162e+01 3.949585412858926503e+01 4.674591693092617106e+01 3.818255514996506150e+01 2.452745783531170432e+01 4.603656347136399773e+01 5.111549321314527106e+01 5.509415630957710164e+01 4.200678817311131041e+01 2.107641115440728541e+01 2.163974213939193447e+01 9.740898170014647306e+00 2.526766873933433999e+01 4.004007143845618089e+01 4.775142886247453333e+01 2.766729947919077048e+01 3.989333173301988467e+01 4.792179874593752942e+01 3.567867848206960701e+01 2.159512691838550325e+01 3.454061924075262624e+01
4.608085242692564441e-03 1.999578712678273718e+01 3.076771163748300708e+01 2.474060772324835256e+01 4.015306484702370682e+01 4.857136410508299917e+01 2.760905243160389233e+01 1.581685575678838163e+01 2.658350166802965120e+01 2.956271400059487675e+01 1.806678322134758119e+01 2.361997658022159996e+01 4.035711154230235742e+00 2.516028149653396540e+01 3.285320032222902142e+01 3.674500607830329102e+01 4.201641536497951535e+01 2.429737190080439646e+01 3.128893911407461914e+01 1.690174648545134772e+01 3.813813804716729550e+01 4.157833982481639623e+01 3.338643879619742449e+01 3.211637843822787630e+01 4.303733073286625910e+01 3.116650432452090413e+01 9.357189922023033901e+00 2.271483051551257759e+01 2.062158477720393890e+01 3.893149225488809151e+01 5.379946585169825113e+01 3.373969451793870178e+01 5.379989179941388500e+01 6.374818126202669077e+01 4.742410459399090428e+01 2.729731600116170043e+01 4.742119690556848610e+01
1.610643649003322799e-03 1.701659020691572977e+01 1.470883163794299620e+01 3.077053203979562213e+01 3.782785986879752471e+01 3.104133817625722713e+01 1.488892159680416860e+01 2.324369737783193557e+01 8.190402337908203378e+00 1.721727781385779821e+01 1.625483050494566939e+01 3.593360774795946178e+00 8.307579973226401293e+00 4.492968892552548610e+00 1.301399378414213359e+01 2.144329689738082934e+01 3.067798283808183513e+01 2.882876483289782854e+01 1.045650816544812756e+01 2.716076333511451324e+01 2.734013184156778209e+01 2.146585200467539067e+01 2.603209309830934970e+01 1.600011922496507211e+01 2.738095416040446040e+01 2.844384571612847523e+01 9.093197024393624872e+00 1.890101946387817833e+01 3.463432917275475376e+01 3.341981555393343228e+01 5.224128774812269427e+01 5.379989179941388500e+01 4.447724231295588737e+01 6.450536317058144675e+01 5.414055147283772840e+01 3.400412568226717269e+01 5.414055147283772840e+01
2.022278438842990342e-03 6.255310878103687244e+00 2.322382015242872200e+01 2.430140144094774257e+01 2.295008104296496043e+01 1.711626297868201529e+00 2.002780745247397576e+00 2.290816508361360082e+00 2.576831844421906936e+00 2.865965896895800835e+00 3.161558933063894017e+00 1.196846793986798829e+01 1.775521993126139364e+01 1.888376663953179602e+01 4.960123799330914629e+00 2.159451333563992037e+01 2.567001455413162248e+01 7.761732909729695429e+00 6.781671188551303686e+00 7.081883966254863161e+00 7.372790846418447508e+00 7.654429637067555525e+00 7.928430458955853410e+00 8.196163749097395979e+00 8.458759356964401732e+00 8.722382620657803898e+00 1.011669244905538712e+01 3.078447054094391433e+01 4.261166095028569600e+01 5.224131460597539700e+01 6.056201409028707161e+01 7.281233877180329728e+01 5.604389019972675356e+01 7.281233877180329728e+01 6.240781130306070423e+01 4.408621181123303501e+01 6.240781130306070423e+01
6.642187732006160465e-03 1.184915838225190754e+01 1.753650499105695459e+01 1.003393962713578391e+00 1.297035810409790324e+00 2.965552017678661390e+00 8.839715591940400685e+00 4.887508492499225810e+00 4.644739721373448482e+00 2.166480614366005852e+01 2.395637921160637163e+01 1.209058349243728792e+01 2.444116454838546204e+01 2.362680951118592887e+01 1.591424608106965088e+01 5.431057202679304474e+00 1.671583301846720460e+01 6.345637727767608816e+00 2.049514836795708206e+01 1.138963615818947694e+01 2.505189202546711513e+01 2.633748240198502444e+01 2.289995319474735780e+01 2.195999511245195990e+01 2.753825475487963814e+01 9.111489741586774826e+00 2.707223257020983809e+01 4.304940371759540341e+01 4.874125024097317294e+01 5.720513638302671922e+01 6.632909230293449809e+01 7.812261397463839785e+01 7.606381600203722826e+01 8.437938310859448166e+01 7.242950199143790257e+01 6.419497833596325620e+01 7.242878263213616208e+01
1.591255364720534126e-03 2.948854854294064021e-01 5.882112579826157539e-01 1.231588672749709445e+01 6.333730195478936231e+00 2.037974704594116560e+01 2.253344357404954934e+01 1.139254985273936960e+01 2.445851459137961470e+01 1.071030736215562129e+01 3.238125999203913352e+01 3.110702740267170086e+01 3.395116964196044762e+01 2.838127531825453786e+01 1.531016566242901256e+01 6.226931929300683954e+00 5.894173739104335397e+00 2.576071232239015885e+01 2.050929010587082502e+01 2.903299997469820326e+01 1.814851464942909942e+01 3.060817310675027869e+01 4.225718524174683921e+01 4.091514229813291337e+01 2.984990611953353579e+01 1.041524209897763775e+01 3.051356545083259064e+01 3.815540073008072142e+01 2.756955129774623359e+01 3.747663503022132403e+01 4.923452275392125443e+01 6.962964486686546195e+01 7.092648456438527660e+01 7.947256991638499812e+01 8.564611753782422454e+01 7.398844576299363496e+01 6.497743506384391310e+01
6.189296070378335485e-03 2.000223582688912671e+01 2.100874686256921464e+01 1.151766409604440433e+01 2.041887762211886326e+01 1.397199256320466709e+01 2.954272025999864937e+01 1.925363832601737002e+01 3.431265970606698090e+01 3.241100371184919737e+01 1.877888287442928927e+01 3.952673353764878783e+01 4.562826033380738977e+01 3.133353603926840591e+01 3.354816920899175869e+01 2.163152470374644309e+01 8.754408232656594180e+00 3.135542786898692924e+01 3.600605117118057308e+01 4.016661575884432978e+01 2.343361576131152191e+01 4.110235806992957919e+01 5.261264313704108275e+01 4.443024914190244345e+01 2.456182763612228825e+01 3.051356545086333938e+01 1.265533313683946481e+01 1.461640628707786149e+01 3.815540073008163091e+01 4.468693219012751427e+01 5.012260173036730038e+01 5.629543198357092137e+01 5.023551247185667989e+01 7.092634250334754142e+01 7.730067073302302560e+01 5.709077027749075484e+01 4.549331872712365055e+01
2.247884206357958405e-03 2.000224788420600319e+01 3.705011437673201868e+01 3.416550288084366116e+01 2.743971737031303704e+01 3.226898223746457717e+01 2.217444362983760797e+01 3.622417241374154884e+01 4.612726560222968430e+01 4.473812076444459507e+01 2.455429508605806177e+01 4.473812076444210817e+01 5.685020047859138259e+01 4.995692025753560017e+01 3.733881706604272921e+01 1.525855443040579829e+01 3.163051973523271343e+01 1.529363831491299841e+01 3.891710444786418321e+01 4.892624192386686843e+01 4.143249903525368438e+01 3.220444861949003723e+01 4.966791954820788391e+01 5.277723396151265689e+01 4.456394569583013521e+01 4.124106245683384486e+01 3.278430913824579562e+01 1.497583784125815143e+01 1.959948605636312990e+01 2.445943958041798183e+01 2.978420328146308549e+01 3.582233479832397194e+01 4.755738189883533806e+01 6.823185111247940426e+01 7.760796713210923770e+01 5.741307550176606611e+01 4.321428760892726473e+01
