LEM/sinusoidal_perturbations/elevation_000386.asc
nrows	100
cellsize	150.0
xllcorner	0
ncols	100
yllcorner	0
NODATA_value	-9999
[rows 51 to 67 of 100, columns 0 to 36 of 100]
6.455108993161302530e-03 2.000645510899280666e+01 3.782238690156496119e+01 5.044189037418890109e+01 4.016417242465410453e+01 2.404840746441310273e+01 4.010534283225931063e+01 5.377499143277286464e+01 5.164652518297727113e+01 3.373267863389261123e+01 1.194108798289907369e+01 7.423414847538123418e+00 3.107266839389981072e+01 3.661540828808117709e+01 5.944789371724589699e+01 6.046940546904433234e+01 4.621552579877526767e+01 3.196103567242662891e+01 2.259723603279018889e+01 4.296822572150934860e+01 5.686050056634856276e+01 6.690799572385391514e+01 6.456869692796566085e+01 4.442845079524440166e+01 6.456827746907869425e+01 5.756603601546957094e+01 4.502715801431575215e+01 5.509985309832254785e+01 6.938230371388929996e+01 8.948449197827660839e+01 9.742380106915594240e+01 9.032720112075664076e+01 8.203080220993797411e+01 6.943652631667195863e+01 7.302497953927291974e+01 5.309228018194726673e+01 6.717323692394452905e+01
3.995603441288198172e-03 1.414613122717211269e+01 3.414613122717140214e+01 5.265833655620538423e+01 4.939940701425216929e+01 4.096637776320248037e+01 4.940637026471399906e+01 5.618983119346818000e+01 3.383590250551524292e+01 2.098295884340488016e+01 3.373267863445252601e+01 3.107266839389981072e+01 1.245516521901327778e+01 3.661540828808118420e+01 4.983938208005565684e+01 5.744214888394444785e+01 6.047001592512386736e+01 5.128704407289168898e+01 3.708226626721116048e+01 2.839374372842195626e+01 3.852584256470452573e+01 5.861607089888175892e+01 7.289362021423040972e+01 5.605304984396958190e+01 7.289362021423040972e+01 7.191218425028242223e+01 5.173056259830838854e+01 7.191218425028242223e+01 8.357394968792719681e+01 9.156155081095035086e+01 7.739072282263273905e+01 8.203080220993797411e+01 6.206543365023345871e+01 5.793851023983672377e+01 6.903879116724634457e+01 4.913175898905525685e+01 6.903879116724634457e+01
4.804567899273937473e-03 2.000480456789891903e+01 2.437406531756387196e+01 4.160260846143933833e+01 5.314961383585865207e+01 5.756471492197834294e+01 6.584898615763005125e+01 6.499262417623266685e+01 5.228298802272816204e+01 3.088679763517849253e+01 4.777606501019469931e+01 2.410073685808958643e+01 3.661540828808118420e+01 1.952166895506612221e+01 2.631608471425077411e+01 3.463384847227796115e+01 5.744214888394444785e+01 6.549182187857233828e+01 5.306444034634265705e+01 3.296903442331736045e+01 5.306444034634265705e+01 6.690799572385391514e+01 7.766138916303701478e+01 7.620128717436719512e+01 8.451189516519713152e+01 8.022253524564891336e+01 6.183843409836824634e+01 8.022253524564891336e+01 9.450599952053998720e+01 8.156349661060181688e+01 6.328278311600169559e+01 8.156349633005135047e+01 6.791315471248231006e+01 4.802339307314632322e+01 6.038649082540067070e+01 4.541027433122894763e+01 5.530886401382354478e+01
9.707512844716031236e-03 4.374065317564582500e+00 1.331833722756366178e+01 2.486534261135597390e+01 4.486534261134587354e+01 3.756471492198666340e+01 5.170685054571711703e+01 7.170685054568878058e+01 6.217819749637957472e+01 4.397050698972756777e+01 5.644821182514498048e+01 3.350386801974570972e+01 5.134637419001082748e+01 2.796480085656446590e+01 4.983938208005565684e+01 4.983938208005565684e+01 4.818925519546005631e+01 7.008183672093089456e+01 6.136308419880369769e+01 5.306444034634265705e+01 4.031220575201194123e+01 4.929412535298603615e+01 6.352328033662659124e+01 8.353101124061701910e+01 9.265738555696958656e+01 9.027744105613096792e+01 8.198594321731685852e+01 9.027730500644673839e+01 8.205132707696061800e+01 6.622666082211115679e+01 5.334746053547233657e+01 7.327052935380017118e+01 6.162345982092995200e+01 4.181234735756033416e+01 4.059334481514878235e+01 5.197115523959001138e+01 7.188205291840223765e+01
5.001202446392439237e-04 2.000050012024428270e+01 1.221871072309187412e+01 1.824893761464704056e+01 2.491560428131359117e+01 4.491560428131049321e+01 6.230631103218019717e+01 7.057378549193089157e+01 7.473964582487303687e+01 6.608964432369188557e+01 6.523553117237497645e+01 4.540174562633452382e+01 6.023385366438476751e+01 4.013397666165666777e+01 5.134637419001083458e+01 7.175618587205626397e+01 6.110905501189166245e+01 7.862410810554331420e+01 7.309197736941581525e+01 5.302323744918508908e+01 5.191455101638765512e+01 6.869087000461288994e+01 7.766138916303701478e+01 8.721718067090478144e+01 7.358526479659354891e+01 8.312132621408296984e+01 9.120993137991641220e+01 8.529586624939594230e+01 6.531147937176552887e+01 5.383214535115728694e+01 4.636511387710242360e+01 5.960614561349837714e+01 5.590448426391312609e+01 3.619452483129346376e+01 5.590448426525055226e+01 6.865639718507163991e+01 8.016750578274317718e+01
5.279685921607564676e-03 2.000527968591844186e+01 3.221871072309116357e+01 3.824893761464500130e+01 4.491560428131049321e+01 5.319987552224223037e+01 4.231477022613336203e+01 5.708563565207479940e+01 6.463826761372723695e+01 7.288899827888845095e+01 7.608298868249589475e+01 6.126860312909627737e+01 7.122684142457254097e+01 6.255877171836495165e+01 7.122684142457372047e+01 8.169012714673104369e+01 8.233888447809076183e+01 9.070770730371407353e+01 8.137093029489091123e+01 6.723846216918254015e+01 7.198946546114079581e+01 8.026481805892117904e+01 8.877970845434234093e+01 6.962110004392641827e+01 6.007083998938692559e+01 6.402912337183579439e+01 8.312132622362821621e+01 9.359982234398580658e+01 8.205132707696061800e+01 7.375787902946372299e+01 5.960614561353313690e+01 3.983269701738324642e+01 5.322241135913568399e+01 3.355196912350875493e+01 4.484170821409913543e+01 5.883003440555954455e+01 7.877119376655252836e+01
5.738623160518319517e-06 1.414214130695880023e+01 3.414208532634202697e+01 4.729397160246209353e+01 5.148627934473174861e+01 4.320713578679265510e+01 3.076792318865742715e+01 3.709247408324363704e+01 4.465172696181726053e+01 5.879028631062038812e+01 7.872804812373136940e+01 8.252575247547493120e+01 7.784004968063690910e+01 6.953708289699930845e+01 7.784004968063752017e+01 7.566963085250050369e+01 8.398234212503697904e+01 8.429178311659001110e+01 9.261974612507273719e+01 8.722595845940617210e+01 8.674421663223095891e+01 7.870208842112759839e+01 8.311902615752718759e+01 6.402905265994486683e+01 5.016476648296585239e+01 6.962110004392641827e+01 8.319572890713905622e+01 9.479194070496589575e+01 8.649480509992882560e+01 7.750907266373613425e+01 5.757339250525245689e+01 4.359543645294100145e+01 3.381456528134937400e+01 3.100406585301472617e+01 5.065701510943917185e+01 6.507802083580371288e+01 7.646648747673135915e+01
4.532054705376768917e-03 2.000453205470502027e+01 1.901153985170542171e+01 3.901136061008443789e+01 4.320713578679265510e+01 2.320863482756754692e+01 4.320713578679265510e+01 5.708563565207479940e+01 6.463826761372723695e+01 7.288899827888845095e+01 7.882668758995102110e+01 7.043977129368447265e+01 6.785344554737324074e+01 4.959366766601175414e+01 6.785344554737324074e+01 5.570877515257966905e+01 7.015893236501243280e+01 6.430491390871428337e+01 8.429178311659001110e+01 8.970585590112129637e+01 7.064645767847558488e+01 5.953444185338440775e+01 6.763574263258935559e+01 6.219917988823095811e+01 4.462684545364902533e+01 5.574938596686187253e+01 7.514869364991601230e+01 8.325513992455159951e+01 6.653266552880816675e+01 8.325513992455159951e+01 7.168883662132634527e+01 6.175631841655983578e+01 4.814516190206376223e+01 2.846312822696787137e+01 3.723572167033950109e+01 4.857055525364711457e+01 6.830973412699960079e+01
9.001595176218036079e-03 2.681614014300456095e+00 2.268154523035694581e+01 2.949927528089740747e+01 3.244810251173997528e+01 1.862032016111889376e+01 3.861953874751886673e+01 5.020560493375162281e+01 5.849711738555128449e+01 6.850226667189262741e+01 6.720410171712045155e+01 5.045249604900324414e+01 5.956537080899823877e+01 3.964192713380209909e+01 5.686846334099836753e+01 4.421699170233312515e+01 5.021372289855572291e+01 6.171525373774371559e+01 8.169321187125324002e+01 9.784570010546586616e+01 7.870232512107020284e+01 5.953444198486953809e+01 4.803385274207335698e+01 4.222720960986928418e+01 3.913327986689514404e+01 5.361754130367877735e+01 7.305017025724569635e+01 7.496965844494148712e+01 5.506678304538962010e+01 7.496965844494148712e+01 7.752114005474972203e+01 6.010964054004346480e+01 4.033434876870629893e+01 2.638559239025709502e+01 4.612639762764374751e+01 5.982413557315864949e+01 6.977772212223365500e+01
5.674351268809080251e-03 2.000567435126845339e+01 6.642204186207136374e+00 9.499347043349969155e+00 1.244818616644779219e+01 1.729889866711237545e+01 2.264412350313163458e+01 3.020341291682416696e+01 4.020343104327005790e+01 6.020777882423312377e+01 5.889154447662247094e+01 3.894514257119155332e+01 4.737181879905525506e+01 3.257730956065032757e+01 3.694758278499544701e+01 5.102582965636867129e+01 7.015893236501243280e+01 7.846233001689353159e+01 9.001610358620044394e+01 8.614981199507319332e+01 8.674660799695973878e+01 7.563728774270497013e+01 6.763574263258935559e+01 5.490647403941984805e+01 3.441282846747384383e+01 5.490647403941984805e+01 7.119105716397284311e+01 6.793292936487443967e+01 4.808052768984575209e+01 6.793292936487443967e+01 6.433936685006234768e+01 5.115759364537495202e+01 4.414245062902151062e+01 2.430779996739027027e+01 3.187740658814355754e+01 4.169760640611956148e+01 6.149850265433867236e+01
9.518805923843161668e-03 2.000951880592348786e+01 2.664220158692522133e+01 2.949928954169238793e+01 2.061315187168300156e+01 3.144106930907055641e+01 4.264548696904425640e+01 3.529342031634478616e+01 5.530792159396226282e+01 6.850226667189262741e+01 6.147237022026931896e+01 4.153117986674949691e+01 2.736377215240663219e+01 4.737183572819984079e+01 5.686846334099836753e+01 6.515263305400928573e+01 7.928033135816330912e+01 9.120136971226368416e+01 8.017334549105855501e+01 6.571217183402411877e+01 8.017334549105855501e+01 7.695845541785550381e+01 6.565929365928495542e+01 5.162486896979270057e+01 3.094804583739573545e+01 4.318940009608084551e+01 6.314793374411597426e+01 6.194720504273873019e+01 4.215179533048667793e+01 6.194720504273873019e+01 5.508373029270155286e+01 3.763226253590030979e+01 4.212406562551717570e+01 2.227561987931071741e+01 4.223390084046194204e+01 5.984990200245083258e+01 6.977772212221097448e+01
9.062254805971973678e-03 2.000906225480561673e+01 3.828733448102121883e+01 4.889694251982326278e+01 3.216014742053903319e+01 4.889694251982326278e+01 5.973014141707847102e+01 4.943988457770226574e+01 6.363208792754239340e+01 6.348814751367418552e+01 5.525392779551891209e+01 4.424697301886623535e+01 2.417646087992121195e+01 3.840211128799660401e+01 5.835771747972720647e+01 6.903935096399423799e+01 6.289419774150105980e+01 7.704802960444391147e+01 7.104591626624463174e+01 5.130987995866127704e+01 7.104591626624463174e+01 6.892323008555374031e+01 4.928127458818877926e+01 3.729013876402949279e+01 2.771032460084936488e+01 4.850772438694483668e+01 6.559310182632604835e+01 5.665665925887698506e+01 3.690551145867051019e+01 5.665665925887698506e+01 4.765396017486919078e+01 2.772741020729915107e+01 3.694160390464890042e+01 2.023872231228851248e+01 3.461278384965257970e+01 5.515261343504172942e+01 6.981178516963335312e+01
3.063233560239582431e-03 1.000306323356032578e+01 2.414519885729152904e+01 4.414519885729223603e+01 5.215983514517120767e+01 6.044362312423217531e+01 7.041353817274617199e+01 6.952776673341080027e+01 6.924296221430169851e+01 4.945948001613367495e+01 3.550793653638010028e+01 4.125492471412413664e+01 2.112276540453373030e+01 4.125492050821026879e+01 4.908223561181844730e+01 4.908224535095542507e+01 4.880232596604020046e+01 6.874639330348584565e+01 6.258027606355147299e+01 4.216681627439287183e+01 6.258027606355147299e+01 7.021341608480383911e+01 6.212064721425782921e+01 4.559550893920838632e+01 2.472795173218992559e+01 3.703574854105263370e+01 5.744383729279058315e+01 5.186630228196892745e+01 3.211369288319625781e+01 5.186630228196892745e+01 5.504257948943487833e+01 3.740552749747094907e+01 1.738313500167854642e+01 3.768318780482728414e+01 4.463772539205976386e+01 5.250720073074045757e+01 5.814954985164256129e+01
5.666595628964066558e-03 2.000566659562860750e+01 3.299333199361640823e+01 4.127760324116947999e+01 5.127760324141804205e+01 6.491623504157760749e+01 5.107098457250458523e+01 6.491623504157760749e+01 5.903805024094859277e+01 4.905063744245036617e+01 4.063290775070291261e+01 2.286497716774814393e+01 1.816216834538272096e+01 2.344741012366615251e+01 2.908435306586721936e+01 3.619112834347936314e+01 5.613265988644072735e+01 5.658526396549171267e+01 4.813119234688986836e+01 3.574626165540063738e+01 5.612497327775133726e+01 6.212064721425783631e+01 4.207177041538104589e+01 4.280612873515698880e+01 2.190274836844531947e+01 3.661650711974296257e+01 5.593270679926894218e+01 4.744948454710318231e+01 2.762014855227060650e+01 4.744948454710318231e+01 5.183444349671063378e+01 3.584170087078393863e+01 1.549185223470909456e+01 3.467282976971318931e+01 2.639565881295322569e+01 4.251818407502688046e+01 4.972615437290769336e+01
2.110006612196471242e-03 6.326665326948981871e+00 1.299333199361570657e+01 2.299333199361588242e+01 4.299333199361658586e+01 5.645252095341900400e+01 3.810383244532553704e+01 5.645252095341900400e+01 5.045016044031941504e+01 3.082019618299870700e+01 2.155861118167482715e+01 1.452488462466831898e+01 3.478034571711955181e+01 4.353580597906628924e+01 4.908222961196616296e+01 5.613253497537247938e+01 4.984593779782024825e+01 4.142272693942945949e+01 2.800720364354656766e+01 4.813119234665784063e+01 6.451834545935493281e+01 6.213954385142027093e+01 4.207225031455983810e+01 2.720805351136737471e+01 1.919524043756350196e+01 4.006900333304274398e+01 5.582097610386960440e+01 4.303130337377106684e+01 2.333254869891606020e+01 3.777770679690657829e+01 4.073307311855327129e+01 2.630669659938475746e+01 1.366165034538441958e+01 1.426127085431590480e+01 1.486304626598843903e+01 3.527333345007479437e+01 3.637034697861914623e+01
9.367352646185668139e-03 2.000936735264583177e+01 3.299333199361640823e+01 4.127760324116947999e+01 5.127760324103248735e+01 4.841524914372769928e+01 3.027379111908876297e+01 4.840920078505673274e+01 5.902628842506391749e+01 4.905063744244966273e+01 3.247936264328144063e+01 1.219886637807556973e+01 3.247926602019414588e+01 3.725325185037046083e+01 4.554803798159299788e+01 5.558704487002408001e+01 4.142272457240660799e+01 2.186198886335979097e+01 4.142272693942945949e+01 5.656272237541809744e+01 5.126951030382016938e+01 5.146758010795426230e+01 5.137206910374564472e+01 3.759856709450247081e+01 1.669795352068007332e+01 2.822776270621554673e+01 4.777526403753128648e+01 5.154284690189322760e+01 3.777770679690657829e+01 1.753529500443731237e+01 3.246567078864320166e+01 1.285692148698256609e+01 3.326870654767901669e+01 3.467275330007169032e+01 3.412628403615570249e+01 1.572674462229080383e+01 1.635079602024542211e+01
3.648181865326004768e-03 9.946071763443899982e+00 2.404924185172535545e+01 4.439143219790346961e+01 4.313745151047831428e+01 3.533337872567977911e+01 2.468617232533085115e+01 4.266703524135708392e+01 4.481906268191745113e+01 4.447495410023835660e+01 2.436319998496325567e+01 9.893593435453343687e+00 2.714783847230337344e+01 1.704317748848654901e+01 2.721784563134468726e+01 4.729080420993224010e+01 3.734380336850728810e+01 1.825088995224517419e+01 3.204811559250262576e+01 4.019064307108153145e+01 3.163793027577345640e+01 3.516115781506018578e+01 3.153354907489767101e+01 3.182614968070395278e+01 1.432417509065650130e+01 3.182669223360741384e+01 5.403073953312436117e+01 4.898228289910546351e+01 3.968964445600462199e+01 3.166852500640784029e+01 1.205682647656418283e+01 2.650449455755397921e+01 4.079089743008650970e+01 4.244406887963440766e+01 2.242883354803800700e+01 3.612492334576306519e+01 3.595018729761716259e+01
