LEM/sinusoidal_perturbations/elevation_000991.asc
nrows	100
cellsize	150.0
xllcorner	0
ncols	100
yllcorner	0
NODATA_value	-9999
[rows 0 to 16 of 100, columns 0 to 36 of 100]
8.271705653423140972e-03 1.415040732938449786e+01 3.415040732938520307e+01 5.316270897686614916e+01 4.714558550619616994e+01 3.745960597954758242e+01 3.131119200237611366e+01 3.408357579295459772e+01 3.691036898546544620e+01 2.109041081422792629e+01 2.406962279524806902e+01 2.715186409582624094e+01 3.047990649603272217e+01 3.390457518983070173e+01 3.768037227490131613e+01 4.215177266966604464e+01 4.674229911315251229e+01 5.159654989459762220e+01 7.160247128236348146e+01 8.519343791443981218e+01 9.226477535584427869e+01 1.005539177924840430e+02 1.121052448894983655e+02 1.048324082543442302e+02 9.534655289922739030e+01 8.748821342452306737e+01 9.534655289922739030e+01 9.895975774486957732e+01 9.110959753811674489e+01 9.110959755928922732e+01 9.895976110530349956e+01 1.069698079229980863e+02 1.114775367626402982e+02 1.001047639183925497e+02 9.198179223692939388e+01 8.479325805354301338e+01 8.999977105995675686e+01
7.813061968023241044e-03 2.000781306196766707e+01 3.316747804972193592e+01 3.316716471815968248e+01 3.612353811689040839e+01 1.967193022570064898e+01 1.131358471304221069e+01 1.409079221877461841e+01 1.692104957785502606e+01 3.691036898537256405e+01 3.819815639787307049e+01 3.608641628162019543e+01 5.047529569313608988e+01 4.284600033291805943e+01 5.768615419812955736e+01 4.923035755297234317e+01 6.675032263423602785e+01 7.160247128236348146e+01 5.916000407876929756e+01 6.519216802122198828e+01 7.226401272843162360e+01 8.381038728817090089e+01 1.038136842292885547e+02 9.494593392806635279e+01 7.771815160709630277e+01 6.794808978940469046e+01 8.565973336970495211e+01 8.786173741544769200e+01 7.177527078275163319e+01 7.177527078275166161e+01 7.994691879070397533e+01 9.749306992835043673e+01 1.034041498910789159e+02 8.362004609151745171e+01 7.164954716541109292e+01 6.390446453755313172e+01 6.942541673695062343e+01
2.526786264046545528e-03 2.000252678625323099e+01 1.316765831114259200e+01 2.478456297411074516e+01 2.642305173567905641e+01 8.839514699750832705e+00 2.883954442701518062e+01 1.456198156797539944e+01 3.455450264900045454e+01 4.519301529004099649e+01 5.813954105364140190e+01 5.605633397558641917e+01 5.241546880960436994e+01 6.285267070016952573e+01 5.918171365876162326e+01 6.923698722464961008e+01 6.337798715860334653e+01 8.338186464604324044e+01 7.330435469799405723e+01 8.519343791145522005e+01 9.226477535558291265e+01 1.005539177924840430e+02 9.986367928464426313e+01 8.705552055103996167e+01 6.730281381780089589e+01 5.734620590355427083e+01 7.771815160696236546e+01 7.898804862850720099e+01 5.980066754565284270e+01 5.980066754565284270e+01 7.025155425446926927e+01 8.964228332689245349e+01 1.060851832444218417e+02 1.001047639166341554e+02 9.198179223692939388e+01 7.545150559962435466e+01 5.384763388737565037e+01
4.163169627051843593e-04 1.581555147046893373e+00 3.167658318483178803e+00 4.784562485392071629e+00 6.423026326430146149e+00 2.642305170001576897e+01 3.712392360294032301e+01 3.455450264900045454e+01 1.787386813139690744e+01 3.786327417034645038e+01 4.955245417427900634e+01 6.392625159392866863e+01 7.240632241864956598e+01 8.066019598868669505e+01 7.918659191041145107e+01 8.747492614202674588e+01 8.338186464604324044e+01 9.167016573397040702e+01 9.330643416318757488e+01 9.014797562394095110e+01 8.210468054130988946e+01 9.014797736726389132e+01 9.178544667016666381e+01 7.235621824769832244e+01 7.092750303908049148e+01 4.998734539455623604e+01 7.092750303917365784e+01 7.093724133516981567e+01 5.001846350393407903e+01 7.093724133516981567e+01 8.434047470103486432e+01 9.749306920734979087e+01 8.635789929306480417e+01 8.957044686781853216e+01 9.770257451029479512e+01 8.379300237732358880e+01 6.756288702214004616e+01
5.883922493566802643e-03 2.000588392249321146e+01 2.316765831566912937e+01 1.893028690852456108e+01 2.056053026694150532e+01 1.711349511818751523e+01 3.711392605688322988e+01 4.614806908693618936e+01 3.786327417034645038e+01 2.127801060255324117e+01 3.541152210679283741e+01 5.363392325166287122e+01 6.777962811427946122e+01 7.602041173379400618e+01 7.342399362414026598e+01 8.171315944659329489e+01 9.326628716892777504e+01 9.315930256708239199e+01 8.511736525216564075e+01 8.030564450920046227e+01 6.230965957078235107e+01 8.030564447444236009e+01 8.386845950675153460e+01 6.392867273304751308e+01 5.161435245895675905e+01 4.432850476941769813e+01 6.552077758419791564e+01 6.015683747931332448e+01 4.499106288573104706e+01 5.590937169537287588e+01 7.636691743924907883e+01 9.213588698804259991e+01 7.190357701341476115e+01 6.923450162240898464e+01 8.608053243425570145e+01 8.824146314641541267e+01 7.606114142157626645e+01
1.256007409845548732e-03 1.414339163114066977e+01 3.414339163113026387e+01 3.899196924273551446e+01 4.046289223881533559e+01 3.125584392173810855e+01 3.344405060838607824e+01 5.344299922475570952e+01 4.611501436516159913e+01 2.612383469708506922e+01 2.535666855814769960e+01 3.948821838897175240e+01 5.794705284437237225e+01 5.601128270906207973e+01 5.341504355376144275e+01 6.496701966314962817e+01 8.497643489420309493e+01 8.511736524937967374e+01 6.538818866664018969e+01 7.116673070122230627e+01 5.177055466701177977e+01 7.220717005225401408e+01 8.343813595330398414e+01 7.624080899512097176e+01 6.038089645112269466e+01 3.912883252355245389e+01 5.447894945250580889e+01 3.891207750620984029e+01 6.015619015630925048e+01 7.427841153092445836e+01 8.434047466343616861e+01 9.008763506030763324e+01 7.782948340617144822e+01 5.665580767790012828e+01 7.782948340617144822e+01 8.003287369089851211e+01 5.896440855918072543e+01
9.594114293757748102e-03 2.000959411429340307e+01 3.181144092457840955e+01 3.888250873644340544e+01 4.716677998388720283e+01 5.125006466810540928e+01 5.344299922487214616e+01 5.367428643187100334e+01 3.367433240058127097e+01 4.611501436516159913e+01 4.534693771723488709e+01 2.966396248947294012e+01 4.965922745279403472e+01 4.186396599222761949e+01 5.081115075540125048e+01 6.495945771383175327e+01 8.496891151309283430e+01 8.259466798759420669e+01 6.280090001504198227e+01 5.065342192833843882e+01 4.412931397327930227e+01 5.838762074805552515e+01 6.655192946530063125e+01 5.798749499887773595e+01 6.822327056479541341e+01 5.437240699558036283e+01 3.331147767522135439e+01 5.447894945250581600e+01 6.467183582204494030e+01 7.248840076801155874e+01 8.097518349443161867e+01 8.188069917591587910e+01 6.101006075954752816e+01 4.987214024070812002e+01 6.381808791619834409e+01 7.232340514869689230e+01 6.283054394544499388e+01
7.711341127313004785e-03 5.781214033023545085e+00 1.181144092457876482e+01 1.888250873644411598e+01 3.042951412023642632e+01 5.042951412023571578e+01 7.001065118600888582e+01 5.000277223619622902e+01 4.033693485380762667e+01 6.034296218320768190e+01 5.794705284440041027e+01 4.379952433290745262e+01 3.430771487435669798e+01 5.430956257365259887e+01 6.908954614331237565e+01 7.082009102739650075e+01 9.083060842899314480e+01 9.063833095633502523e+01 7.927374606747289931e+01 7.116673070124450362e+01 5.838762074804429858e+01 3.738009793756241805e+01 5.243954960539213062e+01 4.624582033777080881e+01 5.662057398345073267e+01 4.818083800831018948e+01 3.061201661651933037e+01 3.688815412047308939e+01 4.363378067308562436e+01 5.317434412752955808e+01 7.305713297136925632e+01 9.008763506030756218e+01 7.609441004009674714e+01 5.483119639142286417e+01 4.205497733143868544e+01 5.740049672286586002e+01 5.338395424149449298e+01
2.297228869525369630e-04 2.000022972288659773e+01 3.181144092457840955e+01 3.888250873644340544e+01 4.716677998388720283e+01 5.871378536763275946e+01 7.829969886130196244e+01 6.790548158548260460e+01 4.789693586778407308e+01 6.790548158548260460e+01 7.209458135589328265e+01 6.259793481495707823e+01 5.430956257365259887e+01 4.079325205905360718e+01 6.080090105496657316e+01 7.909438145688713462e+01 9.064725059641730809e+01 8.618436704108040658e+01 7.798784899534275894e+01 7.798783221946344213e+01 6.667771369280562510e+01 5.243954940590661096e+01 3.147667809109194437e+01 4.650866358196792305e+01 4.482109029997774741e+01 2.720842291146965053e+01 4.205240316796140831e+01 5.164353122391291606e+01 6.467190286228033358e+01 7.248888081046753484e+01 7.305681538962782895e+01 9.217172727654252640e+01 8.439124408736469718e+01 7.232340514946632481e+01 5.740049672295588579e+01 3.575998709992168045e+01 3.189253275653688746e+01
9.647730019007896146e-03 1.000964773001909514e+01 2.415178335375029661e+01 4.415178335375100005e+01 5.198110766685572059e+01 6.025994630303366506e+01 6.870739766352643585e+01 7.619436865168582074e+01 6.790548116472081119e+01 6.790548158422565450e+01 8.564507230992728637e+01 6.563546817292444757e+01 5.148717516616499523e+01 6.080090105496657316e+01 5.079641306893790897e+01 6.234858062240428467e+01 8.235760365393281290e+01 7.798784888015626393e+01 5.714443617087288629e+01 5.714443615907669738e+01 6.756614783523392020e+01 6.080365845263783342e+01 4.758332012885824014e+01 2.643065492082071799e+01 2.396021840084658194e+01 4.482122554819944327e+01 5.662160517307785312e+01 7.119080241705508172e+01 8.024888315397049610e+01 8.192858776109952146e+01 8.193068012914838505e+01 9.036907508560736346e+01 8.903137160572802600e+01 6.869741478569238780e+01 5.348695128644668983e+01 5.512293584899188659e+01 4.636415512352888157e+01
3.582433992925927561e-03 2.000358243399256963e+01 3.829391897748200080e+01 4.729024758914327009e+01 3.204285804025361273e+01 4.046975387776704025e+01 5.538620491880484309e+01 6.431642643137666937e+01 7.585668391728745519e+01 8.791575086765000435e+01 8.783425719761754635e+01 6.782423850172830271e+01 7.149614553579415599e+01 7.909438226471739597e+01 7.080538896208253163e+01 7.909436736313274707e+01 7.491475378735970025e+01 6.677325282929459149e+01 6.324929208144941128e+01 4.312241307682117508e+01 4.722936857596183557e+01 6.157298590204948852e+01 5.606736874977623586e+01 4.251908486293837797e+01 2.171501055013261094e+01 4.251908560075224841e+01 5.660739582228136868e+01 6.700846891149996054e+01 7.547986716723755762e+01 6.059659759776364041e+01 6.059660724913834429e+01 8.193073726374815635e+01 8.297824476393289217e+01 7.447346059334059021e+01 6.198898434307415783e+01 4.007426260177504673e+01 2.515339911336437240e+01
1.813270376062421294e-03 2.000181327037570611e+01 3.104870962320791605e+01 2.738630479687306618e+01 2.060462574638413003e+01 2.719032374043730016e+01 3.607661727344272151e+01 4.758898439048635254e+01 6.757302521686567331e+01 7.978301762221617821e+01 8.798775839950941702e+01 8.783425719761754635e+01 8.135922380504533180e+01 7.366498860597499743e+01 7.501629820245535996e+01 7.650040282821494486e+01 6.311665321697061870e+01 4.601369820383312970e+01 5.859943303958125682e+01 5.318587044939098973e+01 3.423583335041706022e+01 5.318582962876402576e+01 4.567858854735663243e+01 3.805375673048366281e+01 1.988073525465559044e+01 2.708669597067642343e+01 3.758994311538090471e+01 5.871607582764847422e+01 6.684510059355721978e+01 4.500752854147128090e+01 5.956598136188416959e+01 8.091288294470696485e+01 7.447346059334059021e+01 5.296665461913958239e+01 5.926585224731972090e+01 4.546009391546789402e+01 2.389086138711459739e+01
2.372884694381488524e-03 2.909675897891946583e+00 2.278314240212620234e+01 1.343930794040961629e+01 3.321603466837992613e+01 4.710946899188098769e+01 5.538620491880484309e+01 6.093644481561211279e+01 6.913452421820738891e+01 5.965571363320527354e+01 7.642123286561444218e+01 8.644460106399640154e+01 6.891960995825955649e+01 5.560426301919071790e+01 5.675058610435805662e+01 6.755154248738590184e+01 4.655264667266980894e+01 3.468948035347859360e+01 3.859829430500305847e+01 4.809809162243276859e+01 2.966824147007375245e+01 4.160879469048401091e+01 3.805341732286993306e+01 1.737743069668639251e+01 3.805375672932406417e+01 4.809577228849405373e+01 5.660739503883896617e+01 6.700843068822776161e+01 5.956601869975209240e+01 3.771470370992059884e+01 5.338664004632245508e+01 7.578833521140789742e+01 7.221426265627586361e+01 5.017389855033079016e+01 3.786856542561183403e+01 4.913015834771707802e+01 4.321850758208292831e+01
8.175220331382775790e-03 2.000817522033102591e+01 7.104187950490872261e+00 2.679961722473914065e+01 3.611060500010083274e+01 4.048271411477872306e+01 4.520571137266389883e+01 4.167030970813311086e+01 5.814055272596031898e+01 4.593257014419882722e+01 5.760196837877537490e+01 7.077768599989835252e+01 7.654997413076281987e+01 6.210051381789102010e+01 4.366766571237076988e+01 6.210051381789064351e+01 5.854291507982991760e+01 4.445662654300540595e+01 2.563209396468502632e+01 4.419569552105429011e+01 4.103794063217875276e+01 2.341819075988708931e+01 3.624283851811609480e+01 1.562809862936925853e+01 3.377637333689969523e+01 4.242013601760281460e+01 5.576774853777595808e+01 5.540054239038802564e+01 4.660744945961621966e+01 3.215273332043432930e+01 4.809678406899612213e+01 7.025984752160756841e+01 8.049985065560454700e+01 6.420766538401979062e+01 4.287658487790866957e+01 2.889009013692203354e+01 4.104905698720450147e+01
9.124702163186202558e-03 2.000912470216283268e+01 2.679961722481839814e+01 1.283876163710540119e+01 1.732263260664382898e+01 2.190081864243514076e+01 2.691211510136612617e+01 3.433764210562528518e+01 4.329396502890634224e+01 5.112765350169662071e+01 2.695827946545889375e+01 5.325148614340628939e+01 5.938777719817412049e+01 5.633561665434843491e+01 3.762559957838983138e+01 5.633561665441092003e+01 5.021146690999382400e+01 3.099079676682516649e+01 2.051737870249058560e+01 3.276948505686315372e+01 3.096952413866522846e+01 1.907700424341203771e+01 3.704545830669258066e+01 3.368538107020592776e+01 1.312177740929521796e+01 2.530297708582306271e+01 4.027829582898473149e+01 4.011837585452361310e+01 2.517895916969354531e+01 4.660745167389143973e+01 5.642491753290939016e+01 6.569774074757044957e+01 6.870097300870288848e+01 6.214731778258819617e+01 5.018683192317283215e+01 2.444527198888144071e+01 2.732078435929457072e+01
2.239863785106879172e-03 8.946511773784186161e+00 2.894651177378382911e+01 3.215692181013253048e+01 2.627093001958968443e+01 4.048271411477872306e+01 3.945043053775880537e+01 5.145024293478209643e+01 5.788871866774495345e+01 4.129901553430173777e+01 1.608919400343896555e+01 3.830143495333442161e+01 5.916600747303375130e+01 4.400957467594204786e+01 3.239308547067688693e+01 4.484392236056169168e+01 5.233295052257309976e+01 4.668296070222069005e+01 3.278705011756451881e+01 1.412223460098426386e+01 1.300242266556547222e+01 2.724186735088056466e+01 2.895947565931644974e+01 2.933065182384723002e+01 3.007909861355655323e+01 1.077476332862668151e+01 3.146283404963563157e+01 1.928051454217600735e+01 4.011837482130825805e+01 5.461144185028460640e+01 3.692598820836462892e+01 5.467840428995118884e+01 4.583757578237101882e+01 5.347148160797772931e+01 3.282861844168579069e+01 3.813993508849836189e+01 1.845798502359305715e+01
1.766589122093755728e-03 2.000176658912173977e+01 2.527644339233841819e+01 4.527644339233770410e+01 4.036008811606831159e+01 5.446760736763658883e+01 5.802624132225174236e+01 5.220240200592503044e+01 4.152886540245945213e+01 3.075544147020243813e+01 1.000582099496122446e+01 2.862088614239318218e+01 4.703568257754388071e+01 4.680281363881540102e+01 3.891857519152928546e+01 2.562961479296057732e+01 4.305350048675885688e+01 3.626455518668799272e+01 2.990619814039536806e+01 1.069056838604533510e+01 8.737609539374718182e+00 9.069428900830201812e+00 9.400857786370650615e+00 9.728603165643701089e+00 1.004991875756299002e+01 1.036839443938323058e+01 1.405843496310661678e+01 3.429209595370803498e+01 4.819978618756675104e+01 4.563434394365577873e+01 2.481154894624131302e+01 3.513865513555157349e+01 2.947624444968332114e+01 4.941696882998380858e+01 3.779502312834549116e+01 1.716024819100529442e+01 3.811764194228388902e+01
