LEM/sinusoidal_perturbations/elevation_000193.asc
nrows	100
cellsize	150.0
xllcorner	0
ncols	100
yllcorner	0
NODATA_value	-9999
[rows 17 to 33 of 100, columns 0 to 36 of 100]
5.222468517465790779e-03 1.417657322390228636e+01 3.445693333104480871e+01 4.995683314449799894e+01 4.984667462416807382e+01 5.108547134904796394e+01 4.244975087582502482e+01 2.650051238162613743e+01 3.789189958108207890e+01 2.305036341492881746e+01 3.966705153885016699e+01 3.822080577548847913e+01 1.768085082439609579e+01 2.700228020880952329e+01 1.017166190231969836e+01 3.223510433332785396e+01 3.718181245440813143e+01 3.902085451369839575e+01 2.249899321441532507e+01 3.651450780582078437e+01 2.376980046253303058e+01 3.314792984402532028e+01 3.466059126708616844e+01 3.066121149092643705e+01 1.349940291395080649e+01 3.311893276733388802e+01 4.431768865099540022e+01 5.565752690135582981e+01 5.428159089593948750e+01 4.072903544310143076e+01 2.390797013549250138e+01 3.080807085993001948e+01 2.932532366135787427e+01 1.152733807335599359e+01 3.158774228265262707e+01 3.969275961969327682e+01 5.106533575891214127e+01
7.333276091007126865e-03 2.000733327609065171e+01 2.945626662796874129e+01 2.905038126675086119e+01 4.083754623101967240e+01 4.915222688402570839e+01 5.659498449400769005e+01 4.961549738861126713e+01 4.791874133853156792e+01 3.189368174390861910e+01 4.791874133853156792e+01 4.692946452427841564e+01 3.050014341923672845e+01 3.682511727601510643e+01 1.472292309498942586e+01 3.681660830647504667e+01 5.183029426040145182e+01 4.799254567705216346e+01 2.925665988490762004e+01 4.799252600730024909e+01 3.825951635458218902e+01 5.237735844247523431e+01 4.862080001156972742e+01 3.609635503211332974e+01 1.657250241386783074e+01 1.664626707032272179e+01 2.788463623563671945e+01 4.749071395208438418e+01 6.518376683500574131e+01 5.233317136858705965e+01 4.404385298359504475e+01 3.881434401092392505e+01 1.856046231223360010e+01 1.551629358002251635e+01 1.196707895925679921e+01 2.534691226388870788e+01 3.997290023066720011e+01
6.343274376862209282e-03 4.717684786116024931e+00 9.554072618353409041e+00 1.485497975916755742e+01 2.107319410616858235e+01 3.069608467401004503e+01 4.431623006348740290e+01 6.415229685016576866e+01 5.668313745677845361e+01 4.909525335961351544e+01 5.668313745677845361e+01 5.835649040496131335e+01 5.041380988785769546e+01 3.495534630125060005e+01 3.205227575539219487e+01 2.184655243231277311e+01 4.343131543979035314e+01 5.634215991400038348e+01 4.234179428260667066e+01 5.634215991410716384e+01 5.821702630470315398e+01 5.323634213512911373e+01 4.044013131470878619e+01 2.101417707211490793e+01 3.609635503211332974e+01 1.894680442520031605e+01 2.756335782213184160e+01 3.720763472420681950e+01 5.704593090100427588e+01 6.111343240841260638e+01 4.117419509725105087e+01 2.692883546069521117e+01 3.881434401092392505e+01 3.809115038013816701e+01 2.672553964829300099e+01 1.241062754112427413e+01 3.246370368266597950e+01
3.497053469895897767e-03 2.000349705346954110e+01 2.945626662787597994e+01 3.470600390469285657e+01 4.083754623101967240e+01 4.083754623101967240e+01 5.842588858886156089e+01 6.913253015368901799e+01 7.072916808073209438e+01 6.261312062073996998e+01 7.072916808073209438e+01 7.312272201461961174e+01 6.528229506156588968e+01 5.656384970872001361e+01 4.797215433002981655e+01 2.744944871449519752e+01 3.960519831654190881e+01 6.034944117811894415e+01 6.195447850257612998e+01 6.820373511181706760e+01 5.824897344741803096e+01 4.503419127615909900e+01 2.554324032732312943e+01 4.044013131509724701e+01 4.068143438336723250e+01 2.130325989629569250e+01 4.068143971417723037e+01 5.236646359635538062e+01 6.520444012281207335e+01 6.696989044844795558e+01 4.701413894919106440e+01 3.461338744041920279e+01 5.454914676062662693e+01 4.488809168634610103e+01 2.477742558090131197e+01 1.330105852226583529e+01 1.285736113153214077e+01
9.635555453094322986e-03 2.000963546863081177e+01 3.384011213783247030e+01 4.604712431862517974e+01 5.433139695540246095e+01 6.087271933055816220e+01 6.345400485417646763e+01 4.944122164841073186e+01 6.105231120239906772e+01 4.335888360376830519e+01 5.684931528732670358e+01 5.322249597065233928e+01 7.312272201461961174e+01 6.642893157397979564e+01 4.527002839936064760e+01 3.406468821238174627e+01 5.518249744157225223e+01 6.854194913917707765e+01 7.408328723813922068e+01 5.420499996540555543e+01 4.004741719984737358e+01 3.034000986120919308e+01 4.503419420921870397e+01 5.323626557529311043e+01 3.708025318844140372e+01 4.052561989673090181e+01 2.469854707636812563e+01 4.416261319642401162e+01 6.230291301161213369e+01 7.225690344013196409e+01 6.282917531623780150e+01 4.612652581185303546e+01 6.282917531099717223e+01 5.335725935481828941e+01 4.158671803985751581e+01 3.309532950354025616e+01 1.397503724072628728e+01
8.845047570523793118e-03 5.555847009822838523e+00 2.555584701332983499e+01 2.604712430361479747e+01 4.018925992738091679e+01 6.018925997850948306e+01 5.358293866666146243e+01 3.553441300039715856e+01 4.225982034958799005e+01 3.338842382480203952e+01 3.682278679371469110e+01 5.687425549003145164e+01 7.607979987246045539e+01 7.502595169080925075e+01 6.343481882033466235e+01 4.493327052798894528e+01 4.923993187136908745e+01 6.952903766327347057e+01 7.144696647820768476e+01 5.619371136568714320e+01 3.624450814195286341e+01 4.159576868366282554e+01 5.824897344741803096e+01 6.526705938031044241e+01 5.692445693392147632e+01 4.658820777975009264e+01 2.710588044039158717e+01 3.424956535863155693e+01 4.410276692035236579e+01 6.412853512787944510e+01 7.435229894478075607e+01 6.605466094313273118e+01 6.267330821375813343e+01 5.115066891609794197e+01 3.642890693619574449e+01 1.563145463964653636e+01 3.283828555704717900e+01
8.023991185656003874e-03 2.000802399118530062e+01 1.450011891982207679e+01 3.450011892616630149e+01 5.433139695540246095e+01 5.437155990086941415e+01 4.537154269000969009e+01 2.556658772310513328e+01 2.217581016870238741e+01 2.519230157208021126e+01 4.537938108752651090e+01 5.901209202541131305e+01 5.604672381475206322e+01 7.607979987246045539e+01 7.356076510582796857e+01 5.963722367719877582e+01 6.376238953171367285e+01 7.477202121472016927e+01 5.488440744936377058e+01 4.321892832342567203e+01 4.774078960713988096e+01 6.156870140499374600e+01 6.973853602601008106e+01 6.801492572653617685e+01 5.983865870395821673e+01 4.933468432250905522e+01 2.968088755918144628e+01 4.933517235176505267e+01 6.230291301096801249e+01 7.225690343866138221e+01 8.701807145770639806e+01 7.181787788707681841e+01 5.433454871962057098e+01 3.444872144468298814e+01 2.284250440119649994e+01 1.696484268153190200e+01 3.718128340699196599e+01
4.598823041778624977e-03 2.000459882304142312e+01 3.450011892616630149e+01 4.278439099829626002e+01 5.419940800711996332e+01 3.428303127398978489e+01 3.428303146048519068e+01 1.800482904820181673e+01 3.807614255551750659e+01 4.537938108752651090e+01 3.046207612654866281e+01 3.951735719211951192e+01 5.972303573772249763e+01 6.736027561319311019e+01 7.563838111549522125e+01 7.942846319983280523e+01 8.345095779191844088e+01 8.287132474382785574e+01 6.328993496582180001e+01 4.994501116120022743e+01 6.774083247107175509e+01 7.587779534681978078e+01 7.392855097850599577e+01 5.400279864433353794e+01 3.971918924471300727e+01 3.410872183245316336e+01 4.933483031992619772e+01 3.749882041571231639e+01 4.748265828414960765e+01 5.916230247748975302e+01 7.893556641557680109e+01 6.343477593132932668e+01 4.352808790138671213e+01 3.359831909341471601e+01 4.285342310900925611e+01 3.731498381260885111e+01 1.905705588194810218e+01
7.340434288523949372e-03 1.414947605801959973e+01 3.414947605802030495e+01 3.907213654621916987e+01 4.588398590693373080e+01 2.579054276154864667e+01 1.422510854765051924e+01 3.428303146048519068e+01 4.639527901763985795e+01 5.901418402711969691e+01 4.478597335462954732e+01 3.702006244072905616e+01 4.195044202510387521e+01 4.721702047488155785e+01 5.890774885834164820e+01 7.306423664818963459e+01 9.300843889016952915e+01 9.113965494650577170e+01 7.808024007182737591e+01 6.163174841700035955e+01 6.420324186039846381e+01 8.386661887604635979e+01 7.138268528956544401e+01 5.138829103216013294e+01 5.983891638276893588e+01 5.403092060197239732e+01 3.997668901462570545e+01 5.750104936271858236e+01 4.904743389889380722e+01 6.328322945181442094e+01 8.296857764142930591e+01 7.181787788711292819e+01 6.181592671847926113e+01 5.348143177236720902e+01 5.088440083322068119e+01 2.552097152589520235e+01 2.053603791279702051e+01
3.515918393995972821e-03 2.000351591839364218e+01 2.326691956441699105e+01 1.906309730208426600e+01 2.662039427564018723e+01 2.836137651683912608e+01 1.172510573913768539e+01 2.328655281448792636e+01 3.748737028238186753e+01 5.757984825042611732e+01 6.494996645251802647e+01 5.725800204241421199e+01 6.215934902830475295e+01 6.736027561319311019e+01 5.735622591366418277e+01 6.634259410572373383e+01 7.785246324239447802e+01 9.779481576220129568e+01 8.942802072134355740e+01 8.134254585269376037e+01 8.386661887604635979e+01 9.195723828325643012e+01 7.948560689361457321e+01 6.306974107047264511e+01 7.597468377211443169e+01 5.609701873873000011e+01 4.433091412533312337e+01 6.449830851422848355e+01 6.328322945181442094e+01 7.716956989030352076e+01 7.938030796759937857e+01 7.101244257821942085e+01 6.795056347538324815e+01 5.468666497018283223e+01 4.801839233332429302e+01 4.245289041817814280e+01 2.275560978792529454e+01
4.608085242692564441e-03 1.632185002785013328e+00 3.265178164640468950e+00 4.920389941845211723e+00 6.598752658438615804e+00 8.320078590087623738e+00 2.836037306982931838e+01 4.007730653828280509e+01 4.989544304449919565e+01 5.820504016471076625e+01 6.288650392956206048e+01 5.557445824955848934e+01 6.077085259045713883e+01 6.908330434108293616e+01 7.736432531272203050e+01 8.563722381171092479e+01 9.456051338798330619e+01 1.060873629078065363e+02 9.879747603456210925e+01 9.454873607209066222e+01 8.625065091927979211e+01 9.454873607188682172e+01 9.081087904883214890e+01 8.273837827308919657e+01 8.404880545184926177e+01 6.952376008698965393e+01 4.942195379594539162e+01 6.952376008698965393e+01 8.296857764142930591e+01 8.523759713321858555e+01 6.512019063468537183e+01 5.107738064484611584e+01 5.612097013360249065e+01 3.312437396091456776e+01 2.818186653599933322e+01 2.590745440479553707e+01 3.277092293255216759e+01
1.610643649003322799e-03 1.996044101243035485e+01 1.731333855330124649e+01 2.492360394926534539e+01 1.551887717630553176e+01 2.648201592288210904e+01 1.191218989382381466e+01 3.195056176785780266e+01 2.982816736952322501e+01 4.989544276699007952e+01 4.277810425723706089e+01 3.543817820366260207e+01 4.064530384783022043e+01 6.077085259045713883e+01 7.600811754804078646e+01 8.432364738135980531e+01 9.434568218947499929e+01 9.862887101809550927e+01 7.874355044303803197e+01 7.874355044303801776e+01 6.616437512101273910e+01 8.451334901701495994e+01 8.705833589615009771e+01 9.535813046412286553e+01 8.909665285263875489e+01 6.952376008698850285e+01 5.627323354769411878e+01 6.952376008698965393e+01 8.909665285267246304e+01 8.337772729878157918e+01 7.333272008742791570e+01 5.840440237702352988e+01 3.872453486581962778e+01 3.147556082093637997e+01 4.802188921299514845e+01 3.478978547030614266e+01 5.264731920611210114e+01
2.022278438842990342e-03 2.000202227843848846e+01 3.654309213902662634e+01 3.390578234304291527e+01 3.017027868199853913e+01 3.899288127198644816e+01 2.607455753827995082e+01 1.565860105576840411e+01 3.570573378287922850e+01 4.284826060780119406e+01 2.854160556144899274e+01 4.016502895254753724e+01 6.028273756096886160e+01 4.925647349275492104e+01 5.597498380190594247e+01 6.599908709305167065e+01 8.601714800303004438e+01 9.033167774258261318e+01 7.026045249519550850e+01 5.862040323283292764e+01 5.607212630011844112e+01 7.285385556120031936e+01 6.697016716000219105e+01 8.705833589615009771e+01 8.989652397682432650e+01 7.045462215102243420e+01 6.791782937813705701e+01 8.420678827234031871e+01 8.925595284105190785e+01 6.908617100466906891e+01 5.496528405108040261e+01 4.502164953882752485e+01 3.691859111461155152e+01 3.468363529630865827e+01 5.457967165550343225e+01 4.622906401870085347e+01 6.297670873317397877e+01
6.642187732006160465e-03 1.414877806189692322e+01 3.414889193081036467e+01 5.106740036192218923e+01 5.180443162510798061e+01 5.444632957778768656e+01 4.400060786635692978e+01 2.948221375086229301e+01 1.974160669393492284e+01 2.275767780372115112e+01 4.284826060780119406e+01 5.678681095862531691e+01 6.859824215280274018e+01 6.933040629932919785e+01 7.600811754804078646e+01 8.432364738135980531e+01 9.434568218947499929e+01 8.917739267303143436e+01 8.087228932075848320e+01 6.798727581386614816e+01 4.782504037579064260e+01 5.270896245666821756e+01 6.697016716000219105e+01 8.705833589615211565e+01 9.795895437620812629e+01 8.989652397682449703e+01 8.739304343474705661e+01 9.544450759809315343e+01 8.922351386352748648e+01 7.915261867545493146e+01 6.348159232288858789e+01 4.353228338240557349e+01 5.683175912512643180e+01 3.801565110248425583e+01 5.794900652989519330e+01 6.617862877265000066e+01 7.452199642054030448e+01
1.591255364720534126e-03 2.000159125536436378e+01 3.089841609657072752e+01 3.692864298812553869e+01 4.359530965479208930e+01 5.187958090225267682e+01 5.612384108676401695e+01 3.980855222189980225e+01 3.981896763157787689e+01 3.095047647714950045e+01 3.125534002847302872e+01 4.249985926457183183e+01 5.611327012553582705e+01 7.602386657831642935e+01 8.826038888491862622e+01 7.995493880337731696e+01 7.995493880337731696e+01 8.087228932075848320e+01 6.076154359660925763e+01 6.278140900893416898e+01 4.262376734423600055e+01 6.278140900893416898e+01 7.514521203205589472e+01 8.345329381362070365e+01 7.988706102575356738e+01 8.819014272433642532e+01 9.976974546006114508e+01 9.512772741763454576e+01 7.489661048926568299e+01 6.073872076664495978e+01 5.079171545572663860e+01 6.348126647370881415e+01 6.139063436214866698e+01 4.147942028497297429e+01 5.296495731918117400e+01 7.297191874099064535e+01 8.170881421877643902e+01
6.189296070378335485e-03 5.351414134318842386e+00 1.089841609657108457e+01 1.692864298812625279e+01 2.359530965479280340e+01 3.514231503858491124e+01 5.514231503858420069e+01 5.988566264942112838e+01 4.742853480845291614e+01 4.521416397892556915e+01 4.499796660263945824e+01 4.355824341607089423e+01 5.719549812549399093e+01 7.714677169970364901e+01 7.995493880337731696e+01 5.984339650117142639e+01 5.984339650117143350e+01 7.405189269304500499e+01 6.665184464449413326e+01 4.650741475600213448e+01 3.868491435044751370e+01 5.882816976719990265e+01 5.500927328889457613e+01 6.827195136722521340e+01 5.976910093050242523e+01 7.140561309090062991e+01 9.147293416589991466e+01 9.512772907211325446e+01 7.489661049031515461e+01 6.073872076664500241e+01 7.078044410661749453e+01 6.993794433760194806e+01 4.996191334163764708e+01 4.631067835885748707e+01 6.625909616056233631e+01 8.135240679148122922e+01 8.868732938865259996e+01
2.247884206357958405e-03 6.668914550872995228e+00 1.373998236273840767e+01 3.373998236273769891e+01 4.359530965479208930e+01 4.359530965479209641e+01 6.342658628604073812e+01 7.579687328220653342e+01 6.753965189890176646e+01 6.532550730103774583e+01 6.452845703189753124e+01 6.303909086207203671e+01 7.140957131007289149e+01 8.215549385300764129e+01 7.627758932840036721e+01 6.573393086136739782e+01 4.559280009068220352e+01 5.623931076222305592e+01 5.961427146497408103e+01 5.128518212400370402e+01 3.487917014738565058e+01 3.895691921336120345e+01 4.335665502085955580e+01 4.810995194498706695e+01 5.574592278352560726e+01 6.477649808591957026e+01 7.639618464633932149e+01 9.644190251132673097e+01 8.922354293823367755e+01 7.072592800850085837e+01 7.997331152841691448e+01 5.990257723090834929e+01 6.993794433760194806e+01 5.143848345767315067e+01 6.552055326936689994e+01 8.565470702851976625e+01 8.028829456726811031e+01
