LEM/sinusoidal_perturbations/elevation_000836.asc
nrows	100
cellsize	150.0
xllcorner	0
ncols	100
yllcorner	0
NODATA_value	-9999
[rows 0 to 16 of 100, columns 37 to 73 of 100]
1.108471036590235315e+02 1.078406862546314500e+02 9.968708726856732483e+01 1.078406862546314500e+02 1.183543650311715680e+02 1.097976998534939099e+02 1.124630086703290459e+02 1.160455183675729103e+02 1.100758605175853262e+02 1.086845597683843039e+02 1.146447470774544541e+02 1.175985960488065274e+02 1.261249035886673084e+02 1.363551911299219057e+02 1.418059853670940811e+02 1.353248219463403359e+02 1.266469870983693653e+02 1.293718858385902308e+02 1.380459243253800423e+02 1.496203569088046947e+02 1.414075721245010016e+02 1.414075721245010016e+02 1.472091541222778517e+02 1.508038211401498074e+02 1.425869934975069384e+02 1.508038211401498074e+02 1.359485973360213222e+02 1.278580829250369248e+02 1.278580829250369248e+02 1.281319229366255570e+02 1.361277687167371084e+02 1.393365503645833314e+02 1.278702291312964121e+02 1.196534156513026090e+02 1.196534156512759211e+02 1.278702289225221591e+02 1.214342267313848538e+02
9.943138111528865863e+01 9.791046716821797702e+01 7.975378523594713442e+01 9.791046716821797702e+01 1.065828387047044572e+02 8.952013203758842508e+01 9.213712800243123979e+01 9.596703075750401979e+01 9.012296212166518217e+01 8.875700778679930636e+01 9.459365262975809685e+01 9.751241636235877763e+01 1.074195683542848911e+02 1.277776237433284052e+02 1.209225678851552601e+02 1.209225678851552459e+02 1.060369173849649371e+02 1.086902456303996303e+02 1.293718858385902308e+02 1.414075721245010016e+02 1.216327648356436271e+02 1.216327648356436271e+02 1.274243397537036202e+02 1.409039505901802158e+02 1.228139295779956655e+02 1.409079000760121971e+02 1.278580829250369248e+02 1.084214233519187616e+02 1.084214233519187616e+02 1.095372452504244478e+02 1.261997137032035425e+02 1.311328122314446034e+02 1.112499141144061667e+02 9.960892996680219369e+01 9.960892996680219369e+01 1.146676363657692121e+02 1.014181884147784416e+02
8.367788176178575554e+01 8.972043625225731489e+01 6.954008422311463278e+01 8.972043625225731489e+01 9.809044061646991963e+01 7.791790517802877503e+01 7.791790517802877503e+01 9.485189766707593151e+01 7.609669867692068124e+01 7.471637563074629895e+01 8.138435986743044737e+01 9.124125689800688122e+01 1.075513672105952736e+02 1.160429700221681060e+02 1.209225628609046055e+02 1.005517776640835450e+02 9.462133283549110274e+01 1.147477578013183432e+02 1.282913442378415709e+02 1.401013818855984425e+02 1.274246717938926992e+02 1.076057163782464841e+02 1.274225243759397728e+02 1.228032347642665769e+02 1.129061493675982888e+02 1.327004615377513801e+02 1.256844700793016187e+02 1.141142891372707595e+02 9.438413680034084052e+01 9.863817644158108067e+01 1.173609884671164849e+02 1.254200965857231864e+02 1.196534156513613283e+02 9.960892996680219369e+01 8.784648945978931067e+01 9.453668441040522907e+01 8.967338175804263756e+01
6.362001289243026747e+01 7.717024977610311964e+01 6.283458132734703838e+01 8.299365224254312068e+01 9.669383343046492030e+01 8.644382185084863579e+01 6.625179011401603191e+01 8.094122125240883747e+01 6.708673471224561524e+01 8.708074810396824716e+01 1.011982990109219998e+02 1.044411819191168860e+02 8.762450906580025389e+01 1.044411819191168860e+02 1.079317315393231667e+02 1.080387335268147098e+02 8.811334239782206623e+01 9.943406562462594422e+01 1.196797683006483908e+02 1.318962795142506650e+02 1.120679082424482260e+02 1.015566564155359401e+02 1.146879299754891690e+02 1.029249682694974979e+02 1.170065211150767936e+02 1.367977487242155235e+02 1.174379421310604528e+02 9.735649841450543818e+01 8.723163781391667726e+01 1.008244787877795687e+02 9.875187591145879651e+01 1.128263425534083950e+02 1.278702291834610776e+02 1.163326020919723618e+02 1.004329037265145530e+02 8.020764647851949292e+01 8.061598208294502399e+01
7.717024977610311964e+01 5.726319596772158604e+01 5.692474715529876050e+01 7.677003984575240736e+01 7.784149376784948515e+01 8.058121891052415720e+01 6.042169329946698753e+01 6.085389685703136564e+01 8.094122125240883747e+01 9.171775755295232102e+01 8.357577651158669596e+01 8.522018840360084369e+01 7.614878641890399535e+01 9.083784142379826676e+01 8.800181486845633572e+01 9.765516304804580727e+01 8.358751787894425433e+01 9.490730543679192976e+01 1.149165308851853098e+02 1.297309281600982160e+02 1.098973662019080280e+02 9.571702591830165829e+01 9.468079694108151045e+01 1.146879299754870232e+02 1.234719628311788284e+02 1.316829002165407587e+02 1.256844700793016187e+02 1.149982972346984127e+02 9.495331386179044841e+01 8.070982034600100974e+01 8.493245327970150527e+01 1.032650742595674558e+02 1.148174060283204483e+02 1.166406422662065552e+02 1.065790676105815606e+02 9.369115131051624701e+01 7.361194502504558557e+01
8.529304385315741399e+01 7.129255468968248977e+01 5.156563206975197744e+01 5.870759492140053482e+01 6.897800879607629554e+01 7.062833897717844422e+01 5.510117167444801822e+01 7.459688136270337111e+01 7.668582937317671622e+01 7.892852351649811737e+01 6.243398647851838490e+01 6.512423777252666923e+01 6.787619347209295029e+01 7.085706663924990778e+01 7.393070811634980544e+01 7.782658962138964398e+01 9.765516304804580727e+01 1.118145815257952478e+02 1.234788766152795034e+02 1.303845894681895174e+02 1.109950948949636000e+02 9.092014428334208276e+01 8.942060228845990366e+01 1.095220909466087420e+02 1.035610972384408228e+02 1.202022221791473982e+02 1.177619172718336529e+02 1.095277359147736007e+02 1.090935631866754250e+02 9.499679547653546763e+01 7.495244448058922160e+01 8.652008786968256970e+01 1.065761934079494324e+02 1.083801570655184179e+02 8.818376933028314113e+01 7.814005480512021506e+01 7.004504955199077187e+01
8.370275676081085692e+01 6.781373776740653625e+01 4.843245149473330713e+01 4.755092685621758619e+01 4.911284033677549132e+01 5.068347012582439959e+01 5.253308479569181344e+01 5.451612257925447835e+01 5.655050952557463262e+01 5.875545551613506490e+01 6.351514267363990029e+01 8.339308862173530201e+01 8.792334587844794669e+01 9.083784142379826676e+01 9.383915231287036818e+01 8.179578755318783578e+01 1.016115229779062048e+02 1.195303485418980216e+02 1.297274289415892099e+02 1.221778490081199067e+02 1.022748663808335579e+02 9.217263659900513062e+01 8.449675890653618637e+01 1.003987756210960782e+02 9.192335227382793050e+01 1.119764192213618657e+02 1.062199652836376202e+02 8.949003563401379324e+01 1.062199652836376202e+02 9.155921764605700730e+01 7.147638630413491967e+01 8.569014381928838020e+01 1.057284152772108712e+02 1.166397410367457184e+02 1.010650870528723999e+02 8.094662154636564821e+01 6.677896792395637249e+01
7.628252178404943606e+01 5.669631195880461405e+01 4.535391229060833496e+01 6.515433147606655950e+01 6.900347222123171775e+01 7.038691237504035314e+01 5.823204622352349702e+01 7.459661448495126024e+01 6.290533600445669293e+01 7.892852351649811737e+01 8.339308862710640824e+01 7.092927693324563165e+01 8.489286883096745839e+01 1.042482001821759923e+02 1.100471634366756746e+02 1.016115229779062048e+02 9.108079322623071050e+01 1.008857301458854181e+02 1.211200478136030938e+02 1.303845894681895174e+02 1.204463015620167283e+02 1.122263576846236504e+02 1.003987755381866265e+02 8.027813038269064805e+01 9.656191912013333933e+01 9.424784828487932486e+01 9.198350627331466001e+01 7.791267242959669659e+01 8.766005400654317725e+01 8.556531930769686767e+01 6.805999690795535173e+01 8.242928420794906685e+01 1.024777784201363175e+02 1.060339069341671205e+02 9.755708028057955516e+01 9.514903144600239671e+01 8.251286665745473670e+01
6.032214285842991330e+01 6.182600062164647170e+01 4.396369041193112537e+01 5.792249640875150618e+01 7.787238002458273911e+01 8.444930246895619064e+01 6.429698914433716084e+01 8.446049558314125250e+01 8.305906779216115865e+01 7.302490370759582561e+01 9.309351507892647248e+01 9.056191413174802562e+01 7.946123491565838037e+01 9.881393181744346066e+01 1.182540007221869587e+02 1.195303485418980216e+02 1.110028889797443838e+02 1.195303485418980216e+02 1.297274289415892099e+02 1.405894637945871466e+02 1.207722911585757828e+02 1.200847011371432700e+02 1.086574211467179225e+02 9.656191912013333933e+01 7.652150170108474470e+01 7.424972111748152770e+01 7.198553402793805844e+01 6.971001464046314311e+01 6.744760989700787945e+01 6.513580427232888326e+01 6.463730614443063871e+01 8.066612401468360360e+01 8.898665380943958780e+01 9.755714876151932913e+01 7.701316334869980551e+01 8.303037256809793121e+01 7.816639156310915837e+01
4.066918813334613247e+01 4.198896962739132022e+01 4.796780126328117433e+01 5.787182767198355293e+01 7.778580021273448608e+01 9.157419974512089311e+01 7.145631027119425482e+01 9.157419974512089311e+01 1.015163054623453291e+02 8.719827526852743915e+01 8.939265909277747824e+01 1.069897687789983536e+02 9.314371440990092310e+01 9.066238017161752794e+01 1.041843856515598077e+02 1.238665511100040391e+02 1.266384059714628734e+02 1.184764598345696669e+02 1.266384059714628734e+02 1.347862584409341196e+02 1.149675158475702119e+02 1.008455989567997477e+02 9.180887921254176831e+01 8.466240637330973584e+01 8.544996938486400495e+01 9.424784828487932486e+01 8.611381874019527061e+01 8.977509968003204222e+01 8.765865097599368028e+01 8.259214601349529516e+01 6.185994071427683139e+01 5.985641895798747925e+01 7.833943388544712150e+01 8.668396506486882913e+01 8.303037254573614234e+01 6.349107746436399680e+01 5.754536994112475412e+01
6.050666616660731023e+01 4.558748580359343094e+01 6.529025608561116201e+01 7.704620598197364245e+01 8.608592900245020019e+01 1.000148716299285354e+02 8.305678158068648997e+01 9.998050639187941613e+01 1.028347960459580008e+02 1.073258829826339849e+02 1.095604358287284015e+02 1.180893485428180583e+02 1.125030475843364854e+02 1.099491584459024267e+02 1.182540007221869587e+02 1.176499547121326970e+02 1.094961206823884652e+02 9.883371102497837057e+01 1.168079617987217347e+02 1.175507776662689139e+02 1.093982380360804427e+02 1.175507752801307930e+02 1.118608034943263050e+02 9.632077017941767849e+01 9.710504399007234611e+01 1.137915015771691714e+02 1.061541855226634254e+02 1.037160127693917673e+02 8.367039297592751268e+01 6.930381921778949561e+01 8.260016088214590013e+01 7.833952825747704196e+01 5.764843593051541148e+01 7.608863421103900748e+01 7.520270119264374387e+01 5.603506456940257152e+01 7.667712904468572788e+01
7.020363654847243140e+01 4.935993496137501069e+01 7.020363705844728486e+01 8.747220930219774004e+01 9.756470744223257441e+01 1.117142513878908261e+02 1.032092096147093798e+02 9.686541787424651773e+01 8.255752812116205064e+01 9.686931896312952972e+01 1.080461657722930511e+02 1.058271302924581931e+02 1.058271302924581931e+02 1.141349045138780838e+02 1.168866934577764454e+02 1.062582757813567724e+02 8.974615401811776394e+01 8.889611618695877837e+01 1.086550854297740614e+02 1.076870335458885677e+02 8.965190803768753369e+01 1.076870335458885677e+02 1.245333241412261742e+02 1.163151014788354161e+02 1.170895914801016602e+02 1.253034539779627323e+02 1.163554169784235910e+02 9.810085009375471543e+01 7.802767730000921631e+01 8.106331303048881409e+01 9.120426049311707573e+01 7.086333283997494448e+01 7.608863421148346617e+01 5.563486717823068517e+01 5.459046498626850052e+01 7.520254799242370325e+01 8.501280305569665074e+01
7.864411055144736906e+01 6.144470502149560076e+01 5.819878832027056603e+01 6.901872933993753634e+01 8.931482257803102698e+01 9.998025127080822472e+01 9.163726338534323190e+01 8.778696695320884658e+01 6.817924029755454285e+01 8.778852244816742711e+01 8.782036880533063083e+01 8.557842771628607181e+01 8.557842771628607181e+01 1.058271302924581931e+02 1.087241217203493164e+02 8.893686218588482006e+01 7.817070956286497108e+01 9.809347211228568142e+01 1.141123152617045946e+02 9.952507301657310279e+01 7.962579107463437822e+01 9.952507301657310279e+01 1.119719563942948497e+02 1.038135237976065355e+02 1.119719710739576755e+02 1.222112018713291945e+02 1.022801142471421230e+02 8.808390622049120111e+01 9.810085009375471543e+01 9.527056844649870015e+01 9.120426143790049878e+01 9.120426143791112850e+01 8.444032539492175715e+01 6.555400726325781591e+01 5.361338449850468635e+01 6.143757208233254374e+01 8.189811874391541835e+01
9.050994514295479121e+01 8.222100591846272266e+01 6.901872966574713075e+01 8.747220930219774004e+01 9.756470744223257441e+01 8.828948061125835522e+01 7.134382850066756987e+01 7.940805473099737810e+01 5.912084579319218136e+01 7.717915250371017066e+01 7.345610762258451132e+01 7.119098743013714170e+01 8.294324383595201766e+01 1.032103594581311654e+02 1.065721015844203095e+02 8.676715840965492532e+01 7.255413914685131260e+01 8.612636224031031418e+01 1.001193387510426760e+02 9.289197903050100535e+01 7.288356086928641275e+01 9.289197609430206626e+01 1.020753642192729842e+02 8.398030540965955026e+01 1.020753669322805877e+02 1.109319117553386604e+02 1.163553673806139699e+02 1.022801142471421230e+02 1.163553067209442418e+02 1.152526957686652906e+02 1.112302939486853575e+02 1.059843870838781896e+02 8.592504600911018997e+01 7.331048924900748887e+01 5.283431231452436094e+01 7.331071649470743523e+01 7.447571549714437822e+01
8.958036809652772092e+01 9.756169028861997106e+01 8.931627417871953867e+01 9.757538115496674891e+01 9.181297145898386702e+01 7.922977408965091684e+01 5.964006916886411602e+01 6.741800266849364220e+01 5.239959104757436847e+01 5.690416539312588640e+01 6.211481685796098873e+01 7.226563078669303763e+01 9.257952377495732321e+01 1.115251698753331198e+02 1.020285360117170370e+02 8.215584604291316850e+01 6.788434108186810079e+01 7.190516308442337845e+01 9.014412128132747171e+01 8.711604631057232950e+01 6.700931485811636890e+01 8.240248214692951478e+01 8.659689468810496749e+01 7.390498762753560413e+01 8.292521004743301205e+01 9.444860283831832248e+01 1.141448360853384401e+02 1.222112018713291945e+02 1.135330828358947457e+02 1.045921653824774893e+02 9.633393817611643328e+01 8.997385801601549815e+01 8.436763050969081235e+01 7.246262666268093255e+01 5.208346143463941758e+01 7.128783605068534257e+01 7.839673417884858964e+01
9.042180321972045931e+01 9.818372483491432945e+01 9.919816619874069374e+01 9.085476978444391705e+01 8.326885495463889697e+01 6.319908179560471950e+01 5.060590959389895005e+01 4.718487619076411477e+01 5.258220949218291196e+01 5.930403274747519049e+01 6.645933565313842450e+01 8.677424458056913181e+01 9.257950609272447196e+01 1.127793673069321017e+02 1.023494545643940654e+02 8.248755546438758302e+01 7.083862747576291952e+01 6.173264412280841640e+01 7.702265916037487159e+01 8.174229637832867468e+01 6.155393173047846744e+01 6.222421251968467715e+01 6.648120014337779082e+01 8.659689467864832579e+01 9.026875319716410218e+01 1.100403584563944435e+02 1.223037776212667467e+02 1.193892478164132740e+02 9.945472583279102707e+01 8.525941931154365250e+01 7.622159876894909303e+01 6.976032890211007498e+01 6.400790344684236288e+01 5.880106051576251502e+01 7.037193207553266916e+01 5.107542548582939190e+01 5.263910344630204463e+01
7.161175008379514395e+01 8.742402424673061034e+01 9.085476978444391705e+01 7.057069169876884018e+01 7.489528066609761936e+01 5.463686996696856113e+01 4.294141963706415055e+01 6.319908179561615924e+01 7.282924935393350552e+01 6.910693965728398780e+01 8.677426146108990679e+01 7.931983260833106897e+01 9.368775007778749853e+01 1.138786871951262469e+02 1.105143097656758044e+02 9.907243523515887773e+01 9.014412128130653912e+01 7.702265916037485738e+01 5.680677817724882317e+01 7.238481838160357995e+01 5.647769915750730263e+01 7.669520528751509403e+01 8.659689468810583435e+01 8.077032810881796365e+01 1.006635111615053546e+02 1.182030766387085379e+02 1.173176839647509979e+02 1.255478887389411398e+02 1.135330828358947457e+02 1.045921653824774893e+02 9.633393817611643328e+01 8.997385801601549815e+01 8.436763373307158531e+01 7.927770064813273621e+01 7.046841616295213839e+01 5.038968848991415683e+01 6.932085463587920060e+01
