LEM/sinusoidal_perturbations/elevation_000797.asc
nrows	100
cellsize	150.0
xllcorner	0
ncols	100
yllcorner	0
NODATA_value	-9999
[rows 17 to 33 of 100, columns 0 to 36 of 100]
5.222468517465790779e-03 1.652279971680977866e+01 7.196554862557250631e-01 1.017283832407067878e+00 1.314649564867957920e+00 1.611616268616184788e+00 1.907228209090799487e+00 2.201161666438461229e+00 2.493786805572208110e+00 2.787352019012644178e+00 1.852394261151026456e+01 2.570208090880005258e+01 4.292213529342451039e+00 4.477330952240239803e+00 4.797042567416939463e+00 1.380928740025451518e+01 2.140815364700611312e+01 2.401333955998609682e+01 2.325213244750074182e+01 1.518776290440119503e+01 8.230435698393611332e+00 2.725216524872753965e+01 3.738475607525608524e+01 4.756056441870807561e+01 3.991293114815666598e+01 3.029119395570376838e+01 2.465861297962256060e+01 2.949970196613182694e+01 1.172583328575941941e+01 2.964314777465496320e+01 4.098333551643912642e+01 4.705324351641341707e+01 4.705323522877149856e+01 5.534105742212872769e+01 6.394712330566607505e+01 6.394712330566608216e+01 7.222074309821226734e+01
7.333276091007126865e-03 1.256669546613938060e+01 2.274918496249160427e+01 2.390838087855798832e+01 6.747671864071001835e+00 1.408344771216328795e+01 2.200084628227734029e+01 2.166819991897476427e+01 6.989469984097047117e+00 2.262124138703017451e+01 3.208738043229035330e+00 2.309302035382063067e+01 4.062869865522660717e+00 1.560126452440178824e+01 5.412493063992727116e+00 5.238012465697987174e+00 5.542931248810672784e+00 5.847710313766195434e+00 6.152202243988140751e+00 6.456669425688483344e+00 1.009903908786212057e+01 2.206814899734486346e+01 2.875771356230037412e+01 2.826409816157342547e+01 1.976512810321697700e+01 2.856457577461499042e+01 1.029906831960492930e+01 1.024321942650719919e+01 3.005985034203064998e+01 3.929196579046915616e+01 3.930115881393410859e+01 2.682522209795256174e+01 2.682522207190362096e+01 4.705321620678120098e+01 4.392670270660677545e+01 4.392670270660677545e+01 6.394712330566608216e+01
6.343274376862209282e-03 1.949563741043486687e+01 3.259892730063586441e+01 3.643304876599435715e+01 2.982047251080444283e+01 1.473792576545413091e+01 3.392430122107324308e+01 3.124480494091467619e+01 1.135647381990361815e+01 2.379444128083478205e+01 3.854163877516323389e+00 3.633105815103479408e+00 2.192956415111824242e+01 2.740496938900999169e+01 9.483239199263692853e+00 2.715661535971069540e+01 2.644710106153105400e+01 1.992705133584762223e+01 2.600899077546225158e+01 1.339623159340231595e+01 6.898754772182893014e+00 7.214877334038908074e+00 7.531533246569021678e+00 7.848373627285520904e+00 8.164878885198637803e+00 8.480697310063634475e+00 8.795741663588497516e+00 2.849540116701041370e+01 2.957604299450639473e+01 3.000414641542152339e+01 2.377587550202801125e+01 1.241921238194449550e+01 3.271902577053339201e+01 3.975678856467481381e+01 2.972336811085480690e+01 4.979054813786438416e+01 5.402689921931749240e+01
3.497053469895897767e-03 1.998114731596679050e+01 3.761839034287774552e+01 4.822171217072967409e+01 3.443651596538233406e+01 2.812840886688582032e+01 3.462131773536726342e+01 3.683801329996638430e+01 1.637682894468606065e+01 3.221315873961435017e+01 1.824596553040857216e+01 2.284303617637174710e+01 9.310660515401810500e+00 2.736186713006919291e+01 1.276526301843280997e+01 3.273315023430478732e+01 4.370286903899425113e+01 3.931599560046925035e+01 3.827420835749580874e+01 1.055224855370318693e+01 1.386810836100014122e+01 2.068407306754432184e+01 1.664642678837767775e+01 1.927530475786315378e+01 2.738246378290914862e+01 2.820630989064797589e+01 1.024970570960650385e+01 9.265066595512417180e+00 9.597282213841916487e+00 9.929835327257750421e+00 1.026269646979526584e+01 1.059656202157825788e+01 2.871222455695850684e+01 1.965148239140490816e+01 3.975695475721165906e+01 4.438577146447043020e+01 3.357491936917914188e+01
9.635555453094322986e-03 8.781042811865491515e+00 2.156346392788234567e+01 4.653136230134486340e+01 5.600127370104032565e+01 5.041379129612857923e+01 5.661215485143969772e+01 4.272129876254174974e+01 2.235851023020036266e+01 4.269480501875666789e+01 3.984450215701708231e+01 2.755552213964810448e+01 1.348870378609882970e+01 3.298091622383022781e+01 3.299634645323935445e+01 1.764227424993765325e+01 3.036378792798688764e+01 4.777890459134738421e+01 3.355986651742306037e+01 1.322230945520165868e+01 3.083047326970037361e+01 3.382456221087072379e+01 2.573002785987830165e+01 3.675446930883604324e+01 3.937970406824591407e+01 3.403332332768076185e+01 1.391592681026788547e+01 2.940619233768369867e+01 2.974360305478997191e+01 2.950636588487889611e+01 2.167390126749864265e+01 2.673718185966090033e+01 1.107280170915255191e+01 3.117509490085738122e+01 3.588096472960999250e+01 2.350003162698751424e+01 4.438577128338965139e+01
8.845047570523793118e-03 1.415098067130159976e+01 3.415098067130230675e+01 5.165590976118883049e+01 4.355498227260609667e+01 5.186572346386355292e+01 6.170633368850234746e+01 4.938355581070123890e+01 2.941055475313499912e+01 4.937349331366607430e+01 5.526292764695437398e+01 3.795461814345862450e+01 1.808656785591324123e+01 3.795461814344987772e+01 4.111976122315546434e+01 2.132592199091860863e+01 3.317078993974742929e+01 5.019774068468569794e+01 4.196685067613088194e+01 3.365770708936710065e+01 1.700795981212284858e+01 3.723278327816671407e+01 4.220329257429773406e+01 4.926103576207801638e+01 4.948629293090478143e+01 3.877881311613742099e+01 1.856579222263249207e+01 2.308732937856172995e+01 4.323376772724399331e+01 4.769808902316081145e+01 4.101229924404945848e+01 2.723263177686092362e+01 3.117751997025433752e+01 1.155288165889490770e+01 1.579231348924169076e+01 3.563429841075583226e+01 3.602752247552891163e+01
8.023991185656003874e-03 2.000802399118530062e+01 2.908592160227059153e+01 3.409328684876340532e+01 2.377811286986280948e+01 3.356327219912948578e+01 5.357866299095226026e+01 5.752048174734943586e+01 3.956021336574234226e+01 5.752048174719223539e+01 5.697864455891265578e+01 3.708022361399869737e+01 2.309346405478713393e+01 4.290833617407965761e+01 4.450136736271822002e+01 2.524792269445908488e+01 4.335457415433929640e+01 5.706502501006072237e+01 5.394981410760477303e+01 3.392131759390368728e+01 1.967374799390983853e+01 3.392131759390368728e+01 5.394981410760460250e+01 5.750223813246810067e+01 3.733132682038425543e+01 2.552960126878155478e+01 3.880568223712055698e+01 4.323778334236767051e+01 3.390381575433161032e+01 5.395622378600740632e+01 5.486741424952909085e+01 4.674692818052830035e+01 3.989960918551582836e+01 3.150045596248851254e+01 1.203487693964020266e+01 3.216934295466443672e+01 1.661275987339077886e+01
4.598823041778624977e-03 4.559090483407629790e+00 9.192396150885782546e+00 1.422651419107072890e+01 3.409328684876340532e+01 5.187134322937113495e+01 6.197880448667731912e+01 6.734327869594393690e+01 5.920708062638885139e+01 6.734327869591523097e+01 5.697864455966393393e+01 3.708022361399881817e+01 3.013154889055618924e+01 4.989619317456310199e+01 4.815677508697599762e+01 2.921786046636017176e+01 4.815677508648454364e+01 6.318694785042979589e+01 5.660289043745130755e+01 3.657284007972695861e+01 2.241758551481130723e+01 3.657284007972695861e+01 5.660289043745130755e+01 6.567705624370869089e+01 5.170988062587762357e+01 3.143100112921030131e+01 5.170988062587756673e+01 6.204586956470529202e+01 4.556246090308008689e+01 6.204586952273314893e+01 6.078545319843271244e+01 4.659167839149380796e+01 3.517753369771331506e+01 1.506671902307572175e+01 1.923408224374767883e+01 1.252219882622628511e+01 1.286622398383393318e+01
7.340434288523949372e-03 2.000734043428816733e+01 2.908592160227059153e+01 3.409328684876340532e+01 3.042327170276098158e+01 4.455315484999783848e+01 6.459399693757377747e+01 7.346541654889153961e+01 6.518113532657550024e+01 7.346541654889153961e+01 6.556496365803462822e+01 5.697864455966393393e+01 3.892717906921827620e+01 5.838626800565040043e+01 5.383164543965761339e+01 3.501022974594993542e+01 3.668486943499560482e+01 5.563672999518660589e+01 5.938296865018027404e+01 3.933580079693805231e+01 2.524741236262125454e+01 4.520747345160280872e+01 5.792259925176817603e+01 6.952121977525288798e+01 5.843047318864839923e+01 3.826358113247373183e+01 5.843400107872783877e+01 7.341611585026060993e+01 6.542221058456016181e+01 6.164540215406283608e+01 4.157956194181092968e+01 3.239635993245118328e+01 1.814069926654745757e+01 3.517753369771331506e+01 3.048418929096399310e+01 3.265475522765882488e+01 3.232158871658226218e+01
3.515918393995972821e-03 2.000351591839364218e+01 3.723315122857908932e+01 4.878015653776551375e+01 4.652682458590796699e+01 5.006235853376295353e+01 5.118113502260813874e+01 5.946541188614033757e+01 4.518113481998354075e+01 6.346541284314066189e+01 7.397935676990945808e+01 6.738560895786264382e+01 5.280772880539171155e+01 6.738560895622435964e+01 6.017192950934000351e+01 4.115107730029724564e+01 4.252144537902798049e+01 6.170222512458516206e+01 6.525665792577160573e+01 4.520747630580601850e+01 3.414069493279733081e+01 2.965468596505803234e+01 4.112704017110072385e+01 6.121543516221579040e+01 6.657270632280591371e+01 4.845807469099418086e+01 6.656389334648375211e+01 7.312844899396706921e+01 6.478691993237521274e+01 5.327979286215798282e+01 4.157932049471503433e+01 2.141209553417935041e+01 2.821995589002759175e+01 4.659188755810757954e+01 5.035953421967907673e+01 4.259842635030657476e+01 2.250807437146912804e+01
4.608085242692564441e-03 8.948879995241771468e+00 2.049588537903408181e+01 4.049588537896126894e+01 2.652682439060293618e+01 3.006235829661204306e+01 3.118113481991598945e+01 4.363412954320958193e+01 3.518113481991960612e+01 5.397935446923589353e+01 5.397935446923585801e+01 7.120790618360098279e+01 7.316526016543153332e+01 7.140736305827054764e+01 5.194702130645972460e+01 6.017192950934045825e+01 4.909632548487184067e+01 6.859662056922900319e+01 6.836918693258913038e+01 4.827532701913414570e+01 5.295055069614382859e+01 3.294489408571517686e+01 4.706019461448913432e+01 6.717111506327331938e+01 7.648266579993432401e+01 6.841014368540670887e+01 7.648253575717998842e+01 6.147087094804840035e+01 4.472138962456099165e+01 4.495809447707829065e+01 2.482648547835107067e+01 4.157932049471684621e+01 4.835209539932618839e+01 4.835209539932055378e+01 5.422062754448688793e+01 3.409038458876878508e+01 4.257627279307102697e+01
1.610643649003322799e-03 2.000161064354913520e+01 2.502178543132520971e+01 2.760377437300912007e+01 1.238468876664291329e+01 1.592022267257568124e+01 1.963412943611678330e+01 2.363412943611685435e+01 2.863412943611694317e+01 3.397935427436561895e+01 4.292362618436509081e+01 5.447063156830617459e+01 7.447063240197975631e+01 7.969350468688477918e+01 6.306565156869775279e+01 7.689643682714005024e+01 5.870560341493196432e+01 7.689643682714005024e+01 7.665208861312291333e+01 6.836918693258913038e+01 5.901268414422815312e+01 3.890688636442828141e+01 3.904871020246218905e+01 5.326445378616045190e+01 7.337843375501788046e+01 8.057956485922785816e+01 6.904204922555982193e+01 5.318937212172462381e+01 3.308864461555090486e+01 2.856052294667938796e+01 4.498708352924324316e+01 3.563663699936786600e+01 5.572449560682198211e+01 6.838062773125027149e+01 6.249936741765946380e+01 4.574825328691011350e+01 5.716581489424178386e+01
2.022278438842990342e-03 2.502022278438837510e+00 5.021785431833674984e+00 7.603774329305297286e+00 1.207591028430491420e+01 1.678995549221531292e+01 3.678995560006733001e+01 4.363412954320958193e+01 4.863412957890658816e+01 5.397935446923589353e+01 4.812148989953281131e+01 6.812149056002959924e+01 8.275491758436893974e+01 9.116502644202300587e+01 8.280235286406744422e+01 8.684533397814506372e+01 7.848763772352596391e+01 8.684533397814506372e+01 8.067003292316746865e+01 6.060166624849782124e+01 4.894181226712258592e+01 5.901268414422815312e+01 4.420213697632482308e+01 5.546726718616833551e+01 7.556741634821001696e+01 7.231525363971488218e+01 5.231853865735722309e+01 4.071330544595738132e+01 5.195604277415305461e+01 3.184831304625478410e+01 5.195604277415305461e+01 5.572449560682198211e+01 4.986341622790111927e+01 6.987439293355811287e+01 7.405592676621984083e+01 6.579410601074269493e+01 6.191977153717035520e+01
6.642187732006160465e-03 2.000664218773165004e+01 2.502178543134168365e+01 1.915077971299906423e+01 3.207590971843126937e+01 3.678995560006733001e+01 2.409292292561765692e+01 3.563992830942996193e+01 4.978206393847609945e+01 6.978206529252263124e+01 6.812149056003205772e+01 7.640577322139949956e+01 8.150696180810976443e+01 8.973010501961226737e+01 8.402613069093074216e+01 7.584267468665822776e+01 8.402613069093074216e+01 9.377075374062100366e+01 8.893106267391503650e+01 7.736563501336530635e+01 6.060166624849782124e+01 6.974911504746457069e+01 4.958716844619131336e+01 6.974911504801775664e+01 8.384001338822025673e+01 7.077172069658104192e+01 5.076856902690393269e+01 6.077014486174250862e+01 4.948995213378638880e+01 3.526567953292806123e+01 5.535109815693137847e+01 7.147782010279361486e+01 6.987439293355811287e+01 7.813703389125016940e+01 7.068292996594540512e+01 6.242585118530173105e+01 5.536049070405304917e+01
1.591255364720534126e-03 2.000159125536436378e+01 3.374392378943593940e+01 3.915077218710010243e+01 4.743475258923261606e+01 5.237720032654076618e+01 3.823505855034376566e+01 3.409292292561848825e+01 4.563992830955294977e+01 6.563992911311954970e+01 8.354998407185046005e+01 7.537402421290393306e+01 6.214095866871652873e+01 7.846688318650167560e+01 7.432672016335408216e+01 5.659205486068420043e+01 7.432672016335408216e+01 7.413315842638358788e+01 8.809603091224722959e+01 8.893106271666476914e+01 8.067003292322257835e+01 7.802836218118115141e+01 6.126920889089170430e+01 6.040645954435832721e+01 8.047758044495171248e+01 7.903614740499494928e+01 5.973717393966790468e+01 7.776339235103837666e+01 6.007927634717207610e+01 4.001931518130685816e+01 4.317007138351743833e+01 6.321231131253517077e+01 8.089390168138874060e+01 7.393736977436752511e+01 5.399883479150411603e+01 4.244229336136407937e+01 3.533497384527285590e+01
6.189296070378335485e-03 6.672855962737073376e+00 1.374392377460261017e+01 2.374392377460278780e+01 3.788605939857469451e+01 5.788605950979268044e+01 5.823505912697098807e+01 4.563992830955294977e+01 6.237720369198002857e+01 7.392421564274400225e+01 7.537402421290393306e+01 5.606033097369753193e+01 5.107610153204317527e+01 6.980515751259127910e+01 6.621736477367120699e+01 4.695568216117046489e+01 6.621736477367120699e+01 6.055101307129417876e+01 7.988487692772652338e+01 8.142131554588699771e+01 8.964810792005769713e+01 8.959046778868506067e+01 8.133288228035998202e+01 7.048780542293458495e+01 8.873587474796849506e+01 8.796144586265182852e+01 7.127438548204229107e+01 7.920257355050424053e+01 5.924066491648567023e+01 4.505498761879801606e+01 6.321231131253517077e+01 5.264561124822685656e+01 7.263575541867753316e+01 8.219326175422523306e+01 7.068292996594540512e+01 6.242553036653290377e+01 5.535934270075664898e+01
2.247884206357958405e-03 2.000224788420600319e+01 3.374392379101065131e+01 4.202819575439534105e+01 5.202819615492041549e+01 5.317258880172400382e+01 6.145686204767123684e+01 6.563992911311954970e+01 7.392421564274400225e+01 8.319835121454771354e+01 7.503957031701825997e+01 6.171718075370428380e+01 4.229541362266859750e+01 5.378827752473912227e+01 5.290816421009693471e+01 4.031278854328656536e+01 4.840343204291666979e+01 6.481643145589815447e+01 6.920560553221582722e+01 6.210658210622316489e+01 7.565734997224917890e+01 9.533675940681520444e+01 9.871607525914130576e+01 9.046735546696892527e+01 9.871607525914130576e+01 9.947381458667508980e+01 9.120689803789699113e+01 8.473239736957492596e+01 6.479433405145644542e+01 5.063520040582980641e+01 7.063405759380214022e+01 6.160872326610626004e+01 8.089387104997319966e+01 9.018961472952061342e+01 8.045649852738091568e+01 7.245721565264588548e+01 5.700123224863165206e+01
