LEM/sinusoidal_perturbations/elevation_000044.asc
nrows	100
cellsize	150.0
xllcorner	0
ncols	100
yllcorner	0
NODATA_value	-9999
[rows 17 to 33 of 100, columns 0 to 36 of 100]
5.222468517465790779e-03 2.000522246851711117e+01 2.975962574844450970e+01 3.530662771069582817e+01 3.530662771067581218e+01 5.066196675937278115e+01 6.066196677168570517e+01 6.204145774611129838e+01 7.027664491984866402e+01 7.167561785585711220e+01 7.989893222569175180e+01 7.446644915328042202e+01 6.623795013281802824e+01 7.446644915328042202e+01 7.802547837971464162e+01 7.802547837971464162e+01 8.624168297392378690e+01 7.432795890115889392e+01 5.437133701583092460e+01 5.437133701583092460e+01 5.751167096748822161e+01 4.287393621319805703e+01 5.441686286313279908e+01 7.437148949995298608e+01 8.911415873023561574e+01 8.260155517904647127e+01 6.266713618292597232e+01 7.263710348836769981e+01 9.258569585400364588e+01 8.313713721266236689e+01 6.319978162938230781e+01 8.313713721266236689e+01 9.796842548514410964e+01 9.166477039550791517e+01 7.159332308994690663e+01 9.166477039550791517e+01 9.985077542118190763e+01
7.333276091007126865e-03 4.595647953502223437e+00 9.759625748445399651e+00 1.530662771069764183e+01 2.237769552256299121e+01 3.237769552256334293e+01 4.651983114629479132e+01 6.651983114629950933e+01 6.902548338203226308e+01 6.067943261292725055e+01 6.902548338203219203e+01 6.450544151241551560e+01 4.629246495205388356e+01 6.450544151241551560e+01 5.811761792546376881e+01 5.811761792546376881e+01 7.802547837971464162e+01 8.259901363136795283e+01 7.432795890115889392e+01 7.432795890115889392e+01 7.111861936997168243e+01 5.287215100272866408e+01 4.936405593102431766e+01 6.089886721691584626e+01 8.084184632127274028e+01 8.964836060882466029e+01 6.971698498811359457e+01 8.964836060882466029e+01 1.009015597624843110e+02 8.944054353746795982e+01 6.950742252532388932e+01 7.947519613412909223e+01 9.943090648027229861e+01 1.000872232455066495e+02 8.312842645645839923e+01 1.000872232455066495e+02 1.037113195512903019e+02
6.343274376862209282e-03 2.000634327437650839e+01 2.092557957205645636e+01 3.530662771069582817e+01 4.237769552256369820e+01 5.066196677109824975e+01 5.588951935712728414e+01 6.415730851992530859e+01 5.892961778920115989e+01 4.047006329147723136e+01 5.892961778920066251e+01 5.626520754243596656e+01 3.629800682890699193e+01 5.454288343586947008e+01 4.399617956102507321e+01 5.811761792546376881e+01 7.802547837971464162e+01 8.049304479974006199e+01 7.900336309860298911e+01 8.725553046203148710e+01 8.109794428825411217e+01 6.698922997942270285e+01 6.348699789427928408e+01 5.720383689703800201e+01 6.872798237381003617e+01 8.865971509836785458e+01 7.967818355337242053e+01 9.795435628751876322e+01 1.035518982700656778e+02 8.359542903131325886e+01 8.101176592756529260e+01 9.774237545718594333e+01 1.077578431524008948e+02 1.117870623602599522e+02 1.033256330716911151e+02 1.003377250632106978e+02 8.289194578061743357e+01
3.497053469895897767e-03 1.000349705346980933e+01 3.000349705346945228e+01 4.092557957205473684e+01 6.092557957201822916e+01 5.262037562053275508e+01 3.589770971968535207e+01 4.876176398970813608e+01 4.046224503581954224e+01 3.044480731638158488e+01 5.056878919444762488e+01 4.331740105279874342e+01 2.923742061560686523e+01 3.457310645333441101e+01 4.870332568250464078e+01 6.864082296230374425e+01 7.463266007401577440e+01 6.052153883287439129e+01 5.902993420325953622e+01 7.315861604607836455e+01 9.311383070144819385e+01 8.692816854085613443e+01 8.342861380574211694e+01 6.386174907094186892e+01 8.379731123117210245e+01 9.693829044026712438e+01 9.375552929749474629e+01 1.079499267726237548e+02 1.118893267975567909e+02 1.035518982686641607e+02 1.009544677943504354e+02 1.092847822349335161e+02 1.130242115792342901e+02 1.048517165827178417e+02 1.103873009292415190e+02 8.721502255962336392e+01 7.110582409067465903e+01
9.635555453094322986e-03 2.000963555545273920e+01 3.000349705346945228e+01 5.000349705346874174e+01 5.858504676801182143e+01 4.434717698663503427e+01 2.436254763559690062e+01 3.280917941592058185e+01 2.045312307595687074e+01 3.609101903046558135e+01 3.779112306855645187e+01 2.335307641366338416e+01 4.331740105279874342e+01 5.454288342894260921e+01 5.809644636588582500e+01 6.636220858850796844e+01 5.821118807087974290e+01 4.638354103083040769e+01 6.052153883287439129e+01 8.049304479974006199e+01 8.612377037031883731e+01 9.436986018933414755e+01 9.207029949659397516e+01 7.795957042164576478e+01 7.795957042164576478e+01 9.789086426714958122e+01 1.137730919751457321e+02 1.083428313319061260e+02 1.001061078530695596e+02 9.961194255661078500e+01 1.078279329452352897e+02 1.156583599978442294e+02 1.028669584066092284e+02 8.616110779893068639e+01 1.028669584066092426e+02 8.455921711319092537e+01 6.390035400951311573e+01
8.845047570523793118e-03 1.415098067130159976e+01 3.415098067130230675e+01 3.869562349911468147e+01 4.152481829169042982e+01 3.058182538628756575e+01 3.059788555520955100e+01 1.282695537010814135e+01 1.442817528842230068e+01 1.611231339716067268e+01 1.781443736651509369e+01 1.973791370901038889e+01 3.971375936771770654e+01 4.449919824367171373e+01 3.809829476560842920e+01 5.113978532064989935e+01 3.821024977901853958e+01 5.821118807087974290e+01 7.463266007401577440e+01 7.349552945287251760e+01 6.615676830008642639e+01 8.028240203245192674e+01 1.002260810344139372e+02 9.789086426714939648e+01 9.789086426714956701e+01 1.061810285726495806e+02 1.083429188584895115e+02 9.694104881432846810e+01 8.041428266835538352e+01 7.994199243165887481e+01 9.644354493069252499e+01 9.545274631376196339e+01 9.467465973049527861e+01 7.567273630274094387e+01 8.478950373157246645e+01 7.849293252505900398e+01 5.792357637716030183e+01
8.023991185656003874e-03 2.000802399118530062e+01 3.262318555535514975e+01 1.820969419524499955e+01 2.297495417325339062e+01 3.060250510269122159e+01 1.061835751347503631e+01 3.060250742830420023e+01 2.596200202049026018e+01 3.609101903046921223e+01 3.282567434932286687e+01 3.395073055715505461e+01 2.249440859522162128e+01 2.451044110635958972e+01 2.655666242275738398e+01 3.113565478308786538e+01 5.113978852274529174e+01 6.647784183203947350e+01 6.350697214344322816e+01 5.351841483401397426e+01 7.349552945287251760e+01 8.172875843041427402e+01 8.998017974098958405e+01 9.995310110468861353e+01 1.081685289069415603e+02 9.984581043545605894e+01 1.001061083323324681e+02 8.041428266835748673e+01 6.914587426075613052e+01 6.867365883600257348e+01 8.766399289883054280e+01 8.009407194785066508e+01 8.399815368881257882e+01 8.478794202579123862e+01 6.569515233483920724e+01 7.641186023392863547e+01 7.058002795843003696e+01
4.598823041778624977e-03 2.000459882304142312e+01 2.220079692955440009e+01 4.028535386364295867e+00 2.007360526665405942e+01 2.655991086325176553e+01 9.084430134701877435e+00 2.906982829190989648e+01 4.594762273669341823e+01 5.422173218680202922e+01 5.301826630618128178e+01 3.838586204042174188e+01 3.402876430052063483e+01 4.449919824367171373e+01 4.655052535761963384e+01 2.990464612813277157e+01 4.990777611732183772e+01 5.761202275780654247e+01 4.351622615121442550e+01 4.906823590635237053e+01 5.509638355095113837e+01 6.175580071937822169e+01 7.174541966966320672e+01 9.171209719102579072e+01 9.675303855820286003e+01 8.020640240677508359e+01 9.675295211517516236e+01 9.694073485870072204e+01 7.950166553083556664e+01 5.975345481335882880e+01 7.272810371966247089e+01 7.479890072044433680e+01 5.980147104750891884e+01 7.584438113945054738e+01 7.556644239558180232e+01 5.706644365000915542e+01 6.845718188499753865e+01
7.340434288523949372e-03 1.177751906249828284e+00 2.350172669770924205e+00 2.185164386706058792e+01 5.727972538918099765e+00 6.934017912111157145e+00 2.683950320444932913e+01 3.727090885617172233e+01 4.637203516978301110e+01 5.464635221826146250e+01 6.656878992582771559e+01 5.821848722917241759e+01 5.402467093113153851e+01 6.229366370387345597e+01 5.545628494816033793e+01 3.545085180451625462e+01 3.368110334713308873e+01 3.760790727224517838e+01 5.761202275780654247e+01 6.904850047875116559e+01 7.507110585195579233e+01 8.172875828396364284e+01 8.998017974098958405e+01 9.995310110468855669e+01 8.850699292334881818e+01 6.898700990303801461e+01 8.850699292333835899e+01 8.854593270596966192e+01 8.035772515318346620e+01 7.272216535998624920e+01 5.276104894531663803e+01 5.970312232812678133e+01 4.712620740680835496e+01 4.747450379485697880e+01 6.559564237451398583e+01 6.823738121010364921e+01 4.884798913035513834e+01
3.515918393995972821e-03 2.000351591836929188e+01 2.235015540971255987e+01 1.862284101535376379e+01 2.729142358783888156e+01 2.692096213521376313e+01 9.791145520842583494e+00 2.977589952996359202e+01 2.638558080309725185e+01 4.310901937846630005e+01 4.953264355363292992e+01 4.953264355363293703e+01 6.952035624816011250e+01 7.177113662713551889e+01 5.178960570579622669e+01 4.253142458892477862e+01 5.368889294341367702e+01 3.903350276236492533e+01 5.903434204028511800e+01 7.082820666130092491e+01 7.748623186633149373e+01 8.574093448510114968e+01 9.571642447666718567e+01 9.546913483706335057e+01 7.586318792948790701e+01 6.199326162008256347e+01 7.391303036664403692e+01 7.828205978796439979e+01 6.078880622054440153e+01 6.571004620633112836e+01 5.074910409509556786e+01 4.663339897092434683e+01 5.123461454337957832e+01 5.769627635969710155e+01 4.797253739362845693e+01 4.832952303691021712e+01 6.823867432629423035e+01
4.608085242692564441e-03 1.415014217201392555e+01 3.419579091266525239e+01 3.820088666897022023e+01 4.601051929000934848e+01 3.803685800538371353e+01 2.974736517784750944e+01 1.270830597096267134e+01 1.485226274127101753e+01 3.483285441298149721e+01 2.954326345289789302e+01 4.367648767122020814e+01 6.367065450832470930e+01 8.002825629252235728e+01 7.007737431994628707e+01 5.009600291081046919e+01 6.730036218176594787e+01 5.903434204028511800e+01 4.481623093783837675e+01 5.084963748924732130e+01 5.751215640784820238e+01 6.750153550145830650e+01 8.747092855604203976e+01 1.013043206215586878e+02 8.160563671728242241e+01 7.391303036517629721e+01 5.396045475499306576e+01 6.671450151399754702e+01 4.596391513043294452e+01 4.580215934443094739e+01 4.614341848979393035e+01 6.603124460730569467e+01 5.615759846586738746e+01 6.579186815220997175e+01 6.768059356308447150e+01 5.034362181854378093e+01 6.966574041709414189e+01
1.610643649003322799e-03 2.000161064364864671e+01 3.299324426544306021e+01 4.127751551290525356e+01 5.127751551290543119e+01 4.682961114729304342e+01 2.683710603310534992e+01 2.683676876758603314e+01 3.483285441298149721e+01 1.801303667527282215e+01 3.799176957153985512e+01 4.969469701948428053e+01 6.382724460150699741e+01 7.329394424618922699e+01 7.833672881285590961e+01 6.422886468054907994e+01 7.007737432141665579e+01 7.057181241335113953e+01 5.059305313551306682e+01 7.057181241335113953e+01 7.748623186633149373e+01 8.574093448510112125e+01 9.571640541255698054e+01 1.067317091376039002e+02 9.843438267872080871e+01 7.679377442612536697e+01 5.777889204758926667e+01 4.619989548499610521e+01 4.531461845887520212e+01 6.524278264030701280e+01 4.843954965426189574e+01 5.629246827071062853e+01 7.493555159056448645e+01 7.998838646644509254e+01 7.768155686254469572e+01 6.966577738218235538e+01 5.521964388743289476e+01
2.022278438842990342e-03 6.326577598775628530e+00 1.299324426544235322e+01 2.299324426544253086e+01 4.299324426544323785e+01 5.512032859016789388e+01 4.683236763479147413e+01 4.682337446164762440e+01 3.432350114699980281e+01 3.799176957153985512e+01 2.143890046566155760e+01 3.556214943746167734e+01 4.503669858541501014e+01 5.503579030956885276e+01 7.502183949158737164e+01 8.419692561606905201e+01 9.003448798295308109e+01 7.883110224476939720e+01 6.472332285643614114e+01 6.213095773063245986e+01 7.366636204161387980e+01 9.362585020172514305e+01 1.068687908243613123e+02 8.704114499726625809e+01 8.225976298684953747e+01 8.815074911130272994e+01 7.500787741244914741e+01 6.487966152305455125e+01 4.495615933050240187e+01 6.480459521976159465e+01 6.919613674506736345e+01 6.697285274555640910e+01 6.877582880194819381e+01 8.817085955631003458e+01 8.537408174107704895e+01 6.584425834938750199e+01 7.493493838007377406e+01
6.642187732006160465e-03 2.000664218773165004e+01 3.299324426544306021e+01 4.127751551290525356e+01 5.127751551290543119e+01 5.973877105948954380e+01 6.207258718121553898e+01 6.258489830670303888e+01 5.431369230030599482e+01 4.141818953669364589e+01 4.141818953669364589e+01 2.505283021878141980e+01 3.503760686126121726e+01 5.503579030956885276e+01 6.871590624114254808e+01 7.697937150866181355e+01 7.785425823498346176e+01 8.610996726097231146e+01 8.469131522105270449e+01 8.210223433959775718e+01 9.035249768567304329e+01 1.018642284358471812e+02 1.014411766892897191e+02 8.254041617479016679e+01 6.928236234648515790e+01 7.926498386545246433e+01 7.393606759782844051e+01 6.517873499316507946e+01 4.459297946690383441e+01 5.998683819312972787e+01 7.108284609684966426e+01 7.943232459762849373e+01 8.817085956167633753e+01 8.817085956261048807e+01 9.361000244955559424e+01 7.556537666569231249e+01 8.714705750632846559e+01
1.591255364720534126e-03 2.000159125536436378e+01 3.028789343299495940e+01 3.485953932325065807e+01 3.983592774936025904e+01 3.983592774936026615e+01 4.217832806796774037e+01 6.207258718121553898e+01 6.967595363351993853e+01 5.658263033896837868e+01 3.658450172193811767e+01 4.503669858541501014e+01 2.916816494333118115e+01 4.916088100966156560e+01 4.871776954348742805e+01 6.153568322333440932e+01 5.786816718104739010e+01 7.187959704754868540e+01 7.790605187362864115e+01 8.616298913530654602e+01 9.768375796629145214e+01 1.110740281424602642e+02 9.960709927415774700e+01 9.167842752018242436e+01 7.927616067140603207e+01 5.999549447498662857e+01 5.473963562626600776e+01 6.584862030419948553e+01 4.422378445656531198e+01 4.813813657131105828e+01 5.904264389589902606e+01 8.252227151587807441e+01 1.041293532524264833e+02 1.077834522578488787e+02 1.034799049645716451e+02 8.936274958196989360e+01 9.461134367922653610e+01
6.189296070378335485e-03 2.000618855291796194e+01 1.034450179329155262e+01 1.493236992070361424e+01 1.993058317150116920e+01 2.595256399220212984e+01 3.485257558623834484e+01 4.629667072918657311e+01 6.620426118550601302e+01 6.485443762159420089e+01 4.813125974992468059e+01 5.740957088858682056e+01 3.915985161993675945e+01 3.363166871521072210e+01 3.716381006539244680e+01 4.152950232243446749e+01 4.653485237873350400e+01 5.188553865817339528e+01 5.791856239949518681e+01 6.946375288576871299e+01 8.943844675738877470e+01 9.796279601058867570e+01 7.729787422544045228e+01 7.908783284041446393e+01 8.667101956407628904e+01 7.924945638963438910e+01 6.708746016694078662e+01 4.800562731926593329e+01 4.384923308071635262e+01 4.736861657409556159e+01 5.454722690020921050e+01 8.445549546825391474e+01 9.636492859848446813e+01 1.037018677259776496e+02 1.118195810596130571e+02 1.092340515652360153e+02 1.029636630737380472e+02
2.247884206357958405e-03 4.172535747495690117e+00 2.413318131037452474e+01 3.485953932325065807e+01 3.983592774936025904e+01 4.582899263515842847e+01 5.409576543220899225e+01 6.299979727055064416e+01 7.452457184267757384e+01 7.639255571996365290e+01 6.812745496655259103e+01 6.737808572792309292e+01 5.330437661352397782e+01 4.118995508848506404e+01 5.716997663546046482e+01 4.871776954348742805e+01 6.653596017153466846e+01 7.187959704754868540e+01 7.790605187362864115e+01 7.205726918067182396e+01 9.202626237433788958e+01 8.938178105895008230e+01 6.880779078473374000e+01 5.842105941854332940e+01 6.940668413200894804e+01 6.430303899632168907e+01 6.258076179630010216e+01 4.331395780896519909e+01 6.197370965828220335e+01 6.566663489314441904e+01 7.512183478276207893e+01 6.783511177743449139e+01 7.614609751750012379e+01 8.422269772489320872e+01 9.794833144699487093e+01 1.171308038912416549e+02 1.145575865110731968e+02
