LEM/sinusoidal_perturbations/elevation_000247.asc
nrows	100
cellsize	150.0
xllcorner	0
ncols	100
yllcorner	0
NODATA_value	-9999
[rows 17 to 33 of 100, columns 0 to 36 of 100]
5.222468517465790779e-03 2.000522246851711117e+01 3.575781330700785787e+01 4.462812515386315226e+01 5.626745581076871616e+01 6.041670421027919247e+01 4.057239741758998264e+01 2.672791734921594298e+01 3.788488224832701690e+01 3.424825624371985100e+01 1.985583467640427813e+01 4.030731839363566138e+01 5.549038842507612657e+01 4.718275224835392123e+01 3.374411887664351895e+01 5.355173208383606465e+01 4.948287190597235963e+01 4.091946685254722382e+01 3.623027379010662941e+01 2.599633046534427194e+01 8.357375261278230383e+00 2.205763870614103439e+01 3.703359625539808064e+01 4.368007702895100408e+01 5.196350527874745495e+01 3.440491756658165201e+01 1.498931866750092112e+01 1.182075966584222115e+01 2.550465087445464363e+01 2.516404884990181046e+01 4.514394841216854815e+01 4.030871690685194864e+01 3.045525316024360052e+01 4.763069197756252038e+01 5.695513651497145702e+01 4.827212858716242039e+01 3.328553302734478336e+01
7.333276091007126865e-03 7.003855148861190649e+00 1.543727687978148744e+01 2.720441186822450419e+01 4.795526417514074069e+01 5.860611476075216331e+01 3.932522763770600704e+01 4.534413478288972499e+01 5.359974670486683124e+01 3.371929633769491375e+01 2.504245361414537641e+01 3.650990380322379281e+01 5.720407705834222156e+01 5.830172743341906028e+01 3.852003100952985903e+01 5.830172743341906028e+01 6.647036316611992390e+01 5.615856732245710248e+01 3.733223154164409863e+01 1.692193758814105564e+01 2.863357544875048433e+01 8.807123452124558938e+00 2.900297210551006799e+01 2.352489436136184864e+01 4.357744379100152088e+01 4.041788570861225338e+01 2.182010734294669874e+01 1.148624562016715700e+01 2.290098565498523442e+01 4.247990972000688004e+01 4.241296551649237045e+01 5.548295106254099807e+01 4.763069197756252038e+01 3.935999127158842015e+01 5.712818247865103416e+01 5.051422047451660546e+01 5.438190971756446146e+01
6.343274376862209282e-03 1.414847889810768677e+01 3.414847889810697268e+01 4.376515293023564368e+01 5.509297097386397013e+01 6.674423794824240019e+01 5.860067068203554186e+01 6.445343426207794835e+01 6.579039732529274431e+01 4.816848056606360728e+01 3.041010878342228452e+01 5.103676456649580473e+01 6.583076893358177983e+01 6.351352203904303195e+01 4.377558833774936886e+01 6.351367437845544828e+01 5.790813835779272267e+01 3.730420009709434481e+01 2.705836402851726774e+01 3.733226331199065129e+01 3.744087163528936912e+01 2.862443846963756044e+01 9.256825319356133619e+00 2.927818706795802228e+01 3.017409380069621250e+01 3.060512790372252567e+01 3.101150671340592524e+01 1.115103393031509782e+01 3.084013461501733389e+01 4.953771050273896037e+01 6.361735624613144324e+01 7.223311874376628339e+01 6.529085552678225213e+01 4.916409408357088040e+01 6.528838514947644001e+01 6.544512497670608298e+01 7.038124505864094260e+01
3.497053469895897767e-03 9.001000729943571699e+00 1.826213127180629670e+01 2.885359175033588741e+01 4.711225419751097121e+01 6.006821241112342591e+01 5.926124347518572222e+01 6.775239663431801773e+01 7.436917557028361614e+01 5.171646884862197879e+01 3.866489225666592233e+01 4.825266537305761716e+01 7.082919101766974279e+01 6.935304981834242710e+01 4.968832994920463619e+01 6.935304981834242710e+01 6.647036316609721496e+01 5.615856732238214732e+01 4.760616922744359414e+01 4.494529255848836868e+01 3.346737465726461380e+01 1.313599464118308546e+01 1.318493397723836047e+01 9.709985450269298823e+00 1.003078511715370880e+01 1.035209651093543037e+01 1.067618474761087910e+01 1.433529390701171735e+01 3.436778503478551983e+01 5.191480896200079798e+01 6.048719672802867109e+01 6.297197015295914468e+01 7.155397394050788762e+01 6.800732954431535404e+01 7.641667516331607146e+01 8.642991164766220891e+01 8.253305855214075848e+01
9.635555453094322986e-03 2.000963329978021221e+01 3.274927925801615203e+01 3.514339695630761895e+01 3.206610492392420042e+01 4.277956475766642086e+01 3.910982357020382238e+01 5.773888644400400949e+01 6.675364312720084570e+01 6.810462097458480457e+01 5.057074575563262897e+01 6.810462097458480457e+01 7.928581417125661801e+01 6.287979343615243266e+01 6.513027499826496580e+01 6.935304981834244131e+01 6.611138737791382880e+01 4.546977945290540646e+01 3.351550245670716777e+01 2.430851292999415136e+01 1.717024579689458719e+01 3.346737464685833174e+01 3.274682530957981896e+01 2.135952288669537324e+01 3.036887148392751001e+01 2.764579031652152352e+01 1.161459611847722684e+01 1.259742024112594905e+01 3.289913092655707771e+01 3.128884025158770399e+01 4.833429206445324411e+01 4.227116727854260603e+01 6.297197015295914468e+01 6.543366557185348142e+01 7.403676444641270393e+01 8.070771568201450918e+01 7.211847286042751648e+01
8.845047570523793118e-03 3.436012085972370400e+00 2.422428582048726042e+01 1.438341721071012813e+01 1.869403924805702388e+01 2.332955873467708230e+01 2.957096442076005260e+01 3.824647945607403443e+01 5.245429210487820626e+01 7.269874102010081174e+01 7.152993620875687952e+01 8.020120551838800793e+01 8.983490871536956490e+01 7.593219967928639846e+01 8.754107053071696498e+01 8.934604240531353980e+01 7.467107753888718946e+01 6.274969751595985201e+01 5.350503332112727861e+01 4.094054379200331084e+01 2.036736035696831237e+01 4.093954650111975013e+01 5.056047897070268959e+01 4.194899955810834768e+01 3.617206635731913167e+01 1.573816335793519983e+01 3.178565777327150954e+01 3.284963373752128746e+01 1.473267379782950925e+01 3.507377603162625235e+01 2.768986642079697802e+01 4.833429206433316949e+01 6.205739267440059592e+01 4.469341626116715815e+01 6.205739271329660056e+01 7.037841698101199484e+01 5.149204705649539449e+01
8.023991185656003874e-03 1.539360217619461224e+01 8.455187042759485294e+00 1.565395527885728022e+01 3.193829506140102126e+01 3.684574225089207289e+01 4.937809099831171977e+01 5.773888644400400949e+01 6.675364312720084570e+01 6.481947549224589977e+01 7.310693182190441064e+01 7.389706570588388956e+01 8.218369408011565724e+01 9.536196633270185430e+01 8.880295656581327535e+01 7.689949116388885386e+01 6.768947115389511282e+01 5.915046354415117946e+01 4.610871177887850081e+01 2.543292133405081046e+01 4.094054379200331084e+01 3.714933270429456513e+01 5.781188602685057276e+01 5.281127983121004377e+01 3.937442120465710360e+01 1.887498520382860079e+01 3.937284602914332510e+01 4.320997467384935220e+01 3.503394170616464720e+01 1.690731403394500632e+01 3.729938239228278718e+01 4.170802438528465927e+01 4.363274225989110988e+01 3.267878749694739327e+01 5.344629122115259889e+01 5.490368753889368492e+01 4.110054281253370334e+01
4.598823041778624977e-03 1.158229637410181034e+01 2.092945166574478932e+01 3.385505962902336563e+01 2.849895773520006870e+01 4.679368506223593727e+01 6.489584011111638517e+01 6.956349864740305122e+01 6.155596234401843958e+01 4.481295056662114007e+01 6.155596234401843958e+01 5.388614380374549029e+01 7.063126755545007995e+01 8.376091575876579043e+01 8.024885991348551784e+01 5.964554016027190642e+01 4.777485063662893339e+01 3.850333529194410431e+01 3.114821839266259573e+01 3.737591100499218300e+01 5.465492798634594607e+01 5.781192395644854543e+01 5.807435629335963512e+01 4.424199752966242727e+01 2.359352122507094052e+01 3.937442120465710360e+01 4.793262762575585612e+01 4.259502607775586824e+01 2.203418068710044508e+01 3.533239417996993836e+01 1.936702207307430257e+01 2.113789409354247084e+01 2.299244261773107922e+01 2.489103034476501008e+01 4.558846634990577229e+01 3.413520580942323335e+01 5.490368753889415387e+01
7.340434288523949372e-03 2.000651068656238962e+01 3.849746190297349813e+01 4.735720019603706277e+01 4.679399266868737328e+01 5.476101486746993885e+01 6.784758991494302904e+01 4.955863266339768103e+01 4.955863260921341151e+01 3.327603588423418302e+01 4.969181016303762988e+01 4.233927402713492683e+01 5.546498666316892212e+01 7.082631971134129856e+01 8.083160198904703009e+01 7.183133398572606154e+01 5.124612397120444029e+01 3.930599333117949357e+01 4.153688961627410237e+01 5.799993488446673240e+01 6.614998071473361563e+01 6.381845028446615231e+01 4.950435947936857417e+01 2.878967520816980752e+01 4.424199752966243437e+01 5.281127983144694582e+01 4.822916603041156947e+01 2.754579074503671166e+01 4.259986429622701820e+01 3.953505147399343400e+01 3.986077214573652583e+01 2.882235031053154728e+01 4.363274225989110988e+01 4.558846635243867951e+01 2.774191425983296710e+01 3.291071893612024013e+01 5.368895356735543345e+01
3.515918393995972821e-03 2.000351591839364218e+01 3.828888624901412641e+01 5.243095869597799918e+01 4.807684047211287748e+01 5.636235725521485307e+01 5.817559406187419313e+01 3.956829564506878683e+01 2.957795890014738305e+01 2.513761504031149130e+01 2.970591251195387628e+01 3.546611668731195977e+01 4.253173052716085323e+01 5.253239020404731008e+01 7.254444843725713099e+01 8.037978995105872571e+01 5.994645744251701558e+01 4.714591706791323134e+01 5.612931944230681580e+01 7.072014719242973513e+01 7.000510535240461252e+01 4.920667678217738938e+01 3.454702969509461497e+01 4.950435947936857417e+01 5.807435629343377315e+01 5.462115966350582141e+01 3.390873302252701649e+01 4.822916603041156947e+01 4.443358002336026402e+01 5.981062466726514515e+01 5.811615772141972514e+01 3.918201899549817568e+01 5.811615772141972514e+01 5.109214652304265769e+01 3.031013367407796721e+01 5.109214652304265769e+01 4.080683539907212776e+01
4.608085242692564441e-03 1.000460808524277923e+01 2.414674370949476767e+01 3.393310894831218150e+01 2.807458352858988704e+01 4.807684047211305511e+01 4.404444149778812800e+01 2.991328893346047479e+01 1.962012315020174213e+01 2.386038478108655880e+01 4.382470263487766715e+01 5.546498666316892212e+01 6.253841932065221698e+01 7.082631971134129856e+01 8.083160198904559479e+01 8.910234985928974538e+01 7.626967136149106352e+01 5.743208642193109625e+01 7.626967136149100668e+01 8.535959952037536880e+01 7.795844611964488990e+01 5.965126097009457595e+01 3.899072152434458616e+01 5.360455821568054802e+01 7.424929276743971229e+01 5.936788445696043226e+01 3.867739076949290933e+01 5.936788445696043226e+01 6.511758703663797121e+01 7.368529455778855208e+01 6.847158174780321360e+01 5.383447950596167431e+01 5.884477478006807871e+01 3.876550559362569714e+01 3.326911778922959684e+01 5.406265134017080243e+01 6.151645345862689851e+01
1.610643649003322799e-03 2.000160923101703858e+01 2.382495824690010622e+01 1.393214049977531666e+01 2.782385321438131953e+01 2.996739877408175090e+01 3.215261699989018496e+01 1.581800063406765489e+01 3.576432836289968265e+01 4.382470263487766715e+01 3.032225334502739500e+01 5.030938448788204198e+01 6.315632757132298281e+01 6.982674563958619274e+01 7.811302575209907673e+01 8.812097009225037425e+01 8.657228866825185776e+01 7.801669074745188937e+01 8.657228866825151670e+01 8.401545869356147023e+01 6.329929411397302630e+01 4.875719397296018798e+01 5.093490138736595441e+01 5.093490138736596151e+01 7.155802958862194885e+01 6.721178754481438489e+01 4.653928170946579002e+01 4.846598779410960134e+01 6.303103607912442641e+01 8.371851806656832196e+01 8.310868367248181698e+01 6.825400869659782188e+01 4.829400937210684219e+01 5.884477478006807871e+01 5.406265134017080243e+01 3.762906751098054059e+01 5.839202789654241599e+01
2.022278438842990342e-03 1.908947456930029762e+00 3.824600027372336619e+00 5.767171752086873049e+00 7.804820951574090948e+00 9.967344515722983189e+00 1.218318280189577507e+01 3.215261699989018496e+01 4.404443752546625035e+01 5.341363734761159776e+01 5.030938448774325877e+01 3.737985366626597283e+01 4.314924547556527301e+01 4.981549294544583972e+01 5.981960408610333957e+01 7.983391095328926212e+01 9.469691059981263948e+01 8.689186115328475069e+01 9.469691059981263948e+01 9.012456455240622688e+01 6.936682794703868637e+01 6.062458886460020580e+01 6.548316889001760899e+01 6.280416686039044549e+01 8.015751258285089875e+01 7.582985410417629168e+01 5.686391537576211874e+01 6.303103607912442641e+01 6.303103607912442641e+01 8.371851806656832196e+01 8.277694395454321352e+01 6.223841194745038052e+01 6.223841194745038052e+01 7.688126245628789945e+01 6.527674784127901830e+01 4.462254916670083560e+01 4.265329786006142143e+01
6.642187732006160465e-03 2.000664218773165004e+01 2.382495843547387082e+01 2.576774777157535112e+01 1.368499466957269917e+01 1.876917750878867963e+01 2.926217266187576271e+01 1.883055512802957665e+01 2.514867053865309643e+01 4.512434152757793981e+01 6.494650153054537611e+01 4.892365479656961469e+01 6.315632757132298281e+01 6.982674561319586815e+01 7.811459436941215984e+01 8.812115116699702355e+01 8.545774559011250915e+01 6.856460567637057579e+01 8.545774559011250915e+01 9.225966852526309481e+01 8.992746176149584869e+01 8.130894861960680942e+01 8.622404067671972427e+01 8.351602845662793584e+01 9.212955019734289408e+01 8.620267042905274479e+01 7.147710398284542066e+01 8.371851806656832196e+01 8.371851806656832196e+01 9.229630655554892371e+01 9.152411296514669914e+01 8.277694395454321352e+01 8.277694395454321352e+01 7.717607761099039010e+01 5.656583387383328443e+01 6.527674784127897567e+01 4.926215182779701252e+01
1.591255364720534126e-03 1.414372687909579618e+01 3.414372687909649784e+01 4.049464176748243460e+01 2.015610499545193335e+01 3.886959329121905427e+01 4.554206915581952586e+01 2.632704813596410176e+01 4.512434003433132546e+01 3.666791593549212536e+01 5.667215289489052310e+01 6.893342820414792982e+01 7.722100796021456404e+01 7.467976732352586566e+01 6.649187424912736333e+01 7.467976736898629042e+01 7.772822397001854711e+01 5.944541733881339240e+01 7.772823341482764192e+01 7.388902272887337119e+01 8.698850803173358770e+01 8.416814472454400686e+01 9.189849136203653757e+01 8.730219066589407362e+01 7.890045351970020704e+01 8.730219066589407362e+01 9.235628978201792449e+01 9.477182506658245131e+01 8.644124213577461546e+01 8.382007566750972671e+01 9.215232183299879409e+01 9.092644476351851779e+01 9.925371524488191710e+01 8.577309798538617258e+01 6.841209055586818977e+01 7.669705680955772209e+01 5.614111138545692370e+01
6.189296070378335485e-03 2.000618929607002272e+01 3.828651913166935117e+01 4.920176650541102248e+01 3.194012147055995143e+01 4.920176650541102248e+01 5.470405492353606292e+01 3.635471916486486776e+01 5.470394982484828716e+01 5.667215259240287395e+01 5.666569311523522856e+01 7.661904183796082179e+01 7.785751191109979175e+01 6.495802453686808065e+01 4.718253235164166881e+01 6.495802430296241425e+01 7.163395988438341533e+01 5.326426499345750187e+01 7.163395988438341533e+01 6.103543393786156912e+01 7.139156552324665483e+01 6.609933313733523619e+01 8.416814472454400686e+01 7.710779007014872377e+01 5.846807150035935763e+01 7.710779007014872377e+01 8.342646573196711302e+01 8.316217726633698248e+01 6.633411186255590053e+01 6.372298850816004290e+01 8.054609510410604400e+01 7.080261039995014016e+01 8.763860033013034467e+01 9.775042139583646872e+01 8.914790656672535363e+01 8.529933168128999910e+01 6.635081746389423074e+01
2.247884206357958405e-03 1.000224788420644551e+01 2.414438350793764698e+01 4.414438350793835042e+01 5.273998110995186295e+01 6.110990303030398962e+01 6.488753851205861167e+01 5.646132959409413843e+01 6.476855467890730722e+01 6.022110392584853855e+01 5.794360454377411429e+01 6.671573304403707994e+01 6.846217578160803896e+01 5.022442636546411876e+01 3.809759390168564153e+01 5.683720328094895535e+01 6.633108601251139191e+01 4.776405889946930472e+01 6.633108601270158999e+01 5.182623752955345253e+01 5.335695752716436857e+01 6.963121120392519003e+01 8.228935504282928548e+01 6.868426251002969707e+01 4.836470975055015487e+01 6.316403059686069810e+01 6.316403059686069810e+01 7.483238505990094325e+01 5.472499297599838997e+01 5.210662622638975705e+01 6.770049460336144875e+01 5.920325220869870009e+01 7.930794357658484728e+01 8.942994553872567565e+01 1.010492552593201054e+02 9.566261822570304219e+01 8.704329615522163976e+01
