LEM/sinusoidal_perturbations/elevation_000140.asc
nrows	100
cellsize	150.0
xllcorner	0
ncols	100
yllcorner	0
NODATA_value	-9999
[rows 0 to 16 of 100, columns 0 to 36 of 100]
8.271705653423140972e-03 2.000827170565306901e+01 3.179827610114738690e+01 2.813053167560366674e+01 4.222830543195357933e+01 6.186439278613398329e+01 6.617254942867906209e+01 5.809992266116239534e+01 5.979558911627036366e+01 5.128237881958052924e+01 5.401634098726186295e+01 6.242265610391664410e+01 6.506257443306591881e+01 5.704042579370695876e+01 5.701576050115326666e+01 6.265121345578235434e+01 6.056126692476365747e+01 5.540033123962085426e+01 5.762974812589631313e+01 6.600897204121162076e+01 6.725286951430844340e+01 7.558692931448405261e+01 8.449913238049600750e+01 7.850046058865557086e+01 7.850046058865557086e+01 8.694648555206707385e+01 8.912176538387161884e+01 8.054541499814862959e+01 8.054541499814862959e+01 8.247260502994599562e+01 8.247260502994599562e+01 9.105412034452989190e+01 1.033373272950221207e+02 9.183263959773748297e+01 8.356618010559586196e+01 8.441832512099557562e+01 9.268605618327018192e+01
7.813061968023241044e-03 5.781315736140644646e+00 1.181154214053035112e+01 2.595308818609361623e+01 4.596561131116226306e+01 5.863038801349329532e+01 5.063434771824415748e+01 3.817130368217307534e+01 4.738187446479892628e+01 2.940523304670745119e+01 3.228667040327303539e+01 5.400851147809313346e+01 5.703086009710965243e+01 3.686542130605988632e+01 3.686492334183712671e+01 4.276537093501170261e+01 3.993108723459034337e+01 3.460808789862995383e+01 3.689267019824761462e+01 5.282668407696031210e+01 4.685117343977695015e+01 6.725286814462891982e+01 6.436774206088561812e+01 5.851377878022188384e+01 5.851377878022188384e+01 7.850046058865557086e+01 8.054541499814862959e+01 6.043603475304789896e+01 6.043603475304790607e+01 6.226541613605877501e+01 6.226541613605877501e+01 8.247260502994599562e+01 9.505372609563937658e+01 7.515671278659988275e+01 6.364253256123228653e+01 6.449665330155087872e+01 7.698827144907305353e+01
2.526786264046545528e-03 2.000252678626369018e+01 3.179827610095351531e+01 2.813059360119282815e+01 4.802144034194798650e+01 5.063782983169397056e+01 2.991460547827982452e+01 2.541732326308065382e+01 3.863998433308357505e+01 1.698752508950893869e+01 3.864856727933690195e+01 4.766510193784553451e+01 5.254798108356889941e+01 4.276570400304139241e+01 2.165264185989112988e+01 4.186472814514502261e+01 2.471628772919179085e+01 1.913447137170440726e+01 2.540784405759379183e+01 3.206330945190103421e+01 4.419121603483677063e+01 6.462295711372757978e+01 6.436774234849433185e+01 4.523448706232520067e+01 5.831727579943533613e+01 7.813303182062321639e+01 7.929879024830617595e+01 6.632593586137912212e+01 4.707046588018962296e+01 4.880650023082679212e+01 5.968914354402393485e+01 7.372851460893120645e+01 9.441725467804040761e+01 9.183263959773748297e+01 7.291654253333177849e+01 5.287533146700944542e+01 5.690440816652021994e+01
4.163169627051843593e-04 1.414255194069377985e+01 3.414255194129058424e+01 4.802144041957696174e+01 4.931102938787554990e+01 4.094506063356034531e+01 3.597955780136058479e+01 1.361602070351415783e+01 2.898355357200205518e+01 1.111840634545859174e+01 3.077651881373650156e+01 3.016849299567080678e+01 3.668701970792704969e+01 3.607592530313250734e+01 1.462623203309746778e+01 2.751925255793270608e+01 1.185998297339643237e+01 3.370186406800808498e+01 4.656629287987151855e+01 5.282668729210706715e+01 6.121871469263655285e+01 7.296579881564325376e+01 5.831727581899756530e+01 3.957494069967982853e+01 5.257509898541353976e+01 7.218011700818081522e+01 7.079957688955926187e+01 5.125948428107835753e+01 4.052388379242322713e+01 5.951809916206259743e+01 7.001392062638181812e+01 7.024128339563482371e+01 7.887510301780264399e+01 9.092029184076258730e+01 7.218416171840775064e+01 6.539284757652353619e+01 4.507184105215718972e+01
5.883922493566802643e-03 1.534313090338074481e+01 3.716698406639104491e+01 4.986848700134238044e+01 4.091762852148390550e+01 1.870498484850602239e+01 2.506977022234070418e+01 1.425388375267084129e+01 3.976926390448310755e+00 9.645821143525612484e+00 1.498827210887446348e+01 2.200389321703926626e+01 3.454868541484050581e+01 3.609837974266135774e+01 2.636858701246259429e+01 6.079215482226546285e+00 2.751921945821939275e+01 3.713348899090260602e+01 3.713357732678151280e+01 5.765652562133212200e+01 6.953622946331913113e+01 6.124037018246223596e+01 5.363169193669519785e+01 3.517554841709120694e+01 4.797884894525685695e+01 6.727886254803422617e+01 6.933160609007637731e+01 4.985212295858380571e+01 3.659061947572403284e+01 5.048841101794211284e+01 5.048841101794180730e+01 5.023673087573149587e+01 6.576032756286450365e+01 7.486340375229862332e+01 8.609767789145102768e+01 7.245912948400103915e+01 5.089413959837571610e+01
1.256007409845548732e-03 1.755950153252553392e+01 2.343610802582137254e+01 2.624418836292781521e+01 2.542196435242350105e+01 2.159292162890109168e+01 2.107273079070409505e+00 2.425099363224117788e+00 2.737932098611577825e+00 1.304856974304143158e+01 1.982650131898368429e+01 2.247803962515136078e+01 2.360420089186703763e+01 4.558977854218998260e+00 4.870631528692481282e+00 5.181264128569353922e+00 2.540261323189343656e+01 1.647742223156096131e+01 3.110404675627053450e+01 5.169014264065044273e+01 6.124037018246223596e+01 4.221979163776592969e+01 4.779079011141612199e+01 3.126610020813609836e+01 4.393008982160412756e+01 6.296324834957874117e+01 7.528678558108762786e+01 5.555753147378736401e+01 5.048841101793935593e+01 3.151963619034378183e+01 5.048841101794155151e+01 3.926609400236534242e+01 4.556223054450197907e+01 5.542757025943558347e+01 7.801150912515863922e+01 8.163679369248600892e+01 6.741210945633235951e+01
9.594114293757748102e-03 2.000959411429340307e+01 7.337319434487129532e-01 1.024651383824216389e+00 1.328333136528580871e+00 1.649414602135775176e+00 1.079257346477622725e+01 1.457482971915289127e+01 1.902401319778067190e+01 3.179599279929113287e+00 3.492223966465218599e+00 3.804749878703526100e+00 4.117248103126793346e+00 6.367705710964443711e+00 1.523321016514544191e+01 1.842791302580809543e+01 5.617858370917846678e+00 2.608500502103404273e+01 4.550391625925712447e+01 5.821357349293392502e+01 5.536450278578521278e+01 4.776997426136766478e+01 2.953116589667760650e+01 2.757809284404775596e+01 3.781895346718071949e+01 5.647010704647059498e+01 6.961472271154008240e+01 6.081801649191224612e+01 4.160914467767648972e+01 2.826354101951255515e+01 3.185052801624156871e+01 5.095345558162505029e+01 6.576032756286450365e+01 7.486340375196239449e+01 8.607769809179102083e+01 8.231696959248843370e+01 7.650976151806891323e+01
7.711341127313004785e-03 3.147888006621422097e-01 1.216088232011673265e+00 3.209098573360165574e+00 1.455216921382074879e+01 7.796060678829181079e+00 2.419926319525391989e+01 1.921041981526506959e+01 1.116073345836423947e+01 2.367679900014898564e+01 2.469078375312939144e+01 1.676673196497559815e+01 2.445162640457503400e+01 8.268071018392918248e+00 2.333758195166885230e+01 2.565328263249693919e+01 5.925282805908858030e+00 2.574417430828646047e+01 3.104097551494187357e+01 5.012743372677346798e+01 3.669424762644316473e+01 3.669424762644316473e+01 2.270866051481029757e+01 4.085799244583275680e+01 5.371455744318400605e+01 6.468255982265017678e+01 5.007507637311118032e+01 5.007522087592906956e+01 4.411635616454016429e+01 2.513488181410100708e+01 4.411635616453999376e+01 5.922544820288914735e+01 6.001770774881468640e+01 6.835790449265118696e+01 7.727452387316229476e+01 7.650976151804411529e+01 5.735629804701822110e+01
2.297228869525369630e-04 1.787693495910110997e+01 1.865801609623617807e+01 2.094733145799159502e+01 6.685593288232083431e+00 1.770760590760923137e+01 3.084560214322858585e+01 3.243159605999287720e+01 2.949982875169995111e+01 1.972810028912739000e+01 3.737414589049533475e+01 3.643724738225324700e+01 4.215630765001954217e+01 3.616154863674067599e+01 3.347454262121382840e+01 2.099519746955413524e+01 6.234203345530023199e+00 1.575583797921102480e+01 3.217490483917764266e+01 3.293380020773388139e+01 3.283186958851084114e+01 1.833467647300845726e+01 3.669424762644316473e+01 4.877515107668017436e+01 5.477826568356697834e+01 5.751591713507505688e+01 5.007522087592913351e+01 3.104112121399157331e+01 3.803704044674384477e+01 2.256735988509410618e+01 4.157180823195181318e+01 5.670934973092747811e+01 3.982488910563313311e+01 4.839493877973431779e+01 6.680590182403558686e+01 7.354627945057757188e+01 6.314405680670153487e+01
9.647730019007896146e-03 1.131867034106313241e+01 2.706871521520419677e+01 2.592245929025517270e+01 9.141864603848851800e+00 2.647997656877438999e+01 2.901827231857347655e+01 4.650001548130238405e+01 4.549169558930189083e+01 3.517875364717227171e+01 3.004389612545979915e+01 4.800497203750762765e+01 5.115270705960193709e+01 3.021940013964221450e+01 1.532616077939410282e+01 8.571885463610961153e+00 6.547692024596246441e+00 2.643388644051316305e+01 9.794193299510588702e+00 1.178686845171613840e+01 1.425780699212671188e+01 3.215843979423884491e+01 4.052180337662122156e+01 4.378610318016757219e+01 3.463100987272849096e+01 3.430731667766593773e+01 3.957381936009433332e+01 3.754864021307515998e+01 1.895650958368879913e+01 3.803704044674394424e+01 4.820299351588668202e+01 4.015624306196191640e+01 2.827053419747434404e+01 3.826196415430782594e+01 5.845930046466726537e+01 6.562468707571385096e+01 4.581598242028604773e+01
3.582433992925927561e-03 2.000325100023720637e+01 3.590234382429156312e+01 3.326653465180137204e+01 2.111619892877398996e+01 1.257105341254100139e+01 3.076382141801175507e+01 4.255951332656041330e+01 5.605228499969464906e+01 5.587748938798680598e+01 4.800497203825415937e+01 4.794219889640670829e+01 4.792661847125462771e+01 2.872208282731239848e+01 2.669838051580419958e+01 2.765158226688922838e+01 1.356233641361337483e+01 7.000846234101968157e+00 1.091760700719864019e+01 2.220631170105270513e+01 1.393106180900049296e+01 2.238235079178480902e+01 3.134096645813415094e+01 2.673620679552622192e+01 2.327218008783637160e+01 1.373242936542709813e+01 2.295325884005622186e+01 2.971870494301182575e+01 1.654090544910333804e+01 3.662832276286091115e+01 3.304679876193498700e+01 2.015437088287644940e+01 4.015624306196191640e+01 5.670934973092874998e+01 6.681425584377001314e+01 7.372752110750103327e+01 6.389318243801526620e+01
1.813270376062421294e-03 2.000142514687330575e+01 3.404431225370954905e+01 4.557750673710535239e+01 3.783823489104211291e+01 2.521504053653729116e+01 1.608789638703393621e+01 2.909202986873692964e+01 4.545939223521308037e+01 5.334748311801518383e+01 6.203060716739639702e+01 6.759634434117826629e+01 5.675702008491249728e+01 4.735113015583275597e+01 4.438722611922208472e+01 3.798024743291785654e+01 2.859994189727787628e+01 7.173645763482038973e+00 7.424671432085716560e+00 7.777342444539275590e+00 9.737331901748053298e+00 2.109796260526143641e+01 2.486922256547773458e+01 1.262844988346775743e+01 9.635721912678459233e+00 9.954015235981902521e+00 2.258830301095303383e+01 1.313887116617367568e+01 3.049108819425701000e+01 3.128175603305109931e+01 1.240907640810286594e+01 3.304645446963263566e+01 4.472295804811127340e+01 5.308550803161774923e+01 6.734633871209096867e+01 7.725820649315595290e+01 6.187423186338029524e+01
2.372884694381488524e-03 5.775875576590997262e+00 2.577600117206295849e+01 4.346946528577895918e+01 5.203765061971419215e+01 4.256197434858666639e+01 3.468510586887557423e+01 1.993161507108817077e+01 2.611769191985257166e+01 3.491417215854709610e+01 4.853358833025212959e+01 6.758768415179419264e+01 6.964635162923252665e+01 5.563741102295343666e+01 4.577300925622213867e+01 3.347160643395054080e+01 1.369044605142148541e+01 2.953353397773093647e+01 1.489887794960652556e+01 2.948752965865615749e+01 8.247706968388682114e+00 8.567064329858755656e+00 8.880876454554972099e+00 9.191735073555562963e+00 2.302135148165746159e+01 2.826797713232023312e+01 1.041159569023993647e+01 1.073861025889680931e+01 1.107171826005382975e+01 1.140838750347768382e+01 1.175008213079360964e+01 3.144410117282407313e+01 2.478172895796079445e+01 3.883573326570898843e+01 5.725100102143338887e+01 6.153291834136879146e+01 4.488219213331638713e+01
8.175220331382775790e-03 2.000817522032126305e+01 1.520396606760236047e+01 2.934615248350432282e+01 4.934877063515096296e+01 5.362359891118519073e+01 3.452719134071531926e+01 2.324797459980046099e+01 4.259828285958570149e+01 5.302730747109990972e+01 6.202954455475281037e+01 6.778128854472610954e+01 5.788399294185068555e+01 4.164753237814502285e+01 2.778249112014230704e+01 1.799490245298673230e+01 3.347160643394835233e+01 4.148915645800064311e+01 2.218210058846159782e+01 4.230936068082033330e+01 4.019436139542438724e+01 3.120226116943805295e+01 2.896350027545698680e+01 9.009810630111239504e+00 2.447785518164721452e+01 1.872636799418503273e+01 3.120111306433368625e+01 3.044853119668883323e+01 3.035716049317030496e+01 2.257976723448238587e+01 2.284268787549878255e+01 1.223813770597919515e+01 3.208289038508472402e+01 2.891535258717592072e+01 4.889994309249146198e+01 5.300870806036975580e+01 3.167914040509091222e+01
9.124702163186202558e-03 2.000912470216283268e+01 3.520478359056909312e+01 2.934615248341669869e+01 4.934877026639740194e+01 6.143698935165382125e+01 4.987896862580233659e+01 3.061614476522372996e+01 2.992001363695558425e+01 4.921648551179128361e+01 6.415967452819330674e+01 5.952529585300646175e+01 3.979712547055347471e+01 2.999468062627498099e+01 2.261916752449263868e+01 3.184348231882954749e+01 4.579452492986788315e+01 4.979890905072492302e+01 2.965984530415483889e+01 4.979880345723125856e+01 4.652755739194960682e+01 2.608712931516991418e+01 1.188100647228044160e+01 2.985948550990735484e+01 3.717353098255238564e+01 3.789356229784166175e+01 2.746734981969550660e+01 4.580810819014049429e+01 4.834178532791184324e+01 4.154251445499805584e+01 2.957622667038104680e+01 2.070506781405041608e+01 1.272637613985408933e+01 3.255707422043655441e+01 4.122817650550116042e+01 5.546560713038009283e+01 4.435545219203174838e+01
2.239863785106879172e-03 2.000223986378475161e+01 3.828603783624139112e+01 4.934877026639740194e+01 5.764340379879781295e+01 6.518136902374607189e+01 4.643986707277507975e+01 4.438740505154314775e+01 4.921648551179128361e+01 3.744455264185231869e+01 5.636881209482375255e+01 6.778166057248652976e+01 5.788399294185068555e+01 4.593810076851241320e+01 2.630474118658261418e+01 4.593810076851241320e+01 5.974557764086347333e+01 5.800149994256178587e+01 4.151954771449643999e+01 5.800150434044059722e+01 4.995533714421855365e+01 3.583915345743585590e+01 1.555954222266161047e+01 1.428416821906025547e+01 3.221869097711017105e+01 5.348044243083472793e+01 4.046657794080552861e+01 3.907568521130703942e+01 5.790707914111919763e+01 5.596787045561224971e+01 4.669154294903577096e+01 3.922932556065572385e+01 3.256513580601550473e+01 1.321083405643526021e+01 3.282251335529495151e+01 4.140598101328927783e+01 3.366309250247903861e+01
1.766589122093755728e-03 1.000176658912218031e+01 2.414390221285338356e+01 4.414390221285408700e+01 4.762989657785177400e+01 5.591508790047032562e+01 6.518136902374632768e+01 6.313718193053957606e+01 6.415399307777617821e+01 5.636935111770856821e+01 4.655152501411952670e+01 6.512493198916594395e+01 6.384365408949521026e+01 4.408628396940128624e+01 3.019807265494038973e+01 4.408628396940128624e+01 6.384365408897405558e+01 6.944170753803345519e+01 6.116984283573612657e+01 5.570452752127492602e+01 4.150040080487573846e+01 2.108621656594488059e+01 3.583805102159598732e+01 1.602647458062915931e+01 3.030564827611371825e+01 5.081498813157254091e+01 5.934882436461592903e+01 5.225041024393746625e+01 6.603829999491603076e+01 6.049417897839071401e+01 5.216196405909967382e+01 3.917219207696027183e+01 1.932616601398099831e+01 3.272792808852777569e+01 1.369173613922293065e+01 3.310675760853849425e+01 2.196373195979593618e+01
