LEM/sinusoidal_perturbations/elevation_000778.asc
nrows	100
cellsize	150.0
xllcorner	0
ncols	100
yllcorner	0
NODATA_value	-9999
[rows 68 to 84 of 100, columns 0 to 36 of 100]
5.009162696260268353e-03 2.000500912624329430e+01 3.942756937052961064e+01 5.521559716549170105e+01 4.487279111052959735e+01 2.612145835907128699e+01 2.880070422994068835e+01 1.041729596277350467e+01 1.486083085394450976e+01 3.304321259853646442e+00 2.818679449433785322e+01 4.944033959825359403e+01 4.233784390828311217e+01 2.241042046601597093e+01 1.308357036791163885e+01 1.088564151185910767e+01 2.973810936099114244e+01 2.934619460536330493e+01 3.512066253317513542e+01 1.871663975386180212e+01 2.065019763807160302e+01 2.254193308976584831e+01 2.545048020368324870e+01 4.515906416843775162e+01 5.788085062582045737e+01 7.200394540051728143e+01 7.766326988608051352e+01 6.940242041371384119e+01 7.541799072609492782e+01 8.206680118288849712e+01 9.032610517569835906e+01 1.003018258178356632e+02 9.194139374269599330e+01 7.204295935002912188e+01 8.045302728963770278e+01 7.482411225271383159e+01 6.651199356219343883e+01
4.695337527364121070e-03 1.126157201088719617e+01 3.053300246382883287e+01 4.802312404784117916e+01 3.218163289963522544e+01 2.171480758665617472e+01 1.200793706591176679e+01 2.042810479363613752e+01 2.863922629462482217e+00 4.969703563328200957e+00 1.704590209572227266e+01 4.017644379599347104e+01 5.077514696828198026e+01 4.064085143596485494e+01 3.233911925535636556e+01 2.827934289915927479e+01 1.130409662557487138e+01 1.219550502130359426e+01 3.539437102209232222e+01 3.897090519666852515e+01 3.955793377817222023e+01 3.200649441256862104e+01 4.506119524027390355e+01 2.975465478405544673e+01 4.375775585112351962e+01 5.846242975645213136e+01 6.254894136251905934e+01 4.942126708379058186e+01 5.546660109992543397e+01 6.212036981250798817e+01 7.208622696472390601e+01 9.204737540105307403e+01 9.194139374269602172e+01 7.204295935002912188e+01 6.052289828666365423e+01 7.231658619544919020e+01 6.802671605855019266e+01
7.614146464036155443e-03 2.000761401330226974e+01 3.299154233456842888e+01 2.925620237873204488e+01 3.690006675461028607e+01 2.818087099428747777e+01 2.140218854942697746e+01 2.425070490045601712e+00 1.518666310218652704e+01 2.613044629202634894e+01 1.312948901502229582e+01 3.568150475914772102e+01 5.726039823627650094e+01 5.310384044710755092e+01 3.341928750590502517e+01 1.989325568698835767e+01 3.010806217798689843e+01 1.170677295518559013e+01 3.163470513358287306e+01 5.052764876127804428e+01 5.743997001716038397e+01 4.507430451479120137e+01 5.724402944119942305e+01 3.961929534758387916e+01 3.471666806577968600e+01 3.845157950890327925e+01 4.252920483686829556e+01 6.254894136251905934e+01 6.574123773014083838e+01 8.206680118288849712e+01 9.032610517569835906e+01 1.003018258178356632e+02 1.000772097653652253e+02 8.863227495886854967e+01 7.231658619544919020e+01 5.248798033798488660e+01 6.507620305410860340e+01
2.352828262072654761e-03 1.987771791280673739e+01 6.631746449268981713e+00 1.135214879092931461e+01 2.135112442257105414e+01 2.157617763024317625e+01 1.986962345555832288e+00 2.007098731954638637e+01 1.694320813220336319e+01 3.749222071833141001e+01 2.458849439470215970e+01 2.632981650077311642e+01 4.845614848773350047e+01 5.718213595895996093e+01 3.875058958815473176e+01 2.782365761604618015e+01 3.132920694732840161e+01 1.199312685913115928e+01 2.304811920002562076e+01 3.551298591737876365e+01 5.625785274326759833e+01 6.444545860462790188e+01 6.786785299102116653e+01 5.374888308854408336e+01 4.882596488233246390e+01 5.260994803919088270e+01 5.410894148748260335e+01 7.081357808414928456e+01 8.569281521072718988e+01 9.394906867582922416e+01 8.721410093591222790e+01 9.536168805930387293e+01 9.793061862688253427e+01 7.810856512044360045e+01 6.399000066333881165e+01 5.410492256557341761e+01 4.535581608417061261e+01
6.786455232800275850e-03 3.149532097261396602e-01 6.231563592226215809e-01 9.316151542835556798e-01 1.240292013486521849e+00 1.549075378989669405e+00 6.466830645945249145e+00 2.561515110728239009e+01 3.721928917982542373e+01 4.667331439731708542e+01 3.758589953910148296e+01 4.845614848773350047e+01 4.845614848698934907e+01 5.911477114479400541e+01 4.114414141168964534e+01 4.466264808376539719e+01 1.238322083843719135e+01 1.272862820268773731e+01 1.589618579856336389e+01 3.427421618734349096e+01 5.609445244679044862e+01 5.559356714947218592e+01 6.415621670114903452e+01 7.372719663952568681e+01 6.881539879171891982e+01 7.259157049180460319e+01 7.407819559975635570e+01 8.233807260357366431e+01 8.243911220876535140e+01 8.007648397441853660e+01 6.790651676209132859e+01 8.415316131282438050e+01 9.536168805930387293e+01 9.208013657260322304e+01 7.652742451965484349e+01 5.665742007444261930e+01 4.684945658006561331e+01
3.257643153035955173e-03 7.166584543185220646e+00 1.009401351922022272e+01 2.053091611776220304e+01 2.102923382389879947e+01 3.619324235864866512e+00 2.298432300239230486e+01 1.425513454738223196e+01 2.870612969561532068e+01 4.860427887513966994e+01 5.932639741178140724e+01 6.802073461557361611e+01 6.991134130707575878e+01 6.654434419469659190e+01 5.910416332187075739e+01 4.285904234452053174e+01 1.268221384127005180e+01 1.791214321337509929e+01 3.214951757064704196e+01 4.752574274854674030e+01 5.213611690896244966e+01 3.538694483137283697e+01 5.241121061474722609e+01 7.031022161107527779e+01 6.180659890331832429e+01 6.444608324435884583e+01 7.296409050956816600e+01 7.694014366824436024e+01 6.332366306029654623e+01 6.104004839994536269e+01 5.716452056442012264e+01 6.790651676209132859e+01 8.721410093591222790e+01 9.635112744260914042e+01 7.652742451965484349e+01 7.479598834425807752e+01 6.659242229884530673e+01
1.880098487986705483e-03 1.976666139875579020e+01 2.749447614910637938e+01 2.710211593922408113e+01 2.850263013078072305e+01 1.308207942911823984e+01 3.174071866291642863e+01 3.453427567561200107e+01 2.520518112389090959e+01 3.700367176756383003e+01 5.650864632047262859e+01 6.989814023989873704e+01 5.995637305671772310e+01 5.170909586145261727e+01 4.469937500479154835e+01 3.812961094424902342e+01 1.764943179051617861e+01 1.317907576543115944e+01 2.589646842750709510e+01 4.361309981443476147e+01 4.332738904122965806e+01 2.384852347071765877e+01 4.376786237017683590e+01 5.577686663380914212e+01 4.173324328147238305e+01 4.432346304628757849e+01 6.444608326238508766e+01 6.750762048250744840e+01 5.026097165387823651e+01 4.803198377388777374e+01 5.860367516755221118e+01 7.188066610707024040e+01 9.127217938600692548e+01 8.736068699784976843e+01 7.584032238773588119e+01 6.757572323787869095e+01 7.391055836409657331e+01
2.900726248362994839e-03 1.423661289758444148e+01 3.472429734711062821e+01 4.411804079200486228e+01 4.043092987628379831e+01 3.377629358369179613e+01 4.253068877205718934e+01 5.328128150817266828e+01 4.524744401022829265e+01 5.329116717628892985e+01 6.452787894745736708e+01 6.163961543699805645e+01 4.177857628668417078e+01 3.188261125315850109e+01 2.495544140357255358e+01 1.940481396719414064e+01 1.525196954423328499e+01 1.353968800087600144e+01 3.302092601223873203e+01 3.388267792626777464e+01 3.402020148212036332e+01 1.731912519556675889e+01 3.624494431738938260e+01 3.579477015366999382e+01 3.024305151744592024e+01 4.440491459456466572e+01 6.517073316282227324e+01 5.932194225250488984e+01 4.099381133581366043e+01 5.959171007216961868e+01 7.140539315087123384e+01 8.200223099198403531e+01 8.935917940544901228e+01 7.909685141426088251e+01 5.914167205225343338e+01 4.742007959115672122e+01 5.593885695275358927e+01
5.081304048347549951e-03 2.000508130404799090e+01 2.556951614337142331e+01 2.846510545935263181e+01 3.144631079295714571e+01 3.456989100575058416e+01 3.785549823502945088e+01 4.613969491199772222e+01 5.440400230492583233e+01 6.268382445921224644e+01 7.422701040961968033e+01 6.989814145805848966e+01 5.995637372934412213e+01 4.469937500536718034e+01 3.536293337623581579e+01 3.899979231507207800e+01 3.432836588862522120e+01 1.860439401260883585e+01 1.402982809155234278e+01 1.437060373679546110e+01 1.470921155765713628e+01 1.504712663480045620e+01 1.900057293506013067e+01 2.189391851920046861e+01 4.167964509752052038e+01 5.864373303965051321e+01 6.606386800075161148e+01 5.563096602217282793e+01 3.685611930039818418e+01 4.490660125240714251e+01 5.560969117566514797e+01 7.416963029405744123e+01 8.091460180186335549e+01 6.114650255750616026e+01 6.114650255750616026e+01 5.593885695275358927e+01 3.574242948076235393e+01
4.469920835086939326e-03 2.777970901961226868e+00 5.578531070017234583e+00 8.465282415965338814e+00 1.144670638596503309e+01 1.457018162373712755e+01 1.785816136984421831e+01 3.785778895235086594e+01 3.440515913900998157e+01 4.595209482505774901e+01 6.594952263286131711e+01 8.433499281588922258e+01 7.282757294950754101e+01 6.343132409444662301e+01 5.518195886120905413e+01 5.134116417601092763e+01 3.804642283399392966e+01 1.861178256953669319e+01 2.509125971409173772e+01 2.547207490565693178e+01 3.278671179419190196e+01 3.440325459397713814e+01 1.552349170554470881e+01 3.498719246370063729e+01 4.999952816877011941e+01 5.394485645382638239e+01 4.713570585304918836e+01 4.713570583591582874e+01 3.281580753606061762e+01 4.630214299858575799e+01 6.498164922114602859e+01 7.507293871327695456e+01 7.263857956186195963e+01 5.273371830582383524e+01 4.132020312762066538e+01 5.054889210918718589e+01 4.670037173679553888e+01
2.324776005098761877e-03 2.000232477600474468e+01 2.557839481041952823e+01 2.846510545935263181e+01 2.558882652415682557e+01 2.871229660563996688e+01 3.785778895235086594e+01 2.285816136980534097e+01 4.285766481960317975e+01 5.432916978751910619e+01 6.261317386858342360e+01 6.433796407280367191e+01 7.440570309553829986e+01 6.444948256277317000e+01 5.618755969186851473e+01 4.311486984188516658e+01 2.348485899045450509e+01 3.804642283399392966e+01 4.182386439195735051e+01 4.206123962412157624e+01 3.182090513578763691e+01 1.712454241395999688e+01 1.585945267481508125e+01 3.526619785367516613e+01 4.395157275087800741e+01 3.439311560896155839e+01 4.278741728476362738e+01 2.790824806870064378e+01 4.713509359655881781e+01 5.968181530625216169e+01 6.874088650343507823e+01 5.540531092355931264e+01 6.864806098535346734e+01 6.416958975771780160e+01 5.054884512362705351e+01 3.070557605954506641e+01 4.157047360030985317e+01
8.699724428260374037e-03 1.155570510822087726e+01 2.569784073195208052e+01 4.569784073195278751e+01 4.558810258707563179e+01 4.871137484937828788e+01 4.932714160256436742e+01 2.932831783942151205e+01 2.916850831878823769e+01 3.431603687927203339e+01 4.432037545729283323e+01 6.433796409534845395e+01 6.612982923371500021e+01 4.624529027422396155e+01 3.641191358607616024e+01 2.949130519784439386e+01 4.311486984216471541e+01 3.584863594847041668e+01 5.561830880982356717e+01 5.896415981927129479e+01 4.627374785468161633e+01 3.797263052408072070e+01 3.528090355662082089e+01 1.632911752642898051e+01 3.575993385072082020e+01 2.059539535432814716e+01 2.344772718395076083e+01 4.278566729910213695e+01 5.501692992479353705e+01 6.076521510659993197e+01 6.059695495919124397e+01 4.173659919276045827e+01 6.054811827161477567e+01 4.474112371270916100e+01 4.479065598137766102e+01 4.106652753823032498e+01 2.196655105978263478e+01
2.249585233037712084e-03 2.000224958523268270e+01 3.089250068589954523e+01 3.721705595851082649e+01 4.477634531241054816e+01 5.306059882351233625e+01 6.024198501464797317e+01 5.122759779174888450e+01 3.908379868682974490e+01 5.432916973930101534e+01 4.501180179222427569e+01 6.502859662130975948e+01 7.440569833462241434e+01 6.444944443864544326e+01 5.490005438801266990e+01 3.513998243009429245e+01 5.490005438801266990e+01 4.979141209306898475e+01 6.387488279793247159e+01 6.446461329023247799e+01 5.046666266929472755e+01 3.895338225467017423e+01 1.933729441246038760e+01 3.319992748834005170e+01 1.679502693701261506e+01 3.374509508423130200e+01 4.192960941375337569e+01 4.955753647229027337e+01 5.529591090633980599e+01 4.151754146900196218e+01 4.333909116822735541e+01 3.216771647882087848e+01 5.315014876249615838e+01 4.479145099939063357e+01 2.706410180359944206e+01 2.152639639232483404e+01 4.115025641147297364e+01
2.739267172789772273e-04 5.345498764965743277e+00 1.089250072721798546e+01 1.721705604755463170e+01 2.477634550773904465e+01 3.891848113092161299e+01 5.891847948742138641e+01 6.741704517451410084e+01 5.912443026233615484e+01 6.741704251178904883e+01 6.502859662130975948e+01 5.917026730123458833e+01 7.917185471868347690e+01 6.552526601221117630e+01 4.564731523235187183e+01 5.490005438801266990e+01 6.315956173415288788e+01 6.968568188995968171e+01 6.560060415654922394e+01 4.579042449395588932e+01 3.644673885255784285e+01 2.245942450980420446e+01 3.895338225467172322e+01 4.306367262914790217e+01 3.560981163979507613e+01 1.725292498908752137e+01 3.389004255793112463e+01 4.090127766299321621e+01 4.047824933166121752e+01 2.962016578412963952e+01 1.934509485675986795e+01 3.891543701926045173e+01 3.951890354456180887e+01 3.991447643194370443e+01 4.029513008366838989e+01 2.121009923892385984e+01 4.080204833041948120e+01
8.327778614586212741e-03 2.000832777861423040e+01 3.089250068589954523e+01 3.721705595851082649e+01 4.477634531241054816e+01 5.306059882351233625e+01 6.264428993632122911e+01 5.679302462793557282e+01 6.105392903450082542e+01 6.324166498700919448e+01 7.152486929206519051e+01 7.917185471868347690e+01 8.744612706650296730e+01 7.380044434142413934e+01 5.708710930344739864e+01 7.380044434142413934e+01 6.921282109376738845e+01 6.262365914507525133e+01 5.667221099185121602e+01 4.579097618825831972e+01 2.592569290256147596e+01 4.225155720847908469e+01 3.644677612402755784e+01 5.626661486674667145e+01 4.679826661891782180e+01 3.733677261510035095e+01 1.769922017964784899e+01 3.013483577036731020e+01 1.858108388486808948e+01 1.889874888914730988e+01 2.258256368489270471e+01 1.979546024285167860e+01 2.011550458261925911e+01 2.043664804063471152e+01 2.075764884372567565e+01 2.138659262043604059e+01 2.608135963081921105e+01
6.510866554257996840e-03 2.000651086655390287e+01 3.682656388694640270e+01 4.511091904937614316e+01 4.245720770992208770e+01 5.074151856058576016e+01 4.264756267850917482e+01 3.679006578905440250e+01 4.105406108460663717e+01 4.324185284375656124e+01 6.019555079078933346e+01 7.421873124310516801e+01 8.250149460854997585e+01 8.533093989766399545e+01 7.705200243749654021e+01 6.921282109376738845e+01 4.944533524769083499e+01 4.288494630126244544e+01 3.690136967612838959e+01 3.135578508963792643e+01 2.944453893788729815e+01 4.929993767475401967e+01 5.626643802968830244e+01 6.449219278772616804e+01 5.383476562633610740e+01 3.105028367978956538e+01 1.793314084805133390e+01 1.812403974946025187e+01 2.699453068511084552e+01 2.083443770276537421e+01 3.928384856896766308e+01 3.929237665040296434e+01 2.923069658750983280e+01 3.438230960900532551e+01 2.207262719849181920e+01 4.163327986447770712e+01 4.590707798503186865e+01
8.953482861371391335e-03 2.000894970392685224e+01 1.682656322290804241e+01 2.805305905524929244e+01 2.245720706115617560e+01 3.396017340755669522e+01 3.720428026560271917e+01 2.264791204614479270e+01 2.691192637325692871e+01 3.191192637325683990e+01 5.191187357577039307e+01 5.421902446746418036e+01 7.421873124310516801e+01 8.885013835558393680e+01 8.178884047726992890e+01 6.190440790212264943e+01 6.921282109376738845e+01 5.925749693568517529e+01 3.949322512119582029e+01 5.118876675515672758e+01 4.930035584935044568e+01 3.470735077329558749e+01 4.614469926845015380e+01 6.590377859677592198e+01 6.306296817353721451e+01 5.307003302910281661e+01 4.363249075343917838e+01 2.521242021607035610e+01 1.962991180005549907e+01 2.897120235381412101e+01 3.936098442219294924e+01 5.381038494470619327e+01 4.550001903726954566e+01 4.860673772251290359e+01 4.166370035059932064e+01 2.703005821612327964e+01 4.707885406683246288e+01
