LEM/sinusoidal_perturbations/elevation_000788.asc
nrows	100
cellsize	150.0
xllcorner	0
ncols	100
yllcorner	0
NODATA_value	-9999
[rows 68 to 84 of 100, columns 0 to 36 of 100]
5.009162696260268353e-03 6.329803348474182023e+00 1.299901293694803250e+01 2.304839292504868808e+01 4.369478956091230515e+01 5.124150615282780308e+01 3.342808240529119956e+01 2.388015584381183132e+01 1.558285471503388742e+01 9.378546346815161527e+00 4.652327444041353566e+00 2.812367614611356004e+01 4.608237240024749326e+01 5.139027277782516023e+01 3.190662863350017986e+01 2.115007468530033918e+01 2.625867901076894739e+01 1.070572972475098261e+01 3.132218746326539005e+01 3.556778327501393733e+01 1.847304159436095361e+01 2.059492698115566256e+01 4.023550292085099045e+01 5.165986333858612056e+01 6.106537595084888181e+01 5.735368189118909044e+01 5.343928441067952662e+01 6.590376037756244898e+01 7.157198366096805842e+01 7.791253473377661010e+01 8.603805628671450734e+01 9.577305672954655336e+01 8.948874572352076484e+01 6.939018408442872499e+01 5.864579900820468339e+01 6.832478296154022246e+01 6.266607790896029684e+01
4.695337527364121070e-03 2.000469474719298901e+01 3.317970869483539786e+01 4.170580232585481184e+01 5.191604457929993544e+01 4.526299714296830956e+01 3.699990098285056916e+01 3.137805237881170584e+01 2.331042300381336929e+01 4.211273578166452758e+00 6.796433623485528486e+00 3.389205019813042696e+01 5.022665399225304839e+01 4.875209278770558541e+01 3.210188964286171398e+01 3.321586295381744947e+01 1.112675226832157449e+01 1.103216145393082037e+01 2.767284479524306562e+01 3.677157760385640017e+01 3.830290708235813923e+01 4.023726519248024402e+01 2.523429440976509497e+01 4.442501994168060264e+01 5.189549664404018614e+01 3.884407516359412682e+01 4.288340164254112352e+01 4.730440308754540979e+01 5.303522513300585217e+01 5.877106645931119999e+01 6.823831741762448644e+01 8.758675204992874797e+01 9.763529918696829668e+01 8.764914297476816785e+01 7.943946490397478044e+01 7.192768678455526299e+01 5.088282700259159697e+01
7.614146464036155443e-03 1.414974978366265823e+01 3.414976530905593677e+01 4.332263545911860092e+01 4.276514266689284938e+01 3.709711821661687026e+01 1.723859296265506558e+01 2.297277547432089051e+01 3.771044940857467775e+00 1.763247905552024619e+01 1.154169547408395147e+01 2.229831121627310964e+01 4.186240011790260951e+01 5.631644647356193190e+01 4.873473167064037170e+01 4.468423002489537055e+01 3.659445836459013890e+01 3.045670052772081959e+01 1.148027920827472670e+01 1.609639289820782437e+01 4.095057399837280343e+01 5.226099620993231554e+01 4.442501994168060264e+01 2.991501084643257968e+01 3.325626021372350749e+01 4.037159382307389421e+01 5.889771067617521538e+01 6.590376037756244898e+01 4.774724412950105545e+01 7.763155854064594052e+01 8.603805628671450734e+01 9.577305672954655336e+01 8.866689895284541478e+01 7.911194627683848069e+01 7.029603399025121746e+01 6.352409071924608952e+01 5.088282700261435565e+01
2.352828262072654761e-03 1.999816476605928273e+01 2.836022888692187394e+01 2.191876584459583555e+01 2.419043925861493705e+01 2.568339443233903197e+01 2.215042782379438790e+01 3.329613494349144442e+00 2.290653064401928418e+01 1.899084561763255863e+01 3.070867042775091349e+01 2.050628387314435130e+01 3.405175055608670220e+01 5.381519133841798919e+01 6.047046274951217271e+01 4.294046786882630329e+01 2.520395235384343025e+01 1.894721916126187011e+01 2.724892350748465120e+01 1.192126763045170357e+01 3.240343478531953281e+01 4.791189622296997896e+01 5.658827668598946303e+01 4.874489064281419815e+01 4.403275519508384406e+01 5.889771065882005985e+01 5.338405032882366896e+01 7.220886426506999101e+01 8.113459233805977533e+01 8.937725007100593189e+01 1.028639839244044083e+02 9.482002905472171506e+01 7.194545245820226853e+01 5.762283647309794077e+01 4.849649378615488615e+01 4.230842662169345658e+01 3.695034620583943052e+01
6.786455232800275850e-03 1.734796424698006234e+01 5.384260063886904035e+00 1.327274856085845833e+01 2.311765251881825733e+01 6.479395437491882959e+00 6.127675992326166998e+00 3.016636548774747073e+00 2.968614633304780526e+01 3.754784206052631390e+01 4.573874710030276702e+01 3.408748227166173450e+01 3.405175055608670220e+01 5.381519133841798919e+01 5.265020487789585246e+01 3.454623888466030479e+01 3.698424400029428938e+01 3.720689896188196144e+01 2.968628014129048154e+01 1.223090533978526118e+01 2.204403967051245061e+01 3.528232203937380262e+01 5.445111492829776978e+01 6.254411136228369372e+01 6.263620190567097978e+01 7.060278836190293816e+01 7.220886426506999101e+01 8.026742004864000535e+01 9.162230411524949147e+01 8.370693715107945820e+01 8.362125184160159108e+01 1.012313755179088162e+02 8.866689895284541478e+01 7.911194627683848069e+01 7.029603399025121746e+01 5.122762944776450666e+01 5.122762944776271610e+01
3.257643153035955173e-03 3.141301263349743356e-01 4.748629340285401845e+00 1.287673222740066059e+01 1.694781126444165054e+01 1.902515729890575713e+01 2.573276938834335947e+00 2.350248678596038943e+01 3.387794784629603129e+01 3.832813975071668722e+01 4.682512514589920016e+01 5.423474835095302637e+01 5.381519133841798919e+01 6.237046730600063427e+01 6.079254135800258751e+01 4.459279188870911526e+01 5.530889843750073709e+01 5.074457439952540483e+01 3.317997755836595530e+01 1.312549766573309284e+01 1.264360263604458723e+01 3.555062981878992900e+01 4.518433135237522436e+01 4.283738267779266096e+01 6.254411136229767010e+01 6.977678390828681643e+01 7.766308712426946670e+01 8.643802784513165705e+01 7.826988448950855570e+01 6.349467447348958160e+01 7.701388596859818847e+01 8.361361143941783780e+01 1.028416064163497197e+02 9.392389921522824636e+01 7.259757737776038766e+01 7.259757737776038766e+01 7.259757737437020353e+01
1.880098487986705483e-03 1.530871777839713666e+01 7.541417027135377538e-01 1.065350938076204290e+00 1.376706825087191000e+00 1.008360862365789679e+01 2.259477785174919706e+00 2.504526141478673651e+01 1.316962405094055377e+01 1.745016057626433437e+01 3.817985871404086140e+01 5.193083704761219366e+01 5.969829113228131234e+01 6.811610825670085489e+01 7.196890521987195655e+01 6.365684586557247826e+01 5.886520397863905174e+01 4.263149986798003965e+01 2.365874581682196265e+01 2.429095131555307674e+01 1.293167919589376780e+01 1.685232440742498028e+01 2.609634327195319514e+01 4.645112424839844323e+01 5.613259661607933282e+01 5.048098915379124207e+01 6.977678379249996965e+01 7.473416178884576766e+01 5.764850782699078025e+01 5.391329600334817940e+01 6.349459878742494823e+01 7.794516408795507800e+01 9.751574189030887396e+01 8.790366818959022055e+01 7.605869538838560118e+01 6.763362628378072827e+01 7.605869538838560118e+01
2.900726248362994839e-03 1.857355863688919584e+01 2.764035560745529452e+01 1.775233858509882268e+01 2.317403927064510682e+01 1.817184506427295343e+00 1.371089150982396987e+01 7.363886681791301569e+00 2.825626309658994728e+01 3.832815422408312145e+01 2.431657379499860028e+01 3.130901446953443568e+01 3.914753653282002688e+01 5.370749527735312512e+01 7.416133454902985989e+01 6.422905777498809243e+01 5.027426478051516767e+01 3.044086091863562871e+01 1.840702449229234006e+01 1.337924626133735373e+01 1.631012847618016792e+01 3.351738368792635470e+01 2.390715377723002888e+01 3.000312695026196153e+01 3.635220327278802444e+01 4.796142042634099312e+01 6.729463038605025815e+01 6.640107376337707024e+01 4.490249407498983203e+01 6.640107376337702760e+01 7.756816267498645345e+01 8.783589996443589598e+01 9.114828632752256965e+01 7.957828556682420640e+01 5.888952880949393176e+01 4.697859795249362946e+01 5.659304923666857690e+01
5.081304048347549951e-03 1.467565215288548153e+01 3.632900558386120338e+01 4.305204806853842570e+01 3.895785457239183103e+01 2.541489833593441006e+01 6.815564040756571629e+00 2.808318194651900512e+01 2.215841712558201948e+01 4.297800081351944357e+01 3.130901446801633270e+01 5.192989324925893158e+01 5.969829113227984863e+01 6.811610825670085489e+01 7.023314359095286363e+01 4.947878701377400290e+01 3.562020662729092635e+01 2.588706699065403782e+01 3.545019020091379502e+01 1.371291876685646827e+01 2.538135454165172789e+01 3.698030848555603711e+01 4.429173356805732453e+01 4.073778377215879232e+01 5.613259661607933282e+01 6.407203167814965639e+01 7.518668366030840389e+01 6.154518883070680602e+01 3.973747585229676105e+01 4.781119257659947408e+01 5.885770037423140622e+01 7.964058724850070803e+01 8.264835493093521279e+01 6.254205843701940637e+01 6.254205843701939926e+01 5.659304923666857690e+01 3.672140251272131195e+01
4.469920835086939326e-03 2.000446992082716591e+01 3.299380771317875372e+01 4.128002541594772623e+01 5.126585526553463268e+01 3.190523900393448997e+01 1.060101399827348523e+01 3.190523900398339663e+01 4.297800500261202927e+01 5.147915334110295760e+01 5.192977213626093658e+01 4.325567618532518566e+01 5.514094334617705329e+01 7.557046157515173945e+01 7.304287911222455421e+01 5.405041355910090317e+01 3.420641053338138704e+01 4.558890239834332903e+01 4.034340402374939316e+01 2.234357572396199743e+01 1.418441277921043842e+01 3.538467045501297292e+01 5.381106246898082901e+01 6.051007716674789805e+01 6.857693652878114676e+01 7.008522576676828919e+01 6.005747421827199872e+01 5.141214855506109416e+01 3.488298699743562281e+01 4.781016739908747581e+01 6.920709364709988165e+01 8.786171797347817858e+01 7.431808377009322442e+01 5.392140958199112788e+01 4.227545045978604321e+01 5.163200576332796743e+01 4.525222358065533257e+01
2.324776005098761877e-03 6.326880096342676119e+00 1.299354676306069578e+01 2.299354701733157569e+01 4.299448390978930945e+01 4.047256640034096620e+01 2.308983757766989697e+01 1.682417043223533071e+01 3.785734516157513241e+01 4.975498132707503629e+01 5.829376635564318576e+01 6.376565964590334090e+01 7.215594185961273865e+01 8.389455567553940796e+01 6.428963658728237363e+01 4.381119053110469252e+01 5.405041355910090317e+01 5.656668720214777579e+01 4.405045223943147903e+01 3.411220134507399848e+01 1.451412448097966390e+01 2.595974841773054465e+01 4.590811360421369614e+01 6.100543529615421789e+01 6.289420706178110976e+01 5.500792364774142840e+01 3.993064709060477924e+01 2.946403674676558637e+01 5.141212829268116025e+01 6.539328559693232990e+01 7.752384277085410247e+01 7.415799449708887892e+01 7.443290631406016189e+01 6.615247930594073011e+01 5.170910079829516803e+01 3.179810601642567036e+01 2.657629970680011411e+01
8.699724428260374037e-03 2.000869972442790612e+01 3.299380775601633786e+01 4.128002541594845098e+01 5.128585604606134751e+01 5.246757674344553379e+01 4.394580556996326237e+01 2.910974573280295630e+01 2.366184581274604781e+01 2.911153468982807979e+01 4.975498132709245169e+01 6.752252169326011710e+01 7.946432669500053692e+01 7.926154710821425908e+01 5.808806819515165643e+01 6.428963658728294206e+01 6.402783659563225171e+01 4.819662450738271531e+01 2.815645302979538300e+01 1.763735359594406660e+01 1.484303745133945540e+01 3.476333502430888700e+01 3.174134987091629156e+01 5.231968607581917041e+01 4.149844360811619737e+01 4.151196682072671962e+01 2.454022977276914830e+01 4.628278823108943385e+01 5.274759225424917020e+01 6.111921844895885414e+01 6.816852516287201524e+01 5.383176198268882473e+01 6.615247930594073011e+01 4.588458683179624842e+01 5.181803196938812306e+01 4.992255207839980358e+01 4.184143038366848799e+01
2.249585233037712084e-03 2.000224958523268270e+01 3.087849075838994750e+01 3.718701841353920656e+01 4.471115145730804841e+01 5.289183023968762853e+01 5.849757650146528931e+01 4.991083853410243165e+01 3.410685569000027328e+01 4.975498132709252985e+01 3.835371536071921383e+01 5.024871328403422410e+01 7.091932143249599108e+01 8.799769047470118721e+01 7.926154710858277497e+01 6.999254771425825083e+01 4.970432738957092766e+01 3.549780877347433261e+01 2.661714744985799186e+01 3.662412571581122478e+01 3.442804830627255086e+01 1.531212207871638853e+01 3.525522159419297452e+01 4.249508207411450655e+01 3.908562367685587446e+01 2.004986702914013819e+01 4.001173163273079325e+01 4.743554794387571150e+01 3.260974914702583050e+01 4.948004022325159923e+01 5.809176217133116893e+01 3.966713538795701766e+01 5.642636496203183327e+01 4.893704429523298671e+01 3.214509103405249846e+01 4.130991597071639632e+01 2.192799168825845157e+01
2.739267172789772273e-04 5.345498727332414823e+00 1.089249982267847194e+01 1.721703735289359471e+01 2.477602759661595755e+01 3.889021469838725409e+01 5.855031932128358108e+01 6.333123275442814304e+01 5.476280458200537282e+01 6.334722279092684971e+01 5.898050915768050118e+01 5.293016231219613843e+01 7.358733856911035787e+01 8.874730677173120341e+01 7.707887958486566049e+01 6.873695401660843629e+01 6.402556917405486558e+01 5.500534338037937232e+01 4.663575487922609142e+01 3.956200084651601401e+01 1.963741597011164686e+01 2.949179564543914722e+01 1.578787643921022799e+01 3.566281792944592866e+01 1.675118227317165776e+01 1.709440655795700437e+01 2.141067117742802850e+01 3.718356665304389708e+01 2.101748624348231687e+01 4.112140736362291449e+01 4.968307591479462815e+01 3.006195171842056268e+01 4.003674567466401157e+01 2.463061816891778832e+01 3.325398465609949028e+01 2.138145481584857777e+01 4.123261000295667600e+01
8.327778614586212741e-03 2.000832777861423040e+01 3.087849075838994750e+01 3.718701841353920656e+01 4.471115145730804841e+01 5.289183023968762853e+01 5.401221851262612716e+01 5.778564452380247474e+01 6.079479628573380268e+01 6.168448598133964111e+01 7.030329013996710330e+01 7.358733856911035787e+01 8.212340111915477792e+01 8.044564023771255279e+01 6.016561406310384541e+01 4.841030311787364582e+01 5.700058100889963697e+01 5.271231520186299235e+01 4.403320057852269542e+01 2.415511087812481605e+01 3.956200084651601401e+01 3.868739566738842939e+01 1.585327539288799414e+01 1.626826276406695726e+01 1.966487267972375363e+01 2.871855289542685696e+01 1.758832064468925793e+01 1.793943114718176801e+01 1.830739194746593768e+01 3.825016219558440866e+01 3.913192761425901267e+01 2.710680854726520650e+01 2.007232078684087284e+01 2.045339259534314635e+01 2.083718379348290028e+01 3.989257601752368032e+01 2.615421371600484690e+01
6.510866554257996840e-03 2.000651086655390287e+01 3.696982457116931897e+01 4.525409581863092257e+01 4.450341764318655180e+01 3.621913668440397061e+01 3.401235357681461835e+01 3.839350528698202680e+01 2.895575405376812839e+01 4.171791393055699615e+01 6.201597795412045144e+01 7.652065058699709255e+01 8.480254106683028681e+01 8.378810006158315105e+01 7.365540927389666592e+01 5.700138030425548408e+01 3.688397325026475926e+01 3.273306446415303839e+01 2.881711727036743653e+01 4.403320057852269542e+01 4.616074619035290283e+01 2.159291322671795044e+01 2.887546295417994457e+01 3.322893674002678210e+01 1.976370708821565714e+01 3.757871663117960281e+01 3.973383635741380715e+01 3.756525588616667477e+01 1.914963045741902548e+01 1.881945378937691515e+01 1.917912755656193013e+01 1.954259837612337591e+01 3.950850048206179110e+01 4.023427576437927655e+01 2.309951875597121074e+01 4.248651028329786783e+01 4.600751055049739335e+01
8.953482861371391335e-03 2.000895348286101694e+01 1.696982457117002951e+01 2.827996204452019668e+01 3.129486218533877206e+01 1.621873512947138707e+01 1.987021884617243117e+01 2.371922064076986914e+01 2.811190640499251359e+01 4.204616710925726153e+01 6.203185469753393022e+01 5.652122121032632407e+01 7.652065058699709255e+01 7.547199898451533784e+01 5.512852259112197117e+01 4.497223816674724617e+01 5.700138030425548408e+01 5.271231520186299235e+01 3.500432876858565834e+01 5.501056047959018258e+01 4.552289970043959499e+01 2.530923685850330784e+01 4.238497653015188860e+01 3.911778586678864400e+01 4.073625273297056282e+01 3.303610516710981670e+01 5.303661737244310359e+01 4.028247089588420238e+01 2.028451876239542884e+01 3.876322816551821404e+01 3.912957107527251566e+01 2.465772963446626775e+01 4.270574986794783001e+01 4.624739424308581448e+01 2.648451664336490552e+01 3.770916007618034627e+01 5.771222610574385214e+01
