LEM/sinusoidal_perturbations/elevation_000577.asc
nrows	100
cellsize	150.0
xllcorner	0
ncols	100
yllcorner	0
NODATA_value	-9999
[rows 68 to 84 of 100, columns 0 to 36 of 100]
5.009162696260268353e-03 2.000500916269590590e+01 2.597995826092283522e+01 2.909676900696349122e+01 1.441609985563487228e+01 3.452553226393675345e+01 2.879499952130257157e+01 3.592810885785286956e+01 5.596819902501406574e+01 7.356637871374969961e+01 5.965970386465259168e+01 3.959048451875793972e+01 5.965970386465259168e+01 6.700634442567935878e+01 4.696739800378441032e+01 3.399386936667740855e+01 5.406282731964081023e+01 5.234213790477979700e+01 3.292157075247494902e+01 3.147020634493445002e+01 2.888768650034537089e+01 1.110478213622278609e+01 3.128999053932895080e+01 2.660823690978615019e+01 3.377581234669315791e+01 4.376196142756798935e+01 6.304151694855860200e+01 7.204042507026571229e+01 6.061500007008361735e+01 4.930597098093332420e+01 3.056222095907391179e+01 2.021082780925358691e+01 1.971840056240739969e+01 3.566189164606954876e+01 2.864946889024412968e+01 3.873802712013311833e+01 5.301052941081887582e+01
4.695337527364121070e-03 2.000469533752700713e+01 3.829192788557317328e+01 4.282025305601970899e+01 2.865471940235849146e+01 2.052362280017357321e+01 4.068208281794412073e+01 5.596819902501283650e+01 6.425511794091832485e+01 6.527904085955478308e+01 4.521567470802996525e+01 3.396896766519584077e+01 5.409350391002517000e+01 6.114453886973861785e+01 4.109503398143227315e+01 2.685131645085392194e+01 3.936424575510439894e+01 4.766957625540298693e+01 3.479856637442658496e+01 1.492522575626916037e+01 1.062662774687299461e+01 1.531277418402530088e+01 1.712726680496481890e+01 2.380847957877593402e+01 4.391656888749315613e+01 6.133224037523221739e+01 7.098821951796897167e+01 7.169109369030782375e+01 5.200529560922240080e+01 4.125591599507904306e+01 4.920010404441139684e+01 4.600948483526464372e+01 3.992658970665543450e+01 2.038834203405242462e+01 4.060615467449261473e+01 5.722313755351140685e+01 6.741388582809537411e+01
7.614146464036155443e-03 1.000761414647250724e+01 2.414974982645751922e+01 4.414976732810726645e+01 4.869877585867015313e+01 3.480629858616192962e+01 3.259415306381513489e+01 4.724892579323022801e+01 6.747757304942113876e+01 6.659162548487817901e+01 4.889737099493368078e+01 2.871297247885488346e+01 4.251452571839404726e+01 5.082881937960517860e+01 5.526258409466630184e+01 3.936424575510439894e+01 1.920968418512501330e+01 3.936222845301631423e+01 4.125765967217495245e+01 3.059270818604299080e+01 1.028910076351316505e+01 2.876286418235023845e+01 3.669249231469092365e+01 4.391104085828113313e+01 3.551174684930349201e+01 4.706642154699538594e+01 6.677847984778684065e+01 7.992286006489185013e+01 6.855618383226517665e+01 6.033319156641064041e+01 5.761072944107714022e+01 4.958756894853382136e+01 4.107362501401036781e+01 2.086735765227911799e+01 3.809857906480639400e+01 4.350787737441469716e+01 6.550321920768415396e+01
2.352828262072654761e-03 1.414448845199314775e+01 3.414448845199385119e+01 4.651983110390288090e+01 5.487347991507202494e+01 5.486748079025993263e+01 4.978467407974951442e+01 6.151295918717036670e+01 7.173307919717881020e+01 5.009698662903797128e+01 3.754420352676875439e+01 2.908537368054632211e+01 2.227350655176282856e+01 3.742268975171055700e+01 4.573940496675396616e+01 3.474015303565319357e+01 1.467789134320324607e+01 2.886046167810463103e+01 2.838357917277257769e+01 2.953254666138602502e+01 9.951916798454183422e+00 1.886581379222748112e+01 3.018572789033629888e+01 4.872931773824208079e+01 5.539770561192550247e+01 6.362207515811045511e+01 7.504378662143294321e+01 8.129988455475746889e+01 7.144827525508804911e+01 6.322289188637274293e+01 4.959442155319737822e+01 3.085029382175281398e+01 2.665578040172870899e+01 3.411757107888075780e+01 2.155336724935887105e+01 4.482528479227769225e+01 5.867548148382385165e+01
6.786455232800275850e-03 2.000678645523244370e+01 3.372623447664650342e+01 2.629137870011372158e+01 4.060194317105629835e+01 6.080687641198523607e+01 7.141823628946595193e+01 7.319915878958121880e+01 7.893575453061677649e+01 6.659162548487817901e+01 5.780285764534599480e+01 4.946829909506694634e+01 3.742268975171055700e+01 1.720214164638377241e+01 3.263025303070413230e+01 2.935028746029767177e+01 1.282728072921893947e+01 8.810060152698900637e+00 9.143168142258819131e+00 9.476147618270418960e+00 1.436143349754527065e+01 3.316689383365642385e+01 4.569816188693226877e+01 5.642592091891192041e+01 6.650617807574556650e+01 6.524543596903589560e+01 7.351404384142138326e+01 7.301045818357455630e+01 5.343532558917084430e+01 4.416255855410362585e+01 3.728874995133332959e+01 4.959441171943294790e+01 4.559576237358876227e+01 4.156177018390145150e+01 2.203856528270901904e+01 4.222140237716684652e+01 5.034858429579429639e+01
3.257643153035955173e-03 2.000325764315267918e+01 1.354440489651616097e+01 2.366200296024127425e+01 3.882048719876137710e+01 6.118066005122101103e+01 5.691562175880182650e+01 5.590336947993897354e+01 7.319915127531920973e+01 7.085728089875387070e+01 5.929310877157497117e+01 5.100246620700395539e+01 4.340935347144403522e+01 3.263025304116566616e+01 1.250198271297795571e+01 9.905394699970953454e+00 8.336870522686060880e+00 2.838640890977793063e+01 2.804753417621082789e+01 1.454295589551823298e+01 1.349518758909765026e+01 3.354187296461510215e+01 4.106157620291450172e+01 3.853639975609258528e+01 5.110298376926166242e+01 4.524498826290201237e+01 6.524543596903589560e+01 8.129988455475746889e+01 6.822390990619534534e+01 4.892587827401325029e+01 4.788093225582470325e+01 6.415586071869182661e+01 5.385015667309024678e+01 3.370007921072884471e+01 4.177461872542229315e+01 2.272053978141731889e+01 4.289480790929771103e+01
1.880098487986705483e-03 5.002050570194742640e+00 1.656459886456908137e+01 3.670506329370538623e+01 5.289555038371144491e+01 5.986273246286608440e+01 4.191615192538222345e+01 5.308501287116045120e+01 7.159368741767207212e+01 6.257443828318027812e+01 4.253120328544390105e+01 3.091029622359722850e+01 2.329970735648305791e+01 3.392971090224964570e+01 2.890958665361508650e+01 2.758626451079949859e+01 8.000028808758223420e+00 2.805154230247705982e+01 3.819024325677253273e+01 3.306665804693631117e+01 3.354187296461510215e+01 1.769437274042110886e+01 2.090734337699008805e+01 2.428711643227430272e+01 3.103973734072363300e+01 4.264763806941539315e+01 5.680187130723636102e+01 7.677955979555046895e+01 7.647717532839112664e+01 6.242374323025920546e+01 6.134091872152885827e+01 7.026414425488341919e+01 5.016662875662131427e+01 5.385358942060192078e+01 4.476610952644197994e+01 2.400375704940928401e+01 2.339878343240802394e+01
2.900726248362994839e-03 2.000290072624800786e+01 3.335716894395577725e+01 4.520030887220243443e+01 5.235223491579496624e+01 4.484974432402947997e+01 3.462714868199790175e+01 4.781414026388294047e+01 5.533690063139085424e+01 6.400779395575129627e+01 5.929308976571317658e+01 4.556689027558955019e+01 2.543287725133743749e+01 1.387535123785999325e+01 7.716891203174720992e+00 7.530439685516780557e+00 8.662289966488613047e+00 1.017092406187785336e+01 3.027987666095126684e+01 4.084434068442166677e+01 4.609874182195632386e+01 2.934286095757902046e+01 4.106157620291450172e+01 4.441523495974897173e+01 3.026439464703728532e+01 5.033320396759413029e+01 6.426954040997127038e+01 7.253823960576578145e+01 8.252491835232802941e+01 8.222675095926494748e+01 8.112399165189792427e+01 7.857419754452311622e+01 6.210479169422091417e+01 4.916415298096416109e+01 2.877868971694656963e+01 4.476771091560041782e+01 4.282270862591245475e+01
5.081304048347549951e-03 1.249826776400056261e+01 3.026612739731605117e+01 5.107033964016697780e+01 4.484974168535237027e+01 2.598421691225140506e+01 3.789736057590112495e+01 2.898835134762411059e+01 3.838715520593542152e+01 5.137961524381934453e+01 6.902561834889633019e+01 5.391911745792879884e+01 4.224286575857586712e+01 3.386430720699190289e+01 2.617965296597662572e+01 7.224176297495318977e+00 2.721004128830971425e+01 3.027927963788428301e+01 1.257676439876152230e+01 3.221055123461208325e+01 4.315498309987398073e+01 4.943601138943115814e+01 5.772187960214815661e+01 5.861029426345317006e+01 4.187699416751358683e+01 3.718007440424180743e+01 4.427378218773618102e+01 5.427832530487340534e+01 7.426075551507079808e+01 8.698315281248241604e+01 7.866800239020663810e+01 6.721003195200293590e+01 5.378335925352014613e+01 3.364870591207037620e+01 4.327426534338924569e+01 5.748860502135296713e+01 5.663686181580013113e+01
4.469920835086939326e-03 1.626962023300999860e+01 3.672578640327613897e+01 4.041867671196536094e+01 5.116489481212530421e+01 3.789564400903080355e+01 1.863194297740628613e+01 3.789736861841185345e+01 5.276340270108835284e+01 4.581480060277129951e+01 5.558114697064834075e+01 6.205544967586124727e+01 4.095104604639489310e+01 3.609021167390168472e+01 7.530899043932572923e+00 6.929793416235976444e+00 2.766707670106082517e+01 3.891268756301958831e+01 3.268697285433218269e+01 1.500195805783241276e+01 2.928388809830147466e+01 4.959721739936426843e+01 6.183547060097038894e+01 7.015456301985287269e+01 6.188460136841103321e+01 4.536828618398207880e+01 5.719997229301650776e+01 7.253823960576578145e+01 8.252491835415689536e+01 7.866800239020663810e+01 5.857984578307470258e+01 5.889127536863771439e+01 3.878097751890389588e+01 4.528862516546251271e+01 6.208981207840338357e+01 7.170294469940793647e+01 5.596048494373454929e+01
2.324776005098761877e-03 1.949361624905959545e+01 2.687593695350535938e+01 3.831976494135307121e+01 3.625726969602375505e+01 2.885400854874681897e+01 1.419705829937842800e+01 3.402062131041568449e+01 4.188165917243225067e+01 2.375907647334223682e+01 4.311889366845186800e+01 5.618573875844576548e+01 3.466298671090699912e+01 1.727678609932555176e+01 6.512663218711288060e+00 1.089438662640594835e+01 2.581208136075829529e+01 3.611361625632564198e+01 3.655025520274622863e+01 1.674101841561884640e+01 3.633675902041301242e+01 3.354954392949135666e+01 4.773202396774884448e+01 6.765317050260279075e+01 7.363081430723811138e+01 5.691884092927568872e+01 7.363081430723811138e+01 8.544286910972255100e+01 8.996420977946458208e+01 8.098027504042849500e+01 6.446353063176624687e+01 4.437247856056900019e+01 5.300725788274124284e+01 6.537684404645520431e+01 7.367105929098276818e+01 7.199198737591976283e+01 5.343306264218362145e+01
8.699724428260374037e-03 1.918497501347030365e+01 1.753929531561217914e+01 2.812407464237714905e+01 2.345146257995165584e+01 7.581006299379478897e+00 2.875254205381000361e+01 3.058957853397800264e+01 2.409926832088811821e+01 1.352206356620161465e+01 2.818354684265126409e+01 5.030316039534799444e+01 4.943096759268104279e+01 3.972489955790571514e+01 2.657549417818301052e+01 6.090876741928871851e+00 1.881369048202625294e+01 3.346783666867460028e+01 4.469524527450347051e+01 3.688613781384226087e+01 1.926931339934806786e+01 3.944569235676675589e+01 5.370446247744568069e+01 6.199419660973735091e+01 7.094846521936977979e+01 7.689705627542136313e+01 8.516037045702738340e+01 9.585700984906713984e+01 7.576449513178057771e+01 6.155451365380016426e+01 5.257888274816274077e+01 5.148130862364462956e+01 7.156374361375810622e+01 8.141280602126448684e+01 8.228290520458114088e+01 7.450122004881819748e+01 5.771745100858032629e+01
2.249585233037712084e-03 9.824022620304230458e+00 1.830783363402515818e+01 1.081528773507687280e+00 1.398479847917086794e+00 2.111708991201330576e+01 2.181612763935495281e+01 2.219502645001802676e+01 4.921521523050631508e+00 2.413202345751442479e+01 3.779256688393874697e+01 4.475666856497606716e+01 4.965575975973692380e+01 3.669487623226841322e+01 2.871674065787502528e+01 5.793566454073137528e+00 1.273482269746482487e+01 2.274747450434928453e+01 4.200638812616649886e+01 4.128702491759145943e+01 2.111143643493307209e+01 2.722722203514947736e+01 3.362989521240579904e+01 4.263258166539310423e+01 5.680314336258226149e+01 7.680585587079322352e+01 8.920370857085606531e+01 9.749302068994366266e+01 8.996420977946458208e+01 8.098027504042849500e+01 6.261499549607739112e+01 6.045617972840586418e+01 7.988156293867994862e+01 8.542703847525548611e+01 6.650297091009529993e+01 5.463941408699333380e+01 4.671326963119724240e+01
2.739267172789772273e-04 3.168580522358005469e-01 6.334818724001148871e-01 3.524805832964606811e+00 5.677783231035726352e+00 1.847788029132453103e+00 2.164818168758604777e+00 2.480560433880871773e+00 2.794951981145090247e+00 2.206106814044521869e+01 1.764550851132955245e+01 3.718583992309049790e+01 3.162454728358691014e+01 1.545254726710309434e+01 2.015184487357698373e+01 5.494168067924892540e+00 1.212618184440890268e+01 2.056965195316324113e+01 4.076029748532027241e+01 4.323673763838510808e+01 2.306993849088449622e+01 4.323674081168183392e+01 5.370446247744568069e+01 6.199419660973735091e+01 7.094846521813778395e+01 8.025871791491519502e+01 6.921933138103875649e+01 8.595033559633387199e+01 9.694310808068787821e+01 9.102457994916289863e+01 7.682603888151496108e+01 7.205527325944188988e+01 8.886532278049480738e+01 9.316947383694044049e+01 8.228291937019105262e+01 7.450122248338830389e+01 6.393523930536860433e+01
8.327778614586212741e-03 1.980622983730906483e+01 2.192472167814320017e+01 1.605558239615237071e+01 2.241619200696769454e+01 1.060578350984773621e+01 2.208426296713595605e+01 9.144004015531203677e+00 2.246986919179540010e+01 3.238858195384868743e+00 2.279498273881717552e+01 2.386361143920830230e+01 1.652504119504479618e+01 2.448304902401094196e+01 5.065889832812380256e+00 2.153500441211106065e+01 1.974522384801910491e+01 3.770613825348529957e+01 5.008453627205066994e+01 4.519573498889635488e+01 2.506089328198287802e+01 4.521276777721012508e+01 4.811718346357625364e+01 6.814194650060474601e+01 7.083349757753202880e+01 6.026480626958979769e+01 5.766948117516487571e+01 7.766572302065448241e+01 7.696444627625595558e+01 9.110125532395555581e+01 9.691668931791225816e+01 9.215389792434183391e+01 1.004625414602046192e+02 9.208485980478135957e+01 7.165983369774490086e+01 5.736135394489357964e+01 5.580015924575079111e+01
6.510866554257996840e-03 2.000603824839369693e+01 3.322283441023994754e+01 3.851091221752162141e+01 4.105076472311440483e+01 2.279582759118682134e+01 3.785757427346856474e+01 1.979708145722547386e+01 2.553645490246028871e+01 4.855261782096240708e+00 3.684422175625786000e+00 3.999971241543584188e+00 4.315568813686173399e+00 4.629080120491104289e+00 2.401037776233025411e+01 3.242818571577823406e+01 3.923522137940363308e+01 4.835619102466752395e+01 5.939218861574379105e+01 3.933946338893878902e+01 4.521276777721012508e+01 2.799480132323091297e+01 4.811718346357624654e+01 5.393810322627458476e+01 5.083106245059359196e+01 4.611419054109544646e+01 6.309933048159228264e+01 7.017185507607162265e+01 6.282381613140900356e+01 8.281606083967834309e+01 1.013159358618780175e+02 1.035310459143044284e+02 9.172389058938827588e+01 8.262241227459612958e+01 7.416094703282838907e+01 6.108295584748648110e+01 4.092990488938040272e+01
8.953482861371391335e-03 8.095322879430431939e+00 2.288696515052181013e+01 4.438825459758984238e+01 5.354061990682910022e+01 4.671036588819283253e+01 5.024067275586887860e+01 4.162278384698402789e+01 3.057919185294596787e+01 1.036435814827177104e+01 2.354144100898997038e+01 9.740055694130004937e+00 2.073541971436585030e+01 6.464189943117037984e+00 9.851396571688626480e+00 2.144619127460499186e+01 3.564158778173899833e+01 5.557343544571668303e+01 6.767990508708632547e+01 5.939219354099979853e+01 5.462121953383640971e+01 3.474296751316893506e+01 3.114815964383650027e+01 3.388200248967523009e+01 3.665814955209781800e+01 3.984055802225823584e+01 4.309408526840511655e+01 5.016773467487827531e+01 7.017185507611192463e+01 7.304246929930303622e+01 9.302443607800694281e+01 9.502232443835211484e+01 7.460953995282238793e+01 6.294233468001347376e+01 5.395003552187444740e+01 4.685601210375799042e+01 6.106153256888473635e+01
