LEM/sinusoidal_perturbations/elevation_000124.asc
nrows	100
cellsize	150.0
xllcorner	0
ncols	100
yllcorner	0
NODATA_value	-9999
[rows 34 to 50 of 100, columns 0 to 36 of 100]
2.064481644892168701e-03 2.000206448164453832e+01 7.815089173352565588e+00 1.266580171379237107e+01 3.267101539427991952e+01 4.503412253782529717e+01 5.332442227110414024e+01 6.309646333536274909e+01 7.468973729451357713e+01 7.866593717396935403e+01 7.033227276277483497e+01 7.866593717396935403e+01 6.267827884572012920e+01 4.393281424152803538e+01 4.942311439266727291e+01 3.418915861760459052e+01 2.847995086970826506e+01 3.068872556783399475e+01 4.751289652751071202e+01 5.590411938969886307e+01 5.966026311799938497e+01 6.300770918166943346e+01 5.068157527651403171e+01 6.395779170107775968e+01 8.373053578166005195e+01 9.363662322833594942e+01 1.022406790758272308e+02 9.219990791997634005e+01 7.538269408223385426e+01 7.595260702247060181e+01 8.859742035482392453e+01 9.694051486765407333e+01 1.001109852697299374e+02 9.792770879701353692e+01 9.792770879701596698e+01 1.061812891531828171e+02 1.074643399538401809e+02
2.905961989428186391e-03 3.165183622157848209e+00 2.316582593106658550e+01 2.680903388948797073e+01 2.051047217943977685e+01 2.717724855819880148e+01 3.473719718765943298e+01 4.629213164629827304e+01 6.635930640243721257e+01 6.866816814789163459e+01 5.038797607366362996e+01 6.866816814789163459e+01 5.793443717837806162e+01 4.852028662480616106e+01 3.067590526533850692e+01 2.551707595160180375e+01 4.392057698200006399e+01 4.948007675490296009e+01 3.491562447545343417e+01 3.795632972653181270e+01 4.112973523160479061e+01 4.436992099659440214e+01 5.000298137031526835e+01 6.902207504064152488e+01 8.786096606187496150e+01 9.946040535560206308e+01 9.388336873903787705e+01 7.384108958524976174e+01 6.402055485490930664e+01 6.458220064831407115e+01 6.867306587868058898e+01 8.859742035447847286e+01 9.877070397100069954e+01 1.070609717786839212e+02 1.028568505232917971e+02 1.111355829312022081e+02 9.749681713571722241e+01
3.542675937824442140e-03 2.000354267593747082e+01 3.145161162549206324e+01 4.682309064552837441e+01 3.206048707225239269e+01 4.720050034858299171e+01 5.477351765510510262e+01 6.309646333536274909e+01 6.716489294149744183e+01 6.036012441821922181e+01 4.050354458018259862e+01 6.036012441821922181e+01 4.982990568915830210e+01 3.211666511669389479e+01 2.266651131934089491e+01 4.184646530520911512e+01 5.251419087140409658e+01 6.248469408054667440e+01 5.478157497179103785e+01 4.848040794282768928e+01 5.966025995279439798e+01 5.484527267254251370e+01 6.902207194647739641e+01 5.988110688481469168e+01 7.104769778358139831e+01 9.109086380583623566e+01 1.022406790758272308e+02 8.997397916001108342e+01 7.450877419365031074e+01 5.484495654349413485e+01 6.867306587868010581e+01 8.859742034550575340e+01 7.865424018584322141e+01 9.546397216824091458e+01 8.273531284615525294e+01 9.954122122026971908e+01 8.927337754799192737e+01
3.411803931810562015e-03 8.947683713931045446e+00 2.049468909772376435e+01 4.049468909897067448e+01 5.217269268665796744e+01 6.059501698305118111e+01 7.221355529289132846e+01 6.135756916463361677e+01 4.722934941594785840e+01 5.374126447220699987e+01 3.387461631539444795e+01 5.374126447220699987e+01 5.616333688093074983e+01 3.927861752723975997e+01 2.076947927801954918e+01 4.002200705550026072e+01 4.712921910432916661e+01 5.588493151184954399e+01 6.647505556489953449e+01 6.741310778878703047e+01 7.563253156988115222e+01 7.415778429262405780e+01 8.245706512094390916e+01 7.951893650747504694e+01 8.786096606187496150e+01 9.424591030660349134e+01 8.592674086804009903e+01 8.164913421679429462e+01 6.184944339649072020e+01 5.059410470014445593e+01 7.021777739182056166e+01 8.652720831677076774e+01 6.720344380303437504e+01 7.968619736349977245e+01 7.122846448870822655e+01 9.123967532888781307e+01 8.260240124870531986e+01
3.327314952832964925e-03 2.000332731495247884e+01 3.723195494570854436e+01 4.877896044469738257e+01 6.071125120583589307e+01 5.255025918594705558e+01 5.262733775336810282e+01 5.306833492794173424e+01 3.313398405497838439e+01 4.046074444083563293e+01 2.804261489786245676e+01 4.800625714159132684e+01 5.428264305353961561e+01 3.821884262015340994e+01 1.889728111543465516e+01 3.609136693119311445e+01 2.630633707954255840e+01 3.652166141565957957e+01 5.148235066266638427e+01 7.283629718175086509e+01 7.442355360823614774e+01 6.611533967704180270e+01 7.442355360823594879e+01 6.977861785277649176e+01 7.809342611396029099e+01 8.273318104651930582e+01 6.604559807258726778e+01 8.035785076644091873e+01 6.057499393023289969e+01 4.675564893146050593e+01 6.636925854631564903e+01 7.823319888478634709e+01 5.847577718099242361e+01 5.989662522756285767e+01 7.381955048245819739e+01 9.384953582936395833e+01 7.684235131106163408e+01
6.779948344387334673e-03 1.135925357276842895e+01 2.502173568796731473e+01 4.458582710909615088e+01 5.262733775085965959e+01 3.286425291482325406e+01 5.262733774452332369e+01 5.505622414215552141e+01 4.046074443683013300e+01 2.039278300801870003e+01 4.046074444083560451e+01 4.453576175490273670e+01 3.803795855207998500e+01 2.612914957844579433e+01 3.066270698108992576e+01 1.627238013941783024e+01 3.671777809193488906e+01 5.588493151366569123e+01 6.156198312581076237e+01 6.959455801602041447e+01 6.446909116965426279e+01 4.626808203468464598e+01 6.446909116965406383e+01 4.989056017722242586e+01 6.657965430910572024e+01 7.444835725788776415e+01 5.474255672163379671e+01 7.444835725788776415e+01 6.278831973959945145e+01 4.316459088136475941e+01 6.278831973959945145e+01 7.124789545199404017e+01 5.160242800114388473e+01 7.124789545199419649e+01 8.798258668629054569e+01 8.887559318681404363e+01 7.153158153311660783e+01
9.516927588586143695e-04 2.000095169145166807e+01 3.190105720368839215e+01 3.510567298261590707e+01 4.340306219538120303e+01 2.533680267019036592e+01 3.525963973407792196e+01 3.525963958932363340e+01 3.627629590319573794e+01 1.641628526187197679e+01 3.076475751446397666e+01 2.697143413409358459e+01 2.054870786444457664e+01 1.202295778814395710e+01 1.377221324342243136e+01 3.465796807142332625e+01 4.529730440064595598e+01 4.775262883510750100e+01 4.203265044367650205e+01 6.156198310694134079e+01 5.619171085586322079e+01 3.641947595258040593e+01 4.687096454912761345e+01 3.850708067159771986e+01 5.829624240013652781e+01 6.700026402103117107e+01 4.735110314296919398e+01 6.700026266517346585e+01 5.937226701885025193e+01 3.972586939938964434e+01 5.937226701883227520e+01 6.139430149735729003e+01 4.743475626227426289e+01 6.705946771829488284e+01 6.977972516606689624e+01 7.121032584722500758e+01 6.076043142498749461e+01
1.945935296826602993e-03 1.388070424561324145e+01 1.249460346878782069e+01 1.572399993131056206e+01 3.539414924756701453e+01 3.525871710366545386e+01 1.535412147276294981e+01 3.517921204784393296e+01 4.405567415851416513e+01 3.076451630150535266e+01 1.138267798628713834e+01 8.879245853929065291e+00 9.585987974655019173e+00 2.953017350437253796e+01 3.141875129195937788e+01 3.630989088457021552e+01 4.389822452768402172e+01 2.655507202998375860e+01 4.719547347639703361e+01 5.819704927777480918e+01 6.446354865603714757e+01 4.687086852279223592e+01 2.708207014338571383e+01 4.032095253584616046e+01 4.856602412338261843e+01 6.078665348196674501e+01 4.113161109222977529e+01 5.984535683145603002e+01 5.164219934764403064e+01 3.642223558671537376e+01 5.609786741435106450e+01 4.176017011253580336e+01 5.594964114722115056e+01 5.435068207627876546e+01 4.995314977115101129e+01 5.137383886986794579e+01 5.985800228142685597e+01
5.600688922766023682e-03 6.689625787358020048e-01 1.332708397442275761e+00 2.084498619209973569e+01 2.913883169133173823e+01 2.412766342094262129e+01 1.000432040853819693e+01 2.522101910871778330e+01 2.616364146903073262e+01 2.685878019902155245e+01 7.880075707928877016e+00 2.783280559517064745e+01 1.529768568163860998e+01 1.068449687646102575e+01 1.147932279676429701e+01 2.585746386856598988e+01 3.291908228713849383e+01 1.657874829505145797e+01 2.928265129506947417e+01 4.992963882237018680e+01 5.101852010026141215e+01 4.651725395806671770e+01 3.490751886429391959e+01 2.042597826173768638e+01 4.032094593927826764e+01 4.983060179693925562e+01 3.541974629326113444e+01 4.739210590326613470e+01 3.192124001286959611e+01 5.164214715035480907e+01 6.429153043433618109e+01 5.594562455293611691e+01 3.627039230869900877e+01 3.457336734721600635e+01 3.599006027103047245e+01 3.742057758208863305e+01 4.012192016026493491e+01
8.215197286175309616e-03 1.968393285401780446e+01 2.131378641526390538e+01 2.276179379188933982e+00 2.078834383717542877e+01 4.162845251505543409e+00 4.830421787571169467e+00 5.513712187848230251e+00 6.202615904315374351e+00 6.897239123647037395e+00 2.685990950768674779e+01 3.592527124396688265e+01 1.596989698200260399e+01 3.062752298791354377e+01 3.141875001477667340e+01 1.260960101917002874e+01 1.341120678345998307e+01 1.421766179305835642e+01 3.413197227816664991e+01 3.611904518149363952e+01 3.114685005090178294e+01 3.781770575709236937e+01 1.916437246492903412e+01 3.906341327652534545e+01 2.171880002864820725e+01 4.159452860131753482e+01 4.380613432923936301e+01 2.762055715102913922e+01 4.737009796410100648e+01 4.796667810151701872e+01 4.924266801574356833e+01 5.052699905050749862e+01 3.257836320446933343e+01 5.161200150653604624e+01 5.576021925610068308e+01 5.718381139061713014e+01 3.983729661158857027e+01
2.613274238814250559e-03 1.993373418176093992e+01 2.862857489330960092e+01 4.711729965345240245e+00 3.219897622416765692e+00 2.325078784064917059e+01 9.715640313263914862e+00 2.549652179328485246e+01 2.617430125451720713e+01 7.080937071686075335e+00 3.408349965591686725e+01 4.420811391905376553e+01 3.598018421794395039e+01 2.187624554248199615e+01 4.109253849724529317e+01 3.481544203287241857e+01 3.339362771648598738e+01 3.168744209617025476e+01 1.536648593369394611e+01 1.621400552096809378e+01 1.706133169335526389e+01 1.791114833204041901e+01 2.133687628002284598e+01 3.853795600854692793e+01 3.568519019204942566e+01 2.301817928989639483e+01 2.393904335358195468e+01 4.234190499756599024e+01 4.596935323327714684e+01 2.814327265211722562e+01 2.943022070618739860e+01 3.072401173078743142e+01 5.052699953255708465e+01 6.046407211049905328e+01 6.776282583375368063e+01 4.864970937463159117e+01 5.968374881633317131e+01
7.532853315450405325e-03 2.000639498505364600e+01 3.625931353203609575e+01 3.083617527326626018e+01 1.790374333685766928e+01 2.363249496673339678e+01 2.960476753649069082e+01 1.702708756736067386e+01 3.678198430536276220e+01 3.538276045135674508e+01 3.538174602763733390e+01 4.810503138668517664e+01 2.828222089324222566e+01 4.183650831930813752e+01 5.006571625753869625e+01 5.267998092070256178e+01 3.912210610914653586e+01 1.923958756358866040e+01 3.527359739976492392e+01 3.611904521967989723e+01 3.696678888962523502e+01 2.488818170909478411e+01 4.139198785828565974e+01 2.642122394739858393e+01 4.622325431459263001e+01 4.289289256096531489e+01 4.335705436545435987e+01 2.533733026063281102e+01 2.632933023664202210e+01 4.617603910118194932e+01 4.924343260923045307e+01 4.984975159731187944e+01 4.718357362965375046e+01 6.822912661077712926e+01 7.537784100580734048e+01 6.869379919839381898e+01 6.008186537359640766e+01
6.101047412966256744e-03 9.273508842320048018e+00 2.068074545626393501e+01 3.964318130597298762e+01 4.098640317514480103e+01 4.470419235930077662e+01 4.503803048558874877e+01 2.696948200502259496e+01 2.696948177217100806e+01 4.675024991505430449e+01 5.482348817072103486e+01 5.275954321811113346e+01 3.301212418542727534e+01 5.275954321811113346e+01 5.587529801964643639e+01 3.604768777299462101e+01 2.457571520933642262e+01 3.912210622514119507e+01 2.525841054684881826e+01 4.510654332673279043e+01 5.214739763407660433e+01 3.511268656907589047e+01 5.214746660131608280e+01 4.641466246507177118e+01 3.175165405748941794e+01 5.175698291743663759e+01 5.417113089753817690e+01 4.584838730436781873e+01 3.443182016509198462e+01 2.859985375015522280e+01 4.842194411589463954e+01 5.881014635843762761e+01 6.788206941340946798e+01 7.102593147831285592e+01 7.924135165524616298e+01 8.868594292733811812e+01 7.174304969670397725e+01
6.842009524227352091e-03 1.414897763325530278e+01 3.414897763325600977e+01 4.823599170378459888e+01 5.357687696508414632e+01 6.187287196987848858e+01 5.492975887663080670e+01 4.097841827130690717e+01 4.097824262612901691e+01 4.097824262612901691e+01 6.068510819409419099e+01 5.785338693318883685e+01 3.812501637850929370e+01 5.785338693318883685e+01 6.415466198122715014e+01 4.856158561322951783e+01 2.873682922072418933e+01 4.856158561322951783e+01 4.510654332673279043e+01 3.172035245179325003e+01 5.153538620370937196e+01 5.551861519574408987e+01 6.389878853556573546e+01 5.568338233221706446e+01 3.564414924019632736e+01 5.568342734949971629e+01 6.717344265933439829e+01 4.803915777801915965e+01 5.364346006660113630e+01 4.842194411589463954e+01 3.088902250625084633e+01 5.063726250309882460e+01 5.659528524486670165e+01 5.083175785677886438e+01 6.763540614209689750e+01 8.187535292194553449e+01 9.266032003205407364e+01
1.934550753332892102e-03 1.414407017448440840e+01 3.414407017448369430e+01 4.296830449711289646e+01 3.357396964394546757e+01 4.616920635958459229e+01 5.445290106718270806e+01 6.069707196167178864e+01 6.068510819409419099e+01 6.068510819409419099e+01 6.885970752033671261e+01 6.355926233348346699e+01 4.379353186536360454e+01 6.355926233348346699e+01 6.461183098520044155e+01 4.463961145814054987e+01 3.318820914044474080e+01 5.309384806372777632e+01 5.633839730662067069e+01 3.653509280733033648e+01 5.633839730662067069e+01 7.274343386242222209e+01 7.502899897184330769e+01 5.987304164816261931e+01 3.975972699199562044e+01 5.987304899463045160e+01 7.543992909088323984e+01 6.717344265933439829e+01 5.844938446192539772e+01 3.867131983583090715e+01 5.069178927148519875e+01 3.331373397763078259e+01 3.634590336208523809e+01 3.944483789483355451e+01 5.340322792662323081e+01 7.164666131232088730e+01 8.008311999894344524e+01
4.364784840791047053e-03 2.000436478484043690e+01 2.580972490182193724e+01 2.296651794371119237e+01 2.202690902966826769e+01 2.616906152745483993e+01 4.616691872814951125e+01 5.048827993694737870e+01 5.755985996488639955e+01 6.585160108231987408e+01 7.585679768777509935e+01 7.017601818100268929e+01 5.032575552093720006e+01 7.017601818100268929e+01 7.294512783792075084e+01 5.823964082362873285e+01 3.831019440725876990e+01 5.823964086754788383e+01 6.461852643214444925e+01 5.633839730662065648e+01 4.459701945464129125e+01 6.443874989371188633e+01 6.662425842220415007e+01 4.634468926717553927e+01 5.987304899463045160e+01 6.829059120476011913e+01 8.145456725100177664e+01 6.145705269496269096e+01 4.749188332169735105e+01 5.844938446192539772e+01 6.134639180397102365e+01 5.309353270722562002e+01 3.629445854678043304e+01 5.599672840816414521e+01 4.423290340300081169e+01 5.165123242993360009e+01 6.152664699687446870e+01
5.219006137575642711e-03 2.888969002493558147e+00 5.806098999970879859e+00 8.821000854067611030e+00 1.202313848293404597e+01 3.202755103397577585e+01 4.154350591912241697e+01 3.048666025148627057e+01 3.755780053193878132e+01 4.755782822565625167e+01 6.756189170411730061e+01 7.847566197920737352e+01 6.018194507410158423e+01 7.847566197816419731e+01 7.463574189773123635e+01 5.455470130581390009e+01 4.490886807178704032e+01 6.490513467121759561e+01 7.510566210061506354e+01 5.514969346984378262e+01 6.443874989371187212e+01 7.274380009260042357e+01 7.188132303258358036e+01 5.149000036227688071e+01 6.591512278601445018e+01 8.628500458368439752e+01 8.145456725100177664e+01 6.145705269496269096e+01 6.145705269496453127e+01 7.563710768491887393e+01 7.248452166259076535e+01 5.809523418511665227e+01 3.842361005637675220e+01 5.810250890702332782e+01 6.408909957219586317e+01 4.978376745507991785e+01 6.118272618698144782e+01
