LEM/sinusoidal_perturbations/elevation_000016.asc
nrows	100
cellsize	150.0
xllcorner	0
ncols	100
yllcorner	0
NODATA_value	-9999
[rows 68 to 84 of 100, columns 0 to 36 of 100]
5.009162696260268353e-03 4.269023489808487781e+00 8.633381294528373218e+00 1.334742650243873108e+01 1.851140429738204318e+01 2.517807096404882827e+01 3.517807096407759104e+01 5.517807986717756563e+01 6.290169243514147723e+01 4.274176043677864811e+01 4.467550705515147769e+01 2.464820584128458236e+01 4.005578873369582737e+01 4.837918622648912503e+01 5.063409612937056181e+01 3.054830522471877430e+01 4.239955046939441985e+01 4.038365717660979470e+01 2.891028039458769072e+01 4.887505798637580767e+01 6.055186289690647072e+01 6.617486668448630382e+01 7.146704476672935868e+01 5.760868462138456181e+01 3.482410463090665331e+01 2.522461416367282894e+01 1.375577853852292343e+01 3.227905488574627668e+01 3.182231574426252152e+01 1.281270823573356488e+01 2.906104685282168631e+01 2.582258941525252993e+01 1.283106299274208517e+01 1.350109707888789146e+01 1.414983248730938747e+01 3.450146841106266749e+01 2.614033818990725067e+01
4.695337527364121070e-03 2.000469533752700713e+01 2.863338201968458918e+01 3.334742788661381496e+01 3.851140676530041418e+01 3.484133615811168028e+01 4.517808929444397137e+01 6.346261025651555343e+01 6.290169243513238229e+01 4.274176043677864811e+01 3.107708063277911492e+01 2.530522405900749661e+01 1.999039236442810719e+01 3.621544684584304008e+01 4.455172914396733574e+01 4.239966225409555278e+01 2.228748318235119896e+01 2.031226274021653211e+01 4.038359346768996971e+01 5.466606316912939434e+01 4.086916328632690210e+01 4.663387593102211071e+01 5.348116998439658687e+01 6.515861580206102133e+01 4.587708865970411409e+01 2.512961292586152950e+01 1.351232593085403089e+01 2.835701454265328536e+01 2.664258573439219546e+01 1.222049154353999789e+01 1.194080520456418171e+01 1.178816347559881805e+01 3.220923113841033825e+01 2.766853767443150147e+01 3.365323588223412798e+01 1.511227228548990098e+01 1.580281992296326088e+01
7.614146464036155443e-03 7.566903606648613057e+00 1.651117551664792771e+01 2.805818090044735769e+01 4.805818205181262215e+01 5.484136362923906916e+01 6.312606216926297265e+01 7.346459070696172944e+01 7.117527677295406363e+01 5.956720077059542717e+01 5.126230355849207143e+01 4.543535123693133926e+01 3.030775743155088620e+01 1.613837925357291780e+01 3.256815689727520180e+01 3.010764931801290345e+01 3.502968564417045627e+01 1.495927223008724205e+01 3.500497804006198521e+01 3.886047339654131605e+01 2.669495033911852389e+01 3.427048177652743277e+01 4.837796455222170522e+01 6.764944557823390880e+01 5.436194805943301134e+01 3.666695288042868839e+01 1.327016234206143608e+01 2.371141662398510519e+01 1.258966307971626541e+01 3.070127430636295074e+01 2.603152393661812170e+01 1.157226243551711597e+01 3.516191703123364931e+01 4.714243056626503403e+01 3.166129919581046437e+01 3.546859740495506230e+01 2.963146805883063806e+01
2.352828262072654761e-03 2.000235282826171712e+01 3.585118268091540017e+01 4.479547283011710590e+01 5.634251184926829126e+01 6.011470270481162714e+01 6.570973402013707698e+01 6.683237406710017581e+01 6.402488905209668246e+01 5.624895240233387739e+01 6.239411797067617016e+01 5.879605334233536951e+01 4.455184887622655765e+01 3.256815689727520180e+01 1.249505592023736256e+01 1.005753841575393004e+01 2.668254051181336450e+01 1.144950427653135350e+01 3.087420190838017930e+01 1.907480993373476963e+01 3.886074106719570409e+01 5.402080176142619905e+01 6.170303435077132548e+01 7.082824618631642011e+01 4.946113306999759374e+01 3.225435216983292008e+01 3.536323169487074125e+01 1.292902953777942621e+01 1.283215820242138250e+01 3.016255638633568381e+01 2.220356002956031816e+01 1.131247596875866535e+01 4.049866075930609099e+01 5.989861167487266158e+01 5.171319825035806872e+01 4.473128325772191971e+01 2.439660486234783932e+01
6.786455232800275850e-03 8.951058365230803560e+00 2.049806374559498678e+01 4.049800312868099184e+01 5.505960280245351157e+01 4.196910260727683806e+01 4.728377531337676487e+01 4.850037673347190292e+01 5.351210789098754361e+01 3.827480504078485524e+01 4.419182057397512864e+01 5.724334535135405844e+01 5.272551796390631296e+01 3.256580664499425382e+01 3.255897865943217084e+01 2.476026928847829822e+01 6.667596671935974051e+00 2.487568679700338947e+01 1.290684463097229795e+01 3.210900279644223332e+01 4.283189806342489447e+01 4.948401706608566286e+01 5.696982301136090143e+01 6.737206936265334889e+01 6.059988977664209386e+01 4.054385593550668432e+01 2.533320779316701277e+01 2.864869513394613421e+01 2.600074976636034663e+01 2.615484722094924308e+01 1.095457360425559479e+01 3.469241091613112360e+01 4.977041218378764142e+01 6.631417579362513948e+01 5.387205155964723247e+01 3.343258789789697971e+01 4.473128333059676009e+01
3.257643153035955173e-03 2.000325763902527854e+01 3.723518041649025889e+01 4.878173284016230582e+01 4.728380671781735600e+01 2.909365843715037414e+01 4.728376423517247673e+01 3.666148146638253280e+01 4.509958348567700170e+01 2.710332738098296801e+01 3.076193660856930023e+01 4.952313339265884196e+01 4.980183690826857656e+01 4.058417706938863745e+01 2.448437667166719933e+01 4.807747266085628191e+00 4.742705682824835733e+00 8.129430842957857450e+00 2.457497628064610495e+01 3.401232648401132508e+01 2.328657578451083054e+01 3.068017695345328733e+01 4.189541397982030446e+01 5.986085480890594823e+01 6.459212038777761222e+01 4.598710873323264536e+01 4.407835112591075699e+01 3.153449978409286913e+01 1.075545701268156229e+01 1.061386779890163190e+01 2.162361651336755841e+01 2.210191928589270915e+01 3.327862560630375555e+01 5.695546680608292434e+01 6.110225921890308598e+01 4.065204218537760283e+01 6.110225925257013557e+01
1.880098487986705483e-03 2.000188003881699927e+01 3.612840784762670410e+01 4.702900591049146328e+01 4.085261611242070501e+01 2.218687751186443435e+01 3.253610043356155046e+01 2.663567178360082011e+01 3.744890931811602997e+01 1.737494225992869801e+01 3.738176084492692297e+01 4.462881456165361982e+01 3.955397773778008030e+01 1.931827511693062149e+01 2.234578118353612197e+01 4.448356067407534198e+00 2.331928179588927463e+01 5.049901526844561062e+00 5.653137749939607382e+00 1.295741710795363311e+01 3.411216947770444818e+01 4.948375211820852115e+01 5.696892579705057358e+01 5.809877866370544552e+01 6.550712777762274186e+01 5.739376914962851828e+01 4.173054018601866488e+01 3.428816033474510050e+01 2.872311368312497848e+01 1.038374354078845840e+01 2.667998766558774193e+01 4.107285285842736755e+01 5.461953563173318571e+01 6.631090131025102608e+01 6.949160683282696027e+01 5.251132344687775344e+01 6.949160683286393692e+01
2.900726248362994839e-03 7.572211355171774017e+00 1.771346661470623118e+01 3.847925115669880824e+01 4.454905025633439664e+01 3.226971006106709439e+01 1.325577274273563511e+01 2.761639232121259724e+01 2.821569265175819297e+01 1.036167609924828881e+01 2.895091843299002221e+01 2.409555542712068998e+01 2.573873510157264377e+01 2.250267851045959233e+01 4.167523199942306356e+00 2.350984925096143385e+01 1.062307304529701391e+01 1.047378281816252965e+01 5.363359051010922585e+00 2.448346940221829016e+01 3.382904562512464963e+01 5.192574534907947736e+01 4.943754124167971753e+01 3.919927852012606451e+01 5.444900276747480916e+01 5.638178272921963696e+01 3.800432266973142958e+01 2.438172936483903186e+01 2.763986653159687990e+01 1.015789735807091176e+01 3.110302498356076839e+01 3.731811756943827163e+01 4.559684662430733937e+01 5.480016956573678755e+01 6.588331686365427231e+01 7.283694001075708968e+01 8.120192950175346880e+01
5.081304048347549951e-03 2.000508117362368665e+01 3.612222194366447781e+01 4.560996908241445169e+01 3.671080717487166822e+01 1.963508408400142358e+01 8.863268932929392108e+00 2.065122218497494799e+01 1.446360708391812899e+01 2.978339872315193038e+00 3.964330483531024019e+00 6.196585369864497927e+00 2.240526661344068771e+01 3.899754562278768599e+00 8.488559226166779936e+00 2.996968398258546884e+01 1.330571275103976880e+01 1.275503408993759713e+01 5.586579960636228748e+00 3.326049568205741025e+01 4.937699230365836911e+01 4.285659162046264470e+01 3.075532120695947569e+01 2.831907743557431445e+01 4.701234069081460376e+01 5.711975284324982027e+01 4.170216352161818918e+01 3.364658900223147242e+01 1.402359168011865087e+01 9.934034601869608849e+00 1.146201494672886056e+01 1.521930298286345185e+01 2.389006105715217032e+01 3.454111594119736139e+01 5.016071157831630245e+01 7.257754764869922326e+01 8.270816986005529259e+01
4.469920835086939326e-03 1.414716034208464635e+01 3.416671767362115020e+01 4.249337903471433719e+01 3.341534200553083878e+01 2.896710769091124504e+01 2.159003717468188910e+01 4.508684186069873867e+00 2.682148412674623117e+00 5.205528853191829342e+00 3.260584928795742687e+00 3.452782433209895974e+00 3.639161595717877340e+00 2.243645819825077936e+01 2.847080126787422216e+01 2.953844073076519550e+01 1.640337509054225507e+01 1.655525905739109405e+01 5.810780858243690616e+00 2.862370545077537898e+01 3.804507139737629728e+01 3.498942179577144884e+01 1.820998262975949800e+01 3.018610837425374882e+01 3.800155167033391734e+01 4.923421816297729237e+01 4.386712743234541279e+01 3.452317281249592895e+01 2.671989525975756408e+01 9.711367610751530322e+00 3.059395369918031093e+01 3.731805479922267210e+01 2.226077307671456040e+01 4.386105758705606661e+01 5.666321780660241814e+01 6.594171099289187055e+01 7.893001561232253493e+01
2.324776005098761877e-03 1.414907393260886614e+01 3.421817035798742523e+01 3.672593173651593190e+01 1.707009616679897590e+01 1.843018495948189894e+01 1.956022744096573263e+01 2.375195046574630542e+00 2.302292382272248972e+01 5.151039995841418140e+00 1.762251701590838593e+01 2.167047021014945329e+01 3.688654343426381654e+00 1.149690972653008814e+01 3.088165873117974058e+01 3.827443215843781843e+01 2.710096825022437628e+01 6.385168504916237886e+00 6.035698417936395721e+00 2.513398115742942451e+01 6.838345399931567314e+00 2.606714865402949499e+01 1.372622335461156240e+01 1.697949954813140039e+01 2.110169616036498752e+01 4.046748117450551518e+01 4.183817360804231100e+01 2.943114997755307627e+01 2.549736074983583833e+01 9.487067492710098193e+00 2.162005605633412841e+01 4.482483956723896057e+01 4.386117009388159715e+01 2.905067609956025976e+01 3.427036182302376943e+01 4.709403404703270724e+01 6.973981686825975146e+01
8.699724428260374037e-03 2.000845961670050954e+01 2.893957166091791677e+01 2.486458079485666772e+01 2.121602643632150276e+01 2.033668472757534484e+00 2.062780457263671874e+00 9.355119587371619971e+00 1.814027629040968748e+01 3.645518753884880425e+01 3.145895614136306762e+01 1.246275932470049952e+01 2.541295684624861551e+01 3.084902233395671090e+01 2.350527257077525078e+01 4.243132334347006207e+01 3.992622855099105550e+01 1.960700367611611483e+01 6.760312884531608724e+00 6.354001171071027798e+00 6.583198246499179618e+00 8.745742812594587079e+00 1.316644215357917957e+01 1.749906081020471049e+01 7.790719102489574333e+00 3.107330695237266838e+01 4.145229613488440634e+01 3.254277517369921213e+01 1.829404257588175753e+01 9.262739054743756029e+00 3.201912362500866749e+01 5.403316830462907916e+01 6.025284404753434586e+01 5.103001885393749859e+01 5.666369981709379289e+01 4.470489841792282704e+01 5.713954905647931071e+01
2.249585233037712084e-03 9.198866893898992814e+00 1.196385825861979768e+01 1.116583981046846930e+01 2.136719044153472069e+01 2.017753568064726011e+01 1.840256414334018320e+00 2.210233422598983566e+01 3.791534399898620222e+01 4.773039646269268843e+01 3.256043709740667680e+01 3.258156418019114398e+01 2.191330606661589897e+01 4.316615081010689181e+01 3.740572290507513031e+01 5.101450541512868142e+01 5.164886144685942071e+01 3.600584134924671531e+01 2.646840648175222199e+01 7.258725565669228885e+00 1.301275746578677683e+01 6.917620452326058711e+00 7.163748263861617893e+00 7.404509280745167565e+00 7.642758880623396145e+00 1.445351294457977609e+01 3.337827253751323298e+01 2.808861515884120763e+01 8.948116340115587874e+00 9.183393255014014045e+00 3.665484608029747449e+01 4.839595167566793066e+01 5.348122714338484229e+01 5.923746162663638870e+01 6.959953570376592324e+01 6.756092449430185809e+01 6.306259948202178833e+01
2.739267172789772273e-04 1.072437427294005730e+01 1.079951429359151405e+01 7.665636356390014283e-01 9.888580975003633533e-01 3.707227149930052423e+00 1.617591536998206792e+00 2.245317651779724955e+01 3.564837620884065217e+01 4.810910899897882587e+01 5.421626786658385555e+01 5.250217991839519982e+01 3.221837080900710504e+01 5.251555962422409607e+01 5.668740973546500328e+01 6.005093634971328243e+01 5.178030109522325120e+01 3.947953895670566737e+01 1.037867788949106718e+01 8.007077983003181743e+00 7.875578195322344044e+00 3.334770786007002386e+01 3.728971449494513024e+01 2.696779188864712395e+01 2.339863510219435838e+01 7.976543970209676537e+00 2.779244858637380489e+01 8.628421207674140447e+00 1.005956254501533920e+01 3.068208693092627115e+01 4.129464545000644193e+01 2.586907406331261683e+01 3.007790859914148029e+01 3.470768788305340991e+01 5.142317730031918899e+01 7.810103709498056901e+01 8.980427392331019121e+01
8.327778614586212741e-03 2.303718887277465266e-01 4.524296845701175074e-01 3.850631805581191891e+00 1.274569822026714982e+00 1.303218720062335301e+00 1.906271959561704676e+01 6.492035530169554036e+00 1.815785186921056393e+01 3.921369158000114652e+01 5.650805611206173751e+01 6.359807724887163971e+01 5.451489434703920978e+01 6.360357075917444547e+01 6.587490151573858554e+01 4.594372844800291489e+01 3.175950371084624990e+01 3.316545443862661813e+01 1.302826819734918118e+01 2.668350154111557160e+01 8.834419812595518451e+00 2.951030283608217886e+01 4.780153142503046837e+01 3.826181045623665256e+01 1.210117974920943063e+01 8.068972814074676592e+00 8.305209373260533212e+00 2.745725560600884663e+01 3.081154037547072022e+01 1.592459853631692290e+01 2.008299109610969069e+01 4.178312703371612002e+01 5.348122734925559740e+01 5.923746162663641712e+01 4.358102005453874028e+01 5.835470157149264026e+01 7.739478525084986416e+01
6.510866554257996840e-03 1.997741458708934204e+01 2.426741276347767595e+01 1.745833826024819402e+01 6.909448953908528424e+00 2.625905613588307475e+01 2.140306175634622932e+01 2.697384651922334342e+01 1.206941352161432945e+01 2.666721333799394600e+01 4.714776337279113960e+01 5.587621934032748783e+01 6.650414749423883620e+01 6.809496957608872947e+01 5.984911729345687803e+01 5.279492362838520592e+01 3.911801399342428454e+01 1.902612723423182572e+01 3.314438803928150179e+01 2.950529161428799796e+01 9.644285276281555852e+00 1.199999526493135171e+01 3.929393385308638642e+01 5.185537208490012517e+01 3.626089416493115181e+01 2.158769195078761882e+01 1.383786854682186274e+01 3.381706799653063200e+01 4.467247141889624373e+01 3.772025104038421972e+01 3.997792126196967644e+01 4.041484898668604586e+01 6.639434842996109865e+01 8.032592204027299942e+01 6.203825972427755886e+01 5.997727895362420014e+01 7.949909679339040736e+01
8.953482861371391335e-03 2.000895348286101694e+01 3.608832871305153134e+01 3.361692930448230499e+01 1.623296734138961739e+01 3.593193709674039127e+01 3.502657844995228231e+01 3.278942312845362039e+01 3.285791789570419041e+01 1.859284566166666863e+01 2.572869803104856601e+01 3.645047551448080725e+01 5.784558931112974278e+01 5.984901942180839285e+01 4.015037401686658569e+01 3.295481407493159764e+01 2.649173126814388723e+01 3.911800661621702346e+01 3.079337884504187173e+01 1.070558144653420918e+01 2.970232103522937805e+01 3.663847460357546026e+01 4.768474315955147347e+01 5.807053293216924317e+01 5.356785228165411894e+01 4.366204506219634141e+01 2.431424021319477902e+01 4.402596784899419902e+01 5.845716469945172378e+01 5.032066812697244274e+01 5.155370350883688957e+01 5.443862688949739947e+01 6.944984552721869875e+01 8.057054914609784646e+01 8.883270336609389517e+01 8.693641389895334726e+01 9.678367500192101147e+01
