LEM/sinusoidal_perturbations/elevation_000172.asc
nrows	100
cellsize	150.0
xllcorner	0
ncols	100
yllcorner	0
NODATA_value	-9999
[rows 68 to 84 of 100, columns 0 to 36 of 100]
5.009162696260268353e-03 2.000500916269590590e+01 2.749719967950913357e+01 3.149719968275502424e+01 3.586155749251454949e+01 4.102553529713711811e+01 4.657253727480601668e+01 5.364360510937009963e+01 6.192788436688282872e+01 7.192789652453303972e+01 7.167074102059031304e+01 5.165521566686291521e+01 4.169825196001188061e+01 3.470574386445264992e+01 2.923352151258196940e+01 4.185342277118790832e+01 3.484949604821882474e+01 1.509475666147554307e+01 3.468589688870284249e+01 4.419378672402488206e+01 5.419871925595001727e+01 4.213562411895787818e+01 4.732979844942099135e+01 5.878528833624078231e+01 6.558701455044999307e+01 7.393424939182744993e+01 8.547628029134961025e+01 9.035410501585118936e+01 8.218499326804808902e+01 7.963592280422686542e+01 8.780006628379244660e+01 7.567252741811132921e+01 5.569107628698924373e+01 7.567252741811132921e+01 6.721821723255648351e+01 4.626323047835766289e+01 6.118214991370602007e+01
4.695337527364121070e-03 1.155170072131977932e+01 2.569383634505047809e+01 4.569383634504976754e+01 4.738622520676945982e+01 5.146930718414857608e+01 5.366037988461380337e+01 6.195921479016232780e+01 6.136623426446488594e+01 6.973085671220772497e+01 7.991215888910387832e+01 6.992182000472634229e+01 6.166297834110475407e+01 5.460438197861020626e+01 4.185386755918617041e+01 2.185723648770898464e+01 1.757475022759166450e+01 1.546655564914224357e+01 2.017393477134351443e+01 3.291514158075806051e+01 5.395743674116030064e+01 6.154422484559007955e+01 6.672561074537532022e+01 6.590690145461891802e+01 7.393370545988425135e+01 7.720517133313670399e+01 8.537736141744058216e+01 8.218499316792252785e+01 6.241682744643595271e+01 5.984008246548544463e+01 7.638544955220918098e+01 8.400667364175022556e+01 6.716361065476532133e+01 8.400667364175022556e+01 7.355634773841552487e+01 5.265004044314790832e+01 7.355634773841347851e+01
7.614146464036155443e-03 2.000761414646368053e+01 2.567040348336242417e+01 2.937018007685775700e+01 2.733687538787846094e+01 3.140773302891576080e+01 3.360304197353593025e+01 4.860765074144692477e+01 4.120360859934424269e+01 5.547473628131962897e+01 7.567682470480073675e+01 7.445661329953355789e+01 6.640247273570099651e+01 6.173028320233526500e+01 4.184190767533847577e+01 3.580883049941039076e+01 1.601600231827596943e+01 3.476886992934791465e+01 1.732427269919846324e+01 3.696085909146600557e+01 4.697735224114094876e+01 6.096048872840779609e+01 6.251798346242618720e+01 4.597354105330099827e+01 6.251798226134476977e+01 5.725366155689852121e+01 6.568718431384691314e+01 6.739627684985279643e+01 6.030185247936017134e+01 4.805307620212694530e+01 5.984008246548542331e+01 7.963592276741604792e+01 8.729592387552916932e+01 9.562666824390048248e+01 8.193368531529387155e+01 6.494218318508256971e+01 6.759648957763678823e+01
2.352828262072654761e-03 2.803281086816656220e+00 5.633761743874350358e+00 9.295579223714335981e+00 1.309890980609890221e+01 1.714056618609184568e+01 2.238882655091666862e+01 2.825618069836194124e+01 3.899412014989149355e+01 5.647659114891695964e+01 7.896519956305206733e+01 6.325573442138016844e+01 4.731439648884409621e+01 5.371730992783002989e+01 4.960971405637226184e+01 3.333394208074989962e+01 1.640397979785768712e+01 3.596988519380916216e+01 3.668607391238169413e+01 1.916244241082700484e+01 3.299423885082611463e+01 4.393742004432925086e+01 4.369200254846409592e+01 3.422673239580226578e+01 5.439832645370016451e+01 4.542576579123328884e+01 4.542577741328724983e+01 4.717056038000782081e+01 3.987843961572438189e+01 6.030185247936020687e+01 7.638544955220918098e+01 8.780006436350338106e+01 9.319940198525904407e+01 1.013779181046130589e+02 9.365608778307607452e+01 8.532351535064941572e+01 8.794471813998441689e+01
6.786455232800275850e-03 2.000678645477948692e+01 1.980689056706945550e+01 1.272329921230129379e+01 3.275140993735397643e+01 3.728363205770666866e+01 3.360304197353593025e+01 4.260292382487166662e+01 5.694062782369601194e+01 6.833000015784945447e+01 7.940471776265613357e+01 6.764851515231612211e+01 4.794681578364493646e+01 3.427942680737517378e+01 4.269362470161051704e+01 2.431615885539507005e+01 1.679118824737297544e+01 3.648636514775331818e+01 4.661809428969386460e+01 3.878770748966895354e+01 2.099523458641142781e+01 2.229400394095726767e+01 2.361879805881740424e+01 4.298266382179831879e+01 4.741582112779737201e+01 4.896897554374264416e+01 3.089862454818301885e+01 3.257265112338932056e+01 5.126194978302620342e+01 6.326867035341675916e+01 7.266520124404807746e+01 8.084041321473814889e+01 7.361598791051744684e+01 8.340769494789007865e+01 9.156259355951037548e+01 1.029005578857797900e+02 1.039372034923375452e+02
3.257643153035955173e-03 2.000325764315267918e+01 3.982617588774071749e+01 2.689048192183764030e+01 2.090799711360729063e+01 4.092215614836616311e+01 5.366037988461380337e+01 6.195921479016232780e+01 7.099781817680462837e+01 7.940471776265613357e+01 6.087516877101564461e+01 6.427540436484883912e+01 6.186903747119098540e+01 4.482304849698558513e+01 2.563837136402903738e+01 3.433831646469332810e+01 1.717754887222380944e+01 2.245035565722089643e+01 4.245333049255478386e+01 4.774872574954851245e+01 3.083736794240106605e+01 2.857210464941441330e+01 4.310560227931739519e+01 2.554212366446388316e+01 2.933858249337460222e+01 2.877107370154229216e+01 4.897347889709713087e+01 5.309456953780056665e+01 3.521502197357496300e+01 5.575715975393863744e+01 5.260017155155068025e+01 7.266520124403203340e+01 6.218770776661931876e+01 6.371880698433638912e+01 7.512833056453906977e+01 9.471751702273560625e+01 8.435816793753122056e+01
1.880098487986705483e-03 1.414401572221906278e+01 3.414401572221976977e+01 4.690094184050600745e+01 3.506270814763475130e+01 3.091928555816982893e+01 3.986716656823584515e+01 5.141579918083962042e+01 7.142107480405434217e+01 7.746972936168255330e+01 5.881013600480200409e+01 4.459326208856395368e+01 5.378333415608845769e+01 4.344441937437357382e+01 2.621937611512993271e+01 1.772287379404389185e+01 3.650505720442524193e+01 2.727424737087471840e+01 4.697730394988813174e+01 5.853575916400452428e+01 4.829543473291580824e+01 3.481405456525178721e+01 5.101907846045686767e+01 4.589215081551142816e+01 2.703953389655093886e+01 4.263337168787014519e+01 5.729065110113188553e+01 6.402506232869984615e+01 5.575715975393863744e+01 3.794203370685429633e+01 5.847708268375784968e+01 6.386930139897581427e+01 5.202549813146507063e+01 7.204031018208799253e+01 7.538455774405454690e+01 7.904231551455787042e+01 7.313522005752696487e+01
2.900726248362994839e-03 2.000290072624800786e+01 2.894935321404722828e+01 4.894935321404651773e+01 5.506811497975186853e+01 5.092502673856253637e+01 5.921208384114503787e+01 6.815863017479348684e+01 7.970947493055258803e+01 7.710052159201921995e+01 6.694586076545023445e+01 5.378341336882544965e+01 3.431461959549668705e+01 3.931843015763713822e+01 2.191547151527316828e+01 1.810854361444506111e+01 3.993239488602593923e+01 4.707449803986721548e+01 4.125950309347398814e+01 6.116231986148495281e+01 5.855766694896858127e+01 4.107451477716875132e+01 5.855766647265119929e+01 5.338032130072021886e+01 3.105638771524241193e+01 5.338025424316192868e+01 7.152584345887508732e+01 7.726289876589997618e+01 6.273461031484379191e+01 4.231101611348285729e+01 4.114581080902634369e+01 4.347546104827966928e+01 6.386882986475269774e+01 7.034705808234777180e+01 5.555230256884736662e+01 5.934468709582097290e+01 6.329422876151350863e+01
5.081304048347549951e-03 8.949353214047583549e+00 2.309148883777828232e+01 4.309148883777756822e+01 5.153773332597569379e+01 5.739559770224236956e+01 5.601367089790053200e+01 6.429794214536113373e+01 7.584494752915324511e+01 6.901870355755407616e+01 4.858542307654924031e+01 3.831029650935305142e+01 3.189780456521732077e+01 2.681783908826749396e+01 3.796848063495833259e+01 1.849540679068399385e+01 3.247369744431492933e+01 5.253518746763968039e+01 6.115601911935024049e+01 6.947755038775835601e+01 6.669567674766896914e+01 5.328511430318795306e+01 6.669566207390560919e+01 5.692526185868578636e+01 3.565561717885704240e+01 4.835623046429639516e+01 6.863077588892649317e+01 6.910294876702282352e+01 4.896449434730577366e+01 6.273461031484374217e+01 5.577331843087267771e+01 6.386930139907331494e+01 4.716871435290480719e+01 5.028511875838923828e+01 7.034715989215133902e+01 7.904231551455758620e+01 8.288423105091503373e+01
4.469920835086939326e-03 1.414660554456591157e+01 3.414660554456519748e+01 4.567986894970467660e+01 3.153773332597498680e+01 3.739559770224308011e+01 3.601367089790124254e+01 4.756067628169334682e+01 6.756067628169192574e+01 7.710052159201921995e+01 6.701891182877353970e+01 5.877327451952943704e+01 5.171307896208278976e+01 4.519168246279566148e+01 3.864066635484140733e+01 1.888205895230716891e+01 3.867028593757903110e+01 5.496669137067317479e+01 4.994270653037399654e+01 5.588698732236388622e+01 6.419785635078537211e+01 7.202036244405056209e+01 7.224665507802593822e+01 5.214033281285602328e+01 3.997617707176137003e+01 6.063584748928394674e+01 7.684523625151089732e+01 7.393393587174790582e+01 5.401526576296956961e+01 7.393393587174782056e+01 7.572531810521066120e+01 7.556105592588754405e+01 6.738929135449122043e+01 5.431421560585803121e+01 5.866091326592926691e+01 7.840913754875060704e+01 9.578372984544529345e+01
2.324776005098761877e-03 2.000232477600474468e+01 2.645569122314563160e+01 2.983630824205901533e+01 1.739559770224378354e+01 2.446666551410913470e+01 4.446666551410842061e+01 5.746425946003645890e+01 6.574853070749706774e+01 7.574853070749671247e+01 8.179061270671564898e+01 6.200243067166562838e+01 5.763292777992280946e+01 3.816764934579143898e+01 2.650509846337616082e+01 1.926845896874866426e+01 2.933206369070927977e+01 3.979634894780520682e+01 3.175950313795679492e+01 3.708952323541805640e+01 5.007656688650295251e+01 6.991458251948594693e+01 8.044372478098613044e+01 6.463102044298290139e+01 4.425154139585085034e+01 6.463289076207757944e+01 7.951633234822574536e+01 8.207512490848321818e+01 6.818592892971817321e+01 6.265523676954285293e+01 8.231828989660337470e+01 8.300139434136332284e+01 6.335498864002718733e+01 6.258362710205410906e+01 7.840913723893335430e+01 6.806517340970232510e+01 7.683474095777039281e+01
8.699724428260374037e-03 3.211262800530009898e+00 6.455691223145274549e+00 9.836308242059370599e+00 1.455035344996964675e+01 3.455035344996893798e+01 3.079759279337073608e+01 3.746425946003716945e+01 4.746425946003681418e+01 6.746425946003539309e+01 7.600286059541814154e+01 5.620326271819322272e+01 4.216963016778516504e+01 4.405180731333162214e+01 2.427129220313489455e+01 3.903913425731860087e+01 1.981730919000914781e+01 2.458045751194129735e+01 4.252678343197317901e+01 5.588698707017664447e+01 5.007656688412228618e+01 6.991458174500019140e+01 7.870300644946992463e+01 5.879966352882764369e+01 6.463243611255560950e+01 5.124302049083947708e+01 6.553909563797375881e+01 8.530323979124307243e+01 8.781085218781062451e+01 6.928466055737341378e+01 8.883510456621843332e+01 8.991099728566842941e+01 7.036728643346168610e+01 8.223915116852879237e+01 7.650801402362799308e+01 8.763336932379598920e+01 9.570142949649240904e+01
2.249585233037712084e-03 2.000224958523268270e+01 2.645569122314563160e+01 2.983630824205972587e+01 3.455035344996893798e+01 2.185332088337173317e+01 4.185332088337101908e+01 5.746425946003645890e+01 6.574853070749706774e+01 7.574853070749671247e+01 7.421693120482416361e+01 6.429481032187224798e+01 4.946213878086901161e+01 2.958741550127515652e+01 4.404527543866321793e+01 4.322209598813912379e+01 2.020572427758760981e+01 2.973120777332055198e+01 3.878267329578658007e+01 5.571421644168372467e+01 6.991457403417352623e+01 7.831872036888890420e+01 8.685325002427774166e+01 7.870282978244642891e+01 7.731826790493072110e+01 5.744991799641949370e+01 6.770223563643406806e+01 8.746014433379620812e+01 9.698760969698196277e+01 7.803760675505844802e+01 9.698760969726396297e+01 9.807671208633483673e+01 8.013274342137195561e+01 9.807632073292212738e+01 9.031539115240393301e+01 1.042361215533521488e+02 9.933206290803435934e+01
2.739267172789772273e-04 1.414240955044835424e+01 3.414240955044905945e+01 4.659548719964473662e+01 5.013759213083262978e+01 4.185332088337244016e+01 5.013759213083463351e+01 6.282165143017617481e+01 7.110592268105511948e+01 8.000949123430360999e+01 6.018374540382922078e+01 4.617706180997567600e+01 3.621902090701769339e+01 4.946216193783353532e+01 5.764479273999931053e+01 4.235231336467196428e+01 2.059296004298713711e+01 3.743438562831223493e+01 4.630351603310861464e+01 5.116940359710604014e+01 6.909114368658039496e+01 7.485920231833068783e+01 8.333680081353968205e+01 9.052258759291035517e+01 8.388831216738984153e+01 6.417903081301152213e+01 8.388831216738984153e+01 9.565468857939870873e+01 1.057515179089790536e+02 9.181044431574598264e+01 1.057515179089790536e+02 1.078951206223741082e+02 9.968969615103975457e+01 1.078931785877345106e+02 1.099709017891565281e+02 9.872528550977209250e+01 8.946016113123522473e+01
8.327778614586212741e-03 2.000832777861423040e+01 2.808899377119329799e+01 2.659548719964402963e+01 3.730406407664027313e+01 4.264928891488885654e+01 4.867951580644423615e+01 4.282165143017498110e+01 6.282165143017617481e+01 7.896145398151531936e+01 5.913908059546620422e+01 4.513089236160769246e+01 5.608381686273497735e+01 6.430315114444285030e+01 6.126225570731146064e+01 4.580993352498253302e+01 3.578370537828815401e+01 2.113708299443026561e+01 3.238722737932125284e+01 5.043350319916720537e+01 5.735653904672923886e+01 5.343217460894634740e+01 6.967374605176716784e+01 6.967377990742620852e+01 8.616857023837991392e+01 8.388831216738982732e+01 7.666382198079512023e+01 9.053335421937390493e+01 1.102899235816048531e+02 1.114763809316966956e+02 1.023898824654297215e+02 9.419605103240839128e+01 1.018494120665778695e+02 9.365618004502270821e+01 1.018494120665778695e+02 9.042238773841474142e+01 7.073916566937708694e+01
6.510866554257996840e-03 4.006510866554275019e+00 8.088993771192940940e+00 1.245335157591282638e+01 1.730406407663956969e+01 2.264928891488814955e+01 2.867951580644352916e+01 4.022652119023645412e+01 6.022652119023715755e+01 7.896145398151531936e+01 5.913908059546620422e+01 5.913908060114754761e+01 7.317013414681213135e+01 6.672958300159146461e+01 4.866978339384399987e+01 3.551400953994136955e+01 3.315464484363932485e+01 2.152152716319805847e+01 2.162667525278428826e+01 4.634686675741669148e+01 3.555763300812149197e+01 4.159190873974609559e+01 4.800118352910503461e+01 5.639243239794208762e+01 6.894483663388102457e+01 8.976382017869664764e+01 9.631991941258901591e+01 1.045347290795609183e+02 1.025864142567803441e+02 9.273282158884209991e+01 8.455429529041110470e+01 7.452158891613918001e+01 9.101269923108081628e+01 7.398559021464815544e+01 9.199806337594117167e+01 8.844825957751355361e+01 7.433938351746604667e+01
8.953482861371391335e-03 2.000895348286059416e+01 2.808899377119258389e+01 3.245335157591352981e+01 3.730406407664027313e+01 4.264928891488885654e+01 4.867951580644423615e+01 5.696378705561455291e+01 6.851079244058657025e+01 8.720122004032067764e+01 7.896145398151531936e+01 7.896146135910530006e+01 7.162066514716332222e+01 6.341946861279090797e+01 5.374660512102854426e+01 3.892513658071968763e+01 2.205937972477032716e+01 4.150322635524984349e+01 3.662884929021873148e+01 2.857432795006671000e+01 4.091302692070073732e+01 5.639444139049517446e+01 6.967374586155870020e+01 7.774393574041434363e+01 8.616863012493011809e+01 9.805157104319498274e+01 9.942986210383790535e+01 1.076490686804944801e+02 9.439234510223715802e+01 7.471624547858500875e+01 6.496950046563385683e+01 6.326868806336499773e+01 7.335642102400676379e+01 6.424366541970626088e+01 8.382088512983543183e+01 8.027825208945596103e+01 6.072485701068475805e+01
