LEM/sinusoidal_perturbations/elevation_000856.asc
nrows	100
cellsize	150.0
xllcorner	0
ncols	100
yllcorner	0
NODATA_value	-9999
[rows 17 to 33 of 100, columns 37 to 73 of 100]
5.173460192099678068e+01 7.159372744704243985e+01 6.543052765923482639e+01 4.561677326612934280e+01 6.543052765923268055e+01 5.909154023993867355e+01 5.909154024387978410e+01 4.285036386686319787e+01 4.772906979126745597e+01 5.278714771552670726e+01 5.849653005944426809e+01 7.004427402769785260e+01 9.003476409684492410e+01 1.049862071699128734e+02 9.692985702536071813e+01 9.692988921305477845e+01 9.428270041693671999e+01 7.442125674614462127e+01 7.733957446064320607e+01 6.579518053654300047e+01 4.598763304964266041e+01 6.029578538687378853e+01 7.651276298584490121e+01 8.374509560589611112e+01 9.189651029377881741e+01 1.033066224106873534e+02 1.141550614151369274e+02 1.058960147413427109e+02 1.050768046740478781e+02 9.923785053016278823e+01 9.194322725444898481e+01 1.002177504551377467e+02 9.266580660185307750e+01 7.307767173094018176e+01 7.307490213690560665e+01 6.464479169556254590e+01 4.547496502117346751e+01
4.478424822062900290e+01 5.614006460555193456e+01 6.031167990074465024e+01 4.056033524845407356e+01 5.354123692008717228e+01 5.575663951905831084e+01 3.936200159926426778e+01 5.909154022369989434e+01 5.419605025465799741e+01 7.272069365979322697e+01 7.849324927419027631e+01 8.676086762832585464e+01 9.829361126025399642e+01 9.692985704161220895e+01 7.726385656593393492e+01 7.726385660763845920e+01 9.112502924472062205e+01 9.428270043028146574e+01 7.793219000817575193e+01 5.803551669609019825e+01 4.411383163151956666e+01 6.386311738609533961e+01 7.224063127117133831e+01 6.381877886429699487e+01 7.535766981631385875e+01 9.520253230682192225e+01 1.058960147413427109e+02 8.592152210780260191e+01 8.511384967811402191e+01 7.926349697022627083e+01 7.203088453736796737e+01 8.870285820831603019e+01 8.694431090193222644e+01 6.734291898068576643e+01 5.373151101301306909e+01 6.263604745759366210e+01 4.470555988190545094e+01
5.614006393048132537e+01 3.642540286394410032e+01 5.613234047692854034e+01 5.072418116729338067e+01 3.383781021917248211e+01 3.604258670657416985e+01 5.575663953800119543e+01 5.909154024129833971e+01 7.410999374761831859e+01 6.826068913518595593e+01 8.823146427434951988e+01 9.433740855815239001e+01 8.584080073572248182e+01 9.433740855815239001e+01 8.302389472406640891e+01 6.318291806315026093e+01 8.302389472406640891e+01 8.714943063086610664e+01 7.898469155575766365e+01 6.198339038461885764e+01 4.227359462553562963e+01 6.198339022953843624e+01 5.235983209138162664e+01 6.121784219484631251e+01 7.275687607110863553e+01 9.263475093349286738e+01 1.033119537697552630e+02 8.332402125082330713e+01 7.179771793553042869e+01 6.530752587074881887e+01 6.084530924346059777e+01 7.466561626559676768e+01 8.289350893520389718e+01 8.117422124816815199e+01 6.274676930865305735e+01 4.362096394364355234e+01 6.165151873735511856e+01
3.859192689403293031e+01 3.135642656778491855e+01 4.800762530959610785e+01 3.104158071086606441e+01 5.071745118828673782e+01 5.575543693180306093e+01 4.846600817184784660e+01 6.830206068135983344e+01 8.726002951578050215e+01 8.823146427434951988e+01 9.649385063532656659e+01 8.407303069748752478e+01 6.530536379840359018e+01 8.407303069748752478e+01 7.674962637997110448e+01 5.690526649510490387e+01 7.674962610236364924e+01 7.570352563891736963e+01 5.911280882567941575e+01 6.013240841218811994e+01 4.045398559819940942e+01 4.469032047546474473e+01 5.449641141953431855e+01 7.438906503051941854e+01 8.932071926653074456e+01 1.007480807072662969e+02 1.115694326983854978e+02 1.000382917614698641e+02 8.144940945565419099e+01 8.511384967811400770e+01 6.887060240039004100e+01 5.534088296703344412e+01 6.959064328683962231e+01 7.777663102066011902e+01 6.904198074180872879e+01 4.585370206632505585e+01 4.253729729073531018e+01
2.450341182692081077e+01 2.635527553888573138e+01 2.830918538269669327e+01 4.800763857022978698e+01 4.492484074123579774e+01 6.472412337924892256e+01 6.830206068136922681e+01 6.830206068136845943e+01 8.824337441085310729e+01 9.457610457961213513e+01 8.781519936329303277e+01 7.557308226706302889e+01 5.518058147240196831e+01 7.557308226706302889e+01 7.124579101539960391e+01 5.144664961701322170e+01 6.424573590566389214e+01 6.751165469774709038e+01 4.773276107105903066e+01 5.609230511697420241e+01 3.878640801867481258e+01 5.844739411195823919e+01 6.079421951016416870e+01 7.438906364846252472e+01 9.421816129429151943e+01 9.863414027726274469e+01 1.067473430886388712e+02 1.096820435976334238e+02 1.014187388609912688e+02 9.691641547001766810e+01 8.289350893520389718e+01 6.959064328683962231e+01 5.046691810215004637e+01 6.501916132633608925e+01 7.287429200526835871e+01 6.681764637553231978e+01 5.971670503731497348e+01
4.193477167111286263e+01 4.612942896326693898e+01 4.800763879796964773e+01 5.622646156944931306e+01 6.472535418438646104e+01 7.297454794240496767e+01 7.279287910462537070e+01 8.055745020834210379e+01 8.877322296494611464e+01 7.483338163823302125e+01 7.932752151304357824e+01 5.893589256938401633e+01 4.855161394645794104e+01 6.877558200217598028e+01 7.939122772370889436e+01 6.424573671861614343e+01 4.453806966970361714e+01 5.785172493808818928e+01 5.386249476347308729e+01 3.643769685291557181e+01 5.609230494278520496e+01 6.664489287616194702e+01 8.067678741270178477e+01 8.883911890270361766e+01 9.544225496429415045e+01 7.905561742067304465e+01 9.544225496429415045e+01 9.756604048675360730e+01 8.931981929577870005e+01 8.931981929577870005e+01 8.928713776821339820e+01 6.959064328683962231e+01 6.501916195377204133e+01 4.602185780545783444e+01 6.081249304836599379e+01 5.888251786251439057e+01 4.065142241828331038e+01
4.299031153266789573e+01 4.812204005638131576e+01 4.173696265357307311e+01 4.173696265471342315e+01 6.143427122411186048e+01 6.968431752099266419e+01 5.392382322902971481e+01 6.968431752169709625e+01 7.879367924434438919e+01 6.054681081300572743e+01 7.879367924434438919e+01 6.267782620099870883e+01 4.262932166184588567e+01 5.671174279432936061e+01 7.708122567554556781e+01 7.176949114474025748e+01 5.206411518066125410e+01 3.821555508885717245e+01 3.418857567053055391e+01 5.386249462196207816e+01 4.688917528203928242e+01 5.567665771270651476e+01 6.714356389935909419e+01 8.702560470774585610e+01 8.733047492124289590e+01 6.767943219450643255e+01 8.733047492124289590e+01 8.931981929577870005e+01 6.959304099090502405e+01 6.959304099090502405e+01 8.357954073882932278e+01 8.457819146876914829e+01 6.501913870368079529e+01 6.081249175721138300e+01 4.186122456367461098e+01 3.982873542747573481e+01 5.876806063201904351e+01
2.435102738877855444e+01 3.799839060793514278e+01 2.257415474139103395e+01 4.173647694580616019e+01 6.075107413559922520e+01 6.189882461549453296e+01 4.285168213246836899e+01 6.189882461549481718e+01 7.058135106042981022e+01 5.045387503561927645e+01 6.051761304808059094e+01 5.795234836357172270e+01 3.800957171750671648e+01 5.164588865661523442e+01 5.999620069326394400e+01 7.163073154062895753e+01 6.600657038218075456e+01 5.240288981934087786e+01 3.270904425256692605e+01 4.661828669218665766e+01 6.637116217504633653e+01 7.485432960852764950e+01 8.372353085848305909e+01 9.516201605071951519e+01 8.038278215830320050e+01 6.073804142059953648e+01 8.038278215830320050e+01 9.315614467467223392e+01 7.537088058543886859e+01 5.609194206020216455e+01 6.674907717014508535e+01 7.488717939047138827e+01 6.532472696863800365e+01 5.724057553211519433e+01 3.900103828011692286e+01 4.384903833144152685e+01 6.322352215258011654e+01
1.824579470668395587e+01 1.859238977736494292e+01 1.894082739576735364e+01 3.316711292830274260e+01 4.670079522760471491e+01 4.701816465725933369e+01 3.605055056801354851e+01 4.961849827174818728e+01 6.855422016979136401e+01 6.051761304808059094e+01 4.053166391522429279e+01 5.199620848017372765e+01 5.164585163070576357e+01 3.176797223931654202e+01 4.392816031700279211e+01 6.219405778426618525e+01 5.704530394590449305e+01 4.894835070388159437e+01 3.124465936602680927e+01 4.110350812848056279e+01 5.501447707714431345e+01 7.483219561831192834e+01 7.795942919484760125e+01 8.622958006573597345e+01 7.445966997265433918e+01 5.487344241278947266e+01 6.542955495200915550e+01 8.503612641749631962e+01 8.357954073882932278e+01 6.674907717014508535e+01 4.811309561529596124e+01 5.994405814439205926e+01 5.643210046288805160e+01 3.818532104187486453e+01 5.675045235942830146e+01 6.320522963490888912e+01 5.450583237157207606e+01
3.982695861669385096e+01 3.858017188229626981e+01 3.842574124610300146e+01 1.944250385095053346e+01 3.471580340842198353e+01 2.771233015400552802e+01 4.696639468198913647e+01 6.028765024962402919e+01 7.085363831985834793e+01 6.503004977658636676e+01 5.187948694603073818e+01 3.215707737336306593e+01 4.469250120332148413e+01 2.791495026434385451e+01 4.034561679344331964e+01 5.604461453422316453e+01 4.887267211130528466e+01 2.920685946390908327e+01 4.813034236611120775e+01 5.696826436511455682e+01 6.900793796893540843e+01 7.474086552927597893e+01 5.808809307391377530e+01 7.474086545474902721e+01 6.902742785221093413e+01 4.953986661236897504e+01 6.328396688497740996e+01 8.289336921426654214e+01 8.482852135058851673e+01 7.488166847822320449e+01 5.994405814884233052e+01 4.173298418288464973e+01 3.736317560120077275e+01 5.624317400177383064e+01 5.018610987503276277e+01 6.392131206225378293e+01 7.513473086625845099e+01
5.134947603219924162e+01 4.163946549226702132e+01 2.182542911193321444e+01 3.888328720013272033e+01 1.997090239929720568e+01 3.940004403129394461e+01 3.537788469971583538e+01 4.953058644539072475e+01 5.847800187838718955e+01 4.452232855400806244e+01 5.189193154314431666e+01 4.340544980425273280e+01 2.379924961521498261e+01 2.419345730942456996e+01 4.192507763165822610e+01 4.867195541710967177e+01 4.723706900833027333e+01 2.777849029242417345e+01 3.854571062842973816e+01 5.017022757046340331e+01 5.452088864708722582e+01 5.597621620848791224e+01 4.682756252101206229e+01 6.648670792793970463e+01 6.466987669328928234e+01 4.528827385105979175e+01 6.216656038665770012e+01 7.606851475506795168e+01 7.665034967319851944e+01 5.697278021498968315e+01 6.053025197770881505e+01 5.506395009819112119e+01 3.677951115093981116e+01 5.586480709953118406e+01 6.982872983455902727e+01 7.818539876507556130e+01 9.221807743539535807e+01
4.386539332895320342e+01 2.420558411569241386e+01 3.238035164670664301e+01 4.654408206520005109e+01 3.611729619553242543e+01 2.051595250434039031e+01 3.924027145744100409e+01 4.220423668217946300e+01 4.245938691134848852e+01 3.159272921993733974e+01 3.620990429872995975e+01 4.195339912596638499e+01 2.364469881763523773e+01 4.305060775588879807e+01 2.479254150011096058e+01 3.907782868402440357e+01 2.593202776473437154e+01 2.633828154332137217e+01 2.676424885103017814e+01 4.644761452520685907e+01 3.816179492091608694e+01 3.653114495017379681e+01 5.597790912021675069e+01 6.242543882444738301e+01 5.523852539435129216e+01 4.133595678055447564e+01 6.056925408249185239e+01 5.334536416711021189e+01 6.459463050783035953e+01 6.058463687782597873e+01 3.718594257491620425e+01 3.594784134153128718e+01 4.474313463310962646e+01 5.168060712606119012e+01 7.102240729357174587e+01 8.894229179565664367e+01 8.127838290989448922e+01
2.657005852524816092e+01 3.812211661891545589e+01 4.990222208182647989e+01 5.738590688783341420e+01 4.791139811062519271e+01 4.058773290625446606e+01 2.107234048345321753e+01 2.146921620028668087e+01 2.186709396270001449e+01 2.226140311954603490e+01 2.265061299950193074e+01 2.306650636247866260e+01 4.178937078862792021e+01 4.846208174478145025e+01 2.582759798327349188e+01 2.536177032652868490e+01 3.608416211483992697e+01 4.589311644169738713e+01 4.013820326613212330e+01 2.736440529202289795e+01 2.778655555163942736e+01 4.743476078141490859e+01 5.497386416532446418e+01 5.424565884232282542e+01 3.591666511973028264e+01 5.036377519412946668e+01 5.086468827568386075e+01 3.930933945305856980e+01 5.451817773409464252e+01 6.750882640062309292e+01 5.450132795645136241e+01 3.535301581387411574e+01 5.246959585833916861e+01 6.431561687916727976e+01 7.918725307535940772e+01 7.810262105712790515e+01 6.151159363264343227e+01
2.823203745000467535e+01 4.773148595659197468e+01 6.596321226361158097e+01 6.433991882290327169e+01 4.345263366915335723e+01 2.979792122408949595e+01 2.874378831994145500e+01 2.536665234945968805e+01 3.871209102137130742e+01 4.126148416859403767e+01 4.262873365562917627e+01 2.374437537108957130e+01 3.219173187226601840e+01 4.870745367389763203e+01 5.643034972586397657e+01 4.638384362916743697e+01 4.313088257439601847e+01 5.734329423851470864e+01 4.052534269070059736e+01 4.702570321252604657e+01 4.683450515504791412e+01 2.838098773370029804e+01 4.680631060288561685e+01 5.308571473228953153e+01 4.017504438406241007e+01 3.074509009149418759e+01 3.116518933071311892e+01 3.158776754771372453e+01 5.079880970553874420e+01 5.204667430019276964e+01 5.254621747770062967e+01 4.813140200267865509e+01 3.450945163126741022e+01 5.757812211918569290e+01 7.419627599653705374e+01 6.997482940527287099e+01 4.984422907571352113e+01
2.995611224095136649e+01 4.941914492256836411e+01 6.628479127023696549e+01 6.272911360737369790e+01 4.192334077578271945e+01 4.317059715134329423e+01 4.001647582989621554e+01 4.271183417151006267e+01 3.020437321738093317e+01 4.708680948901557173e+01 5.283473069411255096e+01 4.378569782552533951e+01 2.483424595919229105e+01 3.867770859289498731e+01 5.837938890849130757e+01 7.040734180865656811e+01 6.555371856934981167e+01 5.912244981659234355e+01 5.971280883135416673e+01 5.676413567446977737e+01 3.755302238441141327e+01 4.801467314581266521e+01 2.897414773839272684e+01 4.586577062338455590e+01 3.015619930932172821e+01 4.930609993733685315e+01 5.040256657102221283e+01 4.397584434419999155e+01 3.219166035753069366e+01 3.262724419880416349e+01 3.306478828810270443e+01 3.366283067381269234e+01 4.369541988346566797e+01 6.223005925623018442e+01 5.410775175103854195e+01 6.274002005843695429e+01 4.672260765321465215e+01
3.168082044948803500e+01 3.849116739650244767e+01 5.803488719403574692e+01 7.158277860116562863e+01 5.640901184390743595e+01 6.391134272623262547e+01 6.129361919127789093e+01 5.076060686220281326e+01 3.350676947576013021e+01 5.076060663904730319e+01 5.730764702317909354e+01 2.902816596892961698e+01 2.571659644716795157e+01 4.506991727720389918e+01 4.534592560599958944e+01 6.388471978812348340e+01 7.511813550735224965e+01 7.722691737544100476e+01 6.728438149269010182e+01 4.822099981746217878e+01 5.676427962160553164e+01 5.209713808771690680e+01 3.072464367550236730e+01 2.956658024538690199e+01 3.895512273348766286e+01 5.532660210589326510e+01 5.490601651909241809e+01 3.578305383897800596e+01 5.173441276314174075e+01 5.212086279018186730e+01 4.589567503398151160e+01 3.396718000161659745e+01 4.916013836526715153e+01 5.617013592617818318e+01 3.995237253198450134e+01 4.254705570677192128e+01 5.425155900418577914e+01
5.112446851115758051e+01 5.803266974487956276e+01 5.222380351242283325e+01 7.206666980987570525e+01 7.798718900031204271e+01 7.047376230521648210e+01 5.170424954127186368e+01 3.936968199068825669e+01 4.306104056003690772e+01 5.863738086017600892e+01 5.806723717838212906e+01 3.815644563558154800e+01 4.573278574672389141e+01 2.709478184041056537e+01 4.126163695997065162e+01 6.124448154464477767e+01 5.572764560866765038e+01 6.954601389045296855e+01 7.545207524074830019e+01 6.004990741529475429e+01 7.537564586433617819e+01 5.460324919650930298e+01 3.609111879339294404e+01 4.997598104340050185e+01 5.685572301238048709e+01 6.332419323325930804e+01 4.462972204862303727e+01 3.855414638413512307e+01 5.792922446078154763e+01 6.752273469091187508e+01 5.920959569340926976e+01 5.329206614867175773e+01 3.483649122054039537e+01 3.680086104724096430e+01 5.624369356148775978e+01 6.274002000463504203e+01 7.103152666848845342e+01
