LEM/sinusoidal_perturbations/elevation_000920.asc
nrows	100
cellsize	150.0
xllcorner	0
ncols	100
yllcorner	0
NODATA_value	-9999
[rows 68 to 84 of 100, columns 0 to 36 of 100]
5.009162696260268353e-03 3.216726407536812382e-01 6.383758183634697936e-01 9.552379436261200230e-01 1.272367625785562950e+00 1.827237380907347486e+01 3.532204236317102453e+00 2.939907282767348473e+00 1.722408080904797600e+01 1.557020646188379764e+01 3.189050441529711932e+01 4.208796829996930455e+01 4.151578820111269152e+01 4.994443569962079010e+01 4.335735314936482609e+01 2.335426909596024103e+01 2.895755734401382853e+01 3.615071874303594512e+01 2.795647838976432809e+01 8.282500234807965711e+00 2.231880900923465205e+01 1.235978710830085170e+01 1.490377362081257040e+01 3.504660931477529573e+01 4.700084676563692909e+01 6.100336503056163906e+01 6.220012469859192805e+01 4.822942905797084023e+01 4.970692853019823332e+01 6.624801845028672176e+01 8.081193698940788295e+01 8.895305892597890818e+01 9.286737537378397178e+01 8.505583902599990154e+01 7.469259938459180148e+01 6.406249255081020522e+01 4.392108239981718043e+01
4.695337527364121070e-03 7.145559420922921845e+00 1.105965220843610197e+01 2.094207350250927391e+01 2.132063359586878803e+01 1.721082688352196133e+00 2.177075271580303806e+01 2.621019693929704353e+00 1.609883106502383399e+01 2.870708458270968677e+01 2.359922159144873177e+01 3.088622181146807577e+01 4.129766408665822297e+01 6.009221188615087073e+01 5.041758900503214136e+01 3.045252715834492108e+01 4.895131356163126668e+01 4.674201192749893607e+01 2.786500817522100348e+01 2.851097391874478859e+01 8.795268107143117575e+00 2.896768417499310289e+01 3.502612316660997749e+01 4.320843847611873656e+01 5.268299946098062492e+01 5.227510477756762697e+01 6.951709514204588913e+01 6.807757067479511193e+01 6.949933740151651307e+01 7.765968245304671314e+01 7.427782015472466526e+01 8.255057989919501438e+01 9.407553785661755796e+01 7.633393729253928939e+01 5.574417092399610141e+01 4.584545031469235710e+01 3.953720608431094519e+01
7.614146464036155443e-03 6.920746217894189201e+00 2.582881152595304286e+01 3.638482632807124162e+01 2.228724103026781123e+01 1.790699291152188621e+00 2.170989701343419842e+00 2.842084573761527899e+00 5.854620413477557683e+00 2.583393697240044773e+01 3.758989000834581873e+01 4.913908421276511973e+01 5.717141751581949904e+01 6.812276141488294456e+01 5.867475198426198091e+01 4.046070787946991487e+01 5.867475198426197380e+01 4.991768427415751574e+01 3.010065128662756351e+01 1.863921036846865320e+01 1.911683945734018053e+01 9.314109382225559841e+00 3.217692147894172905e+01 4.472022714501706986e+01 3.454500802561409500e+01 5.012734048949319288e+01 5.822507506079303852e+01 6.774587105244027896e+01 7.105763146268533603e+01 6.280061666956910926e+01 5.439872058962860990e+01 6.584527155390352959e+01 8.579689576209324287e+01 8.505583902599990154e+01 7.469259938459180148e+01 5.524511885115094856e+01 3.528062938601416931e+01
2.352828262072654761e-03 1.478545822179775904e+01 3.182128589541295582e+01 3.795735898185707669e+01 2.528603063021536812e+01 5.274416966514145599e+00 9.092409044198774382e+00 2.625542070151895757e+01 2.583393697240044773e+01 9.375514988656874493e+00 2.930277621746527217e+01 4.122757156085408070e+01 5.087404034826062116e+01 5.921264411512655812e+01 6.863634348456390910e+01 6.037447013059441758e+01 6.863634348456410805e+01 5.300586979923577502e+01 3.476562036184201077e+01 3.400533544302559363e+01 2.008962688532893637e+01 9.680662307194499050e+00 2.155937930399459290e+01 3.513831488744076381e+01 2.492695827393199437e+01 3.148724071737960983e+01 4.081719378340400084e+01 5.962651968536973612e+01 6.280061666956910926e+01 4.296166168787420503e+01 6.225924258221355956e+01 7.051540720996727885e+01 8.200934559865673634e+01 8.499756030373525562e+01 7.671424772782457069e+01 6.378940188856861937e+01 5.023540321000838560e+01
6.786455232800275850e-03 1.724175011830958937e+01 3.928353090523139457e+01 2.970319350104970013e+01 9.704130604901481050e+00 2.528637670722296349e+01 3.083958145303875398e+01 4.173636340419070478e+01 2.930277621746527572e+01 2.930277621746527217e+01 1.304733973851356765e+01 3.293339747352229097e+01 3.090386020750982965e+01 5.087404034826062116e+01 6.269264130484982189e+01 7.104513156015424613e+01 6.869240862027257322e+01 4.850977194455897745e+01 3.408934194776357174e+01 2.155970328515869383e+01 1.008768691249181337e+01 1.004711527248634617e+01 2.318119611461799678e+01 1.720567850277442545e+01 3.678720326544974739e+01 4.930932546760715951e+01 5.811081778395423925e+01 6.774579261426578114e+01 5.652698825559907192e+01 3.662249941381239893e+01 4.237844242571743081e+01 5.385506141138003500e+01 7.373956755957897258e+01 7.354018877145641397e+01 5.693284625616234962e+01 6.786431029771188150e+01 5.854191275740631539e+01
3.257643153035955173e-03 2.000325741765004750e+01 3.828599132076916334e+01 3.798380246164563090e+01 2.970323414748152402e+01 1.444827083005315771e+01 3.440719976964862070e+01 4.775594214519771441e+01 4.926666297244339887e+01 4.122757156085408070e+01 2.709397875328967586e+01 1.690544288537872220e+01 3.675299054921882203e+01 4.847808109369671570e+01 4.259021747106811517e+01 6.269264130484982189e+01 6.900608837304230292e+01 4.855719893695829370e+01 3.409290011125308695e+01 4.269197732679494095e+01 3.527775853400228812e+01 2.104216251599457621e+01 1.056276035955420589e+01 2.977644192806990731e+01 3.647612342595451906e+01 5.490676147079748404e+01 6.341297848705395523e+01 5.270641190092173645e+01 4.444830161857939999e+01 3.075512556749430715e+01 5.078105726015538579e+01 6.687855799999395856e+01 7.833454653292000103e+01 6.529345026321236389e+01 4.560714100197717613e+01 4.815476096707536868e+01 6.213042982823121463e+01
1.880098487986705483e-03 1.000188009848823434e+01 2.414401572708067079e+01 4.414402008720125536e+01 4.268479413598608119e+01 2.856260625510520512e+01 1.953373229999415983e+01 3.947150278061728557e+01 5.774192226737183375e+01 5.536116436841845001e+01 4.505825216131120925e+01 3.090386020750983320e+01 2.108878437858884780e+01 2.852716735522027847e+01 4.847808109369671570e+01 6.633889326028806011e+01 7.504705648188043199e+01 5.454653998505280299e+01 5.454653998505335721e+01 4.981961870709402973e+01 4.074893490770096349e+01 3.103339539109821743e+01 1.092719906379904948e+01 3.090899688054478034e+01 3.856649393134964043e+01 5.546681533603743475e+01 4.768098552375377608e+01 3.373012225767411110e+01 2.427468527595843639e+01 3.110213427593471636e+01 3.875092292804731642e+01 5.024163690750449973e+01 7.009906483469241323e+01 6.785950800283899298e+01 4.815469631536599593e+01 3.410660446723159112e+01 4.615291122528160628e+01
2.900726248362994839e-03 2.000290072624800786e+01 3.645431837782003015e+01 4.645431842421729840e+01 5.679919358964570364e+01 4.392789068060521629e+01 2.399419620694443012e+01 2.949586230187881242e+01 4.359001934147590163e+01 6.358530278171046035e+01 5.921264411511244674e+01 4.719197245982525146e+01 2.730865213182430651e+01 2.644180809054697434e+01 3.787781630506550812e+01 5.797881181370195947e+01 7.199577508903654177e+01 7.019541476673192903e+01 5.876462405308340209e+01 4.157806073276638870e+01 2.114251645434540805e+01 3.128371897439879490e+01 1.129039778695248586e+01 2.097853559589408690e+01 4.026204711262590052e+01 4.277182282669319591e+01 3.467875136042356843e+01 1.909770344556238086e+01 3.940498560832898534e+01 5.112079486779879289e+01 5.863614034328546865e+01 6.687855799999395856e+01 6.488039804940427757e+01 7.033621147382102379e+01 6.213656977212111343e+01 4.615291122528160628e+01 2.605417063917853326e+01
5.081304048347549951e-03 8.170047113325679788e+00 1.817004711332585742e+01 3.231218273705730581e+01 5.231218273739499836e+01 4.862827504384597432e+01 2.868510551363492311e+01 4.862827504384597432e+01 4.359001934159322644e+01 6.358530327761882006e+01 5.788166074950211026e+01 3.788308517398827746e+01 4.653244490382010667e+01 4.637349664581133624e+01 3.237394179198327038e+01 4.255521210611384930e+01 6.348319647413447342e+01 6.198244256426416854e+01 4.219581015312624572e+01 3.047745603883200971e+01 3.374209694022771089e+01 1.401372016114488694e+01 1.165257549413778015e+01 3.187489437241571721e+01 3.167009761873399754e+01 3.263272751272310046e+01 1.449176699895164155e+01 3.471741020923977317e+01 4.710662830874846918e+01 6.077864996385810770e+01 5.618657917657667866e+01 5.781962002576689486e+01 4.301229315996881297e+01 4.926358416821791053e+01 5.244560326829784458e+01 4.276813066762605331e+01 2.779690494968889425e+01
4.469920835086939326e-03 2.000446992083473319e+01 3.180605435949827964e+01 3.887712217150951233e+01 4.716139365070704059e+01 5.378161503184391279e+01 3.382044340070444832e+01 5.378161503184391279e+01 6.358530313489194441e+01 7.189387143737940278e+01 6.619946650133393007e+01 4.785936497902876141e+01 6.143255129802992798e+01 4.172114557889546660e+01 3.987570138176599244e+01 5.649301376290011234e+01 7.172493831708902690e+01 6.454518161567317236e+01 4.476520358058046156e+01 5.055862501533805187e+01 4.206028446382980235e+01 3.361519258282606870e+01 2.021426466591140780e+01 1.216431156247589485e+01 1.524873692568487726e+01 1.318560225272709552e+01 1.354269283596256201e+01 1.806913372069478996e+01 3.211052759697337677e+01 4.876440002382352645e+01 3.388875135655633386e+01 3.828566796021047480e+01 2.872532036501832664e+01 4.920603360685490912e+01 4.420039175745760929e+01 2.079307261847685595e+01 1.831841632328089986e+01
2.324776005098761877e-03 5.775827467901381240e+00 1.180605435945670756e+01 1.887712217132230919e+01 3.042412755511502809e+01 5.042412755600859953e+01 4.792303713138512222e+01 4.273076482016552546e+01 5.685741929071551937e+01 7.687098945652856230e+01 7.623000131940980850e+01 6.202759686247058113e+01 6.877363039652725263e+01 4.921454351635868107e+01 5.956014772937957247e+01 5.241546311510219169e+01 7.185442965379060354e+01 7.276404452745684637e+01 6.454518161567267498e+01 6.204311790927366843e+01 5.051457757254281944e+01 3.712733295741085016e+01 1.697344278877541512e+01 3.239359640234618354e+01 1.267710030711056035e+01 3.307563538909936085e+01 3.329620565079124361e+01 1.403267118584929918e+01 3.304729547640683762e+01 3.847034500408756941e+01 2.149974862823808763e+01 2.055060403476024433e+01 3.618872919635769136e+01 3.693359552871537232e+01 3.732671386649412426e+01 3.773963578506111105e+01 1.789891500171477645e+01
8.699724428260374037e-03 2.000869972442790612e+01 3.180605435949827964e+01 3.887712217150951233e+01 4.716139365070704059e+01 5.870839953449733883e+01 6.792547325520629897e+01 5.685709272491329358e+01 5.536368764349018079e+01 6.951129640161173029e+01 8.951630724857695043e+01 8.209074370522455411e+01 7.699295054500309732e+01 6.051095430792293683e+01 7.699295054500309732e+01 6.619005221017359020e+01 7.993640607770662143e+01 8.283472220085972992e+01 7.036913367535379393e+01 5.379716230862512560e+01 3.380407660671016146e+01 2.206985435942852547e+01 3.712733295741085016e+01 4.492739577188010713e+01 4.779904230815481014e+01 3.802992438726661106e+01 1.784841788533786300e+01 3.139526543657199298e+01 1.450564427477929463e+01 3.174359287269300722e+01 1.544516594368649720e+01 1.579948792670452740e+01 1.616261943398187739e+01 1.653582590774829342e+01 1.691851686338801386e+01 1.730760409304383884e+01 3.162806501706656093e+01
2.249585233037712084e-03 2.000224958523268270e+01 2.447268035639437045e+01 4.447431501098659368e+01 5.322670984240061642e+01 6.152549624987214827e+01 7.257814594327466295e+01 7.685648268534876593e+01 7.537062842118349693e+01 8.352495803015823128e+01 7.988936021667831255e+01 7.139169490395696016e+01 7.989083885875056978e+01 8.009520466015396778e+01 8.833256534346492117e+01 8.552944650057082754e+01 7.933309592219158901e+01 7.044584414696248587e+01 5.469857683813025062e+01 4.222767705623888901e+01 2.796355166286791416e+01 4.225414889669385587e+01 5.051457757427911588e+01 5.494986563840328131e+01 4.215645571191272012e+01 2.197520303071506831e+01 3.803062055008562936e+01 3.593310548807090754e+01 1.490743637449957149e+01 1.495722950640950266e+01 3.506133342418614518e+01 3.873611894657642551e+01 3.654504004311630183e+01 3.107963882996211780e+01 3.734079938684610056e+01 2.449320587095389357e+01 1.895301121621758611e+01
2.739267172789772273e-04 4.472409881716908231e+00 2.447268035639437045e+01 3.689065617753109905e+01 3.321921189757387083e+01 4.397913121006578763e+01 6.382590852390040936e+01 6.315923863881945266e+01 7.150038388604943407e+01 7.635317642033453467e+01 6.970096851979491248e+01 5.115167354928318844e+01 6.967323266211761279e+01 8.243250667431769330e+01 8.431401463351238590e+01 8.515678014674872998e+01 6.523299575352777424e+01 5.122913817309307660e+01 4.235953773266675171e+01 3.476384161184968491e+01 4.222767705623888190e+01 5.629840533485319298e+01 5.971682788274931397e+01 4.670777944527897318e+01 2.660967802611531141e+01 3.110040570018471584e+01 5.041180371676870209e+01 4.510859731462777944e+01 3.626647456140894832e+01 2.314240011890324666e+01 1.658700269994036702e+01 3.663719165513746390e+01 4.681926968015034873e+01 5.111515533912666598e+01 5.073847271518708624e+01 4.255307605180117747e+01 3.938044433510938092e+01
8.327778614586212741e-03 2.000832777861423040e+01 1.154347770238868520e+01 1.688870256778679035e+01 2.395977090589654779e+01 3.550690430367424000e+01 5.551697967154115076e+01 4.308357978759175921e+01 5.989924051513502690e+01 5.609073920554160253e+01 6.126117816596704557e+01 4.111380759989912548e+01 5.410874054672267874e+01 6.410272880782805771e+01 6.410272880782805771e+01 8.257027602685184320e+01 7.933309592219158901e+01 6.615506747351032857e+01 4.631184361659381210e+01 4.888396888868268064e+01 6.211884443568649061e+01 6.502428036894752950e+01 5.148039901758610171e+01 3.151509892757167464e+01 4.670777944527897318e+01 4.270710094624985231e+01 5.934284822244070057e+01 5.765212773577528083e+01 3.755274503335703429e+01 4.343957764180498771e+01 3.691075484019265218e+01 1.831130910880687424e+01 3.321053843887493429e+01 5.494654183684116333e+01 6.037966927438196763e+01 4.063679665664375307e+01 2.630266521431456539e+01
6.510866554257996840e-03 2.000651086655390287e+01 3.154454450008095634e+01 3.689065617753109905e+01 4.396415727139851271e+01 5.226472346335416574e+01 5.092177669055504907e+01 3.152269533501543464e+01 5.088321184831563926e+01 4.186752119605183964e+01 4.556429109551473289e+01 3.403528765150917934e+01 5.402853281685730735e+01 4.395433682588659963e+01 5.400080252449426865e+01 6.827910883111779583e+01 8.851018923662957150e+01 7.441082352693049984e+01 5.775281423492483412e+01 6.873628220956652513e+01 6.935169361624265605e+01 5.678394920085728614e+01 3.693988148149833961e+01 4.309958292588515860e+01 5.971682788274931397e+01 6.256725109875566204e+01 7.081981614099149169e+01 6.590106138836421223e+01 5.765212771667479785e+01 4.157490108880988089e+01 2.010114181514050102e+01 3.644640343263676385e+01 3.453774905660501560e+01 5.328724090128879709e+01 6.174347378928047902e+01 4.208492107137730898e+01 3.051295503802574771e+01
8.953482861371391335e-03 1.415108910659219710e+01 3.415108910615763449e+01 4.096111291902118978e+01 4.162291324408138848e+01 4.176829007595159027e+01 3.337432661124910283e+01 2.257645489826758833e+01 3.823483965509626614e+01 4.101892896840267611e+01 2.550470525638692365e+01 2.967508504841136840e+01 3.393945172113801334e+01 3.997253941557093526e+01 6.009597777376383476e+01 7.855726881293905706e+01 8.866617706610082905e+01 8.590314996452246987e+01 7.763275884644842506e+01 6.935169361624265605e+01 4.954583061336332150e+01 4.296345200494270955e+01 4.840854039623421556e+01 6.292880670329503090e+01 7.118103108915302357e+01 7.571871637381134690e+01 7.024954184636729337e+01 6.195558051709570435e+01 5.192134850759382658e+01 4.175862000831958198e+01 2.138214733334183748e+01 2.761891371251685356e+01 4.755432260926848187e+01 6.096750800838755424e+01 6.998243317565442112e+01 5.479493760026804239e+01 3.511157124234834725e+01
