LEM/sinusoidal_perturbations/elevation_000039.asc
nrows	100
cellsize	150.0
xllcorner	0
ncols	100
yllcorner	0
NODATA_value	-9999
[rows 17 to 33 of 100, columns 37 to 73 of 100]
1.136839262156340453e+02 1.271201770786882008e+02 1.080984734491429151e+02 9.473941772067253453e+01 8.367558286209313678e+01 9.613184173326543203e+01 1.040565139776625045e+02 8.831910382016111782e+01 1.068601153219791371e+02 1.179257999169397380e+02 1.226764901276910820e+02 1.030756216270228833e+02 9.972154328324803885e+01 8.050279821386740764e+01 6.619528839270446952e+01 8.654451965912737421e+01 9.597717142871503881e+01 1.029636552771000169e+02 1.030870992275153100e+02 1.229354862890917559e+02 1.194519258548668290e+02 1.094721414568620474e+02 9.016998255261320594e+01 1.094721414568620474e+02 1.006132989221869281e+02 8.039420930368950735e+01 1.006132987282137776e+02 9.754651405510632856e+01 8.337623078637166429e+01 6.993495824460752885e+01 9.017979246235965718e+01 9.190582366910139456e+01 7.285021510290378899e+01 9.307314345145019274e+01 1.024033890701453373e+02 9.638252189727246844e+01 7.761463502529288405e+01
1.298612589694124893e+02 1.197376291881611792e+02 1.113912348823580771e+02 1.106208296013393664e+02 9.613184173326509097e+01 7.659302239068277629e+01 9.019166967071521412e+01 7.941253500337532500e+01 9.082051900470990802e+01 1.099655774459509843e+02 1.113464084763589597e+02 1.030469813533089933e+02 1.006622531784181405e+02 7.976492870067535534e+01 6.510227817045623055e+01 7.134706665146518390e+01 9.158643430290665322e+01 1.081340167435052706e+02 1.163105878011503052e+02 1.277481502226685279e+02 1.112813273346655905e+02 9.123866704887058177e+01 8.094704165505459059e+01 9.329220355473898962e+01 9.500468585739177740e+01 7.481491459925896947e+01 8.773395221596332760e+01 8.837035647166277386e+01 6.899254357398542936e+01 8.056336767640488006e+01 9.709237460928873986e+01 1.013169670209766764e+02 9.307189039834025834e+01 7.399505815663108876e+01 9.424512378811273550e+01 7.637013094263342339e+01 9.665664107362678692e+01
1.183280180563477302e+02 1.078209568515192984e+02 9.054786243916711896e+01 1.078209568521179591e+02 1.040565139776625045e+02 9.019166967071521412e+01 7.015372290459916371e+01 9.019166967071521412e+01 9.565865776939659781e+01 1.148911406830063413e+02 1.030469813533089933e+02 8.195588576462398578e+01 8.813332455923357145e+01 8.293512000122106542e+01 6.403928911565769511e+01 8.444174280059856130e+01 8.096219376073725016e+01 8.812918414268322920e+01 9.973195838873178332e+01 1.196114740715343174e+02 1.194352105028205244e+02 1.094639884773256142e+02 9.329220355473896120e+01 7.276277893659988649e+01 8.620770189092104374e+01 7.807783054452110605e+01 6.736361938333631372e+01 6.803965024599486355e+01 8.837035457092773072e+01 9.651398016902714971e+01 1.078173880734950529e+02 1.086012526721855238e+02 8.857605449095281358e+01 8.685700949845369223e+01 7.514505596577420476e+01 9.542740895478969776e+01 1.042164573751909842e+02
1.101074912167282918e+02 9.935730819149462434e+01 7.847700710515091771e+01 9.935730819149463855e+01 1.031663857592093194e+02 8.683515707758932933e+01 6.648971851880131112e+01 7.592871017310868353e+01 9.002195042465315566e+01 1.092668730896824485e+02 1.030469813533089933e+02 8.195588576462398578e+01 6.815209877268441119e+01 6.257022710839689239e+01 8.287177602854285396e+01 7.504202104147252328e+01 9.523093619217843298e+01 1.081340167435052706e+02 1.163096950512385632e+02 1.171889360820148340e+02 1.143752501459804165e+02 1.021876472204757960e+02 9.105550154324532741e+01 6.912078276842198932e+01 6.575438905725361849e+01 6.641449533833136343e+01 8.683553122707309058e+01 8.717864799967330214e+01 7.826715940367394353e+01 9.258886971460353266e+01 1.125666861284250189e+02 1.167475477369053891e+02 1.082341204544023867e+02 9.889470672185881028e+01 7.891641116256887756e+01 8.024563591492304226e+01 8.408702432170855445e+01
1.029062399330274360e+02 9.197500694581744085e+01 7.166894312543941226e+01 9.197500694581744085e+01 9.517221728572815209e+01 7.533536562513853596e+01 6.305397149644259258e+01 7.793686384288399438e+01 9.767969646906310288e+01 1.011082489201360062e+02 9.285342686473741480e+01 9.647230866867943178e+01 8.185727357672949722e+01 6.156460819616231817e+01 8.196535022509131352e+01 9.523038144508703340e+01 8.937564493138008004e+01 1.093668599796968550e+02 1.171889360820150046e+02 9.739641508612893972e+01 1.010281025978768241e+02 8.660772904743585343e+01 7.514961785860128884e+01 6.483825629694987924e+01 8.532643204495697375e+01 8.554219171818330381e+01 7.314607945148155466e+01 9.336011941613961085e+01 9.843810678223916000e+01 9.258886971476393057e+01 1.125666863589411832e+02 1.162840392332750952e+02 9.637334948397548828e+01 8.465543093361546312e+01 9.920466158349213970e+01 9.464366637462036635e+01 1.042298035616280742e+02
8.860708848397433712e+01 8.585249784093151959e+01 6.641217013226271604e+01 8.576452215840168947e+01 8.359860095718717332e+01 7.718593552233909350e+01 5.975457041683749537e+01 7.491418159488513595e+01 9.486148786615108008e+01 9.285239029098802632e+01 7.261118844053993371e+01 7.853929257418134569e+01 7.953359262362643278e+01 6.057543467260628489e+01 7.239535788211303213e+01 9.264384497601805890e+01 1.093668599796968550e+02 1.175376733337774198e+02 1.150288956880244342e+02 9.522928076586579493e+01 8.112670561432264549e+01 7.320523141506551212e+01 8.383984353211840812e+01 6.420394609172247158e+01 8.470391683016796947e+01 9.685314391502902254e+01 9.340586535057569506e+01 8.036111790095483798e+01 1.005402746322317142e+02 1.125666863589411832e+02 1.207258781877389708e+02 1.244137414175582279e+02 1.090555811512207498e+02 8.904165212169490928e+01 1.090555810428894432e+02 1.146005529957864866e+02 1.140461855708446421e+02
6.791614116391107814e+01 8.064343540629610629e+01 6.188779503336648702e+01 7.665642740016738799e+01 7.064887602750167162e+01 5.943031601535283670e+01 5.399248663413743543e+01 8.028175409275054619e+01 8.389814862510114324e+01 7.990805319287726149e+01 7.712741973754260982e+01 5.825058639925315873e+01 5.920264298762225508e+01 7.116383858744066515e+01 8.782531327821742195e+01 1.008916697657059558e+02 1.092708889294965502e+02 1.034444361467282789e+02 1.046984053594351138e+02 9.645031075180828850e+01 9.128856314038593212e+01 8.298082532849841186e+01 6.333695437444360010e+01 7.895602265358817817e+01 6.878757596614113368e+01 8.913122524716997930e+01 1.020563407609763544e+02 1.005402746322317142e+02 8.834700540419720483e+01 1.025940699665215732e+02 1.224488105024828002e+02 1.276003778288412747e+02 1.078416290501736512e+02 9.369449175960977527e+01 1.078416290501736512e+02 1.276003778288412747e+02 1.184963961294235730e+02
7.877470801353992158e+01 7.642189488120618535e+01 5.739751794058602030e+01 6.314135494562112427e+01 5.350739158681380303e+01 5.388087183625619758e+01 5.425015770170816154e+01 7.021723840054279719e+01 6.366416428535544725e+01 5.847788040731536086e+01 5.690286065948287586e+01 7.714600215648330561e+01 7.349611250269934715e+01 8.677163712424010100e+01 9.543042198343535176e+01 9.354950065983386764e+01 8.919665533200647189e+01 8.329503128483061403e+01 9.645030281328561728e+01 7.619159697554155741e+01 8.212501903287768812e+01 6.249092730335520685e+01 7.705186326184903578e+01 9.128859361003870276e+01 8.913122524716997930e+01 7.351982805191626369e+01 8.789617330509130966e+01 1.080147681426058313e+02 1.084093888308052414e+02 9.788076289289486454e+01 1.120206841137749478e+02 1.317486742288500068e+02 1.196214979016879170e+02 9.974607553442643848e+01 1.100078722526895660e+02 1.297402584136704036e+02 1.233116526929755707e+02
5.183892620413698893e+01 5.221675210563585523e+01 5.259494273174071566e+01 5.297415916450614759e+01 5.508475747333000072e+01 6.720255587717257129e+01 6.168272648789043444e+01 5.476981497985661207e+01 5.514021169366570518e+01 5.551413077334396462e+01 7.577599198191195740e+01 8.411164601934363816e+01 9.283484728875946246e+01 8.774837256215640480e+01 7.768927591919836573e+01 7.299174445656566945e+01 7.950229691161204926e+01 6.883619457182942369e+01 8.068269034294287678e+01 8.127715472386842066e+01 6.165833499016419950e+01 8.212484924188768787e+01 9.129050091767638264e+01 1.055292145498636671e+02 9.726748036153772148e+01 7.701970984924393804e+01 9.726748036153772148e+01 1.108298878141218466e+02 1.259249811138790420e+02 1.177988786392992466e+02 1.120206841137749478e+02 1.317486742288500068e+02 1.262183188886932754e+02 1.064278559276773564e+02 1.262183188886932754e+02 1.378311232082474476e+02 1.285947531750137500e+02
5.473845337177520065e+01 6.231171604058908997e+01 7.021131175048225259e+01 7.511161003121222279e+01 7.563371060634547405e+01 7.793965390572434160e+01 6.151439125379884132e+01 7.380229660079646692e+01 6.606721976835085286e+01 7.569365705005559164e+01 5.608313725733111710e+01 7.612009580506162365e+01 7.764936104202361378e+01 7.768589985713799706e+01 5.867604476905851385e+01 5.863893648250653001e+01 5.917771596218769758e+01 5.971401183894111142e+01 6.026951226630861669e+01 6.083865164405001735e+01 8.076925507131770132e+01 6.996127328049961136e+01 9.020199661616128139e+01 1.076808923717266424e+02 1.055245560055674758e+02 9.726748036153772148e+01 8.237054044466354696e+01 1.025879625615304889e+02 1.160511819363361212e+02 1.242508962073193857e+02 1.317486742288500068e+02 1.398292781139832357e+02 1.343052925163303257e+02 1.164122210356987068e+02 1.343052925163303257e+02 1.445379001428345020e+02 1.250116126601536166e+02
5.861314420708963269e+01 5.856819840336356719e+01 6.140567612642137618e+01 7.834144132145732442e+01 8.787469395467769573e+01 6.894614789498957919e+01 8.089931577388830419e+01 8.707439362437149555e+01 8.561931831056453746e+01 7.987579286315425975e+01 6.090155234341901291e+01 5.664377779114290234e+01 5.703612730042137002e+01 5.742337639678257233e+01 5.782692123665269435e+01 7.778579076596504649e+01 7.948530113041232426e+01 8.008371592744192924e+01 7.660280163548367227e+01 6.530931590913924367e+01 8.576222301957875516e+01 9.020199661617117215e+01 7.931538684415474449e+01 9.349453438721465659e+01 1.136407410895301098e+02 1.097067808926137502e+02 8.956343835123416852e+01 8.915358402911159885e+01 9.591854108469617302e+01 1.049847507531267041e+02 1.166280575359301110e+02 1.364460171467011662e+02 1.440913382593977303e+02 1.360244167416877303e+02 1.440913382593977303e+02 1.526188987367563641e+02 1.436023449544076982e+02
7.906933741744131794e+01 7.840039091811324568e+01 7.833741538198694343e+01 6.641729299634950223e+01 8.430364775407204547e+01 8.787498463122798853e+01 7.711699146628018298e+01 9.587220959796110265e+01 9.341194537267129760e+01 7.246677619840400553e+01 7.954347482609942688e+01 6.068253429757986339e+01 7.403350073780669049e+01 7.764429381194608482e+01 7.811221673512309849e+01 5.859384032814789833e+01 7.568587927369716795e+01 8.687711498204473060e+01 8.897986091102853834e+01 6.987419379526392049e+01 9.079643945862217436e+01 1.071326818165607762e+02 9.939522171513699789e+01 9.349453438721465659e+01 1.136407410895301098e+02 1.178889582029252097e+02 9.863073356964105187e+01 9.744200822453375110e+01 1.093403016524561764e+02 1.242508962073193857e+02 1.331610125208239026e+02 1.445670642484813868e+02 1.452222687165914579e+02 1.393620988002232934e+02 1.402804990385519659e+02 1.480944681325391912e+02 1.533397620858495713e+02
7.352429556235902908e+01 9.428365597278910570e+01 8.887818283493027138e+01 7.058021495103307075e+01 8.887818283493028559e+01 1.021480410920754025e+02 8.332066234103731972e+01 1.021480410920762978e+02 9.343078937281021012e+01 9.343077534809756912e+01 8.501216224425796497e+01 6.490135296754738192e+01 8.421764702763184118e+01 9.305879731278828615e+01 7.348216148173224838e+01 7.884123706015360256e+01 5.930847951821242958e+01 7.722995096009753979e+01 8.825513354208753469e+01 9.081870608063570671e+01 7.824408740711828614e+01 9.943695888702102081e+01 1.171189644677056094e+02 1.136407410895301098e+02 1.218672503562386709e+02 1.267896903536852307e+02 1.102810864437598326e+02 1.076303099274442161e+02 1.259834936690814544e+02 1.374481371410474537e+02 1.400661047942089681e+02 1.321958209647816602e+02 1.316962233022534008e+02 1.201436728829844753e+02 1.214672306061276998e+02 1.348094489459885494e+02 1.535011052352905381e+02
8.561526806516575050e+01 9.875928560222845931e+01 8.027384682230216129e+01 8.344561940387563936e+01 8.344561944998049796e+01 1.019935843286995834e+02 9.156118601401284707e+01 1.102300832935735428e+02 1.142164104044486095e+02 1.063042871356016121e+02 8.953379767539739476e+01 6.948457168258454431e+01 8.953379767539739476e+01 1.029842384537057427e+02 9.466679555390773260e+01 8.771108717023410861e+01 7.101112341001204697e+01 6.000995625923960830e+01 7.451921602141547396e+01 9.542757240391486562e+01 9.943695888702102081e+01 8.893678543209495047e+01 9.939791438292390069e+01 1.134195931271122220e+02 1.323823931817341588e+02 1.381789423246768251e+02 1.301080339123656131e+02 1.221610023452729479e+02 1.364481301665742876e+02 1.327065245108139777e+02 1.290604957408659175e+02 1.131079783049629413e+02 1.141050809707589480e+02 1.092615854529687738e+02 1.285319236861212744e+02 1.304197688788960079e+02 1.385947222177052538e+02
1.014593682971220971e+02 1.066365844959527607e+02 8.944223853114920075e+01 1.019935511468761717e+02 1.019935890406605807e+02 1.098949897902497810e+02 1.024589110531338321e+02 1.188639092861994442e+02 1.147763858087915452e+02 9.241344462303770513e+01 7.776055268728934777e+01 8.953379767539739476e+01 8.379955872779451909e+01 1.044812142886526658e+02 1.081201753260150866e+02 9.053609137674133933e+01 8.091699896477567222e+01 6.051297461700769276e+01 8.063873360330896389e+01 8.915103489532319259e+01 1.086470559244935288e+02 1.054912669942708590e+02 1.171189644677056094e+02 1.268110112705988541e+02 1.255290165174391035e+02 1.240643662626010126e+02 1.321872793173748448e+02 1.426321950549315432e+02 1.327065245108139777e+02 1.145177031107418628e+02 1.181146144893522489e+02 1.019017600738782505e+02 1.005543673610899020e+02 1.198484846166995794e+02 1.270109753876503618e+02 1.102204531744930733e+02 1.270109753876521950e+02
1.244321610152327651e+02 1.160473710236635867e+02 1.080771219593929544e+02 1.160439973143258641e+02 1.142159269256149940e+02 1.223898036303761216e+02 1.219882447070955322e+02 1.301816844337877228e+02 1.110734928770770580e+02 9.154896870563513289e+01 8.949156673153532893e+01 1.063042871355929293e+02 1.047848161587603784e+02 1.130754608307081241e+02 1.011382486702323575e+02 9.295428560977107679e+01 8.146330056461206937e+01 6.102669851392846567e+01 6.928474687987527147e+01 8.212931127566127998e+01 1.006373736369103966e+02 1.223616130999173635e+02 1.226814365145209962e+02 1.145308089480987803e+02 1.057438806313454762e+02 1.042605562212557686e+02 1.183109245381642864e+02 1.379544735008500993e+02 1.313548008794822977e+02 1.126303497182128126e+02 9.924535625386515392e+01 9.321388631305909200e+01 1.125559937560048525e+02 1.226521707050611667e+02 1.187113669194416303e+02 9.844110027539932162e+01 1.187113669194687304e+02
1.190294865902997827e+02 1.272278977697500011e+02 1.225869596097780345e+02 1.107505714803441776e+02 9.386917495391584509e+01 1.107505714803441776e+02 1.125998794667769971e+02 1.208035183001093884e+02 1.194632806398652605e+02 1.110734928781677695e+02 1.119720945305009252e+02 1.212439757171023160e+02 1.169775686715249492e+02 1.088506157800338059e+02 9.297019125645752524e+01 7.346555818833091678e+01 8.199782538693922618e+01 6.155038409152173529e+01 8.180984020980798732e+01 8.650336989387368192e+01 1.079902770509080199e+02 1.158698771928543181e+02 1.076941889797141698e+02 9.459892511623928613e+01 9.156696515781948165e+01 1.057438931389838075e+02 1.255308146191565299e+02 1.281468014989513335e+02 1.199097998739221111e+02 1.233985235239037905e+02 1.083351998770854152e+02 8.890736721750390359e+01 1.033583580465775071e+02 1.033583580465078882e+02 1.112751709003066054e+02 9.181258910896384862e+01 1.112751709003655236e+02
