LEM/sinusoidal_perturbations/elevation_000580.asc
nrows	100
cellsize	150.0
xllcorner	0
ncols	100
yllcorner	0
NODATA_value	-9999
[rows 17 to 33 of 100, columns 37 to 73 of 100]
7.026868345111348901e+01 7.862097106066491392e+01 8.868550800532639755e+01 9.698522154637524295e+01 7.642295155633995307e+01 7.919913055399518953e+01 5.852993701772014390e+01 7.919913055399518953e+01 9.078622197568290630e+01 9.925638021746010509e+01 1.039771348527226706e+02 8.309530964077907811e+01 8.921145464180520435e+01 8.737797042173754392e+01 6.747051065541212722e+01 6.479947631118302809e+01 5.321424035302650424e+01 3.405677072112997195e+01 3.749831029219829048e+01 5.717260343253781230e+01 5.782745412416489472e+01 6.991124462837947817e+01 6.648751810641302029e+01 8.060090585819000353e+01 8.060090585819000353e+01 9.525119538628250382e+01 9.450626136298798485e+01 8.186553057109678377e+01 7.686049754962839131e+01 9.785350236453946593e+01 1.118461390014825412e+02 1.032198315514465179e+02 8.953146897435804874e+01 8.001183189187369749e+01 7.208770089647207158e+01 5.350361013428363322e+01 7.328798350188752408e+01
5.021300685536549224e+01 6.021869871303569255e+01 8.031866818919129969e+01 9.474403982972310700e+01 7.417028518136189064e+01 5.953481209489176962e+01 5.332936704243763870e+01 7.403141392797405729e+01 7.018702228844090030e+01 9.078608769478043428e+01 1.039771348527226991e+02 8.309530964077907811e+01 6.863093984495080235e+01 7.892119724337798914e+01 7.665513075461157655e+01 5.116918163490582572e+01 3.335793599451674396e+01 4.304145058155122427e+01 5.392130498427948737e+01 4.273743000740706321e+01 4.653755454403256664e+01 5.073843778235112723e+01 5.618038631054857035e+01 6.182612095158754784e+01 6.913037135919148568e+01 7.990259163920161711e+01 9.804551163036094863e+01 1.026641492547004617e+02 8.648914956564019008e+01 1.061897464566540918e+02 1.150304365580987564e+02 9.482850456814026074e+01 9.317967105227434388e+01 7.887075204282854202e+01 5.910418314891351343e+01 7.328843522818735323e+01 5.475987008681194368e+01
6.024084515323952616e+01 7.862097106066491392e+01 8.868550800532639755e+01 8.774172985850508155e+01 8.868014652099518003e+01 6.915222287451081229e+01 4.843095644222828611e+01 5.553696712327993623e+01 7.018700023213344252e+01 9.078222947289842182e+01 8.871170399610318213e+01 9.353616946383374398e+01 7.286745556619622732e+01 5.854672335626440827e+01 7.060335501454505902e+01 6.437317644991674115e+01 5.240569573333567632e+01 3.266046437447224093e+01 5.125596796870659944e+01 5.779946660167412631e+01 6.509267025754958524e+01 6.991124462837947817e+01 6.648751810641302029e+01 8.060090585819000353e+01 8.757069188957927963e+01 9.525119538628250382e+01 1.058401656246023208e+02 1.153007858268152290e+02 1.011443750363198006e+02 1.153007858268152290e+02 1.100333267422342658e+02 9.482850456814026074e+01 7.485004561455417615e+01 6.500909081556260105e+01 7.887075204282854202e+01 8.273142306323872219e+01 7.430289845860208686e+01
6.024084515323953326e+01 8.034240137832479434e+01 8.166674373736920245e+01 6.712472989337307183e+01 8.166674373736920245e+01 6.516441828315171847e+01 4.445086230096535473e+01 5.911261957870100758e+01 7.977473684190562153e+01 8.284200248510947517e+01 6.849355545284750235e+01 8.284394832748419901e+01 8.240745392943779279e+01 6.196215487226592700e+01 5.036763801416307018e+01 5.789915170276721312e+01 3.796797163575694611e+01 5.052874318876929038e+01 3.196640212132343706e+01 4.078621606978855141e+01 5.841213549068631750e+01 7.695535499516979883e+01 8.514508066996387470e+01 9.286877329028146733e+01 9.358507361304367578e+01 1.020316914057725768e+02 1.007379852566904788e+02 1.091782884625307304e+02 1.212987572255552493e+02 1.133123741123575030e+02 9.308919324329451683e+01 8.159476790872879803e+01 7.277288817164776447e+01 7.142663662677333036e+01 9.135459012984479443e+01 8.426141703137818695e+01 6.445253138964932305e+01
7.565214465705960833e+01 8.434500633076899589e+01 7.243693274356068912e+01 5.247951862407192181e+01 7.243693274356068912e+01 6.180424012599556249e+01 4.112523061118780277e+01 6.180424012599556249e+01 7.896933460734064170e+01 7.384050515670483605e+01 5.438313559619268034e+01 7.384130606418827369e+01 9.100821117156755236e+01 7.915020834266056227e+01 6.385811707187374964e+01 4.374467629725674556e+01 5.789913409515774134e+01 5.110364796486712891e+01 3.147475852688973319e+01 4.764995122532244665e+01 5.141276895485857068e+01 6.859517213737954933e+01 7.687215555945974188e+01 8.532625534510839316e+01 7.314869964013466586e+01 9.024025939396906892e+01 8.027542172912934859e+01 9.737874252911470307e+01 1.118270024703162875e+02 1.217230496832225697e+02 1.068984209476889617e+02 8.678144852449406699e+01 8.402007169755262339e+01 9.484310041911719225e+01 9.493422982651185293e+01 7.504771160914717143e+01 8.426144719341586153e+01
8.401010094711939757e+01 7.584811172689462921e+01 5.517630222259479211e+01 4.324950318307009667e+01 5.547730296206236034e+01 5.427651343914491378e+01 3.796035060788769755e+01 4.983193561696017326e+01 7.050309499997371177e+01 6.545610074819377644e+01 4.559157631485975770e+01 6.545609721389966751e+01 7.797453017746771309e+01 7.810354631665549618e+01 7.236608632559159560e+01 6.385811707187368569e+01 7.073240625069858822e+01 5.390631033105500336e+01 3.098597738362163412e+01 4.010473850311509381e+01 4.023579330507230623e+01 6.182524551744723595e+01 5.646607819158896291e+01 6.888316399456189743e+01 6.138475082113595960e+01 7.800524891943736350e+01 6.849695798461303298e+01 8.293048258791340288e+01 1.009910477396396402e+02 1.127927324579039237e+02 1.152990811026589029e+02 1.068984209476889617e+02 1.041815690629296256e+02 1.126024904857893176e+02 1.033626628133902301e+02 8.647560713556599410e+01 1.033626628133902301e+02
8.670523310169369324e+01 7.836147267656912163e+01 7.243693274315020858e+01 5.547730296206236034e+01 3.495972328856122857e+01 3.379178199951268624e+01 5.427651343914491378e+01 6.710718344796046608e+01 6.919772833534101153e+01 5.917432720853870620e+01 3.964820494710318144e+01 5.917431419416248417e+01 5.714413720158596988e+01 5.840727066718823579e+01 5.845716651733192037e+01 6.645567749219017628e+01 6.588821796094870820e+01 4.810871097470823798e+01 4.801301676379813443e+01 3.029783773894212473e+01 5.048143671535392940e+01 6.003317762915459355e+01 4.462281927946865778e+01 4.846012734874836525e+01 5.294943661711197080e+01 5.762947570353991722e+01 6.439840364694416053e+01 7.208956073599979675e+01 8.388462679295543012e+01 1.043566551016253499e+02 1.056633738238137425e+02 9.887733777813701863e+01 1.073668248330900212e+02 1.129436599211310721e+02 1.069906207980398420e+02 1.065885534312218965e+02 1.150130078826828850e+02
7.836147267656912163e+01 5.901307497805930780e+01 6.468008945885866012e+01 5.017973003133861454e+01 2.983935896360396356e+01 5.017973002109991398e+01 6.281067276056921855e+01 5.976259409862643679e+01 5.404237929318314571e+01 4.124369380630911763e+01 3.495048311262564766e+01 5.375475185006389012e+01 4.478315646430108643e+01 5.329662250352154729e+01 4.132317897319490640e+01 5.016133763537666113e+01 4.863206501375420743e+01 4.847253159947138101e+01 2.960195482436373382e+01 3.060495277346103293e+01 5.089109728232644159e+01 3.957889287917566179e+01 6.006189885108991433e+01 6.888316399456189743e+01 7.333072595393205972e+01 7.800524891943736350e+01 8.480867155568390103e+01 9.253712404675712833e+01 1.009910477396396402e+02 9.992803297855294886e+01 8.575391360667020990e+01 7.892217493414989349e+01 9.575434513900471245e+01 9.270092636146519283e+01 8.678194112366857382e+01 1.001693860379337337e+02 1.085692491974682099e+02
6.662551737012650221e+01 6.468008945885866012e+01 4.614641989461969018e+01 4.771316983391154309e+01 2.731759558208904437e+01 4.524027486026211875e+01 4.457954503461310480e+01 3.922079492292258607e+01 4.055944051543391282e+01 2.942175636389218951e+01 4.686513331217125256e+01 4.818896773316794935e+01 3.532904129217224209e+01 3.821304015458763814e+01 4.590993143127278131e+01 3.272886838396743059e+01 2.838197752280117214e+01 2.889426098295971101e+01 4.831661735656379619e+01 5.088791896269918169e+01 3.487429034678135764e+01 5.530559314722592745e+01 6.852764597455310991e+01 8.399146227058325564e+01 7.568749939699706886e+01 8.399146227058325564e+01 8.504654511066303257e+01 9.338479875927241380e+01 1.020827535031090179e+02 9.158525949450782377e+01 7.203289335438806518e+01 6.771016734524356195e+01 8.722678851399332700e+01 9.210792941196355343e+01 7.268162784545097566e+01 8.005740696933322909e+01 9.446427025166111946e+01
4.755455860420278213e+01 5.670604302563386057e+01 5.477342603692820688e+01 3.644854476739192961e+01 3.771154586258550978e+01 2.393957866779432564e+01 2.356983160935764587e+01 2.393487217873315842e+01 2.430608489386997562e+01 3.045685190412311982e+01 4.474975725603860610e+01 2.579044363959206265e+01 2.617912669506945633e+01 2.686503619146630939e+01 3.358873922874254703e+01 2.763036738370543333e+01 4.442345416855005169e+01 4.780656119377762536e+01 5.647488369820764831e+01 6.371555363498139712e+01 5.008230954630708709e+01 6.378130201627988782e+01 8.299511247158211802e+01 7.420676983606468013e+01 5.631617278149952455e+01 7.420676983606735178e+01 6.518947360919494827e+01 8.187410546768060726e+01 8.790994092247485980e+01 7.373712834184078702e+01 7.921011631730043234e+01 5.978658941587230657e+01 7.921011631730043234e+01 7.813684491382190345e+01 6.390951036053969858e+01 6.894666916092526776e+01 7.440177408687706873e+01
4.848073145407330742e+01 3.708247951331993875e+01 4.912110974356045290e+01 4.494673693143316484e+01 3.903791552491095018e+01 2.305553368345993803e+01 3.966209649625425726e+01 4.380009462772481044e+01 3.084303750215815398e+01 2.484926137346482733e+01 2.523846940288040130e+01 3.234272183335146167e+01 4.563916672983386036e+01 2.664110751474274963e+01 2.703322203156038483e+01 4.665210376777725543e+01 2.841804784830780761e+01 3.085134857876304437e+01 5.606451671273828907e+01 7.268089916663535632e+01 7.162682705043965825e+01 7.262575026532105937e+01 6.308309515416920732e+01 6.299946503510706464e+01 4.635484813664870529e+01 6.217653517343185854e+01 5.386994788904847553e+01 7.358205953397282428e+01 7.959012781821000715e+01 5.980458870934035076e+01 6.707665283999692463e+01 5.455741891183567560e+01 7.285228016082805880e+01 5.840521334583463187e+01 7.813684491382190345e+01 8.889993497197431793e+01 9.446427025166111946e+01
6.484393567749300757e+01 4.912215689654469486e+01 2.927078343411543671e+01 2.524696104259678009e+01 2.255124807218165373e+01 4.102989538091352273e+01 3.433513820824445872e+01 5.211068845496190249e+01 5.282817331469854594e+01 3.403856403763835203e+01 4.513452768242266444e+01 3.089250968128719421e+01 4.447374047961688603e+01 5.950166091001720048e+01 5.810717341708004824e+01 5.105745806835036404e+01 3.162615823997003517e+01 2.917844539904953649e+01 4.312946020623352439e+01 5.782850374301703766e+01 6.519297261513152364e+01 5.363581675369438528e+01 5.677003257397277736e+01 4.337424737942671982e+01 3.446996640554818470e+01 4.219669035819095626e+01 5.641333274382763818e+01 7.613883440376650924e+01 7.238863130687813907e+01 6.413449636229023554e+01 4.734259598410444880e+01 4.976156505609077385e+01 5.326427723094595024e+01 7.295506460242398816e+01 8.646824554117421258e+01 1.059853837073110725e+02 1.043225862538036921e+02
5.751384284635435051e+01 5.231529372736090977e+01 4.051178395702839907e+01 3.747097190005352729e+01 2.220196161828203074e+01 4.138591172339722135e+01 4.454234528438152552e+01 5.963303046586413103e+01 6.353039541029873050e+01 4.493877562375010370e+01 5.636117145934845496e+01 4.820790763020032443e+01 3.667584980510704185e+01 5.526858305236989111e+01 5.629239614694761684e+01 3.620834905098580236e+01 5.092826889621008490e+01 3.071638609498545236e+01 2.991282154778631863e+01 4.955924231389178658e+01 5.580989220196213552e+01 4.405738064457162295e+01 3.282001764228615315e+01 3.334231635777106106e+01 3.386903789619562843e+01 5.229851240273058011e+01 6.219076121069480223e+01 6.951422984310201514e+01 6.126637143492038717e+01 4.436509543090382124e+01 6.413487212761164358e+01 6.945123087156929387e+01 5.455223945110979855e+01 7.424902786166855151e+01 7.752094698931041705e+01 8.785746395354061633e+01 8.415701215972120508e+01
3.758342679028037026e+01 4.342089197049551785e+01 4.115440294858393599e+01 2.171594659327157828e+01 3.023859047108229348e+01 4.773312920036273965e+01 6.140105783097790493e+01 6.923619424595210603e+01 7.369999920232730517e+01 6.531291555380353486e+01 7.369989056151933937e+01 6.097378705597250104e+01 4.136372953624854176e+01 6.097378704819287520e+01 6.021267645675699498e+01 3.986501401137409317e+01 6.012095362168579982e+01 5.543312180974585601e+01 3.810236154951776655e+01 3.063069220044711471e+01 4.714498466667841114e+01 3.208284887510899352e+01 4.043548815573226562e+01 5.265079784502314908e+01 5.361506367352706093e+01 3.461671016738775108e+01 5.439064680848785827e+01 5.848052952991109521e+01 4.146924503885980329e+01 5.547095939707274681e+01 7.238947001970180395e+01 7.423916669462471418e+01 7.424902786153435841e+01 5.968442273605778325e+01 6.357513922048630661e+01 6.793030511957397266e+01 7.359944454590859664e+01
3.636043989899054907e+01 2.289207107936469754e+01 2.124624440450236307e+01 3.836588458562265913e+01 2.684249732608606465e+01 4.656124944971632118e+01 6.007038352284239835e+01 7.412377853667936733e+01 7.089648168292656294e+01 7.768175891420405321e+01 8.574264893356503592e+01 6.801986209848956833e+01 4.736514182073694457e+01 6.801986016307991179e+01 6.435745299368372230e+01 4.404265617019900958e+01 6.435744628650810739e+01 6.697540719241021634e+01 5.560967009788718229e+01 3.650100889456538766e+01 3.135113884171662946e+01 5.131382546207480999e+01 5.458799807294465722e+01 6.057439337805061541e+01 4.355237525871930870e+01 3.514844728521525496e+01 5.435371138112745371e+01 3.866836023865622707e+01 5.848052952992080833e+01 6.951422985160510848e+01 8.355750030608660950e+01 9.415647207026404431e+01 8.776819081211598927e+01 7.357647689232688037e+01 7.752094698931050232e+01 7.935333359857503410e+01 9.364375917774756886e+01
5.158719895343107709e+01 4.079590861722127215e+01 2.093134614608393562e+01 4.072919746313324652e+01 4.655718633195652245e+01 3.214841329210656795e+01 4.600777289674173431e+01 6.222602222731764243e+01 5.149429640154215093e+01 5.848109692227110656e+01 7.741815570318151174e+01 7.720500131766571883e+01 5.709252020412350959e+01 7.711847724846725782e+01 6.859514681836145655e+01 4.862846008727898806e+01 6.032425139161557581e+01 8.024756059314627521e+01 6.311765175034247477e+01 4.161708888425505393e+01 5.191834119823155902e+01 6.074304497745376352e+01 7.047519706182427512e+01 5.851132212618205841e+01 3.873657831716305822e+01 5.018830292630394752e+01 3.592804636619698044e+01 5.282379357523291219e+01 6.170920995120028607e+01 6.708625888263510717e+01 7.317127604879559044e+01 8.131341757861801511e+01 8.993359446263818313e+01 9.358235394412359653e+01 9.759770567304717304e+01 9.947388160477115093e+01 1.078702588633823183e+02
4.010950488537422132e+01 3.995507300233614956e+01 2.064361012429634457e+01 4.043526252688675271e+01 5.993183449234755500e+01 5.181388364852191586e+01 3.808934786042347298e+01 4.261622310022293192e+01 6.222628034179563628e+01 7.768175891420405321e+01 7.455805871578701272e+01 8.724567690093802241e+01 7.219283883762237508e+01 8.502838841286865090e+01 6.508518701957878250e+01 5.433289497086318676e+01 7.427682148740458956e+01 8.855857714209589915e+01 7.201161868102896335e+01 5.391871209236896334e+01 7.201161868102893493e+01 7.442993303584221110e+01 6.221565808931258346e+01 4.244127854009617806e+01 5.851132212617151396e+01 6.293870859438562348e+01 5.573681691541161598e+01 3.675328335915619249e+01 4.206835673373984719e+01 4.780743546966174762e+01 5.402720285575458092e+01 6.262176034914828193e+01 7.600977633812820500e+01 9.543747003504127235e+01 1.018017035853992525e+02 9.918419097698566134e+01 9.918425463777103346e+01
