LEM/sinusoidal_perturbations/elevation_000897.asc
nrows	100
cellsize	150.0
xllcorner	0
ncols	100
yllcorner	0
NODATA_value	-9999
[rows 17 to 33 of 100, columns 0 to 36 of 100]
5.222468517465790779e-03 5.552224502009320162e+00 1.132572880822384498e+01 1.799242934784155779e+01 3.802160383826305434e+01 5.268534173659038800e+01 4.131691759057675739e+01 3.311546808483724647e+01 1.538725497687602939e+01 3.596811366933656728e+01 4.746851327460800718e+01 6.135670387316964991e+01 7.048021566221854073e+01 8.033513036321086531e+01 7.142706051655267174e+01 7.426211401909316123e+01 8.314388853870062235e+01 8.179895135294557917e+01 6.228661324600837190e+01 6.798111524090502655e+01 6.827758786747342867e+01 5.683014453401197841e+01 3.797095591533661008e+01 2.472940419263457557e+01 2.737847075932904062e+01 3.592185365377852690e+01 5.615691703522626455e+01 6.107173753048048326e+01 4.140141071732413280e+01 2.971249700585678255e+01 3.117615954154612723e+01 1.468342298337399043e+01 1.737810789388879584e+01 3.234526222864538170e+01 4.716998076362290959e+01 6.729336461314814244e+01 6.822982097621286357e+01
7.333276091007126865e-03 2.000733327609065171e+01 3.133867790970112566e+01 3.802160383826305434e+01 4.631820146968624385e+01 3.854916773392431395e+01 2.441299373125830030e+01 1.227847872681321384e+01 3.311546808473137560e+01 2.868880060202928917e+01 4.275444986404016134e+01 6.235070035433066238e+01 7.003412165454157901e+01 6.105825400522434165e+01 4.940543513394737829e+01 5.227215421043045041e+01 7.426212298934103728e+01 8.007667856071445556e+01 6.075899029861668055e+01 4.889533118006039558e+01 6.798779024492702661e+01 6.592473485396781996e+01 5.194602183609291757e+01 3.931333627604279002e+01 2.051149844080723028e+01 3.858820847698626011e+01 5.535193962914305388e+01 4.966489637518222366e+01 5.394226085213387023e+01 4.958152883957484391e+01 3.420220442843634601e+01 1.373487489140265794e+01 2.061848511889929725e+01 4.099631675523553298e+01 6.007133521720841429e+01 7.009906207723955163e+01 7.194751385078433259e+01
6.343274376862209282e-03 1.878336181934751181e+01 3.795733572668742539e+01 4.576685564431851105e+01 3.541942859339573602e+01 2.757712368752529386e+01 9.431954422431241269e+00 2.289413391021965438e+01 3.240643249789326319e+01 4.849405874638136993e+01 5.662735632407432007e+01 6.186126738272830039e+01 5.287529275572570242e+01 3.903754148185804951e+01 3.653014246933555853e+01 5.871286917391239513e+01 6.988101353104774205e+01 6.185860245079711461e+01 6.075919910691032300e+01 4.199203121075208855e+01 6.075904672247808946e+01 6.381633051130670253e+01 5.032033783994889120e+01 3.099682283236306546e+01 1.781522363493471062e+01 3.300064105837326878e+01 3.667184083272098860e+01 3.385531032505515014e+01 4.582723219370080159e+01 4.017441473956534992e+01 3.195133476435792730e+01 1.280966118098211659e+01 3.325527317496080570e+01 3.157446320070783941e+01 4.173636742682386824e+01 6.186363259542374493e+01 6.362451119471868566e+01
3.497053469895897767e-03 1.966188278633668673e+01 2.124268039201130520e+01 3.275855415054707720e+01 2.493097776137765820e+01 6.971693905057890106e+00 2.757712368752521925e+01 3.776842373259147934e+01 4.914858956131445211e+01 6.006991973535099305e+01 5.504607351296788664e+01 4.606894145774337801e+01 3.109666498254790667e+01 2.642967651519422745e+01 4.834458970241258413e+01 6.347833963519285305e+01 6.185860245079711461e+01 4.305006656279613964e+01 4.855895918020105739e+01 3.676401262746897203e+01 5.534214349116975740e+01 5.540961455414178971e+01 3.526223006907997615e+01 3.866497824773968972e+01 3.194685324999196752e+01 1.401758539299391870e+01 2.245530713587525184e+01 3.372113976141491776e+01 2.964260098384904651e+01 3.063645879161052932e+01 1.155830825377014293e+01 3.138186930889449400e+01 2.379804693719417585e+01 4.411194405484592096e+01 6.007133521721264913e+01 7.009906207723015825e+01 6.029461881178096405e+01
9.635555453094322986e-03 8.531411603576309233e+00 2.110493260476125599e+01 2.230465968900799112e+01 4.785347763992690240e+00 2.492824102583538348e+01 2.544195722057995468e+01 3.328881203153223822e+01 4.478960871430989243e+01 5.504606732782878709e+01 4.259938676775773558e+01 2.455804941364061733e+01 1.882850641577608286e+01 4.030139614830829231e+01 5.605308416520088599e+01 4.595836722527844387e+01 5.095807131061841488e+01 4.309753487387937554e+01 3.003724566797063389e+01 4.855895918020105739e+01 6.331550818560005212e+01 5.619438847775233370e+01 3.871784391614348664e+01 1.897980005082454724e+01 2.054060287598942480e+01 1.150981676701045586e+01 2.668936823509057987e+01 2.819105262229119191e+01 1.009315025984808400e+01 1.039248785915954620e+01 1.137925682902296209e+01 3.912402912795218413e+01 4.410868234652134134e+01 3.820949076352616913e+01 5.836172684254902521e+01 6.606748853810614719e+01 4.618985917803156127e+01
8.845047570523793118e-03 1.103534146578122410e+01 5.282759104574951792e+00 2.594081563490395759e+00 2.148026992490205700e+01 2.202565805757882345e+01 2.678019572490692557e+00 1.504557137959965196e+01 3.591975980116699674e+01 4.606894143224798910e+01 2.455804941364059601e+01 1.255749195711866051e+01 3.364962213536890800e+01 4.929961118947143461e+01 5.051904653519668642e+01 3.274703229882702260e+01 3.808378039604254184e+01 2.433685040776750341e+01 4.309753487387937554e+01 5.646554004669092564e+01 4.955377878011219650e+01 4.126027566680335923e+01 2.611334290405054048e+01 1.123869470070463628e+01 8.731028708220128109e+00 9.045405339502380571e+00 9.357627507104067988e+00 9.665404654856519784e+00 2.043331577627781570e+01 2.409837306609323093e+01 1.083573774544210089e+01 2.589274547674287064e+01 4.757734083470936071e+01 5.836172684249094544e+01 6.666335594827013722e+01 6.777279429390236487e+01 5.957258264953701854e+01
8.023991185656003874e-03 2.993204509866213003e-01 5.906478126560664732e-01 8.821298313433556526e-01 1.177721440950237897e+00 1.473539305260257670e+00 1.769538242112839166e+00 1.768649234284165317e+01 3.095712074902359845e+01 3.344590545447874064e+01 2.460400016202413553e+01 8.839716101675719528e+00 2.978823470228849501e+01 4.641350060377653364e+01 4.103351028571582759e+01 3.350547669373165149e+01 1.890098633915143012e+01 3.808377987603686421e+01 5.095731256838205070e+01 5.189740357672480542e+01 3.788091471042584146e+01 2.128519484905741521e+01 1.927944248538551619e+01 8.280650239424662828e+00 2.708524135916202980e+01 2.902339795746356188e+01 2.545099843325981226e+01 3.081842708284992938e+01 1.991288029147541039e+01 3.107625923729663242e+01 1.114516101460248088e+01 2.769849948506403692e+01 4.873491994662953886e+01 5.720503938224565843e+01 6.504218866670488808e+01 5.941908575922698788e+01 4.030373858023207134e+01
4.598823041778624977e-03 2.000449310140152548e+01 1.079235336823471947e+01 1.086996204934915689e+01 1.076816805559981205e+01 2.035638610138534688e+01 2.106531280933810280e+01 2.188517068749344041e+00 2.239456076705081244e+01 2.345693422672587047e+01 4.010162989949415113e+00 2.089654553603495302e+01 3.416700580650096697e+01 2.861408297998004713e+01 2.913389576599490027e+01 1.370954135362461379e+01 3.346766574633471691e+01 3.958276444876293709e+01 4.147123355350653640e+01 3.741884918582010044e+01 2.370354260187158602e+01 7.562645396093161665e+00 7.824256600664464045e+00 2.673429368148211438e+01 1.897762081029697256e+01 3.891845590237215191e+01 4.973970880413300932e+01 4.805305011274036531e+01 3.868246424486938650e+01 3.104185299825501332e+01 1.145432456343533900e+01 2.690032775118636010e+01 3.979298732566459762e+01 3.585228821467293159e+01 4.345305631016650949e+01 3.843170640555530326e+01 4.459919703821665138e+01
7.340434288523949372e-03 1.993440560597020550e+01 2.647900769908412855e+01 2.509555158487890481e+01 2.296870632091699704e+01 2.719294784981449808e+01 2.325130627203986933e+01 4.104917719946970855e+00 2.607919162423611770e+00 2.904964731459062310e+00 3.202803800379649957e+00 2.078777838888895602e+01 2.634220441791254785e+01 2.735459249342951793e+01 8.406096894292511834e+00 2.401682833466763256e+01 2.539713612783745944e+01 2.112300402696434887e+01 9.675098136509722835e+00 1.954240592288592993e+01 2.350087350092267613e+01 2.716574985994996894e+01 7.498882620931163423e+00 2.760582978748312044e+01 3.905055886554958988e+01 3.319460278081451321e+01 5.320196847060213940e+01 4.295593211039793147e+01 2.359257698020366334e+01 1.385342490127624515e+01 1.176874712711935267e+01 3.000546459257947873e+01 2.213545897339044188e+01 3.521757090528144118e+01 1.922930698798556293e+01 2.000171472369603975e+01 3.426943063763972219e+01
3.515918393995972821e-03 2.000351591839364218e+01 3.235359731331892874e+01 4.062156292214060471e+01 3.996856516739315168e+01 4.137353811240085122e+01 2.927827891727804754e+01 1.182924954960222230e+01 7.689987695405121393e+00 2.193080761052085847e+01 2.292370047117121601e+01 3.625119238601326010e+00 1.806049525857843818e+01 1.829421982336565478e+01 4.786587669049064075e+00 5.100196690932492949e+00 5.418000382309932306e+00 5.739158069384560079e+00 6.062620129211339304e+00 6.387295964388975733e+00 6.711802386253772568e+00 7.038544917560004777e+00 9.872159159516948890e+00 2.303807133530124673e+01 4.314693866818588930e+01 5.320196847075070679e+01 6.149371644508282486e+01 4.295593211040690562e+01 4.212400700178784518e+01 3.396252462433501051e+01 2.352746470571345938e+01 1.222597420818540748e+01 2.058128419917407825e+01 2.524276447035697046e+01 1.349360873452895859e+01 1.383082572310329539e+01 1.417109614940330786e+01
4.608085242692564441e-03 6.034834967246065496e+00 1.235939001046943631e+01 2.649875535038712471e+01 4.643532844329042319e+01 4.573319723568318551e+01 2.596441209742165057e+01 3.100264707328048885e+01 2.671623714436000441e+01 1.524345380764343005e+01 2.699705960209869460e+01 6.487484030772718846e+00 4.048936697293008535e+00 4.350654299304757444e+00 7.574054345200250005e+00 1.165478206527030558e+01 2.271260246937685068e+01 2.481240613293458352e+01 1.729674162933390491e+01 2.637984348921741073e+01 2.618963229542243809e+01 7.287440974251836678e+00 9.258770967084309689e+00 2.938415105251498360e+01 4.007000287715786158e+01 4.854234221276730921e+01 5.684751062876635785e+01 6.266267097377614448e+01 5.354945703235215149e+01 3.373556880764496668e+01 1.962314758409394244e+01 2.824084424662404658e+01 1.269041861852978315e+01 1.302072962267541278e+01 3.302601207235151293e+01 3.526399708240200681e+01 3.441621645632560700e+01
1.610643649003322799e-03 2.000161064364864671e+01 3.235359731331892874e+01 2.650058063381936080e+01 4.648402962145552664e+01 5.442761647296198646e+01 4.556174015488237217e+01 3.596077300880810412e+01 2.319615338316996755e+01 3.389190237319233745e+01 2.783499408075495651e+01 2.666097359053055271e+01 8.299952336204304615e+00 2.569983408983049245e+01 6.554934448123520774e+00 1.908288142127248932e+01 2.014298853931676447e+01 2.810216463114178254e+01 3.310182575408298078e+01 4.400846760095730303e+01 2.605291322058119619e+01 2.840418646155243465e+01 2.938396808870033183e+01 1.158322513850417579e+01 3.174661202724250231e+01 2.841241869382781360e+01 4.854234119312074824e+01 6.236217990409468115e+01 4.238532539133380794e+01 2.822203831623789583e+01 3.956586230694300355e+01 4.177239199714222195e+01 2.457027922516981278e+01 3.425940742191104249e+01 1.900156641964127857e+01 3.988820585533817820e+01 5.228359829957952343e+01
2.022278438842990342e-03 2.000202227843848846e+01 3.983791881898531528e+01 4.648402962358925095e+01 5.474255543678367530e+01 6.053838834251887846e+01 5.934418457413029557e+01 4.686406424640293267e+01 2.952194056996345140e+01 4.685995344934560336e+01 4.859468393535546937e+01 3.587349611184755815e+01 1.494816994489200823e+01 1.009704430237763262e+01 3.095805620548359016e+01 3.671112633809191550e+01 3.709800954178309240e+01 3.549463425015049012e+01 4.178602364748942932e+01 5.407028506205897145e+01 4.751433214377570380e+01 3.866813560068139566e+01 1.848858939272619750e+01 3.174661202724250231e+01 1.408092887509110369e+01 3.430831314003417276e+01 3.696910757458579155e+01 5.707175941157287014e+01 5.553826235596218908e+01 3.534102020238279351e+01 5.553826235596218908e+01 5.627835943999954083e+01 4.271157570288609406e+01 4.815678781603262593e+01 4.028132529957258612e+01 2.572172198737492721e+01 4.649438859003004865e+01
6.642187732006160465e-03 1.155364757152442046e+01 3.155364757152406341e+01 4.150959813951195088e+01 4.977982672763405958e+01 4.053934565957157332e+01 5.462322074084428891e+01 5.406041045679933887e+01 3.848750351470330600e+01 5.406041680241813907e+01 5.115579286975066253e+01 2.998912674677821499e+01 3.618788886143086359e+01 3.149485534575550361e+01 1.436968451515951450e+01 3.583061901186880505e+01 4.938052112271742544e+01 5.366205428735594296e+01 5.764832895318902217e+01 5.786148637006090922e+01 3.778989512168775633e+01 2.615217686923451623e+01 3.866813560068139566e+01 3.430833588899938036e+01 3.430833588899938036e+01 1.673189371318384033e+01 3.107588333495953137e+01 5.119662315998091628e+01 6.388699213076928629e+01 4.739908616270591324e+01 6.388699213076920813e+01 7.371663826773142603e+01 6.592605953087574733e+01 5.314357127956713356e+01 3.340522881569712865e+01 4.649447782313067279e+01 5.443418671275910725e+01
1.591255364720534126e-03 2.000159125536436378e+01 2.653711831765170714e+01 2.151550305752723347e+01 3.374414533891115298e+01 2.639727735967800371e+01 4.639274598169013331e+01 6.241785456333826687e+01 5.530669620219176608e+01 6.281450179297508640e+01 5.954140370014093975e+01 5.115579287576878187e+01 4.454028333300028919e+01 2.319456117369912818e+01 3.566980248048999158e+01 1.945201712561744856e+01 3.194400916016250846e+01 4.692438607112411830e+01 6.706672414605158394e+01 6.615837013055724469e+01 4.627314775974856076e+01 3.329027871126974958e+01 5.337371462006625933e+01 5.441793603731233731e+01 3.889133924682022325e+01 1.866733390427796735e+01 3.038558770626931249e+01 4.463072204293442979e+01 6.470523899616522101e+01 6.871060073969412940e+01 7.575241616972604675e+01 6.335203896206305529e+01 5.110705300317609101e+01 4.178361475307195150e+01 5.314357127956713356e+01 6.084393668629497398e+01 5.384691771610733468e+01
6.189296070378335485e-03 3.250617718685622659e+00 6.538597464792672120e+00 9.968569167640106699e+00 1.374821389763701163e+01 3.365632186946913862e+01 4.512881022728993230e+01 5.149065264377587425e+01 5.861951722547418342e+01 6.701294872778670708e+01 7.022562609048560489e+01 4.979342016133454507e+01 3.477463197966851283e+01 3.568924691537726801e+01 4.676909382776104707e+01 2.545194826262303778e+01 2.667474158048929311e+01 4.191383825221794979e+01 6.262493103277053308e+01 7.462423413522303406e+01 6.167255870317899991e+01 4.334585491111278088e+01 6.167255870316922994e+01 5.247397876132813366e+01 3.235191293391409317e+01 2.065370919121804860e+01 3.876633488629378377e+01 5.261856122924240964e+01 6.246199899108840015e+01 7.309340873855633447e+01 8.520117647686096518e+01 7.501793786453386303e+01 6.664165317072583150e+01 4.889302816228105542e+01 6.492147137483451047e+01 5.660092307284246971e+01 4.559853212185773685e+01
2.247884206357958405e-03 2.000224788420600319e+01 2.653711831706952040e+01 2.410994613445306456e+01 3.374414533884925760e+01 2.023707038660635504e+01 2.523706926044244625e+01 3.156161765264766927e+01 3.863276591206263788e+01 5.018843475293467549e+01 7.030347277994964372e+01 6.410600609865144861e+01 4.710585473090301178e+01 5.067635228310287943e+01 5.317525760902978504e+01 3.203996310814631698e+01 4.797997688185803611e+01 3.491534956813636370e+01 4.995042310206021341e+01 7.032628168516855283e+01 7.169576583278150395e+01 6.340157432901980883e+01 7.169576583239394552e+01 6.078026126936675411e+01 4.578935570429064228e+01 3.412780263178484574e+01 2.354638704202942279e+01 3.014940021303098661e+01 3.996545680555106372e+01 5.664218717122649593e+01 8.241914068952750938e+01 7.549673885207754154e+01 6.113982822153161578e+01 6.664165317072583150e+01 5.859082851956943472e+01 4.007667366706395740e+01 2.936437184795144262e+01
