LEM/sinusoidal_perturbations/elevation_000485.asc
nrows	100
cellsize	150.0
xllcorner	0
ncols	100
yllcorner	0
NODATA_value	-9999
[rows 17 to 33 of 100, columns 0 to 36 of 100]
5.222468517465790779e-03 1.000522827667695225e+01 2.414812400444393603e+01 4.416627635589857448e+01 5.187762467612080997e+01 4.240294324833921991e+01 4.127870241460195189e+01 3.740110848124371046e+01 4.069263061771893319e+01 4.901372194808163840e+01 5.764364136378193137e+01 6.707253700167615307e+01 7.808310424288669083e+01 6.686353685481769560e+01 4.707787388660448613e+01 6.686353685481769560e+01 7.318518871712947771e+01 7.445965427990684304e+01 5.475518908728648171e+01 4.074469034932083389e+01 3.064428864562376020e+01 4.662573561347039686e+01 4.594859938392525578e+01 3.050543684665540312e+01 4.035723921087363664e+01 5.382036912386769245e+01 7.188820917804095245e+01 8.403434154551462143e+01 9.020032283535230988e+01 7.781165441715302222e+01 6.734289762810149682e+01 5.726993109942188909e+01 3.271296981530050374e+01 4.582908759076426719e+01 2.778835525643542326e+01 4.757582231328722600e+01 5.627648409271287733e+01
7.333276091007126865e-03 2.000733327609065171e+01 3.828413936596082578e+01 4.550673602017288744e+01 3.394988938067695727e+01 1.586945752151029865e+01 1.762463714355137867e+01 1.927527528221416375e+01 2.302575524207280111e+01 3.901733204513643472e+01 3.659844880471806050e+01 5.404425697349075364e+01 6.980458776546420552e+01 4.994580761519463863e+01 4.001456165392296072e+01 5.986824862727014107e+01 5.330524735520899071e+01 6.739356225078974205e+01 6.873735897500441183e+01 5.881669208338001908e+01 4.661698309596479817e+01 2.670809209157464181e+01 2.599963166065759879e+01 4.573847088451586274e+01 5.685492163715560565e+01 6.766804561130804530e+01 8.370093340790609204e+01 8.526280984792140316e+01 8.899316930959248850e+01 6.525079443030769255e+01 4.780326867319644890e+01 3.848767410997783145e+01 3.210865170730442486e+01 2.600189897522352567e+01 4.563300048415604948e+01 4.911300130263860808e+01 3.665847947094641057e+01
6.343274376862209282e-03 1.998972516269561339e+01 3.858685036666678769e+01 2.511453659868833554e+01 2.225006308568199032e+01 2.329024429424365827e+00 2.012229150909686570e+00 1.917923316852299465e+01 1.257821072115133809e+01 3.061393486957991428e+01 2.527201050922807113e+01 4.454248229122486435e+01 5.481052589885509008e+01 5.354978544088636028e+01 3.355047082102868927e+01 4.650637396410080981e+01 3.917147963466426575e+01 5.912793283232248598e+01 6.955159652762073108e+01 6.144120212203061726e+01 5.482827414901817065e+01 4.284518937487649737e+01 2.318345111097039535e+01 3.041645890583564338e+01 4.284888263481342108e+01 6.181984424083856311e+01 8.235750795097737864e+01 6.872223518222529037e+01 8.223496956586807016e+01 7.949370038117130832e+01 6.767739717051931336e+01 5.861745375743044661e+01 4.553871077466824602e+01 2.475329561701404657e+01 4.073326710896308356e+01 2.941222444790614432e+01 4.911300213393282377e+01
3.497053469895897767e-03 1.959695230099370633e+01 2.078100729593073837e+01 1.089476757852432343e+01 2.119777931114555969e+01 1.598434850632386883e+00 2.040579149248781832e+01 2.425729974532819355e+00 4.912805097421817813e+00 2.392146580523069588e+01 1.656576169470680071e+01 2.629566245008729197e+01 4.604456853528026272e+01 6.183795696807075615e+01 4.650637396410080981e+01 2.635919092437359978e+01 4.066361495835003836e+01 6.061082922744994050e+01 5.896582761765223069e+01 4.287748347320007980e+01 4.738601913369539886e+01 4.088861766552130916e+01 2.164474497899955097e+01 4.088861706608216195e+01 4.952429786106212362e+01 6.974305164432391280e+01 7.483422585414824368e+01 5.661050462287145280e+01 7.483422585414824368e+01 8.692239396241976124e+01 7.833086383296489430e+01 7.017918123926183682e+01 5.391427796463121780e+01 4.228739799696262480e+01 2.284383235257443090e+01 4.298677955034358433e+01 4.911300192479586002e+01
9.635555453094322986e-03 3.027722274774241051e-01 5.959403907917437682e-01 8.892030889061712795e-01 1.182713954359478237e+00 2.048204333831681367e+01 2.752707511137599639e+01 1.954053982052234417e+01 2.841623384253834317e+00 8.171663594451542778e+00 2.202526501270024184e+01 4.133774564796259909e+01 5.362035061254321278e+01 5.670133555446697926e+01 3.669634955721114267e+01 2.293508473527565883e+01 4.255567574962585553e+01 4.775577309058255082e+01 3.562148758518785030e+01 4.606150351251879727e+01 2.870179768351285432e+01 3.650042608028756064e+01 2.032046437788832449e+01 3.322485330421440608e+01 5.300839000708612758e+01 6.818453927916736745e+01 6.019396366562390455e+01 4.933342665598483023e+01 6.011747535386421504e+01 7.895679265334645436e+01 7.017918731394949816e+01 5.014676849106827916e+01 5.601382730268979060e+01 4.183457955568675146e+01 2.130905011194186116e+01 3.189148909827693146e+01 4.594154247978471517e+01
8.845047570523793118e-03 1.738115225523145924e+01 1.915691236726509317e+01 2.027799773184507615e+01 2.246164406962178006e+00 2.197306138875750037e+01 3.268953495676669974e+01 1.832230854442853030e+01 3.136928267808934301e+00 2.198108683537921593e+01 1.827836710671839526e+01 3.230415871602704669e+01 5.214516124439590783e+01 5.046330771454389463e+01 3.056303671283711765e+01 2.059577235410600693e+01 3.458113562625405990e+01 1.945643398329934826e+01 2.172949886861223590e+01 3.741509125246183487e+01 3.442010892014675250e+01 1.869410809207725066e+01 2.109189445009685926e+01 3.952994128582442812e+01 4.900146436717005827e+01 5.340236323505701677e+01 4.093101587426498611e+01 6.014018558547105897e+01 7.004007191890171669e+01 6.207538807632990085e+01 6.978415865396118534e+01 5.595455042120088507e+01 3.599248225458427441e+01 4.066898616576601455e+01 1.960701388672758938e+01 4.067190573942438903e+01 6.006402755731883758e+01
8.023991185656003874e-03 1.088037016421997905e+01 2.726051779201937819e+01 2.634815662702832029e+01 1.036800901613713144e+01 2.998411322863963591e+01 3.001991397363059022e+01 3.555249797149296231e+00 9.050434512321498204e+00 7.657216736301239557e+00 2.902420559278962031e+01 3.811558455619657337e+01 5.788271020515500709e+01 5.873587825099069448e+01 4.723414117000167067e+01 3.458113562625399595e+01 1.844790599947700471e+01 1.987813289080970947e+01 1.942975046299439867e+01 3.119400891803786635e+01 1.737161777120170214e+01 3.442010891843736431e+01 3.952932214993673909e+01 2.547555291101851793e+01 2.922417116372282564e+01 3.368620743891972324e+01 5.340236322552785708e+01 6.758232126075324686e+01 6.007747868667728142e+01 4.193268497053215782e+01 5.987358473010755233e+01 5.874534891594372965e+01 4.530414330771832709e+01 2.483569595719968603e+01 1.785696714228505044e+01 3.935033675898399252e+01 5.690574679420137016e+01
4.598823041778624977e-03 1.827365991101595100e+01 3.080660789946248102e+01 3.746407444334821690e+01 2.341744146557028827e+01 3.681685296314123690e+01 2.719533628320770546e+01 3.850895064810331725e+00 1.636904740093305577e+01 1.195310832531033363e+01 3.073830407550902777e+01 4.659117216851461762e+01 5.670748908830871926e+01 5.513199446642577328e+01 3.934905868777460114e+01 3.310667562108287854e+01 1.709634153307183269e+01 2.056857423440010990e+01 3.151927159724239047e+01 1.588294721295187628e+01 2.026699010572194837e+01 3.631629255330842909e+01 5.310559181840505971e+01 4.486116581357326538e+01 4.899364287374195470e+01 5.146022388202613485e+01 5.208514632320748916e+01 4.309592464357532293e+01 4.946690433787515673e+01 2.955190051732767742e+01 4.044416816353604105e+01 4.733538998890858096e+01 3.236676354444159642e+01 1.589664839692426845e+01 1.623923030304695558e+01 3.114332515128052847e+01 4.404608595315725950e+01
7.340434288523949372e-03 1.484143604164378516e+01 3.666017233248842189e+01 5.014143628367956751e+01 4.601425430545755546e+01 4.448736210766221433e+01 2.665207839227974773e+01 4.146461307845443756e+00 2.036228213896330885e+01 2.531985542087985763e+01 2.033308033985084151e+01 2.897869160594853000e+01 4.836786672790677954e+01 5.010548418476609100e+01 3.490372582046769168e+01 2.500738879517096080e+01 2.725403099726662859e+01 1.453363688406821375e+01 1.411568493300598526e+01 3.042592365521891296e+01 1.946156230643101992e+01 3.031387782265160880e+01 4.875632285624461559e+01 4.668782421073029809e+01 4.159589849476848400e+01 3.939259485088523149e+01 1.285309188931772084e+01 1.326481410657148352e+01 3.703762078470299457e+01 1.448697290876239485e+01 1.440227307718898153e+01 3.609893759855552986e+01 3.710305931051281192e+01 1.572121055639777865e+01 3.719279416456642195e+01 1.687397922665029526e+01 2.406608082663580461e+01
3.515918393995972821e-03 1.414565521771317869e+01 3.414624633109451679e+01 4.598324474905370352e+01 5.674304613787728613e+01 3.214492978472787854e+01 1.222166570040738343e+01 1.360661220744579047e+01 4.564550083333275055e+00 1.790399203417861074e+01 3.490139045467567769e+01 4.683036823782985181e+01 5.670292338191229931e+01 4.919539360244470316e+01 3.227107029613129185e+01 3.381450459009105458e+01 2.602461347909067513e+01 1.205987253050701469e+01 3.282543276218797246e+01 3.304055332707075365e+01 2.105797190373018779e+01 2.068371205680724145e+01 3.706166503481082231e+01 2.910692257240331315e+01 1.208922914467298959e+01 1.240605158576680189e+01 1.704971182710386657e+01 1.323869740447649690e+01 1.359207412605777776e+01 1.393977297772689639e+01 2.249713348556479531e+01 1.487497630865042098e+01 1.521613539421137595e+01 3.679367328494436151e+01 4.300926144166167120e+01 2.413837075786251418e+01 1.755373569519843002e+01
4.608085242692564441e-03 8.621355944780404457e+00 1.784100126929323338e+01 3.000462705973881938e+01 4.983445969223283356e+01 4.202622941384922228e+01 2.708634975994369398e+01 1.561558693672026976e+01 4.860176444241867344e+00 1.341182926677379150e+01 2.251186358143548105e+01 3.347551084921563813e+01 5.385096411699991847e+01 5.636954270981630088e+01 3.540764589972951626e+01 1.872036750019147533e+01 2.263771708874054056e+01 1.071650547360566108e+01 3.241542643723008865e+01 1.880037843735698289e+01 2.323233120485313563e+01 3.436262765971937228e+01 2.131315949884248084e+01 1.164049983759546336e+01 1.689764611258818405e+01 2.054562284273977113e+01 2.982514391550334309e+01 3.341800374517482908e+01 1.585764822904775073e+01 3.488106026951003713e+01 3.780844466945769966e+01 3.653805488597845397e+01 1.501686567488004975e+01 3.986120550297294329e+01 4.607454477783974767e+01 3.518442736401983950e+01 1.962537309470498670e+01
1.610643649003322799e-03 2.000161062595961070e+01 3.463356117485599128e+01 4.293360822502685892e+01 5.450727771761707174e+01 5.146670928938807776e+01 3.303301034286407400e+01 2.520999359384801153e+01 5.156129771823150243e+00 1.453513246454072672e+01 2.488192273437665136e+01 4.512722810875649060e+01 6.217899406634734305e+01 5.224986012275986980e+01 3.383611751048766791e+01 2.577008873368868436e+01 1.075419173847363297e+01 9.370491873593675081e+00 9.680561525914459509e+00 1.332822174218584621e+01 2.534750429892507384e+01 3.255553939040999012e+01 1.119233011234036468e+01 3.317404808533607508e+01 2.030727288640580142e+01 3.421567938627686090e+01 2.973882148274086745e+01 3.711365811374280099e+01 3.722763737643583681e+01 1.954302368359634556e+01 3.999684231859127692e+01 4.843436545657442593e+01 3.545721210450766137e+01 4.891401356323326866e+01 3.864378934295755386e+01 2.225874614008143837e+01 4.110576297516322342e+01
2.022278438842990342e-03 7.073090090335139024e+00 1.463237955388309430e+01 2.617939626163686739e+01 4.618612013362041324e+01 4.513643239696848752e+01 3.467742959881227449e+01 2.405151777244402922e+01 5.452540499080996028e+00 1.813556985988234160e+01 3.669257609336492010e+01 5.274597138795422779e+01 4.815798488539742550e+01 5.152372314129117115e+01 3.958864558517786492e+01 2.119452346378957230e+01 8.941146872936965195e+00 2.869283920305828772e+01 3.741184306918971458e+01 1.011960297201486370e+01 1.043055465579293362e+01 1.074566932521882379e+01 3.268520506975824702e+01 3.823617726559992747e+01 4.176054930776236773e+01 4.552447245914407858e+01 3.562584470256692271e+01 5.003711066740532942e+01 4.201510647325466863e+01 2.214728844788876572e+01 4.201358896319389657e+01 5.271449493217505022e+01 5.884853077788476838e+01 6.048036763344490652e+01 4.025965386936573509e+01 2.388654645031812862e+01 3.806017320053002351e+01
6.642187732006160465e-03 1.414877781146308067e+01 3.414877781203222185e+01 4.293303710806235785e+01 5.101531447130216179e+01 3.103744879469662976e+01 1.678192976281109949e+01 6.799388047336600849e+00 5.749614435120092182e+00 2.569727987367081212e+01 3.125041807300789287e+01 3.642059410858699664e+01 2.758928052347272697e+01 2.657605890749593414e+01 3.232450645464788153e+01 2.797783854000331871e+01 8.632045774372402391e+00 1.679366731445677274e+01 3.665079443295422834e+01 3.836239929194153575e+01 3.247772932547714930e+01 1.124170359736845626e+01 1.376805267764899376e+01 1.643028373640681394e+01 3.824219894115671536e+01 4.969467305202423546e+01 4.662752873379899654e+01 6.029674861689930765e+01 4.993383369896582025e+01 4.201602588468887944e+01 2.543135855088885577e+01 3.886319325621948195e+01 5.710413516701357395e+01 6.376261119063593696e+01 4.514646851718334375e+01 2.534103798348777303e+01 4.514646846895263366e+01
1.591255364720534126e-03 1.154859663347687437e+01 2.569073084051636613e+01 4.569044163646430690e+01 5.365200057558644886e+01 3.369211456185110620e+01 1.945414565586026967e+01 2.683588268971381297e+01 1.492418433988232707e+01 6.171117693084559264e+00 2.603377581457947443e+01 1.968522681532482110e+01 7.298183630573030989e+00 7.581613363928247473e+00 7.876114911952978304e+00 8.187038870978327054e+00 8.254773421194908423e+00 3.034844773171148447e+01 3.089398423736000865e+01 5.054926145285486427e+01 4.704809711485859935e+01 2.653067195382701726e+01 2.990404448311019436e+01 3.824735544839788304e+01 2.033727190933877793e+01 3.567764703765618606e+01 5.581936047963549896e+01 7.351182130302225914e+01 6.042399908514983764e+01 4.127323711104065040e+01 2.755258380221203751e+01 4.635141725534920454e+01 5.832582255674256544e+01 5.581078917061402223e+01 3.661778550122952680e+01 2.671091831414469553e+01 4.636689571294893852e+01
6.189296070378335485e-03 2.000618929607002272e+01 3.584580859188594815e+01 4.479008050196238599e+01 5.633708588574176446e+01 4.778403482330620733e+01 3.953822982352900794e+01 3.627755227941371174e+01 1.623177333158620783e+01 7.433507360381948814e+00 6.592775775216733081e+00 6.890021637885996419e+00 7.705175094122783008e+00 9.237673973667789085e+00 1.746543903054503133e+01 2.290331072199662898e+01 3.034664145429010063e+01 3.900524248921512793e+01 5.054926065484907127e+01 5.850460160804141196e+01 5.602068965059739014e+01 3.909576333741396326e+01 5.049948392522485108e+01 4.385184203006661363e+01 2.314242744329079216e+01 3.544492665882390980e+01 4.961563997570728191e+01 6.956586929934672980e+01 6.461128084437861219e+01 4.646553245684465594e+01 3.615986555761405441e+01 3.052309163996143582e+01 5.091717052371385677e+01 6.376261300372010510e+01 5.426988712440326168e+01 4.647302870197587765e+01 2.865015757639960725e+01
2.247884206357958405e-03 7.561537344390934834e+00 1.650580925439025037e+01 2.805281463818296928e+01 4.805281463818367627e+01 6.422465769657848966e+01 5.264740106279329268e+01 3.259852956026733750e+01 3.364605809954908011e+01 1.360071723013259160e+01 2.438006746062255203e+01 1.348364173738956850e+01 1.192963405179635572e+01 2.723049640453435671e+01 1.193946959807860253e+01 2.965884257822194314e+01 3.634022646745880536e+01 3.238889799645200895e+01 4.770156389356059634e+01 6.910918720723213937e+01 6.772627535628564033e+01 5.939638078143743627e+01 6.024352446197393363e+01 4.043036179179461698e+01 2.590216080041144409e+01 4.623350266629621785e+01 5.791006111286204572e+01 6.930514760188971479e+01 6.590343568284698961e+01 4.929051046980811179e+01 5.186729453462971406e+01 3.266391310612736731e+01 4.417029572777590118e+01 6.317144371901491695e+01 6.086123410989479510e+01 4.144322892727470276e+01 3.005102572116620152e+01
