LEM/sinusoidal_perturbations/elevation_000969.asc
nrows	100
cellsize	150.0
xllcorner	0
ncols	100
yllcorner	0
NODATA_value	-9999
[rows 68 to 84 of 100, columns 37 to 73 of 100]
8.342804779527301662e+01 6.398386625357039748e+01 8.342804779527301662e+01 1.009753550385967316e+02 8.531699192237491047e+01 6.564236669950770420e+01 6.549489041005291767e+01 5.890497011051601106e+01 4.147772873423284778e+01 6.075564736703152136e+01 7.142352401430858322e+01 7.653078918879026560e+01 8.227594428809088356e+01 8.896559023520512710e+01 9.702440726886909772e+01 1.066947949377451437e+02 9.399380303582510976e+01 7.550293313527214423e+01 8.411001732849938151e+01 7.978603474853287025e+01 7.572952265553543327e+01 7.082861812828957682e+01 5.145690481631419999e+01 7.113352055990738165e+01 8.664588942419703699e+01 6.703595087860186652e+01 6.703595087860186652e+01 7.324660544775434801e+01 6.513006498320589799e+01 4.828885456062869252e+01 5.887646315441331524e+01 7.833311193463829625e+01 9.468242870234135466e+01 9.765147779029847186e+01 8.936044567712951903e+01 8.343765458917890498e+01 1.036593282534751950e+02
7.655349148389281311e+01 5.719195866452323429e+01 7.655349148389281311e+01 8.709658803583656095e+01 7.321782103307639034e+01 6.564236668817508757e+01 4.745266830958180293e+01 3.960425633139302448e+01 5.876258409834052543e+01 4.758130331195223306e+01 6.684544732129748468e+01 7.906031254696455335e+01 8.593954194141795710e+01 9.411866598330908573e+01 1.039409958036651744e+02 1.041793089784898996e+02 8.570287280718693523e+01 7.258238791530759215e+01 6.526221422879514478e+01 6.075934111425902984e+01 5.659382124010684123e+01 5.264700489843301767e+01 4.933207365818425671e+01 6.933255140799620619e+01 8.602222625937352518e+01 7.277956889995527945e+01 5.361773640347499281e+01 6.319865265171514324e+01 4.643426652385831233e+01 6.512954641313055504e+01 7.524358984355313851e+01 8.653539383389849604e+01 1.009092622640478396e+02 8.936044567694263208e+01 6.918353317054290130e+01 8.936044567693909357e+01 1.022044411006923923e+02
6.594998214777966439e+01 5.141097414353702533e+01 7.071576969043827887e+01 7.735818014499042761e+01 5.955221100552504510e+01 7.386617053503751151e+01 5.761880409790543922e+01 3.829934795837446160e+01 5.761974211792220046e+01 6.684544732128978239e+01 5.415981106662142253e+01 5.968850872860672041e+01 6.648214292479441667e+01 7.615925171156648332e+01 9.571983217126940247e+01 1.041793089784899138e+02 8.570287280718693523e+01 8.411001732849939572e+01 8.411001732849939572e+01 7.978603474853287025e+01 7.328751420546632289e+01 5.402025609202883061e+01 4.724636797762607188e+01 5.838847761950101045e+01 7.213420339850014784e+01 6.888609308088391003e+01 6.132920231454386339e+01 4.455573801967258163e+01 6.319865265171514324e+01 7.324655577172586618e+01 8.034247618551519565e+01 8.822061951949315528e+01 8.057907674463605474e+01 8.263480817414375679e+01 6.256333819239073790e+01 8.263480817417399749e+01 8.186459573114133548e+01
4.666292848970856255e+01 4.607686915174747355e+01 6.536158375906705942e+01 6.924690496496396008e+01 4.993172394924400948e+01 5.892250643291471590e+01 5.457341208461898674e+01 3.699842836590214290e+01 5.634301453645238666e+01 7.408831856644025038e+01 7.346815447235580621e+01 6.989180354813433382e+01 7.906031254696455335e+01 9.411866598330908573e+01 1.039409958036651744e+02 1.121489235652230292e+02 1.041793089784899138e+02 1.027118139620912984e+02 9.916323202219825816e+01 7.983539412506671340e+01 6.627087882773946603e+01 7.333710791923768113e+01 6.410307147288963847e+01 4.477132431900385257e+01 6.162826290688010289e+01 5.955614671168291352e+01 4.268497669873509182e+01 6.040106304410132054e+01 6.983271477369059710e+01 7.695056976382669234e+01 6.078192436809036536e+01 7.006771704352996721e+01 6.639525051592586635e+01 7.684061337775629852e+01 5.689389232477725500e+01 6.930181458218675061e+01 7.759651178028916263e+01
6.038229019649701002e+01 4.107573425353803742e+01 5.616925429090134969e+01 6.423091326223702424e+01 5.892250643291409062e+01 3.959760275245672290e+01 3.519166609165556281e+01 5.457204772105058765e+01 4.669457690518602533e+01 5.780473515291166109e+01 7.717485409900628213e+01 8.938109122627201941e+01 9.757436149019473248e+01 1.068834991155353862e+02 1.107791831720197422e+02 1.024262394765590614e+02 9.944187254879068405e+01 9.107922144662212816e+01 9.944187254879068405e+01 9.361357806622996236e+01 8.549638677946227006e+01 8.362866744414233722e+01 6.410307152332146075e+01 6.163773673436975287e+01 4.235583789595626314e+01 5.921767928976658624e+01 4.957698546525868011e+01 4.079291339692479568e+01 6.373815376037646274e+01 5.959183454450298711e+01 4.956516316793420174e+01 5.035242413947690920e+01 6.207269202257322149e+01 6.288903775458304324e+01 6.369019558848968643e+01 4.958477206036986473e+01 6.538145846382815307e+01
6.845573984828220659e+01 5.616925429090134969e+01 3.680703912717790871e+01 5.217365787215803863e+01 5.110786192083911317e+01 3.338771007947945435e+01 4.079369662386228157e+01 6.011368890750148353e+01 6.030998420024027951e+01 7.408831856979664110e+01 8.532232936426387937e+01 8.936115404868000667e+01 8.936115404868003509e+01 9.755057876594922561e+01 1.024262394765590614e+02 8.218552405656598125e+01 8.811389234701479722e+01 7.084373623949151977e+01 8.469094154880595227e+01 9.300827570306110204e+01 9.566105638017211277e+01 7.570871559562168329e+01 7.570871547726987671e+01 6.971879041914749564e+01 5.921674014466429270e+01 3.994257908070522234e+01 3.887825282843264318e+01 5.768217682286092440e+01 5.852646191486363847e+01 4.025051800471139529e+01 4.104778605856415652e+01 4.184188726172406803e+01 4.263440856713820892e+01 4.342592035001260342e+01 4.421502025424303639e+01 4.501150543809559679e+01 4.581995525467539210e+01
7.032341582466968077e+01 6.405103796034786967e+01 5.215313670638381183e+01 3.272820216891611977e+01 3.163600123762553906e+01 5.110786192084403723e+01 6.011375058783831093e+01 5.444522408402551861e+01 7.379878415201456221e+01 8.786559196647765191e+01 8.394078524938132091e+01 7.033099173300415430e+01 7.033099173300415430e+01 8.936115404868003509e+01 9.359907931394019442e+01 8.811389234701479722e+01 6.788487741981592194e+01 6.081493938615899708e+01 6.453224812573388647e+01 8.139980371271742854e+01 8.979123385571979554e+01 6.987554560483543753e+01 5.598631381025021625e+01 6.429931361533867573e+01 6.276450440590457447e+01 5.497275187643757732e+01 3.750275090048663884e+01 3.830952017938807330e+01 3.911341082948240455e+01 5.828307166597920741e+01 6.049572689474712917e+01 5.544218282757616123e+01 5.114444729375918541e+01 6.288915208368680254e+01 4.945015104292509278e+01 6.455512945294697147e+01 6.539077002214304457e+01
5.088657882238348407e+01 5.438726393207269183e+01 4.843784162512288560e+01 2.988827302975388633e+01 4.942261130913419009e+01 4.544135881198671711e+01 5.910383866749234016e+01 7.379878415201456221e+01 8.193096625302509040e+01 8.870042977587846167e+01 6.966492302406545889e+01 5.718517461582650441e+01 7.590479722818484731e+01 8.762571567317283439e+01 7.345792787919498323e+01 8.762571567317283439e+01 8.811389234701479722e+01 7.305917926432353227e+01 5.302501797020730123e+01 6.655923903182595325e+01 7.490679959796757714e+01 7.645008897761594824e+01 6.432198224481632565e+01 4.482115072620388219e+01 5.512534457064965210e+01 3.658539975393339461e+01 5.601395370655336592e+01 5.774239315682984142e+01 4.364628699253226074e+01 4.734362094469636162e+01 6.717976837519594824e+01 7.531667269570986889e+01 6.088486808207706247e+01 7.492728013321676883e+01 5.500065075768667100e+01 7.492753181649868566e+01 7.261257952989434727e+01
4.963446437840263314e+01 3.495389511972246055e+01 4.679372656779386830e+01 2.873812797133135533e+01 4.014145943937227656e+01 5.952058842351890888e+01 7.286263256797579402e+01 8.662142646847934202e+01 8.392256415108656142e+01 7.588475595497318693e+01 6.966492302406545889e+01 5.105625308226653658e+01 6.966492302406545889e+01 7.874266746881849599e+01 5.936318643160671371e+01 7.874266746881849599e+01 8.860103391755569646e+01 8.053750919967521327e+01 6.064637826217221317e+01 4.660671029599286896e+01 6.091948802185802947e+01 5.922622110655607486e+01 6.241699651096401169e+01 5.424656213145001971e+01 3.567234878714972979e+01 4.103548171701613967e+01 6.013444512931548047e+01 7.510772664742927418e+01 6.892940832286022612e+01 6.721115181657022219e+01 5.784643669867014637e+01 7.795021301151918180e+01 7.237015320702674614e+01 8.162919934526445331e+01 6.153040783665660740e+01 8.162988493252798605e+01 8.101354536767267689e+01
2.997250510538545143e+01 2.590132835506587483e+01 2.709379542665586627e+01 4.647757299594945124e+01 5.622037600769397159e+01 6.763775485077015048e+01 7.527222588495408218e+01 8.104287351901881209e+01 7.298917843018912777e+01 5.714205199811293312e+01 6.469154678508189704e+01 4.615422093551998017e+01 6.469154678508189704e+01 7.047806528927119984e+01 5.068460621101466756e+01 6.020208006921777155e+01 8.024620538250458424e+01 7.618354411281727323e+01 7.490679959796757714e+01 6.091948802185820711e+01 4.125779071157148081e+01 5.248492839705427571e+01 5.336891639980348145e+01 3.477792444285238105e+01 5.424635865881850805e+01 5.447863634401303301e+01 4.973738956223860441e+01 6.309652660911731203e+01 8.252300764323165083e+01 8.642199095930794783e+01 6.939377980809801727e+01 8.642074712555447036e+01 8.665691886966914126e+01 9.007079030576298351e+01 7.148601971464164251e+01 9.008017049692057299e+01 9.223521270643468029e+01
2.418932307978241880e+01 4.418295941744514721e+01 4.677603397389719930e+01 4.872276358738844948e+01 5.714070904826328245e+01 6.936165611743165016e+01 5.532456066369725534e+01 6.116684767308353798e+01 6.506361720831937134e+01 4.644546467715682780e+01 5.431442488644215416e+01 4.159835189563114710e+01 6.019558487364886901e+01 6.387575057536458445e+01 4.425742828401322271e+01 6.382449107491139273e+01 7.011922561679976695e+01 5.608050080407618054e+01 7.023767609047925475e+01 6.892218221371221887e+01 5.636657909123591992e+01 3.692559515863401032e+01 3.389333172534362149e+01 3.954647142240764879e+01 5.891783744758345875e+01 7.378805030778649154e+01 6.878641116936616129e+01 6.165686317295912033e+01 7.529391920635244162e+01 9.497757317074322714e+01 8.965073993593308899e+01 9.819287490063166501e+01 1.069148193298521079e+02 1.002495797550182886e+02 9.178014408989275807e+01 1.002762769971343317e+02 1.007224549165874095e+02
4.265890267764969224e+01 4.175962325543920173e+01 4.131817767147229858e+01 3.221622992338350855e+01 4.822996937326348643e+01 5.006737756258205252e+01 4.097442086571724928e+01 6.029805283346909306e+01 5.354573588914271198e+01 4.933775874668691586e+01 3.524523252196129164e+01 5.431442056813008179e+01 6.799555304056019622e+01 5.880040255656957271e+01 3.914246345174798591e+01 5.876177708522106968e+01 5.643537147563225886e+01 4.395120200433989055e+01 6.149538781066382143e+01 6.790424183818774395e+01 5.177428837428751507e+01 5.033691574199266228e+01 3.328029204242786676e+01 5.321701223450724427e+01 4.816141292374955185e+01 6.187544218414413422e+01 8.148849736707768443e+01 8.105648615810640933e+01 8.927165528864394162e+01 9.861649599313827252e+01 9.543182903087259206e+01 8.722099344133512488e+01 9.543182903087259206e+01 1.020838439000747684e+02 9.974760496876807281e+01 1.079919689605730184e+02 1.119917648116770863e+02
4.016579435759325634e+01 2.022904276766282905e+01 2.072762132127268941e+01 2.545880001320402997e+01 4.134344761889634867e+01 2.970796769410944194e+01 4.342108090406952670e+01 4.374222159249478636e+01 3.696252731078752163e+01 2.922955637626872871e+01 4.617279156925686578e+01 5.647040493541787498e+01 6.093602400704558164e+01 5.399312416417342320e+01 3.424764894873364085e+01 4.813165932611936171e+01 3.498931629501873175e+01 4.251976122790905777e+01 5.652789830085116307e+01 6.102566119834398251e+01 3.603010577622834631e+01 3.239753867597661241e+01 5.143904383289360993e+01 6.175232217359759801e+01 6.761997304743935899e+01 5.933854747502269333e+01 7.061605587269946227e+01 9.029323600544260842e+01 9.287347771883030134e+01 7.889803647570458622e+01 8.557903554879618468e+01 6.756392069163163683e+01 8.231433490565133582e+01 8.231433490565135003e+01 7.997654137192176904e+01 9.655471854089199724e+01 9.213070875193966458e+01
1.953515961479416063e+01 2.112942961141277110e+01 4.103787550471649581e+01 2.144612559909751681e+01 2.195923388820360955e+01 2.247605728692532878e+01 2.299616647359733435e+01 2.351484015655632120e+01 3.765405495823340942e+01 2.494932974089124755e+01 2.544893906773789638e+01 4.562191545474360055e+01 4.083128441498259775e+01 4.624890985440878666e+01 3.000680699438489185e+01 2.827006538883110665e+01 2.874784101861328978e+01 4.384322553608190987e+01 4.928252260461262324e+01 4.550871314474287033e+01 5.044648071600159511e+01 3.175624096432207466e+01 4.155385011610608359e+01 5.528164967742070957e+01 7.496465622118991234e+01 7.893261075891057033e+01 8.713917875212939634e+01 9.853844733039724701e+01 8.467343955380849252e+01 6.510571719262179613e+01 7.229772529717691043e+01 5.794611813599960470e+01 6.269494902519292623e+01 7.586098616338972533e+01 6.861314476279717667e+01 8.395246351799859497e+01 7.815573341761886184e+01
3.801854511255282887e+01 4.131112736182400624e+01 2.341423121103750660e+01 4.305392456873475027e+01 3.548715274380285933e+01 2.987055908490023626e+01 4.276353186143516893e+01 4.367067458669760072e+01 2.423855097130195091e+01 2.815617218922863429e+01 3.936346812136417839e+01 2.614379615684844538e+01 2.663124113628504475e+01 2.711368368733685585e+01 2.759135451453666121e+01 4.686448196604541749e+01 4.833117286992054318e+01 2.942273555253831319e+01 2.989875028868497253e+01 3.037285579949627135e+01 3.084850448783467414e+01 4.141399374351043150e+01 5.770942045607917237e+01 6.924727584019157689e+01 7.366098394874352095e+01 8.191266827538650830e+01 8.552878776685899709e+01 8.560828645424780348e+01 7.747478262715534925e+01 7.229772528154174438e+01 5.317876302738024918e+01 5.052216322199041798e+01 5.326548976814182623e+01 5.635868755070305980e+01 6.005326158582380458e+01 6.419341232860875834e+01 6.928572542812152335e+01
4.054418243988316561e+01 4.479275525954775361e+01 2.500961229832550003e+01 4.485668546883121621e+01 5.163322012692745488e+01 4.767225078434338315e+01 4.019511766007767051e+01 5.103896444382211683e+01 4.345644431636633698e+01 4.545111744558735012e+01 3.378524259028379362e+01 3.738420207776591297e+01 4.640632866122302147e+01 4.665657114552231377e+01 2.995302566395347199e+01 4.277310290649285918e+01 5.407290445222034947e+01 4.486214496336961588e+01 4.953383660951905654e+01 4.996259789390501282e+01 3.239210793954050160e+01 3.188602486427808103e+01 5.141123617833405035e+01 5.975898620219631141e+01 5.400059019239400726e+01 7.366098394874353517e+01 6.563613428579110121e+01 7.246926889301828112e+01 5.850281963107430983e+01 6.210848432260016949e+01 4.699698483357882850e+01 6.553815642852364931e+01 7.250464196542213813e+01 7.586098616338972533e+01 7.158628675221495996e+01 8.395246351799859497e+01 8.325755902266472219e+01
5.047311696116976520e+01 3.718973999325508117e+01 2.657447653779067664e+01 4.623390188925085909e+01 5.624971990736175798e+01 6.361162328242794217e+01 5.667291392354393764e+01 5.278103174127389963e+01 6.619855290395544500e+01 5.812082368044682568e+01 3.954136653182198557e+01 5.355140281658779600e+01 6.322807871320448925e+01 5.264811273760297894e+01 3.282165777143587349e+01 5.254702967982655792e+01 6.702185865339049542e+01 6.638586197224432794e+01 5.737762279003501220e+01 3.771730474599429073e+01 5.211086276584636323e+01 5.141123617574699978e+01 3.289771350496149438e+01 4.029925214627630226e+01 5.975898619597772665e+01 7.142992995120806654e+01 5.180722797189904583e+01 5.212624629332496085e+01 5.720260647961388401e+01 4.378198396457214159e+01 6.206577815947306931e+01 6.519500429336399350e+01 8.457992549492702494e+01 8.931648859461279244e+01 9.190920277342812028e+01 1.007332388262465486e+02 1.030622741199507431e+02
