LEM/sinusoidal_perturbations/elevation_000683.asc
nrows	100
cellsize	150.0
xllcorner	0
ncols	100
yllcorner	0
NODATA_value	-9999
[rows 68 to 84 of 100, columns 0 to 36 of 100]
5.009162696260268353e-03 1.994624294393045005e+01 2.578837779041355205e+01 2.879737328911489058e+01 1.908883852018374583e+01 3.653404503031238448e+01 4.069649443116868071e+01 2.561399137031269291e+01 5.080646829291185895e+01 6.527651558739783866e+01 8.059452128934871951e+01 8.144512815152111784e+01 7.921537455097492852e+01 6.020408048310744675e+01 7.376700061407848352e+01 6.678502736441296861e+01 8.528935355116560402e+01 8.003245314666887111e+01 5.853352626470545772e+01 4.840128962571183280e+01 4.173502746562439825e+01 3.574080607565925760e+01 3.092824323866770087e+01 3.872185920308599094e+01 3.862971901476069547e+01 1.852598861116307205e+01 3.514203690056511675e+01 1.847220281864788305e+01 1.485703426372731428e+01 1.521994597573428543e+01 1.558578445777222043e+01 1.641737811622116894e+01 3.804533853271276911e+01 5.568892237508423904e+01 6.538742016841169402e+01 8.103826242139129477e+01 7.278304712535870635e+01
4.695337527364121070e-03 2.000469231248611024e+01 3.793464402940956859e+01 4.713385275180981182e+01 3.302051835620255105e+01 3.372543939613491659e+01 5.275184780608115886e+01 5.492225194936862920e+01 6.356370087748612718e+01 5.372179156971637326e+01 6.722613570366145552e+01 6.219988662279522629e+01 7.203819258053742658e+01 5.319538592731367288e+01 5.516839440103552050e+01 6.690725916622596969e+01 8.443940691458577419e+01 8.883565108286165923e+01 7.774228855686321538e+01 6.890439238146362300e+01 5.583076219785371563e+01 4.989524938501335782e+01 4.503612567434555558e+01 5.876702535133139094e+01 4.692163422312945897e+01 3.532554380930386628e+01 1.479013146112306032e+01 1.434495932413542540e+01 3.439654048351131621e+01 3.527300705150735638e+01 1.581096177055965946e+01 3.663810167434847642e+01 4.604677047841082782e+01 5.274993284435716845e+01 5.833375226356254473e+01 6.695232960372210584e+01 7.901004185593951945e+01
7.614146464036155443e-03 1.000709830888077256e+01 2.415133487288489533e+01 4.434013601234728696e+01 5.301505232443909676e+01 5.312205603534956566e+01 6.143080171589334526e+01 6.969949547440612037e+01 5.047275941799608745e+01 4.064317194566078228e+01 5.364043527362650110e+01 4.883896479255341205e+01 6.032882406741766346e+01 4.700138479315906181e+01 6.576327521034473023e+01 8.167216523563052988e+01 9.177685024650139667e+01 8.150502890494225028e+01 7.308430724483848451e+01 8.150503632499523121e+01 7.612644308151044470e+01 7.016762085481506972e+01 6.521356424518991446e+01 5.973620614241766447e+01 3.924599412231501105e+01 4.063068771504133281e+01 2.615911626897914033e+01 1.398359825785041899e+01 3.403091528053461445e+01 4.553627004330162720e+01 3.733429890593259870e+01 2.330912303689777332e+01 2.774721535056549371e+01 3.280846161560842944e+01 3.825877904205825786e+01 4.972016058273879935e+01 7.024687951576824219e+01
2.352828262072654761e-03 1.997545290909685534e+01 3.397086095376806725e+01 4.078193851648308765e+01 4.911777117638062862e+01 5.916256042880903721e+01 6.406656405510933894e+01 5.438587362994406504e+01 4.634788150141173446e+01 3.105376525846453362e+01 3.441489115458658432e+01 3.781566956052525086e+01 4.142580596711432861e+01 5.475767630230838279e+01 6.576327521034387757e+01 8.489768206628878033e+01 7.322209381215431279e+01 6.198452640214191689e+01 5.290125232414804657e+01 7.139206310488248164e+01 8.398204459049459558e+01 8.672085949877180155e+01 6.798046038796260859e+01 5.386880015750269735e+01 4.796345467834567700e+01 2.693476504646523750e+01 1.996448347158527170e+01 1.362700964702336037e+01 3.364572440371176043e+01 4.883889747863441499e+01 5.070826487904152202e+01 4.317537424319581163e+01 4.758869038842835408e+01 4.388902186650832249e+01 5.833375226356254473e+01 4.971885912436320609e+01 6.137561187230626558e+01
6.786455232800275850e-03 2.000678645523244370e+01 1.407844892193540787e+01 2.074561888461724735e+01 3.075160604488137395e+01 5.083179522213040968e+01 5.601032650517814915e+01 3.668543667049325308e+01 2.666400793611396125e+01 4.247076675899144504e+01 5.055126553447166771e+01 5.686834371403725186e+01 6.032882196088268500e+01 6.830423707745909212e+01 8.185088246100259823e+01 6.667372991720584707e+01 5.837207428959816014e+01 4.402969297825748640e+01 4.283391779895209339e+01 5.447229030588928822e+01 7.507304985232755712e+01 7.737363488396603373e+01 6.827919260830462633e+01 7.359418740741972442e+01 5.636092879218415419e+01 4.477088205543989119e+01 2.485454905448613161e+01 1.327106815059177336e+01 3.256427457750032772e+01 3.134178751052324330e+01 4.436085880971426576e+01 5.396363978728060573e+01 6.226909784178229046e+01 6.405032752840936894e+01 7.263196327645778183e+01 7.021623314103176483e+01 7.910795881102622218e+01
3.257643153035955173e-03 5.550259873298815982e+00 2.555764041604227188e+01 4.079170063350585451e+01 4.911777117638062862e+01 5.916256042880903721e+01 6.406656405503245821e+01 5.151067436831498725e+01 3.259944683898343953e+01 2.262331151232189441e+01 3.882669047023657782e+01 3.882669095721464458e+01 5.840356297843418076e+01 6.124427463836143914e+01 6.910516374368592096e+01 5.509944804168411281e+01 3.832264466700111427e+01 3.328917382232820188e+01 4.340693059263509923e+01 5.756136988665285514e+01 7.717366469626308856e+01 6.461217391025469681e+01 4.752567187129781701e+01 5.965079517347859905e+01 5.134841638467635505e+01 5.279719767203727798e+01 3.375520487727265362e+01 1.291507774300293043e+01 3.088881288878943820e+01 1.843487260120866011e+01 3.737053089205487311e+01 3.482371191007096201e+01 5.396363978728060573e+01 7.205729248493597083e+01 7.217825855765178744e+01 7.442187760539977148e+01 8.294394962259397630e+01
1.880098487986705483e-03 7.072947910353431844e+00 1.463223737053791140e+01 2.463223737053773377e+01 3.877437299426818385e+01 5.877437299426747330e+01 7.034876757668625658e+01 5.135493008749245547e+01 4.797678071473772121e+01 3.882669047022415754e+01 1.902213209069049427e+01 3.882669047023625808e+01 4.769191469993827326e+01 4.207834341128160105e+01 6.124427463836143914e+01 4.679653070072895105e+01 2.671017849048343251e+01 4.679653070072895105e+01 6.176658626746188929e+01 7.157338110763414818e+01 7.051183318474598138e+01 5.012777274938441963e+01 3.632045083100908300e+01 4.547112831340445638e+01 3.221789144837124752e+01 4.831709899827058763e+01 3.550727901061822678e+01 1.255872479088057858e+01 1.495892669011244180e+01 3.383969520285538124e+01 2.194890846059893974e+01 4.042966699388423280e+01 4.404017204123448437e+01 5.361224962978007369e+01 5.188929777142280386e+01 5.410326122605336252e+01 6.297254285423144182e+01
2.900726248362994839e-03 2.000290072624800786e+01 3.463223737053719731e+01 4.291650861789793936e+01 5.291650861772404824e+01 5.867774394847110386e+01 6.032717484695238142e+01 5.216210261879308518e+01 5.030189454821971395e+01 3.061554526060945136e+01 1.675016379676662837e+01 3.633219487611741272e+01 2.813391221185312574e+01 4.769189956073983439e+01 4.566778641114075299e+01 3.738537123302775456e+01 2.276385575889655399e+01 4.280626929018487203e+01 5.561822128229780304e+01 6.390465097576329612e+01 7.390740176800564143e+01 5.945740992171602812e+01 3.967782097329052959e+01 2.688904962202922633e+01 2.288203424742600234e+01 3.448306113062473344e+01 3.181072260661456852e+01 1.220576918617604711e+01 2.175085096212031388e+01 3.417705103005123135e+01 4.007599636068560045e+01 2.549027044677282561e+01 4.404017204123411489e+01 3.419015043022456979e+01 3.801647586785465194e+01 4.281567494978042276e+01 4.832674931577857080e+01
5.081304048347549951e-03 1.414952067916810563e+01 3.421222576141899197e+01 4.547447864341314272e+01 3.738023593749053219e+01 3.738023593600858163e+01 4.813788128123083965e+01 3.044929110726705090e+01 4.813788128782397990e+01 3.414533074578528016e+01 1.462272452968187686e+01 1.769395805477858730e+01 3.723317022291831080e+01 4.136027197341396544e+01 3.309278251393332226e+01 1.740261453567091721e+01 2.294772452652562578e+01 2.896681922977212409e+01 3.562058884374312839e+01 4.561535010515098065e+01 6.562109245944465385e+01 6.537870271449388326e+01 4.547112844720187752e+01 4.215307403734748704e+01 2.428527678046868843e+01 1.842107906184267208e+01 1.539353020573559938e+01 1.185243926034803508e+01 3.318338273392953397e+01 4.266472699566198656e+01 5.048929249815238762e+01 3.587453221574260454e+01 2.916349361428924070e+01 4.801073566414572724e+01 5.783179680248130694e+01 6.304645247703871291e+01 6.922743939860887963e+01
4.469920835086939326e-03 1.810314525273221165e+01 3.567700483283383051e+01 2.762306735449816486e+01 1.803037208204508346e+01 3.548908517086405823e+01 3.326698179807522138e+01 1.581904432011872075e+01 3.365845130709800515e+01 3.552800503594943393e+01 2.780011161803651021e+01 1.166722844073769849e+01 3.077646182392282270e+01 2.907528653982862110e+01 1.313791663283690170e+01 3.309278251393332226e+01 4.292648141668020401e+01 4.895234380277958053e+01 5.561822128229780304e+01 6.390465097576329612e+01 7.390740176800564143e+01 7.046446347246784114e+01 5.165455759192909113e+01 3.850782832798616084e+01 4.121388873533194896e+01 2.842721152290254594e+01 1.866021834661016854e+01 1.150020323855730453e+01 3.830692832511697787e+01 4.997099031719430684e+01 6.293951834638485821e+01 5.500309492479164675e+01 4.223684477692398787e+01 3.526987075273576977e+01 4.880033902623398490e+01 6.882462263405810177e+01 7.636088546645453334e+01
2.324776005098761877e-03 1.970815669963382888e+01 2.126570131843043399e+01 8.598952393003155947e+00 1.940532401762957448e+01 2.481035058643119129e+01 1.677604044187956944e+01 2.323583125681593309e+00 1.644947893064205857e+01 2.488709314793494087e+01 8.778115246524762938e+00 2.780006957199912421e+01 2.517163211511808996e+01 9.063686626676476621e+00 2.905964261491112666e+01 3.309228922833700892e+01 5.305923022190506089e+01 6.456325042716822793e+01 5.643113825813245654e+01 6.456531363767875575e+01 6.552537124560207360e+01 7.379493539265628499e+01 5.798133118567751865e+01 4.838396544328548998e+01 4.775946443605457148e+01 3.084610037154495643e+01 1.100273567891057169e+01 2.183768228563333835e+01 1.977994447737717110e+01 4.175359812747068844e+01 5.874380614986029059e+01 6.715099850605429310e+01 6.195014135173892100e+01 4.880033902623398490e+01 4.290924117288675887e+01 4.902627224732432865e+01 5.603023638243142557e+01
8.699724428260374037e-03 3.247300331882451707e-01 6.407998038087520110e-01 1.184417217129789535e+01 1.817799381926302971e+01 1.854668823368974095e+00 2.172562332297727661e+00 2.490666216416875578e+00 1.670729508671210795e+01 5.634308699748779681e+00 2.326117333835252765e+01 2.408313395137432167e+01 5.044564981794582792e+00 2.517162216740816305e+01 3.447957022383479853e+01 2.804622403485466720e+01 3.657350288973987773e+01 4.899782335732620453e+01 3.646013930962063654e+01 5.462750543379300439e+01 4.413936062353941026e+01 6.168809769044085556e+01 4.924444112603499235e+01 2.703928550485632698e+01 2.839415965254627849e+01 2.981542330992684597e+01 1.065074687689212496e+01 2.400958843192122671e+01 3.805820507877417214e+01 2.991660520419427627e+01 3.776851100919243009e+01 5.273013833459550881e+01 7.326208454908380929e+01 6.882462263405722069e+01 6.278165732790171205e+01 6.914796251640156299e+01 7.636088546645453334e+01
2.249585233037712084e-03 1.569112173594494841e+01 1.873987165331246985e+01 1.088517368985188583e+00 1.405260270169679915e+00 5.113327310755368948e+00 1.633566272230278571e+01 2.087659915529915367e+01 2.940529903144677437e+00 3.258835670029558873e+00 3.582514055390281005e+00 3.913110996807435793e+00 4.260178964312738792e+00 2.441726291894032741e+01 9.167088981703102490e+00 7.542885886343398738e+00 2.796810969518763557e+01 2.907540066546100022e+01 2.648632372314079930e+01 4.045161764646205427e+01 3.114324427037919918e+01 5.317815225606195639e+01 5.135062937122336280e+01 2.859317064251367313e+01 1.334601086632149780e+01 1.015244351754625818e+01 1.246035989590181359e+01 1.822943097317869743e+01 3.824649483027224761e+01 5.132860107994478227e+01 5.874380614986063875e+01 5.873780682637944039e+01 7.913722074017962882e+01 8.309152732419155996e+01 7.483009354120490286e+01 8.309152732419155996e+01 7.872417732460840512e+01
2.739267172789772273e-04 1.476684980615152298e+01 2.121786116668889477e+01 1.955505224473602510e+01 2.041998765377206837e+01 5.111626242918743124e+00 1.313967370103115329e+01 2.120935939935704440e+01 4.007450979086633502e+00 4.922908075919082194e+00 1.158664849979577838e+01 1.153409415182820119e+01 8.200940026524731863e+00 4.778837851959390370e+00 5.153564241688022740e+00 7.660476435534400608e+00 2.550621037858405415e+01 1.498390699250935043e+01 3.488458494558436485e+01 1.924831864877081244e+01 3.240388753490886842e+01 3.992468329108185543e+01 4.654762667105044471e+01 2.799152075138830753e+01 2.922945795777321720e+01 9.800179945253479019e+00 2.961240502303150635e+01 3.821682575671577808e+01 2.776331746427819525e+01 3.741908184861437547e+01 5.056731642026898044e+01 6.909692263125734257e+01 7.365622909158672371e+01 6.527191558600803489e+01 5.476447434535078429e+01 7.307640169800713181e+01 5.865690874605375882e+01
8.327778614586212741e-03 8.982411406476858318e+00 2.862793901223324866e+01 3.927691969200029121e+01 3.033965663795226675e+01 9.261178983313195445e+00 2.738585795765549591e+01 3.386992282703814539e+01 2.732767318566065740e+01 2.699543335913737963e+01 3.075728873238151095e+01 2.961745575378830608e+01 1.054980522333733184e+01 2.484048306965792463e+01 1.624162839883360121e+01 5.672391657153339928e+00 6.027975781424840918e+00 2.597669676903366565e+01 2.998206479329748930e+01 1.319769143092921837e+01 1.603660526575279022e+01 2.711521872055907423e+01 2.839808279582984696e+01 2.758769664042528547e+01 9.299285487043258414e+00 1.310127527471975561e+01 2.381215452074897954e+01 4.383119928447701596e+01 3.900752920797241785e+01 5.554327914101131114e+01 6.479477168295663603e+01 6.935904296174388151e+01 5.849038322863876260e+01 4.520956295570083228e+01 4.475226337874155291e+01 6.078972407386309129e+01 4.706265405454528405e+01
6.510866554257996840e-03 1.979111511846329918e+01 2.533555897724978223e+01 4.472053845178192688e+01 3.095461055452362942e+01 3.095461055452362586e+01 1.810944882697582869e+01 3.875964506909291885e+01 4.830837678208090580e+01 5.058273284317203178e+01 3.675889487884120399e+01 1.688030924542597688e+01 3.040471074398691442e+01 3.838837837492082627e+01 2.580831147713010765e+01 3.208210142640983520e+01 2.186952216108292291e+01 6.508484020271481540e+00 6.851611095859022171e+00 7.218065130808118290e+00 7.616396908666922094e+00 8.022993484220322102e+00 8.410049091096714946e+00 8.789724481295637659e+00 2.469715012470320303e+01 3.231715860470657731e+01 4.079097787773302031e+01 5.216065495417029041e+01 5.873864441622289689e+01 6.696269973630344907e+01 6.838293512158877263e+01 5.690633257423834124e+01 3.980342059868380034e+01 3.377988450128506059e+01 3.666398183965553415e+01 4.077043882883280901e+01 6.078972407382330090e+01
8.953482861371391335e-03 1.415108910659244756e+01 3.415108910659315455e+01 5.252219502677865393e+01 5.140611702583318277e+01 4.717952811539525726e+01 3.875964506909291885e+01 2.757796795014674984e+01 4.780579339482837042e+01 4.414960614896649105e+01 2.419845706128077722e+01 3.088820704813519669e+01 4.506329631544075909e+01 5.318944406419944926e+01 4.524682366906713327e+01 3.317439447761998395e+01 1.268210064231228174e+01 7.319217139824767848e+00 7.594045565181035684e+00 2.653620785663548176e+01 2.838120738577983815e+01 2.244454212045140906e+01 2.831020859885149932e+01 9.352214227868307361e+00 2.595495218930336989e+01 4.700588340600012316e+01 5.798290841271479223e+01 5.151087075129884596e+01 5.292847691710593949e+01 5.475192496393115249e+01 5.426577398048895162e+01 4.014861283938910930e+01 2.987454351730310620e+01 4.972007799763062508e+01 5.661534441896228742e+01 4.389046685406420778e+01 6.393432806138798696e+01
