LEM/sinusoidal_perturbations/elevation_000294.asc
nrows	100
cellsize	150.0
xllcorner	0
ncols	100
yllcorner	0
NODATA_value	-9999
[rows 17 to 33 of 100, columns 0 to 36 of 100]
5.222468517465790779e-03 3.010403244856587057e-01 5.972384948574883667e-01 1.350875913725039545e+01 2.318109065637079524e+01 6.710116578935494402e+00 2.443365219493002272e+01 2.784278133155664392e+01 3.195089996668336241e+01 2.634806975131696305e+01 6.419800271328277574e+00 2.640201447617992869e+01 2.421839075012848852e+01 4.415907590635021762e+01 5.251369100436743054e+01 4.431409466331194125e+01 3.442196852400917351e+01 5.420752211499121387e+01 6.127819930858139230e+01 4.057502283571419355e+01 2.635861419649079451e+01 2.082851909075291275e+01 3.547538023213476066e+01 3.093372892829109944e+01 3.240640428981951970e+01 3.624811988828099629e+01 1.703451126511430047e+01 2.991753189492903786e+01 3.067143455174204192e+01 5.048129206596818364e+01 5.006429016912709073e+01 5.006429381486965724e+01 7.197126916412861419e+01 7.351317462532459501e+01 6.273562071707708299e+01 4.308389922993999477e+01 4.168548663855680303e+01
7.333276091007126865e-03 1.546984205215706254e+01 1.522607750596344367e+01 1.016202487367763752e+00 1.139173241426732730e+01 1.850232881457022138e+00 2.142025472193374469e+00 8.822755177740626564e+00 1.286004739289042931e+01 1.885887929463248724e+01 4.299837826021519760e+00 1.845863005831370884e+01 3.974672547534503764e+01 4.471841261759717412e+01 3.650727236350853389e+01 2.441140587985933763e+01 3.852403957222134068e+01 5.829252419111013239e+01 6.678288997590519216e+01 4.371163286715590601e+01 3.864649537573798455e+01 1.577240264071248177e+01 1.560495790335848909e+01 1.593006037650334683e+01 1.626143853926961569e+01 1.658921664644063654e+01 2.262188381041738694e+01 4.036677057020018822e+01 5.026882925577998407e+01 6.004748129319278149e+01 7.197066661301455781e+01 7.197127586619154727e+01 8.075893529534363324e+01 7.674399491527267969e+01 5.693316213738712861e+01 5.693316213738135900e+01 6.125691777852880904e+01
6.343274376862209282e-03 1.900579011974447852e+01 2.942185783831614998e+01 2.198592021803592189e+01 1.435315153284740797e+00 2.488931499573013628e+00 3.708896204811528374e+00 2.560440157385347248e+00 2.861283942444507566e+00 3.164749935055882535e+00 3.468655769671433742e+00 2.241023544650058597e+01 3.153981579803538438e+01 2.962037361087146792e+01 1.642932425614329262e+01 3.650727236350853389e+01 4.830397537530197383e+01 5.975399316964047358e+01 5.858996810509997744e+01 4.562810172068416392e+01 1.696140766111574294e+01 1.516791289796387687e+01 3.197842244538258782e+01 3.555382954359802739e+01 2.612186276344895575e+01 2.058766812685872694e+01 3.830164632137395131e+01 5.453983158462730785e+01 6.551276749471313110e+01 7.355475269048093878e+01 7.368864795418134861e+01 7.368864800776725588e+01 8.178852028865216539e+01 8.501568888609558883e+01 7.674399491527267969e+01 7.674399482951446316e+01 7.480642974218960717e+01
3.497053469895897767e-03 2.000349705346588536e+01 3.828034369755881983e+01 3.106111610246180987e+01 2.215003319890223921e+01 3.737805308793385350e+00 8.780722336489995783e+00 1.645958891052515227e+01 2.156749804853324903e+01 1.656226800106582076e+01 2.313415482306023918e+01 3.896577013839709558e+00 2.344812875544598185e+01 9.370106429588979324e+00 1.342067644921855418e+01 1.990524306234903307e+01 3.157285527581358764e+01 5.152599455642631199e+01 5.071027954154688899e+01 3.195583678846049835e+01 3.242735014022696305e+01 1.489490430507525431e+01 2.740410308082700297e+01 4.334022115225049987e+01 4.429969767534300473e+01 3.860945416475125569e+01 4.682617418950115251e+01 5.730845133827477866e+01 4.639080354271995077e+01 6.246906253725901337e+01 5.445394315666104035e+01 5.445394315667100926e+01 7.368864799434393831e+01 7.458323680878363859e+01 7.730239203791879277e+01 8.606575340259391282e+01 8.308268708916365597e+01
9.635555453094322986e-03 1.000963473407806781e+01 2.415146429143454654e+01 4.413191802134967645e+01 3.941284079064651280e+01 2.085925669199896149e+01 2.747509525730414026e+01 1.999615622689720595e+01 3.794293292184597988e+01 3.162901008890320043e+01 1.298312416504711031e+01 2.383139680584436704e+01 4.322721439757443385e+00 4.476387310767139027e+00 2.544673745893221906e+01 4.003179451386162668e+01 3.411400776046549055e+01 5.371245843169229062e+01 5.847596438972477273e+01 4.214039134178707968e+01 2.457193837029904415e+01 1.464130850744084533e+01 2.640123387327407656e+01 4.122369751735919863e+01 4.740153551896587913e+01 3.967243909860914641e+01 4.172812296900968931e+01 3.823699308930811469e+01 3.546364348459008653e+01 5.392815177120839820e+01 4.108006839676591682e+01 5.575637387774798270e+01 5.871806762651121403e+01 5.600224988956055938e+01 5.651400329516065568e+01 7.730376446365646359e+01 9.305192725851433977e+01
8.845047570523793118e-03 2.000884504757016913e+01 3.468317204639339479e+01 4.295584460998615839e+01 5.256796860224678625e+01 4.613776838213488674e+01 4.041536486574784703e+01 4.050798948976945724e+01 4.374335512045016827e+01 2.373527515342682292e+01 3.289441553607291979e+01 2.650473495603201002e+01 2.385094942163340193e+01 4.733798573764415707e+00 2.104556284295131263e+01 3.846526338365820408e+01 5.312583299795148406e+01 6.171653301773500289e+01 5.642154969900513350e+01 3.573104108182696592e+01 1.427186622910155656e+01 1.513838611758427177e+01 1.785112887179269947e+01 4.113219296015266480e+01 3.672787072835313893e+01 2.059033288582408971e+01 2.269109287652733542e+01 2.477103773855179014e+01 2.691938451107566266e+01 4.597071759583941741e+01 3.396954847549586987e+01 3.683231233226280210e+01 3.975397459947076584e+01 4.276307649307588576e+01 6.070404540430427431e+01 7.380716952821880739e+01 8.422881674954456344e+01
8.023991185656003874e-03 7.326272559802944784e+00 1.500026411955820826e+01 2.528279011099354889e+01 3.888930147112474600e+01 5.879002289942882697e+01 6.058372750820727504e+01 5.794910319219918904e+01 3.785363262267282636e+01 4.356994468102454476e+01 4.134685228860031714e+01 2.996642791937819084e+01 5.173893568007552624e+00 1.236820788267435844e+01 9.612415873019255486e+00 2.674937113689272294e+01 5.229974345026666072e+01 6.724951331974637014e+01 5.865384654309654877e+01 3.802995257139983210e+01 3.468641252875058711e+01 1.385976204843062831e+01 2.827869820803006462e+01 3.338993797579620093e+01 1.733505341975083880e+01 2.726449682825803222e+01 4.172757401810085298e+01 4.382421141699813205e+01 4.597236715520066497e+01 3.019963317738613995e+01 4.919058061302568063e+01 5.575637387774798270e+01 5.871806762651121403e+01 6.180747741036118725e+01 4.767128175087206188e+01 5.827759964373733936e+01 7.615826530856001852e+01
4.598823041778624977e-03 2.000459882304142312e+01 2.911043397248018039e+01 3.415052160830265393e+01 4.206147828885628570e+01 5.073450708069829318e+01 6.181407097292449038e+01 6.606964511898351589e+01 5.794899007131466817e+01 5.646504523973445089e+01 3.282161650526944641e+01 1.459687994059752647e+01 5.475480397074221628e+00 1.615892154623906762e+01 1.279792086114854399e+01 3.062799327338617772e+01 3.734307620137014538e+01 5.200819988255358339e+01 6.193931489974373505e+01 5.865379933140287250e+01 4.243020468514090027e+01 1.690442867499601221e+01 1.341943191543042246e+01 1.382648905207058299e+01 2.878154718602319306e+01 4.009857427637902560e+01 4.283259996734897612e+01 6.199870093921623493e+01 5.675402558906300499e+01 4.105165966129546007e+01 3.825470535532456040e+01 5.692444825064861647e+01 7.369636202618821130e+01 7.493813809104094048e+01 6.685762700281499349e+01 5.339636768691482871e+01 6.065075438735137681e+01
7.340434288523949372e-03 4.479483497689313864e+00 9.067887188534234255e+00 1.406858076494756560e+01 2.166187717562264581e+01 3.187418629647049428e+01 4.698272037385913080e+01 6.912684168497733594e+01 6.432752880473158541e+01 5.672001148824532635e+01 3.735998461867895060e+01 2.838437815134260944e+01 5.778708090655455543e+00 2.053338507142606417e+01 1.934066704488002486e+01 1.853063276994648945e+01 2.430559252076718124e+01 3.370616763409054784e+01 5.361225344849415819e+01 5.824000504667281319e+01 3.512893761239403290e+01 2.610207459725477008e+01 2.972370243476816043e+01 1.297858440635110178e+01 1.422506451813108619e+01 3.394208472409955135e+01 5.668719653717715801e+01 6.989825730558290218e+01 6.718941617275922340e+01 5.931138819591406985e+01 5.692444825064861647e+01 4.741354968999887376e+01 6.028209903140556492e+01 7.904239442946305871e+01 7.789169020813145039e+01 5.852130317673417181e+01 7.789169020813145039e+01
3.515918393995972821e-03 2.000351591839364218e+01 2.911043397248018039e+01 3.415052160830265393e+01 2.564310001612217249e+01 3.725491493191511694e+01 5.737295891864690844e+01 6.606210188901985703e+01 4.386961117449654068e+01 4.711550508086160960e+01 3.949921666860728209e+01 6.155979966738431841e+00 6.846804291315646829e+00 2.236273941076179028e+01 2.590311834674333369e+01 3.501795400309220696e+01 4.362454594396287888e+01 5.200509600386997278e+01 6.211471234460343993e+01 6.665684444441595247e+01 5.501110611267611716e+01 4.612507516711052347e+01 3.234785765021468507e+01 1.266891806706329504e+01 3.234527081276054616e+01 3.589162153956403500e+01 5.020476164454313306e+01 5.478807158579317615e+01 5.965817179051835950e+01 6.415021184581009095e+01 7.229180948292609799e+01 6.577686233643375147e+01 6.181066968442708287e+01 7.978930057043464785e+01 8.602293283193606044e+01 6.713931589802798783e+01 7.072486553921065422e+01
4.608085242692564441e-03 1.155161346903530983e+01 2.569374909276651309e+01 4.569374909276722008e+01 4.576388603995786752e+01 5.408201752426090536e+01 6.563878226559187112e+01 6.194111748575356557e+01 4.098866436022301230e+01 2.619545556374803041e+01 1.927476335254086237e+01 2.697895041705017860e+01 6.481150639634528865e+00 2.240100060832379825e+01 3.544208940558681320e+01 4.325588911382931911e+01 5.092822010490137785e+01 5.893457316953867320e+01 6.549168765759783639e+01 5.826782487211399086e+01 6.444847228037825460e+01 4.817509701108313891e+01 2.666535182153303651e+01 1.235954415533293371e+01 2.833060595642291801e+01 2.870250274523625933e+01 3.849820744879504275e+01 3.654564811198111585e+01 4.117005397502704511e+01 4.377062856514823608e+01 5.862789678394432968e+01 6.720180555177543624e+01 7.755229381669055044e+01 8.769494159824468227e+01 9.475613915495634387e+01 7.830634689651024871e+01 9.022406983570257921e+01
1.610643649003322799e-03 2.000161064364864671e+01 2.906247291085712803e+01 3.406247291086424411e+01 3.960947487312888171e+01 4.789374615783138012e+01 5.944075161675777252e+01 6.798508967172620032e+01 4.712549529579666796e+01 4.317618543486003801e+01 3.130484147483413082e+01 1.237276304552075246e+01 6.715091023501889467e+00 2.044613397507083619e+01 3.802558963133678560e+01 3.846128218486277461e+01 3.333446556813427009e+01 5.092764893152786243e+01 4.694344358708167420e+01 3.468490518913080223e+01 5.302534444396631841e+01 4.912881508675249620e+01 3.481940904905394518e+01 1.205032670648168391e+01 2.522700486513514306e+01 1.928102199004456097e+01 2.227731589515994415e+01 2.515111926919460927e+01 3.198779715853975958e+01 3.339763992569087492e+01 3.875587790999500726e+01 4.791435020315405069e+01 6.634790563388007456e+01 8.966313497991458803e+01 9.932687073012236567e+01 9.790696711337777458e+01 1.061048170882410346e+02
2.022278438842990342e-03 4.474158233438440213e+00 9.062472910849715291e+00 1.406247291084975792e+01 1.960947487310214754e+01 3.115648025689486644e+01 5.115648025704437174e+01 6.322887953529958338e+01 5.213355927561496372e+01 3.414618678054926448e+01 1.302471630183175400e+01 8.843529186464710534e+00 6.984194743619587697e+00 2.558484820899318635e+01 3.200612835460518113e+01 2.123463357172677135e+01 3.759082655331361877e+01 4.091570524438710521e+01 3.341720940988619049e+01 2.267291254874046658e+01 4.443273208779631034e+01 4.211047964616052042e+01 2.475148850964880864e+01 1.174117176084275016e+01 1.482418137683203163e+01 2.107430416398665685e+01 3.752011004593012444e+01 4.189012901149477131e+01 2.847371382787578042e+01 4.831475210715993995e+01 5.862789678397272297e+01 6.720212332040043179e+01 7.877251064030242844e+01 7.267084877513816821e+01 8.773348180190005507e+01 9.906529674133196295e+01 1.127791034495476197e+02
6.642187732006160465e-03 2.000664218773165004e+01 2.906247291085712803e+01 3.406247291086424411e+01 3.960947487312888171e+01 3.115648025689487000e+01 5.115648025698749279e+01 5.426717101415394495e+01 3.184744894248006375e+01 2.122959641941531928e+01 3.414466078747420852e+01 2.903656614926961410e+01 2.120016958764080073e+01 7.415955028951602301e+00 2.262918018655534524e+01 1.532231110862087320e+01 3.064291335461582833e+01 3.035135789700016318e+01 1.372992225875965033e+01 2.935475355338957115e+01 2.983335819993373050e+01 1.347144957059532189e+01 3.064365426669406745e+01 1.143360688639235967e+01 1.940329901333349127e+01 3.422609911597690768e+01 3.064699583357294799e+01 4.729138099498291581e+01 4.489476070248853290e+01 6.036386271449099894e+01 7.813064058624733832e+01 7.779026549581041650e+01 6.926652811089054751e+01 6.020453359815013528e+01 7.130813228007637861e+01 9.088740083095032674e+01 1.011560930743239339e+02
1.591255364720534126e-03 7.560880715549298081e+00 1.650515262554861451e+01 2.805215800934561798e+01 4.805215869086124059e+01 4.270348564068779496e+01 5.944075159734462233e+01 6.322901921112551804e+01 4.305730920412361229e+01 3.358154462373845917e+01 5.212832653048904774e+01 3.870916353706709856e+01 1.851132241245049315e+01 1.376880374981946886e+01 7.856313545566488976e+00 1.686291869066899096e+01 2.404591454377152004e+01 9.032318324036751278e+00 9.338372192575663533e+00 9.644783089510230667e+00 9.951217896406193475e+00 1.035405635403053637e+01 1.690756816965686582e+01 1.112623487306401238e+01 3.264736115858282517e+01 4.456069125668341968e+01 4.010571305288514310e+01 5.481476264388577135e+01 6.736929159451428006e+01 7.241601874079215406e+01 5.930643414132432412e+01 6.961761796823302006e+01 4.998194824544780346e+01 6.961761796988604090e+01 7.929217013735431863e+01 8.919472165596599211e+01 9.281718289992815585e+01
6.189296070378335485e-03 2.000618912377635539e+01 3.584511739235180983e+01 4.478943633734399299e+01 5.633647880053993617e+01 6.270348564100044797e+01 7.098775710922545557e+01 7.404673995668666464e+01 6.493098831540852700e+01 5.600113079192088605e+01 5.607010975857890855e+01 3.483039826859278065e+01 3.262374993993618943e+01 3.377119792771105011e+01 2.039226630411836894e+01 8.292505988750763279e+00 8.599246536126628371e+00 1.908688431167697885e+01 2.034792203820970258e+01 2.736529570450550608e+01 2.915527810070777548e+01 1.035612991395642091e+01 1.067972605614634141e+01 3.094183830138274871e+01 2.881494689773406037e+01 5.186751078478387456e+01 5.719447303937242566e+01 6.522882525236985884e+01 6.910468722172122114e+01 6.247439604096722121e+01 4.468966917304221198e+01 5.808227011299630504e+01 4.433272378474882913e+01 5.129651870076602904e+01 6.118607633652823807e+01 8.098957614022225471e+01 8.572376448724858733e+01
2.247884206357958405e-03 2.000224743938380811e+01 2.906244271356946030e+01 3.406237609797923938e+01 3.960926410155619237e+01 4.789143319336240268e+01 6.374920110556745811e+01 7.202408577924555289e+01 6.067395000296397711e+01 5.261563085363195569e+01 6.065788236702731950e+01 5.607010372080700478e+01 5.543612227460409514e+01 4.855163919563388930e+01 3.155873098044550318e+01 2.622607732929449398e+01 2.702757998033323972e+01 1.782646419905180935e+01 3.463967389093171079e+01 3.613836218908085840e+01 4.350562055885381341e+01 2.395046639054903537e+01 2.125854559003256128e+01 3.973846926964866100e+01 5.173436590196490670e+01 6.061127421440396290e+01 6.932871486307874420e+01 6.107456306404876756e+01 4.929115523225133444e+01 4.931244891432098143e+01 3.438477916832597714e+01 3.825732874090508773e+01 5.808227010862502482e+01 7.108782623719224603e+01 7.929217013735431863e+01 8.919472165596599211e+01 7.939196762027741272e+01
