LEM/sinusoidal_perturbations/elevation_000809.asc
nrows	100
cellsize	150.0
xllcorner	0
ncols	100
yllcorner	0
NODATA_value	-9999
[rows 68 to 84 of 100, columns 37 to 73 of 100]
4.827864771974515889e+01 5.457719246961026016e+01 3.533764825431520507e+01 5.508025137310628594e+01 6.585112764719980305e+01 7.429316632960416200e+01 7.958510230633135052e+01 5.856129639802026787e+01 7.361910183562386578e+01 9.398831295620060189e+01 8.302952960650158332e+01 6.860908762067145972e+01 6.197308165968706106e+01 8.280391686838426324e+01 8.925332513705565418e+01 6.912895782013507073e+01 6.719231627653165617e+01 4.634601776637769888e+01 4.238478412240190352e+01 6.348050031572973495e+01 8.283861659959148938e+01 8.257152300816866841e+01 6.171956581721548929e+01 4.912994033034311059e+01 7.053979089040032591e+01 7.019294922395467040e+01 6.178066393743243623e+01 4.320941095467396309e+01 5.803706770366919443e+01 7.476801798844698510e+01 8.909140723643098170e+01 9.703673188112890102e+01 1.029570314448994282e+02 9.463316859968848860e+01 8.243759946874973821e+01 6.232030545963662149e+01 5.851707063109835616e+01
5.940383783138261009e+01 3.900035412930540701e+01 3.397622036566727388e+01 5.151572572153611418e+01 4.558168963648154204e+01 6.584707995780568979e+01 7.396613631519157650e+01 5.268018466389397503e+01 7.396625565060004703e+01 7.640214018244702743e+01 6.791489338218789840e+01 5.338683991363724601e+01 6.590094708817844094e+01 8.656262234666176880e+01 8.343157504922884016e+01 6.299691704205502418e+01 4.824608621654390817e+01 3.956553862467555405e+01 6.063439543309794999e+01 7.191316697113934708e+01 6.940337139519847653e+01 7.013557711721065857e+01 6.584544005145413337e+01 4.440550936287802841e+01 6.430295807794047391e+01 5.954471856473022484e+01 4.098516083170405722e+01 6.177975651163065862e+01 7.244879878725356548e+01 8.686057390445742499e+01 9.096462070002188227e+01 7.654422995581091982e+01 8.254634480349675130e+01 8.639452403176994721e+01 6.637107168799008150e+01 5.421214898756361578e+01 7.483397303028291958e+01
6.835345613125360842e+01 5.920676345474302593e+01 5.151572572150175944e+01 3.209871434726608896e+01 4.557515848259163960e+01 6.572192857666418320e+01 6.186464046381279047e+01 4.741694702251644600e+01 6.880362572880694927e+01 6.208931800674351109e+01 4.651010140868375942e+01 5.904668885302689318e+01 8.002902905615053442e+01 9.484663269619828441e+01 9.147584632114549663e+01 7.742987022346160586e+01 5.880776713390125110e+01 3.774091921847406894e+01 5.628319393524535741e+01 6.306862025474588762e+01 4.870224882258067822e+01 4.940189354192865778e+01 5.617154940554014786e+01 4.001492005017177434e+01 5.373023950406933125e+01 3.871390551117699630e+01 5.954471711824673008e+01 7.019273696378587601e+01 7.569216197131497381e+01 7.648818359064625838e+01 7.728968396875700364e+01 6.211450503863989070e+01 7.075005920328121078e+01 7.452893918512660321e+01 6.870943656443310488e+01 5.145991049248960536e+01 6.373869757775018741e+01
7.214395687502192800e+01 6.796093507882912377e+01 5.011437710735856399e+01 3.076781922535161939e+01 5.011438043917437568e+01 6.186418572605120403e+01 4.059036905645108817e+01 6.186486454639618415e+01 5.668421880123654688e+01 4.080919188845903989e+01 6.208931800674351109e+01 7.640176066746110450e+01 8.837449330519895341e+01 8.769538191628299728e+01 8.328692162893237594e+01 6.340080815458966157e+01 5.156488072523885080e+01 5.628924688625005501e+01 3.528615273081281600e+01 5.341902728080187046e+01 3.385764856377706167e+01 3.448052778143280506e+01 3.511659756570443847e+01 3.576915885399245809e+01 3.644964001475748461e+01 3.723833337419084444e+01 5.851579353733813349e+01 6.038901680262417671e+01 5.511776606702176196e+01 5.594467958518339401e+01 5.677300533843342123e+01 6.360511487373445050e+01 5.065486938810405348e+01 5.747149233384695322e+01 4.777288724332490943e+01 6.870935029134298588e+01 7.961697644724165457e+01
5.786337116481934117e+01 4.814366128511345266e+01 4.872884693899695918e+01 2.941738999770509011e+01 4.872894534593815763e+01 5.742907637850969138e+01 3.647599595427544727e+01 5.161518050039340011e+01 3.578373776086563396e+01 5.668421880123654688e+01 7.064999977239462225e+01 8.183063292699934266e+01 7.753854789380038426e+01 6.299231063171918521e+01 7.175388782458179548e+01 7.069321578878434309e+01 7.060486446214218859e+01 6.011989526077293533e+01 5.289720420063502360e+01 3.299034247280045662e+01 5.379871771081307230e+01 5.547376381567541159e+01 5.010468373200494341e+01 5.687198422093497641e+01 4.516603830411486342e+01 5.570098777400906442e+01 3.839375581673998994e+01 3.922526952773761622e+01 4.007944100458444581e+01 4.093387258759622682e+01 4.178287606767261053e+01 4.262412726327912793e+01 4.345671163699980610e+01 4.428626432920574985e+01 6.526423148311667433e+01 6.742817841482833785e+01 6.623296475861543797e+01
3.780724289936235039e+01 3.443513738222110732e+01 3.126852336018448852e+01 2.804768916398236556e+01 4.735672121209011465e+01 6.581120301543408857e+01 5.161518028037321670e+01 3.141492325756646764e+01 5.017195049065106360e+01 5.658449609980524286e+01 6.357716853833664317e+01 6.367079240769525939e+01 6.629850895651969722e+01 4.664278591512778860e+01 4.792024500124481534e+01 4.753836015039635043e+01 5.933418102324419152e+01 3.396182037417287347e+01 3.219393209728294636e+01 5.290453784050686892e+01 5.375569189998707031e+01 7.409292664454373778e+01 7.085344139073177416e+01 7.328931304901286126e+01 5.552608941188732672e+01 6.543680608865534509e+01 5.943809229921987480e+01 4.344706544790285818e+01 6.113095974090731488e+01 6.196163250107166931e+01 5.680371528119065516e+01 5.760393593913416055e+01 6.443046560966945435e+01 6.316373450928693956e+01 4.552668422142463811e+01 4.642185638238505163e+01 4.732224870736018119e+01
5.793185049959744504e+01 5.387102336311891548e+01 4.574641463559586896e+01 2.676469402523921914e+01 4.429945406247752970e+01 6.199959058118427890e+01 4.857970519171801271e+01 3.555010017896950814e+01 2.859808348423254287e+01 4.393661438703117028e+01 4.626019416491143232e+01 6.312898656533543829e+01 6.279272326836650819e+01 5.301434446871076034e+01 3.522639197058861527e+01 3.636642088067032574e+01 5.075744089937434467e+01 5.156543295953727579e+01 3.163342564163327353e+01 5.226124593240313487e+01 6.139889518148670788e+01 7.524408809937845888e+01 8.006792088240376870e+01 8.236521538068866732e+01 6.914595241090721345e+01 7.532191340883429120e+01 5.486707261383367751e+01 6.439015847054223229e+01 5.080709813008134290e+01 7.134082570266562584e+01 7.767298932164526093e+01 7.809349900878352457e+01 7.275483991192530198e+01 5.200865827251345763e+01 6.652020779313289722e+01 6.742818038610005260e+01 6.831725489967240605e+01
6.044310964263625863e+01 4.700007252092876797e+01 3.477908210686663182e+01 2.547500780380005025e+01 4.131957578851428536e+01 4.549994680861050256e+01 2.564252126860283454e+01 2.607130411946899073e+01 2.649964791788927698e+01 4.369183060477714520e+01 3.725039204176304963e+01 5.653058784544495552e+01 5.672160014915088055e+01 4.253771136494933813e+01 2.979783216311695426e+01 3.021840537215524236e+01 3.063549540197362830e+01 3.104993384699098868e+01 4.441631174247400082e+01 3.248998488772890170e+01 4.701539380335302809e+01 6.224557059956870830e+01 6.018843213295973271e+01 8.007372491194269060e+01 8.768976125713206216e+01 8.340338600427955384e+01 6.535838613365041283e+01 7.959142394130458342e+01 7.147482792967748821e+01 5.919887948006215339e+01 7.939726313204883468e+01 7.970978101258614856e+01 5.943284570733130323e+01 7.275484962044134818e+01 7.275484960817716740e+01 7.416391977272206759e+01 5.342035016231625377e+01
4.509593753427002127e+01 3.035643309754734531e+01 2.377207766301765091e+01 2.417904159644159989e+01 2.460725905959805360e+01 2.503578293399058907e+01 2.965240318042479828e+01 4.168146140518921783e+01 4.647722417319609889e+01 2.711339274626667617e+01 4.112532270408719626e+01 4.808405506427658338e+01 4.872746284987734811e+01 2.919833081002159503e+01 4.935709770412127995e+01 5.387890804766631447e+01 5.110634354014007386e+01 3.237787491422265163e+01 5.436699420185817644e+01 5.309863747171252868e+01 3.335408380382210680e+01 3.351606812392288504e+01 5.514132488994791714e+01 7.610688647106090343e+01 8.974823503814302228e+01 9.327252611056589160e+01 8.528640805926208657e+01 9.327252547321337772e+01 8.538081691534121376e+01 6.553561485864892688e+01 8.538081691534121376e+01 8.486330418328324754e+01 6.490379465482284616e+01 8.486330418328324754e+01 9.275119143403594535e+01 7.739831064108075509e+01 5.694222666368153796e+01
3.141600339133461262e+01 2.319580218926547488e+01 4.271677053633909082e+01 4.648749136449073660e+01 3.339306832166649741e+01 4.181429423834691050e+01 3.313354701587460482e+01 3.840338481225207090e+01 3.818485326975493876e+01 4.817695796712161638e+01 2.772614375690384136e+01 2.815780961561791074e+01 2.859158972967920676e+01 3.911593090571816589e+01 4.369358414385804679e+01 6.286256280361122606e+01 6.420678404281314045e+01 4.409340391812541782e+01 6.427373668108326399e+01 6.023103096843404103e+01 5.109001391039775086e+01 3.417664499929607302e+01 5.700129789188360974e+01 6.765736626958575073e+01 6.765736404690976258e+01 8.257105166302017096e+01 9.139209853206477874e+01 1.036240337543742811e+02 9.229157600486077229e+01 7.274499984247864859e+01 9.229157600486077229e+01 9.056696988737367349e+01 7.080889217101271527e+01 9.056696988737367349e+01 9.794724288291475034e+01 8.226088390799671402e+01 6.221198071842238164e+01
2.261754946063069127e+01 4.254950554998563916e+01 5.037604576807518697e+01 6.016113511295379368e+01 4.477462851818719258e+01 5.616378469774991800e+01 4.651441681331336042e+01 4.857362171279168450e+01 5.085845595909334804e+01 5.957762740302106863e+01 4.967112274512944481e+01 3.460549737749974497e+01 2.964508876521500724e+01 5.065068084299144147e+01 6.288300020673491275e+01 7.130461151963261557e+01 6.612359966865788863e+01 6.663436134514928710e+01 7.354231167485491483e+01 6.463700780268862900e+01 5.292045695241134950e+01 3.486596225457418541e+01 3.994745220459962098e+01 4.531196494974270195e+01 5.193968432202969154e+01 5.959011613331869484e+01 7.183242656084330235e+01 9.495779525134825860e+01 1.002136965254472187e+02 8.414685616184267758e+01 1.002136915771991994e+02 9.713764143459525258e+01 7.742562451085817088e+01 9.713764292815530155e+01 8.972708006284388205e+01 6.997338179759231025e+01 8.226088390801521655e+01
4.198618872513905842e+01 2.552482730964315394e+01 4.545511321806896632e+01 5.679588387478020906e+01 6.401360267797655013e+01 7.215939719262378560e+01 6.809534730555661497e+01 6.642754268682340069e+01 6.313917058783547986e+01 6.527210400380587885e+01 4.471351869054645789e+01 5.437034894411965524e+01 3.354817860841686894e+01 5.439565283833386644e+01 6.866765078066725891e+01 7.922379192906069534e+01 8.640393171573735742e+01 8.043713960911024685e+01 6.381352050334613324e+01 5.150095774092018530e+01 3.992871352836660037e+01 3.552809559874871326e+01 5.394900033928325911e+01 6.607740450492268280e+01 7.468426687782114470e+01 8.257105166302017096e+01 9.139209853206477874e+01 1.026030659827617200e+02 1.034783368913812609e+02 1.034174760673934799e+02 1.112984292332728131e+02 1.053896206476141515e+02 8.723053634246338106e+01 1.053896256554336048e+02 9.566509833661930884e+01 7.597091972423228867e+01 9.566509833661930884e+01
4.159614242108309412e+01 4.545700661107875362e+01 2.842362143095133931e+01 4.842181734777031465e+01 5.149234885993384125e+01 7.189565676984551601e+01 7.194868411686340437e+01 8.027523502929284405e+01 8.159977901245520115e+01 7.360008809566440391e+01 5.396299179140626023e+01 6.291262485853745545e+01 5.439565898906055708e+01 3.939201113240744689e+01 4.978974494688636554e+01 6.466847497983609117e+01 8.591820480497911205e+01 7.850381459415675067e+01 5.315012939055336716e+01 4.684597162668123360e+01 5.698419472627568183e+01 3.621083594879767986e+01 5.710076270225512474e+01 6.772403126071417034e+01 7.818352616507075936e+01 8.646172706223609339e+01 9.359420082038738542e+01 8.677411459503059632e+01 8.396497768304654130e+01 9.777337355407946973e+01 1.172513626199192203e+02 1.153211613820714092e+02 1.070447495138471936e+02 1.153211613820714092e+02 1.026450741942484512e+02 8.290272114845672036e+01 1.026450741942484512e+02
4.713208781137652892e+01 5.683224552020264753e+01 4.842181734777031465e+01 3.135752725013464826e+01 5.149234885993386257e+01 5.704979884576381011e+01 5.140042127381787651e+01 6.848714167642037864e+01 8.289106478194781857e+01 8.268176001319642410e+01 6.852869974952427867e+01 8.268176001319642410e+01 6.504592379538070190e+01 4.436310343618928442e+01 5.629841586944189658e+01 7.678720622457876743e+01 8.943069747746048392e+01 7.287415697032103878e+01 5.457307262055673647e+01 5.817145768576585851e+01 5.410567742452168716e+01 4.789185318076195585e+01 3.721504730770271152e+01 5.918567133343417197e+01 5.691988530742130337e+01 7.818352876310730437e+01 7.363405345520804701e+01 6.995501370244745942e+01 8.968030425695855001e+01 9.857333180828943853e+01 1.000407399388235348e+02 1.081048233327420860e+02 1.095926550271355495e+02 1.176410273228225662e+02 1.109020466903536146e+02 9.424737539156275545e+01 1.109020466903536146e+02
4.509971304678614956e+01 5.811040265967765350e+01 5.991127084474979370e+01 5.149234885993274702e+01 3.438964187458683597e+01 3.660302516161174680e+01 3.949846027182248775e+01 5.408321857202464145e+01 7.313953657480540471e+01 8.748542652761381078e+01 8.864752752327117946e+01 8.169040911792586712e+01 6.130516108218617433e+01 5.040328505700325934e+01 7.098830809009611187e+01 8.522029701196851192e+01 8.149466305575727176e+01 6.320780812494174938e+01 6.746329691237166060e+01 7.575931488436339123e+01 5.855653818092169871e+01 3.829209192085207292e+01 5.836768013870374006e+01 4.112799503710685656e+01 6.314785968443607089e+01 7.037393438677420932e+01 5.865329164810540874e+01 7.735831936721540103e+01 8.095108103251072862e+01 7.888477644580115111e+01 8.042445405045100415e+01 9.363629645509136878e+01 9.005018669993920355e+01 1.060612366871354908e+02 1.141148813811942375e+02 1.141165440920472491e+02 1.223920702532744116e+02
2.965162962541433700e+01 4.969881501135378699e+01 6.303384596830980513e+01 6.312385856372812043e+01 4.869976123281887226e+01 5.704979884576381011e+01 4.203642321933664761e+01 4.408533975016403872e+01 5.879364662199436964e+01 7.811035539936270311e+01 8.823485084091801411e+01 9.012631932189961503e+01 7.744012015139037430e+01 5.703769900235467816e+01 7.744012015139037430e+01 9.480488488322242802e+01 7.598138865662680530e+01 7.598138865662680530e+01 8.592770805948686075e+01 7.611634255318297448e+01 5.966869128668456312e+01 3.906657756305481399e+01 5.966851370015931622e+01 6.314785955690992125e+01 4.534611349309682282e+01 4.844964221041087882e+01 5.216113331483362714e+01 5.611521837551899239e+01 6.022141781028442864e+01 6.438382519043734931e+01 6.880654833475531973e+01 7.395217768067091413e+01 7.995446298303548360e+01 8.650421845390039266e+01 9.629985230937940344e+01 1.101276494021013548e+02 1.295714988905300515e+02
4.969886403063239300e+01 3.432353496507183621e+01 5.462195402478153738e+01 6.849542873917167185e+01 6.920085662264365567e+01 6.671753554443114353e+01 4.604787726507143475e+01 6.476908497201101511e+01 4.912574995536605371e+01 5.959845330965411137e+01 7.408307986026886738e+01 9.413968615964553521e+01 8.508272009361763821e+01 6.486230127652778776e+01 8.508272009361763821e+01 1.028800062982941341e+02 9.480488488322242802e+01 9.480488488322242802e+01 8.154590624802204957e+01 6.240762383846389838e+01 4.892325256619020024e+01 3.984897517956769519e+01 6.040295271344209027e+01 6.977192515554833108e+01 6.735471218327111842e+01 7.037393438677420932e+01 6.786518399916012356e+01 7.735831936721540103e+01 7.916260942840990822e+01 7.631690409307384471e+01 8.871527200067097851e+01 8.512119842628490574e+01 9.954223060939040124e+01 1.060612366871354908e+02 1.141148813811942375e+02 1.238582443135766766e+02 1.189549625552458849e+02
