LEM/sinusoidal_perturbations/elevation_000412.asc
nrows	100
cellsize	150.0
xllcorner	0
ncols	100
yllcorner	0
NODATA_value	-9999
[rows 51 to 67 of 100, columns 0 to 36 of 100]
6.455108993161302530e-03 2.000642596014723296e+01 2.221710955359417383e+01 2.332336172084666970e+01 4.929639184110212291e+00 2.190743252979894606e+01 8.190174840775938492e+00 2.798996639802627229e+01 3.788088886184075932e+01 4.677137661387252621e+01 3.861246449240591971e+01 2.352497669911860001e+01 4.310425356954341680e+01 4.798691718334148248e+01 6.769210435135977377e+01 6.710778515996857152e+01 7.025008772682181757e+01 7.130848199848367130e+01 5.849703818885748063e+01 3.893951815351852019e+01 5.849705090526189366e+01 7.192583148253906700e+01 7.523024676257104204e+01 5.506700345821453624e+01 7.530493822422278072e+01 7.106791774976056786e+01 6.051935450746243816e+01 8.047503162219399542e+01 8.443805347466424394e+01 9.338780316054509001e+01 8.015796742106962824e+01 5.990292188511586602e+01 7.743017512206618846e+01 8.575525212688134502e+01 6.956798423267622411e+01 4.920010007855427858e+01 4.874646015442259994e+01
3.995603441288198172e-03 1.112113177965496469e+00 2.221551824720997992e+00 3.336102502442907181e+00 2.332960576404189723e+01 3.063903167463474730e+01 1.172120644424331815e+01 3.144177771330801008e+01 4.500869705808938193e+01 5.629862776968414551e+01 5.127263997585296806e+01 3.736172719890650029e+01 2.845628776239134083e+01 4.798691776170796430e+01 5.886483927544887962e+01 6.480507487689902746e+01 7.305410462022749130e+01 7.415536147597160266e+01 5.429525863571704747e+01 4.303313898504472235e+01 5.429525863571704747e+01 7.415536147568424497e+01 8.369447668013383179e+01 6.514633575358365647e+01 8.369447668013383179e+01 8.876573726563405842e+01 6.941909577567157896e+01 8.876526054365778862e+01 1.044550634208132465e+02 8.506520302426152114e+01 6.487060636581647088e+01 5.308044734626466266e+01 5.715213309943405307e+01 7.408074161298453930e+01 6.843872910024626322e+01 6.006714560943228065e+01 4.365291250689234914e+01
4.804567899273937473e-03 2.000480456729681933e+01 2.221711242185204682e+01 1.471923745907746728e+01 3.109714745915941947e+01 3.144177748808868245e+01 3.144177771827446577e+01 1.725466393013549649e+01 2.864400337415475306e+01 4.814651359996049962e+01 6.518355272993170502e+01 5.617216935261058808e+01 3.969636484891504580e+01 3.408912780251726105e+01 3.926672156941795322e+01 4.510354222049171113e+01 6.480507487689902746e+01 8.242307711575024598e+01 6.779718206012644544e+01 4.802354485726587541e+01 6.779718206012644544e+01 8.242307691774583134e+01 9.383879179967938455e+01 8.546354128413972262e+01 9.383879179967938455e+01 9.771308100707389599e+01 8.355509798296432677e+01 9.771308100707389599e+01 8.952340311238249626e+01 8.113870213915436125e+01 8.174509106151749904e+01 6.572312803699242068e+01 4.535993847834349424e+01 5.943873514318897833e+01 5.628594552324706513e+01 3.970475997587838890e+01 6.006713148199381180e+01
9.707512844716031236e-03 2.000970751284436133e+01 3.132276129784583674e+01 3.366593297649286143e+01 4.172242249766544830e+01 5.101298940707753360e+01 4.115404747075237424e+01 2.159876235895273311e+01 4.115404747075237424e+01 5.417917666459300818e+01 6.235535159979382058e+01 6.753879307386607422e+01 5.931202365197337656e+01 4.054655524476715556e+01 5.886483924521584754e+01 6.480507487647396658e+01 5.641273485714460634e+01 7.626922454101391224e+01 7.531830464415425297e+01 5.544099717132482397e+01 6.047320921664623938e+01 7.454902732814805688e+01 9.452541515146670292e+01 9.460864207019682226e+01 8.609271546491224569e+01 9.460864207019682226e+01 1.035785290942320245e+02 8.952340112798472660e+01 7.784604714956344651e+01 6.091983968424305829e+01 7.784604567446692158e+01 7.408074133876841927e+01 5.943873514297344229e+01 3.907561458676650545e+01 3.592543540891850284e+01 5.628594552324706513e+01 6.843870269020681008e+01
5.001202446392439237e-04 5.547505124950856903e+00 1.132104342520983131e+01 1.798797306182333955e+01 3.213288577971468385e+01 5.213630902933896749e+01 4.928001621065777016e+01 4.115404747075237424e+01 2.857374658529282385e+01 3.474782140879224812e+01 4.844075687048852785e+01 6.803294778460045222e+01 6.840142659884840270e+01 5.180184846694604772e+01 5.436365827859808064e+01 7.417837833164698225e+01 6.784350083851647639e+01 8.453495142448004174e+01 8.358934068812892804e+01 6.537602367488511845e+01 8.039997585798565183e+01 8.867100620252335830e+01 8.958802732621444420e+01 8.104336206028035861e+01 6.512947722978195486e+01 8.104336206028035861e+01 8.958802732621444420e+01 8.113870213102414652e+01 6.091983968424305829e+01 4.938153415073799124e+01 5.999774125612479025e+01 6.835787490477045480e+01 6.781189346722226219e+01 5.367904933429978342e+01 3.331227253479698192e+01 5.367904933445156246e+01 6.751801578654500702e+01
5.279685921607564676e-03 2.000527968592125205e+01 3.132382630811389035e+01 3.799175280258499043e+01 3.063950393733295741e+01 4.218952045925625072e+01 6.219114769358483130e+01 5.618211254237876773e+01 3.830132405842198295e+01 5.417917664321549154e+01 4.844075687048852785e+01 6.803294778460045222e+01 7.985343632608902453e+01 7.159461370213415421e+01 7.417837832633324524e+01 8.243921373181446199e+01 8.777897716389412608e+01 9.605034894217074282e+01 9.357227542274593191e+01 8.530027901740606922e+01 9.357181709021972438e+01 8.621010445219812368e+01 8.104336206028035861e+01 6.010603110084505829e+01 5.465318477502019334e+01 6.010603110084505829e+01 8.104336206028035861e+01 8.016765987782338243e+01 7.009286659452617130e+01 5.999774125659722301e+01 3.995636969498505664e+01 5.999774125634018418e+01 5.699262494269160584e+01 4.860048184116219971e+01 3.114802395706145788e+01 3.848901680395740499e+01 4.952113074239609603e+01
5.738623160518319517e-06 7.559295198807672200e+00 1.572426100808486282e+01 2.727126639187717316e+01 4.727126639187645907e+01 5.892728870555244214e+01 7.047464068209725951e+01 6.596145347423019700e+01 5.776756114119226027e+01 6.596145187727768189e+01 6.803294778460045222e+01 7.626994632919574713e+01 8.214249467433847940e+01 7.380285658895478207e+01 7.412344240290251207e+01 7.632738142634927669e+01 8.466518907467080624e+01 8.630964873086522005e+01 9.464538417722859265e+01 9.204352399213026104e+01 8.002211360574004573e+01 6.524944428402609731e+01 7.504370890487834345e+01 6.623843335891666584e+01 4.541252483720653288e+01 6.623843335162816004e+01 8.167864802532895396e+01 7.178461700990925465e+01 5.167186257556014795e+01 4.168382564518496025e+01 3.455579813696165559e+01 4.871852102560652042e+01 4.574040353072340537e+01 2.823841280407372167e+01 4.860048160199490752e+01 5.912872929250105614e+01 6.751801578654500702e+01
4.532054705376768917e-03 2.000453205470502027e+01 3.572426100808414873e+01 4.400853225554776316e+01 5.555553763933806977e+01 6.828160641611465564e+01 7.623312188167763281e+01 7.921639745059150073e+01 7.129597137115869998e+01 6.880201946356456233e+01 7.672878995974799921e+01 7.779795217780289818e+01 7.052577954253179371e+01 5.368747011414374981e+01 5.400930553290305625e+01 5.620876490590632812e+01 7.205876034086006143e+01 6.615584909385459866e+01 8.630964873086522005e+01 8.351506694656028174e+01 6.259720255688022661e+01 5.054167874257650794e+01 5.416445641602387440e+01 6.103195622832856060e+01 4.030128320638539208e+01 5.219913494573357582e+01 7.309781433091180247e+01 8.016765327953132214e+01 7.009286650144743192e+01 6.172823792616185301e+01 4.871852102595899936e+01 2.857677717854298294e+01 2.540769181258811216e+01 4.574040353072340537e+01 5.416431045631598096e+01 5.416431045631598806e+01 7.442565096849548922e+01
9.001595176218036079e-03 1.415113721890729259e+01 3.415113721890799781e+01 4.645490821053299868e+01 6.496228928016206794e+01 4.862539526274501611e+01 6.496231468590735858e+01 7.129597138320217198e+01 5.182005654171354081e+01 4.926864411258070220e+01 6.551823207910727831e+01 5.768672406112921891e+01 5.768672406112919759e+01 4.213347564685055602e+01 3.985887693854999014e+01 4.561635913803991826e+01 5.194280386278615680e+01 6.615584909385459866e+01 8.630964873086522005e+01 8.549247519499661507e+01 6.459494261476011445e+01 4.984400757036195984e+01 3.954664171241999782e+01 5.271280162354083387e+01 3.584564782114544812e+01 4.770216968312881534e+01 6.241708644107809789e+01 8.331296875701849558e+01 7.567093309681210656e+01 5.552008714885819529e+01 4.133595877927589868e+01 4.375016642559241120e+01 2.345951494086978073e+01 4.131069917799527502e+01 3.384096675238378538e+01 5.416430940093453472e+01 6.161788387398374311e+01
5.674351268809080251e-03 8.170640160545998398e+00 1.817064016054582254e+01 3.817063995234581597e+01 5.693308730380416449e+01 3.706616870440102218e+01 5.693308754297741814e+01 5.715364567077524072e+01 4.910368066949604327e+01 3.777603583777800367e+01 5.752441994562445160e+01 5.599323865034241265e+01 3.766310834795880425e+01 3.322684953129646601e+01 5.322002552912439199e+01 6.569753636250678142e+01 7.205876034086006143e+01 8.040061663554162408e+01 7.944326815990429225e+01 8.770147437921428946e+01 7.930286616550586132e+01 6.888758671528103150e+01 5.271280162354083387e+01 3.209141510250785956e+01 3.176683345907782297e+01 4.628513390648435433e+01 6.707946182918179545e+01 7.686016274286068040e+01 6.850611023245204478e+01 6.978364875694228431e+01 6.142213328036832110e+01 5.190429968202721511e+01 4.083334951850915218e+01 2.108929839360741099e+01 3.895533384583895042e+01 4.470033233696619135e+01 3.492539355329768824e+01
9.518805923843161668e-03 2.000951880592348786e+01 3.645491049965673369e+01 4.645488728090223418e+01 4.990907056005438136e+01 2.999093256159719090e+01 4.990907095396156734e+01 4.910368066949604327e+01 2.926706116913317501e+01 4.910368066949604327e+01 6.551823207909652069e+01 4.767491620454401158e+01 2.771428944506775593e+01 4.767491620454396895e+01 6.154734470820656611e+01 5.982809677413798255e+01 6.815810090942795796e+01 7.632707363213694407e+01 5.983999641894289567e+01 7.632707363213694407e+01 7.001145701626971629e+01 5.963893308122270298e+01 4.785425327608169965e+01 2.730377553698487247e+01 2.792874921510312447e+01 4.240495489847509702e+01 6.314970338546841333e+01 6.518505601904919899e+01 4.826208405429346016e+01 6.518505601904919899e+01 6.728838553630782826e+01 5.828951262332412853e+01 4.958988186218657290e+01 3.895532456492334461e+01 1.881580460300891744e+01 2.736902335892329674e+01 1.746401914850496695e+01
9.062254805971973678e-03 1.415121978784548418e+01 3.415373399750134809e+01 5.342589574024803767e+01 4.390352489676214987e+01 2.395710516532531997e+01 4.390352609901513148e+01 3.769589606446641739e+01 2.426850417292712336e+01 3.837170070285379353e+01 5.808135842537020466e+01 4.425169695673623238e+01 2.429620603208449126e+01 3.954814263849276301e+01 4.562077707006016425e+01 3.973591256366067626e+01 5.982809677413798255e+01 6.812531394326278189e+01 4.819696124641101420e+01 6.812531394326278189e+01 6.141192172579158637e+01 4.067352933047571639e+01 3.045338566376036127e+01 2.280675117286124376e+01 4.326068652997774677e+01 5.153492157480972224e+01 6.011907292940630043e+01 5.681821634036870705e+01 3.656629653830982107e+01 5.681821634035319590e+01 5.550355809838272592e+01 3.967512564383267204e+01 5.455744357714014114e+01 4.382913478077589531e+01 3.488933897977222642e+01 1.657264241241992409e+01 3.293991632336458508e+01
3.063233560239582431e-03 2.000199357076246542e+01 2.527061218202239345e+01 4.520329673552694771e+01 3.857261662904348754e+01 1.858777541822353996e+01 3.168996141502654851e+01 1.775440643783957029e+01 3.740629768860758730e+01 4.919446177471935755e+01 4.096872750945960462e+01 4.380568817366467727e+01 3.550782689246464940e+01 1.957706015109729236e+01 2.560724525486594061e+01 3.713196458949358458e+01 5.721671056647657139e+01 6.107957727835222528e+01 4.046906940379614070e+01 6.107957727835222528e+01 7.001145701626971629e+01 5.963893320997701153e+01 3.986636419588890590e+01 2.024802478436276587e+01 3.699347658474988521e+01 3.097021312944011839e+01 5.153492177188370960e+01 4.965808144710241123e+01 2.946938959210146081e+01 4.062942399360384371e+01 4.432572040682541825e+01 2.891783994216880771e+01 4.230654183987551420e+01 3.477734065844136069e+01 1.574011180490918171e+01 3.575172657804449727e+01 2.895415546569568477e+01
5.666595628964066558e-03 8.949913112701393558e+00 2.890686597741865427e+01 4.490109504712353328e+01 4.453333052818012305e+01 3.168705857142470350e+01 1.168208076521852590e+01 2.736552929817615976e+01 3.553742541810073163e+01 3.740753860140114995e+01 2.066916932359286108e+01 3.169293337739708250e+01 1.550235652531563169e+01 2.932338041636298698e+01 4.529488562279252051e+01 5.394700673654433132e+01 6.554766981868780817e+01 5.486527533666424006e+01 3.339722649740272686e+01 5.486527533666424006e+01 6.911006161920882107e+01 6.730670751084996084e+01 4.918874709207852902e+01 3.699347671841523777e+01 1.681948111164665605e+01 3.699347671841513829e+01 5.013975351309125017e+01 4.293807777230810530e+01 4.062942395153077513e+01 2.061581435771068271e+01 2.659946151162633754e+01 2.094660082799750001e+01 3.345039252503561045e+01 1.489879691603132628e+01 3.494788184705480916e+01 4.406706482353579446e+01 4.010343034898035341e+01
2.110006612196471242e-03 1.992472477652031770e+01 2.969857513061116805e+01 2.844484949013128983e+01 3.433217631582601825e+01 3.828093568029512284e+01 2.731137575832532249e+01 7.399444029174463644e+00 2.327169800753738471e+01 2.559170124266675472e+01 9.047092255736529864e+00 1.164272367454647750e+01 3.077251884115714731e+01 4.350201315556103054e+01 5.592604156587130149e+01 6.055875500459501382e+01 5.213540382559116182e+01 4.912769794244660915e+01 2.678783261112517522e+01 3.970445557382358714e+01 6.081970003697446003e+01 5.932056681181295232e+01 4.111897636616697582e+01 3.460089553516460370e+01 1.462250406624805876e+01 3.173549311291645125e+01 2.748522692303643922e+01 2.383594167205592029e+01 3.154064878389176485e+01 2.376475918865229886e+01 1.283622973874308038e+01 1.344307195385677289e+01 1.404220537471441688e+01 1.618195241751832114e+01 3.633983416592048599e+01 4.779452072972229359e+01 5.918647242168577094e+01
9.367352646185668139e-03 1.957759532616374187e+01 1.083693667400743976e+01 2.033554531642030483e+01 1.347361433189065760e+00 2.191968055677647698e+01 2.181175126852777524e+01 2.214399595065648896e+01 2.361251491737453190e+00 5.581019140946918533e+00 2.559170317672017347e+01 3.168639207639303024e+01 3.998926770744171222e+01 4.816912017041104122e+01 5.738442264447726870e+01 5.213540382559116182e+01 3.001024522059078947e+01 3.649055414116751450e+01 2.049364298738313295e+01 4.361198981792062312e+01 5.997838464204217246e+01 5.723152776162825717e+01 3.880903248867726063e+01 2.578668887629079265e+01 2.888852397390243354e+01 1.161736356572457751e+01 1.020727833754273739e+01 1.080434992359782065e+01 1.139101424330631929e+01 1.198150160596640923e+01 3.210711672813181394e+01 2.134104206352706257e+01 2.338593595920110246e+01 3.491515175465787735e+01 1.920944122766552908e+01 3.935418990328335553e+01 4.513217791863615247e+01
3.648181865326004768e-03 3.215622682871665527e-01 6.395343385413434500e-01 9.576793740647324693e-01 2.024092759684844367e+00 1.684775253355474511e+00 1.932384112389175845e+00 2.218972420514755850e+00 2.539158469222468018e+00 1.811833698324532449e+01 3.055957904107281209e+01 3.396304294513397082e+01 3.197873112746633595e+01 2.842155342066329027e+01 4.654316102105913444e+01 3.922553863470791669e+01 3.027004304378387189e+01 1.319123398885452225e+01 3.648687215547623452e+01 4.335659508415513841e+01 3.707501291433104029e+01 4.264321889009936939e+01 4.524250024133040426e+01 3.630783873481740187e+01 2.546676323712881640e+01 9.343192501561242480e+00 2.888744455198404282e+01 3.095315201564153185e+01 3.150849651882446167e+01 1.618794741774262036e+01 2.033633965363573637e+01 3.952243063023811942e+01 4.465541024019660199e+01 3.846866077239575787e+01 3.934572823633887140e+01 2.235937789454769131e+01 2.482986210079857159e+01
