LEM/sinusoidal_perturbations/elevation_000327.asc
nrows	100
cellsize	150.0
xllcorner	0
ncols	100
yllcorner	0
NODATA_value	-9999
[rows 0 to 16 of 100, columns 37 to 73 of 100]
1.035775915146543156e+02 9.508434831304855095e+01 9.508434831304855095e+01 9.654676767224574974e+01 9.654676767224574974e+01 1.050170253250958865e+02 1.107771809820470423e+02 1.022227621182831712e+02 1.022227621182831712e+02 1.022227621182831712e+02 1.107771809820470423e+02 1.085720197184345182e+02 1.000743899706898077e+02 1.085720197184345182e+02 1.058952029801165367e+02 1.143851964907928931e+02 1.116705626645554759e+02 1.029693737632510704e+02 1.057299346126537927e+02 1.144107223215173832e+02 1.145953475146511238e+02 1.062442803426959159e+02 1.043786343544074953e+02 1.043786343544074953e+02 1.127189532721153427e+02 1.214439477613581602e+02 1.155095372198246082e+02 1.155095372198245940e+02 1.239080362292805830e+02 1.267788728426379095e+02 1.181570880931234200e+02 1.267788728426379095e+02 1.289648958670053389e+02 1.203284607311436218e+02 1.289648958670053389e+02 1.380293474964866220e+02 1.267966305182375777e+02
9.508434831304855095e+01 7.462629762254634613e+01 7.462629762254634613e+01 7.610665347770751055e+01 7.610665347770751055e+01 9.654676767224574974e+01 1.022227621182831712e+02 8.171030903112821875e+01 8.171030903112821875e+01 8.171030903112821875e+01 1.022227621182831712e+02 9.840835964420314497e+01 7.982484787777853796e+01 9.840835964420314497e+01 8.549346570555312042e+01 1.025901967891765452e+02 9.942423908338950866e+01 8.167331866568572707e+01 8.443775584526167677e+01 1.057299346126537927e+02 1.031304448989418745e+02 8.651218615546312662e+01 8.469588983509069635e+01 8.469588983509069635e+01 1.043786343544074953e+02 1.013944632189202935e+02 9.554780813384581961e+01 9.554780813384580540e+01 1.155095372198245940e+02 1.163524255631545117e+02 9.728842654261086409e+01 1.163524255631545117e+02 1.184418742768453399e+02 9.920129616710694620e+01 1.184418742768453399e+02 1.298696042059041815e+02 1.105149224746792243e+02
9.338425848153664788e+01 8.060128890107397126e+01 6.036207182865822318e+01 6.182228204730388654e+01 7.610665347770751055e+01 9.654676767224574974e+01 1.022227621182831712e+02 8.171030903112821875e+01 6.758123878486642866e+01 7.981987497496075434e+01 8.829419615795421805e+01 8.994961892423422967e+01 6.998646967635471583e+01 8.994961892423422967e+01 7.403500775030099135e+01 9.356025315122444397e+01 9.067409061999460107e+01 6.963464410122246306e+01 8.126496409500548168e+01 9.000394201163243224e+01 9.485195045202193853e+01 7.539797670669238983e+01 7.111258401564116127e+01 9.046083223243624616e+01 1.032833181804326159e+02 1.013944632189202935e+02 8.179912864447760512e+01 1.013944632189202935e+02 1.145342878148289145e+02 1.077227573178671207e+02 8.707484462468762842e+01 1.058184850936751360e+02 9.952084888688480646e+01 8.865432699077410916e+01 1.097648784491253195e+02 1.232194910816146205e+02 1.185794475896801146e+02
8.508330025514126760e+01 6.486342985196723987e+01 5.336623605044162133e+01 7.344978021054316741e+01 8.209342431706036791e+01 1.025414580539962230e+02 9.306360641135844958e+01 8.142760967968500552e+01 7.301573466451759487e+01 5.998256755708734289e+01 7.981987497494989725e+01 8.329523584160769190e+01 6.344471105181681025e+01 7.519129303136502074e+01 6.524693813886082694e+01 8.513564792386024749e+01 9.266725261145261072e+01 8.126496409500548168e+01 6.057696738718781404e+01 8.126496409500548168e+01 9.741860333025869068e+01 7.804272228357309871e+01 6.440179918195256903e+01 7.648088167173538920e+01 9.440641669280201143e+01 9.548624754392884029e+01 7.604650751350139615e+01 8.647764242083403019e+01 1.061883995100386784e+02 1.004226177765195871e+02 8.003861515489590772e+01 8.529560112995328325e+01 7.899464922828879310e+01 9.952084888664899154e+01 1.170891509661440892e+02 1.042601407318682192e+02 1.107148096099937931e+02
8.373351822356163154e+01 6.341713163165577072e+01 4.937000459342539926e+01 6.934365726719630629e+01 8.563062469057014425e+01 8.918754180424696187e+01 8.456465196759002367e+01 6.456134030278475677e+01 5.341971905005654975e+01 6.713510473862721994e+01 8.721283118687797753e+01 9.170925593406859377e+01 7.519129303136502074e+01 5.541159270768296352e+01 6.933806643851795570e+01 8.932223205518189957e+01 7.793718862008437043e+01 6.320712462871624382e+01 5.544056670751987781e+01 6.966934291308621141e+01 9.075031267905123400e+01 7.928253236170087348e+01 5.997435964612257919e+01 6.670698844100817837e+01 8.964199872943174796e+01 8.382971076243624964e+01 7.078484427644507093e+01 8.433575676025870393e+01 1.039977926458191178e+02 1.058184850936751076e+02 8.529560112995328325e+01 7.125443218682609370e+01 9.130661467342271465e+01 1.081525838907190007e+02 1.098132058824173356e+02 9.142197954878103872e+01 9.751026613022357026e+01
8.211020012147650959e+01 6.556899177950538160e+01 4.568532083644291930e+01 5.705794230693320657e+01 7.719530143438115033e+01 6.912332019288908214e+01 6.912332019288908214e+01 6.407143576248155625e+01 4.963441931561311549e+01 6.070176948510191295e+01 8.056398973686020781e+01 8.731753969464952547e+01 7.122554344143976834e+01 5.149244838153612847e+01 6.539906483328206832e+01 8.532539893201098380e+01 6.928194236712194254e+01 4.906601458977758767e+01 6.928190178255491105e+01 8.462508375321304754e+01 8.699984737257267398e+01 7.519109096369055578e+01 5.560533785860610578e+01 6.011709787011137962e+01 8.170662279677307538e+01 6.465178800588896024e+01 8.382971076243624964e+01 9.755618274915120480e+01 1.058480060321796117e+02 1.019534897323900537e+02 8.158396698222234988e+01 6.761652281656905927e+01 8.755006206621278864e+01 1.042592574995210555e+02 1.109567370513609177e+02 9.194055550863311055e+01 7.875465356816653184e+01
7.320318539344086162e+01 5.345630791092958845e+01 4.228159572095193397e+01 5.621982589134269404e+01 7.632224759468547859e+01 6.764911329435899745e+01 4.966520542715380770e+01 4.479159751311731696e+01 6.407143576248155625e+01 7.746670083884569635e+01 8.903279258748408154e+01 7.900828349512850934e+01 5.918709841662610671e+01 4.788826971668186161e+01 6.756928986813568372e+01 7.546844491539059163e+01 6.524071700644033456e+01 4.518226251874099120e+01 6.523988044669081887e+01 8.125937096472054577e+01 6.726880861421228985e+01 7.129466093624499479e+01 5.155537831100755142e+01 7.129466093710664154e+01 7.985845278168292793e+01 6.060572615922932016e+01 7.985845278168292793e+01 7.795824396440234239e+01 9.755618274915120480e+01 9.666225278408512622e+01 8.405333414393224700e+01 6.418505765638612104e+01 7.553201636539913011e+01 9.569367070312861756e+01 1.052594296546110684e+02 9.712169242317018814e+01 8.839848659908822981e+01
7.311575344401164500e+01 5.306692510984036915e+01 3.915251275495170091e+01 5.893529884468465951e+01 6.074542962808239110e+01 5.521214734208515296e+01 4.026826085297864921e+01 5.939426282512525290e+01 7.235507296484419726e+01 8.004227707751255139e+01 8.723287389908828970e+01 7.820143932431159328e+01 5.838544303370782274e+01 4.456527456097325057e+01 5.963029049833951234e+01 5.418020296680523273e+01 5.630936200448348217e+01 4.152423047683605262e+01 6.144921310959724536e+01 7.132852340203021413e+01 5.318297906211618908e+01 6.279804126316707169e+01 4.799629912284232347e+01 6.766872349575226053e+01 7.610558277462796184e+01 5.677616417662873971e+01 6.425578634554941004e+01 8.369834733717644326e+01 9.255433910485903937e+01 7.650459119360932903e+01 7.650459119360932903e+01 6.096535594674924141e+01 7.233150085965091591e+01 9.238933042350767266e+01 9.712169242317018814e+01 7.775156897734542838e+01 8.342494475911620100e+01
7.106522595609077086e+01 5.285746552029099377e+01 3.616185756733793255e+01 5.572649434744937480e+01 4.252174125048025388e+01 3.615024603103108092e+01 5.521214741508403989e+01 6.574823579173518340e+01 6.713326315215542195e+01 6.396127292566142586e+01 7.355002145368835897e+01 6.558229096006698455e+01 6.746786722283388826e+01 5.963029049833951234e+01 3.990518322881960955e+01 3.673421652848961827e+01 3.650463753974054981e+01 5.604269833017463753e+01 5.721817803579723716e+01 5.773977209157728652e+01 4.458902556481981350e+01 4.328078022227161625e+01 6.279804119395694784e+01 7.582229114041339813e+01 6.804236367799637719e+01 5.307771452054917205e+01 6.677023416830184033e+01 8.624130751621466118e+01 7.247564170414119644e+01 7.247564170414119644e+01 5.666186396255453417e+01 7.650459100016513503e+01 8.925323143316934704e+01 1.009275197300828779e+02 9.712169242317018814e+01 7.775156897734542838e+01 6.382469222732338210e+01
6.214450451181190260e+01 5.297718201751169431e+01 3.329872611077684752e+01 4.928549196919221487e+01 4.899779225795445114e+01 3.328639778298964558e+01 5.109663426443456302e+01 5.683412323623200280e+01 5.012297666466790957e+01 6.577804679602853355e+01 6.068365980329502207e+01 4.494820861179630356e+01 4.786600549622840362e+01 5.409372904728257225e+01 5.235760714769322277e+01 3.577344139370924836e+01 5.374838081503501996e+01 3.723917335522536831e+01 3.776157938402734970e+01 3.828476739472485946e+01 3.880483911901911398e+01 5.824614757083215011e+01 6.710836660446649660e+01 6.381842509537149510e+01 4.861047327162232534e+01 6.804236367799616403e+01 8.061614624873757862e+01 7.698770264295099253e+01 6.864087185940728375e+01 5.263954419779892646e+01 7.247564170414119644e+01 8.490842277365044310e+01 8.619704660966552012e+01 9.390475637997118952e+01 8.797103051139528418e+01 7.941568076934673570e+01 7.201260280154667726e+01
6.213006903715282192e+01 5.945008077898614118e+01 4.770101065597488343e+01 2.954000077035368221e+01 2.944412276401652306e+01 3.946194830896688188e+01 3.904100675585787883e+01 4.884203684228052111e+01 4.155275230452400592e+01 5.879431043413466540e+01 4.555689331645572082e+01 3.344076020210039957e+01 3.397039719983813910e+01 3.450236518229089455e+01 3.503168574330770468e+01 5.424971796570375915e+01 4.794422538924218458e+01 5.665167083931022773e+01 5.721325292029172971e+01 5.766366438982756648e+01 5.779827585238273002e+01 3.954404318381162398e+01 5.898420043555473313e+01 4.437466342473751268e+01 6.381844495415489860e+01 7.616745378303856739e+01 8.401923217806205457e+01 6.303107815475722475e+01 4.891319311523837854e+01 6.510184450140651791e+01 7.341017053689188288e+01 8.125579395103258662e+01 6.493519699221201336e+01 8.117795823423489310e+01 7.309446362607330627e+01 6.351437358988174253e+01 5.220113750926231688e+01
4.722341678035635937e+01 4.758994300928290500e+01 4.741548015988328757e+01 2.900617605043267488e+01 4.782231501760755776e+01 2.988645698265726836e+01 3.034693164230423434e+01 3.081468128035217191e+01 4.856234887101140174e+01 5.162142498629343379e+01 3.270201886936034441e+01 5.176792795137360059e+01 5.357204110333572089e+01 5.331382318883684945e+01 3.848168016994864615e+01 5.724151901031530087e+01 6.111542391967269339e+01 6.548122618709037113e+01 7.532527473365367143e+01 6.334715512425184158e+01 4.384794994393528356e+01 5.898396426638613832e+01 4.028931977218464766e+01 5.973428454675639188e+01 6.860636033035633830e+01 8.355315515297361628e+01 8.162971149917260050e+01 6.849929477129225575e+01 4.878752305981726778e+01 4.545491790306193280e+01 6.500631929284500643e+01 6.636039312065820184e+01 5.403123694305928382e+01 7.212825105436103001e+01 6.637281501464082112e+01 5.063536237220830571e+01 7.039963796261196194e+01
2.785606539722146735e+01 2.821197673630402036e+01 2.855133233779472235e+01 4.792280183407507366e+01 5.179032384027481584e+01 3.816320887403498574e+01 3.051708442321972470e+01 4.695726124084695385e+01 3.149367895290938080e+01 3.198353190173419591e+01 5.157094245452514514e+01 5.914715874870356771e+01 6.337279080783611107e+01 4.397069062114771043e+01 5.741973504146335472e+01 6.608553333431753174e+01 7.898211395448805661e+01 8.053509802721184485e+01 6.792943664930277237e+01 4.835147722034892581e+01 6.335897206829359618e+01 6.785487224787098626e+01 5.973042843531398916e+01 4.104388153776444881e+01 5.492183529418444010e+01 6.918876300843203353e+01 6.973041756342250608e+01 5.748893798001500954e+01 4.466503308333714983e+01 6.313457037667331662e+01 4.626571663544375212e+01 4.684097595621094712e+01 4.741812851490485059e+01 6.617749352198137558e+01 4.909406761350214055e+01 6.873817175609576680e+01 6.119481711067017926e+01
4.727248836815671496e+01 4.440102768545162348e+01 2.994429347434460453e+01 4.975669432988267715e+01 5.675414034077375192e+01 4.624380775876213789e+01 3.096832836550482426e+01 5.088913592973732136e+01 5.160064694377939531e+01 4.343851369256192640e+01 4.007336009393473830e+01 5.933715368099790766e+01 7.145387737360201186e+01 6.348712038559467885e+01 5.101271459302488864e+01 7.066203798694162685e+01 8.727945934456228372e+01 8.716856847440831757e+01 6.631350484818588598e+01 5.169695146513966932e+01 7.130420672532963522e+01 7.295879090821649982e+01 5.332952249154021018e+01 6.033834961358461157e+01 4.179855333029877329e+01 6.117079053737317196e+01 6.252030635883416920e+01 4.387577416659620866e+01 6.335224528939293265e+01 6.977585954825758563e+01 5.424341784068482752e+01 6.635157938548873346e+01 4.957282702391553642e+01 4.825287854691933376e+01 6.007186089675060003e+01 5.008956416583111348e+01 5.079431446445220644e+01
5.926484095485205472e+01 5.559752050154255443e+01 3.598658411431669890e+01 5.611039361845558204e+01 6.259603375393243141e+01 5.088054286543190585e+01 3.142307982590319071e+01 4.932116652065229800e+01 6.473148782267509205e+01 6.180487362798060502e+01 5.940932389042102812e+01 4.918536602615642295e+01 6.852678179839534778e+01 7.888327464085057272e+01 7.066203798694162685e+01 5.943246501166252216e+01 7.900987265470776322e+01 8.617308128277988999e+01 6.661726790482079252e+01 5.528325893804281321e+01 7.488252716478812943e+01 8.123171424856316492e+01 6.716270575036706703e+01 6.644234493132178443e+01 4.638900625517101162e+01 4.255430616652721199e+01 4.309026756885991460e+01 6.253186741127107950e+01 7.142581433698701687e+01 8.112638193165344092e+01 6.405068557812198549e+01 7.196935733147499548e+01 5.208074328245893270e+01 6.787309613128019237e+01 7.187007561624261598e+01 6.943614830014809058e+01 7.014614954684955705e+01
6.885483235141003888e+01 4.902387966305048650e+01 5.033646087105093159e+01 6.423868827745765486e+01 6.116692129684054180e+01 3.206795452878400710e+01 3.889201893801394050e+01 3.973187058686978901e+01 5.838054401249159753e+01 7.708934747844698165e+01 7.654165623119475015e+01 6.285319465616743173e+01 6.285319465616746015e+01 8.222403442304592147e+01 8.593241796092712548e+01 6.635250304453177250e+01 8.593241796092712548e+01 9.439407838691482766e+01 7.879580890977318575e+01 5.922940018487277314e+01 7.306057102024664118e+01 9.264189800610419923e+01 8.689788042217729469e+01 7.862451559691049852e+01 6.774368872225186067e+01 6.135213803458940873e+01 4.486716744120203515e+01 6.418836853095747585e+01 8.174620479373376725e+01 9.059219199715948889e+01 7.764272912690714179e+01 8.021883520802644796e+01 6.635214673383795514e+01 5.665070140315425817e+01 7.639351888141554525e+01 8.437567879852556985e+01 6.610053089521225900e+01
7.895962835264464275e+01 6.431754694475195322e+01 7.179124969206284845e+01 7.261925082724177116e+01 6.294987220058904853e+01 5.177297152037601791e+01 3.270881697670941435e+01 5.197688829107457309e+01 5.033093189796587552e+01 6.384497943151535537e+01 8.270189112963289801e+01 8.222403442221201431e+01 8.222403442304592147e+01 9.023011780622853450e+01 9.425511144473742320e+01 7.757239028827123661e+01 9.425511144473742320e+01 9.692053680570687391e+01 7.731335063519352957e+01 6.353276966922067714e+01 7.478639286665583086e+01 9.435287791334778262e+01 9.294772401395010775e+01 7.336480402174316851e+01 5.954213344689871690e+01 4.803428000593213909e+01 6.419235839743883787e+01 5.375033172303978546e+01 7.353773164466446133e+01 9.322575711078984284e+01 9.612599226789508577e+01 9.552556587218633410e+01 8.182633820305798622e+01 6.222574551995367642e+01 6.233345647162753522e+01 8.191173880841684252e+01 7.923949261589885396e+01
