LEM/sinusoidal_perturbations/elevation_000805.asc
nrows	100
cellsize	150.0
xllcorner	0
ncols	100
yllcorner	0
NODATA_value	-9999
[rows 0 to 16 of 100, columns 37 to 73 of 100]
9.888058868208999286e+01 9.963616009360268322e+01 9.132177979695157433e+01 9.963616009360268322e+01 1.010998349291796359e+02 9.280093390764680805e+01 9.280093390764680805e+01 9.867714479201460165e+01 1.024173357848276282e+02 9.410128790218591632e+01 9.407696185016889956e+01 8.719462843509596439e+01 9.276784037140126316e+01 1.010892644589207663e+02 1.170834493272146801e+02 1.253567890729060679e+02 1.254984360319387804e+02 1.254984360319387946e+02 1.338171828626383331e+02 1.351822437601648801e+02 1.269564770398254154e+02 1.269564770398254154e+02 1.325037832401859248e+02 1.383252489337356508e+02 1.324799769615287062e+02 1.406920637599379518e+02 1.286978016674160585e+02 1.204785402973027431e+02 1.204785402973027431e+02 1.174236905518281020e+02 1.256430059719525758e+02 1.258165275503699689e+02 1.176516226004795129e+02 1.258165275503699689e+02 1.247726651582727158e+02 1.166103209020651406e+02 1.140572717354913408e+02
8.559739459816587726e+01 8.960978763300840910e+01 7.127729626324982348e+01 8.960978763300840910e+01 9.280093390764680805e+01 7.278199127031111004e+01 7.278199127031111004e+01 7.864540381660229684e+01 9.082516309234286211e+01 7.402244996815601041e+01 7.400515044801876741e+01 6.717377760694886035e+01 7.267333576238728199e+01 9.276784037140126316e+01 9.694393620315946691e+01 1.170834493272146801e+02 1.053600651795885739e+02 1.053600651795885739e+02 1.254984360319387946e+02 1.269564770398254154e+02 1.071243729268480251e+02 1.071243729268480251e+02 1.126462387710615332e+02 1.184623788883546354e+02 1.126262653824244069e+02 1.292342495518144858e+02 1.204785402973027431e+02 1.007095414799673421e+02 1.007095414799673421e+02 9.767617532553134652e+01 1.142255951708587673e+02 1.160084013660863462e+02 9.807495740780865390e+01 1.160084013660863462e+02 1.134475566586974509e+02 9.703192805265645404e+01 9.449046673809411345e+01
6.562524980067733793e+01 7.133388504992919366e+01 6.136823206975772393e+01 8.129953803010067759e+01 8.297990813677515121e+01 7.864540381660229684e+01 5.876840141889974234e+01 7.864540381660229684e+01 8.188875564574932753e+01 6.256577452653677796e+01 5.998048179317765261e+01 7.988404838504362715e+01 9.276784037140126316e+01 8.269301267292108548e+01 1.028426373712285624e+02 1.112584571359807626e+02 9.109167475350483301e+01 1.112584574401925011e+02 1.232388550000773932e+02 1.250470125486655206e+02 1.129330617363414575e+02 9.322039505265099990e+01 9.870004515482432339e+01 1.095973736452391449e+02 1.012366184141741456e+02 1.210171908865512762e+02 1.204785402973027431e+02 1.007095414799673421e+02 8.684918724638795595e+01 8.637620099147675035e+01 1.054188434645904522e+02 1.078632900041441331e+02 8.831904919639285367e+01 1.078632900041441331e+02 1.053067305201588084e+02 8.576577517407574192e+01 8.322693836201430884e+01
5.163545092313418650e+01 5.149539064954043965e+01 7.133388504992919366e+01 7.715780231295349267e+01 6.303325057134112797e+01 7.265226209749557995e+01 5.281841931500114384e+01 6.487909961164343997e+01 6.838413549284088333e+01 5.376668893631367752e+01 7.358998865793383004e+01 8.819846227269930239e+01 1.035821663861611341e+02 1.028426630273998654e+02 1.111503626380328313e+02 1.045361947672727467e+02 8.436103245833020026e+01 9.475415467487012222e+01 1.149118089413332484e+02 1.168300185328689054e+02 9.709378004224893743e+01 8.632686109318552781e+01 1.003236050433153679e+02 8.992358739846810067e+01 1.095642939273029555e+02 1.143462684397402285e+02 1.225840217212728760e+02 1.121531401356960487e+02 9.723638438926226968e+01 7.764189735473152609e+01 9.723638438926226968e+01 1.013485430682270163e+02 8.181853340047462098e+01 1.013485430682270163e+02 9.777812411743276755e+01 9.402475469087529802e+01 7.450097504090739164e+01
6.535235392886954742e+01 4.548847395505715241e+01 6.535229919950181454e+01 6.696467049945729855e+01 4.899606080677276054e+01 6.063764673655892068e+01 6.212060590249583925e+01 4.499839449039031081e+01 4.855651513338153080e+01 6.838413549284088333e+01 8.188875564574929911e+01 9.041660394312214066e+01 8.345489370181911681e+01 9.763778345525484781e+01 1.000806381219430676e+02 9.173365270235758828e+01 7.827931460856677859e+01 8.992904637225042563e+01 1.100889836074030796e+02 1.146603771109536041e+02 9.493926822461247639e+01 8.113136926955937156e+01 8.074383930546926535e+01 1.003236050433153679e+02 1.111538500466980111e+02 9.460928454500303530e+01 1.111549138643957946e+02 1.039562865500540880e+02 8.431765875130724908e+01 7.302922162895643510e+01 9.261791950393275386e+01 9.571071489875058091e+01 7.618547920255090844e+01 8.833086947845565362e+01 7.822626454754508529e+01 8.898373646158542272e+01 6.941108769466127626e+01
5.616551527464037719e+01 4.208490492231840108e+01 6.197779785887175308e+01 5.619632522671046360e+01 3.897109074969589670e+01 4.069394671898857041e+01 4.243700448951059911e+01 6.235674996504987178e+01 4.822622228893185792e+01 6.807061470855219909e+01 7.367340653996053845e+01 7.038172707580700660e+01 6.928238220423160953e+01 8.259660805322069166e+01 8.603154137182303884e+01 7.157364657901845817e+01 8.310205850075217882e+01 1.024526373001170612e+02 1.184181680013224849e+02 1.215059040731550795e+02 1.089082062363657286e+02 9.467166959753039635e+01 7.514099940942432454e+01 9.039320428201853019e+01 9.245077948762745734e+01 8.330952396936565663e+01 1.029499384247275486e+02 1.041927093866913765e+02 8.853339364439096926e+01 6.894570312788121669e+01 8.853339364439096926e+01 1.021472459989590789e+02 8.260793894080973132e+01 6.875186789285712052e+01 6.426620654299058799e+01 7.814759080934456392e+01 6.469210709396853076e+01
5.880628546101293352e+01 3.885089454359331995e+01 5.439844846294577252e+01 3.658602933592545980e+01 5.657753519284143096e+01 6.063477452282469216e+01 5.001052915035266011e+01 6.985458938396834583e+01 6.807061470854782215e+01 5.149153495649495227e+01 5.383272568073547149e+01 5.638127045688636940e+01 5.937998572032726941e+01 6.257298595488983040e+01 6.591915283753689891e+01 8.603154137182303884e+01 9.969850371020751822e+01 1.105676346168302473e+02 1.272469763640779661e+02 1.075469536084612798e+02 9.409341319288230920e+01 8.594521713145078934e+01 9.039320428201853019e+01 7.085287369265810753e+01 7.287133934951326353e+01 9.245077948762096298e+01 1.057651459049135383e+02 9.601343427622384752e+01 7.640401622207697585e+01 6.510672345020171292e+01 7.894424542738475736e+01 9.856807311417827577e+01 9.644549063737014194e+01 8.833086947845565362e+01 7.814759080934456392e+01 5.848674581488688062e+01 7.415941029793498274e+01
6.072767039580478610e+01 5.246035534705475811e+01 3.438221764535767733e+01 5.439844955996159825e+01 4.267113849674150572e+01 6.258040489716437094e+01 6.985458938396855899e+01 6.401481810143481255e+01 7.961802232429548098e+01 7.132401467568188025e+01 6.005439020346242529e+01 7.625448061561566249e+01 6.410362737754726936e+01 8.259825128303224062e+01 8.603154137182303884e+01 7.807136197723899329e+01 9.142792410832869621e+01 1.101842781174529335e+02 1.325147478605171614e+02 1.152634805268131259e+02 1.126752566100139319e+02 9.296956953792729905e+01 9.296956953792729905e+01 8.625881936535196814e+01 6.670523402468690222e+01 7.797138466157711889e+01 9.757966570286390606e+01 9.509921709421513469e+01 7.548486547851966577e+01 6.164956776228361690e+01 8.122972313109636389e+01 8.776170109639267025e+01 1.074375540484517160e+02 9.732984542401175077e+01 7.807525820568010033e+01 7.398678197127277656e+01 5.488559227769012949e+01
5.246033491372547530e+01 3.242237767354358624e+01 5.246035534784082444e+01 6.265919805003406395e+01 6.258040544130364680e+01 4.916516852133814552e+01 6.902320239203983476e+01 8.395304441541831864e+01 8.395304441541831864e+01 8.664678921493187147e+01 6.662195990728564254e+01 8.664678921493201358e+01 8.409623502728157973e+01 7.256688032720727222e+01 9.266692129238954578e+01 9.868547144604130494e+01 1.070547220709560747e+02 1.161426176224571378e+02 1.242790526248869156e+02 1.211032015331857821e+02 1.013379186879014355e+02 9.296956953792729905e+01 7.338048827747768144e+01 6.864305392447668908e+01 6.417051500979356149e+01 8.062906668889502271e+01 8.878033201062392266e+01 8.962087371823407977e+01 7.796635630878651568e+01 5.838957876381361700e+01 6.817102557599660884e+01 8.776170109639265604e+01 9.866609318346392854e+01 9.111299771082461518e+01 7.862098979001234511e+01 7.043676141537393676e+01 5.234306585462451267e+01
3.366867508450786062e+01 3.105747501903761076e+01 4.526410125210980340e+01 6.520445366919162211e+01 7.383941382703122258e+01 5.398166536525387471e+01 7.383941382703122258e+01 9.029020614327329497e+01 1.039757696459248137e+02 9.497086686015970258e+01 7.658477738303298565e+01 9.497086686015946100e+01 1.010045778400745604e+02 8.414773465553835763e+01 8.525850565209839260e+01 1.054150208114284055e+02 1.128843152219079826e+02 9.636776023458200768e+01 1.128843152219079826e+02 1.152917947523402091e+02 9.555803397433751911e+01 8.171240031952953586e+01 9.296956953792729905e+01 8.821851947053474419e+01 8.062906668887988815e+01 6.107255773275532817e+01 7.772464147808729251e+01 7.001417169653646511e+01 7.382357216868447836e+01 5.535867965493813614e+01 7.441889278037152167e+01 8.980277983114009999e+01 7.912184468765649115e+01 7.728495006884045893e+01 6.345364571953028587e+01 5.091254768310165701e+01 7.056358305821163412e+01
2.916461306260525888e+01 4.920704719432044527e+01 5.110426389098798694e+01 7.105332811873485355e+01 8.213512901331144178e+01 7.383941382703122258e+01 6.204019028579755002e+01 8.197967394268945895e+01 1.018722636709932772e+02 1.050265530990547944e+02 9.670880382585447421e+01 1.050265530990563008e+02 1.126340793722269353e+02 1.043043466579090222e+02 9.951340292974940382e+01 1.137434178348019458e+02 1.047255983863809945e+02 8.481030389629111710e+01 1.047255983863809945e+02 1.174616876314340459e+02 9.771418431033937679e+01 9.555803397433751911e+01 1.095334787246464998e+02 9.110320432218749431e+01 7.150788709933915754e+01 7.772464147808729251e+01 5.816696086790217635e+01 5.618874500750554546e+01 5.423432055074911773e+01 5.236501078702723788e+01 6.372240002803448533e+01 7.783486292652472116e+01 7.591279986032357385e+01 5.953628378790000397e+01 4.947851084154611101e+01 6.918372273390406235e+01 7.866464915547739167e+01
4.745373774021587820e+01 3.628868923305330441e+01 5.627246135349585643e+01 7.111466408246712945e+01 7.940342765855687901e+01 9.029020614327329497e+01 7.610175003165547025e+01 7.350213255649798327e+01 8.766872132252861149e+01 1.077835247283549194e+02 1.126812210696022731e+02 1.045487911126095071e+02 1.070875956327336525e+02 1.152251570365293958e+02 1.196627867413212982e+02 1.103313603338934286e+02 9.768447849474617328e+01 7.778778397148558099e+01 9.768447849474617328e+01 1.103313603338934286e+02 1.174616876314340459e+02 1.152917947523402091e+02 1.050092260360172389e+02 8.534314152966450706e+01 9.110320432218762221e+01 7.767882003514540656e+01 6.943024255366012198e+01 7.575530421118628510e+01 6.043696517749766173e+01 6.979936204602027772e+01 5.010170168259208623e+01 6.763510893193179641e+01 6.781036570547404096e+01 4.805584184112655777e+01 6.781411583003557553e+01 6.345364702349097996e+01 8.301734922740811840e+01
5.567517238313199357e+01 5.627246135349585643e+01 4.417057334445573957e+01 5.122498689257985660e+01 6.268008177419019233e+01 8.263651778588415198e+01 9.617023756730463901e+01 9.356021083786092163e+01 1.018722636710052996e+02 1.034795438492187429e+02 9.536931863770196571e+01 8.507618940844230337e+01 8.759787113494010669e+01 1.070875956327336525e+02 1.118837851929349938e+02 1.021602376710184785e+02 8.235463530547828270e+01 7.195260067850087182e+01 8.235463530547828270e+01 1.021602376710184785e+02 1.063261255652960671e+02 1.078532887904771513e+02 1.132078687652020506e+02 1.050092260360172389e+02 1.052748936989458315e+02 9.656674952581680316e+01 8.868270864522723684e+01 7.173926925234398766e+01 7.174075907531909024e+01 7.794162067853478959e+01 6.763511714374720896e+01 4.786154437810493079e+01 6.550148659906605531e+01 4.706337698595990560e+01 6.685115640050000252e+01 8.301734922740811840e+01 9.111762713756577625e+01
6.954074876212864353e+01 7.235881746706257900e+01 5.566529742041208095e+01 7.111466408246712945e+01 7.940342765855687901e+01 9.094082967718453858e+01 9.430621775295919917e+01 8.621846518093892087e+01 9.430621775295919917e+01 9.103026653636381127e+01 7.595504352840087847e+01 7.390511277064707940e+01 9.330627927688630052e+01 1.118837851929349938e+02 9.207918833172466577e+01 9.571339956910476587e+01 8.598903105634082067e+01 6.654168798674444929e+01 8.598903105634082067e+01 1.005071110784077888e+02 8.653999140380453525e+01 8.807286966647393456e+01 1.020357495235806624e+02 1.138408873230011409e+02 1.056907610401582929e+02 1.076597823240242633e+02 8.781556621745583868e+01 8.564724054154402211e+01 8.566551793059966258e+01 8.202687694609215896e+01 6.196281693644965571e+01 6.550642529145245874e+01 4.567753525408082282e+01 6.494909087742523468e+01 7.348541478017048689e+01 8.474446203348207973e+01 9.038630610312857527e+01
6.105228353409960818e+01 8.091642375591487735e+01 7.558085216979199572e+01 8.387564270143590761e+01 8.741060952620576074e+01 7.933705375569417129e+01 7.933705173966735913e+01 6.684216650962568451e+01 8.459620931645117992e+01 7.163429178038231271e+01 6.479921800202002657e+01 7.595504352840087847e+01 9.536931863770196571e+01 1.049408386235383830e+02 9.506036181263637275e+01 7.595627462711630073e+01 8.174527288099785949e+01 6.255768396170032020e+01 8.174527288099785949e+01 9.067894082768083308e+01 7.270884775462772609e+01 7.421736311222295512e+01 9.386642029318245761e+01 1.025361981309399937e+02 8.615016710169557257e+01 1.025361981309399937e+02 1.076597823240242633e+02 1.054831630112154812e+02 1.055790417239901444e+02 9.041233823816996562e+01 8.187745093939794572e+01 6.638333843543226465e+01 4.486614883217576732e+01 5.884993733597167420e+01 5.917097473593246093e+01 7.730580148686061648e+01 7.093733641696195491e+01
6.105228353409960818e+01 8.091642375591487735e+01 8.996024006392603667e+01 8.200411298152816642e+01 7.933705333084259337e+01 5.995077154797217389e+01 5.995077154653493068e+01 5.716524198967676540e+01 7.194734567438391082e+01 5.796101869123156547e+01 6.527068740706096150e+01 8.463381826176954803e+01 1.034795438492186435e+02 9.676085936260479059e+01 7.699463001150837727e+01 6.742573835028134965e+01 7.782862269378465214e+01 5.884269699086558347e+01 7.782862269378465214e+01 7.525375050747369698e+01 6.329196697456943355e+01 8.252203184043311524e+01 1.020357495235806624e+02 9.440899386966167128e+01 7.493193473541647620e+01 9.211872601486925305e+01 9.161700870507131356e+01 9.973797225197762373e+01 9.141068774846119993e+01 8.361350140071327530e+01 8.004586590565223503e+01 6.185728605930512458e+01 6.132485725569043922e+01 4.372883690514156285e+01 6.402923147472877474e+01 7.657466726973468951e+01 5.757334653831367888e+01
8.091642375591487735e+01 8.921503709170548291e+01 8.200411298152816642e+01 6.285487377674539289e+01 6.846355605097855346e+01 6.169502599673924692e+01 4.615730338301430180e+01 4.921035818801733086e+01 5.257232794018880639e+01 7.194734228702816381e+01 8.463381696224240613e+01 7.894181900592168688e+01 9.837552006225486423e+01 1.049408386216068294e+02 9.506036180173589401e+01 7.893649635397562747e+01 5.989123605097466907e+01 5.528695850222457153e+01 7.014733007057546388e+01 5.633150587564126965e+01 7.525374954086206003e+01 9.067894082768083308e+01 1.008453301826161379e+02 8.133205005080131400e+01 6.759488943636679892e+01 7.264390682576706126e+01 7.214565254540808326e+01 8.847345490183823813e+01 8.361350140071327530e+01 6.465785424388909064e+01 7.020983170565143894e+01 6.235544090836634723e+01 4.260242081648213741e+01 6.241404408343495192e+01 6.351937342293673794e+01 6.445428931388350691e+01 5.139011762554541463e+01
