LEM/sinusoidal_perturbations/elevation_000273.asc
nrows	100
cellsize	150.0
xllcorner	0
ncols	100
yllcorner	0
NODATA_value	-9999
[rows 68 to 84 of 100, columns 0 to 36 of 100]
5.009162696260268353e-03 2.000500916269590590e+01 3.666341530092596912e+01 2.840893606166089569e+01 1.325964950688003263e+01 1.742993778802268068e+01 2.637420973951430270e+01 3.792121655306983286e+01 5.792120624957916419e+01 6.750832033890607420e+01 7.905527721862736712e+01 8.392433474904787261e+01 6.779502511915350738e+01 4.855664101044753522e+01 3.824660544127854678e+01 3.404382203069261692e+01 4.688955411526823980e+01 4.143803562640494675e+01 2.128566550249182754e+01 3.117866685382813330e+01 4.969183392108644881e+01 5.461625196488807887e+01 5.076753747772652758e+01 6.390886036041575835e+01 6.033788930354629088e+01 7.854089775348292335e+01 8.729455127027509320e+01 8.984801669068575336e+01 8.984801669068575336e+01 9.807812761156631609e+01 8.940877198604081855e+01 7.179777062416685851e+01 7.600319631212600768e+01 8.478169983778383312e+01 7.641784680998473789e+01 6.222826423510137772e+01 4.237607972861349737e+01
4.695337527364121070e-03 2.000469533752700713e+01 3.829188539392702495e+01 4.154387026620860723e+01 3.325964825996666718e+01 2.325964957583412129e+01 2.473290522568839123e+01 3.027990720103637656e+01 3.922417961069324122e+01 5.077119101727456751e+01 7.077116217490630845e+01 7.579300646584319168e+01 5.620203319415574583e+01 4.538981587829433550e+01 5.668773887521870591e+01 5.237874596403896277e+01 5.949248538051276114e+01 4.164564102530273715e+01 2.170542079338690300e+01 4.129745238743031166e+01 4.956057860817782057e+01 6.672096311407095470e+01 7.008725266084159955e+01 7.829144900214222957e+01 7.979785944973232859e+01 8.807776233317937908e+01 8.396245205007680568e+01 6.984677648858735211e+01 6.984677648858735211e+01 8.984801669068575336e+01 9.904054826429062075e+01 8.552339750867750467e+01 9.565216424644884796e+01 7.646876837801808335e+01 5.640389589854385832e+01 4.897042798950766240e+01 6.222826423510137772e+01
7.614146464036155443e-03 1.000761414646412284e+01 2.414974977019532432e+01 4.414974977019603131e+01 5.081893468087957189e+01 3.081893924057832734e+01 4.473290273743174339e+01 5.027990373967513449e+01 4.182691444193088870e+01 5.337392799780817398e+01 7.337385228435570639e+01 7.687972062914744242e+01 5.727744469437125474e+01 5.873752384828435424e+01 7.260675253153944197e+01 6.428058638131193447e+01 5.141970146984201051e+01 3.790783115476290988e+01 2.212426223056505492e+01 4.200956008646814155e+01 4.944109694701383262e+01 5.761097940146807872e+01 6.808147354813438312e+01 6.808187579159307745e+01 7.634127488774461767e+01 8.861058196863045566e+01 6.862328384558668404e+01 5.567487442126824249e+01 6.495232727272903617e+01 7.911841771275533119e+01 9.905315629638457153e+01 1.045382037650103797e+02 9.284269736458260525e+01 7.270187722131893793e+01 7.434769095148629958e+01 5.518943903769161352e+01 7.550351229584808266e+01
2.352828262072654761e-03 2.000235282826171712e+01 3.736037398623953010e+01 4.564464516560022389e+01 5.564464512831227694e+01 5.081893468087957189e+01 4.496107960406153836e+01 6.496104785374986079e+01 6.182689843534556928e+01 7.011072057007213232e+01 8.165716088525176986e+01 8.500842308381366763e+01 7.110751294529681843e+01 7.835091383640194351e+01 7.073155957088496848e+01 5.602789239088644280e+01 3.604711786095614201e+01 2.405786954424765156e+01 2.254285030365338116e+01 4.243843999214076490e+01 3.222619407699905736e+01 4.919044965128421154e+01 4.816974208251598810e+01 4.816975398605836745e+01 6.808187579159307745e+01 7.004867523218784697e+01 6.178305246667294881e+01 4.868075378555802502e+01 6.276082545492780440e+01 8.277651040116336389e+01 8.829712679902789318e+01 9.649849468979749645e+01 1.010976561023589682e+02 9.042048801249227097e+01 7.124605969530968252e+01 6.670148267886985138e+01 8.441747630218755205e+01
6.786455232800275850e-03 2.000678645523244370e+01 1.736037398631646056e+01 2.736037398631628292e+01 4.150250961004673655e+01 6.150250960952174495e+01 6.496104785374986079e+01 7.324512734693699656e+01 7.644316622417717610e+01 7.171800961568989408e+01 8.001461118748892432e+01 8.848018725620127611e+01 9.081506270433379768e+01 7.826714758889961843e+01 6.247191222549883349e+01 4.261005678067508740e+01 3.093122137826030382e+01 4.445028455186486127e+01 3.755944142678776387e+01 2.313825007428174274e+01 2.356088907061930371e+01 4.344103740600747443e+01 3.414361442397338209e+01 5.400182291069820906e+01 6.405711861075531033e+01 5.580189086671986587e+01 4.194578362914683112e+01 6.178305246667294881e+01 7.689055764287338945e+01 7.415770590862008760e+01 6.830096601171186421e+01 8.829712679902789318e+01 8.421490493395307908e+01 9.227846828724486272e+01 9.060729518899721313e+01 8.759027494044049433e+01 9.591294503826968310e+01
3.257643153035955173e-03 6.669924309819673880e+00 2.666992430980423379e+01 4.041713982527824811e+01 4.041713982975630159e+01 4.870308581137712878e+01 6.330254822681742866e+01 6.915713993780833846e+01 5.636985424041673554e+01 5.163161248013857119e+01 6.012112282242961925e+01 8.001461118748892432e+01 8.979744368234702279e+01 7.000548090789803268e+01 5.007358476706930617e+01 3.867285745176528167e+01 5.100467318136475825e+01 4.958267166226581679e+01 2.978773698607610143e+01 4.303995682512259435e+01 4.345740451460726206e+01 2.415929994479925469e+01 4.404633865102586299e+01 5.287180002208967267e+01 5.041311981839282197e+01 3.600228996713224205e+01 5.580189086671986587e+01 7.004867523218784697e+01 7.415770590862008760e+01 5.409610303234539685e+01 6.471953435533981747e+01 6.830747636262955780e+01 6.366734307635748991e+01 7.925946286614220071e+01 9.188579314291723676e+01 9.683628857754163732e+01 1.050322371890978275e+02
1.880098487986705483e-03 2.000188009305866643e+01 2.415026032334215600e+01 2.040301104043924951e+01 2.040301104043934544e+01 4.041713982978505015e+01 4.330011623163492374e+01 4.915869292280113712e+01 4.214038050318165318e+01 4.000727479317271928e+01 5.163161248013857119e+01 7.171800961568989408e+01 8.155024890909069768e+01 6.155412477999454524e+01 5.007358476708164829e+01 4.853702713402314828e+01 5.705747426304419179e+01 3.728100548208587384e+01 4.958267166226581679e+01 5.781896656377914212e+01 4.042534380214313927e+01 4.405730413288205938e+01 2.476043454997152793e+01 4.463475890260589551e+01 3.056123329226168295e+01 5.041311981839282197e+01 6.405680027467393245e+01 6.485384600536006872e+01 5.658750442352678789e+01 4.659535087018329591e+01 4.467751299051904823e+01 4.821291549164938317e+01 5.199151262485396785e+01 6.362545430464451357e+01 8.369616102426667226e+01 7.687291364263768401e+01 9.103511511235838327e+01
2.900726248362994839e-03 2.065744591854519641e+00 4.139662423470768182e+00 6.247926514688487920e+00 2.626501364112409220e+01 3.650073782133939204e+01 2.914470860273393882e+01 4.352702028777979848e+01 3.052261825012031338e+01 4.475153758556337635e+01 6.485383414682576131e+01 7.370912036047937477e+01 8.201330566243146336e+01 7.826715702343591374e+01 7.000548126040776253e+01 6.000604944468745572e+01 6.278258295584153359e+01 4.295022468628303614e+01 6.278258295584153359e+01 6.860458352117113634e+01 6.032000847190123238e+01 5.291005458176739040e+01 4.468027639800963868e+01 2.536408618520053437e+01 4.497219672152873216e+01 5.400304197558500618e+01 6.089931922146739396e+01 5.264014775706228022e+01 3.687295166879236774e+01 3.992335248150980931e+01 5.967629120973525403e+01 6.828640700848752942e+01 7.211220465658820444e+01 5.852416241870234614e+01 6.411506356811580076e+01 7.314832252034152305e+01 8.476686053167850332e+01
5.081304048347549951e-03 2.000508130404799090e+01 2.415026032430216318e+01 2.626501364259363314e+01 9.391491823172197329e+00 1.647311028956575640e+01 3.650073782153938851e+01 2.341959127664323148e+01 4.352702028777979848e+01 5.895395858904096542e+01 6.103915166319657004e+01 5.367614087725433336e+01 6.783374515861862619e+01 8.789353085684231814e+01 8.825448839234859122e+01 8.000491307612817593e+01 7.105040220722106881e+01 5.174431182682234009e+01 5.911560914139155898e+01 7.909874533029125132e+01 6.493444548972632901e+01 5.669795316946037644e+01 4.812989583477768463e+01 2.673284799299280934e+01 2.597774372027233625e+01 4.590516759870868668e+01 4.892040447921704072e+01 3.300217040013960457e+01 5.264317462814689463e+01 5.976647019565621122e+01 5.610159955393423559e+01 7.623035716900481873e+01 8.688226117257144665e+01 7.864404422507280401e+01 7.496996485589281178e+01 8.421034166189917869e+01 1.013604688754570304e+02
4.469920835086939326e-03 1.155147530462750183e+01 3.155147530462714656e+01 3.770984559886069576e+01 2.355612828554131610e+01 1.279963132650256696e+01 1.707274112709630032e+01 3.713875491016569441e+01 5.095329316069761916e+01 5.035330790106432630e+01 4.104776853994940211e+01 6.015894513065019567e+01 6.593228707858423832e+01 7.261432018882268835e+01 8.092266019837038016e+01 9.095828963990892646e+01 7.171273188773641039e+01 6.585120937776892447e+01 7.909874533029125132e+01 7.089545984112166366e+01 5.669795576482568578e+01 3.688288909541017802e+01 3.243883295966598723e+01 4.812350243144071271e+01 4.517003832976671163e+01 2.659150340798686685e+01 2.922668204673564674e+01 4.888976725126905620e+01 5.231593481033011983e+01 7.202133422940605101e+01 7.626311147184894423e+01 7.761988853612336925e+01 8.590204699349236250e+01 9.110602109763109979e+01 9.495503837007777292e+01 1.031678119074377236e+02 1.123047551497733707e+02
2.324776005098761877e-03 2.000232477600474468e+01 3.983574655208839488e+01 5.186356291218005765e+01 4.113410739494474910e+01 3.284251055618113924e+01 1.707336665559176225e+01 3.464519791555060380e+01 4.432369946227503732e+01 3.035214131422833361e+01 3.484198508862414911e+01 4.018498545836031610e+01 4.593284391200340622e+01 5.256822085810728140e+01 6.257324311356001800e+01 8.265539726408533738e+01 9.169608476997542823e+01 8.586369902745479976e+01 7.869543861721328426e+01 6.263855160033463676e+01 4.293582418280356450e+01 5.669795576482568578e+01 3.970280035447690636e+01 5.945923787371266656e+01 5.449434707301755054e+01 4.649136525308677648e+01 2.722015993953003132e+01 4.230696272155397253e+01 5.377844293032359957e+01 6.486292712957701667e+01 7.387773982000086903e+01 5.754938026292339970e+01 7.102883208333699372e+01 7.102883175983971853e+01 8.382727224497928376e+01 9.209181957598201507e+01 1.021049757495188572e+02
8.699724428260374037e-03 2.000869972442790612e+01 3.299347157223725446e+01 4.127774282010770435e+01 5.127774282089329461e+01 4.541850105061178056e+01 3.102373245214769781e+01 2.162098243137400289e+01 2.506958407959229262e+01 4.510074428417625114e+01 4.895897592897417638e+01 5.114718590611367688e+01 6.593228707858423832e+01 7.261432018882268835e+01 8.092266019837038016e+01 9.095828963990892646e+01 1.002289058542180555e+02 8.869215440180605015e+01 7.042574774732604226e+01 5.057221519248415831e+01 5.088658788511135356e+01 6.773671397998334953e+01 4.852463767067634137e+01 6.773671397998334953e+01 6.260813422781620829e+01 4.327252897139214127e+01 4.715437496225916902e+01 2.785927019729234644e+01 3.746004877529365018e+01 5.600592856275834208e+01 5.392346150204708977e+01 4.622290767296716041e+01 5.104220212463964401e+01 5.696420181967040719e+01 6.364547001166236839e+01 7.378354588596606334e+01 9.387099880877806868e+01
2.249585233037712084e-03 6.326804905569823667e+00 1.299347157223654925e+01 2.299347157223672511e+01 4.299347157223743210e+01 5.781133870738245406e+01 4.159170552193799608e+01 3.850181784181276612e+01 4.510074437193900820e+01 5.339270869456575497e+01 6.897208499820308703e+01 7.116585354284484310e+01 7.946961623497311678e+01 8.082756759558725435e+01 8.051450849844314916e+01 8.893382984769550603e+01 9.199714310956471763e+01 7.196975150649608111e+01 6.041717231828508972e+01 6.456387022275929155e+01 5.968202291225630063e+01 7.662182464972541140e+01 6.249494149772958451e+01 7.662182464972541140e+01 7.073328617687451469e+01 5.848743740316457007e+01 4.061703951113694444e+01 2.831600739985533366e+01 4.026017092745855308e+01 5.320780561274118270e+01 4.014566697709043552e+01 5.976793340727736137e+01 7.102883208333699372e+01 7.710000480708148984e+01 8.382727224497928376e+01 9.209181957598201507e+01 1.021049538830489212e+02
2.739267172789772273e-04 2.000027392671692539e+01 3.299347157223725446e+01 4.127774282010770435e+01 5.127774282120110172e+01 6.619503547659378739e+01 6.146203264140176969e+01 6.253815621851949658e+01 5.803453386978583239e+01 6.591798075271569246e+01 5.943174234233405429e+01 6.241808555567086358e+01 6.571380767444924231e+01 6.069869649482500051e+01 6.039611684743432818e+01 7.156516867341112231e+01 7.995735005105302662e+01 8.869215440180605015e+01 7.457488454280480994e+01 8.457757196810526068e+01 7.123006549237832985e+01 8.795691452406612143e+01 8.249520316096688077e+01 8.211186009652746520e+01 7.385871744765363189e+01 5.837658463566725686e+01 4.219426705809872402e+01 2.877546779718966974e+01 4.816498178409650421e+01 3.472103459225325395e+01 5.432563443123564184e+01 5.976793345387994805e+01 7.974490817105096596e+01 8.583998652359092318e+01 9.411956226365158784e+01 1.029618474010824229e+02 9.493746165402095016e+01
8.327778614586212741e-03 1.155533316240700081e+01 2.569746878613770136e+01 4.569746878613698726e+01 4.619761335740675179e+01 4.619761334692625354e+01 5.584815823153674330e+01 4.756928840040274054e+01 3.925360977661175355e+01 5.341495208905639913e+01 3.941150574477479296e+01 4.238508626836025428e+01 4.566671266006914465e+01 4.654730123524658580e+01 4.884543770713459310e+01 5.149597116421266207e+01 6.565944770879609393e+01 8.582284032177607003e+01 9.458025939340568300e+01 9.949673335684403241e+01 9.126380576180214632e+01 9.450308702827445018e+01 8.626546128225577093e+01 7.385871744765363189e+01 5.394516979927966105e+01 5.406847820296910356e+01 3.424214442779371126e+01 4.864181634562184087e+01 2.943102788780259615e+01 4.466267754167714088e+01 5.841581136251507900e+01 6.619784352752905932e+01 7.209017869904782572e+01 6.639482182231644458e+01 8.583998652359092318e+01 9.493553508129453178e+01 7.621991157831205044e+01
6.510866554257996840e-03 1.414864649028508303e+01 3.414864649028437071e+01 3.355431221209876469e+01 2.620679897113453194e+01 4.619761335740675179e+01 4.431845946146088977e+01 2.760493482804754706e+01 2.841726229987089880e+01 4.122709489681914619e+01 2.531381104241760127e+01 2.828015537769107368e+01 3.155190384687352889e+01 3.501879200034627360e+01 3.885603314379626738e+01 5.887229368524209860e+01 7.198196770248240739e+01 7.868031199054708225e+01 8.709453174495746453e+01 9.721261069659098553e+01 9.792306538437151175e+01 8.626546128225577093e+01 6.626755289882908073e+01 7.212480465478742531e+01 5.977771286800692963e+01 4.000034384364881390e+01 5.406847820296910356e+01 5.086038421774384233e+01 2.989805875020169879e+01 3.395757083564077305e+01 5.298206113758023150e+01 4.766114268443438107e+01 5.345698127040186876e+01 6.392669037772266449e+01 8.324171113653262921e+01 8.707412688686950730e+01 6.827404102633471439e+01
8.953482861371391335e-03 2.000895348286101694e+01 2.396555777836010748e+01 1.357018326065082192e+01 2.813796094115966895e+01 3.033789222457134827e+01 3.260676898235909249e+01 1.609521592856619776e+01 1.862871662165415998e+01 2.129189560430173245e+01 4.124210980670076054e+01 3.719206330166291252e+01 5.153837084669003588e+01 4.914413065002127468e+01 5.887229368524209860e+01 4.614901629260680238e+01 5.191923759176059150e+01 5.858527912635300083e+01 6.859436173946700421e+01 8.876626224162724554e+01 8.969507228055383052e+01 6.968705644938104626e+01 5.967262281690364034e+01 5.218863593311148463e+01 4.694411713121832719e+01 5.977771286800692963e+01 6.802851494682749944e+01 5.032815833442585784e+01 3.036828688809950449e+01 5.020645580549793863e+01 3.992055284202756837e+01 4.666104126012112374e+01 6.519365780072828898e+01 8.025719204298408727e+01 9.152357164074862794e+01 8.948485562961337791e+01 7.336668920849091080e+01
