LEM/sinusoidal_perturbations/elevation_000634.asc
nrows	100
cellsize	150.0
xllcorner	0
ncols	100
yllcorner	0
NODATA_value	-9999
[rows 17 to 33 of 100, columns 0 to 36 of 100]
5.222468517465790779e-03 5.165263043115734476e+00 1.050527717488490786e+01 1.651099009823869679e+01 2.349886362659006878e+01 3.458803094737012174e+01 4.777569099424696475e+01 6.644234509652100940e+01 6.439338666806392553e+01 5.633843756038178441e+01 6.409096036725706824e+01 4.812065651183662851e+01 6.512869709530679074e+01 6.788196720007255180e+01 4.810402956840497524e+01 3.517141496779912302e+01 4.849052873558893850e+01 5.672621483911751739e+01 6.009612025933453339e+01 4.354227209231819273e+01 2.374430067302943925e+01 3.712489473325509692e+01 4.288069509931825962e+01 3.545091681959384999e+01 3.085481945714393248e+01 1.400953825286812560e+01 3.425837553971351213e+01 4.155978016894693639e+01 2.750959535745401396e+01 4.163041464009937442e+01 3.990490183981285810e+01 2.006471751388297875e+01 1.632392625760764204e+01 1.744383943213640364e+01 3.730640196353132154e+01 3.066009164924173547e+01 4.502502714626834290e+01
7.333276091007126865e-03 2.000733327609065171e+01 3.034033532814238399e+01 3.619143935553319125e+01 4.293458316453963164e+01 5.102333365024172451e+01 5.775584174004694660e+01 6.010154648953840706e+01 5.498235008432006055e+01 3.656242162669654761e+01 4.494524695669363012e+01 3.402093824922885545e+01 5.088227642418880947e+01 7.155218179409419577e+01 6.219423887734988909e+01 4.849052872981668116e+01 3.032016356276397318e+01 4.371802230501711506e+01 5.181941794615762120e+01 5.189534410687299726e+01 3.712489473325509692e+01 1.748178711385504158e+01 3.070266593442204339e+01 1.388888665036457404e+01 1.040363204437594113e+01 2.983744737892985199e+01 3.051137228233253396e+01 3.097140421709603331e+01 1.279643663565150469e+01 3.228178763317515632e+01 3.316853201582387101e+01 1.474480257962643215e+01 3.471127626032804159e+01 2.361794987196596196e+01 2.769474456766469572e+01 4.745747609270559764e+01 4.738775393472658237e+01
6.343274376862209282e-03 1.000804261432168829e+01 2.418566851343257795e+01 4.436706023832201140e+01 5.187743879640316891e+01 5.086910998434025544e+01 4.142956025794005370e+01 4.157499958988319122e+01 4.311683239072824847e+01 3.072989035105712929e+01 1.981641138528094359e+01 3.524147487481367591e+01 4.665257573268007008e+01 6.048436230997626240e+01 5.835633647754512765e+01 5.671039486997253221e+01 4.371802230501711506e+01 2.591698175908268098e+01 4.371380023770059609e+01 5.075564938513382884e+01 4.239813075793314567e+01 3.128116699791251065e+01 1.069243078981139661e+01 9.765251861446090587e+00 1.007813526051376485e+01 1.315521131461842330e+01 1.094889029971816896e+01 1.125433658325750130e+01 1.155761654495489665e+01 1.234657008249777910e+01 1.324679366759981747e+01 3.316853201611951363e+01 4.298284990626801516e+01 3.908161257134612754e+01 4.126369341162376969e+01 4.162350337707997738e+01 6.154250625926324147e+01
3.497053469895897767e-03 2.000349705346954110e+01 3.829852677939735628e+01 4.538092031776319146e+01 3.297869420856811473e+01 4.013913889056219375e+01 3.174143701158056885e+01 3.787011084835069852e+01 2.224123019850911120e+01 2.420712572865405576e+01 3.240075460647722849e+01 9.403543516818231751e+00 2.469264769165753393e+01 5.009137001455628990e+01 4.108285452616366484e+01 5.476259337218946399e+01 4.066479341904251044e+01 2.291306844378192764e+01 4.066441429560634901e+01 3.953991208235655819e+01 2.393039170806140703e+01 2.267391890980490388e+01 9.324601493430002108e+00 2.911716717404279464e+01 3.120823882478974909e+01 1.051518920548227420e+01 3.057877345805642122e+01 2.966349744125776056e+01 3.086203557359806027e+01 1.199122685860462667e+01 3.030967173023980976e+01 3.417092524436374390e+01 5.465481044313920478e+01 6.190955262276105486e+01 6.139020994026273570e+01 6.154263742349160538e+01 6.980881463358568340e+01
9.635555453094322986e-03 1.643990877564533903e+01 3.415449725110327250e+01 3.210661570674756149e+01 2.143041395493179024e+01 3.505427865840604795e+01 2.437369672276155086e+01 3.011217386602029578e+01 1.285856714824112323e+01 2.460270353702176749e+01 2.377081562282830518e+01 4.846473961602976388e+00 2.121742520307277857e+01 4.403727736521642555e+01 2.993192922826681368e+01 4.158430198241799758e+01 3.375338715375464460e+01 1.989203073928505106e+01 3.774609679830709297e+01 3.154422488998382335e+01 1.662249155168935388e+01 1.550364535374706065e+01 9.012563190876983654e+00 3.438803215133955860e+01 4.272736498724265175e+01 3.115720840512963008e+01 3.734002720206403581e+01 4.399789458398820585e+01 3.103498122838634288e+01 1.228662443484731526e+01 3.048622313123597394e+01 3.820653699239946377e+01 4.619839388110491996e+01 5.344946141506618886e+01 6.145476783875581361e+01 7.266569163037658541e+01 8.123514695999345747e+01
8.845047570523793118e-03 1.990314990462443134e+01 3.124754892836964615e+00 1.758785843047963837e+01 1.514024022277710202e+01 2.849034523821746490e+01 1.676328515914696382e+01 3.281686586597242439e+01 2.429427777405425815e+01 4.162232305330051396e+00 3.628295100066050605e+00 3.927943149288161351e+00 2.386929352580081698e+01 3.287115109636695820e+01 2.220499060204397423e+01 3.034141039416043739e+01 1.560447652729075152e+01 3.375338713394283729e+01 4.568037747435516138e+01 3.637478820228177767e+01 1.546508103350922880e+01 1.297931419700876177e+01 8.700155762319933928e+00 3.933638543362464901e+01 5.130435622226234216e+01 5.300006811057713918e+01 5.869095873307708189e+01 3.991531532567572071e+01 1.281205538963320834e+01 1.257104857970359468e+01 1.861245846084950273e+01 2.045644870678996696e+01 2.642541406357772615e+01 3.356898162065790814e+01 4.520464879590520013e+01 6.472068221610200567e+01 6.154864313538901399e+01
8.023991185656003874e-03 3.075115767698908820e-01 6.070215601144449691e-01 7.080473710735172510e+00 1.844245798716633189e+01 1.981059185839658809e+01 9.033260863066132629e+00 2.168350014181151053e+01 2.220053017143817087e+01 3.203911916130144810e+00 2.264872981511223671e+01 2.339808526917593312e+01 4.356371495230467517e+00 2.433149005093149952e+01 1.798480784415470879e+01 1.139951790545611310e+01 2.628978336974345709e+01 3.709993076616725460e+01 4.614524108004238201e+01 3.957358735914801429e+01 2.403687078114119657e+01 8.258330154293785696e+00 2.810290875422747447e+01 2.118271323102433001e+01 3.706532428724332107e+01 5.979998314302238072e+01 6.502820294709512439e+01 4.688736069717689503e+01 3.663404038984305089e+01 3.245395864424425980e+01 1.296726132470635662e+01 3.289952390725373732e+01 4.624123249765851540e+01 5.344827211540742695e+01 6.144385566956513856e+01 6.515646071562184716e+01 5.969797292682103773e+01
4.598823041778624977e-03 1.391590621586313681e+01 1.733235788057992721e+01 1.031260849003804436e+00 8.322432948219590898e+00 1.877753383555136990e+00 2.176873997178441655e+00 2.476895551260970496e+00 2.777910369493051590e+00 1.518495857630418833e+01 2.993217768228970854e+01 2.817902530958852125e+01 1.708686151467722780e+01 4.789885822222041512e+00 7.492630347322815965e+00 2.131957437950599754e+01 1.950214843570378065e+01 3.051794491278028332e+01 3.180448356714710201e+01 3.728927452210815829e+01 2.800935404044228605e+01 7.946324985857999401e+00 1.654996350338068467e+01 3.299454919961531374e+01 4.343964348518801444e+01 6.522252388182731409e+01 5.699291437808243188e+01 3.726105636525633713e+01 2.578915344935747811e+01 3.321011246923550431e+01 1.325263039938502985e+01 2.648077352220850500e+01 4.455743385080830166e+01 5.154188078987601784e+01 5.730500365120870043e+01 4.632948178127278993e+01 4.629232543286411072e+01
7.340434288523949372e-03 1.500853269221191866e+01 1.773116292525755711e+01 1.192398644411980069e+00 1.444035491128590643e+00 6.773616528067572418e+00 2.365334755952482126e+01 1.794932198364067588e+01 3.606822687919502890e+00 2.297822225844057442e+01 4.112186955347910811e+01 3.706827400579196308e+01 1.972246641134872291e+01 6.841911626824637160e+00 5.227859938062297651e+00 5.537915921288130150e+00 1.172302720842843016e+01 1.654198398878121878e+01 2.405859800295529638e+01 2.038645574426960749e+01 2.572076177243237893e+01 7.634933190202835007e+00 1.012619605179197713e+01 2.967124356739527968e+01 4.167538049516154786e+01 5.605807700679193317e+01 6.162032633878227017e+01 4.196030164925598172e+01 3.517575956846220464e+01 1.450365274179815600e+01 1.354970444936964036e+01 3.351050032402834944e+01 4.204233807067213036e+01 3.147162088752975961e+01 3.731452838865578769e+01 4.632912738747170778e+01 2.968224964860942094e+01
3.515918393995972821e-03 1.965681353342579385e+01 3.172964804327910571e+01 3.116819176580270678e+01 8.719766192548572548e+00 3.016130996987929080e+01 3.970132551808993782e+01 2.684125731428959583e+01 7.697114217341254339e+00 2.801428618322821862e+01 4.362160937111736558e+01 4.633170501046639345e+01 3.180875408605055554e+01 2.741198585599420312e+01 8.627270410971513925e+00 2.545156945641435442e+01 5.973422307820017707e+00 6.279999077577309130e+00 6.585741892393768282e+00 6.892085014654142583e+00 7.199069441579702300e+00 1.111343795311762328e+01 2.934738678285745905e+01 1.362297021375996309e+01 2.729141246432937606e+01 3.702220963380899832e+01 5.750272146422742736e+01 6.162032632153784562e+01 4.345212275002744207e+01 2.514188354631285804e+01 3.333415210333289735e+01 1.399953954688797175e+01 3.405148250775201291e+01 1.879075276225583124e+01 3.729614412268582413e+01 5.332248611842973673e+01 4.006162612839158754e+01
4.608085242692564441e-03 1.414674370949188287e+01 3.414674503611177414e+01 4.228203710604294940e+01 3.334423918813438092e+01 2.246929382375947526e+01 4.576161640511218565e+01 2.801444165069892023e+01 2.801444165216142324e+01 1.457292458415274261e+01 3.103307118998356628e+01 5.222413103984059290e+01 3.483419987473506296e+01 1.357344814236206965e+01 2.961965972729739249e+01 3.735779789253071925e+01 3.458395721935684719e+01 2.953435389728936045e+01 1.040671916877350967e+01 2.035223732925512863e+01 7.243253613516570155e+00 2.263402604579545851e+01 4.015283402921610190e+01 3.323864149076312913e+01 1.718230211241319694e+01 3.102433367597483738e+01 5.150298834366464718e+01 6.150329340749114237e+01 4.154511681333047335e+01 4.366324533885944703e+01 2.375155967493281395e+01 1.762534984753932932e+01 1.447422390352363486e+01 1.481858921781727290e+01 3.485570163299129121e+01 4.269117331483943900e+01 3.623565657167025478e+01
1.610643649003322799e-03 2.000161064364864671e+01 3.726803071002791512e+01 4.893301560150567298e+01 5.419433051762271703e+01 3.951648786463402985e+01 4.576161640827863408e+01 4.902579586327863126e+01 4.097817537512824515e+01 2.013363278312795401e+01 4.097817537512824515e+01 5.008117228534262466e+01 2.866259355121006891e+01 3.490168713897526942e+01 1.936741131916236824e+01 4.102831504312423760e+01 5.150364262167796170e+01 2.917611563751111348e+01 1.429027457528297695e+01 2.892475795134281569e+01 2.885707262495441938e+01 3.106353323777141284e+01 5.068903187033207303e+01 3.986060010908169460e+01 1.978926205258230908e+01 3.985268052885265888e+01 5.355463965979497942e+01 6.974479891239192852e+01 5.629256953892500803e+01 3.632386618437489290e+01 3.642465848098231618e+01 3.058294607488393169e+01 3.452435076497118160e+01 3.428672122787793342e+01 1.531347010657118091e+01 3.458193185196201824e+01 1.632529265101051408e+01
2.022278438842990342e-03 8.946425607311015327e+00 2.049845420972702215e+01 4.057483716056400169e+01 5.293510845495695349e+01 6.083869043748850913e+01 6.656293156388504428e+01 6.257096403669265072e+01 4.097817516903321433e+01 2.730144150219658883e+01 4.845822950891982828e+01 5.854447248271288373e+01 5.010119692225354981e+01 4.556506220836794085e+01 2.380759267524967981e+01 4.556506220836794085e+01 5.519527563609321419e+01 3.346820041439463012e+01 1.852527768705889955e+01 3.983191300489645670e+01 5.318689286478018374e+01 5.413570314229222902e+01 5.955844366202637019e+01 3.893884606383161184e+01 2.449711760960160234e+01 2.457633822862002049e+01 4.507834149471364071e+01 6.541266602364916594e+01 6.453415503250033680e+01 5.045913652221903334e+01 5.641673171361627936e+01 5.076909249093198895e+01 4.326623724024850759e+01 2.379410615142978003e+01 1.600263722269790279e+01 1.582155217541118475e+01 2.039415005390457480e+01
6.642187732006160465e-03 2.000664218773165004e+01 2.781495148103067194e+01 2.442063141621188294e+01 4.450456258965516554e+01 5.083082309210482919e+01 5.914459811508595521e+01 6.917462900882361510e+01 5.746694958624473770e+01 3.762378099374726759e+01 5.746694958624473770e+01 6.600155136662246491e+01 4.568138860989060390e+01 3.294777911760110101e+01 3.946350652511273438e+01 3.667736698891130942e+01 5.770587965606792835e+01 4.492835084293438541e+01 2.330599663428327872e+01 4.492835084293438541e+01 6.403857936112181903e+01 6.529357619768641996e+01 4.474037878109093924e+01 3.273145524770676218e+01 4.497818748531115318e+01 2.876983660404308907e+01 3.633195162787381349e+01 4.832093894090420605e+01 6.882916310140970495e+01 7.037572405038257273e+01 6.921448233403248196e+01 4.969036033780030692e+01 3.668770969637105850e+01 3.706682424427270206e+01 1.707895082526871988e+01 2.411834869562275330e+01 4.160772382748590559e+01
1.591255364720534126e-03 4.001591255142279202e+00 8.084074156544559742e+00 2.798393817487554003e+01 4.011359611376718703e+01 3.079989526582449599e+01 4.080542898231264104e+01 6.085621738866863240e+01 6.831953885487745026e+01 5.929267802409286503e+01 6.831953885487745026e+01 7.403938985685589103e+01 6.158257236483103014e+01 4.089864560764875989e+01 6.029552069045728047e+01 4.921483176344274568e+01 6.585313914203936747e+01 5.381086493004695370e+01 3.284426041642257132e+01 3.337566553964619942e+01 5.523110274576170298e+01 7.366140378515083853e+01 6.072101326849472969e+01 4.009094533908127289e+01 5.400702712396280702e+01 3.324789886669663730e+01 5.400702712396280702e+01 6.541266602364770222e+01 7.720421345025327753e+01 7.797894830725212501e+01 6.600444945920936846e+01 5.624247163323239818e+01 4.851558974522020407e+01 3.843513855476348340e+01 1.836547827892662710e+01 3.085817005822947579e+01 5.007547211783357000e+01
6.189296070378335485e-03 2.000618929607002272e+01 2.808731867375504976e+01 1.494402313945156457e+01 2.010801752693912547e+01 3.165704812731381068e+01 5.168969691621102669e+01 6.917464160246981919e+01 7.519319362757383374e+01 6.726761923574973423e+01 6.973608448839574692e+01 7.767003541247790110e+01 6.965016389986396916e+01 5.166971892202982275e+01 6.965016389986396916e+01 6.930486676751500852e+01 7.733187173833617578e+01 6.349782759440363122e+01 4.552797842709347975e+01 4.889657583277755037e+01 4.889657583277755037e+01 7.052400353030540714e+01 6.910901283218393587e+01 4.940779245561432731e+01 5.952997096268540389e+01 3.886500735179141230e+01 4.800012513945146253e+01 6.255645236360896178e+01 8.287962346098480282e+01 7.210279195719867573e+01 4.503238105634637378e+01 4.848954177487382111e+01 4.034814841495360582e+01 2.023759017754818856e+01 2.502082727893266423e+01 4.514001195272812339e+01 5.872572001949303910e+01
2.247884206357958405e-03 1.414438350793718335e+01 3.414438350793647459e+01 3.495331221013947243e+01 3.425490312933870740e+01 4.843130069095892765e+01 6.000382312318861011e+01 7.532802663444107338e+01 5.622936336832304249e+01 4.814879924642139741e+01 5.063469629719784137e+01 6.973608448839574692e+01 7.948399579531346149e+01 7.149542580763227306e+01 7.948399579531346149e+01 8.164267280997630394e+01 7.329154123360694939e+01 7.589525846749968707e+01 6.722058275526441662e+01 7.052400353030540714e+01 7.052400353030540714e+01 7.918058288946926382e+01 7.822034054901189393e+01 6.128757343349886355e+01 6.545536318435702583e+01 4.492920241893965283e+01 6.545536318435702583e+01 7.687870470661717093e+01 7.664080711458103679e+01 6.790121068248807035e+01 5.015915226262696791e+01 2.690150153875444161e+01 2.212662160017075053e+01 4.027042714119136946e+01 4.513554625797788589e+01 3.659978016947218293e+01 4.667524592549293772e+01
