LEM/sinusoidal_perturbations/elevation_000939.asc
nrows	100
cellsize	150.0
xllcorner	0
ncols	100
yllcorner	0
NODATA_value	-9999
[rows 51 to 67 of 100, columns 0 to 36 of 100]
6.455108993161302530e-03 2.000645510899280666e+01 3.875647474870955733e+01 3.902760424323847843e+01 3.073571118710843919e+01 1.925625670958434554e+01 3.691883275019521449e+01 4.017017826470568309e+01 3.649133084988602604e+01 5.483250449253489478e+01 4.895615936432478321e+01 6.901925659824479453e+01 7.905815404298890314e+01 8.302790828113640487e+01 8.219116794852315877e+01 6.225744210647805943e+01 5.076545097630005898e+01 6.177528397029463747e+01 6.296349259977804991e+01 4.285538517599756148e+01 6.296349259977804991e+01 6.918863793783630456e+01 5.509981632018357089e+01 4.386826058922459737e+01 6.379930288197247279e+01 5.457691938727759862e+01 5.457063510759115843e+01 5.016950660094926917e+01 3.049406939647743542e+01 5.035521392655563488e+01 5.476036412790674035e+01 4.638373170244279464e+01 6.620345579308992967e+01 6.904800459634478216e+01 4.913748722255330392e+01 6.904800459638521204e+01 8.145536902255480527e+01
3.995603441288198172e-03 2.000399560344093430e+01 3.723334772536141202e+01 4.878035310915413447e+01 4.756215600315041314e+01 3.926930268055519235e+01 2.925924351930373035e+01 4.927936178744577234e+01 5.653917750223387628e+01 6.484368166517840848e+01 6.901925659824479453e+01 7.732109761603247478e+01 7.701307796027124652e+01 6.282445420874814346e+01 7.701307796027124652e+01 7.327653474299181369e+01 5.335578405408951852e+01 4.184832588372685080e+01 5.449898767264582489e+01 3.766722652697162488e+01 5.772030734148171405e+01 5.922745885225824480e+01 4.101416881772300371e+01 3.832619037281034480e+01 5.816465892486183975e+01 5.229074994346371597e+01 3.468502480039438751e+01 4.627698026160911837e+01 2.868774786904222296e+01 4.283980560423712802e+01 6.266316042537624753e+01 6.036386275883095465e+01 6.620345579308992967e+01 7.732209750298008544e+01 6.319382052921375248e+01 5.390748257542711741e+01 6.145384034325609690e+01
4.804567899273937473e-03 8.949076477898509907e+00 2.049608186169123059e+01 4.049608186169193402e+01 5.697257074121004194e+01 5.757235627625734509e+01 4.927936190203404010e+01 4.341418800587636184e+01 6.343914426781462623e+01 7.696201949086415084e+01 6.868725492256425014e+01 7.386011380854849051e+01 6.558247601248110925e+01 4.836276257461641137e+01 6.795305273018776404e+01 8.154362591622729894e+01 6.600250506649291538e+01 4.607782847459750286e+01 3.448957726400237789e+01 3.273140954068851727e+01 5.281445692593978691e+01 5.097402476684102623e+01 3.091012790131016175e+01 5.097396318577283125e+01 5.025615126880285999e+01 4.111549812345028698e+01 2.433214056906234646e+01 2.614258043092085515e+01 4.598086774197004445e+01 4.284505438975027403e+01 6.270746456641722943e+01 8.030146386934517011e+01 8.615086866482116079e+01 9.145037440581205601e+01 8.216705612024244942e+01 6.544633808295533584e+01 5.992114125875411190e+01
9.707512844716031236e-03 1.415184313657579196e+01 3.415184313657649540e+01 3.674853134231685203e+01 3.674853134231685203e+01 5.088919337113185293e+01 5.933537009702325804e+01 6.343914426781462623e+01 7.173052454663832123e+01 6.528754929166480281e+01 4.836552448549757344e+01 6.218730515311344931e+01 4.526768873758971523e+01 3.932552192982074502e+01 5.962807760035207849e+01 6.985049911385746668e+01 7.426555644305481962e+01 5.970176909934930620e+01 3.973068188451799898e+01 2.793749160885382921e+01 4.384359008093324661e+01 4.678515914460556502e+01 2.649814185888541473e+01 4.678393386659915620e+01 4.229789386105799309e+01 2.178304525872292885e+01 4.232226801820711870e+01 3.788269330899946397e+01 5.430917896188265104e+01 6.268491176478473648e+01 7.098290802159301904e+01 7.894032942229560490e+01 8.723650060138075446e+01 8.878252719715791841e+01 9.370264683711253895e+01 8.543727402795659032e+01 7.407725838868374524e+01
5.001202446392439237e-04 2.000050012024428270e+01 2.876974669761127146e+01 1.651651187987986091e+01 2.324209331310986926e+01 3.041133504757992867e+01 4.229859041490175287e+01 6.345099502743289577e+01 6.791900168146031547e+01 5.628069790738310729e+01 3.680537760262635061e+01 5.321393674844058808e+01 3.380087368622879040e+01 3.244190518589009287e+01 4.121819652446566806e+01 5.559360839168226676e+01 7.588490859214799400e+01 6.796258888923034647e+01 5.643696118243011028e+01 4.384359008093324661e+01 2.332939353239740043e+01 3.964393770118115157e+01 2.221849397187300923e+01 3.719470340147891108e+01 3.844321297896037493e+01 1.999604599930208337e+01 4.069879870236128738e+01 5.745595164006557098e+01 6.548703712259910503e+01 7.094676924271070106e+01 6.267696580996447153e+01 5.902185824651648716e+01 7.521925496268760014e+01 6.881504819503993531e+01 8.295858164666115897e+01 9.206936437529871853e+01 9.400965717804503186e+01
5.279685921607564676e-03 4.269691770456244484e+00 8.636963526478020015e+00 1.883647533690513498e+01 3.472003612646639681e+01 5.088919337113185293e+01 5.933537009702325804e+01 7.108682452315230194e+01 5.959910056824869429e+01 3.941107321408204456e+01 2.824674855850283350e+01 3.913486567140909500e+01 2.537762417259885694e+01 3.898606637603203495e+01 5.911732015065378931e+01 6.985049911385746668e+01 6.659920723809979393e+01 5.643309177674936450e+01 4.811668155258151813e+01 5.212029156041474920e+01 3.964393770118115157e+01 1.882602667174964850e+01 3.546353284962707875e+01 1.622452525788384392e+01 1.751466412386450600e+01 1.959252897622293688e+01 4.038187836094135719e+01 4.594058943318760413e+01 4.877070068357823374e+01 5.164723333225006030e+01 4.283170967082650549e+01 5.779192724264200365e+01 5.531377305637337827e+01 5.475565347222259049e+01 7.298734080240640765e+01 7.200075340610874264e+01 7.785268557426833524e+01
5.738623160518319517e-06 2.000000573862280362e+01 2.876974669761127146e+01 3.710400696896181216e+01 4.814321469661076947e+01 6.424757010422311510e+01 6.177995823286718036e+01 6.219725561277024894e+01 5.446338631632897886e+01 4.600936285299291484e+01 3.913486231715653219e+01 1.993124905383606205e+01 3.913486567140909500e+01 5.125847265149541698e+01 6.125043337257024234e+01 7.240125417630916616e+01 5.258196799010533340e+01 3.784656349575207201e+01 2.648845649202809938e+01 3.655589869954568627e+01 3.287710383333447339e+01 3.395446578570100371e+01 1.452485033005095083e+01 3.551029547129153485e+01 3.250166454353418288e+01 4.037831909997242263e+01 2.260463455715382963e+01 2.567649872417953105e+01 2.871329731930541485e+01 3.171898944903587747e+01 3.471796120589672086e+01 3.796412440136071353e+01 4.131442833775442125e+01 4.485879213208383476e+01 6.470952043195654824e+01 5.792696204058940879e+01 7.199798386551354668e+01
4.532054705376768917e-03 1.414666777716422530e+01 3.414672439893456612e+01 4.196145854099660966e+01 4.550787952802973280e+01 5.276940870377558923e+01 4.572255186172385777e+01 4.270524391603066050e+01 4.592552644074454093e+01 2.622883281291327862e+01 3.195558828227504122e+01 1.669833539016807578e+01 2.379105323228250413e+01 3.304911114340878697e+01 5.287389386516374401e+01 6.398100772751615750e+01 5.488073554135789323e+01 4.658387977866865981e+01 3.655589484076946860e+01 1.526802286961573962e+01 1.194762638737934424e+01 1.299403204465327555e+01 2.108627868316963472e+01 4.149662461174302308e+01 5.230513085587669053e+01 5.094691135659775938e+01 3.454909625524905437e+01 2.678291577479880559e+01 2.984963782084011541e+01 4.985376665149973263e+01 5.457523446125776445e+01 5.779192724264200365e+01 6.114395372395702566e+01 6.470952043195654824e+01 5.068463158086898801e+01 7.057567334928468483e+01 6.786893722369561033e+01
9.001595176218036079e-03 2.000897430667043508e+01 2.429444949382877184e+01 2.263824437472974083e+01 2.658378166310602708e+01 4.225293375838425192e+01 3.531062677087332702e+01 2.758505569167478200e+01 3.630595005958899435e+01 2.818577435177263979e+01 1.232785014210736207e+01 1.972651662494571667e+01 4.002112487365371862e+01 5.126467910156696206e+01 6.125539081445517553e+01 4.975159344372513459e+01 3.552388785494764534e+01 2.612137973592367501e+01 2.987620227935334327e+01 1.048030190029120057e+01 3.136680262370733985e+01 2.227905700150658319e+01 4.077146517460723629e+01 3.425398989337270450e+01 4.825036055112516920e+01 6.208015210703756281e+01 5.364629583070377095e+01 3.518645007679671721e+01 4.985376665149973263e+01 3.417072796232783105e+01 5.404326538658170875e+01 6.665307320318532902e+01 7.811951184154760597e+01 7.886664979348343252e+01 7.057567334928468483e+01 6.473161614910343076e+01 8.468447550124645318e+01
5.674351268809080251e-03 1.046312872191639043e+00 5.829581897468263385e+00 1.226153523109640098e+01 2.842796898087675217e+01 3.434611512830549884e+01 1.407635053944212800e+01 3.296091045548850218e+01 2.723587082590050557e+01 8.418718400859654949e+00 2.773015697172419536e+01 3.681743061019017205e+01 4.594422979777373683e+01 4.759434575451280836e+01 4.708123365481475986e+01 4.143548858965731085e+01 2.084238981548247693e+01 2.841124071065493339e+01 9.035128220762610241e+00 1.737463770205289038e+01 3.785269945234487921e+01 4.167418373125617137e+01 3.806369347603002495e+01 5.395945508080858133e+01 6.210546892612983783e+01 7.596057726069612670e+01 6.319944088295632412e+01 4.515839537334463216e+01 6.227159076719800623e+01 5.404326538189967977e+01 3.859789108556309856e+01 5.003258806682631388e+01 6.988117375419294319e+01 7.972425918061362893e+01 8.966998446893666141e+01 8.468447550124645318e+01 9.300168343786366165e+01
9.518805923843161668e-03 3.280466417513361876e-01 7.342116111624309660e+00 2.031818203035691894e+01 2.681110862722595556e+01 2.492992778811946053e+01 1.128542506793757205e+01 4.157848469982932116e+00 5.278253942530702680e+00 1.007268604515330956e+01 2.022542064880138923e+01 2.934583490547611717e+01 3.447985578288701447e+01 2.643757454663558448e+01 2.954334552040660711e+01 3.405602564821695921e+01 2.696034030919416935e+01 7.568644466384604641e+00 2.841124071065527446e+01 3.781704156735469269e+01 3.196451013593381418e+01 5.206804595784473833e+01 5.773902308830360397e+01 6.614294910318707821e+01 6.886226818147183337e+01 7.107960218885972381e+01 7.306641714679005872e+01 6.489334309616653229e+01 7.306641669017564311e+01 6.665307258851193239e+01 5.003258806682631388e+01 4.355342211089239868e+01 5.162751181132151856e+01 6.153922528816980275e+01 7.559611684690891309e+01 9.551028632561389031e+01 1.020296814597678576e+02
9.062254805971973678e-03 1.992046399051022476e+01 7.785469616720577246e-01 7.025133144328465917e+00 1.866934973497297179e+01 1.999701347825452613e+00 2.319171611131129573e+00 2.638843687167897745e+00 7.227204432453077310e+00 1.709344927224572075e+01 2.132054333534539126e+01 2.383925973784962338e+01 8.536406971288529988e+00 1.483922337920099821e+01 2.451635780521633734e+01 2.282101065877287027e+01 6.249449658901950144e+00 2.696031918680582606e+01 3.006805164499496996e+01 3.834817535508322806e+01 5.206804595784473833e+01 6.032897180630964584e+01 6.369700875591365019e+01 5.529675040619421367e+01 4.843951926126446494e+01 5.067731435513844218e+01 7.107960218885972381e+01 7.511326663530046233e+01 7.732320485708977742e+01 7.811951032973162512e+01 6.988117374950432747e+01 5.498077855707177974e+01 4.951352738515605267e+01 6.936226086016148429e+01 8.130287748284369798e+01 8.793955974508205031e+01 8.210324023537134508e+01
3.063233560239582431e-03 1.900616395211083898e+01 2.305315217047616727e+01 1.229256766875399975e+00 1.548100047213299524e+00 1.036878626752232968e+01 1.250437606355640163e+01 2.129448067909717324e+01 3.095866606792176068e+00 3.419420928255729741e+00 3.742949940309854284e+00 4.066206197144962786e+00 5.024390059915996964e+00 1.626846846369711486e+01 2.161566749868810433e+01 5.532669374043299726e+00 5.933438328234147185e+00 2.574379534197832697e+01 1.093745637394374093e+01 3.006772747132652057e+01 4.151797257349268477e+01 4.988615481472381674e+01 5.195567742616301388e+01 3.493673809707077993e+01 3.406787466850323653e+01 5.442120392952294594e+01 6.420625758956830964e+01 5.470812115351351679e+01 5.694521999871630413e+01 7.732320485708977742e+01 8.308825678985299135e+01 7.484797211140923423e+01 6.353603015124333098e+01 5.611291292924232721e+01 6.141244137177990581e+01 6.802951295836716383e+01 8.210324023537134508e+01
5.666595628964066558e-03 2.000566603693691548e+01 3.313164160929153468e+01 2.605354374334630307e+01 1.961514859505154362e+01 1.010481381924414812e+01 2.632913561528313195e+01 1.871594369379627310e+01 2.906584958858701739e+01 2.614199230059515955e+01 2.327836991229948538e+01 7.666617087283216669e+00 4.444033099116045271e+00 4.690099001476720098e+00 4.994827430206759900e+00 1.469314265924824348e+01 8.614687773885176370e+00 6.445082625127134257e+00 6.791452981447779536e+00 2.668974625864601791e+01 2.141596960560177720e+01 4.137646872621960625e+01 4.354189181881773862e+01 2.355836508943009733e+01 4.327576616432470047e+01 5.449205344891156955e+01 4.374789173180871416e+01 4.020910047249142849e+01 6.068464989403084076e+01 7.591202342629897259e+01 7.812155364681086667e+01 8.643336113275947241e+01 8.342802453889549952e+01 6.757383511104109175e+01 8.130287748284369798e+01 8.130287748284369798e+01 9.618087230699227064e+01
2.110006612196471242e-03 1.146195423637356647e+01 2.551060415407834014e+01 4.616107611841678704e+01 3.893351302390392732e+01 2.564786492332314793e+01 3.810410949269528658e+01 2.898402422425642300e+01 4.306202083416523863e+01 3.405353174254147319e+01 1.334306635903643823e+01 2.767074997933304559e+01 3.300125764816419860e+01 2.825965040964780783e+01 4.718028966744820529e+00 1.746091403021778632e+01 1.198747213388352861e+01 1.647904114843067802e+01 2.661635523139393200e+01 7.274800235282444127e+00 2.641239799395416199e+01 2.914657310298649762e+01 3.092751652225569714e+01 1.852848743926505293e+01 2.417774941498290531e+01 3.702696904570943559e+01 2.940751786815135560e+01 4.974000835955114042e+01 5.662333082976074650e+01 5.548348545746535621e+01 5.772379844820872563e+01 7.575662033201928125e+01 8.591413473130256762e+01 8.747944276030891331e+01 9.571915901658498171e+01 1.012149713254201231e+02 1.005391903715107418e+02
9.367352646185668139e-03 2.000936735264583177e+01 3.201896448884746604e+01 3.921914341012126215e+01 4.749227316134383159e+01 5.354199669583359622e+01 5.201855292883013249e+01 4.433469651686793611e+01 4.911320327886453896e+01 2.869148850391920291e+01 3.405353174254147319e+01 2.162008674060414037e+01 4.207764493087541524e+01 3.332255342700288736e+01 2.644992097310137424e+01 3.459234104123189724e+01 1.636455666153859312e+01 3.282607335883275823e+01 1.898455057809593782e+01 2.167076515527685032e+01 7.760226681283183048e+00 9.920200251666177138e+00 1.197683661899701413e+01 1.411952960524831013e+01 1.625043998926041411e+01 2.109423717825826117e+01 4.107020528343102228e+01 5.013447900821029179e+01 3.610377976358692820e+01 4.091749610332033171e+01 4.685967686957827993e+01 5.718500261823562170e+01 7.168868658708579744e+01 9.188728257454084769e+01 9.818447726351156746e+01 8.988434987523541508e+01 9.223458347379514066e+01
3.648181865326004768e-03 6.022618437752643494e+00 1.229401275203947108e+01 1.968560389700831692e+01 3.274065730484817038e+01 5.139749450094527816e+01 6.318097173723625559e+01 5.489796062475748784e+01 5.760889723153844955e+01 4.946031044689188150e+01 4.810857469354085936e+01 2.810625267043246112e+01 4.810857469354085936e+01 5.554988624578643908e+01 4.922527008077144473e+01 4.304725066235383935e+01 2.131362170077673568e+01 2.712025534368137869e+01 3.461302703353187127e+01 3.191871137474164044e+01 8.109710570638618776e+00 1.382685534061498878e+01 2.915910480780047820e+01 3.334537452575221295e+01 3.585534689305957556e+01 2.013764887642811630e+01 4.017761397551319646e+01 2.970703594740653841e+01 3.770308572385474122e+01 5.847889186054840849e+01 6.739486050628097757e+01 5.990504907907910592e+01 7.437832336184708026e+01 9.453822750095278593e+01 8.988434987523541508e+01 6.993364326153042043e+01 7.577706993922136292e+01
