LEM/sinusoidal_perturbations/elevation_000747.asc
nrows	100
cellsize	150.0
xllcorner	0
ncols	100
yllcorner	0
NODATA_value	-9999
[rows 17 to 33 of 100, columns 37 to 73 of 100]
3.117007120249982322e+01 3.424487245365114774e+01 3.753439338686663973e+01 4.095965842008178726e+01 4.477407544181314591e+01 4.878887733114655134e+01 5.339760972008182449e+01 5.990705294463391084e+01 6.683619844153072620e+01 7.825731115281321593e+01 9.832206977906311351e+01 9.550427549591960030e+01 7.575117216148147747e+01 7.466745401544005745e+01 7.255774796469572152e+01 9.062174824811657459e+01 9.750924662361485673e+01 8.684961006142256679e+01 7.475086075631942606e+01 5.656842575272601437e+01 6.985612851180839300e+01 8.166571742956614344e+01 6.987360250057385258e+01 5.031730018846199215e+01 6.428374598339421198e+01 6.484969182888434602e+01 4.610504409577596618e+01 5.738023507846148874e+01 7.695641758648426389e+01 8.336999410378562914e+01 7.533973257831512171e+01 6.000966695411790397e+01 7.124620873539153365e+01 9.105469268808654704e+01 1.051720581934887235e+02 1.020864743642610222e+02 9.398627479975378662e+01
4.692788656363507016e+01 5.403369993280973915e+01 5.727989894540390736e+01 5.232091943908938703e+01 6.444355722347783910e+01 6.008983242726644391e+01 7.310331172932659172e+01 7.310331172932340849e+01 8.673767598497290976e+01 9.507127982962593649e+01 9.816579772257743741e+01 9.698804842383718494e+01 7.722196389674155625e+01 6.342160117272748465e+01 6.283327185963381822e+01 8.241512772348620786e+01 9.456320349614169629e+01 7.951304766805426993e+01 6.867441071261083607e+01 5.354873190357015034e+01 7.186479167216327824e+01 7.788834082803251135e+01 6.875152946753098604e+01 5.133698948521215755e+01 4.467946133401327558e+01 4.526751490339481876e+01 6.342735420390037859e+01 7.336363320961230272e+01 8.518021077724395695e+01 9.731802038848358904e+01 7.745191939183831664e+01 6.359946984355955379e+01 6.972031044830048074e+01 7.713578699735229804e+01 8.864302765141390239e+01 1.085077891820364329e+02 1.109646295624349364e+02
2.952173695596684766e+01 4.965046651933785427e+01 6.771905552370523651e+01 7.204705272109200109e+01 8.032420971175585578e+01 7.989053053967964502e+01 8.819717892335089005e+01 9.306191889592848554e+01 9.642796832266758145e+01 8.815844308268491147e+01 7.815108844277840205e+01 9.228750713907446368e+01 9.121874350418154620e+01 7.501384842128219077e+01 5.547927701861115679e+01 6.671543521013200007e+01 8.634969167881372698e+01 7.022577686859320067e+01 4.953129668702275978e+01 6.137078896166222108e+01 7.066264083343034486e+01 6.945766732492450046e+01 4.937386084582438883e+01 4.385456456040623863e+01 6.349038209529809507e+01 5.133752387212586399e+01 5.305516168289791779e+01 7.268312577151506559e+01 9.034749532797714267e+01 1.011485224684963811e+02 8.131543381462110176e+01 6.737668936512416451e+01 8.714726023579022751e+01 9.703886376494379817e+01 1.051720581934887235e+02 1.165754024560961994e+02 1.051410013773229934e+02
4.885958935129492886e+01 3.943569534608054994e+01 4.944072684142323482e+01 6.346843815194644378e+01 8.416063186758606207e+01 9.280659605901006159e+01 8.460898994499551407e+01 9.280738516874136224e+01 8.815844308268491147e+01 6.824917521722451852e+01 6.414766846575858494e+01 8.233857176537590306e+01 8.490462846423801579e+01 6.527780815612268839e+01 5.145497597071288709e+01 7.102637073123983669e+01 7.839003766705347687e+01 6.964966759252808970e+01 6.282625836545928166e+01 4.586172086339475129e+01 6.456516272298745207e+01 7.773621528568969552e+01 6.293077006297446729e+01 4.327258916374815101e+01 6.293074154603850445e+01 7.349698511614529650e+01 7.268309171455818785e+01 6.223234277905248746e+01 7.618934013678759243e+01 9.628862311900547866e+01 9.532117791359847558e+01 7.872733734550148199e+01 7.386666260508589232e+01 9.378755905114239511e+01 1.097239987977006450e+02 1.185539165632450960e+02 1.132871130810581519e+02
5.983990636936969310e+01 5.929297034787911969e+01 6.683485759675038196e+01 7.752461030305576628e+01 8.369450556137586261e+01 7.547117250152615497e+01 6.461944004061827229e+01 8.284096572965194127e+01 8.815841139061781462e+01 6.824917508528622534e+01 5.459414020170701320e+01 7.408046476655641754e+01 7.987269602671774749e+01 6.464201609104733848e+01 4.766807610824433539e+01 6.229729503284745817e+01 6.239698042493274954e+01 5.145781926096103120e+01 4.228001787348608786e+01 5.001209065281718580e+01 6.208533948329572638e+01 7.534690142150107306e+01 6.237130024330175360e+01 4.269341971645261680e+01 5.668894243702001035e+01 7.674376480488143670e+01 9.016539338737557330e+01 8.202469438678720337e+01 7.835848315068599845e+01 9.833746367669643007e+01 1.067699130982713740e+02 9.864908880183058670e+01 8.536714252044257023e+01 8.165145056804330181e+01 9.063126487213995119e+01 1.022050563428655892e+02 1.218540119534337123e+02
6.375469414409617031e+01 7.718980119978787968e+01 7.037133707405007499e+01 7.337990551345019696e+01 7.250449485146940276e+01 5.628501351527168595e+01 5.549392851334256704e+01 7.461419892312859758e+01 8.090355258701548280e+01 6.511546184635520262e+01 4.948898391078114400e+01 6.180906209080755076e+01 5.861778841780157734e+01 6.229506852524396265e+01 6.209982751894587949e+01 4.251219277842837130e+01 3.818999886285135403e+01 3.865715139265120115e+01 4.739232308030234719e+01 5.640301799731886234e+01 3.962825387379236020e+01 6.707964805638022199e+01 6.181316035474126380e+01 4.211883058445058481e+01 6.156343786531677864e+01 7.310753575856486464e+01 7.313404100749897907e+01 9.283219095741708315e+01 9.833746367669643007e+01 9.511967633831312696e+01 1.033617395303661510e+02 1.133703269717070157e+02 1.052900619425247868e+02 9.582816339014065932e+01 9.582816339014065932e+01 1.156019919390839021e+02 1.298329616905240584e+02
7.425659974752115033e+01 6.615348253212057728e+01 4.975599863518131372e+01 5.534063923341833657e+01 5.756060976409848706e+01 4.708956132925258942e+01 6.322754339427589798e+01 6.270029602933698953e+01 5.544985469588647931e+01 6.645459986651901829e+01 6.159680889204437193e+01 4.274427937161038926e+01 4.535941125797721440e+01 4.687382251747188633e+01 5.438358902475851409e+01 4.508193184803114661e+01 3.810467623702187012e+01 5.744153420511649699e+01 3.921573796705999371e+01 3.961067642428233881e+01 4.000635713995910692e+01 5.958193156708922089e+01 6.059801564947205321e+01 4.154918834375909853e+01 6.112409802955780691e+01 5.357991383000342012e+01 6.737412774938432847e+01 8.714210766192645963e+01 8.874342540364708043e+01 7.514773526748982135e+01 9.184342052290689651e+01 1.007587826733246459e+02 1.123067790950382516e+02 1.156019919390839021e+02 1.156019919390839021e+02 1.236198342052605597e+02 1.209253598719288334e+02
4.917256797773734434e+01 5.182819260181117471e+01 3.460283665580530510e+01 5.120492055539006770e+01 4.161410234033282762e+01 5.627724063325030812e+01 5.460342635265305944e+01 3.415253685299148145e+01 3.453329269022088255e+01 5.275814877999618346e+01 5.285797199559429060e+01 4.420066545170006123e+01 3.639224215826907027e+01 3.678121587940906778e+01 3.716851703863427048e+01 3.755633154184285871e+01 5.717766241563452212e+01 5.391766688665370566e+01 6.415197727232849445e+01 6.002127681809003690e+01 4.259963519002472054e+01 4.057157233388009843e+01 4.097438115791189972e+01 4.639190720423687964e+01 4.238596679546024149e+01 6.184738423792185102e+01 6.977833658654341775e+01 8.180969270273776317e+01 6.902402139453131724e+01 6.396323905788327835e+01 7.256593211274768862e+01 8.402008031035401814e+01 1.040994381556287607e+02 1.019191639837164587e+02 1.101761582444319743e+02 1.179280236015290342e+02 1.095186962015863941e+02
3.101560483957978320e+01 3.139311095392136863e+01 3.177315692063657337e+01 3.635391193679406285e+01 4.424349244452102425e+01 4.894337124018808538e+01 3.361309971554717180e+01 4.141822146275571725e+01 4.573387897922788881e+01 3.506984715424901111e+01 3.544798593876329562e+01 3.584096031531780824e+01 5.537676619577087678e+01 5.500073250576771500e+01 5.677152526558219137e+01 3.792701060291866355e+01 5.941194142505175080e+01 7.259869063802695166e+01 8.008449316432928811e+01 6.833313696585857144e+01 4.848889301867377100e+01 6.020986848047157025e+01 4.135546699055488062e+01 6.215906828056106548e+01 6.183258465979740492e+01 4.323169127049700222e+01 4.608263344869287437e+01 6.715299883543360693e+01 5.558015779979177751e+01 7.481202145626629374e+01 8.992893561188246565e+01 9.813470299408102449e+01 9.861690027134952174e+01 8.186187440518199310e+01 9.861690027134952174e+01 1.039560912942246489e+02 8.998415898691993675e+01
4.445346655422856230e+01 4.829929617657975882e+01 5.133873968728917703e+01 3.231246722357180801e+01 3.269291644343941527e+01 3.307294676989072002e+01 4.618908680393093391e+01 5.519042001460235980e+01 5.743097400442972145e+01 5.462688168060242333e+01 5.379129563804151815e+01 3.658153661912083976e+01 5.592669001573886334e+01 6.522914876319086375e+01 6.743231913085789131e+01 5.941301828389132567e+01 4.725103039171634833e+01 6.680424899423952922e+01 8.378675709671708205e+01 7.486119568007046610e+01 5.529305420433578178e+01 7.292330600455589718e+01 5.902765347065880519e+01 6.441499864812350040e+01 7.074179571340891926e+01 6.266376144618489974e+01 4.407709969029579611e+01 4.870333459788418651e+01 6.764470645516944103e+01 7.586299215691627751e+01 7.015125455401286558e+01 8.992893561188246565e+01 9.033908244633519757e+01 7.040243038681886389e+01 9.033908244633519757e+01 9.405952758392805890e+01 7.596438205424303192e+01
4.278102126044325360e+01 5.030696381824508734e+01 5.489988623032174786e+01 6.012486005174236681e+01 4.682029244688937553e+01 5.422641969341837864e+01 3.807242349871674492e+01 4.783607452007556304e+01 6.315265120898189366e+01 6.980503438027312768e+01 5.022775699697677254e+01 5.592668907614736185e+01 3.818665140235619759e+01 5.773404230543584958e+01 6.775010066104653106e+01 7.499197435994736338e+01 6.680426757322641151e+01 5.595113307060919539e+01 7.558830794968437772e+01 8.234065981873793305e+01 6.267880412116144129e+01 8.235001420592472243e+01 7.936865157386242231e+01 8.331257676863370421e+01 7.181537674338436261e+01 5.224976935516880872e+01 6.347255193092640013e+01 4.491923643549094436e+01 5.609086896757204954e+01 5.614281073905092256e+01 7.478511763136255297e+01 8.403419177378830796e+01 8.329041151361485618e+01 6.340667927139436699e+01 8.329040838763897625e+01 8.040705431048816365e+01 6.613795262145428921e+01
5.423127774175861759e+01 6.095084000560666482e+01 6.945574863906966812e+01 7.677455459103978797e+01 7.167690384218175836e+01 6.291036824879486744e+01 4.183932799451461193e+01 6.082180468091138437e+01 7.065289536764122147e+01 7.810076021396230317e+01 6.988220564064387474e+01 6.592554744296340630e+01 5.777854789041087713e+01 4.011369202450483584e+01 5.964373143242674047e+01 7.779428737995914389e+01 8.378540117969249934e+01 6.979196442915325349e+01 6.979207648714456980e+01 8.958966624569225701e+01 7.392996176792831875e+01 9.082111458581832153e+01 9.565115090987117696e+01 7.586844224698694461e+01 6.196809002284446422e+01 7.181537674347615052e+01 7.222827428002153738e+01 6.296539415361281300e+01 4.574314805254496719e+01 6.511621474207662175e+01 5.875788875372712283e+01 7.359118048583117400e+01 7.606239742065670839e+01 5.736970425998570988e+01 7.521616060840618445e+01 6.063546859992055005e+01 8.040382999670346464e+01
3.665278289618782992e+01 5.664301085998811658e+01 6.733552752008323239e+01 8.138286356888646367e+01 7.956717069299500622e+01 5.882272100013065597e+01 6.291039483720815895e+01 4.810298755830628892e+01 6.325606202569534986e+01 8.462116177058304345e+01 8.086102888328046845e+01 5.833487346403479279e+01 4.209212135045806491e+01 5.850134526416599812e+01 5.055828295511481230e+01 6.418171471147256568e+01 8.351075698573423267e+01 8.958191908912424140e+01 8.959090685361287854e+01 9.790608644806573579e+01 9.388797960036674795e+01 1.024645582916034385e+02 9.565115090987117696e+01 7.586844224698694461e+01 8.166266346410785104e+01 8.274362009612931956e+01 6.971609320617588423e+01 5.017691697305269827e+01 6.372127655268199220e+01 4.656729870779475533e+01 4.714461991017392961e+01 6.598435259193968250e+01 6.637869930115810746e+01 5.192330211088800951e+01 5.534388971798068013e+01 7.519898635643284024e+01 8.098470524015728245e+01
5.664301086002843988e+01 3.906330894659748054e+01 5.319842198121789067e+01 6.980661637716808343e+01 7.982306048054307723e+01 7.889080243862373720e+01 7.460040291341447016e+01 5.300128058131132747e+01 6.838199650977263389e+01 8.961296416754561278e+01 7.467735408742153425e+01 5.624783432442202269e+01 4.348792526947953263e+01 6.277697523887653119e+01 6.984040817221186614e+01 6.984129275358395716e+01 8.919261146461988687e+01 9.469998238309122485e+01 1.029323265578771753e+02 1.078170310365123896e+02 1.095410884552222228e+02 1.177378509774239461e+02 1.038564913258317688e+02 9.565115090987117696e+01 8.801260059887358977e+01 7.455621865044852825e+01 5.489533483578883732e+01 6.971609320617588423e+01 7.368654145592670091e+01 6.595696571470929825e+01 6.655303703702027462e+01 4.795575961812063781e+01 4.957834976433428409e+01 6.926911577899760175e+01 5.562548833347247523e+01 5.841100917388585856e+01 6.123258604850406073e+01
5.319969375369725384e+01 5.905040668954374894e+01 4.155407268475563143e+01 5.054990284858735095e+01 6.543218623307799930e+01 8.767591632742583840e+01 8.038014603394792346e+01 5.873400013237039019e+01 8.020398695741594963e+01 9.138769996310314525e+01 8.075411436489983430e+01 6.426989433916924099e+01 4.489295203988100269e+01 6.426989578351719956e+01 7.216886065713669041e+01 7.547764388022088156e+01 7.900856432925570516e+01 7.480985100003596244e+01 8.788609063808016231e+01 8.788609063808017652e+01 8.956353836558956516e+01 1.095410884552222228e+02 1.057073719065988939e+02 8.589401085417415516e+01 7.981818586810649663e+01 6.013002841923820085e+01 7.455629416474916127e+01 8.274383900403947223e+01 9.140161887274796015e+01 7.483326266127916426e+01 5.516564155859331464e+01 6.737017097915854436e+01 4.880988449455375644e+01 6.830890305829080944e+01 7.561918613753141472e+01 7.823265277861500522e+01 8.098903743923806076e+01
7.317527721635052274e+01 6.334787980206868951e+01 4.336676991302076800e+01 6.331874121542701062e+01 7.879497333295446992e+01 9.079222865426632438e+01 8.685760761324723944e+01 6.537429796076867206e+01 8.685760761324723944e+01 8.306689560407744466e+01 6.272687568436891326e+01 5.305148364428399788e+01 4.629784216831453847e+01 6.554454266178662181e+01 5.269846846323405032e+01 5.590549351374262699e+01 5.934970549747315971e+01 6.347982486181670936e+01 6.807426333294631604e+01 7.549554488405266284e+01 8.956353325150216449e+01 1.095402824195815441e+02 1.015739662887520183e+02 8.589401085417414095e+01 6.620613609454568405e+01 7.147830352198062087e+01 8.801347572875728531e+01 1.019500050054289346e+02 8.323975649827313816e+01 6.352478090900907404e+01 7.480107366027462490e+01 6.844654390214401474e+01 4.941033589416112903e+01 6.893493098399733299e+01 7.619588442454499955e+01 8.513731727036407904e+01 8.775478748563185150e+01
5.686861347009009648e+01 6.456688023732908732e+01 4.520406364616940920e+01 5.276202903181251713e+01 6.268086076909567339e+01 8.252271630116359802e+01 9.431046449976439305e+01 7.323060192509026933e+01 9.431046449976439305e+01 9.138801647872185185e+01 7.868456163472583853e+01 7.250253804655569922e+01 6.553482220659439861e+01 4.829818076773099733e+01 6.767039109712182210e+01 6.967759635679414032e+01 7.319406777840845280e+01 7.171560359518387884e+01 8.788609063808016231e+01 7.945671909194766158e+01 9.940082630803480868e+01 1.114975115002426662e+02 9.335595269291654574e+01 7.361358454870870105e+01 7.753249936878923165e+01 9.121067701748584966e+01 9.942105711317775274e+01 9.380229078725118086e+01 7.404159856454734268e+01 8.323975649827313816e+01 8.294976319644312923e+01 6.345892372232650303e+01 6.893492236334762424e+01 5.025577331257320424e+01 6.077926265032822783e+01 7.608985782194856995e+01 6.800184305125654305e+01
