LEM/sinusoidal_perturbations/elevation_000641.asc
nrows	100
cellsize	150.0
xllcorner	0
ncols	100
yllcorner	0
NODATA_value	-9999
[rows 0 to 16 of 100, columns 0 to 36 of 100]
8.271705653423140972e-03 1.000829810173194190e+01 2.415218789966951363e+01 4.417441308814228051e+01 4.660714191861779909e+01 5.488808516054690045e+01 5.696269204154853583e+01 6.543081920801070339e+01 6.030583869323632484e+01 6.878286529403250427e+01 7.601339444778651000e+01 6.777021522425093281e+01 7.601339444778651000e+01 8.152469402223741213e+01 8.733473494440140428e+01 8.693399575671932666e+01 7.875229796179519326e+01 8.349868619967440964e+01 9.166463904811020313e+01 8.538557149743907360e+01 7.988363796015588036e+01 8.058117533132370625e+01 8.879536107329873573e+01 9.185877797597687788e+01 8.365032489189989917e+01 8.940018940211221832e+01 9.602822909092603254e+01 1.042140426100775699e+02 1.141109510048579807e+02 1.054582071550712215e+02 9.719118591605287349e+01 9.662863299142344431e+01 8.839309908398057303e+01 9.047726037633303520e+01 9.047726037633303520e+01 9.871944423043950678e+01 1.099052531433513735e+02
7.813061968023241044e-03 2.000781306196766707e+01 3.829648941682003027e+01 3.235505051713347768e+01 2.644391828891129137e+01 4.659946685913823217e+01 3.644244745745221792e+01 4.582420620011432533e+01 3.982571761616028994e+01 6.030583869323632484e+01 6.608021051576984917e+01 4.791810757937759746e+01 6.608021051576984917e+01 6.155970182505146937e+01 6.740731265327076471e+01 7.544291897294513660e+01 5.878672104133051590e+01 6.356777663201825135e+01 7.952620146849741900e+01 6.546013867139424747e+01 5.993441326058579222e+01 6.063296124623231265e+01 7.259547477364633039e+01 7.636864816057192229e+01 6.370863188094491392e+01 6.948207446557488254e+01 7.614411002448463250e+01 8.611826684993285141e+01 1.059381913319193416e+02 9.719118591605287349e+01 7.748207972837086288e+01 8.325474327961724441e+01 6.877866955146019734e+01 7.083916929883501723e+01 7.083916929883501723e+01 9.047726037633303520e+01 9.837533052659063060e+01
2.526786264046545528e-03 2.000252678626369018e+01 2.277449927251641171e+01 1.210154898830338865e+01 3.193433819580921096e+01 4.299401858177744629e+01 2.433338444595622718e+01 2.505828398077614949e+01 4.582420620011432533e+01 5.606398052606635929e+01 4.779709766350525513e+01 3.775003392519627710e+01 5.784416140181425448e+01 4.727639996369212128e+01 5.467540555785982548e+01 5.775660438054617174e+01 4.713931273701302871e+01 6.722516675223873506e+01 6.954875658167536301e+01 5.130568474408777746e+01 4.575797011822784555e+01 4.907208005854431576e+01 5.261882452415177625e+01 5.640289129004023039e+01 7.636864815976420573e+01 8.940018940185392182e+01 9.602822909092603254e+01 1.042140426100775699e+02 1.141109510048579807e+02 9.719118591605287349e+01 7.748207972837086288e+01 6.369276602456228886e+01 5.747645203651740786e+01 5.699709032409469245e+01 7.659103300587514696e+01 8.918541717524718138e+01 8.941475380714922494e+01
4.163169627051843593e-04 1.291410765817032180e+00 2.585103232817459240e+00 3.886992561386831024e+00 2.408854476492610175e+01 2.952617290587132359e+01 1.388760886834228536e+01 3.472405409863484493e+01 4.774862406579914165e+01 3.941523616626187732e+01 2.726581390057836884e+01 4.779709766350525513e+01 5.207187448253026929e+01 4.373336777638093054e+01 3.420408184392801587e+01 3.744738162808637583e+01 5.775660438088235082e+01 6.541533094378961266e+01 5.715675723957375709e+01 4.121133037572050739e+01 6.130092397420450112e+01 6.906406855944385370e+01 6.676021864004623296e+01 6.794903355704653336e+01 6.709377719968652798e+01 7.708203327864345056e+01 9.115958643188788812e+01 1.109515405763162335e+02 1.069239405829088838e+02 9.860296910347983612e+01 9.147014344172104927e+01 8.325474327961724441e+01 6.966352813564142821e+01 4.994943924014096837e+01 6.137963136816293996e+01 8.097954156234490597e+01 8.113429338650598766e+01
5.883922493566802643e-03 1.145571323783010698e+01 2.214354334164632476e+01 2.408853989932115880e+01 5.768466046549006521e+00 7.113885136746487703e+00 8.478100904568638185e+00 2.914462150007353358e+01 3.276499553323559866e+01 1.859593830588106655e+01 3.941523616626187732e+01 4.937857916240936618e+01 4.098712156838072218e+01 2.278739198379604147e+01 2.879462878545507465e+01 4.891622964528635720e+01 5.109127927140175274e+01 5.358278647279040285e+01 3.693932552487356702e+01 4.244902855977985467e+01 6.252129649628233921e+01 7.927599913795297937e+01 8.668302927201635555e+01 8.205747066642732079e+01 8.701927443337885393e+01 9.522185589617188839e+01 1.051428542426258019e+02 1.078267396411551147e+02 9.533936580740787292e+01 7.854764349581444094e+01 9.533936580740787292e+01 7.975904248247471173e+01 6.011633378095706348e+01 4.606906923824215028e+01 6.011633378095706348e+01 7.975904248247471173e+01 8.941475380714922494e+01
1.256007409845548732e-03 2.000125149480918196e+01 3.333875051773038223e+01 3.420868240766549206e+01 1.826227478090985556e+01 1.602849708975793419e+01 2.846215091489786175e+01 1.049015831269826649e+01 1.195600834354098119e+01 1.343740985243113784e+01 3.430511028617716107e+01 3.830281839436240432e+01 2.000141957643048940e+01 4.099862126772903537e+01 2.595059839680793701e+01 2.822725442248047045e+01 3.054236592153764818e+01 3.318892110048212629e+01 5.358278647279040285e+01 6.252129649628233921e+01 5.105453298282619556e+01 6.520895026852099363e+01 8.513601962742973228e+01 1.019028769734482012e+02 9.662876730365660194e+01 8.831907371109771532e+01 9.662876730365660194e+01 9.808728157637148115e+01 7.943125683493720146e+01 6.693545449006322201e+01 8.702402146520860526e+01 7.628666935154591044e+01 5.660451764527833518e+01 4.249947393219822800e+01 6.236928641170175069e+01 7.677887883905628996e+01 7.139022862725482810e+01
9.594114293757748102e-03 1.415173063696064482e+01 3.415200377786839425e+01 4.736216517832771444e+01 3.793235009678114977e+01 2.500938732479086823e+01 1.977598375185912971e+01 3.124562537259855333e+01 3.276606292609501736e+01 3.430509716296450051e+01 1.566786848499339158e+01 1.732031912892213299e+01 2.129626453496550553e+01 4.226295767612764109e+01 4.676645600818830673e+01 4.891715688883279256e+01 5.109127927140175274e+01 3.741260681324580872e+01 5.757709921306597778e+01 7.296218583847532102e+01 7.104545375457067280e+01 6.261800377829684550e+01 7.673734010087332535e+01 9.660882921895012032e+01 8.656287327345896188e+01 6.815811959382467933e+01 8.656287327345896188e+01 8.976813034323018314e+01 6.967523939569645108e+01 5.930298186133415328e+01 7.943125683493718725e+01 7.300631073383461001e+01 5.327992695912779908e+01 3.913676688310516028e+01 4.880718455388227994e+01 6.279273603063102627e+01 5.974021300539054380e+01
7.711341127313004785e-03 2.000771133778120614e+01 3.644946566829471379e+01 4.644946779723918695e+01 4.953932716549579851e+01 4.170580949317620423e+01 2.652059954027991395e+01 4.542268098835056378e+01 4.591097492224083254e+01 2.510954170302419897e+01 3.660829134860010470e+01 3.227223427351829343e+01 4.226295736863473707e+01 2.738837637928133262e+01 4.812936714805383076e+01 6.438976992549136469e+01 6.581911915118290324e+01 5.757709921306597778e+01 4.487692785815459473e+01 5.895088601120007610e+01 7.877306632674867615e+01 7.673734010087332535e+01 9.076831596364577592e+01 9.093219929589938033e+01 7.823859665246122574e+01 5.783267327925543810e+01 7.823859665246122574e+01 8.757296587057216186e+01 6.747612524473179008e+01 5.320214510162357158e+01 6.644745912193606330e+01 7.477581842659721190e+01 6.696888222721867123e+01 5.434828707039093132e+01 3.463490460135331972e+01 5.043817606819298049e+01 4.886296595253573827e+01
2.297228869525369630e-04 8.165195532164284842e+00 1.816519553216446070e+01 3.230733115589728044e+01 5.230733116925267723e+01 5.351265818293741461e+01 3.582203196000756407e+01 5.351265818294298526e+01 5.317302194585013098e+01 3.263285191890313541e+01 5.317302122146346477e+01 5.286192093607441933e+01 5.459225561541974514e+01 3.415480606054856594e+01 3.573887855163462035e+01 5.024810547575354747e+01 7.031435157088736787e+01 7.155930798257689673e+01 5.192711154082958558e+01 6.111933374128530971e+01 8.094095060720258061e+01 9.660882921895012032e+01 8.528224137736175692e+01 7.137977195989226686e+01 7.143662219472592767e+01 5.081128800042419158e+01 6.531340871734549580e+01 8.569784709262295053e+01 8.067980640423016325e+01 6.055222785320188450e+01 4.625908625283580022e+01 6.049423274712695786e+01 6.878530907856671206e+01 6.256443315054760035e+01 5.042184122624711762e+01 3.045722027833433998e+01 2.872698511647514152e+01
9.647730019007896146e-03 1.415178335375008345e+01 3.415178335375078689e+01 4.445465349450211789e+01 5.273892474199909230e+01 6.318798293803071431e+01 5.502333001669357770e+01 6.318798293803722288e+01 6.147430459834873062e+01 4.726625742530667651e+01 5.317302194585013808e+01 6.535302288661883097e+01 4.522147265667547344e+01 5.459225665446479780e+01 4.763183954387019270e+01 4.763183954387019270e+01 6.772775519464968852e+01 7.925705120868113340e+01 5.989489194986840204e+01 7.925705120868113340e+01 8.913982265649872261e+01 8.935418039449987759e+01 7.558215689482852895e+01 5.784625931463492066e+01 6.543258521584533582e+01 4.446272598077111127e+01 6.400245002683595885e+01 7.835372882214110746e+01 6.994118540224120295e+01 7.477581842659721190e+01 6.049423274712695786e+01 4.029724840986503409e+01 5.508199562544457706e+01 5.153867729616160176e+01 4.705496810137920249e+01 2.761615421393802094e+01 2.698936188762275634e+01
3.582433992925927561e-03 2.000358243399256963e+01 3.180554285382802604e+01 2.445465349450141090e+01 3.859678911823286285e+01 5.859678911823356628e+01 6.319479937761177268e+01 6.319479937761177979e+01 7.158259992261544369e+01 6.743321296109024843e+01 7.327650218426020956e+01 7.358757579894529499e+01 5.691016006420928619e+01 7.358757579894529499e+01 6.188915390406160810e+01 5.929411027824111358e+01 7.595103171783301832e+01 8.737132007117689625e+01 7.726610649103523087e+01 8.737132007117689625e+01 7.829390627037339812e+01 6.998921927441645607e+01 6.181013339515690319e+01 4.828084897342408510e+01 5.787862564985869085e+01 3.929054029675988602e+01 6.022581922011393374e+01 6.513472583064275057e+01 4.742956418086391324e+01 6.513740317285011372e+01 6.843143559418652444e+01 5.414281357681128526e+01 3.491105443240538619e+01 3.142183017536693512e+01 2.810123380787610259e+01 2.484718257267536501e+01 4.491815405198484257e+01
1.813270376062421294e-03 5.775315962272344450e+00 1.180554285382767077e+01 2.594767847755887402e+01 4.594767847755957746e+01 5.730165718143059195e+01 4.302071444024588942e+01 4.302071444024588942e+01 6.319479937761177979e+01 6.522619081532113228e+01 6.744401796854461395e+01 7.583662443366985428e+01 7.688618798269750698e+01 8.509329070156591968e+01 8.182338561567657109e+01 7.924832839696138365e+01 8.744260764827649268e+01 9.869580080288957902e+01 8.278513513611547125e+01 7.343790115691530218e+01 6.504062175467126394e+01 4.977736066878975407e+01 6.665207527827504919e+01 5.787862564985868374e+01 3.851324303636667423e+01 3.449895234635841490e+01 5.532218681627986712e+01 5.609350181833965365e+01 3.499236119017361801e+01 5.609350181833965365e+01 6.385371796669581812e+01 6.341131478688799916e+01 5.508199562544415784e+01 5.144620057827945914e+01 4.326237616971177147e+01 2.362641677942980323e+01 3.776751332536080952e+01
2.372884694381488524e-03 2.000237288469402586e+01 3.180554285382802604e+01 4.008981410129653256e+01 4.781486158734982439e+01 3.945985322772889248e+01 2.884127039917668256e+01 4.892956711416695725e+01 4.667014296557646702e+01 4.504080253863627092e+01 4.724668650413945414e+01 6.206093725875441436e+01 6.880108093015691395e+01 7.720409951176831953e+01 8.735163063844750297e+01 9.672305948386593855e+01 8.889492127806582289e+01 9.052409831464063927e+01 6.627988463272805575e+01 5.301033483498026300e+01 4.445881613731274484e+01 3.791433276737360103e+01 5.071492774203494491e+01 5.506064446775469889e+01 4.394557122922968517e+01 2.999812114066446611e+01 5.107903426752620391e+01 4.812738408950679769e+01 2.781936610710563329e+01 4.812738408950679769e+01 4.129958956661365477e+01 5.664539182889582491e+01 6.366136241813916286e+01 5.581674550159345927e+01 4.243493809338677636e+01 2.241832020450432239e+01 3.653673626384860995e+01
8.175220331382775790e-03 2.000817522033102591e+01 3.651191595063028217e+01 2.862175991436689770e+01 3.127471966126340419e+01 1.941045251336134214e+01 3.753496035018813615e+01 4.087655413313925123e+01 2.660056253377829805e+01 3.086474577101595429e+01 3.586553226244157599e+01 4.189974948438795366e+01 4.858064991620745587e+01 5.865007899151293458e+01 7.895208286945928933e+01 8.661301616582301222e+01 7.063690076270921736e+01 8.661301616582301222e+01 8.278513513619917319e+01 7.343790115691136577e+01 6.233040099848673776e+01 4.221181116435488434e+01 3.038751849543910666e+01 4.442905446270307124e+01 4.637003006586600407e+01 2.659379106397813075e+01 4.638717008376315931e+01 4.192992163779820913e+01 2.184964291092218858e+01 3.430378642814594059e+01 2.667466876272513687e+01 4.738203018035702030e+01 5.581503174280408786e+01 3.893343377854916554e+01 4.065266541154217350e+01 2.122431611837945908e+01 4.121296911736523327e+01
9.124702163186202558e-03 1.971658116335836297e+01 2.490636703629851567e+01 8.596248092629540594e+00 1.124531280879485706e+01 1.433137982222995888e+01 1.749365756748229828e+01 2.082699143549281473e+01 2.899272709628658262e+01 4.907518202686570419e+01 5.598211042455778141e+01 5.226929150515300648e+01 6.880108093015691395e+01 7.720409951176831953e+01 8.735163019626426717e+01 7.870534841991104713e+01 6.019737589680156020e+01 7.870534841991104713e+01 8.046599101261480769e+01 7.228873742422203463e+01 7.059948467026107721e+01 5.901026549061464266e+01 4.442905446270307834e+01 2.431276847490861215e+01 3.863982989415274005e+01 2.340455548799896235e+01 4.265134243092958855e+01 3.496305089037631575e+01 3.188640936505885293e+01 1.477716981335904656e+01 2.906491911755574975e+01 4.958842833873526956e+01 5.483214547821038565e+01 4.116015465217513736e+01 2.757397717963015182e+01 2.004323812509308311e+01 4.142688101355449248e+01
2.239863785106879172e-03 2.464069683371766573e+00 4.944764375155993541e+00 2.496478433892704629e+01 3.127471966126340419e+01 3.436615214665847162e+01 3.164663838366561777e+01 3.498331610782778966e+01 4.087655413313921571e+01 4.316661288122498519e+01 6.333972979249073632e+01 7.250226012326056946e+01 8.089740838511241350e+01 8.758875793783310826e+01 7.959217743319187832e+01 7.225402482663437809e+01 5.374379233548560109e+01 7.225402482663437809e+01 6.917505148722270292e+01 5.280895045841009505e+01 6.440762169671440063e+01 6.390802428865584517e+01 4.424276551054474282e+01 3.366375013664704596e+01 1.908278530025754804e+01 3.869199362401111841e+01 3.490654032380177085e+01 1.596136550638907714e+01 1.271006440251569813e+01 1.303025041399112460e+01 3.033934902107624865e+01 3.997814601988203975e+01 4.971570699803741178e+01 2.996900558814033744e+01 3.124687264059180336e+01 1.888314496489194383e+01 2.200674254356086834e+01
1.766589122093755728e-03 2.000176658912173977e+01 2.496478435051005107e+01 3.327094464923104056e+01 4.032235356832264728e+01 4.787243893266624184e+01 5.175062710138610100e+01 5.510408930013898043e+01 6.102850662202205712e+01 6.333972979249073632e+01 7.173013616957689464e+01 7.316807893363161952e+01 8.188357304461247566e+01 7.959217743430491510e+01 6.066991116172085441e+01 6.621211463783073725e+01 4.815941352479337212e+01 6.673156772212404064e+01 6.104207717575394554e+01 4.139257381282988746e+01 4.479439434304154588e+01 5.867424383513039743e+01 5.079850487056757657e+01 3.058082833202897177e+01 1.682362904881449950e+01 3.307986835093517897e+01 3.125280714104814805e+01 1.225910162957465666e+01 3.166384255915682644e+01 3.249347184080742323e+01 1.348613630285125353e+01 2.519395246445129288e+01 3.613825268610271024e+01 3.002106050850411023e+01 1.734062448154983471e+01 3.723184496838550928e+01 4.297483681279167911e+01
