LEM/sinusoidal_perturbations/elevation_000639.asc
nrows	100
cellsize	150.0
xllcorner	0
ncols	100
yllcorner	0
NODATA_value	-9999
[rows 68 to 84 of 100, columns 37 to 73 of 100]
4.666057835850595836e+01 4.044144711831606998e+01 2.101362242139102321e+01 2.526366211363767533e+01 4.525712252848742878e+01 5.661544963640429273e+01 7.705413284286075282e+01 7.916594796098512177e+01 5.735969158282534153e+01 4.624614197940285010e+01 6.673737428500864155e+01 5.464913978202275047e+01 3.442861017236472065e+01 5.061498410946126114e+01 4.293100640007762081e+01 3.470980822512044739e+01 5.494995885011253733e+01 6.660602321250564728e+01 5.531989962754765600e+01 7.048972572809510950e+01 7.844358874200426612e+01 6.165147654995482895e+01 7.701605193941642824e+01 5.672394796317948362e+01 4.483711052762095761e+01 6.530039865566496360e+01 8.355151876491066787e+01 6.961935204637256902e+01 8.351428767520334873e+01 6.601748003124276920e+01 6.971121379088825165e+01 5.089244094433003340e+01 5.208950038734369059e+01 5.333332672193525070e+01 7.374857330080311613e+01 5.829537171307658383e+01 7.271350384545381473e+01
4.686389163147131853e+01 2.161810509139874981e+01 3.246350496542515174e+01 4.255017639636354687e+01 4.519729463417859705e+01 6.583267238753579420e+01 7.764911292861010850e+01 8.726670161649209945e+01 7.511211242721593351e+01 5.551454799848213639e+01 7.511211242721732617e+01 5.975847978401953497e+01 3.941109461265038050e+01 5.975741740950557812e+01 6.057509763629476396e+01 5.494996235560737574e+01 3.840002269710016947e+01 5.275335590082785586e+01 7.303966409585508757e+01 8.567863064207395496e+01 9.002843249540649140e+01 8.181162392484920076e+01 8.524015083391427083e+01 6.735925400481399095e+01 4.687390193258332260e+01 6.144449559525766347e+01 8.163874397532541138e+01 8.942357544393905755e+01 9.406126465674749682e+01 8.600676720066913106e+01 7.960221957493722300e+01 7.136435492230869215e+01 5.703003868101725260e+01 7.373342734992999681e+01 8.073777714616048229e+01 6.057814151003637448e+01 8.073825543598904630e+01
4.369275112539585137e+01 2.205424589735856244e+01 3.692173647908032308e+01 3.074989347811113660e+01 4.908725542741662906e+01 5.158843536509643712e+01 6.362816075348833067e+01 8.133353360840546031e+01 8.417550182893222654e+01 7.004857170388271470e+01 8.417550182893222654e+01 6.541439410703627289e+01 4.502170500544289666e+01 6.541439410703627289e+01 7.460518703300152765e+01 6.143504928291260825e+01 4.110707215059191100e+01 5.549742907675895509e+01 7.576704893053684486e+01 8.538746633153591858e+01 9.538236543089287522e+01 9.740646943868793528e+01 8.745712304052020158e+01 6.946089150539309287e+01 4.897666299991084315e+01 6.356054804168613970e+01 8.370558071813367462e+01 9.702246558764578310e+01 1.051705808640368929e+02 9.888301414888044860e+01 7.910666354011866019e+01 6.484641685187710891e+01 7.731985165918845837e+01 7.731669498716115640e+01 7.492767236767127770e+01 8.073825543598904630e+01 6.394115516136033506e+01
2.694971129558690137e+01 4.173184831120730109e+01 2.270341555341803286e+01 4.216504220610133302e+01 3.929020894575567979e+01 5.197450310648504512e+01 7.080703831936692438e+01 7.535764593074968332e+01 8.361419724017838462e+01 9.012724811707789740e+01 8.189078132355693640e+01 6.171141058106124433e+01 5.276452792621012833e+01 7.310077180895214610e+01 6.630736504129654918e+01 4.592500588297930619e+01 6.143504928291260825e+01 4.850319699711776167e+01 5.687038954230644094e+01 6.711252170917019555e+01 8.719489556602620439e+01 8.924799921130176017e+01 6.926546821269070620e+01 5.901318111359893237e+01 5.114719662158243096e+01 7.160550788993377580e+01 8.299514093448524932e+01 7.718485032312629812e+01 9.702246636473972785e+01 1.010290272681765060e+02 8.127388668504404734e+01 7.204760609624706547e+01 9.192769556233551498e+01 9.714643165406599223e+01 8.645168022717454903e+01 9.214754174716034640e+01 8.399072630777281745e+01
4.675888549680394135e+01 3.899936332727499888e+01 2.317781238641843800e+01 4.278520079227499906e+01 5.749039817707225808e+01 6.535409249373967100e+01 5.899187251193560400e+01 5.531374541481936546e+01 7.396639167061503883e+01 8.291373126936288429e+01 9.011075081827300437e+01 8.135569455881361023e+01 6.459610251381837998e+01 8.135569455881361023e+01 6.991322104440341434e+01 4.951541919032790418e+01 6.991322104440341434e+01 6.887307829727521380e+01 5.945519951154348348e+01 7.968792495684282073e+01 9.538236543089287522e+01 9.740646943916628686e+01 8.745712304071949461e+01 7.575914091563403474e+01 5.541043028021881156e+01 5.502575265980700436e+01 6.286427700495810456e+01 8.299515369916731800e+01 9.761522751658522168e+01 1.091562330616672796e+02 1.000619351352316357e+02 8.207283165254496282e+01 1.000619351352316357e+02 1.142269256186582282e+02 1.061202889756207242e+02 1.035215481385425278e+02 8.980750660837320254e+01
4.982944726512676681e+01 3.104132768787596319e+01 2.366311314438538460e+01 4.329015486087858022e+01 5.060026692248093383e+01 5.141506618207121448e+01 3.886188356342912442e+01 4.557740666509312177e+01 5.461975545608546412e+01 6.882460746875652546e+01 8.875646768367550976e+01 9.291810163054175575e+01 8.471836611293038288e+01 8.416522096129089903e+01 6.400984939183958033e+01 6.991322104440341434e+01 5.545086397358254970e+01 7.578244209513971441e+01 7.968792495684282073e+01 7.383963184613575947e+01 9.380695350144476663e+01 1.063118882145015789e+02 9.490680067237093454e+01 8.006835364931599486e+01 5.985653998676863097e+01 7.538638180377724041e+01 5.924317571085520484e+01 6.949003198823662331e+01 8.367592585717066811e+01 1.034138480064854519e+02 1.099005025242292959e+02 1.017825594721261240e+02 1.099005025242292959e+02 1.205500070363719800e+02 1.010161306503422054e+02 8.710923064430103580e+01 7.561460555564660524e+01
5.829931828766500246e+01 4.917193066104185561e+01 3.745930011643977053e+01 2.435833949424513989e+01 3.316222151591486522e+01 3.153125598954631670e+01 5.141491108776137509e+01 6.569900961632157532e+01 7.396639167061503883e+01 8.291373126936288429e+01 8.983932131048024416e+01 8.125782543782273137e+01 8.983932130074707345e+01 9.236903400617784143e+01 8.416522096222712435e+01 8.402136827025384491e+01 6.465302816161923261e+01 6.273982563502024590e+01 8.291568589993715932e+01 9.380695350144476663e+01 1.019810124181523321e+02 9.817194670196144557e+01 7.837524326450824219e+01 6.672043166138658421e+01 7.424325548738467262e+01 8.250859927496165369e+01 6.237623191983539783e+01 8.250859925260648708e+01 9.138163346653595909e+01 9.667304244665587021e+01 1.041106478484052502e+02 1.122374480177452085e+02 1.220358162150797909e+02 1.156141932489009463e+02 9.606664870335264084e+01 8.210628461651698728e+01 9.540510518546794572e+01
7.621418063465840476e+01 6.557529633544500314e+01 5.225560566748390556e+01 4.400761792736550859e+01 2.505444072006283918e+01 3.830303263329369656e+01 4.922013571943457322e+01 7.021636365369145949e+01 7.180884608712705131e+01 8.019043143659338568e+01 7.942026536328069142e+01 6.036978089592660268e+01 7.942026536328069142e+01 9.187474273963587734e+01 1.009855010437401290e+02 8.114564584123202451e+01 8.478632710479107004e+01 6.822655084311359985e+01 8.827344326512999828e+01 1.053073703396054697e+02 1.087490221398612249e+02 8.908446474406922277e+01 7.499888848882694958e+01 8.674231464328062202e+01 9.413138463400510147e+01 9.068969508886792141e+01 8.250859925878461354e+01 6.703439898127670915e+01 7.147970182617108037e+01 7.687440305284745534e+01 8.443259360699177307e+01 9.432184582748800494e+01 1.138994498693224244e+02 1.177509883499663630e+02 9.820528935250366942e+01 8.762597506210430254e+01 1.051494987201135984e+02
6.801091460762620500e+01 4.803733290208459294e+01 4.735537781961383530e+01 2.838882141034181572e+01 3.001049323347319842e+01 2.576568863809697518e+01 5.251216546417717979e+01 6.842638455163819344e+01 5.137932353121181706e+01 6.842834280326573548e+01 6.150548248821481678e+01 5.004077403682178016e+01 6.199505048153194053e+01 8.308307837688336406e+01 1.005953541404368110e+02 1.009855010437401290e+02 9.644870307575641277e+01 8.827344326512999828e+01 7.729380475227787883e+01 9.139029945170219094e+01 1.110761699057100742e+02 1.014207625696376596e+02 8.169071562951850751e+01 1.014207625696376596e+02 1.108313062531415625e+02 9.118815892402756162e+01 7.713584810111515822e+01 7.379949371091139199e+01 9.138163349424216619e+01 8.561344136726854970e+01 8.945582095283641877e+01 1.033578899960596544e+02 1.220358162150797909e+02 1.258690525263397717e+02 1.128669125635254886e+02 9.333609684633309200e+01 1.128669125635254886e+02
5.086438490395814682e+01 5.170255339847847864e+01 3.197022582131772950e+01 4.667499404911614391e+01 4.486000161789726093e+01 2.627036547994889659e+01 4.619361576518763002e+01 5.041766225001368440e+01 3.969792516519570569e+01 5.440968239984628951e+01 4.097886380524280980e+01 5.003935824947340194e+01 6.034996966163900822e+01 7.230475741915410026e+01 9.247206174770525422e+01 9.111786901864553556e+01 9.943010270368046122e+01 1.053073703396054697e+02 9.715615741412115369e+01 9.139029945170219094e+01 1.110761699057100742e+02 1.095532364373224965e+02 9.161243966829566432e+01 1.095532364373226102e+02 1.108313062531415625e+02 9.118815892402756162e+01 9.694150357287865916e+01 8.090073800781139823e+01 1.006355916262997994e+02 9.702297709201313580e+01 1.090921428768200059e+02 1.172250768877396752e+02 1.310922637794197385e+02 1.241188286271857066e+02 1.046299383224256587e+02 1.128669125635254886e+02 1.128669125635254886e+02
5.671213275838815804e+01 3.667381521651105913e+01 5.170255338232210107e+01 5.814543334039424849e+01 4.203442188352887143e+01 4.400698753629175286e+01 2.698806237605471736e+01 2.927475015100278455e+01 3.161328991359548013e+01 3.415139184267057004e+01 5.391468579846922182e+01 6.246015981946506912e+01 6.630421524779190179e+01 7.021113846798687064e+01 7.444080806365646197e+01 7.069272414413769923e+01 8.581111608632883758e+01 9.349159103152931038e+01 1.017750762370141331e+02 1.110761699057100742e+02 1.192244412275057925e+02 1.193653840073369707e+02 1.112290854709795980e+02 1.193653840073373686e+02 1.189702826333573995e+02 1.108313062531415625e+02 1.006355916343408410e+02 9.489440784583791810e+01 1.006355916343408410e+02 1.166238509637614129e+02 1.247692379887674150e+02 1.264934570765726392e+02 1.347580325376285941e+02 1.322460867728465530e+02 1.183949427944434234e+02 1.322460867728465530e+02 1.323926759031640188e+02
4.271690299659874057e+01 4.826282827883334647e+01 6.494372848892781747e+01 6.814512431845716378e+01 6.063209467787862650e+01 4.717559270677932659e+01 2.750843113084530245e+01 4.278450249033902253e+01 5.130393426712626592e+01 5.440968239983863697e+01 3.869971212464206189e+01 4.211827288135007308e+01 4.571686875888304513e+01 4.953764431676746938e+01 5.371974385172485000e+01 5.892173703055375000e+01 6.525705485379829440e+01 7.317096353981627033e+01 8.501316012277494849e+01 1.050733479425226875e+02 1.191548916214651399e+02 1.111084466983441104e+02 1.191548916214652394e+02 1.268950058104411767e+02 1.188785290105352175e+02 1.268950058104411767e+02 1.202410028736773597e+02 1.144960354006210110e+02 1.202410028736773597e+02 1.261490853755150425e+02 1.178784722360604036e+02 1.064934564712471854e+02 1.175954030971118414e+02 1.258661288919491028e+02 1.379375114340676305e+02 1.280941579476729544e+02 1.197965478500742051e+02
5.692105616360673537e+01 6.825409732176972000e+01 7.645186407892909131e+01 6.436748703997315602e+01 5.607862260945938004e+01 4.769807377319219199e+01 2.802717969727177660e+01 4.764923570873006753e+01 6.184587861778370410e+01 6.756303852744764527e+01 5.394299304888134827e+01 6.260661861324233968e+01 6.630421524779190179e+01 6.419485511637982711e+01 6.576540230534074283e+01 7.961383181856417934e+01 7.588736558361568996e+01 8.581111144431400817e+01 1.017749440802803917e+02 1.133392028464565584e+02 1.093120760200670674e+02 9.131520499059574547e+01 1.093120760200670674e+02 1.171227801579640442e+02 9.925497770583422152e+01 1.171227801579640442e+02 1.256596280324801853e+02 1.174412595332354527e+02 1.256596280324801853e+02 1.146102572373017381e+02 9.788484420722363666e+01 9.495525806126380530e+01 9.760261664116383429e+01 1.117396283037034124e+02 1.317324940215609672e+02 1.165370348281924322e+02 9.978510341042328946e+01
7.683374379849090019e+01 7.957098595991099899e+01 7.131221372707551609e+01 5.608919922619734422e+01 3.587773442507577215e+01 3.109091503469604589e+01 2.854246997097542149e+01 3.431434392136473832e+01 5.678230266895852196e+01 7.089282303331420110e+01 7.686031416451827170e+01 7.431454930121640245e+01 8.219452738837041750e+01 8.473573133051608863e+01 8.629163571524161114e+01 9.461741576862580416e+01 9.619466922457155533e+01 1.044847334535441803e+02 1.142136922480841861e+02 1.118180626668230246e+02 1.012118188673492654e+02 8.127610885899113669e+01 9.981295124295260734e+01 1.079192530048514271e+02 8.925776511823637804e+01 1.090667533581846982e+02 1.156954952710500777e+02 9.747680465547912831e+01 1.156954952710499924e+02 1.056814516635720906e+02 8.637489483950962210e+01 8.499605712499386811e+01 9.650108353429638441e+01 1.164934567739098412e+02 1.212989656081338126e+02 1.082429350159685129e+02 8.827551231794893738e+01
8.873544136003249605e+01 7.131221372707551609e+01 5.128975195135503640e+01 4.458920519680237504e+01 4.909262694116329584e+01 2.926936308817780841e+01 4.832553270587445127e+01 3.813147797176091558e+01 4.638500571100707504e+01 5.637636686080257675e+01 6.585896934341155884e+01 5.545594061062277547e+01 6.959846356498930220e+01 7.648729945654378071e+01 8.452489627633008240e+01 9.573170389509223810e+01 1.111792356322330591e+02 1.086361521103897303e+02 1.167446289612005472e+02 1.037250128954891721e+02 8.385869744686928584e+01 7.418573535501576544e+01 7.990605016990568288e+01 9.316270357722733308e+01 8.216106221939921284e+01 1.020632184017286761e+02 1.074590320943572834e+02 8.751828409420365062e+01 9.748865809428042439e+01 9.740865015197495325e+01 7.753092785111103069e+01 9.740865015197495325e+01 1.132263019568183608e+02 1.247649958356922753e+02 1.130054525254870867e+02 9.303697995539076260e+01 8.231531709557663135e+01
8.542589328141491478e+01 6.546613624068018567e+01 7.131221372707551609e+01 6.463805964746875077e+01 5.653103066282610456e+01 4.444068712737158222e+01 2.999543762940479397e+01 3.051827144650626167e+01 3.840979111790473866e+01 4.012694941514507718e+01 5.591760558923560609e+01 4.489881964610298581e+01 5.026373870773385732e+01 5.700273120257907777e+01 6.828115197744872944e+01 8.769711347673906232e+01 9.149672683386569361e+01 8.893485248037643487e+01 1.053914096690638758e+02 9.861852450107288348e+01 8.737304955833531039e+01 6.750458762796684198e+01 6.833323924863886134e+01 7.319447405711406418e+01 8.476783365494819122e+01 1.046303091525265359e+02 1.115916348149557535e+02 9.164701386674481398e+01 7.762433946660559059e+01 8.937908397330274113e+01 7.344272422333183670e+01 9.326385853362107525e+01 9.927019653364327212e+01 1.193866039722385750e+02 1.119301939687996565e+02 9.670126294565429248e+01 7.688738279940753273e+01
9.367592766057282461e+01 8.542589328141491478e+01 7.919508233278408227e+01 6.766093491574667951e+01 5.447439379189648889e+01 3.452349228356993649e+01 4.986614392661744688e+01 5.028368999096839076e+01 3.126820262760327651e+01 3.501255914232358180e+01 3.889404138830215629e+01 5.695592076199966414e+01 6.959846388928410477e+01 7.648730024512758519e+01 8.452490622642650919e+01 9.399358847780275994e+01 7.747256603275424425e+01 7.747256603275759801e+01 9.726160303073949365e+01 8.551615175320694107e+01 7.155851520601987659e+01 6.212051607269271614e+01 8.215174191884234745e+01 9.316270357722733308e+01 1.013035833022085228e+02 1.127115630616853110e+02 1.061800932522972971e+02 9.790018605043611899e+01 8.937908397330272692e+01 6.960601857944071469e+01 6.952371933709763141e+01 7.935708379533861034e+01 9.927019653363586826e+01 1.120563552235847453e+02 1.036423578156725256e+02 8.374679122883084403e+01 7.243050206752467091e+01
