LEM/sinusoidal_perturbations/elevation_000895.asc
nrows	100
cellsize	150.0
xllcorner	0
ncols	100
yllcorner	0
NODATA_value	-9999
[rows 34 to 50 of 100, columns 37 to 73 of 100]
3.734950839257482613e+01 5.647871401128711000e+01 5.472679321557698984e+01 3.220067369129531443e+01 4.107958723765805331e+01 2.924068332833217099e+01 3.278860175005701905e+01 3.823551556706077292e+01 3.848761174286943287e+01 2.222678078664262813e+01 1.948821504848318042e+01 1.983356495574697931e+01 2.018087637808902812e+01 2.128189931606591045e+01 4.110809692413820926e+01 5.022429891354251907e+01 5.897472837833682036e+01 5.239822196822799327e+01 4.413180023759020543e+01 2.385572332377843097e+01 2.424301694603159874e+01 3.179752778244141354e+01 4.151944856855163124e+01 4.564938264783597077e+01 2.623355603498748678e+01 2.666682825166790494e+01 3.512437896353014821e+01 4.719480302835638952e+01 4.820649062970974796e+01 4.874909825712033040e+01 4.485910347348750093e+01 2.972047394438265044e+01 3.016668214973695683e+01 3.061094957900050417e+01 3.105313257098221769e+01 4.163410504636100029e+01 5.796588385439357438e+01
5.670195701585883086e+01 5.220850689318854876e+01 6.311360334614654732e+01 4.652638899698636976e+01 5.853449661375880453e+01 4.990523038829796576e+01 5.435731226884876577e+01 5.090549247804484878e+01 4.116481452521580309e+01 2.120190981426195975e+01 2.010168845436778540e+01 2.180477857434806310e+01 4.004123780500776064e+01 2.071774757666758404e+01 4.063974014367601484e+01 4.394713284853705204e+01 4.903680867901687179e+01 3.170586109581276091e+01 2.331567839043018608e+01 2.671770212667935951e+01 4.378926227950460515e+01 2.480933983042023527e+01 2.521831843636765669e+01 2.563427064455744286e+01 4.213169265261316099e+01 4.597158600142911666e+01 2.728983748029206424e+01 2.773746063207617141e+01 2.818753198394559689e+01 2.863821081653934186e+01 2.908765002452537018e+01 4.918998670944058915e+01 5.025898123995813904e+01 4.959343762527769428e+01 3.666260749936621011e+01 3.198170708508192206e+01 4.330076304578683732e+01
7.296571920921114440e+01 6.493939828608966991e+01 7.463498198192142752e+01 6.930605512590621231e+01 6.527728761418633496e+01 5.699832028829286656e+01 5.031053068323728894e+01 2.371000552100506553e+01 2.300161008078503144e+01 4.116481518364592063e+01 4.728015726167388522e+01 5.131247986195063504e+01 4.805429209723710215e+01 3.059509889297685703e+01 2.127736088255768721e+01 3.988564299107895295e+01 4.211617309213388438e+01 2.277332217144766346e+01 4.019946690251624943e+01 3.398579888138449689e+01 5.022366144002551636e+01 5.182835492341063599e+01 3.908355740835064296e+01 2.897155814083995651e+01 4.070361662351145071e+01 3.246004234205325645e+01 4.802792114497365361e+01 4.807636279681388913e+01 4.246744686926102474e+01 4.875710146376824383e+01 3.397869578360285914e+01 4.102346455951923332e+01 6.078462365363608910e+01 6.459534707675885556e+01 5.671483861706234109e+01 5.208874327602708121e+01 3.291457409592614880e+01
6.671785192232512429e+01 8.326216265641932068e+01 7.719891442645929658e+01 5.754975882708858848e+01 4.589515372610293298e+01 3.688839230418515314e+01 3.051110180782374215e+01 2.477954136869871604e+01 4.306695811493958104e+01 5.126201636697774688e+01 6.673907593668423033e+01 6.491952573858061726e+01 4.642760710701547566e+01 4.465412569702277779e+01 2.788649842948740698e+01 2.184370412486917701e+01 2.223935691351845634e+01 4.093978785918774577e+01 2.441585070438442528e+01 4.435038167053022562e+01 5.390482852627035015e+01 6.600869903854385257e+01 5.946245324884949213e+01 5.217258515367289107e+01 5.617104274095809302e+01 5.210401815608182829e+01 3.777463712445702271e+01 5.718523898861216992e+01 6.245968675702739148e+01 4.416364921788700570e+01 5.255196539387241472e+01 5.253144811169657658e+01 5.715200384845512360e+01 7.701306460511167984e+01 6.561114475868812690e+01 5.320969187345412621e+01 3.357846584112154886e+01
8.001542070034746246e+01 9.474032388420052087e+01 8.613374311690284912e+01 7.538415941042890722e+01 6.575883693067926572e+01 5.714132130096196249e+01 5.062871690881957676e+01 4.499154789676513388e+01 2.685480448621071403e+01 4.157045796311484764e+01 5.689364062021284951e+01 6.738269984845811678e+01 6.492065737859250873e+01 5.629478975398546936e+01 4.631306674419964509e+01 2.741289445454282969e+01 2.684605425181524652e+01 4.462549527038680708e+01 4.436318165769060329e+01 2.614373790747223936e+01 4.222006854473264070e+01 5.561447932924961890e+01 6.999591184531227839e+01 7.459219511284294413e+01 6.919035577037512041e+01 5.020945397688046086e+01 5.718585406772459123e+01 4.395429914704914154e+01 6.309182176798588415e+01 6.397338771603680385e+01 5.812895318875696660e+01 7.239071764328633662e+01 7.701686757632448632e+01 7.025730905716784491e+01 5.778068443252308128e+01 3.775144438143779269e+01 5.368978036711218493e+01
8.181877325600426332e+01 9.597982740634334675e+01 8.781578819004619163e+01 8.228191510319329893e+01 6.217808100217142453e+01 6.193055932595612489e+01 5.232881537585452492e+01 3.230227456502232286e+01 4.699184362587779162e+01 2.908424356713213044e+01 3.918033204724680019e+01 5.915069866200001059e+01 7.101152046415934649e+01 5.052315705904517529e+01 3.631746424353733715e+01 4.748731756749711508e+01 4.015785512370277388e+01 5.355676864405767645e+01 4.577341449603686385e+01 4.613455897613679468e+01 2.793927234205546739e+01 4.213887179366282254e+01 5.447731326236409899e+01 7.371517712078042450e+01 7.706655126950609258e+01 6.367492034059175410e+01 6.747311192061600593e+01 4.848819562599446442e+01 5.951568237359931857e+01 7.831607314405310660e+01 7.222582739556457909e+01 8.639182867397818200e+01 7.608101940993446988e+01 5.621650287669918100e+01 4.208157248678264040e+01 5.778078136500266027e+01 6.287342936702543028e+01
8.998770597145809802e+01 8.781578819004619163e+01 6.818328284100410031e+01 7.393351052605720497e+01 6.219397178781607494e+01 4.222231288170446817e+01 3.802000038418885453e+01 5.232881528236136859e+01 5.072842353913511459e+01 3.067275866823405650e+01 5.072842468715898434e+01 6.738249496247806292e+01 7.326754540581632114e+01 5.276104723799412710e+01 4.787924487580225019e+01 6.502013730160159355e+01 6.427880538400887644e+01 6.725395794467569033e+01 5.116419850248026080e+01 2.983590333857681642e+01 4.515060731020469120e+01 3.487905247426758137e+01 5.448288225842786403e+01 6.841675023466702044e+01 7.646607791614958671e+01 8.250638719250424913e+01 7.250765441041214387e+01 5.367012131443921419e+01 7.250765441041214387e+01 8.624746504089711152e+01 9.221231682976230104e+01 8.960485618828944610e+01 7.815233661630924189e+01 6.518384421174243926e+01 4.526771436978013696e+01 6.518384421174243926e+01 7.684708775866288022e+01
9.475384052301951954e+01 7.513006511152890710e+01 6.123650057047915851e+01 5.423696570853743282e+01 4.909199755110372365e+01 6.160838775850734095e+01 5.746479725447712639e+01 6.563981758954510326e+01 5.230410084932881887e+01 3.226976706746320644e+01 5.230400850135766433e+01 5.479553440952599175e+01 7.466755046479936198e+01 7.326754540581632114e+01 6.833409646597758069e+01 7.685119492948608411e+01 7.337706203131270399e+01 6.528533633922299373e+01 5.110211987369172704e+01 3.118411937748162899e+01 5.081160188271140044e+01 5.446841251155003505e+01 4.304940130023575762e+01 4.928318573244847300e+01 6.281121093911642816e+01 8.194973169560655890e+01 7.914342169821070172e+01 6.037463750789775219e+01 6.904190604303127543e+01 8.792846622214084107e+01 9.532975359003744131e+01 8.138824245267343827e+01 6.155202696769831050e+01 5.005694876015136430e+01 6.518384421174243926e+01 7.340334929933413832e+01 7.619109305915979746e+01
9.475384052301951954e+01 7.513006511152890710e+01 8.087773585707263635e+01 7.393351052605720497e+01 6.884788452231843792e+01 7.184091645257412040e+01 6.728564885892257053e+01 5.757092529064068032e+01 3.757824398225304918e+01 5.230390180677075307e+01 3.479953183267214456e+01 5.479559167976487544e+01 6.900457388616287346e+01 7.739049989617079461e+01 8.726434352758924717e+01 7.639847587907502202e+01 5.720187132153039755e+01 4.600156872868421232e+01 3.893940094396356955e+01 3.254109131177865777e+01 5.243537516013879696e+01 6.248512441263039818e+01 6.236079192471979127e+01 6.841441988456074341e+01 6.281121093911642816e+01 8.194973169560655890e+01 8.709516033077682096e+01 6.971705902313966874e+01 8.709516033077682096e+01 9.595100535848420975e+01 8.711229364606049330e+01 6.728359866191713934e+01 5.582045527347948166e+01 6.993579810271963026e+01 6.264521369749349589e+01 8.248113843760992836e+01 8.461043306723635737e+01
1.029297481712813749e+02 9.475384052301951954e+01 9.502421441652985834e+01 8.673393661785517850e+01 7.209902089646556078e+01 5.215611981535385411e+01 4.745200643400965390e+01 4.327198644161547492e+01 5.757092529545177229e+01 5.659762803858596669e+01 3.661711860376059491e+01 4.327110273862597722e+01 5.007642734143083629e+01 5.933689637762966385e+01 7.886336986817690331e+01 8.453395946246054393e+01 7.337828357142210223e+01 6.528533720655094896e+01 5.846220413158501827e+01 5.243537853920921066e+01 3.452132302515532558e+01 5.437037646689761772e+01 6.494464477279642267e+01 7.628229409993603838e+01 8.194973169560655890e+01 9.012094489318295132e+01 9.659955953402611328e+01 8.856978437328179155e+01 9.659955953402611328e+01 1.055748841836114025e+02 8.573582726082503314e+01 7.171594404148332558e+01 6.027167748168388073e+01 8.009734536877293465e+01 7.667203586694714090e+01 9.069786259149437058e+01 8.862615695997935461e+01
1.109466271659568122e+02 9.090496407665681033e+01 7.669284194645369723e+01 6.669980091459285632e+01 5.967067051561032542e+01 7.209902089646556078e+01 5.895321264920752213e+01 6.322502620953888197e+01 5.935031279644311297e+01 3.942135208550425318e+01 5.659765692837900275e+01 4.659469080395308538e+01 6.624963277870075729e+01 7.739049989616246705e+01 8.726434352967741859e+01 9.192946093026375820e+01 8.275423597179474200e+01 6.897382227824839163e+01 5.758212816544070023e+01 3.781660773370852979e+01 5.437315031039360491e+01 3.704247434231776737e+01 4.855116524349435991e+01 6.813434959073146047e+01 8.659275733129315711e+01 9.390689282372818525e+01 8.566915299208881152e+01 9.270249070254565993e+01 1.009394545833743280e+02 1.000064753126233796e+02 8.016619767174205435e+01 6.872450016821930774e+01 7.171594404148332558e+01 8.831380910540794105e+01 9.650555264892042828e+01 8.958574467827459387e+01 7.813882416678086429e+01
9.874106567028519521e+01 1.050499749305679131e+02 9.502421441652985834e+01 7.965080001236108842e+01 7.117602569972969206e+01 8.719352262197027414e+01 7.891727683723723885e+01 6.235411251599686722e+01 4.227206622015681603e+01 5.905390359908252407e+01 6.718562821174867850e+01 6.627648181493565005e+01 5.901461422316521066e+01 7.293697138575373629e+01 9.286039626458017437e+01 8.362480709046948846e+01 6.422537365277081278e+01 5.511226278379021437e+01 4.116674911202271403e+01 5.758212834559712689e+01 5.859220390680684432e+01 3.886009534785297603e+01 5.711719477204961493e+01 6.944453248357713449e+01 6.691178626839879939e+01 7.726341378406395677e+01 6.595594716494611021e+01 7.280920754478938761e+01 9.270249070254565993e+01 1.082245552979514542e+02 9.605021154486058776e+01 7.621097689591016433e+01 9.154655250116320531e+01 9.976464216342928637e+01 9.624819090072287509e+01 8.137028522087636873e+01 6.154663029891649018e+01
8.157197464872429293e+01 1.014996259869239452e+02 1.079625207899122472e+02 9.951068882129349902e+01 9.122755701475513490e+01 9.415545270663879762e+01 8.610460052640280537e+01 7.072562714273426820e+01 6.216090754579660427e+01 4.516874989255357065e+01 5.932299959469610684e+01 7.945054207664669832e+01 7.877240742830129250e+01 8.703118105621234690e+01 8.578125255484050626e+01 7.549982053525262415e+01 5.597295213187589979e+01 4.463909068976504102e+01 6.084130013442543117e+01 6.897360224083115554e+01 6.037467867256219023e+01 4.069571895678318185e+01 6.037586913223667295e+01 4.909680050693738451e+01 5.327026974442250662e+01 5.780455256590530411e+01 6.890938686462608587e+01 8.867522677991510704e+01 8.686400577977455839e+01 1.067978401868105891e+02 1.042684552823073147e+02 8.766388790249401097e+01 1.042684552823073147e+02 9.428552447910280421e+01 8.473148318065652518e+01 6.821327836856309546e+01 5.417800981105837366e+01
8.157197464872429293e+01 9.426132687263753951e+01 1.042318404358086781e+02 1.060765583362887980e+02 8.663762913100227081e+01 7.529038171358887155e+01 6.649148719699357457e+01 5.992519842599128310e+01 6.700680184103077863e+01 4.724337854329228747e+01 6.566740909217509170e+01 7.828696430477081947e+01 8.693963612039723898e+01 9.676984131118592813e+01 7.759169871343536329e+01 5.806102649743766619e+01 4.830650451514597421e+01 6.422889298175294925e+01 7.237063397674235432e+01 7.419738087122871661e+01 5.465084184608917894e+01 6.037586913223667295e+01 4.336583612134727161e+01 5.834220769864583644e+01 7.070152278856934913e+01 7.726341270968724473e+01 8.547933594949530800e+01 9.691095996407950963e+01 1.067978401868105891e+02 1.150149033869742965e+02 1.157239122543109175e+02 1.075061426846914685e+02 1.008247507464495101e+02 7.919923202951345331e+01 6.566355604234010457e+01 5.847876447112564335e+01 7.401771047147407501e+01
6.614618246872031193e+01 7.603096942608570430e+01 9.594080128657091677e+01 1.140857168972529365e+02 1.028800819901789367e+02 9.415545270663879762e+01 8.320565431229569242e+01 7.078949149962643617e+01 5.107850734978906360e+01 6.700680184103077863e+01 5.200130425292747560e+01 5.901377001243123743e+01 6.896582230946108893e+01 8.872441931352749123e+01 8.578125255426670037e+01 7.598067263559667595e+01 6.782636250252538446e+01 5.217118482952837155e+01 7.165104108427105700e+01 8.236004453785751878e+01 7.419743961082697581e+01 6.297631753127025434e+01 6.297631753127840426e+01 4.643666065273798438e+01 6.025078195028773820e+01 7.979519435505862646e+01 9.051232675240619585e+01 9.864417065900936166e+01 9.888352643847160550e+01 1.070574818371550663e+02 1.186439415486844950e+02 1.071757089821290663e+02 9.828765319837540915e+01 8.304677220165446272e+01 6.327497065811316190e+01 7.829039703318217391e+01 7.829039703318217391e+01
8.598588535632841001e+01 9.426132687263753951e+01 1.042318404358086781e+02 1.082346530104811251e+02 9.848115433285497033e+01 9.041819250147557341e+01 7.511464968849924162e+01 5.546254819631367639e+01 7.078949126888187493e+01 7.548890995677079729e+01 5.588728790828931636e+01 7.548890997866227792e+01 8.693963612022680820e+01 9.676984131074308948e+01 9.843493258910726240e+01 8.171009870465205438e+01 7.437943839788009370e+01 5.493478357424706360e+01 6.864393334156126514e+01 8.831961857032594310e+01 9.073923752211122462e+01 8.067403772900172498e+01 6.206529557787523999e+01 4.863652636123035933e+01 6.812107408627016980e+01 7.595106400855371476e+01 7.137197052256394159e+01 8.518357039670800646e+01 7.950886280029421016e+01 9.888352643847160550e+01 1.104220681079189887e+02 9.055262350905488233e+01 7.906920873483414880e+01 7.022490818520604705e+01 6.818426245808554143e+01 8.800094211617727069e+01 9.811563556582538581e+01
8.083353538884338718e+01 8.909873979895142782e+01 9.905409748332564845e+01 1.001887922134438611e+02 8.064759278950729993e+01 7.082051629146064897e+01 6.427311687606514568e+01 5.919901233002784124e+01 7.879994813209091831e+01 8.356339558938127254e+01 7.548890997866227792e+01 6.194416970416804702e+01 7.573045304291659363e+01 9.517485087966956314e+01 9.075120283104216412e+01 6.947993057344272927e+01 5.930921372453719442e+01 6.355680610348893822e+01 7.439203518009212246e+01 9.402425644416075556e+01 9.830347743216113088e+01 8.651532253096242187e+01 7.125014822025599415e+01 5.155078369669767113e+01 5.354164444706034942e+01 5.701914742440577299e+01 6.056196294636639976e+01 6.620606349814306668e+01 7.454303934474498305e+01 8.805384929660147009e+01 1.076449192898384979e+02 9.999947139592659084e+01 8.011909357606154458e+01 9.005928248599406061e+01 7.344040502366877377e+01 8.748966466608426629e+01 1.073676585900549583e+02
