LEM/sinusoidal_perturbations/elevation_000307.asc
nrows	100
cellsize	150.0
xllcorner	0
ncols	100
yllcorner	0
NODATA_value	-9999
[rows 17 to 33 of 100, columns 0 to 36 of 100]
5.222468517465790779e-03 2.000509232009409288e+01 3.494705218001745717e+00 2.353209477691280682e+01 2.324020303219051442e+01 1.259833534774955233e+01 3.241441369669973938e+01 4.316529415674517622e+01 3.500277094123738664e+01 1.774137644056229135e+01 3.751344755441808587e+01 2.701203194997960111e+01 4.666719084362789260e+01 5.780567552493571526e+01 6.483501748641901941e+01 7.315868406152965520e+01 8.237785952106558796e+01 9.210105229544545580e+01 8.216178280388923838e+01 7.399581667617890446e+01 6.706213053809918279e+01 5.470600957088505822e+01 3.380134424540268867e+01 4.935612948811492373e+01 4.896241707551792643e+01 4.177892497284739903e+01 2.202832884918050738e+01 3.993269976217543871e+01 5.626828048668688353e+01 6.508618592416834758e+01 7.331172696029960889e+01 8.011699259957491392e+01 6.553503311797348374e+01 6.439256888118462996e+01 6.813533260194310515e+01 5.073017256056333935e+01 4.602460734053837399e+01
7.333276091007126865e-03 1.277840564702008663e+01 2.078723204117773449e+01 5.583789972156326442e+00 7.076049339074462097e+00 2.688304350747458216e+01 3.083001413790545442e+01 3.251724234119642176e+01 1.520289350016158458e+01 3.500277094123738664e+01 2.267000714833045905e+01 4.239413270515204601e+01 3.344586907495220629e+01 3.820082925597191803e+01 4.506654467158251975e+01 5.379381041843888056e+01 6.810849474411500637e+01 8.952318651410074324e+01 8.931975665443466994e+01 8.172767904885235168e+01 7.492484783566335693e+01 6.318416249568779364e+01 4.935612948811492373e+01 2.933266625234194791e+01 3.402601639830933067e+01 4.115890888235603029e+01 2.168722954624645993e+01 4.148554282890799527e+01 5.388257195737524796e+01 4.570763072645547709e+01 5.927457092946540484e+01 7.911697955652778091e+01 8.624026132481755269e+01 8.510133491602233846e+01 8.014311680879016819e+01 7.158587727419438806e+01 6.696951351520000628e+01
6.343274376862209282e-03 2.000634327437650839e+01 2.361238084465002274e+01 2.142535305090590825e+01 2.688314637031143306e+01 9.382621183999338754e+00 1.104302281694457832e+01 1.272232459284578887e+01 3.251724234119672730e+01 4.316529421962654567e+01 2.627645028590283260e+01 4.592270404530386685e+01 5.303852004589445812e+01 5.199999981247507463e+01 5.052718839236948867e+01 6.447785839968578614e+01 8.237785952106558796e+01 9.197997665836116710e+01 7.401778033702275650e+01 6.363455049577095934e+01 5.696669876851572667e+01 6.649441930135671441e+01 5.786473437397645370e+01 4.688787537758177848e+01 2.517854913644156412e+01 3.023930752422155521e+01 2.134440299884660064e+01 2.752115807279780313e+01 3.421235086282556637e+01 5.389936063938329625e+01 7.331172696288041379e+01 6.849607919165609360e+01 7.692664115391932000e+01 8.458130885934924947e+01 7.609589210142752336e+01 8.458130885934951948e+01 8.412755301340131098e+01
3.497053469895897767e-03 1.735030312751976567e+01 3.747352784797999448e+01 4.327841548138741246e+01 3.734311652566617568e+01 1.947411686191605185e+01 2.433247370163473633e+01 1.933464020895723934e+01 3.919989999449119722e+01 5.053129511065525037e+01 3.097869914650113543e+01 3.471128928090432453e+01 5.425704027082122138e+01 7.182181656869821040e+01 7.033019936635889735e+01 7.861227740487557014e+01 9.274669641006531151e+01 9.945294397844483569e+01 8.931975665443466994e+01 7.692879008946106012e+01 5.885592973949441387e+01 4.870417214594584010e+01 5.978930198638375515e+01 5.455891648702293395e+01 3.918418252938585766e+01 2.085800311953564901e+01 3.418257949014746089e+01 4.326935132298818587e+01 5.246181648440082768e+01 6.153922983073081809e+01 5.457613398822743278e+01 4.880717983792367676e+01 6.849318553891814076e+01 7.457288171515915565e+01 5.627320204867732656e+01 7.457288171515973829e+01 8.458130885934936316e+01
9.635555453094322986e-03 2.000963555545273920e+01 3.585274839960948157e+01 4.585336362100821361e+01 4.916238436536866629e+01 3.427436859859490426e+01 4.146620368221444863e+01 2.681283137472145484e+01 4.649421401370452145e+01 5.540798530076924067e+01 3.590122454031327948e+01 5.425704027082122138e+01 4.445648085926703885e+01 5.419117868508991620e+01 6.810108831906440230e+01 8.798182295739383108e+01 9.664333538338172502e+01 9.132009050189883226e+01 8.299039989419259200e+01 8.459023155399886207e+01 7.013060081756852071e+01 5.221124706300918916e+01 4.191384527086261613e+01 5.401541610004142058e+01 4.619752490072224305e+01 2.051445071795106045e+01 2.712013723732883363e+01 2.940303851193188933e+01 4.376544049195106112e+01 4.492724141949379657e+01 3.544883369357224723e+01 5.443183922643419947e+01 5.504440929854081332e+01 5.792795305869754685e+01 4.682111772666509353e+01 5.627320204867732656e+01 7.010924594415695310e+01
8.845047570523793118e-03 7.568134507755186036e+00 1.756813450877083227e+01 3.171027175423338207e+01 5.171054726963163262e+01 5.522297601476959983e+01 5.479455673943633087e+01 3.813217122095907996e+01 5.479455673943633087e+01 6.062778006311560830e+01 4.109709643313836835e+01 6.062778006311560830e+01 5.826529689118896727e+01 7.228388067805379080e+01 8.217910797374135257e+01 9.069662460229764633e+01 7.644813877063859309e+01 7.970177907017910002e+01 6.286115580225522592e+01 7.287225680912141001e+01 7.776929918251957474e+01 6.267639816628715010e+01 4.596404846193442495e+01 3.541954439933563492e+01 4.696387854662182093e+01 2.017091840690589422e+01 2.271775111079055165e+01 3.684971747281910126e+01 3.361478850702035004e+01 2.607299181367442031e+01 2.848384740156931016e+01 4.727646888652857626e+01 3.591644978524239917e+01 3.877839160574869481e+01 5.792795305869754685e+01 6.877128108342056123e+01 7.501548213562189460e+01
8.023991185656003874e-03 2.000802399118530062e+01 3.585274840102377425e+01 4.264693736991417694e+01 5.093120861737578764e+01 5.149926637443750366e+01 5.978353762189911436e+01 5.798376002154905251e+01 6.628990232669367799e+01 6.757148511047920181e+01 4.793172140827900307e+01 5.700171573088642418e+01 7.676191611604151888e+01 8.630246446491879908e+01 8.994075558692406958e+01 8.159953622880271951e+01 6.222595598393740346e+01 6.812401085346974128e+01 5.136206634619763634e+01 5.285146842897265884e+01 6.702026561247950553e+01 7.056202241219119742e+01 6.074737300336662571e+01 4.877608899138345322e+01 2.823575975293581664e+01 4.116314346741086894e+01 1.968752122382916880e+01 2.999003207891521683e+01 2.260501406921171963e+01 4.260995867317898700e+01 4.727646888653229951e+01 3.201867084636329253e+01 5.074763517828916548e+01 5.788435424551506969e+01 4.391880977424391119e+01 4.935598368032954397e+01 5.526959532162010902e+01
4.598823041778624977e-03 2.000459882304142312e+01 2.725093019152475193e+01 2.264693736991489104e+01 3.536394631323403814e+01 3.149926637443821775e+01 4.529748582889359199e+01 5.132771272044875843e+01 5.839878053231398525e+01 6.668305177977458698e+01 5.663264805197525220e+01 7.581555212853405123e+01 8.502226763062785153e+01 9.326875501991401052e+01 7.305707518907162523e+01 6.144599745367897015e+01 5.439317275313462829e+01 4.815034393322688544e+01 4.338452179347675042e+01 3.877687917117622618e+01 5.338458695502345108e+01 6.160015386240271340e+01 6.676725224539816850e+01 4.873942581398748075e+01 4.427856661812766959e+01 2.711609937284305261e+01 3.706533853456983252e+01 1.920562576739222393e+01 2.149590231718810074e+01 5.085993862495158169e+01 5.091284286904966905e+01 4.523528048454527095e+01 4.523781417598026877e+01 6.462014450298408974e+01 6.316651485510777775e+01 5.129761825050702839e+01 7.082620274227356560e+01
7.340434288523949372e-03 3.599446474824014697e+00 7.250930191525106316e+00 1.109993198612257892e+01 1.536394631323475224e+01 1.995226099064590741e+01 2.529748582889430253e+01 3.132771272044946897e+01 3.839878053231469579e+01 4.994578591610680007e+01 6.994578591610537899e+01 7.058631655371002012e+01 9.050782125578253101e+01 1.015887720574883559e+02 8.994075558692406958e+01 8.159953622880271951e+01 7.447418426240464839e+01 6.812401085346974128e+01 6.327968506270114801e+01 5.338659740130459141e+01 3.310749158454620300e+01 4.839378706996487267e+01 5.663059105377685398e+01 6.240706200719908026e+01 4.648015741693213698e+01 3.113639649786139074e+01 3.356683035944316629e+01 1.886887203662441692e+01 4.255212417583463491e+01 6.107548943960011201e+01 7.049804864885835798e+01 6.461969100241798003e+01 6.465591262514901416e+01 7.304635352161079709e+01 7.681470213669969382e+01 5.695309658811764564e+01 7.681470213669969382e+01
3.515918393995972821e-03 2.000351591839364218e+01 2.725093019152475193e+01 3.109993198612222187e+01 3.536394631323403814e+01 3.995226099064519332e+01 4.529748582889359199e+01 5.132771272044875843e+01 5.839878053231398525e+01 6.668305177977458698e+01 7.823005716356669836e+01 9.050782125578253101e+01 9.878802616891650246e+01 9.299163265530306433e+01 8.508899354490247902e+01 8.405136632725155721e+01 7.856482296555958555e+01 7.489826106683817386e+01 6.713230309534203855e+01 6.168871539397303394e+01 4.839400094019753595e+01 2.745518232250355339e+01 4.358600309165980491e+01 5.101997086645503288e+01 3.737742154773879832e+01 3.749182255030412847e+01 1.839420355336233825e+01 2.403482592120056793e+01 4.777403583952988697e+01 6.458989986338679046e+01 6.552432174924035735e+01 7.401793217086206766e+01 7.405672754826244386e+01 8.261427868352514281e+01 8.532358247922890371e+01 7.681470213669969382e+01 6.815645293342306843e+01
4.608085242692564441e-03 1.414674370897351707e+01 3.414674370897280653e+01 4.359599132407554833e+01 4.446271641112117834e+01 5.274260904793359828e+01 5.683024364225206426e+01 4.859750930108404532e+01 5.450703028130347150e+01 6.137669477785416916e+01 6.955336221024921883e+01 8.023293771224714988e+01 8.770087139217693561e+01 8.508899354019608552e+01 6.663624509454585620e+01 6.550022733252860974e+01 6.008863397182558685e+01 6.067080261726611923e+01 4.843974242231431759e+01 5.244797633939538883e+01 5.658894431362701738e+01 4.358706078909673209e+01 2.202787018133768981e+01 3.886833295139191335e+01 3.749898557256185683e+01 1.792429225060136133e+01 2.099392064967163662e+01 4.010329950081806771e+01 4.742927574922469347e+01 4.485966919043735146e+01 4.571882859761225859e+01 5.797057015484003273e+01 5.380895000167229369e+01 6.814405023481049284e+01 7.534952553836011191e+01 8.392219598170596839e+01 8.864209050067181295e+01
1.610643649003322799e-03 2.000161064364864671e+01 2.619812121552480022e+01 2.362741332537175154e+01 2.451147875301565904e+01 3.691889857230828653e+01 4.114764178674385420e+01 2.877560936409034298e+01 3.476746715062240156e+01 4.175846053191668972e+01 5.301647731126900709e+01 7.123610981353901650e+01 6.464940747418120282e+01 7.931006022062581451e+01 7.204091005003536452e+01 5.354102487598799343e+01 4.679648029803124842e+01 4.179390307463920351e+01 3.727249801338487600e+01 3.312301064761829394e+01 4.709324701159385285e+01 4.670280494870436883e+01 3.767492766184083308e+01 1.714699127428999503e+01 1.746536991803376182e+01 3.708226533593524721e+01 3.879661849650708660e+01 2.530025264844849175e+01 2.841208194050951974e+01 3.154991243188221972e+01 3.487473393173686276e+01 3.856579495311080308e+01 4.270917494658429092e+01 4.813122907125103467e+01 5.496936355974446542e+01 6.503055701997026006e+01 7.960338949169153011e+01
2.022278438842990342e-03 3.088089030474845398e+00 6.211560757065482719e+00 9.499510850117170335e+00 1.298089425067297498e+01 1.697999653647386609e+01 2.124090937129087919e+01 4.114764178674385420e+01 5.450703028130347150e+01 6.137669477785416916e+01 6.955336221024921883e+01 6.824920832164045237e+01 4.931540556273316867e+01 6.824921247418896542e+01 7.981393099526394508e+01 7.204092995007927414e+01 6.008863193533184699e+01 5.523502279459202668e+01 5.634014786057451829e+01 4.152665160232371733e+01 2.719068706568527460e+01 3.766000413006503322e+01 1.670052111744358214e+01 2.424454031611024618e+01 1.882727248891279359e+01 3.371872482436060636e+01 5.053123304589055209e+01 3.622512667305413459e+01 4.745708536941546640e+01 4.485966917277949051e+01 4.825937010759570001e+01 4.951001902726549275e+01 6.236684639630517069e+01 5.863160224917642438e+01 6.814405044223720154e+01 8.392219598170596839e+01 9.425437641485169138e+01
6.642187732006160465e-03 2.000664214830116094e+01 2.034590830923628957e+01 2.947607441053957444e+01 2.296954671219378952e+01 3.691889856853762808e+01 3.274056112987863543e+01 4.114764136570120456e+01 6.106118001534260031e+01 5.946663380760220008e+01 5.100239828420188104e+01 5.941143144015043021e+01 3.891924268351947802e+01 5.791332983420348057e+01 6.517037909475776303e+01 7.387450069880476633e+01 7.856440458587525200e+01 7.379393597801582416e+01 6.831820959458913478e+01 5.492190564244661033e+01 4.204524359105789699e+01 2.103713087571264140e+01 1.638070801844835245e+01 1.764015009896958475e+01 3.690728629252601678e+01 5.215940002982804913e+01 6.154936371128103900e+01 5.557785198246392611e+01 6.395565381704650321e+01 6.458988490286206741e+01 6.816501891807355662e+01 6.952790760488311150e+01 7.805502986102356999e+01 7.898677718859634922e+01 8.755411642222887281e+01 9.730134178281139157e+01 9.714664779960692442e+01
1.591255364720534126e-03 1.154859663915713597e+01 3.154859661960381345e+01 4.860882170506378230e+01 3.712039931323405995e+01 5.135950106496496659e+01 5.263192506509609103e+01 6.089972829680998245e+01 5.543682084467514670e+01 4.698931775676786060e+01 3.121532240922787693e+01 4.517753597637084795e+01 3.142599361200526431e+01 3.758021793277846001e+01 4.474655813111977665e+01 5.645420194642338174e+01 7.712009815067608542e+01 8.076820632180707094e+01 6.867137106567669491e+01 6.180024147421789138e+01 4.996355220180587509e+01 4.157787555493181486e+01 3.407589206546371230e+01 1.592317064817474837e+01 3.702251425221619741e+01 4.935965115223572752e+01 4.976128300257503412e+01 6.794010666805537824e+01 7.200612784914446252e+01 6.420919268090648302e+01 7.200637145054707844e+01 6.721113991729694703e+01 7.347957983615317801e+01 8.061849720713971124e+01 8.061849706220374401e+01 9.939384670851842429e+01 8.897946288501255196e+01
6.189296070378335485e-03 2.000618929607002272e+01 3.983286580666031540e+01 4.845414041820146878e+01 5.662040199340478352e+01 6.607598688404839038e+01 7.095650066496109787e+01 5.578697695621588792e+01 4.374820813539790976e+01 2.680568448057663744e+01 2.063666149477527512e+01 2.491181141681063949e+01 4.517688196740949280e+01 5.791324147609046946e+01 6.517034190880934830e+01 7.387542049036605363e+01 8.592469139226409425e+01 7.229981296849445016e+01 5.276185270529611415e+01 4.373244146014893374e+01 3.727955574097088487e+01 4.025072171066224769e+01 2.081619125544650473e+01 1.561447583856216248e+01 2.397727445138045965e+01 3.300071402859201442e+01 4.935701459654340795e+01 6.069974817606058082e+01 6.274867128305633912e+01 4.582220153705871724e+01 5.928938341380954569e+01 4.863297046996101614e+01 5.467425562698908692e+01 6.173069172989429632e+01 7.512273290582500351e+01 9.388644591897927683e+01 8.214373316986134910e+01
2.247884206357958405e-03 2.000224788015814426e+01 3.449514705842884155e+01 2.871318549505118511e+01 4.845414021495092527e+01 5.473114809490720489e+01 5.030367415162963596e+01 4.710775754080385980e+01 2.680739757842303206e+01 1.505439474092565888e+01 3.527929096784030349e+01 4.026478867129427641e+01 4.536054800162164469e+01 5.113452782588420575e+01 5.789175598511626930e+01 6.656609038563986758e+01 7.709777354864330334e+01 8.051550758705576527e+01 7.047016023030914766e+01 5.751846349791209434e+01 3.920167722197223270e+01 2.840170225492722977e+01 3.603056499496085507e+01 1.535463914645442252e+01 3.190758128895377155e+01 3.397302686408297490e+01 3.724068936384932726e+01 4.648954286129951896e+01 4.985875299246645653e+01 3.715156193020308706e+01 4.115764289677957066e+01 5.141007675342460459e+01 7.005271647610334185e+01 8.061849720713971124e+01 7.639151764134297196e+01 8.452683791363443788e+01 7.606613239777574620e+01
