LEM/sinusoidal_perturbations/elevation_000498.asc
nrows	100
cellsize	150.0
xllcorner	0
ncols	100
yllcorner	0
NODATA_value	-9999
[rows 17 to 33 of 100, columns 0 to 36 of 100]
5.222468517465790779e-03 1.309887804685678425e+01 2.872277349793386492e+01 4.262384054153201873e+01 3.543662871483810761e+01 3.725342054476818276e+01 3.522348667069309869e+01 2.447744198954607242e+01 3.036899069530756279e+01 2.471270228741903452e+01 4.314437077638648255e+00 4.883616538321333245e+00 2.546803615429056578e+01 1.450749281772480792e+01 3.207145488837089431e+01 1.921245138818973075e+01 2.358276699817229982e+01 2.821912520247250811e+01 3.329779670450559337e+01 4.404040792657281145e+01 5.760346857225054151e+01 7.732410676485299916e+01 8.079704586132682209e+01 7.341259257045115305e+01 7.032240057360004926e+01 5.695227708482483564e+01 3.660815518070706531e+01 4.184861729843814260e+01 5.210424967466854440e+01 6.630015687387391665e+01 8.607525512265334555e+01 7.654155828380143589e+01 6.831967124774244837e+01 5.717288659733461031e+01 3.711912124642594790e+01 5.717288659734361289e+01 6.909967595205075952e+01
7.333276091007126865e-03 1.414946889982208234e+01 3.414946889982278577e+01 4.292097181199821421e+01 5.292097184962754852e+01 5.007850982420664820e+01 3.887305985507354933e+01 2.839071530358441464e+01 2.353616173154139801e+01 4.712392506268054504e+00 2.489570458828777433e+01 2.706559906054696540e+01 3.563709772511459306e+01 3.344430650962069507e+01 2.107079707693888793e+01 3.787535319405465373e+01 4.217905529100027451e+01 4.689849072865095536e+01 5.221407421625685430e+01 4.418082881044913535e+01 5.920910860700109168e+01 8.128184283652302611e+01 7.173278394291725135e+01 5.649123480923221763e+01 6.184715112503037915e+01 5.346374820270271755e+01 3.325127784379449736e+01 5.346374820270145278e+01 7.032184784156019930e+01 8.028541077173720453e+01 7.713764742495952476e+01 6.831967219707406969e+01 4.838844026397447351e+01 5.422611928878285426e+01 3.581040834093656144e+01 4.260377410170694645e+01 4.957731532770193894e+01
6.343274376862209282e-03 7.077411086242367588e+00 1.463670054642697949e+01 2.463670054642715712e+01 4.463670054645155716e+01 4.089174322429499853e+01 1.920449391316316223e+01 5.256858178262249659e+00 5.119280096845385764e+00 5.562669301641509634e+00 2.884475439985400413e+01 3.909898071386200513e+01 4.693290287872442690e+01 4.750350069234296058e+01 3.963685672656205128e+01 2.789068928434925354e+01 3.843040041189933476e+01 5.156657406529932075e+01 7.072074226257625185e+01 5.809952423910526420e+01 7.239281455669670606e+01 7.779362103805738116e+01 6.951846195717483567e+01 6.164832301085591837e+01 4.395032048736807440e+01 5.021525023717197200e+01 3.045495574978244946e+01 4.682076933976412647e+01 5.539749545677245379e+01 6.651621076088200368e+01 6.885427631189908482e+01 4.886872410220568952e+01 5.252808355961910536e+01 3.398819442984090955e+01 4.169136575322589522e+01 6.062889422671386086e+01 6.910642426327271437e+01
3.497053469895897767e-03 1.414563267720097173e+01 3.414563267720167516e+01 4.292097181199814315e+01 5.292097184962786827e+01 4.472124105426505736e+01 2.599832802000594256e+01 5.510473177864636085e+00 2.415421655311928362e+01 2.844609112577994381e+01 1.447645718765697431e+01 1.939200615341695055e+01 3.911233125181633596e+01 5.395488122892837879e+01 5.444469251589499947e+01 4.084749573542716661e+01 3.700591842557535927e+01 4.766295895800848115e+01 6.729962175655714418e+01 7.825678138399699435e+01 7.800898551304172202e+01 6.627222941550716939e+01 4.957209050995348321e+01 5.606712783989686955e+01 3.624716109560663568e+01 4.514121408523915591e+01 4.316812422618621525e+01 2.653122427150704610e+01 3.801425393619557980e+01 5.822260423387947981e+01 5.909830660174218764e+01 5.082816635725343701e+01 3.220222224144690415e+01 4.667952942588121346e+01 6.081041716155861110e+01 7.295218086781066802e+01 7.807198544243945548e+01
9.635555453094322986e-03 1.155664093924550961e+01 2.569877656297621016e+01 4.569877656297549606e+01 5.100887243526649684e+01 2.772538077450848704e+01 7.003315423149852670e+00 5.825619206503325209e+00 2.263128291627855049e+01 3.627540084498352257e+01 3.481175900703872372e+01 3.911232812680088244e+01 2.635888872090677992e+01 4.608742765804780106e+01 6.222063048734232638e+01 5.980624336970387844e+01 4.765766359651148321e+01 6.415130513529254586e+01 7.596688319330397121e+01 8.699541927447106104e+01 6.955419205441275210e+01 4.957281756992284727e+01 3.787823675250747613e+01 4.850989358379357697e+01 4.650072064985459974e+01 2.708771950984646892e+01 2.274636832698305611e+01 2.387110473493401841e+01 4.427853111498610161e+01 5.418663498114782584e+01 4.917894893039731130e+01 3.045762570865895214e+01 5.084617679060861661e+01 6.077577875765539517e+01 7.487202800272204684e+01 6.993741169091816801e+01 6.168566075548687877e+01
8.845047570523793118e-03 2.000884504757016913e+01 3.299924597818986882e+01 4.128351722570840110e+01 5.128351722577629346e+01 3.491814032878790641e+01 1.338297913659806326e+01 1.465433438409592526e+01 6.256665921990976820e+00 3.008760149546031926e+01 4.462233780686024431e+01 5.395410407251658569e+01 4.608742765804780106e+01 3.480701734879935572e+01 4.887989564195469683e+01 6.797617726754150169e+01 6.708206555367394230e+01 7.553599905895693212e+01 8.034734817777886917e+01 6.672583751198958169e+01 7.398345784219367260e+01 6.626768984770660609e+01 4.850989649522156810e+01 2.819180285391902885e+01 3.875565208339257595e+01 2.128947866626567276e+01 4.168140671354920812e+01 4.427853296125127258e+01 2.547256786915792048e+01 4.589538788665147706e+01 2.875655414047153613e+01 4.917894893039731130e+01 4.717738868737206559e+01 6.717041182446655512e+01 7.717240913204983599e+01 6.168473579722410705e+01 4.179315761506911997e+01
8.023991185656003874e-03 6.332579311522441579e+00 1.299924597818916716e+01 2.299924597818934302e+01 4.299924597819004646e+01 3.533418000288289562e+01 1.958153551183771057e+01 2.119669954463918060e+01 6.567050437808979346e+00 1.948183245013279574e+01 3.780218628814877491e+01 4.792660298181714040e+01 6.222008785182418222e+01 5.447306703464099087e+01 4.742870621817942833e+01 6.117457272049255579e+01 7.968059007547475403e+01 7.923545043572174507e+01 7.237824236639696096e+01 5.197458151474251054e+01 5.353393082135738013e+01 6.107126771736115245e+01 5.364255375073928889e+01 4.022516993499798588e+01 1.978129312514707649e+01 4.022879163296990868e+01 4.997283693526808435e+01 5.392317065601294956e+01 3.981178011453712173e+01 2.709713789366580983e+01 4.752815882137107195e+01 4.330495531325932745e+01 6.336002398618504827e+01 7.539677533656058017e+01 6.898318173858893942e+01 4.923191568589951572e+01 3.764980725447707499e+01
4.598823041778624977e-03 2.000459882304142312e+01 3.299924597818986882e+01 4.128351722570840110e+01 5.128351722578245386e+01 4.237036612891245824e+01 3.367072392818747062e+01 2.122260616979655268e+01 6.881464339643128092e+00 1.783042562482187776e+01 1.794768896456061569e+01 3.968034040751157221e+01 5.622935143015992310e+01 6.434361260790019799e+01 6.659477955418086026e+01 7.418877230535180445e+01 7.281306655177748155e+01 5.857824483564607476e+01 7.275001031342596036e+01 5.959610945576972085e+01 3.769973238456726250e+01 4.882625162323277834e+01 3.333543154610759274e+01 3.852792686537205924e+01 1.864322297250166827e+01 3.443463728131903423e+01 5.562002831825776639e+01 6.664598852072579405e+01 5.537321030966567292e+01 3.901797836076043779e+01 5.580876007372026493e+01 6.336002398618496301e+01 7.159166376533960374e+01 7.638019194663422695e+01 5.658691250925390648e+01 5.658452721537811669e+01 5.263818054004360647e+01
7.340434288523949372e-03 1.155434581794255777e+01 2.569648137248919184e+01 4.569643753358854354e+01 5.549429999468612351e+01 3.912054829772866071e+01 2.477133253799014412e+01 2.747765270037536922e+01 7.201568616219986119e+00 7.257576748485176310e+00 3.229598927511374029e+01 2.891359163021559198e+01 3.646581613712050540e+01 4.799006711117246482e+01 6.748446367304995874e+01 7.603847146614695873e+01 5.590664310930288394e+01 4.422174848239399836e+01 5.486882530118401746e+01 6.315707813242909197e+01 4.928120070831390365e+01 2.587382467226286309e+01 1.922622957141444289e+01 1.826392875439699282e+01 1.859407267198048430e+01 3.591978620765784314e+01 4.676564332407897240e+01 5.405728483890989367e+01 6.249352158536915169e+01 5.915510829298014528e+01 6.739967790690454308e+01 6.557013117859280271e+01 6.154170005717104885e+01 6.612573886458244488e+01 5.658552544473808865e+01 3.668640919195706118e+01 4.387665266669927888e+01
3.515918393995972821e-03 1.414565154212507103e+01 3.414565154212577625e+01 4.633842531801750653e+01 5.827877371803411677e+01 5.123089081655431443e+01 3.289866034494120584e+01 7.671644532864426047e+00 1.694130442225383248e+01 1.270710517120847882e+01 3.449338979323338350e+01 4.581394204301805217e+01 5.622935143015992310e+01 6.434361260790019799e+01 7.562581787235663455e+01 8.447677337977407319e+01 7.281306655177748155e+01 5.486882530118401746e+01 3.470878710612460338e+01 4.723429028526105355e+01 5.526302625836520832e+01 4.018239302971073101e+01 1.782055954204211190e+01 2.840187111648505436e+01 3.653444619685041062e+01 1.905922436220519245e+01 3.818788387488632452e+01 3.415097610420563257e+01 5.363945141044278841e+01 6.597075120188436870e+01 5.795362596101175257e+01 4.304796138307354880e+01 4.107690281263207055e+01 4.640857236101250294e+01 5.156378076199798244e+01 4.337916901405244374e+01 2.393529248179008206e+01
4.608085242692564441e-03 8.199208705404728903e+00 1.730829789931743434e+01 2.953575351251486580e+01 5.090730203222926065e+01 4.789547547822249385e+01 3.127850575726774807e+01 8.015627337776310313e+00 2.310033557951991767e+01 2.209038370822576880e+01 1.865716607792701964e+01 3.759629217422995140e+01 5.249718165156964744e+01 6.100877811344082602e+01 7.132519192434364186e+01 7.745032304612676910e+01 6.925333568385991612e+01 6.320706792236374127e+01 4.723429483780997629e+01 2.744841813987982704e+01 4.054447930077461137e+01 3.700769770404968995e+01 1.750761199750144570e+01 3.737466437375227457e+01 4.577931433723504284e+01 3.308034106407406938e+01 1.952524118301224831e+01 2.997580456847824593e+01 4.392142806833285817e+01 5.578592899037970909e+01 3.814108583043881850e+01 2.945384698292389913e+01 2.951816784653491155e+01 4.036399883298263802e+01 4.295849512153012029e+01 2.343337702013030821e+01 4.095374964857253985e+01
1.610643649003322799e-03 2.000161064364864671e+01 3.299324426544306021e+01 4.127751551290525356e+01 5.127751551290342746e+01 3.962230375311062858e+01 9.038141332822688057e+00 8.372286468986796848e+00 2.512947667202775648e+01 3.107115887094137818e+01 3.677447742713301437e+01 2.560999487669887031e+01 3.223038635597790602e+01 4.214692873039701482e+01 6.284743703729382958e+01 6.925333568385991612e+01 4.940270387667248997e+01 5.521681932216026212e+01 4.619779753380216647e+01 3.787460582897060846e+01 2.108620321774757400e+01 1.706569299999368639e+01 1.949891107852688776e+01 4.463113384129338357e+01 5.950074892942831895e+01 4.734641124148623703e+01 3.364132334564924776e+01 1.999480471077914601e+01 4.002155068284278627e+01 4.666390473644710113e+01 3.546451428891897706e+01 2.189818950868621883e+01 2.223772835029457440e+01 2.257641305837089973e+01 2.293136026911129477e+01 4.006146429463512959e+01 5.064262748432481231e+01
2.022278438842990342e-03 6.326577598775628530e+00 1.299324426544235322e+01 2.299324426544253086e+01 4.299324426544323785e+01 3.881681373976220328e+01 1.699849136254454862e+01 1.842499058163454961e+01 8.896839617001903733e+00 2.440027805694023755e+01 4.291767601143161670e+01 4.533094775558078737e+01 4.156867421783886130e+01 6.100905612855177651e+01 7.132521759810589401e+01 6.925327552386436025e+01 4.940270372842067559e+01 3.512506388558937687e+01 3.793518149623812974e+01 1.703136824527864590e+01 1.662649454563779372e+01 3.298693380839464595e+01 2.176561163246463337e+01 4.183190874553614691e+01 5.478075117182920195e+01 6.077374406084070557e+01 4.793374289020115242e+01 3.956246362308153408e+01 2.046817577779200192e+01 4.040353195125314301e+01 2.141559533452846864e+01 4.130638838822559933e+01 4.317618766451997914e+01 4.265234962917548955e+01 2.317931260801622528e+01 4.337255388977840909e+01 4.044391532662950084e+01
6.642187732006160465e-03 2.000664218773165004e+01 3.299324426544306021e+01 4.127751551290525356e+01 5.127751551290543119e+01 4.893520600835704215e+01 3.390728799786670322e+01 2.365257757643127690e+01 9.274750257296229705e+00 2.352072418533984433e+01 4.121167847296787556e+01 5.456632633078527306e+01 6.207778052916335554e+01 7.055607041548380209e+01 7.433086142025888421e+01 6.606940593630933733e+01 6.342648291785645398e+01 4.574547783954391633e+01 2.552264558246108805e+01 2.458041629213354184e+01 1.631692710396318802e+01 3.630626592401146269e+01 4.182675987611197854e+01 2.696927546896990435e+01 4.670435633382901841e+01 5.982948530613183635e+01 5.462628659453909563e+01 3.296134891505955977e+01 2.091605457715077065e+01 2.093603519333065677e+01 3.689386890863568880e+01 4.095299136259914263e+01 5.991133592475107150e+01 5.139783352064313959e+01 3.490160819601688047e+01 2.486894493775392334e+01 2.610258976176737988e+01
1.591255364720534126e-03 8.166557064642052666e+00 1.816655706464223030e+01 3.230869268837368224e+01 5.230869268837438568e+01 5.316169022059171567e+01 4.274384081967830440e+01 2.767146002308574637e+01 9.655310285956517191e+00 2.391245285659100972e+01 2.688140518170535032e+01 4.422992908712324578e+01 6.703562290866115347e+01 6.263412800800539770e+01 6.606942143975112458e+01 4.635148888026022007e+01 5.212672319476636318e+01 5.398970829517159586e+01 4.541122267613635444e+01 3.491487390173416117e+01 1.600749902556664139e+01 3.600820251126991423e+01 5.425180201358080723e+01 4.670435633382901841e+01 3.256873433771439608e+01 5.188456514851805679e+01 6.250803849017206204e+01 4.965356769312123220e+01 2.987193972343438375e+01 4.102328310279123968e+01 2.759712887632932876e+01 3.977699162309885850e+01 5.931656541742786715e+01 5.426604826255676528e+01 5.283653445853089892e+01 3.916755192191305213e+01 4.614446801060096703e+01
6.189296070378335485e-03 2.000618929607002272e+01 3.645082831210495300e+01 4.645082831210513064e+01 5.886425716601317504e+01 3.936878741910138046e+01 2.497809788842889844e+01 3.007719959281379829e+01 1.003364047626854827e+01 1.652368588214834588e+01 3.893636951285549230e+01 4.662153351765186216e+01 5.658057327809593318e+01 4.236772600668406596e+01 5.019814609286243723e+01 4.211877683272404482e+01 3.268234007888217718e+01 5.212653152950012725e+01 4.499770795527566492e+01 2.630649627141613323e+01 1.569579743463092214e+01 3.205175953159596958e+01 5.144304810772713665e+01 5.805431188748784166e+01 5.188456514851806389e+01 3.863050569961152547e+01 5.737907278031796210e+01 5.910466602417218240e+01 4.149640845699637026e+01 5.371161865593785478e+01 3.289037340143485011e+01 4.688994061755474974e+01 6.744356923209953436e+01 7.328286949245620008e+01 6.709614314577773087e+01 4.958939079218531987e+01 2.947776912485354828e+01
2.247884206357958405e-03 2.000224788420600319e+01 3.000206448164444950e+01 5.000206448164373541e+01 5.555716704381263327e+01 3.583910937811855035e+01 2.176116990894860592e+01 1.261789857675683102e+01 1.040553791403407935e+01 2.988792445106616924e+01 3.207436162351754660e+01 4.087212268894755596e+01 4.484136155664969436e+01 2.783168328282540216e+01 3.565786961896558438e+01 2.399824899079682083e+01 4.192133459241381388e+01 5.720938790222502490e+01 5.082375763629566023e+01 3.446464145829966697e+01 1.538288322616425496e+01 3.461879411052481714e+01 3.953629340521638369e+01 5.397260098254096761e+01 6.147359389312664746e+01 4.303715565291108192e+01 6.147359389312664746e+01 7.130133418572880544e+01 6.253398808882099047e+01 6.087293735764204428e+01 3.936737274763215311e+01 6.087293735764248481e+01 7.651390082182420826e+01 8.412259143726318200e+01 6.452075480105808936e+01 5.791487595099533792e+01 4.952354540345235989e+01
