LEM/sinusoidal_perturbations/elevation_000173.asc
nrows	100
cellsize	150.0
xllcorner	0
ncols	100
yllcorner	0
NODATA_value	-9999
[rows 17 to 33 of 100, columns 0 to 36 of 100]
5.222468517465790779e-03 2.000522246851711117e+01 2.697381083250993328e+01 2.219820125825655666e+01 3.489657328723384921e+01 3.116884841609533652e+01 4.647631391136368251e+01 5.446616342350878881e+01 5.719368524367776985e+01 6.775260365026151987e+01 6.985391861301812355e+01 5.062524399556031085e+01 3.969947618947750101e+01 5.062620800704382873e+01 3.552507920091258597e+01 5.448700653547113859e+01 6.232763806497649028e+01 4.353732183267980815e+01 4.491853704564724836e+01 6.215290703968602770e+01 5.416121888184196109e+01 3.442387858780033838e+01 4.020480912888992009e+01 2.285703200668952917e+01 3.282589195783737779e+01 5.237782982340047511e+01 6.225781399415124184e+01 7.346568016823476910e+01 7.676308157040764968e+01 5.673333808830462033e+01 4.263122899383145636e+01 3.517181315771505723e+01 4.860232682098103396e+01 5.688052441604978071e+01 4.463289346511276534e+01 2.385515821611559062e+01 2.919348233148674510e+01
7.333276091007126865e-03 3.437758392124136364e+00 6.922078492448521914e+00 1.058277550282356394e+01 1.477739756519434167e+01 2.039142095414571898e+01 2.628116393567371389e+01 3.873518775050903429e+01 5.605470983094467385e+01 7.910338569238268747e+01 7.782798335594904415e+01 5.875223846094732494e+01 4.914130528573033274e+01 6.085345270375805882e+01 4.175411419889726261e+01 6.085345270375805882e+01 6.857119246964785475e+01 4.973304088462605677e+01 6.379730853367703247e+01 6.379730853367703247e+01 6.222192004919353536e+01 5.416131396031879319e+01 5.084516210561712057e+01 4.273978057145885856e+01 2.541684930088887384e+01 3.442912325352052250e+01 4.601212772666985984e+01 6.543570552343967961e+01 7.895589125210238990e+01 5.892399215372191890e+01 6.170661357401685621e+01 4.174415457716257549e+01 6.170661357401685621e+01 6.003493884407387782e+01 3.837002587206694670e+01 4.471553196775138161e+01 3.837533524704462451e+01
6.343274376862209282e-03 2.000634327437650839e+01 2.697381083250993328e+01 2.219720334461018751e+01 3.489657328723384921e+01 2.903394686210409148e+01 4.662437423917877766e+01 3.920173340006583373e+01 5.351087189731701699e+01 7.360720607253551862e+01 8.596449754711589719e+01 7.633801275439776646e+01 6.272278671603674383e+01 6.882188876875943606e+01 5.121338719554798047e+01 6.882188876875943606e+01 7.559855433530567836e+01 5.687076474687113858e+01 7.559855433530567836e+01 8.264899526628283866e+01 7.615245564143802426e+01 6.254712785044826262e+01 4.985464414381637255e+01 3.000535982379200917e+01 2.776126213872105097e+01 4.774126934152466362e+01 5.920446614353537740e+01 6.693497513448103575e+01 7.495721044172059067e+01 7.895589125210238990e+01 7.000462507049863348e+01 5.169601170084969510e+01 7.000462507049863348e+01 6.924594206145140163e+01 6.003493884407387782e+01 6.077322770118838235e+01 4.574984210170868693e+01
3.497053469895897767e-03 1.414563267720097173e+01 3.414563267720167516e+01 4.223234438756175990e+01 5.048142380474640589e+01 4.322004111905222601e+01 5.726706145158628658e+01 5.939695190024753657e+01 6.771639951723518891e+01 7.542645290923577761e+01 6.716176834653323624e+01 7.542645290922990853e+01 8.198026540734076661e+01 7.845229806147625595e+01 7.049351821196810874e+01 7.845229806147625595e+01 8.317793232696404004e+01 7.010255139235403021e+01 8.317793232696404004e+01 7.182607732458448879e+01 6.385053267622543416e+01 4.894180003238881937e+01 3.487236850907828511e+01 4.985464414381637255e+01 4.774126934156264213e+01 3.122563854516750936e+01 5.115998084105079613e+01 4.757706108435725412e+01 6.131613422792673163e+01 8.050005705590108107e+01 8.001793821919233096e+01 7.171721544718411678e+01 8.001793821919233096e+01 7.106203004113406507e+01 6.270998218317780015e+01 5.160712111634279609e+01 3.248399671704025593e+01
9.635555453094322986e-03 2.000963555545273920e+01 3.300006703457474089e+01 4.128433828205948686e+01 5.128433828212345702e+01 6.312546746683710097e+01 5.718134821870920348e+01 6.547209450008189435e+01 6.865588820105288903e+01 6.036189878269237141e+01 4.712690359863533729e+01 5.714433597258426545e+01 7.715052576263268236e+01 7.322680809341945007e+01 7.913561919580813253e+01 8.172764127720070348e+01 8.980968153647638985e+01 8.793607173643044916e+01 7.817473052930445476e+01 6.385053267625258400e+01 4.465168618849934745e+01 4.042488310481494551e+01 4.644124605839844122e+01 6.254712785045284562e+01 5.920446679685588975e+01 5.115998084105079613e+01 3.486879779130336487e+01 5.469195530483180789e+01 6.708111556456607616e+01 7.820330848433204096e+01 9.092334491667297414e+01 7.926840689474046542e+01 7.090991070380160011e+01 6.270998218317780015e+01 4.263855451846350064e+01 4.329079874125592653e+01 2.343979307379929011e+01
8.845047570523793118e-03 6.333400367907309203e+00 1.300006703457403390e+01 2.300006703457421153e+01 4.300006703457491852e+01 5.391202880625973393e+01 3.715583215716483068e+01 5.391202880625973393e+01 5.708884847463107803e+01 4.032254303681706631e+01 3.710285251928213768e+01 5.698781442024957045e+01 6.522768598744680446e+01 5.300559094864973275e+01 5.892824832650710931e+01 6.080889208221068998e+01 8.172764127720070348e+01 8.360543713211569639e+01 6.458537843217396812e+01 5.123990021721667176e+01 6.385053267568085289e+01 5.180667352064493514e+01 6.565320051295103099e+01 7.365854265848682303e+01 6.181287063921430303e+01 4.231144084566734875e+01 5.469195530479668577e+01 3.945115623800190008e+01 5.095961111564315615e+01 7.017600422878203403e+01 8.256923384965158164e+01 6.237469377917557267e+01 5.075819191015305876e+01 5.927531043365500096e+01 4.851733957336306702e+01 2.861526502043341935e+01 4.150688426920672214e+01
8.023991185656003874e-03 2.000802399118530062e+01 3.300006703457474089e+01 4.128433828205948686e+01 5.128433828210173573e+01 4.561961112098503435e+01 2.559835619002426910e+01 3.491780027752719917e+01 3.734734941640360972e+01 2.875896657401553114e+01 2.953400411200714260e+01 3.697042764369429335e+01 5.062786390346953880e+01 3.875702843911190598e+01 4.635483578418872241e+01 6.070481486002165639e+01 8.111039343926815093e+01 8.872306334726799548e+01 6.957017894982453754e+01 5.638161767173669148e+01 7.517992891045936688e+01 7.083097655847778640e+01 7.886640559604094847e+01 8.083687993175107067e+01 6.160730978079777032e+01 4.789675483482272966e+01 6.245921754483771338e+01 4.291625960203483459e+01 5.395572474418989373e+01 7.074814450235926699e+01 8.100567139675071360e+01 6.081415001085253635e+01 4.920252977805565564e+01 3.921068417562469932e+01 3.455111969075394995e+01 4.851733957336305991e+01 4.311965901773725562e+01
4.598823041778624977e-03 1.414673444677285374e+01 3.414673444677355718e+01 3.893425222587382706e+01 4.056924915272240639e+01 3.998008284122553846e+01 3.168993731488590981e+01 1.490472076865114381e+01 1.733008869322242873e+01 1.981081575410154372e+01 2.245997213087378341e+01 2.540908059345487047e+01 3.057524140701356430e+01 5.065112477668958491e+01 6.011392722691203261e+01 6.547721909062818213e+01 7.377736129984995728e+01 8.274431062297836093e+01 8.325323533737348214e+01 7.517992891061271621e+01 6.567976962613992953e+01 8.468008819508558815e+01 9.002539770244108297e+01 7.064016613482343132e+01 5.710452078843265866e+01 6.726066265631105523e+01 6.617271901216928143e+01 4.672781085349134855e+01 5.616025740781837783e+01 7.432597361084846455e+01 8.936137512635639268e+01 7.353068747144972406e+01 5.337053992785842382e+01 5.337053992785842382e+01 4.865058801044720127e+01 6.289274766738409284e+01 4.474969442822516186e+01
7.340434288523949372e-03 2.000734043428816733e+01 2.318206246855170605e+01 1.893023583574310109e+01 2.056364472260413834e+01 2.858181772170019030e+01 1.168142353396608080e+01 2.582765253097481661e+01 3.734734941640360972e+01 3.396492641699601478e+01 3.661811028985913907e+01 4.544717051979768030e+01 3.095864710745246384e+01 3.532723320584801030e+01 4.004954285642973844e+01 4.540961847133015539e+01 5.438832709858758108e+01 6.597756856175578832e+01 8.601958440068672473e+01 9.286448288089985681e+01 7.498252683443418221e+01 9.286448288089985681e+01 8.855991066501998432e+01 6.920370135248761301e+01 7.631796900610714829e+01 7.234343463526475659e+01 5.332672110418003086e+01 6.617271901216928143e+01 4.683612361094314025e+01 7.063875644441802137e+01 8.938080719399798113e+01 8.188778080519257685e+01 7.353068747144972406e+01 7.353068747144972406e+01 6.877889512556299678e+01 6.060728262452880699e+01 4.053133386117956860e+01
3.515918393995972821e-03 1.589619089830288212e+00 3.180733658181863710e+00 4.787172315988784455e+00 6.420165477866894399e+00 8.576820944081557485e+00 2.858181772170019030e+01 3.998010596811897699e+01 5.413255940509405661e+01 5.399995289746794214e+01 5.666140585187579859e+01 5.100780697657400253e+01 4.513256558337790381e+01 4.950922249682702869e+01 5.423906231702571290e+01 5.960405506309500367e+01 5.960405506309500367e+01 7.965629133994033850e+01 9.431165157499401630e+01 1.026444493911580338e+02 9.437764955573696568e+01 1.026444493911580338e+02 9.675730339670013791e+01 8.281009106534150987e+01 8.784469023688619416e+01 6.885960693867006910e+01 5.858233153967708517e+01 7.734964269941657733e+01 6.867385904885622949e+01 8.452622044398941625e+01 9.085947691944033977e+01 8.248705710025230076e+01 7.925411026014712945e+01 6.497269007239323457e+01 5.660474403880643024e+01 5.396581217240408535e+01 4.809993705456825097e+01
4.608085242692564441e-03 2.000460808524233869e+01 2.318206246855170249e+01 1.893023583566273871e+01 2.642315059845015668e+01 1.007164990799052795e+01 3.006916611833172936e+01 3.384823172964134130e+01 5.382870449171877425e+01 5.515026592203665956e+01 6.341843524602055027e+01 7.106286146396770675e+01 6.519189443024393427e+01 6.956937958861686866e+01 7.429710576946926892e+01 7.965629133994033850e+01 7.965629133994033850e+01 8.795066753660486825e+01 9.926286099413032105e+01 9.542388655450632484e+01 8.707618160932541684e+01 8.969916252830682879e+01 9.804219322384160762e+01 1.024412031237624774e+02 9.596357108916255640e+01 8.277435088747043324e+01 6.403235413195959325e+01 8.277435088747043324e+01 8.737895693323115154e+01 9.546273205029197584e+01 8.248705710025230076e+01 6.226414005217058190e+01 6.818729532018069506e+01 5.069126988463930417e+01 3.650723770249764755e+01 3.393045400133022582e+01 3.153096930922460928e+01
1.610643649003322799e-03 2.000161064364864671e+01 3.645125933516838046e+01 3.893425189175339085e+01 3.834472189629904193e+01 3.006916713198512525e+01 1.385130278296027129e+01 3.384823214131565550e+01 4.102235226022438042e+01 3.517038459219137536e+01 5.515025828251536666e+01 5.682403792968501222e+01 6.236269505199577168e+01 6.837922483532635454e+01 7.542730703833240113e+01 8.369300901167967766e+01 9.520414408292805319e+01 9.907820168524762039e+01 7.906205252642577364e+01 7.906205252642577364e+01 6.685833416884184999e+01 6.948190402996426940e+01 8.969916252830682879e+01 1.026969728917485298e+02 1.021320571620841946e+02 8.277435088747043324e+01 7.097782739430468268e+01 8.994221605267252073e+01 9.657854460755011416e+01 8.646188889575356029e+01 7.808513539593097619e+01 6.818729532018069506e+01 4.799927947363948277e+01 4.040460175098490936e+01 5.660474403880643024e+01 4.204328343087228603e+01 5.149963006284263400e+01
2.022278438842990342e-03 8.166988087716175571e+00 1.971399347150889625e+01 3.971399347150960324e+01 4.798112984131002179e+01 2.799419423834695309e+01 3.384823214130203439e+01 1.797704312559095285e+01 2.102711107663903789e+01 4.102231403838432300e+01 5.016375253113172761e+01 3.684321890325125537e+01 4.239278280029054002e+01 4.842465300402069772e+01 5.549232015790910566e+01 6.700773679811339889e+01 8.692865387541890243e+01 9.073692088245863374e+01 7.051545571813166191e+01 5.889359135524797750e+01 5.525978129369809722e+01 7.417048219025318190e+01 7.417048219025318190e+01 9.417973116410242085e+01 1.003178415541498083e+02 9.810541687960865431e+01 8.173555482367835623e+01 9.810541687960865431e+01 8.820594961120684729e+01 6.796432118065503403e+01 5.787126309181169148e+01 5.115051163890147023e+01 4.478111464774138284e+01 6.055694339626241174e+01 6.892820169335782055e+01 5.209265783052207865e+01 7.056253915146237432e+01
6.642187732006160465e-03 2.000664218773165004e+01 3.645125933518267658e+01 4.799826471897851832e+01 5.625105359268253835e+01 4.798112984130951020e+01 4.624611638787611412e+01 3.212016775523122192e+01 4.102234182347332592e+01 2.580853816514568067e+01 3.017386203454286786e+01 5.016376492087373862e+01 5.316305862671860183e+01 6.837922483532635454e+01 7.542730703833240113e+01 8.369300901167967766e+01 9.054977816529748225e+01 8.962832319782215507e+01 8.128017074424396071e+01 6.828155656628278791e+01 4.821835515241768633e+01 5.404978185571656013e+01 6.563329615614536294e+01 8.583249518967808456e+01 8.010085041842633302e+01 9.437142257476985208e+01 1.011527237717315870e+02 1.093989511301499959e+02 9.657854460755011416e+01 8.646188889577778980e+01 7.808513539593097619e+01 6.858669008405672685e+01 4.839653570626316537e+01 6.858669008405672685e+01 8.066405267148023484e+01 7.228962275508405355e+01 8.066405267154188152e+01
1.591255364720534126e-03 1.414372687909579618e+01 3.414372687909649784e+01 3.581430853017019444e+01 4.158781122206634961e+01 4.825447788873290023e+01 5.653874913619451092e+01 5.210334832269612093e+01 5.407168867977834736e+01 4.580162934329156599e+01 3.433910922946426325e+01 5.432261788833781679e+01 7.311352778677553488e+01 8.138149489038217155e+01 8.724080261229005373e+01 7.889344406833556889e+01 7.036043237513540305e+01 8.128017074424396071e+01 6.112345959643126037e+01 6.341551547114118392e+01 4.343306515632012577e+01 5.751657949360829036e+01 7.765680671167169180e+01 8.158960477004931988e+01 6.580797454145866254e+01 8.427271867555788276e+01 9.330506692651810852e+01 1.049651880915616999e+02 9.831217814747208195e+01 7.805781001103090944e+01 6.375956008071527492e+01 5.662711869312112611e+01 6.858669008371407472e+01 5.575761026400154918e+01 6.741176423289846298e+01 8.765037421654456296e+01 8.726360706414234869e+01
6.189296070378335485e-03 2.000618929607002272e+01 2.825501906998607282e+01 1.581430853017090854e+01 2.158781122206706371e+01 2.825447788873361432e+01 3.825447788873326260e+01 5.239661351246371623e+01 7.239661351246229515e+01 6.258977641660718660e+01 4.588601505089689425e+01 4.698664803161123160e+01 6.110554840695747458e+01 8.104635350611208366e+01 7.889343266558542211e+01 5.876243163895766486e+01 5.615584047011565616e+01 7.300175459836640357e+01 6.640616747936215347e+01 4.701113379761116562e+01 3.975841764781555554e+01 5.963918731980400167e+01 7.567867458059488683e+01 6.141640673931168948e+01 5.576949897972172465e+01 6.474227383364571153e+01 7.640384089817831637e+01 9.663408129524819401e+01 9.831217814747208195e+01 7.805781001103090944e+01 8.399017708954573891e+01 6.828294126493234728e+01 8.206367520353451539e+01 6.183867200278614007e+01 8.206367520367373913e+01 9.602272574231793101e+01 9.320564246083995386e+01
2.247884206357958405e-03 4.084730788844970206e+00 8.255019069986429869e+00 2.825501906998607282e+01 4.158781122206634961e+01 4.825447788873290023e+01 5.653874913619451092e+01 6.653874913619316089e+01 7.393139740252439651e+01 7.411534421925502159e+01 6.584734524480379037e+01 6.694606359533432283e+01 7.521322271100549983e+01 8.195172676278268398e+01 7.602103735147871078e+01 6.465867156696677398e+01 4.470447030103233743e+01 5.573488228163898839e+01 5.807575608063727657e+01 3.827499720352563628e+01 3.627210668813866334e+01 5.600947198316640652e+01 6.127957201522753650e+01 4.727458450142896140e+01 5.479859105258275775e+01 6.376543501518892043e+01 7.542262514218309377e+01 9.565499470561643136e+01 1.066736126931778870e+02 9.831217814747208195e+01 9.689499594340027500e+01 8.852341928663862802e+01 8.206367520365562029e+01 7.613169999484371431e+01 7.613169999484371431e+01 9.638473020449232820e+01 9.111215964560038572e+01
