LEM/sinusoidal_perturbations/elevation_000662.asc
nrows	100
cellsize	150.0
xllcorner	0
ncols	100
yllcorner	0
NODATA_value	-9999
[rows 51 to 67 of 100, columns 37 to 73 of 100]
6.396870474186774658e+01 8.000902747601448084e+01 8.809255592774297838e+01 8.790429724452614835e+01 6.797151317357024425e+01 5.368968838234895458e+01 4.372452566965023379e+01 5.787273806688462940e+01 7.793794213321545783e+01 8.007831898142832472e+01 6.017109409811687470e+01 4.887306681708127343e+01 6.331667437523855568e+01 7.159482212088389019e+01 7.189407806458031303e+01 6.519902072407586502e+01 4.548982910679881542e+01 6.519902390524246982e+01 7.740902618251176648e+01 7.879828864778615127e+01 7.445001675700018495e+01 8.774286786043890629e+01 8.403323981675573862e+01 9.358108161886094933e+01 1.109848109523326372e+02 1.226391522828922973e+02 1.133919600438735813e+02 1.050484635158746585e+02 1.133919600438735813e+02 1.179670382545815528e+02 1.091592774626815157e+02 8.897672705204416843e+01 7.489059978320334210e+01 6.347444908892936155e+01 8.334252062500478075e+01 9.849462169842098547e+01 9.660739688735485231e+01
7.780437577720400100e+01 9.164004681254023410e+01 9.228168082276930306e+01 8.438885865041511636e+01 7.709950427327609646e+01 6.045758204869935781e+01 4.051092886664562798e+01 6.045758204869935781e+01 7.709950427327602540e+01 8.842334917280510354e+01 7.688940514775664781e+01 6.331667425330142862e+01 4.368332600697739565e+01 5.848327812835968587e+01 5.205396402960066382e+01 5.973729676735182892e+01 4.323306472704516068e+01 5.707084814907213399e+01 7.699970964688051822e+01 9.540109146166379617e+01 9.465199266322829885e+01 1.030146172533280975e+02 1.042488197903480796e+02 1.126060910537064501e+02 1.221375680199973459e+02 1.246040713985583466e+02 1.162464608566003932e+02 1.188650256262620957e+02 1.272206631329770659e+02 1.154877413840780633e+02 9.531792239863193572e+01 8.375587713840802451e+01 7.489005733565323908e+01 6.769727665983521092e+01 8.170045556281137067e+01 1.018224470398355379e+02 8.830023783117707126e+01
8.384428847626101344e+01 9.178953056301328672e+01 8.124150046508924561e+01 6.523887227815551171e+01 6.887545593750239448e+01 4.883265503717955625e+01 3.742310648638284931e+01 4.883265503717955625e+01 6.887545593750239448e+01 7.990187123453065965e+01 7.440231816876453763e+01 7.159481912952139737e+01 5.848327812658709490e+01 3.890391246547962822e+01 3.825106002581851783e+01 4.010047060286051135e+01 4.364841083501945462e+01 6.336816106541356675e+01 6.697189384873018980e+01 7.769858727516513852e+01 8.375536298367183008e+01 9.047780226261593839e+01 9.882863963020119513e+01 1.089166285709624873e+02 1.227174768783430778e+02 1.129867617863141476e+02 9.614759066462964654e+01 9.875110007026189862e+01 1.188648669036289505e+02 1.238297425062741866e+02 1.121885585858387060e+02 9.266273317804285625e+01 7.825908437911698456e+01 8.759409517949353585e+01 7.610057837201684094e+01 9.611925827647678489e+01 9.660737168535752062e+01
8.020926325514062682e+01 8.385248281473820953e+01 6.477163052062756776e+01 5.378563333467764096e+01 6.130781162598321288e+01 5.440385122904695692e+01 3.459798097602404710e+01 4.859411501617456963e+01 6.895468350469316476e+01 6.047325897498020453e+01 5.478666334741529909e+01 6.864963842730331578e+01 5.522445575794183981e+01 3.566241224600274506e+01 5.525731254497929967e+01 5.973688339959464599e+01 6.310479814927225561e+01 4.893059326580560509e+01 5.298345208245709870e+01 5.772244357527430481e+01 6.366731051922026552e+01 7.031048442578654090e+01 8.038348704213545659e+01 1.005721174831032272e+02 1.143655516024362839e+02 9.431747232716280394e+01 8.470431720759827954e+01 1.025619329388262884e+02 1.106082193718182651e+02 1.188152492693010061e+02 1.235548066668614098e+02 1.073205752473103161e+02 8.984378278206297352e+01 1.028168569087671216e+02 8.269322027663582730e+01 1.028168716890831718e+02 9.661454857230891946e+01
6.635729291373617400e+01 8.596589620942947363e+01 6.951458060057457544e+01 4.869055432540449857e+01 4.112611325367765147e+01 5.162952155679316490e+01 3.193502728715636962e+01 5.161964187780500879e+01 6.301305677538520200e+01 5.558649537566009968e+01 4.132679328294852183e+01 5.003727418425747686e+01 5.153257456998522912e+01 3.403863993818698219e+01 5.366798642798237040e+01 6.913157236058857791e+01 7.648654393272936147e+01 6.284692741357384449e+01 6.437319969198448177e+01 7.769858727516584906e+01 7.400277533918244899e+01 9.047780226261593839e+01 9.882863963020119513e+01 1.089166285624058901e+02 1.088071463393503251e+02 9.799636342000746936e+01 7.819464677432857513e+01 8.275677806886176313e+01 9.078337399228524873e+01 1.047366240987187780e+02 1.240862770910283501e+02 1.199614155103062814e+02 1.107549459279661050e+02 9.907503250920110816e+01 9.689116088610869326e+01 1.111905253998129979e+02 9.661454870323960620e+01
8.020926325514062682e+01 7.731494123100105753e+01 7.789132416166251005e+01 6.858752174895690246e+01 5.363240750793517719e+01 3.370529929988837381e+01 2.932672037285944455e+01 4.355277423060638853e+01 4.614993116952850727e+01 3.582237272625000202e+01 4.755674541557170443e+01 3.031831848002781271e+01 3.180788615870427805e+01 5.150125907941126968e+01 4.118311398400484080e+01 6.084805463876796949e+01 7.761420040216420091e+01 8.286619745376489732e+01 8.443818605516511866e+01 9.278594903023842733e+01 9.414306457557940178e+01 1.024914751569127134e+02 1.147677027784963144e+02 9.453527270366924995e+01 8.862366908327865644e+01 9.270413692063661415e+01 7.300178830793983309e+01 8.686254814645461408e+01 1.068069797650666715e+02 1.188152492693010061e+02 1.132161640083669880e+02 1.216041722086873307e+02 1.273034048993256278e+02 1.191077697782160385e+02 1.171228100660323435e+02 1.250122136139193429e+02 1.088364233058854751e+02
7.229216819678052275e+01 5.840377713144611249e+01 7.229216819678052275e+01 7.203790454478161109e+01 5.304442385764080825e+01 5.065866940596211521e+01 2.873521076866432011e+01 2.592534599244426374e+01 2.657913274299954409e+01 2.722925476806774370e+01 2.848945097386886616e+01 4.800382535700504150e+01 5.153256956116355525e+01 5.975078356959745207e+01 6.084805463876796949e+01 4.948625679879435779e+01 5.930342206464109722e+01 7.339027853256358469e+01 9.351591656934107277e+01 9.756710171042391266e+01 1.060020104956771263e+02 1.146087106410631549e+02 1.087366558210452467e+02 8.861716222628446360e+01 7.466421392246371624e+01 8.385952266399957011e+01 6.918928705307381222e+01 8.045545818278301908e+01 1.003076595940857771e+02 1.099992410827695295e+02 9.317801245004649502e+01 1.099992410827695295e+02 1.188325801597786580e+02 1.293054049346516763e+02 1.209003840238938920e+02 1.293054046778253792e+02 1.171672155985335166e+02
6.419172493821926651e+01 4.479650503288616648e+01 6.419172493821926651e+01 6.503466109982127819e+01 5.168359521836558912e+01 4.166790714571916254e+01 2.503002580042091552e+01 4.216780208703843869e+01 3.997692463538216856e+01 4.673394345405401396e+01 2.822566462931921194e+01 4.543356134402903734e+01 6.178070512516953983e+01 7.106385796963894563e+01 7.761420040216420091e+01 6.084140827121792938e+01 7.761420040216420091e+01 8.762869761110519562e+01 9.382552285288079474e+01 7.720187025463640396e+01 8.580922984731601844e+01 1.025594535626982235e+02 1.089417068782927203e+02 8.924758041507483597e+01 7.547671807225145812e+01 6.424250636279242599e+01 8.385952266402871658e+01 9.713532260163415799e+01 1.086427375583066635e+02 1.016471318121080998e+02 8.183887388733388946e+01 9.049707300955095945e+01 1.104598674620542198e+02 1.149944641678838195e+02 1.007118890065683274e+02 1.108061365157772258e+02 1.310544762536576116e+02
4.775568817748860084e+01 3.739465019754095465e+01 5.690783246983666999e+01 5.115248150526676341e+01 3.723584555544508845e+01 2.413360461653097389e+01 3.808037124140570739e+01 5.147495976517513583e+01 5.728917301850709975e+01 4.805299801209612554e+01 2.891547758970397197e+01 4.006536966384086185e+01 4.255392626293889435e+01 5.685099887051637779e+01 7.698693991516829271e+01 8.084088034659149002e+01 8.918553530907644245e+01 8.796948566432462258e+01 7.374970063762542338e+01 6.566576574582285275e+01 7.386804424933775692e+01 9.412734423033261066e+01 1.074409053075461458e+02 8.734350170086858611e+01 8.089640176922594605e+01 6.130021475253989394e+01 7.510789027189670719e+01 9.487110473202160676e+01 1.013467845348769458e+02 9.416031404449357467e+01 7.449233153057143397e+01 9.416031404449357467e+01 1.091565279221759965e+02 9.492476836450117617e+01 9.079995582360906781e+01 1.108061365163775633e+02 1.260706593705953509e+02
2.796354864137952490e+01 4.765078526762147959e+01 4.625957252750384896e+01 4.214336198983822612e+01 2.323688869768026066e+01 3.042181166617809751e+01 4.929877905625669143e+01 6.569727455418738771e+01 6.272836687362791963e+01 4.327106684387761248e+01 4.831146741752820617e+01 2.987733279358218752e+01 4.374185950784796972e+01 6.427137993083215406e+01 7.630844287547739668e+01 8.464656171354535275e+01 8.294256171931984056e+01 7.465731981798340655e+01 5.970009013131352305e+01 5.756728069649516044e+01 7.189076331257135166e+01 9.326810407888540055e+01 1.042508567273290794e+02 8.209352763711473244e+01 6.724064167071007603e+01 5.848031071236231071e+01 7.807219912464262279e+01 8.671714919528814391e+01 8.154825720660296895e+01 8.154825726546643239e+01 6.910476231513742107e+01 8.870539716450116430e+01 1.008030461698501767e+02 8.102469645481643568e+01 9.492476836450123301e+01 1.149944641704095432e+02 1.160384122676024390e+02
3.999699356497605152e+01 3.947121057891055784e+01 2.657579362163261649e+01 2.234392904106613997e+01 3.638865875110321468e+01 4.926379513420839373e+01 4.339698287733195770e+01 6.358015792319670823e+01 7.082303645402976144e+01 6.238434558857027668e+01 5.012685839955079103e+01 3.055851870208002197e+01 5.013407696189756990e+01 6.223303611774940691e+01 5.642934520584552160e+01 7.630844284969367664e+01 7.138777258558236838e+01 5.463922479932674747e+01 4.950050830063735674e+01 6.966493147894587423e+01 8.543148847047230277e+01 8.635176839792951853e+01 1.040203543246723967e+02 8.936191147947967295e+01 6.965529213358595939e+01 5.584372239921116687e+01 7.514460776014807664e+01 6.709548801660980644e+01 7.536561246410937542e+01 6.199701770215447993e+01 8.154825726546643239e+01 8.554495163864802976e+01 8.931321521551409148e+01 7.602231506633266633e+01 8.727757755654320704e+01 1.071964845431459850e+02 1.076729722234032636e+02
2.065408063695434748e+01 2.105330101439898627e+01 2.145334070339262666e+01 3.568543354113515420e+01 4.907261710263048116e+01 6.421327285680526131e+01 6.357948095316733372e+01 7.214224143584822002e+01 7.356424470578208741e+01 5.182385394981638882e+01 3.791763306850185700e+01 3.124324471732080966e+01 4.716942026279824063e+01 4.262574450250804148e+01 6.225179804698701957e+01 6.877993972179758941e+01 6.309894469711503007e+01 4.289748789418202790e+01 6.309894469710635434e+01 7.462262611416532820e+01 6.685458407158948546e+01 8.151609327943469907e+01 1.009734712656174054e+02 8.833272419378272389e+01 6.730394664830195950e+01 5.329786283156940385e+01 6.814625885054873322e+01 5.329785938698026371e+01 5.582240654495979726e+01 5.908064234377987844e+01 6.242951920674576627e+01 6.598906718599353383e+01 6.973274330101939711e+01 8.095266606416794275e+01 1.007339377458414731e+02 1.155712083041108116e+02 1.010856320832185844e+02
4.053664289918162211e+01 3.513915575074358344e+01 4.130507082856485113e+01 2.219017700300631546e+01 4.200373533080422561e+01 4.876916034569659075e+01 5.888582302824838166e+01 6.515349719506320980e+01 7.342148987089707646e+01 6.421609823451392174e+01 4.564775391791418002e+01 5.083522374617923134e+01 3.222423829138835316e+01 5.183419384663160656e+01 5.987481656137605057e+01 4.908561611377168532e+01 5.559063902965071691e+01 3.972623746394853583e+01 5.796999569696060917e+01 5.357283085386613664e+01 7.283566724689067939e+01 8.278452415651226204e+01 8.247073545461313415e+01 8.233683677804422985e+01 8.110797412761699832e+01 6.939346022885149523e+01 4.981833394729856224e+01 6.939489481075418098e+01 6.961335311839516748e+01 7.862260650153567099e+01 7.366347006839191636e+01 8.554495163864802976e+01 8.350497912783851007e+01 9.759718492683163049e+01 1.090802043448954208e+02 1.094154518639952869e+02 8.959483113779961627e+01
5.894840861405302235e+01 5.456645581858508365e+01 4.611427043126475667e+01 2.617366991406743182e+01 2.293239283841137777e+01 2.792602953447743985e+01 4.763440540074046226e+01 4.561827660151579522e+01 6.519257503591967406e+01 7.325787399650414500e+01 6.490766510406585610e+01 5.988100745728653607e+01 4.197476922111348330e+01 3.321980186269162516e+01 5.159076136845438043e+01 3.526162787683482946e+01 3.599898218441993691e+01 3.673938117724639341e+01 5.633180408867847433e+01 4.646756350466766605e+01 6.207289673604935132e+01 6.860323722652886147e+01 5.541867340737678660e+01 6.150215717593679443e+01 7.252409454672678635e+01 6.464228357222613397e+01 4.811325034393561140e+01 6.191928917968914448e+01 8.158658337768696356e+01 9.753198822414982772e+01 9.332770094846497955e+01 1.016326035835143529e+02 1.033355375518453485e+02 1.053895304458831390e+02 9.701141980808678511e+01 9.701141980808678511e+01 9.171913043647380448e+01
7.139688292724812868e+01 5.420754014834149359e+01 3.361430995892518325e+01 4.613340296504610194e+01 4.269698158010449163e+01 2.367625888119440702e+01 3.180804314491389562e+01 5.133474141941900371e+01 6.139211945820173355e+01 6.984581173861801062e+01 7.707730574520505229e+01 5.784192892739864078e+01 6.001812060329491771e+01 4.829606224061050312e+01 3.422376296470709889e+01 5.388045869908953733e+01 5.559063676454043446e+01 5.632433997639972745e+01 3.781254601188850728e+01 5.727832357314089506e+01 5.678194074745373854e+01 4.063439048019453992e+01 4.140294529926507039e+01 6.113603221185286429e+01 6.157704313049641343e+01 4.574651249928255936e+01 6.525601977641736084e+01 6.941148726599728036e+01 7.697608526702643417e+01 8.181975537210929872e+01 9.010716287709668393e+01 9.200099305576544850e+01 9.414167045811156243e+01 9.701141980808678511e+01 7.693352167852948753e+01 7.693352167852948753e+01 7.906255222331338928e+01
5.741930127832248587e+01 4.308184800792493263e+01 5.420754014826819400e+01 5.190167933166677017e+01 3.428502578045963389e+01 2.962701378506346117e+01 2.442301302023597387e+01 3.215893085123170181e+01 4.037858961159467697e+01 5.284530781021051382e+01 7.348368574799667385e+01 7.707730574520505229e+01 5.856138074582560904e+01 3.871406294984171126e+01 5.402596768978844466e+01 6.247648975282611161e+01 7.159695847832433913e+01 5.103780468793786440e+01 5.321383509609922413e+01 3.890105024631169073e+01 3.967245049361018516e+01 4.110435668548696242e+01 5.742735743004667626e+01 4.258924865050379793e+01 4.340892396306561807e+01 5.813109054979140922e+01 6.380244925427243174e+01 5.539813236282669351e+01 6.691425106963271219e+01 6.175354229721984467e+01 8.179664263299611093e+01 7.266213101532477481e+01 7.477194098098028974e+01 9.414167045811153400e+01 8.281420188870403365e+01 6.369618215089978719e+01 5.891535733899854677e+01
5.741930127832248587e+01 6.320841439924047478e+01 7.139678559859983409e+01 5.909334770404301196e+01 4.937138403856274493e+01 4.257472507595530686e+01 2.495271790766151199e+01 4.511520452178109508e+01 6.139211795884408929e+01 6.984580027741152719e+01 8.205058317924651590e+01 7.364194816386424236e+01 5.328376930270322731e+01 4.196598339679228218e+01 6.188814811816261852e+01 7.572256904220185447e+01 7.969004059268718265e+01 6.555176248049517085e+01 5.897022335362800760e+01 5.856232295376841535e+01 5.937430352767880493e+01 4.491309421907056532e+01 6.326991283132696253e+01 5.959320327170294718e+01 5.813090552916744258e+01 4.467502308854866300e+01 4.564796407846142756e+01 4.662181046834517417e+01 4.760217769625307938e+01 6.758696446039705563e+01 7.008504902156934691e+01 5.863534177918077717e+01 7.832635256653819056e+01 8.359696953490956162e+01 7.533533948365014510e+01 5.698663664966186815e+01 7.718211792694827977e+01
