LEM/sinusoidal_perturbations/elevation_000632.asc
nrows	100
cellsize	150.0
xllcorner	0
ncols	100
yllcorner	0
NODATA_value	-9999
[rows 51 to 67 of 100, columns 0 to 36 of 100]
6.455108993161302530e-03 1.873000559573212342e+01 2.309436266947369987e+01 2.479184688425753436e+01 1.155221971869896969e+01 2.800715041034809616e+01 3.012645574672933435e+01 1.705946265307763454e+01 3.406197316770334993e+01 3.009551299081767084e+01 2.363178779932935925e+01 3.814750915763296746e+01 5.881152042072942265e+01 5.796916001791349515e+01 3.716317976494300268e+01 5.796916001791371542e+01 6.352813543306120891e+01 7.005309504866026771e+01 6.408178206818786293e+01 8.446911983129146506e+01 9.944109438876287754e+01 7.985108923486230026e+01 8.344592216024661013e+01 7.124167006873761920e+01 7.377807504033654595e+01 9.334888591682857850e+01 9.900718065297567705e+01 7.915083476344581470e+01 7.653530440881858965e+01 5.612032386682400897e+01 4.769099264625152301e+01 4.407545583571264558e+01 4.347482024761949759e+01 6.397369006433132910e+01 5.926682529970511126e+01 6.170646761524704971e+01 4.481227892280178793e+01
3.995603441288198172e-03 1.466110406359473295e+01 3.569558921131662288e+01 3.574891511808537103e+01 1.687656453080898089e+01 3.575581836409911318e+01 4.318115266391295393e+01 2.263268570404483881e+01 4.318686598794772635e+01 5.069744895273547769e+01 4.419985793007871422e+01 3.326357129316907191e+01 5.395290191944602753e+01 6.643289985867528458e+01 5.796916001791371542e+01 4.396306809783740022e+01 6.469572078256912562e+01 8.148332306795836644e+01 8.446911983129146506e+01 9.282389408380863927e+01 9.729172679769551735e+01 7.771080209744694400e+01 6.378761270854552379e+01 5.979387562749408147e+01 7.951023283274169273e+01 9.241957994358695316e+01 1.070799511916674760e+02 9.072507339516693037e+01 7.065770964772862328e+01 6.820092350268978976e+01 6.820092350268284065e+01 5.960331633492801728e+01 3.913391894801314663e+01 5.586613276845212539e+01 3.881032825420086851e+01 4.123978160618379718e+01 6.170646770127270031e+01
4.804567899273937473e-03 1.415237537394370726e+01 3.425475804356194942e+01 4.353028784285768893e+01 3.575581836409911318e+01 2.599124803513199566e+01 4.446391894241990173e+01 4.318686598794772635e+01 3.225246747302464456e+01 5.293822613703028424e+01 6.243027810820073142e+01 4.252225038628721876e+01 6.243027810820073142e+01 7.917587713676849148e+01 5.869784363537678473e+01 6.469572078256912562e+01 5.252072770358423526e+01 6.448357792906378450e+01 8.485895019270286355e+01 9.065424762612077814e+01 8.251026123478382601e+01 8.251026123189902250e+01 7.293811376432576310e+01 5.300355572265991810e+01 6.463228286645814080e+01 8.428408977035076077e+01 9.957569684489939732e+01 9.883897357440895348e+01 9.072507339516442926e+01 8.833769554188232576e+01 7.987809942303624666e+01 5.960331633013331754e+01 5.586613275689325064e+01 3.542058175913118134e+01 5.586613174541645321e+01 6.006663891310623171e+01 6.999739302542616315e+01
9.707512844716031236e-03 1.415184313657554149e+01 3.415184313657483273e+01 4.291512863975766123e+01 5.233516653274625696e+01 3.902310654860922767e+01 3.902310654861066297e+01 5.759920203600936617e+01 4.420840823003462106e+01 4.689785642017982781e+01 6.752096862919837861e+01 5.452063094576612912e+01 7.163724911319336286e+01 8.754724027048828816e+01 7.917587713676849148e+01 8.148332306795836644e+01 6.181286193095587578e+01 8.148332306795836644e+01 9.321141236526725038e+01 8.251026123481739205e+01 6.275379727566492960e+01 6.275379727566483723e+01 6.858803656175743413e+01 4.851236765742322632e+01 6.280910603001320425e+01 8.253960904092110695e+01 7.994480134071393707e+01 9.384135975981453726e+01 8.581010645094021072e+01 7.383958047360458465e+01 6.523375649284727729e+01 5.792859011940857528e+01 5.168741516722136708e+01 3.368746500486177098e+01 4.881831411068539239e+01 7.103336932473850140e+01 7.748142685565167653e+01
5.001202446392439237e-04 7.071567932110144561e+00 1.463085739229475557e+01 2.877299301602595705e+01 4.877299301602666048e+01 5.759920201388528227e+01 5.759920203873019062e+01 6.564723215795646638e+01 5.886452855597600120e+01 6.752096862919837861e+01 7.593933207486820436e+01 7.505740569809081819e+01 8.344596887312864908e+01 8.178263999562682329e+01 9.004698486817960656e+01 9.058042539637547463e+01 7.629567817037415978e+01 9.058042539637547463e+01 8.738146533554996154e+01 8.522141268774332445e+01 6.854033159707621792e+01 4.847870319758647639e+01 5.908318926398478510e+01 4.440240738383432273e+01 6.457290279072788053e+01 7.322935256459710729e+01 6.598533794404964681e+01 8.569455751312538894e+01 7.719584528822815628e+01 5.648842585375292202e+01 4.462389702849683459e+01 3.750778504522715195e+01 3.129509972517460170e+01 4.919120673665730692e+01 5.750918984983203330e+01 5.485232117921915318e+01 5.526084427112360231e+01
5.279685921607564676e-03 2.000527968592125205e+01 3.463085739229546078e+01 3.463085739229546789e+01 5.463085739229617133e+01 6.167398575054670573e+01 6.167398575054670573e+01 6.957216275418004159e+01 7.934588566317354719e+01 7.636888389766821206e+01 6.810807604329045262e+01 7.636888389766821206e+01 7.854146164068561120e+01 6.186432373707966548e+01 7.854146164068561120e+01 9.033991707468244670e+01 9.653229428792785427e+01 8.738146533554996154e+01 6.761348587558940437e+01 6.545009191262502668e+01 7.670402230315066561e+01 5.908318927426996936e+01 3.883888875766586324e+01 5.908318927433600720e+01 6.326217141221545148e+01 5.329499025983384541e+01 7.322935256459710729e+01 7.077403901943175413e+01 7.894500952784318315e+01 7.383958047360458465e+01 6.523375649284727729e+01 5.678662148989749170e+01 3.198003021840829163e+01 2.901642360074661653e+01 4.706522063256326049e+01 3.437461553834501160e+01 4.022638577257157522e+01
5.738623160518319517e-06 1.416994866202174030e+01 3.446156073187385260e+01 4.457462609168189260e+01 5.246899604149154328e+01 4.226766171356970148e+01 4.226766171356970148e+01 6.167398575054670573e+01 6.725003662739972299e+01 5.898866801093576839e+01 4.816087089716721437e+01 6.639584525944195548e+01 6.918926281565225622e+01 5.034325207021630888e+01 6.214251053358383814e+01 7.793798326237097740e+01 8.790165348398909373e+01 8.266146908444433450e+01 6.287992855698632866e+01 5.122634758948394307e+01 6.180221971997183061e+01 5.588228431085595815e+01 3.563579801690363524e+01 5.466997525030205196e+01 4.311168526754896391e+01 6.326217141221545148e+01 6.745239845860670869e+01 5.079397659594899750e+01 6.745239845860670869e+01 7.499748401421754807e+01 6.664739726918330120e+01 7.058848928964542324e+01 5.663168599570943229e+01 4.706519876755656639e+01 2.674495530752806971e+01 4.706521615052911045e+01 6.084497129395538195e+01
4.532054705376768917e-03 2.000453205470502027e+01 2.939582294725327216e+01 2.490933791616537718e+01 4.457571587403300128e+01 2.823433024485577292e+01 4.795163996077233293e+01 5.926989508698697762e+01 5.572635044412241001e+01 3.902288560166061870e+01 3.816701535413503166e+01 5.813447347022879796e+01 4.924270591240055950e+01 4.218062202304992070e+01 4.973844519675463260e+01 5.972013836713876600e+01 7.963892852145404788e+01 9.085525462031422705e+01 7.177668225781624756e+01 5.180416884436468905e+01 4.158255154090563366e+01 3.664672756973619272e+01 3.252326780887277380e+01 3.443564370680687858e+01 5.466997525030205196e+01 6.198896459970915629e+01 5.374787081168931024e+01 3.907790972829602794e+01 5.923854460080848128e+01 6.664739726918330120e+01 4.623119552498483387e+01 5.221093973791867882e+01 4.441524744481186104e+01 4.340853532057926145e+01 2.522291203728718401e+01 3.532723811920347856e+01 4.709145714081521561e+01
9.001595176218036079e-03 1.850150830972866700e+00 1.079420834913766036e+01 2.642196264399215622e+01 3.213023839300075934e+01 2.116705535887970413e+01 4.098054634083272418e+01 3.930291227074659588e+01 3.930291227075281313e+01 2.747724166445212646e+01 4.507401110107510078e+01 4.892001854133205541e+01 3.510836245220833973e+01 4.924270591240055950e+01 6.918926281565225622e+01 7.793798326237097740e+01 8.790165348398909373e+01 9.118963128986291622e+01 7.171127408383554780e+01 6.173699119313318562e+01 4.952552281126058631e+01 5.689040751612503044e+01 4.926212267254322086e+01 2.904346360538964333e+01 4.623121753672631229e+01 4.414656783820478125e+01 3.356415465200782222e+01 3.141562609789282234e+01 5.161854083672223226e+01 6.528128857031340715e+01 5.221096173314194999e+01 3.184065716284754188e+01 4.132256900367234209e+01 2.312144051029722291e+01 4.340707558879918082e+01 4.158351186443338321e+01 6.139152582618439169e+01
5.674351268809080251e-03 2.000567435126845339e+01 4.534775051841749338e+00 6.450427622315882736e+00 1.222393052806939551e+01 3.109067908814494885e+01 3.354614488859225219e+01 3.579628146149710943e+01 1.931204090283495844e+01 2.216918771140376521e+01 2.508650045551610575e+01 2.893557765960789752e+01 3.893601929825976526e+01 5.047535098787393792e+01 6.458149093826459364e+01 8.450786490444339449e+01 9.704806985705647548e+01 9.118025708820636055e+01 8.918036241126502262e+01 7.748075061331329039e+01 6.117707722448874819e+01 6.089853767050429667e+01 4.074367567637909104e+01 4.623121753672631229e+01 2.601973771306397509e+01 2.393891757532495035e+01 2.190137070393386054e+01 3.937187913801597006e+01 4.760880987217358751e+01 5.649406277545152477e+01 3.567883722120016188e+01 3.929672681563604186e+01 2.105508750736036561e+01 4.109791355509957356e+01 5.180561786203771391e+01 6.139132210195451478e+01 6.075097774659550254e+01
9.518805923843161668e-03 2.000951880592348786e+01 2.463122351808557653e+01 2.635166383075441843e+01 9.367727454259961561e+00 1.146429713237561288e+01 1.360852221797101258e+01 1.580380747229672700e+01 3.579628146149762102e+01 4.215853303067159885e+01 4.507401110107510078e+01 3.194685826660731820e+01 4.194664379900446249e+01 5.348182718202686914e+01 6.758175604412961945e+01 8.750750936626924670e+01 7.704430705648474031e+01 7.118900483631723830e+01 8.533211694169267503e+01 8.872862143820071879e+01 8.078134720957062598e+01 6.910574839432159422e+01 5.246204626956034645e+01 5.450773326116223672e+01 4.622838812114483176e+01 4.414656783820478125e+01 3.937192051781764235e+01 1.921457088268302726e+01 3.899894170219999268e+01 4.079196932734917169e+01 3.730466254676399984e+01 1.905256965973655880e+01 3.929672222008464644e+01 4.972804353824575685e+01 6.004206844178019509e+01 5.119772708218042823e+01 3.862839607750589010e+01
9.062254805971973678e-03 1.415119787853704736e+01 3.415119787853775080e+01 3.781131907003150161e+01 2.958824061623407786e+01 2.575748710899259208e+01 2.774960311583624417e+01 2.994469449512116910e+01 2.364857495984277946e+01 4.363599105269620537e+01 6.018998594262094315e+01 5.192721793080156800e+01 4.089158324141445888e+01 5.242860039573880471e+01 7.236622939423790513e+01 8.777163480419450536e+01 7.704430705648474031e+01 5.710824500883533972e+01 7.547492289989180847e+01 7.774852135634633044e+01 8.360671828255371452e+01 8.058820434658194642e+01 7.242299924300685632e+01 6.452413578544963002e+01 5.673675251724884561e+01 5.372222409703908852e+01 3.240696503227346881e+01 1.736456250203212548e+01 3.471395648305302473e+01 2.176148162766123306e+01 1.708721952167887537e+01 3.723979312626867966e+01 4.751607792314685241e+01 5.050424546557605510e+01 4.251613577689411017e+01 3.036519829983055274e+01 2.617213346453960554e+01
3.063233560239582431e-03 2.000306323355988525e+01 3.128619086349664258e+01 3.790451096008677467e+01 4.611606785050654622e+01 4.694486535051496645e+01 4.773032950422241782e+01 4.992326181679958097e+01 3.519484814702888542e+01 3.364858334696782549e+01 5.362339875751950302e+01 6.911502134357614580e+01 5.088526028366428022e+01 6.911502134357614580e+01 8.062694726734693518e+01 7.948197319391381654e+01 5.953639454761750471e+01 4.958390340631003568e+01 5.553422781549083709e+01 5.780168407840329792e+01 6.364397745388819772e+01 7.208596845783868901e+01 6.386512990406303203e+01 5.673948559394901281e+01 3.762806227698341388e+01 4.314372820758998728e+01 3.633926985140394095e+01 2.016852752257976533e+01 1.477217002776025012e+01 1.513621325012339724e+01 3.524205197418544344e+01 4.256703811953161676e+01 5.128461971915306350e+01 4.096232605976911145e+01 1.986890346222765302e+01 1.803122371536186819e+01 1.841066269571965819e+01
5.666595628964066558e-03 5.552662671888286106e+00 1.132607859626100932e+01 1.799177605255839296e+01 2.797382413870719020e+01 4.198182048456040860e+01 6.156069217050869469e+01 6.342931994897576686e+01 5.516680669418654048e+01 4.778018100188874229e+01 4.778018100188874939e+01 6.773017431106273989e+01 6.498954562884506458e+01 7.908520873206299484e+01 9.101248584984124079e+01 8.777163480419450536e+01 7.288308572665215479e+01 5.295001535904525269e+01 4.144950674548562830e+01 4.371838968337644360e+01 6.300068661062504560e+01 6.060961277851544082e+01 4.397446136573788777e+01 5.651988586177105844e+01 3.687456158645937165e+01 2.393961667607694821e+01 3.242189227273019725e+01 1.426682889462169612e+01 3.217387760011643394e+01 3.375142220194296527e+01 1.566976315236247963e+01 3.279524770461263472e+01 3.183764576659694612e+01 3.638319729696292626e+01 1.749495030049219935e+01 3.717372157391143617e+01 3.826482305846175791e+01
2.110006612196471242e-03 2.000211000661184002e+01 3.128619086349664258e+01 3.790451096008677467e+01 4.611606785050654622e+01 5.582454397596585238e+01 5.723094367645602887e+01 5.941873899293696581e+01 6.770294606910384516e+01 6.773017431106273989e+01 6.773017431106273989e+01 7.599206539931256543e+01 8.491374177614085283e+01 8.516778751307833772e+01 7.102269887933320547e+01 8.516778751307833772e+01 8.116599325718001978e+01 6.364397745388819772e+01 4.371838968337644360e+01 3.481504908537571907e+01 4.967382325213867489e+01 4.652863774344309178e+01 3.250061631859553302e+01 5.174152126274695718e+01 4.278694166928999465e+01 1.773638761086686344e+01 1.376140017185858255e+01 3.382007470515488023e+01 3.643209931059520557e+01 4.017748322672328953e+01 2.134440071339651368e+01 1.620357039836293112e+01 1.658112428605433664e+01 1.695949979036477018e+01 3.306289679616043031e+01 4.504713072850844924e+01 4.767442880809207395e+01
9.367352646185668139e-03 1.415150297637726062e+01 3.415150297637796228e+01 3.071964679696378653e+01 3.464196834829589733e+01 3.872445119540051195e+01 3.723094490498649378e+01 3.941874088767220030e+01 5.420753612031180779e+01 6.087420244104000489e+01 6.915841809957957764e+01 7.915838712938995059e+01 8.916418117304877455e+01 7.624219773907566378e+01 5.694259436692230025e+01 7.624219773907566378e+01 7.993584666896649082e+01 5.998246340241686880e+01 6.300068650919878621e+01 4.967382325163266898e+01 2.978192350978157776e+01 2.666128020003404586e+01 2.365137653459115796e+01 3.952945529256727042e+01 4.654151996214744713e+01 3.380266867136921149e+01 1.340461482648273872e+01 3.039157922963358516e+01 3.974883636805532916e+01 4.526612062399068748e+01 4.211707831866976903e+01 3.517291755078600346e+01 3.719808544937925632e+01 1.737577032162262469e+01 3.429099739960174276e+01 5.547466354795086119e+01 5.156828858187386544e+01
3.648181865326004768e-03 2.000364818186497118e+01 2.537442103167545682e+01 1.071964586992192991e+01 1.464196857268557750e+01 1.872445147732413773e+01 2.308880928204391125e+01 2.843403412029230637e+01 3.420753681218835851e+01 4.087420347885478833e+01 5.087420347885249328e+01 7.087420140322754492e+01 8.071065813310562476e+01 6.091670262575783568e+01 4.803419694612427548e+01 6.489139520441871412e+01 7.316876875720460305e+01 7.993584666896649082e+01 6.376493640726933165e+01 4.383709307474214967e+01 4.383709307474206440e+01 4.652863774344309178e+01 3.952947837607970882e+01 1.969488019151136626e+01 3.576380485129551090e+01 3.618191008354644111e+01 1.304803433331248108e+01 1.907274236598525619e+01 2.431775721704373794e+01 3.102067740809896890e+01 4.052744418331180043e+01 5.380081708370910576e+01 5.055368527175357229e+01 3.207945535405255555e+01 5.109193157144505193e+01 6.402312333425177826e+01 5.292274540766102575e+01
