LEM/sinusoidal_perturbations/elevation_000135.asc
nrows	100
cellsize	150.0
xllcorner	0
ncols	100
yllcorner	0
NODATA_value	-9999
[rows 0 to 16 of 100, columns 37 to 73 of 100]
1.004278754703114060e+02 9.207253205236617077e+01 8.667608033559406522e+01 8.072580989909030791e+01 7.973629973514232461e+01 7.973629973514232461e+01 8.813089631837462434e+01 9.300867553629716156e+01 8.716905995212975711e+01 9.300867552511634528e+01 9.468696054354178671e+01 1.005559213278255868e+02 1.002799399509028717e+02 9.236104832564956268e+01 1.002799818791747271e+02 9.780690554516039015e+01 8.935439879025651067e+01 9.780690554516039015e+01 1.036256959597314733e+02 1.013120125314018480e+02 9.285599386637973396e+01 1.013120125314018480e+02 1.052831197353683166e+02 9.710587512342290495e+01 1.052831197353683166e+02 1.080681043777209851e+02 1.023173247567047355e+02 1.023173247567047355e+02 1.105638497005059548e+02 1.113328556952089770e+02 1.029802901342037273e+02 1.029802901342037273e+02 1.048729438794721744e+02 1.132270294927891143e+02 1.220967776503680824e+02 1.137361878629206871e+02 1.220967776503680824e+02
8.301544807767301393e+01 7.167718906410651414e+01 6.626244074946963281e+01 6.027151709008803948e+01 5.927874314696885705e+01 5.927874314696885705e+01 7.973629973514232461e+01 7.321390425878658448e+01 6.743348950557572152e+01 7.321390425830971083e+01 7.488949130269281795e+01 8.068803544524014626e+01 9.073669364317788677e+01 7.328756731295374038e+01 9.073670594792254462e+01 8.763967478155019819e+01 6.904963426981146313e+01 8.763967478155019819e+01 8.313208859448857879e+01 9.110961357044263309e+01 7.245527057274259164e+01 9.110961357044263309e+01 9.525069127431962102e+01 7.690712694906248714e+01 9.525069127431962102e+01 8.802514476783350972e+01 8.213397676109676127e+01 8.213397676109676127e+01 1.023173247567047355e+02 1.029802901342037273e+02 8.287044645587921821e+01 8.287044645587921821e+01 8.475715391753726635e+01 1.016042514594735877e+02 1.120184805063855009e+02 9.359104863707554500e+01 1.120184805063855009e+02
7.111534761773359037e+01 7.541980423560390534e+01 5.494331698593313718e+01 4.589413697077680609e+01 4.491618083807495054e+01 5.757736683633757480e+01 7.797167516922003472e+01 7.321390425856914419e+01 5.383613505058072946e+01 6.938223654909693039e+01 6.110581692829265421e+01 8.068803579300536910e+01 8.282430764285642510e+01 6.356629321090632345e+01 8.282430764285642510e+01 7.920201653003390163e+01 5.927098433763531204e+01 7.920201653003390163e+01 6.891207799494375763e+01 7.262296656990265831e+01 6.259030092024423908e+01 8.265563221956115569e+01 8.700650103624268183e+01 6.647978930275051823e+01 8.700650103624268183e+01 8.781830839518502785e+01 6.751992764376065281e+01 8.804554252196233222e+01 9.623082808060125615e+01 8.788913311265615391e+01 8.876048330065908942e+01 6.866881992702654713e+01 7.316369589714877009e+01 9.325908712998482031e+01 9.361024291840085709e+01 8.355686758680354842e+01 1.036636182499981658e+02
5.643718974840853519e+01 6.495994197949544002e+01 7.469431177933709876e+01 5.757736683633757480e+01 3.748359753885922885e+01 5.160163066752974004e+01 7.200407014023684837e+01 6.636282825342868819e+01 4.754002159208705791e+01 5.035038162780026738e+01 6.938223654909693039e+01 7.606698687451300600e+01 6.809147730384407282e+01 5.690691181491356332e+01 7.640496937369032082e+01 7.255833913256775247e+01 5.291327452491216121e+01 7.255833913256775247e+01 6.567519203884147316e+01 5.297169262962852088e+01 6.671223469943548423e+01 8.689273561513533650e+01 8.016426379174538397e+01 5.937147381666979840e+01 8.016426379174538397e+01 7.370623555058251952e+01 6.110409040542775472e+01 8.183922412318089812e+01 8.461621218355770679e+01 6.778094557442675239e+01 8.165700759225254046e+01 6.154468368191022165e+01 8.165700759180681700e+01 8.573154157824055233e+01 7.352341698082057064e+01 8.771647956952546110e+01 1.078390463286734331e+02
3.640351132315053206e+01 5.108296397239999465e+01 5.956328384779168772e+01 5.347574335400216938e+01 3.364801394400566892e+01 4.752610555389673408e+01 6.783943962222441826e+01 6.041053415244112301e+01 4.221415763919069519e+01 5.492314174695377460e+01 6.288880903737155847e+01 6.087585171160070274e+01 4.823970564396653060e+01 6.728355258283275475e+01 7.502663717982150615e+01 6.688729746282901090e+01 4.741054289971911828e+01 5.952726509085550077e+01 4.623373999487811403e+01 6.567519203884147316e+01 8.102651388557529799e+01 8.866317356474927180e+01 6.815527913708312724e+01 5.319113475352875042e+01 6.650706252102139615e+01 5.271721974156347557e+01 7.370623555058251952e+01 8.324649675941189741e+01 7.493969692214405143e+01 5.613930283674551447e+01 7.024639345342284003e+01 5.664404496149901291e+01 7.677905254169691318e+01 6.563505926810358915e+01 8.573154157825752009e+01 1.019557807569139669e+02 1.058021807448145779e+02
5.108296397239999465e+01 3.148345804486162791e+01 4.625789915824209686e+01 4.972865470529273324e+01 3.028025854540506856e+01 4.972865470516202890e+01 6.591198522034730445e+01 6.842865925542318450e+01 5.492314174323823295e+01 3.715156901261875788e+01 5.492192783349160123e+01 4.070268333219608792e+01 6.087585171159817321e+01 6.687436767738014964e+01 5.240288807047501507e+01 6.699960067312470358e+01 5.952726430177224870e+01 4.006015267553610926e+01 5.952726509085550077e+01 7.401280857158870674e+01 8.455008458792430304e+01 8.005056055443428420e+01 7.002718337967395712e+01 6.153026444195102584e+01 4.544360782193434289e+01 6.650706252102139615e+01 8.210306670731723955e+01 7.164367438880924510e+01 5.479730493175037509e+01 4.708766263528617912e+01 5.007729498357377196e+01 5.430102340951322049e+01 5.871479541205450658e+01 7.883850501318856629e+01 9.407006187404095954e+01 1.059359597522093708e+02 9.756202274722316758e+01
5.956328384779168772e+01 4.625789915824209686e+01 2.725917444113057186e+01 4.178113691794479223e+01 2.725917743146415972e+01 3.781924447096913866e+01 5.759292856525345883e+01 6.370244262182207962e+01 5.142600393152124383e+01 3.369611073322990791e+01 4.959729772658062075e+01 3.581313931570093700e+01 5.613885315179424396e+01 5.710716583267398505e+01 3.675322493735222906e+01 5.705775483378398860e+01 5.212098870573268528e+01 3.678244789072734022e+01 4.879714746520098601e+01 6.963804607453730000e+01 6.532798539670190507e+01 6.431822135467760404e+01 5.070339131214351625e+01 4.047545984703212696e+01 6.154230027218033428e+01 7.497536515573777649e+01 6.793594132219249104e+01 5.959123951459373103e+01 4.309401192956253368e+01 6.331405034161366530e+01 6.435378665460109460e+01 7.444715156030552805e+01 7.883850501318856629e+01 8.717356074071342675e+01 1.001345646609933624e+02 8.609619431911734466e+01 1.001345646609933624e+02
5.964062468430074659e+01 5.032734017264367310e+01 4.119996516118694529e+01 2.336335449162911715e+01 4.072621281295263884e+01 5.222108041522771060e+01 5.402455831023054600e+01 4.723357922569121570e+01 3.830989975327644004e+01 3.015202802511214486e+01 2.926337805938725012e+01 4.441524983786837311e+01 4.401437706300045960e+01 4.446118476572369360e+01 2.763798698584696822e+01 4.879494099042904054e+01 3.236812407368658029e+01 5.206831168449748048e+01 6.421284980474439408e+01 7.692285818084408788e+01 6.476250150990348686e+01 4.603475117028664698e+01 3.558755260423828304e+01 5.349306491404531982e+01 6.149430350462934314e+01 7.239464370800295967e+01 5.959069637620982718e+01 3.920705028257987124e+01 5.959123951459373103e+01 7.165571048680673982e+01 8.447240470878875840e+01 9.140898304908637328e+01 9.356091392077395597e+01 1.017722959640705938e+02 9.190712707730381226e+01 7.190106427810950152e+01 9.190712707730381226e+01
4.423743440410662231e+01 4.195285828967527664e+01 2.644728435780888631e+01 2.134519788084445935e+01 3.898321520976116261e+01 4.640371904075524867e+01 4.617761902250965278e+01 3.109227559264882501e+01 2.506887402012164401e+01 4.115020321109003021e+01 4.275303831459020643e+01 2.315865050898147715e+01 2.359193662248240742e+01 2.403050454799040025e+01 2.447548767380081003e+01 4.493218021727095390e+01 2.930713524545134518e+01 4.341096762547115873e+01 6.244594277811674488e+01 6.323932975823014857e+01 5.672270500796499704e+01 4.477432521939449117e+01 4.984678719916122702e+01 3.153201644196263587e+01 4.593025249312287173e+01 6.050384245322268129e+01 5.352333583903823921e+01 3.640989700173292931e+01 5.112583895620734609e+01 7.132901133230977564e+01 8.572015670248995889e+01 7.182968382226366089e+01 7.396917710335004870e+01 8.255452687473854212e+01 7.427652747827116286e+01 6.420750886213772901e+01 8.245239112103298851e+01
2.441114644159045000e+01 3.776091079268647377e+01 1.879262215487275611e+01 1.922573846269010289e+01 1.966261504396152660e+01 3.835385807957381843e+01 4.025891932520372052e+01 2.129222721752164915e+01 2.171106125340662274e+01 2.213283036173417528e+01 2.255494447405151703e+01 3.736951546865195439e+01 4.373428182630800620e+01 4.446397128840352053e+01 4.209352778960958830e+01 2.512154396915136800e+01 4.004463111923588770e+01 5.051937780379203247e+01 5.272855972101150002e+01 4.233526808266522323e+01 4.865178115499126221e+01 4.571908249521935375e+01 2.944202236343422996e+01 2.995167665848071792e+01 4.917751330497012674e+01 5.136001073053753885e+01 3.307863914716714504e+01 5.334048129176391484e+01 6.498272899056173912e+01 7.565618861887756452e+01 6.746853012904863078e+01 5.737273246277847250e+01 7.756432779491925089e+01 7.427652747827116286e+01 5.395252846472364183e+01 7.412174953168042180e+01 6.751714232129165794e+01
2.899903622002918624e+01 1.817504719334848673e+01 3.787298979659560416e+01 3.897216893631730272e+01 2.865409319567422131e+01 2.027087747092010872e+01 2.069649726369184961e+01 3.921976828423796491e+01 2.929409323156738409e+01 4.256630224747103597e+01 4.288564509858554175e+01 3.099682195534920837e+01 4.904233686788041524e+01 5.811703892276004524e+01 3.924356603273528776e+01 4.562975956586047488e+01 2.579426551738954387e+01 4.016162804189872304e+01 2.719274845313448097e+01 2.769893397440859317e+01 2.820895709934361051e+01 2.872054106204696566e+01 4.819471502436211097e+01 4.439262736045998281e+01 3.067651320239717805e+01 3.118768269143120264e+01 3.170052232537641501e+01 5.205219454019313474e+01 6.098872195651173911e+01 6.744572118968835639e+01 4.630693651294684798e+01 6.243759387021177787e+01 6.998631170158432724e+01 6.861813610223025250e+01 4.782799574692756295e+01 6.100113307563061227e+01 5.630064339424620812e+01
3.682834619975356816e+01 1.773634220615980084e+01 3.744001621025535087e+01 5.434602929504354307e+01 3.606161174728988073e+01 4.098330994699352203e+01 2.396782745330361308e+01 4.426866214932262267e+01 5.003830385869855490e+01 4.209396808192699524e+01 5.776494591092806985e+01 5.023504117262361035e+01 4.131107838738445537e+01 6.049683270417362735e+01 5.279493912264744893e+01 5.392904092456017651e+01 3.034255437597279936e+01 2.648467687403876170e+01 3.106594826336376158e+01 4.656436703087628359e+01 4.863128073432139331e+01 4.088794496171470882e+01 5.562107060315874918e+01 3.614909036818221466e+01 5.143718821270134356e+01 5.160796956926805734e+01 5.204248279606452599e+01 3.242692307233177473e+01 5.277013710505589472e+01 5.543716136972577857e+01 3.996565931158984597e+01 4.609025103108467647e+01 6.211819194919430487e+01 6.798312980217671964e+01 6.100234467799371885e+01 3.973244469438760262e+01 3.804301258198729130e+01
1.711367890050195939e+01 2.657373994513535820e+01 3.204182994766154735e+01 5.183472397966625067e+01 5.095729133039565539e+01 5.467385118770528862e+01 3.625452573184797700e+01 4.112165818350544555e+01 6.602186383683262250e+01 5.322692433645662646e+01 6.959342313004034963e+01 6.960234515969187896e+01 5.292165436238762766e+01 6.941786685947391788e+01 7.195958084786808229e+01 6.729644441921540476e+01 4.513689034600713512e+01 3.449126351945941593e+01 4.805783954194853891e+01 3.744417450118404389e+01 5.478196266710518358e+01 5.793675558649113810e+01 6.404896768834376530e+01 5.662780398431999629e+01 4.208487349247355525e+01 6.252260293077874564e+01 6.065448299243037411e+01 5.059261149660849100e+01 3.314518205190552891e+01 3.365247863507478598e+01 3.416068331145712733e+01 5.117558380548803854e+01 5.576849821642925775e+01 4.992768647765792878e+01 5.696195705463903636e+01 3.724982002287931238e+01 5.777684994610788038e+01
1.667203588953010751e+01 3.639939567998585801e+01 5.115255613739996932e+01 6.016152339852792608e+01 7.241023060517385090e+01 6.957027125239423526e+01 6.162137079249040994e+01 6.906583260494771537e+01 7.568299917883973649e+01 7.192768526073859903e+01 7.974931679275942997e+01 8.433261134436470741e+01 7.607966270553362165e+01 7.665760430343514997e+01 8.465078433396536184e+01 8.008829033106799500e+01 6.525186373631348147e+01 4.526839965090888995e+01 6.358450864248855083e+01 5.636028278046091344e+01 4.620451822225241756e+01 6.531196324052331192e+01 7.122244564280245527e+01 5.081954667021982175e+01 6.252260294510604410e+01 5.126092393155813909e+01 7.111307578910840732e+01 5.826053469862893763e+01 4.152185115729965759e+01 4.389909022867359312e+01 5.445687801613799905e+01 3.488833100771002194e+01 3.540653958144645941e+01 3.593453602338222908e+01 3.646697260609150248e+01 5.614743521173760854e+01 6.583219356258878463e+01
1.622801965365421850e+01 2.791692541471172007e+01 4.411652080914473117e+01 6.757562760111217415e+01 6.940338196875673304e+01 6.009954529944816670e+01 6.061439043176910957e+01 7.844687510484070003e+01 8.716981181256869604e+01 7.429199295265208036e+01 6.477819978442354909e+01 7.105219422329403756e+01 7.401390675274288355e+01 5.757305677859412896e+01 7.401390675274313935e+01 8.870040126481013942e+01 7.615554987793275643e+01 6.713762420700282973e+01 7.648071137443015743e+01 7.356128966481931286e+01 5.566876615191026190e+01 7.356128966481931286e+01 7.802071806461502490e+01 5.762595286089625546e+01 7.802069774147828696e+01 7.161771679472512631e+01 6.218468480655644015e+01 7.087639277560386120e+01 5.176974276416775211e+01 5.473102140690679818e+01 6.337496578674402059e+01 5.565399865715546923e+01 3.901570399526197264e+01 5.658594267014479584e+01 3.864523999127522558e+01 5.854163171113356157e+01 6.994876321247640760e+01
1.578124390110800057e+01 2.970908945225237829e+01 4.996100826421052687e+01 5.497287279264194382e+01 5.044352700914898691e+01 4.188533351644184677e+01 6.134310729844718679e+01 7.033271911362024298e+01 6.653670145402790581e+01 6.624443608002779627e+01 4.794895736412738074e+01 4.942589431517762222e+01 5.582363340588894118e+01 4.686080418741832432e+01 6.587876070246959159e+01 6.920306515706506900e+01 8.224349142947228586e+01 8.015244874033265887e+01 8.187743736682273266e+01 8.329739763549078191e+01 7.499615988891500251e+01 8.346052365665680384e+01 8.637315450388280169e+01 6.783506849606058609e+01 8.637315450388280169e+01 8.979825249615352334e+01 7.118321420970420377e+01 8.198342130723656851e+01 7.315781916632272441e+01 7.289450054814102486e+01 7.659459846594059229e+01 6.305260491459935679e+01 4.268361952042680230e+01 6.313670888997909003e+01 5.854667435208209980e+01 4.156539562111973396e+01 6.168986833996360986e+01
2.465258340315705254e+01 3.435444187473963495e+01 5.434752504694824893e+01 5.043966174552051029e+01 3.044542329155974159e+01 4.590822146863513353e+01 5.351852363347019548e+01 4.943080635890981256e+01 5.172238926982892337e+01 6.633092661635902232e+01 5.400670496868745829e+01 3.618121752961015858e+01 3.773069887392829003e+01 5.580848362602952761e+01 6.091988450128339849e+01 5.500065297347262572e+01 7.369002639299931445e+01 6.002838379261469015e+01 6.217339969242157593e+01 8.191801648795212998e+01 8.928460467454155491e+01 9.148725742254389104e+01 9.651197040574980690e+01 8.820636763316963425e+01 9.651197040587973675e+01 9.807594909481275636e+01 8.471281716508246973e+01 9.805212008538602220e+01 9.316337506617777819e+01 8.372981761795459477e+01 6.893289094787466809e+01 4.850736477687433990e+01 5.453438680491496626e+01 7.158274603363388167e+01 7.004150874559628903e+01 6.168969523284710021e+01 4.460511280320968552e+01
