LEM/sinusoidal_perturbations/elevation_000566.asc
nrows	100
cellsize	150.0
xllcorner	0
ncols	100
yllcorner	0
NODATA_value	-9999
[rows 34 to 50 of 100, columns 0 to 36 of 100]
2.064481644892168701e-03 2.000206448164453832e+01 2.027577084065923785e+01 4.122710984474647944e+01 3.234594845239946892e+01 4.683368637556862524e+01 4.317450371566134493e+01 6.320747333968361659e+01 6.621251105787321478e+01 4.902881024703642510e+01 6.621250928619166132e+01 6.702021836344506767e+01 5.850175915777835911e+01 6.702021818930849406e+01 8.036283740106787832e+01 6.964153513878996193e+01 5.154579965122371732e+01 6.964153513878996193e+01 7.787135796533725340e+01 5.777360818517651353e+01 5.927632256734608518e+01 7.344706907921222694e+01 7.538058090924307919e+01 6.657801084894646237e+01 5.268627869962228516e+01 3.028206361428141236e+01 2.000449307438991298e+01 1.414341964366842497e+01 3.046617871560813740e+01 3.442641127498693976e+01 2.264571970495207154e+01 3.924867103667560997e+01 4.111151023880604072e+01 2.577433432063718399e+01 3.679378390149519618e+01 1.755761532790147328e+01 1.791277620119464942e+01
2.905961989428186391e-03 3.654390279277794917e+00 2.366412848766923460e+01 3.349954228038492232e+01 2.078735835762925177e+01 2.682200207457135477e+01 3.838447142359638065e+01 5.254737059704883961e+01 7.258275632835284341e+01 6.936001537435627995e+01 7.806750342072696469e+01 8.142928704285820629e+01 7.312159741936396529e+01 7.791468395907521938e+01 8.622470224678750128e+01 7.801153856231951522e+01 6.474041775519353337e+01 7.801153856231951522e+01 8.612716530315829289e+01 7.200752311461974386e+01 7.936590467490451317e+01 7.284982042932443846e+01 6.399876750136223791e+01 4.431806821335558055e+01 4.840284379534004700e+01 3.713684251661135960e+01 1.874852831436219347e+01 2.526205919429262181e+01 1.463125057435800436e+01 1.497868259532885027e+01 2.034907681153151415e+01 3.143367497665828836e+01 1.633690149469654784e+01 1.669508505298639989e+01 1.705293070282966994e+01 2.404682757262069259e+01 3.025814802486858213e+01
3.542675937824442140e-03 2.000354267593747082e+01 9.311348369832373351e+00 1.348188349541108799e+01 2.503572860034928738e+01 4.506132678021195659e+01 4.317450371566134493e+01 6.320747333968361659e+01 6.072784743238280214e+01 6.901161070932735697e+01 7.955627025172478284e+01 6.989096718419860110e+01 5.316629090012001768e+01 5.793384324101432270e+01 7.056640122839016271e+01 7.881670432752670763e+01 8.336235419634276411e+01 8.171348955211342968e+01 8.996930917747960166e+01 9.202790758945549499e+01 7.679994069521983135e+01 5.462765832696975821e+01 4.139802143198608064e+01 3.315090559281120619e+01 2.706948139448567758e+01 2.294916924710720352e+01 3.034178501214258716e+01 1.941234242491103856e+01 2.137358412757711790e+01 3.032395983397637451e+01 1.547370046606462068e+01 1.583051010665227842e+01 2.101399846307931085e+01 3.267628531772211176e+01 3.424323137060363820e+01 2.270401656047059191e+01 3.183435017006411627e+01
3.411803931810562015e-03 2.000341180393145635e+01 2.932528314701809435e+01 3.349954228038492232e+01 3.349954228038492943e+01 5.336053131380391079e+01 6.320747333968361659e+01 5.746031500306549589e+01 4.071683111152150047e+01 5.746031500306549589e+01 7.125437191364962075e+01 5.129329975030665167e+01 4.166790194671953884e+01 6.160036841544211228e+01 5.063794212339685430e+01 6.731277283030290448e+01 7.847163113318192984e+01 6.180312802451127396e+01 7.021829281162962388e+01 9.013681328673881410e+01 8.542125268200553023e+01 7.284982042932445268e+01 5.545648842363505793e+01 5.458717416517033172e+01 3.271239272770878870e+01 4.289459330886078448e+01 2.374274322627021405e+01 3.997174427621568782e+01 3.230983898623760098e+01 3.646744590716133416e+01 1.754560773422781850e+01 3.537723147977431637e+01 3.690297852984521398e+01 3.199771465698595918e+01 4.450969296183366453e+01 2.700796600943415271e+01 4.471825300821885918e+01
3.327314952832964925e-03 8.168293124230164182e+00 1.711256503422947972e+01 2.865957041802219862e+01 4.865957041802290206e+01 6.182876335808305157e+01 6.364188452831964327e+01 4.917448107675025426e+01 2.913763047873051093e+01 4.917448130488082114e+01 6.372306309632491406e+01 5.495622472594520502e+01 3.500002615736818967e+01 4.784112516778724711e+01 3.910157766495628096e+01 5.529146895114277527e+01 6.082531280273398266e+01 5.029273608649194927e+01 6.438606399538495850e+01 8.429853871867055659e+01 9.649810078109720735e+01 8.614168209714080149e+01 7.030452922785850944e+01 4.807689368172780320e+01 5.458717416517055909e+01 4.912754616875884039e+01 2.715492793395348770e+01 4.912754616852291178e+01 5.434087435993477300e+01 4.659533902817921813e+01 3.862561508779576513e+01 2.073852175530267772e+01 4.005483199543041195e+01 4.585006870412441060e+01 5.356833512423988708e+01 4.761087536094871098e+01 3.610118621190602539e+01
6.779948344387334673e-03 1.414891557207521267e+01 3.414891557207450035e+01 4.539683628169238006e+01 5.694384166548510251e+01 5.727672052822926929e+01 4.917727359021833422e+01 3.539939627522284837e+01 2.203615102349656851e+01 3.540565961418754171e+01 5.404222685714128716e+01 4.986802764537669219e+01 2.963474483875303633e+01 2.782825121014450076e+01 3.013850491256624764e+01 3.531982143688439635e+01 4.087292049831321350e+01 5.499051230717464023e+01 7.491176729285490410e+01 9.067147393131692468e+01 7.657873082147436605e+01 9.067147393131692468e+01 7.904415190629833887e+01 7.030451121446323270e+01 5.728961547053021519e+01 3.420378598262306724e+01 4.912754616875889013e+01 5.835511989232198005e+01 6.581281201376265244e+01 4.859494478002604012e+01 2.935358427807535264e+01 2.319301126625062537e+01 4.305295454274745737e+01 5.354853520535147027e+01 6.507202535943797272e+01 5.099230505752586140e+01 5.099230521899757207e+01
9.516927588586143695e-04 1.154795707655147652e+01 2.569009270028267977e+01 4.569009270028338676e+01 4.924905520866158781e+01 4.061693430594795018e+01 2.926022908664273459e+01 3.291080751295405094e+01 1.537012062150460423e+01 3.540564823189698274e+01 3.401379764357704971e+01 4.177645548221419602e+01 2.459927738227156979e+01 4.465649168017782955e+01 5.013485372132806361e+01 3.400288017520027495e+01 5.397928814508094320e+01 6.125155118839752788e+01 6.462209103379294106e+01 7.092134913539592844e+01 6.250889206215855864e+01 8.241297920568432289e+01 8.014232335318649803e+01 5.767108193128846949e+01 4.399987261802580463e+01 5.060541639281436233e+01 6.640507684834186364e+01 7.154907425629656359e+01 5.193602185013192951e+01 3.841253082862194645e+01 4.287371980173186614e+01 4.316919337728688788e+01 2.668792928842258050e+01 3.814989477129576301e+01 5.808702944825530778e+01 6.277348660165726812e+01 7.117493808317269099e+01
1.945935296826602993e-03 1.414408155902790121e+01 3.414408155902860642e+01 4.461331785823247742e+01 3.629941081354647991e+01 2.049610642077809075e+01 3.057943534660376628e+01 1.290710637115630988e+01 3.294873459610517585e+01 1.796059831142131813e+01 1.981221286726568209e+01 2.170617762235489323e+01 4.177645548304310097e+01 5.294305709188682840e+01 6.223461176469000122e+01 5.397498346263681412e+01 3.801007289618279827e+01 4.130051067256713537e+01 4.468170741816958724e+01 5.100134072412722475e+01 6.509075554975038358e+01 8.499761505916335125e+01 8.877079371961023924e+01 7.607495728515243627e+01 5.767108193977106367e+01 6.310432140685742297e+01 8.218893075084622524e+01 7.154907425629656359e+01 5.193602185013192241e+01 5.768055190013045319e+01 6.221941182392560421e+01 4.831022140369947948e+01 2.907828953403188521e+01 4.831022140366859929e+01 6.466406668176685457e+01 8.265139050576155455e+01 9.084414553322045549e+01
5.600688922766023682e-03 2.000560068892241006e+01 3.557459877896524603e+01 2.241271228091589407e+01 7.180588607003195456e+00 8.743479732232623647e+00 1.047128319491523030e+01 3.060309707794352718e+01 2.361942218747304878e+01 3.801673735557857725e+01 3.987995750720812538e+01 3.591215099048318393e+01 3.070333101351445038e+01 4.487550991054240512e+01 6.489395264265655783e+01 5.797125591359451846e+01 5.797162048485905217e+01 4.743501067652517378e+01 6.462209103379294106e+01 5.070764835851411334e+01 7.062843499518923807e+01 8.534033547569988798e+01 9.424544211054075049e+01 8.877371842270443381e+01 8.014239431629387411e+01 8.524882304126835209e+01 9.376866317525512784e+01 7.983375958494080749e+01 7.154907425629656359e+01 7.400706541970734520e+01 5.450701319356180363e+01 5.048723742650338409e+01 3.138404639354002512e+01 3.742659188396414294e+01 5.652740049437952763e+01 7.508111744894709716e+01 8.494109835502786154e+01
8.215197286175309616e-03 2.000821519728582132e+01 2.036403346044362195e+01 5.212454868413558984e+00 8.214288538662433581e+00 2.097142157312903166e+01 3.060310031125576913e+01 3.060311427251337335e+01 3.779764900856412879e+01 3.779761931063717384e+01 5.781324540876159546e+01 5.593422781504816044e+01 4.227883041308596290e+01 4.487539572025743695e+01 6.489050616667124416e+01 7.789356229906292128e+01 7.440939449434698361e+01 5.449397485396670504e+01 7.440939449434698361e+01 7.062843499518923807e+01 5.718217572294174289e+01 6.608579935321760956e+01 7.756651753703857821e+01 9.748623452818817725e+01 9.787566975804013225e+01 8.787122958132322026e+01 7.958800864144888010e+01 7.259584353731187889e+01 6.642117832166776736e+01 6.247873564472032371e+01 5.450701319356179653e+01 3.543954253297879831e+01 3.568093151734586854e+01 5.475153958528591147e+01 4.752019167468411354e+01 5.705286091078950506e+01 7.668846289925244264e+01
2.613274238814250559e-03 1.514471166275721759e+00 3.030667253433525499e+00 1.270693080650516116e+01 2.017897624585847538e+01 3.507594642753817027e+01 4.918032956480563911e+01 5.063501845377947319e+01 5.781610226174558420e+01 5.781324549482385322e+01 6.602770479991053776e+01 7.056634718530300177e+01 6.229059203569120484e+01 6.489084839114234171e+01 7.323814985780042264e+01 8.909054618885514287e+01 8.266447047156577810e+01 6.599501070532787139e+01 8.266447047156577810e+01 8.534157779571701496e+01 6.608579935321793641e+01 6.867359147196405900e+01 8.857787500871836528e+01 1.057540830161425731e+02 8.959717748858463438e+01 6.957883979431322530e+01 5.981117920020403034e+01 5.306983766686137471e+01 4.710723252428128660e+01 4.327499345903908790e+01 3.966029684527861576e+01 5.450701319356179653e+01 5.475156099435923807e+01 4.214473554076482031e+01 6.133312390588537255e+01 7.508111744894709716e+01 8.494109835502786154e+01
7.532853315450405325e-03 2.000753285331509446e+01 2.303065496031087989e+01 2.674346502626185895e+01 3.489526595663642183e+01 4.732576947764353292e+01 4.509607428682514296e+01 4.469204207069827106e+01 5.307943280982087231e+01 4.850126422835258921e+01 5.665541732343336179e+01 6.547177074403739994e+01 7.703550571019268034e+01 8.434602107074242383e+01 8.307914693814814200e+01 6.871556222040348416e+01 8.307914693814814200e+01 8.590365650733903635e+01 9.416469656784052233e+01 9.424687496173308432e+01 7.756651753805049054e+01 8.857788990107242455e+01 8.491970873079371529e+01 1.048549686077357279e+02 9.787566975804013225e+01 8.787122958132322026e+01 6.893913040694063454e+01 5.517814101008882233e+01 6.642117832166776736e+01 6.247873564472032371e+01 4.508340781532422170e+01 6.434263322537474039e+01 6.779005423460415614e+01 4.841926324844779117e+01 5.308421951385568605e+01 6.422598051878138392e+01 8.404228638498165083e+01
6.101047412966256744e-03 2.000610104741260997e+01 2.334740071622916346e+01 2.520475687166815248e+01 2.708118594309718219e+01 2.898166188901195994e+01 2.503194988611751270e+01 2.445144173428296241e+01 3.498712595584304097e+01 2.859841692455783857e+01 3.707682477596345194e+01 4.850422679304376317e+01 6.276426590842351771e+01 6.389741743722248657e+01 6.389741743722247236e+01 5.412035310082964656e+01 7.357803431878980405e+01 8.197574002396213189e+01 8.105090723008494535e+01 8.942133573913645250e+01 9.748625105506667410e+01 1.057546193295230097e+02 1.048549729796428664e+02 1.042489200657053061e+02 9.607814501046357236e+01 9.715135008367457203e+01 8.179202120338007376e+01 6.195626431754377705e+01 8.179202120338007376e+01 7.049491789111196738e+01 5.103968553365470484e+01 7.049491789111196738e+01 7.520400636300107067e+01 5.558853279912472090e+01 7.260133685878697918e+01 8.084457545278701218e+01 9.230971000565109819e+01
6.842009524227352091e-03 1.489340642846431306e+00 3.330489878643081436e+00 5.187443260413608037e+00 7.060614883577003731e+00 8.958930875082042888e+00 1.088343177238131609e+01 1.289350740290612940e+01 1.495634989548578098e+01 1.705291956940617837e+01 3.708708895029098329e+01 3.431247811166873163e+01 4.736424022125541455e+01 5.044651516155989412e+01 4.339026265269737337e+01 4.497452245926874781e+01 5.296308196388349643e+01 6.656626381242740820e+01 6.056652806269559619e+01 8.105090723008494535e+01 9.104974447341463417e+01 1.027311738819273046e+02 9.800011654486128521e+01 8.983407838748166796e+01 7.640904877703599141e+01 9.288316023500375707e+01 9.007489888789565669e+01 7.332110291546004532e+01 9.007489888789565669e+01 7.874084043296949176e+01 5.957720128222510425e+01 7.874084043296949176e+01 8.346689960943004394e+01 6.678927580036453548e+01 8.346689960943004394e+01 8.728022977306977737e+01 9.555360305791695907e+01
1.934550753332892102e-03 1.963084711095549295e+01 5.052823868423913289e+00 2.503036111112687578e+01 2.708118594309703298e+01 2.898166188901195994e+01 1.904862361050078334e+01 3.292147510870895388e+01 3.498712627465173597e+01 3.708708895029098329e+01 2.015752173345515885e+01 4.019797271650200798e+01 2.767560270199965444e+01 3.071032578486444820e+01 3.370292601762152884e+01 3.724803684382243318e+01 4.105431843666946889e+01 4.581857231015627008e+01 5.375199445903902529e+01 6.227010180761782721e+01 7.411763236472990002e+01 9.439577596963650308e+01 8.983407838748166796e+01 7.003206679584704375e+01 6.484299997574831309e+01 8.401495613846402932e+01 9.444812478538484868e+01 9.336351077806104115e+01 1.016333083598153451e+02 8.760355011348829635e+01 7.346927580438965322e+01 8.760355011348829635e+01 9.497275806210345195e+01 8.669874207756394924e+01 8.401898823593707277e+01 6.729968236452219799e+01 8.401898823593707277e+01
4.364784840791047053e-03 1.954089933119300682e+01 2.500835896073126818e+01 8.704307586150703102e+00 2.792716714270542511e+01 4.021028959299465555e+01 3.909074930763024014e+01 3.320532547637233023e+01 5.329941934136694925e+01 4.814797784122850288e+01 2.098143604507831839e+01 2.326296345831887535e+01 2.741803832589468115e+01 4.750557237786497922e+01 5.364421985257053649e+01 5.755165250921652387e+01 5.296308196388349643e+01 6.656626381242740820e+01 6.056652806269559619e+01 8.105090723008494535e+01 9.104974447341463417e+01 9.036249809288314339e+01 8.233129533947973755e+01 7.583194170990225302e+01 5.561690766864786895e+01 6.633779069460592837e+01 8.627508638355492110e+01 9.752643114255985779e+01 1.005385813205182046e+02 9.226697147741525384e+01 9.347062778793498694e+01 8.956107409395883678e+01 8.128675827643019147e+01 8.956107409395883678e+01 7.574445534818889314e+01 5.573202855065868988e+01 7.574445534818889314e+01
5.219006137575642711e-03 2.000521865829522028e+01 3.663540506739305869e+01 2.788928135687711674e+01 1.248395249024363807e+01 3.245373049901588303e+01 4.470766547121385059e+01 5.329941934136694925e+01 6.164804748184477035e+01 6.227586830733681467e+01 5.128673436239953531e+01 3.343798890420204373e+01 4.750557237786497922e+01 3.347498132707112006e+01 4.765792342928621395e+01 6.781587958756361445e+01 7.357803431878980405e+01 8.197574002396279980e+01 8.105090723008494535e+01 8.942133573913663724e+01 9.593189869531562408e+01 7.669774097303560723e+01 6.297657477834324169e+01 6.975771986131243807e+01 4.959808070343806463e+01 6.999636357401580256e+01 6.954292283930223562e+01 8.936011440866450073e+01 9.226697147741525384e+01 7.229401732194178010e+01 7.814396015375196214e+01 7.956630197213186761e+01 6.129158951892661378e+01 7.956630197213186761e+01 6.866899399992232134e+01 4.864994715965823247e+01 6.866899399983928731e+01
