LEM/sinusoidal_perturbations/elevation_000482.asc
nrows	100
cellsize	150.0
xllcorner	0
ncols	100
yllcorner	0
NODATA_value	-9999
[rows 0 to 16 of 100, columns 0 to 36 of 100]
8.271705653423140972e-03 2.000827170565306901e+01 3.929684667686625232e+01 5.355107821231858622e+01 4.555944471582274957e+01 5.065223362243644800e+01 4.833552884710974240e+01 5.709067351257420597e+01 6.607695162119715349e+01 5.776164078695323667e+01 6.036201200655006716e+01 6.867994861629136949e+01 7.858836892595959966e+01 7.021677310521616278e+01 7.858836892595959966e+01 7.911416353385514810e+01 7.063718880929693000e+01 7.911416353385514810e+01 9.003470877553553464e+01 8.167982772591565777e+01 8.110487303069211862e+01 8.548545192037802565e+01 9.035659829327468628e+01 8.470940772408924602e+01 9.140199980968158400e+01 9.977437226634171452e+01 1.098571094389854039e+02 1.187452295845442762e+02 1.104985511039160997e+02 1.187452295845442762e+02 1.199352765021987892e+02 1.116896375787268880e+02 1.189503987437339561e+02 1.107074483720925855e+02 1.118003102047938029e+02 1.200450208272182522e+02 1.341003051565371891e+02
7.813061968023241044e-03 1.151743077083466282e+01 3.117821085891905497e+01 4.231147417891081375e+01 2.601980362975782413e+01 3.219228584986161223e+01 2.856879927232046157e+01 4.568818048849860958e+01 5.451110220467968759e+01 3.774652210886266346e+01 4.034225579306796305e+01 6.036201200655006716e+01 6.851273104045655771e+01 5.009016143148244282e+01 6.851273104045655771e+01 6.858793953716117642e+01 4.934150606045167109e+01 6.858793953716117642e+01 7.843134009688044728e+01 6.161237621543845933e+01 6.103578498025446208e+01 6.541111614864065871e+01 7.027234790101209683e+01 6.464728247176454090e+01 7.132422355290437110e+01 8.133882212821251301e+01 1.014651774911506692e+02 1.088106472765612267e+02 9.064598751162132828e+01 1.088106472765612267e+02 1.084666299056914482e+02 9.184294430044884905e+01 1.074820486107612680e+02 9.085879272637143345e+01 9.195307872643336111e+01 1.059891631483966421e+02 1.144622835046890401e+02
2.526786264046545528e-03 2.000252678429770015e+01 3.382364104790126902e+01 2.527148147291461200e+01 1.452854211344289403e+01 1.839638507698299108e+01 1.713448596601137197e+01 3.607825475362542278e+01 3.726172307106632076e+01 2.620610417840568118e+01 4.620590663029536671e+01 5.034136052368626224e+01 5.580263332815967914e+01 4.003023611917415536e+01 4.939714777191112915e+01 4.943997712217548468e+01 3.889060680947618920e+01 5.998934743487427568e+01 6.945189456030790609e+01 5.003584007587863169e+01 4.685592799833758448e+01 5.123342276253125505e+01 5.609954365222285588e+01 7.615488884890262966e+01 9.140199980968158400e+01 9.977437226634171452e+01 1.098571094389827607e+02 1.005722693077687495e+02 8.074389118695360423e+01 1.005722693077687495e+02 9.959585131248441314e+01 8.041476493209340504e+01 9.115989015955746311e+01 7.943651432993186745e+01 9.924782169198334714e+01 1.086501017975473928e+02 9.458776544426997646e+01
4.163169627051843593e-04 1.999861233222052093e+01 2.250858780661228309e+01 4.308017589226375677e+00 5.588386393230184268e+00 6.887526015001598445e+00 8.203429465623701233e+00 2.819995919936361517e+01 1.726527949760698988e+01 3.292913079315816560e+01 3.444430258430468683e+01 3.024722189508556625e+01 3.604550126601527182e+01 4.931772704602456514e+01 2.928240060245550325e+01 3.001380208708760833e+01 4.943997712217360174e+01 6.443451633021413727e+01 5.611006847069203474e+01 4.106931968694586743e+01 6.112365140152277121e+01 7.129075313511165746e+01 7.615488878211819213e+01 8.449925479451550814e+01 9.638321779064561667e+01 1.064448749237484009e+02 1.063975888100465852e+02 9.396280992127852016e+01 7.423057307050073916e+01 9.396280993416365845e+01 9.136898979648871943e+01 7.168700243091716118e+01 7.148170398157878935e+01 9.115989015955746311e+01 1.074820486107612680e+02 9.977307629228968722e+01 8.057894030975216992e+01
5.883922493566802643e-03 1.255883922493568061e+00 2.508332504663869589e+00 1.913522032027410802e+01 2.535994177002165273e+01 2.200032777464965861e+01 2.819995934900317636e+01 1.010174640393800161e+01 1.149184442010349905e+01 1.293148125885710442e+01 1.438244689486389660e+01 1.606679019095586725e+01 3.576679309583980171e+01 4.027354142573011586e+01 2.297608085270617195e+01 2.508128884855769414e+01 4.510340338019264550e+01 5.138518885325948560e+01 3.606410197178099963e+01 5.611006847069203474e+01 6.582217544847215152e+01 7.042280252484958680e+01 6.039655501950166183e+01 6.797104812164187138e+01 7.798621165210856532e+01 9.807578556127613467e+01 9.815555527553408410e+01 7.837846477790485267e+01 6.865870216327323305e+01 8.173068293768417902e+01 8.440986266115729109e+01 6.489466676858141625e+01 8.441035642977681164e+01 9.115935213391487935e+01 1.109917349510168947e+02 9.154064856643573478e+01 7.189022387304022743e+01
1.256007409845548732e-03 2.000125448581083631e+01 2.250915463663233140e+01 1.693402009797281238e+01 3.429193610881366538e+01 4.364299013235031310e+01 3.544141522744843797e+01 1.544697967478441036e+01 3.144255154564950416e+01 3.292598945374891883e+01 2.134572070724404824e+01 1.890666124939379245e+01 1.850131523123247845e+01 2.034336060393319912e+01 4.032308032789557473e+01 4.510340338019264550e+01 2.814242572336238268e+01 3.134712581859359304e+01 5.138518885325948560e+01 5.963310885362629676e+01 4.576730755334870793e+01 5.036913400894066939e+01 5.746161484690414056e+01 7.751151144952783056e+01 9.638321645012929650e+01 1.064448748529409414e+02 1.063846421514398344e+02 9.645772599303055017e+01 8.173037514188054331e+01 6.227714932268716552e+01 7.586361299547671422e+01 6.129320152100244457e+01 7.495501925389335440e+01 9.465175552743770027e+01 9.912368738113660527e+01 8.532663769720183211e+01 6.585363067431444506e+01
9.594114293757748102e-03 1.415188110895184082e+01 3.415765583799869631e+01 3.692116493025402946e+01 4.493174806441943048e+01 4.438341116371451989e+01 2.438852972104626815e+01 3.544143169283229611e+01 4.356461810468132967e+01 3.199151036717087848e+01 3.967645292231791387e+01 2.213988357286667963e+01 3.862897628865454180e+01 2.169488176940345880e+01 2.634661991759076471e+01 4.680643506671287923e+01 4.817653081254442782e+01 3.240920845370511216e+01 3.549711892639588484e+01 3.958249561549971673e+01 5.963310885362626834e+01 7.042280252484955838e+01 7.751151144952783056e+01 7.013585233980690248e+01 8.431024769180581302e+01 1.044301985667485013e+02 9.850699224872809623e+01 9.021999649475546335e+01 8.984108501732811192e+01 7.586475704311871482e+01 5.653624486128426696e+01 7.586454017358616397e+01 8.891498972848387439e+01 9.647754417614022771e+01 9.090796178271554595e+01 7.134231523155735033e+01 6.058753439602934066e+01
7.711341127313004785e-03 2.000771134112695648e+01 3.736675552289133151e+01 4.565081944671920411e+01 5.719767590325177054e+01 5.145416406627850137e+01 3.145505476452153104e+01 5.145416406627850137e+01 4.669716168183065719e+01 4.466448322255777725e+01 4.507670358584947934e+01 2.539879778490078266e+01 4.507670358585238546e+01 5.357220967468182948e+01 4.680643506671287923e+01 3.399646938604074364e+01 5.417435837592486081e+01 5.244748733646277827e+01 5.554029388203657902e+01 4.257756882481296401e+01 5.675499401007837719e+01 7.681550751908248742e+01 8.711710552397600793e+01 9.020324486593632685e+01 9.855900120058453240e+01 9.703609827844432800e+01 8.824352016073645188e+01 7.061567060937137796e+01 7.420965285552092894e+01 6.979613531488583078e+01 5.403794572076068903e+01 7.332697547686106532e+01 9.085744061675787009e+01 7.710874021255511934e+01 9.085744061675787009e+01 7.493267859359903582e+01 5.568210267805066849e+01
2.297228869525369630e-04 2.000022972288659773e+01 1.736676407309598957e+01 2.891376945158542711e+01 4.891374923413120257e+01 5.973860503033912295e+01 4.299726060624736590e+01 5.973860503033912295e+01 5.983660179347222652e+01 6.337791433723700152e+01 4.845266009247612260e+01 2.876762010217076693e+01 4.261851683129880541e+01 6.253752787843909289e+01 6.250657963438252551e+01 4.568272987245514116e+01 4.355233756248563992e+01 6.364713827791432266e+01 7.095684054819960807e+01 6.263058631093799988e+01 5.112725497686361109e+01 5.870694195761295475e+01 7.027739097562455584e+01 9.035800854764481471e+01 1.002380707633565038e+02 8.048096210661552163e+01 6.922854567907731393e+01 6.064207668361278536e+01 5.489099319667322874e+01 5.054983882347885071e+01 6.980524448294224271e+01 7.611745805655317554e+01 8.222073429854427218e+01 6.354577717171412132e+01 8.222073429932791555e+01 8.256748665099300410e+01 6.316085251605755957e+01
9.647730019007896146e-03 6.676314396685645747e+00 2.667631041667099367e+01 4.565081944671920411e+01 4.851943220832676928e+01 5.681082760425825740e+01 6.300650903009533010e+01 7.128842420460016172e+01 7.913494817667439918e+01 6.358127627331401754e+01 4.361989021459822879e+01 3.231716634860704573e+01 5.205656467046149061e+01 6.701801325875425164e+01 7.411332277594117102e+01 6.577413865424209405e+01 6.364713827791432266e+01 5.516188860376849590e+01 7.523820489025119684e+01 7.952431568255451566e+01 6.530474524025740379e+01 7.876440315082304267e+01 8.711743126743159849e+01 9.873680224729687893e+01 1.084574527614698667e+02 9.613475927240324381e+01 7.645327779904307874e+01 8.006488723085145409e+01 6.737931596816481772e+01 4.810676014720500149e+01 6.438423032107695576e+01 5.671567204759890046e+01 6.519637333042315674e+01 5.498145495510043901e+01 7.417915122962271823e+01 8.029693600543710374e+01 6.092202250456439572e+01
3.582433992925927561e-03 2.000194281676479235e+01 2.792370624191500994e+01 3.218843054977247675e+01 2.851812168232483202e+01 4.253388509654899963e+01 4.856433211783935633e+01 5.563579922555671686e+01 6.392809049690608703e+01 7.191664538768833381e+01 5.958378292884869865e+01 3.966863595985152102e+01 3.878974547036524712e+01 5.868997426951953145e+01 7.459927642938338010e+01 8.358876062197116141e+01 8.358903430589374750e+01 6.935159803536296863e+01 8.358903430674341450e+01 9.076979193546388558e+01 8.541140030832804086e+01 8.691777404614208535e+01 8.693467016740318343e+01 9.540610493494727962e+01 9.704323722975954070e+01 8.859407647587762824e+01 9.613475927240324381e+01 8.548715757374279178e+01 6.597497457749905436e+01 5.728688306815016773e+01 4.502800567528793607e+01 4.291533418659138732e+01 4.581953567091691326e+01 6.488572710057489701e+01 7.817624796400558296e+01 6.961422196004173202e+01 6.153260795521887871e+01
1.813270376062421294e-03 3.924135973139751155e+00 7.924135973139767586e+00 1.218815030025201374e+01 1.718815030025210078e+01 2.253337513850110341e+01 2.856360203010283527e+01 3.563466984633839019e+01 4.718168407022877631e+01 6.718433529425368533e+01 6.791325866912387710e+01 4.956204644740279264e+01 5.868997426951953145e+01 4.623274117031424169e+01 5.516156674227056556e+01 6.934980054147503381e+01 8.945187112325342582e+01 8.944973099568066743e+01 8.465476412152290209e+01 7.005628296777427977e+01 8.077381054467656440e+01 6.620148739795932613e+01 6.620186895134297345e+01 8.693468477991704901e+01 8.535222156168697438e+01 6.840890747866707500e+01 8.535224884806038403e+01 8.777240646603314644e+01 6.830186638796772058e+01 5.475868383360961644e+01 6.438423031970464194e+01 5.961517251116794824e+01 3.989366031854397932e+01 5.276233250719559464e+01 6.601043305799093730e+01 5.869700630611582426e+01 4.198780040466705543e+01
2.372884694381488524e-03 2.000237288469402586e+01 2.792435647326171377e+01 3.218843054977247675e+01 3.718852396627922019e+01 4.253388509654899963e+01 4.856433211783935633e+01 5.563579922555671686e+01 6.392809049690608703e+01 7.548140193636645279e+01 7.794986990363970847e+01 6.372063603558333966e+01 7.384676205101564506e+01 5.377223298523463768e+01 7.384676205101564506e+01 8.358876323251421070e+01 8.838183799137502206e+01 8.947227967953288896e+01 7.612146290669014093e+01 5.536932450339408263e+01 6.299620040477784499e+01 5.152560365778325746e+01 7.227422905763837946e+01 8.038223602407414603e+01 7.199534125319350153e+01 5.695217225714648634e+01 7.693997849121980437e+01 9.008647872727409833e+01 7.053960227656648385e+01 6.840861153254753901e+01 7.152508947158544572e+01 5.206793084049221676e+01 3.785212036461891927e+01 5.518385208095821781e+01 5.600085786077212191e+01 3.889684098357245290e+01 4.542461958194227378e+01
8.175220331382775790e-03 2.000817522033102591e+01 2.547791427351922167e+01 3.376169780324682534e+01 3.387350262530812017e+01 4.215626714242462469e+01 5.348948148684101511e+01 6.591849182834700116e+01 6.813502112634442653e+01 7.037347315762235667e+01 7.876764605682055276e+01 8.381288496089607065e+01 8.219581428549354030e+01 6.796011611740026126e+01 8.219581428549354030e+01 8.271105990871444646e+01 6.867711723754406705e+01 7.558949942045660464e+01 6.170671916138016400e+01 6.299620040477774552e+01 4.239615859602038483e+01 6.299620040477784499e+01 8.080547362892569652e+01 6.882007668123173971e+01 5.206469538566060606e+01 4.949113516063359697e+01 6.349993801131882520e+01 8.359349460789380259e+01 9.008647872727409833e+01 8.793077537111797426e+01 7.328057794828659155e+01 5.314576680151314036e+01 4.250576694443423520e+01 3.499814607830036550e+01 3.594060448908941652e+01 5.029772022797117614e+01 6.482132613505822860e+01
9.124702163186202558e-03 2.730779971922267180e+00 5.477991250896035780e+00 2.547791305649576898e+01 1.387378508367206464e+01 2.724531845496854388e+01 3.678427060963500139e+01 4.810602801230626824e+01 4.701162766958795913e+01 4.933854516477366303e+01 6.690544836991850275e+01 7.529989743657762347e+01 8.552162197729340676e+01 8.805838249771952064e+01 8.838183799840982147e+01 6.867711723754433706e+01 5.523518756613859182e+01 6.335568734063092933e+01 4.831360957466620221e+01 5.827046203645577549e+01 3.773969714223104432e+01 5.220775623748526328e+01 7.290712860100843784e+01 6.048828359221994333e+01 4.059706227069608531e+01 6.048828359221245421e+01 7.093584104041575245e+01 8.095778496593337081e+01 8.969150723926455271e+01 8.151265635355757411e+01 8.152296771738767234e+01 6.764549851238894007e+01 4.997983533939034828e+01 3.305619375626371692e+01 5.336306467842882739e+01 6.409569153259468521e+01 7.789371578174484512e+01
2.239863785106879172e-03 2.000223981921852712e+01 2.547791427347338100e+01 9.560474155534631535e+00 2.956031317209777143e+01 1.846277798808903015e+01 2.206576607374937637e+01 2.654818843607808532e+01 3.145861137599586499e+01 3.785249233375096622e+01 4.575141391979002492e+01 5.661021902462727695e+01 7.720067771520976407e+01 8.324485065221101365e+01 7.515243763885193573e+01 7.700531215848694444e+01 5.770182761977049068e+01 4.431422209637618437e+01 3.864547300303340194e+01 5.126874220592539189e+01 3.347919814124106352e+01 5.398968408201857727e+01 6.828588278168932391e+01 5.566394062629582606e+01 3.568510182079766224e+01 4.265296390157086392e+01 5.261144692454818994e+01 7.257386602137614773e+01 8.151265635355757411e+01 6.201866340110395015e+01 6.772832174447484022e+01 6.157546561481702696e+01 5.205226083527978176e+01 3.169419652165113632e+01 5.205226235930314971e+01 6.236216704023794222e+01 6.390073392317531642e+01
1.766589122093755728e-03 2.000176658912173977e+01 3.723182253244198847e+01 2.956031399066714016e+01 2.956031637225202502e+01 3.851116394103058127e+01 2.944815647256803359e+01 3.228274928017309264e+01 5.128038279293151902e+01 5.942636776534866527e+01 5.942636776534867948e+01 7.529989743657762347e+01 8.552162197741763805e+01 7.190256269442866710e+01 5.546203264316798709e+01 7.190256269442859605e+01 7.149408175959391087e+01 6.335568734063092933e+01 4.564381173873744757e+01 3.174277753898617860e+01 2.937881684794682258e+01 5.037242068376942683e+01 5.411717102726661466e+01 3.994845927256803009e+01 3.099840843709414884e+01 4.265296390157083550e+01 6.259265647226803253e+01 8.095778496572019378e+01 8.151265635355760253e+01 6.201866340110394304e+01 4.827128259127897536e+01 4.187358299736646927e+01 3.603767351659632112e+01 3.037448310796195372e+01 4.415283890490529473e+01 4.647818031404177930e+01 4.304366100725269462e+01
