LEM/sinusoidal_perturbations/elevation_000872.asc
nrows	100
cellsize	150.0
xllcorner	0
ncols	100
yllcorner	0
NODATA_value	-9999
[rows 68 to 84 of 100, columns 0 to 36 of 100]
5.009162696260268353e-03 1.020467813520770228e+01 2.091776149020978792e+01 2.386408342426604179e+01 6.032777045652151671e+00 2.465854263725154372e+00 2.066081522698898354e+01 2.264442349382578001e+01 1.476062401902232679e+01 1.759636469945811399e+01 2.364270457445396190e+01 4.509186427499921379e+00 8.313003333405838191e+00 2.627497394776755968e+01 3.575065999697228136e+01 4.503498093013512715e+01 5.758205299999107751e+01 4.638648251045266591e+01 2.662329154126174302e+01 3.135775556206167991e+01 1.622052858571287004e+01 1.335615490115415582e+01 4.417877688404827552e+01 5.550437181212367221e+01 6.250923250347164384e+01 5.417495857139417836e+01 6.250923332054239268e+01 7.588384267727653310e+01 7.393558538647835121e+01 7.613342817908885252e+01 8.442755652869718119e+01 7.362828952864212795e+01 9.039710284365997950e+01 9.282896685260770653e+01 7.431985553441636227e+01 8.798610145942603822e+01 8.114556671973011248e+01
4.695337527364121070e-03 1.996384012094679861e+01 3.259169645516165303e+01 3.416717156090679453e+01 2.446452133360614312e+01 6.649736022791128853e+00 2.907907360897755478e+00 3.218152166646557344e+00 3.524438186664104133e+00 3.824283362955966492e+00 4.115414377762003362e+00 2.328027097620634933e+01 2.848256463693780560e+01 1.715673481144606072e+01 3.208556566174253533e+01 5.150281331044703848e+01 6.180746324565492245e+01 4.261375649845959401e+01 3.597157582085718985e+01 1.766700616897717779e+01 1.623609647080279927e+01 1.363557817164726949e+01 4.081867849097805845e+01 5.505695204198371329e+01 5.242672173562858973e+01 3.399158405355188250e+01 5.242475520025379865e+01 5.573641850333749659e+01 5.376885242878339710e+01 5.597672843801255027e+01 7.048885156822119313e+01 6.197777140664621243e+01 8.211520328257860513e+01 8.448588200248937596e+01 6.405841596042539265e+01 6.759435154342413909e+01 5.981626288200638442e+01
7.614146464036155443e-03 2.000761414646368053e+01 3.461117604552728722e+01 4.355545836643482716e+01 3.361533157598854160e+01 2.478459342225149342e+01 1.397733498757192372e+01 1.076840243411839282e+01 1.797087733061856341e+01 6.435451590401165767e+00 3.874086819729705589e+00 2.458617000195415159e+01 3.759460994623459129e+01 3.777274574297942422e+01 2.955586732491491375e+01 4.118917481528822577e+01 6.119376750920998376e+01 6.180746329299449116e+01 4.428975346225197995e+01 3.590584165572609265e+01 2.854367714531679212e+01 1.391516885646512591e+01 2.806221444618384808e+01 3.840477927137809644e+01 3.947501086133775772e+01 2.399633329241702029e+01 3.555230138246370331e+01 5.343524729961285402e+01 3.945502864259235309e+01 4.468942875688276928e+01 5.030830563082533047e+01 6.197777140664621243e+01 8.211520328257860513e+01 8.535509823222797365e+01 6.493687566016863855e+01 5.309188683938197073e+01 4.778902565812555281e+01
2.352828262072654761e-03 6.326908148598858084e+00 1.527118005859809280e+01 2.681818544239969526e+01 4.681818711634348773e+01 4.084784178756393658e+01 3.281577230550399804e+01 1.952106423576754324e+01 3.550145518382528564e+01 2.326067750013461222e+01 2.458651790942190019e+01 9.459364428897913513e+00 2.938075581870081265e+01 4.355089220106836478e+01 4.939209566665542184e+01 5.763766722603890003e+01 7.081029170737323852e+01 6.620777039036111944e+01 5.195928823261352392e+01 3.882131528220501338e+01 1.866059842440361649e+01 2.825970784149563286e+01 1.436110918112034796e+01 1.950145757621550047e+01 1.938632574213270843e+01 3.947501086133952697e+01 2.930995871425013277e+01 3.322472355945529188e+01 5.343536284841877659e+01 6.489177517251840754e+01 7.048885156822119313e+01 7.879495936831558822e+01 9.039710284356159775e+01 9.368823480218962629e+01 8.195257855416247139e+01 7.356695681356083583e+01 6.159401096605421344e+01
6.786455232800275850e-03 2.000678645523017352e+01 2.265683976933289401e+01 4.265684020182351333e+01 5.510257241492573854e+01 5.661008515911064620e+01 4.824794016466531588e+01 3.816230694083573383e+01 4.177723577551538625e+01 4.346618612626525646e+01 3.630717404198527731e+01 1.607075239917805121e+01 1.526124566768562296e+01 2.684997880361104095e+01 4.097107952490730298e+01 6.090303835052550596e+01 6.889097943581046479e+01 5.724515536381898073e+01 3.771082826776398633e+01 2.354739168292483242e+01 3.882131528217995253e+01 4.225280427992636589e+01 3.472058325081379593e+01 1.485627298107100636e+01 3.522581883561736760e+01 4.774263213494933922e+01 4.947180636119188080e+01 5.343536284842177508e+01 6.177212055243232669e+01 7.721767878825554021e+01 7.246314020665845135e+01 7.246314020665845135e+01 9.251859547563955743e+01 9.521410022383192029e+01 8.355784867376249281e+01 7.522088776788881148e+01 6.804333315330444520e+01
3.257643153035955173e-03 1.414539326688411158e+01 3.414539326692292320e+01 5.094113311608945338e+01 5.109821633038642830e+01 3.748829415752451411e+01 4.200589561282600926e+01 5.446876140567892577e+01 6.394532203249593039e+01 4.466250696873861870e+01 2.808273828577485176e+01 3.630717405912324125e+01 2.063749371537510413e+01 2.944124896077079612e+01 4.355655252357964002e+01 6.349117323935344359e+01 6.056878272292495069e+01 4.036465270480854173e+01 2.877854757407884279e+01 4.361875671363071660e+01 5.169429970148822662e+01 4.493254420365661161e+01 2.819949956185040563e+01 1.522656002627301852e+01 3.559149886196717461e+01 4.183079800094155587e+01 4.588513223222814474e+01 5.013731824889944733e+01 4.875352118487705155e+01 5.971534024574369681e+01 5.230709869031045400e+01 7.246314020665845135e+01 8.413534183903239239e+01 8.691222949821987243e+01 6.666223161263636143e+01 5.491969760665107003e+01 4.769709064723303271e+01
1.880098487986705483e-03 2.000148692420627938e+01 3.559281747962140230e+01 4.386095407452204142e+01 4.308893290021737243e+01 2.431247273081134352e+01 3.657147602201857239e+01 5.703572132497082237e+01 7.453147595336896813e+01 5.706298243984186769e+01 4.277093694461313333e+01 4.616054502938406756e+01 2.621478405376372933e+01 4.616053275063780603e+01 5.765956259083604607e+01 6.927476562922474557e+01 4.907998892444986438e+01 3.479332837333230088e+01 4.890392281830600751e+01 5.724515536610768862e+01 5.072124271678167418e+01 3.025955424407261063e+01 1.877488305474370023e+01 1.560864265014494734e+01 2.440073625191975637e+01 2.182528191396788841e+01 2.579941431556161291e+01 2.993057849756537081e+01 3.442751725439785560e+01 3.950139265160952107e+01 4.667243738661870367e+01 5.571244444480486635e+01 6.997595603261534336e+01 9.005917131903528627e+01 8.355784867376249281e+01 7.522088776788881148e+01 6.804333315330444520e+01
2.900726248362994839e-03 2.000155551405808296e+01 1.561790054447488707e+01 2.614554038186032869e+01 2.831388704473435780e+01 1.676228673449926987e+01 3.637619657350787605e+01 5.306266066109746049e+01 6.239992127768245211e+01 7.091239662161731871e+01 6.305398838580522636e+01 5.442450992770043428e+01 3.774185622106710980e+01 3.774185648442374230e+01 5.766126445469269868e+01 6.324952780572952094e+01 4.302976617377100155e+01 5.499490207673402864e+01 4.645450197842119877e+01 6.666130556951240749e+01 5.942507381630424845e+01 4.725806686752711983e+01 3.881435521287692580e+01 3.596897628980621420e+01 1.616695169268028565e+01 3.648014795375817698e+01 4.236445252000765294e+01 4.953140865461469389e+01 5.466185334721016886e+01 5.971534024574369681e+01 6.684874068735854280e+01 7.514723249237526659e+01 8.413534183903239239e+01 8.692516027149535773e+01 7.832881382691357430e+01 7.562035443417035196e+01 5.535083960611169118e+01
5.081304048347549951e-03 2.045463307375444906e+00 4.094286691262732703e+00 6.196093312910871731e+00 8.381506721051508180e+00 1.060486517482018698e+01 2.475844541265920995e+01 3.411168290073921128e+01 4.264612120501847414e+01 5.677925875491661145e+01 6.832002410956502558e+01 6.593452842415290149e+01 5.766076046424139179e+01 4.923431771923146272e+01 6.593964697318195078e+01 6.963727251495699022e+01 4.943608966264223170e+01 6.963793603831817336e+01 6.076206616061568155e+01 6.666130556951240749e+01 6.579991674375328614e+01 4.579106983227493544e+01 3.164591373149224651e+01 2.175641434115503614e+01 1.657057826530797939e+01 3.684769748650307974e+01 2.508984730723642187e+01 4.222222625412891261e+01 5.246654089459970294e+01 6.087772184856472535e+01 6.882607830659688375e+01 6.882607830659688375e+01 7.723918906980499344e+01 7.832881382691357430e+01 5.862384630183430545e+01 6.437968251334287118e+01 5.763724949932691999e+01
4.469920835086939326e-03 2.000446992083473319e+01 2.406070841506714686e+01 1.511152526348090142e+01 2.831388704589075189e+01 3.062319368644127238e+01 1.407182477601265447e+01 3.411168290071957188e+01 2.848658525288418630e+01 4.005175062298315680e+01 6.004251931671329601e+01 6.502492229916343547e+01 7.329543207559316897e+01 6.917446820880830671e+01 7.748058396148785221e+01 7.725988108533644549e+01 5.709399945413394306e+01 7.725988108533644549e+01 8.090332935815685289e+01 8.676726040857253963e+01 6.709978119614794423e+01 5.545234911836760006e+01 4.173751630046039907e+01 2.176770828697913984e+01 2.213302047056678390e+01 1.715058108383573554e+01 1.756004319065666408e+01 3.656966425688062827e+01 3.209806612581761698e+01 5.213086627848738885e+01 4.869339233832965164e+01 4.869339233832965164e+01 6.882607830659688375e+01 7.136381406803226923e+01 6.439529766686924006e+01 4.540076147311689425e+01 3.912979785573740799e+01
2.324776005098761877e-03 1.414446039973534219e+01 3.414446038797215266e+01 2.663151088651407505e+01 4.334852953802931097e+01 4.238855661581073520e+01 2.824700577705837290e+01 1.775541711821460567e+01 3.780276764070595874e+01 4.531772476489337720e+01 5.238714070122766486e+01 4.504269094952729091e+01 5.917353731153230711e+01 7.915081837491025851e+01 8.755901751302063474e+01 8.554071928290798610e+01 7.137820983660850516e+01 8.554071928290798610e+01 8.134226637070135268e+01 7.303499246447969995e+01 5.877136996587957896e+01 3.856951579186132761e+01 2.701400521996835025e+01 4.173751630046039907e+01 4.142305492033617043e+01 3.736471358524646291e+01 3.767730739226899317e+01 1.813110702766040561e+01 2.066774437546318310e+01 4.413301919055678013e+01 3.467352701637329915e+01 5.459010760123418748e+01 6.517249139375124400e+01 5.013739292320470753e+01 6.517249235042557132e+01 6.437968251334287118e+01 5.178577018703722956e+01
8.699724428260374037e-03 2.000869972442028910e+01 3.828652205364872430e+01 4.660418716515334836e+01 5.488156641171052286e+01 5.636282045120120898e+01 3.779289689363767479e+01 2.934439038742253558e+01 2.199107688863772125e+01 2.529801112323351120e+01 3.239167610933871089e+01 5.238715630219182628e+01 5.961653940328362467e+01 5.930652145359956506e+01 7.147611763097275173e+01 7.975042860458471239e+01 9.145873502886091444e+01 8.725820866719027435e+01 6.714424880274515317e+01 5.286392207758634498e+01 5.334244885729103203e+01 3.313999951313253689e+01 4.710782402038059047e+01 5.545234911836760006e+01 5.457610790494462094e+01 4.214175520872690583e+01 2.209133879012083312e+01 2.250546540529385098e+01 1.869715463203137773e+01 2.487048213900751037e+01 4.238271142567377581e+01 5.172062959541968752e+01 4.538004766222834974e+01 3.671190423078930820e+01 5.632333174772765005e+01 5.611700891739463515e+01 4.763751989991236968e+01
2.249585233037712084e-03 1.000224958523312502e+01 2.414438520896551310e+01 4.414438522296732970e+01 5.987048923423612479e+01 6.588740571285865144e+01 5.751743356486540648e+01 4.933774157905489943e+01 2.958227743240382424e+01 4.531772476489337720e+01 3.086601439774436173e+01 3.504377468157087350e+01 3.963334983633324526e+01 4.517754899197091589e+01 5.149699810213948581e+01 6.562455856289874134e+01 8.560303089414703948e+01 8.872967777350480389e+01 7.867720607803813948e+01 6.027755866926856498e+01 4.005846765485356542e+01 5.334244885729103203e+01 6.168065328841238681e+01 5.889862617206077289e+01 4.621857635208567672e+01 2.605825359486598458e+01 4.214175565808586299e+01 4.471965090381983288e+01 3.083157527440073054e+01 1.925486234671424057e+01 3.927769763789454061e+01 4.036625163202207744e+01 2.738367730038518744e+01 3.867641443584815875e+01 5.583115363993928781e+01 4.764858533835076315e+01 2.607351838043656045e+01
2.739267172789772273e-04 2.000027392671692539e+01 3.189778420543554205e+01 3.158693047706136880e+01 4.411144579239849151e+01 5.239529286461604585e+01 6.239505222676207552e+01 5.785852747048389233e+01 3.959439211512214740e+01 5.785210069333827931e+01 4.501136521150370129e+01 4.658708192441505958e+01 5.961653940328362467e+01 5.595026687854411307e+01 7.147611763097199855e+01 6.562455856289874134e+01 8.560303089414389888e+01 8.043946333881909538e+01 6.029699415930577544e+01 5.018688858947484022e+01 6.027755866926856498e+01 6.860412819482500879e+01 6.354240029263393552e+01 5.054110070558628109e+01 3.028770039910032352e+01 4.621857635208567672e+01 5.457535835306230609e+01 5.706755859960953359e+01 4.407562396699783847e+01 2.272471340218205427e+01 1.980617277769837870e+01 2.021306703973734287e+01 2.943161728601875637e+01 4.017015344846271319e+01 4.135003427659573561e+01 4.188174046968583752e+01 4.228758416307130119e+01
8.327778614586212741e-03 2.000830299635910237e+01 1.189779297736762587e+01 1.744479493961981831e+01 2.411146160628636892e+01 3.411146160593348498e+01 5.411142997886350514e+01 6.784924061687659957e+01 5.957963878573966099e+01 6.784810874417780724e+01 6.499447817146651118e+01 6.656816489671945192e+01 7.484269928178686371e+01 7.592958139635776149e+01 8.420344460595343605e+01 8.560303089414385624e+01 9.387629864204345154e+01 8.872967777350480389e+01 7.867720607803890687e+01 7.036822874906239633e+01 7.288730651339983524e+01 6.455313276586161919e+01 5.519333349252501364e+01 3.491464858909845503e+01 4.480731158900321986e+01 5.889862617204025952e+01 6.738449302663687490e+01 4.853852225444722279e+01 3.455818957426486548e+01 4.058768693484051227e+01 2.104753575081628370e+01 3.925561914242000938e+01 2.078655931938980572e+01 2.119131697522191971e+01 2.159501404874584196e+01 2.199686540603634555e+01 2.239541134290016799e+01
6.510866554257996840e-03 4.594825543965474601e+00 2.459483192179083133e+01 3.744478439702780292e+01 4.411144579239849151e+01 5.239529286461604585e+01 6.239505222676218921e+01 6.534023104903695867e+01 6.482101111361862422e+01 5.653674042661089771e+01 6.284577750054695855e+01 6.684577754086376444e+01 7.131776193341897851e+01 7.631717456999814431e+01 7.372094978781959185e+01 8.199372456739084214e+01 9.353155695488575816e+01 1.000465856731977539e+02 8.844623414912760495e+01 7.943428487786736980e+01 6.455314688790502942e+01 4.432134058098309737e+01 4.016784509663240499e+01 4.507498848106857281e+01 6.354219627324102504e+01 7.394654282174964521e+01 7.100996467827006597e+01 5.372290515955225487e+01 4.261629536181959566e+01 2.275202676322593831e+01 4.096451100550959978e+01 4.811921313978618286e+01 3.177690007642988945e+01 4.114199002286530771e+01 3.561541099114079145e+01 4.189832670985966701e+01 2.470371437066404852e+01
8.953482861371391335e-03 2.000893965486120862e+01 2.459482511502708846e+01 4.459482228455407693e+01 5.487891941239509919e+01 6.316319429224716941e+01 6.534023104903695867e+01 4.534027819882629018e+01 4.901033792812420131e+01 3.653674033422507961e+01 4.284577733882629502e+01 4.684577733928046683e+01 5.131791282653967556e+01 5.631791042660064051e+01 5.372278078010739222e+01 6.526975486776548507e+01 8.526550754047561043e+01 9.177102914061630656e+01 7.163164360230869931e+01 5.994794829405059033e+01 5.089666917289649462e+01 6.455216640923576676e+01 4.924610030663929905e+01 5.939979798212267070e+01 7.363786212989546698e+01 7.439525859038772637e+01 5.432820757456118343e+01 5.378525122328392882e+01 4.382635711071348084e+01 2.393834611199892493e+01 2.710243706105472583e+01 5.741257396643712241e+01 5.353647244208185896e+01 5.345900395696801155e+01 5.597482819721647473e+01 4.678913960869540034e+01 2.696789254134681357e+01
