LEM/sinusoidal_perturbations/elevation_000121.asc
nrows	100
cellsize	150.0
xllcorner	0
ncols	100
yllcorner	0
NODATA_value	-9999
[rows 68 to 84 of 100, columns 37 to 73 of 100]
1.104652746701427475e+02 1.025744974111635202e+02 8.826626281900587401e+01 6.802428211371004352e+01 8.109173011002567932e+01 7.800146238815678146e+01 5.507079136930720864e+01 6.184226750390173066e+01 6.290824858343484749e+01 7.474457678277561001e+01 1.006022468070426328e+02 1.066972897445832444e+02 9.853603358739977125e+01 8.616869973396934768e+01 1.060507375202901130e+02 1.234626674758093543e+02 1.278812245157364345e+02 1.177965793839341302e+02 1.013577892931687501e+02 1.063143825975486578e+02 9.279254351176808768e+01 1.042788038274312470e+02 1.238909680339670416e+02 1.407556791347591627e+02 1.338985669567543084e+02 1.163231007680132905e+02 9.656325921224234321e+01 1.163231007680132905e+02 1.165055065763411619e+02 1.033493650058649820e+02 1.122080780430945026e+02 1.235794745989496306e+02 1.432235579340499214e+02 1.456757418954624654e+02 1.255261169253252120e+02 1.229088585938786764e+02 1.397407651789741863e+02
9.314760060209076187e+01 8.296855755786722852e+01 7.615040109474593066e+01 8.826627390687691843e+01 9.295203125912046005e+01 7.436698802235358130e+01 7.289251321746320400e+01 5.426326307758892398e+01 7.329052086902585472e+01 9.107196327385790369e+01 1.069848332831795119e+02 1.133038104037293010e+02 1.141849462508027386e+02 1.060507375202901130e+02 9.562950187985957484e+01 1.096144916955959161e+02 1.291778136461569488e+02 1.291376669443061473e+02 1.210165373234539032e+02 1.089726106392750609e+02 1.042788038274312470e+02 1.017136406693300046e+02 1.130939654916017929e+02 1.326257721010251203e+02 1.351706377475684064e+02 1.154981976924968308e+02 1.015120371256291207e+02 1.212601219821413991e+02 1.312431661145131727e+02 1.230835773615791453e+02 1.122080780430945026e+02 1.235794745989496306e+02 1.432235579340499214e+02 1.539554134326234305e+02 1.456757418954624654e+02 1.430649032469770248e+02 1.513530630023284971e+02
1.025744708088245432e+02 9.673315984495741304e+01 9.612893718723952929e+01 9.791002530723186226e+01 7.755189956429269671e+01 7.530260281045849524e+01 6.456200407740716685e+01 5.368820694027149187e+01 7.690398351615677086e+01 8.998194104878898258e+01 9.462582879086211562e+01 9.373699379518527053e+01 1.133038108281440941e+02 1.234626674602598513e+02 1.153444560005084725e+02 1.117544601921312051e+02 1.313181057001987426e+02 1.332156990754028243e+02 1.366923109996602363e+02 1.285649927803477510e+02 1.181688190160662941e+02 1.156276739889471514e+02 1.156276786562271752e+02 1.351617589065855043e+02 1.351706377475684349e+02 1.154981976924968308e+02 1.114199892989586971e+02 1.154981976924968308e+02 1.351706377475684349e+02 1.400464240966248894e+02 1.220619313044498995e+02 1.400464240966248894e+02 1.514069387740568118e+02 1.448883655092146228e+02 1.468337421127378661e+02 1.386428504466277616e+02 1.405036159269684788e+02
1.217979071282797037e+02 1.156734233350841947e+02 1.096662199398461297e+02 8.934191637890522486e+01 7.755515886956548854e+01 5.832735812881978887e+01 5.287171978919614901e+01 7.223699282046965209e+01 8.102787222060749173e+01 6.913292033204785980e+01 7.723778215071490649e+01 9.159012121053362421e+01 1.111790009716445553e+02 1.196014259315074497e+02 1.277126902174726553e+02 1.313181057001987426e+02 1.274691605097777511e+02 1.135198978758133421e+02 1.217687201708287716e+02 1.299539183167737235e+02 1.377054577989027848e+02 1.351604913762408842e+02 1.351617589065855043e+02 1.432979850010512735e+02 1.433409181387880835e+02 1.351706377475684349e+02 1.227972252223861176e+02 1.351706377475684349e+02 1.433409181387880835e+02 1.498824698152483847e+02 1.417021509606425695e+02 1.498824698152483847e+02 1.391334712017328457e+02 1.251926937446467321e+02 1.354575184243205399e+02 1.189677988763514804e+02 1.306612396390868867e+02
1.042905795953496977e+02 9.523496447494731854e+01 1.043423437419635746e+02 8.935410743623526741e+01 6.892876948138832915e+01 7.295142018631084113e+01 5.781025358543806902e+01 5.205641963033299646e+01 5.839987681214500981e+01 8.136595386670283858e+01 9.732757025380553273e+01 1.053934008620656186e+02 1.107555945365903085e+02 9.984123545640466091e+01 1.163342209447768454e+02 1.292862026816822549e+02 1.176066636014490143e+02 9.957380673653499059e+01 1.020606824421484333e+02 1.185665524554525661e+02 1.214767515852080777e+02 1.297550688385083788e+02 1.414069425535121809e+02 1.332099428677742594e+02 1.357708814602813447e+02 1.439717322432271089e+02 1.424424038127474148e+02 1.506241387550885236e+02 1.431577168338026809e+02 1.349855749989124547e+02 1.431577168338026809e+02 1.344122863670863808e+02 1.262457703272478966e+02 1.113081659494522313e+02 1.272834541262088379e+02 1.076186169366466032e+02 1.159299550812456516e+02
9.310332370173532013e+01 7.576350327985132083e+01 9.427793120835396223e+01 9.771014198681641005e+01 8.934859205376545788e+01 7.121864004265897563e+01 5.124580094874245617e+01 7.119158078545827095e+01 7.796829876327554132e+01 8.208855306840683852e+01 8.648464905583973916e+01 9.135769993798012933e+01 9.089218566436888125e+01 8.830315339561947496e+01 1.081925939215965968e+02 1.190750167455544073e+02 1.013447608331332646e+02 8.962349858675639780e+01 9.059228700255501110e+01 1.075123148454925968e+02 1.017409226702389873e+02 1.214744485318424552e+02 1.300165275855178777e+02 1.135064405384805610e+02 1.160613229278081491e+02 1.357708814602813447e+02 1.411439742629775935e+02 1.398006887120305066e+02 1.316334036012343347e+02 1.153344019506865976e+02 1.333206895193327739e+02 1.262457703272478966e+02 1.065550230487768886e+02 1.014294791402996765e+02 1.204836547054250815e+02 1.159299550812419568e+02 9.616309941031792619e+01
7.302718301666590150e+01 6.588472660256240943e+01 7.844826745629956122e+01 8.669817636160026098e+01 7.805320860693561258e+01 6.984192973773231472e+01 5.067444974568862648e+01 5.421466988604746007e+01 5.786862818524616614e+01 6.193232384439488669e+01 6.633918534374724629e+01 7.126561998853402713e+01 7.668340786810585996e+01 8.830293655495738392e+01 1.081631919785881024e+02 1.108917427600009233e+02 9.107557126279377258e+01 8.144619779009498473e+01 8.163990689905176623e+01 8.768528463655665917e+01 9.918045354178802597e+01 1.188981790222199351e+02 1.218341189629457944e+02 1.020814231132019501e+02 1.192400419880269169e+02 1.274210218250624536e+02 1.214118183145147754e+02 1.316334036012343347e+02 1.119656296904040005e+02 1.054919992652007465e+02 1.251599884747996043e+02 1.262457703272454808e+02 1.065550230487768886e+02 9.248616904338146583e+01 1.123223094000091180e+02 1.046512269819632053e+02 8.944605907189496463e+01
9.318488362809038961e+01 7.844826745629956122e+01 5.876141670588805965e+01 7.207650497744955942e+01 6.903008346691558472e+01 4.987814932540474899e+01 6.666428921548821052e+01 7.413031672279784345e+01 6.948080400035971138e+01 8.208855306841752508e+01 8.063195249821121990e+01 9.135769993798012933e+01 9.671004342549900912e+01 1.048597046574290346e+02 1.162381431527738442e+02 1.087328126243438078e+02 8.890425700596837544e+01 7.478753462120550921e+01 9.471190648545383794e+01 1.075159649219524169e+02 1.156963415674900517e+02 1.270683516135504192e+02 1.155879833826167555e+02 9.578531761015484847e+01 9.946086545964152492e+01 1.160074984425193065e+02 1.074516594754942105e+02 1.239800451960350216e+02 1.177261872980423476e+02 9.797909259358402778e+01 1.099807395107501975e+02 1.181439635898491787e+02 1.070208778935462561e+02 8.708827301083211125e+01 1.001840508223531430e+02 8.467529487127421817e+01 1.046512269819632053e+02
8.888763164116663518e+01 8.671309584483800847e+01 7.207677287748300898e+01 5.299433443287642120e+01 4.908640434737187519e+01 6.904517596991965434e+01 6.134177196037019542e+01 8.132395481027255357e+01 8.957633650531184344e+01 9.778924002523642400e+01 1.006143279852014700e+02 1.064670725344770545e+02 1.146558480645407485e+02 1.123522499316486858e+02 1.041633628138750538e+02 1.041633628140216103e+02 9.124351376704412075e+01 7.136539181725079573e+01 9.124351376704412075e+01 9.787153900888168323e+01 1.176546508750415967e+02 1.229350156104545846e+02 1.237709414713090581e+02 1.078206292700989906e+02 8.796664498138339638e+01 1.052106271049851642e+02 9.599381296283914367e+01 1.157945849053401872e+02 1.248792863789126244e+02 1.099807395107501975e+02 9.010796213591095238e+01 1.099807395107501975e+02 1.151926270270368775e+02 1.001840508221814190e+02 8.016956064035785801e+01 1.001840508223531430e+02 1.128298785599444614e+02
7.007442250413042473e+01 8.055079912500305284e+01 7.997440423443455870e+01 6.848478256598737346e+01 4.853273519808969638e+01 6.848717010693933105e+01 8.135817365336879448e+01 7.769105673473804075e+01 9.767497370510982080e+01 1.006207545512313430e+02 9.240879164289655989e+01 8.658566103792192337e+01 1.064670725344770545e+02 1.041633628138751106e+02 8.433332326908958976e+01 8.433332326908958976e+01 8.793048924726555526e+01 6.815365431100106264e+01 7.798943948574341789e+01 9.787153900888168323e+01 1.171448400517813440e+02 1.031680553478034170e+02 1.171448400517813440e+02 1.032658110023437388e+02 8.339224184922896654e+01 8.534649961374367422e+01 1.052106271049851642e+02 1.239800451960350216e+02 1.167182219941417713e+02 9.693553262775527912e+01 8.535255346929402265e+01 1.052966809631637801e+02 1.116701987758396513e+02 9.180205533281164776e+01 7.761172712538011353e+01 9.762129981793057709e+01 1.112991127865597321e+02
8.055084954463217173e+01 6.214339690640987612e+01 7.390929700903681976e+01 6.785899411424472305e+01 4.797935940295663215e+01 6.483336574112119877e+01 8.165433955684869716e+01 9.767497370510982080e+01 9.125977933770111861e+01 8.304150074646312873e+01 7.253776622048853540e+01 8.658566103335590469e+01 1.064670667372846538e+02 1.041633610952229247e+02 8.433332326831482817e+01 7.039181438370880528e+01 8.083136002556510391e+01 6.525791820721465797e+01 7.906771624159699741e+01 9.890818169931341686e+01 1.089577009503170046e+02 8.906787875933900978e+01 1.089577009503170046e+02 9.892904105266917725e+01 7.904079227372109528e+01 7.904079227372109528e+01 9.892903843894212912e+01 1.094998968553020262e+02 1.151515790977223901e+02 9.533344615702651481e+01 8.115837688859220123e+01 9.570026657476891785e+01 1.039046652708818357e+02 9.513927380036511749e+01 7.514539684286545196e+01 9.513927358210210627e+01 9.934740393349693477e+01
7.705882593862320107e+01 7.413946381174930877e+01 5.599785159867224849e+01 6.672027795752292434e+01 4.742662407908517253e+01 5.517366551529265450e+01 8.036188151418291170e+01 8.378342245964121560e+01 7.557453727967941859e+01 6.328577191719349315e+01 7.722039782715610556e+01 9.709488636222383207e+01 1.078145001363771485e+02 1.038454482522775351e+02 9.394003941490690579e+01 8.083135620088172857e+01 6.148726118634574078e+01 8.083136002556577182e+01 8.487885403226458436e+01 1.047028230402116833e+02 1.014400616959069197e+02 8.147308689404745508e+01 1.014400616959069197e+02 1.071288541857514787e+02 9.318779630374707779e+01 7.328933209467187737e+01 8.142492255782613597e+01 9.550148303351777201e+01 1.153090284246708990e+02 1.093254141771290477e+02 9.570026657476891785e+01 7.571395851800460264e+01 9.070368897383760043e+01 8.999651299529622861e+01 7.274157480017254329e+01 7.591916025439877558e+01 7.934057053287304484e+01
8.724109414606921575e+01 7.914444318688411784e+01 6.828754067420145191e+01 5.002397662729487138e+01 4.687611281210218550e+01 6.304219312383550999e+01 7.320615385151707244e+01 7.012749917080104467e+01 5.593496210923847656e+01 6.241290163961181037e+01 6.980491441068092229e+01 7.970555841032982869e+01 9.961403886711835298e+01 9.565023163517741978e+01 7.582922173834140267e+01 6.614613934619826807e+01 5.918161219992933297e+01 7.256478920953915690e+01 9.226226278426594263e+01 1.087698292387300114e+02 9.512595399792022022e+01 7.514448240031548210e+01 9.512595399792022022e+01 1.089118086087128745e+02 9.018798943394723722e+01 7.030044265015612837e+01 9.018798943394723722e+01 1.013029787247352687e+02 1.210958782932402755e+02 1.190182345457823203e+02 1.039043966215722463e+02 9.070368831614200644e+01 7.075098596656728489e+01 7.005040429950389580e+01 8.999651140710335540e+01 8.595146934141706652e+01 9.934740393247929546e+01
6.858814243276731304e+01 6.078263751103495593e+01 5.631072934086665072e+01 6.325415062742390404e+01 5.745967195790941417e+01 4.611307544173234874e+01 6.247222037139582795e+01 5.051954323114816958e+01 7.012749917080104467e+01 8.215535556943036966e+01 8.965979659035488680e+01 9.787644319822923933e+01 1.078145438076301872e+02 1.038452986505797639e+02 9.394010496352498762e+01 7.604489011341640037e+01 5.702784420553408751e+01 7.604489043758240996e+01 8.258972073179026552e+01 9.567977498612029308e+01 8.958409370604363176e+01 6.965518616088881743e+01 8.078341110187275831e+01 1.007016398394236205e+02 8.728709212852892563e+01 6.742882182883772657e+01 8.728709211043116056e+01 9.466571281630594115e+01 1.028716132528528391e+02 1.108450783990983979e+02 9.098291049934499597e+01 8.733097354763562237e+01 6.741752255008798045e+01 8.733106624286439512e+01 9.821565135070646591e+01 1.058814886881571482e+02 1.058814890057586098e+02
7.206517523869631248e+01 7.348932250048872561e+01 7.440484274983117530e+01 6.969074359420766029e+01 5.181172005005063141e+01 6.499040900456756731e+01 4.536344284833999296e+01 6.424621419931041544e+01 7.070655403196397515e+01 8.006172163102492334e+01 8.783232662294156512e+01 9.604513336766449072e+01 1.006672881762455489e+02 9.251329788687290545e+01 8.761332407988285809e+01 6.810536292834299843e+01 5.486752424671236383e+01 7.369417840682527299e+01 6.920326980611237389e+01 8.802133662847344908e+01 8.443847417707696934e+01 6.461372313913727794e+01 7.860167838264032980e+01 9.852974574480833780e+01 8.447870819872008497e+01 6.467104715588946817e+01 8.063092741190364166e+01 7.481752897621929321e+01 9.466571282085104144e+01 1.055987361980627810e+02 9.462778617044382656e+01 7.467611469248835476e+01 6.582037032647048136e+01 8.570511596430721113e+01 9.707684915995403685e+01 1.052763079857487298e+02 1.152014419319465759e+02
9.133317663701519962e+01 9.280591878035835407e+01 8.893541648323403592e+01 7.397661825041809891e+01 5.572002083116423421e+01 7.313207336570235384e+01 6.424623450350226506e+01 4.462588963255358010e+01 5.386096549523200849e+01 7.138042357732120990e+01 6.817032171574756205e+01 8.783232662294156512e+01 8.874367909578180047e+01 7.146050633453201328e+01 8.874335929343637019e+01 7.201773426630643371e+01 5.270531664782306080e+01 5.734288833952687980e+01 6.852320311850026258e+01 8.749166759220135248e+01 8.021182434684429552e+01 6.049259228423778012e+01 8.021182434684429552e+01 9.594478162457544101e+01 9.269380960990130802e+01 8.063092742816594694e+01 6.092074531956751571e+01 8.063092742804791158e+01 9.975393432990563269e+01 8.572294765831338736e+01 9.302820646775326452e+01 8.411812506975562087e+01 6.427053989181996485e+01 7.048661494029448704e+01 7.711339495250635423e+01 8.712892418377403203e+01 1.070247741368150827e+02
1.088239198559773087e+02 9.735698447310764436e+01 8.073677010072042037e+01 6.163629535983746166e+01 7.398373249413965880e+01 7.982821907135280526e+01 6.372142489068179572e+01 4.410192487586358112e+01 6.298252002538009720e+01 5.453516041094935929e+01 7.388403822677997823e+01 9.134706052815205624e+01 8.003547661241100286e+01 5.840085437967596249e+01 8.003547611866638078e+01 8.002000668044654219e+01 6.847135538574634950e+01 4.965259777450193468e+01 6.736495767438616156e+01 7.462663735099526718e+01 7.110991635958230006e+01 5.662645578161856008e+01 6.788465360025450934e+01 8.771981100458167191e+01 8.389303143615852321e+01 7.810717977557722236e+01 5.847253278097458207e+01 7.810729690268040315e+01 9.154423259321644935e+01 7.166472220247580083e+01 7.314888797921099695e+01 8.045582787396079993e+01 6.278730247586999980e+01 8.259137390725865657e+01 9.707679160863969514e+01 1.052763059632395084e+02 1.152014419319468743e+02
