LEM/sinusoidal_perturbations/elevation_000163.asc
nrows	100
cellsize	150.0
xllcorner	0
ncols	100
yllcorner	0
NODATA_value	-9999
[rows 17 to 33 of 100, columns 0 to 36 of 100]
5.222468517465790779e-03 2.000522242649638471e+01 2.614336535009510598e+01 2.089294014078812722e+01 3.282747916541450905e+01 3.660711261374243719e+01 2.346707601299300450e+01 2.924057870488915967e+01 3.556513402522498524e+01 4.970726912895451477e+01 6.970716605693228018e+01 6.097476195465736737e+01 4.104195043027680612e+01 2.615994883136767157e+01 4.688013575765451435e+01 6.014285655538994035e+01 5.118999502822177305e+01 4.666427990026703299e+01 2.372404544007085647e+01 4.666427990026703299e+01 4.941467226165337934e+01 2.797627537216926541e+01 2.243311809466460360e+01 4.073688556044982789e+01 5.080241667388727222e+01 5.741847871225846234e+01 5.378332424555983948e+01 7.333311848403504030e+01 7.680287474518617330e+01 5.676746874005091570e+01 4.260749640538531224e+01 3.599954060950074819e+01 4.911337865857787932e+01 5.739872079219753687e+01 6.212651959922870759e+01 4.253783595658679673e+01 2.904023341324505481e+01
7.333276091007126865e-03 3.057304682743093860e+00 6.143371681984919341e+00 9.345934758086634986e+00 1.282748787720056249e+01 1.660713260729276897e+01 2.477209841656842215e+01 4.477207634178149931e+01 5.556510649254069989e+01 4.970726914002218422e+01 6.970717687516660988e+01 5.951397778606726519e+01 3.953811968778811803e+01 4.104195043027680612e+01 3.751861924623032962e+01 5.735262475815108729e+01 5.727135099554890019e+01 3.462708879970573150e+01 4.666427990026703299e+01 4.666427990026702588e+01 5.345734491594566862e+01 3.515531351158942641e+01 4.073688556045238585e+01 2.490823255887759302e+01 4.316132773002207301e+01 5.410029815351840199e+01 6.721005608609506510e+01 8.122173944534672785e+01 7.898967904775120985e+01 5.896023111786517745e+01 6.263570329512934620e+01 4.349932811571936497e+01 6.353083065506262272e+01 7.473560471482913670e+01 5.479889019755269430e+01 4.109061481820630490e+01 4.827522847478254420e+01
6.343274376862209282e-03 2.000634327437650839e+01 2.614337027241798239e+01 2.348807035605199900e+01 2.437449325950333545e+01 3.660712668360422839e+01 3.660712328237244861e+01 3.891423379993204179e+01 5.891415927218383075e+01 6.970717687516660988e+01 7.799032341614322661e+01 6.763536335586823611e+01 5.378260893472354809e+01 6.097476195465736737e+01 4.767134818778273342e+01 6.539548755904802135e+01 6.603004347584106881e+01 4.496998927450885475e+01 6.603004347244441874e+01 6.855299979154051471e+01 6.225662706269114466e+01 5.403021289688540918e+01 4.626200967214265347e+01 2.786611355627682229e+01 2.775131385969676856e+01 4.033980413527135767e+01 5.688129090610307514e+01 6.536811386505384291e+01 7.371848241334075169e+01 7.898967904775120985e+01 7.181950016817545190e+01 5.506057110981963376e+01 7.181948604494050414e+01 7.671689563240366283e+01 6.893166191145991206e+01 6.063821868508268409e+01 5.857706019475138959e+01
3.497053469895897767e-03 1.414563267720097173e+01 3.414563267720167516e+01 4.348806260275098623e+01 4.437448430692880663e+01 5.265860862374336193e+01 5.660701462272606221e+01 5.891415926593210628e+01 6.719712685093932691e+01 7.728594855951305931e+01 6.899834771051779114e+01 7.378299196959724782e+01 7.335072705128722248e+01 7.508914126718289594e+01 6.703390132851951932e+01 7.508914126678688206e+01 7.565153656550525341e+01 6.030792259804679389e+01 7.565153656555301609e+01 7.597671097208909430e+01 6.443650658669045583e+01 5.098560033693722460e+01 3.209123767775893299e+01 4.626200967214264637e+01 4.614534942387238914e+01 3.058096673777769681e+01 4.719105026855055485e+01 4.538193983454213765e+01 5.960978506525731291e+01 7.969927388230959764e+01 8.338145094554127468e+01 7.510142037051218722e+01 7.652816838053308857e+01 5.687657786903074708e+01 6.022362821626964546e+01 6.218313222325765821e+01 4.901742161892073568e+01
9.635555453094322986e-03 2.000963555545273920e+01 3.374657966921822094e+01 4.203085872194918693e+01 5.357786958931201582e+01 5.816621492342429178e+01 4.994350241883896047e+01 5.816621492342429178e+01 6.728316168276641918e+01 5.899606282707070193e+01 4.899377782772664602e+01 5.377765631858637363e+01 7.378299196959724782e+01 7.356033975093211552e+01 7.942005827636828030e+01 8.113937660966573162e+01 8.937591267236184933e+01 8.188349023135384641e+01 8.608644121346517863e+01 6.777759007128371138e+01 4.770909870043378476e+01 3.671406500884883428e+01 5.098560033693722460e+01 5.919745757594493796e+01 4.615781147449115451e+01 4.928481719170351738e+01 3.353992492335324727e+01 5.268117891896557836e+01 7.105649615849461043e+01 8.119786823918592233e+01 8.572505045821095848e+01 7.519663673144783900e+01 6.609051973345883368e+01 5.963849773898772355e+01 4.110039266221698284e+01 4.259694804960352599e+01 4.076096810581209695e+01
8.845047570523793118e-03 6.675511714237218897e+00 1.374657952610275657e+01 2.529358490990090402e+01 4.529358524850239576e+01 4.820484462492581912e+01 2.999120497151026399e+01 4.820269959301511165e+01 5.573309697272904373e+01 3.899353599773920820e+01 3.744649320271735604e+01 5.744870390366565971e+01 6.539305392413312745e+01 5.356228384631631911e+01 5.941957881009831510e+01 6.142660999340194650e+01 8.113937660966573162e+01 8.608644121346517863e+01 6.618247114969629763e+01 6.267933419388067051e+01 4.268107202677514778e+01 4.770909870043378476e+01 6.443650658669045583e+01 7.375756896025760057e+01 6.547320181119611959e+01 5.525752205939975426e+01 3.578567312625288110e+01 4.274932943035788924e+01 5.270500288041515091e+01 7.301313608095492214e+01 7.688707457354179553e+01 5.594619949288406247e+01 4.579914041197925201e+01 5.533999170671626899e+01 4.926841877716983475e+01 3.003715186946437754e+01 2.319871086579007624e+01
8.023991185656003874e-03 2.000802399118530062e+01 3.374657966921822094e+01 4.203084446475814673e+01 3.903585789509864412e+01 3.075186676115262685e+01 1.999354805665126733e+01 3.996632788248911083e+01 4.744743854064488175e+01 2.744965759432707131e+01 4.496047065261131337e+01 4.804697726096641475e+01 4.539165625496180922e+01 3.950499908405564042e+01 4.713859506476353545e+01 6.112837855304287160e+01 8.112239223691136658e+01 8.394598638429138759e+01 6.398992168483766108e+01 4.959587120051688203e+01 6.267933419388067051e+01 6.777759007128372559e+01 7.597671097217099145e+01 7.775919087068645297e+01 5.583800739348234288e+01 3.958966603538170403e+01 3.869883511757388561e+01 5.852250155357036476e+01 7.112020578409669724e+01 8.120515798622837167e+01 8.572505045821095848e+01 6.723833816316150092e+01 4.666497613872839167e+01 3.517866045341786929e+01 3.017065172396359074e+01 2.534558446011337907e+01 4.284331896662053651e+01
4.598823041778624977e-03 1.414673444677285374e+01 3.414673444677355718e+01 3.602072924915496799e+01 2.773666992829639000e+01 1.076425642501596869e+01 1.293427288493072247e+01 3.292121061374815127e+01 3.856699566872091367e+01 2.211917796873241215e+01 2.498077660569778757e+01 2.807129707420745390e+01 3.127676045305337027e+01 5.124992999882592670e+01 6.199385027121152802e+01 6.734007361101878075e+01 7.562686445389375933e+01 8.457385798208417782e+01 7.801932395816542964e+01 6.983491770951022204e+01 5.979354879949322310e+01 7.987628661952723519e+01 8.868113568777226874e+01 6.822510178826746596e+01 5.161270893190072684e+01 6.225857338232092530e+01 5.852250613919572686e+01 4.322480805877114562e+01 6.335512793523644604e+01 7.415417885882159510e+01 9.345898134541108959e+01 7.605612529152415391e+01 6.404630276729493232e+01 4.975577690706350609e+01 4.132933854883968650e+01 4.500706863146503167e+01 2.761987432888636818e+01
7.340434288523949372e-03 2.000734043428816733e+01 2.318111452544059858e+01 2.478759061738107761e+01 7.747383929438318440e+00 2.773667334911332816e+01 3.292176148346575104e+01 1.622403088890338907e+01 1.858182495074293783e+01 3.856710025946713927e+01 3.390515712535496817e+01 4.804697726096641475e+01 5.124992999911608393e+01 3.728211209053532826e+01 4.199176221672522757e+01 4.733633756074927845e+01 5.628098022221674057e+01 6.783046671696061480e+01 8.783900043059705354e+01 8.798733138471848747e+01 7.000648395358881260e+01 8.798733138471848747e+01 9.082761262927154178e+01 7.048328098596310554e+01 7.421653540125046788e+01 8.094059320532606705e+01 6.752195673916085639e+01 4.712314764992226657e+01 5.395917758116429752e+01 6.845677033566617808e+01 8.846039645254997197e+01 9.049147003824825219e+01 8.076683437131416099e+01 6.930268613415972823e+01 6.113498165292872244e+01 4.899010811574019897e+01 2.923954291922342108e+01
3.515918393995972821e-03 1.593575156782470303e+00 3.186975332081737111e+00 4.794455380611270634e+00 2.478758936522580214e+01 3.116628323276910706e+01 3.945055294034246174e+01 3.621024308707502826e+01 3.270900144514674679e+01 3.489680288125098429e+01 5.390440703644264886e+01 5.023353632733338259e+01 6.556567485100219983e+01 5.142012537525768323e+01 5.613430695452390040e+01 6.148017502986725447e+01 6.148017502986725447e+01 8.148712023976594310e+01 9.612508926777398699e+01 9.782138338918426257e+01 8.974608928546567199e+01 9.782138338918426257e+01 9.894814074104608892e+01 8.982982459224723470e+01 7.007839436276896095e+01 6.094061082027332077e+01 5.343364917994211538e+01 6.161763525169505584e+01 7.421246477311889578e+01 8.242348878843901616e+01 8.587884334368111183e+01 7.115588559835926219e+01 7.448189586648393856e+01 6.527895302853364967e+01 5.728217887268841224e+01 5.133954650286628407e+01 3.152439264909880379e+01
4.608085242692564441e-03 2.000460808524233869e+01 2.318111452544059858e+01 2.478745683968247349e+01 8.471412095662969932e+00 1.116673631725865512e+01 3.116628352778555211e+01 4.345054492665843782e+01 5.270980315737662636e+01 5.489805260351151617e+01 6.318405581360917722e+01 7.023790884892460440e+01 7.852428683134975529e+01 7.142464290163160001e+01 7.614003921609410952e+01 8.148712023976594310e+01 8.148712023976594310e+01 8.977355387792030683e+01 1.038570902961781712e+02 9.579117864990992359e+01 8.749487792356977423e+01 9.579117864990992359e+01 1.056524039571561246e+02 8.627378102779761093e+01 8.908885314556755475e+01 7.969266450899974075e+01 5.941976069494839408e+01 7.969266450899974075e+01 8.989218297041615813e+01 9.113387049109059035e+01 7.123249268338993545e+01 5.717095632437600017e+01 6.449073775062345248e+01 5.097770094888297621e+01 3.731112349789419369e+01 3.484327443383315170e+01 5.113386600326680309e+01
1.610643649003322799e-03 2.000161064364864671e+01 3.645121610583148453e+01 3.675254986192511097e+01 2.261171009405225263e+01 3.116628352778555211e+01 1.516633034449950124e+01 3.516627182360709725e+01 4.264185929726046709e+01 4.597519271638553562e+01 5.044732883130055257e+01 5.516137426037289515e+01 6.070837658277485360e+01 6.673860403486091286e+01 7.380967286348065670e+01 8.209395163408508722e+01 9.364096417506264913e+01 9.798397908814739310e+01 8.382071684123883415e+01 8.576904759581343285e+01 6.744431132874210277e+01 8.480852020852290707e+01 9.310561253193014863e+01 1.056524039571561246e+02 9.928720913532957582e+01 7.969266450899974075e+01 6.731674075995876194e+01 8.721258788128336903e+01 1.008851380515703084e+02 8.602123986733904815e+01 6.594512001779055765e+01 5.164445400984259749e+01 4.556833018568272564e+01 4.101331869330842039e+01 5.728217887268841224e+01 4.471939387005765809e+01 6.286332281989238879e+01
2.022278438842990342e-03 8.166988087716175571e+00 1.971399347263104218e+01 3.971399912479895278e+01 4.261161196634432713e+01 4.345053061489049639e+01 2.671327780788216089e+01 1.947958674972722548e+01 2.264185937713079966e+01 2.597519220163523102e+01 3.044732811613738832e+01 3.516137332206230326e+01 4.070837528423732010e+01 4.673860217579065335e+01 5.380966998766534459e+01 6.535667539614908605e+01 8.535668214198140902e+01 8.796338589476313530e+01 6.964146149393248209e+01 7.746959462615592429e+01 5.742046070575458572e+01 6.475967648666313892e+01 8.153343259985197733e+01 9.310561253193014863e+01 9.717172691490904413e+01 9.526713998196042610e+01 7.899263928140334201e+01 9.526713998196042610e+01 9.257799856950053652e+01 7.255445723113371059e+01 6.247175321770077971e+01 7.182527938180953697e+01 5.856407192833034259e+01 4.430978012146560729e+01 6.445171020687631369e+01 5.890649081306713697e+01 7.307498684299325475e+01
6.642187732006160465e-03 2.000664218773165004e+01 3.645130875756222366e+01 4.799834823698176933e+01 5.272002270205099705e+01 5.499750490839408457e+01 4.671327579674834851e+01 3.362171692998528982e+01 3.678399447186689031e+01 4.597519271638553562e+01 3.381983756579863609e+01 5.381983848080988508e+01 5.149130510197162636e+01 6.673860403486091286e+01 7.380967286348065670e+01 8.209395163408508722e+01 8.841359772838765707e+01 7.966534812486847272e+01 5.961723878451083891e+01 6.989173428963999868e+01 4.984896220230454844e+01 5.318830563228996766e+01 6.475967648666313892e+01 8.480852020852290707e+01 7.712615565313016930e+01 9.129598298610899576e+01 9.844124648652164922e+01 1.064948846290581344e+02 1.008851380515703084e+02 9.086872978968924031e+01 8.256622790031717329e+01 8.696364596213845743e+01 6.801754262229140124e+01 4.784614837017233668e+01 6.801754262229140124e+01 7.895690364935987304e+01 7.544310701942545450e+01
1.591255364720534126e-03 1.414372687909579618e+01 3.414372687909649784e+01 4.686215832563512151e+01 3.272002270205170760e+01 4.524455374498709403e+01 5.352882499228540780e+01 5.362171810265247984e+01 5.678399600527385616e+01 5.985006576784202537e+01 3.985006445619355731e+01 5.985006576784202537e+01 7.149130933598414117e+01 7.977558763901964767e+01 8.364339494967991584e+01 7.534362287515443768e+01 6.836761135651319421e+01 7.208787504320885375e+01 5.204446968167817289e+01 6.263932314373607824e+01 4.317540667572134083e+01 5.733958165999516865e+01 7.738738730836779212e+01 8.026341462043836827e+01 6.294605590141613760e+01 8.127305606842024588e+01 9.023838090148875324e+01 1.018100262312145645e+02 1.096028999890128688e+02 9.960397303230648447e+01 9.131102091051054970e+01 8.464725803414907546e+01 7.176184005898208795e+01 5.159818127547188737e+01 6.328406702465735378e+01 8.334269339138820953e+01 8.378291277015412675e+01
6.189296070378335485e-03 2.000618929607002272e+01 2.701933490925267378e+01 3.073324167279368169e+01 1.857788707832125752e+01 2.524455374498780813e+01 3.418882565498665116e+01 4.573583103877875544e+01 6.573583103877733436e+01 6.813434179041716732e+01 5.139706984557302860e+01 5.399220014059166317e+01 7.399220441170901097e+01 8.951790922249200833e+01 6.947244123312734132e+01 5.529923712761024035e+01 5.419477888022349532e+01 7.096750221865380581e+01 6.263932314373607824e+01 4.260425549495056430e+01 3.869945178767241600e+01 5.873074090991183738e+01 7.439070210610623235e+01 6.022388445358454589e+01 5.292549844239123047e+01 6.188753446572314232e+01 7.346539968892648176e+01 9.351430169018854599e+01 1.013003780547126524e+02 8.132166376630848958e+01 7.131973228142594223e+01 6.461591513956973643e+01 5.877476469810199688e+01 5.877476469810199688e+01 7.886470742794143973e+01 9.163514419472633676e+01 1.007254887612150469e+02
2.247884206357958405e-03 3.483801003320307732e+00 7.019334909253030830e+00 1.073324167279403696e+01 1.650674436469019213e+01 3.650674436468948159e+01 5.352882499228540780e+01 6.247309690220819789e+01 7.402010228583445439e+01 7.968135136959961073e+01 7.139707293574765856e+01 7.399220441170901097e+01 8.227648344024255778e+01 8.069232168517150683e+01 7.482192923924964134e+01 6.266644022290314098e+01 4.263068759750484560e+01 5.412316659798565865e+01 5.803843972547372942e+01 4.973912680458663971e+01 3.443094008276629125e+01 5.446004102679152226e+01 6.005406678348742844e+01 4.605716695094494639e+01 6.609597460495473342e+01 6.449722385010635151e+01 7.607541198214559586e+01 9.612214936439082180e+01 1.096028999890128688e+02 9.960397303230648447e+01 9.131102091051054970e+01 8.464725803414907546e+01 7.040784433899280259e+01 7.300504160710040935e+01 7.300504160710040935e+01 9.301119212359012067e+01 9.634973018678253709e+01
