LEM/sinusoidal_perturbations/elevation_000490.asc
nrows	100
cellsize	150.0
xllcorner	0
ncols	100
yllcorner	0
NODATA_value	-9999
[rows 34 to 50 of 100, columns 0 to 36 of 100]
2.064481644892168701e-03 8.958572193240243564e+00 2.830515780671428772e+01 3.673483326940417726e+01 4.374041191261476769e+01 5.199117723061503682e+01 4.324762721157762968e+01 3.300282688426199229e+01 2.802583465877620839e+01 1.035640296421409445e+01 2.855905821425932700e+01 2.981704034302523709e+01 1.520809409152406566e+01 3.312444171380941782e+01 4.731617258023786121e+01 3.330418650815656179e+01 1.341656434705637047e+01 2.995695727376484996e+01 3.949626939592302932e+01 4.562545363888881411e+01 5.138600396465803755e+01 5.946238904238594358e+01 7.061695540006472527e+01 6.681218475082296493e+01 4.599971854310811636e+01 3.164445336564131495e+01 5.153863968006616147e+01 6.009361292093048945e+01 6.580952863124032604e+01 7.239896912798505468e+01 8.059436806633409844e+01 9.046400898535431168e+01 8.485881341052353832e+01 7.706741021492162247e+01 7.054485174880535681e+01 5.828801246315859430e+01 3.791057088737028380e+01
2.905961989428186391e-03 5.347589966639243464e+00 1.089039099898915985e+01 1.690340768715188347e+01 2.392563922891082484e+01 3.534840828780819066e+01 5.520411113667790914e+01 4.333181538215788464e+01 2.356873472220804899e+01 1.224550898902369056e+01 1.078613742216064075e+01 1.109080624055029496e+01 1.559488301703011004e+01 2.555714982510840727e+01 3.628929354098881532e+01 3.190388144577248752e+01 1.310805508058280466e+01 1.563765587065175744e+01 2.080655734366698795e+01 2.634467387888978607e+01 3.228041994812193849e+01 4.329395952189113217e+01 6.243994224203036936e+01 7.133193551820488665e+01 5.153863974841281959e+01 5.153863959414935181e+01 3.510060159595154516e+01 4.025786069459626759e+01 4.600989730770814390e+01 5.263269995272933244e+01 6.253079677702663020e+01 8.227155049535760156e+01 8.933581302634415522e+01 7.768048056241802612e+01 6.863542187218553181e+01 5.647652504289299458e+01 3.619612649652362535e+01
3.542675937824442140e-03 2.000354267593747082e+01 3.075543363407831166e+01 3.673483326940417726e+01 4.374041605107260011e+01 5.199117723061503682e+01 6.347294222036389044e+01 5.219420623875691945e+01 3.348395784413373377e+01 3.369235724969802703e+01 2.303239458586384103e+01 1.679908205102211483e+01 1.152209034569836454e+01 1.524009605515021271e+01 2.882935483414831523e+01 1.268788831379601945e+01 1.303120626206978194e+01 3.537826984259654495e+01 1.987307868091401275e+01 3.413271324996063782e+01 5.138600396465803755e+01 4.575798767588901228e+01 6.497323721826097653e+01 7.160638656477331665e+01 5.894054244462569869e+01 3.909730977587224743e+01 5.497189590475716159e+01 6.009361688125873968e+01 6.580953310285670455e+01 7.239899864856670320e+01 8.059945953300452004e+01 9.050147644660637525e+01 8.100955551670855925e+01 6.078490792794300290e+01 4.908019242315031505e+01 3.999452978375396128e+01 5.647652503941568369e+01
3.411803931810562015e-03 1.414554742766263473e+01 3.414554742766192419e+01 4.357154500636866601e+01 4.705380054354216668e+01 4.824371793412915821e+01 5.651853418051778277e+01 5.993057482870292318e+01 5.564223405938431455e+01 5.142654775343031304e+01 3.385014351378944042e+01 3.300733929248227838e+01 3.575344269069382364e+01 1.195256390101772226e+01 1.225662502321973690e+01 2.290565176159840277e+01 3.655748741890387521e+01 4.302491601934048759e+01 2.298527734244756005e+01 4.327508613245193914e+01 6.311954357551760353e+01 6.497323721826097653e+01 7.316679040888756447e+01 5.764188735336049518e+01 4.361434348396418414e+01 5.894054244462569869e+01 4.904778239065861101e+01 5.791663090997211327e+01 6.932873508059709877e+01 8.905272874015714990e+01 9.376814680966201365e+01 8.544862530013315904e+01 7.870778367081106808e+01 7.287000432699116459e+01 6.314244662002903397e+01 4.287018348397343459e+01 6.314244663755462028e+01
3.327314952832964925e-03 2.000332731495247884e+01 2.615739328412751519e+01 2.359962578437121650e+01 2.708636516295122121e+01 2.828357012001686499e+01 4.099075846346877228e+01 4.001002752829320741e+01 5.411582031821376404e+01 6.365560189625483645e+01 5.698883769597026827e+01 5.787483382597048376e+01 4.726250122823562094e+01 3.419394651942445051e+01 1.364684145897598277e+01 2.884811819547510936e+01 5.033917872798988213e+01 4.653117709434573612e+01 2.619689546091680299e+01 4.653117711205871387e+01 6.084390317912090040e+01 7.275465729324382380e+01 8.557088577616374891e+01 6.677271413321908256e+01 4.698092894975139444e+01 6.677271413321908256e+01 6.883330253568634305e+01 7.701032184527348079e+01 8.584069289431124616e+01 9.723227608249172249e+01 8.544876061256077548e+01 6.523024824588688375e+01 5.848146859545527576e+01 5.263067757941856684e+01 4.720582518115014636e+01 5.721695298383561834e+01 7.149836275689297338e+01
6.779948344387334673e-03 3.091045481288569707e+00 6.206994135192378081e+00 9.522166322748434553e+00 1.302654837462756454e+01 1.682959468552741100e+01 2.112752451410669607e+01 2.602911220289957583e+01 3.672493651884639121e+01 5.020412247698335761e+01 6.987256636341616911e+01 5.892459789643502432e+01 3.702170668678181187e+01 2.429419908246369531e+01 2.284176909348913398e+01 4.479060537730097735e+01 5.981727207558837733e+01 5.270583847261958255e+01 3.222680254497760188e+01 3.185175449312882634e+01 4.357938726188726974e+01 6.426145352360126140e+01 7.945343084205015316e+01 7.494924264503438849e+01 6.677271413321908256e+01 5.211184284904291530e+01 6.096772018899978463e+01 7.492570612235783756e+01 9.464205229543868825e+01 9.971528534565278790e+01 7.953936654540322593e+01 8.544874720662190271e+01 7.870922783407810641e+01 7.121987691683833077e+01 5.097690368894173929e+01 7.121989800531700610e+01 8.577979605937311192e+01
9.516927588586143695e-04 2.000095169275850182e+01 1.771413935143221607e+01 2.944926549118432035e+01 2.707841427673696089e+01 3.086290540331517818e+01 3.256008884742190190e+01 4.585164377873906005e+01 3.588725771349420768e+01 4.737321828991970563e+01 6.734912490620040160e+01 6.786025846313108900e+01 4.629604253609852549e+01 3.419875200458528752e+01 3.271684827342156154e+01 5.397094397627466833e+01 6.464856847702918685e+01 4.396315332881455618e+01 4.396315332881455618e+01 5.232065700000296715e+01 3.837631961734464880e+01 5.025415389716796000e+01 7.098859430088563727e+01 8.707209686822463368e+01 7.590619448656720181e+01 5.616101871106954491e+01 7.590619448656720181e+01 8.070048990956928492e+01 1.004214760015181440e+02 1.080010458585265809e+02 9.971527298793702698e+01 9.808699358268854951e+01 8.976531514958647051e+01 7.518810425759494365e+01 5.495430293409912537e+01 6.664480332542096619e+01 8.685847031127757134e+01
1.945935296826602993e-03 2.000194593529647236e+01 3.770992840412807112e+01 4.598914761622017977e+01 4.688028672069288660e+01 5.068061574581207651e+01 5.255698242406221965e+01 6.089634700620634788e+01 4.737321828991970563e+01 6.408535224979127065e+01 7.561501918471037698e+01 7.715298890305410850e+01 6.510863683983150452e+01 4.672559400063506985e+01 4.530094422605363036e+01 6.379699508026810406e+01 7.314012067412325280e+01 5.590465298904986469e+01 5.859776815160334706e+01 6.753287594652100267e+01 4.864439361535080764e+01 4.754584828578887112e+01 5.795141900012935565e+01 7.864531884282153840e+01 8.099992831600303589e+01 6.127198165591897805e+01 6.757144887984460979e+01 7.743520674171207929e+01 9.137233832078709383e+01 1.110921859621394816e+02 1.014193654008833647e+02 8.123635052662071132e+01 6.955098458583765364e+01 6.190189834857056184e+01 6.664480332542098040e+01 8.352782187586267071e+01 9.517537672465027754e+01
5.600688922766023682e-03 1.414773631265384068e+01 3.414773631265454412e+01 4.750562110786086123e+01 5.252906070474871569e+01 5.104657170228014706e+01 5.104657170228014706e+01 7.123423194661876323e+01 6.734912490620040160e+01 7.561501918471037698e+01 7.806622451843615806e+01 8.645467818830333329e+01 7.779199731800615325e+01 6.886550045348266735e+01 6.758714644170179042e+01 7.655639616143746196e+01 8.503083447246963544e+01 7.659297916215318480e+01 7.925649268588377083e+01 7.786332996108406235e+01 6.335067478178511635e+01 5.956122357889226748e+01 6.829836892147542926e+01 8.707209686823151173e+01 8.646842813283299733e+01 6.675147179099175787e+01 8.646842700865317966e+01 9.546894392015849462e+01 1.053321862997471214e+02 1.109621186755622233e+02 1.097260562881813399e+02 9.808726426170396451e+01 8.886278365786044731e+01 6.864787495588574018e+01 8.685847036311977831e+01 9.517538675183732266e+01 9.823306419281749413e+01
8.215197286175309616e-03 2.000821519728582132e+01 2.917567737599168254e+01 2.730410385476350399e+01 3.218823723637136425e+01 3.067250995502772781e+01 5.104657170228014706e+01 6.123474216199550568e+01 7.280822631056405214e+01 7.477102773202285846e+01 5.783569623738026877e+01 7.477102773202285846e+01 7.697897940384521576e+01 7.104865225577458432e+01 7.644226194353571202e+01 7.054742061504948936e+01 7.016824421339802598e+01 7.609994364090758268e+01 7.842507985560983741e+01 8.681055837170612222e+01 8.397269782465062349e+01 8.023353141600107108e+01 8.865308527572884145e+01 9.724411776671325924e+01 8.646842813283301155e+01 8.646842813283299733e+01 7.729338034824780834e+01 9.700442431010635858e+01 1.051249056047207802e+02 9.114819039816337920e+01 1.051249056047311967e+02 1.053143472205449740e+02 8.516537912888811945e+01 8.033273685162163247e+01 9.717837086455941176e+01 1.015577147940522309e+02 8.138023618526909786e+01
2.613274238814250559e-03 2.000261327423845970e+01 9.110133880098121750e+00 1.310487280851929803e+01 1.782538450453221657e+01 2.496593683169952271e+01 3.267631408770160562e+01 4.445909560038173680e+01 6.454872038012814528e+01 6.638612356952016569e+01 4.624298024095137549e+01 6.638612356952016569e+01 5.678472405906040876e+01 5.087642349103430917e+01 5.631563862680293653e+01 5.042065401528132895e+01 5.000461455016873202e+01 5.591070217340242010e+01 5.820235710216643810e+01 7.842507985560979478e+01 8.304875813398267326e+01 7.826068514874354776e+01 8.593645784467412341e+01 9.432661305319454925e+01 1.061883976095451345e+02 1.051869171152520437e+02 8.867263337424932956e+01 1.051869171152520437e+02 9.695254118968598789e+01 7.680114655995748763e+01 9.695254118968598789e+01 1.107917105186221960e+02 1.053143472205449740e+02 1.005150941693003972e+02 1.088010507996352914e+02 1.098919299034611186e+02 9.823306419281756519e+01
7.532853315450405325e-03 3.691569527942504703e+00 1.877133058748749050e+01 3.322099126793866475e+01 2.785997076552012075e+01 3.819315826101133382e+01 5.294997010562299522e+01 6.123474216199550568e+01 6.175873036304972175e+01 5.926444694849839578e+01 3.916301685024122037e+01 5.926444694849839578e+01 5.678472280843036657e+01 3.668869937274035209e+01 4.518227973199584113e+01 3.624326895475471844e+01 3.582640277168018628e+01 4.400350154122448032e+01 6.412545546259434559e+01 7.711036083431733346e+01 6.278212018790244286e+01 5.801776485966399832e+01 6.562827217098303834e+01 7.998462331831048289e+01 1.003054574792225822e+02 1.165800875900275884e+02 1.083858623875080980e+02 1.040893108189430762e+02 8.933621324505450900e+01 6.896699482387255387e+01 8.254660290224950359e+01 9.978872509203844743e+01 1.079755802160984359e+02 1.066482643256694445e+02 9.850705903285681586e+01 1.031994988660622141e+02 1.112992915600926835e+02
6.101047412966256744e-03 9.892199241302160218e+00 2.541723808144229579e+01 4.656546776288561773e+01 4.632609467455601759e+01 5.399703603579882838e+01 6.715723515719203363e+01 6.175873036304972175e+01 4.163363113142188610e+01 4.532665564959438598e+01 3.312119505935900321e+01 5.320363773163695242e+01 5.060138723516969605e+01 4.225459089430407289e+01 2.511143294236742207e+01 2.727335789619124640e+01 4.734698752348377582e+01 5.917417369218049572e+01 5.829136819025770677e+01 6.110371868779108695e+01 4.857237191233839724e+01 6.871808101045910178e+01 8.593645784467412341e+01 9.432661305319454925e+01 9.895274761157349985e+01 1.073192486477568366e+02 9.996970332401468795e+01 8.989336796276911912e+01 7.569742510669711066e+01 6.205741879677319872e+01 8.254660290224950359e+01 7.969544298982235375e+01 9.643026253938782588e+01 9.511877798958312269e+01 7.840690580587083502e+01 8.323318726772436094e+01 9.162742399426410600e+01
6.842009524227352091e-03 2.000684200952387215e+01 3.927548009605827417e+01 5.604333899701026667e+01 5.274466484058893201e+01 5.613914434907862727e+01 5.903334670861588762e+01 6.318791575024616236e+01 4.532665564959438598e+01 2.525883274195209438e+01 4.532665564959438598e+01 4.778854065840663168e+01 3.944506418347346965e+01 2.218995421036368754e+01 4.225468902557467743e+01 4.734698752348377582e+01 3.074172327299834961e+01 5.081506019356815074e+01 3.821510155220664018e+01 4.101951889367898474e+01 4.548805651721757926e+01 6.560114113119726653e+01 7.738939514651806917e+01 8.457212463470189334e+01 7.861547556230745215e+01 9.895274761157349985e+01 9.175159967523642024e+01 7.146952307022830553e+01 6.115668218554699820e+01 5.635804170579026362e+01 7.644440557117347623e+01 6.784759788537687086e+01 8.818786326142094367e+01 8.690223015650377647e+01 6.647541012450996334e+01 7.727370622858811089e+01 7.132829914240464575e+01
1.934550753332892102e-03 1.796766008607436405e+01 3.463105813787087328e+01 4.165336184794882257e+01 3.773874715645288092e+01 4.903051126502910506e+01 3.621761218676198979e+01 4.218059313114666509e+01 4.083935403140282716e+01 2.078061969256539854e+01 3.479142344551715382e+01 3.670297483019550810e+01 1.938840958315160279e+01 3.944506418347346965e+01 3.636747827038295355e+01 5.648828613511537355e+01 5.080831082523823738e+01 3.431924874990245655e+01 5.439140939936703489e+01 6.110371868779108695e+01 4.857237191233839724e+01 5.214588092506628669e+01 5.714689949749396902e+01 6.425629772060840139e+01 7.861547556230745215e+01 9.895274761157349985e+01 9.996970332401468795e+01 8.579178012452607049e+01 6.541556718366157952e+01 5.091394874961571304e+01 5.597389841239098018e+01 7.050273302802004594e+01 9.078887200803431767e+01 9.162719017320355874e+01 7.132829851142396649e+01 5.672626233656343686e+01 7.727370622858811089e+01
4.364784840791047053e-03 9.703845051606403871e+00 3.100689661826713461e+01 2.420774293748578643e+01 3.142923616717064306e+01 3.928027707588606177e+01 2.119306163867608106e+01 2.975254836517283152e+01 3.120618967210750228e+01 3.267243265062446511e+01 1.474773866480276041e+01 1.665445468243654403e+01 3.670297483019550810e+01 4.778854065840697984e+01 5.649028710890353011e+01 6.490491575250956657e+01 6.149499140931621355e+01 4.140097035574657980e+01 6.149673665021495594e+01 7.432206267274317213e+01 5.411661944262019119e+01 7.232877123426234789e+01 7.143588664145792677e+01 7.143588664145792677e+01 9.176243612311823483e+01 9.569783244164928249e+01 8.558288539498795444e+01 7.727108798707858739e+01 6.728971646298676035e+01 4.685999576285257007e+01 6.728971646298676035e+01 7.649870265571843220e+01 8.481386028682375411e+01 8.684334056789026590e+01 6.646096684339897820e+01 5.191632212991177653e+01 7.243082589062395016e+01
5.219006137575642711e-03 2.000490372849309395e+01 2.252367429245384400e+01 2.377503580754959600e+01 1.224556171113899516e+01 2.636991189155219928e+01 2.319255623208502470e+01 9.715578796704765097e+00 1.116904881744090083e+01 1.263313571628941823e+01 3.267273912150860582e+01 1.896440446657720713e+01 3.901421832905500509e+01 5.097713074914751985e+01 5.932500469222704709e+01 6.938614300843541116e+01 6.987919561744784858e+01 5.296310410823463144e+01 6.987919561745978569e+01 8.043464360046756667e+01 6.016150616252328831e+01 8.043464360046756667e+01 9.176243612313773212e+01 9.176243612312869402e+01 1.001433053615569264e+02 8.745373402462480783e+01 6.708844194957428897e+01 5.678982573726788985e+01 4.998910253604653064e+01 4.357594707207341145e+01 5.985425815469035626e+01 5.611350461592238759e+01 7.049461724629514947e+01 7.883927839815004290e+01 6.805726734674627210e+01 4.758802934251344396e+01 6.805726734674530576e+01
