LEM/sinusoidal_perturbations/elevation_000285.asc
nrows	100
cellsize	150.0
xllcorner	0
ncols	100
yllcorner	0
NODATA_value	-9999
[rows 68 to 84 of 100, columns 37 to 73 of 100]
6.141035212407844313e+01 4.484766216965262231e+01 6.514793537368527154e+01 6.307381061827449997e+01 8.339140889288353264e+01 1.001344228632621025e+02 8.008902147047395204e+01 8.359526484669228807e+01 6.806286836906915028e+01 4.781206326327197331e+01 6.369441480895105911e+01 4.894713440986672026e+01 6.613925649607455171e+01 4.978971718018317461e+01 5.260430938963860115e+01 7.292914061880830445e+01 8.492088762658133305e+01 8.363292318473799014e+01 8.548714385812334626e+01 6.792417781421428913e+01 6.915851262300347457e+01 9.060218178296324254e+01 8.778267662427809626e+01 7.366290550239342849e+01 6.159874338833534324e+01 6.337493539026615963e+01 6.530450448572410949e+01 6.726369590034326507e+01 7.032339254106312865e+01 9.058369551356958027e+01 9.815903645810708156e+01 1.014424699277121817e+02 1.048976609811779213e+02 9.180317638302886962e+01 1.031937206304508408e+02 1.227162283911468990e+02 1.373793019939471094e+02
7.352602798183453103e+01 6.514793537368527154e+01 4.869478739585728988e+01 6.902466176187868996e+01 8.199396001214721252e+01 9.368813011504292376e+01 1.001344228632621025e+02 8.551936794456550217e+01 6.531619622628757327e+01 5.093625321187047916e+01 7.123356822109491304e+01 6.916683599162861640e+01 5.464160050610442454e+01 7.008375601527471588e+01 7.292914061880938448e+01 5.674981635109410405e+01 7.468747560386357520e+01 8.845597974498258509e+01 9.760844312240101317e+01 8.940588656795866029e+01 8.473573987092653681e+01 9.890003803289636153e+01 1.017250366357018549e+02 8.713641038980850340e+01 6.688084413230141934e+01 6.820119586929838817e+01 8.560875993292576425e+01 8.756338040426909686e+01 7.154791554616481619e+01 9.178108576957572495e+01 1.041803414860520149e+02 1.111380099136930824e+02 1.192701336929887503e+02 1.114449032802524329e+02 9.989699024382390746e+01 1.096485029692408517e+02 1.291750666191492201e+02
8.559936350469556032e+01 6.529962574397634967e+01 5.636216155540022044e+01 5.327778754428184982e+01 6.504461906342770305e+01 8.536875478644762438e+01 1.003621598119638065e+02 8.039973778605886423e+01 6.603122995998083411e+01 5.425412675711286425e+01 7.457524890256010508e+01 7.893577769169877456e+01 5.877601264457774732e+01 7.893577769169877456e+01 8.533659853860160638e+01 7.707748953967757188e+01 6.115263818867932599e+01 7.559110773130691996e+01 9.563661297619763957e+01 1.045523103534588643e+02 1.052502084891278855e+02 1.068047199529607383e+02 8.699166492866407907e+01 7.525985695745650617e+01 8.715749276495741071e+01 7.318686211852947565e+01 9.335942172850784004e+01 9.558838337579746280e+01 7.544205810924881916e+01 7.882346908083619041e+01 8.430278725377463900e+01 9.145875180796286941e+01 1.028776688194551525e+02 1.224218456923468779e+02 1.086230351846980540e+02 1.194117847941949435e+02 1.373793019939471094e+02
9.392022445022745103e+01 8.506809841931458038e+01 6.548311196853114780e+01 5.675927543356476690e+01 6.854571260521534271e+01 8.885109999447644213e+01 1.035296025113764387e+02 8.531281370608006398e+01 7.762595516042021870e+01 5.784678204732129103e+01 7.818785863852993145e+01 8.715114699873427639e+01 7.893577769169877456e+01 6.535762270026427245e+01 8.538245046350920120e+01 8.522714561371550701e+01 6.495284306398883700e+01 7.031526243087157013e+01 7.714191462206603944e+01 8.483063179231179163e+01 1.045523103534588643e+02 1.149464868633601355e+02 1.024053375134237598e+02 8.249408676742861246e+01 9.853127319907599713e+01 7.850077858450768531e+01 9.853127319907599713e+01 9.951666627833652967e+01 7.948627510337669833e+01 9.886784165575203076e+01 1.041803414860520149e+02 1.005816640409801721e+02 1.111380099136930966e+02 1.305792615810264294e+02 1.198460133373382632e+02 1.363397920933593639e+02 1.472826901493165508e+02
1.000795146422375268e+02 7.989741278612051190e+01 8.084677488823108149e+01 6.047699614906088783e+01 8.084677488823108149e+01 9.715786300552981913e+01 1.029892317721193677e+02 8.082571533086375837e+01 6.586330146062607582e+01 6.295147554091732189e+01 8.320369399270430222e+01 9.921383904696531886e+01 9.016705096155526178e+01 7.026873204980454091e+01 9.016705095687535731e+01 8.911812663803728185e+01 6.889999547748141140e+01 8.911812680317579805e+01 9.711002238657245300e+01 1.045523103534588643e+02 1.009956838202894716e+02 1.203774836317069230e+02 1.105472759388247539e+02 9.152208442969327962e+01 1.042599068457012663e+02 8.441533777789516080e+01 1.042599068457012663e+02 1.076644940219408824e+02 8.859593981393747697e+01 8.631017088241307533e+01 1.061199139762982355e+02 1.201926198654845024e+02 1.283484489819066141e+02 1.389028172118607358e+02 1.394699540011430372e+02 1.477188162210852624e+02 1.484804623071489402e+02
1.083539288477962828e+02 1.000795146422375268e+02 8.593425829904185775e+01 6.558432465579895165e+01 6.919543101077174185e+01 8.360896538893631202e+01 1.037500258256126671e+02 9.301508393646300021e+01 7.309579805573281419e+01 8.320369399270430222e+01 7.098690936467994561e+01 9.109274374203140212e+01 7.841134131234495896e+01 8.812483184183790286e+01 9.747965713739300497e+01 9.546345838799605588e+01 7.539775802275529770e+01 7.665966530826018754e+01 8.346925214992758413e+01 9.756908085695040711e+01 1.171277322258380593e+02 1.283921662624647695e+02 1.193459570052169312e+02 1.029453230143765978e+02 1.108097324042589094e+02 9.116025572858525550e+01 1.108097324042604015e+02 1.047603436727650319e+02 1.083517195789540324e+02 9.391995098516279938e+01 9.576274557576607549e+01 1.055956345743113758e+02 1.193795118444635079e+02 1.389697485771937977e+02 1.448949348375937518e+02 1.426009836271068991e+02 1.284613906747338774e+02
1.163907462422175882e+02 1.023973477201520552e+02 8.223426338438615346e+01 7.175866178543093099e+01 8.950814541055071061e+01 8.011410093572679614e+01 1.002956223806617260e+02 1.011029279918682846e+02 8.216673044846982066e+01 9.740268380838206497e+01 7.746427234317701505e+01 9.740268380838206497e+01 9.786376831074670690e+01 8.694142854795194353e+01 1.044565867319392254e+02 1.024821531197215876e+02 8.263028663117445660e+01 9.668820219133193916e+01 9.307960555435096239e+01 9.502464407018506165e+01 1.063653065763422632e+02 1.258460810181508549e+02 1.306607207505259396e+02 1.224999343045314220e+02 1.189371828400787194e+02 1.010552263017955283e+02 1.189371828403088074e+02 1.185914672802161789e+02 1.216651957291794872e+02 1.027451920312977052e+02 1.071029249920476474e+02 1.234935779547111849e+02 1.332822882282386843e+02 1.443339558447375452e+02 1.248822946445121715e+02 1.248822946511474896e+02 1.142941753320246931e+02
1.111344788139400777e+02 1.106647894618519814e+02 9.205333143191469958e+01 7.899651278892815753e+01 9.919434266844349679e+01 9.026976486440398162e+01 1.085637118045232370e+02 1.098604515478041179e+02 9.360725510973691144e+01 1.054857610934566026e+02 8.653678923147050739e+01 1.054857610934566026e+02 1.103731519637623961e+02 9.332859365113317551e+01 1.103731519637623961e+02 1.105897644359418734e+02 9.268108601855914230e+01 1.105897644359418734e+02 1.070242738462073078e+02 1.145988506501501831e+02 1.227043215015964677e+02 1.339765743799657400e+02 1.284765325934674252e+02 1.258498679399582443e+02 1.287171496222006795e+02 1.205642385067314990e+02 1.287171496295740099e+02 1.381891984228316517e+02 1.304152300316236790e+02 1.139986193618945123e+02 1.266310859315994009e+02 1.348014558091565220e+02 1.444664226547495218e+02 1.360604262292002886e+02 1.160549658064965257e+02 1.049121915684754498e+02 1.190165804462610026e+02
1.194239715463604909e+02 1.203630555593058773e+02 1.074612392774334211e+02 8.916730770300632969e+01 1.074612392774334211e+02 1.044844376555982990e+02 1.185690036165545962e+02 1.210734984279147284e+02 1.129858636668613343e+02 1.142491924561570187e+02 1.005131569894638233e+02 1.142491924561570187e+02 1.178850917526278863e+02 1.028784840045305202e+02 1.178850917526278863e+02 1.203843458961512027e+02 1.122832202208839618e+02 1.203843458961512027e+02 1.265547433134995572e+02 1.229390654546092208e+02 1.207217322862866240e+02 1.225099298287663174e+02 1.081630320621190293e+02 1.055205289785015310e+02 1.172901997031272430e+02 1.375425921994357168e+02 1.437109645857681812e+02 1.355261089284576315e+02 1.355261089284576315e+02 1.335461400720445226e+02 1.417410160549227101e+02 1.427469371061156664e+02 1.244679794191068964e+02 1.244679794129157528e+02 1.197260362069256843e+02 9.978785993399358745e+01 1.197260362069256843e+02
1.239129249553159440e+02 1.156324307754400280e+02 1.174665226856889007e+02 1.092213776338804792e+02 1.174665226856889007e+02 1.244133464400619005e+02 1.226642382755301668e+02 1.144015628464304797e+02 1.117989123533439226e+02 1.200686584580951859e+02 1.199066418019068863e+02 1.157546357315100352e+02 1.240544373562341036e+02 1.195766971011030790e+02 1.271738428805691683e+02 1.270819321997939113e+02 1.186940146301650003e+02 1.186940146301650003e+02 1.229390654546092208e+02 1.025955194482015429e+02 1.003668113990861457e+02 1.054184194804909680e+02 9.372277977025005669e+01 1.141127186181143855e+02 1.342308826195838094e+02 1.459182250093377036e+02 1.355261089284576315e+02 1.151084715546309098e+02 1.151084715546309098e+02 1.294097180701995740e+02 1.387462407744403663e+02 1.344734224242927780e+02 1.144625364139208727e+02 1.044950558069939746e+02 1.150526529354522580e+02 9.543756822048963784e+01 1.153751694135810624e+02
1.122701584231966763e+02 9.539408775727056877e+01 1.122701584231966763e+02 1.151190285736007439e+02 1.151190285736007439e+02 1.234040030474850340e+02 1.144015628464304797e+02 9.422470612253151501e+01 9.159533344831575619e+01 1.084444721990308693e+02 1.109674690742466510e+02 9.428652101373772609e+01 1.103471390782936368e+02 1.186630076853040094e+02 1.303151965454141248e+02 1.186940146301650003e+02 9.833415039195173790e+01 9.833415039195173790e+01 1.127080412958727180e+02 1.063286296964314346e+02 8.593891386377271147e+01 8.502928552981593668e+01 9.522712160040123308e+01 1.096627944702591151e+02 1.299668592567824987e+02 1.336880123536061262e+02 1.341757349860440058e+02 1.136561559444552074e+02 1.000663655963941068e+02 1.098688647474166089e+02 1.305076692786113881e+02 1.427469371061156664e+02 1.327468913404914019e+02 1.150526529354522580e+02 9.509938140981836341e+01 9.126011654786643135e+01 1.112178637919375888e+02
1.039478179859479496e+02 8.353876489347769052e+01 1.039478179859479496e+02 9.486427508696777977e+01 9.486427508696777977e+01 1.151190285736007439e+02 1.124435162931619914e+02 1.001343706339320789e+02 7.994721014530242087e+01 1.001343706339320789e+02 9.414999815263914229e+01 8.215268112906821329e+01 8.986893879603685775e+01 1.017732794516018515e+02 1.220592491368363994e+02 1.186940146301650003e+02 9.833415039195173790e+01 8.391797893503414230e+01 9.560759516075091824e+01 9.862204149693270949e+01 7.826425408243525794e+01 9.862204149693270949e+01 1.138302775088307044e+02 1.240046813210754522e+02 1.275458368016670931e+02 1.131874273314623878e+02 1.275458368016252564e+02 1.136561559444552074e+02 9.242693289972496018e+01 1.136561559444552074e+02 1.288095404084753852e+02 1.402564932347334548e+02 1.319934539518016265e+02 1.233296130494945970e+02 1.072263359458109164e+02 8.725700259051735941e+01 1.028158472847280933e+02
9.673212806630694161e+01 7.621814517002485445e+01 9.207507416109993414e+01 8.034260032756965586e+01 9.486427508696777977e+01 1.151190285736007439e+02 1.041474095565401683e+02 8.394801590705642980e+01 7.397505959511835272e+01 8.695095815712234355e+01 7.398230675779788612e+01 8.821241404164013034e+01 1.084845942411438955e+02 1.186630076853040094e+02 1.229811976494904542e+02 1.147262983345067369e+02 1.127080412958727180e+02 9.560759036654872034e+01 7.526439690794263981e+01 8.952356581411801528e+01 7.443691117272602753e+01 9.477478130105554044e+01 1.115750465943537506e+02 1.217503680377797508e+02 1.191919096661568886e+02 9.819500698344964462e+01 1.070693422501474288e+02 1.083488501831337203e+02 8.710426672014480687e+01 9.947310403190716954e+01 1.204733449028298224e+02 1.319934539518016265e+02 1.120130140577016675e+02 1.178651494115933076e+02 1.154999135698291468e+02 1.028158463266707088e+02 8.287887919804434489e+01
9.024503708290798443e+01 6.968645128702092961e+01 7.153137189702732712e+01 9.207507416109993414e+01 1.007967550319407479e+02 1.209913406150205759e+02 1.124435162931619914e+02 1.011828621890265651e+02 8.105591048871536941e+01 6.704632906190342112e+01 8.223948990321305530e+01 9.053799283843306966e+01 9.948081671400883863e+01 1.110833030319343067e+02 1.113436502197374409e+02 9.447514458915765090e+01 1.073265155705394847e+02 9.015451839004333578e+01 6.984880239346762210e+01 6.920476264458174853e+01 7.561303774457516624e+01 8.278470645668282657e+01 9.297021286418211616e+01 1.133516295483884733e+02 1.218519940725265798e+02 1.009461673774787300e+02 8.589705158073432756e+01 9.760080601457531202e+01 8.253998042442212579e+01 9.756028416322776309e+01 1.185666354306783887e+02 1.319934539518016550e+02 1.120130140577016675e+02 9.791268359523088805e+01 1.084594668248314662e+02 1.009136324788919268e+02 8.099540400710779409e+01
7.901719617124582840e+01 6.381024137690013731e+01 7.831617395347419119e+01 9.878134768474035354e+01 1.012107421745159144e+02 1.092878846346047226e+02 1.088114836161980463e+02 9.742396233090103408e+01 8.929860087555032067e+01 8.223948990321305530e+01 6.243575734070832794e+01 7.120112497795329887e+01 8.266313362511017715e+01 1.027899205896374895e+02 1.030342892672050965e+02 8.273097586300453088e+01 9.129863815919669889e+01 7.911101216619103127e+01 6.478453655120023313e+01 8.508965669231220375e+01 9.595684139408059821e+01 1.031609212062363099e+02 1.115750465943537506e+02 1.217503680377797508e+02 1.132891749649023438e+02 1.047848695969497328e+02 9.760080601490906815e+01 7.658489484895940791e+01 9.760080601490906815e+01 1.092317494440183623e+02 1.177002001195833145e+02 1.296481751782968672e+02 1.261347536462175611e+02 1.084594668248314662e+02 8.851728859533167793e+01 9.909416490589815396e+01 7.914849589150423981e+01
5.869663576601951860e+01 7.901719617124582840e+01 9.272348956472274040e+01 9.810923791825645424e+01 8.190590416471289359e+01 9.810923791825645424e+01 1.007468962080078256e+02 8.091786703213770693e+01 6.948953036712808284e+01 7.870936846317938773e+01 5.947224571704451535e+01 7.680842517079402398e+01 8.421216869063009369e+01 1.036394140839373676e+02 1.056431628194202261e+02 8.536956586178854423e+01 7.101945233396173762e+01 8.224211897879474975e+01 6.222769599328464807e+01 7.392544291524014000e+01 8.844834728863749262e+01 1.096339613146021463e+02 1.277230929798857915e+02 1.153765872115453703e+02 1.047848695969005348e+02 8.376595879096588249e+01 8.992225523281604183e+01 7.327625831186090011e+01 8.012494109609062320e+01 8.804751134223992892e+01 1.003815540640001558e+02 1.213213383729447656e+02 1.251917975412039965e+02 1.052285490372318009e+02 9.111280008960406462e+01 8.033602648184722739e+01 7.726570636618762933e+01
5.558420756586980360e+01 6.973349886610965598e+01 9.017532136661665731e+01 9.006508729778418854e+01 7.086434637382438950e+01 9.006508729778418854e+01 9.386182324855077752e+01 9.740893958051528045e+01 7.870936846317938773e+01 5.886758704900638861e+01 5.644135980986955303e+01 6.589162602730343110e+01 8.748863438530486292e+01 1.006215657875964382e+02 9.834612992984899904e+01 8.966681547269828911e+01 8.220357306988803714e+01 6.199220563068563195e+01 5.976770718979703645e+01 7.009516549988828160e+01 8.672068381026460315e+01 1.090823952887658947e+02 1.058915627772893657e+02 1.042540742788332722e+02 8.599031474961650190e+01 8.599031474916311879e+01 6.911637619311052561e+01 8.992225523230165152e+01 1.012248756224574464e+02 1.092317494440183623e+02 1.121453049268675812e+02 1.039779280949321674e+02 1.121398091303055509e+02 1.088925688635842022e+02 8.892908838002213656e+01 7.455894230261138489e+01 9.477596853709370350e+01
