LEM/sinusoidal_perturbations/elevation_000302.asc
nrows	100
cellsize	150.0
xllcorner	0
ncols	100
yllcorner	0
NODATA_value	-9999
[rows 0 to 16 of 100, columns 37 to 73 of 100]
1.020457053015685176e+02 9.382401030096143302e+01 9.382401030096136196e+01 9.619662754200076904e+01 9.619662754200078325e+01 1.044408214513701125e+02 1.062404458310117121e+02 9.831369855927675871e+01 9.831369851888464950e+01 9.582733222554392682e+01 1.037556767948187115e+02 1.148229373534149858e+02 1.173648757874935029e+02 1.092825901131837583e+02 1.121424968990715456e+02 1.202234674976219111e+02 1.201321518034919507e+02 1.133397098869882029e+02 1.050358695534932423e+02 1.133397098869882029e+02 1.149393154446654108e+02 1.065918607143745902e+02 9.841102275678095168e+01 1.009725456289796170e+02 1.091540899644623011e+02 1.168252578830413455e+02 1.110514630501359505e+02 1.110514630501359505e+02 1.192184245748514684e+02 1.171045256525560774e+02 1.089185120122125596e+02 1.171045256525560774e+02 1.189195239262093793e+02 1.107310018106795297e+02 1.189195239262093793e+02 1.265898251304088973e+02 1.153052605330763356e+02
9.382401030096143302e+01 7.478427875901671484e+01 7.478427875901671484e+01 7.705870886354136928e+01 7.705870886354138349e+01 9.619662754200078325e+01 9.831369854966786193e+01 7.889837858666989234e+01 7.889837858666294323e+01 7.635503145842136519e+01 8.771379613442437062e+01 1.069106286405352080e+02 1.060900565844673196e+02 8.974732179794595766e+01 9.260915149822412218e+01 1.089499701985389493e+02 1.001571539016353398e+02 1.001571539016353398e+02 8.515029498817948195e+01 1.033732466706738933e+02 1.053506885847140779e+02 8.697367707913110735e+01 7.860095893936328082e+01 8.117515586790587179e+01 1.009725456289796170e+02 9.714533034952144419e+01 9.138522158476693846e+01 9.138522158476693846e+01 1.110514630501359505e+02 1.072583398639597192e+02 8.925530669279946494e+01 1.072583398639597192e+02 1.090697914056046329e+02 9.106027329343619670e+01 1.090697914056046329e+02 1.184292543618746407e+02 9.894839989746833453e+01
9.233079243915904044e+01 7.335422311096476733e+01 6.182299680258628172e+01 6.404437075468045748e+01 8.266407546665840300e+01 1.008442418661786775e+02 9.831369826184327110e+01 7.889837858662387760e+01 6.488705692801320879e+01 8.458499413590428162e+01 8.753836592066902256e+01 1.068187218149468976e+02 9.735069733979982232e+01 7.845369144567999342e+01 8.131879259610309418e+01 1.002122657568401678e+02 1.001571539016353398e+02 8.027404044112351755e+01 7.522054412351852193e+01 9.509308218065298490e+01 9.716513975501509037e+01 7.730521165110691584e+01 6.699399529679658372e+01 8.697367707913110735e+01 1.003929127997911053e+02 9.714533034952144419e+01 7.752934721726614953e+01 9.714533034952144419e+01 1.099846599268478400e+02 9.908690935250608334e+01 7.946095258716847809e+01 8.927393096985217369e+01 9.107930659536884832e+01 8.126297563867980500e+01 1.008956375520578490e+02 1.140144489598932296e+02 1.079741171950191330e+02
8.800652990382239693e+01 7.335422310288677750e+01 5.497902791367893371e+01 7.335422311066078294e+01 7.363660162027262857e+01 9.264185928147922766e+01 9.345986846369738998e+01 7.394462830754078198e+01 5.991617055075886356e+01 6.792035713181005008e+01 8.187128334590956058e+01 1.012199135317415681e+02 8.926078133592464781e+01 6.966803311262424359e+01 7.254376963770782538e+01 9.212363430215793869e+01 1.016454482352767741e+02 8.175668487832247422e+01 6.769830291901639896e+01 8.741243006987117781e+01 9.566177270400952182e+01 8.094957636058744299e+01 6.085368625085138206e+01 7.226798131526251723e+01 9.220015819084204622e+01 9.123088890010042462e+01 7.161549084433637802e+01 8.218670574641254234e+01 1.018258525079468200e+02 1.027181854663675864e+02 8.306959848641265864e+01 6.965410896129117191e+01 7.145960873983514716e+01 9.107930659536884832e+01 1.083794927100420153e+02 9.457900346577130790e+01 9.984500039077511246e+01
7.996057718795800895e+01 6.140135382155946786e+01 5.092913765001620163e+01 5.867960611186681774e+01 7.702665651869661190e+01 9.051173674334501129e+01 8.898276533343845074e+01 6.939319560038551060e+01 5.533701308380695849e+01 6.939319560038551060e+01 8.898276533343845074e+01 9.723606339539280441e+01 8.233370032829422769e+01 6.268563979000857955e+01 8.233370032829422769e+01 9.628522749226513611e+01 9.877655196797441306e+01 7.715209596583282803e+01 6.255553588913509344e+01 6.757934601903755834e+01 8.419719232876104797e+01 7.592560414501629396e+01 5.579683662403760280e+01 7.008145459464701332e+01 9.003462925005462125e+01 8.579055632481620819e+01 6.614865986906910678e+01 8.579055632481620819e+01 1.030668264932876923e+02 9.695129863380468294e+01 7.731961001656178212e+01 6.340833802495272664e+01 8.306959848642966904e+01 9.923859740960591580e+01 1.002715136556180937e+02 8.103183117363165877e+01 8.810327003531432410e+01
7.862121548094448542e+01 6.007315475836512775e+01 4.722164533912876294e+01 5.782673313708293250e+01 7.490686998134012242e+01 7.120830416147043707e+01 7.467838401067702137e+01 6.657955199363722443e+01 5.159754723967187573e+01 6.548030078190602410e+01 8.435134646883588516e+01 8.914450418620852190e+01 6.954049828295512725e+01 5.814871717774199311e+01 7.782612610075285886e+01 7.801624709718986139e+01 9.628522749226513611e+01 9.070948768210547541e+01 7.596179422922517688e+01 5.610898966628261064e+01 7.596179422922517688e+01 7.172846597969018489e+01 5.166590274927430215e+01 6.586915056162290227e+01 8.587410472820977247e+01 8.128439623481142462e+01 6.160230473534468842e+01 7.526611263277597175e+01 8.916646956303182492e+01 9.317197248054847591e+01 7.935396951191781056e+01 5.965338385459613590e+01 7.935396951191781056e+01 9.532081214902406430e+01 1.017223939395966994e+02 8.246204420652088629e+01 6.896046666605596442e+01
7.319689596269840592e+01 6.229958894747510101e+01 4.410384593694568878e+01 6.229958894746781084e+01 7.614431418747885516e+01 5.669699870172409106e+01 6.200308970126695129e+01 4.658465003801447324e+01 6.657854491316855672e+01 7.951518750806225455e+01 8.669466339236467434e+01 8.768164056146109431e+01 6.806345967757839333e+01 5.412502995076005163e+01 6.273755922334883195e+01 8.014445105607566688e+01 8.153459939558861436e+01 7.495031816880222664e+01 6.674031984733427691e+01 5.223717075228379514e+01 7.205431644740845343e+01 6.786742388578663565e+01 4.794060846716372026e+01 6.263438590635016112e+01 7.088853866709118279e+01 7.698941175237266066e+01 5.726952704729659871e+01 6.132803078487872739e+01 7.932409514713540943e+01 7.925336261531813875e+01 6.533475280151756692e+01 5.608488202835311398e+01 6.750770355843413029e+01 8.716449193605077994e+01 9.435338866574640804e+01 9.186305126223498974e+01 7.986133811556757678e+01
5.459046238544966911e+01 5.931249080501757476e+01 4.113676474789939164e+01 5.931273174595209241e+01 6.575626653080236395e+01 5.602466120497464885e+01 4.183630949314566294e+01 6.200307559738320151e+01 7.467265505251344848e+01 7.882894236340401051e+01 6.522012680903306148e+01 7.101591787207357243e+01 7.002120521362078875e+01 5.034616590410289660e+01 5.302568511192745149e+01 6.141042999011058612e+01 6.147281611867564521e+01 6.178411210267709208e+01 4.697279536224990437e+01 6.674031831688311911e+01 7.231055938207929046e+01 6.843078563574620432e+01 6.263438230634798032e+01 4.290345401731909902e+01 6.137275313902593155e+01 7.138430387476070393e+01 7.117399581662314745e+01 5.145408416385612327e+01 7.117433500023767579e+01 6.684583317052354801e+01 5.137756167246907779e+01 6.277820612137830381e+01 8.246562008116154630e+01 8.879126298761343605e+01 7.512480319742464019e+01 7.821548512188468294e+01 6.457349807098852068e+01
5.998740780650981463e+01 4.174653811858618724e+01 3.832496900729040590e+01 5.644280918516925283e+01 5.363772013276240358e+01 3.742553460961027412e+01 5.773176420267463271e+01 6.420269949517170005e+01 6.122711754457949240e+01 6.628173655992615920e+01 5.176303186595197303e+01 5.215666509158099018e+01 6.567253895046968637e+01 6.485429440497340181e+01 4.518618737622063009e+01 4.166248186380203578e+01 5.710814063895976744e+01 4.201035203646916472e+01 6.178411200019328220e+01 7.059580421919442017e+01 5.170097140154179272e+01 4.868866310756742877e+01 5.638171672732832462e+01 3.951615201920059661e+01 4.902247691290136800e+01 6.209878435711132738e+01 6.763114881646775700e+01 4.806251430978328898e+01 6.281488085081325323e+01 4.730506672978034999e+01 6.684583106017129239e+01 7.925334603578833992e+01 9.061948740977742034e+01 8.072127802791375473e+01 6.149219540732929801e+01 6.858054320058943176e+01 5.075668669241521513e+01
4.893886238692925161e+01 3.448370563152023749e+01 5.249421382551913240e+01 5.363770640748107610e+01 3.320074348659399277e+01 4.967296281032345462e+01 5.108966957787900753e+01 4.493593657183611612e+01 3.553060564843334390e+01 5.323614617230484924e+01 5.599336008426476496e+01 3.964205607426285383e+01 5.766197160047097015e+01 6.701403581484821359e+01 6.481894585916579388e+01 5.705157511771940193e+01 3.722486892342221410e+01 5.447386533007713183e+01 6.782606260839905588e+01 6.011912495011615221e+01 3.708062552177700866e+01 3.446241869171045380e+01 4.279175167635659705e+01 3.606563331900985503e+01 3.665481457883252148e+01 5.627880963674972037e+01 6.516980608195633806e+01 5.985083724491598645e+01 4.371838649153163914e+01 6.281488085081331718e+01 7.500234282465378044e+01 8.645826919557433143e+01 8.412379500607269733e+01 8.031176150867401020e+01 6.251084417258991976e+01 4.914584295275709280e+01 6.858341756123469679e+01
3.093616316766550511e+01 4.877325370984675601e+01 5.933041446413372455e+01 6.044396978468316206e+01 4.951275221876411337e+01 2.912480887884631287e+01 2.635663856084767431e+01 2.622742887423590119e+01 3.752795294641220636e+01 4.371967440061601451e+01 3.135048219068455211e+01 3.660145877042591422e+01 4.887618746314330309e+01 4.431586399733153314e+01 5.130264429342342680e+01 5.488956326471056713e+01 3.496112697436508654e+01 5.183176247779223900e+01 5.194356259042932322e+01 5.291695725515555182e+01 3.368772985849418689e+01 5.369410365576738542e+01 3.525494730377984354e+01 5.542454979728381659e+01 5.627988132016096756e+01 3.750020181682043585e+01 5.705362671672539676e+01 4.106657460004175419e+01 5.985083724478278810e+01 6.088401452610825970e+01 5.580649553143355490e+01 6.918938503906254311e+01 6.719364509209054859e+01 8.016175893842624589e+01 6.745155032373715187e+01 4.805436690026395752e+01 5.676650434382123933e+01
4.417062858727426544e+01 4.301426700358221211e+01 4.714543264929273647e+01 4.502753297891026563e+01 4.436933734281962671e+01 4.301072560056140048e+01 2.570025769860280818e+01 4.304671517076441489e+01 2.675890134267150344e+01 2.713730900906276489e+01 2.751524775152797275e+01 2.807859526736616118e+01 2.863708129221273424e+01 2.919218008070489390e+01 3.494215168765532553e+01 5.003282506060885737e+01 4.664910473236466970e+01 3.184533703961341544e+01 3.238990281165942520e+01 3.292533114293259899e+01 5.021833704899956530e+01 6.130490133112098761e+01 6.350253340588076867e+01 6.868287330839750382e+01 5.232587046783701368e+01 5.587345677409091849e+01 3.835132313686901284e+01 3.895277553228142153e+01 5.838807206785596549e+01 4.070111806673730115e+01 4.130977267467487479e+01 6.060457149481598549e+01 5.498021999166348905e+01 6.293533209001530793e+01 6.618908116278500131e+01 4.699619788548834265e+01 5.865789385047762750e+01
3.221104636640141194e+01 3.847673106544824861e+01 2.407904691553946819e+01 2.444214315438504670e+01 2.480722931720919178e+01 2.517560545585721243e+01 4.471449812361829856e+01 5.155338176119031601e+01 4.921963291282429509e+01 4.333020866534189963e+01 4.428825522975016327e+01 2.822146762905812167e+01 3.781574947437950840e+01 4.804750906599624471e+01 2.997601262236064912e+01 3.053072108395297590e+01 3.108184813446587569e+01 5.108819133532116297e+01 5.055364998614673055e+01 3.717252296965878600e+01 4.088642899190501367e+01 5.483948728963770947e+01 7.460315674991709045e+01 7.929400121799568524e+01 7.113634350147681573e+01 6.551652687663501240e+01 5.783316059462637782e+01 4.603271141289729229e+01 3.982367253153148567e+01 5.738641777928793175e+01 6.007894656818263712e+01 4.214525382601178194e+01 5.632916331981397207e+01 4.374768616050902637e+01 6.129515728166520461e+01 4.596225617296803279e+01 6.491539053391329617e+01
2.316587362621222113e+01 2.356812121844199837e+01 3.167406495921377996e+01 3.991276629386578634e+01 4.518545206055015484e+01 2.516903376353941724e+01 3.312836670629149438e+01 4.736934153359854349e+01 6.595366909035581671e+01 6.368299964468183560e+01 5.157035039546340016e+01 2.871466541820049656e+01 4.311079355608153918e+01 3.946345825277465025e+01 5.404786147519289585e+01 5.056134445746532435e+01 3.422400170773608608e+01 5.534953259467632591e+01 4.348455941852326134e+01 5.660569093680780384e+01 6.062703095794795871e+01 5.073248115481244014e+01 6.475584574560792817e+01 8.445263106837911948e+01 8.629773589137070644e+01 7.491975757033220873e+01 6.284508883376282995e+01 4.349602923465105420e+01 5.919176659618263159e+01 4.770596369841027951e+01 6.345129003039926374e+01 4.735662650289452102e+01 4.295737819065109164e+01 6.124369827841022840e+01 4.452344566583387575e+01 6.401918050080045930e+01 7.453586542062198816e+01
4.994260538855463949e+01 2.490027601543185298e+01 4.678313391104168062e+01 5.052537872838051669e+01 3.270303399095529784e+01 4.818368959339090907e+01 5.341288570622862864e+01 4.487421623710783791e+01 6.449999142099338201e+01 6.850968492027040213e+01 5.006720341787828232e+01 2.919941356794640086e+01 4.739164910397058605e+01 4.855220436287631003e+01 4.525066869074563414e+01 6.254057547703364861e+01 4.343976845926179209e+01 6.342287169902689925e+01 4.847491201455900978e+01 6.785580007539905978e+01 7.865355015251255111e+01 6.218988906450315568e+01 7.865358785797468499e+01 9.054676476009902331e+01 7.813982704218152264e+01 5.842749469011233288e+01 4.718981742888652775e+01 6.284508883376282995e+01 7.097966715990219200e+01 5.354098282349539772e+01 7.224818282065096753e+01 6.642203868624493168e+01 6.650208433284241494e+01 5.219383313312263084e+01 4.516869112347763604e+01 6.445618447386976868e+01 7.009553146699805382e+01
6.329138137007124243e+01 4.791043996569085550e+01 6.333824901191203338e+01 5.706498629619773055e+01 3.712222607018118481e+01 5.700899700987501717e+01 7.230201195501264522e+01 5.889445780067927672e+01 7.264988207111467489e+01 6.072693307497806359e+01 4.140439603706819582e+01 2.967274447356249567e+01 4.991864094812805064e+01 5.169889510849777992e+01 6.263730875032958778e+01 7.227141347740615629e+01 5.749490398442700467e+01 7.298604784320022532e+01 6.088262779561247839e+01 5.718548350957479443e+01 7.648826492734677629e+01 8.191073809612940693e+01 9.001185988124503012e+01 8.238965788071266161e+01 6.268400258742422437e+01 5.128906249956514074e+01 6.675890665236228472e+01 7.491975757583361428e+01 7.938193606419518744e+01 5.996914561197079507e+01 7.938193606419036996e+01 8.953262949246321512e+01 7.827590272187389075e+01 6.695959447583291535e+01 4.796811472194460890e+01 4.611249432568099849e+01 6.150410789987867588e+01
7.260892785118615222e+01 7.048104532994889837e+01 7.353768348628275930e+01 5.338260328575082525e+01 4.288092416432309761e+01 5.338260328575075420e+01 7.353768348622402584e+01 7.812919359314069823e+01 7.050569495290648092e+01 5.323886284058367124e+01 4.019375125248565439e+01 3.013341424491618881e+01 5.021820928217955071e+01 6.534007512446392241e+01 6.214513294027702983e+01 7.583685629760343261e+01 8.058130640436915826e+01 8.677480952284840043e+01 7.925354438929946355e+01 7.081796215215798895e+01 6.832135028909220864e+01 7.941001502264988687e+01 9.889296185571141962e+01 8.895813901400275370e+01 6.928160273794981094e+01 5.529138361138108593e+01 5.848847250697295408e+01 7.821609584251980607e+01 8.753259880780579749e+01 6.962958222657613305e+01 8.753273176580677273e+01 8.379695916608706341e+01 6.458462385799931837e+01 5.224921828221039277e+01 6.721968491573618110e+01 6.430995126817616381e+01 4.707048635395153724e+01
