LEM/sinusoidal_perturbations/elevation_000059.asc
nrows	100
cellsize	150.0
xllcorner	0
ncols	100
yllcorner	0
NODATA_value	-9999
[rows 17 to 33 of 100, columns 37 to 73 of 100]
6.200573476082934832e+01 8.227046430506470642e+01 9.595228439030954348e+01 1.071256275707048928e+02 9.035561083886214817e+01 1.071256275707048928e+02 1.195896657217691654e+02 1.269698221069644006e+02 1.269698221069644006e+02 1.352272015498486155e+02 1.404079027777763145e+02 1.287753894192772464e+02 1.203814819430633918e+02 1.124188054283996365e+02 9.743670303430529600e+01 7.494112607035798135e+01 9.743670357577447305e+01 1.155767569829690871e+02 1.155767569833059554e+02 1.361867199536315240e+02 1.351202392696403933e+02 1.247575789308241809e+02 1.058102096828008882e+02 1.247575789308241809e+02 1.159419380870826473e+02 9.980337903274387656e+01 7.662154022332558156e+01 7.473394348897743100e+01 7.527910041196891200e+01 9.669594847513837976e+01 1.076939131262645759e+02 1.014233309128695737e+02 7.911089938342354344e+01 1.027832132601613608e+02 9.398199099476696006e+01 1.136130989597353533e+02 1.178958169584754501e+02
8.227046429597427846e+01 6.996409609161862875e+01 8.169152390871096259e+01 1.018641976340961293e+02 1.103963471456583818e+02 1.186952272848082686e+02 1.205690639950958740e+02 1.059109264403431183e+02 1.059109264403431183e+02 1.269698221069644006e+02 1.250921262716948235e+02 1.165966170413693845e+02 1.179378731070758874e+02 1.025136133516066224e+02 9.360036391560909408e+01 7.361783116182394338e+01 9.580618502842870043e+01 1.137637516315254089e+02 1.222472779525416087e+02 1.342398533940011873e+02 1.267916449385519968e+02 1.058102096828008882e+02 9.428246581835347229e+01 1.073119280473503352e+02 1.038407472261261972e+02 9.540033574433923036e+01 7.396982183237444985e+01 9.636123314156162678e+01 9.667087042103378280e+01 9.171088345250456086e+01 1.146953551821691377e+02 1.104706612681123801e+02 9.436891910127990002e+01 8.034057995940406727e+01 8.125206848971950535e+01 9.585543729676285807e+01 1.079317016767103183e+02
8.431206247252886499e+01 8.012692244504503947e+01 9.856589065925639659e+01 1.102074828153590289e+02 1.225854055698961247e+02 1.141046084361641277e+02 1.120789341767965084e+02 8.997736615712719299e+01 1.047117448369067461e+02 1.259352926059299023e+02 1.165966170413693845e+02 9.475128483446643202e+01 1.011495868790142936e+02 8.708467583785342470e+01 7.184226538910877480e+01 9.352783402928741907e+01 8.328581969383193950e+01 9.161312289030836098e+01 1.048641628605927281e+02 1.259208159758538841e+02 1.351202392696403933e+02 1.247575789308241809e+02 1.073119280477912127e+02 8.440626180754507857e+01 8.151812731120837441e+01 7.322439093383061959e+01 9.540033671455056208e+01 8.496866335471965215e+01 1.076581891216586513e+02 1.146594040377799502e+02 1.233756655180936406e+02 1.228396549939241851e+02 1.114920379698478996e+02 1.041829446002590629e+02 1.040253937864926002e+02 8.264024497745033671e+01 8.747892356820068471e+01
1.044744840023622601e+02 9.443073736746443103e+01 1.087388457161640218e+02 1.135089172103721324e+02 1.048594088543541574e+02 9.226670287872974541e+01 9.627404177904348614e+01 8.238768090919133158e+01 9.839977409053874169e+01 1.199501902180906541e+02 1.165345041360888416e+02 9.474048988331729504e+01 7.890144160482749669e+01 9.001540248264404909e+01 7.062769564937768507e+01 9.209322106184698953e+01 1.059322674840691292e+02 1.137637516315254089e+02 1.222472779525416087e+02 1.202630586344652102e+02 1.179895955790489808e+02 1.169645904457152596e+02 9.494981437301511562e+01 7.858843402246401411e+01 9.379461566614705248e+01 7.270178234817163343e+01 9.472895840716765292e+01 1.078468765436329306e+02 9.986124539633864572e+01 1.155269690115326569e+02 1.362213913055374519e+02 1.385150196571027834e+02 1.268004922593208477e+02 1.124825675100239266e+02 8.966911867489001509e+01 1.065816627900528886e+02 8.414143211561098212e+01
1.116628855548745776e+02 1.147762127625181421e+02 1.207750814736994016e+02 1.048593736657785485e+02 8.291967824069517690e+01 8.934564164925231466e+01 7.436451491728810481e+01 9.627404177897977888e+01 9.749955203377477631e+01 1.063124882325837461e+02 1.070235510003774237e+02 1.043463833369849141e+02 8.332644407661133812e+01 6.893793127736613258e+01 8.999522597674045699e+01 8.803953261828515053e+01 1.038765269798077924e+02 1.252008067204288722e+02 1.202630586344652102e+02 9.849468766268390141e+01 9.606880818481771200e+01 1.112649287640279141e+02 1.018310510626153871e+02 9.287810830615548241e+01 7.197144152970395226e+01 9.067972951638031986e+01 7.923741261584447670e+01 1.021204150184003225e+02 1.187024440484309764e+02 1.215882249687086016e+02 1.420979754185779029e+02 1.302352663969691093e+02 1.098204049559046638e+02 9.693739747942537122e+01 1.124825675100241682e+02 1.202768120673168681e+02 1.136589117815251200e+02
1.000230306534871971e+02 1.142808521779449507e+02 9.951925441284389251e+01 1.048590015111003027e+02 8.291967736066493444e+01 6.836087692289422080e+01 8.934523156995521731e+01 9.158203958384616783e+01 7.598210944918425014e+01 9.392986614813484891e+01 8.536129100956735272e+01 8.536143236592380390e+01 8.668220455392203405e+01 6.777951954946674107e+01 7.757335994144099800e+01 9.325066326386510696e+01 1.151218169049546844e+02 1.144508066217685780e+02 1.103869932121012596e+02 1.024615371674770330e+02 7.945234833300865773e+01 9.136633533516750560e+01 9.198838709162318139e+01 7.124923848782322011e+01 9.287776112129191119e+01 1.019851782216982343e+02 1.021204150184003225e+02 8.748550925058856365e+01 1.101245107626279918e+02 1.273862794743429276e+02 1.392364544458383477e+02 1.346465947532707617e+02 1.143868452612405235e+02 1.024857877863949511e+02 1.229964053384248786e+02 1.320201499683599593e+02 1.101574375765615343e+02
9.008763550563668332e+01 1.037439508943896982e+02 8.336563991109579774e+01 9.057436061142661288e+01 8.543873899983135800e+01 6.497107333667189266e+01 8.034751165918159188e+01 6.484500973238201027e+01 6.636061723338922036e+01 8.460706451147727591e+01 8.352338891946214972e+01 6.500575258566897219e+01 6.615492376850555445e+01 8.660604698481218122e+01 9.746750912078715601e+01 1.084499238166344952e+02 1.144508066217685780e+02 9.172223814012467358e+01 8.756721853735653838e+01 8.988832264288383556e+01 7.230670547273284399e+01 7.003924150076512944e+01 7.054087331553074591e+01 9.177387282038871774e+01 7.514669931797243407e+01 9.768165090476850310e+01 1.115398975450908381e+02 1.101245107626279918e+02 9.730459114985077917e+01 1.102095724029745014e+02 1.309344752306059547e+02 1.429090994173332945e+02 1.280468303823051315e+02 1.078451302067843756e+02 1.280468303823051315e+02 1.404857632901947113e+02 1.244247179148972435e+02
8.087581801634239298e+01 9.641267279635698628e+01 8.973276560311403216e+01 6.903349874184341672e+01 7.924770758957936323e+01 7.118595007246806006e+01 6.004070629345547871e+01 6.048685579643573362e+01 6.093157906819953951e+01 7.167408265282517732e+01 6.333619813503679552e+01 8.352441647690856996e+01 8.027091592704857703e+01 8.028123706578017504e+01 1.022333386372793882e+02 1.175032910882229373e+02 1.044170067505437345e+02 9.380450264373597236e+01 7.242835212162482605e+01 6.882543069611517694e+01 6.932681460564215570e+01 9.049483559033933489e+01 7.742003957142240722e+01 9.821015649251182822e+01 9.768165090476850310e+01 7.970984472592901682e+01 1.027761442107945555e+02 1.168041524756186220e+02 1.189689470041440416e+02 1.102095724029745014e+02 1.249973987904913599e+02 1.452678456931761275e+02 1.344227907014228265e+02 1.142602338221568914e+02 1.243506232604951265e+02 1.444930660580007782e+02 1.297491670788058684e+02
7.712478403971275043e+01 7.699836785629301517e+01 7.602140036620326669e+01 5.930700756708149868e+01 5.897190957166841230e+01 5.941348158798127344e+01 7.958640225118861622e+01 8.072444918729622998e+01 8.114718631972803564e+01 6.155341709669793460e+01 8.173015685281497156e+01 9.238296795248709259e+01 1.020331553433548919e+02 1.022324339047270598e+02 1.110793196514498220e+02 1.088408199884470093e+02 8.544857196842642111e+01 7.348524661529816626e+01 6.811201941477411026e+01 8.903956252950906958e+01 7.105195819452593753e+01 9.376092625727424945e+01 9.969727295172506842e+01 1.089313379944713063e+02 1.115398975450908523e+02 1.027761442107945555e+02 8.521862288880922165e+01 1.019272663811073301e+02 1.233120321095709357e+02 1.309344752306059547e+02 1.309344752306059547e+02 1.511002632389501343e+02 1.415732752321751775e+02 1.213486508303170268e+02 1.415732752321751775e+02 1.527060351923985877e+02 1.354994267882596546e+02
5.671313288079758053e+01 6.304111557923702236e+01 5.791711683509966235e+01 5.835099237574162601e+01 7.869652896040278733e+01 6.557257764393669675e+01 8.401656130909381659e+01 9.549272523230450815e+01 8.132672784796849896e+01 6.201116350305176894e+01 8.215254807794411818e+01 9.736088479900780612e+01 8.929805756475209932e+01 9.815116470826845330e+01 1.091090393946657429e+02 1.110275050482584334e+02 9.653183005903930791e+01 8.760965396007240713e+01 6.760589641113185166e+01 8.844466946357700010e+01 9.376092625727424945e+01 7.849685463552650333e+01 1.017297402965662627e+02 1.191820492486068161e+02 1.270225144899492591e+02 1.060328564688347370e+02 8.961049611792500968e+01 1.121805849684326120e+02 1.245900698268689126e+02 1.310472315152907754e+02 1.393307179373371127e+02 1.483427085012086764e+02 1.498074228898023819e+02 1.330575639984011787e+02 1.498074228898023819e+02 1.523047775195275904e+02 1.317225103994703090e+02
7.308040241365668521e+01 5.730975959732560909e+01 7.814284903927172365e+01 6.599059603332867141e+01 6.581336456072054375e+01 8.430642865343568815e+01 9.399520416445453463e+01 8.770720773765077638e+01 6.630046307439452846e+01 6.246024146804965937e+01 8.259832935777006924e+01 6.501167408326031705e+01 6.580210009152096973e+01 7.828951665018016115e+01 1.002814735242622248e+02 9.554521734272076117e+01 8.035918020856983901e+01 6.689269659480626729e+01 7.316022168969311679e+01 9.358914288238845813e+01 1.105284892497446663e+02 1.017297402965662627e+02 8.798119495740540685e+01 1.106025759007679170e+02 1.304764547751946395e+02 1.197746590196436784e+02 9.829477498169931948e+01 9.743553335137889349e+01 1.038780568184631790e+02 1.106278933598990193e+02 1.198442920674299046e+02 1.342295327132427758e+02 1.543087521166350200e+02 1.532059531088029019e+02 1.613631161775932128e+02 1.605114739216557780e+02 1.512169900618974054e+02
9.150812908529229617e+01 8.543509565284924179e+01 6.580245166052924333e+01 8.193216851935000022e+01 8.609405773454676591e+01 7.382585791437858802e+01 9.523286515129260010e+01 9.685104767607386123e+01 8.634394056124837391e+01 7.102907693792175792e+01 6.307377417207931813e+01 6.349731930693504722e+01 6.601783613889088542e+01 8.421796165589208272e+01 9.354854779020823230e+01 8.561125294426227583e+01 6.619510265825940110e+01 8.035917150518999108e+01 9.339685967590247628e+01 8.982516565511258477e+01 1.122778634916883789e+02 1.191820492486068161e+02 1.043735133104353565e+02 1.005942665455294929e+02 1.220954325684925550e+02 1.281488310719362005e+02 1.083601771016880377e+02 1.075663404239249701e+02 1.186244611639457673e+02 1.310472315152907754e+02 1.393307179373371127e+02 1.483427085012086764e+02 1.538468154267679324e+02 1.455669371582977760e+02 1.466837493404713939e+02 1.549555255058184287e+02 1.613460612405206405e+02
9.600024384737091054e+01 9.716980010746013363e+01 8.820418289157454694e+01 7.534328873067421739e+01 9.776470833379998737e+01 8.885442060139250486e+01 8.503433835333466106e+01 1.069441544960354236e+02 9.879664629777640528e+01 8.719920634934160830e+01 6.699936647745866480e+01 8.364339365281470862e+01 6.407239646262141264e+01 6.659472456632700244e+01 8.475393993025377881e+01 6.551946742163309523e+01 8.564657058632772646e+01 9.555988629267142187e+01 1.110217064659332209e+02 1.122778634910461761e+02 1.100046127358338595e+02 1.186932692758193610e+02 1.256408632872194175e+02 1.133772350519011098e+02 1.304764547751946395e+02 1.373005040598680466e+02 1.204377841430638938e+02 1.196727442877574390e+02 1.365521704600203918e+02 1.471792568712224920e+02 1.470162682687249003e+02 1.386954912321451445e+02 1.402102938863122858e+02 1.251903006896482395e+02 1.263166751667226748e+02 1.407647010775922354e+02 1.609735959330553214e+02
8.564742874701529729e+01 1.078887073062973059e+02 1.052238158455981818e+02 8.284649331039766196e+01 1.052238158455976844e+02 1.106317924905072090e+02 9.614653628612070690e+01 1.155664171548504129e+02 1.083624577824628545e+02 8.627924827343358061e+01 7.116117291543217505e+01 9.276837463499698799e+01 8.603392066705184504e+01 6.462256653255559513e+01 6.500015341639833366e+01 8.528782936883165178e+01 6.635525196936887937e+01 8.696822920578910043e+01 9.691315663301475070e+01 9.539051608941707627e+01 8.689769706125683513e+01 1.036153584362388500e+02 1.254296371193666175e+02 1.340047118513670341e+02 1.422731713842142938e+02 1.489340599375564693e+02 1.407169287260773558e+02 1.399659617934029257e+02 1.481972519245444460e+02 1.530500291973133358e+02 1.327504113280992044e+02 1.185054845415975109e+02 1.200093574564233307e+02 1.137215077849596270e+02 1.251903006896482395e+02 1.396406753496787303e+02 1.598741987908398130e+02
9.877896063188033793e+01 1.164334389939164680e+02 1.139142195022686508e+02 9.430614086063549451e+01 1.139142195059152414e+02 1.261875026801625665e+02 1.177417727059500834e+02 1.261875026801625665e+02 1.140531198556139856e+02 9.216479244178628960e+01 7.628385346575035442e+01 9.871050958111919726e+01 9.436275226830515805e+01 7.257862720624785879e+01 8.533134025829436098e+01 9.414304445332612659e+01 8.696822888114378713e+01 6.721744943153782970e+01 8.798739627187019607e+01 7.410125612875103229e+01 9.489097459932376921e+01 1.122060423776820386e+02 1.152908027163003197e+02 1.237691499457340996e+02 1.343764819719924049e+02 1.343764819719924049e+02 1.426224972814617900e+02 1.439509463975027757e+02 1.356901541689260569e+02 1.439509462512613425e+02 1.416813118473195914e+02 1.259260747504167028e+02 1.060023647031379426e+02 1.259260747504194029e+02 1.421477748279373827e+02 1.404234875676968386e+02 1.484243132336425788e+02
1.203328526854811145e+02 1.286132273470601604e+02 1.246382341164959655e+02 1.161414908310275109e+02 1.246382339711175575e+02 1.281500234432616594e+02 1.197309885632360533e+02 1.281500239111719281e+02 1.141889450119802376e+02 9.229913393857167137e+01 8.542281937614681908e+01 1.071559800877744522e+02 1.037036674168670771e+02 8.536182778242113045e+01 1.036926653586483127e+02 9.574214979761345035e+01 7.380655328376170132e+01 8.767063779161948389e+01 6.809949490244832759e+01 6.872247265196349986e+01 6.941452435048677216e+01 9.874829419124388608e+01 9.332500386561078187e+01 1.152908027163003197e+02 1.137595426688677094e+02 1.137595426688677094e+02 1.343764819719924049e+02 1.338436888822620006e+02 1.153633052664101371e+02 1.338436888605468198e+02 1.333672780166564849e+02 1.132828848287876156e+02 1.014436500039380462e+02 1.217716857183563093e+02 1.370440425478071518e+02 1.205482823063577769e+02 1.370440425478071518e+02
1.162784972451726730e+02 1.260422467564229123e+02 1.175717193474945503e+02 1.226296914930457405e+02 1.141120681085395461e+02 1.175477363855659405e+02 9.816222927837273460e+01 1.175477370578193614e+02 1.226713002904623124e+02 1.141889450119802376e+02 9.682758259632660724e+01 1.159912919732553576e+02 1.163576663758632037e+02 1.075986726807252012e+02 1.045583172808219956e+02 8.208840978503887698e+01 9.574214979761345035e+01 9.780838251599915623e+01 8.902683620398663322e+01 8.812102567309909773e+01 6.956523950514012711e+01 7.724623979360528381e+01 9.975863739479810022e+01 1.096017166164941159e+02 9.816829958259334887e+01 1.137595426688677094e+02 1.343764819719924049e+02 1.255267297176079637e+02 1.047532229445313163e+02 1.255267297176079637e+02 1.335926480462243546e+02 1.177475567979097235e+02 9.682925672536754291e+01 1.126371816848997867e+02 1.182133198832524243e+02 1.087014281111914471e+02 1.289485333270494607e+02
