LEM/sinusoidal_perturbations/elevation_000428.asc
nrows	100
cellsize	150.0
xllcorner	0
ncols	100
yllcorner	0
NODATA_value	-9999
[rows 51 to 67 of 100, columns 0 to 36 of 100]
6.455108993161302530e-03 1.612282721285956200e+01 2.229745770979001307e+01 3.948354345160538514e+00 5.100151232595941941e+00 6.247581512665706605e+00 2.627688290801462045e+01 3.637141681736284227e+01 3.178713618772885141e+01 2.345821039931118079e+01 3.588399354640698391e+01 2.039241364653712196e+01 4.041703954831137935e+01 4.506512968947308906e+01 6.505746638390245096e+01 7.499883634062297233e+01 7.459755909746935743e+01 6.046826419184422718e+01 6.686690672241792299e+01 4.692392443291296189e+01 6.022604245671048773e+01 6.853466127456806589e+01 7.437874026905635105e+01 7.043235565305944590e+01 8.882783286096143627e+01 9.455410740705504224e+01 9.180885215534104304e+01 1.001684072149385116e+02 9.367381294424070859e+01 8.366904540794671163e+01 7.265083465948362118e+01 5.284266180085635511e+01 7.265083465948362118e+01 7.792990406108553714e+01 5.808005324027204352e+01 4.407488188340835933e+01 4.572386938666304701e+01
3.995603441288198172e-03 1.156784731648099029e+00 2.311541165395266884e+00 7.894062547929750373e+00 9.120456677755550245e+00 2.499182595599269519e+01 1.112139480557863003e+01 3.123803306157933335e+01 4.451589085123482903e+01 4.230906108760493822e+01 4.775267839786329205e+01 3.456428882382680712e+01 2.507519159306916379e+01 4.506412426305517727e+01 5.537264792930993451e+01 5.530941268407586620e+01 6.986310910829602960e+01 8.050674696899265825e+01 7.439524131683222663e+01 5.446463700706463840e+01 5.632883528136608930e+01 6.784838223632694110e+01 8.776356529581401844e+01 8.856265074462073983e+01 9.319045349389605803e+01 8.592811338797081078e+01 9.530786024462837247e+01 9.953011343677817990e+01 7.941403193159233354e+01 6.537605707456626192e+01 5.551284537668488639e+01 4.803302815561965389e+01 6.224251497237789010e+01 7.052194611152488335e+01 5.993303697879974123e+01 4.004318413073131211e+01 5.993303697879974834e+01
4.804567899273937473e-03 1.999962541891460432e+01 2.231262754525018721e+01 2.403891448837143585e+01 1.557048515820316048e+01 3.207959255924816233e+01 3.123803306157933335e+01 1.634779810903240005e+01 3.056813548134530478e+01 5.059708680941018599e+01 6.283268436273266389e+01 5.334550769457187869e+01 3.921259512040060713e+01 3.025290714558283511e+01 3.540999678177240639e+01 4.171313167857726967e+01 5.583099093969226345e+01 7.584736938636133630e+01 8.250937141298777533e+01 6.444016945501269333e+01 6.630477643579150993e+01 8.442360790969937057e+01 9.594376595134673380e+01 9.276833696185302358e+01 8.284378133258096000e+01 6.254239084281354621e+01 8.284378135720265846e+01 9.989812101406887734e+01 9.149748946474623779e+01 8.366900178733357052e+01 7.369862367461237795e+01 5.385602748624094716e+01 4.237741986161736918e+01 5.727624067006614439e+01 5.720095557886310900e+01 3.724909975924331462e+01 4.881376558005299415e+01
9.707512844716031236e-03 2.000970751284436133e+01 3.098285598109814387e+01 3.715373888493141408e+01 3.309161029416166144e+01 4.171037104284861385e+01 4.036542799379254376e+01 2.032144494394000489e+01 4.036542799379254376e+01 5.263353677733324787e+01 6.094756033263941220e+01 6.747842026871902021e+01 5.555458532716568953e+01 3.559062619518075365e+01 5.537264792930993451e+01 6.169365335386500249e+01 5.433764440174854116e+01 7.435157358103477065e+01 9.236858067580187992e+01 7.854270286645584065e+01 8.039953817262139069e+01 9.411400057592774715e+01 8.623020311400263438e+01 7.168242368734264858e+01 7.341387551839336822e+01 5.167520400599517671e+01 7.346511002508727017e+01 9.124080994824171853e+01 7.062088405958522230e+01 7.570381617845140454e+01 8.201841910512736433e+01 7.052161253228031512e+01 5.727624067006614439e+01 3.732243293134404638e+01 5.257308264455644320e+01 3.456999280654721929e+01 5.458114856587984320e+01
5.001202446392439237e-04 5.350807612570687155e+00 1.092064926875539399e+01 1.730478363966037492e+01 3.152894588298300960e+01 5.151795747488788635e+01 4.866948204101061748e+01 3.190512416341557156e+01 2.684689532049107541e+01 3.262591451069518200e+01 4.676060019232460974e+01 6.681205993181823999e+01 6.310708291883640442e+01 4.312505251386149041e+01 4.820611096654658922e+01 6.819954033654704517e+01 6.848282666116008954e+01 8.264833519351368807e+01 9.255130088591417348e+01 9.829355018756551488e+01 1.000585919594658861e+02 8.731090635106220077e+01 7.558252292085289525e+01 5.706811404506316165e+01 6.574103759761702293e+01 4.464557008547911465e+01 6.598584735198824092e+01 8.186516450713793347e+01 6.883085453228399331e+01 5.571694591185651291e+01 6.955751308190886562e+01 7.778597254817097451e+01 6.554662827449702434e+01 5.257308264453634905e+01 3.252709304142285873e+01 3.194124882835071233e+01 3.960419923774934858e+01
5.279685921607564676e-03 2.000527968592125205e+01 3.098379347174353526e+01 3.738359182903548827e+01 3.003725203787686482e+01 4.416677894195833431e+01 6.023517809815284352e+01 5.192241794970610869e+01 3.501430329784810880e+01 5.263353677733324787e+01 4.416225354384885549e+01 6.420552487692614818e+01 7.139708892937973417e+01 5.310372403309461475e+01 6.233657486104003453e+01 7.649001641680716546e+01 8.851998198913156557e+01 8.705601781461012934e+01 7.354814171544798285e+01 8.304016774595871198e+01 9.097623095033817719e+01 7.896006014551720398e+01 5.865142690218068822e+01 4.674494599537792539e+01 5.731438729187165393e+01 3.862719030035754741e+01 5.125444369145218104e+01 7.419865340511717022e+01 6.717953393420199859e+01 4.742403629009353239e+01 4.961272784346460440e+01 6.628429356065480249e+01 6.345524715282531503e+01 4.352601939856354818e+01 2.928895561848510809e+01 2.949314967940838628e+01 4.956551515620849102e+01
5.738623160518319517e-06 8.944277648622239951e+00 2.049128303241455029e+01 4.049128303241383975e+01 5.002487375833677419e+01 5.832964156360895203e+01 7.249250418525952000e+01 6.334471358905621230e+01 4.655359650209443600e+01 6.334471358905621230e+01 5.571740541278182945e+01 7.252770905216009112e+01 8.140206241108488427e+01 7.311044180457814434e+01 8.140206241107949836e+01 9.064345797290249607e+01 8.716543404275614648e+01 7.753145513862880023e+01 6.011648639051921350e+01 6.405030184400133919e+01 8.302876116862279332e+01 8.369459683044932774e+01 6.401607451478972166e+01 5.698188368948846261e+01 3.702104436476682991e+01 3.346869050935967493e+01 5.456118873385177892e+01 7.082624266678847391e+01 6.893474842832502247e+01 4.960170689982124514e+01 3.720529042243266105e+01 5.115774978927068162e+01 4.660892585412839395e+01 4.366651854695479074e+01 2.621700351561465325e+01 4.626563858963010034e+01 4.372900696620270367e+01
4.532054705376768917e-03 2.000453205470502027e+01 3.722854889608313300e+01 4.877555427987544334e+01 4.863661671024912181e+01 5.082540194529546795e+01 5.911554348319852892e+01 6.452453999391329376e+01 6.660581457567167263e+01 7.492887082132550347e+01 7.580051169530445065e+01 8.412510304762584212e+01 8.665750759774790879e+01 7.842054484617828791e+01 8.103396676862776360e+01 8.931477370612724087e+01 7.917239349112217894e+01 5.998691735517980561e+01 5.026000959569410753e+01 6.350275036924627159e+01 8.267416914460754640e+01 7.354447128658483734e+01 6.149025984788848831e+01 4.348513884806261842e+01 4.815781018750054443e+01 2.864968290730378087e+01 4.054558850882258270e+01 6.225590857209368778e+01 7.719893047691343213e+01 6.624057659319620939e+01 5.117527406826671665e+01 2.926492022444126206e+01 2.545265122887293785e+01 2.367201602109028258e+01 4.366651854694476498e+01 5.454349249160162572e+01 6.365609237601182002e+01
9.001595176218036079e-03 2.000900159517586374e+01 2.691758715585616457e+01 3.056936784974691435e+01 2.863328260110809609e+01 3.082130295519093721e+01 4.450908393592785472e+01 4.450908393592785472e+01 5.791312426433837857e+01 6.622339456273138580e+01 7.785046865829377793e+01 7.835959653738456154e+01 7.506495603228938762e+01 5.834762228819008101e+01 6.095300239960094757e+01 8.103441090594861862e+01 7.707940379105929196e+01 5.788585858756049873e+01 4.374309122819256146e+01 6.350751782265475498e+01 7.816589722516356176e+01 6.483297379692352536e+01 4.426269144592102833e+01 3.122037247617564049e+01 4.074540628229132722e+01 2.521987064246202692e+01 3.716784962765808586e+01 5.954341657407996280e+01 7.671906878648482575e+01 6.926313665835036204e+01 5.911855350205751591e+01 5.098851774652600000e+01 4.185629693050982780e+01 2.188814816058530255e+01 3.079631480513714337e+01 4.237975295181342972e+01 6.231205849878872982e+01
5.674351268809080251e-03 3.435646054118993042e+00 6.917199173232964959e+00 1.056868288993420890e+01 1.449100559270260291e+01 1.934171809412434229e+01 2.450569590551800658e+01 3.083025189118036025e+01 3.790133039551890448e+01 4.944925645789943758e+01 6.948725229726886710e+01 5.828359289733271709e+01 5.828251203675856829e+01 4.677798138833947661e+01 6.683433436010716377e+01 7.989357672672841204e+01 7.189048710692577515e+01 5.897348688633492486e+01 3.893373858390456377e+01 5.075841675410981679e+01 7.019548138082514299e+01 6.037669196375604486e+01 3.930991701091873125e+01 3.057510986656754781e+01 2.069537793073191878e+01 4.100062862057654911e+01 5.439327120799284643e+01 6.729937215238739157e+01 5.794429232042903521e+01 6.130472001594782228e+01 4.288488080287992688e+01 4.459945975207242697e+01 3.889062770928843094e+01 2.027628968175111979e+01 4.024810675894406131e+01 5.908204313060137736e+01 7.060422091959463842e+01
9.518805923843161668e-03 2.000951880592348786e+01 2.691758715585616457e+01 2.471089982809735375e+01 2.603803966184659657e+01 3.934373513263935251e+01 4.450908393592785472e+01 5.083656816992105831e+01 5.791312426433837857e+01 6.622339456273138580e+01 7.239325033520286468e+01 5.240281415132509579e+01 3.822962289587515983e+01 5.828251203675856829e+01 7.513176527758356826e+01 7.189048710692577515e+01 5.240948671481438481e+01 5.488306220948168601e+01 3.465825405412127935e+01 4.915095089593321376e+01 6.872160308368272297e+01 6.789435455694794541e+01 5.287291919511786631e+01 3.244181734108865101e+01 1.796120621100799042e+01 3.232515236215249388e+01 5.278031905147366842e+01 6.081519035222620317e+01 4.430689284403833739e+01 6.081519035222620317e+01 4.706639727239902982e+01 2.766615235897879543e+01 2.573076287808657980e+01 1.865612315169493485e+01 4.273684450576579508e+01 6.444226564532509371e+01 5.552092975533065555e+01
9.062254805971973678e-03 1.415119787853704736e+01 3.415119787853775080e+01 4.471296080234235149e+01 4.604061682492481822e+01 5.433000091213940408e+01 5.180492415366962433e+01 6.008319060186748573e+01 6.114875899548147942e+01 6.942251209686587288e+01 6.777290311494051878e+01 4.768085444675611484e+01 3.349160251909673747e+01 5.355314702778495928e+01 6.914641051633982727e+01 7.189048710692577515e+01 5.240948671481438481e+01 3.808751865475774423e+01 3.073221521617293561e+01 4.527762528040893386e+01 6.502354229428742372e+01 5.395699652935611113e+01 5.058188496346410545e+01 3.565442354880089226e+01 1.531823207309732915e+01 3.565442354880089226e+01 5.326707348911572382e+01 5.266925780890821329e+01 3.283962985128341217e+01 4.217857985140576460e+01 4.007507642599376396e+01 2.479431699778610820e+01 1.636988144213356478e+01 3.586561361987169505e+01 4.607171295992250748e+01 4.609263605392365548e+01 4.566836359761843767e+01
3.063233560239582431e-03 2.000306323355988525e+01 3.000582826958240190e+01 5.000572844731158995e+01 4.513088083492447566e+01 4.854962566821128434e+01 3.183184159915215972e+01 4.854962566821126302e+01 4.117629638022277305e+01 5.789104281847290423e+01 6.027896892986581179e+01 4.927626638687441840e+01 2.919677203792622322e+01 4.079946974199550880e+01 6.085578594649361861e+01 6.441862377415172602e+01 5.633870447141399040e+01 4.741001901455712186e+01 2.703854884154588945e+01 4.158309649426578858e+01 6.147745438994152067e+01 5.058188496346410545e+01 3.144413384050053040e+01 3.305660294102293761e+01 1.279417029472268119e+01 2.447391718481515355e+01 4.479039713873802953e+01 4.575745478483686668e+01 4.218430043415143160e+01 2.216406682633355985e+01 2.085971029147013667e+01 1.416542352653918080e+01 3.133869913052904721e+01 3.563599086246804148e+01 2.666222944792729521e+01 4.358965164373096712e+01 3.705288781677315768e+01
5.666595628964066558e-03 1.000566687364725738e+01 3.000441641142853300e+01 4.511568791038153137e+01 2.502512746185319870e+01 2.869454714204288237e+01 2.021819495256707100e+01 3.806871606502415517e+01 2.961430794706118519e+01 4.961765232818211047e+01 4.021944259809774991e+01 4.021944259809774280e+01 2.531332211002381172e+01 4.541215584071185418e+01 5.837001550686246532e+01 5.024824637610438316e+01 3.629283487862048929e+01 3.997132048717504205e+01 2.389143785117103036e+01 4.426670854554474488e+01 5.415336781418792356e+01 4.187442679949205626e+01 3.261141825155557683e+01 1.804932140888019276e+01 1.085095204042684003e+01 3.052271177275911640e+01 3.680117192685605687e+01 2.562980610438066620e+01 3.210515779847403195e+01 2.899976447009114011e+01 1.334944499633889059e+01 3.336290780544623402e+01 1.505867708444821673e+01 1.569958252376597940e+01 1.635084378384269144e+01 3.608064912106743094e+01 1.826051524480652688e+01
2.110006612196471242e-03 1.971168381786508661e+01 2.939505616158606927e+01 3.456489929153701723e+01 2.820406583150320756e+01 8.507022120510201901e+00 2.861395205135644559e+01 1.801213281931632437e+01 3.806871606504913785e+01 4.377256617762449764e+01 3.547262259497624370e+01 2.009854400299603228e+01 4.021942947733431595e+01 5.312015205858908473e+01 5.024824636005000400e+01 3.006670209205531563e+01 3.597773954832901921e+01 1.960758127464280420e+01 3.997132048717504205e+01 5.243455903034347187e+01 4.179520333764250495e+01 2.532110539625073287e+01 1.081070911247866917e+01 9.171465138187556931e+00 9.516636423399353006e+00 2.883781561514651415e+01 2.695039380486452529e+01 1.138956374509582936e+01 1.196381265548029837e+01 1.253757648933660818e+01 3.267674586779379808e+01 4.085202146274990298e+01 3.131857190965916260e+01 3.587619412538384012e+01 2.110497443100463499e+01 1.728649890573987236e+01 3.744255655643109293e+01
9.367352646185668139e-03 9.710282712303055064e+00 1.659219815187774216e+01 1.732943190604343187e+01 1.483999584813462569e+01 3.078818110145051801e+00 8.488651262032538725e+00 2.861395205088494365e+01 3.928131102175787959e+01 3.098543339512334072e+01 1.534049844542724372e+01 3.547262259497624370e+01 4.797996624896921247e+01 4.811063979910667854e+01 4.031493259072173174e+01 3.223150618216519092e+01 1.562829144784346802e+01 3.597773954832874921e+01 4.818019197996136427e+01 5.196884493650188119e+01 2.889311615754192886e+01 9.627858915186074285e+00 8.684644858973134873e+00 2.832775854030402485e+01 2.965788839450555514e+01 1.000532337979362119e+01 1.057869537719885322e+01 3.075448659627209835e+01 3.210512437690377396e+01 2.028516297193009166e+01 2.136657396363595396e+01 4.129835929058154420e+01 5.529347879714308789e+01 4.643792297781205036e+01 2.953980208582476763e+01 1.962633947789243649e+01 4.100278803084476920e+01
3.648181865326004768e-03 4.378194510202597201e+00 7.835502979574511251e-01 1.106148414189960905e+00 1.428861205091034314e+00 1.751711374212923555e+00 2.142929972372548519e+01 2.917407409033159382e+01 2.671603792890287110e+01 1.090039184767739400e+01 3.098543337351861737e+01 3.935283981103007278e+01 3.360565882909259017e+01 3.224867251980656846e+01 3.214900221531772218e+01 1.191526055579938514e+01 3.222470145202257186e+01 3.932831009798506017e+01 3.966964720071697315e+01 4.076438678236941371e+01 3.082673420281662757e+01 2.801982198680346414e+01 8.348039417841711440e+00 2.851258384553748471e+01 3.682517606743461158e+01 2.912612783732747701e+01 1.060741548606388562e+01 3.112607544815386618e+01 4.561592789617350974e+01 3.312996007064781168e+01 4.131716245098998996e+01 3.191335063657479765e+01 5.168769991788566642e+01 4.657377581928461296e+01 4.189481518650750758e+01 2.200695818059833542e+01 4.260788070076920064e+01
