LEM/sinusoidal_perturbations/elevation_000503.asc
nrows	100
cellsize	150.0
xllcorner	0
ncols	100
yllcorner	0
NODATA_value	-9999
[rows 17 to 33 of 100, columns 0 to 36 of 100]
5.222468517465790779e-03 1.414735809224854179e+01 3.414735809224924878e+01 4.649614929773819938e+01 5.478042484008355473e+01 6.511717459817121778e+01 6.522756460105499343e+01 5.363286512054746424e+01 4.472760013145972380e+01 2.803253742374221602e+01 4.460068063787882409e+01 3.134576082071144043e+01 1.254932408525760223e+01 4.776798484842455395e+00 6.252421403757069562e+00 9.506025042313966722e+00 1.338762911114391585e+01 1.755739244715162073e+01 2.202109904129556028e+01 2.685320642704180472e+01 3.283338452018168852e+01 3.945306511065133037e+01 4.953280348328246419e+01 6.967048528912242489e+01 8.161450771516260261e+01 6.766642454808055618e+01 4.822952257520126551e+01 5.230533045672213888e+01 6.030332946022779339e+01 7.941362743860784690e+01 8.590090330102289329e+01 6.680764805330866807e+01 5.361259439143307759e+01 5.544102941379511407e+01 4.414973171514427719e+01 6.818260262912517078e+01 8.786711107410773991e+01
7.333276091007126865e-03 1.414946889982208234e+01 3.414946889982278577e+01 4.292097179389165973e+01 5.292097179389006101e+01 6.482547120929234552e+01 5.537958744475412232e+01 5.936157418416166109e+01 5.624856829188050256e+01 4.792735619893807808e+01 4.671010420568346433e+01 2.642734379095924524e+01 2.143299538614392219e+01 2.466033993298060167e+01 5.197704236568466030e+00 2.519346995511378040e+01 3.341078357262969689e+01 3.757640722698079827e+01 4.204247268350721356e+01 4.688478365719863206e+01 4.320432538086193830e+01 5.882239840705295109e+01 6.795401035210545615e+01 7.803012505126679343e+01 7.728634358222932121e+01 5.807279952339985840e+01 4.404446549883236628e+01 6.369888589302281900e+01 7.807033159906806929e+01 8.816947217851159735e+01 8.224686995773045339e+01 7.387249158880790390e+01 6.264907109199003088e+01 4.223800896202535426e+01 5.943765137358758466e+01 6.600808550643860428e+01 8.762753087620653503e+01
6.343274376862209282e-03 7.077411086242367588e+00 1.463670054642697949e+01 2.463670054642715712e+01 4.463670054642786056e+01 5.122575354955699822e+01 3.152012101737006233e+01 3.777279527108675694e+01 5.279459812183703349e+01 5.843897554032293584e+01 5.492846624952669288e+01 4.559790829550963309e+01 3.838747491483590579e+01 2.541442486661192035e+01 5.493533626253196189e+00 2.546902045317175123e+01 3.445638951216962909e+01 4.044621631788319149e+01 4.744723884169292205e+01 5.584656458278520574e+01 6.328232516706841437e+01 7.162343274425919049e+01 8.456988162462890557e+01 8.098319733910220464e+01 7.287281562040314498e+01 6.059107526559151324e+01 4.081880701145168189e+01 6.059107318037824541e+01 7.435198093740045522e+01 6.928418638208711400e+01 7.389178238580437608e+01 5.355040650131476809e+01 5.946723758124558401e+01 4.093197422615083525e+01 5.275495785140518024e+01 7.302387765475729964e+01 8.315310360086010633e+01
3.497053469895897767e-03 1.414563267720097173e+01 3.414563267720167516e+01 4.292097179389165973e+01 5.292097179389622141e+01 4.028004577626526839e+01 1.861362829290412435e+01 2.275528128580777221e+01 4.362265255832478061e+01 3.527386257873858710e+01 4.461989247156814997e+01 4.880461697302531832e+01 4.088546709975979354e+01 2.574168197097045052e+01 5.789378851376689283e+00 1.286037407548200662e+01 1.422184149760741434e+01 2.006269789603534903e+01 2.693812037981049556e+01 3.751554422935187461e+01 5.419515166485776092e+01 7.664225617109293864e+01 6.768358629439380536e+01 7.287427762252521291e+01 5.354513626796997272e+01 5.757551052518454071e+01 3.770938427017096473e+01 5.757535767767819124e+01 5.407571391898812863e+01 4.818545689236800911e+01 6.260943086582540218e+01 5.764779736570023516e+01 3.910878361364270006e+01 4.926000984053523268e+01 6.758998806688408933e+01 8.137094564573008881e+01 8.435748214608301510e+01
9.635555453094322986e-03 1.155664093924550961e+01 2.569877656297621016e+01 4.569877656297549606e+01 4.503602092308859994e+01 2.928502469440273970e+01 9.961179957594898937e+00 2.601481778246025556e+01 2.909892786224847683e+01 1.967264274770063537e+01 2.086853548732668884e+01 2.959293232904767379e+01 2.528098084804877388e+01 1.678560714066158965e+01 6.086285984391485826e+00 6.408397825680252069e+00 2.683167048300193613e+01 4.044606588563796379e+01 4.744756931116182841e+01 5.590551689528116697e+01 6.726299419573433624e+01 7.231384989144000031e+01 5.565857613438731022e+01 6.118092578098729462e+01 5.853664278785801400e+01 3.959010413165204767e+01 3.467838303270030309e+01 5.454648229852005414e+01 5.237264782739456592e+01 3.370210876890243412e+01 5.410604240843902346e+01 3.731023300223545647e+01 5.764779736570023516e+01 6.662547193094337672e+01 7.807510511977663725e+01 9.005701254126154254e+01 7.077430977641053289e+01
8.845047570523793118e-03 2.000884504757016913e+01 3.699943387815241636e+01 4.584412402483966531e+01 3.353775192892356216e+01 2.073462607925157997e+01 8.609216797124965126e+00 8.309522787179385972e+00 8.009352146419065122e+00 7.708434044317702849e+00 7.407120511433839205e+00 7.106000512311080541e+00 6.805730530027049419e+00 6.506929901678705441e+00 1.057341409093247186e+01 2.672174023931943410e+01 1.439580007348092039e+01 2.152740799883396861e+01 3.061510870618794655e+01 4.253557394221014221e+01 6.380530475313638306e+01 7.687709178321657078e+01 5.681408407277911010e+01 4.299141952570126080e+01 5.030990015221281908e+01 3.044624554256629878e+01 4.922045580068625981e+01 5.061194629292569402e+01 3.189940048260680427e+01 5.215876021603479984e+01 3.550868687862915607e+01 5.585515008444419038e+01 5.170486911339529712e+01 6.607590642458933416e+01 8.628596527101409208e+01 8.309619111375459966e+01 7.472445052835699641e+01
8.023991185656003874e-03 9.611872839626043330e+00 2.495376357726706118e+01 3.570935255196942393e+01 1.081864470048495974e+01 9.034063884471930095e+00 2.770505229500022182e+01 2.715858404647566715e+01 2.602807005494480563e+01 1.929613051949420566e+01 2.310042132037539275e+01 2.152774230442808090e+01 1.050216415567584072e+01 9.899100363803512437e+00 2.214658415288874949e+01 4.049480178613593040e+01 2.601596464758186045e+01 3.454463906801130690e+01 4.446616381791718453e+01 5.993644135121473937e+01 7.225073340512797415e+01 7.480634765139338072e+01 6.465406714474625005e+01 4.589200694850075735e+01 3.307019697490436982e+01 2.768972881149879584e+01 2.889193112228118565e+01 3.011489789203284673e+01 5.055581419756266826e+01 6.044863256958903008e+01 4.990880880024754163e+01 4.990963604887441818e+01 7.020976599662138540e+01 8.034893897871715751e+01 8.197785769308369197e+01 7.475421128252345682e+01 5.474941781110802452e+01
4.598823041778624977e-03 2.000459882304142312e+01 3.699943384462055462e+01 3.233040308718218370e+01 9.460425598644695455e+00 2.392247016108206381e+01 1.994030610166795370e+01 2.754437636666450118e+01 3.547211713433136282e+01 3.331544624751692396e+01 2.508925715239070797e+01 1.639888752704324304e+01 2.436654700093438919e+01 2.771256463299282657e+01 1.565676894723332424e+01 3.564372760580489796e+01 4.615902298641351820e+01 5.451573312607649058e+01 6.327500464743808806e+01 7.566101780654491904e+01 6.574373357470857115e+01 5.640442330214244748e+01 6.104384509500327027e+01 4.062700833569890335e+01 2.613543097350329703e+01 4.648422363031606608e+01 4.940465747324676471e+01 4.464422523622506134e+01 4.464776311039034340e+01 6.499123885279441026e+01 7.017514779872260533e+01 7.020865847952485694e+01 7.856947042876552700e+01 8.197785769308370618e+01 6.140955411834747935e+01 6.506330052420855736e+01 5.986437000846414236e+01
7.340434288523949372e-03 1.414947605808967701e+01 3.414947628305813510e+01 3.099046277593598120e+01 9.762611078021006250e+00 2.749176346597478116e+01 2.982460781973111708e+01 3.454421277893666087e+01 4.218808305794291158e+01 4.032504575637599231e+01 3.957702944397075839e+01 3.518810960978554192e+01 2.581615515011332818e+01 4.231266224768688033e+01 2.363253277525739549e+01 2.847861892080304003e+01 4.512437265960683419e+01 6.928861982080998416e+01 6.779951102333518520e+01 6.682745330778959669e+01 6.179087171049037863e+01 4.323233669471182594e+01 5.043593069613737612e+01 4.390156684395475395e+01 2.502320571165005347e+01 3.952235158776048962e+01 5.963342173513771627e+01 6.493377990664127708e+01 6.499297103160783706e+01 7.329075002038669595e+01 6.674049718486404004e+01 6.674439099705872991e+01 7.515274977961134084e+01 7.971322000749282211e+01 5.916564949757341196e+01 4.531763261749321003e+01 4.981226825674786340e+01
3.515918393995972821e-03 1.432119876393780977e+01 3.406177766044422128e+01 1.016590351879945864e+01 1.063561065904712066e+01 1.267427675696378486e+01 3.991381955682031446e+01 4.455269102854316543e+01 4.286808544711778524e+01 4.964087219365146098e+01 5.509061842541580489e+01 5.087028290402480479e+01 3.546730071516682159e+01 5.068768624412339818e+01 3.392525992607392737e+01 5.061808439574895147e+01 5.980618615629433066e+01 6.779841425467060390e+01 5.067304460793864251e+01 4.914481958743095902e+01 5.630473902797940156e+01 5.008835021591966097e+01 3.077484339832816929e+01 2.347654029020469935e+01 4.379084954549546893e+01 5.134041145433825193e+01 5.533988725194077318e+01 6.216108425148040340e+01 7.089404815615253597e+01 6.070744981076214941e+01 4.651927246740353183e+01 4.651932982909443837e+01 6.674439075639611474e+01 7.066166270520633930e+01 6.234173165501464098e+01 5.483631103505754822e+01 3.529338326502612233e+01
4.608085242692564441e-03 1.784579489083522930e+01 3.199354623464673608e+01 1.044763384776798532e+01 2.285671572128672580e+01 3.091922480567970055e+01 3.183618954333919504e+01 3.366921002984805966e+01 1.274472688228691197e+01 3.751987094810606038e+01 3.860532087415419511e+01 5.086742873824216105e+01 5.359186887753931927e+01 6.138432100133691449e+01 4.883667284047867696e+01 6.339283535457678909e+01 6.852319642657646170e+01 6.075761425085488554e+01 5.438120198302863884e+01 3.706362121573421575e+01 3.988154542089684185e+01 4.474147840420602051e+01 4.005019969625805487e+01 2.268740013870930028e+01 2.973258334584448193e+01 3.577957051542591671e+01 4.371283605531160532e+01 4.532351454208790642e+01 5.460009040991893414e+01 4.986340621148096375e+01 3.182035566453429709e+01 5.242744631379288478e+01 6.703212902364761305e+01 5.922102723479876119e+01 4.230765778013253708e+01 4.796104386692196186e+01 2.923333163972061399e+01
1.610643649003322799e-03 1.950541603377316235e+01 3.169461801709844195e+01 1.075363809748198562e+01 2.624590420646083544e+01 1.169339922487522720e+01 1.202296989970450092e+01 1.235200389851427971e+01 1.268081793540816982e+01 2.287235725682084819e+01 2.773027071088526441e+01 4.079170228389867958e+01 4.967830202213457369e+01 5.994325441059448423e+01 6.959296774967783961e+01 7.438311460098952921e+01 5.531911585331352654e+01 4.162870905913245423e+01 4.860638847377526872e+01 4.355772747759986885e+01 2.752787944878059534e+01 2.155880903544509053e+01 2.189208159653764696e+01 2.221847932660072189e+01 3.138593855157771983e+01 3.887559279753105557e+01 4.098307771313018577e+01 4.353740619561382630e+01 2.416466042198612030e+01 2.452538546030327993e+01 2.487868188517420975e+01 3.927675134534281653e+01 5.607319094466142673e+01 5.091088629479889249e+01 3.149917087410540617e+01 2.873773794201986576e+01 4.800290982145875063e+01
2.022278438842990342e-03 1.657585257007281498e+01 3.302624686023262512e+01 1.157605007968306055e+01 1.122320021779062138e+01 1.720479822877213039e+01 2.836735001222827890e+01 2.953927146740623400e+01 3.059382713762664707e+01 1.314234436705031328e+01 1.329307161728074860e+01 2.365863420237647929e+01 3.452320369636719022e+01 5.207211364466460424e+01 6.498591967558708404e+01 7.076739117818029001e+01 5.088944168022833026e+01 4.851864726559900021e+01 2.907780662834585073e+01 2.484755020536121961e+01 2.106977264346130596e+01 2.310512221944944500e+01 3.275536128359322419e+01 3.739722495791519208e+01 2.265494483643520596e+01 2.296763681273896651e+01 2.329875170740976742e+01 2.365077181652148042e+01 3.126648714612113622e+01 3.076428958382036427e+01 3.252915913985016516e+01 2.536685402744602413e+01 4.803971579269024517e+01 5.889828629284279060e+01 4.744411618667331965e+01 2.838905532285992450e+01 4.775404449879122382e+01
6.642187732006160465e-03 2.000664218773165004e+01 3.639778288109650362e+01 3.701645152419616380e+01 3.182188595469253656e+01 2.139585022977455964e+01 2.362417333356664884e+01 3.656662327892689746e+01 3.922666173571838755e+01 3.266241972506360014e+01 1.357619620674156558e+01 2.706426024318468748e+01 4.217755009007218803e+01 3.922326877967387304e+01 5.340701004584283140e+01 6.467810737657032405e+01 5.097056116294070449e+01 3.112451251153865073e+01 2.210110574456367871e+01 2.059068997509140075e+01 4.018690173268502264e+01 4.329786358132577107e+01 4.672953619094840860e+01 4.144371557310243759e+01 3.907965889762944300e+01 4.444105685173136777e+01 4.242636610425652322e+01 2.333691149094984496e+01 4.353087746425598681e+01 4.550633998537546177e+01 4.486549780235979057e+01 2.570830161072056796e+01 4.102737372776975633e+01 6.165954352767791846e+01 4.748124338632916874e+01 2.803856194170988303e+01 4.163784385435535285e+01
1.591255364720534126e-03 8.166362661839331238e+00 1.970219350364285660e+01 3.954397042070129231e+01 4.842456351640652201e+01 2.987159164626471153e+01 3.936260661538483419e+01 3.524159672723600067e+01 3.774643967719399029e+01 1.564786854048553622e+01 1.391820108799278977e+01 3.243001443382106430e+01 3.427903246996560682e+01 2.519629504783988949e+01 3.545541616715372868e+01 5.629620461216615013e+01 5.932277922550726146e+01 4.838828430975714667e+01 3.112040958889931019e+01 2.029095153591204692e+01 3.691945994863559122e+01 4.626479877894383463e+01 6.528958070598258701e+01 6.042764995146254137e+01 6.134305646382933475e+01 5.420931099998973224e+01 3.288053873801786153e+01 4.734958281726458296e+01 5.469978170898330916e+01 5.179987047635764696e+01 3.200188270009528679e+01 2.604778285504409752e+01 4.283714938331889499e+01 4.624094882134220796e+01 4.661095983694761458e+01 2.768323858740802024e+01 4.714008949546524008e+01
6.189296070378335485e-03 2.000618929607002272e+01 3.639779107082676290e+01 4.775056751643479203e+01 5.579812359167853231e+01 4.080111805697880101e+01 5.567035051175355420e+01 4.663975999456953048e+01 4.403309003004351041e+01 3.708288342010069272e+01 2.979971968537329730e+01 1.436349273337772914e+01 1.589455029715135659e+01 3.633093189109226984e+01 5.423786971206945395e+01 6.465812498442575418e+01 6.401640206901474528e+01 5.007690206251756848e+01 3.666963422432299069e+01 2.001472197823706622e+01 2.836748914992596582e+01 5.040701661554061275e+01 6.947641288697646189e+01 7.776307728767308447e+01 7.081134740269462213e+01 5.047814998913455753e+01 5.420935309358070242e+01 4.237003892716710141e+01 6.301044693571108724e+01 5.613380582222207948e+01 4.330076045917395788e+01 2.778327046087791885e+01 2.652653703125785967e+01 2.686394442180373332e+01 2.720004158466074529e+01 2.841744442313860475e+01 2.923941109072050182e+01
2.247884206357958405e-03 2.000224788420600319e+01 3.000206448164444950e+01 5.000206448164373541e+01 6.003362973122045787e+01 6.008164053373325686e+01 6.727141991767986440e+01 6.337555985270817871e+01 5.784646146830542790e+01 4.197127872337303245e+01 2.251076433062808135e+01 3.321696673328735727e+01 1.480410804442957229e+01 3.443286590540834169e+01 4.411861921767972916e+01 6.326189528131222062e+01 5.433532980733874496e+01 3.374336173531832372e+01 2.983023175859559117e+01 1.973792843545734854e+01 3.713644761490370882e+01 5.250776780063391413e+01 5.015343939814661667e+01 6.649194141635526023e+01 7.622974543169422645e+01 7.081136118870995233e+01 6.971282437401836773e+01 4.960569192743867006e+01 6.971282436775719304e+01 5.703627124297714346e+01 3.565655440701799961e+01 4.911344738627609274e+01 3.803494096306678074e+01 4.638294003422011968e+01 3.169849666791514764e+01 4.780540516101396520e+01 4.867156173208121572e+01
