LEM/sinusoidal_perturbations/elevation_000847.asc
nrows	100
cellsize	150.0
xllcorner	0
ncols	100
yllcorner	0
NODATA_value	-9999
[rows 0 to 16 of 100, columns 37 to 73 of 100]
1.084950895972314697e+02 1.024400209761792837e+02 9.405560464144950572e+01 1.024400209761792837e+02 1.077560266279430579e+02 9.935933305170485141e+01 9.746806177213622391e+01 9.746806233398402242e+01 1.058595877182170710e+02 1.135681468492443003e+02 1.087162212716888803e+02 1.071498059305492774e+02 1.071498062370213518e+02 1.155668524755086395e+02 1.332469375951014570e+02 1.303799699402030114e+02 1.219257574983282950e+02 1.213435651909667286e+02 1.297971408501610142e+02 1.384228880523383509e+02 1.494846461001009175e+02 1.436618583118225558e+02 1.494846461001009175e+02 1.510814729861670287e+02 1.428593316154498893e+02 1.510814729861670287e+02 1.333831568058241146e+02 1.249846788356649938e+02 1.249846788356649938e+02 1.269097343842829133e+02 1.353017285299512480e+02 1.367190330629626942e+02 1.253054930293324958e+02 1.171622385411100140e+02 1.171622385411100140e+02 1.253054930293324958e+02 1.208416301650660358e+02
9.687828367456276624e+01 9.239044674372000543e+01 7.401553262494104501e+01 9.239044674372000543e+01 9.613938609860757367e+01 7.930118480573638351e+01 7.743371745385518068e+01 7.743371745397617190e+01 9.746806201764499633e+01 9.337023237651958141e+01 8.855583873955738738e+01 8.700343256850126750e+01 8.700343256854549168e+01 1.071498062431140710e+02 1.128952318634454173e+02 1.128952318634454173e+02 1.016276191278530519e+02 1.010491546454846770e+02 1.096265817994878375e+02 1.297971407194386302e+02 1.295171361345861953e+02 1.236582003727754966e+02 1.295171361345861953e+02 1.411016770911519131e+02 1.228543475772751492e+02 1.411016770911519131e+02 1.249846788356649938e+02 1.045232267746097108e+02 1.045232267746097108e+02 1.064498805736710807e+02 1.235230109250764770e+02 1.286376096936500062e+02 1.087616838217404904e+02 9.707821672620228526e+01 9.707821672620228526e+01 1.118757140125496079e+02 1.008243309388632269e+02
7.964000351529715260e+01 8.403556863319511194e+01 6.413703265324427605e+01 8.403556863319511194e+01 8.777875576244952072e+01 6.788609842609972134e+01 6.348026051661536684e+01 8.330164102560016204e+01 9.611487838269817985e+01 7.925151487958910934e+01 7.448536088784874210e+01 7.295167807936242355e+01 9.290416877785945360e+01 1.084564324309394578e+02 1.128938195688626678e+02 9.266909738939047259e+01 9.000024565674499399e+01 8.942493411033396455e+01 1.010491546454846770e+02 1.213435651907966957e+02 1.295171361345861953e+02 1.093327303408981237e+02 1.295171361345861953e+02 1.227890008700260012e+02 1.127211621436895399e+02 1.328568395963624482e+02 1.219443602667007696e+02 1.105162473303693389e+02 9.010297910697602219e+01 9.466221081668570037e+01 1.150972322791457856e+02 1.252781445613353100e+02 1.197346855310563143e+02 9.969816096623836188e+01 8.541211448662063788e+01 9.177368818071165890e+01 8.915266093988554985e+01
6.007303122523394734e+01 7.249515544506638776e+01 5.775910619083974495e+01 7.740272330623987784e+01 7.761313569403755253e+01 6.934418781770976636e+01 5.663746612766935584e+01 7.629372469441101146e+01 7.619806795245321496e+01 7.619806817652759889e+01 6.330719250106209728e+01 7.706734168150218522e+01 9.707661828501100842e+01 8.828098481703031553e+01 1.025789639499398760e+02 1.000521470452848973e+02 8.000134497738078210e+01 1.001034337513067243e+02 1.117410030344290277e+02 1.218753801931138838e+02 1.227890008700235853e+02 1.025139825900239288e+02 1.141437040271868426e+02 1.025139825900239288e+02 1.227890008700260012e+02 1.279775690500064798e+02 1.075233571160279666e+02 9.308387718613391826e+01 8.297530447934137499e+01 9.670516781483210877e+01 9.648059268151818912e+01 1.051291788131718192e+02 1.136310855930932178e+02 1.137817557341284385e+02 9.766143523126987702e+01 7.758188547952882175e+01 9.766143523126987702e+01
7.249515544506638776e+01 5.320237457215580434e+01 5.221103712439990119e+01 6.854092818712162227e+01 6.329016448215854496e+01 4.990844510985674987e+01 6.661448122857902376e+01 6.837085591499813120e+01 7.046764871505531858e+01 5.719241709413778096e+01 7.619806818224185463e+01 7.883699067674228900e+01 8.147573479178434752e+01 7.415684246576319083e+01 8.702480343412436525e+01 9.045153390411533678e+01 7.567063704467173579e+01 8.319068308261182665e+01 9.321103343342910819e+01 1.134408477508215043e+02 1.284280522411881691e+02 1.082269332670831972e+02 9.381581778149160300e+01 1.141437040271868426e+02 1.205985331652445325e+02 1.122834099519611044e+02 1.122834099517941411e+02 1.111197078701513874e+02 9.073446982854866860e+01 7.650368820180123919e+01 8.217455704626007673e+01 8.480034871138987285e+01 1.051254745505373052e+02 1.077724051721955476e+02 8.767686762580468951e+01 7.354512343706630872e+01 9.355904095349974625e+01
7.391174999782131749e+01 6.606422848876424325e+01 4.681163737813791670e+01 4.841492134190216490e+01 4.406193581784246760e+01 4.561093930132377494e+01 4.728191178151391938e+01 4.897107284640267011e+01 5.231999366454645894e+01 7.046763474373261715e+01 7.514998455453329029e+01 5.864244098110005865e+01 6.137965746724494664e+01 6.417128743057888585e+01 6.706015861409700562e+01 7.047026030505435301e+01 8.195030444557050942e+01 1.020644293078884033e+02 1.117410030525633573e+02 1.218753802356404492e+02 1.231243303169342767e+02 1.102316004951660204e+02 8.992559805533942097e+01 1.102316004951660204e+02 1.122834099518857869e+02 9.205167098946505178e+01 9.205167098946505178e+01 1.063251020013068029e+02 1.004479651765862513e+02 9.074827896333509614e+01 7.072100897616256532e+01 8.479820693059033943e+01 1.050468720425080420e+02 1.039725323400995620e+02 8.389989212355638415e+01 6.980391387174009310e+01 7.477162717289431271e+01
5.419167988251114565e+01 7.078205563728448624e+01 6.106947310835059284e+01 4.188323682907287093e+01 6.106954939666274385e+01 6.488532600139416218e+01 6.661448208224487644e+01 5.886680411169005822e+01 5.142816483291723273e+01 5.314236236750898001e+01 5.501751229704052548e+01 7.514998724225002036e+01 8.147573497013270583e+01 8.417272877146724852e+01 8.702480343412436525e+01 7.516716450164113894e+01 9.520536420836322122e+01 1.104746988323846182e+02 1.238369763682898963e+02 1.264844250777519647e+02 1.062695729450372255e+02 9.450924533696228025e+01 8.624760621752463408e+01 1.018100250274468550e+02 1.101593825391249766e+02 9.797741013621281070e+01 7.783518423646485473e+01 8.848227378834279477e+01 8.028896327717207271e+01 8.395119793020894861e+01 6.740204483479119801e+01 8.138625651176073461e+01 1.016552672881406636e+02 1.050482892955186998e+02 9.804249915846642693e+01 8.478441602585932912e+01 6.481646180090224618e+01
4.315297333094263621e+01 5.640034628448165677e+01 5.769356690701603441e+01 4.050281992552006471e+01 5.143246832740863539e+01 7.089651777517947551e+01 7.830254958303807200e+01 7.824108606012411826e+01 5.981400304131857126e+01 7.289911567805522452e+01 7.514998724229717197e+01 6.214473756158519535e+01 7.638146187932200348e+01 9.646158739856345221e+01 1.035979790182314417e+02 9.520536420836322122e+01 8.513072202564288204e+01 9.515978250546159245e+01 1.154002302767055852e+02 1.347523927356355955e+02 1.231243303169375594e+02 1.135172115010634570e+02 9.323976971507569544e+01 8.157358151678367619e+01 9.749560077448499840e+01 9.472295126324873138e+01 8.848227378830652867e+01 6.857679706057253100e+01 6.634031190382798115e+01 6.412905120597885400e+01 6.418760710576306394e+01 8.413573278696239299e+01 9.077759241460222484e+01 8.486647439123531456e+01 9.913925386528768513e+01 8.444758018207608075e+01 7.610611670574532184e+01
3.600413530376779647e+01 3.729042837181238212e+01 3.857171934915458422e+01 5.769319927698582973e+01 6.784140796006212781e+01 7.916488129571254717e+01 9.824956675115630844e+01 9.091592946275683573e+01 7.359749563222329982e+01 7.861382143714662618e+01 9.061756936545971541e+01 8.226279447683077706e+01 7.076754462912413146e+01 9.080812789285337772e+01 1.108321640629940106e+02 1.136980572453863800e+02 1.052800063910835320e+02 1.136980572453863800e+02 1.238369763682898963e+02 1.273073765260436971e+02 1.188743344411142004e+02 1.218321887703542075e+02 1.101593825718450290e+02 9.749560077448499840e+01 7.731042425894145254e+01 7.460103512792733227e+01 7.204499269023598629e+01 8.848227378834279477e+01 8.618378730589132886e+01 8.084864251085660669e+01 6.099313324478360698e+01 7.830640511838744544e+01 7.077017464037919581e+01 7.077017463995797186e+01 8.297930523905955624e+01 7.463615019847580356e+01 5.600319126679835335e+01
5.333188934645689017e+01 5.640031979231147830e+01 4.342418332817266702e+01 4.660523380249007630e+01 5.763399139601753518e+01 7.141094629265647598e+01 9.127136151076162207e+01 1.028638814346556671e+02 9.444899337630228331e+01 9.930310408266268496e+01 1.077209215458409943e+02 9.918608025193110223e+01 8.490920234315207438e+01 8.230520122444242759e+01 9.649567861104652877e+01 1.167339864195582777e+02 1.200990715784645460e+02 1.116743494289162868e+02 1.200990715784645460e+02 1.154968745619391512e+02 9.837767310784899166e+01 1.154968745619391512e+02 1.118172026274927902e+02 9.156339731092258205e+01 9.156339405610371784e+01 8.616685229010214186e+01 8.615896700293534138e+01 1.004338514225964332e+02 9.949614822690359972e+01 8.327293861310637624e+01 6.340680459239943900e+01 5.840271028219078886e+01 5.669803161424823656e+01 7.431314148396201347e+01 7.317681884436507289e+01 5.452065512675633840e+01 7.463615023932256065e+01
6.145231511028769944e+01 5.083284554959661961e+01 6.258294194252798803e+01 6.015966866811287161e+01 5.870588679881637972e+01 7.249942914763252588e+01 9.237603391375074580e+01 9.684041115368287933e+01 8.858638007500050549e+01 8.858638007500066180e+01 9.684041115466682470e+01 1.083199264816682756e+02 1.050493939583713399e+02 1.024233417284189755e+02 1.108321640629940106e+02 1.108162518767485238e+02 1.023980765035621232e+02 9.138269199838289580e+01 1.099462982123632173e+02 1.070405815028649386e+02 8.658589231663863472e+01 1.070405815028649386e+02 1.201363035796740064e+02 1.118171745050697155e+02 1.118164486178446566e+02 1.004870271835999063e+02 1.063776253615224192e+02 1.096015435017451125e+02 9.112023920849645719e+01 7.111346977989319385e+01 8.327293861310637624e+01 7.830640511838841178e+01 7.431314290919353027e+01 5.434455726239014695e+01 5.304756322485954456e+01 7.317681884436655082e+01 6.724625265579980748e+01
7.577542492681382669e+01 5.633089420101082823e+01 7.577542492681382669e+01 7.978465204257250321e+01 7.832115189666245669e+01 8.661908877057538803e+01 9.119410726758255237e+01 8.533216416247167047e+01 6.865107819129579525e+01 6.865107819129579525e+01 8.020097143966262365e+01 1.000410612919860398e+02 1.054716068760248788e+02 1.137669601756805235e+02 1.100691577200569782e+02 9.916813223866998328e+01 8.228430230056380879e+01 8.142995145659251932e+01 1.015285207136496410e+02 9.980875678754300395e+01 7.952739291616254036e+01 9.980875678754300395e+01 1.062452672160186466e+02 9.779347079527497044e+01 1.062452672160186466e+02 1.207111076900653188e+02 1.155748052147503699e+02 9.527587240455221718e+01 8.101918624161727678e+01 9.112023920672972110e+01 9.949615449138502754e+01 9.241851784236281731e+01 7.926333805114184372e+01 7.092095412594970583e+01 5.200396460153110922e+01 7.214826194046781893e+01 8.723494368517488340e+01
8.397288021480898124e+01 6.749300243837922153e+01 6.856741266091086118e+01 8.816711841288775986e+01 9.690960929686025338e+01 8.536659026649019211e+01 7.125987349675311577e+01 7.707672816606297772e+01 5.699727403433249151e+01 7.707672816606708466e+01 9.612789945047731521e+01 9.145604573770314971e+01 8.565061022994136408e+01 1.054716068760248788e+02 1.016636472132299644e+02 8.163322630567309091e+01 7.103955846538843844e+01 9.078538355304164043e+01 9.425287830261881084e+01 8.585113381643127184e+01 7.369900797440337215e+01 9.369369549681231035e+01 9.613464106959020228e+01 7.764809797529230195e+01 9.613464106959020228e+01 1.092658120879040382e+02 1.177899967343798835e+02 9.749756079821844423e+01 1.012212921658571219e+02 9.587854132371992932e+01 8.626032103537109208e+01 7.812727192725517966e+01 6.450245858604786520e+01 5.075762939309636579e+01 5.662555435042352769e+01 7.614583864318144890e+01 9.559187562847861841e+01
9.534231408523194773e+01 8.708942445121536480e+01 8.237637617803869716e+01 9.641837053195504836e+01 8.862343913540838969e+01 6.866799407198925564e+01 5.702163159795398428e+01 6.705907266919609810e+01 5.136571980261737025e+01 7.150768959258253687e+01 7.626280933929665196e+01 7.156890889397421063e+01 8.308480011634593154e+01 1.028913799177971242e+02 9.944586378156272133e+01 7.945314538311393449e+01 6.580191710272941918e+01 8.530887702766655423e+01 8.585113381643127184e+01 6.634353280998851687e+01 8.585113381643127184e+01 9.744607922929608890e+01 8.772078438528360778e+01 6.809219530221704986e+01 8.078103016240329737e+01 9.538332217465556084e+01 1.070630038089851297e+02 1.177899967343798835e+02 1.016569184500853424e+02 8.174976312364620412e+01 6.867410999799592730e+01 6.091405042671591019e+01 5.602903154095037763e+01 4.989550601446577360e+01 7.344233618371039540e+01 6.654626780698411892e+01 7.576814136028470159e+01
8.110164939169271747e+01 8.935158070740736491e+01 1.021735002766998122e+02 9.777515816684233130e+01 8.951354192616093997e+01 8.536659024843541488e+01 6.705907266921643384e+01 4.687606719924090015e+01 6.705907266921643384e+01 5.699727403433249151e+01 6.206343408425520636e+01 7.214002990735195908e+01 9.202228914060742682e+01 1.111776384107994176e+02 9.497535603911816793e+01 7.513624796061358779e+01 6.159729887487650757e+01 7.524107680980780799e+01 8.125314816431883003e+01 6.201812641363625289e+01 6.942098270962071638e+01 8.311225000842598831e+01 7.485379801242351050e+01 6.157460285076302853e+01 6.739091703534241162e+01 7.845374119873046936e+01 9.861200670323147222e+01 1.099236559975193330e+02 9.986948121184099136e+01 9.152235172690916443e+01 8.489308257383211753e+01 7.224094603932906011e+01 5.342150331332248214e+01 4.904546306276237289e+01 6.767375571610577367e+01 7.554844133342493251e+01 8.326379282060636911e+01
6.120526066680080390e+01 7.786089366798104550e+01 9.024477649287240411e+01 8.951354192616093997e+01 6.957304055904093332e+01 7.541347818920260693e+01 6.428668649576421501e+01 4.410542616173307806e+01 6.428668650321850464e+01 7.707672816404860328e+01 6.710173199580354719e+01 8.705172431639329034e+01 9.202228914060744103e+01 1.118912410330916458e+02 9.541671510162167635e+01 7.554837204958370478e+01 6.448139554189330624e+01 5.600837754332785323e+01 7.035596631100891329e+01 7.517050020681523392e+01 5.614397266027884115e+01 6.967801482714192218e+01 5.583675646595636266e+01 7.485379801242351050e+01 8.697362668281907361e+01 8.105500654961477380e+01 1.012624397256246027e+02 1.015585481370511474e+02 8.148615531676728096e+01 7.163481451227283969e+01 6.523464654592011414e+01 5.997303099432718199e+01 7.224093441151291017e+01 6.767266187914565023e+01 4.788340691975023589e+01 5.593296014824849749e+01 6.694211423693236895e+01
4.970671241676756580e+01 6.209004116745057189e+01 8.058705976483716427e+01 8.951354192616093997e+01 6.957304055904093332e+01 5.531999029871448670e+01 4.815073926333482035e+01 4.146182269096719608e+01 6.158981804007616745e+01 7.641293753331130745e+01 8.705172431477046757e+01 7.975926148775735669e+01 9.377975478684447808e+01 1.136523285737640663e+02 1.038036194254174802e+02 9.226846298759980414e+01 8.348184721938542907e+01 7.035596631100891329e+01 5.111228537357673218e+01 6.575584670994463465e+01 6.604528975262097390e+01 5.062784381534718392e+01 6.967801359139274098e+01 7.485379792717914427e+01 9.464589513326814085e+01 1.012624397263612082e+02 1.097116437582486697e+02 1.099236559975193330e+02 9.986948121184099136e+01 9.152235172690917864e+01 8.489317265536374180e+01 7.339968684835052670e+01 8.590826653291406956e+01 6.766752359333757738e+01 4.708616577665264202e+01 5.994518322280826794e+01 7.530556414063589443e+01
