LEM/sinusoidal_perturbations/elevation_000271.asc
nrows	100
cellsize	150.0
xllcorner	0
ncols	100
yllcorner	0
NODATA_value	-9999
[rows 51 to 67 of 100, columns 37 to 73 of 100]
6.586747521398645233e+01 7.356102825090852093e+01 6.530484542921776381e+01 6.026749210952502267e+01 4.044283448905865441e+01 3.440550665396424534e+01 3.584861512416305374e+01 3.733830663028160757e+01 3.883344090301627460e+01 4.033812465381908652e+01 6.061724962867820210e+01 7.108862852032410728e+01 6.715806886356853056e+01 5.238442860946903323e+01 7.152449381285524055e+01 7.419751450787738634e+01 5.809075444412058431e+01 7.231030243699895266e+01 8.540201311130770989e+01 8.031345684517224015e+01 9.545532312865680069e+01 8.697515141803154393e+01 9.855730958512144468e+01 1.186262766526498922e+02 1.065233854455894544e+02 1.006754148910061559e+02 9.736662889761440454e+01 7.744179625631498709e+01 9.736662889761440454e+01 9.346727894936113046e+01 1.133794747387762527e+02 1.121922913962101092e+02 9.640289514294639162e+01 7.504085400051339150e+01 6.274529488887921502e+01 5.863581250734020500e+01 5.450032607324737199e+01
6.166607753230621114e+01 6.530484542921776381e+01 4.538027345236355359e+01 5.121604547214468539e+01 3.268476559743553622e+01 5.284706576413192636e+01 4.132857868193584494e+01 5.809622687790363216e+01 5.912500112373024308e+01 6.061724888664822686e+01 4.250547180539856384e+01 6.275671792941359683e+01 4.695288500708247170e+01 4.871385388337268552e+01 5.135716256606028196e+01 5.405336699004519119e+01 6.572683204570863325e+01 8.576296353234477010e+01 1.005135800309250129e+02 1.003579590341545895e+02 1.086589772261155957e+02 1.070394531138546625e+02 1.153132792456789275e+02 1.268731883406312591e+02 1.265372135742799884e+02 1.206416352708229169e+02 1.021788405108616757e+02 8.233758960359583057e+01 9.635176849192254167e+01 1.133794747387762527e+02 1.217061341760313837e+02 1.036714986010388486e+02 8.247999747076852373e+01 6.995805309149982065e+01 8.406951493892277938e+01 7.789266054500556891e+01 5.651279815163983500e+01
5.786877312607811774e+01 5.786835906693095666e+01 4.960520908368192039e+01 3.098020706637878519e+01 5.121604547214357694e+01 6.109426068475912075e+01 6.149410991599087595e+01 4.962802935891976119e+01 6.963485974462165018e+01 7.107997143127985851e+01 6.274683954094393812e+01 4.469744052823107694e+01 6.492405209657729870e+01 6.890519718318547859e+01 5.210002056148079674e+01 7.224991735648174540e+01 8.247518259977394450e+01 9.393482315432392227e+01 9.780472066923897501e+01 1.061090922441984503e+02 1.108913246744892831e+02 1.125630783703119278e+02 1.208146781611425951e+02 1.212168668007622188e+02 1.294397531461330004e+02 1.184426374537876683e+02 9.852367586372086805e+01 8.862933886392322336e+01 1.084451505463602956e+02 1.245845425945062601e+02 1.148647068117748375e+02 9.404043042854851819e+01 7.882146748705945072e+01 9.143657971894504044e+01 9.282349104115868954e+01 7.261237890972077480e+01 5.831704680074766856e+01
4.957702389451236513e+01 4.800857021719244244e+01 2.929521718178568079e+01 4.960520908368131643e+01 4.756085089772531660e+01 6.747979623890121559e+01 6.963485974462165018e+01 6.963485974462165018e+01 6.037827969100623449e+01 8.013829850867772109e+01 7.219582454938152694e+01 5.149527168102374475e+01 7.220682699727885279e+01 7.811658483498997896e+01 5.822943987869898308e+01 5.585036324255392515e+01 7.594996403488185877e+01 8.286985840722178409e+01 7.743915748679977185e+01 9.672568632899168506e+01 9.086110744430736474e+01 9.249464944700119418e+01 1.070193239395122333e+02 1.011385091340092401e+02 1.212168668007622188e+02 1.267863482479011878e+02 1.167579079476195716e+02 1.000237812835995470e+02 1.025993452995988662e+02 1.225581728561032691e+02 1.208637113033305042e+02 1.001397197678926858e+02 8.706740220859840917e+01 1.080827895888273673e+02 9.841044975319179855e+01 7.846961808536899241e+01 7.822968730485747813e+01
2.940075660608541952e+01 2.763061582710356845e+01 4.800649163375133099e+01 4.375832917132408539e+01 6.372117282923245796e+01 7.573974014453244763e+01 8.950169030856737606e+01 8.831005851534250439e+01 7.438265431866955169e+01 7.982835817779437093e+01 8.128449906250908441e+01 6.201593137007765222e+01 8.123656128302042134e+01 6.820843124938113533e+01 7.811658483498997896e+01 7.594996403516003625e+01 5.969684840491747480e+01 6.286277183151455006e+01 7.782055156029123566e+01 8.955069720372503639e+01 7.684640945975884563e+01 8.103945068245897687e+01 8.697776753965982266e+01 9.590161493995444175e+01 1.101499430705701457e+02 1.301701589171016167e+02 1.283028606156454998e+02 1.199489581068349366e+02 1.225581728560940036e+02 1.309164706279726715e+02 1.226525959323219013e+02 1.020477782260279298e+02 1.080827896001895994e+02 1.105616629048428194e+02 1.019960146767144664e+02 9.342914339151805336e+01 8.311008194483578393e+01
2.598277421312512914e+01 4.641807770724422255e+01 5.627805810523199881e+01 6.372104486329086370e+01 7.198020218643560497e+01 7.867296373977478652e+01 8.695991964957539722e+01 9.058201441905866602e+01 9.403716030004243009e+01 9.873928421147586221e+01 9.497246006093486415e+01 8.514607563391740541e+01 8.750977164558618426e+01 7.625005334802683876e+01 9.541477885162153427e+01 7.973645628214163139e+01 7.973645628214151770e+01 6.826087308101415374e+01 6.773234744182830980e+01 7.125712295518600570e+01 9.110671638209146295e+01 9.510031828521989894e+01 9.359961841629771584e+01 1.136163335528667346e+02 1.160137082346989388e+02 1.359755625189136765e+02 1.317847077398259330e+02 1.233204194315592162e+02 1.317847077970141925e+02 1.420020056519440743e+02 1.310848864958787487e+02 1.226525959323219013e+02 1.164953097015261818e+02 9.609252417889426567e+01 8.182946798093254870e+01 8.614645808410476491e+01 6.583923818955503293e+01
2.489354226379019153e+01 3.947455682682348055e+01 5.955458947555556648e+01 7.284852255825501288e+01 6.457619730841169314e+01 5.873712546693526093e+01 7.867296373977478652e+01 7.045541423009851201e+01 7.896191638209046459e+01 8.730392625566906872e+01 9.152718420718056791e+01 9.440058529325993675e+01 9.937326154199409700e+01 8.809602571019840411e+01 1.045980084543351438e+02 9.973299861126838550e+01 9.427659515162734749e+01 7.454971863649076624e+01 8.913189863431082927e+01 8.267059817447197645e+01 9.938530002739496183e+01 1.151582883273202640e+02 1.136163719335950333e+02 1.135577540711469169e+02 1.330275427575381570e+02 1.291269271736268820e+02 1.215905602810989592e+02 1.029513061515579295e+02 1.131358627902439480e+02 1.314503601017603387e+02 1.284920153684550996e+02 1.184008655369055418e+02 1.100381706761302922e+02 1.033371870798891337e+02 8.921332438106800566e+01 6.899025693041953389e+01 8.614645809854437175e+01
4.370090195851561532e+01 5.354455607967119590e+01 5.970710254465350886e+01 5.454935662850682121e+01 4.452253529716659841e+01 6.457619730841169314e+01 7.308971111160542478e+01 5.627296872689819196e+01 5.887549596754163161e+01 7.896191638209046459e+01 7.009985838180216433e+01 8.771126517739240569e+01 1.030619813613410543e+02 1.087960446492421767e+02 1.189544090971765371e+02 1.082633361059526180e+02 8.848309735494656536e+01 8.848309735494656536e+01 9.427657637677275204e+01 1.026294772401946744e+02 1.109176855691257373e+02 1.130395196675459886e+02 1.104548987514841372e+02 1.188917097404420389e+02 1.229358010985401535e+02 1.082851542497816126e+02 1.131358627902425411e+02 9.284861082661946341e+01 1.026388338613008386e+02 1.229905615090474100e+02 1.201264078894940610e+02 9.994993346293703951e+01 8.993669583672981105e+01 8.324960531148454379e+01 7.717454287908510935e+01 7.130466693445607973e+01 9.148896913520249541e+01
4.408240403742868097e+01 4.497495257834211912e+01 3.993857924988647312e+01 3.427378104096123934e+01 5.431010537568701579e+01 6.761449336650669295e+01 6.475867229719915485e+01 4.490315097848743164e+01 6.305905966466585255e+01 6.811850657752204086e+01 5.807231927668200910e+01 7.079073313017808289e+01 9.410600160858636798e+01 1.080430595729747409e+02 1.126625487403232171e+02 1.165006519264275227e+02 1.082633361059526180e+02 1.082633361059526180e+02 1.140870280661882532e+02 1.082330760458555829e+02 9.988024607767164298e+01 9.287933353359076705e+01 9.027115941536435173e+01 1.071962589062303266e+02 1.143123682571212782e+02 9.392120479065440009e+01 1.013881331841447917e+02 8.614757870011949592e+01 1.063734454686894253e+02 1.215969168219599652e+02 1.284920153684550996e+02 1.184008655369055418e+02 1.100381706761302922e+02 1.004850559322756141e+02 8.036403291510302438e+01 9.143623733179860835e+01 7.519695596617305000e+01
2.355042894570201284e+01 2.445323674477046794e+01 2.536391145558054916e+01 4.587018483018419346e+01 4.137337569443977969e+01 5.568940582873328538e+01 5.337040123772146671e+01 3.876988745993914165e+01 4.322542131617462502e+01 4.803391301342898601e+01 5.788710498535191107e+01 7.140298827111668345e+01 9.026807520255329109e+01 8.701744162669261584e+01 9.185212960948965133e+01 1.006152670049238935e+02 9.224984592900446501e+01 9.708112627723210153e+01 1.054452502012120618e+02 9.663150704474145414e+01 7.981515179070098043e+01 7.871590317632892209e+01 7.871597018557488923e+01 9.879088782346886433e+01 1.169512600851398361e+02 1.013850490204387569e+02 8.119404194388023654e+01 8.078832957259653824e+01 9.240763903214322283e+01 1.129202213619509507e+02 1.254139894712880476e+02 1.255901249681094498e+02 1.053238070085693039e+02 9.110249712217077445e+01 1.004852097992128677e+02 1.008986431109013466e+02 8.079574522068810438e+01
3.817489153191917950e+01 3.906599348852913067e+01 4.582405402916312198e+01 2.668117051344219703e+01 2.762356871915490331e+01 4.806641940106831612e+01 3.357978916857039309e+01 5.337040117022822017e+01 6.305905953363382110e+01 6.811850657752204086e+01 7.652221658346002187e+01 8.601070273698613278e+01 8.967018731456059299e+01 7.274867047469498971e+01 7.756139794602557913e+01 8.902494686859539286e+01 7.222489671541384837e+01 7.700426087665017860e+01 9.290079072485931988e+01 8.458077056644087577e+01 6.831807738052708601e+01 6.722530311544799986e+01 8.131493741847982903e+01 1.013988577933850905e+02 1.025705257913328552e+02 8.831045991488099389e+01 7.412146291419183797e+01 8.041597488178182118e+01 8.799650489972026435e+01 9.698982127683724741e+01 1.112154661242879286e+02 1.312861259747418785e+02 1.196590423909239149e+02 1.053238070085693039e+02 1.196590423965026417e+02 1.069719332950159725e+02 8.685393340003153639e+01
5.842267186852680538e+01 5.913178935797864710e+01 3.975781149448887675e+01 4.715372830319179087e+01 4.640473388349516881e+01 2.897077510543121903e+01 2.993292545793980608e+01 5.028755469188909899e+01 5.984379802074266763e+01 7.351397406581328653e+01 7.496130159585068498e+01 8.328725098303350194e+01 8.125863553596576594e+01 6.130661744730443985e+01 8.125863553596576594e+01 8.068843611002941429e+01 6.085968413981079550e+01 8.065047049340988394e+01 8.023548389721354113e+01 6.465272019362514300e+01 5.948629883930974671e+01 7.936141304340418401e+01 9.554121222583825102e+01 1.025705747517821038e+02 8.241604591622119358e+01 8.611496276596204780e+01 7.042908372346698798e+01 8.197147226553211397e+01 1.021371620815876042e+02 1.164254782616970658e+02 1.254139894712880476e+02 1.240206441746411485e+02 1.324163737353641750e+02 1.255901249681094498e+02 1.170742124647300102e+02 9.686967245461283937e+01 1.069719332950159725e+02
6.121566921034753506e+01 6.812846874584296586e+01 5.143564778541713878e+01 6.087551839915832375e+01 4.086731604867254219e+01 4.936182206781958115e+01 5.028755832873419962e+01 3.134450193866592116e+01 4.575649884104989695e+01 6.070505427358193629e+01 5.487582974114446444e+01 7.496130159585068498e+01 7.493680529595154383e+01 5.506716308534866045e+01 7.493680440003203103e+01 7.441028413677152287e+01 5.464417209899059458e+01 6.638647575149938973e+01 6.572778784509040406e+01 5.326024276191718343e+01 6.715197421930116661e+01 8.661247447761230944e+01 9.813595011441633176e+01 8.976478550600394613e+01 8.207368836642773147e+01 6.611521639231976621e+01 8.611496276596145094e+01 9.887846620375218265e+01 1.105425666409286549e+02 1.199494424333261122e+02 1.165258512726961300e+02 1.037770305840361971e+02 1.207244108531486688e+02 1.324163737380585530e+02 1.255064451101382730e+02 1.069113625530143707e+02 1.255064451133762731e+02
6.974285118262793048e+01 7.964481215989351881e+01 7.139037522265388702e+01 6.916862938639619074e+01 5.248163970811680912e+01 6.349021133092330160e+01 4.323117286085440725e+01 5.163752581310647827e+01 3.276568973016026121e+01 4.055707041823495018e+01 6.052257005652131028e+01 7.488627903211495607e+01 6.941786663119852108e+01 4.954758606864471204e+01 6.215462902287831781e+01 6.338200758129081436e+01 6.186283603365068018e+01 4.652516531252167908e+01 4.784189857342615682e+01 6.659840634683843064e+01 7.750258268428476072e+01 8.555361856957169664e+01 8.520702489805717050e+01 6.973911034318606994e+01 6.215104926711929068e+01 8.207370477570432854e+01 9.448523103083417141e+01 9.965125121684107512e+01 1.080307310415849003e+02 9.971412624787706136e+01 9.629484411577300307e+01 9.210774942487020667e+01 1.037770305840361971e+02 1.240206441746413475e+02 1.356769980173382635e+02 1.272371032327052234e+02 1.356772907118489400e+02
6.443276883496190521e+01 7.912041476095294001e+01 8.431325447660013594e+01 8.068094933303903815e+01 7.238479146379448537e+01 5.980166489573521460e+01 6.313045744077727051e+01 4.772792366237170114e+01 3.377436720184964258e+01 5.397042601184772792e+01 4.830102298761336499e+01 6.348441824944126211e+01 6.869338641282249114e+01 6.038199324895013831e+01 4.217704030540651416e+01 4.343938493328565897e+01 4.470757408829305746e+01 6.461530191552645874e+01 6.767226326459677921e+01 4.982184767704998052e+01 6.961898002646940142e+01 6.668202479227940671e+01 7.197585212199004445e+01 5.835752412870556327e+01 7.820296096542540454e+01 9.042948068943927353e+01 8.520856892382749948e+01 7.949778397496544358e+01 9.094633914228494120e+01 8.544449480056165669e+01 8.203690817113060518e+01 1.022203689218022475e+02 1.116369617986207032e+02 1.177435005413530149e+02 1.244977878100334863e+02 1.329108764862188252e+02 1.430598638011160233e+02
5.625042852259470294e+01 5.937708809408329813e+01 6.463831318031962780e+01 8.431325447660013594e+01 8.818607084917645977e+01 7.990236086007246286e+01 7.414587649957307747e+01 5.947488055693038689e+01 3.995946752504617905e+01 3.521382080787756053e+01 3.622837267102787706e+01 5.634956802169814694e+01 5.879446430428263426e+01 4.044641353285113183e+01 6.046900431567135570e+01 6.338206810376092193e+01 5.333934180185937635e+01 7.215104104315156519e+01 7.790768973330510505e+01 6.961897897183061446e+01 5.180807502267177256e+01 5.322847491279416232e+01 5.475835204940248246e+01 7.455379985293012624e+01 7.929496537043901583e+01 8.132764480224869885e+01 6.521505927750233411e+01 6.797055382625174502e+01 7.085755369583669960e+01 7.385647490871095044e+01 9.398050555082669177e+01 1.037001384434032616e+02 9.140212303927206960e+01 9.749060456244443174e+01 1.042350567628255646e+02 1.143655099571835478e+02 1.346309908709215790e+02
3.935528331180800876e+01 4.841043135415586107e+01 6.824873217823345328e+01 8.119153061772517788e+01 8.932838268851224939e+01 8.329727851563272623e+01 6.351146615797944150e+01 4.984309044576664860e+01 5.957484343600908261e+01 5.536279771806803751e+01 5.619884716981667339e+01 3.766561831967823082e+01 3.873132534043212161e+01 5.879446430428262005e+01 6.874057706867655781e+01 8.053540179164315305e+01 7.233640891588188993e+01 7.233640891588188993e+01 8.420272203853134840e+01 6.426493011880911865e+01 7.157172662197179136e+01 5.707470116766756973e+01 7.454998686958224141e+01 5.748416150803062408e+01 5.942428169047641262e+01 6.141255694525564479e+01 6.450332056076447884e+01 8.448740616062873698e+01 9.094633914228494120e+01 9.398050557469609601e+01 7.940509855883544788e+01 8.350077638147307368e+01 9.358040973173427801e+01 1.078851055292432619e+02 1.244979106464747645e+02 1.329108764861946099e+02 1.430545153756652326e+02
