LEM/sinusoidal_perturbations/elevation_000174.asc
nrows	100
cellsize	150.0
xllcorner	0
ncols	100
yllcorner	0
NODATA_value	-9999
[rows 17 to 33 of 100, columns 37 to 73 of 100]
1.455533374895771104e+01 1.877062933427399116e+01 3.072811357922058306e+01 3.497575070033838074e+01 3.627334494505885942e+01 1.706559802062544051e+01 3.751525992755378525e+01 4.038932746515842354e+01 2.662027759567331131e+01 3.321844951759072018e+01 4.029670414562978209e+01 5.055225422624359766e+01 7.057140353856387094e+01 7.666353771228591540e+01 6.411225424627336622e+01 4.502755293791327063e+01 6.411358294848756145e+01 6.392333819631187453e+01 4.249654056959781201e+01 6.392334088760998156e+01 6.304784286696319384e+01 5.748537789105825624e+01 3.907804479676384091e+01 5.919797955683153390e+01 6.681091882199021370e+01 5.911003822077797309e+01 4.603733313244928382e+01 5.848045308930043973e+01 7.690967216837610465e+01 7.326825081545574392e+01 6.082802207459824473e+01 4.186753761752752467e+01 5.742128224051590024e+01 6.515419745577581523e+01 7.563272155550002651e+01 6.159801980816791200e+01 4.196947386044220707e+01
3.068661590041111964e+01 1.506463060526021991e+01 1.544657282322481962e+01 1.583947416441024636e+01 1.635131334701581451e+01 3.668976245042984630e+01 4.571795389985012292e+01 5.582892012322038511e+01 4.759916992649988288e+01 4.387870390935366771e+01 6.056182888052834556e+01 6.883202921412910769e+01 7.882957150137295343e+01 7.760569541801537241e+01 5.852774072817318540e+01 5.607044972243375014e+01 7.210624283052707995e+01 7.248622092866895628e+01 5.320404643500755526e+01 7.248622092866895628e+01 7.464783729311699290e+01 5.573344738738187942e+01 4.691495149918549146e+01 6.592558435142987605e+01 8.070689189307671541e+01 6.210436728846878651e+01 4.955076024740057505e+01 6.210436728846918442e+01 8.070689190114146072e+01 7.593027629300273418e+01 5.549315240919371206e+01 6.147904740723167549e+01 4.656917199388875162e+01 6.678895318980805484e+01 7.563206203685811602e+01 5.567509397004473470e+01 4.433078593259369171e+01
1.726763179253762104e+01 3.118490202216851870e+01 3.264665112036891514e+01 3.504639860915200700e+01 1.649101361735486293e+01 2.442973181982113928e+01 4.232608910897997134e+01 4.702855881998995358e+01 6.705553721125335187e+01 6.415334621547683014e+01 7.243337326809140109e+01 7.853452732238766032e+01 8.676972035039577236e+01 8.573058651317627721e+01 7.760491070845073125e+01 7.509923371793493629e+01 8.316018987944124774e+01 8.303199240546904036e+01 7.464263534079033491e+01 8.303199236805116357e+01 8.269051669450469433e+01 7.386440091954185050e+01 5.658419487501729606e+01 7.386440091954268894e+01 8.500979643024452059e+01 6.625387038871693335e+01 5.346424288045047746e+01 6.625387038871693335e+01 8.500979643031847388e+01 8.438977966478323367e+01 7.593027629132622280e+01 7.073011497194801223e+01 5.025096058937531041e+01 7.073011497194801223e+01 8.383387797436915889e+01 6.674717100970639194e+01 4.683564081686512992e+01
1.876932414872523580e+01 3.819647286538110365e+01 5.024702554820025568e+01 4.477725795599826597e+01 3.731111690609013465e+01 1.725324825568704412e+01 2.670974615662946761e+01 4.114833257122641186e+01 6.122467167976290625e+01 7.271884693923618670e+01 6.448675246453760224e+01 5.866797398340033709e+01 7.853452732238766032e+01 8.673088145214011035e+01 9.245899501022881850e+01 7.690034277623537662e+01 6.869580248191594762e+01 7.690074943506729710e+01 8.133892718025654744e+01 7.313571068715125989e+01 8.133892718025654744e+01 8.331525942555185793e+01 7.526698685099808017e+01 8.331525942555275321e+01 8.359149879480082745e+01 6.486426145392361775e+01 6.015961028391672727e+01 7.174735393886385282e+01 9.061764089989522120e+01 9.149330077270990103e+01 7.093299788763198421e+01 5.630912304542142977e+01 7.073011497194801223e+01 7.921116088040996317e+01 8.100126239543955364e+01 6.103693957643063328e+01 4.947215655205742735e+01
2.020196706303721967e+01 3.402699261159704491e+01 5.411121503628503149e+01 5.214115170694585544e+01 3.850983362462226012e+01 1.790060551380058840e+01 3.851287290180884071e+01 4.791075761982252601e+01 5.628984108187867719e+01 5.450676673888367674e+01 4.452678068793373001e+01 6.448675273696547094e+01 8.097827624113475053e+01 6.711362948455462174e+01 7.285922267238200334e+01 6.705652541250296395e+01 4.906070736555738421e+01 6.705091153780855961e+01 7.137009136094401640e+01 5.314280150330987595e+01 7.137009136094401640e+01 8.598833501422859626e+01 8.598833501422859626e+01 9.417333331632204363e+01 9.156731978862572419e+01 7.802682620856819540e+01 7.325210109824656968e+01 7.325210109824656968e+01 9.215406862555609280e+01 9.371321051130949797e+01 7.318818198132929354e+01 6.142785578214316189e+01 7.613143177818697893e+01 9.661005452997653720e+01 8.918752686140177843e+01 7.237952901274231010e+01 5.232315982308588076e+01
2.166961268238703298e+01 4.145455781699403275e+01 5.836733651318258609e+01 3.769378031153246411e+01 2.341479707278809741e+01 1.855390356405000318e+01 3.908263558103969615e+01 2.943775534763054935e+01 4.535167435130802716e+01 3.441551369665569382e+01 5.450676673886227519e+01 7.041711764601669188e+01 6.226831761306696222e+01 5.336921085111637097e+01 7.257102399971273599e+01 5.858458620625461322e+01 3.893612224129362431e+01 5.858451427760618913e+01 6.313925609028335373e+01 4.310464935798404440e+01 6.313925609526313565e+01 6.612347624269594348e+01 6.612347624269594348e+01 8.598833501422859626e+01 9.283679958455739722e+01 9.702580682229709907e+01 9.215406862555609280e+01 9.215406862555609280e+01 1.001985761266324175e+02 1.021131958270400872e+02 8.786290923178778201e+01 6.719019127208537157e+01 8.785851533810782144e+01 1.023714319504366159e+02 9.092184138977157204e+01 7.542851209818255143e+01 5.533716761600675227e+01
2.311384091060281065e+01 4.302377065378742316e+01 6.055385181495051228e+01 3.997207109554076254e+01 4.367088034723783352e+01 3.131715964782931749e+01 1.938439689219853790e+01 1.995125483560163460e+01 2.559395560051907026e+01 4.561185586766039535e+01 5.109264721220544914e+01 5.930364350527238315e+01 4.234644710369089182e+01 6.087304550963941807e+01 5.101544679445991903e+01 4.684497986168531014e+01 2.775546312751866296e+01 5.174324142600902832e+01 5.228980779072866625e+01 3.645646062565103307e+01 5.646105384842302044e+01 5.193893796819283182e+01 6.927419776526143380e+01 7.386431462274941850e+01 7.305770547424538108e+01 8.458549959662781248e+01 9.117646389965759113e+01 9.934300093228389983e+01 1.091899676887280037e+02 1.022543329466047197e+02 8.190178634725286599e+01 7.655349224517294715e+01 9.625988436634636969e+01 9.417999462697845559e+01 7.436090132090207305e+01 6.272511229723198767e+01 5.945692356905639286e+01
2.457300565412987225e+01 3.451352638339605505e+01 4.885250821164816415e+01 6.055377253479665001e+01 5.698270428972944757e+01 4.691007927415186884e+01 2.789213191279369397e+01 4.039997147684631784e+01 2.077809044742463485e+01 4.128063082165969178e+01 3.308433285536820989e+01 4.688576186234588761e+01 3.513033710856202418e+01 5.239715723524037827e+01 3.272277267079439866e+01 2.656650649134785169e+01 2.718424286284720992e+01 3.920400455706806753e+01 3.225481953880655084e+01 5.228980781400247224e+01 4.121703356265862084e+01 4.513021051824092922e+01 4.922831561212014861e+01 5.385645910191661301e+01 5.890465445071125572e+01 6.472015306704814464e+01 7.140357099056829782e+01 8.133853981832760383e+01 1.010143879809875358e+02 1.106179823854397739e+02 1.022543329466047197e+02 8.848030781814885870e+01 1.053736038872882972e+02 9.208793606603759940e+01 7.224832248201283846e+01 8.273545253178113512e+01 6.378687132767577594e+01
2.609496256954796323e+01 4.625376834677324211e+01 6.299499472408278677e+01 7.713302020482683474e+01 6.232774695432705414e+01 4.229185478996399894e+01 4.816023173778345523e+01 3.795079346875122184e+01 3.929814780196171853e+01 2.162828327028960729e+01 2.224156574941027387e+01 2.563556498912890902e+01 4.721525600601558637e+01 4.517407129697204482e+01 2.570081289909741429e+01 4.600985185214545936e+01 4.743681845841847178e+01 2.806469589213478244e+01 3.981254985701265525e+01 5.983097263315845282e+01 6.124980126476437192e+01 6.518234920533143395e+01 6.085500329910961881e+01 7.386431462274941850e+01 7.885086801342883689e+01 8.458549959662781248e+01 9.117646389965759113e+01 9.934300093228389983e+01 1.091899676887280037e+02 1.175664387478517483e+02 1.170282541897476420e+02 1.086675014451835040e+02 1.060162064074838923e+02 8.631865759021155782e+01 8.376074375429996621e+01 8.892728154388676387e+01 6.903705931542039309e+01
2.768209274257661079e+01 4.791722274048919417e+01 5.958736281038894589e+01 7.376485243485694809e+01 7.055188608789511306e+01 6.232774695432705414e+01 6.686898160649842282e+01 5.833946072545143124e+01 4.581908483013916111e+01 2.555863652059490221e+01 4.268205179049252251e+01 2.311189068405634472e+01 4.351081162207255915e+01 2.483983355600340914e+01 4.517407083017091907e+01 5.427872938474162368e+01 4.888501188638575456e+01 2.870474832073714921e+01 4.887995264927751293e+01 6.797822726425505380e+01 7.101499141640098856e+01 7.913235675646140521e+01 8.077503128542610966e+01 8.896016808714931301e+01 8.672011375542631129e+01 9.492234142303927058e+01 1.089200685365011338e+02 1.116154563074523622e+02 1.035412014678955899e+02 9.821583242415502468e+01 1.065141477036637525e+02 1.146051533133340428e+02 1.141985440970903483e+02 1.060162064074838923e+02 9.770006896602350821e+01 9.440943986780703767e+01 7.464155296746656632e+01
4.790946500343581960e+01 3.101188419826021203e+01 4.540753068502996115e+01 5.480502411502961024e+01 7.480846233038283799e+01 7.757741837726189260e+01 5.765598277206789390e+01 4.346551498139275793e+01 3.582162754262162707e+01 3.033234952663006112e+01 4.708222892864828424e+01 2.702232217524503710e+01 2.397719035010858946e+01 3.584119470496898430e+01 5.339492042496352298e+01 5.726838879128567328e+01 3.913849819158478738e+01 2.934696333627690734e+01 4.949145911017719612e+01 5.733687486412935641e+01 5.205617530642542334e+01 7.101499500496265682e+01 8.229273188544250672e+01 7.404669292291521288e+01 6.668167596714503986e+01 8.092461430842153902e+01 9.769053853467507054e+01 1.003953553656079976e+02 8.413193413741268500e+01 8.455407051495518544e+01 8.709792939783588395e+01 1.064361766937576164e+02 1.101778449450738719e+02 1.183163020898368529e+02 1.173762614138815650e+02 1.006307105305085798e+02 8.095732529598630833e+01
5.956831876002365789e+01 5.129866147307519952e+01 3.451245578831353100e+01 4.893045123297134325e+01 6.898757900555726508e+01 7.757778035809892003e+01 5.765598452095039761e+01 5.738041493837702234e+01 3.731517296762276459e+01 5.049809186531908978e+01 4.337941074179283163e+01 4.708228155301846130e+01 3.130783586420222164e+01 5.146480326056473587e+01 5.593893746282607538e+01 6.557167381371033343e+01 5.620982050595683432e+01 4.949153903899453155e+01 3.025443931914032092e+01 3.896869347269873884e+01 5.079343087298136084e+01 7.024015521396208328e+01 7.404669292291521288e+01 5.337817766062193670e+01 7.404669292290239468e+01 7.801068033608559915e+01 7.801068033426271597e+01 9.165875527302348758e+01 7.276780184547422436e+01 7.323738069724903710e+01 9.094695960415469926e+01 9.767579636173556423e+01 9.055325700164236480e+01 1.044518376419859607e+02 1.240016494344359046e+02 1.088048442020766799e+02 8.977651997164758768e+01
6.895477395873477633e+01 4.890917476685362431e+01 3.709715521796057658e+01 5.152110300730326742e+01 7.152955142981211623e+01 8.578725174999480885e+01 7.757775868841675049e+01 6.255238449311809035e+01 4.252143876983472381e+01 6.255238449311809035e+01 5.772508670786400842e+01 5.972245913563716613e+01 4.144879076426587972e+01 5.972280661742664876e+01 7.583257881019838464e+01 6.313094252448121324e+01 5.261450952274014981e+01 3.260673595093298616e+01 5.035024788522321870e+01 3.122734723733556450e+01 4.730223038266236557e+01 6.422411142699336040e+01 6.750357169476627917e+01 4.630489146905726727e+01 6.382116284322901123e+01 5.767461681778583227e+01 7.232685610909531704e+01 7.681530934607830829e+01 6.379453351987187659e+01 8.358442433450430542e+01 9.767579636173356050e+01 7.798076006161431906e+01 9.667205330751718861e+01 1.036035129989154768e+02 1.117228167928102636e+02 1.176049740748273535e+02 1.036444321237783157e+02
7.719046826986017606e+01 6.008952887159201595e+01 3.982657173900108205e+01 5.164450248397401566e+01 6.582240392225841674e+01 8.563592351810096659e+01 7.322186634769660429e+01 5.326109872050759009e+01 5.256899236055598834e+01 7.078110415455940085e+01 7.763997262596156190e+01 6.971890974986642675e+01 6.148298065474746465e+01 6.971659809399973540e+01 6.544017019239360877e+01 5.489656941002940016e+01 3.492580130261644911e+01 5.261450953309528700e+01 5.294080344087205958e+01 3.751919389781230763e+01 3.219043616282377940e+01 5.912813723713972536e+01 5.816161016076856072e+01 3.995497565047415378e+01 4.234741123252028672e+01 4.702061654905509869e+01 5.182523572152945235e+01 5.669510584872814007e+01 7.681530934607832251e+01 8.090057462217555440e+01 8.443230160509774862e+01 7.088138177360701775e+01 7.693954933291563236e+01 8.399838439368399179e+01 9.536899360673193371e+01 1.148520756765966837e+02 1.233359191865305462e+02
6.604674615848313124e+01 5.189558344097729758e+01 4.270232968926003991e+01 5.450774604285198421e+01 6.861657836502344310e+01 8.841015786576964786e+01 8.142670622866710062e+01 6.328509298101802472e+01 6.672248922468450871e+01 8.074233091549426433e+01 8.596846675482261446e+01 7.779011590051443648e+01 6.949667535851722278e+01 6.129122194371519328e+01 5.721566725757208616e+01 3.725370437107205390e+01 5.466888955640617098e+01 6.300181011343067183e+01 5.653329516087875106e+01 4.531578942430758872e+01 3.286581027329608418e+01 3.490654358227547505e+01 3.694510872013072600e+01 5.820967789374498125e+01 6.381998779602447058e+01 4.694595622457239159e+01 5.037670071598188315e+01 5.385351250188487171e+01 5.734432687730139833e+01 6.083824979838291114e+01 6.448457555214906733e+01 8.443230160510771043e+01 9.667205330751475856e+01 1.036035129989144252e+02 1.117228167928102636e+02 1.230052858636161517e+02 1.299035690287628029e+02
7.184095193648626321e+01 6.642411695684252493e+01 4.630516392284536664e+01 5.238287616625213161e+01 6.652455163641131719e+01 8.630935061776301609e+01 9.135114618617583915e+01 7.736869447836760116e+01 8.657035563792830146e+01 9.127938280316071484e+01 7.779017242590026626e+01 5.795103489179803091e+01 6.129020313235285755e+01 4.133990549634228984e+01 3.961643490132287582e+01 5.674684781508975107e+01 6.515402720043225315e+01 6.395450698224377106e+01 4.515495616187492089e+01 3.386202915536824776e+01 5.297657213572084345e+01 5.495974937698121465e+01 4.778844226629678360e+01 5.990507172267821545e+01 7.608772740724154460e+01 6.834335844242761482e+01 7.125606731557603268e+01 6.856041316837634270e+01 7.179350921907817451e+01 7.253746818384534834e+01 8.443230034572037823e+01 7.455620655688939280e+01 8.451285527678062692e+01 9.838873546703695183e+01 1.179016571682812042e+02 1.175510280146119300e+02 1.103724867810884831e+02
7.011202194014317968e+01 5.728083207061187920e+01 5.046481167595894846e+01 7.068029139264075411e+01 6.396233414814291507e+01 7.536153853512261946e+01 9.517675099153142071e+01 9.713854966093079213e+01 9.127939367230906953e+01 7.155874465082831648e+01 7.448249638737793532e+01 6.376023625212626911e+01 4.383497392178389163e+01 6.129129097353224864e+01 5.957518144520099668e+01 5.115602893534911999e+01 7.104531264006011781e+01 7.177144642915997963e+01 6.032509454782118041e+01 4.684518626375194117e+01 3.484841088675820231e+01 3.555214730012906443e+01 3.625118635133927825e+01 5.537642442231339857e+01 6.354783986671402829e+01 7.186797681494407186e+01 8.116452258234755845e+01 8.846960089398859850e+01 9.161120926764061778e+01 9.232478952153581986e+01 1.004551600406192051e+02 9.430839659228657013e+01 9.430839659467496006e+01 1.122335724290356893e+02 1.118969342037247827e+02 9.809584935722857324e+01 9.664678887365415960e+01
