LEM/sinusoidal_perturbations/elevation_000800.asc
nrows	100
cellsize	150.0
xllcorner	0
ncols	100
yllcorner	0
NODATA_value	-9999
[rows 0 to 16 of 100, columns 0 to 36 of 100]
8.271705653423140972e-03 1.000827170565333546e+01 2.415040732938403423e+01 4.415040732938332013e+01 5.247395768532730642e+01 4.936663024994590643e+01 5.754128514258366778e+01 6.891214177346091674e+01 7.254761455656817759e+01 6.415752561265453835e+01 6.432595904410268872e+01 7.290141036086374982e+01 8.583742291477808806e+01 9.737311853252658977e+01 9.263726836536132225e+01 9.341001043143165816e+01 8.512227122636878107e+01 9.344318077435349323e+01 1.089278328914290341e+02 9.829424773392491943e+01 9.047838451232871648e+01 8.886671243490964400e+01 9.680116307829327127e+01 9.477817924766868884e+01 1.027426154861218919e+02 1.087690235030295440e+02 1.006966262451314975e+02 9.888562047547939926e+01 9.888562047547939926e+01 1.069507952856995416e+02 1.137345430215112856e+02 1.056816196970995207e+02 1.137345430215112856e+02 1.089069723405191183e+02 9.783450718073711982e+01 8.957188687817918549e+01 8.989858225857422269e+01
7.813061968023241044e-03 2.000781306196766707e+01 3.829254295311422851e+01 4.666556535524293281e+01 3.262033510552885218e+01 2.950267298403819893e+01 4.105934508946906192e+01 6.071459281563874555e+01 6.091904039534468751e+01 4.406354142545787056e+01 4.406895047440424662e+01 5.568173060894104509e+01 7.667745519736793369e+01 7.885854722153607099e+01 7.337619154138326394e+01 8.205806660957991028e+01 6.468356067574708845e+01 7.736152182671565924e+01 9.399243025618424952e+01 8.870932231891509900e+01 7.200870023037839474e+01 6.981546586682688371e+01 8.121572133860242104e+01 7.559796733355304355e+01 9.477817924766868884e+01 9.760632855386342044e+01 8.142611672322949801e+01 7.961733258381826772e+01 7.961733258381826772e+01 9.888562047547939926e+01 9.995465196858543777e+01 8.676135272216222916e+01 1.041980801360587918e+02 1.005397865890920883e+02 7.973395761885466015e+01 6.927539519894102682e+01 7.000130470971943453e+01
2.526786264046545528e-03 1.999730432247672951e+01 3.836957303873040104e+01 3.014458226255112905e+01 1.844423912330727688e+01 3.843532652803088467e+01 5.643357418759080701e+01 4.995387290228310917e+01 4.468346714757609561e+01 3.253630619750706643e+01 4.666576352027120578e+01 6.681730523077057171e+01 6.236037784238888548e+01 7.067555864903675911e+01 5.920919655755184152e+01 6.658591895718386411e+01 5.437062315535908397e+01 6.477686199754930385e+01 8.564012389080528465e+01 9.314553309527862268e+01 7.786747010042921602e+01 5.871698658643681767e+01 6.195754676318720300e+01 7.559796733355304355e+01 9.477817924766868884e+01 8.957079238524003983e+01 7.028260186621410810e+01 6.595366357383825573e+01 8.526088344543109088e+01 9.442389594175442369e+01 8.084086689142054638e+01 7.745603454075144612e+01 9.409347000698647889e+01 1.087726591140928463e+02 8.989858225857422269e+01 7.000130470971943453e+01 5.846224432430557272e+01
4.163169627051843593e-04 2.000041631696235100e+01 2.347131134840647704e+01 1.012029071161332894e+01 2.429366672038591446e+01 4.420629048398789962e+01 4.676961925004441412e+01 3.366685005358311855e+01 2.471497288456658836e+01 4.468346713902571565e+01 5.958725434842780544e+01 5.876854257411812910e+01 4.206120192378673295e+01 5.892035477333895699e+01 6.026462194214893486e+01 4.635339919338783687e+01 6.658591895718386411e+01 8.308833578419221055e+01 9.383758691557889620e+01 8.130015008313624492e+01 6.595273345001089638e+01 5.220463387208688033e+01 7.158663405089480136e+01 8.652025342794436824e+01 9.670369050791069299e+01 8.897499266763978198e+01 7.843475039689958805e+01 5.908247280951606228e+01 7.480394537434166580e+01 7.906607543604106070e+01 6.738169436153029324e+01 8.084086689142054638e+01 9.995465196858540935e+01 1.042796782472813391e+02 9.808828359024917631e+01 8.476181868741836922e+01 6.496982189985108391e+01
5.883922493566802643e-03 1.745252135033181995e+00 3.488987108798876413e+00 5.251237424467561254e+00 2.522638941847851868e+01 2.985585041911159365e+01 2.752863541382064838e+01 3.386701664151920710e+01 1.987589912769178468e+01 3.131033666836407647e+01 5.131413400284470328e+01 4.632615538332480298e+01 3.047067947761545881e+01 5.053576804531184052e+01 4.010980608043205109e+01 4.725975749045621654e+01 6.154675516928816847e+01 8.145320188096209790e+01 8.978428135391702369e+01 7.098241698734395300e+01 5.761493167791504533e+01 4.794989539515842836e+01 5.921351720859226475e+01 7.855305469710660304e+01 7.792391270467766162e+01 6.981861712719707214e+01 7.359668100005353608e+01 5.423245863674321754e+01 5.550483228795252444e+01 5.983333617035518159e+01 7.095488305062539780e+01 9.014617028950178224e+01 9.859430645171995877e+01 8.472199390248783857e+01 9.859430645176462349e+01 9.037027038586950312e+01 7.066764017220526739e+01
1.256007409845548732e-03 2.000125600739985643e+01 2.347131134840644506e+01 2.522638975318690413e+01 7.961205642608752520e+00 9.912048765715843146e+00 1.189892523680731529e+01 1.394469389807900228e+01 3.386267156977051940e+01 3.971195912392791172e+01 4.226498151081578669e+01 2.631111514179285393e+01 4.627013508149045151e+01 3.500350914727945906e+01 4.924138003474733694e+01 6.737721842180876308e+01 6.154675516928816847e+01 8.145320188096211211e+01 9.057584830367267159e+01 8.092834593297605750e+01 6.364565805818241273e+01 4.436152177524115103e+01 5.879048387893007543e+01 6.666972151977761030e+01 5.862614674204083798e+01 5.862597635260489426e+01 6.903102727527591753e+01 4.967466155918442183e+01 6.903249001822007358e+01 7.906562788744545855e+01 8.705886374721198706e+01 9.817186246989120946e+01 8.985897565643118412e+01 7.097076502362921246e+01 8.634019635373716994e+01 7.822992927767171523e+01 7.154611294131861143e+01
9.594114293757748102e-03 2.000959411429340307e+01 3.829198256827341140e+01 3.619372169873424383e+01 2.206801533908253177e+01 2.400733149167266234e+01 2.301328847320068860e+01 3.386701664151920710e+01 1.733475446901242378e+01 1.978230374047640083e+01 2.233574476473096837e+01 4.230187024087202730e+01 5.450590239219373956e+01 4.507352845621846882e+01 6.333289066163258951e+01 7.742443500951840463e+01 8.145320188096211211e+01 8.955691193380974369e+01 8.260097640320563528e+01 6.328859091234676981e+01 5.359188873595828539e+01 4.628478496994831914e+01 3.946141803025400208e+01 5.449624249446380730e+01 4.492537403491434844e+01 5.952598275864596644e+01 6.215676098234252578e+01 4.673723114870451667e+01 6.042576076511496552e+01 7.977445393099812065e+01 8.765808809135126012e+01 7.951776679390954428e+01 8.173879100664289865e+01 6.232874323103436609e+01 7.510898939280475872e+01 5.882947010385814224e+01 7.510898919715987176e+01
7.711341127313004785e-03 1.000771134112740057e+01 2.414984696485860383e+01 4.414984696490557781e+01 4.204166871561803731e+01 4.397542690130634213e+01 3.548331100099584745e+01 4.553377093661313779e+01 3.726155687326070876e+01 2.985155580545047371e+01 4.230187024087203440e+01 3.385190850063683854e+01 5.384473263890468075e+01 5.930346384114826463e+01 7.331926275270625126e+01 7.848459536197162834e+01 7.848459536197164255e+01 9.806578008529731960e+01 9.057584830367267159e+01 8.092834593297807544e+01 7.119764564985570132e+01 6.001331724066225348e+01 5.199731767394608539e+01 3.521770547695288656e+01 3.762247791787913087e+01 4.018942621774136370e+01 4.281140920854234366e+01 5.648057001357656759e+01 6.606525135549897243e+01 8.526143817743108855e+01 7.635341136459715017e+01 5.996812936006541150e+01 7.487630280367343971e+01 5.551570488999370667e+01 6.621798027587860247e+01 4.759582378215149134e+01 5.580934855335816280e+01
2.297228869525369630e-04 2.000022972288659773e+01 3.275083749776029407e+01 4.075331337713592461e+01 5.668529858287394774e+01 6.065199476570089843e+01 4.888253839121483679e+01 4.468470426680921292e+01 5.155135279840745710e+01 4.333100937488807602e+01 5.679940799883214453e+01 4.539908218431201448e+01 6.211500631537812467e+01 7.920614301446909167e+01 7.686567934749882625e+01 5.901511894717483386e+01 7.516350241628319395e+01 8.330003095503343502e+01 8.555287706901482636e+01 7.757117022093241587e+01 6.319294571044614628e+01 4.380153965230316260e+01 3.256023785836103457e+01 5.199731767394607829e+01 5.698675525699052713e+01 5.953326529355344832e+01 6.215676098234252578e+01 7.016411517168120326e+01 8.358985706661653126e+01 8.108268550170727451e+01 6.756859014804943797e+01 4.857576348675844713e+01 6.756857181612905094e+01 6.621797438575970318e+01 4.684702966146858216e+01 4.134043672876454423e+01 3.604896274450813820e+01
9.647730019007896146e-03 6.658189360373432564e+00 1.362346198149177212e+01 2.576763999717546838e+01 4.494951271659135017e+01 5.273389469707107224e+01 3.744924258321279353e+01 1.531129665304352905e+01 3.760662917132200533e+01 5.428927357711520330e+01 6.866140326833161112e+01 6.538170571114031304e+01 7.364728792429414739e+01 7.523076755606166444e+01 6.874985715457320623e+01 4.925323173000732879e+01 5.567185365478133008e+01 7.516350241628319395e+01 7.757117022093241587e+01 5.826699609617209319e+01 6.392105727501930090e+01 5.020751520847819904e+01 3.071860369403242785e+01 4.780540397597584956e+01 5.319862196628228190e+01 5.905196334340603670e+01 6.591545594802789765e+01 7.390439054475949376e+01 8.506360174494169257e+01 7.240328220769549716e+01 5.293810946944738305e+01 3.982849576671743108e+01 5.943840614235875819e+01 5.731844607200825692e+01 5.848553238080788219e+01 6.084539671489095269e+01 4.998216550272024961e+01
3.582433992925927561e-03 2.000358243399256963e+01 3.275083749776029407e+01 3.369121932729962765e+01 3.527039921496400865e+01 2.883285849802808087e+01 1.807214559560058831e+01 3.627927145218562632e+00 1.777553558776224563e+01 4.077499066630285540e+01 5.151940668939128187e+01 6.076547543256783968e+01 6.954704097123955364e+01 5.572358732570631190e+01 6.138082540051885161e+01 4.181186918034737943e+01 6.138082540051885161e+01 7.403018995165156468e+01 7.507157300988490078e+01 5.575831412212624372e+01 4.457253821481076272e+01 3.871917281109417530e+01 4.672839603780188611e+01 2.823862135370517734e+01 3.374602879674722544e+01 3.963868590850297835e+01 4.650290315042966682e+01 5.772922837254424877e+01 7.709805210457606961e+01 6.425589280015056204e+01 4.461168692199636610e+01 3.335765698371348265e+01 4.573011504115544312e+01 3.745190502236731334e+01 3.866647867387252546e+01 4.568047378480900989e+01 4.691269571214236578e+01
1.813270376062421294e-03 1.425725134471049849e+01 3.505417294548885820e+01 3.856196899630678843e+01 2.638865307432741503e+01 1.737364935430419255e+00 2.034581661382330875e+00 2.331964949775014784e+00 1.565469419907369719e+01 2.933369053090651235e+01 2.678763630308786148e+01 4.796336992675824007e+01 5.975464669980139831e+01 4.184996739769405849e+01 4.977586368990645127e+01 3.650192278670116508e+01 4.638470012154791533e+01 6.591690357341221329e+01 8.305290778389814932e+01 7.190993658257781362e+01 6.392105779210847771e+01 5.200904093185768318e+01 4.393053376777721297e+01 2.657005336097545722e+01 4.619550218508389605e+01 5.905196334340603670e+01 6.591545594802789765e+01 7.390439054475949376e+01 7.049193096097077671e+01 7.093654193280073628e+01 5.129468600714258741e+01 3.737643546274020423e+01 2.613017934263737985e+01 2.289971230723273621e+01 2.407216223237782415e+01 2.528066311968118995e+01 2.655121819088964585e+01
2.372884694381488524e-03 1.951238660478188791e+01 2.162266741684974392e+01 1.820179793265949186e+01 1.317190094486344387e+00 5.073574660525181912e+00 1.895794237439519137e+01 2.076346591766358429e+01 2.753230341543615900e+00 5.158249661097475958e+00 1.591141809153869957e+01 3.858339432037858785e+01 5.164353776530843732e+01 3.190704424364614056e+01 3.000508985868588496e+01 4.149402986049395992e+01 6.108905669390693305e+01 7.403018995165156468e+01 7.737343527260134124e+01 6.626266416221407951e+01 5.827767774495588782e+01 4.394017217112659068e+01 2.422237361374636677e+01 4.278772716305286394e+01 4.947668893000029300e+01 4.948916074252432651e+01 6.868736935605100768e+01 6.473209463063199109e+01 5.086948087869411239e+01 6.065013383237973699e+01 4.817067949685512218e+01 3.997926599877467879e+01 2.129000155625056934e+01 4.158741416795641044e+01 4.447134514151765927e+01 3.108294767321749319e+01 3.817023088066495973e+01
8.175220331382775790e-03 3.045127541312238617e-01 6.008862249085755725e-01 8.973664371971858955e-01 6.084722392519423373e+00 1.569553168648205421e+01 2.701613559015385846e+01 2.675813600339928300e+01 1.684028590633301548e+01 3.174800608341506347e+00 1.840971933320369658e+01 4.091253378791326867e+01 3.941738909451105854e+01 2.424433131440585854e+01 4.418384439176169565e+01 5.788876025698010608e+01 6.919940186665672854e+01 8.202729751397036750e+01 6.936975255958350317e+01 5.015771541929530031e+01 3.913126568704027619e+01 4.453120428475832426e+01 2.259191223267397675e+01 3.140132877115701859e+01 3.061338310896624648e+01 4.388749404141890409e+01 6.301279694769382900e+01 5.661676344429836405e+01 3.668963488188642685e+01 4.401374074745470466e+01 3.253838362293987529e+01 1.979937767236173585e+01 3.997933993641801464e+01 3.424898517662453656e+01 5.421508358328777177e+01 3.719403812191738012e+01 5.464648929688033974e+01
9.124702163186202558e-03 1.506295308090389717e+01 1.828025834730236454e+01 1.982731852401288108e+01 5.927629395101009280e+00 2.284875602953693630e+01 3.860520074911838151e+01 3.025723820763021976e+01 1.566296454441305563e+01 3.472764992928666583e+00 2.531481240520520259e+01 3.937329526019449588e+01 1.918766692717051114e+01 3.941738909451105854e+01 5.231206167836315757e+01 5.856370738297527367e+01 5.462616474862312543e+01 7.383530282612989026e+01 6.737258234534354528e+01 5.839374468605097945e+01 4.578077081331507259e+01 2.800364005419253743e+01 3.799788944125422319e+01 2.030840803707164710e+01 4.016117573546697628e+01 5.746967625444344918e+01 6.464031322484592579e+01 5.350500445106593617e+01 4.390199016733586035e+01 2.380476010566466982e+01 1.835044129414928449e+01 2.957954159045663189e+01 4.688670773531572422e+01 5.421508359132580779e+01 5.421508358990680421e+01 5.831954204908644357e+01 4.683488538423768688e+01
2.239863785106879172e-03 1.986725019988895724e+01 2.855415973904415949e+01 2.616289273451834774e+01 1.481271450646411836e+01 3.078193137094988430e+01 4.064061044761844244e+01 3.293603320452259453e+01 2.128102484753473789e+01 3.770483829621422700e+00 2.470768665102413664e+01 3.163167682747272735e+01 1.560288965370456182e+01 3.617125331690004231e+01 4.707606914908921425e+01 3.959102171527683822e+01 5.766335554848796363e+01 6.722497990431237724e+01 5.374918743680187561e+01 3.696560831097821875e+01 4.400303331647246097e+01 3.590495578689923661e+01 1.811806241904593051e+01 3.217309431608706660e+01 4.003472697633997512e+01 5.913817257423026064e+01 5.669748824925874686e+01 3.736448860074816736e+01 2.570980691078403169e+01 1.692085990585302469e+01 3.683931732014883664e+01 3.393142216903314079e+01 4.688988617371840206e+01 6.514931095776343284e+01 7.377789035389723438e+01 7.585692622690740450e+01 6.171356629676633077e+01
1.766589122093755728e-03 1.918110058641280702e+01 1.571845421964228073e+01 3.394086563627413966e+01 3.436790881997232106e+01 4.211477115462570708e+01 3.406651080910155116e+01 1.543001432676336115e+01 2.252472885841782357e+01 4.067721928757094929e+00 7.161296536605088470e+00 1.053044142215087575e+01 3.162486421281202809e+01 3.956639945549406434e+01 3.009986200477895579e+01 4.152888888280176616e+01 5.747663624684528827e+01 5.581868217955923939e+01 3.965759061884240566e+01 2.479807791157350039e+01 3.385769337173339721e+01 1.601525069007339397e+01 3.591472034061181517e+01 4.593431883881642364e+01 5.868638044350728933e+01 5.508926389833371218e+01 4.690910842543726744e+01 4.247156428823361551e+01 3.427114570688819839e+01 1.591058605312514551e+01 3.577093891992400643e+01 5.302210225392109066e+01 6.078426728685054314e+01 5.872323193754049697e+01 6.690145326001687920e+01 7.752920276155560941e+01 8.184806510655879208e+01
