LEM/sinusoidal_perturbations/elevation_000774.asc
nrows	100
cellsize	150.0
xllcorner	0
ncols	100
yllcorner	0
NODATA_value	-9999
[rows 0 to 16 of 100, columns 37 to 73 of 100]
9.736271531567166448e+01 9.700281301835698855e+01 8.880686838798135341e+01 9.700281301835698855e+01 9.643319955153798162e+01 8.823722433909232166e+01 8.823722433909223639e+01 9.402068463573378665e+01 9.624859465090767685e+01 8.805400894072393214e+01 8.899574967724281294e+01 8.388082343998195256e+01 9.082791171853919820e+01 9.902790746175217862e+01 1.088943298032010460e+02 1.196161781863572315e+02 1.113625552410208286e+02 1.139418903149302196e+02 1.221991417897396701e+02 1.346523469540254894e+02 1.263776952042842083e+02 1.182682070659968190e+02 1.209023139431591432e+02 1.290181979530490253e+02 1.246644942185290574e+02 1.327929108705308181e+02 1.253319750574240032e+02 1.169904082210894245e+02 1.169904082210894245e+02 1.190836734828933601e+02 1.185192633561726439e+02 1.103749888426571317e+02 1.078347043568406463e+02 1.159735385700330994e+02 1.146508702790432750e+02 1.064754054027113455e+02 1.146508702790432750e+02
8.367959634663731094e+01 8.714004273025086889e+01 6.910668601033674463e+01 8.714004273025086889e+01 8.823722433909232166e+01 6.851996627709448262e+01 6.851996627709448262e+01 7.429501745697909598e+01 8.486130708177590520e+01 6.835555061513059627e+01 6.929186261334663754e+01 6.416356526636907631e+01 7.117857879383241482e+01 8.098787385476448719e+01 1.006679495831207731e+02 1.081694925252991908e+02 9.157764003276352582e+01 9.413984405001896505e+01 1.139418903149302196e+02 1.259056273387901115e+02 1.069845840956122061e+02 9.872439878783941936e+01 1.013835658373901083e+02 1.177364066342335889e+02 1.051638565067766393e+02 1.215133966593948287e+02 1.169904082210894245e+02 9.732264316746878308e+01 9.732264316746878308e+01 9.939936876359223561e+01 1.103749888334506011e+02 9.069767562750845968e+01 8.813491770955771187e+01 1.046084704350554802e+02 1.047548371517403325e+02 8.666066175439262054e+01 1.047548371517403325e+02
6.390388343884203692e+01 7.708756176177749353e+01 5.914637902504360767e+01 7.895677696134720236e+01 8.778288097075824226e+01 6.800226220844452030e+01 5.439557811362114847e+01 7.429501745666379975e+01 7.599601723978524603e+01 5.682679910850114879e+01 5.517789854192098886e+01 6.929186261334663754e+01 8.899574967724281294e+01 9.902790746175217862e+01 1.088943292242204990e+02 9.993972911630636702e+01 8.029668820299313836e+01 9.372805417244998694e+01 1.135010587918281573e+02 1.120597786586773452e+02 9.821392997856460738e+01 8.730895678228759493e+01 8.999032413875407599e+01 1.020888264917424664e+02 9.380422998044456051e+01 1.134057957862793700e+02 1.169904082210894245e+02 9.732264316746878308e+01 8.345775089342231468e+01 8.553527260376189645e+01 1.020374563727717430e+02 9.646102723898364673e+01 7.663797497393639446e+01 9.646102723670456669e+01 9.656803357855196168e+01 7.669310611006585532e+01 9.656803357855196168e+01
4.971034542227749853e+01 5.721298521780813928e+01 5.201015392270655013e+01 7.195278479023487250e+01 8.508167134798530640e+01 6.800226220844452030e+01 4.797745829935152528e+01 6.800226220844452030e+01 6.780198600671360509e+01 4.776171865617457968e+01 6.780198600670951237e+01 7.397615708069750440e+01 8.216314567199317764e+01 9.356989861304823819e+01 1.045768568730999561e+02 9.372805417243856141e+01 7.415245728389172086e+01 8.794899655060416421e+01 1.076799334608455041e+02 1.039468184713000056e+02 8.424777856758615258e+01 7.920417845019966308e+01 8.111723512266534897e+01 8.237006622586648064e+01 1.020888264917424664e+02 1.021948333941009111e+02 1.103487891575612849e+02 1.044870166991220515e+02 9.383167360703200188e+01 7.419701951316682198e+01 9.383167360703200188e+01 9.048415209479992427e+01 7.059095630135431065e+01 9.014785700049246486e+01 8.994305775572324535e+01 7.000896151188950967e+01 8.994305775572324535e+01
6.303415223858385019e+01 4.294492083272930216e+01 5.808849726630737820e+01 6.491551496593312720e+01 7.312733953819468979e+01 5.700878745152733273e+01 4.274184541582507535e+01 5.613520767033162429e+01 5.802877950688385056e+01 4.362059780073627024e+01 6.247235218618953212e+01 5.405098252324556540e+01 6.562917428547198995e+01 8.537834762392967036e+01 9.065388292953527127e+01 7.673090852294841113e+01 6.925287470552646596e+01 8.307118331440476311e+01 1.027471992333720152e+02 1.057224261458629968e+02 9.148805170840037704e+01 7.168258950319804512e+01 7.299783033242592012e+01 9.279331375801397996e+01 9.896505840541024668e+01 8.246445744556196189e+01 9.896505840541024668e+01 9.054252021252339944e+01 7.659802372592480424e+01 6.922735891263093322e+01 8.892301008377553728e+01 8.555152098408669303e+01 6.517221755656457560e+01 7.756781462309577080e+01 8.413137801940715121e+01 6.414982243943289575e+01 8.418857983922210053e+01
7.124582062915672509e+01 5.808852499257911006e+01 3.796238153347491817e+01 4.487435780851095757e+01 5.794490994416971574e+01 5.196982656227397968e+01 5.366612005017843501e+01 3.600286812944867165e+01 3.789983477744772955e+01 4.011484352000424991e+01 4.235896562543668153e+01 6.247235218630516584e+01 7.404329761739049331e+01 8.519279833242902100e+01 7.702468563959723724e+01 6.280758108882867674e+01 7.419236235222204812e+01 8.802611332955329715e+01 1.077504074936895080e+02 9.759977748984128709e+01 7.784581041678637803e+01 6.630826568584150493e+01 8.619481928281796002e+01 1.009241398969789003e+02 9.080349552899950538e+01 7.095393986404749853e+01 9.080349552899950538e+01 8.235779302697842752e+01 6.250573552680982914e+01 8.235779302697842752e+01 9.265657259277976721e+01 9.322913747241967997e+01 7.813632767028343551e+01 5.812838782765305723e+01 7.206552270908355240e+01 5.883463379924302217e+01 7.901192523294167813e+01
6.435336118828293195e+01 5.611267425657570129e+01 5.334473533493112996e+01 3.320717981222534831e+01 3.911168177967527271e+01 3.183746939564922229e+01 3.353203688934489435e+01 5.366641980572498483e+01 4.957914057615379733e+01 6.023753145732347747e+01 6.247235218630516584e+01 4.575760185128738300e+01 6.584349332403927235e+01 7.247561383009848157e+01 5.719574133501066626e+01 6.391926707073453429e+01 7.139281980885718326e+01 8.521109556810408492e+01 1.049110513864285394e+02 9.936013817475556209e+01 8.292549001040335099e+01 6.294930275738470726e+01 8.292549001047511581e+01 8.702651495530990644e+01 8.378561782188580764e+01 6.379949318372595712e+01 8.378561782188580764e+01 7.830550875877952421e+01 5.831179587898301264e+01 7.286390935678662117e+01 7.286390935212479292e+01 8.411439193920537605e+01 8.646926422284644786e+01 7.208269401260608333e+01 5.172617262328039089e+01 6.764038416249124452e+01 7.313598930256438280e+01
5.219926645565907819e+01 3.601671869122488090e+01 4.580614348461178764e+01 3.006577327806374100e+01 2.946052623904348522e+01 4.959445627031602299e+01 5.021791078000517672e+01 4.787964062299358403e+01 6.795008183945301994e+01 6.957120093906701186e+01 7.404329757220698127e+01 6.003514599926350570e+01 4.932397368959299655e+01 5.251076907406104510e+01 7.247561383009848157e+01 8.357740599663227954e+01 9.098108380155936459e+01 8.736273174477170755e+01 1.070809041640149246e+02 9.122289949052706959e+01 7.138066051431556502e+01 5.968400559678008932e+01 7.548527364901015346e+01 6.707087858165346006e+01 7.041700699281766163e+01 5.760588337080370280e+01 7.775957450933543669e+01 8.649575897232544719e+01 7.286390935678662117e+01 5.270376951928308529e+01 6.790082601508322568e+01 6.424419676383438116e+01 8.409596711878936048e+01 8.029963844714328047e+01 6.764038416249195507e+01 4.725831714643980774e+01 6.333599778698668814e+01
4.121475462558326797e+01 2.439656538016767229e+01 2.568560009438346725e+01 2.712007594246890463e+01 4.724732225445979594e+01 5.473041166536379620e+01 6.208220842861594235e+01 6.781165184984989480e+01 7.614215673097270098e+01 8.935670969434683286e+01 8.805144873904211522e+01 7.754349880144157225e+01 6.099625738111217288e+01 5.593516991433422447e+01 7.580389407628393883e+01 9.066086787567888905e+01 9.885892360157048131e+01 1.070809041640149246e+02 1.067707540069680334e+02 9.691735979895972264e+01 8.066379829819014446e+01 6.060745001149308564e+01 5.525281892097614644e+01 5.261587317757832949e+01 5.008612168597812087e+01 5.187699057472536879e+01 7.222129346860782562e+01 8.641298573004172567e+01 8.107175281340647643e+01 6.790082601508322568e+01 4.769685823242880218e+01 6.338145193918027331e+01 7.120354718559320872e+01 6.760555707835843009e+01 6.093478825543189004e+01 6.192421317266599345e+01 4.307401983817923963e+01
2.259347784428918970e+01 4.269712347899957194e+01 3.992875313956403716e+01 4.724584769983718502e+01 3.135572867900156169e+01 3.458003996294225146e+01 5.473041166553634440e+01 5.960770098438096198e+01 7.945373219548081067e+01 9.297412924316839167e+01 9.978578635258709539e+01 8.895942573251510055e+01 8.077947514739700807e+01 6.748888443678238502e+01 6.355433086692796962e+01 7.104571676546495951e+01 8.234359344084906240e+01 1.020224761000588671e+02 9.864996995281909165e+01 7.890114655822019074e+01 6.890589362089286851e+01 8.066379829819014446e+01 7.548527364901013925e+01 7.291574915220118669e+01 6.693516271864993428e+01 4.661165783992992573e+01 5.805274423837087738e+01 7.223286498392469923e+01 8.359103622836485670e+01 7.613352086400901442e+01 6.338298780314497805e+01 4.328858462956233666e+01 6.258019040237371655e+01 4.297511117671862735e+01 4.078884733772924420e+01 4.173349207989605247e+01 6.192421009558719192e+01
4.090318380565625489e+01 5.097577299976735077e+01 5.999667225514473756e+01 5.974260007822384466e+01 4.145925211310826342e+01 5.473041166553634440e+01 3.948131186910035950e+01 5.960770098438096198e+01 6.505998211382259910e+01 8.016653222220148223e+01 8.016653222220148223e+01 9.631971745243444616e+01 9.535150448515706501e+01 8.716240847655564039e+01 7.343348628109148990e+01 8.324703759803037428e+01 9.885892360157048131e+01 1.102528159991877743e+02 1.067707540069680334e+02 9.691735979895972264e+01 7.890114655827468937e+01 9.691730095268978573e+01 9.110965865248400064e+01 7.119417501514045910e+01 5.684300089424965563e+01 6.395477936281758247e+01 4.370469426316192596e+01 5.519737557190600086e+01 6.939420590048504778e+01 7.600898939316982705e+01 6.076507108178623895e+01 4.035553201071652296e+01 5.648902878837088082e+01 3.945910529920862331e+01 5.955006830641219295e+01 4.262863496173956435e+01 5.556396518838050014e+01
3.123771966001715938e+01 4.547795238607052681e+01 6.548652320982654373e+01 6.975433345478816705e+01 5.571393819468534758e+01 6.781637054170828094e+01 5.377931642178062077e+01 4.500609223690477023e+01 6.505998211382258489e+01 6.046276756151224419e+01 6.857910489306816260e+01 7.988485898919806516e+01 9.946564888004643024e+01 1.012657028745091168e+02 9.306058891496937235e+01 1.012657028745091168e+02 1.111701515754872673e+02 1.111640709449514191e+02 1.193534697264233273e+02 1.067712655138067390e+02 9.864998941307617031e+01 1.067706897545488260e+02 9.110976180171422811e+01 7.119417513174889223e+01 7.702731541596278930e+01 6.026337430615621571e+01 6.110519733147813781e+01 4.095654812758954222e+01 5.835052929776426112e+01 6.418431459173172016e+01 4.945697506584963321e+01 3.747825200091083531e+01 3.813082202220736860e+01 5.817227695660433540e+01 6.778553809736816049e+01 7.472883226719248739e+01 7.578535255250480418e+01
2.862713868983452770e+01 3.768380961009474817e+01 4.943996243268497182e+01 6.949568217788389290e+01 7.560266787574067848e+01 8.185342466113742432e+01 7.307245951420124186e+01 5.918935947390573915e+01 5.144111185703962974e+01 6.559590944484138220e+01 8.525778950440010817e+01 9.631971745243444616e+01 1.076580925910399884e+02 1.043912932941719731e+02 9.625637887516252533e+01 1.043912932941719731e+02 1.078910009217450465e+02 9.127626996239025914e+01 1.078910009217450465e+02 1.164872456689094378e+02 1.080937809855323763e+02 1.091574523529688037e+02 9.927566489421984386e+01 9.110976180236781374e+01 8.858349276392367244e+01 8.037964829725562765e+01 6.939420590060711902e+01 5.835053072261118245e+01 3.830127578842830616e+01 5.564709282748199826e+01 3.657512816468161532e+01 5.656698178476285221e+01 5.818239400960613494e+01 3.940488509478829116e+01 5.950367278371908952e+01 6.915056506477876042e+01 8.233186692716135724e+01
4.031878335632933386e+01 5.714955560614521346e+01 6.615259371527086785e+01 7.768166708425799527e+01 7.412880784946929680e+01 6.950182829402145046e+01 7.805419484258852947e+01 7.829749048178706516e+01 7.135441957924963674e+01 6.303861269759771346e+01 7.443631044258903273e+01 9.402174369585895874e+01 1.036294247990802688e+02 9.444508871057617228e+01 7.625917846165468461e+01 9.444508871057617228e+01 9.968184369407995860e+01 7.969696556497176232e+01 9.968184369407995860e+01 1.048158521553896207e+02 8.789828697355385145e+01 8.895600012874524509e+01 1.032529077192416764e+02 9.501898634685623790e+01 8.380387932380493510e+01 7.553264269742037129e+01 7.129151335183073002e+01 5.999318865617134122e+01 5.477367849012772183e+01 3.567024687950178929e+01 5.564710656919201881e+01 6.486294824065414844e+01 6.781699738924957899e+01 5.950367273498250853e+01 4.068156979276532326e+01 6.083445443383363482e+01 6.217646136092923115e+01
6.041974715735856449e+01 6.862680182595495637e+01 7.834350915983675634e+01 7.412603408644316971e+01 5.363875038094351311e+01 4.881036192784337402e+01 6.597345731331822094e+01 6.098745618825531523e+01 6.973524048111180207e+01 8.271455236609284611e+01 9.086290435933381104e+01 1.021912625585296155e+02 9.547878355755366897e+01 7.547706340125047575e+01 6.614546355670293565e+01 8.625777866840863339e+01 9.261612227094045124e+01 7.258937641275672092e+01 9.261612227094045124e+01 9.643390708129911104e+01 7.639891151104652067e+01 7.486052549579734716e+01 9.321468471712321957e+01 8.676474734967011671e+01 6.754769672967690042e+01 5.685891238334159681e+01 4.732113488512113264e+01 4.001909928151449947e+01 3.481138669025860111e+01 5.477466667715489734e+01 4.974695233898631130e+01 6.140849018118063896e+01 8.146159640674505908e+01 6.915059727731978967e+01 6.083445620363421824e+01 4.196481396360863414e+01 6.217645852335660805e+01
6.100620107010939819e+01 7.244076626265804464e+01 5.823712500867143405e+01 7.237309526026518824e+01 5.739428279808570466e+01 3.707104975019913695e+01 4.833021987476877257e+01 4.038717124985197415e+01 5.563586884762847262e+01 6.417942031038914763e+01 7.690209350932512677e+01 9.072213413040704211e+01 9.331866875360485380e+01 7.914700146798475089e+01 5.892754384513989407e+01 7.914700146798475089e+01 8.657783119972224029e+01 6.651846721254527495e+01 7.870990132307152010e+01 8.696977776002617588e+01 8.486669699560091829e+01 6.503949305779229917e+01 7.708982778184167728e+01 8.540029254606662334e+01 8.041092492054025342e+01 6.517750227552458853e+01 4.877502468416608394e+01 5.393104785961395464e+01 3.420347201054133990e+01 3.920534067903084718e+01 5.872210164073108984e+01 7.313755825243372044e+01 8.961222977705041615e+01 7.672273024776880845e+01 5.637422173855317453e+01 5.827496768131405247e+01 4.326395090379874375e+01
4.643922707723962873e+01 5.250864393356810211e+01 4.400216211967327951e+01 6.412614978063109561e+01 5.942982826350146297e+01 4.091175130305260410e+01 2.718000454567803459e+01 2.829729415269542514e+01 3.446154915364306959e+01 4.156719302594171950e+01 5.345743733546546395e+01 7.994343940196228004e+01 8.512015906455381753e+01 6.497307900719421525e+01 5.344406833832430692e+01 7.374309989784306651e+01 8.857577365400162250e+01 7.870990126922730212e+01 5.860338857106854960e+01 7.200773040667719727e+01 8.028375590352939639e+01 7.708982778184167728e+01 5.742822013720283536e+01 7.053595856696206567e+01 6.068799880974432170e+01 6.271786216438340489e+01 5.737469460751489692e+01 4.633905680764244295e+01 3.359568829834928749e+01 5.474529693795268770e+01 4.659048246210205946e+01 6.531259462088826240e+01 7.970662270027715124e+01 8.493121517894059025e+01 7.652700811539845915e+01 5.985680946375338607e+01 6.353544896235098349e+01
