LEM/sinusoidal_perturbations/elevation_000958.asc
nrows	100
cellsize	150.0
xllcorner	0
ncols	100
yllcorner	0
NODATA_value	-9999
[rows 17 to 33 of 100, columns 37 to 73 of 100]
8.307987225176471213e+01 8.839985677528423480e+01 6.813074919589958256e+01 6.865993072135950115e+01 4.802540866382604179e+01 6.677370557627462233e+01 6.915701211367020562e+01 6.564452546081786011e+01 7.416964653691077558e+01 5.760306130418494064e+01 7.798810753569503618e+01 8.742308221840542615e+01 8.002323682154415962e+01 1.001564360013808113e+02 1.134225426932046616e+02 1.066122872188485360e+02 8.654573870684018289e+01 7.237114642174537948e+01 8.345559080865238855e+01 8.801811778343956405e+01 7.973122470367528081e+01 6.286308213522011812e+01 8.270544259020297773e+01 9.757457234136975899e+01 8.922151864451150516e+01 7.405516137255935405e+01 8.134396843019980849e+01 9.069341103684337213e+01 1.025081786151653205e+02 1.224647465938517854e+02 1.239604802210026548e+02 1.123974244859032723e+02 1.033605919776507704e+02 8.755393178490976425e+01 6.742034016070093116e+01 8.118651661872907255e+01 7.641149156723122360e+01
8.247006507836456990e+01 8.170034366723882613e+01 6.999308877028316545e+01 5.130627808434135062e+01 4.376621632433209186e+01 4.610694300186190020e+01 4.851694278579084596e+01 5.098961872124829853e+01 5.364744311159559942e+01 7.416964653691077558e+01 7.428840758171364200e+01 9.444996195171265185e+01 1.001564348866978236e+02 1.001564356455401281e+02 1.202491073873776628e+02 1.040197909369501730e+02 8.393372383878588039e+01 7.237114642174537948e+01 6.359543141405821132e+01 7.683553767709030069e+01 5.998397401465001622e+01 7.920604445435228058e+01 9.066484406203140622e+01 8.922151864451150516e+01 6.898158121468466675e+01 8.922151864451150516e+01 1.018870156160421772e+02 1.101761368318653780e+02 1.191863153218574354e+02 1.306925276215511644e+02 1.156614499208802300e+02 9.563689380264631268e+01 8.382045092637328310e+01 7.455451380928114702e+01 8.755393178490976425e+01 9.587848068133023105e+01 8.459352914467093854e+01
6.209607415353112714e+01 6.725237713169460108e+01 5.280441059615042576e+01 4.088120111458172090e+01 6.158039755837994988e+01 6.080397333387125514e+01 6.915701211367020562e+01 5.953804088371472858e+01 6.824552618371389201e+01 8.252438403868178796e+01 9.444996875900594091e+01 1.020404071079643558e+02 9.375590868984025406e+01 9.635436157910649513e+01 1.046371675207407463e+02 1.122804603292965453e+02 1.007079536168159422e+02 9.174706838146896359e+01 7.683553767709035753e+01 5.715765476152045466e+01 7.430577800038111036e+01 7.587871460798869805e+01 7.845383509027439572e+01 8.111328127560494750e+01 6.586126073640996026e+01 8.574976449688909952e+01 9.777768387842630204e+01 1.051826333929731589e+02 1.134703704671709090e+02 1.250796450440435166e+02 1.182604473140189612e+02 9.824868383610048284e+01 8.648391660823212135e+01 9.503085756837879217e+01 1.033605919776507989e+02 9.773299909023113230e+01 7.787840810767782784e+01
4.746674834245931152e+01 5.617195112234651333e+01 3.809208713105760324e+01 5.881435489309245668e+01 7.000420103960762219e+01 8.118546970909162042e+01 7.989278170772281840e+01 7.398614206454860209e+01 8.823153153113203473e+01 9.680073715051209149e+01 9.309161919986358669e+01 8.480538096267441972e+01 7.374192584041686871e+01 7.633824451471231498e+01 9.635436128814632184e+01 1.116859963905671833e+02 9.165869265332467819e+01 7.745750457740376760e+01 6.755631511255232624e+01 7.430370647059548617e+01 5.465315208229269928e+01 5.647329616396950058e+01 5.901419849555399111e+01 6.157264068628177256e+01 6.557739088906461689e+01 7.011935881116947655e+01 7.629543863623649713e+01 8.423824988386148505e+01 9.664100346884720238e+01 1.168505210214635213e+02 1.265700067736449910e+02 1.150062943630199896e+02 1.067064232095465428e+02 1.059124748440409860e+02 9.773889225049734364e+01 9.108265728811143447e+01 7.826676943183156254e+01
5.015127962470197076e+01 3.542070101780900160e+01 5.617195112234651333e+01 5.012419679843787179e+01 6.207903140749834137e+01 8.244175632700526535e+01 1.000287633129936751e+02 9.416049459665542543e+01 9.044777747255150757e+01 8.216777273236475310e+01 8.157813874727445125e+01 6.488946746444737812e+01 6.231345121938609566e+01 7.633824451386706755e+01 9.635435880346032889e+01 1.150911799845753052e+02 1.057973920705184270e+02 9.577772875829585075e+01 8.749101531958663713e+01 7.254100619807867645e+01 5.289096541514443572e+01 7.254100619806104078e+01 7.845383509027041669e+01 8.111328121418914350e+01 8.540893106792499623e+01 9.126629766205445549e+01 9.777768387842630204e+01 1.051826333929731589e+02 1.134703704671709090e+02 1.127821715634310351e+02 1.210193534044756518e+02 1.216381380200653695e+02 1.019049068358107206e+02 8.779314806603763088e+01 7.777018736333963034e+01 7.115458168702500075e+01 6.549494616019819659e+01
4.835165312961602524e+01 3.361439466422847744e+01 5.437931819741693573e+01 7.068533161329365555e+01 7.906907360611653246e+01 9.079046886483379808e+01 9.291348241360829263e+01 8.450066233325733833e+01 8.216777273237754287e+01 6.229649642522542763e+01 6.811665850414547663e+01 5.354298496255374573e+01 7.330692294331574033e+01 7.523962812455172866e+01 8.678720050525049601e+01 1.068166024063369406e+02 1.027022495005289215e+02 9.374597971359345649e+01 8.546178680323563981e+01 7.110019538361520119e+01 5.145879056810469621e+01 6.913603710573843841e+01 7.650448159732479780e+01 8.479788891961331387e+01 8.399455832768161656e+01 9.232943222460225741e+01 9.327188155301497829e+01 9.700869775562613029e+01 1.011248848922127905e+02 9.258985273548265127e+01 1.071961007031253388e+02 1.153496129503088667e+02 1.158222637181907118e+02 1.059124748440409860e+02 9.773889225049734364e+01 9.108265728811143447e+01 8.532991627213408492e+01
4.657749575357079408e+01 3.184676935388635144e+01 4.388767389430996246e+01 5.854582972227485271e+01 7.897325274505875825e+01 9.714181128799300780e+01 8.450225950889671367e+01 6.456999992991795523e+01 7.039734488708634785e+01 6.811665850475080219e+01 4.836247226803980226e+01 6.811665850475083062e+01 6.122946232932716981e+01 7.523962812455172866e+01 9.525262182703750113e+01 1.085957853371858022e+02 8.855825280842130098e+01 7.438003763486203468e+01 6.555906758310077009e+01 5.940512554508293874e+01 6.911860974062625473e+01 4.951404267704312190e+01 6.046497062084618790e+01 7.365341447191592295e+01 6.417457146317319427e+01 7.568083073737359712e+01 7.309995638413090546e+01 7.670054552706571371e+01 8.073195117726315573e+01 8.073194876188439650e+01 8.687893407087123876e+01 1.071961007031253388e+02 1.219172123231129490e+02 1.187458426715070061e+02 1.078434820145937181e+02 9.993423903206044656e+01 8.409589652419656147e+01
5.088128413436720621e+01 3.012716388402779444e+01 4.484146363077451980e+01 6.546292187529650164e+01 7.706663878803642831e+01 7.705878552986705188e+01 8.451530639888578378e+01 6.457057303029556294e+01 5.060574225118540426e+01 6.050145504618875947e+01 4.509378084536091080e+01 5.649199577241355286e+01 7.631241416231985397e+01 7.264437045496650569e+01 8.678720050525045338e+01 1.068166024063369548e+02 1.027022495005289215e+02 9.374597971359345649e+01 8.546178680323563981e+01 7.916799431471386583e+01 6.777020987280569386e+01 4.814972175755080031e+01 6.633574152696560589e+01 6.376187106578817776e+01 5.312471806387887341e+01 5.621475176771852489e+01 5.940749633855002543e+01 6.280491372845551012e+01 6.653689037790176997e+01 7.215862020326615323e+01 8.257118190110439571e+01 9.459549157864076108e+01 1.140711763903684783e+02 1.110627053777848516e+02 9.169661456632817931e+01 8.013771366760676074e+01 7.312188132616873304e+01
4.686965771280592463e+01 2.842570363124105270e+01 4.917530776743573995e+01 6.415470249969261829e+01 5.664697110044509287e+01 7.706663878803642831e+01 7.569513930177151906e+01 6.508964047748284543e+01 5.685708196068721065e+01 4.070792994898424411e+01 4.771843569208578373e+01 6.749272043013260713e+01 8.458499710725767784e+01 9.265367649896795399e+01 9.265367649896795399e+01 1.126671427591627719e+02 9.680248556664699322e+01 8.683176194281034554e+01 7.856496517522334955e+01 8.683176194257698910e+01 7.329668916999274586e+01 4.677105332579769481e+01 5.149476677978879025e+01 4.892264070495641448e+01 6.941861068047614935e+01 6.981646716644134187e+01 7.309995638413090546e+01 7.670054552706571371e+01 8.064219258497128351e+01 8.003915764347983952e+01 8.876906846022339437e+01 1.082120492588424838e+02 1.144011685338576569e+02 1.055283710425971293e+02 1.078434820145937181e+02 9.993423903206044656e+01 9.294865875338018668e+01
2.609309739879369516e+01 4.676408354739157858e+01 3.691583601042944451e+01 4.351337371262526688e+01 6.415470249969261829e+01 7.238806276922089467e+01 6.166851974922365542e+01 4.764190019666449416e+01 3.709100026246164106e+01 5.685708196068721065e+01 6.749272043013260713e+01 6.019369923397230338e+01 7.420276009745373358e+01 9.417528925690369590e+01 9.189872848017552087e+01 1.001682672505289275e+02 8.852890993480730231e+01 6.860102041563965258e+01 5.878060669812899874e+01 6.923852914817072701e+01 7.107680080618177954e+01 6.284715789994393731e+01 4.480029948358998837e+01 6.315910630774434509e+01 7.727133814211296681e+01 8.983865680500493056e+01 9.327188155301497829e+01 9.700869775562614450e+01 1.005194277951026720e+02 9.506115117359858857e+01 1.067418378740616731e+02 1.161453855684909371e+02 1.056355734247430860e+02 8.391303303232928101e+01 8.994724470817929785e+01 8.343126679656396050e+01 9.188482104691847496e+01
4.460948240077803462e+01 5.530703001303478317e+01 5.762807553850687725e+01 6.415470249964970151e+01 7.254589735451131105e+01 5.837747266369156307e+01 4.436688255816216042e+01 3.374719508039417804e+01 5.344194918813624184e+01 5.105348224169791393e+01 7.086821111285583186e+01 8.005257845081057155e+01 8.832955594852677450e+01 8.865207653002366328e+01 7.195947620471633854e+01 8.865207653002366328e+01 9.680248556664699322e+01 8.683176194281034554e+01 6.923852914817072701e+01 4.950585133722407960e+01 6.118573639748142057e+01 4.301540270663993226e+01 4.741906294986696224e+01 6.668515800439244856e+01 7.864251010651470608e+01 8.451681483829376873e+01 9.128478198120239995e+01 9.955739645843674168e+01 1.095761530350693533e+02 1.173978531413230115e+02 1.123956399818969913e+02 1.204420312465626779e+02 1.045675681607661716e+02 8.264249860567916528e+01 6.920544551391436983e+01 6.304153522014042466e+01 7.546474378495928192e+01
4.516489408130900074e+01 5.583793145015202697e+01 5.371570488116636710e+01 6.386575196481856409e+01 5.361421776629107683e+01 4.707283469269989240e+01 3.051684659936715605e+01 4.028272725475715532e+01 6.003612008403887046e+01 7.086821111285583186e+01 7.912579871327194780e+01 8.763250153669835640e+01 8.415110340462645411e+01 7.589758456645562035e+01 6.058120441855491123e+01 8.038679581149926889e+01 9.262915072277701256e+01 8.481556890232361923e+01 6.519988739584778159e+01 5.130969942362423097e+01 4.131378618631666910e+01 6.118573639748142057e+01 6.668515800439244856e+01 5.373478960322318443e+01 5.851679238607067646e+01 6.416762632912657693e+01 7.098088055247627892e+01 8.123883017749241731e+01 1.013307337849125531e+02 1.103476759809542926e+02 9.394553135845828251e+01 1.103476759809542926e+02 1.115633880168171856e+02 9.868885523894019229e+01 8.994724470817929785e+01 7.546474378495928192e+01 5.549111014479296244e+01
4.146123013692443493e+01 4.476203815924134233e+01 2.649337433817088794e+01 4.740762476585243235e+01 3.034900985281077723e+01 2.730809127050322971e+01 4.707283469269989240e+01 5.837747266369156307e+01 6.003612008403887046e+01 7.989849451319162199e+01 7.935066474371710399e+01 6.777341842966394836e+01 6.777341842966394836e+01 5.612119790016716792e+01 5.315127857784648313e+01 6.451064881359273784e+01 8.436239950168356927e+01 8.172765499950259027e+01 7.907036459788896821e+01 6.004542536782840756e+01 4.016235151740671938e+01 5.424840846744013589e+01 7.404066219010260852e+01 7.344607213573131332e+01 7.864251010651470608e+01 8.451681483829376873e+01 9.128478198120239995e+01 9.955739645843674168e+01 1.095761530350693533e+02 1.022695866757874086e+02 8.347534072989998322e+01 9.245596957561900808e+01 9.408996862025024654e+01 1.069967151535883687e+02 8.385628235884966841e+01 6.820536354458901940e+01 7.546474378495928192e+01
3.969922552022390505e+01 2.247057160239954499e+01 2.286875416843288278e+01 3.527323242732058617e+01 4.365156849020976182e+01 2.527186708612694588e+01 4.493539912426788874e+01 5.860482093352055699e+01 6.687917240592095425e+01 7.357221237308547757e+01 5.955827644341924554e+01 6.610614690553177297e+01 4.799875558862971303e+01 4.469889622528869211e+01 5.612119790016716792e+01 7.589758456645562035e+01 7.593149022346567278e+01 6.186918572201406619e+01 6.916818726461937672e+01 5.891198506131270562e+01 3.903199899512524951e+01 5.891198506129337176e+01 6.831171370223781025e+01 7.529987496783914480e+01 8.356716829440085803e+01 9.353298738683216129e+01 1.050021456548741270e+02 9.682053256545896147e+01 1.050021456548741270e+02 1.062170840409111747e+02 9.245596957561900808e+01 7.357916970059496009e+01 8.604403072487085069e+01 1.040738012143853553e+02 9.778515418438612983e+01 8.907799669424869649e+01 7.987789690706560464e+01
2.191020332604455589e+01 3.319286885833903966e+01 3.763915842037471293e+01 2.343764147873545767e+01 2.384135141112338729e+01 2.425007620204021563e+01 4.410239619492694629e+01 3.885302122458752194e+01 5.860434266618818100e+01 6.366317978478683415e+01 4.554523582034769902e+01 5.258731197920754141e+01 3.805988627752134335e+01 4.952652895341098827e+01 6.930545567769286208e+01 8.415110340462639726e+01 6.768491819417523914e+01 4.787921223707882490e+01 4.935617223313866475e+01 5.623595071453710403e+01 3.792225878802165084e+01 4.277216756034378164e+01 4.855872371513133601e+01 5.553437009211670272e+01 6.534539434548646852e+01 8.525435559019193477e+01 9.517498198847641788e+01 7.720672938151467690e+01 9.517498198847641788e+01 9.809120814157624579e+01 7.890254060431746552e+01 6.796893489713249892e+01 8.701505271392501584e+01 1.011407403767429969e+02 1.073573056121802551e+02 9.912525824943227803e+01 8.832371522815390108e+01
4.223766129525527191e+01 3.047004554831790912e+01 4.398318075756318990e+01 4.424061282159958353e+01 4.074722961521043629e+01 4.231164499355906372e+01 2.482181254393759318e+01 4.460633515512803626e+01 5.332021371089751227e+01 5.486619209270580200e+01 3.558448947074302993e+01 3.279896669820557520e+01 5.258731197920754141e+01 6.610614690553177297e+01 7.754439131855268386e+01 6.891394190090261418e+01 6.035069598483102737e+01 5.363102069424809315e+01 3.538411831223630344e+01 3.641681364409701160e+01 4.750302715093806682e+01 6.237136967716382685e+01 5.897103668779732288e+01 6.831171370223958661e+01 8.356716829440085803e+01 9.353298738683216129e+01 8.701363097348678366e+01 6.729957521053188430e+01 8.701363097348678366e+01 8.511839611948317952e+01 7.700769919739497027e+01 6.330659200177147028e+01 7.440249773610638329e+01 9.319059352694684151e+01 9.912514398363120449e+01 7.957200563420552442e+01 8.516252492840010291e+01
5.547250540476093050e+01 3.700832459868767899e+01 5.434356799771152424e+01 6.116046736908574388e+01 5.009489509396464513e+01 3.052426543033250184e+01 4.462011296608491762e+01 2.538688767547617431e+01 4.513913381452145757e+01 4.391468287122455649e+01 2.845648984221998745e+01 4.763292428120029598e+01 6.068901546595505181e+01 7.081538965053719892e+01 7.463760538904070074e+01 5.470215399933199052e+01 4.164631466187391595e+01 3.394697001236250600e+01 5.365694436206951679e+01 4.752125821546720630e+01 5.515424052949825295e+01 6.583635543612153640e+01 7.879889597052226691e+01 8.706145082630041543e+01 9.646960371758707709e+01 9.434764109025059042e+01 7.468248950675837250e+01 6.060028574891865105e+01 7.234181920691864320e+01 7.196931408705525257e+01 5.734268605289348386e+01 6.876293292399191159e+01 8.827025937487928786e+01 9.654768597925918527e+01 8.825797141364006393e+01 8.472926260351448491e+01 6.574442157872505277e+01
