LEM/sinusoidal_perturbations/elevation_000491.asc
nrows	100
cellsize	150.0
xllcorner	0
ncols	100
yllcorner	0
NODATA_value	-9999
[rows 34 to 50 of 100, columns 0 to 36 of 100]
2.064481644892168701e-03 1.000206447970007062e+01 3.000194315160937464e+01 3.816286968938422319e+01 4.665618656524085139e+01 4.609761287758915671e+01 3.740345962993988138e+01 9.181253853112892216e+00 2.272485073918860721e+01 9.228847862095491905e+00 2.943141843109788169e+01 2.928826996929464244e+01 3.990778308128779628e+01 4.500764278680768626e+01 4.392827452540056044e+01 2.877887559443861321e+01 1.315162244467016173e+01 3.264598602767434699e+01 3.965872072169311480e+01 4.510181966231181150e+01 5.101064134896874691e+01 5.935038211790750040e+01 7.093122850150200520e+01 6.293164803077085878e+01 4.293943053509227070e+01 4.877744282851637792e+01 3.210130348038895676e+01 5.206135266380986337e+01 6.534685652228463937e+01 7.198595321830785565e+01 8.029733271642419368e+01 9.030329310922265051e+01 8.533452827144698460e+01 7.704827261148129480e+01 6.996548094536025530e+01 5.609126564781360003e+01 3.633138019823584841e+01
2.905961989428186391e-03 5.919989312061123776e+00 1.201441081952773082e+01 1.873573213257609282e+01 2.903301606568423665e+01 4.366659207697026801e+01 5.054010800134133774e+01 3.998677398953929440e+01 3.597647214378281433e+01 1.814523161109953264e+01 9.656609752407737446e+00 2.959463342370591477e+01 2.247809161831831304e+01 3.362822829760079202e+01 3.891881964040210562e+01 2.002096771537505404e+01 1.448139796395155976e+01 1.272068032398924053e+01 1.950416742564648231e+01 2.556569869999698241e+01 3.141329686121273213e+01 4.256406407213979293e+01 6.254888048414555612e+01 7.129165158873890107e+01 6.292397301144010413e+01 5.485453942470457633e+01 3.489923608760914675e+01 3.965845835244038398e+01 4.542650020067430461e+01 5.206882080011457248e+01 6.200214851937111149e+01 8.196977729956870462e+01 8.733961916719285057e+01 7.571427269540744476e+01 6.674286600248561285e+01 5.465719129286891587e+01 3.463321276213294908e+01
3.542675937824442140e-03 2.000354267593747082e+01 3.178310337779651817e+01 3.849324502531252534e+01 4.665618656557571597e+01 5.602370506080833934e+01 6.917404273984310237e+01 5.054744566609578982e+01 3.154549313114124942e+01 3.564568449484040968e+01 2.572844310157183045e+01 1.008467564193031585e+01 2.591219877663590054e+01 2.819200365068980219e+01 3.122958867564735286e+01 3.109721759746127745e+01 1.228675861483580611e+01 3.230499355834207620e+01 1.856276296058998909e+01 3.306659353723866701e+01 5.101064134896874691e+01 4.514509561069933596e+01 6.517132142101846171e+01 7.166935655271370820e+01 5.881600214142155636e+01 3.898659174820460294e+01 5.485484133194257339e+01 5.959634963411985353e+01 6.534685652249217469e+01 7.198595321974380568e+01 8.029733698689413757e+01 9.030332453507200796e+01 7.894086865388119634e+01 5.886345114812832691e+01 4.734419599379225474e+01 3.840157610304870417e+01 5.465719129286876665e+01
3.411803931810562015e-03 1.414554742766263473e+01 3.414554742766192419e+01 4.394285584359158037e+01 4.759380539789285791e+01 4.899848591642435736e+01 5.727620385727061603e+01 5.858145782472671215e+01 5.054788078701616172e+01 4.213610129517878278e+01 2.301245169819907588e+01 1.202028421986067386e+01 1.051340826076842383e+01 1.081665437182299527e+01 1.778116091536624310e+01 1.916149916795018626e+01 1.198090800794196653e+01 3.500425876349464005e+01 2.236994324827512060e+01 4.191473066640046596e+01 6.107836435558914445e+01 6.517132142101846171e+01 7.355566862511571458e+01 5.767264842643351841e+01 4.357620076768401418e+01 5.892418315605182499e+01 4.955382033824101029e+01 5.828894280843106657e+01 6.955756955657577123e+01 8.942367108539973231e+01 9.173762797125061752e+01 8.331903836694370113e+01 7.662143806198002949e+01 7.083908227014183012e+01 6.122983957547685208e+01 4.123937023213268560e+01 6.099993453440655600e+01
3.327314952832964925e-03 2.000332731495247884e+01 2.637147136801151959e+01 2.394371246401893316e+01 2.759518512013042724e+01 2.900007573130119454e+01 4.204029694442719034e+01 4.738049885419661678e+01 5.565902329446963392e+01 5.083731457175864676e+01 3.379828259451009131e+01 3.655569889960255381e+01 3.279713736123960643e+01 3.177794628596987891e+01 1.124573819288805687e+01 1.154978483403874279e+01 3.329359866841241455e+01 4.276762925181908770e+01 2.570807767653006337e+01 4.504194864436137635e+01 5.888672905891797171e+01 7.044904511473265529e+01 8.596707934714578414e+01 6.917071769846457130e+01 5.435416287171347705e+01 4.864750698679210217e+01 6.854131723270451459e+01 7.740233640884979138e+01 8.624180877259708211e+01 9.775223119552401840e+01 8.331903837293472748e+01 6.322623763569951905e+01 5.659076986238019913e+01 5.083319540397081937e+01 4.549964712232495145e+01 5.535611910873902985e+01 6.944952429858581411e+01
6.779948344387334673e-03 3.169057608512760194e+00 6.371620684614489605e+00 9.801592387464637568e+00 1.345307610416571364e+01 1.745307610416564259e+01 2.204139078157419362e+01 2.738661561953830414e+01 4.152851360770687705e+01 6.151246239430859220e+01 5.560931114772212425e+01 5.911822499621982985e+01 3.932654526815153417e+01 2.202766458833849939e+01 2.042332999792370885e+01 3.328601868648998163e+01 4.396078129941377455e+01 5.093255351215290716e+01 3.145916981232989329e+01 3.104897829447301660e+01 4.212727053319745352e+01 6.208096878599788226e+01 7.698693535941993105e+01 7.766666478891113456e+01 6.981601458745984701e+01 5.270090288487175911e+01 6.109625558793408828e+01 7.516598396874529442e+01 9.535587815173197157e+01 9.765948088503675706e+01 7.737903259372318132e+01 8.331903837234114008e+01 7.662143812592083236e+01 6.920636224397057390e+01 4.920543934425111132e+01 6.920636224490429811e+01 8.379801840320875783e+01
9.516927588586143695e-04 2.000095169275850182e+01 1.791862515705637904e+01 2.980132594197371887e+01 2.759518511467602053e+01 3.159516701201531319e+01 3.358838528362586828e+01 4.738477572257531278e+01 3.738661062697436677e+01 4.893348489589656225e+01 6.892511225616706838e+01 5.971358799983549659e+01 3.850414037648428689e+01 3.404292639048875202e+01 3.129676164427265661e+01 5.150656354046810748e+01 6.243312209167660143e+01 4.261512316826406277e+01 4.249640078103965379e+01 5.056069572841499848e+01 3.716827207771919461e+01 4.848893247886768165e+01 6.860867534804479817e+01 8.446109243919370613e+01 7.656256964337548254e+01 5.687198962188661255e+01 7.656256964337548254e+01 8.107946706348963062e+01 1.012799546561945903e+02 1.060962268034105023e+02 9.765948088448955389e+01 9.244158099449947485e+01 7.912077442145425721e+01 5.578059151215562395e+01 5.777016130809523986e+01 6.527100353859282222e+01 8.506866224723479775e+01
1.945935296826602993e-03 2.000194593529647236e+01 3.791827486041797357e+01 4.620091643402192005e+01 4.759379687881433796e+01 5.159299798569559670e+01 5.358582518477430057e+01 6.186018786646164358e+01 4.893348489589656225e+01 6.565253762172611118e+01 7.718697779908623602e+01 6.835594444878167053e+01 5.966211479378508642e+01 4.649148975177955379e+01 4.388454981441697100e+01 6.083478653142729797e+01 7.082817721336238037e+01 5.394316098117241864e+01 5.654877184732475115e+01 6.535267440180024323e+01 4.693901546382963375e+01 4.588349569045416132e+01 5.588152248705711145e+01 7.607835571454855028e+01 8.228672594309993826e+01 6.245002687040732781e+01 6.727569387394484579e+01 7.716168430558954583e+01 9.138166742747255000e+01 1.116457233755944998e+02 9.645734299646680654e+01 7.346607525407449657e+01 6.224915814736372255e+01 6.939224670187219601e+01 6.795626924638966670e+01 8.348053938999130708e+01 9.341829833494271895e+01
5.600688922766023682e-03 1.414773631265384068e+01 3.414773631265454412e+01 4.712862476685150881e+01 5.149339673193667721e+01 5.000027444652980790e+01 5.000027444652981501e+01 7.000314057930474121e+01 6.892511225616706838e+01 7.718697779908623602e+01 7.466583218620385765e+01 8.319994672983156647e+01 7.486871156115464032e+01 6.675264755429601848e+01 6.432819271814871342e+01 7.252871924264864845e+01 8.247711527329568071e+01 7.409589959281569804e+01 7.671919651494782499e+01 7.542343887950762849e+01 6.112775776781604264e+01 5.744249430704887516e+01 6.597993910080282376e+01 8.446109243919372034e+01 8.861085946224027055e+01 6.860327823003225944e+01 8.723693331990119759e+01 9.561098918973688399e+01 1.057012493042026904e+02 1.101112773581046866e+02 1.055327550847996889e+02 9.244158122153154977e+01 8.286320866522073914e+01 7.001212950129657031e+01 8.607327285620502266e+01 9.419072643446536119e+01 9.821470047654128166e+01
8.215197286175309616e-03 2.000821519728582132e+01 2.898640305444662602e+01 2.712851385405416593e+01 3.149287595604993584e+01 2.999984709699168661e+01 5.000027444652980790e+01 6.026866965956138955e+01 7.181795381135069078e+01 7.143481374026943342e+01 5.438137414941909498e+01 7.143481374026943342e+01 7.689964008984755139e+01 7.107261307396007055e+01 7.594874882914886882e+01 7.024105219144330192e+01 7.017818424519175835e+01 7.601126818394125451e+01 7.830953741194194606e+01 8.655004863301287799e+01 8.133409632808971423e+01 7.764230557247782372e+01 8.602575651194887030e+01 9.457995078441500425e+01 9.687291055760884717e+01 8.861085946224027055e+01 8.008898568995769551e+01 1.002467369555403565e+02 1.041604443110681615e+02 8.996190426542581520e+01 1.041604443110681615e+02 1.035392736834312331e+02 8.408818382530002111e+01 7.955484783458753384e+01 9.585095852161154539e+01 1.015474223390491346e+02 8.118316335335867961e+01
2.613274238814250559e-03 2.000261327423845970e+01 8.986377298766416999e+00 1.298637729876645253e+01 1.735073510348637527e+01 2.442180291542675619e+01 3.198109237908372293e+01 4.352810074505458715e+01 6.352901064376863616e+01 6.295459487830041923e+01 4.282607935259230914e+01 6.295459487830041923e+01 5.698827056213912101e+01 5.115434487716373724e+01 5.637446931586219279e+01 5.063074262557967842e+01 5.026932125875086399e+01 5.610352167262283274e+01 5.841250003443634853e+01 7.830953741194194606e+01 7.959775955069025599e+01 7.383218319870888990e+01 8.084127491813305255e+01 8.919039397036243599e+01 9.934967301535745321e+01 1.085377178819132382e+02 9.434173951766223354e+01 1.085377178819132382e+02 9.586351905124965356e+01 7.555470073432158529e+01 9.586351905124965356e+01 1.099185251868029667e+02 1.035392736834312331e+02 9.872598860346688809e+01 1.070936126186356887e+02 1.099647499511996358e+02 9.821470047654128166e+01
7.532853315450405325e-03 3.543066759248195474e+00 2.354286664357546499e+01 3.298641071592944485e+01 2.889774080902769882e+01 3.735089495524524494e+01 5.198147992970860543e+01 6.026866965956138955e+01 6.765594938915374712e+01 5.583808996657700874e+01 3.577083604141785855e+01 5.583808996657700874e+01 5.698827056208370578e+01 3.705056844542550465e+01 4.547723287807337300e+01 3.657987261286159253e+01 3.616582093447785695e+01 4.430947923317823012e+01 6.424020735678554672e+01 7.315098583667096932e+01 5.833043689809341714e+01 5.208966422676262198e+01 5.981891786621007867e+01 7.073141480110659529e+01 8.509708837484734545e+01 1.051853585809596439e+02 1.144797188598348754e+02 1.031431978610363274e+02 8.818750724676785069e+01 6.793057564119197878e+01 8.143519671729322340e+01 9.878251442668003790e+01 1.070697422083839285e+02 1.056060348331894261e+02 9.732140197116855518e+01 1.021180870936736653e+02 1.103932836543043265e+02
6.101047412966256744e-03 2.000474770195054219e+01 1.987302475878491492e+01 3.987429615805369565e+01 4.889781222393848026e+01 5.718033647941044961e+01 6.564149197505065558e+01 6.765594938915374712e+01 4.822704807569608931e+01 4.966499645702447907e+01 2.975216174817289527e+01 4.978758525361886456e+01 5.085002405554278937e+01 4.259727714851900515e+01 2.552469947886951118e+01 2.765954523903150886e+01 4.760493249197892141e+01 5.343748381310172846e+01 5.610251999132234602e+01 5.884295821391577874e+01 4.358873970471219650e+01 6.455949148535678717e+01 8.084127491813305255e+01 8.919039397036243599e+01 9.602652415185268353e+01 1.043090269392343856e+02 9.897665453815754688e+01 8.888979915008076205e+01 7.463640043912525357e+01 6.132698713091139098e+01 8.143519671729320919e+01 7.857446711272021389e+01 9.543659486428180116e+01 9.398663781389920757e+01 7.714444101711264068e+01 8.197610539624311343e+01 9.042360606564430725e+01
6.842009524227352091e-03 1.414900532365406605e+01 3.415217942537061901e+01 4.817031860180489389e+01 6.778298654686824420e+01 5.842639375144525360e+01 5.017003136733144686e+01 5.843124623579483767e+01 5.179231789553340093e+01 3.203794640644483849e+01 2.440394670148551981e+01 4.442695998712736838e+01 3.982793635801944987e+01 2.262763193564303776e+01 4.259727715286376792e+01 4.760493249197892141e+01 3.105855755330428281e+01 3.349395108795631160e+01 3.615607408346406970e+01 3.889298223498018814e+01 4.335351338622864859e+01 6.330402915941937891e+01 7.493154793520268697e+01 8.196759507936624800e+01 7.614419598510089315e+01 9.602652415185268353e+01 9.066235370708456287e+01 7.044671915512890337e+01 6.049516896069794569e+01 5.590268875645502789e+01 7.547931428664523423e+01 6.696111356264188430e+01 8.711539287016873345e+01 8.567222813291581929e+01 6.555757684919430517e+01 7.619009061778739067e+01 7.029437548335434371e+01
1.934550753332892102e-03 2.000184448264550952e+01 3.983020703065048451e+01 4.785732442751775295e+01 4.785715110678636108e+01 4.844712032891476383e+01 3.020992738407359113e+01 4.842525151765020297e+01 4.630657609706798894e+01 3.900822975206643406e+01 1.938467865888572206e+01 3.710774301553398402e+01 1.983809188141235325e+01 3.982793635801944987e+01 3.675765531851691037e+01 5.669537229712348392e+01 5.100009702585747107e+01 4.013885288559684739e+01 5.610189441376989095e+01 5.884295821391577874e+01 4.643665586316177496e+01 5.001142392837733297e+01 5.500668329415344004e+01 6.206664848582125416e+01 7.614419598510089315e+01 9.602652415185268353e+01 9.897665453815754688e+01 8.473929052302096920e+01 6.463703976640070437e+01 5.066258355034191396e+01 5.551812458135816541e+01 6.957449743910107998e+01 8.973480320331552207e+01 9.042360605522532069e+01 7.029437548335390318e+01 5.626629029262466730e+01 7.619009061778739067e+01
4.364784840791047053e-03 1.155137011715456374e+01 3.155123439172379562e+01 2.788564766712724818e+01 3.373530985870016963e+01 4.018927331678182213e+01 2.019945394812272710e+01 3.019431443607555821e+01 2.586791689014348705e+01 3.309173945376185344e+01 1.519410978889509423e+01 1.710019707706299741e+01 3.710774301553398402e+01 4.808228398681988836e+01 5.669537238571712834e+01 6.494245118599842215e+01 6.713322278887554262e+01 4.719531070018494034e+01 6.713322286614659617e+01 7.190978610556933859e+01 5.197669160700034752e+01 6.995033177494043741e+01 6.910542223546110563e+01 6.910542223546110563e+01 8.899705961560948708e+01 9.468068380845627985e+01 8.460038211308473421e+01 7.626137306744003297e+01 6.655239886808706729e+01 4.667413880476074439e+01 6.655239886808706729e+01 7.563207235636238579e+01 8.394642712203794588e+01 8.567910093941632965e+01 6.561834708645352521e+01 5.164072305768834781e+01 7.149400585427214594e+01
5.219006137575642711e-03 2.000521899217855193e+01 2.303279640513814996e+01 2.429735266848979336e+01 1.374580594203944450e+01 2.687344934808110253e+01 2.820262096421636855e+01 1.017768383131425836e+01 1.162146187650705720e+01 1.308118947002649080e+01 3.309926748401453978e+01 1.943096135906912991e+01 3.940846069750978842e+01 5.129265596774396130e+01 5.952105627041058966e+01 6.945966699099535901e+01 7.536151992749434214e+01 5.871989770732610481e+01 7.536151992749434214e+01 7.791431643843027643e+01 5.799954228202296491e+01 7.791431643843027643e+01 8.899705961560948708e+01 8.899705961560948708e+01 9.726781920068860643e+01 8.635346106715357450e+01 6.616928506772643459e+01 5.627237081031954347e+01 4.971545810248674968e+01 4.338423662440848716e+01 5.930410342397749446e+01 5.563447614618281989e+01 6.972704704637109785e+01 7.803687666342671037e+01 6.726127174659843888e+01 4.739378066628823660e+01 6.726127174659843888e+01
