LEM/sinusoidal_perturbations/elevation_000990.asc
nrows	100
cellsize	150.0
xllcorner	0
ncols	100
yllcorner	0
NODATA_value	-9999
[rows 51 to 67 of 100, columns 37 to 73 of 100]
7.542735301198401032e+01 9.214330577466924410e+01 1.036756602212043248e+02 1.010863295411720628e+02 8.042626511159143377e+01 8.647745495184068432e+01 7.368053404233718595e+01 9.425318497724066447e+01 1.054959646378375169e+02 9.865489942763507258e+01 8.220851523768402558e+01 6.174951040468665298e+01 8.220851523768402558e+01 9.587976998273677509e+01 1.079038741095013307e+02 1.095465066020631610e+02 9.932289728655891281e+01 8.547500292844787850e+01 6.538355653632028464e+01 8.547500292844787850e+01 1.024297968059561583e+02 1.138235095785380082e+02 9.332386349654700552e+01 8.966174650742746621e+01 7.703127156027727551e+01 5.731369918965965127e+01 5.858707447053153317e+01 6.196551332765167075e+01 6.542158733301116058e+01 7.949701377477521191e+01 9.671577067394059668e+01 9.295108011218994193e+01 1.116710326460495253e+02 1.234550763412391774e+02 1.194014554791147731e+02 9.881624077366844006e+01 1.194014554791147731e+02
6.394448424634391159e+01 7.542735301191254393e+01 9.539065409066657253e+01 1.096086201061341541e+02 1.010863251968401215e+02 1.008152429230395484e+02 8.006416229225132497e+01 9.425318497350718872e+01 1.149680972062374593e+02 1.015248316514514926e+02 8.049324260603512471e+01 6.593351102878031611e+01 8.665333810627988953e+01 9.503667220922849879e+01 1.160997339045147783e+02 1.011235672177997600e+02 8.063015245464622183e+01 7.057050472938522034e+01 7.418822782532548388e+01 8.547500292844787850e+01 1.059190966177257991e+02 1.068022043375055574e+02 9.492663959146166519e+01 8.122171452224931443e+01 6.135171514189147501e+01 7.703305672837619511e+01 7.832356438930483478e+01 6.677893078433918106e+01 8.550250557770461057e+01 7.098247675917193078e+01 7.610835396390203300e+01 8.259101650979620501e+01 9.459054425314334935e+01 1.150755290440346812e+02 1.278727927651195841e+02 1.106921343128001496e+02 1.278727927651195841e+02
7.390465957263012342e+01 8.537523333404598702e+01 9.113874903937835370e+01 9.942217829981264288e+01 1.109612127744578487e+02 1.093474602773012947e+02 9.202586651601623657e+01 9.473246467954464833e+01 1.155004285088688789e+02 1.015351468747541048e+02 8.049336156334118186e+01 8.665277391322892697e+01 7.388981677615902299e+01 8.633464087651279328e+01 1.085968827948386206e+02 1.095465528421448909e+02 9.520422931396012700e+01 7.478817904156824170e+01 9.460584980039853065e+01 9.084512497477345505e+01 1.113361773487095689e+02 9.832803202876843329e+01 7.772461638159433051e+01 6.625306620260364809e+01 8.122135421576501813e+01 6.955744185066490104e+01 8.989269597480799234e+01 7.295098825011721999e+01 9.335927635988210227e+01 9.139515913581065831e+01 8.180646803563475089e+01 1.024061470650221821e+02 9.572487051727871687e+01 1.102498509369799677e+02 1.305474866154964104e+02 1.312986094420096492e+02 1.397256937707050213e+02
6.014621230384908301e+01 6.543444524697629561e+01 7.117339785932382767e+01 8.269623841579883106e+01 1.026714453614099085e+02 1.212977964175017860e+02 1.128217958564560206e+02 1.155004285088688789e+02 1.239626974797905916e+02 1.101601718578746301e+02 1.015342864628023136e+02 9.115820393259615173e+01 8.606698812499891460e+01 1.037075436894821507e+02 1.172728998209447155e+02 1.013267953191867292e+02 8.754405613792324914e+01 9.520058269238379012e+01 8.245519964447231587e+01 1.029517789745182483e+02 1.197105139949758410e+02 1.051340709556333763e+02 8.446428463033109324e+01 7.008605510111172521e+01 9.051818846401717167e+01 8.989269606321505535e+01 7.957673282817262361e+01 9.335927635990186957e+01 8.379290957182593047e+01 1.043446364665711030e+02 9.374298213576058458e+01 1.024061476490055327e+02 1.161948907851498234e+02 1.245717488199578042e+02 1.282728823337457413e+02 1.245008224667073193e+02 1.245101075194492211e+02
7.419945762785782506e+01 7.638235019115199975e+01 9.113874942046717820e+01 8.379653144750771787e+01 9.791694916003454807e+01 1.179125057823170266e+02 1.213485497493425811e+02 1.165557305019319614e+02 1.248558944081232909e+02 1.228703774800908803e+02 1.207926870306922780e+02 1.122886104680073345e+02 1.072919104356518005e+02 1.158824909938266501e+02 1.283684580437758598e+02 1.158675879145260126e+02 1.075816127270780953e+02 9.163760389420160379e+01 1.029473248905105436e+02 1.113555581174047688e+02 1.214882220752184878e+02 1.009775968168424356e+02 8.626925412385467951e+01 7.437365508414507076e+01 9.502476693942087138e+01 1.080223701954795104e+02 8.734923434484198879e+01 1.080223701954795104e+02 9.410417299846949390e+01 1.127641351836232246e+02 1.142402518172875006e+02 1.226258752854453320e+02 1.311822863338642264e+02 1.212500128068810739e+02 1.057774933820929135e+02 1.047421864948580037e+02 1.047665156874801653e+02
9.416019217069211322e+01 9.634639906478398075e+01 1.046321002934970466e+02 1.037731773286282788e+02 1.120663829794065549e+02 1.213485497493425811e+02 1.013196812750905593e+02 9.653225559213714746e+01 1.132928172817810548e+02 1.028373019236469759e+02 1.170038284683569003e+02 1.194524273500523606e+02 1.112040012156053166e+02 1.159540362971628582e+02 1.242109141492702946e+02 1.210930860016521962e+02 1.204592669932291500e+02 1.061470888047543610e+02 1.034986677892966469e+02 1.238484771656149945e+02 1.188502925682408460e+02 9.829903740688040159e+01 8.626925412385467951e+01 8.274048472972432933e+01 8.896828529690461096e+01 1.096464070610475829e+02 9.934693519410284068e+01 1.164429427916091981e+02 1.086311276247565729e+02 1.229696073802490730e+02 1.234772539224098722e+02 1.317319968276622433e+02 1.282728823337457413e+02 1.057774933820929135e+02 8.938539905044412137e+01 9.101880520490713877e+01 1.105492786998634500e+02
8.474126356321329467e+01 9.048576828708327469e+01 9.751539307908500120e+01 1.057576871061325221e+02 1.156965118036418545e+02 1.191569840707008154e+02 9.912915719243690660e+01 8.521251307792435625e+01 9.614812175021276630e+01 8.885091711545582882e+01 1.087048539061068340e+02 1.080300750684930762e+02 9.147349259791693044e+01 9.618487875226803396e+01 1.049174736561296726e+02 1.012820877398549158e+02 1.210930860016521962e+02 1.264723566998583379e+02 1.152987782046033516e+02 1.321478521620478546e+02 1.272180188779478556e+02 1.154118941304283652e+02 1.069850198686447129e+02 9.207972396366550072e+01 1.096464070610475829e+02 1.180606370393772124e+02 1.198732347962434517e+02 1.282374433616375882e+02 1.289592606352661051e+02 1.203033048738330422e+02 1.037375331133290928e+02 1.120806781115162494e+02 1.203042291176059848e+02 1.176789491816660416e+02 1.035949557170395536e+02 8.416262360766255313e+01 9.783218383427295350e+01
6.484469274749176293e+01 7.058622019495885525e+01 7.763261164059905184e+01 8.758527044110957149e+01 1.074455157170605588e+02 1.158888047709717597e+02 1.076029025787825617e+02 9.614812175021276630e+01 7.676297422164495288e+01 9.032749904741271507e+01 1.102003480207692832e+02 9.981258675393476665e+01 8.022560198737241421e+01 9.357177235496236278e+01 8.526614255500737727e+01 1.049174736561296726e+02 1.155017228101904010e+02 1.254219441027851332e+02 1.355279449830593990e+02 1.437719937203678455e+02 1.354160644165039287e+02 1.271251939081194990e+02 1.211323608932390670e+02 1.067606553556324940e+02 1.211323608932390670e+02 1.232336190358626453e+02 1.210503392818268651e+02 1.174200783823099243e+02 1.256987726229408082e+02 1.120804873493473650e+02 9.253533590789051289e+01 9.253533615591700823e+01 1.089676260379224857e+02 1.105034492144591098e+02 9.184184261570436547e+01 7.979442260188143621e+01 9.905291059578118507e+01
8.474126356321329467e+01 8.109238866597672768e+01 9.048576828708328890e+01 1.057576871061325221e+02 1.156965118036418403e+02 1.076029025787825617e+02 8.785859318994644696e+01 9.181347720728793149e+01 7.259341462905724995e+01 9.181347720728793149e+01 1.023623452452447964e+02 9.328359183174727320e+01 7.378523657152919668e+01 7.406951323186591196e+01 7.964500308011164975e+01 8.757249791657319804e+01 9.736332111532533418e+01 1.171601474394771571e+02 1.319383521663737611e+02 1.402333030737436843e+02 1.238791979189984431e+02 1.071566282670055585e+02 1.238791979189984431e+02 1.271706243292947676e+02 1.232336190358626453e+02 1.035481814372130458e+02 1.014071777270470278e+02 9.786613519148001217e+01 1.143361459724463742e+02 1.146371157392792242e+02 9.505954886337291043e+01 8.148821175570365938e+01 9.349845259491776517e+01 1.016234855177799403e+02 9.503723820668766109e+01 7.583660073275116531e+01 9.470182185690005383e+01
9.977816620611659459e+01 1.009768949911665175e+02 1.092242785844323407e+02 1.186211071182444385e+02 1.191259223022010474e+02 9.916746668462204184e+01 8.531698187080186813e+01 7.430890604232199337e+01 6.865287250304500333e+01 8.780582220756413392e+01 8.275705536141460072e+01 8.275705536141460072e+01 6.796247330811031873e+01 8.740461652018400684e+01 9.922363719255423575e+01 9.344000486589682453e+01 1.131865607953502035e+02 1.254219441027851332e+02 1.119642961593414014e+02 1.286925293278280265e+02 1.155963371598917035e+02 9.567272821286597662e+01 1.155963371598917035e+02 1.225590160149082379e+02 1.210503392818268651e+02 1.014071777270470278e+02 8.790944334755899092e+01 8.691021546292724054e+01 1.022435281831421889e+02 1.104118368533185475e+02 1.089602367455507306e+02 9.349845259491776517e+01 7.430460502077767160e+01 9.349845259491488036e+01 8.757383118960284207e+01 7.202452335500852598e+01 7.550573835434704506e+01
1.061466186351237866e+02 1.140494873994493048e+02 1.058186679599454294e+02 1.140494873994493048e+02 1.078855129107542012e+02 9.967404313306022345e+01 9.773074788436439064e+01 7.827751752490500792e+01 6.481699116665667759e+01 7.946397125637200531e+01 7.841228446112974382e+01 6.332664920201439429e+01 8.275705536141460072e+01 8.740461652018402106e+01 1.070611572019146678e+02 1.131865607953502035e+02 1.214384952438965684e+02 1.204063255539049351e+02 1.004641922530730938e+02 1.088927295244542819e+02 1.031574193857641148e+02 8.868714460888105577e+01 1.062751960879103876e+02 1.026154910726534126e+02 1.225590160149082379e+02 1.086752891417369966e+02 8.937971626126602587e+01 7.847825362436286412e+01 8.308575402261675436e+01 9.925572712254151497e+01 1.050597223989157953e+02 8.909508424008812710e+01 6.992168798959194476e+01 8.404430495893872433e+01 6.840360213982870619e+01 8.757383118961708135e+01 9.470182185690104859e+01
9.792530789671255320e+01 1.041887676702171603e+02 8.615916024776926463e+01 1.041887676702171603e+02 9.653539796284287888e+01 8.008352276643539369e+01 9.653539796282689167e+01 9.016353827437875168e+01 7.127630523827190245e+01 6.024495162827172123e+01 5.896472754814831774e+01 7.841228446112974382e+01 8.960440819416136549e+01 8.622282642068388725e+01 9.438626489892121185e+01 1.041974255108017502e+02 1.181655449702594183e+02 1.229985504967923617e+02 1.030499071693050439e+02 8.902503240980705357e+01 8.334773382288553023e+01 8.213311273156672598e+01 8.643668147377877631e+01 1.004362012297018509e+02 1.203684129874398252e+02 1.168973198656333921e+02 1.056633052364881138e+02 9.118274117147365132e+01 7.214904056289390155e+01 8.579919555828033140e+01 8.579919216801742721e+01 8.491110776169587382e+01 6.572596818118505269e+01 6.485519439257173246e+01 6.999373652218854147e+01 7.673622609846333376e+01 9.026107462415198768e+01
9.792530789671255320e+01 9.598891410385739675e+01 7.643934739985563454e+01 8.621413075185651564e+01 8.118775796464483108e+01 6.888035120414315315e+01 8.836345092582456573e+01 9.811748562751913028e+01 8.675163625970203896e+01 6.973624665777788323e+01 5.597051950905157724e+01 7.252697893769318682e+01 7.009800527880408083e+01 6.674464110497410729e+01 7.644727199547342877e+01 9.022930481636029754e+01 9.943838354248399014e+01 1.076460326933532485e+02 1.171683587855685147e+02 1.088927295244542819e+02 9.567006202147869942e+01 7.595030529140662168e+01 8.985303193904944408e+01 1.096869183708617470e+02 1.219070523021519392e+02 1.202625772382368723e+02 1.120462957366674317e+02 9.925572712254151497e+01 8.579919555828033140e+01 6.672857112125738865e+01 8.095524550098731709e+01 7.824472409738184808e+01 6.168591611941452868e+01 8.091073582354610494e+01 8.916914969866866159e+01 8.349865036130771045e+01 8.881551709687170160e+01
9.720905446611777734e+01 9.751078482718219220e+01 7.794440601318802919e+01 6.674707265515584709e+01 6.172827081609939626e+01 6.154056399862232496e+01 8.099953140693300213e+01 9.158328402347608233e+01 9.740579359152344807e+01 8.357042211919382169e+01 7.252691275749162969e+01 5.301301053836801458e+01 5.632693652378260651e+01 7.383330670482770586e+01 7.945392150514936702e+01 8.560449757371399926e+01 7.987431439177956349e+01 9.943838354074163988e+01 1.177085527906607751e+02 1.062266092417031018e+02 9.233652555584394861e+01 7.267122138592057468e+01 9.233282954895423700e+01 9.388246292350910949e+01 1.136640647042543577e+02 1.120462957366674317e+02 9.251631117467546517e+01 9.823651121641438522e+01 9.383437238192594521e+01 8.095525152278545988e+01 6.181348854290362738e+01 5.897336134484398684e+01 7.824473285715568238e+01 7.526755650521803886e+01 9.453457586875697416e+01 9.458964594594412745e+01 1.082782622407524400e+02
1.054301229087976850e+02 1.057152764113942709e+02 9.437786604663315870e+01 8.621413075185651564e+01 7.451320893749606000e+01 5.503210390461532597e+01 6.393258835177819321e+01 7.775793618762720882e+01 8.299897750576622002e+01 7.161263022399147360e+01 6.549209381500952531e+01 6.717686998521267583e+01 5.009743754377252145e+01 5.430990850780402468e+01 5.998354069994411475e+01 6.615466827555113127e+01 7.734809512928532627e+01 9.688295305309263483e+01 1.094387694992996956e+02 8.958233962732050770e+01 7.823421393378447419e+01 6.953533007192821458e+01 7.760031190261305767e+01 9.162337331016327369e+01 1.113679428822118211e+02 1.130889371009695452e+02 9.823651121641438522e+01 7.894643763223763244e+01 8.792553317103617871e+01 8.327196199124249176e+01 7.638169901548897656e+01 5.706686313907793817e+01 7.638169901549319718e+01 9.453457586875697416e+01 1.026626332764375604e+02 1.141550201922591157e+02 1.223798365602053622e+02
1.024327464760007445e+02 9.425447326990810382e+01 1.024327464760007445e+02 8.830508955580012298e+01 6.880042493476393872e+01 6.964293267927587294e+01 5.011051244271664729e+01 6.516188815643745613e+01 6.983795263948670140e+01 4.772397540532903548e+01 4.589763974510547229e+01 4.760179668516280316e+01 5.671871740427066300e+01 7.336177526572794250e+01 6.476811856337201334e+01 8.424314895749303389e+01 9.376017081877979820e+01 1.050828270613691018e+02 1.006207398431800044e+02 9.238979422521299512e+01 8.636440697528816202e+01 6.680198685792741742e+01 7.831247704962697753e+01 9.709776782910665816e+01 1.108984616234147751e+02 1.048985230967815596e+02 8.549483617484933973e+01 7.595903434368288742e+01 6.873836766041888779e+01 6.406212661411922227e+01 5.970961284018756032e+01 5.541279512630569570e+01 6.912899191631318274e+01 8.839586768425965602e+01 8.950980995669718254e+01 9.762717275098759728e+01 1.088757490525361646e+02
9.263032183461741909e+01 7.470730273203170668e+01 9.263032183461741909e+01 9.647561216348711355e+01 8.830508955580012298e+01 7.775793618762720882e+01 6.516188815643745613e+01 4.553729151262108843e+01 6.082753984447708717e+01 4.346826426388237508e+01 6.314666063445578459e+01 5.893453165885506451e+01 7.413299668887242433e+01 7.127348057447126450e+01 8.424314895749303389e+01 7.851437143465592783e+01 9.807364680850990624e+01 1.063840552208338437e+02 8.659319135370263609e+01 7.277064368756502688e+01 7.998148896661570006e+01 6.416389807686196889e+01 8.367925389325135654e+01 8.429682856608012287e+01 1.028774727003162326e+02 1.130889371009695452e+02 1.033329491581667980e+02 9.519667963581554204e+01 8.792553317103617871e+01 8.327134048934090060e+01 7.327713684455954990e+01 5.387290987207781967e+01 7.327851234091497190e+01 7.838139028958956089e+01 7.023482168531783998e+01 8.132247678097920129e+01 1.006939150639750267e+02
