LEM/sinusoidal_perturbations/elevation_000989.asc
nrows	100
cellsize	150.0
xllcorner	0
ncols	100
yllcorner	0
NODATA_value	-9999
[rows 34 to 50 of 100, columns 37 to 73 of 100]
2.233264850135111956e+01 2.267614519673987772e+01 2.303030589134593953e+01 3.482320495462927568e+01 3.369259601257919456e+01 4.093824402759811676e+01 4.287385121766310903e+01 5.648002389784392818e+01 5.039355882168784717e+01 5.008080653824865180e+01 3.888055361213606886e+01 4.698032563322008315e+01 2.878504632468268554e+01 3.513215494868853028e+01 4.954131040414969078e+01 4.938076719311577989e+01 4.383475230559052704e+01 2.975555588595359424e+01 4.953227109348366497e+01 5.880996795412527689e+01 6.724353744846381176e+01 6.730746931224952334e+01 6.947410293680346172e+01 6.308542258258009383e+01 6.066052783531580417e+01 4.362078979168310156e+01 3.983220001728579973e+01 5.182307190635837202e+01 3.512012202286026508e+01 3.554951210855522703e+01 4.848873797445564549e+01 5.467851042367392722e+01 5.614757319313297756e+01 5.390686188702561310e+01 3.808894411351510456e+01 5.706677833473960249e+01 3.937913615146943869e+01
3.599093265461006297e+01 3.389099807755606264e+01 4.199956486127990019e+01 2.354671343881999945e+01 4.256492148324065283e+01 4.995236940953982696e+01 4.718865238216442748e+01 2.558887407659632274e+01 2.595476892918435041e+01 2.632424233962238702e+01 2.670974288183592549e+01 2.709739144030806912e+01 2.748705659927302136e+01 4.211171678618236314e+01 4.663900042774779564e+01 2.898822937670969679e+01 2.937588066241297824e+01 2.978522516202661308e+01 4.803535636644096485e+01 5.363052339832363202e+01 5.014739188228364242e+01 3.205782558126617943e+01 5.020259118996079195e+01 4.587838405537068098e+01 3.826765388944048851e+01 4.013137263138437305e+01 3.411216727985355845e+01 3.452115974252178887e+01 4.649236618057038584e+01 5.349804755495966901e+01 3.615516703614336791e+01 3.658568584001131541e+01 3.701733235061211502e+01 3.745113829391989668e+01 3.921751098866286611e+01 5.828971426344441653e+01 5.998251453283445045e+01
5.406063762473410605e+01 4.669658911537078438e+01 4.886640825385396880e+01 3.575643964401235309e+01 2.405913667784026089e+01 4.221158612373296393e+01 2.507643379222189495e+01 3.099144061376317438e+01 3.530608384044450787e+01 2.775722269114903895e+01 3.861910737911228608e+01 4.398334159070893890e+01 4.572127992455916257e+01 2.804350141224909621e+01 2.843627526176074127e+01 3.940914468919739022e+01 4.658995507159987426e+01 4.777567083598741249e+01 3.035554825847970406e+01 4.760561197007567102e+01 3.149869921910311632e+01 3.367063887143157785e+01 3.256975511729520179e+01 3.290641080530642171e+01 3.323219156527103735e+01 3.357163425332016971e+01 5.267340900419069527e+01 5.427769795735742520e+01 4.649532665176769797e+01 4.171041974091964732e+01 5.655223931335612519e+01 5.606942707976952533e+01 4.295683051556087406e+01 4.557071015595975894e+01 5.822013894421226610e+01 4.169004823244615210e+01 6.083629217113614374e+01
6.545667654519071732e+01 6.248516124956274354e+01 5.156060846002083053e+01 4.146865208687090387e+01 2.534177128962427972e+01 2.456793055381050195e+01 3.596460990725907436e+01 4.323167806431114712e+01 4.515443857093571012e+01 4.226207650940968108e+01 2.975593427812039948e+01 4.155016142739980012e+01 4.986112366012863362e+01 4.431279543807827537e+01 4.775472479561423000e+01 3.939536276544004068e+01 4.769377895239865239e+01 5.216647617620323985e+01 3.145760228977744788e+01 3.091502633631528596e+01 3.194104850272977103e+01 4.820777225313156578e+01 5.109575991311198351e+01 5.184612864432521917e+01 4.967101481043025757e+01 3.701132970009116718e+01 5.508246959500843332e+01 6.882235740225455345e+01 6.349807478497573499e+01 6.007005302233979904e+01 4.732511092156129706e+01 6.573008326512167798e+01 6.685377478516203098e+01 5.675382879830455352e+01 6.022260583799968714e+01 6.083583788677059090e+01 4.414021304980855120e+01
5.913619063459906044e+01 7.056051873581714062e+01 5.550670949564385381e+01 3.426892645032397411e+01 4.683179880402103379e+01 4.481083975478830439e+01 3.305401380972496383e+01 4.594020913582080112e+01 4.881453785498535325e+01 3.512286544914078235e+01 3.117055863156391027e+01 5.433128441316261359e+01 6.267188521455366867e+01 6.617274237846912399e+01 5.630246264112913224e+01 5.184171937100612837e+01 5.654832964406617890e+01 3.928123470562074004e+01 5.390688317682210595e+01 5.048764723562062784e+01 4.235512320580991030e+01 3.325049442444079517e+01 4.692065917694281296e+01 6.621603952930539094e+01 6.225010204626462240e+01 5.508282659807657922e+01 4.245027418891196902e+01 6.148075250087785548e+01 7.736535411046176591e+01 6.577435818166441095e+01 6.577435818166469517e+01 5.364780877816981786e+01 7.240658817544198200e+01 7.660483976935535111e+01 7.946429593201088437e+01 6.528816132835440555e+01 4.586922198706029263e+01
4.612191246642409936e+01 6.610274032075133732e+01 6.389180547168230362e+01 4.373457926280416785e+01 6.389180547168238888e+01 5.962180821183413570e+01 4.251604555739446312e+01 5.071101816647968974e+01 5.705137814473054192e+01 4.963562762619152124e+01 3.262671899359834526e+01 5.109446209753210155e+01 6.631705924474650260e+01 7.599165063828390032e+01 7.382681481175401927e+01 7.079323971752542377e+01 5.881715252550955597e+01 4.543550881841527200e+01 6.479699243311316081e+01 6.312694064990922271e+01 4.489644156228132488e+01 3.418829380282861763e+01 5.307027084656880334e+01 6.273842329247182192e+01 7.414207593727530821e+01 6.967443025748987395e+01 6.148075250087894972e+01 4.963533371885741730e+01 6.912537605363006321e+01 8.493070427753372087e+01 7.748595993042934538e+01 5.848069108320981258e+01 7.748595993042934538e+01 8.983518199922096414e+01 7.830505979236356495e+01 6.720464017152565361e+01 4.763075195904588099e+01
6.610274032075132311e+01 5.415310852864571700e+01 7.282636829321067751e+01 5.853972162288432912e+01 7.293932621029249219e+01 7.482700278947581296e+01 6.485561684559131379e+01 7.149523637982997570e+01 6.012015711023145315e+01 3.488681376331307860e+01 3.643201890688005307e+01 4.139867371501998861e+01 4.836808819038002127e+01 6.163123589026761096e+01 8.202593055598046590e+01 8.353184585426451747e+01 7.047679383489639804e+01 5.190971960592494838e+01 7.047679383489639804e+01 7.006545126209432794e+01 5.244568479895372093e+01 5.311339083456427090e+01 3.566060738823815512e+01 4.655491239769221323e+01 6.590104918300032466e+01 7.762326772140222886e+01 7.736535414525037879e+01 6.332924946821978551e+01 5.993544723542215280e+01 7.967846059022805605e+01 8.327300781062767498e+01 6.407954134818835712e+01 8.327300781062767498e+01 8.157041427610087680e+01 6.159701640801523581e+01 5.028307846560227290e+01 6.718734738113467131e+01
6.359442571335244310e+01 7.434405433352708314e+01 8.271200468010439977e+01 7.891774842588674233e+01 8.470270803263055370e+01 6.550294628127174690e+01 6.414349056673134442e+01 6.197246149514795377e+01 5.318272541473074710e+01 3.645710604313373437e+01 5.273569316699553866e+01 4.131430932009796209e+01 5.857391745770907932e+01 7.101287996651581125e+01 7.909001702297481984e+01 9.029003469596869991e+01 7.688297559764247069e+01 5.892533251968946217e+01 7.688297559761555533e+01 7.866264732154078843e+01 6.705492504894338879e+01 4.770093306169211900e+01 3.676831803702410184e+01 5.566125597914751921e+01 4.973352348655915733e+01 6.338845714583127489e+01 8.337035742009634021e+01 8.311846346535867269e+01 6.972987581063935636e+01 8.795620513995689294e+01 9.010136375207841297e+01 7.078785658985724183e+01 9.010136375207841297e+01 8.417155183329641943e+01 6.418506102327739882e+01 7.001731049681501418e+01 5.317972181966345602e+01
7.125620734824872216e+01 9.163193786592022150e+01 9.615385067776318806e+01 8.493755789098902653e+01 7.684148325497309884e+01 6.550301172066798472e+01 4.705376205507992182e+01 4.384040306719992230e+01 4.082221262579363241e+01 3.813067602030790226e+01 5.594904512925229056e+01 5.857391364194973704e+01 4.716642524590221797e+01 5.277093542842496987e+01 6.285570628355755929e+01 8.215578644051714718e+01 8.464141367471108879e+01 6.933201095400106340e+01 8.464141366614190076e+01 8.481925475097486355e+01 7.521602713558041842e+01 5.783852617417724673e+01 3.872002341195521069e+01 3.879731355338308418e+01 5.811207250562217297e+01 6.924102023517018267e+01 8.936508186819659727e+01 9.792451565265929503e+01 8.962704536981671311e+01 9.792451565265929503e+01 9.010136375207841297e+01 8.434316355870124937e+01 9.837610151452501839e+01 9.243326018039554981e+01 8.416724166140673447e+01 7.545447213297457267e+01 5.554226660755455924e+01
8.570379847587490474e+01 9.993571499364136912e+01 8.799074588250773843e+01 6.867965654468883940e+01 5.773653876948211661e+01 5.245655303365337119e+01 6.550301172066798472e+01 5.642249651953341782e+01 5.873367540396243669e+01 5.594904260457649769e+01 4.035024281201941676e+01 5.820739089796975918e+01 6.549294021645357589e+01 5.336678948317189253e+01 6.477848493056494306e+01 8.434834872543014228e+01 9.546131282266854612e+01 8.743951787652042640e+01 9.060334871800498036e+01 7.074932675312024344e+01 5.698634654850162207e+01 5.984255527693448329e+01 4.070069234292571991e+01 4.027376292886444986e+01 5.370531038831337867e+01 7.321826068838173285e+01 8.952730759620760637e+01 9.173031463377139971e+01 1.000627012015660569e+02 1.095525443686462950e+02 1.099261921337527923e+02 1.040028887537886533e+02 9.903656679769059679e+01 9.081275203125206019e+01 7.929163940435618940e+01 5.933596449859536648e+01 6.124358067182615883e+01
1.059437323810059013e+02 9.924828183247581137e+01 7.974965759909790108e+01 6.867965654468883940e+01 6.320809765708545314e+01 7.132636083419755835e+01 7.938517311337166404e+01 7.536822218674170415e+01 7.326204091159398502e+01 5.426187313538181201e+01 4.186311681001056684e+01 5.982681101320132200e+01 7.511329536869922663e+01 8.259885900419828886e+01 8.400978833883898744e+01 9.256218426956576195e+01 9.668959627412323243e+01 8.838707743496472347e+01 8.787357837400500671e+01 7.393601332923888947e+01 6.272063976756402326e+01 4.352141171955973675e+01 5.984240712756585623e+01 4.175797653239197160e+01 6.092243078816641599e+01 7.128936629397568936e+01 6.960515720845523902e+01 7.177910474618124681e+01 8.114601313259122151e+01 9.652869383140094328e+01 1.065928877747990526e+02 1.023617425824565714e+02 8.235830417197024644e+01 7.078653193531833665e+01 6.325507552926663379e+01 7.929163940823701751e+01 6.786910998636015790e+01
1.049798802119565693e+02 1.074710698302250051e+02 9.615385067762331062e+01 8.799074588250775264e+01 7.272718159553113537e+01 9.054570428407052418e+01 8.675961492198742064e+01 7.554837101645225061e+01 6.747380981977960346e+01 6.150393896566144036e+01 4.354001401352930856e+01 4.325127732903685285e+01 6.684276094075775632e+01 8.588936364967786119e+01 9.574271157349211592e+01 1.025653896826573543e+02 8.251422821052034351e+01 6.853620602144627583e+01 7.583147218682077551e+01 5.997599857506477861e+01 4.643957107697709574e+01 6.272063976756489723e+01 6.911122001565799167e+01 6.092243089081375729e+01 4.386268779265486728e+01 6.307881070035789861e+01 5.579431145859509655e+01 6.138056584037008179e+01 6.827829251237437802e+01 7.812704863658574084e+01 9.824015781605223196e+01 1.105428659686638895e+02 9.903656679769059679e+01 8.628902389047412669e+01 6.628051947696165769e+01 8.628902389047412669e+01 8.789470291090482590e+01
9.074680267565487668e+01 1.108951411688474025e+02 1.118060060581249218e+02 9.210504754194955979e+01 9.210504754194955979e+01 9.337541318459479101e+01 7.863210016860486462e+01 5.928052904229470954e+01 4.864419506207975274e+01 4.644264321017057995e+01 4.570637264388221865e+01 6.383297337955529116e+01 5.737856687770099740e+01 6.787323503621419718e+01 8.754835074608895695e+01 1.009851615911345135e+02 8.945607677590061257e+01 7.583228399383898477e+01 5.623452206394702557e+01 4.949567506593821520e+01 5.997599505049952739e+01 7.393602779648061585e+01 7.853439718394504609e+01 5.885991628679779808e+01 4.535622169657090552e+01 4.943596237241474967e+01 6.889158412104319495e+01 8.114601313259122151e+01 8.818360322631895087e+01 9.652869383140094328e+01 1.065928877747990526e+02 1.135306330804740611e+02 9.319834327118530837e+01 7.894816428033296063e+01 8.628902388481493801e+01 7.111832198107211411e+01 9.112743990099667712e+01
9.957654101572934735e+01 1.097207057588999106e+02 1.064762042527586914e+02 9.511590927448861521e+01 8.692686661263998360e+01 8.101952692813752321e+01 6.566090896330447890e+01 5.222524468136187181e+01 6.747395134273729411e+01 5.927768121023691350e+01 6.412719542443339549e+01 4.916812660794212775e+01 6.806812210237332295e+01 8.588936364967786119e+01 9.574271157349211592e+01 9.267856110298136230e+01 7.274478659254181423e+01 6.145618463758288641e+01 5.283485222871425435e+01 6.890314194187823205e+01 7.712111968666745554e+01 8.787271830242033843e+01 8.284610907625544485e+01 6.629557798699686089e+01 4.697442039911614842e+01 6.630458319645077836e+01 7.704122897453829921e+01 8.246519835985544944e+01 8.815694858929651900e+01 9.483114215409780456e+01 1.032528041111623338e+02 1.134344155364631064e+02 1.075096470064083718e+02 9.896168793013453069e+01 8.524871084535783439e+01 7.538934865096976523e+01 8.269269162381834803e+01
8.102877676561061548e+01 1.013530254573052218e+02 9.828602193929778252e+01 7.860672267335318963e+01 6.733526319607427979e+01 6.150562311814760363e+01 5.623724182116271919e+01 7.138243422366150526e+01 7.138243422366150526e+01 7.859633386833969837e+01 7.095415568429338293e+01 5.181040071418930637e+01 6.270821840930032209e+01 7.644821958167521814e+01 9.614855925374767764e+01 9.530248585831229491e+01 7.531918922073792544e+01 6.399962151409846456e+01 5.533698766051054463e+01 6.911028326961069013e+01 8.896543529992251820e+01 8.900981041408257965e+01 6.877263880672734331e+01 5.494745362436520963e+01 4.861192730053480204e+01 5.319172091529112123e+01 5.797641464930557476e+01 6.293112658453166119e+01 6.844029856469079220e+01 7.480880452940151315e+01 8.463646960751678705e+01 1.050258147006787510e+02 1.194172817974833407e+02 1.011763375138961862e+02 9.950618064037175259e+01 7.977103162887729582e+01 9.976173669155194546e+01
9.948816336912750558e+01 1.097207057588999106e+02 1.008846709650720612e+02 8.115537121077798588e+01 8.692686661263998360e+01 7.928626293724387608e+01 5.980355585800342766e+01 7.928626293724387608e+01 9.097300611278268434e+01 8.791449395964740177e+01 6.830572966069793495e+01 5.472171325377104978e+01 6.577340666665563162e+01 7.957327484810265616e+01 9.930881116454956725e+01 1.036119812435190823e+02 9.206149726776905595e+01 7.770442738395098559e+01 5.805599582070814790e+01 7.187385505216346360e+01 9.178067418374983788e+01 8.861237531262479195e+01 6.874861332374766221e+01 7.455517829298398169e+01 6.804041290514940954e+01 5.124986165301512386e+01 7.075595322531195563e+01 8.246519835985544944e+01 8.815694858929651900e+01 9.483092282903038495e+01 1.032499709567121045e+02 1.134344155364631064e+02 1.264819483987037785e+02 1.148614699578107121e+02 9.590771559724321094e+01 8.495389360911367760e+01 1.049378493114864597e+02
9.680696407426091810e+01 1.057885895352686560e+02 1.092134070167531661e+02 1.008897669654174933e+02 8.533565221275219415e+01 6.575388033052696812e+01 7.925453934411187618e+01 7.568029284471730023e+01 9.532152038693457996e+01 8.877260540046339088e+01 6.913907446964040560e+01 5.797643168957660009e+01 6.659855055139817637e+01 7.786955914695882086e+01 9.759277677465138368e+01 1.063234761679021290e+02 8.622086283326645173e+01 7.218695439223128574e+01 6.090971895124379643e+01 7.218696410808705366e+01 9.211357490447595353e+01 9.687040713816998050e+01 8.860943706657936048e+01 7.460544909234735655e+01 5.502339474372788430e+01 5.398849797422014518e+01 7.359059140918625985e+01 8.125417875623075759e+01 8.488421589795619582e+01 9.307675278256391493e+01 1.029790556512457869e+02 1.165107065934535342e+02 1.267763290074415750e+02 1.206279692417077030e+02 1.111653284538846407e+02 9.128600985890719244e+01 1.012739728227570879e+02
