LEM/sinusoidal_perturbations/elevation_000457.asc
nrows	100
cellsize	150.0
xllcorner	0
ncols	100
yllcorner	0
NODATA_value	-9999
[rows 17 to 33 of 100, columns 37 to 73 of 100]
7.277898339234023695e+01 8.240445698413213904e+01 8.652762919638227856e+01 6.768908446305007942e+01 4.749437090979041187e+01 5.907815758299891939e+01 4.175458303729966048e+01 2.764949267238959152e+01 4.693394438486583198e+01 5.293170368815535909e+01 6.124916610956658047e+01 7.300669725992366921e+01 6.471830276503483503e+01 5.896142919309534136e+01 6.485413596018514681e+01 7.252128866942832985e+01 5.431744308084485340e+01 7.252340566528933152e+01 6.349312277572558116e+01 4.267818206309252815e+01 6.349312277571156216e+01 7.835120193765486363e+01 8.230035668679926175e+01 7.393580914220281386e+01 6.022168352759250354e+01 6.755034162984244972e+01 7.089771398512951350e+01 5.347567858778015193e+01 5.426659636082531080e+01 7.425581937950347822e+01 8.163547106508640638e+01 7.357697185945983165e+01 6.022150060166584495e+01 7.180502030155480497e+01 9.117341184675754562e+01 9.659686384462169428e+01 8.177011995834239144e+01
7.810722947818818795e+01 7.400100073056566430e+01 8.240042066265237963e+01 7.589396351070568869e+01 5.907815758838250986e+01 3.880353940994969264e+01 3.389183766936395870e+01 3.180546307324146937e+01 2.681274716791940449e+01 3.439860670273332488e+01 4.539384679920339494e+01 6.663866121720579372e+01 8.425614593725318002e+01 7.908183097058626743e+01 8.499039183929949104e+01 8.247808271552231929e+01 7.432177318860378534e+01 8.248414346439304268e+01 7.173067132558450965e+01 5.353872465810104586e+01 5.296138496619189340e+01 7.296187920404571514e+01 9.247394977039341768e+01 8.830360857222636639e+01 7.183779133229595004e+01 8.472431813583548887e+01 6.512430740786138017e+01 7.340986537976114334e+01 7.425581954505709348e+01 6.335363722913445628e+01 8.307587031439813074e+01 8.502091265031440059e+01 6.554039946578762965e+01 8.502091265031438638e+01 9.919107864354401727e+01 8.848153905036099331e+01 6.891455794524948431e+01
7.102913288339780706e+01 5.454655438342446416e+01 7.102912713242760390e+01 8.442221488143364638e+01 6.733246729605805569e+01 5.907815607972962368e+01 5.400955280565530359e+01 4.643054729042221851e+01 2.623510858648338484e+01 4.642832638503960396e+01 5.454844474251889608e+01 6.266283018791927617e+01 7.230445099304488110e+01 6.587139793608109528e+01 7.384976908202227719e+01 8.858211923831611045e+01 8.087681120650400146e+01 8.528387015037691299e+01 8.168883526170095877e+01 6.774622143273070662e+01 7.296190420782765784e+01 6.459965064050877004e+01 8.438627595749066757e+01 9.966699386536055272e+01 9.153492400438922516e+01 9.279207178563072489e+01 8.471325429846939414e+01 8.472432223688490183e+01 8.999176599634682816e+01 7.043065905758690803e+01 8.999176599634682816e+01 9.059098800875497659e+01 7.129568096314167747e+01 9.059098800875497659e+01 9.615378800130382331e+01 7.659331422852898186e+01 8.848153905036102174e+01
6.267133365776939513e+01 4.351429579989460450e+01 6.267133365295134695e+01 6.718372793842341650e+01 5.747554027700141432e+01 5.774952725929289699e+01 5.353008545093729964e+01 4.528155441669233738e+01 2.578873260982081206e+01 4.592023144037833049e+01 3.672237492777922085e+01 5.355406027741179287e+01 4.961062611058463290e+01 4.655384191402106353e+01 6.580890485297388182e+01 7.777849177786484347e+01 6.211874458909008467e+01 6.662231189690716349e+01 8.528387015037691299e+01 8.749382619959045826e+01 9.249568002654096688e+01 8.438662931820695690e+01 9.252963875356120127e+01 9.884287754923914804e+01 9.070724895725442138e+01 8.603298258288830880e+01 9.419853138667029668e+01 1.041965477644500453e+02 9.807711758360326826e+01 8.175632803025700923e+01 9.807711758360326826e+01 9.701093939940861333e+01 7.775108522744778838e+01 9.701093939940861333e+01 1.020584883330190848e+02 8.247481258323215059e+01 1.020584883330190848e+02
4.895008752984951883e+01 3.643248407521786447e+01 4.875910087795082859e+01 4.749299423103366280e+01 5.731381212820983961e+01 3.746931646804679872e+01 4.472139107800534674e+01 2.536812295660089234e+01 2.661683978703062081e+01 2.636845084122668226e+01 2.683696518649980334e+01 4.683267177021961913e+01 2.863554267244985496e+01 5.215885273015005197e+01 6.021263454643490576e+01 6.138720936337762168e+01 5.068329492530916269e+01 6.457122671398448688e+01 8.326612755075043992e+01 9.418406431406728530e+01 8.608868555974481751e+01 9.418406431406728530e+01 9.257897555044102944e+01 8.444468622101554445e+01 7.097715719124889233e+01 6.623516838862124700e+01 8.275517510805616439e+01 9.510425070961004224e+01 1.032392181117514554e+02 1.012415834691928183e+02 1.093367967176897508e+02 1.050346291285267313e+02 8.738141012506261518e+01 1.050346291285267313e+02 1.089899330568130154e+02 8.938484645487660885e+01 1.089899330568130154e+02
5.061325704369335199e+01 4.211644585744669911e+01 2.820831851049192096e+01 3.972373483520845383e+01 4.374860114254836674e+01 4.323957904365838800e+01 2.485425588476055836e+01 4.475837514620621249e+01 4.603417564076148238e+01 4.368285018508834838e+01 3.658805406786429870e+01 2.754872014688717385e+01 2.804775590365601801e+01 4.737908552986166200e+01 4.488965809822009589e+01 4.166381925467493375e+01 5.561240471164894217e+01 6.315572217100406505e+01 7.382030848153340230e+01 8.432857176996691351e+01 6.629477563252882533e+01 8.432857176998163595e+01 8.115602732128890295e+01 6.459858103078958891e+01 6.912041980326590362e+01 5.447363406669280295e+01 7.459770315810079921e+01 7.548292752481849277e+01 9.510424720783582586e+01 1.094527847325498868e+02 1.207745430788732079e+02 1.146894951959476856e+02 1.066404686737544978e+02 1.146894951959476856e+02 1.171132104849360189e+02 1.007078053377339018e+02 1.171132104849360189e+02
2.559046896958023964e+01 2.280598307652108048e+01 2.319368440753029859e+01 2.357801695467522407e+01 2.395749666674705480e+01 2.433186039092721131e+01 4.408748550971898084e+01 3.889490592970108906e+01 5.907234312868964565e+01 6.006369070107332675e+01 4.324637092407733974e+01 4.754511229653934379e+01 4.747958926598276008e+01 2.873626544624181278e+01 4.795560646203631450e+01 5.004745991335700239e+01 3.427119165622094954e+01 4.592074470724192281e+01 6.538357974725259680e+01 6.618121633574490659e+01 5.616846541833673001e+01 7.619349071568824172e+01 7.220962769307512019e+01 5.286498616992984978e+01 4.891431064493623637e+01 6.912041326604891367e+01 6.133334818319973181e+01 8.122986778555105047e+01 8.175903423998579456e+01 9.304201216434256594e+01 1.126030571908718940e+02 1.166445720533123591e+02 1.084368337102541915e+02 1.166445720533123591e+02 1.284311658224773964e+02 1.203035266494510154e+02 1.260554800434913716e+02
2.225235306849504369e+01 3.829437116622612791e+01 4.306710680581413442e+01 4.378466628806644678e+01 4.262273370809909068e+01 2.640694423873041430e+01 4.552540169165399675e+01 5.908323641040662721e+01 6.736123564031829858e+01 7.139544882529577308e+01 6.327522166828082817e+01 5.404118882044188865e+01 3.668366330053167701e+01 3.123582801500955952e+01 2.943050304399100980e+01 2.992325685709208827e+01 3.042000155572059938e+01 4.247776962771850151e+01 5.862566240811852225e+01 4.595218257281957364e+01 6.617874503065644376e+01 6.778536497797554716e+01 5.955376990577965302e+01 4.391198289055729731e+01 5.812839990702806148e+01 7.731055057153872667e+01 7.548292749083637432e+01 7.036216993719700952e+01 9.002203433704396218e+01 1.094527847371022347e+02 1.033858839592469536e+02 1.019238155911105537e+02 8.855531937459042524e+01 1.067135215295190278e+02 1.132254827621801212e+02 1.051154231114236950e+02 1.132267586097747198e+02
4.176043133260464657e+01 2.876695692970790219e+01 4.758997423610299649e+01 6.190215695180129529e+01 4.885592786393466724e+01 2.895166833885311775e+01 4.889876564669217629e+01 6.239120914716940547e+01 7.138868089027941721e+01 8.290405075220404285e+01 7.140720084776239673e+01 5.094437594801745917e+01 3.583664134318674854e+01 5.560064995095716256e+01 4.991606579026395707e+01 4.153044736729039954e+01 5.061134426057000013e+01 3.113539619622161680e+01 5.136760975441641364e+01 3.979915015291327052e+01 6.007506397547053467e+01 5.955342766122816300e+01 3.920892060216016972e+01 5.955376991036663981e+01 7.220970032969839281e+01 8.629101666015402827e+01 9.510422070787268467e+01 9.002203521236951644e+01 9.814748948574980147e+01 9.754023053680735700e+01 8.347878052484506384e+01 8.200943179738618483e+01 7.856449385666013541e+01 9.849588504747305251e+01 1.035534330863447821e+02 8.587546444737581908e+01 1.035550062571528827e+02
4.909025719826021117e+01 4.213334104449059225e+01 3.581583150497539236e+01 5.433797327265170907e+01 5.718874506576148065e+01 4.889876565753849036e+01 3.389671227675636800e+01 4.293617366519230671e+01 5.469727039106513189e+01 7.474129351990981718e+01 7.511359943461370392e+01 5.481281459225496633e+01 3.983041614409692954e+01 6.075877680919170842e+01 6.999487487142046405e+01 6.176043428567137994e+01 4.793701666264986727e+01 4.995192355394042494e+01 3.186068192144345090e+01 5.211352066904181157e+01 5.344041106412758779e+01 5.399328933088484916e+01 3.433142240945688428e+01 5.067119119915705738e+01 7.082826675181712517e+01 7.980211367764417218e+01 7.980216457970458066e+01 8.795654964489882843e+01 9.907912774736074368e+01 8.755741478189011673e+01 6.930456367843747501e+01 6.782532824372543701e+01 8.784221976287163614e+01 9.111394516223805340e+01 9.549428215759630234e+01 7.629051524265031503e+01 8.880473887528498267e+01
5.903608667677814026e+01 6.044230750803487240e+01 5.433797332488877174e+01 4.378717544852475640e+01 6.215629594198516372e+01 6.239121338724124399e+01 5.412053396349706702e+01 4.010892394126128835e+01 5.450147271069050703e+01 7.455386687622294062e+01 8.004686762058312866e+01 6.480068921362889967e+01 4.419090846415522122e+01 5.888947354722391481e+01 7.907321166992578299e+01 7.682196041926556518e+01 6.839407926105037916e+01 5.950913206411211576e+01 4.941405436963309938e+01 3.259910964410607903e+01 3.313486182381352307e+01 3.367637925701356494e+01 3.423137547917923484e+01 5.452189791772904925e+01 6.360934362792128383e+01 5.983541781860449760e+01 5.983541812942601013e+01 7.980216457970458066e+01 9.085024722257789165e+01 7.085675527112158534e+01 5.911932194101972016e+01 7.930699989860853805e+01 7.445714504879050821e+01 7.169655684991583655e+01 8.188999807126813835e+01 6.937683950571998537e+01 7.808734786557978680e+01
4.278693492929335918e+01 6.291794122025606129e+01 6.215629594198515662e+01 6.215629594198516372e+01 5.428521727543738251e+01 7.283501486970142480e+01 6.861084004233229905e+01 4.923101349649736136e+01 4.843554330964500565e+01 6.861147095075510549e+01 7.177284234509099292e+01 5.144570183593813084e+01 6.480068921362889967e+01 5.888945087667958944e+01 7.907036569558064798e+01 8.174716022645091584e+01 7.020022114478295805e+01 5.732976734536987351e+01 3.701609988403794915e+01 4.397962160218390437e+01 5.262086038430705770e+01 5.399334177096672249e+01 5.454719869507868424e+01 3.502455066744526135e+01 5.534215937297813781e+01 4.544439407602849457e+01 5.983541788367769243e+01 7.980212447154923439e+01 9.354770526975968892e+01 7.490168967203639738e+01 5.459492981944596579e+01 7.037578011571270054e+01 5.446518359845724433e+01 5.752576888983202963e+01 6.226348215069061354e+01 8.188999813864009525e+01 9.349168770345065127e+01
5.960659507417661018e+01 7.121024049103436937e+01 8.100733823085843710e+01 8.070858281871991835e+01 6.727463419749614104e+01 8.070858281871991835e+01 7.757352693546334876e+01 6.097434524641265341e+01 5.490456894807714860e+01 7.495057450585119341e+01 7.716777828488091018e+01 5.698178153330209028e+01 7.716777049619230411e+01 7.907044696460509670e+01 8.732057503684229971e+01 7.356774718939935553e+01 5.346325727593429633e+01 4.163232320596642211e+01 5.732976734536987351e+01 6.317037950032030125e+01 6.991622021658027109e+01 6.440062877718800394e+01 4.414691323104229070e+01 5.534288680822688633e+01 3.582944737388103817e+01 5.614190736418528616e+01 6.472775291430892253e+01 7.696476936859669138e+01 7.566835495092601604e+01 6.483763112773102932e+01 5.027916931138886980e+01 5.024070294424239336e+01 7.037578012529674254e+01 7.738573109725905397e+01 6.358716106359486275e+01 6.879412467163119516e+01 7.425161696361661257e+01
6.388126621356877166e+01 6.492500692404914275e+01 7.315651594600147689e+01 8.206256446041304287e+01 8.597811775872611406e+01 8.483908915270565387e+01 8.902526833045695298e+01 8.088623678155248342e+01 6.210619744851857149e+01 8.197539758110264074e+01 8.542148698736187384e+01 6.610645147026669122e+01 6.982724200116592783e+01 8.979907374485449623e+01 9.100205067680319360e+01 7.126029404368408393e+01 5.699910644155467310e+01 4.514090068958823565e+01 5.964376103859135725e+01 7.987398946118058518e+01 7.512332889373803368e+01 5.506299384557198096e+01 6.440062877743362435e+01 6.435958093116778400e+01 5.023448353645167685e+01 3.664130991588066877e+01 5.049044838477703223e+01 6.530955250856609950e+01 5.559486771096843682e+01 6.354922639443839216e+01 4.624945718385261273e+01 6.656054053433005890e+01 7.037578012529675675e+01 8.995974186004221451e+01 7.113649706864079292e+01 8.815545201290684929e+01 9.349168770345065127e+01
4.560977980467573900e+01 4.575851287507990151e+01 6.491639008832655122e+01 6.271444284603024499e+01 6.852953512867371444e+01 6.497389532140314827e+01 8.488488205672069853e+01 9.010346595193601615e+01 7.214128348255671597e+01 9.010346595195805719e+01 9.435421373868068429e+01 7.771271971759861685e+01 8.398111051679008199e+01 9.803749170589605910e+01 9.161651024519294140e+01 8.344674668076409318e+01 6.935112662169683517e+01 4.903289392108529654e+01 6.346605695101064271e+01 8.285710857927971063e+01 7.512332889373803368e+01 6.933034589298608807e+01 8.328771517874444896e+01 7.834258097503848717e+01 6.513668212947307268e+01 5.693671835184149899e+01 3.745320988478022173e+01 5.748256044175874990e+01 4.116517483093839047e+01 4.323036463211013114e+01 6.354922639439454457e+01 5.545398072460830008e+01 7.554593616943643042e+01 9.424432647867365631e+01 9.045996181242044543e+01 8.336653696852856399e+01 9.696952735052644812e+01
3.245936746241626736e+01 5.099267864166436937e+01 5.756232217726845590e+01 4.999962427110202867e+01 5.000832291614305092e+01 6.853497062013902053e+01 8.443459260926351817e+01 9.992730974998927707e+01 9.180951167964867921e+01 9.992730975019938455e+01 1.058351463015866187e+02 9.759646582693871153e+01 1.038448793859902395e+02 9.738476732314592255e+01 7.767342959223135779e+01 6.346889858876200208e+01 5.615737344056286418e+01 6.090299579655343365e+01 6.352332231766319381e+01 8.358114010194334753e+01 9.485642869821494116e+01 8.910882702074985673e+01 8.378253779849765692e+01 6.385162651690929891e+01 6.074032060019357004e+01 4.047460584866743005e+01 4.369378077152627782e+01 3.829262137664375132e+01 5.858670151980405905e+01 6.346258284189787702e+01 7.167447710277188833e+01 7.554593616943643042e+01 6.633719752053147545e+01 8.038388011321981708e+01 9.997033737818472332e+01 1.026660380143225950e+02 1.107765408090823485e+02
5.130477667143743048e+01 3.450666092585100841e+01 4.575694410147886515e+01 4.095300549641675047e+01 5.781438344370645410e+01 5.713685630811727378e+01 7.624057735393722623e+01 8.040182312711404222e+01 8.864758045492575889e+01 9.145030850299528424e+01 9.599691422339213887e+01 9.621307891998047523e+01 1.045257122129965381e+02 9.953651655391449538e+01 7.983065341757905742e+01 6.826066173427489048e+01 7.057116409047962691e+01 7.510530815300515428e+01 8.362029661677364345e+01 9.204025871744822496e+01 1.025384198466596786e+02 9.285430171896051377e+01 7.801408193930168977e+01 5.798534556457001088e+01 4.353966370969792621e+01 6.076217003590267751e+01 6.491389091050687910e+01 5.858669975782580508e+01 3.916618955258647361e+01 5.585141416507946133e+01 6.765978212473184783e+01 8.197107657143153858e+01 8.612062062670750606e+01 8.612062062670752027e+01 1.057092454081514745e+02 1.027250655119723319e+02 1.025443956968013737e+02
