LEM/sinusoidal_perturbations/elevation_000542.asc
nrows	100
cellsize	150.0
xllcorner	0
ncols	100
yllcorner	0
NODATA_value	-9999
[rows 68 to 84 of 100, columns 0 to 36 of 100]
5.009162696260268353e-03 2.000500916259510831e+01 1.050796425386501021e+01 2.070310898010490774e+01 3.662456853702384052e+01 5.909770767467927755e+01 6.812020117803332653e+01 5.326729902997580979e+01 3.330668221887437852e+01 2.370864192199931608e+01 3.810610704187799058e+01 2.607188917063547606e+01 4.556354072745568118e+01 6.279485736914577387e+01 6.265521565421547479e+01 3.600552378544561805e+01 1.979182800705329015e+01 1.509956557273316946e+01 9.266427235292937326e+00 2.638992523557876524e+01 4.506754675358762796e+01 5.205414846467851220e+01 5.869826380457604387e+01 5.248389173726027934e+01 6.119143401975181717e+01 7.333083075266017659e+01 7.682607180003790859e+01 5.767335100017756133e+01 4.407583708533224609e+01 3.846172481775259655e+01 1.830869278203540773e+01 3.817994266388571845e+01 4.178586970092674591e+01 4.969429973645715393e+01 5.606570640925964710e+01 6.231825343325024136e+01 5.645406003237167170e+01
4.695337527364121070e-03 4.175228796626233141e+00 2.422077550037264970e+01 3.898554714338572325e+01 4.999757886090351633e+01 4.834584659954155228e+01 4.980559966218577728e+01 6.105290443578154935e+01 5.144337949071459803e+01 3.810610695204787390e+01 1.865021881905290613e+01 3.810610704187789821e+01 5.381603359787005303e+01 5.513596324412376504e+01 5.466614408662076130e+01 5.310531939740243246e+01 3.785946824658338272e+01 8.796744347940222752e+00 1.599043308733940982e+01 3.010875903592333103e+01 3.500717881853660174e+01 4.653427115929063973e+01 4.357518842411968052e+01 3.183043010250913696e+01 4.359550355756234552e+01 6.462565577231750069e+01 7.047600926049621251e+01 6.012810030076560253e+01 4.917916389623937334e+01 3.324118118028837188e+01 2.394549439043756678e+01 1.896903233160181657e+01 4.360988015409334650e+01 5.014241569406845400e+01 5.548486761156874536e+01 6.373308757359561838e+01 7.647566867403010349e+01
7.614146464036155443e-03 2.000761410293069886e+01 3.195908007957198649e+01 4.346233703597577147e+01 3.632026424596275405e+01 3.008735117443790941e+01 4.491904454770457278e+01 4.770702505638615065e+01 5.091023891457542305e+01 3.525915285212638395e+01 1.574207530902928376e+01 3.525915341410108539e+01 4.949820682584415721e+01 3.577972567818559924e+01 3.752074615296422166e+01 5.602777781191487350e+01 4.148470260740360516e+01 8.464684114380730762e+00 1.194722155015341691e+01 2.770119796166103399e+01 2.579724604400756860e+01 3.530867500502841239e+01 2.291551138003334387e+01 4.357518842412059712e+01 4.630998347209205690e+01 6.738895204977517039e+01 6.258231870885096271e+01 4.512756800429518478e+01 3.642456025644324313e+01 3.134756058374693310e+01 3.428773671699071457e+01 1.943713588112931490e+01 4.018746504236942485e+01 2.795314324669663719e+01 3.411506323765765814e+01 5.548486761156874536e+01 7.076927144626381505e+01
2.352828262072654761e-03 1.842048514058799213e+01 3.047920347036868804e+01 3.426602777344140804e+01 1.358608725167941245e+01 3.339567448287469631e+01 2.163448804134441517e+01 2.593125545853065361e+01 3.659348795346197392e+01 2.287220329009345932e+01 1.287636525230683127e+01 3.249061064754576478e+01 3.273922963383911622e+01 2.184541071052311523e+01 3.577972719931442214e+01 5.513631011078555844e+01 4.521015903865193764e+01 2.674782161792852264e+01 7.993748386794411687e+00 2.377357659386980870e+01 1.745320993956374878e+01 1.501338488818855055e+01 2.714529311830127867e+01 4.756770189881889621e+01 6.738895216323018644e+01 7.606851171949664092e+01 6.501614565385487765e+01 4.732256568975127919e+01 5.244791394307989663e+01 4.745473086520887307e+01 4.082265467645203927e+01 2.395539998894524913e+01 2.010826423996510570e+01 4.295386603222010535e+01 5.548486761156874536e+01 4.383935778654752369e+01 5.088716076367879992e+01
6.786455232800275850e-03 1.929661405268826968e+01 1.669358094497856726e+01 2.390179950095824069e+01 1.519210241471545153e+00 1.931730252492542377e+01 6.863227895171227999e+00 1.934290883620182555e+01 2.589602669623835851e+01 8.730733538432568608e+00 2.753799199161567302e+01 2.549554014654474798e+01 1.279816747127690491e+01 3.273478968873338601e+01 4.858299091614271248e+01 5.319416797645968131e+01 3.528220017748409987e+01 2.240231438312552115e+01 1.431872974168564383e+01 7.520426536591834576e+00 8.607180871619473095e+00 3.156527197952289399e+01 4.432206468992810500e+01 5.616323973146350568e+01 6.445064942999344737e+01 7.265916874463707131e+01 7.293775590031172840e+01 6.501616165799592295e+01 6.118019835338919421e+01 4.819385711834899411e+01 2.911410737831976903e+01 3.271334442207815130e+01 2.058947626632495442e+01 3.642426643940063968e+01 5.896345165219977957e+01 6.414190121873544115e+01 7.076927144626381505e+01
3.257643153035955173e-03 1.101161214381452780e+01 1.632689408994376024e+01 1.074426081568794711e+00 4.040503342018830324e+00 1.963033339817133793e+00 5.752124985019941406e+00 1.476920935140069879e+01 1.085007617962216564e+01 5.812533014017861710e+00 7.643379801104034144e+00 5.316443258287039342e+00 1.887740821659118140e+01 3.605691501390232645e+01 3.782120903306949344e+01 5.451996322142731088e+01 4.367387613104982336e+01 3.342781784599802108e+01 2.410988870791761229e+01 7.185406256705866745e+00 2.849146580765461323e+01 4.303182321670810495e+01 4.558305923863749598e+01 5.031559034650741324e+01 4.446582342850351210e+01 6.444987281856792549e+01 7.733171906215106617e+01 6.686141299552480177e+01 4.759269166407293028e+01 3.511005629020788632e+01 3.686885400296620929e+01 3.988503027428287595e+01 2.107542592233762946e+01 4.145197228328372319e+01 5.619270421218826073e+01 6.480555858872882879e+01 7.493132903336288564e+01
1.880098487986705483e-03 3.158011713866608616e-01 6.297609366225299654e-01 6.583873453903393624e+00 1.735160635066699442e+01 1.689826389885302760e+01 2.402006053459411206e+00 2.707812594713485232e+00 3.006632297767947826e+00 3.297166685793332608e+00 3.581081710114282668e+00 3.859523160465755609e+00 2.275654023284496219e+01 2.004437545253634312e+01 3.337128065278582767e+01 3.960309148689420056e+01 3.590896514633418946e+01 1.816644083968121848e+01 2.042519734521973618e+01 6.819291616795100097e+00 2.975458511316225696e+01 3.912339242673750306e+01 2.465167635282125147e+01 2.968704261568572633e+01 3.919591228862460497e+01 4.942034648239405215e+01 6.919852817714763660e+01 6.436018505118825317e+01 4.509317130312054189e+01 5.323447283003890362e+01 4.106137859731592243e+01 2.549119706672306407e+01 2.156485224725859240e+01 3.571110550500809921e+01 3.659929697082817057e+01 5.657609094715535036e+01 6.482801103973788770e+01
2.900726248362994839e-03 1.891349621846209672e+01 3.424780352846776399e+00 1.044695576222918731e+01 1.391896154073846681e+01 2.343392814307704697e+01 2.582720829601371548e+01 2.316012916416184098e+01 8.599920289871066714e+00 1.919792053382175823e+01 1.304258344251015878e+01 2.339155763798744303e+01 4.257223138664033790e+00 2.303374410481437806e+01 1.588983920241705583e+01 2.448385106065783745e+01 2.387992378439539110e+01 7.860004406614494954e+00 6.375851733133476529e+00 6.502172496470262075e+00 2.846592171531747084e+01 1.793429080278128751e+01 3.912347320646138371e+01 5.031559034650741324e+01 4.097840095452218634e+01 6.103790108130927905e+01 7.733171906215106617e+01 7.228219987427982574e+01 5.618432454030587309e+01 6.834251971736370024e+01 5.869207728286128400e+01 4.827557186666795275e+01 4.158823029510229219e+01 2.225943749691697704e+01 4.224038628685360663e+01 5.714161840984905183e+01 5.199399653074565464e+01
5.081304048347549951e-03 1.864767564130295341e+01 3.303113324300722553e+01 3.166470761830616709e+01 2.584123903235125397e+01 2.978621860315452352e+01 3.625581475260464259e+01 2.088197790741776316e+01 3.009556154032481246e+01 2.109581670022188860e+01 3.233224658325222123e+01 3.061163408952385012e+01 8.360073228775691589e+00 4.668480660301725926e+00 4.967994723749664665e+00 5.275185207269526444e+00 5.588310722253473806e+00 5.910520579221479665e+00 2.120883823972870275e+01 2.818332367747766654e+01 1.205757345742565789e+01 3.313025900750460551e+01 4.748045414108443651e+01 5.778714221075636459e+01 6.103790108130927905e+01 5.526601545509539903e+01 7.497296005536065877e+01 8.338809104084573676e+01 7.552861820685009775e+01 6.628623392355530086e+01 5.810835506370159464e+01 5.152119280412739499e+01 4.319027944444427902e+01 2.274991119591642530e+01 3.023903216340510980e+01 4.639910316620272823e+01 3.235581252516933404e+01
4.469920835086939326e-03 2.000446992083473319e+01 3.617293952177195848e+01 4.554918054962612928e+01 4.879645497787215902e+01 4.887120385942861844e+01 4.709483978920246727e+01 3.195439731534733596e+01 4.776069605478672742e+01 3.443648341607640617e+01 4.879506526948033951e+01 4.097951099328098223e+01 2.746852795227186661e+01 9.289327067985395203e+00 1.486238701274638885e+01 1.757194741086203038e+01 2.512890271433695943e+01 5.807605588165195343e+00 2.654980434701068504e+01 3.963651514793772179e+01 3.313025900561902404e+01 2.066125208496706378e+01 2.886288822946549359e+01 4.105361646058470626e+01 6.116234111878968349e+01 7.497296005536065877e+01 8.313932836021609774e+01 8.346752281925863315e+01 6.367498996042208148e+01 4.979004163681502604e+01 3.848845498583466451e+01 3.157442180766936701e+01 2.580140991366826597e+01 2.323812095887739915e+01 4.310617167566455521e+01 2.813424143520224519e+01 4.774800953348172072e+01
2.324776005098761877e-03 8.154011436182171835e+00 1.803316424251643824e+01 3.146587870743593385e+01 4.999131554984428760e+01 6.189547899812382070e+01 5.880443288607761332e+01 5.115142377755747560e+01 5.883790955818007262e+01 5.486362701811302856e+01 5.254176458792107951e+01 3.546340340702772664e+01 1.573882513825065743e+01 2.826944132511308538e+01 3.159014444697568180e+01 3.478048395724485431e+01 2.803332576683183675e+01 7.848672784138126524e+00 2.214191184567278370e+01 4.236476829306700864e+01 5.005679172083389261e+01 3.307291147547915244e+01 4.955256352360213867e+01 5.778714221089785497e+01 6.933156729815853225e+01 8.334998736664992691e+01 7.503096180022775741e+01 8.334998736664992691e+01 7.420776858624647332e+01 5.449127525543586614e+01 5.168380821346850240e+01 3.168159205453745741e+01 4.549369363406510303e+01 4.181576172409010184e+01 2.392824752270846389e+01 3.245186215225076154e+01 5.072496633943305966e+01
8.699724428260374037e-03 1.415083534815933497e+01 3.415083534816003663e+01 3.992462712685799886e+01 4.820734720107744664e+01 4.189963988104972259e+01 4.876730880760675291e+01 5.703833424574470001e+01 6.702138444735584244e+01 5.962194643858386200e+01 3.835196294931481020e+01 2.358591084555219552e+01 3.546340340703120120e+01 4.410936036129722027e+01 4.529667835286652178e+01 3.710133473861887410e+01 2.950550369224106717e+01 9.294725571295312960e+00 2.951607044973524552e+01 4.035109672814768089e+01 5.097669592696890106e+01 5.356195759722461247e+01 6.177396741440344385e+01 6.342277289051303768e+01 7.173489305778650760e+01 6.917770797024265050e+01 5.503826669992921694e+01 7.334243113932612346e+01 8.242080595777052565e+01 7.011223982011958356e+01 5.043665346528952398e+01 3.652899479880218081e+01 5.616782595151761370e+01 5.172681301873419102e+01 4.389430423241847734e+01 2.461982897699502360e+01 4.456120217880445722e+01
2.249585233037712084e-03 2.000224958523268270e+01 2.552085776819728125e+01 1.992513152348056948e+01 3.142776738931115332e+01 2.775793402652032782e+01 2.878519724978692196e+01 3.878505446941586143e+01 5.877230006262738016e+01 5.962194643858386200e+01 3.835196294931481020e+01 4.000537785334707763e+01 5.324705049304910176e+01 5.110104480127208149e+01 3.712490031713055316e+01 1.695009916793100047e+01 1.315800657376447447e+01 2.951607044969408378e+01 1.177361725024646155e+01 3.203741697758312057e+01 3.091651527469451111e+01 5.097669594384451841e+01 6.018689852700161680e+01 4.346850368497953809e+01 6.019279089677896621e+01 4.920932149179758852e+01 4.508079907040927736e+01 5.917642954548520606e+01 7.917678287130232206e+01 7.521508609699233716e+01 5.545184744840766911e+01 4.171717307431782729e+01 6.124036603037004767e+01 5.285275326303814580e+01 3.575049324605802781e+01 2.510517067211134190e+01 4.438377529316858272e+01
2.739267172789772273e-04 2.747485205691053700e+00 5.520986186817187225e+00 8.378129043960020894e+00 1.142810045061208868e+01 1.809476711104974811e+01 3.809306647159665005e+01 4.922425721155933331e+01 6.702138444735594192e+01 6.814213817909323723e+01 5.962194643858386200e+01 6.370281511136798258e+01 5.729479262745631729e+01 4.285155187337561244e+01 2.285195386871130552e+01 3.712490031713859651e+01 1.733011682259214581e+01 3.754785048619879717e+01 3.203741697759189577e+01 1.434266866786322225e+01 3.459762699200764047e+01 3.937336952107739307e+01 4.154480202819798507e+01 3.193348604011950798e+01 4.822115423492442687e+01 3.512507913427033657e+01 4.402991468342812453e+01 5.552910394037621700e+01 7.552441777495565134e+01 7.179708312849862750e+01 5.204727387335079669e+01 5.289092404881414211e+01 6.942683956858077465e+01 5.888273221586831596e+01 3.945237050524036704e+01 4.494612685491551218e+01 2.578432898029476661e+01
8.327778614586212741e-03 2.000832777861423040e+01 2.552085776819723151e+01 2.252024347122470616e+01 3.142776738931115332e+01 1.677332528879259499e+01 2.094361356969395871e+01 4.094296797645459662e+01 5.571203413532703763e+01 6.725581444069609915e+01 7.212814449271077422e+01 5.255168391778477854e+01 3.897779935197426227e+01 2.923731131136636563e+01 4.285155187337559823e+01 4.583632701691218614e+01 3.754785048625620902e+01 2.382137550615922095e+01 4.185677234657740087e+01 2.843519944700437208e+01 1.700708612674644371e+01 1.918550333376294859e+01 2.140521678168004982e+01 2.366238879535528383e+01 2.822510922578422665e+01 4.822122877793037077e+01 6.335342543426598638e+01 7.229007178287295687e+01 8.385342911323519388e+01 7.998710197176711745e+01 6.188263712488637225e+01 7.264591588459968818e+01 8.083493376317368018e+01 6.767670309088111935e+01 5.939889577096344198e+01 5.390164476047083753e+01 4.570141725066466876e+01
6.510866554257996840e-03 2.000651086655390287e+01 3.829322473022487117e+01 4.251902287316360685e+01 3.677290164850182919e+01 3.091541650680929365e+01 4.094296797645459662e+01 2.743247037815597977e+01 3.897944298974908151e+01 5.897725957690690990e+01 7.465040335324509613e+01 6.645258326660169246e+01 5.434598136250117051e+01 3.456046914611495424e+01 5.434598136250117051e+01 6.022848447620011569e+01 4.027740113661863575e+01 2.893884937703644766e+01 4.869367533714272867e+01 4.061595188492646002e+01 2.089177502768297856e+01 3.937336952017742675e+01 4.154510486847528483e+01 4.375000773075252170e+01 2.755913580250695105e+01 4.756497077293798981e+01 5.980568314177869382e+01 6.873603203797073036e+01 8.029420476966733133e+01 8.988876258588308588e+01 8.171152913211108171e+01 8.988876258588308588e+01 8.765999443583228867e+01 7.611286913993410508e+01 6.463694182701878788e+01 5.128274510505410433e+01 3.135907755375654915e+01
8.953482861371391335e-03 1.000895348286145925e+01 2.415108910659266073e+01 4.415108910659336772e+01 5.677080330557887322e+01 5.091516762987869527e+01 5.571203413532703763e+01 3.897944298974908151e+01 3.637673772812619433e+01 4.637667635659036591e+01 6.637335823976412996e+01 7.058338585912149199e+01 5.069670797717500221e+01 4.152761744696566382e+01 6.135657737808740819e+01 6.851452549258897307e+01 5.430572764146774034e+01 3.436744460003445312e+01 5.430572764146774034e+01 4.772482869597438793e+01 2.769836618498972669e+01 2.789330232121568187e+01 4.791762835861518255e+01 5.585199356750636923e+01 4.756497077293798981e+01 3.157069331851991123e+01 4.049578922633826039e+01 5.198257921806002457e+01 7.196625204879892124e+01 8.169801998315277558e+01 9.172653364289331535e+01 8.765999443583228867e+01 6.782712023556705105e+01 6.790509855191129418e+01 4.800270289802281098e+01 3.653945658636006755e+01 5.128274510505410433e+01
