LEM/sinusoidal_perturbations/elevation_000401.asc
nrows	100
cellsize	150.0
xllcorner	0
ncols	100
yllcorner	0
NODATA_value	-9999
[rows 51 to 67 of 100, columns 37 to 73 of 100]
6.442315581058798557e+01 8.442428302329595624e+01 9.975698788404464779e+01 8.148778163919541839e+01 9.975698788404464779e+01 8.811707529557465080e+01 7.655835368250019712e+01 6.827619381413703081e+01 5.145678202989866890e+01 6.569977183161689993e+01 8.437111273126588173e+01 9.357247215015225095e+01 7.702211592183277844e+01 5.668394717312960296e+01 7.702211592183277844e+01 7.399218259435106404e+01 9.413594603426501806e+01 1.125533256652037579e+02 9.843148808567521257e+01 7.843076965658748634e+01 9.843148808567521257e+01 1.118806708026112773e+02 9.819438004197249370e+01 8.736132640532306937e+01 7.724581686375725553e+01 8.264949523286678357e+01 9.476517288692923557e+01 1.104120964743455744e+02 1.229134320727337553e+02 1.043374684870515949e+02 8.410372078864160983e+01 1.032630222776389814e+02 1.118382144365096735e+02 1.032733567228175247e+02 8.467797567746265486e+01 7.597064065207065653e+01 8.717040620734319134e+01
8.113976268456207208e+01 9.267270895234531736e+01 9.223004992562532323e+01 7.302824978738561867e+01 9.223005601248603114e+01 7.984927070565890972e+01 5.980411387219603370e+01 4.815915160230579062e+01 6.827619401401119603e+01 7.983425100732156920e+01 9.396873014233250387e+01 8.526943468307689500e+01 6.502999767633568240e+01 5.330472120867492691e+01 5.962208422534757801e+01 7.137067094438684478e+01 9.153271705892849752e+01 1.043927157318019994e+02 8.446758288360433653e+01 7.282314266491373189e+01 9.288893491825595561e+01 1.038535799707833860e+02 8.254888274779203527e+01 7.492303039044175250e+01 7.051535981483633009e+01 9.048437897188918555e+01 1.043015030717877352e+02 1.113217819387617453e+02 1.195422325673846871e+02 1.136950769882305963e+02 9.896989599021091522e+01 1.136950770071397159e+02 1.296350178879643238e+02 1.115419254439822652e+02 1.020440849074729641e+02 8.606450659101577116e+01 8.843967198417726649e+01
6.971360263841359028e+01 8.966780003475309968e+01 8.592675446867528422e+01 6.648624649302975342e+01 8.592675446867528422e+01 8.023079105161153279e+01 6.018203386353030027e+01 4.593438065771677259e+01 6.605417888637427382e+01 8.377631782134183425e+01 9.559770638867489367e+01 8.729907148156719643e+01 7.033675163390826413e+01 5.015340775819765184e+01 7.033675163390826413e+01 8.820761270780798213e+01 9.982338429035981164e+01 1.022757778847255281e+02 8.231629370898151876e+01 6.806367565981334167e+01 8.196301577486407552e+01 8.902866540188631461e+01 8.077660545401995762e+01 6.525008935400724397e+01 8.525957212362750681e+01 7.837085802590202377e+01 8.440348997216169380e+01 9.146543476812571782e+01 1.029460943648813895e+02 1.227631839388307782e+02 1.198742504379299021e+02 1.238584806312935740e+02 1.099154233896942117e+02 1.171623682659368768e+02 1.130683632067968745e+02 1.047825111995881286e+02 1.073407385175235476e+02
8.381542706068792370e+01 9.411902646541966533e+01 7.468622352112296880e+01 6.076067412817349123e+01 8.037945254137467543e+01 7.804248089030141955e+01 5.800737091572663928e+01 4.376392421798893650e+01 5.539968307101447920e+01 7.547580856022344165e+01 8.729907148156729590e+01 6.710689133656178740e+01 6.751043566409759933e+01 4.741469684888747338e+01 6.751043566409759933e+01 7.791145427966469583e+01 8.623002763182397246e+01 9.630078338538099558e+01 9.354177174246919435e+01 7.348677808583059345e+01 6.185351367777801812e+01 7.649218585440877405e+01 6.071577752742668110e+01 8.077660545401995762e+01 9.348633748334336246e+01 9.830202638769452506e+01 1.043015030717877352e+02 1.113217819387617453e+02 1.195422325722123702e+02 1.309918742539350376e+02 1.253414833968076891e+02 1.156911588959885790e+02 9.583208559599515297e+01 9.731866662131183432e+01 1.044265333390147106e+02 1.108980851111744244e+02 1.191639285898694709e+02
9.934940928843917618e+01 7.984550197057920684e+01 7.551744372740564870e+01 5.577925735593005641e+01 7.551726918723332460e+01 7.606362595019922423e+01 5.590951014668758035e+01 4.166600621555374317e+01 5.886340369710639919e+01 6.714285342465349515e+01 7.876900658252523613e+01 7.302104397409357261e+01 5.282410065482874018e+01 4.474387205958669966e+01 5.097665509839374920e+01 5.764923996826227182e+01 6.781638464532643695e+01 8.800652391400292629e+01 1.017595414858818970e+02 9.021723618926203869e+01 7.649218585440294760e+01 5.642815702738588612e+01 7.649218585440877405e+01 8.002034846006905866e+01 8.712826347852906395e+01 9.537503809119766629e+01 1.053628011735563064e+02 1.180952446563752858e+02 1.098986311390574429e+02 1.180952446563752858e+02 1.113403228725316438e+02 9.733916234825542801e+01 1.031311781263770229e+02 8.300344262320916755e+01 8.486307680700963374e+01 9.156557368974162614e+01 1.012564943590949582e+02
9.366943684461256225e+01 7.411944066039215784e+01 6.011721544291957997e+01 5.121212738059423941e+01 6.545134524845374813e+01 7.358681705271293083e+01 7.009735876893228124e+01 5.887787515945512951e+01 3.876002802202577158e+01 5.038770024147029858e+01 7.048438167378623120e+01 6.752631300824582183e+01 5.919533981714514681e+01 4.239625850309904820e+01 6.239828885039101181e+01 7.791145427966468162e+01 8.623002763182397246e+01 9.630078338538099558e+01 1.002644713096237155e+02 7.799625170221084147e+01 6.310228202633580707e+01 5.415185999741107992e+01 7.103746359781550268e+01 5.993399843573313035e+01 6.702403301795906998e+01 7.711314115587464357e+01 9.714338580118334221e+01 1.080876299932267557e+02 8.978943588911856466e+01 1.080876299932267557e+02 1.031508213001500565e+02 8.305640288497890822e+01 9.044199521048575718e+01 7.617582729997701563e+01 9.641960265806497432e+01 1.108980851111744244e+02 1.191639285898694709e+02
8.804800759739768523e+01 7.666103799215878212e+01 6.852323053621741167e+01 6.545130422758261091e+01 4.561780921666882449e+01 6.545098153211218062e+01 7.110667262932814481e+01 5.101382786909146461e+01 3.677323030846176266e+01 5.664740917666154729e+01 6.403807224980938884e+01 5.611090516765034408e+01 3.920626935087768317e+01 5.919533975470534415e+01 5.498583578348673484e+01 6.924670877847199790e+01 8.941319489062959747e+01 1.012232274030595391e+02 1.033930091906096607e+02 8.357076687467399267e+01 8.238013137376206885e+01 7.103746288611166904e+01 5.110777184868040735e+01 7.103746359782068964e+01 8.544840206534478000e+01 9.537503809119766629e+01 1.053628011735563064e+02 9.984403351408799665e+01 7.957036539017377663e+01 9.984403351408799665e+01 9.364263333336667472e+01 8.533082943831043110e+01 7.015696509809542647e+01 9.044199521048528823e+01 1.046461303829464100e+02 1.113991612299737568e+02 1.197388057317392338e+02
7.995344236050979703e+01 6.015574312465817286e+01 4.866343071408410026e+01 5.705702953108228570e+01 4.205705539448555896e+01 5.695709242010210005e+01 7.572865535143881743e+01 5.450785646338662360e+01 3.482206331653848252e+01 5.067535796555250016e+01 5.312778081421844689e+01 3.611086096298076598e+01 5.022407958836477349e+01 5.919533981523873223e+01 7.515333580591652662e+01 8.347732727445938394e+01 9.533907480140044299e+01 8.122293688271906831e+01 9.533907480140044299e+01 9.115586817912792128e+01 7.406909017032343456e+01 6.899332477339424941e+01 4.914122529135111250e+01 5.713292664464232473e+01 7.130940403893968949e+01 9.136196939987637222e+01 1.073363982598786635e+02 8.718349561563434236e+01 7.275338375688336612e+01 8.478532947284999466e+01 8.240109970262881234e+01 6.498973210101843279e+01 6.757115218721246208e+01 8.790349544827358841e+01 9.435385530372582252e+01 9.080090060088552661e+01 1.079450359388950034e+02
8.249942199116037500e+01 6.273410380044401791e+01 4.866343071382087260e+01 3.726825257726854801e+01 5.705712369404328399e+01 7.000180821553021815e+01 7.511544945913281879e+01 6.461177944593129041e+01 5.224822578237462523e+01 3.211613732098415142e+01 3.311427433023238365e+01 5.312778085934643002e+01 6.443595197448007639e+01 7.864782436059023496e+01 8.763906054963662484e+01 9.579575367136780528e+01 8.639865720631799206e+01 6.706699196639574723e+01 8.411891744360693224e+01 7.583973938821968375e+01 7.249449874483438805e+01 5.579186760238453502e+01 4.725162513781958040e+01 6.706212641350478521e+01 7.718263663332795943e+01 9.718920867201417479e+01 1.111381433338258233e+02 9.692398640114227248e+01 8.478522834700130772e+01 6.443202381228503839e+01 6.205829581091260394e+01 8.240108924361220488e+01 8.790349298363820196e+01 7.131599396572964622e+01 7.406189431901292153e+01 9.435383499487538472e+01 8.839387873898664338e+01
6.783084785540332007e+01 6.817997613341846375e+01 4.832978865724906825e+01 3.427958248382333295e+01 4.832978865738689223e+01 6.817997666627240960e+01 5.570914901990748547e+01 5.592467783950552018e+01 4.790051142337045320e+01 3.024082889982265954e+01 5.035549021054801955e+01 4.863169964245219745e+01 7.043511750694371187e+01 8.375642578913959824e+01 7.535968162564454076e+01 7.535967775168668936e+01 7.813040068298735719e+01 5.825795154987257973e+01 7.584083842476380255e+01 5.588764686363514045e+01 6.173103371820533170e+01 4.460029560304543139e+01 6.432521892633765503e+01 7.536039690777448641e+01 9.231809575788803102e+01 8.399150466982798946e+01 9.232079889357011382e+01 8.270826127095926950e+01 6.828585688046230473e+01 5.919593817859504270e+01 7.953012165277853285e+01 9.069410849364086857e+01 9.986875153209206246e+01 8.573516492780483134e+01 9.435384552320083174e+01 7.823328000495146739e+01 8.191515777217679783e+01
4.545245518811513108e+01 5.342723710650414404e+01 4.747595733302169663e+01 3.131764387249434733e+01 5.136582033610169873e+01 5.725582233769654295e+01 4.630010404812441038e+01 3.633104056068425081e+01 2.832755769226385212e+01 4.740272363284007895e+01 5.814119740924367363e+01 7.011464475192066459e+01 7.759283528965747223e+01 7.434680253684102524e+01 5.400433945975694172e+01 7.434763723022315673e+01 7.110441297400429050e+01 5.141288289020913993e+01 6.747626357303840905e+01 5.921495481255493587e+01 4.200735182960283964e+01 6.173099525264439080e+01 6.433456480621566698e+01 8.432044555790737661e+01 8.218967496303024234e+01 6.366931569895260168e+01 8.218984097065074934e+01 9.692044372692322440e+01 7.769227457953975602e+01 5.737876325327752625e+01 7.769227457953975602e+01 8.959215726400864810e+01 9.795411131178626363e+01 1.058594731297986868e+02 1.055598204926872228e+02 8.547806190290144457e+01 1.021007789419878691e+02
2.941650435158206989e+01 3.900457544554614486e+01 2.709841348220420798e+01 4.624861766233321703e+01 4.472475270033165629e+01 4.489011411966892950e+01 2.580069899012148227e+01 2.644723451205361897e+01 4.604817739007378918e+01 5.526510363745825316e+01 5.878503923026963918e+01 6.650036672633342505e+01 6.113776330932012826e+01 5.910945869573286870e+01 4.418164448170966097e+01 5.910383209668230364e+01 6.338018909246564192e+01 4.530289407846532157e+01 5.673541465810165363e+01 3.946408485106721287e+01 5.921495481255493587e+01 6.999721516330801308e+01 7.641169704311307953e+01 8.451112028258938835e+01 7.383025875401519045e+01 5.365642289051913139e+01 7.383033176356018146e+01 8.177399423352001406e+01 7.342216472022406037e+01 5.560072667207207076e+01 6.196744603636867055e+01 6.915969448115919249e+01 8.098654280568287334e+01 1.013555184586681719e+02 1.136772572719351473e+02 9.563583522434923623e+01 1.137151816347504081e+02
3.086264375122764392e+01 2.963543860113132311e+01 2.456659316633311718e+01 2.359205354900723961e+01 2.424272268525881557e+01 2.488579690366547936e+01 3.904913670900086231e+01 4.599005077715264633e+01 2.750031750084342619e+01 4.738968816408112872e+01 4.080408424577592541e+01 5.013776630241764565e+01 5.108122289169959629e+01 4.170467236842017655e+01 5.261978775213260917e+01 3.364494237936408183e+01 5.397777636523478151e+01 5.220958199772938002e+01 3.693991377398889142e+01 5.673531114697971844e+01 5.969676490304937744e+01 6.024331698578736649e+01 5.652576421628968006e+01 7.117877597063460371e+01 6.490099303867546610e+01 4.719426627599185764e+01 6.710600991420824357e+01 7.103714691140102389e+01 5.321844355767754564e+01 6.477992480439966982e+01 8.234786723247231066e+01 8.959238646659706262e+01 9.796450786935518806e+01 1.096920126112363363e+02 1.236068696161771925e+02 1.154863094136321564e+02 1.236202234624125538e+02
2.137244400328313532e+01 2.201551251800592723e+01 2.265946590924703585e+01 2.888738993461207372e+01 4.193018761455655152e+01 4.475506227335095844e+01 3.065270358433868481e+01 5.016140487013770155e+01 4.699502899967027503e+01 2.856032552389413226e+01 2.931502679815337231e+01 3.007746333281864537e+01 3.085288623253901719e+01 3.163478588441173045e+01 3.246526661082194920e+01 4.449237590683765831e+01 3.483583475446494759e+01 3.570515450880993313e+01 5.551244677264572402e+01 3.837975255364487737e+01 3.940147864722101190e+01 4.043409988301975488e+01 5.991966369088290634e+01 5.686255635521344232e+01 4.507049324579634231e+01 6.490394771758015224e+01 4.937773568983046601e+01 5.093439061678683544e+01 6.509229286506395340e+01 8.176629490210213191e+01 8.420756856469969875e+01 1.027554315038667028e+02 1.028802721332480843e+02 1.110533620381065987e+02 1.113277208718065623e+02 1.171603722226610529e+02 1.195074342664278788e+02
4.554038819607546174e+01 4.207036091645786513e+01 4.184861093454771463e+01 3.253775475819127649e+01 4.880891892047529268e+01 5.197891213253660680e+01 3.490292572852894182e+01 5.432184796401878657e+01 5.680013296211050999e+01 4.876137149644829094e+01 4.975687193574847100e+01 3.612890447647777137e+01 5.069607403026734715e+01 3.410980666822097618e+01 5.261962057421464323e+01 5.563424494527897224e+01 3.822309350360819735e+01 5.489407459471888728e+01 6.338510518330060961e+01 5.207150048153322786e+01 4.680984943755642291e+01 6.013055229260918111e+01 4.190109724477409969e+01 4.293702180365720977e+01 6.274715310403955471e+01 7.310968102906051058e+01 6.939861235055015243e+01 6.509229143385131522e+01 7.939957751501955840e+01 9.370885661583362491e+01 9.441867890492267179e+01 9.946167653758918448e+01 8.267244893023823238e+01 9.949299836913606043e+01 9.115832253796318696e+01 9.706580253749325493e+01 9.947131020739101359e+01
4.623722140086967869e+01 5.801799815944181660e+01 5.850888521577296331e+01 4.567498855126885360e+01 5.845771385331445913e+01 4.898498609796465075e+01 5.432421046040916934e+01 4.212543366240181086e+01 6.176896864189727410e+01 6.570164424848984197e+01 4.562236330973043152e+01 5.623678753989474899e+01 5.410736566920514434e+01 5.425080141386020216e+01 3.771886727828037067e+01 5.786512404427379863e+01 4.168348342832242537e+01 6.145628085586950817e+01 7.429856626315213930e+01 7.054482619745513716e+01 5.474012487178256237e+01 6.929728444939945575e+01 6.185131831956459791e+01 6.274715728827432315e+01 4.490892490722918495e+01 6.475452026139687689e+01 7.523282388246296648e+01 8.538888268927837544e+01 8.499886031586180479e+01 7.662257156773793554e+01 7.284960454627771753e+01 8.060052893561164922e+01 7.083549071762094229e+01 8.836729132389621100e+01 7.669004021605447008e+01 8.507279320124838762e+01 1.053397550755888972e+02
2.975348132200235796e+01 4.976608950757832872e+01 6.171841125902886915e+01 6.992811281514148902e+01 7.334770025491816625e+01 6.127467071438353940e+01 6.748398651441992513e+01 4.759762938834710866e+01 6.754551302216906095e+01 7.384579166133073613e+01 5.465100373613040574e+01 7.384579166134012951e+01 7.361660724076956797e+01 6.047148903647908469e+01 4.031237277265320529e+01 6.047279317370031748e+01 6.152053868959860949e+01 4.674406868751932365e+01 6.667495003471910309e+01 8.067305595044354050e+01 6.804641840051343138e+01 7.325729134601134263e+01 7.264676732735766507e+01 5.251466176739962322e+01 6.475160499836870542e+01 4.693756531347205652e+01 6.686371207841564512e+01 7.739220512315147005e+01 7.388736797359632646e+01 5.625497591746297132e+01 5.817857365627867949e+01 6.016868955783848349e+01 6.247368555203526341e+01 6.794372846136234045e+01 8.837754829104859766e+01 9.257798572735842413e+01 9.572778104843285973e+01
