LEM/sinusoidal_perturbations/elevation_000913.asc
nrows	100
cellsize	150.0
xllcorner	0
ncols	100
yllcorner	0
NODATA_value	-9999
[rows 34 to 50 of 100, columns 37 to 73 of 100]
6.762742500098329401e+01 4.777984858348793296e+01 6.762742500098467247e+01 7.216595940569122547e+01 5.221474782058569275e+01 5.221474782058569275e+01 5.375227390862809074e+01 5.286581907793031831e+01 3.839640099666333839e+01 4.124244261035052261e+01 2.866888981429151784e+01 2.230326310298803705e+01 2.265854883230439754e+01 2.301431595223937521e+01 4.037176519076771797e+01 4.664057236837921749e+01 4.020164877288413408e+01 4.482427554863193819e+01 4.524842652192425874e+01 2.558195287461597189e+01 4.582189694284653569e+01 6.226321863522765909e+01 7.096284218103163255e+01 7.012501923219490152e+01 7.049208653265198166e+01 5.824840995908355268e+01 6.460436057949648614e+01 5.589739269270110356e+01 5.084345518626914640e+01 3.140866554517725362e+01 4.443831109749793740e+01 6.392889761311965913e+01 6.024839658798011754e+01 7.679770707899434967e+01 7.025114287976714422e+01 5.236808563942530981e+01 5.505837774275561713e+01
7.590560451335578307e+01 5.918568140356695295e+01 7.590560451352619964e+01 8.048341243345835494e+01 7.216595940569122547e+01 7.216595940569263234e+01 7.371567797455206517e+01 6.656051696902970605e+01 5.417836918449806660e+01 4.411658148061000873e+01 2.414405470200727777e+01 4.049445902239673245e+01 4.270391428352097307e+01 2.485497726455481171e+01 3.525174323511072316e+01 5.027820119093973261e+01 6.069146846191713962e+01 5.001634893756470746e+01 3.193964827548658647e+01 2.599443549031779455e+01 4.622809028580284973e+01 5.490875447485912986e+01 6.166873820452741484e+01 4.641733678399579333e+01 4.609007568565180435e+01 4.512338353439947269e+01 5.570405971829761427e+01 3.342664610681883630e+01 3.120047644683411647e+01 3.163788099735482362e+01 5.131463724813502125e+01 5.845138650765623822e+01 5.003814882804218200e+01 6.877395520314350108e+01 6.269093026691243153e+01 5.447173608283969060e+01 3.556099333080346980e+01
8.744064518973371491e+01 7.915906120730200257e+01 8.379148604891837238e+01 7.558217696346308401e+01 6.852454270350159504e+01 6.250935755155326490e+01 5.699776473589769665e+01 5.477081217320903050e+01 4.602945598838918784e+01 2.602906294308510127e+01 4.412403251550078664e+01 4.961137111241649222e+01 2.995527082359753734e+01 4.521084177891198408e+01 5.392764478939518114e+01 5.863217395302783785e+01 6.413253276698938521e+01 4.443816036836897609e+01 5.001761620597185498e+01 4.594213637372499193e+01 2.660593947823885941e+01 4.679985294520013639e+01 4.792101972901068052e+01 2.839484392569488946e+01 2.886423052116290222e+01 4.892893666029383581e+01 4.969340835417861513e+01 3.058313491878325863e+01 5.029149580335165126e+01 5.118097728850131745e+01 3.225888248286400284e+01 3.931413880896685242e+01 5.297406852808881439e+01 5.341644471706039354e+01 5.385206639130932871e+01 3.489465297367451058e+01 5.293272026306707545e+01
8.480079995272345172e+01 8.707049193726410863e+01 6.717214670928545672e+01 5.562017278604939463e+01 4.857443050997189715e+01 4.260960053350761001e+01 3.717056802773868895e+01 3.600290514270670172e+01 2.796635817497415033e+01 4.021384890596899453e+01 5.427224754175309585e+01 5.879406241384177179e+01 5.030129542166853440e+01 3.613479079847466124e+01 5.645886535734283029e+01 7.138086465170211170e+01 7.306914872292769303e+01 6.460389776980264287e+01 5.717389179865682536e+01 3.722055454393472473e+01 3.128341004094817279e+01 2.724019232237256105e+01 2.772060774082910939e+01 3.746582323903362521e+01 3.967782529367709543e+01 2.951020739011890726e+01 2.995977391485761743e+01 4.071872506927839908e+01 5.703555574566292563e+01 5.856522252176951326e+01 4.596770254190003158e+01 3.288554816413846282e+01 3.333165736678527935e+01 3.378137685136370294e+01 3.423564816142700096e+01 5.361733207199368678e+01 6.160730810994840567e+01
7.997063479212289394e+01 9.525713416122054866e+01 8.379148604893217112e+01 7.558217696346308401e+01 6.852454270350159504e+01 6.213323509468813910e+01 4.995272212194347361e+01 2.995060579049238925e+01 4.797696004892613786e+01 5.620668062996190883e+01 6.833064620255439081e+01 7.100576262313705911e+01 5.043334321940277221e+01 5.645886535734284450e+01 4.349673090410275478e+01 5.520632938810764045e+01 7.601160915811932739e+01 7.121117624098022247e+01 5.136159532479500456e+01 5.706827072757493369e+01 4.850509201051909969e+01 2.860474244991407389e+01 4.664337060177655303e+01 3.834459522826183075e+01 4.797147114571261284e+01 4.927931955483788329e+01 3.035309916961471188e+01 3.679122880942447438e+01 5.642130237647786828e+01 6.646709759876267753e+01 4.708455224255186522e+01 4.684367332565956588e+01 5.232056606978581925e+01 5.045461489014309109e+01 3.639780215155651177e+01 4.718146728531535672e+01 6.693001613660503324e+01
8.835126731902872166e+01 9.028303412738034694e+01 8.877786039166286969e+01 8.054561995610976055e+01 7.018986544647489723e+01 4.843823064684375623e+01 3.405211421638092872e+01 4.931203676241087663e+01 3.240775965842822615e+01 5.233666558355023568e+01 6.720843900868413812e+01 7.953457696688332135e+01 7.100576262313705911e+01 7.054692105691030690e+01 4.984271344986922969e+01 7.054692105691030690e+01 8.454128671220277624e+01 7.953108097329084103e+01 7.121117624097067278e+01 6.376982841553391523e+01 4.406543538623395762e+01 2.992371120429318765e+01 4.980928285707958736e+01 6.085634362431471089e+01 6.311487594645875987e+01 5.495065509774239132e+01 5.496924153858171991e+01 4.647561589040356722e+01 4.519400639303590594e+01 6.477027354589218078e+01 6.101984597299670554e+01 6.694611292722692042e+01 6.954674535508119959e+01 5.834322923800443306e+01 3.898677367082950695e+01 5.851550455217490310e+01 7.530109110061179933e+01
9.028301767589641713e+01 7.035645085162255441e+01 7.401349908300744573e+01 6.062346741010417617e+01 6.492459643590805740e+01 5.635894910701132687e+01 3.707433128974977166e+01 5.397897523913153606e+01 3.417226617054176785e+01 3.940464185751947923e+01 5.900170119929107670e+01 7.498547276758365854e+01 8.640701874394790138e+01 7.910966807279149293e+01 5.897515172164155928e+01 7.910966807279149293e+01 8.668264752825906783e+01 6.673831710561108821e+01 6.673831722668158761e+01 6.129871307402432024e+01 5.108071622672810008e+01 3.121593296194667388e+01 5.108071801605877482e+01 6.361314815864610495e+01 7.178535757939620510e+01 7.428724644209061978e+01 6.606495929268024270e+01 6.606792229358653401e+01 5.159792360251910281e+01 7.135644855390559371e+01 8.126503265802460874e+01 7.743801160622911084e+01 5.741138781404842462e+01 4.373706347344577239e+01 5.851550455215301128e+01 5.270733148531177648e+01 7.253767474281416128e+01
8.811020375404280003e+01 6.817332446975197513e+01 5.413349676134330934e+01 4.928952931216575450e+01 4.525265288090956517e+01 4.140240709359476057e+01 5.682576469880785908e+01 5.583075783801795922e+01 3.606179726989186918e+01 5.583075783801795922e+01 4.729968109354039996e+01 5.843005902811713526e+01 7.820055950671243750e+01 8.842138447353434572e+01 7.380367756309748017e+01 8.842138447353434572e+01 8.081484450605852032e+01 6.090762871644911058e+01 4.713555065552885992e+01 4.173438520077609581e+01 5.228636691369169398e+01 3.250327363435081196e+01 3.795386630365820935e+01 4.420017148507240279e+01 5.788152178073799092e+01 7.746687395059628045e+01 8.611819032511569105e+01 7.974253540007001106e+01 6.027879635141813708e+01 7.974253540007001106e+01 9.286641534126175657e+01 8.115862183153758735e+01 6.686368844382776899e+01 4.721896339123624387e+01 6.686368858085513978e+01 7.253767474281055172e+01 8.090514863994270911e+01
7.558482250953713333e+01 6.403214388566181015e+01 7.401349906728783878e+01 6.062346741010416196e+01 6.492459641481841004e+01 4.629599446190566425e+01 6.599019080148572414e+01 5.764829009299739226e+01 3.796384104482530830e+01 5.764829009299739226e+01 6.678605573338181500e+01 5.814891251917701709e+01 7.175246330092082303e+01 9.144290811858775214e+01 9.464745662279838712e+01 8.977470209416213720e+01 6.975608802279268161e+01 5.833537492943640501e+01 6.672507036087361598e+01 5.415235877770799533e+01 3.440037592295351487e+01 5.231878602225688013e+01 5.750644646853803721e+01 5.747885055540301380e+01 5.642503612209061714e+01 7.022106629740379447e+01 8.993516449012828673e+01 8.874404631742602589e+01 7.438346075646177269e+01 8.874404631742602589e+01 8.446833684375353357e+01 6.419508528883996235e+01 5.275815080924056844e+01 6.686368858088678735e+01 6.316169151498974088e+01 8.333568655347606580e+01 7.808051872492978873e+01
9.222109426631620011e+01 7.558482249476629988e+01 8.877785390867457238e+01 8.054561993133025055e+01 7.128422020652168101e+01 5.147577614282565150e+01 7.128421951374613741e+01 5.948322018057142202e+01 3.986604304925828757e+01 5.948322270790379207e+01 6.851349239686240367e+01 7.635459981724766010e+01 7.389572070691028216e+01 8.776777286438357351e+01 1.072023169042144985e+02 9.808959445135521094e+01 8.652248888904772173e+01 7.821694987125377452e+01 6.635220714917166163e+01 5.466238533508017383e+01 3.670862717711307255e+01 3.688212683572849926e+01 6.211324470616929716e+01 7.704804832861562147e+01 7.599519197307530760e+01 8.421846458056879214e+01 9.578547511489531985e+01 1.016605978068553071e+02 9.464680848508830024e+01 9.476088279665013658e+01 7.448245665511512925e+01 6.015779432811714145e+01 6.419508325179768349e+01 8.115862288027400950e+01 8.333568655348776133e+01 8.397380383065903686e+01 6.375953530555469939e+01
1.036984240331391049e+02 9.548327267994599765e+01 9.475644267275139043e+01 7.485350030145816902e+01 6.074524768820864296e+01 6.544799855929184673e+01 7.348047815347271694e+01 5.368536970593282831e+01 5.948322270708525394e+01 4.259068350839412886e+01 4.937935558929064683e+01 6.918685416948549971e+01 7.831878904797331131e+01 8.893464148147259607e+01 9.758936964143434523e+01 8.520981518897210094e+01 7.676605016601133968e+01 7.017267034312824592e+01 5.883753981571720715e+01 3.992324573660467735e+01 5.575811394091816453e+01 3.863247244919562462e+01 5.215926257626070850e+01 7.197725130081880707e+01 7.139143969360452502e+01 7.592896934719932744e+01 7.548441218948019582e+01 8.143049198869688610e+01 9.658497169207612387e+01 1.006943590092558338e+02 8.042187016018009160e+01 6.688152280602392352e+01 8.446644637101788078e+01 9.286173407021901482e+01 9.961129443082494106e+01 9.118308745117030867e+01 7.204815317808998998e+01
9.527851734144437046e+01 1.035676226575480712e+02 9.475644267253186115e+01 7.485350030145815481e+01 7.485350030145816902e+01 8.537410566182785487e+01 8.172407539000847976e+01 7.348047823845526239e+01 7.039828164068690342e+01 6.216862146230972996e+01 4.535028074976076340e+01 5.042663105514811406e+01 5.893194362865924774e+01 8.036116939069951570e+01 8.865636439924448098e+01 6.823091582601097116e+01 5.687459073036282575e+01 6.195166146100270055e+01 4.303700046425107217e+01 4.551271264533867367e+01 5.955333173265140800e+01 4.036032326656251001e+01 5.956408632254580482e+01 6.543187430426293361e+01 5.162233876066800775e+01 5.563651942086105606e+01 6.084650147511911911e+01 6.776773240875870385e+01 8.236619856163081010e+01 1.024952885315041584e+02 9.435678304067921829e+01 7.409184033599102293e+01 9.435678304067921829e+01 1.055694648795663397e+02 8.522405480691050172e+01 7.080747619125101266e+01 7.449619552820612967e+01
7.519741797511707659e+01 9.527851734144437046e+01 1.029783646478951198e+02 9.475644267253082376e+01 9.475644267258032016e+01 9.190003790363626024e+01 8.435610267857842359e+01 7.768480039821973548e+01 6.786065970318588825e+01 4.821695761772743083e+01 6.492948709070353175e+01 6.963405452981243116e+01 7.831787268441993888e+01 8.896672729942341107e+01 8.831059318021569027e+01 6.873389441307277536e+01 6.523534058114178436e+01 4.608940303901820812e+01 6.195166146100270055e+01 6.754032224744315727e+01 5.233511822704974037e+01 5.956408637105127468e+01 4.277968029310537901e+01 4.637595679747794719e+01 6.543187342871259204e+01 7.592896884038218275e+01 7.219082157874443340e+01 8.826187251469259820e+01 8.236619856163081010e+01 1.024952885315041584e+02 1.027476419267550796e+02 8.580749598948790435e+01 1.027476419267550796e+02 1.055714328506646495e+02 9.118012097467088495e+01 7.829641939126672412e+01 5.800877561069939503e+01
8.107903580583349878e+01 9.426054616227966676e+01 1.043046317722172915e+02 1.033439306574653642e+02 8.352253322848177675e+01 7.194069372234663717e+01 6.434219465236758140e+01 5.774049239824406499e+01 5.191131042447018018e+01 6.786065166144972238e+01 5.291270040679690823e+01 6.689059763515857071e+01 8.685916054540751929e+01 9.125956792444117127e+01 8.123077924469505717e+01 6.884822341518578526e+01 4.938686553820376446e+01 6.523534058114178436e+01 7.349701580448721927e+01 8.028211548197863578e+01 6.355622968669435124e+01 7.025550630413344777e+01 5.366632304067897508e+01 4.546788750907037269e+01 5.641793925807572663e+01 7.627989035956872499e+01 9.256181990304058615e+01 1.008919381153371830e+02 1.024952885315041584e+02 1.108037664291090749e+02 1.144346138571256688e+02 1.060353263368519663e+02 1.075986477406871700e+02 9.590159513383005674e+01 7.678880909867696403e+01 6.233891475403034121e+01 6.510833625201985342e+01
6.591058987596845498e+01 7.589566758979675853e+01 9.601683521259691645e+01 1.115510412686226260e+02 1.001084507769824370e+02 9.190003790363702763e+01 7.607194437826701972e+01 5.620521185853284862e+01 7.167138183333317158e+01 7.637989089613192562e+01 5.642731308162108661e+01 7.637938802745351552e+01 9.036524618998136305e+01 8.294400929582259607e+01 6.290538739330613538e+01 5.316326853134410158e+01 6.884822340839082244e+01 6.042020813557064685e+01 8.036110639844704906e+01 9.182126977995349648e+01 8.350541937194311970e+01 7.339753015941963099e+01 6.686530936317967644e+01 4.739148599423204899e+01 6.686530819255332858e+01 8.459431170865494209e+01 9.311146744527266605e+01 1.014258622555508822e+02 1.027899410851314599e+02 1.111160473090365457e+02 1.196337148301068396e+02 1.094650928569047039e+02 9.921501252955596328e+01 7.890553933593966462e+01 6.708604783957400741e+01 8.275060557411063655e+01 7.955061353980894978e+01
8.595625140119678065e+01 9.426054616227966676e+01 1.043046317722172915e+02 1.137601175594133025e+02 1.038733371578483542e+02 9.567539052073685468e+01 7.927032949918186944e+01 5.935885822293294467e+01 7.927032949917906990e+01 8.461739897510206276e+01 7.053187739609785467e+01 6.212114873827881212e+01 8.216103302175918088e+01 9.125019534776532737e+01 7.603800535520703363e+01 5.610132649937655458e+01 7.603833493706150648e+01 8.036110639802299715e+01 7.668326017140158513e+01 9.672564546121877527e+01 1.017451296020111329e+02 8.413974461894008527e+01 6.896864146341360424e+01 4.935006569000272947e+01 6.896864146341360424e+01 7.769208720434160398e+01 7.300468637691311358e+01 8.862789536788004341e+01 8.276178396084672784e+01 1.027899410851314599e+02 1.111964224305041711e+02 9.087250861981199535e+01 8.074053697728518841e+01 7.240172112387905656e+01 8.749578562976073215e+01 9.592047093032438454e+01 9.989459520459239172e+01
9.318407804092613844e+01 1.031665201758916339e+02 1.114242800333854291e+02 1.055547013462555839e+02 8.579607969521819655e+01 7.582604411256912158e+01 6.874420692083243978e+01 6.322912557183283866e+01 8.311556760050940795e+01 9.869593316480596457e+01 8.652902226554246568e+01 6.649482563577727490e+01 8.072271970459338775e+01 1.005472868661193502e+02 8.435216236946864399e+01 7.603833493983194103e+01 6.068981201232210765e+01 7.228604120278828304e+01 9.236326769314921137e+01 1.050480419987730301e+02 9.234902750532489790e+01 7.581722587178749961e+01 5.585034264146202077e+01 5.243828043891326018e+01 5.411189220977137637e+01 5.761819384269481503e+01 6.133835182486620852e+01 6.847511625577611483e+01 8.276178396084672784e+01 1.027899410851314599e+02 1.196337148301068396e+02 1.028993266046728792e+02 8.259978850705492448e+01 9.274955755586377393e+01 8.012661209125391792e+01 9.446107277754232712e+01 1.148046805901209524e+02
