LEM/sinusoidal_perturbations/elevation_000470.asc
nrows	100
cellsize	150.0
xllcorner	0
ncols	100
yllcorner	0
NODATA_value	-9999
[rows 17 to 33 of 100, columns 37 to 73 of 100]
7.887563993256755168e+01 8.711814624375594462e+01 9.248607814483170841e+01 7.244100543432615780e+01 5.814713817307998056e+01 5.965618141344388192e+01 6.019365626535911673e+01 5.537459706397635983e+01 5.096159114568203563e+01 5.841684557808674327e+01 4.324943219948113438e+01 2.315593095949292035e+01 4.351696140873150398e+01 5.885223577780382698e+01 5.948284267605540521e+01 7.836382495790695657e+01 7.446678534044919218e+01 5.620751470424688989e+01 7.446679362435234850e+01 7.965855049046183467e+01 6.178139746493182827e+01 7.965857045434580641e+01 7.233345910425910574e+01 5.230798119857898598e+01 7.233343575357027078e+01 8.125399246087624761e+01 7.596493628425193378e+01 5.757075423915097900e+01 5.497056514093789303e+01 7.190069015178754341e+01 9.312134521495440254e+01 9.199935315593188534e+01 7.623140603307788865e+01 5.620928874831343336e+01 7.623140637787571450e+01 8.268992123109559600e+01 7.679214547738602903e+01
8.467390001509043884e+01 8.998911078875264025e+01 8.984097474387968418e+01 6.977594729423057629e+01 5.546443781340610713e+01 4.548482526514761304e+01 4.032417424589375798e+01 3.564953291358110476e+01 3.123918841715504513e+01 4.510604256153797564e+01 4.192079620760945602e+01 2.261422948122519117e+01 3.000451686451844679e+01 4.522355377799968323e+01 6.851999673446245254e+01 8.607493990776498549e+01 8.445312578048681473e+01 7.612778053893539720e+01 8.445312734346919115e+01 8.943591537411010961e+01 8.136062797712970962e+01 8.943593181961374228e+01 8.067840820197430673e+01 6.646312607328462718e+01 6.646312607444906462e+01 8.650569671626163881e+01 7.764988712360526790e+01 7.764988712360526790e+01 6.122156804882512660e+01 7.511812486408001632e+01 9.544529506890198434e+01 8.447035893025325493e+01 6.445022107792681254e+01 7.623140637787571450e+01 8.449747266204894913e+01 8.359094988655795078e+01 6.476810485567196451e+01
8.506691670996245591e+01 7.212699675390678067e+01 8.506691670996245591e+01 8.395348361727087649e+01 7.388108487850958284e+01 6.555864779147243837e+01 6.019365492000916618e+01 5.537459626552829661e+01 4.514250964520989129e+01 2.522484859909982546e+01 2.186322590004481370e+01 2.186663072880909198e+01 4.702158402851100760e+01 4.517679707124571564e+01 6.254005894412880195e+01 8.616206321790430422e+01 8.112515371693413613e+01 8.298151195172134464e+01 9.107590678216446634e+01 9.081707237369053587e+01 8.264145223634366744e+01 8.435858881153117750e+01 9.253722529061191437e+01 8.650569451852133795e+01 8.650569671651163617e+01 9.489368856270476726e+01 9.793069069063500365e+01 8.992889515142204004e+01 8.154452752763462797e+01 7.202499055920121407e+01 9.247611147832935785e+01 9.114001966658513254e+01 7.112908573667419887e+01 9.114001966658513254e+01 9.334433953398973927e+01 7.365334090849675874e+01 8.455139541876064868e+01
7.735868882838570926e+01 6.008785478631575216e+01 7.735868882838570926e+01 7.574637393788084694e+01 6.379185847119455133e+01 5.683598309059634346e+01 5.045896415489076503e+01 4.498349463785426394e+01 4.069066998808057889e+01 2.113291674786971797e+01 3.555985310113879905e+01 4.774612904032584737e+01 4.207040043056707646e+01 6.150904597952798980e+01 7.565943854008592950e+01 7.372593525786902546e+01 6.290250120928648414e+01 6.365575030137014778e+01 8.298151195172134464e+01 7.944499833821816992e+01 6.296129528477217718e+01 6.468052208521382340e+01 8.116472609748545608e+01 9.522000235630373766e+01 8.703863722505279554e+01 8.754373566531816664e+01 8.607408736362340562e+01 9.425552381165059046e+01 1.008077590914658828e+02 8.389064858800043112e+01 1.008077590914658828e+02 9.942901406743401083e+01 8.111324682872619007e+01 9.942901406743401083e+01 1.002984567078609786e+02 8.062890541599567484e+01 1.002984567078609786e+02
6.272144045209115149e+01 5.331859551934973496e+01 7.083092714124492772e+01 6.720662420054704000e+01 4.710084462633053448e+01 3.772828741039328548e+01 3.153619339058285220e+01 2.587509478384223627e+01 2.042021981437352807e+01 4.048442909223035002e+01 4.924198802739172010e+01 6.342301892037753674e+01 6.150895897929036948e+01 6.985713411708827891e+01 6.664767506808037467e+01 5.415245133158047963e+01 4.998203006130449211e+01 6.931613483697461220e+01 7.409052303747851909e+01 7.060052557208926771e+01 5.147632464266113317e+01 5.321452906047687037e+01 7.299745102424749632e+01 8.385702723269412218e+01 6.738651134352166139e+01 6.788803187714660226e+01 6.642206060417252900e+01 8.030793981712986351e+01 9.999479897301254994e+01 1.042040718897672349e+02 1.124788389233121109e+02 1.092248270008331019e+02 1.010419296050786357e+02 1.092248270008331019e+02 1.084899716546747044e+02 9.197608029448204547e+01 1.084899716546747044e+02
4.435020820761505433e+01 6.272144045209115149e+01 7.626696434904673083e+01 7.552425201538167698e+01 6.534300610100261508e+01 5.693697776792644305e+01 5.045338145525362705e+01 4.120758787206688112e+01 1.991759128711809979e+01 2.579813595412826999e+01 4.279713638985519708e+01 6.733986624709245916e+01 6.203588492926946429e+01 7.004043118232299037e+01 5.988539204158866625e+01 4.012919707857280116e+01 5.988539204263173588e+01 6.817150856588062879e+01 5.410191448065346975e+01 6.242303422120649969e+01 4.239810076355762192e+01 6.242303422136561153e+01 8.116472472906461633e+01 7.504382728603029307e+01 5.598712240381290428e+01 5.392173609755684538e+01 7.364505432393491446e+01 8.346872364196102012e+01 1.031693312929682236e+02 1.110358359531801256e+02 1.028377711873316258e+02 1.110358359531801824e+02 1.042516639247620560e+02 9.590248694569433496e+01 1.043163341903717196e+02 1.116637194637255277e+02 1.198641779204615716e+02
3.915370633851544824e+01 4.736163361232682689e+01 6.178941321526633601e+01 7.244461562162837254e+01 7.294847657014165065e+01 4.996069222165264989e+01 4.672725599436851951e+01 3.942703944242512648e+01 1.941307434843714219e+01 2.441825387112991663e+01 5.008432725446819234e+01 5.729911191253424363e+01 4.448216050845685032e+01 5.993575401451938234e+01 5.464976021717069443e+01 3.480116833085223504e+01 5.469067614578175807e+01 5.633894808843233903e+01 3.920782891260694925e+01 5.070679235743361346e+01 3.728677559584997425e+01 5.741680081448117789e+01 6.954588938374806162e+01 6.136808062968800925e+01 4.700645819901043154e+01 6.688001300571404784e+01 6.382138500590873775e+01 7.770578591039571847e+01 9.738168607261768273e+01 1.011808716638756636e+02 8.316178764390629397e+01 1.011808716638756636e+02 9.400192404729949658e+01 7.532988919047309651e+01 9.403400080952819451e+01 1.122807460964230160e+02 1.040730905059228348e+02
4.496559298850947783e+01 3.218434072258160938e+01 4.389138166028275378e+01 6.263702807335328515e+01 6.575185664014499309e+01 4.353191585628770355e+01 2.943471425768470340e+01 3.447332324158876560e+01 1.890941645317831998e+01 4.043339320747257659e+01 4.767643661239463881e+01 4.396457481653396115e+01 3.574544302275523933e+01 5.231113600447564238e+01 4.993469714598182208e+01 2.996907843235570823e+01 4.360649984940196333e+01 4.220173214766316505e+01 2.980575499733090439e+01 3.059881439654709467e+01 5.070679235836767162e+01 6.455892667568124921e+01 5.635990250914362321e+01 4.133536814584274310e+01 5.558019206255770683e+01 7.504462660387618200e+01 8.346872364196102012e+01 8.346872364196102012e+01 1.031693312929682236e+02 9.299977941561894568e+01 7.341584404272768438e+01 9.299977941561894568e+01 8.558227108739323796e+01 6.473969229852379215e+01 8.558656936524445769e+01 1.023927787280755126e+02 8.437186004620667745e+01
2.640915396719119101e+01 4.747304165950086485e+01 5.753687596835887064e+01 6.105258521132162031e+01 5.411186031274620234e+01 4.241868605535312753e+01 3.784761378516891028e+01 1.819975789974771629e+01 3.793615350444102319e+01 4.472128765189060573e+01 3.695663032233820644e+01 2.695964987649791311e+01 4.060098919054034639e+01 4.179209521184718312e+01 4.235706987418392089e+01 3.523340416488884586e+01 2.341217008907774400e+01 2.395752577667491323e+01 2.449878248929313429e+01 4.326723649182019216e+01 4.847502808270961339e+01 5.167722592166253293e+01 3.621894894617222604e+01 5.635990250914362321e+01 6.954588938374806162e+01 8.351158670493832403e+01 8.617148917684387754e+01 9.440065566567568567e+01 8.629658881229482859e+01 7.815913724529796980e+01 6.697691081462819795e+01 8.647167981438219897e+01 7.837625782137833141e+01 5.855336247275001682e+01 7.837974035728743161e+01 9.421638202102758441e+01 7.459498947402995839e+01
4.150957482499320150e+01 4.548935465250859522e+01 4.371449942096192132e+01 5.540466974406795941e+01 4.067713342197709636e+01 1.714788446125009003e+01 1.747336383541591687e+01 2.023392796121846970e+01 3.823131107591369471e+01 3.205344571435993117e+01 3.282887234851407499e+01 2.042606913137497671e+01 2.097286941728545884e+01 2.152879111609719587e+01 2.208581001244218811e+01 2.263888048601988245e+01 4.287661540600807797e+01 4.412535240052309149e+01 4.464455832963457738e+01 2.526288746253355910e+01 2.836749872883589063e+01 3.152109132671697367e+01 5.167722592166253293e+01 6.455892667568124921e+01 8.030468365214912296e+01 7.205567380824868451e+01 6.620871163862216235e+01 8.617148917684387754e+01 7.815913724529796980e+01 5.874194367776397740e+01 7.129411454658753655e+01 7.871427248209228367e+01 7.203811549382751878e+01 5.400184738924852468e+01 7.268096824152144109e+01 8.000350510043919883e+01 6.811157200391548372e+01
3.049614732209036561e+01 2.710490075857144276e+01 4.551067349556312536e+01 4.409476292406203868e+01 3.025345374590470726e+01 1.698366973368769806e+01 3.507193512452818140e+01 1.819285486620661985e+01 1.868396477204805706e+01 1.917533247942204611e+01 1.967737991558620791e+01 4.120233119140388567e+01 4.151692190857645670e+01 4.185850480460093337e+01 4.236137386322074860e+01 2.962752174573481057e+01 4.808518627489137742e+01 5.473003859671457860e+01 3.644429038291385581e+01 2.580654194227439646e+01 4.591594855691464971e+01 4.073117280755708691e+01 5.456589429897824317e+01 6.950597668674170393e+01 7.205567380824868451e+01 5.210619896736103840e+01 7.205567380824868451e+01 8.389787065552383183e+01 8.629658881229404699e+01 7.129411454658753655e+01 5.174649825920816681e+01 7.046642999983384925e+01 5.363132091949243829e+01 4.926908300539128760e+01 6.908003491229133886e+01 6.045905614488767554e+01 8.000350517401534489e+01
1.442679294180174843e+01 3.471426569392032491e+01 4.295571212939454853e+01 3.531701850305364587e+01 1.647137079636247847e+01 3.536339587090566283e+01 4.357382659547602088e+01 4.507127296352638979e+01 3.890540121713886634e+01 2.136639760012736389e+01 2.433879240588067105e+01 3.146578440413383149e+01 4.138116744549219561e+01 6.093086835351734720e+01 5.623363640345488079e+01 3.985037823005536950e+01 5.623493194920108351e+01 5.047456325027519597e+01 3.039445452629967903e+01 3.772460301661507032e+01 2.657796388051923842e+01 2.711995836267714211e+01 4.135579712114044071e+01 5.611533026003931468e+01 6.537034213846958153e+01 4.556243326603181742e+01 5.576671254323038340e+01 7.566274698397191401e+01 8.077818382722550439e+01 6.122456841090635038e+01 4.719275487437725758e+01 6.217391942240813307e+01 4.565654925308099621e+01 6.554195831011220719e+01 5.343174356176918138e+01 5.771167975324337363e+01 6.210879282180376748e+01
3.414524319676388586e+01 1.493729722990977926e+01 3.512438504553930585e+01 1.596005132629439238e+01 3.614886059509726834e+01 2.560294774832257403e+01 4.487155268793586060e+01 5.329109544032257162e+01 3.360083286866404961e+01 4.402568166030206243e+01 4.738639214710921266e+01 3.109402690988729745e+01 5.291186828810003107e+01 6.916144541154164926e+01 6.753861930495374111e+01 5.933420435171408513e+01 5.527725120915559387e+01 3.518616607492557335e+01 5.047456325027519597e+01 4.608260702409908305e+01 4.667799751861404900e+01 4.716753575294386280e+01 2.788100471284653281e+01 4.772674466380092895e+01 5.280476508023845383e+01 3.961470408546153266e+01 5.359050229126816589e+01 7.349036908332770679e+01 7.748385303821957848e+01 6.282944478403078392e+01 4.284460432379479045e+01 4.213077427215672799e+01 6.217391942240813307e+01 7.370265957826413228e+01 6.006434546199071178e+01 7.726151122693597983e+01 7.587755476451978609e+01
3.595033747885931774e+01 1.588138985611725218e+01 1.545115156323655192e+01 3.347755328590837109e+01 4.358235259476150247e+01 3.271385113697187563e+01 5.144268150564823117e+01 6.126459044023469858e+01 4.277613787542926360e+01 6.126607956555886147e+01 6.150441571259398188e+01 4.083632018092711746e+01 4.203848319800584932e+01 6.378528783652944156e+01 7.189236179962145457e+01 5.207281467878429027e+01 4.041734901569103044e+01 4.945367055140668100e+01 6.348415846188113676e+01 6.603294097574254806e+01 5.744430773127626111e+01 3.736538540296947275e+01 4.770038864560662972e+01 2.864007096135297203e+01 3.297171894458257668e+01 5.281107131200241156e+01 6.759355550749434371e+01 7.313585647514354093e+01 6.383684922052344035e+01 5.026720146013664703e+01 3.856106762023973999e+01 5.887248030405056909e+01 7.033973366005139383e+01 8.652221149053345073e+01 6.696597281367483845e+01 8.652221149053345073e+01 9.550261676391261290e+01
4.458432905624199094e+01 3.016770454208431929e+01 2.989354446252022868e+01 3.039893751360615681e+01 4.968740849399345905e+01 4.621161423809384416e+01 4.617114584853083414e+01 6.420056730750292218e+01 5.365934967281150847e+01 6.979730225737716864e+01 7.106157061488767113e+01 5.388901599658635178e+01 5.222337159284109021e+01 7.215207176603584571e+01 8.006323209387956297e+01 6.436260141521013622e+01 4.440982972060906775e+01 5.858166131988685521e+01 7.751464637220468035e+01 6.891605530523807488e+01 4.904648677778668286e+01 5.744434057874398292e+01 4.513411203979561748e+01 4.833956487775790833e+01 2.940230397710186949e+01 4.952683702685483524e+01 5.831668675083386688e+01 5.342178957864812361e+01 5.345431566358548281e+01 3.572997357774771388e+01 5.613354942248147239e+01 4.837998900979241057e+01 6.822956877201556836e+01 8.774123391370896741e+01 8.652221149053345073e+01 8.076313204019231762e+01 1.004258592063312534e+02
4.567590507411719614e+01 5.113015364288886389e+01 5.051637342799732266e+01 5.166195809566918484e+01 5.941448794645605602e+01 6.445081305279110495e+01 6.420056750415650981e+01 7.181381234479772502e+01 7.287366578016795415e+01 8.093082694878691541e+01 8.290888081753050187e+01 7.469068948294062693e+01 6.465593604457158960e+01 8.136860572387203661e+01 7.996439890985580234e+01 6.027147842349912565e+01 4.874444980789982651e+01 6.859468608890792041e+01 8.649171147365396450e+01 7.708199871950981219e+01 6.058567785061079292e+01 7.356489967390997720e+01 6.526670692990424527e+01 5.761009419228633277e+01 4.949328531073147985e+01 3.016294458064700024e+01 5.020754729551085660e+01 5.161347896897837728e+01 3.347057839872833540e+01 5.345439188619207727e+01 6.433362282873083871e+01 6.822956877201556836e+01 5.991679203981259860e+01 7.382931770918499126e+01 9.347921834379224038e+01 1.004258592063312534e+02 1.086290806086218623e+02
3.720916939567283066e+01 4.760655211548628785e+01 5.589696837123076989e+01 6.405015394231018888e+01 6.971906016693260710e+01 6.556545308417885565e+01 6.806632011564951767e+01 6.805027487222916704e+01 7.632370148020788747e+01 8.208296126192826137e+01 8.059333558397204911e+01 8.884157448948981539e+01 8.472725734802280328e+01 9.289864647655247154e+01 8.813570964355652393e+01 7.338364380137578280e+01 5.363826543453330231e+01 6.762564962525247836e+01 8.728467143343814882e+01 8.846277664569787191e+01 8.029556253137212707e+01 8.319515813415057437e+01 7.499717404833310752e+01 6.354376594338377515e+01 5.201574116063890330e+01 3.229966646539527630e+01 3.094562923373915098e+01 3.149950673277355762e+01 3.208342841819231950e+01 5.225636649659894317e+01 6.132400148885960078e+01 7.538133610381582628e+01 7.958464035541962289e+01 8.772199556688531175e+01 8.388547398461643922e+01 9.213180313927612985e+01 9.701150817098508128e+01
