LEM/sinusoidal_perturbations/elevation_000681.asc
nrows	100
cellsize	150.0
xllcorner	0
ncols	100
yllcorner	0
NODATA_value	-9999
[rows 34 to 50 of 100, columns 0 to 36 of 100]
2.064481644892168701e-03 1.154906986531372937e+01 3.154905542298793009e+01 4.496176808955198112e+01 5.324407255652199922e+01 5.025984221764687021e+01 5.854405070234456332e+01 7.009101088685271463e+01 6.649357795959734574e+01 5.825540422535049601e+01 6.250709668187938206e+01 4.086583862339804085e+01 6.250709668187938206e+01 5.725802460033897034e+01 3.746272703589206543e+01 3.463768481892922324e+01 4.197905372208783348e+01 5.116086308212372558e+01 6.542701059150861909e+01 8.548724687501749031e+01 9.772102886888073670e+01 9.772108387037904720e+01 1.059044823090575846e+02 9.827313443874170673e+01 8.838562646591593364e+01 8.021168011369258011e+01 7.360360381871855395e+01 6.761854401951987370e+01 6.279557375648001738e+01 5.854875472021992522e+01 5.235056883920917414e+01 3.229340154035148913e+01 4.650163817508350661e+01 6.647113657392128516e+01 7.245217244816628011e+01 6.424900542874921427e+01 7.245217244819005487e+01
2.905961989428186391e-03 2.000290596198907167e+01 2.863191526442009405e+01 2.496184553450315136e+01 3.956936640658164350e+01 3.025984497111284455e+01 4.180685035457427290e+01 6.180684384058724135e+01 5.510079562623575811e+01 3.858707449226669439e+01 5.425465123492917741e+01 3.312256276077454942e+01 5.485575651859928570e+01 4.886938334049465027e+01 2.690727099985803150e+01 4.886938334049465027e+01 6.229485126900032554e+01 7.060707010583030296e+01 7.960074975793844487e+01 8.179782476440848882e+01 9.008159746102616339e+01 8.526050939671321771e+01 9.113207057884704909e+01 9.160758436678578676e+01 9.990091796845574379e+01 9.421127975610791339e+01 8.375071317916612657e+01 7.534961872098507740e+01 6.858934881080925550e+01 6.258966049194084036e+01 5.294154060562367192e+01 3.390619923090122256e+01 5.396152229909063891e+01 6.524858685312163686e+01 7.643907975905001706e+01 7.501344813345716034e+01 7.501433373222880618e+01
3.542675937824442140e-03 4.267557003050051811e+00 8.631914807769938136e+00 1.379589260271320583e+01 1.956939529460956351e+01 3.956940201938714807e+01 5.854405070234456332e+01 6.041095245265768199e+01 4.689988870242029861e+01 2.755936551382979971e+01 4.676654307666583321e+01 2.664185513818362949e+01 4.612074707866479173e+01 4.030727621721551657e+01 2.317464628875198329e+01 4.477135089339063256e+01 6.169797948757560846e+01 6.998023754628508186e+01 6.546474248340493318e+01 6.179396600673258888e+01 7.937666025994688823e+01 6.519488960593541549e+01 7.107197356654288001e+01 7.153636993773307040e+01 9.160758436714401398e+01 8.564808676574513413e+01 6.530709166486109041e+01 5.529335867210792799e+01 4.859835130595154595e+01 4.278785967589435302e+01 3.740760555787159802e+01 5.396152229909063891e+01 3.697329481217803959e+01 5.700835917617695259e+01 5.657929118645910194e+01 5.509186498887955707e+01 7.501384226160959656e+01
3.411803931810562015e-03 2.000341180393145635e+01 2.863191526442009405e+01 2.793802822844889278e+01 3.956939704412245362e+01 4.785403331081136002e+01 5.905514423287299053e+01 4.099092677011890373e+01 3.920812140883379016e+01 1.993534648028610334e+01 3.442289371436250889e+01 2.103214607471501907e+01 3.434444359013466652e+01 2.029790690181491186e+01 2.309890352845430428e+01 4.310928852163699787e+01 4.168845256404914323e+01 5.327121080677969900e+01 4.545831346125299177e+01 6.011118781344897855e+01 6.398585192621435169e+01 5.102939489621943636e+01 5.735638883751961714e+01 6.893057930960171120e+01 8.900515314567068970e+01 9.401281697325505604e+01 8.237376588349032147e+01 7.498539978583855259e+01 6.858934881080925550e+01 6.024992887062889935e+01 4.022572960402231956e+01 6.024992859545168500e+01 5.701834143168495928e+01 4.011630392883803609e+01 4.239629297186061763e+01 6.237222286723586251e+01 7.115722252929484171e+01
3.327314952832964925e-03 1.414546293868365723e+01 3.414546293868294669e+01 4.793802888993479172e+01 4.516653837706991226e+01 3.687939130787090392e+01 4.516418918334840527e+01 3.098665191388905882e+01 2.236512550889544571e+01 1.305096174087153038e+01 1.441030142855625584e+01 1.577929306987523539e+01 1.720966057182422659e+01 3.722132817162803065e+01 4.310928299913479123e+01 2.718128407548791259e+01 3.013084036389205878e+01 3.325681540653016555e+01 3.650553661355847623e+01 4.010291219125662820e+01 4.395608979021488238e+01 6.398585192621435169e+01 7.741509253754911413e+01 8.571864404156424655e+01 9.730069546038144779e+01 9.798270263245328238e+01 7.935800273776663971e+01 5.952308932431407129e+01 5.319023090192344227e+01 4.713032083458939070e+01 4.384275273184501742e+01 6.383553290596613294e+01 6.014661191781684835e+01 6.014660770214485552e+01 6.241314425373257535e+01 4.585075597153065274e+01 5.123047817558583716e+01
6.779948344387334673e-03 1.414891557207546313e+01 3.414891557207617012e+01 4.724338246794567908e+01 3.507252751113926337e+01 1.687538328243703134e+01 2.809790432465623056e+01 2.932595222169012672e+01 1.116804600581503593e+01 3.117691013036480285e+01 3.442289388108766701e+01 2.993417608830308652e+01 3.722135655288460043e+01 1.993358365418712097e+01 3.994449186197893198e+01 4.719447825642402705e+01 5.014480505592817394e+01 5.327121080677969900e+01 5.651759542729368491e+01 5.423601279025597677e+01 5.797148350220266622e+01 5.550850350277478640e+01 6.706603732849873722e+01 8.707483932213270350e+01 1.038085885323967688e+02 8.416891736182174100e+01 7.015922926690834061e+01 7.935800273776663971e+01 6.128025529854075870e+01 6.709435203708623874e+01 4.758288821495725074e+01 6.753479191024597128e+01 8.004267314364543040e+01 7.990339856278055208e+01 6.001700047048800002e+01 6.584159161834479335e+01 4.996152975491590809e+01
9.516927588586143695e-04 1.414308731648993422e+01 3.414308731649063589e+01 3.340216411065981106e+01 1.930351739621278639e+01 6.871650996590791927e+00 8.092243343875953343e+00 9.319473926624313620e+00 2.932595222169015514e+01 3.946314861055036260e+01 4.842910886146179905e+01 4.994725326129865550e+01 4.823251875282647916e+01 3.408386912120047185e+01 2.272181431947149477e+01 4.273297469055981423e+01 4.761810590543851163e+01 5.590362890418170139e+01 7.074093280881524493e+01 7.405265280669122774e+01 7.712243624964521871e+01 7.551458871199973544e+01 8.380710248592542655e+01 9.535672899468715968e+01 9.878086412179463593e+01 9.798270263245328238e+01 8.416891736182174100e+01 8.113082323623200409e+01 8.113082323623200409e+01 7.176749691898019989e+01 5.187411182968737933e+01 6.024369975654828124e+01 8.008100595800034682e+01 8.808176398597015577e+01 7.990339856278119157e+01 7.323383505142797389e+01 5.331559345950377349e+01
1.945935296826602993e-03 2.000194593529647236e+01 2.231814227631969771e+01 2.348435305267784301e+01 5.163741697540737974e+00 2.517004319899773890e+01 2.809790432438705921e+01 1.874214066004616797e+01 1.502830964322903640e+01 1.996012227395533856e+01 4.013226007294385056e+01 5.605678119085532529e+01 6.238116788984668659e+01 5.102085848400358969e+01 3.687248220642914731e+01 2.558031644969369367e+01 2.763370478169946409e+01 4.764486044778355023e+01 5.073230979709789779e+01 6.810507309750306604e+01 7.639403560243533775e+01 8.617783332840879496e+01 7.788889057669541671e+01 8.617783792326126502e+01 7.876662527994969309e+01 9.291571646339664881e+01 1.038085885323967688e+02 1.008504378476772843e+02 9.570285384964911657e+01 7.619079131614731182e+01 5.636517776867595586e+01 7.619079131614731182e+01 7.645644073648385586e+01 9.620847173318618673e+01 9.416220720645959830e+01 7.664367969501159905e+01 5.676104311695664961e+01
5.600688922766023682e-03 1.160301227302326765e+00 2.316931091242565355e+00 3.479407742529051273e+00 2.348435305267929607e+01 2.476548732092339122e+01 3.303677731207390167e+01 3.694511306595820344e+01 2.388002282558995404e+01 4.013226007294385056e+01 2.785059362992355858e+01 4.778382764614285350e+01 6.672488193851545191e+01 6.516907176472697927e+01 5.387944566556134163e+01 4.559174561612607590e+01 3.520024083283296790e+01 3.072335114472088335e+01 5.073230979709833832e+01 4.809622012047367434e+01 6.810507308338638666e+01 7.616789229202008471e+01 5.786544511126793111e+01 7.196317066447522848e+01 6.460276294051809032e+01 8.462866011643882302e+01 9.681790210817203501e+01 1.014946429566152801e+02 8.182091310763591707e+01 6.785095823437507079e+01 6.238842683539046163e+01 8.211532058366934450e+01 9.620847173318618673e+01 1.000002736808909560e+02 8.019293996015527171e+01 6.615855922356246310e+01 6.102810560339695201e+01
8.215197286175309616e-03 2.000821518955753930e+01 2.231813486822353099e+01 9.130593721656614647e+00 2.831213545256305508e+01 4.515224217866919076e+01 4.896786203858982134e+01 4.212813320432731246e+01 4.273103360740221035e+01 5.525461550637712804e+01 3.935315122367414631e+01 3.849974039882442867e+01 5.000435043783784295e+01 6.997522990988915126e+01 6.786152094127756129e+01 4.785221571789804784e+01 5.520652516060107473e+01 4.227619981821079875e+01 3.395106545533631248e+01 5.395667747771813083e+01 6.001385156502217200e+01 6.271087404702833368e+01 4.786819803347136570e+01 5.194592662457278465e+01 5.694301419948684639e+01 6.850563708431860732e+01 8.853227329106728405e+01 1.027477724525080873e+02 9.570285384964911657e+01 8.758321516916981864e+01 7.124655400675818839e+01 7.636567945377520061e+01 9.599618217823788768e+01 1.000002736808909560e+02 8.019293996015527171e+01 8.599436871946714689e+01 6.991510474396596919e+01
2.613274238814250559e-03 2.000261327300897207e+01 3.674069830476227594e+01 2.234227284084629161e+01 1.971978317462160035e+01 3.130775594117489291e+01 5.199842362198108248e+01 5.624510065076291454e+01 6.703480050668011359e+01 6.758058123866268829e+01 5.930034581032163743e+01 5.844503727074682331e+01 6.672488193851545191e+01 7.826034231960956333e+01 7.614951469126724248e+01 6.199966481306621802e+01 6.225391749530172802e+01 6.211111330856325452e+01 4.806331813108523932e+01 3.738480124501299429e+01 4.001254917662081567e+01 4.270921999686027704e+01 6.271087404536384469e+01 7.196317066383265626e+01 7.696988948613820014e+01 6.548054463871811492e+01 7.444385396262474330e+01 8.601017593651782533e+01 1.060126295276061512e+02 9.878786187661498275e+01 8.255537960915557960e+01 9.599618217823788768e+01 1.040727146115163606e+02 1.081314744527637259e+02 1.000002736808909560e+02 8.611093108243429128e+01 8.974182971204382397e+01
7.532853315450405325e-03 1.414966847740240752e+01 3.414966947223870619e+01 4.272466073786630858e+01 4.005098954581671222e+01 4.849612240673445029e+01 6.038723001683670333e+01 7.561003151885556406e+01 7.078165671652764956e+01 6.246801420666162841e+01 6.680063018238215022e+01 6.898901834397841526e+01 7.728099888390298133e+01 7.104250122844375426e+01 7.933079249918856135e+01 8.201329350668366658e+01 8.216160445050361716e+01 7.568702299989944038e+01 6.400855842346049940e+01 4.405078776262701723e+01 6.001385156502264095e+01 6.271087404702833368e+01 4.887546473063515862e+01 6.302185160462890678e+01 8.304458705486905501e+01 8.551083324582982925e+01 7.964913701326418050e+01 9.966221978900118472e+01 1.142950059526587410e+02 1.095185612310635008e+02 1.016921352899281743e+02 1.055540729117050631e+02 9.714580355976518433e+01 1.057813139544082475e+02 1.140096440260381740e+02 1.058974759215773389e+02 1.061670404287629310e+02
6.101047412966256744e-03 2.000610104741260997e+01 3.829111303702702429e+01 5.243324762060630917e+01 5.456523089988561281e+01 5.645793967298759242e+01 6.419114954928997463e+01 5.733079385690343344e+01 5.921166042191192957e+01 4.245753579026908398e+01 4.679880746357989096e+01 4.898661562951118498e+01 6.777847662722901134e+01 5.104362075339792426e+01 6.124293002883377568e+01 6.952838861345955479e+01 7.952703488917035202e+01 8.044858460454155136e+01 6.039223135418595945e+01 5.559803013811352201e+01 7.237848755237268961e+01 7.360516287123586210e+01 5.358504162497492018e+01 7.360516287123586210e+01 9.043307805027583868e+01 1.004410710503351964e+02 9.966221978900118472e+01 1.079454380645950806e+02 1.161546429222854044e+02 1.002831276859792808e+02 9.187341937405545877e+01 9.514046863350316130e+01 7.650301770544236035e+01 9.514046863350316130e+01 1.069254464389407673e+02 1.025530141942092399e+02 9.414061525298356514e+01
6.842009524227352091e-03 1.000684200952414038e+01 2.414897763325484092e+01 4.294754098778067686e+01 3.496670004952066080e+01 3.709131337066711609e+01 5.120312071513705376e+01 3.710530879860990439e+01 5.025457622199905927e+01 3.091021043114122335e+01 3.265643210076611780e+01 5.265720576729680857e+01 5.883739308859017569e+01 3.949621074651091845e+01 4.124245897203719835e+01 5.124281417278147899e+01 6.538404542079126713e+01 8.538502904571343777e+01 8.044858460454155136e+01 7.564917413242076805e+01 8.395529069831202662e+01 8.189539185981386993e+01 6.514099544080173132e+01 6.211677637871454039e+01 7.213419218469726957e+01 9.215659623433285219e+01 1.043033650591418819e+02 9.593971033578266372e+01 9.593971033578266372e+01 9.187341937405545877e+01 7.168158097442881171e+01 7.759563351705648415e+01 6.646798793647283787e+01 7.805826418559406932e+01 9.845818421173699164e+01 9.247117485316817920e+01 7.403726633467540807e+01
1.934550753332892102e-03 2.000193455030254697e+01 2.312311218367697307e+01 2.309412285364424022e+01 2.088101231313450512e+01 4.070624781942443349e+01 4.117886096582483191e+01 2.292898228447284126e+01 3.473273363833745719e+01 2.196588445787245192e+01 3.879021488047465738e+01 4.099889989188834249e+01 4.324913921861325861e+01 3.055175563295306063e+01 5.055163500843276836e+01 5.583091776390141803e+01 7.583045175160633278e+01 8.013553340958459614e+01 7.668309110588143085e+01 8.498052002889485834e+01 9.498721821411608346e+01 9.345421557859491202e+01 8.516743060309453028e+01 7.213419218469726957e+01 9.043307805027583868e+01 1.004410710503351964e+02 9.593971033578266372e+01 7.583504925198778324e+01 8.433227884708750821e+01 9.268122378526891225e+01 7.759563351702486500e+01 5.745231704602803546e+01 7.759563351705648415e+01 8.067163156305272764e+01 8.903246320407176029e+01 8.408894079382946529e+01 6.421772213682601205e+01
4.364784840791047053e-03 1.561362673163838810e+00 3.123100292049902915e+00 1.019414522552742852e+01 2.705925324428339707e+01 2.874634741665905935e+01 3.043680687761513681e+01 1.292749759525897169e+01 1.473083686459545127e+01 1.662065922964766074e+01 1.878996380786868770e+01 2.099859432952449723e+01 2.324877013205869503e+01 2.583075903417146080e+01 3.583086668958799947e+01 5.583127184793055164e+01 7.160932420050066582e+01 6.013980046315302985e+01 5.669015090153463632e+01 6.668400163788786017e+01 8.081864596698787295e+01 1.008380053452658984e+02 1.004410710503351964e+02 9.215659623433285219e+01 1.004410710503351964e+02 1.038435070423611961e+02 8.367477277607942199e+01 7.212892322513636145e+01 6.433105619392337360e+01 8.433227884708750821e+01 7.283496935269006656e+01 5.258160355005490771e+01 6.641486256687996104e+01 6.050951549304493682e+01 8.067163156305272764e+01 7.746520124149495246e+01 5.758858602502343160e+01
5.219006137575642711e-03 2.000521891389552565e+01 2.312311218442364336e+01 5.424841642643656314e+00 7.074413840328308112e+00 8.746897860342503606e+00 1.043720636979955074e+01 3.043541716674806352e+01 2.139750570291621301e+01 2.239416276159754560e+01 3.879021487905387033e+01 4.099889989188834249e+01 3.739163525231444396e+01 4.583117525185653562e+01 2.967976111012739082e+01 4.968027454434625412e+01 5.161529938186457400e+01 4.600351465734941314e+01 6.599641504889233090e+01 7.400425521704619314e+01 8.107239218485410959e+01 8.937211455252423775e+01 1.009303077667333639e+02 1.097668871390210796e+02 1.108677646469434990e+02 1.122005394591655261e+02 9.219908288450942280e+01 7.212892322513636145e+01 5.794518371343800567e+01 7.112607512052824177e+01 6.736460319451431644e+01 6.375993364641104222e+01 4.597178568387510467e+01 6.050951549304493682e+01 8.067163156305272764e+01 7.147217626192177420e+01 5.142985118036918379e+01
