LEM/sinusoidal_perturbations/elevation_000089.asc
nrows	100
cellsize	150.0
xllcorner	0
ncols	100
yllcorner	0
NODATA_value	-9999
[rows 0 to 16 of 100, columns 0 to 36 of 100]
8.271705653423140972e-03 2.000827159721827897e+01 2.931017291318205409e+01 3.447415076788063004e+01 4.024765347018549733e+01 4.853193132229451123e+01 5.747620630345508630e+01 6.902321838744265392e+01 7.969259565081928542e+01 7.139218931239285837e+01 7.139218931239281574e+01 7.325869080526828725e+01 7.325869082717488823e+01 8.156149024942803294e+01 7.836076040929788178e+01 6.958507220672026961e+01 6.686657639097195727e+01 7.562713087277528246e+01 8.129980635316263715e+01 7.329677346604485422e+01 7.084435622957188627e+01 7.882021871778475486e+01 7.213459045215572019e+01 7.767071357946848309e+01 7.977980608360105919e+01 8.781774877373322852e+01 8.514900543443958725e+01 7.686148104143376258e+01 7.858942521656832980e+01 7.030679309756141038e+01 7.030679309756141038e+01 7.858942521656832980e+01 9.012518126836982901e+01 7.711744471788658473e+01 6.863840965115635129e+01 6.863840938486578125e+01 7.057039289131134296e+01
7.813061968023241044e-03 4.596127739379278765e+00 9.310172947289636625e+00 1.447415074223290432e+01 2.024765343412926200e+01 2.919192534412857754e+01 4.073893072792149894e+01 6.073893088224770764e+01 7.139218931239285837e+01 5.148039812065074727e+01 5.148039812065074727e+01 5.333428062418929017e+01 5.333428062419401527e+01 7.325869082108252428e+01 6.958507220672026961e+01 4.947540858789670182e+01 4.694594188144714764e+01 6.391805733428996206e+01 7.329677181295059540e+01 5.442180041803092649e+01 5.197503891972367995e+01 6.666328639980507376e+01 5.322628404991922935e+01 5.875254484319506076e+01 6.097417595162924187e+01 7.977980608360105919e+01 7.686148104143376258e+01 5.689231624379246455e+01 6.274114919838991966e+01 5.033675600783806203e+01 5.033675600783806203e+01 6.186846514423294963e+01 8.183376344727257390e+01 6.863840965115635129e+01 4.831830914256659071e+01 4.831830914250951992e+01 4.988923006582740527e+01
2.526786264046545528e-03 2.000252678626369018e+01 2.931017296631512181e+01 3.447415076788063004e+01 4.024765347018549733e+01 3.657758505335721821e+01 5.657758524617538143e+01 6.717189691867838519e+01 6.293394198044639865e+01 5.466742761909714687e+01 3.750843485632554319e+01 3.935096409388015815e+01 5.333428062071332221e+01 7.325868592734039453e+01 6.931649843435444325e+01 4.941373050054108518e+01 3.635244053583760859e+01 5.536538765433527942e+01 6.904587235437729476e+01 5.995015080130656315e+01 4.073825732598034222e+01 5.089371963191247517e+01 3.949690021436926202e+01 4.755357639142994230e+01 6.648221749279770165e+01 8.175643787079987135e+01 7.686148105529869667e+01 5.689231624379316088e+01 4.275921451851567667e+01 3.878810444132460589e+01 5.877708680808286346e+01 6.930635268252179060e+01 8.084251807849318539e+01 6.724236072271868636e+01 5.426992878714032287e+01 3.386761751686373145e+01 4.479851939250126946e+01
4.163169627051843593e-04 8.165382280752771393e+00 1.816540081838706655e+01 3.230894710523406133e+01 5.233444634368125747e+01 5.657758524617538143e+01 6.248297610131164248e+01 4.729641691974529749e+01 4.729641691974490669e+01 3.487077279313151479e+01 3.005902577835152911e+01 4.982722138118596433e+01 5.915327950017559289e+01 5.806623450539819231e+01 6.659648278223188811e+01 4.971572083976353440e+01 3.095388311522268410e+01 4.119251296887638603e+01 6.050350597915537776e+01 6.397578750482249887e+01 5.089371963191245385e+01 3.132822322876557308e+01 5.089338233611506013e+01 4.659657607526950329e+01 5.628502302513498279e+01 7.392465877879935476e+01 7.718138046968968524e+01 6.561605721302493066e+01 5.275018185794034764e+01 3.278615198987786528e+01 4.105241119475115141e+01 5.258479927006522558e+01 7.255741035951474771e+01 5.883743697781223148e+01 3.887471928803903154e+01 2.797404898829206843e+01 4.606728738937103174e+01
5.883922493566802643e-03 2.000588392249321146e+01 3.645476736943573570e+01 4.646624914100652859e+01 4.916384704309320597e+01 5.491808970246029276e+01 4.264927136404104147e+01 4.563561100454914055e+01 2.751714928187012177e+01 2.346375075648867536e+01 4.323782362627516562e+01 5.314547187482876467e+01 3.861448650272361505e+01 3.753851602201395821e+01 5.473317671569186871e+01 4.482507108424810838e+01 2.572858056136593063e+01 4.482494742287158118e+01 6.148833603561570982e+01 5.030520661097337154e+01 3.663984326682250980e+01 2.733995043662152824e+01 3.394855090288860566e+01 5.032336220488745937e+01 7.140351491960655039e+01 7.999940868878442757e+01 6.886750751226465184e+01 4.888469647862699929e+01 3.735226013454563088e+01 2.846089969208806991e+01 4.839367337944321434e+01 6.721917085367877576e+01 5.924677119941541292e+01 5.078781426624459527e+01 4.253795252163780560e+01 2.264467181933988371e+01 3.628657082570254033e+01
1.256007409845548732e-03 1.735671069465126237e+01 3.890847576280607711e+01 4.329357060815542013e+01 2.965051154167741032e+01 3.536789014334500791e+01 2.865160220432084870e+01 3.228774509474776266e+01 1.758081762796037140e+01 3.740678309996847872e+01 3.982205654220298641e+01 4.325681894655868120e+01 2.517677103933705851e+01 2.662321000884518440e+01 4.621450693968881041e+01 4.055497276650989846e+01 2.125362827695531820e+01 4.055497276651289695e+01 5.355841579961727916e+01 3.409334247919657201e+01 2.253493634552809155e+01 4.232047730535249030e+01 5.323145771005043514e+01 6.111386547819130755e+01 5.881921874665016503e+01 5.694297505837764817e+01 6.936174085347774110e+01 5.904014134465214880e+01 3.907658270152969493e+01 2.500049533230371424e+01 3.907561071600662217e+01 5.388226041164148228e+01 4.547219912602569281e+01 3.064892664005734702e+01 3.495063605581930943e+01 3.380309745989577408e+01 1.613402346630167372e+01
9.594114293757748102e-03 1.478492193980184410e+01 2.874370412793716767e+01 3.053491044131904886e+01 1.601872880074651917e+01 3.213982121804743741e+01 3.222386136713981131e+01 1.233616931454628407e+01 2.760616516230037476e+01 2.914013462330750315e+01 2.344820235555353705e+01 2.762929311880057881e+01 1.647703381014427393e+01 3.470179880397319039e+01 3.103121288107777076e+01 3.439729166525799542e+01 1.707346920433748849e+01 3.653036738608214762e+01 4.939301873383236341e+01 3.932184232105077371e+01 1.935311622658559472e+01 3.361254631495225453e+01 5.310530219139307917e+01 5.214904839292228900e+01 3.689348483162885373e+01 3.785276387010921439e+01 4.808008396997686162e+01 5.456183863884713503e+01 3.907965993165181828e+01 2.175908415251788597e+01 3.725998355215083535e+01 4.056803128034369621e+01 2.551194112574843231e+01 2.418996564044546460e+01 1.489781744698121102e+01 1.540863043285254008e+01 3.516928792754953292e+01
7.711341127313004785e-03 1.989811906470673364e+01 7.771447112203182961e+00 6.972324759907653657e+00 1.464371011833685365e+01 2.364388276449967208e+01 3.331893277260388686e+01 2.741909342658039606e+01 7.546501234572478012e+00 1.470824387585684967e+01 1.333623757496760653e+01 9.189993541987526271e+00 2.483417153760628793e+01 2.542854644075467974e+01 9.688174694421544331e+00 2.514576198295396026e+01 1.300386827624389952e+01 2.926780557640961433e+01 2.837056055000961052e+01 3.240888215025788810e+01 1.623278880313494454e+01 3.068392957678315014e+01 5.028692622663923117e+01 4.331538353406592989e+01 2.060321190460231833e+01 3.474552854571612670e+01 2.317716747694945667e+01 4.159774601003888250e+01 4.605473985788233904e+01 3.725034828606784743e+01 1.727640419161609486e+01 2.644419425267730261e+01 1.366589180776481527e+01 1.417584950876443095e+01 3.418872714701311111e+01 1.954242684491534732e+01 3.895624437363859727e+01
2.297228869525369630e-04 3.369472377376895311e-01 6.737124834717694855e-01 8.512275872066496163e+00 1.472566758228402328e+01 1.842170076301063020e+01 2.208314574265598651e+01 1.901257941039040134e+01 5.297627005038489045e+00 3.325831927207836713e+00 3.669423108884932727e+00 4.013715017626132919e+00 4.358870730645917568e+00 4.703934567834044067e+00 5.048787710099751358e+00 2.207892483999907185e+01 2.528390024597426589e+01 7.678069300375500283e+00 2.761239505630556934e+01 1.208401796211001411e+01 3.240888107450563638e+01 3.883640656359762033e+01 3.935318732672626396e+01 4.085710497983564693e+01 2.335176681295904189e+01 1.096601746356506446e+01 1.019301834958758413e+01 3.040393262772827399e+01 2.821738321342950329e+01 3.160800119862513213e+01 3.228652407904819910e+01 1.294560674464871752e+01 3.299383473986557647e+01 1.739680203353592347e+01 3.969099673857463273e+01 3.043952449667440874e+01 2.956211889143593652e+01
9.647730019007896146e-03 2.000221935762461456e+01 1.687485999800790992e+01 1.151054406896148574e+00 1.488730413575955591e+00 1.826550901076142486e+00 2.164709232891366408e+00 2.503012735183407500e+00 2.843722575607318337e+00 2.247910678711035004e+01 2.531926237740891850e+01 1.765015197636934730e+01 1.537260303966416686e+01 2.283090683856810443e+01 1.308725202577777402e+01 5.536456264525685178e+00 5.882499193842916974e+00 6.228709959263719398e+00 8.561279931991498060e+00 2.798496626647627750e+01 3.014248194902486588e+01 2.149904730175925849e+01 2.187000133260535506e+01 2.892375982467387985e+01 2.612061501143005060e+01 9.681532626332169045e+00 2.629464472081145487e+01 1.070461307666016815e+01 2.233623364008799683e+01 1.172992615912910175e+01 1.223519002230323593e+01 3.227820122096560596e+01 4.124140451557962450e+01 3.403903079783570718e+01 4.846873606709314686e+01 4.487309004160593418e+01 4.400976821641166481e+01
3.582433992925927561e-03 1.993363005477982597e+01 3.215125583299343504e+01 2.769622805386541842e+01 2.375271030526799265e+01 1.078148749062493117e+01 2.216494121745682477e+01 5.081594846465343984e+00 3.024104928974623796e+00 7.274697810462319225e+00 2.738101481433108120e+01 3.446805560707942817e+01 2.699667787090438154e+01 3.030225934989291758e+01 1.111050407123913430e+01 2.618656187756609910e+01 2.617834479570589323e+01 2.609540768123379451e+01 6.725219129943029728e+00 2.514304880306282186e+01 7.727062306349593790e+00 8.086683055646863849e+00 8.447750638658771294e+00 8.809182613126131045e+00 9.170661195342068694e+00 2.926639256064553862e+01 3.346762698326789121e+01 1.113143277615300875e+01 1.120839854142450243e+01 2.839139407698194972e+01 1.246566429169787504e+01 3.234656131968888815e+01 3.312397727667606517e+01 5.313625162182230355e+01 6.295027129984379854e+01 6.505381612244826783e+01 6.418998123012933377e+01
1.813270376062421294e-03 2.000181326978471219e+01 3.828662612694567713e+01 4.650516107470178895e+01 2.702728630437167467e+01 3.060153549880118362e+01 1.429445194052007650e+01 2.756190304199420993e+01 2.040598431126027279e+01 2.738102590395595470e+01 1.230045108518782015e+01 3.234607790609857148e+01 4.003758990990871069e+01 2.756072821235415660e+01 3.127885979427247776e+01 1.757285517054254598e+01 3.786480071245810564e+01 3.114860887478737794e+01 7.735963320773442398e+00 7.219654788880969676e+00 1.833966214421707264e+01 2.785644580535927162e+01 2.848976744115043402e+01 2.897076188074895242e+01 9.958611304590236912e+00 1.898953676623015596e+01 1.721786756354294212e+01 3.572683192549798292e+01 3.835163604579719987e+01 3.147566173169606429e+01 3.235182860463458354e+01 1.314801693359720147e+01 3.312364506341423009e+01 4.112224537688673109e+01 5.025237838507487709e+01 5.983456110912359094e+01 6.334615977588756408e+01
2.372884694381488524e-03 1.000237288469904051e+01 2.414450855324093936e+01 4.414453536897389085e+01 4.650516980597544858e+01 4.111139316378655906e+01 2.090685918478621019e+01 4.111139316378655906e+01 4.014883968970623584e+01 3.598250688716537837e+01 1.586654632175056001e+01 3.598250688716537837e+01 5.095796189549889021e+01 4.172125308051055725e+01 4.267296607339900305e+01 2.249306944575143064e+01 4.278347443878080014e+01 4.086990803796157934e+01 2.729034389651199888e+01 1.623176221853548995e+01 9.336318492087709586e+00 1.853717762646020262e+01 3.843428858309136587e+01 2.425199711691787741e+01 3.210649743303177672e+01 2.944681100683686026e+01 3.799386741730806705e+01 2.348716773010417569e+01 4.394238650360632192e+01 5.161958636225167396e+01 4.132076357529733457e+01 2.311017844316450010e+01 1.384469555845333666e+01 2.480399442108148378e+01 3.304413393508421137e+01 4.702671967280183907e+01 4.336317483019170993e+01
8.175220331382775790e-03 2.000817522033102591e+01 3.300034668945959737e+01 4.128461807778021608e+01 5.128461823297124056e+01 3.176298769972186875e+01 4.111139316378655906e+01 4.948461882765565178e+01 5.492690255341253902e+01 3.484588829720641456e+01 2.059626390470505086e+01 2.492389801373764513e+01 4.527558946770977855e+01 6.092939617784317363e+01 4.817222782066505715e+01 2.800935894017564820e+01 4.817222782066505715e+01 4.642378617684235564e+01 2.918946745652665697e+01 3.048524173681895988e+01 1.085555298800696278e+01 3.051175611746783289e+01 4.760469534819773685e+01 3.775295067836892571e+01 4.341344708779647021e+01 4.915318461077085743e+01 5.069067525775393790e+01 3.046368352676566715e+01 3.190733018765465800e+01 5.192582012441178563e+01 3.942228375490628878e+01 4.193052545209025084e+01 3.305106349546277755e+01 1.459971935988825464e+01 2.733077432704919119e+01 2.706530073239315115e+01 4.700262113454527224e+01
9.124702163186202558e-03 6.333680022499971862e+00 1.300034668916669744e+01 2.300034668916687508e+01 4.300034669040471869e+01 4.590468117669497872e+01 4.590468117669497872e+01 6.619118787128053327e+01 6.010698232258525309e+01 4.004460477330467683e+01 2.580733334742643237e+01 4.527558946770977855e+01 3.671585011196198423e+01 5.696841087743471377e+01 5.416298320436791869e+01 3.429389538582523755e+01 5.416298320436791869e+01 5.402177545928375224e+01 4.317195491019700881e+01 3.229610781957743626e+01 1.239032692986455331e+01 3.229615675249735318e+01 5.080856891402629572e+01 5.730409571315334460e+01 6.268591965747073402e+01 6.221866575421702095e+01 4.224876702873665124e+01 5.069120568187830145e+01 3.823800856940262349e+01 5.799959138541899506e+01 5.344422545608787090e+01 5.106649212885469780e+01 2.973572617507405624e+01 3.414778760054799989e+01 1.539284421111370449e+01 3.545392347977070813e+01 3.683366515796103613e+01
2.239863785106879172e-03 2.000223986378475161e+01 3.300034668945959737e+01 4.128461807778021608e+01 5.128461845226669880e+01 6.619118787128053327e+01 6.619118787128053327e+01 7.460077618685363632e+01 6.229916678250758366e+01 4.223977149008173626e+01 3.253423378179243031e+01 5.261399177525004234e+01 5.107353872277892748e+01 5.696841087743471377e+01 6.101774892579464904e+01 4.162954362553745113e+01 6.101774892579464904e+01 6.407609312143600278e+01 5.044546945311217456e+01 1.543614925350683009e+01 1.397867227574659132e+01 3.384895327616487037e+01 3.006538936154662878e+01 4.463560633085795359e+01 6.571157703294274199e+01 7.039766137114605726e+01 5.387317087626774281e+01 6.466406078203179675e+01 4.513796172462423328e+01 6.466406078203179675e+01 7.307047358767074741e+01 5.967663543520359326e+01 4.948876521738807810e+01 3.646729682960422991e+01 2.864095301824424311e+01 1.618758166801584153e+01 1.678496627332866709e+01
1.766589122093755728e-03 1.414390221285316862e+01 3.414390221285387383e+01 4.673129112620713244e+01 4.872447556367989563e+01 5.700874681114150633e+01 5.867137959338466402e+01 6.695565084084526575e+01 7.059628554095547770e+01 6.091376392384970728e+01 4.152975003820842659e+01 6.091376392384970728e+01 7.119989118166030551e+01 7.707111058604641585e+01 6.867977773894098448e+01 5.310591040952360231e+01 6.867977773894098448e+01 5.775119584486446911e+01 3.480580998147017624e+01 2.267532511220469971e+01 3.384956878849816775e+01 1.620675185332832058e+01 3.614090800049227425e+01 5.517979141196501303e+01 6.380140818965714544e+01 8.179787348010925996e+01 7.367946904380322337e+01 7.270999841515286732e+01 5.577754375424862587e+01 7.270999841515286732e+01 7.179380229519823331e+01 5.309034551970466254e+01 3.958104383300121043e+01 2.827073599877796539e+01 1.830450175423454340e+01 3.467664488678107659e+01 3.683270300386074325e+01
