LEM/sinusoidal_perturbations/elevation_000879.asc
nrows	100
cellsize	150.0
xllcorner	0
ncols	100
yllcorner	0
NODATA_value	-9999
[rows 51 to 67 of 100, columns 0 to 36 of 100]
6.455108993161302530e-03 2.468284928579821180e+00 4.948979620364000631e+00 7.488982160367821272e+00 1.013804687449793107e+01 1.291154785562410012e+01 1.582884768558201571e+01 1.907327610819732300e+01 2.333729043530960823e+01 2.911079312720596590e+01 3.805506503720543776e+01 4.960207042099835917e+01 6.960207042334113225e+01 7.558006383256687855e+01 5.679911330901695266e+01 7.558006383256687855e+01 7.217169576462512737e+01 5.098906338260596982e+01 3.891776508946716717e+01 6.002490136780871666e+01 7.233503602707193636e+01 7.245173491606125538e+01 5.872454514977372497e+01 7.245173491606125538e+01 7.381762395044893310e+01 5.602650400573645584e+01 4.742076905915586593e+01 2.899324774921100811e+01 3.036987986923724847e+01 5.043055688887788790e+01 3.481527810619454755e+01 3.656783794211821714e+01 3.834599428863903370e+01 4.185415487088734920e+01 4.553680362613661714e+01 6.630267254802001275e+01 7.335294261091652857e+01
3.995603441288198172e-03 2.000399560344093430e+01 2.494897962037105543e+01 2.163111778409902541e+01 2.428018249822913432e+01 2.705368347935530338e+01 2.399381349485942039e+01 3.907327610824700059e+01 4.333729043539205605e+01 3.333729043530995995e+01 5.333729043547482007e+01 6.633933660961520218e+01 7.788634265812270030e+01 6.931974699138358176e+01 5.059419328825825346e+01 6.931974699138358176e+01 7.268652791820778702e+01 4.979608918662214734e+01 3.450885102912838676e+01 4.307463349744409697e+01 5.770625618961226877e+01 6.365662323205292239e+01 4.463914971903577822e+01 6.365662323205292239e+01 6.278584455729830438e+01 4.749919963275025481e+01 2.725620703872491646e+01 4.687143467217784831e+01 5.062835308044252258e+01 5.867896573099505986e+01 4.922424276226703910e+01 5.103035524126653399e+01 4.549290136061138412e+01 6.251136093645437342e+01 6.630267254802001275e+01 5.122995653618699663e+01 7.193894542099094735e+01
4.804567899273937473e-03 2.000480456789891903e+01 3.984098414409802302e+01 4.163111778413887265e+01 4.428018249828905084e+01 4.705368347944106233e+01 4.399381349491861926e+01 3.813594911859087233e+01 5.813594911879286542e+01 4.747942605904140834e+01 4.747942605904140834e+01 6.747942605960406581e+01 7.728477250614186289e+01 5.837585011052932060e+01 4.510901545725584327e+01 6.391414525577152972e+01 7.096773165213592449e+01 5.307719110347781566e+01 4.911591755945190130e+01 2.905060225473073743e+01 4.914804836664897181e+01 5.556956929484560703e+01 3.566125121034747281e+01 4.644064672115636228e+01 4.509485222885831490e+01 4.659917908734379211e+01 2.605666384753165232e+01 3.287771309368642392e+01 4.595664329730847442e+01 6.378914239329699143e+01 6.969057392658942263e+01 7.148361362067740288e+01 5.339253559398366633e+01 7.393411256329611092e+01 7.193894542099094735e+01 7.193894542099094735e+01 5.768271492448706539e+01
9.707512844716031236e-03 1.155671289663713175e+01 3.155671289663677470e+01 4.397502382728452375e+01 4.729011704026442686e+01 4.426856822936202462e+01 5.364695916126183306e+01 5.813594911879286542e+01 6.642022042995390052e+01 6.747942605960406581e+01 6.747942605960406581e+01 7.576369746279591766e+01 7.223759533390679621e+01 5.778594379896296829e+01 4.025812010065223490e+01 5.921286280602745933e+01 6.714209550999741793e+01 5.503969836475378230e+01 3.780564083257262098e+01 2.563324103877971893e+01 4.092725333365295626e+01 3.876550618374874801e+01 3.957211821246118433e+01 2.639717206115179593e+01 3.946470232553586754e+01 4.283077453660735756e+01 2.488755325395957030e+01 4.444839367140775011e+01 4.463280241538077320e+01 5.717023186860811990e+01 7.516730878090758949e+01 8.196383059232462642e+01 6.551018465354506759e+01 8.196383059232454116e+01 9.161380540775739689e+01 8.604671955490243818e+01 7.236449365223374741e+01
5.001202446392439237e-04 2.000050012024428270e+01 2.645227118463822436e+01 2.397502382728382031e+01 3.032063482593184034e+01 2.127707491968915221e+01 4.247165007880300180e+01 5.740573769985848429e+01 6.566202019902543441e+01 7.394535575117532744e+01 7.953717200618784489e+01 7.000655586431456356e+01 6.185690927205380518e+01 4.763865218520476930e+01 3.575773086679456014e+01 5.489138086876245382e+01 6.016742853659675205e+01 4.461689567407704260e+01 3.563000990285161151e+01 4.019152389150657001e+01 2.102540195053952488e+01 1.921339035574298038e+01 2.016534952916294543e+01 2.112212513100984879e+01 2.208831677439272667e+01 2.324658403867736567e+01 3.411419280770719809e+01 5.120814894097934200e+01 6.243548758044394731e+01 7.006407098200448047e+01 8.141982177390052300e+01 8.954540555955401260e+01 8.544143619851261917e+01 9.331516717177362352e+01 1.005602947758178658e+02 9.621597834019226525e+01 9.192224097662166571e+01
5.279685921607564676e-03 3.207842762023343841e+00 6.452271184638581403e+00 9.832888203552618833e+00 1.354679496709362496e+01 1.788805396847727280e+01 2.926413164179759008e+01 4.913115124459031335e+01 4.568506342480718274e+01 6.566202019902543441e+01 7.148342127565813087e+01 5.258051879496940018e+01 4.299647870766361279e+01 3.650544089156143457e+01 3.168424844822368769e+01 5.082633062187474593e+01 6.602336475056897314e+01 5.807866255992433935e+01 4.251486085253943514e+01 2.405082689377064398e+01 1.785795957203235673e+01 3.717313823358392000e+01 2.608910303889555848e+01 4.051542998293313502e+01 4.233812759696746753e+01 2.452730725901285780e+01 3.826957832724575326e+01 4.421085831078279682e+01 6.173382245006981606e+01 6.712801945312710927e+01 6.120816110110766317e+01 8.141982177390052300e+01 9.135201901855852213e+01 8.562895560128465888e+01 8.099506775405019710e+01 7.655367884850031146e+01 8.783171789094738813e+01
5.738623160518319517e-06 2.000000573862280362e+01 2.645227118461595950e+01 2.137989358734533951e+01 3.354679496709432840e+01 3.183710053817743102e+01 2.507290712014174616e+01 3.163120021593896425e+01 4.309463982474583332e+01 6.306753500575833726e+01 7.953717200618784489e+01 7.000655586431456356e+01 6.203197003531374065e+01 4.700942864999395709e+01 2.781987239862174022e+01 4.700942864999395709e+01 5.213432110542557041e+01 3.767463578416874270e+01 3.476395774825365237e+01 1.654871268003783413e+01 3.604017336973561214e+01 4.489468887891895577e+01 3.268858919716817724e+01 4.495685358749196325e+01 5.209031300509723650e+01 2.942069312584554908e+01 2.703262605619861247e+01 4.699212540002046268e+01 5.616533253169654927e+01 4.661871020389658327e+01 6.712801945312710927e+01 7.762640130289273088e+01 7.143754808460197125e+01 6.555927462202843969e+01 6.673610475601456926e+01 6.215166758865795060e+01 6.793237445242290562e+01
4.532054705376768917e-03 1.414666767843645268e+01 3.414666767844447293e+01 4.137989358735008949e+01 4.966416484340854254e+01 5.172087119814072764e+01 3.906000877356807877e+01 4.124045682820374026e+01 5.981520958799088561e+01 7.135069636639710211e+01 6.723921595476281254e+01 5.904226150039862375e+01 5.738684200974321215e+01 3.830857716398378443e+01 2.470511251104732153e+01 4.389647152473892788e+01 4.409578153159899472e+01 2.492546876593723226e+01 1.524230146694166699e+01 3.476453887071946980e+01 4.419811490444131152e+01 5.693562341664276261e+01 3.960233114131970922e+01 5.698669582370302322e+01 6.377223073008966026e+01 5.286394319995025626e+01 4.699213821344896758e+01 2.962036566290804984e+01 3.579792092218029609e+01 5.616533253169654927e+01 6.007114821359171231e+01 5.725412470481036564e+01 6.649827795580712575e+01 5.077509869951966692e+01 5.466090362861173446e+01 7.518465534439118869e+01 8.783171789094738813e+01
9.001595176218036079e-03 1.997758113579824268e+01 3.302112181570672789e+01 3.933326029761851572e+01 4.639549911452614595e+01 5.464894608107713481e+01 5.900303460761938368e+01 6.118956182737360194e+01 6.947120483058411367e+01 7.245662870683484869e+01 5.348584867283985744e+01 4.093791553751305656e+01 4.795777906377172428e+01 4.093518057082238926e+01 2.174128370834959867e+01 4.093517845802539767e+01 5.196742141500964607e+01 3.386846693132073227e+01 1.432478901067292476e+01 2.811281360599882717e+01 4.776746819224135976e+01 6.453545583353398740e+01 5.698702710267139793e+01 5.605658816277131251e+01 7.269785113817096089e+01 6.541235249021622167e+01 4.577407223284431126e+01 4.972459237024659728e+01 3.245391748550525080e+01 5.269083558699730219e+01 3.953326392744790496e+01 4.256589102038893202e+01 4.577112453627685085e+01 6.649827795580712575e+01 7.518465534439118869e+01 6.516324087775197427e+01 7.431309690101595322e+01
5.674351268809080251e-03 2.000567435126845339e+01 1.302519022114115543e+01 1.934972250002200056e+01 2.642065004084060931e+01 3.796388693233664213e+01 5.791331569838404647e+01 7.213226611344839512e+01 6.416947910542985767e+01 7.213204143909459276e+01 6.493231287826658615e+01 4.373167714561727593e+01 2.913644897461555061e+01 3.787703574650258531e+01 1.885548731971213954e+01 3.410425455084489954e+01 3.965378948456955044e+01 3.146485907746742683e+01 1.341045111468906903e+01 2.722443383578936960e+01 4.695765374831069039e+01 5.607258366896083146e+01 6.486741740933945266e+01 6.806439508114162606e+01 6.014769890218659043e+01 6.872811191903925021e+01 6.512573630351961640e+01 6.101819656516273227e+01 5.263055798759268811e+01 3.538218647124890737e+01 3.860879266513924790e+01 5.910753869916771919e+01 6.649827795580702627e+01 7.475048552326866513e+01 8.822576350347860341e+01 8.520606981103028943e+01 9.326321170991096210e+01
9.518805923843161668e-03 4.860231306705234289e+00 1.640644822507334055e+01 3.632506145672336118e+01 4.639549911452614595e+01 5.464880789850889187e+01 6.615960725001026788e+01 6.237564572320437151e+01 4.453727159684513026e+01 6.237426729915983969e+01 6.400830923765278158e+01 5.599264126357500970e+01 3.954062434350583999e+01 2.007749980724947747e+01 3.355372736971636982e+01 1.481464195723374822e+01 3.039266930099907427e+01 1.212181852949538019e+01 3.168457119359699803e+01 4.112345978831577042e+01 4.226653581033567519e+01 2.972548107506340997e+01 4.843993331908749411e+01 5.663093943518213536e+01 3.765493147904346927e+01 5.683140122910404557e+01 6.944632393662483594e+01 7.019275854634446432e+01 4.974716262849516113e+01 4.974949255484309418e+01 5.910753869916771919e+01 4.345870447543013881e+01 5.131576660823466796e+01 5.990738462908939255e+01 7.023642191096088538e+01 8.182352091546022166e+01 9.566599674945796039e+01
9.062254805971973678e-03 2.000906225480561673e+01 3.306318956882029880e+01 4.442086839915477015e+01 4.438032864378861575e+01 5.315982513024688672e+01 5.798137914010463589e+01 4.989421247937787740e+01 3.440401801095975998e+01 5.435336688411753414e+01 4.271562109467527080e+01 4.259657162236624828e+01 3.428104866464717304e+01 1.419274689731654426e+01 2.629137399639648009e+01 2.846560978736734171e+01 1.083528592022489256e+01 2.776987522286003696e+01 3.698607221210354368e+01 3.419587157858062199e+01 2.490717685721063290e+01 1.524235909985559445e+01 3.342428482511561327e+01 3.935799173042966714e+01 2.705087895332052028e+01 3.767345612248583109e+01 6.026541589411770872e+01 7.835891169526695421e+01 7.018031155354992734e+01 7.027787503326501906e+01 7.237120534242538383e+01 6.408120530026182848e+01 4.943111660997340806e+01 7.005366569703190294e+01 8.241523505713580278e+01 8.910878702819292130e+01 9.708595783271123025e+01
3.063233560239582431e-03 1.549198971499730426e+01 3.370164212585185481e+01 2.840942017254645080e+01 2.179404860850877057e+01 4.438032864378861575e+01 4.646320038491099780e+01 2.976903732527709678e+01 2.710358978042795286e+01 4.730020791405306824e+01 4.271562154288326241e+01 2.247042996835184425e+01 2.661767194480812648e+01 8.833986694045126598e+00 8.754390810982865645e+00 9.609735959262968308e+00 2.632292845631709355e+01 2.867058633102145038e+01 2.980123594489736405e+01 1.078693067765603786e+01 1.113765173477036896e+01 1.148685385921823787e+01 2.426788014398124105e+01 1.867890217204394077e+01 3.918744786388991486e+01 5.268541629479017985e+01 6.710211889579552746e+01 7.812507201497197684e+01 7.913800563495293261e+01 7.108046592429253963e+01 7.915936517360459845e+01 7.819592000931888265e+01 6.417791920280399154e+01 5.628502908333757659e+01 6.237279959260976625e+01 6.927965381945590195e+01 7.935866417908844994e+01
5.666595628964066558e-03 1.997307985240689732e+01 2.509148400004525215e+01 8.783117891125783450e-01 2.790084418640511643e+01 3.932595672944899690e+01 3.163418187508120738e+01 1.781221434871819653e+01 2.977348981990589394e+01 5.010039664642375357e+01 4.858192773522532093e+01 2.361027115657482867e+01 1.071938920692872266e+01 8.314371629972143296e+00 2.774902875375093814e+01 9.238364944345059726e+00 9.586865239575592668e+00 9.937842936615490785e+00 1.028947075050547078e+01 2.310615528233191540e+01 2.797266422327668778e+01 2.962725159671285269e+01 1.197911954923626432e+01 1.486231176227906481e+01 3.176622922985369257e+01 5.383336463775680159e+01 5.012112394164481088e+01 6.412309797830785385e+01 6.925732142175958472e+01 5.126687929675549782e+01 6.925732142175966999e+01 8.084108474654867393e+01 8.421091730989208202e+01 6.483750877748028074e+01 8.241523505713580278e+01 8.854013675455477994e+01 9.708595783271123025e+01
2.110006612196471242e-03 3.143433305538771427e-01 6.266150554121507898e-01 9.391690603364456491e-01 1.867887248650444754e+00 2.551715698089872575e+01 1.114350945469968046e+01 3.163417989266662289e+01 4.646291705015556772e+01 5.850628376413870768e+01 5.779148414859381688e+01 4.039454687635548424e+01 2.815860957929702835e+01 7.999661156243482729e+00 2.707124686452481299e+01 2.975391182562383108e+01 3.060799445647313277e+01 2.590330490380523898e+01 1.222059129889622575e+01 2.097497563805068665e+01 3.629778563876663355e+01 3.443338954023464993e+01 1.232769029922851978e+01 1.436091903424956762e+01 3.358768083214951616e+01 4.183545449039472430e+01 3.512958590545306237e+01 4.971505808532638326e+01 5.418646135758756799e+01 4.082844361745419093e+01 5.281506260299439504e+01 7.263913392845465467e+01 8.953155897751251757e+01 7.909302352438562878e+01 8.122259807487600369e+01 1.005547680944703899e+02 9.749169731398460215e+01
9.367352646185668139e-03 3.360813829643969797e+00 1.032097406033614817e+01 1.439176227276635878e+01 1.376763363336666934e+00 5.264991724992675870e+00 2.570936675590461817e+01 3.988171144467731466e+01 5.822548349602713813e+01 6.301319186568859720e+01 4.472852808842006311e+01 4.436078318957011390e+01 2.825984136981962536e+01 7.683526363775984080e+00 2.579237721704356545e+01 2.293114921947297447e+01 3.878211808275479910e+01 4.719471152933606106e+01 4.348918734277110332e+01 3.178219402396758753e+01 4.395793936798126822e+01 2.595297047426954862e+01 1.267866911757581327e+01 3.238840310067026707e+01 1.764587730899813423e+01 2.060327407124412602e+01 2.412290713653967700e+01 2.839939454528718343e+01 3.322034885637700086e+01 5.418646135758756799e+01 5.195867885457164448e+01 6.197827968690721434e+01 8.152273078460535771e+01 9.851706173632490504e+01 1.005547680944703899e+02 9.224076998558444984e+01 7.444717781925162114e+01
3.648181865326004768e-03 1.564824771685164428e+01 1.999533952207809406e+01 2.152433827124924193e+01 1.684534775914875215e+00 2.146285517320647429e+01 3.312530950085058379e+01 3.105924890580681463e+01 4.494170563712102506e+01 6.052950460601154958e+01 4.581820560462842451e+01 2.569951026429113128e+01 1.554734124984247501e+01 7.365866159178996675e+00 1.394809790188637777e+01 3.022297063552910856e+01 3.214454002375941855e+01 4.366251712926479911e+01 5.821574104291577356e+01 5.610844354655110067e+01 4.772835990055334321e+01 3.299929508146645674e+01 1.303076944715134822e+01 3.299447973430599745e+01 3.830759101781237774e+01 4.183545666095297832e+01 3.952076372351508127e+01 4.337738475140621119e+01 5.418646135758756799e+01 6.234540216278170277e+01 7.174088873750190487e+01 7.977848948641664606e+01 8.958072913567157514e+01 1.029678521333091652e+02 8.887447853193967262e+01 8.058892780219800045e+01 6.258125891530237084e+01
