LEM/sinusoidal_perturbations/elevation_000504.asc
nrows	100
cellsize	150.0
xllcorner	0
ncols	100
yllcorner	0
NODATA_value	-9999
[rows 51 to 67 of 100, columns 37 to 73 of 100]
6.223272374712569643e+01 4.613175768135516819e+01 5.070180136174127483e+01 5.949566815402717879e+01 7.103203681140338688e+01 9.125662908979361987e+01 1.028488967476859699e+02 8.896376592154055629e+01 6.872746875657216492e+01 8.896376592154055629e+01 9.454411667447698164e+01 7.267508696776658894e+01 5.553940541258123176e+01 5.719127381490650919e+01 7.739076057607810810e+01 7.789698858508354817e+01 6.979994960490603262e+01 5.284452876882748029e+01 6.713153842526075721e+01 8.727914217936906027e+01 1.000076957978401566e+02 1.058766121060243108e+02 1.002155846317810983e+02 1.143819713941986578e+02 1.024479104399106291e+02 8.451870636745846355e+01 8.348708240502618594e+01 1.030341342710820385e+02 1.129109451257812964e+02 1.211401452383393007e+02 1.283895935966819195e+02 1.202644858805651751e+02 1.025232793159441940e+02 1.171890969318299653e+02 1.252069053792656632e+02 1.112742922734066298e+02 9.165159888086613194e+01
4.251663335500261098e+01 6.223538091282174634e+01 6.469840286869047929e+01 7.896588396759500483e+01 8.797037778086935589e+01 9.965610446765674624e+01 9.455993836178630829e+01 7.436162305455344779e+01 6.288969840485155771e+01 8.335122691740055245e+01 1.028614625826404847e+02 8.528404367557904209e+01 6.566709480019567025e+01 5.363766124197833562e+01 6.951528331291697782e+01 6.929237309378957832e+01 4.965500982450252110e+01 6.979949951640112715e+01 6.713153791061047571e+01 7.879038142351963359e+01 9.300258739962724519e+01 1.130514598963513464e+02 1.202571397114512592e+02 1.081287363859678265e+02 8.856123989044772316e+01 7.463316378549143337e+01 9.429242692314150531e+01 1.067044980903927041e+02 9.333624068041710586e+01 1.097892489209622795e+02 1.185701448079332749e+02 1.302158563046413349e+02 1.163621961546108849e+02 1.302158563209873705e+02 1.269850771644209999e+02 1.172324946144280062e+02 1.016351331272673235e+02
4.590236434096322427e+01 5.981819551804608182e+01 7.986281678243705073e+01 9.323270372839080267e+01 9.247319253624345947e+01 1.007799063193821922e+02 9.237042040969703294e+01 7.214386083298536789e+01 5.742325498370587411e+01 7.806808297293055432e+01 9.084602611702690922e+01 9.376813552974796551e+01 8.213723904852339786e+01 6.951707382545903613e+01 4.937981361756867216e+01 6.540672606608066530e+01 4.747630458311343915e+01 6.758841080458162764e+01 7.717510115705233886e+01 8.479567813568495183e+01 9.314122008033574218e+01 1.047601870477221553e+02 1.073895398926084823e+02 1.016168752782732270e+02 8.978228264267937675e+01 7.002500147443876699e+01 8.793135755734155623e+01 8.711905230088001417e+01 8.203497270847830691e+01 9.080251392072915451e+01 1.045832007647020419e+02 1.242808440058297492e+02 1.359329701088432216e+02 1.326683156701486723e+02 1.131332332593683816e+02 9.940060814369465447e+01 8.971027702240240842e+01
6.568912876187181382e+01 5.981819551760112574e+01 7.986281542397792066e+01 8.918207649570852880e+01 7.237114112774897023e+01 8.918207649570852880e+01 8.805810341853270984e+01 6.770543117036984881e+01 5.301917495639450806e+01 6.205268851801886143e+01 7.644935731752276808e+01 8.160814266561214936e+01 7.330309611075645648e+01 7.782279369556309234e+01 6.540035398409916922e+01 4.532135836114201055e+01 4.532135836114196081e+01 5.029720632521839008e+01 5.698872756176620413e+01 6.463481146140004796e+01 7.629964663937245462e+01 9.640201951488081988e+01 8.771973398962052215e+01 8.196334958964551731e+01 8.547089043263312647e+01 6.561406164707676680e+01 6.812865119152525040e+01 7.315894035032310683e+01 8.711905230088107999e+01 1.067044980940675742e+02 1.185701448068132038e+02 1.171420671864211727e+02 1.255861489871779639e+02 1.334261287414829837e+02 1.141083586031398767e+02 1.006995233308315960e+02 1.091277672850713145e+02
7.786416244767852390e+01 7.986281542397777855e+01 8.823411580244038532e+01 8.086726774428541376e+01 6.070544207699509798e+01 8.086726774428541376e+01 9.393305107477470983e+01 7.366659085658952222e+01 6.804707602742207939e+01 4.765955433023416532e+01 6.804707602742207939e+01 7.312402937146401882e+01 5.303000993057562340e+01 5.880936694977603452e+01 6.034449763683683443e+01 4.253130243220432050e+01 6.259469929991690407e+01 7.044629240692192695e+01 6.303576182660683713e+01 8.319807898246111222e+01 9.314122008033574218e+01 1.016168752782732270e+02 8.196334958964551731e+01 6.789997095516351067e+01 7.712562502362264638e+01 6.138518328547358038e+01 7.299216538751370820e+01 9.272077044524631617e+01 1.010125672213308690e+02 1.069512285751573160e+02 1.137856052479653926e+02 9.668083813555726636e+01 1.106459399398835046e+02 1.190963113354211060e+02 1.278423937684885772e+02 1.197664024792576214e+02 1.232539835136762321e+02
6.872310853018609578e+01 7.866206551971400529e+01 8.749055027261123030e+01 6.735799622151301946e+01 5.356052474873305158e+01 7.373898591906443301e+01 8.674193934817756713e+01 7.895611360560870651e+01 5.850934382393883482e+01 4.442806923731555457e+01 6.449806403962972468e+01 6.461236675998192425e+01 5.437889889913024888e+01 3.874423539643170500e+01 4.028454969815765452e+01 6.034161246748851681e+01 5.669692851209502038e+01 7.683380134166075948e+01 7.730633463178779152e+01 9.154374780879562934e+01 1.004852547264748637e+02 8.910213343535981778e+01 8.094399226246510182e+01 7.340938978907091439e+01 5.711308582398670097e+01 6.875389467023732948e+01 8.856127000517021486e+01 1.008860422714540590e+02 1.009549279605655272e+02 8.650688902415450343e+01 1.009549279605655272e+02 8.489076472449475830e+01 9.020019744618936386e+01 1.106459399398836467e+02 1.154744082049922298e+02 1.240452163100938918e+02 1.364192263438769999e+02
5.055062242974902631e+01 7.035894079055618988e+01 8.193403289704157544e+01 6.735799622151301946e+01 4.720043291628071103e+01 5.827344174462344029e+01 7.842139916523539966e+01 7.559468535983639015e+01 5.523551398154220493e+01 4.136825284128867253e+01 5.687124227322755843e+01 5.456962471336573373e+01 3.659399359174395272e+01 5.667464941271544632e+01 4.693955096662069337e+01 6.679731302159032680e+01 7.683356349253742223e+01 8.515849876480845637e+01 9.742200809989179788e+01 1.051688803872874303e+02 9.233879750437888845e+01 7.260241588303186688e+01 6.100451519778712139e+01 5.336904501305227910e+01 7.340938978907091439e+01 8.530622015465498009e+01 9.672495518032199868e+01 9.771883126118156326e+01 8.926003232437840040e+01 7.207949785217510907e+01 8.817193166219307443e+01 7.575003589277956451e+01 9.020019744618936386e+01 1.106459399398754329e+02 9.480660734814270540e+01 1.121086041858358868e+02 1.114269173316601069e+02
6.872305199098973105e+01 7.866189548850624647e+01 7.360953302327192205e+01 5.345041502202804651e+01 4.182851471016157774e+01 6.197066081862832476e+01 7.763996593507430077e+01 8.152005448580653990e+01 6.119839581878841273e+01 5.687045386573200290e+01 3.718129148357002123e+01 3.445993912248930968e+01 5.456962471336575504e+01 6.500095767343549369e+01 6.101471554350872850e+01 5.954085567169850179e+01 7.350145675126915989e+01 9.324540335772638855e+01 9.376979995935801071e+01 8.558788804211393142e+01 7.724694287916106816e+01 8.910213343535981778e+01 7.097906507552976052e+01 5.093999564259149793e+01 6.515795693323819648e+01 8.503246358068821564e+01 9.068427156378010068e+01 8.596088722150078354e+01 6.891786804769361652e+01 6.310203346896005883e+01 6.777723761291949245e+01 8.817180234930765437e+01 1.046462303957694076e+02 1.018707058931958045e+02 8.289020704653297855e+01 1.001533498903197454e+02 9.334936554327946112e+01
6.988910238982249723e+01 7.109054147988153716e+01 6.275994499713926444e+01 5.767634083936383149e+01 3.740475714415271113e+01 4.915874390982560982e+01 6.931159462430943563e+01 7.415983348058894364e+01 6.583585753990746525e+01 5.956060076454757990e+01 5.123391389162318887e+01 3.295415982364614393e+01 4.459612731652924822e+01 6.469552236967241754e+01 8.075823605341361144e+01 7.928432334012856586e+01 8.753481610899576992e+01 8.528881931908895808e+01 8.558788804211393142e+01 6.567816928369954610e+01 6.307814674982104464e+01 7.355031472436317586e+01 6.532660057649381713e+01 4.858969786707728389e+01 6.861743801186544545e+01 8.431683927866022543e+01 7.027677279972219537e+01 7.746223783515156924e+01 5.744749946745004365e+01 7.751547830333343825e+01 8.817193166219307443e+01 9.663306322574138107e+01 9.585754810541453708e+01 8.130631021011851089e+01 7.360986280483076882e+01 7.957891599869996924e+01 9.000576959012612122e+01
5.531557712925288683e+01 6.275993735447553945e+01 4.267354567599817727e+01 4.855670652773766705e+01 3.290150082650691843e+01 5.313270727767646662e+01 5.509844395780842774e+01 6.329670945046285624e+01 4.571944994769881276e+01 4.941087785609136063e+01 3.105624872685650217e+01 3.786997473030699268e+01 5.714817254386831991e+01 7.302170234525931392e+01 9.025996182372857390e+01 8.881826076285939564e+01 7.947163931653450675e+01 6.530090946396838092e+01 7.154068464524412718e+01 7.148327575900427178e+01 5.094345357460471746e+01 6.212461985970109168e+01 4.532921488206916649e+01 6.452204983610819511e+01 6.390477497693954945e+01 6.495511986818200967e+01 5.595355931166291441e+01 6.899453973522605565e+01 5.365255908103068094e+01 6.796969889459538194e+01 8.825517604712108266e+01 8.970368473800944287e+01 8.119653869586983319e+01 6.671031695417399021e+01 8.732977657685430017e+01 1.004838169410518987e+02 1.002200300223326224e+02
4.628815639863144327e+01 5.589617925610188109e+01 4.855670633299651939e+01 2.923997088474231276e+01 4.379832644369593453e+01 2.596468318089212346e+01 3.665228918633306421e+01 4.633924585547840991e+01 4.761420529765356235e+01 2.920296207097379337e+01 4.351861344292412781e+01 5.714816866370459536e+01 4.967696401366622183e+01 6.122486852781769784e+01 8.193632827487418524e+01 8.042487413364182203e+01 6.103608235992719955e+01 5.129946876263463196e+01 5.142378551873239445e+01 5.824523388280828584e+01 4.319062179024486170e+01 4.218542438316260501e+01 6.123734121659125407e+01 6.236703470492265922e+01 4.375665136631009489e+01 4.483271560522815236e+01 4.591055844358922400e+01 4.632540201713280936e+01 6.899774882649700203e+01 7.152383090565538737e+01 7.345591529004310871e+01 7.543963615869138550e+01 6.059579476725058811e+01 8.014384955241293085e+01 8.573449570421122701e+01 8.622151573331041163e+01 8.030188238352313590e+01
4.012888124329789719e+01 3.572643610445549456e+01 4.226039840767414546e+01 3.743500423500936591e+01 2.358911236462975580e+01 2.423179757775519860e+01 2.488232711370758210e+01 2.613030955340758865e+01 2.739089849282895628e+01 4.761420512180873033e+01 5.773960481943485235e+01 7.195997987993756340e+01 6.997856141460104595e+01 7.309294817309454118e+01 6.463904006685677928e+01 6.803970468261471183e+01 6.350682713800402013e+01 4.571296559584143182e+01 3.721244810363404554e+01 3.814654780508271159e+01 3.908133041026325571e+01 4.012197477625473141e+01 4.116635037099602812e+01 4.223508136526087497e+01 6.236515735069703936e+01 6.499493849221673258e+01 6.609170885671885287e+01 4.755883455857333075e+01 4.919215387297106901e+01 5.111032052018953209e+01 5.297525385187826430e+01 5.488473719529541484e+01 5.713138554968888627e+01 5.944357334909869905e+01 7.428088378495527877e+01 6.645411331143624523e+01 6.901784709881702895e+01
2.083396370409753828e+01 2.145060032594131627e+01 2.207067910048952797e+01 2.269208131675923568e+01 4.231905070400473079e+01 4.380907157653732042e+01 4.510914172855968474e+01 2.596011111011911510e+01 4.593126550274548947e+01 5.549921337804594401e+01 6.079145037134111362e+01 6.906840364026230361e+01 6.232999406245562568e+01 5.478144872249120567e+01 4.442362990268332368e+01 4.792849778012099193e+01 5.471855320083623297e+01 3.589726841986649930e+01 5.601141211998992731e+01 5.824523388298743498e+01 5.871934108902932792e+01 5.111862038162370681e+01 4.637651451287199933e+01 4.898495354169806859e+01 6.570881106928207771e+01 7.195398567932296885e+01 4.968601834781512139e+01 6.047499070760061102e+01 6.954602748254838218e+01 6.554855971824954963e+01 6.481562524614457743e+01 7.543963615869172656e+01 7.174851887464227218e+01 7.826438151187065273e+01 6.285313060807409613e+01 8.390648860383905117e+01 8.030188238352313590e+01
4.100890456445243615e+01 4.156305030201542650e+01 4.225903421258101389e+01 2.635447782909496084e+01 2.984009885092168091e+01 4.931339213134401689e+01 5.453831120767020479e+01 4.619908867784451445e+01 2.704644030188865855e+01 4.729467439362113623e+01 4.065762320036330379e+01 4.998654987190767685e+01 4.905869027371908686e+01 3.184652875941257122e+01 3.275726490783723222e+01 3.367087959206619274e+01 3.458542982240626884e+01 4.060704200413442777e+01 5.400099708318823843e+01 6.953714397718830753e+01 7.591663284875430406e+01 6.872201293160301816e+01 5.240302374560142340e+01 6.805939830411783475e+01 7.784112896549801519e+01 7.147569048948047055e+01 5.121644545598968534e+01 7.100886846428817023e+01 8.353605030468668247e+01 8.594941970967553857e+01 8.525877098607402615e+01 9.373736020502413169e+01 9.229042750908749326e+01 9.307254207500420762e+01 7.725011178002176848e+01 9.679542623686825209e+01 1.002200300223326224e+02
5.991452444364158936e+01 5.150867790167292526e+01 3.152572578354842392e+01 4.577023732524082789e+01 5.008150901556525270e+01 3.796419780875463346e+01 5.834965027426124351e+01 5.548874676785167992e+01 4.684926446173693648e+01 2.814476717519659488e+01 2.892906585304713829e+01 2.974303793366837567e+01 3.056219440961611511e+01 4.510660168510137424e+01 5.248196319347662353e+01 5.381476550943800419e+01 4.349918489588051074e+01 6.083806953553148134e+01 5.111799477556041182e+01 6.732377919447142745e+01 8.922436478628283396e+01 7.798333008791128407e+01 5.837018015736800436e+01 7.798333008791128407e+01 8.471058550073932736e+01 6.447083817929595284e+01 5.276437594635223149e+01 7.303412580427325906e+01 8.369141796822979984e+01 9.192277602899567057e+01 1.003487347581301634e+02 1.106675576544929385e+02 1.023027639849691184e+02 1.099314000599537877e+02 1.068073011678232689e+02 1.140291587960074509e+02 1.179330824568931604e+02
7.166761493862657062e+01 5.585670982037676424e+01 3.556601799418587717e+01 5.585670982037676424e+01 6.482476082381245419e+01 4.434879015122474755e+01 6.482476082381245419e+01 6.267339429166937492e+01 4.249940992742926937e+01 4.839389738749382985e+01 3.225848868012530346e+01 4.841391825127709581e+01 5.078491162159109962e+01 3.332176757639995657e+01 5.032844739572343684e+01 6.136226701602755895e+01 6.268152819173062795e+01 5.912062614441462927e+01 7.158166576857728103e+01 6.566911364505529036e+01 8.585582929342184855e+01 8.385465886434916172e+01 6.438166429208831687e+01 8.385465886434916172e+01 9.307584759654585582e+01 8.141702621478965796e+01 7.303412583198893060e+01 5.501638431628695258e+01 7.528502322505742939e+01 7.169723247547898382e+01 9.192277681227272979e+01 1.005060753105548486e+02 8.282074860698277519e+01 9.550590994256218380e+01 9.678210065251342087e+01 9.973422227398738471e+01 9.838749052730628364e+01
7.473793264869460984e+01 5.461784501384062196e+01 4.022381498371340314e+01 6.051088224396926307e+01 7.337482590714191133e+01 5.340581337862392530e+01 7.337482590714191133e+01 7.105314580623777942e+01 6.269950758713806493e+01 5.600512853105593081e+01 3.561621711452814765e+01 5.444035026180706893e+01 6.195405121188928632e+01 5.383242653237532949e+01 3.611196626557401856e+01 5.030378596321008189e+01 7.039410664945705776e+01 7.852719463280615741e+01 8.686042426341414568e+01 8.585582929342184855e+01 9.427267080750287676e+01 9.084661227390418503e+01 7.107038159535701993e+01 9.084661227390418503e+01 9.974674326676029068e+01 7.945789497379524846e+01 6.516971680368243369e+01 7.528503256667588062e+01 5.737830442868187220e+01 7.762115656140676379e+01 9.609878094710279584e+01 8.771280749860937931e+01 7.231503792482318715e+01 7.572334259667353251e+01 7.921652952619406562e+01 8.282171252240068782e+01 8.655917733378312562e+01
