LEM/sinusoidal_perturbations/elevation_000360.asc
nrows	100
cellsize	150.0
xllcorner	0
ncols	100
yllcorner	0
NODATA_value	-9999
[rows 34 to 50 of 100, columns 37 to 73 of 100]
7.317119166907988870e+01 5.321033008673384757e+01 7.317120124177090190e+01 8.688619618759912555e+01 9.414934573498356940e+01 7.542778921251255042e+01 8.611956418126830215e+01 1.017173886770961388e+02 1.129860272115613355e+02 9.305150400205400274e+01 8.154201573991240082e+01 7.577735541893811444e+01 9.572619874773842241e+01 1.064674416802884735e+02 1.003741641644687945e+02 8.279424151299465962e+01 6.281895483387071977e+01 5.692409774064064720e+01 6.835530727399479645e+01 5.002772755802307358e+01 7.019943853007059431e+01 7.899150069046113742e+01 7.340023958484553646e+01 6.879039317279978150e+01 7.123451091870020946e+01 5.679142153696012230e+01 7.685064559831648978e+01 8.754674652758178865e+01 9.609671580173461791e+01 1.043043370214893173e+02 1.044418669290991204e+02 9.625385325529171610e+01 9.625385325529171610e+01 9.853336400908811754e+01 1.182621980107049353e+02 1.277735882195477188e+02 1.181471509772055413e+02
6.032115599092926317e+01 4.736156904255454236e+01 5.904562781269570593e+01 7.883355975093839163e+01 8.611956418126830215e+01 6.656547471884836398e+01 7.424644040792048827e+01 8.801182793504395363e+01 1.073367048331105735e+02 1.097600883006566619e+02 1.014768324261828525e+02 8.210441854883826807e+01 1.020259308199864847e+02 1.061690152500484317e+02 8.635892043134168716e+01 7.229092204133677058e+01 8.279424151234292140e+01 7.702787298761086276e+01 7.311274105808209356e+01 5.299314655097361992e+01 5.094458785081683061e+01 7.089861191210977154e+01 5.284910110680252160e+01 5.353944888579781036e+01 5.423331398674228154e+01 7.440068740015286153e+01 8.364071145949073127e+01 9.771326336649404709e+01 1.076684198799823662e+02 1.054517208766665988e+02 1.054517208766665988e+02 1.136633135853776366e+02 1.160012479732211688e+02 1.182621980107306854e+02 1.264762766321752565e+02 1.216415886042637027e+02 1.101195555261835040e+02
4.036623502951779585e+01 6.032115668207269721e+01 6.682296249252826215e+01 6.983696166359717949e+01 7.294605175487619420e+01 6.016541225923182878e+01 7.993601797900426220e+01 8.930281577616437971e+01 9.732816246939270854e+01 1.084837003498110306e+02 1.090625542155842709e+02 8.915996529468067422e+01 1.090625542155842709e+02 1.061690152500484317e+02 8.635892043134168716e+01 9.216116286779251254e+01 8.873982522000713402e+01 7.532999114805571139e+01 5.733300624297802273e+01 7.305252160570583442e+01 6.207154251867101635e+01 5.187965751024361793e+01 7.133855138629522230e+01 7.368924417312030073e+01 7.440362142370432252e+01 5.529463384118346170e+01 6.958004820499517962e+01 8.463917290111498914e+01 8.790979388722219312e+01 8.541811829837159564e+01 8.541811829837159564e+01 1.054517208766665988e+02 1.096899903452489866e+02 1.179689132299724434e+02 1.132779006361217000e+02 1.050725040709719309e+02 9.368805320460728581e+01
5.870580143461862832e+01 4.400450577873551339e+01 4.671232005721402203e+01 4.974940131703792900e+01 5.293710381245429630e+01 5.841496286752729361e+01 6.406084750407794104e+01 6.986097960561966147e+01 8.115841151338715065e+01 1.004282801186674305e+02 1.173569304430556883e+02 1.006318332990248763e+02 1.173569304430556883e+02 1.143894078975958735e+02 1.061690152500484317e+02 9.694980403113117973e+01 8.158335416557416409e+01 6.179697585802352933e+01 7.729381051764005406e+01 8.475951408636694850e+01 6.885939140134222214e+01 7.221971791338012281e+01 5.660219169286499863e+01 7.662833768070494500e+01 7.539689016050517978e+01 7.541370486762346559e+01 5.635419836304463104e+01 6.800617750619737478e+01 8.564283293617452841e+01 7.170140388356593064e+01 9.107929731759070080e+01 9.583130869567413868e+01 9.009085479980910804e+01 1.096899903452489866e+02 1.050724996832402098e+02 8.524006730432418522e+01 9.104877841200618604e+01
6.056072492196125978e+01 6.405928864492072705e+01 5.442822762798321889e+01 6.983696166359717949e+01 6.720592627589795143e+01 6.365277549797368550e+01 8.299868269122360687e+01 8.930281578708762424e+01 8.221946403661783620e+01 9.583208482174353549e+01 1.151551105875696095e+02 1.205790943124208638e+02 1.288947627562460241e+02 1.157956728613162056e+02 1.058746233220363848e+02 8.881580957772943918e+01 6.907655209541182728e+01 6.589796752663674795e+01 8.557718743857145682e+01 9.866048193990727100e+01 9.065773655487983262e+01 7.992299557796776810e+01 5.998399510007962476e+01 7.987887145515604459e+01 9.517392059967248485e+01 8.465538005932820909e+01 7.059500681921943510e+01 5.740993423993821665e+01 7.744016018747447561e+01 6.527991148107983577e+01 8.403486374722592700e+01 7.638466297444267639e+01 9.583130869567413868e+01 1.057643339653154726e+02 9.667944584632896010e+01 8.846898967880149200e+01 7.113221369409487238e+01
7.269592364746814894e+01 8.284774721969090194e+01 6.488561411544714019e+01 8.311114747848101558e+01 8.680394053136149068e+01 8.054721643186530855e+01 7.737603307213609583e+01 9.657295947652887946e+01 1.014916061350676983e+02 1.095522276097856320e+02 1.105157037407143150e+02 1.105155634956706052e+02 1.187525624452195672e+02 1.075298945883409516e+02 8.773470723846591568e+01 7.788288613644823499e+01 8.300451887947141927e+01 8.557718533043120601e+01 7.197240867680619658e+01 9.156231966278262746e+01 9.723604264985421253e+01 7.754995099227399180e+01 6.346163180873219289e+01 8.330994128419638400e+01 9.711324839659670261e+01 9.871581739331529093e+01 8.471011958301154721e+01 6.826882703518360529e+01 5.846021844457140304e+01 5.920023240633878459e+01 6.587883032668536032e+01 8.543663932269957684e+01 9.499797175609073463e+01 8.600041267022510283e+01 8.602918983518287632e+01 6.855515883641183450e+01 7.457364845842720058e+01
8.856566626788247731e+01 9.372008333437827332e+01 8.572074241219331725e+01 9.404511425501353017e+01 8.777000670340292743e+01 9.544891184500986014e+01 9.657295956236066559e+01 1.046065063111257700e+02 1.131967135089834358e+02 1.043876048522979119e+02 9.001985225760057574e+01 9.001985225787861111e+01 1.105154668619723708e+02 1.157956728613162056e+02 1.058492981568907396e+02 8.926334773904356723e+01 1.026368891999976256e+02 9.606338836109416945e+01 7.644367092279537701e+01 9.606338976228994397e+01 1.030086535078014123e+02 8.331587042638479090e+01 7.240906637795679046e+01 6.937409543500260156e+01 8.914725722668575258e+01 1.056583274393967145e+02 8.634088652562816435e+01 7.454777882705126046e+01 7.845726108887629380e+01 7.917884671581988698e+01 6.025235508742955659e+01 8.021181037882902842e+01 7.603035461014412988e+01 8.364389411615456993e+01 6.611225789464148761e+01 8.602918983518287632e+01 9.445604966863689356e+01
8.999703279276342016e+01 9.277543206612406834e+01 8.466211096119123170e+01 8.224341734848054841e+01 6.524765520802617402e+01 7.828770266827699231e+01 8.682993545272032065e+01 1.070790401000927261e+02 9.275119335671951148e+01 9.602289617705116598e+01 7.519275178386583036e+01 9.319721505955870100e+01 1.015837308319412529e+02 1.118182594229026137e+02 1.171847143497947457e+02 1.090248679883084151e+02 9.831803446351540288e+01 8.440178101460109872e+01 8.772711433430185934e+01 1.042505420740400837e+02 1.081421105665112918e+02 8.853750190088564409e+01 9.213783465032534536e+01 7.384093479390239168e+01 8.781885293587396291e+01 1.074065259024655319e+02 1.021317392996957381e+02 9.404857855783362197e+01 8.737706926646752947e+01 6.746943113129098890e+01 6.847640607754078701e+01 6.131095672490131676e+01 6.205775893595644987e+01 6.372824580169290698e+01 8.365038574647566350e+01 8.602918979489558637e+01 1.058588714119745617e+02
7.053158727023109975e+01 7.547045263721365416e+01 6.529954392638067873e+01 7.209207749448083291e+01 5.209030522308071198e+01 5.737041944424671414e+01 7.828770266827699231e+01 9.679161495740980570e+01 7.798146288119723124e+01 8.907952618295493608e+01 6.811616069638273530e+01 7.231991332587665511e+01 8.287064115023174793e+01 9.756681931712182632e+01 1.179075449889918161e+02 1.262933926475295294e+02 1.106930728394907959e+02 9.093998346358921481e+01 1.074509537698673256e+02 1.156500209818309344e+02 1.163703118570471702e+02 1.040237584112145299e+02 8.444195626804091148e+01 8.088002522153125540e+01 9.355578076617719319e+01 1.132069762941315787e+02 1.095757310540006557e+02 8.970788802666511685e+01 7.556376372992482970e+01 8.737706926646752947e+01 8.740147854245074655e+01 8.125499530694946770e+01 8.195697947187063903e+01 6.323745752547934984e+01 8.316737275905832405e+01 9.249474250009943432e+01 1.052044718257231324e+02
6.002650153964125934e+01 5.865891855585046244e+01 5.451329422888973397e+01 6.164229762502225185e+01 4.255731958696268435e+01 6.349686331961396490e+01 7.502245452404335424e+01 8.354372285010531130e+01 6.743549512519537359e+01 7.627945190493396410e+01 6.176297276061064423e+01 8.275878935145591697e+01 1.015837308330000610e+02 9.512062437932358705e+01 1.035263542711813614e+02 1.179354982926127633e+02 1.188947044895878804e+02 1.048978232297696422e+02 1.048978232297696422e+02 1.246840430446168426e+02 1.178957065192890639e+02 9.827794311811355499e+01 1.040238529866043820e+02 9.223347662285610227e+01 9.475767611287628256e+01 1.143235287611509960e+02 1.070054882569267818e+02 8.712424051590430452e+01 8.970788802666511685e+01 1.037481086530027170e+02 1.034475085200591451e+02 8.896342672586555977e+01 6.912852717819622228e+01 8.104205378995611397e+01 6.444288978542657276e+01 7.850107995472336597e+01 9.110974014641418250e+01
5.395037004829909932e+01 4.793541340621668922e+01 6.006942607583676619e+01 4.148340218134613622e+01 3.674174743076153504e+01 5.741811777138848782e+01 5.410176345760077510e+01 7.502244816785089654e+01 7.627943658063711041e+01 5.533957266890969606e+01 7.627945190493396410e+01 9.043029997507045437e+01 8.196488600651244383e+01 7.431957559964261861e+01 8.911721024029253613e+01 1.023359126834447324e+02 1.105416567428221128e+02 1.246840430446168142e+02 1.246840430446168426e+02 1.328915857494094155e+02 1.262798777670087134e+02 1.178957065192890639e+02 1.200708389168699028e+02 1.117647916793577849e+02 1.143235287611509960e+02 1.226548905858139591e+02 1.152168811872863330e+02 9.863393644095413038e+01 1.095757310540006557e+02 1.091828598897826623e+02 8.955437474509726314e+01 7.558672939942420044e+01 8.187789573930150766e+01 9.186261784938413655e+01 8.436654026270140605e+01 6.565455488323244992e+01 7.195660214665799970e+01
4.702673292212834610e+01 3.931948031854806658e+01 5.200167234348502632e+01 3.438608862876051830e+01 5.479555156429029239e+01 3.936508579156382837e+01 6.022928456228359551e+01 6.523845224191671832e+01 6.737204508564325067e+01 5.161302618555906463e+01 7.251858186255186922e+01 7.664242050541101037e+01 6.097576840965415812e+01 8.196234875565789935e+01 9.277420582594665177e+01 8.192386045413454099e+01 9.707038963075525828e+01 1.188502036674508844e+02 1.334344613512571698e+02 1.289669363604243983e+02 1.205096425007358363e+02 1.289669363604244836e+02 1.257147909019189171e+02 1.173263736535265025e+02 1.257147909019188035e+02 1.310570228180307595e+02 1.266574207488151558e+02 1.184412407066431712e+02 1.173616290456170361e+02 9.759561865159831484e+01 8.368059522973523201e+01 8.697596089273675091e+01 9.965273559261358116e+01 1.036195201270072488e+02 9.328462439655650940e+01 8.556682289494280269e+01 6.688089084674452067e+01
2.937802755788882791e+01 3.076727930094262575e+01 3.217521512087581925e+01 5.228864349427430369e+01 6.338164003974426208e+01 6.022928862326001109e+01 4.220570583033993017e+01 4.429489804699309019e+01 4.645385944863690497e+01 4.952995173137773577e+01 5.260164885937825119e+01 5.571137733594240871e+01 7.662950048421039639e+01 6.732791213495377747e+01 7.196709611698022968e+01 9.275470479930916667e+01 9.625526111278914243e+01 1.074791989073876266e+02 1.260176466361538274e+02 1.188075315052972627e+02 1.002318001038364770e+02 1.188075315084317367e+02 1.156042826551861111e+02 9.711795513189080964e+01 1.156042826551861111e+02 1.107741890059099461e+02 1.251200926097799027e+02 1.299696554049170629e+02 1.100346153575328572e+02 9.612739425435006524e+01 9.352766860406474336e+01 1.006646220791803614e+02 1.118219447558342239e+02 9.604041937565888531e+01 7.545224871717996962e+01 7.152111848831394525e+01 6.774960335021515334e+01
3.414414722397230406e+01 5.098363665637744191e+01 5.228947850214813542e+01 3.719154595266483199e+01 5.779634181968759066e+01 7.172845899542211612e+01 6.314541014182441359e+01 5.911596515206503000e+01 6.737204508564344962e+01 5.465343648825791689e+01 7.337848580649458086e+01 7.662649822318790882e+01 6.556794842585024696e+01 8.654180812839418024e+01 9.277420582594665177e+01 8.252394106524755557e+01 9.447791623408267014e+01 1.146992809471612134e+02 1.261367114208765372e+02 1.042812122373551347e+02 9.025055052296249869e+01 1.103707213022865545e+02 1.072221643927085069e+02 8.700320542234348409e+01 1.072221643927085069e+02 9.647525371622556634e+01 1.140761216173445547e+02 1.224775367232230963e+02 1.241779579845042036e+02 1.158734534041862645e+02 1.048403780184643352e+02 1.197929951675454134e+02 1.038457646409370909e+02 8.326301649738626054e+01 9.601557598365340596e+01 9.115216465882835450e+01 7.926656319077973478e+01
3.949849199810125100e+01 5.987991944491654550e+01 5.779634181968759776e+01 5.779634181968759066e+01 4.309026646109246883e+01 5.156059179565109218e+01 7.249153535839845119e+01 8.001949856716669274e+01 8.163322023563964080e+01 6.066901467329097386e+01 8.163065243390671810e+01 9.466869494998761070e+01 8.047341682543803643e+01 8.047016959311078210e+01 1.012534338480913476e+02 9.447791623408267014e+01 1.112372778021673554e+02 1.227995269672424712e+02 1.207186494381752908e+02 1.035602202043551472e+02 8.309730090254437584e+01 1.035602202043551472e+02 1.004825114025868942e+02 8.020757859586989014e+01 1.004825114025868942e+02 8.634378352999630124e+01 9.382165803690905648e+01 1.101819623752422217e+02 1.185922529937096925e+02 1.326000623298957350e+02 1.243954764162994877e+02 1.201208550710775569e+02 1.001880219845633775e+02 9.088633581493594704e+01 1.109335115484473704e+02 9.912194685699975594e+01 9.712218701862487080e+01
4.857688212760226776e+01 6.833517313559964634e+01 7.865845937484719741e+01 6.917670351504042969e+01 4.825594358020925512e+01 6.917670351504042969e+01 6.637345206924368313e+01 8.726189501080388311e+01 9.012479822278703523e+01 7.282105100626060334e+01 7.397813907132685074e+01 9.480577172669543984e+01 1.013391298880257807e+02 1.012553948519295943e+02 1.096906399191933446e+02 1.146992809473301094e+02 1.227995270821796794e+02 1.090264890926748222e+02 1.006212185012681601e+02 9.187738777716356253e+01 7.740156837381485389e+01 9.785534758767893493e+01 9.462964244570713390e+01 7.427648709160068563e+01 9.462964244570713390e+01 7.721356966045206605e+01 9.585299779590087610e+01 8.991774633237410796e+01 1.101819623752422217e+02 1.188552026540043016e+02 1.309054979467622104e+02 1.283672209058487113e+02 1.191684085784763454e+02 1.010448629297275147e+02 1.191684085784763454e+02 1.189237623627742408e+02 1.111455839774380792e+02
6.039940871747795370e+01 7.747289460975690645e+01 8.623054173944642287e+01 6.534394083656333407e+01 5.485385965813036080e+01 7.580066496123814090e+01 8.726189501080388311e+01 9.577442754913002432e+01 1.020626180070834437e+02 9.367086726558184751e+01 8.878974220433725861e+01 1.031877188605041056e+02 1.120946625001747492e+02 1.120946625001747492e+02 1.203912683342903165e+02 1.285483937537842678e+02 1.200568621996763312e+02 1.006212185013139901e+02 8.024255280172383209e+01 8.621132579145962893e+01 7.240726137021204067e+01 9.287512994621039297e+01 8.937448033042534234e+01 6.895527215717436320e+01 8.510181549998405615e+01 7.035651033554310629e+01 7.550556242721599176e+01 8.233759547794609546e+01 9.002252471547572554e+01 1.017064826951827143e+02 1.222221486038368568e+02 1.319818247618700013e+02 1.290805048296543305e+02 1.208221601671671976e+02 1.290805048296543305e+02 1.235575732763465311e+02 1.037920974603790256e+02
