LEM/sinusoidal_perturbations/elevation_000377.asc
nrows	100
cellsize	150.0
xllcorner	0
ncols	100
yllcorner	0
NODATA_value	-9999
[rows 68 to 84 of 100, columns 0 to 36 of 100]
5.009162696260268353e-03 1.981839986787283792e+01 2.875199148253661718e+01 1.611980078987514986e+01 3.449107633665188644e+01 3.260689558115814179e+01 1.797805720503979998e+01 2.359791075674914040e+01 3.451873388376124119e+00 2.302514888653704261e+01 2.777963373070287645e+01 1.016601710341769227e+01 2.834303348786022170e+01 2.696380931677419568e+01 1.088137432906830426e+01 2.953875531685379485e+01 3.115302025975130817e+01 3.450437460158345004e+01 3.452042575233507904e+01 4.259915018618582394e+01 3.480959488164128857e+01 5.303005197230614698e+01 4.982726148240460162e+01 3.267828320878960824e+01 1.261469606235741381e+01 2.990805359206683889e+01 2.648776842090909156e+01 2.947032054146020386e+01 1.192892942615260132e+01 1.766327282985045244e+01 3.321017612343214154e+01 3.379845505898637015e+01 2.981238419011985386e+01 2.372850628334868617e+01 4.173252682938500868e+01 5.643565289429493248e+01 5.310576560028331272e+01
4.695337527364121070e-03 6.845564389298237629e-01 7.787776894314116127e+00 2.565636970383163629e+01 3.372028949278330856e+01 2.288083022275300138e+01 2.321547168100574154e+00 2.642196594649336649e+00 2.963482582907013274e+00 2.287412711603353799e+01 1.468632881434256277e+01 2.564431463060959970e+01 6.962163293175077428e+00 7.550263274374646727e+00 1.869013627670672761e+01 2.558946416963055626e+01 8.421189698007690794e+00 1.903611539545540765e+01 3.300035769979626821e+01 2.218877619311191651e+01 3.782950753611975614e+01 4.005669086660805078e+01 4.008601282999261883e+01 2.268750611006408846e+01 1.011765056013508080e+01 9.784687312940924642e+00 1.356883125819292246e+01 1.109065681671272152e+01 3.099531362111498467e+01 3.756885024162292552e+01 2.655344568251354787e+01 4.645272201605439477e+01 4.581559079876551976e+01 4.173252682950125347e+01 2.976609276568601459e+01 4.827718693771536351e+01 6.471930225603861686e+01
7.614146464036155443e-03 3.263925328750708066e-01 1.868712235217834916e+01 2.020316470814166010e+01 1.936336041416939224e+01 1.868328625023665257e+00 7.501177214533235826e+00 2.108690233114151624e+01 2.185126405262495553e+01 3.417461197208504942e+00 2.219178099802311976e+01 4.305311978013715901e+00 4.608264739486380712e+00 4.912879510233389979e+00 5.236985227251210517e+00 5.572804318363274056e+00 5.906809889835375138e+00 2.357044963819103600e+01 1.718306859168470524e+01 2.912406289424198391e+01 7.722027095349672798e+00 8.047368945769031612e+00 2.845059351766924394e+01 2.823766014270711011e+01 9.311297932058131721e+00 2.859825364524073166e+01 1.026139000215640174e+01 1.563769208375129161e+01 2.572095377177241460e+01 4.538049959279956624e+01 4.653158890833370975e+01 3.724111687906704304e+01 5.719669756691296669e+01 5.643565353628007131e+01 4.827718693771536351e+01 3.724554755749145585e+01 5.647788182284185154e+01
2.352828262072654761e-03 5.935861458323696382e+00 7.772234829645958687e-01 1.096231480354147969e+00 1.415526915877606484e+00 8.317733666198879661e+00 2.222407305948064149e+01 2.949954317714116669e+01 2.590485789714456999e+01 3.674043359642502171e+00 3.858872033555908576e+00 5.022031066056164228e+00 2.091118443337384747e+01 8.235395104726400461e+00 2.498855278632369448e+01 2.566063652514721838e+01 2.511322414304817841e+01 6.365000654719176865e+00 2.387883480021626781e+01 7.266223357056123433e+00 1.112060943087953824e+01 1.491885720446952668e+01 8.511617449989680395e+00 8.841492245607176059e+00 2.463062953040132541e+01 3.064995418750163481e+01 1.068619023005186008e+01 1.449170011355616694e+01 4.194465920984844587e+01 5.358908963823660088e+01 6.080087234033472754e+01 5.719161414702536916e+01 5.136400859392231411e+01 7.127805555509711155e+01 6.471930225603861686e+01 4.813349318767033225e+01 5.068413199591559959e+01
6.786455232800275850e-03 2.000678604165275587e+01 2.183890022696882838e+01 2.153410717719381395e+01 4.023663453882161178e+00 7.017408534244005125e+00 1.209207260516920890e+01 2.965496857777415940e+01 3.399983075321557635e+01 2.707883186569628364e+01 2.403047975588789242e+01 5.875184293360804055e+00 2.060770642900581606e+01 2.768066278463113861e+01 1.320905931357509111e+01 3.236868275363131175e+01 3.033686959003085448e+01 7.336882473487557732e+00 6.814213800200557891e+00 9.071828906147082705e+00 2.633536340543946963e+01 2.814160574991914743e+01 2.788317578245120032e+01 1.471096025853220368e+01 3.223100443382527658e+01 3.124714313254277442e+01 1.111879548939160145e+01 1.986727188279625622e+01 4.002459937009977864e+01 4.461480161872090378e+01 4.097125178093934039e+01 6.080004915842946644e+01 7.127805555509711155e+01 7.945657821060223114e+01 7.616181790745797286e+01 6.787652867753641317e+01 7.046523123200411476e+01
3.257643153035955173e-03 9.237314430195375792e+00 2.104186932526767251e+01 3.936209163476534201e+01 3.175273405265905069e+01 1.504773527895029517e+01 2.563504985380446044e+01 2.343439123903909405e+01 4.238705395561109412e+01 4.645750878833874964e+01 2.991337668266676886e+01 8.694628457897223939e+00 2.876978730892152214e+01 3.121694843789430251e+01 3.236875409521378089e+01 1.839195856877520185e+01 3.561154809447300806e+01 3.062944191411146377e+01 2.718132294997032261e+01 2.804777038769778841e+01 1.244390193485483564e+01 1.856742989839173319e+01 3.579662267915112039e+01 3.216191426712526891e+01 3.640727596470852490e+01 1.592522647360465449e+01 1.155644400303354757e+01 3.155775869682893386e+01 3.515302957167470765e+01 2.457537732238102990e+01 3.623145037440796301e+01 5.619068321769611885e+01 7.493144862448610866e+01 7.355411604165384176e+01 7.355411604165384176e+01 8.172152689318336627e+01 8.402695235983479449e+01
1.880098487986705483e-03 2.000188009848763215e+01 3.713413273499601530e+01 4.862373410613129465e+01 4.479390364312844497e+01 3.576446464970093331e+01 4.261105667410602393e+01 3.696017925982668118e+01 5.044291824482549202e+01 3.837085002924361987e+01 1.683988300104229197e+01 1.398698849692759971e+01 3.579573921440504591e+01 4.889486412071263288e+01 4.475778142229415835e+01 3.701934116966337740e+01 2.347632524454748904e+01 4.187558048271309730e+01 3.513750320817515416e+01 1.614407770341358628e+01 3.179886572302722314e+01 3.722619840621139531e+01 2.800523270451767033e+01 4.548068381630793766e+01 3.683394403844319243e+01 3.376076888154038613e+01 2.332722645573586107e+01 1.217965550714599487e+01 1.539032022193459426e+01 3.515667751589555934e+01 5.281513649745610905e+01 6.455262358385814991e+01 5.547557599081502389e+01 5.397888354407765377e+01 5.397888354407765377e+01 7.355411604165384176e+01 7.414957776535652556e+01
2.900726248362994839e-03 2.000290072624800786e+01 2.930716919649008645e+01 3.447088612072938218e+01 4.079064660074694615e+01 4.786681584895327290e+01 5.615030105806241778e+01 5.593997586729160076e+01 4.840053678319471686e+01 2.712435823250760691e+01 3.837085002924361987e+01 2.013130155945076893e+01 4.224632281059600558e+01 6.002527470543287791e+01 4.329525581829699377e+01 2.871789537687944716e+01 4.187558048582069858e+01 4.808205621296781374e+01 3.760556001191397968e+01 1.875997995254857287e+01 3.760556001217030087e+01 5.255159005230372316e+01 3.695821847522438475e+01 5.208293435757363454e+01 5.665920836211964229e+01 4.935028358278463401e+01 3.997730127249158016e+01 3.219278033476536649e+01 1.280736880114442755e+01 2.728412335857302295e+01 4.834308461124520306e+01 5.802297680575198058e+01 4.157894645610947748e+01 4.005462910140987276e+01 5.971233639931446646e+01 6.377267957662082409e+01 6.595210443271673739e+01
5.081304048347549951e-03 4.593395981459564403e+00 9.307441189369770385e+00 1.447141898430570528e+01 2.079597430341874897e+01 2.786704207453644244e+01 3.941403836465221389e+01 5.941352462266383583e+01 5.631983974762320599e+01 3.536733354676877639e+01 5.094977568163403703e+01 3.598943473325550713e+01 3.200767307807976891e+01 5.457541861559501939e+01 5.107913540179754364e+01 3.257871966633493344e+01 5.107922667513828685e+01 5.480367694719197402e+01 3.479481687395946210e+01 2.138196003218604346e+01 3.214534695109851015e+01 5.102700021190881330e+01 4.891817468565976412e+01 6.109927298775939164e+01 5.925890463743968439e+01 5.108187130269851650e+01 4.368656611908480869e+01 3.321367035552209046e+01 1.325403265970641797e+01 2.727075221700842889e+01 4.635196138642587016e+01 4.988238859216805565e+01 3.015027390325907319e+01 4.378943429354180950e+01 4.674051161783452102e+01 4.400636530576217353e+01 5.300723388959276150e+01
4.469920835086939326e-03 2.000446992083473319e+01 2.930716919649008645e+01 3.447088612072938218e+01 3.447088612072938218e+01 4.786681584895327290e+01 5.615030105806241778e+01 6.769661351299406249e+01 6.483693015380649172e+01 4.757201132506485663e+01 6.483693015380649172e+01 5.735178686516179170e+01 4.383654937063641199e+01 6.238875469603313917e+01 5.321927077180161803e+01 3.684158346389605754e+01 5.534004513101265132e+01 5.623737052565102346e+01 3.721435082826889129e+01 2.408294949978373367e+01 4.278606429898683672e+01 5.906935650455822184e+01 6.583719795537066943e+01 6.501014311592602724e+01 4.529944572544830095e+01 3.127937040522330037e+01 3.563969295763487111e+01 1.685510263089295790e+01 1.370539815408638340e+01 3.363147286109553136e+01 4.191783271922847831e+01 4.459566599235184015e+01 2.485821833242749790e+01 2.399276127464427333e+01 2.694408310481392377e+01 2.999535199998270940e+01 3.321053163836493383e+01
2.324776005098761877e-03 8.946596686004333776e+00 2.049360206979705268e+01 4.049360206979775967e+01 5.446740157995841969e+01 5.785073035169276068e+01 5.525561840519749524e+01 6.353943184307283332e+01 7.508609175021426552e+01 6.826959560078550737e+01 7.674796223575235388e+01 7.525645492405236325e+01 6.646019309447650869e+01 7.284300401510074607e+01 6.002751373403151547e+01 4.163889753282160200e+01 6.002751373403151547e+01 5.909089482848438024e+01 3.996441870305876165e+01 2.682735501283557156e+01 3.996441870305876165e+01 5.909089482849618946e+01 7.417276510249983801e+01 6.715139693552102074e+01 4.745879620159917067e+01 4.119014049413167555e+01 2.159160451601233888e+01 3.561270248235369706e+01 3.064944211279021857e+01 1.435412125144949869e+01 3.162618156306106698e+01 3.621132911023617851e+01 1.975869601710856927e+01 3.970718327848280182e+01 4.674051157312808158e+01 4.979578465231102058e+01 4.465587717540478963e+01
8.699724428260374037e-03 2.000869972442790612e+01 3.723086793346723766e+01 4.877787331725995301e+01 5.199263104354322707e+01 3.785079159109183422e+01 3.525566172266450593e+01 4.680266674426550111e+01 6.680256511099238992e+01 7.202745496886400645e+01 7.381917067766701734e+01 7.381917067766701734e+01 8.210441979209443275e+01 7.478679864641583208e+01 5.671044014456589366e+01 4.788469942491542497e+01 6.591135378540035106e+01 6.213554068968889510e+01 4.289604084045171817e+01 2.968076509598425616e+01 3.721069840950731589e+01 4.667361395556427084e+01 6.601948746159780512e+01 7.521730770397421395e+01 6.339394661743118320e+01 4.632538003189895903e+01 2.648004804644897447e+01 4.624760869083587522e+01 4.155138734832223690e+01 3.342009567150239491e+01 1.499794837629006672e+01 1.610413460823340159e+01 3.623451025914423695e+01 4.790449454815103536e+01 5.375213695027660066e+01 6.197669994280121841e+01 6.441539932416077363e+01
2.249585233037712084e-03 1.414438520896411333e+01 3.414438520896482032e+01 5.006876877799113146e+01 4.370863803075620524e+01 2.370865635454903853e+01 4.370863803075620524e+01 5.197736962505943126e+01 5.201567223100597204e+01 5.201693963577152857e+01 5.381773083160736348e+01 5.381773083160736348e+01 7.381917067766701734e+01 8.246278609900620893e+01 7.237590028058974667e+01 5.479734065210810456e+01 7.237590028058974667e+01 6.308411049729327402e+01 4.375699335477974472e+01 3.289543519185236420e+01 5.192559421240120088e+01 6.446386510844322970e+01 7.422293456014163837e+01 6.922740243052984965e+01 4.939597414560771682e+01 3.536172950580738217e+01 4.632538003189895903e+01 5.455590831427355880e+01 3.875494051862198575e+01 1.894098879176808836e+01 3.483426900074587707e+01 1.563746678107744259e+01 3.544371341158350219e+01 4.387234935477891895e+01 3.399256176588601619e+01 4.281137282495895136e+01 5.422957429255185247e+01
2.739267172789772273e-04 2.000027392671692539e+01 3.028923709393872343e+01 3.008803790703427694e+01 3.009086916352384833e+01 1.793515366245904730e+01 3.501458529194656677e+01 3.201298318397059717e+01 3.201396700925819516e+01 4.967574187737977809e+01 3.967546682573615158e+01 5.967601692902339749e+01 7.141067688763735077e+01 7.969587440942405010e+01 7.994034577653714280e+01 6.650613190700313737e+01 7.994034577653714280e+01 7.124470259621055845e+01 5.566657185866793611e+01 3.643372682188822154e+01 5.566657185866793611e+01 7.360492110750459460e+01 8.351636215212126046e+01 6.924376961253564389e+01 4.939637497929233945e+01 5.520446500964671088e+01 6.345783697610965390e+01 5.389671428787038110e+01 4.158476931790163889e+01 2.177087340953490369e+01 1.935508784100913005e+01 1.607623756936395409e+01 2.988377377706934013e+01 2.414300019466142544e+01 3.808112235411110191e+01 5.785294487525924012e+01 7.084019950924539444e+01
8.327778614586212741e-03 2.028632867719011745e+00 2.202163282938868960e+01 2.700342750651194379e+01 1.009050825686179564e+01 1.253389714398792165e+01 1.501459183577211220e+01 1.787173469291501959e+01 2.364523738487095272e+01 2.967546427846855650e+01 4.967574187737977809e+01 5.507973577688832734e+01 5.140944051724947172e+01 6.807139221431322085e+01 7.635663640114903217e+01 8.317841752995320803e+01 8.927076242532392314e+01 7.918672704917204896e+01 6.062763401693771215e+01 4.113929449647495318e+01 4.594842354979290633e+01 5.561407621645261656e+01 7.519522770112732246e+01 7.761105615022009374e+01 6.924076785391440580e+01 6.151202309896110165e+01 5.332630053669502956e+01 4.571233765951541983e+01 2.591304145044400187e+01 4.158476931790163889e+01 4.320208277627791915e+01 3.585942388436841100e+01 1.668496131583864184e+01 3.645949880204029370e+01 4.384087035163175017e+01 6.345681445366185613e+01 6.343974302378208563e+01
6.510866554257996840e-03 2.000651086655390287e+01 4.930537868159071024e+00 7.004441257619930639e+00 2.700349009911535347e+01 3.253372420163378820e+01 3.501458529194656677e+01 2.285923724144921465e+01 2.303571248786319359e+01 2.681535721796897676e+01 3.081535721803215111e+01 3.507937154551385817e+01 4.140392690583031765e+01 4.807059415161796068e+01 6.221292870748324333e+01 8.221497426717002099e+01 8.187855409366049741e+01 6.117602747714909128e+01 5.093435030572506150e+01 4.903010237409455385e+01 6.539404664718399829e+01 7.360492110750459460e+01 8.346854679548141576e+01 7.770591887970122968e+01 6.644823296252857858e+01 5.332111561919155918e+01 3.355537243754840659e+01 3.029563431765258130e+01 4.561392956022665146e+01 5.388487359827907852e+01 5.135978671782913096e+01 3.695551901821238516e+01 1.711603084879320491e+01 3.684368971848331853e+01 4.534530683636607051e+01 4.929978648307093181e+01 4.367314851209680882e+01
8.953482861371391335e-03 2.000715795711847633e+01 2.493333114478306456e+01 2.114657689358458370e+01 2.114657689304890198e+01 4.114639701215251932e+01 4.863272479630949618e+01 2.863273993375959492e+01 4.303589842338774929e+01 4.095752214028057381e+01 4.495753369544747358e+01 4.922156565740279888e+01 4.772850956002230305e+01 6.772942606827884049e+01 6.221292870748324333e+01 8.221497426717002099e+01 9.032445427505703606e+01 7.918672704917204896e+01 7.088746549412125830e+01 5.885927237584680682e+01 7.711641193288946283e+01 9.014536377745298523e+01 7.871914382611174688e+01 6.955641213242925858e+01 4.993756315030729098e+01 3.851257150664083184e+01 5.333383203065896794e+01 4.429864827030770869e+01 5.819110562957774135e+01 5.696070633065801303e+01 3.758602625804171993e+01 2.571887570659639621e+01 1.754773849941695829e+01 3.732267302333711001e+01 2.431369273945232479e+01 2.939747626892983234e+01 4.732718459757847995e+01
