LEM/sinusoidal_perturbations/elevation_000067.asc
nrows	100
cellsize	150.0
xllcorner	0
ncols	100
yllcorner	0
NODATA_value	-9999
[rows 34 to 50 of 100, columns 0 to 36 of 100]
2.064481644892168701e-03 2.000206448164453832e+01 2.701999298703577423e+01 3.530426423449702611e+01 4.879323514510986826e+01 5.707750639257206871e+01 5.699565479379898392e+01 6.528157962778942647e+01 7.683242098676177534e+01 7.778726244638592391e+01 6.954557966778200750e+01 7.778726244637819320e+01 7.785678831321817484e+01 7.200270218324170912e+01 7.784410989651652812e+01 7.249018538703795400e+01 7.354679912291481969e+01 8.182776061986994875e+01 8.002537665948493384e+01 8.676711052748984798e+01 9.505066206533628304e+01 9.024473132979028378e+01 9.853518519891291305e+01 9.939522362116345278e+01 9.064461022129671619e+01 8.199362804888370704e+01 7.151810072604966706e+01 5.227311178899224586e+01 5.256863587347594802e+01 6.387134946949742442e+01 8.596048611560291874e+01 1.042235288823805348e+02 1.139500230470007835e+02 1.029713019153658706e+02 8.488692979615888135e+01 9.666840538245479308e+01 7.750565725440502263e+01
2.905961989428186391e-03 3.484459081103377986e+00 7.019992987036130394e+00 2.701999298703648478e+01 2.879323514510916482e+01 4.540450518961852566e+01 3.691919476122652100e+01 4.853875355744242626e+01 6.854799671995859001e+01 7.985645671515801780e+01 7.157665457564287692e+01 7.413013150484648861e+01 6.579105854366876827e+01 7.413013150484648861e+01 7.005272760994057535e+01 7.834456793610094394e+01 7.938514518961255817e+01 7.108882433277905477e+01 5.998757831820891084e+01 7.071157544100890391e+01 7.607158282642505753e+01 7.020087249480316416e+01 9.024473132979028378e+01 1.019592923470417531e+02 9.333794474731311652e+01 7.598130477503768532e+01 6.352682798835665068e+01 5.176038730438432367e+01 6.420562927792619234e+01 8.095754379044865345e+01 9.414935599729736282e+01 9.661938918759651074e+01 1.030052050210131966e+02 9.476035424809725782e+01 7.484128300698952785e+01 8.846049317661726263e+01 6.835209975951744354e+01
3.542675937824442140e-03 2.000354267593747082e+01 2.701999298703648478e+01 1.246330352655435192e+01 1.745752818209875556e+01 2.495215400732371336e+01 4.540450518961852566e+01 6.320241939440486334e+01 7.503626368504816924e+01 6.831259022983827833e+01 5.157987416730888697e+01 6.398333460798683348e+01 4.543065593247769129e+01 6.398333460798683348e+01 5.009378051938087850e+01 6.534903705619431946e+01 6.783620203794620807e+01 5.109612730489403987e+01 4.590103374094842792e+01 5.069364793998841634e+01 5.601627822057144357e+01 6.359372543260274568e+01 7.363674092197179277e+01 9.367019056633580476e+01 9.054779040004800095e+01 7.172724893735060903e+01 6.062575421165879419e+01 5.125209345061988131e+01 7.151604768797591305e+01 7.102071255991478438e+01 7.800716274903565761e+01 7.686324048957159505e+01 8.300930061290549133e+01 8.723165255358402703e+01 6.702312774849264088e+01 7.770526234027576606e+01 6.322053281959793480e+01
3.411803931810562015e-03 1.414554742766288520e+01 3.414554742766358686e+01 3.246330352655505891e+01 2.352485715810644962e+01 2.256609786624357383e+01 3.228080017052001693e+01 4.604938347742518090e+01 6.673132086352062231e+01 5.938097594604796114e+01 4.006834591096716736e+01 5.557626750746071309e+01 3.551876788780312921e+01 4.612965136310911163e+01 3.870308361297825428e+01 4.544682363154439741e+01 5.404140245828484268e+01 3.969880276625890758e+01 5.954603532196854587e+01 7.071157544100890391e+01 7.607158282642505753e+01 8.365345218456491239e+01 9.194552836043371258e+01 1.019595748694421218e+02 9.887051718201185224e+01 8.849569204377178266e+01 7.928622989090057160e+01 7.024559651176998898e+01 5.053668621820551721e+01 5.003556487132176045e+01 6.488536097862090912e+01 6.206823703568884554e+01 8.300494922964483635e+01 8.139735112153736907e+01 7.307875442114738007e+01 5.701478164497871859e+01 6.761047928367493398e+01
3.327314952832964925e-03 2.000332731495247884e+01 3.463713722039359766e+01 4.292140846785520836e+01 4.100951546648345669e+01 3.883934911370067766e+01 5.417827556098198016e+01 6.320241939440486334e+01 5.553758397083181109e+01 4.725635652997809188e+01 3.115697801011783596e+01 4.044317444853162158e+01 2.901835920838301419e+01 2.634744960223931898e+01 2.887945974444737374e+01 3.155043939182726120e+01 3.429345490248742578e+01 5.404140245828484268e+01 6.502270105311734483e+01 7.019026187670216643e+01 7.597956463482722711e+01 8.266678666099075201e+01 9.095709338231060315e+01 1.009700735589998857e+02 1.058211222930981279e+02 9.436630947102895561e+01 7.851696304999840947e+01 5.792490600662463862e+01 6.308763864944869937e+01 7.032047770661888819e+01 4.932850702796144304e+01 6.899424034018781526e+01 6.913152214489170433e+01 6.864124538318705504e+01 5.218243433636042283e+01 7.307875423163805806e+01 8.597625163093270828e+01
6.779948344387334673e-03 7.077847760209833083e+00 1.463713722039431175e+01 2.877927284412501052e+01 4.877927284412429998e+01 6.035854354899073115e+01 5.579318051462602313e+01 4.751167864492045823e+01 4.400730639746535644e+01 2.729436019023459536e+01 3.738009857516553325e+01 2.047411517169568640e+01 2.277967315793579317e+01 4.275584576270179582e+01 4.022915108348109925e+01 5.127604698300240216e+01 4.820079068550214174e+01 4.046131732700057171e+01 4.507822357592913676e+01 5.017638486644425200e+01 5.592483159988481134e+01 6.260512058250004941e+01 7.264908882770603782e+01 9.268448449427523883e+01 9.761375070519308395e+01 7.776267577993846203e+01 6.595039410128022439e+01 7.851696304999840947e+01 8.062689976251243706e+01 7.860995296215625672e+01 6.954275125732715424e+01 4.862435958064858710e+01 4.813012876418154207e+01 4.763636027516135130e+01 6.450009308150036702e+01 6.747315334006361809e+01 7.460585324086108017e+01
9.516927588586143695e-04 2.000095169275850182e+01 3.463713722039359766e+01 4.292140846785520836e+01 4.427049857260934829e+01 4.208475905678481155e+01 4.751167854225863607e+01 2.753921408962892770e+01 3.338901164739279892e+01 1.571885203302289291e+01 1.745917162026874792e+01 3.741534832230380658e+01 4.275577792839802527e+01 5.102118439587751908e+01 6.007499819173809641e+01 6.835862472947633250e+01 6.813160481948722236e+01 6.032174262933665432e+01 6.502270105311734483e+01 7.019026187670216643e+01 7.597956463482722711e+01 8.266678666099075201e+01 9.095709338231060315e+01 1.009700735589998857e+02 9.676898231772713643e+01 7.690778772705779431e+01 8.615272725339383442e+01 9.436630947102895561e+01 9.134600779772021895e+01 7.612562297885177998e+01 5.540403023335816357e+01 6.138352222752376264e+01 6.909773573325890084e+01 6.795606912635575725e+01 4.694693684294821878e+01 4.646139742714326104e+01 6.093952862630139578e+01
1.945935296826602993e-03 1.414408155902790121e+01 3.414408155902860642e+01 4.427049446569014890e+01 2.428315573851530473e+01 2.209644564963888413e+01 2.952305938938787122e+01 3.110651660705099886e+01 1.335990713085894122e+01 3.338901297428652271e+01 1.753512564431867915e+01 2.136685062759138631e+01 2.443251616520795011e+01 4.438176616401992192e+01 5.192341067321224557e+01 5.524580489092158331e+01 5.877221198113218037e+01 6.254700996943064695e+01 6.671933878116868755e+01 7.120133424025627278e+01 7.638238919019546813e+01 8.307018394204115452e+01 9.135864214424721297e+01 1.003135796364387033e+02 1.049745475605844547e+02 8.843231189410892057e+01 1.049745475605844547e+02 9.463351812623191961e+01 7.467881890255124233e+01 6.274218650981728018e+01 7.612564124696402246e+01 7.886397963470753325e+01 7.838924518986227952e+01 5.745685267254371809e+01 4.925412236864418247e+01 6.679123069003343005e+01 4.577566131946417727e+01
5.600688922766023682e-03 1.414773631265401654e+01 3.414773631607091176e+01 3.408334063514523393e+01 2.579261241368298130e+01 7.967163710596030235e+00 9.515322744939961552e+00 1.107995189237371036e+01 2.495603397912362098e+01 4.106454895208582911e+01 4.956234862510090977e+01 3.297504388947130138e+01 4.438176616133004160e+01 2.879704409955719413e+01 3.199250763072049253e+01 3.531144288135239151e+01 3.882384104743444908e+01 4.257265651634139658e+01 4.670955274020924719e+01 5.115724119752596266e+01 5.631624965329538668e+01 6.300679968650427298e+01 7.199558085667727880e+01 8.617194748317851349e+01 1.061716544911106581e+02 1.081570858993677859e+02 1.163870020114261905e+02 1.028500097783539502e+02 8.891491768753564884e+01 6.881533225618935035e+01 8.891491768753564884e+01 9.267481529829743181e+01 7.248094909962652821e+01 7.198422568822272183e+01 7.621581741506918206e+01 7.450835132223862445e+01 5.379119162713034541e+01
8.215197286175309616e-03 2.000821519728582132e+01 2.861393080883561879e+01 2.407004801462893440e+01 5.815041916536926259e+00 7.807446468505216508e+00 2.781305177860316746e+01 3.110542294813580710e+01 3.907797184322460993e+01 5.210067022965771599e+01 6.121279696741359544e+01 5.292774149034482178e+01 5.701422100851313246e+01 4.873191120271794574e+01 5.192341067321224557e+01 4.938727430660119921e+01 5.290841792722395809e+01 5.407863213333103403e+01 6.671933878116868755e+01 6.272463489331174458e+01 7.638238919019546813e+01 7.270560608689619642e+01 9.135864214424721297e+01 1.003135796364387033e+02 1.036950522075450039e+02 1.119964882863774562e+02 1.154140042511618844e+02 9.565205310342589939e+01 8.163599292479281644e+01 8.054230554891312011e+01 9.712858849054825328e+01 1.008855804082104584e+02 9.267409807691377921e+01 9.240744694291184658e+01 8.868145456345965272e+01 6.863753903828089165e+01 7.039116153743938753e+01
2.613274238814250559e-03 2.000261327423845970e+01 2.897736058876927423e+00 4.103386142895947053e+00 2.407004804047566537e+01 2.781305480075303649e+01 1.067810899719799700e+01 3.072042342161764950e+01 4.047204466530945410e+01 5.108969189423407187e+01 4.296391255334187065e+01 4.573818062861495548e+01 5.402456504227443901e+01 6.691738804829323328e+01 6.910605934324577504e+01 6.938977283905286697e+01 7.292866311304014459e+01 7.411502922238788926e+01 8.240944521625903008e+01 8.278072088842556298e+01 9.107038597273168534e+01 9.274219789476448739e+01 1.010279776183573119e+02 1.004302930804549874e+02 8.366521176644205582e+01 1.004302930804549874e+02 1.092147448589843890e+02 1.096623615902165056e+02 1.014401945851204232e+02 1.003521185649281335e+02 1.085714310662011854e+02 9.626548451438269183e+01 8.833515034582273984e+01 9.625773042108603761e+01 9.679632111446578335e+01 8.868144121739328511e+01 7.890272997466401250e+01
7.532853315450405325e-03 1.196409449870977193e+00 7.313823391710637445e+00 2.298480826101510033e+01 3.235980280834854028e+01 3.900823133465461012e+01 3.072042502000184427e+01 1.364082369842823006e+01 3.369206847725546794e+01 3.914520670548362347e+01 2.295046576429882279e+01 2.573133154409479317e+01 4.573818062861495548e+01 4.691103178306271104e+01 4.909948172209050909e+01 6.910602667372627650e+01 7.877183807561117135e+01 8.285635886710730347e+01 7.627030631494378099e+01 8.204707682211399344e+01 8.204707682211399344e+01 1.020533262517070767e+02 1.034124489774334847e+02 9.213081843704902951e+01 7.189297422343260280e+01 8.078941636608014676e+01 1.009101093024458322e+02 1.046842068233751633e+02 9.946785634979362101e+01 9.114651232374743017e+01 9.946785634979362101e+01 8.651949437697919620e+01 6.874715007733917105e+01 8.651949437697919620e+01 9.585796262095261966e+01 8.824212089428360173e+01 9.089453508325657083e+01
6.101047412966256744e-03 2.000610104741260997e+01 2.289609185041192774e+01 1.816447120726878595e+01 3.685562533624850801e+01 4.439042397983654098e+01 2.437608773405406026e+01 3.369234020251751360e+01 1.682235733571062042e+01 1.911836244508813110e+01 2.546503386106863687e+01 4.547188805499576603e+01 2.981764658540844337e+01 3.276748663178849341e+01 5.277059937119390298e+01 6.084229936278337902e+01 5.876253572058226382e+01 6.284637528402347328e+01 5.626011203972618091e+01 6.203575676823614771e+01 7.618667814693034757e+01 9.619533078465595111e+01 9.510176556089960798e+01 7.485026131128714155e+01 6.399094911103016159e+01 8.448163231400663165e+01 8.825441002241365140e+01 8.456189745339158037e+01 8.941432309721750471e+01 7.103217019866954729e+01 8.941432309721750471e+01 7.853912912779762223e+01 5.832523982228164527e+01 7.853914839531826431e+01 8.514260943286426198e+01 6.905496729790458232e+01 8.514260943286426198e+01
6.842009524227352091e-03 8.952315322600743031e+00 2.892874206340301058e+01 3.682208351422490011e+01 4.507869301182507371e+01 5.267004155843339674e+01 3.439217631447381507e+01 4.514827986374530866e+01 3.686221010701540735e+01 2.546503386106864752e+01 4.547188805499553155e+01 3.616270262161874882e+01 4.982137467408455933e+01 5.277075832694311686e+01 3.735607093590672889e+01 4.083758281264871215e+01 4.461710918528713421e+01 4.869954005634156147e+01 6.870716378407718139e+01 8.204707682211399344e+01 7.469281182325400437e+01 9.470199608854593976e+01 9.030305821738564021e+01 6.997471117874741253e+01 5.785386066084955559e+01 7.184641997995885276e+01 6.783095568419474830e+01 7.007247685202899845e+01 8.108934126120841768e+01 6.066456157151363016e+01 8.108934126120838926e+01 7.180057405406381577e+01 5.126660927782332067e+01 7.179818346304473664e+01 6.671202281866095518e+01 5.720459254631069967e+01 7.634385808773158999e+01
1.934550753332892102e-03 2.000193455075297777e+01 2.531418363940836258e+01 3.950859344807114581e+01 5.956665616771663707e+01 6.266490814864621939e+01 5.438837192598141712e+01 6.266490814864621939e+01 5.213877033279990059e+01 3.213851729050245609e+01 5.213877033306311404e+01 4.510748478055779032e+01 6.444113381393404438e+01 5.735999295513413188e+01 5.149990001998548905e+01 5.238586067293531556e+01 6.462312469355831013e+01 6.284637528402347328e+01 6.284637528402347328e+01 8.285635886710730347e+01 8.884291673962823666e+01 1.029843687705592146e+02 9.861400497018668432e+01 8.370767152569112568e+01 6.316338120712793369e+01 5.090569810843668819e+01 5.293956885687241964e+01 7.381284696460519967e+01 7.428108136464348377e+01 5.361422907526819870e+01 6.546870593882267997e+01 6.587225385190363625e+01 4.519262255997758615e+01 6.573908902911189500e+01 4.605370189492043664e+01 5.716773601094124757e+01 6.332223628733321874e+01
4.364784840791047053e-03 2.000436478484043690e+01 2.956999011752802176e+01 3.491522838416329222e+01 4.094547996783709465e+01 4.801672132286432060e+01 5.630460021116675051e+01 6.785608017698658045e+01 6.042193593600991619e+01 4.213963638220761965e+01 6.042193576889716411e+01 5.665351080778107473e+01 7.338246877814354718e+01 7.736778460636361388e+01 7.150869596291585140e+01 7.239393064310615955e+01 8.067764725648585511e+01 8.285635886710730347e+01 8.285635886710730347e+01 9.114092021262760568e+01 1.088470648059395387e+02 1.058708089533365637e+02 9.754820031239222544e+01 9.204370036748333916e+01 8.025335944221902196e+01 6.592348940464091811e+01 4.484270233466084932e+01 6.081064753636547948e+01 6.931756606175181901e+01 6.546870593882267997e+01 4.458056379441930517e+01 5.756955071926923040e+01 3.981465598026789365e+01 5.307149361594713355e+01 5.380665933588214500e+01 3.739299350396352395e+01 4.229191127448584098e+01
5.219006137575642711e-03 4.719264214047911743e+00 9.569976714774613313e+00 1.491520155302314699e+01 2.094542844457852482e+01 2.801649625645414687e+01 3.956350207037627342e+01 5.956429216926699866e+01 7.042085780768026382e+01 6.213790428501177843e+01 7.042085749441147868e+01 7.665028877601559998e+01 8.492374234703802927e+01 7.753795848268889301e+01 7.753795848268889301e+01 8.584540125536962307e+01 8.991467286666019731e+01 8.161970650766936330e+01 8.051534004106551379e+01 8.881165216637349147e+01 9.727693289473073435e+01 9.754820031239222544e+01 7.733226715753508529e+01 8.325337686151686967e+01 7.639459983072454463e+01 7.038837513801652790e+01 6.081064753636546527e+01 3.970236254397229203e+01 5.596807484408688538e+01 5.923991883666089109e+01 5.206027475265020854e+01 3.666478488671069158e+01 4.598137952147186525e+01 3.253399789947058451e+01 3.294693955642488703e+01 3.715938620323488806e+01 5.432506669592879689e+01
