LEM/sinusoidal_perturbations/elevation_000382.asc
nrows	100
cellsize	150.0
xllcorner	0
ncols	100
yllcorner	0
NODATA_value	-9999
[rows 51 to 67 of 100, columns 0 to 36 of 100]
6.455108993161302530e-03 2.000645510899280666e+01 3.983649563564711116e+01 4.271463962591955266e+01 3.536247167319428542e+01 4.951067387559243826e+01 6.950182974587247031e+01 6.224900235653249325e+01 5.417231737569857586e+01 3.883424293601137833e+01 1.862880906951958693e+01 1.786731560108650285e+01 3.805712234134659155e+01 3.677996644379491187e+01 5.694876818448771871e+01 6.447039180924407731e+01 5.274381100081162543e+01 3.896670242972608378e+01 3.004656573975975320e+01 4.992991937322273088e+01 6.355974435998093242e+01 7.320312477614486113e+01 6.970717575805102229e+01 5.049197423297039222e+01 6.796672150774850252e+01 6.002910980444514166e+01 4.834307145912433157e+01 5.810120263902859250e+01 7.161763624875057133e+01 9.066053672347639747e+01 9.934401763228669324e+01 9.077739756639532231e+01 8.249250101934784141e+01 6.983933554963546442e+01 7.318066360415522809e+01 5.311980302669077503e+01 6.729364144619570709e+01
3.995603441288198172e-03 1.414613122717211269e+01 3.414613122716840365e+01 5.152602945791968381e+01 5.536594904305854214e+01 6.366123811201793359e+01 6.794151400465435131e+01 4.847530327844361864e+01 3.439114800938559569e+01 2.666811704277001738e+01 3.883424294386912834e+01 3.805712069937800379e+01 2.241405074947511977e+01 4.251891806063081702e+01 5.369146085881808261e+01 6.021551126336326831e+01 6.653465978097629829e+01 5.792409501232502578e+01 4.423674823746250695e+01 3.595055488561262536e+01 4.592818017588093227e+01 6.527808333711767830e+01 7.761824328854599742e+01 6.164300513440288398e+01 7.761824328854598321e+01 7.556020321983152144e+01 5.708934362670302676e+01 7.556008220289680821e+01 8.510984373593394992e+01 9.343209581035686995e+01 7.927800719707590815e+01 8.249255972960507677e+01 6.241394641908600960e+01 5.825720257663419233e+01 6.916848579054294532e+01 4.915641318969283446e+01 6.916848579054558854e+01
4.804567899273937473e-03 2.000480456789891903e+01 2.321613398301956366e+01 3.737108173040214609e+01 4.892829833854241883e+01 5.704389466388246888e+01 6.535037743772538477e+01 6.225274832638896072e+01 5.417273760933235849e+01 3.578314212480837142e+01 5.103855871303270675e+01 3.136336779460899038e+01 4.251891837214802905e+01 2.844930367684054318e+01 3.390934274716872920e+01 4.064528118988329908e+01 6.021543569865257695e+01 7.161377958142956857e+01 6.019465716303877656e+01 4.071446649204877133e+01 6.019465799859832345e+01 7.320314489010425518e+01 8.522779385407919506e+01 8.072314957526747037e+01 8.863901205445488074e+01 8.410289726419210865e+01 7.061350478234641059e+01 8.410319655617838919e+01 9.525132871826492931e+01 8.340288960244276950e+01 6.506536800014059452e+01 8.058425539635062762e+01 6.829465927599902386e+01 4.830305742595120932e+01 6.047398541881815959e+01 4.543162542331427289e+01 5.535688872335757793e+01
9.707512844716031236e-03 4.481843554805142738e+00 9.070159849527623663e+00 2.061901480850244184e+01 4.063711850903094813e+01 3.694405345904864646e+01 5.115682382311103993e+01 7.125654090627681114e+01 6.356723168463447138e+01 4.729963487711857795e+01 5.761443894638016161e+01 3.825503330166248617e+01 5.538407876509178607e+01 3.565158355673068513e+01 5.369146066900953684e+01 5.369141479988715560e+01 5.204063168379379078e+01 7.138708916050934761e+01 6.812909909028050492e+01 6.019465803574382790e+01 4.848646114049140721e+01 5.818945483099240334e+01 7.731201533127043035e+01 9.208779747278489936e+01 8.375948568015451201e+01 9.208779459461992190e+01 8.965435817926503148e+01 9.233628017535689025e+01 8.230585174639091406e+01 6.692569262004899144e+01 5.506215530656417201e+01 7.229480501962164851e+01 5.230512943732919950e+01 4.207466291274143799e+01 4.059952937822864527e+01 5.201355772595380955e+01 7.203114456782108732e+01
5.001202446392439237e-04 2.000050012024428270e+01 2.907966094886497288e+01 1.759887407055353847e+01 2.426751625571258941e+01 4.433163890356203751e+01 6.170300776094038042e+01 6.997758525997103618e+01 7.484403545261790214e+01 6.676568052315124646e+01 6.499329845063709854e+01 4.594023127292334863e+01 6.344408085765405758e+01 4.716360441390970948e+01 5.540251854135160414e+01 7.309726996584745962e+01 6.324223217418251153e+01 7.945741506820714051e+01 8.126126454881736549e+01 6.215448438990750191e+01 5.967149587695185886e+01 7.566811448402958717e+01 8.522713371664529802e+01 8.200563080331903620e+01 6.357027754603027603e+01 8.200388868554007615e+01 9.084131346060996748e+01 8.405624437506305924e+01 6.396694829836362572e+01 5.396963325511676857e+01 4.696020029505815074e+01 6.007758744669526862e+01 5.597330325877475588e+01 3.616775638317878361e+01 5.597330325877475588e+01 6.876792410366111596e+01 8.032672625872520200e+01
5.279685921607564676e-03 1.414741530965243221e+01 3.414741530965171989e+01 3.763318037243935521e+01 4.433163890356203751e+01 5.239799660466466236e+01 4.175562259045222646e+01 5.620474246216463143e+01 6.323704879445358529e+01 7.156846445926434797e+01 7.299836711774511855e+01 5.790550632004968179e+01 7.299838387530299144e+01 6.661914820189775810e+01 7.469336355492150403e+01 8.318600109678730803e+01 8.252620285800495026e+01 9.071919406808380870e+01 8.918168871792634889e+01 8.126126431030064623e+01 7.878725230939458868e+01 8.670385793775051297e+01 8.620392384699994182e+01 6.600760672180093991e+01 5.340556739937233743e+01 6.229891217720972207e+01 8.250943946311549837e+01 9.233627521730208798e+01 8.230620343833999186e+01 7.401159632407389211e+01 6.007758744669526862e+01 4.020701798679912287e+01 5.332667654479917729e+01 3.355073046254442204e+01 4.490522975904280401e+01 5.896091002180990870e+01 7.900124005288449780e+01
5.738623160518319517e-06 1.154701112241577832e+01 2.568914674614698157e+01 4.568914674614768501e+01 5.102492397826392079e+01 4.244650805913082792e+01 3.022094600455384850e+01 3.624848634985237794e+01 4.331159491123337091e+01 5.482943613607664446e+01 7.480217593226905137e+01 7.628627618603569260e+01 8.396271647180080322e+01 7.693283436114695917e+01 8.548793787613992379e+01 8.090100592710153649e+01 8.937535369095967042e+01 8.992831136734308473e+01 9.842735769823016767e+01 9.400937863365669500e+01 8.392396156505839144e+01 7.558166553660943521e+01 8.030539345449035693e+01 6.008527644367816833e+01 4.566638045858548622e+01 6.600761291246627138e+01 8.097559913939640808e+01 9.443105360985111929e+01 8.609786101679021897e+01 7.791878581912163781e+01 5.788379473341375814e+01 4.383601911329930800e+01 3.400729582740427759e+01 3.104279326714173237e+01 5.079462683120702593e+01 6.467973209371166377e+01 7.466341577252808293e+01
4.532054705376768917e-03 2.000453205470502027e+01 2.542625788520599528e+01 3.371409902748354170e+01 4.289886485240550229e+01 2.291915131317779242e+01 4.289886485240550940e+01 5.620474246216463143e+01 6.327091048849374033e+01 7.156846454942920843e+01 8.311657885865358253e+01 8.216654901410188927e+01 7.356979046686727486e+01 5.516047669428458988e+01 7.356979046686727486e+01 5.995200618040808394e+01 7.514831781902343266e+01 6.902625405914849921e+01 8.992831217173667824e+01 8.567589504193387029e+01 6.548767996119498491e+01 5.532825730865865665e+01 6.475574921714141396e+01 5.931670366396720340e+01 4.053371168864823204e+01 5.235097434516031711e+01 7.263096657627232844e+01 8.280270268493340780e+01 6.594751182072710094e+01 8.280270268493340780e+01 7.204370278723898480e+01 6.207077740369422969e+01 4.830613039897592387e+01 2.858244053448235533e+01 3.657679025599072986e+01 4.642529406658327673e+01 6.637106213651222220e+01
9.001595176218036079e-03 2.705801045027742102e+00 5.427456314746262223e+00 2.542625788470438764e+01 3.241218482672850598e+01 1.844709916457443555e+01 3.843457449965732309e+01 5.050445649384371194e+01 5.878347136001939077e+01 6.877388007539553882e+01 8.029938013622717108e+01 6.125051333460069003e+01 6.125051333461685488e+01 4.364228024855989219e+01 6.114565829459483126e+01 4.781047033304054139e+01 5.414273374355729374e+01 6.630202186453020374e+01 8.723569877007221862e+01 9.400598725833442870e+01 7.644607252535845987e+01 5.619789796616823452e+01 4.440474604101390099e+01 3.893177173897709054e+01 3.596299571682077811e+01 5.041676084258649126e+01 7.071945064870247677e+01 7.446405153278037403e+01 5.436090592704875490e+01 7.446405153278037403e+01 7.462983832689066332e+01 6.069314392622372623e+01 4.051055749905668790e+01 2.660206871464899692e+01 4.630349359385439101e+01 6.251432411959141433e+01 7.466341576161315174e+01
5.674351268809080251e-03 1.999004663687426842e+01 2.542299833543104270e+01 9.468066437285546755e+00 1.241690541303169759e+01 1.741689728351197886e+01 2.296381340998487985e+01 3.052213741516681367e+01 4.051673707752461695e+01 6.049217591016277851e+01 7.149799490337767338e+01 5.079947449326262188e+01 4.034843565194834270e+01 3.554684103699537445e+01 4.018157079781710905e+01 6.114563916895510687e+01 7.514831626133748443e+01 8.372658806636451345e+01 9.575622886682592139e+01 9.025641546357651634e+01 8.478699746652378622e+01 7.311526555258390658e+01 6.475574921714141396e+01 5.210952917355571401e+01 3.173453962770878434e+01 5.210952917355571401e+01 6.908896973091772509e+01 6.735651624786609659e+01 4.732663853114129182e+01 6.735651624786609659e+01 6.058237295873646389e+01 4.644801080937802595e+01 4.421811082844069318e+01 2.463079677288100910e+01 3.444502744031360919e+01 4.839880944928874840e+01 6.834463780532992416e+01
9.518805923843161668e-03 2.000951769555738124e+01 3.768988776204355418e+01 2.946472882875215404e+01 2.058167755513787256e+01 3.155541772547392654e+01 4.295184979376934109e+01 3.709882502793573877e+01 5.704614595515381126e+01 6.877388007539553882e+01 6.287228699351903316e+01 4.196156235283957869e+01 3.004822752350922954e+01 5.079947449329499420e+01 6.114565829459483126e+01 6.977713462632164010e+01 7.437789913180249357e+01 8.321393616543922178e+01 8.394497478324207407e+01 6.882541935703855529e+01 8.394497478324207407e+01 7.519521916703381237e+01 6.348686633089204889e+01 4.896559872943021219e+01 2.863005105373403580e+01 4.036175765678874683e+01 6.071866420478247051e+01 6.131728088941195409e+01 4.138066264532731964e+01 6.131728088941195409e+01 5.229831185594916576e+01 3.247808190065347844e+01 3.975812716910915867e+01 2.264894653337953301e+01 4.243729993144258117e+01 5.684114481095848959e+01 6.823857202209707395e+01
9.062254805971973678e-03 2.000906209036636696e+01 3.828731303676677555e+01 4.882260443835688335e+01 3.212567185026038175e+01 4.882260443835688335e+01 5.980877430007242168e+01 5.700717484185682338e+01 6.526430637685746206e+01 6.167398348820825760e+01 5.304462966346815733e+01 4.744689911249471947e+01 2.679479354308365657e+01 4.133537646062065107e+01 6.220149005554137034e+01 6.493140853508110411e+01 5.326241357974031132e+01 7.098627827303778304e+01 7.445799527410321161e+01 5.384684576472021433e+01 7.445799527410321161e+01 6.683745277807464902e+01 4.651572899002064787e+01 3.474452537875970393e+01 2.570652940989873514e+01 4.599935314610173265e+01 6.336158547335789848e+01 5.598899554058512251e+01 3.614614377651160737e+01 5.598899554058512251e+01 5.378418781855911845e+01 3.395309296137980226e+01 1.982154317604414473e+01 3.716456905816082923e+01 2.879274224865351428e+01 4.022010653521150658e+01 6.004312543666915047e+01
3.063233560239582431e-03 1.000306323356032578e+01 2.414519885824858747e+01 4.414520024355934424e+01 5.209548723224411759e+01 6.034178397807308869e+01 6.183994005413092765e+01 6.999749987737007473e+01 6.780808569283240672e+01 4.692941604288008506e+01 3.235084410923563780e+01 3.995665520067292675e+01 2.373207731775705298e+01 4.427205733716207448e+01 5.888788011321748428e+01 4.403793408922145858e+01 4.135137607645094704e+01 6.218686786424977697e+01 6.560806078860539969e+01 4.458084322373126440e+01 6.560806078860539969e+01 6.743792988007115241e+01 5.728522156529584919e+01 4.323784872831384263e+01 2.298321531172974730e+01 3.464213641647671693e+01 5.497981010990606165e+01 5.117639708748941274e+01 3.140577668699670966e+01 5.117639708748941274e+01 5.977814804771919199e+01 4.800173246281415373e+01 3.717320257432942299e+01 1.730780445669706680e+01 3.717323561272512933e+01 5.684105782181163846e+01 6.046984864688030115e+01
5.666595628964066558e-03 2.000566659562860750e+01 3.313142438053854022e+01 4.147160464778909983e+01 5.196777091576676355e+01 5.775094470520906498e+01 4.010543217605226829e+01 5.777190000490941202e+01 6.976442956098411230e+01 5.535143734471085253e+01 3.995673213765339682e+01 1.963234492048874813e+01 3.995673213765315523e+01 5.289544453356322862e+01 5.015749107186564260e+01 2.968689147793579153e+01 5.015749107186589129e+01 5.957214579498087659e+01 5.079835518426551744e+01 3.815323650814099921e+01 5.895882616138952415e+01 5.906466583988222396e+01 3.872173429292434577e+01 2.858134335341062737e+01 2.037931915474469591e+01 3.465027574314945724e+01 5.496707284196740773e+01 4.675555197180959510e+01 2.702127902790951453e+01 4.675555116398618338e+01 5.105377568846164849e+01 3.104727728927238672e+01 3.373835853977625021e+01 1.591186668933609738e+01 3.542430305651522815e+01 5.440888802326757911e+01 4.045981768410820223e+01
2.110006612196471242e-03 6.326949779835374876e+00 1.299655694461201705e+01 2.304866152169910265e+01 4.352326818450733725e+01 4.870830508600946729e+01 2.649574882369882189e+01 4.871097577252644584e+01 5.972918815781632418e+01 3.808150319765045566e+01 2.493251791411284302e+01 1.710968807365459909e+01 3.357773592029577969e+01 4.212020867427598603e+01 4.424813650365022255e+01 2.399051899504116037e+01 3.962652169760544041e+01 4.395139253175519656e+01 3.027428170536374452e+01 5.079835518426551744e+01 6.779044002384041789e+01 6.743792988007115241e+01 5.250327151270066395e+01 3.220282683818138736e+01 1.796435901901335797e+01 3.814868942224577353e+01 5.667939773758454436e+01 3.682563541527439099e+01 2.290504470528515313e+01 3.726835913686753798e+01 4.068378517556984519e+01 2.984557633419058220e+01 1.389064573332726660e+01 1.446973730725781060e+01 3.430346113274357123e+01 3.697196010861438964e+01 2.641653316795321160e+01
9.367352646185668139e-03 2.000936735264583177e+01 3.313142438053854022e+01 4.147160464778909983e+01 5.108903231270643630e+01 4.017738285787076791e+01 1.721415718373668824e+01 4.017738285787076791e+01 4.716108472444259547e+01 5.407728912565637813e+01 4.571785339120998515e+01 3.357776015567547745e+01 1.392577823623275890e+01 3.357773800869938441e+01 3.883405652243428108e+01 1.886893689651790140e+01 1.961171119766547477e+01 2.368886699374382587e+01 4.395139253175519656e+01 5.931588412970142343e+01 5.604622985239009125e+01 6.473115027177132674e+01 5.011083675831317663e+01 2.982974885513520746e+01 1.565174129020472016e+01 3.576991460337936246e+01 4.754408417323252678e+01 5.080616779821136930e+01 3.726835563547798813e+01 1.749358701086079293e+01 3.218864650933480220e+01 1.310749241929113929e+01 3.296308065289174039e+01 3.420152091125004290e+01 1.530266782372707191e+01 1.588871715186876088e+01 1.648017791600708293e+01
3.648181865326004768e-03 1.507344608441914602e+01 3.542915299145995789e+01 3.902859333418786747e+01 3.418699124704788517e+01 2.641413601251566590e+01 1.078335518918948210e+01 3.237663763301571151e+01 3.310219269080931781e+01 4.948111706315870606e+01 4.560036476095194047e+01 2.522683459510409776e+01 1.184626703664055825e+01 3.116854244457737622e+01 2.960807218517079420e+01 1.431522513865731661e+01 3.384277992709611738e+01 4.389664812614475409e+01 4.847845440728033850e+01 5.201920355682329955e+01 3.544446961046897115e+01 5.277646227646487631e+01 4.778445829723112581e+01 2.752977233761609455e+01 1.332392137982993674e+01 3.299306400277801288e+01 2.959022681175052583e+01 4.247886509033224911e+01 3.886660525533618227e+01 2.690671659847099662e+01 1.232457121676697476e+01 2.634695293444208275e+01 4.104127139665471447e+01 4.150461902863991526e+01 2.736459348883688136e+01 2.036232523438972208e+01 3.621902311448766199e+01
