LEM/sinusoidal_perturbations/elevation_000867.asc
nrows	100
cellsize	150.0
xllcorner	0
ncols	100
yllcorner	0
NODATA_value	-9999
[rows 34 to 50 of 100, columns 0 to 36 of 100]
2.064481644892168701e-03 2.000206448164453832e+01 3.192655322689409303e+01 4.021082447436221941e+01 4.192655322689461883e+01 6.192655322689532227e+01 5.572715031903894101e+01 5.999096837941233673e+01 6.217851947717296213e+01 7.046105853727701174e+01 7.147867892562254610e+01 7.976075323341086687e+01 8.431818983445513993e+01 7.229751576190335527e+01 5.568230018284685912e+01 7.229751576190278683e+01 7.575929461460199832e+01 6.310064364903034573e+01 4.475205891696450067e+01 4.227399357748655717e+01 6.488932359135520755e+01 6.845447174095110654e+01 4.826070200846680791e+01 3.442923431263913159e+01 2.707032251831933678e+01 2.838340129580783255e+01 3.074207644958472940e+01 3.564050222754005404e+01 4.095760711841969481e+01 4.672686090925876101e+01 5.342643844299606570e+01 6.349977278731454788e+01 8.341214491700766587e+01 9.529790844441055242e+01 8.172763740630180962e+01 6.156968822356718363e+01 5.130157647720577785e+01
2.905961989428186391e-03 4.367263766709257311e+00 1.192655322689373598e+01 2.192655322689391184e+01 4.192655322689461883e+01 5.246809219064183338e+01 5.246809219064184049e+01 7.246809219064041940e+01 6.848265434490683390e+01 7.420414859503325999e+01 7.420158215492133991e+01 6.608288928943376561e+01 6.859317756130785426e+01 7.673118550184324249e+01 7.574154066817806097e+01 8.376031891308689126e+01 8.052620115666934453e+01 7.575929461460115988e+01 6.717321567128777815e+01 5.179446902687090670e+01 7.314130248593819772e+01 6.846461115609895387e+01 4.846987567934623087e+01 4.821455141932300137e+01 5.194656948681596020e+01 3.267307919103516411e+01 5.063763574613992802e+01 3.506123547736845580e+01 5.504738352489141562e+01 6.677945204910601262e+01 7.345595885216114596e+01 8.162581958310330776e+01 9.153928375702002995e+01 8.699594411667867178e+01 6.693330448570544888e+01 5.672128269488779750e+01 7.164866291427028955e+01
3.542675937824442140e-03 2.000354267593747082e+01 1.221190917223654893e+01 1.824213606379171537e+01 2.490880273045826598e+01 3.246809219064254393e+01 5.246809219064183338e+01 6.306660291442019428e+01 4.950841064333939556e+01 5.506583795564236539e+01 6.314948792744313266e+01 4.712959070845573706e+01 4.956779035308653647e+01 6.859317756130785426e+01 7.222410789313104829e+01 7.453922977667247096e+01 6.022118630328504452e+01 7.453922977667241412e+01 8.173103268343099614e+01 6.453726350934607581e+01 8.173103268343143668e+01 7.665665249682973581e+01 6.846461115609895387e+01 6.844907238061975363e+01 5.753336400213638768e+01 3.746806142506350312e+01 5.753336400213638768e+01 3.988248813638245593e+01 4.106025036054091260e+01 5.107918493717826181e+01 6.268065822249137398e+01 7.680399103401070704e+01 9.652382121018548844e+01 9.529790844441055242e+01 8.107538789908505805e+01 6.093616654515662390e+01 8.107479112580327296e+01
3.411803931810562015e-03 2.000341180393145635e+01 3.221190917223583483e+01 3.824213606379100128e+01 4.490880273045755189e+01 5.246809219064183338e+01 6.075236343798420791e+01 5.506583795564235828e+01 3.628453242652533106e+01 5.506583795564235828e+01 5.514019725167474917e+01 3.629524691469340780e+01 5.514019725167474917e+01 6.621214104335840034e+01 5.185123309124187330e+01 5.594784898045723054e+01 4.572731049916436064e+01 6.022118630328504452e+01 8.052620115667205880e+01 8.527968895972180974e+01 9.359297876459602605e+01 9.005112027548103981e+01 6.999940586722584612e+01 5.570977865990199263e+01 4.563902952771712052e+01 5.165382666558233637e+01 6.487709999060191990e+01 4.487053158902715921e+01 6.108510410121542833e+01 4.813377126436522246e+01 6.816842323467501785e+01 8.415805481033095248e+01 9.404625244286314967e+01 1.010998988992882488e+02 8.107538784482127880e+01 6.709009731463417836e+01 7.107071484216149315e+01
3.327314952832964925e-03 1.000332731495291938e+01 2.414546293869335258e+01 4.414546297254749874e+01 4.636446892115356633e+01 4.636446892117859875e+01 5.466205844274830383e+01 4.842564370605479951e+01 2.947197503961671217e+01 4.842564370586905653e+01 4.201379928756576021e+01 3.047857981047652842e+01 4.945823093707026175e+01 5.482239960652445632e+01 3.739254268591784580e+01 3.551943065824937662e+01 5.594784898045723054e+01 7.453922977667247096e+01 8.481875647501212256e+01 7.646821010581820133e+01 7.909201444287066352e+01 8.743792564656556010e+01 8.412450433734124999e+01 7.366529934126918988e+01 5.325813417252554416e+01 7.172782277923083427e+01 7.020005604274054178e+01 5.022707272134493195e+01 7.020005604274057021e+01 6.816842323467501785e+01 5.602273117752327636e+01 6.607820604424573219e+01 8.593545950143445111e+01 1.012598112200283680e+02 8.125222957625624076e+01 7.528799936920046321e+01 9.107755713275804510e+01
6.779948344387334673e-03 2.000677994834403250e+01 3.828759856883641532e+01 4.051034387320921581e+01 2.635864143065249721e+01 2.635864143065249721e+01 4.636446892116921248e+01 4.271089758166842643e+01 2.353641674543089124e+01 3.521281052633385400e+01 2.277769818920294398e+01 4.201379928402030117e+01 3.869248296127904752e+01 3.484583404754295799e+01 2.731409863539885308e+01 4.760798212353548564e+01 6.435267802849284635e+01 6.668752952674748258e+01 7.308864768579981330e+01 5.608597530223188699e+01 5.873936973560678609e+01 7.909201444287089089e+01 8.754206148542942856e+01 8.218978610582237820e+01 6.510933624760085081e+01 8.216846585602110054e+01 7.572266451097446804e+01 5.630166189088597406e+01 7.624757902416324384e+01 8.415805481017791578e+01 6.502209433736378230e+01 8.415805481034938396e+01 9.404625244288030217e+01 1.095718844787744501e+02 1.012598112200283822e+02 8.525741089492234437e+01 1.035789875519529915e+02
9.516927588586143695e-04 2.000095169275850182e+01 2.255265400357277628e+01 2.384450450794060927e+01 1.221631825560946183e+01 2.647694461812175604e+01 2.786047099843490216e+01 2.925404249525257327e+01 2.954301905121735317e+01 1.573535954188872488e+01 3.368882897781833208e+01 3.567956128816164352e+01 1.862036290414494744e+01 2.072570031823575221e+01 4.084472777133029098e+01 4.692933219997443217e+01 4.953651942950395437e+01 4.622487948987723172e+01 5.503152132066085045e+01 4.418947487995990286e+01 6.369691708205170499e+01 6.828540925649288340e+01 6.731855084492576680e+01 8.159283236092232983e+01 8.606682446997909608e+01 9.443145370387897231e+01 8.326034832371973948e+01 6.342642374005642125e+01 8.326040968412036136e+01 9.300796379223484678e+01 7.912758071933967585e+01 9.300796379232717470e+01 1.015475158530040432e+02 1.097755427431419548e+02 1.135996340220515464e+02 1.052823714047134303e+02 1.135996340220515464e+02
1.945935296826602993e-03 1.274515461248380888e+00 2.549668887375054815e+00 3.843361342081354159e+00 5.145250451889587850e+00 6.475630662365061241e+00 7.859059590097205117e+00 9.252525618680429886e+00 1.065625043136763495e+01 1.231693801809081990e+01 1.398193119334815293e+01 1.566000351404885649e+01 1.848197010174031263e+01 3.854518020041862059e+01 2.417073622995927806e+01 2.663571946813986457e+01 2.917527397711404191e+01 3.179479232449520865e+01 3.455060368666050863e+01 3.877458991861194448e+01 4.314089898144776214e+01 4.776504842393841699e+01 5.280582768127197824e+01 7.324187997213095969e+01 8.188737422610971350e+01 1.020167591932629705e+02 9.135592939661516709e+01 7.494818859177945569e+01 9.135592939661516709e+01 1.012653610879837487e+02 9.881425065978100974e+01 9.829569467616045131e+01 8.165579084067829285e+01 9.523202757799370488e+01 1.034626322057669086e+02 1.093156332613993840e+02 1.011110405969860864e+02
5.600688922766023682e-03 1.996883632222759886e+01 1.149390926588129602e+01 2.384411728340381842e+01 2.514647531663341695e+01 1.163960845692826496e+01 2.786047099844851260e+01 2.925404249525257327e+01 2.712559761677990267e+01 1.596971849082176220e+01 2.428387637524605580e+01 3.567956130999858999e+01 3.854508621094230847e+01 2.257895141483722057e+01 4.275143343793149597e+01 4.692952909052609556e+01 4.953651942950395437e+01 4.622487948987723172e+01 4.903943983184220912e+01 4.154034895754534062e+01 6.207476943521167811e+01 6.828540925649288340e+01 7.324187997213095969e+01 6.161189297594399505e+01 8.188737422610969929e+01 1.018414625483725189e+02 1.026755961273972559e+02 9.461511485813748834e+01 9.543318423382865490e+01 8.138225085667951930e+01 9.543318423382865490e+01 8.939659947596500444e+01 7.015429614018390225e+01 7.533056674610728010e+01 9.523202757799370488e+01 9.785690538765730651e+01 8.123017086006397847e+01
8.215197286175309616e-03 2.000317659353942901e+01 3.147001732640836380e+01 2.780765512943158413e+01 3.991419346811009916e+01 3.164154839633999927e+01 1.980457445794310090e+01 3.980783792144181632e+01 4.439749339934872552e+01 3.969279886807684932e+01 2.171267247220549379e+01 4.222294435771816268e+01 5.117228871124144263e+01 4.275143343793149597e+01 2.688740749310551692e+01 4.717953972111826744e+01 6.027946795257418700e+01 6.668752952675161794e+01 6.949768571780127502e+01 6.207476943521167811e+01 4.933716208093813549e+01 6.981446088133327521e+01 8.725110876018055706e+01 8.188737422610969929e+01 7.336955306599206494e+01 8.763421670299868538e+01 1.077395562412910834e+02 9.785898213315194027e+01 8.720587901235202821e+01 6.729909502828340351e+01 8.720587901235202821e+01 8.115956966824830943e+01 6.124345479841646522e+01 8.115956966824830943e+01 9.541891409896244625e+01 8.963404929529720278e+01 6.972680322171164846e+01
2.613274238814250559e-03 2.000261327423845970e+01 3.828919230251589312e+01 4.765849469002419880e+01 5.540374043010432104e+01 3.980789052062642241e+01 3.980789052062652900e+01 3.049507149548725238e+01 5.050209375010252444e+01 4.697742352235599839e+01 2.625312931452995358e+01 4.697742352235599839e+01 6.384623097964040284e+01 5.560444048632314917e+01 4.717953972111826744e+01 3.146066317535142076e+01 5.185931032749363112e+01 6.530767547327990030e+01 7.443077664767699275e+01 7.818176360168354222e+01 6.981446088133327521e+01 5.857131743352681497e+01 7.299847630039725743e+01 9.318289270209525910e+01 9.352293431571558813e+01 1.018414625483725189e+02 1.036896299101890406e+02 8.381087370517327884e+01 6.973041719297116003e+01 5.977251758163043860e+01 7.155388244444868917e+01 7.563583325091772736e+01 5.572594234709267624e+01 6.722089096470409686e+01 8.714648199481034396e+01 8.299824250368628498e+01 6.308300061275817683e+01
7.532853315450405325e-03 1.000753338446280516e+01 2.414981126871913375e+01 4.415562853063512705e+01 5.638786691958802777e+01 5.982499241871033036e+01 5.880393164368871339e+01 4.204264503628908756e+01 5.880393164368871339e+01 4.697742352235599839e+01 4.094832615235419837e+01 3.474740712118579467e+01 4.941893907574062439e+01 6.989038493879965586e+01 6.027946795257418700e+01 5.185931032749363112e+01 3.642282237079255935e+01 4.558099761242480241e+01 5.745940445350049686e+01 7.780467684829631025e+01 8.725110876018055706e+01 7.037350471828921172e+01 7.891035493828768210e+01 9.907135650297084339e+01 9.337693482852799320e+01 8.514243375016881998e+01 9.337693482852795057e+01 9.557416167286578457e+01 7.568151834754047513e+01 6.159982620708994716e+01 5.166244540792425255e+01 6.510024807426019322e+01 5.105201055549558475e+01 6.511096236078751076e+01 8.498291364938079084e+01 7.699353411010052639e+01 5.707877279848819541e+01
6.101047412966256744e-03 2.000610104741260997e+01 3.017671150797001189e+01 3.595654918343749529e+01 3.602859631179543243e+01 5.177505938392123142e+01 6.331382817515259376e+01 6.205791559518324618e+01 7.036750888928487768e+01 6.749448691047774673e+01 6.153295216188232075e+01 5.541488674833734507e+01 4.586598917495630445e+01 6.638018640588752817e+01 7.270953591630919277e+01 5.229539975002867891e+01 4.041088282886576621e+01 5.229539975002867891e+01 7.270953591630919277e+01 8.613929150863066297e+01 9.889493316523007138e+01 9.057190932984363485e+01 9.213823374341832562e+01 8.389893200940142037e+01 8.339827480989903563e+01 6.515302216321776996e+01 8.120590310597040684e+01 8.944824050375098068e+01 8.973896483715370209e+01 7.979027299336704004e+01 6.510024807231563670e+01 4.525834014577293374e+01 4.674709749056886920e+01 6.659789845146750054e+01 7.629423543000636698e+01 6.805611335801495443e+01 5.284305027243637198e+01
6.842009524227352091e-03 5.006842011563517936e+00 1.017081986145287154e+01 1.594432386384468892e+01 2.350362951156303382e+01 3.504973237672292896e+01 5.503503327292679614e+01 7.117681249054935222e+01 6.287023669362795175e+01 6.397350430252796372e+01 7.228103645174900294e+01 7.477147933508787503e+01 5.777347878856376440e+01 7.477147933508787503e+01 8.105866165066116480e+01 6.562828038042259493e+01 4.512030825657676303e+01 6.562828038042259493e+01 8.105866165066116480e+01 8.981555314143675162e+01 9.988006597650183949e+01 9.337693794188452046e+01 8.339827682251096519e+01 6.388040514600017161e+01 6.755387321750639273e+01 5.505627680110054456e+01 6.117247753271531963e+01 7.790470860926360785e+01 7.985037746935275038e+01 7.492799544617064100e+01 5.504690144084123204e+01 4.109096122321511757e+01 6.086993908922185170e+01 7.483395439304499064e+01 6.805611331226567984e+01 4.817809046769006898e+01 6.805611265277893551e+01
1.934550753332892102e-03 2.000193455075297777e+01 3.017671150797001189e+01 3.595654918343749529e+01 4.349651442066780760e+01 5.177505938392123142e+01 6.225227999696831915e+01 5.961701325574625088e+01 4.286120283626620875e+01 4.396341971685259864e+01 5.810810173383276123e+01 7.813383873264992019e+01 7.813716765409691334e+01 8.649836504169951468e+01 7.999813610850968360e+01 5.967609124850414304e+01 6.562828038042259493e+01 5.392974312354125033e+01 6.121457769372763380e+01 7.141332487644737625e+01 9.157650670731975140e+01 8.514243377855116535e+01 6.515302216321776996e+01 5.505627680110055877e+01 4.744504725232626896e+01 4.683520928415620688e+01 4.953665488213796664e+01 6.893394235288886307e+01 5.998805684577343555e+01 5.998805684577342845e+01 5.807276921479584075e+01 3.834625842800181772e+01 5.807276921506987577e+01 6.904859065534132867e+01 6.081399514729287148e+01 4.510803775506062863e+01 5.500226822491315914e+01
4.364784840791047053e-03 1.414650040857186575e+01 3.414650040857257096e+01 4.125732810640503345e+01 4.377753860818950216e+01 4.223811229882915086e+01 4.223811229882915086e+01 5.131801560985576316e+01 3.131407872492228606e+01 5.131801560985576316e+01 5.815150905574082429e+01 6.645454590552365914e+01 6.710073678445741052e+01 8.714311395859449760e+01 8.832632893273625996e+01 7.999813610850968360e+01 8.266530927950951479e+01 7.432473349490261683e+01 8.149491579188365620e+01 8.981555314143675162e+01 9.988006597650183949e+01 9.337693794188238883e+01 8.339827682248488827e+01 7.094484094027382071e+01 5.085242534688795502e+01 3.945864144251295613e+01 4.072212888264233044e+01 6.064915376389612334e+01 5.831805815046277530e+01 4.024980436791945948e+01 5.157648273585169818e+01 3.568715643836463158e+01 5.512088531194940799e+01 5.693477745115389155e+01 4.103387029375404182e+01 5.241199359074846598e+01 7.229133950131932806e+01
5.219006137575642711e-03 2.000521900613722082e+01 2.470510997800570863e+01 2.125421201633656310e+01 2.377398789042442218e+01 2.223556132630442406e+01 3.506547439797803634e+01 3.798302837230334461e+01 2.554057563244188245e+01 4.554337643717144601e+01 3.814528203110495497e+01 4.708965523692108235e+01 6.123446557013740943e+01 8.126316831062767676e+01 7.902364141488139637e+01 8.749853040056989073e+01 8.984842580208831464e+01 8.166053510701468099e+01 7.909830818601177782e+01 8.728485696938116689e+01 8.937313514082242705e+01 8.230600635055392900e+01 7.407536691633444548e+01 7.920715828788398483e+01 6.763138703817041630e+01 5.360393244132223600e+01 3.407505189123060774e+01 4.900090343706607143e+01 4.808921199829428872e+01 3.053856462968022711e+01 3.196712832908769641e+01 3.370122535706785527e+01 3.545155060138917946e+01 3.723074067107398122e+01 5.693479079301685175e+01 6.872099532209739436e+01 8.052646311061667461e+01
