LEM/sinusoidal_perturbations/elevation_000795.asc
nrows	100
cellsize	150.0
xllcorner	0
ncols	100
yllcorner	0
NODATA_value	-9999
[rows 0 to 16 of 100, columns 0 to 36 of 100]
8.271705653423140972e-03 1.000827170565333546e+01 2.415040732938403423e+01 4.415040732889416120e+01 5.246399519916819543e+01 4.901790374921148441e+01 5.727900934565992941e+01 6.880174555611414178e+01 7.692323979161686509e+01 6.864590265092925847e+01 7.123843501896092789e+01 7.951602152547702929e+01 9.615638715054099350e+01 8.790163171677376397e+01 8.790163171677376397e+01 8.787660267765352273e+01 8.787008295396466906e+01 1.076638395020983836e+02 9.885259098007537659e+01 8.870163049233649133e+01 8.066476472743394766e+01 8.252602055746287135e+01 9.060369525442696670e+01 8.952656024079905706e+01 9.758776194269323412e+01 1.032527758844730528e+02 9.553609798548345111e+01 9.401660965811609572e+01 9.401695201538937852e+01 1.018937203869503634e+02 1.079296389731071315e+02 9.999521377473068640e+01 1.079296389731071315e+02 1.100965003802866704e+02 9.866679897921811460e+01 9.046858954126945207e+01 9.046858954126945207e+01
7.813061968023241044e-03 2.000781306196766707e+01 3.829254279713236286e+01 4.660450084025891471e+01 3.248627858528632117e+01 2.903691555233476862e+01 4.057692139980994739e+01 6.054850007139001633e+01 6.539084646295260939e+01 4.867476062331266462e+01 5.126567140042826765e+01 7.123843501896092789e+01 8.790163171677376397e+01 6.798227129606304686e+01 6.798227129606304686e+01 6.798153533106932400e+01 7.985009432855736122e+01 8.828304444391909556e+01 9.024338936272768308e+01 7.157033804851440095e+01 6.248662211055172122e+01 6.346177787544804261e+01 7.606181274504582746e+01 7.048453171837572029e+01 8.952656024079905706e+01 9.255242303288412131e+01 7.704237133034527574e+01 7.531505936522736988e+01 7.531507626881291628e+01 9.401695201538937852e+01 9.504180173850832603e+01 8.120803963952026550e+01 9.848212692664255030e+01 1.019008909873506354e+02 8.209956403529486124e+01 7.054792993722166727e+01 7.054792993722166727e+01
2.526786264046545528e-03 1.414466241004264546e+01 3.414466265217876639e+01 3.833747120694524568e+01 1.834980723618129161e+01 3.833747121027429472e+01 5.727900934565992941e+01 5.645984070454931469e+01 4.818603027322848220e+01 3.714852647031867861e+01 5.711555842526057347e+01 6.539420539759827022e+01 7.366840513235653987e+01 7.381651688639031761e+01 5.392275965860058307e+01 6.569671765027339916e+01 5.986767134483230990e+01 7.983729779853048569e+01 9.770101296536225277e+01 8.504008388916855665e+01 7.146525173899790673e+01 5.235910339544925307e+01 5.678535844505747576e+01 7.414604193262302090e+01 9.447142872657670409e+01 8.485873992282000700e+01 6.626078017793717834e+01 6.206493379570108004e+01 8.079272885407699789e+01 8.961875660501175389e+01 7.628937215956615603e+01 7.189201596175021791e+01 8.508408455519797542e+01 1.039221518012739267e+02 9.046858954126945207e+01 7.054792993722166727e+01 5.896005635314507742e+01
4.163169627051843593e-04 2.000041620877526682e+01 3.415991435548608024e+01 2.586981688034744664e+01 1.280306703867436191e+01 3.279390332339114877e+01 5.005174755525453634e+01 4.818603027308408571e+01 2.821469037643916522e+01 4.818602939868242885e+01 5.127703577621666398e+01 4.542951265671900529e+01 6.539420539759827022e+01 6.749277371263227110e+01 5.924032810886549782e+01 4.579813223916217169e+01 6.569671765036623867e+01 7.341089151479923203e+01 9.198970244957860132e+01 7.727126619462171675e+01 5.798310110869158507e+01 4.671037272317394695e+01 6.593793800496669633e+01 7.049602486593492756e+01 8.562427614683979016e+01 7.831426426570723720e+01 7.417114560058305983e+01 5.527401456127594770e+01 7.057496682346902617e+01 7.469870731896349980e+01 6.304164621489718456e+01 8.178183161951507429e+01 9.848212692664255030e+01 1.027590313922633243e+02 9.866679897921811460e+01 8.523240692336331392e+01 6.527426428786807833e+01
5.883922493566802643e-03 2.000588390299338215e+01 2.339666828691920131e+01 5.871355177443017048e+00 7.639122121216415984e+00 2.177903710272745386e+01 3.862038765238057891e+01 4.302945239822074797e+01 2.305260509828743309e+01 4.060463214265583076e+01 3.131079977995336350e+01 5.127703577621669240e+01 5.127650636847028665e+01 5.434817776462426764e+01 3.932969716042389763e+01 4.534132965431997775e+01 5.422668499822641053e+01 6.814646613700794830e+01 8.771300260494297163e+01 7.547846736009732638e+01 5.644949892762936372e+01 4.282598016055029433e+01 5.283731631704690557e+01 7.090217899111306110e+01 7.245178136646950406e+01 5.654104141246807558e+01 6.940784087440830774e+01 5.037651422358347020e+01 5.153301028306959353e+01 5.580135435200565297e+01 6.678005377936678144e+01 8.551578921782022746e+01 9.701753257479646209e+01 8.308917474854750651e+01 9.701753257479646209e+01 8.065369498394787229e+01 6.069009767481558271e+01
1.256007409845548732e-03 1.697633866769705957e+00 3.400146928284905279e+00 2.339267735350147603e+01 2.763369212110636752e+01 1.034826368421575360e+01 3.034103566193124379e+01 3.513940917969637212e+01 1.820238733895616789e+01 2.062767574086054978e+01 4.060463371887365014e+01 4.703031544624673899e+01 3.133141646647506562e+01 3.441464098120724913e+01 4.851227682720538326e+01 6.519146416976073510e+01 5.938504287772408219e+01 7.920940520012425168e+01 8.624514778884348232e+01 7.672507254586398062e+01 5.859198475183025323e+01 3.939781803999557752e+01 5.430759780646637580e+01 6.121949950807783125e+01 6.254261399777068675e+01 4.414188700987707392e+01 6.246535897314714703e+01 4.573954918346281318e+01 6.495980018080305740e+01 7.469870731896349980e+01 8.251572507570620019e+01 9.337173242221226133e+01 8.815308246921166813e+01 6.898568003622833089e+01 8.610759814088854114e+01 7.790252479569744537e+01 7.478163919649242075e+01
9.594114293757748102e-03 2.000959408219613778e+01 2.339834241119841352e+01 1.972876773474326129e+01 3.860162857122446667e+01 3.034103566175779676e+01 1.312176236132161833e+01 1.515245027852760629e+01 3.513940917989427959e+01 4.060463371887392725e+01 2.437360033299892237e+01 2.706980947828915873e+01 4.702150803612793339e+01 4.438760822998758471e+01 6.256365931291359317e+01 7.670534527507754774e+01 7.920940520022232079e+01 8.743529832250540323e+01 7.829074965337723313e+01 5.932064035981923666e+01 4.969770801165287111e+01 5.431671716743387890e+01 3.517925491138301197e+01 5.046556494672042703e+01 5.114412060008304195e+01 3.535059993745458939e+01 5.455417175876456071e+01 4.276760213852147530e+01 5.399815636839450406e+01 6.748976145074310296e+01 8.630976054811343090e+01 8.515499828648572134e+01 7.996659530682173056e+01 5.980301186328104990e+01 7.452366451695313287e+01 5.773287154797728959e+01 7.452366451695313287e+01
7.711341127313004785e-03 1.414984696662816788e+01 3.414984928527864128e+01 3.972088329491249681e+01 4.798406623203109689e+01 4.138894774198846704e+01 2.206451520060431548e+01 3.513940917988264800e+01 2.583939798854331471e+01 4.581883319152622391e+01 4.434059690299041279e+01 3.413406234671995776e+01 5.407682103721957390e+01 5.846685901805474117e+01 7.252508128958949385e+01 7.066929257307592138e+01 7.066929257307592138e+01 9.083265746037562849e+01 8.624609788293339818e+01 7.672507254586398062e+01 6.641478763103285132e+01 4.728604006623488942e+01 5.046552904739753131e+01 3.138461799879809178e+01 3.202589449777203612e+01 5.110645497195544351e+01 3.895830228587277588e+01 5.821710713142622495e+01 5.647391202977831171e+01 7.544402900309948734e+01 7.930520976071197481e+01 6.523777242586012903e+01 7.283769201384757253e+01 5.234225875279894780e+01 6.367185561384462034e+01 4.570281432849948544e+01 6.619029052277352321e+01
2.297228869525369630e-04 2.000022972287146317e+01 3.313575718978766105e+01 4.146429984157773418e+01 5.963247932482575209e+01 5.033153622988626097e+01 3.619633911263245807e+01 5.033267790956247723e+01 3.583083693751505194e+01 5.409447013164656681e+01 6.232344672931214546e+01 4.411065606029205810e+01 6.232344672973512445e+01 7.834078257085118935e+01 6.892553829679241062e+01 5.047402329076408733e+01 6.459754835924863414e+01 7.294911851658996227e+01 8.459599369212303088e+01 8.542924417395344960e+01 6.641478763103283711e+01 6.641478762209226261e+01 4.782945672078790267e+01 2.872125537047702792e+01 4.541989938969185658e+01 5.342884413160686563e+01 5.817150486943945964e+01 6.604950776372722032e+01 7.544402900309913207e+01 8.328595561566216077e+01 6.934544511892848107e+01 5.113474129445384619e+01 6.934544511892848107e+01 6.367185561384462034e+01 4.294024163831765861e+01 3.805833733249188811e+01 5.234443953522009707e+01
9.647730019007896146e-03 5.410967345193115285e+00 1.196815961952104423e+01 3.313575264522351205e+01 3.962086461908092616e+01 5.963164543279189900e+01 5.618162362381224995e+01 6.408102951796701063e+01 5.580686415366221809e+01 6.408393833424690911e+01 7.228950340233724603e+01 6.404618677360282675e+01 7.230298982786146667e+01 6.910258295447569310e+01 6.057165793191999370e+01 4.030152092351121951e+01 4.435458199510188138e+01 5.606709241417882339e+01 7.625036788607796723e+01 7.252524907712981417e+01 6.300118202819690794e+01 5.504968512804666858e+01 4.861127493686736045e+01 4.270439774579722325e+01 2.614969128786758645e+01 4.560646212447967685e+01 6.085965511327007249e+01 6.902075736275739359e+01 8.039050224731217043e+01 7.296532047037376856e+01 6.110306705623325030e+01 4.123578062419279178e+01 6.110306705623325030e+01 7.198245790745795603e+01 6.367185561384462034e+01 5.234443953522009707e+01 3.306736207518568449e+01
3.582433992925927561e-03 7.559946127317970443e+00 2.548049618308362696e+01 2.297489513758043245e+01 3.742874158145427543e+01 5.746729110850797895e+01 6.316033716801467790e+01 5.483499055620566764e+01 6.297520094774215238e+01 6.387932452632647795e+01 5.546899807466688515e+01 6.393889264166518416e+01 6.316282854496076737e+01 4.887277431934386129e+01 5.291026627971194074e+01 3.258311535352741117e+01 5.291026627971194074e+01 6.386565235399809382e+01 7.397204159084105868e+01 6.454415630889410238e+01 4.558711949802664520e+01 3.603687112451977015e+01 2.964512924439175023e+01 2.359739861277151718e+01 4.194264493245163550e+01 3.479170747331702529e+01 4.154525839510746721e+01 5.266175001319682281e+01 7.210768569823487439e+01 6.472963625177229119e+01 4.487180264350045178e+01 3.469745148712207339e+01 5.448063824555305956e+01 7.041540377572751197e+01 6.679923668974174689e+01 5.448119616028132839e+01 4.625876903963865061e+01
1.813270376062421294e-03 2.000181171687733439e+01 3.367568473568046272e+01 4.329489996777184047e+01 5.150281160572777850e+01 5.487567402751862033e+01 5.265414841951757552e+01 3.368052507620600977e+01 5.226438042165980846e+01 5.370921629742181835e+01 3.514569023475156939e+01 5.374708566258777154e+01 5.479794808629502256e+01 3.449600115001923939e+01 4.195786943529842006e+01 2.749209468839885417e+01 3.519627550948300865e+01 4.538777210728035527e+01 6.562050639971221244e+01 7.252524907712981417e+01 6.300118202819690794e+01 5.504968512806033942e+01 4.145871760815619211e+01 2.181829429957921462e+01 4.106168561795622907e+01 5.372026212722188632e+01 6.087780329696448689e+01 6.907028655103852088e+01 7.011962792372823117e+01 6.255237061516738351e+01 4.270163800704966661e+01 2.882054263137860772e+01 4.851577823105294129e+01 4.486436015271241473e+01 5.098367659561088061e+01 3.878521734707289426e+01 2.672443178269468689e+01
2.372884694381488524e-03 1.423351332706602257e+01 3.481729416219750561e+01 4.727586748528507599e+01 5.177187009661846417e+01 3.221634094005317195e+01 3.328734299466695035e+01 2.229276667989445571e+01 4.412712167579415024e+01 4.527001139507203931e+01 2.446389826494733910e+01 4.530742054159765786e+01 4.549257938569840576e+01 3.710322042035895862e+01 2.164941735301882630e+01 3.337474105378764477e+01 5.368264084818770954e+01 6.386565235374594351e+01 7.397116980903548722e+01 6.355136121734161492e+01 5.551799394993683734e+01 5.694634350727130112e+01 3.986502169026501008e+01 2.005157602911902970e+01 2.918749869684243592e+01 4.287824267379325249e+01 6.208269197423010866e+01 6.429539693091456343e+01 5.026053285983611829e+01 5.630907726740784369e+01 4.325234664919469907e+01 2.423985655908218817e+01 3.508559634600940313e+01 2.259088721529207078e+01 2.374398880361459874e+01 2.494831420666031363e+01 4.457764397110505428e+01
8.175220331382775790e-03 1.619449712176533396e+01 3.473917573651718271e+01 2.971851760562049094e+01 3.607336308282279447e+01 3.320593454845293735e+01 1.088314928727015030e+01 2.727101755761909985e+01 2.679152323217834208e+01 3.194813715723426739e+01 1.614459008313050248e+01 2.970675154907011617e+01 3.263535691609533274e+01 1.687430006895739965e+01 3.115798026369894913e+01 5.034263340497177808e+01 6.204874750270273154e+01 6.518388642233720986e+01 6.914424794044511202e+01 4.988476149779361890e+01 3.622180875264802324e+01 3.766403877185228311e+01 3.829310901600690897e+01 1.835551172661117292e+01 3.829310901600694450e+01 4.850309564493773706e+01 6.772110976548368910e+01 5.607712713582184705e+01 3.627788646462595068e+01 4.300850620036276695e+01 2.760626775235904162e+01 1.990722166771375612e+01 2.101315028946775243e+01 2.790779883382938209e+01 2.609750962374803507e+01 2.982571179589507437e+01 4.891580006035649575e+01
9.124702163186202558e-03 1.694545935755246902e+01 2.617875922030594538e+01 1.831329219602969260e+01 3.384469467248335661e+01 3.113222063748633062e+01 1.482222840478740267e+01 2.518224117395877482e+00 2.843710312580190358e+00 4.184441836441452622e+00 2.554925819789686159e+01 9.777200337050757639e+00 1.255802987404543991e+01 2.669634818348094996e+01 4.549257538171316639e+01 5.988433600166784032e+01 5.402397215883331683e+01 4.534745968867377997e+01 5.935856173349971243e+01 5.694659664414871969e+01 3.766403944337400844e+01 2.369224797448477560e+01 3.453691936698120202e+01 1.674202201330617612e+01 3.104390303054199407e+01 5.044405418412289777e+01 6.364861445875696688e+01 5.256692782615147763e+01 4.329806472353672575e+01 2.383259582073743843e+01 1.840332118154447727e+01 3.792171370486005344e+01 4.057794875778423460e+01 2.605485987818494209e+01 3.129127662081722150e+01 4.869499179699473501e+01 3.902167284890826693e+01
2.239863785106879172e-03 1.732030782263221624e+01 2.057135304050871127e+01 1.224776540491202859e+01 2.666943801483536802e+01 2.556696741566635112e+01 1.708826617151611060e+01 2.337256424322662784e+00 1.751026627411448544e+01 3.266753091510613327e+00 5.914863811954530703e+00 2.597220715147630088e+01 3.263531203806561365e+01 4.102279414026390469e+01 5.534988730204536722e+01 4.706544870815751835e+01 3.310913904720769807e+01 3.146282308795924365e+01 5.115741456445206126e+01 5.351706442390560170e+01 4.044240103015781784e+01 3.244911585155809064e+01 1.462733506558012664e+01 2.441601614033005063e+01 3.453248134818410620e+01 5.281266147061769800e+01 5.550065700667435920e+01 3.650413673262293202e+01 2.550869057077876789e+01 1.692220166526880831e+01 3.640497436402225873e+01 3.429728597924695066e+01 5.404854221084553245e+01 5.795029128271222874e+01 4.031483961368768121e+01 5.795029128271222874e+01 5.297107391221582873e+01
1.766589122093755728e-03 6.389969610839520975e+00 5.815639171395481810e+00 1.521925405124505737e+01 1.931989149975533238e+01 1.988363548635237876e+01 1.915239141859828687e+00 2.050833313772564637e+01 3.313974951003951563e+00 3.575155841791865186e+00 4.053560534848482000e+00 2.541746524759352610e+01 4.571866708451592132e+01 4.657593989659000044e+01 3.861263405933504345e+01 3.857008582890708936e+01 1.850633659396070740e+01 3.636430851830937172e+01 3.964878452989191970e+01 4.162624728454583334e+01 2.668025146324607277e+01 1.279138647313383359e+01 3.244911584732249565e+01 4.157708359187154201e+01 5.093066805043766010e+01 4.892362005473995623e+01 4.993537507610034254e+01 4.207295511889957140e+01 3.388884609542164839e+01 1.589280226023777942e+01 2.704726532566452235e+01 4.670946263380472629e+01 6.227880187758493236e+01 6.759544007226138262e+01 5.942134695118964061e+01 6.759544007226145368e+01 7.290616624123188672e+01
