LEM/sinusoidal_perturbations/elevation_000106.asc
nrows	100
cellsize	150.0
xllcorner	0
ncols	100
yllcorner	0
NODATA_value	-9999
[rows 17 to 33 of 100, columns 37 to 73 of 100]
5.063296677081559238e+01 5.063310025459477970e+01 4.822170357700947108e+01 2.783489311640503416e+01 3.861593139214066639e+01 1.917158551759746032e+01 3.910509437117875109e+01 3.612288650609782081e+01 3.942405613815712684e+01 2.300596509163108294e+01 4.314049507898378266e+01 4.611106543316743966e+01 4.740255089984949421e+01 5.575770968810008554e+01 6.090013147909075286e+01 4.932816755738107162e+01 3.407089269027385114e+01 3.560008255384923359e+01 3.714595863560501954e+01 5.761863077171337011e+01 4.580143276569467758e+01 5.751745883861055830e+01 7.753078172893300746e+01 6.667235515715992733e+01 6.448742360607069202e+01 7.237220533313268334e+01 5.945948125765315240e+01 7.931401169983149657e+01 9.185916976125922417e+01 9.185804415403245571e+01 8.838891553903404485e+01 1.002888860058749287e+02 1.069083808763326715e+02 1.150918278633713498e+02 1.249546389812279727e+02 1.190765153151950386e+02 1.092114003516798277e+02
6.382764722201182650e+01 7.082228052104012761e+01 5.590722937552425975e+01 3.556183901580914153e+01 4.701615055888404981e+01 3.156431231404177140e+01 2.004213594023007516e+01 2.066417426682202318e+01 2.129167806685763509e+01 2.203227909412279217e+01 4.225733239490158866e+01 5.081826131924078283e+01 5.641479261515721788e+01 6.532350516762870996e+01 7.389174082054735493e+01 5.270989038342089117e+01 4.891996771517285936e+01 5.641231811387633144e+01 5.761684949078940576e+01 3.935866332199083217e+01 5.974016194143941760e+01 6.388428750345537566e+01 6.562617900574693408e+01 6.752996080458238737e+01 5.031942438986040145e+01 5.238697221154989592e+01 5.467654852090463891e+01 7.464818427554774871e+01 7.111653171338132040e+01 8.643176410568960932e+01 7.361606435028311068e+01 8.017104244752536601e+01 8.704989626495935795e+01 9.705839648923378604e+01 1.167583652634315428e+02 1.109278746797038622e+02 9.117375656364852432e+01
5.284900896938844284e+01 6.455088386014152491e+01 6.418322664719565296e+01 4.581016871983166538e+01 5.088047421449120122e+01 3.015846174850814165e+01 4.046002151905874911e+01 4.103538075065320356e+01 4.167188048000421929e+01 4.241903552289407742e+01 2.308492311815368581e+01 4.347750182220928394e+01 3.594461770071620066e+01 5.051295858021898511e+01 7.135369639207578984e+01 7.435069281729853685e+01 7.073466357802236359e+01 6.664840446377387195e+01 4.650400200242316373e+01 5.975010439304679011e+01 4.186615648930834510e+01 4.366736555936638098e+01 4.547979835211293675e+01 4.745330526571675023e+01 6.753008407414509406e+01 7.237220533313266913e+01 7.464818427554774871e+01 5.796064706748112627e+01 6.095284327637022415e+01 6.512485896583115164e+01 7.781912147709596184e+01 9.820285834427103566e+01 1.069083808763326715e+02 1.150918278633713498e+02 1.249546389812279727e+02 1.190765153151950386e+02 1.092114003516798277e+02
3.660648460925415293e+01 5.626881330663503888e+01 7.423178403093974964e+01 6.015284685158759004e+01 5.956279064892020614e+01 4.060294688561389620e+01 5.956278795101618329e+01 5.520931051729859718e+01 3.499864104213992277e+01 2.977135019153497808e+01 4.324047219240141970e+01 2.415082443976992010e+01 4.466717329254414892e+01 6.500566015869273429e+01 7.117051337937436983e+01 7.992180710885165240e+01 7.419810054444702985e+01 5.420429991589924157e+01 6.650239545373509031e+01 7.044700323235689154e+01 5.368514395960894348e+01 6.375545649818497651e+01 6.562617895337960761e+01 5.193638657027191385e+01 5.908286164848530575e+01 7.900297291498849006e+01 8.616570501570529927e+01 7.793134682438156347e+01 6.203230775619989856e+01 8.205930695461792368e+01 9.474016609426105617e+01 1.064139600406472965e+02 1.157325189085643160e+02 1.239249091963026075e+02 1.234908733825672584e+02 1.123030347094367301e+02 1.042737425180103230e+02
3.795436097616052962e+01 5.121429909027798999e+01 7.062733002490899992e+01 8.013092346710523373e+01 7.098313174160327321e+01 5.697174127258436016e+01 6.325282115447596709e+01 4.331938623245097375e+01 5.520171933243504014e+01 4.245782225464704140e+01 4.530270701718793447e+01 2.490610042712279792e+01 4.531978040974029653e+01 5.676125494830291984e+01 5.082666315868736007e+01 7.123951507210493617e+01 7.996218078391935080e+01 6.001505921014488365e+01 7.993756990376327565e+01 8.220007059787447190e+01 7.383557369870977993e+01 7.848069603710177944e+01 5.863310468470194792e+01 7.187965705139934869e+01 7.899362886965609221e+01 7.536857798512933471e+01 9.517417587662232847e+01 8.508671577227764260e+01 6.500515750189596531e+01 8.508671577227764260e+01 9.491552901018694399e+01 9.961359253002621017e+01 9.599094649411124180e+01 1.135155336308813219e+02 1.154578913838235934e+02 9.608637730882118433e+01 8.474623405378954999e+01
4.824499739188775749e+01 6.279382647980816046e+01 7.225296830993794117e+01 8.293358043199606300e+01 8.938857258241066006e+01 7.285549905648325364e+01 5.331547908318368201e+01 5.746713801464801463e+01 6.983844674032575028e+01 5.793000195139154584e+01 2.983792420778069499e+01 2.565999317271168678e+01 4.313575720395625979e+01 3.637717143758958827e+01 5.082267771202037920e+01 7.115508775615059278e+01 8.817520584504053716e+01 7.996218078391935080e+01 7.070691434004720577e+01 9.059029457272335151e+01 9.246714290499667754e+01 7.272793078287169521e+01 6.861969168480426617e+01 6.861969168480426617e+01 8.839913263152052991e+01 9.517417587662238532e+01 1.013469545068001025e+02 8.143218454459747591e+01 7.138704848031795791e+01 7.039699422033186238e+01 7.492122544611245871e+01 7.968144304845743875e+01 8.550167317490969765e+01 9.957478581338449430e+01 1.192604943350668663e+02 1.123030347094367301e+02 1.042737425180103230e+02
3.655555745926299949e+01 4.287791690640498388e+01 5.272425258715970386e+01 7.430323467628022627e+01 8.508866608376847296e+01 6.663899294227380210e+01 6.839389243294056087e+01 7.722069585824189630e+01 6.934371700863040644e+01 6.003088732686678242e+01 5.250081830848262854e+01 2.662037185015280727e+01 2.698284760886392064e+01 4.724481211972723571e+01 6.511495494546997520e+01 7.743893621516495784e+01 8.632882323030126770e+01 9.878938028761841394e+01 8.221997572731858384e+01 9.878938028808349259e+01 1.006345775384329073e+02 9.246714290499667754e+01 8.009404712914891888e+01 8.264609733089754684e+01 8.264609733089754684e+01 1.022881884790957514e+02 1.095426388744959070e+02 9.807174721958990915e+01 7.812315189257788006e+01 9.044337513099243608e+01 8.203594473142128152e+01 9.961352238722298580e+01 1.053405963469234337e+02 9.617426609261902115e+01 1.158665819097708578e+02 1.167157919610417309e+02 9.734794309916553345e+01
5.240302321159293086e+01 5.948766674168220447e+01 6.787660088690657290e+01 8.293358146350610127e+01 9.299898052320793340e+01 8.508433372455588994e+01 9.025879618547182304e+01 7.919381763563572463e+01 6.094238938822744700e+01 4.088738589011710189e+01 4.827624758936853056e+01 2.767956032817077272e+01 4.718084880619095856e+01 5.557126263851432668e+01 4.912736127666722297e+01 5.821651758327775639e+01 7.238866181033064606e+01 9.216652304928457795e+01 1.020243627533218955e+02 1.102205785033603860e+02 1.038725219235486321e+02 1.079188988269535940e+02 9.974409040836211204e+01 1.022881884790957514e+02 1.022881884790957514e+02 1.104728040469311452e+02 1.142078358934414553e+02 9.444537943532748159e+01 9.228106436335247054e+01 9.807032019320824645e+01 9.204745606708590344e+01 1.101121741060553489e+02 1.240525251080715350e+02 1.101067651140827763e+02 1.158665819097708578e+02 1.247615738124725198e+02 1.135700059383572551e+02
3.706710837087578625e+01 3.996374885004780708e+01 5.957548709394959019e+01 7.167558877711738319e+01 8.026578108982280924e+01 9.212291980447926676e+01 8.527569724664149931e+01 6.467942767816207095e+01 5.014211593104655407e+01 5.295814998689569109e+01 3.321857263651131831e+01 2.855232784165035298e+01 2.988769741453136319e+01 3.798977658818714787e+01 4.999561176803570106e+01 7.012137669597022693e+01 8.632882323030126770e+01 8.915623954362875736e+01 9.722048876556031871e+01 9.811627439983350030e+01 8.418168727167672216e+01 9.811627439983350030e+01 9.250401828750672450e+01 1.006734294341415819e+02 1.081658022083115327e+02 9.995386392779820994e+01 1.081658022083115327e+02 1.142078358934414553e+02 1.120557828895923222e+02 1.178138475496423467e+02 1.118129345069480394e+02 1.118129345069480394e+02 1.315233037509223379e+02 1.297720097347051080e+02 1.355745097023338133e+02 1.247327513684435019e+02 1.148155996244465058e+02
5.083698276634623880e+01 5.957548693550984353e+01 4.427811946082906758e+01 5.161598448883310652e+01 6.309221655533188056e+01 8.357963633188828112e+01 8.616262748994411425e+01 6.478509096788239674e+01 7.071193536762353915e+01 6.130451279044152813e+01 4.487726243649821356e+01 4.905945885974416143e+01 2.966627843813623144e+01 5.018370943510181803e+01 6.676363147024893863e+01 7.833186436424513488e+01 8.589610068032182255e+01 6.948151630788690625e+01 8.589610068032182255e+01 8.994899921398686615e+01 7.012330346452206697e+01 7.850262992101094994e+01 7.270306496755551962e+01 9.250401828750672450e+01 9.822950520451111345e+01 8.006171024322823371e+01 9.822950520451111345e+01 1.101337958631279719e+02 1.042169499872756973e+02 1.017926775561131194e+02 1.039583347933688628e+02 1.121786020137509325e+02 1.173527968338334659e+02 1.173527968338334659e+02 1.255761111929384697e+02 1.165560152691274993e+02 9.668281037549849088e+01
7.068092359209872200e+01 6.747478406520063743e+01 4.768778406925228808e+01 6.747478401349628996e+01 8.024897051066160714e+01 9.139672734458019931e+01 9.500449749718613646e+01 8.595663010960228689e+01 8.458851468640156668e+01 7.323042671576202167e+01 6.469637203088751676e+01 5.098773598098403426e+01 3.045261836444840853e+01 4.505281545777762631e+01 6.531593862964349739e+01 7.601176737075527967e+01 6.786818846888660062e+01 5.793934736501731919e+01 7.204592161525881977e+01 9.168148890889442271e+01 7.850262992101094994e+01 5.859448777411272857e+01 7.850262992083177949e+01 8.562354558103714908e+01 8.002959189529100570e+01 7.005139670506882510e+01 9.000778708551325735e+01 8.847395561516701434e+01 8.195301193618688274e+01 8.177517633704094635e+01 8.397095876310916651e+01 9.787968411938115310e+01 9.763113347445143120e+01 9.763113347445143120e+01 1.173527968338334659e+02 1.247327513684435019e+02 1.148155996244465058e+02
8.757514521509861538e+01 6.747478393822150622e+01 6.747478398238622788e+01 5.307683146163069665e+01 6.294699255215741118e+01 8.303277093057671721e+01 9.763422817605628268e+01 7.904691093207740948e+01 6.532563781978012685e+01 7.112328414824902723e+01 6.089156322556530654e+01 4.208822495042919343e+01 3.124690808311299151e+01 5.179587319314292415e+01 6.129629436869317516e+01 6.786713573449154069e+01 4.781586831197292042e+01 6.786713566908295547e+01 8.209831777010788301e+01 8.458927066756459112e+01 7.318157378668777824e+01 5.323975147170479261e+01 6.616556623910690860e+01 6.566503611378574590e+01 6.005117325478806123e+01 8.002959189529100570e+01 7.685306329976999962e+01 7.925792598170525594e+01 6.384700054710655337e+01 6.755197367968078481e+01 7.247519761085045786e+01 7.779257533740052111e+01 8.347674170628681622e+01 9.248778920295860928e+01 1.064815905515456507e+02 1.261477874655600715e+02 1.239796512494757508e+02
9.151585765308445275e+01 7.133759358942479878e+01 5.981896889253284400e+01 6.449438104994531784e+01 8.133822744012820749e+01 9.139691369614922678e+01 9.019891173434801601e+01 8.201514777854562510e+01 7.112328415276905957e+01 5.122851786535289165e+01 5.609940407657693129e+01 3.567284977806099988e+01 5.179542999659781088e+01 3.242615139192439955e+01 5.298376346272910098e+01 5.539426937792624983e+01 4.205772860541295444e+01 5.389329238120113530e+01 7.392346119191874720e+01 6.541334017641106868e+01 7.107409565830985798e+01 6.285182700072613926e+01 4.607645554207858396e+01 5.151084287423413599e+01 7.130877490227463511e+01 7.350107240330146396e+01 5.688127617308384743e+01 5.928153733983246809e+01 6.238418902400684374e+01 8.184449564633821694e+01 8.998537932187406341e+01 9.375107675381870820e+01 1.019613673365807358e+02 1.116036223336948865e+02 1.122416862675104454e+02 1.319564379908517537e+02 1.282573491182862995e+02
9.988155191712392877e+01 8.544968031389797147e+01 6.531718728743678071e+01 8.455180137734801349e+01 9.290080971443587998e+01 9.603592713130913694e+01 7.620851555173041447e+01 6.207806909652075689e+01 6.938488814409069505e+01 6.057025866306666018e+01 4.029487292443000257e+01 5.572678326977234065e+01 5.434905868732724343e+01 3.388984195575926606e+01 3.384478628255997990e+01 3.485382398906165946e+01 5.483892592186203530e+01 5.783818772715448375e+01 5.892547552933509536e+01 5.145863147556817552e+01 6.026205555579685580e+01 4.338884697779646871e+01 6.357457780922493384e+01 4.915001777511066905e+01 5.132278749229686809e+01 5.352861278086560759e+01 7.350107081061672432e+01 7.925793839028121113e+01 8.184449564633821694e+01 6.681229090098821644e+01 7.015758139770525759e+01 7.382487891853818951e+01 9.375107675381870820e+01 1.047569930038703490e+02 1.129488739600154190e+02 1.228195175067646829e+02 1.293411187323131060e+02
9.573458203250920917e+01 9.154019756078027115e+01 7.134023745721279397e+01 9.154019756078027115e+01 1.011326885146381613e+02 9.112077288365679806e+01 8.280291444784471366e+01 6.941583746592668547e+01 4.935598871734874393e+01 4.555520227841282122e+01 6.057025866350596033e+01 5.656856623350543600e+01 3.592887841787091219e+01 5.434957780479942357e+01 5.438959989202913192e+01 5.522118493016001395e+01 3.633368954183120536e+01 3.739588746296428923e+01 3.848561753568474586e+01 3.958759035382026070e+01 4.069873827396838806e+01 6.075205604778765434e+01 7.093646464966700194e+01 6.916062211733968468e+01 6.546302802635040052e+01 7.350107240330146396e+01 6.351390113144839233e+01 8.348824176979749723e+01 9.469595312336015525e+01 8.066684915613171825e+01 8.416993840894046741e+01 9.375107675381870820e+01 7.969903846677036086e+01 8.489142787338538199e+01 9.490112156043808511e+01 1.088548669447940966e+02 1.285139001099693985e+02
9.573458203250920917e+01 9.869778739298557468e+01 7.845306617280186856e+01 9.869778739298557468e+01 9.278555493508800112e+01 7.284470436707046304e+01 6.283754611917985500e+01 5.574179254920541382e+01 6.941583746575435043e+01 6.570086729472257048e+01 6.959685865149870665e+01 5.726497610249407444e+01 3.747346343790633938e+01 4.964195878034406206e+01 6.977189711978930120e+01 6.549099636768160337e+01 5.706542178143494937e+01 4.441271622095052152e+01 5.892495270401123975e+01 5.997138905229082440e+01 6.100414428776031883e+01 4.262542899999856871e+01 6.285288096704672967e+01 8.253838257019506841e+01 8.542177664471172704e+01 9.172175994263093912e+01 7.765600757572714485e+01 7.983677370971143716e+01 9.973542794005797418e+01 1.005151665642617189e+02 1.040250956450576751e+02 1.071207991822972616e+02 8.729599136461885678e+01 1.047569930038703490e+02 9.558384717957326870e+01 1.095315551337071014e+02 1.291948644786650391e+02
1.041111688424451387e+02 1.070607923536994264e+02 9.014310987896834604e+01 1.070607923536994264e+02 1.011732269207411008e+02 9.112082957836587127e+01 8.176141281539068473e+01 6.179509308472474771e+01 8.176141227632564323e+01 8.066257704455203736e+01 6.121549464401086738e+01 3.991721793794548034e+01 5.499066497748488302e+01 6.441377335203010546e+01 7.800798815637088524e+01 7.723981434088157982e+01 5.726420211082392342e+01 5.875815339853980390e+01 7.282586430485108053e+01 6.473295227930159967e+01 4.456977015729565039e+01 6.276046760621090215e+01 5.439197951646407603e+01 6.855435136538214635e+01 8.840951267426973459e+01 9.995069946287107143e+01 9.756850781650376803e+01 9.973542850502134627e+01 1.044128265020361113e+02 1.066042478099759876e+02 1.147704198387528152e+02 1.153145955300417285e+02 9.880239030425512681e+01 1.153145955300417285e+02 1.069879394199482903e+02 1.235003021519269453e+02 1.302035656606445002e+02
