LEM/sinusoidal_perturbations/elevation_000111.asc
nrows	100
cellsize	150.0
xllcorner	0
ncols	100
yllcorner	0
NODATA_value	-9999
[rows 51 to 67 of 100, columns 37 to 73 of 100]
9.005159659562249885e+01 9.668263377330907815e+01 1.050288868546550276e+02 1.150740397197008491e+02 1.131856063313085912e+02 9.287952217397703691e+01 9.025626522448305877e+01 1.072289112148196750e+02 1.111841761562157984e+02 1.196774738174891013e+02 1.245234873532607622e+02 1.245234873532607622e+02 1.328613260556083446e+02 1.194382253615351175e+02 1.025667789758697950e+02 1.111044141047594991e+02 1.312596482428270406e+02 1.271643271584635784e+02 1.166056376647046449e+02 9.894620330226847216e+01 1.129086678726178263e+02 9.302199314836013855e+01 1.023460709979229648e+02 1.235245447269396379e+02 1.229757163220894682e+02 1.031008410556651569e+02 8.858347179244947256e+01 9.857802144711547498e+01 7.968119815218135216e+01 7.853970022345986024e+01 8.584833540016688858e+01 9.626949954548439337e+01 1.164458360527919041e+02 1.303831228461141905e+02 1.091077859176200349e+02 1.036339112465908698e+02 8.222794183242564259e+01
7.025538231842047310e+01 7.678952230784159383e+01 8.666205688398332541e+01 1.067032106626347598e+02 1.216610460839110317e+02 1.131856063313085912e+02 1.105349278499114121e+02 1.190082208678356039e+02 1.165298890865318526e+02 1.143033380682129945e+02 1.040831887831652836e+02 1.040831887831652836e+02 1.245234873532607622e+02 1.111044141047594991e+02 9.084905708865298379e+01 1.111044141047594991e+02 1.230863119267907280e+02 1.185274170335655981e+02 9.729984339254298220e+01 8.675776791349456118e+01 9.174070959843977846e+01 8.509254109810750322e+01 1.000221872471135640e+02 1.212251585956869064e+02 1.246490390010589522e+02 1.046703525611182783e+02 9.017981715229436190e+01 7.825644143253288121e+01 7.355142896630775340e+01 9.404329249679707914e+01 1.063576046351942352e+02 1.145768191619924039e+02 1.245953981707977505e+02 1.287119879350077269e+02 1.191308418782893739e+02 1.019334568346590970e+02 7.992971925883233553e+01
9.005156217812590569e+01 9.668263377330907815e+01 1.050288868546553260e+02 1.150740397197067750e+02 1.301728059117595819e+02 1.218290770228574758e+02 1.301728059117595819e+02 1.165298890865318526e+02 9.598518553256367625e+01 9.372917646102595768e+01 8.944040413221766528e+01 1.100700136248684942e+02 1.180434133122168419e+02 1.043526284327240887e+02 8.404966675293927381e+01 9.451643794327908665e+01 1.147592063518565340e+02 1.271643271584635784e+02 1.131475882645346047e+02 9.794066108380928881e+01 7.701818977851954173e+01 9.794066108380910407e+01 1.098415976507421163e+02 1.185105284450913388e+02 1.162131785955453154e+02 1.076841203654195738e+02 1.071260621555481265e+02 9.102477188370286854e+01 7.059315246414337253e+01 8.504684861662057926e+01 1.054567553099188046e+02 1.165482740846292842e+02 1.080348775604749534e+02 1.080348775604749676e+02 1.106511338165247054e+02 8.972569263133871686e+01 7.769434064820146091e+01
9.062681965605554524e+01 9.893521610119601917e+01 1.078854602258239623e+02 1.194782613188602340e+02 1.199822491224679339e+02 1.013495586726608906e+02 1.199822491224679339e+02 1.143033380682129945e+02 9.372917646102595768e+01 7.906080992488257664e+01 9.975520887854307261e+01 1.150746740892877824e+02 1.097014168689823919e+02 8.941993911847742993e+01 7.787067717340528361e+01 9.823105515774122409e+01 1.132236381666582758e+02 1.194248078842996961e+02 9.824497717140086195e+01 8.337985323564413420e+01 7.313766200749358859e+01 9.391412824120236280e+01 8.874855702483469599e+01 1.063602964651841916e+02 1.076841203654195738e+02 8.679009023224270436e+01 9.290350880184189464e+01 8.507603582541861442e+01 6.808715603712695952e+01 8.847081945631852307e+01 9.502293649455870650e+01 1.033341231832947358e+02 8.702647154200158752e+01 1.072126603187218734e+02 1.083685503899561553e+02 9.637524877570949400e+01 7.556475835753454362e+01
7.074575685904108013e+01 7.958230317745413629e+01 9.108181395134222669e+01 1.111508941182480328e+02 1.115893178477592613e+02 9.097176443501271592e+01 1.115893178477592613e+02 1.093133709232153450e+02 8.869796824642529032e+01 7.405797962644236065e+01 8.601045036825665591e+01 1.066555114891496316e+02 1.090860441357335731e+02 9.314219421604252602e+01 7.273698229799435921e+01 8.455754583603737728e+01 1.048690419856866356e+02 1.157378718172625298e+02 9.458543663314370065e+01 7.981397995395120404e+01 6.964901970214960159e+01 8.562146953719502562e+01 7.680607572335891575e+01 9.766352520705591189e+01 9.484437819903492084e+01 9.290932780047705819e+01 7.220727990756959969e+01 6.460890008650409300e+01 8.257116505292729869e+01 8.414677924615288873e+01 7.581699113993501271e+01 9.278381992811092971e+01 7.786763017839321321e+01 8.784721676213654007e+01 8.733405058597726622e+01 9.154703085006123331e+01 7.343084034046572128e+01
7.053751106233502810e+01 8.196432533421926792e+01 1.019632422358885009e+02 1.174701008906735922e+02 1.047168000435103892e+02 8.404681933277410621e+01 1.047168000435103892e+02 1.067559769008956607e+02 9.042439793255167046e+01 6.980518385743265242e+01 8.438087112599387751e+01 1.050147623135138417e+02 1.007229751957577548e+02 8.037834551843903341e+01 6.856692752447889916e+01 8.302321972374626569e+01 1.033506894936774216e+02 1.220842897903925461e+02 1.094833065048542267e+02 9.899369629078850608e+01 8.562147100206513528e+01 6.514038620035655924e+01 8.562145300880773391e+01 8.859086797345290165e+01 7.425551611711759392e+01 8.097651921276039388e+01 8.077134027342924583e+01 6.233943282838039579e+01 6.304728075552138478e+01 6.376255949328088235e+01 6.448543990417094562e+01 8.493781745232546143e+01 7.587162833493900393e+01 6.733107391321783552e+01 6.881976794579658474e+01 7.066579864668256050e+01 9.154703080933641957e+01
7.600199776685872166e+01 9.594922861087022170e+01 1.102833478094846384e+02 1.090640783297718031e+02 8.843570282976099861e+01 7.807333390306797583e+01 9.165789014842108884e+01 8.715794065527612133e+01 7.770723400783643342e+01 6.596096838068419288e+01 8.041387151950983991e+01 1.010437681029988255e+02 1.018950656194240167e+02 8.525064581617039039e+01 6.488841275459907365e+01 7.929062112803495666e+01 9.963941825034561361e+01 1.024067885150152506e+02 1.007543608485485720e+02 9.199816978427669767e+01 8.269559675622596728e+01 6.234410942951786438e+01 7.868650747771252441e+01 5.922872279515380711e+01 6.002153540489847217e+01 6.073401616363948818e+01 6.139306110916642467e+01 8.167314479986428921e+01 8.370115690674212772e+01 8.418769212674827429e+01 8.323160077725388817e+01 6.552379144635862929e+01 6.626840326719722896e+01 8.676594324197398578e+01 6.848460746298214019e+01 7.803262171774629508e+01 9.535910933348019114e+01
8.349496419832641436e+01 9.226714030699582736e+01 1.123326427509842489e+02 1.174701008906735922e+02 1.062370464540855579e+02 8.561692797224488061e+01 7.103627224019841435e+01 6.664965433728808364e+01 6.335222749475612147e+01 6.238997474656198250e+01 8.185374013342125465e+01 9.718736936611470867e+01 9.351594677802133049e+01 7.315154106161760694e+01 6.150042580944003845e+01 8.175855164933726371e+01 9.576587638091112353e+01 8.810939280405885654e+01 9.173826054745912018e+01 7.112725440858136494e+01 7.710347580231814391e+01 7.303910740383831524e+01 5.854458702400827974e+01 5.935144623368247352e+01 7.930216489056910234e+01 8.097596479355821941e+01 6.518745533109321855e+01 8.492905120594573987e+01 1.003814522147005306e+02 9.648131251695147625e+01 7.546465500346758404e+01 8.600524842174051798e+01 7.774654629521383242e+01 8.968535027776837865e+01 6.929047123738082803e+01 8.979691666909850767e+01 7.981378344178069995e+01
9.762955556448079619e+01 1.118406989282412098e+02 1.206543401138959410e+02 1.228785241389094693e+02 1.137182532556773111e+02 9.558420237232913053e+01 7.494109675925427894e+01 8.715794065529375700e+01 7.912299586523960215e+01 5.887535205335467481e+01 6.133071447412562804e+01 8.792272901043133970e+01 9.629386243097758324e+01 7.851461373861842219e+01 5.838978158933922913e+01 7.799878751375216268e+01 7.653330654522044085e+01 7.668365300405346829e+01 8.410481753531099969e+01 7.413079856301854420e+01 5.704503662849370471e+01 5.767036147385991285e+01 7.718271425904067939e+01 6.449083115298536484e+01 7.593343799810793371e+01 9.345843227885897875e+01 8.492905002577545304e+01 7.114178203889980523e+01 9.182269729085928134e+01 1.050182721569251214e+02 8.520505559576812971e+01 1.035850562073612622e+02 9.651483803634684477e+01 8.555449139230438504e+01 7.630420085842060018e+01 7.044280675152344884e+01 9.710694572311616923e+01
1.177297074399745469e+02 1.226856039259511277e+02 1.289052646179822261e+02 1.085476551519174109e+02 9.394908151087831527e+01 8.467360003446250971e+01 9.558420179063419653e+01 9.126949250085988297e+01 7.073630180723657190e+01 5.654183057859609107e+01 7.355508916395137931e+01 8.201588021610903922e+01 7.409091929149903422e+01 7.382171069172855482e+01 5.539121509240201391e+01 7.093660646086263455e+01 6.315114276112456793e+01 7.466362812125899495e+01 7.527817446107049193e+01 5.619254074640673480e+01 7.608123131166212261e+01 5.799462913650133089e+01 6.133579523783108556e+01 8.064008438987923455e+01 9.489817642014631360e+01 1.045468790463343964e+02 9.182265014724902130e+01 9.182269729085928134e+01 7.940892790175784910e+01 1.003869313262552936e+02 9.853780137336448774e+01 1.151523935173850788e+02 1.108785828093347732e+02 9.845330339980509393e+01 8.167681205472693762e+01 7.127475281130082863e+01 9.218474420626428412e+01
1.166314908980068736e+02 1.022191337784306597e+02 1.166314908980068736e+02 1.228785241389094693e+02 1.137302311257862613e+02 1.053150219455180547e+02 1.003473754225448289e+02 9.187049847509499045e+01 8.523885355033327471e+01 7.355508910663427002e+01 5.340274544681266633e+01 7.045033119830524981e+01 6.719657566967025275e+01 5.172684750186804337e+01 5.234526758678534009e+01 5.296850139339467489e+01 6.566898367834600947e+01 5.471712020923465758e+01 5.533104775396082431e+01 7.528583964973323361e+01 8.254196818411085701e+01 8.248936451167406858e+01 6.183205554443821939e+01 8.277479249007897977e+01 9.439812055629207066e+01 1.088861959858886053e+02 1.126047486784056844e+02 1.069933561466417444e+02 8.610200652355204909e+01 1.069933561466417444e+02 1.207587035272978540e+02 1.256220311931938056e+02 1.128225780202868549e+02 9.871057832457258030e+01 9.270225307496217226e+01 7.211482495385689617e+01 8.038406869325579862e+01
1.074499548576124255e+02 8.759692459143657572e+01 1.032497586478037164e+02 1.054920010468848517e+02 1.139118095610882193e+02 1.064168871608021050e+02 8.584518699792447194e+01 7.139271445692779139e+01 7.891921066386774442e+01 7.768400372319042901e+01 6.786360714047309273e+01 5.021140436242936289e+01 5.084376783901392827e+01 6.194839539982005761e+01 6.536024099440973600e+01 5.946850613638233796e+01 5.383872327647158329e+01 7.412451962464581356e+01 6.037256026811507326e+01 7.952317788372994301e+01 9.600943962485942507e+01 9.121331726368362069e+01 8.277479249007926398e+01 6.542547844920331102e+01 7.991004513425536970e+01 9.771256519320340317e+01 1.121990948398134122e+02 1.154565540620809259e+02 1.009511705441297948e+02 1.009511705441297948e+02 1.215804825746014615e+02 1.252340847496593597e+02 1.053438595795297772e+02 1.054716699131655417e+02 9.363086736107867125e+01 7.296065213238917124e+01 9.362469812354505905e+01
9.899355578415482171e+01 7.836506099483571575e+01 8.264308943371763405e+01 8.490036303628687619e+01 9.952107669150265679e+01 1.079854007446546120e+02 9.459296573972861211e+01 7.891025035408505062e+01 5.866086716033436943e+01 6.883955094603035718e+01 4.934005076546392843e+01 6.964163465258553742e+01 7.104689165031732045e+01 6.761221476850559498e+01 7.621384715821186262e+01 5.750389082860787937e+01 7.547000929711236950e+01 8.508388497158520636e+01 7.952618113665033661e+01 6.817412422855871057e+01 8.805924869302828029e+01 1.027302074047854461e+02 8.216464416559527706e+01 8.593470402521228380e+01 6.876979740821369091e+01 8.322533855693728810e+01 1.011727803088258639e+02 1.130159043000246015e+02 1.215804825746014615e+02 1.215804825746014615e+02 1.299619375800321848e+02 1.228871693971098153e+02 9.984614784416659461e+01 8.378310346938086184e+01 7.837205866838991142e+01 7.380659507043276335e+01 9.451944738561581971e+01
1.065531244974078078e+02 8.867930838949529004e+01 6.814704529217526385e+01 8.867648810456135777e+01 7.893526139294085908e+01 9.612150563733783315e+01 8.567704851535745547e+01 6.596924757830124975e+01 6.521912485060956044e+01 4.846836926320112582e+01 6.759042744283810578e+01 5.524998369275874666e+01 7.546952883089547015e+01 8.443022341091285909e+01 8.613384779451750717e+01 7.786815509073674946e+01 6.129935965505864459e+01 8.196582678948648493e+01 9.501663944189205324e+01 8.805924869323244764e+01 7.843887656165746591e+01 9.910662483578680337e+01 1.027298808587818684e+02 9.770574843781876950e+01 8.925862126658959994e+01 7.216993475648838796e+01 8.400696020830362443e+01 1.046484343849219414e+02 1.146260534838444016e+02 1.146260541343610839e+02 1.347785008961912752e+02 1.216073995707190818e+02 9.964258694535122629e+01 9.878441615413549926e+01 9.878920615381647963e+01 9.174346677799917416e+01 7.501916661278450249e+01
8.954893464998804120e+01 7.751797334029208741e+01 6.312574620193811370e+01 7.692090513899502469e+01 6.715751132230022336e+01 8.695882945803514019e+01 7.518061950117844106e+01 6.215639421199332304e+01 4.759331348618888313e+01 6.206696501931190113e+01 7.699608957388392128e+01 7.546953444392700305e+01 6.138356658264967081e+01 8.175668208198449349e+01 9.513388520927233571e+01 7.431335672493197819e+01 8.196582678948649914e+01 6.560606727002874550e+01 8.647271016967013679e+01 9.981110641425587460e+01 9.910662483578680337e+01 9.299299275062426773e+01 1.138662383311453397e+02 1.097930644248354639e+02 8.925353109771236859e+01 7.466562662408678364e+01 9.528652641487136066e+01 1.027497064410527372e+02 9.406517758324768863e+01 1.087054070147575828e+02 1.290130836619618719e+02 1.303150389769980393e+02 1.216073995707190818e+02 1.202907325588411283e+02 1.061726798912167737e+02 8.530516394433777805e+01 9.576644709609614381e+01
7.572477143960965407e+01 8.295476608962292175e+01 7.692090513899502469e+01 5.662575274073837051e+01 5.815896194115696716e+01 7.454649533665801187e+01 6.644294935639496202e+01 4.671657311106145016e+01 5.815643660325873299e+01 7.480424947151973925e+01 9.087537921109026229e+01 8.646036463005755479e+01 6.595701479385628829e+01 8.646036463005755479e+01 1.036277647464419829e+02 8.908001780087144539e+01 9.501663944306673670e+01 8.647271016967013679e+01 7.035748622819269826e+01 9.128095525961398948e+01 1.052049557484411650e+02 1.138662383311453397e+02 1.223359721595417966e+02 1.098372113553577663e+02 8.925433809965599607e+01 9.526699505090830655e+01 7.849870706837346290e+01 8.201261769602020024e+01 1.027426616842132461e+02 1.168397201443796121e+02 1.189383202215770723e+02 1.389054933311511775e+02 1.312193224355061432e+02 1.106069953335348401e+02 9.854764738665943469e+01 1.061817048327365711e+02 8.744308378329364473e+01
7.213348034013712606e+01 6.353216126180030443e+01 7.502552087230299094e+01 7.079790036901698613e+01 5.045799563099045315e+01 6.447116526848883211e+01 4.584989615735066337e+01 6.644311195535122749e+01 5.226933874386650558e+01 7.251164468866333834e+01 8.664179370946479253e+01 9.160987159839422134e+01 7.101128680857574693e+01 9.160987159839422134e+01 1.084694886235385383e+02 1.097492140114418220e+02 1.059618035934408624e+02 8.519994877260049293e+01 9.128095525961398948e+01 7.579076800335549535e+01 9.668818547682474218e+01 1.113614655853634900e+02 1.232740849094134319e+02 1.181311284902365344e+02 1.098029023231059824e+02 9.759839327119902919e+01 8.298295012911768254e+01 1.027497339018379705e+02 8.802531500041686741e+01 9.850588197215036246e+01 1.189420972991522660e+02 1.356332291366490495e+02 1.396147271979554887e+02 1.277723702540716175e+02 1.177259093699471890e+02 9.689490903382261422e+01 1.084100028117679670e+02
