LEM/sinusoidal_perturbations/elevation_000924.asc
nrows	100
cellsize	150.0
xllcorner	0
ncols	100
yllcorner	0
NODATA_value	-9999
[rows 51 to 67 of 100, columns 0 to 36 of 100]
6.455108993161302530e-03 2.363477712948315546e+00 4.737041029336012343e+00 2.463268269658151155e+01 3.084586599163882070e+01 1.938929632813738380e+01 3.939381685823540380e+01 4.303707380528547333e+01 3.304122917203144993e+01 5.167887818584953408e+01 5.652804628478109095e+01 6.480090688766507867e+01 7.917621171975670791e+01 8.744187834617699195e+01 8.384603228632474270e+01 6.352295029851235597e+01 5.114512328056303403e+01 6.273560154280846746e+01 6.438318665448974798e+01 4.287477504642184556e+01 6.438318665448974798e+01 5.981366501830675730e+01 3.842022266155756682e+01 5.981366501830675730e+01 6.759262937343270039e+01 7.211537848992989552e+01 4.822288396055091653e+01 3.288111858947123523e+01 2.988648311077782083e+01 5.109325622015403923e+01 5.611255046509083400e+01 4.716672739177770524e+01 6.833277318448953963e+01 7.312750543579801388e+01 5.231764868594812157e+01 7.312750543820015992e+01 8.551990827323083977e+01
3.995603441288198172e-03 2.000399560344093430e+01 2.473685511461128073e+01 1.888202943210421125e+01 3.883925716550556473e+01 3.939381685823540380e+01 2.938950407276371379e+01 4.941092641678551445e+01 5.303291843853943277e+01 4.458741142534876900e+01 5.872276717750012409e+01 7.868542938109797547e+01 8.582230562355017867e+01 7.752019173651098072e+01 8.582230562355017867e+01 7.475727371891481710e+01 5.393512671796155189e+01 4.124013416402483756e+01 5.513580616865237261e+01 3.696775652257200306e+01 5.863482185655392698e+01 5.428990195392431417e+01 3.320339467198017758e+01 5.428990195392431417e+01 4.662682350608984194e+01 5.342554232108427925e+01 4.481376662705524438e+01 4.659931498519887327e+01 2.807187142899684673e+01 4.021177253759788073e+01 6.147792754917580993e+01 6.234502595906528910e+01 6.833277318726382532e+01 8.132274055246764988e+01 6.464659337804812367e+01 5.811863453794664736e+01 6.558114576568938503e+01
4.804567899273937473e-03 1.414694019164916483e+01 3.414694024695717189e+01 3.892369827421931205e+01 4.724737740311672951e+01 5.764379646766982290e+01 4.941092641678551445e+01 4.353741341908956031e+01 6.359084115459765485e+01 5.872276717750012409e+01 7.283129694727004733e+01 7.718587154369362224e+01 6.881588614083595701e+01 5.693417322714504536e+01 7.560880846689370571e+01 8.303405995496723335e+01 7.115447020663762601e+01 5.513580616865237261e+01 3.364381398012578472e+01 3.177077547817727066e+01 5.321805552305846021e+01 4.931976452372359887e+01 2.855652608816286886e+01 4.275385201797138279e+01 3.168880837209175283e+01 4.232667596051592085e+01 2.393242243689559245e+01 2.562108878021795633e+01 3.963077122587129963e+01 5.675757033056339651e+01 6.991918087910001134e+01 8.278847365750280574e+01 8.862192297933532359e+01 9.282758027792809230e+01 8.471264675962953561e+01 7.847049118445558236e+01 6.498701580688268109e+01
9.707512844716031236e-03 2.000970751284436133e+01 2.653290070663721778e+01 2.996286680425169635e+01 3.752214825134129939e+01 4.580617448134538705e+01 5.580602888490058433e+01 6.359084115459765485e+01 7.193121099670406693e+01 7.868542938109797547e+01 7.653450956347187173e+01 6.523824553657568970e+01 4.792028418864854444e+01 4.627642697589458010e+01 6.123129477700606316e+01 8.170253589727528265e+01 6.993905178364728670e+01 4.884646743399567015e+01 3.629865845328276208e+01 2.719392938347986899e+01 4.369228717563540698e+01 5.232453749840230728e+01 4.275383733266087205e+01 2.234329563067855418e+01 1.993909754502328013e+01 2.157737784100179113e+01 4.232646393141433805e+01 4.659927090348888612e+01 5.470348132400762609e+01 6.723748914368169949e+01 6.971110454585333116e+01 7.805504445782034395e+01 8.137414962430297294e+01 8.382999104824068581e+01 9.202832313696355016e+01 9.280901986590994568e+01 7.907753235957288496e+01
5.001202446392439237e-04 3.244928542859883525e+00 6.532908288967015586e+00 9.962879991817162662e+00 1.752216945199776177e+01 2.752216944637260809e+01 4.166430294153920499e+01 6.166416548018576549e+01 6.855656839679332393e+01 7.683810619651178797e+01 6.814622807137435245e+01 4.730175719462850736e+01 3.570492258707788125e+01 5.675180472886130190e+01 6.802227660357871741e+01 7.991069748985137267e+01 7.827520244757499768e+01 6.626097168776728097e+01 5.678605630892948852e+01 4.369228717563540698e+01 2.317359447630724034e+01 3.954688272802730609e+01 3.712059662478019817e+01 1.824900046970127221e+01 3.881732295109175368e+01 2.248221673575302049e+01 4.312821426415978010e+01 4.861837978965584739e+01 5.146569344173997962e+01 5.439501678536603890e+01 4.845839914033886942e+01 6.067420803346438873e+01 6.067415728052628054e+01 6.340330014743481257e+01 8.382999104824068581e+01 9.644507503733987619e+01 9.788905918918199234e+01
5.279685921607564676e-03 2.000527968592125205e+01 2.653290070663721778e+01 2.996286680425169635e+01 1.573638268371337112e+01 3.573635303465723467e+01 4.774817203635502949e+01 5.441478762681996528e+01 4.855707023579000747e+01 6.855656839679332393e+01 6.688758490479699503e+01 5.112678886926381239e+01 3.042368784763278100e+01 3.871286038872650437e+01 5.079013247103691242e+01 7.155312625316025787e+01 7.175727579507392306e+01 6.189134956142828514e+01 5.325227047137263270e+01 5.232487531982545903e+01 3.954688496561316668e+01 1.931636210756542127e+01 1.664291462412730382e+01 3.712085065966269326e+01 4.742562959762936003e+01 4.312430061474849197e+01 2.506897493557917755e+01 2.769097070810938277e+01 3.035523587646380506e+01 3.307286762144293135e+01 3.590738383576351822e+01 3.898843039666702026e+01 4.804614310077833039e+01 6.938613939507933992e+01 6.793109385526247479e+01 7.864108607773931681e+01 8.368613300703735547e+01
5.738623160518319517e-06 1.414214136235423602e+01 3.414214136236572017e+01 4.402022422406507474e+01 2.728338802206516789e+01 2.240304935037856282e+01 2.774827418862118478e+01 3.441494085515687829e+01 4.855707023578997905e+01 6.855656839447414086e+01 5.842145597407553481e+01 3.756014376581931202e+01 2.615205908082840125e+01 4.027446858820690778e+01 6.111040050737473450e+01 6.553462382975102685e+01 5.097706173514862371e+01 5.325227047137263270e+01 3.233933524080532607e+01 3.846459215532343734e+01 3.335458762993316384e+01 3.441452960489621660e+01 1.551654724438234112e+01 2.710764357710305461e+01 4.802723736488881201e+01 5.444903236516785938e+01 3.965347490457639879e+01 2.881042524425050289e+01 4.981602343234303731e+01 5.439501678536603890e+01 5.744084935897211608e+01 6.067420803346544034e+01 4.431397362654801952e+01 4.838667555889436755e+01 5.279327261137359528e+01 5.808805958045213913e+01 6.350594528984525056e+01
4.532054705376768917e-03 2.000453205470061846e+01 3.984020266408428057e+01 5.556686404273197155e+01 4.728331718508311354e+01 3.395005460211517345e+01 4.774817203635502949e+01 4.774792319864565115e+01 6.269758821615090483e+01 5.534835126887704604e+01 4.627158927747617412e+01 3.780436877204842716e+01 2.286108874222635023e+01 3.662807813284704395e+01 5.730629720111804204e+01 5.506326927084736411e+01 3.591716056251319600e+01 5.360300236288275499e+01 3.839457843423885208e+01 1.878461466778043487e+01 1.304905168799612980e+01 1.405662153414489168e+01 2.029261604963403443e+01 4.025350370908907394e+01 5.658354035073791266e+01 6.926931848324878160e+01 5.841784114283028373e+01 4.981602343234303731e+01 3.271362695026073197e+01 5.398833668997664859e+01 6.713004989350267238e+01 7.430019640099148148e+01 6.591467544653667687e+01 6.110038714188668507e+01 7.379669127435981579e+01 6.638028959435632714e+01 8.368613300703735547e+01
9.001595176218036079e-03 1.155600697896840323e+01 3.155600679610486381e+01 4.355085524738235137e+01 5.183508946198852385e+01 5.394990688322094030e+01 6.223297194069925808e+01 6.774466611761505419e+01 6.149309263924295976e+01 4.075177583247808855e+01 2.665316916868257024e+01 1.844282681158458459e+01 3.357917118065629580e+01 3.357934024199651901e+01 5.378917010262377119e+01 4.649030304065293961e+01 2.463698663594659521e+01 3.480921337961760287e+01 2.432703144312128885e+01 1.163659841777914039e+01 3.186601594167095541e+01 2.288581831378826692e+01 4.003250708100306099e+01 3.127175283739661182e+01 4.340508064486867568e+01 6.497784471106892568e+01 7.119034775407340021e+01 5.012227292569957626e+01 4.331012786632172151e+01 3.711837471024239932e+01 5.862700679195638997e+01 7.206172809574636062e+01 8.396075973888468980e+01 8.157306548075352737e+01 8.977610316895602693e+01 7.817763343554247513e+01 9.473381036769440300e+01
5.674351268809080251e-03 2.000567435126845339e+01 3.090174523890472003e+01 2.355085624697187185e+01 3.769299186018798054e+01 5.769298848327579066e+01 6.699266906817021550e+01 5.869998799409417956e+01 6.699342146328679348e+01 5.534489778437318819e+01 4.626945784964193109e+01 3.357930723192558276e+01 1.446567937473967369e+01 3.357937630698522469e+01 4.829234016839387067e+01 3.971170426782075680e+01 3.480921729155046762e+01 1.085324640693863429e+01 1.025197946089087608e+01 1.763811944414221244e+01 3.831623692945954929e+01 4.311669769127482255e+01 3.939071820163275817e+01 5.252280357028395485e+01 6.116212611978382085e+01 7.341267536535454497e+01 7.954138925293970885e+01 6.466654551363168935e+01 6.466654551363168935e+01 4.968802864919938855e+01 4.208448890729260228e+01 5.481420377996492732e+01 7.569182682590565037e+01 8.591722910348995867e+01 9.592366931958191856e+01 9.800705434456325804e+01 1.061558828691268843e+02
9.518805923843161668e-03 5.354743644172307526e+00 1.090174560642454971e+01 2.090174560642376278e+01 3.504388121649067500e+01 5.504386925122193475e+01 5.657650875160451420e+01 3.758156368997917696e+01 5.446047634678855331e+01 4.611926080466225386e+01 4.450158066492530651e+01 3.070700704299123629e+01 1.174339558012753137e+01 3.081996471141912863e+01 3.637539487001772187e+01 1.924618680415115790e+01 2.755251796494311733e+01 8.857565714233890830e+00 2.896229997638716114e+01 3.825060317725149162e+01 3.217062340281798072e+01 5.315307373145792980e+01 5.969540521225778207e+01 6.808667220900221650e+01 8.048455773584517203e+01 8.048455773584517203e+01 8.865679256938369690e+01 8.516322174133132705e+01 7.916909286412980862e+01 7.083787801883622137e+01 5.481420377988087012e+01 4.792259867599072720e+01 5.698932172180414568e+01 6.762118239023619992e+01 8.194984210592181739e+01 1.017375286019652805e+02 1.088995187821349901e+02
9.062254805971973678e-03 2.000906225480561673e+01 3.090174523890474489e+01 3.918599582994161779e+01 4.918591942686874319e+01 5.373511941236113643e+01 4.814053149959404010e+01 2.586970092165064017e+01 3.644423637490352519e+01 2.042058339417883772e+01 2.220366104721077960e+01 2.226938386404984982e+01 9.075190621894616783e+00 2.560631909335982925e+01 2.580545490334514724e+01 6.720686957250259219e+00 7.439082883593889584e+00 2.755251796494304273e+01 2.153015161045865966e+01 3.716114765134090447e+01 5.315307442449146436e+01 6.163459811812436584e+01 7.603905101999450267e+01 6.778641061786231603e+01 6.031141925354890532e+01 6.031141925354889821e+01 8.048455773584517203e+01 7.894967413323757910e+01 8.117445496928181115e+01 8.396064009858376664e+01 7.569181642802678311e+01 6.056447097314287475e+01 5.517854293228403861e+01 7.598582196358640317e+01 8.871461731315220334e+01 9.497981248470395599e+01 8.921408135205800249e+01
3.063233560239582431e-03 1.611948611484842431e+01 3.165541573057326019e+01 3.646960700094992802e+01 4.458370584371876788e+01 3.555474709141677891e+01 4.811595828505176087e+01 3.644401682790453378e+01 1.225721169678515210e+01 4.628805033815509340e+00 4.395890992801762209e+00 1.349457367448149547e+01 7.680824985479162592e+00 5.445142371650422142e+00 5.776386490187721101e+00 6.116165706365353394e+00 1.094623502849805341e+01 3.031559877614176557e+01 4.271510739350124908e+01 5.142787687571145483e+01 6.922725053910274085e+01 6.799298579399251707e+01 5.964450824314664601e+01 4.702855108090832914e+01 4.538371493560476466e+01 6.621999471719814778e+01 6.774230128726608768e+01 5.798260005180545562e+01 6.029164773466644078e+01 8.117445482648028587e+01 8.929593697671788277e+01 8.107927194798105575e+01 7.598582196358640317e+01 6.286002680177193724e+01 6.870359283543173490e+01 7.516752575711083750e+01 8.921408135205801671e+01
5.666595628964066558e-03 1.998557903687726522e+01 8.481176518555249899e+00 1.889428402611781976e+01 2.912490750591588551e+01 2.208265838274151704e+01 4.069600694841696509e+01 3.918020485498010430e+01 6.611770975839572628e+00 3.935516415544598967e+00 4.109689474856646818e+00 4.588639723446611640e+00 4.973606905371358522e+00 1.743937721993085788e+01 2.567826676663865726e+01 2.618618289439566738e+01 6.614142601993735049e+00 2.667882154027565988e+01 4.225033300469138453e+01 5.092675230803745734e+01 6.265508277575191443e+01 5.458291638375126098e+01 3.857523917043499040e+01 3.458561286061142681e+01 5.580185482476487380e+01 5.863174067584016314e+01 4.637614483122096232e+01 4.262870299362842275e+01 6.412371386861619271e+01 7.806648354522694433e+01 8.310462590496113933e+01 8.898920881310473874e+01 9.135559396124689613e+01 8.316455771092245186e+01 8.871461731315220334e+01 9.497981248470395599e+01 1.031356584207381388e+02
2.110006612196471242e-03 3.235636925910602701e-01 9.771044592482560631e+00 1.809894776567836772e+01 1.048853629244618979e+01 2.294639738844568200e+01 2.239609386230234378e+01 2.277674236635603222e+01 2.310764318721761157e+01 3.433969628984368416e+00 2.358220868966192185e+01 1.110397691240254225e+01 2.717243467555154268e+01 2.765080641367834247e+01 3.060068976513394645e+01 7.044519184564744130e+00 6.959576205302776764e+00 2.683508966356658121e+01 2.150250395459605812e+01 4.224961019965859066e+01 5.489488436767559421e+01 4.038965396931072860e+01 2.635344524204662875e+01 4.127054521187236702e+01 4.055367428046970701e+01 3.719680573196499296e+01 3.115393302382808116e+01 5.263414717408877408e+01 7.171561457030720987e+01 5.703037246053278153e+01 6.233773774515640298e+01 6.842021673671089843e+01 8.612493291092518177e+01 9.780559907360978400e+01 1.029386676007307386e+02 9.477842834306353836e+01 9.640846316099420221e+01
9.367352646185668139e-03 1.678052939663498222e+01 7.785794477800955793e-01 1.100449147493332447e+00 8.573615354957640378e+00 2.012442799082201805e+00 2.334998761329959205e+00 2.657466767381022610e+00 2.979571513600198784e+00 9.128112545178121096e+00 3.040224663773169311e+01 1.853867166823135904e+01 3.644421470592121182e+01 5.108762024577514893e+01 3.912272587728610063e+01 3.035463109851312780e+01 2.023296103038540394e+01 7.447630310877355164e+00 2.732138175182161177e+01 3.625681366805790873e+01 3.494759059648028199e+01 3.994501675840680122e+01 4.067519206383526154e+01 1.999285699809418659e+01 1.967373583592043573e+01 2.240931222979206083e+01 4.347494871831325725e+01 5.238486553670623636e+01 5.649005379092763945e+01 4.147591674885852342e+01 4.686431161032615478e+01 5.680096409435015659e+01 6.919392711923909189e+01 8.959788032230657961e+01 9.152073960464255720e+01 7.497057009047654219e+01 8.752444234987250127e+01
3.648181865326004768e-03 2.000355060009314911e+01 1.454796121104443962e+01 2.081564422398072622e+01 1.556291453085192344e+00 4.453981310877938249e+00 2.013595072262472030e+00 2.288381491337320384e+01 5.441401764003512831e+00 1.745699698331100080e+01 3.685799206848739118e+01 3.357970344603453583e+01 3.199874953526581223e+01 5.300087527693074918e+01 5.111890451603943575e+01 3.441041257562186928e+01 1.412544775901959326e+01 2.668532268083291115e+01 7.938880809277018891e+00 2.718560291301271192e+01 2.037392791452298013e+01 3.907319326403068516e+01 3.321496918702848689e+01 1.590458368868470629e+01 3.653946096216158423e+01 4.347495297013243487e+01 2.714449901206744897e+01 3.081640121924111853e+01 3.476963615659580853e+01 5.649006564978017053e+01 6.233763420494929619e+01 6.076393943672293574e+01 7.566944455604107134e+01 9.586803538120443591e+01 8.255123670605317443e+01 6.315668096353457628e+01 7.846495005537468614e+01
