LEM/sinusoidal_perturbations/elevation_000160.asc
nrows	100
cellsize	150.0
xllcorner	0
ncols	100
yllcorner	0
NODATA_value	-9999
[rows 17 to 33 of 100, columns 0 to 36 of 100]
5.222468517465790779e-03 2.000522246851711117e+01 2.607241775224466451e+01 2.923469514484610343e+01 2.675452730683804603e+01 2.781282724436125520e+01 4.026495440525846448e+01 2.734897336583957639e+01 3.338818772376361466e+01 4.490870818154923683e+01 6.487306301697947220e+01 6.429055316783198748e+01 4.384323386238655473e+01 2.943311756672805046e+01 4.983211502986497976e+01 6.009848117795072397e+01 5.175187706126496323e+01 4.977884070728906352e+01 3.015337078146265881e+01 4.977884070728904931e+01 5.427550109044832283e+01 3.387918407988821201e+01 1.956568241978420986e+01 3.726137000212668937e+01 4.233315518032178915e+01 4.828424973021408562e+01 4.240220777546942799e+01 6.264257952732879176e+01 7.679905011138357906e+01 5.695982419677829256e+01 4.294130499153678926e+01 3.627465634488677892e+01 4.933993162143062250e+01 5.757011858734906440e+01 6.719464172218125952e+01 4.715285063153100253e+01 2.687705927282033969e+01
7.333276091007126865e-03 3.022446721868637276e+00 6.072418128520717495e+00 9.234695788689069929e+00 1.256920958746889916e+01 1.622770317363829662e+01 2.024570420541473581e+01 4.026495440525846448e+01 5.334663737854657484e+01 4.749819539646881594e+01 6.746602533043093786e+01 6.429055316783222906e+01 4.384323386238655473e+01 4.384323386238655473e+01 4.031328076178544961e+01 6.068715521082115316e+01 5.961960164362669445e+01 3.954698366954656308e+01 4.977884070728906352e+01 4.972661388755955159e+01 5.427550109044831572e+01 3.387918407988820491e+01 3.985312702105068894e+01 2.225536706220961491e+01 4.257383101051016183e+01 5.433572340167563652e+01 6.264257952732879176e+01 7.115017632627458966e+01 7.897418856524205921e+01 5.912892423678565024e+01 6.277059893367427890e+01 4.382695504511826812e+01 6.365521504692051735e+01 7.322069975306119716e+01 5.290210044076950879e+01 3.857311074613462409e+01 3.753872748229396450e+01
6.343274376862209282e-03 2.000634327437650839e+01 2.607241775224450109e+01 2.301846498326510826e+01 2.337030834615191921e+01 3.481440501485862882e+01 3.441532063968242738e+01 3.441532063968242738e+01 5.438721957702783527e+01 6.746602533043093786e+01 7.574633327483941514e+01 7.276849947130791918e+01 6.429055316783224328e+01 6.429055316783220064e+01 5.061840341329295256e+01 6.571962412031501799e+01 6.826423249577334218e+01 4.907908882062838529e+01 6.250758107480754688e+01 6.948909080744707012e+01 6.266302931343638960e+01 5.427550109044831572e+01 4.598407202069162025e+01 2.565135886667605547e+01 2.555919569530585278e+01 4.592134024359394573e+01 5.777949291157609224e+01 6.744456301919626640e+01 7.575982051993273103e+01 7.897418655415928868e+01 7.188883403623867707e+01 5.527219465472544613e+01 7.188873100622051027e+01 7.092130453376039156e+01 6.718311907420670082e+01 5.886092243966741933e+01 4.561884851665929830e+01
3.497053469895897767e-03 1.414563267720097173e+01 3.414563267720167516e+01 4.205379111225339983e+01 4.351370757605756268e+01 4.998971749375417062e+01 5.438721957702783527e+01 5.438721957702783527e+01 6.266330589802507944e+01 7.706718811919498080e+01 6.887271053965315559e+01 7.145216216220494232e+01 7.963934661809831539e+01 8.008238260962974664e+01 7.152358097230577982e+01 7.941103621778654542e+01 7.995312301243501452e+01 6.739782743049957503e+01 8.003404939928279305e+01 7.650829136591761426e+01 6.478818720751424109e+01 5.102724631288243984e+01 3.068518760249181909e+01 4.595693275740566719e+01 4.592133833258005637e+01 2.896758090321159429e+01 4.936999307026413675e+01 4.702916453816426667e+01 6.743241352949337397e+01 8.173070091009687133e+01 8.335261945745004653e+01 7.510663860374137357e+01 6.513233771026341401e+01 5.133837991522665334e+01 5.227251544393212868e+01 4.783655220688734033e+01 4.723927179650700481e+01
9.635555453094322986e-03 2.000963555545273920e+01 3.374657957794134688e+01 4.203085466235202006e+01 5.357786272901032731e+01 5.914496176259014248e+01 5.089711520270597589e+01 5.914496176259014248e+01 6.767966696142347871e+01 5.945976795286275518e+01 4.890485423175518775e+01 5.150058029025208128e+01 7.145216216220494232e+01 8.197033184655126092e+01 7.961360936063734073e+01 7.942998420110947677e+01 8.773031324311445189e+01 9.084139391785114981e+01 8.438276261726025496e+01 6.817710291721211036e+01 4.780001644558342377e+01 3.606957238726125325e+01 5.102724631288243984e+01 5.936679417893326871e+01 4.562456344538949082e+01 4.936999351243041190e+01 3.257261235530818766e+01 5.301171317198263466e+01 5.317151222798150911e+01 7.351403845275036986e+01 8.320054964056264168e+01 7.346358018719121219e+01 5.705199909816932546e+01 3.735313229500194154e+01 3.244805030393952450e+01 2.789837132408248266e+01 3.973349635322770013e+01
8.845047570523793118e-03 6.675511714237218897e+00 1.374657952610275657e+01 2.529358490989623931e+01 4.529358503254534440e+01 4.910373656155228872e+01 3.074408803828980297e+01 4.636594553956021514e+01 5.438784347387847617e+01 3.939825902297197047e+01 3.726170050618733853e+01 5.734426332514849634e+01 6.227285924564431951e+01 6.223523396747329173e+01 5.941691736636784782e+01 5.940794132795566185e+01 7.942998420110947677e+01 8.438653750850643576e+01 6.519324774731917671e+01 6.288031462707928654e+01 4.260702135329623985e+01 4.780056864254902393e+01 6.478818720752467186e+01 7.437880457825063729e+01 6.603330076615807798e+01 6.136671846344805203e+01 5.299437558171796070e+01 3.644472307027020719e+01 4.668711908349516904e+01 6.714519767267974260e+01 7.512518921598632460e+01 5.566024112582571348e+01 4.583200233008988533e+01 5.705199909816932546e+01 5.227366596765534723e+01 4.182703490425220139e+01 2.178263374554251897e+01
8.023991185656003874e-03 2.000802399118530062e+01 3.374657957794134688e+01 4.203084765767115982e+01 3.877248965591222429e+01 3.043712596392266789e+01 2.060748168460824559e+01 2.628323300007791374e+01 3.975952072098685619e+01 2.762542869945353274e+01 4.585196607205708830e+01 4.901243468886195132e+01 4.226359854332441301e+01 5.582689999908011202e+01 4.524798974981673183e+01 5.940794132795566185e+01 7.942998420110947677e+01 8.460217149303433359e+01 6.406281015419234848e+01 4.972593979294336464e+01 6.287633862762944403e+01 6.821798979510288063e+01 7.664687475137147032e+01 8.174245105994403104e+01 6.146560530291530711e+01 4.693089846788637232e+01 4.074390152221788242e+01 5.691680172571675200e+01 6.533498221087654656e+01 6.714413242805939319e+01 8.320054964056282643e+01 7.346358018719236327e+01 5.716919386846755202e+01 7.346357349380620860e+01 5.737141274190401674e+01 3.762883578526057704e+01 2.337175525094588124e+01
4.598823041778624977e-03 1.414673444677285374e+01 3.414673444677355718e+01 3.578609788759202814e+01 2.746322921372635406e+01 1.059876848525581927e+01 1.264975870953940706e+01 1.476693823811503314e+01 1.961827903462261702e+01 3.993427368308233127e+01 2.552736487196001747e+01 2.878153831689996522e+01 3.214267435216208213e+01 3.576005153537224146e+01 5.582689999908011202e+01 6.766835220874665424e+01 7.594161683341188507e+01 8.488009863796494869e+01 7.832919131717733308e+01 6.994001881357110051e+01 5.983791458365263338e+01 8.000066362230849393e+01 9.248452833637814763e+01 7.238794194104514190e+01 5.793904870093471260e+01 6.740447793529445164e+01 6.122025594916865998e+01 4.586952201318803191e+01 6.040833820090035999e+01 8.071365711766033257e+01 9.565086385301609084e+01 8.470504388146999020e+01 7.662625417859953814e+01 7.497695008065485922e+01 5.546884329386998047e+01 4.501439131462495169e+01 2.499185309362983887e+01
7.340434288523949372e-03 2.000734043428816733e+01 2.317075791517432037e+01 2.477203946190647343e+01 7.685128593348053982e+00 2.746323044627714438e+01 3.258701567228497709e+01 3.485552610856874622e+01 1.835181402645070747e+01 2.107658987207178924e+01 3.029056355746183016e+01 4.901211555691798338e+01 5.227897380191558341e+01 5.582689999908011202e+01 4.230311343984684669e+01 4.766349400629784583e+01 5.661413731160562435e+01 6.816482019717319929e+01 8.814964239648709565e+01 8.817261697842427282e+01 6.997914419893538707e+01 8.817261697842427282e+01 9.465662053501576167e+01 7.459220740683755935e+01 7.827409581753684620e+01 8.360233731612085251e+01 7.015322018977308005e+01 4.969090962529307376e+01 6.158065929263401728e+01 8.186410361325074803e+01 8.996348973978902563e+01 8.188026022083752764e+01 8.188026022083751343e+01 6.928023019084582756e+01 4.974834032920163907e+01 3.571852745370203763e+01 2.664143251554735770e+01
3.515918393995972821e-03 1.584654748478184105e+00 3.170757919914469536e+00 4.772039457965334464e+00 7.375817677581822274e+00 2.737581769427279355e+01 3.943973564480138094e+01 4.691449373220132202e+01 3.268562538589480226e+01 3.294285138431620652e+01 4.975606712125139097e+01 4.464006218166066020e+01 6.468958634987096445e+01 6.232182896127821436e+01 5.646504739380485205e+01 6.181309319412291359e+01 6.181309319412291359e+01 8.180419793305846099e+01 9.641193494382017093e+01 9.812295764732805026e+01 9.002218304568155816e+01 9.812295764732805026e+01 1.028227296780991509e+02 9.258907027877516782e+01 7.250059479511700999e+01 6.335181028105636614e+01 5.606239348544180245e+01 6.422515841117800051e+01 7.846134854034191619e+01 9.010729619822689074e+01 8.188026022083752764e+01 6.246261230450393498e+01 6.246261230450393498e+01 6.286099029927786574e+01 5.478417598442080561e+01 4.896936839678766518e+01 2.903461255224032911e+01
4.608085242692564441e-03 2.000460808524233869e+01 2.317075568501634919e+01 1.891417507236437245e+01 2.737581753603087975e+01 1.115546240767412733e+01 3.115546244880920312e+01 4.343973597278329635e+01 5.249386947316774865e+01 5.316438601069400960e+01 6.144214928874374948e+01 6.468958633542084158e+01 7.294601167081955850e+01 8.231065219709242342e+01 7.646135045332918878e+01 8.180419793305846099e+01 8.180419793305846099e+01 9.007014047270106971e+01 1.040926516972313749e+02 9.594618883267661147e+01 8.760564268528740683e+01 9.594618883267661147e+01 1.088228501415382681e+02 8.894061151131911913e+01 9.184591404652182689e+01 8.229704811889219229e+01 6.201984459202065381e+01 8.229704811889109806e+01 9.269753865118794067e+01 8.844283646395668086e+01 6.902905565164701329e+01 6.814990970450519114e+01 4.864146638456333704e+01 5.478449657733434464e+01 3.506028834548774853e+01 3.250179175745044091e+01 4.896934327365997319e+01
1.610643649003322799e-03 2.000161064364864671e+01 3.645121685598851968e+01 3.891416426755617408e+01 3.115546172055459451e+01 3.115546244880920312e+01 1.515546240767416286e+01 3.515546245909301604e+01 4.263105107376158287e+01 4.596438442265125701e+01 5.043652040453278573e+01 5.515056564951782292e+01 6.069756767213917215e+01 6.672779465765152906e+01 7.379886263994778517e+01 8.208314380879251360e+01 9.363015636972649247e+01 9.815514985679786264e+01 8.390746211161847157e+01 8.585309637142371741e+01 6.739861234269770307e+01 8.489899482602712055e+01 9.324110438390125921e+01 1.088228501415382681e+02 1.022637518038517186e+02 8.229704811882295701e+01 6.977529012963817934e+01 8.990558409456663469e+01 9.718188658813060954e+01 8.275035829213413763e+01 6.334550600453145819e+01 4.952099271234369837e+01 4.407654768698893832e+01 3.878074304739115519e+01 5.478449657898531200e+01 4.252327989931102792e+01 6.040403093590589378e+01
2.022278438842990342e-03 8.166988087716175571e+00 1.971399347152901171e+01 3.971399469304026297e+01 5.115545210788527442e+01 4.343973484768590509e+01 2.670246779146938465e+01 1.946877333581177538e+01 2.263105099598021042e+01 2.596438432931360296e+01 3.043652028431326073e+01 3.515056549222374116e+01 4.069756745447622848e+01 4.672779434603171467e+01 5.379886215789743886e+01 6.534586754193016134e+01 8.534586868190520192e+01 8.806553256549715059e+01 6.961740263177507870e+01 7.750212751399256206e+01 5.733553936876741375e+01 6.470955586273331051e+01 8.159314847584769836e+01 9.324110438389845967e+01 9.727200543648524445e+01 9.810982771195990892e+01 8.147309834632972070e+01 9.810982771195990892e+01 8.908300928748026593e+01 6.973360516059904057e+01 5.999050557611658974e+01 6.902905565164374480e+01 5.595520346247116805e+01 4.210000115481651761e+01 6.165444761440012655e+01 5.643136627074882483e+01 7.021762256389223467e+01
6.642187732006160465e-03 2.000664218773165004e+01 3.645129190106226247e+01 4.799831975197736966e+01 5.240625568820826885e+01 5.498673931743474697e+01 4.670246789697351630e+01 3.361090895983308258e+01 3.677318662008514849e+01 4.596438442265125701e+01 3.380902973484123919e+01 5.380902988841568657e+01 5.148049712136094058e+01 6.672779465765152906e+01 7.379886263994778517e+01 8.208314380879251360e+01 8.857386813452225738e+01 7.971848494674171093e+01 5.954598163511946751e+01 6.987987365328841349e+01 4.975666267533496523e+01 5.310165651549259280e+01 6.470955586273331051e+01 8.489899482602712055e+01 7.709802171979286811e+01 9.134238018069436293e+01 1.014245739403128397e+02 1.095874691156610083e+02 9.718189094333510525e+01 8.747745402112971647e+01 7.940830721832206507e+01 8.348333924169600095e+01 6.510601065055548986e+01 4.557888633400032319e+01 6.510601065055548986e+01 7.599844922821421278e+01 7.448246325295495751e+01
1.591255364720534126e-03 1.422605661997915050e+01 3.487473477224749985e+01 4.661165498480381331e+01 3.266136502665634112e+01 4.504139030428000012e+01 5.325219903478116379e+01 5.361090918241482228e+01 5.677318688437043903e+01 5.983925684626350261e+01 3.983925662639672538e+01 5.983925684626350261e+01 7.148049792086354159e+01 7.976478002033606174e+01 8.376196002481174219e+01 7.541444227990238858e+01 6.839073030495474370e+01 7.209399536328758984e+01 5.195868870877649215e+01 6.260212077883723936e+01 4.308265976900003125e+01 5.726875019978958647e+01 7.742417231834552638e+01 8.126370810715137338e+01 6.283559083785297616e+01 8.126370810715708615e+01 9.027821620915298695e+01 1.019151286526745963e+02 1.055128018724273460e+02 9.579194192566981769e+01 8.769599879377761908e+01 8.124380291360459694e+01 6.874762827842720014e+01 4.921435138723797564e+01 6.050380377954556366e+01 7.946808959398472894e+01 8.238465674896008295e+01
6.189296070378335485e-03 2.000618929607002272e+01 2.667255589133892002e+01 3.072680206015408544e+01 1.857698200378190734e+01 2.523989414317472679e+01 3.415379754947429802e+01 4.556344113062983325e+01 6.521703340144645722e+01 6.812353396327121402e+01 5.138626201024394646e+01 5.398139225204335645e+01 7.398139299617503184e+01 8.968597497755418146e+01 6.950297988068403754e+01 5.526701240014212857e+01 5.415823123453112942e+01 7.101863204400032714e+01 6.260212077883723936e+01 4.251334950907681787e+01 3.860933435776974676e+01 5.867999306442605700e+01 7.455309065458085627e+01 6.621180171508574119e+01 5.279296955867297214e+01 6.177184123131021209e+01 7.341063659994267709e+01 9.359429150814739273e+01 9.737393406444031996e+01 7.801806353706244579e+01 6.833941115874839056e+01 6.182072642199970147e+01 5.615119995094259764e+01 5.615141735636618137e+01 7.556191163737872785e+01 8.720812119719280986e+01 7.774345081253026990e+01
2.247884206357958405e-03 3.483801002044612627e+00 7.019334880185563286e+00 1.073324127325604849e+01 1.650670918508916785e+01 3.649770565751654061e+01 5.325219903478116379e+01 6.208473790669435743e+01 7.348274665999664990e+01 7.967054354809943106e+01 7.138626253032491320e+01 7.398139299617503184e+01 8.226567567449924923e+01 8.081433921561399814e+01 7.490700268219821112e+01 6.267208879618748085e+01 4.258174112929854260e+01 5.410553576735949832e+01 5.800794770845779169e+01 4.967440616173873735e+01 3.434803864420201336e+01 5.440091425043797813e+01 6.015855833198247637e+01 4.611648455947174341e+01 6.621180171508574119e+01 6.439526447341677340e+01 7.603986777571634548e+01 9.621737693273210823e+01 1.055127998796093181e+02 9.579194192566981769e+01 8.769599879377761908e+01 8.124380291360459694e+01 6.744040794515993298e+01 6.997341803284739115e+01 6.997341803284739115e+01 8.943820634567963168e+01 8.431965990280585288e+01
