LEM/sinusoidal_perturbations/elevation_000957.asc
nrows	100
cellsize	150.0
xllcorner	0
ncols	100
yllcorner	0
NODATA_value	-9999
[rows 34 to 50 of 100, columns 0 to 36 of 100]
2.064481644892168701e-03 1.414420010537596717e+01 3.414420010537666883e+01 4.896237187648567613e+01 4.787354739926148994e+01 4.944870557271610068e+01 5.773302585070313597e+01 5.720781550521484604e+01 6.549218665136750417e+01 7.558647044837583451e+01 7.412444815524028741e+01 5.458301482300593221e+01 4.048952032739331486e+01 3.281147766724060233e+01 4.705716218770514558e+01 4.347345201293633465e+01 4.025274896144999559e+01 2.246857908965120032e+01 4.262824811507938705e+01 4.713178241971666438e+01 4.332331249994327749e+01 4.547231107877421863e+01 5.358244679605182625e+01 6.190070251127437473e+01 6.581001202723520294e+01 7.290460497939915285e+01 8.118814862258365395e+01 9.118869026343733708e+01 8.200448890943951596e+01 6.528907667345512778e+01 8.200448890943951596e+01 7.015352620835058417e+01 5.716635546384939204e+01 3.757261701137790055e+01 4.997146997276805536e+01 2.963746791105818090e+01 4.997153081455282120e+01
2.905961989428186391e-03 2.000290596198907167e+01 2.067808646867970168e+01 3.001750415352118395e+01 2.787354635197240071e+01 2.944870439226978220e+01 4.306567770719056654e+01 3.720781243029964003e+01 5.720781550521484604e+01 6.557620070526763811e+01 7.412684946165373390e+01 5.458425421684706436e+01 5.303438706082349796e+01 5.303438429165965573e+01 4.112534272554204762e+01 6.125040758169908628e+01 5.090903677215386125e+01 4.247297586075417541e+01 2.487336570402060332e+01 2.692936110825651497e+01 2.901188619096392785e+01 3.114458060695412200e+01 3.334444699490433095e+01 5.358244679605203231e+01 4.566574036056537267e+01 5.283806583446548188e+01 6.290288702430962076e+01 8.290632293448867074e+01 9.351153060215177959e+01 8.523295553138068215e+01 7.723731847773494508e+01 5.765161356107469715e+01 4.639373309002331069e+01 4.893035095692982850e+01 5.398538508946317194e+01 3.352775918725278359e+01 4.517954854105411755e+01
3.542675937824442140e-03 3.247971098553081415e+00 6.535950844660241010e+00 1.001750396377422803e+01 1.373141072731529810e+01 1.790169900845686612e+01 2.306567680340018001e+01 2.973234347006696510e+01 3.729163293025177239e+01 4.883863831472146444e+01 6.883865711101840645e+01 6.839260180782510190e+01 7.301885830564096125e+01 6.757299485758446167e+01 4.757921912377512541e+01 6.757299346634177084e+01 5.782095979088681759e+01 3.763958496281770039e+01 4.505802125796915902e+01 2.960924644451652554e+01 4.922929529155307193e+01 4.595751389311543278e+01 5.358244679605203231e+01 3.656636181927427742e+01 5.680121986645585253e+01 6.954901020113256038e+01 8.118814862259105780e+01 9.118869026343837447e+01 1.086090611131554766e+02 1.005335495660735603e+02 8.576412737179065005e+01 7.422154990649268314e+01 5.512988120673033876e+01 6.268511568174865545e+01 5.848200507734408404e+01 3.788698167084015722e+01 5.848200507734408404e+01
3.411803931810562015e-03 2.000341180393145635e+01 2.653595095162827988e+01 2.415963958804416478e+01 2.527841611111886166e+01 3.790169950739289817e+01 3.423163064904248643e+01 4.973234542085484122e+01 5.729163786886757492e+01 6.557620070963007208e+01 7.712384187313416817e+01 8.797054791755671488e+01 8.375576942221786680e+01 6.393599932178906897e+01 6.177012096031381105e+01 6.757299441064618861e+01 6.614675511358376525e+01 5.193393209949263678e+01 5.321914554014731635e+01 3.301689086309713161e+01 5.321914554010589882e+01 6.643876320337369634e+01 6.076375530027001304e+01 4.055870978781070590e+01 4.106371710769289507e+01 6.125960164707522182e+01 7.420861094562980043e+01 8.833844707685683773e+01 9.724073559173727688e+01 8.073593679288906344e+01 9.724073306772274350e+01 8.339170575028893495e+01 6.633289441226938266e+01 8.220038020238854415e+01 6.338256114053351808e+01 4.260458960231725456e+01 5.718665700578266353e+01
3.327314952832964925e-03 1.414546293868390769e+01 3.414546293868460936e+01 4.415964023404055894e+01 4.527841683904782144e+01 5.356271953991600299e+01 5.423163324794235507e+01 6.251597216341892249e+01 6.350058863529188358e+01 6.350058863530163222e+01 7.178016031452740719e+01 7.591262491237026211e+01 8.420637197631437232e+01 8.375576942221786680e+01 8.158237304688978497e+01 8.741120075117076738e+01 8.035963943653824515e+01 7.093285445017954771e+01 5.693225254193831120e+01 3.662205688424810290e+01 4.701811646964804936e+01 6.476272190675958029e+01 6.487738648394334007e+01 4.472479169084186879e+01 6.125960164707522182e+01 4.580658103115602131e+01 6.007877481440270628e+01 7.565766865153598530e+01 8.063957100964313440e+01 6.922129972863160674e+01 8.896186542302807254e+01 9.472358374066604370e+01 8.650590546350808552e+01 7.055662874022314668e+01 5.560674627365256839e+01 5.171085484324381554e+01 5.728365216384465697e+01
6.779948344387334673e-03 2.000677994834403250e+01 3.983222832401217062e+01 5.532007493274999632e+01 4.945923836080260116e+01 5.532032035067486220e+01 5.992242932110900711e+01 5.763402694909883905e+01 4.348789358368514968e+01 4.348789358368514968e+01 6.350058863530163222e+01 5.589691260141177054e+01 7.264907978753926443e+01 8.420623965238975472e+01 8.035819509504945302e+01 8.866545025445533668e+01 7.679579731829635136e+01 5.678226088751194567e+01 4.244971072469740392e+01 5.693224833643438387e+01 6.346341599278990486e+01 7.325668398390806146e+01 6.916093376784584734e+01 4.906931606124933154e+01 6.916093376893402933e+01 6.593746042890269621e+01 5.089100426502147201e+01 5.565953750800562005e+01 6.068935058575925012e+01 8.063957100964313440e+01 8.331254878801171060e+01 1.030682612641908378e+02 1.013350384388113810e+02 8.581171732181933010e+01 7.683641250928877753e+01 6.213100527332415624e+01 7.897607077206230031e+01
9.516927588586143695e-04 1.154795707655127401e+01 3.154795707655091874e+01 3.530915198821717382e+01 2.944804405718834417e+01 3.530916961255793041e+01 3.991360923031845687e+01 3.991396593957801997e+01 2.933373627160476715e+01 4.934947625448516817e+01 5.435240165394811385e+01 4.434825852156398440e+01 5.589691260139683493e+01 7.591262268154224557e+01 6.030375545625314970e+01 7.708682983088262120e+01 7.898163432134354878e+01 5.897231889446253916e+01 6.264408386417631647e+01 4.946500332822723323e+01 6.367523638956222953e+01 8.364553344891841391e+01 7.375757303574279433e+01 5.372128646950410769e+01 7.375757318642425275e+01 7.920138737393635608e+01 6.096151083614755350e+01 6.096151083614756061e+01 8.063957100964312019e+01 8.884254856598798256e+01 1.030682612641908378e+02 1.109362052030612631e+02 1.077147481479881890e+02 9.939061706232956794e+01 9.184586048795658542e+01 8.316960237432327574e+01 9.184586048796539615e+01
1.945935296826602993e-03 1.414408145815154683e+01 3.414398353768878991e+01 3.530914694661090891e+01 1.529046501469408881e+01 3.027199628167853973e+01 3.234434503011350870e+01 1.988903611973938368e+01 3.991396584612892440e+01 4.582074279418492324e+01 3.434388666662108847e+01 5.435239056803661839e+01 6.637029376328712260e+01 5.806531846838073818e+01 4.873487662625775840e+01 6.290534858093806747e+01 8.296184080126495530e+01 7.898162692937802376e+01 6.952439487924677053e+01 5.586195683404365298e+01 6.952440037710728404e+01 8.950347767368988627e+01 7.875674078005212664e+01 5.876007040552646998e+01 7.875674078005212664e+01 8.917710720561390758e+01 7.510130855763254942e+01 8.093627891942144004e+01 7.251348721900620831e+01 8.661579305854792210e+01 1.065077966114870947e+02 1.089892557500946140e+02 9.619207905737239628e+01 7.952759962505787428e+01 9.619207905267252556e+01 9.585146449141437586e+01 1.041334701011370356e+02
5.600688922766023682e-03 2.000560068892241006e+01 2.363289762014810336e+01 2.547261888956214904e+01 8.205822741155401445e+00 1.023968703100793398e+01 1.230739443820532841e+01 3.174858987761028573e+01 3.784679557090442614e+01 2.580201987383707873e+01 4.351134052371751437e+01 4.642741811046818867e+01 4.951308058910714749e+01 3.800854402355783890e+01 5.806531846837776101e+01 7.487100123976044586e+01 8.491178192666444602e+01 9.780043379570075501e+01 8.249201682685698245e+01 6.254479460334874830e+01 8.249201682685698245e+01 8.874355432883115213e+01 6.876992723124742213e+01 7.875674078005212664e+01 7.290596803119726133e+01 9.288175570070045239e+01 9.502314379396059962e+01 1.006732774060656368e+02 9.244202620152613292e+01 1.006732774060656368e+02 1.030260712799054232e+02 1.001763449976922686e+02 8.046297400317787663e+01 6.811041858333999244e+01 8.791993338312589401e+01 7.599909990424576733e+01 9.264766156451680956e+01
8.215197286175309616e-03 1.811568347260506195e+00 3.622388513207185134e+00 5.456196584630495394e+00 2.547261880148077040e+01 3.027193540843749631e+01 3.215182771219392777e+01 1.556323853397572776e+01 1.793020973797623085e+01 2.066485985985285723e+01 2.345274538056572666e+01 2.635608549100507858e+01 2.942652149936413153e+01 4.951308013916904827e+01 4.646428686684222953e+01 5.651231514061354488e+01 7.070802381027455397e+01 9.080180348567009219e+01 9.078236607055599450e+01 7.251228767595085856e+01 9.078236614165969343e+01 9.702657332105576415e+01 7.875535385698161406e+01 9.702657300404729313e+01 9.288175570070045239e+01 1.011667125902481814e+02 9.608820599081516889e+01 9.093851120608441363e+01 9.916249897365848653e+01 9.724352015435151486e+01 8.322148824126259115e+01 9.189026977571408850e+01 7.205352253752444369e+01 6.063805816449820441e+01 7.295275317283324057e+01 6.458032959840227250e+01 8.438969645296195665e+01
2.613274238814250559e-03 2.000261258094317540e+01 2.363289751385952187e+01 1.961175760300160675e+01 1.546687088160275358e+01 3.547834514459840705e+01 4.412634256517133480e+01 3.251787322932015201e+01 2.896445760142848513e+01 4.071286217622636627e+01 3.764414408325339423e+01 3.795646359201600717e+01 4.951308058910714749e+01 3.482317428648506308e+01 5.495470694558432712e+01 7.017056375576281368e+01 7.872782041527673869e+01 8.912514353873616813e+01 1.007746038514804923e+02 9.247174597777443239e+01 1.007746038768320318e+02 1.070194351396044397e+02 9.873175480076169208e+01 1.070194350730162967e+02 1.043182537332477722e+02 9.030654963137301650e+01 7.629484563876302161e+01 7.115752817763332416e+01 8.772951751981412372e+01 8.734545954014595281e+01 6.924761770938467009e+01 8.734545954011268520e+01 8.869525080321572830e+01 7.295275317283329741e+01 5.314124967594461424e+01 6.305067197862653217e+01 7.446678521731236344e+01
7.532853315450405325e-03 1.000753285331553677e+01 3.000753292924299132e+01 3.962095732541146731e+01 2.961841994304395342e+01 2.961842020040263179e+01 4.962545592054807031e+01 5.522951716867070360e+01 4.826264436263456759e+01 5.648138563381116484e+01 5.767601001505286717e+01 5.212999986971377808e+01 6.327408170337226068e+01 4.490985148323990472e+01 4.225398180509723289e+01 4.956053647340881696e+01 5.914530758534125710e+01 7.708433902091341849e+01 9.922096887374071628e+01 9.831894752812731042e+01 9.587060640775693798e+01 1.037287988324235641e+02 1.095094677976539259e+02 9.786262476583485181e+01 8.963978264785201588e+01 7.629484563876302161e+01 6.230789220130868244e+01 5.973269725886556358e+01 7.887614558588774116e+01 7.913486667683885400e+01 5.935261811411204036e+01 7.913486667683883979e+01 8.311550465940145216e+01 6.333208523575105175e+01 4.928797135841119115e+01 6.333208525968229452e+01 8.311552663394499518e+01
6.101047412966256744e-03 2.000610104738900219e+01 3.000753298624280418e+01 5.000753511317461886e+01 4.962541098263908879e+01 4.962545612396472450e+01 5.791145094069436539e+01 6.614383311450917802e+01 5.782988525447623829e+01 6.262625192636118499e+01 7.094274452331448799e+01 7.216787350516545985e+01 7.331780707978515466e+01 5.911727621922113940e+01 5.660134529212044185e+01 5.660134529212174925e+01 7.678686492714315648e+01 8.899114297138757479e+01 8.442509485821105386e+01 7.952768047144886054e+01 7.709674966809701857e+01 9.285631033829626801e+01 8.963821890075651311e+01 8.963978264783220595e+01 6.984576391940680651e+01 7.564329777797949816e+01 7.066971892998219573e+01 5.083196586856055177e+01 7.066971892998219573e+01 7.254078379155102141e+01 5.271841954610430747e+01 7.254078379155102141e+01 6.900631876642968621e+01 6.079250164116598398e+01 4.571927771101061211e+01 6.561927618910338822e+01 7.695642068535612168e+01
6.842009524227352091e-03 1.414897763325530278e+01 3.414897763331321556e+01 4.148788855585199542e+01 4.411563921572049196e+01 4.724197085705531407e+01 5.049005478048417928e+01 5.457401062914216539e+01 3.780368743458360825e+01 4.259126576303215472e+01 5.865264122154796667e+01 6.699973934564677336e+01 7.607490984440541126e+01 7.920065678576175117e+01 7.678686492171887323e+01 7.678686492714315648e+01 8.513601502771813045e+01 8.754863347838572452e+01 6.969508777364251273e+01 6.627311762787688565e+01 6.627311762787688565e+01 8.503151516541649357e+01 7.555188302336493678e+01 8.739978713389197651e+01 7.564329777799729015e+01 5.581493303314511678e+01 6.504459100438597829e+01 4.563050724917822265e+01 6.554763311444322937e+01 6.681856010529445200e+01 4.691939799454424787e+01 5.929738376328528915e+01 5.750260494336187378e+01 4.078149236964404878e+01 4.414103469303685756e+01 6.406858100546746471e+01 5.717483358819276162e+01
1.934550753332892102e-03 2.000193455075297777e+01 2.480317977510832250e+01 2.148488815959947829e+01 2.411113762291976315e+01 2.723483544451259064e+01 3.047957477943327831e+01 3.977222735402166620e+01 2.625540934402318172e+01 3.228568043131729581e+01 3.861047142853384173e+01 4.755740106287611013e+01 6.175239457539096577e+01 8.220058983588542389e+01 8.591696836343231780e+01 9.375486873855484760e+01 8.622126526189126139e+01 7.528360877172853804e+01 6.744061080543158937e+01 5.531953061088282908e+01 7.420134929754399877e+01 8.225847470592117361e+01 6.407381454592238867e+01 6.750617583781824749e+01 8.157178660629607236e+01 6.504459100438597829e+01 4.509340800895235191e+01 4.068896264448856925e+01 6.071625337720545446e+01 6.071831422770957687e+01 5.259156627953595375e+01 3.923699802434452977e+01 3.739236319834380851e+01 5.750244445432416285e+01 6.406830338543522885e+01 4.903989095225165329e+01 6.888062157027722776e+01
4.364784840791047053e-03 2.394822003509582853e+00 4.802539065224976866e+00 7.342541605228797508e+00 9.968670262423438899e+00 1.309214550021323120e+01 1.633657392318175638e+01 1.976654563092620975e+01 2.554005060661804194e+01 4.554803491811347271e+01 5.865264122154790982e+01 6.699973934518543217e+01 7.607061984751571515e+01 8.177301423817047521e+01 6.698947444527426853e+01 8.282794225730751236e+01 7.838387170392789471e+01 5.942958782721928657e+01 4.822159727344661206e+01 6.744061080543315256e+01 8.200376729695388178e+01 7.401958508955104321e+01 5.421766803628410258e+01 5.353715071937543968e+01 7.166004603442740972e+01 6.762462587026975314e+01 4.770175450156239805e+01 3.596436447519243984e+01 5.123287443448379719e+01 5.007415674820381923e+01 3.232831975902795563e+01 3.406443983836071254e+01 5.428210461280721688e+01 6.572112214845333256e+01 7.708171850713441131e+01 6.888062157027722776e+01 5.569107754358841333e+01
5.219006137575642711e-03 2.000512708268436768e+01 1.374681543590916810e+01 2.734363125829762353e+01 2.997032048519399439e+01 1.781332019395022925e+01 3.634050867694330123e+01 3.977222735402166620e+01 4.554803491811347271e+01 3.496845136786492958e+01 4.911632646393005786e+01 6.914629704950841926e+01 8.185682000743076969e+01 6.292741581128311879e+01 5.585535061388332423e+01 7.429885768603475071e+01 7.687902273989348600e+01 5.781375309140673835e+01 4.402874475243681474e+01 5.781375309140673835e+01 7.687902273988953539e+01 7.795610698006260009e+01 6.343501520176224062e+01 4.368998168971404539e+01 6.343501520176224062e+01 7.583634329966905341e+01 6.434415420165269950e+01 5.123294343651646443e+01 3.096542116702638836e+01 2.993787891441939664e+01 5.021993330365468466e+01 5.428228541232086002e+01 3.838756671262874676e+01 5.846970219767181476e+01 6.600227598733907541e+01 7.420765780892855901e+01 7.547539358364494433e+01
