LEM/sinusoidal_perturbations/elevation_000357.asc
nrows	100
cellsize	150.0
xllcorner	0
ncols	100
yllcorner	0
NODATA_value	-9999
[rows 34 to 50 of 100, columns 0 to 36 of 100]
2.064481644892168701e-03 2.000206448164453832e+01 3.723079104166632902e+01 4.877779642545864647e+01 5.267989677493406475e+01 4.439810999575237105e+01 4.775893278181655432e+01 2.947819254479822959e+01 4.775893278181655432e+01 4.815221530996070243e+01 3.974062211653848209e+01 2.440192944569800559e+01 3.709982352346545298e+01 5.513087387301609255e+01 4.235403653470201135e+01 5.168961389486121050e+01 6.600358106950420733e+01 8.634946232379998321e+01 8.557679734059772159e+01 7.746997967153706099e+01 7.746997977429852256e+01 7.323622249580235177e+01 6.284482245763567931e+01 4.723906957425817410e+01 2.659664288775254803e+01 4.118061100693528687e+01 4.110229597360042675e+01 1.663278429759730059e+01 2.306398360343860077e+01 3.818516436557518290e+01 3.488027476887562273e+01 4.271976109622100637e+01 6.188555349394759020e+01 7.599259839222739288e+01 7.749908914264662485e+01 6.078686237235361745e+01 7.749908914264662485e+01
2.905961989428186391e-03 2.000290596198907167e+01 3.917906371241316066e+01 4.746333495987477136e+01 5.062652295687487936e+01 5.597174779512302933e+01 5.775700160807951278e+01 4.947581287105124659e+01 5.775700160807951278e+01 6.417396863377261695e+01 4.444851855147317821e+01 2.944262288493079893e+01 5.022596911862193991e+01 6.328967298400159081e+01 6.228197837122514358e+01 5.389736258942424030e+01 6.795807167558926665e+01 8.765392410583946514e+01 7.746997967153706099e+01 5.902554199749052088e+01 5.902554199750279906e+01 7.230116966904417097e+01 6.791645487269576620e+01 4.723906957424909336e+01 4.118609864964700762e+01 2.084960942037408671e+01 3.551994332513275054e+01 1.633268278973843479e+01 2.143295182154455247e+01 2.720071631665485512e+01 3.720811017358009565e+01 5.604666293751704131e+01 7.070420193561889732e+01 8.300694439747027786e+01 6.903824555181412848e+01 4.949018353090728795e+01 6.850030943633204572e+01
3.542675937824442140e-03 2.000354267593747082e+01 1.917906371241387475e+01 3.189607265573338069e+01 3.062652295687559345e+01 3.597174779512373988e+01 4.815416749172922550e+01 5.643843873919082910e+01 6.798544412298193151e+01 6.630594913112267363e+01 4.661207606361710276e+01 3.552447917755700502e+01 5.558822882858380154e+01 7.412905823472311795e+01 8.187908920272577973e+01 7.373176831276519749e+01 8.187909226005362484e+01 7.738934742170671655e+01 7.746933524312593988e+01 5.902553834618311157e+01 4.620964252389819649e+01 5.628041868132874725e+01 6.405080256538518313e+01 5.451584113043780633e+01 3.507402997801420952e+01 1.913072950548211537e+01 1.590867505097908285e+01 2.248236168330339524e+01 3.079758690303524560e+01 4.489206158639269262e+01 5.331738383886837340e+01 6.443107820820704035e+01 7.232677228905797051e+01 7.409103017327036866e+01 5.462950417303192552e+01 4.179570473298729638e+01 5.686115304998622122e+01
3.411803931810562015e-03 3.783056534024075379e+00 7.632058328621564414e+00 1.189607265573373773e+01 1.648438733314489468e+01 2.182961217139328980e+01 2.815416749172993605e+01 3.970117287552204033e+01 5.970117287552132979e+01 7.441095603752761178e+01 6.368256384504460499e+01 4.581011414371317159e+01 4.648948443151869014e+01 6.034407833799738086e+01 7.977949425293816432e+01 7.160122655305340800e+01 6.281576709918785895e+01 5.552133224835453973e+01 7.085984518772379204e+01 6.922147882405091934e+01 5.092005605872728324e+01 3.804233869334951379e+01 4.962008416213729589e+01 4.492874173345974498e+01 3.684764420841120369e+01 3.373642836205843309e+01 1.560996521946973736e+01 3.627139392331731216e+01 4.995345486475986974e+01 5.901608806763307058e+01 5.724829898204585987e+01 5.907307249349460676e+01 5.257892700576750400e+01 5.997245720464292162e+01 4.585375677744887923e+01 3.446717817538799267e+01 3.677632880803226811e+01
3.327314952832964925e-03 2.000332731495247884e+01 2.763205832862120914e+01 3.189607265573338069e+01 3.062652295687559345e+01 4.182961217139257570e+01 4.815416749172922550e+01 4.448409911028387853e+01 5.862623473401433216e+01 7.862623473401291108e+01 7.345733116250744388e+01 5.967481115502995692e+01 6.034407792385044900e+01 7.412905823433371211e+01 6.200315801848221042e+01 5.310898405998099747e+01 4.098661838000021618e+01 4.005151631816222135e+01 5.991722733171413040e+01 7.171287002830993629e+01 5.336473195176486684e+01 4.050288355188669698e+01 3.122337194539485949e+01 2.730209256636454640e+01 2.356090569947314961e+01 3.179494072054795595e+01 1.531179957417984383e+01 3.206761742825204209e+01 5.782363855361737848e+01 5.142092367741809511e+01 3.723011626531292251e+01 3.908512862514191255e+01 3.836980455774583021e+01 4.875139835813694589e+01 3.142159913571726904e+01 5.165673168715581198e+01 5.686115304997975528e+01
6.779948344387334673e-03 1.414891557207521267e+01 3.414891557207450035e+01 4.853302535438352550e+01 5.062652295687487936e+01 5.055864323967160345e+01 5.192811459471228375e+01 6.017554023593981327e+01 6.417592351095332504e+01 6.998664298818388829e+01 7.747021085852011879e+01 7.910691812384798993e+01 7.977935577770169573e+01 6.852053919447497776e+01 4.672545363492972825e+01 3.157053667251189566e+01 2.875681282265428962e+01 2.948629328201199939e+01 5.097750408662201949e+01 7.164426778528196849e+01 6.654190759260899313e+01 5.733482815889382778e+01 4.426660560813336076e+01 4.481593757642544773e+01 3.630327143975433302e+01 1.842971193629004034e+01 1.501510834979407072e+01 3.773224175471801090e+01 4.802472615209306639e+01 3.865008707727276516e+01 2.291501233031952012e+01 2.471629854294760520e+01 2.656746986213713413e+01 2.848825636187381605e+01 3.576818710877702756e+01 5.011305810994137033e+01 6.995878221017817111e+01
9.516927588586143695e-04 2.000095169275850182e+01 2.035146960010500550e+01 2.943642986653227211e+01 3.286808805027822444e+01 3.078517574657943712e+01 3.224028674483314205e+01 4.523022212662298358e+01 4.460134485792838177e+01 5.033460081158307986e+01 5.775405569936784644e+01 7.730903887726459800e+01 6.206554812554374223e+01 5.345434594554467367e+01 5.345153059587726574e+01 3.948680984240790792e+01 1.861077149674255793e+01 3.948676384184893351e+01 4.139992491940714103e+01 6.092685126763286263e+01 7.594347029327346377e+01 7.014528400007021958e+01 5.203670788791196600e+01 3.075993504107998078e+01 2.178731037095903389e+01 2.269635415055752503e+01 1.472018006467358830e+01 3.822296739078858252e+01 3.614637992357781116e+01 2.043625764925716837e+01 4.053060461633710787e+01 4.493946184221043438e+01 4.159340929133499287e+01 4.016159236216888218e+01 5.574642786648390569e+01 5.011501809474308544e+01 7.000760881833096505e+01
1.945935296826602993e-03 3.158434933977756209e+00 6.339193409610945018e+00 9.672272344154706047e+00 1.318610211839279067e+01 1.699106369532674066e+01 2.108697480259921520e+01 2.584505110496186830e+01 3.107874341849386468e+01 3.859476632585307243e+01 4.947280113723617490e+01 6.906621602068712207e+01 5.345464248152286757e+01 3.159967379896147932e+01 3.159965634293593340e+01 3.469718425778786752e+01 1.381229817779331626e+01 2.032521184809099779e+01 3.067086691846252577e+01 4.576836314427811914e+01 6.086583114136875849e+01 6.932171243141084460e+01 6.083222847837831893e+01 4.685842402910280668e+01 3.092907176029784466e+01 1.429938282500059188e+01 3.312333603800900761e+01 3.468228315525916372e+01 1.807604606247682000e+01 3.805457334510965950e+01 3.572794323497649316e+01 5.661657827743376004e+01 6.271934512484860136e+01 5.906107677496279251e+01 6.712891988626627437e+01 7.000760881858214191e+01 7.861633660975955706e+01
5.600688922766023682e-03 2.000560068892241006e+01 2.618268002963283081e+01 2.361762524477557790e+01 2.449778991106308013e+01 3.657669028773435826e+01 3.336149230783467345e+01 4.523022212662298358e+01 4.874338691729362694e+01 5.475919616120376077e+01 6.553174184796600343e+01 5.952593156531384722e+01 5.605029875518952309e+01 3.799971322937759055e+01 1.622516131558012376e+01 2.691282073796455521e+01 5.876966923671998799e+00 2.733484594734361295e+01 4.184805690405061540e+01 5.331564315893683670e+01 4.058120260743849173e+01 5.751601699410682045e+01 6.919998265090083578e+01 5.438546375194315630e+01 3.029293228220473466e+01 1.400683566454533846e+01 3.224286316080915782e+01 1.580221299152804093e+01 3.575038399310638226e+01 4.637964290622932140e+01 5.661657827726185133e+01 6.332500936067518182e+01 5.636812643397005473e+01 5.847157361308428847e+01 6.621862018916924342e+01 6.900156774036523188e+01 6.946610108252210125e+01
8.215197286175309616e-03 1.415035082101699970e+01 3.415035082101628916e+01 4.348426690117651106e+01 4.430212794569578705e+01 5.256212154323261387e+01 5.214895331264712297e+01 5.950393866062166381e+01 5.612854991334610588e+01 6.503277254628881110e+01 5.291540510414024823e+01 3.543096106265967649e+01 4.776271323684671444e+01 3.026299043734854521e+01 2.638350586899233718e+01 5.926286606239757226e+00 5.902841086094010592e+00 1.129591060494229104e+01 3.217478723789793094e+01 3.273086859038063068e+01 2.838929594650298682e+01 4.058082050300689758e+01 6.083040949621329929e+01 5.888920949595547683e+01 3.712895477326196669e+01 1.390636400929563621e+01 1.361084343783949713e+01 3.291380553669981168e+01 3.558582037014458876e+01 4.384771740022952713e+01 5.526517296520066225e+01 4.832070257628080867e+01 3.966939373721156414e+01 4.086021161823831704e+01 5.847157068302806948e+01 4.916344717823924526e+01 6.062709851798257432e+01
2.613274238814250559e-03 2.000261327423845970e+01 3.345078352136908961e+01 4.138801312674964095e+01 5.145837895328990896e+01 5.480045127469267641e+01 4.683828231635247619e+01 4.757366840189938273e+01 2.733156717868029162e+01 4.755848996723313604e+01 4.196505493079471449e+01 2.074527177066781292e+01 4.031276739635350026e+01 3.149368685605690743e+01 1.535573716205735728e+01 5.492652220100926463e+00 2.225212478897359958e+01 6.318641560147778335e+00 2.666282607656798476e+01 1.695368442919752638e+01 3.876000947227556992e+01 5.279458582255423948e+01 6.289830211789225700e+01 4.985336034520154413e+01 2.829249084513105572e+01 3.256772123324194013e+01 3.204190712268995611e+01 1.319947118667310271e+01 1.642319909748233897e+01 3.211175987419073863e+01 4.504407343611946857e+01 2.758751570346495186e+01 2.824003938275998138e+01 4.120189545304929624e+01 4.266012761757577465e+01 3.595891730699758426e+01 4.535534267722826485e+01
7.532853315450405325e-03 6.672903279222827777e+00 1.373309607837704505e+01 2.508680207795184103e+01 4.291530620313229605e+01 3.980604657003899405e+01 1.977625413069456428e+01 3.638168588715972618e+01 1.242327705675559280e+01 2.948951007004104952e+01 2.629622212617168486e+01 1.119438588078647179e+01 2.470685056330405871e+01 2.409212524381506526e+01 5.078822556110016428e+00 2.470853519110268692e+01 2.663864525209962508e+01 6.616106254711970003e+00 8.407450864909561616e+00 1.500310747921252563e+01 2.344070092788767568e+01 3.433035406607131534e+01 5.459512432599980514e+01 5.889005371417790258e+01 4.964683088996852689e+01 4.005234467215439764e+01 2.211495233578445152e+01 1.289874313763062474e+01 3.167457865839344677e+01 3.863782906401765160e+01 3.668726440050221527e+01 1.934547173328219571e+01 2.071274671760748731e+01 2.214068214696337478e+01 2.360311848437923743e+01 2.508161503555112049e+01 2.658570145011924524e+01
6.101047412966256744e-03 2.000610104741260997e+01 3.345078352136908961e+01 4.138801312674964095e+01 3.447676307415411401e+01 2.545845755196447868e+01 7.684586611018363378e+00 2.375784654394270490e+01 3.207723220374626649e+00 3.498999833726286646e+00 3.790271556557238686e+00 4.081673600961775783e+00 4.373497583936143407e+00 4.665474803525187397e+00 1.836054535766072604e+01 3.190627530903781306e+01 2.703611075027089328e+01 6.915514831460990663e+00 2.272582354062462784e+01 3.586489666538345489e+01 4.446246086267176167e+01 5.279458582262911648e+01 6.288628198099623745e+01 6.569870635118907387e+01 5.780757975392172909e+01 5.152515084738556794e+01 3.175034246139718519e+01 1.259137024045199560e+01 3.066082297086557773e+01 3.312698983402813013e+01 1.748316266003718056e+01 3.678807608393820061e+01 4.037035030027089988e+01 3.572352047262457120e+01 4.266013234168592305e+01 3.285996160051222859e+01 4.535534265189637182e+01
6.842009524227352091e-03 1.411595050930085016e+01 3.381877773001289000e+01 3.956178507781029907e+01 2.369654788482834462e+01 2.339060720321647135e+00 2.491830081502900640e+00 2.789803451486736474e+00 5.811120547176579443e+00 1.526663045230417914e+01 2.004026413866355227e+01 2.215001377374547786e+01 2.359889181434522598e+01 4.442697881180490249e+00 2.648941733254921260e+01 3.682014447478992736e+01 2.717558011143309571e+01 7.217962402606870498e+00 1.738946042929332947e+01 3.718676905388659293e+01 5.533654711303577045e+01 5.839685564521619199e+01 5.053689431790751740e+01 5.440446590193452181e+01 3.807721617437103845e+01 5.309249585549858352e+01 2.970934340424473774e+01 1.227966693831953116e+01 2.901266834840277298e+01 1.574183816420228510e+01 3.518777218003801721e+01 2.591995574424265314e+01 4.486721313762143382e+01 5.484665837014164680e+01 6.009365927830729959e+01 4.198083360103612449e+01 5.626683733806772381e+01
1.934550753332892102e-03 2.000193455075297777e+01 3.238728968846596956e+01 2.311479457172321261e+01 1.522117745957862489e+01 2.092779471276035697e+00 1.983501589903006135e+01 2.138843587581975214e+01 1.153888895145600735e+01 9.507873938009662851e+00 2.242548467426050607e+01 3.176387903496393861e+01 2.848647609094415145e+01 2.128411826142612284e+01 3.583317998807001459e+01 2.882653555411491197e+01 1.009529214054182056e+01 7.528270251408399005e+00 1.931460183051634871e+01 2.723356188582090098e+01 4.180012860832162858e+01 4.608011061185180068e+01 2.996098578506563825e+01 3.404277408857834075e+01 2.543209321585469596e+01 4.355089332814254988e+01 3.441522157386008018e+01 1.196555391432973359e+01 2.616944498775822936e+01 1.454804485978388762e+01 3.661475065727247369e+01 4.486294680425818626e+01 3.539761829072870114e+01 5.433679939679144155e+01 6.999989200654405863e+01 5.544784654048862649e+01 6.191561903323810867e+01
4.364784840791047053e-03 2.000397964063811784e+01 2.314566131092917090e+01 1.663903887782350655e+00 1.683137433684332107e+00 2.177977202172564830e+01 1.588087841834965275e+01 3.248680596797936460e+01 2.123103483680196391e+01 2.621647981602242083e+01 1.314251675324549851e+01 1.976238081105100264e+01 3.782993968122104889e+01 4.268262695218063385e+01 4.291683315145664324e+01 2.298808457668149430e+01 2.882036547546044147e+01 2.710128769624065725e+01 7.995807054708728323e+00 1.825087230314797182e+01 2.631177508528377729e+01 2.752125495204001027e+01 2.949239629597708046e+01 1.241558891969995138e+01 3.016061392706534150e+01 3.049392164170953734e+01 1.917474847689631545e+01 1.164898357482520019e+01 1.286511280534152846e+01 3.057871615481699834e+01 3.465684162922458711e+01 5.486369809224186156e+01 4.862199350598311298e+01 4.862199350598311298e+01 6.813356128471058071e+01 7.568567136959127595e+01 5.815862830623557755e+01
5.219006137575642711e-03 2.000521900613722082e+01 2.663171516440132791e+01 2.026586682041460463e+01 1.395807912956614105e+00 2.184675293501349813e+01 3.396534790543169180e+01 4.031834960316399474e+01 3.419881638692658754e+01 3.498046982551781525e+01 1.613491172931023954e+01 3.499408895716009482e+01 3.325252942946560353e+01 5.247582773334102768e+01 5.119326795391570784e+01 4.291599497631894167e+01 3.637176943484919178e+01 1.662864822898984940e+01 2.521040763059768963e+01 8.493703459890063812e+00 2.530470974997295386e+01 9.523208271155684912e+00 9.880855333225561310e+00 1.022855761567345745e+01 1.056567104256920153e+01 1.089191778170870428e+01 1.120881170431493956e+01 2.631800057254350378e+01 2.664523257173488702e+01 2.383965420748174679e+01 3.473097788780489026e+01 5.391503757326076851e+01 6.813356128471058071e+01 6.813356128471058071e+01 7.673412528790326803e+01 8.763430523283508933e+01 7.864392753167270200e+01
