LEM/sinusoidal_perturbations/elevation_000859.asc
nrows	100
cellsize	150.0
xllcorner	0
ncols	100
yllcorner	0
NODATA_value	-9999
[rows 17 to 33 of 100, columns 37 to 73 of 100]
6.140300662025543943e+01 7.791713218365798355e+01 6.719104311217100189e+01 4.735510473025093603e+01 6.719104311217100189e+01 6.143015024539158730e+01 6.143015024539158730e+01 4.500314118009525544e+01 4.972258426284340516e+01 5.457513386857426951e+01 6.089039784899360086e+01 7.235696447102678519e+01 9.226682188512980076e+01 1.072361870854195018e+02 9.889374702950205176e+01 9.889374702950205176e+01 9.928109767298158772e+01 7.896990011266117904e+01 7.125065581763291789e+01 5.104432834334553348e+01 5.106542571442465572e+01 7.127204775188667440e+01 8.449244094375885084e+01 8.319069908060005503e+01 9.155788066785255808e+01 1.032575504490613127e+02 1.178495198651233551e+02 1.096356648844816419e+02 1.084290659213421861e+02 1.026177228775959804e+02 9.780421967417944984e+01 9.432915358713502485e+01 7.592795497073019817e+01 6.574236309436315651e+01 4.800197285975779238e+01 6.642617456957478339e+01 7.030233027809305213e+01
4.992181267290946067e+01 5.986028610619478485e+01 6.206870343449954674e+01 4.218721584980788464e+01 5.584569409761538594e+01 5.807882466817756750e+01 4.146232360676242479e+01 6.143014682723401165e+01 5.763818053572478561e+01 7.448479049154680354e+01 6.865446277742893244e+01 8.856043825136151781e+01 1.005396214919619950e+02 9.889374702950205176e+01 7.843406717813347484e+01 7.843406717813347484e+01 9.283512713177647413e+01 9.928109767298158772e+01 7.962899621279167661e+01 6.799409594275074653e+01 4.783407813400420849e+01 6.799410226333677087e+01 7.146486544677219399e+01 6.288095946571016270e+01 7.459932932603996392e+01 9.492672841863453925e+01 1.096356648844816419e+02 8.978592411275468521e+01 8.857456617275752819e+01 8.275770020708276320e+01 7.805372781599436394e+01 9.210566630624032314e+01 8.596854795950487471e+01 6.715467905878215049e+01 6.359802486420016265e+01 4.682265998350018066e+01 5.636305229441147446e+01
5.986028610619478485e+01 3.992934278571924978e+01 5.724685531678681372e+01 3.733641338333108450e+01 3.587223397646125989e+01 3.810509764168030244e+01 5.807882466817756750e+01 6.143015015037716609e+01 7.755266853535469807e+01 7.389448169514881215e+01 8.856043867658333113e+01 9.682743257658037805e+01 1.057999990865696702e+02 9.802905286004072138e+01 7.769939202458733973e+01 6.424503865016987447e+01 8.442656866569360830e+01 9.050428912544066407e+01 8.215497069965813637e+01 6.613822161230763186e+01 4.600368484802764613e+01 6.353920319266124039e+01 5.125923690329091897e+01 6.024268713647657592e+01 7.194736035650122119e+01 9.228675118190994908e+01 1.070606028277800164e+02 8.720987243275595802e+01 7.572947630128338403e+01 6.867065892191311605e+01 6.400362545773835166e+01 7.789099279880335303e+01 8.612319831848608942e+01 8.272456935069402562e+01 6.121451948880635285e+01 4.599468004329557402e+01 6.445420901641011824e+01
4.048976444176287259e+01 3.390560559325422219e+01 4.999717422555562507e+01 3.275402042698934935e+01 5.272795423827766825e+01 5.807882442084638797e+01 5.075114251051185477e+01 7.068800129694530199e+01 8.961878024951643340e+01 9.382973061155375660e+01 1.020927477488742170e+02 9.998466382843228928e+01 8.557345938582464839e+01 9.207385400083215643e+01 7.174529498446393916e+01 5.772339689082225078e+01 7.769939201284782371e+01 7.881803210501085744e+01 6.187892242236997475e+01 6.950415159574116331e+01 6.114496058204750284e+01 4.343952235807069684e+01 5.193011465086468093e+01 7.254580526056646761e+01 8.891874109177248897e+01 1.006272618452097305e+02 1.152754284228768995e+02 1.026176376554745246e+02 8.275770003540698383e+01 8.857456617275751398e+01 7.206792949005253490e+01 5.813978538077618907e+01 7.261429667259690746e+01 8.084054365964053090e+01 7.339825305611978479e+01 6.304216986213425145e+01 4.482997765857324879e+01
2.642483938418090617e+01 2.817146839453373630e+01 3.003273924372544101e+01 4.999717422555562507e+01 4.688414952871080743e+01 6.683614688526149905e+01 7.068800129271922117e+01 7.068800129694530199e+01 9.062353358809492931e+01 9.456213675241637873e+01 1.027303398941555344e+02 9.000588341385503099e+01 7.176037977657411204e+01 8.682504327888705120e+01 6.662522172804439435e+01 5.265864283656426892e+01 6.591395614173252682e+01 7.044858876866402397e+01 5.027489653392227353e+01 5.880130212638717779e+01 4.108434431170643819e+01 5.520605731534203642e+01 7.176380352790461359e+01 6.797431590230249299e+01 8.939279776529630794e+01 1.005322285621931684e+02 1.088074157156162727e+02 1.108323205441287200e+02 1.026176411079340340e+02 1.001796547942843176e+02 8.612367682032940763e+01 7.261429667259690746e+01 5.304968078444191093e+01 6.787038983845685891e+01 7.603393574687123646e+01 7.043749882331947276e+01 6.245744794506251907e+01
4.385610308675192925e+01 4.811071243846467382e+01 4.999717422208457407e+01 5.826027809060446572e+01 6.683614693781346716e+01 7.509575710038934915e+01 7.799528090175414263e+01 8.617921780660996944e+01 9.072023179272855486e+01 7.331171655602592807e+01 9.072022203829696707e+01 8.162902260652853670e+01 6.219009958610708111e+01 8.162902688986189048e+01 7.746003282202784135e+01 5.746163112546206264e+01 4.608771035603627553e+01 6.006751494274195835e+01 5.658411170096439946e+01 3.876803884860793659e+01 4.538968689894159780e+01 6.549177655184008984e+01 8.327331635936775456e+01 8.938318821356267563e+01 9.713211473962745401e+01 8.062329169916675653e+01 9.730129526767926507e+01 1.007063271501721431e+02 9.247580596906348660e+01 9.247580596906348660e+01 9.246619365223476450e+01 7.261429667259690746e+01 6.787038983845685891e+01 4.841578824751353238e+01 6.352019788466367345e+01 6.159128834505715133e+01 4.280349670259373340e+01
4.475119261902483458e+01 5.195021737192673328e+01 4.511321401698087641e+01 4.511321401698087641e+01 6.453379514327154709e+01 7.500595679889224243e+01 5.881042957476603306e+01 7.500595679889224243e+01 8.155672676487310468e+01 5.899863689179647253e+01 8.155672676487310468e+01 7.475632504069416484e+01 5.555187326358839783e+01 7.475632424988606317e+01 8.584165585453126823e+01 7.156281545223407647e+01 5.165235652457332804e+01 4.024898988878689465e+01 3.656827677017280109e+01 5.658411170096439946e+01 6.549538081727378369e+01 5.694630904440322894e+01 6.859865991851363276e+01 8.870336606470277729e+01 8.903779850504565729e+01 6.949861562928404624e+01 8.903779850504565729e+01 9.247580596906348660e+01 7.269090314532778052e+01 7.269090314532778052e+01 8.669861514774999023e+01 8.765752960766320712e+01 6.787038982865992409e+01 6.352019788330357386e+01 4.406274422990043860e+01 4.193892044386102924e+01 6.156967320090592466e+01
2.095819561787012120e+01 4.141113944797768198e+01 2.161071508785699891e+01 4.511150714305276921e+01 6.381609269035186571e+01 6.691890182375469465e+01 4.817957834327855693e+01 6.610865858299527531e+01 6.370126991128014282e+01 4.801864440861606198e+01 6.936374302918572710e+01 6.896349144921695995e+01 5.006489716143107671e+01 6.155166241201251154e+01 6.966191259097153932e+01 7.992420224484733637e+01 6.838237402144625321e+01 5.504367511343135533e+01 3.505914041166812467e+01 4.913611181818129126e+01 6.930579454140143980e+01 7.712491742266978179e+01 8.538422520645897862e+01 9.680881766122874410e+01 8.200225337366241263e+01 6.245627051679105790e+01 8.200225337366241263e+01 9.498198876577896499e+01 7.848576701728309502e+01 5.895740251791175979e+01 6.975241691528550803e+01 7.741312111949564212e+01 6.770501831459627340e+01 5.987695574231151596e+01 4.107468687015131081e+01 4.563205503328650536e+01 6.606214222472181063e+01
2.881853247303266485e+01 2.146961370649346179e+01 2.184327076036229442e+01 3.620776377092646214e+01 5.056541987455677400e+01 5.109303450679774272e+01 4.128566114476372206e+01 5.800632415448730228e+01 3.694183019415112312e+01 5.946566294726265056e+01 6.022365752279932138e+01 6.231669939375887424e+01 6.155064098335207490e+01 4.315865280095583500e+01 6.155166238977533055e+01 7.267060972456827983e+01 7.280796489756066592e+01 5.362765352005079222e+01 3.370915238822895077e+01 4.357513366833237711e+01 5.774774415657506665e+01 7.800467778301563726e+01 8.094160762529830322e+01 8.919232307476990229e+01 7.603103223595023508e+01 5.649264109421137192e+01 6.691782169264466518e+01 8.672062271864926686e+01 8.669861514774999023e+01 6.975241691528550803e+01 5.002633376759757056e+01 6.250527412649833536e+01 5.781087775842371457e+01 4.022560899577786131e+01 5.987695070719081514e+01 6.606225517328394403e+01 5.716555156382208480e+01
4.122243467962412922e+01 3.714936323575318511e+01 4.151665180322606119e+01 2.240481493526429446e+01 4.243536704335416943e+01 3.185501480362549742e+01 4.642529844279515316e+01 4.469401175173193508e+01 3.211237794529484546e+01 5.030454206602448863e+01 5.307288016053443869e+01 4.552330187582646914e+01 5.720905881267817250e+01 3.906481374637243675e+01 5.626764557140030831e+01 5.309001026211219454e+01 5.461111613750419025e+01 4.441415234651850596e+01 3.242600423925198072e+01 5.223926251693760747e+01 7.205734178839806248e+01 7.773197418718815754e+01 6.112031602592168866e+01 7.773197418718815754e+01 7.055170338812447994e+01 5.100545619716042012e+01 6.475821138565106594e+01 8.453843035399586370e+01 8.722096005643159344e+01 7.792607345121487583e+01 6.252503785240536160e+01 3.987823049167825218e+01 3.937009342065893946e+01 5.903258938568999525e+01 5.264729778420034023e+01 6.654001778792431310e+01 7.821537876555144919e+01
5.304721843172661266e+01 4.453351435898989763e+01 2.496491190234400648e+01 3.822939648248993194e+01 2.301236228235770298e+01 2.350751354422393291e+01 2.407387302385304295e+01 2.701974004436782550e+01 3.954015727572042493e+01 3.054584308688497529e+01 3.617597298828241037e+01 3.491059357366268046e+01 4.974242263520460483e+01 3.522854959245088935e+01 4.639013618571554076e+01 4.803899565968903573e+01 3.250252277777590137e+01 3.068177515200851602e+01 5.029509525142132986e+01 6.045004394360157107e+01 5.647673066652397011e+01 5.891663184500770711e+01 4.971455359952003761e+01 6.949777958471216266e+01 6.614980189417745748e+01 4.660840761181565739e+01 6.037014176600850845e+01 8.016737877469927298e+01 7.895992672621272845e+01 5.929368497642778379e+01 6.290024190097655321e+01 5.760496121017667548e+01 3.876058842257288006e+01 5.844020294052646136e+01 7.231746113294762779e+01 8.051463990244565139e+01 9.448919549120343220e+01
4.678650174902689685e+01 2.732727830738217989e+01 4.459334243952464760e+01 4.622707451225303998e+01 2.392035340588297387e+01 2.404230747525057055e+01 3.645847177269180861e+01 2.481074172341554629e+01 2.526667348503245591e+01 2.568087081689882112e+01 2.607732880000992637e+01 2.646392626959047689e+01 3.608728102322469766e+01 4.476743089947589738e+01 3.046220333732234309e+01 2.860088591875290120e+01 2.897471384919009196e+01 4.836057282678704183e+01 5.383317292253460806e+01 4.995636405514980538e+01 3.806048464738771742e+01 3.927410063228634840e+01 5.892319953884064887e+01 5.939006701457093840e+01 5.680069129671050376e+01 4.258090011108345152e+01 5.637806110828643114e+01 7.622710385474529460e+01 7.511680287869779704e+01 6.084627221509268935e+01 4.469187193191287122e+01 3.790933523300964225e+01 4.928409070231475653e+01 5.116755653701137163e+01 6.501960920839428582e+01 8.477365024796101522e+01 9.266311772630515975e+01
2.955605767670625639e+01 4.671913355727287609e+01 5.495835460502192404e+01 5.446030309920474366e+01 3.809432426817382833e+01 3.974604093211286227e+01 2.819431387318541837e+01 4.533240947480655336e+01 4.595644749604643664e+01 3.758000478891449347e+01 3.753867426459247980e+01 4.183036329233583217e+01 2.699460268177795541e+01 3.541333986999686090e+01 2.806167658969559042e+01 4.494587524426869862e+01 4.698605734825313363e+01 2.950901418361699768e+01 4.394917400235509319e+01 3.053155571417158853e+01 3.089195375328086612e+01 5.036398051220343319e+01 5.135961090776817883e+01 3.247154467055599980e+01 3.706272948885133900e+01 5.680010855662962399e+01 6.170729783751076525e+01 5.660062854407599531e+01 5.381188078694373189e+01 6.617016280445744769e+01 5.701642083440173536e+01 3.731429926923601670e+01 5.701335421175515705e+01 7.061076893154833556e+01 7.902018864407527587e+01 8.958130936362918817e+01 8.161478685480165041e+01
3.140391589789926741e+01 5.672196914023143677e+01 7.142677690151030845e+01 6.515049179908058363e+01 5.309443138158856357e+01 3.585918126924160276e+01 4.624166790020202455e+01 3.312199537050720011e+01 5.102379576377374093e+01 5.316971040240692759e+01 5.039012054249360517e+01 3.961428361833178968e+01 4.496386221470896061e+01 2.751214492868944816e+01 3.021589089528648131e+01 4.633245589539949094e+01 4.681915728610476179e+01 2.970321122591710150e+01 3.000800386572023015e+01 4.952481444631049357e+01 3.987096166932899877e+01 3.140193605325394444e+01 3.176810376416475279e+01 3.214292410765633434e+01 5.176868216115946808e+01 5.853471788362618611e+01 3.440585681762691195e+01 3.440763823431680635e+01 4.312435851776650253e+01 5.490470306123822297e+01 5.559873962489355392e+01 3.672215999157319288e+01 5.066534355364206732e+01 7.034275665019572443e+01 7.747386869145312005e+01 7.840043308121734356e+01 6.201826428963001092e+01
3.353404408511133283e+01 4.381428482893460341e+01 6.351417672162621386e+01 6.327178239190692466e+01 4.567789419316554955e+01 4.567688916956915790e+01 5.883969683404316697e+01 5.102385104732254462e+01 3.822380015855193136e+01 5.621833240600584247e+01 5.574879277558238044e+01 5.717373168373318748e+01 4.499805748784474702e+01 2.841438680511292603e+01 4.833461592319505229e+01 6.200835615705533144e+01 5.188419570191590680e+01 4.713910162656086555e+01 4.837112842085301878e+01 5.892815802828253169e+01 4.291299206003508715e+01 3.868421841100387581e+01 5.135486661466536873e+01 5.173848167755413385e+01 3.268971556028589021e+01 5.232357027511896064e+01 3.383452694202438238e+01 4.967602530784390780e+01 3.500874284987795448e+01 3.544585844555444964e+01 3.588387943356224241e+01 5.349046961366573072e+01 6.295695180895270227e+01 6.106272052492592906e+01 5.779480005951225507e+01 6.625392491382802973e+01 5.071614597941444913e+01
3.560272008469524962e+01 5.532285956787712422e+01 7.127795884710513974e+01 7.119207375269554916e+01 5.552612805131366258e+01 6.322790104050600490e+01 7.109216628978754215e+01 6.009153241534625067e+01 4.192562803975494745e+01 6.009153241534625067e+01 7.279949215037004251e+01 6.719054128358777689e+01 4.588354747153423574e+01 2.928291682254961970e+01 4.079033860511415099e+01 6.105847192901138953e+01 7.171323222965581579e+01 7.099103029059841674e+01 7.318048292496320073e+01 5.735378879014500342e+01 6.185641060997470220e+01 4.748405984570737104e+01 6.621493431188980594e+01 5.338147131064819462e+01 3.273701550147130490e+01 3.325528582531939037e+01 3.424351051399919044e+01 5.504409776702770074e+01 5.636023680335539865e+01 5.465734318219706012e+01 3.942859955171654462e+01 3.678082072389171486e+01 4.999969311809726946e+01 4.131434131777607632e+01 4.392632773258665679e+01 4.663204233806567345e+01 5.793709289029378340e+01
3.750043272893360324e+01 5.716260989798790604e+01 7.632306505996658075e+01 8.200114101865615623e+01 7.396106869236308512e+01 8.045404861948361486e+01 6.124812996455332836e+01 4.830037726518745700e+01 5.215628785201295869e+01 6.806799755325577905e+01 7.998653897786076072e+01 6.040381609912152072e+01 4.958945051037898111e+01 3.012689119936941751e+01 5.030724544465085302e+01 6.932799910749557171e+01 6.681864131736639933e+01 7.503217159625428678e+01 8.398494989987652559e+01 7.589739582122550132e+01 7.553220980188829969e+01 5.887158866292413961e+01 6.143724374620406081e+01 4.163789405236866514e+01 5.373727564835856896e+01 5.297652825506030183e+01 4.541700418675645068e+01 3.913818473431737033e+01 5.928564342126812647e+01 6.862972311919087076e+01 6.128926363265661337e+01 5.647808290663633812e+01 3.767646625217806644e+01 5.681075537980272117e+01 6.351633902980118052e+01 6.625392491382802973e+01 7.443857730728802835e+01
