LEM/sinusoidal_perturbations/elevation_000118.asc
nrows	100
cellsize	150.0
xllcorner	0
ncols	100
yllcorner	0
NODATA_value	-9999
[rows 17 to 33 of 100, columns 37 to 73 of 100]
1.702863499587460794e+01 2.552044244445988852e+01 3.688778759038302013e+01 1.950664424102547656e+01 2.016829030929038069e+01 4.055621011590250902e+01 4.205674273730980417e+01 4.276973214501813203e+01 3.419778341527285193e+01 4.032021845391551551e+01 2.639751625912884236e+01 4.652397822646972969e+01 3.040877699951432689e+01 3.185683324141949768e+01 3.339123575259490906e+01 3.494805036163993606e+01 3.652684924327606808e+01 3.825049172836527589e+01 3.999573729975165293e+01 6.010826844399566937e+01 5.675914030490899620e+01 7.683798473717145328e+01 6.435607456339521093e+01 6.660043136764844007e+01 8.410882825803284391e+01 7.795321279988425545e+01 9.614939231993433566e+01 9.691780475636046788e+01 1.046343986078143331e+02 1.077665477419831461e+02 1.128424909571121333e+02 8.992464449908186452e+01 7.207289268552796102e+01 9.431182531013253367e+01 9.138278550132511668e+01 7.029604555594060855e+01 8.150853267732813379e+01
3.606309205363041315e+01 1.793148910409252395e+01 1.857784407952331307e+01 3.655358420296497002e+01 3.974284296107170178e+01 2.111551188461914919e+01 2.178315169526222661e+01 2.245129426702525777e+01 2.311155028790532384e+01 2.447707219226740705e+01 4.469453762434619648e+01 2.838457750284183945e+01 4.866982357860851494e+01 4.360727351811074470e+01 5.366684284168413654e+01 5.520160195721734198e+01 4.243585434386925215e+01 5.842133271452825483e+01 6.010826844399566937e+01 4.261679271008788561e+01 6.263921723497905703e+01 6.715523862365424179e+01 5.032208207242663178e+01 7.023845640144814695e+01 6.473393525775597368e+01 8.039901906254473829e+01 8.296367772349000802e+01 7.726688737291559050e+01 9.339725494466217981e+01 8.967541515708862221e+01 1.077877204129582651e+02 1.027072151139547884e+02 8.206594898096918200e+01 1.027072151139547884e+02 9.876377874955255720e+01 7.789717143527208520e+01 9.138278571853814469e+01
3.729171954617991247e+01 4.286912193416252137e+01 3.068359872257603271e+01 4.543721099226311111e+01 3.199411269548604864e+01 4.090397102329675505e+01 2.622325040623612225e+01 4.233999543872138105e+01 4.333463185780394866e+01 2.415309491791253294e+01 4.438992584750452863e+01 4.868563036983366743e+01 5.723330639837168121e+01 6.380412081555996906e+01 7.209964064033130171e+01 7.085466894299594287e+01 6.255674366397204977e+01 5.191651571651341612e+01 7.088745735662479319e+01 6.257438077567608303e+01 4.529599927320291641e+01 4.723834170665504217e+01 6.708070607644374661e+01 5.350990087859693034e+01 7.313059579982946445e+01 6.042126809183061908e+01 6.298580353144290456e+01 6.565867112302133535e+01 7.452634826339175333e+01 9.387549753867075708e+01 1.084589585588667262e+02 1.126964296433698820e+02 9.831344306031837732e+01 1.126964296433698820e+02 1.070126972663254747e+02 8.862479117593096589e+01 1.070126972663254747e+02
4.691447947911647276e+01 5.797089323687349349e+01 5.356813351676130708e+01 5.772752213481571459e+01 3.977360154871296061e+01 5.092357985546988175e+01 3.080485134036885242e+01 5.104180460132812414e+01 5.266196777960465170e+01 4.439218795846985444e+01 2.518301405995127951e+01 4.449116780530769688e+01 4.639983817812839106e+01 6.651794137483530278e+01 7.797101408910610587e+01 8.621606720128231416e+01 7.919189691963653388e+01 5.899922169999270238e+01 7.918465017877704781e+01 7.279112936219462426e+01 5.278297933515524676e+01 6.681455123194797352e+01 5.328130047963730220e+01 7.319442334333487565e+01 5.687491681518211806e+01 7.689306176912408830e+01 7.720885747844678804e+01 8.561490221202309669e+01 6.991865556056333730e+01 8.148953318688012359e+01 1.002490237463581906e+02 1.152412974050826477e+02 1.206528199999445832e+02 1.295799618585569988e+02 1.171395793273486561e+02 1.089248995032311740e+02 1.170724438498910160e+02
5.383002415226974335e+01 6.636902710441890463e+01 7.015870191768749464e+01 5.283632722034800366e+01 5.766666694159238915e+01 3.845241404680591302e+01 5.112778101264492392e+01 5.939271554197200942e+01 5.972522385634829334e+01 3.980244704214246099e+01 4.538674528597771740e+01 2.621082951980340070e+01 4.653779581246519825e+01 6.368504290831790371e+01 5.776759989356420277e+01 7.797101408910610587e+01 8.746071003538776267e+01 7.066773559184983355e+01 8.746071003538776267e+01 8.113265424492702493e+01 6.273729721917466406e+01 7.754435265337320971e+01 5.773959551262826295e+01 7.768860540726768704e+01 7.705756415427249806e+01 7.711287864713162321e+01 9.692762988698846982e+01 9.168045635720365283e+01 7.308868386374389559e+01 9.287807899478163165e+01 1.001496667672745673e+02 9.936572031831529728e+01 1.091787075649728536e+02 1.199442178728577773e+02 1.306720453283134589e+02 1.259917999544571217e+02 1.064886714095896423e+02
3.734655306267907804e+01 5.655228412707978691e+01 7.712352147868634233e+01 6.875670991888442529e+01 6.506202362010233742e+01 4.500913422395537111e+01 5.508542485225031982e+01 7.489605492341753745e+01 6.748348665524740397e+01 5.916888437922581545e+01 4.713047749296575262e+01 2.693913977678693428e+01 4.727716498481807150e+01 4.344538325114734789e+01 5.513941816507476545e+01 6.946166753664815019e+01 8.959499764936933275e+01 9.083611783935009498e+01 9.904614865414855274e+01 9.105010382406236147e+01 7.700389676242275527e+01 8.583049213455571191e+01 6.659564443932237054e+01 6.645907019813223826e+01 8.284682747487011056e+01 9.949397123430132694e+01 1.102852010035065575e+02 9.942458336251449680e+01 7.978502904093495829e+01 7.843922585748956067e+01 8.288901840455353920e+01 8.782407607710159425e+01 9.310048983271262557e+01 1.043943421356864576e+02 1.230268521969291413e+02 1.247457197787005754e+02 1.148707734573645070e+02
4.239056463677466269e+01 6.257644465119246036e+01 7.326130770977259488e+01 8.072828211062474679e+01 7.209061938306760453e+01 5.221074847868002422e+01 7.209061938306760453e+01 8.288887348755648077e+01 7.096793270054789105e+01 5.316891053136892964e+01 2.789586780394582632e+01 2.963877439457476015e+01 3.409902333404915709e+01 5.414397584662491170e+01 6.347520954109241842e+01 6.851746214631886289e+01 7.430614671896388757e+01 8.094075090396184180e+01 8.934024837515075035e+01 9.858438295123778516e+01 9.696496631026560920e+01 9.469710037917045042e+01 7.823468979817747027e+01 8.053128619601298510e+01 7.794388430586670324e+01 8.949192517530356383e+01 1.090372950385491180e+02 1.067484836135925121e+02 8.737134693757255377e+01 9.802759822486133601e+01 8.990256199954636429e+01 1.070386810999407459e+02 1.122693674973922953e+02 1.035819636350124284e+02 1.222453868090567255e+02 1.165101533582002133e+02 9.686788999452492988e+01
5.098790267411386878e+01 5.777887973961313151e+01 5.227264331218842131e+01 7.326831729302098495e+01 8.009374429122487982e+01 6.380408556794046859e+01 8.009374429122487982e+01 8.299638374453752476e+01 6.286683963620478011e+01 4.120614932904617689e+01 4.868082043591967079e+01 2.876040181712726707e+01 4.736725416248972920e+01 5.619979666826382925e+01 4.278747681253663160e+01 4.774389449489252257e+01 5.343474767480479670e+01 5.996029030568301721e+01 6.935186269368765011e+01 8.432670686955859196e+01 1.047766563996005686e+02 1.060544836679126490e+02 9.803234285621631727e+01 1.002819744804829583e+02 9.775279524040072943e+01 1.057891835366004472e+02 1.170315622612922226e+02 1.144902188877456979e+02 1.012431468438465743e+02 1.067484836189556461e+02 9.970563853998530135e+01 1.168631988093529799e+02 1.298863362595089086e+02 1.169022542749792848e+02 1.222453868090567255e+02 1.247506798388170353e+02 1.148752157967469003e+02
3.463152782700344545e+01 3.759168949770064216e+01 5.782647945851782367e+01 7.064147891114046729e+01 8.067948823814023740e+01 8.341023508386108176e+01 9.133194643334073248e+01 7.465512012908624229e+01 5.423721938153214950e+01 6.286650972414017957e+01 4.954241824436758179e+01 2.935936887378707638e+01 3.853764524448183693e+01 3.619894757849769462e+01 5.676549387951732939e+01 6.239835707779114671e+01 7.430614671896388757e+01 8.094075090396184180e+01 8.934024837515075035e+01 9.858438295123778516e+01 9.919297607477327006e+01 9.358267902823212125e+01 9.358267902823212125e+01 1.018299072508462331e+02 1.077549727943226401e+02 9.912409509147727249e+01 1.018580939458904737e+02 1.104712277673998813e+02 1.200395423268553259e+02 1.254501663431543221e+02 1.185475696906358678e+02 1.185475696906358678e+02 1.370354769409671860e+02 1.351448498383835215e+02 1.405465433610713433e+02 1.304288094589056470e+02 1.205683104321317671e+02
4.482844272600154056e+01 5.782647945851782367e+01 4.218253141248737847e+01 5.228724374154879229e+01 6.648654287012291775e+01 8.659713241523898830e+01 9.485554165410611915e+01 7.465512012908156692e+01 7.465512012909238138e+01 6.827217450090989814e+01 4.908341691962516506e+01 4.792813870019860190e+01 3.029679023958708584e+01 5.126282372239998608e+01 6.529483580053482683e+01 8.315651240056381255e+01 8.185011581654441670e+01 8.166586849904325618e+01 9.004153099924965886e+01 9.332700078222542572e+01 7.904148158651554468e+01 7.328678293922730802e+01 7.328678293922730802e+01 9.358267902823212125e+01 9.563978659313112018e+01 7.807894846259556232e+01 8.080834541886231648e+01 1.018580939458904737e+02 1.057350067305480508e+02 1.115430265979250635e+02 1.168232316774768975e+02 1.249900037287512191e+02 1.229980967124351423e+02 1.229980967124351423e+02 1.311241127359234326e+02 1.221564120659785857e+02 1.025391065480447850e+02
5.908119889371276656e+01 7.064201458635341169e+01 6.233204834642565118e+01 4.727130524107324305e+01 6.735229571996933373e+01 8.463983860079788712e+01 9.468738056703850248e+01 8.312857642277134573e+01 7.303794931433836268e+01 6.457486367688032658e+01 5.220401900319389199e+01 3.134986185851817453e+01 4.891615981226995302e+01 5.024966106805657517e+01 7.000720369853813452e+01 6.985612939181415015e+01 6.151217359851010968e+01 6.151278729056598138e+01 8.166586849904325618e+01 8.454274596433059230e+01 6.616319500107519502e+01 5.872192420445288974e+01 7.923131327343938324e+01 8.485938308311575895e+01 8.697326715686511989e+01 6.614978068898993513e+01 8.633697192209848481e+01 9.695423552296408332e+01 8.558148296706050928e+01 9.148431341258178406e+01 9.688699781411037293e+01 1.141805651225763683e+02 1.032814966837592578e+02 1.032814966837592578e+02 1.229980967124351423e+02 1.304288094589056470e+02 1.205683104321317671e+02
7.917568550371262859e+01 7.386620457023383324e+01 5.378898958626975713e+01 6.735229475769961027e+01 5.624495345200352148e+01 6.626864042764570684e+01 8.640800921785351818e+01 7.471311407748979150e+01 5.458797306005915573e+01 4.494401171371513470e+01 3.829886546557099081e+01 3.212611577426545040e+01 5.244429742213519319e+01 6.112777962379536234e+01 5.648416833911680612e+01 5.087988499300777079e+01 4.725007473519264067e+01 6.741548308427380221e+01 7.211004311921702481e+01 6.207987015748732773e+01 6.495838715775958860e+01 5.212605961555838263e+01 6.861214705039171236e+01 6.461103328076316643e+01 7.251113836429779269e+01 6.008331381480910238e+01 7.054615061678570953e+01 8.234148057845428070e+01 7.110031664438535870e+01 8.028423783706021766e+01 1.005453648914625546e+02 9.426169888072629988e+01 8.901994413787575411e+01 1.007086085111733951e+02 1.147295362170081461e+02 1.342931604019165377e+02 1.333977971631866524e+02
9.298111033933783176e+01 7.284679319814581788e+01 5.863233917057685574e+01 7.874399731722962770e+01 6.782839779288964621e+01 8.463983860079788712e+01 9.468738052972265962e+01 8.312857640904525169e+01 7.303794931433836268e+01 6.457486367689138262e+01 5.802209338985967690e+01 5.253307617423789111e+01 3.325513508894182024e+01 5.366255122871806549e+01 3.601842330593705555e+01 3.700460524820061181e+01 5.736046945413312415e+01 5.975647429619507989e+01 6.012415488054688950e+01 4.304109010499515620e+01 4.485281052341709795e+01 4.666391389875920481e+01 4.856452086014109426e+01 5.048360409169163177e+01 5.241964620782367490e+01 5.438138121276973180e+01 5.650419746743071414e+01 6.200758726677422317e+01 8.236831292721710440e+01 8.748858223619428998e+01 9.243670356975064806e+01 7.983173602341098274e+01 1.000957997294164556e+02 1.117856921098427705e+02 1.117856921098427705e+02 1.314330678503997376e+02 1.302685743980843824e+02
1.002577511381001898e+02 8.433607877192062574e+01 6.417354539744411568e+01 8.433607873256535470e+01 8.796310505446456318e+01 9.623815928534502007e+01 9.362401221729177792e+01 8.197757167975551340e+01 7.366804743895934848e+01 6.464279527074394593e+01 4.442219814846013293e+01 5.486827497805539622e+01 3.467334046122091706e+01 3.463108002945845243e+01 5.483300010883743880e+01 5.733060538812402740e+01 3.842771226031255338e+01 3.945900798041432012e+01 4.049836424043290606e+01 5.876237891258594459e+01 6.467321977076230155e+01 6.672644219511175834e+01 6.007994048350899163e+01 7.054163763003494125e+01 6.657320151791267904e+01 6.858490273962051731e+01 7.609157384507497568e+01 5.988139338033095527e+01 6.242456723697159049e+01 6.706358660655416770e+01 7.203507666312169988e+01 9.243670356975064806e+01 9.915320441132470819e+01 9.181197528915507178e+01 1.117856921098427705e+02 1.226096860867072138e+02 1.244319462914092043e+02
9.201245872207150001e+01 9.071989497359095367e+01 7.053249561242792254e+01 9.071989497359095367e+01 1.058780491338145850e+02 9.584512925257318727e+01 8.537807558318371548e+01 6.509571062756064919e+01 5.346469515073012246e+01 4.966490470300391991e+01 5.957275713058759692e+01 3.933388562930610277e+01 3.621546382044792978e+01 5.501582664968564984e+01 6.114247354775501719e+01 4.593597719835429416e+01 5.875268527698766263e+01 5.975647429616248019e+01 6.076231367485193857e+01 4.231508703992378884e+01 6.251052886768331973e+01 7.244985130183205513e+01 8.042632081792166332e+01 8.888663481005599465e+01 8.684658603135930832e+01 8.890815397981880608e+01 8.055798331871861251e+01 6.954314433457641087e+01 8.280276681532816951e+01 6.694457971850299316e+01 7.045065811210825757e+01 7.434424200667761795e+01 7.885457960730224158e+01 8.437339225708522861e+01 9.460042994485604595e+01 1.087463890250009797e+02 1.283482502665045786e+02
9.115510113802157832e+01 9.833327552414084494e+01 7.819016395088988247e+01 9.833327552414084494e+01 9.772176003830881541e+01 7.750066640130613393e+01 6.728395155388443527e+01 5.964291899254916274e+01 7.366804743895934848e+01 6.984997276432443414e+01 5.587558635584633748e+01 5.802326581171067232e+01 3.773258084295705572e+01 5.802326623922775894e+01 7.358590383400711232e+01 6.021582846438302994e+01 5.454047461430833010e+01 7.472261416190785610e+01 7.084614371645389497e+01 6.251052886785949170e+01 4.413520933596583262e+01 6.375419290591295152e+01 7.396153946792153988e+01 8.047432164365152119e+01 8.930039587286829317e+01 1.031012874655492340e+02 9.732247604980329925e+01 8.256916125253162875e+01 9.562403233641977351e+01 7.721952417173068284e+01 7.967041893480894998e+01 9.472368133189894479e+01 8.734124752149799065e+01 1.045440356018079200e+02 9.460042994485604595e+01 1.061942777039545973e+02 1.258165865574432161e+02
9.940266904472807141e+01 1.065726896622374511e+02 9.248677844025506545e+01 1.065726896622374511e+02 1.058780491338145850e+02 9.584512925257318727e+01 8.556843734947496216e+01 6.523238228939652572e+01 8.556843734947496216e+01 8.440765066525386828e+01 7.609817907177506413e+01 5.962103227861990717e+01 3.927948770482188223e+01 5.362491826599028144e+01 7.335414990894315679e+01 8.036250416252903506e+01 6.463313601043152801e+01 6.732461666731377647e+01 8.745278656122059147e+01 7.259962652052332999e+01 5.939533416225187779e+01 4.595626634680589717e+01 6.603754404179598225e+01 5.895132100340138948e+01 7.084951898336616694e+01 9.561837309814400498e+01 1.120890337486798671e+02 1.045778518115632210e+02 1.057453325222436717e+02 9.166753729043146848e+01 9.149122078529200053e+01 1.081382260630578998e+02 9.905578600156961500e+01 1.155828499713191775e+02 1.061942777039545973e+02 1.226096860867072138e+02 1.339346426546874795e+02
