LEM/sinusoidal_perturbations/elevation_000109.asc
nrows	100
cellsize	150.0
xllcorner	0
ncols	100
yllcorner	0
NODATA_value	-9999
[rows 34 to 50 of 100, columns 0 to 36 of 100]
2.064481644892168701e-03 3.246492904260136481e+00 6.534472650367268542e+00 9.964444353217475125e+00 2.996444435322311861e+01 4.383931665030438296e+01 5.091038446217214641e+01 5.919465571096898060e+01 7.074166109552091086e+01 7.067923975887431709e+01 6.251849002433315405e+01 7.067923975887431709e+01 6.160828558798607446e+01 4.022839350728858676e+01 4.329508996547793487e+01 2.437268646687203955e+01 4.120656609698536244e+01 3.722351086577919688e+01 4.512700119529625908e+01 2.955736506603135538e+01 4.383568008255018356e+01 5.570059846526805813e+01 4.412345639506229844e+01 5.846825646511437213e+01 7.859522872828182471e+01 6.517097476505323073e+01 8.521715738674757290e+01 8.647652756349934577e+01 8.647652756349934577e+01 8.817643569283585236e+01 1.081668113080976923e+02 1.137743889659758452e+02 1.055110877463608290e+02 1.050130667092484487e+02 9.915660005399412569e+01 1.050130680510169299e+02 1.103326514700068088e+02
2.905961989428186391e-03 2.000290596198907167e+01 2.653447265036691149e+01 2.410657997694817567e+01 1.780908975874497457e+01 2.383931665030035418e+01 3.091038446216595403e+01 4.245738984595887899e+01 6.245738984597351617e+01 6.071361769328078140e+01 4.249220399358058131e+01 6.071361769328078140e+01 5.684511192709337735e+01 4.354770973483692131e+01 2.431533473930835854e+01 1.916905597979468467e+01 2.106852641265508908e+01 2.298278128668453846e+01 2.496123527655849728e+01 2.750450793036381114e+01 3.011056597052451167e+01 3.548183495770409479e+01 5.573300753618725167e+01 6.446279644103186968e+01 6.815578809823381334e+01 5.752048575933011421e+01 7.764041257077633418e+01 6.645025850869495798e+01 7.404298660615499728e+01 8.817643559397909314e+01 1.081667630759551741e+02 9.634550124777672409e+01 8.796827412106007671e+01 9.634550124777672409e+01 9.629653738015207409e+01 1.046685305702629449e+02 1.002315537441525635e+02
3.542675937824442140e-03 1.414567829966864920e+01 3.414567829966793511e+01 4.410657997665508390e+01 3.780908975874282874e+01 4.383931665030438296e+01 5.091038446217214641e+01 5.919465571096898060e+01 6.542308243849974758e+01 5.250534700895684637e+01 3.232947367392790028e+01 5.250534700895660478e+01 4.850683388256330630e+01 2.831072123916732508e+01 1.664025877376332829e+01 3.684695105511105595e+01 4.122674230550507701e+01 3.196816099696553337e+01 4.512700119557243283e+01 4.176876042801966094e+01 5.032165476509235447e+01 3.443966162358881888e+01 5.468866812644782271e+01 4.420827074145617530e+01 4.792844171930060782e+01 5.273812332674747694e+01 5.782992983107693874e+01 7.207603467725539304e+01 9.208762926366598833e+01 8.783024702312695808e+01 9.619580376181473014e+01 8.621910166526596697e+01 6.770371799258521150e+01 8.621910166526596697e+01 7.604258153028939660e+01 9.298203581178813693e+01 9.188193867590221942e+01
3.411803931810562015e-03 1.857558009332412041e+01 3.656982608595863127e+01 2.985931670866377985e+01 3.866065138523229194e+01 5.114144697296699604e+01 4.545997623472054983e+01 5.110698285692738807e+01 4.610560509120384864e+01 4.578001841912561787e+01 2.578689196345363754e+01 4.575243396888313185e+01 4.113061392058897070e+01 3.277697585717552187e+01 1.491634055862582287e+01 2.662217344916570383e+01 4.708893713286463623e+01 5.217819094323201767e+01 4.847353932305626500e+01 6.198689593424210642e+01 6.262232175300353276e+01 4.613518259602848559e+01 3.913191560988612139e+01 5.349150612709023278e+01 6.815578814839305721e+01 7.291045265992588043e+01 7.793729502925903319e+01 8.622357687350603328e+01 8.450473454585957711e+01 6.755864963516449961e+01 8.450473454585957711e+01 7.783599605682262279e+01 5.753482581244509220e+01 7.289444866318528682e+01 6.432325970692090777e+01 8.460291051807909923e+01 8.513435857957648523e+01
3.327314952832964925e-03 2.000247169709569306e+01 2.164815955308649720e+01 1.112507127447337574e+01 2.925091501225429980e+01 3.173242320098326630e+01 2.604632822252355595e+01 3.172625356612529757e+01 3.199002485758636638e+01 3.562657606044002989e+01 2.036016142193951950e+01 3.231101822286689185e+01 3.044598180793612840e+01 1.252404893710658840e+01 3.277717459378975207e+01 4.350041427791112625e+01 5.509657871043643951e+01 7.025371309380598461e+01 6.866200032776011142e+01 7.697879176129080747e+01 7.433293462853508515e+01 6.619491020938450276e+01 5.939916451843213707e+01 6.772623284222198947e+01 8.196095365161286850e+01 7.946759178400358792e+01 7.946759178400358792e+01 8.800492474059116432e+01 7.612643481428304426e+01 5.579796307497399965e+01 7.612643481428304426e+01 7.065844848391158450e+01 5.029042658337700544e+01 5.254523410288110341e+01 6.695628766165233969e+01 8.723043748864137115e+01 7.929074371962664713e+01
6.779948344387334673e-03 6.807447018261008065e-01 1.354976968930914349e+00 4.799713680016997053e+00 2.229651246103637519e+01 2.380705103186085125e+01 1.194933944538480475e+01 2.561493205004082085e+01 2.587375910994169104e+01 1.550571218170388832e+01 2.741470458760475637e+01 1.298424727368489329e+01 1.018390991360694997e+01 3.044597679459884532e+01 4.113265078608918657e+01 5.439625946118545841e+01 4.385094514857129155e+01 5.238005190061824834e+01 6.050778963522912335e+01 7.496838831328089725e+01 6.910307050976462051e+01 7.336564567312555596e+01 6.748098368101351241e+01 7.299371548435549073e+01 7.284338596930132326e+01 5.768184781539550698e+01 5.768184781539550698e+01 7.946759178400358792e+01 6.893923470527087716e+01 4.852492210426652264e+01 6.893923470527087716e+01 6.421751442012357813e+01 4.373979103769635657e+01 6.421751442012357813e+01 8.128213946017737612e+01 8.449219302037001000e+01 7.405657826643097508e+01
9.516927588586143695e-04 1.063079840569782419e+01 2.081797097805307573e+01 2.307474155275512917e+00 2.975602487929971840e+00 3.637841749373402322e+00 4.298817764044285283e+00 4.970757056629331316e+00 5.682018742721415272e+00 6.407462693587559599e+00 7.141064681085635968e+00 7.873993363087550712e+00 2.815269928133275812e+01 3.015065021269623813e+01 3.681454117801624193e+01 3.714723858909590604e+01 3.009862845382996355e+01 3.265390886019196159e+01 5.239264050299989606e+01 5.514705146325650276e+01 4.936627909866104602e+01 5.372587605446953063e+01 4.802832392393788297e+01 5.228379315880774669e+01 5.348383630736594085e+01 4.162149134881495627e+01 6.406274449060691722e+01 7.173611405647253036e+01 6.278408786431123190e+01 4.225173262884087677e+01 6.278408786431123190e+01 6.003711875869315406e+01 3.944573881390858361e+01 6.003751663838969677e+01 6.539133183567406604e+01 6.496573227884840662e+01 6.913175198724839277e+01
1.945935296826602993e-03 1.141349407087971635e+01 2.410249712832928992e+01 2.939684850849450370e+01 1.516323008324793875e+01 2.380707679181464442e+01 2.380597327170990951e+01 7.655132529570283673e+00 2.586675881043471747e+01 2.674271335849994458e+01 2.742191223407743550e+01 2.697445287177679063e+01 9.037766468599818026e+00 9.865645247421873876e+00 2.765818059864612621e+01 3.173063800109575183e+01 1.885201402361241207e+01 3.840668546471512457e+01 5.404434096320800762e+01 5.514701412001597447e+01 3.580241968838651445e+01 4.397848156701462585e+01 3.523641076929736471e+01 4.620670112529177942e+01 3.140197457070503617e+01 5.025379565770874279e+01 5.191428142854609007e+01 5.191431751004368778e+01 5.729658510393589665e+01 3.664093744526168450e+01 5.729656181401205828e+01 5.607315348325639093e+01 3.536638675896844575e+01 5.378567030125089588e+01 4.507456914061188513e+01 5.737091457874635836e+01 6.062800467799304727e+01
5.600688922766023682e-03 1.994189810272413155e+01 3.631394416346528686e+01 4.384942786267590975e+01 3.650144140420324135e+01 3.148711096617883243e+01 1.170475022047427061e+01 2.757309698897373451e+01 2.038523467432335323e+01 3.994083896559504154e+01 3.801618548456626456e+01 1.803212709556112259e+01 2.931805801798817868e+01 2.955612756568189425e+01 1.104254723223376367e+01 1.188100146688058878e+01 1.272558554853346635e+01 2.704585179531684247e+01 3.506425792067427238e+01 3.615912429452682630e+01 3.686628407353265402e+01 2.501669528575538948e+01 3.867912659387458518e+01 2.378057425125605917e+01 4.276296078753401986e+01 3.656070665202403092e+01 3.372618028883991315e+01 5.149662288625425788e+01 4.607614340647472773e+01 3.156492213512644440e+01 4.878982410658489499e+01 5.019204918959552231e+01 3.145650281089594458e+01 3.301745755021147488e+01 3.461198565495789836e+01 3.732039579795986128e+01 4.007017967113250734e+01
8.215197286175309616e-03 2.000821499599161513e+01 3.645184946579315977e+01 4.645198190244040148e+01 3.553483579636454692e+01 1.591531568405623354e+01 3.148711126399869187e+01 3.950249485496609481e+01 3.994130736415216631e+01 3.994118506494416465e+01 3.801627410713359723e+01 3.214295995884702961e+01 3.154023724534615880e+01 4.061864340723012390e+01 2.528267297429261973e+01 3.239627794272576011e+01 3.309092271696208343e+01 1.394412574187722420e+01 1.482910242595727013e+01 1.571889278078602992e+01 1.662628049658705010e+01 2.005476954114429944e+01 1.889509471715648203e+01 1.962654220774849989e+01 2.040845101662859307e+01 2.129112966975658949e+01 3.795542713562831239e+01 4.392503942603685374e+01 2.543218005184371577e+01 2.672403747928601447e+01 2.807431652990995019e+01 2.944076627460363227e+01 5.019207809923979369e+01 5.378567030124412440e+01 5.535373633346475941e+01 3.752725814896924561e+01 3.962873370220672342e+01
2.613274238814250559e-03 8.167579083516146810e+00 1.816757908351643991e+01 3.816758101080678500e+01 4.352223529856799189e+01 3.553483579659344826e+01 2.029845574783700357e+01 3.972487737517909068e+01 5.220642409621556368e+01 5.923030466622550705e+01 5.808482650320408425e+01 5.219597432249032920e+01 4.259505163380318038e+01 5.780769220361109006e+01 5.095361310015345424e+01 3.812515781308071183e+01 1.997097020026314595e+01 3.428325462832092541e+01 3.478297678556985773e+01 2.054621566614491712e+01 3.679430955623668353e+01 1.782370870332874446e+01 3.852099262934406454e+01 3.863370692395545802e+01 2.364044693222651006e+01 4.120852792712878454e+01 2.263726868297608519e+01 2.361358243349475927e+01 4.421163137887442929e+01 4.740263059535645596e+01 4.878986942266242011e+01 3.949128487513016950e+01 4.077047286165063156e+01 6.092443544264803279e+01 6.660786624488501673e+01 5.220660713548031140e+01 6.020399426831640710e+01
7.532853315450405325e-03 1.414966847704652508e+01 3.414966847704722852e+01 4.645195662230219824e+01 5.325021053069293941e+01 3.412250094655076538e+01 3.972487737517909068e+01 2.504604276083122727e+01 4.425197708330873780e+01 5.433234930660309203e+01 5.948200420154527990e+01 6.746885664278418915e+01 6.238696543745688672e+01 7.069572639576196593e+01 5.925696310257968236e+01 3.869097134363077117e+01 2.438799036906018003e+01 4.470413005190373212e+01 4.539416552118952808e+01 2.545286296332702847e+01 4.541102828710707939e+01 5.014031187326595784e+01 4.643981780465272635e+01 2.824270063279435661e+01 4.227349404050836057e+01 3.621659303534222829e+01 4.488176970537023891e+01 4.421173526085510730e+01 2.576350900102901065e+01 4.641296466622176098e+01 5.710706500062966740e+01 6.151871715575801147e+01 5.477810197300762241e+01 5.725323544950987298e+01 7.726551176692136380e+01 7.260883169614002952e+01 6.350817784511188080e+01
6.101047412966256744e-03 1.155310643120201775e+01 2.569524205150026575e+01 4.569523793347985219e+01 6.125969443850624430e+01 5.325021053069293941e+01 5.146428668742903056e+01 3.269427714180537947e+01 3.048803285754264536e+01 3.548713769065196288e+01 4.075240081946347459e+01 5.391656467949658094e+01 7.291816377624245149e+01 8.094763219618575079e+01 5.717673426772859813e+01 4.117536991675111580e+01 2.926413495841838497e+01 4.970801088329294259e+01 5.142029133454163770e+01 3.150543008753214735e+01 4.180863925668614911e+01 6.146570432677498985e+01 5.003391046591391955e+01 3.140801030520790604e+01 5.003392611139165780e+01 5.559888436180007432e+01 5.555944713330210760e+01 5.488402104518720392e+01 4.641298140648378023e+01 2.794190927218024001e+01 4.864543983598699839e+01 5.939385064109144707e+01 7.481380641960014088e+01 7.726551176692137801e+01 7.614019631871676097e+01 8.451899512740185116e+01 7.523049814733610674e+01
6.842009524227352091e-03 1.414897763325530278e+01 3.414897763325600977e+01 4.677474958195565335e+01 5.506048290963378378e+01 6.708662138223783700e+01 4.872085507178371699e+01 4.589771615997486265e+01 4.950293245598146541e+01 3.950897009316923914e+01 5.841560615617672170e+01 5.000971569146457085e+01 6.055413273439839372e+01 7.900561248701532691e+01 7.048218544357962401e+01 4.970801088329294259e+01 3.563343194485898380e+01 5.621715593792330168e+01 5.802191879027362376e+01 3.821703643356773483e+01 5.802191879027362376e+01 6.942060452516459179e+01 5.353850689937449658e+01 3.460719343805097736e+01 4.773191043513984511e+01 6.755700548090061375e+01 7.531067901634496309e+01 6.165913301399280755e+01 4.108278226386504173e+01 4.864550613830287773e+01 3.020160459517181550e+01 5.094302870154415785e+01 5.850337278568261468e+01 6.175179847875207884e+01 5.579195110155430370e+01 7.614019692771623227e+01 9.546833086386671141e+01
1.934550753332892102e-03 2.000193455075297777e+01 3.412502068509272846e+01 2.674527300190814216e+01 4.084974383179953605e+01 6.091715622850830414e+01 6.682110316725038501e+01 6.490317675071507608e+01 6.558624120246206246e+01 4.661452409274899367e+01 6.558624120246206246e+01 6.066973740043807339e+01 7.671117845754551468e+01 8.695119666302655048e+01 7.093914441251578751e+01 5.011910864665507859e+01 4.743059237863253941e+01 6.486063622412338248e+01 6.597376116925487111e+01 4.828162738186307479e+01 6.597376115282619935e+01 6.893730935846009800e+01 4.895028417073145732e+01 3.803251204814579012e+01 4.895028417073145732e+01 6.893730935852430264e+01 8.201067998053153474e+01 6.165913301399280755e+01 6.165913300842394307e+01 5.286965207550814227e+01 3.211928360586007614e+01 3.465399986180323566e+01 3.787059000610663162e+01 4.120695196025167917e+01 6.175179847875208594e+01 7.525010657990992513e+01 8.432640932092093067e+01
4.364784840791047053e-03 2.000374765302338531e+01 1.409732613642653476e+01 3.143159999166058327e+01 3.601789776965208034e+01 4.101585947555645362e+01 4.609468162704036587e+01 5.596851118761555455e+01 6.598492352449544285e+01 5.745227697929900046e+01 7.366588624198770674e+01 7.966650139754257509e+01 8.777813573473612507e+01 8.321713437488644161e+01 7.960216380159212690e+01 7.093914441251578751e+01 6.821982497189516437e+01 7.688558771638024325e+01 7.564991050560124108e+01 6.776221019879557161e+01 7.564991045335349895e+01 7.734333656000028157e+01 6.204779766316814715e+01 4.221851751341738179e+01 6.204779766316814715e+01 7.734333660548816169e+01 8.345950170761835807e+01 6.598649358117062036e+01 4.553224216287137693e+01 3.972632577882927052e+01 3.407971891090534911e+01 5.481134701382467966e+01 5.850337278568220256e+01 6.175179847875208594e+01 4.642754192446282957e+01 5.562461992609678418e+01 6.738277743992199476e+01
5.219006137575642711e-03 3.394858693086800105e+00 7.290069591619838363e+00 1.135631726015295762e+01 1.592405726324791360e+01 2.090245171097537380e+01 2.748704266294666709e+01 3.765424324512612486e+01 5.769360519408318311e+01 7.669744296477655610e+01 8.485162201101553592e+01 7.722061748194879272e+01 6.878180792824619516e+01 6.280249993797728081e+01 7.143073968732916512e+01 7.986639144920543743e+01 8.741815156674456944e+01 7.940773813596048569e+01 8.150183032881564316e+01 8.150183032886030787e+01 8.952058624020288846e+01 8.153487909803467915e+01 6.128873936728145111e+01 4.706429428949272165e+01 6.128873936728145111e+01 8.153487909803467915e+01 7.508119794131583546e+01 5.474482075300666395e+01 6.598649204715268013e+01 5.690068722245388955e+01 3.621727420668845099e+01 5.092229884772248028e+01 7.133379351887164432e+01 7.525010657311793238e+01 6.685988399936937299e+01 5.251334709335445439e+01 6.271958087179301344e+01
