LEM/sinusoidal_perturbations/elevation_000637.asc
nrows	100
cellsize	150.0
xllcorner	0
ncols	100
yllcorner	0
NODATA_value	-9999
[rows 0 to 16 of 100, columns 37 to 73 of 100]
1.023249629650820935e+02 9.892913486383606880e+01 9.059972297968070620e+01 9.059972297968070620e+01 9.307581176688923108e+01 8.488612769781974521e+01 8.329941856126724531e+01 9.014433383533304323e+01 9.788626435996162911e+01 1.063030161418192279e+02 1.168497047369163226e+02 1.300886190690495425e+02 1.370617565045614583e+02 1.261140382130925275e+02 1.181714385946900734e+02 1.111398055629896504e+02 1.136516455079728445e+02 1.218222895383517965e+02 1.165121808848446960e+02 1.247227121378930832e+02 1.263170689330378877e+02 1.146579968897683415e+02 1.063104806511435356e+02 1.089349034986700104e+02 1.089349034986700104e+02 1.172768661971645514e+02 1.186532816977995992e+02 1.103307237861790497e+02 1.103307237861790355e+02 1.127167454359920953e+02 1.127167454359920953e+02 1.210313483485272172e+02 1.268619355314067150e+02 1.185409258555577452e+02 1.159220219161163357e+02 1.242491022829366329e+02 1.275078484299591963e+02
8.149517173051712859e+01 9.059972297968070620e+01 7.076666138440026543e+01 7.076666138440026543e+01 8.223977464071204224e+01 6.592304760653188112e+01 6.382968972484041359e+01 7.099224672582607809e+01 7.964463197000191030e+01 9.103746087959440558e+01 9.972469080336085767e+01 1.158606784905444584e+02 1.281657460445759682e+02 1.114614326652433789e+02 9.884105209957292004e+01 9.155682902998029249e+01 9.378898781212149061e+01 1.023934576751458820e+02 9.654529103829689518e+01 1.165121808848446960e+02 1.179929882176144105e+02 9.775829155267901172e+01 8.605857724376112117e+01 8.868779922489002843e+01 8.868779922489002843e+01 1.089349034986700104e+02 1.103307237861790497e+02 9.006635649981194547e+01 9.006635649981193126e+01 9.245695370299212357e+01 9.245695370299212357e+01 1.127167454359920953e+02 1.185409258555577452e+02 9.830912333292468475e+01 9.567930022076890850e+01 1.073206525230617530e+02 1.073206525230617530e+02
6.944936038400149414e+01 8.953691588478170615e+01 7.656149876628018092e+01 5.668380983461296552e+01 6.699435272185498036e+01 5.463957308157212367e+01 7.453843328688050462e+01 8.107909689366884720e+01 8.641220677536742301e+01 9.244931432237007130e+01 8.350171997266447477e+01 9.794851955874304394e+01 1.220164264094523787e+02 1.261140382130925275e+02 1.181714385946900734e+02 1.021839347404515905e+02 8.231384554948219545e+01 8.236062466797081072e+01 1.023934576751458820e+02 1.146095594478334903e+02 1.141948422920801391e+02 1.058495586783842413e+02 9.461803876728905038e+01 7.436564666684070346e+01 8.868779922489002843e+01 1.089349034986700104e+02 1.088861313269510873e+02 9.600165226071682412e+01 7.573590574918280538e+01 7.812321983524989832e+01 9.245695370299212357e+01 1.127167454359920953e+02 1.175151353578312552e+02 1.042348810961768066e+02 8.397246101128739326e+01 8.706266005339951164e+01 1.055527189828739694e+02
6.066496827432460037e+01 7.184327386123239023e+01 6.643534060938877417e+01 4.957934818975434155e+01 4.731825364962654845e+01 5.145035257636804715e+01 5.578220062460717088e+01 6.037650985717801433e+01 6.544996702761589802e+01 7.116499506939065611e+01 8.356843910888763105e+01 1.044521377866300469e+02 1.193736309534237705e+02 1.093625756141192937e+02 1.010900955417904044e+02 9.438333526646825078e+01 9.482175850470673595e+01 7.477951586266270567e+01 8.636220126449120471e+01 1.063777285996108191e+02 1.058495586783842413e+02 8.561137582601804752e+01 8.955494074217695299e+01 6.935893924047356052e+01 8.362415362739756119e+01 1.038731274302250682e+02 1.005382089925714979e+02 8.027047768634180613e+01 6.864247915899407815e+01 8.883662886887051968e+01 1.027290058381855147e+02 1.110660762536460879e+02 1.091744480176671317e+02 8.892035345181504624e+01 7.722348593093553859e+01 7.693455558423174523e+01 9.719165628823057546e+01
7.189190628175452957e+01 5.239734888745322650e+01 4.719766219728390411e+01 4.283924178846314135e+01 6.297585800837283188e+01 7.173270517100633015e+01 7.626038012032269364e+01 8.107909689366884720e+01 8.641220677536742301e+01 9.244931432237007130e+01 1.010962890051690408e+02 1.129421102700320887e+02 1.111221326080510750e+02 9.105805803410848398e+01 8.096981467486183703e+01 7.426363219537081761e+01 8.580426506595942726e+01 7.087653391674281522e+01 8.506006140909732949e+01 1.051146150058731479e+02 1.058495586783842413e+02 8.561137582601804752e+01 7.136598846165163934e+01 6.495037399745984885e+01 8.503897751902729851e+01 1.007695721963612669e+02 1.005293656716674207e+02 8.453122168405516845e+01 6.445249779029799697e+01 8.453122168405511161e+01 8.249419261271893333e+01 1.027290058381855147e+02 1.022961794728860099e+02 1.023810055466939986e+02 8.953519189594881311e+01 6.934294417953876177e+01 8.953519189594881311e+01
6.361298342308425902e+01 6.506219574834391040e+01 5.673361673797818128e+01 4.001297996101744303e+01 6.016762157967464475e+01 6.760601665372752223e+01 7.176456105964118137e+01 7.637889901634599710e+01 8.223753389837621341e+01 8.867496707343767071e+01 9.705768929970524539e+01 1.061212590808066949e+02 1.193736309534237705e+02 1.093625756141192937e+02 1.010900955417904044e+02 8.580426506596032254e+01 6.579752178135989027e+01 8.580426506596032254e+01 9.920641772686501270e+01 1.109583418179909415e+02 1.048558440726965415e+02 9.649952859828034946e+01 8.075607285764529308e+01 6.081943109463023944e+01 7.222783516160100703e+01 9.240589158806405123e+01 9.216908776489682964e+01 7.198450428516383681e+01 6.057858065677030623e+01 6.831597415774848514e+01 8.842083219041484199e+01 9.631828213793416182e+01 8.202211290320181547e+01 8.811258295641181348e+01 7.384416036612954315e+01 6.523807127049617804e+01 8.532481719486628435e+01
4.348004299293045705e+01 5.392402475769853254e+01 3.653052247810710895e+01 4.014283536798834007e+01 4.383918660194114381e+01 4.774559743840037385e+01 5.182088509913857877e+01 5.626551332302604180e+01 6.194255968863543416e+01 6.831802187964328255e+01 7.746048908643437869e+01 9.182988398136986063e+01 1.120346031699598086e+02 1.086489676817421355e+02 8.856523152306375835e+01 7.434382488702985370e+01 6.292028863056841459e+01 8.284095087340411112e+01 8.258859650148478693e+01 1.026930967112350572e+02 9.649952859828034946e+01 7.631797575725842364e+01 7.733696669668839263e+01 5.755946346692071813e+01 7.733688102760052629e+01 9.399522335394271977e+01 9.104602825213807193e+01 7.091772393750348158e+01 5.700904965899344745e+01 7.091772572058916069e+01 9.104643097544463615e+01 8.630920175734442523e+01 6.791856553726692880e+01 7.478047920811069105e+01 5.986064810650552204e+01 7.975375624197907598e+01 9.369306668186411002e+01
3.173076285189988965e+01 3.368568573427335622e+01 4.803364222995176647e+01 6.007572701066905552e+01 5.523070694468897557e+01 6.760601665372752223e+01 6.583677929263980388e+01 7.043347153201062838e+01 7.265509478832014167e+01 8.867496707343767071e+01 9.705768929970524539e+01 1.061211880570257193e+02 1.157569176261853983e+02 1.075069471783788799e+02 9.164960837644798630e+01 7.155518516169480847e+01 6.021401132971026726e+01 6.628097065874200666e+01 8.457792354299662918e+01 9.343571554720736572e+01 1.017440285109203728e+02 8.222901572951907667e+01 6.228171736016007287e+01 5.445525729710206519e+01 6.562720574706774812e+01 8.563984688370956633e+01 8.997401204072103553e+01 6.843210396554701447e+01 5.396403544172898847e+01 6.941905184315527322e+01 7.753601848939868546e+01 7.449819074005823438e+01 5.831620909556624355e+01 5.507906972665030310e+01 7.478047920811069105e+01 8.811258295641181348e+01 9.731479356332822306e+01
4.931080820668575626e+01 5.392402475719967470e+01 6.225342605620861036e+01 7.647321008628185268e+01 7.525391463737486220e+01 8.363814283675969818e+01 8.607549219632387860e+01 9.073220746357206679e+01 9.294831267813144393e+01 1.013362714049092830e+02 1.161055940702271130e+02 1.159552862435150047e+02 9.588370172086527532e+01 8.737487977108060022e+01 9.999655653076979434e+01 8.834861380961893929e+01 7.627966235057256483e+01 5.657626505734819489e+01 7.627978472314920566e+01 7.336795978440657962e+01 9.343571554650615951e+01 8.272074650123978756e+01 6.280466240369668185e+01 5.158438108258972221e+01 6.733470350374766156e+01 7.559949010099823852e+01 8.117781071090888645e+01 7.267112014612534665e+01 6.941756752443274081e+01 4.976239441147849618e+01 6.535802639874104614e+01 5.534602997318646089e+01 5.054169065710308217e+01 7.013788966255505386e+01 8.311573405405218296e+01 8.536421720765450516e+01 8.262568187364776406e+01
3.366750200013147776e+01 5.389286954534125584e+01 5.864745878276825408e+01 7.874489615480044336e+01 7.530315889632426263e+01 8.110381636674917161e+01 8.780984377212189429e+01 9.618637822141998583e+01 1.062806604121932708e+02 1.161055940702271130e+02 9.595891247946158842e+01 9.965589743432749970e+01 9.405103031537528580e+01 7.573372307106694734e+01 8.425434542587352382e+01 8.040137150542216204e+01 7.380903285122529667e+01 5.416336588913789285e+01 5.941838722442155074e+01 7.599633450671856849e+01 8.865896296460164194e+01 9.107210369796328564e+01 7.837859936059628296e+01 5.893540361017079476e+01 4.729826357534347636e+01 6.361204915506921509e+01 6.140409183125215264e+01 5.518571058709132160e+01 6.381207624244450471e+01 6.300079870747307353e+01 4.561078882851870020e+01 4.630207213589577009e+01 6.600618372460972694e+01 7.009036779508517157e+01 6.851405724358200189e+01 6.374091390960796133e+01 6.366433640405310967e+01
5.389286954534335905e+01 3.848468138173571162e+01 5.864745878280155011e+01 6.771257116416579436e+01 5.522035780603095390e+01 6.100975694924810000e+01 6.769176155600354150e+01 7.772971885896774324e+01 9.788996868527603112e+01 1.139057538494524948e+02 9.375341364531352895e+01 7.945506147103505157e+01 7.385687796547712480e+01 6.886559231378986112e+01 6.423493033846369826e+01 6.051238321541891452e+01 5.694492233782487034e+01 5.342749409062772514e+01 5.076716166087954463e+01 6.333004561628010265e+01 7.544535300892135865e+01 8.406570655101545242e+01 8.648887800214984622e+01 7.525686000001029186e+01 6.358934284805438608e+01 4.330301126273565160e+01 4.270734839185060139e+01 4.334456601864604153e+01 4.399314765155950369e+01 4.465587973155968626e+01 6.446242124714756017e+01 6.600595949841452637e+01 4.729044121548589175e+01 4.798720677978513294e+01 4.867852443840730814e+01 4.936362124855552480e+01 5.004411113432497160e+01
6.696077886765496601e+01 5.864745878280155011e+01 4.373103526876697345e+01 4.762263506133407986e+01 6.771251946960127555e+01 8.110380343695469207e+01 8.780984377212189429e+01 9.618637822141998583e+01 1.062806604121932708e+02 1.139057538494524948e+02 9.375341364531352895e+01 9.375710292674449420e+01 9.405195019741384499e+01 8.900169810998981745e+01 8.425434542403672822e+01 6.622119096008314898e+01 5.885451467015340654e+01 5.350839143366179940e+01 4.846494276181980609e+01 6.558575577281636981e+01 5.567212356036328913e+01 6.976230282832884200e+01 7.881016114674108053e+01 6.862561567122972406e+01 5.923130685534645323e+01 4.181387223325153002e+01 6.168160153679714597e+01 5.740046508531118974e+01 6.377457050741686828e+01 5.144394382807340804e+01 6.978548978859832630e+01 7.233540704769949059e+01 5.202188818099169509e+01 5.522641161156860790e+01 6.807927812566502723e+01 6.915777309055732758e+01 6.849923041057715523e+01
6.096983627477546719e+01 7.214588895370778232e+01 6.384322665569658284e+01 6.181612772112227816e+01 5.766781184527523152e+01 6.663748360795590031e+01 7.822945451864617894e+01 9.245920891910341766e+01 1.126459022278657756e+02 1.222251076725483330e+02 1.139057538494524948e+02 1.140058862919472062e+02 1.093944199407155509e+02 8.936449688507669009e+01 7.773638427668615236e+01 7.279817701599748148e+01 7.867813096528873018e+01 7.297686468384510761e+01 6.541955902726317618e+01 4.587329165988892044e+01 4.409254524877043480e+01 5.180434394327903647e+01 6.744155411233134600e+01 5.828995344289572245e+01 4.095243680724784952e+01 4.690443464759634651e+01 6.601130667140687081e+01 7.742316304278728012e+01 7.830746898648362730e+01 6.056040983333809180e+01 7.415280426890204524e+01 7.567441825601076744e+01 5.684782767118282010e+01 7.139787148832586183e+01 6.562507008085943028e+01 8.251307302209373518e+01 7.393883125152157731e+01
5.348112167450483412e+01 6.588706243073661994e+01 7.421638643949268044e+01 8.175033824980828001e+01 7.775109733849029681e+01 8.610169101910516076e+01 9.510335468593882524e+01 1.002857192338004637e+02 1.087249817219695558e+02 1.074646180985643724e+02 9.912924408926949127e+01 1.074646180985643724e+02 1.175973244007641085e+02 1.061074541904530832e+02 9.785208824324571708e+01 8.436757251704784721e+01 8.915818819378633009e+01 6.861836774358899049e+01 5.722642002882199819e+01 6.558228980351363191e+01 6.147500609901564417e+01 4.163146405486216395e+01 5.910755028485269236e+01 4.009781422281634633e+01 5.415410631673481134e+01 6.601122378723239592e+01 5.619500249400388725e+01 6.717953855207532854e+01 8.653491499024318045e+01 7.519084280091450978e+01 8.937914102433489916e+01 8.096468368969887308e+01 6.189243091517061401e+01 8.096121966850944318e+01 7.711589411369729419e+01 8.998035737493269437e+01 7.318167068024798994e+01
4.935654197192540238e+01 4.564139593148578200e+01 6.420244945990859264e+01 7.252559008701122423e+01 8.258052063061616366e+01 9.700676626856467522e+01 8.858607048209168511e+01 8.002133316513098293e+01 9.700676626856467522e+01 9.737070262670815168e+01 7.891471378307086582e+01 9.737070262670815168e+01 1.018460651197975722e+02 1.101787307899225681e+02 1.127819494191223271e+02 1.044930390525433808e+02 9.802589572432216869e+01 8.587826148736070309e+01 7.725797059606335893e+01 7.523356574078677284e+01 6.555180360317017119e+01 5.825980276933909607e+01 3.923505154278056040e+01 5.073506044906728363e+01 6.819099164472596897e+01 8.226221350034992952e+01 6.720372849794647152e+01 8.406425072677475896e+01 9.523466296308549772e+01 9.858544726368467082e+01 9.491782536550226723e+01 7.518510930260055147e+01 7.014553389561753249e+01 8.921693422529251905e+01 9.582799689457829118e+01 8.371055545786954610e+01 6.324543797008392687e+01
2.901844062500066812e+01 3.620083743528606846e+01 4.396031113370780474e+01 5.414088234364474062e+01 7.426401657617242336e+01 8.535319836954563755e+01 6.846147123309026483e+01 6.846147123309026483e+01 8.858607048209168511e+01 8.902197893617022828e+01 6.883440469747857549e+01 8.902197893617022828e+01 8.164818660517117621e+01 9.853047691326864310e+01 1.081598760309961875e+02 9.650415865767762114e+01 8.813115012548563243e+01 8.104240158928919868e+01 7.503526205871155241e+01 6.727972405996747796e+01 4.937700447058750086e+01 3.840864745819276038e+01 5.830421802811157050e+01 6.733285880768818288e+01 7.052790317896135264e+01 9.041561177414425288e+01 8.736067573051882107e+01 9.569628796402082571e+01 9.777153230571801146e+01 1.059022086670824621e+02 1.032491666774357242e+02 9.491782536550024929e+01 8.127570537935442019e+01 9.803681985721887315e+01 1.037424529928448891e+02 8.370797495259519394e+01 8.211465914782284869e+01
4.935654495549531617e+01 3.920131067945088432e+01 5.098682585523521027e+01 7.115708210964943703e+01 8.258052063061616366e+01 7.696712768834730412e+01 5.706116675446673270e+01 7.106435528988652095e+01 9.121768086831200151e+01 8.229278752327299173e+01 6.215124982390523201e+01 7.853513629729215495e+01 7.000702495236774325e+01 9.018478375387383039e+01 9.977219219128693339e+01 7.960931588027253270e+01 6.808114148520279230e+01 6.111897370305141663e+01 5.521052750165949874e+01 6.724841142253328030e+01 5.773954257708820137e+01 3.781496766218402428e+01 5.773609395280072931e+01 6.600805763356592593e+01 8.578128520009491353e+01 8.783370876137117023e+01 7.976809705830606845e+01 8.789100187092302008e+01 7.820626451787190092e+01 9.459538681538460025e+01 9.541807816370119610e+01 1.035525556886333476e+02 1.012492802732338077e+02 1.096002783510204637e+02 1.081538826669933826e+02 8.762704630877320255e+01 7.193123852801704743e+01
