LEM/sinusoidal_perturbations/elevation_000017.asc
nrows	100
cellsize	150.0
xllcorner	0
ncols	100
yllcorner	0
NODATA_value	-9999
[rows 17 to 33 of 100, columns 37 to 73 of 100]
7.663547009071558591e+01 9.668167980293496555e+01 9.467293706903859629e+01 7.542174963881728900e+01 6.492534795335622277e+01 7.793499099816047249e+01 7.405620123241527608e+01 8.360901990605542267e+01 9.165237493629976484e+01 1.027868465181775406e+02 9.597113590708634945e+01 7.354389604301341876e+01 7.073714683514000967e+01 6.259554860134091570e+01 4.700643314958363561e+01 6.845593333855158846e+01 8.510818512318908802e+01 7.683428035955260782e+01 6.317589273189570775e+01 6.893838030776809944e+01 7.648769681910857798e+01 8.670675252125978716e+01 1.063583167955435016e+02 9.966225096315484677e+01 7.978915695611790682e+01 6.822222097072653924e+01 7.034479327223596101e+01 8.704978767839062925e+01 8.288584331857514087e+01 7.958058707996953274e+01 5.963680423410980325e+01 7.091320954939654087e+01 5.238681080966645709e+01 7.231561626064913639e+01 8.194712468654714144e+01 9.087102802693038939e+01 8.242438019669515370e+01
7.443818539891383068e+01 9.449969343679971701e+01 1.027687853998527459e+02 9.159944000421823773e+01 7.793499099267090457e+01 5.974905847032346173e+01 6.365038968951005671e+01 6.504450408941856665e+01 7.551429898805932339e+01 9.466662519737300840e+01 9.151600299229876612e+01 6.784759313230168232e+01 5.228237470595566094e+01 4.566372607434588105e+01 6.431691533580125508e+01 6.707256917322841616e+01 7.043896616850865655e+01 5.611292809640223567e+01 7.683428035955260782e+01 8.944561427642709361e+01 9.653253465840155911e+01 1.046668369862165093e+02 1.144895333474123902e+02 1.032171464556522551e+02 9.210367070233550635e+01 7.877631361939194221e+01 5.908045241037096673e+01 7.196670362801883414e+01 6.293659012612481973e+01 6.939187845597795956e+01 5.851262920967079850e+01 5.104562373217858351e+01 7.091339790629695017e+01 7.464092167675102019e+01 7.395665154138146136e+01 7.482622783913124920e+01 6.310119542436339657e+01
7.551600967257505204e+01 9.106126927801874160e+01 9.384219257178159523e+01 8.533832907225067288e+01 8.591986974242117014e+01 7.289078843395147089e+01 5.501648554117343792e+01 7.289068974484342789e+01 8.731652533516754033e+01 9.536009863077380544e+01 9.112557568532899666e+01 7.202272450845887874e+01 7.252087034235910323e+01 6.439134049960020434e+01 4.430939542428877331e+01 4.743602198735637643e+01 5.041587533431674473e+01 5.626959910655399000e+01 6.669677083521460759e+01 7.886154459151426011e+01 9.896672183455098093e+01 1.074409433916102898e+02 9.922011254096074140e+01 9.521173409226634021e+01 7.599480159123329770e+01 6.512309132400709188e+01 6.999832275892273969e+01 5.248678579189753890e+01 4.902307948038300367e+01 4.961214822744246078e+01 5.020168952699370379e+01 7.001226353172636152e+01 5.216790227117862599e+01 5.296976068022338069e+01 5.379955054848795726e+01 5.463764872170171571e+01 5.548402681594611607e+01
6.249722689531530051e+01 8.276951482003846650e+01 8.191675480991641223e+01 6.456814520379947453e+01 8.191675480813837851e+01 7.002848528350477864e+01 5.217286750057967737e+01 7.002837844331077122e+01 6.858866834196180662e+01 8.731649326269887013e+01 9.185029333497688242e+01 7.420351823614618070e+01 6.353012549945546539e+01 6.341515751587261462e+01 4.338220310010486713e+01 6.348401818179807776e+01 6.165335601930717502e+01 7.670953211054472831e+01 7.102983417615180883e+01 9.150844899818972067e+01 1.071428364539337821e+02 9.604036665857348964e+01 7.951534762222408403e+01 9.604036665857348964e+01 9.210367070233550635e+01 7.378901423478320964e+01 5.469466860346658876e+01 4.818298643894465982e+01 6.785042909163119873e+01 6.939007903242206510e+01 5.697071195105035457e+01 7.585500715392799975e+01 6.949692560100568528e+01 5.674868373282773604e+01 7.367063902213666893e+01 6.900957268040643555e+01 7.526152753311095012e+01
6.708930808227356124e+01 7.087370198973646040e+01 6.237843107958126154e+01 5.290485487471568860e+01 7.320264198181119752e+01 6.727321744649329105e+01 4.929181171943326234e+01 5.606333251755764735e+01 6.858866855871865198e+01 8.731632584881415937e+01 9.906614314486861872e+01 8.235383337135164084e+01 6.413971800007918489e+01 5.001794291523656710e+01 4.246348036951818727e+01 6.263693405823374860e+01 8.208117140390299937e+01 9.020711444711901095e+01 9.150844899819443867e+01 9.972867919688727056e+01 9.678283634609508113e+01 8.784356121080986668e+01 6.819090416188156212e+01 8.784356121080986668e+01 8.781027458956036469e+01 7.462412405973198304e+01 6.640372037242077852e+01 4.757254253617569617e+01 6.726278428984127800e+01 8.393934698064238376e+01 6.637532768939225036e+01 8.391068993471930071e+01 7.940567978518051007e+01 6.065166111252878522e+01 7.953133532040692444e+01 8.981812619897459626e+01 8.436248470031790703e+01
5.414039838270037563e+01 5.404292897564945974e+01 4.257699657757230938e+01 6.232025535519427706e+01 6.752731202051009518e+01 6.131475466539915686e+01 4.658038175712661655e+01 5.707332050940321722e+01 7.523960727069318466e+01 9.116321426787479254e+01 8.327172966365584728e+01 7.415782905641069078e+01 4.638064482792970011e+01 4.120189898956203223e+01 6.116632540664436135e+01 5.661164089041518110e+01 7.676752375129147765e+01 9.216627883973124824e+01 9.989454806916219809e+01 1.025431037090323656e+02 8.279976438028523944e+01 6.887125200715865958e+01 6.132284816356776247e+01 8.002019552354083487e+01 7.239987592544358108e+01 5.973703005627556450e+01 4.667575288836085434e+01 5.127869536026412334e+01 7.024718752261506438e+01 8.579965070461898335e+01 8.557858890789779593e+01 8.557858893532024069e+01 8.346780950655319486e+01 6.480900098902307604e+01 7.806620905862810389e+01 9.703258235640603857e+01 8.924335813653924276e+01
3.467810326588574554e+01 3.490323924907917075e+01 4.323839842929838539e+01 6.043029890961293660e+01 6.084084566550264128e+01 4.299942878433498095e+01 6.131470705003262367e+01 7.249097318547208602e+01 8.316414400839725829e+01 7.961299159182505036e+01 6.284179011051791974e+01 6.121965324195777924e+01 5.912642170242732931e+01 4.036545437322740071e+01 6.037951006318436242e+01 7.675554641605023676e+01 8.485921837483925856e+01 7.235734484299521796e+01 8.865285700205990338e+01 9.989513481757921909e+01 8.858245458640820402e+01 6.887125200715865958e+01 5.502235819717947862e+01 6.775288003892103461e+01 4.835619604837156515e+01 4.585359626116191123e+01 4.621307328060350983e+01 7.014312707438101313e+01 5.815282272299386079e+01 7.760492409376497847e+01 9.516947395793013698e+01 1.052323056257444449e+02 8.776274512476641121e+01 6.929797439130415171e+01 8.226587752312340740e+01 1.010564830598963084e+02 9.449034032467147881e+01
3.454067357353774526e+01 5.315078055291961334e+01 3.528520500081616973e+01 5.392609343576852154e+01 5.692022512274134272e+01 4.092199373579057919e+01 5.768669791220510490e+01 6.580475512716800779e+01 7.250191971309510564e+01 6.806229553814193878e+01 5.073219029592282681e+01 5.815343238124410874e+01 3.919598713848422733e+01 5.045144403134516153e+01 6.747363546935751799e+01 7.758542168441212539e+01 7.039553669277024994e+01 6.006513749624490117e+01 7.235734484472432371e+01 9.216630401508911064e+01 9.129413171584681663e+01 8.282028269469948611e+01 6.806902950899953453e+01 4.853779822684774103e+01 4.496932885485360742e+01 6.470363026734395362e+01 7.361563806928492681e+01 8.565216700517635218e+01 7.760492409376497847e+01 6.712932507994553077e+01 8.114610620558443088e+01 1.009520245868532839e+02 9.324306092835895754e+01 7.469455756146275860e+01 8.430077716380246500e+01 1.031667360569199019e+02 1.004011689409814210e+02
3.794690522531266907e+01 5.764610788926584206e+01 4.727255996729875420e+01 3.565202355171867765e+01 4.338580542873767598e+01 5.158793883414774939e+01 3.851076505054601284e+01 4.753791286302550390e+01 5.965104591714258220e+01 5.032946838518657273e+01 5.590806481138127282e+01 3.810652405546718313e+01 5.297762786516619826e+01 6.053914190716485422e+01 7.060046477451052738e+01 6.990969882339098262e+01 4.919345472905326488e+01 6.410370768522408014e+01 7.279340549529914028e+01 8.422186254718924658e+01 7.213305319322805076e+01 7.051621693788423784e+01 6.302402939878922439e+01 4.409964920391472276e+01 6.385978735163722320e+01 4.985927265781565154e+01 6.967131064410743591e+01 8.318208393410317569e+01 9.469461504297257193e+01 8.694712539183082356e+01 8.114610621331644325e+01 1.009520325808582868e+02 1.003428440918159481e+02 8.107875925669959827e+01 9.335369639651767670e+01 1.113814154111267953e+02 1.074088873392390155e+02
5.085643699996798262e+01 6.576436590222647283e+01 5.427462132806201822e+01 3.846104911977290186e+01 3.601758273341543060e+01 3.627498681780148360e+01 3.998646713250555962e+01 4.855707654282632291e+01 3.724975684235571549e+01 3.749988499559623989e+01 3.774808383362345410e+01 3.801123016002490829e+01 5.623801027749718884e+01 6.323586511172782565e+01 6.580597244672284774e+01 6.134663453128285227e+01 5.511751231659856387e+01 4.010690938192941957e+01 5.475189036878855120e+01 7.236392183057421335e+01 6.986187543401524636e+01 5.353617128918078549e+01 4.324537943814159746e+01 6.302450780547822262e+01 7.207288684131559364e+01 6.967131064410743591e+01 5.496578109324165240e+01 6.648641307723447369e+01 8.646717960924010526e+01 9.753313223565115209e+01 1.009520321362204385e+02 1.091931144343134719e+02 1.090533303372432243e+02 9.059132207978238682e+01 1.090533303372432243e+02 1.221639376533261014e+02 1.157699484704091049e+02
6.272459684780520917e+01 7.750350985625379963e+01 6.966491666651567982e+01 6.337782015882753939e+01 5.072444004514075289e+01 4.927643014906502827e+01 3.663813943599332390e+01 3.689287237603669922e+01 4.051166977713802453e+01 4.979874865182276977e+01 5.396185694306902292e+01 5.492484354608699704e+01 3.838303185811395224e+01 5.536685646068783484e+01 5.510531816986014775e+01 3.941595077728356955e+01 3.969657566458717213e+01 4.395129012520771283e+01 4.053267073430192369e+01 6.053435349457912906e+01 6.136381997385650777e+01 4.243159117500904642e+01 6.219192585509568971e+01 5.721441180607038746e+01 7.705888137707580654e+01 8.205569087319371135e+01 6.199052010484769681e+01 6.199093892227758573e+01 6.910834977159697701e+01 7.813282840644448868e+01 8.988305752599455900e+01 1.108622375992515003e+02 1.212958712652258555e+02 1.123698551952374913e+02 1.190848190761730905e+02 1.281072947433650882e+02 1.275346484490301719e+02
6.160338134097737139e+01 6.613636893814900475e+01 7.389726567575655736e+01 8.621490061106321434e+01 7.399788751171602996e+01 6.582919223255063912e+01 5.154230976579235346e+01 5.292990890102537094e+01 3.944588755816421610e+01 4.477239146726532226e+01 6.089106709814020491e+01 6.129120241849754791e+01 4.091020189318259526e+01 3.875858377620536999e+01 3.902702687527361292e+01 4.968207195330671055e+01 5.558402816101555288e+01 5.779412745614893510e+01 4.090554644539652429e+01 4.124249751587589685e+01 4.170915826857106623e+01 4.758899472391934893e+01 6.741283019338580118e+01 7.705883301163277110e+01 8.527564628801417257e+01 9.033595765798401089e+01 7.099004486177358331e+01 7.099200097188318637e+01 8.205356547666129075e+01 9.753879670161576598e+01 1.068679149750374933e+02 1.193835949816557473e+02 1.169755996823366786e+02 1.172625607775191128e+02 1.030696227703199526e+02 1.165427228051668465e+02 1.247018229689662405e+02
4.238106543879733579e+01 4.690664055012455691e+01 6.613727042259402822e+01 7.733313393265633806e+01 8.561513996050811670e+01 8.036141255020322660e+01 7.275686648386681554e+01 7.232697422499562379e+01 6.372754644157921433e+01 4.493979591234867854e+01 6.469065205017098208e+01 6.841997921784806636e+01 4.678312023437310074e+01 5.928872401624112598e+01 6.036333953992247103e+01 4.988045992261631767e+01 6.126186425007905001e+01 4.144942123073566620e+01 4.971065685602885509e+01 5.082693485199881422e+01 5.068119553645419728e+01 6.672146145881337986e+01 5.749955771234414925e+01 6.896717529287371917e+01 8.874484305881320267e+01 9.949633941633679513e+01 8.262037223713515743e+01 8.257966583950084782e+01 9.925842577085967378e+01 1.102825493852608787e+02 1.164615444359690031e+02 1.082994507299966642e+02 9.952646522954690056e+01 1.013022426369416849e+02 9.024931958734208592e+01 9.735187163374901331e+01 1.083259662167006070e+02
5.557723976563216439e+01 6.613478124150265103e+01 5.463798910878205106e+01 6.063034375882762816e+01 6.944771409239514526e+01 8.604855574046999322e+01 8.529026619853841851e+01 6.356998607655992828e+01 5.175002346023820365e+01 6.519978690894926388e+01 7.354672675140245985e+01 7.750481313016366869e+01 5.529408002455078019e+01 7.822829246908474943e+01 7.879184572992417657e+01 6.874283706732509813e+01 6.139711991990160556e+01 4.183941764633830473e+01 5.900281405203457297e+01 6.042311865606976795e+01 6.835714431116747392e+01 7.804745091164352289e+01 6.896717529263561630e+01 8.549747345718041913e+01 9.690169224976523310e+01 1.115740503117606437e+02 1.031125267270455055e+02 1.025090442017406502e+02 1.107710141241119004e+02 1.111981184480788585e+02 1.082994507299966642e+02 8.895233384876522109e+01 8.640816436483466134e+01 8.217330997831228956e+01 9.315122907986858536e+01 1.124367253684890784e+02 1.247018229689662405e+02
6.244877798959044668e+01 7.896932834460868378e+01 7.344705412386117871e+01 7.903957762482228588e+01 7.984628080173403930e+01 8.374932585161765530e+01 9.252468975389945172e+01 7.739766184710181562e+01 6.342557595590027120e+01 6.116660518141532066e+01 8.200728859964235085e+01 8.857275261801935073e+01 7.194461565994532748e+01 8.857275261657555632e+01 8.222031332732429121e+01 6.887682270094434500e+01 4.640079636258045070e+01 4.962971460910657839e+01 4.239332935323449902e+01 6.553046746917378584e+01 8.099150921141622916e+01 9.050436092866942772e+01 8.874483500083526621e+01 9.690143867868319205e+01 1.068434050099836696e+02 1.031402734488883510e+02 1.112918289991421688e+02 1.207407518991267068e+02 1.111981184477302520e+02 9.162591449188749948e+01 9.521773108764654125e+01 8.950963310533448691e+01 7.530555583689590549e+01 8.646024287914006834e+01 1.057641242892693327e+02 1.205844680537865941e+02 1.205576772939416372e+02
6.631975329883310621e+01 6.159696961677160942e+01 7.387175620083142746e+01 9.138583376598673169e+01 9.894741460981342129e+01 9.826600327273213509e+01 1.025123398511638158e+02 9.316298412345631164e+01 8.491443007129367970e+01 7.329386754389280156e+01 7.600600144872288411e+01 9.648792104556740412e+01 9.579896583969383528e+01 9.305055096677266135e+01 6.671629752927636048e+01 5.034191203931994352e+01 5.600409439288961977e+01 5.991020354942921244e+01 4.278001103053843224e+01 6.260744782069770054e+01 6.323778671550583397e+01 7.740062181327948565e+01 9.599832066116839258e+01 9.937006734020658882e+01 8.768032090771063736e+01 8.434795844056547764e+01 9.401516229502318822e+01 1.129463066277928220e+02 1.064763821868404818e+02 8.697582645790858180e+01 7.572506192802775615e+01 6.995185327331547853e+01 8.950963310533448691e+01 1.027105699295183570e+02 1.139220856302180493e+02 1.150073735626179001e+02 1.015398463933091051e+02
4.996537043210769724e+01 6.668318201842565429e+01 7.047461251437928809e+01 7.861171323258099619e+01 8.566183118730353385e+01 9.326654697061545107e+01 9.305769550576584948e+01 1.009061445558389494e+02 1.021857970584249244e+02 9.400680705301201101e+01 9.648324522205548703e+01 1.048046689827701528e+02 1.011382023796357288e+02 9.136371590846698609e+01 7.418662967184675949e+01 6.835987501428606095e+01 5.417010068533163292e+01 6.232320331654859302e+01 4.315786794352180067e+01 4.994633603988697246e+01 6.410588969560949124e+01 8.443521246079738773e+01 9.294451920621902730e+01 8.001170496901711715e+01 7.384641557625867847e+01 8.768032090771063736e+01 1.068434050099836696e+02 1.207407518734832621e+02 1.146978063853329814e+02 1.033803553828308139e+02 8.602885373123874047e+01 6.629825602810657870e+01 8.598162225988833995e+01 1.010316786611512043e+02 1.085067147593735086e+02 1.002018071253915963e+02 8.807617708034656800e+01
