LEM/sinusoidal_perturbations/elevation_000515.asc
nrows	100
cellsize	150.0
xllcorner	0
ncols	100
yllcorner	0
NODATA_value	-9999
[rows 34 to 50 of 100, columns 37 to 73 of 100]
4.191578612982094398e+01 2.399677409225079217e+01 4.380339943699377159e+01 3.989849325061889118e+01 5.974593743951964342e+01 6.502843861463053088e+01 6.110504768408286935e+01 6.110499799795321962e+01 4.830561871583806521e+01 5.583019799000201289e+01 6.577753385850184031e+01 7.897031730904762981e+01 9.651700182651607918e+01 1.030548918893677524e+02 9.183773710814074320e+01 7.754216645262191321e+01 9.589407391036326089e+01 9.982018084887768339e+01 8.157776137485143408e+01 6.751069425816700686e+01 5.748845794665201225e+01 5.079800627706830340e+01 4.459998905726405383e+01 6.137743794783133211e+01 6.951478189153043274e+01 6.539312210845771745e+01 5.797065408895580418e+01 3.895184561106692200e+01 4.856177918723180653e+01 6.624391631311070228e+01 7.165578244943327491e+01 6.582260202109894465e+01 8.573968080073790077e+01 7.889283795210278072e+01 7.894381128453541407e+01 6.715525108501252305e+01 8.128702676033645957e+01
5.204935896598446732e+01 4.380339943699377159e+01 2.591667684776832559e+01 4.571167480558249707e+01 5.591493382259806566e+01 5.088561842083698394e+01 5.455933764884911596e+01 4.097399860773332136e+01 5.475236672233410218e+01 7.339788612457181216e+01 7.728588112378430708e+01 8.551693426592656522e+01 9.749049569026965401e+01 1.057098210533372225e+02 1.043249445115595364e+02 9.110086999092497706e+01 1.043249445115595364e+02 1.095226542535082359e+02 9.555020781417979947e+01 8.563674272586538905e+01 7.744046239223197858e+01 6.718837451319731713e+01 4.700780452662466047e+01 6.575908673287318607e+01 8.293996223762236752e+01 7.294782269860671420e+01 5.301451179863211394e+01 5.885284336094046864e+01 3.985719364369688833e+01 5.968440340896261631e+01 5.148161006646540727e+01 7.089270700525828772e+01 7.961541587940411091e+01 7.261145645315234276e+01 5.891234996325173512e+01 7.054042730007211048e+01 9.042304728506763922e+01
6.193409314285217704e+01 4.206576979451634202e+01 4.571167506016946902e+01 2.790871461899281414e+01 4.766175886028967312e+01 5.165794214322768596e+01 3.493648464454076219e+01 5.381368909488491425e+01 5.932993519498715074e+01 6.286260580369461337e+01 5.718076417574160075e+01 7.728588112378430708e+01 7.764349588651163003e+01 8.963663201253068280e+01 9.783369122576331733e+01 1.097652804694513691e+02 1.124717220392068526e+02 1.026068031762007848e+02 9.443985386580608576e+01 9.608220077983445151e+01 8.205508951440390319e+01 6.984856371635511607e+01 4.956821352226729260e+01 5.861524188711117489e+01 7.730278601226535784e+01 8.116452263850673887e+01 7.294782269917411099e+01 6.796603746790630396e+01 5.972724810994094469e+01 4.075216004300455808e+01 6.062386296838684530e+01 5.781259639588681409e+01 6.971533354127915061e+01 5.252832530631899033e+01 7.261145645315234276e+01 8.713285094657615559e+01 9.857992998188196054e+01
7.020892159791348774e+01 5.824757508627780567e+01 3.844159219184142273e+01 4.765814842027018017e+01 2.997026671793923569e+01 3.203204464464680257e+01 5.166151117567896733e+01 3.826398175255113188e+01 4.063921639431508481e+01 4.309040971327453917e+01 6.306941659327472394e+01 6.118855214072002724e+01 7.704794536822247153e+01 6.973217073945261291e+01 8.385972096662179354e+01 1.035833290081870643e+02 1.043101897802436469e+02 8.456951795137085526e+01 7.465743180018534986e+01 8.386563266759584678e+01 6.802353534283975023e+01 5.364864780230256258e+01 6.399776317577440210e+01 7.626346759678290255e+01 8.598342093329925717e+01 8.934298681914827966e+01 7.825759910466939573e+01 6.531955151867371967e+01 4.539002749975761475e+01 6.011379753304140650e+01 4.165818894810063000e+01 4.229574370611944545e+01 6.217485180254130483e+01 4.845752221511401814e+01 6.008036482026953706e+01 8.055670754875127670e+01 9.228831029080173209e+01
7.240274698914726059e+01 5.238431090650765753e+01 5.824757508624956159e+01 5.165372036885720064e+01 3.202155728280832392e+01 5.116645634454803826e+01 5.510502428706229949e+01 5.415378559108123824e+01 5.550626651690038926e+01 6.113089317747672879e+01 4.689726328132708488e+01 5.172031154670843023e+01 5.682107497676634722e+01 7.704794536822247153e+01 9.521695321238357224e+01 1.050958558754077217e+02 1.124717220331380503e+02 9.784440038502403070e+01 7.807553906205869509e+01 6.397416602664855390e+01 5.807330989249623343e+01 7.384878743793235856e+01 7.384878743851692207e+01 9.215849018971670148e+01 9.544256175325034519e+01 8.136729630461715601e+01 6.179104770369507094e+01 5.026047868843352262e+01 6.531955151867371967e+01 6.954996182831487772e+01 6.153167451455318115e+01 6.217485170100259495e+01 4.319388776464026591e+01 6.307935530871579033e+01 7.226453499490951060e+01 8.821319879282933130e+01 7.805641055924951388e+01
8.064979756020269974e+01 7.240274698906573292e+01 5.468252903631142914e+01 3.505763343006292843e+01 5.165433988328006620e+01 4.115908183196190606e+01 6.099670489779128246e+01 7.677506843527088165e+01 7.841748880574859015e+01 7.505692794734846984e+01 6.118855214072003434e+01 5.243139614930679215e+01 7.269489062557768477e+01 6.707228180753168090e+01 7.715409962058288329e+01 9.689311823724361261e+01 1.152853622275027590e+02 1.054244558443969311e+02 9.204293375151772238e+01 8.170361252138074803e+01 6.177041829505377279e+01 7.333896858182312428e+01 9.312992863384204156e+01 1.018697702165284937e+02 8.726166689825615208e+01 6.736670603308806449e+01 5.580042356535977177e+01 7.023757189517561983e+01 7.845895990466826220e+01 7.975051608832316674e+01 6.724129198129384122e+01 4.728387454211523533e+01 6.281169215317476073e+01 4.412689192222000401e+01 6.404093746495139783e+01 7.276788659961019334e+01 6.932160245352440597e+01
8.816941880071362903e+01 6.808721980140423113e+01 5.685495239930592959e+01 3.718281521055368444e+01 5.685495214453339230e+01 5.512181139614923353e+01 5.362206070807254576e+01 6.782790312561657231e+01 8.783544970550097730e+01 8.950572066310729724e+01 7.682471113636518112e+01 5.659280521594941149e+01 7.682471113636518112e+01 8.702360892891326216e+01 9.521695321238357224e+01 1.050958558754077217e+02 1.071262632018451484e+02 8.739447596699582732e+01 7.749546735408425491e+01 6.938060577890433933e+01 6.760307759279578477e+01 8.742599622557250427e+01 1.012978804692849195e+02 1.015076562051902016e+02 9.334017125035722984e+01 8.002921393171276065e+01 6.007714650290713365e+01 8.002921393171276065e+01 8.435980044076038098e+01 7.154192135207891567e+01 5.156429075004755447e+01 6.724129198129384122e+01 7.212175317444605582e+01 5.819619053243646078e+01 4.506158724221118206e+01 6.499396888646195691e+01 6.664292317685625733e+01
8.233185079740157164e+01 6.215986284758307789e+01 4.798857372985339254e+01 3.930823079835359124e+01 5.907938053489356633e+01 7.518156571338801086e+01 7.368797784395241024e+01 8.195303103972484848e+01 9.393019288637478326e+01 1.017929650993461195e+02 8.504430049947541193e+01 6.684563292607769824e+01 6.387414600665832864e+01 8.390761043097019467e+01 9.986592841800441533e+01 1.086801435627489099e+02 1.152852760048026681e+02 1.005960101949975893e+02 8.084261497712992650e+01 8.919138214855261992e+01 7.390462011086809468e+01 9.367929864121559547e+01 1.073001900286133434e+02 8.755774214142059009e+01 7.349265280469649042e+01 6.716692226658656750e+01 7.421728261735135845e+01 8.822421381959684084e+01 7.617019447919003028e+01 5.622125340307037078e+01 6.571739323993178061e+01 7.975051633685818331e+01 8.629445866492572748e+01 7.216865770975782368e+01 4.792214399526529434e+01 4.600723202301720249e+01 4.667754378477074084e+01
8.086974874094336485e+01 6.612419783799707318e+01 3.949397496482345105e+01 4.181089764434743472e+01 6.174290731479749184e+01 6.941994700193041012e+01 7.331205675899643381e+01 8.045489564572976349e+01 7.487324477164587222e+01 9.393019288637478326e+01 9.499748229550868928e+01 8.102528921253757233e+01 8.390761043097019467e+01 7.186917462007767199e+01 8.080718463471622215e+01 9.470182925366768245e+01 1.143973210681566570e+02 1.087587875035237346e+02 9.226436821901886276e+01 1.006644196600762768e+02 8.090751390069584659e+01 1.006644196600762768e+02 1.073001900286133434e+02 8.755774214142059009e+01 9.334017125035727247e+01 7.610401346077364337e+01 9.406045733442448409e+01 8.112976927448337960e+01 6.124338443310841029e+01 7.617019447919003028e+01 8.435980123009603915e+01 9.378363943378452916e+01 8.771212357512753499e+01 6.760968046390414088e+01 5.314053094951837153e+01 6.596215120360466244e+01 6.664758437791383017e+01
6.066571216535397326e+01 5.371127057635998625e+01 6.612419296102792998e+01 5.319832584414938736e+01 4.557461558164442295e+01 4.912963184414213202e+01 5.296789518405945074e+01 6.069943710192428199e+01 8.045489564572976349e+01 9.388233448429059536e+01 1.017434989944323860e+02 1.007543227406084014e+02 9.986592841800415954e+01 8.184554849744732508e+01 9.986592841800447218e+01 1.086801437221932503e+02 1.191084036375143000e+02 1.201382535305365451e+02 1.119772447894211922e+02 1.088256010732114163e+02 9.233258444527228903e+01 1.088256010732114163e+02 1.154575702689598273e+02 1.073001900286133434e+02 9.231216197279107405e+01 9.593051657538372012e+01 1.012632684398217862e+02 8.535941715056414125e+01 6.552061009409125347e+01 7.122005821403426751e+01 8.993118247113973496e+01 1.000698249375351025e+02 7.832158336341773008e+01 6.351135758378045182e+01 6.767251228092322890e+01 8.180671081399826505e+01 7.904266361928411300e+01
8.086974815269273620e+01 6.563670755645810573e+01 7.341501517824313794e+01 7.032285355093674184e+01 4.997840917879434386e+01 6.941994700192833534e+01 7.331205675899582275e+01 5.993289951722257314e+01 6.715213726400122596e+01 7.478990790608946782e+01 8.597375834532769545e+01 1.046856503906361553e+02 1.097216019432528498e+02 1.015080526018018503e+02 1.097216031768653721e+02 1.133116786180142981e+02 9.923277304280688327e+01 1.133116786180142981e+02 1.209489806308277480e+02 1.126606806293959266e+02 1.120459182236443922e+02 1.202040994105762479e+02 1.237303462900980691e+02 1.201900960222767480e+02 1.120303482653728935e+02 9.721305369839382138e+01 8.326246800114651592e+01 7.334387425391365412e+01 7.306056672192609369e+01 9.086052664271900881e+01 8.368977707370008545e+01 1.031974264960222598e+02 9.210047325528768170e+01 7.369476885046628922e+01 8.772334976177999977e+01 9.310848161221322528e+01 7.324959876920387103e+01
9.398062601203199051e+01 8.574404299662627693e+01 9.344126381162527650e+01 7.860900726484814527e+01 6.179451764564826988e+01 5.779071851565296924e+01 7.808420665742151812e+01 7.263901001456994777e+01 7.074364980906128153e+01 9.076848207972447824e+01 1.017434989944323860e+02 1.126230097763812665e+02 1.179599171029818621e+02 1.097529621241886133e+02 1.179599171029818621e+02 1.050542104636378298e+02 8.534087207928756413e+01 1.050542104636378298e+02 1.094719639779868601e+02 9.283614606182206330e+01 1.094719639779868601e+02 1.179086446685067813e+02 1.037811875517887614e+02 1.179086446685067813e+02 1.250034125136612602e+02 1.111082331066085516e+02 9.311383292235802855e+01 8.221905848814697038e+01 8.193675675446152695e+01 1.009821892312372285e+02 9.749558849727378629e+01 1.112913163523925988e+02 1.021668875239937648e+02 9.389784469526750854e+01 1.021668872693426948e+02 1.013127195326842553e+02 9.310848161221322528e+01
9.576191739265202330e+01 8.743001452720191935e+01 9.576191739265202330e+01 9.020928915360417477e+01 8.197277838976935982e+01 6.810254977284787969e+01 6.831166547442640535e+01 8.733828789050403429e+01 9.079360330068691098e+01 8.491560488770159054e+01 1.050664649702285232e+02 1.172530120887631000e+02 1.081244415886927044e+02 9.014099080119501650e+01 1.081244415886927044e+02 9.760326890994431892e+01 7.799022890053929302e+01 8.835759318305539978e+01 9.655418704991279810e+01 8.154518288527408743e+01 1.012149802602480975e+02 1.090307651643161222e+02 8.983432464270740070e+01 1.007738770549295992e+02 1.206679757909302140e+02 1.209377461933844131e+02 1.100707450666011056e+02 9.362443172709548378e+01 9.334342110246372215e+01 1.097902312452737874e+02 1.169671490445357307e+02 1.180236192985843360e+02 1.095339047459984840e+02 1.016491513537418427e+02 1.056224677238375449e+02 1.022607434795496317e+02 9.988349771536027788e+01
8.565199500061179094e+01 6.716673866992631758e+01 8.245038522741410247e+01 9.079362873928535294e+01 9.626922816942590089e+01 8.227881099152645561e+01 8.252988005926052040e+01 8.252988005926052040e+01 1.021484033272286638e+02 1.050664649702285232e+02 1.134664997120196688e+02 1.090508920187576223e+02 8.945838125956009890e+01 8.044977271783196215e+01 9.994697646335990271e+01 1.022672723853989396e+02 8.259588959284479870e+01 6.884365838624255218e+01 8.835759318305539978e+01 7.420318213098114768e+01 9.378049566121782732e+01 9.198188185787405757e+01 8.111437813646166717e+01 1.007738770549295992e+02 1.106755307874756085e+02 1.306604207943848905e+02 1.214170229008456090e+02 1.132706263348625839e+02 1.129907453931296288e+02 1.211368518230990503e+02 1.210652002135101384e+02 1.021853377983609334e+02 9.105888923142990166e+01 8.227318033196389990e+01 8.631083220213017171e+01 8.288279614137785245e+01 8.537887579336135957e+01
7.729837659856407583e+01 5.694715557968305575e+01 6.214216353308344765e+01 7.653292454364542152e+01 9.673639906497837160e+01 1.020370442955016870e+02 1.021484033272286638e+02 1.021484033272286638e+02 1.103454728969307581e+02 1.057694585346621494e+02 1.140251570885942698e+02 1.057671802347857266e+02 9.305367397208323155e+01 7.363517164599083742e+01 9.305367397208323155e+01 9.718691931342893042e+01 7.757424339762707177e+01 6.383835431137291749e+01 7.852660800584182255e+01 6.773806272271843909e+01 8.594943529728415399e+01 7.243452088978148140e+01 8.111437813646166717e+01 9.087222332238346212e+01 1.106755307874756085e+02 1.159155306355900734e+02 1.203871809392752112e+02 1.119322959492843665e+02 1.203871809392752112e+02 1.305931299448455434e+02 1.289504172101726738e+02 1.166373139253348938e+02 1.059342541936811983e+02 9.196707929063533982e+01 7.238608389711561131e+01 6.895815851243979466e+01 6.579532589666399645e+01
6.960633807106759718e+01 4.929157154722965117e+01 6.960633807106837878e+01 8.288365783185257385e+01 9.717897601815431585e+01 1.085477332290203947e+02 1.059301522966800064e+02 9.769240470759925188e+01 9.177961346486158334e+01 8.598482990145171811e+01 1.057694585346621494e+02 9.759925238892043353e+01 7.812846945978358804e+01 6.847845127826110456e+01 8.173365611252557983e+01 8.719959127505958918e+01 7.872718977296183596e+01 5.927091916634479674e+01 5.906927794342350779e+01 6.249444284630282453e+01 6.645087708924991432e+01 8.594943529728419662e+01 8.620341310578095317e+01 1.059323394889264023e+02 1.100619921935483632e+02 9.574901790240127752e+01 1.100619921935479368e+02 9.184319377110466576e+01 1.018877448601945304e+02 1.219632823276463967e+02 1.239312287070849408e+02 1.089958802882030682e+02 8.999941890632601371e+01 7.864884421003290527e+01 9.196707929063533982e+01 8.288279614137785245e+01 8.537887585530631895e+01
5.798368278526377395e+01 4.419396216949272826e+01 5.420008013882902276e+01 6.858833962451174671e+01 8.841907715997430728e+01 8.841907452872466422e+01 9.769240328204925561e+01 7.789792025696796429e+01 7.197789154433840508e+01 8.369559483746543549e+01 1.035057295433626621e+02 1.057671802347854992e+02 9.599542032865664964e+01 8.173365613866410229e+01 6.233849950684679442e+01 7.066715132050292425e+01 7.437840349006947349e+01 5.493018175461586594e+01 7.437840349006947349e+01 8.196931080490116983e+01 7.369600714585327239e+01 9.327048267665844605e+01 1.059323394889264023e+02 1.142022438127122115e+02 1.011319325792740926e+02 8.182266417135771519e+01 9.301555525093490928e+01 8.204892578462272468e+01 9.338282013031225404e+01 1.135056880984884060e+02 1.159290318208619226e+02 9.682127543649289692e+01 8.707651043574539074e+01 9.000893394521821733e+01 1.060949360028828323e+02 1.022607434795495749e+02 9.696010811286710407e+01
