LEM/sinusoidal_perturbations/elevation_000326.asc
nrows	100
cellsize	150.0
xllcorner	0
ncols	100
yllcorner	0
NODATA_value	-9999
[rows 0 to 16 of 100, columns 37 to 73 of 100]
1.094265247721411356e+02 1.010225619262286756e+02 1.010225619262286756e+02 1.025262221205830002e+02 1.025262221205830002e+02 1.109194296759383178e+02 1.146083817910123059e+02 1.062344056516946864e+02 1.062344056516946864e+02 1.062344056516946864e+02 1.146083817910123059e+02 1.093374399881858210e+02 1.010788341206187795e+02 1.093374399881858210e+02 1.067372102983060955e+02 1.149875569618827740e+02 1.141575023724958839e+02 1.060393161245826690e+02 1.085638844084682688e+02 1.166929277279790256e+02 1.166059660477439195e+02 1.083320115073379384e+02 1.064336843321160160e+02 1.064336843321160160e+02 1.147143937867395920e+02 1.223886686839789064e+02 1.166205478398332787e+02 1.166205478398332787e+02 1.247927179288309389e+02 1.305015138362842890e+02 1.222343854035303110e+02 1.305015138362842890e+02 1.326486165589443544e+02 1.243831174680137082e+02 1.326486165589443544e+02 1.349713275532484715e+02 1.238843201641751932e+02
1.010225619262286756e+02 8.017173159886995393e+01 8.017173159886995393e+01 8.171123119327064899e+01 8.171123119327064899e+01 1.025262221205830002e+02 1.062344056516946864e+02 8.604372126021492306e+01 8.604372126021492306e+01 8.604372126021492306e+01 1.062344056516946864e+02 9.930330227828262935e+01 8.095661271605676745e+01 9.930330227828262935e+01 8.667529077456035225e+01 1.034291226917504645e+02 1.029289018039504811e+02 8.665316045403776002e+01 8.916487587992776298e+01 1.085638844084682688e+02 1.049763322926576024e+02 8.811929745233518929e+01 8.620519683178612524e+01 8.620519683178612524e+01 1.064336843321160160e+02 1.027481386305003355e+02 9.700199859320512985e+01 9.700199859320512985e+01 1.166205478398332787e+02 1.204898886165651533e+02 1.021843615020375751e+02 1.204898886165651533e+02 1.226421946141429657e+02 1.043461813086124579e+02 1.226421946141429657e+02 1.270920148674676398e+02 1.078138166755521183e+02
9.944143487897849809e+01 8.627879840838321002e+01 6.507568367268815734e+01 6.664127823641300097e+01 8.171123119327064899e+01 1.025262221205830002e+02 1.062344056516946864e+02 8.604372126021492306e+01 7.166847505047448408e+01 8.399945113507462224e+01 9.237794631900692366e+01 9.101772341833779478e+01 7.076391665006596554e+01 9.101772341833779478e+01 7.495447861869071460e+01 9.442464960840210608e+01 9.484671392964158088e+01 7.524482931224898152e+01 8.608048463132217876e+01 9.417442940565371146e+01 9.666219560662908350e+01 7.639188282162051280e+01 7.184773272123645427e+01 9.212998364748538904e+01 1.049763322926558544e+02 1.027481386305003355e+02 8.303979187415207264e+01 1.027481386305003355e+02 1.155650694635411355e+02 1.122093734527838791e+02 9.207283073302036769e+01 1.103094314713574988e+02 1.043057935125450513e+02 9.424693763677707636e+01 1.143646493883130262e+02 1.211597955243409501e+02 1.172109855134923890e+02
9.095915832472408624e+01 6.986833413687784855e+01 5.742021854944923120e+01 7.878236530244001301e+01 8.780780088554395491e+01 1.084965345048888992e+02 9.709675589736998802e+01 8.540258810809503132e+01 7.702199141544360828e+01 6.365683769295598893e+01 8.399945089022421030e+01 8.426645449558048995e+01 6.393141749596600221e+01 7.596471040396849617e+01 6.580866931077638071e+01 8.612075129251716987e+01 9.639055766909774547e+01 8.608048463132217876e+01 6.606404957099356068e+01 8.608048463132217876e+01 9.928183398980075935e+01 7.902646477651128976e+01 6.470338440535601876e+01 7.639188282162051280e+01 9.666219560662908350e+01 9.680584850058890822e+01 7.699812682206712111e+01 8.769573595961735180e+01 1.074034831412753022e+02 1.050900304993851790e+02 8.487713293982429263e+01 9.014432494936697537e+01 8.408465336246858612e+01 1.043057881865438219e+02 1.153238422063362236e+02 1.012967700837923957e+02 1.093273802905131902e+02
8.935856737249271475e+01 6.823483837747204461e+01 5.303647556969468013e+01 7.442002859367481449e+01 9.117671036465708312e+01 9.313264563444845123e+01 8.874366783314518159e+01 6.843833998391951923e+01 5.665071292337429298e+01 7.107847058189520340e+01 9.137091954555975803e+01 9.257650457541257083e+01 7.596471040396849617e+01 5.555381016719866238e+01 7.003005879582566706e+01 9.029222054219194149e+01 8.234597752425995054e+01 6.830139737942459988e+01 6.063253506723077635e+01 7.514053336428411001e+01 9.484645206444049848e+01 8.042980375899207957e+01 6.016547667584661241e+01 8.042980375899207957e+01 9.302850971764740962e+01 8.486158188105859779e+01 7.143011182988213648e+01 8.553748636745491751e+01 1.052535064433125598e+02 1.103094314707931005e+02 9.014432494936696116e+01 7.577016183482123779e+01 9.605054790630896377e+01 1.126029552330279699e+02 1.071145155404481528e+02 8.707524132915479242e+01 9.444056430307195171e+01
8.753397904213635172e+01 7.038040227703706364e+01 4.905970667376860916e+01 6.139832306480692381e+01 8.264704454912296683e+01 7.285362964685586462e+01 7.285362964685586462e+01 6.768752658480488549e+01 5.257593021029985891e+01 6.435498760955755415e+01 8.468490931738533334e+01 8.623979273866599726e+01 6.593555736955933355e+01 5.147704087434192388e+01 6.593555736923377708e+01 8.623979184285983024e+01 7.415235390377637259e+01 5.370618969732736758e+01 7.323571259337794004e+01 8.242338578847304120e+01 9.191633507831193128e+01 7.620439946431329759e+01 5.590266228943258398e+01 7.620439947098915923e+01 8.485607562343885490e+01 6.492137657969985298e+01 8.486158188105859779e+01 9.873825302814279326e+01 1.069043554492535009e+02 1.064985847460924333e+02 8.630266826411011039e+01 7.196482155039981876e+01 9.221791524933821904e+01 1.086263242989235636e+02 1.085973104169288632e+02 8.857664806363976595e+01 7.428873706917990205e+01
7.895048028994588662e+01 5.767809536986429464e+01 4.548001353210118936e+01 6.045224417593017563e+01 8.167276645855709205e+01 7.107707195808274037e+01 5.250123898723143867e+01 4.733778609570448026e+01 6.768752658480488549e+01 8.134246470316649891e+01 9.306209029837474134e+01 8.470722968475701009e+01 6.815701461808208705e+01 4.779682156555490025e+01 6.815701461808208705e+01 8.020248642652650517e+01 7.139535328671755110e+01 4.973530423722351657e+01 5.775200010912969617e+01 7.153372598750674172e+01 7.288792818480192182e+01 7.222288177536132991e+01 5.188670432658472720e+01 7.222290123843657739e+01 8.079124729173675235e+01 6.081195889245326214e+01 8.079124729173675235e+01 7.894187080910398890e+01 9.873825302814279326e+01 1.010905998455339727e+02 8.863764032502277246e+01 6.844053163234147519e+01 8.008802069457115635e+01 1.003166379329136504e+02 1.064239459901812950e+02 9.816772908140552545e+01 8.494090129487382512e+01
7.555303955275940098e+01 6.327547342412519527e+01 4.224006481547150571e+01 6.327591742033774835e+01 6.654203030127793284e+01 5.813506411716767985e+01 4.236953627491057972e+01 6.267777545090629587e+01 7.429533366873609168e+01 7.429441754435362100e+01 8.249517268165874384e+01 7.636621386493867192e+01 5.600863449679653883e+01 4.431278949792258715e+01 5.995562732093151936e+01 5.994992598113837801e+01 6.808443224815621875e+01 5.969569070932900701e+01 4.472267720111694445e+01 6.416248106803074336e+01 5.921504398353194887e+01 6.335530183315663777e+01 4.811473134199476220e+01 6.844656342189263398e+01 7.694623144655558633e+01 5.690706108859624379e+01 6.479545221548413281e+01 8.474009691809963840e+01 9.697388029718216274e+01 8.092287242121729207e+01 8.092287242121727786e+01 6.517971478420376741e+01 7.677142848241624051e+01 9.699107383853090880e+01 9.816772908140552545e+01 7.801886245659110841e+01 8.387463541682855350e+01
5.725621231221244756e+01 6.002741522656938145e+01 3.914074676251172491e+01 6.003001536458526743e+01 5.813671286695397811e+01 3.786353094830287347e+01 5.813671286695397811e+01 6.827965310666205312e+01 5.406434766491752697e+01 5.406434311952388327e+01 7.429441543666284531e+01 7.593361108846792717e+01 7.299107725631989751e+01 5.995562732093132041e+01 3.970627186112815110e+01 5.561263927908774463e+01 5.580638168768764729e+01 4.034253748372901782e+01 5.789412400436659567e+01 5.719273469570240565e+01 5.472916527409424248e+01 4.309243928085805209e+01 6.335373865611479971e+01 7.584332521006388106e+01 6.867196467687692518e+01 5.311916643172980201e+01 6.739136839504102738e+01 8.730880642553843529e+01 7.682490087735361328e+01 7.682490087735361328e+01 6.084699370682740494e+01 8.091850329791614627e+01 9.364359934264631136e+01 1.053088178261430983e+02 9.816772908140562492e+01 7.801886245659110841e+01 6.373329546497528497e+01
3.690675216692969940e+01 5.662078471615957653e+01 3.615814744449225060e+01 5.666130530771788898e+01 5.511352064425721409e+01 3.481354090000804291e+01 5.093342299654264593e+01 5.045876801873404105e+01 3.974174090888739386e+01 5.998849516805426418e+01 7.504410261141202909e+01 5.194356426181463604e+01 5.503875702861663655e+01 5.437113808654369507e+01 4.686968050393483054e+01 3.532649555786314011e+01 3.585296121233554345e+01 4.252187892088315380e+01 5.268167432168259978e+01 3.793065699662871992e+01 3.847820515695096333e+01 5.864055448678572446e+01 6.709797651563351906e+01 6.395003328897601591e+01 4.851675587919208965e+01 6.867196467149871353e+01 8.144003327849478069e+01 8.126355894769120880e+01 7.293073020187989641e+01 5.677843021437694659e+01 7.682490087735361328e+01 8.925900560519252736e+01 9.473104597040718033e+01 9.356220936619610029e+01 8.509273080072070172e+01 8.047663881470521119e+01 7.215551700323422324e+01
4.596161379954170911e+01 5.335663338766956798e+01 3.327895135119752723e+01 5.263618066917175042e+01 5.533114823663025561e+01 4.588550930540113626e+01 3.071105642762675814e+01 3.033790973091119625e+01 5.038153882360609259e+01 5.585459898313033733e+01 6.207528594568379532e+01 5.342909083439574403e+01 3.360246481581395983e+01 3.409928576190991123e+01 3.460143942403592376e+01 5.489048285682586936e+01 5.351251332709754394e+01 3.661560031562245143e+01 3.715842014280485728e+01 5.777101738591615288e+01 5.855869158100882288e+01 3.926356843160412780e+01 5.909622432083177301e+01 4.419960126895596630e+01 6.439856292897681556e+01 7.667042503696568190e+01 7.422918849614977432e+01 7.292114264703356241e+01 5.292625373235235031e+01 6.918309883641927627e+01 7.750947790888268685e+01 8.840777312997687432e+01 7.418518340831938929e+01 8.504347411015524472e+01 6.460919725665816316e+01 7.050122650920503986e+01 5.162775019385631481e+01
4.546988719634842369e+01 5.010666787169640202e+01 3.047157754173153066e+01 4.836279583623273481e+01 3.086862874805866497e+01 4.902816608274326882e+01 2.962030935334616188e+01 4.975639008895079485e+01 3.104217151888544990e+01 5.098804616887763785e+01 5.239449592358454311e+01 3.290164463017399754e+01 3.737279717691153991e+01 5.424507337196611445e+01 5.117538463237070090e+01 4.922906760762950995e+01 6.471603512632334798e+01 5.576770068646077760e+01 6.020111048958251843e+01 6.396068550002175357e+01 4.379034067590733059e+01 5.376211749178146704e+01 4.005643873084812867e+01 5.943015804510089595e+01 6.151149118672476135e+01 6.210585808796989227e+01 4.197300948393690589e+01 7.038445461981936546e+01 6.918156454203992212e+01 4.928077228828796308e+01 6.655982729455683966e+01 7.347880848510629903e+01 5.794421799358764247e+01 6.773344703117338383e+01 6.883766063881921582e+01 5.000448971902152806e+01 7.049142799951657423e+01
2.665490787535275885e+01 4.567735871729934161e+01 2.765937475157771175e+01 2.801861178517650330e+01 2.837888729380102859e+01 2.889504260598853236e+01 4.905507331261228643e+01 5.747967151814463449e+01 3.179696336046745841e+01 3.172042386803784453e+01 3.220415093236280057e+01 5.144033595136895798e+01 5.672009939814185486e+01 4.406353990522787711e+01 6.287477086451662700e+01 6.912001525052431816e+01 7.780638423083102850e+01 7.970811034915021764e+01 6.872602446244631835e+01 4.850844800514664712e+01 6.396069599473747758e+01 6.721033304746315196e+01 5.559833843842132950e+01 4.085489195862390233e+01 4.141520714007119608e+01 4.196987178947019714e+01 4.251904864887335123e+01 6.267018637988844887e+01 6.405534915774667581e+01 4.683763701191303852e+01 5.195868765430377323e+01 6.507764746683480439e+01 4.639846808979034876e+01 4.747395759313015162e+01 4.851260714564129017e+01 6.886771618091914604e+01 6.408007731889173897e+01
2.681839334090511784e+01 2.713799037200395148e+01 3.790249420791281665e+01 4.561217110050638013e+01 4.738222490624431060e+01 2.871633175401303717e+01 4.656522975657702546e+01 6.810153223224820351e+01 5.938307312301457586e+01 4.933153577565335013e+01 3.181577501827788268e+01 4.691918904844468585e+01 6.261925377272836357e+01 6.318697339522469036e+01 5.124777254191685927e+01 7.002416053616565250e+01 8.598138398784524838e+01 8.647800001352192112e+01 6.627631371678917560e+01 5.197602157290140212e+01 7.219325060095097513e+01 7.412713483025503081e+01 5.355061336963222374e+01 5.511327446028590060e+01 5.562011986865496027e+01 6.210585833013368529e+01 5.818064802471047159e+01 4.328895598392293920e+01 4.384651761429610417e+01 4.440382852314591133e+01 4.497882225136902434e+01 4.555644512455166506e+01 5.659362680171974347e+01 4.740064413768950402e+01 4.810018013429434802e+01 4.879733847353151788e+01 4.951422375455570091e+01
3.456617102504297634e+01 4.740907555340496771e+01 5.053301694011962297e+01 4.652874176291928876e+01 4.251812340880769625e+01 2.925325498031900651e+01 4.942893895254375281e+01 5.622593994901439629e+01 6.559039784959253439e+01 6.568091423648984062e+01 6.049191049049615998e+01 4.607083034566219482e+01 6.596390782309160272e+01 7.794545406092112216e+01 7.002416053616565250e+01 5.932921937978342442e+01 7.797456085437620743e+01 8.754651266792838271e+01 6.733946492188158572e+01 5.568698442902633161e+01 7.587996809905668272e+01 8.298709908243895939e+01 6.803671430532043019e+01 7.583136082844963255e+01 7.584154957668731356e+01 6.690414601675520601e+01 4.664058728787962593e+01 6.347173195227112075e+01 6.400439293377937133e+01 5.207962993744924063e+01 6.823789064869195897e+01 6.629881088716480519e+01 4.980854957766519675e+01 6.917977651198373223e+01 6.884758181699677948e+01 6.950926403572009349e+01 7.027122937021138682e+01
4.950482338930790149e+01 5.148479699799771936e+01 6.304177027803264366e+01 4.749319060119491809e+01 3.924679221045497002e+01 4.672816163256852207e+01 3.014942506677762424e+01 3.796941297769181745e+01 5.641016430645542812e+01 7.136876054964604066e+01 7.410185597136207036e+01 6.014662274843745138e+01 6.014662277247685296e+01 8.004418171004805060e+01 8.460945849282406073e+01 6.584313404232369749e+01 8.460945849282406073e+01 9.589783192694963532e+01 7.991593095091603516e+01 5.973611724891728159e+01 7.399523030813642777e+01 9.420976674146542962e+01 8.914304571594247761e+01 9.165577702777127911e+01 8.157971083867296613e+01 6.938205594435262924e+01 4.909950877361296762e+01 6.938205594436846013e+01 7.871300960171254246e+01 6.492998449635189218e+01 7.063453429111390847e+01 7.791190823507781715e+01 6.953692422423176822e+01 5.420443473090832498e+01 6.692482677803410240e+01 8.367408986048116049e+01 7.051926554830338034e+01
7.086608731529042871e+01 6.604677458678564506e+01 7.683637982882397921e+01 6.850279847952153034e+01 6.188253259144048002e+01 5.807154534245277944e+01 5.011089394788147899e+01 3.086503338642198457e+01 4.275446413506391963e+01 6.279814797981742203e+01 7.680817489513009377e+01 8.004416293382783465e+01 8.004418171004805060e+01 8.805708917829893778e+01 9.269413416626989033e+01 7.648534953719156704e+01 9.269413416626989033e+01 9.862224090169338808e+01 7.840174497882448179e+01 6.412300549688859519e+01 7.577237466379834530e+01 9.600618940208811125e+01 9.759258568395222255e+01 7.740594669296456232e+01 6.315637084407941870e+01 5.301970529534798260e+01 6.938205594430854717e+01 5.929039829191537336e+01 7.947371356514547358e+01 8.440631299679746746e+01 9.029702907158535652e+01 9.353467548102521789e+01 7.319157999951299587e+01 5.935420462819517695e+01 5.963088226804102021e+01 7.939536608200197065e+01 7.967766273449529990e+01
