LEM/sinusoidal_perturbations/elevation_000862.asc
nrows	100
cellsize	150.0
xllcorner	0
ncols	100
yllcorner	0
NODATA_value	-9999
[rows 0 to 16 of 100, columns 0 to 36 of 100]
8.271705653423140972e-03 1.810803031804225327e+01 2.654194477565376786e+01 2.573065346484596816e+01 1.291446414202454873e+00 1.582566060401280339e+00 1.873632672211614558e+00 1.418479077695470636e+01 1.509787852557498589e+01 4.065546283402663441e+00 2.517146153963151178e+01 3.523764174365044255e+01 4.650002829333703147e+01 5.463123225064182265e+01 7.020049605944844018e+01 6.466298552626312812e+01 5.639944506623859866e+01 5.061619525255230201e+01 3.661765283807721971e+01 4.169763639508906294e+01 4.701897086201395126e+01 5.260771501205969258e+01 7.253713084264323641e+01 8.741558684880668295e+01 9.556076771780035983e+01 1.053374820395934108e+02 1.154199220003045099e+02 1.039216420899616082e+02 9.571939545645440717e+01 9.571939554722538901e+01 1.039216530507156335e+02 1.070278484988333787e+02 9.884788080339795613e+01 1.070278484988333787e+02 1.142467009026316305e+02 1.062173205835300820e+02 1.036929137342168872e+02
7.813061968023241044e-03 2.984014817707849043e-01 5.890205786309131719e-01 8.797317649952075547e-01 4.004110229483409000e+00 1.420002739807307890e+01 2.103451879503586852e+01 2.284482237312650543e+00 2.574265131724195577e+00 2.862931869616181402e+00 5.464985385252765226e+00 2.603482120510752296e+01 2.621424451806259981e+01 4.650002834495829518e+01 4.997161867488259190e+01 5.281535309901440201e+01 3.564233141945548056e+01 2.958800394035290537e+01 5.061619525255230201e+01 6.216282049109641150e+01 6.721077039307702705e+01 7.253713084264323641e+01 6.126947657211481868e+01 6.790864998864398672e+01 7.768489084178926873e+01 9.714628362944414164e+01 1.072820062665500274e+02 8.725497661074751932e+01 7.536394805661920770e+01 7.536394805661932139e+01 9.226301880730439109e+01 9.697217823612588461e+01 7.858611797028828505e+01 9.697217823612588461e+01 1.062173205835300820e+02 8.643071445294671662e+01 8.383177027552487459e+01
2.526786264046545528e-03 8.153117716965160966e+00 1.115623051979623703e+01 1.204761357662637167e+01 3.835060413368801768e+00 1.585113677636008944e+01 2.962217675652549786e+01 2.886956716670619016e+01 2.444538725161853421e+01 1.933191631861777537e+01 3.269249724416323666e+00 1.187341733662098697e+01 3.194552296649329648e+01 4.460655261304103192e+01 3.513533390317849125e+01 3.894508257915448013e+01 2.322918185242231814e+01 4.441531991466872853e+01 5.893452881601550786e+01 6.485969416733242099e+01 6.485971141312064958e+01 7.308315700586854291e+01 8.091327445612513714e+01 8.741558684880668295e+01 9.556076771779949297e+01 1.053374268980754493e+02 1.022481304723146707e+02 9.402662721952437153e+01 8.396717245904869742e+01 6.333154820960031373e+01 8.396717245904869742e+01 8.871699938684308506e+01 6.818617541017378869e+01 8.871699938684308506e+01 1.003240683236950872e+02 9.222607721192727581e+01 7.192031172062675637e+01
4.163169627051843593e-04 5.136115932511937210e+00 9.216731401078412489e+00 1.657653542867128849e+01 1.183098234768036150e+01 2.606949153045629686e+01 4.048022356272537792e+01 3.509197313491122827e+01 2.159089344062935822e+01 2.093599209426557906e+01 3.559700472471753585e+00 3.762770455342487885e+00 1.171437832977859905e+01 2.578702600973860726e+01 3.395588020276053953e+01 1.777768984083278880e+01 3.894508257915448013e+01 5.281535309901437358e+01 4.662057139909551040e+01 4.443138840621620744e+01 4.443138841928828242e+01 6.485971141990405897e+01 7.754839168078649436e+01 8.572865876249728956e+01 8.689146717967173572e+01 9.507728579536072289e+01 9.402662697205340692e+01 7.363773026933610311e+01 7.824388005838677884e+01 5.757088775347988729e+01 7.824388005838677884e+01 7.433923153279098983e+01 6.124024485375127114e+01 7.165282293021193993e+01 9.209395985902801840e+01 9.736848131313031729e+01 7.725352997285433787e+01
5.883922493566802643e-03 1.979299505828748806e+01 2.811701797199955877e+01 1.588414621756295553e+01 2.793996774405063377e+01 2.434065892360802863e+01 4.071493705654629736e+01 2.877329515132193194e+01 6.701274858137685086e+00 3.972310302915809554e+00 2.325970974459691476e+01 1.785853265159427039e+01 6.515333535317682667e+00 9.692176951648034944e+00 1.292866859849477912e+01 3.395588021038177118e+01 3.859262113315649145e+01 4.139068679881651747e+01 2.537668045897799018e+01 2.928987661591348157e+01 5.041469741830437101e+01 6.128512363691935860e+01 5.763003589530014636e+01 7.300373200641266180e+01 6.725135984429300606e+01 8.689145107887976849e+01 9.142038247080054703e+01 7.096332559430496190e+01 5.894759605057871710e+01 5.244121649703893695e+01 6.745965553328531428e+01 5.370050353427409817e+01 7.433923153279098983e+01 9.018725230229729561e+01 1.003240683236950872e+02 8.940675053090541269e+01 8.066449952423391778e+01
1.256007409845548732e-03 1.613350292882870818e+01 3.796991542622052407e+01 2.807156964027696588e+01 2.685300282345567879e+01 3.979864608660933101e+01 4.572815936804281023e+01 2.219709954189772105e+01 4.390184227968830122e+00 1.486024981554931124e+01 2.905899476891002564e+01 2.984491656849858643e+01 2.732399430245143179e+01 9.844515380377412583e+00 1.224929771155561653e+01 1.471993033114867266e+01 1.735194851853424680e+01 2.009089870874101891e+01 4.139068679881651747e+01 5.041470222585935090e+01 3.587839673424894471e+01 4.073278409204307593e+01 4.644824049092957097e+01 5.305915329130288427e+01 6.469833319959933249e+01 8.434916027555466655e+01 9.965679210092564233e+01 8.794284780141808255e+01 7.960949913512995124e+01 6.745965553328531428e+01 4.693683431530736527e+01 6.327045224236022847e+01 7.169798234278665916e+01 8.351081175843090421e+01 8.245529405765338993e+01 7.729426416686003165e+01 5.973733942309527123e+01
9.594114293757748102e-03 2.000959411414559597e+01 3.828303011566677583e+01 4.818778926079485814e+01 3.887195024031326795e+01 5.138944040032501448e+01 4.273471587828475293e+01 2.482168218002585292e+01 4.688264331758453807e+00 2.288417517499842901e+01 1.810823367806501238e+01 3.651840551460873030e+01 3.902218428044101017e+01 2.465042935811576896e+01 2.714959699853424269e+01 2.346251021226546030e+01 3.859262113315649145e+01 3.254449853588957353e+01 2.708335555388040916e+01 4.827003546617753216e+01 5.668948054921528268e+01 6.128512380764986744e+01 6.669677208537999036e+01 6.669676871252639216e+01 8.116253266413797007e+01 9.252039344660455811e+01 8.654708436214055212e+01 7.820624717255923031e+01 7.092038897244596285e+01 6.472388131846948056e+01 6.327045224221391351e+01 4.287121776370938164e+01 5.457540727156345639e+01 7.514810455951675294e+01 6.197957759984818438e+01 6.843271606343087399e+01 4.789453331229518085e+01
7.711341127313004785e-03 1.000771101489589654e+01 2.414968881708713866e+01 4.413751340767297648e+01 5.611249134789832738e+01 5.045394484205186103e+01 3.174026057217593078e+01 1.061734711640822226e+01 1.152381910982230551e+01 5.112590478288339568e+00 2.804921397291764151e+01 3.021893247586111286e+01 4.521183441626556032e+01 4.577193901097285789e+01 4.814932688492557844e+01 3.484470960441544207e+01 5.357038870425847676e+01 4.761710476349550447e+01 4.827003546617709162e+01 3.477930975016041515e+01 4.160916480360204162e+01 5.210272160512865725e+01 6.383818275231570283e+01 8.371891390371638408e+01 9.463325820711141034e+01 9.001580621092919898e+01 6.956104346074688749e+01 5.759872683031586860e+01 5.036889701938729758e+01 4.430295829360812832e+01 5.671413667788812774e+01 4.020303025002426978e+01 6.051982005472814308e+01 6.797565087354561797e+01 4.752604414284527934e+01 5.340261625319296712e+01 5.434381400898940484e+01
2.297228869525369630e-04 2.000022972288659773e+01 3.300170910517461209e+01 4.129581064594749051e+01 5.130556222640318964e+01 4.166223955925736533e+01 2.041458031593840516e+01 1.896466332562053836e+01 1.955576273631725925e+01 5.413001551100299125e+00 2.339755933577938407e+01 4.316912988009899976e+01 4.246082343758920530e+01 5.263534272743118692e+01 6.340225218486621372e+01 5.677539386155844880e+01 6.524293440110541553e+01 6.860869850552411719e+01 6.398060956824039636e+01 4.972708553771360585e+01 5.565958536192142248e+01 5.479553823871905394e+01 7.498151247876691627e+01 9.199336470426352719e+01 1.069989300667230765e+02 9.826553436035121081e+01 8.654708436308055752e+01 7.820624717255971348e+01 7.092038897244610496e+01 5.671413667854561425e+01 3.649537967497172275e+01 5.353696597066122109e+01 6.195838628426719197e+01 6.018109444633898875e+01 5.175160342615372144e+01 3.332833901316823955e+01 3.456311756831374282e+01
9.647730019007896146e-03 6.334203050354902054e+00 1.300086971731075280e+01 2.300087084193951625e+01 4.300366902008163805e+01 5.073326385116720871e+01 3.744939266847959658e+01 3.209904525095092254e+01 2.317743664461880826e+01 5.713043308910781271e+00 2.616268586406026841e+01 3.192979728826872332e+01 3.854059694210204867e+01 5.409343571128260919e+01 6.962101436807095922e+01 6.682595039463666353e+01 5.851467438859169334e+01 6.376854402587260040e+01 7.209735989021577041e+01 7.003462714386279231e+01 7.581278174199478315e+01 6.913848008439028092e+01 8.335421732516165605e+01 1.011228779924115599e+02 8.697506492704158632e+01 1.011228779906177095e+02 8.794301939825622583e+01 6.748416448218809194e+01 5.557605796382629393e+01 4.648866132393222017e+01 5.352112068583103621e+01 3.337265572587586604e+01 5.046121705804389279e+01 5.004774542352841848e+01 3.159850598210108785e+01 5.176781540933723846e+01 5.476557095842642298e+01
3.582433992925927561e-03 2.000358243399256963e+01 3.299858396469770838e+01 4.129213415248189989e+01 5.130677770862192943e+01 5.596827080131838272e+01 4.514414248714324174e+01 3.362889702895099475e+01 6.132717914379696822e+00 7.050790294650203904e+00 7.783533958834411237e+00 1.097850239523322102e+01 1.752051334608475130e+01 3.565161766889607264e+01 5.953099900666323663e+01 5.162060725418192675e+01 3.775737713628912928e+01 4.308664366790480926e+01 5.794492204103877953e+01 7.826977793097776726e+01 9.032158452657979808e+01 8.959491350009275834e+01 9.370673972267925933e+01 8.541568386096686538e+01 7.276873117347129494e+01 9.215651873830641705e+01 9.620323582303730348e+01 8.447872402358730426e+01 7.533889849200002686e+01 6.693856914887294352e+01 6.178736199455934752e+01 5.043770126578291979e+01 3.032851582168157378e+01 2.989295154152202727e+01 5.004774542352805611e+01 4.578819399562478765e+01 6.620389852423882360e+01
1.813270376062421294e-03 1.414394889410713851e+01 3.414394889410784373e+01 5.076093929731151633e+01 5.886783584028794536e+01 4.753842336889986342e+01 2.620362873953748917e+01 1.503225824291835444e+01 6.423696511230929218e+00 1.681197217652965037e+01 1.338502117269513647e+01 2.954296664298880160e+01 1.668700254635538016e+01 3.678952489569957862e+01 4.566770738904143911e+01 3.106688376836267906e+01 4.556365578560218665e+01 6.390479101014557983e+01 5.302532806644113350e+01 6.246198544271495479e+01 7.689590471238540204e+01 9.594238257712927975e+01 8.213150055823683715e+01 6.535324999068333796e+01 6.380145326301477837e+01 8.386381104028372135e+01 8.524896430167207484e+01 7.692067860006463320e+01 7.692067835041672197e+01 7.156387191645950452e+01 5.195011806333949522e+01 3.813149406818823195e+01 2.821577160014207308e+01 4.835153197081858423e+01 4.407684973069097367e+01 6.446276250113967876e+01 6.620389852424217736e+01
2.372884694381488524e-03 1.414450850842545648e+01 3.414450850842616347e+01 3.122585629992421730e+01 4.732846709788910999e+01 5.536301532289591165e+01 4.241415752827013819e+01 2.722635611450509785e+01 6.711239976462385570e+00 2.317662842342392082e+01 1.138900909530830319e+01 3.080975201035692379e+01 3.678714201333093570e+01 2.184477893322388198e+01 2.541177956847570485e+01 4.566770746167298256e+01 6.000547021063539432e+01 7.444728463567112442e+01 7.358245290325534427e+01 7.358209146514866461e+01 9.032301971126838680e+01 8.470316556564326049e+01 7.383263229884121870e+01 5.378544452476473481e+01 7.383263229884121870e+01 8.852726130135337712e+01 7.692067860006463320e+01 5.642483330971560918e+01 5.642483330965831101e+01 7.083687229784257511e+01 6.591397484132779994e+01 4.731422837773124002e+01 2.720256971205054697e+01 4.731422837773124002e+01 6.446276264146027302e+01 7.286101614996063347e+01 7.728261992159292504e+01
8.175220331382775790e-03 2.000817522033102591e+01 2.974791991279407810e+01 1.982377113022123893e+01 3.359147795535609760e+01 5.234057801883932370e+01 3.722242147206698348e+01 1.198914090286536549e+01 1.198518304399675216e+01 7.130675787270033261e+00 2.603575232744967138e+01 1.550378137428734426e+01 3.408114829071845975e+01 4.189061428756575367e+01 4.566770745712426560e+01 5.409965133361671263e+01 6.416484055013798127e+01 7.177839589415205523e+01 8.015769980868880396e+01 9.313345809846433099e+01 8.203690351743640008e+01 7.050014642608185511e+01 5.636928941882589328e+01 4.839365229099394128e+01 6.007668990013665677e+01 8.023146558387529126e+01 7.692067835041672197e+01 5.642483330965831101e+01 4.201343711011934801e+01 5.329828972034253809e+01 6.172206074377525198e+01 4.628251116460892689e+01 2.620669416029640431e+01 4.628249130469049533e+01 5.529055368404150528e+01 6.055062223441664315e+01 5.679019173274251386e+01
9.124702163186202558e-03 4.859783668418620195e+00 9.859204506454313233e+00 2.974791991279407810e+01 4.756700994737619226e+01 5.701071104300590520e+01 4.004131414187115467e+01 1.601522148981097260e+01 1.752480370334033211e+01 7.438364346448615549e+00 2.744496130261410727e+01 3.391132475278013203e+01 1.946827145593943342e+01 3.808059162122437158e+01 5.050403741542956482e+01 5.479309173525449239e+01 4.428389244336894848e+01 5.163422695228801018e+01 6.580713249792253805e+01 8.619014747904351736e+01 7.373738015314658867e+01 5.378500265496142418e+01 4.295513257937960816e+01 4.278903387979232775e+01 7.242903507610033387e+01 8.149611381401170718e+01 7.729201813782914599e+01 6.553341181504984547e+01 5.329828972034253809e+01 3.307522017497234401e+01 5.329828916018935558e+01 4.525675814758091775e+01 2.522710882474163441e+01 4.525638706374729026e+01 3.503589491518562937e+01 4.017846436422073708e+01 4.778118062071274608e+01
2.239863785106879172e-03 2.000223986378475161e+01 2.974791991279407810e+01 2.389312591423116672e+01 4.285141564164722894e+01 4.962023368761609987e+01 2.986430829536612563e+01 2.382407440524509212e+01 1.662327576871656731e+01 7.751770865256257359e+00 2.778781821242953498e+01 3.984445329185507489e+01 3.808059156101246856e+01 2.346504500146195937e+01 4.229049896335649805e+01 3.529993714565421215e+01 5.479309173525449239e+01 7.177839589415205523e+01 8.015769980869664835e+01 8.059663592005775001e+01 7.055807269618411226e+01 5.836321089026647257e+01 3.846277846958845004e+01 5.836321097848731654e+01 5.349339876683980322e+01 6.995455754762915035e+01 6.892196975473351017e+01 4.848941602623436609e+01 3.685153679176199404e+01 2.798143520933592399e+01 4.186841128814685220e+01 4.284330455310898600e+01 2.425409247203287322e+01 2.823148295048866885e+01 4.834336394092153455e+01 6.055062223441664315e+01 6.055062223441665026e+01
1.766589122093755728e-03 1.414390221285316862e+01 3.414390221285387383e+01 4.340212671513464215e+01 5.144035566074597199e+01 5.416541268574300716e+01 3.852084376140214772e+01 3.535621362664073786e+01 3.048231816588076981e+01 1.957807063818111715e+01 8.192520371187969275e+00 3.358444841966683470e+01 4.783275990905715958e+01 4.229049896335276060e+01 2.775518906124634100e+01 4.683518812006434473e+01 5.348299816850411048e+01 7.349618775325946274e+01 8.879686225550086931e+01 7.225977379981245008e+01 5.226824372933640461e+01 4.235092242632452297e+01 3.485540564065289004e+01 5.017776106202570929e+01 4.188719718920639679e+01 6.167447947417184650e+01 6.715752255864391884e+01 5.716439560487972216e+01 4.854276651177510615e+01 3.915164513039022864e+01 2.201898998100273275e+01 2.291416630447618275e+01 3.684755434478033465e+01 4.832131481630903380e+01 4.237929374387296377e+01 6.274200323229095488e+01 8.099435587929082203e+01
