LEM/sinusoidal_perturbations/elevation_000674.asc
nrows	100
cellsize	150.0
xllcorner	0
ncols	100
yllcorner	0
NODATA_value	-9999
[rows 0 to 16 of 100, columns 37 to 73 of 100]
1.083777751410815000e+02 1.048205107938164673e+02 9.659522736232608509e+01 9.659522736232608509e+01 9.812602276952161162e+01 9.727833019336604536e+01 9.727833019336604536e+01 1.055047580687417224e+02 1.074888747325676661e+02 9.925871305605137707e+01 9.393855677984467434e+01 9.964856073709182738e+01 1.059123153444897127e+02 1.129172856699231318e+02 1.211654741252430370e+02 1.326374614897080448e+02 1.514733199592849076e+02 1.433668936794328488e+02 1.307926882756774205e+02 1.194914717845047107e+02 1.113934068484844602e+02 1.122327299223654649e+02 1.203297945432663454e+02 1.230654074990773665e+02 1.172000342473407812e+02 1.252911801392933455e+02 1.175779220311578257e+02 1.094685320554531529e+02 1.094684392883220738e+02 1.112934459370325015e+02 1.112934459370325015e+02 1.193679678769365466e+02 1.161738256321732337e+02 1.085003129998318911e+02 1.096891353648884291e+02 1.161702556972460911e+02 1.118877968868325041e+02
9.848116865795275032e+01 9.659522736232608509e+01 7.685355967666208699e+01 7.685355967666208699e+01 7.837782161941065340e+01 7.753372263569748668e+01 7.753372263569748668e+01 9.727833019336604536e+01 9.606116172743091397e+01 7.949680894301523892e+01 7.420669617976595589e+01 7.986852680634888202e+01 8.610458408073893111e+01 9.310423759342486960e+01 1.045369461111128260e+02 1.243650423995976837e+02 1.350658528599447266e+02 1.239162939092600624e+02 1.227081035732414165e+02 1.031104739733337823e+02 9.153551304519041310e+01 9.239414249197675133e+01 1.089251123675252302e+02 1.034017152315314547e+02 9.747594209345874106e+01 1.139356567582360071e+02 1.094685320554531529e+02 8.955636895886871685e+01 8.955636676669607255e+01 9.144774510387046007e+01 9.144774510387046007e+01 1.112934459370325015e+02 1.071554914498915281e+02 9.168382274601560766e+01 9.257365285156538448e+01 9.544658869237632359e+01 9.266379579999276928e+01
8.040351736602907806e+01 8.860284850264615386e+01 8.263576026986177681e+01 6.290035174885417746e+01 6.442715709260387769e+01 6.358192073732597294e+01 7.588159245339465997e+01 7.912201182730508719e+01 8.249408045473637685e+01 6.817326390777539302e+01 8.784917239669034927e+01 8.472467277986444856e+01 9.871142609164935777e+01 1.129172856699231318e+02 1.211654741252430370e+02 1.293856702003898533e+02 1.156139082843702823e+02 1.258290836748587083e+02 1.080308449877909851e+02 1.194914707252607968e+02 1.007789161289645534e+02 8.056624974505707826e+01 9.285085610492399155e+01 8.918521752803749791e+01 8.576833786305718377e+01 1.050283684293296176e+02 1.080111376134390326e+02 9.538850650176578938e+01 7.504971236672410839e+01 7.698830099163895113e+01 9.144774510387046007e+01 1.112934459370325015e+02 1.015070146467582362e+02 8.095440489195773637e+01 8.039466321010807803e+01 7.814730260749503543e+01 9.012531609511174224e+01
6.062859443081438116e+01 7.292929904002255626e+01 8.112641449268936356e+01 7.276805600917718664e+01 5.280284223412728295e+01 7.139485171464933444e+01 5.606868181648998473e+01 5.941131027723044156e+01 6.283171050206710362e+01 7.415883652802534698e+01 9.387812361550119533e+01 9.614204009027234576e+01 1.127563503940873773e+02 1.268012746965254394e+02 1.373793385401995977e+02 1.213112509432911423e+02 1.017443818026211062e+02 1.089360763106952703e+02 9.814629117116136570e+01 1.177581952290159961e+02 1.070100699942111646e+02 8.698591767943963760e+01 7.239369181897184546e+01 8.668278899480895916e+01 7.651719688808530861e+01 9.684838107444984701e+01 9.985821312052007670e+01 7.966142035174725322e+01 6.775205081946850783e+01 8.819758937870204818e+01 1.053933738960572271e+02 1.018149650651290870e+02 9.369100248706715206e+01 8.637312084397721890e+01 6.903791456257437176e+01 8.945377778596866847e+01 1.061955003063598468e+02
7.292929904002255626e+01 5.292702065090745833e+01 6.643968963218138413e+01 6.518029105308154669e+01 4.806170480311310911e+01 5.136188921105527783e+01 7.139485171464933444e+01 7.912201182730508719e+01 8.249408045473637685e+01 9.068950552777565122e+01 1.020871157832553280e+02 1.159624944873054773e+02 1.242185289893727429e+02 1.309282347914776494e+02 1.235699950998527470e+02 1.097606516595057968e+02 1.089360763106952703e+02 8.905393629965547575e+01 9.050818028759458400e+01 1.103455922471062252e+02 1.127621053879278747e+02 9.285085610492400576e+01 8.668278899480895916e+01 6.617556336512282655e+01 8.076377166581670508e+01 1.009725599135587686e+02 9.823163236337768467e+01 7.801217997853397890e+01 6.356822988024922694e+01 7.801206254308141297e+01 9.822437207682014559e+01 9.386003497714257549e+01 7.356051617705750800e+01 7.933306469943765649e+01 6.458890061821010420e+01 8.513392443784638886e+01 1.018682147554678181e+02
8.112388020598940841e+01 6.643967365986709694e+01 4.606973166284129206e+01 4.472668639368155397e+01 6.518029105477528162e+01 5.454021252202888093e+01 7.444709484874239536e+01 8.594807208817452704e+01 9.141521476306702709e+01 9.766277221027384314e+01 1.058901171357617557e+02 1.173402608399575513e+02 1.252221254850092720e+02 1.114280328080379832e+02 1.154811747817748966e+02 9.572907757346594337e+01 1.019066782972658274e+02 8.174562197963540200e+01 8.364258040104864733e+01 1.037331215939537259e+02 1.076009546378200383e+02 9.942583320885599107e+01 8.321643518804111750e+01 6.280978321945291754e+01 7.727652288214241594e+01 9.755665236315867617e+01 9.441051503079143004e+01 7.415187193714530167e+01 5.987517905857573197e+01 7.415187193714530167e+01 9.441051503079143004e+01 9.355337704710298397e+01 7.344281846216523491e+01 5.848429090858598300e+01 7.933306469943765649e+01 8.795962900710809151e+01 8.219850415670829591e+01
7.625276967015970797e+01 5.623278004955665921e+01 4.147508483100645549e+01 6.209679421682695732e+01 7.340416468139663664e+01 7.444709484874225325e+01 6.129167475194171288e+01 6.625500332404682524e+01 7.170315151846493507e+01 7.790626086435325703e+01 8.929325128313655568e+01 1.090957504142487124e+02 1.171395097344802139e+02 9.745144916082024622e+01 1.046876869115496760e+02 9.889795042204958975e+01 8.285224905559257991e+01 7.511119868438595404e+01 9.553119249747388153e+01 1.118491814881283091e+02 9.942583320885599107e+01 7.921676976424249972e+01 7.994875568296541246e+01 5.971598971639684095e+01 7.994875568296541246e+01 9.681190539197696410e+01 9.315344878018952102e+01 7.656732737156555402e+01 5.652018903725647903e+01 7.656732737156555402e+01 9.089036301428872378e+01 8.271696394068052882e+01 7.575752949225538657e+01 5.472348149524831484e+01 7.575592574775153309e+01 6.754735551928017401e+01 8.219850415670829591e+01
7.437878368167807253e+01 5.427808146908238029e+01 3.948430568022769194e+01 4.897489818069508516e+01 6.081922207170697448e+01 8.069258878963326254e+01 8.102480489714261580e+01 8.594807208817452704e+01 9.141521476306702709e+01 9.766277221027384314e+01 9.402627592289701397e+01 1.138433251406258790e+02 1.160645569832217348e+02 9.635923998819791336e+01 8.463145138697834113e+01 7.862090781085532853e+01 9.123394869575626842e+01 7.080921635059782204e+01 9.136297871471076348e+01 1.027048600425826663e+02 9.691208597349796605e+01 8.513586740574062617e+01 6.478282191817123703e+01 5.680068742665220327e+01 6.823452209866938745e+01 8.856400391373789205e+01 8.489668837728349615e+01 6.468270156389941405e+01 5.327995163843162629e+01 7.322613764918069990e+01 8.271696378057033883e+01 6.200895049013561788e+01 6.807395412922065248e+01 5.110231141925495280e+01 5.743105072072879835e+01 7.833575642252948512e+01 9.591065564201278448e+01
6.364291597085323104e+01 5.567082346236178836e+01 3.758657557668509952e+01 5.829301617776260969e+01 7.743486448330548910e+01 8.889796212459366131e+01 8.488558618388998411e+01 9.310403881576347374e+01 9.709259703334912217e+01 9.925888777543634944e+01 1.074830990657555390e+02 1.220964256189997883e+02 1.241470134366194884e+02 1.128027023607706383e+02 1.046876869115496760e+02 9.123394869734809731e+01 7.071300448510599779e+01 6.712162959032320941e+01 8.772955252800935000e+01 8.291335313939681839e+01 7.711488813350511862e+01 8.746816887679442232e+01 6.800943911670691477e+01 5.418520474401839948e+01 7.404962429553862080e+01 9.130867815316354097e+01 8.173979401387065025e+01 6.159824755604920199e+01 5.015577993513900168e+01 6.594843685820470114e+01 7.060481200536982271e+01 6.407481500809038266e+01 4.668023104513460453e+01 6.773582612235735212e+01 7.825603509962969895e+01 7.729408487071084721e+01 8.530124823868264627e+01
5.265902417624124610e+01 3.496057921804747082e+01 3.801705217007981474e+01 5.855424259930178721e+01 6.622817110500832882e+01 6.962263662614259374e+01 6.499263908715472837e+01 7.810021087398907014e+01 7.726959441668034856e+01 7.943851045380147013e+01 9.879106768579515574e+01 1.086980617669660774e+02 1.177932587028949314e+02 1.078991450496692011e+02 9.975233496747617323e+01 9.259495913120640864e+01 8.419532289872543629e+01 6.363344143509487338e+01 8.419532290164688959e+01 8.291335313939681839e+01 6.409831876986307009e+01 7.182937505868642347e+01 6.827019507057858050e+01 5.160000523564746544e+01 6.287185763215070722e+01 8.303436324304522032e+01 9.000938071660310413e+01 7.781738324236442850e+01 6.501960619700545863e+01 4.583466488276998518e+01 4.746272920232875236e+01 4.251494708277241585e+01 6.287467949299700365e+01 6.930249750378511919e+01 6.707187380951684474e+01 5.781294698127639009e+01 6.991648435200919209e+01
3.277533826552551943e+01 5.344380038173319747e+01 5.855424259930179431e+01 4.257473813459899503e+01 4.600825693981000342e+01 4.954086872476761272e+01 5.341040746073772993e+01 5.816055037396784400e+01 6.317399111708437687e+01 7.073043550882930219e+01 8.067685098308231773e+01 1.004768716969790745e+02 1.096961906641619038e+02 8.980847927079041426e+01 7.950821901297224770e+01 7.210862598822572522e+01 6.554519916460681372e+01 6.098327783559891202e+01 7.804117595240722949e+01 7.588232826466904157e+01 7.190727069895012846e+01 5.504098706408419872e+01 4.918036682489309896e+01 4.898642374432552060e+01 6.883739725872153770e+01 7.422981656115777582e+01 8.251293742607755632e+01 7.709583049581138425e+01 6.720743795119932429e+01 6.051795125391380026e+01 4.147966579071481164e+01 5.139558852943827105e+01 4.360548491854070363e+01 5.998113810895667797e+01 4.582895348059913232e+01 4.661577797849075466e+01 5.731385248039192248e+01
5.124677484940619365e+01 6.177846195150231523e+01 7.120724897691525257e+01 5.447788389236941953e+01 6.622817110500832882e+01 5.859837700376233016e+01 7.340038782261494532e+01 6.609095223718777845e+01 8.307561745962399868e+01 8.307561745962399868e+01 9.879106768579515574e+01 1.086980617669660774e+02 1.177932587028949314e+02 1.078991450496695421e+02 9.698650333118067124e+01 7.665079826774579885e+01 8.611658610626453481e+01 7.207864356525909955e+01 5.791160408173933405e+01 5.596778944610345263e+01 5.402792148679078821e+01 5.205061852722464266e+01 6.631555886995944604e+01 4.628692633369693255e+01 6.415581588027379212e+01 5.417458282365777222e+01 7.092323638698171351e+01 6.853529118014311905e+01 4.918775773345530666e+01 4.049656736794521095e+01 5.037411674228954439e+01 5.947240123260773004e+01 4.663672831260471696e+01 4.471441958707221431e+01 5.849910844696554335e+01 6.589902500358383008e+01 4.771884075127732672e+01
4.991091078959946969e+01 5.885074733292650251e+01 7.893382317504686796e+01 7.451855441492730847e+01 8.274880362939836687e+01 7.014695002831170711e+01 8.676343776968158750e+01 7.759822686212987719e+01 9.419702642849631502e+01 1.028964960100315977e+02 1.078672809190192226e+02 1.029802392214814972e+02 1.111030793628061843e+02 1.132015440643700543e+02 9.334225608685716224e+01 9.115813428587033229e+01 1.006528487204279969e+02 8.484014742948033927e+01 6.438886820472798433e+01 7.588232826467192638e+01 6.799071508871816150e+01 5.436475969073309500e+01 7.459094886984502182e+01 6.415581588027379212e+01 4.390954010473717517e+01 4.223928292303431675e+01 6.052199785569803936e+01 6.768020630594095621e+01 5.937910357593798949e+01 3.982365824630718976e+01 6.031708865980435519e+01 7.390604093064970925e+01 5.700204021712495717e+01 6.658401788640344421e+01 6.363972962300157121e+01 6.608243530889187412e+01 6.726324761096952898e+01
3.832145863157425936e+01 5.885074733293407689e+01 6.640513468244681405e+01 7.275370329895481802e+01 8.096027722812613092e+01 9.000851610059251584e+01 9.822711857466923391e+01 9.742537692667040972e+01 1.056485041978351944e+02 1.019716793258135397e+02 8.796891392902948326e+01 8.297484719561903432e+01 9.961977666677785237e+01 1.105492826537389703e+02 1.132015440643700543e+02 1.110574305437711047e+02 9.910618772600116699e+01 7.893098471376397640e+01 7.893098471376397640e+01 9.306756016259295450e+01 8.801598316020560731e+01 9.240139095722844331e+01 7.833072439712471180e+01 5.828438044632741821e+01 5.828437917862948581e+01 6.053433789868415005e+01 3.994157505024469401e+01 5.844412600862762019e+01 3.889499228045646362e+01 5.628685758281943663e+01 5.455015471957748474e+01 7.479655485323731057e+01 7.264774955523506605e+01 7.910661870759687986e+01 8.400310927576639131e+01 8.431215903706799963e+01 7.685666872589105481e+01
3.466169055951531419e+01 4.022063734926533130e+01 4.606153046354268099e+01 5.267776658892545782e+01 6.695184836589913857e+01 8.676062016525906984e+01 1.063941055848006698e+02 9.992606460313623984e+01 9.173292536478717807e+01 9.194063978179599417e+01 7.359961499011313890e+01 7.118523786577310375e+01 8.237633423536553323e+01 9.734342818198686587e+01 1.062828589565110491e+02 1.176877500583443350e+02 1.072041356114219042e+02 9.910618772600116699e+01 9.910618772600116699e+01 9.906449421826475543e+01 9.083486142796894569e+01 9.906449421826476964e+01 8.660283950039725198e+01 7.833071258535609616e+01 7.833035035070747654e+01 6.773649201124347030e+01 3.875188891388405210e+01 3.797417390361066936e+01 5.844413534932098742e+01 6.716258474034307824e+01 7.460103705919412675e+01 8.305942269258038380e+01 9.469970821282191764e+01 1.009100392247120368e+02 1.026632456346711280e+02 9.378050833465213998e+01 7.620053801372014846e+01
5.527270105284586776e+01 5.156303664935493458e+01 6.640513468244681405e+01 7.275370329895481802e+01 6.695184836589913857e+01 7.840770671595186059e+01 9.817091213262544613e+01 9.173292536478717807e+01 7.153151466475745224e+01 7.744837070843574622e+01 6.338027241962999625e+01 6.204723871908799993e+01 6.885228440087358592e+01 7.801391159879163695e+01 8.975161124770863807e+01 1.095945558105784272e+02 1.139464957015615596e+02 1.024453709617541506e+02 9.424646116968442300e+01 8.654294381754685617e+01 7.041935349700295887e+01 8.893690759224121223e+01 9.146593430741128827e+01 8.325449816563308048e+01 8.472206228512031601e+01 7.269342980111544250e+01 5.254884463388267335e+01 3.735180250901485266e+01 5.783858388199023892e+01 6.169833712191091024e+01 8.178628009450733316e+01 8.841167369972210111e+01 9.664519937149245266e+01 1.085157703181824473e+02 8.868907580790344980e+01 7.457356390967666471e+01 6.567585071292299403e+01
6.820951734757589691e+01 7.177881476520794024e+01 8.001277033223101398e+01 8.895253032537225124e+01 8.090097666904446783e+01 8.340986916754248170e+01 9.146923524956618223e+01 8.974049212345762783e+01 7.744837086824908567e+01 5.709792357377815364e+01 5.504337107098196924e+01 7.540351164987575316e+01 8.913835916832141493e+01 9.734342818198668112e+01 1.001250226078750813e+02 1.080184443850115201e+02 1.058192269683947586e+02 8.577460862093300875e+01 7.386487003545735774e+01 6.604988554509000664e+01 6.018255871629389020e+01 7.381225788042193869e+01 8.215943763100268882e+01 6.329203558529775364e+01 6.695521570460137184e+01 5.638933666004836454e+01 5.639473336592468655e+01 3.676527702159378919e+01 4.131931216199478740e+01 6.169833831358927512e+01 7.415914726905607779e+01 6.825555824931583970e+01 8.841167361334875352e+01 9.826458871438130416e+01 1.026632456346711280e+02 9.378050833465151470e+01 8.558651532279684204e+01
