LEM/sinusoidal_perturbations/elevation_000697.asc
nrows	100
cellsize	150.0
xllcorner	0
ncols	100
yllcorner	0
NODATA_value	-9999
[rows 34 to 50 of 100, columns 0 to 36 of 100]
2.064481644892168701e-03 1.154906986543730696e+01 3.154906986543695169e+01 4.523357368029439840e+01 5.370241414322955364e+01 6.901263333766223695e+01 7.162957528562567688e+01 6.324866410209748580e+01 7.162957528562567688e+01 7.402151644193367019e+01 6.177238820828699062e+01 4.222791628608985803e+01 6.177238820828699062e+01 6.743234486134427641e+01 5.083261765059405235e+01 5.191116931749087371e+01 6.579316425222778264e+01 8.513238604660416797e+01 8.132262934384954178e+01 7.583021135132709389e+01 6.665259344365151151e+01 7.583450611628596505e+01 8.856283116900731045e+01 1.005748229536811493e+02 1.063775321787562547e+02 9.104946112253220747e+01 7.927636999719861421e+01 7.927637009619870412e+01 7.676299897580611287e+01 5.536272723162307585e+01 4.398090283732124561e+01 6.140026306802340628e+01 6.969637291821830161e+01 8.393522517855974741e+01 8.620385399477008548e+01 9.463168257744932532e+01 9.951596154021096652e+01
2.905961989428186391e-03 2.000290596198907167e+01 3.239742041978482234e+01 2.501785199279590799e+01 3.931030812772601735e+01 5.831832142899709481e+01 6.170626756306167238e+01 4.356222255592223291e+01 6.170626756306167238e+01 5.409310348808684665e+01 5.525756423422150476e+01 3.580596589002310282e+01 5.525756423422150476e+01 5.920203761225093331e+01 3.955165931816772229e+01 5.920203761225093331e+01 7.253307561302598572e+01 7.544664734805940043e+01 6.120990619637667152e+01 7.338467621317940370e+01 7.606103052038885437e+01 8.113701330828894243e+01 9.010218964935657482e+01 7.905010023114616047e+01 9.440775347101454429e+01 1.059894417568256273e+02 9.898868494578722732e+01 9.761422377711625131e+01 8.520839879203197142e+01 7.172641951790397741e+01 4.657544865473465734e+01 4.671761791498726524e+01 6.639413558674864646e+01 7.807302477637318816e+01 9.010135411689641671e+01 8.998591250025668842e+01 9.753080576505163890e+01
3.542675937824442140e-03 5.964496996921584859e+00 1.227246294151220418e+01 3.169185165800550408e+01 5.096213758308092423e+01 3.851381417458418355e+01 5.226083341951603245e+01 3.406408081321208670e+01 5.340544332900982027e+01 4.032630028638661912e+01 4.964237146412589397e+01 3.024873097535635225e+01 4.231228174539718623e+01 5.045694529318495825e+01 3.399648225631450060e+01 4.450883493999590712e+01 6.425078413069999783e+01 6.541762677338364540e+01 4.707671186494705751e+01 5.435184111420487341e+01 5.504830484634231880e+01 6.304039583709386108e+01 7.470332183240165591e+01 6.447813553259263131e+01 7.572962260187337336e+01 9.858485139304256961e+01 1.036464638781804268e+02 8.340124974573690508e+01 6.882400232272381402e+01 6.868186169548259556e+01 4.975939265628920083e+01 6.639413558674864646e+01 4.956651069808016530e+01 6.962609451077146616e+01 6.947024723546500979e+01 6.946121783903549840e+01 8.998102885926944339e+01
3.411803931810562015e-03 2.000341180393145635e+01 3.239742041978482234e+01 4.071693752871124872e+01 4.194645969738864011e+01 2.498774578559762460e+01 4.332307121551629336e+01 2.730397860900571416e+01 3.748645288218227734e+01 2.917208506198509355e+01 3.496806848650027888e+01 3.631141943225761537e+01 2.290003354218494991e+01 4.177035991982709362e+01 2.865369281841305593e+01 4.813161435812162381e+01 6.059932911238884401e+01 5.230592640158968010e+01 3.723320675200957908e+01 4.081460581422786049e+01 4.480747269326072058e+01 4.921436774347279197e+01 5.411518873967715137e+01 6.870848311921098173e+01 8.917614275802705492e+01 1.070842521491213688e+02 9.741808167192341728e+01 8.912314698800064150e+01 7.489242261801300060e+01 5.431804760368083862e+01 7.048643823256696805e+01 7.806124168995579282e+01 6.961448646602872259e+01 5.268693327378676372e+01 5.504103122707535789e+01 7.544241574734896005e+01 8.548993300303807530e+01
3.327314952832964925e-03 1.429155966224019636e+01 3.438089696821901953e+01 3.289640322369147185e+01 2.609046317252634495e+01 1.618064072543900522e+01 2.934158515812086776e+01 3.056928163703793899e+01 1.811648090364209907e+01 3.104002119675612903e+01 1.530970340068217261e+01 1.668625948127535707e+01 1.807386513304345499e+01 2.232554654637734259e+01 4.182079940087402292e+01 5.635327200749308929e+01 4.831462458489453837e+01 3.265836467404202637e+01 3.847411328777955219e+01 5.827660113985321999e+01 6.502063682631542463e+01 6.962428828587475493e+01 7.470332183240206803e+01 6.870848311921099594e+01 8.917614275802705492e+01 1.022535684339109565e+02 8.287279627084666345e+01 6.860573587426458175e+01 6.176449957489632681e+01 7.489242261801300060e+01 6.046070024793169040e+01 8.111841768080876136e+01 7.301046385674916905e+01 6.697741575471620479e+01 7.551295853947098635e+01 5.871468023410805870e+01 6.485724150917556585e+01
6.779948344387334673e-03 2.000677994834403250e+01 3.180846807704972434e+01 1.826076186267344781e+01 6.153679388189203792e+00 2.211295549559357099e+01 9.612872559761646230e+00 1.084845672325677590e+01 1.210433416262788064e+01 1.339372209202113595e+01 3.309044676902050952e+01 3.132557312814592976e+01 3.766608581544321765e+01 2.025486487396770485e+01 3.979500795558225690e+01 4.453753471743056025e+01 2.878584744690951425e+01 4.831462458489453837e+01 5.827660113985321999e+01 4.828705929171231048e+01 5.717607078286714284e+01 6.873096085977722680e+01 8.885930447589275616e+01 8.917614275802705492e+01 9.760310518975049376e+01 1.056482993324471948e+02 8.540920374962149708e+01 8.912314698800064150e+01 7.097309301451032582e+01 8.575086501505937520e+01 6.502506090361026736e+01 8.575086501505937520e+01 9.352519237795523566e+01 8.758320886721099896e+01 7.556616895701564829e+01 7.934537144536437836e+01 6.313317930760251073e+01
9.516927588586143695e-04 2.000095169275850182e+01 2.280394631216108436e+01 4.469617223316619814e+00 2.447534117751732552e+01 7.872870363102347113e+00 2.588400365346691245e+01 1.873192112219858174e+01 3.180753747324763125e+01 1.902357979847893787e+01 1.836475763574660647e+01 4.850292009789496461e+01 4.799077473068188482e+01 3.979500795550939785e+01 2.244942800537510763e+01 2.505400656046845498e+01 4.453752786531000396e+01 4.831462167548062325e+01 6.819108495424973171e+01 6.826614298799417213e+01 7.660739928263969034e+01 8.559390867397108593e+01 9.722762177759653923e+01 9.729321259090440321e+01 8.891746739848154846e+01 9.729321259090545482e+01 1.056482993324471948e+02 9.157332340397877601e+01 8.560889002363379063e+01 9.172862072913119391e+01 7.100655094014088320e+01 7.818425091863477405e+01 9.877118598608826971e+01 1.044629819160285109e+02 9.616089415317276234e+01 8.766322771749659637e+01 6.688869202953317483e+01
1.945935296826602993e-03 2.000194593529647236e+01 2.800560340231707634e+00 2.280394631216108436e+01 3.276003428593394773e+01 2.202515733273304122e+01 3.695352397175139458e+01 2.697442722021820316e+01 4.511049488403710228e+01 3.683156374712203274e+01 2.392760615032953808e+01 3.549853903685648504e+01 5.603489476012137516e+01 5.015250552533213124e+01 3.619321656767061768e+01 2.519031138592000474e+01 4.464167093445730927e+01 5.574602723329848430e+01 6.654392792703310988e+01 6.663866021100868409e+01 7.497416702833345425e+01 8.635856251986083976e+01 8.018833982804726190e+01 8.577894597187844283e+01 6.804446611839149739e+01 8.722788014503481691e+01 9.887498769017749112e+01 1.118080716997353221e+02 1.059727393626780554e+02 9.824351265594818017e+01 7.762452519230240000e+01 9.824351265594818017e+01 9.506785229497336331e+01 1.152491312588070400e+02 1.101074434486930329e+02 9.158703718400462890e+01 7.082418910324170724e+01
5.600688922766023682e-03 1.143149830054396743e+00 2.114428884659692187e+01 3.108850377541787324e+01 4.804297186220870230e+01 4.909165653928453565e+01 5.331170928090303818e+01 4.024320184120124111e+01 4.599312689064772997e+01 5.076990402791906121e+01 3.026320037053543288e+01 5.076990402791906121e+01 6.435078508151751464e+01 6.411179448303180095e+01 5.088856656508053078e+01 3.188339728751950375e+01 2.802533892410812300e+01 4.748729770289862984e+01 4.676892325609632195e+01 4.677319519645024570e+01 6.664189566647507945e+01 6.626697118210351789e+01 6.081330136677059528e+01 4.768077167985186549e+01 5.837415386417161756e+01 7.034551722526688877e+01 9.050685812797318874e+01 1.072102263312409605e+02 1.182867507564815384e+02 9.824351265594819438e+01 8.807036152554276498e+01 1.064305764243830197e+02 1.152491312588070400e+02 1.161335882841405009e+02 9.594926370608909849e+01 8.131295886667933814e+01 7.592007302780574207e+01
8.215197286175309616e-03 1.997124871709424099e+01 8.214461110880764139e+00 1.976249788754730830e+01 3.976170910808880166e+01 5.096754503245224299e+01 5.924764198968524198e+01 5.987468733408861254e+01 6.573251418109822453e+01 5.909650730059733093e+01 4.486101617368129979e+01 4.486101617368129979e+01 6.503522122416148932e+01 6.483204703348683040e+01 4.511300563838156563e+01 4.319286058191808308e+01 3.361690681408853720e+01 3.095140562616748170e+01 3.305131823320092366e+01 5.259076088505216262e+01 5.828575604512465702e+01 6.150241747236067624e+01 4.633541301602119233e+01 5.019146680802178651e+01 6.992502392244472276e+01 8.236718136277544033e+01 7.866465919828283404e+01 9.884151575611261364e+01 1.124828120262338160e+02 1.163550237303784911e+02 1.082631264428805622e+02 1.161871861709667400e+02 1.126372764928271835e+02 1.183000718097286494e+02 9.816654437998704452e+01 1.018611155013300333e+02 8.798965270232129399e+01
2.613274238814250559e-03 2.000261327423845970e+01 2.821515912656624181e+01 1.674329457284052225e+01 2.341060149219363851e+01 3.097047195380307372e+01 4.511190005424046490e+01 6.510432255529309487e+01 7.099491088122955773e+01 6.279988008358213136e+01 6.503522122415974138e+01 6.503522122416148932e+01 7.333199842751334074e+01 7.314618290974810577e+01 6.483204703348144449e+01 5.127489549969084237e+01 5.724028505138750234e+01 4.208896184796286377e+01 5.259076088492368939e+01 3.617811484890799534e+01 3.855834237605133552e+01 4.167358472749635467e+01 6.150241747236067624e+01 6.992502392244472276e+01 5.698540903878907926e+01 6.229226503787950975e+01 7.229349466591234830e+01 8.389622390095988180e+01 1.041130690466921465e+02 1.042603092371891194e+02 1.128511754211654647e+02 1.066786642613399749e+02 9.237009095596366137e+01 1.066786642613411686e+02 1.183000718097286494e+02 1.165604422014921084e+02 1.083702500777846183e+02
7.532853315450405325e-03 1.414966847704652508e+01 3.414966847704722852e+01 3.674310839376694560e+01 4.340936184455359381e+01 5.096754503245224299e+01 5.924764198968524198e+01 6.312489310863310976e+01 5.953578513319843779e+01 4.292622036032625488e+01 5.953576921161081970e+01 6.154885269930834113e+01 6.981271129758933114e+01 8.243592318964583399e+01 8.044469259291872731e+01 7.207113096318516909e+01 7.017342120220931179e+01 6.186164338671408558e+01 6.243045166133016721e+01 4.259930584111842933e+01 5.828575604512465702e+01 4.426724043254044716e+01 6.414559515518989485e+01 7.913385586085605894e+01 7.700193429449583959e+01 8.236718136277544033e+01 7.645976138542016542e+01 9.662895479074036587e+01 1.009025479053186274e+02 8.379760851615068873e+01 1.009025479053186274e+02 9.766450417083544266e+01 7.824185021892488123e+01 9.766450417083544266e+01 1.110771614297293297e+02 1.123112847118805320e+02 1.037002942929822638e+02
6.101047412966256744e-03 2.000610104741260997e+01 3.645607906626446493e+01 4.800308445005718028e+01 5.717652734850782537e+01 6.043356956233730415e+01 5.726936920501243122e+01 4.313054520016292770e+01 5.132093981307564690e+01 3.138642739824400252e+01 4.742958130774665193e+01 4.158346314447565817e+01 6.154885269930834113e+01 6.239359550859263948e+01 6.671444466021766573e+01 7.502682981612626634e+01 8.504958899814043605e+01 7.658710469252785913e+01 5.656657397800680087e+01 5.656657397800680087e+01 7.074765838603589430e+01 5.568596323558643491e+01 5.082688388704447391e+01 6.232358906469917059e+01 7.649225858644295784e+01 9.663081902859757122e+01 9.662895479074036587e+01 1.049991095402968142e+02 9.238359690139374436e+01 7.237336690642089820e+01 9.238359690139374436e+01 8.931591061627017325e+01 6.950713939318703183e+01 8.271135701815278196e+01 1.018093790703833292e+02 9.801730936824469609e+01 8.264453731743030573e+01
6.842009524227352091e-03 8.171807818801559264e+00 1.971881320259427994e+01 3.971881320259498693e+01 3.731239296305952280e+01 4.043738287557137312e+01 4.043738287557137312e+01 2.898721308441957234e+01 3.484495229832614172e+01 2.382168035861435484e+01 2.744283327056644239e+01 4.743119035605509026e+01 6.501404498423940481e+01 4.825271879931269581e+01 4.670639760337031987e+01 5.670094506293263237e+01 7.672794425750261382e+01 8.493732349625065581e+01 7.658710469252785913e+01 7.658710469252785913e+01 8.403547942905721868e+01 7.570166726403404311e+01 6.232358906469917059e+01 5.972082960120485495e+01 7.126795028808935228e+01 9.138920511537826030e+01 1.080469435589053404e+02 9.646421802371406784e+01 8.523993506083490956e+01 6.557496330478353741e+01 8.523993506083490956e+01 8.271135701815278196e+01 6.315008402774071783e+01 7.364607713749271056e+01 9.347707461838086829e+01 8.894874583298667403e+01 6.877823333443907927e+01
1.934550753332892102e-03 2.000193455075297777e+01 3.645607906626245409e+01 4.283406007021900308e+01 2.305064310193220223e+01 2.869443374577782890e+01 2.043396322030361745e+01 3.221780884066789952e+01 1.483844112912364999e+01 1.674566526105069997e+01 3.657364071466615485e+01 4.786335802442880549e+01 4.940565325496248050e+01 3.671035210402953908e+01 5.671042113179397148e+01 7.502682981612626634e+01 8.504958899814043605e+01 8.075542771088439054e+01 7.730205933144023334e+01 8.559145654290331606e+01 9.559653121175963975e+01 9.073122443833963757e+01 8.239070637661487240e+01 6.865638559602184898e+01 8.811190337727551025e+01 9.973251205908928796e+01 9.969631437902933158e+01 7.967517616698154370e+01 6.838977966195403724e+01 5.984883046084518554e+01 7.262921115392923355e+01 7.728513297884937572e+01 5.789812907573440981e+01 7.148746475689183910e+01 9.128194223043878708e+01 7.942559225326016303e+01 5.942142276348720031e+01
4.364784840791047053e-03 2.000436476948319608e+01 2.311401680231232802e+01 2.469003133334327416e+01 2.239614379849856007e+01 8.689573140756907677e+00 1.043035662297991095e+01 1.221212158586917340e+01 3.221796847667773278e+01 3.675315366251815874e+01 1.969573493593930280e+01 3.970328859605812966e+01 2.940400371174632710e+01 4.940160795809281069e+01 6.484419059420044107e+01 7.407496218208562766e+01 7.489906676803595076e+01 6.075304306025883250e+01 5.730205227763422471e+01 6.729790663325569255e+01 8.144447198912843078e+01 1.014577043344959151e+02 9.710960504843404806e+01 8.285847088979120656e+01 9.710960504843404806e+01 1.111850562386837424e+02 9.104743278821742081e+01 7.697265136755241599e+01 6.725063436490805202e+01 6.004967329427044120e+01 5.329801893758809683e+01 6.736619746092125638e+01 5.361368800037071480e+01 6.719009329404357800e+01 8.685430503172192118e+01 7.204856542699731392e+01 5.266598630934024783e+01
5.219006137575642711e-03 1.557520057550239923e+00 3.114517945873283011e+00 4.690738758351478133e+00 6.281853326709438079e+00 2.628166714451069197e+01 3.043567304793748463e+01 1.977438993360260611e+01 3.977223803711786587e+01 4.798766755885952762e+01 3.970328858424923624e+01 2.273049124140409916e+01 2.527324409990141874e+01 4.522142709799369698e+01 4.590226635856162574e+01 5.473884291095324528e+01 5.845049437549452165e+01 4.662104695344463323e+01 6.661160588452534626e+01 7.498405523176136001e+01 8.205712182533085297e+01 9.034746507565732543e+01 1.019026120474077430e+02 1.030248638661348792e+02 1.086889131970427087e+02 1.169344458011553485e+02 1.053069932575935894e+02 9.528929061214046214e+01 8.695899766966350342e+01 7.420906873191447062e+01 5.485224640207354696e+01 4.797384489227228244e+01 6.725673458573625396e+01 8.099231192005427715e+01 7.517293682589766490e+01 6.462672847131942433e+01 4.901111756416300125e+01
