LEM/sinusoidal_perturbations/elevation_000441.asc
nrows	100
cellsize	150.0
xllcorner	0
ncols	100
yllcorner	0
NODATA_value	-9999
[rows 0 to 16 of 100, columns 37 to 73 of 100]
1.164187201181617866e+02 1.081606251396116676e+02 1.081606251396116676e+02 1.062873733388886990e+02 1.062874060815472887e+02 1.145711455162158643e+02 1.234890996087602844e+02 1.153826836836625489e+02 1.179327551068991795e+02 1.098303838901991156e+02 1.116045884794035459e+02 1.173324585596158300e+02 1.189868247113070083e+02 1.270951944297080587e+02 1.143547162943244757e+02 1.062289833366399989e+02 1.082612429160255800e+02 1.001369909462370771e+02 1.026806629798781074e+02 1.108056943844560465e+02 1.150878046491635303e+02 1.068781046293638326e+02 1.068781046293638326e+02 1.092416914455287582e+02 1.092416914455287582e+02 1.174391664434261600e+02 1.158176725730043870e+02 1.075255863725955834e+02 1.158176725730043870e+02 1.137514663659606100e+02 1.054564112620924732e+02 1.137514663659606100e+02 1.204480463124444327e+02 1.121625046204472511e+02 1.147629056373573775e+02 1.230455928520392916e+02 1.231954513566379035e+02
1.081606251396116676e+02 8.811556149840647834e+01 8.811556149840647834e+01 8.624386193395132238e+01 8.624386246038069714e+01 1.062874060815472887e+02 1.121983497223575199e+02 9.583252357368664320e+01 1.066336094473026179e+02 9.025561371150408263e+01 9.203299981761198012e+01 9.776538541805690841e+01 9.945526352215969723e+01 1.189868247113070083e+02 1.062289833366399989e+02 8.655719555367576845e+01 9.231892879724320267e+01 8.040942936932377449e+01 8.297588091408297828e+01 1.026806629798781074e+02 1.068781046293638326e+02 8.672907020269475709e+01 8.672907020269475709e+01 8.911599020550049488e+01 8.911599020550049488e+01 1.092416914455287582e+02 1.057796542519362504e+02 8.742586927499614546e+01 1.057796542519362504e+02 1.037122816071516525e+02 8.535636388380676465e+01 1.037122816071516525e+02 1.088585624462252497e+02 9.205972446255499619e+01 9.467153198555500637e+01 1.147629056373573775e+02 1.148780149050520549e+02
1.081606251396116676e+02 8.811556149840647834e+01 7.407273338272831609e+01 7.222448265991961591e+01 9.211448046801197620e+01 1.048894112126707228e+02 1.040953934814675819e+02 8.446310810957672288e+01 9.360149554132631522e+01 7.883327590577810895e+01 7.806011112203874802e+01 8.556947961380713252e+01 1.051759253473009608e+02 1.079429900318207700e+02 9.982925152525518797e+01 9.231892879724320267e+01 7.252075140710513779e+01 6.891740133414057823e+01 8.173635784346171818e+01 1.014645028825808595e+02 1.054026392556967977e+02 9.263058542156224462e+01 7.247035801390870802e+01 7.484157605945870273e+01 8.911599020550049488e+01 1.092416914455287582e+02 9.747572782379582179e+01 7.741536730717736248e+01 9.747572782379582179e+01 9.540638757294958339e+01 7.536142504141611198e+01 9.540638757294958339e+01 1.005561590848276410e+02 8.045497470017828334e+01 1.005561590848276410e+02 1.136214806075129928e+02 1.134534556143787825e+02
9.990797490447899065e+01 1.022671408082840543e+02 8.508227805447606329e+01 6.525171373473342840e+01 7.665205910184114657e+01 9.659817130324043433e+01 1.121983497218354557e+02 9.360149554132631522e+01 7.385188656740933766e+01 6.992913023139210793e+01 8.972074087358602412e+01 1.051759253473009608e+02 1.079429900318207700e+02 9.658064300804507241e+01 8.011103754313920433e+01 9.658064300801301272e+01 8.173635784346171818e+01 6.188621291341576836e+01 7.594664112411179246e+01 9.571397046961466515e+01 9.714635883163890639e+01 7.697924107543617822e+01 6.542276702348372908e+01 8.550286879385312488e+01 9.931257010535607321e+01 1.075529609556511730e+02 9.078894098492301623e+01 7.081582630804575729e+01 8.227237627099702877e+01 8.058287320545782961e+01 6.878133037242288594e+01 8.872473339577173590e+01 9.449542395340660050e+01 7.445040493022780481e+01 8.525228171711654568e+01 1.053263177332714378e+02 1.051024428358234815e+02
7.985838863116656228e+01 9.405980217286533218e+01 8.094731955492389375e+01 6.109036188298535563e+01 8.094731955492389375e+01 9.421741617045863393e+01 1.057487891778410898e+02 1.017153655235244116e+02 8.518023399362648718e+01 6.537242078596740669e+01 7.941166835415167213e+01 9.910678339588672259e+01 9.982925152525518797e+01 8.011103754313920433e+01 6.863309088920230749e+01 7.910554231904964695e+01 7.740470109594845383e+01 5.754631340410082885e+01 7.160749877448799339e+01 9.140038556423901639e+01 9.710052864266812378e+01 8.122177631007500054e+01 6.118801395435833257e+01 8.122177650310557340e+01 7.919493962662556896e+01 9.931257010535607321e+01 9.642409597964837076e+01 7.641054203677107637e+01 6.245423550572272120e+01 6.079942974353127738e+01 8.058287320545782961e+01 9.702992063045878979e+01 8.893593596065885265e+01 6.898072404829071047e+01 8.305588950633226375e+01 1.031316238580781999e+02 1.066159694399783859e+02
6.602208365328471018e+01 8.002102121172727323e+01 7.705304976070068790e+01 5.713120416749885777e+01 6.607035688860450762e+01 7.750284085787278343e+01 9.746119797096531556e+01 1.006246468774062919e+02 8.178322205567114622e+01 6.197081046772883894e+01 7.600665067016387866e+01 9.572909903857934921e+01 9.427124769564014173e+01 9.308754734018393151e+01 7.331400621012713259e+01 5.925048281562388297e+01 7.160103521727043585e+01 5.355799151595951457e+01 6.763039496371926873e+01 8.744180820628885442e+01 8.881971936722027294e+01 6.871979780122114789e+01 5.720751824702901445e+01 6.501706003683821677e+01 8.508725717244057307e+01 1.027196592207798176e+02 1.022986370972392507e+02 8.227237627098365635e+01 7.547481006821260507e+01 5.576711430140252190e+01 7.547481006821260507e+01 8.690110591845268573e+01 7.861594739701136803e+01 6.460881932664250371e+01 7.860493137721844903e+01 9.864255318720502430e+01 9.787021259037709342e+01
5.620475945511408611e+01 6.002411143514860470e+01 6.888422055601169802e+01 5.357973884833621270e+01 6.775335161445462973e+01 8.766419142335959691e+01 9.348130861645282152e+01 8.527945939402530939e+01 7.278653766208118725e+01 5.874904404958682846e+01 7.856922449347530346e+01 8.847861649029864850e+01 7.454648272461730585e+01 8.847861649029864850e+01 8.726479230144579446e+01 7.160103521727043585e+01 5.171475321874844155e+01 4.977956879113016697e+01 6.386938694157828422e+01 8.369780302339088962e+01 8.769765073300352753e+01 6.761874941675921491e+01 5.349854340088452886e+01 7.349972345351163483e+01 7.480921904115153609e+01 9.469097033880643721e+01 9.774152287897621250e+01 7.773823264016631640e+01 6.375908740924629114e+01 5.243803994714460259e+01 7.031731826611392933e+01 7.351484419924506142e+01 5.885945966477677871e+01 7.018623162422299799e+01 9.013113972812980990e+01 9.787021259037709342e+01 7.738413885045379459e+01
4.717028437769253912e+01 4.566888287076462660e+01 4.873847893113509855e+01 5.741248223495422565e+01 6.808279041305324597e+01 8.757995481402537052e+01 8.528197533191224977e+01 6.548810267719284184e+01 7.128293371923271593e+01 5.567617813048011044e+01 7.551092510952112491e+01 7.963326831644789650e+01 6.050716956371947930e+01 7.963326831644789650e+01 8.185786580351545183e+01 6.677790338311004348e+01 4.686543683987376596e+01 4.618660502417473879e+01 6.029056955254527850e+01 8.013651436430443198e+01 8.719949045760569106e+01 7.029697141776139802e+01 5.029098973250561500e+01 5.844945933443712249e+01 7.253766534691941104e+01 9.188793825010547778e+01 8.518053371315681943e+01 7.691060515553273547e+01 6.898818629420891568e+01 4.925985430692361433e+01 5.059439464033353318e+01 5.380397056350390983e+01 7.351484419924506142e+01 8.690096597782365961e+01 9.843223724282410103e+01 9.561299582074218506e+01 7.514990201280946280e+01
4.149125244777580690e+01 6.176304792885303385e+01 6.888422055474532613e+01 7.604807340495618462e+01 8.464664718155205492e+01 9.607401798632533030e+01 8.528568100419651898e+01 6.548815810956169514e+01 5.141770611499061516e+01 6.738365497756531397e+01 7.555244621107247838e+01 7.146149620919500478e+01 5.159281885979760318e+01 7.146149620919500478e+01 7.368651929855110438e+01 5.380803364938078914e+01 4.228642473754619857e+01 4.276508114276612105e+01 6.269478343515755370e+01 8.136980093119804280e+01 6.749893914565244302e+01 6.747214604622557488e+01 4.736768145032790045e+01 6.612040998691691129e+01 7.192428608113171151e+01 8.950278111158146999e+01 7.691060515553273547e+01 5.711608763919982579e+01 6.291376758941785141e+01 4.616450174503103909e+01 6.590713847196720110e+01 7.351484416633226715e+01 6.768941384572323727e+01 8.757867716919108148e+01 1.040909448597357851e+02 9.606830169914110229e+01 8.961374912352130195e+01
3.906250634925095966e+01 5.932261052539149659e+01 6.836320417154594509e+01 7.504069687370727593e+01 8.330998773395282342e+01 9.328702157376535808e+01 8.837647118815351632e+01 6.861442100062775751e+01 5.455671993127977970e+01 4.748858286111382654e+01 6.384154054893605235e+01 6.147737299450805892e+01 4.527311141144527085e+01 5.705442550577239302e+01 5.497079254551732674e+01 5.451020362502892880e+01 3.815370383311594793e+01 5.805275958602272368e+01 7.089755463358764587e+01 7.326909703181006250e+01 5.342820570654527046e+01 6.072061555266735411e+01 4.453913830036493238e+01 5.334893347882556469e+01 7.280668841808605407e+01 7.856882024600365355e+01 7.003628289645689620e+01 6.291376594706862591e+01 4.317638185267639983e+01 6.291375913925710250e+01 6.010531088732213334e+01 7.991399214450650845e+01 8.757867716746095255e+01 9.587343704790711740e+01 9.291234940894729277e+01 7.670908996430681270e+01 8.266381184998185461e+01
3.670716658543647526e+01 4.230839171238733343e+01 4.820724503340250067e+01 5.500821879021800243e+01 6.506770843672886429e+01 8.501368531068573020e+01 8.838047028634176172e+01 6.861447025180147818e+01 7.440370504944397112e+01 5.803348252670467389e+01 4.392067612106281871e+01 4.155575679129084676e+01 3.926866838737377918e+01 3.717059610746788678e+01 3.511444915233472841e+01 3.465212264741750658e+01 5.451020362502892880e+01 6.626889163889127587e+01 6.571905313419857464e+01 6.541927317062699387e+01 5.725438067147324972e+01 4.080861039796228340e+01 6.072061555266735411e+01 7.223865312404517169e+01 8.108211860108032454e+01 7.003628496844048357e+01 5.307069832875654214e+01 5.994907185911198866e+01 4.110861555816619983e+01 6.088875935951185170e+01 7.991399124235536533e+01 8.819179017746266425e+01 9.344000583432291762e+01 8.582465148657593090e+01 8.421088863235488020e+01 6.539421517486242408e+01 7.453732972931284451e+01
4.023507247889413918e+01 5.974976533722097116e+01 6.836320417683863582e+01 7.504069685521827182e+01 8.330998773395282342e+01 9.328702157376535808e+01 9.652294706211745279e+01 8.838047028634176172e+01 8.601768496741109971e+01 7.202835521527323692e+01 5.545363586505991549e+01 5.566484335538287809e+01 5.917702587326767372e+01 5.705416411796276321e+01 5.206387457614430758e+01 3.223202214215735495e+01 5.206584430589410317e+01 5.985582426175628967e+01 4.579534173688935539e+01 5.391662553914858336e+01 3.736744362656992990e+01 5.725436462624370648e+01 6.887350085767107544e+01 7.016373948612276479e+01 7.835861914285464991e+01 6.754347602277343299e+01 4.645069022604545239e+01 5.027822845459141377e+01 3.898523944077935965e+01 6.201763074906498474e+01 8.081896967295232059e+01 8.955389214734645975e+01 8.582465147259829052e+01 6.703769078862130470e+01 7.254026417220474343e+01 5.640026802224573999e+01 6.999512848964872092e+01
5.974976533722114880e+01 5.132222058293232436e+01 6.264200600299524524e+01 8.303714394283737477e+01 8.407943793805543464e+01 7.575735513059022708e+01 7.748778057598057956e+01 6.915748437758929867e+01 7.748777543702732373e+01 8.345579054668375818e+01 7.529733678094679306e+01 7.550958585249226473e+01 7.087709425412278108e+01 5.099591157925254237e+01 3.951685614619282205e+01 3.067224839330821240e+01 4.834949952598530842e+01 4.842166964088541192e+01 3.177097257352249926e+01 3.406594558501961245e+01 5.391653741395059996e+01 6.541128747958227052e+01 6.721691835028642004e+01 5.107321445864560161e+01 6.721977455747132524e+01 6.168032833238525825e+01 5.343810094868868532e+01 3.606080364933721683e+01 5.436057516278037838e+01 6.844836344689812790e+01 6.038415310203266273e+01 7.664666890783519193e+01 7.592607254105237757e+01 6.803053122464635294e+01 5.326609275828914747e+01 4.878705742863439099e+01 5.928061462755569266e+01
7.351965749827810725e+01 7.126200556310999445e+01 7.969008788249601594e+01 9.145152459798914890e+01 7.575735512990965503e+01 5.570869511812841068e+01 6.158081167516095178e+01 4.911757062161856169e+01 6.745739501610088951e+01 7.275822465285736484e+01 6.443684227924964603e+01 7.216304982216604458e+01 7.905652517075891694e+01 6.760594791656208713e+01 5.848979655411931589e+01 4.247343898272729490e+01 2.850629765970224483e+01 2.859155497123860812e+01 4.675523741109795139e+01 4.737842311205175605e+01 5.078345046122132089e+01 5.570181569453521320e+01 5.173652671160237304e+01 4.051486798594689986e+01 5.654952892389459862e+01 5.163597055041727657e+01 3.376065302398657764e+01 5.343810018692330743e+01 6.436729777316222112e+01 6.801148764034837768e+01 4.893372369649134157e+01 5.342961622143359079e+01 5.707946998512423420e+01 4.862785344585697089e+01 4.937684490491758993e+01 4.316498567545995257e+01 3.931912496244381572e+01
7.543877058265849200e+01 8.768330506219705001e+01 7.941029454787054931e+01 8.768330488465649353e+01 7.574152006991607777e+01 5.570832468323228426e+01 4.156247474067826175e+01 3.912312088014753186e+01 5.913748328808836874e+01 6.121834095018699884e+01 4.452930386081732195e+01 5.178995920029791478e+01 6.612856622837776399e+01 6.910223035930570745e+01 6.903283547176118873e+01 5.240165159921010485e+01 4.196064335395318068e+01 2.637148015171286630e+01 2.693522531987768787e+01 2.749373771926182997e+01 3.854594757798763283e+01 4.712293639590382099e+01 2.968187078438896265e+01 4.187696163894018753e+01 4.703741001905473951e+01 3.190869858296617778e+01 3.250937461392968686e+01 5.222126046317090697e+01 5.370367151868201461e+01 4.878496220158650232e+01 3.684935026197453567e+01 3.596734275604185171e+01 3.656980847554198277e+01 3.718337582370056538e+01 3.780251675307043513e+01 3.842603091348721733e+01 5.799647416602233818e+01
6.713407946534208293e+01 7.768025005818580553e+01 5.939039372285451890e+01 7.768024991754620601e+01 7.560897747988190076e+01 6.392262384956303833e+01 5.157270580719391262e+01 3.154779736721335581e+01 5.156870132903716808e+01 5.146752991534195587e+01 3.296494418256276759e+01 3.716751396031399679e+01 5.726926457391545711e+01 4.919623600845779521e+01 5.285690082370189913e+01 4.478958688937500909e+01 2.563161456409154582e+01 3.254185640286438996e+01 4.682974150719484641e+01 4.738827634103139275e+01 2.828973983100869205e+01 2.885971323544420741e+01 4.253922218447098658e+01 3.050964610518278874e+01 3.109298337581105898e+01 5.097354430045588458e+01 4.981737444143422522e+01 3.334799368729893843e+01 3.394025356369517965e+01 3.453002585308954764e+01 3.512010645368999207e+01 5.373673603050018954e+01 4.077445172524485884e+01 5.581566713423311654e+01 5.757738024447039749e+01 4.652031242642379993e+01 6.454440405653093649e+01
7.543877058265849200e+01 6.940034413477170006e+01 4.939967407785592002e+01 6.940031613814925038e+01 6.718285736517229623e+01 4.708216166738349528e+01 3.546194403391968564e+01 2.685740126725077204e+01 4.113163841021376044e+01 3.930943162968220861e+01 2.346529877960681887e+01 4.391353771693710684e+01 4.461864912773762626e+01 3.513471153025994909e+01 4.406426803291581251e+01 2.487610434395979908e+01 4.451200961587949934e+01 5.200184057912910163e+01 4.322129954917678418e+01 5.942391199943273961e+01 4.847816884327725973e+01 4.932787119624465078e+01 3.715431748562268410e+01 5.204958401258490142e+01 5.338768751575314297e+01 5.964397066908641420e+01 4.102960278943475458e+01 5.298341148747096696e+01 5.128197389131931061e+01 5.428628771256217078e+01 3.841019528923111892e+01 5.717632897055586483e+01 4.511691849389699627e+01 5.830553986952560308e+01 7.324936609308907975e+01 6.603593312137931548e+01 7.411839783663185699e+01
