LEM/sinusoidal_perturbations/elevation_000657.asc
nrows	100
cellsize	150.0
xllcorner	0
ncols	100
yllcorner	0
NODATA_value	-9999
[rows 17 to 33 of 100, columns 37 to 73 of 100]
7.055387881891893187e+01 7.496227894982119722e+01 6.665782147512643974e+01 5.304497574134438764e+01 7.012072299415238774e+01 8.163506148061408396e+01 9.270742528061583698e+01 7.280808001351411463e+01 5.872140723847826393e+01 4.873059812754473796e+01 6.867895877818274641e+01 7.417321845364888588e+01 6.834262078509172511e+01 8.824868534613764837e+01 7.838418017973884844e+01 9.248783495961893664e+01 1.003505882523613906e+02 8.469633121871329706e+01 7.892185965935325953e+01 7.915683853368253153e+01 6.124079088967098983e+01 4.614475275770252694e+01 6.123749979678326838e+01 5.747058670454514129e+01 6.339907231465785742e+01 4.906976744998632967e+01 3.535121904981633634e+01 3.821731076815374450e+01 5.903364531240401192e+01 5.464782124602385949e+01 6.159586091526379192e+01 7.054343607584719678e+01 8.188840524746940730e+01 1.016455986061574635e+02 1.088501211661048700e+02 9.369920331737114338e+01 7.457592737281572681e+01
7.537044484212951545e+01 8.490184757593384290e+01 7.754384977190026973e+01 7.223144156361072987e+01 8.041740536797873062e+01 9.425695454889937253e+01 8.850256191279437701e+01 8.127869415206063763e+01 6.503689498872158481e+01 4.508755271264188025e+01 6.352138759709085036e+01 5.424536192803095958e+01 7.417319849582598579e+01 8.253748912247615976e+01 6.435088801339483666e+01 8.253775378064210599e+01 9.541829898692313350e+01 1.044270793782940814e+02 9.863713877286166110e+01 8.977314667488336397e+01 7.056503184890503633e+01 4.970803611770415387e+01 4.038910811966225367e+01 5.632314856609326625e+01 5.421785967842046006e+01 3.453186222481902234e+01 5.507298415091758415e+01 5.903363052451151560e+01 4.527333916283026838e+01 6.035557342897512711e+01 8.037005077082146443e+01 8.965003160048507880e+01 9.848637793514063787e+01 1.099373256642157912e+02 1.074972550504559337e+02 8.833541142345642072e+01 9.279329020065368638e+01
7.323255384327984530e+01 6.840617645410883085e+01 5.287806455427205776e+01 6.343229876855438931e+01 7.172880898966386098e+01 7.457932929948610479e+01 6.881213669260949928e+01 7.301788955978503282e+01 5.308624072509289959e+01 4.156446509803731004e+01 4.357613022371729983e+01 5.687299881779402000e+01 7.680393022686351401e+01 7.428246517988972641e+01 5.453197789483832736e+01 6.729956887036378532e+01 8.325396989030396355e+01 9.153538963660099625e+01 1.010086103521225596e+02 8.119239552297254647e+01 6.687215927925232961e+01 6.963053799895709517e+01 5.632331153162617454e+01 3.598691136212575259e+01 3.371342870719781359e+01 5.423100130436836963e+01 6.345659174300056549e+01 7.447472393777212574e+01 6.621768056702234162e+01 7.447514686015350094e+01 8.572007387062717498e+01 9.128787482054082147e+01 9.920469334769862257e+01 1.101949950248889394e+02 1.155674566078997429e+02 1.074537686783236694e+02 8.952310364157091271e+01
4.946370353174030754e+01 5.743337918141087783e+01 3.818457980097299043e+01 4.313798669581525758e+01 6.343229876855438931e+01 7.457933096225072234e+01 5.476572605335282873e+01 7.457933096225072234e+01 6.976855479239152658e+01 5.687300082291818626e+01 3.692905613933027809e+01 5.687300082291818626e+01 6.630133793857297064e+01 6.729956887036136948e+01 4.781539210387313688e+01 6.729956887034734336e+01 6.324654436846627448e+01 8.325396989030419093e+01 8.923880583376583786e+01 7.919468703208814020e+01 7.090496962311725326e+01 6.097945921479706755e+01 5.257936885413576533e+01 3.289425649607757407e+01 5.325671949752499046e+01 6.253291699411576587e+01 7.618159850320247983e+01 6.910877230005853278e+01 7.324521148503538370e+01 6.064347311326785217e+01 6.616370156757862731e+01 7.200049308904223722e+01 8.327436379651844334e+01 1.022345344578752702e+02 1.141940402765151390e+02 9.418184876405632622e+01 7.954422868701247751e+01
3.574845831326778267e+01 4.908205283626553950e+01 2.829709401816603531e+01 4.290940520631264121e+01 6.303587751793544669e+01 6.709049326528909774e+01 4.722320940641696296e+01 6.709049326528909774e+01 6.817690458231567163e+01 4.824128221208518852e+01 3.412950765526218788e+01 5.408029187235757007e+01 4.636360982977601708e+01 5.552802271042165216e+01 4.269553922177230021e+01 4.936768270705803019e+01 6.324654436846627448e+01 8.325396989025057337e+01 8.098019147572397003e+01 6.082974777051057202e+01 5.041780797969547478e+01 5.258256604659398903e+01 3.208482577559644255e+01 5.176397777704016079e+01 5.388689780440093813e+01 6.261800041376277193e+01 6.180392778957739353e+01 4.868367436075727994e+01 5.298088098418613612e+01 6.231749750976227631e+01 8.208493227061001107e+01 9.128785214191771047e+01 8.432135926532602355e+01 9.772933775830392733e+01 1.166653614865777939e+02 1.028561323148227586e+02 8.321861796584470028e+01
2.604715515124197367e+01 3.591860559597373737e+01 2.244432920773719786e+01 3.701990759311330947e+01 5.718082290496025166e+01 6.080790652407705466e+01 4.090658245343219335e+01 6.080790713975637374e+01 6.548880822894075493e+01 4.555027243984360297e+01 3.142739063866506299e+01 4.768314440775580465e+01 3.224308322851030795e+01 3.557932180321140692e+01 3.989155909881159801e+01 4.979054257579903009e+01 6.234164563928396063e+01 8.307908672260430194e+01 8.923880583376583786e+01 7.919468703208814020e+01 6.066138880145174284e+01 3.990857252241278985e+01 3.539200773072580830e+01 3.127561725286178174e+01 3.273456865928930171e+01 5.379185714575940125e+01 4.295949466547243389e+01 6.353270465562326308e+01 7.324520842437244994e+01 8.127367562772155907e+01 7.856365910519673434e+01 9.775816145305881832e+01 1.032755706996059502e+02 1.112455635532978278e+02 1.129436416554096354e+02 1.110692147478104062e+02 1.028561323148227586e+02
3.397520690793669473e+01 1.598483842959721279e+01 3.591277598321325115e+01 5.100794182489338624e+01 5.622320588544322817e+01 4.800979495056999014e+01 3.535534793796627895e+01 5.528827319087845638e+01 6.215175064959240103e+01 5.312067671578402184e+01 4.485750689640814670e+01 2.769918132626041185e+01 4.768314579953230492e+01 4.710129971947484506e+01 6.044843103631694703e+01 5.426388610287479963e+01 7.537924334979604168e+01 9.140469380709738800e+01 9.611175294146377723e+01 8.461047495248695327e+01 6.901120560096812540e+01 6.066076958776398698e+01 5.119772478083014988e+01 3.070969838035656707e+01 5.118779134605838266e+01 3.725218057648869774e+01 4.387038735843782433e+01 5.087910586245165234e+01 7.119402323066856297e+01 9.059302545373911641e+01 9.775821993648257546e+01 9.989495586312318665e+01 9.168037975105453086e+01 9.989495586314151865e+01 9.315878428609087791e+01 1.071832618765324696e+02 1.137174879510186258e+02
1.380843251512351344e+01 1.415995069193515654e+01 3.354429451916777793e+01 4.295814346679568985e+01 4.153963490413384818e+01 2.801634879277153090e+01 4.800979768950060844e+01 5.447653442846252858e+01 4.219499057004321685e+01 4.219499057004321685e+01 2.484430856853969871e+01 3.194944799551007719e+01 5.183263618128310668e+01 6.703914026737717791e+01 7.529877621819711919e+01 7.537924334979604168e+01 8.377975285668713923e+01 8.980135570896487707e+01 8.784323960193420078e+01 6.793949039084350261e+01 5.667081963677559031e+01 6.390468167950875511e+01 5.073087730219504010e+01 3.016039381894440652e+01 4.996286446335732734e+01 5.755394412290466022e+01 6.437868720315618987e+01 7.119402322698132934e+01 6.283743763174192765e+01 7.696051886213538751e+01 9.624677794493027250e+01 9.000520972026625088e+01 7.192252961581878878e+01 9.000520972026625088e+01 7.921340064629245603e+01 9.729442260415773092e+01 9.393248601026741085e+01
2.375526523687014446e+01 3.281039809843612431e+01 1.466063477301028684e+01 3.496342791361823288e+01 2.141911157720002024e+01 4.145292043585162389e+01 4.555060721791955558e+01 3.462658673999663250e+01 3.959204848038604041e+01 2.211687337403412812e+01 4.219499057004321685e+01 4.481741084124168140e+01 4.347431304946388764e+01 5.493725305656703739e+01 7.460617568874563688e+01 8.808844038022188272e+01 7.997125343913911877e+01 7.014115116971360919e+01 8.402264502932666801e+01 7.784011918108379291e+01 5.813240258150150197e+01 4.438611308466637695e+01 5.090631100310256585e+01 2.962269766823368755e+01 4.204597274637138327e+01 5.661331545997490622e+01 6.884171214790751492e+01 7.748954810075110800e+01 8.260933281620273760e+01 9.059334341210153241e+01 8.967506393011120736e+01 8.146633891972007291e+01 6.194996584534393236e+01 7.766494660202803857e+01 6.930597237514899689e+01 8.577185059597458405e+01 7.999128149701201096e+01
4.358619407373012677e+01 3.081518808050437386e+01 3.488985772221761295e+01 1.516586548690531089e+01 3.539169329091658511e+01 3.631600792387904875e+01 2.420231447682476755e+01 1.867166129559064558e+01 1.941991473197204954e+01 3.959204848038604041e+01 5.046065821736231527e+01 6.465207971800593612e+01 6.325031791238737355e+01 7.141987136308571849e+01 8.279119591970271586e+01 7.997125343913891982e+01 5.999941000962337512e+01 5.579856327503652125e+01 7.404392519686567198e+01 7.743044582921538677e+01 5.895508117900438094e+01 5.466897584528402376e+01 3.509875776722814322e+01 2.909583121188686761e+01 3.532036254064060898e+01 4.190853779057974293e+01 5.038321717671943389e+01 6.366954759182899437e+01 8.302093744573099343e+01 9.224435623633139869e+01 7.820512825224606956e+01 6.157957450963672130e+01 5.429701692516854905e+01 5.774757993852438176e+01 6.171806478622230685e+01 6.599475823437435906e+01 7.173483477541542186e+01
5.856290760872576584e+01 5.033412811396854636e+01 3.955636574731949651e+01 2.229040576547427932e+01 1.568080386880348698e+01 1.605213981599586148e+01 1.642949269818232949e+01 1.681284205440758228e+01 1.849231063960816712e+01 3.590194293231067491e+01 5.597459518695449532e+01 6.328175810772955856e+01 7.154256834239802743e+01 7.990125386278573671e+01 8.589264174355865578e+01 7.996462070401348399e+01 5.999915329230957184e+01 4.554833184203366869e+01 6.584891226881266846e+01 7.186702173465822341e+01 5.362548934060411199e+01 4.218160321642174893e+01 3.555305519699519579e+01 2.857606279451820086e+01 5.069359400757635115e+01 6.084654523553290062e+01 6.891777519145453823e+01 7.748954810075110800e+01 8.089414438019701947e+01 7.267130501228585615e+01 6.416589989619629364e+01 4.987287832533625931e+01 6.998471013425810838e+01 7.766494660202803857e+01 7.320937707375658476e+01 8.577185059597458405e+01 8.214863449017369135e+01
6.081573919913673620e+01 5.251748469347101889e+01 4.065997770900477093e+01 2.060316554353720875e+01 3.600052638799737537e+01 3.634866337331127539e+01 3.669719432278466797e+01 3.706913040841870810e+01 1.737320412104478962e+01 3.759017511483876461e+01 4.917467564525169621e+01 4.333137874590847360e+01 6.328175810772955856e+01 5.959937279739933302e+01 6.554565609054496633e+01 7.442237041671188535e+01 5.433080328271193338e+01 3.993905482102783822e+01 6.021548705152142844e+01 6.544196850975725965e+01 6.676941389151049577e+01 5.513711480004009502e+01 3.840166693462857239e+01 2.804261704327315385e+01 4.730412662834620363e+01 5.640849251570524814e+01 6.465297846727544595e+01 8.049265453893946187e+01 6.934475200963959196e+01 5.260403044883603485e+01 6.328510603913102273e+01 4.698983342581176714e+01 6.133545985817637813e+01 8.125067177798030116e+01 9.295618549426917809e+01 1.011721633648223388e+02 1.018933134946224470e+02
4.665268102249107329e+01 3.246453006034134603e+01 2.607985991967760597e+01 4.066061324403077748e+01 3.330232179219040489e+01 5.332263006122802551e+01 4.206948556487026281e+01 2.451647383739240738e+01 1.776991647112530615e+01 3.795193690922963725e+01 2.916645681136894197e+01 4.917467532112366513e+01 5.401465991018877588e+01 4.563511867004895350e+01 6.547881733653211711e+01 5.694800015765670054e+01 4.863847371505521266e+01 3.501792143829968040e+01 5.378351844323932340e+01 4.217251723392476492e+01 5.707859580065335336e+01 6.275600792600672406e+01 4.946083395636301105e+01 2.746771627254453563e+01 3.841380366380084155e+01 3.953920660472677184e+01 5.684908212574516284e+01 6.632796027540770467e+01 5.216326175899123285e+01 4.072494472282710376e+01 4.300977759312476678e+01 4.698983342693106380e+01 6.717095747198025890e+01 7.731293792935422005e+01 8.212826369004557137e+01 8.761674343605515958e+01 9.508301115104460166e+01
4.519958040555133749e+01 5.127633615080945617e+01 3.110175046254258646e+01 5.127639642051570235e+01 4.746458094852422960e+01 6.164266481865789871e+01 5.025820199291424473e+01 4.206932891032170119e+01 3.795078575767610118e+01 1.832595285559708387e+01 3.847256858501026500e+01 4.498573027573657157e+01 3.436759317480397868e+01 5.399018147011774715e+01 6.537106950866419197e+01 4.859343398205704290e+01 2.814464999171767801e+01 4.339130631129468441e+01 4.326262497499276094e+01 2.939133837385040238e+01 4.647046853284260237e+01 6.023846463184725053e+01 5.381052004105555397e+01 4.625836766713346293e+01 2.658369718566603979e+01 4.680298013792929623e+01 5.754132671242810204e+01 5.508541599019677193e+01 3.750902590676259507e+01 5.805029242926197242e+01 5.739694193145983547e+01 6.715885763307929324e+01 5.291466844662217284e+01 5.736821514761974328e+01 6.227416695695745830e+01 6.782774828747201923e+01 7.532912355535225402e+01
5.943585847933310617e+01 5.698446824925751031e+01 3.671646516381857595e+01 5.698446824925751031e+01 6.748973844937104616e+01 7.078018458552854497e+01 5.926535407503418185e+01 4.452163257866507706e+01 2.448331157642322964e+01 3.847613427170114875e+01 1.887779678740273326e+01 2.500603078747505137e+01 3.804904482161865786e+01 5.494791392540219022e+01 5.804666313263696509e+01 3.816022963246242483e+01 2.363677297614548678e+01 2.251448345500478254e+01 2.289845519484291358e+01 2.328288910642750054e+01 3.569289139330649618e+01 5.052328393765931480e+01 4.337824858176428933e+01 3.114529205550382684e+01 2.596830446583955876e+01 2.808849322241925250e+01 4.922977465677232090e+01 3.429004376338289006e+01 5.508541599019677193e+01 6.632796094528251274e+01 7.698094634069212816e+01 8.099756629151623599e+01 7.296064260258229695e+01 7.151264480794553435e+01 7.633571651679100967e+01 8.182646492415125294e+01 8.761674343605517379e+01
7.933822250295200718e+01 5.915455497156734310e+01 4.316343581999052503e+01 6.356794731452380631e+01 7.737711567540551982e+01 6.252113282041776188e+01 4.257472476382639570e+01 3.102177636724919552e+01 4.452163257866507706e+01 4.720111876710382859e+01 3.892551840737711188e+01 1.942432549207675052e+01 3.945351399085993194e+01 4.752432793870356420e+01 4.874032431491567507e+01 3.870368360445821310e+01 2.197156160436806260e+01 3.961113500070250382e+01 4.225597233116904050e+01 4.295591129940589070e+01 2.382843600119607430e+01 4.400419726554815725e+01 4.493901641942744618e+01 2.530008971362400771e+01 4.552677973414510149e+01 4.730587764452066324e+01 3.111445316457333377e+01 5.214450625541881834e+01 6.338664070466619904e+01 7.813674639560449009e+01 6.993095569243408249e+01 7.813674639560449009e+01 8.806537078746430325e+01 9.131608424879843255e+01 9.611270963640281195e+01 1.015957123494112437e+02 1.074124176908485424e+02
8.905206908542162125e+01 7.192978678062362974e+01 5.343414602241001887e+01 7.192978678062362974e+01 6.911773230969448889e+01 4.918343547040676356e+01 3.919822813058076605e+01 5.100506876046226523e+01 5.926535435509817518e+01 5.775429043002785789e+01 4.354714369790002593e+01 2.377287277865347193e+01 1.996696543371856691e+01 3.946810271613227172e+01 4.062133840416444031e+01 2.143022621698646191e+01 4.144550904505521061e+01 4.018915524754508084e+01 5.058808301951035702e+01 3.349355379737889393e+01 2.476635942892645303e+01 2.436950714583170097e+01 2.475115249555556929e+01 2.533737115017424912e+01 4.549910749934199572e+01 5.445427485906281362e+01 5.206823517182009198e+01 6.036346339027532082e+01 6.874527079809621455e+01 6.051765036588145108e+01 4.996231960307968478e+01 5.998298024611126777e+01 7.410245664095350548e+01 9.382457421405558762e+01 8.803832142944023076e+01 8.803832142944023076e+01 9.625782727525241000e+01
