LEM/sinusoidal_perturbations/elevation_000752.asc
nrows	100
cellsize	150.0
xllcorner	0
ncols	100
yllcorner	0
NODATA_value	-9999
[rows 34 to 50 of 100, columns 37 to 73 of 100]
4.786537959913862039e+01 4.193803845097897209e+01 6.195259717317019010e+01 6.862980302355077811e+01 7.702806740752248515e+01 8.872992763609791211e+01 8.991816976369108261e+01 7.442661805185498736e+01 8.991816976369108261e+01 8.252954752070677102e+01 6.215464676964202795e+01 5.600001993061620453e+01 3.518442683623221257e+01 5.599754710728164042e+01 6.781547206667747218e+01 7.318597934482909295e+01 7.697337548377055327e+01 6.696399362546794976e+01 8.378275181019584750e+01 7.623324558781793314e+01 9.292347169805510987e+01 9.139828273378388701e+01 7.123690649175938461e+01 7.279729702933778412e+01 8.533706083627913586e+01 9.368387290661055999e+01 1.038906703298026173e+02 8.350875364617965602e+01 8.350875364617965602e+01 9.194181292099041514e+01 9.078116330482586704e+01 7.751233700855468101e+01 6.906879240927983687e+01 5.741547453191644479e+01 3.821598971617674323e+01 5.740449893240964485e+01 4.858541716364236862e+01
6.418334094399260437e+01 4.410550215513803352e+01 5.824704858784332373e+01 7.851481846112714891e+01 9.410547123793990920e+01 1.024331109216719398e+02 1.006057595096458073e+02 9.276964503836195775e+01 9.111003769319218293e+01 7.120301327911771239e+01 6.952889701008346890e+01 5.835380998782792972e+01 3.758852906680604633e+01 3.870535325358846990e+01 5.941810486584184048e+01 7.135043273600896896e+01 8.571133525198169423e+01 8.709639971979811435e+01 9.538597857910963285e+01 9.614195142865895605e+01 1.044380244524541297e+02 9.974375876897505577e+01 8.132626054005473293e+01 9.295653755954531050e+01 1.013021026599094370e+02 1.097324763166673449e+02 1.014280439752659504e+02 9.954610723091742841e+01 9.123840847696243372e+01 9.049380272624678412e+01 8.848037125981313977e+01 7.426010661367945431e+01 6.202785350055546587e+01 4.200184085818060709e+01 5.818339126007302298e+01 3.915881912087353811e+01 5.923562052224487218e+01
6.647882310286999541e+01 4.633484631359069539e+01 6.647882310287064911e+01 7.976708030725687593e+01 7.382466191647816345e+01 9.409639042513579454e+01 9.715418041206791600e+01 8.701710852978996513e+01 7.867006513476705720e+01 7.094854974533976133e+01 5.180732987256984501e+01 4.100184155253035101e+01 5.835380998782797946e+01 5.941810486584189022e+01 4.228066697931845397e+01 5.698953016019708429e+01 7.506981826181086603e+01 9.015967889769143540e+01 8.893924500864648053e+01 9.753899507211951914e+01 1.108155112491725447e+02 1.098166230246270061e+02 1.014703049275129274e+02 1.098166230246270061e+02 1.153636553350281559e+02 1.014280439752659504e+02 8.135931319547205476e+01 8.723730812218995823e+01 7.113947773278692921e+01 7.037452234197331791e+01 7.311355350579503920e+01 6.004019155879728231e+01 4.591564588970504701e+01 6.202684180430457417e+01 5.989715768530069795e+01 3.983869177276225315e+01 5.401778204736699962e+01
5.206395029086576187e+01 4.961845910995218389e+01 5.386703114648423707e+01 5.946621436116201664e+01 7.976708030725687593e+01 9.978701126611495908e+01 8.873935463157584991e+01 6.862254570673103160e+01 5.818842238336007711e+01 5.104669492265416153e+01 4.459392678784963238e+01 6.174503232268997266e+01 6.174503232268997266e+01 7.135043273614527948e+01 5.698953016019708429e+01 4.603783414914730798e+01 6.670978052436394989e+01 7.029102911903554229e+01 6.823116374702306075e+01 7.910766855424762412e+01 9.510368962682902350e+01 1.168862394016327642e+02 1.215360846824760159e+02 1.099436449697522562e+02 9.529100226086788439e+01 9.529100226086787018e+01 8.723730835106651682e+01 6.712160131281774511e+01 5.943251107466537064e+01 5.607334471930211350e+01 5.296807743311635619e+01 4.999365118411892439e+01 6.593373154638848632e+01 6.995439711784219128e+01 4.851504578978290994e+01 4.053008928520690546e+01 6.046201638155153546e+01
6.110346559958895796e+01 6.985089560093383909e+01 5.446867754064808054e+01 7.477619057294377569e+01 7.119224137286077791e+01 9.144816993946618311e+01 9.712003709597591694e+01 8.701710852978996513e+01 7.867006513476705720e+01 6.815623087240994948e+01 4.739586219859474880e+01 6.815623087240994948e+01 8.216790938715801929e+01 8.571133525208065862e+01 7.506981826183073281e+01 6.075942782232603179e+01 5.000893879452129909e+01 5.703093677376603665e+01 7.716241933047849955e+01 8.435128475584274099e+01 9.750262756991787683e+01 1.073553702270085495e+02 1.132384364317198617e+02 9.314052251232659785e+01 8.157373299254275878e+01 7.524802483065046488e+01 6.986132767750474670e+01 6.531402428612004485e+01 7.963428547585208150e+01 7.037452234192603839e+01 7.311355350579503920e+01 6.417827023254697849e+01 7.668539880215354287e+01 6.842574806040052238e+01 6.269436812034035000e+01 4.284713809090638392e+01 4.157918523904915986e+01
7.282692916580599274e+01 7.836955777149651681e+01 5.804240151941454684e+01 7.836955777149651681e+01 9.146581606951166066e+01 9.144770763043530337e+01 1.024003364069573081e+02 9.231114041421848526e+01 8.395938089838999474e+01 7.103876949995948564e+01 5.028597768879225072e+01 7.103876949995961354e+01 8.560795539474612781e+01 9.726066456543939864e+01 8.938020871592772210e+01 7.789438486883865664e+01 5.745862821605008719e+01 5.504267914592845301e+01 6.204287057985732901e+01 6.972627030008867166e+01 7.948760564254948235e+01 9.905552373520113463e+01 1.158426739698207655e+02 9.574984792483301987e+01 1.016349004202082966e+02 8.625210328344286381e+01 8.405733660433087095e+01 7.956816441504554405e+01 9.375456402747504114e+01 9.049380251749003889e+01 9.263056138053289601e+01 8.015601302538510708e+01 6.845857034978006084e+01 4.843500972040502717e+01 4.612531680752503860e+01 6.241831013970593034e+01 4.240182816320773185e+01
9.313534546774567957e+01 8.214183702562748124e+01 6.182699176735013680e+01 8.214195055282750957e+01 1.001015855864284134e+02 1.115440425426294269e+02 9.401489175967743961e+01 7.391976814241938598e+01 6.363007902354118528e+01 5.615009245734702148e+01 7.103876949995961354e+01 5.666264049946465065e+01 6.871747297619052119e+01 8.892256408019834168e+01 1.028766746503809628e+02 8.626904358497988312e+01 6.677554075579803339e+01 7.550385108570073101e+01 6.114226563774568746e+01 8.132892741986935903e+01 9.750262756991787683e+01 1.073553702270085495e+02 1.241374420146713220e+02 1.158426739698207655e+02 1.146203414307534132e+02 1.063181486814969787e+02 1.041225147628511820e+02 9.963580452854162672e+01 1.053641759902509847e+02 9.910244195810338397e+01 8.373485914150266751e+01 7.190831005037763646e+01 5.179304409188983271e+01 6.845857034924884488e+01 6.611510476703242034e+01 6.325459875281771360e+01 4.323047605278908634e+01
1.031230993356346346e+02 8.706052352646561587e+01 6.678073590210080113e+01 7.142013792981575193e+01 8.574801537331900647e+01 1.060820820176312083e+02 1.024275867340379875e+02 9.231114041346499732e+01 8.174057254863026856e+01 6.130772287727542391e+01 8.174057254863042488e+01 7.725714929229840777e+01 6.413335338677357811e+01 7.441021742615093615e+01 9.450459215191972362e+01 9.547528976674010437e+01 7.845905195785317687e+01 8.508003201285087869e+01 6.561187556702464008e+01 8.559522869702435344e+01 9.994617235283392631e+01 1.082746510241363893e+02 1.182823172532153251e+02 1.259974473125930530e+02 1.178053691223827428e+02 1.167388856524702305e+02 1.085545708518797312e+02 1.053641759902509847e+02 8.558972652573400808e+01 7.924575840419953465e+01 7.550282591466057625e+01 5.532865571710788544e+01 7.190831005037763646e+01 8.015569535585149197e+01 8.292568258551249016e+01 6.779305461562884716e+01 4.805929170228131397e+01
8.612269891685946277e+01 7.444898502431215093e+01 8.706052352646561587e+01 9.170372560433887088e+01 8.574801537410363039e+01 1.060820836113741024e+02 1.087265047821238824e+02 8.856983468137626403e+01 7.434092421962962760e+01 6.829129598476536955e+01 8.853142820841253524e+01 9.055130674603054786e+01 7.040200420686714722e+01 9.055130674603054786e+01 1.028766746503796696e+02 1.078581127582985602e+02 9.885727695567082662e+01 9.373081241968299082e+01 7.465742165610276970e+01 7.357153898023399563e+01 8.017236173706989177e+01 8.997636263548183422e+01 1.099159820701858621e+02 1.178053691223827428e+02 9.811006231184590831e+01 1.038786841191026298e+02 8.881395027995901614e+01 9.243642190276298720e+01 8.775895724949796772e+01 6.927310578962494958e+01 5.908945014682522157e+01 7.550282591466057625e+01 8.373485914150266751e+01 9.115815195620236011e+01 7.499730328793042133e+01 5.530041042167898269e+01 6.506494250911802624e+01
1.031230993356346346e+02 8.455186684598754709e+01 8.876230422599523706e+01 1.091156025270608154e+02 1.060820836113741166e+02 1.144551991857977953e+02 1.159185544588731602e+02 1.028587260392319394e+02 9.447358607971324318e+01 7.600369570353450399e+01 9.633200740066088485e+01 9.794993924236761984e+01 7.758314688600803777e+01 9.794993924236761984e+01 1.168000467857448825e+02 1.085166497857980659e+02 1.168000467857448825e+02 1.028145876425904817e+02 8.604812555079915626e+01 8.496330900783226525e+01 9.994617235283392631e+01 1.082746510241363893e+02 1.182823172532153251e+02 1.152495574348717611e+02 9.555462719397364424e+01 8.412825772029052018e+01 7.813901960696006199e+01 7.259163694504647424e+01 6.781587074561358008e+01 6.323431730373841475e+01 7.924575840419953465e+01 8.746011032868051416e+01 1.013282218758477740e+02 8.327420512988322798e+01 6.386315301532843591e+01 7.469650417615540050e+01 6.237691652077294435e+01
1.132800436527851673e+02 9.892719834139744250e+01 1.091156025270608154e+02 1.174852747253867591e+02 1.155390345680497148e+02 1.100342050453061233e+02 9.582376439824182057e+01 1.100342050457971936e+02 1.051698640720776154e+02 8.771199781303232612e+01 1.051698678354428580e+02 1.066423221876732299e+02 8.926904479124942782e+01 1.066410039924888480e+02 1.067515784762447737e+02 8.829774493387613177e+01 1.067515784762447737e+02 1.145602328863541146e+02 1.060446812292495196e+02 1.048180315880742626e+02 1.131636014299236166e+02 1.189639891760130581e+02 1.272372700825381457e+02 1.234364783413884652e+02 1.120537548018839829e+02 1.038786841131946943e+02 9.792370586119764653e+01 8.882499004861580261e+01 6.890270776769764893e+01 8.329954711789009991e+01 9.149774984663447697e+01 1.043177714376510608e+02 8.547645845099587802e+01 7.442177063383032021e+01 8.327420494637512149e+01 8.443560191284680627e+01 6.364400204493509250e+01
1.200977177405464289e+02 1.193038114231047899e+02 1.185518413078506939e+02 1.096254653137015396e+02 9.536155407056151034e+01 1.010902476616908103e+02 8.175085207227301964e+01 9.863616622663502653e+01 1.066856402394457319e+02 1.091934279359594484e+02 1.187561479804761717e+02 1.188428344526942340e+02 1.103459899517250307e+02 1.113556943430117485e+02 9.127007326715542490e+01 7.826824125203447124e+01 9.831758066195622803e+01 1.104151715604584467e+02 1.202975530142168452e+02 1.171835001164592995e+02 1.088824087785157246e+02 9.880082746449210163e+01 1.156281192222074026e+02 1.272372064950541102e+02 1.164997839095604348e+02 9.680091264127567285e+01 8.538214666687976262e+01 7.543765196901178172e+01 8.882499113791317313e+01 8.303426467975123160e+01 1.028050414892006330e+02 1.122643209436582765e+02 1.013282218758477740e+02 9.343973431291973952e+01 9.080345844282460632e+01 7.839361991644763350e+01 6.773570154676477273e+01
1.099406814791441747e+02 1.233102333300163309e+02 1.101947596411398820e+02 9.004754113389850545e+01 8.124837431483659600e+01 8.711301220828809733e+01 7.300062505411752056e+01 7.934563439563579834e+01 9.757113373879201390e+01 1.135009807077846204e+02 1.078787502136770939e+02 1.119898271866713202e+02 1.205897789442339700e+02 1.055032497295070755e+02 8.537536981583862428e+01 7.134289687186489459e+01 8.206535149639285009e+01 1.021299368949647999e+02 1.001532625527189424e+02 1.055406380092346836e+02 8.866442880817346861e+01 8.709632247881071976e+01 9.880082746448411513e+01 1.189639862741302920e+02 1.246900434760841421e+02 1.113634490417688028e+02 9.163396161321790601e+01 8.144826394152261173e+01 1.012139766188398653e+02 1.028050414892006330e+02 1.109854906512756401e+02 1.132101113482002432e+02 1.048530661598648948e+02 9.480632414905457495e+01 7.500999004544335946e+01 6.423192839081679040e+01 5.066669341835902429e+01
1.015432973594055426e+02 1.030249905822071810e+02 1.053607571771059526e+02 8.524102539169153658e+01 7.384978739531739222e+01 6.734673376681855927e+01 6.563407828778819919e+01 8.530637750350886961e+01 9.969072028849576839e+01 1.058364007000637770e+02 8.917765001555271454e+01 9.304986648963478046e+01 1.127624940346897660e+02 9.993166718640374313e+01 7.987190245991720872e+01 6.597618124299148690e+01 8.574727151929842250e+01 1.011764717255914547e+02 8.560558564627926614e+01 8.960913021313096749e+01 7.710337431044430900e+01 9.720832681104798212e+01 1.025717958259959204e+02 1.072475273555390771e+02 1.165989954618318762e+02 1.195491155233264351e+02 1.012139766188115289e+02 1.012139766188398085e+02 9.288418755821649597e+01 1.125926800838170294e+02 1.169957943835269418e+02 1.048530080089215062e+02 8.464043045388925179e+01 9.056083652406461226e+01 7.528334983677366665e+01 5.434808726172578730e+01 7.080085352083487749e+01
8.281881848064476515e+01 1.030249905822066978e+02 1.137223128422008926e+02 1.020948759292054007e+02 9.374462461477355646e+01 7.989539079193586701e+01 6.018480816940403599e+01 7.150643934453545114e+01 9.135491158447118210e+01 9.845812073908935247e+01 7.848146181097105512e+01 9.845812116659490698e+01 1.118420948887275017e+02 9.545205257429603307e+01 7.547797048988968527e+01 6.166138724974317142e+01 7.322511593483953618e+01 9.277432927463232204e+01 7.018948082433873026e+01 6.979734368547822498e+01 8.960913021313096749e+01 8.788766203521736031e+01 8.515482830147306004e+01 8.646931389602129059e+01 1.075807528945365448e+02 1.217560098945235865e+02 1.209290837580557820e+02 1.207762353600352867e+02 1.068232084065706431e+02 1.207762353620426552e+02 1.086365157028007786e+02 8.835583109603695107e+01 7.679441444071458989e+01 7.047025850327780461e+01 7.858655508406823742e+01 5.769507562984801297e+01 7.858655507572413512e+01
8.873706926935970785e+01 1.025800916566919341e+02 1.041632135472014227e+02 9.579634708963968137e+01 9.052561501720653325e+01 7.065654400531120416e+01 5.676050834707438497e+01 7.065654400531120416e+01 9.052561501720668957e+01 9.241550325683054723e+01 7.252934893875224986e+01 8.371545073278974769e+01 9.777877287252240990e+01 9.153633018981363989e+01 7.163763040871836552e+01 5.781676014356959570e+01 7.162289090720344120e+01 9.132919631956364981e+01 8.526868925074590777e+01 6.548180048211420967e+01 8.238783891853191221e+01 6.805640663847221106e+01 7.200845203019061103e+01 8.193738569840176922e+01 9.362970094743550931e+01 1.136046129900185804e+02 1.222536085264236050e+02 1.322531759787320595e+02 1.265214168547526441e+02 1.240808647782627077e+02 1.038196989373348487e+02 8.947342318642739656e+01 9.692745795785108953e+01 8.345774454583670376e+01 6.308019809320344251e+01 7.858159670209856529e+01 8.695547422512676405e+01
7.414982241224008419e+01 9.419300307807058914e+01 9.579634708963970979e+01 7.579552897378587772e+01 8.165363297064074288e+01 7.328743311689285633e+01 5.359201675238593765e+01 7.328743311689285633e+01 8.267154637488120272e+01 8.688539876338997203e+01 6.709842494245609146e+01 6.974778338853549542e+01 8.786832152249755268e+01 9.030653786012472040e+01 7.393129232729296518e+01 5.427690975523250216e+01 6.811818263026400189e+01 8.790350783143701108e+01 8.114928181515016092e+01 6.143439386952302783e+01 6.267779574585155444e+01 8.238783891853191221e+01 9.210093755872344445e+01 8.008222816594958715e+01 8.647021414618340884e+01 9.372394874671097398e+01 1.039701281612088621e+02 1.240300456541755096e+02 1.329391946363535908e+02 1.246778983198501720e+02 1.181104695883691846e+02 1.097540570173973578e+02 9.421513073093434798e+01 7.408990399000923333e+01 6.972379315250955756e+01 8.980917195324781233e+01 9.659198656027619734e+01
