LEM/sinusoidal_perturbations/elevation_000451.asc
nrows	100
cellsize	150.0
xllcorner	0
ncols	100
yllcorner	0
NODATA_value	-9999
[rows 51 to 67 of 100, columns 0 to 36 of 100]
6.455108993161302530e-03 1.286823908322061838e+00 2.569824506527654151e+00 3.860818955466941649e+00 5.162708068270028150e+00 2.529966778689643903e+01 3.367744822216092615e+01 4.198080513908104905e+01 5.364682355417723159e+01 5.038360379464500483e+01 3.354686226324246690e+01 2.673423825942628085e+01 4.698352904267305519e+01 6.056574405790196636e+01 7.481767794253941872e+01 6.652876279742213228e+01 7.481767794253941872e+01 6.110045393318839757e+01 7.784589347490842215e+01 7.591318842313316395e+01 5.590006273495474431e+01 5.728648327204252411e+01 7.143885245914485438e+01 9.144545859610472860e+01 1.001187127271829240e+02 9.180885948783728168e+01 9.285822552756637549e+01 8.384126951687841256e+01 7.548896237746569682e+01 6.164329232572413986e+01 4.147349019784866897e+01 5.044035184051168130e+01 6.342211680740076218e+01 7.177364145792569161e+01 6.306751876870476536e+01 4.289522834532256468e+01 5.684221480098831591e+01
3.995603441288198172e-03 1.593852222362743198e+01 2.228124947661263278e+01 2.398884246869570447e+01 2.529093085301199650e+01 9.878637833898899601e+00 1.347568654009977784e+01 2.513742103237524717e+01 4.536221415439222682e+01 6.199923723755264149e+01 5.371839382065501667e+01 4.109856096784215396e+01 3.209569131564398958e+01 5.228567976934093764e+01 6.468243140436533167e+01 7.174315818522742916e+01 7.999679881601143450e+01 8.111332765412281276e+01 8.939853786245278400e+01 7.224194702570082427e+01 7.005336834369506960e+01 7.143885245914485438e+01 7.729865172813200047e+01 9.730411961473566862e+01 8.856917058423384503e+01 7.182822771418712193e+01 8.856917058423384503e+01 8.830970762894627057e+01 6.814119182721969992e+01 5.388940273879907750e+01 4.380176060742467570e+01 3.619337873158442420e+01 4.326200784003462019e+01 6.013381577508994980e+01 6.244189199705169813e+01 5.684221403327762090e+01 3.667841877355158431e+01
4.804567899273937473e-03 8.702234060576202523e+00 1.916281041555534514e+01 3.710640170677079652e+01 3.005067959959246338e+01 2.413670628555006914e+01 3.368751828850548691e+01 1.928417423471566039e+01 3.361763803730677580e+01 5.381555216232683847e+01 6.945941500417735881e+01 6.056574405790188109e+01 4.381036742681359186e+01 3.824152921217471146e+01 4.465124037595825257e+01 5.177240703781518505e+01 6.591079988936400014e+01 8.582371668372034890e+01 1.005321420572659434e+02 9.224833936428946402e+01 9.006004553197870166e+01 9.144545859610472860e+01 8.888836538604731174e+01 9.475824583010185620e+01 8.027303635474153509e+01 6.028715679460682253e+01 8.027303635474153509e+01 9.150912601003665259e+01 8.240017165466380789e+01 7.232009263603848126e+01 6.396890803893546007e+01 5.178267246818501945e+01 3.167163007176667833e+01 5.178267246819807212e+01 4.229340465627773682e+01 5.056319642188017127e+01 3.398417798713810356e+01
9.707512844716031236e-03 2.000970662683842605e+01 3.561440537118297556e+01 4.502352954619810532e+01 5.020186591046234525e+01 4.437804020152108819e+01 4.395465372243513258e+01 2.369638963994801273e+01 4.395465490155843469e+01 5.797061283378828733e+01 6.630960590268973931e+01 7.212524402298332404e+01 6.386317173424104965e+01 4.728650544392719013e+01 4.989749925635667438e+01 6.989162853744305437e+01 6.808904937934322277e+01 8.800207783602341749e+01 9.059359661169744982e+01 8.800824502451511933e+01 9.625530709419277287e+01 8.304360157713399815e+01 6.889254163051428748e+01 7.474918281309886936e+01 7.320696087226711768e+01 5.318188219615365142e+01 6.320345898522237604e+01 8.320862298459228157e+01 8.372650502399476125e+01 6.355954425415335152e+01 4.930449177449896325e+01 3.768244416869163871e+01 2.871341250371081344e+01 4.491210547172466505e+01 2.809269016678603847e+01 3.046634581799049002e+01 5.056319232196672431e+01
5.001202446392439237e-04 2.000050012024428270e+01 3.132277135235629828e+01 3.798575706498917981e+01 4.625076954658520378e+01 5.620225298560241356e+01 5.224161289934089325e+01 3.542179828090426241e+01 3.138006245207724021e+01 3.781006085189623889e+01 5.208478618467824361e+01 7.218025535584659735e+01 7.555392958817371607e+01 5.887015775129596307e+01 6.146790898747676835e+01 7.814834445752396164e+01 8.800207783602341749e+01 8.476480069757639058e+01 7.069005789029772302e+01 6.810944848663757512e+01 8.476480843402073617e+01 7.474918281309886936e+01 5.472747167095794651e+01 7.474918281309886936e+01 6.687447497820831188e+01 4.680761876319716919e+01 6.687447497820831188e+01 8.017036484944708263e+01 8.363171219743411200e+01 7.513337996545261888e+01 6.617729155934925700e+01 5.716546429027768284e+01 4.491202178686112489e+01 2.470036244206325904e+01 4.491210547173100309e+01 5.056318324027654398e+01 4.465881644764478864e+01
5.279685921607564676e-03 5.552281647680711529e+00 1.132578432337960272e+01 1.799245036215129900e+01 2.799233169973841839e+01 4.794540864928200818e+01 6.364112497222650688e+01 5.554064555944975012e+01 4.308678267905902004e+01 5.797061283378828733e+01 5.208478618467824361e+01 7.218025535584658314e+01 8.706402955262252874e+01 7.880818570644294141e+01 8.139864343705255578e+01 8.965614266934080945e+01 8.181552384770715491e+01 7.357269326776336982e+01 5.665587606182521085e+01 5.665587606182523928e+01 7.587598354484305219e+01 6.767043895331579506e+01 4.761129255419321993e+01 5.911719018976580742e+01 5.580049838948148277e+01 4.176809383927744079e+01 5.183865247814966182e+01 7.187686937079544691e+01 7.513337999241973364e+01 5.471161690895904428e+01 6.069301283928879087e+01 5.739895659743947220e+01 3.725201684069438812e+01 2.286728136854046411e+01 3.725201665294021325e+01 5.739888022046223170e+01 6.481765409553031532e+01
5.738623160518319517e-06 2.000000573862280362e+01 3.132277135235629828e+01 3.798575706498917981e+01 4.625076954658520378e+01 5.620225478575814293e+01 6.035378416757577469e+01 6.864974978669371808e+01 6.321642617666402941e+01 7.155761776250109563e+01 7.218025535584658314e+01 8.053442562070142685e+01 7.853735347118615095e+01 7.024577698074764953e+01 7.853735347118615095e+01 8.181551390672902357e+01 7.035413352276565035e+01 5.374098021807473202e+01 4.681050537929733224e+01 4.784990881789893535e+01 6.763631100896076020e+01 7.596456910055179890e+01 5.911719018976580742e+01 3.902524242283282518e+01 3.570124733702743214e+01 5.580049838948148277e+01 7.015359181961520108e+01 8.017036476578149973e+01 7.513338001737955096e+01 5.471161690896157381e+01 4.040903704520830786e+01 5.055102494543600500e+01 4.141978147676206845e+01 2.121052895966567675e+01 3.551398937803944023e+01 5.567762485805501882e+01 7.364848140453767655e+01
4.532054705376768917e-03 1.155153743849799497e+01 2.569367306222919822e+01 4.569367306222990521e+01 4.746570110137172804e+01 5.575551856563881614e+01 4.035467106408391658e+01 5.636376469808417511e+01 6.465840097305982681e+01 7.621592591278168527e+01 8.298208967007026615e+01 7.469259432398074239e+01 6.849904806411174718e+01 5.014473817133063704e+01 6.849904806411174718e+01 7.357269323262541150e+01 5.374098021807458991e+01 4.246356361051405059e+01 3.819216105090769275e+01 5.193991457833519831e+01 7.175326279651555694e+01 7.940552463362166691e+01 6.741573456573382828e+01 5.178064817898929562e+01 3.169340151337595657e+01 5.178064817898929562e+01 6.753152221830994506e+01 7.582939467191420135e+01 6.457028407451186069e+01 5.639351947199277504e+01 5.055102494543600500e+01 3.038014129264007579e+01 3.971785537111991005e+01 1.976409025353212101e+01 3.971785535698246861e+01 5.823978132604871405e+01 5.362647632921397900e+01
9.001595176218036079e-03 1.415113721890729259e+01 3.415113721890799781e+01 3.202090614201335939e+01 2.749282518491448002e+01 4.028952949883672829e+01 2.883136983194312819e+01 3.637121406441997351e+01 4.790588712097232360e+01 6.791744033051776341e+01 7.140379808409930718e+01 5.462118319128123289e+01 6.019525757603910421e+01 4.015875854084027452e+01 6.019525757603910421e+01 7.214445872633355350e+01 7.035411864988729747e+01 5.285537270402208065e+01 3.355905464872221700e+01 5.285537270402208065e+01 6.519772712578559037e+01 7.110841797023249455e+01 5.105953167267236381e+01 4.871737178056429940e+01 2.866392146902376226e+01 4.871737178055604289e+01 4.747363128362089668e+01 6.753152221837379443e+01 5.639351947199336479e+01 3.678997895900419479e+01 4.253172303997433090e+01 4.027616468587326182e+01 2.193820813074702158e+01 1.839148827587066037e+01 2.960772422569123563e+01 4.984546033245228358e+01 3.942056630270346318e+01
5.674351268809080251e-03 2.000567435126845339e+01 2.668719119385615812e+01 1.206397223130453433e+01 1.597959959475310932e+01 2.033162817098068942e+01 3.030004003416252445e+01 5.027901896232042134e+01 6.465840097305982681e+01 6.843257527514936100e+01 6.013494452891806219e+01 4.306800148960757468e+01 5.351642456430621309e+01 3.359969773698542639e+01 4.383981388251590516e+01 6.384756967833956764e+01 6.307308705589804987e+01 4.346589885770892181e+01 3.012652067218566287e+01 3.757673023529227407e+01 5.120571906316667565e+01 7.095252410757591122e+01 5.473857085686594104e+01 3.466326817726979925e+01 2.575943005592431589e+01 3.327302056225566673e+01 5.334845152213434005e+01 5.666186448601219183e+01 4.786193894075608313e+01 4.072441369080611651e+01 2.295076926444076904e+01 1.572021357717271961e+01 1.631625958224525519e+01 1.695467294333437636e+01 3.379637989076570648e+01 4.328439390211477189e+01 3.229793836497483994e+01
9.518805923843161668e-03 3.342815731203616636e+00 6.723113526824316288e+00 2.659950619546555117e+01 3.593435581451417704e+01 3.184414908584909298e+01 4.857540132876515315e+01 5.027901896232042134e+01 7.029071472288188716e+01 6.013494452891806219e+01 4.013055838869509984e+01 3.417039345264888794e+01 4.751130547901268386e+01 2.759919416591342767e+01 4.165334799071452920e+01 6.165366589506718498e+01 6.210996083496288378e+01 4.578153532542363280e+01 2.685860654156640948e+01 4.578153542356120909e+01 5.698942435390539885e+01 7.677580574807728908e+01 5.733693615168402147e+01 3.728270329676028183e+01 2.315722892449743497e+01 4.315671534966021028e+01 6.165151302244334630e+01 4.836368802046269622e+01 2.863452529570362515e+01 2.275820025339520924e+01 1.487519446961412406e+01 2.009752605316891660e+01 3.520972961799031964e+01 3.690710144189227293e+01 1.783894950558092418e+01 2.330853847871546591e+01 4.286960606873172708e+01
9.062254805971973678e-03 2.000906225472837008e+01 2.664446527592268765e+01 2.252974936629383507e+01 4.198782397490123941e+01 5.182612371288354325e+01 6.011799580017211042e+01 6.222632709273658236e+01 5.922830332554865862e+01 6.459038059316783631e+01 4.598968517523499600e+01 2.573365463278450704e+01 3.776843837252411618e+01 2.253474927518873727e+01 3.696863004907726236e+01 5.693954570164252971e+01 5.392007763524728148e+01 3.464145130011300466e+01 2.393207878028612967e+01 4.278955766697169594e+01 5.590440954158724196e+01 6.567449519377584011e+01 5.481119416256368737e+01 3.476591463511162061e+01 2.051503330292271343e+01 3.723577629680032430e+01 4.554176399615513304e+01 4.154073828842146554e+01 3.323868542766643230e+01 1.403292521429966477e+01 3.407098515329695232e+01 2.160344521188924460e+01 2.931327793595902875e+01 4.596963667973729173e+01 3.782850547187268830e+01 1.870926174380042539e+01 3.873974468057739529e+01
3.063233560239582431e-03 1.414519916740868233e+01 3.414532334938402869e+01 4.202442375135927222e+01 4.792379037210476156e+01 4.067788128057894426e+01 4.124509453439316076e+01 4.028970217949891719e+01 4.020723011235948974e+01 4.576018057701015351e+01 5.144052129806874518e+01 3.776843837252411618e+01 1.630292898610371921e+01 1.714074282576550701e+01 3.251423773861549904e+01 5.258153840340010277e+01 5.309372555153787943e+01 3.997845067999170965e+01 2.111394991289877154e+01 2.870712349637636862e+01 3.804113882108110545e+01 5.746779320647269174e+01 5.481151463111935840e+01 3.476591705675216559e+01 3.723505935715835591e+01 1.690813759537632066e+01 3.391628217877179452e+01 3.241943281273049848e+01 1.318860382150893251e+01 3.324233735513934818e+01 4.237004344857999882e+01 4.844894818106638468e+01 4.034992156446641332e+01 4.730655144870917184e+01 4.706020759223869021e+01 3.873912917084361851e+01 1.957442359158604361e+01
5.666595628964066558e-03 1.399308897290822351e+01 3.333976118258420485e+01 3.836917815873330539e+01 3.429928321302127614e+01 1.563775108125722824e+01 1.708625029149218832e+01 3.882914113309863069e+01 2.495800600264711377e+01 4.461571118775491129e+01 3.447069115024542185e+01 3.151729235530785900e+01 9.160165832597458646e+00 2.935442351352880408e+01 3.389008098679516223e+01 4.301634487440533405e+01 3.387368489137527661e+01 3.387544718730281801e+01 1.847578174282648078e+01 2.931577311372393879e+01 4.841398562315556831e+01 6.567413055427243762e+01 6.311627271791624594e+01 5.481141465427066350e+01 4.554132645708767768e+01 3.391628653053007980e+01 1.394963796428784164e+01 1.233881809672172203e+01 1.787761203673610666e+01 2.139875495471190092e+01 3.575834644710574395e+01 5.594261289517327640e+01 6.060302439841444766e+01 6.663279025012461432e+01 5.666744413538651060e+01 4.244963836956700476e+01 2.239585466854469686e+01
2.110006612196471242e-03 1.998414636897633301e+01 2.460453042941621504e+01 1.570244044786274529e+01 2.185777334880716083e+01 4.458370371359707818e+00 2.076181321811951719e+01 3.071622252433270006e+01 1.356501149452453880e+01 2.842897214594650634e+01 2.547606025955807141e+01 1.598250218932987110e+01 5.863462306149019199e+00 1.134074446505541189e+01 2.166200244871180658e+01 3.380107840073941361e+01 3.049561088101044248e+01 1.488356611453358269e+01 3.387544718231186636e+01 4.543713153988710474e+01 5.656792019497497392e+01 5.343723217136373904e+01 6.047540980235292807e+01 5.678304236032236219e+01 5.223658966501566425e+01 3.926634759866738733e+01 3.105433442165710645e+01 1.175301772473647333e+01 3.184982338827473214e+01 4.166966388478711991e+01 3.225979987801439108e+01 4.398329965082418624e+01 6.407827755326293584e+01 6.002288657350433709e+01 3.966674335902963122e+01 2.770131587398168804e+01 4.244023466309420911e+01
9.367352646185668139e-03 3.311537204072072527e-01 6.529817460579445676e-01 9.751018306499171784e-01 1.297389163480010987e+00 1.619802113209088956e+00 2.094102383692337455e+01 1.849680199759279020e+01 3.242873334952450559e+00 3.433208178395358079e+00 5.679235995993779262e+00 4.348651334596876694e+00 4.656598930170249950e+00 2.019862398057018282e+01 1.719300998298178129e+01 2.217225288653065007e+01 1.144333690686408822e+01 3.048963499351893702e+01 3.938810472283724096e+01 3.246538608578470786e+01 3.767849647285288484e+01 3.422917489002532676e+01 4.717494855824175914e+01 3.522253101933113584e+01 3.830822619928412820e+01 2.437460227540488233e+01 1.094118818091705769e+01 1.734215072610508912e+01 3.021052320180000805e+01 4.997067472450653014e+01 4.659393217528235454e+01 6.078627499133276046e+01 7.237861320839735413e+01 6.841438421068055220e+01 5.284021202252551319e+01 3.241145096347092647e+01 5.281485787404720611e+01
3.648181865326004768e-03 8.069663954682701146e+00 8.560573442331362415e+00 1.824329545607455927e+01 2.054308802823461377e+01 2.121769335419460134e+01 2.076595705515649648e+00 2.090921676956540054e+01 2.989532199997507522e+00 1.502584027585511706e+01 3.895732221480898705e+00 1.955360789943526001e+01 1.431821300062987312e+01 5.070724249044653575e+00 1.054587637420513424e+01 8.090018911540170166e+00 2.600218986419209699e+01 2.670036467200792529e+01 2.698969633878146368e+01 1.549897428674327671e+01 1.929655460483040841e+01 3.649063430496052263e+01 3.731221072941565353e+01 2.100899065335472216e+01 2.946772105803186292e+01 1.014094487497872521e+01 2.438714056548860043e+01 3.606242703183551157e+01 2.879915720309205085e+01 4.266971978012753652e+01 6.278340103049932708e+01 7.497861780738317350e+01 7.630520584636036574e+01 5.598206675093156548e+01 4.425338655402962473e+01 3.865246993714225709e+01 5.896452794969574995e+01
