LEM/sinusoidal_perturbations/elevation_000238.asc
nrows	100
cellsize	150.0
xllcorner	0
ncols	100
yllcorner	0
NODATA_value	-9999
[rows 17 to 33 of 100, columns 0 to 36 of 100]
5.222468517465790779e-03 2.000522246851711117e+01 3.731559481714324988e+01 4.892176401440933375e+01 5.676403792626907574e+01 4.685518727717692400e+01 3.666521477200560497e+01 1.963131185395868172e+01 2.762496014643317466e+01 3.808967053786302159e+01 3.652998940467292499e+01 2.280372694766611730e+01 3.828400579358944356e+01 1.797311902348265633e+01 3.842968852148958092e+01 5.140469490175187417e+01 5.008653142642640432e+01 3.916454107312945609e+01 2.338571644063451771e+01 4.395786252381013526e+01 5.424911987983587380e+01 4.369423867444679388e+01 3.305090743725748581e+01 1.336044811247803921e+01 3.243253108978569799e+01 4.240543585169681506e+01 4.345286529267261244e+01 3.763808063072446686e+01 1.710722311826169673e+01 3.362469195688397861e+01 3.673923453320272614e+01 3.778551266219395188e+01 1.867134732461028079e+01 1.900055897485933443e+01 1.933127654671875462e+01 3.253873438678850505e+01 3.201643929993453952e+01
7.333276091007126865e-03 8.951617951699406106e+00 2.049967831201578150e+01 4.057477727669137124e+01 5.326309041357239948e+01 3.534184749766103550e+01 2.620728525660474162e+01 3.667523801458150956e+01 4.341302746120957323e+01 5.055581821808191734e+01 4.548330888404299799e+01 2.658953431416238899e+01 4.539052281134103595e+01 3.842968852135321356e+01 2.266000201709493567e+01 4.307423126421188186e+01 5.828425595915666690e+01 5.350452684315190766e+01 3.319013754980851161e+01 5.350607163558272816e+01 5.455827677084082694e+01 2.953853361679291112e+01 1.378346486065868781e+01 1.485565906298856831e+01 3.301992052189575588e+01 1.478149464076372688e+01 2.693329353585883723e+01 3.405327588090674595e+01 1.678834589458268312e+01 2.693718429606924403e+01 2.896301453653295965e+01 4.103808031423776015e+01 4.199584460041552347e+01 4.060513030491931374e+01 1.952959553802403292e+01 3.100192235350816361e+01 4.356623206102519674e+01
6.343274376862209282e-03 1.414847889810768677e+01 3.414847889810697268e+01 4.645769177370340230e+01 6.147606720485585186e+01 5.152558942121711283e+01 3.600010849779850730e+01 3.803042901227695438e+01 5.672890876047603825e+01 5.130497076190667372e+01 3.258403669809388248e+01 4.548359103092819566e+01 5.312248667037502514e+01 4.787665146831400875e+01 2.730390590317408339e+01 2.959469343878905434e+01 5.002764500443489482e+01 6.393086873194031483e+01 5.626443126869504141e+01 6.572545644526415742e+01 5.592106297079094901e+01 3.543607660946765492e+01 3.330864729228218124e+01 1.415836900055844794e+01 1.439286797904116000e+01 1.460486724017173721e+01 2.505076802186409424e+01 3.199742183129587403e+01 3.228061204439904230e+01 1.633864135825829322e+01 1.883053059009332841e+01 3.846222136903813293e+01 6.134065772373912040e+01 5.863560513442304511e+01 4.896386687815159888e+01 3.643361073667619365e+01 5.357233451100169219e+01
3.497053469895897767e-03 8.168462862766567412e+00 1.816846287765644163e+01 3.816891831764704790e+01 5.574513960587552219e+01 6.242823925700871968e+01 5.426349162076176214e+01 5.662925080963439228e+01 6.485481827068491611e+01 5.683607071770899211e+01 3.847878299702288984e+01 4.243055492373959225e+01 6.063948816603200243e+01 5.299896054078219265e+01 3.228298427876138277e+01 5.002764500443489482e+01 3.760551346358514024e+01 5.207429649877803968e+01 7.201185619215148392e+01 6.847871818939805166e+01 5.685085761290216055e+01 4.114377187220708265e+01 2.136774190308090127e+01 2.614897555747428726e+01 2.781803481981892645e+01 3.370854700244860425e+01 1.492324519050764486e+01 2.459472509189841105e+01 2.546980594465900083e+01 1.602276657298609308e+01 3.983054997558042487e+01 3.949228193765173245e+01 6.106290089172181723e+01 7.065966832408786047e+01 6.740811221550283960e+01 6.214284918909800126e+01 6.670287529008825800e+01
9.635555453094322986e-03 2.000963555545273920e+01 3.645442003717641200e+01 4.645815806473055432e+01 3.475905069877467923e+01 4.805566570950382044e+01 5.660107050013170493e+01 6.605930538779549011e+01 7.259257772551796961e+01 5.593026878931816981e+01 4.596655214914765253e+01 6.063948816603110714e+01 5.470013990806490511e+01 6.126316764387130576e+01 5.013677253452772220e+01 4.083202106551053845e+01 5.791387253265554591e+01 4.729805618646518894e+01 6.738111925404326996e+01 5.990049212256440114e+01 3.999639297675848582e+01 2.865203829997851415e+01 4.114377187220708265e+01 3.969535808339812633e+01 4.619687460698563797e+01 4.392202414471896077e+01 1.744941063162817585e+01 1.529342731977045489e+01 1.558261946709579426e+01 3.573466265962772326e+01 4.579226289998482713e+01 6.106199668400324043e+01 6.071823355758018437e+01 5.094408710387766348e+01 5.241877885043646046e+01 6.544695089940974242e+01 8.401908595943316982e+01
8.845047570523793118e-03 2.000884504757016913e+01 2.840088911299571350e+01 3.299409108294057802e+01 2.060393237494333363e+01 2.715511165795747672e+01 3.551683858912051761e+01 4.907979156085424677e+01 7.286783867762395062e+01 6.819811597639041167e+01 5.567839102604763468e+01 7.090675357948994417e+01 6.469100294875251222e+01 7.881197149243644162e+01 6.752833128767090898e+01 4.717943141035873111e+01 6.752833128767107951e+01 5.504450582235111966e+01 7.487715668615803111e+01 6.035221085078021019e+01 4.002640295897935374e+01 4.000241435065150597e+01 5.685085761290216055e+01 5.850790337989073464e+01 5.227819351083643085e+01 3.943410682561596303e+01 1.816793181020709369e+01 3.620236418265302802e+01 3.572691601950846518e+01 1.799750029686071073e+01 3.826474878809355573e+01 4.922069616765680422e+01 4.045273823908731714e+01 3.682592717014254191e+01 5.671864714828160459e+01 7.047071528963240894e+01 6.820546348313864371e+01
8.023991185656003874e-03 4.055517333354547560e+00 8.217660013839870103e+00 1.269193223649909186e+01 2.442023846786371166e+01 4.470619156343924061e+01 5.660107050013170493e+01 6.621524057293821386e+01 8.238756310190308341e+01 7.839275364629436638e+01 7.248161918694495398e+01 7.978164406721290902e+01 8.224703949167458461e+01 8.973479623576459119e+01 7.460775956359164240e+01 5.458411260027857281e+01 7.460775956359849204e+01 6.512404703663604266e+01 8.288632256884493188e+01 6.921861818233284680e+01 5.164529895341494381e+01 6.008845383681526897e+01 6.853050798963566592e+01 5.676928864710216516e+01 4.372230336318472865e+01 2.246285504653064180e+01 3.943410682561587777e+01 2.325945847220129536e+01 4.460430155330119106e+01 3.826474878812540936e+01 2.049102089890840617e+01 4.082123647389611421e+01 2.602622911350504964e+01 4.641138192700192633e+01 5.179711337450902420e+01 5.148113100253005570e+01 4.816601709761934558e+01
4.598823041778624977e-03 1.000459882304121173e+01 2.840089381631444354e+01 3.299409108294057802e+01 4.136851182013612771e+01 5.306109083744589583e+01 6.672856361359343680e+01 7.501140858282450097e+01 6.836573593825430351e+01 5.621904128601024553e+01 6.836573593844688901e+01 6.712429608984363938e+01 7.542644813359665079e+01 8.514644886950954117e+01 8.262897802263979941e+01 6.634785902938527613e+01 8.262897802263979941e+01 7.899039543045942935e+01 9.260083363237693277e+01 8.262073444145116241e+01 7.366291699255232572e+01 7.439809195750304127e+01 6.083343362427024203e+01 4.839899454144133983e+01 2.719679774857243615e+01 4.383469980514709619e+01 4.836456969967499475e+01 2.713727659748255050e+01 4.836456969967499475e+01 4.921692176730710599e+01 3.485602484220437702e+01 2.307878633853158945e+01 4.344533038677810310e+01 2.917243865653037105e+01 3.142556603314980279e+01 3.789559907823436191e+01 5.838715228417348868e+01
7.340434288523949372e-03 2.000734043428816733e+01 2.633453035576855328e+01 4.047666547495261824e+01 6.047663909617679678e+01 6.346464177998990408e+01 4.672772172939980351e+01 6.346464177998990408e+01 5.741690211239387054e+01 3.640514826378147006e+01 5.086382415313093475e+01 4.720936647894775007e+01 5.680690588303935584e+01 7.267158220391935686e+01 8.425713403745790231e+01 8.589099352606613991e+01 9.386128861629252640e+01 9.824611916509716991e+01 8.819407240585303498e+01 7.682898028300169813e+01 7.009143926551467985e+01 6.366694523647858261e+01 4.712931839593254324e+01 3.228564807560332639e+01 4.839899454144133983e+01 5.676928864710216516e+01 5.226437679721441043e+01 3.126327286093192726e+01 5.226437679721441043e+01 6.355011552920854001e+01 4.760947482253864393e+01 2.720787049117293321e+01 4.760984890825587001e+01 4.961405680616545766e+01 5.185873218193472667e+01 3.496754038157338584e+01 5.541627956655177201e+01
3.515918393995972821e-03 2.000351591839125831e+01 3.982034627423021078e+01 4.052142292343815910e+01 4.251472468014958395e+01 4.837360914042886151e+01 3.517498042901213751e+01 4.363054971695115825e+01 4.091356269999682382e+01 2.667376845575244459e+01 3.144546013965934250e+01 3.709593368651682965e+01 4.436887620081999017e+01 5.587844365672255975e+01 7.595682561510638209e+01 9.044434669707347041e+01 9.871943826935564914e+01 9.397197497250766673e+01 7.423546226080280519e+01 6.016672553394261058e+01 5.005117257888239379e+01 4.377011725741361658e+01 3.784407182084456878e+01 4.726077661193345136e+01 6.148361618870418255e+01 5.862574113236068740e+01 3.801256476026934905e+01 5.226437679721441043e+01 4.630745723579190809e+01 6.664565279236610706e+01 5.206736485448421092e+01 3.164030643496282735e+01 5.206736485448418250e+01 5.946296232057769515e+01 3.903474432171822173e+01 5.541028275335226283e+01 4.337689692083409199e+01
4.608085242692564441e-03 1.155161168619936696e+01 3.154755693426318786e+01 2.050751235479156875e+01 2.250575952828602766e+01 2.836624967538812570e+01 4.363054960899830093e+01 2.360700385698718407e+01 2.085685554475129422e+01 2.472254626358051866e+01 4.428374254247636088e+01 5.680690588303920663e+01 6.436456638654134110e+01 7.267158220391935686e+01 7.630203211639921790e+01 7.044409361373726597e+01 9.044434669707347041e+01 9.431405952481702570e+01 8.626038528656850701e+01 6.645755157147536352e+01 6.994862129839275156e+01 5.722999002009566993e+01 4.304423492608817270e+01 6.346359431794191863e+01 7.570645576547489952e+01 6.329769302569560807e+01 4.293312685356517022e+01 6.329769302569560807e+01 6.664565279236612128e+01 7.490544240708049983e+01 6.044044843258473065e+01 4.347612827630737797e+01 3.938855832542595437e+01 5.977118866200133596e+01 4.199104787017106588e+01 6.237143112103255760e+01 6.372197920345225697e+01
1.610643649003322799e-03 1.999975709271811297e+01 2.358268919206109970e+01 6.348369434655636745e+00 8.341250742245083671e+00 2.836624943736485349e+01 3.336691976045351993e+01 1.691154311555221668e+01 3.695623431589613972e+01 4.428374254247656694e+01 3.042658939533032125e+01 4.990735524660263422e+01 6.044044353962754457e+01 6.629392833502323867e+01 5.628582455364733761e+01 7.630203211639921790e+01 8.863819484024793383e+01 7.483501421902789730e+01 8.863819484024793383e+01 8.626038528656850701e+01 8.284249357059285046e+01 6.813921487245040964e+01 4.937287036838847598e+01 6.346359431794192574e+01 8.342335054896584268e+01 7.089267636631572600e+01 5.079823923535631280e+01 5.269212700811085881e+01 6.692617424082081357e+01 8.682975626040136774e+01 7.214409811305353060e+01 6.380321227463608125e+01 4.533454223749168932e+01 6.562997570899837285e+01 6.237296707810546792e+01 4.632434517732736623e+01 5.038174654255438156e+01
2.022278438842990342e-03 1.783795080527149857e+00 3.572857999331421119e+00 8.290487731085692147e+00 2.829882992042641376e+01 1.125073699010401285e+01 1.333175355319826672e+01 1.726965102388162165e+01 3.729402206461508484e+01 5.148160887711832601e+01 4.990735524660263422e+01 3.640122460811537763e+01 4.080551121102418222e+01 4.638621481304402749e+01 6.629392833502323867e+01 8.458176594154639361e+01 8.054029449805354091e+01 6.086703251623487887e+01 8.054029449805354091e+01 9.427136465814336930e+01 8.774511790888922746e+01 6.662528272635167070e+01 6.389320564018436244e+01 6.389320564018436244e+01 8.404260677660859358e+01 7.912772861839737004e+01 6.092479486891589602e+01 6.692617424082081357e+01 6.692617424082081357e+01 8.682975626040136774e+01 7.986984871675619502e+01 5.973162723015881426e+01 5.448524729467644079e+01 7.396113437435349169e+01 7.122702294774744303e+01 5.106227668079773707e+01 7.055773153288296839e+01
6.642187732006160465e-03 2.000664218763941093e+01 2.358296222059704661e+01 2.829879751221684359e+01 1.559938613155819453e+01 3.128235266979335094e+01 2.750577217462869939e+01 3.729402206461508484e+01 2.318388788788490729e+01 4.319496751443494986e+01 5.904256888458195363e+01 5.593588112996220474e+01 5.482703088610499975e+01 5.585601681642792471e+01 7.355481067708032583e+01 8.521701094578469338e+01 7.310450040072304034e+01 5.316893729110815769e+01 6.645931269751804393e+01 7.808164015718426754e+01 8.619785901042979503e+01 8.795854539022353435e+01 8.404260677660859358e+01 8.404260677660859358e+01 9.227570155590248646e+01 8.908324366360774604e+01 7.504357055574878643e+01 8.682975626040136774e+01 8.682975626040136774e+01 9.505076106049121165e+01 8.819066037006079739e+01 7.986984871675619502e+01 6.615153417876895503e+01 8.296830585663205682e+01 7.610049936445381036e+01 5.600664165270628558e+01 7.610049936445388141e+01
1.591255364720534126e-03 1.154859663883856769e+01 3.154858458119858255e+01 4.094863663154593070e+01 2.094734324164132744e+01 4.094865304831822073e+01 4.751698191396285864e+01 5.148160887694427146e+01 3.213746838034009556e+01 3.075204702155300751e+01 4.489727035342996686e+01 6.489885819536551992e+01 7.545985088885534253e+01 7.417990533266463160e+01 8.212119535526397840e+01 7.709098847433182300e+01 5.718757997666158133e+01 4.619831676284159272e+01 6.645931269751804393e+01 5.825429329629605490e+01 7.478994607817014639e+01 7.805038348723471131e+01 8.616991695833903009e+01 9.057321598590259271e+01 8.260234564232173682e+01 9.057321598590259271e+01 9.490400751476103380e+01 9.495234862664251807e+01 8.659960257902525882e+01 8.397178692703622005e+01 9.232606171892393832e+01 9.457022697160881819e+01 8.625025208374469798e+01 9.036296369261633288e+01 7.019279309187137983e+01 6.603885064733718480e+01 6.758821440870893582e+01
6.189296070378335485e-03 2.000618929607002272e+01 3.983135888173205075e+01 4.697881976185650643e+01 2.697885203908946039e+01 4.697882137801822466e+01 6.594449683899338766e+01 6.042779597099588074e+01 4.368708684625547534e+01 4.489727035342996686e+01 4.075494590591615918e+01 5.489772621436734568e+01 7.489999017636353074e+01 8.003713774481364851e+01 8.816428095101692008e+01 7.442970511919183707e+01 6.083992348717620757e+01 4.027202593202060399e+01 6.083992348717620757e+01 4.635751751804019705e+01 6.401725185520763262e+01 5.820453841065501166e+01 7.805038348723471131e+01 8.087455455320338160e+01 6.314125891592645701e+01 8.087455455320338160e+01 8.858423598083153649e+01 8.330187424936961804e+01 6.641463114095418518e+01 6.378907528278095640e+01 8.067588579137820659e+01 8.542431876510671884e+01 9.377778900125731809e+01 9.883492186495703891e+01 9.036296384060614173e+01 7.760345920102766115e+01 7.916128322822409302e+01
2.247884206357958405e-03 1.154925431245030154e+01 2.569150545654211371e+01 4.569936662380629144e+01 4.697882099379296506e+01 3.766976036416544105e+01 4.921682391193498773e+01 6.921419945799364370e+01 5.782978478732047734e+01 6.489885819536551992e+01 5.075550402394276261e+01 6.904440200724717158e+01 7.675533183121177672e+01 6.021817710611882291e+01 7.675533183121177672e+01 6.627069970164629353e+01 4.597194864912928836e+01 3.534717652381936404e+01 5.024550790426834368e+01 3.686005331821051811e+01 4.361741211264125440e+01 5.820453841065501166e+01 7.805038348723471131e+01 7.287180227912421060e+01 5.316675486188567845e+01 6.917728145051562194e+01 6.917728145051562194e+01 7.494580388567000284e+01 5.477116266410558865e+01 5.214700015288648416e+01 7.165426001896813091e+01 6.524020188594687397e+01 8.212739912731346692e+01 9.377784186100031150e+01 1.063566077192646873e+02 9.785353451536602165e+01 9.943152831669910086e+01
