LEM/sinusoidal_perturbations/elevation_000308.asc
nrows	100
cellsize	150.0
xllcorner	0
ncols	100
yllcorner	0
NODATA_value	-9999
[rows 51 to 67 of 100, columns 0 to 36 of 100]
6.455108993161302530e-03 2.000645510899280666e+01 2.937757248637043617e+01 2.937757248637035445e+01 2.809224032712825547e+01 3.934713902549771092e+01 5.877201672262147980e+01 5.766428982812843174e+01 4.686050547858356907e+01 2.597354065977355830e+01 4.686050547858356907e+01 4.015472791192457436e+01 3.011022602529501313e+01 1.119926750588424547e+01 2.411387316604186992e+01 4.060029057580010203e+01 3.683609278534831333e+01 2.024961033244040820e+01 2.610179901621429721e+01 6.836415693428469886e+00 7.246436052212750667e+00 3.283253985855910173e+01 4.601147089098972742e+01 3.397890775745273118e+01 1.976206344055120923e+01 1.231664968049141073e+01 3.067966653315903969e+01 2.722641221569342207e+01 2.166413405627791633e+01 3.230155486101367046e+01 4.191031201789513716e+01 3.270220389964639907e+01 4.415864314145859026e+01 6.385751221539093336e+01 7.122343933287214668e+01 6.304131000487267755e+01 5.019590037601115995e+01
3.995603441288198172e-03 3.852997937612687274e+00 9.625890508498661902e+00 1.668560421822090944e+01 3.631904042697055957e+01 4.977774139145336108e+01 5.797979256511509760e+01 6.935913990825333997e+01 5.652021070680955006e+01 3.838404333474806407e+01 5.147300447461390149e+01 3.163489231304316007e+01 1.744675469606000462e+01 3.111381383953737867e+01 2.643763849903374563e+01 4.622583067900811926e+01 4.479192418243567886e+01 3.500659840924399191e+01 3.037680501632227248e+01 2.126388180842591424e+01 7.166271429284346794e+00 3.015028980723833385e+01 4.227301783133903967e+01 2.607963431309680757e+01 2.145883069674621879e+01 1.204568778670857299e+01 1.686795787810525837e+01 1.237031911464201706e+01 1.286113910863007526e+01 2.894811822321966588e+01 2.193866751767463441e+01 4.191035409434751102e+01 6.065541024807691883e+01 6.230121721762625242e+01 5.985120383174378844e+01 4.337336599646054935e+01 5.271828784166137893e+01
4.804567899273937473e-03 2.000480456789891903e+01 1.140365762327339283e+01 1.715443064812615859e+01 2.340867043993273100e+01 3.031634195311066193e+01 4.148554531166912795e+01 6.110509188960024574e+01 6.903231537147462404e+01 6.009848628730410525e+01 5.362940889218723584e+01 3.380805454607286009e+01 2.288112018652266144e+01 4.277754203642600572e+01 4.874575117619969689e+01 5.397087797428738298e+01 4.627811260180524044e+01 3.995646643713933344e+01 3.192532739835436573e+01 7.500797747781975389e+00 8.431738836733831732e+00 2.815811543571023279e+01 4.839523162469832585e+01 3.255273903875013275e+01 1.641777136322381736e+01 1.295554538742272577e+01 1.164780422192284526e+01 3.172592019623735027e+01 3.255669953406394512e+01 1.355200411690374374e+01 3.328734454088174743e+01 4.930166289261584467e+01 4.304427328925332574e+01 4.292043441600031173e+01 5.168144159845648034e+01 3.183896491877284518e+01 4.023588999137012934e+01
9.707512844716031236e-03 1.939268278758023101e+01 3.148594195868021828e+01 3.673431583946902634e+01 4.289709763433717171e+01 4.977774139145336108e+01 5.797979256511509760e+01 5.805885283764457228e+01 6.634311765697599128e+01 7.382697795528449092e+01 6.184034388950590255e+01 4.889016873666773222e+01 2.912653556150690548e+01 4.296001119831748838e+01 6.352698447140949867e+01 6.420227373599337284e+01 4.336302828140964749e+01 2.550494038265410524e+01 1.543774236392839150e+01 7.737772448947368709e+00 1.300713553328021632e+01 2.981904330186815244e+01 4.228047831752374464e+01 3.463976357985539778e+01 1.908340087457565204e+01 1.293776247600058937e+01 1.138741180888079718e+01 2.904923953033502215e+01 3.204888663368415536e+01 1.404897825981350934e+01 3.388903255708233075e+01 3.524546737586783962e+01 2.482709444028161272e+01 3.657524111562912594e+01 3.771139431900976291e+01 3.829488733568656045e+01 2.003352654652723785e+01
5.001202446392439237e-04 2.000050012024428270e+01 3.087153786762107899e+01 4.057741978627880997e+01 4.886171504565712098e+01 4.901109388372172049e+01 4.172892145636154737e+01 3.805885312824161559e+01 5.382697940940178682e+01 5.382697940940178682e+01 7.211124365628982957e+01 5.586204894416921718e+01 3.614259385479089559e+01 5.586204894416921718e+01 6.830854639072332191e+01 4.932566754544789944e+01 4.932566767950434183e+01 4.046050785194672272e+01 2.804059272727520380e+01 7.973212348616123712e+00 1.791942734681884275e+01 2.823108740243868198e+01 2.770059182342575355e+01 3.497221309814691637e+01 3.122014906897902975e+01 1.101068190020476223e+01 1.481697107858452966e+01 1.510459836932064981e+01 3.225725286659088908e+01 1.716869813164089109e+01 1.477376791440168624e+01 1.529712991010607048e+01 1.582935495974110118e+01 1.680153139164355736e+01 1.775217468534171061e+01 1.867762632678147483e+01 3.874727383261638636e+01
5.279685921607564676e-03 2.587268583393213195e+00 2.258726856927915705e+01 2.057741666342770515e+01 3.188755407747542492e+01 2.901111371225892555e+01 2.172892151241568115e+01 2.750242420431183632e+01 3.382697952464837243e+01 4.382697952464742031e+01 6.382697929415608229e+01 6.403868441681979107e+01 4.761562702996699414e+01 6.403868441681979107e+01 6.272297987495206684e+01 4.377631926880335556e+01 3.057511772198616740e+01 3.910095962803222136e+01 2.970603268610705427e+01 8.389815531099635848e+00 8.361055578430971025e+00 1.492351303482790215e+01 2.316176639438528539e+01 2.310460291827104484e+01 2.653659398604860442e+01 2.725908867969444316e+01 1.062509817001479995e+01 1.065351014764014792e+01 3.966334444686712857e+01 3.338304033690184980e+01 2.884985310598727892e+01 3.522941473744270269e+01 3.580078121743795094e+01 1.674102941742878414e+01 3.675078767174903760e+01 3.031565109477671527e+01 4.673181535593155900e+01
5.738623160518319517e-06 2.000000573862280362e+01 6.333611829719973052e+00 9.030411279572918559e+00 1.188755413671575134e+01 1.486897810671544562e+01 3.486897824879434893e+01 4.750242412550937132e+01 5.382697940940178682e+01 6.211124617211192600e+01 7.211124365628982957e+01 7.536891801703745841e+01 6.712687076929420016e+01 6.979607344267364510e+01 6.208794076094979886e+01 5.721593718969464248e+01 3.930307716959960374e+01 2.067337654690232185e+01 1.468438309413853737e+01 8.776157987863788534e+00 2.838209658617863695e+01 8.746297705146105272e+00 9.018214152785498428e+00 9.290748495015771269e+00 1.432894196152299315e+01 1.694399863252678173e+01 1.034887192851157245e+01 3.267714045495584685e+01 5.236421499990859019e+01 5.389931345409752339e+01 4.867297222774669052e+01 4.054776454086570681e+01 2.050901986373363073e+01 1.738626223470414445e+01 3.742842177197255182e+01 4.986465341207285462e+01 5.779849788288991874e+01
4.532054705376768917e-03 2.000453205375447752e+01 2.633361181337414791e+01 2.317254690319000687e+01 2.602968976019725034e+01 3.486897824879434893e+01 2.076665635291123024e+01 4.076665651034471693e+01 5.277854809701562289e+01 5.984961603969802013e+01 6.813389860200047110e+01 7.813390499265454991e+01 7.523025220187368234e+01 5.664421712118809182e+01 4.332751843025551608e+01 5.022280787461414775e+01 3.882885951256768919e+01 2.012714502730892718e+01 2.903504041962549920e+01 9.170262986776963388e+00 2.914726597836565247e+01 3.710948551431638265e+01 3.139648589752777852e+01 3.123258417688956357e+01 9.679985893387920370e+00 9.956927435714069574e+00 2.496991365867363299e+01 2.955386564783331593e+01 5.533326049516289658e+01 5.779178522577441868e+01 4.508620852364281006e+01 2.522770554040967284e+01 3.747255688991268130e+01 1.804483553512550031e+01 3.812436773443585025e+01 4.728398158201245849e+01 5.517353338307300703e+01
9.001595176218036079e-03 1.415113721890729259e+01 3.415113721890799781e+01 4.317254681012574480e+01 4.602968955878972679e+01 4.905084898253499404e+01 3.490879196131283635e+01 2.743332301957778085e+01 3.277854785782608360e+01 3.984961566969131042e+01 4.984961566969342783e+01 6.984961640970253427e+01 7.180462707419219726e+01 5.317993484327175935e+01 3.982479017650489794e+01 3.145885948868378890e+01 2.658180503900673486e+01 3.482430707175280560e+01 1.389852847130086921e+01 9.608764373621118793e+00 2.163320849320474792e+01 3.584739357824771133e+01 5.352930808612775593e+01 4.591030139806440502e+01 2.776935607282401364e+01 2.852374907437324580e+01 2.438725973497210475e+01 4.912680471652663527e+01 6.116283016094756420e+01 4.973119189373301907e+01 3.014769313458401356e+01 4.508464711211426135e+01 4.617900632785391934e+01 3.230312552116429714e+01 1.897866174905030334e+01 3.904548824039042643e+01 3.518783096229692120e+01
5.674351268809080251e-03 2.000567435126845339e+01 3.307595578213312848e+01 3.941334297624644734e+01 4.769282371482719185e+01 5.663881524444539650e+01 5.490877586282240230e+01 3.898032840338107263e+01 5.277854809701562289e+01 4.910847949065058060e+01 6.813389860200047110e+01 7.813390499265454991e+01 7.722975863823488396e+01 5.863498090019590592e+01 5.795897578783421267e+01 4.923012358289389567e+01 4.123594701740745450e+01 4.133738481326781766e+01 2.632996103788995512e+01 1.008165104243846777e+01 2.926881826652615715e+01 3.862878246602979004e+01 4.029196836768525714e+01 5.909764460460376512e+01 5.262414360625915322e+01 5.562485764826135437e+01 4.267085398978714750e+01 6.044710069463132385e+01 5.396817116862031583e+01 3.542561487851069302e+01 4.973119189375857019e+01 4.973112480522916456e+01 6.031566686593443194e+01 4.059356839667182015e+01 1.949914451839999785e+01 1.996735145649773457e+01 2.073563257850327801e+01
9.518805923843161668e-03 2.000950992199052791e+01 1.303321985846322839e+01 1.937276529059191787e+01 2.834908679343267579e+01 4.251323922559699753e+01 6.249074330045930026e+01 5.898032876360373677e+01 6.726460964238103202e+01 6.910848071634740108e+01 7.739277143933352932e+01 8.336679747121077355e+01 7.153348012150090085e+01 6.296156053230170357e+01 5.573140883082892572e+01 6.298409750151057551e+01 5.566121876131899171e+01 3.972714865853937738e+01 2.950243602376409413e+01 1.054972432904420110e+01 1.353759856063175171e+01 1.748725206547012334e+01 3.894153493254772513e+01 5.435075737450356570e+01 6.277914576740190000e+01 7.284614556264585872e+01 7.172108312530947671e+01 7.042796557579443117e+01 5.844533295310592536e+01 3.921857972837099027e+01 5.846476105528307698e+01 6.918558403725330663e+01 5.868618744108430718e+01 4.227194204838838942e+01 2.182901155372514523e+01 4.020100630425438482e+01 4.097780800672240531e+01
9.062254805971973678e-03 4.859995946416649559e+00 2.489354802986203907e+01 3.941334297624644734e+01 4.769282371482719185e+01 5.663884147459955898e+01 6.107680194183348021e+01 6.107680194183348021e+01 6.942195942457084357e+01 6.995935498263281715e+01 7.827812839670873757e+01 7.468313491451490904e+01 5.438120799124532567e+01 4.251323237746294126e+01 3.431678857292514095e+01 4.651817812347843528e+01 4.125968928026433957e+01 1.210503847062147109e+01 1.116489175947131685e+01 2.444307295975399086e+01 2.134621478863265764e+01 3.581263099819614837e+01 2.576808464568981094e+01 3.413314729391757396e+01 4.455015662203530269e+01 5.872277570319983653e+01 7.892961359908252916e+01 6.471758840826747416e+01 4.550866009395402045e+01 4.881200812881736084e+01 6.641520999621791077e+01 6.443753870607827139e+01 4.478715197015608140e+01 3.080522914841046145e+01 2.397336810442140376e+01 4.396798342328963116e+01 5.463145105887314656e+01
3.063233560239582431e-03 2.000305295210430145e+01 2.113743360961185047e+01 4.103464388205476610e+01 5.586181807430535429e+01 4.744306700107697594e+01 4.054879822546751456e+01 4.054879822546751456e+01 6.107680194183348021e+01 4.958477063863684009e+01 6.656411414429051376e+01 7.671868277273509307e+01 7.153348012150090085e+01 6.296156053230170357e+01 4.651817812347843528e+01 2.386609345158928264e+01 3.336943934976538628e+01 1.173384117763217027e+01 2.458291222474773718e+01 3.483532346529195678e+01 3.612876376438989467e+01 4.417959497118535239e+01 4.655692220662908909e+01 3.803204847314609083e+01 4.972367792467326097e+01 6.977434762910152699e+01 8.317932424430081539e+01 6.383087829908072308e+01 5.024917909451494324e+01 6.242309973168585913e+01 7.599175774799452654e+01 6.443753371978544919e+01 4.478715196724795788e+01 5.054261552966084281e+01 3.819643197364300136e+01 2.663895553513398440e+01 4.646548461328914215e+01
5.666595628964066558e-03 1.344881095687522077e+01 3.167875789025932320e+01 4.931640154582316171e+01 4.388845687954512442e+01 2.653319261612867308e+01 2.562567949892573438e+01 4.381012154400624325e+01 4.846889039520672782e+01 3.756159118719028811e+01 4.799722542428565930e+01 6.839494102971643485e+01 7.039140324135655646e+01 6.043028378570087256e+01 4.201546888754430853e+01 2.144336415934472129e+01 1.591671646260099315e+01 1.552165994580215624e+01 1.227944432604531144e+01 3.139589278172234188e+01 4.025936475701973194e+01 4.148809596909723751e+01 6.089143601141726947e+01 5.819813157917761259e+01 6.640850911829586778e+01 7.791714069839173362e+01 8.530468738922856176e+01 6.594664547239871411e+01 5.629565180037000971e+01 7.553126368851556549e+01 8.933813427956224018e+01 7.259214347485590224e+01 6.443753371978611710e+01 6.608144716770937066e+01 5.033702061895639446e+01 3.060336806207661198e+01 2.954824235386604059e+01
2.110006612196471242e-03 1.351263577582050246e+01 3.146257997248595828e+01 3.916784042166427326e+01 3.064498664205622802e+01 1.475953225813694658e+01 1.843727898823648559e+01 2.266386336075953878e+01 2.743593236553344639e+01 4.245407174672286743e+01 6.298994715159115287e+01 7.671868277867753250e+01 6.191591328717476017e+01 4.221710278014275275e+01 3.196442974142960836e+01 3.794465040927764932e+01 2.218175255420203840e+01 2.977818368176367514e+01 1.265894819223580647e+01 3.286117554717440470e+01 2.175623759385013756e+01 4.151061121954822397e+01 5.519185350110756616e+01 6.893005073861253607e+01 7.434464346064190465e+01 8.233343662230159055e+01 9.332105759124530664e+01 8.246966866662364737e+01 6.309109287623807916e+01 8.246966866662364737e+01 9.074895649683200816e+01 7.921996064950053551e+01 7.098161354463447026e+01 6.503620070686919519e+01 5.435052483681034374e+01 3.469327269977672756e+01 4.930263989278324743e+01
9.367352646185668139e-03 1.726575728019362188e+01 2.405172885127316107e+01 2.683760264749161450e+01 1.070412947756492805e+01 3.064498664205622802e+01 3.949755455121243841e+01 4.381012154703084605e+01 4.216302115393795447e+01 3.976209859718416340e+01 5.172405463809076309e+01 7.196310753568617713e+01 7.039140324135655646e+01 6.043028378570087256e+01 5.206650803365877778e+01 4.587079546555384013e+01 3.777067293462744146e+01 2.053182483245790735e+01 1.303534485243453744e+01 1.643732434557996669e+01 3.732117247617448186e+01 2.758233457670101174e+01 4.146035853172952557e+01 5.850308514807819904e+01 5.494277616247873652e+01 7.299177283577046182e+01 8.165316769836279320e+01 9.051811633717933603e+01 7.424866922312628503e+01 9.051811633717933603e+01 8.247982789713871909e+01 6.261288840433432767e+01 5.127356057094797848e+01 4.539920684234779458e+01 4.078902982042475145e+01 5.435052483681034374e+01 5.429629239238035154e+01
3.648181865326004768e-03 2.198933382967476202e+00 4.407563953464525675e+00 6.657740516140123077e+00 1.013942943575476896e+01 3.036008315530330748e+01 4.400550724785022538e+01 5.898622033913206053e+01 6.114984954749894541e+01 6.026797695806444466e+01 6.860708847337608063e+01 8.025465888175158113e+01 8.409398494953700265e+01 7.430031279701104552e+01 6.568310767210822121e+01 4.586566307929572872e+01 3.131199125052549448e+01 3.337694417984020134e+01 1.341229040042383325e+01 2.491065615572928138e+01 4.426438529546076239e+01 4.715801859204183444e+01 3.399842609757898515e+01 3.904131816955074186e+01 4.553195385738468559e+01 5.426343221852106780e+01 6.800552062625801852e+01 8.733001808502280028e+01 9.369976275093883089e+01 1.017423745252938261e+02 8.350977341391907771e+01 6.370101337509055384e+01 6.140770170450596765e+01 5.924827015984020306e+01 6.040621125682402948e+01 6.860232459438887531e+01 5.643510771394196723e+01
