LEM/sinusoidal_perturbations/elevation_000343.asc
nrows	100
cellsize	150.0
xllcorner	0
ncols	100
yllcorner	0
NODATA_value	-9999
[rows 17 to 33 of 100, columns 37 to 73 of 100]
8.244614852183509868e+01 6.742035292633164545e+01 4.787024437549478506e+01 6.742035292633164545e+01 6.798992980557522969e+01 6.088640169623943876e+01 6.106789338609856088e+01 6.919748217351455821e+01 6.376611504113405005e+01 4.478239069381346837e+01 4.149583195205323705e+01 6.057881083632492647e+01 7.249183423623767908e+01 8.420723498532160534e+01 9.532104263026626256e+01 1.026447271930026091e+02 9.489323527577198547e+01 1.026447271930037601e+02 8.729099534821179418e+01 6.752939689401645751e+01 7.794069715371871609e+01 9.780744470180515293e+01 1.131765920543151367e+02 9.349815777518558946e+01 7.965095813722153650e+01 7.274891614237492377e+01 6.627580329316575103e+01 8.580809294151237054e+01 9.841540154886155278e+01 1.065038539705548430e+02 1.090302694755056621e+02 1.164636194179851287e+02 1.146281349201287583e+02 9.896971869383826004e+01 7.927491436595509811e+01 7.904899854217741506e+01 9.716964539882994245e+01
7.080940149776432690e+01 5.906632456956165100e+01 5.394167021328480160e+01 7.399858638466217542e+01 8.643373126026720854e+01 8.036524579467479157e+01 7.395579039751807215e+01 5.487395258051645186e+01 5.060670352736906352e+01 6.268135039547279064e+01 5.369842768600304339e+01 4.222402693394678153e+01 6.656974344061718796e+01 8.293870211596839681e+01 9.403950544970057024e+01 9.977071115607564877e+01 1.019810887383023186e+02 1.101386207184595634e+02 9.356028038344216213e+01 7.373506037130556479e+01 9.356028038344216213e+01 1.061256176389765926e+02 1.131765920543151367e+02 9.349815777518558946e+01 9.926110575249562373e+01 8.921337333968006078e+01 6.964186955907268839e+01 7.104775312231036821e+01 7.900277779448528293e+01 9.010445080341578716e+01 1.034840125171102301e+02 1.225024421627373243e+02 1.114711382203918930e+02 9.170484041012088028e+01 9.896983284236588929e+01 8.391747280655961561e+01 1.035469259666420641e+02
8.886707776700413319e+01 7.967629873398682605e+01 6.103999331495980130e+01 8.201965187179001759e+01 9.431386240679334776e+01 7.504786639142056970e+01 6.152864681002850489e+01 7.395579006539024647e+01 6.960020825241807074e+01 6.669113039594130043e+01 5.689124273586929803e+01 4.274172612397730830e+01 4.883354318127882721e+01 7.312725549407089431e+01 7.468565320919159944e+01 8.035426528834145188e+01 8.252826171080256756e+01 1.019810887383023186e+02 1.018696403968595234e+02 8.771157164791479488e+01 8.771157164791479488e+01 1.076803123351221387e+02 1.212938966072688061e+02 1.131765920543151367e+02 1.066450049407458778e+02 8.697285092148027275e+01 7.314024333605854622e+01 9.060944688046396323e+01 7.656689163273087217e+01 9.614774995621267806e+01 1.102254231874013470e+02 1.216049104771026492e+02 1.196731347618480896e+02 1.056736862489836994e+02 1.088100896051718962e+02 8.911716311818545933e+01 1.088100908839309113e+02
1.033636060045798786e+02 9.094755375066316105e+01 7.223604103355670247e+01 9.093885808436873219e+01 8.876562610018042676e+01 6.967930784919431630e+01 8.069090190998258549e+01 8.867646768021201353e+01 7.655876278523916767e+01 6.235713951319189619e+01 4.348139735217772284e+01 6.182788563907424617e+01 6.719687717418543116e+01 7.209240590981535490e+01 6.122390006701092346e+01 6.894446532210000100e+01 8.822586256739357680e+01 9.783418584367595372e+01 1.065525618869259148e+02 1.076803123351221387e+02 1.076803123351221387e+02 1.160277091458041809e+02 1.234765595387798811e+02 1.036984294070313268e+02 9.233677601818109792e+01 8.358792828415958809e+01 7.740797719993702231e+01 9.701281855127801634e+01 9.614774995621267806e+01 8.245212278678343409e+01 9.373087566635916801e+01 1.134369372000066534e+02 1.249291993506801646e+02 1.254674269829708777e+02 1.147690132382565764e+02 9.500550363409719523e+01 1.147690132382565764e+02
8.479225467833444441e+01 1.024447904545190653e+02 8.955244612215955158e+01 9.747775920568152230e+01 7.988280269494994457e+01 8.876562610018042676e+01 9.670234386275112115e+01 8.235831119765732922e+01 6.266748626932000832e+01 5.061916435633052203e+01 4.400744469683726123e+01 6.179219780926369054e+01 4.978249812592311230e+01 5.331027358241858138e+01 5.841735829987312911e+01 6.406748847930130353e+01 7.040422915461354592e+01 7.898268150001632648e+01 9.266767611651151526e+01 1.122447417020099607e+02 1.139631839211490529e+02 1.223254172980359726e+02 1.316359364156213587e+02 1.202304969395424195e+02 1.114097278866831431e+02 1.015147200652456689e+02 8.189138631208749075e+01 1.015147200652456689e+02 1.102254231873996275e+02 9.373087566636476708e+01 9.009944942868413875e+01 9.701112312289035344e+01 1.109693001690300491e+02 1.307432245123092400e+02 1.217724556199386683e+02 1.019637292209920503e+02 1.217724556199386683e+02
8.110832159557719478e+01 1.007801157561482484e+02 1.137239145007559102e+02 1.065568778784568451e+02 9.072288374621622609e+01 1.065568778784568451e+02 9.542173413782444413e+01 7.596817102071382521e+01 6.897892232547270908e+01 5.020283498942922051e+01 6.285267302531216416e+01 4.475801248001912569e+01 6.355330754670123383e+01 7.216033949327596986e+01 7.748169588403301589e+01 8.326685208722065568e+01 8.960834294545350076e+01 9.783420020282075313e+01 1.065525618869259148e+02 1.066364236527940221e+02 9.415102395238918120e+01 1.108232693798192798e+02 1.223254172980359726e+02 1.217575451202587971e+02 1.019650276407978566e+02 9.061802713839692558e+01 1.015147200652456689e+02 9.426108774236895727e+01 1.139964747637327918e+02 1.076495670162482270e+02 1.039902116457446652e+02 1.097783306666215140e+02 1.109693001690300491e+02 1.307432245123092400e+02 1.299749317281041670e+02 1.134071288390823611e+02 1.299749317281041670e+02
7.965166186027573758e+01 9.344934091989671288e+01 1.133946183403905081e+02 1.174807179477475358e+02 1.096250662170523924e+02 9.967676386693482016e+01 9.148340521389087598e+01 7.596817117710969569e+01 5.686730079195169196e+01 6.899270664522809682e+01 6.538709152599703600e+01 4.529208593279174266e+01 5.190363158178911362e+01 7.076256933033168650e+01 8.121712681507648313e+01 8.907649294229290149e+01 1.000748580895121336e+02 1.043184015452632423e+02 9.606991901821906765e+01 8.701434489159510122e+01 8.299840936958970872e+01 9.415102395238918120e+01 1.139631839211490529e+02 1.299213722172002861e+02 1.185082423362653543e+02 1.004340662948527552e+02 1.185082423362653543e+02 1.082031068910341105e+02 1.221696868369024855e+02 1.274088933051515369e+02 1.237520861074520866e+02 1.295258796142470885e+02 1.307432245123092400e+02 1.388891779480171635e+02 1.414050249533310932e+02 1.331997045135466635e+02 1.338604893171510639e+02
9.929117742371245470e+01 1.076463751758853249e+02 1.108321785018001293e+02 1.190484495640114488e+02 1.027897354318364478e+02 8.322059605899173107e+01 7.205882312004601431e+01 6.528442039050985102e+01 7.596816921730713545e+01 6.787972496353286544e+01 4.638157602269855317e+01 4.582625940534777698e+01 6.444014924585884785e+01 6.864842057206571724e+01 6.212219910631905151e+01 7.326654704638468729e+01 9.219337491809559992e+01 9.307151974956748575e+01 7.676927994838371205e+01 7.357018580979686817e+01 9.276151869977367426e+01 1.027907052087628017e+02 1.110962079651747842e+02 1.210580529214858103e+02 1.283933374526057491e+02 1.202265933562506177e+02 1.283933374526057491e+02 1.279829020538188331e+02 1.243379983499906274e+02 1.221794418852016975e+02 1.263667941529107281e+02 1.181441764050939582e+02 1.263667941529107281e+02 1.351744150323447968e+02 1.466299206126631702e+02 1.407863215627739351e+02 1.256364021025937774e+02
9.466035683819593771e+01 1.029889002555797930e+02 9.065446187549321166e+01 1.074566525610144510e+02 1.110713320552625163e+02 9.967676386693457857e+01 9.148340521389087598e+01 8.461412737345338542e+01 7.390204471193473523e+01 5.486174975586986591e+01 6.787970939724765174e+01 6.468896744663999243e+01 4.656829709616877011e+01 5.204189905623950807e+01 7.003197589104260601e+01 8.283679889497682325e+01 8.804163312072640224e+01 7.995229307730340906e+01 6.598475129163256270e+01 7.133650631058604574e+01 7.694367373773620500e+01 8.322457631289059066e+01 9.288170043453980895e+01 1.126997099829857945e+02 1.296785173918497946e+02 1.214487819252438641e+02 1.296785173918498799e+02 1.243379983499906274e+02 1.047855607906996624e+02 1.026548915365143984e+02 1.089626850961940079e+02 9.866729210730871102e+01 1.073222722860777623e+02 1.185697771952780784e+02 1.382775942039993140e+02 1.325596566913216066e+02 1.127253758533460513e+02
7.449621482645412129e+01 8.838395816743719990e+01 7.896787544653787450e+01 9.327908364799159813e+01 1.133576725766085787e+02 1.039276439520052406e+02 9.390494881097203006e+01 7.489990196228986008e+01 6.190454109118077497e+01 7.390204462539647068e+01 8.182130091088896506e+01 7.334939836949321545e+01 6.539634181076007735e+01 4.729992000767105509e+01 5.740318503517074333e+01 7.495871635197940464e+01 7.550833659293786582e+01 6.109818245263016223e+01 7.040753272423320652e+01 8.378223160656011714e+01 9.626866224347200784e+01 1.027907052087628017e+02 1.110962079651747842e+02 1.210580529214857961e+02 1.198738913541858153e+02 1.019468471589297138e+02 1.198738913541863411e+02 1.204501216674200776e+02 1.083734999325372002e+02 8.914159999081736885e+01 8.971420254923631887e+01 1.089626850961940079e+02 1.155743724435499615e+02 1.224814080004079813e+02 1.307272776077809340e+02 1.407863215627739351e+02 1.308652790639519594e+02
6.313579815782883031e+01 6.830188070535291445e+01 7.983494249008425925e+01 1.000621307600526535e+02 1.096848500247260176e+02 9.000498087243323653e+01 7.659807210729464089e+01 6.967657189664031137e+01 8.046635130750082965e+01 8.847185205370911376e+01 8.141478450279974766e+01 7.324672688236410067e+01 6.699795262181959288e+01 4.781199442673415945e+01 6.246215472882093422e+01 7.086562238442812145e+01 5.669399387710088689e+01 6.374355927780877096e+01 8.267146299238669371e+01 9.768604287478821391e+01 1.115898541430164244e+02 1.177421249887855197e+02 1.263798824484323404e+02 1.243832971620557259e+02 1.048366001677745061e+02 9.229136969708339677e+01 1.116978145420867747e+02 1.122602866354385611e+02 9.293794068984502132e+01 8.229978828666922652e+01 8.536712788972005228e+01 9.043168860018586486e+01 9.612542762302699373e+01 1.029453612798042741e+02 1.141785092902886731e+02 1.338233785634798778e+02 1.407863215627739351e+02
8.301858402015912475e+01 8.838395816743719990e+01 9.671898204691980538e+01 1.083672463005297004e+02 1.117336783224019285e+02 9.213037619078716034e+01 8.849273934185744395e+01 8.849273934185744395e+01 9.130091808532898767e+01 8.312518532215797507e+01 7.329598060013898930e+01 5.463928356453619983e+01 4.781744041095583242e+01 4.831948129319810903e+01 6.689455293067834418e+01 5.264285855852627094e+01 7.152812716900845658e+01 8.266056256165057903e+01 7.700804937156141250e+01 9.636840311409824267e+01 1.144869450372836326e+02 9.724825424826124731e+01 1.144869450372836326e+02 1.186085714053460407e+02 9.913206290056022851e+01 8.548659242728282948e+01 1.048366001677745061e+02 1.120846115572503123e+02 9.718346634460210964e+01 7.861560228999692868e+01 9.718346634460210964e+01 1.097102949400953094e+02 1.155743724435499615e+02 1.224814080004079813e+02 1.307272776077809340e+02 1.421442389211580348e+02 1.447421975043097575e+02
6.483532420123586348e+01 7.887182997827815711e+01 9.907832727194657707e+01 1.093214888832850988e+02 1.194218208466202071e+02 1.117336783224019285e+02 1.079369349348642118e+02 9.825969935574663339e+01 8.312518532215797507e+01 6.356811350529196858e+01 5.959343964275654315e+01 7.329588900317595801e+01 6.983814248570688221e+01 6.717296018618657172e+01 4.903798901426927159e+01 4.945083649296159933e+01 6.769911037851397850e+01 8.729572921920424733e+01 9.636768549883856849e+01 1.047446478807045196e+02 1.059099832000064509e+02 8.611535644466140127e+01 1.059099832000064509e+02 1.143040743018493117e+02 9.966509306803565948e+01 8.030883198961194580e+01 9.956813468676692480e+01 9.604465980690132199e+01 8.659797282422366038e+01 7.567055410264958937e+01 8.866502762547081318e+01 1.077252218385736882e+02 1.205950715870730079e+02 1.263911701197232134e+02 1.258169763012366360e+02 1.340889156632836432e+02 1.312223296423339889e+02
8.479017601156601813e+01 7.363267761023740832e+01 8.071764117543308714e+01 9.085376795258248706e+01 1.111081115430681336e+02 1.169047738620415231e+02 1.070521898639024840e+02 9.007138032767007019e+01 7.042457395839539913e+01 8.312518532215797507e+01 7.885748173017520912e+01 8.698068130178681656e+01 8.594182663999946215e+01 6.763375652711293640e+01 6.692223703833963100e+01 4.973630783179710591e+01 6.934447695190618788e+01 8.649661465430014573e+01 1.032634794270925482e+02 1.158678579373742110e+02 9.891152579512581156e+01 7.963389192541390571e+01 9.891152579512581156e+01 1.061517085394422963e+02 8.675848560160365253e+01 7.556130611276331877e+01 9.406939922529143416e+01 7.683575572375220020e+01 7.818736953334394002e+01 7.275844017260848773e+01 9.717409339747050012e+01 1.148887867206044433e+02 1.009377270204510353e+02 1.066952299438940344e+02 1.061814225082353289e+02 1.226957292916031719e+02 1.115875479134066950e+02
9.682808483396534882e+01 9.381678183295221629e+01 1.009809397478253885e+02 1.093214888832850988e+02 1.194218208466202071e+02 1.086180752813331054e+02 8.903745803286500404e+01 7.924789158786691701e+01 8.432843931347531452e+01 9.825968703883386013e+01 9.574196677989638715e+01 8.455696170341670381e+01 7.655328031641106179e+01 7.167516148833229295e+01 5.047765247077385453e+01 6.272556970796403419e+01 5.754959297652843730e+01 6.636478978237370541e+01 8.308114104757659391e+01 1.057221706815725781e+02 9.309910048679122951e+01 7.413929356989689268e+01 9.309910048679122951e+01 1.045120463199423284e+02 8.507030324406085242e+01 7.136115714298242096e+01 8.530792665210064740e+01 7.466391967547048125e+01 6.870066148096913139e+01 8.785759485799349022e+01 9.279458079020973571e+01 9.563194028161500171e+01 8.681790637760899187e+01 1.020206000713021552e+02 9.477973577881579104e+01 1.099354288454719892e+02 9.775190968975947214e+01
9.738429657660769578e+01 8.898278030216489753e+01 8.898278030216489753e+01 9.738429657660783789e+01 1.091221936679069842e+02 1.169047738620415231e+02 1.070521898639024840e+02 9.054089945322067479e+01 1.039360655057315057e+02 1.003002999981646184e+02 8.771730682052725570e+01 6.841236837713309171e+01 5.763444276374597308e+01 6.994160327250310161e+01 5.100244449563341931e+01 6.966454784035735770e+01 7.608589713743602090e+01 8.453699087194978290e+01 8.335120140494252894e+01 9.968798360463168251e+01 8.803187894376232236e+01 6.918609655703829731e+01 8.575207968281804938e+01 1.049136897755582822e+02 9.886800190782678044e+01 8.532202817050796284e+01 6.597803798860547886e+01 6.495001330762846692e+01 6.741637034504955750e+01 6.994503822350503697e+01 7.257681720732142594e+01 7.536914054769827942e+01 7.836709138270809660e+01 8.196064745138832563e+01 8.605734403779999298e+01 9.023947179054719925e+01 9.910863539379202791e+01
8.564954682542291664e+01 6.864014742695285065e+01 6.864014742695285065e+01 8.037033514092551911e+01 1.007475991811183320e+02 1.131682073118586800e+02 1.184432934093577643e+02 1.101478377530063710e+02 1.019407037363396995e+02 9.227421113664443908e+01 7.293914183096819670e+01 6.185085293663458117e+01 7.244553134185514409e+01 5.402110493923970580e+01 5.152041598676082401e+01 7.048912554767284178e+01 7.928767711719805789e+01 7.374522273089048952e+01 8.180382735888520074e+01 8.904688930039110062e+01 8.347386519377947423e+01 6.474992725269937921e+01 8.331359523810370149e+01 9.044123809069228059e+01 9.349073144648701827e+01 8.169235409485283128e+01 6.242243991467718445e+01 8.169237701379977068e+01 8.927533887306769600e+01 9.004329163881314457e+01 9.279458079020973571e+01 8.981132431031490171e+01 8.681790637760899187e+01 1.020206000713021552e+02 1.059150084471105941e+02 1.041920882048007684e+02 1.181250981845334991e+02
