LEM/sinusoidal_perturbations/elevation_000057.asc
nrows	100
cellsize	150.0
xllcorner	0
ncols	100
yllcorner	0
NODATA_value	-9999
[rows 17 to 33 of 100, columns 37 to 73 of 100]
6.512249644699558360e+01 8.472503425707371605e+01 9.789791894069834655e+01 1.069089360855702608e+02 9.074755959990159226e+01 1.069089360855706303e+02 1.191902411932262993e+02 1.219690559563370726e+02 1.219690559563370726e+02 1.306421766022756401e+02 1.322302580469308282e+02 1.206132525744051378e+02 1.122293305577718741e+02 1.012449874645508743e+02 7.883412405046135518e+01 7.277521122822832922e+01 9.284127477737700929e+01 1.082828022817011515e+02 1.084546600371964473e+02 1.281990427337097742e+02 1.256024811624394175e+02 1.158569608993146574e+02 9.803798730545388196e+01 1.158569608993146574e+02 1.094284205770552916e+02 9.516610685136681980e+01 7.602791722929353568e+01 7.282039135233144123e+01 7.349658516659872021e+01 8.883082808821075105e+01 1.015700623604960242e+02 9.338729010079219961e+01 7.799866428059861789e+01 7.890176426505577467e+01 9.838776550857625125e+01 1.076301202842362841e+02 1.106137967424933635e+02
8.008780063292994100e+01 7.273614804649803034e+01 8.376884210847818224e+01 1.075124554720643175e+02 1.095450876649714331e+02 1.174524472167102260e+02 1.162638739162298265e+02 1.018855712302179342e+02 1.018855712302179342e+02 1.219690559563370726e+02 1.184351714772729878e+02 1.102123674199633285e+02 1.085377627943820897e+02 9.690489501619632051e+01 8.951553915319483679e+01 7.127898135664543133e+01 9.144243397916832805e+01 1.070433384860257746e+02 1.152589852468035190e+02 1.266120157177560230e+02 1.173253647523415424e+02 9.803798730545388196e+01 8.882871426246694568e+01 9.987957839752802158e+01 9.486983670575662586e+01 9.119859370762797823e+01 7.187151454735766265e+01 9.206727944165804445e+01 8.882720908012126415e+01 8.927326164589132418e+01 1.088555916597604352e+02 9.720927740014265339e+01 9.193371726135202948e+01 9.838776535332110029e+01 8.017075813123618389e+01 9.139892905621884722e+01 1.014741831762097490e+02
8.349762697671332035e+01 9.325780560164557187e+01 1.033254871632813803e+02 1.184546843602706616e+02 1.162539182413235892e+02 1.077585965934066934e+02 1.077678877166416527e+02 8.810466182754169040e+01 1.012134790869417031e+02 1.213037493608347006e+02 1.102123674199633285e+02 9.061764656357668457e+01 9.601194206286596966e+01 8.282616035782960751e+01 6.924624845320502686e+01 8.951437871173946803e+01 8.061789431883059365e+01 8.768639359370806119e+01 9.880288402965295802e+01 1.183000086121595729e+02 1.256024811624394175e+02 1.158569608993146574e+02 9.998498661757173522e+01 8.028618251757308144e+01 7.157145373119266196e+01 7.094714046757522397e+01 9.119859254306614105e+01 8.239504910029376106e+01 1.014422973708957869e+02 1.088093540745148857e+02 1.170891436438494395e+02 1.163236034519314330e+02 1.112351924447578284e+02 1.067361194586386830e+02 8.293097908832163512e+01 8.145379735021705869e+01 8.235265764205080075e+01
1.022444353083117932e+02 1.104892872226548093e+02 1.123156426942228734e+02 1.206196686284877728e+02 1.077585965934066934e+02 8.794578705353352177e+01 9.374882461340477846e+01 8.146385972641940043e+01 9.538918823718471174e+01 1.152745610475063387e+02 1.101365822764689284e+02 9.060134571811613569e+01 7.637456272559647630e+01 8.627102025459097945e+01 6.785679726483785146e+01 8.816418855199677296e+01 1.001996247332956784e+02 1.070433384860257746e+02 1.152589852468035190e+02 1.138609147510342012e+02 1.117048162170373473e+02 1.109489758891746050e+02 1.027739625989014201e+02 9.787996361816320245e+01 8.973107237966100058e+01 7.030198341068327750e+01 9.058172197348430643e+01 1.020548743583121052e+02 9.491820072393605301e+01 1.085875220521829050e+02 1.282261147402539621e+02 1.304716586001788414e+02 1.190945569410990430e+02 1.055296463647605663e+02 8.619707488043664512e+01 1.006550994628478861e+02 1.014730658824558702e+02
1.041929543428644820e+02 1.095211514218200364e+02 9.300562333434135098e+01 1.095211514218200364e+02 9.591077259521489395e+01 8.756803863181569625e+01 7.371794336406246373e+01 9.371634522648056986e+01 9.332544447396131204e+01 1.017012741496050552e+02 1.005667537573011288e+02 9.850156588992132356e+01 8.013057948614908810e+01 6.594302856354956077e+01 8.627076582834079943e+01 8.455426681519706733e+01 9.848477020380491354e+01 1.180879076412501831e+02 1.138609147510342012e+02 9.436569041735290853e+01 9.224285397170241652e+01 1.027739546927152503e+02 8.311820640738774557e+01 8.887511278275073323e+01 6.941392700487963907e+01 8.718422882414768083e+01 7.724146349596360039e+01 9.696317230417439248e+01 1.119573254900145542e+02 1.143395326775583811e+02 1.340939931879824485e+02 1.221574677680845724e+02 1.026053002927056639e+02 9.161806520387207797e+01 1.055297627676367682e+02 1.136965128783678836e+02 1.110385961659835772e+02
9.267647302737317716e+01 1.012969883066830903e+02 8.159649865444025352e+01 9.019380672443158176e+01 8.183869735453765770e+01 6.730932202030459166e+01 8.756803863181569625e+01 9.007798808160200110e+01 7.332466076045911052e+01 8.996013334598927713e+01 8.129002791477428502e+01 8.188318142252887810e+01 8.314587403249461772e+01 6.465152584027107707e+01 7.500742650480117391e+01 8.919399809111015998e+01 1.087632258921684496e+02 1.077644724744698692e+02 1.044753138828391030e+02 9.793548635673266745e+01 7.822041250291600534e+01 8.744627110644920265e+01 8.803709174059622455e+01 6.854087752425141389e+01 8.887482617163111343e+01 9.731019453607937919e+01 9.696317230417368194e+01 8.446745640636522978e+01 1.037973062593594307e+02 1.198990177047863455e+02 1.312857178636734261e+02 1.264560181395585374e+02 1.067575848616621954e+02 9.577167251943178883e+01 1.150831223839566775e+02 1.264338008863476119e+02 1.065901635206621449e+02
8.373716158945892118e+01 9.386735025076673367e+01 7.388496871414962186e+01 8.183254952760826484e+01 6.159776372916667242e+01 7.664335965527851613e+01 7.705569388799050046e+01 7.742597781131601664e+01 6.337441003257452365e+01 8.136495218776083505e+01 7.629497606754019046e+01 6.163684849113507624e+01 6.286471473216445816e+01 8.309628268210127544e+01 9.316524463238573617e+01 1.030979347503100172e+02 1.077644724744698692e+02 8.872553978965896704e+01 8.517639493154666752e+01 8.602981895638305332e+01 8.414472127738716267e+01 6.710656640492270242e+01 6.769774740227093446e+01 8.608904972160225100e+01 7.309601641302968744e+01 9.313904409485775204e+01 1.056041013258070791e+02 1.037973062593594307e+02 9.238818887666838009e+01 1.033941126203320238e+02 1.229713646874820228e+02 1.347984420759226794e+02 1.199530156392184637e+02 1.004734426181709779e+02 1.199530156392184637e+02 1.347563004644449904e+02 1.194108011762511126e+02
7.559525830744954078e+01 9.478238915679966681e+01 8.442414087920143118e+01 6.427026457743102128e+01 6.251410802371112396e+01 5.641293771491702813e+01 5.682062881549207134e+01 5.722966672863572768e+01 5.763798578146302276e+01 6.445808186425472286e+01 5.992066591266814157e+01 8.011541489110099690e+01 7.729479600195931255e+01 7.733733742107929743e+01 9.745670636265194275e+01 1.112617910036698134e+02 1.001582755523432553e+02 9.133410227496032974e+01 7.417813434542975415e+01 6.569309421809180094e+01 6.627484813087164639e+01 8.661374619937025443e+01 6.740960640283168459e+01 9.510571194491406288e+01 9.313904409485775204e+01 7.781957718613989528e+01 9.748152041561685621e+01 1.101849749570598647e+02 1.116684329365198067e+02 1.033941126203320238e+02 1.171269208490770524e+02 1.370811002666871445e+02 1.261868932057837327e+02 1.064736414408096863e+02 1.162908014557123124e+02 1.362480000846042287e+02 1.242063622660795943e+02
6.748712878343748400e+01 8.203161658297679537e+01 8.308266136358524534e+01 7.548043852922631913e+01 5.584364541512991309e+01 7.586248185808257460e+01 7.113725504762930996e+01 7.737356014751254918e+01 7.778766463735138359e+01 5.821013788537732125e+01 7.835686327609795399e+01 8.828816896404366332e+01 9.678895024652260304e+01 9.738991953603844820e+01 1.060633090640524756e+02 1.028589513386403524e+02 8.425786282699087337e+01 7.374470159376787137e+01 6.487434988835735794e+01 8.520744991182968420e+01 6.811576906948825183e+01 8.972611788558791091e+01 9.742230170109559140e+01 1.052295959144197610e+02 1.056041013508792332e+02 9.748152041575008298e+01 8.269455588003062019e+01 9.636139646669364822e+01 1.157544547378798114e+02 1.229713646874820228e+02 1.229713646874820370e+02 1.429966524999647959e+02 1.332415898965228394e+02 1.132878944195790751e+02 1.332415898965228394e+02 1.446183510402385650e+02 1.294977442244858992e+02
5.380282538621418098e+01 7.396475982907540470e+01 7.482808326787839803e+01 5.528320078559487882e+01 7.537337944369400589e+01 8.392390422005958328e+01 9.084440792890390526e+01 9.174611395651575663e+01 7.881477434903912638e+01 5.863353226495450343e+01 7.028660673255805591e+01 8.430648763038898608e+01 1.039769406032077654e+02 1.089076830034855163e+02 1.033949819531355132e+02 1.029942659376272331e+02 8.369212322393998704e+01 8.380987951276333092e+01 6.429939927051789539e+01 8.462954152267968766e+01 8.972611788558791091e+01 7.640391727676224320e+01 9.668115202566737310e+01 1.124039023787888709e+02 1.191932020205646836e+02 9.973848510246895671e+01 8.623009154500752516e+01 1.054366397617145452e+02 1.166895880865663173e+02 1.228819941592888085e+02 1.312046988012146755e+02 1.401380997269475301e+02 1.416227664618658082e+02 1.247031043068387532e+02 1.416227664618658082e+02 1.459535901295407143e+02 1.257993772529145104e+02
6.509450407341854827e+01 5.434613127184981352e+01 5.473222319604930419e+01 7.491156914432454528e+01 6.266891535006411829e+01 7.702285948636854584e+01 9.669229290815350453e+01 8.382575541570281530e+01 6.429996266185604270e+01 5.905258273673224068e+01 7.923277094644110718e+01 8.799824056759885593e+01 9.709687521564872270e+01 8.999269654484693604e+01 8.448908932022384022e+01 9.047166023599648099e+01 8.299841263670643343e+01 6.348946086914367015e+01 6.753260380478808145e+01 8.989188587220439786e+01 1.047941319420397406e+02 9.668115202566737310e+01 8.496648487465954247e+01 1.042413929984172256e+02 1.228362086466242147e+02 1.122411427958644907e+02 9.299510184363637677e+01 9.229081612244995370e+01 9.733087022445549508e+01 1.032998867728276622e+02 1.118882055501746748e+02 1.258681180749785398e+02 1.460394212058034213e+02 1.449053781218788686e+02 1.532956066728903295e+02 1.543049913469003798e+02 1.449419272146478477e+02
8.053499561018786324e+01 7.451616757448641692e+01 5.493426192022763388e+01 7.733955674616638021e+01 8.280675374969790425e+01 7.138487533744769564e+01 9.129829137874355638e+01 9.211794490148093928e+01 8.374743555227401259e+01 7.338642024497858074e+01 5.963932517965102420e+01 7.845468302519334713e+01 7.575301578023872651e+01 8.131041125186840191e+01 7.060974559267077666e+01 8.024980561557202918e+01 6.268776386787006771e+01 7.709599528535399315e+01 8.847751415814484233e+01 8.691160881127868265e+01 1.087436886552107183e+02 1.124039023787888709e+02 9.854670392946412960e+01 9.523492066090446428e+01 1.145838086835084795e+02 1.204766621168225527e+02 1.014554658735642221e+02 1.007449014241420429e+02 1.108877415752834281e+02 1.228819941592888085e+02 1.312046988012146755e+02 1.401380997269475301e+02 1.463421526505141514e+02 1.380423989189376641e+02 1.391510551608785136e+02 1.474484292040732214e+02 1.550580467244742238e+02
9.373409660650960973e+01 8.563687477770643852e+01 7.737512816259010151e+01 6.587880685211138143e+01 8.595075599327492455e+01 8.559175082965147396e+01 8.220271457458935060e+01 1.017437036756251416e+02 1.014264716657366705e+02 8.588123033827184827e+01 6.282008001935228236e+01 6.022381651313268236e+01 6.063888448040138712e+01 6.105508645664340150e+01 6.147364335864904916e+01 6.189464647975072609e+01 8.023768150719236303e+01 9.057507120335596085e+01 1.037218693449539444e+02 1.084161095495161504e+02 1.032177094945709683e+02 1.114376181118632303e+02 1.179895885821816535e+02 1.062683897768757930e+02 1.228362086468388839e+02 1.292734954650760528e+02 1.125672403090361229e+02 1.118392410940276136e+02 1.285133141383864199e+02 1.390422447081806752e+02 1.411509746181321532e+02 1.328404951826578042e+02 1.328318450727061020e+02 1.181427059983215884e+02 1.192322645607851115e+02 1.332586504066351267e+02 1.533765786335645771e+02
8.462597553106782300e+01 1.041697584374319661e+02 9.266766319112331018e+01 7.261587791346069309e+01 9.266740991663350258e+01 1.050756518196836566e+02 9.208210960058160310e+01 1.097494992076719029e+02 1.010270702098184472e+02 8.125881168402086985e+01 6.666274368985151000e+01 8.045331771536241661e+01 8.010546086091665074e+01 6.808626222190481769e+01 8.051580594289936244e+01 6.932889681920877933e+01 6.281894900156857631e+01 8.275606851106221029e+01 9.209912077086183047e+01 9.114528623738824820e+01 8.396410738638162741e+01 9.746581316529278638e+01 1.171040188753991629e+02 1.259428821530781164e+02 1.342663128972843651e+02 1.407991066252917847e+02 1.324411401377933259e+02 1.316621397423397184e+02 1.399818502010074042e+02 1.519290087720489453e+02 1.328391424638854801e+02 1.131230602717398313e+02 1.131228861323892545e+02 1.070296718271915495e+02 1.181427059983215884e+02 1.321498756157808430e+02 1.522682085940190859e+02
9.594503591233073791e+01 1.122440742936532132e+02 1.009908033287371296e+02 8.274189003920335495e+01 1.009959868077773706e+02 1.194121154355641465e+02 1.114052981067787869e+02 1.194121154355641465e+02 1.060855014413319708e+02 8.651654136033887710e+01 7.216439765993466438e+01 9.224815705896685358e+01 9.331332584222609228e+01 7.648214926095509725e+01 9.381981675411944366e+01 8.817048273902996414e+01 8.312496725808081521e+01 6.375283792874914468e+01 8.406975330972045413e+01 7.226141689404124691e+01 9.071359958691675729e+01 1.035018551739912027e+02 1.083407835945739919e+02 1.165626752170528277e+02 1.259635194781492658e+02 1.259635194781492658e+02 1.342724614365834270e+02 1.350805521758584291e+02 1.265851864430242983e+02 1.348726758662156726e+02 1.244358637769299634e+02 1.188941410832878347e+02 9.964933653958723880e+01 1.188955065558808144e+02 1.348297767627294377e+02 1.328128307524186766e+02 1.412910712864193101e+02
1.153484970133477248e+02 1.234153113633144159e+02 1.114108600932968898e+02 1.028314997424335218e+02 1.112042107710287553e+02 1.220721414229033144e+02 1.142222893178565926e+02 1.227372569579497110e+02 1.060855014431561756e+02 8.651654136033944553e+01 8.004220369152011472e+01 9.966480244234251984e+01 1.049596751209315357e+02 8.820362267720201999e+01 1.052847695364381337e+02 9.157154470702937488e+01 7.158388985290554274e+01 8.145454944245574325e+01 6.470174350966769339e+01 6.537586052853693275e+01 7.726440051300738787e+01 9.320111874182816791e+01 8.891897366311445694e+01 1.083407835945739919e+02 1.063300613452353502e+02 1.063300613452353502e+02 1.259635194781492658e+02 1.251572776174371597e+02 1.072717272460895686e+02 1.251264103915488590e+02 1.244668889885467991e+02 1.050679231198667196e+02 9.568163675188405648e+01 1.147927710284518810e+02 1.295854176471998755e+02 1.126181927645673966e+02 1.295854176471998755e+02
1.096225434693129017e+02 1.186810000383744210e+02 1.104611306169623504e+02 1.119416028992166616e+02 1.028264318413377225e+02 1.108984830904269643e+02 9.350086670149887880e+01 1.118540642123737427e+02 1.143093378153440796e+02 1.060855014431561756e+02 8.994325028620406215e+01 1.078430527346592527e+02 1.185415779980547342e+02 1.095240153887552452e+02 9.983105150101393122e+01 8.035383409734562576e+01 9.157154470702937488e+01 9.250207079978615354e+01 8.502385268709106469e+01 8.570015352223042271e+01 6.633871074197128337e+01 7.485017065622061239e+01 9.460749008912266333e+01 1.029628691241777005e+02 9.273900778261240418e+01 1.063300613452353502e+02 1.259635194781492658e+02 1.168978117648464377e+02 9.835801204049751334e+01 1.168978110144162628e+02 1.144265723191899014e+02 1.063448910352469170e+02 9.217581296954647030e+01 1.111699655662591937e+02 1.210756336226403533e+02 1.006158658461712463e+02 1.210756336226403533e+02
