LEM/sinusoidal_perturbations/elevation_000090.asc
nrows	100
cellsize	150.0
xllcorner	0
ncols	100
yllcorner	0
NODATA_value	-9999
[rows 0 to 16 of 100, columns 37 to 73 of 100]
7.591005154947652045e+01 7.527593432791451278e+01 6.698959459804459016e+01 6.693547313854219283e+01 7.272785744080989900e+01 6.441075732408766896e+01 5.625953137238084878e+01 6.441075724829204319e+01 7.340776091399922620e+01 6.723390567266746132e+01 5.898596824046531850e+01 5.341627511369775050e+01 4.574133699049028223e+01 4.126284855572693999e+01 5.332920248909840666e+01 6.209133501929967736e+01 6.303362423820396288e+01 5.484229197193403849e+01 6.305630254772399468e+01 7.539611700718802467e+01 6.850224555643272595e+01 6.596059947817489899e+01 7.411476962624297471e+01 8.544102871956215495e+01 9.032505583925276937e+01 8.176738515043622613e+01 8.176678872756336602e+01 8.176700396048022412e+01 9.032093298420895167e+01 9.955962418685457749e+01 9.144709444755044103e+01 9.144513324208702443e+01 9.144513324208702443e+01 9.954706870647410710e+01 9.786796042263148365e+01 8.921107916560143281e+01 9.196572037977338709e+01
6.770717511199177352e+01 6.696511459896005647e+01 4.719846846186237599e+01 4.719604979640692477e+01 5.297759303659776009e+01 5.431683288434291512e+01 3.586082788925185838e+01 5.431683251196265871e+01 5.384578292754891748e+01 5.905120231778411721e+01 3.923474553927908204e+01 4.348672895946246086e+01 2.582990367595568415e+01 2.636556437000697173e+01 4.600367506348193558e+01 4.186385119443595215e+01 4.810296213367212914e+01 3.680626040183209113e+01 4.763604109803097941e+01 6.301605488778547937e+01 4.936960793959410410e+01 4.693026011855794621e+01 5.769762262310338485e+01 7.724803633930406477e+01 8.176715343442600670e+01 6.163149093478638463e+01 6.163148829849023969e+01 6.163148925445733539e+01 8.176697268545844111e+01 9.144621476358332757e+01 7.005116073070962557e+01 7.005114103573288276e+01 7.005114103573288276e+01 9.144513324208702443e+01 8.568581583707097593e+01 6.802792221519948157e+01 7.077409419196089857e+01
6.054946181426122820e+01 6.601330489710915117e+01 5.297726811145170700e+01 3.285121918849947775e+01 4.397278216628163250e+01 4.117557243563352642e+01 2.528188663173176565e+01 4.606017963073224308e+01 4.000433100381114571e+01 4.370816721544932903e+01 4.423738902587398059e+01 2.507356652368778072e+01 4.494949967318060402e+01 4.092387445188624184e+01 2.712566920353697597e+01 2.766781946510904788e+01 2.821178413329808876e+01 2.875712381397709194e+01 4.864152086912311290e+01 4.994643875336541328e+01 3.018744323086419712e+01 5.497342775557996930e+01 6.894303177649840109e+01 7.074915664583390651e+01 7.834283754962768853e+01 6.752692752098343476e+01 4.781207312465945591e+01 6.752898124942426250e+01 7.011383393547799869e+01 7.874852393552542651e+01 7.631729127693884607e+01 5.333091525655174792e+01 7.631729076660705857e+01 7.428294009841084744e+01 6.771203057625797328e+01 5.625498149450709207e+01 7.698097779800052365e+01
3.930498843769322548e+01 4.988535936098983825e+01 4.862497629053654435e+01 4.386513821534479263e+01 2.429339728169556167e+01 2.121901008733815530e+01 2.176437329950671895e+01 4.169616238791678597e+01 4.098140857087695110e+01 2.378768480330882085e+01 2.431953583289232412e+01 4.423783003324032137e+01 5.307430428273006839e+01 3.383362697151289211e+01 4.704778288262964736e+01 4.179423053606815586e+01 4.809751191735860232e+01 4.661037743226754060e+01 2.953237325102576705e+01 3.008316648245086000e+01 3.063591692803948874e+01 5.048826682993546200e+01 5.074975973927726614e+01 5.270194648169669449e+01 6.841528077879584657e+01 6.206043856960628347e+01 4.252165232459287125e+01 5.510764801724629081e+01 4.944227965350739140e+01 6.960338847714966448e+01 6.635140161295277039e+01 4.699730000735199553e+01 6.280303871909365654e+01 5.376529230231899703e+01 4.758596174194673978e+01 6.710173847809097936e+01 6.779243169002846514e+01
3.914735916859880405e+01 4.374368341198535148e+01 2.999966670838269778e+01 1.990258545330643258e+01 2.041968534513603117e+01 4.044229400149180265e+01 3.286917422675493583e+01 2.251005065861325249e+01 2.303719017730530183e+01 4.296040228921836501e+01 2.965752922537101810e+01 5.012563919964074444e+01 5.826593861705579513e+01 3.865957706888014656e+01 5.826589847883260376e+01 6.151528031286564158e+01 5.984800260706239072e+01 4.023533673575452241e+01 4.940503125301903253e+01 4.994574894557000988e+01 5.034472084374800716e+01 3.142323693792723205e+01 4.974995643815311297e+01 4.170579121172788462e+01 5.334203672282863096e+01 5.371720809139291219e+01 4.483203266301359236e+01 3.535873687542468957e+01 5.500838048286251336e+01 6.341475690390085163e+01 5.445077589712779087e+01 5.835471783933596157e+01 3.932877557774302346e+01 3.992536443274704538e+01 5.942097112066696951e+01 4.442117186828551212e+01 4.576522807029178352e+01
3.253903851275055814e+01 3.373428372845915391e+01 1.927587752735870197e+01 2.022816712077025869e+01 3.971691492622560560e+01 4.862293791598024484e+01 2.956738831926664801e+01 4.243492916916805058e+01 3.345535053205700393e+01 3.077571619395117253e+01 4.909705309846239629e+01 6.076686650475522100e+01 6.647752508737313804e+01 5.826593958432172826e+01 4.662327086508585694e+01 6.629819284944704805e+01 5.986085134797974661e+01 5.411092410930202590e+01 6.801593528015301615e+01 5.685336075319926152e+01 3.724821977055157873e+01 4.162897689076855556e+01 3.222286217617713078e+01 3.279066362946197444e+01 3.336626230386887926e+01 3.394425397050051174e+01 3.452441772541438780e+01 5.402266861401851372e+01 3.620108132424033442e+01 5.500658774383381200e+01 5.710879992128121074e+01 3.848590366753123249e+01 5.001270580401345711e+01 5.740163902732466994e+01 4.076615833210966855e+01 4.135668776284635584e+01 4.194288388952498536e+01
1.802741923158712467e+01 1.854581253225688187e+01 3.873825718720629396e+01 2.569241541468554146e+01 4.390671883653137542e+01 5.448323037189812368e+01 3.471092321118859303e+01 5.436909171108626282e+01 5.132879020194995690e+01 5.040404865267912982e+01 3.912059213039125893e+01 5.301518830022639861e+01 7.273824972653839893e+01 7.255005045246586803e+01 5.277994081988557440e+01 7.255005045246586803e+01 7.952272441297425587e+01 7.374240367025403486e+01 6.290108492288784703e+01 4.330458482600759140e+01 5.685347369792569339e+01 5.910459971412287672e+01 5.241587113522673747e+01 3.723614032690528575e+01 5.246597253273003503e+01 5.366168569120394238e+01 3.797440796841969046e+01 5.710475670555582894e+01 5.108631571267755334e+01 3.704358723011200993e+01 3.763857241250051544e+01 5.561725035516912641e+01 5.720576445558963741e+01 6.586763495325703843e+01 5.442791093184936813e+01 6.074366227914256910e+01 5.588919579427319206e+01
4.140613074482496359e+01 2.372918474879219630e+01 4.555412650845474332e+01 3.157096512659461141e+01 4.961773488357005135e+01 6.265248622764872977e+01 5.448323606228245808e+01 4.358461009224714644e+01 6.330040968737721130e+01 6.696725720588339925e+01 5.301518830022639861e+01 5.154317816956199039e+01 7.126531170290223827e+01 8.080051720144020067e+01 6.416288096262690033e+01 6.890503871531784341e+01 8.876849278923054953e+01 7.428160338917527383e+01 5.456996718908961697e+01 4.868178218164936766e+01 6.835839557923107179e+01 7.549905390790915760e+01 5.554144509680989472e+01 4.167818993812004180e+01 6.103589747809518684e+01 6.378143470178279273e+01 5.813433177097906679e+01 4.271397046862264801e+01 6.101637774249417134e+01 5.677225601189402227e+01 5.206335891382940417e+01 4.325235842460966040e+01 4.748494508552565208e+01 6.669431780730538151e+01 7.402658080854884304e+01 7.592885375695814787e+01 5.658576091227724447e+01
5.315999855544092867e+01 5.628931267551856621e+01 4.473921334805383054e+01 4.405921272826763158e+01 4.405921272827025348e+01 6.328091284343861389e+01 7.147090787937577261e+01 5.497529598243014703e+01 5.753038346922566149e+01 7.723048523848694913e+01 7.273824972653839893e+01 6.548625825435186698e+01 7.944559926884976164e+01 9.227878831142895422e+01 8.400713704143160498e+01 8.876849278923054953e+01 9.038952848365372006e+01 7.066142983543133482e+01 7.428160338917527383e+01 5.744148007830892055e+01 6.001359304988805121e+01 7.975760782387838788e+01 6.973382199106099222e+01 5.038928002772581749e+01 5.039169291264666128e+01 6.970046748626847943e+01 7.045364989052748683e+01 6.231705835783539271e+01 4.785957898104314268e+01 6.799274885236631860e+01 6.922147100686990484e+01 5.857286193340608804e+01 6.414623043086231746e+01 5.393538684249044479e+01 7.316741404932335513e+01 8.437893509792037605e+01 7.623832767196199711e+01
5.122160403796528527e+01 7.032673817171055930e+01 6.536288102405079314e+01 6.328091282649322835e+01 6.328091284343861389e+01 7.143075681373181851e+01 8.285119668726487419e+01 7.467272649772890247e+01 7.723048523848694913e+01 8.541143228952580557e+01 7.877265537229742165e+01 8.521718091607162648e+01 8.566584909674705273e+01 9.389011347088300852e+01 9.461456851652619093e+01 8.633299566788232937e+01 9.461456851652619093e+01 9.038952848365372006e+01 8.536573198602532386e+01 6.885263785900187372e+01 7.398189424797998015e+01 7.975760782387838788e+01 7.867726354701100888e+01 6.182705341994935822e+01 6.446770808169007694e+01 6.184469918131933497e+01 8.202348840395036689e+01 7.228083175933512905e+01 5.185640942197091618e+01 6.637688698828578993e+01 8.653421530246612292e+01 8.147083844275906017e+01 7.789454498406941241e+01 5.880947656945818380e+01 7.802363903897200714e+01 8.824584285632036540e+01 8.030727556730820993e+01
7.032673819209509247e+01 6.893043516722077868e+01 6.076423538796548485e+01 6.893046311949238714e+01 6.650312461990124291e+01 5.864112220915025375e+01 6.650312461995225988e+01 7.024262221008125096e+01 7.855657422461973738e+01 7.294196660247324360e+01 5.881066479406110403e+01 7.294196660247324360e+01 6.590640469494059062e+01 8.246581220226586595e+01 8.461908959631658433e+01 6.634308481377644284e+01 8.461908959631658433e+01 9.616202205603843822e+01 9.675808174858138955e+01 8.857991384861195172e+01 9.370141387119495846e+01 9.948113620140755131e+01 9.030218894689849662e+01 8.202100108260907518e+01 8.462576192695688349e+01 7.351219366682678924e+01 9.024874288761766650e+01 7.726116606683579846e+01 5.692866178594302085e+01 6.854510177641304836e+01 8.858746948657625353e+01 8.611968612128946177e+01 6.713277270679726882e+01 7.802363903897200714e+01 8.593109962132739099e+01 8.030727556730820993e+01 6.118873974756700562e+01
6.085302644370729297e+01 5.904473113329228084e+01 4.096977462825822869e+01 5.593135501870332860e+01 4.795592060056864625e+01 3.992814025819974688e+01 5.844010583515875368e+01 5.027127858050285170e+01 5.871590548281516675e+01 6.407568181794168538e+01 4.490431229965820137e+01 6.407568181794168538e+01 5.448243329536739310e+01 7.361641239638574064e+01 6.783670885653539528e+01 5.640065088667082449e+01 6.788772443603282625e+01 8.788138627815558834e+01 8.528154699161804331e+01 9.357377985696741973e+01 1.030828535393141294e+02 9.817685504597071144e+01 8.988248787074169854e+01 9.817685527954792235e+01 1.018238045627786761e+02 9.365013323078318308e+01 9.348352036108087759e+01 7.362367035801720760e+01 6.321114366480912850e+01 8.333584713515527653e+01 9.674641557592190111e+01 9.239351851299828411e+01 7.357202132639463343e+01 9.239351852033695423e+01 8.772721234067554974e+01 6.881001114216334713e+01 8.030727556730820993e+01
4.100016916589169824e+01 5.005419225880563516e+01 3.075764277660340085e+01 3.991252921235401629e+01 2.754919810566174476e+01 3.952204489132233078e+01 4.868263393433793595e+01 3.871688406510008207e+01 3.871691929497671936e+01 4.624856318974519098e+01 3.667340634768348195e+01 5.481940424385695110e+01 4.559337579953454878e+01 6.032510757373599120e+01 4.796287101961821264e+01 6.783670885020131891e+01 8.461908959631658433e+01 8.202608811128209254e+01 6.528784126160962842e+01 8.202608857572725753e+01 8.304105216651144872e+01 8.816174633840596186e+01 6.984985009191890981e+01 8.654001709410233900e+01 9.483632922318599867e+01 1.048579069007017921e+02 1.016150691210712438e+02 9.148148137185907558e+01 7.499394153762072790e+01 7.608539026907483560e+01 9.581213770777824834e+01 1.003595017760418955e+02 8.300205317530928539e+01 1.003595017760418955e+02 9.341111301537685563e+01 7.455974713174454394e+01 9.341111301537685563e+01
2.678592758994939516e+01 3.520350233172749199e+01 3.755669609039854606e+01 1.985061692779179410e+01 2.045446130475193769e+01 2.106156597771733630e+01 4.112814616895089159e+01 4.296813029704591003e+01 2.460119156067840152e+01 2.889632474505850723e+01 4.608054830959238757e+01 3.483902053114636033e+01 5.481939736449824352e+01 4.058378292226161221e+01 5.334955963828634395e+01 6.159771752795510480e+01 7.054623092164142406e+01 7.373817557865656624e+01 5.382137304576825443e+01 7.373817558650229387e+01 6.889534656458572215e+01 7.256831674806574028e+01 5.988017753410846922e+01 6.651847275544591298e+01 7.651260476486497453e+01 9.069311368151784336e+01 1.107492821569076398e+02 1.028561986872465752e+02 9.473110208618039962e+01 9.006403661551330231e+01 1.039371971714301850e+02 1.098526056388180763e+02 9.619074320863931860e+01 1.035916580079489506e+02 8.454560232152806520e+01 9.341111301537685563e+01 9.553509069774658258e+01
1.780307369007920215e+01 1.840213101164168918e+01 1.900010222173249019e+01 3.905807097151101459e+01 4.051918527938168069e+01 3.415659355361990634e+01 2.192320486715056305e+01 2.304691591532708372e+01 4.296600670469401706e+01 2.616339661903583291e+01 2.726977100235206919e+01 2.840017335299662804e+01 4.854204443932167123e+01 5.123810059043215404e+01 3.450827854117666504e+01 5.334956594214617809e+01 5.063375446670797686e+01 5.781046482216759586e+01 4.682669257752671399e+01 6.669652250955508066e+01 7.256831649324432476e+01 5.264652680653917827e+01 7.256831649477793178e+01 8.654001709410233900e+01 9.483632922318599867e+01 9.306549152669010994e+01 1.013142419562714451e+02 9.747852650541574349e+01 1.057072329310625207e+02 1.096892814008610486e+02 1.105768280629563236e+02 1.187719541046140392e+02 1.152906755300095654e+02 1.116975451503790850e+02 9.541096092263099138e+01 1.116975451503790850e+02 1.037075280624665510e+02
3.786020876757986997e+01 3.845799756960180815e+01 2.395407801330690489e+01 4.297311289289956449e+01 5.594978505109309452e+01 3.636915143089679958e+01 4.199279612787282190e+01 2.294649302222678600e+01 4.297151124276525991e+01 5.310846244203868594e+01 4.735724556661675422e+01 4.852927997791987735e+01 3.009986039241993439e+01 3.134968125912519099e+01 3.282288916489319774e+01 3.449007011009456392e+01 3.619398039778776877e+01 3.778974903043382483e+01 5.781046149703185222e+01 6.122620805386711140e+01 6.270246999031856916e+01 4.845648584009418869e+01 6.246761199000148679e+01 8.245329206627629048e+01 8.986505773203421654e+01 7.355674366737838454e+01 8.390133003855653726e+01 7.827747131476638742e+01 9.747852650541574349e+01 1.072828643869283667e+02 9.062954037380063710e+01 1.072828643869281535e+02 1.187719584602345719e+02 1.229336261980972864e+02 1.147666980471585134e+02 1.172339245512665258e+02 9.752330622356542733e+01
5.182125196387065813e+01 3.202116836490541374e+01 4.297509069670071113e+01 5.128432016910608127e+01 6.453762367320931048e+01 5.629283446276267000e+01 4.369970431743470130e+01 2.366416433215064430e+01 3.783175160686968042e+01 5.786857822109649163e+01 6.157749880924199459e+01 4.179840479218668037e+01 5.025798588037326908e+01 3.640194278731768662e+01 5.616017199148507899e+01 5.322383060531841181e+01 5.646368316621835959e+01 5.694114558616058019e+01 3.989013898955894888e+01 4.140343138613969387e+01 4.289634226499573799e+01 6.270196064411906178e+01 6.679395195726672796e+01 6.862364647557988917e+01 6.929379465662701421e+01 6.289227982093076719e+01 6.590326873920112405e+01 8.390133017417042538e+01 9.786569798198532055e+01 8.961854521148765684e+01 7.903136264423174850e+01 9.062954037380065131e+01 1.105768280882823689e+02 1.204515523070966054e+02 1.287124731605925092e+02 1.230375011284636599e+02 1.032964126703692784e+02
