LEM/sinusoidal_perturbations/elevation_000686.asc
nrows	100
cellsize	150.0
xllcorner	0
ncols	100
yllcorner	0
NODATA_value	-9999
[rows 34 to 50 of 100, columns 37 to 73 of 100]
9.480886407197270671e+01 9.515900713757768870e+01 7.805967768041189458e+01 9.515900713757768870e+01 9.410006350007475362e+01 8.036546531997562681e+01 6.021818752311453693e+01 8.036546531997562681e+01 8.872567102607555967e+01 6.882691618448635040e+01 5.717735461012869536e+01 4.949714889133188223e+01 6.015262110171005361e+01 5.663812452430166644e+01 3.879968454529676336e+01 4.556954964938770303e+01 5.569934531076080475e+01 7.579945246957704796e+01 9.222451923679787456e+01 8.260475385621363387e+01 7.445666135948954434e+01 6.367310289879615937e+01 4.597901432125448196e+01 5.263996309947192032e+01 6.353921863625755861e+01 5.571186079799085888e+01 3.704398032366681548e+01 3.990298282513892758e+01 6.210621263430893180e+01 5.270163270647841358e+01 6.144357696240682998e+01 7.530064194843168934e+01 9.504488498451408418e+01 1.050319197944583323e+02 9.656307170863483691e+01 1.024319224251442506e+02 9.715792281355848559e+01
9.792604615169472027e+01 1.020663607314581611e+02 9.852953920145493782e+01 1.069498131032983679e+02 9.508675195159743510e+01 7.426770874157610081e+01 8.036546531997562681e+01 8.901840846718101830e+01 9.695902606858221873e+01 8.547414030125851525e+01 7.723711726006840195e+01 6.965523315327790499e+01 6.147354585771027047e+01 4.132485740191727785e+01 5.901199175924867291e+01 6.573899797360284936e+01 7.402358831855147514e+01 8.411538439841818615e+01 8.413349708798936888e+01 6.482745365145100891e+01 5.580805281125609696e+01 4.977427155027635308e+01 5.838112068851921066e+01 6.888746165372943153e+01 7.320817539989612044e+01 5.380280329182001964e+01 5.653320279412752569e+01 3.783356358261983132e+01 4.359111650849632724e+01 6.306025296002263758e+01 8.048054492158526330e+01 8.930267133605768493e+01 9.653832306612325453e+01 8.509386372557112566e+01 8.251621805245417818e+01 1.024319224251442506e+02 1.054370596223654815e+02
8.191973042225141910e+01 8.192069518591024746e+01 9.736902607604795890e+01 1.074172170284408026e+02 1.037691081927859926e+02 9.508675195159743510e+01 9.384673865668594317e+01 8.685339001933442660e+01 8.135727305006849974e+01 7.637614585100700992e+01 7.177196938413510452e+01 6.438617013234686226e+01 4.420691751353840004e+01 6.147354585771027047e+01 4.611136484857188833e+01 6.629941221302991039e+01 7.958917221743057269e+01 9.109780298812573562e+01 9.245331751492244621e+01 8.260475385621317912e+01 6.547316100858972732e+01 5.274356975651867430e+01 7.110106450258996347e+01 8.521918513535396755e+01 8.169214345519255005e+01 6.806504549971374729e+01 5.085323555344202617e+01 3.840240564365551279e+01 5.288495379627790527e+01 5.486939109205294329e+01 6.851925649689376030e+01 8.819114307747443604e+01 7.672671228821768352e+01 7.121795316663823883e+01 9.089150931857544435e+01 1.001499410683379949e+02 9.176612347656670465e+01
6.163616730509712482e+01 6.882270959147005840e+01 7.899664118406380453e+01 9.916757741327199938e+01 1.078709315875543808e+02 8.803788238064035454e+01 7.406658758860611158e+01 6.703686069276322712e+01 6.143276606418515229e+01 5.630700743358771376e+01 5.158657861599419903e+01 4.714912821532046650e+01 6.438617013234849651e+01 7.266026830099239930e+01 6.629941221302991039e+01 5.117361657771792949e+01 6.290752996183100976e+01 8.286214844334644170e+01 9.695697756631490449e+01 9.289699945050435304e+01 7.463394537898200554e+01 5.593966192053521524e+01 6.895043090839527622e+01 8.835425735641707945e+01 8.179133922377030785e+01 6.532133849173114015e+01 4.580519183291797702e+01 5.792594343305786708e+01 3.921582054162545461e+01 5.300547581148438780e+01 7.265204247299467966e+01 7.559754567364682032e+01 6.291899588541819810e+01 8.252939873883777011e+01 9.918112725766894755e+01 9.176612347656670465e+01 7.198846609787393902e+01
7.363893305954927371e+01 8.908210929866785932e+01 9.736902607604795890e+01 1.074172170284408026e+02 1.078704081605143443e+02 8.803788054476464708e+01 8.685336036100257218e+01 8.685339001933442660e+01 8.135727305006849974e+01 7.637614585100700992e+01 6.978449765084681644e+01 4.955956383243233887e+01 6.760787133387934489e+01 8.535509009260722735e+01 7.958917221743131165e+01 6.290752996183100976e+01 5.720824386465115197e+01 6.885736342261446907e+01 8.871903622405109502e+01 9.234820195372948604e+01 7.278631815795475291e+01 5.949843495878158706e+01 7.851586126895391260e+01 9.227845850362605518e+01 7.363456457166689972e+01 5.413182984076532733e+01 6.495264310616266812e+01 5.229819055120832871e+01 3.979015677155424413e+01 5.930388205311731298e+01 7.559753537719326744e+01 5.598522322845595056e+01 7.559754497822358132e+01 9.076079107441584881e+01 9.052636347402533090e+01 8.231169419650258590e+01 7.775317018773135658e+01
6.656837632285598261e+01 8.681809846822123689e+01 9.661641124423614713e+01 1.056130981415191741e+02 1.161410688089521273e+02 1.078703925185575514e+02 1.066860611872285176e+02 1.037513056764870214e+02 8.974081631768660827e+01 8.152412498155925391e+01 7.230075419426928818e+01 5.206659782278574511e+01 6.141416970086367400e+01 8.056508857514442923e+01 9.109780299231327660e+01 8.286214844334736540e+01 7.143624779179491213e+01 6.418120984731166345e+01 8.407562071909424617e+01 9.944074538552573017e+01 8.282790631404348858e+01 6.354385462772197712e+01 8.282790631404348858e+01 8.408836440309048044e+01 6.453127190290956605e+01 7.363456457166691393e+01 6.569872693270022523e+01 4.745357267390308209e+01 4.036190257859983888e+01 5.986871718154598909e+01 6.881323047839205742e+01 5.158791339168664791e+01 7.113262264463448048e+01 8.777096798877131789e+01 8.231173503325233298e+01 6.271374954638861254e+01 6.845267518588781286e+01
6.128786915619442510e+01 6.806056202401660471e+01 7.716285951154971201e+01 9.148666415440217747e+01 1.115189501847127360e+02 1.095170942795676012e+02 1.012636126129300749e+02 9.379381180849969724e+01 7.573049398346773842e+01 6.158787311732168490e+01 5.708208608627311520e+01 5.604692359915303257e+01 7.576264590411840061e+01 8.776703642213155376e+01 1.014467762550580119e+02 9.953446846711501905e+01 8.919299023004258231e+01 6.937350333775036404e+01 8.919299023004258231e+01 9.118001483867298873e+01 7.159258411177449943e+01 7.199509095094410327e+01 9.104420902062743437e+01 9.228122319062954659e+01 7.577024050827252211e+01 7.905689533517977452e+01 6.016589869215083297e+01 6.569880353124537464e+01 5.413091666007892400e+01 4.116922106661314018e+01 6.066933840902081698e+01 4.743695440433390331e+01 6.122735410341002193e+01 7.244368711647553027e+01 7.461906700445258878e+01 6.660324843881650736e+01 4.882565612022441570e+01
7.936105556767007840e+01 8.832424566006744726e+01 9.661641124423614713e+01 1.056130981415191741e+02 1.127144218503823367e+02 9.288103846302348643e+01 8.150037734106660992e+01 7.405473092911070410e+01 6.873576045160616843e+01 6.578285803740138249e+01 7.717368152014206828e+01 7.615638387503439333e+01 6.200071210934586219e+01 7.353464763750704947e+01 9.322659598650734836e+01 1.066877121272629552e+02 9.490638360875141188e+01 7.511460837764867904e+01 9.490638360875141188e+01 9.816589954381338146e+01 7.840683375201319905e+01 8.321268722106901805e+01 9.985395553033264093e+01 1.036721162718394282e+02 9.545113295523810848e+01 8.723659966981605862e+01 7.905689533517977452e+01 8.189826924565272748e+01 6.872603592526286320e+01 6.046262191813990938e+01 4.197394387946292227e+01 6.113750546834672406e+01 6.285738820273311234e+01 5.478849344748967809e+01 6.474257299879258198e+01 4.702275314243370730e+01 6.660324843881663526e+01
8.368934401848936488e+01 9.747508225136390081e+01 1.057322773462084342e+02 1.146884495903810262e+02 1.209942748090891627e+02 1.095170942795676012e+02 9.015748194982271002e+01 8.799363989812727027e+01 8.851832053848555404e+01 7.212467493119399364e+01 9.189253169870615068e+01 9.005169746373540818e+01 7.608675162259318370e+01 6.891954750266901897e+01 7.877219737149339096e+01 9.845149757320102424e+01 1.015081226477565082e+02 8.170290553074111983e+01 1.015081226477565082e+02 1.064520483775302893e+02 8.716798453950296732e+01 1.030379709201308600e+02 1.113347323982741699e+02 1.052763761672860738e+02 9.700267398594955637e+01 9.761230418324039704e+01 7.789519366485124863e+01 6.406068846202786915e+01 6.452893730216628398e+01 4.499720259818073487e+01 5.580266317382439212e+01 4.281351912357713019e+01 4.340614900702792056e+01 4.399737033317915547e+01 4.524876988489816654e+01 6.477699333280243366e+01 7.476668629193432025e+01
7.082810577834420940e+01 7.727342663474045992e+01 8.636654618201387734e+01 1.006268688220210947e+02 1.205495147464068992e+02 1.182465328772078266e+02 1.099736242160590649e+02 1.077966654986162069e+02 9.887807292710523654e+01 7.911997863566837452e+01 9.887807292710523654e+01 1.040166433048775758e+02 9.428432641019588800e+01 7.463428295975909066e+01 9.428432641019588800e+01 1.066877121272629552e+02 1.097669390177666457e+02 9.158406836813919938e+01 1.097669390177666457e+02 1.153704507503642418e+02 1.012050747911043374e+02 1.153704507503642418e+02 1.074248203593152908e+02 9.700267398594955637e+01 7.729306404731961777e+01 8.306587514380255755e+01 7.832957501839777592e+01 6.765910233772338245e+01 4.807973765239699304e+01 6.452893730677284623e+01 6.939940096460009045e+01 5.259561570272363440e+01 5.718823686455712618e+01 6.351693049086243548e+01 4.494139991164865933e+01 6.448040108674780413e+01 7.349117510269313414e+01
8.100799750863548354e+01 9.747508225136390081e+01 1.057322773462084342e+02 1.146884495903810262e+02 1.175489929092306340e+02 1.091282792184167363e+02 1.064939586267319100e+02 1.149129144195223802e+02 1.071257326859545884e+02 9.050182000539970772e+01 1.071257326859545884e+02 1.082528844920156246e+02 8.849836020590990415e+01 8.849836020590990415e+01 9.065610361718711374e+01 1.104280665122189760e+02 1.197114811879821872e+02 1.114321769273733764e+02 1.197114811879821872e+02 1.172725992920169347e+02 1.212066470640306193e+02 1.132177543747798154e+02 9.331086159852600304e+01 7.938428192135340566e+01 6.966625439357409277e+01 6.353760945213225142e+01 5.879371397884112582e+01 5.427754694932838930e+01 5.075149317618180334e+01 6.905760247389727624e+01 8.077593274075741192e+01 6.730683165355912934e+01 7.707185933226563179e+01 7.221117865951666204e+01 6.406578354153664634e+01 4.588355433151417628e+01 6.536219216243141261e+01
1.011655181431195984e+02 1.094104782319659535e+02 1.080911826005748537e+02 1.165401292158473012e+02 1.091282792184167363e+02 8.887291991349459863e+01 8.624908830805756565e+01 1.008150922862679977e+02 1.092273283681488465e+02 1.103202472066786157e+02 1.185945359412477558e+02 1.165171017712294201e+02 1.082528844920156246e+02 1.082528844920156246e+02 1.104280665122189760e+02 1.131706973903325490e+02 1.048715679592234693e+02 1.131706973929345565e+02 1.113911391719089465e+02 9.714993147167255927e+01 1.071385167540185108e+02 1.154903818476274324e+02 1.032643079866588636e+02 8.346328267006251167e+01 8.926286871084705865e+01 8.306587514380255755e+01 7.442157293091230486e+01 5.486754035055922429e+01 7.034402898803510595e+01 6.469718490709969672e+01 8.417360333738277234e+01 9.016438721789018018e+01 8.964539429873214260e+01 7.069759549415122990e+01 6.695708990026446372e+01 4.809302085591909304e+01 4.686463430723453172e+01
1.013352985497685381e+02 1.048349244184772431e+02 8.786835012751268437e+01 1.048349244184772431e+02 1.084403245978656543e+02 9.480557729853623528e+01 7.462021570167330253e+01 8.059941243526084520e+01 9.333277753310889580e+01 1.017345277695972925e+02 1.070123624592352058e+02 9.859941337404876549e+01 1.070123624592354332e+02 1.067888181650517510e+02 9.856094633791424542e+01 9.856094633791362014e+01 8.551191289279041996e+01 1.033918403512592050e+02 1.013613483981580856e+02 8.302260916021417358e+01 8.708733587989858904e+01 1.038948868822513845e+02 1.115587031766083044e+02 1.032643079866588636e+02 1.018763122260010476e+02 9.354637453021842930e+01 7.736305552153490339e+01 5.785270792205881918e+01 7.161905756253131017e+01 8.474580268706741037e+01 9.319716266098815538e+01 9.681665998649398830e+01 8.285219004446662439e+01 7.091208696646124565e+01 5.123595907113006120e+01 6.745744298029393349e+01 6.071072217518225500e+01
9.122921591099898819e+01 9.641552482847568228e+01 7.623344246260757018e+01 9.641552482847568228e+01 9.412954092278123142e+01 7.981875724760536173e+01 6.791797728763363295e+01 6.897979432371182895e+01 7.315039672481466937e+01 9.333277753310889580e+01 9.691040367150192480e+01 7.843970821094551127e+01 9.691040367150192480e+01 9.856094633791407489e+01 7.965037060301524718e+01 7.965037060301524718e+01 7.647860724813476452e+01 9.519174042600656094e+01 9.194499214453162494e+01 7.302397382035239559e+01 7.554874572210341910e+01 8.968392203607470492e+01 1.097528060700289956e+02 1.050581085104377905e+02 8.515247229990978894e+01 7.387887039309389081e+01 6.656300602290701818e+01 6.144144644543271028e+01 8.091918840097297050e+01 9.948115850432401430e+01 9.832857876513024564e+01 7.856711283232519349e+01 6.888746352586662169e+01 5.489017275086643366e+01 6.514653021446380876e+01 7.911564534171569107e+01 8.046836921855062030e+01
8.283692186835497751e+01 8.928008117879032568e+01 6.911929381620348067e+01 8.928008117879032568e+01 8.573871078240200916e+01 6.557586390872509696e+01 7.298660673559713530e+01 5.891294325423300648e+01 7.315039672481466937e+01 9.333277753310889580e+01 8.851956079249708864e+01 6.839429936474860483e+01 8.851956079249708864e+01 9.856094633791155957e+01 7.965037060301524718e+01 6.710024870690739363e+01 8.518914999962515822e+01 8.608337453391142446e+01 7.189453699996593627e+01 6.479034089666255625e+01 7.899873310326941578e+01 9.902553632860448829e+01 1.119147093524946115e+02 1.134894924969757852e+02 1.018763122260010476e+02 8.610521578374277851e+01 8.460226578534857822e+01 6.511325214842042897e+01 7.882663749528684605e+01 9.854586593444135190e+01 9.248245184291120324e+01 7.280319215327814675e+01 5.895900084679166042e+01 7.464549123679240950e+01 8.285223278798248714e+01 9.308476046955323113e+01 9.331982652855407423e+01
7.069263469051988125e+01 7.530219447370059527e+01 6.306233706384654170e+01 8.320137507335043381e+01 8.711698646625686138e+01 7.298660673559713530e+01 5.284481728971945813e+01 7.298660673559713530e+01 8.744246224715044491e+01 9.591576230666143488e+01 7.570804183074673688e+01 6.156945258048259717e+01 8.181114031658098895e+01 9.594504144112926269e+01 8.080194701837511673e+01 6.271886476570585245e+01 8.019907890074722445e+01 7.314751901164672176e+01 5.762917331642209717e+01 7.776717934593268922e+01 8.981914285494453054e+01 9.558467639623975742e+01 9.190086478669837788e+01 1.119147093524945973e+02 1.142513749177665403e+02 1.000008656219784200e+02 8.024097891734811583e+01 6.904446454509655950e+01 8.279651150133241799e+01 1.025852189219119310e+02 9.832859483545459511e+01 7.856711386764000338e+01 6.774030708736563611e+01 6.353224581987633712e+01 7.725565356887807411e+01 9.701572257539820043e+01 1.015765312573033583e+02
5.066202038334454016e+01 5.520958920460630281e+01 7.530219447370059527e+01 8.449494768998602012e+01 7.285633590931904280e+01 5.859568535195131744e+01 4.927072484302653521e+01 6.346390649640358106e+01 8.362527486363872242e+01 8.998831582615751756e+01 6.979295866744369903e+01 5.529174834083200807e+01 7.570804183074673688e+01 8.753491236648484630e+01 7.065872479909580761e+01 5.839683413508010545e+01 7.128554185658842357e+01 5.301486227857144939e+01 7.314750590362611149e+01 6.457715810095299958e+01 6.980219803460354910e+01 7.560821284287946753e+01 8.452493238530799147e+01 9.864225774484468445e+01 1.187517691003351814e+02 1.082902267356084280e+02 9.366802253435618297e+01 7.401056844761426134e+01 8.495722538174452154e+01 1.047675610721510395e+02 1.013551463322156678e+02 8.151519831053155940e+01 8.634416988363064149e+01 6.681562772106904902e+01 8.053526746753537680e+01 1.003668021042549015e+02 1.025117707364791784e+02
