LEM/sinusoidal_perturbations/elevation_000948.asc
nrows	100
cellsize	150.0
xllcorner	0
ncols	100
yllcorner	0
NODATA_value	-9999
[rows 17 to 33 of 100, columns 37 to 73 of 100]
8.904928188715918225e+01 9.056544093629574377e+01 7.111188207805665229e+01 6.020150466730567729e+01 4.746773112649373871e+01 6.055908928488592124e+01 6.677414286292722068e+01 6.653617373925941081e+01 7.161862623728362109e+01 5.618621357578475539e+01 7.559142815402701387e+01 8.709019063447003361e+01 9.436018790761670516e+01 1.027850746307018568e+02 1.128954110773782844e+02 1.178058589511078083e+02 9.825182151730660962e+01 8.442123779945713125e+01 9.420015214077425014e+01 8.396889066788463651e+01 6.419826018962649528e+01 8.360012254738097681e+01 9.635116403056164813e+01 9.369215830159969016e+01 8.545962822289455119e+01 7.063322725793331358e+01 9.058756427145711143e+01 8.899666452493995905e+01 1.031287156305427573e+02 1.233059016791076061e+02 1.214809940450678454e+02 1.126321275250979568e+02 1.044048478711293768e+02 9.089820985138392473e+01 7.127245248211453088e+01 6.723081328147073066e+01 6.336720510146201946e+01
6.960841752317428188e+01 7.927387184337821679e+01 6.816994047305352922e+01 5.214047053021368328e+01 4.393512247824285311e+01 4.595907742857934153e+01 4.806510567518652977e+01 5.020015644489658513e+01 5.240548929641168741e+01 5.720477833503169762e+01 6.244140449597990283e+01 6.817522001305600554e+01 7.455443429514789955e+01 8.429906123128849060e+01 1.044213145839448771e+02 1.142219632219976120e+02 9.469637408522670796e+01 8.338615565139029684e+01 7.453682803645297383e+01 8.249952901207910827e+01 6.212508535253634534e+01 7.262539203968289314e+01 8.561935953504394092e+01 8.545959088855350672e+01 6.556482012259648684e+01 8.545962916182683955e+01 9.886701307082847734e+01 1.090384765989048077e+02 1.174717083252316172e+02 1.272594206971388928e+02 1.074164654055485499e+02 9.349842113115518316e+01 8.473260223559634596e+01 7.819206238505763906e+01 9.089820985135985154e+01 8.680971737432969348e+01 7.585057468752718535e+01
5.619584867538222284e+01 6.572029254661438813e+01 5.216671324985066605e+01 4.139983222641009775e+01 6.015873251400217470e+01 5.289032493442493177e+01 6.702900567078462757e+01 6.928869094588986854e+01 6.331388318664917136e+01 7.657547964466044732e+01 8.192385424084758938e+01 8.775827003679383154e+01 9.436018790761670516e+01 1.027850746307018568e+02 1.128954110773782844e+02 1.224264270647696691e+02 1.111056803413988661e+02 1.023399969736289137e+02 8.724811723335695035e+01 6.751619370203088977e+01 7.901367097486392765e+01 5.923267665850902830e+01 7.901367096364278098e+01 7.826544513134754766e+01 6.226094964835429835e+01 8.211058949783922856e+01 9.441421468723592625e+01 1.003661586869513656e+02 1.073276727602012528e+02 1.155680265286238040e+02 1.214809940450678454e+02 1.126321275250979568e+02 9.422496770677807376e+01 9.207020474337753058e+01 1.060561462930045167e+02 1.031977497204763097e+02 8.567169819866174407e+01
4.539637914254355167e+01 5.537356227471638448e+01 3.886731419117602115e+01 5.772918817174981854e+01 6.816994047013257330e+01 6.627962546208618733e+01 6.627962567690835272e+01 8.586954331024350040e+01 8.296300625949010055e+01 9.134879537810975592e+01 9.596076297887844930e+01 9.009436892438664302e+01 8.749991888772079562e+01 9.580742833182469553e+01 1.073645097689309580e+02 1.184025035841749940e+02 9.878719805083878214e+01 8.491814471291698396e+01 7.502337354047213580e+01 6.751646056040662813e+01 6.091425870137307186e+01 5.726457699498890719e+01 7.456661276209885614e+01 5.846754425502739139e+01 7.826544513161029215e+01 6.928858117639818204e+01 7.461697081928170405e+01 8.062579366668836656e+01 8.763753752611880543e+01 9.899491235385616505e+01 1.187104351589177611e+02 1.222178369565055078e+02 1.139655533090653989e+02 1.117948949802762115e+02 1.106990475218411092e+02 1.037398978409892436e+02 9.039455642270142732e+01
5.311163373279661926e+01 3.636751021090069713e+01 5.537356227471638448e+01 5.216671324985066605e+01 7.115819056856182101e+01 8.586949298764628224e+01 8.586955827271570740e+01 9.420169905535593102e+01 9.276359018941091961e+01 8.446832661002329701e+01 7.603059736790734746e+01 7.020547844575382612e+01 6.763482155755046676e+01 7.905555733222955439e+01 9.903513129126257297e+01 1.178455848681157931e+02 1.127134096600067465e+02 1.028862994955247387e+02 9.472526636971169012e+01 8.727865082922363626e+01 8.069125376688108986e+01 7.456655698678372346e+01 5.484825498379217379e+01 7.456661283209791691e+01 8.645973325621176286e+01 8.912317870464345049e+01 9.441421468723592625e+01 1.003661586869513656e+02 1.073276727602012528e+02 1.155680265286238040e+02 1.270017839992318613e+02 1.346723601370705126e+02 1.147661117689841603e+02 1.008015781044595656e+02 9.101559977811447766e+01 8.428760223991591261e+01 7.868395945707048611e+01
3.395762734240917524e+01 5.311156082371842047e+01 6.335068736696130287e+01 7.115819056856190628e+01 7.927387183513251045e+01 8.108897601451103299e+01 8.108897604638620749e+01 8.934076223604712652e+01 8.446833761549521569e+01 6.465384912508631032e+01 7.045066132119845292e+01 5.632643012261064541e+01 7.603079959666887078e+01 7.795723321051079324e+01 8.945432717582934856e+01 1.095014931884206533e+02 1.010866529920450319e+02 9.223482961414015335e+01 8.404057430852228094e+01 9.127389820326109771e+01 7.930952964218150214e+01 7.113836750171238066e+01 5.346384557465248832e+01 7.313805162353754952e+01 8.893300182961388600e+01 9.721843498735019296e+01 9.587366181270431298e+01 1.041707506441636895e+02 1.045973721726774812e+02 1.129365305283477028e+02 1.150214792281290244e+02 1.234228083786175318e+02 1.289037586267115501e+02 1.189681423154090112e+02 1.106990475218411092e+02 1.037398978409893857e+02 9.787481004399474216e+01
3.230747651245730623e+01 4.598276014505746900e+01 6.498600470833977738e+01 7.745832434477161144e+01 6.924610792024488148e+01 6.139377981766163117e+01 6.139377981767466963e+01 8.108897604638363532e+01 7.865996229436495923e+01 7.045736930729944447e+01 5.083516476147059393e+01 7.045736930729944447e+01 6.398255857093406007e+01 7.795723321051079324e+01 9.792725649456200188e+01 1.068374749124115084e+02 8.712117937544073243e+01 7.309472967234027863e+01 6.420936754236372224e+01 7.469200737038612203e+01 6.339331797908600663e+01 5.153751827320076728e+01 6.704924110626095057e+01 8.017305511189738354e+01 6.899143356242353775e+01 8.079570750792399281e+01 7.598512342843386591e+01 8.838843646356754391e+01 8.474556128993786785e+01 9.881862475356312814e+01 9.517711639793391498e+01 1.141345420012042524e+02 1.241071557850981861e+02 1.140207936892176264e+02 1.043500992911815501e+02 9.634126006823038324e+01 8.963951149729271606e+01
4.935612623526115783e+01 5.951719655530428810e+01 7.064984783597398632e+01 6.611082815021914882e+01 4.966282843419679693e+01 4.759812578341173861e+01 6.716236923626203748e+01 7.865996229436625242e+01 5.892707383063051196e+01 6.254812633189958859e+01 4.745506305286198057e+01 5.869993606712210266e+01 7.843648210055368963e+01 7.537332030589826104e+01 8.945432717582933435e+01 1.095014931884206533e+02 1.010866529920450319e+02 9.223482961414015335e+01 7.469205618321403506e+01 5.494749351518679248e+01 4.964790940304112610e+01 6.727935594836621647e+01 7.235117815475015846e+01 7.292297962196613526e+01 5.756260490144315867e+01 6.082316719099262770e+01 6.437321828917602318e+01 6.840129828040556959e+01 7.362980371635511290e+01 7.901348034110596075e+01 8.605693447613748503e+01 9.590034473367887813e+01 1.156961052324727319e+02 1.060145745716886836e+02 8.666795573775577566e+01 7.738614788316387205e+01 7.132441429986104708e+01
4.224639143721383761e+01 6.132213784014437152e+01 5.099633371488528866e+01 5.099633400639533676e+01 3.830090191610064210e+01 5.793969644939243580e+01 7.536727101589491440e+01 6.657866332052722669e+01 5.838058869630315684e+01 4.300064212622540794e+01 6.254812633189958859e+01 7.527758158574516756e+01 8.671446522095448017e+01 9.532600615734487803e+01 9.532600615734489224e+01 1.153949788856288450e+02 1.003292523399777707e+02 8.961761060012523217e+01 7.979191171646596104e+01 7.333147005762614867e+01 6.687241348850812983e+01 4.783468708974268679e+01 5.046227868545273765e+01 5.327832951909559966e+01 7.292297962196607841e+01 7.496240358516084257e+01 7.856784148145121094e+01 8.257746768957930783e+01 8.474556128922067444e+01 9.881862474685330255e+01 1.057982249823224379e+02 1.141345420012042524e+02 1.241071562661730354e+02 1.140207935013128804e+02 1.043501039366302621e+02 9.482758233679348336e+01 7.630350678452462887e+01
5.433343677540958794e+01 6.012487309071578778e+01 5.099153087824898734e+01 3.120054138713856773e+01 5.099632631902650814e+01 6.611078078983224771e+01 6.293897337026645289e+01 5.475563404499099818e+01 3.885961048060079293e+01 4.572620494423773607e+01 5.307126315762760527e+01 6.283478241349361326e+01 7.678945124817111889e+01 9.674058573218262325e+01 9.978395081225561114e+01 1.083099071591480254e+02 9.137273018738933672e+01 7.003215429241515722e+01 6.006740716934133673e+01 6.979486193659154480e+01 6.416637758095640720e+01 4.655368599404285845e+01 5.715544300454332927e+01 7.056585189781169731e+01 8.119008329082923581e+01 9.487854895170258374e+01 9.844937847769693917e+01 1.024173556988822895e+02 1.045973719831657860e+02 1.129365151822948263e+02 1.244574701093404911e+02 1.324474454027635488e+02 1.177156927184474000e+02 9.713271477446592428e+01 9.649812225734905269e+01 8.981318647932613430e+01 8.406344461648244248e+01
4.747756356079446505e+01 4.073270424168686787e+01 4.489137189661835237e+01 2.765938203008961338e+01 4.677605596633659957e+01 5.942011740156192445e+01 5.127671293021817434e+01 3.523023771434681350e+01 5.475563404499163767e+01 5.476841998236847076e+01 7.273373262088905733e+01 8.099612914959411114e+01 9.092889950193611526e+01 9.618616958306037645e+01 7.861293632232631978e+01 9.618616958306037645e+01 1.003292523399777707e+02 8.961761059858451972e+01 7.033068836774643273e+01 5.038311976353013932e+01 4.490169460816341029e+01 6.427817424667824753e+01 7.060970407767685231e+01 7.299000085595613996e+01 7.804455435335448499e+01 8.369804726289358143e+01 9.020491538585962132e+01 9.826203896431930218e+01 1.079652947649977222e+02 1.212480233493430291e+02 1.050145759578103508e+02 1.212480233493430291e+02 1.119327145700958255e+02 9.116291716485029895e+01 7.708955519687333435e+01 7.019236556478679745e+01 8.102984022171150968e+01
3.641096737397104732e+01 2.483805736726547764e+01 2.518347002428971138e+01 2.552725155874294316e+01 4.522382969408246822e+01 4.796933063683498233e+01 3.171293076784943210e+01 5.127671293021817434e+01 6.293897337026643868e+01 7.445289633815249886e+01 8.271175574259153507e+01 9.514976430237491911e+01 9.141115700931513288e+01 8.277123363376784937e+01 6.644904424209454419e+01 8.756085989497765354e+01 1.003730559641402067e+02 9.507336537508700758e+01 7.758954007437493772e+01 6.266364578509386973e+01 4.374774393385208526e+01 6.306348462006602063e+01 6.605334949110915943e+01 5.347744995430834081e+01 5.846835295024124690e+01 6.411377334378919102e+01 7.068431101696158692e+01 8.052034286000781549e+01 9.988948791171132768e+01 1.132321099371291524e+02 9.344261159136256367e+01 1.132321099371291524e+02 1.132500231686864112e+02 1.058008650596348161e+02 9.704413867813008210e+01 8.103010922455929688e+01 6.153640290230306675e+01
2.434446295461454568e+01 2.961373128188001758e+01 4.357582920313046060e+01 4.138360050647062138e+01 2.601369386071382550e+01 2.832524102133243460e+01 4.757429819680163519e+01 5.874510983050767976e+01 6.121703593844214453e+01 8.087417527331878375e+01 8.985902753698505308e+01 7.417541238903409351e+01 7.417541238903409351e+01 6.185418201198383770e+01 5.874047704392169322e+01 7.064979972190681679e+01 9.178205946438693275e+01 8.700183803168300756e+01 6.750715665067990301e+01 6.223724282583858525e+01 4.258610583071087774e+01 5.973955580050112246e+01 4.689816921171693309e+01 6.638925074318879638e+01 7.804455435335448499e+01 8.369804726289358143e+01 9.020491538585962132e+01 9.826203896431930218e+01 1.079652947649977222e+02 1.062354656988433703e+02 8.610222000962791356e+01 9.723160450508534325e+01 9.357116425158488937e+01 1.133331050866581364e+02 9.492777764645103389e+01 7.527353892585820461e+01 7.527353870270519565e+01
3.769174311604312777e+01 3.905084389948721935e+01 5.542278360509716606e+01 4.820255843674402030e+01 3.829019436677022981e+01 2.650588472080831437e+01 4.611917501982507872e+01 4.179174644437558328e+01 5.863822014633723967e+01 6.955814904071617377e+01 6.899072280068334351e+01 7.248716989614254658e+01 5.358499365273594606e+01 5.025107254198686491e+01 6.185418201198383770e+01 8.277123363376784937e+01 8.520051291799116200e+01 7.702393693342985159e+01 7.108493233625419805e+01 5.163210300156133314e+01 5.881738432879178902e+01 4.092892803321051076e+01 6.034988598158556528e+01 7.441649850578730252e+01 8.341271914337710314e+01 9.326632629985311951e+01 1.056989907903119246e+02 9.746908046041771456e+01 1.056989907903119246e+02 1.113298004086986737e+02 9.139194055681593909e+01 7.661089191646381380e+01 9.723160450508534325e+01 1.119976050398229006e+02 1.031761750456596189e+02 9.492776657861928413e+01 9.492763600395359447e+01
5.592399052366108236e+01 6.267263585995062414e+01 6.907926244456223230e+01 6.253870213751537932e+01 5.254455754126194478e+01 2.910621788387155462e+01 2.699940404307972130e+01 3.251114841984769299e+01 4.193935744016199862e+01 6.135762915279081398e+01 5.458727406345406763e+01 5.835209891131874116e+01 4.369978233394939338e+01 5.781398509058248436e+01 7.851820817069220482e+01 9.141115700931517551e+01 7.702393704396340013e+01 5.741659544817609628e+01 6.315945205315853883e+01 5.730209098582617600e+01 3.933988586225162010e+01 5.776505616949769006e+01 4.881433978834567000e+01 5.562344846887981475e+01 6.540637230584221129e+01 8.512203776110236220e+01 9.554840128046983239e+01 7.698878808851051758e+01 9.554840128046983239e+01 1.050252589064654813e+02 9.237331503724328741e+01 7.152018940223722154e+01 8.380269942989070842e+01 1.038662490577182638e+02 1.067658221537128185e+02 1.120049712638785593e+02 9.240754072766145555e+01
7.933196083965144396e+01 8.117086703742567977e+01 6.097031976398314157e+01 6.097032035269280925e+01 5.645433702902980855e+01 5.162533814632259777e+01 4.677723770950453996e+01 2.749455158506616570e+01 4.728727776646580594e+01 5.607400902497845152e+01 5.339052880417199987e+01 3.830315372136481500e+01 5.835209891131874116e+01 6.983038748632954196e+01 7.965033633780106470e+01 8.203673801955767431e+01 7.770368199389905328e+01 6.315928263224446226e+01 4.367437977848796749e+01 3.774803156257075187e+01 5.730209098582610494e+01 6.667359530128547362e+01 6.000359550556520105e+01 7.526391078242166088e+01 8.341271914337710314e+01 9.326388466817380163e+01 8.722893427446409476e+01 6.637310984282751747e+01 8.722893427446409476e+01 9.059445165975601810e+01 7.616364441304656907e+01 6.702432362171504110e+01 8.778514744623619492e+01 1.003217326444068789e+02 8.616072420153008693e+01 9.606573864934435392e+01 1.041573731846964961e+02
7.884546871684084124e+01 7.667124208125531482e+01 6.097032035351678303e+01 4.109975909830623664e+01 3.667618200447022758e+01 3.224198354696459035e+01 2.831480377161583561e+01 2.784747929100118213e+01 4.764487784019495820e+01 3.534396983359956579e+01 3.338126386478525376e+01 5.326875955747170366e+01 6.112046156475383896e+01 5.916072503499702151e+01 6.642390669820302662e+01 5.494235317836318444e+01 6.432883508977946008e+01 5.007031653555345940e+01 3.615102427166586807e+01 5.570815251603136886e+01 5.367236279992332015e+01 7.299484123644766953e+01 7.964082553827120137e+01 8.779143959814842901e+01 9.534040724958937574e+01 9.463270671183289551e+01 7.399730253521254042e+01 5.931198864244868219e+01 8.027699279725189285e+01 7.693794241470166639e+01 6.109600006939393779e+01 8.221072522721979681e+01 9.631585118097382292e+01 9.011739868677027232e+01 7.209530375920631684e+01 7.618889861034254807e+01 9.606573864934246387e+01
