LEM/sinusoidal_perturbations/elevation_000284.asc
nrows	100
cellsize	150.0
xllcorner	0
ncols	100
yllcorner	0
NODATA_value	-9999
[rows 68 to 84 of 100, columns 0 to 36 of 100]
5.009162696260268353e-03 2.000500916269590590e+01 2.407828162677773065e+01 1.172406232753269961e+01 1.845516602175123566e+01 1.472961316157031675e+01 3.450552565630876956e+01 4.600894107194879723e+01 5.206662197882153720e+01 5.873792963538191003e+01 6.701653917925251847e+01 7.700735631296477379e+01 8.245303414285488941e+01 6.204832172916521671e+01 4.694095290481885030e+01 4.013251538273415520e+01 5.001617297596300205e+01 2.583372907619370551e+01 3.513874665787140827e+01 3.712675279002279893e+01 5.737890734173828378e+01 4.956636578407321281e+01 5.145959336463447187e+01 6.588914302440782933e+01 5.842188611906102835e+01 7.276846453295723904e+01 9.315142076539974880e+01 9.795535013544373726e+01 1.002051322596620082e+02 1.000913512563844705e+02 8.855344910819063386e+01 6.921019374511391220e+01 7.662434768010029984e+01 8.029971705015441330e+01 8.332616411170411652e+01 6.314810422505624388e+01 4.863344294111027466e+01
4.695337527364121070e-03 1.414683096125843953e+01 3.414683096125914119e+01 3.471225929810726996e+01 2.050652785236413678e+01 3.450552565630876956e+01 2.030122220223045204e+01 2.584289224691924858e+01 3.197556731102483241e+01 3.872400666570074890e+01 4.874905813359409024e+01 6.872680113716974404e+01 8.098938412793837927e+01 6.051160980390682909e+01 6.803810247296748059e+01 5.560551781392027948e+01 5.073829092734365531e+01 2.624402631096188188e+01 3.939957024953827869e+01 4.611506171825507749e+01 5.989530953657126133e+01 6.985308173200625959e+01 7.175246504626721844e+01 8.019189825792228987e+01 7.873849419281111750e+01 8.718575132214046164e+01 9.200315984446076811e+01 7.752464245236808438e+01 7.975621127043973502e+01 1.002051322596620082e+02 9.749922695502512227e+01 8.083018417584284521e+01 9.664544183711259961e+01 8.651469005896747433e+01 6.641709429737633741e+01 5.617887567136627069e+01 6.905812113466718927e+01
7.614146464036155443e-03 2.000761414646368053e+01 3.741471130247885668e+01 4.762863469536738847e+01 3.091116296756894144e+01 4.785072666964078536e+01 4.041588545178306191e+01 3.035744186301193537e+01 4.461194083986462289e+01 5.873792963538191003e+01 6.701653917925251847e+01 7.700735631296477379e+01 8.924069811526466367e+01 7.508215941626284007e+01 8.449376318760415927e+01 6.964579878562877013e+01 5.601416797436968409e+01 4.622091350453374048e+01 2.681661568698597620e+01 4.241019619445508937e+01 6.454465258108538706e+01 6.915580699746965365e+01 7.232237343388200657e+01 7.107681731536213476e+01 7.949457948274314845e+01 9.385703244109654975e+01 8.350865818755821124e+01 6.317315980274759823e+01 7.631897378419601807e+01 9.674413007852501778e+01 1.089991654877036069e+02 1.007748434204449666e+02 1.064798476289580123e+02 8.651469005896747433e+01 8.283769909734834869e+01 6.268827642193016203e+01 8.283769909734834869e+01
2.352828262072654761e-03 1.151737297674178251e+01 3.107404171151471317e+01 4.416031895011018804e+01 5.123115076996960937e+01 5.973160148914241319e+01 5.047432904055421687e+01 4.461194083986462289e+01 5.876008221858317881e+01 7.290822359730161395e+01 7.556077880478405007e+01 8.376054238053180256e+01 9.212730818159207047e+01 9.525068614285090973e+01 7.724195919679792155e+01 6.123169263763013248e+01 4.089937206608453124e+01 2.847536143274032483e+01 2.721885591444963737e+01 4.706200467530781140e+01 5.574784198578591798e+01 4.901409722741837527e+01 5.216664362115096054e+01 5.084289003483836211e+01 6.513081052321058451e+01 7.681306293576383837e+01 6.835525183212851630e+01 5.601538696652142590e+01 7.034890112755789460e+01 9.073200416101524013e+01 1.055294770339279609e+02 1.046701309884061573e+02 9.621111984672330664e+01 9.915493382909171771e+01 7.917048427609640271e+01 7.438441600998783088e+01 9.110859901737066480e+01
6.786455232800275850e-03 7.566042484132306178e+00 1.573067075826874373e+01 2.727842917496876041e+01 4.145585822258077258e+01 6.169635588841135387e+01 7.048203773798441318e+01 6.462738614255501091e+01 7.234416516387702245e+01 7.230868042542522289e+01 5.570932398572913513e+01 6.409953602119705351e+01 8.222871005658710430e+01 8.680646567623251997e+01 6.882268262061681696e+01 4.862826335450297677e+01 3.682147576663641786e+01 4.947489311326351924e+01 4.705043780869522863e+01 2.778622509405762742e+01 4.767642845514684780e+01 3.704512376103016891e+01 3.809294610571932083e+01 5.827916617617423611e+01 7.004721548385569463e+01 6.160759281855764158e+01 4.811228136802720456e+01 6.239809800983384491e+01 8.273709338305494043e+01 8.513617271500004335e+01 8.513617271500005756e+01 9.290427078765284818e+01 7.584977711163998038e+01 9.290427078765284818e+01 9.915493382909171771e+01 9.438509854006437649e+01 1.026465785654499570e+02
3.257643153035955173e-03 1.155026302694545137e+01 3.155026302694509610e+01 4.416031895011018804e+01 4.821597138522827208e+01 5.687260549370217433e+01 6.251724081587204296e+01 6.651497245103699640e+01 5.248207466473593996e+01 5.561782924350303858e+01 4.420817045104867304e+01 5.417062916952252039e+01 7.402844287287142322e+01 7.837368777645828288e+01 5.811294623792870340e+01 4.649662951967749791e+01 5.716342922119764580e+01 5.411269542307589830e+01 3.381319622168700079e+01 3.129640062569358250e+01 2.835516093277704641e+01 2.875795609662028696e+01 4.736916391993668185e+01 5.614953905408211909e+01 5.552088797376424623e+01 4.142032947555362909e+01 6.160759281855764158e+01 7.473346492797909946e+01 7.757367059241791196e+01 6.481720400005150395e+01 7.076849214994858528e+01 7.430111197956821911e+01 6.414741086656819391e+01 7.848715580601449915e+01 9.887284386099726419e+01 1.032039673170732499e+02 1.116591948282379150e+02
1.880098487986705483e-03 2.000188009848763215e+01 3.983453427370333344e+01 4.515688188688464066e+01 2.817506068951990272e+01 4.228438668204208994e+01 4.252714803460980164e+01 5.657331880515258860e+01 3.839572961418571140e+01 3.570759039604175911e+01 4.979754671218848472e+01 6.966923426744595815e+01 8.222871005658710430e+01 8.101300181099757935e+01 6.073762191472070526e+01 6.667614319520679089e+01 6.129193710797971306e+01 4.098597519131751454e+01 5.411269542308613012e+01 4.663488099794567887e+01 4.237714479637354970e+01 4.873391410532317991e+01 2.933209477340070137e+01 4.177740763121627054e+01 3.536578316424180457e+01 5.552088797376424623e+01 6.881498691756915775e+01 5.446449438794315512e+01 5.729054408101875140e+01 6.618014711577677645e+01 5.050690909332792700e+01 5.400775606191577083e+01 7.429801477629415274e+01 8.521752968061218780e+01 9.029678859526769941e+01 8.279596466817137923e+01 9.720309155459344197e+01
2.900726248362994839e-03 1.414503634997943848e+01 3.414503635071342558e+01 2.800862222147891600e+01 1.827452140656469481e+01 2.269904446361277550e+01 4.252714803460980164e+01 4.259376839677163673e+01 2.841564914035213008e+01 4.252152455735830472e+01 6.241311991430652739e+01 7.499896426408288619e+01 8.316993100220770430e+01 8.944714892158600605e+01 8.101300181099757935e+01 6.815117844402678315e+01 5.384929699841885764e+01 4.780201411879092177e+01 6.803689860257367172e+01 6.761555887501891959e+01 6.264330912350573044e+01 5.764389459403817995e+01 4.931790869240061426e+01 2.991027095032615080e+01 5.000093353700701471e+01 6.393468729940471462e+01 5.655541694264556440e+01 4.023400509052115837e+01 4.301969266531114755e+01 4.596413817501085219e+01 6.618014711586219789e+01 7.430111197956821911e+01 6.026677527367984766e+01 6.492738404193956114e+01 6.999390335632615745e+01 8.010316215616927593e+01 9.183292103520925309e+01
5.081304048347549951e-03 2.000508130374425164e+01 2.499588812087235823e+01 8.018234048806675673e+00 1.017509531134895084e+01 3.019567831451331941e+01 3.715984378623004147e+01 2.262825450190362275e+01 4.259376839677163673e+01 5.657331880515260281e+01 6.248113136675231516e+01 5.520653260160824516e+01 6.922088628663389898e+01 8.894847848168947735e+01 9.689054691283908483e+01 8.252086267843279188e+01 7.409892869806601823e+01 5.544829501723773291e+01 7.568605160697177325e+01 7.716801346508232484e+01 5.690342189516296401e+01 5.680706466506003949e+01 5.028808423397269678e+01 3.032379470988372105e+01 5.044853174078548363e+01 5.655052299287903850e+01 3.668317701415801224e+01 5.655541689018418339e+01 6.323133428497834529e+01 5.760465399835476319e+01 6.618005169094615781e+01 8.650196301401534527e+01 8.056642300296044823e+01 8.522107034701140549e+01 9.029681314401737779e+01 8.431696552319161242e+01 1.047334423711393612e+02
4.469920835086939326e-03 1.992759438377339265e+01 5.003120603264893163e+00 2.499588791943168786e+01 3.019567828223929240e+01 1.349026286259862140e+01 1.715665564587885328e+01 3.715984378623004147e+01 4.803878797775671217e+01 5.186782676933212599e+01 4.262545659424281297e+01 6.181839635009201572e+01 6.754536918294631676e+01 7.414479018518967735e+01 8.231106585037011314e+01 9.217343670081699258e+01 7.568605160701453372e+01 6.973560658014237390e+01 8.411190751219228900e+01 7.166590046190275132e+01 5.692594736674590905e+01 3.671466316092867288e+01 3.356295067363249984e+01 3.073966293956605966e+01 5.088326156900749453e+01 5.187005528451166469e+01 3.449723459821953497e+01 5.381575308872687202e+01 6.905974172332804528e+01 7.789389307724951550e+01 8.632476850295100235e+01 8.816768016916223871e+01 8.664874304720184739e+01 9.507621581512547948e+01 1.094632187664279712e+02 1.047334423711393612e+02 1.131853662580318911e+02
2.324776005098761877e-03 2.054281480175402574e+00 2.206147604291534492e+01 3.325871883278420427e+01 4.175296960516694611e+01 3.350777799739996965e+01 1.798191637748244531e+01 3.797531901449642078e+01 2.812318740620580115e+01 3.197155757584971525e+01 3.680923516966409892e+01 4.195426224344005561e+01 4.770655334280550619e+01 5.434652717845975900e+01 6.427843947310667261e+01 8.401114089727269629e+01 9.602377636834819441e+01 9.005169669304437718e+01 7.864750720057115529e+01 6.319673394204396288e+01 4.287706305726199929e+01 5.692594736674590905e+01 5.267262845916061309e+01 3.498741383121859627e+01 3.133950769401109682e+01 3.176711730066290329e+01 3.219881299072890357e+01 3.346562135788992265e+01 5.943895070643419132e+01 7.325596706213266884e+01 8.223347048374293422e+01 6.787184876655314270e+01 6.635896417310388529e+01 8.068921272647932597e+01 9.085743539524933965e+01 9.929116571766437005e+01 1.094693596901290817e+02
8.699724428260374037e-03 2.000869963344134916e+01 3.039017100556394979e+01 4.200016524231443071e+01 5.198703644975719129e+01 4.602000374626479839e+01 2.953448223760695157e+01 2.285755163056806794e+01 4.280869503913790908e+01 5.186782676933212599e+01 5.668949897796574788e+01 6.181839635009201572e+01 6.754536918294631676e+01 7.414479018518967735e+01 8.231106585037011314e+01 9.217343670081699258e+01 1.007267641490800685e+02 8.886676947816619077e+01 7.015851739824955757e+01 4.986160518051725177e+01 6.319673394204396288e+01 6.272850095035511941e+01 4.255053848749198409e+01 5.411956010417363672e+01 4.559494554773195318e+01 5.195777817742573745e+01 5.243691193853393884e+01 3.282256959743808977e+01 4.453847732372320678e+01 6.479729326662746303e+01 6.474999293825773350e+01 5.354334674985713605e+01 7.381636015455833899e+01 8.001136548738068655e+01 7.056629660114197122e+01 8.068107977748177007e+01 1.010337910130563870e+02
2.249585233037712084e-03 6.668916227194626067e+00 1.373998328194630147e+01 2.373989903527933976e+01 4.372791799232589938e+01 5.710500036471858465e+01 4.910830400445626509e+01 4.270520981375902636e+01 4.267197344016832261e+01 6.207479173783038817e+01 6.121839856531914847e+01 5.584975923539213483e+01 6.441926947782822310e+01 7.976477424079567413e+01 7.755176347245240720e+01 8.588567802050245348e+01 9.221026778287797754e+01 7.167582885321357367e+01 5.996233085732077939e+01 5.889296329280527686e+01 7.864750720057115529e+01 6.951486284471620536e+01 4.918380220731356189e+01 6.951486284471620536e+01 6.587885839965385060e+01 6.664215852485642699e+01 5.356353336588666991e+01 3.326606326161802940e+01 5.339334270156789586e+01 5.949342846250556249e+01 4.447109885343866154e+01 4.925221521428529314e+01 5.432830344917817911e+01 5.975035247785474724e+01 7.143312439044139239e+01 9.172946074558758767e+01 1.094693596901290817e+02
2.739267172789772273e-04 2.000027392671692539e+01 3.373390851380263911e+01 4.200016524231443071e+01 5.198703644975719129e+01 5.570409172720133739e+01 5.568260816230806398e+01 5.011253296883663211e+01 5.296042993006503252e+01 5.328423169256311809e+01 4.155271575669646467e+01 3.799386989953049465e+01 5.476067038746438698e+01 5.971197243365841700e+01 5.751970698241436253e+01 7.430532774336234070e+01 8.433158131930225920e+01 8.886676947816619077e+01 7.433264071222771463e+01 7.325403884502804885e+01 7.927254212060447003e+01 7.805471183829664028e+01 5.934318995554682630e+01 7.805471183829656923e+01 7.275702441898560835e+01 5.220310946917533101e+01 3.864391283974640601e+01 3.371735916183234849e+01 3.984771842274243880e+01 3.926473159346844710e+01 5.951400500025724938e+01 6.952936235333265813e+01 7.459638198804690035e+01 8.001136548738068655e+01 8.843418567620912540e+01 1.001631829805460114e+02 9.729402175185934709e+01
8.327778614586212741e-03 1.155533316240700081e+01 2.569746878613770136e+01 4.569746878613698726e+01 4.204313582575635166e+01 3.567967970240947295e+01 3.564689476985927996e+01 2.980139275800437915e+01 3.237976793326367897e+01 4.079540458139925363e+01 2.495094503608178726e+01 2.804148656724717981e+01 3.966161591594961067e+01 5.655097495609354752e+01 4.597100971337299313e+01 5.597306163266296863e+01 7.011857723186801650e+01 9.019709530428129085e+01 9.489325065515080837e+01 9.380249435368808975e+01 9.984787867965563635e+01 8.854207113839756005e+01 7.976291732979794347e+01 8.838979191459010565e+01 7.874022519810134213e+01 5.822321235126496219e+01 5.822302023771068491e+01 5.402567463174670337e+01 3.437685582867624134e+01 5.455203774225466873e+01 6.759581762764105406e+01 7.237894092045080185e+01 7.957199989252306693e+01 8.796980038772613852e+01 9.812572263758197266e+01 9.718602402613478830e+01 7.781153486997824587e+01
6.510866554257996840e-03 2.000651086655390287e+01 2.387830619660481091e+01 2.584050826180825311e+01 2.203250165245710335e+01 2.153352660440604538e+01 3.218800193481726524e+01 1.563687121032553762e+01 1.817687379319218621e+01 2.078065217401291420e+01 2.744741151964863946e+01 4.747032602783575328e+01 3.292642922055307508e+01 3.649685725098387223e+01 5.655097534562925432e+01 6.820982957349244202e+01 7.398699211874732384e+01 8.066667481109688254e+01 8.900579536119826685e+01 9.905873170403641836e+01 1.079713221999978998e+02 9.779495878176578572e+01 8.936231428412258992e+01 8.261714555682583239e+01 7.680619428960632433e+01 6.467878740830867912e+01 4.424624122441089469e+01 5.481875437747277857e+01 3.485437814773513310e+01 5.503775035698773621e+01 6.326179991969604544e+01 5.210366784415269592e+01 5.922695678601522928e+01 6.940043666927654442e+01 8.974356311576963208e+01 8.888690157855455709e+01 6.970380372683546000e+01
8.953482861371391335e-03 1.933454380160126052e+00 3.866927358251457392e+00 5.837585914580052382e+00 7.889542618750488678e+00 9.986112292196157370e+00 1.218139749201299260e+01 1.772840235065930514e+01 3.773534448738288205e+01 3.491702900911494112e+01 4.746918359379849761e+01 3.899849395511406414e+01 5.300587461378101750e+01 5.655097534562925432e+01 4.302935104237858610e+01 4.820601114104957219e+01 5.397431401481672708e+01 6.062762673404825620e+01 7.062473386860624203e+01 9.070861575358755147e+01 9.955953632527614161e+01 7.926453829305425813e+01 6.915658726866857364e+01 6.240382789316623047e+01 5.659297095234719421e+01 5.143748916675581739e+01 5.819342919975638750e+01 3.690845696156402767e+01 3.533569837207267028e+01 4.579355069778428344e+01 4.324962727315752886e+01 5.736564399442880102e+01 7.766628180469058407e+01 8.796980038772618116e+01 9.812572263758202951e+01 8.831700030030488335e+01 6.904511947832318697e+01
