LEM/sinusoidal_perturbations/elevation_000838.asc
nrows	100
cellsize	150.0
xllcorner	0
ncols	100
yllcorner	0
NODATA_value	-9999
[rows 34 to 50 of 100, columns 37 to 73 of 100]
3.304813063505706339e+01 5.276974577571031944e+01 6.237381829518258769e+01 7.064867184956912638e+01 7.789039042712775540e+01 5.815057345308034797e+01 4.412786161012891029e+01 5.693032976228359132e+01 6.360786346294843696e+01 4.765227253454938960e+01 3.718747500180329268e+01 2.837645342173113150e+01 4.774426500233641235e+01 5.781698666399351083e+01 5.536795466694294277e+01 6.110521432485387550e+01 7.075935774365773057e+01 5.294235957372601575e+01 7.075935780798974406e+01 8.158097381473398002e+01 6.620606032594405121e+01 6.971934854814912796e+01 8.949413770442255611e+01 9.306993350993852232e+01 8.473465669405347001e+01 8.443209976157541519e+01 6.445461222907702847e+01 5.311422913751223973e+01 6.147398403019093394e+01 4.300786429382895903e+01 6.263743204357682970e+01 6.405159103675408971e+01 4.648204027849877207e+01 5.115520634198533401e+01 5.755549242692865874e+01 5.809389564564819608e+01 3.959062674214860778e+01
3.497490472642952142e+01 4.674784662626101550e+01 6.309123985884654218e+01 7.863845664677184288e+01 8.004578970684980277e+01 6.031079252815712266e+01 5.042113742775782725e+01 7.018077943510459704e+01 6.481673591933505918e+01 6.311251395630672789e+01 5.573414459574809854e+01 4.834861782990560641e+01 2.976505386943964737e+01 4.967033708353608290e+01 4.164634872220694461e+01 5.354450799901859170e+01 5.469916965337885273e+01 4.332975483389697047e+01 6.264797008282102553e+01 7.334767495478786259e+01 5.408509506594852212e+01 7.198468525895538050e+01 7.790816369416670284e+01 8.492245375094221060e+01 9.321436523800799989e+01 9.276353377959969748e+01 8.120646219752464390e+01 7.289809006050063545e+01 6.615863048112935019e+01 4.654849793959333937e+01 6.607093474372311448e+01 7.495915068318787178e+01 6.044216061755513181e+01 7.086158769724580964e+01 6.787192814398116525e+01 4.829136352240341523e+01 5.900841199712246521e+01
3.801410206071179232e+01 4.380958437898424762e+01 5.030723994885497774e+01 7.021857444500132317e+01 8.820690719072521802e+01 7.715792883793814383e+01 5.742357021355707047e+01 7.715792883793814383e+01 8.228903378645303235e+01 7.440637089952198835e+01 6.115090892124909772e+01 5.124228294231534875e+01 3.151033261712141353e+01 3.147554881964521911e+01 3.269124413448778910e+01 3.391684297008655591e+01 3.515076350438997821e+01 3.637619407964943719e+01 5.585587488754651275e+01 6.118612526750347769e+01 4.752511217311628400e+01 5.255551362645182678e+01 5.826223321236756192e+01 6.508304549352047275e+01 7.648184126745336187e+01 9.645254482688829967e+01 8.378390223576447227e+01 6.381039425582012825e+01 5.250684934349680333e+01 6.615864962015892559e+01 5.776839536093459060e+01 7.762000374489032595e+01 8.148862651973064430e+01 7.815778155388954929e+01 5.867158839206927468e+01 6.787193566595573202e+01 6.657509563124253305e+01
4.105356363359797456e+01 6.064055910309006237e+01 7.018933624434136220e+01 6.425021336314047460e+01 8.462747271396929705e+01 8.531888441261330058e+01 6.882307706669269010e+01 8.531888441261330058e+01 7.276835119186532097e+01 6.376245975760184592e+01 4.778821020283669441e+01 3.399047710003108591e+01 5.124228302743000540e+01 5.126982767556430787e+01 5.240294507669863577e+01 4.146243660989210156e+01 5.469916965174122225e+01 5.585589997326424339e+01 3.811186020220117854e+01 4.189884494355386124e+01 6.118753296317572676e+01 7.198469277911814856e+01 7.790816369416670284e+01 8.492245375094221060e+01 9.321436523800799989e+01 1.047580991994684325e+02 9.211220566863809722e+01 7.707208794935846186e+01 5.719913754613995849e+01 7.707208794935846186e+01 6.915701187561828078e+01 8.593740035448105630e+01 9.237539160849304665e+01 7.258349519268608674e+01 7.838041354523464577e+01 7.640776198674346631e+01 6.447684941190435381e+01
4.413819342228052278e+01 6.375363886835412330e+01 7.707045298870592376e+01 8.462747271396929705e+01 9.302682680322195097e+01 9.669930806034953719e+01 8.854354809423733741e+01 7.846446509611790532e+01 5.883814562847052798e+01 4.522416868833309422e+01 3.650504201653451730e+01 5.355615766249492538e+01 4.785702023745120215e+01 6.731514499099664306e+01 5.728737141274933009e+01 5.515202396290678877e+01 6.906196263702389615e+01 5.875978491696791650e+01 3.939211853330037627e+01 5.875197237441851428e+01 6.932020864430496943e+01 7.502024493837051011e+01 7.980753856618520103e+01 8.809555686136003771e+01 1.020826029133895076e+02 1.104048099252794941e+02 9.345455114522410156e+01 7.339021336532621831e+01 6.373391890917208258e+01 7.707201986380866288e+01 8.918078077997024877e+01 9.751699519194833954e+01 1.005594854000099616e+02 9.237539946530068846e+01 8.037791192387410888e+01 6.812803689085106384e+01 4.846714256290056255e+01
5.280869185437560986e+01 4.904960909606933939e+01 6.876011148046593746e+01 8.249356688482062339e+01 9.408726372051407338e+01 1.021864514578604428e+02 9.070491607202507112e+01 8.184846977506046528e+01 7.271541906723531667e+01 5.764575175812656482e+01 3.830162740547920208e+01 5.764573489931337491e+01 6.731514179624132055e+01 7.552173184479600820e+01 7.109047431218239410e+01 7.472863045842012752e+01 7.515179836382569079e+01 6.000361984104686286e+01 4.066802899536194360e+01 6.000310853040310377e+01 6.866672217083159069e+01 5.543950634079660489e+01 6.006902127785880197e+01 7.980753856618520103e+01 8.207655082979498218e+01 1.020826029133895076e+02 1.017896389569644242e+02 9.084336485643208903e+01 7.075533126393089844e+01 9.084336485643208903e+01 1.054766345278125499e+02 1.065023172204393802e+02 9.895117797108046886e+01 8.477886065363315993e+01 7.208386793628385192e+01 5.230471270911918680e+01 6.812483978140025442e+01
6.415165851950929721e+01 6.876011148046593746e+01 5.431424047490985885e+01 6.568862224054504395e+01 8.573680835096871533e+01 9.393688293088459318e+01 7.402135357870179178e+01 6.267459355669423360e+01 5.405907586054652114e+01 4.687399417014923841e+01 4.009049789581123946e+01 5.937178266014581851e+01 7.105033052390065507e+01 7.932277654687143809e+01 9.091656872368859865e+01 8.061929446627711116e+01 6.130956634250529191e+01 4.829010236632428388e+01 4.194261960284352142e+01 6.125384664260545264e+01 4.928587295944157631e+01 6.288519205866834483e+01 7.980753856618520103e+01 6.802514484965135466e+01 7.688530870144786888e+01 8.841352801126163286e+01 1.084372218694400374e+02 9.917855535892378782e+01 8.234040541675111058e+01 9.917855535892378782e+01 1.005994754333417660e+02 8.638945672443131230e+01 8.671333583536664946e+01 7.060654333618590783e+01 5.659903167072621244e+01 6.106256550718286746e+01 8.037791192388741024e+01
7.826457054661968016e+01 7.841609603152188868e+01 5.846253583299832002e+01 7.252460830133200886e+01 9.263940561230111825e+01 9.816226702802430282e+01 7.811377908425451722e+01 6.399396820082257165e+01 5.300941047852014520e+01 5.012291169539110314e+01 4.192817157866081601e+01 4.670620898892741479e+01 5.158938480589028330e+01 7.105243010092628708e+01 8.819043784458517621e+01 8.061929441363024296e+01 6.130956634250080839e+01 6.696525475165951491e+01 6.125726593371551587e+01 4.377680754010327036e+01 6.307245489626910029e+01 7.689992316093361069e+01 9.091465426319906840e+01 8.793618782030860359e+01 9.624068037753714577e+01 1.051920616143863043e+02 1.167675375269706421e+02 1.107951604615177388e+02 1.024586234583849773e+02 1.065023172204394228e+02 8.638945672443131230e+01 7.220812417322811427e+01 6.668952834086434223e+01 6.158325163539913660e+01 6.464259563645390472e+01 8.100028890730105502e+01 7.731895797291217320e+01
9.839370096580690017e+01 8.314117250401214676e+01 6.309437081207533993e+01 7.723972704596036465e+01 9.738852216644556847e+01 9.561540215645941032e+01 7.550051211384280236e+01 6.399398664631299027e+01 6.413559710937433067e+01 4.482989409102903267e+01 6.118487074064086784e+01 5.402097775246898692e+01 7.104456724419658542e+01 6.014843060302489874e+01 7.987395100135900350e+01 8.899404690880756164e+01 8.061929441363024296e+01 8.121343483642303340e+01 6.443623694651222422e+01 4.514685496418990596e+01 6.443643411860801962e+01 7.431271208982845167e+01 7.924167879242212109e+01 8.475024281768435230e+01 9.105721194650197958e+01 9.860488638862979371e+01 1.069161504073137365e+02 1.184774413927120804e+02 1.146428440264627397e+02 9.453553071806024377e+01 8.291591724946287911e+01 8.911869909192398609e+01 6.907584146608634512e+01 8.154321097177528088e+01 7.459823125615552897e+01 9.295049970602859446e+01 9.738033882429016330e+01
9.738852216644555426e+01 7.723972704596035044e+01 7.122872677955611209e+01 7.723972704596035044e+01 9.738852216644555426e+01 1.038617080913944761e+02 9.228871911030651631e+01 8.400093583370463080e+01 6.631280206874882310e+01 4.702452019332784516e+01 6.631455184690841520e+01 6.518054361077793146e+01 8.170590707149246157e+01 7.402910520682499396e+01 7.254432948357002431e+01 9.248646480768077538e+01 8.436659755637784031e+01 6.478850771522139951e+01 5.367443113464043591e+01 4.651784027262132781e+01 6.513679298545258689e+01 5.477404104403455420e+01 5.952581198205974999e+01 6.488883277042491216e+01 7.111282436707050181e+01 7.863561683788149992e+01 9.015817771064702413e+01 1.101433050211207814e+02 1.229408911926164620e+02 1.030338812751764692e+02 1.030338812751764550e+02 8.911869909192398609e+01 7.538154759269768590e+01 9.547179229187705118e+01 8.878502643606965705e+01 1.029876886109024525e+02 1.016654765409623025e+02
1.057453097686135095e+02 9.738852216644555426e+01 8.021054730174039094e+01 9.738852216644555426e+01 1.057453097686135095e+02 9.900001549922185973e+01 8.745841306129987913e+01 7.920280954721049227e+01 6.854553624941239320e+01 4.923990744587135282e+01 6.854553624941239320e+01 8.491722426299141091e+01 9.310366467158630144e+01 9.398465698858393580e+01 8.660832699692436165e+01 1.008484054183646634e+02 9.255460416616672603e+01 8.121995914397480476e+01 7.306311040146597691e+01 6.581193086476793042e+01 4.848694956638143339e+01 6.781171801770310026e+01 7.924167879239945478e+01 8.475024281768435230e+01 9.105721194650197958e+01 9.860488638862979371e+01 1.050775948870544454e+02 1.134017526690382169e+02 1.190533366753048341e+02 1.231118130317616277e+02 1.175182428549824323e+02 1.025860247690909688e+02 8.246393665878919421e+01 1.025860247690909688e+02 1.088863630344778386e+02 1.029001341838734476e+02 8.300994215960720624e+01
1.092416389775367094e+02 1.087369664847244479e+02 9.446830185122092871e+01 1.087369664847244479e+02 1.071610563961447156e+02 9.071269275689880374e+01 7.081094083000634498e+01 5.955756429612585379e+01 5.521162424549057590e+01 5.186216665404948145e+01 7.123196302724744555e+01 8.465769144077505359e+01 9.294204602646432534e+01 1.029306013859435751e+02 1.066775448319081789e+02 1.063607634421518782e+02 9.804219992165626252e+01 9.511031515210308385e+01 8.102263278320491224e+01 6.930981953868680989e+01 4.994921710164391015e+01 6.930989223801299204e+01 8.033990227468464695e+01 8.902134670373276037e+01 9.733030620339246752e+01 1.008829529370590450e+02 8.534958471749565945e+01 9.915550388563875117e+01 9.915550388563876538e+01 1.144418720507785565e+02 1.244136256321228018e+02 1.108970665217457707e+02 9.408635690996628398e+01 1.108970665217457707e+02 1.066052475912460835e+02 9.511790266127147220e+01 8.300994215960720624e+01
9.627131530856068764e+01 1.076610542366222631e+02 1.146496179093047374e+02 1.187157760513466229e+02 9.886888107892784205e+01 7.889038144390950436e+01 6.746432695133968593e+01 7.922239950629098360e+01 7.443494654727390980e+01 5.494549221284366780e+01 5.929073693688695812e+01 6.483896405943875152e+01 7.467870047016374713e+01 8.877666960527628248e+01 1.087840620161767049e+02 9.804219992165626252e+01 7.802942740780150643e+01 8.389103276676581800e+01 6.693650551905935231e+01 5.326128766858982999e+01 6.930989223797385534e+01 5.261205641147483902e+01 7.207643912985169266e+01 6.909931752509511682e+01 8.902134670373276037e+01 8.111702463136170138e+01 7.391692945068690790e+01 7.944077864211426743e+01 8.643737999489002277e+01 9.620924732136371915e+01 1.160133063011210766e+02 1.224947405966937737e+02 1.141967869883851705e+02 1.109011678400854350e+02 9.832874306816192700e+01 7.846711401346108516e+01 6.703386915713922178e+01
7.976200555935724879e+01 9.943026379984452490e+01 1.155097052943970368e+02 1.104203638671468326e+02 9.041260877519412986e+01 7.889038144390950436e+01 8.148094822555188443e+01 9.382834515695522271e+01 7.775104888345823895e+01 5.812384940032629288e+01 7.774329986068741505e+01 8.465676496107961668e+01 7.880790002887958678e+01 9.878036581072646527e+01 1.105040354917927914e+02 9.892971800383472214e+01 8.389103276676547694e+01 6.400524097877857344e+01 5.671987692823138616e+01 7.275612504989119600e+01 8.033990247765296999e+01 7.207643912985169266e+01 5.534153077363770734e+01 7.493434477652184000e+01 8.092465617375388831e+01 6.710893746154896178e+01 8.690633099565329189e+01 9.915550388563875117e+01 1.061112768112423907e+02 1.144418720507785565e+02 1.244136256321228018e+02 1.257706110317720913e+02 1.057681839007353375e+02 1.026176147418151885e+02 8.273093490301589270e+01 7.131641747371591578e+01 8.686162618688589987e+01
8.954472700679809805e+01 8.766671498468515722e+01 1.015882101395410899e+02 1.154326840593969905e+02 1.071610563961447014e+02 9.886888107892784205e+01 1.014655034665570668e+02 8.555297355545572202e+01 6.568430869970337938e+01 6.492388119111099343e+01 6.635755297362142358e+01 8.622705600068111664e+01 9.878036581072646527e+01 1.070761920240491349e+02 1.021820458141330903e+02 8.215286352842942108e+01 7.062952479585273124e+01 6.183294440983716100e+01 6.069028018547916759e+01 8.050697684595367321e+01 8.903098805574072117e+01 6.909985718110338837e+01 7.485400679791428047e+01 5.826623840440699098e+01 6.107682122865599439e+01 6.521995624462425667e+01 8.518019293470671016e+01 9.999469542805509548e+01 1.016978422513135314e+02 1.217724417912019419e+02 1.272756829589779528e+02 1.157214230829333843e+02 1.057681839007353375e+02 8.585098284200583407e+01 7.598139597965149505e+01 9.113603478359654275e+01 9.113603478359654275e+01
8.212144357805171069e+01 7.383929341198627583e+01 8.766614913081171778e+01 1.031347217250944936e+02 1.035157179481718828e+02 1.118460563582508200e+02 1.018742886249006574e+02 8.187356386143768816e+01 7.312101508018588447e+01 7.235121123964003687e+01 8.622705600068111664e+01 7.623446921227186124e+01 9.621964278909044310e+01 1.128560507203408605e+02 1.028312661023515204e+02 8.784251562374612377e+01 6.787040439483489251e+01 8.167898828687317803e+01 6.492086209085859139e+01 8.485751011648183351e+01 9.734996193212332116e+01 8.902609796121694785e+01 7.544438739649487502e+01 6.144903236289960091e+01 8.092465617375388831e+01 8.518019293470671016e+01 7.165004310379906372e+01 8.165851358771334390e+01 1.016978422513135314e+02 1.201323052338088218e+02 1.189806789667661064e+02 9.897364190715421728e+01 8.748409028378482333e+01 8.179197266313211401e+01 9.580958337137060710e+01 8.653642410242369465e+01 1.064582440544266291e+02
6.259942088726390352e+01 7.997181460346118342e+01 8.457473112867128862e+01 8.369022789695324605e+01 8.371605558555464199e+01 1.035309210324082585e+02 1.101911548784613188e+02 1.013719652276800360e+02 8.203051360263604863e+01 8.125705484617259344e+01 1.006053863556273598e+02 8.515422829755947021e+01 1.045327600674512638e+02 1.045325391753510615e+02 8.450167798708167766e+01 7.449332970880570315e+01 8.784251562374612377e+01 8.944731106792474407e+01 6.944083254962315266e+01 8.098015223042426669e+01 1.010136651378284824e+02 1.037211569843250771e+02 8.478160232612282243e+01 6.482697465240681822e+01 8.478160232612282243e+01 9.999469542807371170e+01 9.167817791951354423e+01 8.018342176521795750e+01 9.175294251965878800e+01 1.117936551874714297e+02 1.189806789667661064e+02 9.897364190715421728e+01 1.074296107347122984e+02 8.803048440536932162e+01 1.079806225517273361e+02 9.646388563583224141e+01 1.147472867012344580e+02
